"","V1","V2","V3","V4","V5","V6","V7","V8","V9","best$classification"
"19812",0.985275010380932,0.00708554722621896,0.000207488737965002,0.00557390945111938,0.00176451330073769,5.07354046187596e-19,6.29937998839871e-05,4.37151172954772e-31,3.05371031433625e-05,1
"19814",0.0314922851985683,0.000733049229302468,0.0125698647946411,1.04985212239676e-05,7.17751884886708e-07,0.955193510104523,1.66834290534927e-08,4.71322184376289e-08,1.05842082925351e-08,6
"19816",0.0918847619037478,0.003138126755701,4.4569242813742e-27,8.68284832516053e-08,0.904970502026723,1.21032320315628e-37,1.12494705521684e-08,1.01370051047164e-29,6.51123587460537e-06,5
"19818",0.966875441733105,0.0281763037439526,2.50677379641673e-07,1.3348222118832e-05,0.00492396946228475,5.46818557462185e-06,3.53816608776104e-08,2.56905913448281e-10,5.18233701798198e-06,1
"19820",3.96349898650478e-10,0.0020629480573715,5.7104653720722e-146,2.52221043092415e-06,0.997934526875568,1.0411529720448e-146,2.46027977835777e-09,1.17348588567781e-64,1.51573584437686e-26,5
"19822",1.84058381798955e-11,0.742489063465215,4.82295678395002e-176,1.21378051767841e-07,2.24935159002675e-05,2.10489039325697e-187,0.257488321622428,4.59575572076702e-49,3.94178719690522e-29,2
"19824",3.34844140032237e-10,0.575366743795549,1.70757854794091e-62,7.08108789320037e-11,0.42463246211551,2.27875385694838e-94,7.93679619465604e-07,2.54486328887063e-22,3.66602135349387e-12,2
"19826",0.868255599143315,0.0624726324278793,0.00310676585249042,3.75391865800455e-09,4.12210069260947e-05,2.8535833202549e-20,0.000533289375858213,1.59372161427808e-20,0.0655904884396128,1
"19828",0.000664329325028831,0.00880892557083055,3.45832493942517e-66,0.00154157409202498,0.988985170666609,3.98140031826941e-60,3.45506277900672e-10,2.99213431458251e-35,3.00449857540159e-18,5
"19830",0.972206139826199,1.9479845680558e-06,0.00013857095006779,6.93184518386666e-05,1.15980936429784e-14,8.19044563235313e-20,0.027571700246548,1.02175436422467e-24,1.23225407670231e-05,1
"19832",0.00289667990278277,0.0110406461545325,1.60517603459354e-19,0.985979266291625,7.41245627087502e-05,2.91263070613074e-49,9.28308835092024e-06,2.72915699415297e-64,2.22173585668838e-25,4
"19834",0.847275963052741,0.112627551115322,6.68131397353261e-42,0.00088239310760939,0.0391840895889752,5.61996481052547e-41,3.00031353521936e-05,1.83219004779756e-29,2.79466868625485e-18,1
"19836",0.864436831415678,0.0489734280160118,8.63758986112987e-18,5.66357452870089e-06,0.00673164054344288,3.61049086949148e-41,4.27660317741582e-05,6.51576603284198e-48,0.0798096704185648,1
"19838",0.0160820386164813,9.74253375645556e-07,0.983833347600358,7.42384762274293e-05,1.07146782466611e-14,1.06630014867534e-06,8.3310049873198e-06,1.69865191904552e-16,3.74841032426652e-09,3
"19840",0.686420172177739,0.253387981489937,1.40169114952361e-26,4.30690246802631e-08,0.0601858908634029,1.54026905935463e-38,1.62493510638364e-06,3.80195615124331e-41,4.28746479053234e-06,1
"19842",5.07413873433244e-05,1.76324816785755e-08,0.00272831119835687,4.57718308670406e-15,2.95455063314992e-29,5.2555187070015e-31,0.00592721948577169,5.14205731731951e-31,0.991293710296042,9
"19844",3.36389084758434e-19,0.000443180041605278,6.06732630259589e-70,9.76208025283367e-27,4.42078750195952e-24,2.31320605542174e-53,0.00677924752899858,0.992777570564236,1.86516031497984e-09,8
"19846",0.000169348619484142,1.53679344801642e-06,0.0906720638756882,2.80783952131263e-14,4.46785534453402e-20,0.897212587947599,2.81727567087877e-05,3.10652686270047e-05,0.0118852247384167,6
"19848",0.000543342040155302,2.21628818188955e-06,0.000120183754774166,4.19575108300007e-11,2.09075088722987e-17,0.992253989054182,8.09153688947815e-06,0.00702911878259037,4.30585012692813e-05,6
"19850",0.0152298410715341,0.0055376737827137,0.0172715819846254,2.64171595549391e-09,4.4643957708414e-12,0.961870587716551,8.70164501125975e-05,2.4321798777357e-06,8.6416840508378e-07,6
"19852",0.319260774191749,0.00787965302767214,8.41952579798704e-12,1.6004915253776e-05,0.672843495355218,4.34414969083525e-17,1.90218589132363e-08,1.2331377191532e-15,5.34798264905335e-08,5
"19854",8.65624793463573e-05,9.73904812506763e-08,1.22534686753509e-06,2.78983747006126e-09,2.89941321969392e-18,0.99989248782728,3.23935591456527e-07,1.91609099459765e-05,1.39320649421488e-07,6
"19856",8.31005729836028e-06,0.51589385660566,1.98864730592719e-24,9.73624260836818e-17,3.47095241069709e-16,9.33537287642351e-48,0.483096261180756,0.00100143121744353,1.40938841896686e-07,2
"19858",3.01353420379206e-10,0.949339961981517,3.81057027745423e-60,1.85290788142579e-15,5.9935541045108e-08,5.52095759668848e-56,0.0505448730032944,0.000115104778152509,1.39963211212215e-13,2
"19860",0.535631599651246,0.0666733136358115,5.36609433885803e-07,0.000127355543386721,0.397567090929455,2.05545283788609e-14,1.48492162647202e-08,2.53567773312606e-26,8.87814305212814e-08,1
"19862",0.000316581929700172,9.64331087738377e-08,0.943514119776583,2.89495192984771e-12,4.47469574890961e-23,1.89198391533212e-13,6.0793120973534e-05,1.14949922498384e-18,0.0561084087365505,3
"19864",1.17796421696323e-18,3.14804114280263e-06,1.10497896826102e-96,1.9541009522529e-24,4.91908701346924e-31,4.86017536368886e-113,0.211660923372893,8.33033260407385e-54,0.788335928585964,9
"19866",0.0925903912180231,0.814743785312564,1.23004028885353e-52,5.44102728346874e-13,0.0920235499569945,2.10511323957174e-88,0.000422666117011796,4.05662389054858e-47,0.000219607394862726,2
"19868",1.31763368414293e-18,1.28265783629131e-18,1.86366662748194e-100,0.00231867983217028,1.4307102157264e-47,4.84532408274966e-111,0.99768132016783,1.72224089343986e-56,1.52905606122355e-42,7
"19870",0.561395963727717,0.00205316193085951,0.360977392591722,1.37686702193003e-06,4.19554588128769e-10,0.00161445122328824,5.37932242389051e-06,2.63487952542099e-15,0.0739522739174101,1
"19873",0.877670435473853,0.119590519697478,7.31359859777262e-05,3.94669445374429e-07,0.000479342679418131,2.07652815565081e-11,1.38229280463995e-08,1.13451040828038e-21,0.00218615765013442,1
"19875",0.00597198619012788,0.0216851025590167,6.13909683064614e-34,0.00215627193431256,0.970186639311207,8.40858557124442e-51,5.33573265639849e-12,6.28861612957258e-53,7.17745697267345e-19,5
"19877",0.985562846305071,0.00910631053118222,0.00178677213697467,2.25644836591356e-06,0.000337150319950894,0.00037926121029574,0.000197968911938631,5.21964590188919e-10,0.00262743361425632,1
"19879",0.961321245919642,0.0345800808759368,1.33698475870853e-21,1.71331255515505e-06,0.00394622182164601,4.39223730020983e-28,0.000147885482891383,7.93701427669191e-12,2.85257939209945e-06,1
"19881",0.542620086579843,0.236724558014193,2.84875964856111e-08,2.17926456134009e-11,9.847548650693e-07,4.1457434008671e-19,0.00448932305893438,7.09144189626084e-15,0.216165019082769,1
"19883",0.0605300263245508,0.00680659241779595,9.96612150844e-05,3.43589862226591e-12,1.20524411125212e-09,5.62059005888326e-20,0.000259013467956271,6.82850503289429e-24,0.932304705365933,9
"19899",0.994586643400488,0.00383850826951855,5.23913164578319e-29,1.51260992613202e-05,3.4570144230443e-06,8.96999938670707e-42,0.00155615072751494,1.5993574988232e-36,1.14488794094109e-07,1
"19908",3.58822807440351e-08,1.31507457047806e-05,1.37322210252002e-92,4.90125012183197e-18,6.32141371747332e-25,3.75608272872208e-143,0.999986813371975,8.42264665486705e-48,3.93285411845993e-14,7
"19910",0.634034294885893,0.0132544424238811,3.04315422078219e-08,3.60701558859033e-06,0.3524452812435,1.25715151277117e-17,8.00091810252844e-08,6.85647241554861e-15,0.00026226399040691,1
"19912",0.00288486240318912,8.09330705034081e-08,0.00587847067192782,6.57243345634741e-16,4.46164656890572e-27,5.48723203160789e-20,0.0225094919662585,1.9586102290364e-19,0.968727094025553,9
"19914",0.942441029454006,0.0394477398091809,1.4041808117322e-17,5.32213910918618e-06,0.0154442888458216,1.15877004175162e-31,0.00266159061758959,1.20787350518e-14,2.91342805526142e-08,1
"19916",1.84029300722413e-14,0.980790328532947,8.58418318511133e-97,6.26613196652974e-21,6.86618721498872e-07,7.82773393472475e-132,0.0192086884212956,1.17021731920859e-36,2.96427016934099e-07,2
"19918",0.176879783399337,0.0360030567347729,0.221553116328717,5.02626213467634e-13,3.2174594524178e-08,0.0733121148384832,0.000286119242591679,0.00461201171626178,0.48735376556474,9
"19920",0.00189145613351916,0.000186059830672375,5.89429921045809e-06,2.63259867235522e-15,2.23823962688926e-15,3.32973354274257e-06,7.8745552121634e-05,0.997751283950954,8.323049997505e-05,8
"19922",8.70148951372301e-08,2.33262995294173e-06,4.74996525000684e-20,0.999993508599667,3.18461803172488e-11,5.5803656999167e-42,4.07172363847621e-06,2.03566461907233e-60,2.10013882170211e-26,4
"19924",0.947414077165512,0.0390169730040097,6.15829914283769e-07,5.71115738360277e-09,6.88605439153778e-05,9.95854292649737e-10,0.00122358525696354,0.00341206309299466,0.00886381839967829,1
"19926",0.951498496174506,0.0103408766710969,8.85867067254302e-34,9.13059762184151e-05,3.30231638033694e-05,1.7950194899292e-67,0.0379835674106147,7.87915952827212e-45,5.27306037603756e-05,1
"19928",2.43339498580452e-26,7.13320577428886e-13,1.35640895198515e-78,6.16510253573109e-31,9.07805560428056e-51,1.67934209910206e-111,0.078005352369583,8.75784514869895e-50,0.921994647629704,9
"19930",0.0418434681645706,0.000188507861627434,0.95790770359954,2.29313067559277e-05,4.34508900967825e-07,1.74373529661497e-05,1.67195050273263e-08,6.96546649578825e-20,1.95004861339674e-05,3
"19932",0.00937521064399434,3.36103825059302e-06,0.988559541967349,2.772129906897e-06,9.98797036205907e-14,0.00205545988530593,1.58608238550337e-06,3.28609508313164e-11,2.06821984701039e-06,3
"19934",0.26549426209901,0.224776139031678,5.64464772314863e-36,0.000555604869729855,0.509132237526572,3.36761560392949e-42,4.17564730079342e-05,2.32581064021077e-20,2.29427304987816e-15,5
"19936",0.994988493000195,0.00292438538143846,6.35240263639799e-07,0.000814825705681872,4.28339667543448e-06,8.75938633041548e-16,0.00126644839378249,3.54735159552959e-19,9.28881962789965e-07,1
"19938",0.00129490804470735,0.939540423022508,1.25989753619829e-90,8.64517304480379e-11,0.00199003391370249,2.93032460662613e-139,0.0571746349325615,2.89754814014298e-23,6.88176373495322e-14,2
"19940",0.734993332271428,0.061062906373716,6.41186478311172e-08,8.48290402241723e-09,0.00571307379576127,8.67538540225101e-19,7.29389896326585e-06,3.08042310711478e-15,0.198223321058577,1
"19942",3.02579775897361e-14,3.05361528601968e-08,4.68071964779975e-58,3.9749497924472e-30,5.61385274407932e-34,1.4783135708925e-93,0.0387226470007514,2.47048900061441e-46,0.961277322463065,9
"19944",0.431647255661889,0.0391101416270993,1.50223109638372e-12,5.83704854008029e-08,0.527088401649058,1.55031966471219e-34,2.23350245076399e-05,4.07668979061234e-18,0.00213180766545796,5
"19946",0.829651354273258,0.0639828982213426,6.65538497782194e-08,3.50352080508695e-08,0.106321296267543,2.05218732787559e-14,2.02700775548107e-05,8.14685290616286e-08,2.39981026937405e-05,1
"19948",3.94535426111644e-16,3.75998041007501e-07,2.37113867857108e-36,9.42586781190692e-26,4.03789151055147e-31,1.86698431988783e-64,0.000569250198575404,3.13278634971706e-44,0.999430373803383,9
"19950",7.99816209821703e-08,2.06851117607496e-06,7.77817641565336e-17,9.48897930453874e-16,7.47660802298218e-25,2.07159845286031e-21,0.000194128394145519,0.999803722590206,5.22850846205064e-10,8
"19952",3.94535426111644e-16,3.75998041007501e-07,2.37113867857108e-36,9.42586781190692e-26,4.03789151055147e-31,1.86698431988783e-64,0.000569250198575404,3.13278634971706e-44,0.999430373803383,9
"19954",0.0190691236356609,4.02116430285331e-05,0.977622245264663,1.72276216924081e-06,6.8757853800385e-10,0.00317246545396044,1.40883992526505e-07,1.93863180645116e-13,9.40896687536562e-05,3
"19956",0.000420046488218733,1.94080980002643e-10,5.02988336509542e-14,1.80213854694926e-15,3.62646371131655e-36,1.34385535616217e-23,0.99957874875429,1.28678606498903e-10,1.20443467923664e-06,7
"19958",6.4007569891219e-24,1.27537371090086e-12,2.50171645078791e-52,0.99431717695738,2.26782483860023e-29,4.43132581654512e-72,0.00568282304134435,1.46826829265205e-55,2.94604701697594e-43,4
"19962",0.00174246077239467,0.989285460467467,1.00611088212619e-17,7.87070017094498e-09,2.09008276612825e-06,2.02437610723326e-35,0.00896997086005752,9.89625798751296e-09,5.03561295976404e-11,2
"19964",0.248025310495308,0.398144483953115,5.07502246489969e-17,4.62769618930321e-09,0.000249334932339639,1.80941083073344e-17,0.00486754222204876,9.88156726102988e-12,0.348713323759611,2
"19966",0.000120474204640518,0.969203427034073,2.50616902555421e-115,1.19798933184003e-12,0.00191708359191044,1.94761131940198e-135,0.0287579291932936,1.37555254744175e-59,1.08597488409978e-06,2
"19969",0.866700492685063,0.00443900148465732,0.00624874720134509,3.31067346759808e-08,3.837069422177e-10,1.58339428310797e-18,0.000120346462354224,2.43992454169196e-32,0.122491378676139,1
"19972",0.0113470862250452,0.000799065881823487,9.25722891144634e-08,6.08158716157595e-13,2.18728484156981e-15,5.06892317530655e-11,0.000313853307074281,2.01872538573455e-09,0.987539899943743,9
"19974",1.88468331500465e-07,9.03086215376765e-08,2.3219473043712e-05,5.67443115207099e-22,3.67692985744967e-31,0.00496699578814701,0.00113341511329736,0.0210477990143279,0.972828291834231,9
"19976",0.973548963355164,0.0252414098714749,6.36730805513626e-07,6.96804603823378e-09,0.000154791010552861,2.33490780525612e-08,1.39965695153993e-05,1.48099355152622e-06,0.00103869115181152,1
"19978",0.132687725026355,0.00885760522567502,5.74817569155045e-16,1.5778455931623e-08,0.858169842362893,1.39046977165162e-18,1.51198173084875e-08,9.75971900374927e-19,0.000284796486803937,5
"19980",0.000118610861960879,1.82557482130158e-07,0.000148646710250325,4.46434461077213e-11,1.03548319884768e-19,0.996645099098709,1.24741843027197e-06,0.00308546056036793,7.52748156413357e-07,6
"19982",0.13814383549086,0.00531878682901764,1.67562034260456e-14,4.88909340365372e-08,1.07856701223147e-15,2.94587594637329e-05,0.150373997874808,0.706132852890055,1.01926484431001e-06,8
"19984",1.46112144217882e-08,0.00840625294590046,4.21213965969469e-29,1.17237538265213e-21,4.32505305605119e-17,3.51493210492878e-44,0.00854142537880118,0.983051685417837,6.21646246932802e-07,8
"19986",4.84852979540685e-05,0.083557456901165,6.35918490672524e-111,8.66567129207592e-07,0.916373587521584,1.52356830220234e-165,1.96037121676273e-05,1.07818039901055e-59,2.22465688158613e-19,5
"19988",5.97632905439691e-10,0.0323911755554938,3.36102136088102e-162,3.46407622980707e-05,0.967574064410329,3.2821009317724e-170,1.18674246422308e-07,6.31201939217543e-72,9.78093169928497e-32,5
"19992",7.76766227995242e-07,0.00918521205714135,8.06449266057133e-104,9.45127227582977e-07,0.990812528578152,4.7471099110256e-139,5.37471251327156e-07,1.23691978516412e-43,2.91384508139559e-30,5
"19994",0.0358111821537761,7.13679134931935e-05,0.963970979543708,0.00012710275313249,5.23001415483654e-07,1.16709839051112e-07,2.81103821954915e-07,2.63243424964875e-21,1.84468208130962e-05,3
"19996",1.41381476207435e-05,0.00115671592630067,3.91063159587759e-89,2.22025904176249e-05,0.998806943135525,1.28784543752926e-106,2.00136276703953e-10,6.64112905144695e-40,2.87089774949367e-24,5
"19998",0.00417026854231195,0.114260496379538,5.06221036408046e-32,6.83059924978956e-19,9.02893071797931e-13,5.40407301057091e-62,0.880768639640925,4.49371286369207e-24,0.00080059543632262,7
"20000",0.0270769285233848,7.8263694024e-11,1.23234084049931e-12,0.000448964114796921,7.49105527640466e-28,1.35441182761667e-41,0.972474107199985,2.24960421050373e-39,8.23369895474698e-11,7
"20003",0.994499758137728,0.00247850878198449,1.43401744634658e-05,0.00131498449596457,1.92784688131432e-05,1.14546116341799e-24,5.88555737542067e-05,2.79295316884526e-39,0.00161427436729176,1
"20005",0.00111534323449309,2.31472282588374e-06,1.94739636667857e-06,8.30619937086676e-12,3.53096292555164e-20,0.943173226998077,5.95691616458973e-05,0.0540636864073169,0.00158391207096827,6
"20007",0.927704566311102,0.0699468718347829,2.73706838704406e-26,5.21714016085266e-05,0.0022957900398975,1.87629890293432e-26,6.00407671467113e-07,1.87677130042236e-26,4.93738806662284e-12,1
"20009",6.33320591759755e-10,0.995298473085589,7.39288141735807e-91,6.94616520700095e-14,7.36543960661646e-05,1.17462577661215e-128,0.00462787188223041,1.45959570414216e-25,2.7246038167624e-12,2
"20011",0.742532475365439,0.0188758498854086,2.01962969995414e-07,4.25654299560095e-10,2.86538353082915e-10,2.13056347493567e-15,0.000199237828106961,1.27918075788261e-10,0.238392234117963,1
"20013",0.831750497824106,0.00458149094546318,0.0240908152999125,2.21378195714052e-08,1.30788218790942e-08,0.00495635580224312,0.00318505998416571,0.131382551009526,5.31939179411055e-05,1
"20016",1.01497537902896e-07,0.961210527456172,1.36857508318399e-132,2.92107621935154e-08,0.0357936786836234,5.14232219385512e-165,0.00299566315190476,4.27438527521553e-41,2.06780563265534e-24,2
"20018",3.86060466574187e-36,4.47809347951862e-05,7.71109915647942e-224,0.99507005377436,5.02083778777872e-14,9.44435896282979e-286,0.00488516529079493,4.16972176399847e-133,3.62959455800117e-67,4
"20021",0.00175685339016033,0.00476766044649759,1.96236276642146e-28,0.00134250758818891,0.992132978574385,9.8826046560337e-46,7.29660514501567e-13,8.79487886226774e-59,3.83913313381183e-14,5
"20023",0.337746754193293,0.144375561862976,2.80282011551899e-21,2.1801935331229e-06,0.516772381477352,1.75162517331474e-49,0.00110310557251775,6.62322584446224e-15,1.67003215342399e-08,5
"20025",1.34240554623998e-18,0.126865142004848,2.21721135783192e-130,0.873134766206234,9.16307666384848e-08,1.90273782139113e-154,1.58150853333265e-10,5.89495688429303e-119,3.05890395378205e-49,4
"20027",0.056041635489624,1.99289255919007e-06,0.00179739295977764,3.721656715875e-10,2.44293987175147e-18,8.88749082072228e-27,0.00272422009149319,8.25679773633644e-33,0.93943475819438,9
"20029",0.0474232610057359,0.000739217688484859,0.00356956132642913,6.27942037917836e-14,3.22186489888808e-16,3.87842413233063e-10,0.00456301805362712,1.04354051509242e-16,0.943704941537817,9
"20032",0.0058547381609523,1.67816801842421e-06,0.990507933001728,3.71968718005086e-07,2.46675917419126e-14,3.67605887072221e-14,2.37966920453854e-05,4.8482693781153e-25,0.00361148200847681,3
"20034",8.24951257726328e-12,2.97075662985578e-06,8.5403311590959e-25,1.8694030765447e-19,9.21742068303697e-25,1.14688800152392e-62,0.000698235125040185,3.74765732301808e-46,0.99929879411008,9
"20036",0.237064323199123,0.0142503653986441,1.34005249723752e-21,2.56796358376e-13,1.03297684811235e-12,2.9002616296625e-37,0.74868531077389,2.79214557107255e-12,6.24261167547999e-10,7
"20038",0.0589873648515804,0.0425326431475585,3.7775163190612e-75,0.018037332585132,0.880439306935329,1.23285985227238e-96,3.35248040026737e-06,1.53608395692535e-66,5.28317942630955e-20,5
"20040",3.65400276489721e-20,0.990384000049721,2.20851403683251e-153,4.09327891798578e-09,1.90109203575095e-05,1.11712211744714e-220,0.00959698493664263,1.47434724295226e-59,1.27319292459003e-22,2
"20043",0.000973193742429124,0.0190674759427632,4.64182683684458e-38,0.00585001828462208,0.974109312015176,1.33801106925764e-52,1.50095309699628e-11,3.13692349033143e-42,1.23179303442306e-23,5
"20045",3.49630315516777e-14,0.0524722926537817,5.11190411636144e-158,0.00158994965072906,0.945935860183729,4.25200542758511e-176,1.89751172562351e-06,4.10661080597112e-54,7.30913799448755e-41,5
"20048",3.19068832442143e-15,3.63251537124746e-07,1.15588984344654e-47,1.42124777716914e-21,3.20538632979749e-30,8.00120038125275e-18,0.00196621851100428,0.998033418236649,8.06348312080967e-13,8
"20051",0.0379927015380788,0.924517403888636,4.82133875704311e-18,0.0357962501525157,0.00169335283858001,4.15117202538878e-16,2.91582188769035e-07,3.20024787896365e-24,8.03525460701812e-25,2
"20053",0.0892501456048151,0.289828413435968,4.33083747681677e-27,4.01153883323996e-09,0.620892939433828,2.62151839199997e-80,2.83445987388923e-05,9.9820708680725e-16,1.5291511061587e-07,5
"20055",0.654918549907929,0.017506347774192,1.19369226858026e-66,0.327267233312137,3.85326997886833e-05,1.65907524419952e-82,0.000269336305953251,1.65822610049812e-82,1.78590627083054e-16,1
"20057",4.59940193900861e-39,6.67065810886255e-27,1.03009003268692e-105,5.41692440938624e-05,9.71077848542301e-67,4.37507157735685e-121,0.999945830755906,3.46106660373219e-68,4.43210594736903e-41,7
"20059",0.00362860734580354,0.627802603503964,1.25354638428959e-37,2.27697496149814e-05,0.366750209082374,1.23757848161048e-75,0.00179580612654728,2.07086454828508e-29,4.19169639216689e-09,2
"20061",0.375540909148959,0.163180475041274,4.9119028085544e-24,5.35662672829547e-06,0.461272905537066,2.35781575412189e-34,3.23525486941451e-07,3.51885088658651e-32,3.0120485573777e-08,5
"20063",1.24755142869123e-29,0.0211356145837738,1.8178301498674e-137,7.20356895861546e-25,2.2325522309969e-22,2.53040876092439e-149,0.978864385416222,4.12672448334489e-15,1.16810023230644e-22,7
"20065",2.91901088278321e-13,0.00251986715186729,5.19087529697239e-127,0.997280727548491,0.00019938411474404,1.00552855273205e-156,2.11846056815572e-08,4.26644943550898e-131,1.65732541164501e-52,4
"20067",2.5464239572467e-06,0.149770586440877,7.46514199763537e-66,0.000894972321427622,0.849314011475725,2.70430167571358e-105,1.78833380135724e-05,3.56269113552084e-20,1.33701775249835e-31,5
"20069",0.000846878900812047,2.63537121055016e-06,0.000111999552661228,3.27057858900866e-10,1.64272937614323e-18,0.765422046932811,1.6743125165591e-05,0.233599277683627,4.18106654882718e-07,6
"20071",0.621860036044354,0.0038673430050214,5.13589842391336e-52,1.42025772083869e-13,5.74457555549298e-10,1.27070818597578e-65,0.374272427058486,9.09923431098025e-35,1.93317538534634e-07,1
"20073",0.00036792861607426,0.381066176206984,2.30466460788615e-09,1.17868633508465e-13,1.68815491077407e-08,1.65926636007575e-16,0.000692930581883831,0.616622817083641,0.00125012832508526,8
"20075",1.61886464723799e-15,1.08161770601565e-17,9.64960244055722e-83,0.393328364533877,1.18496241829812e-38,2.5298049296571e-101,0.606671635466122,1.01075728853206e-75,1.39744916351877e-43,7
"20077",0.108516458232866,0.0244148857257486,3.7828790694313e-38,7.42179178589782e-11,0.866832719392692,4.55980816479821e-55,0.000235936553201385,1.1053464787725e-15,2.12733299490772e-11,5
"20079",1.3720844435855e-08,0.999967008082331,5.92083271512895e-44,1.94457326056011e-09,1.37352539991046e-08,4.89200096865071e-41,3.29625169969488e-05,9.86627198750789e-17,2.34891635451334e-23,2
"20081",0.0369982775698034,0.0879926316578922,7.12079173764605e-52,0.841881318686595,0.0331102244627524,4.55216127225897e-57,1.75476229569693e-05,3.65772588542973e-35,2.72475385471985e-26,4
"20083",9.02017211217743e-08,0.00180808145803599,2.13833092802032e-61,1.60102156826022e-21,2.20764620444533e-22,3.15942397343334e-79,0.998191826178625,2.07361434362165e-09,8.80038718130989e-11,7
"20085",2.58603488608858e-10,0.0100115818881718,7.97160984233925e-147,0.00149276513484924,0.988495636069389,3.11314739660552e-172,1.66489861823295e-08,1.23119796655844e-82,7.71126016151962e-37,5
"20088",0.000416821954420523,0.00773443153947934,3.11147046458989e-54,0.00110712128680301,0.990741611853197,2.03902076134605e-71,1.33661003397701e-08,1.53635221680354e-43,4.33334249628496e-23,5
"20091",1.37825671023341e-10,8.88592642837919e-07,1.7695272934216e-85,0.979303363863818,8.61562106080584e-13,1.6970320461176e-92,0.0206957474048522,1.41897617159108e-50,4.33721348993813e-42,4
"20095",3.51252939993219e-07,0.814442439349668,5.68943679713461e-61,3.78671629023259e-16,1.46752800636826e-16,7.22420976802965e-96,0.185247049649845,2.03510303111194e-11,0.000310159727195976,2
"20097",1.14081410331914e-09,0.0308132087154573,2.37626926518463e-145,0.0178828982512686,0.951303850485985,1.04412386057228e-156,4.14064753644269e-08,2.90048215593159e-85,2.04833871876284e-41,5
"20099",9.98487128749185e-09,0.998920882169617,1.11363025457346e-79,3.6254896727079e-20,0.000186240009462991,8.82627626770340e-88,2.46295086909924e-05,1.8307581329137e-23,0.000868238327357433,2
"20102",1.14157179870554e-12,0.000582830844583953,3.37932697999406e-65,8.65402422636108e-05,1.89644823389476e-18,1.88422834769385e-57,0.9993306289113,7.11181315329235e-13,2.73559085738337e-32,7
"20105",5.63048747216558e-05,0.0783996010850642,8.34744903008145e-55,0.000246170563720378,0.921297923468244,4.52069901613082e-39,8.24984024097307e-12,1.06448584843283e-30,1.01929819182915e-23,5
"20107",0.167164774988476,0.0234823014513939,2.2452031024481e-64,1.28528001310178e-06,0.809349811010442,1.07810580278511e-79,1.82726933219828e-06,3.90405590391059e-35,3.43049862624329e-13,5
"20109",6.52581292187095e-07,0.787576915024241,3.30843026446557e-38,3.02340598674634e-12,0.212420823636511,1.25550487268502e-53,1.17775983105327e-06,2.52165818055338e-07,1.78829283269847e-07,2
"20111",4.01689233655021e-12,4.79118060073789e-14,2.20636801035458e-22,0.820142414150391,1.32195956491958e-33,2.39842373081711e-33,0.179857585845544,2.76030839309537e-36,9.10465815062887e-25,4
"20113",0.751210163257644,0.247401474937475,3.33239944594654e-52,6.22575797795521e-10,0.000818402378983169,3.28582733215322e-81,0.0005606486389899,1.36577500517845e-51,9.31016433240046e-06,1
"20115",0.0387767803549758,6.87366140028693e-05,0.38100449247125,0.57269409272821,1.97310841387093e-16,9.70511571065541e-22,0.00740827163747221,1.73457214216959e-38,4.76261940889511e-05,4
"20117",8.28636265609746e-18,4.23434236092086e-09,1.45584355071676e-136,9.2537771878383e-09,1.15926081979557e-27,1.03732860421568e-191,0.999999986511848,6.13889892684152e-83,3.23869254361352e-14,7
"20119",5.33875678875274e-05,0.990755828447824,6.76512950734869e-94,5.14157770601771e-13,0.00716956850683421,5.76890782520466e-142,0.00201847696142662,6.42390399914353e-72,2.73851551360059e-06,2
"20121",0.00907240941367143,0.0210768712804122,4.02447327942407e-74,1.6478951666104e-06,0.969815127134347,4.19761219879859e-120,3.39442764013674e-05,1.22364341894961e-44,1.21519644735638e-15,5
"20123",1.46185538612165e-12,4.30735985058552e-07,5.01803735832423e-96,0.985487842766727,5.97356921052038e-13,2.85522652909054e-129,0.0145117264952287,2.93884815943218e-85,3.41411159034238e-47,4
"20125",0.036048471803849,7.96995853416413e-05,0.337772734172394,6.31469258445308e-08,9.54934432860874e-12,0.625860737657405,0.0002324491073864,4.82811793717476e-06,1.01639921223465e-06,6
"20127",2.1674457561412e-12,0.00858681148432795,4.43504767518789e-129,1.04451600440414e-05,0.991402740689361,9.50034440843812e-111,2.66409921640634e-09,1.1418518480181e-43,1.98945087457162e-31,5
"20140",0.879969882952895,0.00023658082940611,6.15907337284969e-49,0.00693300360386783,1.99947045252814e-09,9.2277208597852e-82,0.112860530613725,8.81873745330205e-59,6.36241962412265e-13,1
"20142",2.07609602862538e-06,1.11862455156099e-06,1.37514922733324e-12,6.74679204757826e-15,1.33462829945835e-23,3.33651357264472e-05,0.000559038593810128,0.999404398474044,3.07445687963813e-09,8
"20144",0.228698959407929,6.02715805456475e-08,6.81060075562805e-05,0.00559374487034388,1.02742921138419e-19,3.2799916302309e-16,0.765639129301651,6.3027310044982e-18,1.40938718366294e-10,7
"20146",0.827037359053509,0.0378677207953651,1.37098274958775e-12,2.28944730597579e-06,3.36051991362442e-13,1.10057040571559e-21,0.135092585042133,4.56599715112603e-08,8.04812798836959e-15,1
"20148",0.913197399915921,0.0265301981914297,0.0599900491874327,0.000237474269152925,4.40481861960832e-05,2.94371474459488e-11,8.22103550310851e-07,8.60429303711938e-25,8.11687939847718e-09,1
"20150",8.19434755704397e-06,3.62541918532951e-08,0.00512790054047456,4.98805482462206e-16,4.2984135407103e-26,0.991115670205127,1.65517374806936e-05,0.000297401867379023,0.00343424504778965,6
"20152",0.956548940040496,0.0388504893840148,0.00367916147110096,8.91751959036231e-06,0.000743719923836797,6.12700047137495e-12,0.000140012404913469,1.23767967766185e-15,2.87592499193302e-05,1
"20154",2.76225570840096e-17,0.00208643474663121,8.55340163800777e-123,0.996786463808139,5.70945583098503e-08,2.55409010744086e-125,0.00112704435067163,4.73439600998112e-52,3.66087186249043e-60,4
"20156",0.645366643225773,0.280106825953818,7.7936366555514e-41,3.4431686392661e-08,2.33026712638378e-05,4.1005316349154e-52,0.0745031936273818,2.21212134975009e-11,6.79562694992414e-11,1
"20159",0.00134067492065943,1.63884597600579e-05,6.19235919030693e-12,1.44710203091514e-09,2.82148844133139e-19,4.00666031425741e-10,0.000409149941154278,0.99823378131481,3.50965551336395e-09,8
"20161",1.40926850113079e-06,0.0137721877026236,9.36045520576743e-30,2.18647110114334e-17,5.0412204693395e-16,1.41217892823815e-35,0.979763487724807,0.00646291463926752,6.6479985773478e-10,7
"20163",0.297427209914233,0.277434313847646,3.11167022846472e-10,0.425111327379337,2.70360231611129e-05,3.26279883168445e-37,1.0636265332303e-07,4.73233140798252e-58,6.16180205782011e-09,4
"20165",7.49668412312213e-11,0.999285563327797,8.88610502804647e-56,3.12162435991261e-11,3.67205384599373e-07,9.86657192374684e-48,1.26725763323396e-05,0.000701396784303267,7.59002416353073e-19,2
"20167",0.0653793435998901,0.00338261437772678,0.027175796836703,6.78253690355071e-07,1.75345198697673e-05,0.904043150291828,1.09730978778747e-08,6.72326273878488e-09,8.6442393121154e-07,6
"20169",1.33300473752368e-11,1.87996115743481e-07,1.59033798509693e-30,1.19309785239526e-19,2.60298847952466e-28,2.18040845135501e-13,0.000454152584347819,0.999545659392925,1.30633841941035e-11,8
"20171",9.13430944268517e-23,0.00114802786562505,1.54944881956209e-160,0.987485089147574,3.51506372314712e-12,1.64611530450914e-161,0.0113668829832859,2.33043290153857e-57,1.3641971579363e-69,4
"20173",2.93399330723268e-23,0.963532086603969,6.40857938198295e-86,7.32452590373714e-27,1.60370258186211e-14,1.51641047851559e-97,0.0364677329352255,2.30924043748534e-20,1.80460789779929e-07,2
"20175",0.987427409471221,0.00276917464771873,0.000680995157495927,1.27692801129174e-06,2.29391674948128e-08,0.0029747611127199,0.000132431410310729,1.17650233345093e-08,0.0060139165683312,1
"20177",9.42389340784872e-07,0.964083920857879,1.6321478466898e-64,5.4940633467252e-18,3.73549127276609e-05,2.98380593018607e-98,0.0083646995717978,2.24753853826707e-24,0.0275130822682552,2
"20180",1.22129926883101e-05,0.104367081362953,1.47154813384716e-83,0.0139876982296021,0.881632997708042,1.55229845518369e-137,9.70671424802126e-09,4.8247780358995e-101,8.89728513488524e-20,5
"20182",8.40092547194118e-31,6.91478969298841e-19,1.96620060705911e-60,2.00145461421736e-19,1.41282302800931e-67,4.47024270011107e-48,0.999999999597012,2.13217014529785e-13,4.02775204388928e-10,7
"20184",0.00447058839617986,0.00116842493826977,1.31511192781584e-10,1.04383560257987e-14,2.36756905208495e-12,3.77928990662153e-14,0.00133552596097291,0.993018311854198,7.14871645252877e-06,8
"20187",1.52682467879145e-06,0.0256684399593191,9.1283557875095e-42,1.28517728388987e-27,1.94018874938853e-13,1.62202649318542e-73,0.728303199201794,1.07773353681323e-17,0.246026834014014,7
"20189",0.00789727331328233,0.0755400574008027,4.40686604683462e-28,3.91770134574553e-09,0.915531063613312,1.14441019033191e-39,1.21904809095938e-08,1.90062229927893e-41,0.00103158956442101,5
"20192",7.36227906154124e-19,0.57522904366171,1.98724112368576e-69,0.424763398840941,3.72679179380904e-08,1.03606890434893e-128,7.52022943058118e-06,4.23820980508366e-98,5.64380357552991e-24,2
"20194",8.39376929257545e-05,5.11176569560117e-06,3.23158108001792e-21,1.162066649091e-26,9.83222478007499e-29,3.10627331682687e-34,0.983320800117429,3.18067301050535e-07,0.016589832356648,7
"20196",3.0431970830236e-09,0.0465995421811093,3.50450292686795e-115,0.939345659593114,0.0140203180062309,1.15034873358323e-130,3.44771763492798e-05,6.79721832042109e-71,2.20747211531574e-37,4
"20198",0.909138760255193,0.0628126686407238,2.57565497041166e-13,3.78689260245254e-05,0.000434959562145536,1.57620776833683e-29,0.0275757032461549,4.16351444602903e-18,3.93695006635605e-08,1
"20204",0.000198758128179033,2.7679399431322e-06,0.00123220888628328,1.48001051490114e-09,7.05521845008273e-18,0.998219017577469,4.77557999165048e-05,0.000299288531925638,2.01656272565341e-07,6
"20207",1.67248189904409e-05,0.739735842273748,7.90551250885357e-100,0.065357248454398,0.186729987816333,1.10808609994059e-91,0.00816019663653081,4.88227836981492e-27,4.59173775109375e-34,2
"20209",0.000158112288523116,4.96541718233666e-12,3.74712938564532e-28,0.0731147711178201,3.14101172730272e-27,1.91191615229817e-74,0.926726644074697,2.7069530087802e-71,4.72513994033063e-07,7
"20211",2.17709172356942e-09,1.91226318132788e-06,3.0696582980938e-72,0.999739287706838,2.21823767349389e-11,2.46806817076033e-88,0.000258797830706308,1.27346078494902e-69,3.15233921764422e-56,4
"20215",0.0833230842201757,0.683097096066956,4.83856358770793e-47,9.40885910693132e-06,0.233566678044568,2.55830805164084e-54,3.73280919314562e-06,6.77542379127006e-41,6.93787389851581e-20,2
"20218",2.28848048626984e-05,6.66438842193393e-06,1.67216859286115e-08,1.09006127648073e-12,5.12383840362575e-21,0.214580857996048,0.000221502197111302,0.785168023854448,5.00363323801797e-08,8
"20222",9.5688627515108e-05,0.413006390000148,1.81562979684143e-61,0.571422356162654,0.015475471441943,1.47240026434152e-49,9.37677399016775e-08,2.87130758924307e-36,3.28021266338844e-35,4
"20225",0.708087888239102,2.38305020786974e-05,3.76614134957144e-06,0.000131819087576568,5.26656186033272e-22,4.0006987186885e-20,0.291752695093346,2.08190728694415e-19,9.36547462420906e-10,1
"20229",0.736454158928321,2.04798792916699e-05,2.86973076598788e-35,2.01462378258688e-06,8.96895110275597e-15,5.9041817011326e-59,0.263523346568596,7.57420138848169e-44,1.02205921428575e-16,1
"20232",0.92792761601313,0.0695912443963451,2.16298665641796e-33,0.00231528351412547,8.45612915747676e-05,9.29702279888109e-53,8.12947830653972e-05,8.32615219287105e-34,1.75898741339037e-12,1
"20234",2.17935057964086e-25,0.0810380237289202,1.12186870286488e-202,0.918859541240288,0.000102115218936294,1.39205166235145e-231,3.19811855609087e-07,7.71547210679072e-128,1.44689949874632e-43,4
"20238",0.00422572479699054,0.788077019471573,4.56949693072979e-68,0.000138786080633138,0.207558302248392,8.99800253525301e-83,1.67402411610376e-07,4.69912607087263e-38,1.55890279219303e-20,2
"20253",0.000714297272735342,0.234853412219047,9.47196862506853e-102,2.32764009608065e-08,0.763673846461056,6.02512927433118e-102,0.000758420770760643,8.39499580968535e-47,3.47070560872036e-23,5
"20255",0.0682546443803544,9.19883743763491e-06,0.928146722824339,0.00358018255710675,4.86127125128924e-11,7.36407729463356e-07,8.51440778885837e-06,3.46664240753975e-19,5.36630803098234e-10,3
"20258",9.64471946013741e-07,0.00135491957755468,4.22460280683044e-72,0.000206641482905168,0.998437474467203,7.27751526214803e-74,3.90963622227404e-13,5.53033366339976e-59,3.45512717827203e-19,5
"20269",1.49012446108907e-05,0.084018500135858,7.44793297789746e-44,3.58678858555721e-07,0.915966223817559,2.26730603296944e-27,1.61204410465347e-08,1.39549990012446e-14,2.65806421930553e-12,5
"20271",1.57467582901836e-08,0.832958588433518,5.11181658334644e-94,1.79362358011872e-08,0.167041331438832,4.57950881625514e-100,4.03442008344545e-08,6.50594886360014e-73,6.10045404088664e-09,2
"20285",3.50096177911545e-05,0.00574618197075236,9.81020981267063e-40,6.64843643869684e-21,4.26088043645439e-18,2.62798077793328e-61,0.0748296434144981,7.49479477144176e-18,0.919389164996958,9
"20288",0.664535217546841,0.331741888694239,5.01393120521691e-52,3.05850128376559e-05,0.00368947771079411,3.13005844252999e-48,2.83103528823511e-06,4.15750337255393e-34,2.99361008230077e-16,1
"20291",2.75966350427202e-05,0.598461551735759,3.59125327526088e-109,0.364200751143524,0.00460238054694633,1.57374553620862e-125,0.0327077199387276,1.32157667321177e-46,5.04420865525685e-25,2
"20295",3.57672223260155e-12,0.999851457404672,9.2461961880694e-40,4.421146524312e-10,0.000148502305626969,6.30021743746631e-54,3.68549491583869e-08,1.22747353505971e-35,2.98906086012428e-09,2
"20298",0.00364360984449302,9.12792547085827e-07,0.996304953012626,1.53371496833191e-08,1.17140788356717e-15,1.2627679118425e-09,8.76449232165017e-06,3.95378247315981e-14,4.17432580542359e-05,3
"20302",0.00586422878224962,0.217935843503228,3.68922486316016e-08,2.38059102232775e-13,5.92884463361703e-11,3.31551776764024e-17,0.0226132369220448,0.723755586361218,0.0298310674794852,8
"20305",0.00350361778741949,9.8067847745759e-07,0.994899374304194,2.26350179208532e-08,1.03022355981298e-17,3.02960411388862e-20,3.17216190147415e-06,1.36549629766977e-26,0.00159283243298973,3
"20307",0.000202199640842207,0.00469393908806378,1.07595597573669e-92,0.00046828485927881,0.994635306779332,2.81999021915158e-99,2.69632482869664e-07,3.74834616479176e-43,1.76897484359859e-22,5
"20310",4.90738767171968e-18,0.985156925978203,8.65564393706989e-174,0.000602090907399634,0.0142409830401202,6.84167925976477e-195,7.42768526916926e-11,1.44413581726339e-90,5.90352822174704e-39,2
"20313",3.66567494366358e-10,2.95096065301846e-07,2.45019088316739e-18,9.14633766941317e-22,2.65137193203368e-32,5.11330525601583e-29,0.000844755624728828,0.999148026211036,6.92270160225281e-06,8
"20315",0.0951679175924356,0.193831011302715,1.0992269645773e-85,9.69985080687629e-06,0.710989251047619,7.73316752024042e-79,2.1201864344154e-06,9.89001240706256e-45,1.99889238515231e-11,5
"20319",1.88017905167845e-11,0.0956449112328799,5.73023470696274e-98,0.904229724261679,7.61175189553015e-05,3.68814192227144e-129,4.92469676840506e-05,1.34367806043534e-83,2.41555381194365e-45,4
"20321",7.02519643754537e-08,0.142159661787674,2.88584530379848e-88,1.14039478092099e-07,0.857840152815748,1.11151071647637e-88,1.10513459761651e-09,1.53269469505984e-45,7.17466713645332e-26,5
"20327",3.22312653293767e-07,0.0050271046736507,7.18523034477457e-86,7.02366729488396e-08,0.994972502732259,1.22827027130414e-99,4.39651275060877e-11,4.88092723638635e-51,7.98782304916326e-13,5
"20329",3.45083108759102e-11,2.07443192936107e-07,4.42294711085006e-24,1.52605819341258e-33,9.43693265315147e-32,5.58290383214638e-53,0.0115946840481345,1.99492106079615e-16,0.988405108474164,9
"20335",4.49177887332804e-10,0.0698433673222445,1.02438135519085e-111,0.628014906836183,0.302141595091516,2.31153974383256e-127,1.30300878904922e-07,1.8066861713317e-50,4.63109173229853e-46,4
"20337",0.00266615965498721,1.54788448215857e-05,3.08451657115661e-07,3.37386022571982e-08,7.71523267560176e-17,0.00636991660030101,3.20766058481242e-05,0.990916003540817,2.2562965858565e-08,8
"20339",7.93068003595822e-08,1.40367120577371e-06,6.83720758314127e-53,0.0913582146937078,2.54392670849927e-19,2.23652661399331e-115,0.908640302328286,6.84276261092367e-85,1.52487811254049e-28,7
"20341",1.38627982696877e-12,0.0036606035356606,2.18787206474707e-120,0.0148842609476586,2.53633383194743e-10,5.32927671413634e-131,0.981455135261661,6.11326232793923e-29,3.24426203703328e-42,7
"20343",7.2952537416339e-15,0.94357266222123,3.55440723341284e-118,2.7995804680328e-06,0.0559561623164159,1.73044757671201e-154,0.000468375881879188,1.51494776893832e-32,2.62167202695321e-36,2
"20345",0.698185280646463,0.00207261779136754,8.5684649683801e-09,1.78182980669595e-06,9.95996801353502e-08,8.53847868360525e-32,0.00136725586535645,2.56879180745946e-39,0.298372955698862,1
"20350",3.779373221103e-05,0.000143239793252785,2.93294946594501e-59,3.5577396986364e-09,2.33885063919257e-17,9.52428389267739e-88,0.999818962916796,7.33415427073028e-27,4.20317843022327e-16,7
"20352",5.6601273607542e-11,2.37817215414019e-05,4.72408265761996e-26,7.13434997131324e-17,3.72959287575345e-22,1.83663154746119e-14,0.000106721022103366,0.999869497197494,2.24149948955897e-12,8
"20355",2.15077784495678e-05,0.48426328276636,2.46270025677561e-25,2.42874478659251e-13,3.2578396306492e-11,1.55682390879423e-47,0.493714218501619,0.0220009701002493,2.08205013071228e-08,7
