"","V1","V2","V3","V4","V5","V6","V7","V8","V9","V10","best$classification"
"19811",5.37026491766789e-12,5.89168312817121e-41,2.35250289811212e-09,0.0168478043657847,0.00669378232515989,4.79559782440842e-05,0.244137809643784,3.76451895166978e-14,0.732272645329114,3.33987587932796e-15,9
"19813",2.8170429862075e-31,5.97374124466354e-54,6.40482976191933e-19,0.00362946175026038,7.55614331375096e-50,0.00383097579209133,1.59744257163175e-10,8.30902019630688e-106,0.992539562297904,5.30120332030925e-54,9
"19815",0.0117417352549034,1.34621097950833e-15,0.00147853691005634,0.00118645120611624,0.041917939237114,0.000627957843270855,0.88402380254489,0.0590235770036475,2.93895340492924e-20,1.19381005166862e-57,7
"19817",5.91837907232527e-05,8.15261793402525e-25,1.1085452901165e-06,0.000305617697979835,0.955700142193701,2.41794891865148e-06,0.0344637756381956,0.00946775418492648,2.64750768584492e-13,7.57062937527025e-21,5
"19819",0.364744830648625,0.486990197366094,0.00555862500539937,0.00128739021933426,7.5723620722441e-82,0.141418956760547,7.57041829442004e-18,9.54654528366954e-62,1.05856132786141e-79,7.04835173024253e-86,2
"19821",6.58343555060876e-16,1.18045355872835e-23,0.000143139990647386,0.922674536908427,4.13820139014544e-05,0.00851375218846715,0.0683001388900424,2.02456110322022e-05,0.000306804397246989,2.34500627380731e-13,4
"19823",0.906765300590861,2.09295862377165e-28,3.23954823792905e-09,3.20220442675808e-07,1.12561920233702e-07,0.0932240766743974,1.01867128306155e-05,1.06370892976582e-23,9.90736494074214e-33,2.45566149186178e-68,1
"19825",1.92529129762156e-25,2.4629962531924e-33,2.15002043683811e-11,0.0794907058323863,7.94353610783844e-89,0.920509294146114,7.95064977649448e-23,5.00607269064206e-78,3.21698343531556e-33,1.56334669025831e-26,6
"19827",5.18644118838917e-05,4.11374223406289e-26,3.92017166201918e-06,0.000322703787621404,0.000101744193307051,0.001104839130469,0.000340033423208669,0.998074477547229,9.83171429979302e-22,4.17334619206906e-07,8
"19829",2.65111640274929e-12,0.000493367299448096,0.638602329127365,0.360826169483625,3.57621547346112e-50,7.809494356185e-05,3.91433493963062e-08,4.10961581050557e-27,7.79390262195229e-36,2.51985142883129e-17,3
"19831",0.231673416689379,0.000826095167735045,0.211721425837376,0.0116015694037923,1.4822227453733e-62,0.544177492901468,2.49392108915609e-13,5.24267445732808e-72,2.68938977048684e-43,8.60493030143403e-117,6
"19833",2.45250309083566e-07,1.20934812780503e-63,1.3322573169205e-38,4.95529055451922e-10,3.10867968319589e-151,0.999999754254162,2.60962987111155e-45,8.45072999134897e-254,1.16674789832031e-80,6.32839630111475e-108,6
"19835",6.58343555060876e-16,1.18045355872835e-23,0.000143139990647386,0.922674536908427,4.13820139014544e-05,0.00851375218846715,0.0683001388900424,2.02456110322022e-05,0.000306804397246989,2.34500627380731e-13,4
"19837",3.36449994872579e-07,2.998127041774e-20,2.57458579914298e-05,9.82678755441739e-05,0.0280823528770266,4.26943076101284e-05,0.0054917896650916,0.966258767914356,1.10048613171463e-13,4.50522746105072e-08,8
"19839",5.43480320424747e-20,1.27024174809579e-10,0.302857646133462,0.697142248708529,6.84063173887705e-54,1.00951642922577e-07,3.77975914258007e-09,3.35892907374862e-34,6.67703303444314e-12,2.92905872416413e-10,4
"19841",1.48174757994612e-33,1.26783663158455e-40,5.03342822787927e-17,0.0178629330306036,4.95658572668835e-60,0.0433566850938991,4.54631670987308e-29,7.0746176495534e-36,7.07240109237093e-19,0.938780381875497,10
"19843",9.59821600516396e-25,2.36791463516012e-09,0.000223382211854741,0.990149674970561,3.09575586263473e-120,0.00962694044967029,7.08528498693259e-17,1.93056498698741e-140,5.4313157386974e-20,5.8331523049959e-102,4
"19845",7.30553278671696e-18,2.60397319664532e-55,6.6506032945462e-17,0.00132381794791831,0.000568872317304548,0.022667049322605,0.00202747767525741,2.29227645995086e-27,0.973412782736915,1.92810830524327e-65,9
"19847",1.47324288273295e-08,1.75015761906515e-21,7.75884168100236e-05,0.00168647138431429,5.68483792933654e-07,0.00401738854591433,0.994217733693238,1.15527070124336e-18,2.34743501272606e-07,2.42221773701262e-74,7
"19849",7.24517715724168e-33,2.90985185129959e-64,8.71615207615681e-24,1.00779821537479e-05,9.24368298388795e-35,0.000606356882804301,3.60951138914613e-12,6.18203143821146e-82,0.999383565131432,1.6665244266761e-59,9
"19851",6.86467043170616e-06,2.16530372811394e-31,4.07119629844402e-09,3.64193431312833e-06,0.998007419182299,3.25469906686555e-05,0.0019495227621408,3.42925326464988e-10,4.60252914524391e-11,3.59426650052516e-34,5
"19853",0.00143754764850283,3.86909809674285e-72,1.52344503283162e-23,2.01607978867633e-07,0.0011473617688011,0.997307106611842,9.65022390391649e-05,1.04189818302639e-45,1.12801238365943e-05,1.80341591725152e-50,6
"19855",4.74662243499174e-06,1.22206585194761e-48,9.68915308031441e-14,0.000441461337552716,0.988253055406817,0.000824109117576064,0.0104760918767249,6.58200174124145e-13,5.35638139607674e-07,7.29882965730465e-18,5
"19857",1.22487281270704e-12,4.79497331269894e-21,0.000757913557835365,0.0455446378550535,0.00196077985662796,6.89330534025746e-07,0.951644606569272,1.22659903593667e-08,9.13600272093074e-05,5.36252655675838e-10,7
"19859",0.00023685554369943,1.6925688968128e-22,2.83790706336819e-05,0.00576410289400671,0.0606229578234891,1.27226634990551e-05,0.933308169582144,2.68124225116786e-05,1.5444133050792e-14,6.80725394583453e-16,7
"19861",9.3023363746713e-12,8.77701140216776e-43,6.3642252109368e-11,0.000897350297567091,0.000126473399725321,0.00144187816042318,0.142797565571336,1.81332747541329e-24,0.854736732498004,3.73959116697203e-38,9
"19863",1.08449251851271e-44,1.52539598045987e-82,4.21117159368481e-32,0.00189694996174823,2.4241352518142e-56,0.0007566430023285,1.79585834923409e-22,1.67844722947151e-81,0.997346406977797,5.81261504150225e-11,9
"19865",7.01560794436436e-17,1.98840907533063e-39,1.4282844068861e-11,0.00239590114475766,8.66729254368375e-11,2.66322507858156e-05,1.66336478510168e-08,6.41836609209471e-05,2.24306916199543e-18,0.997513266208932,10
"19867",1.9546761194587e-08,1.31335951623645e-25,6.44728545939364e-06,0.000414238377222718,0.00249779132298399,0.00885732194928012,0.988214523622066,2.02527776176244e-14,9.65789620628905e-06,1.05836823889118e-81,7
"19869",5.3804515102967e-26,3.05272061323081e-69,3.73315904648373e-22,7.50660438546852e-05,1.06349402362626e-18,0.00216710314772481,1.72412237542741e-07,5.84871032507328e-53,0.997757658396183,1.376193002792e-22,9
"19871",0.000271545496058337,3.24262785702854e-18,0.000714030511247264,0.00309312182479077,0.0160182702056151,2.44391975582786e-05,0.351372749454114,0.628505727042683,6.65868269426471e-18,1.16267933840399e-07,8
"19874",5.57308477189846e-07,8.0715901103128e-40,1.84592654598479e-10,0.0414756675865017,0.0026405616487623,0.0002084419500251,0.00277237268384706,0.952902352606575,6.1489611959113e-20,4.60312193934778e-08,8
"19876",2.33937607885265e-12,4.60133585598958e-49,2.24865361919138e-14,4.21681360141267e-05,0.00163984394243415,1.88636231575515e-05,2.54337987190518e-05,0.998273689079564,7.8552632559352e-10,6.32222387017166e-10,8
"19878",2.86586744716149e-09,5.35478797388693e-15,0.0133228141994523,0.97181472487072,1.70827047793496e-59,0.000800604775174347,0.0140618532887811,1.1583655444811e-62,2.12002576090859e-36,2.74954354296868e-58,4
"19880",1.17354724356842e-19,1.19242953385052e-59,3.74389714458921e-19,5.65654160709657e-05,9.5392540464382e-09,4.41269809519744e-05,1.91359315066469e-12,9.77036183721266e-09,3.28659136137536e-11,0.999899288258582,10
"19882",3.05287059667024e-12,3.62182638738202e-54,1.20116525541493e-14,0.186831656307891,6.85558491052971e-05,0.344012642487277,0.450165376737075,2.46230165878311e-26,0.0189217686155867,2.91833279240273e-37,7
"19885",9.21932999023923e-06,2.77541134472355e-11,0.00680832443424085,0.00213098256222064,0.0437832514029452,2.63423092085023e-06,0.5084802267862,0.438785361214206,1.15224869907547e-11,2.94457064272865e-19,7
"19907",2.3165661538213e-11,5.91730896996635e-34,1.43515591585088e-08,0.011862576800382,2.12093258978409e-05,0.0345745914536135,0.952601168656606,2.33407489509869e-19,0.000940439388775644,7.46096003741095e-64,7
"19909",1.77862444571849e-11,0.116062560296476,0.855854002429183,0.0274206914594437,8.05182042268103e-30,0.00053432282671285,0.000128422970385413,1.23898440072196e-22,1.34477658139399e-14,1.22257703362186e-53,3
"19911",7.20911240586502e-09,2.04581862171349e-10,0.871278018987488,0.128436399553879,9.05089174508466e-31,0.000283868814707043,1.70523023088273e-06,2.31246771174147e-27,7.42754245678489e-22,5.93345380968561e-16,3
"19913",1.18243193623951e-22,1.6766799483545e-52,3.97392928738256e-20,3.46231373019421e-05,1.54378624761502e-31,5.68320813560634e-05,7.52971493148897e-24,2.03950405791776e-21,2.02574483716463e-25,0.999908544781342,10
"19915",1.11885034734845e-06,2.91247258388816e-38,4.40272547493421e-10,0.000554657375942352,0.838738938258786,0.000132557267991001,0.000778060168353576,0.106373160101581,3.15788898474543e-16,0.0534215075367257,5
"19917",6.79061769998908e-11,5.54993139667119e-33,1.08352829618772e-07,0.0377971467528101,1.9899335521338e-09,5.42332030955756e-06,2.46796906503933e-05,8.52482250723827e-06,4.27365689947344e-14,0.962164115003011,10
"19919",0.000106727078644009,2.79971370973169e-25,5.00715490014839e-06,0.0059587586477068,0.406453172840931,2.56064109942878e-06,0.133744656533732,0.453169896867874,1.83264195914047e-18,0.000559220235112965,8
"19921",9.62415118659988e-07,1.22105646243547e-25,7.48582400927917e-07,9.02107857908319e-05,0.951940870920532,3.06969268975399e-05,0.0479356568461712,4.47626926706498e-09,8.49046819449936e-07,1.32081327571557e-42,5
"19923",0.000117608698755339,3.38046616603595e-18,0.000715721808326736,0.0505462271388919,1.55469209468027e-28,0.000132732796878624,0.948487709557147,3.60772231305268e-49,3.69010846307172e-26,3.64627443419226e-86,7
"19925",7.32084791869781e-09,3.29508877800989e-38,4.69043986266274e-10,0.00297324900199685,0.000410771163292208,3.62591540357652e-05,0.000160858498655399,0.00796221604188606,3.02567902883995e-18,0.988456638350242,10
"19927",3.95956118520193e-05,7.1336622261967e-27,2.24073930208952e-07,9.28811730255975e-05,0.00926918395706229,5.28681738339509e-05,0.0345873420487655,0.95595790488882,7.27103884551908e-11,2.1506261580265e-34,8
"19929",2.01756340236647e-41,2.71599306417153e-78,7.63952965116447e-29,0.00991490912904354,1.25722838712997e-27,0.0422864764321115,6.91500411098026e-24,1.39435316861718e-40,0.947584226481172,0.000214387957672899,9
"19931",0.000496811150002832,1.27944385767983e-17,0.000320833674468052,0.000700617281085576,1.46205417899604e-07,0.000329752440483954,0.135703954727889,0.862447884520653,4.46722291280481e-19,4.93398611817325e-39,8
"19933",7.09561698964902e-05,0.00842531104222218,0.971708472196707,0.00273930786165242,3.46078573326779e-18,0.00276969153911818,0.014282823048028,3.43814237597867e-06,2.97593433187107e-27,1.12992793195241e-36,3
"19935",2.31482126083242e-11,1.88645944472616e-10,0.234471687572454,0.178116085987487,1.19978648523803e-09,0.00260833326245605,0.584803888720109,4.22453909805593e-12,3.04168800486825e-09,2.41263155332338e-32,7
"19937",0.00140003522004293,4.63490605441777e-22,4.24957340698158e-06,1.66795368090492e-05,0.929839428966767,0.000467980719653892,0.0670513549425781,0.00122027104074233,2.32220893855784e-17,1.15566796691249e-54,5
"19939",0.000530804849253502,3.59592405337065e-23,9.49066753944535e-05,0.0758998757251901,3.47704586664437e-05,6.67935583520198e-05,0.923344949074938,2.78996582054982e-05,8.06152105770153e-25,4.30990591144022e-29,7
"19941",2.23228939928952e-17,6.65146686449232e-11,0.300886139378329,0.697143200426362,6.90794072189546e-45,0.00197066010319273,1.14766305466911e-12,2.51127483222638e-28,7.33931997203948e-16,2.44529839719502e-11,4
"19943",8.1307714607738e-12,1.23839132215652e-44,9.10742128540294e-14,0.00344626262534915,6.9353729808253e-13,0.000700247135924908,1.1148953224893e-10,1.70054106313734e-05,1.65960663453762e-27,0.99583648470769,10
"19945",0.0014159711675358,0.00630825802313609,0.836480336401085,0.00445985119996134,1.35648055773196e-16,2.1547782209461e-05,0.151313906043073,1.29382998921286e-07,1.98812318990558e-26,1.84461132833636e-39,3
"19947",1.48423551851462e-19,1.49040289521337e-26,1.19034629276153e-07,0.995998164864035,1.2192121624852e-44,0.00400171589531242,2.6865260332843e-12,8.09271774203528e-49,3.38215935580167e-18,2.03337113655339e-10,4
"19949",0.00206399530813074,4.54518194559331e-09,0.467121837419278,0.0263740505959131,8.63420702602708e-19,0.0025848176217808,0.501855294509715,1.13082070515737e-18,1.25154687238119e-37,6.15248779221697e-95,7
"19951",3.01601564147923e-07,9.13939025412185e-25,0.000146093127373192,0.581266162847935,6.50807930309848e-10,2.85232080066449e-05,0.386093658475517,1.84952710831695e-08,1.48526204686412e-18,0.0324652415935251,4
"19953",0.975850704733818,1.35072058507608e-08,5.29601485983092e-05,4.84065175481938e-08,2.26711652361492e-54,0.0240962732033112,5.49128048006745e-13,8.7702232324614e-83,1.198479829848e-59,5.94464420189761e-141,1
"19955",0.000125343494352803,7.6639392649887e-07,0.237465976036589,0.7621340070811,1.40407196131492e-48,8.48272397703794e-07,0.000273058721634444,1.65960983674089e-61,9.88991216596258e-33,7.66846772510773e-87,4
"19957",0.00792411434838704,1.2607861945909e-32,7.03028545704773e-07,0.970097599198908,2.35122563335872e-11,0.0216068234574529,0.000370459446704112,1.91340098098995e-21,9.95976452729891e-22,3.00496489852112e-07,4
"19960",1.04623030958306e-14,1.24455225140395e-07,0.131545274170966,0.868064309918242,1.81732878043721e-53,0.000389663727747317,6.27727809338141e-07,3.06153124241621e-48,2.33030889690309e-30,3.47990759605488e-33,4
"19963",2.13062206192939e-10,2.79156421116264e-55,5.72452851504012e-27,4.65893556511486e-08,7.29669148306956e-77,0.999999953197582,1.16977239511384e-42,7.48760411336712e-95,2.09218762965226e-47,4.037707165747e-37,6
"19965",1.49043095548408e-11,0.00024115122221024,0.703589322894005,0.296169039219563,6.82566033311277e-88,1.3230272723797e-07,3.54346590559396e-07,3.63529172362017e-90,1.58699680352955e-27,9.31537837499632e-77,3
"19968",3.98129218021026e-37,5.01773630256779e-30,7.56807721036484e-08,0.96925971313054,6.46052422957714e-27,0.0258130218583691,2.21457929892901e-10,9.03576611842052e-19,0.00309501446245779,0.00183217464640314,4
"19971",2.51482596929603e-13,8.89648960617985e-35,1.89545960857251e-18,0.00654763777124033,3.8950923721504e-97,0.993452362228265,1.59356929306451e-35,9.3876100590468e-79,3.64383769564778e-67,2.43354636406527e-13,6
"19973",2.08894327732137e-08,4.12878879781003e-25,1.79727206773012e-06,0.000507076134278375,0.517357509983805,3.62476850005709e-06,0.0205621087951928,0.461567785740877,7.54042044554566e-08,1.01164158357521e-09,5
"19975",1.84071028775151e-15,2.92544616926007e-32,2.16104041649255e-07,0.0688834975030706,2.18772550038773e-06,5.26619254643074e-05,0.00103682177162271,0.00259024934708022,3.22628623477238e-08,0.927434333360356,10
"19977",2.39393806671522e-17,6.36079224836249e-52,1.27753862026058e-18,0.99525579442954,3.76561323589847e-75,0.00474288306184963,1.7971881793353e-15,6.77849371571062e-78,6.74601042813256e-31,1.32250860836166e-06,4
"19979",4.21615728834099e-09,0.989819501235725,0.00177155385494039,0.00798803816823496,3.99834590974051e-100,0.000420902524942146,4.11092361334243e-18,6.31515537249038e-54,1.62050721143635e-70,1.58279035250664e-54,2
"19981",8.84307314050312e-07,1.72830773242263e-13,0.0103868831559978,0.0025956553885303,0.000175139612305634,1.11593633942905e-06,0.986708062113565,0.000131756246342333,5.0323943285813e-07,7.3640498293301e-28,7
"19983",3.73626292223165e-06,2.41236191987902e-16,0.00156902536839911,0.00321721988945878,1.70200541851424e-06,4.47734250101833e-07,0.995207868724798,1.44703916421399e-17,1.47531502875374e-11,2.35032248170201e-41,7
"19985",2.87473361656678e-10,1.02415420872134e-46,1.96997793270535e-12,0.00577038013692765,0.62494668309323,3.00485144392067e-05,0.00128713275161722,0.270306531233929,8.35550655663225e-11,0.0976592238968584,5
"19987",1.81555180814812e-06,2.14100832310893e-11,0.0994987880252257,0.00444832939887658,2.03588786325843e-06,0.00873935289291943,0.0472340051205721,0.840075673101283,5.56456840556264e-18,4.11402277552193e-14,8
"19989",0.000150710982876645,0.983877507515901,0.00983358499616571,0.000226596235112326,2.57139475731463e-73,0.00591160026852136,1.42261919960545e-12,3.64683126467671e-46,1.57493181754879e-64,2.82932681048795e-130,2
"19993",1.14149499583694e-05,2.70776044376301e-07,0.885175776796832,0.0542556247744927,4.44239007080709e-23,4.58035832037493e-05,0.0605111091176251,1.84339942850912e-12,1.48189934853009e-40,1.68606746729356e-19,3
"19995",5.97980416408806e-08,5.7028306937787e-06,0.774458829593651,0.163380317282291,1.68379150472161e-21,0.000823371107293404,0.0613317193880284,3.15210897563617e-18,5.03605001454264e-23,4.38207643363794e-23,3
"19997",1.19373920619863e-06,9.99867468009129e-32,8.85869714620262e-08,0.00108506655375407,0.184281196585018,1.33879238558246e-05,0.0422856757568488,0.77233338931156,1.54278516657621e-09,6.15428075681928e-16,8
"19999",4.69987958150338e-10,1.01579384933054e-46,8.9970354549655e-12,0.0045977243885163,0.697314787542385,0.000858019215210796,0.00499246939664747,4.48819201201382e-10,0.00839554423838576,0.283841454291051,5
"20002",3.06418955153665e-39,1.87875900545021e-55,1.19989731466159e-23,0.000362801765941565,6.91192745196767e-75,0.999637198095935,5.98069946780168e-35,3.17029795488568e-70,1.38123599079606e-10,1.64814209521676e-26,6
"20004",1.7740736964379e-13,4.11182333380328e-07,0.975571505142939,0.00946474407772086,3.58953977135627e-24,0.0149627002047477,6.39391578917572e-07,3.79236575561057e-13,1.23339916519221e-13,6.38030228157819e-37,3
"20006",7.92287210481176e-12,3.97321014190017e-20,0.00084574480791334,0.999003878505243,2.07370390301213e-67,0.000134531842470945,1.58448364496417e-05,5.24503252803356e-93,4.08757585828137e-26,1.9912403269153e-31,4
"20008",9.62235529534728e-10,2.76956631754383e-14,0.00415198762044898,0.995065253462956,1.00515444053679e-62,0.000782254774044102,5.03180287372745e-07,9.31707949365829e-65,2.95791676813326e-32,1.88376521557813e-57,4
"20010",0.0150917235362469,0.00900934851787243,0.874819462769046,0.0036500972587926,4.92752024149098e-27,8.63768594790364e-05,0.0973429910585632,2.63713394283918e-22,5.68527601804959e-50,1.30336313598346e-65,3
"20012",9.34591154551172e-19,6.36631020490195e-45,8.81231993762854e-12,0.993499074196064,5.06518036367636e-13,0.00433343216427488,8.32151178370752e-05,3.04331072351058e-15,1.33198227078003e-08,0.00208426519267985,4
"20015",6.24978652076977e-18,0.972237106368563,0.0181146978315852,0.00963537314407415,1.99883041170402e-83,1.28226179836458e-05,3.77944194965812e-11,4.56350456549989e-62,4.46971189470572e-36,3.18715959962969e-77,2
"20017",2.09845216779481e-11,6.94114392245263e-41,3.71442769657905e-11,0.000305792702666966,0.994793500737501,2.0191386944207e-05,0.00442304862787975,0.000354380864335296,0.000103085461900681,1.60643599539673e-10,5
"20019",2.69025824995138e-07,0.992364522490014,0.00236058111503171,0.00388240718931556,9.72483666593078e-132,0.00139222017981367,4.07053390704871e-19,1.61599134288957e-94,3.02804033228279e-89,1.31368440742004e-101,2
"20022",0.00110601287004043,0.267572485868975,0.660745707032028,0.00220962010200048,9.53472890508237e-27,2.65765882026441e-05,0.0683395975387534,1.81393997247874e-17,5.99627518352705e-39,2.3478397236317e-55,3
"20024",7.63015452688476e-05,4.01570570381168e-08,2.8508848138201e-07,2.64569150868698e-07,7.16302929905179e-121,0.999923108640042,2.22259914765455e-27,2.24536407599038e-126,2.58456225799347e-85,1.15270412280755e-191,6
"20026",7.63015452688476e-05,4.01570570381168e-08,2.8508848138201e-07,2.64569150868698e-07,7.16302929905179e-121,0.999923108640042,2.22259914765455e-27,2.24536407599038e-126,2.58456225799347e-85,1.15270412280755e-191,6
"20028",1.03876328584738e-08,3.32733829787008e-43,4.1913388096321e-11,0.000253462549761173,0.773207045893639,0.000414589481572334,0.00133700888457397,0.224787685860397,1.61898078837297e-07,3.50024317256463e-08,5
"20030",1.01630521394887e-19,0.321083577855474,0.209844141670875,0.43007761566309,1.20690159661889e-71,0.0389946648105543,6.1124690814128e-15,5.48892840824455e-34,9.84502473197252e-31,1.84043494077551e-38,4
"20033",5.22678471031868e-08,4.17247462629377e-20,0.000609515225520037,0.026011652543559,0.000426368849620812,5.87926912010745e-05,0.0196673582288288,0.943662360503355,1.28917743099551e-12,0.00956389968877931,8
"20035",7.39023282805371e-06,0.885678252492038,0.0137835412819753,0.018729522658076,2.61746457595613e-124,0.0818012933350824,3.09142305777516e-18,4.85181417485506e-90,7.24539870002236e-92,1.26181447514636e-120,2
"20037",1.40483199618602e-09,0.977377770515407,0.00285778230842462,0.0197180022082438,2.32459215127491e-119,4.64435630501536e-05,4.25425562107227e-14,5.11145895412283e-98,2.00736522799262e-59,1.46628568160633e-112,2
"20039",0.988431493059697,3.24505826193027e-17,5.40590437476306e-19,2.45275116576596e-15,3.01695045730373e-127,0.0115685069403011,2.60411317665893e-36,5.94414050200369e-171,2.59866448427185e-124,1.73265894112136e-276,1
"20041",0.00702072859354735,1.67497978755953e-19,0.00404540019947755,0.0779810968907826,5.11768607192872e-27,3.3837204748325e-07,0.910952435944145,6.46739604056582e-49,5.81129275577816e-31,9.7295230147275e-37,7
"20044",0.00126647759655111,1.09090857937537e-20,0.000876240833353878,0.978884231412272,6.48579842111958e-32,0.000387901002684256,0.0185851491551385,4.50152971596976e-50,1.73728311350175e-36,2.84234321326002e-30,4
"20047",7.39961858577538e-07,0.957692708782858,0.000116006818440425,0.0350981706245071,4.13598394623557e-146,0.0070923738123355,4.18670656929912e-27,2.36436751842649e-100,3.26082292056057e-92,4.16548807542161e-81,2
"20050",0.970977965064991,2.54000286073607e-07,0.0184102836934531,0.0041176182430495,2.96932895079613e-43,0.00647122743190279,2.26515663174082e-05,4.3014620600682e-39,9.04645419962472e-81,1.47030320925487e-65,1
"20052",0.0166280037452947,4.35882149435017e-13,0.0279840691861813,0.0339962242839795,0.000168851996255606,8.68454044358546e-06,0.873794668072255,0.0474190025502769,8.67214203536021e-24,4.95624878070432e-07,7
"20054",6.16499783207915e-17,0.515497984361517,0.443789583975013,0.0407077324840242,4.91877054539263e-47,1.51223389951012e-06,3.186945547191e-06,1.62001507446653e-32,1.06264346795004e-19,5.75487580958215e-42,2
"20056",8.14513448837321e-13,2.74004824978128e-28,7.00796855845543e-07,0.173262543077359,5.83150017940572e-25,0.816577122522261,1.04082486935242e-12,1.69348139774971e-10,2.45432163286023e-25,0.0101596334323206,6
"20058",4.55140581366988e-07,0.984068475462004,0.0126145160259696,0.000433238252237952,6.39665950027235e-76,0.00288331511270273,6.50417823413187e-12,1.37815377258093e-53,1.12726084244108e-55,2.80771974873849e-145,2
"20060",1.32837499591626e-05,4.62038394600118e-21,0.000562023412751789,0.000684817133987227,0.00933582787830958,0.0458017017092962,0.584271003870939,0.359331342244444,3.1342527673669e-13,1.7547271608689e-40,7
"20062",1.54202212393371e-05,3.02321711616251e-13,0.0172529877597035,0.00911929643643517,0.000197007727627708,1.41906209691107e-06,0.973413608263297,2.60529195705143e-07,1.02720951088943e-13,3.69013073589073e-26,7
"20064",2.12031240464469e-06,0.396970700335461,0.569951754117622,0.00657400163603038,4.09352337576141e-20,3.63944646362279e-05,0.0264622621206954,2.7670131500835e-06,2.93757239129992e-25,4.9271010937982e-19,3
"20066",6.75109915851159e-20,0.840221905625475,0.000497745584672554,0.127651096036047,2.00221750356223e-107,0.031629252753806,4.64495564178603e-23,1.19898605744992e-62,8.31950680097364e-49,6.05167851691097e-53,2
"20068",1.76473419830933e-07,2.5080071261087e-33,2.10695883466357e-08,0.00126346768484086,0.739090793549876,0.00011426609522042,0.259495086100048,8.18458895407252e-10,3.61882085475384e-05,4.99272210560453e-37,5
"20070",0.0195681569465083,6.3399210503984e-30,3.61640574314573e-07,0.00245279214414083,0.309103276619273,0.00102527368326928,0.667850135652032,3.31411953037061e-09,8.26823483192684e-14,1.07349407894168e-57,7
"20072",7.14686227663701e-19,0.000818889764465485,0.0292277193747096,0.9698975076475,9.79973593554227e-75,5.58811155083993e-05,2.09781590832562e-09,4.96660932276649e-77,2.15125094102652e-18,2.03575320894406e-104,4
"20074",2.768884107753e-31,3.02931081043873e-73,2.04428308086161e-27,0.000345464457046927,5.16681228290076e-30,0.000234370337091888,4.70668825969383e-22,2.90867831976853e-32,3.79314567632095e-10,0.999420164826547,10
"20076",2.75993410504176e-27,1.48128110132984e-25,5.25580556688056e-05,0.961405408327787,9.86995577291198e-19,9.22952749110853e-06,4.773217185887e-06,3.89881149140275e-21,0.0247461452775488,0.0137818855943182,4
"20078",0.000255593212407132,2.0098374389145e-05,0.990329079077553,0.00632233475079198,9.51403293272681e-25,5.77452526516218e-06,0.00306712005959345,1.10832990161522e-17,1.61874484220498e-25,6.04166479090496e-33,3
"20080",9.48129500894307e-06,0.99556188019839,0.00240640782285592,0.00189504356560676,1.67532840987261e-96,0.000127187117804616,3.33280800200783e-13,2.44873974350383e-59,9.33059190017231e-80,7.71435085565875e-72,2
"20082",0.988041649918673,2.95793010886544e-07,1.36317462008734e-09,9.12418317219855e-11,1.67740968734616e-81,0.0119580528338997,1.26632029009136e-25,1.42617935615177e-81,3.10702964067892e-111,2.34330104419495e-152,1
"20084",9.56374381785812e-05,1.00001991753096e-07,0.87804732113586,0.121642473493162,5.5366421616204e-38,0.000214429725007856,3.82057186521334e-08,4.95274266521789e-23,2.8697035827618e-38,8.11856224911985e-14,3
"20087",4.37026891502396e-07,0.000126110396355011,0.982727013216796,0.00558170864137489,6.26981688558892e-28,3.9599849417535e-06,0.0115607707336412,1.79223543863263e-29,6.9230058666818e-18,2.41787878164751e-75,3
"20090",0.00306652944787251,0.940693020552772,0.0516556690142609,0.00439756374278502,1.72771440896237e-90,0.000187216771454718,4.70854600688401e-10,1.48245187960861e-65,1.26787617814836e-91,2.71923468654529e-80,2
"20092",0.94263565032917,1.05446204767749e-22,2.61869578790634e-08,6.0274670923285e-05,1.65347299856033e-30,0.0573023968247534,1.65198819584837e-06,2.14495525476048e-86,2.03439656083427e-27,1.54834742453079e-155,1
"20096",0.996522413758298,1.91553915415444e-28,3.17852798567481e-07,0.00278647602971994,8.09482247526021e-18,0.000670058898048437,2.07334611353769e-05,6.89599985139781e-39,2.28781973623521e-33,9.57362608839166e-40,1
"20098",8.324392343964e-07,1.81129742003832e-24,4.01458507117513e-06,0.00187086263180344,0.000217668477890346,2.81668611994491e-05,0.00328218667565475,0.994542591174449,3.45290184455323e-19,5.36771546973435e-05,8
"20101",7.79930478429728e-06,0.227055039236621,0.525552141128348,0.247299068458546,9.0820137978289e-71,8.59515935240843e-05,2.78176250608127e-10,8.96958886316019e-37,1.86715170324831e-58,4.89874439810365e-22,3
"20104",0.00129984689736086,1.96800676805789e-61,2.75892688661717e-25,2.35849593570305e-07,8.89566894953024e-24,0.998699917251641,1.40463923495417e-12,8.09340210525998e-85,8.82034392170713e-18,2.75650586689007e-97,6
"20106",1.48857707282895e-08,0.947139392317236,0.0520847627709614,0.000749668776035024,3.16502203472171e-48,9.7958832522602e-07,2.51816616717871e-05,1.84822685724281e-24,7.93220195565732e-49,5.76166005195346e-25,2
"20108",3.06168064642789e-09,5.96963384068082e-23,0.000109030551593358,0.00139646045718215,0.0002960671527224,0.000440432009171114,0.0330973730082829,0.96466023933361,3.94425756127451e-07,1.56597077392382e-15,8
"20110",0.934648623606375,1.18992647222311e-27,9.83012855217402e-07,0.0512790539929101,1.17534082340355e-17,0.0123621804373755,0.0017091589504844,3.158055724338e-29,1.33811537167213e-46,1.51930288145557e-18,1
"20112",0.00686059830028753,0.011951279640749,0.915592414514469,0.0648690169954129,8.75560682027101e-43,6.46652534016634e-05,0.000662025295679524,1.35071929101675e-26,3.77401696979211e-57,2.91436470280209e-53,3
"20114",1.20798188240516e-06,8.68537957580549e-08,0.966282511200028,0.0308365334689643,1.37204033870474e-25,0.00287942976673511,2.30582345640836e-07,3.20831322914973e-14,1.55940882740917e-28,1.4621595304966e-10,3
"20116",1.81852757994182e-16,0.00162317443073909,0.92012323916981,0.0782489123856401,2.16191938625111e-37,3.49522346128146e-06,1.17353137517058e-06,1.29558265423413e-16,4.94181107385598e-19,5.25897390104445e-09,3
"20118",0.000195737711727182,4.55411923168642e-09,0.192636097019381,0.00893562373255114,1.96164419766506e-07,1.0569917711628e-05,0.272209145234887,0.526012453903758,1.29139782117161e-19,1.71761444181702e-07,8
"20120",0.0048528166710194,0.0012216760011755,0.964748572405661,0.00426224742785402,1.02753876225303e-45,0.0249143075243061,3.79969983952842e-07,2.67930865260446e-22,6.46591557872547e-76,6.32157718360256e-32,3
"20122",1.56769601836317e-18,1.54243117136064e-40,1.57531897230047e-11,0.0039908990912151,6.07224478656139e-12,1.40320284172867e-05,1.87618581635107e-09,1.19028688098647e-08,1.90556346971307e-11,0.995995055060432,10
"20124",3.69761708947722e-05,0.0860690766527516,0.484106910693481,0.42974217143571,2.04088271819857e-91,4.48633661828644e-05,1.6809804926959e-09,1.12395378940423e-87,3.5248553910898e-44,8.38031749294385e-87,3
"20126",0.067536948364888,1.32111408945332e-22,1.10922449249513e-14,7.68200173891397e-08,6.87273081960003e-111,0.932462974815084,3.82205259594793e-32,2.12643250279131e-180,4.10295735435808e-76,1.53579394538518e-138,6
"20128",0.000844605077488978,9.1466165753268e-05,1.09123070128096e-10,0.000212378667163925,4.727641646562e-190,0.998851549980471,2.87657054184611e-39,1.48901284346307e-205,1.91782700988637e-107,5.95857410415693e-160,6
"20141",0.86536565613406,3.2597800967514e-50,8.49717017496817e-17,7.27780655990961e-08,1.03093469965041e-09,0.134634266902817,3.15412267966549e-09,7.7482071195299e-28,9.54155582069433e-28,6.74356024926661e-49,1
"20143",8.21135384867554e-24,1.30641005826294e-63,3.24823243556591e-21,0.0610963635264895,1.72094857679403e-38,0.849349098508542,1.43525765220821e-20,5.58775394576195e-38,2.57442199609235e-14,0.0895545379649432,6
"20145",0.00684446046820251,0.718863202212944,0.263305449073823,0.00118255617961584,1.14000111570859e-27,0.000379090163319568,0.00942524190189766,1.97458430612288e-13,6.70377469007286e-52,2.74434544921846e-49,2
"20147",2.35659101720617e-05,0.859187049004387,0.131970638417828,0.00239613265093667,3.33916520312465e-32,4.27367384004007e-07,0.00642218664929196,4.91825776855115e-17,1.23406226082969e-33,1.72008591867946e-35,2
"20149",5.08056658103906e-16,4.92015221623881e-53,8.62356270471739e-16,0.00154638505569276,4.96786916880733e-10,3.64911550568964e-05,2.22945360147864e-11,2.75358771755273e-10,8.71548719983056e-15,0.9984171229948,10
"20151",6.51185271842091e-08,3.70248061895646e-23,7.72160715560333e-06,0.000507008758490092,0.00424934226523405,2.1710844684845e-05,0.00585056995005526,0.989362391782288,6.10183520438587e-16,1.18967356477098e-06,8
"20153",0.555626326013102,1.29862156307184e-24,3.28325572126732e-05,0.0342776230452397,4.66037471539595e-09,0.409810173460588,0.000251236319476762,5.47023016356833e-08,1.03057121069295e-44,1.74924170473365e-06,1
"20155",9.44318766550424e-07,0.128621828773051,0.867291921451689,0.00258719996506104,6.82666083610389e-58,9.32918066374969e-09,0.00149809616225247,1.53645715135171e-46,3.66195886096254e-44,3.05380408138337e-46,3
"20157",9.00549190384586e-08,2.8251436765786e-31,1.0860938223395e-07,0.000172502637528466,8.20425375293335e-06,0.00677547845081105,5.57808845325823e-05,0.992987834230581,1.74142253015439e-20,8.78493192014471e-10,8
"20160",4.91640686658818e-23,5.8128858022488e-56,7.81350227798699e-21,1.05998365596168e-05,4.23498938582291e-25,2.65964416157109e-05,1.27968693059683e-21,5.77344728102176e-18,3.53892087440546e-21,0.999962803721825,10
"20162",1.44276174131819e-16,1.34937451276443e-54,5.38532537109015e-17,0.000106859185878104,3.70589133540078e-06,5.12486629210102e-05,2.17867345275204e-10,0.00029588987421675,4.70425462266072e-13,0.999542296167311,10
"20164",3.99417412879848e-07,1.71643088653506e-35,3.86385817471981e-08,0.807260259036091,4.47243463380873e-11,0.0340108268391034,0.000342015032916295,4.56220023288994e-12,3.11350138330519e-21,0.158386460986608,4
"20166",4.87618503907679e-29,8.1286836172753e-07,0.000197356867788402,0.991736781468712,1.01853744601047e-90,0.00806504879513774,4.04393362373974e-21,8.70325896438753e-69,3.42227316593845e-25,7.85393910458165e-29,4
"20168",2.87288980675272e-46,5.61538779643524e-34,2.03137725713124e-16,0.98222192863624,2.8367293863483e-92,0.0177746091271187,2.22405505168429e-29,5.77370874077215e-94,3.46223664148005e-06,1.00965983136569e-50,4
"20170",8.02180006677895e-05,2.22314749571303e-29,4.83425117201209e-07,0.00225148152967043,0.118549569611922,0.000156181862324035,0.00144036366972315,1.28292017032698e-06,1.8321170221414e-17,0.877520418980405,10
"20172",0.0006930462198327,0.901452407503836,0.0933643260454626,0.000364080162462601,6.24867362468034e-30,0.00010029264730478,0.00402584742110188,1.95059149284857e-21,3.95103626129364e-39,1.74125015233924e-86,2
"20174",2.44186821233479e-19,1.52448850594524e-53,2.14022921279049e-15,0.00423804596483239,0.983480955884519,0.000578653221110484,6.81442860999785e-05,9.05317170491541e-06,0.0116251272161373,2.02555936669001e-08,5
"20176",4.20586954084449e-38,1.25686751134329e-33,7.40694529795179e-12,0.987133427672282,2.40330786021144e-68,0.00031576662712859,5.63121898831522e-16,2.87112157730531e-79,0.0125508056931819,1.33617217396216e-45,4
"20178",2.24959346643317e-22,7.51352778552467e-56,1.48393433674024e-21,1.61260174488832e-05,2.17084701034712e-29,0.000104370994918448,1.42896121540946e-23,1.57465899620494e-20,6.20603908162763e-26,0.999879502987633,10
"20181",2.54512973838188e-19,0.0739698392208895,0.208752584125707,0.70206581824731,9.84214491139609e-74,0.0152117584060874,2.07982766577007e-15,4.22785834888526e-32,2.80759039176713e-37,3.91155650783624e-15,4
"20183",0.0153579894847739,9.49346967460686e-16,0.000694539643900814,3.56877748012575e-05,0.620548399920892,0.00385468091616744,0.3595086646823,3.75771635641806e-08,5.74245892388372e-17,1.7900332179916e-58,5
"20186",0.000496245900405673,1.08428721033561e-16,0.000449054858170975,0.00012060102056389,1.03904918995432e-07,0.088724147261599,0.910209847025953,2.21833174117155e-27,2.83884087433092e-11,4.6765599696577e-139,7
"20188",7.82063384309983e-18,3.26024932228224e-55,2.21208895054066e-18,7.54346835975799e-05,7.34322881870369e-18,0.000224106380976761,1.8967978036912e-15,1.34459360028886e-12,6.55813333275294e-20,0.999700458934079,10
"20190",3.48399343493344e-13,0.995188637158815,0.00207182085755924,0.0026792525945914,1.27498203019555e-76,6.02893752185128e-05,1.34670410578278e-11,8.11289764958374e-46,2.99692050677507e-48,1.0061958999604e-57,2
"20193",9.5440596844073e-38,1.30577189854236e-39,5.9313101886802e-15,0.994706014652236,1.30904498634222e-79,0.00529377927650723,2.09363966454755e-26,1.93370220114445e-63,3.29539677050319e-13,2.06070921210076e-07,4
"20195",4.41826385035543e-07,5.21940522185521e-21,0.00220780136967494,0.829001426522078,5.89148816187546e-11,0.000492006323921275,0.0166018847120364,0.000411863704186729,6.78253111682666e-22,0.151284575482803,4
"20197",9.15323979429702e-05,0.787546815920966,0.204266880492421,0.00264068197457621,5.47219211828915e-40,6.01837273410762e-08,0.00545402903036697,9.79534864432524e-28,8.66181260286359e-37,3.44591795098533e-58,2
"20199",5.9333932382781e-07,1.84094445829405e-46,8.72632192804538e-13,0.00148854271655315,9.94394310245014e-05,0.000178369210325348,1.93718791678799e-05,2.69970153082518e-10,3.25291965101073e-19,0.998213683152762,10
"20205",0.944516094064739,3.64168798805033e-16,3.2710361526459e-12,7.69701376671594e-09,7.36443740804507e-68,0.0554838982349758,8.18737372723441e-19,7.63331059857826e-99,1.26883171012857e-103,2.52766312556486e-169,1
"20208",3.57269414002938e-06,1.92385001729597e-16,0.0307159973062012,0.226756001047516,0.000185130044486648,0.000302378875044894,0.688597328974496,0.0534395889430707,1.44745411086033e-14,2.11503004940507e-09,7
"20210",2.78852644302172e-13,1.30806447363241e-47,3.0514676107272e-14,0.00016211823626465,2.71776808559782e-05,4.08251912205944e-05,2.23858483433771e-08,0.00312486676930449,1.73290404794177e-15,0.996644989736195,10
"20212",8.32093702567633e-08,7.78478802843507e-27,1.29078045397474e-05,0.450420536724025,2.19636004448593e-07,0.00152052052816952,0.00258763726128375,0.506109494192096,2.27539490424219e-20,0.0393486006445112,8
"20216",1.28876517195532e-09,0.070951552273,0.911710372952471,0.0140544158922266,2.14786313827336e-40,0.00327874361242938,4.9139811079319e-06,5.91542070052647e-20,4.03964228107688e-37,1.29044488476211e-34,3
"20219",0.777972288421617,8.8685021406683e-06,0.215193160792428,0.00348337056817739,8.40158340164234e-37,0.00334115389277704,1.15782285953466e-06,2.577343833282e-33,3.22707551783314e-61,8.70073542164163e-57,1
"20223",2.15888680246575e-23,2.17788319370711e-05,5.17415934453515e-06,0.993613172517935,3.61787445396771e-157,0.00635987449078369,4.47114474777785e-22,1.94850458703183e-160,1.72955847378566e-35,6.53162608430304e-146,4
"20226",0.00110309094455583,1.33966744094253e-14,0.00872676424848655,0.014587168861289,1.57087113895811e-19,1.03652704276079e-05,0.975572610675228,3.82192604616675e-21,7.20328685748394e-39,8.11650237741564e-27,7
"20230",3.98146552745644e-11,0.982930008623917,0.001429397289331,0.0149565121275808,5.05291325310161e-91,0.000684081919342342,1.41484862085501e-14,1.14042094201927e-56,1.14160125295189e-53,6.53036304771776e-81,2
"20233",0.955139328569993,2.89674062879277e-62,1.96737910597188e-30,1.98514576119591e-15,3.44357974694705e-41,0.0448606714300052,1.09205287365149e-23,4.97486389566054e-119,3.11560955630962e-62,6.43628841630155e-116,1
"20235",6.9285490689664e-08,2.68227536648123e-06,0.00107992497081878,0.99888743394477,1.34465971778097e-105,2.98895157669036e-05,7.78730288556883e-12,4.80090445176719e-126,5.44331278057494e-41,5.20386253642919e-132,4
"20239",1.0538705542992e-11,1.70223899264487e-07,0.680101205942987,0.316812632619362,3.92618057126832e-50,1.75772315048824e-05,0.00306841397170497,2.09016211678892e-62,3.30171531919638e-15,1.47281957788443e-78,3
"20254",0.98323834862426,9.61799499137821e-07,9.57945720665159e-09,9.11970620880162e-10,1.93871228944026e-96,0.0167606790848126,1.52746074870975e-24,4.68573433392033e-114,2.39363093227745e-120,2.74569752390707e-143,1
"20256",2.57313292346162e-06,0.643624530295507,0.332074663634732,0.0242912762266011,4.13897177626656e-58,4.73054101665068e-06,2.22616921966907e-06,5.12959934899783e-52,3.66076810727744e-32,4.79204013877355e-95,2
"20262",2.47587675720586e-08,1.78610023186568e-29,9.1401138117317e-08,0.000315283571822666,0.0245299444614004,3.11679033018869e-05,0.00028343874162581,0.813447816780551,1.09776015974622e-16,0.161392232381392,8
"20270",5.19951410851554e-23,1.74466008855588e-09,0.0813970073557568,0.547990972972265,6.72810078268336e-58,0.370612017927084,2.35004346333994e-13,6.40495049623928e-27,3.86070923717734e-22,6.51753385795637e-37,4
"20284",0.835527780711976,4.37156279776805e-19,7.24900246296351e-05,1.90489513319018e-07,1.03799352293099e-12,0.163774754808965,0.00062478396387896,3.00252992202371e-25,4.84119610117209e-47,3.96489069432308e-100,1
"20287",4.16370535859859e-15,0.97203461872545,0.00100516186377261,0.0269243011535908,3.11029139781802e-138,3.59182571828601e-05,1.42136796600577e-18,1.82188548117252e-104,1.98273378103103e-61,1.25282660968459e-122,2
"20290",0.98116304598133,2.26581897022225e-19,2.91507238354925e-08,2.98637223768719e-09,2.56053277389471e-42,0.0188369218807074,8.66521819813381e-13,9.00331194316883e-54,5.79035147020199e-96,1.33522154316659e-88,1
"20293",0.00420191757329268,0.00997786444994083,0.916637444988172,0.00299842991253438,2.41809590371778e-18,0.000156102428484953,0.0660282406475749,1.21963439629059e-16,2.28238570993088e-26,2.3053278471942e-41,3
