"","V1","V2","V3","V4","V5","V6","V7","best$classification"
"19812",0.050849347126365,0.00255651448958631,0.000565818890807742,0.945449634023188,9.25923866543059e-22,0.000484239445473612,9.44460245793664e-05,4
"19814",0.899217480651928,0.00131570721281268,1.90976488080094e-06,0.0991843566892222,0.000280176101343162,3.20007397685163e-08,3.37579073639315e-07,1
"19816",2.07429267319775e-13,0.00166889089656118,0.777414665317518,0.220916080113428,3.52235439491284e-22,1.04857251357142e-11,3.63661800014355e-07,3
"19818",0.00360663438158607,0.00542105690373147,0.0016930191221303,0.989272445782317,1.46853827565671e-06,2.80668676121585e-08,5.34720509212891e-06,4
"19820",3.6949991129236e-67,0.00451349346770923,0.995472935490071,1.35475171354085e-05,2.39373911947552e-54,2.35250845174893e-08,1.26540895268459e-29,3
"19822",1.87657544232026e-76,0.991504383582422,0.0015385786649921,3.35363886981993e-06,1.84319732635107e-44,0.00695368411371607,7.60507670386639e-31,2
"19824",1.24589600002471e-37,0.893713707216088,0.106247454274653,3.88311420078134e-05,7.63299005836504e-17,7.36712879744801e-09,1.2178726999649e-13,2
"19826",0.000885550590573381,0.0287737135858825,8.47233233948332e-06,0.912532944015918,2.76497233275238e-14,6.13152837481722e-09,0.057799313343731,4
"19828",1.49470114603207e-31,0.0218754646810156,0.952330083745247,0.0257939684453186,5.49173307300662e-28,4.83128418941801e-07,3.70203864251827e-20,3
"19830",0.000307317426630592,0.0156152292666972,5.97702623397802e-13,0.977883557930899,2.23423410520722e-16,0.00341902109567193,0.00277487427950383,4
"19832",3.67051712027899e-12,0.0177749921520405,0.00404680637777479,0.026873376496603,1.15333036327716e-44,0.951304824969911,1.61622013925562e-22,6
"19834",1.23548901220163e-17,0.0451632017968235,0.12366084272299,0.831175045255041,7.40988767969302e-24,9.10225145750734e-07,1.02208571952543e-17,4
"19836",1.79744702018184e-08,0.007454713092071,0.000446645795155004,0.96015005112097,6.4034555176139e-35,2.52012584853072e-05,0.0319233707588485,4
"19838",0.986816966042782,4.71960231478601e-05,2.3127641889977e-13,0.0131290974223586,2.63049243130722e-10,6.70575699868984e-06,3.44914326052972e-08,1
"19840",1.89340242398132e-13,0.0111092477043987,0.117773638738526,0.871115307113624,1.85410046837275e-31,8.46296844489406e-13,1.80644241602941e-06,4
"19842",4.39790352189509e-11,0.000490622120541445,3.32953711895739e-27,6.31245631509772e-06,3.10135333043256e-20,2.45722922464773e-09,0.999503062921935,7
"19844",1.1578203432735e-35,0.0386198932979905,2.02705117327227e-20,1.58606394380339e-15,0.961380106657015,3.48904414274054e-11,1.01020278280054e-11,5
"19846",0.930667349117349,0.00016119736918683,5.20830327925913e-20,0.000439656689208403,0.0226368686648167,5.7677221464944e-09,0.0460949223917167,1
"19848",0.0670700456319822,0.000236941886209617,4.57483215287659e-17,0.00274507439462704,0.918158242211147,6.68317446160408e-08,0.0117896290442894,5
"19850",0.977625302830027,0.0150009548465373,1.46844230929327e-11,0.00670667397686451,0.000667001501939305,2.50894368031329e-08,4.17405105099811e-08,1
"19852",1.58018722233131e-06,0.00297643715743432,0.394361264331706,0.60266051000882,2.13366088890543e-11,1.16749555751582e-07,9.15439251073619e-08,4
"19854",0.0668663861901529,0.000709997741633192,8.43136117169242e-16,0.0173422351551341,0.875074285754752,8.4936816944593e-07,0.0400062457901578,5
"19856",7.62053318293572e-19,0.99759241521835,5.24596223462927e-16,3.40032128070966e-05,0.0023735521359008,2.0953711885851e-08,8.47923035763535e-09,2
"19858",1.74228849468662e-24,0.999923635618381,1.44869576785682e-07,1.00015503630435e-06,7.37636940002388e-05,1.45566300576476e-06,1.45376175051465e-16,2
"19860",0.000150336581465532,0.00759962410315405,0.379868864584113,0.612381003912747,2.53204145370366e-18,2.90905295149893e-09,1.67909467426335e-07,4
"19862",0.996310424078404,2.94993090710083e-05,1.58584204166728e-22,9.33148603956845e-05,8.01866549146711e-12,6.86839678971556e-09,0.00356675487571338,1
"19864",4.64746948586163e-56,0.0104012655358135,5.95356035778574e-27,2.49029807454068e-14,1.11183083707515e-42,2.49119226162056e-07,0.989598485344936,7
"19866",5.61704398672307e-28,0.296870907878574,0.0828921375500047,0.620032082087065,7.36388403771882e-36,7.42532712657626e-11,0.000204872410103664,4
"19868",1.49251573284642e-66,9.90069502067423e-07,9.82560294968764e-33,2.50166375128352e-17,7.16563225516611e-49,0.999999009930498,1.25049504413447e-36,6
"19870",0.634118910830193,0.00157488108787489,1.7616776196304e-10,0.237679918295093,8.25976883996796e-09,2.59741090872704e-07,0.126626021609811,1
"19873",0.00024989424074808,0.0417128578149057,0.000547823810954858,0.942006504803828,1.14011844311416e-12,3.95962560036325e-10,0.0154829189324609,4
"19875",1.31447423652468e-20,0.00770608433548649,0.979357634952529,0.0129362557780781,4.50011010154369e-38,2.49339065271169e-08,2.00136553214409e-18,3
"19877",0.0632137140696521,0.00481391773166688,2.31729162402381e-05,0.929505903244951,1.99250081112071e-07,4.13274135758424e-06,0.00243896004605157,4
"19879",3.97861015266912e-11,0.00376117082886948,0.000245645899065693,0.995978703841604,2.22663268309748e-09,1.05872178428701e-05,3.88994619959222e-06,4
"19881",2.53549162846216e-05,0.05615309761226,3.86581744463451e-08,0.917534257482445,1.99350725765492e-10,6.79168896974113e-08,0.0262871832145956,4
"19883",0.000248795983694041,0.00613270869765504,8.36851121097309e-11,0.0758659758748401,4.67468010998523e-15,3.76230561760556e-10,0.91775251898389,7
"19899",1.46150196228415e-15,0.0355456286927094,2.97301543519537e-06,0.964428847720597,4.56683905876168e-31,2.19823270104118e-05,5.68244246686439e-07,4
"19908",1.35811766004146e-61,0.999999836201384,2.64792918575834e-18,2.47675885377777e-09,2.7029671393181e-39,1.61308426068564e-07,1.34305437104385e-11,2
"19910",7.00383381816624e-06,0.00275028595321136,0.0619073713599879,0.934731350232162,5.31161955038762e-10,1.83933101274177e-07,0.000603804156556721,4
"19912",1.2691605560499e-05,0.00236558578446206,1.7604688402752e-25,0.000410840089125716,5.03260696490342e-13,1.3524984008887e-09,0.99721088116785,7
"19914",3.57245047808094e-10,0.015798479295171,0.00237400226348013,0.981717495550299,4.84185413132917e-12,0.000109917818542954,1.04710420198069e-07,4
"19916",1.84757169702411e-51,0.999998831846261,1.09673507851181e-06,1.39744943360512e-08,7.09290572332725e-31,2.07180487260317e-08,3.67261176757482e-08,2
"19918",0.785279628976796,0.00439073464029432,3.26559039276978e-10,0.0711360755995008,0.0617234480910802,2.61917652512966e-10,0.0774701121038515,1
"19920",0.0020187980662596,0.00141598650308655,3.9078585614514e-15,0.000413282191500997,0.996001852623099,9.21625611557266e-12,0.00015008060683357,5
"19922",4.39971796804871e-16,9.8254764941812e-07,2.3908082758589e-08,3.74628227478406e-06,1.29576067988202e-41,0.999995247261993,8.51840384269855e-22,6
"19924",0.00198144421598942,0.0140200645118157,1.00842272068212e-06,0.972257716111692,0.00941664732859529,1.11137721590963e-07,0.00232300827146522,4
"19926",8.75256852900239e-18,0.0157397256061883,1.92883929751033e-06,0.975310560891544,4.33545280043834e-37,0.00890076599313669,4.70186698334396e-05,4
"19928",1.60753100103701e-51,0.000117112131868665,4.8394984173837e-43,4.36033769963481e-22,2.45140254420308e-39,1.4435740623434e-06,0.999881444294069,7
"19930",0.962824717955505,8.78740598153155e-05,2.21910368337954e-07,0.0370089048048298,4.51371388507614e-12,4.16679021600838e-07,7.78645859457351e-05,1
"19932",0.997342576587358,1.29488243118703e-05,8.11627904239792e-14,0.00264129924756781,5.20634662537752e-07,2.03515512399602e-07,2.45119050685565e-06,1
"19934",5.61749639628822e-16,0.0568067369841805,0.323171047010424,0.620019640170646,3.87972763811985e-16,2.5758347482787e-06,3.41922175059547e-17,4
"19936",0.00191523347181753,0.0213625696405716,1.97158145963535e-06,0.976112612411627,7.80179811110531e-16,0.000607584632131953,2.82623914621594e-08,4
"19938",3.55451108413949e-48,0.750162560560261,0.0022201812952295,0.247564575748188,6.95431869232051e-21,5.26823963206406e-05,1.48206533981303e-15,2
"19940",2.722092204435e-06,0.00442136310632154,8.99389025229788e-05,0.889744039358214,5.47141248398357e-10,3.39404442398733e-08,0.105741902053152,4
"19942",4.11215668464456e-34,0.00737705999489791,3.66028350947158e-30,2.65657959406538e-12,9.55356367979262e-37,2.6898444545158e-10,0.992622939733461,7
"19944",6.84573535069623e-09,0.00870344523953813,0.0624219668214174,0.928199891836892,2.12495725631342e-13,2.60109548092635e-07,0.000674429146656831,4
"19946",9.91267837874188e-05,0.0162624368254137,0.0218172897110903,0.961785948166903,9.08893246735313e-06,6.98044289551572e-08,2.60397759095065e-05,4
"19948",3.58573201988462e-28,0.000537423432882893,3.69760717912974e-28,5.10246516773893e-13,1.44425337096576e-30,1.02845518353576e-11,0.999462576556322,7
"19950",1.20090558652766e-12,0.000763550666499564,2.11521255034186e-22,3.21102011507003e-08,0.999236403259415,3.63318945172038e-09,1.03294939839643e-08,5
"19952",3.58573201988462e-28,0.000537423432882893,3.69760717912974e-28,5.10246516773893e-13,1.44425337096576e-30,1.02845518353576e-11,0.999462576556322,7
"19954",0.991619840116818,2.36586731700098e-05,1.49350279396816e-10,0.00821863619765892,2.88958607681269e-08,5.00782220948064e-08,0.000137785888920569,1
"19956",1.37593673741005e-08,0.999951343525894,1.01501952763497e-28,1.47703948969496e-06,1.34030267120808e-08,4.20802382740338e-05,5.07203394805275e-06,2
"19958",6.89335074061309e-43,3.9239259734274e-10,9.9968799968075e-21,4.37482662842117e-18,1.97621043111917e-41,0.999999999607607,1.66679420823278e-36,6
"19962",7.32483768365334e-12,0.952859958928085,2.67003529341303e-06,0.047100475498661,2.60661436039271e-06,3.4288880066355e-05,3.62091204563909e-11,2
"19964",1.04236821508004e-06,0.0242126446604264,8.94509790803072e-07,0.968852583745312,7.45072354376942e-10,1.60724950989353e-05,0.0069167614760846,4
"19966",2.20995205914685e-46,0.82770697976912,0.00255976175487446,0.169732583163616,1.13316008790299e-51,6.47323273981376e-07,2.79891150343691e-08,2
"19969",0.160481650761935,0.0296167367786043,1.97601930857904e-09,0.744523896108052,2.45569896510969e-20,5.57491098498778e-09,0.0653777088004788,4
"19972",2.12713344396768e-08,0.00199054949716484,4.05473574615545e-16,0.00390253349290307,7.61830892314185e-06,1.25505922276512e-08,0.994099264879082,7
"19974",2.40717609984171e-05,0.000370425490464315,9.54546499902316e-30,4.82768410829977e-08,0.40043300902701,1.14059524330288e-10,0.599172445330627,7
"19976",0.00119386075403127,0.0113384745618527,4.19825899817303e-05,0.984198221189265,0.000192948861759506,1.35395591723398e-08,0.00303449850355075,4
"19978",1.07993482464226e-07,0.00558823816284595,0.325837528262139,0.668548425149072,5.24188381746319e-14,2.95868483976283e-10,2.57001365397766e-05,4
"19980",0.278989101339726,0.000140757585388028,5.99207154515058e-18,0.000803927033473918,0.719939628405307,2.77065218586072e-08,0.000126557929582756,5
"19982",9.38103524275311e-07,0.555989116741867,1.19090935889591e-14,0.0129878158494718,0.431011362248165,1.07635725463948e-05,3.48441349249834e-09,2
"19984",5.03868572532654e-18,0.0251101737287422,7.21224308823137e-17,5.81737911782133e-08,0.974889753719005,1.11350220373959e-10,1.42671112812899e-08,5
"19986",1.98595440855636e-59,0.0295002281651986,0.95836218741563,0.012135894640521,2.88479425772306e-48,1.6897786510601e-06,5.87722999519056e-19,3
"19988",1.50966513310616e-75,0.00967854955026566,0.9903122827148,7.18013619966117e-06,3.32004091384187e-61,1.98759873450546e-06,8.24239120829171e-33,3
"19992",1.18374969495702e-56,0.0012574019374644,0.998640609528098,0.000101979625306827,2.130151217396e-36,8.9091306302615e-09,3.19675726178831e-30,3
"19994",0.961290467118653,4.74271433899639e-05,1.67638337164039e-07,0.0385425167091999,9.40495352589492e-14,7.76929599873169e-06,0.000111652094326693,1
"19996",1.32050531640605e-47,0.00276511670366293,0.995133381440048,0.00210150005236387,3.45614878302958e-32,1.80392579069508e-09,2.42102948370155e-25,3
"19998",1.11953065172145e-18,0.994379774436954,2.69491730753098e-12,0.00550305677008837,2.67838521992797e-19,1.49047053839155e-09,0.000117167299792858,2
"20000",1.40444479717516e-07,0.0133023328530048,2.07415128378045e-21,0.027029401511436,9.65667587303138e-28,0.959668076252929,4.89381508451169e-08,6
"20003",0.0451129289032767,0.00168594874848996,1.04522935833425e-05,0.95190663204681,5.53405892418836e-27,0.000300304257402054,0.000983733750437563,4
"20005",3.68259897574465e-05,0.000179598895774133,2.00622491498907e-20,0.000418817538389832,0.89961870876802,7.19370521572352e-09,0.0997460416143536,5
"20007",1.09044009589407e-12,0.0183450428251804,0.00474565668990904,0.976909223480757,1.55150008459364e-20,7.6964438953962e-08,3.8623942266997e-11,4
"20009",3.44701605447731e-46,0.999644036909616,0.000117365129825681,0.000236106443158505,1.87810144738001e-21,2.49151738203707e-06,1.82074759682212e-14,2
"20011",7.20889572547437e-09,0.0132459404490494,3.45415105356011e-11,0.242820013140146,2.18898388137271e-06,1.44167838685035e-08,0.743931835766702,7
"20013",0.583206650543213,0.0100522914573714,2.68899339065994e-09,0.260118564148853,0.146587266908499,5.43686542060412e-08,3.51698844156938e-05,1
"20016",6.96520089499436e-64,0.772768994494281,0.226740884165027,0.000420306692387629,3.51481316940551e-34,6.98146483048892e-05,4.49759390636624e-23,2
"20018",1.31269738562942e-130,5.19004476665033e-06,8.07316806772621e-09,6.59507167229074e-26,1.93751279935665e-106,0.999994801882065,2.80995582912108e-61,6
"20021",1.11846868420441e-15,0.00581326660261372,0.984414272027641,0.00977038276175468,5.81502936918033e-41,2.0786079541722e-06,3.51864222274261e-14,3
"20023",1.49819589585361e-13,0.0264632175324884,0.0819152847124861,0.891587372116537,3.20240784046233e-12,3.41196489817854e-05,5.98615472274447e-09,4
"20025",1.72169784739287e-70,0.581864740675713,0.000938633712868244,9.63788498391404e-13,3.58471970065774e-90,0.417196625610455,1.26882519324657e-45,2
"20027",0.00148683724226415,0.00269948737451331,1.06612863474765e-17,0.0194826948619573,1.61530059869994e-22,1.40153965035986e-07,0.9763308403673,7
"20029",0.904836025952824,0.027024261306985,1.09856850486569e-15,0.0315484690408046,9.51552930948685e-11,5.57013763131609e-11,0.0365912435485287,1
"20032",0.76349579676295,0.000102212098232767,4.10839335293854e-14,0.0273024242410506,5.46076467451634e-15,9.40378867429632e-06,0.209090163109046,1
"20034",6.35811298602509e-25,0.000832194636864046,2.62157373849804e-23,2.55663933761997e-09,2.39455787776141e-31,1.07083857910899e-08,0.999167792098111,7
"20036",8.64089071948974e-13,0.969702463469932,5.18291362603283e-10,0.0302975240071799,1.34107529984696e-10,1.03190333523908e-08,1.55059186782932e-09,2
"20038",2.0033113311555e-35,0.00811530848599002,0.839367335355887,0.152409917516985,4.84932220662778e-54,0.000107438641138041,1.03003668938675e-19,3
"20040",1.46301293550329e-89,0.965769687039133,0.00105690535165932,1.63398104210889e-10,3.24010934820323e-47,0.0331734074458093,2.76246190794231e-21,2
"20043",7.18451803483604e-24,0.0285273948867047,0.965583857381545,0.00588862864735893,6.8835917345796e-30,1.19084390949548e-07,1.01608880966897e-22,3
"20045",7.55072850307575e-79,0.021110340383729,0.978392901837449,2.63677299960031e-08,4.53321990594383e-46,0.000496731411092173,6.00624397129722e-42,3
"20048",3.77206074589561e-16,0.00192043555187891,1.8151968345534e-25,2.17011845299217e-14,0.998079561585788,2.86231017398599e-09,1.14702615248329e-15,5
"20051",4.80446655243909e-08,0.886282281321031,0.017602199620477,0.0960763794349828,8.92146856024013e-17,3.90915788435592e-05,9.33326226131644e-26,2
"20053",4.51400242722197e-23,0.175309235858116,0.205476752415443,0.619213863073368,7.53225504964083e-11,3.78707818108695e-08,1.10706969348054e-07,4
"20055",1.11803509610702e-25,0.0994194462597891,0.00123952654535984,0.888956747386556,2.61540833941828e-66,0.0103842798082948,4.65956501566365e-17,4
"20057",5.69761020550703e-67,7.55792195165442e-15,8.27822009614963e-48,5.02733986784743e-32,4.8151626694533e-56,0.999999999999992,8.03454133651625e-37,6
"20059",5.31046065616829e-26,0.405783448796924,0.168969925947949,0.416049369806515,6.56637223047401e-23,0.00919724346139746,1.19872155282005e-08,4
"20061",5.22613182496986e-13,0.0565001522169319,0.283535579535709,0.659963606618761,2.10658003219802e-24,6.24464274867272e-07,3.71638000428215e-08,4
"20063",7.12446286469353e-79,0.999999912696972,2.64262528982735e-16,1.85760274304193e-22,1.96982377437422e-13,8.7302830689705e-08,7.79599973279725e-24,2
"20065",1.25902115638071e-62,0.00119133454446867,0.0437803291106407,2.17829008422075e-09,1.94509279247475e-102,0.9550283341666,1.14104607090647e-49,6
"20067",3.28683136596741e-38,0.0991418110173176,0.899981763796149,0.000717037720620668,1.17310746501357e-15,0.000159387465911672,3.16681747809051e-30,3
"20069",0.0300929933794781,0.000164362503340486,9.66395877464819e-18,0.000323168250176101,0.969415899431259,1.73581337706596e-08,3.55907761224894e-06,5
"20071",2.76412882817754e-22,0.860006485215009,1.35320599769425e-08,0.139990898661472,8.03473862177881e-31,1.48933103729806e-07,2.45365835489755e-06,2
"20073",3.27824313942804e-06,0.0703738740583284,8.15900085278717e-10,0.00332477552954952,0.926115781511056,5.01092465464475e-09,0.000182284831101542,5
"20075",4.17908816281962e-43,2.32999739352695e-08,6.01802966646229e-26,2.10131740088521e-13,1.19824635632007e-62,0.999999976699816,7.46400441605796e-40,6
"20077",7.50268581320205e-20,0.00105096020615909,0.781396799673972,0.217552240106591,3.3673749799186e-14,3.65752808782565e-12,9.58740483322367e-12,3
"20079",3.14497303554401e-21,0.999997917460723,5.1509230970371e-07,1.56696842483514e-06,6.58914101213197e-12,4.71953779682418e-10,1.31430144567063e-24,2
"20081",6.24769098856184e-29,0.141259347677853,0.213809853326532,0.517038270049905,1.4760556070436e-28,0.12789252894571,3.96063931218051e-24,4
"20083",5.15641407038833e-33,0.999999881746019,2.10955048336872e-19,4.15021490027851e-08,6.48865886131521e-10,7.61013394481889e-08,1.62637889501573e-12,2
"20085",4.02282847315354e-71,0.00518204355308595,0.994799297861404,1.89003160512574e-06,5.40802010046593e-67,1.67685539053208e-05,6.44911099637611e-37,3
"20088",1.44848451532771e-26,0.00890179530009935,0.979969533629439,0.0111226530198857,1.15351551872774e-33,6.01805057567259e-06,4.90889465195234e-24,3
"20091",1.29693801677325e-45,4.62663171154396e-06,1.37051909306733e-08,6.50584471422162e-08,2.01675633139302e-42,0.99999529460465,1.36782306881989e-36,6
"20095",2.03455989764207e-53,0.999899633201749,1.63190786089833e-15,3.18070949005399e-06,3.29750888977163e-09,1.85907292169056e-07,9.69968839587159e-05,2
"20097",3.09090996233923e-67,0.0059214940181121,0.993887800112603,1.68219379287139e-06,8.46353807594013e-71,0.000189023675491639,5.94555682824385e-42,3
"20099",2.94089676854213e-41,0.999609522470258,0.000140738789434691,0.000173415985373907,3.5303150204846e-18,8.45952502830653e-15,7.63227549249958e-05,2
"20102",5.53281780870215e-32,0.113074215932606,4.09690747486585e-13,8.33060824860478e-11,5.98545545259428e-11,0.886925783923824,2.19087753730555e-30,6
"20105",7.11030150434747e-23,0.13945570228526,0.859143700645508,0.00140059677366915,8.11958509990312e-23,2.95563241742449e-10,7.27059615190326e-26,3
"20107",7.1899701806343e-32,0.00299977346968171,0.420315181763665,0.576685039832582,1.10892203137547e-29,4.93383467078724e-09,2.37024832418307e-13,4
"20109",5.74542715998489e-22,0.952163495583884,0.0448557852301317,0.00295670809751901,2.40083889182236e-05,6.22605640000880e-11,2.63728666822665e-09,2
"20111",2.84198083912553e-20,1.30922294934415e-09,3.08335655386677e-26,9.66821345274295e-11,1.04808574886956e-26,0.999999998594095,5.0012373695164e-20,6
"20113",1.40783169712023e-29,0.0768766864348871,0.00121327315283495,0.921892304209902,1.32409786640716e-41,1.26511825830686e-09,1.77349372580946e-05,4
"20115",0.0146529018774957,0.00245893916655436,3.7857061060354e-14,0.0416353771299336,4.07792235787253e-23,0.940557787809512,0.000694994016466528,6
"20117",1.90312378895387e-92,4.00878562855579e-05,2.51617326485681e-22,2.21771884833771e-12,1.50311655787729e-68,0.999959912135099,6.39793426882518e-12,6
"20119",2.93117181415501e-46,0.943602340069151,0.0219901317153198,0.0344064635708902,5.31873139114771e-56,2.62850291836907e-09,1.06201613572653e-06,2
"20121",1.02725279740619e-40,0.00634815524805215,0.813516621762898,0.180133934320646,7.54664500543137e-37,1.28866840326737e-06,1.16979821079241e-15,3
"20123",1.33689486317142e-48,2.74656658863272e-05,1.45357012800353e-07,7.44578279349433e-09,1.20698461133445e-69,0.999972381531318,4.01318211278256e-43,6
"20125",0.989870965405476,0.00107526233384493,9.98618026907526e-12,0.00896838653611262,8.46380961116507e-05,7.1444813959092e-07,3.31703289995767e-08,1
"20127",2.27209574303228e-60,0.0200703621912555,0.979929368822328,2.37166509218425e-07,3.7836140847014e-37,3.18199074123578e-08,1.48531268073022e-36,3
"20140",1.28762242466378e-28,0.19188332663734,7.3484231732289e-08,0.773890274251328,9.34174785608698e-50,0.0342263256084117,1.86876664850626e-11,4
"20142",2.89264455241257e-05,0.000880648785830577,3.60694745183123e-21,1.13974132337972e-07,0.999090300950784,9.60903376739269e-09,2.34695074617318e-10,5
"20144",0.0341913643182984,0.0307546919028231,1.29175737356617e-16,0.036703120436005,2.41778390199597e-14,0.89835082314354,1.99309226887094e-10,6
"20146",3.31168586082722e-10,0.996019916519801,1.30580953282252e-10,0.00397700276252353,1.18556503180836e-06,1.89469048145294e-06,4.12793519973428e-13,2
"20148",0.143399356563792,0.022454009108857,0.000194795052779898,0.833951578738921,1.43154371701663e-16,2.57145979567022e-07,3.38966998167066e-09,4
"20150",0.488409253714256,0.000380930463807884,6.39029144124901e-24,5.52208312862576e-05,0.441233468621246,3.66144592206883e-09,0.0699211227079577,1
"20152",0.0503221989230827,0.0119578189742928,0.000179644678794729,0.937528107072383,3.26499858901294e-11,2.96547999924129e-06,9.2648387974959e-06,4
"20154",3.30604696071344e-62,0.00383153196713117,0.000125141137940871,5.35398277515005e-12,2.03024029995171e-43,0.996043326889574,1.86434744165624e-58,6
"20156",1.2858460220813e-22,0.677035895244295,3.993376206284e-05,0.322856085181538,2.73033668927243e-10,6.80840932954781e-05,1.44577450355752e-09,2
"20159",5.1715292673288e-08,0.00413659131162298,4.06854351678303e-18,0.000444026157354949,0.995386125589716,3.61489459654418e-07,3.28437365539304e-05,5
"20161",6.41225580033182e-15,0.997764698448017,3.73772287599574e-14,4.54701125396734e-07,0.00223359865501899,1.24813697489217e-06,5.88198100583629e-11,2
"20163",7.09161890920893e-05,0.325044954555494,0.000259020720366244,0.666354319878919,9.02657166434559e-38,0.00827078806747595,5.88652706195713e-10,4
"20165",8.30946686150666e-27,0.993703573812012,8.40947000775438e-06,1.13201551254122e-07,0.00628790250038941,1.01603986478936e-09,9.34347805132105e-21,2
"20167",0.901565999931931,0.00138377481075106,1.61358744494276e-05,0.0969940128164139,3.9387447991003e-05,4.28260453658797e-10,6.88690203278512e-07,1
"20169",9.02767719595502e-12,0.000552520600935709,1.96499914577641e-24,5.47363187355619e-12,0.999447477930561,1.45386982031626e-09,1.31951122021724e-13,5
"20171",4.22124763346159e-86,0.003098294520371,4.55584964211828e-07,1.03502040428094e-17,2.10191692710502e-49,0.996901249894665,4.91419270929676e-66,6
"20173",2.81942141407969e-47,0.999999997825241,2.276969634754e-13,2.19956352026064e-15,5.94077632991114e-17,6.86954206952589e-11,2.10583334618624e-09,2
"20175",0.0270335610659791,0.00992830665017666,5.97350374192487e-09,0.936125405426075,7.00695914946347e-06,1.92348700583026e-06,0.0269037904381104,4
"20177",2.53595495819011e-44,0.993458138541949,4.18992363387452e-06,0.00635475611329332,1.13202213471041e-20,3.04582653725269e-09,0.000182912375297808,2
"20180",9.87252081654366e-48,0.0262752778989078,0.972506048312412,0.000908687720964615,6.12315901426452e-76,0.000309986067715733,1.58968798030048e-18,3
"20182",2.18175600950233e-38,1.45707441063082e-06,4.89065851475259e-53,1.54520935080694e-26,7.70642811506816e-10,0.999998538880801,3.27414579197625e-09,6
"20184",7.89088067894225e-05,0.00446244824609312,4.97927849502227e-13,0.000914857735373617,0.994542996909643,2.85782957345614e-09,7.85443772956485e-07,5
"20187",8.76468812905603e-30,0.784323576731738,1.60999681676686e-12,4.81990261416217e-06,1.92177213123203e-15,1.64561576204397e-11,0.21567160334758,2
"20189",8.55472400428256e-13,0.0884860752419846,0.593377555528746,0.31802459793172,5.91267380560795e-29,2.35039982076811e-10,0.000111771061653256,3
"20192",6.1624089361407e-52,0.138015130904475,3.04050751958269e-06,2.86814959963352e-12,1.19516848834143e-69,0.861981828585137,4.3501742676976e-22,6
"20194",6.1615504757101e-15,0.965626225233434,6.51176323999993e-24,3.19180105487247e-06,2.35760012096052e-06,2.1830838068917e-12,0.0343682253632012,2
"20196",1.02766458565982e-56,0.141889911509997,0.719021640290004,1.23421803994765e-05,4.29793486235397e-55,0.139076106019599,8.79886578024479e-35,3
"20198",2.15353441345265e-09,0.243349451623751,0.000154908500923753,0.754262906857439,4.61281721259801e-15,0.00223269655740502,3.43069419479624e-08,4
"20204",0.955031897442879,0.00032775582200951,1.21843798611032e-16,0.000747213362116272,0.0438895060219111,3.54271191848561e-06,8.46391654970129e-08,1
"20207",1.93493169946651e-43,0.319395124723511,0.649482395088097,0.00261758459155898,2.3202968868814e-25,0.0285048955968326,5.60282568975832e-37,3
"20209",2.09117184188128e-12,1.98417908459345e-06,2.60577569094225e-23,0.000113301358142839,3.78153123337289e-55,0.999884525263978,1.89196703922213e-07,6
"20211",1.07405562597324e-38,0.000192889982477865,3.22940362747831e-06,1.03641471900822e-07,3.47747296868552e-55,0.999803776972423,3.10525615671445e-49,6
"20215",4.23554740592418e-22,0.017298201081353,0.911617688026509,0.0710841108374505,1.20669629518741e-32,5.46875711645496e-11,1.9084640943038e-20,3
"20218",0.00733620044931627,0.000362185194127103,1.12073549195418e-19,2.42973522110668e-06,0.992299176318901,7.1699217949723e-09,1.13251258894436e-09,5
"20222",9.80643210795696e-31,0.801749643794033,0.195919029744695,0.00179221350993899,1.88043249195093e-28,0.000539112951332562,6.66753361127937e-37,2
"20225",0.00101535270462603,0.992561644492649,9.34681381927919e-18,0.0059251323699897,1.63081093352183e-14,0.000497870419380703,1.33382970889211e-11,2
"20229",3.09671918943302e-15,0.925786335901017,4.29124356655009e-10,0.0741187601696004,2.5902044104209e-36,9.49035002535197e-05,1.88283343395396e-15,2
"20232",2.70382011469067e-25,0.0387784159301136,7.11463396353961e-05,0.961091394672562,9.43118661599331e-27,5.90425624550646e-05,4.95234024216097e-10,4
"20234",5.87159807920286e-111,0.0352913915076102,0.0618205569831662,3.82202978479125e-15,1.34045274929839e-101,0.90288805150922,1.13024389650085e-42,6
"20238",6.19610535137772e-36,0.261598379467727,0.661280987900286,0.0771180658431225,4.3459579389471e-30,2.56678886441043e-06,6.76067128414408e-19,3
"20253",2.72385134457437e-42,0.00347928124274666,0.993982037793648,0.00253868070115865,5.96768182405829e-42,2.62446859156778e-10,3.67682394131224e-25,3
"20255",0.94624212037031,0.000110536074845862,3.69035329948585e-10,0.053553566617069,1.21936724676641e-12,9.37650127138763e-05,1.15548062458193e-08,1
"20258",7.54189794410245e-35,0.00864326882863504,0.990919575283057,0.000437083116031597,1.81142472617296e-45,7.27722761211917e-08,5.98647577252746e-22,3
"20269",2.64522199418456e-16,0.281722860310395,0.702788282808883,0.0154888396017896,2.49389057355729e-11,1.72539925375417e-08,9.44794803640628e-16,3
"20271",5.30907067857272e-43,0.712256153994396,0.287396445995888,0.000347383385024989,1.09745114305638e-56,1.65653449428209e-08,5.93457834244195e-11,2
"20285",1.44284536424872e-23,0.961637972846159,2.08490143877144e-18,0.00161265107053034,9.18595319451143e-16,1.27593473262138e-07,0.0367492484898363,2
"20288",1.13953156771682e-24,0.0436647651603248,0.0181338940385028,0.938201337504536,9.94767465468501e-29,3.29663583294584e-09,8.55154985966584e-16,4
"20291",2.92423720586361e-54,0.0175471762417078,0.0085726953174493,0.00556483102061026,4.31634174539095e-40,0.968315297420233,1.50841486105328e-23,6
"20295",1.67072876551752e-25,0.999820156779562,0.000178919293288175,8.68024044834211e-07,1.88050626764926e-24,5.53637162413479e-08,5.39388378845345e-10,2
"20298",0.985554065633998,0.000307484171006798,1.90757293238372e-14,0.0141271455164537,7.42697388637323e-09,3.54758701861874e-07,1.09424928462571e-05,1
"20302",3.33125277599471e-06,0.0767261652806046,6.24570638375187e-13,0.0197721084572178,0.901219330701304,9.3665517985267e-07,0.00227812765229298,5
"20305",0.995060452738987,0.000152843697066498,2.17027005355991e-16,0.00457237954763269,2.14410395574446e-16,1.16244569379254e-07,0.000214207771744264,1
"20307",4.37929685449061e-41,0.00629404372590126,0.966837334708247,0.0268510244919735,4.41335302507779e-37,1.75970738787802e-05,1.4559131527486e-24,3
"20310",2.8055307256308e-98,0.640566514332054,0.359430743009637,2.16851606739585e-11,1.37508402837113e-70,2.74263662414257e-06,9.32438511255824e-38,2
"20313",4.49825359768691e-19,0.00240272320585252,4.70940468373232e-29,3.6040549316797e-10,0.997333730327535,5.79360939359217e-10,0.00026354552684584,5
"20315",1.09170419597604e-38,0.0423320293161001,0.228793016933688,0.728874933306757,2.09421698067314e-38,2.04433649383079e-08,8.92002888394818e-14,4
"20319",4.19366283226092e-50,0.24277545169177,0.0208303803282416,2.91924676391329e-07,4.69370035962957e-64,0.736393876055312,3.06638910271546e-43,6
"20321",3.11377575583444e-43,0.00789866899821614,0.992094198017728,7.13298100577866e-06,6.90333680276192e-37,3.05039881316836e-12,1.94383506309468e-27,3
"20327",2.71724560727118e-45,0.0194552045025991,0.979364973482007,0.00117982161998475,1.12643277773826e-39,3.95393447170191e-10,1.56910377893513e-14,3
"20329",1.55621378445884e-25,0.025301409422278,1.69918001539454e-29,4.76205246345032e-10,2.96598892442253e-12,8.90395668047275e-12,0.974698590089647,7
"20335",1.18423534832186e-58,0.0310821736283515,0.94951331228495,1.61239178502294e-06,1.97942562816674e-40,0.0194029016949135,2.69392171582001e-43,3
"20337",0.000291014484854409,0.000180676541193917,1.03141413180097e-16,0.000575740062723035,0.998938861360724,8.18028260363509e-08,1.36257476787987e-05,5
"20339",1.03852644712106e-33,0.0265499570341863,3.27336654231645e-13,1.18740385457311e-07,2.41886071834302e-64,0.973449924225101,9.46809297109723e-25,6
"20341",4.32238802056192e-63,0.00545955329166242,1.99311314183796e-07,7.10279890265601e-10,4.77400549016572e-27,0.994540246686744,5.6659959257277e-40,6
"20343",1.04431708548956e-64,0.76289970138194,0.236902018013456,1.15388293111467e-08,1.41161120119536e-26,0.000198269065774861,3.4976898877937e-37,2
"20345",0.0113108967561345,0.00707000971887088,2.29270345041728e-08,0.910265433187705,1.89750845066457e-28,5.9067694118275e-05,0.0712945697161373,4
"20350",3.56165106567228e-53,0.999757070636381,1.09483073546973e-13,3.5541859142283e-06,2.78776334529971e-24,0.000239375177591995,3.22416198599914e-15,2
"20352",4.11284438248533e-11,0.000697766974632857,1.00580230916538e-19,1.67323146059189e-10,0.999302232547754,2.69141795226005e-10,2.02752189782001e-14,5
"20355",2.8354268888034e-17,0.970974120036446,1.55935244170044e-11,0.000103011439356577,0.0288279829745587,9.48838265547931e-05,1.70749066526937e-09,2
"20358",6.18654608233222e-11,0.0102038287149283,2.00085039879941e-27,9.32299893194239e-09,1.95945824013432e-10,3.98576261664248e-13,0.989796161703863,7
"20363",3.45098271093422e-30,0.00276737120220442,0.996887755005121,0.000344873785228405,4.17546333515962e-32,7.44568170417661e-12,2.55125056619902e-25,3
"20365",4.62229572267562e-23,0.0133908523963441,0.00520187804998174,0.157858167743235,1.52689682774255e-40,0.823549101810439,4.18064408936841e-24,6
"20379",0.00203188288002031,0.00083801823308372,1.29451463037647e-12,0.362527897463941,1.93424023901095e-09,0.629703436018814,0.00489876346860587,6
"20387",3.57757758077665e-26,0.00892441611552098,0.982606462801789,0.00830868640634442,6.79935415260553e-30,0.000160434676345119,7.94582929970762e-22,3
"20392",1.51183324094904e-45,6.67644726033024e-05,5.70220495111263e-05,4.68348943151125e-10,6.48855558748569e-73,0.999876213009537,1.34079881350399e-54,6
"20395",0.011701598652026,0.0304240636752533,7.71663164458333e-05,0.957754457358163,2.97665423689083e-07,2.73910326019033e-06,3.96772294279728e-05,4
"20397",1.05101719485999e-45,4.52610631726886e-05,1.74641167630247e-46,4.55807405782021e-21,5.11357959723095e-10,1.27895843851395e-11,0.99995473841268,7
"20410",2.39381224175618e-19,0.0175204821435861,0.943023331484666,0.0394330968284494,1.3053352841897e-51,2.30889114088248e-05,6.31889422327572e-10,3
"20414",0.816926245818436,0.138851026073912,2.62709100473336e-08,0.0429949217344094,0.0012276265599699,3.83288693092504e-08,1.15213493304102e-07,1
"20417",7.67207552067735e-144,0.000247146460488578,7.83902009341771e-12,5.01810358141138e-29,5.46340668042542e-124,0.999752853531672,1.57586638490981e-52,6
"20419",2.41259338494028e-45,0.00462214441760345,0.995177468425675,0.000200387156716249,8.98551124375031e-37,5.81562380177858e-15,2.93051438299358e-17,3
"20421",4.83580751039044e-08,0.0531046882987368,7.9407900104178e-09,0.0226727317489821,7.55703274908879e-05,0.924146953325756,1.68594018211692e-13,6
"20423",0.96455818259835,0.00253824018225678,3.21127724923806e-12,0.0205119245976496,0.0122178296407633,0.000173811119702274,1.18580662359815e-08,1
"20425",0.0184007603732156,0.639644078497571,1.37345637663212e-11,0.259684871149021,0.0822623595400355,7.9304254049354e-06,1.01742319775503e-12,2
"20427",0.00064462747431514,0.0292435519794678,0.0353210095726917,0.934790643732976,1.91744818328368e-20,1.34697696815015e-07,3.25428522911538e-08,4
"20429",1.30248502784219e-55,0.9916231069007,0.00837237203245561,1.06707001825977e-06,9.33656034273493e-32,3.45399682615361e-06,3.31683264432673e-19,2
"20432",0.730193156189481,0.198110215982006,6.13812408313823e-15,0.000520386002441231,0.0711452919595068,2.11016941231893e-09,3.09477563893438e-05,1
"20435",1.35743908223989e-15,0.597245418820153,0.034930240154806,0.366217091528422,6.26710218090358e-37,0.00160724949058234,6.03597170653237e-12,2
"20438",7.76565796994925e-41,0.0104725571353497,0.985677086271395,0.00385035659306917,3.62297256944785e-16,8.3928294586065e-14,1.0153941348478e-13,3
"20440",5.1160954127495e-43,0.0888101417695167,0.907490643995349,0.00369920948050855,3.3281972813795e-25,4.75462569347571e-09,4.69337605232627e-17,3
"20443",7.75218707094707e-24,0.448113824126777,2.01255655527424e-14,2.80324043513445e-06,0.551883228743462,1.43616134028491e-07,2.73171084226947e-10,5
"20446",3.45723281561451e-14,0.745064807662034,6.86539157650681e-06,0.254922915808554,5.45064128898456e-15,5.41080346029115e-06,3.34334864589751e-10,2
"20449",5.46361820063087e-15,0.0227539697540784,0.0123124799727272,0.964743742135524,4.91149906289548e-26,0.00018980757857485,5.59090270389981e-10,4
"20537",5.9009078801649e-31,0.0296765561627971,0.320401222015049,0.000800859827665935,4.41911927210786e-28,0.649121361994488,6.6750603438879e-26,6
"20540",1.68907553900828e-59,2.33277288492767e-06,0.000103858248252352,9.11900024982919e-11,1.34557918798288e-76,0.999893808887673,7.74956458285695e-44,6
"20543",2.08283172433071e-08,0.0103583756760282,0.0126930433902219,0.976836025538748,2.38890170475699e-13,0.000112531932439655,2.63400660985802e-09,4
"20545",1.23981281007023e-41,1.51194954057745e-05,9.66566586190376e-07,1.60597470487957e-10,1.20649655077015e-50,0.999983913777411,4.30778942001627e-55,6
"20549",0.00423806910158572,0.00619287666776919,0.00462390368248208,0.983703426519639,0.000109276372196609,0.0011324475357948,1.20532920069222e-10,4
"20551",1.44023040052515e-15,0.00519633532835374,0.448498438827819,0.546302991812237,1.53554755576179e-11,2.23401621717578e-06,1.57279106942614e-14,4
"20554",1.67376526346854e-21,0.00714352875653797,0.907447722508719,0.0854082121754663,1.65022982870868e-19,5.36558381007716e-07,8.95620189231169e-13,3
"20556",3.30311629084486e-13,0.0675995613713208,1.43303869031534e-05,0.93184222301253,1.26319259017532e-19,0.000543885228916032,1.76817930338233e-18,4
"20558",7.989278118917e-41,0.00476537869034044,0.992724592959078,0.00250995869179227,5.47280523998324e-32,6.96587894240253e-08,5.44441446390735e-25,3
"20560",6.4636451803541e-15,0.00506170838407075,0.927742121419277,0.0671961352470141,3.4939436593131e-08,1.01919615558576e-11,2.38097191903129e-15,3
"20563",2.21112220524257e-60,0.015060949913633,0.984938775422965,1.4419553687391e-07,8.36311200717931e-40,1.304678654633e-07,1.83899628354633e-33,3
"20565",1.57006555972391e-20,0.719778245561466,0.134749831327885,0.145471922612375,6.54951760446116e-12,4.91724234750595e-10,1.14989794709383e-19,2
"20567",0.00403554218014908,0.0532038119474971,1.28535260126224e-15,0.00100264459211143,0.941008434985694,1.70787211562712e-07,0.000749395507335738,5
"20571",2.1263979815638e-71,0.999960418803221,1.0328640010373e-05,2.92425812966501e-05,5.05422053947437e-49,9.97547211673284e-09,1.48562457939094e-21,2
"20573",5.8032566581051e-17,0.00890311378686744,0.210637884334778,0.780449578379675,2.58473583709085e-12,9.42349519093762e-06,9.04332175938931e-13,4
"20575",2.53400383833957e-52,0.0990038926723761,0.900414166437037,0.000581933054318592,1.871999814274e-41,7.83626783872009e-09,1.60144208298193e-19,3
"20577",1.16147817771629e-09,0.0129605643363694,2.69792397206111e-05,0.987008964429827,2.56531883592884e-22,3.38457113145864e-06,1.06261473912571e-07,4
"20579",1.45466131577889e-20,0.00795507814496656,1.65929527503115e-32,7.40269837721292e-13,0.280523445692163,7.54558295806509e-12,0.711521476154585,7
"20582",5.72120101937838e-52,0.00820547731329898,0.991775190477419,1.93230364027455e-05,1.6351429410059e-47,9.17287873274062e-09,1.83429003678544e-31,3
"20585",1.32407863178246e-18,0.0198340124492228,0.0564998850834068,0.00171572514945021,5.13977137832069e-47,0.92195037731792,1.13094913105945e-35,6
"20588",9.06033497868147e-33,0.00128279323832606,3.01788129055137e-12,6.68998084059592e-05,5.05087204539199e-28,0.99865030695025,1.54477934236802e-21,6
"20590",8.70235512945042e-07,0.000644477554326456,7.12390922080454e-29,2.03631723509542e-09,0.972603090416404,3.31280213678211e-12,0.0267515597541265,5
"20592",1.62310410581258e-57,0.00206400282764062,0.997852488506673,8.35083890178296e-05,3.44321674013616e-30,2.76668241949422e-10,1.10633677273411e-28,3
"20594",1.79853944636296e-54,0.0235031620156918,0.976470026058869,2.63216340238192e-05,4.15951811786341e-58,4.90291415564906e-07,3.77817379035128e-26,3
"20596",1.83150745069694e-28,0.0551742186717303,0.12535691975882,0.819465245456311,1.62942237232865e-15,9.28015336665418e-13,3.61611220848836e-06,4
"20598",7.67032777690941e-16,0.00764812344115528,0.656391275986244,0.335960341393013,1.03182107157661e-16,2.59167310958835e-07,1.22759827443412e-11,3
"20600",3.50397184872135e-14,0.0635983494108054,0.000146938809992389,0.60973435708629,2.3977513329639e-15,0.326520354692874,1.92882432646555e-18,4
"20603",0.0528422806371171,0.122320494743754,2.09712838192011e-10,0.75694437266563,5.10775205410164e-09,0.067892759413827,8.72222067843126e-08,4
"20605",8.12642772481708e-38,0.0162317277816458,0.261779575780252,0.721984637119597,6.95504360766551e-46,4.05931782283678e-06,6.8198125897157e-13,4
"20607",3.36910682461038e-29,0.00149863706463472,0.663469056163451,0.33503230564254,6.57204699378146e-27,1.2962893585524e-11,1.11641093416168e-09,3
"20609",1.94021863839435e-18,0.0132999465819401,0.941828674125586,0.0448713215391858,1.22914940687716e-23,5.77532665642775e-08,2.16957368031277e-14,3
"20611",0.212748854157617,0.000345231973029029,1.39875730502316e-17,0.0113634114700229,1.23412108999046e-08,2.16909215225662e-07,0.775542273148904,7
"20613",7.1874778369126e-06,0.00560033605146282,0.535569504634597,0.457781917625023,3.94412470167963e-28,0.00104105077997217,3.43110733295199e-09,3
"20615",3.63056107981715e-10,0.0372792236198572,0.00165863400533796,0.960923608402739,3.61738399939843e-11,0.000138533572833423,2.19338907406476e-15,4
