"","V1","V2","V3","V4","V5","best$classification"
"19811",0.00372649297387167,0.937736649285842,0.0585191154112726,1.76566070240468e-05,8.57219891455208e-08,2
"19813",1.289968166856e-10,4.38011505932144e-12,0.999999997105871,6.6205199235031e-26,2.76075213945198e-09,3
"19815",0.295206616727694,0.702073332925332,0.000665349507158239,1.44070262921381e-14,0.00205470083980115,2
"19817",0.0398135168184466,0.959974734392656,0.00019857370472736,3.59132234505102e-06,9.58376182432608e-06,2
"19819",0.133908277388582,4.91891308885042e-37,0.000301887743634276,1.26769182578465e-32,0.865789834867783,5
"19821",0.0602523674489695,0.0789247600490152,0.860721979941851,0.000100791587895393,1.00972268870017e-07,3
"19823",0.000366178324915004,0.000100768913015945,1.19671011310485e-06,1.50480802904519e-17,0.999531856051956,5
"19825",6.1839648919329e-09,1.04501392257151e-38,0.999999993815547,3.76176623308269e-18,4.87594517126406e-13,3
"19827",0.019121841811008,0.14415349030482,0.00167449248608314,0.834811329309374,0.000238846088714375,4
"19829",0.853046297365116,7.46987758756954e-21,0.146948596020106,3.22628868103624e-10,5.10629214908947e-06,1
"19831",0.0554938190688059,1.99973895685518e-27,0.00206241261362284,1.89420904666091e-41,0.942443768317571,5
"19833",4.23405321991909e-21,1.40158987416537e-68,9.86932264977155e-06,4.47034263104978e-53,0.99999013067735,5
"19835",0.0602523674489695,0.0789247600490152,0.860721979941851,0.000100791587895393,1.00972268870017e-07,3
"19837",0.0442560281891544,0.672028698745662,0.000910239557953403,0.282803268209125,1.76529810474491e-06,2
"19839",0.0119440886963885,5.54811523175391e-21,0.988055881735078,4.48212476159579e-09,2.50864088834015e-08,3
"19841",1.70435393406357e-12,6.89019614369027e-28,0.96348854721468,0.0365114522497504,5.33865151082197e-10,3
"19843",0.00202840168845099,3.79029208453637e-39,0.997971594432783,1.67944867850947e-50,3.87876574632963e-09,3
"19845",1.74002202287198e-06,0.140956103287134,0.859042047939907,3.2591996111877e-21,1.08750935627071e-07,3
"19847",0.306423465100156,0.34349217172041,0.350079999522323,9.39499682852127e-19,4.3636571108917e-06,3
"19849",4.12480291843936e-12,2.5075623033777e-08,0.999999969818472,7.35817915473378e-23,5.10178001032893e-09,3
"19851",0.00317407742475136,0.996642335640566,0.000142386482836226,5.53880361600249e-07,4.06465714848547e-05,2
"19853",1.0901405364261e-07,0.0710247697925934,0.00438073611016521,6.3730699074036e-13,0.92459438508255,5
"19855",0.000535297963564568,0.998062403570079,0.000901859742003956,1.65620810462214e-05,0.00048387664330638,2
"19857",0.621885751450465,0.148351712257365,0.229747541782136,1.49883712300421e-05,6.13880337451539e-09,1
"19859",0.25231572155519,0.741423170311335,0.00596649867694592,0.000124425964396088,0.000170183492132394,2
"19861",9.27115890248152e-05,0.987749482845385,0.0121569361195837,8.55812186601407e-11,8.69360425804185e-07,2
"19863",2.18137322061399e-19,9.59913611111272e-20,0.999999976730508,2.32652632696125e-08,4.22929791510266e-12,3
"19865",2.52418729013828e-07,9.09576504143071e-06,0.00140086511019048,0.998589786596821,1.09217909279113e-10,4
"19867",0.0142429588179774,0.970572526786527,0.0151831140903462,2.55038897569683e-20,1.40030514889043e-06,2
"19869",4.58344007774292e-10,4.90704276363484e-05,0.999950904814686,9.76958991600035e-09,1.45297432242763e-08,3
"19871",0.275378117214305,0.711812110072025,0.000787280956323499,0.0119649081379201,5.75836194263507e-05,2
"19874",0.000239078444580328,0.993390251758667,0.00571775836769306,0.000645422248971332,7.48918008842071e-06,2
"19876",8.19235114040902e-06,0.999666035299363,0.000260521799214857,6.52314344424352e-05,1.91158392002879e-08,2
"19878",0.421953945337199,1.7253149979312e-22,0.578045594002072,8.57778764275443e-25,4.60660728484258e-07,3
"19880",4.08515092117163e-11,7.70471339435052e-08,0.000374534106010882,0.999625388421403,3.84600490709625e-10,4
"19882",3.07380584858386e-05,0.0150292526442255,0.984939490179631,9.01921409851048e-13,5.19116755540173e-07,3
"19885",0.370686035757362,0.626942364627304,0.00236977027014179,1.46161404199892e-06,3.67731150222922e-07,2
"19907",0.00956391854913496,0.512983023711036,0.477450803506707,4.32186865314568e-17,2.25423312105075e-06,2
"19909",0.993625743644909,3.24259145757808e-12,0.00637200478235558,4.60852449436994e-21,2.25156949255294e-06,1
"19911",0.799390860852679,8.9488077886711e-15,0.200604281778741,1.62389555155598e-08,4.84112961528447e-06,1
"19913",4.16949669935279e-14,2.9828736543969e-16,0.000396361384876223,0.999603637568794,1.04628813675311e-09,4
"19915",0.000127393931732355,0.00892652870563925,0.000138021764425254,0.990806523262858,1.53233534523194e-06,4
"19917",0.000120141172553476,2.4887064020375e-06,0.0156824410120834,0.984194597262926,3.31846035445773e-07,4
"19919",0.0558090152559124,0.704791629778399,0.00203649893117587,0.237339054003859,2.38020306540394e-05,2
"19921",0.00621815243847473,0.993443157509117,0.000337500237898716,3.07936114584172e-11,1.1897837156736e-06,2
"19923",0.556400708323099,1.39976525504823e-08,0.441572357085067,5.91617796420986e-26,0.00202692059418193,1
"19925",6.4696406221742e-05,0.000361297178804146,0.00114833681879248,0.998425527218971,1.42377210673584e-07,4
"19927",0.0308289654689823,0.968960901239288,0.00010251276270625,1.49042797929383e-10,0.000107620379980674,2
"19929",1.95583325394836e-18,7.55001432807693e-13,0.99294842466344,0.00705157533293727,2.86727650124317e-12,3
"19931",0.748378989105185,0.247526061093069,0.00367676613222231,2.80900964403473e-11,0.000418183641433374,1
"19933",0.998108293203771,4.74765381865422e-06,0.00179681538808772,3.36683245138792e-10,9.01434176392414e-05,1
"19935",0.743722896741855,0.000313517681701517,0.255963584414086,2.27793194533236e-11,1.13957861251268e-09,1
"19937",0.012381246020201,0.987385925955459,2.80744600542517e-05,4.9213350029064e-13,0.000204753563793611,2
"19939",0.966033673979751,0.0106515008905482,0.0231808918906123,2.5696249975305e-09,0.000133930669463149,1
"19941",0.0724999490853315,1.07953680459816e-20,0.927499941959576,1.94286008141509e-08,8.95264913313048e-08,3
"19943",3.5656446542716e-08,1.00771637842253e-05,0.00136995386301011,0.998619592004045,3.41312713885855e-07,4
"19945",0.986380899657412,4.2214264576086e-07,0.0134552624658661,1.13111963792711e-11,0.000163415722765256,1
"19947",2.87410342307284e-05,1.0515656695143e-19,0.999970972331763,3.66904305228586e-08,2.49943575814315e-07,3
"19949",0.943730410505021,3.26148340662589e-08,0.0561495004447943,4.15465125448467e-25,0.000120056435350182,1
"19951",0.156787795098867,3.1040736224499e-06,0.430391037954542,0.412806660258335,1.14026146342013e-05,3
"19953",0.00227663358490057,1.374777072249e-26,5.60855048186252e-05,8.25052714975547e-45,0.997667280910281,5
"19955",0.325410335008545,1.34095037447862e-18,0.666396596408818,2.73907648374987e-33,0.00819306858263745,3
"19957",0.047926012145286,2.14222085577342e-05,0.195267171752413,0.00570483701587888,0.751080556877864,5
"19960",0.220981032933872,2.51859050404894e-23,0.779018955817583,1.72452987631114e-18,1.12485455244513e-08,3
"19963",8.99217844791754e-17,8.40548076346284e-39,0.00144795667758126,6.80841717255317e-17,0.998552043322419,5
"19965",0.575845565370503,2.7455934907867e-32,0.424078085192441,5.19855171477959e-39,7.63494370563729e-05,1
"19968",2.61233523485776e-06,7.31341817594001e-11,0.999489863729103,0.000507523862527595,3.20271595161039e-17,3
"19971",2.69839005789293e-11,9.56959895487899e-45,0.805409384392965,2.16397459725653e-07,0.194590399182592,3
"19973",0.0120375459058157,0.985439259501293,0.000504930920477623,0.00201822189170956,4.17807042578397e-08,2
"19975",0.000157719150040508,1.86322465672246e-05,0.0325874810176211,0.967236167456682,1.29088921290483e-10,4
"19977",3.78497002547487e-12,7.72364467366546e-34,0.999996420921774,4.64325988578999e-11,3.57902800833493e-06,3
"19979",0.976395185975473,5.67515457948372e-41,0.0235461240491462,8.13387748915106e-27,5.86899753807707e-05,1
"19981",0.984017369597142,0.01309817407996,0.00286874087524722,2.84229527017613e-11,1.57154192280105e-05,1
"19983",0.971774110580297,0.010380183504097,0.0178426932104215,7.6958157030073e-15,3.01270517676113e-06,1
"19985",7.43310944404582e-05,0.727221690958431,0.00318114323210202,0.269522766700872,6.80141548235941e-08,2
"19987",0.931067889813942,0.0108870328525173,0.0513675433921569,0.00667529053937638,2.24340200785572e-06,1
"19989",0.989098848202357,5.75228625989871e-29,0.00919466520166569,7.63654454758714e-41,0.00170648659597707,1
"19993",0.977579823599102,3.45529182536235e-11,0.0224149891374276,8.90939736246078e-08,5.09813494400698e-06,1
"19995",0.819015826681113,9.20218720506802e-10,0.180983901434177,6.13242258795516e-09,2.64832067569362e-07,1
"19997",0.00699606835837145,0.992299627643718,0.000686618268756266,1.50858554218327e-05,2.59987373200886e-06,2
"19999",2.92629840151078e-05,0.00188428550489666,0.0017773541309349,0.996309030978838,6.64013152866279e-08,4
"20002",5.34535005928178e-18,2.41212349498835e-31,0.999999999991221,7.32076054075207e-15,8.77142347893723e-12,3
"20004",0.864667595948099,1.21217841458749e-09,0.135332398607365,3.78730058039494e-12,4.22856983187896e-09,1
"20006",0.0116487870094655,6.64788529797517e-27,0.988350684488302,7.08044265927477e-23,5.2850223243682e-07,3
"20008",0.0317222161163585,5.02445655943761e-26,0.968259122785141,7.05587728563027e-24,1.86610985007593e-05,3
"20010",0.964309113352501,4.17948524654583e-11,0.0349751177762968,1.32424854955962e-19,0.000715768829407659,1
"20012",1.95340765856761e-05,1.68316912281513e-08,0.964478095198242,0.0355023317457138,2.21477677605395e-08,3
"20015",0.942709336916891,2.61173729064555e-32,0.0572906629402808,2.22245146832881e-34,1.42827888141164e-10,1
"20017",0.000391125264744121,0.998317444150115,0.000978850379026361,0.000312559994289992,2.02118245186169e-08,2
"20019",0.91495151057638,3.15911812948932e-52,0.0849453526186117,6.85069391655456e-45,0.000103136805008094,1
"20022",0.985396758735802,9.60983087207223e-11,0.0145491772566063,3.97702088608572e-18,5.40639114932665e-05,1
"20024",0.00185533341683168,1.02111086098583e-46,0.256176120384768,1.56508510270136e-62,0.7419685461984,5
"20026",0.00185533341683168,1.02111086098583e-46,0.256176120384768,1.56508510270136e-62,0.7419685461984,5
"20028",0.000131225384516807,0.975745201364298,0.000669764517796508,0.0234524610882075,1.34764518128485e-06,2
"20030",0.429407416320905,8.9644651792265e-27,0.570592582887947,7.53144412716744e-20,7.91148244766127e-10,3
"20033",0.128123171902074,0.00924962493973726,0.00765842002732564,0.854911975637164,5.68074936993276e-05,4
"20035",0.925078449116149,9.01253767850131e-51,0.074652578978298,1.71046104176188e-48,0.000268971905552463,1
"20037",0.947819027989034,8.5552975472108e-46,0.0521213056605258,1.07569700367951e-50,5.96663504407366e-05,1
"20039",1.42594683048304e-10,1.50320914024006e-58,9.48634046073659e-08,8.78221973673242e-87,0.999999904994001,5
"20041",0.927853023123315,7.81875159368451e-13,0.0697659774326191,1.50996159669143e-18,0.00238099944328409,1
"20044",0.370338327314116,5.2168386284477e-17,0.582471474100519,8.60464934840136e-16,0.0471901985853642,3
"20047",0.671505671550564,2.30539336309085e-59,0.294000650605297,1.24625491287272e-38,0.0344936778441388,1
"20050",0.590026199495952,1.42599988956575e-21,0.0131728075489678,2.86717723203843e-20,0.39680099295508,1
"20052",0.886823793808909,0.00819092810338967,0.0145379054039934,0.0888835144975315,0.00156385818617662,1
"20054",0.9535412962054,9.71972904080393e-19,0.0464587030203243,3.35454507847048e-20,7.74275832552949e-10,1
"20056",1.61452837942454e-05,2.60710545684819e-13,0.27551882333226,0.72446489300947,1.38374215092021e-07,4
"20058",0.969187069804058,3.89136922325444e-28,0.0306693910526941,1.1266969909273e-46,0.000143539143248087,1
"20060",0.176900713772491,0.80839185531314,0.0147059246804811,6.37624273202097e-08,1.4424714606325e-06,2
"20062",0.964360283654567,0.0140631595019111,0.0215708748770722,4.49474830146992e-08,5.63701896635963e-06,1
"20064",0.988157248897822,3.31885677018513e-09,0.0118411430659826,9.22399391458982e-08,1.51247739938691e-06,1
"20066",0.53515858612883,3.90166580332793e-43,0.464841282637198,2.08432001625977e-29,1.31233971605426e-07,1
"20068",0.013677181569352,0.983150129886958,0.00317256838879775,6.6895922245509e-11,1.20087995954429e-07,2
"20070",0.152783732929618,0.828625238642708,0.00412310632202661,1.77290531258617e-16,0.0144679221056472,2
"20072",0.336619293656145,1.44875028221785e-27,0.663378568169541,1.62566015517169e-44,2.13817431457663e-06,3
"20074",4.15541486003291e-17,5.30004979752023e-15,0.0152253228417392,0.984774677133633,2.46225199274002e-11,4
"20076",0.000311074136189644,3.41903865239606e-08,0.995401774085211,0.0042871175817226,6.49065084707544e-12,3
"20078",0.985088016928646,1.82511587636448e-11,0.0147701220884448,1.07827886306115e-12,0.000141860963579579,1
"20080",0.986089338745593,4.75314954243982e-41,0.0137646739318126,3.35492288610951e-33,0.000145987322594423,1
"20082",6.15887776362508e-06,7.9534157464011e-38,3.77636207645127e-08,1.10843699864047e-46,0.999993803358616,5
"20084",0.842799652957006,8.52904436565414e-18,0.152828589656289,4.30345561056498e-07,0.00437132704114337,1
"20087",0.933426980795949,3.11329853480212e-11,0.0665683123772392,1.28059196025762e-25,4.7067956790198e-06,1
"20090",0.972843111911412,7.22164665330036e-40,0.0244116155836225,1.99653996395219e-33,0.00274527250496574,1
"20092",0.000338077594977405,4.12237844282316e-15,7.09386451129758e-05,6.59922903893754e-55,0.999590983759906,5
"20096",0.0240845267711026,1.44849757904247e-09,0.00102636207504748,2.02735745699606e-16,0.974889109705352,5
"20098",0.0694231137411525,0.270871341233183,0.00224836474442407,0.657283653002167,0.000173527279073528,4
"20101",0.925249106489696,3.06278183750689e-33,0.0741172140598639,1.34982126988921e-14,0.000633679450426688,1
"20104",1.15858630658819e-11,5.29311007410728e-14,1.91064192151263e-06,2.08288293170784e-38,0.99999808934644,5
"20106",0.974454564165874,2.32910812566828e-21,0.0255452714217581,1.32064421510549e-13,1.64412236339795e-07,1
"20108",0.0385488509477455,0.957944732961162,0.00340898264998987,9.67898503958734e-05,6.43590706356779e-07,2
"20110",0.114398114418908,5.94178445055607e-11,0.0737641184077169,1.68430100357584e-06,0.811836082812953,5
"20112",0.982495727515217,7.37293292403582e-20,0.0148625355194611,9.01213151258516e-19,0.00264173696532204,1
"20114",0.947181956839938,1.07819797590014e-13,0.0526259227228195,1.42251710229797e-05,0.000177895266111625,1
"20116",0.81446081065139,4.66007656976579e-15,0.185537936556874,1.23652822120846e-06,1.626350997325e-08,1
"20118",0.97292092456472,0.0104797179826123,0.00222768243185013,0.0141663226876165,0.000205352333201394,1
"20120",0.955953198701284,1.66947618052228e-22,0.04126348366227,6.17031898068588e-14,0.00278331763638389,1
"20122",5.93786887695913e-08,4.53903866162703e-08,0.00205931518164551,0.997940579773116,2.7616315591595e-10,4
"20124",0.923941938695702,3.25104588419734e-34,0.0661591386262397,8.2403678109377e-41,0.00989892267805865,1
"20126",5.71251395709107e-10,2.18943776449224e-53,3.31107903035452e-07,1.37213395132716e-59,0.999999668320846,5
"20128",2.08238737393078e-06,6.68619414718795e-81,0.000646253846447671,6.24575301150844e-71,0.999351663766178,5
"20141",1.84401956433146e-06,2.91799077642906e-07,2.6538042047002e-07,2.84440657517684e-20,0.999997598800937,5
"20143",6.77055775304629e-14,8.44282413457726e-27,0.998619197950692,0.00138074903572651,5.30135134760384e-08,3
"20145",0.991640259308156,5.81768817018023e-12,0.00790644850309279,8.98104555494445e-15,0.000453292182924101,1
"20147",0.992424476875586,1.53138394365379e-13,0.00755644144690047,3.63433521114188e-14,1.90816773238427e-05,1
"20149",2.19331864391029e-08,8.53769943819405e-06,0.00860288860987704,0.991388340736015,2.11021483055646e-07,4
"20151",0.0286515139499015,0.572508257323054,0.00182995093810865,0.397009028958471,1.24883046445339e-06,2
"20153",0.0256486102991404,8.91537697287649e-09,0.0162617035403223,0.793039948705446,0.165049728539714,4
"20155",0.979516608645136,4.47401281210153e-24,0.0204815574642128,5.10474067501714e-24,1.83389065088464e-06,1
"20157",0.00522421456386135,0.0493839464411976,0.0211295464963584,0.924257406243871,4.88625471125137e-06,4
"20160",5.8436604677346e-14,2.32003349465165e-14,0.0002003845626465,0.999799615158357,2.7891501403577e-10,4
"20162",2.05499899623825e-09,9.77081689148713e-05,0.000327414223244332,0.999574873098335,2.4545063988028e-09,4
"20164",0.000750581304709165,1.30385656963004e-08,0.194714743281961,0.804479405683945,5.52566908185826e-05,4
"20166",0.00124073745508106,8.91593646249474e-39,0.998759262540986,6.80341278766991e-20,3.93331585407843e-12,3
"20168",5.41988179151135e-14,4.4429713411834e-32,0.999999999999916,1.10698578298492e-24,2.97790393040932e-14,3
"20170",0.00129414280817616,6.92740883948889e-05,0.000243451462969217,0.998350269333353,4.28623071072618e-05,4
"20172",0.995565464332904,7.28587293158825e-12,0.0039442024372734,1.38379379657365e-26,0.000490333222536398,1
"20174",1.03260287891879e-06,0.968448224515776,0.0302132270627779,0.00133751276824851,3.05031845286333e-09,2
"20176",2.23940852676714e-09,3.37765508621342e-23,0.99999999530253,9.77491308741671e-25,2.45806153798047e-09,3
"20178",1.45229707455268e-14,1.66944228174241e-15,0.000280796067181602,0.999719203203855,7.28947041465591e-10,4
"20181",0.295776562133195,2.44574889571181e-31,0.704223437266984,2.93617382524481e-14,5.99791539015247e-10,3
"20183",0.126136045141862,0.872367833132192,0.000254616459926984,1.40740651010459e-13,0.00124150526587785,2
"20186",0.866620420608003,0.0124760744188901,0.105651202862837,1.0605203837362e-36,0.0152523021102702,1
"20188",2.85541128431838e-11,1.41616812330023e-12,0.00134694372247502,0.998653052070994,4.17656120354829e-09,4
"20190",0.978067816986449,2.92772356555159e-32,0.0219321464401666,1.03882960144853e-27,3.65733847993912e-08,1
"20193",2.85457314770350e-12,1.94594827052577e-34,0.999999746344484,2.53557212690413e-07,9.54487142259291e-11,3
"20195",0.0754096300759499,1.79140015720294e-08,0.131427979989825,0.793089605978809,7.27660414146103e-05,4
"20197",0.983975781653204,3.99228433171585e-16,0.0157564851454366,7.58697606849252e-23,0.000267733201359083,1
"20199",9.00570377261901e-06,1.94964382877491e-06,0.00110257221792587,0.998873751036813,1.27213976599914e-05,4
"20205",1.62702758293995e-06,3.0564798156453e-33,5.06193211410988e-08,1.4129017057824e-53,0.999998322353096,5
"20208",0.947056927016523,0.00443351459202001,0.0304085565236561,0.0177879441653601,0.000313057702440878,1
"20210",8.26245250140931e-08,3.73390034287652e-05,0.000172206175402163,0.999790348488027,2.37086170959576e-08,4
"20212",0.00289882689057202,0.00102920500875758,0.0113608355420065,0.984684217098386,2.69154602780571e-05,4
"20216",0.972398567728797,2.98803354575856e-17,0.0276014025414691,4.13656521697949e-16,2.97297338078839e-08,1
"20219",0.587778113517121,1.72644775800657e-17,0.00781006264926085,4.18073433055991e-18,0.404411823833618,1
"20223",0.00230981904025878,1.35244737199684e-52,0.997687567604379,3.72330424077345e-67,2.61335536221831e-06,3
"20226",0.957523245130213,3.82701750016854e-10,0.0424274268789416,5.30535811718863e-10,4.93270776082209e-05,1
"20230",0.982167120384034,4.70001927779499e-38,0.0178238055609494,2.55710736470728e-35,9.07405501633257e-06,1
"20233",3.26139889955842e-14,1.60474892441865e-24,7.45695550833678e-10,7.69401540818681e-39,0.999999999254272,5
"20235",0.0727577271850218,8.92927720107406e-36,0.5115827040755,2.96608383026056e-55,0.415659568739478,3
"20239",0.377066599518694,1.7830184334335e-14,0.622933200645389,4.84958129684778e-31,1.99835899290386e-07,3
"20254",1.88997438102799e-05,1.17847493804046e-47,3.06615479968885e-07,4.04486975265393e-50,0.99998079364071,5
"20256",0.99179567994211,2.8773969865203e-23,0.00796476018988991,2.14186556523465e-37,0.000239559868000398,1
"20262",0.000325927171574388,0.00495115925910707,0.000164510667297641,0.994558216611236,1.86290784963431e-07,4
"20270",0.0215202679807319,5.01340789885787e-23,0.978479731738068,2.13707544312288e-18,2.81200176013235e-10,3
"20284",0.120126262142345,2.13600638894763e-06,0.00196628843128383,2.3242893927713e-21,0.877905313419982,5
"20287",0.788039454180568,1.3666352816603e-49,0.211959571562784,1.00400756500095e-52,9.74256648297876e-07,1
"20290",0.000195633326463566,2.48250890032162e-24,1.07876414666941e-05,4.70364561095885e-25,0.99979357903207,5
"20293",0.99719416286348,2.3538772504948e-08,0.00101314890662205,1.30821150933232e-14,0.0017926646911125,1
"20296",0.0353904622094724,0.00207856849212023,0.648498179350844,0.314032789946919,6.44390604739666e-13,3
"20301",0.0117353881329257,3.86179231794352e-71,0.988262163814167,4.44194753807994e-35,2.44805290730513e-06,3
"20304",7.10789380509755e-06,4.94288605150041e-33,2.13530468844466e-09,2.58576873624955e-46,0.99999288997089,5
"20306",0.970203849880254,4.86793826612411e-34,0.0273163401015501,1.97317706118018e-44,0.00247981001819563,1
"20309",0.993298185125729,1.59904728938877e-11,0.00141373842872171,2.74684433430107e-15,0.00528807642955591,1
"20311",0.896351806123716,1.24141206165785e-18,0.103645346150988,3.3000987385288e-14,2.84772526344149e-06,1
"20314",0.165438310206521,0.295267517408799,0.0010886049971926,0.538120853948235,8.47134392529911e-05,4
"20318",2.57720971673e-10,2.10754462102643e-25,0.999484137456727,0.000515861910384639,3.75167491515664e-10,3
"20320",0.316049416722057,2.00415868836181e-06,0.66785940846009,5.99051265840891e-14,0.0160891706591042,3
"20326",0.638168990998079,0.29170112113702,0.00192796898346003,0.0650136975422097,0.0031882213392305,1
"20328",0.935410557802374,0.000251546579826743,0.041752978027571,2.07080047274888e-27,0.0225849175902281,1
"20330",0.793211798313168,2.111324970759e-24,0.206740374481287,7.61947113713458e-31,4.78272055445775e-05,1
"20336",0.00644243806284517,2.99106121669682e-10,4.48244362729913e-07,1.32996544953447e-32,0.993557113393686,5
"20338",0.00430767699684838,1.67607302667381e-23,1.11370348261563e-05,6.37678568788434e-22,0.995681185968326,5
"20340",0.741975015233925,1.4214160516966e-37,0.257772882634625,4.39503973695626e-41,0.000252102131449859,1
"20342",1.02647601846565e-14,2.09194160574828e-51,0.00414000181956907,1.1161313128839e-41,0.995859998180421,5
"20344",0.991134201451072,4.45153510357608e-19,0.00833684674364769,9.6399852576298e-30,0.000528951805280878,1
"20349",0.988937518678213,1.59222501009365e-26,0.0110342688465871,9.36866933892481e-39,2.82124752002686e-05,1
"20351",0.995720478272913,2.28093598977713e-11,0.00295742452320872,1.05002966831251e-14,0.00132209718105848,1
"20353",0.911188488697705,2.2097473692815e-33,0.0463577934207039,2.06707687732735e-35,0.042453717881591,1
"20357",2.01922826033492e-05,1.04376517562634e-36,3.73678274964255e-06,5.46076193609857e-63,0.999976070934647,5
"20360",4.46517315005383e-08,2.13336493544469e-42,0.204638261082882,8.18520337815823e-53,0.795361694265386,5
"20364",0.992000698141025,1.30597255405974e-12,0.00781654139951271,1.00873554719319e-17,0.000182760458156173,1
"20366",2.98625070162146e-05,7.08238413691986e-16,1.93693734463584e-08,3.20881555961192e-36,0.99997011812361,5
"20381",2.28958420788506e-12,1.51012841872026e-10,0.999985534461875,8.27253103085125e-10,1.44645575693571e-05,3
"20391",0.00779425979930174,6.85212743104639e-13,0.988737695617901,4.12093391510422e-53,0.00346804458211219,3
"20394",0.201432644185347,0.738414112473953,0.0601520568713447,6.72213938404906e-09,1.17974721573985e-06,2
"20396",1.34214250927422e-07,0.0350696244880635,0.954276933702387,0.0106532817688452,2.58264535723387e-08,3
"20409",0.802697860880762,1.2835537042144e-09,0.197204290074911,4.13143226693791e-05,5.65334381043982e-05,1
"20411",0.626801620835232,2.58611504136919e-23,0.00169486573888281,6.70888939205345e-43,0.371503513425885,1
"20416",4.34308558856043e-06,8.9369420004127e-67,1.56901654646496e-05,1.66319065472066e-83,0.999979966748947,5
"20418",4.74989650663829e-09,0.00342512317437874,0.798169769910928,0.198405094973632,7.1911649609521e-09,3
"20420",3.67480650870233e-10,9.61542492643392e-17,9.68547787764186e-10,1.64847046814833e-32,0.999999998663971,5
"20422",0.908276834299206,5.46749080173877e-31,0.0917231561478715,1.48512521425067e-23,9.55292220431437e-09,1
"20424",0.971764953783534,3.54519873920622e-23,0.00817428309878174,2.74547070001596e-39,0.0200607631176842,1
"20426",1.86361167884324e-15,1.55521336731538e-47,1.43138451827196e-08,2.13270725249059e-33,0.999999985686153,5
"20428",0.950979387471489,5.26154191311288e-10,0.0490205549839813,2.58803417156639e-19,5.70183755145155e-08,1
"20431",0.892521742827921,3.69168563811923e-12,0.077470816893839,3.13330754033581e-05,0.0299761071991447,1
"20433",0.0244658519142011,1.83156805238592e-52,0.975534126283061,1.30272248320515e-49,2.1802737648349e-08,3
"20436",5.20584772417495e-08,1.21289392045535e-32,0.999999947520292,1.32720772184974e-28,4.2123095568115e-10,3
"20439",5.55435578881536e-07,0.941977595865794,0.0579868834367847,3.49634813927387e-05,1.78044927555511e-09,2
"20441",0.000138168732878966,8.3055813889014e-31,2.61418342563631e-06,7.27554379104194e-38,0.999859217083695,5
"20444",1.62103643438026e-12,1.89863049250472e-08,0.000609560100052843,0.999390420172144,7.39877126257125e-10,4
"20448",0.0448906313380584,1.31416659687557e-07,0.0309106140225771,9.68615558252728e-07,0.924197654607147,5
"20536",0.00188390318744002,0.786331168051561,0.211784879613638,2.87198429158019e-16,4.91473602408742e-08,2
"20538",0.0015566227557597,1.48586902622762e-14,3.18752080042149e-07,3.76912079292603e-38,0.998443058492145,5
"20541",0.944440168119526,1.142136596856e-38,0.0251123016563247,3.77327191254779e-41,0.0304475302241497,1
"20544",0.997346767500716,1.63337765248195e-05,0.00230151221494337,1.16036251405011e-11,0.000335386496212134,1
"20546",0.990212885927668,9.43924184751888e-17,0.00893803954798568,3.89821490390655e-34,0.000849074524346083,1
"20550",0.717617589824197,5.53870375365068e-17,0.282362746247707,2.00835876249092e-16,1.96639280960961e-05,1
"20553",6.98780938611792e-12,4.75625187849808e-105,0.000457025228002985,2.19925482527082e-66,0.999542974765009,5
"20555",6.90447579292334e-11,3.71002235784035e-22,7.88729707496958e-09,3.78282279706832e-51,0.999999992043658,5
"20557",0.913073101957844,4.78501216566864e-14,0.004954576232913,6.00250423163795e-14,0.0819723218091348,1
"20559",0.985404487048527,2.26274634030248e-17,0.0145943726228462,6.08618672991921e-17,1.14032862729903e-06,1
"20561",0.0069465679999983,4.67740018210554e-05,0.00167078855908975,0.99132216656736,1.37028717308721e-05,4
"20564",1.45229707455268e-14,1.66944228174241e-15,0.000280796067181602,0.999719203203855,7.28947041465591e-10,4
"20566",0.978512406604452,2.621739656918e-10,0.0214875914150158,4.34797471447927e-13,1.71792355106359e-09,1
"20569",6.100053787048e-05,0.00483427425737728,0.00388004391012613,0.991224645414205,3.5880421118138e-08,4
"20572",1.5108395998917e-06,2.36684904591753e-08,0.270137270220643,0.729861194241275,1.02999171498173e-09,4
"20574",0.984520394646403,7.90348555476619e-25,0.0143297613414721,1.22891445991654e-18,0.00114984401212446,1
"20576",6.89101269265788e-10,8.19325939212004e-14,0.000801258379605626,0.999198732802292,8.12891946625148e-09,4
"20578",0.990645749405554,8.18895268505903e-07,0.00934686610892037,3.89130165017705e-07,6.17646009157422e-06,1
"20580",0.975824945036572,3.50271989852757e-06,0.0241714325032347,5.87497190482353e-12,1.19734419613375e-07,1
"20583",2.89821875093309e-11,9.48224688685865e-13,0.000245234009769554,0.999754764379559,1.58074076586769e-09,4
"20586",0.993558081767183,1.4767396996664e-07,0.00639700953526278,4.31840787489863e-23,4.47610235843543e-05,1
"20589",0.978663583764837,4.45093848332206e-27,0.021304521224776,1.26820868127888e-41,3.18950103868106e-05,1
"20591",0.0244690635597859,4.30180264622527e-09,0.000469589495212626,1.10622915958742e-27,0.975061342643199,5
"20593",0.8278223645031,8.42586047171478e-60,0.172176162986343,2.10755069585916e-42,1.47251055724063e-06,1
"20595",0.998091870857664,3.381067876728e-15,0.00166992641341277,1.24778880850915e-14,0.000238202728907334,1
"20597",1.11296903365777e-10,0.000694845006326763,0.99930515279435,2.61623034391925e-21,2.08802661203195e-09,3
"20599",1.55977761414516e-13,1.07963582562824e-16,0.000782614256062519,0.999217385502524,2.4125724579943e-10,4
"20601",0.135899761355848,0.86334714379662,0.000729729838264244,2.59424527207947e-07,2.31055847410627e-05,2
"20604",0.980412160791069,4.63297236027112e-38,0.0195867374087108,2.89217652746715e-26,1.10180022029015e-06,1
"20606",0.973876289016281,1.24970221620703e-31,0.0261235562974254,3.05583351545939e-31,1.54686293814395e-07,1
"20608",0.984836630174169,6.53110150111947e-24,0.0151633348435661,2.42777438457815e-25,3.49822648877528e-08,1
"20610",8.01238450139295e-07,2.89948028921894e-13,0.00674909051449862,0.993247423583591,2.68466317048056e-06,4
"20612",2.46724823005858e-13,3.56738002670726e-40,0.981676502432159,1.03505379893242e-48,0.0183234975675942,3
"20614",2.39470314276231e-07,2.97447531349872e-05,0.000438814853477174,0.99953112546544,7.54576333872307e-08,4
"20616",0.626868691302638,0.00467272206106993,0.368435592393553,5.39933733974192e-09,2.29888434016999e-05,1
"20618",1.41697468834212e-05,1.36257277184556e-20,8.90296545832621e-07,1.59704838824325e-27,0.999984939956571,5
"20620",0.101145405160703,3.50624184373839e-31,0.898854466915796,6.54707533985135e-22,1.27923501416985e-07,3
"20622",1.61613130369144e-07,1.93366117236482e-12,0.00631128987081576,0.993688520373435,2.81406852622451e-08,4
"20624",0.438974300854309,4.96775170348796e-25,0.000219208654375267,1.78980276430212e-39,0.560806490491316,5
"20626",0.0509770724839048,1.68912797314993e-18,0.94902292720211,2.00457127662543e-15,3.13982839123298e-10,3
"20628",0.0640511489965201,8.5992761602574e-16,0.935910550891655,1.45116440032267e-24,3.83001118237244e-05,3
"20630",0.957210698010437,2.2640109608741e-20,0.0427890283956599,9.66359135336379e-12,2.73584239230419e-07,1
"20632",4.69970804643329e-11,6.78977778362711e-07,0.00278855065286681,0.997210770158776,1.63581634534143e-10,4
"20634",0.980854736310939,8.56299233248653e-31,0.0191445617004929,8.35605319327748e-31,7.01988567504834e-07,1
"20637",0.000537519095414302,5.46817409045404e-39,0.000130144144032279,9.83257034940443e-28,0.999332336760553,5
"20639",4.7862018249615e-05,2.84797485976918e-08,0.00322314533759173,0.996715378019602,1.35861448083731e-05,4
"20644",5.21493699881264e-11,1.02418335906648e-93,0.0984881346090473,8.17319824315483e-80,0.901511865338803,5
"20646",4.02689279261115e-06,3.62847372986016e-50,0.999701796317311,3.68184659670528e-42,0.000294176789895905,3
"20648",0.018906203655511,0.338620486161007,0.000258760802603275,0.642077851876173,0.000136697504705772,4
"20650",0.0473141269050711,5.19766854672817e-36,0.00829202986739915,2.40762490965963e-47,0.94439384322753,5
"20653",0.191685528362838,0.000436587105920241,0.807425293446075,3.3536168248847e-11,0.000452591051630732,3
"20658",0.866865854452286,2.7654418304071e-27,0.133134133978207,1.24935258131142e-40,1.15695075834881e-08,1
"20661",7.74177807229552e-07,3.19425504536154e-24,7.20931445278365e-08,8.97404500301542e-54,0.999999153729048,5
"20663",0.995714953007263,0.00192542485814608,0.00195735972849099,6.63583875456418e-17,0.000402262406099436,1
"20665",3.07124043223661e-13,4.06486101459387e-16,0.00305493847213921,0.996945061526845,7.08662577278764e-13,4
"20667",0.100698254607551,3.59107491890124e-10,0.899150141494624,2.09454985589753e-16,0.000151603538717191,3
"20669",7.50156747055739e-08,0.10066580273134,0.899327309936348,3.01224571541652e-18,6.8123166367672e-06,3
"20671",0.23504338240529,1.93074134591915e-20,0.000391031227177013,4.56167363649639e-18,0.764565586367533,5
"20673",1.85011810864369e-11,0.00138882532474331,0.998611173978073,9.95306370444533e-15,6.78672751387156e-10,3
"20675",0.069952807540575,0.239570770019041,0.690476049939387,1.28313755201006e-20,3.72500996599167e-07,3
"20677",0.968483079443229,0.00050682764541302,0.0310096398843117,8.43848899011672e-21,4.53027046443051e-07,1
"20679",9.99984566122435e-09,0.169808768345993,0.830188494837215,4.17235611007944e-08,2.6850933853267e-06,3
"20681",0.000242410518304803,0.998255161760703,0.00150153510270308,1.44250652014318e-18,8.92618288672895e-07,2
"20683",0.847050466798367,3.7032611979016e-07,0.152948520575663,2.70498467410814e-19,6.42299849613043e-07,1
"20685",6.29972265652057e-10,6.59729071310202e-17,3.65628868206322e-08,1.12091038104324e-34,0.999999962807141,5
"20687",4.52834262610275e-05,0.932943305154122,0.00047998306862196,0.0665301575863501,1.27076464494516e-06,2
"20689",1.43452331371599e-11,2.84311678127081e-71,5.61598148843091e-06,8.84944089739801e-86,0.999994384004166,5
"20691",8.06646628742858e-11,8.61650633959352e-08,0.000461590708706601,0.999538313043792,1.00017735615173e-08,4
"20693",0.930535640242952,2.33165756753969e-32,0.0690567775738556,1.00223432952651e-44,0.000407582183192695,1
"20695",0.16397802550332,0.679666987605054,0.0071243198705565,0.147885450499801,0.0013452165212695,2
"20697",0.966860035474295,2.08863585957715e-26,0.0331357315005527,1.28771048716052e-15,4.2330251505404e-06,1
"20699",0.952588601247849,0.000334341341658324,0.0470770414712803,2.69088016476724e-15,1.59392099327058e-08,1
"20701",0.963449636389035,3.05066126533273e-11,0.0365276869072575,2.74350955722277e-30,2.26766732009694e-05,1
"20703",1.19446477174004e-14,7.64270472180021e-18,0.996399316747092,6.57436749532668e-32,0.00360068325289578,3
"20705",0.934877248662896,1.84595094286174e-20,0.0650886142796257,1.82422190524458e-30,3.41370574787289e-05,1
"20707",0.104619381025871,0.893637997803485,0.00155209267352486,1.87718200634593e-09,0.000190526619936991,2
"20709",0.0394027710794498,4.03777636557275e-10,0.959493729057234,0.0011033438490264,1.55610512698082e-07,3
"20713",0.000267738365999529,0.000419023250433227,0.000206201496132092,1.79252229187013e-13,0.999107036887256,5
"20715",6.65816190177493e-08,1.71039078462965e-82,0.994709205506804,3.94659838279944e-30,0.00529072791157713,3
"20717",0.0105196303718678,0.98788579929645,0.00123494199547484,9.73919210009985e-05,0.000262236415206751,2
"20720",0.977498064435514,2.61947269823649e-17,0.022318764861544,6.24009337684348e-18,0.000183170702941669,1
"20722",0.955549319039731,2.65806285265093e-11,0.044450413749601,6.0827403217836e-17,2.67184087053368e-07,1
"20724",0.000787515061534272,0.997630787549195,0.000130097229197823,0.00145138438089234,2.15779180915492e-07,2
"20726",0.896215493745517,5.4325439634161e-33,0.103635184586784,1.69290198436585e-42,0.000149321667699633,1
"20728",0.000116770048257637,0.999590179755946,0.000292670597104435,3.95576792950724e-13,3.79598296606005e-07,2
"20730",0.0237515433564132,0.964970574396327,0.000349415933655481,0.010917377531838,1.10887817663155e-05,2
"20732",0.0166588865398971,2.75728539003624e-28,0.982756256901917,8.91277571946405e-36,0.000584856558186173,3
"20734",0.97752048058731,0.000423265259913855,0.0220467203915918,2.56352202916376e-13,9.53376092844722e-06,1
"20736",2.11463753909875e-05,0.000105382161389101,0.000981407782977506,0.998892045998546,1.76816968165822e-08,4
"20738",6.39089035506833e-11,6.5783994615709e-48,0.999999992839995,9.17124981386141e-31,7.09609580587272e-09,3
"20740",0.0156659309035485,3.81146938524053e-15,0.00077895243220482,2.97508852942385e-58,0.983555116664243,5
"20742",0.0100626365813421,0.852544405609746,1.40727993909881e-05,1.11697530480202e-15,0.13737888500952,2
"20744",3.34378020105426e-09,8.49363844594687e-05,0.0110406610201526,0.988874399222106,2.95017346625719e-11,4
"20746",0.811441372314382,0.184485339106604,0.00405805211654518,3.36313806199784e-12,1.52364591054981e-05,1
"20748",0.000577766058570346,0.968277976838323,7.9038506573404e-05,0.0310386891204088,2.65294761241045e-05,2
"20750",0.00795076150878072,0.335065501868653,0.00771419061300288,0.649269540740682,5.26888142811198e-09,4
"20752",0.987736788820966,2.08566221512036e-08,0.0122097501843957,8.29529095795436e-24,5.34401380157444e-05,1
"20754",1.47863135074965e-10,6.24968095426238e-05,0.999937502737647,6.27329824463607e-16,3.0494609875558e-10,3
"20756",0.883059890855426,0.00622087267761057,0.0338367454485254,0.0768742801081511,8.21091028723662e-06,1
"20758",3.97069166934709e-07,3.51999595629436e-17,0.999999602927294,3.16091231812249e-12,3.77985479936603e-13,3
"20760",0.00010019875677007,0.97488527547593,0.00152157485555144,0.0234929321909229,1.87208254710929e-08,2
"20762",8.30831947371345e-10,0.000307921414558056,0.999692029920493,6.82961777334584e-20,4.78341173506613e-08,3
"20764",2.57132447894264e-05,0.336794977285561,0.00678465900155752,0.655902913666236,0.000491736801856262,4
"20766",0.000787766032032513,0.635986507115293,0.000559244108905347,0.362664544409745,1.93833402353108e-06,2
"20768",0.00228190337382141,0.00286509285034515,0.00032679592818766,0.994524756546928,1.45130071743527e-06,4
"20770",0.0133127320913409,0.00041182849496615,0.986275039412419,9.40519191832992e-20,4.00001273694274e-07,3
"20772",0.974213223564908,9.42257053304536e-33,0.0257867693732451,1.56408039351406e-26,7.06184720821308e-09,1
"20774",0.00199656568697755,1.2757291313798e-71,0.99796165824847,4.46930990278856e-68,4.17760645522981e-05,3
"20776",0.952763864506019,0.0302373760869479,0.008106226927714,1.77337525220868e-23,0.00889253247931867,1
"20778",8.90293814299319e-06,5.59924176355703e-83,0.0185917219679456,1.1823617743884e-58,0.981399375093911,5
"20780",3.38682928881675e-15,9.55056172607136e-19,0.999999999960048,5.24004949350522e-17,3.99481788334092e-11,3
"20782",6.23050546391581e-12,4.01098521311822e-05,0.99995979766879,2.44507532970023e-14,9.24728244629507e-08,3
"20784",1.00830706767895e-08,0.000116971149979162,0.999882892082821,8.14594127289265e-19,1.2668412969325e-07,3
"20786",1.87612386770354e-14,1.88382414529566e-13,0.117300276922561,0.882699723061537,1.56953115488076e-11,4
"20788",0.141299337192569,0.857823545703734,0.00032047202076103,1.06087630742339e-09,0.000556644022059458,2
"20790",5.5784934180171e-05,0.947000799595566,0.0528600935424693,8.33106030552391e-05,1.13247289752304e-08,2
"20792",0.881149113461439,2.70235080721262e-07,0.116775816344835,0.000163810120823442,0.00191098983782178,1
"20794",2.89921531864451e-06,0.947169463564722,0.052161910007521,0.000665726852108986,3.60329851078224e-10,2
"20796",0.989052447504923,1.58227959196014e-26,0.0105389983309527,3.6708130737732e-35,0.000408554164123961,1
"20798",1.45229707455268e-14,1.66944228174241e-15,0.000280796067181602,0.999719203203855,7.28947041465591e-10,4
"20801",3.79030757938597e-08,1.30559742594969e-24,0.999996354349684,3.59734424819103e-06,1.04029915811671e-08,3
"20803",0.927599463422882,0.0513225022701931,0.011796828745297,8.19922313369242e-14,0.00928120556154617,1
"20805",0.989429529564953,0.000227419977931646,0.0103391374893103,1.37763340922436e-17,3.91296780539622e-06,1
"20807",1.45229707455268e-14,1.66944228174241e-15,0.000280796067181602,0.999719203203855,7.28947041465591e-10,4
"20809",0.243537099911239,0.114170657989668,0.0295181879938492,1.34259789147838e-16,0.612774054105244,5
"20811",4.62242745606769e-05,3.2845067581829e-21,0.999930726304815,1.27792554087773e-08,2.30366413689272e-05,3
"20813",0.0957390168008159,1.09073336421804e-10,0.904207944955995,8.15485288967933e-07,5.22226488273335e-05,3
"20815",1.52780071718502e-18,2.34256770582192e-18,0.97284191567376,0.0271580843130703,1.31702290822599e-11,3
"20817",0.0024786073637554,0.997454280075077,4.13930444140496e-05,2.02063587855035e-05,5.51315796842443e-06,2
"20819",0.983306514370653,0.00166324128098799,0.0138310770628816,2.43072005491067e-21,0.00119916728547713,1
"20821",5.2870385018804e-11,1.62348714421901e-49,0.999999999946841,2.30721105766232e-32,2.8884746535771e-13,3
"20823",0.996648709772033,0.0018210178162024,0.00122579787549475,9.96457878624286e-09,0.000304464571690483,1
"20825",0.000651396040683857,0.998879966129344,0.000467626508211167,8.47687470827216e-07,1.6363429022477e-07,2
"20827",0.00929567834445464,1.70945394952239e-07,0.432970274753913,0.557261638607456,0.000472237348782174,4
