"","V1","V2","V3","V4","best$classification"
"19811",0.0192551434538573,0.965223301814755,7.11630837737752e-05,0.0154503916476139,2
"19813",4.28648925151406e-08,1.24216618865532e-10,1.27395248174174e-19,0.999999957010891,4
"19815",0.463310091995592,0.528775444274722,1.03733371051537e-13,0.00791446372958205,2
"19817",0.0387591140383754,0.960514160640308,3.85205555042641e-06,0.000722873265765916,2
"19819",0.354508357633621,7.38511782288064e-34,3.60251168598212e-27,0.645491642366379,4
"19821",0.227216347061623,0.622141338507945,0.000102012114946214,0.150540302315486,2
"19823",0.00244657513564105,0.000105309716573115,2.13551331849547e-15,0.997448115147784,4
"19825",3.97982190748985e-07,1.32329536806673e-33,1.52721391835213e-13,0.999999602017657,4
"19827",0.0277187125354636,0.219413640863477,0.740825425816678,0.0120422207843818,3
"19829",0.867707650510396,4.21801262395142e-18,5.68104354486433e-09,0.132292343808561,1
"19831",0.0477807436754301,8.94698090183451e-29,1.07645447459094e-35,0.95221925632457,4
"19833",1.82887139335834e-16,4.63812158366026e-64,1.64902793429017e-45,1,4
"19835",0.227216347061623,0.622141338507945,0.000102012114946214,0.150540302315486,2
"19837",0.0386757593435147,0.754993114187491,0.204726226683215,0.0016048997857792,2
"19839",0.123642507355771,3.27071266279831e-19,4.57883182213223e-07,0.876357034761046,4
"19841",5.65776706846631e-10,7.25218468453593e-23,0.432928473671942,0.567071525762281,4
"19843",0.0236909517289054,1.44314450233066e-34,6.31920008594991e-39,0.976309048271094,4
"19845",8.40896908033135e-05,0.289523816344851,1.17259625359965e-19,0.710392093964346,4
"19847",0.565300370889628,0.235779540523269,1.86766687974081e-16,0.198920088587103,1
"19849",3.56732659785795e-09,4.68295462658124e-07,9.22892539906919e-18,0.999999528137211,4
"19851",0.00348900166322653,0.995330961188861,2.34462674734196e-06,0.00117769252116476,2
"19853",5.82573560228563e-07,0.00591319122804987,5.70536622213607e-12,0.994086226192684,4
"19855",0.00178084653861859,0.969056271620802,4.17709676562576e-05,0.0291211108729235,2
"19857",0.858226356360021,0.118807235530938,1.10445987489896e-05,0.0229553635102917,1
"19859",0.300015385225387,0.675144306225854,0.000182278768515814,0.0246580297802434,2
"19861",0.000451898843310925,0.98778754898201,4.56417377717873e-09,0.0117605476105056,2
"19863",7.43350882743329e-15,5.2221011070671e-17,8.68187401089096e-06,0.999991318125982,4
"19865",2.5390123310954e-06,0.000209043697596207,0.998871087305755,0.000917329984317543,3
"19867",0.0319499209457963,0.951068190916395,4.58358467385936e-18,0.0169818881378084,2
"19869",7.03416835344936e-08,0.00015650710399703,5.18826269482242e-06,0.999838234291625,4
"19871",0.290102039879545,0.697776847083645,0.00933364574589362,0.00278746729091697,2
"19874",0.000378374772205093,0.992540721957446,0.000372545591150874,0.00670835767919832,2
"19876",2.74174238360401e-05,0.999641833587377,2.37509087939709e-05,0.000306998079992732,2
"19878",0.593947334389452,3.53994423826529e-20,4.93195175725963e-21,0.406052665610548,1
"19880",1.62936544250497e-09,4.9037922539836e-07,0.999756008554044,0.000243499437365448,3
"19882",0.00232240510075351,0.113187156035599,1.48259558231506e-11,0.884490438848821,4
"19885",0.469712653595025,0.529087650798503,1.14092148575142e-06,0.0011985546849853,2
"19907",0.0181025311172392,0.787028663319894,2.14598575316382e-15,0.194868805562865,2
"19909",0.993685471184686,8.80685406040031e-12,2.87497893325142e-18,0.00631452880650716,1
"19911",0.981660984308127,5.06309387051486e-14,2.01827129070136e-07,0.0183388138646931,1
"19913",6.40913998672829e-12,1.56547897053402e-13,0.999663460752306,0.000336539241128101,3
"19915",0.000265390996532984,0.0112146234601617,0.988113988686203,0.00040599685710193,3
"19917",0.000534640609902572,5.74347213425664e-06,0.994829587614259,0.0046300283037043,3
"19919",0.0547781242449327,0.743281027849387,0.198961677101037,0.00297917080464307,2
"19921",0.00820805266949757,0.991397716804794,2.56340730589911e-10,0.000394230269367478,2
"19923",0.790101668887901,2.2963172098037e-08,4.88707184283825e-22,0.209898308148927,1
"19925",0.000208398563849916,0.000796146107278041,0.998274053438344,0.000721401890527896,3
"19927",0.0496689940691857,0.948380193698395,2.53721696923078e-10,0.00195081197869781,2
"19929",3.52477232005375e-14,2.93343516540174e-10,0.0357531561004743,0.964246843606147,4
"19931",0.896523342059264,0.0808562324038599,2.71532644988063e-11,0.0226204255097229,1
"19933",0.995588093799996,7.80449754274386e-06,1.18505624950482e-09,0.00440410051740463,1
"19935",0.982924076442593,0.000161923299096885,1.06560782091239e-11,0.0169140002476539,1
"19937",0.0174162685116439,0.981425376728899,2.46616502058362e-12,0.00115835475699048,2
"19939",0.947770588382022,0.0202961972256742,2.07862464557924e-09,0.0319332123136788,1
"19941",0.807308436493746,1.11497415151862e-18,3.16815695254811e-06,0.192688395349301,1
"19943",4.51379252727949e-07,0.000211157184908763,0.996419463103689,0.00336892833214936,3
"19945",0.992338635614927,1.93982931396795e-07,3.31481668487289e-10,0.00766117007066,1
"19947",0.000530759799540969,4.3663000673594e-17,2.2955388807025e-06,0.999466944661578,4
"19949",0.960963963993729,6.95248146924007e-08,7.26937265029742e-23,0.039035966481456,1
"19951",0.379002670724851,1.3849833304214e-05,0.511976140119466,0.109007339322379,3
"19953",0.0170684560042849,6.43687184768245e-25,9.31041557764111e-38,0.982931543995715,4
"19955",0.266786348087469,2.97286636746939e-19,4.04269707701798e-29,0.733213651912531,4
"19957",0.013967954055583,1.24256055956252e-06,0.000947366251164715,0.985083437132693,4
"19960",0.854989983702249,3.31414199082929e-19,1.35814479938617e-15,0.14501001629775,1
"19963",6.17817380352088e-14,3.13268479816805e-37,2.49246411549055e-15,0.999999999999936,4
"19965",0.974759284094433,8.45564986025551e-29,8.59441152775808e-32,0.0252407159055666,1
"19968",1.84089061779616e-05,2.90631942720775e-09,0.00206227696658777,0.997919311220915,4
"19971",4.06178629688961e-10,3.49518874772206e-39,7.72391809486542e-07,0.999999227202012,4
"19973",0.0141572217807932,0.984485289538209,0.00119189688366103,0.000165591797336671,2
"19975",0.000529035471602567,3.54812660464331e-05,0.985542409212109,0.0138930740502419,3
"19977",2.19783720910154e-09,1.50006565463357e-31,2.77998407299502e-09,0.999999995022179,4
"19979",0.970111566242798,4.22171818004554e-36,5.95660317124032e-22,0.0298884337572023,1
"19981",0.993851714091836,0.00274290078676212,7.20221623965583e-11,0.00340538504937907,1
"19983",0.980635328001375,0.00836549252603295,1.2914585822041e-13,0.0109991794724626,1
"19985",0.000225190865861617,0.829736034246913,0.167991556099144,0.00204721878808131,2
"19987",0.909690815735295,0.0151719817824721,0.0171621264625044,0.057975076019729,1
"19989",0.958634155744544,6.40223371800019e-27,1.95191147699317e-34,0.041365844255456,1
"19993",0.974586126611235,4.08185585682214e-09,4.03389733476325e-07,0.0254134659171757,1
"19995",0.996417313211049,8.99390063790508e-09,1.44950012915001e-08,0.00358266330004851,1
"19997",0.0126790863095926,0.986158354330104,1.88879723243584e-05,0.00114367138797871,2
"19999",5.92253594430184e-05,0.000962481184267424,0.997372007228049,0.00160628622824038,3
"20002",1.55735586749995e-13,3.26062858462541e-27,4.05519336451589e-10,0.999999999594325,4
"20004",0.947928648300277,1.93036582026975e-09,5.78037310344068e-11,0.0520713497115536,1
"20006",0.249125008496099,1.58541222165474e-23,9.89307801189804e-18,0.750874991503901,4
"20008",0.415618768157269,2.53614094965864e-23,9.84013692436557e-20,0.584381231842731,4
"20010",0.962301178046146,1.26292497979073e-10,4.85615426435637e-17,0.0376988218275615,1
"20012",0.000746677254487943,1.6033707998742e-06,0.170948898758776,0.828302820615936,4
"20015",0.955477670548784,1.06378148012359e-27,5.40038990076972e-29,0.0445223294512157,1
"20017",0.000876453723510133,0.998150517532026,0.000180822594872962,0.000792206149591118,2
"20019",0.932033373743011,5.4261363712938e-46,2.55054984345643e-36,0.0679666262569887,1
"20022",0.986447549214305,1.25584067121481e-10,9.33531528391603e-16,0.0135524506601097,1
"20024",0.00115562151990385,1.74903797647327e-44,3.28916189228116e-52,0.998844378480096,4
"20026",0.00115562151990385,1.74903797647327e-44,3.28916189228116e-52,0.998844378480096,4
"20028",0.000370127673539326,0.981012647190219,0.0172143878221005,0.00140283731414102,2
"20030",0.679634865295818,4.56020505107112e-24,8.43261111419974e-16,0.320365134704181,1
"20033",0.148743569616157,0.0204617277137905,0.822661243821652,0.00813345884840079,3
"20035",0.893962366259669,6.60548252636176e-44,4.3168849889652e-40,0.106037633740331,1
"20037",0.986519630463012,3.16800670155031e-40,7.4301806690265e-41,0.0134803695369876,1
"20039",4.65536843417023e-09,2.31273550069717e-54,1.15623459722973e-74,0.999999995344631,4
"20041",0.976578115072166,2.850100617436e-12,7.9661654616297e-17,0.0234218849249835,1
"20044",0.857368048424757,3.09108215952166e-15,2.57464600521432e-14,0.142631951575214,1
"20047",0.570800157103403,4.86129895454586e-53,1.94210455554404e-31,0.429199842896598,1
"20050",0.77490200547156,3.47184533404587e-19,1.03090630342633e-17,0.22509799452844,1
"20052",0.837317933642265,0.00882678412206573,0.133197971937494,0.0206573102981751,1
"20054",0.971584865890119,3.76833443366648e-17,7.68091536720081e-18,0.0284151341098811,1
"20056",0.000103623945056714,2.47653081204505e-11,0.92831867434797,0.0715777016822075,3
"20058",0.957442341653858,1.88662460168275e-26,4.61728548005338e-39,0.0425576583461418,1
"20060",0.148613325620055,0.835834708724,1.15051727919449e-07,0.0155518506042173,2
"20062",0.978297881833987,0.0178686802662949,1.62542904461815e-07,0.00383327535681363,1
"20064",0.997698123995229,1.48396066725321e-08,1.20370642603788e-06,0.00230065745873836,1
"20066",0.680368115238705,1.56025948573093e-36,1.46096472315525e-23,0.319631884761295,1
"20068",0.0225013480614113,0.975183566364425,2.20325953134305e-10,0.00231508535383766,2
"20070",0.440446890084333,0.490310461535947,3.68203290164466e-15,0.0692426483797164,2
"20072",0.699127367840358,8.60183644948783e-24,5.9080736742675e-37,0.300872632159642,1
"20074",3.55028584516663e-14,7.55499915604925e-13,0.995413695122163,0.00458630487704613,3
"20076",0.0184441444191293,3.84521830204219e-06,0.0446870931956029,0.936864917166966,4
"20078",0.996407026004691,1.1736745577618e-11,5.37913062492585e-11,0.00359297392978079,1
"20080",0.990062142549756,7.70279334138524e-36,4.4895099599945e-27,0.00993785745024411,1
"20082",2.78603074562145e-05,7.23677997351225e-36,1.21637469246537e-40,0.999972139692544,4
"20084",0.832419108361555,3.45643773328117e-17,4.37773270010196e-06,0.167576513905744,1
"20087",0.989664026511614,9.71257774845564e-12,4.02542677981e-22,0.010335973478674,1
"20090",0.975899756111567,1.95829674895124e-34,4.67645754331203e-28,0.0241002438884328,1
"20092",0.00543691360244998,8.30605584060601e-16,5.73319382792491e-48,0.994563086397549,4
"20096",0.0918294479560858,6.99659470004891e-10,9.8081509306226e-15,0.908170551344245,4
"20098",0.06159715708264,0.462804773125633,0.468966636204132,0.00663143358759489,3
"20101",0.989673334863994,3.21861063243568e-29,2.67894406767185e-12,0.0103266651333266,1
"20104",1.5276826745663e-09,8.14012908681858e-15,4.6688365680922e-34,0.999999998472309,4
"20106",0.994246213304105,4.7523693992992e-18,1.31363791223811e-11,0.00575378668275894,1
"20108",0.0964957422291202,0.899968824959683,8.74056875868798e-05,0.00344802712361029,2
"20110",0.15795147501166,8.86770294171035e-11,3.57525695143841e-06,0.842044949642711,4
"20112",0.989373920029266,3.97405862329061e-17,1.74716646142381e-16,0.0106260799707333,1
"20114",0.945487478660162,6.84013985016724e-13,0.000113874751622351,0.0543986465875318,1
"20116",0.932111257031818,1.21296434236761e-13,9.65172864443918e-06,0.0678790912394165,1
"20118",0.968162828063987,0.00839501441937296,0.0176495797994533,0.00579257771718624,1
"20120",0.8407716209853,7.34832834274161e-20,2.0366877854964e-11,0.159228378994333,1
"20122",6.77053768934326e-07,2.68345504614189e-07,0.999125344384887,0.000873710215839496,3
"20124",0.95188971986205,4.73010328149425e-32,4.15327794870877e-33,0.0481102801379506,1
"20126",3.27277997961022e-08,3.26546137855714e-51,1.51738762051968e-51,0.9999999672722,4
"20128",7.81030742612103e-05,7.92434632364511e-73,3.77568558534379e-58,0.999921896925739,4
"20141",3.20770610985912e-05,9.51773886621069e-08,2.41807028975217e-19,0.999967827761513,4
"20143",8.02272980674857e-11,1.28685380364717e-24,0.0142688526057915,0.985731147313981,4
"20145",0.99106120070504,8.83348801795855e-11,6.41624592983259e-13,0.00893879920598328,1
"20147",0.998549442223552,6.14466692673508e-13,1.28339562824073e-12,0.00145055777455039,1
"20149",9.11695759954271e-07,7.85987894574508e-05,0.996003686790416,0.00391680272436682,3
"20151",0.0265912429194326,0.737614094812085,0.23466872351824,0.00112593875024289,2
"20153",0.0199917997936921,1.53553302153358e-08,0.629683842743518,0.35032434210746,3
"20155",0.995362181173433,2.7043889548758e-21,1.84402970934534e-20,0.00463781882656744,1
"20157",0.00692732181796257,0.104962232930283,0.849193095425467,0.0389173498262884,3
"20160",8.46959455282094e-12,4.96735176743304e-12,0.999852840067268,0.000147159919295008,3
"20162",4.60727066705907e-08,0.000599072312938195,0.999045460272575,0.000355421341780027,3
"20164",0.00666617771534807,1.38714379731193e-07,0.957072949691675,0.0362607338785969,3
"20166",0.16147466059143,7.34533829182747e-31,9.12332380367906e-15,0.83852533940856,4
"20168",3.88452422819772e-11,1.83655690263487e-28,1.73535770379947e-19,0.999999999961155,4
"20170",0.00175496055255238,6.15653010274479e-05,0.995893996985876,0.00228947716054359,3
"20172",0.99088374192672,1.62317902010352e-11,4.63218434363733e-23,0.00911625805704814,1
"20174",6.90603511346887e-06,0.989595201647175,0.000445819006476815,0.00995207331123494,2
"20176",3.84433189201889e-07,3.18765862013083e-20,1.65584587096571e-19,0.999999615566811,4
"20178",2.74172703042397e-12,1.12500890471315e-12,0.999691764249619,0.000308235746514049,3
"20181",0.672956052788819,8.75820607978188e-27,5.10385930358839e-11,0.327043947160142,1
"20183",0.15334120241519,0.835583256861479,2.48976269647199e-12,0.0110755407208409,2
"20186",0.599957279785464,0.00108156374470384,3.91486926297165e-33,0.398961156469833,1
"20188",9.64053709141975e-10,2.3508497598437e-11,0.999284472872963,0.000715526139474622,3
"20190",0.995713482161999,4.85173411745569e-27,6.01006897272851e-23,0.00428651783800054,1
"20193",2.88801940702925e-09,1.27415908712076e-28,1.14887562007188e-05,0.99998850835578,4
"20195",0.115341036924739,1.39517748333587e-07,0.852671262194547,0.0319875613629659,3
"20197",0.993121103104093,7.89978290833805e-15,3.01020165078697e-19,0.00687889689589873,1
"20199",3.20955791733248e-05,1.58306616488004e-06,0.996054132364355,0.00391218899030679,3
"20205",3.68403077451582e-06,2.47656521667075e-32,1.01400858417506e-47,0.999996315969225,4
"20208",0.876464602353244,0.0122582183345029,0.0318825560783234,0.0793946232339302,1
"20210",6.27338875099294e-07,0.000130909389454928,0.999637230398954,0.000231232872715864,3
"20212",0.00494594607630281,0.00545002744426058,0.967402828777202,0.0222011977022349,3
"20216",0.984128699253385,3.87088627593571e-15,3.04075180861618e-13,0.0158713007463066,1
"20219",0.630449085263446,4.61775091820294e-17,8.77491712625064e-16,0.369550914736553,1
"20223",0.0331351191145622,2.15381127445812e-45,2.81195081940751e-52,0.966864880885438,4
"20226",0.968815239818096,2.72279508947993e-09,7.33400597184707e-09,0.0311847501251024,1
"20230",0.993935177651595,1.66878052186385e-32,3.59905110108767e-29,0.00606482234840457,1
"20233",3.54743766982549e-12,2.01894478721451e-25,3.45286988506724e-35,0.999999999996453,4
"20235",0.0664156345540153,1.0273061885598e-33,1.47617815647671e-45,0.933584365445985,4
"20239",0.586374369226032,2.42315349815122e-14,1.40367992094087e-25,0.413625630773943,1
"20254",9.72577780491559e-05,1.14298990965284e-43,8.17018617010718e-43,0.999902742221951,4
"20256",0.988816948976878,7.60849801848953e-23,8.67543098477118e-32,0.011183051023122,1
"20262",0.000493753362746977,0.00784351170580825,0.991357119738649,0.00030561519279561,3
"20270",0.0921848791684317,3.65648271528885e-20,2.25552760739558e-14,0.907815120831546,4
"20284",0.0878957291476182,1.47522491892305e-06,7.38577392698071e-19,0.912102795627463,4
"20287",0.860867875174895,2.19227334840885e-43,8.69220012955209e-43,0.139132124825105,1
"20290",0.000480790691468626,2.85289581090527e-22,6.78828756045409e-22,0.999519209308531,4
"20293",0.991922022712298,2.87876313168696e-08,2.03843258375323e-12,0.00807794849803182,1
"20296",0.146746081809474,0.00448040047413382,0.478463735721774,0.370309781994618,3
"20301",0.0960769791202719,4.24634689753344e-60,1.361472763022e-27,0.903923020879728,4
"20304",2.69649734011727e-05,1.92697929980193e-32,4.52440207395625e-41,0.999973035026599,4
"20306",0.970647688433096,5.97574562885698e-31,3.70881728731918e-36,0.0293523115669035,1
"20309",0.979445752057426,4.84834508027048e-10,1.24206264460397e-13,0.0205542474576156,1
"20311",0.981426194572127,8.9763253383281e-18,7.00050172752041e-12,0.0185738054208727,1
"20314",0.124863349580959,0.410180661855247,0.46202604504778,0.00292994351601489,3
"20318",9.76308652373515e-08,1.03375204281409e-21,0.0312413411197807,0.968758561249354,4
"20320",0.643820139367025,5.33566574258495e-06,7.35599821277048e-14,0.356174524967159,1
"20326",0.555214582404866,0.365719929196045,0.0672685027432529,0.0117969856558357,1
"20328",0.789204209334633,2.72219627719224e-05,1.67501647992011e-27,0.210768568702595,1
"20330",0.900125174035796,1.17067305208268e-22,4.82309522573825e-26,0.0998748259642041,1
"20336",0.0185570663694979,1.77388790697952e-10,4.31699292787793e-29,0.981442933453113,4
"20338",0.0164082211995415,8.98169896904456e-23,1.71362136415365e-19,0.983591778800459,4
"20340",0.792507165332786,1.91401032398576e-34,6.64272081498815e-34,0.207492834667214,1
"20342",2.80832978788398e-11,2.0638183190164e-48,1.34778265482858e-35,0.999999999971917,4
"20344",0.985472853249206,4.97281467066508e-18,2.57796480635237e-26,0.0145271467507944,1
"20349",0.991603254581617,7.87340367971252e-25,5.33980316276587e-32,0.00839674541838289,1
"20351",0.958209027142204,5.62252484490917e-11,3.09396842497242e-13,0.041790972801261,1
"20353",0.972070622659427,1.08023480796773e-29,1.12458179981845e-29,0.0279293773405733,1
"20357",0.000134635157994936,2.19475606383401e-34,5.98361041331748e-54,0.999865364842005,4
"20360",7.11504705868293e-07,2.66033530859971e-40,8.42773492110308e-45,0.999999288495294,4
"20364",0.991707154853241,7.67142123352254e-11,4.99238429424569e-16,0.00829284507004452,1
"20366",8.12421041880967e-05,1.74543297144609e-16,5.80536748752212e-34,0.999918757895812,4
"20381",2.1499243749815e-09,2.4127189780516e-10,2.73891476870259e-08,0.999999970219656,4
"20391",0.0158894003859499,4.56908497585186e-13,1.50026124154088e-43,0.984110599613593,4
"20394",0.450969102835553,0.523134283252398,1.83779175085725e-08,0.0258965955341317,2
"20396",7.21967447964666e-06,0.0547577087401431,0.109320727806903,0.835914343778474,4
"20409",0.844066507782426,2.81374098341517e-09,0.000222454706129231,0.155711034697704,1
"20411",0.904411956813848,4.17472068250202e-22,1.24988072860908e-36,0.0955880431861516,1
"20416",6.38720606264255e-05,3.55057508641953e-61,1.0105613140324e-69,0.999936127939374,4
"20418",2.40190037990089e-07,0.00374689197867572,0.686263735872832,0.309989131958454,3
"20420",5.23897103295516e-09,1.72371334592501e-17,4.19690997014808e-30,0.999999994761029,4
"20422",0.925910943085232,2.49423243616271e-26,2.54918931149539e-19,0.0740890569147676,1
"20424",0.967941008487994,8.98238958447179e-22,3.6218218451771e-34,0.032058991512006,1
"20426",6.12670349386519e-13,3.51021718587004e-44,1.93140552166785e-29,0.999999999999387,4
"20428",0.995768938468851,1.01788302950356e-09,4.21941036435158e-17,0.00423106051326596,1
"20431",0.689907477493342,1.13455002205542e-10,0.00013371053799407,0.309958811855209,1
"20433",0.170432626784408,2.7561672696425e-46,8.68010821951504e-38,0.829567373215592,4
"20436",4.58236734814997e-05,3.31729067606998e-27,2.67972787572098e-21,0.999954176326518,4
"20439",1.15664674341756e-05,0.971961617801508,2.40444945395364e-05,0.0280027712365178,2
"20441",0.000556273291567441,1.91502312451133e-29,3.5229069955781e-33,0.999443726708433,4
"20444",1.86638372956411e-10,1.47229556696298e-06,0.999172939712148,0.000825587805647044,3
"20448",0.0823464199421913,5.48690776768069e-07,1.78585831844112e-06,0.917651245508713,4
"20536",0.00672265401401895,0.894540334563932,8.37945623656465e-14,0.0987370114219648,2
"20538",0.00958034702339275,6.39427953499336e-15,1.30824862276184e-32,0.990419652976601,4
"20541",0.878270414250435,3.92702373651304e-35,7.96195737948967e-34,0.121729585749565,1
"20544",0.99686999932515,1.18844963860477e-06,2.50699593669991e-11,0.00312881220014105,1
"20546",0.976507644835782,1.60928133964032e-15,4.58196363436519e-29,0.0234923551642161,1
"20550",0.930690193362225,2.77493339183134e-15,1.38779041840877e-14,0.0693098066377588,1
"20553",5.04363353137078e-10,1.19182031507698e-94,9.27345404717132e-54,0.999999999495637,4
"20555",2.54573529225725e-09,1.38677803770928e-22,3.42545794519751e-45,0.999999997454265,4
"20557",0.948782297464253,2.1443371186318e-12,7.60126444921275e-13,0.0512177025328425,1
"20559",0.996209789536079,7.2901037863392e-16,1.07488637072803e-14,0.00379021046391008,1
"20561",0.00721554679932705,3.89651712122647e-05,0.988040401874489,0.00470508615497199,3
"20564",2.74172703042397e-12,1.12500890471315e-12,0.999691764249619,0.000308235746514049,3
"20566",0.972402702804869,4.65230704630816e-09,1.46482319479527e-11,0.0275972925281758,1
"20569",0.000122115695091053,0.00381866569709407,0.992984988643888,0.00307422996392655,3
"20572",9.48070386248839e-06,1.71334802521037e-08,0.960465341160818,0.0395251610018389,3
"20574",0.995879179397021,7.11803684623997e-22,3.83639514593767e-16,0.00412082060297816,1
"20576",1.35532314769387e-08,2.92986149954761e-12,0.999544587448078,0.000455398995761023,3
"20578",0.998822577559604,2.0757844342675e-06,6.79507105599576e-07,0.00117466714885651,1
"20580",0.994291426983476,2.4369163513917e-06,1.70346027473877e-10,0.00570613592982668,1
"20583",1.15914071768502e-09,1.07625955194848e-10,0.999777135289635,0.000222863443598507,3
"20586",0.98198430030599,6.22683489451534e-08,8.2263554912878e-21,0.0180156374256616,1
"20589",0.992575741371526,9.35674621362595e-25,3.42848723578801e-35,0.00742425862847344,1
"20591",0.0605993640847882,5.02217857545929e-09,2.88217505528024e-24,0.939400630893033,4
"20593",0.953695778729127,9.86875624534579e-52,6.82785689018699e-34,0.0463042212708733,1
"20595",0.993538734740968,5.10748619036677e-14,3.90768609839616e-13,0.00646126525859064,1
"20597",3.81260805291776e-08,0.0038522547457555,5.65910464058889e-19,0.996147707128164,4
"20599",1.3813422896337e-11,2.21271895019979e-14,0.999693692699239,0.000306307286925471,3
"20601",0.150551263711353,0.848528912737816,3.82296475786815e-07,0.000919441254354736,2
"20604",0.994516390486034,4.00721264351525e-32,1.06848276980344e-21,0.00548360951396583,1
"20606",0.98953601884593,3.28308942105794e-28,1.81704915831289e-25,0.0104639811540703,1
"20608",0.988732422620539,1.25916752561501e-20,4.78381365007922e-21,0.0112675773794615,1
"20610",4.29590424543384e-06,1.44755630976533e-11,0.992037448234094,0.00795825584718465,3
"20612",2.35325128352128e-11,2.49445388287293e-39,1.72108890142214e-40,0.999999999976467,4
"20614",2.17362358922695e-06,0.000177465961597395,0.999337904263656,0.000482456151157304,3
"20616",0.451321509485758,0.00655117346734775,2.69011387282062e-07,0.542127048035507,4
"20618",0.00010501860482935,1.42636452822475e-20,6.09150670238963e-25,0.999894981395171,4
"20620",0.698564861178588,2.08659485306128e-28,1.00011132202105e-16,0.301435138821412,1
"20622",9.73754832951673e-07,2.09097620027824e-11,0.997562462489705,0.00243656373455192,3
"20624",0.746711933564611,7.88912087218775e-24,4.71972582636026e-34,0.253288066435389,1
"20626",0.277636808391719,7.51703063001836e-16,8.34285763833278e-13,0.722363191607446,4
"20628",0.132465726144212,6.28460357588515e-14,4.63045983009391e-22,0.867534273855725,4
"20630",0.952406286435634,1.04492992741396e-16,3.70966714796988e-10,0.0475937131933993,1
"20632",2.2120124527097e-09,1.20961340340586e-06,0.998677197676011,0.00132159049857342,3
"20634",0.994163641992522,3.83335650108339e-27,2.19387170633559e-25,0.00583635800747837,1
"20637",0.00241684189020911,7.27707916093698e-35,1.04831792860907e-23,0.997583158109791,4
"20639",7.97911865754987e-05,9.32741875168537e-09,0.991313350225135,0.00860684926087104,3
"20644",2.1506896272581e-09,1.33312811194182e-85,1.38435313978582e-64,0.99999999784931,4
"20646",8.5783462087845e-05,4.20220931978225e-45,3.20921722359092e-34,0.999914216537912,4
"20648",0.0173065227329302,0.356223710412865,0.623829525021107,0.00264024183309835,3
"20650",0.0938677323717294,2.95939865493638e-33,6.77392011250509e-39,0.906132267628271,4
"20653",0.216836056399633,0.000309588176019446,4.23792262879161e-11,0.782854355381968,4
"20658",0.916114545156212,8.69249061219818e-24,8.75407738106993e-34,0.0838854548437883,1
"20661",7.21557344177928e-06,7.16058894776693e-25,8.56080450992139e-47,0.999992784426558,4
"20663",0.992776408304494,0.000648607457705378,2.2154448064416e-15,0.00657498423779898,1
"20665",4.56522964634582e-11,1.08927990513556e-13,0.999166236251039,0.000833763703200273,3
"20667",0.701882622202084,1.58314353930476e-09,1.28068455779752e-13,0.298117376214644,1
"20669",1.40647586026606e-06,0.0329764392943356,1.30574064827302e-17,0.967022154229804,4
"20671",0.377720713811322,8.35562369061862e-19,5.6418052987511e-16,0.622279286188678,4
"20673",1.12065060099371e-08,0.0141808984916983,1.42647418007416e-12,0.985819090300369,4
"20675",0.193689838268462,0.328848357273656,9.19786366440584e-18,0.477461804457882,4
"20677",0.969638975563908,0.000464100731066561,1.34868481400326e-17,0.029896923705025,1
"20679",6.21341232143661e-07,0.181284529982362,8.61733854833453e-07,0.818713986942551,4
"20681",0.000921025857895036,0.994815662893479,6.97144876144653e-17,0.00426331124862636,2
"20683",0.923296375386862,1.73216031386766e-06,3.88538715281355e-16,0.0767018924528237,1
"20685",1.75854595021183e-08,1.24808652697024e-17,2.20363819570273e-31,0.999999982414541,4
"20687",6.96803422986599e-05,0.970244167048967,0.0290355726106263,0.000650579998108146,2
"20689",7.48568087892396e-10,2.20791332748257e-66,5.62260364723003e-72,0.999999999251432,4
"20691",3.5096134482903e-09,4.61027873266946e-06,0.999177564678012,0.000817821533641547,3
"20693",0.927438853493556,1.17688666294334e-30,1.74600884564106e-36,0.0725611465064438,1
"20695",0.132119627199119,0.657712660486367,0.184886261432405,0.0252814508821088,2
"20697",0.982730209949375,5.6827710792032e-23,6.33682640136444e-13,0.0172697900499912,1
"20699",0.991175286891865,0.000260862647454064,3.18036765841397e-14,0.00856385046064918,1
"20701",0.988208419919885,1.00689068857418e-10,1.79429615832273e-26,0.0117915799794257,1
"20703",2.6063382256936e-11,3.97208337980223e-17,5.80578794743527e-26,0.999999999973937,4
"20705",0.958992403601292,6.06792932251563e-19,7.58118218650315e-25,0.0410075963987079,1
"20707",0.0947937115582419,0.900798272078414,2.88427854312038e-08,0.004407987520559,2
"20709",0.294002126190036,4.5798601070011e-07,0.00297121198615229,0.703026203837801,4
"20713",0.00156819085323335,0.000247647928628122,2.82132564157958e-12,0.998184161215317,4
"20715",1.29154912648506e-06,6.48672629882941e-72,2.06742628845169e-24,0.999998708450874,4
"20717",0.0118067047819438,0.979137708887713,0.000537102459785017,0.00851848387055832,2
"20720",0.991509677658278,3.43596014618394e-16,2.08864307809122e-15,0.00849032234171945,1
"20722",0.988301455221435,4.08448231890221e-10,9.40396767981886e-14,0.0116985443700225,1
"20724",0.00111958566769547,0.997974581406005,0.000738417134467521,0.000167415791832152,2
"20726",0.952794475854299,1.83872634741552e-30,1.84111366518136e-34,0.0472055241457007,1
"20728",0.000339099642419173,0.998920667129911,2.04433719196319e-12,0.000740233225625378,2
"20730",0.0262124122664133,0.966334494375198,0.00609407042234077,0.00135902293604744,2
"20732",0.116120601146943,7.67256986121854e-25,4.4246335959718e-30,0.883879398853057,4
"20734",0.993913085737457,0.000342388490928132,7.43508648853411e-12,0.00574452576418014,1
"20736",5.44255333776118e-05,9.98026242137873e-05,0.999130737329371,0.000715034513037576,3
"20738",1.94148147322131e-07,2.69517368899597e-41,6.0199618056263e-22,0.999999805851853,4
"20740",0.034350711928706,1.60639623457003e-15,1.53420577012842e-49,0.965649288071292,4
"20742",0.0382177470782768,0.853945165589323,1.91771550115941e-14,0.107837087332381,2
"20744",9.061286406571e-08,0.000131929412201363,0.995601284685012,0.00426669528992286,3
"20746",0.931702804291297,0.0636690037614667,3.36327592296417e-11,0.00462819191360291,1
"20748",0.000927454629139125,0.974984883798331,0.0234563833714256,0.000631278201104215,2
"20750",0.0167732552157053,0.408298258304618,0.571196655523765,0.00373183095591174,3
"20752",0.993999268281089,9.22979776581572e-09,2.82247217612206e-21,0.00600072248911341,1
"20754",5.9725274329728e-08,0.000667599194573124,7.66854863316672e-13,0.999332341079386,4
"20756",0.894991874031641,0.00664183633463568,0.0703759140484761,0.0279903755852466,1
"20758",9.68902150505409e-06,2.05255383392871e-16,7.36942502238778e-10,0.999990310241552,4
"20760",0.000346946001205612,0.982386078662645,0.0163694381782698,0.000897537157879377,2
"20762",1.47839511910067e-07,0.0019949557115111,7.09701941432344e-16,0.998004896448976,4
"20764",0.000141408931523141,0.265236291350256,0.648734585016006,0.0858877147022145,3
"20766",0.00154954050187184,0.681005908108483,0.316191101102778,0.00125345028686644,2
"20768",0.00361194546962929,0.00440652751857113,0.991370977595162,0.000610549416637867,3
"20770",0.119977513064723,0.000800176976439817,1.77101972879282e-16,0.879222309958837,4
"20772",0.993955606550195,9.55729568936387e-28,2.95500060453199e-22,0.00604439344980504,1
"20774",0.0285354441164464,5.05835174542388e-61,2.5252542564533e-54,0.971464555883554,4
"20776",0.898031929895295,0.00473191404875619,7.85544302793035e-23,0.0972361560559487,1
"20778",8.75615700823772e-05,5.45067663448983e-75,5.87892357336163e-48,0.999912438429918,4
"20780",1.03406583310248e-11,6.73464590089722e-16,1.0534338816032e-12,0.999999999988605,4
"20782",2.97299251133091e-09,0.000164397057746859,3.05028817996738e-12,0.99983559996621,4
"20784",1.3758812707204e-06,0.000533467410856416,2.03760720483521e-14,0.999465156707853,4
"20786",1.03611419885274e-11,2.06562292294986e-11,0.975820770439595,0.0241792295293877,3
"20788",0.12485874931089,0.872748249631527,5.20065119991644e-09,0.00239299585693186,2
"20790",0.000380713811955056,0.971548664293447,8.43485738026676e-05,0.0279862733207959,2
"20792",0.652088506140266,1.16412170778151e-05,0.000141491921204495,0.347758360721452,1
"20794",3.24592012097171e-05,0.989928247174734,0.000210374143784413,0.00982891948027205,2
"20796",0.991691186393058,4.53996859090315e-23,6.92652673141141e-30,0.00830881360694224,1
"20798",2.74172703042397e-12,1.12500890471315e-12,0.999691764249619,0.000308235746514049,3
"20801",2.79587668892648e-06,4.04526228083612e-23,6.08750579872511e-05,0.999936329065324,4
"20803",0.922531879169228,0.0525661549241631,6.26350958360184e-12,0.0249019659003459,1
"20805",0.993656647526494,3.29762458495373e-05,8.08682687401139e-17,0.00631037622765641,1
"20807",2.74172703042397e-12,1.12500890471315e-12,0.999691764249619,0.000308235746514049,3
"20809",0.0675697212619593,0.00641151853805455,8.23173362664551e-16,0.926018760199985,4
"20811",0.000203168872644477,2.04793449386174e-19,1.11413908684284e-06,0.999795716988269,4
"20813",0.393246196182643,2.39969323355981e-10,1.43846745193391e-05,0.606739418902869,4
"20815",1.97777572044508e-14,5.73835520349697e-16,0.54417628927439,0.45582371072559,3
"20817",0.00266888358846581,0.99709348820738,1.46507762412843e-05,0.000222977427913139,2
"20819",0.976778040584824,0.00198181910053071,2.26107871142909e-18,0.0212401403146456,1
"20821",4.71016405033101e-09,9.75425974771699e-44,2.3146989627204e-25,0.999999995289836,4
"20823",0.993076738159331,0.000958607922230238,1.29678460116375e-08,0.00596464095059248,1
"20825",0.00132483039660028,0.997849601529019,4.20361878360087e-07,0.000825147712502384,2
"20827",0.041261372069809,1.02958408279846e-06,0.642125888295146,0.316611710050963,3
"20829",0.336282339301714,8.12369984894772e-31,1.53649225494401e-25,0.663717660698286,4
"20831",0.0088790717035292,0.98754418011978,2.76672611070896e-09,0.00357674540996475,2
"20833",4.61283152283106e-12,6.98072156352678e-07,3.07786377641275e-12,0.999999301920153,4
"20835",0.00404537330697564,0.989277090640758,0.00483830157498509,0.00183923447728095,2
"20837",0.0455672399238184,0.934615446282147,0.0101599017056727,0.00965741208836188,2
"20839",0.00146743679467677,0.995906126230876,0.00187720266625411,0.000749234308193363,2
"20841",0.430737359712601,7.38652270927653e-13,1.0691829866105e-29,0.56926264028666,4
"20843",0.178388608403623,0.815446400607526,1.89904370919322e-13,0.00616499098866074,2
"20845",0.353299035149637,0.305954284869567,0.00138453271985439,0.339362147260942,1
"20847",0.991881462755671,3.55434403128015e-06,4.68191196746761e-12,0.00811498289561542,1
"20849",0.983645304902678,2.00752549222041e-07,3.01697409858237e-09,0.016354491327799,1
"20851",0.978618455079277,2.44411550704219e-08,1.98309054143825e-15,0.021381520479566,1
"20853",0.924893105392912,5.79031701091628e-23,1.64743307000031e-28,0.0751068946070877,1
"20855",0.892770929021996,1.65280991892244e-24,1.0287571720001e-14,0.107229070977994,1
"20857",0.982126010623652,0.000358079710282289,2.91434657852065e-10,0.0175159093746308,1
"20859",0.997108591683747,4.44231617737723e-11,2.16825894864782e-12,0.00289140826966144,1
"20861",5.8263053127273e-07,2.661430978777e-15,3.03244397083386e-23,0.999999417369466,4
"20863",0.000120245323422195,0.000994232112429074,0.997208569339531,0.00167695322461762,3
"20865",0.0112017580539395,0.949238953299826,5.19412527942542e-11,0.0395592885942927,2
"20867",0.493538343958202,1.4333418029683e-57,1.24170890005435e-44,0.506461656041798,4
"20869",0.00245571065469613,0.000609066387367065,0.991118643985469,0.00581657897246784,3
"20871",0.0345183270511753,3.62473210874853e-51,2.31399782358473e-23,0.965481672948825,4
"20873",0.758997688265418,2.54069551044053e-36,1.72883678832403e-16,0.241002311734582,1
"20875",0.995847637418296,3.72450819893506e-14,7.30069192654393e-18,0.00415236258166648,1
"20878",2.10824343818231e-14,3.26452615574584e-15,0.00194368757141263,0.998056312428563,4
"20880",2.54461132668842e-12,1.68355758924863e-10,8.57983222191195e-11,0.999999999743301,4
"20882",0.944426689426505,1.36664433033889e-28,1.18098305976297e-26,0.0555733105734949,1
"20884",0.0139443805693426,0.956757301453179,0.0259671029846248,0.00333121499285331,2
"20886",0.00456612515671736,0.000635842455077579,0.992978643358684,0.00181938902952105,3
"20888",3.3680192402837e-08,0.664361153452312,2.22086687626738e-05,0.335616604198733,2
"20890",0.00898059298763125,0.94148541924712,0.0492061007804692,0.000327886984779216,2
"20892",0.974459556071186,9.34048356878696e-07,9.6503126147211e-16,0.0255395098804561,1
"20897",0.937496668883176,6.96581617670099e-05,6.33675585208776e-08,0.0624336095874985,1
"20899",0.951653304641369,0.0291155946385002,9.46018328826248e-06,0.019221640536843,1
"20901",1.76959203706229e-10,3.38365334832127e-46,1.86771361918446e-53,0.999999999823041,4
"20903",2.9057930966331e-05,2.63073270693272e-66,1.35344960947346e-26,0.999970942069034,4
"20905",0.000460297840222055,3.45046066973838e-32,8.86482119533568e-21,0.999539702159778,4
"20907",0.875216276138971,3.21529522986497e-22,2.07044201017133e-32,0.124783723861029,1
"20909",0.322765946526233,1.16202334362965e-07,3.35014623404796e-08,0.677233903769971,4
"20911",1.7411660347258e-11,1.41683720233694e-68,7.74264000907232e-69,0.999999999982588,4
"20913",0.790183063743547,0.111598671581127,6.00269073353273e-06,0.0982122619845928,1
"20962",0.998398444661166,5.88545062914634e-07,1.16746479016888e-11,0.00160096678209609,1
"20969",0.831435999401084,4.39538560373999e-18,1.47436870411691e-08,0.168563985855229,1
"20980",0.994103933874095,2.36865340831101e-08,2.90733188486e-10,0.00589604214863782,1
"20982",0.996384710698272,1.56300295033631e-11,2.27382665310967e-21,0.00361528928609832,1
"20984",0.642922437213324,0.0121901876828065,1.30897385867909e-08,0.344887362014131,1
"20994",0.97622639446645,1.48213002212888e-17,1.21007968205124e-13,0.0237736055334293,1
"21015",0.00039700021898207,0.285736175014097,0.00922029072009827,0.704646534046823,4
"21023",0.870927364187952,1.07287778295309e-25,9.56911446611249e-31,0.129072635812048,1
"21040",0.152816654314457,8.96929726241483e-15,1.0739003928815e-36,0.847183345685534,4
"21073",0.847124972358857,1.15267527883863e-08,1.53478354541836e-13,0.152875016114237,1
"21222",0.0163452582075697,0.968882600385372,0.0127496211002557,0.00202252030680239,2
"21224",0.973670717885431,0.0148881829654745,5.85275721824975e-08,0.0114410406215227,1
"21228",0.000327189935413362,1.04154869589066e-24,1.41935576199916e-11,0.999672810050393,4
"21232",0.976911038563515,2.1421507563474e-22,9.67856711890469e-31,0.0230889614364852,1
"21237",0.0563545996993234,9.66168752626317e-37,8.22328342998622e-27,0.943645400300677,4
"21240",0.00161134423784358,0.998045045434252,5.42027214535867e-07,0.000343068300690249,2
"21245",0.000500821622355268,0.984006230359251,0.0152055252981774,0.000287422720216451,2
"21252",0.926286261442336,8.87955338463489e-17,1.91519179229701e-35,0.0737137385576643,1
"21254",0.676771142320031,7.20458182561617e-14,1.55444702667531e-23,0.323228857679897,1
"21258",0.93226937699682,5.31981027455789e-12,1.49945066029966e-09,0.0677306214984092,1
"21264",0.310420831930571,0.448140476645383,0.232306379841713,0.00913231158233272,2
"21305",0.00357763403622871,2.35651761101687e-09,3.16777729284866e-12,0.996422363604086,4
"21333",0.97780209498888,2.61920003774406e-10,4.38504794992246e-27,0.0221979047491995,1
"21366",0.781815021744249,0.144061461680643,1.19956318377756e-09,0.0741235153755448,1
"21377",8.16016498277822e-07,9.71946995017547e-08,0.998790326887885,0.00120875990091671,3
"21380",2.96154415862799e-09,6.55847599768615e-44,1.23872572998976e-27,0.999999997038456,4
"21387",1.10892768363733e-12,6.1769690962143e-66,2.1564206813468e-75,0.999999999998891,4
"21390",0.889617747886652,1.17718136930429e-17,1.2365190803673e-30,0.110382252113348,1
"21392",0.960287520194378,3.20083449436863e-07,1.09988936721345e-10,0.0397121596121835,1
"21403",0.985629045169322,5.76261182861059e-13,5.1074892154308e-07,0.0143704440811804,1
"21408",0.962039718855122,5.68133322003735e-24,2.04791946662482e-18,0.0379602811448784,1
"21412",0.000250335613478116,1.37878447811943e-29,8.29181777735251e-23,0.999749664386522,4
"21421",0.957019891142476,0.0359078162500059,4.24168329033151e-08,0.00707225019068535,1
"21424",0.00424292914693081,3.16027558999354e-39,4.06443821121794e-42,0.995757070853069,4
"21429",0.992507130453254,1.61975462306581e-17,1.77181539407359e-14,0.00749286954672822,1
"21431",0.976230928926165,0.000201919276509539,2.24063731853795e-09,0.0235671495566884,1
"21436",4.26713759057864e-05,3.62158682415821e-06,7.5590734563513e-18,0.99995370703727,4
"21439",0.99919430075093,5.1502730892386e-09,2.19940456386216e-07,0.00080547415834019,1
"21442",0.889215286064094,8.67100564900619e-05,0.00159168951434182,0.109106314365074,1
"21444",0.000674493808962437,0.996891749637955,7.32750707368457e-11,0.00243375647980777,2
"21446",4.39409737027473e-14,2.47774332162375e-17,4.4773066870957e-05,0.999955226933085,4
"21448",3.4758630291198e-13,2.08127616049839e-27,8.70849868743015e-41,0.999999999999653,4
"21450",0.601321244200192,8.90724285750949e-15,6.41475201713201e-10,0.398678755158324,1
"21452",0.938921971369383,1.35915354767238e-15,3.70176278894969e-24,0.0610780286306152,1
"21466",0.845882840413884,9.66055818431834e-31,9.87475656241508e-42,0.154117159586115,1
