"","V1","V2","V3","best$classification"
"19812",0.00942910905917853,0.939512679225265,0.0510582117155565,2
"19814",0.00146039022337349,0.0936813352926981,0.904858274483929,3
"19816",0.0124734162990088,0.987494806066524,3.1777634467029e-05,2
"19818",0.00523122673975593,0.646423130936837,0.348345642323407,2
"19820",0.0220071140735389,0.977992885926461,5.8135041784263e-21,2
"19822",0.950031532216469,0.049968467783531,6.53436220009039e-22,1
"19824",0.538349882770145,0.461650073921834,4.33080203411314e-08,1
"19826",0.0388286914375442,0.774559639335169,0.186611669227287,2
"19828",0.0099933325954225,0.990006667326949,7.76284248285756e-11,2
"19830",0.252423124241538,0.535106449199926,0.212470426558536,2
"19832",0.61291874660521,0.387081221056858,3.23379322086388e-08,1
"19834",0.0184950131665379,0.981504535975004,4.50858458665761e-07,2
"19836",0.025336726879709,0.974068206164537,0.000595066955754288,2
"19838",0.00423883210781423,0.0369718468386127,0.958789321053573,3
"19840",0.0478140165383426,0.952164299886798,2.16835748595561e-05,2
"19842",0.341194132030792,5.13479281441508e-05,0.658754520041064,3
"19844",0.830465122663893,7.78431048667811e-09,0.169534869551797,1
"19846",0.00137750504515856,0.000181668063196695,0.998440826891645,3
"19848",0.00270927209180159,0.00163092942074698,0.995659798487451,3
"19850",0.00602269528718093,0.00374261481639445,0.990234689896425,3
"19852",0.0063087833837855,0.979479233477567,0.0142119831386472,2
"19854",0.00623001108013282,0.00582098709139627,0.987949001828471,3
"19856",0.88788499762944,0.000371235454471342,0.111743766916089,1
"19858",0.998834838823936,0.00110435724108663,6.08039349770959e-05,1
"19860",0.00960357387385483,0.973540701964812,0.0168557241613332,2
"19862",0.00661632320623066,0.000662875518564208,0.992720801275205,3
"19864",0.99999999735218,3.87723983604644e-10,2.26009605350633e-09,1
"19866",0.364143376826515,0.635856119005726,5.04167759332637e-07,2
"19868",0.999999999990828,9.17170005162788e-12,1.27386619323993e-21,1
"19870",0.00382851508483593,0.0336071617323148,0.962564323182849,3
"19873",0.0425869433476287,0.643702684953688,0.313710371698683,2
"19875",0.0131861848564841,0.986813800076297,1.50672186739614e-08,2
"19877",0.00577271625646497,0.687785912960405,0.30644137078313,2
"19879",0.00886699985230469,0.986988297991744,0.0041447021559507,2
"19881",0.106117612919111,0.790530096832612,0.103352290248277,2
"19883",0.0498076733556903,0.0781202896063233,0.872072037037986,3
"19899",0.0432267642928776,0.956762752038851,1.04836682718102e-05,2
"19908",0.999999485879138,5.13999389813498e-07,1.2147180443605e-10,1
"19910",0.00501101740844856,0.956707145509599,0.0382818370819523,2
"19912",0.0776065537587508,0.000272966699896876,0.922120479541352,3
"19914",0.0223233024693393,0.976396639792078,0.0012800577385828,2
"19916",0.999696600163068,0.000303399773139951,6.37924990576995e-11,1
"19918",0.00363481864905705,0.0190064290543394,0.977358752296604,3
"19920",0.00272075187428693,0.000370346446481605,0.996908901679232,3
"19922",0.999146561150096,0.00085343864061002,2.09294117589844e-10,1
"19924",0.0071809703619734,0.718362786935437,0.27445624270259,2
"19926",0.0883975159662932,0.911602213176517,2.70857189457887e-07,2
"19928",0.999999969630098,1.28284515548128e-15,3.03699002521903e-08,1
"19930",0.00152985651444053,0.124305639670423,0.874164503815136,3
"19932",0.000615122986329574,0.0088562192611027,0.990528657752568,3
"19934",0.0163955543162617,0.983602340352909,2.10533082962567e-06,2
"19936",0.0301401647863786,0.92199801544421,0.0478618197694117,2
"19938",0.278794430435479,0.721205569513395,5.1125794242319e-11,2
"19940",0.013923175273742,0.817638740411512,0.168438084314746,2
"19942",0.999990071230837,3.07536071736073e-09,9.92569380237765e-06,1
"19944",0.0121336393646919,0.98496621231682,0.00290014831848812,2
"19946",0.0171014665913305,0.81485499143945,0.16804354196922,2
"19948",0.998253493437618,4.84662066380992e-09,0.00174650171576149,1
"19950",0.00305312416396702,1.80678998789208e-07,0.996946695157034,3
"19952",0.998253493437618,4.84662066380992e-09,0.00174650171576149,1
"19954",0.000665659127928427,0.0321732879551344,0.967161052916937,3
"19956",0.764809614993075,1.20345764390326e-06,0.235189181549282,1
"19958",0.999999999978129,2.18713276186776e-11,1.83931744799843e-18,1
"19962",0.737885128094414,0.248455999045335,0.0136588728602513,1
"19964",0.0843156304897562,0.904128033714405,0.0115563357958391,2
"19966",0.458300049901829,0.541699950098161,1.03361481782913e-14,2
"19969",0.052107817202962,0.252400620648421,0.695491562148617,3
"19972",0.0333298064907096,0.00229613919798468,0.964374054311306,3
"19974",0.00363606151290413,3.23761789607542e-08,0.996363906110917,3
"19976",0.0128288280347574,0.43272939396486,0.554441778000383,3
"19978",0.00921116857848476,0.98846404614625,0.00232478527526561,2
"19980",0.000675418805225222,0.000288668927695027,0.99903591226708,3
"19982",0.0615826036371395,0.00612225733351454,0.932295139029346,3
"19984",0.0195633864960859,1.69559653445994e-06,0.98043491790738,3
"19986",0.0649543717455476,0.935045628254452,4.99908873702891e-16,2
"19988",0.0730735024238871,0.926926497576113,2.23997758855736e-22,2
"19992",0.0412025887238074,0.958797411276185,7.29326928802313e-15,2
"19994",0.00220100627511302,0.228856333764483,0.768942659960404,3
"19996",0.00846921298655874,0.991530787013349,9.20748979656355e-14,2
"19998",0.993507607304007,0.00640240954138195,8.998315461093e-05,1
"20000",0.997946158408448,0.00189575897401879,0.000158082617533798,1
"20003",0.0145027307734591,0.934480547620498,0.0510167216060428,2
"20005",0.0303534251040647,0.00174947041229591,0.967897104483639,3
"20007",0.0252477134839852,0.974586183535282,0.000166102980732827,2
"20009",0.875489792732753,0.124510207241404,2.58427807716152e-11,1
"20011",0.0564845383006231,0.0788604028705102,0.864655058828867,3
"20013",0.00375135502596037,0.108226827513617,0.888021817460423,3
"20016",0.634114658462735,0.365885341537259,5.86916153718738e-15,1
"20018",0.999999997311902,2.68809797541252e-09,3.19069512065387e-42,1
"20021",0.013496922229935,0.986502990260208,8.75098573202746e-08,2
"20023",0.0401734651858563,0.959586177421253,0.000240357392891179,2
"20025",0.998269178860684,0.00173082113931581,2.02949947355069e-25,1
"20027",0.0630921555536676,0.0370861732623183,0.899821671184014,3
"20029",0.117719440785396,0.0337839665811271,0.848496592633477,3
"20032",0.00677409965578642,0.0351615856664941,0.95806431467772,3
"20034",0.996608186876819,1.37018790939554e-06,0.00339044293527155,1
"20036",0.912820767035854,0.0597992782172915,0.0273799547468543,1
"20038",0.0200265976098678,0.979973402390084,4.84158321180726e-14,2
"20040",0.999691692612555,0.000308307387444549,4.77459435970474e-21,1
"20043",0.0214234983891465,0.978576499371566,2.23928777248743e-09,2
"20045",0.413844355149551,0.586155644850449,8.57327281550242e-22,2
"20048",0.335987439475773,5.4889211702101e-09,0.664012555035306,3
"20051",0.121893577297468,0.877832302130515,0.000274120572016404,2
"20053",0.125178275026915,0.874761235611033,6.04893620521133e-05,2
"20055",0.118046266124588,0.881953733875165,2.46895751877079e-13,2
"20057",1,7.45274754979516e-22,4.70585732263364e-27,1
"20059",0.221661331125726,0.778338152832604,5.16041670120094e-07,2
"20061",0.0288233931701419,0.971043439937565,0.000133166892293525,2
"20063",0.999999999647843,2.65027895659571e-11,3.25654542125093e-10,1
"20065",0.989494366955101,0.010505633044899,7.89772818430106e-29,1
"20067",0.290887652463504,0.709112343260255,4.27624146995263e-09,2
"20069",0.000709377992380548,0.000225715671083535,0.999064906336536,3
"20071",0.799980556411745,0.200017415299331,2.02828892341654e-06,1
"20073",0.0360045511819456,0.00399648640582347,0.959998962412231,3
"20075",0.999999999302794,6.97206267806235e-10,3.64394558774236e-23,1
"20077",0.0494511449251435,0.950530667858496,1.8187216360092e-05,2
"20079",0.972832782192793,0.0271405056187313,2.67121884757326e-05,1
"20081",0.168582680449276,0.83141731936561,1.85113645343958e-10,2
"20083",0.999939924872118,8.14045096820639e-06,5.19346769133242e-05,1
"20085",0.0598775980496625,0.940122401950337,1.88747595349399e-23,2
"20088",0.0212730916248439,0.978726908308339,6.68171584588059e-11,2
"20091",0.999976458115924,2.35418840761847e-05,1.27034490582272e-18,1
"20095",0.999888394564695,2.92322898538641e-05,8.23731454514823e-05,1
"20097",0.10145293242406,0.89854706757594,1.19239536538481e-23,2
"20099",0.958635061764245,0.0413613768637604,3.56137199502936e-06,1
"20102",0.999999749894599,1.61405616577866e-07,8.86997847477277e-08,1
"20105",0.0351414682047987,0.964858524840107,6.95509377505335e-09,2
"20107",0.0119430716515728,0.98805692709037,1.2580574859325e-09,2
"20109",0.364185938341411,0.633061988400501,0.00275207325808849,2
"20111",0.999999980969946,1.8414246567782e-08,6.15806989563027e-10,1
"20113",0.142182986234147,0.857816925623777,8.81420758745904e-08,2
"20115",0.901641100824687,0.0122514087323118,0.0861074904430011,1
"20117",0.999999966859757,3.31402428065888e-08,2.96343968940648e-23,1
"20119",0.621910063710025,0.378089936287991,1.98428478771108e-12,1
"20121",0.0285078597892486,0.971492140204317,6.43467090975181e-12,2
"20123",0.999981886648551,1.81133514487013e-05,2.51507140165442e-24,1
"20125",0.00405581314799362,0.0175846642094329,0.978359522642573,3
"20127",0.0526728411601464,0.947327158839854,4.88304888662377e-18,2
"20140",0.292897423605391,0.707102576251307,1.43301153170853e-10,2
"20142",0.00191973902290392,6.46336824826047e-07,0.998079614640271,3
"20144",0.895472999853021,0.0166740625713383,0.0878529375756408,1
"20146",0.471764488812753,0.011503884224324,0.516731626962923,3
"20148",0.0101981901550664,0.654444810641793,0.335356999203141,2
"20150",0.00109409063959619,7.15974837228651e-06,0.998898749612031,3
"20152",0.0110601866011713,0.769437275775197,0.219502537623631,2
"20154",0.999812977600614,0.000187022399386228,1.7300985368301e-22,1
"20156",0.665929680916334,0.332613196923189,0.00145712216047771,1
"20159",0.178950451537078,0.00194329027053649,0.819106258192385,3
"20161",0.826331715739179,2.43579388361089e-05,0.173643926321985,1
"20163",0.144386011155513,0.854900254296954,0.000713734547533075,2
"20165",0.977005069562726,0.00910231008181642,0.0138926203554577,1
"20167",0.00181141445332606,0.141521898429084,0.85666668711759,3
"20169",0.0159143569086255,1.19305199148318e-08,0.984085631160855,3
"20171",0.999999284595745,7.15404254536846e-07,1.57199595235539e-25,1
"20173",0.999999939353235,4.19838516206879e-08,1.86629131528788e-08,1
"20175",0.011617540223716,0.357898933211443,0.630483526564841,3
"20177",0.920544354498852,0.0794555432416284,1.02259520056625e-07,1
"20180",0.0976224111560864,0.902377588843914,8.97979861497734e-17,2
"20182",0.999998169671262,6.86489294141338e-20,1.83032873839975e-06,1
"20184",0.00311837863881984,0.00097883029321137,0.995902791067969,3
"20187",0.999145176501409,2.41442058271463e-05,0.000830679292763881,1
"20189",0.0385867832455762,0.961397529323548,1.56874308753372e-05,2
"20192",0.999825954753423,0.000174045246576925,2.04394365801831e-18,1
"20194",0.865960972246882,2.72485157073579e-06,0.134036302901547,1
"20196",0.74735066940967,0.25264933059033,2.98031939752201e-20,1
"20198",0.148520266361119,0.835821040327996,0.0156586933108853,2
"20204",0.0026373534685443,0.000510068540514282,0.996852577990941,3
"20207",0.465526899838288,0.534473100161627,8.52515884327737e-14,2
"20209",0.999481091729022,0.000518904540930253,3.73004727516937e-09,1
"20211",0.999766487220109,0.000233512779891471,9.44639327359854e-19,1
"20215",0.0419560259534343,0.958043962315826,1.17307402567057e-08,2
"20218",0.000884723467945683,5.23888587992529e-06,0.999110037646174,3
"20222",0.0964998807903486,0.903500119189587,2.00647019054351e-11,2
"20225",0.128329662274626,0.00281984435904779,0.868850493366326,3
"20229",0.845021249700155,0.154975753027474,2.99727237074459e-06,1
"20232",0.0597407119858078,0.940259018862763,2.69151429358267e-07,2
"20234",0.998724008153246,0.00127599184675443,1.84732452866098e-35,1
"20238",0.103909158460177,0.896090839747281,1.79254158235475e-09,2
"20253",0.0971183972350516,0.902881602764896,5.24240547345141e-14,2
"20255",0.0100891144029657,0.203422897338824,0.78648798825821,3
"20258",0.0107671430315176,0.989232856968356,1.25842521827124e-13,2
"20269",0.0544834839677063,0.945506614484397,9.90154789675295e-06,2
"20271",0.390824864592622,0.60917513540726,1.18301171147284e-13,2
"20285",0.99702061786479,0.00287826733259321,0.00010111480261712,1
"20288",0.0263267787470708,0.973673193825437,2.74274918188781e-08,2
"20291",0.843353727583228,0.156646272416772,1.61657542460526e-16,1
"20295",0.952048816075656,0.0479507109619258,4.72962417804723e-07,1
"20298",0.00274784680627175,0.0273959032269311,0.969856249966797,3
"20302",0.0620541464008228,0.00858369384440989,0.929362159754767,3
"20305",0.00516133589271282,0.0113263792085143,0.983512284898773,3
"20307",0.0233245608952686,0.976675439104704,2.73037707607043e-14,2
"20310",0.760623014559524,0.239376985440477,2.15479269787329e-25,1
"20313",0.0207299242971441,2.24590063717684e-09,0.979270073456955,3
"20315",0.0114776696406144,0.988522330358495,8.90478372037977e-13,2
"20319",0.937949486882884,0.062050513117116,4.76188377126761e-21,1
"20321",0.143597656637495,0.856402343361006,1.49952811039857e-12,2
"20327",0.0238117554787344,0.976188244520593,6.7238547039614e-13,2
"20329",0.948922236338558,9.13642913515004e-09,0.0510777545250124,1
"20335",0.592918664458782,0.407081335541218,5.6088710133149e-18,1
"20337",0.00717506402004224,0.00153328576308731,0.99129165021687,3
"20339",0.999947911242275,5.20887576801431e-05,4.4741752464475e-14,1
"20341",0.999987777165701,1.22228342982539e-05,1.27044315604049e-16,1
"20343",0.911843576414996,0.088156423585002,1.84616631903593e-15,1
"20345",0.0369124265757105,0.926190046230355,0.0368975271939348,2
"20350",0.998881737925139,0.00111825791943384,4.15542744383509e-09,1
"20352",0.00809981268236615,2.17197266725785e-07,0.991899970120367,3
"20355",0.908598535418631,0.00093991389153457,0.0904615506898342,1
"20358",0.504895608241883,2.72080613335421e-07,0.495104119677503,1
"20363",0.039861150041403,0.96013884986984,8.87572461657841e-11,2
"20365",0.488710317520467,0.511289682474715,4.81787935936394e-12,2
"20379",0.432523100745682,0.33899507621112,0.228481823043199,1
"20387",0.0275273835636396,0.972472616172805,2.6355539615068e-10,2
"20392",0.999851963273998,0.000148036726001719,5.50190511223394e-23,1
"20395",0.0146012612351532,0.651424614018542,0.333974124746304,2
"20397",0.974573797794228,7.77264014673043e-16,0.0254262022057706,1
"20410",0.029565407862569,0.970434586684681,5.45274972110242e-09,2
"20414",0.012894586767072,0.0147601028307203,0.972345310402208,3
"20417",0.999999999684513,3.15486478567834e-10,7.78339805648957e-46,1
"20419",0.10275703308883,0.897242966911088,8.23026985352756e-14,2
"20421",0.942725747010506,0.0136521166028104,0.0436221363866831,1
"20423",0.00495830501063269,0.00410762328964694,0.99093407169972,3
"20425",0.0375970927366301,0.029208015713245,0.933194891550125,3
"20427",0.0180093775945013,0.961277438013269,0.0207131843922293,2
"20429",0.994130698764177,0.00586930123214238,3.68093702475807e-12,1
"20432",0.00793112082684236,7.61152721832041e-05,0.991992763900974,3
"20435",0.111120759540675,0.88885004902652,2.91914328051316e-05,2
"20438",0.557615835295208,0.442384105522528,5.91822635743795e-08,1
"20440",0.0280186675100033,0.971981332487974,2.02272898374462e-12,2
"20443",0.343797401366293,3.1754311290343e-05,0.656170844322416,3
"20446",0.277641640898178,0.722324285449401,3.40736524216203e-05,2
"20449",0.0390734200720794,0.960924524589891,2.05533803005708e-06,2
"20537",0.850849288339471,0.149150711652986,7.5424007314485e-12,1
"20540",0.999984543779453,1.54562205472774e-05,8.62872543228072e-27,1
"20543",0.0260474310614886,0.97362454950051,0.00032801943800171,2
"20545",0.999987056427927,1.29435720733792e-05,1.69861206425324e-20,1
"20549",0.0226870794332642,0.574045836096129,0.403267084470607,2
"20551",0.0116868005690883,0.988250249323266,6.29501076458524e-05,2
"20554",0.00788598336446505,0.992113782639014,2.33996521522254e-07,2
"20556",0.0421337610541241,0.957858313653213,7.92529266289622e-06,2
"20558",0.00849570469307481,0.99150429530614,7.84799244940936e-13,2
"20560",0.0267271168865579,0.972931770593066,0.000341112520375737,2
"20563",0.0416995293725032,0.958300470627497,2.98596982135638e-17,2
"20565",0.0497775586027739,0.950206127665558,1.63137316678214e-05,2
"20567",0.0100879458350703,0.000297378720169942,0.98961467544476,3
"20571",0.874735894559973,0.125264105440025,2.2046451122288e-15,1
"20573",0.0201562188029084,0.979776475101548,6.73060955438819e-05,2
"20575",0.0636651903632582,0.936334809636726,1.55584789647824e-14,2
"20577",0.014271965499592,0.985634954263161,9.30802372469821e-05,2
"20579",0.118816308933611,4.39327300571225e-11,0.881183691022456,3
"20582",0.0180872734439256,0.981912726556074,2.07841739058501e-18,2
"20585",0.789379727674495,0.210620272285789,3.9715973616316e-11,1
"20588",0.999614877918661,0.000385122076472771,4.86650194443224e-12,1
"20590",0.00401331747001234,1.04106644920955e-08,0.995986672119323,3
"20592",0.0222638267549489,0.977736173245047,3.95200456293309e-15,2
"20594",0.0361953229352717,0.963804677064728,2.44663368464008e-19,2
"20596",0.0548205884911772,0.945174607420599,4.8040882238188e-06,2
"20598",0.0114390558433386,0.988551413606865,9.53054979632641e-06,2
"20600",0.499824748769772,0.500126619679847,4.86315503810384e-05,2
"20603",0.0679277837145245,0.0416267223880604,0.890445493897415,3
"20605",0.0173228647192918,0.98267713527775,2.95864106480407e-12,2
"20607",0.0174360838361414,0.98256390512436,1.10394987217573e-08,2
"20609",0.00776226626366587,0.992237345972027,3.87764307409361e-07,2
"20611",0.00532596668163228,0.00407126222741267,0.990602771090955,3
"20613",0.0176115180196709,0.982087069579929,0.000301412400400522,2
"20615",0.033787080388462,0.965066135314741,0.00114678429679726,2
"20617",0.0155604849732727,5.3678923726446e-07,0.98443897823749,3
"20619",0.056174040296644,0.943825959702537,8.18496447234309e-13,2
"20621",0.059276654535143,0.940720865086025,2.48037883228725e-06,2
"20623",0.333395901915847,0.000976154659490705,0.665627943424662,3
"20625",0.863912646099913,0.0284106782529791,0.107676675647108,1
"20627",0.0111825358720566,0.988505353558494,0.000312110569449501,2
"20629",0.0119352463167481,0.987985997162255,7.87565209967644e-05,2
"20631",0.1172764490465,0.882723550953495,5.59124621704729e-15,2
"20633",0.00769545416968727,3.64489419806606e-11,0.992304545793864,3
"20636",0.641262975102455,0.122948832967341,0.235788191930204,1
"20638",0.641315940673504,0.358680141190538,3.91813595751792e-06,1
"20640",0.226629484467844,0.773370515531971,1.84074214490638e-13,2
"20645",0.0481280178732394,0.951871982126761,2.38989438477003e-21,2
"20647",0.0331395986901707,5.81267572327347e-10,0.966860400728562,3
"20649",0.0843171232265278,0.915682853393254,2.33802180775565e-08,2
"20651",0.982804499645659,0.0171955003543405,4.08612905526301e-19,1
"20656",0.578850514193858,0.421149485806141,2.37723960168647e-16,1
"20660",0.999971941516441,2.80584835593684e-05,1.58696562893802e-18,1
"20662",0.442834652969512,1.37881462409863e-05,0.557151558884247,3
"20664",0.966251412200332,0.033748300891173,2.86908495388684e-07,1
"20666",0.995537167857475,0.00445748893719888,5.34320532554505e-06,1
"20668",0.00271834503288952,0.00291110673214185,0.994370548234969,3
"20670",0.847533865363083,0.152466134636911,6.62930128347007e-15,1
"20672",0.00144909136906142,0.000340362878495183,0.998210545752443,3
"20674",0.0349247987509696,0.964940680918468,0.000134520330562079,2
"20676",0.17695845934977,1.09778658671919e-07,0.823041430871571,3
"20678",0.0273495019182918,2.64493807149431e-09,0.97265049543677,3
"20680",0.0025243216438899,0.0273531942926899,0.97012248406342,3
"20682",0.126682277215257,0.466749327093775,0.406568395690967,2
"20684",0.826849373541768,0.173150584535808,4.19224245029822e-08,1
"20686",0.00058724571351118,7.472307450773e-06,0.999405281979038,3
"20688",0.235980886571482,5.3618606018065e-12,0.764019113423156,3
"20690",0.987039795356238,0.0129602046437615,7.74385162552281e-16,1
"20692",0.0185016341934319,5.28596066155536e-13,0.981498365806039,3
"20694",0.00309764368583249,0.0116568540975834,0.985245502216584,3
"20696",0.037460922311946,0.075459806637595,0.887079271050459,3
"20698",0.210466463641779,0.789510980419777,2.25559384442702e-05,2
"20700",0.962246166894889,0.0377530838387147,7.49266396006306e-07,1
"20702",0.862700322061016,0.137299677938984,5.00480181436924e-22,1
"20704",0.0077929333714821,0.992183528701049,2.35379274692491e-05,2
"20706",0.99341956695607,0.00632501177167427,0.000255421272255949,1
"20708",0.060276196955361,6.94590933758575e-06,0.939716857135301,3
"20710",0.249680825242647,0.750319167207039,7.55031350721727e-09,2
"20714",0.0304048626253615,9.56649212104491e-05,0.969499472453428,3
"20716",0.0222080760123351,0.977791253476727,6.70510937993734e-07,2
"20719",0.893374641845746,0.106617654568775,7.7035854795949e-06,1
"20721",0.0570652351199903,0.942934764880009,3.27743521784053e-16,2
"20723",0.999070848632369,0.000929150575324592,7.92306778614931e-10,1
"20725",0.00516014044844025,0.161701485521937,0.833138374029623,3
"20727",0.986381640202074,4.84533219823772e-10,0.0136183593133924,1
"20729",0.00390187481526438,0.00232746441211049,0.993770660772625,3
"20731",0.0109363723308976,0.0691187081913997,0.919944919477703,3
"20733",0.0412275220673812,0.958757521301703,1.49566309161749e-05,2
"20735",0.0162573916667244,0.982964313288958,0.000778295044317882,2
"20737",0.00416388947187505,1.9609983002834e-05,0.995816500545122,3
"20739",0.00616386437510067,1.29674870479096e-10,0.993836135495225,3
"20741",0.00413098713956549,0.153347004061956,0.842522008798479,3
"20743",0.083020277318513,0.292216053463188,0.624763669218299,3
"20745",0.076141933103769,0.923858066896231,1.78452816390202e-16,2
"20747",0.0264139259159146,0.00181182178333559,0.97177425230075,3
"20749",0.0257736664016568,0.00103113710625473,0.973195196492088,3
"20751",0.938138556958398,0.0326866562088999,0.0291747868327021,1
"20753",0.0120191206823471,0.0448334086370483,0.943147470680605,3
"20755",0.771875445722032,2.30413889456582e-08,0.228124531236579,1
"20757",0.999780803961237,3.79231448664131e-06,0.000215403724276514,1
"20759",0.358604673842325,0.641395311167558,1.49901176253118e-08,2
"20761",0.00310139195189676,0.584078740828539,0.412819867219564,2
"20763",0.658059939215564,0.339679896075791,0.00226016470864496,1
"20765",0.00131826984165423,0.0848625165868072,0.913819213571539,3
"20767",0.0250639851871161,0.974935954007684,6.08051996170097e-08,2
"20769",0.938477900302185,0.061522099697772,4.30535307780975e-14,1
"20771",0.021549469092077,0.56867105681732,0.409779474090603,2
"20773",0.999987348373387,6.23129233496734e-07,1.20284973798131e-05,1
"20775",0.0324038105981422,0.819459325987805,0.148136863414053,2
"20777",0.971938462856222,0.0280613246436116,2.12500166052585e-07,1
"20779",0.00541681589851274,0.190537761453998,0.804045422647489,3
"20781",1,3.32735082338454e-17,4.90848194756118e-17,1
"20783",0.0119432331466938,0.636400890216301,0.351655876637005,2
"20785",0.999913422503257,6.21800975053534e-12,8.65774905253215e-05,1
"20787",0.00191074517680833,0.00775725721509808,0.990331997608094,3
"20789",0.0127516015460207,0.986581115645587,0.000667282808392673,2
"20791",0.0011660185369517,0.00060105554124707,0.998232925921801,3
"20793",0.0301256339625714,0.967157288524652,0.0027170775127763,2
"20795",0.0191558915571267,0.0325164923467944,0.948327616096079,3
"20797",0.999999968909016,4.16183047718567e-15,3.10909800460995e-08,1
"20800",0.0413546328297288,0.0344464397237553,0.924198927446516,3
"20802",0.00375287852480947,0.162792283175624,0.833454838299567,3
"20804",0.00569163015547244,0.000264369412882773,0.994044000431645,3
"20806",0.00134351310244319,7.17173246214535e-05,0.998584769572935,3
"20808",0.0120200384753375,0.987978201759875,1.75976478781083e-06,2
"20810",0.218293806165747,0.0717117824428084,0.709994411391445,3
"20812",0.0272275531551185,0.140838722638609,0.831933724206273,3
"20814",0.0475624161845885,4.04297158649498e-08,0.952437543385696,3
"20816",0.995790910938942,0.00420908906105424,4.03717846598363e-15,1
"20818",0.0176747574848126,0.826956363442564,0.155368879072623,2
"20820",0.0487028091073382,1.42565679100598e-10,0.951297190750096,3
"20822",0.00107328583971442,0.145349815679928,0.853576898480357,3
"20824",0.999887626628129,1.10524291052726e-12,0.000112373370765997,1
"20826",0.000756300109966669,5.25203479742084e-07,0.999243174686554,3
"20828",0.335987439475773,5.4889211702101e-09,0.664012555035306,3
"20830",0.014500450420754,0.00532654903843798,0.980173000540808,3
"20832",0.0294982440948604,0.902076117939212,0.0684256379659273,2
"20834",0.0140067237140707,0.985993060155022,2.1613090741584e-07,2
"20836",0.00330619853404585,0.10462749024186,0.892066311224094,3
"20838",0.0702344720179094,2.12743525475509e-06,0.929763400546836,3
"20840",0.0152381277462527,0.984761203959346,6.68294401837145e-07,2
"20842",0.109618477333368,0.0291354196544768,0.861246103012155,3
"20844",0.979188382285824,0.000248237879177077,0.0205633798349987,1
"20846",0.0183168296125349,0.0385001967790486,0.943182973608417,3
"20848",0.00844304802187986,0.976163765938332,0.0153931860397879,2
"20850",0.028102741831053,0.971871328113427,2.59300555203558e-05,2
"20852",0.234367745026598,0.765413381010569,0.000218873962832983,2
"20854",0.00181060978818121,3.07727057236337e-05,0.998158617506095,3
"20856",0.999998874817271,1.12518272923532e-06,5.0952474884557e-20,1
"20858",0.0457411546491961,0.954258845274836,7.59679665272216e-11,2
"20860",0.983613878451473,0.0106215061910027,0.00576461535752451,1
"20862",0.167226034861485,0.832773965137029,1.48606715181888e-12,2
"20864",0.00224131139272758,8.09004895802093e-06,0.997750598558314,3
"20866",0.476873264648456,0.523126735351544,5.13460668522707e-26,2
"20868",0.0146354978933631,0.985364342634578,1.5947205896968e-07,2
"20870",0.0115298660137964,0.788991001501005,0.199479132485198,2
"20872",0.000897076174821252,0.0527909909708853,0.946311932854293,3
"20874",0.00858757264628665,3.27512203195081e-10,0.991412427026201,3
"20877",0.028959434333553,0.971040518454217,4.72122301219126e-08,2
"20879",0.0213328577945971,0.97866714220321,2.19298733664887e-12,2
"20881",0.00258838299823986,0.0396526160214286,0.957759000980332,3
"20883",0.974176700340677,1.0553251832049e-05,0.0258127464074907,1
"20885",0.00170512278269691,0.0143773677123607,0.983917509504943,3
"20887",0.0248384317540558,0.975159991267094,1.57697885008076e-06,2
"20889",0.0311083953663172,0.6899543178097,0.278937286823983,2
"20891",0.0186011009753332,0.981398899021788,2.87909736788503e-12,2
"20896",0.122071182930695,0.877928656740638,1.60328666865867e-07,2
"20898",0.00397656859622542,0.290346906273172,0.705676525130603,3
"20900",0.999999998954964,8.35137850819142e-14,1.04495207769476e-09,1
"20902",0.876798114647187,0.123201885250792,1.02021016700955e-10,1
"20904",0.902218322497906,0.00585201909697246,0.0919296584051217,1
"20906",0.122796390076614,0.877203609632729,2.90657206914651e-10,2
"20908",0.0236445589208611,0.273942212560729,0.70241322851841,3
"20910",0.574705882335083,0.0279058357146443,0.397388281950272,1
"20912",0.999999999999999,9.40695030426283e-16,1.07700147348084e-19,1
"20914",0.109448733591712,0.890551266408288,8.78644496115357e-24,2
"20968",0.999953450295263,2.19377552178234e-10,4.65494853598705e-05,1
"20970",0.0234400580443708,0.976558506651191,1.43530443790444e-06,2
"20981",0.286816993270673,0.713182451113833,5.55615494311884e-07,2
"20983",0.0177440102823285,3.22238189734778e-08,0.982255957493852,3
"20988",0.013061602038861,0.986938397265869,6.9526984647253e-10,2
"20995",0.999999488848943,5.11138275712611e-07,1.27811955836546e-11,1
"21017",0.0169609182066809,0.748811112558824,0.234227969234495,2
"21038",0.0537609842879326,0.946239015466451,2.4561662325611e-10,2
"21072",0.0782842706202897,0.921715724773025,4.60668535062535e-09,2
"21075",0.195015192797573,0.804984807202385,4.22399003623742e-14,2
"21223",0.0114947165416997,0.960598036918474,0.0279072465398259,2
"21225",0.999999999998623,1.37677624735117e-12,2.21952685747957e-34,1
"21230",0.00110442523265919,2.8140011560598e-09,0.99889557195334,3
"21236",0.019750352159356,0.762298813048071,0.217950834792573,2
"21238",0.901020464048137,0.0989794924491611,4.35027016144966e-08,1
"21241",0.318197174764456,0.681802825233736,1.80724385431536e-12,2
"21246",0.0171765033399402,0.982790551307713,3.29453523465273e-05,2
"21253",0.000558114477284037,1.56232764752197e-05,0.999426262246241,3
"21256",0.0284023069787494,0.0668545112167695,0.904743181804481,3
"21260",0.999987048772201,1.29512277987801e-05,3.08082931717304e-23,1
"21266",0.0182891631965341,0.98171059740113,2.39402336107983e-07,2
"21332",0.0188460141661683,0.981148869279347,5.11655448512319e-06,2
"21334",0.0167070558239702,0.672246227112768,0.311046717063262,2
"21375",0.249671213697087,0.750328786302913,1.96827816826927e-16,2
"21378",0.468894760973235,0.531105239026765,1.57038389419238e-23,2
"21381",0.372926139993321,0.62707386000667,9.29683896684145e-15,2
"21389",0.00697058846268945,0.00868732321184298,0.984342088325468,3
"21391",0.933527038334474,0.0664151843139459,5.77773515801505e-05,1
"21402",0.0754854447619287,0.92451425547504,2.99763031556801e-07,2
"21404",0.373565889197122,0.626434110766441,3.64376318705056e-11,2
"21409",0.0376979247325092,0.9623020751811,8.63910708596945e-11,2
"21413",0.272502232938984,0.727496107532392,1.65952862369955e-06,2
"21423",0.993575213658888,0.00642478634111161,1.60487432139273e-19,1
"21425",0.233569791523006,0.766430207985155,4.91838722339191e-10,2
"21430",0.996432222341735,0.00356775958321872,1.80750459881962e-08,1
"21432",0.0106008132001987,0.989273478579301,0.000125708220500456,2
"21438",0.999977017457421,2.29825425770643e-05,1.60064781688778e-15,1
"21440",0.0382071801763807,0.96179187558662,9.44236999714288e-07,2
"21443",0.00103356259498778,0.031741112927866,0.967225324477146,3
"21445",0.999989266745281,1.07332547179997e-05,8.80323323949823e-16,1
"21447",0.075143363789865,0.924856636210133,1.44755795645077e-15,2
"21449",0.0753371608309455,0.924662839161643,7.41116135867699e-12,2
"21451",0.0753371608309455,0.924662839161643,7.41116135867699e-12,2
"21455",0.0205018195071767,0.979498179975676,5.17146849166685e-10,2
"21469",0.881410023123837,0.118589976876163,4.17215019500331e-28,1
"21471",0.140922371379301,0.859077628620699,3.87261127380708e-17,2
"21473",0.169038857498742,0.0604737073856883,0.77048743511557,3
"21476",0.0300476272379133,0.968584516267389,0.00136785649469798,2
"21478",0.915824266884137,0.00158282901248788,0.0825929041033749,1
"21481",0.0120320592244241,0.0433497746685381,0.944618166107038,3
"21490",0.0975711104144473,0.902428889392476,1.93076991684346e-10,2
"21493",0.995177043216156,0.00482295678384402,3.1189597137828e-25,1
"21495",0.00730770230591739,0.992545828082428,0.000146469611654813,2
"21500",0.0288201473465631,0.971179619578982,2.33074455247683e-07,2
"21504",0.415507359159012,0.584486399180205,6.2416607826192e-06,2
"21507",0.0592936904793972,0.940706309520603,5.94919814681421e-17,2
"21512",0.0213832142328339,0.978616785231599,5.35566717867243e-10,2
"21519",0.105729568881165,0.82383397625943,0.0704364548594047,2
"21522",0.999936009029096,6.39906616151379e-05,3.09289328199038e-10,1
"21524",0.0675864016169806,0.932412844489802,7.53893217460433e-07,2
"21528",0.0169373195183426,0.983062680471894,9.76333829063183e-12,2
"21532",0.0510107091121979,0.948987271685959,2.01920184349055e-06,2
"21543",0.164931119411512,0.835067309142002,1.57144648588952e-06,2
"21546",0.0255005427033142,0.974461963763355,3.74935333311282e-05,2
"21550",0.0143234093381031,0.985676590661896,5.50700632907538e-16,2
"21554",0.0237838244161785,0.976216175583729,9.27731780862997e-14,2
"21557",0.79637631607616,0.0994864162599638,0.104137267663876,1
"21560",0.184413766494254,0.815586233505746,1.67261847032426e-18,2
"21564",0.0119360571884303,0.922804395692156,0.0652595471194141,2
"21566",0.0199783242518743,0.980021674885872,8.62253326397936e-10,2
"21569",0.0328783058568079,0.967113108133489,8.58600970347809e-06,2
"21574",0.00669523206317587,0.00271037283919125,0.990594395097633,3
"21576",0.002226588020366,0.114984492171093,0.882788919808541,3
"21578",0.00167959722596082,0.00422254140646285,0.994097861367576,3
"21580",0.00831704871766948,0.331592354880754,0.660090596401576,3
"21583",0.0451310915236909,0.954868908476303,6.39295401081257e-15,2
"21585",0.186551810831756,6.23291403885365e-09,0.81344818293533,3
"21587",0.00414423489219533,0.0399144320737716,0.955941333034033,3
"21589",0.274322181375637,0.0188256605820138,0.706852158042349,3
"21593",0.999999999999999,2.40449034037119e-21,6.84316869755494e-16,1
"21595",0.999987347028665,4.37544385850366e-06,8.27752747667137e-06,1
"21597",0.0742451632483808,0.892136890392922,0.0336179463586972,2
"21599",0.0141772516209545,1.06423486230288e-05,0.985812106030422,3
"21601",0.997928315629932,0.00207160920434364,7.51657240028621e-08,1
"21603",0.0185531539324112,7.74532898720455e-07,0.98144607153469,3
"21605",0.000878799815824687,0.000596252997848935,0.998524947186326,3
"21607",0.0805921406405114,0.764921012498868,0.15448684686062,2
"21610",0.145087341819049,0.84928872856452,0.0056239296164316,2
"21612",0.00215874876860169,0.0209936892762927,0.976847561955106,3
"21614",0.0136239405401034,0.986074050935189,0.000302008524708006,2
"21616",0.0169873169866841,0.967343471466324,0.015669211546992,2
"21618",0.584513244585058,0.415486755414775,1.66542403360408e-13,1
"21620",0.00411909290857261,0.00725316259517587,0.988627744496251,3
"21622",0.90689925062989,0.093100749370109,1.15437371619392e-15,1
"21624",0.916556896343757,0.0830310475284562,0.000412056127786542,1
"21626",0.0860146126418151,0.855090338347015,0.0588950490111695,2
"21628",0.00880009957434423,0.991199498187601,4.0223805486224e-07,2
"21630",0.100260099577195,0.265856048758168,0.633883851664637,3
"21632",0.325723533944977,0.672951384447658,0.00132508160736482,2
"21634",0.0225962035961096,0.977188752665539,0.000215043738350899,2
"21636",0.0103729659268758,0.156244136187761,0.833382897885363,3
"21638",0.0120669405980277,0.000173628653563904,0.987759430748408,3
"21640",0.0271598341709837,0.969458870702827,0.00338129512618901,2
"21642",0.00554556548790692,0.000583786868496197,0.993870647643597,3
"21644",0.99999876790735,1.2506345161152e-09,1.23084201499838e-06,1
"21647",0.0149362385958462,0.036687055617444,0.94837670578671,3
"21649",0.00681027643895134,0.179229377313642,0.813960346247407,3
"21651",0.254655302177408,0.254311008520433,0.491033689302159,3
"21653",0.99988799429536,0.000111813324200013,1.92380439495802e-07,1
"21655",0.00205792166449714,1.65643650042803e-06,0.997940421899002,3
"21657",0.00188790225145987,0.0654255222315919,0.932686575516948,3
"21659",0.99822455648778,1.29838119860218e-11,0.00177544349923658,1
"21661",0.00246064834159672,0.0268611385768732,0.97067821308153,3
"21663",0.0366238966246375,0.00109424238267584,0.962281860992687,3
"21665",0.0455499916093956,0.024362123323115,0.93008788506749,3
"21667",0.00530296754417787,0.994621748189558,7.52842662637207e-05,2
"21670",0.0139785913495876,0.985903373686988,0.000118034963424147,2
"21672",0.016321512510361,0.651231906352011,0.332446581137628,2
"21674",0.0174519259940376,0.982548074005903,5.95376357264575e-14,2
"21676",0.0233005775250902,0.97669925906412,1.63410790454254e-07,2
"21678",0.999999571039451,4.28960532937912e-07,1.55289707134049e-14,1
"21680",0.0119987823983722,0.0436157985084912,0.944385419093137,3
"21685",0.0156972184853403,0.984233379498386,6.94020162740447e-05,2
"21687",0.957628848901248,0.0423661534521328,4.99764661901413e-06,1
"21690",0.00629777827820638,0.0528164267364725,0.940885794985321,3
"21707",0.0208781105508601,0.979121889448672,4.6791359542224e-13,2
"21710",0.982960952240807,0.017039047759192,5.97896915354571e-16,1
"21713",0.0693056630021959,0.930694331588267,5.40953716383984e-09,2
"21718",0.28770358025439,0.712296419502909,2.42701311395552e-10,2
"21721",0.999999999877297,1.22591209229664e-10,1.11166602596124e-13,1
"21723",0.115482938403196,0.884517061596804,2.9580165386592e-18,2
"21726",0.0414881984104651,0.958511801589486,4.93933056870501e-14,2
"21729",0.99503425453352,0.000354492357575463,0.00461125310890412,1
"21733",0.00715719924600134,3.68255077300374e-05,0.992805975246269,3
"21735",0.999839502788563,0.000160497211400235,3.66567865074631e-14,1
"21739",0.0102287020306631,0.989767562162235,3.73580710177121e-06,2
"21741",0.00845663235384379,0.991542873507033,4.94139122689508e-07,2
"21744",0.936649331659738,0.0633495893456022,1.07899465994081e-06,1
"21746",0.0366583982257706,0.963341601774229,1.97951137279956e-17,2
"21748",0.0313196565259064,0.96868034164846,1.82563348601297e-09,2
"21750",0.00222991169531151,0.0364454603610771,0.961324627943611,3
"21752",0.0299323538347922,0.970063217873181,4.42829202685615e-06,2
"21755",0.0193232436518133,0.972103532000028,0.00857322434815897,2
"21757",0.331178682005763,0.667601462523086,0.00121985547115105,2
"21760",0.999999488848943,5.11138275712611e-07,1.27811955836546e-11,1
"21762",0.991774804383684,0.00822519561631586,4.00048901622629e-21,1
"21764",0.0034792970799559,3.27959817000881e-08,0.996520670124062,3
"21766",0.0327837377322448,0.967216262267755,4.16682293038421e-16,2
"21768",0.0290338326695263,0.962626760808049,0.00833940652242474,2
"21770",0.0357695614794651,0.961742640253904,0.00248779826663125,2
"21773",0.118241838736167,0.881758161263833,4.35298580860721e-23,2
"21775",0.853626560153393,0.06941857690141,0.0769548629451965,1
"21777",0.00252768627034157,0.017292499324755,0.980179814404904,3
"21779",0.0344139114414191,0.965347939740339,0.000238148818242319,2
"21781",0.0531810318907211,0.946804965239598,1.40028696812396e-05,2
"21784",0.0208080708981955,0.979191929099829,1.975437616806e-12,2
"21786",0.11435199721562,0.885499219116441,0.000148783667939239,2
"21789",0.0253961344675426,0.973592496118073,0.00101136941438455,2
"21791",0.0264128102075654,0.973587189521519,2.70915943117781e-10,2
"21794",0.0822191684708298,0.917728380935777,5.24505933933646e-05,2
"21797",0.986180046379228,0.013819934413646,1.9207125910539e-08,1
"21800",0.996831438535306,0.00316856146469404,2.46844443824131e-21,1
"21802",0.102826844735733,0.897173072503899,8.27603681312565e-08,2
"21804",0.999999999973822,2.61773964791341e-11,1.41714632628367e-16,1
"21806",0.99999319905108,6.80093815267751e-06,1.07672437928755e-11,1
"21808",0.999993316457231,6.53891719113244e-06,1.44625577364011e-07,1
"21811",0.897403475988109,0.102596524005552,6.33962960417138e-12,1
"21815",0.0542203339384511,0.945779665735141,3.26408076142566e-10,2
"21817",0.999999933380569,6.66194272739523e-08,3.99461496976466e-15,1
"21820",0.755843317512193,0.244156682213172,2.74635055899021e-10,1
"21822",0.141099448411909,0.646044205560504,0.212856346027587,2
"21824",0.103155924586393,0.0201852124874828,0.876658862926124,3
"21826",0.017457920045746,0.982542079954198,5.64656484617351e-14,2
"21828",0.601261733962901,0.398615850984839,0.000122415052259375,1
"21830",0.00955590354447655,0.302282862631184,0.688161233824339,3
"21833",0.0338604689579656,0.946644166059424,0.0194953649826097,2
"21835",0.0338604689579656,0.946644166059424,0.0194953649826097,2
"21838",0.39294749829722,0.607052501702763,1.65808121390402e-14,2
"21840",0.0888727996585707,0.911127200341429,2.658614001105e-17,2
"21842",0.994707568403447,0.00529243159655275,6.54893348129166e-18,1
"21844",0.678103628180523,0.316462225679106,0.00543414614037117,1
"21847",0.00929688536543014,0.99070288260602,2.32028549732932e-07,2
"21849",0.340731366007418,0.659250458459129,1.81755334532083e-05,2
"21852",0.0397009440046684,0.960299055930204,6.51279183110502e-11,2
"21854",0.00102684579652469,3.97305098306583e-06,0.998969181152492,3
"21857",0.0132541056846114,0.986745894312723,2.66504350133718e-12,2
"21859",0.00902832752117749,0.426061817896105,0.564909854582717,3
"21863",0.0185526397042166,2.14407275826382e-08,0.981447338855056,3
