"","V1","V2","V3","best$classification"
"19812",0.941822400939615,0.00961350105915825,0.0485640980012269,1
"19814",0.0947359113006563,0.00145906461596816,0.903805024083376,3
"19816",0.986879481477853,0.0130885641798192,3.19543423276742e-05,1
"19818",0.646457240662347,0.00552294138784025,0.348019817949813,1
"19820",0.978000952217511,0.0219990477824891,7.04793403936732e-21,1
"19822",0.0490871725499862,0.950912827450014,5.86124779605621e-22,2
"19824",0.460652739840259,0.539347213160308,4.69994330747513e-08,2
"19826",0.773482938800697,0.0387381028337,0.187778958365603,1
"19828",0.989582236114629,0.0104177638031187,8.22525095913433e-11,1
"19830",0.512474447448264,0.273460376657632,0.214065175894104,1
"19832",0.396548428257687,0.603451534874477,3.68678358597723e-08,2
"19834",0.977106973011439,0.0228925320005521,4.94988009190438e-07,1
"19836",0.973970795972259,0.0254574609036635,0.000571743124077488,1
"19838",0.0369732877335339,0.0043767663315877,0.958649945934878,3
"19840",0.954629271405637,0.0453493261822634,2.14024120992229e-05,1
"19842",4.78458737145164e-05,0.343661936960432,0.656290217165853,3
"19844",7.867503900751e-09,0.817950428282149,0.182049563850347,2
"19846",0.000182271918416012,0.00137852973343185,0.998439198348152,3
"19848",0.00164017313229823,0.00269305867397476,0.995666768193727,3
"19850",0.00389656443171642,0.00583139038927974,0.990272045179004,3
"19852",0.979890669330569,0.00612257373920309,0.0139867569302278,1
"19854",0.00582993940042207,0.00627243251763646,0.987897628081941,3
"19856",0.000375428989809012,0.887156059026604,0.112468511983586,2
"19858",0.00112566133236343,0.998814018376239,6.03202913971398e-05,2
"19860",0.974793439308498,0.00880370060016053,0.0164028600913411,1
"19862",0.000668935311904119,0.00662413100416677,0.992706933683929,3
"19864",3.40383443113028e-10,0.999999997309008,2.35060805758893e-09,2
"19866",0.611756665524874,0.388242811582921,5.2289220592014e-07,1
"19868",8.82218678079901e-12,0.999999999991178,1.21340655000185e-21,2
"19870",0.0338544843625388,0.00395372420554717,0.962191791431914,3
"19873",0.648613771238948,0.0429301195124426,0.308456109248609,1
"19875",0.987732509193989,0.0122674737563554,1.70496552971477e-08,1
"19877",0.689507843819452,0.00586874489215497,0.304623411288393,1
"19879",0.985726017829002,0.0102173422441951,0.00405663992680227,1
"19881",0.787541474363006,0.111342283940167,0.101116241696827,1
"19883",0.0737334218066361,0.0542255831863992,0.872040995006965,3
"19899",0.956228911393619,0.0437604899481748,1.05986582057769e-05,1
"19908",4.16527843269047e-07,0.999999583339451,1.32705862766321e-10,2
"19910",0.957478811648275,0.00505736151983292,0.0374638268318925,1
"19912",0.000246347400715528,0.0815169955281672,0.918236657071117,3
"19914",0.974758391481433,0.0240049153445868,0.0012366931739806,1
"19916",0.000298699793862048,0.999701300137898,6.82394120294656e-11,2
"19918",0.0190551928140167,0.00371775623462312,0.97722705095136,3
"19920",0.000376495474315116,0.00271453402124906,0.996908970504436,3
"19922",0.000881253673704784,0.999118746102211,2.24083783769802e-10,2
"19924",0.716283244614836,0.00737809353368277,0.276338661851481,1
"19926",0.911949926120712,0.0880498437744761,2.30104812194041e-07,1
"19928",1.15814986008972e-15,0.999999967854293,3.2145706235945e-08,2
"19930",0.126887856396724,0.00150781846681025,0.871604325136466,3
"19932",0.0090107547823283,0.000615657149516249,0.990373588068156,3
"19934",0.982463884364918,0.0175340587272137,2.0569078683977e-06,1
"19936",0.920405341071117,0.0313231024744289,0.0482715564544539,1
"19938",0.731625377508258,0.268374622448156,4.35861218775559e-11,1
"19940",0.81790212011363,0.0150203645581603,0.167077515328209,1
"19942",2.7186220696624e-09,0.999989916840003,1.00804413745516e-05,2
"19944",0.985013731725367,0.0121762249500925,0.00281004332454013,1
"19946",0.818550096385671,0.0167338056526718,0.164716097961657,1
"19948",4.53374509880538e-09,0.998143887009785,0.0018561084564695,2
"19950",1.78021907606156e-07,0.00303716066379498,0.996962661314297,3
"19952",4.53374509880538e-09,0.998143887009785,0.0018561084564695,2
"19954",0.0328300689290834,0.000665979964048548,0.966503951106868,3
"19956",1.13216089206712e-06,0.759028140333786,0.240970727505322,2
"19958",2.22337016921388e-11,0.999999999977766,2.11713991545476e-18,2
"19962",0.25307738260689,0.733327366864931,0.0135952505281792,2
"19964",0.907498708657738,0.0819002094111275,0.0106010819311344,1
"19966",0.534583615848217,0.465416384151773,9.62216236269686e-15,1
"19969",0.248035724155291,0.0548849063321182,0.69707936951259,3
"19972",0.00222223840435712,0.0349351138771443,0.962842647718498,3
"19974",3.1666442834692e-08,0.00362441771982003,0.996375550613737,3
"19976",0.437385281653095,0.0128448444470297,0.549769873899875,3
"19978",0.988770206346257,0.00894124561883869,0.00228854803490433,1
"19980",0.000291916144895078,0.000675294647773215,0.999032789207332,3
"19982",0.00608258223303832,0.0614309047841301,0.932486512982831,3
"19984",1.68238414223185e-06,0.0191709550509915,0.980827362564866,3
"19986",0.930596378094106,0.0694036219058932,5.42625307152049e-16,1
"19988",0.927009319025788,0.0729906809742124,2.82774883465321e-22,1
"19992",0.958956372190416,0.0410436278095756,8.70942366135889e-15,1
"19994",0.233138190365929,0.00223257993597909,0.764629229698092,3
"19996",0.991427807424757,0.00857219257513794,1.04920654509198e-13,1
"19998",0.00554383400140583,0.994371040431516,8.51255670782435e-05,2
"20000",0.00165452883533962,0.998199199114291,0.000146272050369637,2
"20003",0.936265397349414,0.0148863439385839,0.0488482587120021,1
"20005",0.00173594140643559,0.0302266080357582,0.968037450557806,3
"20007",0.974011926492342,0.0258190704661535,0.000169003041504458,1
"20009",0.125047729627222,0.874952270349145,2.36323454060019e-11,2
"20011",0.0738758579109106,0.0628217946751357,0.863302347413954,3
"20013",0.105364907871793,0.00387455932750744,0.890760532800699,3
"20016",0.316758579190043,0.683241420809951,5.84198900605028e-15,2
"20018",2.58045210494892e-09,0.999999997419548,5.44086408989388e-42,2
"20021",0.98718993358892,0.0128099705683459,9.58427344219939e-08,1
"20023",0.959764766446201,0.0400072028549775,0.000228030698821339,1
"20025",0.00210002109879549,0.997899978901205,4.46804464609541e-25,2
"20027",0.0360747440395345,0.0646019705257594,0.899323285434706,3
"20029",0.0324660734493507,0.12300352539938,0.84453040115127,3
"20032",0.0357901315054551,0.00708433555866118,0.957125532935884,3
"20034",1.30906893354729e-06,0.996503940584879,0.00349475034618744,2
"20036",0.0588869786048977,0.912932048373803,0.0281809730212995,2
"20038",0.979028311781241,0.0209716882187102,4.86640371107116e-14,1
"20040",0.000290508549500021,0.9997094914505,5.09134183191486e-21,2
"20043",0.978800776459033,0.0211992209639055,2.57706156081453e-09,1
"20045",0.584079969490925,0.415920030509075,1.05659149064545e-21,1
"20048",5.22999530483621e-09,0.321124573948061,0.678875420821943,3
"20051",0.885191493871288,0.114504933957949,0.000303572170762924,1
"20053",0.868903952410359,0.131034640674329,6.1406915312564e-05,1
"20055",0.87526383585859,0.124736164141161,2.49097662405e-13,1
"20057",7.5664959550723e-22,1,4.56160210743641e-27,2
"20059",0.774978240698079,0.225021243790248,5.15511673254501e-07,1
"20061",0.97415929928274,0.0257071655648271,0.000133535152432549,1
"20063",2.61779103731621e-11,0.99999999955438,4.19442473106249e-10,2
"20065",0.0107272176592616,0.989272782340738,1.1707034356323e-28,2
"20067",0.702501386795827,0.297498608602856,4.60131655237269e-09,1
"20069",0.000227749470009145,0.000707751821317703,0.999064498708673,3
"20071",0.176617474072395,0.823380543122915,1.98280469059915e-06,2
"20073",0.00412409262897393,0.0358913853874173,0.959984521983609,3
"20075",7.07283578401608e-10,0.999999999292716,3.31711777416627e-23,2
"20077",0.950339643171911,0.0496418652350487,1.84915930406854e-05,1
"20079",0.0275190733944559,0.972449924237728,3.10023678163792e-05,2
"20081",0.829467766281216,0.170532233537604,1.81180156058855e-10,1
"20083",7.65374691725783e-06,0.999940231156774,5.21150963083792e-05,2
"20085",0.938611786078183,0.0613882139218169,2.40501267038295e-23,1
"20088",0.978762017864956,0.0212379820625676,7.24765607142082e-11,1
"20091",2.26616861684127e-05,0.999977338313832,1.073563608054e-18,2
"20095",2.57246430037994e-05,0.999895116058884,7.91592981121489e-05,2
"20097",0.89893173079629,0.10106826920371,1.58741557947401e-23,1
"20099",0.0354087293589255,0.964587770908483,3.4997325913589e-06,2
"20102",1.54111956246515e-07,0.999999746335974,9.95520700718281e-08,2
"20105",0.963824762252761,0.036175229568,8.17923885341281e-09,1
"20107",0.987306165911766,0.0126938327990937,1.28914062399171e-09,1
"20109",0.635809852242324,0.361361615598462,0.00282853215921382,1
"20111",1.89139199568017e-08,0.999999980498044,5.88036367857279e-10,2
"20113",0.854469317354286,0.145530590535498,9.21102161700255e-08,1
"20115",0.0133467710626642,0.892995984811129,0.0936572441262069,2
"20117",3.31011685661016e-08,0.999999966898832,2.35274551148402e-23,2
"20119",0.35067524778947,0.649324752208436,2.09426149522468e-12,2
"20121",0.97093854480476,0.0290614551887764,6.46395313720989e-12,1
"20123",1.81496590060149e-05,0.999981850340994,2.37239530080431e-24,2
"20125",0.0176354380910189,0.00400729882214333,0.978357263086838,3
"20127",0.947793375208881,0.0522066247911185,6.17148815158533e-18,1
"20140",0.698692371182187,0.301307628682033,1.35780437871254e-10,1
"20142",6.4036390326173e-07,0.00187945859509374,0.998119901041003,3
"20144",0.0160433833235659,0.89901055822616,0.0849460584502745,2
"20146",0.0119899319114547,0.44021928729531,0.547790780793235,3
"20148",0.659126605023749,0.00934053929104699,0.331532855685204,1
"20150",7.17568115350471e-06,0.00109235706299266,0.998900467255854,3
"20152",0.772314154305495,0.0110377224607103,0.216648123233795,1
"20154",0.000186632652848501,0.999813367347152,2.05747059846243e-22,2
"20156",0.32611318382848,0.672393603501486,0.00149321267003475,2
"20159",0.00193701467424427,0.177314597908831,0.820748387416924,3
"20161",2.3940702927029e-05,0.823069037082741,0.176907022214332,2
"20163",0.860562252125027,0.138655708428159,0.000782039446813088,1
"20165",0.00959487827332319,0.974439024679204,0.0159660970474725,2
"20167",0.144627254008867,0.00181588209541927,0.853556863895714,3
"20169",1.14749868169264e-08,0.0152640694316995,0.984735919093314,3
"20171",6.84198297268246e-07,0.999999315801703,2.29045486217428e-25,2
"20173",4.3253236852826e-08,0.999999935272252,2.14745110264088e-08,2
"20175",0.358621773579218,0.0115994263495152,0.629778800071267,3
"20177",0.0792608109201033,0.920739088646195,1.00433701784709e-07,2
"20180",0.90440802766284,0.0955919723371595,1.07108180318414e-16,1
"20182",6.68860452302866e-20,0.99999804179255,1.95820745040349e-06,2
"20184",0.000962576026674425,0.00309465518979774,0.995942768783528,3
"20187",2.35544721638817e-05,0.999108940904812,0.000867504623023708,2
"20189",0.961337953695938,0.0386461320320788,1.59142719827543e-05,1
"20192",0.000191862100044874,0.999808137899955,3.25167457753941e-18,2
"20194",2.47490615467956e-06,0.866502257909713,0.133495267184132,2
"20196",0.221029671977202,0.778970328022798,3.04941003048526e-20,2
"20198",0.818774143414385,0.164591713258607,0.0166341433270078,1
"20204",0.000525124292278868,0.00264567549616639,0.996829200211555,3
"20207",0.540085466157622,0.459914533842294,8.39937748464838e-14,1
"20209",0.000523133847290387,0.999476862988703,3.1640070487101e-09,2
"20211",0.00022395939526757,0.999776040604732,1.08913182678042e-18,2
"20215",0.96064198897212,0.0393579982396899,1.27881897385285e-08,1
"20218",5.23453551496432e-06,0.000873947385880624,0.999120818078604,3
"20222",0.903435611046757,0.0965643889289645,2.42781166259369e-11,1
"20225",0.00267436022051167,0.122401905984314,0.874923733795175,3
"20229",0.149172473198267,0.850824309446012,3.21735572159314e-06,2
"20232",0.937435670583501,0.0625640604684117,2.68948087297811e-07,1
"20234",0.00129816798775745,0.998701832012242,2.93468780083259e-35,2
"20238",0.903109270523835,0.0968907274590711,2.01709352987876e-09,1
"20253",0.901081804203193,0.0989181957967471,6.03055494732847e-14,1
"20255",0.203829912074559,0.0103873124809235,0.785782775444518,3
"20258",0.989547416440639,0.0104525835592116,1.49520694375513e-13,1
"20269",0.946786153533936,0.0532035643038733,1.02821621909477e-05,1
"20271",0.613551154005544,0.386448845994317,1.38812005994049e-13,1
"20285",0.00300723676624088,0.996894473360391,9.82898733684724e-05,2
"20288",0.973701855100862,0.0262981159697269,2.89294114847757e-08,1
"20291",0.150062597577346,0.849937402422654,1.32678640923081e-16,2
"20295",0.0532371465221387,0.946762282047497,5.71430364747825e-07,2
"20298",0.0277376717802431,0.00274252563560103,0.969519802584156,3
"20302",0.00909035218093831,0.0621187930178086,0.928790854801253,3
"20305",0.0116231076814056,0.00506385826854192,0.983313034050052,3
"20307",0.976557845338313,0.0234421546616594,2.80225843969837e-14,1
"20310",0.249776136382228,0.750223863617772,3.68770388305501e-25,2
"20313",2.17903513801939e-09,0.0206596641805306,0.979340333640434,3
"20315",0.987919681659556,0.0120803183395346,9.09888227137224e-13,1
"20319",0.0620243821969325,0.937975617803067,6.30249963776675e-21,2
"20321",0.87578905083632,0.12421094916183,1.84984721226083e-12,1
"20327",0.976530658885798,0.0234693411134469,7.55377470112576e-13,1
"20329",8.29135974055175e-09,0.948526103674495,0.0514738880341447,2
"20335",0.394228021788784,0.605771978211216,6.73289452544825e-18,2
"20337",0.00154009040951882,0.00718682190459873,0.991273087685882,3
"20339",5.19964110316776e-05,0.999948003588912,5.60226215708584e-14,2
"20341",1.1889235364267e-05,0.999988110764636,1.18508591021408e-16,2
"20343",0.0882632325692669,0.911736767430731,2.26027770878237e-15,2
"20345",0.92704066368302,0.0376039912089197,0.0353553451080606,1
"20350",0.000930028388067193,0.999069967651141,3.96079194921483e-09,2
"20352",2.13531945471274e-07,0.0077205044983038,0.992279281969751,3
"20355",0.000955359968063819,0.910383159938139,0.0886614800937969,2
"20358",2.6099277090197e-07,0.501365439799287,0.498634299207942,2
"20363",0.96416839580533,0.0358316040933618,1.01308504993243e-10,1
"20365",0.520101986959556,0.479898013036331,4.11310579669883e-12,1
"20379",0.345191099351526,0.437910035435563,0.216898865212911,2
"20387",0.972613380795402,0.0273866189279861,2.76611582457032e-10,1
"20392",0.000148861676532489,0.999851138323468,7.74629801438265e-23,2
"20395",0.645944492448702,0.0144281081242856,0.339627399427012,1
"20397",6.72067536935356e-16,0.973660720463846,0.0263392795361537,2
"20410",0.970638547481417,0.0293614466981572,5.82042620892383e-09,1
"20414",0.0153795969732224,0.0121493592342485,0.972471043792529,3
"20417",3.09800919964921e-10,0.999999999690199,1.40150100556982e-45,2
"20419",0.894392510848337,0.105607489151569,9.3919577518901e-14,1
"20421",0.0135189622655358,0.944241041117686,0.0422399966167783,2
"20423",0.00412439303867114,0.00491009918497429,0.990965507776355,3
"20425",0.028144452457802,0.0382948823683474,0.933560665173851,3
"20427",0.963095251298003,0.016683770541421,0.0202209781605758,1
"20429",0.00586414533464683,0.99413585466103,4.32320435247723e-12,2
"20432",8.09091626270576e-05,0.00765864483201815,0.992260446005355,3
"20435",0.905899915763314,0.0940672976872639,3.27865494216929e-05,1
"20438",0.444245034019486,0.555754902153845,6.38266687417578e-08,2
"20440",0.972213522132947,0.0277864778650068,2.04658645917089e-12,1
"20443",2.95083823750173e-05,0.339622296091213,0.660348195526412,3
"20446",0.730169133998682,0.269798952702686,3.19132986319243e-05,1
"20449",0.960157920265879,0.0398401801829378,1.89955118353342e-06,1
"20537",0.149549066805589,0.850450933186991,7.42009079068391e-12,2
"20540",1.54044224286256e-05,0.999984595577571,9.62337756304615e-27,2
"20543",0.973570069215174,0.0261298029280018,0.00030012785682426,1
"20545",1.27219152350776e-05,0.999987278084765,1.97466409105533e-20,2
"20549",0.577242398071453,0.0233342940599047,0.399423307868642,1
"20551",0.987848667754389,0.0120902323553786,6.10998902324679e-05,1
"20554",0.992113735107164,0.00788603333769397,2.31555141940241e-07,1
"20556",0.956360127288717,0.0436319514993933,7.92121189002628e-06,1
"20558",0.991580342646061,0.00841965735304601,8.93480999905768e-13,1
"20560",0.973037176774994,0.0266152712355925,0.000347551989413065,1
"20563",0.958926734751798,0.0410732652482023,3.95773274048151e-17,1
"20565",0.953930575948364,0.0460522205186098,1.72035330264213e-05,1
"20567",0.000289995714918502,0.00998810665592372,0.989721897629158,3
"20571",0.122357293629475,0.877642706370522,2.70511422381955e-15,2
"20573",0.978191689714336,0.021742458869135,6.58514165295382e-05,1
"20575",0.923383410999797,0.0766165890001837,1.89086813464768e-14,1
"20577",0.983904875428801,0.0160044342820708,9.0690289128044e-05,1
"20579",3.99079751737331e-11,0.117236989001443,0.882763010958649,3
"20582",0.981986438567745,0.0180135614322546,2.56381536875221e-18,1
"20585",0.213520898522403,0.786479101428517,4.90804402051452e-11,2
"20588",0.000388399805681187,0.999611600190436,3.88316707546131e-12,2
"20590",9.88792210378746e-09,0.00396472026015509,0.996035269851923,3
"20592",0.977300123798816,0.0226998762011797,4.53908714132423e-15,1
"20594",0.96232951592709,0.0376704840729098,2.89792768893018e-19,1
"20596",0.944527300062937,0.0554678229899667,4.8769470968596e-06,1
"20598",0.988548282753917,0.0114421479012801,9.56934480255986e-06,1
"20600",0.482711925797728,0.51724252952946,4.55446728115566e-05,2
"20603",0.0404258646518073,0.0629404469990738,0.896633688349119,3
"20605",0.982562221588285,0.0174377784087072,3.00795889122774e-12,1
"20607",0.982299640155194,0.017700348589235,1.12555712047838e-08,1
"20609",0.992407557227038,0.00759202942828971,4.13344671640562e-07,1
"20611",0.00399624958912034,0.00542648697891229,0.990577263431967,3
"20613",0.982344325744542,0.0173545759506061,0.000301098304851503,1
"20615",0.96155484761668,0.0372873051271248,0.00115784725619535,1
"20617",5.28797368080637e-07,0.0155278181994913,0.984471653003141,3
"20619",0.941119702662693,0.058880297336411,8.96130452242659e-13,1
"20621",0.940155532113767,0.0598420030431855,2.46484304792215e-06,1
"20623",0.000999431441690717,0.327656714368366,0.671343854189943,3
"20625",0.0268958345409611,0.869971443503205,0.103132721955834,2
"20627",0.988505455146153,0.0111995351336503,0.00029500972019695,1
"20629",0.988057085337262,0.0118690455203966,7.38691423418826e-05,1
"20631",0.885853256316801,0.114146743683192,7.08117928948042e-15,1
"20633",3.49282246257536e-11,0.00760592875071685,0.992394071214355,3
"20636",0.118050093686165,0.64805294911957,0.233896957194265,2
"20638",0.385951808615936,0.614043430109125,4.7612749392556e-06,2
"20640",0.778073974462352,0.221926025537485,1.62919685581523e-13,1
"20645",0.952351889386561,0.0476481106134391,3.25139216012156e-21,1
"20647",5.50340350590994e-10,0.0322318281105489,0.967768171339111,3
"20649",0.914330736196495,0.0856692375866685,2.62168361585183e-08,1
"20651",0.0145674829182094,0.985432517081791,4.08832826264412e-19,2
"20656",0.429328231762152,0.570671768237847,3.54420048741479e-16,2
"20660",2.75242266476212e-05,0.999972475773352,1.59923147190365e-18,2
"20662",1.13915973176597e-05,0.464170826009322,0.535817782393361,3
"20664",0.0344675854571894,0.965532094321044,3.2022176631262e-07,2
"20666",0.00459857684594171,0.995395821253406,5.60190065201096e-06,2
"20668",0.00297935544907307,0.00273308239649622,0.994287562154431,3
"20670",0.148269322221091,0.8517306777789,8.81883755255443e-15,2
"20672",0.000346780002880042,0.00143525505391783,0.998217964943202,3
"20674",0.964213254425833,0.0356520429546607,0.000134702619506222,1
"20676",1.05385382622305e-07,0.177037553982337,0.82296234063228,3
"20678",2.41642472897985e-09,0.0277160460673005,0.972283951516275,3
"20680",0.0279821487857761,0.0024790995983071,0.969538751615917,3
"20682",0.470564801708446,0.127700090696174,0.40173510759538,1
"20684",0.168430577971416,0.831569375785984,4.62425995693371e-08,2
"20686",7.45244199812756e-06,0.000584724605392234,0.99940782295261,3
"20688",5.0005727076267e-12,0.232793327729741,0.767206672265258,3
"20690",0.0132720804706179,0.986727919529381,8.93416313252832e-16,2
"20692",4.92944763544852e-13,0.018154243423421,0.981845756576086,3
"20694",0.0118557635925235,0.00305544527857833,0.985088791128898,3
"20696",0.0684434021254877,0.0429833069216775,0.888573290952835,3
"20698",0.798647478703121,0.201327614001795,2.49072950839543e-05,1
"20700",0.0387733091581367,0.96122584777746,8.43064402772438e-07,2
"20702",0.130162639861858,0.869837360138142,4.62345349535019e-22,2
"20704",0.992016984369289,0.00795946060175559,2.35550289550934e-05,1
"20706",0.0057362724624817,0.994008300032987,0.000255427504531745,2
"20708",6.59480843766103e-06,0.0617143868129807,0.938279018378582,3
"20710",0.752673917379146,0.247326074518537,8.10231653187255e-09,1
"20714",9.66094092880822e-05,0.0305012383284073,0.969402152262305,3
"20716",0.977836001917136,0.0221633298007096,6.68282154497262e-07,1
"20719",0.0994753575623184,0.900517226904692,7.41553298928843e-06,2
"20721",0.943084555921337,0.0569154440786628,3.8617771174516e-16,1
"20723",0.000723612186298904,0.999276387071106,7.42594634107448e-10,2
"20725",0.163468054868999,0.00511058920666714,0.831421355924334,3
"20727",4.55237476882246e-10,0.986043560433193,0.0139564391115698,2
"20729",0.00234533664255307,0.00393725285280547,0.993717410504641,3
"20731",0.0698018676445663,0.0108694503297036,0.91932868202573,3
"20733",0.963599979504657,0.0363831020744964,1.69184208465746e-05,1
"20735",0.983189356729589,0.0160487866955614,0.000761856574849677,1
"20737",1.94249605286622e-05,0.00420678514616538,0.995773789893306,3
"20739",1.26050259667528e-10,0.0059973481860692,0.99400265168788,3
"20741",0.154942043233007,0.00409659254494287,0.84096136422205,3
"20743",0.290270018875335,0.086611231390887,0.623118749733777,3
"20745",0.92557046803824,0.0744295319617595,2.25945723392606e-16,1
"20747",0.00180258058044554,0.0265118224709881,0.971685596948566,3
"20749",0.00103091613196892,0.0258901004262877,0.973078983441743,3
"20751",0.0327760246700055,0.937472922578975,0.0297510527510199,2
"20753",0.0457940089516308,0.0117484752747704,0.942457515773599,3
"20755",2.08409243500433e-08,0.772685194578858,0.227314784580218,2
"20757",3.708317573355e-06,0.99977500870605,0.000221282976377006,2
"20759",0.616042655247849,0.383957328821496,1.59306552394689e-08,1
"20761",0.589470853905414,0.00306990344675989,0.407459242647826,1
"20763",0.389091144856497,0.608162828425382,0.00274602671812035,2
"20765",0.0855558328470473,0.00132334480120172,0.913120822351751,3
"20767",0.969747487687115,0.0302524503575259,6.19553587741313e-08,1
"20769",0.0618162970295377,0.938183702970414,4.82441786050693e-14,2
"20771",0.572627890592739,0.0217715087485992,0.405600600658662,1
"20773",5.08556660760055e-07,0.999988194132785,1.12973105546445e-05,2
"20775",0.822593079844628,0.0327500446596144,0.144656875495758,1
"20777",0.0337501177389519,0.966249572948718,3.09312329665399e-07,2
"20779",0.190925197579707,0.00548850519901202,0.803586297221281,3
"20781",3.01483703306254e-17,1,4.69481446423515e-17,2
"20783",0.636183407750981,0.0123614049882789,0.35145518726074,1
"20785",5.79006673254699e-12,0.999911724191538,8.82758026720164e-05,2
"20787",0.00777990059866622,0.0019534500079722,0.990266649393362,3
"20789",0.986376975415773,0.01297501756943,0.000648007014796682,1
"20791",0.00061041819259056,0.00116014986646909,0.99822943194094,3
"20793",0.967778525426939,0.0293538160453926,0.00286765852766802,1
"20795",0.031606135559578,0.0186976953495744,0.949696169090848,3
"20797",4.14797860381824e-15,0.999999967720271,3.22797242613556e-08,2
"20800",0.0344977425889886,0.0412432366010197,0.924259020809992,3
"20802",0.164970543075955,0.00373964215301492,0.83128981477103,3
"20804",0.00026410505821146,0.00573859714178235,0.993997297800006,3
"20806",7.22475187560405e-05,0.00134060666026483,0.998587145820979,3
"20808",0.988071999393183,0.0119261958052045,1.80480161259948e-06,1
"20810",0.0672352041805563,0.229437466698283,0.703327329121161,3
"20812",0.137084644815141,0.0264993778457808,0.836415977339078,3
"20814",3.90148759127041e-08,0.0473196123864692,0.952680348598655,3
"20816",0.00382438136745345,0.996175618632543,3.95462453426754e-15,2
"20818",0.827243889252943,0.0177879810066641,0.154968129740393,1
"20820",1.32659231030035e-10,0.0478404811390102,0.95215951872833,3
"20822",0.147922256662247,0.0010555290224045,0.851022214315349,3
"20824",9.57406875926316e-13,0.999885743347689,0.000114256651353724,2
"20826",5.21450000314843e-07,0.000747602478065649,0.999251876071934,3
"20828",5.22999530483621e-09,0.321124573948061,0.678875420821943,3
"20830",0.00508051974150185,0.0151315113516639,0.979787968906834,3
"20832",0.902314601197036,0.0300858213763776,0.067599577426587,1
"20834",0.984727783326512,0.015271987873207,2.2880028055699e-07,1
"20836",0.106951597776221,0.00334397081448561,0.889704431409294,3
"20838",2.10535139683413e-06,0.0697554118483712,0.930242482800232,3
"20840",0.985298579560219,0.0147007352309072,6.85208873422581e-07,1
"20842",0.0290225300978203,0.107774479044248,0.863202990857932,3
"20844",0.000255645949929236,0.977861207560348,0.0218831464897228,2
"20846",0.0389448085747571,0.0181718639146749,0.942883327510568,3
"20848",0.976380109643638,0.00827364664985148,0.0153462437065111,1
"20850",0.970985431171473,0.0289873106750438,2.72581534835607e-05,1
"20852",0.709641382877837,0.290128510034535,0.00023010708762797,1
"20854",3.08491843644107e-05,0.00181193139958563,0.99815721941605,3
"20856",1.22646382488908e-06,0.999998773536175,3.61915641435361e-20,2
"20858",0.951901071918379,0.0480989279879701,9.36504714905022e-11,1
"20860",0.0101051351778661,0.984159234199299,0.00573563062283545,2
"20862",0.815837976982067,0.184162023016175,1.75855556005728e-12,1
"20864",7.9516288665332e-06,0.00221257730514082,0.997779471065993,3
"20866",0.503284911723374,0.496715088276626,6.04365978364612e-26,1
"20868",0.983868811313893,0.0161310275491109,1.61136995719562e-07,1
"20870",0.790985595088148,0.0117081095597962,0.197306295352056,1
"20872",0.0531708932321487,0.000914287170449621,0.945914819597402,3
"20874",3.16126953625244e-10,0.0084665274433416,0.991533472240531,3
"20877",0.970100032689107,0.0298999209931158,4.63177776466035e-08,1
"20879",0.978222690284479,0.0217773097131963,2.3251163129731e-12,1
"20881",0.0398605997723015,0.00255488082495383,0.957584519402745,3
"20883",1.08974581133227e-05,0.975347976807011,0.024641125734876,2
"20885",0.0145514479604634,0.00170441883919173,0.983744133200345,3
"20887",0.974603565026786,0.0253947848039196,1.6501692940745e-06,1
"20889",0.688029425112524,0.0310913912837619,0.280879183603714,1
"20891",0.981151311837498,0.0188486881591902,3.31164283611333e-12,1
"20896",0.880661022509387,0.119338846427963,1.31062650091343e-07,1
"20898",0.293954556712555,0.00396494989628051,0.702080493391164,3
"20900",8.17064906673587e-14,0.999999998974169,1.02574892529405e-09,2
"20902",0.126456067661546,0.87354393222323,1.15224602092196e-10,2
"20904",0.00593044921068055,0.896790461379324,0.0972790894099953,2
"20906",0.875853774627222,0.124146225079386,2.93391408097643e-10,1
"20908",0.277123826463478,0.023443553854124,0.699432619682398,3
"20910",0.0275436038527434,0.57625176072172,0.396204635425536,2
"20912",9.15775818422061e-16,0.999999999999999,9.21603560415612e-20,2
"20914",0.887417850623529,0.112582149376471,1.04831012956818e-23,1
"20968",1.97345730961318e-10,0.999948158106048,5.18416966059826e-05,2
"20970",0.977918876964198,0.0220798167675083,1.30626829395355e-06,1
"20981",0.737542652986163,0.262456741237548,6.05776289011089e-07,1
"20983",3.15582539640429e-08,0.0173205812447221,0.982679387197024,3
"20988",0.986712704947264,0.013287294283176,7.69559686302987e-10,1
"20995",4.55392956515239e-07,0.999999544591936,1.51077647845482e-11,2
"21017",0.752334307435762,0.0164919735353428,0.231173719028895,1
"21038",0.946282223301579,0.0537177764640904,2.3433091114146e-10,1
"21072",0.918888285392493,0.0811117097822037,4.82530325186508e-09,1
"21075",0.805543072212701,0.194456927787256,4.27828779884951e-14,1
"21223",0.961221711070314,0.0113539597274761,0.0274243292022097,1
"21225",1.40693998475916e-12,0.999999999998593,2.46134955548335e-34,2
"21230",2.76292817791725e-09,0.00109176668378818,0.998908230553284,3
"21236",0.765609755939762,0.0199135167886256,0.214476727271612,1
"21238",0.0929978362455059,0.907002118635263,4.51192306665223e-08,2
"21241",0.688094561703943,0.311905438293976,2.0809518352124e-12,1
"21246",0.981905494417008,0.0180615827387091,3.29228442832837e-05,1
"21253",1.56297445405382e-05,0.000555014618627126,0.999429355636832,3
"21256",0.0660356933336207,0.0293898876353649,0.904574419031014,3
"21260",1.23955677511007e-05,0.999987604432249,3.32640848856588e-23,2
"21266",0.981733357072107,0.0182664128538648,2.30074027981957e-07,1
"21332",0.981790902274546,0.0182038833270536,5.21439840057384e-06,1
"21334",0.671076584144107,0.0165365619738804,0.312386853882013,1
"21375",0.740380819352779,0.259619180647221,2.3755585341279e-16,1
"21378",0.554362250990095,0.445637749009905,2.56291251283535e-23,1
"21381",0.630975954679433,0.369024045320559,8.53377257649348e-15,1
"21389",0.00859781142772204,0.00718625183933072,0.984215936732947,3
"21391",0.0604258836172039,0.939518758520139,5.53578626568094e-05,2
"21402",0.927166002533895,0.0728336873174036,3.10148700854083e-07,1
"21404",0.626253022838852,0.373746977119758,4.13894287429706e-11,1
"21409",0.960732078831639,0.0392679210863097,8.20508832347318e-11,1
"21413",0.730430597359379,0.269567681751808,1.72088881253283e-06,1
"21423",0.0064910318752106,0.993508968124789,1.77446483295296e-19,2
"21425",0.766871431787857,0.233128567816384,3.95758492139825e-10,1
"21430",0.00345929679707191,0.996540682825424,2.0377504110795e-08,2
"21432",0.989279093580855,0.0105959567579475,0.000124949661198121,1
"21438",2.14283004859439e-05,0.999978571699513,1.66082795272511e-15,2
"21440",0.961269671450493,0.0387294299197712,8.98629735452306e-07,1
"21443",0.0320140110439463,0.00104719537655536,0.966938793579498,3
"21445",1.03036578470592e-05,0.999989696342152,9.4081688049079e-16,2
"21447",0.923110417288957,0.0768895827110415,1.71258819692637e-15,1
"21449",0.919148041967312,0.0808519580244085,8.2795290117291e-12,1
"21451",0.919148041967312,0.0808519580244085,8.2795290117291e-12,1
"21455",0.97876072553541,0.0212392739107763,5.53814038928271e-10,1
"21469",0.119786417085572,0.880213582914429,5.50756196257007e-28,2
"21471",0.856325310965566,0.143674689034434,4.98592183785489e-17,1
"21473",0.0573755996716459,0.156503386717401,0.786121013610954,3
"21476",0.966218754554026,0.0325490556832781,0.00123218976269618,1
"21478",0.00150325969959536,0.915472725483674,0.0830240148167308,2
"21481",0.0437190665310947,0.0114157813202216,0.944865152148684,3
"21490",0.900974131643246,0.099025868138087,2.18666968550739e-10,1
"21493",0.00468765827643715,0.995312341723563,4.03162404747366e-25,2
"21495",0.992210645714311,0.00764364828045738,0.000145706005231453,1
"21500",0.971368608056256,0.0286311757874287,2.16156315763162e-07,1
"21504",0.575458659348745,0.424535248918137,6.09173311802049e-06,1
"21507",0.939090469680273,0.0609095303197276,7.47647262732031e-17,1
"21512",0.978840493919878,0.0211595056172228,4.62898923430062e-10,1
"21519",0.815199501987811,0.113115446586679,0.0716850514255098,1
"21522",6.13446966102802e-05,0.999938655029058,2.74331848463336e-10,2
"21524",0.933740709040486,0.0662585075833257,7.8337618803204e-07,1
"21528",0.982648593376348,0.0173514066140897,9.56174846508212e-12,1
"21532",0.949733335967752,0.050264521406801,2.14262544740188e-06,1
"21543",0.828560430253734,0.171438032824724,1.53692154152511e-06,1
"21546",0.977124551651686,0.0228351205839688,4.03277643453413e-05,1
"21550",0.985534165698608,0.0144658343013917,6.61020337602893e-16,1
"21554",0.976363503950642,0.0236364960492491,1.09219686696126e-13,1
"21557",0.0921564472172405,0.806340525082722,0.101503027700037,2
"21560",0.804038981201551,0.195961018798449,2.01280448190261e-18,1
"21564",0.924184154416081,0.011543795042823,0.0642720505410963,1
"21566",0.979132580060938,0.0208674190172973,9.21764575248271e-10,1
"21569",0.968600127327157,0.031390361445146,9.51122769726472e-06,1
"21574",0.00269265463281267,0.00672261220032961,0.990584733166858,3
"21576",0.11649548821562,0.00220429959149151,0.881300212192888,3
"21578",0.00424005935930345,0.0016768680611521,0.994083072579545,3
"21580",0.336861772071719,0.00859213201434184,0.654546095913939,3
"21583",0.953338783984604,0.04666121601539,6.11172732612343e-15,1
"21585",5.67859960723105e-09,0.189285780591817,0.810714213729583,3
"21587",0.0397444791020101,0.00408571002946924,0.956169810868521,3
"21589",0.0184166268976828,0.26344902255097,0.718134350551347,3
"21593",2.17684895252546e-21,0.999999999999999,7.52226261479185e-16,2
"21595",4.23090652502818e-06,0.999988351620865,7.41747261045891e-06,2
"21597",0.890104120837006,0.0763971971588585,0.0334986820041357,1
"21599",1.06100732808208e-05,0.0140485421299531,0.985940847796766,3
"21601",0.00195715740775419,0.998042767497292,7.5094953695277e-08,2
"21603",7.28756212748277e-07,0.0188718896250128,0.981127381618774,3
"21605",0.000598869433778498,0.000872916197392062,0.99852821436883,3
"21607",0.761425746659006,0.0796801464674914,0.158894106873503,1
"21610",0.855257619935768,0.139725362843413,0.00501701722081837,1
"21612",0.0215552716771966,0.0021891898936297,0.976255538429174,3
"21614",0.984206614191635,0.0155022018324826,0.000291183975882778,1
"21616",0.96698319155672,0.0174090115234019,0.0156077969198781,1
"21618",0.394023749923699,0.605976250076155,1.45390082195099e-13,2
"21620",0.00733515934188433,0.00416811329068221,0.988496727367434,3
"21622",0.0889618990121175,0.911038100987881,1.44339055128187e-15,2
"21624",0.0710754125714663,0.928530099002388,0.000394488426146075,2
"21626",0.856707917462317,0.084863230095352,0.0584288524423314,1
"21628",0.990866462273352,0.00913311830931062,4.19417336983987e-07,1
"21630",0.27168094310966,0.0958979160112576,0.632421140879082,3
"21632",0.665584208957932,0.333058941979735,0.0013568490623329,1
"21634",0.976564963889353,0.0232176630504404,0.000217373060206647,1
"21636",0.15225377969243,0.0110809755564961,0.836665244751074,3
"21638",0.000176673997497378,0.0118612758379432,0.98796205016456,3
"21640",0.969862604197804,0.0267172678766671,0.00342012792552866,1
"21642",0.000580270021637548,0.00547276887962946,0.993946961098733,3
"21644",1.25443271940632e-09,0.999998808373104,1.19037246373872e-06,2
"21647",0.0371027281169786,0.014834632672417,0.948062639210605,3
"21649",0.177369685755144,0.00672162379380102,0.815908690451055,3
"21651",0.244983420815016,0.252395195217952,0.502621383967033,3
"21653",0.00011077121839824,0.999889047471921,1.81309680645709e-07,2
"21655",1.65059321423027e-06,0.00202390526374332,0.997974444143042,3
"21657",0.0658454199202099,0.001877052914607,0.932277527165183,3
"21659",1.2118068722754e-11,0.99813746365461,0.00186253633327191,2
"21661",0.0271555323074758,0.00244446255778803,0.970400005134736,3
"21663",0.00108364819349049,0.0368409379606509,0.962075413845859,3
"21665",0.0241865747065106,0.0490006665437772,0.926812758749712,3
"21667",0.994329917962805,0.00559724154408673,7.28404931086525e-05,1
"21670",0.985785464656783,0.0141015529520802,0.000112982391137031,1
"21672",0.649224456693421,0.0165163435669292,0.33425919973965,1
"21674",0.982762352092488,0.0172376479074458,6.64066748867614e-14,1
"21676",0.975683680067194,0.0243161427390577,1.77193747955327e-07,1
"21678",4.24252981193513e-07,0.999999575747005,1.37130332588453e-14,2
"21680",0.0436957851383613,0.0124313513959213,0.943872863465717,3
"21685",0.984376549050388,0.0155541718335452,6.9279116067063e-05,1
"21687",0.0420051698049266,0.95799048203977,4.34815530372026e-06,2
"21690",0.0531023373484106,0.00623815396379649,0.940659508687793,3
"21707",0.978766898220701,0.0212331017787771,5.21782661538321e-13,1
"21710",0.0168750434813891,0.98312495651861,6.88572751379418e-16,2
"21713",0.929481295858246,0.0705186981343384,6.00741530567686e-09,1
"21718",0.708466258282267,0.291533741450802,2.66930469988852e-10,1
"21721",1.20630588675483e-10,0.999999999879238,1.31493585493316e-13,2
"21723",0.885635049390206,0.114364950609794,3.57859171265152e-18,1
"21726",0.957605117588399,0.0423948824115495,5.12645263847686e-14,1
"21729",0.000320929752023788,0.995030814656109,0.00464825559186775,2
"21733",3.56034525918722e-05,0.00718204799507484,0.992782348552333,3
"21735",0.000164616493152181,0.9998353835068,4.79755596981311e-14,2
"21739",0.98984965755103,0.0101464775974773,3.86485149298562e-06,1
"21741",0.99160765297255,0.00839185217896427,4.94848485795705e-07,1
"21744",0.059979744166499,0.940019259830911,9.96002590154311e-07,2
"21746",0.962749584972927,0.0372504150270726,2.34876567925061e-17,1
"21748",0.968037149473474,0.0319628486165273,1.90999907725342e-09,1
"21750",0.0372112978300389,0.00222437395596725,0.960564328213994,3
"21752",0.972556301366808,0.0274390474414823,4.65119170969316e-06,1
"21755",0.971015089438433,0.0203196099425749,0.00866530061899212,1
"21757",0.687844615816612,0.311143539408738,0.00101184477465019,1
"21760",4.55392956515239e-07,0.999999544591936,1.51077647845482e-11,2
"21762",0.00777818899448633,0.992221811005514,5.69590336269391e-21,2
"21764",3.19947525054637e-08,0.00343217037918827,0.996567797626059,3
"21766",0.966566849230593,0.0334331507694068,4.51298251342771e-16,1
"21768",0.962907453520423,0.0289606934856643,0.00813185299391308,1
"21770",0.960714792856251,0.0367636100778507,0.00252159706589823,1
"21773",0.883098157963593,0.116901842036407,6.15192699074677e-23,1
"21775",0.0677461844631456,0.854835155819263,0.0774186597175917,2
"21777",0.0172548079221717,0.00248103112655561,0.980264160951273,3
"21779",0.965076726692898,0.034686291646607,0.000236981660494614,1
"21781",0.933099714605808,0.0668851583567551,1.51270374366492e-05,1
"21784",0.977740996631887,0.022259003365814,2.29889810703133e-12,1
"21786",0.881396489518106,0.118453150988229,0.000150359493665066,1
"21789",0.974378570248798,0.0245735138204136,0.00104791593078847,1
"21791",0.974325235450101,0.0256747643073033,2.42595963826075e-10,1
"21794",0.912872333486899,0.0870742370077493,5.34295053522495e-05,1
"21797",0.0136179693424819,0.986382013875287,1.67822308109583e-08,2
"21800",0.00306786392346338,0.996932136076537,3.43173680117932e-21,2
"21802",0.896901887494225,0.103098023815825,8.86899507101681e-08,1
"21804",2.46008083177106e-11,0.999999999975399,1.56908862105403e-16,2
"21806",6.72281676716657e-06,0.999993277174176,9.05717733040271e-12,2
"21808",6.26016946072577e-06,0.999993576336266,1.63494273150297e-07,2
"21811",0.0934400328431913,0.906559967152036,4.77283073893891e-12,2
"21815",0.944780586345777,0.0552194133177749,3.36448022663068e-10,1
"21817",6.35594986880194e-08,0.999999936440498,3.25337833604039e-15,2
"21820",0.242600249817298,0.757399749908047,2.746548671843e-10,2
"21822",0.654615726719769,0.128789711322553,0.216594561957678,1
"21824",0.0205641611571398,0.100519778291053,0.878916060551807,3
"21826",0.982415306526043,0.0175846934739003,5.71770606421669e-14,1
"21828",0.349417316365388,0.65046396154078,0.000118722093832889,2
"21830",0.302017946583349,0.00944236964644366,0.688539683770208,3
"21833",0.942130651030081,0.0374749341549704,0.0203944148149484,1
"21835",0.942130651030081,0.0374749341549704,0.0203944148149484,1
"21838",0.595069281107813,0.404930718892171,1.64272225873504e-14,1
"21840",0.904919223993767,0.0950807760062325,3.10782371546963e-17,1
"21842",0.00544668578032143,0.994553314219679,9.1358954514502e-18,2
"21844",0.31516504768074,0.679289520355638,0.00554543196362198,2
"21847",0.990484316142595,0.00951547060690352,2.13250501622961e-07,1
"21849",0.643184941553699,0.356796487815779,1.85706305213057e-05,1
"21852",0.956492862083573,0.0435071378435594,7.28678670651906e-11,1
"21854",3.89492483875031e-06,0.00102289691283065,0.99897320816233,3
"21857",0.986491412171592,0.013508587825419,2.98956376551959e-12,1
"21859",0.427794104163644,0.00929701209129289,0.562908883745063,3
