"","V1","V2","V3","V4","V5","V6","V7","best$classification"
"19811",0.00319307021011214,0.0210081111807896,0.929000181625639,1.37365561875492e-19,1.03048744324573e-06,0.0467967074004869,8.99095528887652e-07,3
"19813",0.011936508000122,3.08116745884699e-35,0.988063491971774,1.2105243367639e-31,3.47281201655127e-13,2.77570033243648e-11,5.93780552037566e-30,3
"19815",0.00119999882424839,0.0335008109512295,6.95339443882635e-10,5.99775150174062e-08,0.00937671809096488,0.955922411460703,1.27956126844897e-20,6
"19817",0.000200944999539707,0.972894040772408,1.64420886368777e-06,8.09512491314575e-13,7.54079843392321e-07,0.0269025795739759,3.63645601095784e-08,2
"19819",5.86672055905749e-07,1.56411474087368e-65,3.43460279331479e-72,0.753363214643478,0.24663608665804,1.12026425990755e-07,5.51974628397644e-42,4
"19821",0.0797438552107708,3.39393842857246e-06,0.770394540124002,6.61432599552815e-13,7.56864327438016e-06,0.149821362247792,2.92798350712214e-05,3
"19823",0.150923538475359,1.76442118308557e-06,7.54277020335208e-28,1.05705894755593e-14,0.848280272437065,0.000794424666382623,4.56445603889187e-29,5
"19825",0.999999999698497,5.11700324512274e-71,2.23127109135063e-22,7.1824309168392e-15,3.01472689535996e-10,4.70575250084382e-15,1.88263615693008e-14,1
"19827",0.00900731493626319,0.75032195201924,4.4821588394541e-16,3.38575459040485e-09,0.0012231459664871,0.0165171342057896,0.222930449486465,2
"19829",0.469716473148461,1.39772768568088e-39,4.41671580783872e-22,0.10742415643093,0.0988330030625041,0.324026359679714,7.67839145819021e-09,1
"19831",0.000235177844221762,2.07101685924921e-64,2.56934175260703e-46,0.128027443827259,0.871737364223585,1.41049337315145e-08,1.88634784734909e-59,5
"19833",0.999311456743382,1.38346391781771e-126,9.80395438472927e-70,1.98027112405394e-45,0.000688543256618338,3.93243781317835e-31,1.0817949018231e-72,1
"19835",0.0797438552107708,3.39393842857246e-06,0.770394540124002,6.61432599552815e-13,7.56864327438016e-06,0.149821362247792,2.92798350712214e-05,3
"19837",0.000517745800550354,0.956928645128032,5.73715229131145e-10,6.04823422849103e-08,2.80274460378115e-06,0.0224522232879516,0.0200985219828045,2
"19839",5.56089931086897e-06,1.42207006046812e-43,6.07601552154108e-14,1.41434982185396e-05,0.999751919577643,0.000228018058463603,3.57966303681188e-07,5
"19841",0.324117744872623,5.12012756877612e-56,1.10580417230435e-13,6.66953790949508e-25,2.98162131277462e-07,5.25076471301885e-18,0.675881956965135,7
"19843",0.945860811683025,9.40388662748343e-95,1.05483729248489e-15,0.000108354964278349,0.0540307965771094,3.67755860889562e-08,5.03507211155712e-52,1
"19845",0.000585864267502045,5.85767094490939e-11,0.999401532367142,3.33085715689196e-31,1.05170272223326e-13,1.26033066744641e-05,1.69082803790081e-30,3
"19847",0.076114061148448,1.67455919057612e-07,0.00435032670417531,8.11321055165744e-10,2.44067099078328e-05,0.919511037170229,5.08361352561782e-27,6
"19849",0.000415727016123062,5.42759345437559e-28,0.999584272983597,5.59693936080215e-39,5.74947546663001e-15,2.7442686136432e-13,3.02776629417096e-30,3
"19851",8.80377413113962e-05,0.996542002622993,6.48207545530119e-08,9.18603347600289e-17,1.66485808943829e-07,0.00336972832363406,5.49770286627569e-12,2
"19853",0.975752758671941,0.0241966314193007,1.92031297506986e-05,9.96673585650776e-39,3.93872174477099e-10,3.14063851358624e-05,3.90583155976289e-22,1
"19855",0.00416594604419863,0.978441606009076,0.00043079609644907,2.31862210033839e-25,1.7867383012857e-10,0.0169615725320497,7.91395529296236e-08,2
"19857",0.0380411701003182,4.22781453916765e-05,0.0536091918221522,2.91806791021945e-08,3.3593359714002e-06,0.908291802940843,1.21684746447086e-05,6
"19859",0.013675600614793,0.193371039278598,1.2838149827358e-08,5.90189018935094e-09,0.000392398936209654,0.792556346416606,4.59601375251867e-06,6
"19861",0.00893747585216268,0.127064991359093,0.837472080206527,2.31019833858277e-22,1.79715687344356e-07,0.026525272866516,1.4777315436217e-14,3
"19863",0.0265108054439587,1.83554404085179e-46,0.973489111610796,2.89368336820821e-50,1.97078055635742e-14,6.17293522901288e-21,8.29452250498625e-08,3
"19865",0.00172716919256346,1.32949269586334e-09,2.39937465958934e-08,1.78590364420361e-19,2.97737176204226e-09,3.59064341504833e-07,0.998272443442484,7
"19867",0.0201157526236146,0.000316558851955998,0.0411636050095034,1.61020735299521e-13,4.63746538461229e-06,0.93839944604938,1.06501813026147e-28,6
"19869",0.000837347621890632,7.80004983316101e-13,0.999162646331489,5.27329241892948e-39,6.32801404634304e-16,5.89042796677407e-09,1.55411914715733e-10,3
"19871",0.004361135517073,0.55107535017141,6.13251880988075e-12,1.55815870705478e-06,7.67280581172276e-05,0.440861374468991,0.00362385361957006,2
"19874",0.00696248056823141,0.991267301543072,3.64627862609774e-08,1.87727248568446e-19,2.68366374678944e-06,0.000960140918984083,0.000807356843179339,2
"19876",3.72602410245249e-05,0.999465608270907,0.000423807559654824,4.08810541792302e-24,1.81808200802092e-11,5.33540637513018e-05,1.99698464813814e-05,2
"19878",0.471230738017033,8.53788846802087e-49,2.41397676497253e-15,7.92221530098214e-09,0.0170665725774788,0.511702681483271,1.27975713851598e-25,6
"19880",0.000162314938150273,1.2261460881521e-11,3.20568505276279e-08,1.75374198639261e-30,6.37796276611015e-13,3.88646967363325e-11,0.999837652953235,7
"19882",0.00412031626647711,1.70009841817373e-09,0.995030143730398,2.39165926856876e-29,3.92075699641406e-12,0.000849538299105183,2.07859765568242e-17,3
"19885",0.00233831718748331,0.469539186081884,0.000237850509553128,7.40974528073921e-05,0.000234754179546818,0.527575232443729,5.62144995802119e-07,6
"19907",0.0117196357202937,2.06976361457823e-06,0.829215351033555,3.09752293761572e-20,1.0392115191469e-09,0.159062942443325,1.03895092874205e-23,3
"19909",0.000962308012377255,3.31916743910626e-29,2.09179549452876e-13,0.939378547328876,0.0101608089371011,0.0494983357214368,1.26411868658752e-24,4
"19911",0.0254757810855678,1.52438911878706e-28,5.08822567719835e-23,0.913207730576643,0.0567312495135332,0.00458522947025983,9.35399563656100e-09,4
"19913",0.00113093856101938,6.44989065565009e-27,3.51586895447599e-17,5.89058067743892e-28,1.89611695963577e-09,2.85593372912164e-17,0.998869059542864,7
"19915",0.000598814557846242,0.0097555664721446,1.46028377675362e-10,3.01680171730093e-18,9.62767323162408e-08,0.000913141679834746,0.988732380867414,7
"19917",0.00108155767563872,7.84705913598218e-09,9.16582432799852e-12,1.23115853394957e-13,0.000637861711926448,9.03747393555502e-05,0.998190198016731,7
"19919",0.00171649438396769,0.669838642578284,8.56611656221666e-10,3.09452387551443e-11,0.000123476519123151,0.0896843027038956,0.238637082927173,2
"19921",0.000409312505862766,0.928779263537463,0.000965072355332773,2.76362170879529e-13,1.75917300373664e-06,0.0698445924280593,2.09416219843073e-15,2
"19923",0.00502787894096187,1.84628648973796e-20,1.67234333543195e-13,2.28719932874243e-11,0.0232274818490311,0.971744639186968,2.57008664256806e-34,6
"19925",0.00101674269734969,2.90532193461116e-05,4.41587018976854e-11,4.65041141057878e-17,3.30680420166869e-07,0.000152643083816692,0.998801230274909,7
"19927",0.00230708718374718,0.505460759943061,0.000289275379354142,1.04501053949047e-12,1.93205414028667e-05,0.491923556951147,2.42712028749644e-13,2
"19929",0.0973247872061502,7.79098027566169e-30,0.901883153875802,8.81319674233601e-44,1.35828963429588e-13,4.72854613006193e-21,0.000792058917912451,3
"19931",0.00168367888425728,9.67038176448872e-06,1.9566642168733e-08,6.48285429288418e-07,0.00672356790153812,0.99158241498033,3.82075635129282e-14,6
"19933",0.000241983475066499,2.00602146012626e-12,3.52051525879467e-19,0.486192565193267,0.0392045425807038,0.474360908748006,9.50639728791413e-13,4
"19935",0.026513971972912,3.73543454186065e-12,0.00132432830893937,0.00066592922046404,0.0131414222455817,0.958354348247746,6.21372857768262e-13,6
"19937",0.0016500969788789,0.811495352650255,2.6478676722302e-09,4.4873002769944e-11,9.36839174778754e-05,0.186760863760648,3.5471126273907e-19,2
"19939",0.026374363532765,0.000167643149843884,1.21438678881115e-06,1.87077753532166e-13,1.10336682111271e-05,0.973445745149184,1.13019629475936e-10,6
"19941",0.00208975393240234,6.24423167135402e-37,2.31252272880097e-20,0.0358241156564249,0.962071646387438,9.98635694767295e-06,4.49766678677452e-06,5
"19943",0.00298384515093936,1.05171734194075e-08,2.19379293083336e-14,1.4708617712163e-22,2.95705679155282e-09,5.45854818424386e-09,0.99701613591626,7
"19945",3.38092025293765e-07,8.52203107794699e-15,6.01508592539419e-22,0.62891691254335,0.0234837178697811,0.347599031494823,1.20264808868752e-14,4
"19947",0.999999009030689,5.94273273376191e-39,6.02567340622357e-15,2.73298279509542e-13,1.64303935800337e-08,7.4065936240673e-07,2.33879275493902e-07,1
"19949",0.00605718848191734,6.61502847414712e-17,6.50993647700057e-16,2.91724837065675e-05,0.0184585015496387,0.975455137484737,1.41232027376806e-33,6
"19951",0.0344294883004185,2.5205931044788e-13,4.36738022940112e-09,1.3767588040459e-11,0.0349306852053521,0.372734669413781,0.557905152699049,7
"19953",0.00935006864459186,2.17908737341034e-52,3.45759980476756e-55,0.000216259561454688,0.990433666837862,4.95609175485372e-09,8.6822031013489e-65,5
"19955",0.00048307926233998,4.4513028531036e-43,2.48884298306369e-23,0.00140932985855344,0.932563772430007,0.0655438184490993,2.44090984610009e-43,5
"19957",0.997006367236001,1.84797583070961e-09,5.53515918542403e-21,1.26639690174543e-12,0.0022483882570029,0.000737878774391986,7.36388336156097e-06,1
"19960",0.95135692263773,3.96385783253199e-48,4.62854459986446e-18,0.00117279934440222,3.95489391379335e-05,0.0474307290787303,4.76055921355423e-18,1
"19963",0.683547993088297,1.12285484641576e-63,2.59622775810506e-52,2.58448132516592e-30,0.316452006911703,5.13572698582963e-28,2.03984919167896e-24,1
"19965",2.81700353226621e-05,2.28716158767637e-73,1.01672848222727e-19,0.00300013471838857,0.641483250081113,0.355488445165176,7.45599328565539e-40,5
"19968",0.932858693196288,1.8809975142794e-25,0.0561594941370119,6.70734634140786e-14,1.59738277438407e-09,8.57427268071491e-08,0.0109817253265239,1
"19971",0.999858971484674,1.02962971659916e-85,1.24174979347109e-46,3.01427247745034e-24,0.00014102822958889,9.63171748440077e-20,2.85736695126e-10,1
"19973",6.55245919582428e-05,0.988226537142048,0.000436872715257511,3.51408656907571e-12,3.89663969825789e-07,0.0109433868772378,0.000327289006014122,2
"19975",0.0571495604930571,6.24534794628436e-09,6.22321745423958e-05,6.68940364095581e-14,2.10280146003679e-06,0.000989841287565925,0.94179625699796,7
"19977",0.999956697697734,1.74764726423585e-60,1.09410484277859e-23,5.24366611741525e-31,4.28716988226585e-05,1.12864980445219e-12,4.30602314358261e-07,1
"19979",2.03897706631093e-05,3.29089731092217e-76,1.48880086170285e-52,0.96289568319438,0.0370682719317171,1.56551032392686e-05,5.1826100885888e-27,4
"19981",0.00100407132725997,3.6958550322211e-08,8.56268112055764e-05,5.31486031921158e-05,0.00101996550436611,0.997837150795343,8.33725734525033e-14,6
"19983",0.00696602025510476,1.48377451639673e-06,1.4478247770043e-05,1.10690975045488e-08,5.43427995100214e-06,0.99301257237356,2.30995428106367e-18,6
"19985",0.00139658660908979,0.597935808711765,0.000117775162344972,1.09644520099297e-21,2.46897509523954e-09,0.000535720709151532,0.400014106338673,2
"19987",0.14155091637844,0.00121416423074924,1.30533776741707e-12,0.0144245879388275,0.00169994943910911,0.837129687215077,0.00398069479649262,6
"19989",3.8392492251148e-06,1.75740930981282e-60,1.33389718582004e-45,0.976009725769928,0.0239373855435437,4.90494373033406e-05,6.3856603466838e-52,4
"19993",0.0131047865530888,8.1276581284586e-22,1.86470125499642e-16,0.000108632442484727,0.00656911965201563,0.980217323076517,1.3827589411584e-07,6
"19995",0.00192640271961714,7.82134961100604e-20,2.9969332292391e-13,0.0582371032613188,0.217069880811609,0.722766610302693,2.90446205069712e-09,6
"19997",0.000297370323022538,0.931263654131877,5.09296367714961e-05,1.8939301434433e-14,7.10642659144433e-05,0.0683146122124349,2.36942996096147e-06,2
"19999",0.00073063054646066,0.00116495436979175,0.000439490017660988,4.07178279935949e-23,1.14984432364455e-10,0.000559879206576308,0.997105045744526,7
"20002",0.999999968087041,1.29311775100495e-59,1.91716114242873e-10,2.16188158106166e-32,3.17208604421349e-08,6.62221025412447e-26,3.82685099514412e-13,1
"20004",0.107056767581098,1.65036159921405e-24,1.58873794188561e-11,0.88505643590777,0.00444493188066514,0.00344186461448322,9.56301224837639e-14,4
"20006",0.992336018074841,6.95975498548308e-53,5.42072035989181e-21,1.42562276320353e-09,9.32367281115971e-06,0.00765465682672549,3.28057573802985e-21,1
"20008",6.87568215495772e-05,2.68107414064409e-55,3.34803575757238e-22,4.8502012341324e-08,0.999129757093112,0.000801437583326073,1.75519411040046e-26,5
"20010",0.000437516455512923,4.19310922838799e-20,1.04742991367577e-29,0.518475771652117,0.0440545635047018,0.437032148387668,9.78824489396117e-25,4
"20012",0.46675071025917,1.2708902699315e-22,0.0509783597858148,4.65743025376187e-26,7.21901888220858e-10,0.000641808324768615,0.481629120908345,7
"20015",0.00178569418053632,5.80225335087679e-72,1.3054468568372e-19,0.973850565944134,0.0229977684670943,0.00136597140823585,2.19564100746942e-35,4
"20017",0.000109138878553973,0.983769944469791,0.0124914121134207,5.73515731099179e-19,1.2911067317441e-11,0.00358994849728104,3.9556028041989e-05,2
"20019",0.000214175352689112,3.62078495963551e-101,5.21569552322124e-60,0.951693038993604,0.0480911281439531,1.65750975336237e-06,2.6035370072788e-48,4
"20022",0.0003287270643427,1.04833872771836e-21,2.06039717574368e-26,0.690444510481939,0.0150455245849404,0.294181237868778,4.42168919787503e-22,4
"20024",0.971835333348599,2.52113544857122e-98,6.41830523370567e-61,6.70468992763188e-07,0.0281639961824039,4.66888740915396e-15,1.68256043910738e-86,1
"20026",0.971835333348599,2.52113544857122e-98,6.41830523370567e-61,6.70468992763188e-07,0.0281639961824039,4.66888740915396e-15,1.68256043910738e-86,1
"20028",0.000184326015627192,0.998356628481116,8.84813390968525e-06,2.01735739769572e-20,5.37234971482071e-08,0.000493669018962174,0.000956474626887855,2
"20030",0.0118331023238263,1.45347389511498e-54,2.11687297778513e-23,0.926681953113482,0.0614821301791162,2.81438357523483e-06,4.72126740490964e-18,4
"20033",0.00739811099646565,3.18017092807507e-05,1.93802355165425e-08,8.86843036391051e-10,0.000370783981565336,0.186663590748215,0.805535692297395,7
"20035",0.0458061039797606,1.52453879127589e-99,3.5072919236598e-55,0.828164534421134,0.126019184492428,1.01771066769926e-05,6.92321061302185e-55,4
"20037",1.22117853378434e-06,8.96742495325772e-96,8.89820024135411e-42,0.980617327442339,0.0189497340077343,0.000431717371392768,6.38677478046052e-54,4
"20039",0.733971469461238,1.21712811738808e-112,1.44267660239116e-83,1.19562464599927e-16,0.266028530538762,2.00582473286361e-21,2.88975245641034e-129,1
"20041",0.0255210345187946,8.68084980301063e-26,3.08273587759691e-18,4.47175621326156e-11,0.000489088785999726,0.973989876650488,1.00989388914801e-21,6
"20044",0.739714061561616,3.20736839146489e-34,7.39576915902595e-22,1.22245065335605e-11,0.000283457726926574,0.260002480699233,2.03379170969378e-18,1
"20047",2.27991297594879e-06,7.65417358189279e-113,3.2277901826239e-73,0.795386600176223,0.204611117946432,1.96436941937822e-09,2.93331779039744e-42,4
"20050",0.00196952733607986,8.29329636600782e-37,5.84429839840237e-49,0.00125060489051562,0.958491942606225,0.0382879251671793,1.77188702539469e-26,5
"20052",0.000116759441062366,0.00367381576082532,4.76259069329715e-18,0.000149600328414441,0.126738878286792,0.836028458222633,0.0332924879602737,6
"20054",0.0143056532490114,1.60904110523793e-41,3.66929826980753e-12,0.824631710772346,0.0381177147039222,0.122944921271051,2.33347546464077e-20,4
"20056",0.07848309663603,8.24233470986579e-21,2.52509148108875e-19,1.23544039565776e-12,0.000238939651805936,7.27513485488439e-09,0.921277956435794,7
"20058",6.96450595914827e-05,1.33643147178643e-62,2.34989715591517e-36,0.97965316555582,0.0201927484763954,8.44409081925866e-05,9.63065048411124e-59,4
"20060",0.0140846472398242,0.0280345811581298,3.66555873975694e-06,1.87518238673752e-09,4.9082229680643e-06,0.95787219592901,1.61455054810995e-11,6
"20062",0.000898777981196545,3.99116678325832e-05,2.03814007686474e-05,4.8539028006069e-07,0.00780204629144422,0.991238392969274,4.29920423528195e-09,6
"20064",8.24647113617622e-06,1.38894329547036e-15,2.2130497771282e-21,0.794733300929602,0.011163256014676,0.194095110525148,8.60594362871758e-08,4
"20066",0.0570217903361108,1.61120190492953e-86,1.87435534792346e-34,0.918155140609935,0.0248229360122594,1.33041695077468e-07,1.80951906493147e-27,4
"20068",0.00216067181057932,0.433768750081044,0.123638036924452,3.51801425236135e-16,2.18370312456196e-08,0.440432519346833,6.01009430398361e-14,6
"20070",0.00411447275060862,0.00159191357657888,3.17394711438389e-08,1.58585716879565e-14,0.0195593942079639,0.974734187725362,6.29734499084423e-24,6
"20072",0.324039684865299,2.71761074656094e-67,1.44094090406141e-09,0.0174131028324428,0.591017318381352,0.0675298924799647,5.31308302492718e-49,5
"20074",0.0052366218612293,8.21757069473514e-29,2.22274657630352e-06,9.70827095048963e-41,2.18337494813871e-13,7.47030722498511e-19,0.994761155391976,7
"20076",0.836570151903468,6.98685679141787e-20,0.108823355109446,3.10207179306746e-11,9.84891705392883e-06,0.000238852754577263,0.0543577912844343,1
"20078",3.08958712262046e-07,1.88665900949391e-23,1.82014783461184e-25,0.826661911851344,0.057219707986118,0.116118071203821,5.39329947012131e-15,4
"20080",1.93962076979672e-06,5.20740360698118e-75,1.45584626251794e-56,0.992326021164234,0.00716056067279388,0.000511478542202196,4.43066275549598e-34,4
"20082",0.000346801463490591,4.40325498823166e-67,5.3229549987504e-86,2.01441783300272e-06,0.999651184118641,3.51173752099472e-14,5.01504857955846e-71,5
"20084",1.4728460828761e-05,5.01907566767543e-28,2.3188105131628e-40,0.675909602463393,0.323545140699723,0.000530444884769489,8.34912852917796e-08,4
"20087",5.04568732012986e-06,1.62259153692417e-29,5.87277241580439e-14,0.340821259698935,0.158591878946781,0.500581815666905,3.37923905540361e-31,6
"20090",6.76920161084915e-05,3.80574486235019e-74,1.05214960607341e-54,0.969089241378463,0.0249714373301485,0.00587162927528027,5.67389306438809e-37,4
"20092",0.100457830880369,2.49169812913208e-38,1.60566244492049e-24,1.71700356023803e-12,0.899514784630683,2.73844872301698e-05,1.16638992471724e-80,5
"20096",0.00225240990965396,7.79516801355885e-17,7.01263611348044e-33,5.52815938698155e-10,0.997391177094776,0.000356412442753678,4.98500834775623e-24,5
"20098",0.0110796830653005,0.0113332123731394,3.18066891652924e-09,7.63078878949679e-12,5.94731357058867e-05,0.190437353354899,0.787090274882656,7
"20101",2.42958066169021e-07,6.73419972864824e-58,2.96021869664893e-48,0.923647448305346,0.0600950216794917,0.0162572870563236,7.72656789434464e-13,4
"20104",0.999994375801612,2.72951430399536e-27,5.96753387795365e-18,2.3073566691081e-37,5.62419635876136e-06,2.02909857911094e-12,2.81405601230439e-58,1
"20106",0.000202690774157696,5.18635631811465e-39,2.13553291814703e-28,0.853104469771406,0.00651249996816716,0.140180339484427,1.84284251182625e-12,4
"20108",0.0044903192285723,0.05678770663258,0.000888946739154585,2.47891647904559e-08,0.00138867794677756,0.936399715833925,4.46088298257899e-05,6
"20110",0.19848031820113,8.87783001514784e-15,2.73434327254178e-34,1.26157033186096e-10,0.786491348078108,0.0150283271820658,6.41252988306002e-09,5
"20112",5.35796955987245e-06,5.131955979433e-37,1.4373993542552e-31,0.0572471395858069,0.0476337390653404,0.895113763379293,3.68114728101828e-21,6
"20114",0.00402610603838981,4.1550508136386e-19,1.08912813871921e-31,0.894984370011001,0.0996073752086266,0.00135518644845621,2.6962293526356e-05,4
"20116",0.00917431328950087,4.12537761097048e-29,4.3066214730009e-15,0.757755127325081,0.15228621585187,0.0807233131564899,6.10303770538029e-05,4
"20118",0.000334404061143805,0.000269388416509468,1.1292640292899e-15,0.021394133922465,0.0305911180149117,0.940664593944018,0.00674636164095063,6
"20120",0.213364954761454,2.58231998714097e-34,1.66135327267369e-49,0.503353906836953,0.206022988237578,0.0772581501637417,2.73950658286619e-13,4
"20122",0.00109582021812957,1.00655038930406e-11,9.10695873636055e-10,1.14314208017008e-18,1.44512070526729e-09,1.68581846892932e-08,0.998904160557804,7
"20124",1.8731994870739e-07,3.35834853933023e-70,3.78845870333377e-41,0.839446978972048,0.149136550357962,0.0114162833500413,1.77990716054871e-45,4
"20126",0.849166436617606,1.26695715393964e-103,6.35333730370573e-73,2.18833960892196e-14,0.150833563382372,5.354900163504e-20,1.58215284696367e-85,1
"20128",3.15427492961104e-05,5.08272099686845e-158,1.3782719149545e-91,6.18933096226902e-06,0.999962267919742,6.29569780363296e-19,1.59581959894282e-89,5
"20141",0.999996688110331,1.04897305162822e-14,7.18485182581468e-23,9.63185263090977e-23,3.10978305781684e-06,2.02106600738889e-07,5.79873502083948e-30,1
"20143",0.723305473141297,4.84744488906443e-45,7.83353284909917e-16,2.69947934401254e-34,1.16577253058023e-10,2.1398649322116e-16,0.276694526742125,1
"20145",8.01366710254624e-05,7.11291857593156e-21,8.43672362783847e-34,0.875041075085143,0.0119043473945317,0.1129744408493,3.48415011984928e-18,4
"20147",7.46071639992825e-07,5.37095310662308e-27,1.15601082425613e-24,0.580494220460712,0.00758519081248353,0.411919842655163,1.20618839047044e-15,4
"20149",0.00547334972722426,1.93493234999672e-09,2.15935617083645e-09,4.31963128562598e-24,1.86298159812261e-08,3.81928581488343e-09,0.994526623729385,7
"20151",0.00124387784174378,0.603781774987482,1.13482644771099e-07,1.75468840444537e-10,8.12012825347148e-05,0.112497493767934,0.282395538462192,2
"20153",0.507795283730857,1.74270925328981e-10,4.82934687699705e-33,7.49776619391358e-11,0.224832475568447,0.011587548663605,0.255784691787842,1
"20155",0.000260771246869761,5.99918671381352e-48,1.3802270124217e-26,0.0647781496685552,0.00768055755476412,0.927280521529811,3.27972448382368e-24,6
"20157",0.131143606086066,0.0572265696855578,1.39536790851028e-10,1.0585397945473e-12,2.54775773822216e-06,0.0227213395548235,0.788905936775219,7
"20160",0.000312688052198868,3.88499886192186e-23,1.01774255739847e-14,1.27874852259597e-29,2.42597610544602e-11,1.95514260151808e-16,0.999687311923531,7
"20162",0.000229671471872292,1.70281177198687e-06,7.04035668810528e-08,2.82386017175322e-27,9.95078254650472e-12,3.21358246384452e-09,0.999768552089256,7
"20164",0.069244080370468,6.05620075860093e-14,3.48685293445896e-14,9.90131738037358e-16,0.000698232017218281,0.000591648439565178,0.929466039172652,7
"20166",0.929628963228853,2.13146438628075e-80,2.14154171018686e-18,0.0110538961176821,0.0593171217602288,1.88932348100085e-08,7.98106957239712e-16,1
"20168",0.999957960887664,6.63327233308742e-78,3.96682051766271e-05,1.28539988971081e-21,2.37090715976074e-06,1.87626748538158e-20,3.29899057607402e-27,1
"20170",0.0042384173948333,0.000978337305934271,5.27476992493717e-17,2.59806221422787e-12,1.9682355546431e-05,0.00252711052499298,0.992236452416095,7
"20172",0.000195777919282954,4.18278058122343e-26,2.80098492785433e-26,0.850356652626225,0.0133646406796801,0.136082928774812,3.20168622328278e-34,4
"20174",0.000696888242383179,0.0446401005521039,0.954293306489893,3.8597580932718e-28,1.36721948002027e-13,2.35344599676331e-05,0.000346170255515592,3
"20176",0.888503504456917,1.38670663440182e-58,0.103007111059332,1.68542992620941e-23,0.00848938258113848,1.90261253599955e-09,8.73752807108937e-24,1
"20178",0.000868698319781951,1.38779430705013e-25,2.664667121779e-16,4.03391936320663e-30,2.50639600709229e-11,1.79105392090182e-17,0.999131301655154,7
"20181",0.0443179586930322,1.40858687070801e-57,2.59886633635821e-29,0.932992156923243,0.0226826165310836,7.26752429951578e-06,3.28341786237394e-10,4
"20183",0.0288210089000633,0.0146110410313965,7.93597964642022e-12,3.24940564276198e-06,0.0018051168303813,0.95475958382458,9.77146788732026e-21,6
"20186",0.208134960789857,3.91214429940095e-16,2.03815253331169e-06,2.78347455186616e-08,0.0034696368131339,0.788393336409729,1.82084565508623e-55,6
"20188",0.000920377019246985,4.7767846723343e-19,8.03505473105028e-15,3.32706412805941e-28,2.23884400599705e-10,9.4968268703515e-13,0.999079622755911,7
"20190",0.000163247421249114,1.89914638988797e-63,6.29118592969665e-31,0.992788385970017,0.00524293152461232,0.00180543508412151,5.57700616041082e-27,4
"20193",0.960798346052897,1.14180448228197e-75,3.01026970512198e-09,1.68414347329756e-25,0.0390421349441786,2.5275324388485e-15,0.000159515992652641,1
"20195",0.00793507142303104,1.98380800966132e-17,1.02559740145462e-13,3.11869474701234e-11,0.027598517305417,0.128451781639415,0.836014629600848,7
"20197",2.83465611224083e-07,3.86019383577248e-32,1.06368906974138e-24,0.406480013157392,0.00659165920647911,0.586928044170518,2.88684535813001e-25,6
"20199",0.00468087419504695,1.46597073008027e-07,2.01896973246596e-15,2.03143176990457e-21,9.73076186821299e-08,2.25533162604987e-05,0.995296328583999,7
"20205",0.00469604390841188,1.02536178903272e-60,9.3850367010814e-72,4.8025718777926e-14,0.995303956078236,1.33038471262378e-11,1.05509010616785e-82,5
"20208",0.0109174849541594,8.7575091844245e-08,8.63094919217099e-08,4.1399935548976e-10,0.00212830246428863,0.980793315795953,0.00616072248701594,6
"20210",0.000261302637826381,1.75971364516211e-07,6.46143728148046e-10,2.97284510508992e-24,2.3099928794242e-10,2.23264926673213e-07,0.99973829724874,7
"20212",0.00997253191912514,2.75074682595508e-08,3.63747041726471e-10,1.38386455095866e-15,0.000179239003273835,0.00675246307590366,0.983095738130481,7
"20216",0.0486316403033149,9.9483526284057e-31,4.81037628975884e-26,0.90873389615892,0.00118074415662088,0.041453719381141,3.32382795191245e-15,4
"20219",3.72919975729527e-06,2.68289375688329e-30,6.21794994236469e-53,0.629213425616608,0.370156415971624,0.000626429212010799,1.25057927209476e-25,4
"20223",0.0167310619020593,3.00715863949354e-124,1.37671555688053e-23,3.55422689099001e-05,0.983233369964052,2.58649790682563e-08,1.64341839006213e-71,5
"20226",0.0126893540220539,2.83947050187045e-19,1.25527266610641e-17,4.49805122610523e-08,0.00144920240267554,0.985861398499427,9.53309331851812e-11,6
"20230",5.77722936093735e-06,6.38220361125511e-76,1.9890849973398e-37,0.975548870840591,0.0240840730936568,0.000361278836391228,8.67977530941351e-37,4
"20233",0.991319925881707,8.96896328627435e-37,3.17515677679648e-59,9.39254913513334e-38,0.00868007411829328,1.04522759791444e-19,4.4555298068495e-64,1
"20235",4.37528340152853e-05,4.63614343108728e-82,1.02687480394437e-30,1.59817151962962e-06,0.999575416208216,0.000379232786249459,4.50893883193546e-68,5
"20239",0.0594438413704817,1.39769789560084e-37,2.75777430326412e-10,0.0314853281959987,0.630523495657453,0.278547334500289,1.64005292338068e-35,5
"20254",0.00183314916528472,3.13854260354395e-81,2.43628738200055e-96,6.75996297093132e-06,0.998160090871694,5.01201983674538e-14,3.16831169969955e-71,5
"20256",6.79543417098764e-06,1.8322122530244e-54,2.65515956539438e-26,0.91024555241363,0.0482699613504418,0.041477690801757,1.32482212529545e-45,4
"20262",0.000454793804275355,0.0103862320013098,1.42242611994289e-11,3.24312576839891e-13,1.69091817722355e-07,0.000869989040652494,0.988288816047396,7
"20270",0.0415916132876622,5.62043354589767e-46,2.26404696091292e-15,2.28919687376847e-05,0.958357980067339,2.75146762548482e-05,4.01129702571127e-15,5
"20284",0.791565284355499,6.39992748979792e-11,6.03200175042595e-32,6.99965021187268e-09,0.196353436946637,0.012081271634215,5.42436207472848e-35,1
"20287",0.000150918461418457,1.74804151323239e-108,1.34398346866029e-35,0.911117853640355,0.0887088776294518,2.23502687745077e-05,1.07710544694637e-56,4
"20290",0.957190007140434,2.88124725237641e-36,4.49259769593074e-64,1.43774503022789e-11,0.0428098822356487,1.1060954022485e-07,4.5906906933924e-37,1
"20293",0.000177601950205527,7.34721062577115e-16,4.19227523941875e-26,0.767200657293105,0.0349496395128709,0.197672101243818,1.01510303695192e-18,4
"20296",0.340466334252923,1.14484672795687e-07,0.263356979735504,2.81662260187234e-06,0.000480703503778959,0.0199673720236587,0.375725679376861,7
"20301",0.000198983178355878,7.54563889790266e-142,4.33632268519009e-52,0.00506062897511095,0.994740386976672,8.69861515908484e-10,4.75323809558154e-30,5
"20304",0.0113297942479277,1.57067824093474e-60,1.54244324384801e-80,2.314335124625e-06,0.988667891416865,8.29669295737998e-14,5.10718675259477e-72,5
"20306",3.90876425978261e-07,5.05535767385712e-70,7.47990769364224e-44,0.943396124106634,0.0564801637353788,0.000123321281561244,2.76406748291849e-52,4
"20309",0.00181291842774867,5.59831081949226e-21,5.64993744080949e-21,0.000542241450241484,0.0114841719640467,0.986160668157963,7.90071297276141e-18,6
"20311",0.000141238129073703,1.14243005686298e-36,2.63275289862619e-28,0.895045359904044,0.104097042769404,0.000716359197476124,2.41824391905271e-15,4
"20314",0.00116811044181417,0.583440077104013,2.67925247266385e-13,1.7181629154084e-06,0.00139415654393752,0.257219444380338,0.156776493366714,2
"20318",0.706029592873772,1.08317009198446e-39,1.56552468004471e-17,7.84080992406733e-20,1.5860933503512e-06,1.46645105291278e-15,0.293968821032877,1
"20320",0.49160213661965,5.4186653798349e-14,4.11849133822422e-12,1.56244725559915e-14,0.000305296481721913,0.50809256689444,6.72731865124509e-19,6
"20326",0.000946081084259459,0.0744860218918965,1.59882386472498e-14,2.89452108480078e-06,0.0346193157874729,0.876357100073751,0.013588586641519,6
"20328",0.106676553203726,4.50734845391352e-12,1.82013877254686e-09,3.54357094313901e-11,0.00169275022513077,0.891630694711061,4.68967563893876e-38,6
"20330",0.02490268892181,5.34378546819059e-49,1.38425244823643e-26,0.0159332010899028,0.316229744720715,0.642934365267572,4.62213330779902e-34,6
"20336",0.239954498261998,1.83370788426444e-20,1.901203587658e-45,1.49510192970268e-05,0.759949416468014,8.11342506910733e-05,9.40513979504153e-53,5
"20338",6.21452356809641e-05,7.72347646383909e-40,3.58965064234596e-62,1.42549564462036e-06,0.999933899809405,2.52945926937506e-06,7.08802777115728e-32,5
"20340",0.000897522078163919,6.46009299906795e-79,3.37504811392366e-38,0.700620168746409,0.298400001294331,8.23078810962933e-05,1.67141966526797e-47,4
"20342",0.259108967152462,5.40650147898588e-92,2.73128803650125e-55,3.38400844182986e-31,0.740891032847538,1.28023278674705e-22,5.61395391850502e-55,5
"20344",4.54696908366667e-06,5.69353337063596e-41,1.35445781716926e-25,0.827878197572604,0.12700460753745,0.0451126479208628,6.1963325566647e-37,4
"20349",1.31669459842761e-06,1.77953580943812e-59,1.91348324037568e-31,0.973057516687351,0.0265882736112503,0.000352893006800852,8.80370730867878e-46,4
"20351",0.0919655963153378,2.02696936466754e-20,8.73125437927804e-29,0.00074882004536113,0.00191790394113949,0.905367679698161,8.88497527431562e-19,6
"20353",0.000464082502656942,1.29837997219303e-64,1.31599324965129e-42,0.0212241737682693,0.224099681144657,0.754212062584417,7.67325890581175e-39,6
"20357",0.193219110081007,1.31513983153383e-67,5.45197671534013e-71,1.08242026775536e-09,0.806780888782866,5.37058858458267e-11,5.88268321922359e-93,5
"20360",0.033699892204855,2.30047814439221e-90,2.79930478658859e-36,3.91796400901573e-24,0.966300107203106,5.92038591728475e-10,1.54159956892132e-68,5
"20364",0.00166175317819662,3.88205237525035e-22,1.76162398842703e-23,0.175692369631144,0.0117408587940408,0.810905018396618,1.55729286540092e-20,6
"20366",0.996514018464141,7.41298405376728e-30,1.38354736800679e-49,1.72071001010804e-13,0.00348594157734766,3.99583396048337e-08,4.92238647106369e-58,1
"20381",0.994951211350534,1.7307362941497e-21,0.00504661542168644,3.53286119332261e-37,2.17320808313792e-06,3.17926653770908e-12,1.65174504034992e-11,1
"20391",0.983244556047475,4.82677357803457e-40,2.00930419654681e-10,1.76788524886742e-10,0.0159304897048124,0.000824953869993952,2.44979819833334e-72,1
"20394",0.0048008205635511,0.00522670692728154,0.0695394801892668,2.29090502482918e-13,0.000556033398678235,0.919876958754921,1.66072521631171e-10,6
"20396",0.00134385947443516,1.23540689629424e-06,0.998389629629572,1.41556347482559e-36,1.18090248042946e-13,2.2180552685502e-06,0.00026305743370999,3
"20409",0.000789004035456628,7.52768978501925e-16,5.79170207426083e-23,0.053887394289812,0.934185497330849,0.0111087081063548,2.93962375266092e-05,5
"20411",9.1291342941559e-06,1.10747371957999e-48,6.07088046104649e-44,0.897597851849762,0.0901021179045313,0.0122909011114121,8.59558750773932e-58,4
"20416",0.00189338242180901,8.63222155922901e-133,3.88507549290605e-88,5.00089543964892e-06,0.998101616682751,5.52802317446948e-17,4.29650809129168e-115,5
"20418",0.000562761127107761,8.39296120642079e-08,0.982192219925026,3.03565104610671e-37,1.11305725491075e-15,2.8162149216844e-08,0.0172449068561035,3
"20420",0.999999394950602,3.52776890881091e-25,2.43609234435018e-46,5.37392438957975e-31,6.05048428015315e-07,9.69647705518535e-13,1.88699306800781e-53,1
"20422",0.281197510298597,7.23168529325984e-58,2.21572552013029e-32,0.690933674573535,0.0127828302465171,0.0150859848813505,1.83151074892241e-21,4
"20424",0.0014072243882613,3.78419642985727e-47,4.03602502441141e-39,0.606126702413438,0.156172390825027,0.236293682373274,1.46189380839886e-50,4
"20426",0.996665655342402,2.91989664455723e-75,1.02460164680419e-87,8.64943774661662e-33,0.00333434465759784,4.03223165335008e-25,2.58134901588529e-51,1
"20428",0.000779394673550237,1.56698278993185e-24,1.20799928322628e-05,0.00470112099874206,0.0379776089432096,0.956529795391666,3.3958291639257e-20,6
"20431",0.0229086451326278,2.70584897172876e-26,9.31024803921622e-24,2.88413301140501e-10,0.0422457865142793,0.934835810958782,9.75710589787484e-06,6
"20433",7.16959420135942e-05,5.616607469689e-114,2.54771175534508e-27,0.000292601191767527,0.999635541496025,1.61370193685583e-07,3.51731923588209e-43,5
"20436",0.99917518633729,4.46118949563948e-79,5.49442618501059e-05,1.41045222404281e-15,0.000769869098685946,3.02172937493645e-10,3.45954547620217e-25,1
"20439",0.0159390340683293,0.108628670015855,0.87535778478972,1.00764079987384e-27,5.1498658195523e-09,6.02519800463704e-05,1.42539961839404e-05,3
"20441",0.208615732892346,3.26765367847149e-52,3.12419196399389e-67,3.54865713896219e-13,0.791383155895913,1.11121138617169e-06,1.87684789406632e-54,5
"20444",0.00073984157261347,1.80558064443333e-13,2.53172298985431e-10,6.19407902406493e-30,6.30591800356676e-12,7.25979598827443e-14,0.999260158167655,7
"20448",0.220822139772452,1.90925505194958e-14,1.5273391374093e-18,1.00307942378838e-10,0.776290363258779,0.00288749540692333,1.4615182773673e-09,5
"20536",0.00249476795692279,2.52398805134524e-07,0.988249486885235,4.54230050540143e-20,2.79490436938993e-10,0.00925549247954715,1.6993631424393e-21,3
"20538",0.0124660609290895,1.09767092395842e-31,1.26722778610026e-40,0.000347653239943344,0.987185428909669,8.5692129788306e-07,9.25410313625466e-59,5
"20541",4.74550891166829e-06,1.54319948709304e-71,2.0652794864328e-65,0.980920921161609,0.0190348504058833,3.94829235965524e-05,1.89970888801833e-49,4
"20544",2.00286279052283e-05,5.11071573780249e-15,1.01579831186907e-14,0.0800529324512452,0.0762424675896293,0.84368457133081,3.94851040985204e-13,6
"20546",0.000751967853865658,5.73161533942923e-35,1.75452816373194e-33,0.953312047175231,0.0222657191629904,0.0236702658079134,3.49732356866475e-44,4
"20550",0.0917863645872052,2.93594198619736e-33,7.07114487488621e-19,1.13586529438654e-09,5.37740999795102e-05,0.90815986017695,1.77960013299287e-17,6
"20553",0.0372619643975678,1.24422304033255e-186,3.35042550171564e-117,2.45072071768343e-13,0.962738035602187,8.85490663894153e-32,9.74722431894515e-77,5
"20555",0.999472481571972,3.26036558331302e-37,1.06891940490813e-50,7.51530166971961e-32,0.000527518428007107,2.03985830449492e-14,1.48861010027943e-82,1
"20557",0.0128064275743179,3.30908513260693e-26,1.04453558323091e-28,2.96927010187803e-08,0.0256128365264527,0.961580706206528,1.06372685979174e-16,6
"20559",5.77593726993627e-06,1.27992530708716e-33,1.41277669680416e-27,0.883908778838376,0.0115766867972043,0.10450875842715,6.42831511355301e-18,4
"20561",0.00930687240433508,5.11064242602578e-05,2.60415315476588e-16,6.77632774626167e-11,1.58345324205318e-06,0.0092045412019055,0.981435896448494,7
"20564",0.000868698319781951,1.38779430705013e-25,2.664667121779e-16,4.03391936320663e-30,2.50639600709229e-11,1.79105392090182e-17,0.999131301655154,7
"20566",0.00786722479119858,3.39780027377395e-21,2.37070232082464e-08,0.191386499389888,0.0590879301491216,0.74165832195743,5.33811472065218e-12,6
"20569",0.00234511291578285,0.000272836194420673,0.000204003615049935,7.34766235488572e-21,3.49048701905973e-09,0.00146060830467411,0.995717435479585,7
"20572",0.0113205055464225,1.44936091327703e-10,1.05503956947565e-05,1.46593134915835e-21,1.46944090136672e-09,6.38137543272871e-07,0.988668304305962,7
"20574",8.81625546606499e-08,8.64354164798439e-46,2.35719376607911e-41,0.911363257508691,0.00688632232959494,0.0817503319991597,1.27833589408843e-20,4
"20576",0.000743951840888006,4.94825902685697e-21,2.51065259533065e-18,3.83773487126209e-22,1.96318719554483e-10,9.63677129608115e-12,0.999256047953157,7
"20578",0.000830366629482605,1.43038058047543e-12,3.25574099286137e-17,0.0312400871969203,0.00302683581685423,0.964902590889167,1.19466145317179e-07,6
"20580",4.94606967044565e-05,7.12049885376512e-14,1.73789944537524e-11,0.385395601432283,0.0658995009850206,0.54865543686839,1.52238229457488e-13,6
"20583",0.000419194163250679,8.12888958443666e-20,6.59826529862418e-17,1.58563087927723e-23,6.45460798122659e-11,2.33060597990496e-13,0.99958080577197,7
"20586",0.0084153852702288,6.69308861363015e-20,2.48320118947395e-18,0.767592825925746,0.0268318383563936,0.197159950447632,3.44110465360714e-31,4
"20589",2.3419186982397e-05,2.49052389101373e-60,3.62719213218484e-25,0.869518137750677,0.0225763695203875,0.107882073541952,3.63429104166388e-48,4
"20591",0.834614871302517,6.18096440207821e-17,3.63769936943233e-21,3.86443776044183e-19,0.000287990522510157,0.165097138174973,3.62288689279143e-40,1
"20593",1.55618871883607e-05,2.78635162087357e-121,3.05857446354857e-46,0.858929080393233,0.140981151420955,7.42062986238428e-05,4.27099074706829e-38,4
"20595",1.6684999677533e-05,9.11960029984693e-28,5.08827799982627e-27,0.686838077373106,0.0183273719468211,0.294817865680395,2.21822735366894e-16,4
"20597",0.000156472771415719,1.46435874058879e-17,0.999843527153132,6.11358281991181e-38,1.3765424349621e-16,7.54520977354242e-11,1.32750520618837e-30,3
"20599",0.000457978662987587,6.18383616568971e-27,3.36774207872866e-16,2.33586807396518e-28,1.96128805573912e-11,8.09014658709578e-17,0.999542021317399,7
"20601",0.00097694959410161,0.784108501986757,7.47124637602351e-07,3.50096661442214e-10,4.85349968759219e-05,0.214865263472162,2.47536944984369e-09,2
"20604",4.25190770077452e-05,7.31636485992203e-72,1.03030693143424e-41,0.988976148585061,0.0106244450769989,0.000356887260932833,3.27835993042719e-25,4
"20606",3.72038295807901e-06,4.61822281639586e-63,2.13393162547048e-35,0.988717708801987,0.00890442703023345,0.00237414378482137,9.85107247473222e-32,4
"20608",0.000153194674019607,2.20572736191706e-50,3.33851016098064e-18,0.452577269504372,0.0288394402384708,0.518430095583138,4.41238147655897e-23,6
"20610",0.0113914707057736,8.41536220083881e-27,6.8330363659422e-17,2.52727128562246e-21,1.84030629780541e-07,2.44457393477761e-07,0.988608100806203,7
"20612",0.998965345848388,3.65572920505721e-90,9.38335699856431e-28,7.33048584672626e-22,0.00103465415161236,7.04804029886378e-25,3.64268315141447e-69,1
"20614",0.000556055456610696,1.17052563781049e-07,5.89346050355953e-12,3.47407657921076e-23,2.96456708785438e-09,3.61382053865198e-07,0.999443463138311,7
