"","V1","V2","V3","best$classification"
"19812",0.0508188809664539,0.00911089168730785,0.940070227346238,3
"19814",0.906062322683614,0.00148180694361606,0.0924558703727702,1
"19816",3.34377761643034e-05,0.0120305139017201,0.987936048322116,3
"19818",0.355286550671077,0.00503037063736121,0.639683078691562,3
"19820",7.58516788471558e-21,0.0220251555037527,0.977974844496247,3
"19822",8.72622058470282e-22,0.943963961386004,0.0560360386139961,2
"19824",4.77377581857371e-08,0.518411328920666,0.481588623341576,2
"19826",0.183332701201704,0.0400703004080648,0.776596998390231,3
"19828",9.08582442964362e-11,0.00971619189488216,0.99028380801426,3
"19830",0.216167011325184,0.249543471426337,0.534289517248479,3
"19832",3.33266036625803e-08,0.614979228373492,0.385020738299904,2
"19834",5.2242557113299e-07,0.0177615740419318,0.982237903532497,3
"19836",0.000596367140381965,0.0247491762994169,0.974654456560201,3
"19838",0.959189712126515,0.00421390847154113,0.0365963794019438,1
"19840",2.25919807614361e-05,0.0499463907901434,0.950031017229095,3
"19842",0.653412561439377,0.346535582247176,5.18563134466523e-05,1
"19844",0.183007499392217,0.816992492359577,8.24820624571488e-09,2
"19846",0.99846739380093,0.00134392008581145,0.000188686113258682,1
"19848",0.995706793785656,0.00265359168232121,0.0016396145320227,1
"19850",0.990152092401419,0.00611255854063442,0.00373534905794632,1
"19852",0.0147433193539787,0.00630551940863079,0.978951161237391,3
"19854",0.988061665462236,0.00621812557447294,0.00572020896329078,1
"19856",0.118732543693936,0.880847969718916,0.000419486587148071,2
"19858",6.83688142322718e-05,0.99866376463828,0.00126786654748739,2
"19860",0.0171399751530846,0.0100168026154312,0.972843222231484,3
"19862",0.992699525331711,0.00662125440985147,0.000679220258436994,1
"19864",2.55110752503167e-09,0.999999997041027,4.07865385781464e-10,2
"19866",5.56692606442098e-07,0.354123831790355,0.645875611517038,3
"19868",1.3666903806624e-21,0.999999999991716,8.28389014236068e-12,2
"19870",0.962953147515965,0.00376126730199844,0.0332855851820364,1
"19873",0.318401669856203,0.0420859724987571,0.63951235764504,3
"19875",1.62751191387673e-08,0.0139779978136172,0.986021985911264,3
"19877",0.308967143930092,0.00562689134377976,0.685405964726128,3
"19879",0.00431736691714427,0.00799950829299467,0.987683124789861,3
"19881",0.100814953546683,0.0960399902546336,0.803145056198683,3
"19883",0.871600158528542,0.047559172707177,0.0808406687642815,1
"19899",1.12168974935686e-05,0.0456494061344917,0.954339376968015,3
"19908",1.39748829360392e-10,0.999999503464064,4.96396187006286e-07,2
"19910",0.0392406032111987,0.00485713451437112,0.95590226227443,3
"19912",0.922535579855265,0.0771853045231212,0.000279115621613983,1
"19914",0.00131149283763788,0.0206411914451331,0.978047315717229,3
"19916",7.06622732984806e-11,0.999669182514449,0.000330817414889173,2
"19918",0.976782777101094,0.00346081792231029,0.0197564049765958,1
"19920",0.996891993307765,0.0027378334924572,0.000370173199777774,1
"19922",2.12488953125934e-10,0.999167054665202,0.000832945122308738,2
"19924",0.274783148218132,0.00661488522807048,0.718601966553798,3
"19926",2.69660891615368e-07,0.083999938140063,0.915999792199045,3
"19928",3.21708183111924e-08,0.99999996782918,1.41128057224537e-15,2
"19930",0.874515485615914,0.00154250305593669,0.123942011328149,1
"19932",0.990560012305287,0.000620232713041029,0.00881975498167195,1
"19934",2.26573185974849e-06,0.0149285721566803,0.98506916211146,3
"19936",0.0484410527297884,0.0316580996147996,0.919900847655412,3
"19938",5.51814146321754e-11,0.250185116315269,0.74981488362955,3
"19940",0.168111784552827,0.0128632172928208,0.819024998154352,3
"19942",1.01698340967432e-05,0.999989826842554,3.32334889886137e-09,2
"19944",0.00293004861083353,0.0116056378525908,0.985464313536576,3
"19946",0.170331368325535,0.0167471265923696,0.812921505082095,3
"19948",0.00180102835568356,0.998198966383544,5.26077236999194e-09,2
"19950",0.996998179226422,0.00300164034696336,1.80426615165917e-07,1
"19952",0.00180102835568356,0.998198966383544,5.26077236999194e-09,2
"19954",0.967217882405452,0.000669273519035332,0.0321128440755129,1
"19956",0.235112241384189,0.764886614518151,1.14409765964525e-06,2
"19958",1.91729375063734e-18,0.999999999978439,2.15612523458167e-11,2
"19962",0.0139503609035337,0.726490169458112,0.259559469638354,2
"19964",0.0111491646591197,0.0763328795211788,0.912517955819702,3
"19966",1.17329620885738e-14,0.439374330334713,0.560625669665275,3
"19969",0.696800538844523,0.05113765315516,0.252061808000317,1
"19972",0.96565033747234,0.0320658360825237,0.00228382644513657,1
"19974",0.996432489773168,0.00356747654137946,3.36854528306322e-08,1
"19976",0.560064038409552,0.0126040180506774,0.427331943539771,1
"19978",0.00236059340299033,0.00926402481307476,0.988375381783935,3
"19980",0.999041695813602,0.000671389431088842,0.000286914755309574,1
"19982",0.933422801043521,0.0607489719218048,0.0058282270346745,1
"19984",0.981578002476677,0.018420197840852,1.79968247083467e-06,1
"19986",6.04536716040285e-16,0.0622467840978038,0.937753215902196,3
"19988",3.0409570853768e-22,0.0734023121212074,0.926597687878792,3
"19992",8.69917779202638e-15,0.041755169251,0.958244830748991,3
"19994",0.769004618845228,0.00219689733570373,0.228798483819068,1
"19996",1.10648383278993e-13,0.00845684450174631,0.991543155498143,3
"19998",9.75720935078047e-05,0.992788917754731,0.00711351015176127,2
"20000",0.0001590593092741,0.997941059812844,0.00189988087788195,2
"20003",0.0505199325985865,0.0140284241819698,0.935451643219444,3
"20005",0.968287826427234,0.02999391986708,0.00171825370568587,1
"20007",0.000183403026085639,0.0253048335142553,0.974511763459659,3
"20009",2.96840952106855e-11,0.857529899081417,0.142470100888899,2
"20011",0.869736066177183,0.0533048264925086,0.0769591073303088,1
"20013",0.889163921890454,0.0035939967141705,0.107242081395375,1
"20016",7.64809399536402e-15,0.616784375836054,0.383215624163939,2
"20018",4.45439269474625e-42,0.99999999730907,2.69092982694502e-09,2
"20021",9.45869601209467e-08,0.0136174820993122,0.986382423313728,3
"20023",0.000242996082242151,0.0383273217586591,0.961429682159099,3
"20025",2.79777534864579e-25,0.998329543305802,0.00167045669419815,2
"20027",0.898765462839297,0.0641402928515794,0.0370942443091238,1
"20029",0.850761142072248,0.114565770068363,0.0346730878593891,1
"20032",0.957224157116519,0.00673914597979195,0.0360366969036887,1
"20034",0.00341754842675622,0.996580989348529,1.46222471484052e-06,2
"20036",0.0269725930434726,0.915942176257656,0.0570852306988713,2
"20038",5.63229862256327e-14,0.0193668081483044,0.980633191851639,3
"20040",5.82929404543246e-21,0.999665518853186,0.000334481146814156,2
"20043",2.46354954915483e-09,0.022146986915491,0.97785301062096,3
"20045",1.11863209906951e-21,0.406690006643502,0.593309993356498,3
"20048",0.685378628180897,0.314621366311119,5.50798354466169e-09,1
"20051",0.000296377017736605,0.126617711302615,0.873085911679648,3
"20053",6.39535016874055e-05,0.118161249887534,0.881774796610778,3
"20055",2.90175916969488e-13,0.118102646178982,0.881897353820728,3
"20057",4.80805557952011e-27,1,7.497504718226e-22,2
"20059",5.279421735394e-07,0.221923729634762,0.778075742423064,3
"20061",0.000140987604485494,0.0296416610638511,0.970217351331663,3
"20063",3.80982194022295e-10,0.999999999591097,2.79212860841538e-11,2
"20065",1.02661208795255e-28,0.989675486293986,0.0103245137060134,2
"20067",4.75404280629174e-09,0.279558990341247,0.72044100490471,3
"20069",0.999070365881682,0.000706705821278089,0.000222928297040056,1
"20071",2.25959651265244e-06,0.797955014682794,0.202042725720693,2
"20073",0.961407070933207,0.0343792266011111,0.00421370246568213,1
"20075",3.84187476036788e-23,0.999999999331651,6.68349274529133e-10,2
"20077",1.9274657912973e-05,0.0500923495999264,0.949888375742161,3
"20079",2.95577093220522e-05,0.972682637058386,0.0272878052322919,2
"20081",2.06055253344793e-10,0.166691905386535,0.83330809440741,3
"20083",5.66669798607752e-05,0.999934294550758,9.03846938131401e-06,2
"20085",2.51085533437215e-23,0.0590419457235469,0.940958054276453,3
"20088",7.4669900943042e-11,0.0208641884529769,0.979135811472353,3
"20091",1.4219270845011e-18,0.999975302792593,2.46972074064656e-05,2
"20095",9.16145186837712e-05,0.999878692864749,2.96926165676856e-05,2
"20097",1.59259454944987e-23,0.102494477767056,0.897505522232944,3
"20099",4.17724979349489e-06,0.955149583187958,0.0448462395622484,2
"20102",9.9131567387215e-08,0.999999736476255,1.64392177391448e-07,2
"20105",8.26498310051171e-09,0.0354918906569776,0.964508101078039,3
"20107",1.44808544794734e-09,0.0115937685425545,0.98840623000936,3
"20109",0.0028603122177054,0.345111162011083,0.652028525771212,3
"20111",6.09916773911562e-10,0.999999981777952,1.7612131245669e-08,2
"20113",9.67028634034874e-08,0.145008028490202,0.854991874806934,3
"20115",0.0858596217448018,0.902061580942212,0.0120787973129863,2
"20117",3.26689767408491e-23,0.999999966282066,3.3717933783572e-08,2
"20119",2.27812477473278e-12,0.610830087139864,0.389169912857858,2
"20121",7.18576221379372e-12,0.0275513936650947,0.97244860632772,3
"20123",2.74164674698747e-24,0.999981240700391,1.87592996092815e-05,2
"20125",0.978437077203459,0.004095320886585,0.0174676019099564,1
"20127",6.21144292729048e-18,0.0536073647229317,0.946392635277068,3
"20140",1.52535207854512e-10,0.303884223534319,0.696115776313146,3
"20142",0.998099646684701,0.00189971857247473,6.34742823816032e-07,1
"20144",0.0851725173691937,0.898860245982966,0.0159672366478403,2
"20146",0.503976761986571,0.485429844819649,0.0105933931937793,1
"20148",0.338317573743308,0.0108266178216921,0.650855808435,3
"20150",0.998913616053543,0.0010790884007882,7.29554566912502e-06,1
"20152",0.217960159161341,0.0110712927284291,0.77096854811023,3
"20154",2.11540716086634e-22,0.999807381208743,0.000192618791257267,2
"20156",0.001548487751509,0.672117430129144,0.326334082119347,2
"20159",0.817760453967675,0.180372198385635,0.00186734764668966,1
"20161",0.175815030564283,0.82416003485444,2.49345812767789e-05,2
"20163",0.000738744555177575,0.151542417245034,0.847718838199788,3
"20165",0.0151493615608165,0.975704806824267,0.00914583161491614,2
"20167",0.857466071385601,0.00181878181262944,0.140715146801769,1
"20169",0.984905940422338,0.0150940478670883,1.17105736120788e-08,1
"20171",2.04262925011253e-25,0.999999300405825,6.99594174637104e-07,2
"20173",2.07456282784563e-08,0.999999930895002,4.83593700216803e-08,2
"20175",0.637463837042073,0.0117025537520281,0.350833609205899,1
"20177",1.08945756344717e-07,0.915792923636968,0.0842069674172757,2
"20180",1.04908935230033e-16,0.0983373953974805,0.901662604602519,3
"20182",1.95276280114037e-06,0.999998047237199,7.30920203514817e-20,2
"20184",0.996040291859481,0.00296168135703239,0.000998026783486589,1
"20187",0.000812725323975933,0.99916321336403,2.40613119934614e-05,2
"20189",1.61043916850484e-05,0.0372407143636538,0.962743181244661,3
"20192",2.3009438905249e-18,0.99982314884523,0.000176851154769582,2
"20194",0.13423161396311,0.865765666513506,2.71952338384939e-06,2
"20196",3.84548833499244e-20,0.742823946620627,0.257176053379373,2
"20198",0.0157002786246238,0.160852990546722,0.823446730828654,3
"20204",0.99691514333572,0.00256193699920623,0.000522919665074189,1
"20207",1.00297670913289e-13,0.451279140577742,0.548720859422158,3
"20209",3.69537072091094e-09,0.99948139959834,0.000518596706288947,2
"20211",1.07744397339518e-18,0.99976926037826,0.000230739621740241,2
"20215",1.31730511770972e-08,0.0443144252986522,0.955685561528297,3
"20218",0.99913288518894,0.000861891120550172,5.2236905098941e-06,1
"20222",2.3636900188859e-11,0.10243324743903,0.897566752537333,3
"20225",0.861920369811745,0.135544702822048,0.00253492736620709,1
"20229",3.19972072272536e-06,0.850757971443346,0.149238828835932,2
"20232",2.96372852575291e-07,0.06042710424709,0.939572599380058,3
"20234",2.63526924275599e-35,0.998758904034446,0.00124109596555382,2
"20238",2.10460241854473e-09,0.105928048388112,0.894071949507286,3
"20253",6.35550679740073e-14,0.0988206225069552,0.901179377492981,3
"20255",0.78948997224632,0.0100818237011284,0.200428204052552,1
"20258",1.47019595609185e-13,0.0111485942622827,0.98885140573757,3
"20269",1.0632849686049e-05,0.052148698984547,0.947840668165767,3
"20271",1.36436847934227e-13,0.395354434545748,0.604645565454116,3
"20285",0.00010623880397435,0.996599704540236,0.00329405665578992,2
"20288",3.17102011819962e-08,0.0274311536907071,0.972568814599092,3
"20291",1.98283882467644e-16,0.831965308525897,0.168034691474103,2
"20295",5.09778140588582e-07,0.949372791626186,0.0506266985956735,2
"20298",0.969774059573162,0.0027773628524115,0.0274485775744265,1
"20302",0.932580543891768,0.0581225843636911,0.0092968717445411,1
"20305",0.983342610722937,0.00528579662928526,0.0113715926477776,1
"20307",3.21987291417022e-14,0.0225765012286764,0.977423498771291,3
"20310",3.07210990746075e-25,0.768939201502251,0.231060798497749,2
"20313",0.979650244941361,0.0203497527746565,2.28398270549179e-09,1
"20315",1.06198591882671e-12,0.0111980606585099,0.988801939340428,3
"20319",5.66424847951487e-21,0.938006307058584,0.0619936929414155,2
"20321",1.77503879609109e-12,0.152538673756611,0.847461326241614,3
"20327",7.89875306455893e-13,0.0237460786233057,0.976253921375904,3
"20329",0.0509609558686443,0.94903903420524,9.92611552327439e-09,2
"20335",7.12796790289089e-18,0.58659111025016,0.41340888974984,2
"20337",0.99134696795519,0.00715023786490834,0.00150279417990128,1
"20339",4.7174210553284e-14,0.999948840614712,5.1159385240531e-05,2
"20341",1.4697684794051e-16,0.999987040741254,1.29592587455134e-05,2
"20343",2.19839093077425e-15,0.908494815776933,0.0915051842230649,2
"20345",0.0358607684798853,0.03576830554383,0.928370925976285,3
"20350",3.97515940804086e-09,0.999066708256122,0.000933287768718371,2
"20352",0.992299254911193,0.00770052908236719,2.1600644020718e-07,1
"20355",0.0931947004381757,0.905778212030584,0.00102708753124067,2
"20358",0.499410084696578,0.500589619280076,2.96023346124706e-07,2
"20363",1.0261345463588e-10,0.0413312303752603,0.958668769522126,3
"20365",5.34198837864506e-12,0.472555476384816,0.527444523609843,3
"20379",0.228131531877859,0.432449618065223,0.339418850056919,2
"20387",2.86190410345922e-10,0.0268278480111887,0.973172151702621,3
"20392",6.50577896080016e-23,0.999854569740588,0.000145430259411768,2
"20395",0.336761199145205,0.0156829065137397,0.647555894341055,3
"20397",0.0259766673909494,0.97402333260905,8.61859577551061e-16,2
"20410",5.86536047696626e-09,0.0292341892893897,0.97076580484525,3
"20414",0.972391700829022,0.0129975386623159,0.0146107605086622,1
"20417",1.19545580936986e-45,0.999999999687547,3.12453088678443e-10,2
"20419",1.00121803775869e-13,0.100366186036066,0.899633813963834,3
"20421",0.0448830059335934,0.941045974808865,0.0140710192575418,2
"20423",0.991024750317428,0.00494844161306703,0.00402680806950463,1
"20425",0.935836523130328,0.0361671960704851,0.0279962807991866,1
"20427",0.0209340145130106,0.0187149586211531,0.960351026865836,3
"20429",4.38814245291501e-12,0.993969307461878,0.00603069253373357,2
"20432",0.991900621904243,0.00802303112965063,7.63469661058992e-05,1
"20435",3.08232459907612e-05,0.118315204037701,0.881653972716308,3
"20438",6.23299641078099e-08,0.559932321105497,0.440067616564539,2
"20440",2.3159629529781e-12,0.0259689270088494,0.974031072988835,3
"20443",0.66291511605445,0.337054209645306,3.06743002437932e-05,1
"20446",3.44791744997398e-05,0.255742338042939,0.744223182782561,3
"20449",2.11005867577737e-06,0.0369386743010247,0.963059215640299,3
"20537",8.1874259561387e-12,0.843187638999866,0.156812360991947,2
"20540",9.91692339264053e-27,0.999984397693986,1.56023060142613e-05,2
"20543",0.000330679820962563,0.0239883709133795,0.975680949265658,3
"20545",1.89235307671735e-20,0.999987083650066,1.29163499338798e-05,2
"20549",0.406850822815804,0.0218360759804565,0.57131310120374,3
"20551",6.6675290137856e-05,0.010952635032057,0.988980689677805,3
"20554",2.49565588684901e-07,0.00754662181033938,0.992453128624072,3
"20556",8.55450615527952e-06,0.042881658640483,0.957109786853362,3
"20558",9.13713499883296e-13,0.00870997598969181,0.991290024009395,3
"20560",0.00036021082076841,0.0263449626877611,0.97329482649147,3
"20563",3.70742977554597e-17,0.0434710873193195,0.95652891268068,3
"20565",1.77252955684826e-05,0.0559110248368629,0.944071249867569,3
"20567",0.98954895403669,0.0101533708565817,0.000297675106728223,1
"20571",2.51600672227899e-15,0.88772497552865,0.112275024471347,2
"20573",7.24161351659036e-05,0.0187603402887684,0.981167243576066,3
"20575",1.95010424577472e-14,0.0609767663729345,0.939023233627046,3
"20577",9.58168643492303e-05,0.0130259717126816,0.986878211422969,3
"20579",0.884513686349508,0.115486313601897,4.85950355380011e-11,1
"20582",2.60403383907301e-18,0.0182031066990516,0.981796893300949,3
"20585",4.35616770951165e-11,0.791860896385757,0.208139103570681,2
"20588",4.97464660183992e-12,0.999603855231828,0.000396144763197139,2
"20590",0.996126086509571,0.00387390246446622,1.10259630956575e-08,1
"20592",4.86990153777285e-15,0.0216825379254182,0.978317462074577,3
"20594",3.08683263234786e-19,0.0355754169017833,0.964424583098217,3
"20596",5.16386390623356e-06,0.0546865265933283,0.945308309542765,3
"20598",9.88338690457519e-06,0.011371412064305,0.98861870454879,3
"20600",5.09128479874585e-05,0.489788788062557,0.510160299089455,3
"20603",0.888344261287876,0.0718548124615405,0.039800926250583,1
"20605",3.40305664887755e-12,0.0174404581918931,0.982559541804704,3
"20607",1.17884352218316e-08,0.0174717038010799,0.982528284410485,3
"20609",4.2204546353031e-07,0.00796037181343774,0.992039206141099,3
"20611",0.99055535424065,0.00533190204607651,0.00411274371327402,1
"20613",0.000308185993689015,0.0173496353979311,0.98234217860838,3
"20615",0.00119873687127395,0.0326266675893925,0.966174595539334,3
"20617",0.984588841925906,0.0154106250588558,5.33015238582451e-07,1
"20619",9.66404251507333e-13,0.0539766056730296,0.946023394326004,3
"20621",2.513853195838e-06,0.0591330563210868,0.940864429825717,3
"20623",0.667780820279742,0.331205387550526,0.00101379216973264,1
"20625",0.105655782538253,0.867331132176384,0.0270130852853627,2
"20627",0.000314514350666157,0.0107419881341661,0.988943497515168,3
"20629",8.11318797255367e-05,0.0110797343506329,0.988839133769642,3
"20631",6.97645777255712e-15,0.117336687475974,0.882663312524019,3
"20633",0.992490321037421,0.00750967892488047,3.76982922099956e-11,1
"20636",0.230051195077313,0.65238555166996,0.117563253252727,2
"20638",4.22354129497821e-06,0.654353074052674,0.345642702406031,2
"20640",2.0036615193865e-13,0.218448621043855,0.781551378955944,3
"20645",3.0748804746419e-21,0.0486122239998845,0.951387776000115,3
"20647",0.967770306971345,0.0322296924477318,5.80923308285761e-10,1
"20649",2.48048744949059e-08,0.0871186866561014,0.912881288539024,3
"20651",5.55410230076559e-19,0.981211965815292,0.0187880341847079,2
"20656",2.76388116774708e-16,0.596721827971404,0.403278172028595,2
"20660",1.77159871456847e-18,0.999972146521134,2.78534788664612e-05,2
"20662",0.570929768257445,0.42905641487297,1.38168695848288e-05,1
"20664",3.22582341236381e-07,0.964278962402745,0.0357207150149139,2
"20666",5.34189628373272e-06,0.995644370251039,0.00435028785267709,2
"20668",0.994376277893549,0.00267824269996927,0.00294547940648207,1
"20670",7.99766782425897e-15,0.84456914277671,0.155430857223282,2
"20672",0.998225664818234,0.00143433220187803,0.000340002979888429,1
"20674",0.000143368920136325,0.0342514534941699,0.965605177585694,3
"20676",0.822997344044595,0.177002543068702,1.12886702511998e-07,1
"20678",0.973044967678606,0.0269550294976144,2.82377997185168e-09,1
"20680",0.970496900037195,0.00251162145557742,0.0269914785072271,1
"20682",0.39749184899192,0.124102535820801,0.478405615187278,3
"20684",4.54474365635716e-08,0.819882163033891,0.180117791518673,2
"20686",0.999418265431829,0.000574286752860113,7.44781531079579e-06,1
"20688",0.767911402511885,0.232088597482174,5.94157571359202e-12,1
"20690",8.93972964289766e-16,0.987393942364045,0.0126060576359537,2
"20692",0.982016619188287,0.017983380811149,5.63469955176737e-13,1
"20694",0.985217148003683,0.00314792779217863,0.0116349242041384,1
"20696",0.890952689169868,0.0360123297779141,0.0730349810522176,1
"20698",2.37849777242924e-05,0.225720735758973,0.774255479263303,3
"20700",7.98142957646599e-07,0.961416337496426,0.0385828643606167,2
"20702",6.36998217552096e-22,0.860017520114945,0.139982479885055,2
"20704",2.5129764796968e-05,0.00795176393584178,0.992023106299361,3
"20706",0.000274037982723208,0.993496578605742,0.00622938341153424,2
"20708",0.939985221660226,0.0600073261861238,7.45215365018187e-06,1
"20710",8.22515415530386e-09,0.254385071788679,0.745614919986167,3
"20714",0.969384474647208,0.0305188475633338,9.66777894580711e-05,1
"20716",7.11827925648482e-07,0.0220770639731717,0.977922224198903,3
"20719",7.98485228595629e-06,0.885901070544909,0.114090944602805,2
"20721",4.16254836781697e-16,0.055821991201283,0.944178008798717,3
"20723",8.89293464646146e-10,0.998987023656682,0.00101297545402485,2
"20725",0.833656945623652,0.0051923486792889,0.161150705697059,1
"20727",0.0140123923231906,0.985987607193109,4.83700571068571e-10,2
"20729",0.993672082977122,0.0039576727516986,0.00237024427117933,1
"20731",0.919505411299328,0.0112552381997077,0.0692393505009639,1
"20733",1.55210919802122e-05,0.0443887481570593,0.95559573075096,3
"20735",0.000804827742099153,0.0162821467042392,0.982913025553662,3
"20737",0.995861273080554,0.00411808472133925,2.0642198107136e-05,1
"20739",0.993971350950142,0.00602864891995091,1.29906660411882e-10,1
"20741",0.843911699062147,0.00407949910420303,0.15200880183365,1
"20743",0.63089394131312,0.0813266969472735,0.287779361739607,1
"20745",2.16200133826116e-16,0.0776543831446271,0.922345616855373,3
"20747",0.971403921070539,0.0267740995271949,0.00182197940226657,1
"20749",0.972912667634324,0.0260558554910097,0.00103147687466599,1
"20751",0.0287912036874731,0.940240273908608,0.0309685224039193,2
"20753",0.942342688238798,0.0123472979069476,0.0453100138542548,1
"20755",0.2303408243749,0.769659150768913,2.48561873014596e-08,2
"20757",0.000219778913096463,0.999776018529083,4.20255782073962e-06,2
"20759",1.77903973971672e-08,0.346145283553272,0.653854698656331,3
"20761",0.416201401489681,0.00306522180065367,0.580733376709666,3
"20763",0.00226473726151414,0.676166855128137,0.321568407610349,2
"20765",0.914825400950566,0.00132792469466505,0.0838466743547687,1
"20767",6.69599890902407e-08,0.0232734007603105,0.9767265322797,3
"20769",4.55535359070223e-14,0.938576631652083,0.0614233683478713,2
"20771",0.409641790895572,0.0204448997852531,0.569913309319175,3
"20773",1.25394780709155e-05,0.999986786268149,6.74253780432161e-07,2
"20775",0.145747943721432,0.032772124640693,0.821479931637875,3
"20777",2.25831272798311e-07,0.975033599234903,0.0249661749338243,2
"20779",0.805181090271565,0.00545347040595981,0.189365439322475,1
"20781",4.90687659604862e-17,1,3.34317870914407e-17,2
"20783",0.356082530443606,0.011473085571798,0.632444383984596,3
"20785",9.01305882906372e-05,0.999909869405293,6.41602190570787e-12,2
"20787",0.990136482696632,0.00187702879810179,0.00798648850526578,1
"20789",0.000686850556731561,0.0124052591741248,0.986907890269143,3
"20791",0.998226359411782,0.00116852421765153,0.000605116370566014,1
"20793",0.0027340875396888,0.0316123954524559,0.965653517007855,3
"20795",0.949053317288439,0.0186094324623367,0.0323372502492242,1
"20797",3.2706546986996e-08,0.999999967293449,4.21576001283859e-15,2
"20800",0.924639008803353,0.041661511735838,0.0336994794608091,1
"20802",0.833191081679963,0.00369533032870904,0.163113587991328,1
"20804",0.994012437739392,0.00571441420650464,0.000273148054103161,1
"20806",0.998593666002702,0.00133444854458725,7.18854527103907e-05,1
"20808",1.876644083388e-06,0.012028595059749,0.987969528296168,3
"20810",0.72126140764249,0.208496541326612,0.0702420510308989,1
"20812",0.833184559932594,0.0286014663929116,0.138213973674495,1
"20814",0.953430115877072,0.046569841044534,4.30783943820891e-08,1
"20816",4.55534536143948e-15,0.995755476936111,0.00424452306388443,2
"20818",0.160490750366254,0.0182018804683018,0.821307369165444,3
"20820",0.951819613415471,0.0481803864421124,1.42416309952471e-10,1
"20822",0.853666306735448,0.00109711752596954,0.145236575738582,1
"20824",0.00011403971729921,0.999885960281567,1.1334344299931e-12,2
"20826",0.999262051674444,0.000737423926202449,5.24399353091919e-07,1
"20828",0.685378628180897,0.314621366311119,5.50798354466169e-09,1
"20830",0.980155206227368,0.0145113495195924,0.00533344425303984,1
"20832",0.0697270295799699,0.0279596040162288,0.902313366403801,3
"20834",2.44204690798282e-07,0.0136685880225366,0.986331167772773,3
"20836",0.890726489826231,0.00334198936869695,0.105931520805072,1
"20838",0.929430909481594,0.0705668837028699,2.20681553617674e-06,1
"20840",7.26768257649437e-07,0.0150183572371086,0.984980915994634,3
"20842",0.855219606515543,0.116293129703109,0.0284872637813477,1
"20844",0.019934599017552,0.97981652165021,0.000248879332237713,2
"20846",0.94358262120102,0.0178638896075689,0.0385534891914109,1
"20848",0.0159237203210033,0.00864519528589941,0.975431084393097,3
"20850",2.76963423553906e-05,0.0267609600952387,0.973211343562406,3
"20852",0.000250374439745621,0.219602188165286,0.780147437394969,3
"20854",0.998175780893488,0.00179374714166946,3.04719648427931e-05,1
"20856",4.99159354763458e-20,0.99999878454627,1.21545372961244e-06,2
"20858",8.43887567264739e-11,0.0489905808131932,0.951009419102418,3
"20860",0.00560220657958909,0.98404379644763,0.0103539969727807,2
"20862",1.74666623370689e-12,0.165573668800029,0.834426331198225,3
"20864",0.99782355753138,0.00216850161745093,7.94085116930838e-06,1
"20866",7.26709479278115e-26,0.467159776400756,0.532840223599244,3
"20868",1.77979754023677e-07,0.0138317085138241,0.986168113506422,3
"20870",0.204883080475242,0.0114946526359963,0.783622266888762,3
"20872",0.946304746186091,0.000883819808365335,0.0528114340055435,1
"20874",0.991699949407383,0.00830005024234064,3.50276699262637e-10,1
"20877",5.09521103167496e-08,0.0275617669698577,0.972438182078032,3
"20879",2.57731192330476e-12,0.0210134543287175,0.978986545668705,3
"20881",0.957974481010598,0.00266337798910884,0.0393621410002928,1
"20883",0.0256913622947802,0.974297558976339,1.10787288810535e-05,2
"20885",0.984030340157542,0.00172882400654718,0.0142408358359108,1
"20887",1.65956026653842e-06,0.0265056612084438,0.97349267923129,3
"20889",0.281251491154108,0.0325171944534198,0.686231314392472,3
"20891",3.35745735439366e-12,0.0185017185350385,0.981498281461604,3
"20896",1.64149693969219e-07,0.112586810518593,0.887413025331713,3
"20898",0.703330507715295,0.00402877377103217,0.292640718513673,1
"20900",1.07241105924809e-09,0.999999998927509,8.01575104612793e-14,2
"20902",1.07167769934578e-10,0.877989220459853,0.12201077943298,2
"20904",0.0972993219766789,0.896679606167509,0.0060210718558121,2
"20906",3.0104567203339e-10,0.121180819162832,0.878819180536122,3
"20908",0.702890270758083,0.022782417396569,0.274327311845348,1
"20910",0.401374360918896,0.568941294536838,0.0296843445442665,2
"20912",1.04889215488202e-19,0.999999999999999,8.96657064663626e-16,2
"20914",1.18531099468744e-23,0.109588482098422,0.890411517901578,3
"20968",4.91466230672953e-05,0.999950853164362,2.12570657127177e-10,2
"20970",1.48537955923709e-06,0.0211658244407745,0.978832690179666,3
"20981",5.67840135528097e-07,0.296278693556908,0.703720738602956,3
"20983",0.983037550794623,0.0169624158384127,3.33669647124738e-08,1
"20988",8.06675444086894e-10,0.0129930766547645,0.98700692253856,3
"20995",1.36597174937979e-11,0.999999540639437,4.59346903707077e-07,2
"21017",0.232759878358017,0.01658879384005,0.750651327801933,3
"21038",2.70349859768216e-10,0.0535833116447965,0.946416688084854,3
"21072",5.2246978330439e-09,0.0748172712497918,0.92518272352551,3
"21075",4.62408841148041e-14,0.194362005154766,0.805637994845188,3
"21223",0.028935841999098,0.0116519211897126,0.959412236811189,3
"21225",2.639651716469e-34,0.999999999998712,1.28819071692217e-12,2
"21230",0.998925857893217,0.00107413920693779,2.89984491037275e-09,1
"21236",0.217695105784325,0.0190637793474434,0.763241114868231,3
"21238",4.34823256403893e-08,0.909036477280324,0.0909634792373507,2
"21241",2.10039740051595e-12,0.307152041818531,0.692847958179368,3
"21246",3.4985299227991e-05,0.0163667313524275,0.983598283348345,3
"21253",0.999437269827604,0.000547213235206585,1.55169371891832e-05,1
"21256",0.907504761089083,0.0275458355181405,0.0649494033927763,1
"21260",3.80112933645913e-23,0.999987301923704,1.2698076296196e-05,2
"21266",2.4782093418662e-07,0.0180296294196478,0.981970122759418,3
"21332",5.43685724018812e-06,0.019018728569862,0.980975834572898,3
"21334",0.312062753992895,0.0175013758998357,0.670435870107269,3
"21375",2.26305229708971e-16,0.260872804414728,0.739127195585272,3
"21378",2.19660983335972e-23,0.484596732417127,0.515403267582873,3
"21381",1.07022848256438e-14,0.362152761782585,0.637847238217405,3
"21389",0.984462713939242,0.0068251348171009,0.00871215124365677,1
"21391",6.57284114643135e-05,0.929056448897784,0.0708778226907512,2
"21402",3.14606159613124e-07,0.0756740428453058,0.924325642548535,3
"21404",4.071828143401e-11,0.374512958192562,0.62548704176672,3
"21409",9.29592643679296e-11,0.0366467599746332,0.963353239932408,3
"21413",1.72171291896919e-06,0.275989537773997,0.724008740513084,3
"21423",1.77561860373227e-19,0.993311308447228,0.00668869155277158,2
"21425",5.04122789193899e-10,0.216653916959541,0.783346082536337,3
"21430",1.83085164633179e-08,0.996679348483885,0.00332063320759809,2
"21432",0.000130571758254497,0.010664735853726,0.98920469238802,3
"21438",1.83088547781114e-15,0.999976662417301,2.33375826975518e-05,2
"21440",1.00590638830806e-06,0.0383954969973949,0.961603497096217,3
"21443",0.966756192613394,0.00100849697213305,0.0322353104144732,1
"21445",9.44591859403711e-16,0.999990076882402,9.92311759725306e-06,2
"21447",1.80775761032617e-15,0.0741566449129658,0.925843355087032,3
"21449",8.69427116819293e-12,0.0719835456066297,0.928016454384676,3
"21451",8.69427116819293e-12,0.0719835456066297,0.928016454384676,3
"21455",5.8436759246849e-10,0.0200174375392079,0.979982561876425,3
"21469",5.44092470573707e-28,0.880056223838101,0.1199437761619,2
"21471",4.80395840347211e-17,0.143955995402902,0.856044004597098,3
"21473",0.767753685022327,0.174931286894016,0.0573150280836571,1
"21476",0.00139179430549243,0.0274616528186166,0.971146552875891,3
"21478",0.0863275688650926,0.912046715641735,0.00162571549317281,2
"21481",0.94592775917055,0.012424601534385,0.0416476392950649,1
"21490",2.11265761928943e-10,0.0973603026524238,0.90263969713631,3
"21493",4.11042224462547e-25,0.995236625746553,0.00476337425344734,2
"21495",0.000153760372947167,0.00719812571619306,0.99264811391086,3
"21500",2.41699539980679e-07,0.028037104037393,0.971962654263067,3
"21504",6.78455081495852e-06,0.415904537114126,0.584088678335059,3
"21507",7.40007423470277e-17,0.0584543087961803,0.94154569120382,3
"21512",5.87624209818771e-10,0.0188718318048879,0.981128167607488,3
"21519",0.0704889539884586,0.103044097463797,0.826466948547745,3
"21522",3.00154919329701e-10,0.999936332587634,6.36671122111183e-05,2
"21524",8.2961847322179e-07,0.068066828986836,0.931932341394691,3
"21528",1.10586651049226e-11,0.0158312905294756,0.984168709459466,3
"21532",2.1890775817819e-06,0.0532724096788979,0.94672540124352,3
"21543",1.705688015101e-06,0.172278015448494,0.827720278863491,3
"21546",3.98197718729506e-05,0.0275350204732116,0.972425159754916,3
"21550",6.56967355320318e-16,0.0146965538137754,0.985303446186224,3
"21554",1.14785909890256e-13,0.0238839803121951,0.97611601968769,3
"21557",0.100860504158967,0.808523699590789,0.0906157962502442,2
"21560",2.09528935967183e-18,0.182261198491663,0.817738801508337,3
"21564",0.0654578611019603,0.0118844473668765,0.922657691531163,3
"21566",9.67687276038042e-10,0.0192902964551181,0.980709702577195,3
"21569",9.41358798718515e-06,0.033593067500732,0.966397518911281,3
"21574",0.990772722732937,0.00655326441876711,0.00267401284829553,1
"21576",0.882153904547712,0.00222040131842893,0.115625694133859,1
"21578",0.994153943475199,0.00166389120644665,0.00418216531835393,1
"21580",0.654020945747633,0.00789758266588671,0.33808147158648,1
"21583",7.48698077853549e-15,0.0428184295444947,0.957181570455498,3
"21585",0.819128708698351,0.180871284679767,6.62188231594266e-09,1
"21587",0.956051537124762,0.00428655090631909,0.0396619119689186,1
"21589",0.695066795333746,0.287055927340732,0.0178772773255221,1
"21593",7.23591304183491e-16,0.999999999999999,2.3972107040534e-21,2
"21595",7.98233880712502e-06,0.999987773549288,4.24411190462085e-06,2
"21597",0.0337407738162578,0.0680285194564062,0.898230706727336,3
"21599",0.985879118513121,0.0141099469601753,1.09345267030597e-05,1
"21601",8.08232889466563e-08,0.997957531815644,0.00204238736106732,2
"21603",0.981535808755041,0.018463383377239,8.07867720312804e-07,1
"21605",0.998540686389633,0.00086978981434929,0.000589523796017304,1
"21607",0.155485588474965,0.0856259969132414,0.758888414611793,3
"21610",0.00546026567938112,0.1329321721243,0.861607562196318,3
"21612",0.976309109608061,0.00213427326924828,0.0215566171226907,1
"21614",0.000317145862919886,0.0123614761017808,0.987321378035299,3
"21616",0.0161271517137107,0.0169613392832122,0.966911509003077,3
"21618",1.88049866088906e-13,0.571974591276989,0.428025408722823,2
"21620",0.988420438218834,0.00415724663428624,0.00742231514688002,1
"21622",1.39726851856257e-15,0.909367834382206,0.0906321656177927,2
"21624",0.000439905012049825,0.915101120398371,0.084458974589579,2
"21626",0.0587375100311938,0.0822912344992342,0.858971255469572,3
"21628",4.48278615029779e-07,0.00915238469400271,0.990847167027382,3
"21630",0.635408183204122,0.100549326716467,0.264042490079411,1
"21632",0.00138344433576297,0.319557749933723,0.679058805730514,3
"21634",0.00021912287540022,0.0223326098034356,0.977448267321164,3
"21636",0.836880964534223,0.0100856547740907,0.153033380691687,1
"21638",0.987516421307992,0.0123140145630588,0.000169564128949142,1
"21640",0.0034492967934414,0.0272973717439673,0.969253331462591,3
"21642",0.994007016691343,0.0054253472470612,0.000567636061596187,1
"21644",1.20991168549333e-06,0.999998788880535,1.20777939563972e-09,2
"21647",0.948750702227517,0.0147676710420099,0.0364816267304736,1
"21649",0.814100047324385,0.0070498637211476,0.178850088954467,1
"21651",0.485297012720348,0.275155648768904,0.239547338510749,1
"21653",1.86053012008646e-07,0.999893870637889,0.000105943309098369,2
"21655",0.998008414205004,0.00198991589297515,1.66990202083103e-06,1
"21657",0.932745454410121,0.00195900495305324,0.0652955406368259,1
"21659",0.00178192210964912,0.998218077876806,1.35445291983017e-11,2
"21661",0.970808131356616,0.00251934959169978,0.0266725190516843,1
"21663",0.96156744692734,0.0373175849570191,0.00111496811564116,1
"21665",0.931432645832655,0.0439526694546254,0.0246146847127197,1
"21667",8.03372325948517e-05,0.00499572226750639,0.994923940499899,3
"21670",0.000124338862736653,0.0138663144873964,0.986009346649867,3
"21672",0.33714188329112,0.0162254688838604,0.646632647825019,3
"21674",6.98518664022895e-14,0.0171718748506069,0.982828125149323,3
"21676",1.77580208941789e-07,0.0222717357360227,0.977728086683768,3
"21678",1.56335778248555e-14,0.999999550719852,4.49280132153771e-07,2
"21680",0.945279069775597,0.0119375746261534,0.0427833555982495,1
"21685",7.38492939681683e-05,0.0156516823552264,0.984274468350805,3
"21687",5.01606781288433e-06,0.957240930987002,0.0427540529451853,2
"21690",0.941497724939661,0.00653361030355936,0.0519686647567799,1
"21707",5.34840483959241e-13,0.0206497472583387,0.979350252741126,3
"21710",6.7331199905545e-16,0.983654997997561,0.0163450020024383,2
"21713",5.94718747851844e-09,0.0731271825775837,0.926872811475229,3
"21718",2.70536701980311e-10,0.303940209974589,0.696059789754874,3
"21721",1.15046243149432e-13,0.999999999873968,1.25916572228317e-10,2
"21723",3.49420705275888e-18,0.118773227374355,0.881226772625645,3
"21726",5.79972902248269e-14,0.0395281541778172,0.960471845822125,3
"21729",0.00491666519205458,0.994735776694016,0.000347558113929269,2
"21733",0.992864935171866,0.00709906585961666,3.59989685167801e-05,1
"21735",4.15491495477905e-14,0.999850190071046,0.000149809928912538,2
"21739",3.99210897949698e-06,0.00995091450661159,0.990045093384409,3
"21741",5.25242909005683e-07,0.00838314361927882,0.991616331137812,3
"21744",1.26337731520647e-06,0.927360636788443,0.0726380998342421,2
"21746",2.41444073527139e-17,0.0361190155990373,0.963880984400963,3
"21748",2.05206552509239e-09,0.0300740122952348,0.9699259856527,3
"21750",0.960533686221296,0.0022765275606035,0.0371897862181,1
"21752",4.89029100215137e-06,0.0305221872993542,0.969472922409644,3
"21755",0.00900804464230109,0.0183161692167043,0.972675786140995,3
"21757",0.00118324909523911,0.302455373819837,0.696361377084924,3
"21760",1.36597174937979e-11,0.999999540639437,4.59346903707077e-07,2
"21762",5.18516286671626e-21,0.991493135802506,0.00850686419749389,2
"21764",0.99666105475163,0.00333891092300115,3.4325368588408e-08,1
"21766",4.98630715404731e-16,0.0320887638245225,0.967911236175477,3
"21768",0.00839627806814392,0.0293472874091533,0.962256434522703,3
"21770",0.00262456082397373,0.0361290518502799,0.961246387325746,3
"21773",5.75966814687544e-23,0.123458533791724,0.876541466208276,3
"21775",0.0746034392104029,0.857896370592466,0.0675001901971311,2
"21777",0.980468694593742,0.00262689250324892,0.0169044129030092,1
"21779",0.000252356748227922,0.0347078042527334,0.965039838999039,3
"21781",1.53022833813241e-05,0.048446399217301,0.951538298499318,3
"21784",2.4285401732738e-12,0.020212685562735,0.979787314434836,3
"21786",0.000158623557301067,0.117948678915112,0.881892697527587,3
"21789",0.00107960007379413,0.0257010333533921,0.973219366572814,3
"21791",2.96024076461685e-10,0.0241941195907769,0.975805880113199,3
"21794",5.60129036457419e-05,0.0812320731319554,0.918711913964399,3
"21797",1.91386359778155e-08,0.985723832445971,0.0142761484153928,2
"21800",3.08274559168585e-21,0.996920252382286,0.0030797476177143,2
"21802",8.86952546394889e-08,0.101165935376479,0.898833975928267,3
"21804",1.49797170831438e-16,0.999999999976514,2.34859929584423e-11,2
"21806",1.05205973157859e-11,0.999993103234803,6.89675467643698e-06,2
"21808",1.4442407018397e-07,0.99999378039313,6.07518280031648e-06,2
"21811",7.15865017543352e-12,0.887307275573078,0.112692724419764,2
"21815",3.6527112570508e-10,0.0571444421339708,0.942855557500758,3
"21817",4.17529440126529e-15,0.999999933874264,6.61257321079495e-08,2
"21820",2.8689885485867e-10,0.749571162091276,0.250428837621825,2
"21822",0.219443819905016,0.146033108839079,0.634523071255905,3
"21824",0.878246937076149,0.101540259843228,0.0202128030806236,1
"21826",6.51365897542661e-14,0.0167519623532798,0.983248037646655,3
"21828",0.000134757960572847,0.597144491335417,0.40272075070401,2
"21830",0.687598006475479,0.00980971774553981,0.302592275778981,1
"21833",0.0197689698289289,0.0299160952235287,0.950314934947542,3
"21835",0.0197689698289289,0.0299160952235287,0.950314934947542,3
"21838",1.92707069797103e-14,0.386867464055782,0.613132535944198,3
"21840",3.41455199227439e-17,0.0866254128001168,0.913374587199883,3
"21842",7.74275971915668e-18,0.994686253810484,0.00531374618951575,2
"21844",0.00554722549628842,0.671125518448175,0.323327256055537,2
"21847",2.43785392339096e-07,0.00830732411225535,0.991692432102352,3
"21849",1.94787032753588e-05,0.334382345884062,0.665598175412662,3
"21852",7.80492363964871e-11,0.0413595520799273,0.958640447842023,3
"21854",0.999005624922251,0.000990399121677266,3.97595607146379e-06,1
"21857",3.05927883300441e-12,0.0137219590452872,0.986278040951654,3
"21859",0.56554759450915,0.00884270045921284,0.425609705031637,1
"21863",0.982420559594584,0.0175794168276557,2.35777607911786e-08,1
