"","V1","V2","V3","V4","V5","V6","best$classification"
"19811",9.86484848584742e-06,0.0916044776810918,0.877538949573155,7.26949197571572e-12,1.22663731641164e-08,0.0308466956236249,3
"19813",6.69050100940016e-28,3.38710350448231e-08,4.37595052639991e-15,4.12464419216107e-21,9.4981586141688e-10,0.999999965179145,6
"19815",1.80817035454077e-15,0.988473925068084,0.00998384656562721,8.27345432604086e-05,0.00119749590463926,0.000261997918387639,2
"19817",1.63435188246787e-06,0.0361320544845154,0.963798651747992,2.05194792055825e-09,1.84148372907906e-06,6.58158799335585e-05,3
"19819",1.33651988864652e-35,7.44517872072401e-07,9.21946261748952e-52,0.517528083122056,0.482422764636348,4.84077237245194e-05,4
"19821",0.00028754328909181,0.44065890354483,0.00119909937286285,3.08503994960169e-07,2.07624912481483e-08,0.55785412452673,6
"19823",2.70675088227652e-20,0.00168116258874497,4.16686442195994e-06,8.40163418978351e-09,0.998314587672321,7.44728775913667e-08,5
"19825",2.30203236290255e-18,1.29956425542341e-13,2.20714736058638e-47,2.23184079561008e-12,1.21387734858723e-13,0.999999999997517,6
"19827",0.687244967141589,0.0107349361425263,0.300455190548485,3.38082953907112e-05,0.000135139779867251,0.00139595809214189,1
"19829",1.73798971453331e-09,0.380384954925528,2.84793909882202e-30,0.293312007004572,4.44332942560242e-06,0.326298593002485,2
"19831",1.87991169208407e-46,5.42766573366135e-07,9.38741443554099e-48,0.584975666443012,0.41336360813988,0.00166018265053395,4
"19833",4.29094968870243e-59,1.10699915742446e-23,6.56354415754979e-82,1.68044794021488e-30,0.999997469772182,2.53022781830218e-06,5
"19835",0.00028754328909181,0.44065890354483,0.00119909937286285,3.08503994960169e-07,2.07624912481483e-08,0.55785412452673,6
"19837",0.179426613142759,0.0362125068999187,0.783913919969139,2.10737372875777e-05,2.95362403670483e-07,0.000425590888491947,3
"19839",4.57755940033676e-09,0.000381587973026821,2.44371534723469e-29,0.0131390997637764,9.74580859864249e-09,0.986479297939829,6
"19841",0.028297056575671,9.44685628775715e-16,1.26584755556015e-39,1.08708199288848e-15,7.4145860198545e-10,0.971702942682868,6
"19843",2.44488456806421e-53,2.06883317228846e-07,1.41361159738289e-57,0.00144889498900781,6.54167690237451e-10,0.998550897473507,6
"19845",2.87856003001326e-22,0.00547478638725394,0.000177148156164238,1.12202784457178e-19,3.59507375702639e-08,0.994348029505844,6
"19847",1.22213541143051e-20,0.901515431162911,9.05133105092122e-05,2.13823219135314e-07,5.90976007747775e-08,0.09839378260576,2
"19849",9.30600167279189e-25,1.22920077351322e-08,1.56033252494673e-10,5.64419740158275e-24,1.83239899094535e-09,0.99999998571956,6
"19851",2.7263805033148e-08,0.00731846300010709,0.992663810936281,2.57955108592633e-11,3.44332969801191e-06,1.42554443132857e-05,3
"19853",2.09522325458858e-15,0.000445894430695189,0.634535914224103,3.09524594213291e-25,0.364464146350207,0.000554044994993163,3
"19855",2.79978339019875e-06,0.011278795408488,0.988425703560032,4.70606736289546e-18,0.000144463791168829,0.000148237456920372,3
"19857",2.16090288283674e-05,0.83052610353735,0.00391862483587625,5.00482256372624e-06,8.92244122475663e-10,0.165528656883137,2
"19859",9.41682535468426e-05,0.755400020012691,0.238430617162327,1.75676073276211e-06,6.53259109145109e-05,0.00600811189978781,2
"19861",4.03055870037783e-12,0.00934849468454523,0.987768434678361,8.78535174271546e-15,6.22448734885235e-08,0.00288300838818122,3
"19863",9.47350480647246e-09,6.25549293535056e-17,2.35338618373816e-24,3.51467573796668e-32,3.13279856920071e-12,0.999999990523362,6
"19865",0.998464362505915,2.06010758579558e-07,5.27942091233724e-08,9.42658250358605e-14,4.95222837916211e-11,0.00153537863950105,1
"19867",1.6518567354413e-21,0.958970584428194,0.0215649883396821,4.30012113119212e-09,2.33151188537425e-07,0.0194641897808147,2
"19869",3.06811216823176e-09,4.6499541992398e-06,0.000124916666840042,1.32942507694827e-24,4.88381193882939e-09,0.999870425427037,6
"19871",0.0124449736575112,0.39469656175156,0.59204229822966,6.82173992830918e-05,4.10653418225379e-05,0.000706883620162553,3
"19874",0.000563298985257844,0.00121412167795896,0.994796981292963,9.72743818360575e-13,1.73872446720127e-06,0.00342385931838035,3
"19876",2.99074314362853e-05,8.49913114194896e-05,0.999819974513216,6.32471838660044e-16,2.27775733871786e-09,6.51244661706286e-05,3
"19878",1.14476049072081e-25,0.49879023407836,2.70839341976104e-33,4.35875697070774e-06,2.98737150308822e-08,0.501205377290954,6
"19880",0.999631954184171,1.80535975212409e-10,8.57056679173409e-10,2.51665298561775e-20,3.8676612996156e-10,0.000368044391470508,1
"19882",3.73253604763865e-13,0.0238003271963298,0.000211805819909298,6.68660603206989e-19,1.95674955044221e-07,0.975987671308432,6
"19885",4.18433346658809e-06,0.508544337843452,0.487679675111246,0.000880677121654562,9.6455021413476e-08,0.0028910291351596,2
"19907",3.29711737794622e-18,0.842634960992739,0.0057853814311592,1.24326457432199e-13,1.44403478181215e-07,0.151579513172499,2
"19909",5.25796258030092e-22,0.0409229301911431,1.69409374572686e-20,0.955928288937896,2.8943749243613e-07,0.00314849143346871,4
"19911",6.25401816440819e-09,0.001811410298922,8.57927289696077e-21,0.862932792083463,1.66102143838849e-06,0.135254130342158,4
"19913",0.99952274682579,4.19897242920142e-16,1.48195132063135e-19,4.36704804350497e-19,2.63808240641813e-09,0.000477250536126622,1
"19915",0.996610663623961,0.000461469364591168,0.00283613030064776,3.80760804112225e-12,7.75016532943272e-07,9.09616904594475e-05,1
"19917",0.9845869182265,6.94904653725457e-05,4.73421905406979e-07,4.39827544476433e-08,2.33769342716094e-07,0.0153428401341252,1
"19919",0.275877011056164,0.0726275953161276,0.650027011332786,1.651284202438e-07,9.66028718810233e-06,0.00145855687931412,3
"19921",9.60498826639806e-12,0.0651391351147692,0.934586019634622,3.21198734166342e-09,3.93934556206918e-07,0.00027444809446069,3
"19923",1.17117124660173e-28,0.926393235043666,2.53524502497695e-14,2.66832587186673e-07,0.000134137818937209,0.0734723603047841,2
"19925",0.998657709666454,9.91222649534725e-05,8.52256296306757e-05,2.60977045861865e-11,7.64133856520197e-08,0.00115786599947864,1
"19927",9.67769624944976e-11,0.41468574120217,0.585149324558919,1.98349336017963e-08,9.56422056272966e-05,6.92721015729606e-05,3
"19929",0.00473767547230577,5.47170751747786e-18,1.9129703633393e-15,4.11192757988161e-28,4.48540323409632e-12,0.995262324523207,6
"19931",6.90124279252671e-12,0.997601600483661,0.000513635656416785,0.000584560156143819,5.94188952253819e-05,0.00124078480165163,2
"19933",1.48649231066406e-10,0.117235980599004,2.81684659932822e-10,0.882002961933916,1.68992588265925e-05,0.000744157777919723,4
"19935",8.55793195147155e-11,0.588430392239375,2.42762538141658e-08,0.0665042289134806,9.96232301443426e-11,0.345065354385688,2
"19937",1.69160205064581e-13,0.328505840462263,0.671011084413218,2.45975605794936e-07,0.000435398546367618,4.74306023767203e-05,3
"19939",3.40009989506299e-09,0.990883885017732,0.000694394164445166,1.24864355440541e-09,2.37908048659055e-05,0.00839792536421401,2
"19941",1.59003286633396e-08,2.3110251954096e-06,4.14630065507863e-26,0.358570609409739,3.53966675012946e-08,0.641427028268069,6
"19943",0.99863408036672,2.4081778179979e-08,8.07911617897989e-07,1.06661715738143e-15,3.12706977677224e-07,0.00136477493290522,1
"19945",9.9277380882392e-13,0.0906529058063943,1.42902175705804e-12,0.905507858307873,1.63230321184793e-05,0.00382291285119204,4
"19947",1.82043090445282e-08,6.24119104907572e-06,6.95815575742411e-26,1.96362284808683e-10,2.07678603460064e-07,0.999993532729676,6
"19949",2.5173162380008e-26,0.949794684975928,2.12109179392063e-14,0.00165157477409509,1.74294144200588e-05,0.0485363108355353,2
"19951",0.371895130274895,0.247496913117648,1.7325398447524e-09,1.87880944795152e-06,4.16116387040963e-06,0.380601914901598,6
"19953",5.59869341369409e-50,2.45755511642645e-07,6.69130825089831e-40,0.00434446325779157,0.995581258309911,7.40326767856437e-05,5
"19955",6.20105639227383e-36,0.135423590366935,3.12512089030443e-33,0.0284265212173566,0.00447102279946192,0.831678865616246,6
"19957",0.00161071248816957,0.0307131243876695,2.08277031045181e-06,1.87989575125708e-07,0.795299820821082,0.172374071543193,5
"19960",1.92033145101318e-18,0.0485504367411422,9.67012002167969e-34,0.0028146999796009,3.95749802075455e-09,0.948634859321759,6
"19963",1.94111929703557e-19,7.62160312565978e-24,1.8168126317851e-44,2.05390422239721e-18,0.999676397637481,0.000323602362518685,5
"19965",2.00850692334488e-40,0.352173966465337,2.86465582485159e-49,0.0520487831221863,6.27336803487551e-05,0.595714516732128,6
"19968",0.000814527921695866,3.81895272248133e-07,2.62315936107383e-16,1.3342687809573e-09,1.79136822033612e-18,0.999185088848763,6
"19971",4.49059850613058e-08,8.13929942358119e-15,4.27250685588506e-59,2.313316394207e-15,0.582759152559533,0.417240802534472,5
"19973",0.00145056700155957,0.0132138166922378,0.985164961714725,4.33768953776707e-08,4.51619847917905e-09,0.000170606698384311,3
"19975",0.95426374465057,0.00026938342793724,2.1665474665774e-08,1.18930368847354e-09,3.17838017746932e-11,0.0454668490349305,1
"19977",5.2989177258685e-11,1.30664278977129e-11,3.02615011821064e-42,7.46296967293448e-21,2.27822140807696e-06,0.999997721712536,6
"19979",1.00021178569276e-27,3.22806322886477e-05,1.00351730134555e-58,0.988297218263041,1.10923104003602e-05,0.0116594087942699,4
"19981",6.51239056411837e-12,0.99656735783795,1.90572815611262e-06,0.00218264253735959,3.30033853693785e-06,0.00124479355148455,2
"19983",1.59671189780108e-15,0.990209622290331,2.55567142611511e-05,3.58988713307847e-07,3.77630537788488e-07,0.00976408437615529,2
"19985",0.339153339097276,0.000566835600803039,0.657165862750104,1.51620778412911e-14,2.51218510638694e-08,0.00311393742995121,3
"19987",0.0160096335686602,0.804036801382408,0.004647917097023,0.0643375191752279,4.81776968903559e-07,0.110967646999712,2
"19989",9.48422772687901e-44,5.29496287796418e-05,7.66350788219857e-47,0.994353083022304,0.000231640682281192,0.00536232666663489,4
"19993",2.53023261564811e-07,0.971092411951103,2.77717276554538e-18,0.00412971404492412,9.75164887562281e-07,0.0247766458158239,2
"19995",1.1970189003216e-08,0.128860417331459,1.44370807442604e-15,0.644869775794904,7.21835777005918e-08,0.226269722719869,4
"19997",1.20567226599475e-05,0.0517776434721556,0.947793678099587,1.61865284350042e-08,6.75146474717044e-07,0.000415930372594041,3
"19999",0.998139233414813,0.000356024607445016,0.000425543739475096,8.10538155764135e-16,1.67473194601471e-08,0.00107918149094605,1
"20002",1.58144733834813e-15,1.07559797948655e-22,5.57517225046926e-38,2.02645868708184e-20,3.15124307373321e-12,0.999999999996847,6
"20004",2.27398251816694e-12,0.00109732168622766,8.44203765473369e-16,0.848937045873878,2.54314900501474e-10,0.149965632183304,4
"20006",1.4028988118775e-23,0.012692670262241,1.17056301241507e-33,9.81121646469663e-08,2.84507369007249e-07,0.987306947118226,6
"20008",4.80433534487892e-25,0.00115677289638415,7.04811517593075e-38,0.000431661940735704,5.98600115530677e-06,0.998405579161725,6
"20010",1.05788000626968e-20,0.521932145542806,4.13995577764594e-17,0.4370301889658,0.000195321330560932,0.0408423441608331,2
"20012",0.0702109022143143,0.000655297204305071,2.0887732336577e-15,1.99018420463761e-17,1.03332726067811e-08,0.929133790248106,6
"20015",3.85925102076822e-35,0.000674153430447857,2.01689351136539e-51,0.982746591195825,1.59745244642042e-12,0.0165792553721299,4
"20017",0.00017504840122071,0.00301349590170695,0.996379359135795,1.01861051691101e-13,3.28157920915296e-09,0.000432093279596575,3
"20019",1.34614284131648e-47,5.02826868767401e-06,3.29525920710028e-75,0.967052023800093,7.70846877448276e-06,0.0329352394624443,4
"20022",5.36738582839677e-19,0.44762053682817,1.14090060753921e-17,0.539915451688654,7.22416692023438e-06,0.0124567873162559,4
"20024",7.24471839824547e-69,4.78283133097792e-10,5.0861614610725e-69,0.000555672737906607,0.272189368447478,0.727254958336332,6
"20026",7.24471839824547e-69,4.78283133097792e-10,5.0861614610725e-69,0.000555672737906607,0.272189368447478,0.727254958336332,6
"20028",0.00887020001103625,0.00120095424454917,0.989734425725666,4.72062224273025e-12,2.04958661865566e-07,0.00019421505536576,3
"20030",1.73772151592e-20,3.5933610962768e-06,2.2496039726542e-39,0.876046002839548,6.57716011890844e-12,0.123950403792779,4
"20033",0.864351442276718,0.133508481125761,5.28113528835908e-05,6.43944369132642e-06,2.09260492988428e-05,0.00205989975164725,1
"20035",3.47021314145581e-51,4.21789329699733e-05,4.71285614561633e-75,0.950995667877221,3.72655493177496e-05,0.0489248876404908,4
"20037",1.89929526756793e-53,0.000484040644137008,5.49811121639684e-69,0.970114471076318,9.97687692612323e-06,0.0293915114026194,4
"20039",1.2489307184078e-97,4.31022022357207e-16,1.61264259914703e-85,9.30395493916556e-13,0.999999978597751,2.14013179166038e-08,5
"20041",8.87575386663098e-20,0.982033554824864,1.52274153803519e-18,2.54222079890394e-08,0.000650267248200819,0.0173161525047272,2
"20044",1.39888011266692e-16,0.844429581193677,1.75416014080963e-23,2.21703745268267e-08,0.026158030811217,0.129412365824732,2
"20047",1.97838385567209e-41,1.79998796611766e-08,9.97698517528362e-84,0.936486076534034,0.00538179514950407,0.0581321103165821,4
"20050",1.86457388215757e-21,0.151906149984882,1.45111121237413e-29,0.0814432838872819,0.747227815609313,0.0194227505185233,5
"20052",0.10075875356406,0.842377569464851,0.00662737126218198,0.0372898282079065,0.0012277458920888,0.0117187316089109,2
"20054",5.61473613201916e-20,0.0658853622808251,1.23634430975281e-29,0.8949337484243,4.03484609029627e-11,0.0391808892545265,4
"20056",0.679692458183824,1.12168318194676e-08,1.3808508201743e-16,2.44118071053019e-07,7.63917503870621e-08,0.320307210089523,1
"20058",4.76849345554753e-50,0.000156053438999864,9.23694897420842e-47,0.987871577059392,5.54188792822808e-06,0.0119668276136796,4
"20060",2.71874250335241e-08,0.848725010434051,0.138820447771476,2.59021651719124e-06,1.11579843102675e-07,0.0124518128106876,2
"20062",4.69620794822076e-08,0.98676821218275,0.000303118221211525,0.00029938128919961,9.50601819748622e-07,0.0126282907429399,2
"20064",5.22163904938959e-08,0.0870022770568227,2.54541292438079e-13,0.908657437572022,1.27430220113069e-07,0.00434010572429056,4
"20066",1.64332323504754e-30,5.82329862588575e-07,1.50134131283677e-63,0.910137569264446,4.99578758031853e-09,0.0898618434099038,4
"20068",6.83559414493121e-11,0.36544534684002,0.628069411211552,1.13001756780166e-11,4.12660830422323e-08,0.00648520060268856,3
"20070",2.67914725592237e-18,0.993516769299877,0.000705407642610633,2.90145964599525e-08,0.00492397514419468,0.000853818898721344,2
"20072",5.62792161178931e-46,0.0558830162414738,3.36533858449968e-45,0.0688270741089705,5.84533271286041e-07,0.875289325116284,6
"20074",0.981944942968317,9.82122818699484e-17,3.25081083670259e-18,2.56976326018843e-27,3.53948788067035e-11,0.0180550569962883,1
"20076",0.00753319293374678,0.000195344385833103,1.28633374351944e-11,1.02555570319195e-07,2.56798882382435e-12,0.992271360109418,6
"20078",7.33359497323753e-14,0.0180227027418597,6.03669845059869e-19,0.977426693505819,2.22322528774043e-05,0.00452837149936985,4
"20080",1.50407672969589e-34,0.000673898074945202,1.67004917460134e-58,0.990642905698308,3.2683794214642e-05,0.0086505124325317,4
"20082",1.81776386521936e-52,6.64173034302372e-11,1.06097121512435e-53,0.000104663168713001,0.999895333104043,3.6608267490606e-09,5
"20084",4.45477915222345e-08,0.00023269011862515,2.18741364969419e-22,0.976822538699738,0.000554623700838879,0.0223901029330063,4
"20087",3.72714765364257e-27,0.0992335461384371,1.95150689224987e-22,0.849688928455824,6.05220228277214e-07,0.0510769201855103,4
"20090",3.79743111631884e-35,0.0101249578374915,7.2965910571163e-58,0.977755579312113,0.000660871001152586,0.0114585918492429,4
"20092",7.27411947533402e-62,0.000169919409370227,1.7557566392587e-32,8.84510933820276e-09,0.99981373514018,1.63366053402838e-05,5
"20096",2.06276726451413e-18,0.00375840213997522,5.96372133748685e-14,2.93355464994975e-05,0.995607805037884,0.000604457275581173,5
"20098",0.852214789075774,0.13779905905016,0.0091875552806621,1.59119561220215e-07,7.95260461747872e-05,0.000718911427667985,1
"20101",1.19314489576535e-14,0.0067247487555938,1.56602054796958e-45,0.941302580176656,0.000557047080196691,0.0514156239875411,4
"20104",6.98296206672301e-44,1.97162102244228e-09,4.39256903616689e-21,1.41748410745147e-24,0.99999978367648,2.14351898429598e-07,5
"20106",1.19835956066815e-13,0.114724071164286,1.10532492564331e-31,0.873000452658403,1.18713305534147e-08,0.01227546430586,4
"20108",0.000267657455279383,0.373680558625415,0.61841531581835,0.000359042706048815,4.49625350354823e-07,0.00727697576955669,3
"20110",5.84090304181707e-07,0.0433559369463337,9.28965388854325e-11,3.65593793816447e-06,0.87582737404415,0.0808124488883778,5
"20112",5.21875264589073e-19,0.562951182182164,1.26742507385925e-30,0.42279081125661,0.00188578085176944,0.0123722257094569,2
"20114",5.00782814478194e-06,0.000602970010385659,7.07290105128612e-16,0.983003211176129,3.67056275939681e-05,0.016352105357746,4
"20116",1.56304131440437e-06,0.0256703062523568,2.82989048216233e-22,0.872627246073676,1.63188898611603e-09,0.101700883000764,4
"20118",0.0165111441877511,0.714685297577688,0.000796366444311202,0.266329720182027,0.000127027031402392,0.00155044457682035,2
"20120",9.48003393177483e-14,0.222533267379976,1.01791091066247e-29,0.647033793994151,0.00358738544327947,0.126845553182498,4
"20122",0.997813024499678,2.82310476158952e-08,1.13435618233047e-09,2.84419928580322e-13,1.86437985756824e-10,0.00218694594819578,1
"20124",1.50966404237064e-43,0.00770092702221077,2.5646478057363e-50,0.938921979755298,0.00759953647563013,0.0457775567468611,4
"20126",4.00601493120262e-67,2.20200805770168e-15,4.33705024873382e-76,6.04647326005152e-11,0.999999828029414,1.71910118568174e-07,5
"20128",1.21661599930339e-77,3.53566419760329e-15,1.93565756424482e-112,0.000182819829939909,0.999543488957527,0.000273691212529227,5
"20141",3.15102606866692e-23,6.20086226552899e-06,2.54872375144677e-13,4.70298664330845e-16,0.999993732165403,6.69720758235073e-08,5
"20143",0.00156740806982608,9.77787704087842e-15,2.82590631569876e-34,1.59659492371279e-22,1.2679521675059e-07,0.998432465134947,6
"20145",1.34851389351754e-15,0.118775022761905,2.7841294800511e-18,0.877577806439732,6.71923164158036e-05,0.00357997848194572,4
"20147",1.85068167300664e-14,0.225464346189613,4.59465507041391e-22,0.770845378919133,3.65388292871063e-06,0.00368662100830702,4
"20149",0.991522800195732,1.99245884295112e-08,2.34537813002836e-06,2.28974184041149e-15,3.86417606018938e-07,0.0084744480839414,1
"20151",0.736674865922454,0.0918100519217716,0.169760078204947,4.36151597784577e-06,4.75724109282323e-07,0.00175016671074047,1
"20153",0.784657750575573,0.011790413686345,7.27189393322223e-10,3.53511208520653e-06,0.190610738091178,0.0129375618076294,1
"20155",1.47297665772349e-24,0.832211658191309,4.01008678056934e-36,0.15773079836496,2.25696060860297e-07,0.0100573177476699,2
"20157",0.964529714857317,0.00845292020005808,0.0061287445631259,2.23168328163406e-08,1.1139594456958e-06,0.0208874841032211,1
"20160",0.999777447198148,3.14352374326539e-15,3.63391685877203e-17,3.67393592391877e-20,6.14963981960413e-10,0.000222552186884625,1
"20162",0.999694973582462,8.58895356784988e-09,1.00271415930946e-05,3.91609029845253e-18,1.9877231613796e-09,0.000294988699267829,1
"20164",0.820502300639087,0.000517763569229247,4.27048506076156e-10,3.70761557363739e-09,5.03232824610913e-05,0.178929608374559,1
"20166",7.85280780639733e-20,3.45637936653164e-09,9.62588638016789e-55,0.0100673815008606,1.8900520835019e-12,0.98993261504087,6
"20168",8.17910868299842e-26,8.81108866917777e-18,1.95990561115699e-45,5.42468647717478e-15,4.42811711297918e-15,0.99999999999999,6
"20170",0.998949387749815,0.000740175865621865,0.000163202529743408,7.32272255034693e-09,2.80789521433961e-05,0.000119147579953794,1
"20172",2.59829321582994e-28,0.193580482740528,4.40937129244767e-21,0.804419758217689,7.1262760500289e-05,0.00192849628128269,4
"20174",0.00142440868346749,0.000101003287275876,0.98211123783651,8.75054108354307e-19,7.01726671995294e-10,0.0163633494910195,3
"20176",6.28714287648055e-26,1.36737855122004e-08,2.48830814346156e-34,1.13923390624933e-14,8.34059921593088e-10,0.999999985492143,6
"20178",0.999674590861667,3.57189580626828e-16,1.12553866880526e-18,5.57921484084794e-21,1.81403764392566e-09,0.00032540732429504,1
"20181",1.79645290456255e-14,8.47075249251353e-06,5.10235942928687e-44,0.758602919052944,3.02312201659701e-11,0.241388610164314,4
"20183",1.26583447743137e-14,0.966538142420005,0.0310695596901564,0.000128660342104073,0.00169465927018268,0.000568978277538685,2
"20186",3.6075229478611e-41,0.981316190252377,1.2620023608577e-12,7.5037374262566e-06,0.000901363878821261,0.0177749421301136,2
"20188",0.998438866499663,9.5560219028148e-12,1.65179091799463e-15,2.30102438140964e-18,4.33740072871486e-09,0.00156112915337858,1
"20190",3.08124659198942e-28,0.00118069323935564,1.50253235684642e-48,0.98898202130983,2.03362893102157e-09,0.00983728341718486,4
"20193",1.27130140706911e-07,9.93030646193257e-15,1.128423221379e-48,5.28318198890846e-16,1.41112170605412e-10,0.999999872728737,6
"20195",0.782461750956629,0.110797827329039,3.53200761600715e-14,6.93921148418556e-06,4.46007606386667e-05,0.106688881742174,1
"20197",7.69908832811746e-24,0.4704956385993,1.03114027272749e-25,0.524436732811874,4.62356065796683e-05,0.005021392982246,4
"20199",0.999188770334056,1.90097161671768e-05,5.03038084021035e-07,1.50841714144112e-14,7.54907955885739e-06,0.000784167832119249,1
"20205",2.15264157071926e-60,7.38233939812694e-08,6.29560928254854e-48,2.62944263263234e-09,0.999999922262919,1.28424432972097e-09,5
"20208",0.0122900134999194,0.983197332682299,3.75192412802863e-07,5.21729507818668e-06,3.15055642142994e-05,0.0044755557660761,2
"20210",0.999867311427362,3.39981096430215e-07,4.13564894115635e-07,4.27441888311432e-16,1.74293901950611e-08,0.000131917597256802,1
"20212",0.987844575363407,0.0074968824290235,2.26563973269599e-07,2.88279054389792e-09,7.44181154971699e-06,0.00465087094925576,1
"20216",8.77280786396386e-16,0.097784547392768,9.43842533313389e-24,0.830883762605941,5.9423126966971e-09,0.0713316840589781,4
"20219",1.3032442822982e-20,0.000487409939241533,1.98329729473336e-25,0.919904947684661,0.0780053440550605,0.00160229832103742,4
"20223",2.14817786583591e-71,2.78409487821553e-07,8.49942186047667e-80,0.00171575903856331,5.87845219298714e-07,0.99828337470673,6
"20226",2.45605618928547e-10,0.971565402584307,8.22466708754581e-15,6.35454570041519e-06,7.42326860936733e-06,0.0284208193557695,2
"20230",2.11920803210866e-36,0.000243472637522662,8.27200444945379e-58,0.988706827698078,1.69093094885567e-06,0.0110480087334503,4
"20233",1.23396684575218e-44,2.08831158162089e-14,1.71758494357337e-26,2.16293467621526e-23,0.999999999900571,9.9407804163591e-11,5
"20235",1.23365623747966e-59,0.0243101364854095,2.9474183942784e-55,0.0035234166794338,0.632080062337851,0.340086384497306,5
"20239",1.27046417130384e-32,0.121529428010336,4.20069981622006e-25,0.0699252327967647,1.71738203221999e-08,0.808545322019079,6
"20254",1.18483178258217e-55,1.61300920656891e-10,5.95998627919153e-63,0.000210731824420957,0.99978919308414,7.49301383312511e-08,5
"20256",7.60210606192053e-40,0.0245686862257809,4.9883544561168e-41,0.97025585802262,6.21496815472603e-05,0.00511330607005179,4
"20262",0.998572644165618,0.000418378368830571,0.000892032319365013,2.44458284049417e-09,7.31844811667359e-08,0.000116869517122207,1
"20270",1.20148564985093e-18,1.48778988617004e-05,7.31087209695295e-35,0.0225517638550161,7.21111180430388e-12,0.977433358238911,6
"20284",5.02530389940336e-24,0.136487125668015,6.89803771979054e-09,3.84668202016218e-05,0.860303453489069,0.00317094712467634,5
"20287",1.0375416316332e-55,2.51051081427952e-05,4.30379016091197e-77,0.957280159936096,1.692755840844e-08,0.0426947180282027,4
"20290",5.30126558922564e-28,6.25017807612302e-06,7.70472605010415e-30,1.40461969704631e-08,0.999988966122526,4.76965320133659e-06,5
"20293",9.08061456749612e-16,0.225896490187574,1.15093500118039e-12,0.772982993520395,0.000689391127574524,0.000431125163305212,4
"20296",0.465517636379012,0.0149010822049721,0.000112322061252881,0.00104891962772924,4.43925901275272e-14,0.518420039726989,6
"20301",4.3093509122466e-36,6.70140456826216e-09,4.58071036071834e-101,0.0765049640798093,1.10449063557859e-06,0.923493924728151,6
"20304",1.543190850789e-52,2.13610426218479e-10,1.27328986504109e-48,3.42538476788201e-05,0.999965745573034,3.65676610910287e-10,5
"20306",1.55997265124624e-47,9.55848618539514e-05,4.39440605006614e-52,0.978041576201126,0.000840586780709037,0.0210222521563114,4
"20309",1.36929540110405e-15,0.995680369539131,3.30561881895231e-18,0.00298844055957196,0.00115805421888449,0.000173135682411494,2
"20311",4.45269250635249e-15,0.000223559139959605,4.03215455376404e-27,0.955318200225082,2.7862786502849e-07,0.0444579620070886,4
"20314",0.672908115032195,0.220489302905109,0.105390905028554,0.00057955711801463,3.59356705311974e-05,0.000596184245595968,1
"20318",0.000429773948966526,8.65283759319952e-15,7.61359936552512e-31,1.38059534441591e-12,3.1156479543949e-10,0.999570225738079,6
"20320",6.06311370640357e-15,0.728163155722742,2.870918264264e-11,2.144914464936e-09,0.00375111404569473,0.268085728057934,2
"20326",0.0672581326552219,0.870100444688886,0.0533650192646292,0.0064690571010154,0.00213348672768243,0.000673859562565311,2
"20328",1.41342379423879e-29,0.991155063340352,1.02448346909678e-12,1.34071395396685e-07,0.0024714588515353,0.00637334373569312,2
"20330",4.55612068842469e-32,0.455645344901309,3.13917288073646e-35,0.0402649014364591,2.8363953780769e-05,0.504061389708451,6
"20336",2.46994037006125e-37,0.000627612780238591,4.43971841292279e-18,9.37209208988917e-05,0.999278511227238,1.55071624515152e-07,5
"20338",2.35933539180827e-24,0.000164733544606785,4.02685564725805e-31,0.000690630810360861,0.999143397905862,1.23773917062865e-06,5
"20340",1.25893349684343e-43,0.000219470691961714,5.06333769922156e-58,0.915688854153929,1.2361988011938e-05,0.084079313166097,4
"20342",3.88667893779214e-46,5.42673351926837e-19,3.35673222836844e-61,6.5936272557977e-20,0.996789091050956,0.00321090894904432,5
"20344",5.1412156825589e-31,0.00778358138876142,1.81425066631908e-32,0.987653247279059,0.000148605443946553,0.00441456588823254,4
"20349",4.6440782200124e-41,0.000195079751666557,2.56842765522176e-43,0.989602788111191,4.95715105825183e-06,0.0101971749860842,4
"20351",6.79537594088951e-16,0.997290503192955,8.96120037967104e-17,0.000823808381314698,0.000390165843116687,0.00149552258261274,2
"20353",4.16164931653525e-37,0.880334735213539,1.96068767454468e-47,0.053107952381537,0.0409934141147579,0.0255638982901655,2
"20357",9.91654555617611e-71,1.70053690163963e-08,5.1585723172871e-53,1.71229470766579e-07,0.999997510913488,2.30085167235521e-06,5
"20360",3.72031664909116e-58,1.85872547826329e-07,6.47355146530742e-59,1.34777756202047e-15,0.930032706229746,0.069967107897705,5
"20364",7.48162916899694e-18,0.771638703906828,1.50869317127566e-19,0.223631832473815,3.84426173822271e-05,0.00469102100197432,2
"20366",1.90176608024892e-41,5.73934279762895e-06,4.68628739634289e-26,4.84320039938697e-11,0.999994254679316,5.92945437404653e-09,5
"20381",1.30013650940214e-10,2.84919019782648e-10,1.97734392975478e-11,4.35213448813062e-22,2.27866639578453e-05,0.999977212901336,6
"20391",8.57415036600891e-59,0.00758321408792377,7.7725181799635e-25,4.15795144442361e-07,0.00072209691248101,0.991694273204451,6
"20394",3.68347541415007e-09,0.94743316585497,0.0140360838461114,5.06543712049568e-08,1.69621187432381e-07,0.0385305263398848,2
"20396",0.011094582512698,0.000378113115178519,0.024485558575372,2.23636881607189e-22,5.48593711957267e-09,0.964041740310814,6
"20409",1.99312207392348e-05,0.00165148863312259,2.55243927087417e-13,0.906639950601357,6.25526058494076e-06,0.0916823742839414,4
"20411",4.90905808111613e-47,0.0279912430043224,2.16890967021584e-39,0.798196530408554,0.173555182894896,0.000257043692227893,4
"20416",1.3571370284626e-92,4.05579723386966e-13,1.36911112269039e-98,0.000119207361259273,0.999872911072119,7.88156621650883e-06,5
"20418",0.226170053243625,8.04605694685866e-06,0.00210521385588814,5.90378423729775e-23,2.8344852426381e-09,0.771716684009055,6
"20420",1.10659389238178e-37,1.74142661179363e-09,2.04013997997744e-20,5.06324764489562e-23,0.999999998093586,1.64987726926527e-10,5
"20422",1.80955738458859e-23,0.0233214134238277,6.43513732007958e-45,0.750281965403317,8.69598872396107e-10,0.226396620303256,4
"20424",4.70537349857753e-42,0.292306448852707,1.48364413206811e-38,0.683494447343479,0.0158326898241927,0.00836641397962088,4
"20426",9.94367949667293e-38,5.31832105388084e-19,4.86792742006626e-55,4.26267023291522e-22,0.999999997301767,2.69823343961234e-09,5
"20428",2.13030770511532e-19,0.907178806424116,2.17391569914806e-17,0.0518777365541262,9.33169398053665e-09,0.0409434476900641,2
"20431",1.11596237359633e-05,0.98338913822438,7.96887190667676e-22,4.78833483983515e-06,0.00483726164899919,0.0117576521680452,2
"20433",1.15819445977476e-51,1.05708511306571e-06,1.46489581199074e-73,0.0213335118415051,3.67752511858916e-09,0.978665427395857,6
"20436",1.19205722667114e-29,3.78616341154873e-09,8.7998631873095e-46,1.02710434082114e-10,3.94675031982199e-10,0.999999995716451,6
"20439",2.68162096396671e-05,6.88236527838789e-05,0.966288421603121,3.82596370933368e-17,2.66269630357881e-10,0.0336159382681854,3
"20441",2.61252403697217e-42,6.74349045096345e-05,1.12431997549732e-39,5.13053012335189e-10,0.999932295763997,2.68818440387627e-07,5
"20444",0.999377499113453,6.30662190170114e-13,6.01309189217139e-10,2.24572213634001e-20,1.0783837043817e-09,0.000622499206223011,1
"20448",3.7402508249182e-07,0.0244173989646024,2.54723200061596e-11,0.000124023049853877,0.970961042797168,0.0044971611378206,5
"20536",8.19502775834858e-17,0.405516520143658,0.0996624100649885,3.27348804987942e-13,1.49217469732957e-08,0.494821054869279,6
"20538",2.3085969408241e-43,1.23413795520617e-05,1.4488205520427e-24,0.0025086244616992,0.997478950864663,8.3294086324818e-08,5
"20541",1.27025275224422e-44,0.000164952289649968,2.33817535192094e-55,0.988278876849284,0.00409746692634704,0.00745870393471879,4
"20544",3.42326681380683e-12,0.421206416767524,1.61836286475258e-12,0.577451215249355,0.00012677858771124,0.00121558939036755,4
"20546",1.45617222175802e-36,0.0361060415100538,3.93470514133211e-28,0.956922118197743,0.000127833649715132,0.00684400664248827,4
"20550",4.48915691088267e-17,0.851684186483193,1.87000290062029e-23,1.12977089286227e-07,3.14477534939313e-06,0.148312555764369,2
"20553",4.10071583831178e-72,8.68836157426989e-25,6.14812704602629e-131,1.4049836199029e-09,0.999795910620089,0.000204087974927768,5
"20555",9.04100236139149e-59,1.99463563046663e-10,4.811647379964e-28,9.94587062322657e-22,0.999999998170452,1.63008413106855e-09,5
"20557",1.45416553352602e-14,0.964487859866606,9.2553503996713e-21,4.00433774806296e-06,0.0346946021612992,0.000813533634331465,2
"20559",5.33851820015683e-17,0.0426717771391882,5.25998098386642e-27,0.944034441130906,1.38064360863431e-07,0.0132936436655447,4
"20561",0.994725738419508,0.00426761864105142,3.02736419129686e-05,1.83024686443423e-08,7.31805199607394e-06,0.000969032943063259,1
"20564",0.999674590861667,3.57189580626828e-16,1.12553866880526e-18,5.57921484084794e-21,1.81403764392566e-09,0.00032540732429504,1
"20566",1.41605515383284e-12,0.61512641589565,9.04004891473821e-17,0.36086009714043,5.25683611290662e-11,0.0240134869099353,2
"20569",0.996346754683477,0.00120239833012012,2.67320759385191e-05,2.55140224804553e-13,6.2833032973694e-09,0.00242410862690574,1
"20572",0.709585327915601,3.6320141945024e-06,4.66175035852541e-10,7.9844386074826e-13,3.83519691893105e-10,0.290411039219711,1
"20574",3.72611295335444e-19,0.0394671399598629,1.72394498057656e-37,0.953047279213496,0.000488785973455801,0.00699679485318591,4
"20576",0.999202782011449,6.95025685450725e-11,1.50379746805259e-16,1.13104597494799e-15,1.25323602483011e-08,0.000797205386687239,1
"20578",3.6669103451377e-07,0.913999788984572,1.44878928266582e-10,0.0807060102246307,1.80880797158483e-06,0.00529202514691204,2
"20580",1.9334360869577e-12,0.0882436654366094,1.10061099946866e-10,0.901386068158912,3.36655855132676e-09,0.0103702629259252,4
"20583",0.999724962117275,1.75247735576767e-12,4.43619529971442e-15,6.02488634492704e-17,2.88528810949251e-09,0.000275034995680106,1
"20586",3.25200940218325e-24,0.210390518302777,1.51520378660646e-14,0.779499420877526,6.01764669909146e-06,0.0101040431729828,4
"20589",1.23768177311532e-43,0.0627667521618162,2.45163342817127e-45,0.925136726951039,5.09070972295308e-06,0.0120914301774215,4
"20591",8.18636806535537e-31,0.234733485820064,5.85571557776049e-13,1.08341069887541e-14,0.765218000537866,4.85136414735772e-05,5
"20593",5.68449233790298e-44,6.51853240636609e-05,1.95416575054668e-86,0.933457358689263,1.66689795693839e-07,0.0664772892968781,4
"20595",1.0043927533555e-14,0.25247015758973,2.82379085601134e-23,0.746869296258735,5.86656434776381e-05,0.000601880508047304,4
"20597",1.19240201030412e-22,5.00135858956823e-07,1.32423874910338e-06,5.12095121813462e-24,6.48871785621476e-10,0.99999817497652,6
"20599",0.999094042009618,2.74051882030366e-15,2.2184276938575e-20,4.39526812854543e-19,4.49810075166748e-10,0.000905957540569853,1
"20601",2.75346636113816e-07,0.347552130886393,0.651446440539275,7.24615506342613e-07,1.75659376539626e-05,0.000982862674535777,3
"20604",9.67279645208209e-27,0.000295270600463732,7.57032924895822e-56,0.989801111404912,1.5402854315116e-07,0.00990346396608146,4
"20606",3.18874058753754e-32,0.00128102963406963,2.42512523930948e-47,0.9785822581162,9.6621284303166e-09,0.0201367025876014,4
"20608",1.81043031922076e-25,0.396141503901954,1.18401874156575e-37,0.59241703750674,1.86152457476913e-09,0.0114414567297811,4
"20610",0.995434868318116,1.19554861881961e-06,7.10948529061825e-21,2.9687646896617e-14,2.3323969800961e-06,0.00456160373625573,1
"20612",1.93514605465296e-54,4.20398521587702e-19,8.67574465519915e-58,9.37280232967354e-14,0.0095907140467677,0.990409285953139,6
"20614",0.999574113254747,5.27389640613091e-07,2.12694622019871e-06,1.86599552300099e-15,5.81076133939746e-08,0.000423174301777476,1
"20616",6.90200862592042e-10,0.775204232126473,0.000264185791203789,7.87019901089887e-06,7.13735158864726e-07,0.224522997457953,2
"20618",3.02739925010024e-31,1.02633376082442e-07,4.84069971148252e-26,1.31454370061208e-07,0.999999412141443,3.53770810573261e-07,5
"20620",1.97264275261502e-22,1.69431484880424e-05,2.56067348097899e-40,0.0202829230972336,2.99610095217657e-08,0.979700103793269,6
"20622",0.993525196175271,8.9199817297532e-09,3.41646085185823e-15,9.28504966988225e-12,2.62585948760254e-08,0.00647476863686386,1
"20624",7.82287786137569e-43,0.00752221497589339,4.99069667352301e-41,0.757047426846341,0.235412073856247,1.82843215194361e-05,4
"20626",2.59541644816177e-15,0.00863094791118663,2.02046634710966e-29,0.00237728765223273,3.78575301809728e-11,0.98899176439872,6
"20628",8.46635636009942e-25,0.474637224367506,1.13004888090948e-23,4.26650144413072e-10,1.22924621985459e-05,0.525350482743645,6
"20630",3.69142140264051e-11,0.866399355259281,1.89347123309964e-33,0.0355368116000684,6.90461579050064e-08,0.0980637640575787,2
"20632",0.997468124967144,2.13238657172222e-09,4.9027035013292e-09,8.68751204208296e-23,8.94452784388171e-11,0.00253186790832102,1
"20634",1.40578512494202e-31,0.0114593007936682,3.03842862787822e-47,0.972294980310795,7.38550399308882e-08,0.0162456450404971,4
"20637",1.7433243028933e-30,7.58094402310842e-08,1.45923844044276e-49,0.000173267106443316,0.999736922704533,8.97343795834099e-05,5
"20639",0.998031101222601,9.28805858679054e-05,3.20407630888493e-11,4.84621190853045e-13,7.87989772844269e-06,0.00186813826127669,1
"20644",9.51284851737673e-88,6.18586425655791e-21,1.74062043326664e-128,3.6289242434063e-09,0.952332303571693,0.0476676927993827,5
"20646",1.02398570499261e-44,8.77093473848154e-07,4.2179628767503e-72,1.46081419721639e-08,0.000230945789523866,0.99976816250886,6
"20648",0.318840147538314,0.0204531626069392,0.660582638481475,2.24757871710242e-08,4.5541463997365e-05,7.84874334879225e-05,3
"20650",1.44899612111439e-51,2.77961726862427e-05,8.52919715329929e-53,0.334986642555774,0.662286147294308,0.00269941397723128,5
"20653",2.04415498902766e-12,0.548922734327781,1.14790813167141e-07,3.44980130148292e-10,3.32155120642831e-05,0.451043935022318,2
"20658",5.45569122613895e-42,0.00614557557487291,1.32120178326473e-44,0.923248460737853,3.72895877559096e-10,0.0706059633143784,4
"20661",2.41754439081947e-61,7.11161069620174e-09,2.98233990766657e-40,2.12761166189927e-10,0.999999951230462,4.14451663948754e-08,5
"20663",4.02326713031108e-18,0.87686964742535,4.4108514577259e-08,0.12214171586266,7.91995690590904e-05,0.000909393034416297,2
"20665",0.99651206025805,1.94383767849631e-15,1.19006726978265e-19,1.22390440752749e-16,1.10173915402436e-12,0.00348793974084651,1
"20667",1.82870099690517e-17,0.724837612382885,1.82136528729472e-15,1.13961021507924e-08,2.92947042640635e-05,0.275133081516747,2
"20669",1.21413107481243e-19,0.00026711563246385,0.00020149692551057,5.99215196860962e-22,4.27877730371594e-06,0.999527108664722,6
"20671",7.30463075718601e-20,0.00870436371834583,6.45438290562279e-27,0.0584451009744439,0.932561252350098,0.000289282957111856,5
"20673",1.31856065152824e-15,1.1112067980437e-07,9.97879885194436e-05,2.53473959544387e-25,2.36479731872459e-10,0.99990010065432,6
"20675",4.8983809868662e-22,0.610845349089912,0.000193255793586712,4.72012106563787e-06,1.47869363255234e-08,0.388956660208499,2
"20677",5.39402879833059e-22,0.940271127053977,1.62718065957389e-08,0.0194422957531075,2.64116471571219e-08,0.0402865345094621,2
"20679",6.16484401197879e-09,6.57815608932315e-05,0.478446856246561,1.76486620485488e-25,8.19683934984939e-07,0.521486536343767,6
"20681",7.93687983992196e-19,0.513494459361858,0.473065576024995,7.60870259889791e-13,2.75023098026433e-06,0.0134372143814057,2
"20683",4.88556486585556e-20,0.929729374731851,6.37903457141109e-13,0.00630893193013684,1.73548182914364e-08,0.0639616759825559,2
"20685",8.09106374280506e-40,9.5589649808331e-09,3.12173867360249e-20,2.08562847961613e-22,0.999999987340091,3.10094392829601e-09,5
"20687",0.0586355012710903,0.000137510379142646,0.940936897939752,1.45326275017169e-12,5.29595975060865e-07,0.000289560812586506,3
"20689",1.96047849530988e-95,9.27686905646537e-19,1.14922333734491e-105,1.29166441348462e-10,0.999999416141217,5.83729616374861e-07,5
"20691",0.999542162744182,2.13457278365454e-11,3.0184426695773e-09,8.39639410192656e-18,1.34324725611319e-08,0.000457820783556462,1
"20693",3.50460562693944e-48,1.03576313574415e-05,1.01458825699454e-51,0.957790843775027,4.59023768082989e-05,0.0421528962168077,4
"20695",0.12526597829389,0.822489082633994,0.0498485079998338,1.00559598520253e-07,0.000532967037315184,0.00186336347536865,2
"20697",7.66073699857226e-16,0.00315636480851051,9.77663752299183e-38,0.976625397273227,4.86199848532735e-07,0.020217751718413,4
"20699",2.7254778306624e-15,0.897215412832831,5.59488054343972e-08,0.0674268504390876,1.24002600826751e-09,0.035357679539247,2
"20701",3.13167774011142e-31,0.861497859373623,3.86538143639334e-20,0.11387508764946,5.0982363126739e-06,0.0246219547406049,2
"20703",1.81108567256068e-35,2.62127259973871e-10,5.76361798072419e-21,5.21623891047673e-30,0.00289212983454508,0.997107869903328,6
"20705",2.10533719702267e-32,0.00545254203487995,1.22099881718007e-30,0.938592720231208,2.47463723037989e-06,0.0559522630966814,4
"20707",2.97067639945758e-10,0.223160386505868,0.775791855253156,6.89703124024412e-05,6.48209135363811e-05,0.00091396671796985,3
