"","V1","V2","V3","V4","V5","best$classification"
"19811",0.00502627781630216,0.944147254240806,0.0508147867311704,1.15648976143205e-05,1.16314106583086e-07,2
"19813",3.00662073157842e-10,6.72160796225578e-12,0.999999996759017,4.65358227952155e-26,2.93359917000136e-09,3
"19815",0.335655170917489,0.661136589749157,0.000454498620660014,6.76082968887599e-15,0.00275374071268811,2
"19817",0.0423045539094639,0.957528071822745,0.000152226579975746,2.36263478169304e-06,1.27850530329563e-05,2
"19819",0.121122819654198,1.35293300946514e-36,0.000251871234362542,9.89554378925695e-33,0.878625309111439,5
"19821",0.083262116523666,0.128776990886008,0.787898912040565,6.18139145436782e-05,1.66635217670736e-07,3
"19823",0.000438618063824206,8.709792162727e-05,7.4659112033798e-07,7.60188358369497e-18,0.999473537423428,5
"19825",7.84737663112704e-09,4.06960711433321e-38,0.999999992152291,2.15460649427326e-18,3.32548131751558e-13,3
"19827",0.0207057099639382,0.166958216860808,0.00159775466342352,0.810467258011821,0.000271060500009956,4
"19829",0.863293390665489,4.20869478314313e-20,0.136700340406394,2.82304859948314e-10,6.26864581196326e-06,1
"19831",0.0517947948907399,1.38001087416243e-27,0.00226283548239915,1.81136210408113e-41,0.945942369626861,5
"19833",9.74488897698256e-21,3.33824600963156e-68,1.78960385769225e-05,4.49250926151285e-53,0.999982103961423,5
"19835",0.083262116523666,0.128776990886008,0.787898912040565,6.18139145436782e-05,1.66635217670736e-07,3
"19837",0.0438979850403712,0.708560688526072,0.000759025507163614,0.246780167296422,2.13362997106713e-06,2
"19839",0.0120692517997069,1.87617738720842e-20,0.987930718354717,3.13554350009383e-09,2.67100329479369e-08,3
"19841",2.47778600067363e-12,1.17175314723243e-26,0.965778828337907,0.0342211712397844,4.19830647613994e-10,3
"19843",0.00236678691536574,1.02038683046118e-38,0.997633208934134,9.54305159635404e-51,4.15050037965563e-09,3
"19845",4.17015132857426e-06,0.157433621164926,0.842562055531394,1.57705803099992e-21,1.53152350804387e-07,3
"19847",0.368277093449216,0.325175578154279,0.306540814153305,5.9458108538614e-19,6.51424319919137e-06,1
"19849",1.27590187566154e-11,3.77381608797644e-08,0.999999956156911,5.06869729161803e-23,6.09216967423411e-09,3
"19851",0.00376587642154977,0.996085996309216,9.48058596823095e-05,3.75728922511959e-07,5.2945680628994e-05,2
"19853",2.37738530375733e-07,0.0592001482727057,0.00336134874916363,3.72436601284085e-13,0.937438265239228,5
"19855",0.000719269502593694,0.998023389608806,0.000684579280909785,1.01727589149598e-05,0.000562588848775825,2
"19857",0.624668099489512,0.159557432017125,0.215763876859358,1.0584112942806e-05,7.52106255580736e-09,1
"19859",0.249369867787171,0.745263674946417,0.00507883325829173,9.33530181947732e-05,0.00019427098992571,2
"19861",0.000149976936767855,0.990037730564386,0.00981104680568197,5.18991563354439e-11,1.24564126449876e-06,2
"19863",7.48165050292484e-19,4.1196707250756e-19,0.999999978895522,2.11007942408699e-08,3.6838656103767e-12,3
"19865",2.96446641429889e-07,1.7910328809743e-05,0.00144257993388498,0.998539213176952,1.13711458462904e-10,4
"19867",0.0209212081512663,0.966751046629313,0.012325335329769,1.40455924998232e-20,2.40988965122495e-06,2
"19869",1.30107987799102e-09,7.19867077949954e-05,0.999927983386899,8.62773948577588e-09,1.99764869351487e-08,3
"19871",0.261598286977817,0.728162529475704,0.000663051734244245,0.00951438583749965,6.17459747352267e-05,2
"19874",0.000266623300445228,0.9939518509926,0.00529561969308067,0.000477736313811763,8.16970006240642e-06,2
"19876",1.08184161276087e-05,0.999713981714785,0.000233965252638665,4.12115002253717e-05,2.31162238606875e-08,2
"19878",0.496942867793585,3.7942421598789e-22,0.503056445842433,4.61832605946694e-25,6.8636398163441e-07,3
"19880",5.72740278535173e-11,1.50475872701909e-07,0.000375094606471764,0.999624754517146,3.43235857377896e-10,4
"19882",6.88626934164369e-05,0.0176149003999136,0.9823155272654,6.26304435801104e-13,7.09640644154694e-07,3
"19885",0.379838429098061,0.618099988136343,0.00206004678258628,9.81009842667548e-07,5.54973166270843e-07,2
"19907",0.0164085240274541,0.604990710010652,0.378596886947779,2.3095417503949e-17,3.8790141142292e-06,2
"19909",0.994326242729943,5.10847949151247e-12,0.00567077425512944,2.90829475014854e-21,2.98300981920703e-06,1
"19911",0.789048285910813,1.20533186908672e-14,0.210947417033754,1.47792895261943e-08,4.28227613180076e-06,1
"19913",4.95044614051078e-14,9.42062442019521e-16,0.000392004892476975,0.999607994426739,6.80734017419032e-10,4
"19915",0.000149604114856442,0.0113009073805714,0.000125360858086212,0.988422283242682,1.84440380363855e-06,4
"19917",0.000130301563068415,4.08913144303224e-06,0.0163779609829463,0.983487321227217,3.27095325528576e-07,4
"19919",0.0537393023405493,0.745212892984662,0.00173105252076282,0.199289493968257,2.72581857690326e-05,2
"19921",0.00748647612556076,0.992260348626051,0.000251423275690312,1.80443787985232e-11,1.75195465327008e-06,2
"19923",0.678669352210236,1.37457369590652e-08,0.318713591186461,2.97891029676451e-26,0.00261704285756626,1
"19925",7.24952917372429e-05,0.000504610998635624,0.00115370947716156,0.998269030951295,1.53281170068521e-07,4
"19927",0.0359261756637966,0.963859297285897,7.32861910297691e-05,6.3455160152337e-11,0.00014124079582094,2
"19929",4.8780977650538e-18,2.21118871219887e-12,0.992566573266678,0.00743342672908419,2.02641721332984e-12,3
"19931",0.781807480438464,0.214782112866626,0.00288088043531762,1.40087508212583e-11,0.000529526245583724,1
"19933",0.998493413557441,5.68262231616847e-06,0.00138728011082485,2.36814899645604e-10,0.000113623472603324,1
"19935",0.764131185758695,0.00027370294817717,0.235595109548055,1.42136839846193e-11,1.73085874886793e-09,1
"19937",0.0144338718462695,0.985279646984209,1.88017314859954e-05,2.71406103441416e-13,0.000267679437763852,2
"19939",0.973979560980896,0.0101539191878599,0.0156896194456157,1.31918867121095e-09,0.00017689906643921,1
"19941",0.0721150594338753,2.67025477020199e-20,0.927884842840433,1.5229908030368e-08,8.24957831485796e-08,3
"19943",4.17322250795467e-08,1.786054778847e-05,0.00147183281078452,0.998509953681782,3.11227419740248e-07,4
"19945",0.987859585926558,4.12545203219294e-07,0.0119373467222226,8.52022142481223e-12,0.000202654797495957,1
"19947",3.03936796870526e-05,4.16131398847902e-19,0.999969367355652,3.409174591478e-08,2.04872914585308e-07,3
"19949",0.958705270559934,2.83879501982406e-08,0.0411241478136903,2.41888237814146e-25,0.000170553238425664,1
"19951",0.181917886005769,6.25595477193366e-06,0.439555374579261,0.378505814924907,1.46685352912479e-05,3
"19953",0.00218916030929173,7.07119810709982e-27,5.20714470474917e-05,7.56171132220313e-45,0.997758768243661,5
"19955",0.340865523871241,1.31665544058713e-18,0.650266894032121,2.00833016044004e-33,0.0088675820966383,3
"19957",0.0494362193970038,2.65081537764052e-05,0.219007548440242,0.00517295365261706,0.726356770356361,5
"19960",0.233513206983107,1.10066669147945e-22,0.766486780926604,1.48371844681776e-18,1.20902883731139e-08,3
"19963",1.70276084995616e-16,1.96271952549579e-38,0.00265193830581561,8.83927972572772e-17,0.997348061694184,5
"19965",0.623698498522442,1.19321420042954e-31,0.376200748416712,2.22568909239675e-39,0.000100753060846061,1
"19968",3.18107722862483e-06,2.41060799667015e-10,0.999608008997108,0.000388809684602133,4.05262963996078e-17,3
"19971",3.00676112166436e-11,2.00848561012189e-43,0.864212292485191,2.22422536108959e-07,0.135787485062205,3
"19973",0.0126914751427569,0.985457529888167,0.00041550220644207,0.00143543449512575,5.82675077037815e-08,2
"19975",0.000175754800536429,3.35565616755587e-05,0.0346521284911363,0.965138559984895,1.61756609964692e-10,4
"19977",6.49120826835003e-12,4.58691025232294e-33,0.999996865479175,2.26106445456817e-11,3.13449172344476e-06,3
"19979",0.977056933610132,5.36791135675872e-40,0.0228737514508703,6.08605381691869e-27,6.93149389976515e-05,1
"19981",0.984954083698032,0.012564037810388,0.00246222220158273,1.44670183168228e-11,1.96562755307109e-05,1
"19983",0.974845568772197,0.0102761883414346,0.0148741907081786,4.85145739767102e-15,4.05217818523145e-06,1
"19985",8.41621913786608e-05,0.770524814003399,0.00292953083414472,0.226461419932675,7.30384030362767e-08,2
"19987",0.933478058764284,0.0121507876806799,0.0485036543325894,0.00586461350636996,2.88571607701394e-06,1
"19989",0.989760545943188,9.8159513659932e-29,0.00800727439358869,6.22625118205295e-41,0.0022321796632239,1
"19993",0.980796580501677,9.89176844981274e-11,0.0191949121135971,6.83322660394603e-08,8.43895354239059e-06,1
"19995",0.835081183429777,1.23200994682366e-09,0.164918479138316,4.84692883747512e-09,3.31352967999241e-07,1
"19997",0.00827743921587061,0.99110416306642,0.000604999896727154,9.90878984417244e-06,3.48903113761182e-06,2
"19999",3.79839328566842e-05,0.00201558459565616,0.00153945136308304,0.996406894874463,8.52339410043809e-08,4
"20002",1.16438795243441e-17,1.12689549939691e-30,0.999999999992915,6.28671719669225e-15,7.07930378482449e-12,3
"20004",0.862258079164057,1.38004575271673e-09,0.137741914421576,3.22213561387084e-12,5.0310987303091e-09,1
"20006",0.0126472005323543,1.51756073858125e-26,0.987352340252413,4.88240572789406e-23,4.59215233258406e-07,3
"20008",0.0423796417938349,9.36839176473868e-26,0.957596234424614,4.74776138438077e-24,2.41237815512783e-05,3
"20010",0.968116531533908,4.46718942730726e-11,0.0309799115723761,1.04246274415687e-19,0.000903556849044103,1
"20012",3.49312251201965e-05,5.58638427904513e-08,0.967372583079853,0.0325923978359422,3.19952416293632e-08,3
"20015",0.940365113304316,1.32688301848608e-31,0.0596348864422839,1.38821535160851e-34,2.53400455740327e-10,1
"20017",0.000465426239801438,0.998469462932778,0.000849184301012908,0.000215902125756145,2.44006512457794e-08,2
"20019",0.912159018980411,2.11612158420094e-51,0.0877173734400758,4.80441716159611e-45,0.000123607579513462,1
"20022",0.986611535136857,1.06222877700055e-10,0.0133218574035992,3.11604209664884e-18,6.6607353321433e-05,1
"20024",0.00188244473744804,1.47049281039158e-46,0.287662027476902,2.25401726662238e-62,0.710455527785649,5
"20026",0.00188244473744804,1.47049281039158e-46,0.287662027476902,2.25401726662238e-62,0.710455527785649,5
"20028",0.000160067456037978,0.98150616527455,0.000563488488418219,0.0177687116913787,1.56708961465331e-06,2
"20030",0.406270214810406,4.04945473563485e-26,0.593729784132521,4.81084384121836e-20,1.05707311284163e-09,3
"20033",0.150154563865189,0.0162124464012549,0.00695618589950599,0.826597419804586,7.93840294639842e-05,4
"20035",0.928592840698841,7.73144739023457e-50,0.0710759769786528,1.60747518843347e-48,0.000331182322505989,1
"20037",0.952187739551655,5.93287293478998e-45,0.047730695444531,5.56062861551582e-51,8.1565003814385e-05,1
"20039",1.66405986108526e-10,1.97527560497839e-58,9.76216447771128e-08,1.55003720472056e-86,0.999999902211949,5
"20041",0.937801834718298,9.92034653989972e-13,0.0597145084991273,1.09306532287601e-18,0.00248365678158286,1
"20044",0.420750118418172,1.14251804181973e-16,0.530348577393212,6.95353844728545e-16,0.0489013041886153,3
"20047",0.65352078724434,2.6181968903089e-58,0.309992263187147,9.52277457546264e-39,0.0364869495685127,1
"20050",0.563097044909062,2.58106113024067e-21,0.0100156589488048,2.27887619087625e-20,0.426887296142133,1
"20052",0.894684321575917,0.0101259231343869,0.0131693845530896,0.0801979390463693,0.00182243169023727,1
"20054",0.952395360118546,2.6020152998148e-18,0.0476046386873774,2.38110092428967e-20,1.19407625989032e-09,1
"20056",1.88998263416218e-05,6.81573982672247e-13,0.292747602497025,0.707233366156426,1.31519526453183e-07,4
"20058",0.972103323174549,6.4495143477005e-28,0.027697227115145,8.62696387548927e-47,0.000199449710306299,1
"20060",0.201167032283179,0.787085267197277,0.011745444483324,4.7297460117637e-08,2.20873876016642e-06,2
"20062",0.967723240417747,0.0154123624909694,0.0168557241010682,2.63868263373581e-08,8.64660338916337e-06,1
"20064",0.989148958230425,5.46036447211121e-09,0.0108489849340856,7.22029660659317e-08,1.9791721589462e-06,1
"20066",0.542925563681049,8.71645480119245e-42,0.457074270200512,1.49373657842175e-29,1.66118439201464e-07,1
"20068",0.0173679183889206,0.979932682331333,0.00269921978993996,4.23280607960476e-11,1.79447478369858e-07,2
"20070",0.208025377891941,0.770342694738635,0.00328265381328994,7.83196975466663e-17,0.0183492735561334,2
"20072",0.390024594721147,6.36980153029957e-27,0.609971909029057,7.49873496408655e-45,3.4962497957693e-06,3
"20074",7.52103614980415e-17,1.75788502580647e-14,0.0149012361946518,0.985098763788224,1.71068712372790e-11,4
"20076",0.00035605033944535,8.17238270467548e-08,0.995868075258491,0.00377579267143084,6.80631548434666e-12,3
"20078",0.98571183764932,1.75883836782805e-11,0.0141323321534646,8.75367943679583e-13,0.000155830178752196,1
"20080",0.98719538801968,3.41285264191591e-40,0.0126210314923895,2.12816622236254e-33,0.000183580487930228,1
"20082",5.4859939410112e-06,1.08977185026181e-37,3.06366820410044e-08,1.08775959476285e-46,0.999994483369377,5
"20084",0.830866239441459,1.38746105044356e-17,0.164879035584251,3.70074022413502e-07,0.0042543549002678,1
"20087",0.936939901495124,2.47705921045382e-11,0.0630537377151343,8.13053765815211e-26,6.36076497088195e-06,1
"20090",0.975461436131661,4.69142160057333e-39,0.0210586995229878,1.49898491784071e-33,0.00347986434535149,1
"20092",0.000399101619779802,2.20410282852353e-15,6.22862813620918e-05,2.54311004213438e-55,0.999538612098856,5
"20096",0.0249309397455276,1.07301868538748e-09,0.00107690000146607,1.452598120718e-16,0.973992159179988,5
"20098",0.0758035334487803,0.383885297311676,0.00180980781808343,0.538278469045275,0.000222892376184709,4
"20101",0.930021815173826,2.65520519447359e-32,0.0692944803498528,9.51961847722171e-15,0.000683704476311459,1
"20104",2.12881054192668e-11,4.55969596782257e-14,1.91733956226139e-06,6.83245637153359e-39,0.999998082639104,5
"20106",0.975748355298852,1.13761763490347e-20,0.0242514051072013,9.3432656599464e-14,2.39593853810976e-07,1
"20108",0.0432959574398132,0.953661198349494,0.00297614139261671,6.58511351938911e-05,8.51682881850561e-07,2
"20110",0.120517773322532,6.18251267423657e-11,0.0739715398698331,1.44683204996641e-06,0.80550923991376,5
"20112",0.985191179961988,2.31880055300328e-19,0.0112710151023616,5.69496279995117e-19,0.00353780493565027,1
"20114",0.945659684090502,1.82083766219609e-13,0.0541508197990153,1.21782356425377e-05,0.000177317874658209,1
"20116",0.807768568218883,1.62384320536268e-14,0.192230374179003,1.03693558318399e-06,2.06665140749833e-08,1
"20118",0.973129727087758,0.0124116888787352,0.0020008452677149,0.0122195708236106,0.000238167942181475,1
"20120",0.961251720713757,6.52342160653448e-22,0.0354121117637074,4.69023308984669e-14,0.00333616752248862,1
"20122",6.44614790734427e-08,8.8518657778437e-08,0.0020977859260878,0.997902060850001,2.43774397512541e-10,4
"20124",0.92661825342144,7.77453093366273e-34,0.0622030966384558,4.48961318958524e-41,0.011178649940104,1
"20126",5.09594407700231e-10,2.20901895431041e-53,5.15490786506673e-07,1.73149424680266e-59,0.999999483999619,5
"20128",2.04028529000866e-06,3.72413532849856e-80,0.000794506633600121,6.50419466202389e-71,0.99920345308111,5
"20141",2.0748152227115e-06,2.76938469295125e-07,2.84230006285188e-07,1.29391972610693e-20,0.999997364016302,5
"20143",1.07658289500943e-13,5.7840725652904e-26,0.998949758530046,0.00105020536055657,3.61092898668607e-08,3
"20145",0.992937174048436,8.55619185469348e-12,0.00649616215808849,7.32826686201253e-15,0.000566663784911665,1
"20147",0.993403724871118,2.31325401468518e-13,0.0065731148308673,2.62453010402552e-14,2.3160297756574e-05,1
"20149",2.90229808210042e-08,1.46986057642564e-05,0.00951341960409561,0.990471674193444,1.78573715085247e-07,4
"20151",0.0280575584176151,0.659400874176625,0.00141919551593022,0.311120785365936,1.58652389281968e-06,2
"20153",0.0275918912501074,1.62940912949448e-08,0.0146943260064213,0.777909377332354,0.179804389117026,4
"20155",0.981079525246793,1.47057239291414e-23,0.018917995552879,3.53152024306207e-24,2.47920032821974e-06,1
"20157",0.00626972825561126,0.06585352447735,0.020251347742751,0.907619004444742,6.39507954561746e-06,4
"20160",7.52202513922337e-14,7.21113795621714e-14,0.000204367180906891,0.999795632622956,1.95989680979069e-10,4
"20162",2.82408931420711e-09,0.000162710680563485,0.000341910437587136,0.999495373636917,2.42084262362778e-09,4
"20164",0.00097850011774345,2.48780940509915e-08,0.203665540535007,0.795298908956568,5.70255125882057e-05,4
"20166",0.00141544351719075,1.20896152927757e-37,0.998584556478928,4.95809310034716e-20,3.88128972699413e-12,3
"20168",9.25403442222449e-14,2.1785342771633e-31,0.99999999999988,1.20794841775155e-24,2.78655613185696e-14,3
"20170",0.00127126350928891,7.93083525010319e-05,0.000207691681558771,0.99839775522807,4.39812285811827e-05,4
"20172",0.996249327601105,8.6014608098673e-12,0.00311629798168729,9.64598443462967e-27,0.00063437440860614,1
"20174",1.41454336273945e-06,0.975341416616637,0.0238970996564805,0.000760065914024882,3.26949420232196e-09,2
"20176",4.710804050945e-09,1.71933285422811e-22,0.999999991993356,5.20479372562941e-25,3.29584000990922e-09,3
"20178",1.80629621764951e-14,5.31359347153948e-15,0.000282915359275481,0.999717084160541,4.80159662519672e-10,4
"20181",0.28165457369644,2.66632209452378e-30,0.718345425622991,1.66080452359405e-14,6.8055216075306e-10,3
"20183",0.142537760416006,0.855672063658882,0.000198316679151777,1.02845291382311e-13,0.00159185924585713,2
"20186",0.907617839440013,0.00810959507835772,0.0677846912597309,4.19832030627234e-37,0.0164878742218985,1
"20188",3.97881679719502e-11,3.84040536787167e-12,0.00144910582913148,0.998550890456769,3.67047085077633e-09,4
"20190",0.979770314321521,2.44045728268677e-31,0.0202296305776687,6.50391473865621e-28,5.51008104258813e-08,1
"20193",5.52334642383068e-12,3.67456060418167e-33,0.999999791679946,2.08230407274602e-07,8.41233904567522e-11,3
"20195",0.0871614071506813,5.81978288559099e-08,0.127584711257685,0.785158686489336,9.51369044693021e-05,4
"20197",0.986930067008928,8.65537285910775e-16,0.0126901164722752,4.36094636003347e-23,0.000379816518795902,1
"20199",1.03730856152188e-05,2.57539111958317e-06,0.00108727605834441,0.998886843047637,1.29324172839554e-05,4
"20205",1.71974800937755e-06,3.59389799687926e-33,3.61900707638915e-08,9.20933893444587e-54,0.99999824406192,5
"20208",0.958950936270672,0.0067742968927812,0.0210510591773804,0.0127790553088262,0.000444652350340361,1
"20210",1.03914458895848e-07,6.37286974335481e-05,0.000168399374177405,0.999767743193034,2.48208957079247e-08,4
"20212",0.0038477625650173,0.00223709466318537,0.0118704778310623,0.982004634606873,4.00303338624254e-05,4
"20216",0.97317726835942,7.63020175706145e-17,0.0268226929185966,3.00085420721607e-16,3.87219831151488e-08,1
"20219",0.571166867035715,1.43301479772942e-17,0.00767666999854001,3.79460470654217e-18,0.421156462965745,1
"20223",0.00319123500707334,1.49015399344896e-51,0.996805033209157,1.78879615299029e-67,3.73178376983339e-06,3
"20226",0.965141819412298,6.1412196351457e-10,0.0347890857661196,3.91318463019607e-10,6.90938161416044e-05,1
"20230",0.984730317414793,4.58698100606494e-37,0.0152567654522928,1.55597226743243e-35,1.29171329143783e-05,1
"20233",5.23342705717279e-14,6.72477774103073e-25,8.23961822570041e-10,4.79471350340215e-39,0.999999999175986,5
"20235",0.0876710072869275,2.64517894050861e-35,0.428082133549076,1.30491400524073e-55,0.484246859163997,5
"20239",0.3786127171498,1.69253880457044e-14,0.621387031220612,3.00476974243133e-31,2.51629570866996e-07,3
"20254",1.60786501366974e-05,1.92482571172638e-47,2.80158679325459e-07,4.22967844604309e-50,0.999983641191184,5
"20256",0.992130075629208,4.06662107788983e-23,0.00757350203346938,1.43587302343091e-37,0.00029642233732261,1
"20262",0.00033909678776804,0.00637921065824381,0.000148778955404522,0.993132696671218,2.16927365105308e-07,4
"20270",0.0238737652121567,2.89273461657256e-22,0.976126234284821,1.20797345010692e-18,5.03022101082512e-10,3
"20284",0.119570399110751,1.35411643917533e-06,0.0012497292281538,1.74197188906248e-21,0.879178517544656,5
"20287",0.795939948388553,1.24843600253467e-48,0.204058589022184,5.81362350122964e-53,1.46258926311175e-06,1
"20290",0.000195087500442479,3.33106795847841e-24,8.50318313869895e-06,4.92247565974645e-25,0.999796409316419,5
"20293",0.997126468304267,2.65635468823993e-08,0.000841029589598002,9.72712676785424e-15,0.00203247554257823,1
"20296",0.0362416729469094,0.00297943681969363,0.680412425142208,0.280366465090351,8.37387604053939e-13,3
"20301",0.0130572535654229,3.87030419788534e-69,0.986939928450902,2.00811535869915e-35,2.81798367549444e-06,3
"20304",5.7634966347397e-06,4.17816781935911e-33,1.96479144331805e-09,2.54650449992573e-46,0.999994234538574,5
"20306",0.973097193143415,1.24351498587837e-33,0.0237438486178815,1.22106699163702e-44,0.00315895823870348,1
"20309",0.991734610418658,3.6349115777905e-11,0.000845100474858275,1.64555007671566e-15,0.0074202890701333,1
"20311",0.892445590820519,1.3668379253551e-18,0.10755149275469,2.82319249176948e-14,2.91642476231064e-06,1
"20314",0.161898101910168,0.368637067521143,0.000826814418721354,0.468531735910346,0.000106280239622033,4
"20318",3.457905398174e-10,1.21812316455547e-24,0.999633093504974,0.000366905862685516,2.8654977519324e-10,3
"20320",0.407087422493342,1.86425220976767e-06,0.574778753951646,4.43941428334256e-14,0.0181319593027581,3
"20326",0.605685121652728,0.34343433785491,0.00138983307502385,0.0459813682637095,0.00350933915362908,1
"20328",0.949872733279005,0.000165634365707772,0.0262098445719893,6.68818159051212e-28,0.0237517877832978,1
"20330",0.800901680139585,2.6019220623339e-24,0.199045423450744,5.33022819855468e-31,5.28964096712956e-05,1
"20336",0.00618083328439179,1.97968857751761e-10,3.22416333773572e-07,1.03753414082523e-32,0.993818844101305,5
"20338",0.00374152376593316,2.06899058679752e-23,1.03463675275906e-05,4.35300271655714e-22,0.996248129866539,5
"20340",0.759561124375857,6.47186960836358e-37,0.240109883388133,3.3738092794285e-41,0.000328992236010683,1
"20342",2.49479261563489e-14,2.02816839106279e-51,0.00609852545492642,1.09456163777885e-41,0.993901474545049,5
"20344",0.993027246136711,7.09770285288664e-19,0.00626585100956643,5.15351780789678e-30,0.000706902853722989,1
"20349",0.989559665876527,2.83273202375177e-26,0.0104022610147032,6.31391041611025e-39,3.80731087696456e-05,1
"20351",0.99593870519299,3.3477144419142e-11,0.00263214211309397,9.44447238692288e-15,0.00142915266042924,1
"20353",0.915978672953036,9.68874240304776e-33,0.0341756700745989,1.23345185949333e-35,0.0498456569723646,1
"20357",2.08165426553904e-05,6.88114937192727e-37,3.23993758037353e-06,6.48066332193278e-63,0.999975943519764,5
"20360",8.21062533815163e-08,5.22077434183142e-42,0.198908399273041,4.56917020153488e-53,0.801091518620706,5
"20364",0.993946919244343,2.64731099527688e-12,0.00577406137469049,7.11227630789946e-18,0.000279019378318785,1
"20366",2.84911285717013e-05,5.46598353150949e-16,1.75566712009033e-08,2.65274258021375e-36,0.999971491314757,5
"20381",4.84124171128986e-12,1.93742808637046e-10,0.999988348916043,6.00315459990413e-10,1.16502850572881e-05,3
"20391",0.01182522818323,5.45871365615621e-13,0.983674356262889,2.69093064523041e-53,0.00450041555333547,3
"20394",0.234589950459653,0.710582254959115,0.0548262177933562,4.07498937440647e-09,1.57271288655989e-06,2
"20396",3.00820999083326e-07,0.0444001368733583,0.946061512721207,0.00953801268404876,3.69003870286243e-08,3
"20409",0.807086407503956,2.01525600387601e-09,0.192808613362238,3.74224378862553e-05,6.75546806638676e-05,1
"20411",0.597307884852921,3.19056731089598e-23,0.00124642258755069,4.17539019316632e-43,0.401445692559528,1
"20416",3.99948709177278e-06,1.82904522190729e-66,1.66035680738645e-05,2.36941782623835e-83,0.999979396944834,5
"20418",1.088761795467e-08,0.00495151894530465,0.802216449936941,0.192832011112908,9.11722771057027e-09,3
"20420",4.39551668251148e-10,6.33211370029668e-17,1.01696239344178e-09,1.2428052524085e-32,0.999999998543486,5
"20422",0.907831650563957,3.38861194300811e-30,0.0921683339915167,8.75578866386594e-24,1.54445258713382e-08,1
"20424",0.969831988575226,4.53596008939711e-23,0.00703241997540777,2.33932466210793e-39,0.0231355914493662,1
"20426",2.46802344249255e-15,2.89576772760676e-47,1.91618282513491e-08,2.43761659300515e-33,0.999999980838169,5
"20428",0.952512770830238,6.9603003615575e-10,0.0474871426987978,1.40515303500769e-19,8.57749346233452e-08,1
"20431",0.908938354394758,1.32385047099174e-11,0.0534924561776915,2.39617631919187e-05,0.0375452276511206,1
"20433",0.0279350910658585,2.5057640071319e-51,0.972064879194989,3.82917347951255e-50,2.97391523069537e-08,3
"20436",8.25076558388121e-08,1.01043173194014e-31,0.99999991706085,8.11560865553616e-29,4.31493987597903e-10,3
"20439",8.84722374527361e-07,0.945715268913865,0.0542618802327426,2.19640195409754e-05,2.11147641323545e-09,2
"20441",0.000133128354998387,1.20967951163217e-30,2.08077424252674e-06,6.31124427031014e-38,0.999864790870759,5
"20444",2.22688590312902e-12,4.12729725063776e-08,0.0006466599306529,0.999353298206465,5.87682799665754e-10,4
"20448",0.0509052609810992,2.46578422108541e-07,0.0225744010457282,5.69579441238239e-07,0.926519521815309,5
"20536",0.00275593500407284,0.807796924596161,0.189447068836619,1.68489983053987e-16,7.15631469927682e-08,2
"20538",0.00151075663181703,9.87494756588393e-15,2.41140979222386e-07,2.36427729931191e-38,0.998489002227194,5
"20541",0.940708859904683,2.7110115239301e-38,0.0238016469614584,2.82461988019725e-41,0.0354894931338587,1
"20544",0.997632906513398,1.35237466898742e-05,0.00198032906983228,6.84491226379631e-12,0.000373240663234865,1
"20546",0.991549079289495,1.12924431070814e-16,0.0073178543610272,3.04477794151652e-34,0.00113306634947783,1
"20550",0.750371716976003,9.25278635046177e-17,0.24960634052192,1.58796668067795e-16,2.19425020761373e-05,1
"20553",8.11572481595737e-12,1.2697351587737e-103,0.000739063139295526,1.95464072147679e-66,0.999260936852589,5
"20555",1.09951824078652e-10,1.50693886911039e-22,7.37207462244515e-09,2.90525797053152e-51,0.999999992517974,5
"20557",0.901626551752171,9.87479961197145e-14,0.00344584776408957,4.22898959776613e-14,0.0949276004835985,1
"20559",0.986478250852413,4.46705298841093e-17,0.0135201868569508,4.52022994220893e-17,1.56229063659765e-06,1
"20561",0.00684695493049777,5.62039877441876e-05,0.00146914331625475,0.991613252768055,1.44449974481506e-05,4
"20564",1.80629621764951e-14,5.31359347153948e-15,0.000282915359275481,0.999717084160541,4.80159662519672e-10,4
"20566",0.977791016905649,6.04369324005778e-10,0.022208978510874,2.76277629825845e-13,3.97883169171196e-09,1
"20569",8.32826912731648e-05,0.00665970621481843,0.00339783444937201,0.989859123775865,5.28686714122782e-08,4
"20572",2.12439339940025e-06,4.24734343942477e-08,0.26899151571765,0.731006316253332,1.1621850221102e-09,4
"20574",0.986549232582523,2.62841312667684e-24,0.0120843277849371,9.14022735402117e-19,0.0013664396325399,1
"20576",7.86033046367592e-10,2.48964805341737e-13,0.000852491491492669,0.999147501277179,6.44504651783374e-09,4
"20578",0.991471181420113,1.08062550013902e-06,0.00852042194114221,3.2315379841695e-07,6.99285944629367e-06,1
"20580",0.977161007707287,3.94209575276934e-06,0.0228348551768047,4.15461552439206e-12,1.9501600105224e-07,1
"20583",3.19775039174542e-11,2.56101240895429e-12,0.00025175652144973,0.999748242297238,1.14677373814847e-09,4
"20586",0.994764323472857,1.30508422854015e-07,0.00517443354983657,3.0810552650465e-23,6.11124688833517e-05,1
"20589",0.980634183632633,1.01004981035728e-26,0.0193208842240043,7.73666158674148e-42,4.49321433627334e-05,1
"20591",0.0272523095340278,4.27474605041091e-09,0.000260375440108268,5.98394301830131e-28,0.972487310751118,5
"20593",0.833442491294193,2.60059698714814e-58,0.166555641431788,9.10742948311015e-43,1.86727401937814e-06,1
"20595",0.998407441652799,7.69196444533476e-15,0.00128752734970755,8.67478405345953e-15,0.000305030997476715,1
"20597",3.09672173704137e-10,0.000875283863996927,0.999124713273778,1.40459951845754e-21,2.55255341516986e-09,3
"20599",2.06186439359347e-13,4.19766887530255e-16,0.000818580255914689,0.999181419567757,1.76121453767412e-10,4
"20601",0.144464453409432,0.854919142741461,0.000586446065743335,1.78649993659426e-07,2.97791333696291e-05,2
"20604",0.982127480986891,5.78204687584122e-37,0.0178710679744588,1.93626415074294e-26,1.45103865040924e-06,1
"20606",0.972998342067688,4.09100758686526e-31,0.0270014293152399,1.86112678957935e-31,2.28617071859973e-07,1
"20608",0.985497170909185,3.7773656681271e-23,0.0145027596837778,1.27903503466884e-25,6.94070376629377e-08,1
"20610",9.34537993236608e-07,1.25958344366513e-12,0.00651425460124452,0.993482101305111,2.70955439111935e-06,4
"20612",3.46294683166934e-13,5.64781680225495e-40,0.986293218422065,1.06551503696304e-48,0.013706781577589,3
"20614",2.97253287714458e-07,4.83187098849514e-05,0.000455788621943991,0.999495519686781,7.57281026748644e-08,4
"20616",0.696215982244097,0.00456107081572331,0.299190098828493,4.28397063821879e-09,3.28438277155541e-05,1
"20618",1.33997801612438e-05,7.02298062823353e-21,9.41460505316186e-07,1.23833850093485e-27,0.999985658759333,5
"20620",0.10758465160957,1.62099533704519e-30,0.892415184107268,3.05886247911845e-22,1.64283161821468e-07,3
"20622",1.83718222444625e-07,5.55840040147536e-12,0.0069555485702985,0.993044242143359,2.55625616578121e-08,4
"20624",0.405907900868224,8.72275716752673e-25,0.000136266103436371,9.2779506173497e-40,0.59395583302834,5
"20626",0.0567118192572453,7.25720499887326e-18,0.943288180245549,1.05189074678091e-15,4.97204461877463e-10,3
"20628",0.093491567108714,2.39896830247871e-15,0.906443505976935,7.85116426224152e-25,6.4926914348197e-05,3
"20630",0.962460494249417,1.71244897042595e-19,0.0375390199949426,6.74697548732708e-12,4.85748893646964e-07,1
"20632",7.58782203422427e-11,1.13093471975642e-06,0.002726596726391,0.997272272101947,1.61064199934141e-10,4
"20634",0.981596865935497,4.05283636860227e-30,0.0184020196190692,4.74840531363079e-31,1.11444543393667e-06,1
"20637",0.000488618686307629,1.28737334839026e-38,0.000130015525900243,1.0666394298728e-27,0.999381365787792,5
"20639",4.98817300908811e-05,3.91405755413032e-08,0.00248200091038308,0.997454458202474,1.36200164760589e-05,4
"20644",7.1797062563992e-11,1.39271902355243e-92,0.136504069211293,8.99791232054126e-80,0.86349593071691,5
"20646",6.21160302397562e-06,4.03164263620011e-49,0.999648130984361,1.99518573596875e-42,0.000345657412615432,3
"20648",0.0203466312842104,0.379901845606267,0.000200321359128263,0.599383162078731,0.000168039671663123,4
"20650",0.0457179236992059,1.43834748081317e-35,0.00535110525105777,1.52275079637312e-47,0.948930971049736,5
"20653",0.255240415657412,0.00035661924213387,0.743866115408359,2.93701941044593e-11,0.000536849662725269,3
"20658",0.873310510385055,1.18469028915252e-26,0.126689469955649,6.82375169557855e-41,1.9659295987059e-08,1
"20661",7.74911631228655e-07,2.17832776868096e-24,8.38727809444842e-08,7.57179498292889e-54,0.999999141215588,5
"20663",0.99615522921508,0.00183453904601324,0.00149518126236523,4.19362012386344e-17,0.00051505047654166,1
"20665",3.74327760391686e-13,1.47262753288401e-15,0.00287463864870114,0.99712536135045,4.73076149557635e-13,4
"20667",0.150629769836665,5.80348908928255e-10,0.849150018967971,1.07904561482978e-16,0.000220210615015131,3
"20669",1.61351800503123e-07,0.119280994744071,0.880711289696171,1.3853203769185e-18,7.55420795731479e-06,3
"20671",0.220918141451736,2.74946758568392e-20,0.000373034129306908,4.81821254694654e-18,0.778708824418957,5
"20673",5.26074186269998e-11,0.00190491867953758,0.998095080465267,6.45908508465257e-15,8.02581850985415e-10,3
"20675",0.103740577003657,0.26933877937484,0.626919960793251,7.30609520179231e-21,6.82828251180276e-07,3
"20677",0.971022295688275,0.000466875822319307,0.0285101679159509,5.86155019564364e-21,6.60573455413968e-07,1
"20679",2.39768565870909e-08,0.195894302564759,0.804102481062113,2.97014656481403e-08,3.16269480532222e-06,3
"20681",0.000366710138194544,0.998440695987701,0.00119133602736553,6.66263041537048e-19,1.25784673853292e-06,2
"20683",0.881217115085516,5.78296009701366e-07,0.118781083757361,1.30041206275196e-19,1.22286111340017e-06,1
"20685",9.15179914805373e-10,4.29876641672675e-17,3.42342691263257e-08,6.10850271789607e-35,0.999999964850551,5
"20687",4.61181379533482e-05,0.950581065490307,0.000406833066984596,0.0489647452787409,1.23802601416825e-06,2
"20689",1.66609203397475e-11,1.47814088710261e-70,6.40017827993674e-06,9.44652298620067e-86,0.999993599805059,5
"20691",1.01949030831593e-10,1.77348372788674e-07,0.000494988378064351,0.999504825824326,8.34728797996549e-09,4
"20693",0.93170950000976,3.52781257633033e-32,0.06776992129381,6.96827087396857e-45,0.000520578696429957,1
"20695",0.156879554932756,0.741842603875227,0.00400273038864111,0.0957680097762577,0.0015071010271186,2
"20697",0.967860694510352,1.03382029113271e-25,0.0321338579071333,9.17871448821879e-16,5.44758251356465e-06,1
"20699",0.958034727416008,0.000366219900729555,0.0415990270633364,1.33558479378812e-15,2.5619924137672e-08,1
"20701",0.971733937469522,3.92684208967503e-11,0.028230537101581,9.98156907192763e-31,3.55253896282405e-05,1
"20703",6.01192567522934e-14,8.89493819648129e-18,0.995891962508382,4.67141327958766e-32,0.00410803749155772,3
"20705",0.939578434592074,2.47828119991251e-20,0.0603711797055654,1.14858154634868e-30,5.03857023606158e-05,1
"20707",0.108278236465955,0.890426222312653,0.00104105136721956,1.27882575531377e-09,0.000254488575346398,2
"20709",0.0475096089388879,1.61972829909407e-09,0.951555913542597,0.000934269523207391,2.06375579437798e-07,3
"20713",0.0003264709926292,0.000400095678845477,0.000184223994718473,1.02247756156978e-13,0.999089209333705,5
"20715",6.71769169543038e-08,2.86051469744973e-80,0.996126734945467,1.96188305095345e-30,0.00387319787761566,3
"20717",0.0120186927664976,0.986785855080552,0.000797934450474129,7.06237456936021e-05,0.000326893956782737,2
"20720",0.980879314071367,6.007645924755e-17,0.0188782853705999,3.25714506289622e-18,0.000242400558033258,1
"20722",0.958221378614402,5.25714754538593e-11,0.0417781342740919,3.82094278215776e-17,4.87058934836148e-07,1
"20724",0.00087308042331535,0.997935131296832,0.000113074046507243,0.00107845630244269,2.57930903241851e-07,2
"20726",0.901318562381014,1.35109884127404e-32,0.098489239115596,8.87956691049722e-43,0.000192198503390345,1
"20728",0.000173533614295379,0.999601828846543,0.00022410036521035,1.93639510033633e-13,5.37173757449808e-07,2
"20730",0.0222867238079953,0.969393551542889,0.000286490111043466,0.00802174440090967,1.14901371627758e-05,2
"20732",0.0318289132773535,1.24126945803109e-27,0.967197651510739,6.22896448229903e-36,0.000973435211907032,3
"20734",0.980232996667384,0.000402002040432521,0.0193508080906975,1.80859019343898e-13,1.41932013050278e-05,1
"20736",2.30252266405654e-05,0.000136033259468217,0.000889575267368479,0.99895134642049,1.98260329983765e-08,4
"20738",9.60367742751751e-11,3.74535488659963e-47,0.999999992773196,4.1100716014747e-31,7.13076679760973e-09,3
"20740",0.0162934085402495,2.50458796294957e-15,0.000503452115903676,1.36755280171546e-58,0.983203139343844,5
"20742",0.0128539491987032,0.829549563904341,9.97299824224745e-06,5.00463371911988e-16,0.157586513898713,2
"20744",4.95065255821399e-09,0.000123079808272131,0.0109664055663533,0.988910509643404,3.13176371856174e-11,4
"20746",0.825550010252132,0.171167030833529,0.00326117905007405,1.95479934513668e-12,2.17798623104967e-05,1
"20748",0.000626049150188264,0.976263176059918,6.24921906228382e-05,0.0230194988528988,2.87837463725152e-05,2
"20750",0.00805207315284487,0.370993239665626,0.00769120802848381,0.613263472879081,6.27396490942759e-09,4
"20752",0.989446819369265,2.06575908010696e-08,0.0104787660058367,5.10283777251866e-24,7.43939673079176e-05,1
"20754",3.61199272415404e-10,8.71310458785739e-05,0.999912868245249,4.43220088436164e-16,3.47672550351325e-10,3
"20756",0.88695522543047,0.00820189056452306,0.0332793264065454,0.0715532238440775,1.03337543842928e-05,1
"20758",5.46449999668799e-07,8.38244422803933e-17,0.999999453547329,2.23163002028644e-12,4.39647798135622e-13,3
"20760",0.000126709314441956,0.981138586909568,0.00132667451421447,0.0174080054612066,2.38005692446028e-08,2
"20762",2.42016261983249e-09,0.000417074016893109,0.999582859328737,4.67381318064371e-20,6.42342071418763e-08,3
"20764",3.74901238002795e-05,0.397626082587553,0.0068063422767727,0.59496963739066,0.000560447621214471,4
"20766",0.000966840488015185,0.693521203805424,0.000455424804533262,0.305054026245596,2.50465643154189e-06,2
"20768",0.00228556111165634,0.00363611543491145,0.000311217127678416,0.993765547897096,1.55842865753191e-06,4
"20770",0.0194720280823704,0.000517664401998628,0.980009673337861,5.24603300937237e-20,6.34177769399921e-07,3
"20772",0.974787996416716,7.5295214970341e-32,0.0252119923675224,9.63940783961452e-27,1.12157618997673e-08,1
"20774",0.00257371415320381,4.26616532802809e-70,0.997373516666959,2.87422494980681e-68,5.27691798374171e-05,3
"20776",0.961951198000295,0.0233201949343393,0.00490283033019626,5.52147529091002e-24,0.00982577673516919,1
"20778",9.22251442536623e-06,4.82957241212545e-82,0.0244698775188754,9.83515759196461e-59,0.975520899966699,5
"20780",1.20980015866447e-14,4.63855942728923e-18,0.99999999995106,3.82001735457154e-17,4.8927391346564e-11,3
"20782",1.70095007335627e-11,5.66517112025252e-05,0.999943245316915,1.42344215249711e-14,1.02954858388526e-07,3
"20784",2.69991380963304e-08,0.000153711161598125,0.999846084251672,5.58513993875098e-19,1.77587591592867e-07,3
"20786",3.45022411206873e-14,7.55754358269845e-13,0.118055288076873,0.881944711910058,1.22787286264408e-11,4
"20788",0.142988574766474,0.856103211773676,0.000211274977339771,7.08672958213193e-10,0.000696937773837012,2
"20790",8.00826672362137e-05,0.952775147732804,0.0470974419472242,4.73121583671003e-05,1.54943683985704e-08,2
"20792",0.909485768070768,6.07726585207363e-07,0.0879021471269678,0.00012539888925554,0.00248607818642314,1
"20794",4.0896061738879e-06,0.953859354425165,0.045742324827983,0.000394230735781299,4.0489685633557e-10,2
"20796",0.991321719419027,5.49181758135495e-26,0.00809944142909941,2.51702226126638e-35,0.00057883915187325,1
"20798",1.80629621764951e-14,5.31359347153948e-15,0.000282915359275481,0.999717084160541,4.80159662519672e-10,4
"20801",5.06810981142421e-08,4.96165990506765e-24,0.999998008921331,1.93150136045615e-06,8.89621045807562e-09,3
"20803",0.935526227447229,0.0453847650698103,0.00845516109272471,5.39766330156602e-14,0.0106338463901818,1
"20805",0.990419875759985,0.000189091337819234,0.00938578847891796,9.70678688008569e-18,5.24442327806678e-06,1
"20807",1.80629621764951e-14,5.31359347153948e-15,0.000282915359275481,0.999717084160541,4.80159662519672e-10,4
"20809",0.265004974173512,0.0975950563097869,0.0214115468718296,7.37971950376827e-17,0.615988422644872,5
"20811",5.20885591172742e-05,6.01145738213827e-21,0.999924291996064,8.6931252802513e-09,2.36107516940415e-05,3
"20813",0.102552116572352,1.66589108262995e-10,0.897387100911308,5.80266478723724e-07,6.02020832719374e-05,3
"20815",4.06775371567182e-18,1.03628999466363e-17,0.973388806263736,0.0266111937269051,9.35910998332854e-12,3
"20817",0.00277511911885983,0.99717073186845,3.33937387843651e-05,1.37265551116033e-05,7.02871879442593e-06,2
"20819",0.987365229648299,0.00161406965346564,0.00937648345374233,1.39166067810427e-21,0.0016442172444929,1
"20821",1.03831306138997e-10,1.9149204025674e-48,0.999999999895839,1.33990191107273e-32,3.2958820542571e-13,3
"20823",0.996616717096248,0.00196654389571886,0.00107599788414591,7.58467634906255e-09,0.000340733539211364,1
"20825",0.000829659547007265,0.998755037651272,0.000414598353033474,4.84096458219337e-07,2.20352228798798e-07,2
"20827",0.0127565564844656,3.53392846674322e-07,0.443749924666292,0.542915688807847,0.000577476648549157,4
