"","V1","V2","V3","V4","V5","best$classification"
"19812",0.861157173165007,0.0400134032396631,0.00102094042811285,0.0978084831671931,2.37763033231427e-14,1
"19814",0.0693425166596111,0.00459032626528338,6.29307662845277e-05,0.887142062000036,0.0388621643087853,4
"19816",0.981764636263894,0.0180780769023743,0.000157285510292064,1.32295317632108e-09,4.86583081328120e-13,1
"19818",0.975901561987246,0.0102300925697819,0.000758780932593836,0.0090107079756866,0.00409885653469197,1
"19820",0.973830523597922,0.0261618833500728,7.59305200478329e-06,1.31364626188845e-55,2.71814405438922e-41,1
"19822",2.06840421311268e-05,0.0691308231964298,0.930848492761439,1.0635047505637e-64,1.41645820853916e-41,3
"19824",0.202638050714358,0.644894019432939,0.152467929848006,4.95982894827079e-29,4.69720695098457e-12,2
"19826",0.333022301620012,0.20544892372196,0.000323419751942055,0.461205332954964,2.19511230249579e-08,4
"19828",0.967956567341124,0.031888148237296,0.000155284421580272,6.91368658133385e-26,2.24643594278979e-20,1
"19830",0.0102548590698983,0.762626637903238,0.116643206808941,0.110475293144672,3.07325052975039e-09,2
"19832",0.0426254527905644,0.951539748202518,0.00583479900567188,1.24609369240386e-12,2.16681276109086e-35,2
"19834",0.894720255459554,0.100055689723085,0.00522405481734755,1.09416936654727e-14,2.85574128929013e-15,1
"19836",0.889819356341487,0.109238882002642,0.000940213256088229,1.5483997828323e-06,1.50961474563281e-20,1
"19838",0.000247890961884846,0.00164921823759134,0.000318650410585769,0.997783685197833,5.5519210462792e-07,4
"19840",0.976611453538338,0.023388201522123,3.42687773705481e-07,2.25176497536531e-09,4.2566401788214e-17,1
"19842",5.79147269869261e-11,0.0113705265888486,0.115838678825376,0.872790793628982,8.98879020055589e-10,4
"19844",7.00362991305411e-16,3.02399353992123e-07,0.224387756093918,4.60097534571375e-26,0.775611941506727,5
"19846",8.25316971728894e-07,5.13434598624678e-05,0.00193282942709754,0.843951057876667,0.154063943919401,4
"19848",1.07573537723765e-05,0.000221290171694315,0.000825647153422508,0.0124371085667951,0.986505196754316,5
"19850",0.000555313901019177,0.0134831479325245,0.00274066294459158,0.969308551750728,0.0139123234711364,4
"19852",0.997594716223878,0.00237219820727998,1.09027997882285e-05,1.96956672930377e-05,2.48710176056282e-06,1
"19854",2.89612742914471e-05,0.000977232735212435,0.000617318033100851,0.00396969443620144,0.994406793521194,5
"19856",3.64477946401208e-08,0.000685416724340515,0.982628400195502,1.93333629021091e-12,0.0166861466304296,3
"19858",6.48241541721409e-06,0.00155543487612567,0.998420798412318,1.26087041334274e-23,1.72842961391468e-05,3
"19860",0.996737161725196,0.00179273744252765,2.27969283998431e-07,0.0014698719686326,8.94360103148722e-10,1
"19862",1.2538861810753e-07,0.000180258668957494,0.000669800675220537,0.999149383898103,4.31369101330358e-07,4
"19864",5.96749547146344e-20,7.38895796620192e-06,0.999992611042034,1.21460898543624e-30,5.02795017136176e-26,3
"19866",0.165761860125583,0.831364439170512,0.00287370070390502,1.51419371940499e-17,4.62200150133892e-20,2
"19868",5.95350344667229e-26,4.92381815856697e-06,0.999995076181841,8.20066297071655e-51,9.40900754141994e-48,3
"19870",0.0105216734449385,0.00651286032705253,0.00103015736180348,0.98114281242315,0.000792496443055585,4
"19873",0.837998579606934,0.130981721627557,0.000736694370883114,0.0302039894230198,7.90149716063848e-05,1
"19875",0.999165736244537,0.000834253940710595,9.81475067839165e-09,1.84662434790778e-15,1.17542159018097e-24,1
"19877",0.901567266456981,0.0181416250033372,0.000438129568971416,0.0794918038685341,0.000361175102176295,1
"19879",0.936532829722339,0.0418968021788933,0.0215597654427936,2.79549147633312e-08,1.05747010593657e-05,1
"19881",0.133796515036583,0.473902418758193,0.384775484158451,0.00752377749369879,1.8045530748828e-06,2
"19883",0.00118443916845966,0.0607326604900988,0.0580540848794333,0.880028659507733,1.55954275049952e-07,4
"19899",0.883094102813211,0.116900898684988,4.99801856055166e-06,4.83240922412866e-10,6.85374543669228e-19,1
"19908",4.54100478549773e-13,0.458710357249619,0.541289642749927,6.11424327038762e-34,2.08047849837783e-24,3
"19910",0.992730898545817,0.00681852201915624,0.000114779364079061,0.000312743645024065,2.30564259237139e-05,1
"19912",8.01151153585157e-10,0.00156364767100043,0.0430542021590965,0.955381384936388,7.64432363846118e-07,4
"19914",0.917037542881351,0.0697313392451078,0.0132309967622649,1.1204362086561e-07,9.06765568001095e-09,1
"19916",7.81875351366273e-07,0.795243156950193,0.204756061174456,7.07675807287784e-38,3.08994836730131e-22,2
"19918",0.00600188402464998,0.00246438031322095,0.00812290993272496,0.671277075383691,0.312133750345713,4
"19920",2.01181223405957e-05,0.000640764743487964,0.00129397381833425,0.0067080855184944,0.991337057797343,5
"19922",5.45237242437027e-06,0.867050231563166,0.132944316064399,1.10111637498927e-14,1.70952195211897e-33,2
"19924",0.889805623719336,0.0256772592739654,0.0107162778790063,0.0116631441617998,0.0621376949658919,1
"19926",0.567267845819256,0.40023165036068,0.0325005038113813,8.68196074868897e-12,2.34611331291939e-27,1
"19928",7.73605354314511e-32,5.23738190405673e-09,0.999999994762618,2.78728688014788e-27,2.88676326962024e-27,3
"19930",0.0308216200910246,0.00201356712658346,1.95121282710196e-05,0.967143188564036,2.11209008503792e-06,4
"19932",0.000261294972712026,0.000462190719947013,4.85998230901307e-05,0.999012163972032,0.000215750512219087,4
"19934",0.891149649968881,0.0742099251231714,0.0346404249075275,4.62200619542468e-14,3.73943869271962e-13,1
"19936",0.755055984795315,0.222654880670927,0.000294683372267018,0.0219944510992634,6.2227835920845e-11,1
"19938",0.0952494726693198,0.338202359067263,0.566548168263417,6.30874664864977e-34,9.90714250963203e-20,3
"19940",0.90434589436462,0.0744029717392271,0.0161726756748134,0.00497134301823343,0.000107115203106421,1
"19942",5.01286797213825e-19,0.000280636289739414,0.99971936371026,1.02434979622407e-15,8.62361731561955e-23,3
"19944",0.984544930285942,0.0148146873128133,0.000634645395592849,5.72954478535069e-06,7.46086710687285e-09,1
"19946",0.978808564516579,0.018260816477993,0.000550731985203892,0.000605035981734125,0.00177485103849,1
"19948",1.65209422978382e-17,9.65890658478043e-05,0.999903410781021,1.53130362893234e-10,7.79597287569394e-16,3
"19950",1.11243645425493e-11,3.79042575459892e-07,0.00193389339785321,2.53979218039968e-10,0.998065727294468,5
"19952",1.65209422978382e-17,9.65890658478043e-05,0.999903410781021,1.53130362893234e-10,7.79597287569394e-16,3
"19954",0.00465274102142558,0.000784265714631934,2.78913522604979e-05,0.994317338614311,0.000217763297370658,4
"19956",4.20851969729721e-13,0.10406264498824,0.895817158922884,9.81424076577477e-05,2.20536807977278e-05,3
"19958",1.16110423862471e-19,0.00123458803799814,0.998765411962002,3.13161725156424e-39,1.84634220082534e-40,3
"19962",0.0271262248172088,0.435998504405353,0.53686622991428,2.1622663133288e-09,9.03870089122228e-06,3
"19964",0.701848563531709,0.089463870220845,0.208666885248854,1.92307950106682e-05,1.45020358127298e-06,1
"19966",0.0386009805218938,0.870390638351919,0.0910083811261875,1.69680939140753e-36,1.72212743726927e-38,2
"19969",0.0173377724581471,0.2075461980526,0.00900442188850664,0.766111607248194,3.52551868321144e-10,4
"19972",0.000278877906291054,0.0278923742094096,0.165017134820986,0.0186128848283064,0.788198728235007,5
"19974",2.01048584319864e-13,4.61203256115061e-07,0.00501069554919573,0.00916189485495769,0.985826948392389,5
"19976",0.88390969302199,0.033500691609026,0.000515132099772523,0.0130773349854308,0.06899714828378,1
"19978",0.990727037819326,0.00924771047363757,2.30788693781075e-05,2.11402582576333e-06,5.88118327081087e-08,1
"19980",3.19552687757249e-06,7.18813089215033e-05,0.000374167601891283,0.0538215092899333,0.945729246272376,5
"19982",0.000190979025597568,0.0580487320958444,0.118851308490197,0.000156701310365523,0.822752279077996,5
"19984",3.09408996462427e-10,7.96865831580235e-07,0.0141002131702408,1.33781621787633e-13,0.985898989654385,5
"19986",0.878973107930752,0.120441707672485,0.000585184396763113,1.07789062382755e-42,2.632780203275e-35,1
"19988",0.897028722603714,0.102961488982505,9.78841378093958e-06,3.96637631689456e-62,1.32248695215982e-45,1
"19992",0.983326520236379,0.016667650411647,5.82935197382187e-06,2.22953445692721e-42,4.15281873759109e-28,1
"19994",0.0433868517364192,0.00265852908419117,3.80550833761205e-05,0.953916502604841,6.14911723976892e-08,4
"19996",0.995691836515846,0.00430626218755174,1.90129660266559e-06,3.60801394849551e-36,7.14326300890851e-24,1
"19998",1.10936598198898e-06,0.231531566858395,0.7684673237476,2.78536310334216e-11,1.69102309847535e-13,3
"20000",1.42715821102236e-09,0.0384964616517607,0.961488376875106,1.51600459754428e-05,6.69857226873998e-22,3
"20003",0.776013100507969,0.150304742144394,0.00511785269304921,0.0685643046545881,4.80935834571059e-17,1
"20005",6.28151176933777e-07,0.000283279159356763,0.000788783307155755,9.23114364359804e-05,0.998834997945875,5
"20007",0.984207359415525,0.0157790157519433,1.36242936661933e-05,4.94995799095724e-10,4.38699092884598e-11,1
"20009",0.00254007526856138,0.10046224321134,0.896997681520098,1.14865880949763e-36,5.22014426995827e-20,3
"20011",0.0556956303623882,0.308885438551827,0.24852022519072,0.011785098024143,0.375113607870922,5
"20013",0.0573482760866043,0.0120417676743744,0.00356880859337062,0.449315163044345,0.477725984601305,5
"20016",0.00875334036370295,0.651531382099728,0.339715277536568,9.97981516398308e-51,1.93895508183962e-26,2
"20018",1.95358334953295e-16,0.207264487446041,0.792735512553959,1.27633475423487e-108,2.16851628312327e-93,3
"20021",0.995780261477901,0.00421814608255199,1.59243951155874e-06,3.56282165670264e-14,6.32546936754964e-26,1
"20023",0.976479617234538,0.0204587230917494,0.0030616590981249,3.37858801438293e-10,2.3772933939867e-10,1
"20025",2.09788514795367e-06,0.999997722670748,1.79444104240924e-07,1.23260861504277e-64,4.95049603887328e-66,2
"20027",2.37415632994331e-05,0.0263247480622155,0.00118743253422376,0.9724640778307,9.56157846046487e-12,4
"20029",0.000166318271542658,0.0292986823476332,0.0693151678413849,0.901214953802546,4.87773689304751e-06,4
"20032",9.38104443006567e-05,0.00135767549660662,0.00052144401447702,0.998027069176272,8.68343463447057e-10,4
"20034",1.02975061293825e-12,0.00651628815776499,0.993483582373744,1.29467461178875e-07,1.17880979172121e-16,3
"20036",8.69340305396735e-05,0.9919933078156,0.00791968119737948,2.507371352216e-08,5.18827670971469e-08,2
"20038",0.982420942166402,0.0175377636468639,4.12941867341611e-05,1.10283787388218e-27,3.24631416484068e-39,1
"20040",2.89501325348616e-07,0.501556729462797,0.498442981035878,1.54540546356003e-68,1.50111162329071e-40,2
"20043",0.987020981847506,0.012975006541256,4.01161123760051e-06,5.63751434427324e-18,1.51089239995987e-21,1
"20045",0.196818826967114,0.798003938859985,0.00517723417290109,5.75605682074211e-67,2.65001347159803e-39,2
"20048",1.61502158974611e-16,8.96295056813773e-09,0.0273649427600747,1.10106064181191e-15,0.972635048276973,5
"20051",0.725130979272129,0.273891020699119,0.000977992329374195,7.69658477776725e-09,2.79252419703649e-12,1
"20053",0.757775563224545,0.227881841643629,0.0143425151603487,9.74010060301023e-15,7.99714673543327e-08,1
"20055",0.26304188123632,0.73602830897577,0.000929809787910033,7.28360874213249e-23,2.87560139650021e-46,2
"20057",9.60596399622791e-43,1.36585060340976e-12,0.999999999998634,7.31566882677015e-60,2.41872553448193e-59,3
"20059",0.602731891724916,0.39396592705052,0.00330218122456376,5.74682509595987e-19,3.29239017091075e-18,1
"20061",0.987323218719162,0.0126755072084544,1.27404356416121e-06,2.87466405443062e-11,7.27887282478864e-14,1
"20063",4.51118232394933e-20,5.03033864886823e-05,0.999949696613389,2.98286970052251e-59,1.2270112763962e-13,3
"20065",0.000318273321685491,0.999611198142458,7.05285358567078e-05,7.44940443058496e-60,4.18419527064959e-82,2
"20067",0.657764543812545,0.265797971244908,0.0764374849424866,1.35116719602537e-31,5.99046602469331e-14,1
"20069",1.93042208216136e-06,4.74403818805491e-05,0.000263564317400957,0.00979588220419234,0.989891182674444,5
"20071",0.00149088341202712,0.988310275811813,0.0101988407761585,1.87976151752716e-15,1.66187214870106e-18,2
"20073",0.00031395110919181,0.00114952390274266,0.0572072656634425,4.5178283353223e-05,0.94128408104127,5
"20075",1.01571127316133e-20,0.000210932323676422,0.999789067676323,1.07302027495232e-40,4.61221550905704e-61,3
"20077",0.980711942781868,0.0192570534568451,3.10029982386204e-05,1.1191675615151e-13,7.62936222567522e-10,1
"20079",0.000427667999874437,0.161000754043375,0.838571565490462,1.37014176712154e-18,1.24662885441199e-08,3
"20081",0.474996849656803,0.523997994493994,0.00100515584920339,1.29788350184171e-22,3.17121949931794e-23,2
"20083",1.92572437294917e-12,0.000303934612137086,0.999696047062398,1.98695740596778e-22,1.83235389989819e-08,3
"20085",0.899457276661009,0.100459992418767,8.2730920223437e-05,5.83983627786384e-59,8.0310683731731e-52,1
"20088",0.995296649294796,0.0046512060459737,5.21446592301885e-05,4.20935678779242e-24,3.44664349194912e-26,1
"20091",7.19643866387745e-09,0.168176526817458,0.831823465986103,7.24702284617413e-42,1.11479603394857e-39,3
"20095",8.74232540659072e-09,0.0111892898174691,0.988809363271227,4.17445952389178e-28,1.33816897853752e-06,3
"20097",0.926386239774509,0.073606671815663,7.08840982787382e-06,6.3470571616117e-59,5.09029065990213e-55,1
"20099",0.00121716252118712,0.211865753055571,0.786917083587965,2.68289815729587e-25,8.35276654778913e-10,3
"20102",1.46977001709362e-12,0.00100019074900635,0.998999809233946,4.58446549339372e-32,1.55781973137687e-11,3
"20105",0.974567340019373,0.0252817326602325,0.000150927320391962,2.19559135758454e-22,2.88373975608428e-15,1
"20107",0.99251674572108,0.00747151967486957,1.17346040503482e-05,6.45602304052994e-23,2.44921558143838e-19,1
"20109",0.586114394867872,0.106356960080318,0.306338593648128,3.8942579244833e-16,0.0011900514036819,1
"20111",5.96626563957323e-16,0.000181236780684585,0.999818763219315,3.12215068359548e-17,5.84342712760356e-25,3
"20113",0.683920991659629,0.316061072154276,1.79361860945332e-05,2.87105764717046e-16,1.8092621864866e-23,1
"20115",2.61456386313137e-05,0.720111525549765,0.23120357615277,0.0486587526588095,2.38562058889942e-14,2
"20117",9.42097177640617e-18,1.76881196129122e-05,0.999982311880387,1.48164664034886e-55,2.31559897978282e-58,3
"20119",0.0116312892752844,0.973050486794443,0.0153182239302728,2.3907301260748e-30,3.86372048629965e-37,2
"20121",0.992775743105355,0.00717989955754193,4.43573371030717e-05,8.45237300559632e-29,8.50574284482676e-28,1
"20123",3.80949446742529e-09,0.409054951579636,0.590945044610869,1.14812440972568e-47,1.66886799485104e-66,3
"20125",0.00087423685975079,0.00161686018552351,0.000138016766441902,0.996604639208383,0.000766246979900889,4
"20127",0.866438213631568,0.133412240660129,0.000149545708303227,2.09843286375968e-51,1.32167722361765e-30,1
"20140",0.0327596757356727,0.966805214485739,0.000435109778588,2.16893752226725e-18,3.26201176204516e-37,2
"20142",2.83271940405285e-10,8.82072295282573e-06,0.00106778518063528,3.52133703973217e-05,0.998888180442743,5
"20144",1.0810102725801e-05,0.920650228044309,0.0698793871277528,0.00945957472357174,1.64074336317511e-12,2
"20146",0.000116752015830414,0.999152441194109,0.0002890046593341,3.46049422564667e-07,0.00044145608130444,2
"20148",0.605093252249974,0.0298989767648454,5.22727807595516e-06,0.365002542130567,1.57653770510209e-09,1
"20150",5.03525263955655e-09,1.1116675549615e-05,0.00201228112578876,0.362879492782804,0.635097104380605,5
"20152",0.70204507844914,0.0431898053271862,0.000700574058173405,0.254064450938491,9.12270103092828e-08,1
"20154",1.6066420196819e-07,0.350190391179025,0.649809448156774,3.2560127317396e-59,1.46205005156281e-43,3
"20156",0.0869469638334581,0.910712112686378,0.00234041080293876,9.75447375975135e-16,5.12677224424303e-07,2
"20159",8.2166308631824e-07,0.00205086365808822,0.0036316268542544,6.30986306432448e-08,0.99431662472594,5
"20161",2.31070389324364e-08,0.0792316040595971,0.908005393028587,6.19814359727096e-12,0.0127629797985785,3
"20163",0.148772568433835,0.850904555394535,0.000308000186227651,1.48759854023905e-05,2.06568638786434e-25,2
"20165",0.00103139579750755,0.0502508293818526,0.765202334659503,4.24592867263075e-22,0.183515440161136,3
"20167",0.112542754573629,0.0036545712322149,8.92693061987404e-05,0.873751545602708,0.00996185928524968,4
"20169",1.65326517344191e-14,7.1242335240733e-08,0.00296897162357959,4.5494379865496e-11,0.997030957088574,5
"20171",1.03427090251211e-11,0.748904125976149,0.251095874013508,1.72937792883677e-77,5.82888332710231e-47,2
"20173",1.96921577946359e-13,0.00187268502768841,0.998127314971832,1.95755114304246e-35,2.828815358846e-13,3
"20175",0.596636435591499,0.0937801888536291,0.000557831223426844,0.285908170279959,0.0231173740514858,1
"20177",0.00382306138724399,0.640891164096814,0.355285774515941,9.15366974849609e-23,1.01559970280999e-15,2
"20180",0.975623285220321,0.0243743967953036,2.31798437580099e-06,5.64526208572086e-35,5.11201179544122e-53,1
"20182",9.36211272815516e-39,4.10575132228391e-15,0.99999999994874,7.30142964883371e-29,5.12562889140597e-11,3
"20184",5.19049370754292e-05,0.000133258020298801,0.00337452647819842,0.000194188102211373,0.996246122462216,5
"20187",1.18487622350872e-08,0.991390184632824,0.00860980113092425,1.34313797446848e-14,2.38747651641554e-09,2
"20189",0.867719321663867,0.131508960137045,0.000771718154780272,4.43077567682895e-11,6.34780869138596e-17,1
"20192",1.39784904803362e-08,0.99843158161125,0.00156840441025979,1.73781744517205e-42,3.55395143314918e-54,2
"20194",3.81128619749539e-12,0.0399640188088968,0.958669304080494,2.44831537559383e-06,0.00136422879142222,3
"20196",0.0018319136964888,0.837244802910987,0.160923283392525,5.60465055521252e-48,4.96841109417449e-46,2
"20198",0.516675105513613,0.482835873055534,0.000482570086944341,6.4513271994953e-06,1.6709044284745e-11,1
"20204",1.11210590854704e-05,0.000143403122362523,0.00662656792801857,0.888530396920594,0.10468851096994,4
"20207",0.188849304784859,0.69057765092686,0.120573044288282,1.32082877358588e-39,1.15069846604136e-24,2
"20209",1.70207251019197e-09,0.0395140957365176,0.96048590252768,3.37300251946546e-11,6.15852300807595e-43,3
"20211",1.93722505809509e-07,0.973025267920353,0.0269745383571408,1.72523463952457e-37,3.25715021804055e-48,2
"20215",0.978209673593898,0.0217895765111846,7.49894917134565e-07,2.7322361607887e-18,1.72979603455272e-21,1
"20218",1.25825411515451e-08,3.37666037142697e-06,0.00114003863743831,0.00301764197342828,0.995838930146221,5
"20222",0.340727059289575,0.659079279099331,0.000193661611093365,6.08775635627515e-27,6.50967855442471e-24,2
"20225",5.25554975692822e-07,0.997922773247884,0.000106563531852189,0.00197013744617206,2.1911602850777e-10,2
"20229",0.000146216507350171,0.997639193707913,0.00221458978298139,1.75566894672568e-12,2.82209403983086e-25,2
"20232",0.845520034427894,0.154424126899541,5.58386725325276e-05,3.24782340104018e-14,4.3824128420995e-17,1
"20234",4.36999741549201e-07,0.999734340588627,0.000265222411631717,1.11366402492511e-90,2.19779427687654e-83,2
"20238",0.957658100100171,0.042340668458293,1.23144153630817e-06,1.46411845911911e-28,3.26011694694042e-19,1
"20253",0.860882129326347,0.139039744275468,7.81263981855506e-05,3.01365847302925e-35,4.14412211549193e-30,1
"20255",0.00730546832534217,0.00821199253436564,0.000230934209697816,0.984251541372152,6.35584427848321e-08,4
"20258",0.994741638811085,0.00525814327461532,2.17914299761287e-07,1.19580950792856e-30,1.13368978680656e-31,1
"20269",0.974168427249757,0.0204399998569452,0.00539155652821,4.43626446095871e-17,1.63650880544566e-08,1
"20271",0.13138064356928,0.868510234046094,0.000109122384626425,9.02043269238653e-34,1.30176969970896e-36,2
"20285",1.24569492417325e-07,0.0146915592963775,0.985308316129969,3.71277667215601e-12,4.48019469728061e-13,3
"20288",0.978426658939158,0.0215728249694342,5.16091408225037e-07,1.75358482822423e-18,1.4386836147512e-17,1
"20291",0.00374118200580314,0.765897369093762,0.230361448900435,3.45595759298037e-45,3.33085169705685e-34,2
"20295",0.00209560195870423,0.948601520970597,0.0493028770706968,4.52089851206245e-20,1.53149639050369e-15,2
"20298",0.000357748079042607,0.00184166250959601,0.000110466354489555,0.997687535728193,2.58732867844437e-06,4
"20302",0.00033320983280504,0.00131646482430231,0.149658986756911,0.00026718109976841,0.848424157486213,5
"20305",6.03521489633588e-05,0.00482110745636936,0.000188910872088707,0.99492962855844,9.64138996405698e-10,4
"20307",0.993060774832915,0.00688453102705005,5.46941400352628e-05,2.81913369421139e-36,3.95907461685244e-29,1
"20310",0.0042225911700531,0.995773193481604,4.21534834241214e-06,5.7280468574088e-74,4.15622396310816e-51,2
"20313",2.47440884017569e-15,8.38814629262065e-08,0.025599870853088,1.94382254210289e-12,0.974400045263503,5
"20315",0.935858374972941,0.0640558500727486,8.57749543099237e-05,6.4028623764694e-29,2.53626258437281e-26,1
"20319",0.000615128496525401,0.988341490593812,0.0110433809096628,4.54291445737949e-47,1.73694968430092e-56,2
"20321",0.960570992315828,0.03942895169204,5.59921325747655e-08,6.10030705708864e-36,2.43897876478269e-24,1
"20327",0.958101135459118,0.0418907182497052,8.14629117695251e-06,1.22392376964878e-33,7.78366463713028e-26,1
"20329",2.34426175968801e-16,0.00119113530919024,0.998805202977062,1.44963088155957e-07,3.51675065931852e-06,3
"20335",0.0714899004850212,0.921516810405615,0.00699328910936381,6.44274436473247e-51,1.68596907563504e-33,2
"20337",2.94478958140553e-06,0.000133011820799492,0.000394692911721732,5.04011473178324e-05,0.99941894933058,5
"20339",1.54106715146493e-10,0.948694287126928,0.0513057127189646,3.63010190569548e-28,1.87912019710368e-52,2
"20341",1.83510185792809e-09,0.0488862151889025,0.951113782975996,3.47531402297892e-55,2.47111984570957e-28,3
"20343",0.010594048134147,0.810698750826299,0.178707201039554,3.61039476483902e-54,2.42635222308192e-25,2
"20345",0.423630308171283,0.5449020019304,0.0175529979185505,0.0139146919797668,1.58445219034021e-17,2
"20350",1.77044717336066e-08,0.999826878629405,0.000173103666123637,5.35760811302511e-30,1.70038416554074e-21,2
"20352",7.44356406834164e-12,1.49420884920631e-07,0.00251197355582084,1.19761628470516e-10,0.997487876896089,5
"20355",4.53656930597072e-06,0.015067294986961,0.970071848061348,2.70747912185874e-13,0.0148563203821146,3
"20358",3.50350542713899e-14,0.000278830332831749,0.998480624918606,0.00121357429206581,2.69704564609104e-05,3
"20363",0.996424331941278,0.00357541844579939,2.49612922146812e-07,4.46746184663032e-27,2.06530776936752e-21,1
"20365",0.033576550043782,0.926378638346622,0.040044811609596,7.59109779880764e-22,6.46496234455914e-35,2
"20379",0.0238422555967042,0.665846080347974,0.257948844210093,0.0523619314021273,8.88443101757142e-07,2
"20387",0.98904541736619,0.0108027306703031,0.000151851963506707,1.09559781052441e-22,5.98675447021483e-24,1
"20392",2.26243611008058e-07,0.997543636870416,0.00245613688597249,3.53958088525297e-45,7.4257619654596e-62,2
"20395",0.751590914119127,0.0359294264461633,1.0656606942436e-05,0.212279249056457,0.000189753771310143,1
"20397",1.1672574830066e-30,8.05187865561836e-11,0.999970610080638,1.17812647197456e-17,2.93898388429252e-05,3
"20410",0.97469958034376,0.0252576465569443,4.27730992952122e-05,2.19422385349696e-16,7.94358764370871e-34,1
"20414",0.0303859883658276,0.0869293301097205,0.0217686691469406,0.667969819771921,0.19294619260559,4
"20417",2.53257944641116e-20,0.00901546205341415,0.990984537946586,7.01800639952829e-120,1.14800884518131e-107,3
"20419",0.840169636504852,0.159427639742634,0.000402723752515075,6.28558745855771e-38,1.24190879035113e-23,1
"20421",0.000509577924072813,0.143411610208273,0.855998293766102,1.53280227544428e-08,8.05027735290949e-05,3
"20423",0.00222215756182032,0.0136234697217273,0.00689890927202679,0.796336921879371,0.180918541565055,4
"20425",0.00335377853356601,0.113033632957134,0.254458865589886,0.0473527984319043,0.581800924487509,5
"20427",0.981517265065619,0.0175769204124692,1.04668287961629e-05,0.000895347688556631,4.55946182431863e-12,1
"20429",0.00017832703987144,0.990741202905408,0.0090804700547202,6.64262283684109e-45,2.15605090230276e-23,2
"20432",5.60997294239533e-06,0.0120515331701944,0.0368710445786736,0.491430957735154,0.459640854543036,4
"20435",0.960526594641151,0.0394733758070499,2.95061719974402e-08,4.56267720487597e-11,1.32643795340966e-21,1
"20438",0.294810944348951,0.702561548686295,0.00262750696396812,1.29495971411768e-26,7.86052254220657e-13,2
"20440",0.938736566049169,0.0540252979568652,0.00723813599396598,3.4041685851061e-35,5.54623767617702e-20,1
"20443",3.88782926261001e-08,0.0117296553965873,0.153506855547599,2.92436915788775e-16,0.83476345017752,5
"20446",0.09720282740202,0.295666394930235,0.607130777655831,1.16688200534898e-11,2.44446630750652e-13,3
"20449",0.933210282817652,0.0624143562695098,0.00437536091111088,1.72768145548106e-12,6.65312412060742e-20,1
"20537",0.0334102366439137,0.711804727856241,0.254785035499845,1.09556694155021e-29,2.60336415915843e-26,2
"20540",1.96396505476681e-08,0.983095286418046,0.0169046939423034,6.81786998576454e-56,3.97538905556511e-68,2
"20543",0.941393438277727,0.0365573011010004,0.0220491926935512,6.7614458057259e-08,3.13262668578061e-10,1
"20545",6.76562123958849e-09,0.881703190843035,0.118296802391344,3.46773521074166e-42,1.50769610048387e-48,2
"20549",0.93180812883764,0.0487188692338935,0.00863756743768219,0.00497639351356547,0.005859040977219,1
"20551",0.987961663458923,0.0111386439264686,0.000899684438362016,9.22012036744176e-12,8.1670265652785e-09,1
"20554",0.989915005857081,0.00986157780327365,0.000223416339632339,1.03741809943821e-16,1.26353213023451e-14,1
"20556",0.45837866065443,0.540749634035455,0.000871705042942827,2.67158197740689e-10,1.35529659597689e-14,2
"20558",0.996731506222465,0.00326808858956746,4.05187967821489e-07,4.24279558575352e-31,5.52637584449296e-24,1
"20560",0.990569070516868,0.00905256302571661,0.000372687822546683,4.45339617804272e-12,5.67863041525029e-06,1
"20563",0.916457566824277,0.0835385909312267,3.84224449624704e-06,5.36299524665995e-49,5.29173953474332e-31,1
"20565",0.88640309261828,0.113594695070366,2.20529595111338e-06,4.58528856801246e-15,7.01539838769445e-09,1
"20567",1.5260462014596e-05,0.00539385312658157,0.0100674647573918,0.0158452965768182,0.968678125077194,5
"20571",2.82964808376446e-05,0.99996030941818,1.13941009826342e-05,1.37273122257891e-43,6.46363919902294e-36,2
"20573",0.974709504172967,0.0222581704780514,0.00303231695590822,1.30634435890886e-13,8.39294292503586e-09,1
"20575",0.597862398922216,0.395041654632981,0.00709594644480308,1.48296192653396e-39,2.68116261647086e-28,1
"20577",0.58957781995822,0.35274553011311,0.0576762344281733,4.15500493725958e-07,2.88754070814241e-15,1
"20579",1.76667776660636e-19,5.10930280420039e-08,0.0459602545712479,2.11582963838734e-10,0.954039694124141,5
"20582",0.983619208319085,0.0163696710336083,1.1120647306851e-05,9.03401748985373e-46,3.99300349287224e-37,1
"20585",0.0331486185662966,0.96504046224918,0.00181091918452365,3.28160600047906e-19,7.25661067225737e-37,2
"20588",5.08102880111058e-07,0.469544455117978,0.530455036779142,1.12827678491339e-26,8.54654863764216e-28,3
"20590",3.6514867707425e-14,5.27702924808748e-08,0.00312955656495127,0.000238127127283206,0.996632263537437,5
"20592",0.976810987352796,0.0230345415305921,0.000154471116611791,6.08116595053655e-46,1.0548096774852e-23,1
"20594",0.821595924103231,0.177909711591535,0.000494364305233596,1.6369710356327e-44,5.58555927400622e-44,1
"20596",0.896471495170949,0.103351436806643,0.000177067174995924,2.67669354688745e-16,8.47412359845715e-10,1
"20598",0.995391613071931,0.00455330574823041,5.50811579152489e-05,2.10647072688903e-11,8.58809576549125e-13,1
"20600",0.0589564614404166,0.843600206112269,0.097443332435894,1.08427904401348e-11,5.77148398468662e-13,2
"20603",0.00508885610163611,0.91387169057673,0.000348230950903315,0.0806765192605038,1.47031102268613e-05,2
"20605",0.993925834039835,0.00607337462529826,7.91334867020042e-07,1.1644302893607e-26,4.06145022425513e-31,1
"20607",0.991127880534991,0.00886494295934091,7.17650566795438e-06,1.15558701788068e-17,1.41970896900447e-18,1
"20609",0.99143837353572,0.00855830320646219,3.323257807641e-06,8.69592566546466e-15,1.04316181450315e-15,1
"20611",1.26346437111723e-05,0.00382111038309649,0.00137557563815391,0.994597774606069,0.000192904728969147,4
"20613",0.96837489850414,0.0313069943821827,0.000312977052765017,5.13006091179875e-06,4.88159054014642e-19,1
"20615",0.72469650872711,0.259968782979347,0.0153339547257254,6.84850929611899e-07,6.87168878568905e-08,1
"20617",5.60755504877622e-11,5.84701782767355e-06,0.0146232478201645,3.33705042493043e-11,0.985370905072562,5
"20619",0.885135558124879,0.112758987435129,0.00210545443999171,2.78711743766702e-38,1.1207136511448e-20,1
"20621",0.953160786765439,0.0459834255395549,0.000855787694792923,1.02294784177727e-13,1.1048225932666e-13,1
"20623",2.81282089065728e-05,0.0174705136015176,0.23394704586931,2.78517191003285e-09,0.748554309535094,5
"20625",4.76853111961217e-05,0.931730584021382,0.0678826362745898,0.00033909368001248,7.12819322628666e-10,2
"20627",0.98927814242529,0.0103262740454062,0.000395048535661048,5.3499364238839e-07,4.34834607850598e-16,1
"20629",0.964520209257559,0.0326688503935967,0.00281093800832918,5.53752543232617e-10,1.78676202926868e-09,1
"20631",0.922896205347229,0.0769047712308159,0.000199023421955465,1.05443289964466e-45,2.22888271693852e-24,1
"20633",7.03932456497892e-19,8.14110845011348e-10,0.00353193892924753,1.05266878017417e-12,0.996468060255589,5
"20636",0.000115029096751662,0.982582650452194,0.0142870334772516,0.00283241206767732,0.000182874906125813,2
"20638",0.011633205812615,0.988309420549617,5.73736009989178e-05,3.67696884343728e-11,4.41495026817385e-26,2
"20640",0.670893283729082,0.323568767592925,0.00553794867799288,2.45306665541723e-24,3.14741082253698e-42,1
"20645",0.972477833975009,0.0275203232889476,1.84273604341967e-06,1.41567391557944e-52,3.93497793996563e-47,1
"20647",7.84586795250029e-17,2.95327665999617e-08,0.0170192758915661,3.90057417330178e-20,0.982980694575667,5
"20649",0.834172971468435,0.165551063401846,0.000275965129718875,1.29966791105698e-16,5.87053065805229e-22,1
"20651",4.00570544121648e-05,0.235893233686073,0.764066709259515,1.54259874922677e-64,2.02640928565189e-33,3
"20656",0.019267574323263,0.980705310157836,2.71155189005891e-05,1.58063526931989e-37,7.79086385217307e-39,2
"20660",1.88292821374585e-08,0.569903264813895,0.430096716356823,8.55604469829754e-36,5.26049074842606e-52,2
"20662",1.00876364525562e-09,0.00171404720664081,0.611599276727106,1.32836184842201e-09,0.386686673729127,3
"20664",0.00100939667906255,0.163516276646766,0.835474326483126,7.56441514775841e-26,1.91044939485021e-10,3
"20666",5.92049966742797e-06,0.66526434809375,0.334723036236999,6.69516958411501e-06,1.16391975728731e-29,2
"20668",7.43074610110505e-05,0.000138744261950939,0.000460462102957037,0.995339570394978,0.00398691577910276,4
"20670",0.00392960362965157,0.977392971642727,0.0186774247276219,2.69002038051171e-35,1.1612989082158e-36,2
"20672",2.05531079397603e-05,0.000469178792676982,0.00509203191514378,0.584743315359298,0.409674920824941,4
"20674",0.984087442059802,0.0158521550081695,6.04019994579341e-05,8.34391963537264e-10,9.81782646495973e-11,1
"20676",2.01396783248102e-14,0.000366342260404216,0.911197269929057,0.0879516514515781,0.000484736358940754,3
"20678",2.89015439802017e-16,2.46556642178967e-06,0.624169390897312,0.340528412248303,0.0352997312879628,3
"20680",0.0502595624566312,0.00543495011749385,0.00072472293298912,0.844849754482089,0.0987310100107966,4
"20682",0.0536621238954975,0.726347847356567,0.0460651963784215,0.173924807983034,2.43864805427739e-08,2
"20684",0.00276239396431535,0.978027778880922,0.0192098271547628,2.63945274189177e-17,6.19644270056253e-29,2
"20686",2.37517281935463e-08,2.18082664134813e-06,0.000442669411958505,0.000222862459558213,0.999332263550114,5
"20688",8.39072940102337e-22,1.17693008746658e-07,0.941682325247982,1.14676835307652e-06,0.0583164102906565,3
"20690",0.000223919729496223,0.999649913378207,0.000126166892296376,1.20096345500623e-31,7.7387471031584e-51,2
"20692",2.95038451691304e-23,5.47138433391754e-11,0.00599648077127252,4.5067078598803e-11,0.994003519128947,5
"20694",0.000120002397271548,0.00116628989760205,7.9841468825201e-05,0.998612044894961,2.18213413397838e-05,4
"20696",0.00358516837485474,0.0848853404749255,0.0918253974667329,0.819050164496469,0.000653929187017831,4
"20698",0.351330377124382,0.648571706707588,9.79161523673808e-05,1.63633584282484e-15,1.56614945195736e-11,2
"20700",0.00623367992010153,0.983512152132686,0.0102541679075563,1.95018114755983e-29,3.96561572458099e-11,2
"20702",0.000171752820808658,0.967347680059074,0.0324805671201171,6.50442152353985e-48,1.20236377441645e-56,2
"20704",0.990960704823141,0.00903701600229429,2.27415054751267e-06,5.02216204765604e-09,1.85514538892911e-12,1
"20706",2.6536570712045e-05,0.992850080371042,0.00712338279585954,2.88459589056519e-14,2.62357410996771e-10,2
"20708",3.43581466233373e-11,0.000198489655248584,0.118706807997577,0.88109233623802,2.36607479601789e-06,4
"20710",0.884490176077598,0.115494684238703,1.51396836982479e-05,3.5200538768369e-16,5.02152316602482e-32,1
"20714",5.95606333438607e-06,0.00643911604974235,0.0793002620644332,1.68716674564306e-05,0.914237794155034,5
"20716",0.996599477194338,0.00339103351509383,9.48929055842063e-06,9.52719975853514e-15,1.28982290896415e-20,1
"20719",0.000145728835230433,0.82467841876608,0.175175852396829,1.8611444707805e-12,2.04835221404029e-19,2
"20721",0.958763430634901,0.0410445641797067,0.000192005185392572,1.93810300701204e-48,5.02668568286299e-26,1
"20723",4.97934645240327e-10,0.0172374879580246,0.982762511544041,2.87244921423402e-24,2.07131932617088e-28,3
"20725",0.0176077720597819,0.00358878285974861,5.59501371261967e-05,0.978747440876094,5.40672491609623e-08,4
"20727",5.49938302359797e-18,0.000227069179561312,0.99973734494881,9.55123624224387e-14,3.55858715336106e-05,3
"20729",1.03746973365305e-06,0.000423105301639096,0.000203788930912227,0.999372067826316,4.7139896633999e-10,4
"20731",0.000488441274188117,0.00258603320013802,4.04490636538637e-05,0.99688507629735,1.6466996599612e-10,4
"20733",0.979219562008445,0.0207802913507089,1.46601729182324e-07,3.91168968231304e-11,7.49058434893077e-23,1
"20735",0.993936307769433,0.00604992489566085,8.52516329256667e-06,5.2421716135221e-06,2.00485460517554e-17,1
"20737",2.9793442252357e-09,2.61386414658753e-05,0.0042288483823939,0.995061835745087,0.000683174251708727,4
"20739",1.61264973738267e-17,6.19355882129859e-08,0.00201133184787478,3.94770694043955e-09,0.99798860226883,5
"20741",0.122103925618912,0.010084324891081,0.00102945963691824,0.862620884219334,0.00416140563375489,4
"20743",0.19467913429008,0.491465881217252,0.0233829699668634,0.290450282171567,2.17323542368412e-05,2
"20745",0.711849149394077,0.288032508812127,0.000118341793795494,2.32885226091224e-42,4.28681607202433e-32,1
"20747",2.66284187741148e-06,0.00856888610174226,0.00719794651087963,0.984164537485624,6.59670598761544e-05,4
"20749",2.39827940848788e-06,0.0144727609794617,0.0285951009155407,0.955067310993579,0.0018624288320099,4
"20751",3.08220257023517e-06,0.940619135538509,0.0302760236737094,0.0291017585852116,1.0947958373634e-20,2
"20753",0.000560814920811601,0.0282603381259756,0.000464496798300535,0.970714350153592,1.32054507784141e-12,4
"20755",1.34112744721823e-16,5.5493129388279e-05,0.999862050291518,8.24539413931485e-05,2.63769997810227e-09,3
"20757",1.02194292283856e-09,0.252997240443232,0.747002727633864,5.29010377025914e-17,3.09009614629305e-08,3
"20759",0.299156749947923,0.676184267443169,0.0246589826036793,8.00300271428595e-33,5.22827475414367e-12,2
"20761",0.792307196097542,0.00625745929620654,7.92604365566934e-05,0.201244954757095,0.000111129412600013,1
"20763",0.0372823104228414,0.96260083021734,0.000116783395197,7.51654069457166e-08,7.99214337141418e-10,2
"20765",0.0460242257252281,0.00375722228661644,7.52843817271636e-05,0.930378157072384,0.0197651105340443,4
"20767",0.428984316154607,0.539403394779504,0.0316122890658874,1.60409209847903e-15,2.13697419873234e-22,2
"20769",0.000456674903439779,0.99011445330473,0.0094288717918296,1.92577058471159e-25,3.85020370281184e-62,2
"20771",0.909582780366907,0.023756746058315,0.00968418402743535,0.00061930857229671,0.0563569809750457,1
"20773",1.11729940288988e-14,0.00141154460413918,0.998588455395849,2.73848775341981e-16,1.98928922934731e-17,3
"20775",0.406302052159621,0.361013516937956,0.0038090341499054,0.228875396752359,1.59344410553113e-13,1
"20777",5.21894074803769e-06,0.999990842814246,3.9382450044506e-06,1.83816301589176e-15,5.33070852079546e-32,2
"20779",0.0100120744498717,0.00518381908607236,4.60511244553591e-05,0.984758055335346,4.25434814707879e-12,4
"20781",7.36172999475701e-36,2.81233060965943e-09,0.999999997187669,1.80739396358274e-40,5.41237869359999e-42,3
"20783",0.890942686679056,0.0438098021673797,0.00240211467849657,0.0220852926126273,0.0407601038624404,1
"20785",2.25396026770968e-24,9.86635944749916e-08,0.999999901333187,1.62229280446351e-20,3.21841027298575e-12,3
"20787",0.000536893339342229,0.000925248370410303,0.00073779034273221,0.983666841255607,0.0141332266919077,4
"20789",0.970641713862959,0.0291090261016367,0.000247796121140219,1.46391426386029e-06,9.90535938277048e-18,1
"20791",1.37779229490892e-06,0.000121511158456871,0.000194637577395917,0.998256113693045,0.00142635977880673,4
"20793",0.904995934886276,0.0941838472748046,3.30002621075549e-05,0.000787217576811527,1.74541782337625e-18,1
"20795",0.0018090648997049,0.00590975251341799,0.00266499537853876,0.00285668988346214,0.986759497324876,5
"20797",1.34148303954324e-28,4.00016515342757e-10,0.999999999599957,7.14441283502914e-28,2.63719531734422e-14,3
"20800",0.000352463388074195,0.00973759681724467,0.00148844929636083,0.0017800242593105,0.98664146623901,5
"20802",0.121609584324702,0.00951111483763105,0.000834312297903717,0.837934063239434,0.0301109253003292,4
"20804",2.92143491721222e-08,0.000144712146063551,0.000766078722128198,0.999089093649642,8.6267817078975e-08,4
"20806",1.17283984047765e-07,5.4933266742503e-05,0.000865189924409697,0.0628692228645316,0.936210536660332,5
"20808",0.995965593038155,0.00403248918691201,1.91776847895992e-06,6.45402311014299e-12,6.12777447816858e-22,1
"20810",0.023567987382873,0.397997503851141,0.436360501916853,0.0378271414751101,0.104246865374023,3
"20812",0.0816528566671486,0.320314317052588,0.000722597207897992,0.597296270734522,1.39583378432648e-05,4
"20814",1.39446184104767e-14,3.43912477180002e-06,0.154316882004346,0.845213372864902,0.000466306005966669,4
"20816",2.64834332288126e-07,0.870547948269519,0.129451786896149,1.17271145458882e-33,1.33052881058451e-51,2
"20818",0.898888601409446,0.0843420437187306,0.000236805287580104,0.0155165337042797,0.00101601587996397,1
"20820",3.66889859416248e-18,2.1872878287449e-07,0.0290937434449605,1.85019606602172e-16,0.970906037826257,5
"20822",0.0489504513365233,0.00118366366584754,6.99733011453895e-06,0.949551905684302,0.000306981983212876,4
"20824",2.52978529650512e-26,9.87044105299146e-08,0.999999901294577,1.6530017110348e-18,1.01216729644559e-12,3
"20826",1.19105556792824e-10,2.40396015466321e-07,0.000408643019793275,2.58434234525002e-06,0.999588532122741,5
"20828",1.61502158974611e-16,8.96295056813773e-09,0.0273649427600747,1.10106064181191e-15,0.972635048276973,5
"20830",8.87917307015722e-07,0.00275270560720465,0.00144570236788193,0.99580054614353,1.57964076803075e-07,4
"20832",0.965851834830051,0.026045025485477,0.00483471720608359,1.50114678650042e-05,0.00325341101052299,1
