"","V1","V2","V3","V4","V5","V6","V7","best$classification"
"19811",1.00760457761243e-08,0.0196916842303559,7.49151321761034e-07,0.101237597287835,0.878571577333457,0.000498381920354231,6.30673535366882e-13,5
"19813",4.64658478115121e-22,2.71918284065043e-06,2.60205345113646e-29,2.67760705189711e-24,0.914165663915389,0.0858316169017702,1.17764698302432e-26,5
"19815",0.00778035495387956,0.0701866983588793,3.80444768344717e-21,0.921913403838805,9.84348403813308e-11,3.54428385569944e-05,8.40999114440337e-05,4
"19817",0.000710977412148275,0.0120724503300227,5.50074983770675e-08,0.987213812578405,1.48740287225136e-06,1.01408170577318e-06,2.03187347866929e-07,4
"19819",0.573930185663229,0.00375073616321094,6.64360472399393e-41,2.12208424661571e-43,1.74514038984459e-66,0.0399144558475526,0.382404622326007,1
"19821",2.84091625011728e-11,0.446079617843474,2.23110416233576e-05,0.0412603044474562,0.0948422284063155,0.417795518316525,1.99161964187305e-08,2
"19823",0.989632777683088,2.97694200849205e-05,9.18899141622874e-28,3.3612570472137e-06,3.84023950101317e-24,0.010334091631939,7.84034644953395e-12,1
"19825",7.54218599436866e-20,0.000197020318504836,2.38655664312178e-15,3.28220053927996e-50,2.44910135354294e-26,0.999802979681493,1.35187715812833e-21,6
"19827",0.00273619766755769,0.0237678918186503,0.391666012354684,0.58006504326144,1.53440259710955e-15,0.00176483441825878,2.04794070493511e-08,4
"19829",2.39781256791798e-07,0.982437522463632,4.40885973435e-10,2.30949012156172e-22,2.68638125630769e-24,0.0018575906183819,0.0157046466958431,2
"19831",0.925626551794257,0.0323095392322767,6.72541709251565e-54,2.72376890622349e-32,1.30474005217749e-42,0.00495668797780672,0.0371072209956596,1
"19833",3.19340151287532e-06,2.07482576492958e-16,3.76190738264066e-68,3.30158168821627e-99,5.83723374554805e-64,0.999996806598487,1.08754699486234e-39,6
"19835",2.84091625011728e-11,0.446079617843474,2.23110416233576e-05,0.0412603044474562,0.0948422284063155,0.417795518316525,1.99161964187305e-08,2
"19837",4.5107377063284e-05,0.0110741257256846,0.0281242934580686,0.960727822660041,2.00575834512723e-09,2.72321628779834e-05,1.41661050597695e-06,4
"19839",9.07931382789107e-13,0.999908501241068,6.30728308983882e-07,1.12319376279482e-23,1.46653346580021e-12,8.44630588706666e-05,6.40496937842717e-06,2
"19841",2.85996360068717e-23,2.93733282503296e-07,0.605232036242146,8.18616140817772e-35,7.44938982196444e-14,0.394767670024497,2.28061480358618e-27,3
"19843",7.31828561162447e-18,0.419251923641773,4.57454889067525e-52,1.70669838358442e-56,2.44187661993656e-18,0.580738951990843,9.12436738338525e-06,6
"19845",6.27516414496304e-14,2.14745562845304e-05,3.40310056945732e-29,0.000360456309565658,0.983169836427538,0.016448232706549,7.3603740489493e-24,5
"19847",0.000229017920446615,0.883605859144371,4.60257320743293e-26,0.105123850677719,0.00706412801775631,0.00397676346166754,3.80778039544057e-07,2
"19849",1.86485661221988e-23,2.68975863947567e-09,5.37651042175072e-30,6.19356423276161e-20,0.998212585869205,0.00178741144103631,1.63949574411352e-33,5
"19851",0.000517215207275723,0.00430520976988422,4.16599445711727e-11,0.995125537131261,9.50331223886608e-06,4.25343868387595e-05,1.50841564840384e-10,4
"19853",0.0142125895705814,3.16243754991344e-07,6.86454238479842e-21,4.60385749016385e-05,0.00049384478952378,0.985247210821238,7.85794665649444e-30,6
"19855",0.000576178243308439,0.000872297355624393,1.86329767935199e-07,0.994090563228856,0.001328662499157,0.00313211234328623,6.8375744530023e-17,4
"19857",1.33131516900262e-08,0.522630233814286,2.67985705083983e-05,0.470740743859653,0.00605483295019418,0.000428067088791048,0.000119310403415444,2
"19859",0.00967461661962035,0.0725439490356898,3.55725833415422e-06,0.917775138310868,1.40576071464019e-08,1.49469241312037e-06,1.23002546754457e-06,4
"19861",6.85457047043838e-08,0.00248204253880166,5.55081553537239e-15,0.0256531253298259,0.970412184886419,0.00145257869924235,4.2454998038144e-16,5
"19863",2.09230989687288e-30,7.18600197353109e-11,2.99803027875729e-08,7.01313118554136e-32,0.961045303373365,0.0389546665744724,6.35296538569926e-48,5
"19865",2.0622858037334e-12,1.85030761336835e-05,0.999332160421832,1.44532932978531e-05,1.06835410258122e-10,0.000634883099839208,2.01013946992037e-18,3
"19867",3.84753761402886e-05,0.182841078030547,1.24878421181349e-28,0.752011679731707,0.0547282908215437,0.0103804721271619,3.91289966754563e-09,4
"19869",1.54325053925464e-18,4.46711304798047e-08,1.38896360383894e-11,7.7474529972516e-12,0.993994997890443,0.00600495741678926,1.19591355236457e-32,5
"19871",0.000999029825256263,0.0314435973727153,0.00171263823701812,0.965760576223821,1.63988645274047e-12,3.93185033530832e-06,8.02264892136667e-05,4
"19874",0.000127037339548699,0.00333256789150099,0.00147019134835321,0.994684755823636,4.4679277353386e-10,0.00038544715016658,1.32619653988107e-15,4
"19876",5.97008137597165e-09,1.71871896789536e-05,6.74672877425213e-05,0.999802339877994,5.54009535739886e-06,0.000107459579145574,5.24104380473434e-19,4
"19878",2.8130205285585e-07,0.97163439698103,4.92780264696843e-27,4.43340245638887e-28,2.39667258008557e-17,0.0283647043220034,6.17394913872002e-07,2
"19880",8.36785675589889e-15,7.85542967143683e-09,0.999756976756965,3.2495258264774e-08,1.76585120237824e-08,0.000242965233826649,8.88870050294343e-29,3
"19882",7.97992110571243e-11,0.00233653679005856,1.26405799176172e-16,0.000168328444037704,0.817696419080944,0.17979871560516,1.54797703021142e-21,5
"19885",0.000121715961709896,0.0709511025404461,1.0906612435342e-07,0.913126650790005,3.66944533469964e-06,2.52146481796396e-06,0.0157942307315618,4
"19907",4.51627093606139e-08,0.0450282218597233,3.12176267749083e-24,0.00718196903235433,0.868928193125588,0.0788615708195505,7.46226782942606e-14,5
"19909",7.3127535142096e-08,0.16034235788455,1.29943931640555e-24,3.51136197504591e-13,1.77040138876912e-13,0.000458741058615109,0.839198827928771,7
"19911",3.72387213487299e-07,0.993611452698229,1.68536654293338e-08,1.0834699599088e-16,3.12143043472489e-23,0.000582239403995831,0.00580591865689627,2
"19913",5.28948479445865e-17,9.57886549052443e-10,0.999347432572857,1.35423314772296e-19,5.74702665545614e-19,0.000652566469256208,9.87776004290774e-30,3
"19915",1.45653194916187e-05,0.000242368146128865,0.901404834299563,0.0982704066886944,4.0141386416865e-10,6.78251446873296e-05,2.09089824510295e-14,3
"19917",7.04879369006013e-08,0.00401796672684329,0.995911497042063,4.62031644382292e-06,3.12548544572369e-11,6.58453933724803e-05,2.08550723548247e-12,3
"19919",0.000805658391641112,0.0107820657447608,0.0659142556017774,0.922496595803001,2.9382844203253e-10,1.33472382731636e-06,8.94411636427371e-08,4
"19921",2.57798951587929e-05,0.0101410089416526,1.03165762796821e-15,0.988441435975482,0.00137175923636139,1.99901572659311e-05,2.57940787462382e-08,4
"19923",0.0032201348654808,0.995864241227093,1.52974622202452e-34,3.68027402409616e-12,2.34450672018673e-12,0.000914367369988963,1.25653141244445e-06,2
"19925",4.16609635227349e-07,0.000324638244277665,0.997691913256439,0.00189007888906003,1.48715303104383e-11,9.29529857028648e-05,1.33207700870257e-14,3
"19927",0.000553771986777672,0.00682208403451059,9.05786666907646e-14,0.99260040365341,4.90040845250616e-06,1.88106973368741e-05,2.92194222114279e-08,4
"19929",2.4660557301564e-29,1.74498333200841e-10,0.00396133317113445,1.59163257341483e-19,0.585229738470955,0.410808928183412,1.30326395915517e-43,5
"19931",0.0131109723425201,0.469472131207155,1.00861850038144e-13,0.5170193102668,2.75919147368706e-10,9.7390599033232e-05,0.000300195308471929,4
"19933",0.0010009568535529,0.349157594198173,3.23791372860487e-13,4.74755429465701e-05,6.40965198336901e-20,0.000509080174342051,0.649284893230662,7
"19935",5.70367722389311e-09,0.976824248690468,2.92931940721547e-13,0.000736247566476465,2.24178745258732e-05,0.0147461229682445,0.00767095719631487,2
"19937",0.00111624904364334,0.00332517230105731,1.34078988685818e-19,0.995545707079612,6.46815013413246e-10,1.27928785403925e-05,7.80503316140499e-08,4
"19939",0.0063044814645903,0.986341854183707,2.59649007653006e-11,0.00598781992501609,4.23303857899964e-09,0.00136548540554198,3.54762141008264e-07,2
"19941",9.14531204650349e-13,0.993316670207394,8.5487454878243e-07,1.82132513174548e-24,6.16572714179687e-20,0.00665026627393992,3.22086432027093e-05,2
"19943",4.64375289570993e-09,1.26533451702646e-06,0.999136155295354,1.27377059116882e-06,3.63806666708141e-17,0.000861300955784411,8.04211139607267e-22,3
"19945",0.00331181791529354,0.0853823103933994,1.02126952298352e-14,3.54223498397179e-06,9.67865839844204e-21,9.05169733962175e-07,0.911301424286579,7
"19947",2.43561305531403e-12,0.0899216304871042,1.79381045990091e-06,1.35196227649463e-23,1.09725431085423e-14,0.910076575699135,8.5485994074728e-13,6
"19949",0.0112562468387797,0.98302145401842,3.47622587189122e-34,6.09029820926675e-09,8.40814919724111e-17,0.00171290670549135,0.00400938634701113,2
"19951",1.60103364114832e-05,0.495486151043246,0.501888336686665,1.07686984049133e-05,1.44215696079957e-09,0.00259866522662325,6.65664921141772e-08,3
"19953",0.967013694923879,3.47946835102512e-05,8.65324594670689e-62,8.32360358073585e-36,2.29958840343685e-52,0.0327763023208648,0.000175208071745634,1
"19955",0.00853481843011139,0.984300530267377,5.9606456893789e-41,1.25200652278308e-20,5.32210558611978e-22,1.46919705174949e-06,0.0071631821054597,2
"19957",0.895738762747104,0.095203413004828,0.000313381469985919,1.34379477380381e-06,4.3609582180287e-18,0.00874309888025111,1.03056975777267e-10,1
"19960",9.53849868458159e-12,0.980703375037709,7.76330009548928e-19,6.20160495278667e-27,1.6516361390463e-21,0.0188724724337341,0.000424152519018686,2
"19963",7.29267342721736e-08,1.16258356065451e-12,3.32051283395994e-23,3.57187012365335e-55,7.03757223245389e-48,0.999999927072103,2.65948078681407e-34,6
"19965",2.32015659167954e-08,0.926023669285435,4.73056964105162e-41,3.29528328127865e-39,3.65586745541358e-19,0.00143819554424755,0.0725381119687515,2
"19968",2.92773863997376e-25,0.000710395607583055,0.00424716356919811,6.44913483656708e-14,0.00830704758879701,0.986735393234357,1.57157709525583e-16,6
"19971",6.95817730303048e-10,1.49460973102151e-08,1.22818320817652e-09,8.28326182371793e-58,6.50144826101234e-46,0.999999983129902,1.73222182051851e-24,6
"19973",1.11177261147837e-06,0.00576971184479771,0.000418950360103149,0.993666874621092,0.000135526362917623,7.70412489696465e-06,1.20913581475785e-07,4
"19975",3.7420582406992e-10,0.00599607190197433,0.991676064574088,0.000434148659899041,3.46222081914496e-05,0.00185909228112353,5.18039133151783e-13,3
"19977",6.17294107618263e-10,0.000428327271583647,1.92622411931681e-06,1.51537115795286e-39,3.37777962569221e-20,0.999569745887003,1.0642939169141e-29,6
"19979",9.00786840858164e-06,0.10604651155209,1.85145928506229e-27,6.66809974328822e-46,3.34216894532832e-53,0.00125712968699634,0.892687350892505,7
"19981",0.000496664663211376,0.350931000106739,1.26264729379778e-12,0.540822089765584,9.25614158356168e-05,7.69760481369695e-06,0.107649986442553,4
"19983",0.000564913478606468,0.957174259697097,1.20286807361395e-17,0.0411727412219718,1.687606967962e-05,2.4924925210724e-05,0.00104628460743443,2
"19985",1.52188764722611e-07,0.000216830060500445,0.217601900729702,0.782071614264689,3.20823962017392e-06,0.000106294516723774,1.46375955244373e-17,4
"19987",0.000886557395640914,0.93666683788556,0.00130866094793073,0.0582250118083196,6.51274212875317e-13,0.00167691686375652,0.00123601509814098,2
"19989",0.00212938437420603,0.00718721997443043,1.13775982148301e-52,1.36929410618518e-33,7.77628702582518e-47,0.000973659022636786,0.989709736628727,7
"19993",0.00132487031097012,0.967950725124646,4.05917818918952e-08,1.64853744895481e-10,3.66489000452364e-18,0.0034994709554199,0.027224892852328,2
"19995",4.67851194803733e-07,0.920902482896274,8.08303165255536e-10,2.11531093989715e-09,1.81878831729737e-15,0.00489000554995716,0.0742070407789577,2
"19997",6.10086759034952e-05,0.00769439516428431,1.51700962072911e-06,0.992231634276298,5.82533347733104e-06,5.61914146642555e-06,3.98949327087837e-10,4
"19999",1.89562217968577e-07,0.000348729838533074,0.980607249673579,0.00759061599267282,0.0110477344249388,0.000405480508058474,2.2251486488495e-17,3
"20002",9.59570569578673e-26,3.46235862751202e-09,2.70029694261452e-13,9.35789996220222e-45,1.81634277819149e-10,0.999999996355737,3.05651529638822e-38,6
"20004",2.66661519988039e-09,0.972353312131131,4.94188847056333e-14,1.64034885528588e-10,3.12851005085813e-13,0.016784597889249,0.0108620871486073,2
"20006",7.30765362720329e-10,0.990292625130045,5.29953458071756e-21,6.25113975977294e-34,3.77452583534561e-22,0.00970735297965293,2.1159537119799e-08,2
"20008",5.60734679650692e-08,0.98552324229937,7.89933695044368e-27,4.02525624700901e-33,4.06185093845648e-22,0.0144761395571561,5.62070005811148e-07,2
"20010",0.0231340879384123,0.10806548956424,1.09166333949563e-24,3.71911642816359e-11,1.13515633530671e-29,6.63527187525053e-06,0.868793787188282,7
"20012",5.35004957691737e-14,0.00279257010194552,0.112969427987408,4.97471294133623e-09,0.00211813056291368,0.882119866372966,2.29085218805587e-19,6
"20015",9.12469717388867e-13,0.037966896593365,9.23567348786309e-37,1.29627194399123e-37,1.80452185693275e-22,0.00729453019753301,0.95473857320819,7
"20017",2.60475174245208e-08,0.000481613722767571,6.5908944550417e-05,0.996032551950279,0.00333561501247758,8.42843223631995e-05,4.46351313952573e-14,4
"20019",3.1839273243797e-05,0.0379339234038845,1.66793058991449e-48,1.70538333608769e-62,5.19655885836984e-63,0.00462643443546479,0.957407802887407,7
"20022",0.00757869629768314,0.0890339542635003,1.23659057409173e-21,5.44364478368886e-10,1.21650585972316e-26,1.55632381804771e-06,0.903385792570634,7
"20024",0.0040660547214871,4.17603777563986e-05,2.16480913167918e-82,1.47435307438985e-63,2.75394838332774e-63,0.995892160226367,2.46743890356481e-08,6
"20026",0.0040660547214871,4.17603777563986e-05,2.16480913167918e-82,1.47435307438985e-63,2.75394838332774e-63,0.995892160226367,2.46743890356481e-08,6
"20028",1.74791271190641e-06,0.000249131525788943,0.00406397587228791,0.995519135676938,1.38242996540066e-05,0.000152184712618747,3.14959064719309e-16,4
"20030",9.98581281752554e-12,0.942156507620192,1.22851001814155e-18,4.45959217020192e-31,4.30363442527435e-25,0.0341987147297302,0.0236447776400922,2
"20033",3.4090415707579e-05,0.123973673343552,0.79694281831519,0.0778152226113656,1.06676098181539e-07,0.0012265001148569,7.58852322921468e-06,3
"20035",0.000181685769359635,0.0894082700699694,9.59858288230903e-56,1.34757834304602e-60,8.88005858443117e-60,0.0926091569666398,0.817800887194031,7
"20037",5.45599480466773e-07,0.0358191078252208,3.76603876546603e-55,9.60478212881844e-56,1.62433596514013e-42,0.00187621552338116,0.962304131051918,7
"20039",0.737219284625733,5.27882064463669e-14,3.57086405018815e-123,4.5368757237503e-80,1.38598238902123e-83,0.262780715374214,4.29135919927453e-16,1
"20041",0.00934923445798329,0.990525767096013,7.03268174843874e-21,6.69402552808231e-14,4.5312788989898e-18,3.79457241801144e-05,8.70527217562739e-05,2
"20044",0.00117441838320293,0.962293688857311,2.88261643076008e-18,1.80887167880389e-19,2.82836573992037e-22,0.0365277642496919,4.12850979393195e-06,2
"20047",0.00027148089411953,0.10933646129062,1.54904317921983e-41,2.28538201649467e-71,3.39179773523393e-72,0.0311920570804599,0.8592000007348,7
"20050",0.963689041467975,0.0238540819531653,5.81270050713992e-27,1.85973165285261e-24,2.95304856102477e-48,0.00639891951697744,0.0060579570618823,1
"20052",0.0731864863205578,0.654752710328597,0.0596285741653308,0.178132418675519,1.29937533217635e-15,4.27866874565634e-06,0.0342955318412484,2
"20054",9.685998414035e-11,0.234024714871737,7.88548773669267e-21,1.67673290790597e-19,4.06237009033668e-14,0.000329310792745936,0.765645974238616,7
"20056",7.10279601245361e-11,0.00110792087611541,0.839377617057097,4.54951950259971e-15,2.15573695630695e-20,0.159514461995748,6.84218210667038e-15,3
"20058",0.000199366438049331,0.016787299725013,4.9974496708174e-59,2.39415808495649e-33,4.65550032665223e-38,0.00103254862545357,0.981980785211484,7
"20060",0.000200339208402716,0.175733481349077,4.21271775220993e-12,0.820222360432915,4.16227833834924e-07,0.00384325061640266,1.5216115556122e-07,4
"20062",0.000777643951109387,0.913224500841594,1.75799429905386e-09,0.0733666581377897,2.04325165267346e-05,0.000121205587776771,0.0124895572072096,2
"20064",3.73407970266145e-05,0.0766980314487976,4.6645354816827e-08,4.77657083153458e-08,8.86084463481497e-21,7.18057054334889e-06,0.923257352772569,7
"20066",7.19676536035126e-13,0.465988945183642,1.33105011937565e-28,1.35876043245371e-51,8.93401641656772e-37,0.277090455876732,0.256920598938906,2
"20068",6.20087213833044e-06,0.0232047995820756,2.33144499988898e-14,0.958691746322828,0.0180033271797929,9.39259423259394e-05,1.00815794006893e-10,4
"20070",0.0422479932717794,0.122386573673556,3.41851489565112e-23,0.835190442795649,3.58128893165549e-08,0.000174941903326401,1.25427997854979e-08,4
"20072",1.57324785602768e-12,0.789117065388744,3.7526030214453e-51,6.70126035641809e-35,4.51828932383904e-11,0.128108010901019,0.0827749236634815,2
"20074",5.77494527070488e-22,1.06649363633294e-10,0.994106477230527,4.87236936229176e-20,4.42508831738617e-07,0.00589308015399215,4.32487436338113e-41,3
"20076",4.20507589467255e-18,0.253684613731919,0.4093082763391,1.78717934159612e-08,0.0853015162021088,0.251705572292449,3.56263006100028e-09,3
"20078",0.00163702775424258,0.269437734000026,2.44140726934494e-14,6.10906325292412e-11,1.0720513458236e-23,2.46865997038197e-06,0.728922769524646,7
"20080",0.000137380383650448,0.00954033145798002,4.04482161095205e-35,5.37891235453797e-46,2.14343499167324e-57,0.000240955781317254,0.990081332377052,7
"20082",0.98123526215409,1.42586531610122e-09,2.52901576111937e-67,1.02146971744054e-47,3.39061001610021e-81,0.0187644808696013,2.55550443418882e-07,1
"20084",0.00397682415729476,0.957618440266246,5.26459458669392e-07,4.56313308154806e-19,1.6118281878884e-36,0.000103847474338393,0.038300361642662,2
"20087",5.6046173441304e-05,0.234327062228979,6.04936001958706e-31,1.33473859185685e-11,1.06687513082416e-13,2.04356146308459e-05,0.765596455969495,7
"20090",0.0070521042961946,0.0161031867563257,6.66292183502181e-38,5.23920557411603e-45,3.18533594161219e-56,0.000977298837216576,0.975867410110263,7
"20092",0.988653145432629,0.000399830711587849,1.82232598437826e-75,7.7736992356458e-19,4.15066672188911e-22,0.0109469676048444,5.62509390630955e-08,1
"20096",0.994647275960426,0.00532568609155275,7.40277496906645e-22,4.2208622407351e-12,4.72171109703997e-29,2.67688186505479e-05,2.69125149743757e-07,1
"20098",0.000347918159674856,0.0272005977048059,0.28710099102274,0.684682378278806,6.16882924040394e-10,0.000668046567514741,6.76495752870134e-08,4
"20101",8.03804128478772e-05,0.391105171656163,3.3791215992511e-13,1.98171295075483e-34,1.07310253725974e-45,0.000495756838040684,0.60831869109261,7
"20104",0.145115866769782,2.23122413477246e-09,8.23958847785223e-52,6.7725803147229e-18,1.59854883643001e-14,0.854884130998978,5.75501853707747e-28,6
"20106",3.28539123200397e-06,0.0289099996680043,4.11155930974129e-13,3.38487910073993e-21,2.07012833028395e-30,5.95838861091224e-05,0.971027131054243,7
"20108",7.33818740309708e-07,0.0223572700575125,4.49135937251257e-06,0.977472530143624,9.85571384904291e-06,0.000154977746163872,1.4116073765245e-07,4
"20110",0.949006242553392,0.0472956989134466,1.25010490610408e-08,6.08142517800799e-13,7.53329201106911e-32,0.00369802659259572,1.94389081783017e-08,1
"20112",0.033655628426544,0.474935042563405,2.52010979471052e-22,3.18813855702587e-20,1.29397468202156e-31,0.00149676632950526,0.489912562680545,7
"20114",0.000110111404921374,0.964724418147076,6.03418793799128e-05,2.51342865254262e-14,7.57132245399619e-29,0.00288198641431945,0.0322231421542782,2
"20116",1.35829235042985e-09,0.915535927091616,3.52887197850972e-05,4.71999838376677e-15,1.54266415585979e-15,0.000336063833543181,0.0840927189967571,2
"20118",0.0101916378373106,0.412279460599407,0.0132934292965973,0.300351085244265,1.5537000301934e-14,6.7257958945127e-06,0.26387766122651,2
"20120",0.213306973654342,0.617541130332522,7.6458799990923e-14,5.33771945468351e-22,6.65545189558307e-49,0.0247353092767437,0.144416586736316,2
"20122",6.46078449588953e-13,8.62219328415356e-06,0.999865236989701,3.59296215404974e-08,9.58953561174971e-10,0.000126103927793898,4.58758629294238e-19,3
"20124",0.00106917214577674,0.294475248436264,6.22290379323373e-45,5.81364137942089e-41,3.17167895446046e-38,0.000167019988489556,0.704288559429469,7
"20126",0.130258562427232,1.74880611892696e-09,8.6481449796651e-78,4.10177940990396e-71,3.42634326369933e-68,0.869741435823609,3.52939320989873e-13,6
"20128",0.00315063325258807,3.32195550650602e-06,9.73529164516984e-86,4.02390767470608e-106,1.31953307776382e-87,0.99683246705394,1.35777379656761e-05,6
"20141",0.935105385360463,5.68719036738216e-08,2.95500351931903e-26,2.42455741885669e-08,9.81384043112312e-23,0.0648945335220596,7.91164024917967e-19,1
"20143",6.53773558488064e-18,1.08099699042133e-08,0.125960176744485,1.96929924967909e-30,2.64861285785391e-13,0.874039812445281,4.04119459697577e-35,6
"20145",0.00794588335588948,0.0363400849840581,1.00515738055001e-18,1.50633245117781e-11,2.03659757700395e-34,3.44731873078628e-05,0.955679558457681,7
"20147",0.00027488047827249,0.0303202309203872,7.63413347507767e-16,4.85900047039478e-12,5.79278448019676e-25,8.429119465613e-07,0.969404045684534,7
"20149",5.0372032123776e-12,3.26561422140966e-06,0.998004276180814,8.76433681097121e-07,5.31586267088075e-11,0.00199158171308739,5.04608536778379e-22,3
"20151",8.89140038790601e-06,0.0104700485873703,0.0534692227492885,0.935980504328857,7.8656962169193e-09,7.12773110382599e-05,4.77573615894598e-08,4
"20153",0.62462525137025,0.0253378958796661,0.265460933254234,9.09496203571217e-08,1.36124149979436e-29,0.0845758266077242,1.93850601775168e-09,1
"20155",4.72262833939818e-05,0.073555351266728,3.78235675435548e-24,6.62723141943784e-25,1.22040823984978e-27,3.26767188575586e-06,0.926394154777992,7
"20157",0.000181384670261558,0.0174442321510414,0.418678125174766,0.505728460282798,1.85648151491564e-11,0.0579677977001047,2.46332625244034e-12,4
"20160",1.55402372498834e-17,2.62881958363184e-10,0.999758298278246,5.052625296821e-17,4.97393513233947e-16,0.000241701458871742,1.152374288872e-30,3
"20162",1.59283224215692e-12,8.08002981422815e-08,0.999699049169216,7.29687754420803e-05,4.22418289553069e-09,0.000227897029267945,2.7686874328259e-25,3
"20164",8.78879571922018e-07,0.016515337493507,0.933300925853179,5.0632705415747e-09,1.7635131865924e-14,0.0501828527102286,2.25521776095025e-13,3
"20166",1.71089361034984e-22,0.258022010491574,5.39121319912341e-17,6.63221259771566e-47,2.91967078592861e-21,0.741932868455376,4.51210530508287e-05,6
"20168",3.86097585606296e-29,3.58014801442281e-05,4.58679657098234e-26,2.06290657367789e-45,6.57333492725253e-05,0.999898465170583,5.10295151668632e-26,6
"20170",0.000690089014844437,0.00244120114855884,0.995658862739953,0.00118033438416919,9.58436081664734e-14,2.95117057794777e-05,1.00659868757755e-09,3
"20172",0.00650181910241237,0.0306586070345892,2.87268471450337e-34,5.68273599996635e-12,1.2182910773467e-26,2.03237612537924e-05,0.962819250096062,7
"20174",3.77461648784013e-13,3.60821077834206e-05,0.000969774291710488,0.782454584679063,0.199745039757772,0.016794519163293,7.75033230925978e-22,4
"20176",2.81334574311365e-24,0.00368632223954664,1.8261961549399e-25,8.12325933656028e-34,0.0862136443890699,0.910100033371383,7.00329681293963e-20,6
"20178",3.73084784640798e-17,1.32485225243063e-10,0.999381138654727,8.89806559595615e-19,1.40125223015202e-18,0.000618861212788052,1.48142702470866e-31,3
"20181",8.00563079533243e-13,0.935672530637234,1.45420911320041e-10,1.28564703835511e-34,9.01118992484499e-31,0.0510510824509633,0.0132763867655814,2
"20183",0.0145394239865607,0.0462842414794482,1.63970716006125e-20,0.938954808692349,1.512881099909e-11,9.38008674160498e-05,0.000127724959097426,4
"20186",0.0475711652062597,0.840035424723175,6.11156853983051e-53,0.00310179740525729,7.04532104893802e-06,0.109206442448571,7.81248956884115e-05,2
"20188",1.67372065010008e-13,1.2352253969629e-08,0.999340675831875,6.61737856151694e-14,1.07540886122839e-14,0.000659311815626783,8.76190551763924e-29,3
"20190",9.03163198315144e-10,0.0329574131461669,1.10423111480065e-28,4.53289312809927e-36,1.69100090581776e-33,0.00180360058551331,0.965238985365157,7
"20193",7.4397485341013e-28,0.000104189021398506,1.09724549799859e-05,7.27734530041792e-45,3.92167774886532e-10,0.999884838131454,5.18667404866465e-26,6
"20195",1.0756555459433e-05,0.210209888389815,0.784432047787449,3.49500701772019e-07,5.39768301641658e-13,0.00534688821817076,6.95478646363304e-08,3
"20197",0.00164391759168068,0.0178786749514511,3.93615793105269e-26,2.59448188593942e-16,2.14671083657676e-23,8.35265716073638e-07,0.980476572191152,7
"20199",4.22498004282675e-05,6.5456554040538e-05,0.99968274761404,1.40977211628019e-05,2.6033228678168e-13,0.000195448310067666,2.1383531343973e-18,3
"20205",0.962799960949832,1.58657145487991e-09,1.82003528765273e-78,1.33503527684059e-43,2.9405253913937e-66,0.0372000374458862,1.77107114194843e-11,1
"20208",0.00186939593837632,0.977849875666458,0.00378816162978262,0.0143711537171228,8.15588932417225e-07,0.00209218305684702,2.84144024811936e-05,2
"20210",3.78962732726266e-10,8.12103993887963e-07,0.99972924727828,0.000133009437956245,2.45574461654395e-10,0.000136930555232124,2.11726426156177e-21,3
"20212",2.1228729455933e-05,0.0155196946003752,0.979105262817278,0.00250932908130272,8.38424358177776e-11,0.00284448467677921,1.09666218707056e-11,3
"20216",2.09185631741777e-06,0.794027935147124,8.54493302846039e-16,8.91565524935363e-18,8.29788986461915e-28,0.0028835484228782,0.20308642457368,2
"20219",0.634449974875131,0.0401586389669097,4.32447116342111e-24,8.53822352119662e-20,3.67763076344163e-49,0.000161772531794945,0.325229613626165,1
"20223",6.97189605658208e-16,0.179307436117253,1.72539853943223e-73,8.34454588776299e-74,1.90456068684859e-25,0.820617616964562,7.4946918183288e-05,6
"20226",0.0175276862282838,0.98181288936176,8.79127406352103e-11,2.31933547963159e-09,2.57664180240996e-17,0.00036019745258017,0.000299224550128274,2
"20230",3.26308651857181e-08,0.054586695099068,7.18629253037218e-39,7.87487816841251e-44,1.22582189095404e-38,0.00543003588673225,0.939983236383335,7
"20233",0.903066330471388,2.97694419518627e-16,1.50334846340747e-58,1.24564125927729e-37,7.86085267987849e-52,0.0969336695286119,2.9827578022832e-32,1
"20235",0.000473229608837125,0.981957041983026,8.91270818060961e-67,4.44799220676155e-47,4.48259127029583e-27,0.015885027060347,0.00168470134778999,2
"20239",1.99636342904343e-07,0.993003751442838,4.61068363109121e-35,6.61549322630884e-19,1.27017436600432e-11,0.000101802854948814,0.00689424605316831,2
"20254",0.960925372152175,2.9850792837988e-09,2.66920018674528e-68,2.30372855754778e-61,3.37312874675682e-91,0.0390698504537824,4.77440896281388e-06,1
"20256",0.000159853497919421,0.0484181250097342,1.53631725636569e-44,1.02118646771264e-24,4.84907460956063e-26,6.6124939993554e-06,0.951415408998347,7
"20262",3.44456341384753e-06,0.000464235264073833,0.931961996613272,0.0675423598173789,4.22426498487798e-11,2.79636762333086e-05,2.33856689785193e-11,3
"20270",4.56433376262497e-14,0.592567936534067,2.11054998686751e-17,6.95971221634879e-28,1.40496326393917e-16,0.407430121357925,1.94210796264503e-06,2
"20284",0.961215705905526,0.00355595693339581,4.45425171068329e-34,8.52245983425998e-09,8.36221397905465e-31,0.0352281842427018,1.44395916634692e-07,1
"20287",1.91130156833007e-09,0.153881734503177,7.0060646096535e-58,1.68022324298601e-61,3.59898133318317e-38,0.00986076179485908,0.836257501790663,7
"20290",0.94030242002756,2.88263577276434e-07,2.85599275196453e-36,4.92749919459476e-30,1.58651131703428e-62,0.0596972916509371,5.79253531550938e-11,1
"20293",0.00722074990900907,0.062488865381047,3.52060011166736e-18,2.26836152585196e-08,1.16713994513175e-23,6.08801778683884e-06,0.930284274008542,7
"20296",6.72581525899835e-14,0.219842883004155,0.66816552386229,0.00136083612074867,0.0902604877751376,0.0203697083069385,5.60930663312628e-07,3
"20301",7.68575972049724e-13,0.485284819270623,8.04996825301996e-31,1.326583979826e-85,8.7293421772725e-54,0.512315501951311,0.00239967877729684,6
"20304",0.989645477993471,8.19368880343763e-10,1.032719700661e-66,1.8993915728778e-41,4.01194622668464e-76,0.0103541361396002,3.85047560355483e-07,1
"20306",0.000399950428703223,0.0712420110442901,5.14509519867745e-53,2.32416581225289e-41,8.06883181729255e-43,0.00754342263349732,0.920814615893509,7
"20309",0.120260069612273,0.673050743565709,1.14253671193543e-18,2.32516268234141e-11,2.27123165334595e-20,0.00030655617930633,0.20638263061946,2
"20311",4.79667151915276e-06,0.922376020020001,1.25309480129617e-14,6.39392720122758e-21,4.10026865478245e-28,0.000400271997552915,0.0772189113109143,2
"20314",0.000926211147503259,0.0272301170086752,0.034551385434907,0.937196769855963,7.08805758336087e-13,1.8044397340411e-05,7.74721549018868e-05,4
"20318",1.55594347398848e-18,8.11716781371662e-06,0.177978402967302,6.43487957812457e-30,3.65896071372983e-17,0.822013479864884,3.19023041950928e-24,6
"20320",0.00946804993314422,0.603037947729169,1.40290937386504e-18,7.90954539454423e-08,1.67742293887708e-14,0.387493922697628,5.44588582579862e-10,2
"20326",0.00586429668596335,0.136212373586036,0.00531538753599249,0.852138030807389,4.70191597471782e-14,0.000186765883686006,0.000283145500886066,4
"20328",0.0549707379166252,0.902018021616875,8.64433961774579e-37,0.00108157616978051,1.83292431817927e-12,0.0419287647026038,8.99592282305834e-07,2
"20330",0.00040398747509432,0.966318883591237,1.65702609128311e-33,4.21267168565287e-29,5.76826671195325e-28,0.000151582426219119,0.0331255465074493,2
"20336",0.989339308795547,8.62814522218195e-05,5.75494293799515e-49,5.851796467965e-12,1.41893716508262e-42,0.0104794706158688,9.49391305102613e-05,1
"20338",0.999704601892041,9.34668381770375e-05,9.77048008119e-30,2.06286658623236e-27,3.56475063740617e-55,0.00010780033091156,9.41309388700771e-05,1
"20340",5.96906531315943e-05,0.714487283651538,2.71123352778274e-47,1.98422980991898e-44,3.7634794894291e-39,0.00527952316722751,0.280173502528103,2
"20342",2.6717603537516e-05,1.33945331746563e-09,2.0588260223867e-52,3.96033942280396e-75,3.07004803103805e-52,0.999973281057009,3.22029837254699e-30,6
"20344",0.000355848134730702,0.370508426212712,4.09195574377001e-38,9.39386300595898e-20,3.48261056429355e-26,0.00663144929986577,0.622504276352692,7
"20349",3.70455511239841e-06,0.0424186188190627,3.05609567158671e-46,5.67006254001518e-31,1.04633063867763e-31,0.000528784581848516,0.957048892043976,7
"20351",0.0543554546105189,0.941766185524219,7.95013945739575e-18,2.00410723617998e-11,1.01486658164643e-28,0.000200342355111077,0.00367801749010941,2
"20353",0.115678281066321,0.277331382180718,1.52652129571447e-39,1.67361367076262e-37,1.29624163379819e-40,0.00214488468998342,0.604845452062978,7
"20357",0.955241898963733,1.67689291762768e-08,2.24362199628092e-89,1.00470794221034e-49,6.74146618645519e-70,0.0447580794563168,4.81102126851064e-09,1
"20360",0.00467668989889833,0.028678097122175,1.02691318024335e-64,3.8353929955333e-58,5.66487315835441e-31,0.966645212978926,2.4468617719869e-16,6
"20364",0.0173861144669951,0.182310358273415,6.1027684216443e-22,1.92362642782327e-12,1.87187897800449e-25,0.000246590871750506,0.800056936385916,7
"20366",0.953109789813337,8.59186027245107e-08,7.24143553933766e-53,3.47954321986384e-19,5.17168850815247e-49,0.0468901242628234,5.23682950671139e-12,1
"20381",4.12616456220176e-14,2.1915330735124e-05,2.60787740942961e-10,3.99664268723666e-16,0.0441292564660257,0.95584882794241,3.63438533008859e-32,6
"20391",6.96523385336143e-05,0.425116516735628,2.72406304629281e-69,9.31011148603169e-22,4.55124022126346e-10,0.574813540004858,2.9046585604457e-07,6
"20394",3.28264697715764e-05,0.243233327673022,2.45433016291545e-10,0.738263971241662,0.0184432306946161,2.6562346231603e-05,8.13292645348161e-08,4
"20396",5.36674183556964e-14,2.67748215759769e-06,7.20105737481929e-05,1.32544067959089e-05,0.995986452127511,0.00392560540973324,1.50085313709991e-29,5
"20409",7.42846725305306e-05,0.995105590164551,4.66157857091051e-06,8.07776647876384e-10,1.50949496849479e-22,0.00325098162929827,0.00156448114727251,2
"20411",0.286609364269586,0.00621431303263104,1.32148103539858e-56,1.62708906168391e-26,1.43147249742418e-41,8.76678356628376e-05,0.70708865486212,7
"20416",0.632930130196375,8.69750804080256e-08,1.16802439549018e-109,1.35836775379678e-87,2.58849571443513e-86,0.367049210640686,2.05721878590885e-05,1
"20418",2.88737012140805e-17,6.37784167349791e-08,0.00300091509548024,6.04958623242314e-07,0.993120767328467,0.00387764883901287,7.35883909557921e-32,5
"20420",0.917809990928124,2.75259945758633e-13,1.89862021562709e-48,8.54647641488669e-24,4.42372340159033e-43,0.0821900090716004,3.73094568899533e-26,1
"20422",2.0882762515019e-06,0.721959632362578,7.39704074964459e-23,1.77480035889509e-33,2.23508224834779e-36,0.101392123764334,0.176646155596837,2
"20424",0.135364093117712,0.0429867042657839,1.19018441649062e-49,3.43440898277053e-25,6.58865826268928e-40,6.55798816280667e-05,0.821583622734876,7
"20426",0.676343264741517,1.10826547933369e-17,3.05707331454843e-47,1.58427506027751e-64,6.70026291056861e-82,0.323656735258483,9.47778501071941e-31,1
"20428",2.28171380953978e-08,0.0558942355651674,2.2739702110178e-20,1.07810612015455e-09,2.98353265056137e-06,3.60129340980438e-06,0.944099155713528,7
"20431",0.12475847454623,0.859427574626162,3.84145819915581e-06,1.14992690916643e-11,4.73279633061646e-22,0.0158082764977871,1.83286012325081e-06,2
"20433",1.46718615812975e-17,0.877495784741804,7.7892332241949e-45,2.78453925663596e-70,5.41419456111253e-29,0.122306736530224,0.000197478727972178,2
"20436",1.64627877580867e-27,0.0097537211387089,4.4197545296169e-26,6.1783803843533e-46,3.13226878588295e-05,0.990214956173337,9.49564623812413e-14,6
"20439",9.50544713353292e-13,0.000147634741413618,2.11116714525487e-05,0.935929366576091,0.0533820080614277,0.010519878948664,8.37387194471079e-23,4
"20441",0.996055307620239,2.99855914468792e-06,9.24131209857854e-52,1.19413942663969e-38,7.40022573718852e-62,0.00394169250169837,1.31891838567637e-09,1
"20444",6.660473836982e-16,1.62774146959107e-09,0.999239591271511,3.75934159538091e-10,6.34936687351295e-13,0.000760406724178033,6.22633605526671e-30,3
"20448",0.000171211939038721,0.0174874276971422,3.68357183850647e-10,1.89520341472633e-09,2.38267412374722e-17,0.9823413561824,1.91785840727687e-09,6
"20536",7.5626862449311e-11,0.00354626036455668,2.23114723871255e-21,0.0006884660362582,0.994662235765477,0.00110303775800717,7.42317928531013e-14,5
"20538",0.996285078219073,1.5570578720767e-05,6.49321356281044e-55,2.62200131962951e-18,2.13932776133429e-36,0.00355303138578047,0.000146319816425756,1
"20541",0.0304840585331306,0.00407573469639861,6.9509972086315e-49,5.48482502446117e-46,7.35331044711381e-65,0.000330905754674396,0.965109301015796,7
"20544",0.00631692774309659,0.263436227739837,1.15314069708595e-12,0.00238616922814578,6.17777323148222e-16,1.55530918592032e-06,0.727859119978581,7
"20546",0.0114283656498263,0.0246856404076923,1.41295446462755e-44,1.17484393310501e-18,1.00710366220124e-34,0.000443900851607904,0.963442093090873,7
"20550",0.00013294162099919,0.998380443634789,1.87688119085237e-17,7.23478214077423e-19,1.53170989034903e-20,0.00148353774997508,3.07699423700438e-06,2
"20553",4.2952104986697e-06,8.93136327324491e-12,2.48467709286088e-74,1.67774328518157e-141,1.40377374543338e-113,0.999995704780566,4.4112157833838e-15,6
"20555",0.945363741386804,2.05220561031322e-13,8.30298539307123e-77,3.01918488112423e-34,3.70325962107054e-46,0.0546362586129906,8.1612040314966e-26,1
"20557",0.717255643162961,0.281759371711797,3.39092155552587e-17,1.42375402191357e-14,3.11000602874078e-29,0.000242018503522046,0.000742966621705318,1
"20559",3.87755464644069e-05,0.0345511126231009,7.65224595735258e-19,6.38644669507523e-17,3.30361440567652e-29,2.36682295585262e-05,0.965386443600876,7
"20561",0.000251171219750627,0.0107668246727233,0.988243140851787,0.000665269627156899,1.11026589142291e-13,7.35822274141712e-05,1.14010569963241e-08,3
"20564",3.73084784640798e-17,1.32485225243063e-10,0.999381138654727,8.89806559595615e-19,1.40125223015202e-18,0.000618861212788052,1.48142702470866e-31,3
"20566",1.89131341254108e-07,0.0307054005506816,1.18016675858953e-13,8.9055098028035e-11,8.97708597640142e-10,8.56800682642587e-05,0.969208729262831,7
"20569",4.21889736024193e-08,0.000719299103504882,0.934737762874085,0.0601640434849132,0.00148548680742351,0.00289336554110012,1.02204968085396e-16,3
"20572",9.28749771807191e-14,7.73363605219779e-05,0.978747278731149,1.03360060266927e-08,0.000245098712783089,0.0209302758594474,4.91884939503714e-21,3
"20574",0.00225640133712498,0.0498755620660147,2.71448480213764e-21,3.62638604392064e-25,2.8157271069506e-41,7.48766829054815e-05,0.947793159913955,7
"20576",5.5966737973043e-13,9.76644825416766e-08,0.999692307110361,4.94067301558672e-15,5.11537038297452e-18,0.000307595224591752,7.46731288302386e-23,3
"20578",0.000412557069853188,0.237036949212378,2.77075060054037e-07,2.72624004607425e-05,3.20565061822046e-18,2.36743855379326e-06,0.762520586803694,7
"20580",9.57046911153644e-06,0.260855198627761,2.38943126083975e-14,1.15176464195762e-05,9.22608550568895e-12,0.000109333563640442,0.739014379683817,7
"20583",2.47135667336301e-14,1.31605044079134e-08,0.99980817905202,1.65971635249625e-14,1.8706358257513e-18,0.000191807787434477,1.22024816491948e-24,3
"20586",0.00446222162563294,0.238887152937808,2.01430045577055e-31,3.94172227963087e-07,8.67152204825215e-20,0.000807032545982335,0.755843198718349,7
"20589",1.54670729671227e-05,0.0248673436449373,1.41936709206441e-48,4.38631524238334e-30,3.36856521439723e-26,3.24326833058791e-05,0.97508475659879,7
"20591",0.97703465609333,0.0151157757897145,3.0165801859801e-39,1.37229030212587e-11,2.58808593220953e-19,0.00784956807804246,2.51896252579459e-11,1
"20593",1.63552471962926e-10,0.255605501990832,4.0577304547965e-39,4.3305849729636e-71,4.98541119156542e-48,0.00414848988673687,0.740246007958879,7
"20595",0.0011651200657938,0.0745729851864546,4.12475983998648e-17,1.17426426384702e-14,2.52209895350113e-27,1.4715701318378e-05,0.924247179046422,7
"20597",5.06555072267588e-21,7.05023530422337e-09,2.10720481440537e-29,2.89555177559178e-09,0.996708694122534,0.00329129593167896,4.03310423601031e-32,5
"20599",8.00308718815332e-18,3.66033686938135e-10,0.999572576094107,8.61666332012528e-20,9.87202398902761e-17,0.000427423539859218,1.71700268035812e-30,3
"20601",0.000875171863448323,0.0342805473170181,1.31044859157263e-09,0.964833550598892,1.4491063578918e-07,3.14352939699143e-06,7.44047016002297e-06,4
"20604",1.89119023550046e-08,0.0350579255876599,1.04351838947262e-26,3.09591113142705e-42,6.87485473852876e-44,0.00150180067309073,0.963440254827347,7
"20606",6.85039599772908e-07,0.0175943906769805,1.05355067957131e-32,1.72366124952313e-35,1.60268812313026e-37,0.000109358104737609,0.982295566178682,7
"20608",2.66475642181664e-08,0.0121797940534161,5.8647807951241e-25,3.56209672085075e-26,1.81891141890689e-19,3.01042391965079e-05,0.987790075059823,7
"20610",3.36666609152574e-09,2.28710510195351e-05,0.998057115379783,1.31918858742943e-13,1.19148269173796e-16,0.00192001020239907,2.08709169079564e-18,3
"20612",1.38179621229856e-11,6.83250104374756e-09,1.73855500508449e-64,1.00174575672022e-58,8.65385224653271e-27,0.999999993153681,3.28783042572156e-26,6
"20614",4.65165126212412e-09,3.32116039161175e-06,0.999765579961434,3.87145501146521e-05,2.88409348740363e-13,0.000192379676120163,1.14593555009482e-20,3
