"","V1","V2","V3","V4","best$classification"
"19812",0.964846044886334,0.0119742543870758,0.0231797007123507,1.42400578409659e-11,1
"19814",0.0836176102153345,0.00183173626338378,0.890809298313624,0.0237413552076575,3
"19816",0.985897884897123,0.0141021148742507,2.25654695324259e-10,2.97126539955368e-12,1
"19818",0.970016799933825,0.00844788041674753,0.0195950735609347,0.00194024608849264,1
"19820",0.974973761809994,0.0250262381900064,1.15525291414338e-45,9.05699677723507e-32,1
"19822",0.10457406472711,0.895425935272889,1.09045110801492e-50,1.67414513917853e-27,2
"19824",0.512710204524041,0.487289794671376,4.41027402179873e-22,8.04583008541968e-10,1
"19826",0.734703286969492,0.072191253645618,0.193105384511902,7.48729873080288e-08,1
"19828",0.991617130105249,0.0083828698947509,1.18237778235455e-21,1.87637460981877e-16,1
"19830",0.436178699575086,0.485364224163504,0.0784569317968437,1.44464565863159e-07,2
"19832",0.320807954540348,0.679192045204166,2.55485622798301e-10,2.32304485377215e-25,2
"19834",0.965674219367744,0.0343257806319286,6.44294012252465e-14,2.63209060311945e-13,1
"19836",0.968915783659463,0.0310839677985094,2.48542027992062e-07,1.19926262973917e-17,1
"19838",0.00502330026876244,0.00112093857173387,0.993852126327767,3.63483173632802e-06,3
"19840",0.944068464350371,0.0559315351370273,5.12601529918616e-10,4.92474280986462e-17,1
"19842",1.14503055787829e-05,0.234189348603405,0.765799119852647,8.1238369078551e-08,3
"19844",5.06589364108227e-10,0.0243986746514326,1.00104941468962e-17,0.975601324841978,4
"19846",0.000271295784423807,0.00179307559977326,0.901091086517564,0.0968445420982388,3
"19848",0.000544191538776895,0.00103971350604371,0.00933489917734598,0.989081195777833,4
"19850",0.00595363843762154,0.0114569090802344,0.980662295365398,0.00192715711674641,3
"19852",0.99240502789796,0.00755780689663246,3.59804602465905e-05,1.18474516104917e-06,1
"19854",0.00073056182308364,0.001404604397891,0.00233638342133413,0.995528450357691,4
"19856",0.000909356837290105,0.905529680345176,1.44346873041278e-09,0.0935609613740652,2
"19858",0.00257455091528071,0.995682516616448,1.9554900826215e-17,0.00174293246827105,2
"19860",0.986750243701118,0.0125571326356918,0.000692623287835141,3.75355030070942e-10,1
"19862",9.09736634264344e-05,0.0013392405020012,0.998569672635769,1.13198803125891e-07,3
"19864",1.25604276974843e-10,0.999999999874396,1.83092083654338e-22,6.894693081908e-19,2
"19866",0.602352831828628,0.397647168171372,1.3784321866272e-16,6.17787161089219e-18,1
"19868",1.54901865527709e-12,0.999999999998451,1.40185051067065e-35,7.62550568070505e-32,2
"19870",0.0466825558567712,0.00677863405783511,0.946309296926059,0.000229513159334926,3
"19873",0.910643015267507,0.0591550971442801,0.0301888472818951,1.30403063177203e-05,1
"19875",0.983659905128965,0.0163400948709471,8.75464941320541e-14,1.44472827290902e-20,1
"19877",0.91346452392326,0.00929720844835635,0.0771197728563733,0.000118494772010562,1
"19879",0.992043702282414,0.00793033686261102,5.9007287274653e-08,2.59018476881542e-05,1
"19881",0.89297588678571,0.105943652659036,0.00107345024635499,7.010308898785e-06,1
"19883",0.0852606599495933,0.0803260878582583,0.834410740920379,2.5112717692501e-06,3
"19899",0.931965028323506,0.0680349705964776,1.08001614546838e-09,1.08801909717491e-16,1
"19908",1.61585786536634e-07,0.999999838414213,2.73879223061548e-26,6.26512777999528e-20,2
"19910",0.993556092102322,0.00591087341669191,0.000508320718364489,2.47137626218272e-05,1
"19912",9.16246801450394e-05,0.0632572812267123,0.936643066798743,8.02729439966411e-06,3
"19914",0.977478273775294,0.0225214808221888,1.08154175724137e-07,1.37248340820446e-07,1
"19916",0.000270507482565974,0.999729492517434,8.26149288214031e-30,2.00894957821137e-17,2
"19918",0.0440995897925787,0.00586807645151518,0.762759926954452,0.187272406801454,3
"19920",0.000292070237953499,0.00162860954560788,0.00403487320399516,0.994044447012443,4
"19922",0.000429630535241345,0.999570369378598,8.61610605923882e-11,3.54554860124205e-23,2
"19924",0.949262612054142,0.00377093979163691,0.00986347955279378,0.0371029686014271,1
"19926",0.945339318078519,0.0546606819139933,7.48732251255855e-12,6.24001275141345e-21,1
"19928",2.42862538745193e-16,1,8.24683876663366e-19,2.0487108777952e-18,2
"19930",0.0450588735002504,0.000813023368897857,0.954126750432748,1.35269810337817e-06,3
"19932",0.00209897035324799,0.000240467902731538,0.99748929715849,0.000171264585530211,3
"19934",0.989416961986366,0.0105830377491006,3.50868968386095e-13,2.64182550621299e-10,1
"19936",0.933114628830489,0.0603085017276719,0.00657686892269709,5.19142209734309e-10,1
"19938",0.951096572897724,0.0489034271022748,4.03240704022909e-28,9.51663159226682e-16,1
"19940",0.980705861157736,0.0162959278678327,0.00288359159191778,0.000114619382513088,1
"19942",1.43824924915502e-09,0.999999998559922,1.8289823240778e-12,2.70956972788138e-17,2
"19944",0.98690996954591,0.0130864236658077,3.55278576245084e-06,5.40025198685695e-08,1
"19946",0.977145529256642,0.0207487612740738,0.00142078436160324,0.000684925107680679,1
"19948",2.4418657948563e-09,0.99999987315046,1.24403728242331e-07,3.94599349443174e-12,2
"19950",9.63131203282775e-08,0.000959104349723309,9.25463370275932e-09,0.999040790082523,4
"19952",2.4418657948563e-09,0.99999987315046,1.24403728242331e-07,3.94599349443174e-12,2
"19954",0.00964551035533965,0.000291249666691033,0.989982887969974,8.03520079954708e-05,3
"19956",5.90578370911572e-07,0.99980479087312,0.000179131764941324,1.54867835672467e-05,2
"19958",4.89908404142359e-12,0.999999999995101,1.9724461897196e-26,6.33061754104363e-27,2
"19962",0.259272742078638,0.740499315832999,1.10120575680709e-07,0.000227831967788113,2
"19964",0.965081189965955,0.0349120576860667,5.2225711779165e-06,1.52977680043907e-06,1
"19966",0.712421215059541,0.287578784940459,7.32400575428899e-34,3.47443580683872e-29,1
"19969",0.348388813401942,0.124009783306802,0.527601402959154,3.32101678106255e-10,3
"19972",0.0287538398281362,0.440681761085364,0.0464520013797006,0.484112397706799,4
"19974",6.62660991254149e-08,0.00570446753789211,0.017342430911579,0.97695303528443,4
"19976",0.92835635302266,0.0259362234575151,0.0266747450917831,0.0190326784280418,1
"19978",0.989036557908129,0.0109619927137755,1.43402513000567e-06,1.53529654242021e-08,1
"19980",0.00026566944562959,0.000680579908015191,0.054964674014892,0.944089076631463,4
"19982",0.0247437756299105,0.169801890822224,0.0021700639864341,0.803284269561432,4
"19984",1.40955606608887e-06,0.00392890627880025,2.94319560038969e-10,0.996069683870814,4
"19986",0.924425400832308,0.0755745991676916,3.39268446291394e-35,2.74153884996613e-27,1
"19988",0.90753232608147,0.0924676739185298,1.22888346251312e-49,1.07661090501658e-34,1
"19992",0.949413349087333,0.0505866509126675,4.43350458925866e-33,1.38519978266057e-22,1
"19994",0.0735628202763666,0.00110425485037114,0.925332655404877,2.69468385735411e-07,3
"19996",0.990699617335167,0.00930038266483322,3.76434428497847e-29,8.18694052758508e-20,1
"19998",0.0046041572556477,0.995395842585594,1.25730794520238e-10,3.30270900586899e-11,2
"20000",0.000406469264093648,0.999550552801323,4.29779345822813e-05,5.91678805400758e-16,2
"20003",0.971471517481338,0.0214031861562645,0.0071252963623724,2.5278558288432e-14,1
"20005",6.36832577566059e-05,0.00154539729486191,3.30070585490512e-05,0.998357912388832,4
"20007",0.971626176232387,0.0283738216429349,2.06734488069964e-09,5.73332588474607e-11,1
"20009",0.225358122483806,0.774641877516107,8.70084695502235e-30,8.66632491662438e-14,2
"20011",0.400469664199587,0.426332210595614,0.0148786152125382,0.158319509992261,2
"20013",0.186325149659102,0.0057283280476489,0.474662789735447,0.333283732557802,3
"20016",0.211174422086478,0.788825577913522,1.54625072737317e-39,1.97856159676902e-19,2
"20018",4.22261345672331e-10,0.999999999577739,8.56441595247758e-76,1.50171907450381e-60,2
"20021",0.986872764907947,0.0131272350916828,3.70099694519354e-13,2.03480678263697e-21,1
"20023",0.9641384831626,0.0358614974488981,2.43626472796371e-09,1.69522368020141e-08,1
"20025",0.00404227548592493,0.995957724514075,8.12567882933818e-46,6.09530883408041e-47,2
"20027",0.00817589738062144,0.0278187884602107,0.964005313867565,2.91602402955958e-10,3
"20029",0.0264645745382369,0.11608228296961,0.857452555325494,5.87166659371303e-07,3
"20032",0.00314775540915114,0.00104202924231609,0.995810160673308,5.46752252826423e-08,3
"20034",6.90421442791396e-07,0.999987725526713,1.15840504579059e-05,1.3858841540239e-12,2
"20036",0.0326249707225413,0.967373775178808,9.3203404501986e-07,3.22064605894574e-07,2
"20038",0.984515375544297,0.0154846244557026,5.56670537598252e-25,8.97407408756169e-30,1
"20040",0.000143701288385546,0.999856298711614,4.67222313784423e-50,9.18180159407734e-28,2
"20043",0.972216921692833,0.0277830783071611,5.65184947315404e-15,4.09796729312982e-17,1
"20045",0.547298220706235,0.452701779293765,1.24903501658365e-49,6.53712541901413e-28,1
"20048",1.79029179934017e-10,0.00556505938006037,2.34106894539482e-10,0.994434940206804,4
"20051",0.858975692120685,0.141024176473617,1.31369242745285e-07,3.64553086986363e-11,1
"20053",0.868966255757401,0.131033331110941,1.522547871329e-12,4.13130136304127e-07,1
"20055",0.883252903864847,0.116747096135153,3.71160569611432e-22,4.65737543776069e-35,1
"20057",2.77481763505915e-23,1,5.13911405080964e-41,3.96879790207137e-38,2
"20059",0.688296207588314,0.311703792411638,5.25259633875745e-15,4.32758265717515e-14,1
"20061",0.977341548147735,0.022658451439759,4.12396038290528e-10,1.09557011089814e-13,1
"20063",1.33143645585759e-11,0.999999995175075,2.57174662853597e-39,4.81161037453596e-09,2
"20065",0.0099944915236417,0.990005508476358,6.25385943049693e-46,2.74865797640491e-56,2
"20067",0.746780879603794,0.253219120261783,4.25415870302649e-23,1.34423038878859e-10,1
"20069",0.000138935600355386,0.000416932129685035,0.0105873184783614,0.988856813791598,4
"20071",0.138540572613321,0.86145942738666,1.90751969384378e-14,2.47301694566364e-16,2
"20073",0.00602819706775928,0.026330102907195,0.000323183200790833,0.967318516824255,4
"20075",1.86127818781648e-10,0.999999999813872,4.46855185434097e-30,6.11300808632638e-40,2
"20077",0.939555607649754,0.0604443914790636,2.65951484909027e-12,8.68523012448399e-10,1
"20079",0.0227855656951052,0.977214171707204,5.20473444741935e-14,2.62597638384684e-07,2
"20081",0.878958365424695,0.121041634575305,7.28222310756799e-18,1.00236378674248e-17,1
"20083",1.37421760782973e-05,0.999984184676808,4.14580367394212e-17,2.07314711403535e-06,2
"20085",0.932198999946651,0.0678010000533486,2.98846767862281e-47,8.75356943239745e-38,1
"20088",0.9776141234814,0.0223858765186,4.13154227897071e-21,2.69884670952129e-20,1
"20091",2.09293120385678e-05,0.999979070687961,1.91824959756734e-30,9.35202655432182e-27,2
"20095",2.74119984442033e-05,0.999971294309379,5.29085873195049e-21,1.29369217673539e-06,2
"20097",0.886751579583129,0.113248420416871,2.53479355545525e-47,2.66090138852005e-40,1
"20099",0.037057015087506,0.962942978119348,2.8871060541485e-20,6.79314632113817e-09,2
"20102",1.33931905882399e-07,0.999999785403641,6.06709773447722e-21,8.06644531060015e-08,2
"20105",0.9593249174111,0.0406750825888037,9.6158739280859e-19,9.6158533686614e-14,1
"20107",0.986551411928536,0.0134485880714637,9.52846005764671e-21,3.78621461107299e-17,1
"20109",0.759843523614407,0.238556277920769,3.37567617383073e-12,0.0016001984614485,1
"20111",5.13627448939101e-09,0.999999994861949,1.7764079126488e-12,4.73600399367496e-17,2
"20113",0.837854802336688,0.162145197663309,2.433382425233e-15,6.68201412777838e-21,1
"20115",0.00775518289703524,0.857211329102368,0.135033487995017,5.57927632531761e-12,2
"20117",1.91209678463207e-08,0.999999980879032,3.38547299429673e-40,8.61516720041675e-40,2
"20119",0.333281404395047,0.666718595604953,6.74551026603305e-27,9.98635883714287e-29,2
"20121",0.973859297828582,0.0261407021714178,1.01363010051844e-24,3.32694878965001e-22,1
"20123",1.19783101773523e-05,0.999988021689823,1.106288265395e-36,7.98163487931381e-44,2
"20125",0.00389119847510013,0.00118013696586166,0.994759802267954,0.000168862291083677,3
"20127",0.941191645708053,0.0588083542919466,3.20300133852257e-40,1.95401473045777e-23,1
"20140",0.638913320865846,0.361086679134153,1.1056695798064e-15,6.17262687935517e-28,1
"20142",8.20190654758576e-07,0.00186904191885704,0.00103559187135902,0.997094546019129,4
"20144",0.00584557199013978,0.961064910870014,0.033089516851288,2.8855813215941e-10,2
"20146",0.0189635979305328,0.979442443627109,4.67595049234766e-05,0.00154719893743476,2
"20148",0.805849371816946,0.0208967945240089,0.173253833078859,5.80186536135758e-10,1
"20150",1.9197319147759e-05,0.00276583146281598,0.443848450351418,0.553366520866618,4
"20152",0.895049447867585,0.0199431066328156,0.0850068309285022,6.14571097725938e-07,1
"20154",0.000156077694730213,0.99984392230527,5.93679593718419e-42,1.99070541301269e-28,2
"20156",0.295071624188884,0.704926651527978,3.9216564331459e-12,1.72427921598703e-06,2
"20159",6.71275448302187e-05,0.00862274964185874,1.19383190617378e-08,0.991310110874992,4
"20161",2.64646788613043e-05,0.98654676506634,6.96403895800381e-09,0.0134267632907601,2
"20163",0.744264866618011,0.255715746179747,1.93872022418385e-05,1.66436242107511e-20,1
"20165",0.0131243769016612,0.78589043914182,9.72078759988689e-15,0.200985183956509,2
"20167",0.120727945877385,0.00190717491411139,0.874474682700258,0.00289019650824497,3
"20169",1.99539605873219e-09,0.00150528070655302,1.99784241584048e-07,0.998494517513809,4
"20171",2.824575201246e-07,0.99999971754248,1.44138896238596e-52,3.3958218514529e-31,2
"20173",4.77091853449829e-08,0.999999951934541,9.98524276373662e-26,3.56273235312456e-10,2
"20175",0.726344582896757,0.0290994318125273,0.237483940852731,0.00707204443798497,1
"20177",0.158439605429841,0.841560394569676,2.51075227621808e-18,4.83585960032746e-13,2
"20180",0.906340971330254,0.0936590286697456,1.03814981333253e-28,9.23881437545321e-39,1
"20182",1.28385496798443e-20,0.999999093978618,5.82580774417209e-19,9.06021381699955e-07,2
"20184",0.00106765638856668,0.00118103411991525,0.000794552984078837,0.996956756507439,4
"20187",2.08806239891835e-05,0.999979114091898,1.2022835209318e-11,5.27208975208131e-09,2
"20189",0.959700906489703,0.0402990934978293,1.24665786743865e-11,8.67191525744083e-16,1
"20192",0.000135700794322238,0.999864299205678,1.8727015805589e-29,6.31335432997479e-37,2
"20194",2.1327189577772e-06,0.999680821503343,6.92234599324904e-06,0.000310123431705604,2
"20196",0.151940719407833,0.848059280592167,1.53792755498661e-36,4.12573391151883e-31,2
"20198",0.567797757204773,0.43214600313369,5.62385867938504e-05,1.0747427418721e-09,1
"20204",0.000751548929352739,0.00282351746036658,0.947119721180721,0.0493052124295598,3
"20207",0.74185231439069,0.25814768560931,1.03977789895401e-30,1.46642124378718e-17,1
"20209",0.000239480054280568,0.999760519434678,5.11041096138232e-10,1.51657700965861e-30,2
"20211",0.000153831245766902,0.999846168754233,3.16159894342648e-27,1.51966733228806e-32,2
"20215",0.948512891667671,0.0514871083323286,8.11789114963769e-17,1.26407905055935e-19,1
"20218",9.83924544783038e-06,0.00105036994844405,0.0296796983416996,0.969260092464409,4
"20222",0.877922739098262,0.122077260901738,4.69713351612807e-21,5.34173771852423e-18,1
"20225",0.00386429926272632,0.937935214191961,0.0582004803161265,6.22918637405096e-09,2
"20229",0.0821144639270761,0.917885536021545,5.13792127562199e-11,1.18939613245102e-20,2
"20232",0.928631975365277,0.0713680246318574,2.85432770441907e-12,1.1383454714254e-14,1
"20234",0.000473573801723317,0.999526426198277,2.39068539252201e-65,3.42812371773257e-56,2
"20238",0.915779639066085,0.0842203609339149,1.59151707473496e-22,1.04997230366253e-16,1
"20253",0.874218352243527,0.125781647756473,2.72154381375085e-31,2.98043215045804e-25,1
"20255",0.0394790893388177,0.00351505600634251,0.957005131439652,7.23215187303806e-07,3
"20258",0.986192878001303,0.013807121998697,1.9384146459694e-26,8.1917991224622e-26,1
"20269",0.96192147459033,0.038078483306456,5.00091199513885e-14,4.21031645806991e-08,1
"20271",0.536815735059301,0.463184264940699,2.73995643309018e-29,1.11502310171551e-29,1
"20285",0.0166674516219238,0.983332547023308,2.57090250143186e-10,1.09767794374083e-09,2
"20288",0.967383529381481,0.0326164706185188,1.13135674082749e-16,2.94658507761332e-16,1
"20291",0.188204434392785,0.811795565607215,1.15885617865594e-34,8.61582349797652e-24,2
"20295",0.0748475225899936,0.925152477409501,4.64142635686073e-15,5.01024972777279e-13,2
"20298",0.00439867116982777,0.000727967644814196,0.994872715963301,6.45222057345e-07,3
"20302",0.0188064722737864,0.0359455488450348,0.000470363786100257,0.944777615095079,4
"20305",0.0031362384070665,0.00270094882399234,0.994162812465846,3.03094810399785e-10,3
"20307",0.979254248417656,0.0207457515823445,3.65212959393142e-31,9.55929091109055e-23,1
"20310",0.17811601427142,0.82188398572858,1.34008540670022e-53,2.31819798388068e-37,2
"20313",2.26632518179667e-09,0.0126009079413519,3.16492101380935e-11,0.987399089760674,4
"20315",0.991677959273197,0.00832204072680327,2.75084972485659e-26,4.80759551907808e-22,1
"20319",0.0407964822069,0.9592035177931,5.04028261565837e-36,3.21831316992435e-38,2
"20321",0.877793928581112,0.122206071418888,4.89012850675297e-29,9.48633425323108e-22,1
"20327",0.973240306987312,0.0267596930126882,7.08748457729431e-28,1.68030422744973e-21,1
"20329",7.88260349171209e-09,0.999980898569368,3.25740193490142e-06,1.58361460936667e-05,2
"20335",0.380512998738058,0.619487001261941,7.41459143165794e-37,1.11149292448206e-23,2
"20337",0.000101495066653734,0.000584139574782071,2.33147013604421e-05,0.999291050657204,4
"20339",1.83223791895811e-05,0.99998167762081,4.14464334294963e-21,2.82214553694907e-36,2
"20341",1.44239370667065e-05,0.999985576062933,3.19356749826328e-38,5.33775065728931e-19,2
"20343",0.0779336424562645,0.922066357543735,6.19559723351238e-39,5.89585505828384e-18,2
"20345",0.948416331471701,0.0509316735025898,0.000651995025708264,1.28302955086119e-15,1
"20350",0.000165067096967158,0.999834932903033,6.06001222275956e-22,3.49682491200346e-17,2
"20352",5.56631189222408e-08,0.00104294142438916,3.34756215975723e-07,0.998956668156276,4
"20355",0.00174894585481132,0.908497875743934,4.86511978588376e-10,0.0897531779147422,2
"20358",3.84428752863477e-07,0.992481709578696,0.00736024158129281,0.000157664411258023,2
"20363",0.963600837283314,0.0363991627166858,2.8213785357326e-23,1.77605602127523e-19,1
"20365",0.757311533480602,0.242688466519398,9.97492114395394e-19,3.19330990158323e-24,1
"20379",0.331639313763549,0.598954871539899,0.0693807172598136,2.50974367385528e-05,2
"20387",0.973011460382016,0.0269885396179844,1.00026593258999e-18,6.77685325781434e-18,1
"20392",0.000120444905702817,0.999879555094297,1.27543451922105e-32,1.24190235939422e-41,2
"20395",0.729228133816489,0.0387297576230097,0.231888826957381,0.000153281603120424,1
"20397",2.93255358659168e-16,0.998038299586976,1.37256902683532e-12,0.0019617004116513,2
"20410",0.968394274822219,0.0316057251777784,2.1914239004649e-15,2.89585320985242e-26,1
"20414",0.0915414482248931,0.0683418647086759,0.818702204791178,0.0214144822752529,3
"20417",2.7440035996834e-11,0.99999999997256,3.96729740411915e-86,8.06304350413964e-70,2
"20419",0.882095745114578,0.117904254885422,9.62975210071313e-34,6.03796828936892e-21,1
"20421",0.0159703794173826,0.983284650440546,6.04298295615651e-06,0.00073892715911519,2
"20423",0.0103081913961607,0.012863404321945,0.933446051396713,0.0433823528851815,3
"20425",0.165069868629964,0.216372143458611,0.153927941544355,0.46463004636707,4
"20427",0.972290952050924,0.0276145940361189,9.44539128448369e-05,1.12785648907359e-13,1
"20429",0.0054264236674461,0.994573576332554,3.99526006375338e-34,2.25195802634041e-18,2
"20432",0.000790730566606713,0.0751903737988942,0.85639847161387,0.0676204240206286,3
"20435",0.928221074143651,0.0717789165386015,9.31774794161748e-09,4.64368471824724e-18,1
"20438",0.418463802788666,0.581536197206602,1.59467690625283e-21,4.73227973344285e-12,2
"20440",0.98646119520414,0.01353880479586,1.79967060042213e-29,4.94469114334651e-16,1
"20443",4.52662729279151e-05,0.382094418504915,7.90416234613241e-12,0.617860315214253,4
"20446",0.833784586014387,0.166215413012928,6.8094127322594e-11,9.04590126309551e-10,1
"20449",0.96526337701973,0.0347366229793502,9.19823145783922e-13,5.12458687399599e-16,1
"20537",0.1520341794603,0.8479658205397,1.28066126499118e-22,3.11938740447431e-18,2
"20540",9.56986471208145e-06,0.999990430135288,4.10960603337577e-40,2.16017730965656e-45,2
"20543",0.979424600072964,0.0205753881432825,1.07165668578855e-08,1.0671864803889e-09,1
"20545",8.60172208316804e-06,0.999991398277917,8.79457230250256e-30,4.25174003145184e-32,2
"20549",0.923402681845332,0.0358359037769318,0.0251487491340179,0.015612665243718,1
"20551",0.992223139293634,0.00777677652848131,2.04756050302015e-10,8.39731289376572e-08,1
"20554",0.993677714431131,0.00632228556191262,4.03355427202222e-14,6.91558385855519e-12,1
"20556",0.959487651092283,0.0405123471144622,1.7896397702356e-09,3.61481601226412e-12,1
"20558",0.990336812858003,0.00966318714199711,5.35541352669928e-25,1.48579085173343e-19,1
"20560",0.972935670801418,0.0270565320857615,4.50533513732736e-10,7.79666228710584e-06,1
"20563",0.938406023191749,0.0615939768082507,4.51201621648523e-37,5.73387639327411e-24,1
"20565",0.929051086493148,0.0709488934058255,3.59712000359533e-12,2.00974296794125e-08,1
"20567",0.00135736061054996,0.035033399334915,0.059742802804771,0.903866437249764,4
"20571",0.0553639919317935,0.944636008068206,6.09817322234418e-33,3.299202684854e-28,2
"20573",0.980989821591725,0.0190100826906117,4.10313748442959e-12,9.57135602001096e-08,1
"20575",0.874879643519637,0.125120356480363,2.0033495303648e-32,3.64952098615386e-22,1
"20577",0.987378286979553,0.0126216957530904,1.72666232178744e-08,7.33595827815966e-13,1
"20579",3.28396060645511e-11,0.0493544353442615,3.63145001247431e-08,0.950645528308399,4
"20582",0.979951308643649,0.0200486913563514,1.80681899081343e-38,1.15491068932056e-28,1
"20585",0.200774073670603,0.799225926329392,4.65003722873753e-15,2.6767097024769e-26,2
"20588",0.000654998980398168,0.999345001019602,3.84345520576769e-20,7.66268869476179e-20,2
"20590",1.25558141558631e-08,0.00219648167226005,0.00138016583500943,0.996423339936916,4
"20592",0.977774460197724,0.0222255398022763,1.40387374506514e-36,3.20751272528513e-19,1
"20594",0.962491138700266,0.037508861299734,2.92302179434127e-37,2.55465218812615e-32,1
"20596",0.951253179158668,0.0487468196024714,6.7523279578937e-14,1.23879285066512e-09,1
"20598",0.988243815905279,0.0117561838031954,2.15835324159624e-10,7.56900612666683e-11,1
"20600",0.50207034055724,0.497929654807119,3.26954264761975e-09,1.3660984620113e-09,1
"20603",0.130883721950352,0.490296466056784,0.378618660440436,0.000201151552428244,2
"20605",0.982037565410596,0.0179624345894038,1.78702530215086e-23,2.49678617607222e-25,1
"20607",0.982959547083194,0.0170404529168052,2.55874323382376e-16,1.23751551034813e-16,1
"20609",0.990997647740867,0.00900235225817191,8.28784483434756e-13,1.32980959219179e-13,1
"20611",0.00132465473610753,0.00395395346145004,0.994196129811243,0.000525261991199846,3
"20613",0.978129720820018,0.0218643442208131,5.93495916610048e-06,2.83886298708121e-15,1
"20615",0.965117587432208,0.0348772920523333,4.27382429854409e-06,8.4669116011419e-07,1
"20617",4.39320218040375e-07,0.00830940913897875,4.72245159595821e-10,0.991690151068558,4
"20619",0.948528436212132,0.0514715637878682,5.26773361610508e-32,1.03521132499591e-17,1
"20621",0.948527850782337,0.0514721492001377,6.63267720924516e-12,1.08921709586806e-11,1
"20623",0.00171239707527669,0.308983652600717,6.73529845729982e-07,0.68930327679416,4
"20625",0.0136703965347346,0.980986763703108,0.00534270967941432,1.30082742646813e-07,2
"20627",0.988586726288902,0.0114131704391974,1.0327163490824e-07,2.661536503534e-13,1
"20629",0.995791966897577,0.00420800707019443,1.31696785349834e-09,2.47152603253262e-08,1
"20631",0.867997398141939,0.132002601858061,2.53315777123326e-36,5.57479502205545e-20,1
"20633",1.54639084868094e-11,0.00194586981610069,8.97731786601207e-11,0.998054130078662,4
"20636",0.112347604182,0.880725140374584,0.00655556288603926,0.000371692557377195,2
"20638",0.430843112739768,0.569156885814944,1.44528721393216e-09,1.10372605528818e-21,2
"20640",0.868941455966746,0.131058544033254,2.29647574345323e-21,9.49335611102801e-30,1
"20645",0.947862863312967,0.0521371366870326,8.10193247955814e-41,8.40834967410395e-35,1
"20647",2.63957680714693e-10,0.00890901602050154,7.66366683467419e-15,0.991090983715533,4
"20649",0.874658007808182,0.12534199219143,3.87301178022661e-13,3.71687037262873e-16,1
"20651",0.00816017505003273,0.991839824949967,1.88610501971996e-50,9.7553563312032e-24,2
"20656",0.291598153282548,0.708401846717452,3.43165397157338e-27,2.38653685164435e-27,2
"20660",1.04242454504627e-05,0.999989575754549,4.55118891208386e-27,1.96229103932711e-36,2
"20662",1.8425005246411e-05,0.740845383980712,3.08843823175764e-08,0.259136160129659,2
"20664",0.0555273129248416,0.944472677454299,8.43356443432494e-21,9.62085929984765e-09,2
"20666",0.00182692440182874,0.998120189492571,5.28861056000343e-05,3.08730579767849e-22,2
"20668",0.000816392926686474,0.000622036849624998,0.9979543181883,0.000607252035388806,3
"20670",0.108218845880055,0.891781154119945,3.22567987511692e-29,3.4188317031376e-28,2
"20672",0.00096246848410929,0.00423886284054521,0.783114369380045,0.2116842992953,3
"20674",0.95886540255868,0.0411345963133296,1.05590481877408e-09,7.20860742660804e-11,1
"20676",2.43598076491728e-07,0.89170739130915,0.105077883162677,0.00321448193009578,2
"20678",2.17746352424074e-08,0.351572405485141,0.595731122695896,0.0526964500443279,3
"20680",0.0470635707526599,0.00386293857865968,0.936673028447138,0.0124004622215426,3
"20682",0.693623756743974,0.242375522580145,0.0640006734317258,4.72441544683303e-08,1
"20684",0.159832735039105,0.840167264960885,1.06446614007519e-14,3.41670317287844e-22,2
"20686",6.70468513241185e-06,0.000324395003339804,0.00150725539850168,0.998161644913026,4
"20688",1.63089839455178e-11,0.803116432456731,7.66446345878917e-05,0.196806922892372,2
"20690",0.0110888460417037,0.988911153958296,1.19915709034477e-24,9.89261572679663e-37,2
"20692",1.26566627552253e-13,0.00355100310834808,5.88220169559035e-09,0.996448991009324,4
"20694",0.00157914074539241,0.000628102673021375,0.997790677622741,2.07895884549988e-06,3
"20696",0.117701916659006,0.165212589108029,0.716378251005947,0.000707243227017491,3
"20698",0.680241427918729,0.319758571870151,2.50419664110188e-12,2.08616010464783e-10,1
"20700",0.0404056889262563,0.959594308779983,9.01171930228472e-22,2.29376037614014e-09,2
"20702",0.160689321528991,0.839310678471009,2.83059826683039e-38,3.7266821950609e-39,2
"20704",0.990671501341393,0.00932848286127339,1.5774820232585e-08,2.25133056226638e-11,1
"20706",0.00480147209605167,0.995198524882833,9.03965588030022e-12,3.01207608724103e-09,2
"20708",4.84866823162023e-06,0.0757783738751177,0.924187869498594,2.89079580563456e-05,3
"20710",0.707504838442076,0.292495161557914,1.03304775526051e-14,2.0054604473063e-25,1
"20714",0.000175329235159087,0.0311162810765288,1.14072031361831e-05,0.968696982485176,4
"20716",0.972496031763907,0.0275039682360868,6.01837090403425e-15,3.10923729100285e-18,1
"20719",0.139756977874316,0.860243022100687,2.49952102865576e-11,2.21860468946987e-15,2
"20721",0.93479926300878,0.0652007369912198,1.81499716213141e-39,4.71221507020398e-21,1
"20723",0.000427407064887481,0.999572592935112,3.46170616280341e-20,9.41089537532155e-21,2
"20725",0.0285844086232341,0.00150274652123717,0.969912346481832,4.9837369634515e-07,3
"20727",2.77479568882618e-10,0.999713552093507,1.02160535674745e-09,0.0002864466074075,2
"20729",0.000221425701418296,0.000787874865770091,0.99899069436556,5.06725206341975e-09,3
"20731",0.00303051849669279,0.00115695980301723,0.995812495141051,2.65592387335205e-08,3
"20733",0.951698854410322,0.0483011446490858,9.40592141354673e-10,9.84806514557466e-20,1
"20735",0.979103394355015,0.0208884207557927,8.18488917376194e-06,1.85249207693865e-14,1
"20737",1.32615054380799e-05,0.00345815930607685,0.995934890490555,0.000593688697930443,3
"20739",6.11150832663863e-11,0.00204081287271304,8.68791346103349e-07,0.997958318274826,4
"20741",0.194757902282361,0.00581197424045474,0.797557786687211,0.0018723367899729,3
"20743",0.509024328593455,0.22796586004111,0.262938028332915,7.17830325199555e-05,1
"20745",0.903349783557105,0.0966502164428952,1.30786277321025e-32,2.89561585274431e-24,1
"20747",0.000702570159736304,0.027625056269715,0.970592665659316,0.00107970791123249,3
"20749",0.00128748527829628,0.089691448878761,0.885606522883272,0.0234145429596706,3
"20751",0.00973434904375763,0.945613368310157,0.0446522826460849,1.78619730054699e-17,2
"20753",0.0264920810131748,0.0141049765175364,0.959402942467002,2.28693409270321e-12,3
"20755",1.57847412131528e-08,0.998081700224137,0.00191802572852151,2.58262599783844e-07,2
"20757",4.61561479563415e-06,0.99999526371877,6.45978412098431e-14,1.20666369965851e-07,2
"20759",0.596760580617188,0.403239419345151,1.16868088238146e-26,3.76613107390358e-11,1
"20761",0.761351011083525,0.00484544854790832,0.23374838858249,5.51517860766219e-05,1
"20763",0.429044928049799,0.570946201566751,8.83861550513136e-06,3.17679450347742e-08,2
"20765",0.0612224221907977,0.00129546093903315,0.920776325554132,0.0167057913160372,3
"20767",0.977815350235719,0.0221846497642798,1.05771754991358e-15,1.24714626420242e-18,1
"20769",0.0413318533661168,0.958668146633883,2.07509830460898e-21,7.61536105000375e-44,2
"20771",0.955364670511051,0.0227277029698946,0.00194723983758834,0.0199603866814661,1
"20773",4.2990294089779e-07,0.999999570096744,2.03700734864881e-13,1.11173074892248e-13,2
"20775",0.887388234623513,0.070119053521403,0.0424927118526193,2.46449795862245e-12,1
"20777",0.0284719790668768,0.971528020925168,7.95532566332509e-12,5.93533254203908e-25,2
"20779",0.0476672135026425,0.0025965020022633,0.949736284353725,1.41369035999988e-10,3
"20781",1.85025131552942e-18,1,5.76825208413868e-29,1.41726470503281e-27,2
"20783",0.92684899674985,0.0179337669052012,0.0296806843664901,0.0255365519784586,1
"20785",3.15649466673522e-12,0.999999991120889,1.57010491067794e-14,8.87593845780954e-09,2
"20787",0.00508636053884642,0.00123370884405218,0.990051092874643,0.0036288377424586,3
"20789",0.984191720113164,0.0158070589105774,1.2209762518171e-06,6.33392328480933e-15,1
"20791",0.000161597620396481,0.000420160871121227,0.999061536429739,0.000356705078742782,3
"20793",0.94016762279567,0.0592777262841187,0.000554650920204946,6.17757234971947e-15,1
"20795",0.00978882143600837,0.00534763203349347,0.00174664774546045,0.983116898785038,4
"20797",1.20236859454293e-15,0.999999997290178,3.82163974278421e-18,2.70982131094156e-09,2
"20800",0.00201904370192289,0.00518778614279278,0.000621405011589276,0.992171765143695,4
"20802",0.139168151578415,0.00413467581057504,0.809355795264919,0.0473413773460904,3
"20804",4.70163061086531e-05,0.00161511358501419,0.99833776715772,1.02951157045875e-07,3
"20806",7.36376137481006e-05,0.00161607092259162,0.0571590244985565,0.941151266965104,4
"20808",0.986037705262111,0.0139622947323591,5.53004243658063e-12,5.800077234478e-19,1
"20810",0.225480494303382,0.735851785620337,0.0289932957752471,0.00967442430103384,2
"20812",0.198215731333959,0.0907503375992608,0.710992782278067,4.11487887133622e-05,3
"20814",5.36147283324643e-08,0.0689321697319913,0.930892759227262,0.000175017426018689,3
"20816",0.00342282219533709,0.996577177804663,1.00584568974667e-30,8.91275675843102e-39,2
"20818",0.954617121553613,0.0269429091870668,0.0175225557817984,0.000917413477521575,1
"20820",9.95171681755441e-11,0.0278225733060979,4.99811414985344e-13,0.972177426593885,4
"20822",0.0578981207538877,0.000680424867994464,0.941313610199604,0.000107844178513805,3
"20824",3.64473738355327e-13,0.999999998299869,1.65945141928435e-13,1.6996010539233e-09,2
"20826",2.86377353146565e-07,0.000237690960563453,5.69104581038731e-05,0.999705112203979,4
"20828",1.79029179934017e-10,0.00556505938006037,2.34106894539482e-10,0.994434940206804,4
"20830",0.00078817327823961,0.00571483532456892,0.993495876320172,1.11507701963086e-06,3
"20832",0.967936404773826,0.0297895067610563,3.03672374621495e-05,0.00224372122765497,1
"20834",0.980731852115599,0.0192681478843698,3.13449381505816e-14,1.08311074944754e-19,1
"20836",0.0166393487516311,0.000976124734642606,0.98238452565953,8.54195716299714e-10,3
"20838",7.48254953082841e-07,0.0390556305140855,0.960943514680396,1.06550564883531e-07,3
"20840",0.986676729168184,0.0133232708316612,1.55125179410736e-13,1.98506851958997e-18,1
"20842",0.0166951775176225,0.176531764260102,0.80677305813105,9.1226034008703e-11,3
"20844",0.000207107689456829,0.999418802580504,0.000374085598605429,4.13143335879804e-09,2
"20846",0.0525264647887125,0.014261304567843,0.000756277774884874,0.93245595286856,4
"20848",0.987799393886307,0.0114839411848698,0.000716656326404562,8.60241879083727e-09,1
"20850",0.973644663843747,0.0263552223078475,2.34320154269758e-12,1.13846062115021e-07,1
"20852",0.674567816879183,0.325405923246023,1.86069061569322e-17,2.62598747937694e-05,1
"20854",8.06353203026492e-06,0.000381867683012197,1.6188704170614e-05,0.999593880080787,4
"20856",8.3858420775234e-07,0.999999161415792,5.36135566797535e-28,1.35067906794582e-35,2
"20858",0.895460648458548,0.104539351541452,4.53133314114477e-22,3.57337069335498e-18,1
"20860",0.00448058758843567,0.989100088587011,0.00641932382454978,3.5047824808851e-15,2
"20862",0.757336220276821,0.242663779723179,7.8048820096815e-24,1.46681762775271e-24,1
"20864",2.92857269851274e-06,0.000441645570455648,3.26983823576905e-06,0.99955215601861,4
"20866",0.396643625043991,0.603356374956009,9.98924175310232e-58,2.61943846054383e-36,2
"20868",0.987102110045677,0.0128978899503812,9.58328388608056e-17,3.94217275473816e-12,1
"20870",0.936138542777969,0.0157039265471926,0.0480704432681692,8.70874066691701e-05,1
"20872",0.0166107407846591,0.000392387681352231,0.981833756311348,0.00116311522264043,3
"20874",2.34574608839784e-10,0.00277434585340666,1.15084253345555e-09,0.997225652761176,4
"20877",0.971400775544118,0.0285992244558587,2.37539118717683e-14,7.89733769172514e-19,1
"20879",0.977955657755579,0.0220443422444207,6.44532910389922e-24,1.46896830785427e-26,1
"20881",0.00914602792379555,0.00116956798087519,0.989680854893857,3.54920147232484e-06,3
"20883",3.78576367182157e-06,0.997688561383714,0.00230764769486599,5.15774795589765e-09,2
"20885",0.0123242560075263,0.00285090845649394,0.944477386405547,0.0403474491304329,3
"20887",0.955531068276047,0.0444689316055649,1.18388260149748e-10,1.35904826557692e-23,1
"20889",0.574057292042573,0.0635984867683987,0.362344221170409,1.86194944953631e-11,1
"20891",0.980345686308006,0.0196543136919944,2.05338084412669e-22,5.32348526443753e-22,1
"20896",0.941919683119298,0.058080316877625,3.07705559423955e-12,7.48283939023469e-18,1
"20898",0.0741331072757344,0.00181384031395981,0.924052270944388,7.81465917753881e-07,3
"20900",1.16838189902121e-14,0.999999999999983,4.93413786060268e-15,3.38497571898083e-16,2
"20902",0.113887124718733,0.886112875277042,4.22454422802332e-12,7.20828938865263e-31,2
"20904",0.00604421420759133,0.549434327648862,2.70370398631331e-11,0.44452145811651,2
"20906",0.86216146064787,0.13783853935213,2.07011459150164e-18,9.60237705189817e-24,1
"20908",0.641150289476214,0.0229753712121434,0.00812473238725896,0.327749606924384,1
"20910",0.0494302612163886,0.926974291738981,0.0235315471924138,6.38998522162717e-05,2
"20912",3.68066623852035e-17,1,3.41828395720586e-25,6.86404906025601e-40,2
"20914",0.89248378104257,0.10751621895743,7.79311836844833e-44,3.47200796093368e-44,1
"20968",7.92212139742766e-11,0.999999991824168,6.60955529479879e-18,8.09661035789618e-09,2
"20970",0.994926988623021,0.00507300654987255,8.56648698724111e-15,4.82709795305136e-09,1
"20981",0.711932772569682,0.288067227430316,2.32209534453392e-15,9.09036376755679e-17,1
"20983",1.98515608608316e-07,0.0605590781046953,0.659361776235848,0.280078947143848,3
"20988",0.988331270730454,0.0116687292694675,3.08317384833123e-21,7.86142533652625e-14,1
"20995",8.13314622383591e-08,0.999999918668538,2.56731702784382e-26,4.60786744752958e-30,2
"21017",0.968068995015254,0.019276111072197,0.00949856196541843,0.0031563319471301,1
"21038",0.947554680406553,0.0524453195934474,2.19258828181259e-17,2.14093869584088e-21,1
"21072",0.927547199024647,0.0724528009753504,3.83220577385665e-19,2.68647633226137e-15,1
"21075",0.827452507908067,0.172547492091933,1.07620835526267e-21,1.72470547650742e-30,1
"21223",0.982005348629479,0.0158515695748347,0.00214307954995302,2.24573330516354e-09,1
"21225",1.68747932343306e-13,0.999999999999831,3.23397138447301e-46,3.76479338269066e-59,2
"21230",1.69751451209883e-09,0.000382059362522716,5.4359213382573e-05,0.99956357972658,4
"21236",0.941802044917162,0.0287782523373515,0.0294196860271772,1.67183097442551e-08,1
"21238",0.0312830631828615,0.968716936814884,2.2544148930327e-12,3.51768443009062e-24,2
"21241",0.714538245528996,0.285461754471,7.6863080218156e-30,3.57029018762341e-15,1
"21246",0.982460638651313,0.0175393552801807,1.09771087921266e-11,6.05752952193036e-09,1
"21253",1.41475795123209e-05,0.000319158864403771,0.00313605848796326,0.996530635068121,4
"21256",0.030464779643888,0.0130665605227043,8.02013441660329e-05,0.956388458489242,4
"21260",8.26984132351213e-06,0.999991730158676,3.93474421647432e-41,3.51896871887353e-33,2
"21266",0.989462982185956,0.0105370178136879,2.86584426023242e-13,7.0023334215286e-14,1
"21332",0.975434531292521,0.0245654687012139,4.96792507932427e-13,5.76834025920747e-12,1
"21334",0.46393892091091,0.0266428184994513,0.509418260586173,3.46561377146967e-12,3
"21375",0.59544674808259,0.404553251917411,3.30701068951156e-35,2.27207636009774e-28,1
"21378",0.471535740151148,0.528464259848852,4.68408291259313e-50,1.9272338871898e-36,2
"21381",0.757689747243787,0.242310252756213,4.34863881042817e-32,1.27068065368405e-20,1
"21389",0.016258046471764,0.014749818971349,0.966662508620094,0.00232962593679336,3
"21391",0.0749419948054947,0.925056092791741,1.13174461652552e-20,1.91240276458142e-06,2
"21402",0.918692692894806,0.0813073071051861,2.90562514977045e-16,7.84489845261567e-15,1
"21404",0.625455236065231,0.374544763934768,1.21787663766737e-15,6.18547780841745e-28,1
"21409",0.97368283477699,0.0263171652230101,3.47738186622633e-19,1.83283072079903e-26,1
"21413",0.672735907685139,0.327264092265008,4.98526586754308e-11,6.98417732994668e-32,1
"21423",0.00361292854854485,0.996387071451455,2.00093069444452e-35,1.20028427799553e-33,2
"21425",0.861718795233064,0.138281204766936,1.85099826567071e-17,1.96704543945467e-25,1
"21430",0.00168170447191574,0.998318295524806,3.27792488573002e-12,1.11614182406306e-18,2
"21432",0.985802774001067,0.0141972130117556,1.29534028011376e-08,3.37742834443704e-11,1
"21438",1.11722149634206e-05,0.999988827785037,1.53114394925948e-39,4.28291851936224e-24,2
"21440",0.965698966512235,0.0343010334632397,2.45040913085483e-11,2.09244633193039e-14,1
"21443",0.0177201871971566,0.00066594821467978,0.978413891065167,0.00319997352299622,3
"21445",4.27608357662738e-06,0.999995723916423,1.88036004949694e-22,5.6085811111157e-27,2
"21447",0.910665900658665,0.0893340993413346,3.97199264940703e-35,4.85836962723448e-25,1
"21449",0.921510204400383,0.0784897955996173,6.46504353102244e-28,3.38012945793912e-19,1
"21451",0.921510204400383,0.0784897955996173,6.46504353102244e-28,3.38012945793912e-19,1
"21455",0.976301447763552,0.0236985522364484,5.46570411583002e-22,1.12361869516193e-18,1
"21469",0.101123699084538,0.898876300915462,1.3711539746161e-50,6.02134366482863e-43,2
"21471",0.834677642619669,0.165322357380331,2.17348279294805e-29,5.16133250178735e-31,1
"21473",0.17339592580326,0.822873405376023,0.00280991787204621,0.000920750948670587,2
