"","V1","V2","V3","V4","V5","V6","V7","best$classification"
"19811",0.084818146489539,0.169944989895997,6.69756856696745e-19,1.51557715570362e-06,0.00509721204773567,2.16730565832967e-06,0.740135968683914,7
"19813",1.06352279488731e-10,1.80372042494759e-29,3.05246743117278e-31,3.94002841203067e-34,0.00694038942596792,1.93049555131502e-13,0.993059610467487,7
"19815",0.952749812199362,0.0336673537061351,1.73621224526877e-07,5.28850854189804e-18,0.00102486762732264,0.0125577928443009,1.65499808348972e-12,1
"19817",0.0273008765153887,0.972482457772928,1.13949161871852e-12,3.59473241107594e-07,0.000214558934244112,1.51723299888183e-06,2.30070060088509e-07,2
"19819",4.46654000501418e-08,7.67565093149154e-66,0.732002822465115,2.69228389086226e-41,6.24212128884089e-07,0.267996508657356,7.04630156657354e-58,3
"19821",0.5651020007264,5.30774211127469e-05,4.90667932073268e-12,0.00016789798424863,0.235815555819691,5.31882070913852e-05,0.198808279836549,1
"19823",0.000464884343390947,2.43295619531769e-06,8.36294200857497e-14,1.27094395256325e-25,0.108673179475811,0.890859503224519,4.45206913287052e-25,6
"19825",8.2133837765045e-15,6.69636050229501e-73,6.88783444551658e-15,4.4067931655125e-18,0.999999999842786,1.57197461175921e-10,1.31410723467098e-15,5
"19827",0.0124884763602581,0.436185466153313,1.29494181757344e-08,0.53961895214215,0.0100940458140802,0.00161304658046031,3.20233061900004e-13,4
"19829",0.349431125615805,2.26338469472024e-40,0.161764954447025,2.59223662878407e-09,0.357632969289473,0.131170948055461,8.19927697628633e-18,5
"19831",7.58580334713285e-09,3.74083866649165e-62,0.207219080746948,9.61854207432555e-55,0.000560830812731653,0.792220080854517,2.16280434008033e-35,6
"19833",1.17176387582208e-31,2.28037617169956e-114,9.82314679674787e-43,1.36911076269903e-72,0.99853819688001,0.00146180311999025,1.45066359118427e-52,5
"19835",0.5651020007264,5.30774211127469e-05,4.90667932073268e-12,0.00016789798424863,0.235815555819691,5.31882070913852e-05,0.198808279836549,1
"19837",0.0319736622915337,0.895874115857998,1.30185321911412e-07,0.0713419859882182,0.000804905477994401,5.1703916128883e-06,2.98073214071767e-08,2
"19839",0.00016914012448116,1.89191482898734e-40,8.86896973270747e-05,7.81457299340472e-09,8.98031053485996e-06,0.999733141489699,4.05633853750915e-08,6
"19841",1.41133555016582e-17,4.72694435065996e-56,1.82484779239131e-23,0.0857795074908655,0.914219007762301,1.47776021684162e-06,6.98661667374372e-09,5
"19843",5.35855560322828e-08,1.67678095928782e-88,0.000100169844029806,1.57530581927576e-59,0.979373834386768,0.0205259421806906,2.95521201852149e-12,5
"19845",3.31315117552767e-05,7.33081990520754e-09,3.62383421051642e-31,1.89321414339399e-27,0.000574715046094619,1.26419913017517e-13,0.999392146111204,7
"19847",0.932093317615756,5.45151732301019e-07,3.67376870165947e-10,6.36187634949938e-24,0.0675813588451266,1.10987013018589e-05,0.0003136793187066,1
"19849",2.53368834700915e-12,2.77994807737059e-23,3.49255098669015e-38,7.86707501263682e-32,0.000475443936232138,6.47584381583295e-15,0.999524556061228,7
"19851",0.00356231464251479,0.996340799532252,1.94200639517541e-16,9.78837843567208e-11,9.65853022375564e-05,2.73755465965077e-07,2.66696464155544e-08,2
"19853",4.26467695124957e-05,0.143652316683202,5.52577025713131e-38,2.35027443439917e-20,0.856072336976677,8.2770368356475e-10,0.000232698742905149,5
"19855",0.0146696895796803,0.980553604545572,4.37764401212857e-25,3.83435189493675e-07,0.00357995006476734,5.22363387174573e-10,0.001196371852427,2
"19857",0.910225850655576,0.000348956860935612,3.23675096146793e-08,1.83983934352292e-05,0.0389168784731235,5.14131346719598e-06,0.0504847419359524,1
"19859",0.801685900591812,0.183161572931742,9.73208333591385e-09,3.95775458258412e-05,0.0146331047544263,0.000479692927599906,1.41516510578336e-07,1
"19861",0.0375498971183073,0.610781698262503,5.90976421591104e-22,3.76508669199966e-14,0.00890131102048094,1.84478674827588e-07,0.342766909119996,2
"19863",4.16058649219233e-21,1.0035074273585e-42,1.8880506200674e-49,4.64201634396282e-11,0.00303570845309222,4.35296002729791e-15,0.996964291500483,7
"19865",2.60735111450317e-07,4.76450198075357e-10,4.33019349881321e-19,0.998338429964525,0.0016612901081982,7.92109120457678e-09,1.07946242027826e-08,4
"19867",0.979132244186961,0.000889111416429046,1.15649801292193e-13,1.14251556758201e-25,0.0188446023306121,3.30180967688375e-06,0.00113074025620557,1
"19869",2.54491217993348e-08,6.96359310652087e-11,2.29256614571763e-38,1.1479316268574e-12,0.000803417665926783,1.13237102792541e-15,0.999196556814166,7
"19871",0.468183700315121,0.517489579594061,2.77787883139504e-06,0.00910776662536029,0.00507749724230781,0.000138677054671916,1.28964592242718e-09,2
"19874",0.00121916658771303,0.988233020770008,1.31412816289859e-18,0.0010821063070565,0.00945791445436483,7.79161679995664e-06,2.64057835925592e-10,2
"19876",5.3406394486148e-05,0.999866782828986,1.39313330233588e-23,3.2536416920594e-05,3.58201279063686e-05,4.14673046000059e-11,1.14541902334334e-05,2
"19878",0.574684986258819,1.56038885045319e-48,3.95563221579148e-09,1.75925968446124e-27,0.406386049318919,0.0189289604666297,4.76822203238368e-17,1
"19880",2.80740487241215e-11,1.11229661983468e-11,1.18461682038179e-29,0.999857359719081,0.000137306316104336,1.74961614680641e-12,5.33392386753615e-06,4
"19882",0.0112497804315145,8.50947558263917e-07,2.08090873695684e-28,2.43386719848354e-15,0.0396717631031068,7.56047210125756e-11,0.949077605442213,7
"19885",0.497355915052109,0.500084066653833,7.03023228004456e-05,3.23489711335607e-06,0.00216403945247705,0.000309845131474934,1.25964901922858e-05,2
"19907",0.751372167028605,2.87963265522472e-05,5.52662988277087e-20,1.34433703563741e-21,0.0421383773895393,5.55150372391032e-09,0.2064606537038,1
"19909",0.0575157188844397,4.86009864330206e-28,0.933916949997132,1.93339399251758e-24,0.00104748439405924,0.00751984670134465,2.30240328402161e-11,3
"19911",0.00202489149636,2.56892631884951e-27,0.931071025926726,4.41510669231392e-09,0.0302517713424955,0.0366523068192685,4.31824018549595e-14,3
"19913",1.13785191281863e-17,2.0808341876592e-26,7.49090957553949e-27,0.999118316501355,0.000881680059360162,3.43927449652624e-09,1.00518285326298e-14,4
"19915",0.00059129119979618,0.00479818360304677,8.60371831473562e-18,0.994150749245009,0.000459588858895606,1.8292955573661e-07,4.16369713958365e-09,4
"19917",5.31431907653549e-05,2.30513962311179e-08,1.04463686867456e-12,0.998052917184797,0.00103500892853555,0.000858844884023017,6.2759438374745e-08,4
"19919",0.0904246981415396,0.61828093342694,9.28848229070931e-11,0.289373652613311,0.00168081463677373,0.000239897015933376,4.0726175767012e-09,2
"19921",0.0485917612179892,0.951026481140092,2.52466619620655e-13,3.54232190050719e-14,0.00030374708695088,1.65085147008992e-06,7.63597032097717e-05,2
"19923",0.971929091656065,1.92630772408206e-19,2.95677208540943e-11,1.25432703420198e-33,0.00453653422883252,0.0235343740855297,4.67448981283029e-15,1
"19925",0.000109119494207074,2.38267780659744e-05,1.60837613911049e-16,0.998845829010458,0.00102047818381038,7.43551241481947e-07,2.98221661161023e-09,4
"19927",0.494047057503206,0.503635939442207,2.59186518850627e-12,9.39463017720418e-12,0.0022768002856987,3.29816019671687e-05,7.22115493421491e-06,2
"19929",2.00726101041198e-20,6.19572781464093e-26,5.26473152861886e-42,0.00218258802361903,0.106629985935818,3.27421602719791e-13,0.891187426040236,7
"19931",0.990594953541542,4.09312167190509e-05,1.89660236826287e-06,1.96583684499825e-12,0.00177775997818248,0.00758445862880027,3.04217504628773e-11,1
"19933",0.359731019392798,7.07084991663732e-13,0.609976438788446,2.19893329089945e-11,0.00019741658794558,0.0300951252081142,8.10984969902709e-19,3
"19935",0.957213337181902,3.11817516803776e-11,0.000823642878309049,1.53625960883503e-11,0.0294111549330549,0.0125099432984643,4.19216617254179e-05,1
"19937",0.172863891020259,0.825453027693178,8.19655662076758e-11,1.72608935073638e-16,0.00155374441013889,0.00012933675747661,3.69810554960088e-11,2
"19939",0.973867174753146,0.000226707355257682,2.29887478722105e-13,1.39768032731084e-09,0.0258617976524075,4.43187303433876e-05,1.10935577124507e-10,1
"19941",5.08844701554288e-06,1.62811384947654e-35,0.0787048223726562,1.12600601400722e-07,0.0046138155786545,0.916676160956379,4.46929250284096e-11,6
"19943",4.7287042692084e-09,5.82653159143847e-09,9.90584617532443e-22,0.996012704966021,0.00398727267974481,1.17989724341926e-08,2.62487358890292e-14,4
"19945",0.275243726038821,8.02073455709871e-15,0.706237493290096,1.64185552394691e-13,3.83190352091721e-07,0.0185183974805587,9.27574340495105e-19,3
"19947",8.07571430118246e-07,2.8588428747008e-37,8.15204538710409e-13,1.32608270180928e-08,0.999999115701165,2.88061065346099e-08,3.46596558152719e-08,5
"19949",0.976768599544235,6.62612029609934e-18,2.81809707646897e-05,7.59197455937325e-30,0.00436385129221061,0.0188393681927894,7.38028491683259e-21,1
"19951",0.337923762258438,2.24392724999792e-12,6.38540430836953e-11,0.557748539027984,0.0320938566411879,0.0722338128795555,2.91267357856522e-08,4
"19953",2.39969256203611e-09,7.72092664463887e-51,0.000215753016840877,1.10336388839366e-61,0.0118902368581294,0.987894007725337,5.31538969510665e-46,6
"19955",0.0850831538852778,5.23440982382863e-41,0.0050678200027875,3.8052013004958e-40,0.00065017628165263,0.909198849830282,4.84184538679302e-20,6
"19957",0.000432866092106291,4.1925389517196e-09,1.16521921180925e-11,3.73782258164079e-05,0.996644724513189,0.00288502696399899,6.97730337038487e-13,5
"19960",0.0587873412077661,2.56728369463655e-47,0.00105185819351653,3.13392967984395e-19,0.940098346176031,6.245442268242e-05,3.64829777875991e-15,5
"19963",4.09924297032352e-29,7.74871686586488e-60,2.72201747170324e-28,3.78224922479653e-23,0.732394274231635,0.267605725768365,1.08126034893147e-35,5
"19965",0.362351411237703,2.97697187148149e-66,0.00734886977048696,1.75784952109486e-44,1.98270251632024e-05,0.630279891966647,6.59156281952537e-17,6
"19968",1.10476411158831e-07,2.32798607020917e-26,3.98082550823385e-14,0.000404470900263576,0.528537809097064,9.08591114167543e-10,0.47105760861763,5
"19971",4.95040698874983e-20,6.6593084022049e-84,8.52821368445086e-23,1.23985827797018e-10,0.999473800525578,0.000526199350436336,1.19487842251462e-36,5
"19973",0.0114886008895023,0.987654695116357,7.39726395230528e-12,0.000708403663612707,7.18350870847301e-05,7.48340949638164e-07,7.57168950964556e-05,2
"19975",0.000606092583937644,1.60352610039973e-09,9.88965542980827e-14,0.951529669908494,0.0427077240388723,2.70922683406042e-06,0.00515380263823668,4
"19977",7.43438177302825e-13,1.58504885072532e-59,1.23192154096275e-29,4.36763746567977e-10,0.999937822512804,6.21770496116726e-05,7.74819040746521e-14,5
"19979",1.45408761464238e-05,9.37489759601555e-80,0.965808360355141,7.54168215115408e-29,2.08046339283644e-05,0.0341562941347838,3.98740143623414e-43,3
"19981",0.997852836147578,1.1405834472733e-07,8.73763388811367e-05,9.20196619922208e-13,0.000951221694654451,0.000937020218116123,0.000171431541505112,1
"19983",0.992430821953906,5.54472357996932e-06,7.11314893625946e-09,3.78075662855419e-17,0.00753921944948464,8.33468480146677e-06,1.607207507905e-05,1
"19985",0.000518531130363625,0.630121033494086,3.82685365300455e-21,0.367716114691873,0.00159702774091521,7.3844978076639e-09,4.72855582641081e-05,2
"19987",0.821764009614347,0.000206406574689693,0.0130935869845752,0.00948374096755574,0.154260451951086,0.00119180357516091,3.32585522897407e-10,1
"19989",5.01163891573894e-05,7.63871347866809e-63,0.975649659586032,1.66632143437342e-49,4.26185667039578e-06,0.0242959621681401,3.06872560910281e-44,3
"19993",0.982046161747491,3.4911115725154e-23,0.000122589674363031,1.67537423460051e-07,0.00653550129332784,0.0112955797473949,3.61355753771987e-19,1
"19995",0.638117779681813,2.36084954820752e-19,0.0880075774658223,9.18675170074986e-09,0.0021343511287397,0.271740282536697,1.75836705389673e-13,1
"19997",0.0623137115317924,0.937308895560564,8.92810466922369e-14,7.66148206829095e-06,0.000279788720292831,8.45673353396554e-05,5.3753698534275e-06,2
"19999",0.00065668215868323,0.00102251294789293,1.15792897437474e-22,0.988561681228842,0.000787820663839677,2.85944024410831e-10,0.00897130271479774,4
"20002",1.97476441827316e-25,4.8363388621424e-60,4.37096364598753e-31,3.81623235279272e-16,0.999998907812723,1.08352692519511e-08,1.08135200715005e-06,5
"20004",0.00393360154352555,4.06547255111457e-24,0.865476269898149,5.74287435020124e-13,0.128694267221817,0.00189585957488927,1.76104460818649e-09,3
"20006",0.00624373425844486,1.80643424147248e-48,2.53495697577662e-09,4.1199400844343e-25,0.993745469587033,1.07936192043249e-05,3.61044575186866e-13,5
"20008",0.000592934566943583,4.98095829626597e-52,1.07535931714322e-07,1.87947176020626e-27,8.97599163046182e-05,0.99931719798082,1.72272262666179e-20,6
"20010",0.497774589343142,1.30504046161975e-21,0.461406691849536,7.71096450295667e-23,0.000364186917976117,0.0404545318893456,1.76468365419056e-28,1
"20012",0.000999612791321146,1.00233991814562e-20,1.20619511598807e-25,0.246928950365563,0.721935046063555,7.43095676278726e-09,0.0301363833486039,5
"20015",0.00242982519397324,4.39473126411669e-72,0.972496379458117,6.47888424166245e-37,0.00169652012403539,0.0233772752238743,1.40748091800651e-20,3
"20017",0.00353452083294519,0.988139072362858,6.82915157868604e-19,0.000117960620990607,9.83657559605635e-05,2.36951207734249e-11,0.00811008040355096,2
"20019",1.6857598325324e-06,5.16535266263981e-105,0.962449038584231,3.53073511180155e-51,0.000166032363437178,0.0373832432924994,1.423250146297e-52,3
"20022",0.376802430998355,8.24660471938586e-23,0.609781786837715,1.45412326417733e-20,0.00036678965943854,0.0130489925044916,3.5288786051285e-23,3
"20024",7.05393461905473e-15,4.83419660098326e-102,1.06351565970325e-06,2.54541831707324e-82,0.987853002493923,0.0121459339904102,2.30326029913198e-55,5
"20026",7.05393461905473e-15,4.83419660098326e-102,1.06351565970325e-06,2.54541831707324e-82,0.987853002493923,0.0121459339904102,2.30326029913198e-55,5
"20028",0.000532042928197067,0.996568468900329,1.44505000532803e-19,0.00268674484665949,0.000201270499862005,8.8692806602492e-08,1.13841321459638e-05,2
"20030",3.65465696081437e-06,4.71425117109729e-58,0.954442302648513,1.37266318868852e-20,0.0164318371537343,0.0291222055407919,5.56532885006538e-19,3
"20033",0.168018547786532,4.85299511820273e-05,3.63915328799845e-09,0.825611960114897,0.00555785025686141,0.000761918230022816,1.19002135188366e-06,4
"20035",1.48907989289102e-05,2.04362316478208e-104,0.870362541745703,4.15287745766155e-56,0.0243651278328065,0.105257439622561,4.52905802595965e-53,3
"20037",0.000470671966416211,3.58919818213305e-94,0.980590495463873,7.42645029562932e-59,9.69433666923285e-07,0.0189378631360437,1.68970599908833e-37,3
"20039",2.56061468891271e-21,1.47791359809097e-113,2.7034805744013e-16,1.82089260525415e-119,0.602066433904017,0.397933566095983,8.92758837534514e-83,5
"20041",0.975583042253051,1.00724190469341e-22,1.55505083712285e-10,1.19075465681659e-21,0.0232765920260493,0.00114036556539332,9.89992913294041e-16,1
"20044",0.251048488509852,3.47716273507635e-30,4.7683898162047e-11,8.23265707060654e-19,0.747637568612428,0.00131394283003684,2.4973548320864e-18,5
"20047",9.15773828572824e-10,1.47189702154756e-114,0.81580824438274,8.1859013229007e-45,2.33935191931015e-06,0.184189415349567,2.01142306327618e-58,3
"20050",0.0291933973010031,1.13097289081146e-37,0.00238561296712744,3.48965717714284e-25,0.000780489974550183,0.967640499757319,4.10347178067582e-47,6
"20052",0.800089154338647,0.00298836375575917,0.000509578910454857,0.0701740765860279,9.7728005181033e-05,0.126141098403892,3.79720967449982e-14,1
"20054",0.150261914550404,8.24834635637304e-41,0.810895452029101,1.81896589691188e-20,0.0112870451984284,0.0275555881954225,2.66436698070316e-11,3
"20056",4.22438035975472e-09,2.04651227732567e-22,3.64497481489466e-12,0.899051498295389,0.100650197056031,0.000298300420550257,4.36552660439585e-15,4
"20058",0.000126413021303611,8.27803407139104e-65,0.98150739650821,1.93510772342082e-56,8.21903514870487e-05,0.0182840001189999,1.57859067090145e-36,3
"20060",0.970302206782483,0.0157385821761369,1.99657809136748e-09,9.85654245678252e-10,0.0139544436618795,4.69636203526774e-06,6.80352333039032e-08,1
"20062",0.98827415935384,0.000108695766800185,9.485029988406e-07,1.05766337832368e-08,0.000729006044409155,0.0108866231967742,5.56558544089762e-07,1
"20064",0.183755810737138,1.88749487809127e-16,0.806829299247261,6.2594851530517e-08,9.17645956055894e-06,0.00940565096118865,8.0381866254947e-17,3
"20066",2.2379992904172e-07,3.16643489633319e-90,0.926010291629751,1.31599955069028e-31,0.0556765358299023,0.0183129487404177,4.4446616147405e-29,3
"20068",0.379884041133798,0.603266813162526,2.03105624416959e-16,2.04323238527681e-12,0.00210128967976208,2.75538709322503e-08,0.0147478284679998,2
"20070",0.969573201998987,0.00216228074240439,1.00348256498861e-13,2.99862674050455e-21,0.00427752440400871,0.0239869900743208,2.78017907531044e-09,1
"20072",0.123324404454308,2.19949059117575e-62,0.0207781150603904,3.51799216571682e-51,0.2351432416364,0.620754238605723,2.43179054399647e-10,6
"20074",9.87626930943274e-19,2.52680309943929e-27,2.5455300408651e-39,0.9949290742523,0.00501943562540569,5.84122720726407e-13,5.14901217096975e-05,4
"20076",0.000202930325661996,3.80070654057918e-17,8.51172902645572e-11,0.0131067492411702,0.572000140013305,1.20261393708461e-05,0.414678154195374,5
"20078",0.0615567103855268,1.60505176705018e-22,0.897008097538927,1.8225206344099e-14,3.91835720718773e-07,0.0414348002398071,7.69041622645133e-19,3
"20080",0.000552136716545586,5.19757980576963e-78,0.992138901489294,1.27089390914919e-36,1.47483193127344e-06,0.00730748696222911,1.86922916047014e-48,3
"20082",1.38721396477806e-14,8.93798864299495e-69,3.42664362185357e-06,1.8904928781613e-64,0.000219830909065038,0.999776742447299,4.07390077248867e-78,6
"20084",0.000144852475575758,4.40636542584553e-28,0.814479949085237,7.30253901265517e-08,1.69356676041093e-05,0.185358189746193,5.1151652181155e-26,3
"20087",0.461863233368244,1.46260364070634e-27,0.398184615878367,8.46885104756584e-30,8.06706819306705e-06,0.139944083683692,1.50399946528993e-12,1
"20090",0.00580399765633053,2.17121511120091e-76,0.970756882558046,3.45574582791488e-38,2.31341667904995e-05,0.0234159856188333,6.7528033674722e-52,3
"20092",2.19841954658708e-05,5.13036649445725e-35,9.33735450707266e-12,1.30297356552082e-74,0.106285226219072,0.893692789576125,1.99863340470899e-21,6
"20096",0.000217945505566654,8.87889013983601e-16,8.5263396712234e-09,6.17205287543892e-22,0.00275042896939988,0.997031616998693,6.84124918829289e-24,6
"20098",0.169403851397062,0.0102033926989885,2.61908517058449e-11,0.811630624932996,0.00860984618905995,0.00015228014794836,4.60775347065118e-09,4
"20101",0.00645898895203392,1.15893665789738e-57,0.955674743207497,2.71916131250097e-14,1.17789713727665e-07,0.0378661500507284,4.7585792683629e-36,3
"20104",2.90988360769186e-12,5.55597205041131e-25,1.5940218242326e-35,6.0337900678554e-53,0.999990050272744,9.94972433224167e-06,1.39047035944979e-14,5
"20106",0.168788765375733,3.40997640429292e-41,0.823740742974248,2.2977296127629e-13,0.000133764581137971,0.00733672706865201,1.44849042221562e-25,3
"20108",0.842952046222619,0.150724862874537,8.92478643741366e-08,0.000184634581842692,0.00447013815728131,0.00133204419524262,0.000336184720612221,1
"20110",0.00742079680864069,4.36871767143405e-14,5.3989594787643e-10,3.08286822732167e-08,0.144830850807191,0.847748321015547,1.17234028169331e-26,6
"20112",0.840750042233084,3.22452340298422e-37,0.118042044068288,1.02280716068114e-20,1.55815015886144e-06,0.0412063555484693,3.23236399843754e-33,1
"20114",0.000647732965835055,7.74314955242261e-20,0.921738652085135,9.68573481523488e-06,0.00548530004642384,0.0721186291677914,1.12896838063039e-19,3
"20116",0.0560043670145763,1.3924983439877e-29,0.839703118452147,6.50095944241119e-06,0.00726545931837366,0.0970205539452871,3.10173114719366e-10,3
"20118",0.902892366151182,0.000237708716019007,0.048477209014853,0.014630167975159,0.000344406498102237,0.033418141639899,4.78574175569139e-12,1
"20120",0.0879234878956581,4.48029328916261e-39,0.515026041137073,3.23203765563195e-14,0.165204517616019,0.231845953351217,2.59458453264725e-41,3
"20122",1.14666703558336e-08,9.53829731278492e-12,5.27981819671677e-18,0.998986306110638,0.00100841031870498,2.5271710699558e-09,5.2695672773579e-06,4
"20124",0.00550443490563028,3.49318610755286e-66,0.89625370755642,7.23449111549669e-49,1.51376883004733e-07,0.0982417061610669,7.96792898210708e-31,3
"20126",1.3138996076353e-20,1.60861539976921e-97,2.40307502518769e-13,2.31478400276796e-81,0.856398176070085,0.143601823929674,2.75680543537601e-54,5
"20128",1.7290055512268e-19,4.63172016456219e-152,1.5251317412128e-05,2.23194311133717e-91,2.80987752923724e-05,0.999956649907296,7.94524640692642e-74,6
"20141",1.24910111196671e-07,2.39614314824631e-14,8.16633203806926e-22,1.08419866642847e-26,0.999993497421169,6.37766869570352e-06,6.40589767203333e-19,5
"20143",1.73794231237379e-16,3.39119950959602e-44,6.34922333095959e-33,0.0212001804776409,0.978791294297287,4.85869582898321e-10,8.52473920218936e-06,5
"20145",0.119917498575802,7.47825579905773e-23,0.869244002498669,5.30472529006856e-17,5.5653201714576e-05,0.0107828457238143,1.53390920303622e-31,3
"20147",0.386344017902428,5.91352106059853e-27,0.607263720109006,5.37277179778174e-15,5.90687363294087e-07,0.00639167130119783,2.32400384025355e-21,3
"20149",3.82860076172844e-09,6.30663811695789e-08,1.19578841747642e-22,0.991024423863065,0.00897529792194259,9.35792066857472e-08,1.17740803944249e-07,4
"20151",0.128302738961273,0.313272552958885,6.70332813164866e-10,0.556846661871304,0.00140780186564548,0.000170194539079825,4.91334798051661e-08,4
"20153",0.00535816111054506,1.30504950932119e-11,2.50930487516117e-10,0.449443446972914,0.301911203022269,0.243287188630291,6.37893633300664e-26,4
"20155",0.921028411209994,3.97036450095347e-47,0.0720744961373381,1.47097286737717e-25,0.000128865582503585,0.00676822707016406,1.99468717133469e-23,1
"20157",0.010053788251614,0.00215655210695193,9.15212808230732e-13,0.921778244051777,0.0660097185267933,1.69684763313225e-06,2.1431596008467e-10,4
"20160",1.03051206208078e-16,9.2469741544428e-23,1.43033988472914e-28,0.999718736182209,0.000281263751839657,5.88962455709893e-11,7.05472202589401e-12,4
"20162",2.49504232500053e-09,1.31806402616031e-06,1.73938411401299e-26,0.999781797196336,0.000216308183534983,2.87051568714125e-11,5.74032355037498e-07,4
"20164",0.000356305866034619,7.27116779761706e-13,5.23453607254265e-15,0.925594729590191,0.0723652664544054,0.00168369806029908,2.83374768250912e-11,4
"20166",1.5440950437215e-08,9.13535232056024e-79,0.00868390144867177,2.03828345491154e-19,0.943648536533444,0.0476675465769071,2.68664297541001e-14,5
"20168",9.94214011464132e-20,4.56067252104429e-74,1.11059573015047e-20,3.29392639270903e-28,0.999570997014712,8.60361737659816e-07,0.000428142623550878,5
"20170",0.00112218627995271,0.000431801001034456,4.63701704154663e-12,0.996202905430488,0.00222513467822309,1.79725352625856e-05,7.04024024101129e-11,4
"20172",0.169555973443378,7.5243114296618e-27,0.817713878892035,4.20713752190042e-32,0.000176862916309994,0.012553284748277,3.78055221449449e-25,3
"20174",9.12957424016107e-05,0.321141768854313,2.40690475946357e-27,0.00296902216985493,0.00161872682752124,9.70869445145185e-13,0.674179186404938,7
"20176",4.36906476523378e-09,7.30591545260881e-52,1.8909392444828e-22,6.35660030414684e-28,0.631602435988251,0.00700590494788334,0.361391654694801,5
"20178",7.93095770161852e-18,2.36498818091928e-25,3.46923431032046e-29,0.999328350459669,0.000671649484941177,5.53727984040487e-11,1.68034316656092e-14,4
"20181",7.08854008363132e-06,1.33817794870339e-61,0.929268712674687,1.83306356424189e-13,0.0551446346201072,0.0155795641649385,1.0839802360329e-20,3
"20183",0.946917270793315,0.0212461449840726,3.60992267020931e-06,5.07527635812502e-18,0.0299838417888507,0.00184913249767203,1.34193966170217e-11,1
"20186",0.795353348494791,7.27502239492332e-15,1.96687023223185e-08,1.76839833120562e-49,0.202430926084504,0.00221567225173448,3.35002608283713e-08,1
"20188",6.68399272970042e-13,1.0013575272917e-19,2.97507114024385e-27,0.998943440344714,0.00105655892741119,5.50668729614362e-10,1.76537778769804e-10,4
"20190",0.0024207505980656,9.91084419372948e-66,0.992247383266775,1.63247759509697e-29,0.000127363798592195,0.00520450233656728,8.17437655257675e-29,3
"20193",2.21922225208684e-15,2.92639856038294e-70,3.8459552071075e-24,1.48606152618743e-06,0.937014487279029,0.0629836628378792,3.63821563207973e-07,5
"20195",0.0920222729107794,5.56232169777652e-17,1.8340134629095e-10,0.857570550205855,0.00484664282387621,0.0455605338389196,3.71686590893878e-11,4
"20197",0.574271930751726,1.52901736278069e-31,0.420728459385801,5.78377932511367e-26,1.33020940531604e-07,0.0049994768415328,1.70654708235157e-22,1
"20199",1.13399674323772e-05,9.58598005458818e-08,7.84207053101484e-21,0.996601229651946,0.00338717223229976,1.61983249838747e-07,3.05271516743432e-10,4
"20205",6.44058444712411e-12,1.63677601360823e-59,2.34525947130827e-13,7.05942836044368e-76,0.00123903186853597,0.998760968124789,4.6782416548151e-69,6
"20208",0.98146245822201,9.24214295918389e-08,1.30466442770686e-09,0.00696935813327833,0.0074926319981017,0.0040753699855264,8.7934989934373e-08,1
"20210",1.62056817749689e-07,9.38834719910149e-08,1.55516931959651e-23,0.999758531199914,0.000241177686787531,6.93359629944037e-10,3.44796492005108e-08,4
"20212",0.00632714658304551,1.32796985097e-08,9.08786334608932e-15,0.985474122000564,0.00777508179971141,0.000423636205611222,1.3136023776481e-10,4
"20216",0.0666368114085303,9.56139185983893e-34,0.872359143640122,2.21627601582901e-16,0.0600051373494822,0.000998907601864851,3.34641506744653e-21,3
"20219",0.000223534375716512,1.96237737678564e-30,0.754192232965364,2.12274013062572e-23,3.16059967845227e-06,0.245581072059241,2.31828618776053e-42,3
"20223",6.97115366604551e-08,6.4439115333835e-118,5.52431150575888e-05,1.66447550156109e-80,0.0230111136177106,0.976933573555695,5.17669409016982e-22,6
"20226",0.988268486578252,1.31155816882546e-19,3.99575641813657e-08,6.35126485989095e-11,0.00921508617984331,0.00251638722082808,3.26169567677227e-18,1
"20230",0.000379752080587391,4.16991889508063e-77,0.97720557157209,1.98404082889127e-39,4.00458272790552e-06,0.0224106717645948,5.52457359270082e-35,3
"20233",3.63223488093087e-20,6.54259454354341e-34,5.84044921442283e-36,1.38620738924964e-58,0.98672120349386,0.0132787965061402,8.30082687616161e-48,5
"20235",0.000437736509529944,1.99584487262821e-75,6.50478131841907e-06,1.26027778994922e-70,2.84885496724268e-05,0.999527270159479,1.22861144967853e-26,6
"20239",0.446940927232244,2.57770640194889e-35,0.0368914520988875,1.07556675315423e-35,0.110444149287945,0.405723442270909,2.91100149569627e-08,1
"20254",1.86709094876119e-14,1.18542880676296e-81,8.53294750346021e-06,1.41039948499449e-68,0.0010489360302016,0.998942531022276,4.11094548076053e-82,6
"20256",0.0356339256927147,2.8059297633215e-52,0.928919073357622,2.00350734938144e-44,6.13886258056591e-06,0.0354408620870824,2.33291747696791e-22,3
"20262",0.000576587657229645,0.00270897127279818,5.84221755733896e-13,0.996351936073527,0.000362245681872138,2.56380506163821e-07,2.9334830981413e-09,4
"20270",6.35552336226822e-05,1.90507687592026e-49,9.20150545950153e-05,2.30886892307668e-18,0.0975217080685166,0.902322721643106,1.5956790512223e-13,6
"20284",0.0109840931811516,9.48155536177418e-12,1.42324403069911e-08,1.0102695261672e-30,0.79295932035802,0.196056572218907,1.07901105989063e-31,5
"20287",3.88313387223882e-05,1.89340737283626e-109,0.922924948381744,3.15492357720916e-60,0.000113916123448346,0.076922304156085,4.29577944282125e-35,3
"20290",1.09760300380491e-07,1.61506959748837e-38,3.11341188396652e-11,2.31041584428152e-34,0.901581933698507,0.0984179565100582,1.29371711153279e-58,5
"20293",0.191868266526288,1.10162258536145e-15,0.777901941553903,3.26324128631005e-18,0.000201808724411501,0.0300279831953966,2.47615573468017e-19,3
"20296",0.0090213311310615,1.33704858081864e-07,1.72242622709237e-06,0.123342042481543,0.155048383997893,0.00017637298033691,0.71241001327808,7
"20301",6.77772961614376e-10,9.18701353663707e-143,0.00689564090352668,1.37795912590847e-36,0.000157606762595625,0.992946751656105,1.39656074329013e-43,6
"20304",3.14687473867069e-14,4.83280914612278e-61,3.34744795783012e-06,1.17678140476112e-64,0.0096052507156181,0.990391401836393,2.41906999090757e-69,6
"20306",0.000103543172396705,1.35403647472676e-69,0.93315774920005,5.12848473346548e-54,5.26511186728424e-07,0.0667381811163662,9.64611175704942e-39,3
"20309",0.982202639809574,3.91113039547782e-21,0.000723029002307459,3.53778600618376e-17,0.000610343490069013,0.0164639876980494,2.0640440725244e-22,1
"20311",0.000443196567654994,9.74766722457446e-36,0.908221537234065,1.65245302101705e-15,0.000288960831145149,0.0910463053671334,7.34207061802144e-20,3
"20314",0.297209240952618,0.269843562101474,4.91581478464365e-06,0.42942091517565,0.00118288359310082,0.00233848235641892,5.95421609870892e-12,4
"20318",1.13041871931229e-15,1.09408228566755e-41,4.04727334887141e-19,0.00847660459271027,0.991521488784846,1.90591650001933e-06,7.0594239997863e-10,5
"20320",0.458912497233113,3.84118099392986e-13,2.33614895053761e-14,3.05947913558528e-17,0.540283174925682,0.000804327840794385,3.16735084535018e-15,5
"20326",0.858983326417733,0.0595798534021322,1.58935561852968e-05,0.0296296966704997,0.000811927282969545,0.0509793026699914,4.88983209565353e-13,1
"20328",0.884882067166675,5.74519562038213e-12,6.28757729319712e-11,4.60990620016943e-33,0.112226991012064,0.00289094175262901,1.07870486565665e-14,1
"20330",0.672125505004295,4.14450641277901e-47,0.0198026431355907,1.10483176006817e-34,0.0276197565051289,0.280452095354986,6.99323368206404e-23,1
"20336",5.9728250830596e-05,8.07761179788307e-21,2.03497440517363e-05,5.57878119128419e-46,0.211813272359874,0.788106649645244,4.83635835920352e-42,6
"20338",1.3321655394146e-06,1.80528113329966e-37,2.25302159500839e-05,1.82940750498725e-29,3.42916960664595e-05,0.999941845922444,1.11091129590317e-47,6
"20340",0.000117099797750084,2.34113556465387e-81,0.760727792992975,1.05593047925892e-47,0.000777455535772492,0.238377651673503,1.98151363599062e-35,3
"20342",2.71182984539859e-23,2.29254436804098e-84,1.10994135389852e-29,8.63792379617616e-55,0.33139188250009,0.66860811749991,2.04260479787222e-42,6
"20344",0.0289940189554181,7.13822639047783e-41,0.884550007415941,1.13591341163776e-34,2.73343813816402e-06,0.0864532401905029,7.78617079820992e-27,3
"20349",0.000371272101859057,7.85089634708263e-59,0.970675149381757,4.78150395125977e-46,2.28892696141361e-06,0.0289512895894225,8.18377848843286e-28,3
"20351",0.911546290841808,3.28488380381696e-21,0.000794417192416284,2.60353903171651e-17,0.0854441377326367,0.00221515423313876,4.68861289267363e-23,1
"20353",0.744148987936741,3.16375089451195e-61,0.0377113058008835,1.46165699627066e-41,0.000140566009789109,0.217999140252587,3.84752328773389e-38,1
"20357",3.93947022796276e-11,2.56519121696519e-68,1.59051282268917e-09,9.52706670074569e-87,0.128120339771597,0.871879658598496,9.44196460902582e-68,6
"20360",5.47088714999952e-10,2.73926923687861e-82,1.38291122675841e-22,4.97494538435726e-69,0.0178473576941436,0.982152641758768,1.9403059861009e-31,6
"20364",0.816290555663588,8.44543229240321e-24,0.170109936248379,2.28953499511472e-19,0.000611565465524004,0.0129879426225096,6.25915948147877e-27,1
"20366",2.86907280702096e-08,3.30797070577081e-30,3.18760557701785e-13,4.44109653948521e-50,0.993992572511573,0.00600739879738026,1.51101533467718e-46,5
"20381",3.89995983528808e-12,2.06009994924039e-17,5.25069139663055e-35,4.30332445498770e-12,0.659813767618923,2.07039972527361e-06,0.340184161973148,5
"20391",0.00116501555912462,1.14907038603814e-36,1.34489069417796e-10,4.57824698210333e-71,0.992159532226165,0.00667545180319916,2.77021615428442e-10,5
"20394",0.966063898894427,0.0123469396877165,5.84449880139168e-13,9.75943475865238e-10,0.00532972260924564,0.000592282158648063,0.0156671556734348,1
"20396",4.30813242445119e-06,5.94582827823377e-06,5.76830529273866e-36,8.22671741171532e-05,0.00111727709871582,1.95817049771044e-13,0.998790201766269,7
"20409",0.00819984183374019,5.00978225892892e-17,0.126556995193541,6.61498618012989e-05,0.00145576207217446,0.863721251038743,6.27347157463808e-18,6
"20411",0.00803208871034475,2.51039574352407e-47,0.93136327103843,2.06683381572637e-55,3.40705636556912e-06,0.0606012331948595,4.75127728283848e-40,3
"20416",3.73016314869219e-17,6.79493334238593e-132,8.96414204797161e-06,6.26519824422121e-111,0.00130040621135108,0.998690629646601,1.52000177030868e-79,6
"20418",3.04378744576799e-08,2.44323146205493e-07,7.12181214628997e-37,0.00187261497251979,0.000221010139894725,1.17637047860232e-15,0.997906100126564,7
"20420",5.40751600648149e-13,2.57538507161749e-24,2.39023154949382e-30,1.36044007861286e-47,0.99999836851512,1.63148433920488e-06,5.31755501993974e-39,5
"20422",0.0307151507645835,1.15078015786722e-63,0.659397595350332,1.26298202890915e-23,0.292591097890714,0.0172961559943706,1.8512396760258e-31,3
"20424",0.206800140205493,5.20863960799411e-47,0.66677083581528,7.21345561109185e-48,0.000652052036802949,0.125776971942424,3.76803438806801e-37,3
"20426",1.35529685899892e-25,1.411242425212e-74,1.56986718084252e-31,7.23825172995337e-48,0.991703382732476,0.00829661726752377,4.57173650863043e-74,5
"20428",0.957978492649345,1.31813870768619e-21,0.00705222378072273,1.48292621359766e-20,0.0006320024078996,0.034312436615217,2.48445468157576e-05,1
"20431",0.914211827827391,5.83493467439933e-27,1.03611256278441e-09,5.10359301075021e-06,0.0104425080470897,0.0753405594963963,4.06202411635853e-23,1
"20433",2.14948137819637e-07,3.76978004460935e-109,0.00055282678024809,4.50338992260257e-55,0.000150811434642555,0.999296146836972,5.02397398729025e-21,6
"20436",6.13251237737659e-10,5.2602318179517e-69,1.13694241218979e-14,6.57321866869348e-32,0.985900874826659,0.000928794237028604,0.0131703303230499,5
"20439",0.000116159480934223,0.693717223595926,1.03863865150337e-26,9.22131508244887e-05,0.0167290249739345,8.58587804771728e-09,0.289345370212503,2
"20441",5.50933171964317e-07,1.21684032790539e-50,1.61306188162775e-12,1.35265354675651e-51,0.0644264215474857,0.935573027517729,1.34777415047649e-57,6
"20444",4.82794523527463e-14,2.9898638643445e-13,5.16524608321242e-29,0.999343752036223,0.000656247639803641,1.73180241615236e-11,3.06307611811541e-10,4
"20448",0.00143753346783307,7.46629601113516e-14,7.32869242758973e-10,2.98580215639257e-09,0.135139482991236,0.863422979822183,1.39895496352928e-15,6
"20536",0.0166680590973493,1.13521635361578e-05,3.46565563930448e-20,3.77101528651801e-21,0.0026881946519511,3.09044968006644e-10,0.980632393778118,7
"20538",6.22329732603253e-07,1.49191385556454e-30,0.000496718880047254,1.8347528103789e-53,0.0186971803752571,0.980805478414963,6.59404219354988e-34,6
"20541",3.53848527473918e-05,5.32754577070851e-74,0.981748828756895,5.46523155855302e-50,3.80196000493476e-06,0.0182119844303526,1.08166602559532e-56,3
"20544",0.741876884022859,1.95035666492196e-14,0.188531836364537,2.51863336560397e-12,2.03165612536622e-05,0.0695709630487813,3.08990850366241e-14,1
"20546",0.0283766584394854,8.13891546308849e-37,0.95094325077862,6.68426149800158e-42,0.000607285453156994,0.0200728053287377,1.40745407883901e-33,3
"20550",0.904625689143866,1.02181368030475e-31,9.80537339213334e-10,5.04736712847766e-18,0.0952378237546765,0.000136486120920297,3.80709881954481e-18,1
"20553",2.43244629979524e-32,3.95533342365938e-186,1.08380425294185e-12,2.1787592661092e-83,0.052366193467536,0.94763380653138,1.1469025625582e-88,6
"20555",1.39252883678756e-14,5.5753897640198e-35,4.86939203369784e-31,7.77181127912964e-76,0.999132246576811,0.000867753423175493,2.21863504839516e-45,5
"20557",0.943720896116673,2.85704161119332e-25,8.35573680557101e-08,6.60358855524011e-16,0.0039777729355422,0.052301247390416,1.337212678249e-30,1
"20559",0.116817232223461,3.33325845905929e-35,0.872263203603176,1.90917365199143e-17,5.67902269179883e-06,0.0109138851506703,2.71142803382861e-25,3
"20561",0.00603571066603335,3.2155933973328e-05,8.80601519159869e-11,0.986518972671943,0.00741079577450196,2.36416476498058e-06,7.00723663024712e-10,4
"20564",7.93095770161852e-18,2.36498818091928e-25,3.46923431032046e-29,0.999328350459669,0.000671649484941177,5.53727984040487e-11,1.68034316656092e-14,4
"20566",0.784497443760666,8.43777796012117e-22,0.146973746553006,1.27921994057845e-12,0.00564711790910978,0.0628816871918141,4.58412504585438e-09,1
"20569",0.00153618924940149,6.36282099015625e-05,2.14126099444761e-20,0.99511698021373,0.00227278875160721,6.73140978810785e-09,0.00101040684395006,4
"20572",1.67181000041234e-06,8.09171295426901e-11,1.62322395166542e-20,0.937995466615887,0.0271980489603148,5.76679460263499e-09,0.0348048067660863,4
"20574",0.0537125626786393,3.38080543987558e-46,0.941477644893613,2.33945657531782e-20,3.27070280663073e-08,0.00480975972071996,1.52489852594567e-37,3
"20576",5.25523467844181e-12,4.77905236194497e-21,2.23315933949526e-21,0.999193603428532,0.000806396012076022,5.46751106349418e-10,7.38597325554976e-12,4
"20578",0.95367210040283,2.27149505668098e-12,0.0419452896124854,2.97935749680865e-07,0.000713298332228822,0.00366901371442283,1.19475461469372e-14,1
"20580",0.479151241239983,4.94295318399465e-14,0.47543902073187,5.94185211722011e-13,5.96278081300278e-05,0.0453501101594003,5.99724882506943e-11,1
"20583",1.19646857633079e-13,9.84077056032423e-20,9.48616499482796e-23,0.999592766794394,0.00040723303895579,1.66322641724837e-10,2.08099222266046e-13,4
"20586",0.219878403322547,3.05395613760053e-20,0.753455565933688,1.69473155484561e-27,0.0089372035928647,0.0177288271509003,9.69887529518743e-20,3
"20589",0.111590308518327,2.07192415045026e-58,0.870313610241113,3.04482571152735e-48,1.33966608114882e-05,0.0180826845797484,2.36929046590523e-24,3
"20591",0.193254400143962,1.30644883949857e-15,8.02310351377167e-19,2.56569617821765e-37,0.805571668193446,0.00117393166259114,1.01723786784702e-20,5
"20593",5.85185828540937e-05,2.18476061530968e-120,0.896980552490685,2.89562734849866e-45,9.32937562037181e-06,0.102951599550841,6.99320493289681e-38,3
"20595",0.271804181309815,1.21579559139853e-28,0.712898448472744,1.33435585419459e-15,8.90303388567421e-06,0.015288467183554,4.06856029168297e-25,3
"20597",2.31777633185434e-10,1.26947349689938e-14,7.22444370736813e-38,2.56106374533003e-28,6.912956763694e-05,7.0984595295882e-17,0.999930870200573,7
"20599",6.13090830853349e-17,3.08281817999944e-27,2.45498693406466e-27,0.999396646799722,0.000603353129679623,5.61000383854054e-11,1.4498218768049e-11,4
"20601",0.233639773627006,0.765165354638256,6.12787453389859e-10,2.35950610039433e-08,0.00110697588462393,8.77615965660477e-05,1.10045699263853e-07,2
"20604",0.000409084287349815,1.01266478904256e-74,0.988614775667648,1.21318200161034e-27,3.26152033389539e-05,0.010943524841663,1.03194603491195e-36,3
"20606",0.00313309724349701,4.44786384950209e-65,0.987539765822716,1.21436541894739e-33,4.83181137705973e-06,0.00932230512241009,1.62422385071224e-31,3
"20608",0.576040001041037,6.61807010662838e-50,0.397085272552625,3.19398121145421e-26,7.7487507705855e-05,0.0267972388986326,2.52798658919561e-17,1
"20610",2.26191795732951e-07,1.77814631161258e-26,2.14369871588862e-20,0.987655233376964,0.0123436008423868,9.39588192634337e-07,6.60933013561695e-13,4
"20612",1.07616610756255e-24,3.900812965852e-87,6.64434131547999e-21,1.3254345774265e-65,0.999677518036639,0.000322481963361374,2.88924898930672e-23,5
"20614",2.76567158041829e-07,1.18631154001458e-07,1.97561106845691e-22,0.999359934295541,0.000639660020306954,1.03964619383765e-08,8.9377841425631e-11,4
