"","V1","V2","V3","V4","V5","V6","V7","V8","V9","best$classification"
"19811",0.00609148078595682,0.0548692833885145,6.45422408612501e-17,4.73595449745824e-05,2.28488322800784e-12,5.63021107285672e-10,0.116040840307187,7.33809113622599e-41,0.822951035408061,9
"19813",0.00134852027641487,1.08029293241496e-11,2.6106375047766e-31,0.00145575732528192,1.78521130161265e-30,4.38677215789124e-61,2.59075212406906e-30,1.61498141969059e-145,0.9971957223875,9
"19815",0.000284853844993874,0.944086702270715,9.77928958756181e-07,0.000922730871743297,0.00932449232603832,2.50011012562193e-15,0.0453802427560527,9.45728181371952e-114,1.49503395396427e-12,2
"19817",0.000183895713354113,0.0289405175444925,7.26605844506863e-13,1.18979567039544e-06,4.24674641561776e-05,1.23457809198003e-05,0.970819552892964,2.83371703835864e-36,3.0807716067628e-08,7
"19819",0.000162068412636432,6.21878183185593e-09,0.5461802693957,0.0931748607080347,0.360482795264847,1.20412654836086e-41,9.83328650191438e-74,4.04687080430056e-191,5.86009667869232e-72,3
"19821",0.124353466037207,0.163023995702298,4.40157672191084e-11,0.0158705845922674,7.00754328433364e-15,1.40754953153275e-08,6.41056638761082e-06,4.32486758340631e-35,0.696745528982322,9
"19823",6.78563364272233e-08,2.98800433553528e-05,3.36715194835851e-13,0.077220838660577,0.922748332181924,1.2302808861717e-23,8.81257470521408e-07,6.81235817255538e-115,1.70541813380571e-30,5
"19825",0.10112626749173,1.37796566703718e-17,6.36343190878e-17,0.89887373250827,3.28462411361799e-24,6.52053137387296e-28,6.24673783203768e-79,2.6215180914073e-72,4.03998573095951e-24,4
"19827",0.000166244339407054,0.00216954467509224,6.84801878174117e-08,0.00201160122851861,7.73126786346188e-05,0.969833835533302,0.0257413930648522,5.39268889281861e-15,3.14182088490979e-16,6
"19829",0.957618349063128,0.0225214983478234,0.0197195225693158,0.000140629685701791,3.32873393436e-10,1.15767546240678e-12,2.12449971259603e-45,6.90876257174541e-42,3.11066271278555e-24,1
"19831",0.00779637290388812,1.76637856410497e-09,0.818581287016039,0.101685310546306,0.0719370277673879,5.87324343663291e-61,1.15044888001302e-70,3.24173883140766e-259,2.13925736182715e-41,3
"19833",1.06704086871258e-08,5.96423331349671e-38,1.96207052367645e-47,0.999999745224305,2.44105286118935e-07,2.97284814943271e-113,6.00996722631041e-110,1.60029803453447e-190,8.69587985812023e-67,4
"19835",0.124353466037207,0.163023995702298,4.40157672191084e-11,0.0158705845922674,7.00754328433364e-15,1.40754953153275e-08,6.41056638761082e-06,4.32486758340631e-35,0.696745528982322,9
"19837",0.000100513083582464,0.0197421223472169,1.96333406923935e-07,7.61088233625879e-05,1.49713232057592e-06,0.81569234052267,0.164387221594337,7.22862099762437e-18,1.63103328401303e-10,6
"19839",0.998153666954578,0.000224842490331543,0.00162067369617347,8.13187609916338e-07,8.054516013226e-19,2.84996916509213e-12,3.95065804927495e-44,6.74964871327265e-37,3.66845720865605e-09,1
"19841",0.165210225953625,5.21535796142539e-20,1.746097292022e-21,0.496603902350422,2.1054004182667e-30,5.72887952605374e-05,1.56211239589569e-59,0.338128582898784,1.90913183470656e-12,4
"19843",0.979851742504197,2.49053838335843e-09,1.67889857365831e-05,0.0201314660195259,2.276318988646e-23,8.69283966360186e-92,3.62807145548863e-99,7.21504800875502e-308,2.69821471552599e-15,1
"19845",5.12625117655642e-05,1.14889842730884e-05,3.08411070770602e-30,0.00256202620250524,1.43589232692916e-18,2.01633738718278e-47,2.90199924295068e-12,7.15003045984826e-156,0.997375222298554,9
"19847",0.009159506992773,0.979423049922634,2.78023625438918e-09,0.0113894335599098,1.14077856521986e-07,4.32104946374571e-26,2.0550742210995e-08,1.62617187985314e-147,2.78721158479026e-05,2
"19849",6.90082270224623e-06,1.98092616735852e-13,2.349481879523e-36,0.000643567984580114,1.823780271692e-31,1.10254929428037e-56,7.00109131856285e-25,3.15646674460782e-141,0.99934953119252,9
"19851",1.45874590368765e-06,0.00446742716987988,4.91672510388798e-15,4.27434542971572e-05,1.10830081103946e-05,4.99928385228169e-09,0.995477281604079,2.21910319129767e-65,1.01844103745819e-09,7
"19853",1.22461205211365e-07,3.72578754668984e-06,4.19780396266915e-37,0.885799361549163,0.000847596615155232,3.46234872272831e-28,0.11334696270727,5.92498687044565e-92,2.23087966007168e-06,4
"19855",0.000404924000001312,0.00680422255378487,4.48072083475865e-26,0.00076391338991747,8.16081746806634e-06,1.15889195481432e-09,0.991954049216323,6.36876419997349e-30,6.47288636127766e-05,7
"19857",0.136199167594053,0.737956923133218,3.15801063918191e-09,1.11808361756491e-06,6.44951233593156e-12,5.50611272510049e-09,4.96031592287776e-05,1.53763025686485e-35,0.12579317935931,2
"19859",0.0552269737561066,0.718664010242752,6.4479072870374e-09,2.89350717589636e-05,0.00103437503817804,0.00113532651201874,0.22391037138576,1.35476765256598e-25,1.5455184718471e-09,2
"19861",0.000525699327739893,0.0313723054542885,3.51454800957167e-19,0.00264452742312462,2.93627332991767e-11,1.57134172074201e-18,0.590787641330422,4.2417262815883e-81,0.374669826435063,7
"19863",0.00134115775544185,9.44969193455795e-24,2.04453095803681e-47,0.00033927165345584,1.87886555936466e-43,4.33709830788799e-27,3.71227757696305e-40,2.58189336668984e-21,0.998319570591102,9
"19865",0.00302861664438362,3.24105418642167e-08,1.32098688516357e-18,3.37723934474992e-05,2.87750263126577e-16,0.0901653250934345,1.24251976563606e-10,0.906772247828413,5.50552718376381e-09,8
"19867",0.000179385837312584,0.985923921440837,5.46815183326123e-12,0.0134351224396672,8.40929585280076e-08,1.17635588921665e-29,8.65736745623221e-05,6.67206612325565e-170,0.000374912509193816,2
"19869",0.000114031833139638,7.36252499540405e-09,3.476494208877e-36,0.00590875231773174,1.78099937843593e-24,8.42562951324076e-23,4.94740324914372e-09,7.15690994399863e-50,0.9939772035392,9
"19871",0.00845694778996395,0.434310881285439,4.63203354850492e-07,2.35424175236372e-05,0.000667472089076812,0.0596485882308302,0.496892104959041,7.89935251333892e-18,2.47703861792803e-11,7
"19874",0.0189454735928672,0.000304705902473279,6.91166935088265e-18,9.06108427520691e-05,1.92299213712588e-07,0.000878346064010198,0.979777819171189,2.8513919058545e-06,7.35588336280591e-10,7
"19876",1.29526924326962e-05,1.9860443964447e-05,1.45473874623811e-22,1.5920862639266e-05,2.56927839281599e-12,8.43107509389023e-07,0.999832770982013,2.3230607270329e-11,0.000117651885640849,7
"19878",0.813279169175963,0.185609723882688,8.63215765304833e-09,0.00111109579209621,2.51709565833547e-09,4.69601810077784e-42,1.74560780796772e-49,1.25974284560214e-135,1.1433870908216e-22,1
"19880",0.000223774859570106,7.34755855723223e-12,7.18929307920964e-28,0.000178886200048079,1.65608577933871e-18,0.692783377422965,9.14323323893497e-11,0.306813248173187,7.13245450124186e-07,6
"19882",0.00533325404786892,0.00145730492055206,2.72398339836735e-28,0.0244704281876365,1.25485841158997e-13,2.54543835953084e-30,2.73341186640674e-08,5.3794229761934e-99,0.968738985509698,9
"19885",0.00325682218733468,0.473711728111021,5.0037216419264e-05,4.69535637421461e-06,2.05436488826795e-05,0.000137512930866564,0.522791490888272,7.73413081475704e-47,2.71696608295795e-05,7
"19907",0.00374952024902667,0.70638889819797,7.12572697247904e-19,0.0705788019638944,2.27630836507464e-10,9.22949970198012e-32,1.1627878605163e-05,8.32718126213289e-141,0.219271151482873,2
"19909",0.0121971146979325,0.0872308694923812,0.899970497580269,0.000601517727378869,5.01196918242824e-10,3.01261085853544e-26,7.81780066092212e-33,1.97963314818388e-146,8.42076939153393e-13,3
"19911",0.60257544623695,0.000728098932927442,0.396031504819263,0.000664922996717757,2.7002728056185e-08,1.14135478492132e-11,1.33209807816775e-31,3.77688909063731e-58,1.3610094127124e-16,1
"19913",2.33701446278507e-06,8.05828988331458e-22,7.34031691919046e-28,3.14072998684458e-06,2.56830637910779e-23,2.56543798704191e-07,1.36498169727621e-29,0.999994265711752,6.43205519675545e-17,8
"19915",4.50540086327624e-05,0.000163697346681786,4.79876840821601e-17,2.3946521663527e-05,2.39331511464969e-07,0.999394675462217,0.000372224276875325,1.63046509566019e-07,5.90867205835273e-12,6
"19917",0.0303272344638925,1.39147070854602e-05,1.3863446281405e-11,4.36831765080622e-06,3.98806290612900e-11,0.96965323191662,1.07132078470174e-08,1.23735182496173e-06,2.47597410833621e-09,6
"19919",0.00447552586957417,0.0389208779795853,7.78012533949358e-11,1.43769130918016e-06,6.52207983476531e-05,0.815157601733674,0.141379333010179,2.81035780988485e-09,2.91717066578323e-11,6
"19921",4.17439223462016e-05,0.0578234014234075,3.97888706125034e-12,4.8154904396698e-05,1.37709952480991e-06,1.1934483270627e-14,0.942021839727751,2.69658119527201e-93,6.34829185832587e-05,7
"19923",0.0858602754121668,0.913501731402638,1.60610272708695e-09,0.00049836459122998,0.000139626987862196,2.91390866628074e-42,1.87046771257308e-19,2.05368345698076e-176,6.98454543154609e-19,2
"19925",0.00166381742910276,3.9764655211061e-05,7.95057100359804e-16,2.02070823450294e-05,4.39614108238062e-09,0.998083850916382,1.37827294406705e-05,0.000178572756051983,3.53243043170632e-11,6
"19927",0.000126153530570193,0.368261437097028,3.93182710014392e-12,0.000234756395455544,0.000212857306706907,2.06645328902505e-10,0.631143075750212,1.09534378073586e-59,2.1719709450407e-05,7
"19929",0.00108250309350308,1.63821093009125e-24,6.1346874288568e-42,0.00312768310341929,2.83098487540073e-41,7.8787179690413e-20,8.71844127879301e-29,4.76920565873846e-15,0.995789813803073,9
"19931",0.000849769513731564,0.996828171147164,1.17689521738867e-05,0.00106112375940861,0.000807802181813794,1.5567817228649e-07,0.000441208476716772,2.94812184870872e-66,2.90819403411954e-10,2
"19933",0.000208328373957681,0.227648345199145,0.769947419329663,0.00209426889930631,0.000101597430863552,4.07670629389775e-08,1.87844558240258e-15,3.68160854312287e-87,4.58744142501722e-21,3
"19935",0.0878981423479267,0.890599291598762,0.0112721866888382,0.0096751990230669,2.927789462695e-11,2.18253764126303e-13,1.78204136828664e-13,9.03909954585738e-104,0.000555180311731648,2
"19937",4.4570308076768e-06,0.109720459451274,1.65466187893921e-10,0.00043230703345001,0.00144432524478827,3.93931845437802e-14,0.888398451071547,3.67858883991172e-103,2.62752085259481e-12,7
"19939",0.0430393578208835,0.955802897621608,7.89964299719074e-14,0.000103383522052522,0.000727821011450363,2.64928425642193e-12,0.000326539782304837,1.01972120651448e-52,2.38973074489417e-10,2
"19941",0.888000952551228,5.05925852615443e-07,0.103170750806909,0.00882778800539824,3.04369166515607e-16,2.71057069649906e-09,3.31661848815059e-42,1.54633794570386e-45,4.12731371621395e-14,1
"19943",2.01530331093748e-05,1.99028303736905e-12,4.82169890064116e-24,2.74323844026502e-06,7.61505870369205e-14,4.73921268423799e-06,2.35724513115621e-11,0.999972364490127,8.70455773916501e-17,8
"19945",0.00260000888037043,0.147127731052813,0.849836620062787,3.15163753145441e-05,0.000404123578877727,4.98367724317936e-11,1.60033665600423e-17,3.4923939027553e-103,1.06715390559648e-21,3
"19947",0.999221336529021,3.78021585386366e-09,6.21943039322197e-16,0.000778659690699019,2.46089116716834e-18,2.25346301199151e-18,5.34258925839157e-39,8.36861845514771e-31,6.42265883867703e-14,1
"19949",0.00764825958398442,0.989031748467347,0.000116917081241709,0.00222686855361199,0.000976206313815234,4.95868257499464e-33,6.16057560945538e-20,4.17305815773256e-191,2.80027589908606e-24,2
"19951",0.640142074462871,0.293012968162327,1.51504836328554e-09,7.57113709753964e-05,2.51823324533999e-07,0.066768990799913,2.09908190771894e-12,4.48119149024849e-10,1.41532338357135e-09,1
"19953",5.57912249504147e-08,5.24675740459303e-10,0.000531360501572204,0.0377324543860452,0.961736128796482,3.79588885663522e-70,1.10080364633287e-56,0,4.53495554068602e-54,5
"19955",0.99288379792222,0.00575972767149833,0.00127812094720059,9.23243736260556e-07,7.74302153446821e-05,2.7182751283176e-51,1.88975544987292e-46,2.34105514070527e-188,4.90383225409557e-24,1
"19957",0.994939596928064,3.21601985773453e-05,2.98748095119902e-13,0.00220509579389129,0.00282291066240266,2.27906678478045e-07,8.51007664641708e-09,1.06257815699324e-14,2.78862067374822e-17,1
"19960",0.994683589823984,0.00505159481692665,3.71320425003243e-05,0.00022768331642166,1.67318429676664e-13,1.04425862277364e-31,7.54038893422136e-52,1.34817105595249e-107,3.78712910419222e-19,1
"19963",7.724130418157e-08,8.17737923995995e-35,1.58569935329998e-27,0.999999922476651,2.82044477526335e-10,2.08150737823947e-36,2.26017419511223e-64,5.26625585823152e-63,2.38098220046904e-44,4
"19965",0.654524116606023,0.34215015668168,0.00332223962897751,3.48691254157035e-06,1.70778384204611e-10,3.76780020595787e-64,2.10567581850492e-69,5.82686256712564e-206,1.44656652084673e-19,1
"19968",0.876045054842352,6.77084722775984e-09,4.98724197774687e-14,0.0258385474165866,1.34337335963226e-34,3.26476375321617e-07,2.34806455182684e-28,1.01483233713901e-16,0.0981160644937888,1
"19971",0.0147044249395165,7.01046123191844e-24,4.30816913058989e-24,0.98529557505857,1.91335934991339e-12,5.26508790482693e-23,8.00031136911699e-85,1.3184577202371e-18,1.29202970199341e-47,4
"19973",9.49413717193093e-05,0.0114856307843283,6.41713974828118e-11,2.28768904966255e-06,1.20452742880135e-08,0.00435884444850146,0.983892615182669,8.88031924059259e-23,0.000165668414286962,7
"19975",0.0796291483322249,0.000169332999070504,6.91583323626267e-13,4.35008225382974e-05,6.46291071656702e-15,0.920094719563169,4.56222683011418e-10,2.08622729828714e-05,4.2435553093527e-05,6
"19977",0.9960356060417,1.96483698889674e-15,6.36067672563341e-28,0.00396439394483894,6.76879129785991e-17,1.35659159664966e-12,1.41098617044821e-56,1.210273244283e-11,1.42697094102435e-25,1
"19979",0.00684279386403841,2.42529977797613e-06,0.992045043864034,0.00110954092427271,1.96047876647348e-07,5.64314709621281e-31,1.61475707140785e-91,1.98340605099224e-130,6.94919267967787e-57,3
"19981",0.00459658148544469,0.995006192102737,3.39628356230967e-05,1.47422053442243e-06,1.89706158143391e-06,3.02951336816234e-12,9.99421340499683e-09,4.57972794724008e-68,0.000359882296836314,2
"19983",0.0132363622377364,0.986750643345946,9.28397902957387e-10,6.61462299610084e-07,9.35294347713324e-06,5.83412165917439e-22,1.23086915127604e-06,3.21675087732624e-101,1.74821299143356e-06,2
"19985",0.00526277516980373,0.000173828415362925,7.4351464600539e-21,1.82028266427763e-05,2.44603469631488e-10,0.161295265282797,0.788106695351983,0.0451053360346383,3.78966741689509e-05,7
"19987",0.00810542817151931,0.405865157535759,0.0081278593579279,0.0170384443719674,1.78062659243641e-05,0.560844017307653,1.2869892359378e-06,8.70985209994709e-32,1.32755985074373e-14,6
"19989",0.000119470284793649,3.530574716683e-05,0.981093719531872,0.0171916282320122,0.00155987620415554,4.40138228357454e-51,1.99237341783236e-73,5.68768438701382e-297,1.06300337488123e-53,3
"19993",0.0231563246041492,0.976270945305509,0.000428550947676957,0.0001109749982333,3.32027513524496e-05,1.39307904482108e-09,1.17947165298505e-25,8.79597241846817e-40,3.62441291329585e-23,2
"19995",0.106258717707785,0.517514513524783,0.372233523062805,0.00399318872695363,5.69191100755306e-08,5.78662687470661e-11,1.70346436444423e-22,7.29051421704219e-80,6.96693457767528e-13,2
"19997",0.000498159342255122,0.043629524075011,7.9064838287049e-12,1.68177266406266e-05,6.40100112861053e-07,0.00101976783648792,0.954826245693861,5.38017878087874e-26,8.84521772514257e-06,7
"19999",0.000534559853989805,0.000499290352221324,2.21237818696097e-21,0.000131086972204193,1.84427911001019e-10,0.997578257247565,0.000911510478025281,7.93411106558939e-07,0.000344501500460128,6
"20002",0.000115465491597173,1.93297848963386e-29,2.8319691549873e-27,0.999884534388966,6.6370919711225e-37,1.87610861725645e-26,1.60642657016003e-67,5.48908633451723e-50,1.19436787528443e-10,4
"20004",0.0106061018343995,0.00165392961350245,0.926771830214108,0.0609681382872619,7.71749794568331e-12,2.00059988827114e-12,4.63945650448113e-30,2.83618521280445e-105,4.10100099228055e-11,3
"20006",0.999369894486533,0.000600941194593183,1.84033822181397e-11,2.91642922761365e-05,8.19479715314964e-12,3.75104255634591e-40,1.63755776484938e-47,5.75503519328002e-94,2.83979650924874e-19,1
"20008",0.995153636273814,0.000396792251096608,9.53757837709914e-06,0.00444003338871421,5.07998196065454e-10,1.405192229346e-40,4.65963559450578e-56,1.80737710113926e-152,9.96337311296818e-23,1
"20010",0.0180678021391373,0.606609160759488,0.347628015445797,0.000258818266099979,0.0274362033894772,3.54119017468205e-23,4.05798705719756e-24,8.95783610410176e-142,2.71112479502418e-36,2
"20012",0.984087970968942,0.000114566921074964,1.35456219922315e-25,0.00893531014425346,1.00051103297999e-17,3.42835073686009e-06,2.1570529158973e-19,5.76382170019154e-07,0.00685814723282249,1
"20015",0.0314423310202597,0.00186851577227744,0.966483712401857,0.000205440805605084,1.05513782998962e-15,1.3436508441206e-51,4.57737936826647e-82,1.15229339086542e-227,3.04805696437189e-23,3
"20017",0.000260284269337067,0.0027906344469285,3.44879540507498e-19,1.71735213490279e-05,4.98553825074760e-11,2.2783490192466e-06,0.987169072492838,4.78230434557263e-21,0.00976055687067277,7
"20019",0.0045957205095352,2.58935846461286e-07,0.991979068547611,0.00342167856360462,3.27344340229018e-06,2.30269448852588e-62,3.0125937708116e-117,2.02256831826461e-244,3.72390076664469e-69,3
"20022",0.00859358003493386,0.4577665438719,0.531544828906834,3.25362757893741e-05,0.00206251091054249,1.70942199215127e-19,2.44114769659012e-26,1.11877133700472e-133,1.92436068235352e-29,3
"20024",4.69366445409549e-07,4.80379304595315e-17,6.16107714952168e-07,0.999706017550042,0.000292896975798195,1.71248819875354e-100,2.61183838894035e-116,0,4.4489060974607e-74,4
"20026",4.69366445409549e-07,4.80379304595315e-17,6.16107714952168e-07,0.999706017550042,0.000292896975798195,1.71248819875354e-100,2.61183838894035e-116,0,4.4489060974607e-74,4
"20028",2.19447264653759e-05,0.000415795056753541,5.67164466459727e-17,0.000135199553843026,3.07156630770299e-09,0.0123954044388464,0.987022995932483,3.95500932998139e-13,8.6572196466271e-06,7
"20030",0.0554608500112447,5.11794210940594e-07,0.92643299333951,0.0181056448550342,1.45205993495191e-17,7.88807366600672e-22,9.57017158926034e-70,1.31917904061431e-100,4.95874296604878e-26,3
"20033",0.00541380234908374,0.0500076203270627,4.17312564364643e-09,4.82096622089564e-05,1.08103093861933e-07,0.944528581782864,1.64281305856032e-06,2.08519001635433e-08,9.93760244214892e-09,6
"20035",0.00548565361147001,2.11431517567647e-06,0.9466721453258,0.0477963565193955,4.37302281584135e-05,2.02154396525178e-70,1.63070250566765e-116,6.90991473160382e-283,6.85510603850037e-69,3
"20037",0.0364183525593148,0.000326513874245584,0.962741986036496,0.000513115160726546,3.2369217177837e-08,5.73492681785255e-75,3.80393499355831e-103,1.32506198043666e-290,2.52893614202558e-46,3
"20039",1.16504482609919e-14,3.14125259593129e-25,1.71016116060658e-18,0.0215435426968305,0.978456457303158,5.77969158187234e-156,1.47967532543252e-122,0,3.09779587044984e-103,5
"20041",0.125471846062498,0.869811722757983,1.75281877554895e-12,1.75161230485019e-07,0.00471625601653599,5.17376108524572e-32,1.64488695455819e-21,1.70602944108e-87,1.99750189291744e-18,2
"20044",0.947401096144227,0.0513790229982335,7.18512964456915e-14,0.000179451367712383,0.00104042948975538,5.17767075096031e-31,1.44609045323341e-28,5.16018021639224e-74,9.24086639892245e-22,1
"20047",0.0301115571217515,3.74394018828103e-11,0.949448105953098,0.0204279800768545,1.23568108571369e-05,2.87416320616043e-53,1.02505885288529e-127,2.07590063518926e-189,7.28511896243898e-76,3
"20050",0.00167083874443968,0.00394664432826261,0.00051399160127878,0.010687862461229,0.98318066286479,4.63463455053172e-29,5.27582413490187e-40,1.91049241633284e-132,2.36092111241563e-58,5
"20052",0.0396565349422889,0.653739075898379,0.00189845072075464,1.56760424268574e-05,0.0105727463804513,0.293677657515152,0.000439858500547523,3.31436220569237e-23,1.92536405942954e-17,2
"20054",0.134873767742005,0.129212047876806,0.73590763919204,6.54518728607109e-06,1.44807678298503e-14,1.90222071140954e-26,1.75794739088747e-47,2.92769208987508e-127,1.84807076216169e-12,3
"20056",0.0112481256885181,7.53114733080678e-10,1.14897036017705e-09,0.389419778448032,5.49694850727638e-13,0.59933209377102,6.03083916933239e-26,1.89795348299496e-10,2.22942305626359e-18,6
"20058",0.00050254553462373,7.46064340666134e-05,0.991264650149009,0.00814656345075554,1.16344315449243e-05,1.14412366087901e-61,8.48068243049057e-76,0,1.49076576296426e-45,3
"20060",4.85613755468443e-05,0.978142735197936,1.4489051516644e-08,0.017723197237416,1.12288461990414e-05,3.64441288322653e-08,0.00407422452090932,4.43056715203661e-85,1.88881246493325e-09,2
"20062",0.00810637690436344,0.991792442795039,1.33991248849691e-05,1.00608052602563e-05,2.29194396224822e-05,9.64061386193031e-10,5.43406986883548e-05,2.03299017674144e-64,4.59268079781679e-07,2
"20064",0.0022570549813942,0.172547079778789,0.825157572085968,3.42286893594239e-05,2.15540349396629e-06,1.90906099497496e-06,4.39695334635769e-20,1.44307705794551e-61,1.13993420071837e-20,3
"20066",0.0756351659314767,2.55153375466954e-08,0.854323071473657,0.0700417370795285,1.42873944773605e-16,2.19944604282658e-37,6.55989501294613e-103,3.17389908433981e-135,4.14294689444114e-39,3
"20068",0.00216560276355148,0.582505660990205,7.17244366012812e-16,0.000210211304802643,3.03430828950156e-07,5.12387255901635e-15,0.390648829569046,2.68288154280303e-81,0.0244693919415605,2
"20070",0.00179311941204515,0.985049422405392,5.44098754649468e-12,0.00180865045677158,0.0106448567124179,1.75033524592658e-20,0.000703944404866703,1.88212235602491e-109,6.60306547442782e-09,2
"20072",0.991245704170384,0.00751263363821685,0.000846734264443227,0.000394927924899947,1.66141283129014e-16,2.96537887917544e-77,6.6627180443193e-70,4.29208798212208e-277,2.05580083737042e-12,1
"20074",8.23463260465503e-05,6.21555097613882e-23,6.52629140818976e-40,2.58587375994294e-05,2.4256961525586e-31,1.056336218193e-08,5.42589100777912e-28,0.999890794055603,9.90317389004716e-07,8
"20076",0.498222644625783,2.65671380811432e-05,2.85860060232109e-12,3.82534845086342e-06,3.73855815546053e-26,2.46410423263281e-08,2.64846091047945e-18,1.67323279812283e-16,0.501746938243784,9
"20078",0.0112953917935152,0.0330934634899591,0.955490102592165,1.62265538323122e-05,0.000104815570498496,2.96943607929158e-14,3.53895673719589e-26,1.98049947533671e-98,7.65753204151432e-21,3
"20080",0.00235758231988174,0.000334005307789207,0.996542372589948,0.00065922843184319,0.000106811350538237,1.70579432963132e-40,2.30820293154632e-87,3.63461570483102e-177,9.44263449995956e-63,3
"20082",3.12213338802413e-11,4.88228072229147e-17,2.74835640724948e-07,0.00811785002447555,0.991881875108662,2.65882995882069e-70,8.69754706246418e-75,2.74323115484251e-268,6.60106408097329e-97,5
"20084",0.150830059869344,3.2769850176237e-05,0.848783845579459,0.000254591471327553,9.86635859418238e-05,6.96437508754329e-08,7.49703689559539e-32,2.65288088440473e-41,4.22560047997452e-33,3
"20087",0.0175969677721685,0.158784187862878,0.823577791180486,4.06292584817722e-05,4.23925866034766e-07,8.31840765117648e-35,3.56949653292176e-33,1.29499975397263e-206,1.19466142720406e-13,3
"20090",0.00552495715284345,0.00439156691546834,0.975244500743672,0.000835903102265729,0.0140030720857501,1.85528593695893e-46,6.28319810557137e-82,4.44768378201946e-181,1.18854887943482e-65,3
"20092",0.000477892770039553,7.08005718197071e-06,1.11294691113725e-12,0.110017053222085,0.889497973949581,7.92180973244632e-95,3.3860451697555e-40,0,4.75186299002336e-22,5
"20096",0.0183631901703795,3.14536439449345e-05,1.43349622610759e-09,0.000696127969854895,0.980909226782324,5.66033463487606e-24,2.13449460595754e-16,1.40854917576222e-79,9.02393300895918e-27,5
"20098",0.00372645559313119,0.0696277272694597,3.88873390364882e-11,0.000235442503986097,1.35624421538409e-05,0.925624017079627,0.000772703651440477,9.13381773815373e-08,8.31374508576066e-11,6
"20101",0.122012785400256,0.0046268796725475,0.873143241722795,0.000200477016660405,1.66161877392045e-05,1.55624716214504e-15,1.37101609477436e-63,1.48774020196518e-59,1.19671419685853e-45,3
"20104",1.55851517091966e-06,1.04313489568283e-13,1.3924178930736e-36,0.999161161048587,0.000837280436136088,4.77830215087544e-72,9.68930223106092e-26,2.30262618566338e-161,1.06544947550469e-15,4
"20106",0.00249654677873515,0.16392431236509,0.833571126060088,7.70991972745722e-06,3.04876358288175e-07,1.82121331698679e-15,2.52978941640224e-46,7.53203420671465e-68,2.00925485323396e-32,3
"20108",0.00257574418586359,0.851513802452426,9.31358355696264e-06,0.0063646031804338,4.34526841718567e-08,0.00983948483072889,0.128563217074156,1.49128767971515e-32,0.00113379124015068,2
"20110",0.094151544901367,0.000885592644485816,1.18140072568879e-10,0.0100096060936759,0.894953255110555,1.13164148857022e-09,1.34444596506147e-13,2.21005195258377e-39,2.83623985716035e-34,5
"20112",0.0236196129873173,0.743220117126394,0.220987076090146,0.00039427179481863,0.0117789220013232,6.19017909953642e-24,1.12858674498384e-40,2.62772158938808e-117,4.52319324979562e-38,2
"20114",0.0244989471298971,0.000193094155010256,0.971503995009131,0.00364393807807406,3.33723612410619e-06,0.000156688391763287,9.04481434790975e-24,1.38163586186248e-35,2.12711098708003e-26,3
"20116",0.294162609128768,0.0240907426489023,0.681727933998381,1.42842720573124e-05,3.27357690109043e-14,4.42995175692237e-06,2.91493892256761e-34,6.55389424938395e-29,1.01547628107953e-13,3
"20118",0.0110208478593886,0.489525301831639,0.0265861021312084,1.21935815828566e-05,0.000326823805956869,0.472502862216971,2.58685732285359e-05,1.48034749063868e-20,2.53571131378863e-14,2
"20120",0.0154588826344559,0.0705237914446208,0.563716279080106,0.195706184497881,0.154594862339988,2.94912912101774e-12,2.39238109601857e-45,1.30061706808352e-63,4.88241976973911e-60,3
"20122",0.00501010633721161,1.44294907678914e-09,5.25648266400443e-18,7.29755693964359e-06,8.38649439381069e-18,0.976492029699022,1.28510313309436e-11,0.0184904936304789,7.13205476000275e-08,6
"20124",0.482532614513508,0.00293020179019731,0.514335136082287,0.000137760406277269,6.42872077304556e-05,2.22824362219832e-59,6.49088676331177e-72,4.09576543228923e-225,3.81754766783151e-38,3
"20126",1.46886927597015e-06,1.15139599686895e-23,9.11313416194255e-16,0.936091164001044,0.0639073671296786,7.06188547357063e-116,5.31705754382055e-104,1.03932810592717e-298,2.17817478172601e-65,4
"20128",0.00027794773004019,1.13469659907407e-21,8.19816205690715e-06,0.997763092048436,0.001950762059467,3.24244682625877e-121,7.71035822994535e-162,0,7.67110409787005e-91,4
"20141",5.80707454802506e-07,7.59261151670634e-09,1.26045342769404e-24,0.167665465731404,0.832333945968527,1.37084602710141e-37,2.72820586019452e-15,1.94448628230676e-81,1.02020590215391e-19,5
"20143",0.00107115938882876,2.6583629762178e-20,3.04872157354373e-33,0.0082764286822223,8.1917112206302e-25,0.990652411287862,7.56866509518516e-44,6.41079514726465e-10,8.00187000588156e-15,6
"20145",0.00085753283398598,0.196451829989384,0.792009063379391,0.000614545597592572,0.010067028199641,6.03751125953443e-15,2.41868777523501e-26,8.91466587228081e-121,1.71103221378894e-38,3
"20147",0.00508350421141573,0.52368686728012,0.471164259562497,1.56150635519898e-06,6.38074395651352e-05,4.64647716578337e-14,4.36564742250253e-31,1.88504282881801e-101,8.13332668437459e-24,2
"20149",0.00190621748797471,4.51117530943042e-11,1.02190932450588e-23,2.5188851743457e-05,5.98673264279906e-16,0.000139403775023623,1.73931063458783e-08,0.997928998374797,1.74072242758917e-07,8
"20151",0.00032572670126388,0.0337537119071546,8.12501571947739e-09,0.000103001242338236,2.85734179022532e-07,0.955573911942748,0.0102433528723796,1.54478199615363e-13,1.4747664946269e-09,6
"20153",0.00122178759717524,0.000392973953940009,9.82904939208987e-10,0.0667236464036575,0.0775730587656091,0.854088532296701,1.21051305819146e-14,7.29234320417649e-21,5.28551143840347e-37,6
"20155",0.00375856692184535,0.929559142268935,0.0666797137773283,1.36630832482851e-08,2.56336880791983e-06,9.94879576235691e-34,3.72710864740577e-50,5.30389700809634e-125,2.88416006309676e-29,2
"20157",7.10946493310028e-05,0.00121465129152201,3.74405873501154e-12,0.0171882910817725,5.506202731576e-07,0.981516790840667,8.62151266929591e-06,6.991165603271e-15,1.43532459786231e-14,6
"20160",1.41866546072351e-06,3.21572495411507e-20,3.13689003383275e-29,2.91956708265833e-06,2.33887262831971e-23,1.2090456595159e-05,8.69037975564068e-25,0.999983571310836,2.56844492997106e-14,8
"20162",3.92166247890262e-05,1.00101575669546e-10,7.38034639878354e-26,2.35942707502231e-05,1.6037668903629e-16,0.0148058422404077,5.2501279025209e-07,0.98513075088341,7.08677513564758e-08,8
"20164",0.671922197376424,0.000718417506825187,4.46493947569804e-13,0.0643962128117381,3.51034110027889e-07,0.262962803472081,8.11514114422302e-12,1.77840415516533e-08,6.21839397872399e-12,1
"20166",0.970022961174936,2.52453689623806e-10,0.000546486744408703,0.029430551828202,1.12153081111826e-26,6.23326427503961e-32,1.62334912869303e-89,3.95817227047926e-108,1.88071061808718e-17,1
"20168",0.933837655188481,9.58730492670497e-23,1.50891599958337e-19,0.0659955729177592,7.41877107285544e-43,9.89481795086366e-54,1.41297239280619e-84,6.43276859977e-127,0.000166771893760064,1
"20170",0.000909948186333049,0.000610613175045243,6.50171795554778e-12,4.12009386280553e-05,4.17352300422438e-05,0.998355261772619,4.1240683829145e-05,7.00132411795e-12,2.95955513093943e-16,6
"20172",0.00123449806042805,0.24713017324667,0.746476046619127,0.000359871151231018,0.00479941092254428,3.91862712412455e-31,8.79069532489357e-31,8.37019415694551e-209,2.67377401054217e-30,3
"20174",0.00184162979391724,1.08502051696857e-05,2.22768737927412e-27,0.00052182652548945,1.48619417572035e-18,5.31370677469292e-09,0.183744252469562,7.55417928339409e-15,0.813881435692147,9
"20176",0.9644274847067,1.5841474296107e-10,9.55599102273043e-21,0.00178409166587108,4.63062507326923e-35,4.07856260667442e-50,8.40357336294348e-55,5.73263590737839e-110,0.0337884234690144,1
"20178",4.91143152626111e-07,2.72591419506313e-22,6.33855198753261e-31,2.33276600811113e-06,2.10439446488076e-23,1.41723998722862e-08,2.19635204475695e-28,0.999997161918439,4.9831196910737e-17,8
"20181",0.169438981647063,1.15855593763655e-06,0.822673382232085,0.00788647756445314,2.43561503817721e-17,4.60977624775305e-13,3.14553712921073e-71,2.17838507453324e-45,5.37778133666879e-30,3
"20183",7.61155979469585e-05,0.941695111741657,3.34195604637462e-06,0.00748004240427375,0.0354646004592192,1.8605043020458e-15,0.0152807878407275,4.64961260475658e-127,1.27153701411319e-13,2
"20186",0.000133390054910753,0.870767078260786,1.03850878671123e-07,0.128247906953736,0.000851506361082625,7.10944466542043e-58,2.58516642276021e-18,0,1.45186062117336e-08,2
"20188",0.000116845532803268,2.24813423340279e-14,2.85392737967894e-25,0.000450584125431924,3.67789500428138e-17,0.990247907117898,2.35210033976221e-20,0.00918466322381062,3.40094317719568e-14,6
"20190",0.0040452144692396,0.00195054048009717,0.993369242096816,0.000635002900939686,5.29074563092612e-11,1.2071286159269e-34,1.2552808942565e-74,8.07131519366681e-160,3.17335069596154e-35,3
"20193",0.99144271922002,3.43896094501277e-18,1.53831734875152e-22,0.00855726380803937,2.33524202979116e-36,1.04107328616707e-18,5.12197754818185e-74,7.93683695759622e-24,1.69719405316163e-08,1
"20195",0.213354884449031,0.117599906505709,2.24169351408192e-08,0.000800129302024567,3.64172394190957e-07,0.66824469264231,1.32309162286705e-18,5.1155217252983e-10,4.38064741643722e-14,6
"20197",0.00458635919287373,0.628327342552387,0.366753291650455,5.50998514702661e-07,0.000332455605769869,1.09220349165978e-28,1.08149139070964e-34,6.7523805729572e-144,1.46769937825346e-27,2
"20199",0.000746491923550164,1.47925758402938e-06,1.35958034300534e-20,4.64833172216079e-05,2.56557721573049e-07,0.999205263427283,2.4504799266581e-08,1.01183970853195e-09,7.65469556984339e-16,6
"20205",1.289299927398e-08,7.1637824160973e-14,2.47865833902283e-15,0.0573517169097201,0.942648270197207,8.37632052513813e-90,1.07571056609977e-59,3.97601142150559e-291,5.83726175782594e-83,5
"20208",0.0199428386209094,0.961392498003565,2.94844361235433e-08,0.000243564407879941,6.34272176856815e-06,0.0184147243383761,2.04883193498589e-09,1.07901122348158e-18,3.74232687967877e-10,2
"20210",0.000189442609889636,7.30673172831804e-08,4.78035909740908e-22,8.17978662684136e-05,1.28568893224404e-12,0.984038563246611,7.76153819587048e-08,0.0156900444584606,1.13478582169047e-09,6
"20212",0.0288345714187453,0.00375849172048749,8.06317196578209e-13,0.000434767014463694,3.77282524930735e-08,0.966904730663972,5.12841514088262e-10,6.74009370742813e-05,3.35680282356034e-12,6
"20216",0.0269751536994216,0.0897655606083151,0.877553095324283,0.00570611616714457,7.42008322466941e-08,3.9294991449751e-15,1.09290465603769e-39,5.9398134970039e-93,3.4609130807875e-29,3
"20219",0.00474710420349894,6.51478494788722e-05,0.538031591424582,0.00441467146747652,0.452741485054964,2.86204025294836e-23,1.49948351505164e-33,3.85022473794355e-128,2.15716619252835e-50,3
"20223",0.970883851928308,2.72390806068841e-09,3.18756962422618e-05,0.0290842696515412,6.36429982923487e-21,1.75527670914897e-117,3.43364356252696e-128,0,3.13550213109682e-28,1
"20226",0.0218391383914405,0.976648119357448,4.71232347153869e-08,2.06939152758407e-05,0.00149200121255123,5.00751656988878e-14,7.66206151083175e-20,1.55249940171444e-55,1.42020799775565e-24,2
"20230",0.00550457638912164,0.000227802875650517,0.990731525387686,0.00353609291215906,2.43538297330144e-09,4.99303757986821e-46,1.28717196312362e-87,2.23333613231211e-208,2.85851020627174e-42,3
"20233",1.78193772854462e-14,1.69872293780341e-23,1.8713446255603e-36,0.0500015840579522,0.94999841594203,4.13483954085837e-71,6.28228149272327e-33,1.31654457683696e-192,3.25954775707136e-58,5
"20235",0.999785826808228,6.66804096812763e-05,2.80632446208801e-06,0.000144233785912399,4.52671716288501e-07,1.3755934455037e-93,1.57704788407767e-78,8.40173849352541e-288,1.1210216600587e-33,1
"20239",0.937163413427125,0.0347237558149652,0.0280625236358402,5.03070594538136e-05,2.21348959993959e-11,2.14541876177965e-49,1.47877111081814e-41,8.54693123101456e-202,4.04814157520582e-11,1
"20254",6.32585867374273e-10,2.89517677499235e-16,1.62482522861266e-06,0.0181317963431031,0.981866578199082,1.17003426819019e-77,2.67571042745175e-86,2.52610932061054e-288,1.7538569480723e-103,5
"20256",0.044115023190049,0.0341294466696803,0.921736111902494,9.48587729724122e-06,9.93236047953824e-06,2.70052701154176e-52,4.63510379580637e-60,1.54249610126276e-248,1.4750146130686e-25,3
"20262",0.000106258099533785,0.000242803107863928,1.62610059717389e-12,1.66583115446516e-05,3.26389172130181e-08,0.999502284447204,0.00012798322954931,3.98016207130448e-06,1.69014128823063e-12,6
"20270",0.0729952635635203,4.59409182513382e-06,0.00678430805644076,0.920215834288214,2.46814352306117e-20,1.41907383304431e-21,6.86687606238666e-60,9.26418951147785e-88,1.46570379281885e-19,4
"20284",8.02233281505535e-08,0.00272884563025189,1.61551781589486e-08,0.127299196320413,0.869971861670647,2.03140218709958e-28,1.822130823776e-13,1.36298088161059e-186,9.28009436928368e-41,5
"20287",0.0563219349621102,6.03704102201944e-06,0.94327794712525,0.000394080870869497,7.48392627081982e-13,1.36943799012587e-81,4.57651141679566e-122,8.74567844958804e-299,5.89750752228657e-45,3
"20290",8.81651611867882e-10,2.11885117729517e-09,8.38771042756743e-13,0.0210504608199867,0.978949536178672,2.36243570053041e-37,4.47506255142692e-41,1.03914786502746e-158,5.61942570420639e-78,5
"20293",0.00467203632473747,0.255478718797049,0.733013478897711,0.000164306418937959,0.00667145956156399,7.79101138492328e-16,1.28685723409566e-17,5.63336801294179e-110,5.20136532982907e-24,3
"20296",0.329125347426973,0.00276031543371259,5.49506117890403e-06,0.000140581125663829,1.92928351597167e-20,0.0188206827866125,1.1958808111475e-08,2.49006525765879e-13,0.649147566206802,9
"20301",0.917137463679408,7.63224196854103e-11,0.0314781963612997,0.0513843398829682,1.32713946953696e-15,1.03775918902409e-49,2.29040906784058e-153,5.70044514956552e-123,2.10096858947963e-57,1
"20304",3.01911750289191e-11,1.86026410876908e-16,9.9174707329863e-08,0.006158539709533,0.993841361085568,9.43593048296859e-73,4.6789506191628e-66,7.30160830513413e-271,4.81829870345626e-85,5
"20306",0.00321408398399795,4.12895957279121e-05,0.97874607887939,0.0179640140952012,3.453344568287e-05,3.29062601416485e-61,1.40381192462448e-79,8.037926917783e-300,4.2301502839642e-47,3
"20309",0.00895094488684632,0.975850685887985,0.000423358279332797,5.51174372866323e-05,0.0147198935085495,1.20824894763007e-17,1.37979833870089e-22,1.26507524558116e-82,1.06570986402238e-27,2
"20311",0.0424207565512917,0.000150923777200394,0.956565877683053,0.000862338228024336,1.03760430781014e-07,1.13909139141263e-17,6.25761437886297e-42,9.17063210986869e-106,3.70218805562499e-23,3
"20314",0.000151890546972419,0.0426745084806867,4.25920126453671e-06,4.64083232414622e-05,6.4007024652396e-05,0.955390349087384,0.00166857733579826,2.5849644344521e-19,6.17538613386352e-16,6
"20318",0.009064762093581,9.41414465835863e-18,1.08651628410266e-16,0.95359923429757,2.25070886255203e-23,0.0373265757864898,5.23487238849545e-46,9.42782235824397e-06,9.98287930183329e-16,4
"20320",0.0756694375854902,0.589416564413947,2.73860454393978e-14,0.32561479509643,0.00929920290384102,5.87003403645402e-26,2.23364542957716e-13,1.16950599260872e-107,4.06818966605809e-14,2
"20326",0.00194720168622357,0.321673312354228,5.80621360626776e-05,0.000558626674737961,0.000682012538510132,0.672127907545627,0.00295287706460651,1.31846184884132e-20,4.35030918861908e-15,6
"20328",0.000750602532319898,0.929953215257083,4.72251217281595e-11,0.0600575264270507,0.00923865573282322,1.46306952563072e-38,1.58338900058585e-13,1.05003352072061e-197,3.34000671905834e-12,2
"20330",0.742541829422239,0.251697108620864,0.00559745852038324,5.94813182320001e-05,0.000104122118282307,5.47525083242628e-49,5.39953243607415e-50,4.55430510646208e-175,1.29511176982468e-28,1
"20336",2.06190516948711e-08,2.02778283851956e-05,2.05857302801759e-06,0.057397328357618,0.942580314621917,6.54809157341312e-45,5.3427606786904e-22,7.24474003405319e-237,4.00404173203518e-51,5
"20338",0.00234527353113954,3.41938461758564e-08,6.65736123845727e-08,0.000427821818422799,0.997226803882979,3.04027433260725e-33,1.18032042138951e-37,5.18841587105006e-97,8.70682360255635e-58,5
"20340",0.0633362794760396,9.41340940798438e-06,0.934374883304644,0.00227939621914591,2.75907622916863e-08,2.42791752609161e-57,6.3347336137843e-93,7.40684983875903e-230,4.14354459531466e-47,3
"20342",2.99100446818809e-06,1.33530728642566e-27,2.59983104718132e-29,0.999995604293203,1.40470232855837e-06,2.22259982897299e-81,2.3254236199084e-86,1.38849060984967e-191,8.85107061635954e-52,4
"20344",0.00149412238991852,0.0136741276242984,0.97479521463248,0.0100210359978539,1.54993554495598e-05,1.11373679705225e-35,5.16510952335211e-48,3.53777059983276e-221,1.50855250873063e-29,3
"20349",0.00290353959992336,0.00026538035514164,0.993939185737396,0.00289174847421581,1.45833322950134e-07,8.22978281413203e-51,2.92141473682373e-69,2.65238886217669e-279,7.9252628312685e-33,3
"20351",0.106044091745057,0.874048846119169,0.000281444749417017,0.000495347157627656,0.0191302702287299,8.51276149322075e-19,5.29375247604872e-23,4.63351472361998e-89,8.25037502127365e-31,2
"20353",0.253156580794806,0.504016135850347,0.010978730221251,0.000237081410080693,0.231611471723515,1.32878139144372e-52,5.2274867778515e-61,4.4861140539329e-176,2.14521759314678e-48,2
"20357",2.46317301166414e-10,3.90085384686487e-13,4.57858927250168e-11,0.0256493822251237,0.974350617482383,6.76109797854023e-104,4.70550077720506e-73,0,4.26027183299627e-85,5
