"","V1","V2","V3","V4","V5","V6","V7","V8","V9","V10","best$classification"
"19812",3.29146253885427e-25,6.80569818098921e-05,0.99441265649515,1.12213243510075e-31,1.38113455845123e-05,0.000332021956889913,2.90205613874237e-07,0.000329611945709375,0.00484295477480835,5.96294434328926e-07,3
"19814",0.940949671992123,7.24462470734387e-10,0.0437266221733275,4.9339414863132e-08,2.68399689165072e-06,8.61380893410484e-10,1.53351816069768e-11,0.0140496433665403,0.00127132736600372,1.64520209584907e-10,1
"19816",2.38475538412055e-38,1.25502401074491e-18,0.185603444128394,5.79554457819907e-29,6.83950594745383e-09,5.09925826436076e-07,2.50700316443492e-08,6.19918798321082e-29,0.00043713260738446,0.813958881428858,10
"19818",8.07512893760876e-05,1.74192954052022e-09,0.986849498674647,1.15989652564786e-09,1.05452904911855e-06,2.63303041236046e-07,8.79739538850072e-08,1.03981634200881e-08,0.0130656555839838,2.67534595965083e-06,3
"19820",2.02291670944975e-148,1.20747359958204e-29,1.46479794943012e-05,5.01849259731596e-67,3.25517955468108e-09,0.000440554168357606,8.51496702909469e-36,3.88030814288601e-163,0.00805407793208347,0.991490716664885,10
"19822",1.12623057513757e-178,1.89515359463783e-09,1.9111905319593e-11,1.8706522624504e-52,0.00126465472078623,0.0048051242020457,3.15290353999408e-36,7.92811952144057e-191,0.993924237795122,5.98136778071957e-06,9
"19824",1.32122194503377e-76,1.77216120911337e-09,3.28243064179465e-06,1.30809648825512e-20,0.000779797731310638,1.65903940152878e-12,1.66249712056759e-17,8.32252200938013e-75,0.99459418606849,0.00462273199573768,9
"19826",8.4554574781272e-24,1.72742332349372e-09,0.90960236687248,2.42874924253811e-20,0.000289105680957433,1.8884196741296e-14,0.00391855681754135,0.00600129481183028,0.0801886721371842,1.9525646094037e-09,3
"19828",3.7455652884727e-59,3.10982108653233e-23,0.0139402406388904,2.11257894925868e-36,9.80999447287455e-08,0.016871921968783,2.53314562115112e-25,1.08284873312678e-75,0.0204667328457283,0.948721006446653,10
"19830",4.56768711652254e-23,0.382715260662095,0.0972780340934798,3.53754641233733e-24,0.0126977130663202,2.62465384936525e-10,0.000105763195133944,0.0015087814250504,0.505694447295455,4.50200966411919e-28,9
"19832",1.42631402817482e-62,0.856855135233067,0.00897485785592249,8.26165007896291e-66,0.0467146103990269,0.0263674570727688,7.21305749134755e-34,3.70725649707635e-21,0.0610875365302413,4.02908972913745e-07,2
"19834",4.81746297779948e-39,2.24878400112648e-09,0.797325312844629,2.08872706774514e-29,1.321695131843e-06,0.00231437313413185,2.89385065138249e-19,8.75233784532145e-43,0.198281306652846,0.00207768342447732,3
"19836",2.67573849432619e-52,7.96947891904802e-07,0.977603186782069,1.80231149752985e-46,4.14648604891905e-05,2.05186975329838e-07,0.0112310833048434,4.26411276763735e-19,0.0111232335008016,2.94169299792832e-08,3
"19838",1.68133332838679e-07,0.000203475061386727,0.00369617681639606,8.18005467452097e-17,2.84379505864869e-05,3.08860788751184e-12,7.05783313675189e-11,0.995285574649306,0.000786167315325361,2.36560530344272e-23,8
"19840",1.07435431278802e-44,3.67389146706101e-19,0.961705612642896,5.26712842916648e-41,8.77579873099578e-06,1.47353998599327e-10,6.92622226221934e-07,3.27906980493431e-27,0.0381313367772332,0.000153582011559949,3
"19842",5.46185754740589e-38,4.17072618178927e-06,2.61880598454013e-09,9.75628001800022e-33,0.000490922572978183,5.07616425674417e-38,0.99800877466387,0.00142577524261398,7.03541755506004e-05,5.80294703364337e-49,7
"19844",8.48979019919034e-45,3.0629452221082e-13,4.08769064657029e-25,0.972271356507626,0.0277254073354037,2.6028974687492e-34,8.57813141118869e-13,1.08789903790682e-82,3.2361558061674e-06,1.42777871585833e-34,4
"19846",0.858749770041462,7.66655285474071e-06,6.01306770905106e-06,9.33420266175421e-05,2.75302935655428e-05,9.93269376254783e-29,0.00849840355494965,0.132519268079962,9.80063828793468e-05,1.8084970312347e-34,1
"19848",0.988413540697921,6.07398048221343e-06,8.61239681050457e-05,0.010760986074653,1.27076988757069e-05,1.32774471850758e-22,4.37113843959528e-06,0.000489740370828368,0.000226456070694741,5.98650106592068e-29,1
"19850",0.940791737640907,0.000190588526596586,0.00109358193071283,1.14559645390136e-05,0.00272260943459568,6.40735992198788e-21,7.93594590236682e-09,0.0216310546495827,0.0335589639171205,9.8774202728804e-20,1
"19852",1.9237433622015e-13,5.0270287892879e-10,0.94672098603574,4.87654320369341e-14,2.41917041079717e-09,7.80611787824858e-05,2.96211780117779e-10,5.63040169183464e-13,0.000434374327875854,0.0527665752387126,3
"19854",0.999897790499989,4.50231731655326e-07,3.44592836468502e-05,1.72500027801525e-05,2.17180018360008e-06,1.14036496306505e-19,7.97782409893106e-09,3.73037368909817e-06,4.41398301553572e-05,8.78225256930371e-29,1
"19856",1.08612514390266e-36,3.15434901598779e-05,1.37119421359555e-09,0.00309336592565986,0.645194527229503,1.19250403167119e-26,9.79398211671256e-12,8.5029827049142e-27,0.351680561973689,2.6345070975477e-24,5
"19858",9.2378347422127e-43,0.000122926319999488,7.47644822379167e-10,0.00489049140273395,0.0120627189044419,8.12731531598341e-15,1.68952925716607e-17,2.98781125218193e-68,0.982923862617809,7.36231177810298e-12,9
"19860",4.02099559864677e-16,2.10162516152383e-11,0.987093549335123,1.68037562379715e-25,1.13560601223697e-06,9.53334890378623e-07,9.44680316972066e-10,2.77856354252649e-07,0.00368211471278138,0.00922196818914171,3
"19862",5.29510886945854e-13,3.24680363486258e-05,8.87925883840756e-06,2.43786410987375e-17,5.81442521409169e-05,2.05489744296076e-29,0.0729180473406478,0.926917727663779,6.47334477152808e-05,1.80321232891288e-39,8
"19864",1.08714985615544e-127,8.86672441922116e-12,1.18210363244585e-24,5.31197487318968e-56,0.0880954038427556,4.27130550957149e-34,0.911904540899118,7.58506574914681e-110,5.52492593112137e-08,2.44705435483937e-49,7
"19866",4.16196111586434e-87,4.5128487864298e-12,0.2259314235709,2.60491712242161e-45,5.77425245216597e-05,1.39160084323814e-12,0.000168735351716516,3.31113262484605e-55,0.773800857031546,4.12415154108435e-05,9
"19868",1.49336439240592e-121,0.0022614752880244,5.84908182583162e-34,2.02402544495366e-67,0.99773850337045,2.12650286254655e-08,1.3452416439646e-51,1.12081296535571e-111,7.64972256846987e-11,3.17024419096298e-61,5
"19870",0.00105785225294793,5.55448025167181e-05,0.458838785812416,6.20023860814616e-14,0.000587883649836328,1.94689657165175e-13,0.101101658663401,0.387793945306661,0.0505643295119643,1.09035536360554e-19,3
"19873",1.06901889639909e-10,2.78002620362636e-07,0.758748601768968,4.52077290515362e-20,0.000235990279340368,1.82616724220895e-13,0.00101699141125453,2.84408753974973e-05,0.239969692521029,5.03430526324449e-09,3
"19875",1.4168364137567e-55,1.79345783346422e-19,0.135806733804251,1.76410405758404e-54,1.11319778145583e-06,0.000204028547247273,7.26792774150392e-26,5.83650140994381e-37,0.00460125795912767,0.859386866491592,10
"19877",0.000131716272279649,2.66055671518955e-05,0.992342285354579,5.80047197597716e-09,6.50050915506203e-07,6.92734289295826e-07,0.000930573754123494,0.00100005503814352,0.00556741533422304,9.38223959517253e-11,3
"19879",3.34971072071631e-22,8.55921705467185e-07,0.985901886786594,8.89634731126173e-11,1.77340523132919e-08,0.000997780826231284,2.53510102984936e-07,1.57057500560663e-23,0.0130988397018587,3.65430492039927e-07,3
"19881",1.0899173419474e-20,0.000111627091386385,0.304070441810018,3.96798058648138e-13,0.00257662586355391,5.0991866724966e-18,0.0154018530273629,4.73873602287908e-08,0.677839404819611,3.10916078629547e-13,9
"19883",1.52382627996263e-23,1.35886294440919e-06,0.0157439419588532,5.57692478785753e-23,0.0025604931110738,1.63888875831199e-22,0.864325745570588,0.000188567148889999,0.11717989334765,1.87570034425117e-17,7
"19899",1.01119755741819e-48,3.07417313339637e-14,0.982097975176462,6.60890055486355e-38,3.72426849918756e-07,0.00121367535546147,3.39399233179315e-08,1.98973995827974e-29,0.0166879430989326,2.33963380037585e-12,3
"19908",3.19834881465076e-133,1.00640928841149e-07,4.26288973685862e-17,2.64547437149422e-50,0.989699351287574,8.2162462424954e-22,4.04215166168121e-12,2.04201705045628e-98,0.010300548067455,3.2867983972301e-40,5
"19910",1.72807662591525e-14,2.65932680621935e-09,0.99673239832402,1.51317048926712e-13,2.56266557394675e-08,1.51643384220012e-05,7.44144516631244e-06,2.630114669954e-09,0.00124634555926958,0.00199861941685664,3
"19912",2.41873870352257e-24,3.01897407794385e-05,1.80153706796123e-07,4.08706502817814e-20,0.00215434086104772,2.76183236826703e-36,0.986835399383094,0.0096405545379218,0.00133933532345053,8.00885011866013e-46,7
"19914",2.23872218246714e-27,0.000406305178086278,0.983012487218416,1.59668713909356e-13,1.41377255762298e-07,0.000175801352561645,1.25283972501062e-09,1.00703734621216e-17,0.0164043850504751,8.78570205735882e-07,3
"19916",1.07024833015863e-123,4.15916607250592e-09,7.15851299722448e-11,1.04582317206558e-33,0.0586242592997006,8.3792668104383e-20,7.24874002394519e-09,1.8665428035838e-109,0.941375729218556,2.25171199072791e-12,9
"19918",0.352668330158743,1.65712263321501e-05,0.0655255496926479,0.0183047388248588,0.000462960871879922,3.77818928826738e-21,0.200233042353743,0.273757677968949,0.0890311289028466,1.61219113811201e-16,1
"19920",0.000192532260348544,1.57819457994383e-08,2.7713228183334e-05,0.996918551226292,0.000119076055644608,4.4128499398828e-24,1.14719735977772e-05,1.67139156773924e-05,0.00271392555831103,2.5484383607757e-25,4
"19922",7.32890631188448e-50,0.445565893209702,1.96340196768833e-08,2.59335566322245e-64,0.117029681581366,0.437379110138188,1.19814303729722e-35,1.77295938523446e-24,2.52954367142752e-05,1.00813865162962e-14,2
"19924",1.50779564186897e-08,7.36198867119359e-11,0.988482407431963,0.00196117391225216,2.58036057187445e-07,1.14643474945414e-07,0.000195476209718225,6.16922810357694e-08,0.0093604927891428,1.33534488027738e-10,3
"19926",7.15277810671072e-79,2.12544652313233e-06,0.967471245292079,2.3286626355716e-47,1.55172028311929e-05,0.0074049504833713,7.62064837925392e-07,2.61935998079162e-34,0.0251053994757882,3.45691500996547e-11,3
"19928",1.50412106672458e-131,4.89601824506453e-06,2.54681758245015e-37,4.49880194616395e-52,0.00013962054135127,1.91350147139658e-56,0.999855483440378,1.28273201854205e-88,2.54836656938645e-14,1.37432839945333e-78,7
"19930",2.64909016437375e-06,4.462924122404e-06,0.0690460915524131,5.53524371402342e-19,4.65238356561262e-06,3.33580158111481e-10,1.12907297271911e-06,0.930313570939512,0.000627443702758395,9.11181054404926e-13,8
"19932",0.00399159300387154,1.69032489513162e-05,0.00552039152677086,4.26806892794659e-11,1.10278954642031e-05,2.61359977357797e-14,5.90526330953822e-08,0.990120472841391,0.000339552388210698,1.92143789375308e-22,8
"19934",9.79680569202703e-39,2.90178795173977e-09,0.657320131362758,2.23167838989248e-20,2.72106795758608e-06,0.000623987194875316,4.12383365420182e-21,3.37662007879025e-38,0.0923699752545053,0.249683182218116,3
"19936",1.99647714426011e-19,5.45618918407119e-09,0.992728261590219,7.14413625022308e-20,1.44724543567233e-05,0.000170875865243892,1.71241237148256e-09,5.07049657614151e-07,0.00708587540955491,4.62365850317542e-10,3
"19938",1.45943955216143e-117,5.32533639681001e-13,0.0381590670058351,4.97879989572929e-24,7.30441108415172e-08,0.00612869762332508,1.56602483418313e-19,1.06887805979682e-97,0.955616104064469,9.60582617277897e-05,9
"19940",9.17352710016878e-18,1.86857279497457e-08,0.946625423739847,3.38038006231972e-14,8.08230372243777e-06,4.02459750113561e-10,0.0282948888548448,2.05153782833665e-09,0.0250715101607318,7.38010939079423e-08,3
"19942",1.07062369137802e-111,2.4837867346084e-09,1.01349803274739e-20,1.75809938865536e-47,0.0057596355505707,4.8405085668017e-50,0.994239821909494,1.88003419155844e-61,5.40056148048266e-07,7.98506926769366e-54,7
"19944",3.99370155820675e-31,5.12382683943819e-09,0.994720819224138,1.17392723363373e-16,2.82960088655824e-08,3.62759692554389e-06,2.00476032613868e-05,2.09136718262397e-13,0.00117077155413828,0.00408470060149156,3
"19946",1.1589310932321e-09,4.90878049098621e-06,0.990315485004988,1.50478531926591e-06,3.58305851121201e-07,4.38977787544304e-09,7.7471021475805e-07,1.93773232240004e-08,0.00965377615147935,2.31673356242845e-05,3
"19948",1.93797591145875e-76,1.67567440428376e-09,3.62281648782001e-21,2.51567105726156e-44,9.02279973012576e-05,3.64351971408511e-51,0.999909766730905,1.47949107018829e-41,3.5961193359794e-09,8.58658985069002e-50,7
"19950",5.64430245035678e-17,2.81611165972267e-07,3.62705679781077e-13,0.999819528493617,0.000161805375955079,9.35606045556672e-26,4.70971806293132e-13,1.50703963247557e-18,1.83845184286525e-05,5.89575617268371e-38,4
"19952",1.93797591145875e-76,1.67567440428376e-09,3.62281648782001e-21,2.51567105726156e-44,9.02279973012576e-05,3.64351971408511e-51,0.999909766730905,1.47949107018829e-41,3.5961193359794e-09,8.58658985069002e-50,7
"19954",0.00271502997970267,1.54570752773147e-06,0.0230447167328448,6.44779619613463e-13,3.9888391016691e-06,9.27616226888878e-13,1.00240321621934e-05,0.973846938695963,0.000377756011125166,2.1561875184598e-17,8
"19956",4.31860906846386e-25,0.0993060815488813,2.70035162466051e-13,2.51396928901937e-10,0.897604213284848,4.14749680360422e-32,5.17183257822413e-06,1.75527247575242e-13,0.00308453308184953,3.72676128401335e-59,5
"19958",1.83114071438117e-80,0.999208427814037,7.16851834869237e-30,1.09214980028068e-60,0.000769957435947157,2.16147498204131e-05,4.23947598112073e-59,2.41994514430355e-66,1.95036059171199e-13,8.00291420146622e-39,2
"19962",2.73144504686411e-28,0.00031430111028508,0.00378667000632152,1.44727911896129e-07,0.00366792631954411,7.15672600771859e-13,1.23782913996113e-16,2.96580057911916e-19,0.992230957565763,2.69459146092377e-10,9
"19964",4.70585378731115e-19,1.16474641869165e-07,0.887160636837701,4.7048716656055e-11,0.000195630443702932,5.58120709050326e-09,0.0138660350092991,3.86822704870318e-20,0.0987775754338619,1.72537645272802e-10,3
"19966",4.78007311407831e-151,4.58175107790327e-17,0.0138851076297827,4.35007905261837e-61,3.08444660563438e-05,4.67333052127778e-08,2.60952044658544e-09,3.21981114728499e-121,0.986046343465554,3.76550957808697e-05,9
"19969",1.94234396870528e-23,0.000666179830020719,0.1309325471092,2.4282621078026e-30,0.00847593540739686,1.84692811671557e-20,0.372433597361137,0.0364588686751419,0.451032871617103,5.79615931767371e-19,9
"19972",1.31329847899414e-09,6.15307497498375e-07,0.000205253379527525,1.15132314570854e-08,0.00059391468432738,8.70270949572418e-20,0.99088048994864,3.81861252311644e-09,0.00831971003486478,4.22415546795271e-30,7
"19974",0.00721547066077519,5.76009533592601e-06,1.1408244446503e-12,0.0349129968308852,0.000361063065531426,8.49211908094571e-42,0.9574973972264,4.12924515601032e-06,3.18287477532274e-06,5.05599322120005e-53,7
"19976",8.0079217860442e-05,1.46277729883962e-07,0.97946761735114,1.90567839855267e-05,1.06916293055408e-06,1.65337823531594e-09,0.000599222425107408,3.43461820261047e-07,0.0198324635380581,1.27989042762135e-10,3
"19978",3.1415128131382e-18,1.48483841580715e-15,0.891434856561895,6.09915952648629e-17,1.65912329767672e-07,8.5141250617774e-08,9.23782566317665e-06,3.62139079431907e-18,0.00293479581090255,0.105620858747958,3
"19980",0.994373564311785,7.96471821311491e-07,5.99865924230749e-06,0.00500422552151818,3.99119318645991e-06,5.69363348745784e-22,5.6674688081223e-08,0.000572918969149354,3.84481986095893e-05,2.86627651339913e-31,1
"19982",7.97811856900546e-06,2.02053887395935e-10,0.000517340259522273,0.197618924638562,0.0732271217227433,3.99620399899254e-13,2.88810487137034e-10,1.359555262991e-16,0.728628634769339,1.87752506644906e-24,9
"19984",2.01675120255692e-32,3.00006066493029e-08,1.47782992577633e-12,0.993966487162651,0.00350503063381721,4.61814993028361e-27,3.92414641027247e-10,1.91965163452021e-33,0.00252845180903288,2.01205306224872e-26,4
"19986",1.9551565210241e-151,4.10002556113479e-16,0.0884483933525145,8.30495327505102e-61,9.58343183744118e-09,0.00462842553271345,1.71031754384374e-23,1.87716735790846e-120,0.0819624147264059,0.824960756804934,10
"19988",1.9319703904454e-168,1.77190653423468e-25,1.04051950072245e-05,8.11328153628063e-75,3.9201454424884e-09,0.00628171592345352,2.79614779591356e-40,2.50131497578197e-180,0.0347194357613034,0.95898843920009,10
"19992",5.50502567926878e-121,3.5229825814163e-23,0.000922004192808712,3.91506860277146e-45,4.04334009688966e-10,0.000161524211478558,3.77887901696936e-39,1.07865406219936e-114,0.00408397382903695,0.994832497362342,10
"19994",3.92034972204523e-09,4.76820817763297e-06,0.0695773397465659,5.83627029941631e-21,2.17003963679412e-06,2.55512439479164e-07,1.00598858975642e-06,0.930112982228449,0.000301474354140466,1.65130800611378e-12,8
"19996",1.27433009145023e-93,2.60729086002396e-28,0.0125306180948408,8.59801462693893e-41,9.63669208832762e-11,0.00129392063529036,1.00520202206954e-32,1.29364387443618e-100,0.00261819971790164,0.9835572614556,10
"19998",5.50101641250003e-62,6.69668851702612e-05,7.3299583684017e-07,6.86355582701807e-23,0.218982870920489,1.60205501333965e-29,0.000139924017884703,1.37581510044304e-31,0.780809505180619,3.45074680756854e-22,9
"20000",1.41314578217569e-52,0.960651493946108,3.0136601148776e-08,2.56333020492978e-41,0.0379074946574972,4.45966840127794e-17,2.57555714754763e-11,1.26110167108842e-11,0.00144098122142695,3.85338195405039e-45,2
"20003",9.96106535729062e-33,0.000539743438109184,0.989477609259259,6.00039593211233e-39,0.000132336741766982,5.29212888357015e-07,0.000121190245803011,2.55692473972205e-05,0.00970302173980402,1.14972006954173e-10,3
"20005",0.936829479476684,6.81788732057012e-06,4.45519144088171e-05,0.0615156387970457,9.5105849212097e-05,4.81798252855061e-25,0.000781454919181335,7.15227319606526e-06,0.000719798882951522,1.34224531586683e-35,1
"20007",5.06008637287978e-25,4.11038636732795e-11,0.987271857649055,1.53645987583453e-25,5.50814674119583e-08,3.67018149862394e-05,7.37683236158778e-13,6.52046700664291e-28,0.012690933200554,4.52212095415652e-07,3
"20009",1.80020340328212e-112,3.43702505331748e-08,1.37269782408925e-06,6.91613401758263e-24,0.000468291025478048,1.94610456908499e-10,1.11680714022242e-17,9.3959722106517e-101,0.999529643572644,6.58139192798211e-07,9
"20011",4.56650621653392e-12,1.41790683353979e-07,0.127797154169572,8.6825223196101e-10,0.000620182146402327,1.73304801474566e-13,0.534868754985097,3.23972375971521e-08,0.336713733638016,1.01563820242775e-20,7
"20013",0.131038105234579,4.25089771550174e-06,0.518274585809383,0.201537103247505,4.14708372626255e-05,8.27382660606368e-11,1.25311168161357e-05,0.0438200633804604,0.10527188939354,8.70021008707635e-16,3
"20016",1.67788898330707e-139,2.74542582070225e-09,1.22386528222501e-06,4.04422317552778e-41,3.01422825691726e-06,0.00022811602987009,7.42957004265052e-28,1.0936062469327e-146,0.995335395810179,0.00443224732098613,9
"20018",8.46782649507263e-300,0.00257865973900209,1.94019317490188e-38,1.46802338225589e-145,0.965216368996098,0.0322049694891545,5.52360337814026e-85,9.92921943565011e-257,1.77574173031064e-09,3.38539921404e-15,5
"20021",7.18282057294236e-53,1.43187413753062e-10,0.119506564767462,1.27828714824961e-57,5.07394106817779e-06,0.000163946874980813,3.91830547104586e-19,9.11868333225901e-32,0.00401088821589529,0.876313526057407,10
"20023",2.0452121534906e-41,5.46995160700368e-08,0.989790070034586,2.22253454565335e-14,3.25125467596858e-09,0.000467153692636041,2.12604746166717e-13,4.17015353848746e-23,0.00108038841608208,0.0086623299056908,3
"20025",8.76885379561283e-174,2.02610962517327e-10,1.06387114069068e-15,8.60835962712098e-123,0.936017253628543,0.0526761889081991,1.30692768683525e-62,4.42569036799047e-150,0.0113065479236966,9.33694931161846e-09,5
"20027",7.35834238984823e-34,9.84016936567546e-07,0.00226443691245569,1.92759678236107e-33,0.00134699617166523,8.41051516743344e-22,0.982683310993936,0.00314062022825904,0.0105636516767474,1.8422082248301e-33,7
"20029",1.3152111189275e-11,1.40587885040796e-05,0.000731913460721463,2.9471098115503e-15,0.011014177135966,4.86149231031436e-29,0.91234046583225,0.00596539806534736,0.0699339867040564,1.47821668428122e-28,7
"20032",2.30455104564813e-17,3.15578204755668e-05,0.00455820520285964,1.58267100194678e-25,4.33873194859208e-05,2.82412027183068e-16,0.00117607746246596,0.993777043462484,0.000413728732228109,1.42832004681003e-24,8
"20034",3.74337934590339e-74,5.4677501494945e-08,1.77688742816223e-14,1.22217582694256e-46,0.000493354730738038,1.59148173226037e-38,0.99950576097724,9.17797773105249e-29,8.29614502658681e-07,7.78073944444482e-42,7
"20036",2.28605065918683e-34,2.16461914290154e-07,8.41393160541481e-05,1.39669012541127e-12,0.0425713012356948,3.84416365739846e-21,1.5691759403787e-11,1.38397744107817e-21,0.957344342969248,3.30080978101146e-20,9
"20038",2.39692730238031e-106,5.46700151128202e-17,0.201265759782527,2.89614042132585e-71,8.80504692336981e-09,0.209929672245658,4.13532025001696e-25,1.3606078063928e-78,0.00381895394964463,0.584985605217124,10
"20040",2.45247162706579e-199,3.41928134710834e-05,5.79030323653977e-15,2.25542957906718e-59,0.287613650334167,2.62123166669694e-05,2.52374081740482e-28,1.37217558415886e-176,0.712325592167864,3.52367825134917e-07,9
"20043",3.43504314642599e-52,8.07172199263746e-19,0.0288638723508957,4.34862934332513e-44,8.36798096529357e-06,0.000477945606340702,2.49539828544705e-33,2.86455948264256e-42,0.0224695724204845,0.948180241641314,10
"20045",2.31292140039914e-161,2.9849565672645e-17,1.07914849342302e-09,1.06590671875317e-56,1.46088760276223e-07,0.0471143499462655,4.76249245256761e-55,5.06737061700604e-181,0.0592490730988748,0.893636429786951,10
"20048",4.595342737497e-14,4.69717713428225e-07,1.38651343634787e-23,0.998317327633778,0.00168198082161203,4.06833606574657e-30,1.67689797977575e-14,2.85093841406008e-55,2.21826833636849e-07,2.6819051981445e-44,4
"20051",9.90142914066113e-18,1.72509356600028e-05,0.0567314851346792,8.99551541653591e-24,0.00929017511529684,9.76666773009057e-07,2.91611442616494e-32,6.69809444409092e-20,0.933928757592023,3.13545555679311e-05,9
"20053",2.40851392699291e-57,1.54210911423133e-08,0.930913910692369,2.98081478923994e-14,1.40156257338872e-07,4.00523025119208e-08,6.44809382209448e-11,1.60031745512422e-30,0.0661969571384015,0.00288893647506733,3
"20055",3.88047141219274e-105,6.67459151782007e-13,0.186431571391458,1.65608358439185e-88,0.000496652000109274,0.535336107745035,6.35389047156536e-19,7.48215560560586e-67,0.277735447404569,2.21458160487927e-07,6
"20057",5.78325682907849e-141,0.999999526491476,9.42816690403862e-59,1.1675828980712e-76,4.73508524177065e-07,3.30767132502307e-18,9.30270228523707e-51,8.39284900443702e-125,5.18243038346103e-26,1.50306786289286e-90,2
"20059",9.92546089602866e-69,1.37172107026561e-06,0.714041927375579,2.44184918097711e-28,2.64977719681068e-05,0.0106671236283526,1.17479663339425e-13,2.81260901838406e-43,0.274507368155599,0.000755711347314395,3
"20061",2.50226812428618e-34,5.0190869767176e-09,0.98821456649676,4.75822783522391e-30,5.97650013709458e-07,6.96141975741277e-07,1.34286574473583e-10,2.76043313741729e-27,0.0116529366399478,0.000131197917929187,3
"20063",3.50014319288819e-128,1.14920744598175e-10,5.18648780944253e-36,8.30200906720412e-16,0.99999761768248,2.53243475276957e-31,5.11057328677146e-30,2.63131458024999e-160,2.38220259810138e-06,3.2281147671459e-30,5
"20065",1.17685204334595e-187,2.27284395764865e-09,1.84004654172151e-12,6.16683194897717e-141,0.00307942607363619,0.996483199275494,2.61060537174091e-68,1.08903690341611e-141,0.000222462988216284,0.000214909387969564,6
"20067",6.20382328775546e-80,1.44906661436124e-09,0.000268235049393457,5.39281408947942e-20,1.80095467955641e-07,0.00666458154782565,2.20849533525115e-43,8.96363949648127e-76,0.112545521476712,0.880521480381534,10
"20069",0.706621502683079,8.58235480857341e-07,2.48458862981809e-05,0.292595107077815,4.02582021111521e-05,1.88599928806334e-19,6.98068233067065e-09,0.000308283017548405,0.000409137916985248,3.63369021024708e-29,1
"20071",2.0528474126578e-70,7.36438074209684e-08,0.00171043846946745,1.99150359762668e-34,0.000433268727086092,8.94790720217499e-13,3.89902510786947e-06,2.32145918976417e-51,0.997852320133636,1.82748145109796e-20,9
"20073",3.25608560623327e-12,2.37972536959673e-05,9.82767446280781e-05,0.889423023071963,0.00306896909818439,3.01552681769055e-22,6.13541132182086e-06,9.83306715441378e-11,0.107379798318619,7.21722773706893e-16,4
"20075",3.36069924790453e-122,0.890999835389237,1.37556657168209e-26,1.29688021444085e-86,0.108960947532907,3.92169362445474e-05,2.40707400059777e-52,3.07049318034204e-89,1.41611479391346e-10,1.51439002140189e-49,2
"20077",3.37683932592798e-43,5.42807110351233e-19,0.881717143661164,3.49816592560572e-15,4.63982991971101e-10,1.75500795925078e-07,2.13679606650797e-13,3.89720469724393e-40,0.000961656011544531,0.117321024362296,3
"20079",2.1980128540944e-34,2.3144689617645e-07,5.13360835310385e-10,1.62284388438352e-15,0.753401371792466,8.55590174328516e-20,5.95959994211357e-29,1.30976296651775e-48,0.246598396214162,3.31130727403478e-11,5
"20081",9.67338279001708e-57,1.2506861775648e-16,0.00971052923633871,5.02246661006214e-39,1.0298754800616e-07,0.959570319869633,2.50480559689554e-36,2.31485690233833e-58,0.018885976830684,0.0118330710757962,6
"20083",6.26041318291138e-68,7.58468115957981e-06,8.56636190689722e-16,3.80636902536845e-10,0.97237518733047,1.00540821961591e-27,2.47909736611596e-13,2.09333662735858e-65,0.0276172276074848,5.93356395614487e-33,5
"20085",1.55488638704215e-173,1.77818652762118e-19,1.28771746530668e-06,5.28089119260209e-87,6.13910214502836e-08,0.00690742377413777,2.62057758450318e-47,1.03588112111901e-161,0.00629912708952428,0.986792100027851,10
"20088",8.70204598692947e-71,4.99452394833529e-12,0.0815149688776546,1.85848960163978e-43,3.89431054987491e-08,0.0013295252914705,1.14697134601279e-31,5.10998997299161e-59,0.002427286841231,0.914728180041544,10
"20091",2.82871527771857e-93,0.0158252796215882,8.36996566788497e-15,9.30053635742686e-56,0.000426633147828184,0.983714250613488,6.24418099463357e-52,2.19337110649515e-97,3.3836617086767e-05,2.04521470402725e-16,6
"20095",4.27293666969695e-75,2.84974304702615e-14,2.23121500662146e-10,2.22948370885232e-11,0.12545393690381,4.4034178575646e-13,1.73971589828669e-05,2.74057975820694e-72,0.874528665691322,2.64336427358138e-28,9
"20097",1.1483846153671e-165,1.78889221262447e-19,2.32160655264258e-06,4.59357141697332e-90,8.09633289693824e-08,0.028846242589228,3.29292719987136e-53,1.38542395686698e-159,0.0105996116563221,0.960551743184568,10
"20099",1.57267449693857e-77,2.7050636198675e-21,1.85104298173982e-07,1.38623461319474e-22,0.0070175962008806,2.71065887973804e-19,8.20749674253853e-05,2.86417846886825e-92,0.99289986034875,2.83378645386288e-07,9
"20102",4.44753860481214e-48,0.955432783879532,5.06193190953514e-20,1.11015741186931e-13,0.0442942125992043,6.70230028018579e-08,9.04114496226981e-40,1.22044960968691e-77,0.000272936498149343,6.34534965920969e-28,2
"20105",2.00221150221364e-35,9.3106989409054e-17,0.00530870961215553,1.1756807561497e-29,0.000168763379551763,2.50048659912793e-06,1.390496902072e-29,4.04342570746584e-62,0.575239772020809,0.419280254500884,9
"20107",4.4807198776767e-72,3.10666494936505e-22,0.925729378183205,7.66503442165652e-36,2.12233263550947e-12,0.00206097080831062,5.93226341296241e-16,1.73505123462914e-69,0.000372862088212943,0.0718367889181481,3
"20109",3.68479110818333e-42,7.31257286884221e-13,0.000131934360919873,1.81806077623305e-06,0.0012873949687167,1.10143722730773e-14,8.52809456035941e-12,1.30179940627162e-46,0.996649297242411,0.00192955535790529,9
"20111",8.24167989008137e-38,0.993992973464201,1.1421158159854e-18,6.8210785009164e-41,0.00600649412279661,5.32214560539662e-07,8.85953336525977e-33,9.64900390825613e-28,1.98441235707474e-10,1.79665863065778e-47,2
"20113",7.01760463695011e-87,9.36343972927125e-20,0.809141701301457,4.52609310916752e-53,1.94999872113219e-06,5.90035948003625e-08,7.87285960198357e-06,3.00908546255232e-54,0.1908483999927,1.68439254268571e-08,3
"20115",1.73372283562731e-27,0.995364323552604,4.93193932556855e-05,6.11433406990899e-39,0.00277404357314387,3.7289917437823e-14,2.15853913967581e-08,0.00162040987641259,0.000191882019155329,5.85744698633722e-32,2
"20117",1.34003972103117e-206,2.02373972159652e-09,1.17292233056777e-23,4.56742179381421e-95,0.999999919133266,2.91552969346636e-09,1.60859765892904e-17,2.81556964558509e-153,7.59274644373534e-08,8.64284177568904e-39,5
"20119",1.00750158516692e-152,4.31527041886697e-16,0.00119241353752381,2.05196500886838e-73,0.00106367254016824,8.01819348165285e-13,1.00825824301286e-07,5.52294838761519e-99,0.997655151203431,8.86618922509516e-05,9
"20121",2.04989882975315e-110,1.9569592668261e-17,0.687726973769448,5.99649481436257e-46,1.76897491401042e-11,0.00468398699968695,1.63808359004672e-20,1.5520071481177e-79,0.000687934218734021,0.306901104994441,3
"20123",1.48821523782143e-150,0.17579990617399,3.75114321543772e-15,2.82315434360254e-92,0.0129605228320059,0.811216948990354,1.33250361700073e-59,1.69105711987926e-104,2.26220036449546e-05,1.22446729491711e-15,6
"20125",0.34028676870104,6.93549415450473e-05,0.0133650022605365,1.62533356438603e-05,4.80948227457544e-05,1.4150361486043e-12,9.13112678403087e-08,0.640712226082847,0.00550220854295962,6.69316473841965e-20,8
"20127",2.142480609536e-110,4.85455611287024e-29,3.10112808355165e-08,1.90094776181371e-45,1.6224658692938e-06,6.09950423546823e-05,1.84223519322466e-44,1.25437539448743e-147,0.0569767802459558,0.942960571234539,10
"20140",1.26559019596748e-97,8.82528960637526e-12,0.196149514208663,1.70499819377561e-65,0.000704811146046462,0.0579646162206725,1.73091037439084e-15,1.70383374110436e-49,0.745181058415783,7.77949626853472e-15,9
"20142",0.00372920729564665,3.97084472878534e-06,4.90946873079933e-11,0.995690883569045,0.00043837513164442,9.17783463909398e-24,5.67686894092382e-11,7.89040446725964e-14,0.000137563052992231,1.19838881656777e-36,4
"20144",1.30667514355646e-20,0.855258396997903,0.000595482648438127,3.91543419297915e-18,0.085639466082299,3.65881393187003e-08,5.98218783995613e-13,5.10892033936453e-05,0.0584555284792287,2.04538917395503e-33,2
"20146",6.90354521775414e-17,8.18285877553859e-05,8.38653986904743e-05,9.05164922913537e-09,0.0883141434919973,1.41758155118496e-14,9.63966910256055e-19,6.33241710077067e-14,0.91152015346983,6.135261630182e-23,9
"20148",1.65061115174013e-14,2.8194983243774e-06,0.900782896324636,4.85824619128189e-24,0.000287241311083291,4.26539414942208e-10,3.28131137837242e-11,0.0624934096533008,0.0364336259719159,6.78137046860405e-09,3
"20150",0.990924071053073,1.42979808122672e-06,9.95836068713825e-09,0.00051615874843311,1.24829555548238e-05,3.12791087188785e-33,0.00238314690454834,0.00615727451935805,5.42606259024166e-06,3.34620722571196e-43,1
"20152",1.38859489884017e-14,1.27770068317018e-06,0.987598292350255,2.45416724279282e-15,1.22648798679358e-05,1.99491680821986e-08,2.62055460932729e-08,0.00430227495306753,0.00808475253927464,1.09142212133156e-06,3
"20154",3.96012800245341e-124,4.07841291763929e-05,5.8647328522436e-19,2.77626289117854e-57,0.00935576346756343,0.989759089283935,1.25222036235289e-79,2.32983934489469e-140,0.00084434065793737,2.24613880807595e-08,6
"20156",3.0435592611232e-38,5.18990877741548e-10,0.201258253689242,9.60540737526947e-11,7.55807623210853e-07,0.001623403113967,3.93152729905874e-12,1.01561459154736e-44,0.79711758674905,2.11417543774988e-11,9
"20159",9.66748907300316e-09,7.36131686930069e-06,6.36127545083423e-06,0.996360750295844,0.000320252650800912,4.95659621364995e-19,2.41154505883808e-12,4.28241906922754e-11,0.00330526474831012,7.4349114869899e-31,4
"20161",2.74075339232887e-26,0.00253837155661191,2.93600666263637e-10,0.0758772358339624,0.398136771727473,1.3535243800072e-22,5.92322881805874e-12,3.2467676702372e-32,0.523447620582429,1.58351533461353e-25,9
"20163",1.55812252342184e-45,6.00342770313775e-06,0.535584806115696,3.7636228772282e-59,0.218691729016248,2.8526767756179e-07,1.04310431444594e-13,9.47657724156881e-12,0.245717167286289,8.87680464049537e-09,3
"20165",9.55364522887819e-36,8.89483079019191e-13,1.47626170177214e-10,0.0179322239693153,0.144346592325434,4.09859421702509e-14,5.03282299907438e-25,3.60212985592782e-66,0.837721181598713,1.9579806568802e-09,9
"20167",0.900857061534479,1.20167724903085e-09,0.0770444059794775,1.75606575368372e-08,4.89522257773559e-06,3.11300176063006e-12,8.5070022260545e-09,0.0194173778646814,0.00267622551659885,6.60973586478477e-09,1
"20169",1.23690950282194e-09,4.43634874179017e-07,1.25062778126527e-18,0.999581386047225,0.00041655414772998,2.61365333256365e-28,2.34512789109588e-13,4.92811865364288e-35,1.6149330270138e-06,2.96323433436391e-42,4
"20171",5.33970127316077e-156,7.5729261079039e-07,2.89207568358529e-27,5.30573919183953e-64,0.045240247388149,0.954621038548795,4.70417597931378e-90,8.02957885958764e-186,0.000137956770187749,2.57235391157421e-13,6
"20173",2.13739520762574e-90,8.40763171751701e-09,1.30913272703294e-22,1.54558520580147e-18,0.999210548173072,1.19135034939541e-37,3.9257339338879e-10,9.23648470815036e-101,0.000789443026723269,1.40119641292057e-22,5
"20175",0.00496205668063381,2.96902564213571e-08,0.971117848212998,4.28713687787318e-08,1.39430381303074e-05,6.98941980438305e-08,0.00278820097536973,0.000536730049358861,0.0205810785876858,2.88233624386373e-17,3
"20177",6.52735957308808e-97,1.55848425497245e-23,0.000165362525596669,1.26867198884249e-25,0.000929644860224276,1.18358363145909e-14,5.35442311674612e-05,6.52770539034862e-74,0.998851444393876,3.98912431059384e-09,9
"20180",1.36847539966154e-153,8.57209330813225e-15,0.00930514183584577,1.26034973225997e-105,3.59480185717472e-05,0.0482897253395713,5.39994708588317e-26,3.72586857792662e-91,0.0388461297610169,0.903523055044986,10
"20182",3.51692291956451e-52,0.999997734426112,1.13558856879621e-50,2.21650796436275e-15,2.26557308780728e-06,1.99332299667537e-44,7.98473144273843e-13,7.89643604181107e-74,3.77510131238653e-21,2.12314850124831e-100,2
"20184",1.33274546853534e-09,8.37752504351518e-08,0.000139781876675417,0.987224736496402,2.90881228927727e-05,2.28672738784861e-16,1.56218624584085e-07,2.91260356210722e-11,0.0126061521482835,1.75368462023843e-20,4
"20187",1.37711707541537e-66,1.20466164739322e-12,1.49961600515494e-08,1.07182423898491e-16,0.0671776502578652,2.80249912530404e-29,0.463948250950976,1.09800422682691e-45,0.468874083793794,3.64693550476588e-26,9
"20189",7.55043108312592e-45,1.123065352895e-11,0.643031897465052,2.67896212618025e-38,0.000266320309772156,9.20064634133116e-12,8.17426391172505e-05,8.42448268586166e-31,0.238048863550495,0.118571176015131,3
"20192",2.98988482305512e-148,0.0074418716441786,6.59743995175011e-16,4.04836039565919e-101,0.992391900111857,1.15820103697459e-09,5.6297588531081e-35,1.31821279848393e-84,0.000166227085608884,1.53802640228007e-13,5
"20194",6.79784688115352e-31,1.82916383072111e-07,4.06042345541353e-13,2.49631436625217e-07,0.908501200005832,8.36799717769307e-44,0.0839618763895961,2.49057599853814e-21,0.00753649105634653,2.03694766982906e-46,5
"20196",7.75637987798329e-133,3.4256041837534e-10,6.25571753060355e-10,1.89785983760546e-77,0.00820626501225276,0.943595253211892,2.19709277346669e-47,6.19834951983204e-128,0.0371573600061613,0.0110411208015617,6
"20198",1.6046269981239e-31,2.87314315194125e-08,0.924521893571052,1.15102507505405e-18,7.84193966397072e-05,0.000102973675979485,7.10911020964572e-13,1.54491093876608e-14,0.0752963248740809,3.59750090127226e-07,3
"20204",0.99872166827891,6.47267240550437e-05,4.70019934235406e-06,0.000410269964387912,2.63210207550558e-05,1.2294779740898e-18,2.33722409108407e-09,0.000623357689448078,0.000148953785876986,1.57709229237407e-28,1
"20207",3.31888190348072e-86,8.08354966450366e-14,2.64116944306347e-05,6.55271302463094e-30,2.14941503635766e-07,0.725112314769504,3.9246083240843e-47,1.2907079808518e-111,0.205945730903968,0.0689153276905134,6
"20209",3.96437982788683e-93,0.850994507379846,2.05774817430579e-07,3.98736043864533e-76,0.148986628347887,7.30001696338785e-09,5.83681491937614e-08,3.80845497417566e-28,1.8592829283437e-05,3.56450523031813e-43,2
"20211",1.04821966756723e-98,0.00143214375795621,1.61292363013135e-13,3.97150257860938e-77,0.00162937560417445,0.996857249365507,6.83033000984017e-70,2.5035402491396e-80,8.12312720519779e-05,1.48771044748285e-13,6
"20215",2.42898185868872e-56,5.64137671795154e-16,0.611434955251117,5.24422725743387e-41,0.000155386566179101,1.7022104576033e-08,7.16760181751874e-23,2.45430971793442e-48,0.35136466804341,0.0370449731171885,3
"20218",0.550977873538663,3.39663662552015e-06,4.48348439878059e-09,0.448716442192347,0.000160358839993855,2.09758000393972e-22,5.92836121730872e-10,1.14293995503752e-09,0.000141922573110228,4.6926004952454e-33,1
"20222",2.91279594290949e-53,1.32208159631617e-18,0.000142545335604139,1.52692318967978e-39,0.00213851209693404,0.0573590612155034,2.60129177472693e-49,2.9611074139861e-69,0.932803989204241,0.00755589214771743,9
"20225",1.50661624025681e-23,9.88234843127758e-05,6.32801829529159e-05,2.06545394657961e-20,0.772308254055042,3.81832735001067e-17,1.5235660387943e-13,4.26914135547861e-07,0.227529215363405,9.26261637175308e-35,5
"20229",2.84738940985826e-71,0.00192741297898392,0.00016424156983991,9.46076629387405e-45,0.0735555408108557,1.69381957626632e-12,3.19231655791335e-16,8.22851267782225e-33,0.924352804638626,2.45331623738712e-24,9
"20232",2.56136493965693e-49,1.37878761714059e-16,0.767470570768337,3.25685654098388e-36,4.17257097865025e-08,0.201986492896799,9.45461674238727e-15,5.76888446327728e-36,0.0305428856677226,8.9414218456447e-09,3
"20234",4.44806351834923e-256,5.59019306554114e-18,3.46546018136426e-21,2.42935363141758e-138,0.257567041394171,0.741326484704071,3.1846342149603e-59,5.24382286924991e-234,0.000697481476568915,0.000408992425189295,6
"20238",1.53318316596443e-70,5.47663340458024e-15,0.588202674613261,5.37208918902265e-37,1.47603455992263e-07,0.00224126344345456,1.33760090058873e-24,2.04939508791479e-76,0.400961622583658,0.00859429175616577,3
"20253",4.59630148407011e-104,7.50261410846323e-20,0.0225965703320877,8.74031201864698e-48,1.01299888572862e-06,1.00991414102354e-06,9.09750418473984e-27,4.72233987867973e-106,0.162749843649271,0.814651563105614,10
"20255",3.42200157783106e-08,0.000196676564051438,0.052464931745487,1.05553912579204e-19,3.45313116912664e-05,1.13888685847289e-06,5.65678592581754e-12,0.944852963231245,0.00244972403499459,3.02179636398851e-18,8
"20258",9.33955301430825e-82,1.07836941828877e-23,0.00126373347025885,2.2959659263495e-59,2.40296641024153e-07,0.00014702015459272,2.13316034286665e-27,1.2410550964356e-82,0.00302811253906662,0.995560893539441,10
"20269",1.73921688642835e-24,1.27851204481264e-13,0.00777018584342585,6.49284272909187e-13,0.000154152709017783,1.27469312583708e-07,7.69893378657373e-17,2.64623466010471e-52,0.67766765901156,0.314407874965906,9
"20271",7.91925257860568e-118,8.53734043008079e-25,0.000104066919575981,3.06053788319362e-73,0.00565020551634676,2.48061201125972e-09,3.18673239369391e-12,5.9218019886551e-106,0.947330124494257,0.0469156005860214,9
"20285",1.32179688948873e-66,1.25214158743318e-10,4.37289924115498e-06,6.38468901921747e-19,0.245444691823548,1.60157564763525e-26,0.0151798036106934,1.68204141839541e-41,0.739371131541304,2.34064636554944e-28,9
"20288",1.22964929298556e-47,3.5687325353969e-22,0.960346074205521,3.12958656413908e-35,3.6204608700422e-08,0.000267618929894379,2.69138992039788e-18,1.68985995706219e-55,0.0393804779691456,5.79269083011557e-06,3
"20291",3.62722894967132e-118,5.15451640179787e-08,1.37301095069723e-06,1.453236544099e-50,2.23694934676596e-07,0.981155266511417,2.47148782207906e-32,6.23302863748538e-124,0.0188342262100499,8.85902748400205e-06,6
"20295",7.49584701350374e-53,5.81012884343882e-06,9.07881384624634e-08,2.78781858671476e-32,0.445258958938024,6.54744212393743e-19,5.38869335881776e-12,5.02378385512059e-48,0.55473509452699,4.56126155646743e-08,9
