"","V1","V2","V3","V4","V5","V6","V7","best$classification"
"19812",0.000318089193060326,0.000275315045476878,0.00344138676161373,0.921295153518557,0.0745407027976018,0.000129352683690341,1.35903799911824e-22,4
"19814",1.0090071122571e-06,1.21400541906658e-08,0.00135549659405931,0.106707661736994,0.89174524035975,6.99534214350671e-07,0.000189880627815511,5
"19816",0.76335781481239,3.93179678665865e-12,0.00123245586343476,0.235408504702025,2.35836387547e-13,1.22461798218253e-06,6.65944961003507e-23,1
"19818",0.000859513994824585,2.95542858011547e-08,0.00538382155683739,0.990989968049602,0.0027574529329913,8.58444584467926e-06,6.29465614726078e-07,4
"19820",0.995796352638384,1.04466844098334e-08,0.00417938596208661,2.42509528455905e-05,9.41423339784811e-68,2.40132774507576e-28,2.88955001172865e-55,1
"19822",0.00138975964202979,0.00809841132536993,0.990509270805074,2.55822752694715e-06,4.94640121453992e-75,3.98943173550284e-30,3.60155894831797e-45,3
"19824",0.088230304464417,1.56963498424642e-08,0.911643670428982,0.000126009409927778,5.65457427037007e-38,3.23712857411895e-13,1.66736737351406e-17,3
"19826",3.48469058469107e-06,5.01961459415188e-10,0.0203003417702114,0.893080104477552,0.000864325172482937,0.0857517433871978,9.11620995586627e-15,4
"19828",0.953593929240247,4.24099020728409e-07,0.0234389793932604,0.0229666672674716,3.77864239473309e-32,2.69081455083198e-19,1.56296437090049e-28,1
"19830",9.79266590246289e-14,0.00441654985435186,0.0298227676792581,0.961533884460467,0.000884016595729318,0.00334278141009628,3.49228994416369e-17,4
"19832",0.00282780835638344,0.921949255262744,0.0303536776492871,0.0448692587193805,1.22045188722328e-11,3.62822876659283e-22,1.90120154701609e-46,2
"19834",0.105527173625326,1.31378917504376e-06,0.0495918896117923,0.844879622973706,4.94025218825155e-17,2.5266370080072e-17,8.46251518206805e-25,4
"19836",0.000156333488137553,1.48377779951111e-05,0.00759585393808592,0.9559096002703,2.70823738570441e-08,0.0363233474431073,2.7918413669357e-36,4
"19838",5.52733359696787e-14,4.9727993703986e-06,7.22360930810652e-05,0.0111287183262841,0.98879403369578,3.90029765357202e-08,8.24524505360873e-11,5
"19840",0.0771212733959208,1.17663710990048e-13,0.00723574132828175,0.915638255596619,2.42010954748393e-13,4.72967881843095e-06,1.76524452623346e-32,4
"19842",2.03688705761891e-28,1.48700155877175e-09,0.000493283870901624,3.77350394140858e-06,7.50181347526274e-11,0.999502941063137,3.78166267450347e-21,6
"19844",8.74803640496748e-21,1.05110316058228e-11,0.03007714257662,1.91504794362209e-15,3.54856843717205e-36,2.46229552612147e-11,0.969922857388244,7
"19846",4.15649841924857e-21,3.05691718340839e-09,0.000152940645452095,0.000280185517135071,0.944264159583484,0.0411172981175466,0.0141854130794645,5
"19848",6.67517539691859e-18,3.28794208545838e-08,0.00030722492929231,0.00246459362005481,0.10272002604875,0.0143152819163637,0.880192840606119,7
"19850",3.55490031809886e-12,6.3001244226162e-09,0.0150888564434399,0.00754116865186588,0.976866685261651,8.1127837720005e-08,0.000503202211525824,5
"19852",0.298303218478927,5.30911670749375e-08,0.00240484261830685,0.699290266864953,1.41766582045812e-06,2.01272935763357e-07,7.88939076095848e-12,4
"19854",1.63243415815678e-16,4.88748590904535e-07,0.00108616413338619,0.0176610746156104,0.12230955110059,0.0540369380725399,0.804905783329282,7
"19856",1.73124595240397e-16,1.10689078808215e-08,0.998028038578262,4.48969724942319e-05,2.22276790217617e-18,1.87313154764711e-08,0.00192703464902002,3
"19858",8.60245213809728e-08,9.8514924139151e-07,0.999945150097901,1.92093302493441e-06,6.12423493794709e-24,3.27793209910506e-16,5.18577953111407e-05,3
"19860",0.287344339745847,7.2081908087647e-10,0.005068795010829,0.70740584510073,0.000180583681118072,4.35740656870094e-07,4.60425495113031e-19,4
"19862",1.20435667421417e-23,4.05808181170382e-09,3.74653824650503e-05,6.58840494499497e-05,0.995956344060689,0.00394030244639585,2.91830810102858e-12,5
"19864",1.11426503482966e-27,6.49725935357637e-07,0.00558254883038029,1.02129347252346e-14,1.33242280888826e-56,0.994416801443674,1.11929083093151e-43,6
"19866",0.0391370558502122,6.98185349976444e-11,0.232788250802003,0.727805839028542,9.57552898847976e-28,0.000268854249423697,1.47417229524788e-37,4
"19868",7.03724140317879e-33,0.999997964263193,2.03573680678914e-06,4.90986200731947e-18,2.21735198702555e-66,1.84929385252771e-36,1.90751336701129e-48,2
"19870",3.3250556589488e-11,3.59837283077359e-07,0.00198800538781293,0.227865139433755,0.628646215197902,0.141500277613886,2.49610975821557e-09,5
"19873",0.000175220391546307,6.49177334716158e-10,0.0363914783007073,0.94553503904712,0.000225631035928191,0.0176726305753741,1.46471186099535e-13,4
"19875",0.976360331384025,5.82821072784872e-09,0.00502289910916767,0.0186167636785968,7.20144294021697e-21,1.57944090380214e-17,2.48689478817228e-39,1
"19877",7.66084915163373e-06,1.95600252748278e-06,0.00507450965482675,0.917907013202658,0.0741226942528568,0.00288607382083221,9.22171473635123e-08,4
"19879",0.000153507682382524,1.42792097912185e-05,0.00532706495132988,0.994498159168838,7.60917849299691e-11,6.98784966446429e-06,1.06190160269131e-09,4
"19881",1.12057902462875e-08,5.21226255630453e-08,0.0561149020199236,0.90965848538055,6.6729523582052e-05,0.0341598197011182,4.64099913058892e-11,4
"19883",1.64389040850928e-11,4.38389148413771e-10,0.00532513903009153,0.0604460871258111,0.000395084592763022,0.933833688796506,5.4788046788284e-16,6
"19899",1.65072997026999e-06,4.39084111687599e-06,0.0369993404020328,0.962993425805725,1.11461974833679e-15,1.1922211543372e-06,1.75263896030857e-31,4
"19908",8.40231012452784e-19,2.95498444581126e-07,0.999999702288607,2.19289623797538e-09,3.33633408780862e-61,2.00523162504674e-11,1.56706802817644e-40,3
"19910",0.0364831552156146,1.14054196805276e-07,0.00258844829890903,0.960009147418411,5.12316977815086e-06,0.000914011662157386,1.80933021104871e-10,4
"19912",1.15382940515836e-26,1.00510614537608e-09,0.00223964858215066,0.000258485153497684,2.99813506219523e-05,0.99747188390851,1.13730110928444e-13,6
"19914",0.00134943883251852,7.8957163509777e-05,0.0178084884507981,0.980762957481937,1.52571137717915e-09,1.56544045455235e-07,1.4794976275275e-12,4
"19916",6.71919627404419e-07,1.39007734117071e-08,0.99999921536817,4.98278106264791e-08,2.01274707945062e-51,4.89836181496935e-08,8.30899495100551e-32,3
"19918",5.93210721909021e-11,1.5401991054351e-10,0.00370158136498327,0.0559110814330233,0.821705317466566,0.0780544309053278,0.0406275886167585,5
"19920",7.87433903135376e-16,1.67263050073284e-12,0.00116874544431094,0.000396008993726574,0.00229507732021631,0.00019549855782716,0.995944669682246,7
"19922",1.37261801113979e-08,0.999992593821578,3.71766620013564e-06,3.67478604137512e-06,4.02189386066882e-16,1.56229196205006e-21,1.20394752787423e-42,2
"19924",5.41078558260444e-07,3.37291586841302e-08,0.0138296262081033,0.97143574422088,0.00174152193655901,0.00397244981466122,0.00902008301207912,4
"19926",1.04956585148377e-06,0.00469668849005978,0.0264112378751375,0.968809072456037,2.13248083686923e-17,8.19516129147961e-05,1.14047265138201e-37,4
"19928",3.46529803326617e-44,1.71070493184819e-06,7.02053259582755e-05,1.87627282669321e-22,1.96549145636542e-51,0.99992808396911,3.63522350908589e-40,6
"19930",7.2291153728651e-08,2.88344159232224e-07,0.000112993525359304,0.0374205728199976,0.962359471434252,0.000106601583884275,1.19366139138557e-12,5
"19932",1.90396657393875e-14,1.09320337116095e-07,1.93748529275672e-05,0.00249046138099634,0.99748650056901,3.26409486536414e-06,2.89781844869943e-07,5
"19934",0.31993195063861,2.16283048529374e-06,0.0551390695749449,0.624926816955958,1.76319453980064e-15,1.53464841218486e-16,1.01378263148846e-16,4
"19936",1.12046485336443e-06,0.000104053606077156,0.0263735375791396,0.970447349996155,0.0030738752743561,6.30794184526025e-08,7.30048191314948e-16,4
"19938",0.00229562139283285,2.30625324696411e-05,0.78890755672701,0.208773759347678,7.117122152872e-48,9.10613139604377e-15,6.12370592560723e-21,3
"19940",3.68396634422439e-05,3.99252381335279e-08,0.00474844140027149,0.857385502023361,2.60162785762163e-06,0.137826575191415,1.68414617532344e-10,4
"19942",3.69019740876401e-31,1.26933423203503e-10,0.00540410460004913,1.63812504111006e-12,7.10154969767646e-34,0.994595895271379,9.36425295253995e-38,6
"19944",0.0382998589116516,8.20282950606463e-08,0.00669734563494987,0.953960765193744,7.49534156688305e-09,0.00104194073595502,6.33052680288735e-14,4
"19946",0.00924468693644444,2.80427604232845e-08,0.0118298087004704,0.978780474211862,0.000108469092368605,3.23115954942822e-05,4.22142059949119e-06,4
"19948",3.2014154141328e-29,1.95287503356595e-11,0.000376350514513515,3.20229639541453e-13,3.09013868921527e-28,0.999623649465638,8.77390047015653e-32,6
"19950",3.84209210977593e-23,1.93702899945952e-09,0.000731073293005668,3.13078270173085e-08,1.6149550269917e-12,1.60662943248519e-08,0.999268877394229,7
"19952",3.2014154141328e-29,1.95287503356595e-11,0.000376350514513515,3.20229639541453e-13,3.09013868921527e-28,0.999623649465638,8.77390047015653e-32,6
"19954",3.94138554496323e-11,3.00899513045671e-08,3.13238569803911e-05,0.00804277418239941,0.991750511223507,0.000175347619217406,1.29885302538903e-08,5
"19956",6.78608252626755e-30,1.12606538877427e-05,0.99998317461817,9.07377900023828e-07,3.87068567907766e-08,4.6124518257355e-06,6.19135915882251e-09,3
"19958",4.3396604646913e-21,0.999999998587117,1.41288316102164e-09,4.52375433821444e-18,6.41452178531332e-43,3.50946860164329e-36,9.57321894670358e-42,2
"19962",1.38087413020709e-06,1.1644733988144e-05,0.919080342682753,0.0809051712067534,1.15452030041613e-11,6.53662069777106e-11,1.46042546405818e-06,3
"19964",4.35894632226508e-07,9.50201402206046e-06,0.0343454462986362,0.954741201097682,1.63296074172182e-06,0.0109017811359705,5.98315424813051e-10,4
"19966",0.00218495503476177,2.52579391570706e-07,0.789091454161446,0.208723234986432,1.10566636901281e-45,1.03237968277908e-07,1.36879645608514e-52,3
"19969",3.56978246855674e-10,6.42101742681948e-09,0.0296169469932711,0.654506069519542,0.251003236282487,0.0648737404267037,1.44159703800384e-21,4
"19972",4.47322774282856e-17,2.0004886218932e-08,0.00200745482812231,0.00297497904489006,1.83795439802865e-08,0.995014082091296,3.44565126150465e-06,6
"19974",4.97149955937945e-31,9.26810901006793e-11,0.000354661801776781,3.17431006700512e-08,4.09000199483204e-05,0.635375908947634,0.364228497394859,6
"19976",1.35604527268021e-05,6.91809742047125e-09,0.0101466718256847,0.984969644111166,0.00098233941140062,0.00377420873870373,0.000113568542220592,4
"19978",0.251070779042267,6.99125337902688e-11,0.00449282911529813,0.74437143167591,8.72852252107166e-08,6.48728113624358e-05,2.47855118859311e-14,4
"19980",9.02302462638165e-19,1.30485987207507e-08,0.000166558049798497,0.000698816280067404,0.342914134071071,0.000153678892383549,0.65606679965808,7
"19982",4.74300876672886e-15,1.33427832508e-06,0.51147931873086,0.0109659977958649,6.89465987377208e-07,7.98148903940276e-09,0.477552651747469,3
"19984",2.56895156370445e-17,5.12208747950524e-11,0.0244172611752503,7.41434564663322e-08,6.54853074264873e-18,2.88888047901945e-08,0.975582635741267,7
"19986",0.950216521088705,1.51179668615068e-06,0.0300176698553252,0.0197642972592833,1.74196676757887e-59,2.58978950332053e-18,1.2128450376504e-49,1
"19988",0.991197499111497,1.08442967821837e-06,0.00878824447172933,1.31719870953494e-05,4.30344129018436e-76,1.08774782641567e-31,2.27234389206287e-62,1
"19992",0.99884409340703,2.12861453943339e-09,0.000953882643312627,0.000202021821042833,2.68061005554773e-57,4.04612411055794e-29,3.55376323275263e-37,1
"19994",6.25294141310678e-08,4.77748442995451e-06,7.1823082959333e-05,0.038617248532233,0.961168298424876,0.000137789946060848,2.69206679846139e-14,5
"19996",0.994655049180158,8.40010297223695e-10,0.00248455975206583,0.00286039022776541,1.48709289586355e-48,3.48268397777831e-24,7.03471229355238e-33,1
"19998",6.1297203290706e-13,1.09559120386653e-09,0.992867843983742,0.00699641026466698,1.4805846897449e-17,0.00013574465538709,2.67450530104072e-20,3
"20000",1.9618299053857e-22,0.962786723823131,0.0231627314568313,0.0140495671275411,9.39913948312371e-07,3.76785477458397e-08,5.34293270533261e-29,2
"20003",4.10644345683864e-06,0.000217596119827437,0.00240148024986133,0.92015183599397,0.0760460952946989,0.00117888589818562,3.96780832141476e-28,4
"20005",1.84806223966982e-21,4.00475856163308e-09,0.000225007255215597,0.000365868589108316,8.04200816246786e-05,0.116588646775744,0.882740053293549,7
"20007",0.00267251609709244,6.2065217819508e-08,0.0155773165929038,0.981750105175502,1.16446250776921e-12,6.81196737504575e-11,2.16151789629473e-21,4
"20009",9.27290497923553e-05,2.58671535412342e-06,0.999442565405312,0.000462118829495046,2.49096364284162e-45,4.60837082729631e-14,4.3891102530394e-22,3
"20011",6.19704779990035e-12,2.7494590272777e-08,0.013470551212222,0.203901109383384,5.89998528027022e-09,0.782627517425945,7.88577676293349e-07,6
"20013",9.10182813283648e-10,1.72165472136587e-08,0.00910477499005762,0.253091983217594,0.615289672691588,4.77614860313282e-05,0.122465789487999,5
"20016",0.184607421072326,0.000170223044742126,0.814705489942879,0.000516865940052821,3.76894315521718e-63,1.21207547258851e-22,2.37957819103382e-35,3
"20018",1.0200221424603e-08,0.999995905388378,4.08441140077799e-06,1.83102381607398e-25,1.68513332748361e-130,7.09191864039389e-61,7.08593775487242e-109,2
"20021",0.97732386591101,1.8243705130911e-06,0.00518415102543369,0.0174901586929096,1.22151054968223e-15,1.3189741486459e-13,1.26886016656918e-42,1
"20023",0.0592879268871177,8.81211356037881e-06,0.0195370166442046,0.921166232929127,2.04559226624513e-13,1.14243413144006e-08,1.44483408970113e-12,4
"20025",0.00127499044656986,0.474484118772308,0.524240890777423,3.69963563131018e-12,3.84806404781405e-71,1.27256769001257e-44,9.83225969868833e-93,3
"20027",1.28641821288546e-18,5.89698929430695e-08,0.00307957508319544,0.0148299052117668,0.00167824623807615,0.980412214497069,2.35722101969362e-23,6
"20029",1.42457048302376e-16,3.83838417344714e-11,0.0251520081246585,0.0257321649434757,0.91071076354782,0.038405063314428,3.12341007131883e-11,5
"20032",6.95553918987436e-15,6.17573572987985e-06,0.000146939078603759,0.0213170692674445,0.779294464694023,0.199235351224191,1.1198062701219e-15,5
"20034",2.48674648443799e-24,1.34742207319085e-08,0.000709681501237131,1.84764192883046e-09,4.05398215768854e-25,0.9992903031769,1.41248412056138e-32,6
"20036",2.66684509472457e-10,8.08144670141051e-10,0.948760811932103,0.0512391831004993,2.29423387605475e-12,3.80212195182856e-09,8.81524240652817e-11,3
"20038",0.854298962609952,6.02949959262034e-05,0.00842852805895749,0.137212214335164,3.08558154184296e-35,5.10169347497819e-19,2.96545293150537e-55,1
"20040",0.00099794633447619,0.0640595235134291,0.934942529575378,5.76716916485188e-10,1.41415856186478e-89,4.96972970026192e-21,1.79569127844216e-48,3
"20043",0.968776436229882,4.65099724686784e-08,0.0226650580058383,0.00855845925430717,3.06546811366578e-24,1.10267632848394e-21,7.21737890142929e-31,1
"20045",0.97985845642898,0.000379572326855829,0.0197619128243199,5.84198439372878e-08,1.59545754388791e-79,7.17720584546197e-41,7.61614587612459e-47,1
"20048",3.81723271109897e-26,1.89500531336483e-09,0.00154264420793354,1.91225172019498e-14,4.79966954494786e-16,2.05630908933025e-15,0.99845735389704,7
"20051",0.0139975459286279,1.88710151779261e-05,0.803414678037282,0.182568807009744,9.80091685504838e-08,6.69122135595883e-25,1.86997991239161e-17,3
"20053",0.113242329267773,2.83343988792814e-08,0.124339251436897,0.762418233349029,3.30752184273753e-23,1.57594139336902e-07,1.77626562592525e-11,4
"20055",0.00129686079296815,0.00796622717465136,0.167192115768762,0.823544796263619,4.46953347098546e-25,1.43022300792626e-16,1.32975196555601e-67,4
"20057",1.92480100001126e-48,0.999999999999982,1.83189862267539e-14,1.18125448891863e-32,1.1780009327215e-65,8.57649913033955e-37,7.26661148917023e-56,2
"20059",0.0852739771676236,0.00323775074055697,0.347731217190001,0.563757041417716,2.05040490599007e-26,1.34841024529e-08,1.6115620980706e-23,4
"20061",0.142340346929757,2.59773838527051e-07,0.037237501712538,0.820421831679754,4.4089040042932e-13,5.99036711199594e-08,1.98205035325141e-25,4
"20063",2.55184899898006e-16,3.36047558632726e-08,0.999999966395099,9.03050415197556e-22,1.2500990573614e-79,3.07036836956976e-23,1.44569797591052e-13,3
"20065",0.0529767670954348,0.945177828524063,0.00184540066590155,3.71460111612678e-09,2.75568058984567e-62,7.69696637417402e-49,9.92073351332344e-105,2
"20067",0.904404359998093,0.000121164023746275,0.0941944610539904,0.00128001492416982,1.73716483295702e-38,1.91727907654453e-29,4.4780230717078e-16,1
"20069",1.91857144828622e-18,6.45522059449831e-09,0.000191047762012869,0.000302395302628146,0.0360870414085386,4.96545486129415e-06,0.963414543616739,7
"20071",4.74861623413234e-09,8.11947861956701e-08,0.865793486694944,0.134202772337394,1.58026093507463e-21,3.65502425964185e-06,9.44304717596517e-32,3
"20073",2.29698073065712e-10,3.55830264769376e-09,0.0730353532926097,0.00413558270423479,3.84963397703087e-06,0.000275896678505307,0.922549313902672,7
"20075",3.85488865615373e-26,0.999999896406079,1.03593862793713e-07,5.81092419408083e-14,5.05334805139003e-42,8.64360276718881e-40,7.63717798693627e-63,2
"20077",0.721191312748104,3.10091303237982e-13,0.000688733823112987,0.278119953383896,6.82527209523481e-20,4.4557105722839e-11,2.0184133010937e-14,1
"20079",2.77299778264587e-07,3.86608136414652e-10,0.999995602719866,4.11959173486592e-06,6.46031739363623e-21,7.9243741614037e-24,2.01276149006778e-12,3
"20081",0.257341022839414,0.0767725402456432,0.239229704529119,0.426656732385824,1.50530073492596e-29,2.4486775612388e-23,1.10202666932212e-28,4
"20083",8.67870166085429e-20,3.37909825647001e-08,0.999999916105458,4.96176584553397e-08,5.00501528756793e-32,3.93864689812371e-12,4.81962177185656e-10,3
"20085",0.994974770985573,1.46076204637209e-05,0.00500672363490106,3.89775906276215e-06,4.07607069188086e-71,7.41779474689894e-36,1.12923087968394e-68,1
"20088",0.974828096573668,2.74395958724604e-06,0.00631123720128182,0.0188579222654631,2.91733794731026e-26,3.20411316818994e-23,9.17379053088111e-35,1
"20091",1.48367322727797e-08,0.999983241882077,1.67044693608048e-05,3.88118297547027e-08,5.98017359116977e-45,2.10410778976245e-36,1.31111937199014e-42,2
"20095",6.39963754846283e-16,3.45238409873983e-07,0.999818009874594,2.52343989712488e-06,1.32348852651923e-54,0.000179118945950097,2.50114841147952e-09,3
"20097",0.99484048227765,0.000101410340237808,0.00505467136586584,3.43601624581791e-06,3.9041179223643e-67,9.25461890804761e-41,2.7395223799174e-72,1
"20099",8.98457724072355e-05,3.81581519610481e-14,0.999576945477268,0.000178338032653466,6.25154012606998e-42,0.000154870717632947,7.892044022036e-19,3
"20102",1.29082908101645e-13,0.906533360274255,0.093466639619438,7.9714934312602e-11,1.1646117374661e-31,2.78076437757873e-30,2.64630610147321e-11,2
"20105",0.843998542856018,5.56029868310583e-10,0.153187267755572,0.00281418883237976,8.18085884193023e-23,8.74086122616465e-25,1.32480345476259e-23,1
"20107",0.408045374747331,2.13573568872653e-09,0.00265717819658913,0.589297444919145,4.1431811714995e-32,1.19890609657457e-12,2.33245584433593e-30,4
"20109",0.0332843260828146,7.49281311245604e-11,0.961624815623886,0.00507431954114213,1.82139226449669e-22,7.81796530828312e-09,1.65308592637697e-05,3
"20111",7.78630785243137e-27,0.999999993848565,6.10605763921088e-09,4.53769640772226e-11,3.74907851123378e-20,5.56345238947025e-20,1.0456055591377e-26,2
"20113",0.000731004178595666,3.37279887460327e-10,0.0637357162184308,0.935493027894453,6.3169110242079e-30,4.0251371240267e-05,9.3222631529253e-43,4
"20115",2.81025081450459e-15,0.953179657603791,0.00376882480700463,0.0273611084525026,0.0149125862831142,0.000777822853585172,2.09889176685412e-24,2
"20117",1.32786946669572e-22,0.999960541783744,3.94582080600764e-05,4.49961807545833e-13,3.13859483566531e-93,7.74540538927124e-12,9.21279217825725e-69,2
"20119",0.0161293910658802,2.21817256879916e-09,0.925953420077442,0.0579145846831087,6.43627049216033e-46,2.60195539658047e-06,6.59172508765561e-58,3
"20121",0.772176902474696,4.0778531105894e-07,0.0050445329902077,0.22277815674978,7.28621411924849e-41,5.52767284012209e-15,1.1424008014761e-37,1
"20123",1.31447886031391e-07,0.99992977402586,7.00871961904733e-05,7.33006394920143e-09,5.10710407639295e-47,5.47239575670572e-43,6.76504688469551e-71,2
"20125",2.49911491797614e-12,1.76262972559613e-07,0.00115807554807127,0.00847526660492745,0.990302806253881,4.55306348171011e-08,6.36297970137254e-05,5
"20127",0.981864743613583,9.73254929598941e-09,0.0181347831680481,4.63485819571081e-07,3.44535570752825e-61,5.8529066258955e-35,1.66376099958481e-37,1
"20140",5.74381255760804e-08,0.0121688131304026,0.332010789484521,0.655820339901223,8.8858730453317e-29,4.57273544142054e-11,5.27275869187542e-50,4
"20142",6.72852292922631e-22,2.75881323230475e-09,0.000901064427151283,1.1453556695086e-07,3.13242489447485e-05,3.58843466068379e-10,0.99906749367068,7
"20144",3.28469839765188e-17,0.736974005065056,0.110600649054989,0.0420497245167339,0.110375621058881,3.04319308086735e-10,2.11497048159892e-14,2
"20146",5.3521690165642e-11,3.87306804198309e-07,0.99369247123108,0.00630635623146652,3.86673030925378e-10,9.40884053655748e-13,7.84789514022441e-07,3
"20148",8.34709515919129e-05,4.95409588264651e-08,0.0156527033117162,0.801120061669963,0.183143707529128,6.99664216333279e-09,2.6364210960277e-17,4
"20150",4.35946197634779e-25,1.95925200192242e-09,0.000369378733419664,3.62340401354721e-05,0.594923277233822,0.0673270192600775,0.337344088773293,5
"20152",9.94155700217305e-05,5.52627505296615e-07,0.00992554105217304,0.927767130822907,0.0621907326629843,1.66272504971388e-05,1.39114152824715e-11,4
"20154",0.000138252028534451,0.994406379361578,0.00545536860144889,8.43827695507871e-12,8.63344057863565e-62,1.62793984340294e-57,5.54230083317917e-44,2
"20156",2.22992480439153e-05,2.01376087656622e-05,0.646039390403673,0.353918169555786,5.62390054982322e-23,2.98120609255154e-09,2.02525269331957e-10,3
"20159",6.72067482245986e-19,9.6360792337924e-08,0.0043403111546845,0.00041264183727058,8.91064510731622e-08,4.53305718467285e-05,0.995201530968955,7
"20161",1.23906988679982e-14,2.11388520658826e-07,0.998143481853874,7.99838574476697e-07,1.21510906033793e-14,8.1605933786577e-11,0.00185550683740058,3
"20163",0.000108910197808841,0.00356178548477855,0.372851442720935,0.623398994491461,7.88654488051936e-05,1.65621136132061e-09,3.84184152381393e-39,4
"20165",6.10223992872366e-06,6.59664189480554e-10,0.994325996745321,2.46554689557671e-07,1.96893225510243e-27,6.46167144754017e-20,0.00566765380039657,3
"20167",7.78454536089833e-06,1.7579590565901e-10,0.00120226406842113,0.100978980751038,0.89778570935004,1.38648358385081e-06,2.38746257606095e-05,5
"20169",3.9341372662004e-25,6.2819145233227e-10,0.000500674068692203,5.30658706415554e-12,1.01938065503553e-11,2.1841707620556e-13,0.999499325287397,7
"20171",6.63351297581651e-07,0.996399820419081,0.00359951622962148,1.99840683474135e-17,2.08959754656956e-86,4.62990129099419e-65,7.24503427530968e-50,2
"20173",1.096979715049e-13,4.21593485290815e-11,0.99999999638827,8.83307838644091e-15,1.32191508885493e-47,3.56945174456394e-09,1.91043726328814e-17,3
"20175",1.62266770307551e-09,6.83638145805798e-07,0.0111714577204434,0.935105361846536,0.0211389058613743,0.0325792148233002,4.37448753292041e-06,4
"20177",3.64396127466997e-06,6.07355221275654e-10,0.993136072048518,0.00644257837822629,2.19060119624936e-45,0.000417705004625564,1.03142672633513e-20,3
"20180",0.971772862535213,0.000231780534972082,0.026257135096704,0.00173822183311157,3.50750505867357e-48,5.60668632165237e-18,3.06294617331836e-78,1
"20182",1.26695930459243e-54,0.999999551616961,4.45797588868446e-07,2.06699553716178e-27,3.92905550814208e-38,2.01982105833372e-09,5.65629222550493e-10,2
"20184",1.82958201948877e-13,7.81537133596324e-10,0.00438483025015046,0.000980439244432649,9.45140491760094e-05,1.35482829535623e-06,0.994538860846225,7
"20187",4.34996967940003e-13,1.51834317789499e-12,0.752784346238652,6.21883108945586e-06,3.34789273940119e-30,0.247209434928304,8.53451598002125e-16,3
"20189",0.441703210202773,1.9884448580763e-10,0.0771030412912859,0.480940544086837,1.16238061705028e-12,0.000253204219098174,3.64687765709237e-30,4
"20192",2.04527938255523e-06,0.856969880238596,0.143028074465655,1.63669532808871e-11,1.34816392489217e-52,1.1386641702879e-21,4.58907966380907e-72,2
"20194",9.30771979943043e-25,3.83520673264103e-13,0.952803892085184,3.16164607565127e-06,2.19768888479406e-14,0.0471912303920616,1.71587627302614e-06,3
"20196",0.592181441108694,0.234744135341978,0.173065700681504,8.72286782314932e-06,2.13749990075555e-56,3.72383581087515e-34,1.21246432305194e-56,1
"20198",8.0330091478004e-05,0.000260450215100764,0.221079388779785,0.778579768210235,1.44021983323337e-09,6.1263178331027e-08,3.62648023038724e-15,4
"20204",2.19958225709775e-17,2.0940780065478e-06,0.000438217786662566,0.000636012574942961,0.96314185252119,1.1412593866268e-07,0.0357817089132589,5
"20207",0.654697013168223,0.0125826563281419,0.330333287004468,0.00238704349916717,2.44885213257011e-43,6.96468202089599e-36,2.29391103055876e-25,1
"20209",4.91455566236519e-24,0.999927942629589,8.65592614808079e-06,6.32349164390939e-05,7.12161123624588e-12,1.66520702239837e-07,6.48763738681637e-56,2
"20211",3.54153678956078e-06,0.999558927152225,0.000437444636323936,8.66746613419916e-08,4.7350527055277e-38,7.53453235764013e-49,2.73245483284077e-56,2
"20215",0.860554050519137,8.95869202505151e-12,0.0129112084740594,0.126534740997845,1.24072348523178e-21,1.32067165331773e-19,1.20662527726492e-33,1
"20218",2.13230313169705e-20,3.54868475000063e-09,0.000390337730675001,2.32840707240111e-06,0.00794974909823541,1.77482481923059e-09,0.991657579440508,7
"20222",0.194658121953755,0.000181731302394237,0.802867554552807,0.00229259219104418,4.93899614420944e-31,1.79803858575183e-35,8.21516895977744e-29,3
"20225",1.65597801314177e-18,4.34927710351947e-05,0.99466109319956,0.00403122774922461,0.00126418625202083,2.81515777338772e-11,7.69654798179156e-15,3
"20229",1.55406737950596e-10,3.19826794245001e-05,0.931286054715393,0.0686819624497453,2.86096246400869e-14,2.23460713586254e-15,1.54303174877901e-37,3
"20232",5.82109098628855e-05,2.98839297513264e-05,0.0505038303020858,0.949408073467374,5.08968944545218e-26,1.39092569186296e-09,3.18809566828461e-27,4
"20234",0.0795314887120879,0.885237714126261,0.0352307971616435,7.5712817201364e-15,1.26886063327288e-112,8.67943678817252e-42,2.53679046827041e-103,2
"20238",0.624637142335461,1.90980216829607e-06,0.237442538442882,0.137918409419488,1.7004459312144e-36,2.83335765270423e-18,4.9358835767558e-31,1
"20253",0.992746922732728,3.6964105842738e-11,0.00271809442051114,0.00453498280979699,1.40315407118729e-41,3.74284744877993e-24,8.3065485551572e-43,1
"20255",1.23688038860861e-10,6.96602545265627e-05,0.000189364452592481,0.0502640946364239,0.949476867069966,1.34624408712278e-08,3.61858688914175e-13,5
"20258",0.992398716990553,2.75259701334648e-08,0.00686562641929937,0.000735629064177409,2.61164882977346e-35,6.74988032251835e-21,1.62422878082786e-46,1
"20269",0.666474019638103,1.55629883213596e-08,0.307961711266126,0.0255642535162623,2.02756626996544e-16,6.44463862664829e-15,1.65132421402378e-11,1
"20271",0.299938615870533,7.18489521882892e-09,0.699494667897013,0.000566708737245015,1.48769413910898e-43,3.10313747255724e-10,6.96028687010004e-58,3
"20285",7.62598299257533e-19,2.9457707800601e-08,0.923979378954448,0.00136316503595107,2.24434232201279e-23,0.074657426551892,9.55727274191016e-16,3
"20288",0.0144363588341916,9.67296354267541e-10,0.03417224138688,0.951391398811628,7.04763326005677e-25,3.86424037196591e-15,2.09431851286882e-29,4
"20291",0.00763506533976058,0.960299150326791,0.028736384767607,0.00332939956584098,4.71984359065856e-54,3.33672367278158e-23,1.31862555490599e-40,2
"20295",9.99167907691159e-05,9.56622085950357e-08,0.999897062753352,2.9232961506382e-06,7.31647491643936e-26,1.49751972743733e-09,1.86455981417587e-25,3
"20298",3.95997641868714e-15,1.2615987970627e-07,0.000435453518201051,0.0137925151400011,0.985756427283351,1.54735810665822e-05,4.31749653086349e-09,5
"20302",1.80971088735456e-13,4.90794484388271e-07,0.0904818364976501,0.0194027698014869,5.23449138645321e-06,0.00345935684946377,0.886650311565347,7
"20305",2.63937768179316e-17,5.15165998423123e-08,0.000199041386074712,0.003493095539698,0.996031597706269,0.000276213851358044,4.75013926448155e-17,5
"20307",0.961107335734447,7.5130205963252e-06,0.00538656918301849,0.0334985820619388,4.96704281299138e-41,1.36596932237752e-23,1.06223569800415e-37,1
"20310",0.411923190764036,3.84902140214268e-06,0.588072960160519,5.4043068051587e-11,2.70963577138516e-100,1.28794936079474e-36,1.80522438376608e-72,3
"20313",4.52993480098171e-30,3.73542170700331e-10,0.00195723258707232,2.90262340252573e-10,9.43574452859421e-19,0.000341105317349048,0.997701661431774,7
"20315",0.280063437567003,1.05848431796737e-08,0.0483786233861999,0.67155792846127,4.12346972706462e-39,6.84492820235192e-13,8.25652502454814e-39,4
"20319",0.0237094852749909,0.659285637022439,0.317003862926392,1.01477617778972e-06,2.78486697887853e-49,2.25889737042908e-42,7.59986442954459e-66,2
"20321",0.994244181408077,4.59945883842403e-13,0.00573444623831512,2.13723531479856e-05,9.73756076681519e-44,2.99138074074329e-26,6.79895268187447e-38,1
"20327",0.980358894249207,3.0206993411146e-10,0.0178287516716995,0.00181235377694624,2.46980749068303e-46,7.78968334711271e-14,9.59160926117706e-41,1
"20329",1.04710262981495e-30,3.24954626235007e-12,0.0194755432018545,2.9631841873744e-10,1.69702132125318e-25,0.98052445649745,1.12793851379382e-12,6
"20335",0.941816830034311,0.0227334707953334,0.0354474837800311,2.21539032460043e-06,3.58887486131366e-59,2.20271238540172e-42,2.28879236375063e-41,1
"20337",2.00773091175105e-17,3.6524423664132e-08,0.000218160739997806,0.000536029158029023,0.000448642121249369,1.83971735967574e-05,0.998778734282703,7
"20339",1.6679845851357e-13,0.948083628547604,0.0519161209216516,2.5053057801063e-07,1.58210597987016e-32,1.25125187833239e-24,1.9320765671532e-66,2
"20341",2.31134412466951e-07,0.991175350561964,0.00882441772312396,5.80499256545885e-10,6.89618373786726e-63,1.58814351063915e-39,7.29291880770634e-27,2
"20343",0.267862360024038,0.000112633127941381,0.73202495389211,5.295591085072e-08,3.6338580776801e-65,3.35154746145675e-36,4.17984893922654e-27,3
"20345",6.26603630411321e-09,2.80122627125238e-05,0.00937039662125469,0.882035200438237,0.0227137617712197,0.0858526226405393,1.91820333554059e-29,4
"20350",1.00203305627569e-13,1.82573005084134e-05,0.999978251925791,3.4907735865884e-06,1.81493676382609e-54,1.34675573109166e-14,4.39287181552698e-24,3
"20352",2.43801852285765e-20,1.59622692275122e-10,0.000645409789553546,1.97548640658325e-10,3.99564630608896e-11,4.36202320783128e-14,0.999354589813275,7
"20355",5.72934087912578e-12,2.78265331061576e-05,0.975102174518972,0.00013916830404288,3.83741513336895e-17,2.31396374501358e-09,0.0247308283241855,3
"20358",1.35677016535803e-28,2.4534244284499e-13,0.00814132878061165,6.50623872406768e-09,1.21108894130984e-10,0.991858664537709,5.40860463124031e-11,6
"20363",0.997173300032109,2.06885933556297e-12,0.00196634074978633,0.000860359216035735,3.77193907807901e-30,2.94817350287048e-24,4.06428049255452e-33,1
"20365",0.00733993233523028,0.819677331407665,0.0395358025423117,0.133446933714793,1.37991280544145e-22,1.78651659270327e-23,9.01382435109171e-41,2
"20379",3.83354018190567e-13,0.557089224614592,0.00334987251996602,0.430060726371981,0.0029807583625416,0.0065194158980191,2.23251688835982e-09,2
"20387",0.979399181889192,9.62548077845363e-05,0.00779287642513079,0.0127116868778925,2.2257414880113e-26,3.99234381099717e-21,8.96278847726599e-31,1
"20392",6.58984478887119e-05,0.999800117848416,0.000133983082731138,6.2096435999771e-10,4.77697927153803e-45,4.9401565819654e-54,1.0052950395596e-74,2
"20395",3.81767021946968e-05,2.69517903179622e-07,0.0221970029107817,0.968212043441845,0.00948035743455459,7.194056915293e-05,2.0942356807692e-07,4
"20397",5.96000107594542e-48,3.00516221085767e-11,2.00277367261933e-05,1.68013334833006e-21,1.78266260659647e-45,0.999979971989356,2.43866167597602e-10,6
"20410",0.904436423559778,2.59004408358318e-05,0.0195519051216245,0.0759857691734906,3.82192475089816e-19,1.7042708425545e-09,1.27948680454994e-53,1
"20414",7.61700683556784e-09,2.52672767483279e-08,0.141517655400528,0.051849140359074,0.805865922705656,2.90248817605893e-07,0.000766958401640543,5
"20417",8.60629594685893e-12,0.999859443019562,0.000140556971832115,1.05050439647793e-28,8.00276639325278e-144,6.32162723667006e-52,2.4151736820509e-126,2
"20419",0.994939506586699,4.19573460970996e-15,0.00471706245791571,0.00034343095538136,1.64357044809798e-45,2.68644290510539e-16,1.093933051471e-37,1
"20421",2.83754053591157e-09,0.873958580841485,0.100597082037296,0.0253778476049363,1.12603908537527e-07,2.34983263493129e-13,6.63740745992605e-05,2
"20423",8.20465808951545e-13,7.65455887854373e-05,0.00361952340922909,0.0195825964354724,0.966237101700058,1.70465920399103e-08,0.0104842158190421,5
"20425",5.27008510218055e-12,3.02258719576923e-06,0.645413088926437,0.258178042106524,0.02489600298335,2.03062612798813e-12,0.0715098433891931,3
"20427",0.0185441495425988,3.04093890428277e-08,0.019682273237165,0.960541740108791,0.00123172103296959,8.56690866648821e-08,3.67050499026831e-21,4
"20429",0.00761124750780162,2.99450537464061e-06,0.992382016658698,3.74132812599467e-06,3.24638137814653e-55,6.48168743483042e-19,9.43856400388648e-33,3
"20432",1.08341800694747e-15,5.08988078284923e-10,0.194171664282701,0.000539645769024486,0.745535728277784,6.29109315000041e-05,0.0596900502300011,5
"20435",0.0202583115017017,0.000723945389054153,0.486836751809556,0.492180991287162,4.63162420063677e-16,1.25261281456844e-11,2.12376070963973e-38,4
"20438",0.983056284883983,4.34592173987913e-15,0.00862774143172256,0.00831597368365707,2.0015460402621e-41,6.33216946019404e-13,2.03603728398362e-16,1
"20440",0.912165789553984,3.43278201659674e-09,0.0842733935471683,0.00356081346606565,1.33257217609561e-43,3.40739892635993e-16,1.67587034140845e-25,1
"20443",7.62138723168068e-15,5.20372269333708e-08,0.434076769563335,3.49721976495552e-06,5.54938445589572e-24,5.2161338153235e-10,0.565919680658052,7
"20446",3.80787488292756e-06,3.39442769738116e-06,0.70019512557494,0.29979767126865,7.40195368677934e-14,8.53755288649706e-10,1.35429461365134e-15,3
"20449",0.00831588644529239,7.37635708411566e-05,0.0204640042679996,0.971146344788871,3.89020270874233e-14,9.26956537612294e-10,7.69265434337884e-27,4
"20537",0.285469595409285,0.671877176905857,0.0409856547496154,0.00166757293524314,2.52761902148542e-30,1.41007280350162e-25,6.78974552819575e-29,2
"20540",0.000119684381636558,0.999873473026987,6.84247231122342e-06,1.19064900561126e-10,2.18660554881948e-59,1.64741347666568e-43,1.0115370827033e-77,2
"20543",0.00833401186079159,7.83101912774028e-05,0.0116500875730157,0.979937513860835,7.14369372062062e-08,5.0770622735184e-09,8.07518006271605e-14,4
"20545",1.02915272875361e-06,0.999959835833165,3.91348431832231e-05,1.70922635778767e-10,3.07490872478418e-41,1.64292119543389e-54,2.29494422550275e-51,2
"20549",0.00267182231325172,0.000843914104353912,0.00789735914778375,0.984507866677993,0.00401888151381717,1.96835843506971e-10,6.01560459649099e-05,4
"20551",0.487673100439401,8.21104974976349e-07,0.00462069275812525,0.50770538568732,1.08224505370511e-15,7.67794714835731e-14,1.01006858842568e-11,4
"20554",0.900240639864153,3.37178881648874e-07,0.00712529305297389,0.0926337299006249,5.10722785500852e-22,3.36638332189837e-12,5.56200144013911e-20,1
"20556",1.38064776221999e-05,0.000161597783609978,0.0844709279618667,0.91535366777649,4.10705784841161e-13,6.98154593857387e-18,1.2527938965644e-19,4
"20558",0.993016275504783,2.13621476335355e-08,0.00389968086229889,0.00308402227077085,6.6444963360522e-42,7.9922791699197e-24,1.47448574339365e-32,1
"20560",0.89367927323335,3.33344733612808e-12,0.00384253825203167,0.102478167841779,4.81512603509545e-15,1.24972977034705e-14,2.06694882073632e-08,1
"20563",0.987970761645334,3.89179702463576e-08,0.0120288697341447,3.29702550831294e-07,8.30667470742768e-62,3.97177500153547e-32,1.87794283093853e-40,1
"20565",0.146133149543395,5.33360899130462e-11,0.599794950007201,0.254071900391753,6.62057496537356e-21,1.84896581573541e-18,4.31436934953245e-12,3
"20567",3.29625179818331e-16,1.75795309553806e-08,0.0537043333155325,0.00101081445668879,0.00400099120191206,0.00104087312214173,0.940242970324194,7
"20571",1.36844139194095e-05,1.49595771181708e-09,0.999947140552819,3.91735373042254e-05,2.89337638600036e-72,1.53394090395624e-20,1.10035757289336e-49,3
"20573",0.189080206837897,6.50182040477275e-06,0.00904031590610581,0.801872975432122,1.19551814018919e-16,2.3466639535137e-12,1.123519177473e-12,4
"20575",0.880828214837357,3.26298889227153e-08,0.118035559129741,0.00113619340301311,3.13901704318393e-52,6.64034952519787e-19,3.79929517511475e-43,1
"20577",1.74925376476711e-05,2.46248350186808e-06,0.0147665752995001,0.985213272787101,6.57805436577337e-09,1.90314195783724e-07,3.72926519595794e-23,4
"20579",1.00388962862544e-33,5.97972509812917e-12,0.00627686808471967,5.0123272343452e-13,3.02485887529214e-20,0.738468821376408,0.255254310532392,6
"20582",0.992692187928256,3.65359080527314e-09,0.00726439092462079,4.3417493532938e-05,4.36716881279294e-52,4.84446849716616e-30,1.83299196458308e-48,1
"20585",0.0544224474719677,0.913036986072174,0.0301024268038906,0.00243813965196751,4.43026389743129e-18,3.95869583283779e-35,1.01401840855357e-48,2
"20588",2.36524352449448e-12,0.995473313970455,0.00448607622462122,4.06098025583678e-05,1.31066927719685e-32,2.33506272694242e-21,1.66279448151803e-27,2
"20590",5.77765394236347e-30,2.04755177124903e-12,0.000570512250379079,1.49581434660208e-09,1.3775475768762e-06,0.0288671657178551,0.970560942986327,7
"20592",0.997862301401881,1.2717552480536e-10,0.0019939741689459,0.000143724301997125,4.05332775710799e-58,1.85781442165787e-27,1.02209982550134e-30,1
"20594",0.975230994422341,5.93251881874731e-07,0.0247295697226831,3.88426030938738e-05,1.05541036440229e-54,4.13534454738199e-25,1.46731807481939e-59,1
"20596",0.116008142110342,3.19332739966822e-13,0.052966277611201,0.831013854152533,1.89365315845741e-29,1.17261256039605e-05,8.12684118656121e-16,4
"20598",0.649827744112772,4.45915589997416e-08,0.00541902667820748,0.344753184558584,3.36759046246132e-16,5.88774731929179e-11,5.47724586412136e-17,1
"20600",0.000128240674589579,0.287119663516453,0.123328118280292,0.589423977528577,8.68185123912984e-14,3.79751380191217e-18,1.48502119737241e-15,4
"20603",5.08643738148596e-11,0.0302985793351619,0.196264824610742,0.72255480781495,0.0508816644807217,1.21296461703675e-07,2.4110980339226e-09,4
"20605",0.257993926980728,1.34003794014838e-06,0.0158360094559977,0.726168723521968,1.8992644320561e-38,3.36610116355984e-12,1.20312894906742e-46,4
"20607",0.655196449831019,1.26952594216434e-12,0.00101540469341425,0.343788139056757,9.2749443537734e-30,6.41754044156376e-09,2.38976762393771e-27,1
"20609",0.936346225711881,2.39841459570975e-08,0.0123792406553596,0.0512745096484845,6.32305154885961e-19,1.29081030012092e-13,3.65792190189442e-24,1
"20611",1.2504369037611e-18,1.2590236972906e-07,0.00040088000399851,0.00804604647925524,0.278842390102578,0.712710554369467,3.14233149382153e-09,6
"20613",0.396064577769295,0.000986528819059816,0.00722259842631517,0.595715942785524,1.0344985109943e-05,7.21469669157642e-09,2.32465004166557e-29,4
"20615",0.00154791261253694,8.50249312048881e-05,0.0460363471892119,0.952330714791953,4.55874606558161e-10,6.53400344885571e-15,1.92119200851384e-11,4
