"","V1","V2","V3","V4","V5","V6","V7","best$classification"
"19812",0.982136267281793,0.000292732150115311,0.00523614497494472,0.00860739509860828,6.47751646613681e-05,4.10845089225555e-19,0.00366268532987694,1
"19814",0.131370199558802,2.33094465257689e-06,4.88130096735411e-06,0.864061152753612,2.81266662048437e-05,0.00238281080605615,0.00215049796970556,4
"19816",0.162258830907583,0.823101757664361,1.14496604042566e-09,3.92402320320569e-13,0.0143713627104495,8.33831535081066e-21,0.000268047572248669,2
"19818",0.991289144609415,0.00166780303020024,5.97096448951169e-07,0.00297754540967155,0.0025143566118068,4.3890012319929e-05,0.00150666323013776,1
"19820",2.32490460370341e-06,0.993727989787125,9.5325461842563e-08,1.04015043451276e-70,0.00244265750423037,5.3278720820313e-59,0.00382693247857883,2
"19822",4.52485765139994e-07,0.000225386838775554,8.47213568164961e-05,1.01938277500127e-85,0.779111806884801,1.65124616964683e-50,0.220577632433842,5
"19824",1.06376862371874e-06,0.136222507811624,1.44882703545675e-12,1.21544306572152e-34,0.862963438017977,1.76652664221691e-17,0.000812990400326168,5
"19826",0.835282385912471,3.58079839090836e-05,1.1752326451328e-09,0.110132507074602,0.0488987219479629,1.12792716702868e-12,0.00565057590469411,1
"19828",0.023826879902655,0.965420610428056,4.06577721642912e-05,8.8008212526257e-33,0.000608954007823049,1.65511809680974e-29,0.0101028978893015,2
"19830",0.925607662966932,3.08571223945908e-15,0.000107486802435636,0.0181703235966493,0.000926824824854258,5.44357105115051e-13,0.0551877018085816,1
"19832",0.00873461871064926,0.00215985985593357,0.964876586645327,1.33977020378151e-15,1.87611695858994e-08,7.64299504097015e-44,0.0242289160269193,3
"19834",0.918092370871409,0.0546538163282649,0.000102171058048868,1.62660301853244e-20,0.00884481723706774,5.05556201308848e-22,0.0183068245052095,1
"19836",0.985569723549245,0.000477456289984715,4.61983104608549e-07,1.99846477639121e-08,0.0126523516435264,9.36516106776203e-30,0.00129998654949171,1
"19838",0.0208509046950723,1.84785811073257e-14,1.75547631325844e-05,0.978357196843337,9.26390940479651e-08,2.78850077738051e-08,0.000774223174337772,4
"19840",0.72688556991806,0.171488746938286,4.0029701028186e-12,1.56548789380841e-11,0.0891863815761546,1.90720397933125e-27,0.0124393015478414,1
"19842",6.83781795190441e-05,1.74439011580714e-28,2.46955368897138e-20,0.8292152720497,0.170705299906389,4.75793437224688e-16,1.10498643911582e-05,4
"19844",3.13487964959718e-17,1.042203072107e-22,6.79346528512508e-21,3.95571835937554e-30,0.667902180543232,0.332069151853832,2.86676029360122e-05,5
"19846",0.000478694152098835,5.17451655678504e-21,1.39324340128801e-13,0.869653791751698,0.00123887671514388,0.12861487261814,1.37647627794889e-05,4
"19848",0.0016585517399436,6.98238985324937e-18,5.68898694793685e-10,0.0163002524096873,0.000129424779592734,0.981792970424628,0.000118800077249723,6
"19850",0.0114467993808537,6.490863306999e-11,9.76282797299223e-09,0.970928183937237,0.00417540122230655,0.00426465442267079,0.00918495120919543,4
"19852",0.472461136484211,0.522941035361414,2.83387658360779e-05,1.70740290669996e-06,0.00303491519570732,1.26534324979636e-09,0.00153286552458179,2
"19854",0.00652011179116699,4.82788959205962e-17,4.25859919722076e-08,0.0182326769551453,2.45560611722111e-05,0.974088734410352,0.00113387819617174,6
"19856",6.07988084747652e-06,1.03708732096853e-16,2.68137914107801e-13,5.9158783571361e-16,0.997338901255118,0.00188843262221664,0.000766586241548847,5
"19858",3.81128280971053e-08,6.36315621692774e-08,2.399014705022e-09,7.80342585092311e-30,0.996552532119328,1.05687998893367e-05,0.0034367949373774,5
"19860",0.423386829576988,0.55248557158989,1.84360336585748e-06,0.000222592938245655,0.00414519983253933,1.21527517046544e-15,0.0197579624589704,2
"19862",0.000231384859493348,1.14746581693785e-23,4.50200125784828e-14,0.999559766900141,0.000194012849428404,1.0355003773344e-08,1.48250358884077e-05,4
"19864",1.44217861040374e-16,8.43517500294486e-32,5.73002448973544e-31,5.63771991041889e-36,0.999999983900578,1.08514636691177e-40,1.60994216412149e-08,5
"19866",0.169407061386117,0.0414944476673516,9.01791937272887e-16,1.73473101278304e-22,0.789019789004739,5.22477162764088e-32,7.87019417912655e-05,5
"19868",1.91911345719954e-19,6.58034948128633e-44,0.0136581715039421,8.92503527271858e-59,2.50236064403311e-15,4.56055170379755e-56,0.986341828496055,7
"19870",0.0975354300062566,1.43069012882629e-11,1.03955041352782e-09,0.901486671038554,0.000664763185392884,2.58893852502357e-06,0.000310545777414175,4
"19873",0.916085678574492,0.000789536439780673,2.78473399381409e-11,0.0125668392789581,0.0693066997125091,1.61457741588813e-09,0.00125124435183545,1
"19875",0.00854040001724568,0.96119296497921,1.37128016605828e-05,5.96732115801326e-20,0.000238570459717764,5.18811387293458e-38,0.030014351742166,2
"19877",0.885265333535499,1.15075392755833e-05,4.95230671133349e-05,0.10914919133082,0.00285246773729946,3.85745716085125e-05,0.0026334022183839,1
"19879",0.99162933951905,6.8545953446165e-05,5.92236403171685e-05,6.51793760775362e-11,0.00729754306612442,5.48557462709546e-08,0.000945292900137138,1
"19881",0.83335795438306,4.60111915565056e-08,4.81204128525418e-11,4.87371141350543e-05,0.166503824937586,7.01809951670625e-09,8.94304878079433e-05,1
"19883",0.394271379541188,1.90101023822674e-10,7.18137529657613e-16,0.368891963556062,0.236831397029896,1.02082005960532e-11,5.25967254417428e-06,1
"19899",0.982742024858406,1.94666728059809e-07,6.61671263310215e-05,1.69369770128544e-12,0.000238226372808258,1.37372473377202e-27,0.0169533869740326,1
"19908",4.42547675152853e-10,2.26026692621652e-22,1.31703946020688e-18,2.54063429335249e-42,0.995354393662712,4.61916714881559e-37,0.00464560589474008,5
"19910",0.90471420620859,0.0896771187971143,3.65763539907002e-06,0.000112354993185517,0.00484347059373978,3.80747752821207e-08,0.000649153697196394,1
"19912",0.00102528524308184,9.42241278319443e-28,1.25607510727656e-19,0.927862458957473,0.0711099158075719,3.27538530061741e-10,2.33966433480682e-06,4
"19914",0.976160725086463,0.00087986137276951,0.00113610515935753,2.06107255194332e-10,0.0194788443317025,1.46717466183645e-10,0.00234446369688295,1
"19916",3.02928310876387e-10,1.27469494569131e-06,3.5377493003871e-18,4.15144625393947e-45,0.999615291837398,2.26599747715846e-30,0.000383433164727674,5
"19918",0.0814401812056453,3.24829754878492e-10,4.88339652510019e-13,0.649299579086625,0.0190802916967183,0.250158682603881,2.12650818121839e-05,4
"19920",0.000535401616296118,8.30483361291566e-16,6.16925994670331e-13,0.00318175528944812,0.00302208095926691,0.993144129894975,0.000116632239396178,6
"19922",1.33838812000455e-07,9.15957477704483e-11,0.983870430899383,5.53451577773449e-17,6.12017841246452e-15,2.38816828614303e-42,0.016129435170203,3
"19924",0.935646272372731,2.00574232902845e-07,1.33635498988538e-06,0.00715016298380019,0.0216461989986824,0.0334144448202152,0.00214138389534863,1
"19926",0.984499088891636,1.41451831817144e-07,0.00298157874671895,2.93382884298817e-16,0.00260415110471216,7.84232356299227e-36,0.00991503980510158,1
"19928",1.99547693276192e-24,8.66017372198972e-49,9.97261238588768e-34,1.43018750399422e-30,0.999999975754091,7.47845254852527e-38,2.42459089501992e-08,5
"19930",0.0557337717612271,2.92693130760294e-07,1.84098745290191e-06,0.943964830940248,4.95129253071939e-06,4.16204578245126e-09,0.000294308163364228,4
"19932",0.00546790337770835,3.27620756846867e-14,5.69898368357267e-07,0.99437750315059,2.7416636729491e-07,2.98234154351888e-05,0.000123925991498098,4
"19934",0.687440940918184,0.278735786606184,0.000205917790912996,4.94520363410689e-20,0.0257995056213915,6.51097005490544e-17,0.0078178490633279,1
"19936",0.983241195004932,3.65288022585651e-07,0.0077463538584895,0.00122441540793375,1.13087814601443e-05,1.85540993790558e-14,0.00777636165914335,1
"19938",0.175838335806941,0.000333403097979793,2.34129643990129e-05,6.35492621740637e-46,0.805329789653577,4.33284150851939e-24,0.0184750584771036,5
"19940",0.975328215561251,7.57857128525931e-05,3.14975888663395e-10,0.00043509363616368,0.0241090630342722,5.04035029844413e-08,5.17913369819368e-05,1
"19942",7.24661425419523e-13,4.61864736447631e-33,3.17363708172044e-33,2.23475965948299e-19,0.999999997515335,8.12794900952033e-34,2.48394058879976e-09,5
"19944",0.851034664915456,0.101525289422845,1.52240583603472e-06,1.4253864815922e-07,0.0468239146664711,4.74799949754592e-12,0.00061446604599489,1
"19946",0.917963291343038,0.041587920048722,9.13532304789324e-07,0.000233063529442508,0.0371305514227691,0.000168831007442509,0.00291542911628159,1
"19948",1.15490198531213e-13,6.62100211649881e-30,1.20425201891441e-34,1.27062614734157e-12,0.999999999870838,1.54210653927667e-26,1.27775940883931e-10,5
"19950",6.93390161251243e-09,6.53001510942984e-25,2.35114919330205e-12,7.25957218202189e-11,0.000817652096911732,0.999079177996553,0.000103162897687041,6
"19952",1.15490198531213e-13,6.62100211649881e-30,1.20425201891441e-34,1.27062614734157e-12,0.999999999870838,1.54210653927667e-26,1.27775940883931e-10,5
"19954",0.0157912878108867,1.31289488833558e-10,1.40281544543911e-07,0.98410021970634,3.32458475868362e-06,6.0687225598801e-06,9.89587626203873e-05,4
"19956",1.96399288907483e-06,2.78627325931723e-33,1.92015138316227e-11,1.2480971451951e-05,0.198640680219827,1.17357947160667e-06,0.801343701217158,7
"19958",6.74010712530801e-23,5.27130067272377e-26,0.996296680114258,4.82662799185793e-42,9.12556278850631e-19,1.01223211819939e-45,0.00370331988574197,3
"19962",0.0392069185489675,2.57345644573386e-05,1.80496359470391e-05,7.25559008711283e-12,0.902795211034296,1.917244149507e-06,0.0579521689649273,5
"19964",0.928282358928782,3.28252595790448e-07,1.60113139788677e-07,2.47959413549071e-07,0.0697401993150977,1.49425826617483e-08,0.00197669048838879,1
"19966",0.0527759203430817,0.00112545152442314,6.052016536475e-12,3.08290052619861e-48,0.945049670485737,8.97625340957071e-53,0.00104895764070612,5
"19969",0.723313344461741,6.80582291619811e-10,1.13628380532224e-12,0.240045499497933,0.036320612444507,1.10814869625388e-15,0.000320542914098989,1
"19972",0.0762463985685093,2.52671724089419e-16,1.28706468444209e-13,0.0293186918131124,0.878754628173175,0.0151802950803555,0.000499986364719041,5
"19974",1.70316092236077e-08,8.75919732126652e-33,8.3440624420412e-22,0.0106952358132274,0.0166479710893517,0.972656521519392,2.54546419241488e-07,6
"19976",0.964988013557337,3.3461988313976e-05,8.21398196366311e-08,0.00779380330505549,0.0186056586642952,0.00593158602533607,0.00264739431984296,1
"19978",0.4807718572231,0.503878073742015,3.9303565327017e-09,2.44053280167916e-07,0.0144404250133048,3.23023480082106e-12,0.000909396034713371,2
"19980",0.000506841846644202,2.8563184357183e-19,1.19277127770112e-09,0.0538303205639794,2.24284698648229e-05,0.945520846886445,0.000119561040294887,6
"19982",0.0235770455692793,1.11826892555546e-16,9.05186740797072e-06,2.31513753737972e-05,0.0138965764179964,0.544979212303915,0.417514962466028,6
"19984",7.34352486146879e-09,2.00926427111311e-18,1.22187965789434e-15,5.51224464157563e-16,0.0515103575255989,0.948473413052431,1.62220784431648e-05,6
"19986",0.00363549558333731,0.911685682667517,1.24687766265547e-06,1.08406280230478e-55,0.0792679658291666,3.38645898134509e-50,0.00540960904231636,2
"19988",9.99192810386407e-07,0.976546538257911,7.05359450917379e-06,6.76543825898939e-79,0.0029909744145824,2.95976810344162e-65,0.0204544345401869,2
"19992",4.32561141816997e-05,0.985438792103049,1.80928040981211e-06,1.38085853059982e-54,0.00605760872115737,1.3452103141105e-39,0.00845853378120215,2
"19994",0.0566046914054551,9.73183493254552e-08,8.39645451029347e-05,0.943012336222833,9.91535920656778e-07,9.23900616453878e-11,0.000297918879948789,4
"19996",0.00116115502906556,0.989562483661422,1.95316824618307e-06,1.22223483461777e-45,0.00350666928530962,1.10766226559522e-34,0.00576773885595656,2
"19998",0.00148424734315598,3.65540739804201e-13,5.38317251415291e-18,2.00380815984889e-15,0.998504286509588,8.45131372260846e-18,1.14661468888988e-05,5
"20000",0.00538340228516624,5.44794526180956e-26,0.000499033080719824,8.95858212209065e-07,3.29447573448196e-05,1.65546377400837e-25,0.994083724018557,7
"20003",0.993689007251824,4.25593980577764e-06,0.00026514942029731,0.00279029481007464,0.000120612830619781,5.20865944508364e-23,0.00313067974737829,1
"20005",0.000288935363782215,7.77631302479106e-22,1.41074223972278e-12,0.000102989416543931,0.000410265975297251,0.999141924797378,5.58844455879095e-05,6
"20007",0.978731791978537,0.00402932731427628,8.6451945668591e-06,1.60998810295941e-12,0.00448747317291613,4.24797973048472e-17,0.0127427623380933,1
"20009",1.16560393466104e-05,7.16861254233334e-05,5.97766326453006e-10,3.50348090716744e-48,0.999524436221646,4.18312314578013e-24,0.000392221015817976,5
"20011",0.756554616374305,8.8016431627705e-12,3.41323861269965e-12,0.00243918125948786,0.240363442481796,0.000330632671469365,0.00031212720072758,1
"20013",0.276175859164759,2.63127768128558e-10,8.719698657898e-07,0.267722091736351,0.00378175511354249,0.449584944952683,0.00273447679967102,6
"20016",1.93452117973358e-05,0.069740530395318,9.53596744791833e-07,1.68187904685304e-65,0.90827133580142,4.38846629267548e-36,0.0219678349947203,5
"20018",1.07023364700421e-30,1.6917598156034e-10,0.0426398677725229,8.88858504877945e-131,5.57336245893093e-10,3.53336608015567e-118,0.957360131500965,7
"20021",0.00609065019362724,0.991079391267862,1.98325029365453e-05,7.71631609433422e-18,0.00026320355420974,8.96599284027642e-39,0.00254692248136448,2
"20023",0.838175251918519,0.104820500995603,0.000661749115170798,1.39992140124658e-13,0.0546544472079933,1.7446720143607e-12,0.00168805076082991,1
"20025",3.24930689945098e-16,1.53772479571641e-05,0.00567684232045809,1.19444052814784e-74,1.94896617840635e-08,4.41340077873002e-92,0.994307760941923,7
"20027",0.0243483929755893,1.7983710638235e-19,2.17456439111268e-13,0.96982271611568,0.00569856524158609,6.1157770832831e-18,0.000130325666927302,4
"20029",0.0566680288457969,1.40863341405813e-16,1.62283733226975e-16,0.836496713947562,0.106799232800312,5.79365798877238e-08,3.59664697492499e-05,4
"20032",0.00650556926754448,1.14973508080412e-15,9.84596595881182e-09,0.993394703072849,1.29768706316513e-05,3.54492451368743e-13,8.67409426530602e-05,4
"20034",1.77501559358582e-09,2.72019614411457e-24,1.391251411939e-25,2.89438582608335e-09,0.999999821119067,2.95502499037271e-27,1.74211531745511e-07,5
"20036",0.0326535042023876,7.33797591605631e-11,1.6567369556214e-10,2.71604615241246e-10,0.674272480371354,4.90822443950835e-10,0.293074014424778,5
"20038",0.268861791109276,0.712091191198948,0.00750605236589645,1.80427064776903e-37,0.00015747830622481,6.78399410208396e-55,0.0113834870196552,2
"20040",8.86152199261351e-14,0.000237405855173149,1.55912679909367e-07,2.05380390355535e-82,0.69559715046111,9.00822744366254e-52,0.304165287770948,5
"20043",0.0036759479013364,0.949395789128441,6.9297740659921e-05,3.42073169494664e-23,0.000270225850149343,5.70286708090623e-32,0.0465887393794136,2
"20045",1.11526860387077e-09,0.976795824753805,0.00411245052630913,1.55274872698523e-84,0.00171197054184357,1.54981779589951e-52,0.0173797530627737,2
"20048",1.01230724954573e-15,5.39286215057314e-29,9.73868928882166e-16,4.89870322776795e-19,0.0059998245397901,0.99392297441201,7.72010481977819e-05,6
"20051",0.0923778411345947,0.0439963235794213,0.00569797271546941,4.97175116848307e-11,0.0018306909945042,2.22892974607231e-16,0.856097171526293,7
"20053",0.282466067532895,0.166629439323446,2.12776374309114e-08,7.61426625237345e-18,0.548691537508383,7.60009540746531e-11,0.00221293428163714,5
"20055",0.838955791169986,3.38728994042707e-05,0.0165360035766021,1.14995508708899e-30,2.62781258681166e-06,1.66593443347313e-64,0.14447170454142,1
"20057",1.02418031553877e-38,1.52398584468596e-60,0.00635604804458812,2.76730299775429e-66,2.14641636519673e-18,3.35953715882606e-63,0.993643951955412,7
"20059",0.328138293408225,0.39569938245354,0.00604962280473161,5.22472000068365e-22,0.147932985150584,8.02289683996863e-23,0.122179716182919,2
"20061",0.452294645636999,0.489585116801412,1.3620774959535e-06,1.86915360450251e-12,0.0293744523894097,1.49679070213406e-20,0.0287444230928146,2
"20063",2.34130043921718e-27,1.39797067313235e-19,5.84093009375752e-20,2.43217754929829e-69,0.998902121770889,1.478552037669e-17,0.00109787822911085,5
"20065",2.94060006555504e-11,0.00086901224514229,0.997825780654484,1.37008839023468e-74,2.63172184545194e-13,2.11579246726995e-108,0.00130520707070496,3
"20067",0.000199941755093252,0.943086429932286,0.0088403041824912,1.97490800007941e-40,0.0332570509802574,3.86042617491131e-18,0.0146162731498722,2
"20069",0.000215930948181412,3.45061067533175e-19,3.31309969896251e-09,0.00849481465803656,1.4401290152373e-05,0.991150477638122,0.000124372152407955,6
"20071",0.15293135661692,2.46489737464253e-10,1.03893861196099e-11,1.35793659550683e-19,0.836888572607362,2.99345899336097e-26,0.010180070518839,5
"20073",0.00100050169041291,1.22364364054355e-09,1.86277823336784e-12,1.39191939134592e-05,0.150227688905277,0.848534491517115,0.000223397467775175,6
"20075",1.24808348360245e-15,3.68981049746263e-35,0.881227364555625,8.94397037240249e-49,8.69294133828205e-19,7.91771265929225e-69,0.118772635444374,3
"20077",0.182793494579513,0.756178389163179,5.28986224045881e-09,9.7188759290897e-18,0.0509332216742261,1.10288987196727e-13,0.0100948892931086,2
"20079",2.04222505233249e-07,1.30437633433028e-06,2.81838380672639e-11,2.73310266790386e-23,0.958072391315121,1.92349482635733e-12,0.0419261000559317,5
"20081",0.130749589069294,0.00370307877189928,0.859415839801064,5.00381723823824e-29,8.38543594327041e-08,1.52781294169755e-31,0.00613140850338371,3
"20083",6.90313266205718e-09,3.00776679237713e-22,3.89942520238135e-15,3.72098836464782e-30,0.999295434565802,1.27470250376582e-10,0.000704558403590532,5
"20085",2.73411166035596e-07,0.993076582826705,0.000114596627061881,9.43206899528866e-77,0.000484568878397565,2.19104229465972e-72,0.00632397825666927,2
"20088",0.00735365043122094,0.984179751490554,0.000718095151264679,1.17466770830232e-31,0.00447452443045148,2.4091095744347e-35,0.00327397849650902,2
"20091",1.03361566037235e-09,5.15338640799953e-13,0.998914715219942,1.86095727262941e-51,2.77525808846751e-13,1.38738244486299e-46,0.00108528374564985,3
"20095",1.12163576763051e-07,6.50833306215366e-19,3.51902706908797e-16,1.17038694959406e-31,0.99937807560835,1.67753975534373e-10,0.000621812060319035,5
"20097",4.32962198169804e-07,0.983538283783857,0.00428485243018895,5.46135032925684e-76,4.6392072294587e-05,5.86816369738875e-76,0.0121300387514613,2
"20099",4.48875433635943e-05,0.000105944693859916,1.50419641697607e-25,3.9130163494453e-31,0.999849106332382,2.38499722893607e-17,6.14303946591673e-08,5
"20102",8.01899807814582e-14,7.89680094280624e-17,0.0126929223813752,1.09345381286603e-36,0.000101716004604411,5.34369935995052e-12,0.987205361608596,7
"20105",0.000417425818800146,0.940214524640303,4.25930333523878e-08,6.69406654533733e-28,0.0301561880375363,4.09801163026496e-23,0.0292118189103269,2
"20107",0.474578971093956,0.5082564153591,1.69720872027114e-06,8.65499012577923e-30,0.0138046470165156,8.56891384796377e-29,0.00335826932170804,2
"20109",0.000284283885293693,0.0513284790902965,6.71304020736303e-14,2.79464918640832e-19,0.948111380579059,5.45558927664408e-06,0.000270400856006731,5
"20111",1.29407142400599e-12,8.79560800866134e-33,0.836542543743184,1.24098971836889e-17,2.09952339286417e-16,2.77441167014871e-28,0.163457456255522,3
"20113",0.852603310615603,0.000641920958029847,3.77997376957494e-12,5.75939964006106e-21,0.142458471757035,1.46649964156107e-37,0.00429629666555144,1
"20115",0.00221954873972298,3.22798890155408e-16,0.000524682479139126,0.0652819249036149,7.33312413106053e-06,3.65242220146098e-19,0.931966510753392,7
"20117",7.05201932436806e-14,1.93869506525484e-28,2.43452456248023e-09,1.5141873480132e-66,3.40844888358882e-05,3.71560208995518e-76,0.999965913076569,7
"20119",0.00321452191472603,0.00602218597273561,4.11759198113933e-17,5.26868614863576e-40,0.990726707387618,1.95293362018899e-55,3.65847249198878e-05,5
"20121",0.143299014566268,0.827698785867977,4.33928507914067e-05,6.30397649717581e-38,0.0252547278277865,3.13216599057008e-38,0.00370407888717761,2
"20123",4.60731934605362e-11,6.45662897518942e-11,0.99978602547551,2.90512397116699e-60,2.45708672829947e-13,4.24486171947402e-76,0.000213974413604675,3
"20125",0.010424058294922,1.83172872831672e-12,3.16478683944637e-06,0.988144613605366,2.88259011896502e-05,0.000608788601193657,0.000790548808657621,4
"20127",2.08730076993598e-08,0.989129940458426,3.51153033050038e-07,6.25238459906968e-65,0.00134638591960326,5.11131824024264e-43,0.00952330159593004,2
"20140",0.897914003694367,1.47640507955009e-10,0.0117573478816569,2.96968130046399e-23,1.5897143318623e-06,5.71450145673544e-50,0.090327058562004,1
"20142",4.51173496154437e-08,1.51088755819785e-23,6.59826022437093e-11,4.77386958400235e-06,0.000195509659054782,0.999542466279172,0.0002572050088565,6
"20144",0.0489554324152991,1.91214269331258e-19,0.748241484273858,0.00952959577090695,6.44518473686771e-07,1.30810892359072e-12,0.193272843020154,3
"20146",0.00209618191254835,4.29933308774974e-12,1.1213753234463e-06,1.54671609291727e-08,0.00404720555757138,7.10750944797362e-06,0.993848368173649,7
"20148",0.887577535849828,0.000355273080291197,9.80346128822894e-06,0.0817941744047751,0.000236899146281478,4.7580152658559e-14,0.0300263140574878,1
"20150",2.05840027610775e-05,4.04443964944792e-26,3.82895520182498e-15,0.365034396925383,0.00120590835471192,0.633726883806523,1.22269106174674e-05,6
"20152",0.971804959748316,0.000534466585370384,4.14653227515028e-05,0.0223091397930024,0.00208924195050543,2.72080431853292e-10,0.00322072632797389,1
"20154",1.42549181363809e-14,1.58034719196413e-06,0.997160547193159,6.290654249599e-75,1.61795012666858e-09,1.09202976012886e-51,0.00283787084168508,3
"20156",0.412037199032992,3.56549964235931e-06,0.000429155815701085,1.4839495873599e-18,0.154347252379958,2.75879637926882e-09,0.43318282451291,7
"20159",0.000412384470768293,2.59944610913422e-19,1.18896981170242e-07,9.74572220421191e-08,0.000262657367027351,0.991491735783087,0.00783300602491453,6
"20161",1.40023524168819e-07,5.29030437899345e-15,6.78988832174251e-10,7.99737170701314e-15,0.902375465000014,0.00281967054543532,0.0948047237520242,5
"20163",0.277199980829921,0.000200305804309932,0.00181968055019634,7.82051398634724e-07,2.02922507720797e-05,1.14989137905703e-35,0.720758958513402,7
"20165",3.36305729214096e-09,2.76175311838634e-06,4.82409675757918e-11,7.318236968968e-27,0.978277475858965,0.000919823434228079,0.0207999355423906,5
"20167",0.170934743175259,4.82395133900468e-05,4.95744040759049e-08,0.826800284497332,0.000485306438379928,0.000549485187429198,0.00118189161380608,4
"20169",6.46995748684891e-13,1.30909821759675e-27,3.83597158586693e-14,3.51491534341709e-13,0.000623740263818275,0.999325849999088,5.04097360566728e-05,6
"20171",3.41005410009361e-21,3.26008836571366e-10,0.993745710451433,2.0502428259899e-94,1.79014922842355e-10,5.08921564051997e-58,0.00625428904354288,3
"20173",1.2194927923756e-18,8.41106276117797e-14,4.002281389531e-26,9.44000433517555e-41,0.99999747569643,4.9322065995619e-18,2.52430348590199e-06,5
"20175",0.768675555227303,5.96427623979663e-10,6.49263375272435e-06,0.222132445095093,0.00149912181155299,0.000544271388046803,0.00714211324782341,1
"20177",0.00285938817761022,1.91354764790327e-06,4.92715985231907e-17,1.14367769869493e-27,0.996938891592108,3.05413139548013e-22,0.000199806682633767,5
"20180",0.000305828665329386,0.975470459977452,0.000159642286186207,1.01017141944799e-44,0.000283267759801303,6.02393813211351e-77,0.0237808013112312,2
"20182",5.12601748312868e-30,1.98390991287328e-62,2.14460194288976e-14,2.17969712874073e-29,0.0392440351070258,3.17911890646408e-10,0.960755964575041,7
"20184",0.000914149114886774,2.7542464064191e-14,1.15877137441589e-09,2.35370208011116e-05,0.00523808945385028,0.993607727614275,0.000216495637388289,6
"20187",2.06892407906256e-06,9.97192740972306e-14,1.40703727873875e-23,7.71084223572303e-16,0.999783696438629,2.64090284910616e-13,0.000214234636927172,5
"20189",0.139445284946724,0.665958077392606,5.52172712131059e-13,1.87402628381104e-13,0.194456433190881,4.46410516705043e-26,0.000140204469048733,2
"20192",1.98786631167345e-16,3.95233082230013e-07,4.14441535279119e-06,6.15304878513311e-47,3.10446802848138e-05,6.21704455505731e-72,0.99996441567128,7
"20194",6.54426354990058e-07,8.83088890141776e-28,1.12165690066513e-24,2.02859853437274e-08,0.999977923186745,8.45400232590756e-06,1.29480985890256e-05,5
"20196",1.15566718308784e-06,0.0731593260450421,0.0260641595173951,1.07486989759912e-62,3.67337867828595e-05,6.33732724821679e-61,0.900738624983597,7
"20198",0.9655919385653,0.000165277853951518,0.00376120043531395,8.21310548231456e-08,0.00118409418674016,3.89577267841966e-15,0.029297406827636,1
"20204",0.00171620656202291,2.64107357606482e-17,9.22073398021368e-07,0.658551546881138,0.000145835497699129,0.337391572829188,0.00219391615655331,4
"20207",0.00138379616372406,0.123268527943084,0.839531903166729,2.23346714534161e-52,0.000809054526506799,3.72331747342014e-30,0.0350067181999558,3
"20209",0.000160895581963891,2.9760325853551e-28,0.0480074917225014,7.89785432702091e-13,3.77485059157626e-09,7.12234125396215e-52,0.951831608919894,7
"20211",3.25475976874356e-09,9.42710693474856e-10,0.999878571077407,6.83132750098204e-47,9.56659501290036e-16,5.57880244081402e-59,0.000121424725121754,3
"20215",0.0457025804401478,0.727053236593713,1.02482622807983e-08,1.76562671401673e-23,0.0408768998463544,1.13467085793905e-31,0.186367272871522,2
"20218",1.02424827419338e-06,1.16200334546697e-21,8.47765157002783e-11,0.000536570246981102,9.68064841044728e-05,0.999272815119521,9.27838163423374e-05,6
"20222",0.00183328562548273,0.138932709161309,0.176741968624278,5.06671296493884e-34,5.72033459674362e-06,4.27512545360358e-32,0.682486316254333,7
"20225",0.00357669499027744,4.07519309534364e-20,1.30915644159546e-05,0.000774912956012112,9.83226267556729e-06,2.91581464361398e-13,0.995625468226327,7
"20229",0.17825680684897,4.09315849069477e-12,5.32826316097994e-06,6.73725388637033e-16,0.00612295707900006,1.54422409822798e-32,0.815614907804775,7
"20232",0.978651195667132,7.78914905925898e-06,0.00161906068785456,1.53256278291023e-17,9.27468159445638e-05,1.15589347846726e-25,0.0196292076800101,1
"20234",1.08919159388848e-18,0.00257353003759418,0.00271592810446047,1.54813777892816e-108,2.10970578510429e-07,1.78396957367122e-112,0.994710330887367,7
"20238",0.0250733301762844,0.621473209278997,5.82212961286621e-05,4.93879298231663e-34,0.0678594435191544,9.43099855581582e-29,0.285535795729435,2
"20253",0.00163772826618191,0.929476316737591,4.0028130264699e-09,7.85213646540595e-47,0.0445402578270527,5.94939526014226e-43,0.0243456931663616,2
"20255",0.0872967136303266,2.48747023231167e-11,0.00152253254508002,0.909530223400326,2.5316348973572e-08,4.5938309782444e-10,0.00165050462366088,4
"20258",0.000163186803295973,0.993964646813075,1.34077328761079e-06,9.06856135595634e-38,0.000544238732493746,1.16505914516456e-46,0.00532658687784791,2
"20269",0.00307914758048616,0.887242947217204,2.09195445578799e-08,2.16463149934884e-20,0.102915360805199,1.16828588559216e-11,0.00676252346588358,2
"20271",7.82911481167207e-05,0.547509809423225,7.68465659030663e-14,1.03828689590718e-40,0.443265241644921,7.93495095121253e-56,0.0091466577836595,2
"20285",0.000574073977368861,3.17340639560318e-20,8.59217599768631e-18,1.61773610090152e-16,0.999386317872998,4.08660417058381e-17,3.96081496333424e-05,5
"20288",0.905644476402422,0.00746269754332913,9.63411459349133e-07,2.49947482923209e-23,0.00680799475243223,1.36562280238607e-26,0.0800838678903571,1
"20291",0.000560566925817871,0.000194811538692515,0.933372855973305,3.38035606603029e-57,6.7840964722561e-05,2.01586966736915e-43,0.0658039245974617,3
"20295",1.38808003127768e-08,0.000542682029252037,7.72422078949939e-15,2.47525234156248e-22,0.996993073914722,3.92514202683708e-23,0.00246423017521813,5
"20298",0.0126156482712033,2.35776552270608e-15,1.03941226652804e-07,0.98704690449325,7.39315033257886e-06,3.70777211479705e-07,0.000329579366773313,4
"20302",0.0144909466346321,3.42178303133627e-13,8.7242739964338e-10,1.60609216259512e-05,0.244465328350454,0.740053412885438,0.000974250335080494,6
"20305",0.0143055692202148,1.27250528350796e-16,7.8740892368863e-10,0.985060962630167,4.16639270996373e-05,1.77674809049655e-12,0.000591803433332424,4
"20307",0.0224215636490203,0.963415153583424,0.003691319677752,6.12106826348669e-47,0.00568651413329234,2.1799339238493e-39,0.00478544895651128,2
"20310",2.05008404354747e-13,0.25719320825891,2.02378881840461e-08,4.99874895909571e-89,0.0098153201728334,1.00988829364415e-75,0.732991451330163,7
"20313",6.72089455254727e-11,3.0555419468212e-32,8.89625634467161e-18,9.29155006663195e-13,0.050689649912813,0.949281291560541,2.90584585079802e-05,6
"20315",0.788892394832611,0.193351184043628,9.99301586455804e-08,7.39847705596737e-37,0.00844192978382436,9.29967231853462e-39,0.00931439140977806,1
"20319",8.41874162055859e-09,0.0105817570852621,0.785873238789877,3.92942961512352e-59,5.81209210083623e-06,2.48351048630827e-70,0.203539183614019,3
"20321",1.00994905720276e-06,0.700515274861354,5.38257067144475e-11,1.03263347060889e-43,0.0803421447756111,1.58656400630395e-37,0.219141570360152,2
"20327",0.000242952278842999,0.985514461836826,2.68351901244507e-11,5.25536847083078e-41,0.013588895190101,5.25912932428e-40,0.000653690667395341,2
"20329",2.54148067071642e-10,3.16879388492246e-32,1.10094051306998e-32,1.2053682449263e-08,0.999999984353637,3.25191168021503e-10,3.01334145856631e-09,5
"20335",1.86256745759335e-07,0.560006450994287,0.410897556476138,4.8724413799921e-64,1.56585147477208e-05,5.74113418948747e-45,0.029080147758082,2
"20337",0.000434313514325585,9.35507717793121e-18,3.67810791028532e-08,0.00010160206171962,9.09976515478217e-06,0.999072407341024,0.000382540536696625,6
"20339",4.35237709624826e-09,2.59013303128867e-15,0.0106567197098685,2.12797602229719e-33,3.29516558058556e-07,2.69014313778773e-64,0.989342946421194,7
"20341",9.2650144928176e-12,6.71465058905156e-11,0.992836516730446,2.73833187148866e-68,4.11067666225386e-07,1.86926966543591e-32,0.00716307212547572,3
"20343",1.82108075311608e-10,0.354049895719454,0.000235135719322728,3.31895662454944e-67,0.502430983745011,7.85167936225074e-32,0.143283984634103,5
"20345",0.991828855844639,1.00884580881901e-08,9.35595405878117e-07,0.000423760137448419,0.00552245841081508,7.64171977375434e-24,0.00222397992323416,1
"20350",4.58531764541073e-06,5.37872123314341e-17,1.37338289774903e-06,1.30620143153894e-33,0.000157919368416527,1.06812172081651e-26,0.99983612193104,7
"20352",1.57152520524087e-11,2.15616535222931e-21,5.47989932943613e-14,2.02212565118081e-12,0.000997135587785944,0.998972860317369,3.00040770527486e-05,6
"20355",3.03018776305997e-05,6.71108018823549e-12,1.4512692476345e-06,2.39152867208267e-16,0.947548419648937,0.0117824060981279,0.0406374210993459,5
"20358",5.61228943368547e-09,3.16995647466993e-28,1.19196227300687e-29,0.000205028848066867,0.999794941742045,1.45564684383057e-08,9.24113071146264e-09,5
"20363",0.00012023219494943,0.916678163443544,4.88695360918183e-09,2.18258058613121e-33,0.0444519027830448,3.47531756674193e-32,0.0387496966915077,2
"20365",0.051310797541077,2.4433462918671e-05,0.937974921503397,1.20506491327738e-29,4.30687500203017e-09,1.57462155685963e-43,0.0106898431857327,3
"20379",0.1881105836917,5.54256535892402e-15,0.697921373594112,0.0449896805738228,2.46580477651041e-06,1.48185260751428e-08,0.068975881517057,3
"20387",0.00607423493726721,0.987034784550004,0.004807333233734,4.88828063475409e-29,0.000498791909476467,5.97268408502725e-32,0.0015848553695179,2
"20392",4.38575831889051e-12,1.3291952747963e-07,0.999906121521407,4.10320985126023e-55,5.00299381401528e-17,2.11821365266756e-77,9.37455546794999e-05,3
"20395",0.842995479032208,4.40452737450176e-05,0.000167441631556972,0.133806575684883,0.0010520627002514,4.40414828070498e-06,0.0219299915290743,1
"20397",1.62228487243611e-22,7.20910478583445e-52,7.87927181280186e-40,1.70485575931513e-19,0.999999996785016,3.20872555678491e-09,6.25863274574116e-12,5
"20410",0.0198338126411369,0.974012842303695,6.68871741045677e-06,5.7430459193942e-21,0.00237688367495476,3.61572028187713e-49,0.00376977266280278,2
"20414",0.0532872932605695,1.32094382233387e-07,1.09162338587284e-08,0.806106298945527,0.047945144800118,0.0148154839525947,0.0778456360305751,4
"20417",6.56325250886605e-35,1.46080834534899e-14,4.53950117859221e-08,8.07580021364649e-146,4.97922894934143e-07,5.89146866176901e-139,0.999999456682079,7
"20419",4.20979717842836e-05,0.973381634335508,1.79975336023754e-16,5.46991394180554e-48,0.026526485468557,3.97884036569696e-37,4.97822241504036e-05,2
"20421",0.0035494162884832,7.61653168207134e-11,0.833742015895447,5.81329206063366e-10,0.000162989263630266,0.000158383528672058,0.162387194366273,3
"20423",0.0469298504910139,3.27984019167027e-13,0.00190887781919302,0.733711916753527,4.20467218347397e-05,0.198405898056922,0.0190014101571814,4
"20425",0.384184878705134,1.8491617104635e-13,5.56583329957067e-05,0.00127487237465103,0.00983834649629333,0.264979197384026,0.339667046706715,1
"20427",0.886611716195045,0.0761309861057541,4.69711371470818e-06,0.000321315384364099,0.0052661227090946,3.88399110027831e-17,0.0316651624920277,1
"20429",1.89034729227849e-08,0.0020357920822009,9.06638028757696e-10,1.83151001877274e-54,0.904151533695303,8.69944827628298e-32,0.0938126544123849,5
"20432",0.000234481759742769,5.92242512081797e-15,3.09570138655519e-13,0.640321033127122,0.197102390237713,0.153533787442853,0.00880830743225325,4
"20435",0.373470181754422,0.0385916058288283,0.00558598922843399,2.47440905124689e-12,0.000161606291293949,7.7167562724209e-33,0.582190616894548,7
"20438",0.00102808763182911,0.661104561773955,3.16926964283986e-14,2.88304390480241e-33,0.329179866518186,1.77013143585521e-17,0.00868748407599803,2
"20440",0.00122240873503645,0.960087572130959,5.65809384714292e-10,1.37556270566461e-44,0.0377918099340443,6.86646721396627e-28,0.000898208634151353,2
"20443",1.10557171353807e-06,2.69710951981015e-17,9.61798951567018e-10,3.44893914735298e-19,0.384326462928651,0.561173361817631,0.0544990687202056,6
"20446",0.255163195561661,4.4844904480292e-05,2.5395766655692e-07,5.90407272671541e-16,0.730112102330226,8.10129151422164e-16,0.0146796032459649,5
"20449",0.968963792450356,0.00716062937727917,0.00138313491138388,2.47988254930901e-17,0.0202346898901171,1.15849050747951e-24,0.00225775337086416,1
"20537",6.9577728765817e-05,0.272515748437902,0.70891901619735,4.45508747170557e-36,0.000236899581800586,9.31526665436208e-30,0.0182587580541819,3
"20540",1.06864736756627e-13,8.68232766634762e-08,0.999937063406473,2.86356954001136e-66,1.8546083695006e-16,3.98065557523859e-83,6.2849770142745e-05,3
"20543",0.980624147762583,0.00980718910902853,0.00072159477319251,4.41062606612979e-10,0.00671254743600499,1.6082424240046e-11,0.0021345204620457,1
"20545",2.00356213544779e-12,1.51554580647031e-09,0.999975203094903,2.88983908682488e-51,4.3845773992048e-17,2.00585710661641e-56,2.47953875476001e-05,3
"20549",0.965177956971107,0.00246963848504749,0.0261497738763642,0.00081101231576244,6.67486301419525e-05,0.000577417738625308,0.00474745198295119,1
"20551",0.64488659606697,0.345114293999996,0.00340414991112468,5.16443921547141e-16,0.00382433340394331,6.75065178463531e-12,0.00277062661121522,1
"20554",0.0708641234413003,0.925910348095358,1.39923160916438e-05,1.11772070772796e-20,0.00201753263268543,2.08142545665708e-20,0.00119400351456427,2
"20556",0.957014391876507,1.47720503386358e-07,0.0292677174565501,2.18782656536519e-14,1.25929839205044e-06,1.56278524308785e-19,0.0137164836480251,1
"20558",0.00185607489356807,0.989564869722258,7.80028807707184e-05,1.11767482307177e-38,0.000346236389696039,1.23781973943735e-34,0.00815481611370743,2
"20560",0.038501121783662,0.893342878327571,3.50607048379854e-08,3.01553323125682e-15,0.0640435153964421,1.46776070079274e-08,0.00411243475401041,2
"20563",1.01107441420149e-08,0.98800136003941,1.38608358748007e-06,6.25499322802163e-60,0.000658195772649807,1.45794178871696e-44,0.0113390479936081,2
"20565",0.0228684411447101,0.0208758245926071,3.33419737904383e-07,4.91136196681085e-18,0.0125002249385379,3.59416653312132e-13,0.943755175904048,7
"20567",0.000942948654798548,3.33880574818061e-17,2.76398743942428e-09,0.0114154425295752,0.0282259460130781,0.951997202137544,0.00741845790101629,6
"20571",2.19836662654461e-05,1.00221537379742e-07,1.72736785337937e-12,1.79163747793516e-53,0.0545246139430839,4.35503650405689e-51,0.945453302167386,7
"20573",0.812532478283244,0.163141977783345,0.00188798936231588,4.56547016625317e-18,0.0199870140265954,1.32524368188417e-11,0.00245054053124807,1
"20575",8.68122209025731e-05,0.8402357328345,2.69124877880079e-10,4.33035155906345e-51,0.158923552641131,1.51086858222752e-42,0.000753902034341312,2
"20577",0.989471902887332,5.99096798681157e-06,5.4297489701472e-06,2.47259970415152e-11,0.00942742477765274,3.11532546746811e-20,0.00108925159333287,1
"20579",1.23157037195811e-13,2.53586637687255e-36,1.39584977761513e-29,2.41334736175808e-11,0.158046162319411,0.841953829762764,7.89356876207797e-09,6
"20582",3.62855865910811e-06,0.990619737090982,1.91896894774343e-07,1.69233227413692e-58,0.00362314939967362,3.45605979985522e-52,0.00575329305379099,2
"20585",0.000199989749408432,0.00264382354237095,0.994158852129144,5.1927121355974e-25,5.86405147358295e-11,7.676905230405e-48,0.00299733452043603,3
"20588",1.74868092320202e-05,3.66177095507203e-17,0.998892475127671,1.53124375211095e-32,4.53267031049087e-10,1.20050205550836e-31,0.00109003760982982,3
"20590",6.67980257862037e-10,3.73226471679694e-32,3.62708959774458e-23,7.02710666462882e-05,0.00797486188551849,0.991954814309887,5.20699674094355e-08,6
"20592",2.16049870992047e-05,0.984020694100361,2.98633410038879e-08,5.45424862875453e-59,0.0140823173697784,1.38888843802646e-33,0.00187535367942096,2
"20594",6.33147064368328e-06,0.994919146422964,2.1239749984657e-07,3.2572847779676e-58,0.000992334204497722,7.89754409082184e-63,0.00408197550439468,2
"20596",0.696829696658547,0.148279909241697,1.4363030772815e-13,1.20085730154063e-18,0.154206373356903,7.78188998161273e-15,0.000684020742702054,1
"20598",0.280407732412448,0.711962381893472,7.2419442716477e-05,8.01268968584721e-15,0.00453752677220339,9.77222044208529e-18,0.00301993947915249,2
"20600",0.170641133965935,4.37452803110252e-07,0.824410938424121,7.52868058093684e-16,1.65257173763491e-06,4.98205349262246e-16,0.00494583758540198,3
"20603",0.595921070682883,6.47277617769919e-12,0.134789845729191,0.135557980387036,7.10198330929419e-07,3.66338658218746e-07,0.133730026657427,1
"20605",0.731547338770879,0.250644951442298,9.33631496461896e-05,1.74157658839573e-33,0.00184301451863328,2.06827750893982e-45,0.0158713321185441,1
"20607",0.227241724027057,0.760166500377263,7.34883308861266e-10,1.06270635678852e-22,0.0109361631075715,3.27367819570802e-27,0.0016556117532242,2
"20609",0.0276438940409926,0.966915539061142,4.13733526190161e-06,6.50537699575199e-18,0.000388727652286931,9.44567033556449e-24,0.00504770191031641,2
"20611",0.00500179044365277,6.22331804405664e-19,1.45330846124814e-11,0.994716020488435,0.00021274989149482,8.27375771923867e-07,6.86117861125385e-05,4
"20613",0.401591718494313,0.588036070779267,0.00375365248231079,1.67727025642074e-07,5.76625493465539e-05,8.67587515662957e-26,0.00656072796773654,2
"20615",0.96851457597279,0.000153877251613111,0.0143215263877685,3.29991663043895e-10,6.56824280725998e-05,2.96445160930126e-11,0.0169443376001192,1
"20617",9.08650226598692e-08,2.54081221483343e-24,3.49602496904204e-11,2.10937854882612e-11,0.00738337743298777,0.991092460598136,0.00152407104779959,6
