"","V1","V2","V3","V4","V5","V6","V7","V8","V9","best$classification"
"19811",3.12938102407092e-05,0.17932405671738,5.76480698521e-17,1.71072813321628e-12,0.01539906337148,0.0452999406167612,4.90669921310647e-11,1.68435374288314e-23,0.75994564543336,9
"19813",0.00379835334835433,1.37059251691357e-26,1.61159059175467e-31,2.06432415230643e-30,0.00573152953781471,1.03598166027298e-11,5.12577639103172e-75,1.26440286922957e-91,0.990470117103471,9
"19815",0.000657724807093279,0.115980544893457,9.23434817369475e-07,0.00667596899984853,0.000580537203640689,0.876104300661142,1.02039659541983e-16,9.29941017895406e-74,1.57644178538781e-15,6
"19817",1.20975773570453e-06,0.970746090902275,4.65746573610084e-13,3.98203337630327e-05,0.000207613970675522,0.0290006540766012,4.61082337075892e-06,7.18890373405523e-27,1.35112635438128e-10,2
"19819",0.0952199934145632,2.8492322736098e-72,0.55602798409988,0.348390997313555,0.000361019154553673,6.01744820109483e-09,2.70039267719361e-52,4.70836263726484e-124,4.70120356104436e-80,3
"19821",0.0193854054347748,9.33256874674293e-06,1.00553578004234e-10,3.08192908568454e-15,0.687884124542904,0.255623547760489,1.86390956941253e-09,4.8394226125479e-18,0.0370975877286193,5
"19823",0.0933028868426332,4.49983966736384e-06,3.3186517960184e-13,0.906663477016628,1.43108937683698e-07,2.89931918018577e-05,4.59197440824477e-28,4.57109257440671e-82,2.15484221608792e-32,4
"19825",0.957996196511617,2.37801597560387e-82,3.19740656079995e-18,1.19887928042092e-24,0.0420038034883828,3.61305703556625e-18,5.01744733553727e-34,8.24511033627143e-42,1.52507319951503e-29,1
"19827",0.00162856022203405,0.00633834607330609,4.59766996332185e-08,6.14033503230107e-05,0.000325941650465557,0.00148753232338058,0.990158168930714,1.47307711459741e-09,1.53476464762206e-18,7
"19829",0.000159019352504496,1.59052399290581e-45,0.019806559531817,2.4075109342501e-10,0.937316146601696,0.0427182742732314,8.3875527272091e-19,4.90536347422781e-31,2.32544025866668e-33,5
"19831",0.105067072107793,3.86110627453447e-60,0.800424926770298,0.0878204902596027,0.0066875087199457,2.14236105104379e-09,2.70526723974365e-81,5.07496839532145e-179,9.02538964507491e-44,3
"19833",0.999999772628684,1.02176759090972e-104,3.49900176720661e-50,2.25485790710506e-07,1.88552559433668e-09,1.22594873932442e-38,8.00731231984247e-153,3.70141594798977e-150,3.45258678024781e-76,1
"19835",0.0193854054347748,9.33256874674293e-06,1.00553578004234e-10,3.08192908568454e-15,0.687884124542904,0.255623547760489,1.86390956941253e-09,4.8394226125479e-18,0.0370975877286193,5
"19837",5.17958820540472e-05,0.0579148745774416,1.29633764423226e-07,7.82849014789273e-07,0.000133830031667198,0.0143290000984063,0.927569586908353,1.74219055039188e-11,1.87696713467814e-12,7
"19839",2.60387895656521e-07,5.31212990775629e-43,0.00123551193817933,1.20285523307424e-18,0.998537076684478,0.000227150940479205,1.23692467293237e-15,1.94184978471997e-22,4.89665760652902e-11,5
"19841",0.122368708314851,6.4928340566172e-65,2.17921373188964e-23,1.43480625646318e-31,0.0385093423824141,8.35539424640744e-21,2.59218291493473e-09,0.839121946710552,3.53494879503459e-17,8
"19843",0.0152688775495167,1.70382083603396e-92,9.26744406922372e-06,1.2534479081362e-23,0.984721854118974,8.87440218105559e-10,2.13539804513839e-109,9.06180718325947e-180,3.52766274394806e-18,5
"19845",0.00395359778040389,1.96963332875598e-09,2.29328320919435e-30,9.66116436070405e-19,0.000316580267750844,1.0181716641501e-05,1.10561995248438e-55,1.93154735941789e-94,0.995719638265571,9
"19847",0.010411312969379,3.61272399087427e-07,1.55626315503725e-09,9.35077996553063e-08,0.0142615868957375,0.975321718477997,8.85902537932835e-30,4.59729672361472e-101,4.92532042496726e-06,6
"19849",0.000548240304014918,4.21830107528138e-22,5.04220262589713e-37,4.84616045834932e-32,1.39302714849553e-05,5.49655425675757e-14,6.12881803236033e-69,7.34819623969431e-90,0.999437829424445,9
"19851",3.75430873666983e-05,0.995747460003894,4.03330019005108e-15,7.48352697974331e-06,3.88610191425453e-06,0.00420362158354206,5.55682774452732e-09,9.71473453806531e-44,1.39471531556607e-10,2
"19853",0.776777752171019,0.222584466141465,1.48506135060475e-37,0.000633131674662035,3.29406233373357e-07,1.56381606455299e-06,3.43325473396422e-33,3.30051134830716e-62,2.75679055605995e-06,1
"19855",0.000624124337949148,0.993832927184848,1.66689030981545e-26,4.94278562918876e-06,0.000420541166227399,0.00511371171856563,4.36358156136653e-12,5.63063182895831e-23,3.75280241732335e-06,2
"19857",1.30216735627725e-06,0.000682246401164304,3.02137381709147e-09,5.36328356447606e-12,0.200381323507435,0.791578588830233,8.39722622292081e-12,3.46797556325566e-21,0.00735653605867666,6
"19859",2.90378629620939e-05,0.269884328900334,2.79962294477587e-09,0.00115036337379057,0.0394936429796418,0.689334226136198,0.000108397941546555,4.16925877679955e-20,5.90376066691682e-12,6
"19861",0.00135872509592768,0.636543894073275,1.92555107296194e-19,1.01438765900894e-11,0.00110954711011036,0.0151824959686998,1.21545349414939e-20,9.45758749465193e-52,0.345805337741843,2
"19863",0.000576895732700057,1.25652716113794e-39,2.10877775390676e-49,1.82183581133466e-43,0.00159388649407927,5.80519000978473e-24,2.51591309809816e-36,4.61354256607904e-17,0.997829217773221,9
"19865",2.57156548707869e-05,3.5073772982616e-12,1.61951197929943e-19,1.47479328690707e-16,0.0023661360746673,2.07936782542773e-08,0.0529978553867438,0.944610272086266,2.66191861643338e-13,8
"19867",0.0129942216905866,0.000710616487561054,4.76911997840018e-12,4.19508412619631e-08,0.000719429171965866,0.985446761586275,2.93428319060027e-32,4.12354363754841e-108,0.000128929108001397,6
"19869",0.00395834718425299,2.03257939111773e-09,7.29228664406777e-37,3.7641555892207e-25,0.000228936077488807,2.25494617841569e-09,1.51195439342393e-26,1.29638062296573e-30,0.995812712450733,9
"19871",2.60977312179054e-05,0.533606198784262,3.85180344724226e-07,0.000629156758961759,0.00806930278832958,0.44789588749377,0.00977297125194606,1.11588511764136e-11,8.42754536698022e-15,2
"19874",0.000128151706138544,0.973498804537125,1.73889324294368e-18,3.28922099832557e-07,0.0252447948565418,0.000457881355744405,0.000654944267233177,1.50943549874858e-05,1.29580467445594e-13,2
"19876",1.49384879041256e-05,0.999939522555893,7.01773921517175e-23,1.53543265520871e-12,2.62896687111573e-05,1.62570642994952e-05,6.69484772913937e-07,1.19337082721962e-07,2.20339980105208e-06,2
"19878",0.000689193527740553,3.7142834113816e-51,1.69665265805417e-09,2.67759252943485e-09,0.843000782011823,0.156310020086191,4.90480596953365e-46,1.33791812502748e-87,7.6301016677951e-29,5
"19880",0.000202589368852731,3.71229343826025e-12,9.13619373494279e-29,9.82955525002974e-19,0.000244810142513027,4.98777532098925e-12,0.319851919503171,0.679700673646153,7.33061017677093e-09,8
"19882",0.11576121045743,1.8426922499973e-06,4.75025841931746e-28,3.58491606065316e-13,0.0985649634775279,0.00332204710531414,9.34927713010871e-34,3.95843393753315e-54,0.78234993626712,9
"19885",2.67525081619527e-06,0.673628278985954,3.49173234547044e-05,1.16510224061456e-05,0.00292923581333198,0.323349174314459,4.40156744806145e-05,6.04762843473394e-29,5.1615097595456e-08,2
"19907",0.0903253692575215,4.64139522518214e-05,6.42323065016673e-19,1.07847842087413e-10,0.0217771816267954,0.85067116857698,4.10587754068861e-35,6.3433031188591e-87,0.0371798664786031,6
"19909",0.000418996052448627,5.84617325249454e-29,0.915594952282991,1.61225261297073e-10,0.0140680850784459,0.0699179664248866,3.28862559501492e-33,3.39171798703523e-90,2.74309646440844e-15,3
"19911",0.000629043436175779,1.47776757677963e-28,0.304544307486574,2.40376147939296e-08,0.694485484019366,0.000341141020269503,1.28398755131438e-16,1.08067642614822e-30,5.6195797742084e-20,5
"19913",9.00921248428051e-06,2.36460624549305e-30,8.34464090423566e-29,4.28881613062686e-23,4.67341774567717e-06,1.08282677213056e-21,2.25244962311336e-10,0.999986317144525,2.11007282922396e-21,8
"19915",1.4028603098436e-05,0.000124613605150399,1.40639442647544e-17,1.25258810215883e-07,4.56373808808265e-05,9.35433267524271e-05,0.999717390815613,4.66100968208741e-06,1.21020202924639e-14,7
"19917",4.07460212899776e-06,1.17443595099652e-09,5.57909006191679e-12,6.23381835536978e-11,0.0393952265898349,1.37775249035124e-05,0.960042069156867,0.000544850871766693,1.21459349819947e-11,7
"19919",1.12169369954701e-06,0.106835633860042,3.14088570317569e-11,6.34931765546074e-05,0.00357609043831215,0.0355635255033466,0.853958353480353,1.78181627551883e-06,8.3651101098513e-15,7
"19921",2.84774127773352e-05,0.957858961437247,2.94338839782798e-12,6.54422826607771e-07,8.89549335070519e-05,0.0420141474747238,1.60418731164573e-15,1.14752281765168e-58,8.80431597334276e-06,2
"19923",0.000322524846438655,7.595475561148e-19,7.2104369205099e-10,0.000157655866825132,0.113632824125065,0.885886994440628,6.1931602013297e-47,1.87614734975508e-120,4.36835924781569e-22,6
"19925",1.50513141658959e-05,1.4142610249837e-06,1.73533816601954e-16,3.25837938965595e-09,0.00160060369040528,2.45909189563013e-05,0.997839746692727,0.000518589864324803,1.5852451647096e-14,7
"19927",0.000226629558497156,0.615032692447603,4.39930433392655e-12,0.000157406584798639,0.000262381300730666,0.384320452244346,1.12360778546627e-11,9.29778883615072e-41,4.37848389189767e-07,2
"19929",0.0164368846348239,6.26013901202389e-26,5.0529534648038e-43,5.24230648034736e-41,0.0036329523119798,2.41599079808765e-24,6.66086926402084e-28,3.80071006367139e-10,0.979930162673125,9
"19931",0.00087279799173859,0.003332818368111,1.08704835840212e-05,0.000772648355030545,0.00158514269484002,0.993425607567869,1.1453795642918e-07,9.64297561480362e-43,8.70021067020825e-13,6
"19933",0.00173487806677068,2.04445382223323e-14,0.794260730416511,6.26990109315947e-05,0.000587015598544983,0.203354674697151,2.21006975146112e-09,6.8546950485993e-51,1.20895349203118e-24,3
"19935",0.00573461144801478,1.7623451168257e-10,0.0132678365151004,1.92232743681042e-11,0.31710068158507,0.663884945279321,2.93003330110342e-14,1.47656174814969e-50,1.19249770066286e-05,6
"19937",0.000317696457571018,0.913412874344841,1.16149099616944e-10,0.000828994793004004,9.26114146827862e-06,0.0854311731469438,3.83496772377408e-15,2.7270168307582e-68,1.85956914075639e-14,2
"19939",8.8920193083395e-05,0.000348888015092318,3.20704441495831e-14,0.000582429826704724,0.0495528269536267,0.949426935011324,1.36719588560577e-13,2.37989542200781e-37,1.96790180576597e-16,6
"19941",0.00374073614878942,1.40831483942266e-41,0.0567515468376236,1.32375900591458e-16,0.93950759396109,1.23046804077183e-07,5.69198059047133e-12,5.93971481580351e-23,9.3967806553365e-16,5
"19943",1.02803918086898e-05,1.20336491889903e-11,1.4513209182481e-24,2.0851699688298e-13,4.82218434008059e-05,6.24107351758083e-12,4.29946977374357e-07,0.99994106779933,3.63288609328545e-22,8
"19945",1.49066013916892e-05,6.53141119135616e-16,0.849805529089156,0.000485788207593948,0.00280826738473946,0.146885508714875,2.24289082666065e-12,3.82694229120143e-62,4.63573163513552e-24,3
"19947",0.00200908916178037,9.82562030008566e-38,2.46043848555036e-16,2.40997043291138e-18,0.997990901778924,9.05929497067552e-09,6.8467643459383e-29,1.48277980134278e-23,4.81881449458065e-19,5
"19949",0.00138692746616586,1.97961742346867e-19,6.30365793442875e-05,0.000754511807317682,0.0112054870335201,0.986590037113652,1.83849838188052e-36,2.23627055783081e-126,9.026125227285e-30,6
"19951",4.09382644908369e-05,1.01986560422619e-13,5.34259378293711e-10,2.76150651063179e-07,0.69863952781039,0.234689596316919,0.0666292973610125,3.6356204146662e-07,1.33928186228532e-13,5
"19953",0.0367211302013434,2.23252651451115e-51,0.000452934681214059,0.962825733011808,2.01887135696209e-07,2.18498460635448e-10,3.45287336824407e-84,3.87243821065498e-203,3.16863466622285e-57,4
"19955",8.64913173574712e-07,2.39109095392917e-40,0.000688353710342662,0.000166170930538513,0.991114875279009,0.00802973516693623,6.92400589847091e-68,4.6581206867837e-141,1.54113929550657e-28,5
"19957",0.00578405498589367,7.28915430445067e-08,1.31772223886067e-13,0.00596364158316599,0.988177878384821,7.4352135996731e-05,6.76372993200949e-12,1.1683965287301e-11,8.39606038363225e-21,5
"19960",0.000301946378427895,1.54109118653029e-50,2.95144189853144e-05,9.37535129532531e-14,0.9950528079921,0.00461573121039269,7.53236496943954e-41,6.34196874090609e-65,2.58038676758023e-27,5
"19963",0.99999995163626,1.49966170104166e-61,5.52159437352771e-29,2.59900122281471e-10,4.81038395496816e-08,9.29660347630195e-36,8.83258871605862e-52,4.08401717006176e-46,2.57099313043195e-46,1
"19965",1.40412270687954e-06,9.36854017877356e-66,0.00550784664166938,2.10748937953656e-10,0.62282239051126,0.371668358513615,1.50563311370028e-75,1.82856274277508e-131,1.09145931707838e-24,5
"19968",0.0235668977251571,7.85487643253511e-31,1.27457536038858e-14,2.43084590297368e-35,0.965271706639617,5.13306927460673e-09,2.28777647782805e-08,6.12690258909228e-08,0.0111613063553533,5
"19971",0.992248937894864,6.76616703710513e-87,5.82045454625364e-26,1.30278497945582e-12,0.00775106210383341,9.51533911213125e-24,2.65918708793377e-38,1.71443944777815e-17,1.27999326861852e-61,1
"19973",2.13658423458103e-06,0.9765674362833,8.32948024245927e-11,1.0307978056402e-08,0.000261449839984441,0.0141897054904753,0.00896988045770226,2.01645219750437e-13,9.38095282845023e-06,2
"19975",5.63027670708419e-05,3.01866848590357e-11,2.88577900195676e-13,7.84020680944894e-15,0.124778734500256,0.000264777739455332,0.87347524619468,0.00142412686093569,8.11907118352149e-07,7
"19977",0.00477722963365048,9.05148365233104e-60,4.54763286729982e-30,1.30469104632437e-16,0.995222345971605,1.9874790855166e-15,3.86159466162095e-15,4.24394738523431e-07,2.39255197861314e-30,5
"19979",0.000788188636835149,5.30372933498468e-93,0.988531620864641,1.11347371411392e-07,0.010676964608223,3.11454292920605e-06,1.8024858594008e-38,2.00334631757611e-85,2.05738643729357e-68,3
"19981",1.27739080743165e-06,5.17781966295416e-07,4.67673704180674e-05,1.61535914221084e-06,0.00503732270696282,0.994888956840008,4.2672196837054e-16,1.89351185606137e-45,2.35425506941537e-05,6
"19983",7.80345639566052e-07,8.2179311196166e-06,6.35839146680643e-10,9.28366776719797e-06,0.0134848684187384,0.986496845792933,1.58240542066449e-26,2.89240192754354e-69,3.2079635601046e-09,6
"19985",2.09928178326229e-05,0.625627689841371,1.76099611914203e-21,2.46275386854419e-10,0.00625019040818868,0.000176529704359855,0.193844230819521,0.174080088446555,2.77715896385978e-07,2
"19987",0.0127982555793523,2.94393112607591e-07,0.00549291930874142,9.89701027983336e-06,0.0103250958504299,0.360072499096697,0.611301038761387,3.15638278325777e-20,4.10752002944609e-17,7
"19989",0.0145624502024674,3.99005315055193e-70,0.984091924233321,0.000960391247252477,0.00034315754704036,4.20767699191094e-05,5.22121054967852e-60,7.86929576752671e-188,3.46574365183153e-60,3
"19993",6.11457447960178e-05,1.16264287815225e-27,0.000253887813847544,2.19805328458002e-05,0.0250604889644361,0.974602496662165,2.81910063785754e-10,4.49623526864599e-27,2.52521883578156e-32,6
"19995",0.00217089572490007,3.97521280405625e-21,0.402258155210864,5.70309546269883e-08,0.328223054889967,0.267347837139186,4.12818671608169e-12,3.54134603954705e-39,7.75809631832548e-17,3
"19997",1.08586512437291e-05,0.961123822775798,5.50517180672888e-12,5.44043832357437e-07,0.000727695179449727,0.0369328359268204,0.00120376344996066,2.21917426557248e-17,4.79967390206334e-07,2
"19999",0.000102609532577723,0.00117836218932116,9.56901305750764e-22,1.01248063568973e-10,0.000830614656867275,0.000384603821537844,0.997169704897227,0.000106923031610655,0.000227181769609973,7
"20002",0.999892545671658,1.75974732469493e-69,1.16998094028972e-28,1.4204885919091e-37,0.000107454219981332,3.82938174167209e-30,2.19779386839734e-33,1.67900191055851e-33,1.08360269387665e-10,1
"20004",0.0610281016248442,1.81509419110593e-26,0.903766511722312,3.05568362593082e-12,0.0341030652049505,0.00110232144096649,9.85315063592138e-15,5.52217727109823e-56,3.86084547700519e-12,3
"20006",6.08048444792337e-05,2.71453798323579e-46,6.33437876523184e-12,9.15405108892551e-12,0.999397687497724,0.000541507642308137,4.48770447702191e-50,3.83273471917576e-60,5.32602445426608e-26,5
"20008",0.00141161369620882,5.9161161669473e-55,3.56497421695819e-06,5.96517367800096e-10,0.998466888312644,0.000117932420412974,8.08349705236254e-46,2.50427280785717e-89,8.3531693967629e-26,5
"20010",0.000178710006668193,5.97505419378783e-24,0.250080224531912,0.0296681898524742,0.0176388040311313,0.702434071577814,3.05444535680415e-26,1.52489769929195e-95,2.63628984178311e-43,6
"20012",0.00568318501342286,2.33471845062962e-20,1.96278269363516e-26,2.8569978706856e-18,0.994058760756295,7.48149133116617e-05,2.75301647019538e-07,0.000174064297261276,8.89971806211603e-06,5
"20015",9.12465759954703e-05,5.82138379529911e-80,0.963265433700083,4.13272370503567e-16,0.0351306824916339,0.00151263723228716,2.77516526589994e-59,5.5688772822107e-133,4.34235426620521e-30,3
"20017",1.70688753005867e-05,0.994698132836538,2.1965304597858e-19,2.88234844663227e-11,0.000467840478759688,0.00242130668120055,2.18846964680958e-07,1.52036167650811e-13,0.00239543225226161,2
"20019",0.00288001137695224,4.66884018768593e-118,0.987771903510135,2.70174498706582e-06,0.00934503408481787,3.49283108101201e-07,5.50207472967815e-74,4.74558493144861e-158,1.19868802987241e-82,3
"20022",2.56533875561174e-05,7.04348904288209e-25,0.454476446564083,0.0021522732331435,0.00690133973787025,0.536444287077347,4.20210789977626e-23,8.07553786655148e-88,1.11652746037576e-35,6
"20024",0.999681965856454,4.32180777493175e-111,4.09564248410425e-07,0.000316960216268325,6.64363029334765e-07,1.41268405792532e-16,1.1935557613515e-126,1.20469216343478e-272,5.86886519011219e-83,1
"20026",0.999681965856454,4.32180777493175e-111,4.09564248410425e-07,0.000316960216268325,6.64363029334765e-07,1.41268405792532e-16,1.1935557613515e-126,1.20469216343478e-272,5.86886519011219e-83,1
"20028",0.000168206303756899,0.968520943381689,5.5209459493279e-17,3.01494278798005e-09,7.46117379076367e-05,0.000455509341032116,0.0307783866436855,2.47435980461346e-08,2.31483338836226e-06,2
"20030",0.0125510511622077,1.09890288083543e-70,0.902515604078936,4.73772064769174e-18,0.0849326512862902,6.93472565642358e-07,9.11687840123591e-26,9.87959485018433e-64,1.01399999514354e-30,3
"20033",4.51088618052927e-05,6.91193718896486e-07,6.40437228350768e-09,8.93628981465313e-08,0.0087593099901784,0.073448119187772,0.917680549475334,6.61255035815009e-05,2.03396650855706e-11,7
"20035",0.0471265970383664,5.00973150987458e-117,0.941679597425574,2.98847280868725e-05,0.0111606393127227,3.28149524991235e-06,2.62136025326158e-85,4.5532596681682e-185,8.72439871071593e-85,3
"20037",0.000242524149644476,8.76834435342893e-102,0.953992226821675,2.09863908134798e-08,0.045494795344957,0.000270432697333162,2.35757381476947e-86,5.68112854858979e-181,2.95060975694983e-55,3
"20039",0.0134131642210756,3.42104133537464e-117,2.90995746572198e-19,0.986586835778914,1.01577180033313e-14,4.38178664499251e-25,2.07591962271941e-197,0,6.49304256877714e-117,4
"20041",2.65407561095606e-07,5.15715848857914e-20,7.34773442384109e-13,0.00526753351382709,0.101535728506792,0.893196472571085,1.08197530709923e-40,4.57972031823889e-64,7.81479480615763e-26,6
"20044",0.000305905171720475,3.38620005404296e-27,4.9416193798686e-14,0.00122948318080652,0.935711220568385,0.0627533910790382,1.44998772508644e-40,8.84783524118456e-52,4.00982791919121e-31,5
"20047",0.019249372283035,2.03430738531841e-127,0.90753617012118,1.18131741146137e-05,0.0732026443704785,5.11917664969439e-11,2.41239517627743e-67,6.45744849694304e-125,1.37676929578136e-88,3
"20050",0.00860265023870773,8.27373986116461e-42,0.00028823470859303,0.983809380523779,0.0037422403871458,0.00355749414177486,8.38617099915174e-33,4.33005250830715e-89,7.50627266045727e-70,4
"20052",9.24379803517093e-06,0.000136983875065853,0.00155759324662302,0.0133008464983583,0.0353534892086664,0.6597333740731,0.289908469300129,2.19904313008411e-14,8.34959492816335e-21,6
"20054",3.9201744106122e-06,1.02943288515667e-43,0.770414276236472,6.09695880024511e-15,0.0993751585568707,0.13020664503224,2.34237229081905e-34,4.65405439449427e-81,2.08724638274184e-17,3
"20056",0.546527910862738,3.09276703906786e-29,5.36565154318168e-10,4.4645863925083e-13,0.0425906740522384,3.1294275557082e-10,0.41087617354487,5.2406901995166e-06,1.6987158191697e-21,1
"20058",0.0062272511334923,1.12500776290679e-71,0.992781913434681,6.4715132924438e-06,0.000877106532034572,0.000107257386499548,4.39305590439335e-73,3.62640759491236e-215,4.98130151914336e-52,3
"20060",0.0182462869062557,0.00355660781019049,1.31159172191461e-08,6.43729324024695e-06,0.000263797748792915,0.977926710049742,1.47002654355021e-07,1.88618663723032e-50,7.3207318792156e-11,6
"20062",4.43763091822939e-06,5.04802237880258e-05,1.39653932458618e-05,1.7833750744244e-05,0.0112359040166164,0.988677377520185,6.55966136682924e-10,2.65371484741482e-39,8.08536483009331e-10,6
"20064",1.87855143997612e-05,1.19069346069336e-20,0.831183353503115,1.79676645662443e-06,0.0029615487867275,0.16583339502856,1.12040074079095e-06,4.544894486506e-35,1.82880877765473e-24,3
"20066",0.0620333939701899,2.68958614840925e-105,0.813638447835392,2.82711359513659e-17,0.124328129123958,2.90704602480151e-08,1.38400933633827e-46,6.40171029955653e-86,1.87529088852729e-48,3
"20068",0.000175668848028237,0.49917527647048,3.85637876472904e-16,2.07007286815174e-07,0.00445529064561513,0.49223968663173,2.52099651368821e-16,3.13584534987995e-51,0.00395387039685913,2
"20070",0.00158792503304987,0.00410324132428153,5.7134186941623e-12,0.0126404339636291,0.00393755380842749,0.977730845490444,3.15161709054169e-23,2.16334763868131e-73,3.74454127945429e-10,6
"20072",0.000226122373002776,3.47646632736147e-64,0.000972461838418158,5.31851204906308e-17,0.990812067313219,0.0079893484753598,3.58536497897548e-95,2.93770677740943e-179,9.66276646887287e-17,5
"20074",0.000152012365220696,3.42487016878544e-28,2.75994440159526e-41,7.9511950396569e-31,0.00022618942771896,1.72621510548094e-22,1.86293814008509e-12,0.999621770831894,2.73733035184631e-08,8
"20076",5.49645310483313e-06,8.99206227006986e-17,2.33860762734089e-12,2.74206082131734e-26,0.950653162628783,3.70393250044158e-05,2.58206041172116e-12,1.32707156623809e-09,0.0493043002611162,5
"20078",7.49513478325508e-06,5.5280093257709e-23,0.965861105318838,0.000145260884047522,0.0115267758447135,0.0224593628176173,1.83907257174395e-17,1.24577053091031e-56,5.75941751365407e-23,3
"20080",0.000400865611149398,5.29048545766189e-90,0.995006000460325,7.5697157833414e-05,0.00419090073208922,0.000326536038602871,4.86255761712801e-46,8.82039229561501e-112,3.5851128204722e-75,3
"20082",0.00988053611551952,6.41439576833867e-72,1.88908006986359e-07,0.990119274918778,5.76949694152986e-11,9.15827330023828e-17,1.17627686274349e-90,6.38309754734163e-196,4.37467633742174e-108,4
"20084",0.000219220700496278,1.39651930384549e-31,0.811244522885451,0.000151700735707476,0.188351789548003,3.27657874859815e-05,3.42856961450408e-10,7.05709606024833e-25,3.20759368405826e-37,3
"20087",1.37042936531397e-05,6.94922718783201e-28,0.861885982949435,4.83303840703744e-07,0.0166417981588385,0.121458031294224,2.23475812245626e-40,4.83679462514471e-122,8.4192365636765e-15,3
"20090",0.000713256220899668,1.59318124771667e-84,0.966360056586162,0.0149587152631098,0.0122505274096762,0.00571744452015185,3.21846416286319e-53,3.84644408115673e-119,2.32200207599631e-81,3
"20092",0.0945725282443274,2.96577095277195e-33,9.74777605816373e-13,0.905069058984278,0.000353982680805779,4.43008961422143e-06,1.40778662740063e-120,4.63911306213697e-233,5.11408649460151e-24,4
"20096",0.000624062202832075,1.62388884966317e-14,6.57726773630044e-10,0.988601251830368,0.0107550763021326,1.96090069242291e-05,2.85489978453208e-31,4.56253053318251e-57,2.76400624267214e-29,4
"20098",0.000283610282919371,0.000614420251143256,4.58251350055525e-11,1.35768938412256e-05,0.00689651452991098,0.111473860286523,0.880657993052682,6.00246571456522e-05,9.19575973660604e-15,7
"20101",9.18667376903576e-05,1.48720528015546e-66,0.847723811654889,1.5954386167304e-05,0.148536836183966,0.00363153103728704,4.3252500159121e-18,1.18302723226142e-36,1.40736276794009e-55,3
"20104",0.99875430638844,3.4897055831111e-22,2.25946124918493e-37,0.00124478987665742,9.03734830611846e-07,7.16173033139701e-14,8.73967883371628e-97,6.56938388220588e-135,5.76638993475682e-17,1
"20106",4.0328616721548e-06,2.62937192941661e-49,0.851419422188358,2.17015666392246e-07,0.00283115567889034,0.145745172255413,1.78080331043629e-16,7.84223276346583e-42,1.28036501397056e-42,3
"20108",0.00333830356881074,0.510088400595619,8.29092026124759e-06,1.71759456985416e-08,0.0058974407223633,0.474975047008641,0.00555313762506436,2.29559778780491e-17,0.000139362383294552,2
"20110",0.00982277641051217,2.16051975032584e-14,2.72971240372585e-11,0.897939501200199,0.0916268825795092,0.000610839763744178,1.87162211176158e-11,1.17624549661196e-28,4.19257583131788e-40,4
"20112",0.000187091204708335,8.30011324045451e-42,0.214787908363274,0.0101510994048429,0.0349867665285458,0.739887134498629,6.5571880549655e-27,2.75155147834973e-75,3.35377456607844e-48,6
"20114",0.00342091282634299,1.12736531592823e-24,0.954765219716487,2.98273952367756e-06,0.0416431895372094,0.000154743644672069,1.29515357655138e-05,2.44953787400188e-20,1.05354069415189e-29,3
"20116",9.3720143234285e-06,1.31559573791645e-34,0.685051004707337,2.04097592776443e-14,0.284002135900793,0.0309374519125844,3.54649411319759e-08,3.50279647974626e-18,3.19093989172516e-18,3
"20118",1.33177993059816e-05,5.2335151618386e-05,0.0407473440852002,0.0004718341956734,0.0139375718405646,0.73555876908927,0.209218827835994,2.37420001486637e-12,1.7419202843064e-17,6
"20120",0.199018090541282,1.44915909487614e-49,0.513825286686222,0.141485208026609,0.0276822476701434,0.117989167075573,1.71173358601133e-13,1.45769479621742e-45,9.75693414524724e-73,3
"20122",1.07364944365446e-05,1.40012111130047e-12,1.19858536647349e-18,7.86671163815275e-18,0.00554659145678847,1.86097596257421e-09,0.299964708605333,0.694477961308347,2.72718406648541e-10,8
"20124",6.853247165186e-05,2.02195887258593e-67,0.630400797438684,7.80784264049182e-05,0.366688187282707,0.00276440438055231,6.86493110483668e-72,7.56584138667998e-146,4.35611314091016e-44,3
"20126",0.949133667712661,3.85468425908375e-93,2.29037038356396e-16,0.0508660196517416,3.12635597473292e-07,8.3980683032211e-24,1.20121147602248e-160,1.70351858818778e-215,1.45241166890174e-74,1
"20128",0.997922123047963,1.13424993713652e-154,3.1326591987636e-06,0.0017607135875838,0.000314030705254654,6.03322487041559e-22,7.66795751350441e-157,2.74795253306155e-242,7.87160242419262e-104,1
"20141",0.165541443153511,1.1059355578439e-13,5.82337255064857e-25,0.834458282470447,2.67820084197262e-07,6.55584707213009e-09,2.46074596696455e-50,3.10341060094917e-62,1.06995666029509e-22,4
"20143",0.0154457748319541,1.83605064377376e-48,1.36408869805404e-34,6.60329379717151e-25,0.00113574998168001,1.9251415284301e-20,0.98341692783263,1.54735373586314e-06,2.65846257847555e-17,7
"20145",0.000477598307919374,8.24728821658223e-27,0.778066028276514,0.00963474114021943,0.00159249032874987,0.210229141946597,1.82682753847095e-16,1.84993567630535e-74,2.23466302522841e-46,3
"20147",8.17597585086883e-07,8.48572563326863e-29,0.525007052156461,6.34150539986223e-05,0.00426326389843753,0.470665451293518,1.88425148177836e-17,3.28354386130751e-61,8.11129605850901e-30,3
"20149",2.46753215118273e-05,1.72956995516197e-08,1.36753052267948e-24,4.14435987616942e-16,0.00161454319253225,2.1410028323528e-11,8.89640835811065e-07,0.99835987443516,9.28497018947342e-11,8
"20151",4.66889846274228e-05,0.00128972486247126,4.50335765829043e-09,1.19836840564173e-07,0.000446739638791548,0.0200847039504832,0.978132008533307,9.68800922531966e-09,2.11169495137758e-12,7
"20153",0.0614577952511387,1.03305518939778e-16,3.99624901437313e-10,0.0758519950110318,0.00214800952987016,0.000352881606845708,0.860189318201487,1.36210519146554e-15,1.32261617557263e-42,7
"20155",9.5312469467133e-09,2.82855291764377e-49,0.0653146673865089,2.56769244299645e-06,0.00286309154736954,0.931819663842432,3.11055568215864e-40,3.29618688367094e-83,1.29188461517857e-39,6
"20157",0.00851875371555206,2.6053805262375e-07,1.02726384002601e-12,1.60608181278926e-07,9.23959584989662e-05,0.000497296506557203,0.990891132560267,1.11863394449364e-10,1.61243107665035e-17,7
"20160",6.76472281913144e-06,3.41141933233682e-26,3.58307142688039e-30,2.73972340103164e-23,2.30199150018159e-06,3.39725765090736e-20,1.10015321797468e-07,0.999990823270359,4.21001413331006e-18,8
"20162",2.73156120565598e-05,6.85099615166898e-08,1.3639770545072e-26,1.09324131603352e-16,4.90291683588437e-05,7.82540001677741e-11,0.00740500145694775,0.992518584940082,2.34338997228831e-10,8
"20164",0.0372437735332247,1.35331827235552e-13,9.52739960298559e-14,2.30940877671125e-07,0.88342268584999,0.000194864681314804,0.0791359317531945,2.5132411668806e-06,5.48249216000179e-16,5
"20166",0.013519290280594,9.35119434612294e-90,0.000184489332181615,1.49570192376969e-27,0.986296220354781,3.24435535624895e-11,5.22743856121011e-39,2.63580481361686e-54,1.07821469485921e-22,5
"20168",0.0536960865760446,7.64219882204586e-78,6.48875279777327e-21,4.01343598313491e-43,0.946271410235789,8.24245175796399e-23,2.67315326536693e-73,4.99872788410498e-91,3.25031881663522e-05,5
"20170",2.50739182278643e-05,1.8196995431062e-05,2.41833118506097e-12,2.55018745919416e-05,0.000562224760872788,0.00041375902929036,0.998955002446784,2.40972383957942e-07,6.27080049361471e-19,7
"20172",0.000313064757759071,2.49431336585434e-28,0.700365046681555,0.00386101593459111,0.00147546924365803,0.293985403382436,1.40704821618133e-36,2.81276481029789e-133,2.63271241742394e-36,3
"20174",0.00097972704668049,0.523447587734788,1.71500260571784e-27,1.06600031546968e-18,0.00676775164077604,1.8052137661159e-05,7.3794626363315e-11,1.09421750047176e-09,0.468786880272082,2
"20176",0.000679586086924147,1.14802218549469e-51,2.28790200906738e-21,1.04088442479499e-35,0.983836767415429,8.81949081711863e-11,6.15613624484207e-64,1.0934497305637e-76,0.0154836464094522,5
"20178",8.96763198623708e-06,3.28405528683363e-29,7.90668421944356e-32,4.0644726884164e-23,1.11288842282547e-06,4.92450807419409e-22,1.03756162483003e-11,0.999989919469215,8.85642215534135e-22,8
"20181",0.00642321167413388,3.90625706569569e-76,0.734220932423437,9.00811936119672e-18,0.259354544444397,1.3114580224549e-06,9.46533614107919e-15,1.59234916623785e-27,2.52357432249327e-37,3
"20183",0.00682450982634354,0.0573322912115091,2.73938383727632e-06,0.0270950120454508,0.000172524358230963,0.908572923174625,4.31348040418982e-17,1.65029206631266e-80,3.27380767793274e-15,6
"20186",0.129903472516329,1.72994035055084e-14,1.0604632497181e-07,0.000621891183206077,0.000469024016535988,0.869005501947417,4.46487312568462e-67,4.57240143244327e-196,4.29016983333774e-09,6
"20188",0.000848527451876001,6.03897968534826e-23,3.66298171286853e-26,4.27136147308576e-17,0.000194113588962774,2.11057951956335e-14,0.970289217516659,0.028668141442481,5.59112388228876e-17,7
"20190",0.000364113286666245,1.01915577241008e-76,0.990691383295307,1.74160196304015e-11,0.00759783645212775,0.00134666694848237,1.11956408986637e-38,4.30060099988145e-93,4.75830956558446e-44,3
"20193",0.00607508497975528,6.40294462186736e-76,8.28874875987558e-24,1.34125400926301e-36,0.99392491498596,1.26645539716499e-18,9.89635687648261e-25,1.00195250237764e-13,3.41846427491188e-11,5
"20195",0.000326796880687643,8.07585773044266e-21,1.06422884607857e-08,2.38896198487309e-07,0.21887203825479,0.0854244242130486,0.695376230284468,2.60828519295248e-07,1.03899135785286e-18,7
"20197",2.0000236203105e-07,6.58875112408623e-34,0.388710101377507,0.000278874471261011,0.00263701527737354,0.608373808871496,1.39882848256449e-32,1.77793417256522e-94,3.24936295896405e-34,6
"20199",4.04457496243697e-05,1.12861670820081e-08,1.90287805768129e-21,2.13092062584883e-07,0.000517825013130356,1.12520121597806e-06,0.99943590152811,4.47812968918479e-06,1.02134408687135e-18,7
"20205",0.0580110440527861,1.35810398574584e-56,6.69856675770611e-16,0.941988946784861,9.16223909336133e-09,1.13186175705773e-13,2.34725059057354e-115,2.39491616284494e-221,1.94817549817656e-96,4
"20208",0.000137184717097198,1.28085952483072e-09,2.32326132558632e-08,3.20305966841544e-06,0.0192678827812362,0.974691011347095,0.00590069358070346,5.58480510066497e-13,1.68224362997149e-13,6
"20210",7.73820492203119e-05,7.34439335250654e-09,1.11485461951737e-22,8.11578413809191e-13,0.000221310956615772,5.8858800407631e-08,0.909209397290858,0.0904918434979178,1.38299213320768e-12,7
"20212",0.000789530410100079,1.56375587588408e-10,7.61017421067627e-13,6.76991513147252e-08,0.0794800822312172,0.0109196708359779,0.893810437028659,0.0150002116377575,1.50045468903622e-16,7
"20216",0.00536261121715766,4.1546051884315e-41,0.858305449372168,3.68570189087611e-08,0.0360545187500026,0.100277383803653,2.87311266949976e-17,2.16448814807591e-57,2.14781063704349e-36,3
"20219",0.00331004758291803,9.3510323896188e-32,0.446275120655269,0.544028000151266,0.00633503281724823,5.17987932981821e-05,1.64327676875765e-28,1.00870284893588e-82,1.68425977229551e-55,4
"20223",0.0146922131730954,7.53324519575177e-124,1.53631097337027e-05,2.02480323791399e-21,0.985292422274657,1.44251424172863e-09,2.58338970975792e-139,1.71888066256838e-236,3.0264809491734e-33,5
"20226",1.52301784121408e-05,1.0558160994359e-20,1.6487514164226e-08,0.00155906252724197,0.02327784086255,0.975147849944271,1.05715271643579e-14,9.04301498544773e-40,6.44775589843179e-32,6
"20230",0.00215190896758631,2.49134619260955e-88,0.985434604639196,8.22758486913167e-10,0.012246783348086,0.000166702222373619,4.38486213114101e-53,5.77814997516282e-125,1.38509988122779e-50,3
"20233",0.0422307817985625,1.45391258454152e-30,1.83625052388055e-37,0.957769218201428,9.55396129079142e-15,4.7109272588674e-24,6.30863409919384e-89,3.87273902587051e-143,1.22690850129048e-60,4
"20235",9.82144881392237e-05,2.54610095502576e-72,2.22169557909434e-06,6.47235042826413e-07,0.99980834087982,9.0575701419478e-05,2.10300775936055e-117,4.15986344646379e-209,4.45787399192867e-40,5
"20239",3.57681363561947e-05,1.02322853655903e-36,0.0203843459650393,4.11322340174951e-11,0.9362521442754,0.0433277415815717,2.12140367452259e-59,1.13388438103874e-131,5.00670210701539e-13,5
"20254",0.0185158901122621,2.61312042281589e-85,1.10579690979717e-06,0.981483002865597,1.22523057028722e-09,2.90650904141624e-16,8.02687390995978e-97,1.44529080970464e-196,4.71235177105991e-117,4
"20256",5.50520635323377e-06,2.45832274613287e-52,0.941165481425103,8.13802884522238e-06,0.0267231748702789,0.0320977004694202,2.3147702559464e-67,2.94642458250888e-163,1.06191137658502e-30,3
"20262",1.13500118732359e-05,2.34697327872931e-05,6.76344474133049e-13,1.82037176329244e-08,0.000102472584009456,0.000178195080816348,0.999559863450684,0.000124630935432724,2.37258907874371e-15,7
"20270",0.763423492098058,1.28201178576775e-64,0.00807584605261637,5.04606481163848e-21,0.228495177031403,5.48481792335633e-06,5.875774703792e-23,4.01671010139682e-53,3.39648452789527e-21,1
"20284",0.150685113739501,2.11735572789454e-13,1.30336759146329e-08,0.846140516445281,3.75933446729424e-07,0.00317398084788368,1.08017086066316e-30,7.27551235601238e-125,1.29251186429712e-43,4
"20287",0.000259631476527305,4.19653133357751e-120,0.905961909205123,5.77088795429438e-13,0.0937680989816647,1.03603361082362e-05,4.68351546665647e-97,4.88659301410535e-196,7.38108260569991e-55,3
"20290",0.0182532013100841,3.09883508949032e-43,3.39530391950297e-13,0.981746794341131,2.04943304611382e-09,2.29901240164912e-09,4.90568419377396e-44,3.56127366890025e-112,5.54684677387933e-90,4
"20293",0.000137392518639107,4.29362361244926e-16,0.720635613308227,0.00601611758753716,0.00429843893601053,0.268912437649585,3.22406583756842e-19,7.56274183724139e-69,9.09456576861499e-28,3
"20296",0.000163961700344209,9.90757243224950e-09,6.58132143813342e-06,2.06111499360688e-20,0.764442916075284,0.00406865828964888,0.00943057613145603,7.57921188486808e-06,0.221879717362371,5
"20301",0.0166780221858742,1.2633451686875e-160,0.00587688215019145,4.23496288896431e-16,0.977445095634513,2.9420739681625e-11,1.63633966535404e-58,3.06170864486934e-78,8.1721876069473e-71,5
"20304",0.00613569942614595,4.92915483595236e-61,8.22437182039328e-08,0.993864218306505,2.36302744837177e-11,3.34254506937993e-16,2.44784436642174e-96,5.69269233490245e-196,8.18564856287696e-95,4
"20306",0.0124183264237754,8.43077329139854e-77,0.979751034657672,2.33669042912877e-05,0.00777409520056691,3.31768136945726e-05,2.12970132114858e-70,5.75945111736368e-183,4.76462130793962e-52,3
"20309",3.72192949488528e-05,1.41402919430143e-22,0.000347436063643205,0.00919341736676923,0.00579453130805587,0.984627395966583,1.50111197719346e-21,1.91547922551664e-61,3.92373360788286e-37,6
"20311",0.000679306127460336,1.58340330921976e-38,0.920723371228408,1.44769134534287e-07,0.078514672097192,8.25057778048741e-05,1.89381303903083e-21,3.7444616675091e-57,1.53631962490249e-25,3
"20314",2.47565395025104e-05,0.000292959115857693,2.76974871636154e-06,3.48901422947156e-05,0.000159472189890897,0.0310427982244023,0.968442354038535,8.00401741533923e-13,1.95884273246145e-19,7
"20318",0.974116179598712,1.2640573370345e-52,1.36220505787198e-17,6.48136279196911e-24,0.0131181401105707,1.63617806161641e-18,0.0127433534269412,2.23268637764024e-05,8.58646824198129e-18,1
"20320",0.350726502434915,1.25037902839886e-12,1.32505390110917e-14,0.0107610114953592,0.283924899048065,0.354587587020397,5.02059998648812e-29,1.71999076304467e-62,3.20868419802968e-19,6
"20326",0.00052293441844566,0.00143143362175508,8.77811184480382e-05,0.000724281598648282,0.00383006207537752,0.422267164305673,0.57113634285953,2.12298756818362e-12,2.11034179123492e-18,7
"20328",0.0613030351885759,1.21540210570448e-11,4.06431140068276e-11,0.00967127606364881,0.00305348124766864,0.925972207447309,2.09096846735896e-43,3.19106623682946e-122,2.42613410573071e-16,6
"20330",5.51543035392947e-05,6.73444191290218e-48,0.0027305377209188,0.000157400477280917,0.750872535763032,0.246184371735229,4.77714520834313e-58,5.05737039347049e-114,2.10264255759948e-35,5
"20336",0.0631358500529994,7.17163189115321e-20,1.80393705788555e-06,0.936832785983717,2.96148760274644e-08,2.95304113495638e-05,1.02694208233284e-54,1.32482821498254e-164,2.83151920805669e-56,4
"20338",0.000473135715467124,2.92388323291222e-35,4.40068560069354e-08,0.998308595599382,0.00121817817895286,4.64993414975635e-08,1.86334197959063e-46,5.76022738972286e-74,3.3133708103069e-68,4
"20340",0.0019509786950292,7.47934319449857e-90,0.894730556001433,2.36490697663616e-08,0.103296899908055,2.15417464130069e-05,1.10848249151027e-72,5.25090779760163e-164,8.62469158985492e-57,3
"20342",0.999996738043235,6.17570231679829e-83,4.73344441071077e-31,1.71235107801201e-06,1.54960568744255e-06,7.07986044315827e-29,1.54904035842457e-101,2.29036298818089e-130,2.75111785574553e-54,1
"20344",0.00711542194560544,8.32382082097494e-44,0.976898208629237,6.97663417979658e-06,0.00362677105145097,0.0123526217395264,7.41146908821485e-43,2.24755594984682e-135,4.94245114596061e-34,3
"20349",0.00200198160445487,7.81515119488696e-64,0.992225662636597,8.36671054989843e-08,0.00553364948879374,0.000238622603048767,7.72488728815184e-60,2.21030400844576e-168,3.20850744754728e-36,3
"20351",0.00050802806428258,4.92932032463133e-22,0.000163766949814841,0.0145392185610007,0.0447252780275292,0.940063708397373,4.02665160997451e-26,1.2784982988613e-64,1.77968367841601e-39,6
"20353",0.000143110926737545,2.93295648271594e-61,0.00917087702892891,0.230401667155598,0.239317469303598,0.520966875585138,4.17408606648039e-60,1.91431037225402e-119,3.16296346893862e-61,6
