"","V1","V2","V3","V4","best$classification"
"19811",0.967386229637957,0.0154648726054794,5.24494328143486e-05,0.0170964483237494,1
"19813",2.11816980878685e-10,3.03924756815125e-08,3.08217249956172e-20,0.999999969395707,4
"19815",0.593228762579217,0.398423839757769,1.65722546432936e-13,0.00834739766284834,1
"19817",0.960118008097757,0.0391221301442588,4.36231757949714e-06,0.00075549944040465,1
"19819",1.74104680261367e-33,0.311717672324682,1.69679151534978e-27,0.688282327675318,4
"19821",0.697835718748432,0.152507887394697,7.61496108389822e-05,0.149580244246032,1
"19823",8.70650494202492e-05,0.00217364832284084,5.30406050047538e-15,0.997739286627733,4
"19825",2.38719384058914e-33,2.95236525921844e-07,1.8008743388177e-14,0.999999704763456,4
"19827",0.155499286167892,0.0237606747431912,0.808044160433301,0.0126958786556163,3
"19829",1.98534189756307e-17,0.848786032401126,4.51292816350185e-09,0.151213963085946,2
"19831",1.32433477572167e-27,0.0445839772079436,4.2001507329634e-35,0.955416022792056,4
"19833",1.22398191492711e-63,1.39173110517735e-16,1.0032854017057e-45,1,4
"19835",0.697835718748432,0.152507887394697,7.61496108389822e-05,0.149580244246032,1
"19837",0.6842774623042,0.0426447316507281,0.270999235122675,0.00207857092239725,1
"19839",9.41356148253708e-19,0.0923116947742271,1.20476139328578e-07,0.907688184749634,4
"19841",3.01366585598641e-22,4.5875713804235e-10,0.27097784763033,0.729022151910913,4
"19843",8.49531163889825e-34,0.0162484390876039,1.43774176932073e-40,0.983751560912396,4
"19845",0.333772332531189,5.72482644942142e-05,2.09501072188677e-19,0.666170419204317,4
"19847",0.277178458003595,0.59123967277047,3.64556157288814e-16,0.131581869225935,2
"19849",7.63761068040106e-07,2.8494280502079e-09,4.99074700703587e-18,0.999999233389504,4
"19851",0.994868791372044,0.00380372961425088,3.28353767359914e-06,0.00132419547603204,1
"19853",0.00435945449734025,5.17255161089357e-07,9.8444020703695e-12,0.995640028237654,4
"19855",0.965762759395585,0.00171777464920522,5.0512794615269e-05,0.0324689531605942,1
"19857",0.184777428596623,0.778895181884418,1.07276334891671e-05,0.0363166618854691,2
"19859",0.685687926384363,0.292943434506286,0.000218165781234536,0.0211504733281165,1
"19861",0.987803630152574,0.00044387869195391,4.32786992826882e-09,0.0117524868276026,1
"19863",1.39952748121787e-16,4.70344115361401e-15,3.07619413606632e-06,0.999996923805859,4
"19865",0.000259352740882086,1.89910492829762e-06,0.99871970901704,0.00101903913715005,3
"19867",0.955814693848546,0.0302910639871865,8.68506509237707e-18,0.013894242164267,1
"19869",0.0002052001385593,5.66955088400817e-08,2.58149805135465e-06,0.99979216166788,4
"19871",0.705610970008477,0.279724371206492,0.0110715677904475,0.00359309099458314,1
"19874",0.992777927445384,0.000363318274828985,0.000303495519835348,0.00655525875995116,1
"19876",0.999597922623232,2.40210455050199e-05,2.05658726593305e-05,0.000357490458604133,1
"19878",1.41205641636514e-19,0.609749874003693,1.18569969216133e-21,0.390250125996307,2
"19880",5.36974341159411e-07,1.13576792166683e-09,0.999749314141663,0.000250147748227785,3
"19882",0.121508596746535,0.00143771729590137,1.35448158779125e-11,0.877053685944019,4
"19885",0.562348916443392,0.436149391102174,1.21897203974729e-06,0.00150047348239421,1
"19907",0.819990820127843,0.0144141927893772,2.45522461605637e-15,0.165594987082778,1
"19909",3.76708930500903e-11,0.992046013799959,3.34597324609857e-18,0.00795398616237021,2
"19911",8.55806924941542e-14,0.965737163787521,1.6436236353857e-07,0.0342626718500299,2
"19913",2.23652831614606e-13,3.75595429441292e-12,0.999672648774556,0.00032735122146446,3
"19915",0.0105601787381409,0.00023815580288026,0.988770436322432,0.000431229136546449,3
"19917",5.69392538659352e-06,0.000450061960714778,0.993855281777346,0.00568896233655244,3
"19919",0.741271333529891,0.0574043496569709,0.19794624705951,0.00337806975362829,1
"19921",0.991468402542756,0.00808221594654669,3.2818660496072e-10,0.000449381182511056,1
"19923",3.64407347620381e-08,0.815755106509547,2.53582751332283e-22,0.184244857049718,2
"19925",0.000798427165708955,0.00017795183605191,0.998188023288497,0.000835597709742381,3
"19927",0.957814227000106,0.0402739273056003,2.84586031224102e-10,0.00191184540970703,1
"19929",5.998452536706e-10,1.71862862790788e-14,0.0348262167643334,0.965173782635804,4
"19931",0.12865835840365,0.847130525389297,4.21213416739696e-11,0.0242111161649316,2
"19933",1.49505666864353e-05,0.994320546503488,2.28650390231659e-09,0.00566450064332137,2
"19935",0.00026723978142159,0.96971022151235,1.63048429098488e-11,0.0300225386899241,2
"19937",0.983063561890861,0.0157628974582375,4.79534734248273e-12,0.00117354064610635,1
"19939",0.0226443961212207,0.941914434624566,1.80305665012749e-09,0.0354411674511571,2
"19941",1.40305067306606e-18,0.712222543636373,1.01590948426e-06,0.287776440454143,2
"19943",0.000245680892153975,3.63893991347664e-07,0.996192362796634,0.00356159241722096,3
"19945",3.30474626515382e-07,0.990161851041589,3.84078684476367e-10,0.00983781809970579,2
"19947",9.68556184039544e-17,0.000375993345430702,1.44667582449378e-06,0.999622559978745,4
"19949",1.08636965180425e-07,0.967723115324326,1.46554980471726e-22,0.0322767760387083,2
"19951",2.50266721904537e-05,0.362735704383765,0.483876772565539,0.153362496378506,3
"19953",8.17834783691977e-25,0.0115315845649665,1.37761897463211e-37,0.988468415435033,4
"19955",2.83753608560352e-18,0.286722888651509,6.80492969504966e-29,0.713277111348491,4
"19957",1.15704142439394e-06,0.0126561377859486,0.0012310913047444,0.986111613867882,4
"19960",1.65533085635939e-18,0.786002983281841,8.99655484425323e-16,0.213997016718158,2
"19963",2.97948937308489e-37,4.56891995861915e-14,2.78957137091814e-15,0.999999999999952,4
"19965",9.06485106937943e-28,0.967479640721879,6.88250456964999e-33,0.0325203592781209,2
"19968",5.71886871169313e-09,1.09295995962475e-05,0.00108008163328881,0.998908983048246,4
"19971",1.63975465123198e-38,3.36648316082352e-10,5.353279581423e-07,0.999999464335394,4
"19973",0.984709280244276,0.0138766466827693,0.00119027192419501,0.000223801148759986,1
"19975",4.54572562933864e-05,0.000416044361788629,0.985318515565067,0.0142199828168508,3
"19977",3.40784524355128e-31,2.39647345645835e-09,5.51916161034135e-10,0.99999999705161,4
"19979",2.09889579262887e-35,0.968267785045239,1.15813634201397e-22,0.0317322149547608,2
"19981",0.0071242726685786,0.988129104286117,1.10096059179471e-10,0.00474662293520842,2
"19983",0.0126643182192538,0.973943053384047,1.6088545277225e-13,0.0133926283965386,2
"19985",0.849699345898889,0.000198760772220088,0.14786059867808,0.00224129465081164,1
"19987",0.0115242250740652,0.917633052108211,0.0175942709745178,0.0532484518432062,2
"19989",4.22569228954121e-26,0.959944321428589,2.49920272484637e-34,0.0400556785714108,2
"19993",8.82352016062072e-09,0.972299181590314,3.52486059868647e-07,0.0277004571001061,2
"19995",1.80559107307526e-08,0.992842540617766,1.62789965031185e-08,0.00715742504732678,2
"19997",0.986344383614516,0.0124144940627221,1.79378409874347e-05,0.00122318448177384,1
"19999",0.00105229928151356,5.34138136662111e-05,0.99723527821102,0.00165900869379973,3
"20002",5.42173791219826e-27,1.38689077697293e-13,6.47358820544489e-11,0.999999999935125,4
"20004",4.08358827130659e-09,0.936742030076216,8.46449591721597e-11,0.0632579657555504,2
"20006",2.33854437775737e-23,0.158162935818996,1.20282815788653e-18,0.841837064181004,4
"20008",8.48156530127233e-23,0.320426925763007,2.79340426265987e-20,0.679573074236993,4
"20010",1.85087018204209e-10,0.966226948301672,5.10620718442393e-17,0.0337730515132411,2
"20012",4.82188394358193e-06,0.000517363055231724,0.131059516260187,0.868418298800638,4
"20015",1.15058311986521e-26,0.942154367086913,1.8924418747924e-29,0.0578456329130866,2
"20017",0.998099682731354,0.000762866511146393,0.000198954034118979,0.000938496723380341,1
"20019",3.39626178183147e-45,0.931862034725484,2.22703682607818e-37,0.0681379652745157,2
"20022",2.53856301723911e-10,0.986404896187763,1.08734628462693e-15,0.0135951035583795,2
"20024",1.48528503764492e-43,0.0019314896788915,7.32169937624927e-52,0.998068510321109,4
"20026",1.48528503764492e-43,0.0019314896788915,7.32169937624927e-52,0.998068510321109,4
"20028",0.978426848110825,0.000362681161231302,0.0196164232706438,0.00159404745730033,1
"20030",1.36349523654693e-23,0.709408484120422,1.60339148778936e-16,0.290591515879577,2
"20033",0.0234140408982875,0.143765572571341,0.822620944918793,0.0101994416115781,3
"20035",7.18610094376317e-43,0.901001400976651,1.29389296286712e-40,0.0989985990233493,2
"20037",3.42604448385706e-39,0.98357322294217,3.57369263341756e-42,0.0164267770578297,2
"20039",2.6694745477322e-53,4.27011863868853e-09,2.05568367970484e-73,0.999999995729881,4
"20041",6.51651677077093e-12,0.967479430886493,5.82294870672094e-17,0.0325205691069909,2
"20044",8.28453549541825e-15,0.803652414401127,1.92597677273127e-14,0.196347585598845,2
"20047",3.72719242148264e-52,0.542093263492561,1.69295667341091e-32,0.457906736507439,2
"20050",6.17916816243236e-19,0.732469903282418,9.58199692025424e-18,0.267530096717582,2
"20052",0.00767671081895202,0.836044104985517,0.130727009883702,0.0255521743118292,2
"20054",3.35258648292219e-16,0.962963265995549,7.4654752504267e-18,0.0370367340044504,2
"20056",2.84032588863747e-11,8.49656945260596e-05,0.909969254261786,0.0899457800152848,3
"20058",1.42666692095285e-25,0.966473731476551,4.98165881265408e-39,0.0335262685234485,2
"20060",0.836484986600876,0.148687626235135,1.95997518481936e-07,0.0148271911664706,1
"20062",0.0216228665343643,0.973365625794399,1.25228436147125e-07,0.00501138244280019,2
"20064",1.74110150092298e-08,0.996720595824214,8.42298768552586e-07,0.00327854446600241,2
"20066",1.2084848916126e-35,0.6682941392794,1.69093215555782e-24,0.331705860720601,2
"20068",0.976202499969622,0.0213353662455994,2.70592469527624e-10,0.00246213351418593,1
"20070",0.549668950597709,0.380411363058604,5.11284137755572e-15,0.0699196863436817,1
"20072",1.50195023369761e-22,0.67028480198855,2.057115819919e-37,0.32971519801145,2
"20074",1.38090641484203e-12,2.35277295944483e-14,0.994998830031494,0.00500116996710111,3
"20076",6.7374782631281e-06,0.00942514575162941,0.0266449007488395,0.963923216021268,4
"20078",2.44397027363117e-11,0.994127998919431,5.13026217481404e-11,0.00587200100482635,2
"20080",2.71378442421846e-35,0.987914058906827,5.27938393660571e-28,0.0120859410931727,2
"20082",2.84800080655233e-35,2.400347451011e-05,6.69961338277651e-40,0.99997599652549,4
"20084",2.79269027789578e-17,0.78125370559501,2.48106325700971e-06,0.218743813341733,2
"20087",3.35599805746815e-11,0.986025633799769,3.95323726045162e-22,0.0139743661666708,2
"20090",9.71128741042741e-34,0.971783809956854,1.26903052429587e-28,0.028216190043146,2
"20092",5.11299625646628e-15,0.00377991509738976,3.31934136415634e-47,0.996220084902605,4
"20096",7.4210546517646e-10,0.0689663839252493,1.39174083952004e-14,0.931033615332631,4
"20098",0.497828354558989,0.0580033225957743,0.436562110632275,0.00760621221296201,1
"20101",8.24870626408358e-29,0.985250261491758,7.22799079298604e-13,0.0147497385075194,2
"20104",1.97154341285959e-14,1.30755244914105e-09,2.24718636295255e-33,0.999999998692428,4
"20106",1.1881886257109e-17,0.992133234644705,6.01681778196919e-12,0.00786676534927768,2
"20108",0.917891874966916,0.0782938369696086,9.83080335846363e-05,0.00371598002989083,1
"20110",5.41804629335468e-11,0.126792794141546,2.9422784925972e-06,0.873204263525781,4
"20112",1.443024502308e-16,0.986611429395602,1.35086039496143e-16,0.013388570604398,2
"20114",3.40378857679212e-13,0.924065556142611,5.79786671404467e-05,0.0758764651899079,2
"20116",3.14843971896467e-13,0.913480395114582,5.85615956947859e-06,0.0865137487255332,2
"20118",0.0101120874941156,0.961677284056295,0.0207614223059371,0.00744920614365183,2
"20120",5.93798109711986e-20,0.860192489713194,6.33768160299032e-12,0.139807510280468,2
"20122",2.58557845385173e-07,5.19239713918962e-07,0.99905503931038,0.000944182892060611,3
"20124",2.44588393047955e-31,0.937255792302523,4.09778220434478e-34,0.0627442076974769,2
"20126",4.29103621620633e-50,2.39116816998246e-08,6.99429537902609e-51,0.999999976088318,4
"20128",1.41627051038475e-71,6.39580982449571e-05,5.04512747321823e-59,0.999936041901755,4
"20141",2.32538043827065e-07,2.30384392812609e-05,8.49613551737144e-19,0.999976729022675,4
"20143",1.92116259873196e-24,5.17265794029293e-11,0.00701638684758026,0.992983613100693,4
"20145",1.33611499998796e-10,0.988594042176192,7.39024685654319e-13,0.0114059576894571,2
"20147",2.341905807818e-12,0.997822067182512,1.35792149453964e-12,0.00217793281378827,2
"20149",9.91894531183552e-05,6.6936731381626e-07,0.994820766446583,0.0050793747329853,3
"20151",0.73564331877995,0.024476254667201,0.238586063902163,0.00129436265068589,1
"20153",1.1055791466698e-08,0.020125327503664,0.598483133823392,0.381391527617152,3
"20155",1.25030944989985e-20,0.993791525278238,6.55337679152953e-21,0.00620847472176227,2
"20157",0.0878230696202658,0.00612993151751914,0.872416648044344,0.033630350817871,3
"20160",6.2153021914357e-12,5.25515043124127e-12,0.999849931736646,0.00015006825188393,3
"20162",0.000625462213525935,3.46832317377678e-08,0.998989659451182,0.000384843652060413,3
"20164",1.73817380993723e-07,0.00538909421986256,0.942383537494931,0.0522271944678256,3
"20166",3.8964296820136e-30,0.0895194518469467,1.24644852840448e-15,0.910480548153052,4
"20168",1.8088789835969e-27,3.41883726562638e-11,8.43043386704393e-20,0.999999999965812,4
"20170",3.41631046794541e-05,0.00161330805459526,0.995897622120484,0.00245490672024126,3
"20172",5.15657906380963e-11,0.989247905314651,7.9964241309318e-23,0.0107520946337829,2
"20174",0.989576202642074,4.8796874152593e-06,0.000403836597596476,0.010015081072914,1
"20176",2.24577832494731e-19,3.43395989881991e-07,2.95182889198637e-20,0.99999965660401,4
"20178",1.54896558762954e-12,1.59722751935331e-12,0.999703943157525,0.000296056839328932,3
"20181",1.73534333416423e-26,0.625214683091181,6.45615370002445e-12,0.374785316902363,2
"20183",0.847967456817425,0.140008743261176,5.71852903320499e-12,0.0120237999156808,1
"20186",0.00265764179923711,0.581597467291253,2.68093039220916e-32,0.41574489090951,2
"20188",2.82198184886729e-11,7.62148119374429e-10,0.999224171748943,0.000775827460689075,3
"20190",2.5387517659295e-26,0.994347859536209,1.4097791754872e-23,0.00565214046379133,2
"20193",1.12085257504857e-27,1.53279434835714e-09,4.17597091503435e-06,0.999995822496291,4
"20195",2.68827519675403e-07,0.105846961595055,0.854045629758249,0.0401071398191771,3
"20197",2.47414562696437e-14,0.99149052349812,1.24642254160664e-19,0.00850947650185573,2
"20199",1.25690798751209e-06,2.91411063691158e-05,0.996191025081574,0.00377857690406888,3
"20205",1.03421929610656e-31,2.89527475293632e-06,6.01415861811951e-47,0.999997104725247,4
"20208",0.0174093769259866,0.872063748875082,0.0278584502200826,0.0826684239788483,2
"20210",0.000138977368817171,5.04957395643683e-07,0.999616404728165,0.000244112945621761,3
"20212",0.00811658076749872,0.00503483786500377,0.961751290289414,0.0250972910780835,3
"20216",5.17068573332567e-15,0.983140698291875,1.26397020503446e-13,0.0168593017079935,2
"20219",5.95189265903176e-17,0.544911074783137,1.13816449050622e-15,0.455088925216861,2
"20223",5.42192613425857e-44,0.032649326616835,3.59780579069187e-54,0.967350673383165,4
"20226",4.68963067568188e-09,0.970262185732782,4.49512220622626e-09,0.029737805082465,2
"20230",1.45408509485242e-31,0.992890741929529,7.3278447121379e-30,0.00710925807047082,2
"20233",8.62075322848469e-26,2.68441032613973e-12,1.41716159257791e-34,0.999999999997315,4
"20235",1.36273028102774e-32,0.0674027848789965,2.14238060919316e-46,0.932597215121004,4
"20239",7.5771897503266e-14,0.619282200434831,5.43821055993891e-26,0.380717799565094,2
"20254",1.60756814934167e-43,7.61352201692901e-05,7.84732243859537e-43,0.999923864779831,4
"20256",1.38325868345171e-21,0.985896531741422,1.04383912682241e-31,0.0141034682585776,2
"20262",0.00627541320611784,0.000441988625046255,0.992966268742307,0.000316329426529365,3
"20270",1.17889764243522e-19,0.108377095209691,3.48929824423318e-15,0.891622904790306,4
"20284",1.40332742784923e-06,0.100770562289253,2.34349028439947e-18,0.899228034383319,4
"20287",4.78013358375099e-42,0.874444185504819,7.37465737149313e-44,0.125555814495181,2
"20290",2.14076339965779e-22,0.000473206982295414,1.02828223094705e-21,0.999526793017705,4
"20293",3.70125100164429e-08,0.988675349191947,1.97016718079523e-12,0.0113246137935727,2
"20296",0.00521732406143562,0.110266048220973,0.395358749537625,0.489157878179967,4
"20301",8.21787053121957e-59,0.0768753269954402,2.72341413721216e-29,0.92312467300456,4
"20304",9.66848853352994e-32,2.16398902577801e-05,5.17343197136757e-40,0.999978360109742,4
"20306",2.95794147055589e-30,0.965728655565287,7.00575964169483e-37,0.0342713444347127,2
"20309",1.19316539390306e-09,0.97829163062842,1.21484833009223e-13,0.0217083681782934,2
"20311",1.53729987771203e-17,0.968204584149648,4.03610589738791e-12,0.0317954158463157,2
"20314",0.362306005243106,0.12325938162989,0.511096173028478,0.00333844009852643,3
"20318",1.13173817115835e-21,6.16896876674956e-08,0.00991728916263838,0.990082649147674,4
"20320",7.45823384268981e-06,0.524453718206773,9.05958272571077e-14,0.475538823559294,2
"20326",0.376709009340623,0.535718925399497,0.0732077461528158,0.0143643191070646,2
"20328",5.82463595189763e-05,0.719355581782709,6.04757531210681e-27,0.280586171857772,2
"20330",3.19749395378968e-22,0.879900100371912,1.44125057734162e-26,0.120099899628088,2
"20336",3.13671332847913e-10,0.0157928253690199,4.14911657897898e-28,0.984207174317309,4
"20338",1.76698620920098e-22,0.0130547237036391,2.58953560450028e-19,0.986945276296361,4
"20340",2.38195384352262e-33,0.834731777262168,2.60818862182788e-34,0.165268222737832,2
"20342",2.85419982632911e-48,1.83431599115447e-11,5.39383084393325e-36,0.999999999981657,4
"20344",4.13532947693764e-17,0.983172352115277,5.77749391426837e-26,0.0168276478847233,2
"20349",5.29705860224804e-24,0.990370070878452,2.57299716176547e-32,0.00962992912154789,2
"20351",1.17390812762128e-10,0.954159854856404,5.53332729802633e-13,0.0458401450256516,2
"20353",4.69146296596329e-29,0.963656752521398,1.76413789194546e-30,0.0363432474786021,2
"20357",5.0843858624938e-34,0.000119195615283557,2.45293574865615e-53,0.999880804384716,4
"20360",1.83606178114738e-39,7.57176356862423e-07,2.38745513560914e-45,0.999999242823643,4
"20364",1.68955006757111e-10,0.990571753022412,6.00560966448894e-16,0.00942824680863194,2
"20366",6.55536603621055e-16,6.73323214233083e-05,1.19419442208845e-32,0.999932667678576,4
"20381",3.13618799456288e-10,1.5314379901215e-09,2.08084287532028e-08,0.999999977346515,4
"20391",1.32928721596454e-12,0.0184582500753939,1.30719441972006e-43,0.981541749923277,4
"20394",0.556915447564491,0.413917795550637,1.44283944216199e-08,0.0291667424564783,1
"20396",0.0779021103812712,6.48206752614217e-06,0.0886474318719191,0.833443975679284,4
"20409",2.98401844864888e-09,0.837781993429426,0.000190749907095803,0.162027253679459,2
"20411",3.19783839432103e-21,0.87185442196292,1.95751557421567e-36,0.12814557803708,2
"20416",8.15012256243331e-60,5.67170737165895e-05,1.73229403491345e-69,0.999943282926283,4
"20418",0.00551583567640713,2.01917765505818e-07,0.638332813829412,0.356151148576415,3
"20420",1.46220490556086e-17,4.29490471586469e-09,3.19840972211181e-29,0.999999995705095,4
"20422",7.65481307440963e-26,0.937058291030607,5.53489690017921e-20,0.0629417089693929,2
"20424",6.42355181112219e-21,0.957505207682821,6.63615223578408e-34,0.042494792317179,2
"20426",2.2190277765066e-44,5.27689803182793e-13,3.03759226752276e-29,0.999999999999472,4
"20428",4.06418417933694e-09,0.993381001704608,2.60984809643901e-17,0.0066189942312075,2
"20431",2.86311403817928e-10,0.698748908684573,9.62422393401161e-05,0.301154848789775,2
"20433",2.1705112038553e-45,0.141188907584849,1.75185112728138e-40,0.858811092415151,4
"20436",3.06690672565041e-26,2.99753968012898e-05,2.07402402678869e-22,0.999970024603199,4
"20439",0.970920886005392,8.91446344552089e-06,2.14762578449105e-05,0.0290487232733181,1
"20441",3.01681603428078e-29,0.000505469391082081,5.6136923848623e-33,0.999494530608918,4
"20444",1.83040938632711e-06,1.1950918886818e-10,0.999134555921298,0.000863613549806467,3
"20448",7.72877576392246e-07,0.0728806993155689,2.01232616496189e-06,0.92711651548069,4
"20536",0.909714711429534,0.00503403678147486,6.45654470031745e-14,0.0852512517889262,1
"20538",1.51827570159066e-14,0.00826281270386587,6.76138914601587e-32,0.991737187296119,4
"20541",1.01090726765296e-34,0.867448745576982,1.62092109792961e-34,0.132551254423018,2
"20544",5.9064245215192e-06,0.99514264720936,4.09299910649903e-11,0.00485144632518878,2
"20546",4.3157291836701e-15,0.97482872695929,6.56274740299823e-29,0.025171273040706,2
"20550",6.00276895815023e-15,0.911108553786643,7.3782063358484e-15,0.0888914462133438,2
"20553",1.83498556610227e-94,4.76995995487049e-10,6.59458774972102e-56,0.999999999523004,4
"20555",1.00659524343007e-22,2.00103694761798e-09,2.13438191659233e-44,0.999999997998963,4
"20557",4.97426172921194e-12,0.944614853874879,6.86122011803364e-13,0.0553851461194609,2
"20559",2.28365636503555e-15,0.995042217447831,9.24743862126137e-15,0.00495778255215722,2
"20561",2.37976523645697e-05,0.00699721665085933,0.987496322113856,0.00548266358291975,3
"20564",1.54896558762954e-12,1.59722751935331e-12,0.999703943157525,0.000296056839328932,3
"20566",9.95841754330599e-09,0.97034123334749,8.27156249421144e-12,0.029658756685821,2
"20569",0.00509918274686004,0.000114662186039465,0.99169176164611,0.00309439342099053,3
"20572",2.6032205755025e-08,8.99147719962418e-06,0.943999817810039,0.0559911646805553,3
"20574",3.29129585667751e-21,0.994023774087634,2.88309325338381e-16,0.00597622591236636,2
"20576",2.82717571026217e-12,1.06851624776865e-08,0.999485084055095,0.000514905256915449,3
"20578",4.01391053039178e-06,0.998047139336697,7.47683633975597e-07,0.00194809906913905,2
"20580",3.66191483244879e-06,0.99344366225917,1.71854887026066e-10,0.00655267565414318,2
"20583",1.23636463682591e-10,7.76650110558947e-10,0.999772119876473,0.000227879223240157,3
"20586",1.52559030804198e-07,0.983867511889953,3.03933306668937e-20,0.0161323355510165,2
"20589",1.27513549639914e-23,0.990490307643582,2.03937760940282e-35,0.00950969235641798,2
"20591",7.65866454547246e-09,0.0600506589768247,5.43842767447995e-24,0.939949333364511,4
"20593",1.58778357215253e-50,0.942103445447975,1.18989655351302e-35,0.0578965545520246,2
"20595",2.11236792185307e-13,0.992445542292928,4.82949738951279e-13,0.00755445770637773,2
"20597",0.00604194897700599,2.75907415894921e-08,1.11742540729301e-18,0.993958023432252,4
"20599",2.87213957321089e-14,1.00171790160541e-11,0.999650993275163,0.000349006714790608,3
"20601",0.852428214844345,0.146377207781313,4.11112435812849e-07,0.0011941662619063,1
"20604",2.22083454266761e-31,0.993043124502579,2.22680677078693e-22,0.0069568754974212,2
"20606",1.33895899529617e-27,0.987731742340351,3.14835998444577e-26,0.0122682576596489,2
"20608",6.68910370645342e-20,0.986688596773334,8.10313973567469e-22,0.0133114032266665,2
"20610",2.81156285360012e-11,3.90038075082098e-06,0.991440256490444,0.00855584310069001,3
"20612",2.33551012851445e-38,2.80336291482888e-11,3.05518108518224e-40,0.999999999971966,4
"20614",0.000192976137331709,1.76078322014704e-06,0.999263124737509,0.000542138341939334,3
"20616",0.00593189270559311,0.554582504674226,2.92462327214355e-07,0.439485310157854,2
"20618",1.1312131121806e-20,7.22378033275665e-05,1.64439667535298e-24,0.999927762196672,4
"20620",3.29231500398122e-28,0.632990588069381,3.72188316113751e-18,0.367009411930619,2
"20622",1.86102281632336e-11,9.28804007722153e-07,0.996923258291827,0.00307581288555492,3
"20624",1.13164930820382e-22,0.720492076287397,1.25955732260853e-33,0.279507923712603,2
"20626",4.43433333084955e-15,0.214453357046371,2.43159439357009e-13,0.785546642953381,4
"20628",3.62518269624697e-13,0.110645595725933,3.65283743803428e-22,0.889354404273705,4
"20630",4.76632819447387e-16,0.945372409912251,2.05569288343834e-10,0.0546275898821789,2
"20632",1.62157948349344e-06,1.6026188946241e-09,0.998660491354861,0.00133788546303669,3
"20634",2.26183596582218e-26,0.992906155067421,4.1796670128366e-26,0.00709384493257852,2
"20637",7.8026434557563e-35,0.00228232983085404,9.97599506926685e-24,0.997717670169146,4
"20639",1.04143208669499e-08,7.29765041738418e-05,0.991022748236447,0.00890426484505782,3
"20644",4.3346936829264e-84,1.96200804268173e-09,3.94280788048987e-66,0.999999998037992,4
"20646",8.02508456891845e-44,9.52070705424382e-05,1.92944159913558e-35,0.999904792929457,4
"20648",0.283646589974268,0.0168752464026214,0.696553532898694,0.00292463072441677,3
"20650",1.10263096764038e-32,0.109476638905693,2.55942631936804e-39,0.890523361094308,4
"20653",0.000352863788056815,0.179475195710952,6.63224020673333e-11,0.820171940434669,4
"20658",1.20030013019734e-22,0.906539089384274,3.42862397634517e-34,0.0934609106157262,2
"20661",4.27147028591009e-24,5.61453931976883e-06,1.09002912241928e-45,0.99999438546068,4
"20663",0.00138727928803108,0.990570922586455,5.18550231335942e-15,0.00804179812550921,2
"20665",1.86873955439829e-13,2.82143268951077e-11,0.999035583874692,0.000964416096907106,3
"20667",3.53612230905502e-09,0.6717053511204,3.82290737001024e-14,0.328294645343439,2
"20669",0.0516066262108908,9.8423045091711e-07,3.14654620941261e-17,0.948392389558658,4
"20671",9.41030674449435e-19,0.330824725545436,9.169471739149e-16,0.669175274454563,4
"20673",0.0194392763547976,7.83503307195977e-09,1.83299823946227e-12,0.980560715808336,4
"20675",0.413939762349529,0.175836636429188,1.47236404719127e-17,0.410223601221283,1
"20677",0.000658110957177236,0.970181949217673,1.78074872006799e-17,0.0291599398251499,2
"20679",0.187207318546912,5.13251033371001e-07,8.62594952239457e-07,0.812791305607102,4
"20681",0.995352056408429,0.000761805064263009,1.24508899109213e-16,0.00388613852730789,1
"20683",3.11288666393905e-06,0.934628722056448,1.86242429611569e-16,0.0653681650568881,2
"20685",1.04146561532624e-17,1.52644990740031e-08,9.10272099944121e-31,0.999999984735501,4
"20687",0.97353511427579,6.32872446513966e-05,0.025658686648614,0.000742911830944688,1
"20689",3.31892549784943e-64,6.95795272903151e-10,1.66617368284926e-71,0.999999999304205,4
"20691",5.54052657594088e-06,2.44469067885839e-09,0.999120635331616,0.000873821697117185,3
"20693",7.63178056005611e-30,0.928302608776119,5.35432189975449e-37,0.0716973912238812,2
"20695",0.677935612815375,0.121857864168652,0.173788423619705,0.0264180993962676,1
"20697",1.18664236361224e-22,0.980850129338547,2.30853774907092e-13,0.0191498706612218,2
"20699",0.000634032225808171,0.987287216209595,4.58246694184475e-14,0.0120787515645516,2
"20701",4.55560514339311e-10,0.985846702434164,1.71962206066941e-26,0.0141532971102755,2
"20703",5.68857904683918e-17,3.04276499028457e-11,2.92214836359651e-26,0.999999999969572,4
"20705",1.02881914288241e-18,0.962050584908751,2.2137565310501e-25,0.0379494150912493,2
"20707",0.892684628537151,0.102145783933163,3.79217791786421e-08,0.00516954960790667,1
"20709",1.06795859522243e-06,0.215554831778792,0.00255619812856579,0.781887902134048,4
"20713",0.000257990483999792,0.00161292964617198,5.44135381684162e-12,0.998129079864387,4
"20715",2.53656745030729e-71,1.16034442346122e-06,3.51935772365946e-26,0.999998839655576,4
"20717",0.975505505034501,0.0133879131066969,0.000663927599073576,0.010442654259728,1
"20720",1.67479859339394e-15,0.989836382469245,9.02900775470281e-16,0.0101636175307519,2
"20722",5.68197202663136e-10,0.986177362401376,2.98161704540282e-14,0.0138226370303966,2
"20724",0.998049456028141,0.00107463091884505,0.0006696069074199,0.000206306145594235,1
"20726",1.12218060133591e-29,0.947728836071771,1.77603734015091e-35,0.0522711639282286,2
"20728",0.998909842752855,0.000318123525447061,3.32725776100409e-12,0.000772033718370715,1
"20730",0.968764097946753,0.0235584415896691,0.00612151816300449,0.00155594230057296,1
"20732",6.03469530833441e-24,0.120255930283314,9.35893114803079e-31,0.879744069716686,4
"20734",0.000435452941951636,0.992272590283555,8.13073751510627e-12,0.00729195676636219,2
"20736",9.05579950780639e-05,4.73674373489227e-05,0.999120181054548,0.000741893513025295,3
"20738",7.05359094115195e-41,3.98032727852549e-07,2.94696788945532e-23,0.999999601967272,4
"20740",9.0825290671124e-15,0.0322198775583072,9.72708266687633e-49,0.967780122441684,4
"20742",0.870013363090813,0.0287487249429856,4.19764944462093e-14,0.101237911966159,1
"20744",0.00014918342684456,6.89292017739629e-08,0.995278183870914,0.00457256377303994,3
"20746",0.0967385963155025,0.898044994219099,5.81940284801308e-11,0.00521640940720383,2
"20748",0.971252777541857,0.000967320546217665,0.0269875686729214,0.000792333239003772,1
"20750",0.394351464710911,0.0152735272007988,0.586003854868312,0.00437115321997771,3
"20752",3.3167111268883e-08,0.992471087445591,4.59618540684657e-21,0.00752887938729745,2
"20754",0.000997214690775301,4.16203045799748e-08,6.66079186537967e-13,0.999002743688254,4
"20756",0.00758226538168409,0.889544866861213,0.0734465534068047,0.0294263143502985,2
"20758",5.16802818465433e-16,7.30783396340817e-06,1.5864398298549e-10,0.999992692007392,4
"20760",0.983799183618454,0.00030430186439001,0.014901367717829,0.000995146799327174,1
"20762",0.00269102939308653,1.23003427835909e-07,5.91208897853136e-16,0.997308847603485,4
"20764",0.207846370749532,0.000128206183604907,0.702405052097906,0.089620370968957,3
"20766",0.685261460430946,0.00140912153597995,0.31199758393449,0.00133183409858419,1
"20768",0.0031101408429674,0.003204053121868,0.992996116038187,0.000689689996977313,3
"20770",0.00163004970719186,0.107341763594379,1.96053256217872e-16,0.891028186698429,4
"20772",7.93183611291961e-27,0.991518896110476,8.32625270375455e-23,0.00848110388952346,2
"20774",5.35965586690731e-59,0.0262615093805578,7.65586394440613e-56,0.973738490619442,4
"20776",0.00820188595789611,0.895763072499928,2.67053714200374e-22,0.0960350415421757,2
"20778",2.3413239193497e-74,7.13044608642086e-05,1.84815585221325e-49,0.999928695539136,4
"20780",2.96846691434752e-15,7.47269833532993e-12,2.34142593442757e-13,0.99999999999229,4
"20782",0.000248631793020646,2.25326736565495e-09,3.19155288039861e-12,0.99975136595052,4
"20784",0.000678774268382499,1.2089023126107e-06,1.04028939318563e-14,0.999320016829294,4
"20786",4.7368712825988e-11,6.76910840727976e-12,0.970642247597872,0.0293577523479907,3
"20788",0.873842562293578,0.123169295574748,8.64026273443094e-09,0.00298813349141111,1
"20790",0.971504033256173,0.000308927082594493,6.57663038746465e-05,0.0281212733573574,1
"20792",2.04760975179989e-05,0.641023443550128,0.000152365472545887,0.358803714879808,2
"20794",0.988791650991732,2.20576696893132e-05,0.000151609827916456,0.0110346815106621,1
"20796",2.35360942420138e-22,0.990115448108689,3.581324723504e-30,0.00988455189131128,2
"20798",1.54896558762954e-12,1.59722751935331e-12,0.999703943157525,0.000296056839328932,3
"20801",8.27055092916765e-23,1.83529195283465e-06,2.55723643887081e-05,0.999972592343658,4
"20803",0.0520535193698562,0.910265534938985,7.4410195954049e-12,0.0376809456837181,2
"20805",8.55705064496245e-05,0.991856711278284,2.28444874497264e-16,0.00805771821526605,2
"20807",1.54896558762954e-12,1.59722751935331e-12,0.999703943157525,0.000296056839328932,3
"20809",0.0112961326680487,0.0816340251947051,3.88181286532487e-15,0.907069842137242,4
"20811",1.82162454208391e-19,0.000244286563993803,4.41604665972395e-07,0.99975527183134,4
"20813",2.9866407216596e-10,0.373287451822167,6.88660222691895e-06,0.626705661276942,4
"20815",1.45852475945959e-15,1.41363554612886e-14,0.382190092673775,0.61780990732621,4
"20817",0.997001619081659,0.00274080292646259,1.57576731470374e-05,0.000241820318731022,1
"20819",0.00272036953695637,0.973105516267817,3.15218003195684e-18,0.0241741141952264,2
"20821",1.0879163427727e-42,4.11677410266548e-09,8.59964181427301e-27,0.999999995883226,4
"20823",0.00189722241971037,0.990106815731125,2.173790392775e-08,0.00799594011126075,2
"20825",0.997824598518037,0.00125524371512356,3.67626676745605e-07,0.000919790140162746,1
"20827",2.03739426394505e-06,0.0373711432876118,0.590198092341963,0.372428726976162,3
"20829",1.5684370654908e-30,0.314993596473249,8.88031124220995e-27,0.685006403526751,4
"20831",0.989017029608085,0.00713207421660175,2.1609016342381e-09,0.00385089401441162,1
"20833",1.24477242333257e-06,2.87419622022785e-12,3.02311048161858e-12,0.999998755221679,4
"20835",0.98724141609861,0.00440265827920472,0.00608197393523772,0.00227395168694761,1
"20837",0.934666699626053,0.0451205659982202,0.0107028443794924,0.00950988999623468,1
"20839",0.995538917398222,0.00150038174343334,0.00218065506508918,0.000780045793255036,1
"20841",3.34203786101846e-12,0.360221484702415,5.55711072959931e-29,0.639778515294243,4
"20843",0.825335465860059,0.168393263868012,2.0731235463891e-13,0.006271270271722,1
"20845",0.362734900600776,0.262321149220493,0.00111468955059114,0.37382926062814,4
"20847",8.21949472171795e-06,0.98988768431005,4.71432817201539e-12,0.0101040961905143,2
"20849",5.46390670597132e-07,0.981543742700196,4.39893314108947e-09,0.0184557065102008,2
"20851",4.73052366212913e-08,0.977318624794706,1.69311625861208e-15,0.022681327900056,2
"20853",1.696053387741e-22,0.92035863681665,1.0924555504133e-28,0.0796413631833498,2
"20855",6.49214804709464e-24,0.880068391796613,2.29399349251278e-15,0.119931608203385,2
"20857",0.000427991303436144,0.982403008516419,2.42263324925656e-10,0.0171689999378815,2
"20859",1.25006478066285e-10,0.996308620681664,1.67964588282393e-12,0.00369137919165039,2
"20861",1.7712405021947e-15,4.406801918482e-07,1.60039612611853e-22,0.999999559319806,4
"20863",0.000904885600223201,0.000107757062706543,0.997320270680203,0.00166708665686704,3
"20865",0.956893739794683,0.00850232611589581,5.25187279698297e-11,0.0346039340369024,1
"20867",4.12219558570555e-56,0.450149273665224,6.22580512263081e-46,0.549850726334776,4
"20869",0.000653613429666964,0.00229955145192065,0.991511515135782,0.00553531998262988,3
"20871",6.33416848257338e-50,0.028550877041277,5.9921127839681e-25,0.971449122958723,4
"20873",2.26112541725556e-35,0.719863108812613,2.61355198215745e-17,0.280136891187387,2
"20875",9.48175830495369e-14,0.99391206780377,4.48643904126816e-18,0.00608793219613559,2
"20878",4.50477512681862e-15,1.55909249019097e-14,0.000982899512015899,0.999017100487964,4
"20880",3.11584073228483e-10,1.81054358491222e-12,3.2482842396071e-11,0.999999999654122,4
"20882",3.3620315327946e-28,0.934500096921086,3.40756074525613e-27,0.0654999030789141,2
"20884",0.946045550369,0.015495360014696,0.0344173061038176,0.0040417835124863,1
"20886",0.000571743696927714,0.00423206527357404,0.993187551430011,0.0020086395994869,3
"20888",0.683859177726194,1.91028909931209e-08,2.38809987712269e-05,0.316116922172144,1
"20890",0.939649259196044,0.00871333885446273,0.0512112692333442,0.000426132716149248,1
"20892",1.37585057570011e-06,0.975961034853213,8.83789770386324e-16,0.0240375892962099,2
"20897",8.21634376445108e-05,0.946649847191242,5.90913260232122e-08,0.0532679302797872,2
"20899",0.0334694438394093,0.941803750384492,1.44238052454311e-05,0.0247123819708528,2
"20901",7.48154425372393e-45,1.61614481431282e-10,5.44114179408778e-53,0.999999999838386,4
"20903",6.57797156575905e-65,2.68732745300389e-05,5.90400955600747e-28,0.99997312672547,4
"20905",4.77211961187633e-31,0.0004299925264059,5.48208950313304e-21,0.999570007473594,4
"20907",4.79736338440573e-21,0.877176403002199,2.12188242794732e-32,0.122823596997801,2
"20909",2.03776047506345e-07,0.362362873775783,2.06836007603235e-08,0.637636901764569,4
"20911",3.67988743651539e-68,1.78928306588365e-11,1.56427140491555e-69,0.999999999982107,4
"20913",0.115411809792325,0.816384893777752,6.09463355731401e-06,0.0681972017963658,2
"20962",1.14564322296925e-06,0.997670392687675,9.34951547699265e-12,0.00232846165975212,2
"20969",5.96565624789786e-18,0.837089710671788,1.05420800802514e-08,0.162910278786132,2
"20980",4.64717423584524e-08,0.990557604941577,2.5873736158895e-10,0.00944234832794324,2
"20982",7.16929573241063e-11,0.995263180337716,2.02562742511423e-21,0.0047368195905914,2
"20984",0.0130644007506496,0.562683413231296,1.64967355991535e-08,0.424252169521319,2
"20994",4.51216223347062e-17,0.964072250398893,1.27065223429974e-13,0.0359277496009801,2
"21015",0.256005023571703,0.000392982321877514,0.0103563094898106,0.733245684616609,4
"21023",9.01590946485389e-25,0.864769235707239,1.88317016292894e-30,0.135230764292761,2
"21040",5.55599989936676e-14,0.147724475696915,6.60462879706542e-36,0.85227552430303,4
"21073",3.43650027679119e-08,0.800019494314119,5.60311630939555e-13,0.199980471320318,2
"21222",0.967135558848973,0.0175262454935308,0.0132857348719081,0.00205246078558804,1
"21224",0.0195369302001615,0.963604285192681,8.10832411238885e-08,0.0168587035239162,2
"21228",5.30643224370566e-24,0.000275851158920971,6.3508775860398e-12,0.999724148834728,4
"21232",8.04333286968934e-22,0.978728448454675,5.88696668003867e-31,0.0212715515453247,2
"21237",9.26165559440706e-36,0.0573863975022331,1.34780774696774e-27,0.942613602497767,4
"21240",0.998117003141764,0.00149762684537763,4.60667105482893e-07,0.00038490934575282,1
"21245",0.983004326715791,0.000486795069624793,0.0161594054548579,0.000349472759725846,1
"21252",3.3844783129259e-16,0.930276815607428,5.25258611241009e-35,0.0697231843925719,2
"21254",1.48488143085255e-13,0.64182506456317,1.77839459843018e-23,0.358174935436682,2
"21258",1.79280932807762e-11,0.886806713166372,5.44254747623325e-10,0.113193286271445,2
"21264",0.469725515343331,0.299724533240206,0.220430649582045,0.0101193018344182,1
"21305",8.30984672058781e-09,0.00341458820781379,1.98956882993843e-12,0.99658540348035,4
"21333",7.78574591074067e-10,0.978880299660914,4.85241946912511e-27,0.0211196995605113,2
"21366",0.148516710364895,0.786355130962988,1.82658468144723e-09,0.065128156845533,2
"21377",8.49060767994705e-08,6.09403281242109e-07,0.998678543865896,0.00132076182474548,3
"21380",2.00672781840962e-42,2.04958602737977e-09,1.53035380024986e-29,0.999999997950414,4
"21387",1.34355617646456e-65,9.26507279966567e-13,1.45292782494514e-75,0.999999999999073,4
"21390",5.79043479780485e-17,0.890716583436432,3.88199151982363e-30,0.109283416563568,2
"21392",4.06216232422272e-07,0.957711098700818,9.09665072681002e-11,0.0422884949919827,2
"21403",1.01369767090688e-12,0.980021956368239,3.05949397301065e-07,0.01997773768135,2
"21408",3.44287105312853e-23,0.958933987711098,1.44888186681963e-18,0.041066012288902,2
"21412",3.71998417988283e-29,0.000204553294150944,1.90733844631722e-22,0.999795446705849,4
"21421",0.0419547655103393,0.948594343156758,2.80083770729592e-08,0.00945086332452542,2
"21424",3.69495892332885e-39,0.00376854888776208,1.78103295558893e-42,0.996231451112238,4
"21429",2.46145390390697e-17,0.989053624471551,7.79514270020316e-15,0.0109463755284418,2
"21431",0.000277022163148763,0.974129228770128,1.38569249256464e-09,0.0255937476810305,2
"21436",8.41811973477865e-06,3.23015444808314e-05,3.54638229357641e-18,0.999959280335785,4
"21439",1.28169544488023e-08,0.998734089017827,2.61194734316455e-07,0.0012656369704837,2
"21442",0.000125436750371883,0.892278127561652,0.00143978601431751,0.106156649673658,2
"21444",0.996950521293492,0.000615191281997254,1.02080866436052e-10,0.00243428732242929,1
"21446",4.25120319466868e-17,2.99207688764468e-14,4.08342477151032e-05,0.999959165752255,4
"21448",2.62272630658261e-27,2.86413594189213e-13,3.80956972029286e-40,0.999999999999714,4
"21450",3.29917327440699e-14,0.619696566362403,3.15414532550906e-10,0.380303433322149,2
"21452",1.18466407464364e-14,0.92637358781062,2.29431798991224e-24,0.0736264121893686,2
"21466",1.17450990716162e-29,0.826383712492406,1.12852269228733e-41,0.173616287507594,2
