"","V1","V2","V3","best$classification"
"19811",0.892222153209392,0.0760832834125672,0.0316945633780408,1
"19813",1.95735450678444e-06,3.06123069913422e-07,0.999997736522423,3
"19815",0.0703836402289933,0.919948434096624,0.00966792567438295,2
"19817",0.857836656474775,0.140844514064388,0.00131882946083626,1
"19819",1.71769324583726e-14,0.236119021177949,0.763880978822034,3
"19821",0.766433642968453,0.164655165492939,0.0689111915386083,1
"19823",0.000660813341270093,0.00788646783856643,0.991452718820164,3
"19825",4.76002313329375e-14,3.00328544770623e-07,0.999999699671408,3
"19827",0.984158294526685,0.0123075649904361,0.00353414048287891,1
"19829",1.21487186772581e-05,0.816846254070625,0.183141597210697,2
"19831",1.15382147616786e-14,0.037878396762104,0.962121603237884,3
"19833",2.13136200887387e-22,7.31287697409286e-16,0.999999999999999,3
"19835",0.766433642968453,0.164655165492939,0.0689111915386083,1
"19837",0.960585977202735,0.0383237364556338,0.00109028634163141,1
"19839",5.64112786292455e-06,0.0691040710746017,0.930890287797535,3
"19841",0.293862369568921,8.80735179866424e-10,0.706137629550344,3
"19843",4.27945808293407e-18,0.0202965492618706,0.979703450738129,3
"19845",0.0555800742539564,0.00130977732255009,0.943110148423493,3
"19847",0.00288772683201563,0.92201792864383,0.0750943445241549,2
"19849",0.000205849078788119,6.4635684817531e-08,0.999794086285527,3
"19851",0.950570590861243,0.0456439153716403,0.00378549376711716,1
"19853",0.035583919278742,2.27150428756361e-05,0.964393365678382,3
"19855",0.948103633639653,0.0116393442832798,0.0402570220770669,1
"19857",0.282895523399528,0.683261913429815,0.0338425631706563,2
"19859",0.813925538719088,0.177341144619485,0.00873331666142694,1
"19861",0.860609640448188,0.0292019846239793,0.110188374927833,1
"19863",0.00464414795230308,4.68803105840393e-14,0.99535585204765,3
"19865",0.998419481357121,4.66679578144152e-06,0.00157585184709747,1
"19867",0.0444488201647567,0.874270329770356,0.081280850064887,2
"19869",0.0239060034263793,1.30261901445082e-06,0.976092693954606,3
"19871",0.821380031399867,0.176509096852556,0.0021108717475769,1
"19874",0.98873011166201,0.00148788917882474,0.00978199915916516,1
"19876",0.996901942268859,0.00079320437261896,0.00230485335852241,1
"19878",6.44329625200711e-12,0.696975312138974,0.303024687854583,2
"19880",0.999372311583266,8.48293812866756e-09,0.00062767993379594,1
"19882",0.149734426492821,0.0122898499495258,0.837975723557653,3
"19885",0.28057468100954,0.717606048305267,0.0018192706851928,2
"19907",0.161867684097641,0.357454154330037,0.480678161572322,3
"19909",7.53389049862237e-08,0.992466633509021,0.00753329115207362,2
"19911",3.79737651846181e-05,0.946446665236353,0.0535153609984619,2
"19913",0.992922372093953,1.78413620385071e-10,0.00707762772763368,1
"19915",0.998901822022019,0.000624120174208275,0.000474057803772472,1
"19917",0.990124748943609,0.000666485420624214,0.00920876563576682,1
"19919",0.974158939777928,0.0247918522631313,0.00104920795894064,1
"19921",0.753243374095615,0.242443485905201,0.00431313999918358,1
"19923",9.35057064479612e-07,0.892174781023576,0.107824283919359,2
"19925",0.99892273983932,0.000258110598527298,0.000819149562152635,1
"19927",0.675012801665813,0.320047322135204,0.00493987619898358,1
"19929",0.429095735058794,8.61664668425053e-14,0.57090426494112,3
"19931",0.0180661735459048,0.969491788414875,0.0124420380392206,2
"19933",9.39958794329379e-05,0.995223055529047,0.00468294859151993,2
"19935",2.95926754836324e-05,0.976108998098668,0.0238614092258482,2
"19937",0.639841101274014,0.351711497108048,0.00844740161793813,1
"19939",0.0183920724149495,0.965424460929942,0.0161834666551088,2
"19941",1.54276206818185e-05,0.615526228518092,0.384458343861226,2
"19943",0.997375913055953,5.38399468982407e-07,0.0026235485445776,1
"19945",3.41550398073507e-05,0.989623006808373,0.0103428381518199,2
"19947",0.00219173454705128,0.000353574294461126,0.997454691158488,3
"19949",8.01619977139161e-08,0.979017205084328,0.0209827147536744,2
"19951",0.722352388799461,0.197120537153343,0.0805270740471959,1
"19953",7.1532404213217e-15,0.0121740196346026,0.98782598036539,3
"19955",2.89733884441441e-09,0.338235457250171,0.66176453985249,3
"19957",0.154177457287145,0.0105418117565337,0.835280730956321,3
"19960",4.51995994400385e-08,0.763200624828198,0.236799329972202,2
"19963",7.05889704569896e-10,1.98155075084424e-13,0.999999999293912,3
"19965",1.43854283482595e-15,0.951905893073197,0.0480941069268012,2
"19968",0.00305367951186531,1.62926963185141e-05,0.996930027791816,3
"19971",4.3871077620124e-05,4.80342560174158e-10,0.999956128442037,3
"19973",0.952161989149295,0.0474368401768832,0.000401170673821428,1
"19975",0.99033990692019,0.000300030708142975,0.0093600623716666,1
"19977",1.64821269434844e-06,4.43781948929406e-09,0.999998347349486,3
"19979",1.312853833959e-14,0.964921838430011,0.035078161569976,2
"19981",0.00523282935243044,0.99030749815823,0.00445967248933902,2
"19983",0.00522616769126605,0.985139777164806,0.00963405514392787,2
"19985",0.999042156820185,0.000161005981728037,0.000796837198086506,1
"19987",0.0280264728390282,0.930578947458066,0.0413945797029054,2
"19989",3.68495190203305e-17,0.948886818263742,0.0511131817362576,2
"19993",0.000100726982291412,0.978800837213316,0.0210984358043928,2
"19995",7.76330115562216e-06,0.991550364204168,0.00844187249467671,2
"19997",0.913736012875391,0.0830268784238059,0.00323710870080289,1
"19999",0.981559045622149,0.00204628051674299,0.0163946738611079,1
"20002",7.14590598480782e-08,9.82725432215448e-13,0.999999928539957,3
"20004",1.17165167727372e-07,0.949889113422197,0.0501107694126351,2
"20006",1.89270257774745e-09,0.141893858656623,0.858106139450674,3
"20008",5.78722181652137e-11,0.293215570973363,0.706784428968765,3
"20010",1.15690822983159e-07,0.970392335060775,0.0296075492484021,2
"20012",0.607310449383413,0.000647178826570066,0.392042371790017,1
"20015",1.02962981532023e-16,0.943879487645745,0.0561205123542553,2
"20017",0.994407361191911,0.00404773797272094,0.00154490083536776,1
"20019",6.11148331934745e-22,0.9230385257853,0.0769614742146999,2
"20022",1.74322878925463e-07,0.98760876212773,0.0123910635493916,2
"20024",4.83854690483122e-25,0.00112146069303445,0.998878539306965,3
"20026",4.83854690483122e-25,0.00112146069303445,0.998878539306965,3
"20028",0.99793136778783,0.00101528005476318,0.0010533521574072,1
"20030",4.82625585738458e-12,0.693509758112218,0.306490241882955,2
"20033",0.788732136605927,0.199120163304118,0.0121477000899554,1
"20035",8.18962818645751e-23,0.877843596018148,0.122156403981852,2
"20037",1.07874983980151e-20,0.981064590884511,0.018935409115489,2
"20039",4.67010706635906e-28,5.90974124121928e-09,0.999999994090259,3
"20041",3.19160008998782e-07,0.962416021517236,0.0375836593227545,2
"20044",6.46480066613674e-07,0.758814193675322,0.241185159844612,2
"20047",6.49264695988373e-19,0.508969394616768,0.491030605383232,2
"20050",8.05017953286324e-09,0.736331851208725,0.263668140741096,2
"20052",0.390197590953747,0.592076536832589,0.0177258722136638,2
"20054",2.59779855368558e-09,0.963481513131832,0.0365184842703697,2
"20056",0.320850409271196,0.00105715873108969,0.678092431997714,3
"20058",4.34065629744779e-18,0.959070314361483,0.0409296856385168,2
"20060",0.0250212414512544,0.948345896069519,0.0266328624792271,2
"20062",0.0187469654708556,0.977361424777644,0.00389160975150016,2
"20064",7.49965130570227e-05,0.996451668884247,0.00347333460269595,2
"20066",4.56539958551624e-15,0.662727658362645,0.337272341637351,2
"20068",0.595740280322284,0.391760981814968,0.0124987378627483,1
"20070",0.0408765917003616,0.896656275014664,0.0624671332849737,2
"20072",1.26278684013183e-13,0.679441332643054,0.32055866735682,2
"20074",0.988016147346454,2.31276287311045e-13,0.0119838526533148,1
"20076",0.34257886433459,0.0045224906282725,0.652898645037138,3
"20078",7.99910798141375e-07,0.99166792611084,0.00833127397836186,2
"20080",7.48569787381151e-17,0.987208203641029,0.0127917963589711,2
"20082",4.53678778996758e-17,1.92327229512718e-05,0.999980767277049,3
"20084",5.06819130549755e-05,0.717071418649601,0.282877899437344,2
"20087",5.80233750610798e-09,0.982413867906024,0.0175861262916381,2
"20090",2.82676729596051e-16,0.969707151507349,0.0302928484926503,2
"20092",8.49415642496092e-13,0.00537065041802058,0.99462934958113,3
"20096",2.1782577009769e-06,0.0718033136825192,0.92819450805978,3
"20098",0.971923885634357,0.0260511838727284,0.00202493049291483,1
"20101",1.83419561835992e-09,0.979732803065924,0.0202671950998802,2
"20104",1.00672696998423e-10,1.42985904478874e-08,0.999999985600737,3
"20106",1.3176331920773e-08,0.99259923178994,0.0074007550337284,2
"20108",0.607417196597812,0.38435266093293,0.00823014246925808,1
"20110",0.0029937120341813,0.144175873859993,0.852830414105825,3
"20112",6.03470575089113e-09,0.985753629616704,0.0142463643485903,2
"20114",0.000686494061190164,0.901999710356811,0.0973137955819992,2
"20116",0.000283608378919972,0.893523823818684,0.106192567802396,2
"20118",0.160425968639511,0.832361225878982,0.00721280548150724,2
"20120",5.35816636714909e-09,0.827894192189587,0.172105802452247,2
"20122",0.998095971820359,1.09650880999185e-06,0.00190293167083051,1
"20124",1.70432271800778e-16,0.922176507549279,0.0778234924507212,2
"20126",9.51442181518216e-22,2.74081686429722e-08,0.999999972591831,3
"20128",6.37531863399818e-28,5.31961756481612e-05,0.999946803824352,3
"20141",9.83010867459964e-06,0.000103883636600394,0.999886286254725,3
"20143",0.101374369419701,1.00889895622384e-10,0.898625630479409,3
"20145",2.94468953498524e-07,0.989060679847367,0.0109390256836798,2
"20147",1.48597997833409e-07,0.99766583311891,0.00233401828309243,2
"20149",0.992597248386834,1.45163601976124e-06,0.00740129997714604,1
"20151",0.978606648809945,0.0208239231929083,0.00056942799714639,1
"20153",0.6302200352978,0.0283944339548404,0.34138553074736,1
"20155",5.93711804708171e-11,0.994490080338398,0.00550991960223128,2
"20157",0.923682026055622,0.0272848320961246,0.0490331418482533,1
"20160",0.998611203969202,1.13519134988983e-10,0.00138879591727888,1
"20162",0.999644343120819,9.56440924117552e-08,0.000355561235088807,1
"20164",0.950924207002337,0.00561902562040768,0.043456767377255,1
"20166",2.1950741874931e-10,0.0740383350177963,0.925961664762696,3
"20168",1.1666637445251e-09,9.97660936847453e-11,0.99999999873357,3
"20170",0.953234188472554,0.0214498975973906,0.0253159139300552,1
"20172",5.62744120265819e-09,0.989520495320741,0.010479499051818,2
"20174",0.991592200009046,2.5546855130104e-05,0.00838225313582366,1
"20176",4.68553767372458e-09,8.39666407809753e-07,0.999999155648055,3
"20178",0.9957279416838,5.99166733859885e-11,0.00427205825628337,1
"20181",6.25660463844894e-09,0.564767364596344,0.435232629147052,2
"20183",0.147285310629123,0.820523170527284,0.032191518843593,2
"20186",2.78003754797987e-05,0.801240512279966,0.198731687344554,2
"20188",0.997255047934323,6.58591374574062e-09,0.00274494547976326,1
"20190",1.88316658585856e-14,0.994210716758996,0.0057892832409856,2
"20193",4.89578849182803e-05,2.21026660207637e-09,0.999951039904815,3
"20195",0.793496716514885,0.149660972847384,0.0568423106377317,1
"20197",3.01674776805e-09,0.991451220202091,0.00854877678116083,2
"20199",0.984674924430801,0.000202683398593905,0.0151223921706052,1
"20205",4.96493686769097e-17,3.47076985013018e-06,0.99999652923015,3
"20208",0.308118997149392,0.654300758091153,0.0375802447594558,2
"20210",0.999639187830235,1.81930589912966e-06,0.000358992863866001,1
"20212",0.990274837667649,0.00264710724498367,0.00707805508736679,1
"20216",1.61085552715453e-09,0.982276272968216,0.0177237254209286,2
"20219",4.8513731767562e-08,0.487805192342882,0.512194759143386,3
"20223",1.54965872570266e-22,0.0395055091272886,0.960494490872712,3
"20226",2.15812565147864e-05,0.979109668023148,0.0208687507203374,2
"20230",1.8204164970664e-16,0.991684005256199,0.00831599474380119,2
"20233",3.8450682631863e-14,2.8453022694899e-11,0.999999999971509,3
"20235",4.38660347830568e-18,0.0661196103482262,0.933880389651774,3
"20239",1.53519244955664e-09,0.674095262007671,0.325904736457136,2
"20254",1.00954765792769e-19,5.91536053063112e-05,0.999940846394694,3
"20256",3.84743856688119e-13,0.983909125509043,0.016090874490572,2
"20262",0.998426352546923,0.00109058491369223,0.000483062539384679,1
"20270",1.26353445613636e-10,0.131617056854766,0.868382943018881,3
"20284",2.43140742035922e-06,0.204670249627909,0.795327318964671,3
"20287",4.19978257120577e-22,0.880135077079049,0.119864922920951,2
"20290",4.96472332947427e-11,0.000726989051494642,0.999273010898858,3
"20293",1.38328334347128e-05,0.987801100165133,0.0121850670014329,2
"20296",0.68433135034785,0.0522862714657411,0.263382378186408,1
"20301",1.12128423503116e-18,0.0728936898368168,0.927106310163183,3
"20304",2.04964539370829e-16,1.737524286099e-05,0.999982624757139,3
"20306",2.53447037993682e-17,0.952803419659878,0.0471965803401224,2
"20309",5.82744002863817e-06,0.980844864933031,0.0191493076269402,2
"20311",8.36364812498849e-09,0.956216192351144,0.0437837992852083,2
"20314",0.931367271578266,0.0674161562474479,0.00121657217428643,1
"20318",0.0139629411606065,1.18557130930804e-07,0.986036940282263,3
"20320",0.000129408634899019,0.735805026002617,0.264065565362484,2
"20326",0.608051469085547,0.384107694417697,0.00784083649675611,1
"20328",5.57422024381882e-06,0.88700122479185,0.112993200987906,2
"20330",2.32886008980669e-12,0.889017778523851,0.110982221473821,2
"20336",4.51767183233162e-08,0.0198745877631985,0.980125367060083,3
"20338",3.11187590718642e-11,0.00825000855891544,0.991749991409966,3
"20340",1.00393378912806e-16,0.828249297433259,0.171750702566741,2
"20342",1.02200773375203e-17,6.52930745910373e-11,0.999999999934707,3
"20344",6.61273913253663e-12,0.980705330096204,0.0192946698971835,2
"20349",1.77602386622454e-15,0.988041162250429,0.0119588377495688,2
"20351",1.85923998525319e-05,0.942876125987738,0.05710528161241,2
"20353",3.64132594787282e-15,0.958529277907772,0.0414707220922249,2
"20357",2.27813880959246e-20,0.000128133438349518,0.99987186656165,3
"20360",1.18415621947581e-17,1.70489008249462e-06,0.999998295109917,3
"20364",1.18741009387541e-07,0.992254655879666,0.00774522537932428,2
"20366",1.63502606885078e-10,0.000105947133075537,0.999894052703422,3
"20381",0.000107583492222363,7.44942625037019e-09,0.999892409058351,3
"20391",5.50678696991597e-11,0.0452181034748749,0.954781896470057,3
"20394",0.2084051571638,0.761972053665722,0.0296227891704772,2
"20396",0.733039834424743,2.23467768539054e-05,0.266937818798403,1
"20409",0.000478853046736308,0.848354653435514,0.15116649351775,2
"20411",2.73470942019675e-13,0.829974923063825,0.170025076935902,2
"20416",1.71681221642542e-28,4.02287723271691e-05,0.999959771227673,3
"20418",0.87615208322552,8.96573225455404e-07,0.123847020201255,1
"20420",3.40662876956852e-10,2.61316221441365e-08,0.999999973527715,3
"20422",4.63196427305081e-16,0.931416244585933,0.0685837554140665,2
"20424",4.63391259709583e-13,0.952634979287564,0.0473650207119727,2
"20426",1.02302740539444e-14,2.0756374603127e-12,0.999999999997914,3
"20428",5.62470198627522e-07,0.990879527942663,0.00911990958713818,2
"20431",0.00428640674337037,0.771598742735749,0.22411485052088,2
"20433",5.41270246926016e-21,0.138157989298737,0.861842010701263,3
"20436",7.37831267114756e-11,3.67950958847573e-05,0.999963204830332,3
"20439",0.945717024102081,9.28610544806241e-05,0.0541901148434383,1
"20441",4.21490704931572e-14,0.000449535439195426,0.999550464560762,3
"20444",0.99796952240177,8.90630526516436e-10,0.00203047670759938,1
"20448",0.00647235403337138,0.145565394954083,0.847962251012545,3
"20536",0.241463333481096,0.160584372529261,0.597952293989643,3
"20538",2.166563928086e-10,0.011606128822638,0.988393870960706,3
"20541",8.54198690751733e-18,0.844342846947203,0.155657153052797,2
"20544",1.54653000599411e-05,0.99464002345097,0.00534451124896998,2
"20546",1.46441371053067e-12,0.973720375869469,0.0262796241290666,2
"20550",6.30975919800425e-08,0.917009011106097,0.0829909257963111,2
"20553",3.91350146843232e-30,4.95940553612694e-10,0.999999999504059,3
"20555",1.77073421738377e-14,1.72814072629175e-08,0.999999982718575,3
"20557",4.35418503181659e-06,0.949479698449564,0.0505159473654041,2
"20559",8.67666674359845e-10,0.99540467331523,0.00459532581710352,2
"20561",0.915811808738346,0.0489458490806361,0.0352423421810182,1
"20564",0.9957279416838,5.99166733859885e-11,0.00427205825628337,1
"20566",2.48783575724066e-06,0.97571409417887,0.0242834179853726,2
"20569",0.993834981915605,0.000893651355838829,0.00527136672855631,1
"20572",0.886868257947396,5.28299537966467e-05,0.113078912098807,1
"20574",2.55815617711267e-10,0.99309978445981,0.0069002152843749,2
"20576",0.998307230758004,4.03735138077209e-08,0.00169272886848188,1
"20578",0.00144015675868564,0.996041245103071,0.00251859813824293,2
"20580",8.9545327712971e-06,0.993936110524312,0.00605493494291658,2
"20583",0.998448756668656,7.6086500594669e-09,0.00155123572269392,1
"20586",9.32015861756499e-09,0.98661762105058,0.0133823696292617,2
"20589",8.77125882861413e-15,0.989926784579306,0.0100732154206852,2
"20591",1.40046669227548e-06,0.131663981126549,0.868334618406759,3
"20593",1.61236451949408e-20,0.946916855851088,0.0530831441489119,2
"20595",1.87911810463378e-07,0.992123765421197,0.00787604666699284,2
"20597",0.0114293929865951,7.29142499939404e-07,0.988569877870905,3
"20599",0.997572722052989,1.55329916896417e-10,0.00242727779168105,1
"20601",0.470929058827661,0.526656143001338,0.00241479817100022,2
"20604",1.8549025616128e-14,0.992482961045151,0.0075170389548301,2
"20606",3.400112665094e-16,0.988229863019778,0.0117701369802219,2
"20608",8.67082856671143e-12,0.988121378130209,0.0118786218611201,2
"20610",0.976306293840992,1.32164104504215e-05,0.0236804897485577,1
"20612",1.48796972207486e-15,1.08586315270106e-10,0.999999999891412,3
"20614",0.99942436945451,3.79078824524805e-06,0.000571839757244525,1
"20616",3.42801174315927e-05,0.787651827248491,0.212313892634077,2
"20618",8.28779357290228e-11,8.5729116300634e-05,0.999914270800821,3
"20620",6.61960486574586e-12,0.545270872981097,0.454729127012283,2
"20622",0.995504249213907,1.45554530509589e-06,0.00449429524078837,1
"20624",3.57969130544047e-13,0.661308014765474,0.338691985234168,2
"20626",1.58977183206932e-07,0.150296397838745,0.849703443184071,3
"20628",1.40935456775319e-07,0.144258425702916,0.855741433361627,3
"20630",2.22883705853944e-07,0.951370670925648,0.0486291061906461,2
"20632",0.994657087201621,2.67390167815656e-08,0.00534288605936176,1
"20634",6.54201491915947e-15,0.993000689858609,0.00699931014138419,2
"20637",1.99048728572188e-13,0.00163760165714184,0.998362398342659,3
"20639",0.830286608928174,0.00316022856487063,0.166553162506956,1
"20644",1.17858733575209e-29,3.32867332218859e-09,0.999999996671327,3
"20646",3.54529214355112e-16,0.000152236916683964,0.999847763083316,3
"20648",0.984197626355112,0.0146258543028569,0.00117651934203121,1
"20650",5.92272766763604e-17,0.0853727741497296,0.91462722585027,3
"20653",0.000200411871893652,0.46802457976838,0.531775008359727,3
"20658",2.73284374894559e-14,0.914399034402362,0.0856009655976105,2
"20661",1.08150634845321e-14,1.19169583705279e-05,0.999988083041619,3
"20663",0.000673392886657481,0.992426750087615,0.00689985702572756,2
"20665",0.986306110736014,6.10409960767293e-10,0.0136938886535756,1
"20667",1.9423768367559e-06,0.678096237642071,0.321901819981093,2
"20669",0.0597697275456886,2.16191788378176e-05,0.940208653275474,3
"20671",1.11270152572108e-07,0.253301863798336,0.746698024931512,3
"20673",0.110304145998754,1.86010663059382e-07,0.889695667990583,3
"20675",0.00388927365657566,0.670565987630717,0.325544738712708,2
"20677",5.00654964594377e-06,0.981413812528878,0.018581180921476,2
"20679",0.429024260063047,6.08579567785504e-06,0.570969654141275,3
"20681",0.806408428210976,0.114552354358686,0.079039217430338,1
"20683",7.67774683433211e-06,0.956789995879075,0.0432023263740909,2
"20685",1.01164930852803e-10,7.85871399046101e-08,0.999999921311695,3
"20687",0.998982072065675,0.000187423003168965,0.000830504931155959,1
"20689",4.76338755437619e-28,1.2368496202335e-09,0.99999999876315,3
"20691",0.998063102980553,1.41076491387974e-08,0.00193688291179798,1
"20693",9.99278313007858e-18,0.909694315021659,0.0903056849783408,2
"20695",0.921768149810053,0.0724263240944991,0.00580552609544739,1
"20697",2.61050650003875e-10,0.980866184501368,0.0191338152375815,2
"20699",0.00043222012709323,0.98958158303408,0.00998619683882677,2
"20701",2.56512582578953e-08,0.984340234709413,0.0156597396393291,2
"20703",2.33451615157578e-08,1.12297133223465e-09,0.999999975531867,3
"20705",9.06491427419266e-14,0.959125229059251,0.0408747709406585,2
"20707",0.344575177614662,0.639953066324778,0.0154717560605602,2
"20709",0.183635911334609,0.188919934526462,0.627444154138929,3
"20713",0.00482784009119316,0.00490939714969859,0.990262762759108,3
"20715",3.66720575328856e-16,8.95838135785971e-07,0.999999104161864,3
"20717",0.938130027012374,0.0516256653248054,0.0102443076628201,1
"20720",1.23318755165017e-09,0.985446936171145,0.0145530625956675,2
"20722",5.14170325356182e-08,0.988369152013704,0.0116307965692637,2
"20724",0.991776707831714,0.00764164886780137,0.000581643300484834,1
"20726",3.58696652679708e-16,0.950972336720271,0.0490276632797284,2
"20728",0.96682833063937,0.0253499604180673,0.00782170894256271,1
"20730",0.967810594018497,0.0307010640520652,0.00148834192943816,1
"20732",1.55569541419415e-12,0.205975127456647,0.794024872541797,3
"20734",0.000195668240902468,0.993546367628255,0.00625796413084217,2
"20736",0.997205290872884,0.000323557596560286,0.00247115153055558,1
"20738",1.89623633711383e-19,4.56743704051253e-07,0.999999543256296,3
"20740",4.72842040319442e-12,0.0472449714268221,0.95275502856845,3
"20742",0.269810191915763,0.401123197590235,0.329066610494002,2
"20744",0.990789321298753,4.7603988362543e-07,0.00921020266136294,1
"20746",0.0150956845676888,0.980778632012294,0.00412568342001742,2
"20748",0.997165265720296,0.00222688129734295,0.000607852982361329,1
"20750",0.992259955278547,0.00624199421486976,0.00149805050658291,1
"20752",7.22890423201063e-07,0.99301366442071,0.00698561268886653,2
"20754",0.0199612173431919,5.55401305284312e-07,0.980038227255503,3
"20756",0.615883181968799,0.3708510423744,0.0132657756568017,1
"20758",3.41480472314915e-06,9.38896305448021e-06,0.999987196232222,3
"20760",0.998022021146778,0.00100821558212617,0.000969763271095963,1
"20762",0.00734808135427423,3.16836983216106e-06,0.992648750275893,3
"20764",0.980131043795031,0.000131495787913702,0.0197374604170554,1
"20766",0.997949936216996,0.00163228238239033,0.000417781400613799,1
"20768",0.994048760547947,0.00490572141077134,0.00104551804128107,1
"20770",0.00136990453804866,0.25475686698256,0.743873228479391,3
"20772",2.67141627949482e-14,0.991507513766381,0.00849248623359234,2
"20774",1.52662096794476e-25,0.0284452884448961,0.971554711555104,3
"20776",0.00350451988494615,0.95938505512338,0.0371104249916734,2
"20778",1.61217535787814e-25,6.22318034674657e-05,0.999937768196532,3
"20780",6.78356207439976e-06,8.71587780086367e-11,0.999993216350767,3
"20782",0.0182502552309108,3.54800412405294e-08,0.981749709289048,3
"20784",0.00213818667992744,1.81212316959066e-05,0.997843692088377,3
"20786",0.929415910991501,5.28079808339297e-11,0.0705840889556906,1
"20788",0.370127453249195,0.62147847717024,0.00839406958056429,2
"20790",0.951465567634513,0.00185835334730582,0.0466760790181813,1
"20792",0.0345442952259448,0.725221816522595,0.24023388825146,2
"20794",0.968339235921971,0.000213822321454946,0.0314469417565742,1
"20796",6.8436086598829e-14,0.990355609164413,0.00964439083551847,2
"20798",0.9957279416838,5.99166733859885e-11,0.00427205825628337,1
"20801",0.00104181454853199,1.97093506421902e-06,0.998956214516404,3
"20803",0.0109808688185355,0.96134185022454,0.0276772809569243,2
"20805",1.51985454787146e-05,0.993400005075179,0.00658479637934239,2
"20807",0.9957279416838,5.99166733859885e-11,0.00427205825628337,1
"20809",0.0088010735394534,0.278050816932547,0.713148109528,3
"20811",2.2809596993704e-08,0.000432628912230293,0.999567348278173,3
"20813",0.000893404810490931,0.370540779494937,0.628565815694572,3
"20815",0.393290710070073,1.30922419533852e-13,0.606709289929796,3
"20817",0.966552412267541,0.0324520599434948,0.00099552778896402,1
"20819",0.000157585461885642,0.982347185406569,0.0174952291315451,2
"20821",2.44342229273636e-16,7.37996588091079e-09,0.999999992620034,3
"20823",0.0186998263315134,0.972507095121401,0.00879307854708519,2
"20825",0.975782694713181,0.0206717311900625,0.00354557409675667,1
"20827",0.804286644369944,0.0292957173729237,0.166417638257132,1
"20829",4.89884112512195e-19,0.282883087097051,0.717116912902949,3
"20831",0.695604222206065,0.272134219497559,0.0322615582963759,1
"20833",0.010513420380396,9.14239117739698e-11,0.98948657952818,3
"20835",0.988795320712569,0.00962306196166446,0.00158161732576698,1
"20837",0.933020156295739,0.0626964388135868,0.00428340489067427,1
"20839",0.992289585671266,0.00686389777228567,0.000846516556448315,1
"20841",3.87699926612171e-08,0.378136272748248,0.621863688481759,3
"20843",0.106462586810045,0.881417270861718,0.012120142328237,2
"20845",0.842148461033375,0.0694581001421377,0.0883934388244868,1
"20847",5.16841081490407e-05,0.987932815425092,0.0120155004667588,2
"20849",5.37209094051866e-05,0.981735110655104,0.0182111684354912,2
"20851",4.87775003202155e-06,0.982782450910067,0.0172126713399013,2
"20853",2.31303496017554e-13,0.926017748972432,0.0739822510273363,2
"20855",4.49247798528394e-11,0.844256696632352,0.155743303322723,2
"20857",0.000537376215014159,0.985850257924636,0.0136123658603498,2
"20859",1.19112497403297e-06,0.996290965502087,0.00370784337293876,2
"20861",1.01800991602783e-08,1.53263240900155e-06,0.999998457187492,3
"20863",0.995759900577199,0.000827850990576404,0.00341224843222518,1
"20865",0.528581382777708,0.243827195175175,0.227591422047117,1
"20867",8.15249329331507e-23,0.431096063911261,0.568903936088738,3
"20869",0.965640502102295,0.0129130159595049,0.0214464819382007,1
"20871",4.35516535717892e-17,0.025422878636666,0.974577121363334,3
"20873",2.54042050082798e-11,0.707924445155161,0.292075554819435,2
"20875",2.56187575300408e-08,0.993124978992759,0.00687499538848352,2
"20878",0.00317362191677413,3.20953836491847e-13,0.996826378082905,3
"20880",0.000488653036446894,3.66560753425588e-11,0.999511346926897,3
"20882",1.08479961429639e-17,0.926397503016967,0.0736024969830328,2
"20884",0.979866163159065,0.0185784335510787,0.00155540328985612,1
"20886",0.985420450527491,0.0107327239947281,0.00384682547778042,1
"20888",0.770684433291366,1.84353269013383e-07,0.229315382355365,1
"20890",0.986834648067504,0.0127573811457486,0.000407970786747325,1
"20892",3.94277105227388e-05,0.981467741281546,0.0184928310079316,2
"20897",0.00349242206409649,0.961886493473224,0.0346210844626796,2
"20899",0.0177552072339774,0.962259275066108,0.0199855176999143,2
"20901",7.64132877697268e-23,3.3544906894539e-10,0.999999999664551,3
"20903",1.31157013870513e-17,2.67731036887531e-05,0.999973226896311,3
"20905",5.49639195506771e-13,0.000343303764648539,0.999656696234802,3
"20907",4.77394274319593e-13,0.882710728845552,0.117289271153971,2
"20909",0.00813956016397961,0.425097823416213,0.566762616419807,3
"20911",1.08851182527416e-29,3.63210359517982e-11,0.999999999963679,3
"20913",0.195593708350733,0.770874718866006,0.0335315727832613,2
"20962",4.12777443194592e-05,0.99752872031823,0.00243000193745011,2
"20969",2.94874618861921e-06,0.796795546704356,0.203201504549455,2
"20980",3.759175341561e-06,0.989564675029631,0.0104315657950272,2
"20982",4.49292670324076e-08,0.99518084196404,0.004819113106693,2
"20984",0.015303752438846,0.668961553170865,0.315734694390289,2
"20994",2.48944974550608e-09,0.96294187734491,0.0370581201656403,2
"21015",0.953433095032729,0.00010378722411716,0.0464631177431534,1
"21023",1.84460313194655e-13,0.840125906413076,0.15987409358674,2
"21040",4.45502538035765e-12,0.27738036760145,0.722619632394095,3
"21073",1.45305851044753e-05,0.799356031201567,0.200629438213329,2
"21222",0.980268856283432,0.0185393758132575,0.00119176790331103,1
"21224",0.00177351489048485,0.986639329699829,0.0115871554096863,2
"21228",2.1037158214061e-07,0.00049938081524779,0.99950040881317,3
"21232",1.20524318012987e-13,0.979805087021675,0.0201949129782048,2
"21237",4.34052660512733e-14,0.0781277155025514,0.921872284497405,3
"21240",0.953107928438947,0.0436691774150762,0.00322289414597648,1
"21245",0.998231355374214,0.00142234784633197,0.000346296779453921,1
"21252",1.72101724158569e-12,0.925855324279384,0.0741446757188952,2
"21254",7.30056040874572e-09,0.6213409931691,0.378658999530339,2
"21258",3.45952704191757e-06,0.824039319898758,0.1759572205742,2
"21264",0.8447384840679,0.151717616444589,0.00354389948751073,1
"21305",1.62889771301437e-05,0.0112370695847798,0.98874664143809,3
"21333",2.75901010795615e-08,0.981298063375186,0.0187019090347129,2
"21366",0.012257137728531,0.955365932485806,0.0323769297856628,2
"21377",0.995612269319404,2.58357651631575e-06,0.00438514710407987,1
"21380",2.1686662007887e-15,4.56911848564268e-09,0.999999995430879,3
"21387",6.01675146361436e-30,2.2851939624709e-12,0.999999999997715,3
"21390",3.67809252728996e-12,0.891356620514627,0.108643379481695,2
"21392",7.19363583634185e-05,0.962643970489655,0.0372840931519813,2
"21403",5.91600086756089e-06,0.969279703718723,0.0307143802804095,2
"21408",1.63545982525417e-12,0.961786420227256,0.0382135797711087,2
"21412",1.1729712030483e-11,0.000300175811905482,0.999699824176365,3
"21421",0.0173742067854332,0.975558885030124,0.00706690818444327,2
"21424",2.30375715218565e-19,0.00251890622301994,0.99748109377698,3
"21429",2.89515518095687e-09,0.988765342388115,0.0112346547167299,2
"21431",0.00132477982724514,0.981635231830404,0.0170399883423505,2
"21436",0.000198780700930316,0.000149063110480835,0.999652156188589,3
"21439",4.2600611316894e-05,0.998291399478255,0.00166599991042843,2
"21442",0.0833122942410756,0.821453997003197,0.0952337087557275,2
"21444",0.970887370352567,0.019840936396301,0.00927169325113206,1
"21446",0.0140611743082831,8.821070473094e-13,0.985938825690835,3
"21448",8.10734968493006e-14,5.16456086558028e-12,0.999999999994754,3
"21450",5.13047911751965e-06,0.658439483723929,0.341555385796954,2
"21452",1.29793477738628e-09,0.912817184587918,0.0871828141141473,2
"21466",1.42736666172793e-16,0.786084886727539,0.213915113272461,2
"21470",2.27865825879342e-06,0.995789563755236,0.00420815758650574,2
"21472",9.27302086134152e-12,0.976661325332891,0.0233386746578355,2
"21474",3.43515813523151e-07,0.931267352933669,0.0687323035505174,2
"21477",0.0011789711569736,6.41436983649865e-06,0.99881461447319,3
"21480",2.22315942272668e-29,7.05803975373434e-05,0.999929419602463,3
"21483",0.937295298993229,0.0598612549225667,0.00284344608420393,1
"21491",0.922629174291044,0.057545151394468,0.0198256743144877,1
"21494",1.77688822815882e-27,2.07770517938464e-11,0.999999999979223,3
"21499",1.15298893089461e-18,0.00422960048731638,0.995770399512684,3
"21501",1.61204631366589e-15,0.0103578957794084,0.98964210422059,3
"21506",8.79452938840366e-07,0.995486167868913,0.00451295267814873,2
"21511",3.98546832801008e-11,0.0163045032637448,0.983695496696401,3
"21513",2.50407187011897e-07,0.318335836061323,0.68166391353149,3
"21521",6.9676832895998e-05,0.826071567257574,0.17385875590953,2
"21523",0.00382830490915855,0.962751758595438,0.0334199364954033,2
"21525",0.189327554557526,0.792773369698435,0.0178990757440393,2
"21531",1.7630540661814e-17,0.986821318478269,0.0131786815217314,2
"21536",6.91563460261286e-07,0.989641529335838,0.0103577791007012,2
"21544",0.000562047490290552,0.995700426887666,0.00373752562204304,2
"21547",1.18377989160673e-10,0.965658256014069,0.0343417438675527,2
"21551",3.92297222496661e-07,0.0311187412229286,0.968880866479849,3
"21556",4.01488027163974e-17,0.905078703919779,0.0949212960802212,2
"21559",3.03106422809704e-14,2.03832899466889e-07,0.99999979616707,3
"21563",1.46910930971904e-15,0.511991706644091,0.488008293355907,2
"21565",1.02869486478438e-13,0.995065099835822,0.00493490016407527,2
"21568",2.63540460438399e-11,0.944139320304094,0.0558606796695522,2
"21572",2.98836350075653e-23,0.91699316650157,0.0830068334984298,2
"21575",2.79304761571638e-21,0.00594547731953818,0.994054522680462,3
"21577",0.757834871455665,0.239293368254447,0.00287176028988761,1
"21579",0.00567328547575029,0.985838762854758,0.00848795166949139,2
"21581",0.9957279416838,5.99166733859885e-11,0.00427205825628337,1
"21584",0.00382973993259848,5.61062725090838e-08,0.996170203961129,3
"21586",0.102963171574542,0.891696964926036,0.0053398634994222,2
"21588",0.000140396784273885,0.540923832713984,0.458935770501742,2
"21590",5.12058557160946e-13,0.959823748138493,0.0401762518609952,2
"21594",4.10249587511226e-14,7.97203889204648e-20,0.999999999999959,3
"21596",0.993415180556001,0.00628776910406093,0.000297050339937986,1
"21598",1.53506122519775e-14,0.00142736655058617,0.998572633449398,3
"21600",0.504161155827664,0.448541395278406,0.04729744889393,1
"21602",4.2407495249052e-07,0.989239629934106,0.0107599459909419,2
"21604",0.00680040543879181,0.974476038079876,0.0187235564813327,2
"21606",0.999059345361979,3.94600270777829e-05,0.00090119461094312,1
"21608",3.35299090214226e-07,0.211081048795576,0.788918615905334,3
"21611",1.26280183211225e-07,0.0659937729115541,0.934006100808263,3
"21613",5.42736066016303e-06,0.986640824903494,0.0133537477358455,2
"21615",0.0760884586487193,0.883589527057803,0.0403220142934778,2
"21617",0.978186897986396,0.0206764796947446,0.00113662231885944,1
"21619",0.0276161004890608,0.965986124046167,0.00639777546477234,2
"21621",0.000400829024317372,2.86048131901238e-08,0.999599142370869,3
"21623",0.979745465135417,0.0185102226434365,0.00174431222114644,1
"21625",0.998082029000873,3.00140221248669e-08,0.00191794098510532,1
"21627",0.000175877046296599,0.854218914421528,0.145605208532176,2
"21629",0.117405715800217,0.807391044804988,0.0752032393947951,2
"21631",0.999438471784021,3.08108848410905e-05,0.000530717331138225,1
"21633",2.1054687109142e-10,0.0517009892857944,0.948299010503659,3
"21635",1.18171822278047e-14,0.327479282309285,0.672520717690704,3
"21637",0.000708232862557666,0.391568752491952,0.607723014645491,3
"21639",6.37578342860068e-08,0.966696794108791,0.0333031421333746,2
"21641",0.000390980937423847,0.115577209022041,0.884031810040536,3
"21643",3.68309551501737e-05,0.99245838420697,0.00750478483787936,2
"21645",0.992299390837256,0.00663069916773985,0.00106990999500405,1
"21648",0.000274539343781684,0.990868564404588,0.00885689625162984,2
"21650",1.23640900141221e-26,1.50536802177273e-10,0.999999999849463,3
"21652",4.07084703781338e-07,0.993264543796866,0.00673504911843043,2
"21654",1.66738422747584e-19,2.66718213182544e-07,0.999999733281787,3
"21656",0.944453595508558,0.0059524694966104,0.0495939349948313,1
"21658",0.998188671051094,3.14325043773835e-11,0.0018113289174738,1
"21660",0.00342147931177215,1.51690825259883e-10,0.996578520536537,3
"21662",1.39937532493336e-07,1.24481462439439e-06,0.999998615247843,3
"21664",0.998037376732075,0.00159866091747854,0.000363962350446025,1
"21666",7.72363315155493e-09,2.83526633837035e-08,0.999999963923704,3
"21668",0.972911947434551,0.025628266666656,0.00145978589879256,1
"21671",3.20202588581356e-08,0.88878202623676,0.111217941742981,2
"21673",0.080825030860576,1.2157949592854e-05,0.919162811189831,3
"21675",0.0180942108882426,0.905104004405465,0.0768017847062922,2
"21677",1.05749716245883e-14,0.994006346144217,0.00599365385577209,2
"21679",3.50212704005002e-06,0.00292536313539764,0.997071134737562,3
"21681",0.0138385416319524,0.806582505344317,0.179578953023731,2
"21686",1.94169566014717e-13,0.921693730592001,0.0783062694078043,2
"21689",9.4008793589786e-11,0.987603248909037,0.0123967509969544,2
"21706",2.95989257646327e-05,0.985635487311442,0.014334913762793,2
"21708",1.40901627984495e-13,0.983600216402671,0.0163997835971882,2
"21711",0.0310307647611776,0.966007304752612,0.00296193048621077,2
"21716",3.47429652070593e-29,1.11500010613009e-07,0.999999888499989,3
"21719",1.33085675120327e-05,0.971110304860415,0.0288763865720725,2
"21722",0.000601722113561049,0.996523313399871,0.00287496448656836,2
"21725",1.43586569087757e-05,0.990648527173451,0.00933711416964079,2
"21728",9.79523257732213e-09,0.919753526526938,0.0802464636778293,2
"21732",1.08444081002764e-07,0.992137823627375,0.0078620679285438,2
"21734",1.23108279254872e-14,0.974276693499782,0.0257233065002056,2
"21737",0.00713696276412615,0.983319091221352,0.00954394601452182,2
"21740",1.95325690474637e-09,9.18652356258844e-08,0.999999906181507,3
"21742",1.43006422134284e-27,7.13977165764577e-10,0.999999999286023,3
"21745",0.00042622559483989,0.801183172355473,0.198390602049687,2
"21747",6.42984218882422e-13,0.00621799904985456,0.993782000949502,3
"21749",0.978020469283101,0.0100295159487217,0.0119500147681775,1
"21751",1.67302832323356e-10,0.963858545954471,0.0361414538782263,2
"21753",9.4164975103308e-11,0.0519477089675212,0.948052290938314,3
"21756",4.45502943227648e-11,0.991909874731755,0.00809012522369442,2
"21759",0.102619776567999,0.413067879720137,0.484312343711864,3
"21761",3.38576318978958e-09,0.93075046228909,0.069249534325147,2
"21763",0.000200299586794259,0.0573253228068687,0.942474377606337,3
"21765",5.6592574437965e-15,3.11125066026179e-05,0.999968887493392,3
"21767",3.03888745700022e-12,0.969719890200532,0.0302801097964292,2
"21769",2.70624565400516e-22,0.0589880470749178,0.941011952925082,3
"21771",1.23600459496729e-11,0.991501343255945,0.00849865673169515,2
"21774",0.995891283178496,0.00348406953620348,0.000624647285300206,1
"21776",3.23553179504514e-14,0.916660996036949,0.0833390039630188,2
"21778",3.6355351193396e-06,0.820537274647304,0.179459089817577,2
"21780",2.64213168329711e-17,6.84707241769534e-18,1,3
"21783",5.27064166468749e-05,0.988563071280945,0.0113842223024085,2
"21785",7.63509761789504e-07,0.936621442115845,0.0633777943743929,2
"21788",8.50869387079717e-15,0.973896983349408,0.0261030166505838,2
"21790",3.18695226953854e-22,0.75307432225751,0.246925677742491,2
"21793",1.10454339083929e-07,0.97404086746172,0.025959022083941,2
"21796",0.0103320044624888,0.975721151163658,0.0139468443738531,2
"21798",2.40456582688312e-14,7.099288728138e-06,0.999992900711248,3
"21801",1.54651650349952e-22,0.728647284879074,0.271352715120926,2
"21803",5.8588104469937e-06,0.992204471589432,0.00778966960012132,2
"21805",1.31295002488247e-25,6.11872926427507e-05,0.999938812707357,3
"21807",4.09628679254751e-09,1.77461600508182e-05,0.999982249743662,3
"21810",4.20573122838874e-08,0.969873828446768,0.0301261294959195,2
"21812",6.96222650782151e-19,0.000245134215171415,0.999754865784829,3
"21816",4.99391184633159e-08,0.98050792044453,0.0194920296163516,2
"21819",2.53225055887742e-19,0.000108644382569286,0.999891355617431,3
"21821",1.46630057451243e-10,2.0690780251167e-08,0.99999997916259,3
"21823",0.995934341723506,0.000107907893061052,0.00395775038343311,1
"21825",1.10219436831397e-07,0.994971471647901,0.00502841813266162,2
"21827",3.96373903044797e-13,0.0212224869422608,0.978777513057343,3
"21829",3.92935732211716e-15,0.499543411379368,0.500456588620628,3
"21832",1.189144289148e-07,0.000343396626753638,0.999656484458817,3
"21834",1.52820316739465e-09,0.959635569585868,0.040364428885929,2
"21836",1.52820316739465e-09,0.959635569585868,0.040364428885929,2
"21839",0.155222456288159,0.801016178357032,0.0437613653548092,2
"21841",1.33012449965287e-05,0.000199886326412817,0.999786812428591,3
"21843",0.916972247469481,0.0565925990972415,0.0264351534332773,1
"21846",1.21218815238617e-16,0.0273491437323689,0.972650856267631,3
"21848",1.79135806392919e-11,0.0949169524794352,0.905083047502651,3
"21850",0.000407279269741487,0.996826852561283,0.00276586816897537,2
"21853",0.000671865402458507,5.20121061798086e-10,0.99932813407742,3
