"","V1","V2","V3","V4","best$classification"
"19811",0.0156250612393066,0.0184006193035361,5.17414419190782e-05,0.965922578015238,4
"19813",2.36055276845138e-08,0.999999976184882,8.27210780798449e-20,2.09590176369018e-10,2
"19815",0.369089258465166,0.0082152060537788,4.27534223834804e-14,0.622695535481013,4
"19817",0.0382646233191454,0.000789034172759733,3.10533688344565e-06,0.960943237171211,4
"19819",0.307197598190064,0.692802401809935,2.3181749993318e-27,8.20821552094627e-33,2
"19821",0.140380530775176,0.143987172672085,4.9484839986153e-05,0.715582811712754,4
"19823",0.00189511080444178,0.997984417653132,1.19576023429928e-15,0.000120471542425182,2
"19825",2.80218942845749e-07,0.999999719780893,1.64211248251963e-13,2.86736648469515e-33,2
"19827",0.0247506538894084,0.0132252687332717,0.759459533570131,0.202564543807189,3
"19829",0.850985427366237,0.149014567861727,4.77203616056638e-09,2.25121823372176e-17,1
"19831",0.0459104743553819,0.954089525644618,6.46292663769284e-36,9.74090917738904e-28,2
"19833",1.02880335856593e-16,1,1.52471652288895e-45,2.6421057789794e-63,2
"19835",0.140380530775176,0.143987172672085,4.9484839986153e-05,0.715582811712754,4
"19837",0.0389370041165981,0.00190564732233756,0.20517650067899,0.753980847882074,4
"19839",0.101755945652841,0.898243711099459,3.43247700707584e-07,1.51433063081276e-18,2
"19841",3.80961288294292e-10,0.540681818090599,0.45931818152844,5.07247691700737e-22,2
"19843",0.0144056603866723,0.985594339613328,3.04942827930119e-39,1.11068075143275e-33,2
"19845",4.17386706104133e-05,0.646010284553857,3.88929380498125e-20,0.353947976775533,2
"19847",0.575794402759351,0.138374680699417,1.0986358221816e-16,0.285830916541232,1
"19849",2.1519111448474e-09,0.99999924862363,5.17641165683861e-18,7.49224459101484e-07,2
"19851",0.00357491863912402,0.00137351195907585,1.8328914021757e-06,0.995049736510398,4
"19853",3.83647732865142e-07,0.995605452940314,4.04417463692964e-12,0.00439416340790859,2
"19855",0.00148966479656651,0.0321814025523955,3.37237696623856e-05,0.966295208881376,4
"19857",0.795604074895307,0.0377425980774725,9.34674138217994e-06,0.166643980285838,1
"19859",0.296860179798019,0.021062347474764,0.000166247019849201,0.681911225707368,4
"19861",0.000415709722749761,0.0125395985070445,3.02813493353553e-09,0.987044688742071,4
"19863",4.42118691159813e-15,0.999991525357358,8.4746426370832e-06,1.61164752761301e-16,2
"19865",1.8734940888841e-06,0.000966279769976834,0.998793105706796,0.000238741029138477,3
"19867",0.025940955778425,0.0138586677603607,1.69581750458405e-18,0.960200376461214,4
"19869",4.57929859139582e-08,0.999777181150149,4.60268204700167e-06,0.000218170374818364,2
"19871",0.282285838566643,0.00360737223369898,0.00910319128533536,0.705003597914323,4
"19874",0.000397753746093316,0.00735476093840214,0.000464669820415171,0.991782815495089,4
"19876",2.29473614219354e-05,0.000366812610278578,2.48938364028532e-05,0.999585346191897,4
"19878",0.586561580546805,0.413438419453195,3.35733912514789e-21,1.50591082088116e-19,1
"19880",1.16580781435766e-09,0.00024463045737875,0.999754658537418,7.09839395743885e-07,3
"19882",0.00115700799469768,0.878978974583558,7.25422690531535e-12,0.11986401741449,2
"19885",0.444104412042766,0.00159280945300129,8.1394247691297e-07,0.554301964561756,4
"19907",0.0116735018815213,0.171391753038133,7.13155491986378e-16,0.816934745080345,4
"19909",0.992002863119684,0.00799713684333958,1.49359411592914e-18,3.69761321112785e-11,1
"19911",0.969089963935951,0.0309098419550788,1.94108878254341e-07,9.18353360834561e-14,1
"19913",4.27403382315245e-12,0.000336535948718516,0.999663464046802,2.05331684285853e-13,3
"19915",0.000238925751543225,0.000446807429018505,0.986503469553951,0.0128107972654869,3
"19917",0.000476548809144257,0.00540995526314185,0.994106457358655,7.03856905889868e-06,3
"19919",0.0540069361846011,0.00320193316474972,0.1934483612925,0.749342769358149,4
"19921",0.00768480148172508,0.000471556085935258,1.49916721962036e-10,0.991843642282423,4
"19923",0.808961205844554,0.19103875030786,2.03351747967179e-22,4.38475857026353e-08,1
"19925",0.000176285873572453,0.000809990217468,0.99814899531705,0.000864728591909085,3
"19927",0.038836433350186,0.00202039782845347,1.42586403644198e-10,0.959143168678774,4
"19929",1.75104735339188e-14,0.968459476323362,0.0315405232451532,4.31466776995682e-10,2
"19931",0.846712042123968,0.0249531528120182,2.32495792917441e-11,0.128334805040764,1
"19933",0.994371325238609,0.00561196530982867,8.26943741076615e-10,1.67086246188743e-05,1
"19935",0.969797201078516,0.029898625539174,7.29828068281853e-12,0.000304173375012215,1
"19937",0.0141759489784694,0.00116482394123557,1.31009147239787e-12,0.984659227078985,4
"19939",0.935678448838012,0.0401527828401479,1.29386330999393e-09,0.0241687670279764,1
"19941",0.74530970858697,0.254687221718852,3.06969417798243e-06,2.91249474635443e-18,1
"19943",3.32783861439574e-07,0.00318410299117919,0.996636830053922,0.000178734171036889,3
"19945",0.990647762140577,0.00935183783900867,2.25764168407279e-10,3.99794649734996e-07,1
"19947",0.000413579675659725,0.999584228430856,2.19189348406845e-06,1.1358968123826e-16,2
"19949",0.966894612846982,0.0331052574611396,2.83348879119156e-23,1.29691878345591e-07,1
"19951",0.354586109805641,0.1458020947311,0.49958544742402,2.6348039238705e-05,3
"19953",0.0111110117934923,0.988888988206508,4.27692170010124e-38,1.57193354858121e-24,2
"19955",0.297368496484255,0.702631503515745,2.02390063739868e-29,2.0272661307253e-18,2
"19957",0.0136671827019344,0.985297258738588,0.00103425755641549,1.3010030623824e-06,2
"19960",0.785214087932666,0.214785912067333,1.0257706578932e-15,1.43238679850898e-18,1
"19963",4.41029480348754e-14,0.999999999999953,2.37954318782441e-15,6.02986618774458e-37,2
"19965",0.964913115678611,0.0350868843213891,3.24426427696053e-32,1.72906412502275e-27,1
"19968",1.10234084780768e-05,0.997803398480092,0.00218557095417648,7.15725379764349e-09,2
"19971",3.40805033276749e-10,0.999999207676845,7.91982349386387e-07,3.01726407434564e-38,2
"19973",0.0134206590115814,0.000223662775447215,0.00103886114963588,0.985316817063336,4
"19975",0.000458332777095172,0.01460435457148,0.984874294768158,6.30178832664908e-05,3
"19977",2.66013138338219e-09,0.999999993836188,3.50368068993358e-09,1.3526157706797e-30,2
"19979",0.968420466428493,0.0315795335715075,5.39268178404942e-22,6.5220063914935e-35,1
"19981",0.9897386246574,0.00480807476328546,4.87497143214952e-11,0.00545330053056531,1
"19983",0.973102211315641,0.0147903101848521,7.80973155517782e-14,0.0121074784994285,1
"19985",0.000192042640813112,0.00219613500293272,0.178180363446726,0.819431458909528,4
"19987",0.914675745435988,0.0531440142181957,0.016511930879507,0.0156683094663089,1
"19989",0.961008570002643,0.0389914299973575,8.59075711171548e-35,6.7663567748384e-26,1
"19993",0.97063773735088,0.0293619341710247,3.1708285244017e-07,1.13952426028857e-08,1
"19995",0.993330369694394,0.00666959956234855,1.09094783502776e-08,1.98337785855472e-08,1
"19997",0.0120371700203575,0.00120731774533405,1.67270832557056e-05,0.986738785151053,4
"19999",5.38685512138603e-05,0.00173309301047624,0.996970456599475,0.00124258183883467,3
"20002",1.41806126661232e-13,0.999999999569942,4.29916304895202e-10,1.07628128465816e-26,2
"20004",0.938450074085677,0.0615499217765557,5.15451782308415e-11,4.08622183074371e-09,1
"20006",0.152440075537909,0.847559924462091,6.93928407849344e-18,2.7449298687614e-23,2
"20008",0.332109227787567,0.667890772212433,4.89007355028649e-20,1.11066371169831e-22,2
"20010",0.96644897412234,0.0335510256384553,3.25235624251714e-17,2.39204425630084e-10,1
"20012",0.000469930469493361,0.853609872866176,0.145915214014505,4.98264982570327e-06,2
"20015",0.939522314485787,0.0604776855142126,2.58295459017994e-29,1.31204842864861e-26,1
"20017",0.00072745197287753,0.000949499993199531,0.000164200693384386,0.998158847340539,4
"20019",0.930392960202741,0.0696070397972596,2.12785970149353e-36,9.14097788147914e-45,1
"20022",0.98633356477938,0.0136664349409403,6.71974123245538e-16,2.796787362195e-10,1
"20024",0.00180107570114393,0.998198924298856,3.12624298058346e-52,1.78484757557891e-43,2
"20026",0.00180107570114393,0.998198924298856,3.12624298058346e-52,1.78484757557891e-43,2
"20028",0.000332043661816821,0.00150969974931285,0.0172166160170729,0.980941640571797,4
"20030",0.718552042975788,0.281447957024211,9.08522586573395e-16,2.69406449723577e-23,1
"20033",0.152063116523212,0.0107978478694577,0.801362683924501,0.0357763516828299,3
"20035",0.895868001919998,0.104131998080002,2.76713830212397e-40,1.31350454788726e-42,1
"20037",0.983257656593463,0.0167423434065374,3.78615899490337e-41,1.06294412763293e-38,1
"20039",3.25851131007253e-09,0.999999996741489,3.00547125695176e-75,3.8429940201464e-53,2
"20041",0.964656639789349,0.0353433602043535,5.28292840339074e-17,6.29737129933758e-12,1
"20044",0.794661383423959,0.205338616576015,1.81308250251779e-14,8.46276944937476e-15,1
"20047",0.543782777765324,0.456217222234676,1.69652952625291e-31,1.60716676385174e-51,1
"20050",0.721275269659746,0.278724730340254,7.24394446026033e-18,1.21372237432783e-18,1
"20052",0.843388148943892,0.025102939185874,0.121372748424267,0.0101361634459676,1
"20054",0.961600459203172,0.0383995407968275,4.3868097551068e-18,2.21679195563637e-16,1
"20056",7.63437846818312e-05,0.0749118674500605,0.925011788729512,3.57455516338015e-11,3
"20058",0.967002869799275,0.0329971302007253,1.81328739663294e-39,1.76164225059603e-25,1
"20060",0.132591111236471,0.0147879105119798,8.41517019968621e-08,0.852620894099848,4
"20062",0.971591806495622,0.00517382980686561,9.28894984218411e-08,0.0232342708080141,1
"20064",0.996823666776995,0.00317529821576594,1.00570141281732e-06,2.930582662044e-08,1
"20066",0.669471498466745,0.330528501533255,1.4345307002109e-23,3.61400319494172e-35,1
"20068",0.0187698648584227,0.00250549060002187,1.38432621066e-10,0.978724644403123,4
"20070",0.342185750809629,0.067359391799395,1.69516427981526e-15,0.590454857390974,4
"20072",0.637867448973145,0.362132551026855,1.22456434955337e-37,1.60518781098565e-22,1
"20074",2.28504103541647e-14,0.00455704829728799,0.995442951701491,1.19804322102735e-12,3
"20076",0.0101173136849264,0.959280994673855,0.0305956182632742,6.0733779447782e-06,2
"20078",0.99449221907715,0.00550778085470324,3.92137579819843e-11,2.89331979267147e-11,1
"20080",0.987818241685754,0.0121817583142456,3.81795428983347e-27,1.08613612929413e-34,1
"20082",2.09362470236801e-05,0.999979063752976,5.45874344102746e-41,5.93031143496274e-35,2
"20084",0.794852871680001,0.205143092595522,4.03572447745033e-06,5.97496370110639e-17,1
"20087",0.986610311746271,0.0133896882176767,1.62015455419024e-22,3.60527032216182e-11,1
"20090",0.970656699253019,0.0293433007469811,3.22701395179708e-28,2.50364689272421e-33,1
"20092",0.00323596824483843,0.996764031755157,1.19501897996589e-48,5.06460932615505e-15,2
"20096",0.068056155887502,0.931943843280504,8.06140565240465e-15,8.31985991481274e-10,2
"20098",0.0524609054469965,0.00720485031246467,0.37903688255861,0.561297361681929,4
"20101",0.985533730501959,0.0144662694954473,2.59413650677031e-12,3.64268091931431e-28,1
"20104",1.05167317010356e-09,0.99999999894831,2.1113543152773e-34,1.69233472626015e-14,2
"20106",0.991963253820338,0.00803674616799395,1.16675423677329e-11,2.19747358290403e-17,1
"20108",0.077764900236427,0.00364378429273551,6.71949126630161e-05,0.918524120558174,4
"20110",0.122832095984002,0.877164908738744,2.99520529764469e-06,7.19568266711926e-11,2
"20112",0.986367302192549,0.0136326978074512,8.48696792178019e-17,2.56151689178744e-16,1
"20114",0.930734055159503,0.0691571078053861,0.000108837034234471,8.76267970874653e-13,1
"20116",0.918002848938393,0.0819876506250148,9.50043613381223e-06,4.58626519082623e-13,1
"20118",0.965387234505357,0.00727436164088777,0.0162151880221288,0.0111232158316269,1
"20120",0.854847452194055,0.145152547784057,2.1887881076479e-11,2.38486917274652e-19,1
"20122",5.66059132310813e-07,0.000902105767529274,0.99909697738751,3.50785828617742e-07,3
"20124",0.935988646333206,0.0640113536667938,2.23288108351216e-33,6.66588874407182e-31,1
"20126",2.12365567990254e-08,0.999999978763443,1.02358466161757e-51,3.71364235461678e-50,2
"20128",5.83918457430122e-05,0.999941608154257,2.0836415447355e-58,5.45768070279771e-71,2
"20141",2.03037844803674e-05,0.99997952531751,2.46070162619919e-19,1.70898010046374e-07,2
"20143",5.90903833347455e-11,0.98337421305126,0.0166257868896491,8.75979346669845e-24,2
"20145",0.988437333009066,0.0115626667871315,4.6884491419131e-13,2.03333433358199e-10,1
"20147",0.997812909663734,0.00218709033304597,7.67529013181004e-13,2.45267775230508e-12,1
"20149",5.89525542268727e-07,0.00405004813929814,0.995875779783243,7.35825519160623e-05,3
"20151",0.0223762490977889,0.0012068483588591,0.198037649983072,0.77837925256028,4
"20153",0.0181485096108359,0.361913442438241,0.619938025099055,2.28518687128031e-08,3
"20155",0.993359603898578,0.00664039610142232,1.13567052261295e-20,1.58385572058659e-20,1
"20157",0.00631612461889484,0.0371733726175362,0.838128056920384,0.118382445843185,3
"20160",5.63938627050288e-12,0.000146513672231081,0.999853486315385,6.74463283635193e-12,3
"20162",3.34046102302253e-08,0.00036147853605539,0.998981329364894,0.000657158694440517,3
"20164",0.00510285135838421,0.046716559522242,0.94818040964459,1.79474784186067e-07,3
"20166",0.0992635077156655,0.900736492284328,6.62213265969844e-15,6.45578527385944e-30,2
"20168",3.52301738985524e-11,0.99999999996477,1.37120083720407e-19,1.00696228926441e-27,2
"20170",0.00177739500596636,0.0026222923601771,0.995536929753409,6.33828804471093e-05,3
"20172",0.989007728936726,0.0109922710056389,2.2613289037522e-23,5.76355541250924e-11,1
"20174",4.54416132085167e-06,0.0102318060232562,0.000340236314414892,0.989423413501008,4
"20176",3.09301133771267e-07,0.999999690698866,8.25901636534337e-20,3.08561271275411e-19,2
"20178",1.78615280889732e-12,0.000305598609120007,0.999694401387704,1.38981291908552e-12,3
"20181",0.640962970191976,0.359037029742854,6.51702912425561e-11,6.54640626468762e-26,1
"20183",0.130093355613938,0.011978701646987,1.54955675207924e-12,0.857927942737525,4
"20186",0.548746338385517,0.448166114590233,1.14174074254399e-33,0.0030875470242493,1
"20188",7.42012598015613e-10,0.000717254975567193,0.99928274424159,4.08302792817988e-11,3
"20190",0.994353869681081,0.00564613031891941,4.35618186720051e-23,5.78775658523452e-26,1
"20193",1.68700570932214e-09,0.999989472799091,1.05255139036667e-05,1.50796756637913e-27,2
"20195",0.104065739224446,0.0384174175759993,0.857516402091993,4.41107561871153e-07,3
"20197",0.991259823807646,0.00874017619231159,1.42335222552767e-19,4.21506679550617e-14,1
"20199",3.1575442277956e-05,0.00402611943802446,0.995940276059695,2.02906000270988e-06,3
"20205",2.29849547693056e-06,0.999997701504523,2.64668614822215e-48,1.85686392972547e-31,2
"20208",0.863604237268221,0.0866256269956657,0.0248521440918107,0.0249179916443026,1
"20210",5.03031562594847e-07,0.000240804840904824,0.999578941096404,0.000179751031128842,3
"20212",0.00498399862939579,0.025595206371684,0.959199315902507,0.0102214790964131,3
"20216",0.982817807160731,0.0171821928389708,2.88302211980801e-13,9.45969432932966e-15,1
"20219",0.547943860737052,0.452056139262947,6.89450839377978e-16,1.00401974465039e-16,1
"20223",0.0290637733275871,0.970936226672413,1.13182443686006e-52,1.34882790481971e-43,2
"20226",0.968309955493552,0.0316900334582397,5.65448832394586e-09,5.3937196908047e-09,1
"20230",0.993000306693341,0.00699969330665903,1.95306397879861e-29,4.29237309952545e-31,1
"20233",1.89418910555868e-12,0.999999999998106,2.46316200139066e-35,1.5783556399597e-25,2
"20235",0.0612578742688028,0.938742125731197,3.67944417470773e-46,2.69363919995674e-32,2
"20239",0.616206906983369,0.383793093016556,8.04275711072213e-26,7.44851344716716e-14,1
"20254",6.68212676952147e-05,0.999933178732305,5.15439378117933e-43,6.83125240409296e-43,2
"20256",0.985531363899502,0.014468636100498,3.0481512137067e-32,1.06788869279128e-21,1
"20262",0.000466063979462087,0.000331233129593514,0.99022185916236,0.00898084372858443,3
"20270",0.114385433264944,0.885614566735026,2.95372064205979e-14,3.58250273919765e-19,2
"20284",0.0900825517042238,0.909915556611697,5.70635080669732e-19,1.89168407886803e-06,2
"20287",0.871220652040432,0.128779347959568,4.17506584840931e-43,8.33673503420446e-42,1
"20290",0.000387643613777768,0.999612356386222,5.58991978157073e-22,4.76369185040591e-22,2
"20293",0.988748318161314,0.011251627817947,1.47362100360182e-12,5.40192652257535e-08,1
"20296",0.10838400028287,0.449229381266373,0.437052064980311,0.00533455347044642,2
"20301",0.0789417957830981,0.921058204216902,1.59725211123894e-27,4.55028725741169e-58,2
"20304",1.90497457994001e-05,0.999980950254201,2.44476268396017e-41,1.16885222179426e-31,2
"20306",0.967154385817816,0.0328456141821844,1.67706567703706e-36,8.7042643346664e-30,1
"20309",0.976061465965714,0.0239385323336948,6.02298440006214e-14,1.70053056045185e-09,1
"20311",0.970450664047521,0.0295493359463882,6.09057829589676e-12,1.99855744223749e-17,1
"20314",0.118313400097034,0.00326903746389819,0.408817187465198,0.469600374973869,4
"20318",6.85628689175264e-08,0.966857399769604,0.0331425316675273,3.19617335673014e-21,2
"20320",0.497374012039289,0.502617688276328,4.90974600987516e-14,8.29968433363026e-06,2
"20326",0.489739294040975,0.0133323630205881,0.0532137411263845,0.443714601812052,1
"20328",0.693925434586082,0.305982403770054,7.6338608216963e-28,9.21616438633956e-05,1
"20330",0.874607435877563,0.125392564122437,2.98028979158041e-26,3.70534056325389e-22,1
"20336",0.0141806215080181,0.985819378128314,2.53147265085803e-29,3.63667777190525e-10,2
"20338",0.0117303847656829,0.988269615234317,1.11966519387085e-19,2.93273795275916e-22,2
"20340",0.838059695765907,0.161940304234093,3.69841211251978e-34,3.01188683640047e-33,1
"20342",1.57175986279776e-11,0.999999999984282,9.8850073746207e-36,4.62991652020937e-48,2
"20344",0.983583986578634,0.0164160134213663,7.50808308876893e-27,4.58416190581443e-17,1
"20349",0.990671234958598,0.00932876504140214,2.24650345793257e-32,8.42726307779065e-24,1
"20351",0.953727380248409,0.0462726196412241,2.52654723281978e-13,1.10114033545991e-10,1
"20353",0.960547617527651,0.0394523824723487,6.44254553658335e-30,1.25618000704405e-28,1
"20357",9.93774840474469e-05,0.999900622515952,2.58197276670005e-54,9.72627547871494e-34,2
"20360",6.62260694018695e-07,0.999999337739306,3.15102670343199e-45,3.33430597148146e-39,2
"20364",0.990007141190621,0.00999285859625622,2.55093754493247e-16,2.13122636637589e-10,1
"20366",5.66590165964379e-05,0.999943340983403,3.99475573758379e-34,4.87884192112023e-16,2
"20381",1.53996598405707e-09,0.99999997410559,2.4034231077034e-08,3.20213353688909e-10,2
"20391",0.0159130471785696,0.984086952820009,5.04204648725119e-44,1.42116549841063e-12,2
"20394",0.389596404697282,0.0283429733776564,1.26938695526875e-08,0.582060609231192,4
"20396",5.61215954588152e-06,0.82275118457776,0.100927892004645,0.076315311258049,2
"20409",0.847302279320062,0.152486826296373,0.000210889210830523,5.17273464380521e-09,1
"20411",0.866150996501773,0.133849003498227,3.95840691610165e-37,4.58397219677072e-21,1
"20416",5.04152757096125e-05,0.99994958472429,3.51501337130481e-70,1.54501782146806e-59,2
"20418",1.62032143578456e-07,0.318698070910472,0.675795212850915,0.0055065542064698,3
"20420",3.18179932933411e-09,0.999999996818201,3.46308650936911e-30,1.69354812702098e-17,2
"20422",0.933126390380772,0.0668736096192285,2.67495122415745e-19,1.46456075316683e-25,1
"20424",0.955472305884247,0.044527694115753,1.45961236932662e-34,6.8397439356427e-21,1
"20426",3.75727373470549e-13,0.999999999999624,1.67247175531165e-29,7.01059571982568e-44,2
"20428",0.992890405225884,0.00710959122753497,1.7047209064281e-17,3.54658148858365e-09,1
"20431",0.682245302080896,0.317637515728244,0.000117181578313627,6.12546187502373e-10,1
"20433",0.140810168865901,0.859189831134099,8.5391791604716e-38,1.07329171495165e-44,2
"20436",2.78082889178613e-05,0.999972191711082,1.78047410108453e-21,4.6146984095526e-26,2
"20439",8.63601671483039e-06,0.029593193824661,2.11800449241547e-05,0.9703769901137,4
"20441",0.000427363429122262,0.999572636570878,2.25146202939751e-33,6.33924009759818e-29,2
"20444",1.19838993548121e-10,0.000820007984356337,0.999178541947007,1.44994879802193e-06,3
"20448",0.0708777988572107,0.92911962741817,1.19682810073215e-06,1.37689651815292e-06,2
"20536",0.00450457168421594,0.0929956318053632,3.89965702663703e-14,0.902499796510382,4
"20538",0.00779686643815033,0.992203133561831,6.10983662709398e-33,1.89197824487712e-14,2
"20541",0.866259736019824,0.133740263980176,5.8290649691532e-34,3.12992940131341e-34,1
"20544",0.995237879162457,0.00475813446755307,2.03437772618823e-11,3.98634964552291e-06,1
"20546",0.974319751601407,0.025680248398587,2.19149914577598e-29,6.12213758493921e-15,1
"20550",0.902925275015902,0.0970747249840814,1.07490756784903e-14,5.91766076050152e-15,1
"20553",4.2808913854008e-10,0.999999999571911,1.50522331712971e-53,4.12061541768047e-93,2
"20555",1.37964426859906e-09,0.999999998620356,1.73354439658039e-45,1.50435707876212e-22,2
"20557",0.938188204577232,0.0618117954159601,4.48919320526237e-13,6.35847891076369e-12,1
"20559",0.995073151613654,0.00492684838633543,7.27507752698808e-15,3.01334768471885e-15,1
"20561",0.00734436745987097,0.00555349079688854,0.987059880253465,4.22614897758208e-05,3
"20564",1.78615280889732e-12,0.000305598609120007,0.999694401387704,1.38981291908552e-12,3
"20566",0.96890514427965,0.0310948430170598,1.01094516861039e-11,1.2693180581476e-08,1
"20569",0.000111170232666241,0.00316733907045424,0.990220659186363,0.00650083151051641,3
"20572",7.13775794746992e-06,0.0411708223127322,0.958822007691379,3.22379413145023e-08,3
"20574",0.993999346983646,0.00600065301635344,2.25846985817655e-16,5.91479178660912e-21,1
"20576",1.08608469756184e-08,0.000464964073866209,0.99953502506083,4.45667633106467e-12,3
"20578",0.998057764718252,0.00193822251811277,5.22456642019411e-07,3.49030699330144e-06,1
"20580",0.993728132937277,0.00626743411160792,1.13395730357186e-10,4.43283771931038e-06,1
"20583",8.46229723308447e-10,0.000222670962307878,0.999777328066492,1.24969940381602e-10,3
"20586",0.983505088156798,0.0164947621805939,4.68069169970181e-21,1.49662608338583e-07,1
"20589",0.989926020619993,0.0100739793800073,9.76511320887183e-36,1.35019499751984e-23,1
"20591",0.0495965627116498,0.950403428733482,1.23448293506112e-24,8.55486836551988e-09,2
"20593",0.9406042702931,0.0593957297069,7.06158805329147e-34,7.18481161446511e-50,1
"20595",0.992204555646263,0.00779544435326307,2.32997068984336e-13,2.41089955949382e-13,1
"20597",2.05617279245566e-08,0.994515649935427,2.29236559710619e-19,0.00548432950284564,2
"20599",9.62309723544899e-12,0.000303922182254754,0.999696077808084,3.78159675793374e-14,3
"20601",0.140153175018146,0.00121453527899342,2.90068251371545e-07,0.858631999634609,4
"20604",0.993110619262527,0.00688938073747323,8.89772740685828e-22,6.68283943219739e-31,1
"20606",0.987822339105474,0.0121776608945258,1.27345855866526e-25,2.61454180379913e-27,1
"20608",0.985736052234398,0.014263947765602,3.14785676498005e-21,1.30010199497552e-19,1
"20610",3.68187847266171e-06,0.00788736613334762,0.992108951938941,4.92387747781236e-11,3
"20612",2.84874366363752e-11,0.999999999971513,8.86323766683288e-41,1.64297009797402e-38,2
"20614",1.64487282331428e-06,0.000502799160345971,0.999304723023108,0.000190832943723042,3
"20616",0.522838587499068,0.469310138059142,2.59853875693222e-07,0.00785101458791456,1
"20618",6.36096066545871e-05,0.999936390393345,4.7112496575674e-25,1.74450649087871e-20,2
"20620",0.667004091616347,0.332995908383653,1.03771261119983e-16,1.50197635937798e-27,1
"20622",8.71154955877864e-07,0.00257870194841181,0.997420426860926,3.57063906110428e-11,3
"20624",0.709052099819451,0.290947900180549,1.28329406709918e-34,1.26420727388432e-22,1
"20626",0.211389799903678,0.788610200095922,3.93970520688961e-13,5.34741441042215e-15,2
"20628",0.0946300162411403,0.905369983758621,1.16802797078907e-22,2.38582354132254e-13,2
"20630",0.942427840023433,0.0575721596210289,3.55537553968259e-10,8.59650681047432e-16,1
"20632",1.58139299136009e-09,0.00129461184016148,0.998703320303547,2.06627489877862e-06,3
"20634",0.992952508888758,0.0070474911112422,1.2558041348055e-25,4.80639039782238e-26,1
"20637",0.00203087253070273,0.997969127469297,9.64778574202858e-24,2.28382929315799e-34,2
"20639",7.47123964163425e-05,0.00902340240703548,0.990901865324372,1.98721757718293e-08,3
"20644",1.75732179130247e-09,0.999999998242678,9.23757238807226e-65,1.49343503887005e-83,2
"20646",9.34892852961565e-05,0.999906510714704,1.86453616737207e-34,1.79332442816814e-43,2
"20648",0.0175643916221004,0.00318921861878983,0.615336897914043,0.363909491845067,3
"20650",0.110479506476229,0.889520493523771,3.69782036897272e-39,4.52054449367423e-32,2
"20653",0.156821875369745,0.842812072756473,3.35494159560844e-11,0.000366051840231927,2
"20658",0.897615427529369,0.102384572470631,2.98381170245518e-34,1.25261098048823e-22,1
"20661",4.90036705226909e-06,0.999995099632948,4.35153071816096e-47,3.24110182194299e-24,2
"20663",0.990458255478776,0.00827651931835188,1.22899451710231e-15,0.0012652252028708,1
"20665",2.94820865134263e-11,0.000854493490147751,0.999145506480193,1.7736330020655e-13,3
"20667",0.663785225136327,0.336214770760676,5.91932265994825e-14,4.10293736206137e-09,1
"20669",7.78073334989322e-07,0.953128741195253,6.49871406700004e-18,0.0468704807314124,2
"20671",0.318310370825445,0.681689629174554,4.75735918400779e-16,1.54473521015853e-18,2
"20673",6.04216952818532e-09,0.982195556155258,7.77161960772823e-13,0.0178044378017957,2
"20675",0.15704604369956,0.42062767949838,3.41877469031273e-18,0.422326276802059,4
"20677",0.967832524155267,0.0314690106037237,8.41803508136726e-18,0.00069846524100974,1
"20679",4.24449012287851e-07,0.813177469044527,6.62446171682425e-07,0.186821444060289,2
"20681",0.00064334123862312,0.00397138253492174,2.78613210068748e-17,0.995385276226455,4
"20683",0.932725586342349,0.0672703002886745,1.79179775882498e-16,4.1133689766719e-06,1
"20685",1.16091863869539e-08,0.999999988390814,1.36643944726882e-31,1.46227346274704e-17,2
"20687",6.39873823600527e-05,0.000772626239971993,0.0342408115447037,0.964922574832964,4
"20689",5.79008380686275e-10,0.999999999420992,9.94504421311073e-73,2.95687984697737e-64,2
"20691",2.36926790637013e-09,0.000809189408465011,0.999186452898806,4.35532346151776e-06,3
"20693",0.932033451198176,0.0679665488018243,7.89792156337359e-37,1.39069974153646e-29,1
"20695",0.103639273698179,0.0240208109517651,0.122692152293401,0.749647763056656,4
"20697",0.980928095351313,0.0190719046480659,6.21372109910212e-13,3.0518384558147e-22,1
"20699",0.986703240470366,0.0127389458663563,1.496381349128e-14,0.00055781366326232,1
"20701",0.98473326065235,0.0152667388916938,3.73772457172268e-27,4.55956490332324e-10,1
"20703",2.27720211644913e-11,0.999999999977228,3.06182418572893e-26,6.50607238427011e-17,2
"20705",0.963557044079378,0.0364429559206222,4.67311933670717e-25,1.94655668352046e-18,1
"20707",0.0942022618590704,0.00496404325284269,1.87615169475598e-08,0.90083367612657,4
"20709",0.220001731763226,0.777961023536417,0.00203622444727695,1.02025308018022e-06,2
"20713",0.00149790353511238,0.99822672041079,2.80193084188468e-12,0.000275376051295714,2
"20715",1.19406829506251e-06,0.999998805931705,4.19965148472374e-24,5.53385279307158e-70,2
"20717",0.0124774487711166,0.0104224405688738,0.00045819864852954,0.97664191201148,4
"20720",0.989297801410847,0.0107021985891501,8.98425682556237e-16,2.37166726089058e-15,1
"20722",0.986199534507671,0.0138004644889822,6.89967175851131e-14,1.00327804413652e-09,1
"20724",0.00103638032979095,0.000209554386574813,0.000795486451937938,0.997958578831696,4
"20726",0.94777345943742,0.0522265405625802,8.95990583318129e-35,2.29970768314611e-29,1
"20728",0.000272124050657471,0.000780042186167968,1.11858939213778e-12,0.998947833762056,4
"20730",0.024980756019229,0.00166166549182915,0.00631416502958657,0.967043413459355,4
"20732",0.0988210313712075,0.901178968628793,1.73333973405603e-30,6.53725732736305e-24,2
"20734",0.992299674623013,0.00720566850642118,4.32814347668375e-12,0.000494656866237408,1
"20736",5.00983222058036e-05,0.000750518241954326,0.999061239637645,0.000138143798194643,3
"20738",3.73572634967756e-07,0.999999626427365,1.07815205771892e-21,2.27297182302223e-40,2
"20740",0.0297003110941494,0.970299688905841,2.74585273109673e-50,1.01697631508644e-14,2
"20742",0.0250602817783503,0.0999941243969454,9.93298634086353e-15,0.874945593824694,4
"20744",6.6930058722973e-08,0.00424453722046402,0.995574536207993,0.000180859641483969,3
"20746",0.90219181764908,0.00525668654888907,1.88192953213069e-11,0.0925514957832121,1
"20748",0.000856252400414126,0.000733766071710471,0.0242164313168711,0.974193550211004,4
"20750",0.0152830422905292,0.00413672310865915,0.576009440612088,0.404570793988724,3
"20752",0.99224108109078,0.00775888967831872,1.13222863586224e-21,2.9230901051677e-08,1
"20754",3.29323199378498e-08,0.999098593656064,4.59360100025044e-13,0.000901373411156377,2
"20756",0.897918927114003,0.0285356966569849,0.0654757878440469,0.00806958838496474,1
"20758",7.98580139909019e-06,0.999992013544865,6.53734904661068e-10,6.03175922786872e-16,2
"20760",0.000289654001074516,0.000984474971110637,0.0151863991993664,0.983539471828448,4
"20762",9.11623250487079e-08,0.997418771426929,3.7729420962944e-16,0.00258113741074545,2
"20764",0.000124668708435643,0.0888625037520265,0.655595152465547,0.25541767507399,3
"20766",0.00133321732381226,0.00135085823105202,0.286027307667608,0.711288616777528,4
"20768",0.00347519668834652,0.000712927279379708,0.991400304389575,0.00441157164269844,3
"20770",0.100438564375928,0.897988145230937,7.16479384866718e-17,0.00157329039313438,2
"20772",0.991408355829274,0.00859164417072611,1.89365186493979e-22,1.31722087603066e-26,1
"20774",0.0235932642710465,0.976406735728953,8.46123721899921e-55,1.08171791952773e-58,2
"20776",0.887179851000334,0.102766837509166,3.91936976153191e-23,0.0100533114904999,1
"20778",6.71261848552454e-05,0.999932873815145,5.6501867921399e-48,1.42006300935726e-73,2
"20780",5.97090337375987e-12,0.999999999993192,8.3362545967591e-13,3.76638473533021e-15,2
"20782",1.85857415031378e-09,0.999775373249306,1.68641200587925e-12,0.000224624890433236,2
"20784",9.6364525314734e-07,0.999317745628588,1.22222615038042e-14,0.000681290726146886,2
"20786",6.0402904165195e-12,0.0239338505922205,0.976066149354,4.77391584666783e-11,3
"20788",0.111690958292805,0.00285972814454159,3.13365725166224e-09,0.885449310428996,4
"20790",0.000294309900920376,0.0285107792064047,5.91820039101041e-05,0.971135728888765,4
"20792",0.616864440851917,0.383006207458824,0.000108018988563658,2.13327006948949e-05,1
"20794",2.1502674307814e-05,0.0112646959328381,0.00017459554590277,0.988539205846951,4
"20796",0.989430170466674,0.0105698295333256,2.94814335550437e-30,3.8069172885461e-22,1
"20798",1.78615280889732e-12,0.000305598609120007,0.999694401387704,1.38981291908552e-12,3
"20801",2.01969422332299e-06,0.999946210789309,5.17695164675478e-05,1.6182821405909e-22,2
"20803",0.904435219173254,0.0388273125112573,3.87406479073857e-12,0.0567374683116145,1
"20805",0.991699233417783,0.00821423143317387,5.35135928894594e-17,8.65351490432668e-05,1
"20807",1.78615280889732e-12,0.000305598609120007,0.999694401387704,1.38981291908552e-12,3
"20809",0.0761775046790884,0.913179220880087,7.05505486756697e-16,0.0106432744408241,2
"20811",0.000235499783599833,0.999763177983971,1.32223242897823e-06,4.26543326348682e-19,2
"20813",0.401985574721416,0.598003060438251,1.13643673240021e-05,4.73008714037594e-10,2
"20815",9.67038438046427e-15,0.416065738935418,0.583934261064571,1.60806558063265e-15,3
"20817",0.00257282710655327,0.000244041653756244,1.4035785873091e-05,0.997169095453817,4
"20819",0.97199221696741,0.0247396812600201,9.5451169054097e-19,0.00326810177256962,1
"20821",4.08276363192377e-09,0.999999995917236,2.43818557259857e-25,1.38953176116471e-42,2
"20823",0.990430343706074,0.00809322500885272,1.11407799240467e-08,0.00147642014429346,1
"20825",0.00114374711404828,0.000911950284819083,3.97972260068696e-07,0.997943904628873,4
"20827",0.0340751268507449,0.358487456041175,0.607435490452322,1.92665575727465e-06,3
"20829",0.304243130347181,0.695756869652819,1.30932981687602e-25,2.47952562464082e-30,2
"20831",0.00689039847026485,0.0041142796408778,2.0707475652478e-09,0.98899531981811,4
"20833",2.22547271891179e-12,0.9999989157917,1.90979613719776e-12,1.0842041647797e-06,2
"20835",0.00399459726201166,0.00224038988029304,0.00495506564208438,0.988809947215611,4
"20837",0.0397749149485507,0.00912094858810756,0.00720682879965194,0.94389730766369,4
"20839",0.00135750587136268,0.000758637077591887,0.00153801637266311,0.996345840678382,4
"20841",0.341300598474557,0.65869940152303,6.21268935958828e-30,2.41275416281262e-12,2
"20843",0.15322588672592,0.0063889412114717,7.64948974009394e-14,0.840385172062532,4
"20845",0.27942744200278,0.394406313372713,0.00135086460418689,0.32481538002032,2
"20847",0.990175513915311,0.00981684062986071,2.55617856458446e-12,7.64545227254033e-06,1
"20849",0.982657052239611,0.0173424907445797,2.12979610478159e-09,4.54886013040479e-07,1
"20851",0.976164658115289,0.0238352594877003,9.3983987005571e-16,8.23970100232478e-08,1
"20853",0.913648734828865,0.0863512651711345,8.72881440447223e-29,2.81886892039873e-22,1
"20855",0.876416335940501,0.12358366405949,8.30004658935632e-15,2.03795870635525e-23,1
"20857",0.982856600841384,0.0166233080888461,1.79490196441275e-10,0.000520090890280002,1
"20859",0.996102984623292,0.00389701520423534,1.26910126940622e-12,1.71203182516901e-10,1
"20861",3.5918467641696e-07,0.999999640815322,3.26653525984478e-23,2.09033126894611e-15,2
"20863",0.00011013807847264,0.00177593099865224,0.996996799235323,0.00111713168755187,3
"20865",0.00762591231448787,0.0345877881681469,2.16905355611106e-11,0.957786299495675,4
"20867",0.445454706972367,0.554545293027633,7.52748692828561e-45,1.23627636412424e-55,2
"20869",0.00246850673609457,0.0058606467138223,0.99072233052285,0.000948516027233418,3
"20871",0.0280544118145154,0.971945588185485,3.6035957318709e-23,2.54162397540863e-49,2
"20873",0.716296228510734,0.283703771489266,1.97588548233963e-16,5.4869958566264e-35,1
"20875",0.99358034506115,0.00641965493874584,4.06116732199262e-18,1.03919665652959e-13,1
"20878",1.42633860162789e-14,0.99805578722094,0.00194421277904019,5.696616449481e-15,2
"20880",1.44501699991943e-12,0.999999999607542,7.2219650824545e-11,3.18793021851188e-10,2
"20882",0.936304636313547,0.063695363686453,8.80402429888458e-27,7.4979300766479e-28,1
"20884",0.0136702166229913,0.00383571836235195,0.0231022025672623,0.959391862447394,4
"20886",0.00434892494893894,0.00196954424754817,0.99271813903951,0.000963391764003161,3
"20888",1.8513381878842e-08,0.338575845379842,2.12840033441291e-05,0.661402852103432,4
"20890",0.00847323437053371,0.000410398659429024,0.0491468169430033,0.941969550027034,4
"20892",0.97618752729143,0.0238107864891935,4.59936958610809e-16,1.68621937633704e-06,1
"20897",0.945455777004748,0.0544567356069762,4.81703513122517e-08,8.74392179246122e-05,1
"20899",0.941624769526825,0.0257247482829375,9.14543994510028e-06,0.0326413367502923,1
"20901",1.29682297751066e-10,0.999999999870318,4.46131115134519e-54,8.21417684305391e-45,2
"20903",2.60214294120903e-05,0.999973978570588,2.05703421749856e-26,4.43002216609205e-64,2
"20905",0.000448528497281156,0.999551471502719,5.61626730880245e-21,8.61881310850673e-31,2
"20907",0.875641646599152,0.124358353400848,8.59600666184689e-33,3.28944429737719e-21,1
"20909",0.383677972695533,0.616321781765112,2.89164806657522e-08,2.16622874098025e-07,2
"20911",1.47444070400228e-11,0.999999999985256,6.64947632246732e-69,9.09987165849127e-68,2
"20913",0.806666761549216,0.0686455112243754,4.2188557015502e-06,0.124683508370707,1
"20962",0.997583371678469,0.0024152518913999,6.79007656700912e-12,1.37642334071724e-06,1
"20969",0.833667126938689,0.166332858874251,1.4187059445201e-08,1.48449325718268e-17,1
"20980",0.990717941286016,0.00928201156766895,2.18409863623691e-10,4.69279052303962e-08,1
"20982",0.994976214755488,0.00502378517893783,9.59041871295252e-22,6.55743715279244e-11,1
"20984",0.557866638543849,0.429081764650264,1.2560344585893e-08,0.0130515842455418,1
"20994",0.965854411809541,0.0341455881903764,8.24403179139606e-14,6.49479936339107e-17,1
"21015",0.00035571105357093,0.725325275484919,0.0101608317527978,0.264158181708712,2
"21023",0.863737984238674,0.136262015761326,4.58896698076001e-31,1.1932725380555e-24,1
"21040",0.13272920493032,0.867270795069639,4.34263952786816e-37,4.1057655328596e-14,2
"21073",0.798217204342036,0.201782762292128,1.33331440974281e-13,3.33657027842965e-08,1
"21222",0.0165768740435501,0.00196005960771592,0.0122164126096122,0.969246653739122,4
"21224",0.961663728284035,0.0167833106824084,4.39803990399595e-08,0.0215529170531579,1
"21228",0.000240029881896712,0.999759970106646,1.14571069460579e-11,5.75550163731045e-24,2
"21232",0.977156949167971,0.0228430508320291,4.83353040783895e-31,1.11522769172207e-21,1
"21237",0.0506449564159225,0.949355043584078,5.74292491463008e-27,1.23486215240854e-35,2
"21240",0.00141890899239773,0.000401965931590134,5.18204188647718e-07,0.998178606871823,4
"21245",0.00045379685848619,0.000339206975677376,0.015443594294731,0.983763401871105,4
"21252",0.928913903796204,0.071086096203796,7.74603873672788e-36,3.91777802109927e-16,1
"21254",0.652582443278066,0.347417556721753,9.63856100501273e-24,1.80672937759708e-13,1
"21258",0.883017482927504,0.116982515803442,1.24726787132077e-09,2.17861290398929e-11,1
"21264",0.2745900974538,0.00948325337532638,0.180812760540659,0.535113888630215,4
"21305",0.00285810261241779,0.997141888873992,1.89784741598215e-12,8.51169253807126e-09,2
"21333",0.978372360730644,0.0216276384278076,1.05968888835871e-27,8.41548688842651e-10,1
"21366",0.748018600332966,0.0675424004596492,7.16253541955413e-10,0.184438998491131,1
"21377",6.49273213699177e-07,0.00125195751313945,0.998747292803465,1.00410181383866e-07,3
"21380",1.81430939834783e-09,0.999999998185691,1.30938498085964e-27,3.76009142340186e-42,2
"21387",6.76729471757708e-13,0.999999999999323,8.24528324068838e-76,6.66741631083256e-65,2
"21390",0.88247151332844,0.11752848667156,5.82885810505989e-31,5.03980869535089e-17,1
"21392",0.954494350370085,0.0455050962832494,7.52391882939873e-11,5.53271426260912e-07,1
"21403",0.981954886315336,0.0180446912149236,4.22468005990356e-07,1.73455521758197e-12,1
"21408",0.959042869615724,0.0409571303842763,1.26026610620597e-18,6.06364997353981e-23,1
"21412",0.000183701237282738,0.999816298762717,4.91902105816909e-23,8.08165460608705e-29,2
"21421",0.944439268080925,0.00997813816666655,2.41374190254898e-08,0.0455825696149897,1
"21424",0.00339186998465523,0.996608130015345,2.82183600225567e-42,1.7270434855063e-38,2
"21429",0.989082792669229,0.010917207330757,1.39637389532976e-14,5.24952684760217e-17,1
"21431",0.972255472462077,0.0274679129944969,1.45311183150524e-09,0.000276613090314561,1
"21436",2.53864723229485e-05,0.999966859153045,2.79229334755134e-18,7.7543746318083e-06,2
"21439",0.998762890285099,0.00123694079741819,1.54790830860596e-07,1.41266523772349e-08,1
"21442",0.89230029698793,0.106307934609477,0.00124260481605608,0.00014916358653697,1
"21444",0.000516295851266404,0.00239229253525453,5.07249234436273e-11,0.997091411562754,4
"21446",2.45890753648622e-14,0.999959698350604,4.03016493714164e-05,4.07798557454675e-17,2
"21448",1.8217875190578e-13,0.999999999999818,2.98306333071088e-41,3.89033018937851e-27,2
"21450",0.60142826601727,0.398571733603334,3.79334163106673e-10,6.19507999479807e-14,1
"21452",0.92075777373873,0.0792422262612606,9.45388799317016e-25,9.15003249893763e-15,1
"21466",0.820402491296147,0.179597508703853,3.62700942077457e-42,1.83289983277086e-29,1
"21470",0.99668012745965,0.00331985790063287,1.12251646801266e-12,1.46385947367369e-08,1
