"","V1","V2","V3","V4","V5","V6","V7","V8","V9","V10","best$classification"
"19812",0.359589383461718,1.95818470374314e-05,0.0151770907190973,0.00153564377569471,4.30222671300777e-11,0.623678298079063,8.62672150325744e-27,1.71994089842223e-09,3.54427125986401e-10,1.9836296653048e-211,6
"19814",0.900104329230956,5.92530878662576e-07,0.00233399353939249,0.0123398797082376,4.51251230820829e-08,0.0730991355259261,0.000588726809673986,3.40136340084904e-11,0.0115332974957985,1.18919870159808e-29,1
"19816",0.277249936419877,3.95938026854864e-05,7.11148521628207e-06,0.00111949811564353,2.93317276604419e-09,2.38712085268988e-17,2.92851958298138e-47,0.721583857243405,9.1242540936629e-26,5.74038998779799e-186,8
"19818",0.993591908082442,4.09524561316281e-06,0.000766282546045545,0.00559288045085971,4.56312197818232e-10,1.05510561241731e-11,6.81014181854621e-08,4.03525250410924e-08,4.47247542337784e-05,1.72690886952846e-42,1
"19820",0.000105705391623304,4.74656213778507e-26,3.35159712328249e-10,0.0138616977101237,0.000630339196190279,1.71964603305356e-90,5.93586096830121e-129,0.985402257366903,7.71553123948418e-144,3.38375243095744e-273,8
"19822",9.19863712560817e-10,1.22821353128106e-29,9.74034267509038e-07,0.998753365247551,0.00115006495954441,2.26598539959646e-82,5.73820201821898e-117,9.55948387730311e-05,1.19487520007373e-186,0,4
"19824",7.3342970844463e-05,1.78202875892895e-12,5.60584851787478e-11,0.998863447305359,0.000206571470839967,5.24454735799473e-63,4.79101383633093e-70,0.000856638195116406,3.45362624634472e-54,1.01707585607237e-150,4
"19826",0.43710650579094,0.16874151725755,9.10075447129876e-07,0.0805387377987692,1.41210994592714e-05,0.313598207875848,5.49071943015038e-32,1.01860725856139e-10,1.26250621432128e-13,1.19628637484071e-154,1
"19828",0.0169679580380471,5.99072477827555e-18,0.000801745143752325,0.0369329433371114,7.30851450579138e-07,6.66941281205899e-51,2.9718763364601e-53,0.945296622629639,1.65517671603235e-68,1.40710085137322e-114,8
"19830",0.0230039244306858,0.000127974189699376,0.659022795810667,0.233172787923012,3.42745478827425e-07,0.0846721749004563,3.82640871209081e-22,1.59807683417348e-30,4.66845191695426e-21,4.08359869758896e-220,3
"19832",0.00353633825444647,6.7476471890014e-27,0.982898618336365,0.0135189976347668,4.60249914526381e-05,7.43708096850903e-12,7.73081543493871e-75,2.07755321592213e-08,1.00220499219911e-32,0,3
"19834",0.874752888356637,3.66063067197468e-19,0.0119159067518891,0.112677772551027,1.38881068098554e-09,1.63897675258251e-18,5.61797127429362e-32,0.000653430951636016,6.30124498790786e-46,1.47432730158401e-209,1
"19836",0.887631407151702,0.0974779157782509,0.00244315078701678,0.0124473827086797,1.08842548460694e-07,3.4097722471587e-08,2.13452206753608e-56,6.34080221342136e-10,1.41732361589778e-17,1.44184012888658e-306,1
"19838",0.00304145473675888,3.74211608682815e-09,0.00265579523639966,0.000562978432740586,1.31618216050676e-09,0.992007934372884,2.44879218806333e-06,9.2404477755657e-26,0.00172938337073095,1.84661770175073e-87,6
"19840",0.952555748895878,4.5370537543464e-06,5.35412806301024e-08,0.0472373908251988,6.52444133297785e-05,2.10355490372254e-13,1.53626880875564e-50,0.00013702527034845,3.30112628086261e-32,1.09693787335632e-234,1
"19842",6.16176636994355e-11,0.997804059911596,4.86801234452322e-11,9.46309318126596e-05,0.000257921084083526,0.00184338796220983,1.92628306112625e-43,4.55778683671709e-49,1.20608490639665e-35,3.39065983639276e-202,2
"19844",1.05232604783358e-21,1.5593207911295e-08,3.13715789552343e-29,0.00118845211774377,0.825341355991382,1.06694618000964e-65,2.70701510386087e-18,8.85172455089484e-29,4.60453145550953e-58,0.173470176297666,5
"19846",2.36092011326577e-06,0.0105638983441503,1.76831738517252e-08,7.17572441618044e-05,1.03453791319258e-07,0.000261926620082577,1.28876141997338e-05,8.66259824578601e-38,0.989087048120327,2.32151154378583e-20,9
"19848",9.87411838255728e-05,0.000882964724372852,2.06898158224253e-06,0.000235673836269051,2.9162763196938e-08,0.535726695256403,0.457569861112857,3.28052570643853e-32,0.00548396574186105,6.59944935567713e-14,6
"19850",0.000651365324735466,7.73771079813315e-08,2.29501051437679e-07,0.0231192729508586,4.58392641635353e-05,2.0220566608734e-08,5.33271213030546e-07,4.34454125498545e-22,0.976182662090303,2.56105932001382e-34,9
"19852",0.993681509652424,1.95021179200277e-07,0.00151297092638401,0.000928912998760897,2.34488192077289e-09,2.35580398464181e-11,3.11699304082922e-19,0.00387640901395642,1.88560520603566e-11,6.06571136201706e-90,1
"19854",0.00012045387313016,6.24160135679056e-05,2.39295975292589e-05,0.000120290959988025,6.65307308303465e-09,0.997452381029573,0.00222048728408431,2.59598548243034e-31,3.45890545951538e-08,3.13992264504934e-23,6
"19856",8.47964570828133e-09,9.04299636589224e-08,3.77684878501722e-13,0.99600378482378,0.00399611626623292,3.76101336384239e-18,5.42850828000898e-18,3.44007643698773e-25,8.08800431613576e-36,7.43572439495776e-39,4
"19858",8.197078401949e-09,3.32050140191616e-14,1.5227837003316e-12,0.997084401879216,0.00291558991952799,1.54389824362617e-50,5.22278867390812e-37,2.6214628876244e-12,3.05545199772652e-36,1.47056285124257e-66,4
"19860",0.995154490039171,5.76857714893442e-08,0.000588400693571352,0.00358499619110004,1.07239156231401e-07,9.29064689330325e-06,2.38914145004115e-28,0.000662657372732069,1.31604439826515e-10,1.58911378068928e-158,1
"19862",1.51260430162207e-07,0.00231724291732383,3.37463953652906e-08,9.2471870283692e-06,2.53014070755772e-07,1.49246603975543e-05,4.36023112239313e-15,8.88716151363384e-43,0.99765814721435,1.05288735926129e-72,9
"19864",6.57221887355627e-25,0.716768785484081,5.44081485559595e-24,8.37684769915653e-08,0.283231130747442,1.5751737506925e-62,5.00555925614515e-108,1.07571048967206e-43,3.18072809927062e-123,1.07942633947677e-222,2
"19866",0.145869548785651,0.000397911536896055,9.49729917757955e-10,0.853693157838075,1.36916172646012e-05,1.03179254482681e-24,4.01967582036214e-88,2.56892723830658e-05,1.05959699574487e-60,0,4
"19868",8.1275559083935e-35,1.93330466405761e-44,0.001140434989125,2.63018575161721e-11,0.998859564984573,2.10126770347554e-56,4.01287049710721e-78,8.75327066557165e-51,3.96952533916287e-248,1.25796119024719e-143,5
"19870",0.26481998384795,0.152826124029192,0.00310389539929035,0.013880967257131,1.24294979934242e-07,0.00105279984428373,1.8872739019768e-07,1.09616194977966e-22,0.564315916599783,2.3563246473848e-61,9
"19873",0.887954070206561,0.00453869300749926,0.000165481292805513,0.107339490334379,3.11828425321121e-08,5.68451928315235e-07,2.0580776436282e-22,2.13509167012714e-11,1.66550263287832e-06,7.83195683893759e-140,1
"19875",0.304923796593883,8.78351950569849e-19,0.000159052063542038,0.0145159191462911,2.31336244845648e-05,3.85356561113458e-23,3.8055912563877e-80,0.6803780985718,1.42634528385846e-52,4.24935926161929e-245,8
"19877",0.983624005527328,0.00260814735883981,0.00570816229291066,0.00367485643121775,1.15783144829022e-09,0.00206598305968046,0.000173646922803015,1.84127650819605e-13,0.00214519724920446,2.02873313583878e-68,1
"19879",0.982480730224701,6.91004538769649e-06,0.00848173243581418,0.00903062319236904,2.93012367171484e-12,1.81489434433048e-12,1.87707590553814e-15,4.09698169294933e-09,1.41707840392652e-22,1.59844899600958e-89,1
"19881",0.321801265840859,0.315440213865454,4.20008112865942e-05,0.362538274102202,1.09244965815132e-08,0.000177896668334693,3.12595822245039e-29,2.67898452952953e-16,3.37787366621291e-07,6.19518572123668e-206,4
"19883",0.00308843330216915,0.953109345888187,1.03347173852029e-06,0.0246115142119527,1.44754561940576e-08,0.0191896584814662,3.23680270869756e-33,1.45377445394586e-20,1.69030099673798e-10,1.84665441244805e-211,2
"19899",0.874725202680087,6.11283000170421e-07,0.000810842629273834,0.124375760620968,8.75826060871678e-05,1.73807573572579e-10,2.32562321999514e-40,6.77535288616993e-12,5.17138190221333e-54,7.14796811656647e-160,1
"19908",1.25263054283548e-16,2.53853996422033e-14,7.44626424902755e-17,0.0292682920903985,0.970731707909576,3.59524166430781e-43,2.60118583682147e-93,5.46593261114169e-34,5.96222994718841e-174,0,5
"19910",0.995724165419378,0.00110482373690173,0.00159499299336643,0.00153271936053256,2.37032681696065e-10,2.08415161666445e-08,2.42067053449944e-20,4.32766101414349e-05,8.01131326015123e-10,1.4726927262556e-88,1
"19912",1.91258786158741e-08,0.828790648101855,2.52084333475758e-09,0.00359408603866066,4.09005103542361e-05,0.167574343702408,2.10114413203074e-24,1.0250773403886e-46,2.13436292299895e-21,3.67222735250916e-166,2
"19914",0.96720041862057,4.17766535076063e-08,0.0200689238057002,0.0127268786174781,4.05208427861169e-11,3.73285001526785e-06,2.98652957125449e-22,4.28906242131705e-09,1.09766118200106e-23,1.3090524310743e-176,1
"19916",4.50306511377366e-10,3.0625964673625e-06,1.59719074822267e-20,0.797781571912444,0.202215365002565,6.14850501723772e-66,3.5552228753787e-115,3.82173085770306e-11,2.65825365440885e-86,0,4
"19918",0.00907372130391278,0.078075557087788,1.1870053522e-07,0.0055020872710788,1.13239444458894e-08,6.06608372500017e-06,1.94435608082904e-05,9.1306510090003e-21,0.907322994668207,2.23787004550379e-31,9
"19920",9.03507257873104e-06,6.07974150954169e-05,8.62989065843717e-12,0.000929853385242684,2.20408670866576e-06,3.00306692615739e-05,0.995060576527795,3.07479599400171e-27,0.000101121932513538,0.00380638090217424,7
"19922",6.35724762376772e-09,1.18164032208988e-26,0.999746838758595,1.61246602974471e-06,0.000251542418125224,1.06324765416451e-18,3.73316136263036e-57,2.27604338488812e-15,4.51709167474587e-49,4.20526192281787e-188,3
"19924",0.982970693888231,0.00884860164555552,9.14119453925795e-05,0.00688361604828094,2.77292361788634e-09,3.54165470750651e-06,0.00120213141765223,3.04213632953274e-12,6.24214594503589e-10,1.39737519084243e-27,1
"19926",0.813202714606639,0.000188959925028973,0.0815776922342865,0.105030307398572,3.25636699996919e-07,1.9417729216376e-10,9.02829012859667e-65,4.59596743282393e-12,8.49600192116629e-62,1.8944666175638e-298,1
"19928",3.90899402917353e-38,0.964910826680069,8.18487108195967e-31,5.52968870694814e-13,0.0350891733193779,1.83053361054668e-49,1.0290710834577e-121,6.95464676233746e-70,2.60845708078171e-113,2.29116280277736e-274,2
"19930",0.0434206287751097,2.28381274114357e-05,0.000599112283654495,0.000173353815130321,4.32619379331471e-10,0.00588751213020145,1.40547463551083e-09,9.01851490573662e-16,0.949896553030398,8.55480535415772e-86,9
"19932",0.00245042400757763,1.97695358258071e-06,0.000206572848234676,0.000131329614643244,3.12170377606108e-09,0.149919529051504,0.00270960840285509,2.18652921044915e-25,0.844580555999899,7.97771159235932e-44,9
"19934",0.906406015735933,8.3080207561973e-16,0.00442510485636439,0.0407782426795858,4.0331824474979e-10,2.61406986083414e-20,5.73032318706121e-36,0.0483906363247974,1.60764402545474e-35,2.99251616191975e-161,1
"19936",0.922896295910446,9.0206610104123e-07,0.016672290855458,0.0532154255119032,2.28062097661125e-05,0.00719227850940414,2.91998317953264e-10,9.60730138043373e-11,5.48850127019915e-10,4.50400493701036e-72,1
"19938",0.0305885846203955,5.58672831909742e-13,2.04388824479305e-07,0.969318228365918,7.34293335025056e-06,5.43696316516612e-42,6.58141333435049e-62,8.56396909538755e-05,1.02546295215135e-126,5.53683102997996e-147,4
"19940",0.73267743934078,0.255931291939348,0.000212425672530635,0.0111788113779131,4.47491247282967e-10,2.83220471518283e-08,3.84688007209571e-22,3.52959674166322e-10,2.54693078864976e-09,5.75881915098902e-100,1
"19942",1.47907355008039e-22,0.983874731487668,1.17151526262543e-27,1.36681378107067e-06,0.0161239016985509,1.86303766473355e-29,3.13269737025004e-102,2.52302118386862e-49,8.87533354767244e-81,0,2
"19944",0.99107384240889,0.00632343536680501,0.000186304574861042,0.00227418941706323,1.29959532042503e-09,1.42143794589589e-07,3.55348626345334e-36,0.000142084788990925,7.0001472703247e-17,6.22527731614008e-158,1
"19946",0.991824288532854,3.24709676636428e-05,0.000109759583711866,0.0080331510346323,1.09455317791856e-08,4.38618478886024e-08,1.52312378221182e-11,1.79192982658938e-07,9.58655451031153e-08,1.13595880395529e-78,1
"19948",1.20666221222353e-21,0.995296290803208,5.31383112195218e-24,4.14426628487262e-08,0.00470366775412881,1.31604822198846e-30,6.89278300846111e-88,2.01903989043397e-47,7.3936263850504e-52,3.78521638637734e-248,2
"19950",2.68166223885108e-13,1.12596039074259e-10,5.76374918737911e-14,7.48355290743503e-06,3.58831329746124e-06,2.71487058154746e-14,0.999988927881419,6.83447225566375e-39,5.56932026601364e-23,1.39427623611179e-10,7
"19952",1.20666221222353e-21,0.995296290803208,5.31383112195218e-24,4.14426628487262e-08,0.00470366775412881,1.31604822198846e-30,6.89278300846111e-88,2.01903989043397e-47,7.3936263850504e-52,3.78521638637734e-248,2
"19954",0.00728373817897631,5.62707897836505e-05,9.06272211420957e-05,5.97157708384585e-05,3.7394479267857e-10,0.00966310438264107,5.91968767667156e-05,9.69949233917049e-21,0.982787346405907,1.65934317501091e-50,9
"19956",2.25146723929375e-14,3.11043897929994e-07,9.62068555699444e-11,0.0278445416857796,0.972010507396067,0.00014463977802518,5.58684438256797e-16,2.08435653346514e-55,5.06505473543938e-30,3.45616690154167e-114,5
"19958",3.40139304693183e-28,1.51302217101731e-44,0.733899250207791,5.70914989800655e-14,0.266100749792152,1.65288995009225e-46,6.19403056106597e-77,6.82989695377759e-35,1.31140032988712e-103,4.42204490305228e-134,3
"19962",0.00740112922554277,7.34040699172233e-11,1.56301187747273e-06,0.99250814049998,8.916717961146e-05,1.33084281493415e-13,1.82148461527138e-30,9.45138656173850e-12,4.77471022824088e-19,2.26933777772143e-100,4
"19964",0.700078016016417,0.197126289772149,0.000114476297748469,0.102678040242605,3.17486425459823e-06,2.91065443805562e-18,1.68023176125243e-19,3.11475717647664e-12,2.80371116890179e-09,1.41208013089344e-48,1
"19966",0.0082255066746813,1.6517346609292e-05,5.22997583966924e-11,0.991432560332903,0.000275435943256682,6.90910950167215e-47,6.36483855896426e-123,4.99796502498596e-05,3.08615977746901e-106,0,4
"19969",0.0835838087132895,0.147617420515439,0.000519688743275213,0.329746025566146,4.6112771685101e-07,0.437392051402807,3.93767891076281e-24,1.2410114514493e-21,0.00114054393132677,2.7917732954369e-263,6
"19972",0.000126993131882109,0.995090776301793,2.31154566050012e-07,0.00477702630961602,4.96764739231419e-06,5.41203512294005e-09,3.9899946648636e-11,6.59313288595406e-32,2.81583744594152e-12,1.44303298056369e-38,2
"19974",1.2491234430841e-12,0.999271029917409,6.16960401736403e-15,3.87702956231264e-05,0.00063438112133022,8.74753595959902e-09,2.93640485597209e-06,2.5296156064779e-53,5.2083765144996e-05,7.89746845147449e-07,2
"19976",0.981696372276654,0.00269801139710675,7.78663128272829e-05,0.0155031518421992,5.68270497873329e-08,3.4687078836595e-07,2.01974205593444e-05,1.30217794349306e-12,3.99705151274277e-06,3.39813328182503e-38,1
"19978",0.96567699370898,0.0013830941688732,2.14409451809774e-06,0.00666666826181497,1.64523036780681e-06,6.97867244532128e-20,8.77390664460935e-24,0.0262694544233933,1.12052455107789e-10,2.39166598023504e-74,1
"19980",7.46564144996656e-06,4.82950332939603e-06,3.12733794557983e-07,4.60763948555872e-05,2.74687908472693e-08,0.00758116646211842,0.98809729912737,9.83496491243983e-34,0.00426278977649575,3.2891795476478e-08,7
"19982",0.0001283294706937,1.11324815251535e-07,9.89357472331125e-08,0.679275909898796,0.0260949200053849,5.76692003403517e-13,0.294500630363986,1.86295798979542e-23,3.21354575752176e-22,2.88461538115896e-26,4
"19984",1.52775471403776e-11,3.87911243034493e-07,3.3928789268559e-18,0.0107856734900536,0.000671743169368857,1.9406117937777e-26,2.52777106317495e-05,4.32330384924172e-26,6.39004338729917e-28,0.988516917703425,10
"19986",0.124674317753693,1.68033030112081e-18,2.22440182870805e-06,0.136158577103741,1.48526564359858e-05,9.99041615954481e-55,1.05490488554134e-127,0.739150028084302,1.72360675876281e-146,0,8
"19988",5.17368852687649e-05,1.09297431237043e-31,6.95656962707132e-09,0.0264418617000773,0.00232947619966166,1.14576238034037e-91,1.80727191749592e-138,0.971176918258423,5.22628761417828e-175,0,8
"19992",0.0012875568736559,2.9946239362265e-30,3.84978118088219e-10,0.00248033685890703,0.000176359920534325,1.99502223716908e-59,4.2073976418114e-101,0.996055745961925,1.12051975873336e-140,6.39671386520516e-216,8
"19994",0.149398415326357,0.000131734239239848,0.00624097684723296,0.00040676934454132,3.19406074201454e-10,0.73778837396627,5.44850029125239e-10,1.01494909144955e-14,0.106033729412093,6.80749592574184e-96,6
"19996",0.0180524984789328,1.73089337913227e-23,2.63537691259006e-07,0.00624107106626151,1.84878669563577e-05,1.51240177466804e-60,1.47000660232062e-83,0.975687679050158,5.36837814975944e-108,1.16274311186148e-152,8
"19998",3.66087026701277e-07,7.41736339053601e-05,1.5012031933307e-12,0.999834849249277,9.06110278200273e-05,4.69820312411127e-13,1.84245399946934e-60,1.937355714385e-23,1.00659415449281e-40,0,4
"20000",2.2310478818654e-09,1.70777639364843e-11,0.994238410144503,0.00418581094864668,0.000256417003808762,0.00131935965491586,1.98130231631359e-43,2.53455209628472e-45,7.04291870247406e-39,0,3
"20003",0.358180698863919,0.000715544921689983,0.0183239045951657,0.00280374641283366,2.29266932637757e-10,0.619945316823236,3.0530743776882e-31,2.18564487296098e-13,3.07881536699355e-05,4.34786440636098e-263,6
"20005",1.08106380085851e-05,0.0117985091339485,4.32333384838625e-07,0.000221103526868883,3.7413744939603e-07,0.97495517734697,0.0130129034851507,4.4600739414373e-39,6.89397951684904e-07,2.6754432303591e-13,6
"20007",0.983793657450282,1.80962281140239e-12,0.000847171905945742,0.0153590679139708,1.85479977021379e-08,9.85956422139139e-16,2.44421886779175e-25,8.41799929205991e-08,2.16441478294793e-29,4.5065249857773e-147,1
"20009",1.48660080080417e-05,8.16909908428105e-12,1.29202717560881e-10,0.999964125272787,2.07865810462474e-05,5.07906397946215e-55,3.46045184644164e-91,2.22000787339963e-07,6.82695553385145e-82,8.50814616932475e-257,4
"20011",0.0812149030206521,0.782446465151156,6.96411874596054e-05,0.136265399629831,1.6364780534755e-07,3.42736309112436e-06,4.10072849286499e-15,8.10020543456059e-23,1.12658150964167e-16,3.36758348190805e-58,2
"20013",0.127416425609194,1.63707673100011e-05,7.15716109599437e-05,0.0108358948843578,8.21231366567656e-09,0.0629054306110401,0.798733012751608,2.21855165398917e-18,2.12855532166239e-05,7.46999732623182e-21,7
"20016",1.42468833463732e-05,1.39068753141254e-24,1.08713093846063e-06,0.991424813518912,1.76325552118611e-05,6.04101742187105e-71,1.19271208440285e-92,0.00854221991159164,4.13342417639254e-144,0,4
"20018",2.84409297824143e-34,3.501966884454e-71,1.48730306441743e-05,5.31375624290952e-11,0.999985126830457,4.05039009358789e-136,1.17325596320608e-251,8.57615041834726e-11,0,0,5
"20021",0.496506054867172,6.88544006574075e-14,0.00522462049678391,0.0104965916245736,1.49274230180916e-07,6.08698775417762e-24,3.44058872591833e-76,0.487772583737171,9.51328399108875e-28,0,1
"20023",0.994290645236244,4.58186697365768e-08,0.000484519409263699,0.00442793076218392,1.40845049660046e-08,1.56839300362366e-10,1.6517565426499e-37,0.000796844532294788,4.21588479499854e-31,5.38452290148131e-136,1
"20025",4.50284093276727e-14,1.81827613908563e-52,9.51168798103077e-05,0.000371381125017561,0.999531969817767,6.75576369094957e-92,9.76007548971166e-170,1.53217736000141e-06,4.10399897154443e-163,0,5
"20027",0.000117361537684681,0.630078433106197,2.82229545876532e-06,0.00421346799629839,8.6930991742223e-06,0.365579221965187,4.57864444776292e-30,1.92918691296665e-34,8.22895561235752e-18,4.39209360201182e-185,2
"20029",0.000437706217019453,0.337655787592653,1.4893992067044e-07,0.122104508011495,1.15527458051959e-05,6.74078095733004e-06,1.51446359312713e-13,1.31011377167234e-30,0.539783555711998,5.39225012599561e-107,9
"20032",0.000819988449580074,0.0123945144087415,0.00036358449226773,0.000109265985760819,1.50244466805753e-09,0.986312631089263,5.49213800418328e-21,1.11216097157869e-27,1.40719420670725e-08,2.90860960991999e-144,6
"20034",2.72536003289912e-15,0.997846787330056,1.04812245819512e-16,1.37392810091136e-06,0.00215183874184065,3.54936551791068e-20,3.71254706377719e-85,8.20532754423273e-41,3.52575700399384e-50,1.62951828596469e-258,2
"20036",2.43184112374368e-05,9.90929747926829e-11,1.56489810191672e-12,0.978791970882556,0.0211836973562362,1.32493127430344e-08,3.16386590485753e-26,7.86749836558537e-19,3.91857976396909e-41,2.54227272048597e-131,4
"20038",0.329680572176974,9.14343328003231e-20,0.0288937560154067,0.0245066867354331,1.04722083946267e-07,1.68406105355212e-30,1.37402531509679e-95,0.616918880350102,4.90622189456668e-109,0,8
"20040",1.93363050486949e-12,2.12260646720359e-21,8.41651039603826e-09,0.326245193738815,0.673750765418761,2.08855110607804e-97,1.14089531280846e-155,4.03242398038845e-06,5.14581774662518e-182,0,5
"20043",0.114187624655223,4.50356663267568e-23,0.000727017636843836,0.0556830359855394,1.67042969022153e-05,1.59619496582128e-28,4.29257757896318e-72,0.829385617425491,3.61052426095014e-62,5.57983045235587e-180,8
"20045",2.23178231711263e-08,7.85332704024921e-42,5.36082805715327e-07,0.0156206684167795,0.00246855304938053,8.31393118446064e-101,3.52231183176491e-121,0.981910220133211,1.17773957030163e-176,1.25845643111628e-229,8
"20048",1.36718515271103e-23,9.82314352933675e-17,1.00372174885776e-21,1.03017683875331e-07,4.67318058499618e-05,2.56286962050249e-50,3.40952389967848e-17,1.04710121119015e-42,1.92461241987589e-28,0.999953165176466,10
"20051",0.224895823781378,2.05062098338816e-27,0.0154555102271212,0.759417797483615,0.000223759282296848,1.2729864197336e-18,1.73712836663205e-26,7.10922558557008e-06,3.14250063013165e-15,3.44315476707591e-145,4
"20053",0.889712123567503,2.81609233992253e-07,7.63874493769017e-06,0.109996758927269,2.35781814897042e-08,2.32223518413045e-19,7.75881050235035e-50,0.000283173572874562,1.52029366945134e-39,6.35412870435389e-156,1
"20055",0.0586564128675145,2.16379339546979e-17,0.401820548121377,0.539516293091742,5.97976090670443e-06,2.01803871618467e-21,1.15529992322834e-80,7.66158459324762e-07,6.46876910309966e-85,0,4
"20057",4.54501536309198e-57,2.0285420617091e-44,0.000195175466862849,8.98892629841875e-25,0.999804824533137,2.2604348427677e-67,3.47019779907915e-125,2.32031527423368e-78,1.41032149810878e-179,2.35233500301592e-216,5
"20059",0.516636076351088,2.60630555090343e-08,0.00054253842419432,0.481546886036188,0.00112745808313889,6.80652449762412e-24,1.82857289275736e-66,0.000147015042335226,5.87337943303983e-55,3.30501162767134e-172,1
"20061",0.981211439534294,1.03311666196014e-08,4.20020763987662e-05,0.018727738924869,4.11819149204361e-06,3.44721755758556e-20,2.17461709821373e-41,1.46909417793383e-05,2.48663281734749e-24,8.85209690508289e-195,1
"20063",1.30074681531324e-31,5.29053559674409e-23,1.42019087118104e-35,5.45078356331382e-05,0.999945492164367,1.91700031131287e-102,2.2717426856098e-75,5.84151935930272e-23,1.60346188816787e-152,2.05108680970061e-69,5
"20065",3.35332348334067e-11,1.04425964611147e-55,0.955343492360137,0.000156666524087229,0.0233419994449039,6.94210290814307e-69,1.6354957345964e-174,0.0211578416373382,4.07089084748505e-170,0,3
"20067",0.00191642942579486,2.83313109108738e-31,0.000613323523049823,0.12436297223067,2.24812778617566e-05,4.50296877660558e-45,5.98800910186515e-52,0.873084793542623,3.52748403120731e-86,6.12240040759249e-100,8
"20069",2.67141255494245e-06,1.72487914413855e-07,5.50936594060733e-08,4.67302232681108e-05,5.56492036631613e-08,0.000514096687695407,0.999424827294848,5.59378944136092e-32,1.13704261213504e-05,2.07247348545654e-08,7
"20071",0.000676709479442024,1.4866913772269e-07,1.16682509896305e-08,0.999209538263457,0.000113591919708618,3.84506249703769e-15,1.36353322493108e-46,1.89528870223905e-19,5.22278793665726e-64,0,4
"20073",0.00253819190320176,0.00734729890393204,8.87981904881107e-09,0.987756203658754,0.000205681448798164,1.45385925143584e-14,2.00195622610693e-08,1.32952163562078e-17,0.00215259517374753,1.21703179800654e-11,4
"20075",5.39467088629176e-28,2.06154592442849e-47,0.939743003455351,5.70573007334039e-11,0.0602569964875917,6.81139439892592e-39,1.0196912294729e-91,9.28604845844308e-43,2.49016272606759e-160,6.9931178217537e-279,3
"20077",0.785356028198103,1.1337291733236e-10,1.22181013233615e-09,0.00177534249213789,1.31788796731286e-05,2.52168105325464e-19,1.32411752534397e-35,0.212855449094903,4.58543948939017e-49,2.89516994200672e-105,1
"20079",7.16159106797731e-08,6.26727326364671e-25,6.7626868952719e-11,0.957724113493602,0.04227581480768,1.08679722075036e-41,5.19024262927621e-39,1.51802585659001e-11,1.14484281835683e-37,1.12201396463664e-120,4
"20081",0.00716585829968663,8.60529379966771e-26,0.878690914305463,0.0939768571325015,2.22479292289567e-05,5.22511382063231e-30,1.03526960484227e-48,0.0201441223331195,9.78955449084838e-100,3.92717333323195e-124,3
"20083",1.96739665312378e-14,1.88058119925427e-11,2.53302588709224e-17,0.725696711370581,0.274303288610593,9.15355715387923e-30,3.4008038382478e-35,2.00474638684233e-29,2.6880174591691e-83,1.08482130243918e-114,4
"20085",1.28649814868462e-05,1.12547056546408e-37,4.30796513463949e-06,0.00517493519362257,5.16562813544449e-05,1.87525983072098e-80,4.94857690586923e-155,0.994756235578402,3.44540118125785e-173,0,8
"20088",0.234587182992211,2.61349578118057e-23,0.00104324302706398,0.00499272787401072,2.24790506488473e-07,1.18669087574856e-32,3.6604102911847e-79,0.759376621316208,2.35217729730238e-56,9.35110447998449e-288,8
"20091",2.05474585682899e-14,2.32250757448056e-43,0.999913928569453,1.04877408055127e-05,7.55836897028144e-05,3.68618026661818e-45,1.62293734953162e-64,1.75594296002885e-14,1.05940487781605e-138,5.9404897687321e-186,3
"20095",4.4985338419441e-10,0.000613232750438088,2.69018715075016e-14,0.49911536626591,0.500271400533771,2.34986973275534e-47,1.8181160137393e-32,7.48437510439289e-26,1.11470893851314e-111,2.72245756702164e-43,5
"20097",1.27248885058651e-05,5.54757523046947e-43,2.59412041643016e-05,0.0063813261705241,0.000642854677609157,5.16939015646627e-77,6.60785825596665e-147,0.992937153059197,1.28779281706899e-166,0,8
"20099",2.58654013145967e-07,0.00241641492877808,3.24512355482039e-19,0.990229690211761,0.0073530194793162,2.57158839653266e-68,3.5487212804092e-63,6.16726131171119e-07,4.91192727621498e-68,3.16902741541895e-109,4
"20102",8.30891973224619e-17,1.24937796926889e-34,0.000647788398403997,0.00401406547200218,0.995338146129594,7.96411046973328e-48,5.14992242464835e-25,1.38201534015768e-24,5.88650727716007e-71,6.58448656313122e-61,5
"20105",0.0362365174172505,5.85431288287329e-25,2.97303638921632e-05,0.602393252037064,4.69904758287523e-05,4.70591309317421e-53,1.86002561109492e-44,0.361293509705965,2.40883346916636e-38,1.91889969288455e-123,4
"20107",0.913478179636557,1.37395465476337e-12,1.1314642332817e-05,0.00232638866930078,6.49288277691972e-08,2.26730252415418e-32,2.01844757815632e-62,0.0841840521216081,1.70667937878253e-80,6.1954340714782e-192,1
"20109",0.000806913926715419,1.55984411271755e-07,4.10486783894765e-12,0.998504305286436,0.000413406980472418,5.24923554493419e-49,2.16889276302474e-30,0.000275217817859698,2.31526618282994e-27,1.35905066855551e-29,4
"20111",1.60664095770405e-19,2.64875878940079e-25,0.989924091474254,3.78042014577658e-11,0.0100759084879419,7.28695560309896e-19,7.2663542491754e-36,3.13525600994962e-45,8.89453629348714e-70,4.67635724996905e-81,3
"20113",0.570166925224798,3.37847098009815e-05,6.35672862397822e-09,0.429436202864554,0.000362947939051078,9.64538767432006e-22,9.44118513712895e-82,1.32905066849077e-07,5.22890011304084e-85,3.24209527740179e-291,1
"20115",1.7986491971447e-05,2.7306956220941e-06,0.998832693069186,9.7630801894281e-05,0.000950860164731613,9.80873314857235e-05,1.72039403304235e-32,2.00853056473099e-34,1.14451080983131e-08,5.55270847834917e-181,3
"20117",1.40915278799447e-22,8.99928927236092e-13,9.05266577024476e-07,2.82431266554763e-07,0.999998812301256,9.47487658427991e-75,1.06376783541734e-145,3.02696807528813e-32,1.94254095882524e-282,7.52557375000731e-291,5
"20119",0.00109246591278827,7.05106544047011e-06,1.04546503234829e-12,0.997828494477476,0.000829784309638944,4.85124133656283e-42,2.07886609656868e-145,0.000242204233611377,8.00688016938777e-112,0,4
"20121",0.758650909314547,8.85617589609105e-15,1.07943051864228e-05,0.00449025462450915,6.03145025461626e-07,6.90574170079759e-34,1.55059219433075e-95,0.236847438610723,8.0777285905628e-109,3.47630465064285e-288,1
"20123",2.98809860642012e-15,4.23230088518941e-50,0.998561763661459,3.74473266348981e-06,0.00143449160575646,1.07893572213157e-41,4.74781549512983e-130,1.17668014787198e-13,1.91798788210229e-139,0,3
"20125",0.00158327467635402,5.90653451990212e-08,1.58131985327445e-05,0.00107868515547029,2.09411433669599e-07,0.000106526634030879,0.0517950214172399,1.52409065705263e-22,0.945420410441593,5.75398686926034e-22,9
"20127",4.284270348566e-07,4.67387169660786e-32,1.51040538209979e-11,0.0345221964108785,0.00815532231476974,1.82422033802611e-96,1.76238947439161e-93,0.957322052832213,1.19006317186132e-121,5.98525942526392e-132,8
"20140",0.0089721675465087,1.77307361103102e-12,0.0193046449823768,0.967701331064873,0.00402185640428072,2.73601947338317e-18,4.6903416528104e-77,1.88120313761194e-13,4.86278353359071e-123,1.42246783653995e-252,4
"20142",2.23988995517634e-11,1.22732794325113e-10,1.10098396138755e-12,0.000125125501839893,5.1674920582709e-05,4.2934603087103e-14,0.0180441456136932,1.44525668066076e-36,2.00348336778347e-09,0.981779051814125,10
"20144",5.26728662316505e-06,4.88387064036426e-12,0.176232873926532,0.0214509014920326,0.00517124631615121,0.79713971085624,6.91913368327781e-16,4.38516421581379e-34,1.17536393804139e-10,3.27193943935008e-96,6
"20146",3.79876009911093e-05,4.8796512895165e-16,3.22735409392222e-07,0.919373096217675,0.0805837661836821,4.82726224118908e-06,5.32362785266373e-16,5.73829150924473e-22,2.70720963296693e-29,1.86146163059163e-62,4
"20148",0.94196678737746,1.2490710790348e-09,0.00167749917343138,0.037204832785984,2.67251549499637e-06,0.00624368164312363,6.173022495691e-16,2.19828398921911e-10,0.0129045250356057,1.22069443238125e-150,1
"20150",9.90569964507947e-08,0.0511078065186629,2.69478123731668e-09,0.00020742660009541,1.43477770377973e-05,0.000387240490034394,0.00433658522740412,4.22118070098554e-44,0.943946439653807,5.19811810397782e-08,9
"20152",0.878067392212135,3.86609041905408e-05,0.000573688913899356,0.00970172353791721,4.69970209372922e-08,0.111605467260661,2.97154300514805e-19,2.1270833324676e-08,1.29989033422972e-05,2.20933601568384e-123,1
"20154",1.4529385086055e-15,1.14260633526373e-62,0.745655267464671,0.00308427691244561,0.251224002536766,5.63810871088179e-75,9.73426224905034e-94,3.64530861157989e-05,2.01017937480437e-158,2.99598604259624e-211,3
"20156",0.0555710190330823,2.21002440602992e-10,5.20090126176899e-06,0.941973581930919,0.00245019785128308,1.21244726226987e-20,2.94129458318581e-23,6.24519217226987e-11,9.21284478045036e-62,1.34730123446519e-58,4
"20159",6.96467325593175e-06,5.10688934059234e-07,1.62070733172899e-06,0.00604397663855189,2.57506904682974e-05,0.993167443531659,0.000753733055979999,1.47559191736679e-32,1.680624618141e-15,1.38168644333605e-11,6
"20161",1.94825762628698e-10,2.27213036136576e-10,5.89142024839641e-15,0.783660604086955,0.216339395491001,1.14234687989863e-19,1.90317836556253e-19,2.34681473451905e-24,4.3840669172302e-27,3.3409170298741e-56,4
"20163",0.453069841004468,4.47697654891349e-10,0.25257335442492,0.290398511708633,0.00395829055008096,1.07905890709136e-10,1.66854119677178e-52,1.72678776093361e-09,2.95066421824858e-11,1.56727140749037e-223,1
"20165",6.54991798922323e-09,2.94433327053792e-19,2.02500089791511e-14,0.704894252169192,0.295105228417609,4.34213253298719e-62,2.3470370833961e-16,5.133567636607e-09,6.19566994781271e-42,5.07729693442037e-07,4
"20167",0.199108156706855,1.27094623319673e-06,4.82352663565284e-05,0.00227504463124874,5.77684262584671e-09,5.80128037991997e-06,0.000102247814941164,1.11276461321261e-10,0.798459237465866,1.89605259924905e-34,9
"20169",3.4936244841211e-19,9.88379985395641e-15,3.76330191124615e-19,4.1816766361525e-07,1.06014502339822e-05,2.77981738900776e-33,2.73296733117103e-09,1.88802511803493e-41,3.6788863615773e-21,0.999988977649125,10
"20171",1.54463589280486e-24,5.16450294045038e-74,0.000141755301884634,1.02287797921738e-05,0.99984800760714,9.41899784354782e-100,3.08804172855759e-105,8.31118333308998e-09,7.4086322259905e-227,1.01767895623729e-184,5
"20173",2.15926042068236e-20,1.70429143540869e-07,3.88501715064095e-31,0.00674240201930454,0.993257427551552,9.47473118384508e-81,2.62486004165392e-94,2.69943601703912e-20,3.37354182371426e-66,2.31594466740455e-162,5
"20175",0.953261841999045,0.0183645688380417,0.00206182355827709,0.0238630430569923,1.2385905155796e-06,0.00242210752235801,2.47523322496371e-05,9.04242046481352e-19,6.24102520486623e-07,5.4267291699705e-35,1
"20177",6.75473734085465e-05,0.109585154721603,2.60738044541443e-18,0.828992163496675,0.0613550965825714,2.58544624305274e-45,1.36441641772129e-67,3.78257418207879e-08,4.20892258997536e-94,5.43421071913186e-94,4
"20180",0.0198449848749853,2.24785502075377e-19,0.00102456284696148,0.0575210041101541,0.000294572804794801,1.05577499147119e-43,2.01269907498786e-164,0.921314875363104,1.10907749798592e-128,0,8
"20182",1.04990559657921e-47,9.77591716675028e-12,3.04994586635401e-17,2.67056341415882e-17,0.999999999990224,2.44744455741021e-51,2.05391483584109e-50,4.12820261734052e-90,1.51175242462584e-83,7.92549920612354e-31,5
"20184",0.000129582853203204,7.006008642851e-06,9.7429389067038e-10,0.00997027945234447,1.4297097043755e-06,4.98572913221956e-09,0.989822316042112,1.53317031987572e-21,1.40570609576574e-09,6.93785682643552e-05,7
"20187",9.78454548857383e-10,0.367475862634272,6.36789713958445e-26,0.188285217097818,0.444238919289455,7.97175672670564e-25,2.9956501559617e-52,2.31430745780331e-23,1.07585367196974e-59,1.74170701570719e-131,5
"20189",0.756025235200233,0.00489373216773095,8.10664773225884e-07,0.219463256289825,3.20506602276403e-06,1.87503917775572e-25,1.6654227064211e-65,0.0196137606114151,9.28644801228309e-18,5.11580457038506e-272,1
"20192",3.86518793588904e-14,4.95441049218325e-26,4.91081179750859e-06,1.76809135116827e-05,0.999977408273116,1.51047964092265e-61,1.8273536809245e-178,1.53617459559016e-12,6.5756346144097e-104,0,5
"20194",3.63210146955602e-13,0.0170929105520482,9.52346265044409e-22,0.150634604292438,0.832272484817697,3.37453119148521e-10,1.29361011456018e-18,9.79543024811499e-43,1.42272822384741e-40,3.51465753827123e-94,5
"20196",5.94567993398367e-08,3.25543110156673e-38,0.614662095202996,0.14644695638012,4.09482223508246e-05,2.32215078623504e-65,3.28940299390641e-111,0.238849940737734,1.63026102508979e-156,0,3
"20198",0.36210615978973,1.80162376768538e-07,0.000123433756852721,0.624881228363882,0.0128816821829407,6.94187642350891e-06,3.99654832229595e-31,3.73867794548508e-07,2.82380003819584e-29,3.85189069948269e-85,4
"20204",2.61467512749788e-05,1.90870855496124e-07,1.83565994167881e-05,0.000801779497659997,4.83846759828146e-07,6.06564865216412e-07,9.82126894471679e-06,2.77570030070709e-30,0.999142613752137,8.48086171953587e-10,9
"20207",0.000169952402915955,4.38289614340236e-35,0.00822904145516524,0.531471136504022,0.00134379155545959,2.32354321478116e-54,1.60311754470515e-52,0.458786078082438,2.86857842906502e-112,1.83480026115312e-112,4
"20209",4.95295935656499e-10,5.73496934842126e-08,0.998656865832001,3.75800534271018e-06,0.0013392478458094,7.04718573512289e-08,1.82591897788275e-70,4.62129687189284e-42,8.68769822286955e-51,4.26772705163798e-306,3
"20211",2.24667084893425e-13,1.05459143729442e-59,0.999440664659159,2.98992477073117e-05,0.000529436037052059,7.94279779899375e-37,4.05419870122689e-80,5.58572263768317e-11,2.31417684950718e-131,2.25419572151383e-297,3
"20215",0.752709886953282,5.68422408316252e-21,1.32749127777734e-07,0.19815665564672,0.00179541818974105,1.37056504985414e-24,6.7553675821925e-60,0.0473379064611289,2.22562334931206e-54,2.64326508818898e-267,1
"20218",8.18969177947557e-09,2.51159857266774e-09,7.67641633552965e-10,0.000256797397128514,8.13251240565324e-06,4.37603719682522e-13,0.00855116174076484,6.66066465757166e-34,0.000318594443155772,0.990865302437176,10
"20222",0.000494608116971355,6.39169532636511e-37,0.00737555437791631,0.951534768366626,0.0146151842682099,1.0524328480697e-43,1.81509719841481e-51,0.0259798848702762,2.37966990870597e-83,8.0548418605772e-104,4
"20225",1.75393460840679e-06,3.99510955981487e-12,3.83237199028467e-06,0.376235918745734,0.623473575289812,0.000284919653006108,2.14576224706663e-14,1.50648634876421e-32,8.32185279847927e-13,2.98437287102202e-63,5
"20229",2.17867236598275e-05,2.34398397966484e-18,9.93800459331528e-05,0.996113797800413,0.00376482016293024,2.15267063436183e-07,6.72590669496989e-48,1.37027508445752e-22,8.46743001805984e-55,0,4
"20232",0.73708381720097,2.89831828240466e-11,0.0285479117288668,0.234363617246637,4.6309409499406e-06,2.37892339794525e-18,2.39833924479018e-56,2.28535934726926e-08,2.11967548682845e-90,6.98365643430063e-140,1
"20234",6.73751155087708e-19,2.37606322212315e-45,5.77086128561466e-07,1.67637094727054e-05,0.971301215213709,3.83856204365756e-132,9.07678700624767e-227,0.0286814439906899,2.18663995263501e-269,0,5
"20238",0.548115712411707,2.25029492674918e-20,3.24507855696316e-05,0.442151911651263,0.000798923212361199,4.80171954311068e-44,1.32901411864421e-65,0.00890100193909938,2.40761461068649e-81,5.49227632197563e-182,1
"20253",0.0114102325560948,6.67028877960633e-24,4.44272594803413e-11,0.0335064084029263,0.00123041798264534,6.08046535440721e-46,5.49350669689585e-85,0.953852941013906,1.8996128871682e-102,0,8
"20255",0.0209780044206684,3.85613628516595e-10,0.00865553959072488,0.000848443029729228,9.62921804540038e-10,0.969501760629065,3.08427563337107e-07,1.6390271894141e-20,1.59425537140713e-05,3.41647441348949e-88,6
"20258",0.00451746284904903,1.59655387873322e-19,9.56999683063488e-07,0.00720947637185352,8.24197203027199e-05,5.02120794744532e-59,9.22901016366076e-94,0.988189684059112,1.47869665719553e-63,1.00843152662438e-214,8
"20269",0.031361838659848,1.13788392216217e-12,6.69144184972701e-07,0.826734147529376,0.000303456257401247,5.2150453121639e-57,9.55614859415472e-29,0.141599888408052,2.70570126414182e-21,6.98727084581763e-39,4
"20271",0.00017836947196288,2.57805821962167e-08,1.10832075173394e-12,0.602624004255417,0.252129630765429,3.01175185244281e-68,1.14365702853058e-121,0.1450679697255,1.70591302036034e-80,6.86798770617876e-274,4
"20285",1.1797461702671e-07,0.739735296181823,8.14769083044568e-16,0.258338213550462,0.00192637229309659,4.15716882913811e-20,1.23794672719051e-48,5.49733182701571e-28,5.52224343803957e-62,5.81977250906433e-121,2
"20288",0.932222229749845,1.11565514058783e-16,5.49439422475136e-06,0.0677159848543741,3.71096412870764e-05,1.68640290270376e-27,1.34108836138062e-44,1.91813602686224e-05,4.01391575902911e-67,3.1153530420311e-141,1
"20291",1.10967100940733e-05,1.83794326373257e-25,0.928622229696969,0.0713167388328065,5.22778471565149e-06,2.08151461779764e-56,1.16252289927295e-77,4.47069754153464e-05,2.02359377095155e-143,2.99487915691951e-218,3
"20295",4.42386771965365e-06,6.60596214396034e-09,2.36463193265355e-10,0.887949946379946,0.112045617327345,2.37254164724362e-53,1.14633243324789e-77,5.58256342962063e-09,2.01851006442691e-31,1.57093324382699e-190,4
"20298",0.000228016703483735,3.24964734703917e-06,6.26922103677584e-06,7.44949123655328e-05,6.06875991162658e-09,0.000709035554130182,4.85342074356499e-06,9.10397891447041e-29,0.998974074472133,1.34174354044242e-56,9
"20302",0.00636180286602344,0.116720728657859,2.91889060636013e-07,0.876875931891319,3.98403380722598e-05,2.10638732592122e-08,1.44897382612105e-08,9.99387218051577e-22,1.36880322711958e-06,8.2745803096677e-13,4
