"","V1","V2","V3","V4","V5","best$classification"
"19812",9.04905288253377e-15,0.00301289338399197,0.965794371866343,0.000298334478214925,0.0308944002714414,3
"19814",0.0129287176878883,0.000152259406888813,0.100276264185105,0.000159935595731436,0.886482823124387,5
"19816",3.32114271419463e-16,1.08270897272481e-06,0.966159535081521,0.0338393820541378,1.55367712622857e-10,3
"19818",0.000442856477068781,5.62331224749635e-06,0.980365474270807,0.00676785230158558,0.0124181936382909,3
"19820",1.97952419149733e-42,0.00018405600437163,0.970803131318663,0.0290128126769658,1.64262990955893e-49,3
"19822",2.53159838837676e-37,0.00771319948004604,0.00361259751718347,0.988674203002771,7.39800911877476e-56,4
"19824",1.11457166704129e-13,5.40404537302462e-08,0.0645654011592562,0.935434544800179,4.98499973013244e-25,4
"19826",3.52523855217916e-10,0.000702139892112411,0.706323552250064,0.0746222547252645,0.218352052780035,3
"19828",2.70134141791705e-21,8.82910970455015e-05,0.996961604453597,0.00295010444935723,1.21076065745444e-23,3
"19830",1.63645630623347e-09,0.0810979107329084,0.590251598013227,0.0408616334305986,0.28778885618681,3
"19832",2.54766478902495e-32,0.660961456744436,0.339021247475258,1.72956626166408e-05,1.17689083909014e-10,2
"19834",3.4661390305205e-17,0.000245810031119419,0.974076918418486,0.0256772715503744,2.00610966571862e-14,3
"19836",2.5802822603562e-23,0.000130665498221085,0.967490091041221,0.0323787218788033,5.21581754924686e-07,3
"19838",6.00526285023812e-07,0.000284079919884538,0.00509126797998073,1.96802918408804e-06,0.994622083544666,5
"19840",1.14034776078091e-22,0.000106707844341613,0.95751554437278,0.0423777473416373,4.41240656488713e-10,3
"19842",1.07041659472275e-11,4.80074080473274e-05,7.94653280730719e-07,0.136547047649035,0.863404150278932,5
"19844",0.749177632392492,8.39011494308887e-07,1.80058230028443e-12,0.250821528594213,6.48821572163159e-21,1
"19846",0.0999025965589017,6.47700065255534e-07,6.71221655221424e-05,0.0018982402628269,0.898131393312684,5
"19848",0.987328548907265,6.04468413300441e-06,0.000241980908990802,0.000245143796734095,0.0121782817028768,1
"19850",0.00203344159956174,0.000159391766632469,0.00435188473962262,0.00841318647873937,0.985042095415444,5
"19852",5.4794600815795e-08,5.66291537947289e-05,0.98887951837652,0.0110436464542404,2.01512208436567e-05,3
"19854",0.994867289082281,5.07354565985163e-05,0.000624551501510737,4.94539823581376e-05,0.00440796997725177,1
"19856",0.00338704353185223,7.67612080339037e-06,6.63382288363686e-06,0.996598646498763,2.56974409601321e-11,4
"19858",2.37968132929366e-05,9.83592740649267e-06,2.52897066717017e-05,0.999941077552629,2.49350061976403e-20,4
"19860",8.46247983096724e-13,0.000416281713514827,0.990035218460242,0.00891055257518352,0.000637947250213394,3
"19862",1.21705344243949e-08,2.73829888702186e-06,3.06370918196008e-05,0.00046837527630692,0.999498237162452,5
"19864",1.15712828800501e-28,8.62151346062934e-08,3.67824010166304e-14,0.999999913784829,1.94293086852481e-25,4
"19866",6.45802451541738e-25,1.66988849031694e-07,0.286551557448711,0.71344827556244,2.84764301391325e-17,4
"19868",3.39737726830851e-39,0.999999999722234,2.26941225912102e-15,2.77764136785082e-10,6.34354581919759e-40,2
"19870",2.79996848753801e-05,5.2854552359217e-06,0.0370468376425868,0.00207875366813239,0.96084112354917,5
"19873",2.02444223681258e-07,8.97995431346223e-07,0.884762498584196,0.0913952313689255,0.0238411696072232,3
"19875",4.16487890614924e-27,0.00400902293465917,0.992483199900342,0.00350777716498307,1.55252403086038e-14,3
"19877",3.59974721213778e-05,0.000190766373932335,0.907879839391084,0.00713062551730444,0.0847627712455582,3
"19879",1.90446052093536e-06,2.27910725918821e-05,0.969564548707497,0.0304107216067765,3.41526134059467e-08,3
"19881",8.93136840088451e-08,1.80872414107818e-06,0.450262221974929,0.54812825139122,0.00160762859602674,4
"19883",2.45443240921145e-09,9.48709641383501e-08,0.036921748034377,0.210950472898481,0.752127681741746,5
"19899",4.88542622552696e-21,0.0817426612565292,0.899862160826568,0.0183951770265925,8.90310283500557e-10,3
"19908",6.34066934911958e-27,0.000555791221980218,3.94030150354269e-10,0.99944420838399,4.55882332669768e-29,4
"19910",1.32718520692174e-06,7.6358160625502e-06,0.990874602607372,0.0087716552346492,0.000344779156709074,3
"19912",1.94778684317063e-08,4.08219375779023e-06,7.30785788717239e-06,0.0641892171019547,0.935799373368532,5
"19914",3.29135570019498e-09,0.000495041084916873,0.950714333862014,0.0487905249662033,9.6795510366598e-08,3
"19916",3.29262241441825e-24,7.11335174782049e-07,3.18231079753714e-06,0.999996106354028,1.02110765318499e-32,4
"19918",0.175728091498302,5.78273845738481e-08,0.0223093696078564,0.0230441399926579,0.778918341073799,5
"19920",0.993238778008172,1.50661310622497e-06,8.59769443060494e-05,0.00308200371123135,0.00359173472318495,1
"19922",2.01219055677883e-29,0.999791164392719,0.000208835327717429,2.75468522411921e-10,4.09485389635726e-12,2
"19924",0.0279781927702003,4.61836870788368e-05,0.937852828570993,0.024642811394156,0.00947998357757159,3
"19926",6.81068012232355e-27,0.0314005847962175,0.949258567881389,0.0193408473137307,8.66325667797103e-12,3
"19928",1.86938857076189e-27,5.77473865948974e-06,1.42212032561922e-21,0.999994225261341,2.95821308285033e-21,4
"19930",1.35750618198707e-07,3.96828409246736e-05,0.0505335446754102,4.09655902431194e-05,0.949385671142804,5
"19932",0.000115666383073428,4.36737110327674e-05,0.00222099041688614,3.60820552021984e-06,0.997616061283487,5
"19934",2.21593704230994e-13,5.91991489365037e-05,0.97874245325957,0.0211983475911985,7.32087010659324e-14,3
"19936",1.28251551719544e-11,0.125552207496307,0.863908602911322,0.000919748294149257,0.00961944128539653,3
"19938",1.79555942950989e-19,0.000980877453187288,0.157629721432094,0.841389401114719,4.44266311476687e-31,4
"19940",4.2093819615802e-06,2.83601094525962e-07,0.93495118427621,0.062147329498925,0.00289699324180914,3
"19942",8.44254717973507e-26,5.04508496726878e-07,4.49772115569051e-13,0.999999495490948,1.05607741654689e-13,4
"19944",4.50614017422768e-10,1.38918866289567e-05,0.951649714361053,0.0483336542437988,2.73905790569962e-06,3
"19946",0.000212132582342019,2.00653392655697e-05,0.93701437386432,0.0617296681511869,0.00102376006288502,3
"19948",2.1773226923893e-19,3.82369255974321e-09,1.93956105825395e-12,0.999999990992122,5.1822460886115e-09,4
"19950",0.998546160479325,2.89128925613716e-06,5.5359806274126e-09,0.0014509388827622,3.8126757691624e-09,1
"19952",2.1773226923893e-19,3.82369255974321e-09,1.93956105825395e-12,0.999999990992122,5.1822460886115e-09,4
"19954",3.07854847569966e-05,1.21285638085115e-05,0.0108251527124203,2.07821665496768e-05,0.989111151072464,5
"19956",2.20896539789038e-06,0.316608421224324,9.32543322127498e-09,0.683196257691229,0.000193102793616006,4
"19958",1.0812465844029e-33,0.999999999994956,5.33235032917665e-14,4.99053919646659e-12,1.82334458001808e-30,2
"19962",7.53686168128099e-06,0.00176907924635935,0.0739819769719305,0.924241388531964,1.83880651156444e-08,4
"19964",2.28215413923705e-07,6.22127597403492e-05,0.873123439484453,0.126806210563929,7.90897646317405e-06,3
"19966",2.53450624646814e-40,3.64920764027374e-05,0.140028197874439,0.859935310049159,5.05530837388771e-35,4
"19969",1.53580985690411e-13,1.27336406194549e-05,0.271941811197678,0.0838679840371689,0.64417747112438,5
"19972",0.0731611493780939,4.78282682258413e-06,0.00629918365637724,0.870531721963293,0.0500031621754134,4
"19974",0.961706016661392,7.18583333024477e-08,1.45470299480414e-09,0.0201899680253855,0.0181039420001861,1
"19976",0.0105805954104199,2.65815532038082e-05,0.90482761993213,0.060140587192859,0.0244246159113877,3
"19978",1.56225164365283e-10,2.91615124029164e-06,0.983771642535664,0.0162243422209559,1.09893591488831e-06,3
"19980",0.953917698993486,8.79446928572206e-06,8.82113786315971e-05,8.47356939632148e-05,0.045900559464634,1
"19982",0.850895973586701,0.0765455136483504,0.00848800604969225,0.0634158754607825,0.000654631254473375,1
"19984",0.956962076314893,1.09390929061223e-07,3.19639541814084e-08,0.043037782317657,1.25662417849102e-11,1
"19986",2.4388963261968e-36,0.000149626306306785,0.763465970260841,0.236384403432852,2.42935484236219e-38,3
"19988",2.89401497543678e-46,0.00496655444646759,0.886601888804362,0.10843155674917,3.28820548383184e-54,3
"19992",9.14957832725398e-29,0.00231829219838555,0.902312324797687,0.095369383003927,7.05010415290704e-37,3
"19994",1.37427729774919e-08,0.000237759468904729,0.0779262528941924,1.4897123966008e-05,0.921821076770164,5
"19996",1.88639257699086e-25,4.83296031114031e-05,0.987699417204124,0.0122522531927643,2.11844752201876e-32,3
"19998",1.0659047581645e-15,4.34589427476437e-07,9.74508734793946e-05,0.999902114506956,3.01362287869527e-11,4
"20000",7.25800210780703e-20,0.998431598366382,0.000193511360813957,0.00116452593133284,0.000210364341470828,2
"20003",2.60354407261802e-18,0.0013815307811433,0.984704584831846,0.000622298432539598,0.0132915859544706,3
"20005",0.999268609059922,2.76715337259471e-06,2.45141918598185e-05,0.000607353188619946,9.67564062257134e-05,1
"20007",1.00317012339354e-13,0.000234729712147943,0.971402339503312,0.0283629297821766,1.00226287597073e-09,3
"20009",1.22740062788426e-19,9.47878808480586e-07,0.00321115101166265,0.996787901109529,3.68697889196969e-33,4
"20011",0.0143545138112107,2.88303840442702e-06,0.180396563094583,0.791071256538957,0.0141747835168443,4
"20013",0.329275684479609,0.000155718352729029,0.163166375384315,0.0103056379031317,0.497096583880216,5
"20016",1.15101923875756e-26,2.72606207177412e-05,0.0196659809569523,0.98030675842233,3.97753157789933e-44,4
"20018",2.45508483855259e-81,0.999998073504137,7.46502345924746e-12,1.92648839753486e-06,2.17656446525366e-85,2
"20021",2.73940846986005e-28,0.000229482961894683,0.996184855226229,0.00358566181169589,1.80934004510536e-13,3
"20023",2.05223894520601e-10,0.000843794954442017,0.893574682606735,0.105581521526359,7.07240373108122e-10,3
"20025",6.66189262144717e-64,0.998446183388542,0.000149373388722056,0.00140444322273651,1.54679595244755e-51,2
"20027",3.24586213724569e-14,0.000149631513541755,0.00265731566005769,0.0108884429229762,0.986304609903392,5
"20029",1.14827110411147e-08,9.88626741874806e-07,0.00872996454395707,0.160740062723794,0.830528972622796,5
"20032",3.27859385946905e-10,2.25234480154315e-05,0.00252968620542445,4.05706247413434e-05,0.997407219393959,5
"20034",1.5486222319697e-19,4.74860161984349e-07,3.99168735264432e-09,0.999998135144584,1.38600356637142e-06,4
"20036",8.16153570129919e-09,0.0474136755941298,0.00651773502047183,0.946068299793756,2.81430106273154e-07,4
"20038",2.93547540909228e-39,0.0101732140409113,0.987966708608919,0.00186007735016934,3.65311203466764e-26,3
"20040",7.5892478598625e-38,0.000719976140911411,7.80284113621807e-06,0.999272221017952,6.02361324905748e-56,4
"20043",2.10744970267537e-22,0.0021597640085435,0.99578796794255,0.00205226804890619,2.551027298709e-16,3
"20045",1.39594720522706e-36,0.0703147010905925,0.605224093072173,0.324461205837235,1.39014733174971e-55,3
"20048",0.991386090173448,1.40204540190991e-06,4.22940462249915e-13,0.00861250777992301,8.0430958352307e-13,1
"20051",1.34329357172454e-13,0.0221286380973948,0.971275991638377,0.006595317313763,5.2950331077025e-08,3
"20053",4.88976120262781e-09,7.00374519208803e-07,0.50688656624351,0.493112728492097,1.1198783021609e-13,3
"20055",1.6793720957398e-46,0.201822907544109,0.797965970776532,0.000211121679358543,4.50274019219097e-22,3
"20057",3.8391063026407e-47,0.99999999999957,3.55213584498713e-28,4.30074168678586e-13,1.93709255175114e-46,2
"20059",4.22585021193104e-18,0.0198727890798902,0.553033791054959,0.427093419865151,2.70564682712566e-16,3
"20061",4.05759233933959e-17,0.000187196069624029,0.924658786390414,0.0751540173758246,1.64137001465892e-10,3
"20063",8.12155167958296e-13,0.000111472643773713,1.01065993988132e-15,0.999888527355413,1.48777766632886e-46,4
"20065",1.62083177230877e-74,0.996646151208189,0.00335359381052828,2.54981283370767e-07,8.89133120135906e-50,2
"20067",1.95572767265843e-13,0.00525644908464555,0.711713899671636,0.283029651243523,1.99409074167757e-26,3
"20069",0.991723860341033,1.15024828437321e-05,4.28131198351335e-05,5.99043336545036e-05,0.00816191972263332,1
"20071",6.17962443704379e-22,0.00107412062302796,0.0142287868730513,0.984697092503914,7.09262048758584e-15,4
"20073",0.860278747810347,3.14419904656326e-07,0.00164405713221197,0.137876540619666,0.000200340017869897,1
"20075",3.81082941772488e-49,0.999999999994064,5.40327184206172e-12,5.32371485169441e-13,1.57829077561449e-32,2
"20077",9.09443340471938e-12,0.000176912416002083,0.91342091882171,0.0864021687529297,2.63813038027539e-13,3
"20079",9.77831712721831e-10,6.51810740489611e-05,0.0073279079067468,0.992606910041371,1.06205342660826e-15,4
"20081",5.99633288256987e-22,0.397407353056723,0.602503581813969,8.90651293076126e-05,6.882905997212e-20,3
"20083",4.36486108630037e-09,0.000128021782779943,8.02563344221366e-09,0.999871965826725,7.13488326673674e-20,4
"20085",1.19455451333015e-50,0.00472980263200096,0.972938853962028,0.0223313434059707,2.10759561894164e-51,3
"20088",1.68362613672154e-26,0.000626470525834852,0.98549432487794,0.0138792045962249,2.58302636421923e-22,3
"20091",4.17191725163987e-33,0.999996834901833,3.14444471324636e-06,2.06534539178717e-08,4.58143952044317e-34,2
"20095",1.65885096643419e-08,2.31564247501038e-06,2.4421299676806e-07,0.999997423556019,6.62016452027317e-24,4
"20097",2.03753748334187e-53,0.0874910725166065,0.900060505420417,0.0124484220629768,3.94947623161828e-51,3
"20099",3.92562119273435e-13,7.36526935819271e-12,0.00255574082591319,0.997444259166329,5.32058326638282e-23,4
"20102",1.60983834803586e-08,0.94216163459432,1.99180948806022e-08,0.0578383293892019,1.47885229284837e-23,2
"20105",8.85676616179696e-18,4.47176093103771e-06,0.970389025428203,0.0296065028108659,2.77414906709732e-20,3
"20107",5.10377647200217e-22,6.78622862727343e-05,0.965314586112886,0.0346175516008414,3.66601961525088e-22,3
"20109",7.33960905697706e-05,2.10597305406716e-08,0.195505970965217,0.80442061188444,4.21503103738143e-14,4
"20111",1.5180206456715e-20,0.999999999633216,3.56256044016819e-10,1.04700272272352e-11,5.79542790804471e-14,2
"20113",3.41921098777039e-28,0.000551049917565826,0.675449680428376,0.323999269654058,5.30064327392581e-16,3
"20115",1.70116928590781e-14,0.695299098071644,0.00847544046329358,0.00191371829275312,0.294311743172293,2
"20117",6.88292435965731e-52,0.993315915290618,8.02370813994557e-10,0.00668408390701124,4.28571739092715e-44,2
"20119",6.60259650305098e-41,1.15875221693623e-06,0.0635951047569577,0.936403736490825,1.76349151293942e-28,4
"20121",1.41255686272238e-28,0.000714357366405215,0.924699493456389,0.0745861491772057,1.07726602956583e-26,3
"20123",4.47512297247162e-55,0.999995086035898,4.87246345151401e-06,4.15006504613035e-08,3.77122252033699e-39,2
"20125",0.000293594949128085,0.000240671875564809,0.00326822438687708,0.000240259163504563,0.995957249624925,5
"20127",1.09041873876073e-30,0.00133687877152902,0.950953412276014,0.047709708952457,2.15806285920793e-44,3
"20140",7.17344431827377e-36,0.817806149514036,0.181506848964264,0.000687001521699874,1.16102048156835e-16,2
"20142",0.998936152835015,2.39874443651902e-05,3.16664733591413e-08,0.000904213636896901,0.00013561441724905,1
"20144",1.81251629962521e-11,0.986212379237571,0.000779087364396088,0.00015924681705856,0.0128492865628488,2
"20146",0.000297631239651045,0.534567796056863,0.00355659541378047,0.461569112595039,8.86469466640353e-06,2
"20148",4.75570160197471e-12,0.00531532098240497,0.794705689224204,0.00253529922462984,0.197443690564005,3
"20150",0.58483407421125,1.27624901633907e-06,2.43899606428048e-06,0.00245050201288827,0.412711708530781,1
"20152",1.67719942749982e-08,0.00147753383069035,0.88836389217465,0.0070354076844617,0.103123149538204,3
"20154",3.48035553346161e-36,0.999945938761776,4.23319072340461e-05,1.17293309902271e-05,2.28501782959557e-47,2
"20156",8.80542131204179e-08,0.0502663700439069,0.0949122959783002,0.854821245923437,1.42822927731465e-13,4
"20159",0.997759088068561,0.000727506196896522,3.88297375794398e-05,0.00147449942549467,7.65714686853123e-08,1
"20161",0.00208612067964079,0.00280476784475495,3.32300366688199e-07,0.995108778986823,1.88414594162558e-10,4
"20163",1.37182824986939e-26,0.12489294116656,0.874628589018249,0.000441006651536682,3.74631636553036e-05,3
"20165",0.00938778843751409,2.63287909241048e-05,0.000719733143148555,0.989866149628413,2.86247209602401e-18,4
"20167",0.00125326378751742,9.24041227839634e-06,0.147305973650127,0.000913759000948227,0.850517763149129,5
"20169",0.998503335617927,2.10394663983191e-06,1.20783548848135e-11,0.00149455737831155,3.04504353058151e-09,1
"20171",6.15075616954703e-40,0.999982281747556,9.51111477344753e-09,1.77087413295695e-05,1.23367271793021e-60,2
"20173",1.55384122896122e-14,2.16955928975022e-08,4.94252127104897e-11,0.999999978254966,3.54261745538585e-29,4
"20175",0.00225823665870595,0.00161843963532063,0.694803798962461,0.0129033579128717,0.288416166830641,3
"20177",2.57965372501637e-17,4.65508193874794e-06,0.0118812877328149,0.988114057185246,1.15558626906478e-20,4
"20180",4.51389255711782e-53,0.0138905634862742,0.972004635617277,0.0141048008964485,8.86345821823625e-31,3
"20182",4.39992842820669e-07,0.745090112030107,2.26090839368637e-24,0.25490944797705,2.16833221135103e-20,2
"20184",0.993494782890978,4.14823334893765e-06,0.000228745486794987,0.00597265845724308,0.000299664931634688,1
"20187",3.06545523528103e-11,3.15102981351407e-05,1.25891031351825e-06,0.999967230758068,2.82908014614961e-12,4
"20189",4.1514832091718e-21,6.18424702711913e-08,0.88214560472787,0.117854333412817,1.68428457318626e-11,3
"20192",1.74665907528092e-50,0.940215477954528,2.2567280243474e-05,0.0597619547652284,2.20559405471314e-32,2
"20194",1.4909148400242e-05,4.43394951202903e-05,1.29391927253224e-08,0.999938868430838,1.86998644891067e-06,4
"20196",5.62077990537745e-41,0.317569768761039,0.677597276460788,0.00483295477817261,1.21883218202398e-39,3
"20198",1.23946495088507e-11,0.357328265833565,0.560943299003585,0.0817033542688752,2.50808815804434e-05,3
"20204",0.147953335353079,0.000129925504432545,0.000365926557141659,0.00042817727705457,0.851122635308292,5
"20207",6.79235224682399e-22,0.426034452047777,0.543664082705841,0.0303014652463811,4.78321942209609e-34,3
"20209",6.91053719816598e-39,0.999955854454254,4.32795881201844e-05,8.65376504512176e-07,5.81121657899189e-10,2
"20211",1.7517220212624e-40,0.999912603509541,8.73920733142699e-05,4.41714512088418e-09,8.62117489150833e-30,2
"20215",2.07773391045712e-25,0.00181997984285419,0.965641225664852,0.0325387944922934,1.6029242941309e-17,3
"20218",0.994211813177594,4.25636492549987e-06,7.41935466563489e-07,0.000373549371027575,0.00540963915098693,1
"20222",6.69630222030779e-23,0.216045870991809,0.783706502030636,0.000247626977555181,3.50544046931038e-23,3
"20225",2.78092522755593e-11,0.989470648155429,0.000199089083659917,0.00314384725383098,0.00718641547927033,2
"20229",2.97400935450873e-26,0.850888767965908,0.024103505643816,0.125007726327309,6.29673884530272e-11,2
"20232",3.31053463518881e-18,0.0348892794763286,0.955783096113761,0.00932762440946621,4.43816485735567e-13,3
"20234",2.64388127630431e-76,0.99898941254305,0.000152447088808549,0.000858140368141734,6.80463226803109e-73,2
"20238",1.27722727059973e-21,0.00135622949886845,0.78979147295436,0.208852297546771,7.0991678347719e-25,3
"20253",4.27715329873988e-33,0.00357554770335881,0.831276884037563,0.165147568259079,8.46231957429406e-33,3
"20255",6.38069457121496e-08,0.00247017494422398,0.0384330042125188,1.8356066535203e-06,0.959094921429658,5
"20258",3.80333983806142e-34,0.00021227130618482,0.993349021275359,0.00643870741845641,5.34311641417056e-28,3
"20269",9.16408657485548e-10,2.90993212058849e-06,0.911302777182303,0.0886943119691653,3.03997271123981e-15,3
"20271",3.70668573634204e-41,6.23344699898442e-05,0.368150850626501,0.631786814903509,8.9950012144276e-31,4
"20285",5.97649567909042e-14,1.64614182669067e-05,4.19117362012998e-05,0.999941626839864,5.60821074192695e-12,4
"20288",9.46553528070518e-21,0.00244982015889114,0.967587034236263,0.0299631456048454,1.33963096622697e-17,3
"20291",2.23772868854142e-30,0.784065252107275,0.194569908577084,0.0213648393156411,6.49460855935142e-38,2
"20295",3.23251116088779e-18,9.6433527067618e-07,0.0034339771717817,0.996565058492948,4.1204856330265e-17,4
"20298",2.92954835240168e-07,8.81185721432948e-05,0.0038117962675515,5.16155932079315e-05,0.996048176612262,5
"20302",0.748129804928817,1.21989223788105e-05,0.00409688431048492,0.247380707714051,0.000380404124268583,1
"20305",8.73530623742708e-12,8.19754336637046e-05,0.00220708302585905,0.000182011160685838,0.997528930371056,5
"20307",1.92483417836688e-29,0.00133019227114033,0.974979184314469,0.023690623414391,2.25702144616447e-33,3
"20310",8.03864906925178e-51,0.021625654681692,0.191116832778169,0.787257512540139,3.88823535163043e-60,4
"20313",0.959173787015534,1.11181652792032e-06,2.33063909329612e-11,0.04082510111676,2.7871139531962e-11,1
"20315",5.43536776512998e-29,7.33010934494586e-05,0.98482007785564,0.01510662105091,7.99298548488908e-28,3
"20319",3.18624764648108e-50,0.954823631355435,0.0443644540549077,0.000811914589657614,1.21288450719789e-38,2
"20321",1.53944879316751e-28,0.00061579717983559,0.767362639085757,0.232021563734407,9.71459614573656e-32,3
"20327",4.74138715640989e-29,1.09663731608328e-06,0.951837683039832,0.0481612203228524,2.47476316346985e-30,3
"20329",3.21868177598197e-08,9.01701968173916e-08,7.46679722989932e-12,0.999999046943029,8.3069248969611e-07,4
"20335",1.62957385685325e-30,0.30122151684004,0.689009767830143,0.00976871532981748,1.81746233901932e-41,3
"20337",0.999822678915975,2.4730089412525e-05,6.20632553878467e-05,3.85349177518203e-05,5.19928214727295e-05,1
"20339",1.08039054557186e-47,0.999827112237206,5.82116399066398e-07,0.000172305646394946,8.85359033050011e-23,2
"20341",1.7661246146559e-23,0.999296427313608,5.73428427991656e-07,0.000702999257964307,5.16832785942275e-44,2
"20343",8.62238129985727e-24,0.00673668558563587,0.014803437292864,0.9784598771215,1.47658744270776e-44,4
"20345",7.43763651326692e-20,0.00113839309140567,0.976964887729704,0.0195509178023161,0.00234580137657397,3
"20350",2.42054993112104e-20,0.966138644447881,5.10886322864441e-06,0.0338562466888902,6.62801501576185e-25,2
"20352",0.998398112460261,3.53653063105942e-07,1.36592943448014e-09,0.00160152392566186,8.59508430860766e-09,1
"20355",0.00902753262830969,0.0019725027477972,4.40825910340575e-05,0.988955882019441,1.34182511877063e-11,4
"20358",2.60778923454134e-07,2.28063621975882e-08,1.57789090905224e-09,0.998174329649993,0.0018253851868309,4
"20363",2.92077084479759e-25,4.66935156626379e-05,0.947869588597788,0.0520837178865498,7.00617496314209e-25,3
"20365",8.89542196174367e-31,0.737604772096198,0.262391998595583,3.22930821969389e-06,6.30925517122223e-20,2
"20379",2.01568910091413e-06,0.770494478608263,0.174423711831466,0.000253741246774748,0.054826052624396,2
"20387",2.70888393416243e-23,0.00168542242744503,0.993288973836472,0.00502560373608325,2.5541495069023e-20,3
"20392",4.75542223919185e-53,0.999933034035144,6.69649428802495e-05,1.02197537971307e-09,9.54558212835149e-36,2
"20395",3.89357944480184e-05,0.0280938288839406,0.758955539191359,0.0122288589972612,0.200682837132991,3
"20397",3.19333752290318e-06,2.3451009187604e-09,1.26907124197433e-21,0.999996804317359,1.71127165201826e-14,4
"20410",9.71111758235625e-36,0.00016520321697393,0.990118901822783,0.00971589496024188,1.1707772805683e-15,3
"20414",0.0159697665258912,0.000150129361513898,0.100610747424654,0.0444165229441325,0.838852833743809,5
"20417",2.8000113478184e-95,0.999588964969976,2.04825803263177e-13,0.00041103502981894,2.93219048665305e-95,2
"20419",2.28140501318547e-28,2.04129803940544e-08,0.888090072228185,0.111909907358835,1.04075087749596e-35,3
"20421",0.000915096242219427,0.968454047922695,0.00945083799305118,0.0211783807169298,1.63712510485415e-06,2
"20423",0.117520769931485,0.00831853546955157,0.00870024913107771,0.000606429212748557,0.864854016255137,5
"20425",0.570714473346381,0.0544794263481725,0.133602988012365,0.105524223030596,0.135678889262485,1
"20427",5.3525698515207e-16,0.000662577642131119,0.987299981473083,0.0117818975309746,0.000255543353810628,3
"20429",6.75005152989822e-25,0.000167429354943284,0.000140006814245045,0.999692563830812,2.74135646819843e-38,4
"20432",0.0695075590983215,7.31951618123033e-05,0.000285748388091871,0.148522788017159,0.781610709334615,5
"20435",1.05653518658469e-23,0.163419886410214,0.81280801512308,0.0237720965288882,1.93781829664854e-09,3
"20438",2.57009234688719e-14,5.36728632225846e-05,0.405212775740458,0.594733551396293,9.15262426539414e-24,4
"20440",6.59217640419231e-21,1.00156495170855e-06,0.922709719069402,0.0772892793656459,5.14909542889564e-32,3
"20443",0.383681857574709,0.00125667645888553,7.05545293000256e-07,0.615060760421019,9.37112957025807e-14,4
"20446",6.7103431157167e-13,6.70809128858975e-05,0.589400653063839,0.410532265982535,4.00689155144781e-11,3
"20449",3.56691143470641e-20,0.00295406825621736,0.942352187888457,0.054693743854149,1.17666062237712e-12,3
"20537",1.46844347260967e-22,0.560671634867687,0.409343055940856,0.0299853091914569,3.33559791595359e-24,2
"20540",4.11249100398183e-58,0.999996674090055,3.32422446727027e-06,1.68547737711833e-09,1.4528640142112e-44,2
"20543",8.5550860922556e-11,0.000193313002278964,0.983407763128649,0.0163989013462464,2.24372744296712e-08,3
"20545",1.94483465959651e-39,0.999994597206068,5.40248264464042e-06,3.11287644719971e-10,4.42466157560268e-33,2
"20549",0.00605788358579705,0.00572349630393295,0.974530498384115,0.00116826104400687,0.0125198606821476,3
"20551",2.60878456488971e-09,0.000928564676136453,0.982802279179407,0.0162691535129407,2.27312959202821e-11,3
"20554",3.14433975653835e-15,1.94011107852536e-05,0.994396438954064,0.00558415993514557,2.21516304593019e-15,3
"20556",1.62009171153062e-14,0.263561355929018,0.736042434362307,0.000396208979502603,7.29155716392016e-10,3
"20558",4.55074105467891e-25,0.000642285724332987,0.995203487134619,0.00415422714104808,1.03283843844019e-27,3
"20560",3.90415519059921e-07,3.4274510803921e-06,0.928021891176302,0.0719742909272907,2.98079965419806e-11,3
"20563",1.47546715404345e-31,0.00240954299231301,0.949374141738839,0.0482163152688479,1.90271079358804e-41,3
"20565",2.05172156541177e-10,0.00803079662413776,0.958673624254527,0.0332955789160117,1.51417263476165e-13,3
"20567",0.928702835393925,0.000854659481157981,0.000214717278404494,0.0426912343681607,0.0275365534783526,1
"20571",1.35273239564562e-36,0.518283182684642,0.00596905120168459,0.475747766113673,9.45008176951731e-37,2
"20573",1.88897892359591e-09,0.000300884100421559,0.93620915373054,0.0634899602794462,6.13968407706353e-13,3
"20575",2.03542425960493e-30,1.75585690184521e-07,0.696405782707675,0.303594041706635,1.78844565707716e-35,3
"20577",1.05797150949092e-16,0.000195670045457494,0.972658877241116,0.0271454127106759,4.00027503915392e-08,3
"20579",0.833356478994658,5.76964803896364e-09,1.55230553221431e-14,0.166643506816642,8.41903650213375e-09,1
"20582",3.50029963521603e-38,0.000115281560736267,0.984189894224984,0.0156948242142797,3.48498415838629e-41,3
"20585",1.47472076530121e-33,0.846280296060529,0.153718545870456,1.15806901458792e-06,3.99376361694982e-16,2
"20588",1.55818193493384e-23,0.99994305752907,5.08976002973236e-05,6.04487063239679e-06,1.69151262978851e-22,2
"20590",0.989867994472067,6.80683903191869e-09,9.08198728423089e-11,0.00965161536347002,0.000480383266803537,1
"20592",8.14732184707266e-25,2.00793795806865e-05,0.928683465788304,0.0712964548321157,1.31207229889125e-40,3
"20594",5.56946903702534e-44,0.000100653303725882,0.989075730360533,0.0108236163357413,4.96224574871577e-40,3
"20596",3.83854740127011e-12,3.03564725256453e-07,0.917288714041873,0.0827109823895608,2.68822763505645e-15,3
"20598",1.48803969800421e-13,0.000406614947966073,0.985984270917248,0.0136091140938594,4.07772335599883e-11,3
"20600",1.89944246339976e-11,0.679632612817338,0.319326033055762,0.00104135360131122,5.06594100639234e-10,2
"20603",1.62715833304009e-05,0.793745874178352,0.0392622235460683,0.000631413889800825,0.166344216802448,2
"20605",3.50817104813717e-33,0.00244292573627878,0.985904076404844,0.0116529978588771,5.17936836099645e-25,3
"20607",4.26888682881179e-21,3.63889748075098e-05,0.975858001338445,0.0241056096867479,1.73233849435245e-17,3
"20609",1.64491333113401e-17,0.000124293685108358,0.99741681922171,0.00245888709308183,9.99133694355681e-14,3
"20611",2.6967363488481e-05,1.59677671705764e-05,0.00072857131731538,0.000556507180925657,0.9986719863711,5
"20613",1.57314043889305e-19,0.00140552525260086,0.998247308881864,0.000341377246672,5.78861886290848e-06,3
"20615",4.35977023094073e-08,0.0250667011857961,0.973119859771053,0.00181215772064861,1.23772479967417e-06,3
"20617",0.986025700401318,4.44979566192221e-05,4.02326364789239e-08,0.0139297608485518,5.6087428104037e-10,1
"20619",1.26301080861092e-22,6.21330117140348e-06,0.833838965605566,0.166154821093262,5.18867089398581e-35,3
"20621",6.68355528036903e-14,0.0025056979779804,0.894310049330405,0.103184252690962,5.85045684230734e-13,3
"20623",0.348082672245935,1.16074051290954e-06,0.000184706571981142,0.651731402811082,5.76304893572486e-08,4
"20625",2.03987798269579e-08,0.996005559373654,0.00259916158422066,0.000145128751592835,0.00125012989175288,2
"20627",3.8524944631837e-17,0.00018398113874569,0.982561260781699,0.0172546236923847,1.34387170378903e-07,3
"20629",8.7956935158544e-10,0.00200424531035573,0.983283215488076,0.0147125378794985,4.42500416872278e-10,3
"20631",2.26207872944283e-26,3.89376824479106e-05,0.706327018990955,0.293634043326597,6.32274847834856e-40,3
"20633",0.993153191067996,2.06666130950138e-08,3.02407818237556e-14,0.00684678824319904,2.21619908607585e-11,1
"20636",3.46896947253539e-05,0.0128595962159474,0.0253265748961776,0.956248895634189,0.00553024355896045,4
"20638",1.71631245145293e-28,0.442788381843443,0.460982158966574,0.096229457789241,1.4007422838662e-09,3
"20640",9.74961963068639e-39,0.243967891080904,0.755980532206333,5.15767127635294e-05,1.76616551204579e-22,3
"20645",3.12820376808491e-46,0.0111218181609493,0.981956737543228,0.00692144429582225,4.71205937890549e-45,3
"20647",0.972996933763848,7.2370951453864e-06,1.04668413485186e-12,0.0269958291399594,1.46544723805517e-16,1
"20649",9.63245910842561e-21,0.0921178710458093,0.907413821261756,0.000468307692412202,2.29718307179891e-14,3
"20651",3.66973690398487e-33,2.68169139314304e-06,0.00016839728553174,0.999828921023075,6.65537116584723e-56,4
"20656",2.34655707456291e-36,0.726517720788735,0.273199892599013,0.000282386612251806,3.41356314951819e-30,2
"20660",1.25147732107002e-47,0.999991774126231,7.20709807386918e-06,1.01877569543786e-06,4.40534417473937e-29,2
"20662",0.0317486991038421,2.24259218644593e-08,1.1346761487282e-07,0.968251159699197,5.30342445853526e-09,4
"20664",2.00570254363193e-12,6.64573096759763e-08,0.00453145635838618,0.995468477182298,2.88356011015413e-23,4
"20666",5.73448584477305e-27,0.998969083893798,0.00100266781358714,6.32459586464795e-09,2.82419680191278e-05,2
"20668",0.000871860026739576,2.84761780082758e-07,0.000567557860569991,0.00089538505459361,0.997664912296317,5
"20670",3.17054527677304e-39,1.29062494126523e-06,0.0541125359552897,0.945886173419769,6.33503084831547e-31,4
"20672",0.398834885627631,0.000227803438680233,0.000506485889016873,0.00016997472422698,0.600260850320445,5
"20674",8.50848960676391e-14,4.55671745608178e-06,0.902376972644538,0.0976184701995973,4.38323697787712e-10,3
"20676",6.98806678054263e-05,0.000654448044350832,3.54561269691919e-09,0.794327407382789,0.204948260359442,4
"20678",0.00101186576694901,6.38374464025986e-08,6.63997610934692e-11,0.721208131372759,0.277779938956446,4
"20680",0.0242698285395705,0.000105063749961665,0.056692714954443,0.0022369663665176,0.916695426389507,5
"20682",4.29063751094043e-10,0.000169210169039899,0.333057999058433,0.551181353493909,0.115591436849554,4
"20684",6.48186123230814e-31,3.67311188826083e-05,0.0294365034951844,0.970526765385931,1.58239860232251e-15,4
"20686",0.999398760182227,1.34119307635421e-06,7.41417391054064e-07,0.000175498176124169,0.000423659031181061,1
"20688",0.0034832496854433,5.83094818104281e-08,1.5423935244871e-15,0.996509018545466,7.67345960724557e-06,4
"20690",1.69807365417676e-47,0.99567208717386,0.00431921410372211,8.6987224176248e-06,2.49346731967412e-26,2
"20692",0.976480706278407,1.80889628828595e-09,6.41294028120683e-17,0.0235192903293909,1.58330565252553e-09,1
"20694",1.49940835990096e-06,3.99593709520453e-05,0.00124928504804336,0.000114855555653027,0.998594400616992,5
"20696",2.14239405882652e-05,1.21196148898702e-05,0.0948378840219746,0.105674987244549,0.799453585177999,5
"20698",9.91006746752381e-13,0.078333537132637,0.648784386350262,0.272882076515986,1.24115701973226e-13,3
"20700",2.22767750546846e-12,2.30722987109765e-05,0.00209096490116641,0.997885962797895,3.95596532086913e-25,4
"20702",1.81417397941204e-51,0.98680072792005,0.0131450099930302,5.42620869193887e-05,1.39655846448289e-41,2
"20704",2.12024305244077e-14,0.000749820972437428,0.995268324185236,0.003981849629549,5.21275574281667e-09,3
"20706",1.79095475773637e-12,0.000167406470373062,0.00026161930953596,0.999570974217284,1.01632876196757e-12,4
"20708",7.1722892720682e-08,2.64066981715465e-07,1.95477920207514e-07,0.106272542418187,0.893726926314019,5
"20710",1.21744211499062e-31,0.528272095970833,0.471636176616923,9.17274122400792e-05,4.2378874382257e-15,2
"20714",0.925387771521656,7.42954156711227e-07,1.98485157875948e-05,0.0745840483081369,7.58870026281028e-06,1
"20716",9.78236019977557e-24,0.000131334580744749,0.933401559893121,0.06646710552613,4.25579772181537e-15,3
"20719",3.60575172587343e-21,2.39228002434937e-05,0.00555398612182135,0.994422091074968,2.96667486773882e-12,4
"20721",1.07474660707315e-27,3.36759937455617e-05,0.857264888552587,0.142701435453667,5.94816873990886e-43,3
"20723",1.2897959559027e-29,7.33244906299705e-07,3.01774220466016e-06,0.999996249012889,5.20769702562232e-22,4
"20725",1.99350473507921e-08,0.000297656603593985,0.0343753749229542,4.90611080775187e-06,0.965322042427597,5
"20727",0.000242705857129162,0.500595656614127,7.93047422190914e-13,0.499161637391759,1.36191915246525e-10,2
"20729",2.30601707563412e-11,6.47180601359092e-06,0.000118251333024271,4.89985020949893e-05,0.999826278335807,5
"20731",1.66387993915108e-10,0.000453741048740865,0.00347783918695094,1.06770718660075e-06,0.996067351890734,5
"20733",1.48879755263533e-25,0.0283834779883417,0.911243851803603,0.060372669809257,3.98797757626968e-10,3
"20735",2.96724412367339e-18,0.0120556509225999,0.987201766216913,0.000734961907025832,7.62095346143025e-06,3
"20737",5.43667557738936e-05,2.77550478338083e-08,1.9762676022496e-06,0.00525553150880916,0.994688097712767,5
"20739",0.99650355220841,1.04100954353928e-06,1.34970131092765e-13,0.00349534120630372,6.55756074638215e-08,1
"20741",0.00108362628194182,0.000163866826975956,0.220675475411312,0.00134779751385012,0.77672923396592,5
"20743",5.5726355019662e-07,0.000531537095994107,0.556165152188254,0.053183913732851,0.39011883971935,3
"20745",2.48982225732469e-32,0.0010587056705766,0.972718729247465,0.0262225650819585,4.87938157658904e-36,3
"20747",1.75463117002136e-05,0.000145001882948578,0.000291949838926861,0.000682752342674811,0.998862749623749,5
"20749",0.000949505887750281,0.00092576952436515,0.000486963667217716,0.000957615845319881,0.996680145075347,5
"20751",2.37693857418094e-20,0.964106377233759,0.00178212278329796,2.10560532604927e-05,0.0340904439296825,2
"20753",6.86788033697295e-15,0.000383369426440868,0.0161590849247461,0.000745876278969091,0.982711669369837,5
"20755",5.96424642170908e-12,9.77902066744439e-08,1.62023740108083e-11,0.99968102110455,0.000318881083076858,4
"20757",6.81081355666449e-10,1.4023086918645e-07,6.17564044509695e-08,0.999999797331637,8.35508704849987e-15,4
"20759",1.56920182597405e-14,7.63816711545729e-08,0.270862541474244,0.729137382144069,1.48007952031144e-29,4
"20761",8.90710953361879e-06,7.4744266506625e-05,0.787501292831637,0.00119164809782275,0.2112234076945,3
"20763",7.27340579440636e-11,0.0717563403563075,0.872601436455955,0.0556351956449796,7.02747002368644e-06,3
"20765",0.00991001138713318,0.00026168379539366,0.0708671806356643,5.43389601707892e-05,0.918906785221638,5
"20767",2.02147526383074e-25,1.00372753008959e-05,0.814865603008748,0.185124359715951,4.30148963527312e-16,3
"20769",2.79956801118527e-58,0.97089614387165,0.0269870708196334,0.00211678530871644,1.20901031478661e-21,2
"20771",0.00850622992019566,3.21669199995657e-07,0.895121850677947,0.095227008251884,0.00114458948077307,3
"20773",6.71481824113335e-20,1.34288483875833e-06,2.28651724293519e-10,0.9999986568865,9.38732559889857e-15,4
"20775",1.6968387951507e-14,0.0258241214945576,0.881218801919476,0.00426068231624084,0.0886963942697089,3
"20777",2.0205266185165e-33,0.998872031218759,0.000952835215263909,0.000175133565702806,2.74490204771379e-13,2
"20779",1.9222842643254e-13,0.00020229745387286,0.0481094741856572,2.00375598312186e-05,0.951668190800447,5
"20781",1.42170606085341e-34,0.999999687215933,1.38563088464126e-23,3.12784067350991e-07,3.37314466997516e-32,2
"20783",0.00697490909236861,1.78745036126066e-05,0.937634885868589,0.0232627357806229,0.0321095947548069,3
"20785",3.50200360312299e-13,1.92373909237421e-06,1.5215244427452e-16,0.999998076260557,5.34226456845057e-17,4
"20787",0.00127929536168445,3.54819295303218e-08,0.00294764497276551,0.00240184834278516,0.993371175840835,5
"20789",1.08001905362963e-19,8.08017942448622e-05,0.995125159094374,0.0047928226054875,1.21650589356012e-06,3
"20791",0.000333892628683509,5.16099109884757e-06,8.16930271855864e-05,0.000116758450551347,0.999462494902481,5
"20793",4.34484872189293e-20,0.00728307318705671,0.98774993141146,0.00439595106863221,0.00057104433285061,3
"20795",0.984879407304479,1.78828441621234e-05,0.0046312035119156,0.00757739849144526,0.0028941078479979,1
"20797",1.07510672302567e-10,0.999996801336627,4.32679882744288e-19,3.19855586261761e-06,3.93408335528668e-21,2
"20800",0.994093347349737,0.00108868926291378,0.00298043014022569,2.61344990413465e-05,0.00181139874808195,1
"20802",0.0211061058388834,0.000165069833023982,0.163634451034999,0.000538038530651432,0.814556334762442,5
"20804",1.28811455070639e-09,4.22271590636177e-07,1.21611493571558e-05,0.000907805362005764,0.999079609928932,5
"20806",0.93555935545898,3.90742047023294e-06,1.67959181703591e-05,0.000602195907831001,0.0638177452945486,1
"20808",1.45630149638163e-25,3.19042766270729e-05,0.984245132413795,0.0157229633062056,3.37215458241323e-12,3
"20810",0.00115158079677764,3.74154526716941e-05,0.0341909001788051,0.952216923076977,0.0124031804947682,4
"20812",1.40829045730765e-05,0.186282264911363,0.193409304948831,0.00121625248607138,0.619078094749162,5
"20814",1.00156356658152e-05,2.19144738904443e-07,7.23555934194921e-10,0.217284254048192,0.782705510447848,5
"20816",7.29798128043889e-54,0.00715627523771206,0.000165962679751493,0.992677762082536,3.47405493707183e-31,4
"20818",0.000164477846913979,0.00766562809883996,0.970518102829725,0.00342941727982025,0.0182223739447009,3
"20820",0.945390125022683,6.65456869134182e-06,1.09159605523015e-13,0.0546032204084875,2.8829355294447e-14,1
"20822",3.14848331861734e-05,3.54583039015789e-05,0.0658150089204225,0.000164688393671036,0.933953359548819,5
"20824",6.30358983043343e-14,5.1956665343634e-07,1.07349223612078e-17,0.999999480433282,1.83917150501599e-15,4
"20826",0.999814910223363,6.8207649889522e-07,1.48407208366658e-08,0.000174502631840274,9.89022757695774e-06,1
"20828",0.991386090173448,1.40204540190991e-06,4.22940462249915e-13,0.00861250777992301,8.0430958352307e-13,1
"20830",7.09061194076671e-09,1.69486146836925e-05,0.000301671482126613,0.000965616095345383,0.998715756717232,5
