"","V1","V2","V3","V4","V5","best$classification"
"19811",1.17243927645042e-07,0.00202352323476489,0.925317920340607,1.75958009013603e-05,0.072640843379799,3
"19813",3.45045814144655e-08,9.58906828921659e-12,1.1536778061896e-12,1.88998557234896e-26,0.999999965484676,5
"19815",0.00102297949632494,0.281029829811716,0.716307413938334,5.26502132072017e-15,0.00163977675361976,3
"19817",3.17204393517721e-06,0.033518384451635,0.966032959591358,2.64355885776174e-06,0.000442840354213589,3
"19819",0.839507593324262,0.160190194577102,1.33250276722388e-37,1.45554507666642e-33,0.000302212098636653,1
"19821",2.28402405811613e-07,0.0482357147472941,0.0652062920212221,0.000127108723484388,0.886430656105594,5
"19823",0.999549043878567,0.000273951269559573,0.000173937498920272,1.72957331815818e-18,3.06735295354099e-06,1
"19825",3.49346386117381e-12,7.39127858401524e-10,2.08812768038268e-39,1.05985367729424e-17,0.999999999257379,5
"19827",0.000209214465865709,0.0149516047557148,0.186865938446009,0.795564899770465,0.00240834256194586,4
"19829",6.68597941902304e-06,0.830341180634916,1.39439542150175e-21,3.39378005375076e-10,0.169652133046287,2
"19831",0.940101840571874,0.0568875892181289,1.1531479873581e-27,5.1794943732155e-43,0.00301057020999685,1
"19833",0.999999496431925,1.19330332002081e-22,1.49602791980903e-69,8.99556106100854e-55,5.0356807488177e-07,1
"19835",2.28402405811613e-07,0.0482357147472941,0.0652062920212221,0.000127108723484388,0.886430656105594,5
"19837",9.05847750905474e-07,0.0368533695093241,0.719163450267649,0.242528804414281,0.00145346996099478,3
"19839",3.02329500197888e-07,0.0116133242845956,2.65734762793055e-21,8.54559647802627e-09,0.988386364840308,5
"19841",1.70230411022128e-08,4.67985549706423e-13,1.20298464896839e-28,0.0594469127014544,0.940553070275036,5
"19843",4.92736378290894e-08,0.00102641112891481,1.42494866556382e-40,6.34241489594396e-51,0.998973539597447,5
"19845",1.74471796050962e-07,2.13524215441767e-07,0.0835294327175989,7.41388925336891e-22,0.91647017928639,5
"19847",5.73922523411271e-07,0.159407628191947,0.337542998953061,1.99451464742833e-19,0.503048798932468,5
"19849",4.078041481325e-08,2.60802435040087e-13,7.74925754895644e-09,1.60358474982834e-23,0.999999951470067,5
"19851",1.52272151462743e-05,0.00212613115321174,0.997488202624427,2.37061763446592e-07,0.000370201945451833,3
"19853",0.881804745543296,1.06516177584128e-08,0.109455982663541,1.06550537681438e-13,0.0087392611414392,1
"19855",0.000297820917859491,0.000181155782583903,0.99774894739983,9.18054191091801e-06,0.00176289535781581,3
"19857",1.31136613318483e-08,0.513867284094112,0.168052327800455,1.9401907734482e-05,0.318060973084037,2
"19859",6.51279577634871e-05,0.19435429553191,0.79453004035329,9.21781770091656e-05,0.0109583579800275,3
"19861",6.21092981714165e-07,3.91189072082607e-05,0.980852914189637,3.86764746829384e-11,0.0191073457714963,3
"19863",1.78073663947485e-10,4.78920726407429e-21,1.85129615001852e-20,2.53255841209805e-08,0.999999974496342,5
"19865",2.97232402239422e-10,1.33133641714038e-07,7.72160534643364e-06,0.998816252705174,0.00117589225860484,4
"19867",3.30070061347712e-07,0.0086799844859533,0.962308718094847,4.87152570134189e-21,0.0290109673491387,3
"19869",3.83325422413202e-08,3.22922248414261e-11,3.16475924165505e-05,5.34758045289621e-09,0.999968308695169,5
"19871",4.06153898379913e-05,0.255108167256645,0.733268178184389,0.0101096251893791,0.00147341397974857,3
"19874",4.95981035250526e-06,0.000133943190615008,0.992713699994865,0.000697572772538718,0.00644982423162804,3
"19876",1.8838623068675e-08,3.68599997502846e-06,0.999598745823597,7.38133059950573e-05,0.000323736031810321,3
"19878",1.82961068611829e-07,0.240271472074758,6.41397725269861e-23,1.39694731146891e-24,0.759728344964173,5
"19880",1.65955312536021e-09,9.80573191216467e-12,8.95221467589465e-08,0.999712742209825,0.000287166598668997,4
"19882",6.77714582495823e-07,3.412498042018e-06,0.00911125707533839,3.95997076774956e-13,0.990884652711641,5
"19885",1.33022707016733e-07,0.346530689985163,0.650173196319771,1.34913510892656e-06,0.00329463153724937,3
"19907",7.41369497518565e-07,0.0030158414094901,0.324434879019548,1.06132783494089e-17,0.672548538201465,5
"19909",3.11202303636881e-06,0.992111563991071,1.27895467399583e-12,1.82013050303756e-21,0.00788532398461315,2
"19911",2.10655710275664e-05,0.703455074433896,8.56893458154689e-15,1.87066317565259e-08,0.296523841288436,2
"19913",1.40923746044888e-08,1.22098229951941e-14,1.26968617529726e-16,0.999745195853325,0.000254790054287946,4
"19915",1.17337267087579e-06,8.05544375837652e-05,0.0117304864500142,0.988005045986722,0.000182739753009055,4
"19917",9.75169326597317e-07,7.89820415243474e-05,3.0968126703963e-06,0.987923991006805,0.0119929549696736,4
"19919",1.25367601585281e-05,0.0468162897253008,0.729970567774759,0.220626692741489,0.00257391299829234,3
"19921",4.62357356977488e-07,0.00468305768669629,0.994644973789619,1.36554398241646e-11,0.000671506152672131,3
"19923",0.000659176856663077,0.304893513673851,9.28151895969887e-09,1.26322932060825e-26,0.694447300187967,5
"19925",1.77596542899946e-07,3.68010406184343e-05,0.000449942467273396,0.998425810617863,0.00108726827770241,4
"19927",5.65554485465038e-05,0.0253966223553014,0.974302868229291,9.71998601508243e-11,0.000243953869660815,3
"19929",3.04501436468184e-10,1.05987901143531e-19,1.76374696873679e-13,0.00626601128644019,0.993733988408882,5
"19931",0.000185157078854551,0.71747561347522,0.274696034003406,2.48498158259194e-11,0.00764319541766973,2
"19933",6.67726577786107e-05,0.996996334363532,3.71666202733508e-06,2.2291737793636e-10,0.0029331760937447,2
"19935",1.56430779693113e-09,0.738941278816396,0.000350846788922672,3.14218957350085e-11,0.260707872798952,2
"19937",8.61763337582301e-05,0.0102367783466267,0.989582382686238,1.42664937107625e-13,9.46626332341196e-05,3
"19939",4.78212225466615e-05,0.934463154590434,0.0125519936724259,2.81483532073479e-09,0.0529370276997578,2
"19941",1.01910890206718e-06,0.0653842725468657,7.66776666002611e-21,2.88648140250731e-08,0.934614679479418,5
"19943",7.84013426126628e-07,1.6689717393692e-08,7.49574949934381e-06,0.998839275411143,0.0011524281362141,4
"19945",0.000115409650233723,0.982561988938958,4.83936588376239e-07,7.50000918826935e-12,0.0173221174667198,2
"19947",1.16578071409157e-06,8.42458963431987e-06,2.14357834802556e-20,2.72867507149302e-08,0.999990382342901,5
"19949",2.5420196816121e-05,0.89238449210338,2.49358014918487e-08,1.05756937863899e-25,0.107590062764002,2
"19951",1.57156374699113e-05,0.11062448501884,3.28967350856989e-06,0.503400871667546,0.385955638002636,4
"19953",0.997600850342578,0.00227819330904221,9.15355690370987e-27,1.3932564895591e-46,0.00012095634837977,1
"19955",0.00696165306073268,0.224925081700904,7.50164332684126e-19,3.98407458779627e-34,0.768113265238364,5
"19957",0.781188359762577,0.0239797104611489,2.85752533684333e-05,0.00357592730719279,0.191227427215713,1
"19960",2.62360452006296e-08,0.125815859719285,2.39253526581657e-24,1.36851663036891e-18,0.87418411404467,5
"19963",0.999917520724668,4.8633225020796e-18,2.55913024219121e-39,7.47239369952185e-18,8.24792753321755e-05,1
"19965",0.00026053594982773,0.588484258527342,3.10704258063828e-33,4.5973475272418e-39,0.41125520552283,2
"19968",3.44887430339489e-16,1.32395577731822e-06,4.12506566272628e-11,0.00100458281760114,0.998994093185371,5
"19971",0.754017672613506,7.14131776012658e-12,3.56009967018854e-46,1.3291785238886e-07,0.2459821944615,1
"19973",2.45188451372004e-08,0.0101532884198916,0.987203331183559,0.00200461649600315,0.000638739381701498,3
"19975",1.99746710929026e-10,9.97773598956759e-05,2.27769873389631e-05,0.974290203961564,0.0255872414914543,4
"19977",1.30058515632582e-05,5.0574966193691e-13,1.15438199152923e-33,2.18731147242899e-10,0.9999869939292,5
"19979",6.66949321138984e-05,0.972994253373048,4.14781145484971e-42,5.49723891157668e-27,0.026939051694838,2
"19981",1.47643584496532e-05,0.980797392074831,0.0144721815115716,2.29083682389509e-11,0.00471566203223965,2
"19983",1.47048142547028e-06,0.941615818935759,0.0140033727932579,5.10947763183203e-15,0.0443793377895528,2
"19985",6.333150972105e-08,3.28729335299692e-05,0.733565533213142,0.263229057473638,0.00317247304818048,3
"19987",7.83862283164064e-07,0.892225488103393,0.0148852500878933,0.00693364389423832,0.0859548340521921,2
"19989",0.000866428898368394,0.985779608976389,7.44622351250609e-30,5.16581520742172e-42,0.0133539621252421,2
"19993",1.51705967163492e-06,0.977070314996764,2.06985618107819e-11,1.15282307118147e-07,0.0229280526405585,2
"19995",5.83996812508161e-07,0.786569398037195,7.02162776747703e-10,8.85405935282733e-09,0.21343000840977,2
"19997",1.42545929198129e-06,0.00526532135965741,0.993794149170524,1.49544684573222e-05,0.000924149542068932,3
"19999",5.04763560429589e-08,1.30916293648343e-05,0.00219721413513472,0.995312356034819,0.00247728772432481,4
"20002",1.1323014969515e-10,2.84515080146492e-19,4.57310950395689e-32,7.19927499591618e-15,0.999999999886763,5
"20004",6.00434927525722e-09,0.805312709472073,9.19415264620287e-10,3.22387245839433e-12,0.194687283600939,2
"20006",1.50674573671761e-06,0.00279141849966133,1.88134305937652e-27,6.47470747322245e-23,0.997207074754602,5
"20008",3.70886121742773e-05,0.0164882728910542,1.29257478752842e-26,6.57568388496112e-24,0.983474638496771,5
"20010",0.000225529275226085,0.937150587416107,3.63116580675266e-11,4.71419355667809e-20,0.0626238832723554,2
"20012",6.39324867143931e-08,6.20164967939307e-06,1.18542251935001e-08,0.0487709995635714,0.951222723000037,5
"20015",2.10494809990841e-10,0.959475577468619,1.24105433060107e-33,2.24329424222495e-34,0.0405244223208867,2
"20017",1.79149464073136e-08,0.000190313922903124,0.998004552110245,0.000285650087135446,0.00151946596477028,3
"20019",8.34158700780779e-05,0.898428973985018,1.01145550811558e-53,2.28063557053796e-45,0.101487610144904,2
"20022",2.00703436082381e-05,0.974777792664056,8.52617634503199e-11,1.75513376716192e-18,0.0252021369070742,2
"20024",0.430127305903335,0.000975194990349786,5.16539983329827e-48,6.24905693928269e-65,0.568897499106315,5
"20026",0.430127305903335,0.000975194990349786,5.16539983329827e-48,6.24905693928269e-65,0.568897499106315,5
"20028",1.00285606799648e-06,6.35460569803916e-05,0.97822893700753,0.0209058448812144,0.000800669198207365,3
"20030",9.77935003165413e-10,0.448595929791675,2.0617992360405e-27,1.10662627381085e-19,0.55140406923039,5
"20033",6.4630525675563e-05,0.11857173684511,0.0104829004769959,0.863420658487091,0.00746007366512801,4
"20035",0.000153258099623166,0.893468057313256,1.07748364501373e-52,2.24040899967933e-49,0.106378684587121,2
"20037",7.91737778552602e-05,0.952237125467584,2.87389487722446e-47,3.45379491736602e-51,0.0476837007545605,2
"20039",0.999999859053719,5.26631484175957e-11,1.54670829322852e-60,4.16867008466982e-91,1.40893617240941e-07,1
"20041",0.00295857689285768,0.828424014773524,8.44753250716306e-13,1.30269458654433e-18,0.168617408332773,2
"20044",0.0552805142533757,0.207897839257063,2.16605907532961e-17,5.52438300033277e-16,0.736821646489561,5
"20047",0.0545785481189004,0.676499568496587,5.8206217416357e-61,3.98287666014107e-39,0.268921883384513,2
"20050",0.311652754918541,0.659359455460893,8.49089908666978e-22,1.04278216788689e-20,0.0289877896205664,2
"20052",0.00122515741191735,0.884579916216993,0.0104525117683686,0.0860079327507533,0.0177344818519678,2
"20054",1.29536316884034e-09,0.95707734537509,1.89843260437093e-19,3.28811744009863e-20,0.0429226533295471,2
"20056",4.29430867041894e-07,6.38032172891774e-06,1.95915390349975e-13,0.784131023379087,0.215862166868121,4
"20058",4.85953923220016e-05,0.96022306833995,4.59971772812607e-29,5.92529722050686e-48,0.0397283362677278,2
"20060",2.63810209170548e-07,0.120888018703944,0.850916689228491,3.53971404949745e-08,0.0281949928602155,3
"20062",2.64380405420394e-06,0.958303634250379,0.0150478976097116,4.69078962572966e-08,0.0266457774279586,2
"20064",1.40343066209315e-06,0.986655327736926,3.49655384003369e-09,1.03701231676079e-07,0.0133431616346267,2
"20066",3.04559961200701e-07,0.487547044628137,8.66151518121989e-45,1.96869818329412e-29,0.512452650811901,5
"20068",3.62614621670886e-08,0.00692282220886383,0.987596933308119,3.70487960280574e-11,0.00548020818450573,3
"20070",0.00880511460478313,0.0989010228367658,0.884890458957525,5.65453750980547e-17,0.00740340360092664,3
"20072",6.50163458816294e-06,0.345225238442645,5.86556082592706e-29,4.46520437203322e-45,0.654768259922767,5
"20074",4.61541802603363e-10,3.1726059287359e-18,2.12349838556689e-15,0.988640028920843,0.0113599706176133,4
"20076",1.52724524402255e-10,0.0001675242108269,1.45118330787805e-08,0.00471054826015844,0.995121912864457,5
"20078",0.000197546019085266,0.98284702859089,2.04816487614207e-11,8.3834601556915e-13,0.0169554253687051,2
"20080",0.000119375701864283,0.98308912720319,5.10269738667435e-42,2.13131387567467e-33,0.0167914970949461,2
"20082",0.999992679009719,7.24935861055207e-06,1.38193566234616e-38,5.60397388275657e-49,7.16316702742652e-08,1
"20084",0.00780823614738649,0.841915324413158,1.26369023112173e-17,4.56668657867301e-07,0.150275982770798,2
"20087",4.55140643607132e-06,0.936771633570361,2.30457864686294e-11,5.20122806638627e-26,0.0632238150001569,2
"20090",0.00158959116792777,0.964206127790762,5.94709059356809e-41,8.91497075238356e-34,0.0342042810413102,2
"20092",0.999728545313518,0.000197329183947573,3.3919820879761e-15,4.64141240720878e-57,7.41255025311661e-05,1
"20096",0.979536384917765,0.0193470826866785,3.21664770177697e-09,8.00645640223799e-17,0.00111652917890843,1
"20098",0.000128480472627597,0.0612118937399845,0.285694196076353,0.650219157809605,0.00274627190142917,4
"20101",0.00133681452259182,0.937952514030451,1.04388579691549e-33,2.18655414863216e-14,0.0607106714469357,2
"20104",0.999998691215522,1.31124845739664e-12,6.71297334940545e-14,5.21945429250435e-40,1.30878309961507e-06,1
"20106",1.16270512761388e-07,0.9760354744,8.57735423911335e-22,2.19390542552912e-13,0.0239644093292678,2
"20108",6.19030649118941e-07,0.0326669724983148,0.963177206663628,9.6057252501006e-05,0.00405914455490649,3
"20110",0.81864783566537,0.0776714489061085,1.21035347446882e-10,1.49292072394209e-06,0.103679222386762,1
"20112",0.00185346564440409,0.979857471419875,2.31192203702192e-20,6.8463779547214e-19,0.0182890629357207,2
"20114",0.000355092408138288,0.92827283331021,1.73131357531021e-13,1.64240953421171e-05,0.0713556501861361,2
"20116",4.21849963278887e-08,0.826370638332569,2.35068068842819e-15,1.69686141067253e-06,0.173627622621021,2
"20118",0.000177327899467141,0.972950709908873,0.0113138218664586,0.0127497187994433,0.00280842152575722,2
"20120",0.00104377201663475,0.924026687863646,1.12655225427524e-22,5.2565688935371e-14,0.0749295401196667,2
"20122",1.23101592855087e-09,2.77658141963059e-08,5.02301527774886e-08,0.99822774942458,0.00177217134843735,4
"20124",0.0159579085185076,0.928662739844015,7.50069683435787e-35,2.07061319619437e-41,0.0553793516374776,2
"20126",0.999999866321728,3.29337050347993e-10,2.57011852062282e-54,6.37581137872916e-62,1.33348934934391e-07,1
"20128",0.999818959998381,1.29911553057162e-06,3.20952976492122e-83,5.58539009307516e-73,0.00017974088608855,1
"20141",0.999998366478735,7.87792157783661e-07,3.97164662588326e-07,6.77972976147563e-21,4.48564445124959e-07,1
"20143",1.2899966038431e-06,1.13867024825466e-14,2.50919655426809e-26,0.00463016150016304,0.995368548503222,5
"20145",0.000225601805281963,0.984652806545667,4.04241183937871e-12,4.68183590945001e-15,0.0151215916450034,2
"20147",2.23124933890671e-05,0.990253567657023,9.60902252933267e-14,3.41787603151406e-14,0.00972411984945744,2
"20149",1.59641506511724e-06,7.78728045899172e-09,7.53151328136927e-06,0.994307750955683,0.00568311332869053,4
"20151",6.92777928618011e-07,0.0234767246271106,0.599207237329749,0.375317507277473,0.00199783798773857,3
"20153",0.144454293546717,0.0194693202235569,1.97137507104292e-08,0.81217915653637,0.023897209979605,4
"20155",1.48900260883325e-06,0.97397677767304,1.21169251998565e-24,5.58754682267003e-24,0.0260217333243513,2
"20157",2.0919964015171e-06,0.00288047385426931,0.0601090732959165,0.906077244006507,0.0309311168469056,4
"20160",3.11302317176029e-09,1.44913389544512e-14,1.35704413302155e-14,0.999871471643762,0.000128525243186615,4
"20162",7.41479058189049e-09,6.73317896775257e-10,0.000104744560664472,0.999622551710034,0.000272695641192889,4
"20164",0.000128452572539652,0.000297741480407118,1.42571513971142e-08,0.852084277420376,0.147489514269526,4
"20166",1.47373549854741e-10,0.000747533953644166,2.44063244924374e-40,1.09875627715045e-19,0.999252465898982,5
"20168",9.04878329244783e-13,6.8647696334207e-15,1.28338540198972e-33,4.99689346076974e-25,0.999999999999088,5
"20170",4.14840952983377e-05,0.00108201059047272,0.000117554036309372,0.99839082794381,0.000368123334109522,4
"20172",0.000211999526667083,0.991687644209187,3.90013495295044e-12,2.41423167294977e-27,0.0081003562602455,2
"20174",7.38300415640438e-09,3.22592645764797e-07,0.960174440372135,0.00145877997324678,0.0383664496789683,3
"20176",5.39615448725786e-08,6.59933720262281e-10,2.66730181522223e-24,6.95263782369253e-25,0.999999945378521,5
"20178",8.44407430408409e-09,3.58533668304981e-15,6.89155991432382e-16,0.999819263471112,0.000180728084809301,4
"20181",1.91446756822219e-09,0.296801295245771,5.76501848793112e-32,7.48017451328147e-14,0.703198702839687,5
"20183",0.000535969994286858,0.106102936793841,0.892402428700574,2.87388304277935e-14,0.000958664511269058,3
"20186",0.00822583115333055,0.680180658552443,0.0122617637479639,3.41225292247817e-38,0.299331746546263,2
"20188",1.36088493131654e-08,5.80402842053307e-12,1.51173668946081e-12,0.99914852549116,0.000851460892675141,4
"20190",4.45522227408021e-08,0.979107545125933,2.45243858000385e-33,1.143049893452e-27,0.0208924103218444,2
"20193",9.24151627183933e-09,5.41948755671818e-13,7.43721641791367e-36,3.44473758679928e-07,0.999999646284183,5
"20195",9.54287719173067e-05,0.0560619115695854,1.95882630891236e-08,0.850176308289402,0.0936663317808319,4
"20197",0.000180339046904991,0.981063767906234,2.19858436696108e-16,5.02137992269438e-23,0.0187558930468609,2
"20199",1.19052044534183e-05,3.76670510671446e-06,3.13471107396782e-06,0.998887095840932,0.00109409753843356,4
"20205",0.999998569471008,1.36307404553712e-06,5.66622931103375e-34,3.33419535019996e-56,6.74549462102531e-08,1
"20208",0.00015397352211284,0.935532718545103,0.00528823607922045,0.0198910280870407,0.039134043766523,2
"20210",4.3458641441912e-08,3.625075987336e-08,4.67055667038365e-05,0.999802703409393,0.000150511314501964,4
"20212",2.19198844227759e-05,0.00205129795574556,0.000928627861119815,0.986990862946457,0.010007291352255,4
"20216",1.50055174185714e-08,0.960513577081287,1.5189556158579e-17,4.23346111476111e-16,0.0394864079131947,2
"20219",0.359715875555151,0.629119361895133,2.11121647989362e-17,1.17420590313068e-18,0.0111647625497171,2
"20223",1.598856326236e-05,0.00186287932636938,8.47489693956552e-55,6.23652346081693e-68,0.998121132110368,5
"20226",1.43028943405269e-05,0.924029989621943,4.33360845998381e-10,7.13166060418168e-10,0.0759557063371901,2
"20230",1.25566896915919e-05,0.983678952804427,2.04198978546342e-39,1.33874709887847e-35,0.0163084905058815,2
"20233",0.99999999958362,5.91450565231076e-15,6.78310561513972e-24,1.12414933314177e-40,4.16373555363378e-10,1
"20235",0.549595750390867,0.0488966589838406,6.9621739745712e-37,1.4722704959951e-56,0.401507590625292,1
"20239",1.94268995806e-07,0.327235101444318,1.30431097508953e-14,2.39057607574367e-31,0.672764704286673,5
"20254",0.999973571820851,2.59174331321873e-05,2.3712769111633e-48,4.36565868446838e-52,5.10746016589555e-07,1
"20256",0.000284732029098711,0.990270709444023,6.33328749053273e-24,3.20936457982977e-38,0.00944455852687802,2
"20262",1.44965884663542e-07,0.000258452480268861,0.00658205753512043,0.992949704948829,0.000209640069897289,4
"20270",2.87784459841668e-10,0.0229023720485529,2.01218312101619e-23,4.50442286790603e-18,0.977097627663663,5
"20284",0.811591696394802,0.167294515862069,5.38751974980011e-06,2.90491949511756e-22,0.0211084002233791,1
"20287",9.57870198130235e-07,0.805591257297225,1.60859745897101e-51,3.49455861680639e-53,0.194407784832577,2
"20290",0.99978667464586,0.000162494562204371,1.99524994601686e-24,3.62806222156575e-26,5.08307919352039e-05,1
"20293",0.00147909588846426,0.996524167038632,2.49264900355945e-08,4.85579374530681e-15,0.00199671214640881,2
"20296",2.97244038547584e-12,0.0310539269911187,0.00222806956325056,0.40071087144229,0.566007132000369,5
"20301",1.28899127561309e-05,0.00886863670369694,2.42184901133839e-73,1.39693641025609e-34,0.991118473383547,5
"20304",0.999989655397126,1.0338947411644e-05,1.54627993143466e-33,1.21480033249312e-48,5.65546196066432e-09,1
"20306",0.00239123023583406,0.971837951553628,5.40386131401009e-35,2.07113458021212e-45,0.0257708182105385,2
"20309",0.00185710336537245,0.995477897069448,8.53074011120463e-12,1.55348460898608e-15,0.0026649995566473,2
"20311",6.85443638770904e-06,0.855798417683949,1.21110302775674e-18,3.63546419345706e-14,0.144194727879627,2
"20314",4.54218451709243e-05,0.165656740003411,0.347755758745732,0.484875238071542,0.00166684133414335,4
"20318",5.47345387305655e-09,6.10097052034179e-11,2.03514527868004e-25,0.00113567700932911,0.998864317456207,5
"20320",0.00953373587069611,0.0947428909666948,1.27671161003289e-06,2.56008764292463e-14,0.895722096450973,5
"20326",0.00272314440030101,0.622399758328708,0.31310311783097,0.059471343079189,0.00230263636083269,2
"20328",0.0157872852018854,0.825269871136756,0.000338618557576966,6.40293194156078e-28,0.158604225103782,2
"20330",5.30753510894189e-05,0.662507901222156,1.23769453272348e-24,5.63675549948062e-31,0.337439023426754,2
"20336",0.992763221481132,0.0072333753304889,3.0473692728071e-10,1.90479693351978e-34,3.40288364248139e-06,1
"20338",0.991677427670976,0.00831257286556497,2.47068486211946e-23,1.80656635017892e-22,9.9994634594342e-06,1
"20340",0.000140441570059396,0.67930221618996,7.53948952225942e-39,7.25695345894064e-42,0.320557342239981,2
"20342",0.99936401797099,3.40183891334506e-16,5.03221756041535e-52,6.06675400945111e-43,0.000635982029009255,1
"20344",0.000501800180623143,0.990346992173172,8.96167816039441e-20,2.13126239981278e-30,0.00915120764620519,2
"20349",2.86897519562864e-05,0.989668687520641,2.37252709897052e-27,1.30887970930182e-39,0.0103026227274023,2
"20351",0.000746506202744805,0.990022855317862,1.49098759784515e-11,3.60584678576446e-15,0.00923063846447912,2
"20353",0.0333371717508103,0.89670991030847,5.27255860168256e-34,9.82413006175479e-36,0.0699529179407202,2
"20357",0.999972455231172,1.50677616328908e-05,2.1770641415376e-37,6.9374890738822e-66,1.24770071948751e-05,1
"20360",0.905958566500937,5.94465517502916e-09,1.75308433219305e-43,2.42939950287916e-54,0.0940414275544077,1
"20364",5.12725117578582e-05,0.987353568188335,5.81065670696438e-13,5.71541373015191e-18,0.0125951592993263,2
"20366",0.999975719968976,2.41621388084602e-05,3.94792215258093e-16,3.45912399849015e-38,1.17892214999073e-07,1
"20381",0.000307466206706935,3.03556173530769e-13,1.8974926671125e-10,9.29397642003993e-10,0.999692532673843,5
"20391",0.00220243698670052,0.00242726153986507,2.08801478688191e-13,3.95249496649949e-55,0.995370301473226,5
"20394",8.4080832772468e-07,0.130973017902746,0.795897248995296,6.70544955595626e-09,0.0731288855881809,3
"20396",3.13911532692802e-08,1.58071844215717e-08,0.028172661173024,0.00873470724895411,0.963092584379684,5
"20409",5.66630795682096e-05,0.77338533332534,1.54604882631532e-09,4.33338213747932e-05,0.226514668227668,2
"20411",0.300427979210213,0.696745398084558,6.56688522138832e-24,2.59506148648095e-44,0.00282662270522944,2
"20416",0.999979686905557,3.98011176034965e-06,7.08413200655046e-69,8.72613727255099e-87,1.63329826825067e-05,1
"20418",2.21625724394313e-08,5.26172185967201e-10,0.00316572097774124,0.179982651271614,0.8168516050619,5
"20420",0.999999997613421,8.66167104722866e-11,1.35223400418718e-16,2.41781209715588e-34,2.29996239734302e-09,1
"20422",2.13860989504438e-09,0.918573915480439,1.1006492911792e-31,2.91120700610131e-23,0.0814260823809513,2
"20424",0.0127723590833471,0.970454643504617,8.10569867429296e-24,1.98461990925107e-40,0.0167729974120363,2
"20426",0.999999994062484,3.33672197110499e-16,7.90470371573863e-48,6.36132130971309e-35,5.93751536726654e-09,1
"20428",1.1818938496882e-07,0.950855423708697,3.27072250848019e-10,2.79858218866223e-19,0.0491444577748461,2
"20431",0.0158363182824438,0.863181825609689,3.8323448816179e-12,4.19753428449191e-05,0.12093988076119,2
"20433",2.21762108449168e-07,0.0237348621912282,6.09259719020838e-54,2.95776157089849e-49,0.976264916046663,5
"20436",4.63324339359669e-08,1.90894238783581e-08,4.6757076681289e-34,1.42988231972518e-28,0.999999934578142,5
"20439",4.89086912669653e-09,1.71094794450126e-07,0.937918072007351,3.86720024562177e-05,0.0620430800045292,3
"20441",0.999857861215552,0.000136193792121216,4.67047633650987e-31,1.99019163639306e-39,5.94499232688887e-06,1
"20444",5.79024680496828e-09,4.27338236615252e-13,1.15403138390061e-08,0.999558072847065,0.000441909821947422,4
"20448",0.965611245937406,0.0209666003184915,6.84595076303138e-08,4.32062273732022e-07,0.0134216532223207,1
"20536",4.55316270229997e-08,0.000698485035896181,0.68764649066895,1.20444194780906e-16,0.311654978763527,3
"20538",0.998122372682007,0.00187646985315632,1.90852676247174e-14,5.5142795042913e-40,1.15746481797634e-06,1
"20541",0.0185942315830888,0.942632062408187,1.9542351177651e-39,4.83832391322104e-42,0.0387737060087238,2
"20544",0.000355877180097698,0.996402997825247,1.65814256603524e-05,1.23500273204064e-11,0.00322454355664522,2
"20546",0.000289957454321441,0.981420423166684,3.40788554688139e-17,3.57107799300248e-35,0.0182896193789946,2
"20550",1.51516918712314e-05,0.47161258828251,4.14203072184376e-17,2.66819900093574e-16,0.528372260025618,5
"20553",0.999904272719353,1.38823707782017e-12,2.44373906551877e-107,6.7625554588877e-68,9.5727279258691e-05,1
"20555",0.999999986226668,1.12076842917894e-11,5.23811691975937e-22,6.80129451080262e-54,1.37621248109058e-08,1
"20557",0.0418799551492311,0.94894563920004,2.37242727913827e-14,3.60826114176227e-14,0.0091744056506688,2
"20559",9.00828364014769e-07,0.98348315156241,1.03074943986717e-17,5.74804708486834e-17,0.0165159476092256,2
"20561",1.20189731776316e-05,0.00563409574803482,7.62836068774525e-05,0.991558642967338,0.00271895870457175,4
"20564",8.44407430408409e-09,3.58533668304981e-15,6.89155991432382e-16,0.999819263471112,0.000180728084809301,4
"20566",4.04035415276995e-10,0.987945372717033,1.671833592395e-10,6.23668688510534e-13,0.0120546267111248,2
"20569",2.01132456392967e-08,2.94340703411567e-05,0.00608743791664329,0.989318757730011,0.00456435016975896,4
"20572",2.7760674916096e-09,4.292480276915e-07,3.43310197375857e-08,0.783689840828363,0.216309692816522,4
"20574",0.00136677676781689,0.982756758792678,1.94570113763209e-25,9.96301293743296e-19,0.015876464439505,2
"20576",3.85431205096913e-08,2.39963921100618e-10,7.92859072902756e-14,0.999473767734125,0.000526193482711087,4
"20578",6.53349841541352e-06,0.985751025542156,7.01605955071195e-07,3.99638626398039e-07,0.0142413397148478,2
"20580",5.568762318588e-08,0.97949406871193,3.236284732316e-06,4.46057286868172e-12,0.0205026393112541,2
"20583",1.08095360872379e-08,1.10046333910822e-11,5.95292903057527e-13,0.999823703368719,0.000176285810144701,4
"20586",1.08609510967509e-05,0.985970800876403,1.17188660932684e-07,8.07682476188966e-24,0.0140182209838393,2
"20589",3.15943156977265e-05,0.976939168391399,4.86307429234941e-28,2.77561943005975e-42,0.023029237292903,2
"20591",0.97433911210397,0.0220503646680625,6.03852911346692e-09,1.03303970941341e-28,0.00361051718943893,1
"20593",4.61579593719527e-06,0.826473078739695,1.3643053861309e-61,4.40085634302764e-42,0.173522305464368,2
"20595",0.000171357444718811,0.997466194945189,1.42861498682617e-15,9.06991811472289e-15,0.00236244761008206,2
"20597",1.00263916819225e-08,8.0904379536732e-12,0.000280373831833776,5.69337824398065e-22,0.999719616133684,5
"20599",2.15399260478938e-09,3.17465514401261e-14,6.74902830236523e-17,0.99951907383118,0.000480924014795687,4
"20601",1.06832365950579e-05,0.112264079337586,0.886190128215438,1.88468609416311e-07,0.00153492074177136,3
"20604",1.58965870170288e-06,0.9797411212768,2.95997104020675e-39,3.19873339803027e-26,0.0202572890644981,2
"20606",1.1519496041056e-07,0.976397733022707,2.13741504089883e-32,2.66949384594784e-31,0.0236021517823329,2
"20608",1.97823884566671e-08,0.988809462331407,1.48314979644401e-24,4.12845731052213e-25,0.0111905178862044,2
"20610",4.88028283051566e-06,3.78299040722726e-07,2.12902858870415e-13,0.995569291919249,0.00442544949866656,4
"20612",0.0548839049237475,3.09567205205006e-14,3.32102472529634e-41,1.41461828217142e-50,0.945116095076222,5
"20614",1.37242029243524e-07,9.98333407846058e-08,3.31529509593506e-05,0.99959938522509,0.000367224748580407,4
"20616",2.2519180101102e-06,0.31062527856823,0.00448574880564246,2.1937909467303e-09,0.684886718514326,5
"20618",0.999985271058957,1.38061934678111e-05,3.51600331978035e-20,1.40502308891778e-28,9.22747575518544e-07,1
"20620",6.87094508663611e-07,0.118425361244346,2.03947356232242e-31,1.67791811880791e-21,0.881573951661145,5
"20622",7.95236440701124e-08,6.5206015466294e-08,2.45996488060438e-12,0.995691374290932,0.00430848097694831,4
"20624",0.475620498421488,0.523951826250947,8.90107197137649e-26,9.33633982956897e-41,0.000427675327564493,2
"20626",5.31100202569802e-09,0.0600812974328036,3.06292015095091e-19,3.91863636019419e-15,0.93991869725619,5
"20628",3.7772625041974e-05,0.0270701504750807,1.26807876262796e-16,6.40067929468926e-25,0.972892076899877,5
"20630",1.10893586235535e-07,0.96257468400096,8.30606652411692e-21,1.85867884458436e-11,0.0374252050868667,2
"20632",5.74992360866997e-10,7.72252781845598e-12,7.8373899162073e-07,0.997729171759593,0.00227004391870059,4
"20634",6.07535539874664e-07,0.983528776109484,1.18635229074679e-31,7.814268977377e-31,0.0164706163549763,2
"20637",0.999135249949006,0.000606081774099148,1.72561445651686e-39,1.12406859948733e-28,0.000258668276894861,1
"20639",1.12646883349093e-05,2.25230769716942e-05,5.30039950331738e-08,0.996640523463935,0.00332563576676363,4
"20644",0.991229608877851,3.76652314679002e-12,3.61236088899534e-97,2.09240812668134e-82,0.0087703911183823,1
"20646",0.00105418731185214,1.59383781353193e-06,1.14605817791461e-51,2.12169029768045e-42,0.998944218850334,5
"20648",8.08218050904259e-05,0.0171815223401919,0.431289690338878,0.550836878020159,0.000611087495680664,4
"20650",0.913242243887556,0.0622548926307095,1.21128407151312e-36,9.455348642101e-49,0.0245028634817346,1
"20653",0.000115103579759934,0.0339182692869549,0.000303349619271526,1.06884233572886e-11,0.965663277503325,5
"20658",1.83033918180542e-08,0.88943702042319,1.23889218983438e-28,4.28321345575942e-41,0.110562961273418,2
"20661",0.999999419891092,4.06115531570225e-07,1.8519693451363e-24,2.37944311112782e-56,1.73993376577485e-07,1
"20663",0.000164355486665258,0.993144072667846,0.00187307553113686,1.86487166401221e-17,0.00481849631435239,2
"20665",2.4906327683849e-11,8.71998274442353e-14,1.69285693470336e-16,0.997418134764219,0.00258186521078691,4
"20667",0.000223547278263196,0.0604121382068553,2.47886347529965e-10,2.27795420258811e-16,0.939364314266995,5
"20669",1.43027065332048e-05,6.00048354161575e-09,0.0570233232090419,6.39036757857014e-19,0.942962368083941,5
"20671",0.685953418476101,0.312982086588753,1.22427591352393e-20,8.30303796770709e-19,0.0010644949351454,1
"20673",4.10480525891893e-09,1.15061954268259e-12,0.000592055908872528,3.44522996587102e-15,0.999407939985168,5
"20675",1.59913098400101e-07,0.0419116715695803,0.154617003880817,2.49364678767191e-21,0.803471164636505,5
"20677",1.23368219977328e-07,0.946304812335532,0.000508448200189547,2.38703946164648e-21,0.0531866160960581,2
"20679",5.07039715554116e-06,6.8810485320082e-10,0.12874669897448,1.89500810853245e-08,0.871248210990178,5
"20681",5.09452369877203e-07,0.000104146272711119,0.996846713107797,3.416127086938e-19,0.00304863116712207,3
"20683",1.56955834206821e-07,0.858628039693205,2.43811225760799e-07,1.60995236870955e-19,0.141371559539735,2
"20685",0.999999960886853,1.40361394556235e-10,1.22109703978961e-16,2.05615733443201e-36,3.89727856776097e-08,1
"20687",1.2924297455439e-06,2.65032337900562e-05,0.929944837359159,0.0695174339478039,0.00050993302950105,3
"20689",0.999998551282131,4.22692729131222e-12,3.28198917707931e-74,2.27782394112115e-89,1.44871364250833e-06,1
"20691",4.971147197019e-08,2.87888539767677e-11,5.66835476303349e-08,0.999667512347028,0.00033238122916366,4
"20693",0.000333877015557956,0.933633515268326,3.36445274919935e-33,9.09306309577205e-46,0.066032607716116,2
"20695",0.000705192504869966,0.123400519234531,0.754447874363405,0.110708364765608,0.0107380491315854,3
"20697",3.01505630356332e-06,0.964724307308049,6.61724146806853e-27,1.62563012745136e-15,0.0352726776356459,2
"20699",1.69939639007641e-08,0.954227322436008,0.00023280896852359,1.88179598796936e-15,0.0455398516015031,2
"20701",1.79011677395344e-05,0.964326686110862,1.18629567909285e-11,8.65890265082198e-31,0.0356554127095359,2
"20703",0.00414197638154549,2.20799082233321e-16,3.68007063305195e-18,4.41629840962341e-33,0.995858023618454,5
"20705",1.03994567408083e-05,0.921734556124039,9.36667455021014e-21,5.91662282004946e-31,0.0782550444192204,2
"20707",6.35080462200013e-05,0.0946366610113265,0.901685465489251,6.75828714064479e-10,0.00361436477737396,3
"20709",5.5123775058066e-07,0.0355768346958295,1.32359908465689e-10,0.00148081431469308,0.962941799619367,5
"20713",0.998502254428759,0.000124176700243121,0.00086755080500387,6.712830273554e-14,0.000506018065926494,1
"20715",0.0408630592113854,4.92780137092756e-08,5.93807728403179e-84,1.82165326599858e-29,0.959136891510601,5
"20717",0.000115012799705336,0.00705524137761782,0.990090817112002,4.48590722872375e-05,0.00269406963838814,3
"20720",0.000257316036510274,0.979430644965145,1.38815632107133e-17,7.57285460837534e-18,0.0203120389983446,2
"20722",8.35498631938427e-08,0.963047707845495,2.03494376091917e-11,5.87104634430496e-17,0.0369522085842926,2
"20724",1.37119856311653e-07,0.000504692942148578,0.99780881230855,0.00149627883813294,0.000190078791312385,3
"20726",0.000161193764143475,0.896491404728445,9.02477037057067e-34,5.51849190139571e-43,0.103347401507412,2
"20728",1.87942061649065e-07,5.24038299039052e-05,0.999372321820583,1.55002718143095e-13,0.000575086407295883,3
"20730",8.25599821571173e-06,0.021035672997332,0.96774448872364,0.0106063942853408,0.000605187995471949,3
"20732",0.000299426793768717,0.00337494471335872,2.33887230413372e-29,3.17864972951573e-36,0.996325628492873,5
"20734",3.50964960177442e-06,0.970377980073166,0.00045451290649087,1.58940719093659e-13,0.0291639973705821,2
"20736",1.87980116165328e-08,1.22606195775825e-05,0.000149099353071807,0.998872438526127,0.000966182703211909,4
"20738",3.4938176237748e-09,7.78373838171706e-12,1.17548049526688e-48,1.55414876709862e-30,0.999999996498399,5
"20740",0.98119459390722,0.0167702129602498,1.5498789166046e-15,7.33405383306277e-61,0.00203519313252883,1
"20742",0.0968344524453956,0.0064013132212493,0.896725899085202,2.0503281115588e-16,3.8335248153021e-05,3
"20744",1.16456692493518e-10,8.05825025110961e-10,9.11865351032105e-05,0.989944712078277,0.00996410046433835,4
"20746",6.40455341164958e-06,0.805892059119486,0.18813659695347,1.55409219600959e-12,0.00596493937207839,2
"20748",1.8607876617732e-05,0.000344802940360098,0.973234575362649,0.0262989574435377,0.000103056376835622,3
"20750",5.46261241082482e-09,0.00601861220596388,0.352314173994848,0.634009773963776,0.00765743437279962,4
"20752",2.47729656462699e-05,0.981006772482577,1.72041313529483e-08,2.91351747846121e-24,0.0189684373476453,2
"20754",2.35281577277241e-09,1.0475392877956e-11,2.46358433499323e-05,2.27808429840199e-16,0.999975361793359,5
"20756",4.86262063506808e-06,0.874441846469118,0.00710460006989256,0.0776965367841923,0.0407521540561618,2
"20758",8.04459577416728e-12,1.65178989254221e-07,1.02894104071551e-17,4.54049475262706e-12,0.999999834808426,5
"20760",1.80252845350203e-08,5.09479147024538e-05,0.97432020851947,0.0239105625213222,0.00171826301922037,3
"20762",1.34571653949239e-07,5.84568650218541e-11,0.000124751970642276,1.26444871018963e-20,0.999875113399247,5
"20764",0.000577503217344557,8.29179225853074e-06,0.421264563914548,0.57011339229873,0.00803624877711884,4
"20766",1.082109861516e-06,0.000435869904862878,0.674486711573452,0.324264116458273,0.000812219953550891,3
"20768",1.64000234198548e-06,0.002066832595538,0.00391358872796184,0.993598420915562,0.000419517758596335,4
"20770",1.00420061344439e-06,0.00964844697455896,0.000221198840359596,2.93416440856178e-20,0.990129349984468,5
"20772",1.15114471911691e-08,0.978710653307222,6.69131022917304e-34,2.28816094307482e-26,0.0212893351813312,2
"20774",0.000313245599954892,0.0015697815937836,9.18846234045373e-75,8.92244105937058e-69,0.998116972806262,5
"20776",0.00383095346668602,0.920427050866684,0.0438854881484693,4.72867590418616e-24,0.0318565075181606,2
"20778",0.994159048003508,3.65087197144703e-06,6.11662244946545e-85,6.05630325384679e-60,0.00583730112452032,1
"20780",8.95348506366426e-10,1.48753193342232e-16,1.12257151750075e-19,4.09753122584313e-17,0.999999999104651,5
"20782",6.95736753939681e-07,4.46739170403853e-13,2.00274575130485e-05,1.01203515812569e-14,0.999979276805276,5
"20784",3.9101783344828e-07,1.21223689961491e-09,5.78304271025722e-05,2.06795015181701e-19,0.999941777342827,5
"20786",8.53650673662733e-10,2.66246280926985e-15,6.99977351005863e-14,0.901541689600031,0.0984583095462454,4
"20788",0.000248348265290005,0.136705865401299,0.862099288418027,3.86465986045637e-10,0.000946497528918111,3
"20790",2.04814868541835e-08,2.64509702656343e-05,0.942302591272982,9.1184225133389e-05,0.0575797530501324,3
"20792",0.000783309850008509,0.825029083885114,1.42735106805102e-07,0.000164240178747234,0.174023223351023,2
"20794",1.71487790087487e-09,1.13358054098156e-06,0.942424331329921,0.000843354745711787,0.0567311786289488,3
"20796",0.000175902944213209,0.983291196010501,2.16343606574338e-27,9.97647150054788e-36,0.0165329010452861,2
"20798",8.44407430408409e-09,3.58533668304981e-15,6.89155991432382e-16,0.999819263471112,0.000180728084809301,4
"20801",5.73611735953757e-08,9.48768577086248e-09,3.01680592281595e-24,1.13706796232534e-05,0.999988562471517,5
"20803",0.006833178815887,0.901111750805527,0.0607778954711026,2.57016649229329e-14,0.031277174907458,2
"20805",1.51942092724804e-06,0.981201610111662,0.00029344956262467,7.07648709012934e-18,0.0185034209047865,2
"20807",8.44407430408409e-09,3.58533668304981e-15,6.89155991432382e-16,0.999819263471112,0.000180728084809301,4
"20809",0.405326932327539,0.197380379825969,0.229390830520383,3.08797514302377e-17,0.167901857326109,1
"20811",1.15187605086091e-05,1.23971611576387e-05,3.86373385208347e-21,1.54262764262158e-08,0.999976068652057,5
"20813",8.70435425376033e-05,0.0914958288590943,1.49375503190509e-10,1.28571103927074e-06,0.908415841737953,5
"20815",8.38943421511728e-10,5.50793947175212e-20,1.26853953985783e-18,0.0421016556516803,0.957898343509376,5
"20817",2.33187631069496e-06,0.00187936148021056,0.998021426186745,1.78329795502419e-05,7.9047477183812e-05,3
"20819",0.000425136819260809,0.970617277154975,0.00138394527041174,4.03468133670975e-22,0.0275736407553522,2
"20821",4.70444055985283e-12,6.8676304272196e-12,2.02278597410025e-51,3.63281856640586e-32,0.999999999988428,5
"20823",0.000192640896347394,0.994842199786058,0.00180887874032404,6.47277530973445e-09,0.00315627410449493,2
"20825",8.67882118667132e-08,0.00035857911646885,0.998939535281031,9.1679491517946e-07,0.000700882019372842,3
"20827",0.000407186028986477,0.00349762911075022,1.65325967416291e-07,0.602609849356562,0.393485170177734,4
