"","V1","V2","V3","V4","V5","V6","V7","V8","V9","V10","best$classification"
"19812",0.974206430355632,2.83892771283524e-05,1.28180413097791e-26,3.10501647885566e-08,1.08997492317079e-08,0.0233581124485114,4.35629286239935e-23,0.000224141513886877,0.00217725599762703,5.62845729990056e-06,1
"19814",0.0472703545319873,0.0135725005778359,1.09626922900218e-06,3.89090473167466e-12,2.0945483230418e-07,0.000228394740269866,0.938436022038358,1.68092438877139e-05,0.000474612519386124,6.20323058559364e-10,7
"19816",0.126171334208783,1.88462710447619e-31,4.05875501168039e-24,0.839154739866884,9.65527719564052e-08,1.0924417604625e-05,7.32753829436985e-36,0.0335349915986461,0.00112782947885601,8.38764547022348e-08,4
"19818",0.992739769160163,1.47397461441067e-08,2.26354798405525e-07,3.08301632665652e-08,1.69718756511234e-08,0.00165408714589736,7.36626573979685e-05,0.00234173542413285,0.00319008841514139,3.68300684551504e-07,1
"19820",8.14810364680308e-07,1.62282484434331e-171,1.26522071506636e-58,0.981982046473331,0.00234074998365933,5.22190048440431e-10,1.47941323597485e-136,0.0156730834173959,3.30479305902579e-06,7.00412536530849e-34,4
"19822",1.28171396951437e-13,5.31686540975733e-203,3.09717106474818e-47,1.67724221053018e-05,0.000823773797390581,1.06182479478491e-05,3.40411532748941e-168,0.999147789761005,1.04577142281359e-06,1.23128528942699e-35,8
"19824",2.15456140902655e-06,5.98661073446963e-75,1.03217814906728e-16,3.71580461000455e-05,7.19106283395811e-05,5.95673211967355e-10,9.37393516299235e-76,0.999888776152741,1.57366437322759e-11,3.60041170455408e-16,8
"19826",0.875670189889428,0.000874779318185959,4.64836648870433e-18,1.44419562321056e-09,0.00020926400028422,2.65233150173639e-06,3.35554755693126e-22,0.0879608934906673,0.0164595660468049,0.0188226534789327,1
"19828",0.00642015507066518,3.86521694847353e-78,1.59669964996213e-31,0.961346397292231,1.04448059205565e-05,0.000774033030235033,1.85714423222947e-55,0.0312760958530221,0.000172873947926497,6.31023968058898e-23,4
"19830",0.0935058094255801,0.000151516414623796,2.40116005199133e-19,1.22516879431759e-29,5.34496781398729e-07,0.157313288103771,1.96768303067409e-21,2.21817213428186e-08,0.748991959311859,3.68700656626195e-05,9
"19832",0.0130982220455818,4.67049036172398e-23,3.8251506208238e-54,2.17266684463629e-08,0.000243593671559767,0.98662830042497,9.56740907814831e-56,2.8201482898526e-05,1.66064832175913e-06,4.98234146393571e-29,6
"19834",0.350343096133222,1.41858971288255e-46,4.95113332956887e-23,0.00108242213498084,9.95284488937826e-09,0.0198802067266746,1.36918885808353e-36,0.0465971246849352,0.582097140367343,5.07995841049116e-21,9
"19836",0.970073977652634,2.11475086749956e-21,2.72401434999957e-39,2.77546117920295e-09,1.36494416127925e-06,0.00153020964219325,5.90583948034331e-48,0.00607965208805558,0.000109626832395805,0.0222051660650988,1
"19838",0.00770054406743953,0.990855692371059,8.4116886872401e-14,1.74200581592502e-25,1.27352088197327e-08,0.00132553011144762,4.03552016991989e-07,1.25663546071322e-09,0.000117814672843858,1.23326466412103e-09,2
"19840",0.767595480161369,1.67921098116619e-30,4.48366080717432e-34,0.00516632425211529,0.000640101882323425,5.3970775837357e-08,6.59936845668334e-41,0.137802753146808,0.0887951334875235,1.53099085419024e-07,1
"19842",2.29893908797911e-08,0.000271739927342436,6.0096133131396e-28,4.13536715131802e-46,0.000784500506851187,2.73141131794817e-11,5.38669358263284e-35,2.3493071153349e-09,8.4168102041494e-05,0.998859566097753,10
"19844",1.04255835975009e-25,2.46039623963972e-81,0.965363743139909,8.18710202091498e-32,0.0346315375184168,8.68216754649704e-29,2.02323639609745e-42,4.71915376666376e-06,1.71153313525679e-10,1.67543842936419e-11,3
"19846",2.15321822684769e-05,0.114120886441754,0.000224982077926634,2.7183127022701e-38,7.57851381734406e-07,1.13708826904816e-07,0.871068859100634,2.44355686956123e-07,1.00015628630988e-07,0.0145625242658927,7
"19848",0.000203436521168063,0.000188798918348084,0.0229279382047427,5.32707323823184e-33,2.07518524457475e-07,4.52765030939042e-06,0.97664676662652,2.3687361336953e-07,5.98817501535709e-07,2.74888692727963e-05,7
"19850",0.0026775006281942,0.0143332394843285,4.49718034502212e-05,3.85570930844968e-23,0.000297273741317952,3.73024839439891e-06,0.981845469144882,0.000702576266346599,9.50601074851938e-05,1.78575600943464e-07,7
"19852",0.985692237729203,2.98516394341764e-13,3.17806009019319e-11,0.00196415851727561,7.89419978070397e-08,0.00167676588638264,1.55096771318232e-13,0.00859836675385806,0.00206839078120964,1.35783895254551e-09,1
"19854",5.86680407937087e-05,1.39585399436075e-06,9.52555614275396e-05,1.09173658537879e-31,2.2634330904089e-08,5.3367941762962e-06,0.999838053722299,7.26907769303347e-10,1.20846614298716e-06,5.81999279270397e-08,7
"19856",2.93208937692891e-10,2.1292651004347e-27,0.000852453287437973,1.40165435005912e-27,0.00555168054023655,1.21016056709491e-10,3.31586151480269e-38,0.993595621009683,2.43761254993544e-07,9.87162150354102e-10,8
"19858",4.42322374338351e-11,3.59060103116741e-69,0.00163651908025169,1.48110956006366e-15,0.00105505002767255,1.17772316168513e-10,6.30316894825873e-44,0.997308430313648,4.16421542505007e-10,2.18462406199638e-16,8
"19860",0.956512338438772,3.62507329325189e-08,2.01610802499296e-20,0.00361533425240219,3.53477794319597e-06,0.000701991790656711,7.56909113116742e-15,0.0191947919855727,0.0199719710673021,1.43661071874106e-09,1
"19862",7.08074830644048e-05,0.897508231541051,7.27316586996983e-16,7.49777757761013e-41,9.51837307228764e-06,3.36841647496388e-07,4.46471673681503e-13,1.56824067606199e-09,1.79557231035562e-06,0.102409308620167,2
"19864",2.68038163374965e-25,5.04641552739362e-117,7.82972784572346e-50,1.258476612004e-42,0.708435702227136,5.44294124935102e-25,3.49034802901946e-117,1.39830812465543e-09,3.07806453365036e-09,0.291564293296492,5
"19866",0.0119847750396221,1.64263672639356e-61,1.40371344748546e-36,7.90722652032757e-06,4.22360683721989e-06,3.13066104086521e-10,1.59432016036621e-81,0.93471139054996,0.0532904172519261,1.2860120680136e-06,8
"19868",5.46842542682658e-34,4.54423393837367e-116,1.46119015169001e-64,4.74449900892699e-48,0.999579657629021,0.000420328252266225,5.73521063966122e-113,2.81026506850889e-30,1.41187129823064e-08,2.49036879765856e-48,5
"19870",0.550020796337888,0.312623702820332,4.19588553718204e-11,4.47774755143416e-22,1.95253714588005e-06,0.00274693621046939,0.00111195105354008,4.05388006876426e-06,0.00506498922149405,0.128425617897103,1
"19873",0.906430282502889,1.33113620139377e-05,1.50162928045026e-14,2.81637586749445e-11,2.28353090207831e-07,0.00012886231508624,6.0791389589664e-10,0.0166083572700936,0.0762143427131152,0.000604614847618494,1
"19875",0.0634959659092712,1.18742273245461e-39,1.72968203624656e-45,0.897764856984847,0.000354460172877502,0.000106999956119369,1.36037177253157e-50,0.0330081229870772,0.00526959398980753,1.32721625566856e-23,4
"19877",0.970429192129859,0.000880324856367877,2.69826011945711e-07,2.94579352884187e-13,5.53248142128767e-08,0.00914802320073627,0.000182318596443275,0.000226750189022647,0.0176071707850661,0.00152589509138386,1
"19879",0.960615401320804,2.4645605384444e-24,1.05096461883349e-08,1.29847002543368e-09,7.67039485689201e-11,0.0152545044498754,8.52448356260604e-23,0.00441865724867742,0.0197109627641882,4.62331634256157e-07,1
"19881",0.363251780065366,1.03510479604947e-08,2.99243885475479e-10,3.9816687483915e-17,3.30382010394266e-08,0.000267878046432688,1.46284610057671e-19,0.522166353620785,6.91087697531631e-05,0.11424483580917,8
"19883",0.0160964870740541,1.81431718477554e-05,2.96415946266406e-18,8.76052362182111e-20,1.20058151343788e-07,4.22092329817404e-06,1.24281347521564e-21,0.0326029103478896,0.00025063303386136,0.951027485390898,10
"19899",0.954603517116472,8.69101715780466e-33,1.31694485013865e-34,1.11667079705303e-09,0.000417749671183724,0.000350006537849791,8.78996627746235e-46,5.3377142572198e-06,0.0446233753705359,1.24730304534384e-08,1
"19908",2.23888721163294e-18,7.24200592756907e-106,1.05001847759555e-42,2.68594108429318e-33,0.0465224879954738,5.61069074147292e-18,5.26499307106576e-125,2.68157768195865e-08,0.953477485188749,3.60393510286458e-16,9
"19910",0.989687588233069,2.17338752254372e-09,8.3642788350809e-11,3.06167968837704e-05,1.10160920525468e-08,0.00189394109970764,1.19320195408345e-14,0.00770726419507658,0.000640727523704616,3.98488784243749e-05,1
"19912",2.12587093205943e-06,0.00173999938288439,1.24753793676593e-16,1.32478443549791e-44,0.000112235101467703,4.20528921477541e-09,2.59959705258394e-22,1.98076396638213e-07,0.00494835514534241,0.993197082217687,10
"19914",0.945090533862116,6.53638386366432e-19,7.99740815767335e-11,8.42218694955549e-10,6.517968033408e-10,0.0245552170488934,2.96903631044856e-27,0.013002368807123,0.017351875869208,2.83867040353167e-09,1
"19916",1.08102719076465e-12,2.18481053379387e-114,1.14148576650657e-29,3.15881036477786e-13,0.0259400460843951,8.1690571045854e-20,2.81238857171744e-117,0.974059949451742,1.88382039140786e-09,2.57864524427771e-09,8
"19918",0.0749714803952581,0.229685299708978,0.0697832037878571,4.08757951612581e-21,5.21896833302532e-07,8.12348476342213e-06,0.178605754299302,0.0196716011156107,0.000101370849623838,0.427172644461774,10
"19920",5.91830348595482e-05,1.48818447159447e-05,0.998982850589612,2.3136653823762e-27,5.20019747509227e-05,6.08101004518399e-10,0.000155817531886001,2.14363119923541e-05,0.00067905740117838,3.47707029032402e-05,3
"19922",3.55824324225327e-08,3.6379681573733e-25,6.67595050302995e-56,4.87197754026511e-15,0.00104296658849271,0.99895699782829,2.70145541927372e-46,1.23936854602564e-14,7.67201660568316e-13,1.32929682008166e-30,6
"19924",0.968526178177628,4.81625042902759e-08,0.00334486374677203,1.08068661724984e-11,5.17703592545762e-07,0.000558282146070269,1.61719004896528e-08,0.00604691988792881,0.020221741751471,0.00130143224132541,1
"19926",0.910672054287419,5.62350222719505e-39,6.02248204844513e-43,7.62119465699663e-11,1.22791671882377e-05,0.0776968632724424,5.25862782883099e-73,0.00235316398987911,0.00925592895496588,9.71025189296625e-06,1
"19928",1.88258693981844e-36,1.75104080107836e-94,1.43496884656909e-47,3.29667645721897e-69,0.147811732312792,6.25872151618476e-31,1.78777199607181e-119,1.62109697173698e-13,1.95511171990808e-14,0.852188267687026,10
"19930",0.0640867240671249,0.935214490401774,1.29172693822138e-15,3.27891612004837e-15,2.21904728017923e-08,0.000640977048026121,5.93602734761224e-06,1.01855281698419e-06,4.21823487315837e-05,8.64936370195033e-06,2
"19932",0.00921438215016541,0.986402649045601,1.19177863402398e-09,6.29554672799683e-25,9.0418997539584e-08,0.000266985202653047,0.00410276041215145,9.05720764715338e-09,1.22968096010056e-05,8.25711843879478e-07,2
"19934",0.3657727825874,9.49591402193856e-41,7.15004910216068e-17,0.0330285743647714,8.95596926133304e-09,0.0316729168600257,2.90359470293089e-37,0.568995829337607,0.000529887894226512,5.34334039277979e-19,8
"19936",0.967276091212759,7.51286134139618e-08,2.26393644094565e-19,1.33449048383158e-09,0.000732412132654881,0.0113608926891766,6.03230446077244e-19,2.6459424986102e-05,0.0206040110922016,5.69851181736065e-08,1
"19938",0.000308923867739702,8.06392211665108e-104,2.25708466736812e-24,1.67544033285899e-05,3.12236430552248e-05,1.32020743006178e-06,9.52221282514597e-116,0.998808221724454,0.000833556153992843,5.24672238328961e-18,8
"19940",0.865702780580159,1.53783534861504e-09,3.01864098907511e-11,3.10127122423906e-10,8.43163048814316e-09,0.000460595391153722,2.1314259636844e-17,0.0352722007755894,6.03330137895981e-05,0.0985040799295286,1
"19942",5.14786555706529e-21,2.77425396812628e-68,1.30364260487386e-42,1.15934185202229e-47,0.0670605622047042,6.95204173890717e-27,1.69305219276225e-101,1.32908120550376e-06,1.56096079240852e-07,0.932937952618011,10
"19944",0.964056200765888,3.55424545277168e-14,3.80165012920846e-14,0.000169346232150963,4.69389323844264e-08,0.000424887115954543,1.01315394301537e-30,0.0349367726178626,0.000149856615131685,0.000262889714006557,1
"19946",0.973170738120077,1.71020729696118e-08,5.76452787758766e-05,1.70911514859205e-08,1.16656211699834e-07,0.000338957775276839,2.0348671242167e-10,0.0227536830897992,0.00367626156766433,2.56311548397902e-06,1
"19948",1.22318644227095e-20,1.29669409208676e-44,4.8553012999851e-38,5.68810826080416e-47,0.00809817423238301,2.31838928879467e-24,1.27446369154115e-69,5.42593231901535e-08,3.30080303870637e-12,0.991901771504993,10
"19950",1.36643647853496e-12,1.14121672913425e-17,0.999881859256323,1.01225006456287e-39,0.000117890107532306,1.26283009666429e-11,2.57228160239298e-17,1.43678373810955e-08,2.36243758177886e-07,1.05540085336096e-11,3
"19952",1.22318644227095e-20,1.29669409208676e-44,4.8553012999851e-38,5.68810826080416e-47,0.00809817423238301,2.31838928879467e-24,1.27446369154115e-69,5.42593231901535e-08,3.30080303870637e-12,0.991901771504993,10
"19954",0.0249368041306518,0.971997097971149,5.20046047488766e-11,7.50427571338089e-20,3.16319993521617e-08,0.00020028467158297,0.00279011282206005,1.36190960953776e-07,2.54103007256727e-05,5.01222288654447e-05,2
"19956",1.41206837412388e-12,3.39897590967619e-15,1.18214046656851e-09,1.58950440647456e-55,0.0425482533549335,8.69338747592591e-11,6.12295162363432e-24,1.18851480426146e-11,0.957451558635258,1.86727433126558e-07,9
"19958",7.491239912544e-27,1.45256178248635e-63,9.00982799665804e-55,7.91072061421189e-36,0.36882869988333,0.63117130011667,8.10835546389622e-74,2.39904077229995e-23,1.25315966505257e-22,4.64738353980851e-50,6
"19962",0.0013355358949485,1.21775569126821e-19,3.15352886784681e-07,8.37982357833725e-14,0.00012501312140271,1.80289788706404e-05,2.5153012036372e-29,0.998520966653984,1.39997535221496e-07,2.88375648819981e-13,8
"19964",0.712983309653268,1.95474731503665e-20,2.19985720293935e-10,2.29625113825073e-12,6.70696815409624e-05,0.000542495695214899,2.99975236622206e-18,0.179557217926899,2.26334861994778e-07,0.106849680485933,1
"19966",6.15385011614365e-05,2.63268287293639e-134,2.93996652197945e-55,3.52216382804488e-05,0.000873662679493101,1.5377000320807e-10,2.77876295072786e-139,0.99900131884663,2.82574533095318e-05,7.27355204967609e-10,8
"19969",0.515730158575263,0.00613352753537114,2.58099851366438e-23,1.08733769356448e-20,1.29845196501121e-06,0.000345291354822862,4.28131268979257e-21,0.00156006353191978,0.225469754094317,0.250759906456341,1
"19972",0.000306961733824032,4.34521173360057e-09,4.60274084696863e-07,1.8633936162455e-31,3.1226985855805e-05,2.26667536195325e-07,1.32170720375503e-09,1.50296617541468e-06,0.0011578638178016,0.998501751887803,10
"19974",1.39495984202525e-11,5.56235811367017e-06,0.0391068717444453,4.5458591706173e-54,0.000773933280359022,2.0340895611637e-14,0.00869206344401621,2.24811494437549e-09,4.72215612037658e-07,0.951421094695369,10
"19976",0.954764868327715,3.18807189057168e-07,0.000285016887671103,7.18938064941165e-13,8.59638442297831e-07,0.000152751643596049,2.52117499542023e-05,0.00170328449714206,0.0425803349831654,0.000487353464405321,1
"19978",0.868541146943991,1.6293194900437e-18,1.2040456345446e-14,0.0374801420574099,4.73444979721793e-05,4.51306064630399e-06,1.59882175806291e-17,0.0934221491328217,0.00045857338599392,4.61309211528333e-05,1
"19980",1.58052179783572e-05,0.000284002016565125,0.00702853638582106,2.10054880810633e-34,1.88284580493782e-07,6.94888782202613e-07,0.992669690005878,2.12969017258261e-09,7.24691927649429e-07,3.56378776872453e-07,7
"19982",0.000841683871965788,4.76333897713518e-16,0.142405265103017,3.66798479600696e-22,0.748303887670525,1.5873170529281e-06,4.64537201352757e-05,1.68913614669916e-05,0.108384203678659,2.72771770374789e-08,5
"19984",8.02985079181775e-13,1.83898514879905e-32,0.990898567393698,1.77089679090614e-28,0.00190331710176469,1.77044026669805e-15,1.6959886463224e-33,0.00719800121006926,9.69896090539025e-08,1.73040541193859e-08,3
"19986",0.00617958901857649,1.34254771242655e-128,7.60830450848554e-52,0.44548797871528,2.79394805979673e-05,3.0042309159454e-06,5.10047039544854e-143,0.545180042884521,0.00312144567010896,4.87447414527304e-24,8
"19988",4.17866377237456e-07,4.5928131678488e-190,6.41931754645923e-65,0.964209529652082,0.00432766184103573,6.06808591462343e-09,1.55796134734032e-155,0.0310334351985904,0.000428949373829119,6.53303127380836e-40,4
"19992",2.44509574892926e-05,8.68757089389716e-120,6.17194867562101e-40,0.983252795647284,0.000394914633920468,1.27268626417731e-09,8.98491364303901e-115,0.0157593162976696,0.000568521190950374,5.62906564130637e-38,4
"19994",0.0590547628075509,0.939245394107935,8.87960237309533e-18,2.86502367623821e-14,1.02724820715599e-08,0.00160246921807411,1.13543722096475e-08,2.13805646969444e-07,8.59480934735755e-05,1.11903404361688e-05,2
"19996",0.00237032897477226,6.78059161771399e-104,2.33079672622958e-35,0.966436401605929,0.000130185749447128,3.66040389973229e-07,1.23276943932101e-88,0.02965368406877,0.00140903356069116,9.29138054287844e-31,4
"19998",1.92408127361496e-07,1.19380369784146e-35,1.10291900407841e-18,1.3784178340851e-24,3.87311769234575e-05,6.88098559171e-11,2.7947835915759e-58,0.990433306367592,0.00950499465494035,2.27753236066075e-05,8
"20000",6.91482393389007e-07,1.58710455994382e-13,8.24964506611874e-34,1.60368256991288e-44,0.000198232558177523,0.921968445422411,2.06935824849217e-47,1.36588806421289e-11,0.0778326304349859,8.82149385056923e-11,6
"20003",0.984295715694343,1.49810336288548e-06,1.50483920437924e-32,2.96822516448173e-12,1.14664533172663e-08,0.0146629256695608,5.34526539576734e-30,6.62321883487547e-05,0.000291022997982242,0.000682593876980418,1
"20005",9.64991296882058e-05,2.06633962517178e-06,0.129805932416196,2.0434854460486e-38,6.10232819601476e-06,1.24256162162967e-06,0.86931258496367,1.35881788954038e-08,4.00651472436097e-05,0.000735493525580729,7
"20007",0.97407249147636,1.07384820613345e-29,3.40631246922597e-20,3.79052849844066e-07,1.92537117413541e-07,0.000670522843778629,1.24598106383042e-23,0.000786651279271974,0.0244697628105756,4.6218851477798e-14,1
"20009",1.08457821049691e-07,1.12502308511618e-104,1.81101881422629e-21,1.76677916089634e-08,1.37417019526304e-05,8.64571737002105e-09,1.16817301521084e-109,0.999986123523664,3.05064797657117e-12,2.82541276117693e-15,8
"20011",0.138032480634702,3.87080441091532e-08,2.82868895332026e-07,6.36677941036029e-22,2.34750472599203e-06,9.69082159764674e-05,4.8712497173952e-12,0.000305341824286524,0.280404065565428,0.58115853467307,10
"20013",0.46706968592743,0.0276050563792364,0.34196513978265,7.46068322876098e-18,8.78779786037781e-07,0.00132993435648982,0.0643947749244428,0.000477222261117515,0.0971437634495909,1.35441392568991e-05,1
"20016",9.07556744729838e-08,1.1545599764966e-153,2.58258143125404e-34,0.000418709195306175,3.37067906095976e-06,1.74289776003197e-06,8.6823423664312e-135,0.997480119793426,0.00209596667877216,5.69533342122913e-30,8
"20018",9.88427910596722e-39,5.92064682187652e-267,7.52385535773754e-126,4.13505968485901e-11,0.999990792658309,9.20729555005142e-06,8.5626796303464e-275,4.79070942587432e-12,5.23612574178428e-18,1.92597263160253e-80,5
"20021",0.324039605133067,1.31949736879525e-33,4.02735664911739e-46,0.63238040212224,2.44739436497355e-06,0.0049422713995398,1.77366167946074e-47,0.0386301737367774,5.10021401088625e-06,4.94723938519013e-17,4
"20023",0.940176944333967,5.69425662257425e-24,5.14711436826456e-13,0.000407981441040884,4.22319319747747e-07,0.00145850331819865,1.61063879070208e-41,0.0578574432245659,9.87052813809144e-05,8.10124772996324e-11,1
"20025",1.51664883788776e-15,5.49293058443631e-156,1.52268555175978e-103,8.16455415399775e-06,0.999954885715426,1.57116050648399e-05,1.15534936337385e-157,1.89564221900242e-08,2.12191689317266e-05,1.07461671086278e-59,5
"20027",0.00801157666766968,0.00021194684186978,3.05166048486737e-29,5.17013792920009e-31,8.50620592134444e-05,1.46577008698685e-06,5.59457271946041e-32,3.83039731023889e-08,0.00947395965071133,0.982215950706476,10
"20029",0.00256638204766752,0.00168684233071923,6.26735631085635e-13,4.04087147950261e-30,2.67885218462527e-05,2.91846661568907e-07,3.75260362772658e-11,0.000146043294402273,0.0239580270816933,0.971615624838857,10
"20032",0.0120092576029085,0.981085961607468,7.69685835819758e-22,5.04580094478099e-26,5.8300401344735e-08,0.000501831014907118,4.60861593329387e-16,1.08206209952539e-07,2.48502497838491e-06,0.00640029824312622,2
"20034",3.27175234122152e-14,5.50912346304829e-31,2.06833859777397e-40,3.50134233670066e-40,0.00310921172933773,3.62345772798382e-17,6.77600360806108e-68,6.50857294821088e-07,2.76884925667407e-11,0.996890137385646,10
"20036",1.71689388717645e-05,8.03262618097257e-24,1.40514069577222e-11,6.33360445918774e-19,0.0078387021825739,2.69569603904587e-11,8.40872223061118e-33,0.0083178535554855,0.983826275278068,3.9925321252099e-12,9
"20038",0.0677152487454669,1.00390292065361e-86,1.51855704148199e-61,0.873877793795954,2.57074480240103e-06,0.0215246341075799,1.18663630368814e-97,0.0102622147562752,0.0266175378499215,2.84563900857697e-24,4
"20040",5.07371156087244e-16,7.82542434432674e-182,2.13969765426963e-51,3.01429691336258e-08,0.0616593446095676,5.52692659006782e-09,3.51203362128985e-190,0.938340619718791,1.74494285184898e-12,3.04203734506914e-27,8
"20043",0.0191320756844605,4.8273743311865e-44,8.20008813710466e-37,0.85678782771384,0.000420991828741398,0.00120948104482913,7.00944940481132e-48,0.120890240619779,0.00155938310834971,3.42464917372369e-29,4
"20045",1.15677801685226e-10,3.08089699146716e-186,4.12914272715194e-50,0.977766893262519,0.00327127706190698,8.67970349487893e-07,4.7090116361268e-152,0.0189609380597202,2.35298267265942e-08,2.01455877781873e-51,4
"20048",7.16042130490971e-23,2.07396895681238e-54,0.995224903617179,3.78343915393746e-43,0.00477508154199051,4.73634992568356e-18,3.18796758380448e-13,1.97947760784313e-09,1.28610042903249e-08,2.96592762761834e-14,3
"20051",0.283633733036574,4.10101690378471e-20,4.72443785102575e-18,6.02531020728753e-06,0.00440579007085734,0.141902254647487,3.07266132747247e-15,0.539559503069046,0.0304926938658254,7.66002810881877e-29,8
"20053",0.81209373962591,9.31867851186094e-31,1.04591641936277e-11,2.98397755569202e-05,4.65448001984937e-08,2.00116139002889e-05,8.15390956308812e-60,0.187409070502715,0.00044729133219931,5.94459014746436e-10,1
"20055",0.046037799026142,1.55459536133986e-76,2.9574382808574e-77,3.13520062654499e-05,0.000138151451831477,0.209391454306547,8.09890538948412e-97,4.33510021680134e-06,0.744396908108998,4.55024892481381e-19,9
"20057",1.76280149429579e-54,2.30133330436368e-126,4.85591981514903e-72,1.59292290796861e-79,0.999909329955899,9.06700441013534e-05,6.22881257911776e-129,1.62220346160434e-37,3.21541242041586e-28,8.43814583259329e-46,5
"20059",0.379232768938525,5.85794028706434e-44,2.07693221671378e-25,7.02088189532003e-05,0.00445218315663821,0.00107792922095108,2.19016714933963e-66,0.615153459600785,1.34502159253673e-05,4.82221675993348e-11,8
"20061",0.972053463018044,1.6213350731089e-28,2.54031483315918e-24,1.19582194781913e-05,1.91538001456683e-05,4.1208240482108e-05,2.60833003473273e-32,0.0190961825193556,0.00877803406467048,1.37823851065704e-10,1
"20063",5.06696025957726e-37,3.86896453512606e-160,4.10084739705306e-14,4.87289112759323e-25,0.999630019781184,8.49135897194697e-34,8.11346001645907e-121,0.000369979586603828,6.32171549205821e-10,1.43454988774105e-27,5
"20065",9.02582631354472e-12,2.13054445960482e-150,9.97445227154146e-121,0.0879407896392838,0.0594280316787768,0.852631072137381,8.83831687114556e-169,3.14260262180453e-09,1.03392930058364e-07,1.59310761834649e-62,6
"20067",0.000298614805991113,1.54009088571555e-75,1.40317217932776e-17,0.170694929048486,7.42930863681011e-05,0.00270631289033922,3.95779928714683e-80,0.826214682688843,1.11674799730396e-05,9.2857793911019e-39,8
"20069",5.09190513315731e-05,0.0001969915737002,0.260015002305289,1.44724558253966e-31,4.99348876554997e-06,1.89590731085392e-06,0.739720297021243,2.33226715143036e-08,9.79746853888262e-06,7.98611487260129e-08,7
"20071",0.00274884583700123,1.1820004739939e-57,1.89604768415767e-28,1.79987559907146e-17,0.000324807224367143,5.84939048628198e-08,1.17470227158659e-64,0.00557460128094745,0.99135164994957,3.72142097191282e-08,9
"20073",0.000119276268602583,1.31977362502705e-10,0.823976160020815,5.96713780850903e-21,5.23342965509218e-05,4.56102733946406e-08,2.12915207104004e-13,0.175725007873706,4.19489665240226e-09,0.000127171602964493,3
"20075",8.99964893427208e-26,1.00308727226845e-95,7.7047720709967e-80,7.55505108182571e-41,0.0893576994076722,0.91064230049513,1.45631969996297e-112,3.05940188719896e-27,9.71976699248788e-11,2.08533465776197e-48,6
"20077",0.412227285689081,2.61754144887304e-42,2.00319713102951e-13,0.491855916356463,0.000112641228891467,1.56069827775622e-08,6.20438254836818e-42,0.0829622050072954,0.0128419361110207,6.60418325235894e-14,4
"20079",2.8567826457407e-10,6.38743112962679e-50,1.88811065271928e-12,4.45583018950491e-13,0.0392582046875078,2.86508054283586e-09,1.28433989488503e-32,0.960730600893824,1.11912655754444e-05,1.60592902864171e-27,8
"20081",0.0105564450931265,4.99921527302542e-60,1.79464648065282e-35,0.0530291079500258,0.00129248691046992,0.795837375795409,3.14408030861235e-53,5.26405378712309e-05,0.139231943713098,6.88289506646305e-32,6
"20083",2.54096421778761e-16,2.82460940109132e-68,5.67587508380221e-09,6.53894297626963e-31,0.724011840334984,1.9603378744483e-14,5.84982026712789e-65,0.256191413097233,0.0197967408905346,1.35363910141578e-12,5
"20085",7.36666768945907e-08,9.22820738207377e-172,3.10827225222945e-74,0.99132608478849,0.00012326211625847,6.2176395356242e-06,9.74216652640061e-160,0.00854150616736342,2.85562167532581e-06,8.36337202827284e-46,4
"20088",0.0768394140683614,1.62532436971712e-62,3.69145446815719e-36,0.859344584561614,3.16291100048843e-06,0.00284584185782564,1.16162256690066e-65,0.060962070270411,4.92633078699529e-06,1.61912420383625e-28,4
"20091",3.43115707742717e-14,9.02769919518525e-100,4.22201270851263e-50,1.00815483169424e-14,0.000228255702969532,0.999771428267665,9.0819121403064e-88,8.37332024638052e-14,3.16029237243631e-07,9.6072499845968e-48,6
"20095",2.60697417076421e-11,4.99600566704145e-71,2.04202894417017e-10,3.03246839294674e-25,0.928999173020307,1.47525520255205e-14,6.55842508137103e-74,0.000103953462845957,0.0708790828747887,1.77904117711924e-05,5
"20097",1.36298391943144e-07,7.79043246622955e-170,8.21369443155039e-78,0.994807452765905,0.00156793200835147,2.45302602843029e-05,2.34808407524665e-151,0.00356244758046599,3.75010866012128e-05,2.8683422001313e-51,4
"20099",1.96520879020506e-09,1.24284236386105e-95,8.19632515193639e-19,1.0896569837242e-07,0.00261950964565931,6.71558456427445e-19,7.61428292540919e-74,0.997350062790247,1.60250145447727e-05,1.42916186417925e-05,8
"20102",7.30278543868822e-18,2.33774567307928e-75,1.37463659281223e-10,1.56886160458969e-27,0.998551021566497,0.00139913852938209,5.63435363429539e-46,9.15964435567492e-08,4.97481702139933e-05,4.8394899762954e-37,5
"20105",0.00168153051114914,5.77069825449054e-64,2.82516838067204e-23,0.171844787233547,9.71906090395998e-05,4.59469837235292e-05,8.43940975161938e-33,0.823150106107469,0.00318043855507189,4.26113498052547e-29,8
"20107",0.719794696628249,5.21822913464158e-74,1.48354801750895e-30,0.192520386946632,1.45902568332952e-06,1.84556859407009e-05,3.274326851922e-68,0.0644320296030105,0.0232329721104841,1.78024522309307e-16,1
"20109",3.01226471576702e-05,4.17202871559653e-46,9.15162180305295e-06,1.20764482572316e-05,0.00023529785032449,4.96924553644195e-11,1.35102650696867e-42,0.999713350955875,2.6478538743982e-10,1.62105186920132e-10,8
"20111",2.36714916425259e-17,3.47894327635782e-27,2.47247657314458e-38,5.05515335196882e-44,0.0318876590285527,0.968112340971437,6.85093339419735e-36,2.08868617425127e-26,9.9439305838222e-15,2.32699567332858e-28,6
"20113",0.348601551125116,4.18545619175736e-60,2.77674986726073e-45,8.56869887125356e-06,0.00182498609093056,3.57985706270202e-09,4.93278450519628e-80,0.112873031897356,0.53669093561921,9.22988659152723e-07,9
"20115",0.000883610031556712,0.00272659784316455,4.11610182742691e-32,4.2248170960737e-34,0.0045398899413516,0.99184763258446,5.39707102424825e-25,2.12874425843322e-11,9.00545058596172e-07,1.36903312122268e-06,6
"20117",3.30593226150111e-24,2.69241572116551e-162,5.23196608447078e-88,5.73645716190604e-31,0.999999734648787,2.65291436508895e-07,2.00040694409881e-190,6.09879943338171e-14,5.97120906305658e-11,2.83941312194863e-15,5
"20119",3.63533444893816e-06,1.6144367282759e-110,1.63110533005336e-62,6.61987821548545e-05,0.000304685464355913,5.89127768899506e-13,2.40394405770171e-140,0.999325012074791,0.000300466451863002,1.89179708059356e-09,8
"20121",0.396678763062019,5.31165766966547e-85,3.52322655628673e-40,0.484980493138311,1.16300373826035e-05,3.93020684324181e-05,1.88601933139028e-104,0.115510995862474,0.00277881583138157,2.15000522061497e-19,4
"20123",7.52684139912374e-15,4.21009083383375e-111,1.76524845307909e-81,7.51582225682242e-14,0.00303284356000447,0.996967156200169,9.54796577096455e-137,1.16688537983108e-10,1.2305490376347e-10,2.14546590890501e-53,6
"20125",0.0124296074249356,0.659227433665311,2.72478874798746e-05,2.42458099095619e-22,8.78494203586143e-06,0.000210417677987442,0.326813394297062,2.04517258056103e-06,0.00128056926204509,4.99670561923342e-07,2
"20127",9.49127964248981e-10,4.10729573997528e-152,3.99668517001661e-41,0.969035640208026,0.0191867411141589,2.85686002615119e-11,6.98865388836553e-102,0.0117775914663965,2.62337223238127e-08,3.31654098308339e-40,4
"20140",0.0288108797291802,3.36122089984942e-56,1.68094815125898e-61,7.52156705881793e-11,0.0185217249177555,0.0116896689520369,1.61247305539742e-90,2.62331177424722e-08,0.940977700092688,5.84592610375337e-15,9
"20142",2.42020719779275e-10,4.08125716427585e-13,0.995681846284413,2.47511454394856e-37,0.000569747102929913,1.08485246385352e-10,0.00370380447424039,1.85350507756275e-08,4.45828001833736e-05,4.52268203459052e-10,3
"20144",0.00151011735118527,3.90278543797836e-05,4.80883190249846e-17,5.92917735513046e-33,0.0340390130001479,0.877245290019849,7.80983272225019e-19,9.16122485839909e-11,0.0871665516363879,4.64378032422051e-11,6
"20146",7.28621444309825e-05,4.72727414347951e-14,1.6627139952306e-07,2.44299474826826e-22,0.0137529362091732,4.84201288105853e-07,5.1330276368485e-17,7.34884442701329e-06,0.986166202329234,1.81488466456241e-18,9
"20148",0.959706026880342,0.0170245343806665,8.64154123230496e-20,6.28843532158382e-10,1.81020462569547e-05,0.00127638025564311,1.95922138175629e-13,0.000591867270854822,0.0213830882623138,2.7488376711512e-10,1
"20150",8.20533880630365e-08,0.00579847907824291,0.000760614772491978,1.22711597277007e-45,3.73234373257538e-06,7.49588626802959e-10,0.989793510259313,7.69260650621609e-10,1.32990547929723e-07,0.00364344698343478,7
"20152",0.980691257171903,0.00126130233591031,1.77412058193795e-13,4.22787221600226e-08,2.23593521656458e-06,0.00135707511166617,1.26659027227566e-13,0.0161007875502143,0.000585235365158772,2.06425090469051e-06,1
"20154",6.3026323196484e-18,1.95627476127248e-142,7.07408763840345e-50,5.98222566115673e-06,0.238942758539461,0.761012177014108,1.55334552785713e-114,3.90821473214989e-05,7.34480054416236e-11,1.10296400971648e-70,6
"20156",0.062888210092055,1.0519392018005e-45,5.27555696305009e-10,1.21766957470424e-10,0.00575274270628418,1.12839849760623e-05,2.59436669262518e-38,0.00482563032617738,0.926522132240603,5.81783929820593e-13,9
"20159",9.01930576159382e-06,7.29651730655968e-12,0.999699254809694,1.39641745382282e-33,9.37855653889243e-05,3.41822533944374e-06,4.61623964235304e-09,5.82062020788936e-08,0.00019445920033605,6.3741895048024e-11,3
"20161",3.39765238333358e-10,4.91938363424632e-32,0.148463997352636,2.8076251600114e-26,0.554297459522664,3.33789621903658e-12,3.52304761784407e-26,0.275045693513438,0.0221928491363059,1.31852667737063e-10,5
"20163",0.893867755456741,3.17659663158125e-13,4.12399601615209e-51,8.9351907916836e-09,0.0302342628532365,0.0756958108651718,1.14010993184245e-42,0.000199076913865707,3.08495311035355e-06,2.23659915181919e-11,1
"20165",7.35502814347355e-11,2.51799677725144e-64,0.0449197656050716,5.33297763455128e-10,0.651816816602829,4.41511117991595e-13,4.79820944838763e-35,0.303256559678026,6.85750678386196e-06,7.34445509242453e-23,5
"20167",0.0812908882305582,0.0160409538833926,5.97156701001657e-07,4.98478667737905e-11,1.22982026844931e-07,6.16884244754205e-05,0.90180067232989,0.000409375195148835,0.00039561923704111,8.25109181540398e-08,7
"20169",7.04950593461206e-18,5.86946391825827e-34,0.999074789538677,9.42040664902547e-42,0.000924876327048972,9.41697673350477e-16,2.57738072679387e-09,2.12277236724027e-09,3.29433173015302e-07,9.47740954051481e-13,3
"20171",3.08908056969042e-27,5.81487708978919e-188,5.79676071283283e-57,5.15383006648959e-09,0.999896118615863,0.000103827103259531,8.5943514071186e-145,1.04126118757958e-09,4.80857855635858e-08,2.33509893889942e-83,5
"20173",2.03285748799385e-23,2.89410979767845e-102,2.40410698372559e-16,1.12761494526806e-22,0.720808089127917,6.96952548720261e-29,5.62984058549787e-85,0.279191907804702,2.02290451622613e-15,3.06737855706219e-09,5
"20175",0.939635890198588,0.000504723361559245,3.03796596973629e-07,1.52262493614095e-17,3.15729652608946e-05,0.00162476635400914,0.00387529453419661,2.66722190758535e-06,0.0505590833327905,0.00376569823509109,1
"20177",1.24285075075917e-06,3.04092658266641e-77,2.98075900536324e-25,4.16581985171146e-08,0.100416356588058,3.14614332606119e-18,1.56327991001896e-91,0.898680242480474,2.38116193897756e-07,0.000901878306324405,8
"20180",0.00150464340421062,3.0684794559872e-99,1.511113521928e-89,0.981062137537633,0.00105512927147505,0.000458578592431503,8.38371732331881e-140,0.0158332899360065,8.62212582431782e-05,1.45010738427402e-24,4
"20182",8.16453916517524e-47,1.13902787015643e-72,7.18375545962388e-15,1.22745825143067e-92,0.999999999994031,1.83977902921077e-17,5.82879997985604e-48,2.89612789203513e-25,5.41450715759843e-20,5.96207895375501e-12,5
"20184",8.15095915501054e-05,3.8962556967496e-11,0.998691990610802,9.33950444012885e-23,1.73789406484535e-05,4.28595266346585e-08,2.81911329155512e-10,0.0006291066677338,0.000579110533581335,8.60475283119105e-07,3
"20187",1.33136323561242e-09,4.52243455071627e-48,2.25323370601063e-15,1.14332802889227e-22,0.17935820451857,5.8307176225255e-25,1.77899814244495e-63,0.0529352041247285,0.63005885983092,0.137647730194416,9
"20189",0.223889157512232,2.44213963439236e-33,3.70223193295143e-31,0.0100574615262279,9.63064929585622e-06,1.07800996003763e-06,3.91138765520154e-41,0.765968401140124,2.32306030470295e-06,7.19481018555273e-05,8
"20192",3.26257115808346e-15,3.53887718554001e-87,7.6726119225153e-86,4.01506108894204e-13,0.999973131755865,3.6465016116208e-06,2.77941804564481e-134,2.3221742118609e-05,1.53059804552379e-17,1.16523365105182e-30,5
"20194",4.83970726077244e-13,2.54101784848837e-23,1.37843525039123e-06,1.20422898658289e-42,0.115238031732365,8.93764578840945e-21,3.10157955134832e-29,1.09001112615949e-05,0.8803222182522,0.0044274714684385,9
"20196",3.8148499070255e-10,8.44223762561185e-135,5.17650370535025e-65,0.147925186006589,1.44476402501731e-05,0.850154732512722,8.37027843768976e-123,0.00190223107500475,3.40238394928892e-06,1.41879434869561e-44,6
"20198",0.876203454968882,1.01504121477875e-14,4.91189351600324e-18,1.90462668047469e-06,0.0617226375860706,0.000427971015111665,1.36986853383309e-29,0.0256639647016378,0.035980066427746,6.73861870492926e-10,1
"20204",1.13072319519301e-05,0.000842252655811581,0.000639326668553873,1.43323090723424e-32,6.26779690142358e-07,1.93544337964986e-05,0.998486940830472,1.08439792844465e-07,2.67866042221409e-08,5.61733272103529e-08,7
"20207",2.03250070739582e-05,5.14054640145393e-115,2.00250450255095e-27,0.501649015547058,0.0269934195284589,0.0466151208656752,9.13585414406499e-81,0.423816006645607,0.000906112406126491,9.16400510499705e-42,4
"20209",7.84540167709292e-07,3.59365321621034e-33,1.87371062640367e-70,2.00926532309001e-38,0.0125935948867277,0.98740476673402,3.02755580012041e-87,5.468236967044e-18,5.77760322298861e-07,2.76078762498811e-07,6
"20211",5.51330724602796e-13,1.61767554132296e-83,4.33378846707153e-66,1.48907888674199e-10,0.00140678668004282,0.998554792938319,3.51171446795385e-90,7.40648794325425e-14,3.84202321049968e-05,1.87585816041767e-64,6
"20215",0.0895984942048469,5.35326936832861e-53,9.54759365656512e-34,0.210235090460785,0.00467459012157972,4.67083224132291e-07,3.26361678300009e-51,0.5062857502985,0.189205607831065,6.45317990819286e-24,8
"20218",1.84671601096063e-08,3.30817873459789e-09,0.424621318551944,3.74392042112747e-35,5.6279102584322e-05,1.72634729353104e-08,0.575319433866971,4.59430493562222e-08,2.87821789988676e-06,5.27873949991329e-09,7
"20222",0.000189650415216229,1.42989241259273e-70,1.84530682591977e-34,0.14263445350093,0.765444935488615,0.0369313382765545,3.98968190238191e-48,0.0195391501906715,0.0352604721280137,1.20071361351441e-42,5
"20225",0.000167695708043189,1.03729255907943e-07,5.74317214973439e-20,8.91522760104143e-31,0.0624532285862917,2.28049688865792e-06,1.06848199052026e-23,4.7008620810662e-11,0.937376691430168,2.34407891990069e-12,9
"20229",0.000145972787347422,2.26712699127746e-38,1.74025489488371e-37,3.49314669904816e-21,0.000772435822889993,9.63385494343718e-05,8.9098297406497e-65,1.42454239261234e-06,0.998983828297936,2.26966556899817e-18,9
"20232",0.614241115716337,1.0612155875768e-37,6.70902757413942e-32,8.37741106943083e-07,0.00012060415698135,0.0152232047651359,1.01889401402539e-46,3.23983062721812e-05,0.370381839314134,3.20584304346783e-14,1
"20234",4.56351209520466e-22,5.86585918876274e-244,3.38300484420858e-122,0.0613368562106025,0.938662966959057,8.58952148431824e-08,5.10308351109362e-233,9.09350472299043e-08,7.80545249092752e-14,9.83454324375491e-55,5
"20238",0.285649910690263,6.86639386726664e-79,2.82992399093304e-30,0.0113384899163643,0.00190335572790529,2.12541045912534e-05,3.55988394752871e-67,0.295515014877334,0.405571974683542,3.07205138406692e-25,9
"20253",5.54131925304767e-05,2.58502872391923e-116,4.79927255128814e-42,0.90200927786398,0.00150313840431753,1.96356995965882e-10,4.72009480065595e-96,0.083061623764059,0.013370546578756,4.04855357410823e-29,4
"20255",0.0594325149455181,0.930828918189594,2.74816027435767e-16,2.19506453373339e-19,4.74716845484966e-08,0.00765495608356801,8.49559209990803e-08,6.31810047722861e-10,0.00208347759617053,1.25734056886758e-10,2
"20258",0.000744708378322216,3.35645648838582e-86,3.55455232733337e-51,0.985425420075863,0.000688287674575122,7.14594906674694e-07,7.7582958068155e-75,0.0131407384294152,1.30846917263571e-07,7.90059916717846e-25,4
"20269",0.00350023059947205,2.51177175714609e-52,3.87930314688878e-11,0.0185505080030304,0.000488454128504971,1.93931607187238e-06,1.63376613028657e-23,0.977458847658511,2.02556141733697e-08,1.94211913496508e-15,8
"20271",4.01469479012023e-06,3.78713901895259e-113,1.21828001058773e-64,0.107037112323597,0.402818881636599,1.65283473509224e-13,1.02528590958019e-107,0.490139487541384,5.03799219163757e-07,4.24544892852147e-12,8
"20285",2.15769415455604e-07,7.89939592817155e-46,4.44325202550463e-19,1.22742330840492e-26,0.0709303459529547,1.03527964323339e-13,3.72458563931321e-62,0.702923638143548,3.29952867679922e-06,0.226142500605301,8
"20288",0.893431929895003,8.74767896201641e-59,1.31308387475393e-29,0.00115705067473781,0.000582441332241802,1.06559656645324e-05,5.09623630510082e-44,0.00551344336399688,0.0993044787683557,3.76220130444225e-19,1
"20291",5.23856542136174e-06,1.66463562483952e-128,1.84769362173497e-44,2.06090273933513e-05,2.14477360282648e-05,0.999024484266203,3.85132833677977e-112,0.000485871027022018,0.000442349377931831,3.11560351498671e-30,6
"20295",5.11040269643115e-08,6.02722171307649e-49,1.05228246485576e-26,2.72380218438269e-11,0.0134235764789316,1.51163952418952e-10,7.39390036092706e-50,0.986576372225836,5.16175048996909e-14,1.27521484396853e-11,8
