"","V1","V2","V3","V4","V5","V6","best$classification"
"19812",4.44354042404287e-17,0.000248592472816981,0.951965522452771,0.00238700695340378,0.00481445878538862,0.0405844193356199,3
"19814",0.0048618893262903,0.000152279134952034,0.149359868866574,9.8636571517161e-06,7.1548894790992e-06,0.845608944125553,6
"19816",8.86300752313241e-19,0.00771007167613885,0.167966314823107,1.43349564259891e-09,0.824323612047991,1.92668593625083e-11,5
"19818",8.54429113980641e-05,0.00216575968350483,0.987902305524155,3.40787123066912e-07,0.00349042820110475,0.00635572289271441,3
"19820",1.81040842310811e-49,0.00992557872025933,1.25553032482724e-05,8.58446641323318e-07,0.990061007529851,9.92390052068978e-56,5
"19822",3.92907627070658e-43,0.980700742481028,1.57409946454652e-05,0.0143793752894189,0.00490414123490761,3.13004290672139e-64,2
"19824",7.33486636595809e-15,0.87076657798231,8.66789760711206e-05,2.59296753391228e-10,0.129146742782315,2.39561180296493e-27,2
"19826",1.56864508432409e-11,0.0739598326844828,0.775405120778754,7.52202907004881e-07,4.68904374067914e-05,0.150587403880763,3
"19828",8.80000724341035e-25,0.00143881235493827,0.0295933458692403,2.45105200302445e-05,0.968943331255791,3.85670044199591e-26,5
"19830",6.94671177402813e-12,0.0051581157898608,0.956544933392319,0.00465088382623439,4.91439315299761e-11,0.0336460669354953,3
"19832",1.00284006489992e-37,0.000119006036355221,0.0955082307264966,0.895407292533637,0.00896547069885177,4.6590991947657e-12,4
"19834",1.1158032164899e-20,0.0117998307040441,0.831502666831587,3.10629971483785e-05,0.156666439467221,4.83991079516844e-17,3
"19836",1.91068009295399e-26,0.0181475184632852,0.977643904003384,8.88875838870455e-06,0.0041992954483798,3.93326562735487e-07,3
"19838",6.9932096730147e-08,9.33538556314073e-07,0.0158768481853775,0.000120579260466822,7.93933403285374e-12,0.984001569075563,6
"19840",4.09987519702421e-25,0.0761531661792126,0.79887203208495,8.14627243945521e-09,0.124974793463936,1.2562932216781e-10,3
"19842",2.01282682734992e-13,0.112873176097484,9.77466450613885e-05,4.88900472156584e-07,4.46096622091458e-23,0.887028588356781,6
"19844",0.697590916625202,0.302409080719527,2.36472359168471e-12,2.65290545396031e-09,1.86726134378225e-18,1.03021068130964e-23,1
"19846",0.12173895353622,0.000833433739221241,0.000594233324459206,3.14481639144742e-08,1.91506535173688e-17,0.876833347951936,6
"19848",0.983169933811216,0.00015330752941561,0.00147212895376327,4.44551333353137e-07,2.77040839721601e-15,0.0152041851542688,1
"19850",0.00451847358007024,0.0166491535708791,0.0552482213397622,1.77057994216875e-06,2.19270733073227e-10,0.923582380710075,6
"19852",5.32644656749635e-09,0.00790847209014378,0.480341175016217,5.35921685341119e-07,0.511739433345697,1.03782998096633e-05,5
"19854",0.985295229350683,5.04168867431905e-05,0.00331391954642781,7.90081021008102e-06,1.2639756370946e-14,0.0113325334059236,1
"19856",0.00364447307936498,0.995784470461892,0.000570701667199121,3.54790705445951e-07,1.64815095596217e-14,8.21808509250981e-13,2
"19858",1.13980546730354e-05,0.999981148034441,6.56425348384274e-06,3.81581305556825e-07,5.08076096235588e-07,5.36661159939401e-23,2
"19860",2.4903280211907e-14,0.0214958610827202,0.664222382917994,9.48274913272472e-07,0.313813899371852,0.000466908352496312,3
"19862",1.32801745074468e-08,0.000257881185779443,0.000201870011862242,9.75216690945246e-08,1.54720419146449e-19,0.999540138000515,6
"19864",1.02433656138924e-32,0.99999999458204,5.99397165967419e-13,5.41736080866567e-09,2.85033624118297e-23,1.0825805225769e-27,2
"19866",1.67302318325937e-28,0.60016303376486,0.330001260424433,2.66592175340389e-11,0.0698357057840478,8.6639154822472e-19,2
"19868",1.39786995687444e-44,1.52019427619418e-09,2.48771036768538e-13,0.999999998479557,2.27440101708074e-28,8.04638873902292e-45,4
"19870",7.12178686379694e-06,0.000873807951732955,0.087207572293717,3.80867316701633e-07,1.50633543560088e-09,0.911911115594034,6
"19873",1.0724708617928e-08,0.0495995817654946,0.940317270739817,1.74581951090286e-09,0.000497150636215789,0.00958598438794464,3
"19875",4.04725848553594e-32,0.00721580584377424,0.0280493667037029,1.78577550275589e-05,0.964716969697495,1.02478079921214e-16,5
"19877",2.42985831471931e-05,0.00573965338151024,0.853133935529695,1.01082578351005e-05,0.000248611349971906,0.140843392897841,3
"19879",1.24669485345344e-07,0.00331081164547364,0.993108621272624,6.50655369661127e-06,0.00357393025773198,5.60098808856483e-09,3
"19881",9.19039490077858e-09,0.104528663369942,0.895085904398973,3.79283769931362e-08,6.74684200986634e-07,0.000384710428112199,3
"19883",1.5853437103135e-10,0.102703355313026,0.271060830021245,4.73517880161716e-09,7.30948344881156e-09,0.626235802462532,6
"19899",1.08771766720939e-24,0.0115637110380944,0.987924662758896,0.000471059435947297,4.05666921586188e-05,7.49040193472599e-11,3
"19908",6.00313256700579e-32,0.999999639993361,1.12643793120605e-07,2.47362846062698e-07,4.24104416820359e-17,5.0518410209407e-34,2
"19910",2.1828816553988e-07,0.00486457707289827,0.825236768020267,2.51285895647751e-07,0.169483694036597,0.00041449129617669,3
"19912",2.76273092043715e-09,0.0353867089265649,0.00103580941406752,7.35546563188987e-08,2.6607375653363e-22,0.96357740534198,6
"19914",1.83123746416404e-10,0.0199108430042579,0.961455446358666,7.73128582430052e-05,0.0185563818730727,1.57226361414782e-08,3
"19916",1.98201875012092e-26,0.999994520705043,4.033127694404e-08,2.10017361129233e-10,5.43875366283339e-06,2.66741415427323e-35,2
"19918",0.215260423135166,0.0105943924047402,0.0711854103031362,7.62885010962458e-10,6.53958064769823e-09,0.702959766854491,6
"19920",0.994297738453467,0.0023280235939219,0.000987171397538924,2.66271184355302e-09,5.30422176173969e-14,0.00238706389230773,1
"19922",4.74683469801774e-34,2.05845357485431e-10,1.03629217859339e-05,0.99998928838694,3.48484687887714e-07,7.40494174919148e-13,4
"19924",0.0286052188238512,0.00967348851576643,0.944447753541137,4.20359150681481e-06,3.25378276051444e-05,0.0172367977001332,3
"19926",3.84579620997481e-31,0.004470020545409,0.988135586839145,0.00731498219658073,7.94104181960526e-05,6.68885126258979e-13,3
"19928",1.06852603349279e-30,0.999999857345072,5.36061076850759e-19,1.42654927952311e-07,3.6434362449126e-37,3.71374594168815e-23,2
"19930",1.79400278203944e-08,2.59723051934308e-05,0.0411050607792722,3.55408070867475e-06,1.66154923441983e-06,0.958863733345564,6
"19932",4.63475387916865e-05,2.0644029847266e-06,0.00413819748593779,6.38602947180488e-06,4.19535681838715e-12,0.995807004538619,6
"19934",1.71578370305471e-15,0.0122555016359432,0.528316883284849,4.43238518242721e-05,0.459383291227381,8.26647680521859e-16,3
"19936",2.46914196678321e-13,0.00119740244027206,0.985531361590637,0.00922117810158495,1.78839660945604e-05,0.00403217390116407,3
"19938",5.55646376494685e-21,0.785801995826337,0.200298076389054,0.000204168820172895,0.0136957589644354,1.44102048807189e-34,2
"19940",4.51891524097279e-07,0.0134338502559238,0.983199469056768,1.72618357292818e-08,0.00103621739691013,0.00232999413703841,3
"19942",9.35574051025982e-29,0.999999999005242,2.11697707573083e-10,7.83055441527917e-10,4.58812219587469e-26,4.65759947523313e-15,2
"19944",3.87519531824574e-11,0.0317337280939915,0.755852294563979,2.09536907742443e-07,0.212411330463694,2.43730267535823e-06,3
"19946",0.000128054451569043,0.0498061367684327,0.90784498626503,8.75146083275698e-08,0.0416263865081521,0.000594348492207764,3
"19948",1.180881831272e-21,0.999999998987294,6.66403588738867e-11,1.74098425190271e-11,6.45943707881629e-24,9.28655596866877e-10,2
"19950",0.998724215176501,0.00127484993309306,7.96299336132804e-07,1.37713782869349e-07,1.37175154611177e-20,8.77287129718563e-10,1
"19952",1.180881831272e-21,0.999999998987294,6.66403588738867e-11,1.74098425190271e-11,6.45943707881629e-24,9.28655596866877e-10,2
"19954",1.08261223912885e-05,1.06778627515398e-05,0.0101585141730907,1.03792386668676e-06,3.32157489359131e-09,0.989818940596325,6
"19956",4.32222335841684e-07,0.999265953999067,4.01940169209254e-05,0.000653946490138558,1.80701472093853e-26,3.94732715374459e-05,2
"19958",1.46258239183477e-36,1.79689586389921e-11,7.94695958302297e-16,0.99999999998203,1.7115025341253e-18,3.6536459307965e-32,4
"19962",2.14143311169859e-06,0.865392631816728,0.134535053636296,5.60475358662557e-05,1.4124476618344e-05,1.10138037103306e-09,2
"19964",5.13737054577098e-08,0.0313732919196166,0.96855605693529,9.67739762232933e-06,5.45132552027974e-05,6.40911856260956e-06,3
"19966",6.5085394974438e-46,0.895754143951551,0.0974424904100986,1.21729241728026e-06,0.00680214834593368,5.19527978998693e-38,2
"19969",5.80997535304365e-15,0.0351315858548412,0.654383600174177,8.09404624688882e-08,1.25605272497497e-08,0.310484720469986,3
"19972",0.0524101225651001,0.733224552695097,0.153461372446654,2.28591035410666e-07,2.2288929539247e-12,0.0609037236998849,2
"19974",0.975817785522542,0.0109465535612075,1.96906961489097e-07,3.84703439740906e-10,1.49732771040394e-26,0.0132354636245852,1
"19976",0.00553968946794511,0.0273549514712355,0.956716339951113,6.31641225344403e-08,0.000178811968312092,0.0102101439772712,3
"19978",3.46045900613319e-11,0.0125281644850234,0.488716978002381,5.06885921375451e-09,0.498753417701771,1.43470736111308e-06,5
"19980",0.950561385564607,5.0840504707686e-05,0.000873059468257274,6.26319596069085e-07,2.84250308855569e-16,0.0485140881428317,1
"19982",0.698443382014184,0.11684840127459,0.177691601505362,0.00681948376816176,1.26879431996814e-12,0.000197131436434085,1
"19984",0.966474024354111,0.0335250761507432,8.98151359059525e-07,1.343367138438e-09,1.59283504147331e-15,4.18490290929779e-13,1
"19986",1.77493048646571e-42,0.120762040718213,0.00351658399035734,1.42948085954308e-06,0.87571994581057,2.95939669294326e-43,5
"19988",9.22241340448353e-55,0.0323850275776195,5.39436331577699e-06,1.76705342802336e-05,0.967591907524784,1.08367691167255e-61,5
"19992",6.37055468244328e-34,0.0261903312640879,0.000128121332473225,1.22461601608688e-06,0.973680322787423,5.33436046738456e-43,5
"19994",7.07506579705904e-10,6.23420414498793e-06,0.0364706332153458,5.4104563551593e-05,2.43363910661532e-06,0.963466593670344,6
"19996",2.58656731615404e-29,0.00912592910805508,0.00148124272859932,3.0573920486055e-07,0.989392522424141,1.94801709111173e-36,5
"19998",4.14346985570139e-17,0.989996564526051,0.0100034344844638,9.71606858996857e-10,1.66318001805238e-11,1.24652409366754e-12,2
"20000",7.62740166295458e-23,0.000823814391584839,0.0501226340752962,0.949014978930977,7.2669812301263e-19,3.85726021421072e-05,4
"20003",7.34778141692991e-21,0.000342363354570009,0.985087914344126,0.000864123450663754,0.000156536328562115,0.0135490625220786,3
"20005",0.999134915760518,0.000515302232828656,0.00021554462378597,7.05650027798729e-08,2.41110669100071e-18,0.000134166817864457,1
"20007",3.91077206585673e-16,0.0207002974980004,0.972053016405525,1.55199301675439e-06,0.00724513406343836,4.00188180517118e-11,3
"20009",2.28685854999313e-21,0.999652860152803,0.000146178739390274,1.21360016238111e-07,0.000200839747791044,1.03984263012621e-36,2
"20011",0.00161840285001777,0.153216835951691,0.840565574858968,6.38423696816911e-08,3.85200861433719e-09,0.00459911864494526,3
"20013",0.325904312681775,0.00446372851519003,0.28503771540374,4.84617134572081e-06,4.14161026518605e-08,0.384589355811847,6
"20016",3.11572731850191e-31,0.913846004780026,0.000137782903271814,3.19335601918382e-06,0.0860130189606833,2.11548396336354e-50,2
"20018",6.42819224588753e-95,6.02152406751135e-06,2.90525518181431e-22,0.999993919734711,5.87412218349283e-08,8.70112160365149e-98,4
"20021",3.15896303270718e-33,0.00233780966242657,0.0167577536693795,5.43409302933559e-06,0.980899002575157,7.05682889310786e-15,5
"20023",1.68473488659041e-11,0.0928164357968074,0.618808752334169,4.69096234582287e-05,0.288327902103825,1.24893569915692e-10,3
"20025",1.19979074732311e-74,0.0681514236023947,2.38633281483965e-10,0.929257653707285,0.00259092245168642,1.08832890908851e-57,4
"20027",5.51363453571387e-16,0.00787403046815557,0.014716963520482,2.9379216058139e-06,2.81755433575779e-15,0.977406068089753,6
"20029",3.16201169121966e-08,0.0773534657100419,0.0543528367454607,5.82627560434419e-09,6.30737560323494e-14,0.868293660098042,6
"20032",1.35415266210713e-11,1.2753725799864e-05,0.00311047198363643,7.61079744295515e-06,1.19759597200168e-12,0.996869163478382,6
"20034",6.85733048887228e-22,0.99999928308654,8.02928039553507e-08,9.58667290865794e-09,3.40469762520424e-19,6.2703398317768e-07,2
"20036",4.76114557878434e-10,0.878490873963451,0.12150152057049,7.59479098377049e-06,9.27169204033092e-10,9.2717909967478e-09,2
"20038",4.54377118368271e-47,0.000746063212114725,0.0728401966065095,0.00129836203701779,0.925115378144358,6.07860507299767e-30,5
"20040",1.94365353316724e-42,0.999454926936882,7.69883863668555e-11,9.88586172523661e-05,0.000446214368876773,4.41629015267054e-62,2
"20043",1.57794706791008e-26,0.00473321667598659,0.0193748766412267,7.36641283978077e-05,0.975818242554389,6.75840379588361e-19,5
"20045",2.56018374073279e-43,0.0472245897841517,6.39361158621453e-08,0.00115310101941538,0.951622245260317,3.22089357724301e-64,5
"20048",0.987062168378847,0.0129377691257303,2.81263660812045e-11,6.24672914833122e-08,4.17428433776511e-23,5.09335021421198e-15,1
"20051",2.66386189176704e-15,0.0622782054421843,0.919683571832461,0.00326918526798324,0.0147690354125508,2.04481831143772e-09,3
"20053",1.11400432490448e-09,0.502303968089634,0.312310907998577,3.00134351067796e-09,0.185385119796432,9.08835158874797e-15,2
"20055",1.37730951997786e-55,0.000174405016335428,0.855655522502432,0.139251635304889,0.00491843717634343,4.0523895677371e-25,3
"20057",1.81918000468268e-51,1.06969926741687e-12,1.56880820356438e-27,0.99999999999893,5.85977835660574e-42,4.6756834569196e-50,4
"20059",9.23920483932351e-20,0.530382844838132,0.142911439069682,0.0011049969478291,0.325600719144357,2.26523496374634e-17,2
"20061",7.42383764123025e-19,0.160730682529898,0.551282646087458,4.43541381530738e-07,0.287986227779434,6.18289316081868e-11,3
"20063",3.75418793505485e-14,0.99999991037082,6.32337416982949e-19,8.96291419783018e-08,2.33338728917137e-16,4.46772638130557e-53,2
"20065",9.85318736051032e-89,1.6554411887498e-06,2.48194148119384e-08,0.955706594964355,0.0442917247750415,4.90922053973203e-57,4
"20067",1.9459063920725e-15,0.172725728600254,0.00131818571561236,0.000568899317618209,0.825387186366513,7.18467784135896e-31,5
"20069",0.991603238177834,4.32041304425885e-05,0.000540584657445541,8.38922769147551e-07,4.0163187015852e-16,0.00781213411150856,1
"20071",3.98273766665054e-25,0.717934995706046,0.282064091361217,7.370707791484e-07,1.75861958043983e-07,8.52186798353839e-17,2
"20073",0.895055831102634,0.0967375224506129,0.00813298754658945,4.75001968426404e-09,1.02342326194748e-08,7.36439159107221e-05,1
"20075",1.49625252898236e-56,2.05606964068638e-12,9.07336801733041e-11,0.99999999990721,3.03175942779004e-22,1.09869682073014e-36,4
"20077",3.16398578068238e-13,0.0300233782672761,0.124601308485364,6.09060452607747e-09,0.845375307156434,4.41990131990089e-15,5
"20079",2.66991050889561e-11,0.999541175879711,0.000456793046945108,3.51323052543027e-07,1.67972359179094e-06,3.60920195831595e-19,2
"20081",1.27413748184648e-25,0.000163315090902763,0.285741458865635,0.474415154876585,0.239680071166877,3.60604561417733e-22,4
"20083",5.75140528740662e-10,0.999995273403334,2.86417007247886e-06,1.86185145317736e-06,8.06744662493081e-18,2.91141526770828e-23,2
"20085",1.87115389285135e-60,0.00754028062051836,2.69232821675092e-06,0.000107656892443413,0.992349370158822,1.90357491177277e-59,5
"20088",5.52709748935854e-31,0.0167205990676756,0.00914993165914503,3.75884245276615e-05,0.974091880848652,2.71532343391035e-25,5
"20091",2.07477739058915e-38,7.68794057796663e-09,1.59007330855869e-07,0.999999628761521,2.04543207081419e-07,1.58222347939927e-38,4
"20095",1.42063876928455e-08,0.999994506618324,5.44272028225587e-06,3.6454946649866e-08,5.92666887573898e-14,1.06751311896462e-25,2
"20097",5.59345510213968e-64,0.0073463221266431,3.91539719440529e-06,0.00193249215164225,0.99071727032452,2.60651280444553e-59,5
"20099",9.42727668264875e-15,0.999376007235266,0.00034890013703505,7.90841250209305e-15,0.000275092627681538,3.44151867544758e-25,2
"20102",6.08448177965417e-10,0.169491147018202,2.70468987930299e-08,0.830508825322706,3.74504041861651e-12,2.25122122437764e-27,4
"20105",2.99265386951224e-20,0.0838202755107197,0.0131512653795775,1.72867889593224e-07,0.903028286241813,4.54267738793877e-23,5
"20107",1.33576005969112e-25,0.0156056738253745,0.229882188949831,2.17481322437918e-07,0.754511919743472,1.83613184849043e-24,5
"20109",6.64116147383593e-05,0.896437976247591,0.00989034714737701,1.45815012921783e-10,0.0936052648444761,2.52543721239514e-15,2
"20111",1.05086776566299e-22,5.59192436601104e-12,1.5934188955201e-09,0.999999998400954,2.02756310933677e-22,3.53527984644557e-14,4
"20113",7.95745178159361e-33,0.149841112942091,0.845310776598479,1.00536963366726e-07,0.00484800992246719,1.0494267310567e-17,3
"20115",4.15885634293016e-16,0.00316821301274724,0.0613946819982759,0.370668888050472,4.25032318390561e-12,0.564768216934254,6
"20117",4.85477156357989e-59,0.000274999320231893,1.40975952743648e-10,0.999725000538792,8.27046233332204e-18,3.04545886206332e-49,4
"20119",3.55129493328682e-47,0.966684851928468,0.0157442997819669,2.90131019811501e-09,0.0175708453882546,1.35005511679903e-31,2
"20121",3.89378327369766e-33,0.0351292359699027,0.0485313759217234,5.15232154191932e-06,0.916334235786832,7.31620057349508e-30,5
"20123",4.54313034330793e-64,1.10082362363054e-07,4.84004643550436e-08,0.999999412068485,4.29448687927158e-07,6.45539768287444e-45,4
"20125",0.000409636295671307,0.00029814980858997,0.0121878652944098,1.01488300357501e-05,1.35245009238198e-10,0.987094199636048,6
"20127",7.51059705275332e-36,0.011807106469133,2.01439253031128e-06,6.77246889045928e-06,0.988184106669446,4.07148009191899e-51,5
"20140",3.64907373905291e-42,0.00125194298333672,0.892357834303998,0.106388839837671,1.38287499422755e-06,9.75745066586994e-19,3
"20142",0.999069131098055,0.000902243883468143,2.28828044440897e-06,3.56995435780231e-07,1.59632859165871e-19,2.59797425965358e-05,1
"20144",3.37920549502698e-12,0.00161159339910975,0.0838669548818186,0.895179652559883,1.49871546539451e-14,0.0193417991557945,4
"20146",2.70598762157447e-05,0.933868976953503,0.0656531806046469,0.000450408413771122,1.59701114118348e-10,3.73992162138577e-07,2
"20148",2.14846275225104e-13,0.00572787696224944,0.908401246341093,3.01210219026157e-05,0.000185490890911872,0.0856552647836283,3
"20150",0.645679863357111,0.00111201334457236,5.93860504522429e-05,2.81122633769714e-08,1.57091433225757e-21,0.353148709135601,1
"20152",1.12737302943789e-09,0.00718374793804791,0.931308775239524,4.85659033575711e-05,0.00089268203194895,0.0605662277597488,3
"20154",1.65288730108533e-42,2.00582228512952e-05,5.12198516831069e-10,0.999852248009359,0.000127693255591355,1.01183798823041e-55,4
"20156",6.58057903998428e-09,0.755825918244264,0.243830305262276,0.000173629451224159,0.000170140461655153,2.2142897366703e-15,2
"20159",0.99648189439034,0.00221400710500393,0.00127814967813106,2.58414754636016e-05,1.47624876451522e-16,1.07351060931419e-07,1
"20161",0.000919918031370546,0.999069367949758,7.02999779273306e-06,3.68401650695926e-06,1.83996122665497e-13,4.38805630007808e-12,2
"20163",3.13940562723723e-30,0.0026277255851194,0.950444209466979,0.0463346677958054,0.000582946303319991,1.04508487764626e-05,3
"20165",0.00454212021659464,0.99543436596019,1.0215375054027e-05,1.54583745138915e-07,1.31438644159043e-05,2.27543231233152e-21,2
"20167",0.000863981500707256,0.000805464368068929,0.214031230801613,1.96781580049723e-07,5.48931880704902e-05,0.784244233359961,6
"20169",0.998285947039164,0.00171400893599828,1.24605198618754e-09,4.2687154021198e-08,2.08355914445455e-22,9.16316464752551e-11,1
"20171",4.77729026449484e-47,0.000131242808783698,1.72863552806958e-14,0.999868402901753,3.54289446176006e-07,8.00598816989126e-71,4
"20173",2.57958043296263e-15,0.999999999993286,2.01499466689458e-13,3.38036692978639e-12,3.12963526711179e-12,6.97520069369674e-32,2
"20175",0.000910289518994921,0.00772542023020511,0.743412372890324,2.96989101153516e-05,1.43088048748226e-07,0.247922075362312,3
"20177",2.38493253009332e-18,0.9911207813542,0.00880277913088013,2.42846524113029e-08,7.64152302673244e-05,1.22545862611958e-21,2
"20180",4.26044881969208e-63,0.00934718254207323,0.000841478372020211,0.000564458026912828,0.989246881058994,6.35115460949058e-35,5
"20182",7.39377364383174e-08,0.213657168744136,4.78127386901712e-21,0.786342757318128,1.01917140749237e-45,2.8910050129192e-22,4
"20184",0.994511163535483,0.00342468793040339,0.00196003489056356,9.7331473109043e-08,1.40307128618032e-11,0.000104016298046843,1
"20187",9.40476153092293e-12,0.999976817602635,2.31822653993316e-05,6.74761030484999e-11,5.41603773649505e-11,9.24760354960888e-13,2
"20189",3.01697914838028e-23,0.133578777175165,0.255904823713932,2.12601293115975e-10,0.61051639888715,1.11515429417414e-11,5
"20192",8.33653299966695e-57,0.559670672399899,5.69119221827004e-10,0.440212681696763,0.00011664533421876,7.1709769670212e-35,2
"20194",1.21738405526277e-05,0.999957727348308,2.96505775764229e-05,1.26148166801615e-09,1.4651487110313e-22,4.4697208115169e-07,2
"20196",9.57169966415762e-50,0.000450235891933365,4.54722087428874e-05,0.29250089404901,0.707003397850313,5.0465877884968e-47,5
"20198",2.30242760892673e-13,0.139604981373194,0.852128752491242,0.00772199112935496,0.000541152256729357,3.12274925029387e-06,3
"20204",0.224497647027992,0.000250642974175777,0.00533471032179311,4.80416214583172e-05,3.4602645680239e-14,0.769868958054547,6
"20207",8.33170028624095e-26,0.0340559555855261,0.00517577510214789,0.209844440394241,0.750923828918085,1.30113331673361e-39,5
"20209",1.05988673364213e-44,1.84457398994416e-07,0.000224867507639737,0.999774947980494,4.5426856781772e-19,5.44668348658774e-11,4
"20211",5.30667922696876e-49,1.87186531963817e-08,1.89207024015695e-06,0.999991279645842,6.80956526444474e-06,2.52953414498937e-35,4
"20215",7.44428220480828e-29,0.136289642977257,0.197556778111389,8.2946867405861e-07,0.66615274944268,4.41704143342802e-20,5
"20218",0.998336672138872,0.000223321771163944,2.39377209567549e-05,2.3022873341854e-07,6.11628196071337e-18,0.00141583814027369,1
"20222",1.79343601312898e-26,0.00750551975795834,0.0931202588767444,0.378520316434754,0.520853904930543,1.06579722842981e-26,5
"20225",2.99247480316745e-11,0.439016922530078,0.322498541918779,0.214422537531514,6.29619098195462e-16,0.0240619979897041,2
"20229",1.04782747886666e-30,0.283150715239943,0.710809694874711,0.00603958655948863,3.3256070129716e-09,2.50766962001966e-13,3
"20232",1.25277842361584e-21,0.00378680970752371,0.994343915910525,0.00117081627169485,0.000698458110242656,1.39924736916473e-14,3
"20234",1.68253725012711e-88,0.00254315330546333,1.9721047402451e-13,0.840910944370502,0.156545902323837,1.00824323074678e-81,4
"20238",5.5158287506423e-25,0.580463713835179,0.0392965372417421,6.82283312715797e-06,0.380232926089951,9.8009726754991e-28,2
"20253",5.88788843795803e-39,0.0570199498414236,0.00401890335111522,4.85350882920639e-07,0.938960661456578,2.84075159342621e-38,5
"20255",2.56980119181546e-09,1.12170256084231e-06,0.0609811398055803,0.0013322070227423,7.54199999214068e-09,0.937685521357315,6
"20258",2.77797148985054e-39,0.00421897871304736,0.000757037796614722,1.96033412788265e-06,0.99502202315621,7.9090794638825e-31,5
"20269",2.15785759473721e-10,0.090681767835903,0.0359632674531398,1.32881507677325e-07,0.873354831613664,1.64897549291447e-16,5
"20271",1.00142977744572e-46,0.440960877624329,0.000645327648223237,1.87833378706833e-07,0.558393606894069,2.73288422232165e-33,5
"20285",5.43822297979652e-15,0.996712092875001,0.00328713411837036,7.73005989404506e-07,7.75360980602128e-16,6.33014364764165e-13,2
"20288",4.57101792402578e-24,0.0517635493770527,0.922873436955444,5.38698644136958e-06,0.0253576266810625,6.77789545302277e-20,3
"20291",1.69502472995435e-35,0.004303763854317,0.00513583225503885,0.887765741895722,0.102794661994922,1.5209487712501e-42,4
"20295",9.4994743872102e-20,0.999194274436741,8.32632440757712e-06,2.51143116178998e-09,0.000797396727420423,2.99075532486798e-18,2
"20298",2.50995602078491e-07,3.79806030146112e-05,0.00747588695532814,4.28889729283069e-06,4.55362458395996e-13,0.992481592548307,6
"20302",0.828484936343155,0.131852158542057,0.0394882473332602,1.60832819825707e-06,9.24343326539818e-11,0.000173049360895387,1
"20305",4.17012137231769e-12,0.000196219572235461,0.00805761881217855,3.07107220556266e-06,2.43335871105476e-14,0.991743090539186,6
"20307",3.32564267699123e-34,0.0177431470883876,0.0076288548190214,8.52181840231717e-05,0.974542779908568,5.43626050330507e-37,5
"20310",1.40845654244803e-60,0.293238879275356,8.30050798239569e-10,6.12718975463478e-05,0.706699847997047,3.13184129244035e-69,5
"20313",0.957792218527141,0.0422077411618284,2.16680388330457e-08,1.86305315323078e-08,2.68867939851724e-26,1.2459820439362e-11,1
"20315",2.93832504180937e-33,0.0130902457059575,0.52752536241593,5.44673890877033e-06,0.459378945139203,4.67650289248975e-30,3
"20319",4.79078077215721e-59,0.00690144824930708,6.85541138330851e-06,0.969016536721229,0.0240751596180806,3.90477168130284e-45,4
"20321",1.0327399292642e-32,0.128470219583812,4.131233736035e-05,7.21910840182974e-09,0.871488460859719,2.50438518793606e-36,5
"20327",2.87127326952335e-33,0.0172120023568454,0.000792491363759926,1.82852900990804e-09,0.981995504450866,5.13920893424807e-33,5
"20329",9.85451369958031e-09,0.99999945942833,6.47483629643556e-09,1.14114752578606e-11,8.63508886668884e-26,5.24230908251126e-07,2
"20335",6.95587906869256e-37,0.00303759170884158,5.80998838396292e-06,0.0518398394505897,0.945116758852185,1.32642513315172e-48,5
"20337",0.999100130492862,3.51373220727858e-05,0.000782725298183878,2.89773442105128e-06,2.97276195856556e-15,7.91091524575029e-05,1
"20339",3.44271871871388e-55,0.00432896025295299,4.51527600630767e-06,0.995666524468463,2.57731255030854e-12,6.9617765156209e-26,4
"20341",1.35511479848988e-26,0.0011156825540445,1.04060470818474e-08,0.998883242810947,1.06422896160318e-06,1.51305607814728e-50,4
"20343",5.64603595849989e-27,0.923279967661454,5.8948966894341e-08,0.000216849663685911,0.0765031237258935,2.009922335911e-51,2
"20345",3.89409476014404e-22,0.00907044319124109,0.989113102569006,0.00011577459733172,1.00862568319596e-06,0.00169967101673824,3
"20350",1.22274817953118e-21,0.937905557600183,0.000579395307035271,0.0615150470849446,7.83704748325929e-12,1.70979751133669e-26,2
"20352",0.998545523754349,0.00145443965409072,2.60798077667464e-08,1.02309082947631e-08,3.37992181044936e-18,2.8084432306485e-10,1
"20355",0.0102723574313452,0.989224269369314,0.000425600840042212,7.77720904913493e-05,2.68218835244269e-10,5.8796788894978e-13,2
"20358",1.24868009892734e-07,0.999105242197515,4.7783384278999e-07,2.34327814724962e-11,3.91187090912854e-24,0.000894155077199313,2
"20363",7.66080175470089e-29,0.0502120088282285,0.000821016008508932,5.17184553726794e-09,0.948966969991417,2.67695175162925e-28,5
"20365",9.87362153774936e-37,8.44177092714976e-07,0.0784641446037469,0.910703439040929,0.0108315721782314,9.72451545885939e-23,4
"20379",5.58525981941322e-07,0.000145793318453885,0.251431894404139,0.660663739733879,6.51724218746329e-10,0.087758013365822,4
"20387",5.45063195963768e-27,0.00363803988667938,0.00709199380414581,0.000275186986791833,0.988994779322383,1.20978893367653e-22,5
"20392",1.09006704460702e-63,8.04235249812059e-09,1.95633799609757e-08,0.999915081313087,8.48910811802538e-05,9.9736948599091e-42,4
"20395",8.29481783936949e-06,0.027567334231171,0.779788212326843,0.000197768266582374,0.00024022026355396,0.19219817009401,3
"20397",8.01242321471821e-07,0.999999198745564,1.28606689730992e-17,1.21122670500498e-11,1.26647308209869e-40,2.07103216824371e-15,2
"20410",9.57110972785956e-42,0.00726314967282015,0.0367935433935643,1.50150201088321e-05,0.955928291913507,4.98968647072283e-17,5
"20414",0.0178930511608971,0.0677221655473653,0.379906492714053,2.88427019097908e-06,1.55636428906215e-07,0.534475250671064,6
"20417",4.20762441453479e-111,0.00147251566867852,3.54868556332821e-24,0.998527483966485,3.64836473786474e-10,4.34689420225921e-109,4
"20419",1.44999776483537e-32,0.0194297028620395,0.000190488601387524,8.34438991473833e-13,0.980379808535738,1.04880394088287e-39,5
"20421",0.00052549742171974,0.0276238378282037,0.0909926716887082,0.880857487367729,2.42151715434085e-07,2.63541923905277e-07,4
"20423",0.140324717818878,0.000855026519407463,0.0841911504510559,0.00233703973032777,1.96301287311989e-10,0.772292065284029,6
"20425",0.0758801863750918,0.0247716958424955,0.893552969788062,0.00152663432211686,1.04633378626131e-10,0.00426851356760001,3
"20427",1.14018160112174e-16,0.0256904119252042,0.942745215957669,3.76035086086675e-06,0.0311928051905113,0.000367806575754924,3
"20429",1.68276213180326e-28,0.998626460146806,5.61875345395014e-07,8.11916818024079e-08,0.00137289678616695,3.96260400788495e-43,2
"20432",0.191041996071939,0.248840646351763,0.00481793229653881,2.17753133674033e-07,1.06208316742315e-13,0.55529920752652,6
"20435",1.04450052771082e-27,0.254762763696477,0.701264829140193,0.00672474233044739,0.0372476646156003,2.17282502246397e-10,3
"20438",9.66413387784135e-16,0.165979245917555,0.0044326967765718,1.5574691209608e-10,0.829588057150125,7.31256625759439e-27,5
"20440",1.25147017391234e-23,0.0281996599463482,0.00316588706331445,5.75042350333822e-08,0.968634395486102,3.8636672260451e-35,5
"20443",0.353081192587906,0.64687692702196,3.93059341254513e-05,2.57445586337081e-06,1.43940951359266e-13,7.70969231165551e-16,2
"20446",2.39925861854188e-14,0.28879114317655,0.711111577041693,2.18257464953737e-05,7.54540339420877e-05,1.2958647557162e-12,3
"20449",3.50512371729356e-23,0.0404749230305121,0.892757792065716,0.000308751004160978,0.0664585338995408,6.95526641144713e-14,3
"20537",1.11702449877872e-25,0.0162938968388723,0.001567119684254,0.325089147883975,0.657049835592899,3.74244567023074e-27,5
"20540",5.00306740869108e-67,5.2800877586137e-09,2.81532239409336e-10,0.999858989346513,0.000141005091867202,1.73798339509605e-49,4
"20543",1.11310857958616e-11,0.00592826271546261,0.929112103813545,6.91610374684097e-05,0.0648904532365574,1.91858355293528e-08,3
"20545",2.3726389534469e-46,1.63340318840206e-09,1.00827206641835e-08,0.999997385400024,2.60288385247278e-06,2.72148016392355e-38,4
"20549",0.00124640255786184,0.000540600038005207,0.975569040732744,0.00296839085300396,0.0145871692169427,0.00508839660144257,3
"20551",5.74154518763765e-11,0.00440520256755897,0.247299797177477,5.27077461531769e-05,0.748242292450723,6.72304580156885e-13,5
"20554",3.13142171574041e-17,0.00188406461219561,0.0554408384613575,1.82370802971471e-06,0.942673273218417,1.6654096890602e-16,5
"20556",1.05842171807723e-17,0.000280744749181376,0.976221759037271,0.0234327214781421,6.47747272906883e-05,8.11433960627737e-12,3
"20558",7.86228996654576e-29,0.00370476298771407,0.00294159941145478,1.14172397144856e-05,0.993342220361117,6.12380800902791e-31,5
"20560",6.87600807193709e-08,0.0524115804698279,0.0894419146974604,3.44012028765413e-09,0.858146432631767,7.43116483636089e-13,5
"20563",1.40259239815075e-36,0.0100907541777683,7.91261792390275e-07,5.43319867400084e-06,0.989903021361765,3.24946440157782e-47,5
"20565",3.69468751433e-11,0.342962741185345,0.61587955780502,3.31427922420008e-05,0.0411245581804424,4.12830590408101e-15,3
"20567",0.929204963547856,0.0479138191263345,0.00208953989314053,4.75615332166276e-06,8.41658141754939e-14,0.0207869212792637,1
"20571",9.3920536380997e-43,0.998018598286948,0.00173147151888485,0.000212730764133201,3.71994300335977e-05,1.61254627326681e-42,2
"20573",4.10045724095342e-11,0.0213064996536448,0.416708973241787,1.79148835377878e-05,0.561966612180012,1.34771145957575e-14,5
"20575",9.18225092689458e-36,0.227879345726063,0.000688309400496855,4.89797285283592e-09,0.771432339975467,4.42315970931825e-40,5
"20577",2.04743401449393e-19,0.00398575021716406,0.995725827732469,2.92625728323571e-05,0.000259157048220455,2.42931443102906e-09,3
"20579",0.840883633544604,0.159116364711406,2.87557559073476e-11,2.20210406782286e-12,4.40402647310997e-29,1.71303287322282e-09,1
"20582",2.43981517141532e-44,0.0123595380166651,3.97947515704838e-05,1.11296753893291e-06,0.987599554264225,9.84659495961057e-47,5
"20585",1.18645535470981e-40,6.20336121021625e-06,0.00585261169601994,0.962214694612523,0.0319264903302471,2.91833387667673e-19,4
"20588",5.37105718167094e-26,1.39534359201962e-05,0.000411119156553968,0.999574926533361,8.7416514032744e-10,1.38712328208396e-24,4
"20590",0.994347353241305,0.00546962080614908,1.84225414365531e-08,1.64660650940157e-11,5.0802195309963e-26,0.000183007513538077,1
"20592",7.56487828833621e-29,0.0174986328395304,6.70843371746982e-05,2.65672165162469e-08,0.982434256256078,1.84895188636251e-46,5
"20594",7.23205698677458e-52,0.00370382963497255,6.38446156010605e-05,1.00446666396549e-05,0.996222281082787,1.49075032819062e-45,5
"20596",8.62482244226013e-13,0.10231895099105,0.634779265650475,2.56159691096605e-10,0.262901783101452,1.03807150087649e-15,3
"20598",2.19193720748115e-15,0.00895464064797877,0.221290986652007,8.0498404039998e-06,0.769746322854872,4.73597964997478e-12,5
"20600",8.29893639836677e-14,0.000690193329337322,0.52667853251294,0.471833673131911,0.000797601019757719,5.97032237415705e-12,3
"20603",2.20970916213471e-06,0.00514196870587611,0.700201535250436,0.158138689911106,9.48802360371364e-10,0.136515595474617,3
"20605",2.03458116856652e-38,0.0131016630148893,0.390763405266714,8.07585571143622e-05,0.596054173161282,5.46375786852481e-27,5
"20607",7.36942769428786e-24,0.00943739650104175,0.166049129085279,1.22514119405332e-08,0.824513462162267,6.5086410708094e-19,5
"20609",6.56537590023832e-20,0.00206898607845809,0.0692824891229594,4.6718482905166e-06,0.928643852950284,8.09922178795801e-15,5
"20611",4.2826518514104e-06,0.00025492470539932,0.00222619631812479,6.60300111323834e-07,7.13756524175666e-16,0.997513936024512,6
"20613",1.61823644626319e-22,0.000323910251421455,0.376581460656142,0.000778700579538279,0.62231220779988,3.72071301886186e-06,5
"20615",5.72556214902527e-10,0.000689082424206586,0.988693017143794,0.00600821517161025,0.00460964543644485,3.92513885294053e-08,3
"20617",0.98643030250533,0.0135605162606686,7.53854127899827e-06,1.64250915993671e-06,4.26464393380808e-20,1.83562144209824e-10,1
"20619",2.61161618493403e-26,0.0217151264855127,0.00113901781620653,4.96551922565934e-10,0.977145855201729,2.65925236771115e-40,5
"20621",4.02153288414809e-15,0.155953494624491,0.773875152069102,2.57087438181487e-05,0.0701456445625347,5.02762667808102e-14,3
"20623",0.440278131367539,0.559502971073895,0.000218872850255723,1.86511362686406e-10,1.67401044755287e-08,7.78169477669982e-09,2
"20625",2.34499818301361e-09,0.00139713919514272,0.201898552064658,0.796310414770586,4.17317354812397e-12,0.000393891620441426,4
"20627",1.61170746830211e-19,0.0127460215433036,0.795778087116536,1.39486842278649e-05,0.191461870948612,7.17073205029882e-08,3
"20629",4.38112631280611e-11,0.00770911576962883,0.915989942652034,0.000187087714383029,0.076113853772161,4.79814672287643e-11,3
"20631",8.4686126742909e-31,0.0906247060389146,2.57549383274361e-06,9.42211721059488e-09,0.909372709045136,3.36071603906122e-46,5
"20633",0.993448831067657,0.00655116867541281,4.16104451997367e-11,2.08636062132264e-10,4.63702584773228e-30,6.68409215712099e-12,1
"20636",1.27036254103738e-05,0.701038779600323,0.292794529344805,3.29903928454803e-06,1.13504558063627e-14,0.00615068839016523,2
"20638",1.94969666311577e-34,0.207351658830992,0.791448898185085,0.00119787959187488,1.56338886583709e-06,3.18265462460901e-12,3
"20640",8.85692780503636e-46,2.62276782919191e-05,0.0611249110156612,0.293286912688714,0.645561948617333,3.4930612966488e-25,5
"20645",3.65370294017215e-55,0.00516428364070868,3.27425558202574e-06,0.000236773046609388,0.9945956690571,2.71379005415614e-52,5
"20647",0.976940781943932,0.0230590838646171,1.89677361661498e-10,1.34001773790574e-07,9.49236410316008e-24,2.27015969567982e-18,1
"20649",1.42242003486606e-23,0.00250712075126038,0.0757207351851689,0.0559819458304099,0.86579019823316,5.39734439463581e-16,5
"20651",1.87694922762785e-38,0.997434518797211,3.5109564665512e-08,1.03970103165453e-07,0.00256534212312114,1.5347961620377e-63,2
"20656",4.48659472605401e-42,0.00234128662206924,6.78968553144401e-06,0.291022454866884,0.706629468825515,2.6951878368297e-34,5
"20660",1.07763202361311e-55,1.96487933626284e-07,4.34685632736174e-08,0.999999731963047,2.80804563306693e-08,1.00399267304021e-31,4
"20662",0.0264027350425786,0.973479792724382,0.00011747148529125,3.38102451157612e-11,1.53204817279235e-19,7.13937879911002e-10,2
"20664",1.51122445226281e-13,0.999796248724221,6.85444324024337e-05,3.12439600481616e-11,0.000135206811981893,1.36785539674684e-26,2
"20666",4.80239102812598e-31,4.36495410550147e-09,0.00128493359877188,0.998701545318491,2.14562120640452e-11,1.35166963273323e-05,4
"20668",0.00280776456533066,0.000681386906764661,0.00370909778799123,4.94071507471263e-09,1.38469217706491e-12,0.992801745797814,6
"20670",1.64898951592192e-45,0.99117151234189,4.10136959773557e-06,3.1844173206541e-09,0.0088243831040952,1.36604369920017e-35,2
"20672",0.467898084726487,0.000135924440093896,0.00820033598835228,5.97180453032579e-05,1.73052450587951e-13,0.52370593679959,6
"20674",1.25784459864055e-15,0.055748825633154,0.318410497291313,8.20917954193799e-10,0.625840676221249,3.33653162316136e-11,5
"20676",2.83288220895262e-05,0.671313688803863,1.16359348587974e-06,2.58312807312728e-05,4.79051942680875e-29,0.32863098749983,2
"20678",0.000909330782906952,0.651281401975708,8.25439188679037e-08,1.17945774513352e-09,2.74814729100579e-30,0.347809183518008,2
"20680",0.0367050235890538,0.00266266171787682,0.231854438510606,5.20165236406562e-06,8.82556167431197e-07,0.728771791973932,6
"20682",7.27075381806637e-11,0.301098544427334,0.615524677365275,9.73227791733695e-07,1.0623835559545e-07,0.0833756986685361,3
"20684",8.34354677013306e-36,0.989805573264639,0.0100349579855173,1.91482100943293e-07,0.000159277267743018,1.36681908996362e-17,2
"20686",0.999723601874277,0.000113815774823461,2.35009027221837e-05,8.12463639526262e-08,3.04079088757042e-17,0.000139000201813704,1
"20688",0.00281513593210313,0.997180096228106,3.40143543584727e-12,1.62687096122933e-10,6.10570700943093e-34,4.76767370190836e-06,2
"20690",8.11347988262088e-57,5.40939848363313e-05,0.00283553374071529,0.997090021634702,2.03506397459994e-05,7.84838687729439e-30,4
"20692",0.978254971862669,0.0217450275525721,1.81289136367564e-13,9.32776592748952e-12,4.0317716638085e-35,5.75249648597923e-10,1
"20694",2.19817955410168e-06,9.17169583940231e-05,0.00289833754666197,9.10657606176331e-07,1.84132638002297e-14,0.997006836657765,6
"20696",1.08698992428511e-06,0.020882740679802,0.83119990429507,2.52004469859035e-07,1.37713105333135e-10,0.147916015893021,3
"20698",1.02271330754028e-14,0.770196533631416,0.21997549047486,5.537733879328e-05,0.00977259855491949,2.92434366305861e-16,2
"20700",4.44180359678746e-13,0.994651462693904,5.21701117912732e-05,3.87166695357594e-09,0.00529636332219349,8.57024364353141e-28,2
"20702",1.39743313974327e-61,6.40277407168641e-05,0.00262485579170814,0.99573394089923,0.00157717556834535,2.39310510893362e-48,4
"20704",1.36255836523511e-16,0.00321260553373197,0.944168300737133,1.57322229552653e-05,0.0526033595602991,1.94588022463893e-09,3
"20706",1.89147520054905e-14,0.979078298739001,0.0209215558144988,1.45412659378319e-07,3.37976825505037e-11,2.38355755071596e-14,2
"20708",1.21610288146142e-08,0.0595211574239385,1.11140632835244e-05,1.64429203809298e-08,2.40446689721736e-22,0.940467699908829,6
"20710",1.30712797927406e-37,0.000545342724480149,0.554978190829169,0.374319414328913,0.0701570521174373,5.65244135890875e-17,3
