"","V1","V2","V3","V4","V5","V6","best$classification"
"19812",0.94765635512821,0.040987270657475,0.00250808790677818,2.90931502495604e-17,0.000233003811675942,0.0086152824958611,1
"19814",0.148726860085663,0.847021613233518,1.11594125963551e-05,0.004046908210302,0.000169418273223221,2.40407846970791e-05,2
"19816",0.150545972545007,2.06569874852891e-11,1.79871210570796e-09,5.83558710149549e-19,0.00598185539029614,0.843472170245328,6
"19818",0.979969447215142,0.00606873390905269,3.41787209137848e-07,6.89668287113159e-05,0.00240894778749658,0.0114835624723885,1
"19820",4.36014914428421e-06,3.08448411261202e-56,9.50643063838489e-07,5.57470221194267e-50,0.00955179778296152,0.99044289142483,6
"19822",2.23196206017995e-05,1.06190651690185e-64,0.0177667934291334,2.78568617743575e-43,0.977636429726671,0.00457445722359429,5
"19824",7.64459541842843e-05,1.66832611737797e-27,2.15904647875946e-10,6.76784153523698e-15,0.872147277251115,0.127776276578789,5
"19826",0.793881656202037,0.148324627087274,7.55819083790076e-07,1.25293479863526e-11,0.0577271343696565,6.58265094194652e-05,1
"19828",0.0137169900219951,1.74837970547774e-26,3.04248998934077e-05,3.40513534935006e-25,0.00149559184528173,0.98475699323283,6
"19830",0.959631725839084,0.0308084473133337,0.00370575511191897,5.12570476778073e-12,0.00585407131853747,4.12000644783066e-10,1
"19832",0.0783414646511802,4.85196399843675e-12,0.910802594081475,5.21127462775238e-38,0.000171677325964562,0.0106842639365282,3
"19834",0.700380023415277,4.65354371997699e-17,3.04014314888136e-05,7.23657418282786e-21,0.0129914171042286,0.286598158049006,1
"19836",0.979692712484397,2.58779740703204e-07,6.51083925200427e-06,9.75430331537666e-27,0.0142529569376117,0.00604756095899796,1
"19838",0.0152427591718625,0.984627619042533,0.00012847352985104,5.74940430853661e-08,1.0907136268754e-06,4.80830853560316e-11,2
"19840",0.7179352468929,1.19086764627262e-10,6.69971348215956e-09,1.88844525430603e-25,0.0605452530788806,0.221519493209419,1
"19842",0.000144692619851801,0.891079596277911,5.48771820807427e-07,1.82947803993452e-13,0.108775162330234,2.80882059475835e-22,2
"19844",6.73864753737013e-12,8.07737326906439e-24,3.35087061052826e-09,0.69960791816436,0.30039207847803,3.55141657668974e-18,4
"19846",0.000623845238835044,0.878523975445254,3.58340532574399e-08,0.120091537365384,0.000760606116473284,1.84965797358387e-16,2
"19848",0.00131810360674582,0.0154095571024191,5.05022652922188e-07,0.983121537806708,0.000150296461452021,2.21881762846219e-14,4
"19850",0.0494208812557296,0.929701333460591,1.79882633512594e-06,0.00403991826291157,0.0168360672642192,9.30213924165873e-10,2
"19852",0.309996607345095,7.10719742219804e-06,3.36262787790931e-07,3.15033689920335e-09,0.00653527888770227,0.683460667156656,6
"19854",0.00303312402706166,0.0116298739132446,9.23706369728854e-06,0.985270055820174,5.7709175704632e-05,1.18207158534586e-13,4
"19856",0.00100156003918165,9.48553727407963e-13,5.90087229546976e-07,0.0042745253103541,0.994723324562243,4.30819959968897e-14,5
"19858",1.3788975237044e-05,4.24547710435914e-23,3.94646875286577e-07,1.31388857151279e-05,0.999972023094699,6.54397473624802e-07,5
"19860",0.49874136752838,0.000426874578836012,7.12016350653126e-07,1.33647818317379e-14,0.0198060348023506,0.481025011074069,1
"19862",0.000223720106097575,0.999528188726999,1.05596209178435e-07,1.23763694206515e-08,0.000247973194324798,1.91948947921453e-18,2
"19864",2.91420992170948e-12,4.43286326997485e-28,4.66531756825446e-09,5.79723291920034e-33,0.999999995331768,5.82007130953268e-23,5
"19866",0.487388364475362,5.9975321285828e-19,1.5016363697532e-11,1.11104601014624e-28,0.448581631126693,0.0640300043829288,1
"19868",2.06709832948189e-13,3.42016038308289e-45,0.999999997817049,3.40233234760581e-45,2.18274455486009e-09,6.78907916828331e-28,3
"19870",0.0989477861499958,0.900041667236891,3.40551733344974e-07,5.69469695176354e-06,0.00100449695941251,1.44050156763014e-08,2
"19873",0.933599830975175,0.00984604686457626,1.32211714480381e-09,7.89179669947214e-09,0.0547900040625958,0.00176410888373926,1
"19875",0.0154388905527579,9.1270188653468e-17,1.92926424711457e-05,1.58334186207445e-32,0.00822018775425986,0.976321629050511,6
"19877",0.8663415578503,0.126946028841097,7.90683232597045e-06,2.01095295795613e-05,0.00548914962622771,0.00119524732047022,1
"19879",0.986246583341898,3.67016913078605e-09,5.66700259157601e-06,9.59480682728039e-08,0.00307273686259759,0.0106749131746752,1
"19881",0.925155975892008,0.000341967007852413,3.97306712711793e-08,9.5358451426662e-09,0.0745010188475773,9.88986045738122e-07,1
"19883",0.315426316933113,0.608059552091176,5.52347134283072e-09,1.42877177054726e-10,0.0765141101638971,1.51454652364526e-08,2
"19899",0.986224208252969,4.99024386666991e-11,0.000421704621082308,4.46239829781531e-25,0.013126520103158,0.000227566972887895,1
"19908",2.55347549241152e-07,2.73163302174425e-34,1.15223827035798e-07,3.62796716694193e-32,0.999999629428624,1.09163500168842e-16,5
"19910",0.699487425218503,0.000327396896991235,1.95357593652756e-07,1.57595247824827e-07,0.00431547713904339,0.295869347792621,1
"19912",0.0012257601959498,0.96827098021284,8.40224907619863e-08,2.76380271890898e-09,0.0305031728049171,2.21094923778396e-21,2
"19914",0.947990934564937,1.24673007109038e-08,6.67329390269852e-05,1.71495564833118e-10,0.0179079932405184,0.0340343266167215,1
"19916",2.09086942423373e-07,1.27688438612881e-35,1.1959020785844e-10,2.01582734772995e-26,0.999997565531788,2.22526167917838e-06,5
"19918",0.0760468696580902,0.703279929756231,8.18816335535213e-10,0.211423624997451,0.00924954682802691,2.7941384226525e-08,2
"19920",0.00116164145469577,0.00260128232618154,2.79432063923241e-09,0.993928153375663,0.00230892004869273,4.4611547806965e-13,4
"19922",8.07585269688512e-06,6.43857365213108e-13,0.999991390128062,1.76101349619074e-34,3.97421075555604e-10,5.33621175976289e-07,3
"19924",0.952363210599109,0.0152822806616974,4.51644793066057e-06,0.0247499457295937,0.00746093061510068,0.00013911594656802,1
"19926",0.989141516907474,4.27782004275335e-13,0.00711542054049541,1.81663726836532e-31,0.00358726106680146,0.000155801484801514,1
"19928",8.39143189169337e-18,2.91493295370838e-23,1.43252348691217e-07,1.08713238713361e-30,0.999999856747651,3.41520724625988e-37,5
"19930",0.0413697408970908,0.958589404656349,3.41256227822102e-06,1.36722884100436e-08,3.07435915224859e-05,6.68462047111874e-06,2
"19932",0.00394118261022249,0.996008982581925,6.82725341455977e-06,4.07413164562459e-05,2.26621084995894e-06,2.71315344562326e-11,2
"19934",0.466943200450114,9.4244398602819e-16,6.41104227521592e-05,1.58006790979226e-15,0.0105833532467853,0.522409335880346,6
"19936",0.986923435648666,0.00338674597660268,0.00854984306754991,1.48073486783633e-13,0.00109197885941436,4.7996447619026e-05,1
"19938",0.297692681577267,7.03431679310254e-35,0.000240706966286907,4.74900121728682e-21,0.686491752256156,0.0155748592002895,5
"19940",0.986057029113104,0.00175883394586204,1.4990758858878e-08,3.35484694606048e-07,0.010206478821804,0.00197730764377618,1
"19942",2.24059303586657e-09,4.19699722479595e-15,8.96687689380362e-10,1.01224739508762e-28,0.999999996862715,5.18284971134944e-26,5
"19944",0.741511183844467,2.02117807126015e-06,1.78858133403162e-07,3.31837427117019e-11,0.0245245715229208,0.233962044563223,1
"19946",0.864095473300193,0.000554335453948405,6.27420652699847e-08,0.000119453408718092,0.048262525971515,0.0869681491235603,1
"19948",3.90894164931566e-10,8.87598035215247e-10,2.06299966272521e-11,1.20153003762126e-21,0.999999998700878,1.16125794472513e-23,5
"19950",1.00614243642097e-06,9.47365515883042e-10,1.50995662907468e-07,0.998733723530979,0.00126511838355577,1.46239220661238e-19,4
"19952",3.90894164931566e-10,8.87598035215247e-10,2.06299966272521e-11,1.20153003762126e-21,0.999999998700878,1.16125794472513e-23,5
"19954",0.0102730711014054,0.989705053837281,1.04264881612865e-06,9.04311768465987e-06,1.17697937996967e-05,1.9501012807387e-08,2
"19956",8.13581703515842e-05,3.95959852458019e-05,0.000474989887869889,4.15419816129998e-07,0.999403640536717,1.88798271253658e-25,5
"19958",3.89777812083554e-16,4.03170426065606e-32,0.999999999976758,7.2211514443961e-37,2.32418871266214e-11,1.91887364552368e-18,3
"19962",0.179059730929284,1.21032145774316e-09,6.46878688035616e-05,2.50283115824053e-06,0.820851964688359,2.11124720745756e-05,5
"19964",0.980671232510909,3.66698085349031e-06,8.06646324724698e-06,3.46488312857707e-08,0.0192156992496306,0.000101300146527931,1
"19966",0.230023434240604,2.88208062958697e-38,1.55712478026128e-06,4.07201610302312e-46,0.763564193703278,0.00641081493133798,5
"19969",0.659966332848901,0.308161447199379,7.31914848788434e-08,4.45079321180601e-15,0.0318720913397197,5.54205112610999e-08,1
"19972",0.207371243307168,0.0542636959985582,1.64276410754858e-07,0.0429429910112839,0.695421905376563,3.00160578960808e-11,5
"19974",3.57452719299223e-07,0.013992042453367,3.86438289156539e-10,0.975731998809685,0.0102756008977905,2.86144078305324e-25,4
"19976",0.96009103590222,0.00885571211809777,3.98253409899408e-08,0.00456356224353399,0.0256298410345134,0.000859808876294452,1
"19978",0.37766760427243,1.00339177526292e-06,4.08992485399532e-09,2.18831919103221e-11,0.00973869442808087,0.612592693795906,6
"19980",0.00085856145800766,0.050366292458384,7.06694085980823e-07,0.948720961947229,5.34774422900802e-05,3.31235146249865e-15,4
"19982",0.229724055965713,0.000173231305144849,0.00894323994469976,0.64185709265126,0.119302380124823,8.35894500858318e-12,4
"19984",1.78046028980335e-06,4.2254213099089e-13,1.69936669640425e-09,0.967460963775537,0.0325372540643787,5.08882155042857e-15,4
"19986",0.00246951561057031,1.21905412462036e-43,1.21776608274437e-06,8.85316709257064e-43,0.120869030198524,0.876660236424823,6
"19988",1.54729103171144e-06,2.53353208697039e-62,1.5833489050882e-05,2.44492829479258e-55,0.0359974294125811,0.963985189807336,6
"19992",6.34492239996423e-05,3.22234808081271e-43,1.21922502646009e-06,3.58228199437392e-34,0.026681563380662,0.973253768170312,6
"19994",0.0390798105554042,0.960849620631855,5.40964638816515e-05,5.06287289293494e-10,7.06066157838e-06,9.41118099332643e-06,2
"19996",0.00049144526812409,9.5748493511318e-37,3.28061540839248e-07,1.10639388516803e-29,0.00895006585122122,0.990558160819114,6
"19998",0.0303490911031296,1.51826259207723e-12,1.10237895780517e-09,6.83842426095462e-17,0.969650907770095,2.28775270446388e-11,5
"20000",0.0519531910732331,3.78128605059552e-05,0.947073220451849,6.57342983753366e-23,0.000935775614412191,3.84579055185086e-18,3
"20003",0.984707983218221,0.0137251101461396,0.000912569184341212,4.9052044493077e-21,0.000323087269912682,0.000331250181385954,1
"20005",0.000214249589296929,0.000143128316133316,7.00771856415393e-08,0.999101416284442,0.000541135732942396,3.98007235448429e-17,4
"20007",0.944503819993591,3.5112142711576e-11,1.21064518099562e-06,2.4124651441151e-16,0.0280735154151793,0.0274214539109358,1
"20009",0.000400478238916296,6.58822760137479e-37,1.48812719411178e-07,3.01010658354504e-21,0.999411365045006,0.000188007903357953,5
"20011",0.864905678809835,0.0035707670866679,4.20414040543069e-08,0.00110458592618265,0.130418893209981,3.29259291437185e-08,1
"20013",0.288424453789998,0.392556371091206,4.73096254535058e-06,0.315058752250226,0.00395543599484301,2.5591118233537e-07,2
"20016",9.11845033241997e-05,5.92347122275657e-51,2.13940703164066e-06,1.8686125787154e-31,0.925126490396192,0.0747801856934517,5
"20018",7.6281981708672e-23,2.09610401969896e-98,0.999991073670352,1.4967223178222e-95,8.90325370238312e-06,2.30759454746709e-08,3
"20021",0.0100728419613217,5.68826013832156e-15,5.07429758886037e-06,1.37291063530593e-33,0.0027456817127855,0.987176402028298,6
"20023",0.629754910137841,1.00206155976252e-10,4.29138414120546e-05,1.55917932233377e-11,0.0748601696158319,0.295342006289117,1
"20025",2.79134738911979e-11,4.14104046671861e-58,0.83435910598997,2.32077262959616e-75,0.163790696461262,0.00185019752085463,3
"20027",0.0172781919387383,0.975261415336923,2.91418308276452e-06,4.01252189366946e-16,0.00745747854123182,2.3337031520259e-14,2
"20029",0.0591123701212827,0.877216783331648,6.47807621015032e-09,2.81327704813384e-08,0.0636708119356743,5.48227002959168e-13,2
"20032",0.00286239059152054,0.997117097288712,8.60418005942768e-06,1.10503426182336e-11,1.19079237882164e-05,4.86960124573137e-12,2
"20034",3.20286542672587e-07,5.88598525510226e-07,1.00374547108077e-08,6.44893234314758e-22,0.999999081077477,5.79180481126838e-19,5
"20036",0.188712234165498,1.05655601682508e-08,7.27557420182871e-06,4.77507453708529e-10,0.811280477414984,1.80224769342559e-09,5
"20038",0.0438621420076915,3.16616514887996e-30,0.00129760495233284,1.12715159475442e-47,0.000683505763653953,0.954156747276322,6
"20040",8.80420316280626e-11,9.10173709595527e-63,6.27535411425605e-05,1.13038097463829e-42,0.999716571539884,0.000220674830931243,5
"20043",0.0101466676744387,6.6132256348271e-19,9.88435359659369e-05,7.76167057313198e-27,0.00523027084724679,0.984524217942349,6
"20045",1.94582309590326e-08,8.55074557573273e-65,0.0011866116480988,1.14463122049985e-43,0.0565551411291245,0.942258227764546,6
"20048",6.34336239731945e-11,4.37037532352284e-15,6.3092219895326e-08,0.987364606082426,0.0126353307619155,2.66009631106542e-22,4
"20051",0.834740744418589,3.54525360962043e-09,0.00545682412815825,2.80859228358603e-15,0.118568473603272,0.0412339543047238,1
"20053",0.315463135730706,7.43125337173005e-15,2.13624848907307e-09,1.1590516376482e-09,0.476503215197132,0.208033645776854,5
"20055",0.807660848720086,2.82907804377134e-25,0.181363777732775,2.85394376998617e-56,0.000248239207282474,0.0107271343398564,1
"20057",2.25727841547275e-27,3.66431637081763e-50,0.999999999999051,7.0289736322166e-52,9.48519703147206e-13,7.13243580499271e-42,3
"20059",0.148352558802982,1.37683078203725e-17,0.000832411768528558,7.12216968102501e-20,0.524477891198869,0.32633713822962,5
"20061",0.394048874202311,4.11811488249198e-11,2.37611594718649e-07,4.30674274429854e-19,0.171848777520561,0.434102110624352,6
"20063",2.51285049329814e-18,3.07694724294822e-53,8.67826421657282e-08,4.14106206726792e-14,0.999999913217317,1.09085884316141e-16,5
"20065",6.11136282489747e-09,1.63650142568414e-57,0.96715463758712,1.05842807849696e-89,3.36899140605812e-06,0.0328419873101113,3
"20067",0.000684368468228268,4.4612467402237e-31,0.000540344709551764,1.53082354502372e-15,0.166703852312145,0.832071434510073,6
"20069",0.000557514160004971,0.0080899549859105,9.60140665797138e-07,0.99130673094211,4.48397713046606e-05,4.2390719471952e-15,4
"20071",0.42756774071682,5.43208580636486e-17,4.03194782284421e-07,2.50913019925401e-25,0.572431303325889,5.52762508993768e-07,5
"20073",0.0102165636500959,7.82307342209844e-05,5.41980830376295e-09,0.898546539903915,0.0911586312132144,2.90787449973983e-08,4
"20075",1.02220428827425e-10,7.07106141331968e-37,0.999999999894613,3.9362976928309e-57,3.16632848249277e-12,5.87153419805561e-22,3
"20077",0.0974713256377723,3.6607769552627e-15,4.33977003658719e-09,2.12543684066268e-13,0.0203149533676134,0.882213716654628,6
"20079",0.000282599241555093,4.87746378266742e-19,5.36178264819671e-07,2.43390228275494e-11,0.999712362635222,4.5019206190943e-06,5
"20081",0.195017900043314,1.39929159238784e-22,0.474340103318868,3.58706462931416e-26,0.000206601920111911,0.330435394717707,3
"20083",9.31266306072565e-06,2.98443463285164e-23,2.4020069751569e-06,7.48187959919345e-10,0.999988284581776,1.35543484509652e-17,5
"20085",8.81138875435407e-07,7.18866043851153e-60,0.00010872625557225,5.47133572938135e-61,0.00799822309532041,0.991892169510232,6
"20088",0.00549296796102011,2.31029529796593e-25,3.95902751098776e-05,3.2213225133935e-31,0.0152006177467367,0.979266824017133,6
"20091",1.25955088722465e-07,4.48872737348598e-39,0.999999517799898,4.58498714439265e-39,1.22226080693259e-08,3.44022405357005e-07,3
"20095",6.32023530249847e-06,5.18017387731e-26,2.45571352471864e-08,9.91729715683327e-09,0.999993645289829,4.35971424736235e-13,5
"20097",1.19261183332948e-06,9.48300694938672e-60,0.00197501964545676,1.36783826162211e-64,0.00901185964280746,0.989011928099902,6
"20099",0.000596050193076459,2.13698218211087e-25,9.07389791248336e-15,7.52374857937615e-15,0.999057846672301,0.000346103134606264,5
"20102",2.93639314338277e-08,1.74064150434029e-27,0.762354792685962,5.30386262097835e-10,0.237645177408449,1.12720921042469e-11,3
"20105",0.00343822128593865,3.1762444091775e-23,1.57830519563662e-07,1.22510057988429e-20,0.0731915190533079,0.923370101830234,6
"20107",0.119275981440655,8.48378996278369e-25,1.5522324594619e-07,5.09186049185761e-26,0.0112953532387196,0.86942851009738,6
"20109",0.00920497646810779,2.22751537679751e-15,1.78140758255877e-10,6.37277035952109e-05,0.868214266779041,0.122517028871113,5
"20111",1.49139244614616e-09,3.37105104715821e-14,0.999999998499892,4.920875684663e-23,8.68226185073496e-12,1.2545546979347e-21,3
"20113",0.865465016611154,6.3110782794083e-18,7.08154632526169e-08,3.10712745315197e-33,0.124151247523434,0.0103836650499488,1
"20115",0.056183226017705,0.624896613749988,0.314466250875333,2.77551412443073e-16,0.00445390933094969,2.60235376277331e-11,2
"20117",1.39790236936937e-10,4.97506189904022e-50,0.999686898197545,7.10699648233515e-60,0.000313101662665337,1.72362218468722e-17,3
"20119",0.0417445673268675,1.14982415606109e-31,3.55001875295677e-09,2.6572095000472e-47,0.942850025964079,0.0154054031590345,5
"20121",0.0376847402075697,3.91123568076853e-30,4.62319609692778e-06,2.06508192502465e-33,0.030036935519943,0.93227370107639,6
"20123",4.96923395031918e-08,3.43470823210355e-45,0.999999529025868,1.43005609999766e-64,1.25654498936911e-07,2.95627293876909e-07,3
"20125",0.0131099275221006,0.986202841253023,9.19253471558775e-06,0.000377140459059422,0.000300897395264947,8.35835822035573e-10,2
"20127",6.94298524874375e-07,1.76473196597077e-51,1.02045929147938e-05,3.50863650453524e-36,0.0128533501780745,0.987135750930486,6
"20140",0.876855523342362,5.91682205387108e-19,0.12155574405944,9.42047728582269e-43,0.00158373663658253,4.99596161584865e-06,1
"20142",3.37764120324284e-06,2.70638270617096e-05,3.4012341196317e-07,0.999057198860742,0.000912019547580997,1.52735786949188e-18,4
"20144",0.108552534606371,0.0223729657801213,0.867164189691952,2.73131206784319e-12,0.00191030991873276,9.20216954315602e-14,3
"20146",0.0616293665126877,3.28446234283125e-07,0.000265647329693198,2.01895357110488e-05,0.938084467647268,5.28405957493296e-10,5
"20148",0.892885390758688,0.0990613220903438,3.12449936606965e-05,1.65182870821051e-13,0.00749646562185344,0.000525576535288963,1
"20150",6.74108048536241e-05,0.361728591077385,3.16562080101329e-08,0.637131449875065,0.00107251658648822,2.66430673402624e-20,4
"20152",0.923650429155268,0.0685264051263137,5.52026740848876e-05,1.05430733338122e-09,0.00639553517308466,0.00137242681694188,1
"20154",2.35046248441528e-10,4.57918475223144e-56,0.999881482542317,7.51034583629908e-43,2.12739541052041e-05,9.72432685310565e-05,3
"20156",0.248292689242142,1.16603121472324e-15,0.000105987825833936,4.38453680644923e-09,0.751017729903044,0.000583588644441377,5
"20159",0.00126388381458377,1.13444932223512e-07,2.57706080757939e-05,0.996306535333422,0.00240369679898472,1.54884846165993e-15,4
"20161",1.82126552869406e-05,4.37804288777919e-12,2.96642929371461e-06,0.000992682631173279,0.998986138279571,2.97203203032001e-13,5
"20163",0.932373557357664,1.16282558143651e-05,0.0624846999947353,1.86761170907444e-30,0.00409809005887324,0.0010320243329135,1
"20165",5.93300048914275e-06,1.86583766632133e-21,1.75429075567276e-07,0.00418430646835032,0.995785693318449,2.3891783635781e-05,5
"20167",0.190816541918545,0.807486195002945,2.22542242580937e-07,0.000709357012959282,0.000818123048188406,0.000169560475120223,2
"20169",2.41460280666648e-09,8.76688555053894e-11,4.12102670695067e-08,0.998318226660809,0.00168172962665249,1.60132467028522e-21,4
"20171",4.71391115150602e-15,2.53153708283404e-71,0.999822529827374,1.75934012526201e-47,0.000177277737258466,1.92435362585808e-07,3
"20173",1.41992287293824e-12,5.4921065815957e-32,2.96023235659193e-12,2.84957827923906e-15,0.999999999994173,1.4443466043944e-12,5
"20175",0.780450403767184,0.211349025790212,2.21297884828459e-05,0.000663387260318126,0.00751357980312733,1.47359067546973e-06,1
"20177",0.0227937729724354,6.74152173222526e-22,3.4425133833519e-08,1.81926462470624e-18,0.977122408356576,8.37842458551931e-05,5
"20180",0.000464299202843398,3.04116098501859e-35,0.000538173368133586,1.01097171305113e-63,0.0117115150357032,0.98728601239332,6
"20182",1.53153228433281e-20,2.95538181017622e-22,0.818501250171043,6.89551631517956e-08,0.181498680873793,7.93227136266259e-45,3
"20184",0.00251756436566699,0.000101750184248847,1.02968134422654e-07,0.994334294060048,0.00304628835000223,7.18997335375581e-11,4
"20187",0.000135583758405095,7.21110918059767e-13,3.57905638952072e-11,9.78476150701906e-12,0.999864416131929,6.33696268823068e-11,5
"20189",0.291267229599614,9.70299794008297e-12,2.15412648464947e-10,2.01436153394086e-23,0.113090598318473,0.595642171856798,6
"20192",3.3986005148328e-10,5.54276835544271e-35,0.350910582904714,4.30760820899367e-57,0.64903222893134,5.71878240853805e-05,5
"20194",9.22907053497659e-05,5.4629816976528e-07,1.28037789133486e-09,1.43375619067194e-05,0.999892824154196,8.83868874509484e-22,5
"20196",2.03282993852781e-05,2.29214012234928e-47,0.351317135250305,3.21711632805614e-50,0.000605864047148274,0.648056672403161,6
"20198",0.868769546403652,2.52581125064003e-06,0.0061404425486252,1.67878850027593e-13,0.124429517632524,0.000657967603780007,1
"20204",0.00552455908401122,0.77546200119723,5.36627349748366e-05,0.21872509693449,0.000234680049049304,2.45039179664346e-13,2
"20207",0.00371701892899796,5.53909456368945e-40,0.233123244801043,4.23734784091859e-26,0.0321266326583836,0.731033103611575,6
"20209",0.000235665078293585,4.62348535666081e-11,0.999764136022274,3.37670422425847e-45,1.98853197727225e-07,2.61389185091159e-18,3
"20211",1.17064699987981e-06,1.33053314742441e-35,0.999992373010406,1.21982049964558e-49,3.72544907293024e-08,6.41908810354464e-06,3
"20215",0.115008768798865,4.48514022503371e-20,6.89090316616156e-07,3.47227526451965e-29,0.110539941799692,0.774450600311126,6
"20218",2.97794299860448e-05,0.00146640684796388,2.5423169551926e-07,0.998278495303661,0.000225064186693479,6.60416916477751e-17,4
"20222",0.0410787762694144,6.72780998682362e-27,0.474965660440543,7.40882157012983e-27,0.00897597867670569,0.474979584613337,6
"20225",0.306665379619089,0.0201344059236962,0.171423369990298,2.04874453516565e-11,0.501776844446427,3.05864715353566e-15,5
"20229",0.755623442675906,1.9737448030667e-13,0.00377800594659839,5.61485745702866e-31,0.240598544521034,6.85626446099222e-09,1
"20232",0.988913060899739,9.71779601547482e-15,0.00132583635988181,5.50368244914607e-22,0.00590169675705886,0.00385940598331044,1
"20234",3.11074860903518e-14,1.49667006915106e-82,0.898407511637152,2.4009243319385e-89,0.00401505604668558,0.0975774323161309,3
"20238",0.0124387119602053,3.57286238303272e-28,3.24379221825e-06,1.98193408738238e-25,0.570066739446793,0.417491304800784,5
"20253",0.00337283967272221,2.58622063270632e-38,5.13781189570838e-07,3.27155345529732e-39,0.0497027478279792,0.946923898718109,6
"20255",0.0711613846651091,0.927519866507157,0.00131719184014973,1.75491466539117e-09,1.51055739995932e-06,4.46752694971822e-08,2
"20258",0.000315365735629352,4.26292392431086e-31,2.30821392076352e-06,1.08842896761744e-39,0.00496068550964101,0.994721640540809,6
"20269",0.0184288426978743,9.43172565567451e-17,1.3043872775898e-07,1.37680364836337e-10,0.0744864769919976,0.90708454973372,6
"20271",0.000614703297181733,1.18414687098118e-33,2.29068792574743e-07,3.89694324806911e-47,0.483431576197882,0.515953491436144,6
"20285",0.0104430772060264,6.70448656960074e-13,1.43545031459397e-06,6.12104839155141e-15,0.989555487342981,1.25362045896691e-15,5
"20288",0.834729578331479,5.93191221365383e-20,6.02939119469248e-06,2.45674066020552e-24,0.0753902012590534,0.0898741910182735,1
"20291",0.00303566742598462,2.69900104690779e-43,0.8268692460826,4.57401969974303e-36,0.00541135178462295,0.164683734706792,3
"20295",8.28889264866588e-06,2.57163755623021e-18,2.07395146002591e-09,7.84095479862905e-20,0.999216591867379,0.000775117166021189,5
"20298",0.00695765929728249,0.993000376528144,4.3857802493865e-06,2.22291138146581e-07,3.73560998616018e-05,3.32496927150822e-12,2
"20302",0.0517633812090721,0.000166400300420699,2.03187232951919e-06,0.838238026348737,0.109830160030028,2.39412904486597e-10,4
"20305",0.00794764821903824,0.991836394376925,3.20406377092765e-06,3.48328591897469e-12,0.000212753336589878,1.92586069795244e-13,2
"20307",0.00363303427836577,2.12537755426533e-37,8.16802993466987e-05,1.34774355297713e-34,0.0159796360586811,0.980305649363606,6
"20310",8.80486571867902e-11,7.39734614944434e-70,5.89237741520118e-05,3.16431571870236e-61,0.422094136969465,0.577846939168334,6
"20313",3.50460306703459e-08,1.45960317845682e-11,2.11125217830624e-08,0.957592187022177,0.0424077568046745,4.09944497905275e-25,4
"20315",0.30875448915617,1.84668912285805e-30,6.81425010120139e-06,8.45938063811413e-34,0.0113983956674327,0.679840300926296,6
"20319",3.85097600046577e-06,2.96742582158404e-45,0.970572781739289,2.14702107804331e-59,0.00696406918973905,0.0224592980949714,3
"20321",1.46536527207547e-05,1.76109497167798e-36,5.87085319150156e-09,4.92727206486976e-33,0.137959692680446,0.86202564779598,6
"20327",0.000399824968315914,2.18081302603908e-33,1.8257358611091e-09,1.28566220281863e-33,0.0182977802335766,0.981302392972372,6
"20329",4.82228798139017e-08,5.23716952747767e-07,1.01734569186363e-11,1.14334784888268e-08,0.999999416616515,2.16961173592765e-25,5
"20335",1.51925994041832e-06,4.71969345403624e-49,0.0550049983566271,2.64585291199473e-37,0.0047137668595462,0.940279715523886,6
"20337",0.000747107497084836,8.19523376670848e-05,3.21663932285335e-06,0.999129030840807,3.86926850899169e-05,2.8318497781475e-14,4
"20339",6.61931818818069e-06,7.24940129999575e-26,0.994293155110679,2.1777181941569e-55,0.00570022556896796,2.16521742491145e-12,3
"20341",9.74943877103933e-09,3.98877117223696e-51,0.998669798258633,6.27164424458011e-27,0.00132900180794049,1.19018398790405e-06,3
"20343",4.03175674525876e-08,1.22806652886628e-51,0.000238600366972128,5.01311427397249e-27,0.922283775875745,0.0774775834397151,5
"20345",0.991213721380261,0.00159629821491141,0.000111305120812137,2.7549742076581e-22,0.00707639848278632,2.27680122945917e-06,1
"20350",0.000635567299766225,8.13017889791292e-27,0.0540821530944209,5.80208368982469e-22,0.945282279592892,1.29205819375548e-11,5
"20352",3.47787320506221e-08,2.90508310479106e-10,1.16559207141033e-08,0.99857362566187,0.00142632761296832,1.9185985706834e-17,4
"20355",0.000932220883065001,6.00267210714297e-13,8.35910273550029e-05,0.0121576497065193,0.986826537942817,4.39643758373345e-10,5
"20358",1.40609883297176e-06,0.00101276271862056,3.90360992623365e-11,1.42437502593176e-07,0.998985688706008,1.39873245373998e-23,5
"20363",0.000298514146516655,2.26593795409433e-28,4.19238892350151e-09,3.61433443038929e-29,0.0456144550335621,0.954087026627532,6
"20365",0.0787316868227458,5.00505697873288e-23,0.908455001223755,2.64201560541121e-37,8.95247425756692e-07,0.0128124167060735,3
"20379",0.268291569154405,0.0920346833373122,0.639517464395033,3.96727736004642e-07,0.000155881215501057,5.1700129955787e-09,3
"20387",0.00431733501573683,8.45171678598922e-23,0.000294729851716315,3.20920698772722e-27,0.00376420978091712,0.99162372535163,6
"20392",7.12309097781471e-09,5.38582289795953e-42,0.999939935744431,2.01968385357339e-64,1.81504708279385e-08,6.00389820075317e-05,3
"20395",0.786908912555593,0.18539172210454,0.000164457321686124,6.62502382966135e-06,0.0268775882469035,0.000650694747447996,1
"20397",1.06807573064804e-16,2.13449365704998e-15,1.31804640744362e-11,9.14868120072187e-07,0.999999085118697,5.28493447541689e-40,5
"20410",0.0319554791051123,3.94381377940612e-17,1.53806209532756e-05,4.26565334968132e-42,0.00795859099218824,0.960070549281746,6
"20414",0.308353386094381,0.592916632505468,3.50629772354616e-06,0.0166036968455789,0.0821220265944614,7.51662386945829e-07,2
"20417",2.05233357052332e-24,8.58496592387245e-110,0.998455799223971,8.95722807604158e-112,0.00154420067752833,9.85011800679986e-11,3
"20419",0.000131489020019126,6.83665531505831e-40,1.06017753133876e-12,7.80307262237971e-33,0.0185935972624428,0.981274913716478,6
"20421",0.123666067897994,2.425626825918e-07,0.841907450883,0.000475257955071532,0.0339498516433663,1.12905788586979e-06,3
"20423",0.100670934976589,0.767249729680608,0.00215832282618192,0.128972922896382,0.000948087975631021,1.64460833040907e-09,2
"20425",0.905215427724174,0.00407456779494891,0.00158685545212919,0.0659598347703307,0.0231633136467065,6.11710998367016e-10,1
"20427",0.898045439791352,0.000399604752316786,3.67360833241247e-06,8.08167236844339e-17,0.0304758526459231,0.0710754292020753,1
"20429",7.20117698747389e-07,1.50426164181771e-43,3.63818143258471e-08,1.24073327982638e-28,0.999170934532766,0.000828308967720804,5
"20432",0.00501020444533105,0.566168941481809,2.5614995571437e-07,0.174373996658131,0.254446601264179,5.93860055344892e-13,2
"20435",0.46633033216567,1.81191655290373e-10,0.00502852296785769,4.67330550552455e-28,0.459424651706533,0.0692164929787472,1
"20438",0.00737833951707238,7.83275264239747e-27,1.82445777234204e-10,9.88579666411252e-16,0.170697453689778,0.821924206610703,6
"20440",0.00230904680274958,1.65243806938449e-35,8.85080373795471e-08,7.22091008713386e-24,0.0263047553487851,0.971386109340428,6
"20443",7.16278420991557e-05,6.570268868235e-16,1.77402487225254e-06,0.354576792884562,0.64534980524767,7.95700241833703e-13,5
"20446",0.796115061558997,1.29288465844006e-12,3.11164258057479e-05,2.3010915651673e-14,0.203762325448634,9.14965652477384e-05,1
"20449",0.896296429047388,5.46348235488918e-14,0.000277113331933859,2.74875559269705e-23,0.0315535604441755,0.0718728971764479,1
"20537",0.00120634742460424,2.27116181078965e-27,0.316283630015199,7.76149339295446e-26,0.0177319145082695,0.664778108051927,6
"20540",9.9264236375365e-11,5.66021262363186e-50,0.999899558249392,7.86057245787449e-68,9.24311666400076e-09,0.000100432408226968,3
"20543",0.888451150889761,1.49307479581964e-08,6.80534225459762e-05,9.17956394130342e-12,0.00509409907389564,0.10638668167387,1
"20545",5.7596745434796e-09,1.58220650607318e-38,0.999998081950409,7.26721639489712e-47,2.69139016927458e-09,1.90959852659033e-06,3
"20549",0.957456989368036,0.00436832170774691,0.00268263540603934,0.000963069705653728,0.000598414486530033,0.033930569325994,1
"20551",0.186443323255604,4.64963158265291e-13,5.01898628993712e-05,3.6684922841901e-11,0.00343580859362016,0.810070678250726,6
"20554",0.0390611163018658,1.06713550185027e-16,2.14287753945218e-06,2.00003494054659e-17,0.00178850554348012,0.959148235277114,6
"20556",0.977179831456699,5.38637077498588e-12,0.0223728295991624,4.49369096270098e-18,0.000281811321920438,0.000165527616831863,1
"20558",0.00107621313251779,2.98401361775359e-31,1.35619178568338e-05,3.25443997314747e-29,0.00413257036146886,0.994777654588156,6
"20560",0.0500030644157508,7.15892459719905e-13,3.0916231286256e-09,5.09184153951615e-08,0.040228045812761,0.909768835760734,6
"20563",2.25250223609201e-07,1.40437893545466e-47,7.12286372886064e-06,7.31472741556313e-37,0.013363763644722,0.986628888241325,6
"20565",0.413010975191546,4.43142562894271e-15,5.30592581946243e-05,2.98462551831471e-11,0.500981119453372,0.0859548460670367,5
"20567",0.00317709550208376,0.0206977029566633,4.5919065010733e-06,0.930792279942986,0.0453283296912374,5.28842156139418e-13,4
"20571",0.00120061640193565,7.51450585427589e-43,0.000213855171761795,3.04255553720528e-43,0.998535521006593,5.00074197090557e-05,5
"20573",0.288240596274724,7.17266754304118e-15,1.21843946094659e-05,2.56428141869714e-11,0.0162479055551117,0.695499313749905,6
"20575",0.00035615657364327,2.59150486842591e-40,4.57811370636472e-09,5.30070918315592e-36,0.236185956081236,0.763457882767007,6
"20577",0.996309011103251,2.93477703925773e-09,3.60271243999444e-05,2.13423262372014e-19,0.00323199202602804,0.000422966811543646,1
"20579",1.73991632574086e-10,1.59073749261363e-09,1.6306219204876e-12,0.848289256319953,0.151710741913687,2.31285277028111e-28,4
"20582",1.50371097126672e-05,5.46297473256803e-47,1.38781775922063e-06,9.05337447608463e-45,0.0105728443513196,0.989410730721208,6
"20585",0.00374537816657589,2.54595019525743e-19,0.962762063778122,4.23082304276701e-41,1.14080851852739e-05,0.0334811499701171,3
"20588",0.000519870395578407,6.24071349925357e-25,0.99946550392445,1.78896417381129e-26,1.4623059386515e-05,2.62058551643313e-09,3
"20590",4.46981413728128e-08,0.000187880504262257,1.66504678903498e-11,0.994617234829342,0.00519483995160344,7.03214784545969e-25,4
"20592",2.8000320069672e-05,8.87788098337947e-47,2.95907776382326e-08,4.19171611261304e-29,0.0162695240054121,0.983702446083741,6
"20594",3.01568875086064e-05,7.9264665393804e-46,1.47487216904339e-05,2.4221285532924e-52,0.00375445660515328,0.996200637785648,6
"20596",0.492842628614142,5.84150124890971e-16,2.51764943259061e-10,5.05791212828522e-13,0.0854352193460084,0.421722151787578,1
"20598",0.19627389447268,4.07178711752504e-12,9.93846482929242e-06,1.57379740264521e-15,0.00798856923996256,0.795727597818454,6
"20600",0.572250988883194,3.90755802540079e-12,0.425133385809859,4.52054132784402e-14,0.0007949863988922,0.00182063890410231,1
"20603",0.719538648225329,0.145254783165287,0.127797064273163,1.62189780299224e-06,0.00740787701011178,5.42830619678358e-09,1
"20605",0.182690526711882,1.69949983911751e-27,6.3092147166009e-05,4.43234594412469e-39,0.0108218154288413,0.80642456571211,6
"20607",0.136858983813979,4.76828353708892e-19,1.37568840088127e-08,3.76591237654012e-24,0.00687906061151123,0.856261941817626,6
"20609",0.0378746532091556,4.94994372568328e-15,5.42403645145728e-06,3.2139784345686e-20,0.00218835589482968,0.959931566859558,6
"20611",0.00202528173942631,0.997710322657127,7.05397784214954e-07,4.10036087462113e-06,0.000259589844782212,5.20349245658131e-15,2
"20613",0.304434594619925,3.11153385915388e-06,0.000725896103709696,8.53346335461529e-23,0.000340717121320509,0.694495680621186,6
"20615",0.984602400974121,3.54772180908102e-08,0.00598992295199179,4.0129926789676e-10,0.000701365444074318,0.00870627475129614,1
"20617",9.23497987152694e-06,2.03716129097031e-10,1.7747454965827e-06,0.986336332712561,0.0136526573583553,4.79636084451555e-19,4
"20619",0.00098153208586663,1.9599821821556e-40,5.82920875248674e-10,1.94377820223088e-26,0.0190052225013419,0.980013244829871,6
"20621",0.82127886546956,4.04096326548248e-14,2.74180280988856e-05,2.94722504666953e-15,0.114172123202248,0.0645215933000495,1
"20623",0.000419331279668525,8.14504847209294e-09,2.46472125929837e-10,0.428861789385647,0.57071884233002,2.86131439708323e-08,5
"20625",0.25257851656798,0.000381385386020767,0.745628557960978,1.79486521201834e-09,0.00141153827719713,1.29587023800494e-11,3
"20627",0.786660219539822,6.48566660037911e-08,1.40278087714945e-05,1.19579650591382e-19,0.00984332890812349,0.203482358886617,1
"20629",0.888889149551824,4.23813862125323e-11,0.000219739714618231,3.32346673504779e-11,0.00583833172221895,0.105052778935723,1
"20631",9.26718471016938e-07,2.26965716106234e-46,9.21932957518401e-09,4.92721884561825e-31,0.0840516185698587,0.915947445492341,6
"20633",8.87248477169552e-11,7.6169128275465e-12,2.30717465441509e-10,0.993587850208214,0.00641214946472693,6.47053434752736e-29,4
"20636",0.361487839081895,0.00628510702846389,4.05302556732288e-06,1.10450121232718e-05,0.632211955851869,8.18578716714829e-14,5
"20638",0.69457976210287,3.45644255063819e-12,0.00095118424493161,9.93883588545947e-35,0.304464486420618,4.56722812391945e-06,1
"20640",0.0491543568098433,1.7422715799798e-25,0.297924600356737,2.22538139874634e-46,2.69896357669076e-05,0.652894053197653,6
"20645",8.17988237093833e-07,1.22553449965519e-52,0.000243692065220098,1.06402750874761e-55,0.00634054994031369,0.993414940006229,6
"20647",3.32625442273773e-10,2.32405805414363e-18,1.35827561426061e-07,0.977936213857878,0.0220636499819352,6.68816975712118e-23,4
"20649",0.0567349445734826,4.69832803925357e-16,0.0705943127693905,9.18177127296372e-24,0.00311596164375918,0.869554781013367,6
"20651",4.57154825478025e-08,4.30421734096625e-64,7.43779601256632e-08,1.46524160951222e-38,0.998330498234762,0.00166938167179539,5
"20656",1.7293671944351e-06,1.79732662827221e-34,0.39326943620146,1.97131527941066e-42,0.00383645278282673,0.602892381648519,6
"20660",2.54677426954502e-08,4.11563071134632e-32,0.999999503446277,1.99752841287534e-56,4.1211602057121e-07,5.89699599487727e-08,3
"20662",0.000273061996526773,7.1494457071528e-10,2.07999664413357e-11,0.0273071343633597,0.972419802904369,3.12422637519542e-18,5
"20664",0.000105457546572647,1.51802019298136e-26,7.73912798543404e-11,1.27077917229473e-13,0.99972680536152,0.000167737014388838,5
"20666",0.0012596117888508,1.43012514031486e-05,0.998726079187136,2.20915483870428e-31,7.69648004405545e-09,7.61305865862559e-11,3
"20668",0.00390884373116844,0.992882196219953,5.35717328116367e-09,0.0025482581483767,0.000660696531192809,1.21360681634118e-11,2
"20670",3.59482017194897e-06,1.76844438791388e-35,4.62619528331207e-09,1.20099393787828e-45,0.987155199710992,0.0128412008426407,5
"20672",0.00781581265462344,0.541439525560828,6.62340212478242e-05,0.450533377512385,0.00014505024962126,1.29495738425986e-12,2
"20674",0.247694303843708,2.88045701056472e-11,4.63419749844386e-10,8.58992283234985e-16,0.0397481026333399,0.712557593030727,6
"20676",2.16286441956725e-06,0.358881905231191,2.25338589132504e-05,2.72371958849503e-05,0.641066160849592,7.28103480775896e-28,5
"20678",2.07994718896155e-07,0.371400619112489,1.41389825010517e-09,0.00100279688232497,0.627596374596569,3.60881226781941e-29,5
"20680",0.236303791710603,0.727417817100143,4.65236677746731e-06,0.033305020223241,0.00296391163562574,4.80696360953208e-06,2
"20682",0.712551174290833,0.0677768252745779,7.25983201953291e-07,6.24966686718233e-11,0.21967108886894,1.85519950781242e-07,1
"20684",0.0173999922415403,1.27480088984013e-17,1.47877013595311e-07,7.66969555783532e-36,0.982446948738697,0.000152911142749037,5
"20686",2.84141441338062e-05,0.000144509734358822,8.61993572676946e-08,0.999712044449828,0.000114945472322004,3.35710739709355e-16,4
"20688",2.05296742853612e-11,5.19754390618689e-06,1.70689510166902e-10,0.00325349559524675,0.996741306669628,3.50724534156299e-33,5
"20690",0.00154781098435976,3.03242016170866e-30,0.99827688329452,1.04737846339793e-57,0.000124345429835423,5.0960291285266e-05,3
"20692",6.17958204899184e-13,6.12044745553739e-10,9.83359609055783e-12,0.979758340747747,0.0202416586297567,4.53723613567293e-34,4
"20694",0.0030081407231598,0.99689385591594,8.3877609555542e-07,1.96849853983067e-06,9.51960860438559e-05,2.20872553546059e-13,2
"20696",0.818329620702038,0.160187089059356,2.34943190001516e-07,9.80508705068395e-07,0.0214820736254812,1.16122963568431e-09,1
"20698",0.180342549765418,3.40656216732089e-16,6.02393742468356e-05,8.31203913381966e-15,0.805825876364173,0.0137713344961536,5
"20700",7.54463170410791e-05,6.14468338285147e-28,2.19210780641738e-09,4.83837865670098e-13,0.995942697389883,0.00398185410048398,5
"20702",0.00168441552388308,7.07798895170636e-49,0.9962167084925,2.21612143347386e-62,8.01882237595161e-05,0.00201868775985797,3
"20704",0.866625832151903,1.53915128263504e-09,1.88869624079392e-05,6.77878163211789e-17,0.00356456965347492,0.129790709693063,1
"20706",0.0295605875830073,1.60265354495637e-14,6.33434803838781e-08,1.20337702639344e-14,0.970439348846297,2.27187460652619e-10,5
"20708",2.04020191817586e-05,0.945399039297888,1.88562848642502e-08,1.23425153649683e-08,0.0545805274841297,1.32695561594238e-21,2
"20710",0.473133443478046,3.57381468286974e-17,0.393912039293288,3.67170124538547e-38,0.0010012577715683,0.131953259457098,1
