"","V1","V2","V3","V4","V5","V6","V7","V8","best$classification"
"19812",1.12357045041987e-11,0.544212148725976,0.000823832332723637,0.434703856452616,1.96903065239503e-07,3.33177087393605e-18,0.0201443045751115,0.000115660999271319,2
"19814",2.05752084086368e-09,0.189437649823628,0.00108223990825229,0.808801494729379,1.41321741954906e-10,0.000311049754953461,0.000367355678030649,2.0790691378483e-07,4
"19816",4.4692934869436e-10,0.187085861602678,0.000391771430728388,1.71876117428452e-15,0.81250764911801,1.61522052446441e-16,1.70387028589516e-06,1.30135313666427e-05,5
"19818",1.87116000206138e-10,0.995196933828358,0.00291040273626308,1.50133554132244e-06,4.11960197559338e-07,0.00130654212435313,0.000581543371755178,2.66445641552955e-06,2
"19820",0.000358070326528898,6.42238091552656e-05,0.00917703493309426,4.15236656232926e-87,0.990400670853408,1.05142451986557e-48,7.78136984490602e-11,5.37217374882507e-30,5
"19822",0.00119450530917529,4.10083490104176e-09,0.998698915327727,1.12031870237359e-91,0.000106292133404087,8.01801839137735e-48,2.83128858438055e-07,9.76618114362026e-34,3
"19824",0.000281037847854936,0.000199649579390353,0.99877382080556,1.11922925387193e-48,0.000745491731179081,1.16331648051413e-16,3.59748695819264e-11,4.02339490743711e-14,3
"19826",2.81618340006926e-06,0.758206504824866,0.0353800722611499,0.00390503138129378,1.7986493738383e-09,7.66517620068616e-14,4.49700286084907e-07,0.202505123850279,2
"19828",3.9466084726512e-07,0.0176311138961504,0.0438811787575796,1.22682010322633e-44,0.938053948402824,1.01549001068603e-24,0.000433364282599365,7.72514107714092e-20,5
"19830",1.15656126660885e-07,0.0811430647261578,0.206021657794544,0.0788119814784476,8.01827200021279e-26,7.78557476472564e-16,0.633042649618769,0.000980530725953971,7
"19832",1.64433992026467e-05,0.0211220555031221,0.0182213624969278,9.41551034774039e-12,7.84734272809013e-08,2.14650543952749e-45,0.960640060117905,2.95865199084367e-27,7
"19834",5.1422445231085e-10,0.929945884348875,0.0619504162779492,5.33699943047897e-21,0.00209230665047961,2.99799625005404e-17,0.00601139220847179,2.16501043836229e-20,2
"19836",3.26721899783867e-08,0.887358300413361,0.00937144446166189,1.71126992424258e-08,2.77519534987637e-08,9.30611934510716e-23,0.00182769352436387,0.10144248406377,2
"19838",8.5141618182543e-11,0.00148129714287223,0.000112058309171682,0.997606376384678,1.22078661948912e-23,5.38755133246898e-09,0.000800258205126249,4.48545913939746e-09,4
"19840",1.01927351249976e-05,0.974538814603599,0.0247455404220648,9.85645496879045e-15,0.000704074924492307,2.19374007722451e-19,1.75770883478778e-08,1.35973762044312e-06,2
"19842",5.39340482771875e-05,1.07851567103268e-09,0.000110276649310272,8.31923997610387e-07,5.82536533481658e-45,1.15655906862687e-25,3.77866963354884e-11,0.999834956262113,8
"19844",0.191101368560219,1.84610480097388e-21,1.39662439442657e-05,6.15633357827437e-55,4.67456151596296e-29,0.808884665191011,1.5878051849533e-29,4.82536298565949e-12,6
"19846",3.22730233482875e-07,1.73503930722318e-05,0.000117836315112431,0.541178414032696,1.06823644259622e-33,0.377076779253589,1.40903527552493e-07,0.0816091563717695,4
"19848",8.85053683082446e-09,0.000117015958540322,5.31669967288452e-05,0.997825919287345,4.10784611177623e-29,0.00062267512533014,1.4215275142746e-06,0.00137979225400422,4
"19850",6.069647379859e-05,0.00332890507112405,0.0319495601166389,0.0348877652756308,1.51259737247583e-20,0.9297722219037,8.08219559998654e-07,4.29395473311766e-08,6
"19852",1.03511077623939e-09,0.976655833445462,0.000485242113764979,1.98366571487638e-08,0.0219812534023509,1.10316758245279e-06,0.000876475762544447,7.12365267471314e-08,2
"19854",8.93888393718029e-09,0.00176459122648803,0.000253424433749467,0.995409588806303,3.39649838641552e-27,3.92251710608031e-07,0.000107229072625139,0.00246476527024003,4
"19856",0.00942525087817334,1.76572074881348e-07,0.990475110118874,4.18331895349713e-15,1.45460724881574e-23,9.94454590016488e-05,6.52911565469045e-13,1.69712189734138e-08,3
"19858",0.00829977311829057,5.68058332491941e-08,0.991627309052725,2.19006023252184e-40,5.6351333392756e-12,7.28610149595782e-05,2.55672142551652e-12,3.7403463210991e-17,3
"19860",2.06942218635606e-08,0.994566989789242,0.00137722146948194,0.000183418394089305,0.00349080276346249,1.1324138601433e-11,0.000381492401701471,5.44764768816862e-08,2
"19862",6.4653409307807e-06,2.01203456473376e-05,0.000435776541394254,0.646485045926691,2.70985265577772e-37,0.0421728807066011,4.58652754974626e-06,0.310875124611186,4
"19864",0.447549874295852,6.68985304422936e-24,1.4863395015048e-07,4.84578489832591e-72,4.74623514510791e-41,1.67571643117587e-36,1.26292254240778e-23,0.552449977070197,8
"19866",6.15532453514344e-06,0.290593183771748,0.709025259603878,3.06125739640442e-29,0.000156947112736316,1.16272575884349e-27,3.44696194001541e-10,0.000218453842406754,3
"19868",0.999081013137376,1.67426930301524e-31,4.95743985431154e-10,7.46967133066817e-68,3.23617219480377e-47,3.25246219338428e-66,0.000918986366879695,6.16559083339823e-47,1
"19870",4.68171807970203e-08,0.301201741112775,0.00889857213070419,0.3006047236577,4.51338660924725e-20,0.00092410251551095,0.00358129458378208,0.384789519182347,8
"19873",5.30422228319814e-09,0.94752015971933,0.0447659540539499,0.000104445222457268,2.89223038142402e-10,3.55557361135461e-09,8.10063706143336e-05,0.00752842548462979,2
"19875",5.20008540942547e-06,0.222139118630689,0.00393998715089759,1.36573383080472e-22,0.77382840399481,5.1310488363899e-36,8.72901381941691e-05,1.55776082863477e-19,5
"19877",5.91072300100979e-10,0.947930579165362,0.00233816711401215,0.00922905516276936,1.11482505062826e-10,0.0327862936086314,0.00526445463314313,0.00245144961352729,2
"19879",3.50594887076013e-12,0.985434965168196,0.00728535821793132,9.84249235203218e-14,5.04123307257359e-07,1.57441168835563e-06,0.00727253515249086,5.06292278127256e-06,2
"19881",4.29954339039041e-09,0.46475864504802,0.21411175232031,0.00108926861247691,1.8958015081599e-14,6.26262268594211e-08,2.62670678955382e-05,0.320014000025508,2
"19883",2.24839463924608e-09,0.00543344357594095,0.0160731128676759,0.00305646069950279,1.65375181442818e-18,2.75720824648031e-14,5.89907186921185e-07,0.975436390701271,8
"19899",2.3305752062622e-05,0.932579298781538,0.0670505546987854,3.97807097499587e-17,3.97200344896461e-09,1.99321763991217e-21,0.000346697421842895,1.39373767429096e-07,2
"19908",0.965310938606895,2.59672026320187e-15,0.0346890613930967,1.16160757310882e-58,9.00984466941819e-31,4.31824862036688e-39,4.36870537565243e-17,5.39105346391659e-15,1
"19910",8.44785265118677e-11,0.996739088182995,0.000702361632487201,4.03553245149022e-07,0.000577901581391636,1.67012936047792e-07,0.000779100177089144,0.00120097777537742,2
"19912",8.95376432518118e-06,1.64728209736407e-07,0.00243531431299456,0.00671997844008926,2.24132033589225e-42,6.56014155356161e-14,1.84424527896755e-09,0.99083558691007,8
"19914",4.05884123480388e-11,0.974444209583479,0.00905596049309488,3.52527741270032e-08,8.23302970894439e-07,1.21796770239804e-09,0.0164989378106877,3.22984374834308e-08,2
"19916",0.164537374562177,2.07360167046765e-09,0.835462523431905,6.16300455503077e-63,2.93274068515769e-11,4.17158356594118e-26,1.29341691813655e-20,9.99029892467568e-08,3
"19918",8.78834340001641e-09,0.0123958333771052,0.00302183112533282,0.0632551519399649,1.8065264810039e-18,0.810387181626707,1.49584385205693e-07,0.110939843558162,6
"19920",1.07222965677089e-05,7.58929283899476e-05,0.00208139638511533,0.0543875257578736,5.44396935169463e-24,0.943281460083854,5.99350635061731e-11,0.000163002488263644,6
"19922",8.8083776909773e-05,3.0935338807087e-08,2.51785275984263e-05,2.40254784327809e-18,1.59590214421849e-14,3.11437571558799e-48,0.999886706760137,1.71793561122212e-26,7
"19924",2.01959934234819e-09,0.950603951066435,0.00499954690520511,3.55597754342567e-06,1.71854339841676e-09,0.0374448282811495,6.95642756016569e-05,0.00687854975592246,2
"19926",1.16481898942512e-07,0.909923945911826,0.0491446724872101,1.27730529731375e-15,2.83257794450986e-09,6.19477761808412e-35,0.0407783004687332,0.000152961817752939,2
"19928",0.0828079318667678,2.41478096200408e-35,1.7538670478305e-12,3.01096431998811e-58,2.56551678505528e-66,2.42714667101315e-37,1.24580711421814e-29,0.917192068131478,8
"19930",9.71429134128842e-11,0.046052829276311,0.000100706483571893,0.953165791840692,6.82101707599792e-14,3.19999347203344e-07,0.000604696061971137,7.56562408958566e-05,4
"19932",3.16766638972573e-10,0.00121010932334879,2.65849046497938e-05,0.998634435112765,3.44649886599633e-23,4.22309459879024e-05,8.45714144847298e-05,2.06798199725184e-06,4
"19934",1.93964418096448e-10,0.894355772276093,0.020969657819389,9.78755739286241e-18,0.0823751638552699,1.0773880156092e-15,0.00229940585528264,5.37781799357029e-17,2
"19936",5.3254315813004e-06,0.964802445578173,0.0208015440630937,0.00253751232382049,1.30238592963887e-08,3.28266108150709e-08,0.0118529456690788,1.8108378278602e-07,2
"19938",1.18146964602373e-05,0.0191507926198594,0.979962773072098,1.08554808644311e-49,0.000874559842907183,1.08622032490498e-23,5.97686606582311e-08,1.47179532615812e-14,3
"19940",1.66860529590749e-10,0.713850678596908,0.00653448735545941,4.78544596989054e-07,1.70477463851172e-08,5.8886301771973e-08,0.000112157427863579,0.279502121974263,2
"19942",0.0167339800881043,1.89763722778081e-20,3.5150123258953e-06,5.37972480885435e-37,3.34089594985428e-46,6.78532374502e-32,4.02247875976337e-27,0.98326250489957,8
"19944",6.24110357450482e-10,0.99121936764829,0.00110257215626825,1.99332562110858e-08,0.00167316974552991,8.16655683419962e-12,8.49054868209896e-05,0.00591996439755789,2
"19946",7.9503746573812e-09,0.990205624964734,0.00544537321703579,1.14316820247583e-05,3.39211850737594e-06,0.00424511510591922,7.55267411036471e-05,1.35282203008105e-05,2
"19948",0.00404785996737404,4.05757650197974e-20,9.11078425081473e-08,2.06672229239939e-31,2.5587266438242e-45,3.32193942159584e-27,1.83370189212718e-23,0.995952048924783,8
"19950",0.000142815033652841,1.57617434235460e-11,2.56149546433498e-05,2.70943582564451e-09,6.13363067478377e-35,0.999831566956354,2.66728915290838e-12,3.27485247564079e-10,6
"19952",0.00404785996737404,4.05757650197974e-20,9.11078425081473e-08,2.06672229239939e-31,2.5587266438242e-45,3.32193942159584e-27,1.83370189212718e-23,0.995952048924783,8
"19954",1.14909186108789e-10,0.00912482872968997,3.83097674256987e-05,0.990449965424736,2.76413291806058e-18,8.39160484368025e-05,0.000113517003519114,0.000189462911283833,4
"19956",0.967761247459852,1.38704258084068e-12,0.0322275882655368,3.41705384288756e-08,1.52065358786225e-50,1.10671736168541e-05,2.44056005262297e-10,6.26850120300296e-08,1
"19958",0.19494664521294,3.62485842735747e-26,4.25297893775989e-12,1.81487348485972e-47,2.16947223898027e-34,2.16971200294434e-54,0.805053354782807,3.77003722873178e-47,7
"19962",0.000106418818041579,0.0298640402101151,0.97002806389953,4.05473264030987e-11,4.11775762830849e-11,1.51873868253889e-08,1.46179514449798e-06,8.0576863965384e-12,3
"19964",2.80224585635704e-06,0.762547521954414,0.0713992456848228,2.16966420167155e-12,5.04647836001579e-10,0.000110582712809622,0.000114137546775697,0.165825709348504,2
"19966",0.000197225120909319,0.017791043265604,0.981741991062351,2.13526766498643e-54,0.000268199109830396,5.10356968728521e-43,2.32315475814309e-11,1.54141807343501e-06,3
"19969",1.10896807512625e-08,0.0288113551921259,0.0377651772719183,0.88388493505629,2.55937546440034e-20,1.05898776232453e-10,7.99688372169235e-05,0.0494585524468694,4
"19972",2.55145721360583e-06,9.8036274258186e-05,0.00122023600166426,1.37690733957081e-08,1.7809765548234e-28,0.00024063321783085,1.51392776196563e-07,0.998438377887183,8
"19974",0.000141382755441428,7.08404404474159e-13,1.03350632419324e-06,1.40088604521486e-06,6.08011568699217e-50,0.771521455146359,3.30391660521807e-15,0.228334727705118,6
"19976",3.29872465711342e-08,0.892738837654529,0.00929954301271895,1.78686549795648e-05,1.67021229451571e-10,0.0962535999905492,5.31273804115347e-05,0.00163699015254435,2
"19978",4.8522972313123e-07,0.926759395008684,0.00419500061787074,7.07846387410462e-12,0.0685597350478953,5.42582957017115e-07,8.60317460383645e-07,0.000483981188331015,2
"19980",4.36528180706569e-08,3.21003008789085e-05,4.14166630212855e-05,0.960620142077156,2.98159800360586e-30,0.0392855390788125,1.13967439729813e-06,1.96185529164951e-05,4
"19982",0.0172685549852022,0.00020182610315263,0.177244532419123,3.52281130714461e-12,4.17453584815364e-21,0.805284988573745,9.46469906134715e-08,3.26826375713442e-09,6
"19984",0.0002181930663916,6.39173256982211e-12,0.000341006881067862,1.59389620614211e-21,2.07254413761829e-25,0.999440797978429,8.07063848801217e-19,2.0677195348124e-09,6
"19986",1.04705219066411e-05,0.0640283342131299,0.0613761250560114,8.7635269513648e-64,0.874584486464318,3.5631972177132e-48,5.83744634361572e-07,3.80334234366881e-20,5
"19988",0.00165326974610028,2.94008934893844e-05,0.0188152560408366,1.93340688693601e-95,0.979502071482481,5.35089842942015e-55,1.8370923921596e-09,3.66505432558998e-36,5
"19992",0.000130017780218075,0.000749831440824732,0.00159776142791319,3.4491926457679e-63,0.997522389254965,1.7846219554869e-37,9.60790763601359e-11,1.57007994315726e-33,5
"19994",1.43260003652985e-11,0.0361434879033284,4.99908772783057e-05,0.962356343705358,4.92659374822266e-13,1.85473754744104e-09,0.00133663385625217,0.000113541788226687,4
"19996",1.02535271145806e-05,0.00810913366042929,0.00470006255838788,9.45179764658442e-59,0.987180487202654,5.75125718905888e-31,6.30514145348577e-08,4.38714513317191e-26,5
"19998",4.82900570177768e-05,6.55044084843043e-06,0.99990931819841,6.18035596355279e-16,8.63927271467156e-22,1.8736922845588e-18,9.38181400801451e-13,3.58413027844302e-05,3
"20000",8.97671847793619e-05,9.69399770733812e-08,0.0114664793381137,2.43639601806083e-05,6.65158042576103e-41,2.44450465623712e-30,0.988419292509072,6.78776375371971e-11,7
"20003",1.58995860511377e-11,0.147876398040775,0.000640889081385021,0.842946969799755,1.20656550373811e-11,1.44088787149758e-18,0.00765680422475007,0.000878938825369187,4
"20005",3.6136499039441e-07,6.5246987360783e-05,0.000158053684049555,0.93238439739545,2.22062766155441e-34,0.000134232150858753,9.83765029944303e-07,0.0672567246522609,4
"20007",7.98388488014113e-09,0.988923435633553,0.0105661703121487,8.02287600262808e-17,1.55227442230317e-06,5.83820270292838e-12,0.000508833789871844,2.81185750563693e-13,2
"20009",3.49090154086909e-05,4.60247477987526e-05,0.999918662342389,1.46584622195898e-52,4.03832791353229e-07,1.24176649593384e-23,6.15101854427204e-11,1.01883897899095e-13,3
"20011",4.76634437466553e-08,0.0618247622164386,0.0393630099312293,1.63437910514671e-07,7.21042911294035e-20,1.94476832057212e-06,2.69011447693535e-05,0.898783170837888,8
"20013",6.37159385774095e-09,0.151215072352207,0.00881044294251334,0.0603796406277462,2.25372410729076e-15,0.779495829485252,8.30936014862528e-05,1.5914619198764e-05,6
"20016",2.96010921416001e-05,1.92002447845228e-05,0.992442949422179,1.79118173305958e-77,0.00750789967772376,1.00058977468305e-33,3.49563170725446e-07,2.02343257308371e-27,3
"20018",0.999982695407022,1.231749645612e-31,4.49074926023155e-09,4.7460105722968e-147,1.69158986629325e-11,3.66956504685924e-129,1.73000853123363e-05,1.74600323584103e-77,1
"20021",3.580332325002e-08,0.377236847642301,0.00384736602141055,3.7219589014553e-18,0.615369884376724,9.31874133376639e-33,0.00354586615621981,2.18917528953719e-14,5
"20023",1.3723395736321e-08,0.990445575164825,0.00252265705877291,3.92650822316184e-12,0.00675418906920659,4.82130153824363e-13,0.000277549349354263,1.56300367932478e-08,2
"20025",0.993813644397787,3.01967858084203e-13,0.00604848665364617,9.84836298707805e-90,1.03823316876416e-06,1.97594452640709e-82,0.000136830715095926,6.2136871512981e-58,1
"20027",2.04645375174143e-06,0.000441325064782668,0.00540180410347853,0.00708457252521242,3.28240945789261e-30,4.05884830207583e-17,2.72876648175387e-06,0.987067523086293,8
"20029",2.35740251610188e-06,0.000909861316634163,0.0608494711219637,0.00142847174045266,5.90106854406813e-28,0.484906695139814,1.66623336467557e-07,0.451902976655283,6
"20032",1.03486777552715e-09,0.00609563132417904,0.00035416043748269,0.803660046827037,8.16583250829553e-24,3.54384281443221e-16,0.00123698354505296,0.18865317683138,4
"20034",0.00157654669916603,3.31545155661231e-14,4.57600943077238e-06,4.8331249482902e-24,2.97701886211117e-38,8.9699758403669e-32,2.42304941646057e-16,0.99841887729137,8
"20036",0.0115427513793952,0.000291526046648136,0.988165722269367,3.99047429801254e-11,2.14764703247456e-17,2.57366648806184e-10,9.79677053627173e-13,6.33874635078405e-12,3
"20038",2.40260150905722e-08,0.143143448186319,0.00511818586876721,7.69848590551105e-38,0.840502038906162,1.12094941597009e-50,0.011236303012736,5.36424735825366e-21,5
"20040",0.599656537293966,3.52831862617428e-12,0.400342025974092,1.63623927589341e-102,1.43330850057762e-06,3.51349667522555e-53,3.41991376504834e-09,1.68724197333003e-24,1
"20043",3.95593996676981e-06,0.10033820442346,0.0210528122944589,2.55304246108161e-26,0.878259379813766,1.94312314622476e-34,0.000345647528348018,5.59295587499064e-24,5
"20045",0.00367168488479178,3.18946802479582e-08,0.0282701479530017,8.97905573442507e-99,0.968057843025986,3.39125049012584e-48,2.92241540124348e-07,2.73804653903674e-47,5
"20048",0.046688615926729,7.39281188742704e-20,5.20727480322236e-06,5.04667163406471e-41,1.56807187595808e-38,0.953306176798468,2.2695727098016e-18,4.69983623118788e-17,6
"20051",8.05908633564833e-05,0.502752174760777,0.486801424958016,9.27642061600379e-11,7.33335345229628e-06,2.26793312598444e-12,0.0103584759693663,9.5338229611841e-30,2
"20053",1.93604534528105e-08,0.932447818170596,0.0659965427898472,3.74298778285385e-21,0.00155289105760921,1.77351891837083e-13,2.55668398529367e-06,1.71937331250698e-07,2
"20055",1.41342509054944e-06,0.109118541854691,0.504004103784357,1.44915416850234e-28,1.48146441813018e-05,5.29814912523325e-52,0.38686112629168,2.34976472401933e-18,3
"20057",0.999610288337462,5.88318993878947e-53,1.24084021049658e-22,2.88745071219101e-79,1.56340222305026e-75,5.53615698620026e-70,0.000389711662537608,2.20544358478329e-48,1
"20059",0.000939212394241133,0.650671874494907,0.347421727162273,9.13787408148269e-27,0.000655899130034516,2.00876723735481e-23,0.000311283198500269,3.62004438772065e-09,2
"20061",2.02155120833874e-06,0.987695865006668,0.0121976410849268,6.48587645141221e-17,7.85228271047439e-05,2.22788478279138e-14,2.59481447338079e-05,1.38533616633136e-09,2
"20063",0.999973522249353,2.73813669902928e-29,2.64777506467079e-05,5.26645125560375e-96,1.4311079488298e-23,4.94348471207483e-16,4.39922723147554e-35,4.16668688981804e-28,1
"20065",0.0142885187439182,1.7557706592483e-10,0.000911235601815005,3.78500772331266e-73,0.0198629020257494,8.62917724454558e-101,0.96493734345294,3.41894868976208e-60,7
"20067",3.24661774403169e-05,0.00196354691691473,0.145862892205811,2.9450915866374e-42,0.851803077490487,2.25283282603788e-19,0.000338017209346254,3.3573885806651e-34,5
"20069",6.69188947305861e-07,7.3472211335256e-05,0.000255690709816816,0.674755720480115,7.32870243261897e-28,0.324910646347738,1.28913574443319e-06,2.51192630320313e-06,4
"20071",6.43790676881581e-05,0.0018861810232351,0.99804938107295,4.04198991749663e-25,3.50447429743438e-16,1.549888536387e-19,6.15849340294255e-09,5.26776325155577e-08,3
"20073",2.96584629988745e-05,0.000496017814539543,0.0396267524476735,1.88093514844552e-07,2.23117622738572e-17,0.959546465681037,1.35170032297741e-09,0.000300916148535673,6
"20075",0.0461258622348229,6.81951560933405e-25,5.04203083410473e-09,4.24206097144983e-48,1.03076896953825e-39,1.93097332350257e-73,0.953874132723146,8.47261813904955e-50,7
"20077",5.67374428453671e-06,0.432754082877587,0.0015829131787887,3.35547964008807e-22,0.565657329907364,5.04304849976784e-11,2.37022299401449e-10,4.5231877526787e-12,5
"20079",0.0321363997920298,1.91689736400233e-06,0.96786168324785,5.58868937116272e-29,8.57010600296613e-12,7.13510183102366e-12,4.70503584471227e-11,6.41189390339248e-28,3
"20081",1.38799234604591e-05,0.00961777218320355,0.112020883801734,1.86041933867609e-34,0.100609881696615,5.45458206999561e-31,0.777737582394987,2.70910768380644e-27,7
"20083",0.395324322930255,1.23110799681832e-12,0.60467567682709,4.94825684221534e-34,1.73917886549861e-27,2.41031812520434e-10,2.30889283537205e-17,3.91741620491313e-13,3
"20085",3.60332099519803e-05,1.2797773549193e-05,0.00299360062771862,2.05568309841516e-83,0.996955882366773,2.66227869892972e-67,1.68602200743832e-06,1.63012595120907e-41,5
"20088",1.11246251680359e-07,0.186589537811065,0.00130974790564533,3.33844777047485e-29,0.811606373801003,9.72196816440173e-32,0.000494229236034928,2.90972073424265e-25,5
"20091",9.93528862490953e-05,1.0899732152295e-13,8.19519804600604e-05,6.95686741716721e-54,4.65249771693649e-13,1.01779309546967e-47,0.999818695132717,3.71665815489148e-46,7
"20095",0.893406546476035,3.07659763168949e-10,0.106366291283743,1.91664280402271e-52,6.2251438299017e-23,1.4894167243654e-09,1.58358261945506e-14,0.000227160443129654,1
"20097",0.000406244833436234,1.27342916110157e-05,0.00303207313049067,2.96992003751763e-80,0.996538171766997,1.0846775366584e-66,1.0775977464573e-05,6.50952433452608e-48,5
"20099",0.00704861970845473,1.04703988534082e-06,0.992394511166861,1.42487388958804e-59,9.18500875487319e-07,1.09970122170583e-14,1.26978121518054e-19,0.000554903583912045,3
"20102",0.996593937897904,2.71510814239089e-16,0.0028846740910216,6.61537056989354e-48,3.33604885835429e-24,4.05263101951298e-11,0.00052138797054776,9.2873564956822e-40,1
"20105",2.44433096212019e-05,0.099286771285016,0.620758603890289,3.40565104131169e-36,0.279915066660324,2.61517430595969e-16,1.51148547489938e-05,7.92504036187776e-28,3
"20107",4.11077317451894e-08,0.704388658387562,0.00197933540053825,5.79254283742403e-38,0.293628129460638,7.42374310979341e-24,3.8356434027794e-06,1.27098080638781e-13,2
"20109",0.000772270086867482,0.00281791924759517,0.995814995609836,1.43481081900676e-31,0.00051676494050376,7.80346428799128e-05,4.7177562798781e-12,1.54676002472211e-08,3
"20111",0.00639623027207446,3.6736084536801e-18,4.84131237180972e-10,4.45730334583259e-21,3.27684056895018e-42,2.24564040597493e-36,0.993603769243794,1.53349132580979e-25,7
"20113",0.000131534360680065,0.628076029949119,0.371771218163514,3.27662362405058e-31,5.45776747323915e-06,1.82227827805484e-32,2.13037650980603e-09,1.57576288373163e-05,2
"20115",0.000295924711734621,4.32373284330995e-05,0.000245384914088048,0.00033997943802966,5.01475908632292e-32,2.57058788337287e-19,0.99906926072407,6.21288364458922e-06,7
"20117",0.999997543007082,7.37028760805113e-22,1.87846811888049e-06,3.81180193177243e-95,3.73061124321325e-29,7.53838220271615e-86,5.78524530974231e-07,2.68548863767663e-13,1
"20119",0.000418097062508501,0.0034680003509524,0.995524917503253,1.15001520838063e-49,0.000587351824943413,2.25183193807214e-51,4.7137246895553e-13,1.63325787128047e-06,3
"20121",4.97118684069986e-07,0.446139518154758,0.00204703638534319,1.18175765409221e-41,0.551808692222813,9.56370475881334e-37,4.25611840126413e-06,7.89756745753957e-16,5
"20123",0.00136796709334787,2.39390316707622e-13,4.02677342413883e-05,8.54080996185171e-50,1.15571008402283e-12,9.13630651050162e-78,0.998591765171016,1.75691878737313e-53,7
"20125",3.99316870852016e-07,0.00557366809336981,0.00219724427544097,0.0192463790096932,2.24684592640525e-19,0.972907003273283,7.52605637935887e-05,4.54675489491709e-08,6
"20127",0.00598706818638298,6.51963045675117e-07,0.0364977986467071,5.36308222852182e-83,0.957514481198354,8.19235757173658e-35,5.50992801192351e-12,3.85854137579019e-37,5
"20140",0.0020087679274886,0.0488885403737902,0.934822389064063,1.53524443080243e-27,2.21134631419332e-10,6.12406757149188e-49,0.0142803024128239,6.99461732136853e-13,3
"20142",9.9859962712736e-05,8.00094140419962e-11,5.14925643629895e-05,5.69804369214911e-11,6.40019260548989e-34,0.999848647326606,3.91037505855053e-12,5.41767753661853e-12,6
"20144",0.00986773808190868,0.00013166005222191,0.102866591280855,0.0462606679541308,2.86020998496899e-29,1.27133456141442e-08,0.840873329915386,2.15283866121966e-12,7
"20146",0.042527501137109,0.000211602038055885,0.957259917956578,3.64674597754303e-07,3.070786672218e-20,3.12434005507003e-07,3.01759653770874e-07,2.50427645211344e-17,3
"20148",1.90812397175528e-07,0.460082872445119,0.00594187390019098,0.533426593949955,8.2015336529141e-10,8.57694565636076e-09,0.000548459194037413,3.01201760552946e-10,4
"20150",4.517961320534e-06,8.46332114567686e-08,2.1137073155171e-05,0.0763521188486773,7.78787778173953e-41,0.895416871191698,2.24194093851688e-09,0.0282052680499971,6
"20152",1.06072509805164e-08,0.795020697927766,0.00274957557547481,0.201891514272734,2.44042993160739e-07,2.7133787294105e-09,0.000303749492702081,3.42053677004398e-05,2
"20154",0.321446742000959,5.0868427129762e-14,0.0241698535840071,1.84616957056238e-73,2.26450470924271e-05,3.46669130354975e-52,0.65436075936789,4.96604202091558e-69,7
"20156",0.00248116994520437,0.0456164802170974,0.951899338097835,9.81495436375786e-27,1.44690069293981e-08,6.54915816951102e-08,2.9317718281776e-06,7.44611790329308e-12,3
"20159",1.43634725538598e-05,2.77429255688513e-05,0.00194131889538219,0.997850475701817,4.08864138534362e-29,0.000163082041663532,1.60851232398202e-06,1.40845069099242e-06,4
"20161",0.267300807750882,1.81720374750758e-09,0.721581567487286,1.23238861089106e-18,3.59604930268788e-23,0.0111176229431615,1.11628263115994e-14,1.45572021715235e-12,3
"20163",0.000519168514568794,0.519146711137467,0.281081104986544,1.29824260950764e-05,3.85326615674331e-09,2.28616767815851e-28,0.199240028846337,2.35721318723225e-10,2
"20165",0.526899476082779,2.54299226444498e-08,0.43226592712674,5.9738688199673e-43,3.41259282531704e-09,0.0408345679479346,3.07097697669905e-14,9.20815997505733e-23,1
"20167",3.81103113021711e-09,0.509638885463877,0.00275958087142586,0.45866442675533,2.80217902499778e-09,0.0288347162176935,9.93183827703524e-05,3.06569569285541e-06,2
"20169",0.0017366868096106,1.57897693996557e-16,5.79540124744429e-06,1.25912428337161e-26,1.48062540047491e-37,0.998257517789138,1.22235931476559e-16,3.44286790300096e-15,6
"20171",0.999766632056913,9.4876553021276e-23,0.000116550170638992,1.14747249246409e-103,2.77493952887554e-09,2.42903687306139e-58,0.00011681499750851,1.52917558293229e-82,1
"20173",0.995168434129922,1.17919817746794e-18,0.00483156298517516,3.23308499434167e-64,6.60154643673456e-21,6.0252481431207e-15,1.37279364625618e-30,2.8848969289354e-09,1
"20175",4.62630490614075e-07,0.954962379860971,0.0122192898665917,0.00229201228795722,1.7330149771371e-15,0.0113837754640754,0.00148190207024515,0.0176601778196666,2
"20177",0.0544854424568453,6.0886856809162e-05,0.915022332379385,6.24637121894788e-49,5.33700711765533e-07,8.47208809848899e-22,1.00103970497968e-18,0.0304308046062491,3
"20180",0.000106697183915381,0.0132598314549012,0.0253436840424543,1.68704138857973e-51,0.960624856109545,1.58726308495721e-76,0.000664931209184351,2.25490820319294e-20,5
"20182",0.999999999999755,1.31323674750221e-45,1.44039011517036e-18,8.96964719212138e-54,6.72818598547528e-87,2.00000140017951e-13,1.49730261378893e-16,4.45989528731538e-14,1
"20184",2.0575211623207e-06,0.000117361880870821,0.00445177112415673,1.35624170593787e-07,5.71870871368775e-19,0.995427633447753,1.0918759906705e-09,1.03931000989147e-06,6
"20187",0.437261322371339,4.42373833501329e-09,0.330697427565594,8.35703285593583e-30,4.95369450379211e-21,3.99349824661282e-12,7.40105648008691e-26,0.232041245635335,1
"20189",6.45751991459976e-07,0.860485090739601,0.115150334464636,1.91435245538124e-16,0.0224039167190817,5.27419961502349e-18,3.17839100518898e-07,0.00195969448558902,2
"20192",0.999543225523738,1.52298302405684e-12,0.000442594817756323,7.36912105129977e-60,5.51140098850575e-13,4.68471344323878e-77,1.41796564313441e-05,1.24539144181911e-27,1
"20194",0.859528156387723,1.79883228750642e-11,0.131284081784984,3.37697701493858e-13,3.3690416529486e-39,7.97219199265812e-05,1.35347268909025e-21,0.00910803988904048,1
"20196",2.47280120770946e-05,1.65687282855605e-07,0.421105878102015,7.83079808656337e-67,0.113692214398847,1.45503666334261e-63,0.465177013799778,1.08546515670146e-40,7
"20198",0.00599457222908002,0.692775068686236,0.301139975364303,6.5971542248334e-08,4.23100586054623e-06,5.109393496109e-14,8.6065044282992e-05,2.16986439267642e-08,2
"20204",4.11264772426525e-07,3.29450874022762e-05,0.000292281790859148,0.00168652124013093,1.01845312381314e-27,0.997956669279421,3.11049030896074e-05,6.6434324928183e-08,6
"20207",0.00119412967728623,0.000208958957274335,0.452236019663628,7.02010675496593e-56,0.542882894174655,3.74739328948468e-26,0.0034779975271562,4.8818743044299e-40,5
"20209",0.000402305135193349,4.35296042919855e-09,3.00612039043996e-05,7.52488717665319e-13,5.91200831499723e-37,1.13233737701038e-46,0.999567569970916,5.93362730027775e-08,7
"20211",0.00038591585474247,6.01188413114182e-12,0.000315935841184841,2.40302280225746e-42,2.55802935839521e-10,6.42029181381659e-62,0.999298148042258,7.03023688037807e-63,7
"20215",0.000342324553617772,0.896548235299199,0.0575963553731523,2.23631739246579e-24,0.0455130563733991,2.25456254009535e-24,2.84006313590588e-08,3.00198389616331e-23,2
"20218",4.08991516269044e-06,5.82852669545059e-09,2.48004701630814e-05,4.58774106563212e-09,5.42767582615569e-32,0.99997109844927,6.69448828027255e-10,7.96869775998475e-11,6
"20222",0.00684724600114883,0.00113024500513789,0.968368067134136,1.48077140472059e-38,0.0195608487952159,1.00236339324843e-29,0.00409359306436159,1.32974525848518e-40,3
"20225",0.379837782723646,3.04173011310033e-05,0.619430025406879,0.000691822458918469,4.04942637421234e-30,4.96706402271617e-07,9.45540284228321e-06,1.80921703365382e-13,3
"20229",0.00151352987278166,0.000381397314318759,0.998020949814932,1.22254529293254e-13,5.93490951930651e-20,4.0107593647874e-26,8.41229978449962e-05,1.32037197979896e-19,3
"20232",1.49484708458589e-06,0.838537946865647,0.149123927420884,2.00722682805782e-25,2.60571571537874e-06,3.86489700804904e-27,0.0123340251107737,3.98952114876973e-11,2
"20234",0.983776599985077,2.60279204498456e-18,0.000309340198500475,1.95999245527571e-136,0.0159134243018668,1.34755678905559e-108,6.35514555814439e-07,1.3244661676853e-50,1
"20238",0.000716077858589513,0.471345346706763,0.499046620233524,3.28031807078257e-45,0.0288748739460743,6.41905867269478e-24,1.70812550489625e-05,1.43740521170859e-22,3
"20253",0.000492361924982072,0.0212560634181112,0.0139965110605924,2.15612789219932e-50,0.964255063587627,5.18126635763346e-33,8.68726857509581e-12,2.81488029794029e-27,5
"20255",9.20518119006509e-11,0.0133905914203049,0.000262763494350118,0.982267285385829,3.45642062824732e-18,4.45948743036418e-10,0.00407935841517856,7.46337464091935e-10,4
"20258",3.30942007140338e-05,0.00307225964055715,0.00518501376125739,4.69812804886178e-47,0.991709161078997,2.86468982017784e-36,4.71318474355918e-07,8.00061489745401e-22,5
"20269",0.000297665666714481,0.0894380755733169,0.762533946489453,1.7016226591767e-33,0.147727256617774,2.43548107238671e-06,6.20171660088653e-07,8.89778745743078e-15,3
"20271",0.0840683644908645,0.000148794494335708,0.816866775165576,7.29343160073863e-60,0.0989160652774209,1.27234809419885e-41,4.99335488037342e-13,5.71303187631702e-10,3
"20285",0.00251957666603402,1.15413689093695e-06,0.349839904770192,7.55939725841289e-24,7.91714988963785e-25,1.41219854857178e-17,9.57893039907668e-16,0.647639364426883,8
"20288",1.66177184671304e-05,0.934211063147087,0.0655689078937137,3.74681118300628e-32,0.00020120063919183,7.25567703256071e-20,2.21060154045985e-06,2.95618309223874e-18,2
"20291",1.13527826417182e-05,1.35089160545024e-05,0.165989002454355,5.02981664430684e-66,0.000354168692846117,1.0085521247629e-40,0.833631967154103,1.20584947213375e-27,7
"20295",0.0648946029284987,1.46347514519918e-05,0.93509075939674,4.27799775216321e-35,2.17433067316983e-09,2.90934065268325e-19,2.54245935949985e-10,4.94733158531527e-10,3
"20298",4.56613871157725e-08,0.00720574831367895,0.0011077248570946,0.878681637781653,2.49360215198723e-24,0.112696497762469,0.000213048704172071,9.52969195458238e-05,4
"20302",3.62226545265869e-05,0.00580967552401385,0.221170340109886,4.37512316516073e-05,1.42099516046559e-19,0.732175717002043,2.28557827698068e-07,0.0407640649200512,6
"20305",1.49834463630118e-07,0.000285621657834956,0.000191029524621285,0.998741736045232,1.65068657192637e-29,1.64770746515704e-05,2.96668424520736e-05,0.000735319020744698,4
"20307",1.77468968468203e-06,0.0814044329063696,0.00300137991012899,2.59735091196867e-51,0.915396547587219,9.26783262978994e-32,0.000195864906597676,8.57533646771388e-25,5
"20310",0.651459840784964,2.04683264697619e-11,0.168081714203131,3.51023683128331e-121,0.180458444985842,2.24533093247509e-72,5.5943129819355e-12,3.37002100972253e-44,1
"20313",0.00348107230410839,2.90003970819742e-15,3.01999062321898e-06,6.54465993263079e-10,7.49284432979991e-46,0.996476392166635,1.01266997347194e-16,3.95148841642487e-05,6
"20315",7.77703978134958e-06,0.327984847577571,0.211081264107637,3.6855008212156e-52,0.460924323382998,2.28931431848558e-30,1.78788829552537e-06,3.71784910270319e-12,5
"20319",0.182933284038631,2.71219600707501e-06,0.460402155591674,5.1784731486012e-53,0.00218341962063743,7.30268307952622e-72,0.35447842855305,7.93002366177208e-51,3
"20321",0.0783702802864695,0.00176578716110827,0.0889860055980254,1.21402124980722e-56,0.830877926954382,1.72640691437426e-28,1.51229080140659e-14,2.28107797235773e-30,5
"20327",7.07231479405883e-05,0.00298892122191231,0.0472132790230373,1.74263439056279e-60,0.949727076467576,2.32989278934868e-33,1.3946166233362e-10,7.28284677178928e-14,5
"20329",0.0299278097939012,1.05837770631232e-16,5.85903155118661e-05,6.6135712880494e-21,6.84386902503122e-47,9.24316671299202e-13,1.21248954134638e-26,0.970013599889662,8
"20335",0.000266655873662076,5.01915034329163e-07,0.0748131750012758,2.28913202713031e-72,0.862765286053842,2.09319374610088e-44,0.062154381156186,2.1539730016393e-51,5
"20337",3.53817142890324e-08,6.48103251665524e-05,8.66478979239778e-05,0.99971390348562,3.81175163513053e-27,0.000129012251311965,4.83318278773101e-06,7.57475475303419e-07,4
"20339",0.912006389688898,1.43912377318786e-10,0.0102767596713346,1.35713119716482e-29,1.50166432361856e-24,1.55747573605476e-70,0.0777168504958554,9.88196745401047e-32,1
"20341",0.857554169676127,5.62761649293101e-14,0.104080285639789,6.75005827782946e-74,7.61714186116595e-09,7.73155580350891e-31,0.0383655370668856,5.0644450782836e-48,1
"20343",0.170023994874768,4.6968638646902e-08,0.732389545443148,2.28157985433503e-75,0.0975864125122439,4.42156188052413e-32,2.01201755042321e-10,9.73217399878209e-42,3
"20345",1.05858726057219e-08,0.219600425227655,0.00807496023110965,0.479570203372834,2.78248921264914e-15,2.22199082567181e-15,0.00311442941048947,0.289639971172034,4
"20350",0.413978946001406,2.18461954274596e-09,0.586021051813959,7.52351643788204e-44,1.02488070652326e-16,3.15557556949734e-31,1.56287756956046e-14,3.43998294661292e-17,3
"20352",0.000268045831858252,6.40156645361182e-14,1.14457918641537e-05,1.07279063566883e-22,4.81456699829465e-31,0.99972050837621,2.9934160322597e-15,4.14246765517339e-16,6
"20355",0.0108879149368336,2.12391370519729e-06,0.986206757249505,8.4243045595681e-16,5.47693299487354e-18,0.0029032027543623,5.58724242150101e-10,5.8686873265909e-10,3
"20358",0.00439033421353985,2.56676769431122e-14,7.40604572861805e-05,6.93035867841345e-12,6.18901803923479e-45,2.35442087010782e-09,1.19474548878731e-20,0.995535602967797,8
"20363",0.000186990915501318,0.0498839174916766,0.00679035880654867,3.0630135573755e-39,0.943138731930555,4.55786124517754e-24,8.5571866736792e-10,1.44652900765329e-27,5
"20365",7.81802744693383e-08,0.00228746000856195,0.0391906540633399,8.91186153528357e-27,0.000277938364869973,3.73925871307881e-39,0.958243869382954,5.84687382312952e-26,7
"20379",1.15960401194144e-05,0.028239179889049,0.00246020151286274,0.0110545702479363,5.5275836739056e-21,2.56018527047507e-11,0.957787091806584,0.000447360477846363,7
"20387",9.5183531748168e-08,0.0514357395476795,0.00196868851170671,4.64071515618398e-30,0.94252575289251,1.98357565224895e-31,0.00406972386457253,1.37775838368323e-22,5
"20392",0.00175602076720587,4.92576378044744e-13,5.8854643450277e-05,2.74223735878935e-51,5.28196245388427e-08,3.94813540948257e-80,0.998185071769227,3.63840374954394e-69,7
"20395",2.59302867107218e-06,0.901205272115779,0.0119173494782248,0.0864742258424037,6.36602701783561e-08,7.30991602784651e-07,0.000392989440024407,6.77544302443127e-06,2
"20397",0.00965422917962382,4.3703899258016e-34,2.7528082458782e-13,2.32605302731127e-39,1.08166468537429e-72,2.7479301139134e-15,7.20523723554245e-33,0.990345770820098,8
"20410",1.35325764744003e-07,0.760121841501413,0.0223865101878593,4.25785382013721e-21,0.210657736912879,6.16906355695866e-44,0.00683377464701165,1.42507222824123e-09,2
"20414",0.000409429918425162,0.148634324271691,0.318656945912271,0.0217718448152443,3.20562500458759e-16,0.510432348804882,9.50077859587578e-05,9.84915278456658e-08,6
"20417",0.999999999744008,2.03649966716575e-37,2.55882670437598e-10,1.19761329906809e-172,1.74927613961957e-15,7.14744653452201e-138,1.07766636175679e-13,2.65323210498889e-64,1
"20419",7.26602687814458e-05,0.000330560914504094,0.0118409217429734,1.49106951346119e-67,0.987755857073741,4.726971212443e-27,2.42433627586227e-16,2.06297447549151e-16,5
"20421",0.00117794700118483,0.000212761344381604,0.126595511899718,3.22201442000674e-13,3.96597879264888e-17,0.00284192145984007,0.869171858294553,9.38069877290033e-17,7
"20423",7.48078180862441e-06,0.00175075780416787,0.0020315138988635,0.0008603440468035,1.07306539193741e-20,0.993759550698327,0.00159035200032334,7.69706329516173e-10,6
"20425",3.91753795465941e-05,0.00373518970056651,0.266923034491832,5.03991402506491e-07,5.41978374615255e-20,0.729188234817331,0.000113861619315303,6.46292102007009e-15,6
"20427",1.71050724746913e-07,0.984370411399715,0.00490682002144354,0.00953608077871847,2.60505464125505e-05,1.86688124829897e-05,0.00114165934457481,1.38045927359644e-07,2
"20429",0.0448161001394113,7.22570337059393e-07,0.955179776314481,1.16700010238518e-67,3.4009755066867e-06,1.63807286048471e-27,2.64271982722313e-13,2.15671444152126e-23,3
"20432",0.000794605386265341,7.83846566702904e-07,0.00204631518125568,1.51676344020175e-05,5.21396909443567e-28,0.997141793684259,6.38758289734388e-12,1.33426086396381e-06,6
"20435",0.000882637786546881,0.825128465604598,0.161037968554185,1.1792080513513e-16,2.99412901053032e-06,3.92237238718703e-33,0.0129479339256572,2.43059159857631e-15,2
"20438",0.0309525675070385,0.00436599281569937,0.097956349850254,2.44511664546715e-44,0.866725089826553,9.48587815579437e-16,1.0753296150007e-20,4.54335258213303e-13,5
"20440",4.13144998578034e-05,0.000634678205062068,0.115311606435283,5.06385424501942e-64,0.884012400584722,4.18049760900317e-22,2.75067779066762e-10,7.5926683722866e-15,5
"20443",0.0338590650208363,7.3470695872088e-10,0.041548825966781,3.60138813866179e-25,3.73044636174649e-23,0.924592108277378,3.71140984273629e-14,2.60023334077686e-13,6
"20446",1.42872265897481e-06,0.177204958836833,0.822781064549094,1.38355502950136e-15,2.41655635282534e-09,2.87008112245612e-16,1.25383239426609e-05,7.15091335536109e-09,3
"20449",1.39900483012588e-09,0.992407716818562,0.00405060214754569,5.66971740858084e-12,5.42679996124529e-05,4.98819336807395e-21,0.00348741140203309,2.27572104911569e-10,2
"20537",7.16402473484535e-05,0.000941095134118233,0.112524588641671,1.8553904695263e-35,0.00138642181109916,1.1121072815823e-29,0.885076254165763,3.31383219841033e-30,7
"20540",0.0103572119820566,3.81834179061411e-15,3.15359368842315e-06,4.76113955597932e-69,2.07825518050125e-07,1.31400340443298e-84,0.989639426598733,2.79807497236477e-55,7
