"","V1","V2","V3","V4","V5","best$classification"
"19811",0.0697396443881335,1.13209027435464e-05,7.2607236747089e-08,0.0036168865817328,0.926632075520153,5
"19813",0.999999985590106,6.01812229836522e-27,1.43538144117041e-08,5.51015050653009e-11,9.78393509067198e-13,1
"19815",0.00126720378572199,3.61244714510383e-15,0.00117996601574021,0.341719810766875,0.655833019431659,5
"19817",0.000285805836281981,2.03534521198423e-06,4.1588905165414e-06,0.0410826727960742,0.958625327131915,5
"19819",0.000469517917661117,8.40006492702107e-34,0.842762445946363,0.156768036135976,1.85674823980458e-37,3
"19821",0.888035736629407,7.28168838518018e-05,9.62979506991124e-08,0.0530366668301456,0.0588546833586446,1
"19823",2.26344043453488e-06,1.61015639482419e-18,0.99939621775531,0.000451356686379372,0.000150162117876191,3
"19825",0.999999998125003,8.51307759475441e-19,2.10794104098876e-12,1.87288915131649e-09,1.90641872776395e-39,1
"19827",0.00293967142008345,0.767681235439814,0.000177705957807544,0.018155859570253,0.211045527612042,2
"19829",0.185382178282699,2.69991513507157e-10,7.73338685672994e-06,0.814610088060453,2.09507149973237e-21,4
"19831",0.00281315046987438,6.17652768510287e-43,0.946761468322623,0.0504253812075025,5.52600593266021e-28,3
"19833",1.3022005013573e-06,6.6251145322887e-55,0.999998697799499,1.696219118805e-21,2.13392879849913e-69,3
"19835",0.888035736629407,7.28168838518018e-05,9.62979506991124e-08,0.0530366668301456,0.0588546833586446,1
"19837",0.00137007414892744,0.225013720313015,8.19393520609983e-07,0.0379542559685726,0.735661130175964,5
"19839",0.992394394395818,2.237752419696e-09,1.15514170632105e-07,0.00760548785225893,2.29248833692499e-21,1
"19841",0.968837362322107,0.0311626295992027,8.07824238525364e-09,4.47502861567467e-13,2.75265819868017e-28,1
"19843",0.9986073483308,2.48944640355283e-52,1.4723338100494e-08,0.00139263694586155,1.00044232760235e-40,1
"19845",0.909452636275932,5.89731031236583e-22,1.22985242632458e-07,1.17278381038638e-06,0.0905460679550144,1
"19847",0.428059506143826,2.07694052463178e-19,1.39692974422823e-06,0.280872073785031,0.291067023141398,1
"19849",0.999999971228682,8.58849399104542e-24,2.08750365708297e-08,1.54432405919801e-12,7.89473711257632e-09,1
"19851",0.000221189024972874,2.14344184583861e-07,1.68706902219566e-05,0.00294200765173872,0.996819718288882,5
"19853",0.00632491444390009,1.1239079777164e-13,0.891772470079173,8.62124357817449e-08,0.101902529264378,3
"19855",0.00118141733064408,7.12481060021417e-06,0.000327931400059505,0.000462764978850482,0.998020761479846,5
"19857",0.254134255222093,1.20934661226026e-05,6.28361204037731e-09,0.613679261024092,0.132174384004081,4
"19859",0.0084614110795835,8.23053716006446e-05,9.62831750330772e-05,0.241876044124119,0.749483956249663,5
"19861",0.0162746527217621,2.75208804131142e-11,6.02293973973235e-07,8.22813404827516e-05,0.98364246361626,5
"19863",0.999999988301588,1.15937996860888e-08,1.04612034834554e-10,3.72989234268194e-20,2.22513332173911e-20,1
"19865",0.00145977157006918,0.998530143673472,1.9728448808253e-10,1.63219225467048e-07,9.92133994867255e-06,2
"19867",0.0236721640970063,4.93680435890917e-21,5.44642353313029e-07,0.0159617019142062,0.960365589346434,5
"19869",0.999972492284091,3.41588427685176e-09,2.77495805230522e-08,2.04249870257064e-10,2.74763461949637e-05,1
"19871",0.00122544196017465,0.00859663164556324,3.59852506676312e-05,0.253146476972126,0.736995464171468,5
"19874",0.00601085626782938,0.000453728996058978,5.59136709658485e-06,0.000195778703930762,0.993334044665084,5
"19876",0.000317742431252155,4.09520762149525e-05,1.48904973941997e-08,6.50196841194147e-06,0.999634788633624,5
"19878",0.557208096297346,2.0308961048654e-25,2.29387121298084e-07,0.442791674315532,2.70588890587337e-23,1
"19880",0.000377439949707131,0.999622460468165,1.0172753000593e-09,1.77811022211013e-11,9.85470713914737e-08,2
"19882",0.990257781318746,3.28845780644289e-13,4.46351754786142e-07,2.1634288671731e-05,0.00972013804049859,1
"19885",0.0030329611292286,9.95826425798488e-07,1.34982204110213e-07,0.3690032697556,0.627962638306542,5
"19907",0.613959759227802,1.10801413724426e-17,1.09671711443942e-06,0.00994425179571375,0.37609489225937,1
"19909",0.0105136390393714,1.10421605318094e-21,2.16472155678107e-06,0.989484196237878,1.19372250752508e-12,4
"19911",0.298608488808479,1.06255415596049e-08,8.82152327641753e-06,0.701382679042694,8.57341333823135e-15,4
"19913",0.00031902272097706,0.999680970977019,6.30199162343519e-09,1.1983529935809e-14,2.81964966322245e-16,2
"19915",0.000187399292493315,0.988335082700891,1.05871200330991e-06,0.000115906732138995,0.0113605525624731,2
"19917",0.0172862339198174,0.982627346349983,6.00891268829813e-07,8.23098853883028e-05,3.50895354297278e-06,2
"19919",0.00241584861216367,0.200865994431533,1.35554350122694e-05,0.0513825744603226,0.745322027060969,5
"19921",0.000478071129248223,1.03589615021374e-11,4.73330053924088e-07,0.00612043000403319,0.993401025526306,5
"19923",0.461588998618879,6.58663251117671e-27,0.000988242056066267,0.537422753017913,6.30714161680443e-09,4
"19925",0.00132311243569077,0.998168761273031,1.34437512748114e-07,5.04604845952433e-05,0.000457531369170079,2
"19927",0.000200085875222064,4.93993539975877e-11,6.43193576238583e-05,0.0359052946901621,0.963830300027593,5
"19929",0.99334648755378,0.00665351234676361,9.90765998225096e-11,3.42521734839253e-19,3.80335100973873e-13,1
"19931",0.00647860608152133,1.0396512218232e-11,0.000188053279755884,0.806697130154977,0.186636210473349,4
"19933",0.00331824382104313,1.60002242013641e-10,4.67386631600021e-05,0.996631696004606,3.32135118834269e-06,4
"19935",0.253400879466901,1.62516263128679e-11,5.60837658680525e-10,0.746351707209419,0.00024741274659104,4
"19937",5.71961013770657e-05,1.25353505395399e-13,0.000103530833459212,0.0136468348129242,0.986192438252114,5
"19939",0.0234734127383192,1.48099670115081e-09,4.83032450581674e-05,0.968519542049989,0.00795874048563684,4
"19941",0.961769084027217,8.07280846926114e-09,2.51255810388837e-07,0.038230656644164,8.60493107174589e-21,1
"19943",0.00145160061316473,0.998535211740304,6.70277666952476e-07,2.18107350946554e-08,1.24955581287067e-05,2
"19945",0.0204304024744471,4.46632159898173e-12,9.06629161476109e-05,0.979478566388871,3.6821606746295e-07,4
"19947",0.999984933843955,2.30300451426527e-08,9.54396603048287e-07,1.40887293968463e-05,3.53256777227112e-20,1
"19949",0.0620712986964209,9.25503609758759e-26,3.8675591814221e-05,0.937890010245511,1.54662543448318e-08,4
"19951",0.458819134756305,0.392372807598213,1.10661347613917e-05,0.148794012465402,2.97904531930466e-06,1
"19953",0.000115700758235871,1.59223522492401e-46,0.996693992255417,0.00319030698634701,7.67453406194636e-27,3
"19955",0.689382445421411,3.42481963241666e-34,0.0090394612183028,0.301578093360286,3.23176263738164e-19,1
"19957",0.174280359064419,0.00319792162277395,0.794673986393516,0.027821996759913,2.57361593776277e-05,3
"19960",0.81404084122171,8.58410325080974e-19,1.64995095054076e-08,0.18595914227878,3.51450114053786e-24,1
"19963",0.000203317498653398,8.41675954992716e-18,0.999796682501347,8.82927150888733e-18,6.83450785589585e-39,3
"19965",0.448398896065303,3.20079351053672e-40,0.00012313695649242,0.551477966978204,1.44819324626593e-33,4
"19968",0.999622418419634,0.00037593849673188,1.68503839109439e-16,1.64304534765769e-06,3.82859946908062e-11,1
"19971",0.35913135745318,1.23263804895989e-07,0.640868519274787,8.22764459221166e-12,1.69534460218255e-45,3
"19973",0.000602807441339093,0.00147093823265534,1.83803340217539e-08,0.0112243281669271,0.986701907778744,5
"19975",0.03553622424367,0.964314739198397,1.79194712955044e-10,0.000127253405899394,2.17829728388962e-05,2
"19977",0.999985260791901,2.50151160623523e-11,1.47391815440219e-05,1.54001425557456e-12,4.71998211786759e-34,1
"19979",0.0327644421854223,1.68387159989094e-27,7.18122915649307e-05,0.967163745523013,7.58810999826533e-42,4
"19981",0.00455173201083622,1.06983917770146e-11,1.10890572064034e-05,0.985627239682612,0.00980993923864706,4
"19983",0.019976180277104,2.98781707684646e-15,1.26818082619505e-06,0.972257431883809,0.0077651196582574,4
"19985",0.00341474168764885,0.229210481068502,5.82198507956036e-08,5.6040227804109e-05,0.767318678796194,5
"19987",0.0840275334573723,0.00570659251013345,9.63754618443544e-07,0.896109670532933,0.0141552397449429,4
"19989",0.0141066526769383,3.92911311521331e-42,0.00096700571498784,0.984926341608074,7.08277698629676e-30,4
"19993",0.0194778759821407,7.50788492709605e-08,1.92509398129051e-06,0.980520123828091,1.69374936535556e-11,4
"19995",0.206230028233927,4.58606708048087e-09,1.92279555404091e-07,0.79376977431431,5.86140126606133e-10,4
"19997",0.000942569972351121,9.13515312347361e-06,1.44506456212288e-06,0.00697941392811169,0.992067435881852,5
"19999",0.00220363595953399,0.995898346843712,4.6681646060172e-08,2.39035334379756e-05,0.00187406698167015,2
"20002",0.999999999872818,2.57857230389665e-15,1.27179634167469e-10,7.05791774431768e-19,8.84568722651702e-32,1
"20004",0.21909308570885,2.17887248882421e-12,3.56310668515748e-09,0.780906909791943,9.33921034874786e-10,4
"20006",0.989976288732129,1.54771209627843e-23,1.04479281962932e-06,0.0100226664750512,1.36815147554218e-27,1
"20008",0.972074919049455,1.32931180465232e-24,2.27360081402539e-05,0.0279023449424048,9.92705025966197e-27,1
"20010",0.0456555841934195,3.78938011721738e-20,0.000325168524342607,0.954019247255624,2.66139584375917e-11,4
"20012",0.965147993203309,0.034836329406388,3.72426843052554e-08,1.56309523115657e-05,9.19530753999419e-09,1
"20015",0.0483125050472961,4.51161730801294e-35,1.30681119769096e-10,0.951687494822023,1.18778492768446e-33,4
"20017",0.00126741010006209,0.000210161009331778,1.43355736209727e-08,0.000329741443001023,0.998192673112032,5
"20019",0.0997486409777287,3.2231668392099e-46,9.58577823299635e-05,0.900155501239941,1.23756544219957e-53,4
"20022",0.0208105941666678,1.31258349526071e-18,2.50378421981952e-05,0.979164367931387,5.97465509685035e-11,4
"20024",0.304838330211509,1.38532620503109e-64,0.693754369324049,0.00140730046444213,5.94057232412815e-48,3
"20026",0.304838330211509,1.38532620503109e-64,0.693754369324049,0.00140730046444213,5.94057232412815e-48,3
"20028",0.000852560543450631,0.0162539990216539,8.58303345970936e-07,9.89332984117583e-05,0.982793648833138,5
"20030",0.655538351437141,2.2811252569993e-20,1.19332775068028e-09,0.344461647369531,2.46534794705475e-27,1
"20033",0.0107615674144621,0.849921964048279,5.33550348437827e-05,0.127369839403021,0.0118932740993943,2
"20035",0.087436225979678,9.65813148678013e-50,0.000205593033834513,0.912358180986488,1.72270352546717e-52,4
"20037",0.0583167759230682,2.48308433151046e-52,6.04942373601255e-05,0.941622729839572,2.33160868729627e-47,4
"20039",5.96547976925943e-08,7.47987549268115e-90,0.999999940173423,1.71779078099383e-10,3.27254210147854e-60,3
"20041",0.0677801278638217,5.52922254946422e-19,0.00178954394848082,0.930430328187378,3.19639661960797e-13,4
"20044",0.590922260958561,3.86806943445737e-16,0.0462352498073562,0.362842489234082,1.78743087916469e-17,1
"20047",0.337911964828733,7.51302834819895e-40,0.0535783027307427,0.608509732440524,1.22326585501101e-60,4
"20050",0.0163810126266686,6.37921971663847e-21,0.286196446522506,0.697422540850826,6.21988760038957e-22,4
"20052",0.0205687615876366,0.0761597056162736,0.00112916559623067,0.891209242038006,0.0109331251618526,4
"20054",0.0476034164429204,1.64412141067343e-20,9.04699995937791e-10,0.95239658265238,1.60240233446785e-19,4
"20056",0.318791404867288,0.681199733889916,2.49074075353027e-07,8.61216838840375e-06,3.31598082783662e-13,2
"20058",0.043085873228334,4.65165769676182e-48,7.82559904752667e-05,0.956835870781191,3.77570205950791e-29,4
"20060",0.0219297424120837,3.44454840830681e-08,3.55480804184247e-07,0.174500744796014,0.803569122865614,5
"20062",0.0228392931167389,2.66252941652495e-08,2.27098813529925e-06,0.964803244285317,0.0123551649845144,4
"20064",0.0165722990254134,5.55514762103773e-08,8.75893917146589e-07,0.983426766170612,3.35858086707627e-09,4
"20066",0.571412828860161,4.07314341996548e-30,2.76811522176397e-07,0.428586894328317,1.98957640584523e-44,1
"20068",0.0038993419062209,2.98793202881849e-11,4.36141519933423e-08,0.0138848857618331,0.982215728687915,5
"20070",0.00649692678188329,3.25241249869888e-17,0.010046412663156,0.172942269796521,0.81051439075844,5
"20072",0.689384540141067,1.01319699602471e-45,3.27006232759997e-06,0.310612189796606,3.83692985760083e-29,1
"20074",0.0141018303136273,0.985898169394203,2.92166010899554e-10,9.36217025558787e-18,3.84318038919218e-15,2
"20076",0.996328948054606,0.00348265028875379,4.15024066823303e-11,0.000188384527976718,1.70871609589355e-08,1
"20078",0.0212588440555955,4.16363601586721e-13,0.000116600857728608,0.978624555071322,1.49372811278333e-11,4
"20080",0.0168904206251319,3.30377641616533e-34,0.000107128009890399,0.983002451364978,5.59376727325776e-42,4
"20082",4.35070510425391e-08,1.9856444909439e-48,0.999991002828362,8.95366458704733e-06,1.97785500850828e-38,3
"20084",0.222305190714506,2.75487442600059e-07,0.00624161449482417,0.771452919303227,1.4600638486973e-17,4
"20087",0.0764003328090696,2.10606426438707e-26,3.05972563992392e-06,0.923596607451672,1.36178735066607e-11,4
"20090",0.0259487232279055,2.49776825955707e-34,0.00174195888294259,0.972309317889152,5.49674208249479e-41,4
"20092",7.30950229162941e-05,4.08699586345239e-57,0.999548099079893,0.000378805897188685,1.45342279632329e-15,3
"20096",0.00111313236498138,5.38586513492464e-17,0.972421607913903,0.0264652577227664,1.99834918024951e-09,3
"20098",0.00322219747937553,0.594832640490168,0.000130544320980789,0.0738363519746999,0.327978265734776,2
"20101",0.0924659715966362,5.64535334729586e-15,0.000881409256985928,0.906652619146372,1.38120567317051e-33,4
"20104",1.06854562542571e-06,4.02160560183901e-40,0.999998931447169,7.16249457955507e-12,4.32174994189148e-14,3
"20106",0.0255086977476753,7.68277321002769e-14,9.69302143468375e-08,0.974491205322034,8.45881358789369e-22,4
"20108",0.00529572901330772,6.31830283630556e-05,4.15009208257617e-07,0.0364013702710505,0.958239302678071,5
"20110",0.0914344619108925,1.16120986889511e-06,0.779457818142619,0.12910655864084,9.57788806782027e-11,3
"20112",0.0162454771170312,3.04616542016995e-19,0.00163707442759582,0.982117448455373,1.8261565979472e-20,4
"20114",0.101389924989223,1.06912400680001e-05,0.000239770871629425,0.898359612898854,2.26072022005155e-13,4
"20116",0.236547453008915,1.02178898127434e-06,3.36638583817268e-08,0.763451491538242,2.95803509686491e-15,4
"20118",0.00381063120987411,0.0113172660192221,0.000161392427023376,0.972475824966276,0.0122348853776048,4
"20120",0.0569282778421389,2.46954356533924e-14,0.00155509130077053,0.941516630857066,1.18048362863898e-22,4
"20122",0.0022157644601057,0.997784145960646,8.39975644724854e-10,2.93630640008639e-08,5.93762087223917e-08,2
"20124",0.0796829675701542,2.72897919894964e-42,0.0123133925922077,0.908003639837638,4.62326925314613e-35,4
"20126",1.51514824422087e-07,1.39058808534098e-61,0.999999847939083,5.46092229805114e-10,2.75554283655234e-54,3
"20128",0.000304983094505984,1.81305089912605e-73,0.999693535384578,1.48152091586832e-06,6.17797958381134e-83,3
"20141",3.26553190368111e-07,3.32930053120703e-21,0.999997595060127,1.77919440094304e-06,2.99192281700218e-07,3
"20143",0.998854551046291,0.00114498702550925,4.61928182641624e-07,1.69580142070642e-14,1.1228663484283e-26,1
"20145",0.0126009367440835,3.50273277735922e-15,0.000210572224430861,0.987188491027766,3.71581839186315e-12,4
"20147",0.0107122495868862,1.73363086960851e-14,1.34034799308112e-05,0.989274346933097,6.85641692555462e-14,4
"20149",0.00906967201109033,0.990918042132297,7.71896307497575e-07,1.10951545419223e-08,1.15028651507495e-05,2
"20151",0.00225669982586599,0.341435641618896,5.99373625450805e-07,0.0271190677859391,0.629187991395673,5
"20153",0.025633458560308,0.795605712059659,0.149790033476535,0.0289707763559267,1.95475718562411e-08,2
"20155",0.0205694499788404,1.66899788097041e-24,1.27788214587195e-06,0.979429272139014,7.16365769389449e-25,4
"20157",0.032114387028804,0.900456194441605,2.60190173281768e-06,0.00462189801204186,0.0628049186158161,2
"20160",0.000172635663135121,0.999827362848715,1.4881062088208e-09,1.77491635988188e-14,2.58059803931163e-14,2
"20162",0.000359494960821955,0.999510348824284,5.0052583304702e-09,1.12820365740209e-09,0.000130150081432104,2
"20164",0.219953982234207,0.779407738907791,7.46673236637257e-05,0.000563595700693193,1.58336452505548e-08,2
"20166",0.999304121138758,1.88281445699748e-20,2.65928951514294e-11,0.00069587883464944,6.02029953493199e-40,1
"20168",0.999999999999137,2.90267130769424e-25,8.51326428461471e-13,1.19634479464124e-14,2.52269197413939e-33,1
"20170",0.000333117057900206,0.998483710280646,3.33532788722857e-05,0.00104938906907763,0.000100430313504429,2
"20172",0.00679630428568245,2.03469425118224e-27,0.000231109233000409,0.992972586478467,2.85017273787886e-12,4
"20174",0.0351176670618304,0.00100272366123361,4.83541869262291e-09,7.36777048428883e-07,0.963878867664469,5
"20176",0.999999976286731,1.58956447113754e-25,2.27320733235517e-08,9.81195793869177e-10,2.70025597048355e-24,1
"20178",0.000224352640987294,0.999775643353171,4.00583572442419e-09,4.17979579830151e-15,1.53645643513254e-15,2
"20181",0.782677836055866,1.05919902444777e-14,1.35179615586075e-09,0.217322162592328,8.38265068138015e-32,1
"20183",0.000563280321101613,3.22007849216408e-14,0.000593093074838827,0.129558416093337,0.86928521051069,5
"20186",0.171589848011887,3.43840434618139e-38,0.00748879536080709,0.814029200779843,0.00689215584746328,4
"20188",0.00135677483415983,0.998643214050333,1.11017946481138e-08,1.16990423947929e-11,2.0137608021026e-12,2
"20190",0.0236387907333756,2.31831029399361e-28,2.79201859282583e-08,0.976361181346438,3.04119288456302e-33,4
"20193",0.999999869130194,1.28491117754173e-07,2.37789928135718e-09,7.88670883566509e-13,1.89273894922658e-35,1
"20195",0.144089457871903,0.7847218317603,7.34863967119663e-05,0.0711152036482732,2.032281164871e-08,2
"20197",0.0200557190786629,1.70595425947512e-23,0.000175051443726295,0.979769229477611,1.40861818259538e-16,4
"20199",0.0011946607236886,0.998784853207678,1.17002153436045e-05,6.14007216312088e-06,2.64578112723052e-06,2
"20205",3.46898683238357e-08,1.05514170267943e-55,0.999997365277763,2.60003236872598e-06,5.76033603735951e-34,3
"20208",0.0342386674494383,0.0143591788027112,0.000165143570388827,0.947088567493816,0.00414844268364535,4
"20210",0.00019123825067732,0.999758794683684,3.26017295292103e-08,5.39228094924765e-08,4.98805411000596e-05,2
"20212",0.0130577938210851,0.982901067727628,2.56861500975579e-05,0.00287337128687768,0.00114208101431141,2
"20216",0.0366586239342577,1.74553559563702e-16,1.65946192245054e-08,0.963341359471123,1.58462136947399e-17,4
"20219",0.0110455579177859,9.0074069863073e-19,0.332202257424185,0.656752184658029,1.65395300754966e-17,4
"20223",0.998393055904686,1.65195154221272e-69,6.92273083603798e-06,0.00160002136447762,5.59050193955282e-55,1
"20226",0.0409250639518593,3.25215981881428e-10,1.7290915974758e-05,0.959057644581827,2.25122729034939e-10,4
"20230",0.0218942742669449,2.8048393342835e-36,8.49896015723787e-06,0.978097226772898,2.8118677702302e-39,4
"20233",3.93247527771807e-10,1.87542087765761e-40,0.999999999606711,4.162480621024e-14,5.23425432566757e-24,3
"20235",0.443745877816775,3.03649460740412e-57,0.498252460258191,0.0580016619250338,3.20791440831884e-37,3
"20239",0.633411962228411,6.0618130767932e-32,1.94050617613352e-07,0.366587843720966,5.73597891445027e-15,1
"20254",3.49994236817885e-07,5.80084809272995e-52,0.999971157428172,2.84925775915911e-05,3.01771460880633e-48,3
"20256",0.0110731201182863,1.62778308191067e-38,0.000224613374248074,0.988702266507466,3.32673563058399e-24,4
"20262",0.000220488852086316,0.993005252058784,1.30114068228692e-07,0.000276600983189479,0.00649752799187199,2
"20270",0.982172191627581,6.22025101841353e-19,3.04286684060338e-10,0.0178278080681322,1.71394133874909e-23,1
"20284",0.00679780099234504,3.9356495997623e-22,0.774675287024197,0.21852347122637,3.44075708875462e-06,3
"20287",0.222359587939874,3.91525759074207e-54,1.18156915935474e-06,0.777639230490967,1.43932037312392e-51,4
"20290",1.82524416999191e-05,6.09831310278396e-26,0.999694154922086,0.000287592636213886,2.01887410734142e-24,3
"20293",0.00197843412367854,3.34475410795854e-15,0.0012212367781459,0.996800308281456,2.08167165378297e-08,4
"20296",0.666479812070059,0.298989155550956,1.24255733492861e-12,0.0322067189466595,0.0023243134310827,1
"20301",0.992106420376546,3.23827618808893e-36,7.97162771108089e-06,0.00788560799574245,4.26544165819676e-73,1
"20304",3.07757632398219e-09,4.67741422096072e-48,0.99998904199763,1.09549247936354e-05,1.71139901574123e-33,3
"20306",0.0382047943648772,4.79135086057827e-46,0.00203891826838091,0.959756287366742,5.52448619853703e-35,4
"20309",0.00171224714395312,1.14367809639922e-15,0.00255835480858685,0.995729398041104,6.35438470836624e-12,4
"20311",0.142777041936677,1.32184599365815e-14,3.05403754120259e-06,0.857219904025768,9.905139639591e-19,4
"20314",0.00168598474436046,0.465931879756907,4.41127825901835e-05,0.166509513897083,0.36582850881906,2
"20318",0.999699026260108,0.000300971699950833,1.97332923657813e-09,6.6612337416733e-11,2.1474936039957e-25,1
"20320",0.716069041163339,2.34007348620252e-14,0.00863814105365865,0.275291667102559,1.15068041989974e-06,1
"20326",0.00300283658793556,0.0441864398586012,0.00221753601930828,0.62152404610507,0.329069141429085,4
"20328",0.0617459983183279,2.59024433517285e-28,0.0109317254920333,0.92718226335422,0.000140012835418893,4
"20330",0.205824155987328,1.13024496116071e-31,3.85476302974154e-05,0.794137296382374,4.62978938259736e-25,4
"20336",1.18600279492189e-06,5.01116736245417e-34,0.99107863981086,0.00892017395638573,2.2995936887965e-10,3
"20338",1.07981529178343e-05,1.20764659004927e-22,0.993682358844746,0.00630684300233638,1.67626566751196e-23,3
"20340",0.309691392085006,3.64988488042378e-42,0.000253777458036305,0.690054830456958,7.03580445844032e-39,4
"20342",0.00108821288541004,2.50025662347403e-43,0.998911787114587,3.04264210677773e-15,4.99191795117886e-52,3
"20344",0.0125802639135619,1.28373033790451e-30,0.000362893179766451,0.987056842906672,7.18114298001731e-20,4
"20349",0.0162418605280807,4.91474769196581e-40,2.27175443451611e-05,0.983735421927574,2.30147202384749e-27,4
"20351",0.00463934465504786,4.09425875161748e-15,0.000867541257423361,0.994493114074728,1.27969267692954e-11,4
"20353",0.0479886729394601,1.70262211265536e-36,0.0316188934095614,0.920392433650979,2.48440255578549e-34,4
"20357",4.70815891443501e-06,2.55450204206121e-65,0.999965667829396,2.96240116897839e-05,1.86531224178863e-37,3
"20360",0.086968294046915,1.11930045015095e-54,0.91303167834601,2.76070754049398e-08,1.03276254032113e-43,3
"20364",0.00935925928377057,4.77841589419038e-18,7.05944995439868e-05,0.990570146216181,5.04790480497704e-13,4
"20366",3.1909733192843e-08,1.17128200929167e-37,0.999958517384565,4.14507057012998e-05,3.63125351891949e-16,3
"20381",0.999874925561655,4.74710297683279e-10,0.000125073805723103,7.98264266903397e-13,1.57113304562113e-10,1
"20391",0.991552934753512,2.9867150309928e-55,0.00274919570913501,0.00569786953721714,1.36062397362504e-13,1
"20394",0.0697408632564376,3.85287561930097e-09,7.35850714335378e-07,0.206685522595168,0.723572874444805,5
"20396",0.967226896599333,0.00720102897152578,3.34907222696684e-08,7.76832072807384e-08,0.0255719632552114,1
"20409",0.296532479375078,2.95948213846415e-05,4.53715227875142e-05,0.703392552601692,1.67905747561767e-09,4
"20411",0.00256211811488684,2.02682583932283e-44,0.315795640375871,0.681642241509242,3.99516574437654e-24,4
"20416",1.22933968377843e-05,2.32552137490553e-86,0.999982703745185,5.0028579774864e-06,1.03011448516591e-68,3
"20418",0.84435216740934,0.152872795945594,1.47803878728708e-08,2.28461547108794e-09,0.00277501958006277,1
"20420",8.6670298062961e-10,6.53004543034526e-34,0.999999998663083,4.70213906277038e-10,1.36065846325739e-16,3
"20422",0.0840289029135093,4.49655670502859e-24,3.76557369178287e-09,0.915971093320917,9.09027041620648e-32,4
"20424",0.0106828048808705,1.95407421494263e-40,0.0132434750939814,0.976073720025148,4.86922749402503e-24,4
"20426",5.40946554960521e-09,1.42354108432736e-34,0.999999994590532,1.92158531611059e-15,1.59781601336016e-47,3
"20428",0.0486483253522251,9.40016800708108e-20,5.57395781696641e-08,0.951351618730908,1.77289157017879e-10,4
"20431",0.0751678795512148,2.22602120860597e-05,0.0165125858145734,0.908297274419821,2.30471926527192e-12,4
"20433",0.982154664143981,1.44074160986798e-51,8.02122202392148e-08,0.0178452556437993,3.71124648050181e-54,1
"20436",0.999999970949225,1.41829431702066e-29,6.88804221869564e-09,2.21627325645476e-08,4.6995365344516e-34,1
"20439",0.0631954990154383,2.38804479710675e-05,3.13865650041691e-09,3.61160332692147e-07,0.936780256237601,5
"20441",2.2360894389244e-06,3.6193737438803e-39,0.999770811461574,0.000226952448986771,3.62160909482726e-31,3
"20444",0.00057056446572287,0.999429411379692,3.08819576532968e-09,6.15822083520265e-13,2.10657730725523e-08,2
"20448",0.0361990592927608,3.84510852908052e-07,0.932220537638602,0.0315799042860634,1.14271721187758e-07,3
"20536",0.296977827640016,9.02476791672068e-17,4.88543395785324e-08,0.00218690022832122,0.700835223277323,5
"20538",8.49695047446053e-07,8.34664639502303e-40,0.998022490935318,0.00197665936962246,1.19310604975487e-14,3
"20541",0.0309072780216507,1.42798130354811e-42,0.0206953498023987,0.948397372175951,1.64681440936559e-39,4
"20544",0.00399076254536963,4.81472183424094e-12,0.000235194249674072,0.99576516477111,8.87842903154918e-06,4
"20546",0.0144651190844041,3.20772581412509e-35,0.000359897884239425,0.985174983031356,2.77445333302888e-17,4
"20550",0.27874274104482,1.03655543651243e-16,1.20180304395059e-05,0.721245240924741,1.9103741954454e-17,4
"20553",0.000122319628270898,5.64923604129594e-69,0.999877680369602,2.12739782045826e-12,8.46401124994955e-107,3
"20555",6.39978760701382e-09,2.32200740947968e-53,0.999999993506977,9.32354670680061e-11,3.97893022736446e-22,3
"20557",0.00476727759791741,2.77215677494636e-14,0.0487463693678926,0.946486353034145,1.74622251301652e-14,4
"20559",0.0180704215517653,2.58816394878971e-17,6.17105796853175e-07,0.981928961342438,8.79068197315864e-18,4
"20561",0.00223786719415414,0.991935062699942,1.04088604214101e-05,0.00575248670981933,6.41745356630439e-05,2
"20564",0.000224352640987294,0.999775643353171,4.00583572442419e-09,4.17979579830151e-15,1.53645643513254e-15,2
"20566",0.0145207785195067,2.5620758900381e-13,5.47108133851252e-10,0.985479220810588,1.22540620490953e-10,4
"20569",0.00474606663355357,0.989958339915792,2.16275109873788e-08,5.15335101167898e-05,0.00524403831302671,2
"20572",0.304588765044426,0.69541038510295,1.62411467306321e-09,8.19815955460266e-07,2.8412554130576e-08,2
"20574",0.0182628946740608,4.30398488722949e-19,0.000929733905642356,0.980807371420297,1.88796779937229e-25,4
"20576",0.000779009100061469,0.999220964339803,2.62743043829766e-08,2.85713065895626e-10,1.18545262898668e-13,2
"20578",0.0130105815314368,3.20202486854671e-07,4.55053288206668e-06,0.986983919960395,6.27772799801738e-07,4
"20580",0.0289697395284392,2.53618376647921e-12,4.50222642293399e-08,0.971027287830459,2.92761630121241e-06,4
"20583",0.000223716044285191,0.999776277901817,6.04187258096963e-09,1.09398033984284e-11,1.085887413496e-12,2
"20586",0.0119253437195223,8.60847110827994e-24,1.42650498962501e-05,0.988060307201049,8.40295326053039e-08,4
"20589",0.0248382984813687,9.95427087601248e-43,2.52562473386034e-05,0.975136445271293,2.84334844584095e-28,4
"20591",0.000779356080274791,1.16865034203472e-28,0.95775817506643,0.0414624654727102,3.38058496458718e-09,3
"20593",0.192988750025975,1.12167735903653e-43,3.10377328219828e-06,0.807008146200742,1.36045945510658e-61,4
"20595",0.00245935821339149,5.97809521536517e-15,0.000158295496711957,0.997382346289889,1.21906866897721e-15,4
"20597",0.999668467916628,4.90831651030224e-22,5.99680851902824e-09,5.08490536758554e-11,0.00033152603571482,1
"20599",0.000727969409015243,0.999272029303322,1.28761590548286e-09,4.6419798423909e-14,1.31415442455155e-16,2
"20601",0.00106388921808441,1.4196101299969e-07,1.03309766656563e-05,0.138275257021387,0.86065038082285,5
"20604",0.0237609631648082,6.99818840159187e-27,1.09609780286861e-06,0.976237940737389,4.7327779333948e-39,4
"20606",0.0272809531058787,3.9032608068855e-32,9.83167586617067e-08,0.972718948577363,1.8306168995671e-32,4
"20608",0.0121437850559646,6.18914320018965e-26,1.96445897818542e-08,0.987856195299446,8.80917912718299e-25,4
"20610",0.00616337326022948,0.993831185886412,4.93976302037423e-06,5.01090068903194e-07,2.68968784965678e-13,2
"20612",0.903438410690805,3.60461453960179e-50,0.0965615893091118,8.34588824651688e-14,5.21881777105686e-41,1
"20614",0.000481032483389254,0.999479802127087,1.024717939022e-07,1.62486823654448e-07,3.89004309064686e-05,2
"20616",0.510296739569899,1.98085350502756e-09,4.73020911357684e-06,0.485775720117459,0.0039228081226747,1
"20618",7.83944700039767e-07,1.51334952728542e-28,0.999978204375149,2.10116801515367e-05,2.32388683006093e-20,3
"20620",0.923988268303129,7.76383699627414e-23,2.30092597083482e-07,0.0760115016042737,1.66611170657285e-31,1
"20622",0.00704238390554339,0.99295746866687,6.74216058298862e-08,8.00026077619196e-08,3.37269948744617e-12,2
"20624",0.00039452174967592,8.66135271287565e-41,0.489384777205988,0.510220701044336,5.97312944262637e-26,4
"20626",0.954687357221772,8.97713614564233e-16,1.37234045911835e-09,0.0453126414058863,2.62194159456206e-19,1
"20628",0.93530709044122,4.69141001737188e-25,4.29464983753525e-05,0.0646499630604048,1.17470891704367e-16,1
"20630",0.0337953714612966,6.54230198146102e-12,1.24278979800913e-07,0.966204504253181,5.91375204784662e-21,4
"20632",0.00284041671471941,0.997158866879947,4.16809612121473e-10,2.08915581063376e-11,7.15967632805928e-07,2
"20634",0.0195917309709881,1.2103010545891e-31,4.85131349027439e-07,0.980407783897663,9.65197206520896e-32,4
"20637",0.000149050449462845,1.31090207581368e-28,0.999147614814746,0.000703334735791417,2.5415042621542e-39,3
"20639",0.0034854287515559,0.996473088469632,9.36552033348223e-06,3.20831767630787e-05,3.40817159850039e-08,2
"20644",0.016306399864242,4.82008112463912e-83,0.983693600127786,7.97238621081454e-12,1.00994097963078e-96,3
"20646",0.998904609896694,2.50938768997615e-43,0.00109248085038452,2.90925292191701e-06,7.76006148307821e-52,1
"20648",0.000451009495010606,0.553215280769453,7.81359260059514e-05,0.0195433763567803,0.42671219745275,2
"20650",0.0125957752464785,5.3545798203818e-49,0.931574528076833,0.0558296966766881,8.40893645600258e-37,3
"20653",0.863823304319942,1.28474597087153e-11,0.000139387818808844,0.135741993405019,0.00029531444338311,1
"20658",0.136472320732461,1.24646247326636e-41,1.37219080381706e-08,0.863527665545631,1.07608650728654e-28,4
"20661",9.47962378907149e-08,6.94278085323842e-56,0.999999077047898,8.28155864251044e-07,1.20907247647788e-24,3
"20663",0.00362579723080276,1.67522931222386e-17,0.000183724626159152,0.994790874523332,0.00139960361970586,4
"20665",0.00307832037909758,0.996921679611688,9.13000633381525e-12,8.42975315408089e-14,3.56116370535933e-16,2
"20667",0.90544193453955,5.97964786275915e-17,0.000168387440423766,0.0943896778582581,1.61767878986487e-10,1
"20669",0.934016163034218,5.13375392762771e-19,1.16239640399e-05,3.75624714489293e-08,0.0659721754392701,1
"20671",0.000620932488871752,1.20937138937948e-18,0.707228492664881,0.292150574846247,1.42593781007172e-20,3
"20673",0.999281699192269,2.89259340846734e-15,2.3391819137735e-09,7.58438094518166e-12,0.000718298460961773,1
"20675",0.80492390534861,1.90865558559545e-21,1.69797393252438e-07,0.0555128038966332,0.139563120957363,1
"20677",0.0420655849496272,1.6436819910899e-21,1.45043751442129e-07,0.957563733465346,0.000370536541275828,4
"20679",0.862288148971257,1.63889902914013e-08,4.83848123162205e-06,5.15546457269111e-09,0.137706991003057,1
"20681",0.0023734164409705,2.74431734918813e-19,5.61535069319625e-07,0.000246168085117945,0.997379853938842,5
"20683",0.146831415214713,6.91212761701134e-20,2.49908444375888e-07,0.853168153452266,1.8142457679724e-07,4
"20685",2.16866410774187e-08,3.82649085154834e-36,0.999999977429111,8.8424809434025e-10,1.06821695414669e-16,3
"20687",0.000515273147589841,0.0464409473787223,1.00148357209077e-06,3.2428476897508e-05,0.953010349513218,5
"20689",1.95029806391897e-06,8.28650118093077e-89,0.999998049695218,6.7186838061628e-12,7.88452507203295e-74,3
"20691",0.000450769221788188,0.999549097118258,3.02636916380467e-08,3.72689561011046e-11,1.03358993618385e-07,2
"20693",0.0936337558226902,2.91127401981453e-46,0.000347182931779836,0.90601906124553,2.92724196846944e-33,4
"20695",0.00978955133880571,0.0992198717308538,0.000702302594002619,0.154316508435677,0.735971765900661,5
"20697",0.0406344267627548,5.4885310274855e-16,3.0191005765959e-06,0.959362554136668,8.49737491663935e-27,4
"20699",0.0535787759892866,1.03784432913336e-15,1.02485057806133e-08,0.946231247586177,0.000189966176029326,4
"20701",0.0437377012698847,3.70611294220033e-31,1.55345243206808e-05,0.956246764198322,7.47267364607887e-12,4
"20703",0.993468214482782,3.93713015956556e-33,0.00653178551721187,5.79065076828905e-15,3.77250833776744e-18,1
"20705",0.0791774137026895,1.61734630242513e-31,1.29651860768877e-05,0.920809621111234,7.02911379172455e-21,4
"20707",0.00239680389539083,6.06151818964133e-10,7.1352152065083e-05,0.0953305297267364,0.902201313619656,5
"20709",0.968150692562013,0.00111117485500304,2.67728223496785e-07,0.0307378646757908,1.78969110333282e-10,1
"20713",0.00024912772644698,4.65052515620239e-14,0.998848141570386,0.000294244582509223,0.000608486120611373,3
"20715",0.97299890288427,6.02958930007405e-31,0.027001057783378,3.93323520246046e-08,1.1592855877132e-83,1
"20717",0.00181144573590744,4.03261031906545e-05,0.000111886667011033,0.0088630482028849,0.989173293291006,5
"20720",0.0271083884145318,2.34828261742262e-18,0.000196575579860476,0.972695036005608,8.32184487428505e-18,4
"20722",0.0450111618831334,1.75235777183767e-17,8.42633616526041e-08,0.954988753836139,1.73656632575424e-11,4
"20724",0.000166777940606709,0.00103501253505033,1.19721447395655e-07,0.000705615399855542,0.99809247440304,5
"20726",0.115228459154942,6.79630729686699e-44,0.000150501836290776,0.884621039008767,5.00949028883863e-34,4
"20728",0.00043499689735217,1.11621445756465e-13,1.96859546863153e-07,0.000111019722210219,0.999453786520779,5
"20730",0.000499111907499142,0.00768353233151424,7.26121715169599e-06,0.0208777200050535,0.970932374538781,5
"20732",0.980312286588651,1.23541166452061e-36,0.000548435299387422,0.0191392781119617,1.4921353579008e-29,1
"20734",0.0277170799386958,1.02354705019548e-13,3.34150940214936e-06,0.971905748432853,0.000373830118946818,4
"20736",0.00114226753601287,0.998712278072827,1.44423596061596e-08,1.46243862608224e-05,0.000130815562539685,2
"20738",0.999999989258149,8.46420058571525e-32,1.07212786416139e-08,2.05727317535988e-11,9.47437248772453e-49,1
"20740",0.00159091899071826,1.25797938108446e-60,0.980593258670526,0.0178158223387549,9.27259782540792e-16,3
"20742",3.03824896275243e-05,1.45174853024835e-16,0.109658719411279,0.0115973577832616,0.878713540315832,5
"20744",0.0119288310335872,0.987980246003273,7.90162687645345e-11,1.60717350159238e-09,9.09212769497419e-05,2
"20746",0.00683165772085697,1.12898202258888e-12,6.57161660903861e-06,0.826593682294333,0.166568088367072,4
"20748",0.000103111317341185,0.0196438769339814,1.57989124055478e-05,0.000464936402176631,0.979772276434095,5
"20750",0.00903319980252244,0.61001090892978,4.52326953938458e-09,0.00650827425209218,0.374447612492336,2
"20752",0.0167018596118516,1.98028492666651e-24,2.61827240590889e-05,0.983271947953756,9.71033299795111e-09,4
"20754",0.999973034766793,1.60091315581618e-16,1.25463476348837e-09,6.35439744994956e-11,2.69639150279414e-05,1
"20756",0.043989059025592,0.0770600587719586,6.18406952123718e-06,0.871853636952087,0.00709106118084158,4
"20758",0.999999819880199,1.14757207740923e-12,3.78680109472479e-12,1.80114866268609e-07,1.13092021703357e-17,1
"20760",0.00175157238852675,0.0182019096899901,1.40560825640905e-08,8.25164062694117e-05,0.979963987459131,5
"20762",0.99986721554098,9.28093147635343e-21,9.48574396897075e-08,3.81472522610194e-10,0.000132689220107635,1
"20764",0.00929839122029191,0.528444521322271,0.000589698738664642,1.76985977747552e-05,0.461649690120998,2
"20766",0.000760559612345358,0.306325969680479,1.07715262028291e-06,0.000738778272571212,0.692173615281984,5
"20768",0.000450625605415841,0.993597335201291,1.31019125283262e-06,0.001926403723567,0.00402432527847303,2
"20770",0.991784265646365,1.29818594784975e-20,4.57491118261974e-07,0.00805064142829472,0.000164635434222436,1
"20772",0.0244192931159233,4.38899575433467e-27,6.55888273747899e-09,0.975580700325194,7.26993916082633e-34,4
"20774",0.99836685479122,4.41250538542468e-70,0.000139688030686829,0.00149345717809321,1.02524653527122e-74,1
"20776",0.0126735228640986,2.10781122174993e-24,0.00397506809005994,0.962138817107946,0.0212125919378956,4
"20778",0.00772360442775552,7.29518177123734e-61,0.992271682936139,4.71263610521763e-06,1.06045747848681e-84,3
"20780",0.999999999537304,1.36151552251464e-17,4.62694593270939e-10,1.07375047023104e-15,1.0964386194932e-19,1
"20782",0.999976938123861,7.31306274727487e-15,4.51614501707441e-07,2.54190560213076e-12,2.2610259088083e-05,1
"20784",0.999945018160463,1.07726267912767e-19,2.46720055704919e-07,4.82864511508353e-09,5.47302908361895e-05,1
"20786",0.119795648023454,0.880204351687417,2.8899737977558e-10,4.78580308879824e-15,1.27314771560875e-13,2
"20788",0.000612044400982532,3.71525072962186e-10,0.000258147626416166,0.139474246567847,0.859655561033229,5
"20790",0.0596589834303047,5.71222816666951e-05,1.57116896648805e-08,4.66546919196877e-05,0.940237223884419,5
"20792",0.116488076981066,0.000139341875083862,0.000989868686202998,0.882382565773349,1.46684298381631e-07,4
"20794",0.0566615382174936,0.000514932852916016,7.35916566613799e-10,2.12219543096968e-06,0.942821405998243,5
"20796",0.012396393497325,4.82516935485001e-36,0.000212165529246078,0.987391440973429,1.62417710576482e-27,4
"20798",0.000224352640987294,0.999775643353171,4.00583572442419e-09,4.17979579830151e-15,1.53645643513254e-15,2
"20801",0.999998202807163,1.75341402053001e-06,2.73201785238827e-08,1.64586374795217e-08,9.99754755498151e-25,1
"20803",0.0202371010495755,1.82960602045198e-14,0.00536521216098428,0.923575345695372,0.0508223410940502,4
"20805",0.0154279668742606,5.03852941053561e-18,1.33206810163541e-06,0.984400179652456,0.000170521405181796,4
"20807",0.000224352640987294,0.999775643353171,4.00583572442419e-09,4.17979579830151e-15,1.53645643513254e-15,2
"20809",0.084537254916194,2.66919644106252e-17,0.486540842556726,0.290440527362934,0.138481375164146,3
"20811",0.999966895061186,4.9856915630215e-09,1.30262609239845e-05,2.00736921984255e-05,3.2564715205359e-21,1
"20813",0.923157727946729,4.87298935102386e-07,6.05682113397059e-05,0.0767812164342228,1.08773054072925e-10,1
"20815",0.978253616022705,0.0217463836906358,2.86659246535238e-10,2.52196268762595e-19,1.29516395409148e-18,1
"20817",6.159372441385e-05,1.21110335594161e-05,2.67194343100441e-06,0.00257473397917417,0.997348889319422,5
"20819",0.0227371344495545,3.50254755865149e-22,0.000525811849404148,0.975476090447865,0.00126096325317638,4
"20821",0.999999999982427,1.47689208673711e-33,3.66185723781575e-12,1.39106533926039e-11,2.74782837121116e-51,1
"20823",0.00195016940449413,5.45577923136801e-09,0.000189090536691629,0.996402426102686,0.00145830850034883,4
"20825",0.000634031226149692,4.66881108975168e-07,9.33045921551731e-08,0.000630182847189898,0.998735225740959,5
"20827",0.456866919366338,0.534291296272187,0.000409680618657584,0.00843195609940475,1.4764341325487e-07,2
