"","V1","V2","V3","V4","V5","V6","V7","V8","V9","V10","best$classification"
"19811",0.0821849423848535,0.0260548045067343,1.66881893755554e-05,1.87261780621052e-09,1.45510574383082e-12,0.0104571313871984,5.9147076552105e-43,7.9995729466476e-24,0.881286431656707,1.05829239995567e-12,9
"19813",3.71007003683775e-13,5.34242070566776e-39,0.00203369982221946,4.27718163544413e-19,1.6543075124591e-31,0.00240956345824659,1.45760020529333e-55,2.32591493174283e-91,0.995556736719163,5.92925407987455e-83,9
"19815",0.995512154852927,0.000874281750010723,0.000156383310680179,0.000406708062291557,0.00249466652267373,0.000555805501351875,8.3320510338511e-17,7.6047919258599e-75,6.47336354056501e-14,2.64363324603249e-20,1
"19817",0.0376402056800033,0.962072406196721,6.58572526209983e-07,5.21755477238571e-07,2.43232627241773e-05,0.000260338691461082,1.85645509295403e-26,1.37201090190749e-26,2.11677512049667e-08,1.52467333622514e-06,2
"19819",2.54977269129772e-17,2.53915308860867e-87,0.149003206381794,0.0152426415622437,0.347244449684131,0.000862783409339417,0.487646918962492,9.34448764773321e-126,6.50745125429465e-79,1.68003656857667e-60,7
"19821",0.0121034743289231,7.58786250291112e-08,0.00361473161170829,0.000104133715292797,2.43794633298243e-16,0.464569560368362,8.91350926731487e-25,4.90767637809823e-18,0.519608024096267,8.21532993345151e-13,9
"19823",2.43368757783818e-05,2.46483808370304e-08,0.0914839783704073,4.64089990295094e-09,0.908491335247376,3.20217157575471e-07,1.44710835952445e-29,2.12461637768418e-85,2.42142208381386e-34,4.81902620172836e-32,5
"19825",2.38924801106575e-27,6.3986581360064e-101,0.913332975189205,5.78288866461178e-12,3.13452954413641e-25,0.0866670248050123,1.74939840367448e-33,1.97511574651476e-41,8.92103166403895e-26,4.70002744954969e-34,3
"19827",0.00156358168245245,0.0158289778313915,0.00129336579911536,6.72708118373613e-06,6.71176690156375e-05,0.000607086467249678,2.15091649640568e-27,1.95276645589736e-10,3.52741983147008e-18,0.980633143274315,10
"19829",7.47196660170380e-09,9.48140252552788e-57,4.33204607866415e-05,0.514442399934721,3.0715401104857e-12,0.485254288590384,0.000259983539070237,6.58606390503162e-29,8.84235924444326e-26,5.92189893765496e-22,4
"19831",5.14741716587102e-14,5.96080742324525e-82,0.448161931268347,0.374129380524239,0.169904785388273,0.00771112867456125,9.2774144527266e-05,4.93678249282005e-178,3.92918711528303e-48,2.5806868151565e-87,3
"19833",5.87476876238475e-52,3.66623316575552e-138,0.999999780333076,3.60292869397407e-38,2.1928457041692e-07,3.82353656681216e-10,2.39677988039936e-62,8.70497577640611e-155,1.26941808348966e-82,1.26211842774662e-161,3
"19835",0.0121034743289231,7.58786250291112e-08,0.00361473161170829,0.000104133715292797,2.43794633298243e-16,0.464569560368362,8.91350926731487e-25,4.90767637809823e-18,0.519608024096267,8.21532993345151e-13,9
"19837",0.0183590674006156,0.138349981058751,3.84017858452393e-05,3.30308354692807e-05,4.38795786473213e-07,0.000229758222232285,1.50357275831468e-21,1.22848174910774e-11,8.79390501848509e-11,0.842989321801076,10
"19839",4.09084953245135e-09,8.35896837604506e-56,9.90157051998506e-08,0.209634945755296,2.84977344959218e-20,0.790364951025796,4.38086538287195e-11,3.0218223106554e-23,6.85457441416058e-11,1.21839812144077e-17,6
"19841",4.82296180685815e-33,2.84947601568297e-78,0.0427948367726741,8.70227050045031e-18,1.30835481854412e-33,0.015738976472107,8.10006796888052e-41,0.94146618668089,8.18824951634021e-15,7.43204044330592e-11,8
"19843",9.72045771708778e-19,4.13316334967986e-124,0.0117899625266796,0.00011784185618172,8.22719413008523e-25,0.988092193729828,1.88731033771912e-09,2.8764767055072e-178,3.56745313479419e-16,1.01358292296838e-120,6
"19845",2.18595135665374e-05,1.03812139728204e-13,0.0028548769300658,1.92955352451544e-17,7.86392939463503e-19,0.000185013966570212,7.88243752619792e-58,2.11112404900228e-94,0.996938249589694,1.00291071979268e-61,9
"19847",0.986060453274085,4.37648694863676e-10,0.00815754149310639,0.000189139464138248,2.68635047853465e-08,0.00551655862707353,2.72989543967329e-22,4.26098652940357e-100,7.6279840443342e-05,1.65807684921382e-31,1
"19849",5.89091670053269e-15,4.00928395209983e-31,0.000500376378547106,9.77106371610007e-24,5.56024220128768e-33,8.66646057106468e-06,1.2242167029161e-65,5.3257884782024e-90,0.999490957160876,1.63920963673467e-76,9
"19851",0.0012195751761129,0.998758709773284,1.44956186790832e-05,2.45942849594948e-09,3.3096481230864e-06,3.90665219734117e-06,5.99443538475546e-33,5.91255326180818e-45,5.85978926185492e-10,8.61967046395185e-11,2
"19853",1.85718123671793e-05,0.0363327319888607,0.962265386078057,5.05023773318965e-23,0.00138274764715536,3.03019161730852e-07,1.67415251690309e-74,1.96281363999079e-64,2.59454398496892e-07,5.4655913579496e-37,3
"19855",0.0152562789460393,0.983061349223966,0.000716103267390297,1.94277222334075e-13,7.13999301935216e-06,0.000920482042848333,1.08355838869968e-50,5.97922634869657e-23,3.86465263074232e-05,2.34798635993854e-13,2
"19857",0.885332665759401,1.67158139207823e-06,3.58516961434631e-07,0.00102098362090847,1.32016581910287e-12,0.0738727078032288,1.52105103626968e-22,2.70343666893622e-20,0.0397716127161365,6.5168416961199e-13,1
"19859",0.947716319246893,0.0419935055352386,7.79114796607641e-06,2.64543596642808e-05,0.000232332896558762,0.00994914520631079,4.67115033383612e-24,2.29656655218536e-20,7.56672761032923e-11,7.44515317013925e-05,1
"19861",0.128632991104634,0.256463123789043,0.00275521041108999,1.97170561818703e-10,1.4217302480659e-11,0.00258298140961229,4.41125485768405e-44,6.15727576546186e-52,0.609565693074233,2.65585369259428e-23,9
"19863",3.34382927910282e-27,3.58763922501883e-53,0.000754848305948463,2.23402469105701e-32,9.97119470617139e-45,0.00183846188442443,6.48072953112214e-83,7.01458717867471e-17,0.997406689809627,2.06238305565012e-37,9
"19865",1.18424259771549e-09,7.54713733193343e-15,1.88690083572431e-05,1.89979581020082e-11,7.08429081838442e-17,0.00266538365675251,2.7353991950847e-40,0.895858408426,4.49209146471314e-10,0.101457337256433,8
"19867",0.990076001606858,3.83070072183317e-06,0.00849296338244858,8.6921068988155e-06,1.58274903844025e-08,0.000595988885350911,1.76803553688909e-26,3.58788414049992e-108,0.000822507490231491,1.53760088521001e-36,1
"19869",1.05268013379288e-08,2.72860378497192e-12,0.00485654059955811,2.11094328845672e-21,1.45589515796612e-25,0.000215226379184286,1.31849094078834e-70,6.5731568955935e-31,0.994928222491728,1.03453785606069e-29,9
"19871",0.718871662674437,0.268187394271804,1.25015832234774e-05,0.000593761140286821,0.000308374058276496,0.00633268606120565,9.42184507495622e-20,1.55771357173523e-11,4.67319786159952e-13,0.00569362019472181,1
"19874",0.00204889236406435,0.95922920205122,0.000114331105651136,2.60479730522905e-10,3.25684340238835e-07,0.0339475751364902,3.69277186205488e-41,1.75171200502669e-05,1.02311927762728e-10,0.00464215617539223,2
"19876",8.33890964549397e-05,0.999820421502398,7.95436437579358e-06,2.12774359639184e-14,1.03418030406907e-12,2.53879494765807e-05,2.68560854220648e-51,1.03423790968775e-07,6.25127910591003e-05,2.30871389188033e-07,2
"19878",0.000291257495417216,5.5533445407304e-64,0.000736067466974932,0.0127917944853303,1.59530161454766e-09,0.986180878956962,1.43495403645605e-14,2.87822446116195e-88,3.10356002646952e-22,4.20278658892228e-48,6
"19880",6.87595761177789e-13,9.7528717338878e-15,0.000138669515210244,2.19861087167658e-18,5.07088403335122e-19,0.000215517012994707,1.32030031009809e-60,0.694208589147409,5.58351364625509e-08,0.305437168488553,8
"19882",0.00600266274999708,5.92562932776188e-10,0.0322418243145757,5.26048046299181e-15,2.7979446227023e-13,0.0270163442416683,2.10650298166994e-56,7.29707397843713e-55,0.934739168100911,4.83034393410086e-38,9
"19885",0.828810053457222,0.163056016073076,1.13113680032476e-06,0.00512339891978497,5.55907978168552e-06,0.00297945198048586,2.41109229759335e-12,4.40231330642707e-28,1.6424628858054e-05,7.96472157944666e-06,1
"19907",0.570804934674073,2.54002329210498e-07,0.0487942181953129,4.45891369325129e-08,3.71765650868155e-11,0.0226421752116919,1.53975512967258e-34,3.40500975392607e-87,0.357758373290279,1.33591489771598e-40,1
"19909",0.000128843542511304,1.46616194698629e-38,0.000407604353429816,0.941872644199119,1.25958507086496e-11,0.0266392188308103,0.0309516890611162,3.23689729078842e-87,4.16962666712902e-13,1.69639152249117e-39,4
"19911",9.01331307106259e-07,1.39680321867743e-38,0.000194049893819238,0.804555077826866,7.27729717423618e-09,0.1952499636578,1.29108130858513e-11,1.63569223219382e-30,1.86553523918517e-21,1.59725219702325e-18,4
"19913",8.47286002983115e-28,9.94568163028156e-37,8.02259575926957e-06,2.52793941361918e-21,1.82569052186476e-23,5.41446354669252e-06,2.86364839417477e-54,0.999986562547136,3.77480644542047e-20,3.93558458617553e-10,8
"19915",0.000103484140297095,9.15347518058683e-05,9.5416375893316e-06,9.61028973605262e-11,1.15643419168956e-07,8.19823571144944e-05,1.30346220099102e-40,2.21401755130698e-06,7.58925166165377e-13,0.999711127355361,10
"19917",7.68614107213266e-06,4.15898907733173e-11,2.80465564369735e-06,1.16539989172023e-07,4.91458659021718e-11,0.0399313024683533,2.68917598044742e-34,7.85212605162637e-05,1.68316276475127e-11,0.959979568826858,10
"19919",0.0622915600563444,0.0626628238555023,4.95080987045418e-07,2.50662064030322e-06,3.40218985157405e-05,0.0033867722011896,7.54965597691882e-27,5.94238885772162e-07,1.95196800256195e-12,0.871621226045983,10
"19921",0.146476190816744,0.852985627203509,5.11976168744383e-05,1.72340988046659e-06,1.52779829601138e-06,0.00034743058893514,1.73036505359581e-26,1.79311248297944e-58,0.000136302565759915,1.1431890354462e-17,2
"19923",0.866870432051184,1.49090292787683e-24,0.000283103850151222,0.00193029445827857,0.000142345325059522,0.130773824315327,6.63854835553506e-18,3.11844888667383e-122,2.75607684646696e-19,1.68094796982367e-51,1
"19925",3.52249314066365e-05,1.76480961881816e-07,1.03783163867629e-05,4.72253660957411e-10,3.35173342286831e-09,0.00190565747702859,1.0142509695151e-39,0.000347068229039652,1.01097791047255e-12,0.997701490740178,10
"19927",0.900006369884196,0.0991615473424811,0.000153437651175903,7.85800915787417e-07,0.000128105602933594,0.000538673655984822,7.0388250708805e-28,1.59318200604447e-40,1.10800622017931e-05,1.10993717057023e-13,1
"19929",3.31480770607051e-29,1.28589112147248e-35,0.0146116439624594,6.49989425841781e-30,5.13660784896387e-42,0.00325542953696529,5.08036216936226e-80,4.50547591923788e-10,0.982132926050028,1.2178335787773e-28,9
"19931",0.998375078987454,2.6916786188992e-06,0.000231195186095769,0.000254367284331554,0.000280927078049594,0.000855730444810202,8.86784264254939e-19,3.71917224152424e-43,2.02494261254783e-11,9.32039073127804e-09,1
"19933",0.0359481330742909,2.21865137819589e-17,0.00223575340034546,0.955070325318304,4.78591032707384e-05,0.0030958829633299,0.00360204612979461,3.97220293657642e-50,2.87961625885217e-21,1.06644216538851e-11,4
"19935",0.15506332706779,8.80741748461502e-16,0.0032150976892977,0.527211785588835,1.51947329891708e-11,0.313864280203447,6.76501604147736e-11,9.40964443509508e-50,0.000645509367783993,3.08720551965346e-16,4
"19937",0.477599878994037,0.519478848572392,0.000689434335265101,7.21246235995991e-06,0.00216816351707226,5.64621167756766e-05,7.34250422431516e-23,1.55847510271963e-68,2.09788062491626e-12,4.2703200616615e-17,2
"19939",0.93469312760177,1.02535031559494e-05,2.43082332231571e-05,0.00011673511179626,0.000253070550527872,0.0649025049354713,7.92910646807986e-24,2.30209709458781e-37,6.40518437601058e-11,4.04482452011461e-15,1
"19941",2.11338378729912e-12,6.89133869559471e-52,0.00163546722247228,0.231781049786889,1.25712830555943e-17,0.766583482979886,8.5713567810865e-12,6.67726835601328e-24,3.46367569457041e-17,6.72350946320625e-14,6
"19943",9.42457607175966e-14,8.94911892721475e-14,7.61358531630933e-06,1.41212587903726e-15,1.3241926942708e-13,5.41806567582171e-05,1.12283105408379e-47,0.999937055036053,7.18407990210457e-19,1.15072155510675e-06,8
"19945",0.327883662136872,6.56345014978736e-21,1.93187659773233e-05,0.662685207417167,0.000842759246698661,0.00555648523691558,0.00301256719633561,4.03183809638027e-63,3.09832155746132e-23,3.31080054190889e-14,4
"19947",4.68452284569299e-14,5.96553859449777e-50,0.00146511998028873,4.05061514276392e-08,1.63570671672037e-19,0.998534839513513,8.65237527672341e-28,9.19225590618158e-23,3.51549164095086e-16,1.29340903356859e-30,6
"19949",0.21548513032436,2.80191357206859e-23,0.00340416187197764,0.73286904929297,0.00172529869985144,0.046516353502105,6.30873533328625e-09,4.88384849368522e-126,2.20561128677607e-23,6.4327539766052e-39,4
"19951",0.0938127522572068,1.83993159039273e-16,2.08084916128211e-05,0.000348575524326788,2.31489075116394e-07,0.848582911446094,4.59737675065403e-25,5.70675047896516e-08,8.13098299943725e-11,0.0572346636428692,6
"19953",5.91562258483609e-14,7.1650520031458e-68,0.0267096629519547,8.26621852918445e-05,0.973207605943178,6.39509784281661e-08,4.96853782391691e-09,6.75748574447209e-207,1.18068869744247e-61,3.50677951983815e-94,5
"19955",3.39465291522306e-05,5.0155331913989e-56,1.03537387140262e-06,0.320412290588195,0.000113827652889079,0.679438620055058,2.79800834242258e-07,1.2911441760796e-138,7.03821080138169e-28,2.29410259533995e-71,6
"19957",7.66740638496008e-05,3.10415667198519e-10,0.00874802848538569,4.88550421573313e-07,0.00688067885585827,0.98429412967172,5.99592590715163e-35,1.41252954014961e-11,8.75979880667894e-22,4.82239658607176e-11,6
"19960",1.1491669126789e-08,4.20994560895596e-65,0.000165128563979044,0.0743143285762012,1.17423152453574e-14,0.925520476602164,5.47659749715776e-08,1.74238669873521e-63,7.91304212269352e-21,1.22000412504357e-44,6
"19963",4.58571203719295e-46,1.0126170952638e-77,0.999999960549143,7.71386670005851e-27,1.95048128166027e-10,3.92558092871699e-08,3.50309913299448e-56,1.60812332280515e-49,1.95326966489711e-56,2.03448430657201e-54,3
"19965",4.70932040225204e-07,2.63323244807636e-89,2.10389257204222e-07,0.697843848019888,1.11876537097044e-11,0.301873733311141,0.000281737336485541,2.87675358515619e-131,1.48423676178531e-21,1.40832678325261e-87,4
"19968",1.95309812725619e-12,7.80804793493165e-39,0.0197435305191515,4.0522851953409e-08,4.00308571031854e-37,0.906268986742225,1.20088831545886e-30,5.82062015304115e-08,0.0739873427842637,4.12233535102809e-08,6
"19971",9.80538860647856e-41,5.90078781371279e-108,0.993302156998685,6.31732425492765e-19,3.36665015237119e-13,0.00669784300097837,2.03203178887678e-34,1.59173509487663e-17,3.7973983643371e-55,1.10326038189445e-40,3
"19973",0.0143178531153814,0.983490034432204,6.07971801591161e-07,6.44196866977624e-07,4.08454738661329e-09,0.000215228979903447,5.59719397390304e-27,1.19966522475185e-13,0.000143363905286443,0.00183226331388881,2
"19975",0.000420728452454294,7.15136826708123e-14,3.74564610171369e-05,4.33076924692745e-07,2.20307179198981e-15,0.115349039891751,3.49979589101963e-33,0.00055899831166407,4.3969534165051e-05,0.883589374271951,10
"19977",2.13089000135774e-18,3.87637838341819e-75,0.00451846485162798,3.02772092960699e-18,2.93080730963325e-17,0.995481511281848,1.31404471344531e-51,2.38665211679484e-08,3.05393232477426e-28,3.20413539501415e-15,6
"19979",2.96971543726398e-18,1.30313714335195e-110,0.000384975917892297,0.00241072567986837,4.04379077413089e-09,0.00795726373813636,0.989247030620312,9.71559017628532e-84,7.48258141764962e-59,1.85793397400696e-43,7
"19981",0.993158472579044,9.44550019981539e-11,4.8629047303611e-07,0.00443975665375384,4.61610323661177e-07,0.00234366300988757,2.4953807967228e-15,4.65386338874574e-44,5.71597620605306e-05,1.960676436911e-18,1
"19983",0.994483451011222,1.48961039135583e-08,1.86541136000593e-07,0.00109378905560199,2.70951607233887e-06,0.00441962926588046,1.82097999478085e-17,8.07788003839548e-68,2.19713982685988e-07,4.56309777669237e-29,1
"19985",0.00153834537849374,0.285783694321574,1.86530120987442e-05,4.47779372117636e-12,2.8015391745863e-10,0.00784292369803694,2.54133026846574e-48,0.259922088258419,1.70706030884407e-05,0.444877224443657,10
"19987",0.127142022930635,8.02939424010099e-08,0.0104197893445025,0.158863988387835,2.9198600542529e-06,0.0121503263784232,3.34737146859402e-12,1.77581255535629e-20,2.42547329448501e-14,0.691420872801236,10
"19989",3.07747241652506e-13,3.68792184409873e-86,0.00525679464845883,0.0124975487751179,0.000110368248558901,0.000175942151135101,0.981959346176422,1.71635256505411e-187,2.94482327268326e-54,1.57270398732038e-68,7
"19993",0.00789961062609495,2.98543921261118e-32,2.74110966195272e-05,0.93552222033757,6.38824122990891e-06,0.056544140217297,2.29449344119863e-07,8.8877485448565e-27,1.46408477731924e-22,3.18443869622597e-11,4
"19995",0.00555796016419141,9.26394040350565e-28,0.00051764249854513,0.818930466845159,2.60753723934463e-08,0.174991625073865,2.27934282411148e-06,1.45226859650085e-39,1.76775778467837e-14,2.53533636536819e-14,4
"19997",0.193371331989682,0.803881049635469,1.14958808311396e-05,1.1837132834091e-07,8.01550430195962e-07,0.00149297641444935,3.82288544412457e-33,9.64108658044735e-18,6.0111530064771e-06,0.0012362150048028,2
"19999",0.000377746516443218,0.000519537128248252,9.87234322324819e-05,2.84940276355592e-12,8.90144314724619e-11,0.0013425310858641,1.75057722276109e-49,9.31362789345943e-05,0.000519611253703675,0.99704871421271,10
"20002",9.08671469790199e-40,1.908710182592e-82,0.999772488132452,2.62945550967106e-24,2.02396182242638e-39,0.000227511796703016,5.24810146657731e-56,4.48775343739294e-34,7.08449929430207e-11,1.2060266806952e-34,3
"20004",2.2629128074978e-07,1.71514029152977e-34,0.0138365974923892,0.97443278277128,1.32084602015106e-13,0.0117303433904939,5.00428631035841e-08,1.25487354922994e-55,1.15615316711428e-11,6.25684257084395e-17,4
"20006",2.26372089506611e-06,2.51897330871739e-63,4.93724491270529e-05,0.000489958876855874,7.42824165781417e-12,0.999458404945694,9.88493172857074e-21,6.18711484221094e-59,9.84267775570374e-23,2.5234544340566e-53,6
"20008",4.08572694924306e-09,7.09817462528303e-71,0.000884608693347132,0.00343158015660807,4.2526777485056e-10,0.995683806639004,4.60705935004516e-14,1.00106215547291e-91,2.77020124793616e-25,8.18609663865067e-51,6
"20010",0.0781290056301015,1.42428732835871e-29,8.04807515841533e-05,0.894441060410683,0.0132860695157171,0.0062957474821626,0.00776763620975179,3.00331956046064e-96,6.57264405587547e-38,4.11541423192993e-28,4
"20012",2.05090678510895e-06,3.09908639639099e-27,0.00325147321076017,2.17404088982745e-11,1.09219585190929e-18,0.993841076115725,3.05104552491585e-45,8.75690248967615e-05,0.0028178130429013,1.76771916302587e-08,6
"20015",1.94331479687581e-13,2.69598309183326e-101,1.51542028266919e-05,0.0111626892817177,4.55059502337583e-18,0.0104365888905017,0.97838556762476,8.37337260511809e-131,8.57745306985939e-23,1.86600696516031e-66,7
"20017",0.0083660557328295,0.981475146456643,1.11338313688474e-05,4.61966445202192e-11,1.95659172374285e-11,0.000438929708193313,3.39690508781314e-43,3.13373217897922e-13,0.00970868748540666,4.67194825166224e-08,2
"20019",2.52631091969528e-20,1.50333952530333e-143,0.00131297522609662,0.00148929585741326,2.5619904597839e-07,0.00338285551610915,0.993814617201335,2.24817900528325e-157,3.44640826962908e-71,4.53244532409557e-80,7
"20022",0.102944605570937,2.88086756758123e-31,2.30822223915044e-05,0.711128581098696,0.00113185442583523,0.0040167643959221,0.180755112286218,1.89390468070236e-86,1.61182089778174e-30,1.0793468653409e-24,4
"20024",1.50186173914349e-30,1.04319935817871e-133,0.999906957582091,3.07083256138085e-07,9.24936799758442e-05,2.0949398414133e-07,3.216069301289e-08,8.51484789896126e-272,6.13631969312273e-76,1.60786410186854e-132,3
"20026",1.50186173914349e-30,1.04319935817871e-133,0.999906957582091,3.07083256138085e-07,9.24936799758442e-05,2.0949398414133e-07,3.216069301289e-08,8.51484789896126e-272,6.13631969312273e-76,1.60786410186854e-132,3
"20028",0.00093422045047791,0.989144347236029,5.95557906776483e-05,1.07725699787514e-11,1.32758061790319e-09,5.10675691717244e-05,7.5398836547832e-46,3.49382182383997e-09,2.92434796974297e-06,0.00980787977349863,2
"20030",1.54869361775175e-15,4.23030621890778e-83,0.0430515404456965,0.205152896504441,9.5849665601187e-20,0.503466194967356,0.248329368082506,3.5775227890336e-61,4.11088494637547e-24,2.83169188885405e-27,6
"20033",0.0943550630815735,1.83303879950364e-06,0.000101467661958113,0.00187614217965805,1.37024897181447e-07,0.0955571069527533,9.11544321891074e-21,0.00065466123692941,1.52969669263222e-08,0.807453573526464,10
"20035",1.48715395101598e-20,1.53076412487551e-140,0.0717762323603631,0.00691797732695001,8.21033775936223e-06,0.0164026371045448,0.904894942870383,6.5417622081794e-183,1.18383030012777e-68,1.1956007189904e-92,7
"20037",3.77377291984611e-14,3.70123916818294e-128,6.48110132371443e-05,0.00264783505032493,1.18644776152917e-09,0.0200282328614831,0.977259119888469,1.36285579851998e-180,1.48197895649107e-47,1.73378069298677e-98,7
"20039",8.93115088902788e-41,6.74228172622113e-141,0.00995291504071154,7.16593157675794e-19,0.990047084959287,1.38663460389982e-15,1.09760296975777e-16,0,4.8937019412608e-110,5.44190695781749e-213,5
"20041",0.758757523089759,8.85169359507983e-28,3.12591623012973e-07,0.0093241188873541,0.0140827904720459,0.217835254959218,1.22132793920793e-19,6.36124745394314e-63,7.24474167843084e-22,3.72809473322953e-43,1
"20044",0.000720321493260142,2.84817550303781e-37,0.000135200121431504,0.00086265633918751,0.00117398657277855,0.997107835473342,3.52811957218153e-21,4.70486440636476e-52,4.22521238276866e-26,1.03298557386812e-44,6
"20047",6.49817513294072e-28,9.65626415643929e-156,0.00661578788927411,0.000131077797321277,6.60939513140089e-07,0.0250322390430943,0.968220234330797,5.95367296064391e-125,6.56454487429194e-82,5.92594725004803e-75,7
"20050",2.37265822614503e-06,6.49362370416169e-49,0.00627133039663897,0.0289255036279926,0.959393750352512,0.00540666210411895,3.80860511949835e-07,8.74154261797254e-92,7.23162173543004e-63,4.29579960492699e-36,5
"20052",0.805364069568145,0.000115672678073673,4.43424383293616e-06,0.0196665517838227,0.0105182155452342,0.0397012432592939,5.42608341551213e-14,3.49367427738999e-16,4.77682173181241e-20,0.124629812921543,1
"20054",3.62297823627567e-07,2.05335269558339e-57,1.43116312033682e-06,0.556451439617771,6.65415721743493e-17,0.0590709083091983,0.384475858610974,3.45311350415609e-77,1.11345586320342e-12,5.94557144688003e-39,4
"20056",1.32743618671169e-14,5.0684734024252e-32,0.460687735539187,3.18690294563216e-07,3.51193990631796e-13,0.0807418938555439,2.91191656770858e-29,2.06803994008846e-06,3.4133709244762e-20,0.45856798387467,3
"20058",8.52101745669421e-13,5.79487484285267e-89,0.0031075287810464,0.0166771713055093,4.25271360980585e-07,0.000403641714044605,0.979811232927187,8.22175418369699e-213,1.41568566640875e-44,1.99620080259441e-81,7
"20060",0.971355255999391,0.00230082081753364,0.0250440298748643,0.000534930486888789,7.04722286290533e-06,0.000757860384243129,4.18498682917804e-22,1.30666072072704e-50,2.72659102829996e-08,2.79483057372342e-08,1
"20062",0.968769041510435,1.83218282847734e-06,9.81060302836974e-07,0.019353214139251,7.30859908957115e-06,0.0118673973420689,1.03828994874265e-13,5.92227249313459e-40,2.25159109861842e-07,6.81052963123497e-12,1
"20064",0.109758831802722,2.82160889119884e-23,2.96425750452835e-05,0.624856844509235,1.54670694020733e-06,0.0102609641895038,0.255091942059343,9.66705538068616e-35,6.07745372067538e-21,2.28157209880269e-07,4
"20066",1.77378105891105e-24,9.17780501868982e-126,0.0300616081235083,0.000316997862313324,7.94535639036197e-20,0.128336584542519,0.84128480947166,4.71404275701215e-83,1.68853925177411e-38,1.52003811661424e-53,7
"20068",0.817366071702097,0.156754524091402,0.000120708243520726,5.55963353056923e-08,2.10884513378677e-07,0.00354839284975322,1.45484061105294e-34,7.56086621135768e-51,0.0222100366323785,6.34763904515847e-18,1
"20070",0.992564140718743,1.38897199092382e-06,0.000396473202777572,1.88896722366557e-07,0.00550799748607933,0.00152981068404248,1.8511528527809e-31,2.40441746056197e-75,3.96446161364482e-11,1.12741736345901e-26,1
"20072",2.85404956152213e-11,1.3569243215604e-86,7.72365863968698e-05,0.0256454924212396,7.90383114905365e-19,0.973342422710879,0.000934848250863734,1.88290922063386e-175,2.08047662286467e-12,1.31252336896015e-110,6
"20074",3.10170601242136e-26,1.63334299455408e-36,0.000132388117217104,6.31116837986912e-28,1.73252967786129e-31,0.000200671969692937,2.78501718166653e-74,0.999666829097687,1.10806625796384e-07,8.77728814265984e-12,8
"20076",2.09966584685573e-07,1.90718136011989e-24,3.1173153825446e-06,2.2711201878443e-05,1.71297833903557e-27,0.740120956435785,5.54709112974858e-27,4.61354949956667e-09,0.25985300046651,3.10197683373549e-13,6
"20078",0.00780669916755439,3.63107676541762e-32,5.80495481048829e-06,0.983051117945126,0.000199156641384621,0.00893143750894477,5.7837821796079e-06,6.68634389445811e-58,7.13474671802708e-25,4.41326448404077e-20,4
"20080",4.45026774870636e-13,3.6860445616813e-107,0.000125975116068647,0.00278690884630344,8.47376753788175e-06,0.00197992278404264,0.995098719485602,7.38717764148383e-112,8.57287244719837e-65,7.30167572670989e-52,7
"20082",9.37897093111671e-27,8.21238145967548e-86,0.00995090938787103,3.99800199718123e-09,0.990048818041761,4.09283526176415e-11,2.68531437827392e-07,6.42005316199067e-199,2.49641209320008e-105,8.5110345994228e-100,5
"20084",1.02308728561516e-07,9.52912168533747e-39,0.000147677808194013,0.875945679021845,8.66126489167417e-05,0.123819913380009,1.48008854181775e-08,7.38927990126856e-27,7.84025828380172e-40,3.14210849275348e-11,4
"20087",0.00737691944705223,2.34382759744182e-41,5.19043215847516e-06,0.985867777722704,2.29704357034668e-07,0.00668830959916797,6.15730945569373e-05,2.38308594452261e-122,3.0769883500794e-15,3.80956638143499e-46,4
"20090",3.30187889521439e-11,8.84854075412563e-102,0.000161001141709328,0.0386743330304128,0.00261172292542591,0.00444920565137294,0.95410373721806,5.83509831412965e-120,3.72059789001376e-68,5.19447001674211e-59,7
"20092",2.85743879053336e-07,2.73504718871442e-50,0.0711812158336284,3.99337409508487e-08,0.92873657374443,8.18847443216802e-05,1.18701821656527e-23,1.27897321361618e-234,8.2766617405183e-29,1.9390331541908e-133,5
"20096",6.8424777862147e-06,3.08337483603768e-21,0.000478489180814817,3.36570411080702e-07,0.996130730561522,0.00338360120946563,4.67737756727637e-30,2.14744270909823e-59,7.88688057042325e-36,4.54329971315863e-33,5
"20098",0.253003479952778,0.00131832878761658,0.000645347190053076,0.000194824803713725,2.87511136198542e-05,0.0843571752854754,5.97321711017049e-24,0.000428103341849307,1.44032262687492e-10,0.660023989380862,10
"20101",6.86448615075645e-10,1.22841174549767e-78,6.26183425957977e-05,0.586029098154038,5.66689761923161e-06,0.235126888005298,0.178775727914001,3.01891958148517e-37,1.84866271686076e-50,3.93768508232799e-21,4
"20104",4.11057788768076e-14,1.48979504132707e-30,0.998891482062552,6.8172716909592e-25,0.00110825965492803,2.58282479124856e-07,1.10106413307033e-63,1.55047166293795e-136,2.42325952598641e-20,2.71865837328858e-103,3
"20106",1.20961053986028e-05,1.44487286976307e-58,6.61799704069415e-07,0.0529383764063448,1.19907948802588e-08,0.0011174322460419,0.945931421451716,1.3486794458717e-41,4.35479422202772e-33,2.40524227479945e-18,7
"20108",0.966676019514885,0.0201880228881549,0.00208368311818062,0.000547550495231195,9.93381144107523e-09,0.00917654993192519,1.07086887247199e-23,1.40235895820784e-17,0.000590672743142299,0.000737491374669122,1
"20110",0.000141441758702241,9.43723905014072e-18,0.00759716418875379,1.96530830789162e-06,0.922318570742417,0.0699408579984321,2.63432733071976e-28,1.63129959638685e-30,4.24675604366854e-41,3.3872142141204e-12,5
"20112",0.000112142949190275,1.61152675444209e-49,6.0217587289017e-05,0.914215414917963,0.00423117984263994,0.0698197655253068,0.0115612791776114,5.21816238156036e-76,1.22452661813744e-39,5.1478731070354e-32,4
"20114",9.7540625096208e-07,2.24181968117568e-28,0.00214751633539669,0.960103665164964,1.08180504946517e-06,0.0377437497979973,8.20190877498083e-09,2.50289806527869e-21,2.37958354150538e-30,3.00328843280357e-06,4
"20116",2.07356568439456e-06,8.87271762252874e-43,2.34473398580171e-06,0.885927938805201,1.64833087334696e-16,0.113493357461035,0.000574284278815128,3.84000810147097e-17,6.7395109138796e-15,1.15527160940869e-09,4
"20118",0.778823167521217,4.92347166192641e-06,6.08058286136889e-06,0.137100891480303,0.000165745620276297,0.012211027475518,3.49927512917149e-10,1.27890660508743e-12,2.95988135215344e-16,0.0716881634969554,1
"20120",2.10488536551843e-07,8.1239049467226e-57,0.0156654036380849,0.974877679139833,0.00435022230614076,0.00422286944488765,0.000883614982513739,5.71466324212985e-47,3.56435246697258e-61,3.55229621851557e-15,4
"20122",2.83492449417799e-10,8.83711807581195e-16,7.19361179330677e-06,1.29967553166246e-11,1.70632557671037e-18,0.0046117410951292,3.08532024343679e-42,0.495830833222758,2.60213658193938e-09,0.499550229171693,10
"20124",3.39273829365382e-08,7.1307737102785e-90,4.97365332112756e-05,0.633250812756399,2.51814176924357e-05,0.306996619062466,0.0596776163028482,6.01621463141576e-146,5.93745676552562e-43,2.70887670182077e-82,4
"20126",1.72664854307098e-35,5.4587846903006e-123,0.945073662208057,1.66965153199166e-14,0.0549262758118292,6.19800971022111e-08,4.60551049085316e-23,8.31343121144247e-217,1.11636399795136e-80,7.19402476780624e-172,3
"20128",3.61384944737016e-42,9.16922552224281e-198,0.998847106525872,1.38386879253242e-10,0.000806573249170934,0.000116480090376296,0.000229839996194136,1.5090610787472e-244,4.7695978044799e-103,2.38566766003104e-173,3
"20141",4.78237872975087e-09,3.89029559665089e-17,0.130393181128829,8.35324697292483e-17,0.869606693831807,1.20256985879811e-07,2.81505307913443e-53,1.98829276760439e-63,1.11823640842468e-25,2.69237243973621e-52,5
"20143",5.33084913232603e-25,4.66221423326788e-59,0.0120846506076958,6.54333588857754e-23,1.8818810131392e-25,0.000886383783624204,2.84580422442785e-66,2.3345088125282e-06,5.85929857204782e-17,0.987026631099867,10
"20145",0.0103255607654613,2.7880119483852e-31,0.000307348109390881,0.289885279930064,0.00609477266271884,0.00197626172280546,0.691410776809559,1.6075797330577e-74,1.17795565443916e-39,1.40711942716746e-18,7
"20147",0.0124192778573507,2.70061507013988e-37,3.96698722854573e-07,0.191934928006175,2.08880651574318e-05,0.00371287711733247,0.791911632255262,6.69295620322899e-60,7.69759630906772e-26,1.37861757423511e-20,7
"20149",1.04479731040303e-12,2.04882112747965e-11,1.41272905685744e-05,5.48305631067353e-16,3.21078066162478e-16,0.0011307867078382,4.63742587235322e-55,0.998854197155214,2.80311804477174e-10,8.88544533494578e-07,8
"20151",0.0331930749009852,0.0083045599459068,3.59750432139243e-05,2.57954532991865e-05,1.04990566324064e-07,0.00149573186513508,1.16893336226624e-23,6.77918130055408e-09,1.41529633621541e-09,0.956944749606416,10
"20153",9.67898160846107e-06,3.68635332352996e-17,0.0474469281852987,1.00064603622096e-05,0.0775943320737165,0.00487436379681678,4.17888396809907e-26,2.59990155401409e-17,4.12235296881594e-40,0.870064690502197,10
"20155",0.00224999381933356,1.8023093274273e-63,6.99048462188771e-09,0.855954358633578,9.91603937550702e-07,0.00378439628253522,0.138010252670131,7.39859591039023e-81,8.40830867866457e-31,1.01515318770532e-43,4
"20157",0.000118418802434611,2.62655072020773e-07,0.00715797300260662,2.1389554432392e-07,1.00168164791527e-07,0.000211774218666576,2.42996716447029e-32,4.53641889571916e-11,1.51395982127785e-14,0.992511257212132,10
"20160",9.10806938666357e-25,1.86854014930291e-31,5.53102807804373e-06,1.04783212400881e-21,1.21335261997266e-23,2.3741032713227e-06,1.01693915762571e-57,0.999991963342004,7.13207888440605e-17,1.31526646802453e-07,8
"20162",2.63387991179856e-11,2.94972014982524e-09,1.93367118090213e-05,3.78454139200089e-17,7.0585459036236e-17,5.06706352097847e-05,1.60234706952624e-56,0.992537797947982,5.92925151104366e-09,0.00739218579968902,8
"20164",2.28606569374705e-05,2.56546027080129e-16,0.0221492292851668,8.44884702295933e-08,3.32674746884476e-07,0.94676100410479,2.54254713900838e-36,1.21196627396598e-06,5.46356505425779e-15,0.0310652768236091,6
"20166",2.08894779725833e-24,3.82763509334523e-112,0.00696807717354312,6.25288040824861e-05,3.63326270869888e-29,0.992968712797513,6.81224861638697e-07,1.49314794812142e-53,7.51127091690954e-19,5.81900948550986e-44,6
"20168",6.9843937290758e-36,1.05132837226211e-102,0.0217405798439826,2.56591465604491e-17,2.32593742247347e-46,0.978162169883915,2.81134482481832e-34,9.58382435435017e-89,9.72502721023359e-05,2.72180524266383e-76,6
"20170",0.000103766625753868,1.37955182109854e-05,1.54520664109982e-05,8.95450785611779e-08,1.65365579469882e-05,0.000688865220290195,7.49480134737648e-32,4.03625881717647e-08,2.14296704922185e-18,0.99916145410372,10
"20172",0.00646742460110273,1.04485949266376e-36,0.000103536304335348,0.114392070479062,0.000744178124555666,0.000623966596018656,0.877668823894926,1.23576316889193e-131,4.13318535839926e-31,3.95257519067993e-42,7
"20174",3.26475287084703e-05,0.0422834859672881,0.00039287805250106,2.98781915186401e-15,2.19829216209038e-19,0.00378586937824148,1.4768663786617e-55,8.27411004243655e-10,0.953505118243936,1.91124971629981e-12,9
"20176",7.87817715149533e-19,1.50688932491169e-69,0.000380690568727017,3.45730905112561e-12,2.48839311968115e-38,0.957858662950981,1.22603326666233e-33,4.35296572908521e-75,0.0417606464768352,1.37525928880616e-73,6
"20178",7.74563280465682e-28,2.80041531619917e-35,7.92005126380611e-06,5.27488716588994e-23,1.99515940177831e-23,1.26311499410318e-06,6.20925269527834e-58,0.999990816818814,7.14929358380349e-20,1.49279366227993e-11,8
"20181",1.1724980909206e-15,7.81171463028273e-89,0.0111743050619906,0.132238777091514,2.40252310251872e-19,0.806529011739673,0.0500579061068194,3.20603216185877e-26,8.56893042768712e-30,1.85520565287045e-15,6
"20183",0.96445853503982,0.00127416383360776,0.00595366005177875,0.000889355425866609,0.0272530082327898,0.000171277416122624,1.11090077399182e-16,4.89332296659533e-81,1.435571910276e-14,1.73254505814297e-19,1
"20186",0.865660248472227,3.06239076550775e-22,0.132657548992994,0.000725341075229378,0.000646994657960855,0.000309863112790502,1.88414816237154e-17,8.41417629773222e-196,3.68879801239477e-09,2.65418435482017e-75,1
"20188",8.55931615205936e-17,1.04262833110569e-26,0.000487042695315502,7.18459065051455e-18,1.94058948563473e-17,0.000152160039835342,7.58446105944736e-56,0.0163185094231854,5.18347459864701e-16,0.983042287841663,10
"20190",1.83036724082299e-12,7.60630934043982e-92,5.54357922817754e-05,0.00195333274174359,2.79338267386451e-13,0.00301366259782356,0.994977568866041,5.70177721714494e-92,5.1376566358564e-35,5.01701718128074e-45,7
"20193",7.28713453447091e-32,7.90435448746821e-96,0.0051876703005542,6.27231932157928e-16,4.12906933493626e-38,0.994812328553339,3.92560803288855e-39,4.94204799773147e-14,1.1460563636838e-09,2.8072738527321e-27,6
"20195",0.00258867908960946,1.16256091055948e-22,0.000156260768759936,0.00166147016956166,1.38322844976071e-07,0.432830066896014,9.81898210069262e-22,7.10959281746739e-08,3.12578433945962e-15,0.562763313657279,10
"20197",0.0236758830699009,1.00175985442063e-42,6.89203247061316e-08,0.210801728789525,6.95905013541275e-05,0.00343150481034632,0.762021223908549,1.9833551711851e-93,1.72053815916494e-28,2.84558853622749e-38,7
"20199",1.49575048673938e-06,2.58462832592931e-10,4.0550471226071e-05,7.48333161279039e-13,2.56774464902807e-07,0.000753068997396204,1.94434195167768e-48,1.94623845040688e-06,1.01369155260646e-17,0.999202681508764,10
"20205",1.84824157433633e-20,2.55136810957345e-70,0.048880135236373,8.62860552941132e-12,0.95111985992184,4.83315776602555e-09,7.77007463735269e-16,2.00406749774875e-225,2.79919766113396e-92,3.54918245031156e-127,5
"20208",0.716760653992619,6.5245185741952e-10,0.00021125196592242,0.0350164004128693,2.63997147982926e-06,0.247213354462601,4.91154757047221e-17,1.0177020868406e-11,2.66548141930624e-09,0.000795695866397574,1
"20210",2.15099983307994e-08,3.5095878418237e-10,6.20031531058013e-05,1.12315172464843e-13,5.98609412575335e-13,0.000339281139738943,1.10094192785709e-48,0.111014962790843,1.32035355530915e-10,0.888583730922609,10
"20212",0.00137276397739969,2.02427866677559e-11,0.00105253274254519,1.7054594101256e-05,5.58000150484614e-08,0.378180884720049,1.71871500774588e-27,0.0568762275127092,6.44563473572859e-12,0.562500480626493,10
"20216",5.89742083243031e-06,1.23407581988586e-48,0.00216956839018051,0.935942967473173,1.42977422891438e-09,0.0206435421400269,0.0412380231460131,3.53215477794158e-56,6.0735586888198e-29,6.62173865152079e-19,4
"20219",7.2826181294186e-07,5.45457225041006e-41,0.00277075416434961,0.242258482130953,0.751331790239017,0.00363452216346009,3.72304040784908e-06,6.4854576428404e-86,4.59390862539633e-59,2.70190879211598e-31,5
"20223",4.08784402195147e-24,3.25789827902559e-160,0.00994627289889097,2.41089203707294e-06,2.18563237869862e-23,0.990002819389476,4.8496819595918e-05,4.65770082446207e-235,1.4621955573217e-27,2.07010529643406e-157,6
"20226",0.905241433951855,3.44410543371991e-25,1.63180524279974e-05,0.0344406390184195,0.00187380798769263,0.0584278009895656,3.32706230614453e-14,2.49847661934989e-40,1.87889433471052e-24,6.09012567200082e-15,1
"20230",2.27298398804751e-15,4.95724569951723e-106,0.00072560974690371,0.00148875488653475,2.84030641047756e-11,0.0139074524894087,0.983878182848748,1.49529015613242e-123,4.7002835797659e-42,4.05925239369178e-63,7
"20233",9.13971378937981e-26,2.70157568902228e-39,0.0472156498000251,1.49271818012404e-29,0.952784350199973,1.92806243535314e-15,4.13229076221739e-63,3.30464856929962e-150,2.87209567041479e-70,1.50536839909559e-94,5
"20235",5.84158586850518e-12,4.70474034698246e-98,5.84091121770382e-05,0.00212162175304152,8.38761075433911e-08,0.997814775491275,5.10976155693354e-06,1.10163698028169e-207,1.144702726797e-36,3.24260241686052e-133,6
"20239",0.00104466626242376,2.16895302077054e-51,2.28785684877081e-05,0.656157490859953,7.63301194559889e-12,0.342774912666003,5.16306220539884e-08,4.38483911856278e-130,4.87764408850368e-12,1.72053464943483e-63,4
"20254",3.49107428233839e-26,1.5413186592671e-102,0.0172537753266784,1.99436118817043e-08,0.98274500829326,5.37985433360648e-10,1.19589846460221e-06,4.41742261234981e-201,4.94703344261591e-114,1.19166964070566e-106,5
"20256",2.2024117148845e-06,5.5985996890845e-72,5.45547749736496e-06,0.541573580394326,2.29447483241686e-06,0.0240816765680412,0.434334790673588,1.85562084502438e-159,5.59832936765848e-28,2.84479665511153e-76,4
"20262",0.000166087272346849,1.76727415880827e-05,7.57051972836794e-06,4.95579493638838e-08,9.96109446995714e-09,0.000171794743330567,2.75126138751555e-31,7.54946337758654e-05,3.63719109627323e-13,0.999561320569823,10
"20270",2.89411999782675e-14,8.62440576994987e-72,0.488550018768434,0.0530471346298788,2.76882046214395e-23,0.458402844215963,2.38569498959649e-09,6.39037420762898e-53,6.82137364114169e-17,1.1128063404052e-25,3
"20284",0.000548092673088181,2.28001478990639e-15,0.158050828276198,0.000105377984212027,0.841295364766158,3.36300341445291e-07,1.38074566496847e-19,2.75404324284795e-128,3.46431239943492e-42,3.10347870023008e-33,5
"20287",1.36606456822427e-20,1.85563421969522e-150,4.95070191959033e-05,0.000434022245573695,3.67153261830011e-15,0.0246412163443544,0.974875254390872,1.73825515410536e-193,3.95377269942526e-44,3.25585360344328e-107,7
"20290",3.38079194001531e-14,3.44842871790943e-48,0.0191788912086397,5.29625783217083e-08,0.980821053157865,2.67088359768808e-09,1.69579778968294e-19,9.52854194577887e-116,2.90185225173754e-82,7.20430813957573e-47,5
"20293",0.22262617092288,4.406579348594e-21,0.000127572376141856,0.766167199317859,0.0039497515299673,0.00458001474121868,0.00254929111193319,2.35259124027896e-68,1.31366202001859e-26,2.67630564041092e-22,4
