"","V1","V2","V3","V4","V5","V6","V7","V8","V9","best$classification"
"19812",0.00754234857217985,2.02826351872657e-08,1.18306548175364e-22,5.53346627372919e-41,0.97109724040855,0.0195811462203941,0.0016565243443818,3.92750546345927e-05,8.34451172250062e-05,5
"19814",0.0100871624174771,1.34707419842253e-06,0.398940959193163,5.63665484110713e-13,0.289791653297008,0.00102114821555967,1.76669117737767e-06,0.300155844747004,1.18363848435954e-07,3
"19816",0.0108317640737205,1.42287845301253e-07,2.74322885736447e-29,1.92327868193624e-37,0.0623355624745851,6.74522850337038e-06,0.926823626235241,2.30489240371231e-28,2.15970010482437e-06,7
"19818",0.0729144855629845,1.57975286778423e-08,0.00332799599610676,1.46706494868671e-13,0.920302437579387,0.00167351542258428,0.00177543241457908,1.25194445231611e-06,4.86528223042828e-06,5
"19820",0.00770668160736207,0.00169731919783193,2.57130209016805e-121,2.16693086949384e-83,3.61021437801679e-10,2.45384977084783e-09,0.990595996379935,2.25305631420496e-156,2.40343002851255e-28,7
"19822",0.98927929848106,0.0104061735556388,1.2072286783771e-154,2.43853603804328e-75,5.0021342623418e-11,5.95557164178617e-05,0.000254972196861971,1.96878969249664e-196,1.4986846691203e-29,1
"19824",0.932634849364701,0.00010766851924148,1.0398844952262e-48,5.82200390579721e-31,4.47405190957335e-12,4.43466579091146e-09,0.0672574776764928,4.4968859991964e-65,4.24546526176892e-13,1
"19826",0.16470610939449,0.000452731476040374,4.58244771422492e-20,4.53139744750051e-26,0.760853965915037,2.00532646721316e-06,9.27868232497635e-06,0.00175881218163484,0.0722170970240063,5
"19828",0.0197648275462499,1.29525794358794e-05,9.4060764129953e-45,3.24404572473529e-48,0.000773550730772567,0.00116714663413964,0.978281522509402,3.10339843335584e-69,3.76052323453496e-19,7
"19830",3.90015052184263e-05,2.00601411596254e-06,9.03058051630714e-26,1.60419027771304e-31,0.937448884793395,0.0624597653708021,1.3662525762308e-15,1.12069754090768e-05,3.91353410575874e-05,5
"19832",0.00142138164204469,0.000106517396348399,1.36609195099949e-69,4.22900516458077e-77,0.000475695482070722,0.997882415272163,0.000113990207372643,2.3305446801582e-22,4.6538606986468e-25,6
"19834",0.102601883767609,2.14707377214408e-07,3.2223480343062e-29,4.52917645536954e-38,0.820624110903716,0.0167998738348597,0.0599739167864375,9.29221559863562e-46,9.97348029277939e-19,5
"19836",0.0961179709815252,1.20534036889229e-06,3.68991770117691e-56,1.60918089419929e-55,0.779708412046664,0.00320221172179115,0.0027320692295768,2.36998121456078e-20,0.118238130680074,5
"19838",2.16272034022411e-06,3.12785916830813e-08,5.4638098364159e-08,1.72966215806425e-18,0.0167277877745223,0.000999244642667374,2.39754181796272e-15,0.982270707791721,1.11540568287545e-08,8
"19840",0.355115825057259,0.00484759244894178,9.26055381148944e-37,1.79913174886941e-44,0.607072390088846,1.89403986302868e-07,0.0329626045601762,8.48996034925223e-28,1.3984407905513e-06,5
"19842",2.91167998858083e-08,0.00195040072977721,6.60546568203284e-50,3.68112101743762e-33,3.1849792607585e-05,1.10473628092316e-10,2.17372270783578e-32,8.15978586765549e-05,0.997936122391665,9
"19844",4.28734240380839e-05,0.0115243892787108,2.92831491582175e-31,0.988432736856934,2.05892084071432e-20,1.8141151889169e-27,4.09722742069947e-27,5.27105527277658e-69,4.40316645647318e-10,4
"19846",3.33917122509709e-05,1.30297518240137e-06,7.48911388232094e-05,0.00429314909092988,0.000239895475096519,2.16747941335863e-07,2.0101631152029e-22,0.954294139372096,0.0410630134876797,8
"19848",1.26443278307876e-05,7.08558102435092e-08,0.999084746057777,1.57497527246843e-08,0.000237245875636446,1.17157479351377e-06,1.12620751706425e-19,0.000607260489923336,5.68450684761567e-05,3
"19850",0.0669366183929846,0.000811899708837143,0.031400138818339,0.00610680289083911,0.0194719016906001,1.06052308576955e-05,2.21508775092973e-13,0.875258737013203,3.29625411761789e-06,8
"19852",0.0284544887871772,3.29397846280702e-08,3.64295418834112e-09,9.38784378285366e-22,0.405549071523308,0.00124116950291082,0.564755180417575,1.44048326371595e-11,5.31718848618782e-08,7
"19854",8.76684306719708e-07,3.44591631823453e-08,0.999798043345178,1.30338725859912e-15,0.000188386472311391,4.7325660488757e-06,2.02439220785117e-19,7.04341023139842e-06,8.83062759017207e-07,3
"19856",0.99112544848837,0.00887421076698938,1.29696524964666e-15,7.67503695031754e-08,2.36191854924287e-07,6.14349245752382e-11,6.22437446429347e-19,9.66701523099467e-24,2.77409799304179e-08,1
"19858",0.998995139961559,0.00100485528413123,7.02951360803852e-36,2.89446632131327e-09,5.05645357231348e-12,1.94146941229199e-10,1.66060080766595e-09,4.7584834938265e-62,3.87175196889747e-14,1
"19860",0.163025400704927,1.07870491985609e-05,3.04598812935088e-12,1.030025617422e-28,0.604105745985441,0.000850039803537896,0.232007422414672,5.57203292479502e-07,4.68358851172143e-08,5
"19862",5.18793148921963e-07,1.03240388110096e-05,1.54480104506605e-20,2.53169266105447e-09,0.000410588661111074,5.91925055151177e-07,1.60149801837313e-25,0.889158493493079,0.110419480557103,8
"19864",2.01101138387327e-08,0.532993723076693,5.88498790966273e-172,1.65962925825238e-65,2.95900409155806e-18,2.80502100453394e-22,1.4439807545047e-33,1.02482544587164e-112,0.467006256813194,2
"19866",0.972060530899601,2.8830566360022e-05,1.11299022076038e-72,9.78949210897674e-64,0.0223113799798728,2.15930533640504e-09,0.00557650207443953,1.29602245308089e-59,2.2754320420851e-05,1
"19868",1.84857202321676e-24,0.999216621048003,7.18071012235009e-156,1.81176889860991e-77,6.22186240547731e-18,0.000783378951997367,4.56651478496396e-43,2.16509649461455e-112,8.23092671056899e-42,2
"19870",0.00324861538332989,5.65150604208851e-07,4.95963908400004e-05,3.1375178684922e-14,0.447240972164153,0.00161301785661285,1.45414367660306e-11,0.451828100817682,0.0960191322222052,8
"19873",0.272301721872803,1.71932855982532e-07,4.34167392797359e-09,1.29482613747987e-22,0.72587296087124,0.000123074514956267,4.27375811619336e-05,7.71681450583772e-05,0.0015821607402502,5
"19875",0.0617995633862999,0.000499706501359221,1.16159944384453e-46,2.75801298384275e-63,0.00490638345905998,0.000155303865897635,0.932639042787383,5.33838627494407e-35,6.74711556429572e-20,7
"19877",0.0213867430515515,4.6080498364549e-08,0.00163582890360248,1.5878041854238e-11,0.966245170314388,0.00537709013774398,6.96396717035475e-05,0.00143155533985169,0.00385392648478253,5
"19879",0.0471958758087712,1.11218554198787e-10,3.90894876778252e-14,3.58626513422255e-21,0.941254443448298,0.00806531080312372,0.00347964334564389,2.19141632800077e-23,4.72648290524356e-06,5
"19881",0.601458103743661,4.53932977621946e-08,7.46368128584401e-24,1.53392700161965e-19,0.223544788974671,7.97154149412524e-05,5.76084086395728e-08,2.52266547596345e-09,0.174917286342356,1
"19883",0.032410266520028,2.71980195090294e-07,1.54359200816745e-26,3.57072448403434e-27,0.0345966649001525,2.15740797214725e-06,4.05618265600244e-11,6.98783185722472e-06,0.932983651319233,9
"19899",0.00140516594486894,0.00181148674505447,6.96481415099322e-43,5.21433578342101e-47,0.996354072274367,0.000425021742916885,4.16027020902152e-06,1.01633181760736e-31,9.30225836216284e-08,5
"19908",2.66655106136608e-05,0.999973186902576,2.96763635793489e-119,4.15858494325151e-62,1.47586794362073e-07,1.75555405728722e-15,4.47443279597576e-26,1.80722518330668e-105,1.39863582514536e-14,2
"19910",0.032420933971205,2.86421008531465e-09,5.36324416406756e-10,2.09803410755148e-23,0.715155218012518,0.00113627299635515,0.250953828306736,3.62095108585613e-08,0.000333707103140097,5
"19912",1.43435276174289e-06,0.000634062879361019,4.8201011642663e-33,1.32749948900108e-20,0.00273375404041681,7.27453997280186e-09,6.4021585753589e-30,0.000262211525665011,0.996368529927255,9
"19914",0.0848009743389167,2.62179828920002e-09,2.37058558082664e-20,1.28301240940814e-24,0.884590848078681,0.0194122820937684,0.0111958203611394,1.17944056419781e-19,7.25056962175741e-08,5
"19916",0.930591899156661,0.0694078717919017,1.83531486297026e-121,1.4275768024066e-54,1.06920713258534e-15,3.71604695306495e-18,1.63773985234351e-08,1.08469822551273e-106,2.12674037816105e-07,1
"19918",0.0497759358092315,1.89323479775939e-07,0.109095266672184,0.0162022046619414,0.0478980310871591,2.13377801916448e-06,2.59295856698505e-10,0.513132316078697,0.263893922329991,8
"19920",0.000782185729638442,5.90607415990377e-05,0.962634224924568,0.0344217509241269,0.00123613702205816,5.26787628279444e-10,1.86154824205735e-17,0.000738512153421484,0.000128127977800543,3
"19922",3.81203418748966e-10,0.000405178800162872,1.54731721118929e-67,1.499427579625e-81,1.35137051936472e-08,0.999594807075655,2.29273529325125e-10,2.72937354474472e-23,5.95210305701351e-26,6
"19924",0.0743782453893554,9.69048467700703e-07,0.00463573259831951,4.84383187840505e-08,0.908440255313401,0.000490664777604924,2.97556996927713e-05,1.47126671319095e-06,0.0120228574681268,5
"19926",0.0151675046868229,2.40108540160621e-05,2.94944652077324e-79,1.69924901664905e-67,0.912091846797811,0.0725135193585588,5.90878375040487e-05,3.23329770213495e-39,0.000144030465287278,5
"19928",1.58501486993789e-14,0.0768511930692081,4.42250268648557e-210,5.08155162663684e-60,2.38030289541503e-26,6.57428430481019e-29,1.44390572129127e-55,4.75886286887359e-93,0.923148806930776,9
"19930",0.000289563711196588,5.77589469194411e-09,4.62653720794248e-05,2.86477258254259e-20,0.0406003357986756,0.000341050145148894,6.26208274869549e-08,0.958694019005696,2.86975704812952e-05,8
"19932",6.29462636130034e-06,4.89131567751056e-08,0.00261270762690686,3.32073630916152e-12,0.00660955212963205,0.000130519984009656,5.59393046387218e-15,0.990637679087658,3.1976289495357e-06,8
"19934",0.221131766275351,6.88247557402296e-08,5.36944460914372e-27,6.26310300491692e-32,0.169559876263046,0.0180016797160173,0.591306608920829,1.89305894558815e-38,9.27104836543122e-16,7
"19936",0.0017951634153312,0.000577082394420348,4.29631171357646e-16,3.18238805838882e-22,0.990800275925553,0.00682239596194089,3.35468224076708e-06,2.53900244265681e-07,1.47372026923436e-06,5
"19938",0.996019848972989,0.000134531547810159,5.91855648383779e-69,1.6231934210573e-40,0.00127834137765189,3.22322089278645e-06,0.00256405488061606,1.88948844568865e-99,4.02062213991769e-14,1
"19940",0.147998702523354,5.39154522541095e-09,2.37352702048842e-14,1.00317314086627e-21,0.595817655563395,0.000387635272109192,0.00174366133208842,1.72888927621683e-08,0.254052322628591,5
"19942",3.50141083658127e-08,0.0533392056563145,1.1389453353242e-156,3.78102828199978e-59,4.72728776504683e-14,2.03176367929972e-25,1.00779645633794e-37,2.14301228786507e-68,0.94666075932953,9
"19944",0.0649386259045595,2.92217141625119e-08,5.94648114623157e-22,3.36202331496112e-29,0.404992867117597,0.000318986113200788,0.526766436475561,2.81525935588248e-13,0.00298305516708607,7
"19946",0.151883281150598,1.23576052505632e-07,1.4398800452317e-05,5.58361493045205e-11,0.814371977082613,0.000402945292401047,0.0332882600084346,2.67551009371001e-07,3.87464826033003e-05,5
"19948",2.32551216931363e-08,0.00483435838060295,4.62787966388664e-113,1.05675714448701e-46,9.96365536574649e-17,1.39919003365155e-22,1.95340195120781e-35,3.61883212117007e-43,0.995165618364275,9
"19950",2.73656195936996e-06,4.04622509682554e-05,0.999916240719973,4.05565942480196e-05,3.67475525704693e-09,7.34495790777881e-12,5.71182674227931e-28,5.12920783845168e-13,1.9023842554182e-10,3
"19952",2.32551216931363e-08,0.00483435838060295,4.62787966388664e-113,1.05675714448701e-46,9.96365536574649e-17,1.39919003365155e-22,1.95340195120781e-35,3.61883212117007e-43,0.995165618364275,9
"19954",5.99785082936829e-05,1.1188550623859e-08,0.00909430361185544,1.09890004760989e-13,0.0146432388117257,0.000106522995589988,4.64243682389523e-11,0.97597762538684,0.000118319450610422,8
"19956",1.12540049887548e-08,0.999665018833395,7.62692363353283e-39,2.00648835093686e-11,0.000333863984711032,5.94927788301397e-10,2.66875275747439e-39,1.79286895732396e-15,1.10531289480463e-06,2
"19958",7.83508602751069e-18,0.384343729294485,1.26347921101118e-116,1.07264220778232e-74,4.58328758344499e-26,0.615656270705515,7.44846439997838e-28,4.49097623643223e-57,1.90900943790959e-42,6
"19962",0.999844463925641,8.07082985534094e-05,1.29252905972824e-20,2.9259591372471e-16,6.52870939623517e-05,9.46468994217444e-06,7.59695122494254e-08,2.83770876021622e-17,2.2388956591795e-11,1
"19964",0.572136467908358,1.51770982540617e-05,5.04152240263474e-24,7.70998307547321e-14,0.116111990850583,0.000527931944651909,4.65965646464312e-05,1.22451835683285e-18,0.311161835633429,1
"19966",0.997101286817542,0.00206633770234665,2.35224650546945e-148,1.57415243280168e-87,6.47382540628557e-05,6.19326395464913e-10,0.000767462649763244,1.79057416490279e-129,1.73956959262614e-07,1
"19969",0.0149164532227232,2.40747930728505e-06,7.33881414678341e-22,1.83164189122327e-27,0.844527812418533,0.000145361310610089,1.25216462734222e-11,0.00202008450938533,0.138387881046919,5
"19972",0.00127185754477911,1.76006076445818e-05,7.8121121793244e-10,6.89164172241786e-12,0.00612344805829258,7.55537378560262e-07,1.07795367805836e-17,8.51807719451885e-08,0.99258625228303,9
"19974",1.45228344189861e-07,0.00026407195264055,4.0696925017336e-10,0.601040270022393,2.46317111873359e-08,3.75265617053543e-14,4.46434835724936e-36,5.62716922863849e-05,0.398639216065618,4
"19976",0.0679090925908784,4.67176112137788e-07,0.00963788182361978,8.90704023147364e-09,0.921032355943798,0.000116725966283775,1.89768190259192e-05,3.4821905625086e-06,0.00128100858267909,5
"19978",0.0480822366951654,6.5346144045645e-06,1.68558120991988e-14,3.12543408822395e-20,0.137621215231472,3.38371980138096e-06,0.814062248328014,1.11025205183436e-15,0.000224381411124526,7
"19980",1.72562206266765e-06,1.79275694328824e-07,0.996531984329932,2.38179045954024e-06,0.000121365186077238,5.41012624716677e-07,1.69633083066264e-21,0.00333956945908886,2.25332406022238e-06,3
"19982",0.0054210856757776,0.771835727419085,5.09316961947351e-05,0.00422405390821261,0.218463925724842,2.51182029759265e-06,2.55879870099752e-16,7.97445172353436e-13,1.76375479256493e-06,2
"19984",0.0333842909241442,0.00230133317412052,2.15473903560837e-05,0.964292357207544,1.41359237595438e-09,3.79969260943054e-15,1.3163185874045e-19,8.71954232757667e-26,4.6989023886488e-07,4
"19986",0.219076424484373,5.10492869674082e-05,1.07705453285378e-109,7.47523309589664e-86,4.3802692427766e-05,6.66630036274116e-06,0.780822057235869,7.39461685689761e-123,2.87729462913199e-20,7
"19988",0.0288949258879189,0.00558760430815975,1.37707123810073e-136,6.57407948522311e-95,5.35311130065585e-10,5.27892812469054e-08,0.965517416479329,7.04267683574175e-176,1.08393952763856e-33,7
"19992",0.0159270357903084,0.00194498102800499,5.23455487356824e-78,7.24494310274071e-59,5.07106686095695e-07,8.84875311788841e-09,0.982127467226247,5.84948138163071e-110,6.49126552124549e-32,7
"19994",9.44727601690595e-05,3.91693466619332e-09,8.67117596231917e-08,2.38439547787538e-25,0.0456790678253505,0.000875541466652989,2.11397827113072e-07,0.95330200564921,4.86102720956692e-05,8
"19996",0.00929476851048802,0.000176841214755073,1.37904978731579e-60,1.14787945616421e-53,1.55162874656346e-05,1.09616802408643e-06,0.990511777819267,6.36461424426034e-93,9.33282980322511e-26,7
"19998",0.997481810399107,0.0010208471534416,1.36360465993003e-62,3.80916930189989e-36,0.00119580913714272,2.31660785224533e-10,4.76696324868714e-15,5.9037179088672e-37,0.000301533078643203,1
"20000",6.94946438222367e-09,0.00224505727165269,9.82674784196883e-75,1.38471399627711e-45,0.0357833020380719,0.961971633145241,2.36540995373217e-28,5.83998058815302e-16,5.9556984551353e-10,6
"20003",0.00366585633341664,1.92357312749478e-08,2.15384053294723e-33,1.23002077664041e-42,0.977827443090423,0.0147546929342433,1.09203668793981e-05,2.45405192241165e-06,0.00373861398738444,5
"20005",1.50497782774361e-06,5.90893998730752e-07,0.999560060756209,2.59157672366382e-09,9.44432232526131e-05,1.41050555808516e-07,1.02522861547227e-23,1.90355901959245e-06,0.000341352947559899,3
"20007",0.128324682930508,1.29666266217864e-06,4.45543871659296e-18,1.18700432314287e-31,0.868259102441824,0.0021083750383901,0.00130654292391467,8.96436677571372e-28,2.70170322565496e-12,5
"20009",0.9999699814818,1.05544260596589e-05,1.69686592300879e-89,3.14925832667867e-42,3.11183510368051e-11,7.15420391763080e-09,1.94569057368143e-05,1.46105641181757e-99,1.08144695416392e-12,1
"20011",0.0420922594069437,1.33119303582119e-06,2.64368557271311e-08,1.1656400986932e-16,0.657117583318339,7.8558309360475e-05,1.2746154036976e-11,2.31478448694095e-07,0.30071000984427,5
"20013",0.004074113813557,8.91214842480472e-07,0.780650218560081,0.000147765516588285,0.196650625012393,0.000163128107428217,5.03062139783898e-10,0.0182954159702696,1.7841301778267e-05,3
"20016",0.978270518669274,1.8000857066365e-05,3.95178988804438e-97,1.21232053077321e-61,2.77120547970853e-08,1.15701365150625e-05,0.0216998826250896,2.53330065591659e-147,1.6452415219554e-25,1
"20018",1.49790504797168e-11,0.999969844724829,0,3.54867961100715e-169,7.35971569353277e-39,3.01552586118654e-05,1.58020422283413e-12,1.26939490072474e-253,1.46126948450821e-69,2
"20021",0.025071692136702,2.74999606712582e-07,2.38848216594318e-48,4.93367945863474e-68,0.0010932479327177,0.0019369192521574,0.971897865678804,3.41970781915826e-30,1.21397324027794e-14,7
"20023",0.187948646011872,8.66139228975755e-07,4.14626269346731e-25,7.21295223820817e-29,0.247265198110479,0.00285298152349247,0.561932273862033,1.9661287554008e-22,3.43528952254989e-08,7
"20025",2.19860657722761e-05,0.999791468367116,5.39671373273207e-181,3.22167820647482e-133,9.55643905340305e-20,0.000184990702283032,1.55486482868955e-06,7.23543754571972e-143,3.2614028033532e-51,2
"20027",3.7417680653717e-06,0.000282747458751005,8.6819184110281e-39,4.12292929056351e-33,0.0467239236389868,3.10517168416974e-06,5.43431314908797e-20,0.000193727520089495,0.952792754442423,9
"20029",0.00200430261738419,9.71339531605223e-05,1.53748133324948e-14,8.28765878430657e-10,0.046697746200268,3.64801169829615e-07,2.41852536229333e-18,0.000907291225673585,0.950293160373563,9
"20032",7.17718129853987e-06,6.168945546853e-08,5.88435326674919e-22,7.40550938108648e-30,0.00740462862641421,0.000344363493869141,3.16808012669006e-15,0.980387134493427,0.0118566345155328,8
"20034",4.98965793431123e-07,0.00249869161075691,5.64780652892152e-103,8.29446567643167e-51,2.20739633346831e-12,6.60029673882271e-16,3.24100610338287e-28,3.03673105711124e-30,0.997500809421242,9
"20036",0.071401736077802,0.619875389853903,6.53602749186057e-27,4.73645243052217e-17,0.308722873302319,2.45317140586886e-10,1.05330201877561e-13,1.8183227515978e-22,5.20554053642235e-10,2
"20038",0.00799365984748882,9.94899822973557e-06,2.83295267559688e-89,9.95285117631888e-92,0.0458375996179224,0.0154505569017966,0.930708234634562,2.87240771389989e-83,1.18611195695304e-20,7
"20040",0.906046466716997,0.0939207665513911,4.76348373312475e-170,5.51664922018702e-85,3.60465659456517e-21,6.67499158698006e-08,3.26999816963856e-05,3.84478177736489e-171,1.64786119982816e-22,1
"20043",0.0426049272843388,0.000322959227021214,2.39493251857805e-41,4.11662397146122e-56,0.000624062126333793,0.000582605312960911,0.955865446049345,6.63093761822489e-39,8.55281664199147e-25,7
"20045",0.0146870726164921,0.0064125771749003,8.5588370053722e-119,2.41682027920507e-75,4.14003608707138e-15,6.82347925635664e-06,0.978893526729347,3.97365708222792e-170,7.65651270888706e-43,7
"20048",1.88428517566278e-07,0.000961847641551651,1.17372039795478e-23,0.999037963929812,1.5195075231077e-16,8.05218020236845e-18,2.55747544719844e-33,1.28019136644426e-47,1.18210131908477e-13,4
"20051",0.955674292696182,0.00156419181154379,1.82002511326686e-15,6.53819660023456e-25,0.0079529567596041,0.0339932495443851,0.000815309188282679,1.09262688568666e-17,1.05559023683776e-25,1
"20053",0.447584235410136,1.38231563769843e-07,2.31817566693359e-27,2.19722104014224e-27,0.0469035867018522,6.97681626197918e-05,0.505442113304314,1.16535802030386e-27,1.58189514215575e-07,7
"20055",0.000208967400907926,0.000918905942445297,3.94169450971845e-107,7.75412814461443e-99,0.744169626094942,0.254351969228708,0.000350531332996758,4.61205440776807e-74,1.3521360149003e-16,5
"20057",1.96160354712749e-32,0.999941781826283,5.03704359778865e-259,7.57997155852582e-80,1.03763895785603e-40,5.82181737168162e-05,8.31966447199817e-65,1.30577044033127e-122,3.13796647658986e-40,2
"20059",0.803136303302575,0.00124022104846688,1.09787239404673e-55,4.93190465094904e-47,0.000965353106577851,0.00137649480711242,0.19328162014614,9.11706579675104e-41,7.58912800816324e-09,1
"20061",0.612773165728039,4.12819110673968e-05,1.2702139010061e-27,5.2211819238388e-38,0.241155075254157,0.000333113091988425,0.145697344768043,1.87471012034801e-25,1.92467053298919e-08,1
"20063",0.00143997895317546,0.998560021046825,1.25285280381691e-98,2.11515260580516e-18,6.88553703734645e-31,1.05729362146004e-31,3.24168493484479e-24,2.85356960565358e-142,2.11221377550816e-23,2
"20065",1.30006498894627e-07,0.0383641240425993,2.74979569957585e-200,2.87391455590339e-159,6.19850265628753e-14,0.955410588903404,0.00622515704743572,6.26068972270358e-142,1.40371252631568e-53,6
"20067",0.173007725930622,7.9141972903822e-05,1.16602381667031e-36,3.17328849255121e-34,3.04050601213386e-07,0.00271098517859838,0.824201842867274,1.32338397362941e-67,1.88008725790605e-32,7
"20069",1.86221980883293e-06,5.32498235460229e-07,0.999292417832194,1.10878724982079e-06,7.32227455585838e-05,1.64474453286389e-07,4.09003285290348e-21,0.000630580613282862,1.10829216717617e-07,3
"20071",0.0310631978905108,0.00535939077747984,2.977658668427e-67,1.22227713029643e-48,0.963577185015364,1.48297585878735e-07,9.81215574620697e-11,1.66571379142461e-59,7.79209374345713e-08,5
"20073",0.98749832681084,5.58184227374909e-05,0.000737438523691207,0.010418897339477,3.14197416023474e-05,7.41079964921323e-08,1.39219823685286e-10,6.61838918383429e-07,0.00125736307551721,1
"20075",1.03144238733427e-22,0.179237635442373,3.88523796036426e-186,2.01231235230046e-96,1.55639958882383e-15,0.820762364557625,1.55666953651065e-34,7.05667998889189e-96,1.6524610232643e-42,6
"20077",0.0300029266112891,0.000685547354069412,2.19599033177887e-25,2.6479108536303e-22,0.125457061755606,1.92443320378255e-08,0.843854445028944,2.21622465953592e-39,5.76010522047217e-12,7
"20079",0.960259634984284,0.0397403598932799,2.93555941732553e-26,2.64163016568529e-18,8.50207811734317e-10,2.57911417081665e-09,1.69311421977197e-09,3.28820342277898e-43,1.4516625114001e-24,1
"20081",0.00219306583027691,0.00155785058080584,6.14391340246911e-42,4.09638048810088e-60,0.0593529013388987,0.79447960107401,0.142416581176009,5.80692953871891e-55,2.69109911467282e-26,6
"20083",0.0463423193557961,0.953657615331454,5.5699148110774e-55,2.20704507229902e-16,6.52750072948701e-08,1.81762837093669e-14,3.98645180348177e-24,1.06293669840708e-66,3.77237953924516e-11,2
"20085",0.00506426789212708,0.000305814365476876,4.53244880087576e-143,3.10824870811774e-109,1.0094846277202e-10,2.31093440357593e-05,0.994606808297412,1.30171801309042e-160,9.24764277244595e-39,7
"20088",0.0224836439725537,2.99188111805927e-06,4.67654512960198e-55,2.49811183340189e-59,0.000168662302292404,0.00211204869881432,0.975232653145222,1.19076061617339e-57,6.62401135718803e-24,7
"20091",6.1811038562661e-10,0.000212128256763839,1.31153204127924e-99,1.64292683635465e-78,2.98808128139529e-11,0.99978787095929,1.35954732813642e-10,8.61429538038994e-97,3.60746234165796e-41,6
"20095",0.231924050613688,0.767712912128932,2.17569270759179e-31,3.68796559120231e-18,5.16000710516416e-07,1.52527964674241e-12,1.4340709414357e-17,4.57055525734115e-62,0.000362521255144241,2
"20097",0.00386370267644708,0.00314780604412232,2.02534885917881e-144,6.18651937095197e-110,3.81774781210796e-10,8.93150717292948e-05,0.992899175825927,2.80020098356831e-158,1.69816157234557e-43,7
"20099",0.996517015773249,0.00334303981622236,3.80816839842336e-57,1.68714982249813e-30,1.97583512272786e-09,3.53405850562127e-17,9.19531368884848e-06,4.29811108004972e-86,0.000130747121004474,1
"20102",0.000518266103709476,0.995539308640463,9.79675874307161e-45,5.22696201577239e-17,3.08505479667599e-14,0.00394242525579618,1.01145384270582e-18,4.5959283421513e-68,3.0621113719458e-32,2
"20105",0.410323260377254,0.00014790890251454,3.28358242242456e-28,1.28264879407262e-32,1.52535031974856e-05,8.37965086090461e-05,0.589429780708425,2.61181227626445e-55,2.2941940798593e-25,7
"20107",0.0527122221061706,7.44431314108699e-06,2.29213905338907e-48,5.73938040784397e-50,0.217795357239547,4.56835629245754e-05,0.729439292778149,3.45763908744708e-69,6.80168035597949e-14,7
"20109",0.98570540924752,0.000234009235715111,9.73984597762485e-19,9.95938748401505e-11,1.38366520611474e-08,2.18199101799653e-10,0.014060549641524,4.62954889858357e-37,1.77207960019066e-08,1
"20111",1.05895420792664e-18,0.0226078747832903,4.10848715433255e-67,9.26163380984245e-56,4.35123348340585e-13,0.977392125216275,1.53960914061695e-32,5.85411640944191e-25,4.58280636134974e-24,6
"20113",0.220705765739034,0.00564268629246589,4.46684566952372e-74,3.81828712501908e-66,0.77337493697245,1.07679154031321e-08,0.000274581723045206,5.50811547852999e-58,2.01850508923505e-06,5
"20115",1.14285917026157e-06,0.000987266310279189,1.02530151444379e-40,2.93474990856764e-37,0.000816128670702232,0.994789382789612,2.96981240619164e-19,0.00339585648912175,1.02228811149848e-05,6
"20117",2.46325087001761e-12,0.999998613165681,4.09632945452256e-226,1.94140397527781e-117,4.46859857638339e-16,1.38683147422779e-06,3.91058380156892e-25,1.37029027195991e-158,3.81222435679719e-13,2
"20119",0.997891439429023,0.00148986190794879,1.04207665259826e-141,3.34203226698462e-97,9.56049313771911e-06,5.51406303692539e-12,0.000608987464984742,1.75826818191498e-106,1.50699391758718e-07,1
"20121",0.0439154799433081,2.09806015334459e-05,9.28936292003208e-76,2.96875075361802e-67,0.0103570068951051,3.77709754342962e-05,0.945668761584619,3.56831432514183e-81,3.96689310350341e-16,7
"20123",1.11051870638992e-09,0.00266606714221417,4.7437034301695e-186,1.37516272536624e-114,1.13639252406573e-13,0.997333931704481,4.26722503656507e-11,1.23750074893437e-110,2.46247446319852e-46,6
"20125",0.00034308184918299,6.14867450072163e-06,0.0158780151985336,0.00178470014185864,0.0245570437553582,9.17769145898073e-05,5.40688530926537e-13,0.957337846323875,1.38714156002698e-06,8
"20127",0.0109675839405199,0.0166744131256106,7.04093403331657e-89,2.40876920505732e-53,7.82605580155473e-13,1.66818702444136e-10,0.972358002766268,2.30500846369787e-134,1.47794574416059e-33,7
"20140",2.55408241374216e-06,0.0558784422163414,2.98027278389517e-97,2.53443473951842e-81,0.936633604315304,0.00748538090362001,1.84815924984985e-08,1.96989712972877e-55,7.27827891725516e-13,5
"20142",2.81490702440316e-06,0.000192653020437377,0.00111350211483596,0.998690790581259,2.37688930223158e-07,4.92565833053474e-11,2.26502253879008e-26,2.15012940573386e-10,1.42324290089132e-09,4
"20144",8.83150161588919e-07,0.0693330419507355,5.04064161769327e-35,3.27451606406842e-18,0.173748182571756,0.756900444805782,3.30654132873129e-20,1.74464599881777e-05,1.06157670507673e-09,6
"20146",0.0305606028932969,0.841867823310272,1.5555949799307e-09,4.25448806695963e-11,0.127564611650531,6.96054234533281e-06,6.41674819681561e-15,5.40621365955369e-12,2.41077720915263e-15,2
"20148",0.0448776598236837,5.32566463015895e-05,1.91921616325738e-08,6.82247914829486e-22,0.87995838929689,0.00165749376398185,1.24348171359672e-05,0.0734407394399558,7.01988912499924e-09,5
"20150",3.34710153145646e-06,4.34762210957396e-05,0.00108837793614625,0.3267046648791,6.03771385640615e-05,1.3609553921636e-08,3.4503865987742e-28,0.605507509020823,0.0665922340931847,8
"20152",0.0866495765658792,3.15055578816677e-06,5.50571264190763e-12,9.99436584586501e-22,0.908861596639007,0.00109418633941132,0.000373980806557493,0.00297250061029556,4.50084775554096e-05,5
"20154",3.60038382143517e-05,0.299209229623119,1.42332142974703e-115,7.24276359875825e-72,6.28504173949804e-18,0.700748251129369,6.51540929714319e-06,3.18546598634937e-132,1.71463895698338e-60,6
"20156",0.500947746222984,0.0148491861966174,7.93635519926181e-21,2.61349515952493e-19,0.484158074256709,3.62028700680213e-05,8.7903991898013e-06,1.9681694703139e-42,5.4431725313243e-11,1
"20159",0.00103144724280067,0.00176943883459811,0.990134411466495,3.3073482169573e-12,0.00702968710257266,3.49002744508539e-05,3.67382252921791e-20,1.17929442233208e-08,1.03282831427157e-07,3
"20161",0.21906307140694,0.780920978160084,4.46604397572056e-23,1.55949774197211e-05,3.54029740478736e-07,3.43747122865994e-12,4.24470567872259e-18,9.61245567103478e-29,1.42237820015435e-09,2
"20163",0.0626255555229994,0.0367852364420995,6.58905758571234e-49,4.31615196567349e-54,0.382365575156222,0.518191809917277,3.1812399847587e-05,2.88379620693966e-10,1.02731751424067e-08,6
"20165",0.880414849706087,0.119316508737491,1.15190754183399e-13,0.000268607897850887,3.59510147513488e-12,9.12916556344108e-13,3.3653947522642e-08,4.73529267263432e-52,5.74895118352863e-20,1
"20167",0.0216806764480688,3.37819613144893e-07,0.488646890606439,1.2839573699861e-08,0.181656946354808,0.000123189135206374,1.03594958786962e-05,0.307879306115629,2.28118478344293e-06,3
"20169",9.51434039489759e-08,9.39614962998161e-05,5.9789947179933e-13,0.999905943357899,3.64628048617399e-13,3.90843183376567e-16,9.6864979268252e-32,3.38998916235022e-29,1.43450815214558e-12,4
"20171",5.15013225112421e-08,0.999747650653158,9.58575873109626e-140,1.0863113360017e-74,1.48471720852015e-24,0.000252297656803504,1.8871570488495e-10,2.88313911114353e-173,1.25668767185584e-71,2
"20173",0.124691581310043,0.875308341535217,1.00325483238549e-95,9.65396243545226e-29,1.35667231233437e-25,2.96828819077171e-27,1.09039413211436e-17,6.66248796855638e-91,7.71547401461343e-08,2
"20175",0.00507304626150146,1.97706415134891e-05,0.0111552742407409,4.91883437432989e-12,0.971332105282032,0.00146318948715312,3.34382578352852e-09,0.00208417548771358,0.00887243525060112,5
"20177",0.861387016549086,0.114756914127725,1.01536325038348e-74,8.20868030203618e-35,9.29522057131789e-07,9.27623289088105e-17,7.97219552377173e-06,8.51544159858985e-70,0.0238471676056077,1
"20180",0.0309545264265108,0.000870789018546198,1.71992619699682e-140,2.25776870103085e-129,7.27527325048608e-06,0.000877429562595164,0.967289979719097,2.60545455749162e-93,1.26961391437454e-20,7
"20182",1.38089510265084e-20,0.999999999704814,1.30688442993047e-112,1.44616544005211e-12,4.43042020738081e-32,2.75883535497806e-16,1.33286329490828e-71,1.63304691515149e-66,2.93739784340883e-10,2
"20184",0.00694468411924056,2.44704132585812e-05,0.955608065457223,0.0348939324248203,0.00251974812039771,3.27946837490433e-08,9.62335572835452e-14,1.46840326324707e-08,9.05198624718756e-06,3
"20187",0.0186750120168134,0.815888018635349,1.463021999421e-59,9.92024286117852e-27,1.15916163763986e-06,2.63303534170488e-23,2.67316576250477e-16,1.34841842399459e-45,0.1654358101862,2
"20189",0.378956875584924,3.164253944046e-06,1.20169950474559e-44,3.43725512081791e-45,0.00340587969230736,1.1786668495618e-06,0.61703447630262,6.86052128950328e-30,0.000598425499355405,7
"20192",7.50016433999012e-05,0.999905053690308,8.80961716831716e-175,2.18583048974814e-114,2.70869341189354e-22,1.994373081088e-05,9.35481539657653e-10,3.59738485575562e-79,8.80612752763326e-26,2
"20194",2.75646663537995e-05,0.991538433936488,5.97808024577269e-31,4.49837528043144e-11,9.36064312446525e-05,1.04301164735165e-19,2.6746781455354e-32,3.60197741601229e-23,0.00834039492092953,2
"20196",0.00104920027375863,0.000243744315576536,1.69193201852375e-116,4.77150792217703e-98,1.9748468929786e-09,0.894254223730404,0.104452829705414,3.51800204789404e-128,2.43479299411312e-38,6
"20198",0.10310993525507,0.0607630506576984,4.32852203487458e-27,2.90586633554925e-28,0.835609626452409,0.000280037715993413,0.000237276156217035,1.1613599963891e-13,7.37624968651326e-08,5
"20204",0.00141932942447939,2.866396506744e-05,0.000330426134468944,0.0606726806988023,0.00509893904144967,0.000792415998013709,7.3778015075487e-18,0.931637184378626,2.0360359092879e-05,8
"20207",0.2023348549596,0.0374320325847014,6.98369224229409e-63,6.24914498731348e-43,1.80699297593363e-05,0.0541873821063762,0.706027660419563,3.65550373466426e-106,1.18013353580911e-34,7
"20209",5.00971867562432e-14,0.0127788732470818,4.36678474611331e-142,2.00291669457301e-79,0.000156707940796233,0.987062316680278,2.2757577963935e-26,2.42549006189631e-34,2.10213179348748e-06,6
"20211",2.68498783261171e-10,0.00231913777076729,1.41675319407628e-103,1.74357184822092e-93,1.84927404596516e-10,0.997680859166297,2.60950994734968e-09,1.84698650890432e-81,3.27802103773838e-56,6
"20215",0.657290831526534,0.0374528242125295,3.47436145165082e-45,8.11462799877579e-47,0.0558426093049104,1.03637178331756e-06,0.249412698584243,3.39718647841394e-49,4.68672910850181e-21,1
"20218",1.36327867203136e-05,2.88821286071247e-05,0.0323159009386523,0.967637583815431,2.86319894017119e-06,1.06819885904777e-08,1.43061482923988e-23,1.10463121752286e-06,2.18184425178703e-08,4
"20222",0.0781183985684147,0.724087497223313,4.50388750871277e-46,2.52255676750559e-46,0.000259394633402346,0.0356941587633233,0.161840550811547,3.99790836420837e-62,5.65938749934528e-36,2
"20225",1.0245567172958e-06,0.871708636962894,2.6081355532573e-27,1.03363811258227e-14,0.128278302876686,1.03119289225774e-05,1.04994104465487e-23,1.72343848515646e-06,2.36284636407788e-10,2
"20229",0.000132868557410462,0.0505216555303557,3.695699890014e-73,1.26593588141595e-51,0.949035722385147,0.000309753527078284,8.58948506376833e-15,3.04026549196361e-40,1.04721722705571e-16,5
"20232",0.00906322827374097,0.000200583711618219,2.56420315496157e-36,7.47570332681287e-54,0.978491697659408,0.0120540010235555,0.00019048932991156,6.52809394239528e-36,1.76527203076573e-12,5
"20234",4.58507402387752e-07,0.998745421819383,4.88481662620496e-264,1.28651252878307e-157,3.72143978665336e-26,8.02441533301154e-07,0.00125331723168135,8.24221052144278e-225,5.78761340470768e-46,2
"20238",0.94244478060789,0.000963631191297898,9.50423690016838e-49,6.94012787252149e-51,0.00103133346939813,4.99485649517183e-05,0.0555103061664616,1.73543455131472e-72,6.89666782716711e-22,1
"20253",0.151296962963114,0.0312166597689197,4.67417119114022e-85,7.16264047370175e-63,0.000506129920316905,2.03899252412408e-09,0.816980245308657,1.65842583764211e-109,9.94132146028242e-25,7
"20255",8.24298237133147e-06,8.67857066378509e-08,4.36767396855473e-07,5.83643282595618e-24,0.0776948317325096,0.00620034997700787,3.56242506197695e-11,0.916096049467458,2.25192548957129e-09,8
"20258",0.0123691308333038,0.00038379071441738,7.75360356352604e-74,5.38255797614577e-68,5.374146357099e-07,3.25873178750183e-06,0.987243282305856,1.97585211461427e-75,1.84637054184285e-20,7
"20269",0.560060331285884,0.000161373136218904,4.26788260340221e-20,7.21144929339875e-15,2.55649159331901e-06,2.97059277231981e-06,0.439772768493098,1.478972240306e-43,4.25885420559012e-13,1
"20271",0.59960568558095,0.262518069604509,2.53562699610171e-125,3.98301870537663e-81,1.33105801901313e-08,5.6620214018326e-12,0.137876230410302,1.14956104496684e-101,1.08799718799822e-09,1
"20285",0.0551316962256233,0.0450047479554348,1.04231491906992e-72,8.58861517343689e-29,3.264354575504e-05,1.05548302378506e-13,1.08688468121319e-19,6.26400214850633e-45,0.899830912273081,9
"20288",0.181911877763647,0.00370293440234326,3.95263565466951e-37,2.79065169955424e-41,0.809340812874196,3.89834521140606e-05,0.00500539150769914,1.18947490033009e-54,4.74394044688419e-17,5
"20291",0.00436622933615494,1.48481307456584e-05,1.72794455913004e-97,1.88967046668369e-75,3.56422245370319e-06,0.990241940041311,0.00537341826933418,1.81786492418436e-123,1.19295203496622e-25,6
"20295",0.991568085221359,0.00842481262189061,4.68851833349182e-58,8.10320244983311e-38,6.1435761736523e-14,1.165835817982e-09,7.09985355002454e-06,1.80474342060466e-41,1.13730265420698e-09,1
"20298",3.54776867957374e-06,2.07876458455107e-07,1.1855363477283e-08,3.01418493663278e-08,0.0036661009333412,1.41061486022862e-05,5.26757288217508e-17,0.996253832383456,6.21628922493511e-05,8
"20302",0.970102902509542,4.410113231629e-05,2.33699590798852e-07,6.93911732945177e-05,0.000794901488214699,2.17455058807614e-06,5.96058271041803e-13,8.40530663683717e-07,0.0289854549151941,1
"20305",1.54769541888261e-06,2.0206667127384e-06,2.34144202270644e-19,9.4259156759681e-16,0.00307338960023229,1.11201008913716e-05,1.54417686388061e-19,0.994682230640812,0.00222969129593217,8
"20307",0.0160412101778416,3.01506039883018e-05,3.28171891392538e-71,5.51908658519036e-62,0.000215966568395949,0.00126346963935427,0.98244920301042,2.21565085475236e-99,2.83318071959726e-23,7
"20310",0.0345014417431838,0.879037332848672,2.25914838965339e-158,9.37925880938237e-108,4.33751307573425e-18,1.20580787353587e-10,0.0864612252875638,8.48002889420518e-187,1.43909468290152e-41,2
"20313",7.24329396755426e-07,0.00065224646526641,0.997957570437795,0.00138386685005361,2.73257565061844e-11,7.03801466143619e-16,1.77336646669684e-36,6.86451201586241e-14,5.59189009318442e-06,3
"20315",0.14095872068434,0.000807623821569614,9.94272843124541e-69,6.32023686384999e-59,0.155392457831017,1.14508584129149e-05,0.702829746801773,3.85256625306799e-92,2.88708494176532e-12,7
"20319",0.0228234426097988,0.331218299622419,2.66727840309347e-146,2.13728902714e-105,9.03161141646244e-12,0.642857903859327,0.0031003538994235,5.7169058717438e-107,1.6912197413792e-45,6
"20321",0.31323789520752,0.177940914911357,1.73191215823418e-65,3.47727902061953e-52,1.4477462141376e-08,1.45286690767211e-12,0.508821175402207,7.52394240861667e-91,5.07459310675769e-28,7
"20327",0.0495268899480289,0.000277061600908358,1.61553991678967e-78,2.43159686661849e-63,1.92251389881911e-07,3.1188895517377e-09,0.95019585308072,1.88654875604386e-91,6.38179794456276e-14,7
"20329",6.21667255545253e-07,0.021084272345417,4.46955904076011e-66,2.15402520561831e-21,2.4798058013103e-11,3.55638510044026e-25,1.31114941502099e-36,6.24835383418726e-28,0.97891510596253,9
"20335",0.00584058917038789,0.000819643585608559,2.75826792964343e-79,7.49044177521184e-73,8.4521235482863e-11,0.186505558329094,0.806834208830388,6.29059867176032e-120,1.58241049017713e-47,7
"20337",1.56836541082892e-05,8.32650005952393e-07,0.999620030037167,9.37818580628449e-13,0.000353421202074831,7.59600186142436e-06,4.26037152061245e-19,2.4237200550168e-06,1.27337900004906e-08,3
"20339",2.70659517179307e-07,0.938526169698278,2.12082521767475e-166,4.65830945985626e-102,6.99016422783598e-09,0.0614735526520411,2.83950111495208e-19,1.13726138598371e-61,3.48506490614752e-28,2
"20341",0.000489282188432368,0.851390635586788,1.30812947231098e-87,1.01300462789823e-45,1.09281835201805e-12,0.148120057229543,2.49941443644542e-08,3.73204989781842e-130,1.77081219032284e-41,2
"20343",0.800807201137681,0.146211857352565,8.85656352807768e-85,1.7259376765602e-45,2.16350813083608e-16,1.43826633796365e-08,0.0529809271270903,9.11063942385182e-124,8.53722331604649e-38,1
"20345",0.00558909354030195,1.42137249738543e-06,8.117239858936e-47,3.58260187328026e-40,0.581005560548329,0.00267829584013809,2.18566505474158e-08,6.82952575581076e-10,0.410725606159131,5
"20350",3.35059331961359e-06,0.999328685253288,2.92382723743234e-66,1.69595852657936e-37,0.000667964153108311,2.82375551702734e-13,2.85762427482154e-16,3.42007401768405e-61,1.07464668436394e-15,2
"20352",1.27874507322361e-05,7.85879356268824e-05,2.38097106109231e-07,0.999908386515064,1.11262218163465e-12,4.22040641737426e-14,3.01427255950183e-25,2.1446777416446e-23,3.16117768149922e-13,4
"20355",0.99269752994921,0.00730146342028725,1.3703288897799e-17,5.63576772740749e-07,4.13309250377377e-07,1.9550644307548e-08,1.46956125564827e-13,5.14296164238403e-24,1.01936880752782e-08,1
