"","V1","V2","V3","V4","V5","V6","V7","V8","best$classification"
"19812",1.53634893344892e-05,0.971422355017535,1.45834050058021e-05,0.0171478812727843,0.00138860935674412,2.14969666351701e-24,1.35226335814706e-11,0.0100112074450733,2
"19814",2.79898029479138e-08,0.105995472832081,2.6888114351922e-08,0.000400773290916147,0.00135048729990093,0.000284943621190502,1.14161241017432e-09,0.891968266936382,8
"19816",0.7987697178679,0.20051824859154,3.33908232902893e-08,2.91594864554975e-06,0.000709083557940027,1.13294285782112e-22,6.43150694673591e-10,9.15818281398336e-16,1
"19818",4.7400038045899e-05,0.991725993442048,4.64750093736665e-07,0.000777307868030133,0.00639453067050764,1.68018025073645e-06,3.49307996095055e-10,0.00105262270171589,2
"19820",0.993236191790078,1.18169318376437e-06,3.00770840291961e-38,4.51026938097393e-10,0.00643256805088262,2.68747036053058e-61,0.000330058014828716,2.72061909498082e-84,1
"19822",6.59839336211508e-05,9.67256444531171e-10,5.65106358866845e-41,6.94668920498276e-07,0.997859780357667,1.00072452329034e-52,0.00207354007253457,2.16619394144881e-98,5
"19824",0.0276992061433404,7.810993703093e-07,1.26574662061346e-17,6.85771127169712e-11,0.971589465120543,2.14057979438998e-17,0.000710547568169298,2.02702141191253e-45,5
"19826",6.94186063302144e-07,0.923871362312614,0.0382018471321819,8.09385615318693e-07,0.0373732648971087,5.72200134889915e-15,1.95459148176139e-06,0.000550067494928944,2
"19828",0.935929795300662,0.016814368204596,5.19101834335784e-25,0.00118222867512198,0.0460730268122294,6.73450513253415e-31,5.81007390112972e-07,7.23140186424958e-39,1
"19830",1.07015679719089e-18,0.58438620701217,0.00179272634324203,0.298464408143329,0.115056057116092,2.85234490089887e-18,7.43098599042999e-08,0.000300527075306679,2
"19832",0.000194130060221242,0.00303772138113016,3.8667117227694e-30,0.970419528530476,0.0263298210166674,7.36150889880355e-53,1.87990115044746e-05,1.14992552848895e-15,4
"19834",0.0223272641623158,0.896623638101768,1.58347866622409e-22,0.00584605586287977,0.0752030412450479,2.14528698281673e-25,6.27988217646323e-10,9.71356735056215e-21,2
"19836",2.07178408125583e-05,0.964758317435624,0.0197037821798966,0.00134468063089715,0.014172452681754,2.03778041483291e-38,4.90696916657765e-08,1.61324113112006e-10,2
"19838",3.97647989757242e-18,0.00909386316203039,2.9660792474187e-09,0.000898952875049169,0.000155278966175148,3.58217355983816e-11,6.90351555790989e-11,0.989851901925809,8
"19840",0.0515934914019594,0.893076431144568,1.03935229046031e-07,1.10272815061603e-07,0.0553179197022731,1.53384800799014e-32,1.19435431507332e-05,4.13683859595661e-15,2
"19842",3.26849091925153e-36,1.77113063882357e-07,0.99983453270536,8.51116987202877e-11,0.000135938132692783,3.94472551314331e-23,2.93519511279261e-05,1.26434976634108e-11,3
"19844",3.33283026445707e-27,1.24774320109801e-21,2.0452931538385e-14,2.1187353319813e-28,1.34651746940415e-05,0.924460783492986,0.0755257513322996,3.24607791621101e-43,6
"19846",4.49349904649308e-27,0.000146983233723492,0.0711208782365426,1.70777079096434e-07,0.000183992887915129,0.0391673848195508,2.72971709343888e-07,0.889380317073479,8
"19848",1.06012690539357e-22,0.00151404217812026,0.00990641836507558,9.3825710940374e-06,0.000353978325686081,0.941253527050338,3.86702681114015e-08,0.0469626128394176,6
"19850",5.37380685055144e-15,0.00122968671160005,2.37736426544529e-09,5.10685101261331e-07,0.0200797687650498,0.000943168415971588,2.07249906506801e-05,0.977726138054257,8
"19852",0.213961140291689,0.784062396949144,3.07725008357757e-09,0.000691050132500247,0.00128520940362839,2.12181118101276e-11,1.62871220080912e-09,1.98495858410563e-07,2
"19854",5.22770106501939e-21,0.0157255319853305,0.0347128781294399,0.000771054213962907,0.001509253468771,0.885844877392568,3.28876761982801e-08,0.0614363719222515,6
"19856",3.94564776392848e-20,1.60022434883255e-07,1.01596525988172e-10,1.76201407460786e-12,0.980532957138075,0.009853460403468,0.00961342233266305,6.94805698349327e-21,5
"19858",1.69589152915315e-09,4.94037756732594e-09,2.45565218521423e-20,4.5106042174874e-12,0.981523219119528,0.000156961575723716,0.0183198126639692,8.02409703915376e-31,5
"19860",0.250857247172091,0.744015731669937,3.04091532237768e-09,0.000487433690815699,0.00458110961054545,1.12167469367862e-18,1.91569675141037e-08,5.84556587275769e-05,2
"19862",1.55087423104057e-30,2.64829578750905e-05,0.00460777225158903,1.81077158529544e-07,2.41820577451106e-05,6.72991326943252e-12,1.54496222513664e-07,0.99534122715268,8
"19864",1.3002998100157e-36,6.12798612623142e-21,0.395234653423057,2.14172973015411e-22,1.63715149447559e-06,1.16217252575097e-50,0.604763709425449,4.6225759894387e-69,7
"19866",0.0173792955350266,0.14241999804992,9.58256452202599e-06,5.31791355237505e-10,0.840179383709638,4.27549510184389e-38,1.17396091027225e-05,1.22602930315975e-32,5
"19868",5.44554544969125e-47,4.27939385170712e-28,2.87108657339222e-48,0.00162165496702693,9.93125239866841e-10,1.06485910654885e-64,0.998378344039848,8.54276156956765e-83,7
"19870",7.53686763069755e-15,0.230224021183166,0.126355736624703,0.00107649039746319,0.00440491489729001,7.16949944646694e-09,1.51574461697518e-08,0.637938814570425,8
"19873",1.41099924173079e-05,0.890203765813595,0.00419425881061621,8.79182868896157e-05,0.105274141301827,1.28539513568778e-12,8.09570231160372e-09,0.000225797697667314,2
"19875",0.981821859471868,0.0107875536046893,6.06576097801521e-24,0.000138299981433206,0.00724960765903961,9.92484939894391e-42,2.67928297022546e-06,4.64445412570336e-24,1
"19877",8.76124430106517e-08,0.949047415287967,0.00175993221327205,0.00360325844464257,0.00320771910605061,3.22404905195817e-07,8.37157055782249e-10,0.0423812640935631,2
"19879",2.53840252491657e-06,0.986257225350879,5.6937592461003e-07,0.00581764202249853,0.00792202354139,1.29503474409923e-09,1.12240971433743e-11,5.23944642157089e-13,2
"19881",2.12887180769222e-10,0.797441872710842,0.019286823415492,1.22629317205953e-05,0.18325123708204,4.65502071659521e-10,5.34387135528383e-09,7.79783764489705e-06,2
"19883",4.80289456582844e-14,0.0507200896383095,0.925270985871786,8.3391697557628e-07,0.0238589677987853,1.3336647674335e-15,3.7135475719711e-09,0.000149119060546808,3
"19899",1.62643430628658e-08,0.940430211282959,6.20347218405915e-08,0.00055043338017785,0.0590005769015281,8.50657871326007e-35,1.87001362706814e-05,4.07175357357808e-18,2
"19908",9.94160464289809e-25,5.36375587724979e-14,5.40797519074254e-15,1.92982041956494e-16,0.0716470003514408,5.65312036202651e-45,0.9283529996485,5.80605238964842e-71,7
"19910",0.0126154000926147,0.984753103308712,0.000202866059371987,0.000738724434677482,0.00168877268861553,3.99182346217783e-10,2.00468648739282e-10,1.13281635705078e-06,2
"19912",2.10812065665468e-34,2.90916094653432e-05,0.997323872927446,2.91329163945183e-09,0.00263104201150374,4.14817438550376e-14,4.74431221788915e-06,1.12462260335466e-05,3
"19914",6.13132931844034e-05,0.979738203787706,3.83571597484412e-09,0.0102664606040713,0.00993401838093088,1.52722554651994e-12,8.6705129190289e-11,1.01592899508786e-11,2
"19916",1.06916452103725e-07,3.90032832729282e-11,5.9101198150642e-10,4.4782089054861e-20,0.712846519165048,2.28745042945094e-33,0.287153373288485,5.37391727105584e-63,5
"19918",9.39508608837237e-14,0.0491382985327482,0.0937628414898452,2.77975675569417e-07,0.00777088722600033,0.124390399864004,2.11169779539951e-08,0.724937273794655,8
"19920",9.33363667424046e-20,0.000158731826865979,0.000134507656044866,1.6299885595365e-10,0.00240504027864822,0.993564713261383,7.8755481542573e-06,0.00372913126590526,6
"19922",9.52054714375722e-12,3.01842758526284e-08,2.91024200035288e-28,0.999908767609428,7.52464906291017e-06,2.31198859912975e-51,8.36775477122723e-05,3.05897377489868e-20,4
"19924",1.356842635235e-09,0.977585225894975,0.0016197391194562,0.000233912804118867,0.00869409224587059,0.0112530911694842,5.78042686155019e-09,0.000613931628825663,2
"19926",1.14416380217654e-08,0.902330861255471,1.25633845823736e-05,0.0477551439104147,0.0499012218230689,1.9290217275515e-43,1.98184825342876e-07,4.4274485311499e-22,2
"19928",1.97657047785348e-57,4.87319536339454e-31,0.8948052450935,1.64226072462996e-28,3.98364830894761e-11,1.07597340814941e-47,0.105194754866663,5.69860888430058e-63,3
"19930",9.97407292760279e-10,0.0545321229568067,2.78447475047667e-05,0.000404464283469258,0.000152201685021984,1.84152918174029e-12,7.1329657515911e-11,0.944883365256619,8
"19932",3.07841241375526e-18,0.00278512375189107,1.00322697293788e-06,7.1630649400409e-05,2.94807975305518e-05,3.2432216432163e-07,1.83112110364014e-10,0.997112437068928,8
"19934",0.204527302364397,0.742077706427661,2.30494567645718e-21,0.00405257951557702,0.049342411195531,4.55606550699245e-17,4.96834226345353e-10,1.50863641964456e-19,2
"19936",1.08132553252829e-08,0.977878422470082,3.02432959694818e-09,0.00832695098122833,0.0134383995717627,1.75352905252918e-17,2.1983551424417e-06,0.000354014784200111,2
"19938",0.000119615800705718,0.0415499659370324,1.37333943320956e-19,1.48362372701303e-07,0.958307536046808,2.05839704360418e-23,2.273385308092e-05,1.80437524249694e-59,5
"19940",1.41110392728463e-06,0.897670497720477,0.0928024572548367,0.000101717472191677,0.00942360253993906,3.62738181425851e-10,3.94310706535163e-10,3.13151579523404e-07,2
"19942",1.51300698257301e-39,3.23997757152102e-17,0.976368869061064,7.29416396599407e-26,2.37466312075431e-05,2.92902563134444e-42,0.023607384307729,7.81739983575341e-41,3
"19944",0.0271886809435801,0.970104628589967,0.000220134438774386,7.5859771594646e-05,0.00241069445761556,9.60256851010365e-14,1.53779574690324e-09,2.60576122097299e-10,2
"19946",0.00263672836235891,0.983670354016054,3.30468771642349e-06,6.91271843175957e-05,0.0135668600268033,2.0159834736918e-05,1.77352321106296e-08,3.34481527807284e-05,2
"19948",3.1544643020748e-37,8.71547452347545e-18,0.995533149468954,1.89302534324586e-22,4.84054653454825e-07,1.18110769322935e-34,0.00446636647639259,6.81772271234944e-33,3
"19950",3.67199649585616e-30,7.03124227168438e-11,2.91375289727795e-10,9.66617921475907e-12,5.33239820376009e-05,0.999804009371307,0.000142666275211806,8.95887547157728e-14,6
"19952",3.1544643020748e-37,8.71547452347545e-18,0.995533149468954,1.89302534324586e-22,4.84054653454825e-07,1.18110769322935e-34,0.00446636647639259,6.81772271234944e-33,3
"19954",5.91669708324779e-14,0.0117069847398692,9.37778130238991e-05,8.14558136900742e-05,4.41959752428471e-05,2.49858251713882e-08,7.14775675336462e-11,0.988073560600812,8
"19956",5.61861002805253e-40,1.04436957251045e-09,6.49344404879477e-07,5.74774862566427e-10,0.0698471035318093,2.05376118219432e-09,0.93015224018147,3.26940977259355e-09,7
"19958",3.62255462730088e-29,1.36160782794868e-26,1.83161611286813e-48,0.798674995170717,3.96251089601624e-13,6.72652308856619e-54,0.201325004828887,2.403525975079e-54,4
"19962",5.95497122333931e-08,0.00361482247799243,2.59531791944695e-14,1.38826977366881e-06,0.996249100940507,1.24426155472146e-06,0.000133384500388195,4.59942937702511e-14,5
"19964",1.62243224461288e-09,0.913540703011939,0.00946984131688425,0.000116909072307143,0.0768680259093041,4.81885606245225e-10,4.49898479542572e-06,1.96004523276773e-08,2
"19966",0.000376404502444779,0.0105553154727586,2.10862166477936e-10,8.67141240291926e-11,0.988797732945835,1.26485276659012e-58,0.000270546781385733,2.68014498185187e-59,5
"19969",7.10126887294047e-13,0.647850603192192,0.0450921431675612,0.000141880933132191,0.110913474825711,1.15638229218314e-20,1.97209378879069e-08,0.196001878159755,2
"19972",9.04086986495909e-23,0.00053338279786366,0.997525032689808,1.95057533112661e-07,0.0019338826447503,4.69629013577873e-06,2.80756401752326e-06,2.95589130327707e-09,3
"19974",5.23071515741782e-41,1.97304306512887e-10,0.62430410922338,2.14397547042773e-14,8.14163250077649e-06,0.375414673656883,0.000267394778667345,5.68051124339639e-06,3
"19976",2.91311365357471e-07,0.982148822502377,0.00147532608180901,5.54277291874037e-05,0.0152498444289791,0.000353365394047306,5.17548984678267e-08,0.000716870797336688,2
"19978",0.228993447794046,0.763573322480061,1.05330214699548e-05,1.59055969107527e-06,0.00742044859357683,8.36020284858214e-14,6.51554945611952e-07,5.99612608936954e-09,2
"19980",3.53344296189232e-24,0.000247804350006541,6.8502891265717e-05,4.61236328884811e-06,0.000156648537819284,0.764914713622278,8.79412653144397e-08,0.234607630294076,6
"19982",2.26160157863378e-20,0.00117489202047066,2.40433884709018e-10,1.13249517517292e-06,0.527047903290859,0.441009115447776,0.0307668871987192,6.93065662455511e-08,5
"19984",3.0313856267385e-22,8.59279463236994e-11,3.52493893415409e-10,2.07114226433489e-17,0.00272973407467311,0.995920434355916,0.00134983113098929,8.30614060940946e-21,6
"19986",0.94667633848662,0.00521515229115996,5.54700549431168e-25,6.60238051155316e-07,0.0480949801475879,2.84111526697056e-54,1.28688365811406e-05,9.48039128449992e-73,1
"19988",0.985928025794733,3.68247050981655e-07,1.65862806979118e-43,7.10501694168021e-09,0.0125240472261551,4.06093538093696e-70,0.0015475516270434,6.46821880860944e-95,1
"19992",0.997157346653178,2.89416044476185e-05,1.13766787117358e-39,5.59389113476394e-10,0.00264791069750491,4.80955987799182e-40,0.000165800485480082,3.48531785245917e-68,1
"19994",5.44273626434253e-10,0.0584066847912503,5.82531434197964e-05,0.00114639917881789,7.78831302393001e-05,9.95080567351075e-15,1.41366239541146e-11,0.940310779197853,8
"19996",0.992513158435838,0.00170128179113644,2.19087488573326e-32,2.5273203926865e-07,0.00577372530170333,8.32609686290354e-35,1.15817392824418e-05,2.55126942159928e-57,1
"19998",3.73197487800812e-16,3.96788502959364e-05,2.52089419815215e-06,1.26461221032842e-12,0.999887389798527,3.46406488364712e-20,7.04104557140281e-05,2.6202709603675e-21,5
"20000",2.40273195171602e-31,4.11041586834301e-05,1.4163588018265e-10,0.987821757766212,0.0120595417447772,1.03815136125475e-33,7.7594951136973e-05,1.23755453010068e-09,4
"20003",5.02851644346918e-08,0.977728938506137,0.000262087098024978,0.0120827870265793,0.00210838408689464,6.2565545309436e-30,3.88179003501923e-11,0.00781775295838145,2
"20005",1.689147498738e-27,0.000190207303070855,0.0911525770759201,1.1512530766014e-06,0.000161690829846392,0.908476891842286,2.13794291321933e-07,1.72679015086398e-05,6
"20007",0.000348703266418613,0.975082424607156,6.01168058201731e-14,0.000670730887503944,0.0238981271039391,1.75395828721071e-21,1.41349010388967e-08,2.11004289098685e-14,2
"20009",9.06435932961843e-06,2.86191737594822e-06,1.02355562792002e-18,8.26666433393411e-11,0.999883628325879,1.80400058579301e-23,0.000104445314748334,5.0651162930382e-58,5
"20011",1.03829533467491e-15,0.138475965950627,0.817185598574183,3.03095868074848e-05,0.0443061664064961,1.8915147735213e-06,6.56054933876116e-08,2.36161883526043e-09,3
"20013",4.99529169572185e-13,0.203673069963422,1.14415833377442e-05,0.000113108442804169,0.00940325805751758,0.212213228655715,6.3647541775548e-09,0.57458588693195,8
"20016",0.0411421099118655,3.61595613819885e-06,1.78762095904239e-31,6.22424426096942e-07,0.958749943202631,1.01019121387551e-38,0.000103708504939154,9.38623895694033e-80,5
"20018",1.0236090385527e-10,5.42843376697391e-37,2.47827189632765e-85,2.35477603577102e-05,2.09114135962476e-10,2.79757712939688e-132,0.999976451928167,4.58025238664787e-166,7
"20021",0.984110428272759,0.0101428304804084,3.18002168678728e-18,0.00123298381315698,0.00451373775773878,7.20097467932094e-45,1.96759368299769e-08,4.61906890951743e-19,1
"20023",0.0298890444841921,0.964412410393503,6.12766003632809e-11,0.00027944227095027,0.00541907099909078,4.83646216227566e-13,3.17905034997959e-08,2.49627056474024e-16,2
"20025",2.46850918563158e-05,3.03568464067998e-18,4.04729621438649e-64,0.000398922693913662,0.000698631739077001,3.59803481840378e-108,0.998877760475153,5.43907982173002e-89,7
"20027",3.75045929251362e-24,0.00938461524402937,0.984949345089324,4.22443754996258e-06,0.00495679419147021,5.34612960996897e-25,1.30684496306087e-06,0.000703714192662936,3
"20029",1.61188302276206e-21,0.00822087904773694,0.063405240312343,1.15258487113466e-07,0.0408163619884263,5.50097003375099e-10,9.1623285112577e-07,0.887556486610058,8
"20032",7.66015264713052e-19,0.0414277845461696,0.279826412134504,0.0016108459463915,0.00049966145518541,7.96171204220547e-17,1.2377094146912e-09,0.67663529468004,8
"20034",7.41717363635356e-31,1.91790299267853e-12,0.99814968051953,1.01447731093748e-15,1.38395265186342e-05,3.16279666995769e-36,0.00183647995203249,4.80524917604029e-29,3
"20036",1.36859771404084e-13,0.000533897498395983,1.60399473435971e-12,4.92028498818888e-12,0.990493567559194,1.90562243918642e-11,0.00897253491667278,2.02428178620389e-14,5
"20038",0.786416829883686,0.180911281280782,3.93786039388202e-25,0.0222579810626483,0.010413872166226,4.50834947387345e-62,3.56066570929487e-08,7.7210263465484e-44,1
"20040",0.000114214863389435,4.89130007019061e-15,3.66488897810477e-29,3.59424662973321e-09,0.118061046905589,1.04249036761024e-55,0.88182473463677,9.6681670024561e-113,7
"20043",0.972534684477473,0.00293557732335504,1.36398922562245e-29,0.000486221879345967,0.0240416028884835,7.97150833907948e-33,1.91343134258237e-06,6.99984664071909e-28,1
"20045",0.982527818714123,1.47006967003755e-10,5.88345591749946e-56,6.69040043835983e-07,0.0128874184868139,1.00109440715738e-53,0.00458409361201182,7.91342018361529e-100,1
"20048",1.46947107097155e-34,7.28519087557623e-20,1.17265538821293e-18,1.7950463359894e-18,2.91106699727574e-06,0.990674856996864,0.00932223193613863,2.32220607246211e-20,6
"20051",0.00267957736566305,0.0145619079161382,1.01098539438652e-33,0.0147958790931623,0.967892994936383,4.85238389490839e-18,6.96397567826159e-05,9.31870416196712e-10,5
"20053",0.0947490466227793,0.682452923556327,1.65056612675743e-09,3.89000766200723e-06,0.22279400965119,1.65759851243823e-10,1.28345715732123e-07,8.17486740061242e-26,2
"20055",2.14264320827294e-05,0.221885836902137,1.20426377182502e-21,0.43278865715859,0.345303307812246,1.28406503408026e-77,7.71694944128832e-07,1.76059380241582e-32,4
"20057",3.34992750320079e-68,4.24163175416433e-49,6.19839756591975e-49,0.000228079693995051,1.05080968758718e-22,3.95804529628256e-76,0.999771920306005,4.39136894253099e-88,7
"20059",0.0494004146628848,0.242050837954741,7.93799768887843e-11,0.000542860188662595,0.705281718969385,3.84792228986774e-26,0.00272416814494681,5.24561030751233e-32,5
"20061",0.132000464873109,0.761310791714285,3.82053682802861e-10,0.000102868241796614,0.106573569707071,1.53090151996925e-25,1.2305081680248e-05,4.48290765264516e-15,2
"20063",1.00342087609833e-20,7.01543287112261e-32,4.57360101202602e-32,1.70847024796629e-33,2.06277072320725e-05,3.80650312232577e-15,0.999979372292764,1.67704329817073e-95,7
"20065",0.00773331279190225,7.98629486913145e-13,9.42195837575727e-68,0.98024778813729,0.000197193272888862,3.9454856434248e-125,0.0118217057971206,2.26959304457564e-81,4
"20067",0.858641624446666,0.00012378940341821,8.22529779736059e-40,0.000398715492416538,0.140783238489661,6.32551157498878e-17,5.26321678372977e-05,2.15371134726825e-46,1
"20069",9.33321771047853e-24,7.38568742495031e-05,1.1106258112869e-06,1.1115728903793e-06,0.000160725805091871,0.973686220150452,2.31623969779724e-07,0.0260767433475355,6
"20071",1.58511344341217e-12,0.00785760330743926,8.36831224259708e-08,1.0010646449505e-08,0.992064566947916,1.2374580724048e-33,7.77360492904459e-05,4.83522604645299e-26,5
"20073",3.69498794943348e-13,0.00023912921101655,3.57404542346434e-05,1.93407010545605e-09,0.0551810239919711,0.944504040175139,3.96114040417725e-05,4.52829157702885e-07,6
"20075",4.89629822589695e-38,4.68728923840692e-22,4.53842970270334e-52,0.964237498120499,2.39872675664785e-09,2.63096253499051e-82,0.0357624994807743,1.46386739425126e-56,4
"20077",0.651926440985289,0.345966771048442,3.1405724648312e-14,8.94358042725766e-10,0.00210085839201911,4.35146495567818e-14,5.9286798164604e-06,1.49908297412012e-22,1
"20079",2.03668925584323e-08,2.59328408033798e-09,4.04019675503277e-32,2.72780829300327e-10,0.962172644582919,5.94077646147515e-12,0.0378273321781831,1.94113739095381e-24,5
"20081",0.00685888582644895,0.0281472993500315,2.0933295419269e-31,0.875201809546115,0.0897806179119506,1.55765037087642e-34,1.13873654535294e-05,3.62090627296593e-36,4
"20083",5.88898210145155e-25,9.26300353617116e-12,3.0660884399274e-15,8.17537055727684e-17,0.733885543979821,7.28360386265887e-10,0.266114455282553,1.57590925095457e-38,5
"20085",0.995978334657331,8.4409595486385e-08,1.65140562513091e-49,5.81892772922751e-06,0.00395140575641267,2.51397404211629e-77,6.43562489317985e-05,2.52822459151218e-89,1
"20088",0.981141593746728,0.0133909384792964,4.10027486649189e-31,0.000696139314245946,0.00477112036525942,6.16090719050668e-37,2.08094469925073e-07,8.19612589022952e-33,1
"20091",1.7258325813902e-13,8.52929556720239e-13,3.9829767973972e-48,0.999835587365203,2.52198423416177e-05,2.55635558412826e-54,0.00013919279143018,1.49981303064345e-59,4
"20095",2.23872679005567e-21,4.55986390535892e-09,1.62656004911514e-05,8.30536315509078e-14,0.16450463584291,1.49092824800662e-09,0.835479092505723,3.04035553970238e-61,7
"20097",0.994988307592018,7.89404446138105e-08,4.15834624720055e-56,3.97961872948355e-05,0.00436435831249594,1.81575799718975e-82,0.000607458967747104,4.36125306918177e-85,1
"20099",3.54318944934052e-06,1.13877514537794e-06,7.73588558985864e-06,1.33274877910559e-18,0.990677530330274,6.81296062744999e-19,0.00931005181954152,1.3046594694293e-49,5
"20102",3.10389611374074e-19,6.66619362763226e-17,1.28055789972171e-40,0.000435833900297427,0.00119420564261006,7.20423431783196e-14,0.99836996045702,6.48552782604978e-41,7
"20105",0.720024907173312,0.000389153643442627,1.45409369109216e-33,1.46710624704873e-05,0.279561262713977,1.0546598101829e-23,1.00054067981096e-05,1.13679113854117e-27,1
"20107",0.226449822379368,0.771117004543037,1.35158134132876e-16,6.73830040309457e-06,0.0024263818984167,6.25185030355715e-32,5.28787754551653e-08,4.43614914674232e-38,2
"20109",0.00578424730679225,0.000164962574554188,2.53736849212143e-11,1.65074793417378e-11,0.992835455821327,4.45844211299959e-05,0.00117074983431572,4.40636220703608e-26,5
"20111",4.99463740614286e-38,2.77455920919555e-16,1.12822849093269e-25,0.994551270850685,2.07807532855025e-10,2.05447357020042e-35,0.00544872894150735,1.63298040311519e-25,4
"20113",0.000127724554079197,0.619036059285,2.05966037437696e-06,8.82114122170895e-09,0.380701987818734,1.29774171906042e-45,0.000132159860671807,3.28728830480068e-34,2
"20115",1.27511877345295e-21,0.000330554943011489,5.25828912692003e-06,0.998751015345684,0.000330551379270371,1.12581393009734e-27,0.000279508776227233,0.00030311126668039,4
"20117",6.67807422419096e-31,1.93533893752145e-19,1.67756999361163e-15,1.35274750349456e-06,3.96857947786337e-06,3.75897972056449e-87,0.999994678673017,1.69490595199981e-115,7
"20119",0.0029331565981107,0.000652585500264695,2.69171181950722e-09,1.79261843545821e-12,0.995880420690444,6.79440442809175e-63,0.000533834517676486,6.78405051413923e-57,5
"20121",0.72323906513318,0.273025138094186,7.39949432845029e-20,7.50275751922577e-06,0.00372745183444076,5.47582842669299e-41,8.42180674378418e-07,2.15345712580456e-49,1
"20123",2.08378701201563e-11,7.48487422500111e-14,9.93577401448174e-58,0.99848415529227,1.30213929815885e-05,3.51609465159061e-88,0.00150282329383582,1.24074589352511e-64,4
"20125",8.4029416540151e-16,0.00513259933178456,7.7664434688932e-09,2.9030718497629e-05,0.00113480454771077,0.000133470390506065,1.34040521068164e-07,0.993569953204536,8
"20127",0.981802372996053,2.46016768181239e-09,6.11989876738312e-47,4.55270902934015e-11,0.0144128498410321,7.19468006976395e-42,0.00378477465722032,1.67512127668575e-75,1
"20140",4.17970715525165e-11,0.161530647599155,5.73651124869116e-14,0.0294104781682846,0.80757371804644,3.75940752887548e-60,0.00148515614426563,6.98929394211758e-35,5
"20142",1.28823127899093e-28,6.8798492989216e-10,8.21444739540699e-12,1.48778053373751e-11,0.000129015979753885,0.999724074888202,0.000141223745421008,5.6846755462913e-06,6
"20144",1.20068513995715e-23,0.00516501470591151,7.9651830917382e-12,0.863615119761279,0.110439934411952,8.06696528729631e-17,0.00986017641178514,0.0109197547011072,4
"20146",2.11269651870966e-14,0.00015223913108072,4.71155680879479e-17,6.05164387777207e-07,0.971201321484017,3.55730041948479e-07,0.0286454783661646,1.2428688475486e-10,5
"20148",1.35148737596575e-05,0.885865702985816,2.88909601167151e-11,0.00108378462547645,0.025730564041633,4.23766242654487e-17,2.20026894342123e-07,0.0873062134175292,2
"20150",8.32552372733791e-33,4.34972748999931e-06,0.0883000469654517,1.12832059358175e-08,0.000114612003484756,0.554082482499928,9.39907935481989e-06,0.357489098441084,6
"20152",2.22290912524234e-05,0.975670499377425,1.22015413519965e-06,0.000330759377218096,0.00530487967594405,8.29560265422224e-12,1.05668674717958e-08,0.0186704017488618,2
"20154",3.24902359841054e-05,1.9755540097797e-16,2.27079432343919e-77,0.680361403626873,0.00533163227373361,6.88107661174454e-53,0.314274473863409,3.7888377292665e-79,4
"20156",1.02439663441206e-07,0.0779295459363738,5.14436501729335e-12,4.69294552946608e-06,0.918862582747619,2.17777984540533e-11,0.00320307590389174,8.41450414706417e-27,5
"20159",6.31949790032325e-24,6.12060994555722e-05,5.24365673806236e-06,4.34600316526622e-06,0.00317936621954273,0.996735062105108,1.47410504956911e-05,3.48654944531624e-08,6
"20161",3.26791765549237e-18,2.46737603548502e-09,3.21448083088502e-13,2.71316182298931e-14,0.659389240533095,0.00518642708712089,0.33542432991206,2.91990201909215e-17,5
"20163",5.21582340575526e-06,0.297233938291808,4.42167249303991e-13,0.31287669575876,0.389477452811059,3.11792956765309e-43,0.000404736146609863,1.96116791496407e-06,5
"20165",2.88372772456981e-07,3.13111596134533e-10,3.03972729586888e-26,3.40833464762601e-13,0.387949674310076,0.025071246413892,0.586978790589807,1.31201383469441e-31,7
"20167",6.08455460996664e-07,0.122496710235167,1.00609468447148e-07,4.80726480154902e-05,0.00181032692164255,8.08198040150539e-05,1.10480840127988e-09,0.875563360221422,8
"20169",4.97834922874294e-33,4.33138911242601e-16,6.12417377304957e-16,1.88432072644598e-16,5.69777119419924e-06,0.999226779936886,0.000767522291888009,3.01907039335141e-14,6
"20171",3.91680475151393e-09,1.67585174826522e-25,1.78428705302654e-89,0.000188848587486464,1.7033415063777e-05,1.17513007074724e-61,0.999794114080645,5.71463948853817e-109,7
"20173",1.67621662953529e-16,3.92110340349921e-21,8.73944134926428e-12,1.39039895296099e-29,0.00341572250114664,8.10519498095225e-18,0.996584277490114,2.97992559201386e-57,7
"20175",8.73112324860635e-13,0.941476462879364,0.02301826239366,0.00187414005030612,0.0144183995351011,6.35725072775643e-06,4.66039755008482e-07,0.0192059118502121,2
"20177",8.64791903210953e-08,0.000343979369525208,0.000103101010473462,2.30048668026445e-17,0.925677754804251,6.40236964515945e-23,0.0738750783365596,4.87987450973506e-53,5
"20180",0.97994706343293,0.00017221333311784,6.03302177076042e-25,0.000671501761182751,0.0191286571330882,1.22607747289687e-88,8.05643396807697e-05,2.71414396869508e-59,1
"20182",3.34233957936735e-76,4.07530560331121e-41,8.23364334787353e-14,2.75797828821492e-16,3.48855148287265e-17,1.18737520282297e-15,0.999999999999916,3.67351783011178e-50,7
"20184",1.72381485207346e-17,0.000242664451504151,2.24650775310313e-07,2.51414925169438e-09,0.00528084483170294,0.994447913781081,2.51955372693318e-06,2.58302170603436e-05,6
"20187",1.2361074855495e-16,4.56413895570926e-08,0.165688660531347,9.23039535253961e-25,0.333703686287006,2.2952119449111e-16,0.500607607540257,5.35680947306291e-34,7
"20189",0.495664464488601,0.230933966938995,2.57067805930169e-05,5.09593326996692e-07,0.273374044753969,8.52322696170116e-30,1.30744451199644e-06,2.54961200747547e-15,1
"20192",8.04994267730002e-09,1.16128124051488e-17,1.82667458023361e-31,2.33585162474455e-05,8.6757141204983e-05,5.07984858969955e-84,0.999889876292605,5.53546499834031e-65,7
"20194",2.45032185191166e-32,3.75712061335193e-09,0.0192215210428628,1.71422176664005e-20,0.2724312392584,4.66662501996372e-06,0.708342569316596,1.14484342631662e-15,7
"20196",0.147899473104229,2.44048148139064e-08,3.12955599888279e-47,0.665642599948092,0.186420690658844,8.80060898157555e-66,3.72118840198226e-05,3.22272771927321e-72,4
"20198",1.19682511003814e-05,0.750329755341807,6.99065788815491e-10,0.00010046864496752,0.245653344329038,2.67987802894005e-17,0.00390446270976487,2.42564486573513e-11,2
"20204",1.35367545052031e-22,0.000145339990538201,2.73261265519285e-08,5.18310792912351e-05,0.000648224040230832,0.0724129932990296,5.98579762771275e-07,0.926740985685021,8
"20207",0.227026945172765,0.000186298252376867,2.19519132649649e-47,0.0108802124881891,0.759713767131105,5.8103385641667e-30,0.00219277695556413,1.21567484812023e-55,5
"20209",2.19264261950647e-33,1.04782388148112e-06,1.64006325323661e-08,0.999650436733346,2.49380230677138e-05,3.88060830003379e-68,0.00032356101907232,2.19035755844475e-16,4
"20211",1.92890574014217e-09,4.99916395032662e-12,3.64780221810087e-66,0.999547269315969,0.000102781393125912,3.21339964897961e-69,0.000349947357000465,8.21740314481056e-50,4
"20215",0.825350192075707,0.0439036299944735,1.59831656473803e-26,1.62859444363679e-07,0.130434438928237,2.17217475792092e-34,0.000311576142137858,1.71355788094304e-25,1
"20218",9.94379108239975e-27,4.15475530371927e-08,7.53460634429643e-11,3.00555714563323e-09,9.49622709443306e-05,0.997225321106569,8.04965147964888e-06,0.00267162234255053,6
"20222",0.060180409965583,6.0681476056165e-05,4.67688944171066e-48,0.0153648714469633,0.919485168038048,4.58351536827631e-33,0.00490886907334946,9.5574560312863e-38,5
"20225",6.98240647843194e-24,0.000430987998012446,4.16036174355501e-14,2.99944094528787e-05,0.688134467505443,2.86179427741683e-16,0.31095042742497,0.000454122662079036,5
"20229",1.99963247982396e-14,0.00232268805030297,1.14026609755106e-19,0.000112636554057947,0.996573481480338,5.09023493624232e-41,0.00099119391528115,9.07354020631658e-18,5
"20232",2.32876755195537e-06,0.848537069206065,5.25848218371497e-12,0.0181636099189145,0.133295530650729,3.93240668843702e-30,1.46145148106464e-06,1.26325813107532e-28,2
"20234",0.00626388065880803,7.41938893997684e-22,3.49181785164896e-59,2.87464931960659e-06,3.51082118980121e-05,5.66778761633849e-125,0.993698136479974,4.65324206485772e-142,7
"20238",0.324651997837151,0.0356969299795935,3.55763939923606e-25,3.1182800440226e-05,0.63861509280639,5.37453200055631e-33,0.00100479657642494,4.83770500637652e-43,5
"20253",0.986297208449054,0.000506267409030974,1.87538369757607e-32,4.13378569059536e-11,0.0129135444436851,1.17808435449583e-45,0.000282979656891718,1.09369612185234e-51,1
"20255",4.03752273579206e-14,0.0436337404311411,5.41081029828634e-10,0.00373150573278633,0.00031453376758132,5.48291278589774e-14,6.76029083549515e-11,0.952320219459712,8
"20258",0.989890104818747,0.000150585031117578,9.51192633736121e-28,2.33653903493755e-06,0.00990237972125584,2.67143701888202e-50,5.45938898452858e-05,2.96591396821622e-43,1
"20269",0.383576719621864,0.0044043292518521,5.58735284266573e-19,1.10572551601614e-06,0.611715306143428,2.6990744047584e-11,0.000302539230348486,1.75428055341865e-20,5
"20271",0.164651713451948,1.06145201569921e-05,9.84202676523438e-14,8.14847858897697e-12,0.730588017572738,1.82582596947051e-63,0.10474965444691,6.89145059071722e-54,5
"20285",7.62180043653422e-24,4.22134203971217e-05,0.0226164511554488,1.3582013026556e-14,0.971840059228839,8.93354070647501e-18,0.00550127619530156,2.63257351580711e-28,5
"20288",0.0024821119963895,0.845955208664184,5.79447229968742e-20,1.17708649212159e-05,0.151528723534748,8.80758649217403e-31,2.21849397570328e-05,9.22384752940658e-29,2
"20291",0.000101370011427289,3.3771346417245e-05,4.67795412568279e-31,0.895419592230756,0.104417854041315,7.44143038326887e-49,2.74123700843485e-05,6.47499055872473e-70,4
"20295",2.13014634783551e-05,1.3699743752873e-08,3.10752812165429e-12,5.79755415577608e-10,0.911563985289308,1.97967626901035e-25,0.0884146989646067,7.90930614403837e-30,5
"20298",2.38448938460267e-19,0.0143247208152072,9.66685738133329e-06,7.60513247731007e-05,0.000514128966009488,1.06808446954539e-08,1.14282416990146e-08,0.985075409927542,8
"20302",2.38108238575033e-17,0.00290780296186729,0.000785269578168217,9.94439987998459e-08,0.0856656895183899,0.910623829116984,1.70768181341177e-05,2.32562458116628e-07,6
"20305",6.49340802053617e-22,0.00382341832072358,0.000152642271895722,2.88384116016837e-05,0.000257654228366633,7.53037431295596e-17,8.83635998752801e-08,0.995737358403812,8
"20307",0.949777583061068,0.0438197764423167,4.13427507796416e-31,0.000355843248019485,0.00604353395296855,2.28990831576601e-41,3.26329562665578e-06,8.05819252417644e-52,1
"20310",0.307987038323075,2.37693562277084e-15,8.33213894587349e-52,7.81815954310965e-11,0.0469773140967523,1.27919031410931e-81,0.645035647501988,3.21521559631995e-120,7
"20313",1.99493271643003e-39,8.58404172302888e-14,4.68331820130972e-05,6.82602660633907e-16,1.28551338825439e-05,0.995830780936166,0.00410953074785189,1.30956802794786e-20,6
"20315",0.163914698524342,0.649101931519223,2.34512111591525e-16,9.87189482860567e-06,0.186965128116719,2.45155681419523e-42,8.36994488650495e-06,2.59396066675108e-47,2
"20319",0.0168667821992393,8.21342306131147e-10,1.77860914570796e-58,0.510432304472786,0.263833559679609,3.57913884397181e-76,0.208867352827024,3.56870728355809e-63,4
"20321",0.874237097351229,6.24646970705681e-07,4.30958954507777e-36,1.59059939353929e-13,0.0696686287318571,3.69025968167686e-39,0.0560936492697841,2.18923770769797e-51,1
"20327",0.952590686250063,0.000254624542005779,4.46055032115667e-18,7.65323534539493e-10,0.0470447759740148,2.69188677126892e-43,0.000109912468592358,2.65341781544521e-55,1
"20329",3.23764626066079e-39,2.04268619899605e-13,0.944974116510616,2.07711863151574e-25,0.000378361739696787,2.62016152941087e-13,0.0546475217492204,2.191882198665e-28,3
"20335",0.874789934134634,1.96984254700725e-08,3.77540204610915e-58,0.0851046561422505,0.0396961759074648,2.28096327060572e-47,0.000409214117225892,1.47715440667891e-73,1
"20337",5.14833859502603e-22,0.000173632503118471,3.22862128195526e-06,1.64765280487076e-05,0.00023025544128528,0.999325368442509,5.72128272637131e-08,0.000250981250929244,6
"20339",2.76710436145462e-17,2.59933847200244e-11,3.25675226697526e-33,0.0921918956620615,0.00513962510548788,7.14961916575524e-78,0.902668479206457,3.16028900003357e-41,7
"20341",8.20664595903116e-10,1.07665872837264e-13,1.50548288603417e-51,0.0340162080804141,0.0432766216798178,3.07975307796442e-33,0.922707169418996,8.03670754829726e-80,7
"20343",0.285784975654143,1.90175072485352e-11,1.19760397999261e-49,7.59590308933572e-10,0.436119538717048,6.94768376238895e-30,0.278095484850202,5.32066393137716e-80,5
"20345",2.38272535183724e-11,0.92472137052657,0.0607711720114785,0.00242367574936679,0.0101916997811299,5.61575014827491e-31,1.15289340701434e-08,0.00189207037869371,2
"20350",4.3991994379246e-18,2.23296099224326e-08,1.02151800001331e-18,2.31074536950547e-13,0.604703087948254,1.33136363744423e-28,0.395296889721905,4.35352688949356e-61,5
"20352",3.54433198534166e-26,4.42583475196103e-14,3.25091834927355e-17,1.01872795804614e-14,1.79897671761361e-05,0.99973677095217,0.000245239280240296,3.58999600705245e-13,6
"20355",5.03525433081095e-15,2.26724936944663e-06,1.30058121347821e-11,8.5421800242188e-10,0.94127138462285,0.0419369261441007,0.0167894211164516,1.78351455207691e-20,5
"20358",6.7299548590213e-36,3.12008844731364e-12,0.993892166815556,1.22154924010378e-19,0.000295653765864819,7.64873405924091e-11,0.00581217933188145,7.08999415763042e-12,3
"20363",0.985668441631616,0.000166742397135004,6.28309070904113e-33,3.74952382875329e-09,0.0139465603358575,1.98298871146691e-33,0.000218251885867167,8.62626929582701e-36,1
"20365",2.64278359637924e-05,0.00752653171735707,1.380461179255e-30,0.962681991625948,0.0297649762042576,1.26492752132646e-49,7.26164737552147e-08,2.8270906676933e-30,4
"20379",5.85463666657464e-19,0.0480426579644323,0.00084632106092166,0.9488925729246,0.00210250889836746,4.28570310388365e-12,1.24429493117718e-05,0.000103496198080584,4
"20387",0.981181737881327,0.00800084304927467,5.98001505206469e-28,0.00490170988232297,0.00591549388124286,1.86398288702201e-33,2.15305832070939e-07,1.70592534990539e-32,1
"20392",4.41840900235591e-07,1.42938268618426e-14,2.98191821380565e-74,0.998301198961253,1.10816431278413e-05,1.72973210372686e-90,0.00168727755470429,1.1431390041111e-58,4
"20395",2.14599484479653e-06,0.976701457778726,5.16625321758121e-06,0.000484640912483037,0.0142793331567377,1.1619724850991e-07,1.69070890761491e-06,0.00852544899783456,2
"20397",1.46615559515341e-62,1.95499744368929e-29,0.981894086830971,1.99956615449348e-31,1.60726706704288e-11,9.10499873061173e-12,0.0181059131438509,4.8101677502163e-52,3
"20410",0.935891475226815,0.0371167699589049,8.79235068645672e-13,0.00306733402213386,0.023924312176533,7.32163403771617e-58,1.08614733667823e-07,3.96708631870088e-24,1
"20414",3.08022643909694e-11,0.00802656339796305,2.27296991897973e-09,5.21173413778063e-05,0.158695062162491,0.00179292008707777,9.64754588895296e-05,0.831336859248428,8
"20417",5.22969933355368e-15,1.38766669134633e-42,1.21206105051911e-73,6.1640051625326e-13,3.74851398419845e-11,1.40175635553593e-154,0.999999999961893,3.19110711220564e-185,7
"20419",0.979319288927868,2.06082296507853e-05,1.99288339713549e-21,5.18879934576274e-15,0.0204707761166906,1.44907109053305e-38,0.000189326725785187,6.11605508244272e-56,1
"20421",1.28109438499491e-13,0.000540346840383247,1.08038974749661e-16,0.854548739265292,0.142881329188549,8.0109783671747e-06,0.0020215735938416,1.33438762364879e-10,4
"20423",4.39354141802955e-17,0.00830624322126165,1.23291989896011e-09,0.00413435379034296,0.00621440480830448,0.0158402007876857,1.61503688039819e-05,0.965488645790681,8
"20425",1.46780171748703e-16,0.021831606424866,2.50229050808226e-15,0.000593653570490193,0.892312112872687,0.0793814933572725,7.25497685701229e-05,0.00580858400611131,5
"20427",0.0118527138749281,0.969859524204222,1.52512557443396e-09,0.00109112047110896,0.016998282538784,3.05277823367221e-20,1.72870303458505e-07,0.000198184515528083,2
"20429",0.00192555377262574,7.53590769735523e-09,8.97141262172026e-26,7.57227852255425e-13,0.887409485818995,3.85945236086795e-35,0.110664952871714,3.83943012237066e-68,5
"20432",6.57889342881637e-20,1.80766869847382e-05,5.21242554139662e-06,6.11230071939252e-10,0.0810064266265076,0.119070191499589,0.0159976995427285,0.783902392607419,8
"20435",0.00763203746858875,0.210696160041607,5.28854932087674e-16,0.0439426743383437,0.735582532823474,5.26543466581138e-42,0.00214659532798595,7.53756348280172e-18,5
"20438",0.872271375718721,0.000659725410106566,4.09092320176844e-17,2.42267403600667e-19,0.092050426188884,4.01330709816497e-16,0.035018472682288,2.65094223090556e-47,1
"20440",0.830435174832659,0.000542600167242603,1.73228891036757e-20,2.87614859867674e-09,0.168905982056969,1.59758475924744e-27,0.000116240066981389,3.85230913886728e-54,1
"20443",3.01569475231062e-20,9.45172011368911e-09,6.30726845772243e-13,2.38400576965034e-13,0.107388688332051,0.826925700681555,0.0656856015338052,3.44230662101462e-27,6
"20446",2.12508071041395e-07,0.0248374602507049,1.02931732168299e-12,1.47266643135774e-05,0.975145562743731,2.03072910744928e-16,2.03783214978539e-06,9.16799810917677e-18,5
"20449",0.00141663790625391,0.988254002750055,3.76855479064922e-12,0.00321005308379778,0.007119303479703,1.11353079557517e-28,2.77642193154423e-09,2.59732092447573e-18,2
"20537",0.0563951362864393,2.92695779094632e-05,5.30391776290564e-34,0.842058029792405,0.101339609437907,6.74583207244926e-33,0.000177954905339588,8.1520701660868e-40,4
"20540",1.97241261669092e-07,3.67437635272142e-16,1.46425601444305e-59,0.987952854429014,3.85651252254434e-07,3.20176661804481e-97,0.0120465626784721,2.16335417269293e-78,4
