"","V1","V2","V3","V4","V5","V6","V7","best$classification"
"19812",0.920685009195774,0.00034266352459647,0.0027810353016461,1.9904330522609e-36,0.00405584674488317,3.18846277440413e-18,0.0721354452330998,1
"19814",0.332424413246375,0.000690660967955887,1.51792926586849e-05,1.01924229863524e-26,1.91969462554003e-05,0.504977550926919,0.161872998619836,6
"19816",0.153485910226663,0.00710578843953032,1.80282641146331e-09,6.51466738366414e-37,0.839408299524088,9.55274706646199e-24,6.89213474030671e-12,5
"19818",0.986814117142676,0.00418900531036983,1.8853970910343e-07,8.26204188020392e-18,0.00495886363325087,0.00374471552298427,0.00029310985100977,1
"19820",7.20915567561088e-06,0.00903548308562645,1.11806701353533e-06,5.39704366964248e-72,0.990956189691685,6.81648486633751e-92,1.85424812620523e-62,5
"19822",1.99816077454586e-05,0.980171939668831,0.0158009965974083,8.0534830977414e-52,0.00400708212601533,4.11539250604538e-121,8.25421142829316e-70,2
"19824",6.27197578677488e-05,0.897915902631297,9.89573215198398e-11,6.11688751745756e-28,0.102021377511878,2.84360831681629e-40,2.50535925467256e-30,2
"19826",0.757570859077404,0.0685759296573393,7.40670001862601e-07,1.44678133059855e-27,3.13293088371094e-05,2.84088511746138e-15,0.173821141286415,1
"19828",0.0197210865810545,0.00196962057724161,2.12845753395193e-05,1.54433332224811e-81,0.978288008266364,8.37614883346125e-35,2.61123572360694e-30,5
"19830",0.960967965314824,0.00621428554340797,0.00464024524666521,1.10076868686835e-24,3.92894015117557e-11,1.51178759068564e-22,0.0281775038558136,1
"19832",0.0712898724475181,0.000152880468104685,0.921681912512131,1.04688942871332e-38,0.00687533456277934,7.20184631657189e-61,9.46711148252589e-12,3
"19834",0.757465363787672,0.0167072142674385,3.65332237232634e-05,1.39974597631976e-33,0.225790888721166,3.0462350380255e-25,2.25560261062474e-18,1
"19836",0.979306039737753,0.017022102609654,1.06260750347474e-05,1.27683804275375e-34,0.00366106289351167,1.84991805368418e-45,1.68684046734483e-07,1
"19838",0.0184459042951153,2.03883117150727e-06,0.000112905241424401,1.04755032126794e-14,8.02271426323989e-12,1.22811568556466e-07,0.981439028812687,7
"19840",0.766278318910265,0.0626693900318616,1.09074494054814e-08,1.26104130053035e-35,0.171052280076499,6.67682120305976e-30,7.39253715927311e-11,1
"19842",2.35076584109039e-05,0.0261983060102529,6.80248096452192e-08,1.08685421517813e-18,4.3327816130088e-24,1.13209869293883e-39,0.973778118306527,7
"19844",1.70642336430434e-11,0.999948313802879,3.42320842317305e-10,5.16858377356744e-05,9.52080697297177e-19,1.07028882703795e-21,4.90929177641698e-28,2
"19846",0.00125846815709706,0.00170849979645007,9.76808542934221e-09,0.00292227736631261,1.07424520207785e-17,0.000985794183694747,0.99312495072836,7
"19848",0.000277499836130201,3.47114422023817e-05,2.25172130700366e-08,1.25190557827514e-11,1.71582635984716e-16,0.998735282120329,0.000952484071605685,6
"19850",0.204406353246605,0.0818806504160813,2.05936724940217e-06,1.8847575320387e-06,4.88345634434683e-10,0.0483782632771658,0.665330788447021,7
"19852",0.411719191966188,0.0101618660467704,5.19296989108312e-07,1.02031973572614e-23,0.578117955611424,4.26773518898981e-08,4.24401276690181e-07,5
"19854",0.000179528065264945,4.13571632335675e-06,1.92070709422129e-07,2.47240290705139e-24,3.63937152109045e-16,0.999735660785303,8.04833623990514e-05,6
"19856",0.00104414191039891,0.998955786463359,5.97624917013613e-08,1.18597994533661e-08,2.98212671145527e-15,3.59674601497966e-12,3.51123240550575e-13,2
"19858",1.12188629072634e-05,0.999988528460795,7.37079589036828e-08,1.13746165179976e-17,1.78968339089711e-07,2.43467898445265e-29,6.91146917670759e-27,2
"19860",0.581916863378835,0.0240847878354907,1.12936428757735e-06,9.25117672914827e-26,0.393738461015463,8.3569004183002e-11,0.000258758322354933,1
"19862",0.000222735430382343,0.000325732899437655,3.07429494097826e-08,1.77653988868877e-06,7.6903048372063e-20,6.90591765868774e-19,0.999449724387342,7
"19864",4.65437588552276e-13,0.999999998355732,1.64380295208521e-09,1.7069900732604e-29,1.03089379953844e-23,4.57187027907429e-135,1.92748208490953e-29,2
"19866",0.364425988396711,0.554186919718783,3.90185390219687e-11,8.34207221525156e-59,0.0813870918454871,1.10969265545391e-57,9.00012551952679e-20,2
"19868",7.47659378149512e-14,6.51946717003356e-10,0.999999999347978,3.34404939045072e-98,1.77462184630317e-29,1.31927934754222e-127,6.59097825697664e-46,3
"19870",0.232092367558069,0.00337220140895653,4.17736003634494e-07,5.86244431740982e-12,4.65007141493825e-09,5.69914044057925e-05,0.764478017236632,7
"19873",0.927197748128267,0.0689566139922213,1.16780461895313e-09,1.90318545830965e-21,0.000829770979907968,1.45132658672578e-08,0.0030158512185334,1
"19875",0.0239538905054963,0.00920361617802294,2.76171251036428e-05,5.18242692248351e-54,0.966814876191377,9.97159096369633e-37,3.97531814534609e-18,5
"19877",0.942641251583847,0.00916697921121789,9.15619037429283e-06,2.50690378994817e-14,0.000329171268434511,0.00553990951464656,0.0423135322314544,1
"19879",0.991575189410464,0.00490501024266804,4.99622707315078e-06,5.84689196879506e-27,0.00351480386983361,4.88878168633061e-12,2.45072580506143e-10,1
"19881",0.897987547961979,0.101664547461799,2.17696136769755e-08,3.43596469627815e-27,3.3312952468142e-07,4.47210844616144e-20,0.000347549677083152,1
"19883",0.159282072479534,0.0584386319313211,1.58048321647481e-09,8.71156574290745e-21,3.05690963591916e-09,2.50153042092802e-21,0.782279290951752,7
"19899",0.986078809996689,0.0132114124380263,0.000656143331689641,2.78688761951082e-66,5.36342309626297e-05,1.46640430493898e-32,2.63198483113088e-12,1
"19908",6.96435085308955e-08,0.999999753025875,1.77330616706988e-07,1.27634427370049e-49,2.57617456818167e-17,3.94296361844611e-95,4.74446921892086e-36,2
"19910",0.809072565076081,0.00680332916391018,2.34346618697167e-07,2.83437499278894e-28,0.184071340263132,1.80772441163252e-08,5.2513073014104e-05,1
"19912",0.000422021284107079,0.0125868258050399,1.13729720532379e-08,4.81080694216492e-17,4.02496357153455e-23,6.59851074430874e-28,0.986991141537881,7
"19914",0.959138898450762,0.0246445676959464,9.22713489648462e-05,7.58737755812728e-27,0.0161242577082289,6.03199615519411e-17,4.7960981817503e-09,1
"19916",5.04040260090237e-08,0.999996689134379,1.18705658088648e-10,2.37542030868299e-48,3.26034288968755e-06,1.3947269782404e-95,1.41987025090725e-38,2
"19918",0.134550867011441,0.021550224490489,2.68546173101446e-10,9.0951716173351e-05,6.17700233360681e-09,0.17525027471429,0.668557675622059,7
"19920",0.00425758030494397,0.00818573003034774,1.34406227190599e-09,0.00321012553319943,8.67049047026091e-14,0.98389017554671,0.0004563872406497,6
"19922",6.39796748432265e-06,2.55695030167591e-10,0.999993370862574,2.74164981518949e-65,2.3091303602804e-07,2.12369737434125e-59,1.2108149090243e-12,3
"19924",0.978894570792745,0.0145255191875695,2.15583083022404e-06,6.74639497013089e-39,2.85147032665919e-05,0.00419099714156509,0.00235824234402384,1
"19926",0.984609115751477,0.00455169182743681,0.0107849009780703,3.78926196835478e-68,5.42914428162923e-05,3.71957262768273e-61,1.99816303226099e-13,1
"19928",5.77861387393038e-19,0.99999996043393,3.95660697572618e-08,9.29234073102833e-23,2.43363349335259e-38,5.52335007645088e-168,2.97357885268746e-23,2
"19930",0.0539116522454981,5.96088695572863e-05,3.66579945833424e-06,5.6455138051955e-18,2.62822492220725e-06,0.000174854315923455,0.945847590544641,7
"19932",0.00763465237969525,6.8504173416669e-06,7.35912720871698e-06,6.21164903117794e-15,6.04601945249388e-12,0.00718743841332568,0.985163699656376,7
"19934",0.524125382183115,0.0179282685447026,4.6424568367096e-05,2.67872657555375e-29,0.457899924703815,1.88714384199384e-22,6.74145989490739e-17,1
"19936",0.984396429979968,0.00193208550578714,0.0105139830289232,2.21790445600148e-57,1.62463113066924e-05,4.80495190814791e-12,0.00314125516921017,1
"19938",0.240403418389211,0.749855115171819,0.000208322016165315,1.6066362976886e-57,0.00953314442280455,4.83933402993352e-51,5.05277738644087e-37,2
"19940",0.981643900346935,0.0162187488839889,1.05864253862335e-08,4.64613899976328e-23,0.000897142410657338,1.269524370935e-11,0.00124019775929844,1
"19942",2.94592936698957e-10,0.999999999413557,2.91848934339374e-10,1.14904471282392e-33,8.53021377538795e-27,7.68352807326308e-123,1.15632650533115e-15,2
"19944",0.78048536661505,0.0334606281480325,2.67676480452854e-07,4.16046535877134e-30,0.186052257535259,2.03613483883234e-17,1.48002517838611e-06,1
"19946",0.894193268341686,0.0614620182070803,6.27687225236555e-08,9.00256502983211e-16,0.044237456022427,3.6881865497e-05,7.03127945862334e-05,1
"19948",7.79002925673068e-11,0.999999997714407,3.96774222833667e-12,1.94144892375995e-21,2.18520585614696e-24,1.06096411669427e-89,2.20372454586714e-09,2
"19950",3.59664962550964e-07,0.000355556933550566,3.3601404474529e-09,5.16219578616946e-08,7.75803383627906e-22,0.999644028415735,3.6537882427477e-12,6
"19952",7.79002925673068e-11,0.999999997714407,3.96774222833667e-12,1.94144892375995e-21,2.18520585614696e-24,1.06096411669427e-89,2.20372454586714e-09,2
"19954",0.0185245433803685,3.36311972502881e-05,1.15869045610622e-06,1.08503269898606e-16,6.2882505376805e-09,0.026496303225785,0.954944357217889,7
"19956",6.26429067772289e-05,0.999617554215752,0.000293032995268004,3.05723674942737e-22,4.79786554417737e-27,2.8679329441749e-34,2.67698822023064e-05,2
"19958",1.74498171117232e-16,7.76370769689819e-12,0.999999999992236,3.30999660242352e-46,2.55261980959569e-19,6.47203469856891e-104,1.39857534226533e-31,3
"19962",0.142915876674312,0.857049185966702,2.92924479932212e-05,1.47666957252899e-16,5.64464376772298e-06,3.80629001194177e-16,2.67224007139524e-10,2
"19964",0.965751457823056,0.034217764430696,3.87061125998791e-06,2.51952693803772e-29,2.61737989981976e-05,7.55567140268901e-19,7.33335989605488e-07,1
"19966",0.149461190397876,0.843788556975928,2.10940474279374e-06,1.19190459471992e-61,0.00674814322145375,3.90511085287993e-112,1.88316067182674e-41,2
"19969",0.391457280026392,0.0261835029583791,3.44351955744173e-08,2.68774629922058e-35,9.74043559340977e-09,6.04835283922911e-21,0.582359172839598,7
"19972",0.177718690082785,0.813391460380558,4.8219222490167e-08,1.01042539013644e-11,1.60137591464385e-12,7.58057891735519e-07,0.00888904324783716,2
"19974",1.63494867369276e-07,0.00466250359827981,1.09632233110274e-11,0.9897486469266,1.40664270466353e-27,1.06752637262448e-08,0.00558867529402615,4
"19976",0.947635113185819,0.0333562422504015,3.04656663738217e-08,1.19046673865766e-11,0.000214114506223478,0.0184859392624614,0.000308560317524086,1
"19978",0.450334931841239,0.0135427106025386,3.75450059345815e-09,1.14092954738927e-27,0.53612223365202,7.58156747759355e-12,1.20142119956436e-07,5
"19980",0.000149174081767248,1.07638466106663e-05,2.3896403192096e-08,2.35569528260572e-10,1.93949600384806e-17,0.998691490190542,0.00114854774910749,6
"19982",0.577259375395335,0.411991605593019,0.00545678935962788,5.02900835524582e-49,1.34597855822912e-12,0.00528862034256065,3.60930811155107e-06,1
"19984",2.15038873693364e-05,0.337716297059963,8.73021041310135e-10,0.660778934976023,2.81503918816309e-15,0.00148326320355598,6.57459479330286e-14,4
"19986",0.0027293979744636,0.121156186317382,2.54312981167642e-06,5.0677806231868e-61,0.876111872578343,1.18580961459792e-83,9.42086279877175e-47,5
"19988",2.6926914895408e-06,0.0329788237663338,2.58705099366943e-05,3.26359077639518e-69,0.96699261303224,3.9190988594134e-104,3.23095480767949e-69,5
"19992",7.94553420179526e-05,0.026353492953361,1.72404195448971e-06,7.97539683947137e-52,0.973565327662666,1.83098949337257e-59,2.40997847003688e-48,5
"19994",0.0394028526265582,1.16504726963808e-05,5.42952000919892e-05,3.87048615392825e-30,2.7918327259602e-06,1.43674553129321e-06,0.960526973122396,7
"19996",0.000886467991438999,0.0100492423041809,3.84694662933682e-07,2.60892903527829e-65,0.989063905009717,5.83798405108962e-47,5.51972651916708e-42,5
"19998",0.0153831499396704,0.984616849481349,5.69972625498002e-10,7.25763821014717e-79,7.78153990575017e-12,1.10012479545605e-52,1.22628317688848e-12,2
"20000",0.0441365785596237,0.000822482665481814,0.954942572402152,1.46440663350516e-36,2.02328668740414e-19,1.93541365913077e-67,9.83663727426738e-05,3
"20003",0.975953870052967,0.000453291540152008,0.000988452898602042,4.41174316203503e-28,0.000132292098694761,2.81891305205731e-28,0.0224720934095839,1
"20005",8.87324250980959e-05,0.000211647469999829,6.33910106842244e-09,2.60121839281142e-14,3.71865959628054e-19,0.999689537240181,1.00765255936464e-05,6
"20007",0.958245960432883,0.029150541483925,1.75452895965244e-06,1.42579509367646e-27,0.012601743553827,1.62512714222014e-15,4.03357055875959e-13,1
"20009",0.000239374591271881,0.999626672490218,8.77795305343746e-08,2.28372563677834e-37,0.000133865138979992,3.88964906984031e-70,3.65714661942972e-39,2
"20011",0.823328424599722,0.176292804298684,2.12538343900364e-08,3.41403548794739e-19,3.79422767809055e-09,1.83673599631596e-06,0.000376909317536097,1
"20013",0.176193651284949,0.00359438699818625,1.36960884673666e-06,7.59822624962133e-10,2.17623339350819e-08,0.774599017177444,0.0456115524084173,6
"20016",9.11418425535049e-05,0.927118206849956,2.80662939090948e-06,3.62543205077149e-48,0.0727878446780992,2.87401868382587e-77,1.35299295071723e-55,2
"20018",1.67826588715905e-23,3.02902085134112e-06,0.99999694690222,3.47665810969592e-66,2.40769291769837e-08,8.53204029384716e-254,1.18229898281333e-102,3
"20021",0.0138313567023634,0.00276170159097925,6.88535272130374e-06,4.05786939745863e-42,0.983400056353934,4.41865121288048e-40,1.97611054561973e-15,5
"20023",0.658801315177841,0.10645971323712,6.04774642162773e-05,5.1830983872982e-33,0.234678494086774,1.06295987582361e-19,3.40486692453749e-11,1
"20025",2.26052478012506e-11,0.0677631700537354,0.930377921579691,2.65512256176896e-57,0.00185890834396794,2.64399995613735e-149,5.06999845593224e-63,3
"20027",0.0121640673305974,0.00679676924211225,1.98665754137762e-06,6.3791023983605e-24,1.77816360146873e-15,1.55718096731696e-31,0.981037176769747,7
"20029",0.0361099623672167,0.057188390145107,9.10495732544695e-10,1.7335342942562e-17,3.36583854430736e-14,7.31064524569383e-14,0.906701646577074,7
"20032",0.00311116781173278,1.70887970561572e-05,6.49142217942365e-06,1.4440096389064e-26,7.14634941623226e-13,4.26927544554036e-18,0.996865251968317,7
"20034",9.17408055495994e-08,0.999996044564395,4.90417203937533e-09,1.43286796481804e-20,1.38040458660017e-19,6.86855618773403e-80,3.85879062697162e-06,2
"20036",0.142530443081847,0.857464387876602,5.16702088566708e-06,7.42329181127461e-24,5.11362906424553e-10,6.81315789773249e-22,1.50930270401861e-09,2
"20038",0.0764271132926598,0.000880723466248803,0.00203239601425004,2.15286727294827e-82,0.920659767226841,1.78903798517471e-68,1.08635768712021e-31,5
"20040",4.24201506500812e-11,0.999557284117482,0.000108398830506244,2.23929616752789e-47,0.000334317009591359,2.03966956298747e-134,5.3616453605383e-66,2
"20043",0.0140422520319222,0.00697360698062832,9.80052283670335e-05,1.08756955113195e-56,0.978886135759082,1.1840556389992e-32,3.83604952155662e-21,5
"20045",2.81308029904988e-08,0.0492673799823491,0.00126568361355008,9.49391426802423e-58,0.949466908273298,3.68188490252718e-91,3.4786360353105e-72,5
"20048",2.71601268348879e-12,0.000548137178333958,1.3255170386467e-10,0.999451862686398,3.19771977559864e-25,5.27585615722392e-21,1.12920612544795e-20,4
"20051",0.826748180336152,0.144728317749909,0.00416754439683822,3.74150479933292e-22,0.0243559574151231,2.07468673782732e-14,1.01956104543591e-10,1
"20053",0.296587277136623,0.543770499202484,3.06022884061783e-09,7.70244172678828e-28,0.159642220600664,3.96553448129884e-23,1.04742428335135e-15,2
"20055",0.824219488651402,0.00019895566002197,0.171177894889605,9.38602705225244e-81,0.00440366079897042,2.86640662545847e-86,4.884887529603e-26,1
"20057",3.49313459107119e-28,1.5655527824842e-13,0.999999999999843,2.44152384022063e-25,5.75493670904771e-44,3.08436330277042e-228,2.49268931874851e-49,3
"20059",0.144599015209518,0.572200213804063,0.00147824150623251,3.4532718201802e-42,0.281722529480186,2.29176575582122e-42,1.96661639249982e-18,2
"20061",0.479243914132059,0.174571330538481,4.90848891089837e-07,4.09426476916942e-30,0.34618426447922,2.22122512543813e-23,1.34826389741161e-12,1
"20063",5.84862938385733e-19,0.999999987912848,1.20871481796627e-08,3.88154613893691e-15,4.3512780273819e-17,6.89946292750219e-76,1.89962051745789e-59,2
"20065",9.95763294142504e-09,1.93819086347821e-06,0.961480751182321,1.17378493059712e-82,0.0385173006691825,1.31991941034651e-163,2.71925313707582e-60,3
"20067",0.00097675218885243,0.229983174152829,0.000514305480159298,1.97383032130488e-29,0.76852576817816,4.9275536306829e-29,4.44126300600997e-35,5
"20069",0.000123938202774067,1.18545223264785e-05,4.00775111678139e-08,1.17282654940312e-15,3.36416521473855e-17,0.999741489965859,0.000122677231528326,6
"20071",0.320614024602176,0.67938498531598,8.09784896538443e-07,1.4303390397431e-47,1.8029694747392e-07,3.04456954037927e-55,1.37852953151266e-18,2
"20073",0.0912433317842482,0.897269799258485,4.98307929786359e-09,0.00452030001486004,2.79132039066658e-08,0.00686143998743794,0.000105096058685297,2
"20075",3.68717035511029e-11,8.69979339173123e-13,0.999999999962258,4.32412169310411e-62,2.89548237936037e-23,1.04608866296849e-160,2.31930132968243e-37,3
"20077",0.104445007302424,0.0219989677711032,6.08150286941429e-09,1.39328880736552e-27,0.87355601884497,2.62940832662701e-21,1.88599632096912e-17,5
"20079",0.00023776044390612,0.999761058156168,8.21247797597438e-08,3.28694662107739e-30,1.09927514570197e-06,1.4205898954204e-23,1.62038740490757e-22,2
"20081",0.252127643883924,0.000271866373164764,0.4996647870828,4.28503072578637e-141,0.247935702660111,1.68860882635459e-31,9.15290182585872e-26,3
"20083",6.84585899368135e-06,0.999992622130024,5.32010981930684e-07,1.6815623045434e-23,1.50646866870519e-18,8.99488085766819e-44,1.20838839194987e-24,2
"20085",1.46602923041427e-06,0.00802300550973197,0.000159748927084154,5.09120552642275e-69,0.991815779533954,6.79349585421057e-111,1.05103052285249e-64,5
"20088",0.00835204075763473,0.0201137985809995,5.34506328194032e-05,1.80246379120071e-43,0.971480710028546,3.83046356470464e-44,3.5051910159446e-27,5
"20091",1.26020599027015e-07,7.08932359516366e-09,0.999999754338162,1.16663208640966e-68,1.12551915834096e-07,3.32926083550078e-84,3.53957674177868e-41,3
"20095",4.61950989920817e-06,0.99999537452832,5.96175163941216e-09,1.55401027555835e-54,2.88674942000808e-14,1.3667920207073e-23,1.51252581511006e-29,2
"20097",2.27926165281025e-06,0.0088189551621703,0.002874855977897,8.33163378453161e-71,0.98830390959828,2.83312343148404e-112,4.17252529808601e-65,5
"20099",0.000308703703377469,0.999419479727543,1.41094213424532e-15,4.61152186555385e-22,0.000271816569078489,7.74407589820201e-44,1.1508535432091e-28,2
"20102",4.37192391543962e-08,0.311679060436447,0.688320895689583,1.51795608306934e-10,2.93470326839399e-12,4.94727669347895e-40,1.88221861479901e-31,3
"20105",0.00484457018365309,0.0960104162497811,8.57963786516876e-08,1.53072790110763e-24,0.899144927770187,4.03899360000197e-25,4.56303179911748e-27,5
"20107",0.187322871620446,0.0146150042013568,3.18840789735056e-07,1.44932190252176e-54,0.798061805337407,1.4613368322531e-37,1.15677663070444e-27,5
"20109",0.00832466173740594,0.936563845852577,2.20347210487702e-11,1.08717551236472e-12,0.0551114923868939,1.36022477733963e-15,1.78562282624206e-18,2
"20111",1.09092488795721e-09,5.01362132120344e-12,0.99999999890394,8.48672593225454e-77,4.1001408505271e-23,2.69131796161215e-60,1.21523247641635e-13,3
"20113",0.854340363557769,0.139215011884102,1.7280103223886e-07,2.33377592486727e-52,0.00644445175709632,8.51576698765567e-56,2.68445716906445e-19,1
"20115",0.027192645236462,0.00209925150741429,0.152548520322244,1.66416620819316e-15,1.53912358434042e-12,2.21566491557733e-38,0.818159582932339,7
"20117",4.68815427804197e-11,0.000138682757069829,0.999861317196049,1.04372090944029e-139,2.11191527975135e-18,2.36841277838432e-172,1.04053383858365e-49,3
"20119",0.0190364714689549,0.960995195819165,5.2957347015644e-09,8.02563103708227e-64,0.0199683274161451,1.46354666761929e-108,4.26823088916281e-33,2
"20121",0.0481565460321709,0.0347410236581126,9.38054294635128e-06,1.71022759689305e-62,0.91709304976677,5.46343478906905e-57,2.87711900118568e-32,5
"20123",3.25955572173054e-08,7.85194819346312e-08,0.999999716506322,1.80546253764026e-51,1.72378638557994e-07,8.39827054136415e-157,2.62972330073189e-46,3
"20125",0.0336478241314482,0.00116911483204726,1.4039854783291e-05,3.7276264376591e-05,2.76293894537767e-10,0.0749034718465788,0.890228272794472,7
"20127",1.06277149255659e-06,0.0133706464892285,6.0122563644807e-06,3.88992729979583e-69,0.986622278482914,2.40320148447692e-67,5.82911025707029e-59,5
"20140",0.845065895490155,0.00161718170940028,0.153315719335241,3.21497857125111e-118,1.2034652033504e-06,3.15336818282235e-73,1.22873138016238e-19,1
"20142",6.26856335790498e-06,0.00164790775965766,8.77280441697553e-08,0.98923799676665,8.43156215705224e-20,0.00910706692956774,6.722527224388e-07,4
"20144",0.0820153881338782,0.00192175807516596,0.897779217367445,6.25252536844449e-13,5.32194069873308e-15,7.62482528378658e-32,0.0182836364228798,3
"20146",0.0565929658470455,0.943114838437822,0.000292168590265199,4.5048283974909e-13,1.38804883970249e-10,1.9592878207773e-08,7.39273405282379e-09,2
"20148",0.839706133798876,0.0086669656743941,3.25598079653066e-05,8.14760271492834e-20,0.000244934041368106,4.46911549148795e-08,0.151349361986242,1
"20150",0.00037651283174133,0.00588248774320973,1.69204845707614e-08,0.180471417302765,2.24209293264201e-21,0.0100372548944314,0.803232310307368,7
"20152",0.927415356856741,0.0097643984635744,5.26806401890296e-05,4.32028236447801e-24,0.000673111106831262,2.4986514793195e-09,0.062094450434013,1
"20154",2.37860914305062e-10,1.92355812472821e-05,0.999902049526942,2.25640990212036e-42,7.87146539504124e-05,7.58919826967948e-95,6.62001781996096e-61,3
"20156",0.231097297843852,0.768600916952342,0.000134241593787961,9.54007986169811e-33,0.000167543610016536,9.80268070695103e-16,2.75524052030284e-19,2
"20159",0.0247012216713425,0.0445977113721484,0.000123492677568739,2.93649816978413e-20,8.3483550647722e-16,0.930577498390127,7.5888812119445e-08,6
"20161",1.33213725773135e-05,0.999985625977928,1.0526493672741e-06,3.32345830400957e-16,5.09083106217512e-14,3.52972006185739e-19,7.59863367369188e-14,2
"20163",0.938282648997575,0.00460834429055891,0.0564817414429348,2.55897877765677e-38,0.000610484480220263,3.53247561915287e-41,1.6780788710821e-05,1
"20165",6.31139802387179e-06,0.999986977555604,1.51689600724844e-08,1.75161409547133e-08,6.67833638480121e-06,2.4886234930955e-11,6.52368555032765e-28,2
"20167",0.306020162153846,0.00221058762063576,1.66935015337154e-07,8.20975127188136e-12,0.000107427313974372,0.445100675516527,0.246560980451792,6
"20169",1.59836784741205e-10,0.00010674355035234,1.99524318871524e-10,0.999893256073973,2.80058401007935e-24,1.63090442124644e-11,4.50777160349094e-15,4
"20171",3.36549684843815e-15,0.000110549445109797,0.999889269917716,2.31599725747304e-44,1.80637171099282e-07,9.46654897778562e-113,1.31506814772138e-78,3
"20173",3.05163371454239e-13,0.999999999998439,3.71651889733099e-13,2.68409139472949e-35,8.84514754369241e-13,1.83870592133803e-76,3.35436941396913e-35,2
"20175",0.920476600001066,0.0126323430058421,2.07222159427463e-05,4.31608726783898e-30,2.0924005270304e-07,0.0488066879629863,0.0180634375741105,1
"20177",0.0121741537688254,0.987769704455652,1.63113261429011e-08,1.88720044943818e-80,5.61254641966252e-05,8.30205113098618e-52,2.61334543461324e-23,2
"20180",0.000671033435834215,0.0103411084742618,0.000920974907388594,4.78854678836314e-78,0.988066883182515,6.74346231328845e-108,1.169528417569e-36,5
"20182",3.64887065479383e-22,0.0058795869918475,0.00460883830900176,0.989511574699151,7.79180610797805e-49,1.29025457635719e-97,1.44532591636165e-23,4
"20184",0.00714987578477876,0.00986035208972448,4.52334135976517e-08,1.60878315833546e-07,1.36282938329137e-11,0.982978952541995,1.06134581440204e-05,6
"20187",4.07393472877828e-05,0.999959260587744,3.20283973481975e-11,3.04565957186667e-20,3.28543809885949e-11,1.25219003934042e-43,8.56272293017481e-14,2
"20189",0.248577192605737,0.120055673543649,1.87665048445684e-10,1.18088623094899e-32,0.631367133659136,1.29846672303961e-36,3.81315533454024e-12,5
"20192",1.396254618223e-10,0.471636879937669,0.528282463735946,1.30207957698061e-47,8.06561867597632e-05,1.31604110323989e-143,2.47001437818546e-35,3
"20194",6.57310144716635e-05,0.999933779811738,2.73035737918032e-10,1.66158190767757e-22,5.79107907681331e-23,4.1410046776349e-25,4.88900754689842e-07,2
"20196",2.37514495444712e-05,0.000504018962459238,0.308231280869154,1.87939074389272e-62,0.691240948718843,6.56417572071624e-93,3.46418410944306e-50,5
"20198",0.827578276897536,0.163850668423531,0.00820498551947728,4.86605176106456e-57,0.00036506222814138,1.02072144326359e-19,1.00693131375353e-06,1
"20204",0.035730104389436,0.00201843004578482,7.06092318483039e-05,0.00779532265925513,6.38921095269207e-14,0.00190598395718425,0.952479549716427,7
"20207",0.00550167395039786,0.0468222713045474,0.23518005206692,4.30007882011219e-65,0.712496002678135,3.7558540233882e-48,3.10353795595605e-45,5
"20209",0.000150400301554028,1.31774696953072e-07,0.999849467893235,1.69628480825898e-56,9.79533315949187e-20,6.04053021348739e-122,3.05140210240328e-11,3
"20211",9.97831715625874e-07,2.14100562374964e-08,0.999994349530783,1.3158547927557e-50,4.63122744508831e-06,4.924150802088e-88,2.9606762474703e-37,3
"20215",0.136072829262198,0.127181553689339,1.02972327494725e-06,1.63052079782621e-42,0.736744587325188,5.9071051921946e-38,1.04285655004939e-21,5
"20218",0.000250605157933689,0.0020231817890212,2.20700862304537e-07,0.626258619646256,1.56157183255852e-17,0.371231037786631,0.000236334919295661,4
"20222",0.0580940700024458,0.0134571466384193,0.42713722038889,6.54654684947256e-75,0.501311562970245,2.01911035341304e-35,3.35723330278946e-31,5
"20225",0.259127573405066,0.567058808316977,0.16329517048081,3.57829903029664e-13,3.36332147392814e-16,5.79377747273616e-23,0.0105184477967891,2
"20229",0.67452454549405,0.31801771458896,0.00745773743767611,3.82513587732323e-53,2.47925491647273e-09,2.22002948138979e-63,5.93962192896341e-14,1
"20232",0.99170702630757,0.00562832413440391,0.00163595256507346,2.76013072950597e-100,0.0010286969929526,3.85019918335729e-27,3.39219085939614e-17,1
"20234",2.06756423140558e-14,0.00168924000951949,0.884038278283859,8.88213134087271e-107,0.114272481706601,3.50318774384654e-204,1.06723189438681e-88,3
"20238",0.021097485883458,0.601835591434426,7.2674970019315e-06,5.50926743918477e-38,0.377059655185114,3.19811118433835e-38,6.55352844564547e-33,2
"20253",0.00351710231541836,0.0527946241241023,6.9634548313532e-07,2.86507000543633e-51,0.943687577214996,2.37064795167171e-67,3.64207438893803e-42,5
"20255",0.0855129998831729,2.98835069066981e-06,0.00168696336127013,5.51184031401928e-24,1.16870694085541e-08,9.59308948365973e-07,0.912796077408849,7
"20258",0.000505222482842894,0.00450087544165644,2.40062890495936e-06,4.80542889198072e-63,0.994991501446596,2.49898656346643e-57,2.72402669004988e-34,5
"20269",0.0290261540554012,0.136944132097991,4.48727141214862e-08,2.59685768663927e-18,0.834029668973894,7.29054588044165e-17,2.40971661840266e-20,5
"20271",0.000455472501753003,0.391687758274902,1.96896213045797e-07,3.43282747721328e-58,0.607856572327132,2.83591587268734e-95,8.88927256123636e-37,5
"20285",0.0057663613050675,0.994233230045073,4.08649650933853e-07,1.99429873365739e-39,1.64448029934624e-16,4.80080264395418e-53,2.08545410863817e-13,2
"20288",0.888291708481647,0.0659477549855132,7.8242122612186e-06,1.86434116649851e-42,0.0457527123205782,2.2770761308153e-29,3.85436709975857e-23,1
"20291",0.00396111075973053,0.00450242232026661,0.910573676831556,5.51780144150299e-74,0.0809627900884465,2.07650274192121e-76,5.38286538331792e-47,3
"20295",5.38274844155005e-06,0.999383576718686,8.68173164325555e-10,1.85033000479535e-30,0.000611039664698878,1.10696872878924e-49,9.13676778405862e-20,2
"20298",0.00651815092009416,5.36933205010822e-05,2.32297113912353e-06,2.49073869290757e-08,2.96382436588517e-13,2.01548286329005e-07,0.993425606332296,7
"20302",0.286041736029219,0.713143915143877,1.54166966324292e-06,2.89694090625389e-08,8.7174470343923e-11,6.5260339709025e-05,0.000747517760948789,2
"20305",0.00473663859451723,0.000172981509723008,1.07240676534314e-06,2.65987411926578e-10,1.15386074432307e-14,9.95064229350493e-18,0.995089307222996,7
"20307",0.00681171629606839,0.0191817342955085,0.000121840999347437,8.87658244301318e-62,0.973884708409076,9.9485553907587e-55,2.02379668523489e-41,5
"20310",1.07164448453666e-10,0.323774834748588,7.04579363467826e-05,8.93598057522586e-70,0.6761547072079,4.43479591506952e-121,9.09401900202857e-78,5
"20313",4.59459656222303e-09,0.00367056224289412,8.50846829027238e-11,3.35282884214581e-05,3.15035590923693e-28,0.996295904788738,2.64894672422382e-13,6
"20315",0.433130163127392,0.0134012596795538,6.79902553970461e-06,1.00663930708509e-94,0.553461778167515,2.0126070078754e-51,8.9093627927826e-34,5
"20319",3.0455580499253e-06,0.0068131027423276,0.977147206850287,1.03418731585401e-55,0.0160366448493354,5.85557680328331e-120,8.49253826724524e-48,3
"20321",1.7916233626892e-05,0.11569641186041,7.02342904858148e-09,5.99389624791817e-39,0.884285664882534,5.74139131641367e-53,6.75488427976337e-42,5
"20327",0.00045869585819066,0.0155949833806765,1.81563526230088e-09,3.03772743755128e-55,0.983946318945498,4.08894694814722e-60,2.62627787082573e-37,5
"20329",1.36402772731459e-08,0.9999933351464,2.34047006877433e-12,4.83695141217116e-13,1.83410795135799e-26,3.58757728651648e-49,6.65121049847356e-06,2
"20335",2.53155160426897e-06,0.00414880812547787,0.0556316372076409,7.88510597961072e-57,0.940217023115277,1.97495461880627e-62,6.83131586265643e-55,5
"20337",0.000850240514141141,5.14155813496622e-05,8.86359630705911e-07,2.8525558003482e-21,1.28925288321926e-15,0.99909342332246,4.0342224166581e-06,6
"20339",1.77896916023457e-06,0.00374198458357834,0.99625623644657,5.17808250614872e-67,6.91214907127474e-13,6.56030289476559e-143,6.72574914931675e-26,3
"20341",9.36352688103548e-09,0.00109886030021551,0.998900577728094,4.64675880920945e-51,5.526081640622e-07,3.59290489226243e-70,5.07639057832637e-56,3
"20343",3.44605973902481e-08,0.937066524156585,0.000168074446550119,3.82478116103484e-32,0.0627653669362669,1.07772884666242e-65,2.5552346848773e-57,2
"20345",0.988848762463145,0.0100998705847129,0.000130265460602789,3.02716008904635e-26,7.00723588075414e-07,1.08392583913434e-38,0.000920400767951331,1
"20350",0.000340762191098924,0.937394329777985,0.0622649080276854,4.14380804054107e-128,3.23060869228681e-12,4.11694719275834e-46,1.48440489674808e-28,2
"20352",1.90772260961467e-08,0.000734811769073013,3.24365129300346e-10,0.999262966816197,4.07081243359668e-19,2.20201302792574e-06,1.10796938332106e-13,4
"20355",0.000769510567136433,0.999205135525838,2.50538502640848e-05,3.00000681908669e-07,5.56333373506415e-11,2.85568373265648e-13,1.60687257285058e-13,2
"20358",8.05926293133012e-07,0.999007595006778,2.76205828321103e-12,3.22423434645591e-23,8.65216467708553e-25,5.89275067750949e-37,0.000991599064166776,2
"20363",0.000440612199990623,0.0463628026368903,5.51907260633753e-09,3.31118876204137e-40,0.953196579644046,1.06530843584038e-39,6.36067992832704e-32,5
"20365",0.0827891826978286,1.13882926869006e-06,0.909085031029493,6.37049955342995e-102,0.00812464744340983,5.58394730824041e-56,3.42112359826235e-24,3
"20379",0.270720382120155,0.000220410528259317,0.602254876189052,4.32985067689773e-68,3.30809431882437e-10,1.30854281123394e-12,0.126804330830416,3
"20387",0.00645785658423527,0.00474949416995564,0.000352076198784794,1.78466947420756e-51,0.988440573047024,1.46736254270172e-39,1.47109195761935e-24,5
"20392",7.10055088490762e-09,9.4761194423279e-09,0.99993525203713,3.64327048804004e-55,6.47313861993431e-05,1.90345492244454e-114,1.43805081851174e-43,3
"20395",0.905742565405888,0.0406202602010592,0.000256463131331856,1.27626122876251e-32,0.000294449996825792,0.000102492817099439,0.052983768447796,1
"20397",2.85758175383402e-17,0.999951811292689,7.19481534805073e-13,4.81887062946654e-05,9.46568050654198e-42,1.85126909828993e-60,2.96948777644674e-13,2
"20410",0.0361967810452764,0.00744658299502536,2.12207305975069e-05,3.32680199230207e-49,0.956335415229101,1.54063519529711e-64,2.45372399306275e-17,5
"20414",0.479251259394332,0.157852159123048,1.09145590255132e-06,1.62306166012791e-05,2.00077491509585e-07,0.320906793840732,0.0419722654918925,1
"20417",2.192688221382e-25,0.000811454519422631,0.999188545367581,7.90358058477521e-74,1.129961843821e-10,0,9.73151697860305e-117,3
"20419",0.000120567143214218,0.0149467924168378,5.86219676992769e-13,1.50015277718364e-40,0.984932640439362,2.48280319398705e-60,9.87905699790923e-45,5
"20421",0.167779834758308,0.0533088718518336,0.778911094486591,2.95622443597639e-09,1.86478393382537e-07,2.96171467174481e-13,9.46835355760592e-09,3
"20423",0.211776253525046,0.00302070538658539,0.00221247233609418,6.51467379504022e-17,2.91634491584628e-10,0.674063119979628,0.108927448481011,6
"20425",0.957942031497122,0.0319293819529451,0.000612000108400231,2.01550235762479e-06,7.10353347936774e-11,0.00937892622814815,0.00013564463999199,1
"20427",0.912145816820089,0.0390504582831706,4.19769100838771e-06,1.43919693010425e-18,0.0471227341224324,1.20220031198816e-08,0.00167678106129687,1
"20429",4.01669951489556e-07,0.998920388045931,6.98444626564879e-08,4.4434150193269e-57,0.0010791404396547,1.26815240344965e-77,1.89803523119806e-48,2
"20432",0.0148076484504286,0.813577677498112,7.91812484791592e-08,0.0292956834773302,1.27956045343147e-13,0.00595094650680913,0.136367964885944,2
"20435",0.587222396449248,0.356348972441392,0.0091334565428886,2.62318326800861e-41,0.0472951745553514,5.20324598531473e-34,1.11203570236094e-11,1
"20438",0.00520962817048785,0.143539662012249,1.27210312350206e-10,1.12303515323309e-28,0.851250709690053,1.02540861412878e-37,1.97022223206373e-30,5
"20440",0.00278668209422765,0.0313895823597597,3.6346239199641e-08,3.52246355741252e-62,0.965823699199773,2.04106024192286e-49,2.88286317894447e-40,5
"20443",0.000108444631757822,0.999862500270084,8.92864835979712e-07,1.08359131895615e-05,1.14939027405232e-13,1.7326320017175e-05,4.58441002959303e-19,2
"20446",0.72085859903933,0.27909565283977,1.20086006770869e-05,9.87011109574212e-24,3.37395201160066e-05,1.90392603906948e-33,1.0665635182161e-13,1
"20449",0.907754228114675,0.041516311183222,0.000441896536143335,1.47593028698731e-39,0.050287564165946,1.41871354176175e-39,1.35342773710819e-14,1
"20537",0.0014686130189347,0.0194466894767575,0.395471309736976,3.37927517338468e-30,0.583613387767332,7.21491888963005e-58,9.30081958138536e-29,5
"20540",1.03379282576069e-10,3.98465797754237e-09,0.999902308055255,1.20603164385033e-82,9.76878567078675e-05,7.86559887430141e-143,1.62374215623841e-51,3
"20543",0.929544176894915,0.00933218726667242,6.32818225429241e-05,4.33984924310913e-16,0.061060350390951,1.52655373897424e-15,3.62491634999474e-09,1
"20545",4.52742592781906e-09,1.59692279978956e-09,0.99999853087643,4.431600074711e-53,1.46299922086923e-06,9.31969081519299e-91,1.75965652495731e-40,3
"20549",0.972291563362617,0.00104421308026618,0.0022813081728741,2.6314288526072e-24,0.014270745192143,0.00987001746634065,0.000242152725758869,1
"20551",0.229856029628671,0.00626140488788016,5.98502449190075e-05,5.04277403830889e-54,0.763822715238523,2.09689810136927e-15,4.5020280479926e-15,5
"20554",0.0525241495035413,0.00265473262210145,1.82965077297215e-06,4.24367677383744e-64,0.944819288223584,2.3497454361315e-26,1.16144851862125e-18,5
"20556",0.972790411641333,0.000417070783165129,0.0267235274709126,1.83543813132269e-68,6.89901044237273e-05,1.55378376530755e-19,1.65258123777584e-13,1
"20558",0.00192736314922885,0.00460639815803802,1.42698880207616e-05,3.2159655196597e-91,0.993451968804712,4.50853942187388e-42,5.82112763720858e-36,5
"20560",0.0672135719218241,0.0574770706346791,2.30662294268622e-09,1.08850185325106e-17,0.875309355136871,1.51628577306456e-15,1.2722090120487e-15,5
"20563",3.25394718071038e-07,0.0111344391375982,5.37542727050904e-06,7.59917003051092e-73,0.988859860040413,2.46938599662319e-66,2.25408355664405e-54,5
"20565",0.444930417945653,0.498745812064193,2.778037598151e-05,2.02597614663537e-40,0.0562959896141724,8.00712656305491e-18,1.37621096115789e-19,2
"20567",0.0227219928052857,0.383375596317977,7.89880917642466e-06,5.24740082130888e-13,2.07962995773159e-13,0.578619084705938,0.0152754273608902,6
"20571",0.000746346364652654,0.998943837774073,0.000275245327966552,1.90893509258437e-68,3.45705333079474e-05,1.39927420537955e-88,5.92710959905378e-47,2
"20573",0.390772480712091,0.027033850497085,1.97081560519953e-05,3.56675501100504e-29,0.582173960634772,4.58525491148113e-16,7.98944939626979e-17,5
"20575",0.000358986311664679,0.22770782040842,5.2275839092752e-09,5.45096095591836e-51,0.771933188052331,9.68472687500614e-70,2.37374928961853e-43,5
"20577",0.994944706667778,0.0048005231881301,3.80235334870823e-05,7.52093810321942e-36,0.000216743479895427,3.81166815899404e-31,3.1307090076747e-09,1
"20579",7.04602261585567e-10,0.999986934966185,5.70521403624027e-13,1.30471294409456e-05,3.23941787151199e-29,3.19093876437501e-22,1.71992011759612e-08,2
"20582",2.58314411621302e-05,0.0124198276278018,1.36906476343062e-06,1.00533242161672e-57,0.987552971866273,7.68485320905526e-76,5.3571114071463e-52,5
"20585",0.00365235227903915,9.34681606905972e-06,0.96787297656967,1.42832041336591e-40,0.0284653243352218,8.07060418315697e-56,7.76748532923978e-20,3
"20588",0.000363230279613477,1.2883763689482e-05,0.999623885647121,4.8735173305245e-117,3.09576433337716e-10,6.05908811619713e-58,7.79184002906978e-26,3
"20590",4.51499307399736e-08,0.00504631323784054,6.63428458551617e-13,0.99491020618039,8.89675110039282e-27,1.13205136387069e-08,4.34241106610865e-05,4
"20592",4.11583930348921e-05,0.0168453042538857,2.56537842720307e-08,1.22218434235864e-47,0.983113511699295,5.29392016218821e-55,3.07454357043469e-53,5
"20594",3.80328538947682e-05,0.00348366063552123,1.20680423169419e-05,3.44723592649493e-71,0.996466238468267,3.37744956059775e-92,2.00438026702852e-49,5
"20596",0.569538580034945,0.105629694060455,1.57278154116561e-10,1.12886079855333e-59,0.324831725747321,5.39258529890674e-25,3.91667129934794e-19,1
"20598",0.240455159276402,0.0115344964871713,1.03429672254063e-05,2.94827251982117e-68,0.748000001269038,1.8896293131382e-21,1.62402673940634e-13,5
"20600",0.520498719716354,0.00091665510849312,0.477950423864645,2.12265694021316e-39,0.000634201310164214,8.11006250990586e-19,3.44011670268867e-13,1
"20603",0.770827517781551,0.0085979518953437,0.174738094631983,7.60412658741512e-23,9.65922682592019e-10,3.25927579943813e-06,0.0458331754493998,1
"20605",0.341352107632441,0.013182241147956,0.000129654868311941,2.49840027108221e-97,0.645335996351291,1.81176153594388e-57,4.30861907406944e-30,5
"20607",0.157487811100873,0.00751267990825832,1.84921641099797e-08,4.75147967759303e-70,0.834999490498704,2.3741630387216e-38,8.92444856001513e-21,5
"20609",0.0510343975280462,0.00280727159082617,4.07548157644881e-06,2.63199447646746e-71,0.946154255399551,8.60629857914673e-24,1.98333356450312e-17,5
"20611",0.00314536474416259,0.000435294283616876,6.01600799375117e-07,4.05409472012084e-14,5.84414600597404e-16,4.89944954425187e-09,0.99641873447193,7
"20613",0.368772491760839,0.000469397312137445,0.000875247333179845,1.20199362207178e-32,0.629877774545704,3.48396576253424e-26,5.08904813973919e-06,5
"20615",0.987059494023172,0.00118151123147114,0.00661395427223176,2.3750279165378e-42,0.00514503755541201,2.50035635603923e-10,2.66767787397011e-09,1
