"","V1","V2","V3","V4","V5","V6","V7","V8","V9","V10","best$classification"
"19811",3.05809589672974e-07,1.46911621560315e-12,8.1566466601705e-38,0.00297433737889872,0.778919511461562,6.85124923844682e-10,0.0269500276531229,0.00419054554808858,0.186965271462026,1.17051868839017e-13,5
"19813",0.000717982426796047,1.18704384683283e-34,1.69353772778805e-52,0.00193226169512592,1.33632805236793e-16,5.3150509642401e-18,3.34478273197121e-10,7.0727450633262e-47,0.9973497555436,3.62959285427999e-49,9
"19815",6.39038730994654e-06,0.0045549908267196,7.95873275769183e-15,0.000206727814932596,0.872619176025443,0.00055829717137735,0.122054417772126,2.08314442997422e-12,1.74624604072967e-17,1.65891350007744e-45,5
"19817",2.21551092515279e-09,0.000144735045165697,2.26211078742632e-22,5.45099211221923e-05,0.936955538621465,1.7760556875229e-06,0.0150431562855206,0.0478002801105088,1.74501881140795e-09,1.48821112833785e-17,5
"19819",0.309375032315335,0.397803167004685,0.274068813991561,0.00842794722116192,6.66412670768506e-58,0.0103250394672478,8.97901681123437e-15,1.22172817685785e-82,4.65809953605485e-60,5.38777120875392e-69,2
"19821",1.20713731549663e-05,1.01131991514683e-15,1.66246910908081e-21,0.374081213562153,0.00118289577769714,0.000195716803239181,0.620914731839951,3.41801635691713e-05,0.00357919000006309,4.80171472429174e-10,7
"19823",0.160112849632898,0.839796118822316,5.8897047536476e-29,7.88371564174384e-05,1.79667948394682e-07,6.21609172720123e-10,1.20140988110965e-05,4.94604385780345e-17,9.70839643209592e-38,1.38423900263565e-51,2
"19825",0.000264830689155139,1.7087470073645e-26,2.67695943802596e-33,0.999735168229795,1.14368058630375e-67,1.08100510203071e-09,9.531824133894e-17,1.14992505300846e-55,4.42509748333747e-14,8.20144334079656e-30,4
"19827",6.91606951467686e-05,0.000161379691989271,2.1347531538769e-24,0.00105998694088316,8.01557146329874e-06,2.42024300030523e-06,0.00624066811949861,0.992446912639009,1.95420900128037e-18,1.14560990099297e-05,8
"19829",2.48928024348937e-09,1.56354014600205e-12,0.0010653809352203,0.0514041541327182,1.13113573681302e-39,0.94750304392433,2.74185168484331e-05,4.1106174953882e-35,1.31353103064617e-15,3.79419180299078e-14,6
"19831",0.753016079923987,0.0299128246996268,0.000322066460931082,0.0372082641905124,1.40617992104123e-45,0.179540764716062,8.88101257455006e-12,2.79554624350453e-85,1.85220737866826e-42,3.71721641938522e-90,1
"19833",0.999999772285621,4.53788362093177e-08,2.83128169793697e-69,1.82335543434966e-07,8.77711739773995e-124,2.29388155059334e-35,2.79688483881011e-37,1.41661042933027e-166,1.48974781202633e-71,7.86577810013766e-97,1
"19835",1.20713731549663e-05,1.01131991514683e-15,1.66246910908081e-21,0.374081213562153,0.00118289577769714,0.000195716803239181,0.620914731839951,3.41801635691713e-05,0.00357919000006309,4.80171472429174e-10,7
"19837",8.28799506468775e-08,7.62647231361602e-07,2.95578417419409e-18,3.66648578573574e-05,0.000703044834613404,2.36603764437254e-05,0.00269346547303873,0.996541312797768,6.31920662511016e-10,1.00550117584062e-06,8
"19839",8.79824467938993e-09,2.19097452387607e-21,1.99860812974036e-10,0.223328391254719,2.28919162277196e-32,0.770076355090173,0.00659519788253903,2.02450172382002e-38,4.66376178721499e-08,1.36845765030232e-10,6
"19841",0.00244202444272287,4.94446493167861e-34,6.23216663589704e-41,0.665437882306852,1.48861650798367e-55,4.36261537719418e-14,1.48330902399694e-15,1.61698223470964e-32,2.70245209294984e-07,0.332119823005171,4
"19843",0.000428944458539519,5.7534187521327e-27,5.16339871731083e-09,0.995811119181395,5.39445962071626e-60,0.00375993115524381,8.69327404317401e-14,1.59307709939006e-116,4.13359760253678e-11,4.18134672779332e-94,4
"19845",0.000587397196461899,4.22330896163983e-19,1.10288979069891e-52,0.00519897392181902,0.0051029461153476,5.12838262442485e-17,9.15588286122502e-05,6.22452567578285e-21,0.989019123937759,2.59750263284757e-52,9
"19847",0.000593368567618476,3.34330946357185e-08,3.24508755646358e-19,0.048235013666692,0.080928186191064,0.000495538067565438,0.869370469236414,1.61167965818163e-16,0.000377390837551444,2.27049239152828e-58,7
"19849",0.000594208142734952,2.12651041017473e-35,5.36390128606368e-63,2.21965022007811e-05,2.85434605224151e-13,1.33012611989189e-22,7.54422668461059e-12,4.39616364580902e-38,0.999383595347235,7.11673417596629e-50,9
"19851",2.01423276004484e-05,0.000234071311942561,8.88712591990233e-28,0.000404063069803058,0.314466878706837,1.90730380068251e-07,0.00603335733165115,0.678841272804797,2.3716988944095e-08,4.71674572959718e-26,8
"19853",0.999000068827388,0.000809537168970357,2.32819599995105e-70,0.000174165754003955,1.47225158690794e-05,7.70637098487339e-24,1.48900617255376e-06,1.56350927665729e-08,1.09250311702626e-09,1.52419524298422e-40,1
"19855",2.8699120879347e-05,1.45382354945434e-05,3.76884008636009e-45,0.00685811234947276,0.0241219430886661,1.93438076745856e-13,0.00625103693720745,0.962714300546777,1.13697212777159e-05,3.1917453718705e-14,8
"19857",4.76782672256993e-12,7.76221544960264e-13,6.33905144826844e-18,0.00309627322746249,0.0222089997948917,0.000565627671014063,0.973601095982055,2.42737727676216e-05,0.000503723948588427,5.59767666740135e-09,7
"19859",1.56523010235151e-07,0.000639486564672831,2.53101551417004e-20,0.00118782832470866,0.0765195820286075,3.75669730379825e-05,0.863506441403637,0.058108938004303,1.77642519974337e-10,3.79828988759551e-13,7
"19861",0.000101247304405949,1.47468252769852e-12,1.3668028395506e-40,0.00171070898673529,0.950768590271083,3.38488384518724e-11,0.00302120825154259,6.8346049121303e-06,0.0443914105459979,5.72719407471559e-31,5
"19863",3.08850888124541e-05,4.79570101563344e-49,1.06984594068185e-84,0.000219032379522139,1.05605695198872e-35,1.02791733456938e-30,3.75286016971121e-15,4.63929900984069e-40,0.99975008252966,2.0016279642815e-12,9
"19865",1.60703060412882e-09,2.58004192090972e-16,6.38006653463468e-38,0.00130952733304001,7.50547975952694e-14,1.48280730785093e-11,0.000100406953094281,0.0185264293600092,5.91785141072551e-11,0.980063634672744,10
"19867",0.000166403822231918,1.00065101647255e-08,4.22856851896621e-24,0.00576523056538185,0.963245058518075,6.83791988803033e-06,0.0305550336850422,1.73872335997301e-17,0.000261425482871081,5.34955475335427e-64,5
"19869",0.000426980366458448,1.91335739489451e-27,9.90440971002649e-67,0.000473348575599312,9.88481116513204e-07,2.02426195896259e-21,3.35860802262486e-08,7.52571276825352e-13,0.999098648989993,1.66195772649182e-20,9
"19871",1.2349882758654e-08,0.000704484604399982,6.76940096231782e-16,0.00035715393570677,0.0131223316850176,0.000636601732520208,0.303775270606656,0.681402241810314,3.43069059114922e-13,1.90327515903963e-06,8
"19874",5.60634344609211e-07,8.55440811618872e-07,9.87507854997187e-39,0.007336373220976,0.0012082001860487,4.8169817099516e-11,0.0535543543310059,0.937899645902978,1.31976010057772e-14,1.02356522815937e-08,8
"19876",3.35406673502062e-07,2.11843448374405e-11,1.23932253480418e-45,0.000282302032569546,0.35701206422516,3.52541988589291e-14,0.000261006501498611,0.642444250960902,3.50064346812223e-08,5.8455416485704e-09,8
"19878",2.0595506665084e-07,6.88957156023008e-09,2.01606056265266e-14,0.410680016982552,2.89671131641143e-32,0.130656212766804,0.458663557405978,2.10177077622618e-49,6.73787013955844e-15,2.55887832996017e-53,7
"19880",1.11661504486686e-07,7.3739571710758e-20,2.15726018476733e-58,0.000144543346700973,1.19586561705545e-16,1.20287024292661e-19,3.42565924052741e-08,3.59479750259402e-06,7.8972233721564e-08,0.999851636965466,10
"19882",0.00135064250503708,1.06110296052351e-12,6.20738117664624e-51,0.659523119821254,0.0167420625703123,1.8143127876863e-14,0.144613596053626,2.41864617554899e-12,0.177770579046273,7.32191988400185e-32,4
"19885",4.52818561330452e-11,1.1823138135628e-05,1.53454284419288e-09,1.65575177382703e-05,0.892352905650353,0.00571999599781496,0.101728813106843,0.000169882168804707,2.08404850017332e-08,2.74677735329351e-16,5
"19907",0.000492997794329389,3.18370368534028e-11,1.67104547402658e-31,0.321087762176291,0.418315204370258,1.11439753450821e-07,0.114488835156144,4.82321773440251e-16,0.145615089031386,3.37889857277171e-50,5
"19909",3.10207459331415e-05,6.01287767980097e-12,0.363156036647901,0.00850936534491411,2.76980730583979e-17,0.627666943905512,0.000636631644536285,1.07456133257714e-34,1.70518956063805e-09,7.7392704967427e-41,6
"19911",1.71777418718471e-06,9.20197300032743e-09,7.75128946443677e-09,0.0278755718032199,2.49721120187499e-23,0.970551426000127,0.00157126746918763,6.39200581809324e-28,3.98441669792888e-17,1.58782355532354e-14,6
"19913",4.07159768524886e-07,3.59988645520521e-23,8.03927836840809e-53,0.00020205576392062,2.3566232971364e-39,1.12322670777785e-19,4.50337265387828e-14,3.34776082911293e-16,1.02442107511648e-18,0.999797537076265,10
"19915",1.10594643496881e-07,1.17731506608719e-06,1.22784540412653e-36,0.000161776651207392,1.80383570869604e-06,8.12459044136862e-11,0.000975452640408833,0.968381160780595,1.33022754658912e-11,0.0304785180878227,8
"19917",1.09452180117234e-08,5.23502558198742e-11,7.86545201517737e-32,0.00206264423903613,6.43068507087754e-12,1.52361317502374e-08,0.0208486008954925,4.6865459532653e-06,1.14517982744656e-11,0.977084042067936,10
"19919",1.94400396176337e-10,4.5865159463921e-05,2.96897039264275e-24,2.76417267121922e-05,0.00286567049508293,3.63748458351319e-07,0.0178138239753504,0.979160668167852,3.26603072500706e-13,8.59665323535355e-05,8
"19921",1.77309760650476e-07,8.23136621775922e-07,2.93450488945298e-23,6.85992796373922e-05,0.994160865285822,1.07728512805536e-06,0.00575658688783723,8.03650199681233e-06,3.83431319604864e-06,1.8838112122637e-34,5
"19923",6.18995844220895e-06,7.89645036678636e-05,4.74055489304841e-18,0.033085621445891,1.57914954490504e-11,0.00065445463764355,0.966174769438563,1.25559591750252e-37,6.13628236378984e-16,4.13986242911029e-72,7
"19925",1.33351573378346e-08,2.37153334603881e-08,2.91864795725631e-36,0.000667179561834102,9.10336334326588e-09,2.02871380622877e-10,0.00655331123161193,0.100900113622795,6.31193420509273e-12,0.891879349220722,10
"19927",5.49007833940811e-07,2.91018169493861e-05,8.23784514366346e-25,4.56279594751758e-05,0.99535894580842,1.01127241785266e-07,0.00452879977148396,3.68744498353049e-05,5.87602659791684e-11,9.47693594749718e-28,5
"19929",0.00626041667476501,9.74958673647048e-44,5.20132412119072e-78,0.0333915077510728,1.12539892899874e-28,2.85537541952672e-27,4.48525502266212e-14,8.71778738949003e-22,0.956903292698881,0.00344478287523622,9
"19931",5.2290510540054e-06,0.000533470301932397,2.78233224422863e-16,0.00011459339705058,0.953798521633589,0.000203662526617827,0.0453445223858716,7.03884092810928e-10,2.07265884513939e-17,3.51657637002477e-32,5
"19933",0.000157646179490248,0.000213451936880511,0.0277476263572341,0.00131164378730456,3.19735239935611e-08,0.91789428354505,0.0526753162204133,1.0315636095173e-13,3.76261001801601e-19,8.16825373877879e-27,6
"19935",2.50207358087851e-07,2.76361381533605e-11,4.81489536110911e-09,0.00588010019313969,9.65457149120886e-07,0.128418417777931,0.865699994528597,5.44341160872902e-17,2.66993293646324e-07,2.09450294651251e-26,7
"19937",3.00235238684311e-06,0.000329033496233949,4.55594410292882e-21,2.1454712457901e-05,0.997006455648724,1.23507438264082e-06,0.0026387562870051,6.24288070532312e-08,2.18701104484982e-15,1.45407791003251e-43,5
"19939",3.47804132340347e-10,0.00100573799337582,1.43816987694915e-21,0.0053138124775446,0.000387781836811805,0.000124683878944239,0.993167983134561,3.3089324427427e-10,6.55316492289439e-14,3.76719523526975e-25,7
"19941",0.000181371698093008,9.45485043551911e-18,7.41904246651266e-10,0.201152185471154,3.93308688430075e-30,0.798661313796619,5.12828707350565e-06,3.16539519000938e-33,5.72475354937469e-13,4.58437191098185e-12,6
"19943",1.70893123380811e-06,3.90484049364456e-11,2.24744271778258e-43,0.0287479936727777,2.01747193409243e-17,1.3905184287791e-13,9.23080817776626e-06,0.0264422513163084,1.04535026724513e-17,0.944798815232315,10
"19945",3.24960049240086e-06,0.0025531759221523,0.0207460112050577,0.000101152801986564,2.94650913374908e-08,0.662922019988649,0.31367436101657,2.35135531238132e-19,1.73509002714721e-21,1.19042110236279e-30,6
"19947",6.38667679660482e-07,7.17538876095781e-21,2.61082200227672e-25,0.999998343954655,8.91899499852552e-39,8.52024918632357e-07,1.19949577874184e-08,1.39496147818365e-35,1.52720188542179e-07,6.3760049878441e-10,4
"19949",1.26147118940541e-05,0.00391017573844797,1.30519831239236e-08,0.0173122532792704,5.14432557013382e-14,0.572855996215724,0.405908947002629,6.3019303929707e-38,6.78771921088415e-20,9.64222854105337e-76,6
"19951",3.29334373672755e-10,9.79630516149571e-08,1.62667093314686e-24,0.00167848678498889,2.56116044444314e-10,9.75911498629201e-06,0.994586831249799,1.33852040904703e-05,2.65630908119503e-11,0.0037114390710708,7
"19953",0.0423138307587995,0.957566042321537,2.11212974764242e-08,9.30147410776544e-05,4.8162322960168e-38,2.70910571705115e-05,1.17932202847454e-13,4.73478605730521e-82,9.13517785214207e-54,3.78513252563591e-115,2
"19955",1.10387318838562e-06,3.72463337275606e-05,2.15453724469093e-06,0.215323836667259,5.13120128336307e-35,0.775150827170874,0.00948483141770695,4.61051332602625e-68,2.09290614470302e-23,2.57102600042348e-69,6
"19957",0.00051160923319374,0.00329466370169298,1.81060165109228e-31,0.966565270986124,1.11747513809775e-15,1.2107762489319e-07,0.0296247619523429,1.21908742919792e-11,9.95145839760861e-20,3.57303682897404e-06,4
"19960",7.91525524970977e-10,1.06101580092781e-14,2.01367995917454e-06,0.351887737797836,2.79095718755512e-40,0.648081509341366,2.87383889565291e-05,8.78772202361537e-47,3.46278238028466e-13,3.62611706523644e-29,6
"19963",0.999992483558846,4.66555363921544e-11,1.50971472692891e-58,7.51639449917726e-06,5.11827769591861e-77,7.38894714115157e-25,6.51606926244053e-28,2.22767019126053e-76,7.22419271811907e-57,2.44149399958527e-30,1
"19965",2.22318872451342e-09,3.41245563666088e-13,9.4247485188609e-05,0.0333578000777739,4.50013211691714e-47,0.966530066030815,1.7884182692569e-05,5.28793094605111e-92,3.7218820873701e-16,1.13955441863263e-69,6
"19968",8.12145165891073e-07,6.31729057059175e-38,1.66512148276277e-28,0.998888990156782,1.39685084480354e-17,4.99842376423144e-07,5.8279807580523e-06,2.12728218651444e-13,0.000905844622142829,0.000198025252562014,4
"19971",0.0387474268063266,1.105745862826e-13,1.72431445502506e-36,0.961252573156331,5.36609765808836e-98,1.44412313886231e-15,1.40255055900055e-23,1.30451942681664e-70,8.8785440567055e-36,3.72303588675131e-11,4
"19973",1.48752941514657e-09,5.82348497120501e-08,2.46831792578619e-22,3.56577215034744e-05,0.331726811330941,2.03512410331195e-06,0.00676297950465862,0.661470138475524,2.29976049728279e-06,1.8360393472136e-08,8
"19975",4.08877171424673e-10,1.00657942526402e-15,5.91999361440163e-31,0.00141579759874995,3.13830972632054e-09,3.29000805322656e-08,0.0217730545563506,0.000663114739870845,0.000439374034460768,0.975708622623299,10
"19977",0.000294955837281691,9.54815496722579e-19,1.88631120359388e-54,0.999704843079755,1.06492876677982e-51,6.32998007459232e-17,1.98067476933997e-07,1.75522648456357e-44,1.13599732649445e-13,3.01537237477547e-09,4
"19979",3.68186313101014e-06,2.705184940789e-09,0.994033366204676,0.00248095840664821,1.28024611149012e-70,0.00348199082035278,6.75507036751999e-15,4.55642341095829e-76,2.81887117565453e-34,5.1152121808281e-47,3
"19981",2.81501012090508e-08,1.27546944199828e-06,6.85602156232087e-11,0.00048028756987306,0.0859333061367558,0.0133698356506637,0.900214816723891,8.58818799716508e-09,4.41642525044668e-07,1.86833884596541e-21,7
"19983",1.2781138565709e-11,3.41720477097959e-06,6.0997606566575e-14,0.000460488607496873,0.00202091817677748,0.00350880578130134,0.994005340776154,6.30861809169892e-14,1.02944059444524e-06,1.46324828774418e-34,7
"19985",7.89650335050614e-10,5.70377581945739e-11,2.98139946381692e-45,0.000125729578927029,0.000176010604785225,5.66663018627174e-14,0.000684011484512707,0.997294104708402,8.46736710036372e-09,0.00172013430926165,8
"19987",9.00457130173412e-05,2.15915322664279e-05,1.80281877403339e-09,0.0177399376733744,0.000152931513927414,0.654072705277816,0.181736561185061,0.146186222385558,2.87225994731182e-09,4.39007494856309e-11,6
"19989",0.00170718100675075,0.000191002821494415,0.990203843209736,0.00173478480673525,2.80090006492115e-48,0.00616318815344094,1.84223129461743e-12,1.28231790542187e-82,4.42137047565347e-38,8.12824106778247e-102,3
"19993",1.14698002366836e-10,3.95244230875213e-05,5.24718280250615e-07,0.000567819948034841,7.16548140797261e-18,0.770393949615685,0.228998181180214,9.93172328551223e-17,3.97900926606746e-18,9.32906840984268e-17,6
"19995",1.6311853697846e-07,9.21448365014109e-08,2.60242128017413e-05,0.00183992118178909,4.35481078816242e-15,0.408967763448345,0.589166035893685,5.42894971429409e-20,1.10427326500203e-15,1.40907597792295e-19,7
"19997",3.04877313769897e-07,1.47703199572313e-06,8.05775542160522e-30,0.000111422253359001,0.959894698825597,2.30710948373495e-08,0.0131589424426261,0.0268331305451495,9.52801795639948e-10,6.21507070751501e-14,5
"19999",2.39840289067649e-06,6.8821879397625e-10,1.89765397750952e-43,0.00539995697138609,4.33857962167069e-06,8.93224142523564e-12,0.00137782835984609,0.384721983948988,0.064041456874977,0.54445203616514,10
"20002",0.993246057853689,7.96981540635123e-42,2.26413597618588e-57,0.00674836663921172,8.76946150330697e-55,3.20355808819682e-20,5.41751875731998e-23,5.3458128624138e-51,5.57550709931131e-06,2.0839984731923e-24,1
"20004",0.000249686156123331,2.36380827811682e-13,4.08437715013702e-06,0.0384935852838531,2.31510594737397e-14,0.961237901331293,1.47392260228447e-05,8.72983835064814e-20,3.62529769469417e-09,2.20747118435276e-29,6
"20006",2.14565896689904e-09,2.00805548931663e-12,2.1515634874139e-18,0.989552669989866,8.16366935990117e-38,0.00949284633997359,0.000954481497719498,5.82615692109744e-56,2.47737231624573e-11,1.15846546432116e-33,4
"20008",0.000200063031640306,1.86908042813518e-09,7.04226637662866e-14,0.905800052319824,5.04589830654338e-40,0.0906135339494175,0.00338634882996761,4.65095808268693e-62,9.53759402527375e-22,1.35833012247852e-50,4
"20010",5.82311897402668e-07,0.0343620686175568,0.0309506452229912,0.000347603189430286,2.59329192916305e-16,0.880258286912064,0.0540808137460599,3.23802829453743e-31,2.56067750963907e-27,7.30328108343746e-54,6
"20012",1.23404054868374e-07,1.45427266371419e-18,5.49578169815938e-43,0.980389136620816,3.46926241872748e-12,2.99521639869711e-11,0.0163369487433954,2.08096003619403e-08,0.000384841622243113,0.00288892876646847,4
"20015",4.61737687041539e-10,3.27766385578483e-18,0.979744210117149,0.00102788721424973,4.25897971499727e-58,0.019227900047334,2.15952937617822e-09,4.47612870113086e-82,3.3965262202726e-17,1.83416628988224e-65,3
"20017",2.38012518441953e-08,2.853141198573e-11,3.95489940373806e-37,0.000289710772253992,0.0872715291554385,3.62285611123784e-11,0.00131548183200944,0.910855675804364,0.000267574138050392,4.4318716960543e-09,8
"20019",5.70459125555878e-06,1.73438361090043e-07,0.990574014140028,0.00429176960970702,1.40522294639623e-88,0.00512833822064849,5.79248936099712e-18,1.1387025507059e-113,1.20760827466285e-41,1.73666545799268e-89,3
"20022",5.15356289849448e-08,0.00176235137866607,0.534711870175973,9.27196500425911e-05,7.57043352423248e-16,0.438265883031606,0.025167124228083,4.35064352576108e-29,5.79153839200438e-21,1.12983187679363e-44,3
"20024",0.995201714831361,8.84214200711397e-06,2.3919604183469e-09,0.00478841314636968,1.37759445099473e-90,1.02748830148992e-06,2.28575558543531e-28,2.90123638935426e-131,4.42976643092892e-46,8.63810684754342e-155,1
"20026",0.995201714831361,8.84214200711397e-06,2.3919604183469e-09,0.00478841314636968,1.37759445099473e-90,1.02748830148992e-06,2.28575558543531e-28,2.90123638935426e-131,4.42976643092892e-46,8.63810684754342e-155,1
"20028",4.37725727540887e-06,4.00677683332272e-09,1.29202565567736e-41,0.000101121546969648,0.00361057322408048,2.98404499140069e-12,0.000400657707516289,0.995883091135817,1.79861451442154e-08,1.57132435160654e-07,8
"20030",0.000162660443905044,1.27355965833706e-20,0.208984686865609,0.166466922970089,2.8098693761996e-45,0.624385729640706,7.94872576420482e-11,6.50341263937578e-48,2.0331944991221e-13,4.38494945331889e-34,6
"20033",2.69705640002994e-07,4.10639957497893e-07,6.7882638520424e-18,0.0101474956609082,3.91354465951463e-05,0.000693317439564948,0.704935810346132,0.159752091057838,4.52624326101481e-08,0.124431424440932,7
"20035",0.000130666999134308,5.24503696273705e-06,0.845360703078473,0.136961093993315,6.76516216696866e-89,0.0175422908921153,1.79125238858838e-18,3.7524089338194e-116,3.80727411661455e-39,1.92008718638611e-101,3
"20037",1.27352467571329e-06,4.40252621241946e-10,0.988858055045547,0.00472372919290826,7.63621814645639e-70,0.00641694179539701,1.21917075174493e-12,5.83726712038968e-118,1.66518199124304e-30,1.18516963268779e-98,3
"20039",0.0511979120990615,0.948802036645933,7.00949475104386e-20,5.12550060102497e-08,2.61491982051952e-108,1.07411399970972e-18,4.6432483813497e-39,1.47621273288366e-177,9.77535021192391e-80,7.72631919361506e-218,2
"20041",3.41898661653457e-12,0.00563648658700794,9.18198857272115e-18,0.0185337183338932,3.44550395799359e-18,0.00646245079298053,0.969367344282699,1.14111790886511e-32,7.25443412343535e-18,9.43934755488944e-34,7
"20044",5.54634251214088e-09,0.00134677311831418,9.07157339907825e-19,0.895818665255372,3.00294976853107e-26,0.00239622545929004,0.100438330620681,2.22824611912674e-36,3.98033764624277e-20,8.26121634521993e-28,4
"20047",0.000716447442358755,2.68813678414771e-07,0.961052688004685,0.036045825301345,2.35706137498547e-104,0.002184770437933,2.62098737591069e-22,2.14161489287176e-123,5.04740726022618e-51,5.92927622953842e-71,3
"20050",9.85348275611434e-05,0.973102125548375,1.1561627277629e-07,0.0101435147591025,1.84566411274932e-33,0.0166252755890909,3.0433659597832e-05,7.23174069755523e-45,1.47359705459189e-48,3.53695274640696e-55,2
"20052",1.01119796512536e-07,0.022955242978081,3.94918574006036e-12,0.000277402714237826,0.000566867091330629,0.00946197583082259,0.963705253445385,0.00302679503479479,2.81903528317715e-19,6.36178160213243e-06,7
"20054",5.96604116713172e-11,1.30139655347515e-17,0.699586761960263,0.00258745052326597,4.03963001296679e-34,0.297717914043388,0.00010787305323829,5.38500682886331e-46,3.60183531346966e-10,3.23383172131441e-33,3
"20056",0.00869295905145722,1.07176522895615e-12,7.61274789831054e-28,0.984589541392884,2.04197390240609e-26,8.45370627576371e-07,1.130910855223e-06,8.83981978497233e-10,2.47101308108006e-15,0.00671552238911982,4
"20058",0.000349417793471721,3.14640061197531e-07,0.989031176558109,0.0025053320716681,5.3042239102295e-49,0.00811375893254921,4.14068733814945e-12,3.2996247386195e-90,3.69514485670178e-29,3.49254089929009e-114,3
"20060",0.000108341937036045,2.26197862756006e-05,2.54424445100848e-19,0.00902407484699885,0.939695990557475,0.00115385486296663,0.0499836354340598,1.14261197025007e-05,5.64554861747079e-08,1.19779249257637e-32,5
"20062",9.52424317069711e-10,6.00405487180143e-05,2.14442904664013e-11,0.000308341566257838,0.01121318555174,0.0367615208234022,0.951656850653488,3.60549722484165e-08,2.38275533529178e-08,1.08941806687959e-21,7
"20064",8.53238065491957e-08,4.2104509053173e-06,0.650409904554032,6.75617313579068e-05,2.48457872365581e-11,0.251180635680693,0.0983376022342612,9.46292632910908e-14,2.58067006755148e-15,7.43206949410255e-16,3
"20066",0.000109149326767731,1.17279615445111e-20,0.826504571574659,0.169425029365053,1.04491518956996e-74,0.00396124973352027,1.04723462368799e-18,1.23837259705878e-80,5.03066887828003e-20,3.58787356782093e-47,3
"20068",2.50324437659799e-08,6.65669375733421e-08,1.31284220493997e-30,0.000397344214954469,0.980578619397964,1.37254642880615e-08,0.0188398065932576,5.77721218935189e-06,0.000178347256788689,1.29135373873107e-31,5
"20070",0.000142126947413174,0.00873095073492844,8.41963720201059e-29,0.00113209845372998,0.86346714020277,7.03699816848432e-08,0.126527613290669,5.07752701219441e-13,4.35114225744346e-17,1.13783304371613e-46,5
"20072",1.17716588696314e-06,3.03207291939469e-20,0.00267400473931693,0.781705443823774,1.52960976378485e-48,0.215619246670411,1.00633481816003e-07,1.67819199288966e-94,2.69671294855702e-08,3.18501637340103e-84,4
"20074",3.24762215774397e-06,1.04092100335354e-32,7.64144321279036e-74,0.00108267917181468,3.75370305421838e-34,2.29522034578649e-26,6.34012590338838e-13,5.63469951601223e-18,1.95709997820752e-06,0.998912116105415,10
"20076",5.12070953849297e-10,2.44446645416011e-28,4.34796379525227e-23,0.842883269204684,8.51258946007732e-14,7.21121064424102e-05,0.0192426369965175,2.42085454290539e-13,0.121466714312965,0.0163352668669931,4
"20078",1.56391549026836e-06,0.000413311508436092,0.000141743369031184,0.000215634961371143,4.69120022739746e-14,0.924492072458241,0.0747356737873835,4.55211008851333e-28,1.03540246685931e-24,8.38175112519574e-27,6
"20080",5.3071662046192e-07,1.18227990674993e-05,0.99803055147047,0.000331699220672622,5.6986536015278e-63,0.00162539578963028,3.53960253067597e-12,2.31363945766533e-80,2.15624503504482e-39,9.28644627745126e-64,3
"20082",0.0376375099233757,0.962359506957333,7.35191643460693e-09,2.97501538445817e-06,1.55741580969696e-68,7.51990074984966e-10,9.57535898000898e-25,2.76333700321142e-99,3.36977419544151e-83,2.04490987098846e-116,2
"20084",3.02951511725654e-05,0.000108798351891216,3.47082668288669e-07,0.0147459936198453,8.03137424186934e-29,0.984816378966893,0.000298186825418116,5.55205071453145e-30,7.06288774438866e-32,2.11213644477849e-12,6
"20087",9.21706589287912e-07,4.60926502936106e-07,0.00100815918730513,0.000821227715298445,3.43661928030281e-16,0.922100591396798,0.0760686390675021,2.13052748764178e-45,3.85162568608059e-15,1.89432052101664e-60,6
"20090",9.77164225793796e-08,0.00474953401303187,0.938943646353023,0.00134184534439038,1.57097644502556e-63,0.0549648759700797,6.03052675904322e-10,1.14602721429355e-81,2.54269524909643e-43,6.30763926596002e-70,3
"20092",0.229222298947328,0.768828845880407,4.22446579813087e-22,0.00194668332605418,1.89859792566173e-21,2.41477671833035e-08,2.14769844353149e-06,3.77559799233421e-78,1.04756998444254e-35,7.54049309165442e-124,2
"20096",0.0010016218475351,0.993571815755542,1.22531081650102e-27,0.00488809451515654,3.88956078909675e-15,7.41376574178897e-08,0.00053839374410478,5.28735719568694e-29,1.13992770097076e-42,6.87205699065702e-34,2
"20098",9.61505056681598e-08,1.02348453036172e-05,2.63923537940168e-22,0.00166976495932408,0.000271220763179106,6.63222855759937e-06,0.0730269352424734,0.923647907647299,3.89006135951615e-12,0.00136720815946794,8
"20101",5.89112269810845e-07,8.63461894282935e-06,0.18630417817134,0.00917352462264805,1.66710957046852e-50,0.804509598359447,3.47511535209033e-06,1.78564735848303e-51,3.29461389081087e-34,1.80141550246755e-21,6
"20104",0.999916387782605,8.13966795103e-05,5.13980908144815e-63,2.21553274622046e-06,3.48957947400333e-22,2.16431090950533e-26,5.13870199684411e-12,3.66417902539986e-49,6.77372192898322e-29,1.1758419810551e-76,1
"20106",1.9268979719336e-12,4.93219101192984e-08,0.974049675670523,4.32915120239254e-06,1.80979774691031e-33,0.0257935154523963,0.000152430402041173,1.6128262552097e-32,1.19632596354789e-21,4.89217788837719e-23,3
"20108",2.50019455477305e-05,7.61429376476644e-09,9.53141410583943e-21,0.000772591205310864,0.921011339953502,7.9320563254391e-05,0.0624353794909448,0.0156762067854961,1.52434556809552e-07,7.09314288031625e-12,5
"20110",0.00017967370826168,0.907144391974523,3.02492944016603e-27,0.0676023050158903,5.72824443737942e-19,3.94866195765124e-07,0.0250732344351291,3.08385253600153e-17,3.56579103244735e-36,3.09066342335307e-17,2
"20112",2.33153811793643e-07,0.0103377859422152,0.00816203970698165,0.00206914446282608,1.77615072697894e-31,0.975031676928869,0.0043991198052964,7.4588816002937e-43,5.40271419712149e-32,3.85187500984282e-43,6
"20114",0.000164611527107321,2.5512362545346e-06,1.07829995888384e-06,0.019505190151614,2.05368745240559e-21,0.980038881140838,0.000287687103481366,1.23339646881861e-18,4.12151777778735e-21,5.40745959848886e-10,6
"20116",1.15736744160828e-09,9.26663215955825e-17,0.00535559943671158,0.00665955634711565,1.17452081031618e-25,0.984673742432742,0.00331106002679515,9.35748064262016e-23,8.34000305455556e-09,3.22592654884521e-08,6
"20118",1.07367775351054e-07,0.000427282639207526,7.49995398231708e-08,0.000266870534144954,0.000182572849590562,0.0812792686848342,0.916457260690519,0.00137366923715592,6.94442020273784e-16,1.28929972319099e-05,7
"20120",3.44455682629967e-05,0.0130024676257806,0.00169460695004429,0.0149064281836236,1.64683625173114e-34,0.97036061700591,1.43466637812869e-06,1.23472359498935e-28,8.04862806222428e-33,1.05828780398218e-28,6
"20122",3.38033954010495e-09,5.45799482904503e-19,3.89324369557032e-39,0.00139536261818387,4.49549068750056e-17,4.68102097874733e-12,1.57206362416242e-05,1.85474898205392e-07,3.35723779966125e-07,0.998588392161876,10
"20124",2.95775044067643e-05,5.09779094807672e-06,0.0531082709648317,0.047493639442561,7.10042577116006e-48,0.899363224061285,1.90235967983993e-07,6.4639080093881e-97,1.01097843427766e-31,8.2759028487215e-76,6
"20126",0.977220573129986,0.0227535048620379,1.91608429311869e-23,2.59220078822043e-05,3.49200645004305e-97,9.40415657359735e-14,5.7258260180767e-30,3.03673922260494e-149,1.72118200258083e-67,9.68226223632484e-114,1
"20128",0.995155123183963,0.000253125947996955,9.93158516834397e-06,0.00458179089201591,1.24935839322599e-138,2.83908558347018e-08,4.60991842631671e-35,2.14667639370166e-205,1.73718506139373e-74,4.32679070125172e-137,1
"20141",0.119194823755222,0.880719353548597,2.42099410428608e-48,8.58086193694461e-05,6.01735178804669e-13,5.17988680512938e-18,1.40762097584652e-08,7.51236846150298e-18,1.13044456182098e-34,2.39737577016097e-39,2
"20143",0.00654664766633075,1.44163756774655e-24,1.00651951389248e-63,0.98444659125639,4.15224226864202e-44,3.65135316229443e-20,3.95638341813379e-11,2.54785312706926e-29,3.9338629446071e-05,0.00896742240826945,4
"20145",5.34937560742926e-07,0.0123871912836827,0.860603935415138,7.92466309066313e-05,2.12492392380212e-17,0.124141030264328,0.00278806146838371,8.43985647897595e-26,1.03144633163216e-28,7.19227917491665e-40,3
"20147",1.06807536294823e-09,3.88752290201649e-05,0.922957902341168,1.78540587658595e-05,8.65724276113858e-21,0.0585780200989292,0.0184073472040412,1.08686786331564e-30,2.84152814371323e-21,9.03995461531391e-28,3
"20149",1.76778515103861e-07,9.69098355496295e-16,1.0248344669889e-50,0.00464504189097725,3.92501964197749e-15,4.22657441660175e-16,3.74348918241016e-06,5.54314472547338e-06,3.64393482035292e-13,0.99534549469623,10
"20151",2.12109141456376e-08,1.81994124719816e-07,1.28328010157363e-21,4.42676008346018e-05,0.00242384343363077,4.60543131854412e-06,0.00812033924892408,0.989397077665789,5.73501726969258e-11,9.66335711440056e-06,8
"20153",0.0156373556671401,0.686514403102791,1.70048563218224e-24,0.282198088283337,4.52685337247097e-16,1.47679084885834e-05,0.0155738915628329,3.83269332461218e-05,5.62704430154322e-29,2.31665421639665e-05,2
"20155",3.59144138255872e-14,1.03644495350152e-06,0.274183875575917,5.47620473832215e-05,3.96213234224341e-37,0.723541318983437,0.00221900694827365,5.89595029326383e-54,2.32254297090721e-19,6.30550024964964e-41,6
"20157",0.000122284962410667,5.70293846231985e-07,1.41536621977212e-29,0.0101975349272646,9.94261589055646e-07,2.51142525600815e-07,0.00068985643999287,0.988988460370467,1.80487925887466e-11,4.75838547547788e-08,8
"20160",1.69772359263492e-07,2.2768809907519e-23,9.12111463978611e-56,7.89881333298777e-05,3.36478082270009e-33,1.36999405015732e-20,4.7543331754634e-13,3.15503269959656e-13,4.44055980255736e-15,0.999920842093516,10
"20162",1.95510637735418e-07,2.66065966842276e-16,6.76599855307582e-53,0.000380355562858941,7.97707410065709e-12,2.19219156765024e-17,1.17435335412139e-06,0.0197715333519883,1.75157958565838e-09,0.979846739461604,10
"20164",6.36696050429575e-05,1.13795114684263e-06,8.89759868751499e-34,0.45549337620207,2.59750941252308e-14,3.4025477734008e-08,0.397633544366902,3.54658542503471e-07,9.26678492013254e-15,0.146807883190783,4
"20166",1.54552032785432e-05,2.15112698885221e-29,5.94941166437767e-06,0.992690787571041,7.50547907265899e-65,0.00728780780680612,9.42850533246596e-14,1.95360735736939e-67,7.11574312329295e-12,9.45318139080877e-29,4
"20168",0.01312584260366,2.71929462378816e-50,9.7387064054824e-35,0.929150218591248,6.03843588690724e-67,1.18051473807904e-12,8.27892133024429e-19,1.97830990470864e-80,0.0577239388039113,2.93778020439545e-41,4
"20170",3.79983215410516e-07,0.000102642549252934,1.78544555691589e-27,0.000559061682073349,3.17839048563747e-10,1.47529796030003e-07,0.00296610079450577,0.000290862053526545,4.44407691458809e-13,0.996080805089347,10
"20172",8.8107942527927e-07,0.000845236668954388,0.960514669317946,0.000107839997690438,1.3923462841083e-17,0.0378371618331093,0.000694211102874121,1.99921881454286e-41,3.41098109201183e-22,1.45849575806274e-67,3
"20174",6.24314711350907e-06,3.53587127877015e-19,4.81148342056956e-50,0.023199923403377,0.317108926301489,4.15733877833349e-15,0.000598189810924528,0.615864196886996,0.0432202599385144,2.26051158150162e-06,8
"20176",0.000236902402975006,1.17838001669298e-41,1.48470229036896e-34,0.72712186494607,2.44338690273042e-37,5.33945360934304e-10,5.19329026850113e-10,3.48854274805534e-65,0.272641231597681,2.48322329828297e-39,4
"20178",4.78869736830223e-07,8.81330127388676e-23,5.48492383872733e-56,0.000170994073004535,3.70718461154805e-38,3.82434296638216e-21,1.64712945368085e-14,1.15702877850378e-14,4.97474788880769e-18,0.999828527057231,10
"20181",2.32919713818207e-06,1.3210546255601e-19,0.0869331806497818,0.179373038514727,3.58788890929734e-51,0.733691451245022,3.93315304668245e-10,1.09973799887144e-41,1.64177463901991e-14,1.55067867580568e-17,6
"20183",6.59199716573224e-05,0.00891098512873184,3.80655087280413e-14,0.000254385533867887,0.958036718421798,0.000758480555585478,0.0319734854171377,2.49711748443129e-08,8.88206477273987e-15,2.19034357994503e-46,5
"20186",0.168599022901143,0.00433595269996204,3.84496062088009e-14,0.178357762778884,0.00145259008879185,0.00578877464030801,0.641465893069182,9.08812910345713e-39,3.82169123256355e-09,1.13124317010271e-106,7
"20188",1.93330249426208e-06,6.43094946089647e-18,4.94192221328173e-55,0.000504984111199318,2.87271936412575e-26,2.27076770684853e-18,3.21538043430967e-09,8.38862983063445e-10,3.49921365671885e-12,0.999493078528564,10
"20190",1.97041845399445e-08,5.27522387954086e-13,0.998150956774223,0.000326375402719919,1.30018872695675e-50,0.00152264762239666,4.95948201083365e-10,4.08352130107956e-63,2.60796179462537e-22,1.24723386624059e-50,3
"20193",5.42435791607138e-05,3.86585113445358e-40,1.477283972471e-41,0.999945611501688,3.06392652909652e-64,1.47990703526768e-12,1.48095525631622e-13,1.04691410528477e-53,1.39563836167306e-07,5.35368683112876e-09,4
"20195",7.38071851543382e-08,3.26766890847754e-07,6.68232468585557e-21,0.0119578907083572,6.615758076586e-13,0.000313956102843271,0.924172038549618,1.50057023494587e-05,1.09672566061408e-12,0.0635407083609982,7
"20197",5.45261088336886e-10,8.61094478866891e-05,0.894757950936153,5.02445537435363e-05,2.85061501444584e-22,0.0930979695748411,0.012007724942115,7.79792895311932e-44,3.73155393126624e-20,9.63065544335877e-48,3
"20199",3.24379902716844e-07,5.77244072616497e-07,3.46032273964224e-45,0.00100823582937104,6.91801118217846e-14,1.50908587244274e-13,0.000366966393459994,1.40244963939214e-05,5.5080126427047e-13,0.998609871656029,10
"20205",0.0557381814115466,0.944236740338737,8.18052435935193e-19,2.50782485225882e-05,9.83232049274048e-59,1.19420105402148e-12,8.46120657906883e-19,9.23060232647507e-105,7.62715762246132e-79,2.34462167970843e-132,2
"20208",1.82628823674118e-07,3.42101322518532e-06,6.30802359489017e-16,0.0102574206483001,8.79820735818373e-05,0.00695936839878969,0.982117815989023,0.000573581204502486,4.95446417584775e-08,1.78499111835498e-07,7
"20210",7.04519427891102e-08,5.23027563948998e-13,3.52116263065866e-46,0.000265819478941779,1.29713345975384e-11,8.25908739246191e-15,1.19303592578582e-05,0.00678279470112658,2.16885708427828e-10,0.992939384778343,10
"20212",2.95125175445014e-06,2.27714790293276e-07,1.94179098035997e-26,0.111096712931534,6.51070598061444e-08,5.30662495170305e-06,0.649089864856459,0.0980327506061715,1.30215251209336e-11,0.141772120894257,7
"20216",4.22797053031614e-07,2.92709708295194e-09,0.118954434498547,0.00750500704673964,1.23780975330855e-25,0.873526904675053,1.32280555094889e-05,3.95519204297181e-28,1.02784287135304e-15,2.17591121853326e-30,6
"20219",0.00211237508083959,0.847017527923658,9.28218627391792e-06,0.00316296180020583,2.23179405188593e-27,0.14767833400834,1.95190006816519e-05,1.51443714327381e-42,4.18249982273988e-53,3.00629211875433e-46,2
"20223",0.00254426777289286,1.75657804608731e-25,9.9205995878509e-06,0.996370458428335,2.96759940589572e-84,0.00107535319918428,1.0993560486935e-18,3.67618852562921e-158,4.65725220934385e-17,7.08299259772278e-128,4
"20226",1.45083188476365e-10,0.00296117472621823,9.98944065919547e-14,0.000364330283303224,5.44802880793462e-12,0.0134429428727284,0.983231551967116,3.28990999112101e-15,2.71086845981917e-17,1.29700961406096e-24,7
"20230",1.83974746598128e-05,3.05900966799766e-11,0.993893867442529,0.00385941878027105,4.47758272286051e-60,0.00222831626926372,2.6867273841505e-12,3.03155216510952e-83,2.56422962768548e-27,8.16736422320695e-68,3
"20233",0.0292547511784032,0.970745248623918,4.03968851133666e-66,1.97679174357657e-10,1.01577739292975e-42,1.95302314540139e-31,4.93758602910118e-22,6.21419756266802e-68,1.32597407896266e-75,1.51836159874729e-94,2
"20235",0.000101871835319878,4.30706657677456e-09,5.45171217184705e-07,0.978862828286679,3.37271413477476e-58,0.0210347480033473,2.39637037449884e-09,8.52319274373759e-125,2.17047207251287e-26,2.09836696317453e-109,4
"20239",1.41368923548651e-06,9.52883379123929e-13,1.23675705332548e-06,0.0988120463552352,5.26510816773411e-23,0.827384913162457,0.0738003842189085,1.24121269807702e-55,5.8161580571263e-09,1.32311305365254e-66,6
"20254",0.040942875433865,0.959033679955297,1.2145790991235e-07,2.33182370629946e-05,9.24386422691998e-78,4.91586473347377e-09,6.74082784466429e-25,6.47392426562033e-114,2.58109230145888e-84,5.68336740076021e-118,2
"20256",5.200632158446e-07,5.79402787189444e-07,0.77462197152289,0.00286850230820188,4.16899894239448e-38,0.222499641616714,8.78508619149223e-06,5.6673759925766e-77,4.48767475257269e-21,1.7936013334604e-74,3
"20262",4.94820800105823e-08,1.36721357193291e-07,2.49630807631177e-27,0.00022945134105335,8.95934492131497e-07,8.26600518749679e-08,0.0026361518004318,0.601876902387303,2.25718816884445e-10,0.395256329447512,8
"20270",0.00686871904859747,6.83360963616452e-24,4.96244596318523e-10,0.643774382264736,1.36105415485454e-33,0.349356892061444,6.06530453791619e-09,2.74505359993047e-38,6.36730468850894e-11,2.79220983851564e-33,4
"20284",0.087641878303037,0.90619697786792,9.00043485053448e-19,0.00607676611982261,1.80066614453123e-09,5.6046632726063e-05,2.83292758283533e-05,5.66317765225709e-23,2.1873192341349e-34,9.13786902118265e-80,2
"20287",2.48234504298559e-07,5.23098248197033e-16,0.982361243719949,0.00907244061144578,2.03325673175569e-89,0.00856606743409992,3.49769876128271e-16,2.46048908322361e-132,2.07298581946009e-26,5.1743765128284e-104,3
"20290",0.021220067397136,0.975471210218693,7.52390006020413e-20,0.00330870820800816,7.67535111782172e-40,1.417601629462e-08,1.46401997109747e-13,1.9466732252863e-45,5.08300735692091e-57,5.66751533069384e-73,2
"20293",1.51818241179299e-05,0.0058306341783346,0.0522577743084783,0.00059629079515828,1.53850938230457e-09,0.862477549340162,0.07882256801524,9.41395068314236e-22,9.81851021822378e-20,9.03842199324479e-33,6
