"","V1","V2","V3","V4","V5","V6","V7","V8","V9","best$classification"
"19812",1.32175809027057e-14,3.76176027818009e-07,0.00220872173525389,0.409151528884135,2.06534975479615e-31,2.07874365189117e-08,0.00714301982989296,0.581478981919619,1.73506676225386e-05,8
"19814",0.930499920994089,9.7083488503954e-10,0.000920385109298498,0.0684792411240837,5.0876825861333e-08,9.54887236871946e-08,4.24777848820037e-06,9.6040791243594e-05,1.68664125229249e-08,1
"19816",5.68020815333162e-41,0.785014026318264,0.00194515019643666,0.213038859298856,9.26597915725977e-29,8.72306658878358e-08,2.4981597284382e-09,5.46061910509773e-16,1.87445761683282e-06,2
"19818",1.26510990523805e-06,3.03714071173327e-06,0.00694234037318458,0.993019008870116,4.3559283916901e-10,1.87947419046515e-09,3.27277962340464e-05,1.04717428997309e-07,1.51367735209488e-06,4
"19820",4.38935842492347e-168,0.990494450906285,0.00936109918272658,7.42194375478526e-06,4.46426946992396e-63,0.000137027532386482,4.3484711779505e-10,7.38365329186361e-93,6.06045674775284e-31,2
"19822",2.59009621121184e-222,0.000125823416390091,0.999055508842083,4.69169607947764e-11,1.03269279968378e-47,0.000815377472185533,3.29022242461473e-06,1.15153774138502e-81,2.87071395776921e-33,3
"19824",5.30325058185532e-110,0.000565496931554836,0.999363426941411,5.64051566467492e-05,1.94362907967407e-19,1.46706875219692e-05,2.82826036714276e-10,2.84098715709558e-52,3.96253349537955e-14,3
"19826",4.31840502105479e-18,5.00043553573918e-09,0.0655608045291231,0.856611762056548,3.53405797084755e-20,0.000321271644348178,5.40140282774933e-10,0.000300449393850846,0.0772057068355538,4
"19828",3.2837677815646e-68,0.958648941815557,0.0355315580712521,0.0057856391208612,1.33154926662985e-35,4.65589767923938e-07,3.33954025615093e-05,1.25078993894952e-51,5.69945459881832e-21,2
"19830",1.48165019126519e-19,1.3150213252701e-23,0.347306110085186,0.105455345364609,5.2370145888893e-23,9.70670030300701e-05,0.0462266702473,0.500253899141226,0.000660908158648681,8
"19832",1.23847033710965e-44,3.31460265654217e-07,0.0304868283623574,0.00834455112451902,2.677627367349e-61,0.000789266032953066,0.960379022825987,1.93918112097096e-10,1.41310029400901e-27,7
"19834",7.48412216741645e-49,0.0371887120679669,0.430092207639831,0.532042848955866,1.22167252304869e-27,2.06639347207625e-07,0.000676024696988682,1.23083576159984e-17,2.29026900368215e-20,4
"19836",6.75768345218809e-35,9.57191570369679e-09,0.0121960400368977,0.932168023124662,6.68604872853893e-47,5.55656022294383e-07,7.34847384284314e-05,5.94255249007253e-07,0.0555612926168254,4
"19838",1.73118341755721e-05,5.64565097062152e-21,0.000375704778136295,0.00273410469137553,2.40949388114493e-16,3.37027448784131e-07,0.000166147240452522,0.996706393064224,1.36418659792062e-09,8
"19840",7.6506387830584e-39,0.0117102469110066,0.230717811588367,0.755186844554029,1.76414698692936e-39,0.00238433168928656,9.42744455295138e-13,3.9769554407936e-14,7.65256328911385e-07,4
"19842",6.27915985184102e-29,2.41379566275049e-42,2.56280976137119e-05,5.63074527543981e-10,1.76766601820829e-32,0.00127412876171533,7.96856264185839e-18,1.77557684254572e-06,0.998698467000754,9
"19844",1.11862974739487e-63,2.46613748189594e-28,6.05724622542715e-06,8.26690860627996e-23,0.960215765545937,0.0397781772041404,1.98881496250283e-24,4.74711234845265e-66,3.69751493510238e-12,5
"19846",0.933759497559166,1.16034030296046e-32,3.02647152796122e-05,1.52274589194254e-05,2.98144087693129e-05,1.39769826396966e-06,8.93924848872119e-11,0.0557769335540489,0.0103868645161607,1
"19848",0.99250346159649,1.30236551488004e-27,4.95379192492848e-05,0.000282532640099428,0.00589800908517534,2.17874531021028e-07,1.56914846255108e-08,0.000367877551770918,0.000898347641199222,1
"19850",0.983714296050691,1.87412679972731e-19,0.0104217869404863,0.00184988055861173,6.47011711676517e-06,0.0001141935352604,1.2460889571937e-08,0.00389334662988639,1.37070572345586e-08,1
"19852",5.99097210066433e-19,0.0221246914255266,0.000502928944352593,0.977217720117105,6.09841705481947e-14,3.76108984523432e-10,0.000154613237121255,8.11706099789201e-11,4.58185541794434e-08,4
"19854",0.999830396047152,1.26916925792416e-26,1.06189170348612e-05,9.37588671170742e-05,1.21367782578044e-05,5.64498699241383e-08,3.50034987098424e-08,5.02163157903818e-06,4.79763054903897e-05,1
"19856",4.6241139265834e-55,2.4814914358374e-22,0.951863982158946,2.37253912526695e-08,0.00314840003212257,0.0449875692215958,3.18157153541112e-13,1.22563555928311e-22,2.48616259939892e-08,3
"19858",1.83113037449843e-64,3.64387530022368e-12,0.997110231329896,2.96896870536596e-08,0.0027466090761257,0.000143126393521752,3.50712478348534e-09,6.51438137921519e-36,6.96128313491597e-16,3
"19860",1.46019343528421e-14,0.0141923033756006,0.00585278025532699,0.979938721504347,1.20683665462021e-24,2.75617062962665e-06,3.32771101946561e-06,1.0099540015888e-05,1.14430454198548e-08,4
"19862",8.55531638047671e-11,1.67454126517393e-36,1.21193632646258e-05,1.95704607201016e-06,1.54236674843243e-18,1.15029886045581e-05,5.4982537002204e-11,0.998133080342584,0.00184134011893957,8
"19864",9.04042785199627e-124,1.04084944644565e-39,8.50390091272803e-08,2.08875033291885e-24,6.51468698565584e-56,0.204849216701687,5.29214811648307e-25,8.75365370712515e-60,0.795150698259304,9
"19866",2.87844571401147e-103,0.000101539536426315,0.882547300396824,0.117201884838466,7.24572699698682e-44,5.95518255940567e-05,8.0087608961726e-14,6.57310865277092e-25,8.97234026090622e-05,3
"19868",4.24056514476216e-124,1.1938303857713e-42,2.24794592327298e-11,2.21226381530749e-34,1.14564134702807e-61,0.999405929664746,0.000594070312774302,7.60232494057706e-80,4.09953033730592e-46,6
"19870",0.0252566945810717,2.67484915237216e-18,0.0194473938667663,0.462139492716028,1.27412530373132e-14,2.90484594246192e-06,4.03006636641881e-05,0.299262287370405,0.19385092595611,4
"19873",5.66292647018175e-12,5.0371119462708e-09,0.135640343263,0.860035263027166,6.24581450085225e-20,1.35972652000952e-06,1.67679056743743e-07,8.86743988572539e-05,0.00423418686262495,4
"19875",1.99680780467677e-54,0.900019537253507,0.0160755458986324,0.0836226886530668,4.31723356347447e-51,0.000280698258488401,1.52993630538663e-06,1.07038619231827e-28,7.79817812391858e-21,2
"19877",0.000526617487015831,3.13766812217231e-10,0.00186256497004517,0.985364743428582,2.74644209280451e-09,1.43295189983742e-09,0.000693081080904744,0.0096326197784534,0.00192036876183801,4
"19879",8.02033957322771e-33,5.56672988514417e-07,0.00717498785814548,0.990687701426885,3.84277518800081e-11,1.30243028566129e-12,0.00213243878719787,1.10117206509564e-12,4.31521395140836e-06,4
"19881",1.91397362949483e-20,3.65622035669775e-14,0.352584976216389,0.355872103189816,2.13718453384687e-13,1.63118213696485e-06,1.24938865828128e-07,0.00542741397545363,0.286113750497089,4
"19883",4.92152805554321e-20,9.06334933229724e-18,0.0266811642601248,0.00307779921620829,7.19916647705995e-24,1.2959236860861e-05,8.50421146275473e-12,0.123644132163403,0.846583945114899,9
"19899",2.18551457631397e-39,4.716663650154e-08,0.0847333225582414,0.915166820927322,5.62375787787511e-37,4.86865418643885e-05,5.10264271680664e-05,1.89306526061685e-19,9.63787670073724e-08,4
"19908",1.13534725063519e-173,6.42604883890213e-28,0.0101735138222065,3.9625147617369e-17,5.03323364773355e-46,0.989826486177784,5.93572553871893e-19,1.72454145008464e-56,9.15190846838212e-15,6
"19910",2.41369341034543e-19,0.000612283117277289,0.00100963862563786,0.997336356657421,7.72401426063445e-14,1.14462556175959e-10,0.000140655390734768,6.10803135006353e-09,0.000901059986357519,4
"19912",2.64255051226429e-19,2.67330595509771e-39,0.00109124912689159,8.35777432545222e-08,5.98396316607e-20,0.00298077131047318,5.30726249164927e-16,0.0996423711386836,0.896285524846208,9
"19914",9.02185008556939e-38,5.57446008068184e-07,0.00933571410483037,0.984654954746036,4.51498036806421e-13,7.19672535282583e-11,0.00600866772179258,6.71135780714429e-08,3.87953362785244e-08,4
"19916",2.38891076647714e-152,6.97209040816596e-12,0.978797933267864,2.04143425408783e-09,1.33431437653822e-32,0.0212018787348975,4.41217532881651e-17,1.19648239856265e-58,1.85948832019877e-07,3
"19918",0.0394327800431572,4.93267538196132e-17,0.0181676689908046,0.0934245479821938,0.00636485111082965,7.47622623994238e-07,3.31220325830115e-09,0.453143011851725,0.389466389086462,8
"19920",4.91049040323441e-06,3.2405811879595e-22,0.0014692734184699,0.000179833746743112,0.998218341326761,1.74976377002144e-05,1.03214963608346e-12,3.16135990302176e-08,0.000110111765291403,5
"19922",1.99315727788799e-40,1.20033006391362e-13,1.26999137315146e-05,1.61136291694443e-08,9.80310842330268e-62,0.000621649498666338,0.999365634473853,3.389579006736e-20,6.57623783959699e-27,7
"19924",2.89785668510059e-10,6.87244375754868e-09,0.00538555469646112,0.991854600511897,0.000649325618609374,6.43274196407861e-09,2.22490798825484e-06,4.13118489497146e-08,0.00210823935822419,4
"19926",1.87938808556067e-65,1.46549371313322e-09,0.0751704246592682,0.912032809674107,6.42711522654888e-46,1.24886619243997e-06,0.012724845239218,3.96304999496461e-14,7.06700956805565e-05,4
"19928",8.67316622155551e-117,4.96012932794802e-65,2.75846135083741e-13,1.16056345342949e-35,4.80393172231004e-51,0.0171533801261224,3.10360567268541e-30,1.44610700493689e-47,0.982846619873602,9
"19930",0.00196988101309479,2.02748259875036e-12,0.000593083977454797,0.14059691942504,7.6826079428445e-19,4.23650870240621e-08,0.000158853079685143,0.856614723995551,6.649614206004e-05,8
"19932",0.0135997431793008,1.12043591949218e-20,0.000200404037579565,0.0100893335202669,6.07844085482745e-11,2.86180726694392e-07,1.8883144258839e-05,0.976088685225534,2.66465154851014e-06,8
"19934",4.37712653633634e-49,0.288571015972976,0.131387292199218,0.579734588409846,2.73267968143408e-19,6.07751909062482e-08,0.000307042642770201,3.90561584213098e-17,1.82795145508619e-17,4
"19936",1.68334197165379e-08,4.37262110422291e-08,0.0200389097189905,0.97580555510798,7.00310737513542e-20,3.25042000679498e-05,0.00365334877538783,0.000469575010703866,4.66272392069407e-08,4
"19938",1.11208162804605e-165,0.000478588345907078,0.992748055733999,0.00677203214055883,2.20515556258486e-22,8.09721944002951e-07,5.14057590073649e-07,2.895315360219e-55,1.10031702913377e-15,3
"19940",3.04644970244413e-20,1.4853966009586e-08,0.0130244614402616,0.72789804018233,4.13104685896832e-15,3.28302923328494e-09,2.48242856150347e-06,8.45848887539413e-07,0.25907415196296,4
"19942",3.05020408063884e-95,3.53468544604077e-45,3.72081139840467e-07,2.63893298475596e-21,4.03613192829817e-47,0.0104713600181628,9.14911382247704e-32,4.65783947542412e-28,0.989528267900697,9
"19944",3.91039291521817e-38,0.000766640211246399,0.000958041226256494,0.995796567255578,1.06936881453268e-16,8.49716097175271e-10,1.13379577026328e-05,3.18172250047526e-09,0.00246740931777774,4
"19946",2.0269092517944e-16,3.2847378341775e-06,0.00317574083888897,0.996793360055533,1.31228961020271e-06,2.18014656116069e-09,9.1952838306475e-06,6.21897786522747e-07,1.64827163692883e-05,4
"19948",1.43989223165092e-65,5.51767349201279e-44,1.46009119875382e-08,1.18687681939823e-20,2.04952609531293e-44,0.00281082466396753,5.76711179840846e-29,1.09723913035688e-24,0.99718916073512,9
"19950",3.19639290145624e-21,1.81933903800933e-32,2.99195757074168e-05,5.33848999894714e-11,0.999907301717748,6.27781312462536e-05,3.73130355733063e-12,4.54574025087758e-24,5.1818196991532e-10,5
"19952",1.43989223165092e-65,5.51767349201279e-44,1.46009119875382e-08,1.18687681939823e-20,2.04952609531293e-44,0.00281082466396753,5.76711179840846e-29,1.09723913035688e-24,0.99718916073512,9
"19954",0.0489598102877022,2.88127536465483e-16,0.000316257306548599,0.0552826421778781,6.78314179608719e-13,6.14581788795183e-08,1.97700327188569e-05,0.895150798856859,0.000270659879435379,8
"19956",6.78859558146356e-25,9.90816421379914e-47,0.00379981689774683,1.45107037161447e-12,1.00244666272225e-09,0.99619991278005,1.53812872450942e-12,1.65770091220988e-07,1.03546675621901e-07,6
"19958",7.17230785931396e-79,3.34192573650495e-33,5.06521422552574e-12,7.03802490110621e-26,4.73140764228838e-56,0.0273260635019408,0.972673936492994,3.18175431638895e-56,1.6363766577583e-45,7
"19962",8.3386340339461e-40,9.26725513797109e-11,0.976612164577652,0.0233209052646492,4.72237387865094e-07,6.17514412565651e-05,4.70637089003206e-06,5.11652573650512e-15,1.54864691392489e-11,3
"19964",5.65215055034214e-15,1.4179031905369e-10,0.0704771621985545,0.838334737263316,1.8490463335863e-12,5.04309758454206e-07,6.42230415825734e-05,4.2960804909937e-09,0.0911233687470626,4
"19966",6.32803128398951e-144,8.56355800550669e-05,0.994150815307946,0.00497027013252488,9.77957128208776e-60,0.000792987834687068,8.78851097607303e-13,7.1780969928396e-46,2.91143908211928e-07,3
"19969",2.79726991021455e-15,7.4762110768557e-18,0.168116343610419,0.0362245766974871,3.02717707852944e-30,0.000198691168416724,9.94133456277883e-09,0.777422440397318,0.018037938185022,8
"19972",1.03029889506597e-12,8.31008750390332e-27,0.00258326565522751,0.000263437692968947,9.07817908154713e-10,5.61332477924473e-06,1.03486330220324e-09,5.3027099466375e-10,0.997147680853042,9
"19974",0.0020015187633345,2.04850158519418e-46,6.05220394115435e-06,4.40197763988842e-11,0.0279366251874534,0.00121717397889765,3.58373353731326e-17,2.21892423919438e-06,0.968836410898114,9
"19976",2.06358340829627e-09,6.3938228313467e-10,0.00625450258806456,0.992321103449609,8.0450268652167e-06,1.15946408069429e-08,2.97079371488735e-06,4.85666723674523e-07,0.00141287817741612,4
"19978",6.69041321799209e-18,0.0768573536964141,0.00695767816749867,0.915957512151256,1.0961475975951e-17,5.03815514284373e-07,7.13934772628829e-08,1.22898974476829e-13,0.000226880775716814,4
"19980",0.997049206377354,1.16257969451093e-28,9.87506405425321e-06,2.24348351219319e-05,0.00285138716541657,1.25747455847564e-07,3.6441189669298e-09,6.44360242175981e-05,2.53114226087881e-06,1
"19982",2.56071046129518e-05,1.67345575825115e-18,0.722501915811653,0.00124017550374488,0.181242961419789,0.0949891177761638,2.1469363014185e-07,7.0899556042933e-19,7.69040572811268e-09,3
"19984",1.29742206723241e-48,2.26815046103884e-23,0.00488480341848554,8.34952323476961e-11,0.994468687637434,0.000646476946924923,6.08852041751865e-16,5.04268529725008e-31,3.19136595946018e-08,5
"19986",4.56536915439796e-198,0.793883889913606,0.154729764941753,0.0513826282891262,5.78103084323937e-56,3.22667201394073e-06,4.90183500646911e-07,4.71814096498177e-65,9.14356205915411e-21,2
"19988",8.68536819142631e-199,0.979775731312903,0.0200450053467288,3.72512719663693e-06,1.48848589289183e-69,0.000175496957524958,4.12556463885059e-08,9.01941885600621e-101,1.92081579926613e-36,2
"19992",1.36832958846511e-168,0.996349116137716,0.00353747291108939,5.91583061967305e-05,4.79649275253406e-41,5.42520109046793e-05,6.34092886363787e-10,8.76116384895552e-78,2.36391321498244e-34,2
"19994",0.000152860259285058,8.36640031602084e-12,0.000249705667606585,0.0865290113898723,5.3741387067395e-21,8.35312000453083e-09,0.000936534099855429,0.912054171053791,7.77091681027074e-05,8
"19996",8.03744680298825e-128,0.989723856506727,0.00807769927217042,0.00219392527539116,5.60856759022828e-38,4.478815098632e-06,4.01306130771516e-08,4.57083675137257e-73,2.72354797956068e-27,2
"19998",1.09545840401743e-73,9.45803485295347e-21,0.995387631559758,5.31627424477661e-07,2.93182474090351e-22,0.00453028060903265,1.65333202474115e-16,5.20534881631097e-12,8.15561985797438e-05,3
"20000",1.57069766931759e-38,1.26517172751395e-36,0.0540679506481649,1.37433248585041e-07,1.33849214224582e-37,0.748084158735775,0.182601577446721,0.0152461754026909,3.33399536006088e-10,6
"20003",2.90624979207704e-17,9.23538973936616e-11,0.00492225775128371,0.330446726568698,5.82873571143351e-39,2.02427078818147e-07,0.00355011520518064,0.660706231677885,0.000374466277520485,8
"20005",0.867458765584405,4.47623040208512e-32,0.000241078439905389,0.000328756811952369,0.044387407869311,9.31802488186561e-06,3.75036068618728e-09,9.97060514115713e-06,0.0875646989140425,1
"20007",1.45873453428255e-30,1.32942562773146e-05,0.0190283424428347,0.98092526272127,9.59338408046861e-25,2.53814630884526e-08,3.30751979219773e-05,1.28961484891279e-16,2.32548929230503e-13,4
"20009",7.5683203225703e-151,1.7313697268984e-07,0.999984417663941,1.33888786786229e-05,1.96697011023559e-22,2.01797243248947e-06,2.34787136976256e-09,4.56121874344398e-49,1.04141618875448e-13,3
"20011",2.5548697086672e-18,2.76411695819438e-18,0.0819703729026356,0.0687035699028024,1.01427888379674e-10,8.11679984296679e-07,9.53269821454404e-08,1.93050151817771e-09,0.849325148155666,9
"20013",0.00046980744675841,3.10740085299479e-13,0.0371776812625351,0.760740878698216,0.15993477418202,5.46631880008116e-07,5.29484655442743e-06,0.0416416590105127,2.93579212128279e-05,4
"20016",4.28069704005428e-201,0.00361537550004267,0.996379068449279,3.48929183579921e-06,1.34026088596296e-37,6.93391492575785e-07,1.37336734985891e-06,4.18241896875941e-72,8.21787264825212e-27,3
"20018",0,1.63301104914357e-10,1.10758853517132e-09,6.27642573375314e-35,5.07756638668607e-130,0.995309680238011,0.00469031849109935,1.44071804084187e-145,1.83591989422467e-75,6
"20021",6.45899390229136e-45,0.596112289660442,0.00897887883014542,0.394551627257134,2.71199362924199e-55,8.31479136018576e-07,0.000356372773138995,1.33229681923128e-18,3.60215959349638e-15,2
"20023",4.74102159395811e-57,0.0028062980837077,0.00132597756153436,0.995629693911014,1.30243588402479e-13,8.55981388199982e-10,0.000238024418085691,2.23994113337327e-15,5.16954422054414e-09,4
"20025",5.32566812899858e-165,1.31487503323541e-05,0.00422088165815111,3.23407088436e-14,1.44098343167977e-113,0.992631025502257,0.00313494408922759,1.30432518012893e-94,3.17769713073795e-56,6
"20027",1.32266177562862e-19,6.96720137623973e-28,0.00869212817137036,0.000981257005795139,1.98298115131247e-33,0.000782199758885579,1.44851779932498e-10,0.0773968210944225,0.912147593824675,9
"20029",1.51660872345374e-08,1.09790924649868e-25,0.0329246181271537,0.0003224304355169,1.33612792158052e-15,0.000823838137699623,4.71401908067834e-13,0.938274762935807,0.0276543351972626,8
"20032",3.67197876903111e-09,9.16963698515013e-23,0.000531943423998101,0.00610189383018784,2.33509858256448e-25,2.48255457618774e-06,8.84741351828499e-06,0.916921356588801,0.0764334725169398,8
"20034",5.5467710950287e-63,9.70403096851732e-38,2.09729620281286e-06,4.60361420683937e-14,1.31846341600108e-46,0.00389106904569249,2.27742750394587e-20,1.26634688839886e-20,0.996106833658059,9
"20036",4.67948516397054e-44,1.31857674806982e-15,0.923567064620003,3.04041305458859e-05,9.10057015508774e-12,0.0764025312272607,1.3773264097403e-14,1.89707552089832e-14,1.305583337236e-11,3
"20038",1.27538884152913e-105,0.910832743808654,0.0146639181313257,0.0735494786051397,4.35336596117156e-67,1.01174953529649e-06,0.000952847705344899,6.41439164880416e-38,3.61513325120453e-22,2
"20040",1.15878900762332e-261,5.18690308317612e-07,0.990835714977885,2.59598527172718e-12,7.58627481245288e-54,0.00915557446746169,8.19186174935546e-06,8.00062114449661e-101,6.77228063403437e-24,3
"20043",2.29870034387719e-60,0.91968451121355,0.0649586185987556,0.0148915755373762,9.86496875652634e-41,0.000455056244402854,1.02384059148376e-05,4.28934966309876e-36,1.6202410446019e-25,2
"20045",7.40243910123516e-210,0.975779765007098,0.0240697594160756,4.12778738184479e-09,3.20806007183817e-51,6.0734879677497e-05,8.97365693616783e-05,7.9918259418783e-111,3.15395866245888e-47,2
"20048",5.56494762801614e-21,7.93872550353438e-37,9.31718078356777e-07,9.6069434252227e-21,0.998065161530637,0.00193390675128453,1.48235825387376e-16,5.82980327292248e-33,1.82938707094241e-16,5
"20051",2.86589713373992e-16,8.88114150239271e-05,0.941427615665794,0.0551247875987657,6.06581721224094e-22,0.00226678318641365,0.00109200213110817,2.89376400767612e-12,5.20227307455547e-30,3
"20053",4.38642480890171e-95,0.000945282803343763,0.0578502328347464,0.94120372569452,3.63575087556409e-13,1.86947426383163e-09,6.90527580679436e-07,6.35002106739775e-25,6.62699711665289e-08,4
"20055",2.19142848146571e-72,0.000196788277106661,0.953743109460158,0.024859625879224,4.84692220117323e-85,0.00115310935160177,0.0200473670319093,4.01100072302104e-24,2.63848114540337e-19,3
"20057",5.36290193474174e-129,3.81167977309235e-72,2.2990806348816e-22,7.06559901488329e-53,1.24564277782581e-70,0.959489507077682,0.0405104929223177,5.75202534206554e-71,1.79914561807667e-45,6
"20059",1.03018645366411e-85,0.000128485884484771,0.127528539939071,0.868917499129038,3.71160904627587e-27,2.86579504204577e-06,0.00342260694314162,2.34718224073451e-33,2.3092229118542e-09,4
"20061",3.86791650739078e-37,5.83139842345286e-05,0.00830599556567999,0.991631568426165,1.41644866021011e-29,2.58808294370773e-07,3.86131544381508e-06,2.2267714257165e-18,1.90018219740033e-09,4
"20063",1.09975123233652e-180,2.33774743668069e-23,4.60832317296405e-06,7.46212014207709e-33,1.38346059407741e-13,0.999995391676689,4.15710611552531e-26,1.64437991753929e-115,1.04833505445238e-27,6
"20065",4.49013723029906e-161,0.0296889303196655,0.000311743024268669,1.8158260000045e-11,6.70492410246443e-130,0.00934028556946231,0.960659041068445,9.96794606453864e-73,5.78220968205573e-60,7
"20067",8.35152738916016e-125,0.835365651557735,0.161986505467869,0.000673404350813361,2.94406840680871e-17,6.8557164427055e-07,0.00197375305193873,3.06734746028679e-56,2.39305819737003e-34,2
"20069",0.833101120174641,5.02329250662761e-26,0.00011591937393788,0.000103720302438895,0.166675880717209,1.54666541075945e-06,1.80779830959222e-08,1.08348448263248e-06,7.11203896901798e-07,1
"20071",7.79474390068761e-75,6.18785900411443e-15,0.998680843260382,0.000740913925876102,2.55537216631181e-33,0.000578173277113195,1.49252310884608e-11,1.44835819915582e-19,6.9521697615818e-08,3
"20073",5.63041804429988e-17,1.35323556986326e-16,0.1034653011428,0.00183089083732804,0.893873163187753,3.31874989390847e-05,1.47397572334903e-09,2.8137236463353e-11,0.00079745583106699,5
"20075",2.14910737231929e-99,3.49683166581202e-36,5.73971615240008e-10,6.7244235374287e-27,4.53686469712632e-80,0.48475290712849,0.515247092297538,1.05558777257572e-42,5.92533304524757e-49,7
"20077",1.5632230087264e-67,0.819705801935293,0.00335664336973716,0.176929029746457,1.41227743670318e-14,8.52493667050563e-06,1.04748435056135e-11,1.78013426571855e-27,1.35346887208701e-12,2
"20079",8.35956188491044e-47,4.14168081550309e-10,0.641486625208132,2.80095489426855e-09,3.14079292590483e-14,0.358513371575518,1.19584756517569e-12,9.20141420741569e-32,1.73119210013041e-27,3
"20081",4.91164963421316e-65,0.35041787370033,0.104133345779663,0.00681471072347643,1.83756696220223e-36,4.50839555439359e-06,0.538629561400977,1.86709945152921e-48,3.26983830788049e-28,7
"20083",2.00551982838907e-96,3.97339764029739e-26,0.202924756546017,6.66408939473919e-15,4.45802292100859e-09,0.797075238994835,1.93156691968173e-17,8.78880969253926e-34,1.11800326269036e-12,6
"20085",1.39113778023893e-200,0.996034822464777,0.00392676370804013,8.39557911430225e-07,1.04839899979824e-79,3.5673635857426e-05,1.9006334137349e-06,9.19436764974483e-86,4.2849137276087e-42,2
"20088",1.09764091476889e-80,0.88626591035907,0.00388421838997498,0.109707369282707,2.18986675425235e-40,3.83298218339462e-07,0.000142118670029746,9.86907584427304e-32,4.66731124639824e-26,2
"20091",2.87072154874032e-106,9.00836884053564e-12,0.000258000693856489,3.432931141363e-13,1.06889669510828e-50,3.16143507516272e-06,0.999738837861717,1.85174433589282e-54,3.43581139043907e-44,7
"20095",9.39408549587286e-116,8.46135376706739e-21,0.935081742807598,7.03138869495137e-10,6.46782709642393e-11,0.0647959829481892,2.12002522337164e-12,1.95449731760314e-76,0.000122273474275133,3
"20097",1.5327327822311e-177,0.995614090311927,0.00412899386438001,9.45264739480168e-07,6.66298543797647e-83,0.000217401903215753,3.85686557377421e-05,3.642137098025e-84,4.11613280549981e-48,2
"20099",9.11171796337196e-105,1.46783069575707e-06,0.993591978072993,8.8308488770503e-08,1.03046376502741e-22,0.00598514198419595,8.22426325586777e-22,2.72489427176541e-56,0.000421323803626096,3
"20102",2.37945018384105e-65,1.57529812629586e-21,0.0657856073914205,6.48980024005113e-15,1.51621410173902e-10,0.431493757807183,0.502720634649769,2.07021502875236e-47,8.19353726364944e-36,7
"20105",3.62655958338384e-45,0.473919618597146,0.523624634032552,0.0022840767620836,2.72172982578352e-28,0.000171541322946439,1.29285271999985e-07,3.50080764377984e-37,2.43016317118991e-28,3
"20107",3.13078102404649e-95,0.339353453066431,0.00452408617417654,0.656122145568597,4.1649099908338e-34,3.2151218993155e-08,2.83039552490137e-07,6.28300662041538e-41,2.48668961916173e-14,4
"20109",5.71659111637905e-61,0.000431838671629077,0.99886923892386,0.000599175785361848,1.79441082313075e-06,9.79469946262551e-05,7.66987769982295e-12,1.39625830397612e-40,5.20603026165826e-09,3
"20111",2.14483454339922e-34,9.46240696212832e-39,8.05886147977382e-10,1.5765904971784e-17,4.38328290029284e-39,0.0239895647658789,0.976010434428235,6.92408230428136e-27,6.97923748806918e-25,7
"20113",5.47692137855128e-90,2.94040273052519e-05,0.704832883081992,0.294123959124753,4.81701256803361e-51,0.00100803374108488,1.81129130292031e-12,2.58379214824308e-31,5.72002305352679e-06,3
"20115",1.03274587404813e-17,2.51267028169362e-29,0.002728784823914,0.00109550038292642,1.63750513651369e-37,0.0477604330441391,0.919636451601056,0.0287455253985082,3.33047494557502e-05,7
"20117",1.07788033170331e-216,4.39756867755467e-28,8.12954196323853e-07,4.0456061032445e-23,2.03548488604855e-88,0.99999885879368,3.28252042665474e-07,1.589431811507e-97,8.05091333410994e-14,6
"20119",9.59429624882808e-160,0.000351778626870723,0.991057208989537,0.000293118658987427,5.17249067875808e-70,0.00829742465986308,5.49309254940763e-17,1.50495544112213e-42,4.69064741925071e-07,3
"20121",8.43093238597374e-142,0.434473421739358,0.00446397817698143,0.561059850521801,1.67665386592926e-42,1.62772601460131e-07,2.58678925816375e-06,1.91448129964103e-46,7.08756021779164e-17,4
"20123",1.07660936605488e-135,1.79070809396918e-12,4.5137158277436e-05,2.6464019680539e-14,3.7606236819875e-84,0.000642630047197723,0.999312232792708,3.18981011698418e-45,4.16802431322253e-52,7
"20125",0.824803987686871,2.74617904572994e-18,0.000945193017668327,0.00826820472011274,9.662370403462e-06,5.66290138727412e-07,6.60007167532246e-06,0.165965760503595,2.53395346617141e-08,1
"20127",2.28677483370741e-127,0.969136808002328,0.026510757177398,1.28546654896589e-08,7.74858151465681e-43,0.00435242158225476,3.83354232170757e-10,6.14827116055573e-97,4.87260528833959e-38,2
"20140",8.71976402515394e-78,2.6487743963589e-09,0.968506333437916,0.0155175939901108,2.7359122470426e-62,0.0131776400701796,0.00279842985282252,3.79727259697123e-32,1.97206370154614e-13,3
"20142",1.32840525422235e-05,4.67000592123925e-31,0.000137535360338109,1.5044763818832e-09,0.999726394825461,0.000122784150157103,3.61825028532951e-11,4.87067344587522e-13,7.03556004496002e-11,5
"20144",1.61165077678399e-11,8.50199874882745e-28,0.0761238256279703,0.000817868716509163,3.64702330583545e-17,0.0168421036349983,0.788163744416456,0.118052457574418,1.35313277169865e-11,7
"20146",2.47083173080193e-25,1.04217832808583e-17,0.88194542442505,0.00037945653102253,1.25146774180429e-07,0.117674885519536,1.08377606183085e-07,1.06189352090135e-14,1.60021335003739e-16,3
"20148",2.50456721156999e-08,2.88844210113623e-08,0.0283591874859801,0.690407683502868,4.83631829165508e-23,6.66314257702625e-05,1.36120225922125e-05,0.281152831523645,1.09051446942396e-10,4
"20150",0.995073439552344,6.44108293442343e-39,4.00498311693607e-06,9.31050904038028e-08,0.000380385188010081,6.55460517232039e-06,6.40617234432732e-13,0.00151648343759565,0.0030190391280306,1
"20152",8.89801392124375e-10,5.75430602525271e-07,0.00590869808031002,0.949421206356963,3.56165660519288e-15,8.66153496524351e-07,2.7036005124279e-05,0.0446305006030789,1.11164806192901e-05,4
"20154",2.22096852810382e-145,8.94105584768237e-06,0.00132268046509015,4.67090603396663e-17,2.3539323923973e-50,0.0104571126569894,0.988211265822073,3.94244001582065e-81,1.06511775883189e-68,7
"20156",1.317998054517e-63,6.71096877639269e-08,0.847920077101208,0.151974868314911,1.89675793894522e-10,2.89300997155961e-05,7.60571544792736e-05,1.85236397912146e-35,3.032327064528e-11,3
"20159",3.67684453955087e-09,7.1506294767289e-27,0.00181418263185833,0.000132472759436287,0.998003273150992,4.82716708917899e-05,2.1071026420115e-07,2.07985252562661e-13,1.58539950520526e-06,5
"20161",2.05251155169677e-41,3.4279531480232e-22,0.823104264766929,5.95143552916033e-09,0.0639834198364649,0.112912309395323,1.23035736676241e-11,2.73005672437678e-21,3.75446550206403e-11,3
"20163",4.5715438133739e-26,2.24427525557083e-08,0.457973324379419,0.45232065831948,4.4073717865672e-58,0.0780412707491047,0.0116566115324143,8.11255050255599e-06,2.63261659123476e-11,3
"20165",4.12609826628157e-54,4.11159809649058e-08,0.769525234122816,2.20391892407634e-09,0.024548811657069,0.205925910891619,8.59610468858194e-12,2.45813710032032e-58,4.34858942980754e-22,3
"20167",0.880346905523599,1.07682285360238e-08,0.00191193583116955,0.114092458981134,1.6617237695249e-08,1.35825574642986e-07,2.24160989875731e-07,0.00364811922059494,1.93071472206704e-07,1
"20169",2.86595683674908e-15,2.71060140828312e-35,3.90843938527278e-06,2.57145525105989e-16,0.999714266399816,0.000281825160763721,6.49544343936402e-15,4.42397941555557e-25,2.55510638611812e-14,5
"20171",2.96254276727255e-191,4.9143570178761e-08,0.000134379471871277,8.45601963433794e-25,1.14473884607501e-55,0.672191154420072,0.327674416964487,2.11663645216449e-120,1.36689925040576e-79,6
"20173",2.51418691818928e-113,8.36546706388137e-21,0.00567734305902779,1.45419929480657e-19,7.44742492585961e-18,0.994322648648008,1.70486844642307e-25,9.18336056476503e-63,8.29296386991081e-09,6
"20175",0.00451020328143607,3.0044577408695e-14,0.00893651050394634,0.977319383940321,1.1678467541698e-08,4.91095024016593e-07,7.30633669471225e-05,5.38763265944581e-06,0.00915494850116763,4
"20177",2.13585704762132e-110,1.93393417220831e-07,0.971850138422001,4.73433474892741e-05,1.27437567671922e-25,0.0271077764962116,1.66083104861316e-17,4.46735806797525e-62,0.0009945483408806,3
"20180",1.03787358687136e-148,0.945722296362014,0.0424296977629435,0.0112535667643431,7.98104235692404e-99,0.000484735838109435,0.000109703272590058,3.60003388145232e-52,2.61744047289035e-21,2
"20182",2.05606320691931e-55,3.48541803351349e-82,6.32804317226857e-18,2.31361284007858e-44,3.13399872246449e-14,0.99999999999793,2.69168040749094e-13,1.23246702590656e-48,1.76978330715323e-12,6
"20184",5.67381744153532e-15,1.20688112533832e-17,0.00674889741715924,0.000588735651903066,0.992658964070507,1.39536284024629e-06,1.05266734783032e-09,5.14941172531647e-11,2.00639342317464e-06,5
"20187",2.03813979037844e-86,1.85986755331453e-20,0.355929700358249,1.98908764173214e-08,2.07839509948872e-16,0.436704892817189,1.19842870965957e-24,1.05660887709924e-33,0.207365386933686,6
"20189",9.63946175810882e-39,0.0192110163783926,0.255042962147726,0.724894748321871,9.8536003387373e-39,2.27393711587839e-05,6.18443038366517e-10,3.83879615371897e-14,0.000828533162370768,4
"20192",3.72031280346352e-136,9.31022928526213e-13,0.000256094245419026,4.0578029813075e-13,1.80500610406581e-94,0.99966739239806,7.65133551840081e-05,1.10301563162767e-60,2.26183470248568e-27,6
"20194",1.22098498736577e-41,4.75554317655225e-36,0.0156213679513315,9.62180801727758e-13,9.88678848521889e-07,0.976204540669172,1.68230769208199e-26,1.68921390149983e-13,0.00817310269951705,6
"20196",2.73573028422392e-152,0.650769603836166,0.207993687098564,3.60521809585609e-09,5.61529389658468e-70,0.00195534103244405,0.139281364427608,3.05636946831609e-64,6.09044130049909e-41,2
"20198",4.1516974200262e-28,2.82745850279696e-06,0.10943892127317,0.888876331901902,5.26345536927046e-18,0.00105404112632081,0.000627866119153959,1.40993759310959e-15,1.21209493154995e-08,4
"20204",0.996850012975806,1.41132898630896e-26,0.000111304583018484,3.56137419206318e-05,0.000508250473407326,5.39447436732223e-07,1.45481175324099e-06,0.00249280571145629,1.82552009511159e-08,1
"20207",1.10527187946621e-106,0.555147262923407,0.407732616421727,3.54077283698935e-05,4.12780567072002e-27,7.9669071035736e-05,0.0370050438554601,1.24545001673114e-63,3.33634376554603e-40,2
"20209",2.80286701356092e-54,1.27418358345785e-34,0.000114369021032657,2.09568328716752e-08,9.70382546352205e-75,0.189890510198863,0.80999493795018,4.5278112925715e-08,1.16594978305146e-07,7
"20211",1.95972218541238e-96,5.72225741908143e-09,0.000200983547665061,5.73657922000238e-13,2.8423250286111e-69,0.000611245991434728,0.999187764738069,5.86600336656709e-44,8.32114616114335e-62,7
"20215",3.11878555030695e-61,0.512365205222891,0.420807046417789,0.0431413413039423,3.3732837109877e-38,0.0236864070149514,4.04264907762717e-11,2.38459839703571e-25,2.2490019895553e-23,2
"20218",0.258006120041421,1.0093114183202e-28,0.000187473273583661,1.44083543248037e-07,0.741777972039145,2.82790700110545e-05,1.02441937204983e-09,9.5023838663849e-09,9.65493004283123e-10,5
"20222",1.13254492258227e-54,0.0562777275040767,0.869178988701689,3.23443633991405e-05,1.3465810573975e-36,0.072596017742051,0.00191492168878445,3.10048489999427e-52,1.51861670458306e-41,3
"20225",5.10736296808109e-15,2.94695275936103e-27,0.241567018021099,6.33504077298848e-05,2.62128460776171e-19,0.758357741021241,1.16925387242091e-06,1.07212957102943e-05,3.4230803215922e-13,6
"20229",5.00120997956401e-59,1.70495035696201e-17,0.940971437995496,2.9332047006006e-05,1.75866921965979e-41,0.0589988429863029,3.86940882919003e-07,3.03125287763518e-11,2.45054013607342e-19,3
"20232",3.13974535044977e-62,5.01675743851059e-05,0.298327606487833,0.697618291066021,2.98909516978128e-34,2.63117345508017e-06,0.00400130368690308,7.59379589800007e-35,1.14025311418409e-11,4
"20234",1.48164021308287e-258,0.0717099244101162,0.000145407229377964,1.4299748391372e-19,6.78829226772849e-128,0.927640845466124,0.000503822894382148,3.77199798711145e-146,2.91746497413947e-50,6
"20238",9.12447717316352e-99,0.0431674282117303,0.557219560729191,0.399558297857159,1.33351457061607e-34,2.46914297171238e-05,3.00217722033167e-05,1.09932975332736e-52,2.68299520033997e-22,3
"20253",3.91715548506309e-118,0.970858603736539,0.0268732628724372,0.000160100952067008,2.11970551689986e-45,0.00210803243879098,1.65829031395336e-13,4.0615013516059e-49,1.35553657191966e-27,2
"20255",3.60794211669123e-05,9.51067316555059e-16,0.00120000890617929,0.0354873767551526,3.50449387788158e-19,1.46487879942586e-07,0.00529642415438195,0.957979963949263,3.25975911474912e-10,8
"20258",1.1107241949478e-77,0.991283749179152,0.0069120340875492,0.00177075362152041,1.19035695961371e-57,3.32053481827462e-05,2.57763595698455e-07,1.07019928192265e-52,9.77024259501268e-23,2
"20269",1.14778195666377e-29,0.151531027464965,0.824741475804512,0.02369546440049,2.17698700314705e-13,3.13885457524087e-05,6.43784055765005e-07,6.22792542965628e-33,7.30262673675003e-15,3
"20271",1.76759161857362e-99,0.0880938878624514,0.776571191717583,4.56445788629102e-05,7.12810906462227e-73,0.135289275649554,8.77118555943516e-14,4.79109029747158e-58,1.91461191883272e-10,3
"20285",8.3657791318818e-63,1.82483042153839e-24,0.508446134130109,1.26606963271993e-06,4.37158886605024e-19,0.0700426671823267,1.55885177687786e-17,7.91471067823361e-24,0.421509932617932,3
"20288",5.94900652000396e-56,0.00822961434338353,0.39482866825938,0.596771928546402,3.86658190139809e-33,0.000169679778436624,1.09072397653714e-07,1.96149971133768e-34,4.64179157213294e-18,4
"20291",5.46767178227237e-149,0.000180150123141868,0.0955680729751907,1.33423409609989e-05,8.53876698015958e-47,8.81133630963647e-09,0.90423842574937,3.31171068032146e-66,2.12992096213301e-27,7
"20295",3.42465830402906e-58,2.78221944622391e-09,0.953497185867119,4.17381840242203e-06,8.49215007445346e-32,0.0464986367722473,1.90144049335728e-10,3.46036392514522e-35,5.69867687035823e-10,3
"20298",2.16663080680299e-07,4.26557190773902e-23,0.000330652527820943,0.00350536194752053,4.81556360006267e-13,1.20463154848751e-06,8.52144978824387e-07,0.996156892864575,4.8192199941057e-06,8
"20302",2.45657359510728e-18,1.18543936264385e-19,0.141395158634512,0.00953649714176394,0.82897841785228,1.853395618615e-05,9.5661967239158e-08,6.33306485641551e-09,0.0200712904202255,5
"20305",8.27957828746138e-16,9.42630319786706e-28,0.0001036918224298,0.000260613988224308,1.03198590287188e-25,1.10051610079962e-05,2.68242429913704e-08,0.999577813253197,4.6848950896892e-05,8
"20307",3.53220667817692e-113,0.869355110934909,0.00450544533260584,0.125649005934405,3.37967968407044e-41,8.4065210114604e-08,0.000490353732869798,4.76520604012029e-55,2.09508796114318e-25,2
"20310",2.32140204891025e-231,0.576151919113337,0.0458254658710111,5.067436520459e-14,1.69025726225037e-87,0.378022614902075,1.13526045234957e-10,2.94227735510668e-138,1.74705312030147e-44,2
"20313",8.73030899046897e-30,3.09601648173916e-43,2.41242180878136e-06,8.95625743632308e-15,0.998984084597468,0.000992594830548081,5.47982190262917e-17,6.52650771109125e-29,2.09081501659398e-05,5
"20315",3.6729847680339e-86,0.674622316462843,0.243715616259736,0.0816345180680697,1.0792601725265e-46,2.75318931693353e-05,1.73159107833557e-08,4.65474211920217e-54,2.71107592375647e-13,2
"20319",1.49915642772837e-139,0.00433869580075621,0.209048516135742,7.65710832448651e-09,2.80831022250741e-79,0.477925414678899,0.308687365727494,2.46449417928847e-53,5.72209301937303e-51,6
"20321",4.05446967098255e-104,0.873348077482781,0.0789796020207055,2.04322324623703e-05,6.6465025358089e-42,0.0476518882640419,8.71671069267507e-15,7.36961431499655e-66,1.29736363688382e-30,2
"20327",3.96834757027439e-114,0.94033584894634,0.058066620481144,0.00157762038859804,2.30344436509405e-49,1.99101008756739e-05,8.30286645005723e-11,3.30883653459028e-66,1.34741512585509e-14,2
"20329",4.60402351335699e-60,1.38579233903832e-45,3.47661296639202e-05,4.5046702775298e-16,4.92212677133183e-16,0.0396791794290068,8.2484390616607e-30,4.92344954006155e-21,0.960286054441328,9
"20335",1.24216319286527e-152,0.853074401447972,0.037392430444881,6.51838872996777e-08,4.94695922275545e-48,7.16445146807734e-06,0.109525938471791,7.10402396811838e-84,2.65082024783307e-51,2
"20337",0.0308172235413449,3.3462083839933e-24,0.000682473215362973,0.00111813426557695,0.967373577326639,3.2068721610745e-06,1.38981289612647e-06,7.17072100707657e-08,3.92325880937697e-06,5
"20339",6.53366411696415e-116,1.62940039511061e-23,0.00146484566593389,1.46932330468584e-12,1.05709166848773e-81,0.994501927684907,0.00403322664769017,8.00515250111992e-27,1.95267352287831e-31,6
"20341",9.67069693591871e-158,2.11860577344967e-09,0.0271402688179835,7.1823250440591e-15,1.68498430726798e-28,0.000316405255233056,0.972543323808171,4.72323414124568e-86,7.27903588483212e-47,7
"20343",5.82211748197493e-184,0.138178368690253,0.844712391595078,1.19196428205641e-09,1.31471633749325e-28,0.0171085023513747,7.36171330545566e-07,1.25139657702183e-91,1.23987488209013e-41,3
"20345",1.45327006108543e-20,8.96462593114498e-15,0.0292762075256508,0.465274133203221,1.70960989725155e-38,1.35137860173785e-05,9.87419959451576e-05,0.333274208969898,0.172063194519259,4
"20350",8.12402065611549e-103,2.69551024384053e-15,0.36112241735832,5.10969550246628e-10,7.48718303322527e-29,0.638877582063667,6.7041144153797e-11,2.65166233077075e-80,6.29594846289112e-18,6
"20352",1.9683993738638e-15,9.14380159636788e-29,2.01329414330575e-05,9.54805718415039e-14,0.999823652555012,0.000156214503397199,5.68919926560241e-14,6.57499275281537e-25,3.80167467651523e-15,5
"20355",2.28748352969876e-54,5.74107331792973e-18,0.940088172717703,8.80836759280642e-06,0.0594158821808878,0.000486750771767173,3.83943879924391e-07,2.92116856144723e-24,2.01816943914558e-09,3
