"","V1","V2","V3","V4","V5","V6","V7","V8","V9","best$classification"
"19812",1.68601143124596e-20,2.2210488830999e-11,6.27076183105605e-06,0.00227998915860028,0.980105214131994,0.0175309952447966,7.72701420006866e-05,2.60538566397159e-07,7.14948071827529e-28,5
"19814",0.956616241794876,3.77048990922986e-10,2.93581204369474e-09,0.000587726061878545,0.0301869600537867,0.000141842502898362,0.0124666248485582,4.49815083618565e-11,6.01380159604415e-07,1
"19816",8.17046291441557e-40,5.02294031460447e-10,0.808937210892384,0.000651735179238833,0.190407683216013,3.36700372797649e-06,5.56200175793969e-30,3.20634168991348e-09,1.32183111375408e-25,3
"19818",4.02280352044762e-06,1.28468065162884e-10,2.12861896653369e-05,0.00800226990808096,0.991121825533043,0.000850490465656029,9.03491762745435e-09,5.74865349504295e-08,3.84501139386193e-08,5
"19820",8.04372163212504e-155,0.000269509835500984,0.990419388186362,0.00931034596268653,7.55739005120558e-07,2.76445407521796e-10,1.42030521126178e-165,9.77526621940233e-38,8.09111827663157e-61,3
"19822",5.2100381896077e-199,0.000964410846118129,2.37780839253407e-05,0.999011442248867,4.23496469252828e-11,3.68778739487219e-07,6.06254235963145e-196,6.2255955341291e-40,5.92217256558115e-48,4
"19824",1.72289008479945e-97,0.000279820805885288,0.0147373065391104,0.984982103314325,7.69309835916463e-07,3.08436211241922e-11,1.82608404293216e-73,1.95036915817654e-18,6.29258661120639e-18,4
"19826",7.44478123451776e-22,4.11754046188675e-06,2.57116003109382e-07,0.0487452915537509,0.946533369316262,9.68527496232319e-07,0.00226809595922412,0.00244789998680205,2.53747550809027e-18,5
"19828",1.86786589715559e-62,2.69277533978283e-07,0.949239789312091,0.034211362409184,0.0153439291787868,0.00120464982240445,9.71677563409595e-76,1.67661394998852e-25,6.56851417157076e-33,3
"19830",2.97070288765439e-20,1.28269103618202e-07,2.9550057302249e-20,0.262857066079926,0.353116620175325,0.383539953869136,0.000458382560535089,2.78490459734065e-05,3.2317221219609e-20,6
"19832",7.09334375181686e-53,3.84776764079285e-05,8.18395611657589e-05,0.0236961609719271,0.00180250039844151,0.974381021392058,6.58486532851544e-22,1.93557883045829e-32,2.44744522004711e-57,6
"19834",4.07707542457581e-43,8.17575242562856e-10,0.0241725920740056,0.165983421616736,0.797022473497841,0.0128215119938416,4.76196978051581e-45,2.84033880793634e-22,6.2719465170331e-25,5
"19836",2.27170429531532e-44,3.92121343838485e-08,6.98254927734636e-06,0.0166087407987718,0.977074524493437,0.00117575315615661,1.06751036294125e-20,0.0051339597902227,8.61947192324963e-42,5
"19838",7.09711693658127e-07,1.30522622636473e-10,2.56202593774731e-19,0.000284482890124226,0.00701937025299846,0.000901327827069837,0.991794109012968,1.74608337411465e-10,1.42630072345054e-14,7
"19840",3.05532421817337e-41,2.41390595023502e-05,0.0406298901331974,0.0771888310896488,0.882156910963611,1.68701841812257e-07,5.38910435670258e-29,6.00521984446568e-08,1.43345861386535e-35,5
"19842",6.23498431134359e-34,0.000179244151123039,4.0676100431159e-38,0.00060680231269421,2.80221321587524e-07,1.32556996163964e-10,0.000831808733980765,0.998381864448323,2.94715744548599e-29,8
"19844",1.10394673727917e-54,0.0330400602680591,2.64207619121914e-29,1.04234491349711e-05,2.26327714498122e-22,1.97152031597822e-29,2.0210680452049e-79,4.40322582610617e-12,0.966949516278403,9
"19846",0.892734306210695,4.80727054927489e-08,1.23997237070517e-29,9.70892220236175e-05,5.1088989843919e-05,3.20713604491656e-08,0.099156669602038,0.00780977190286923,0.000150993928464657,1
"19848",0.983189917531935,4.42772758864719e-09,3.38207529758587e-25,0.000100909773184596,0.000198374661368072,1.15232356876903e-06,0.000179433363599524,2.97433609393633e-06,0.0163272335825223,1
"19850",0.961113900046495,2.15670778220548e-05,4.00020097366401e-16,0.0245639963529098,0.00143481701767344,5.16006227463573e-07,0.0128337920161584,1.86910622760525e-08,3.13927916508479e-05,1
"19852",2.90534856588165e-17,7.87784181103985e-10,0.171149137159344,0.00118159643129509,0.826778940926522,0.000890324615384317,2.16708339783626e-13,7.29833377900823e-11,6.470902102204e-12,5
"19854",0.999907438157757,1.20225830969762e-10,5.52099049952236e-25,1.04545284618469e-05,3.18144299774198e-05,2.2507534238155e-06,9.52355705352494e-07,4.83233112298538e-09,4.70848221173058e-05,1
"19856",7.44861341260672e-50,0.00705189707626431,9.2101221441911e-22,0.990578113054173,5.52343151427368e-08,9.19624945230093e-13,3.40745657928675e-26,3.02139699628193e-12,0.00236993463130664,4
"19858",2.68605162846371e-58,0.0083225833267299,2.49030071293835e-10,0.986939988475246,2.84651534590971e-09,2.97221779818527e-12,9.3149744146273e-68,4.16683060770472e-18,0.0047374250995059,4
"19860",4.65688074907758e-15,3.10445408316315e-08,0.200368379374155,0.00603505296130102,0.792878857729665,0.00071759096100712,8.77358237368686e-08,1.93502723403257e-10,2.05046610609652e-21,5
"19862",5.53314665969537e-14,4.89914519618091e-07,3.11370682798465e-32,0.000124809986591308,0.000111656345779699,3.5884697514416e-07,0.883797650710815,0.115965034195264,2.0117933724832e-16,7
"19864",5.74002351243276e-121,0.806008942724817,1.0800595892816e-38,1.48505248000492e-06,1.46867084489856e-21,2.77170801528496e-23,5.52135714139825e-113,0.193989572222703,4.02910017699633e-52,2
"19866",2.01366322912551e-93,9.25228938591038e-06,0.00959481218836383,0.898605471343273,0.0917893805094095,4.05828206617396e-10,8.85389419310872e-59,1.0832637392756e-06,5.06560420046226e-39,4
"19868",1.50257294567282e-117,0.99866389573814,6.60428441383828e-50,5.76968382327946e-11,5.81019762278243e-31,0.00133610420416304,1.7457238527408e-111,1.26976593236885e-49,9.24044420240437e-63,2
"19870",0.00266939746728464,2.66627460792173e-08,1.64510437363405e-15,0.0245066708134732,0.67497452304862,0.0027675956670267,0.21214754673328,0.0829342396029982,4.56952955841202e-12,5
"19873",1.56138316243622e-11,6.27172456906024e-09,4.24333639866592e-06,0.176535771427467,0.823150714923786,9.98980981490296e-05,1.20318907169009e-05,0.000197334036142915,2.21440098932325e-16,5
"19875",1.23443404169758e-53,4.82993379665211e-06,0.978756803917018,0.00773238901956239,0.0133526697780085,0.000153307351614684,1.26987100455937e-37,3.88704081124914e-26,1.6156764539061e-47,3
"19877",0.000335230850883152,4.48185289551988e-10,2.1155124756635e-08,0.00432686004259006,0.989852250195249,0.00445690488465414,0.000470976436189475,0.000557612007808174,1.43979315759456e-07,5
"19879",2.47464571250635e-29,2.20296701680076e-12,1.2860711719654e-06,0.0109673910455063,0.981805006352408,0.00722627545139022,2.00605026684359e-24,3.82675869105725e-08,2.80973403572134e-09,5
"19881",1.61463561085987e-20,4.19290798421895e-09,2.8602319102307e-11,0.25676902839509,0.739386398564922,1.12630951979815e-05,1.16307232411379e-08,0.00383329408090223,1.16538243413039e-11,5
"19883",3.92036677052063e-21,1.2823432369911e-08,1.53071722876176e-14,0.130651733195549,0.122407937606286,1.94081172754567e-06,9.16605341323126e-05,0.746846715028858,5.58076534111811e-20,8
"19899",2.79193880287513e-44,2.37931298975839e-05,5.65621043295995e-09,0.0646172591363976,0.934525050434432,0.000833880622453528,9.72286900323866e-32,1.10206088825021e-08,2.45733775466664e-34,5
"19908",3.58171154516404e-150,0.97631523034954,1.11341001626237e-26,0.0236847696504567,8.63647659714518e-16,6.48671945348048e-17,6.81104135423986e-102,2.39178348738645e-15,1.47441949257442e-43,2
"19910",5.1392616611798e-18,7.5477177257168e-11,0.00805634207834028,0.00185138255649869,0.989234261640538,0.000855179032740634,1.3741962985706e-09,2.83322964003271e-06,1.25694639232215e-11,5
"19912",1.19607387618187e-21,2.23692612098568e-05,2.06571405424234e-36,0.0109123299631333,3.53952034378283e-05,4.96989954749007e-09,0.00550350033681398,0.983526400265506,9.0941709184725e-18,8
"19914",1.66923803352546e-33,4.3591821028429e-11,2.38931705570835e-05,0.0133079381217105,0.973135119595044,0.0135330489645285,9.14490172753874e-19,8.63250095615267e-11,1.82428170768616e-11,5
"19916",1.21188961524528e-137,0.227447206496409,2.44497027576634e-08,0.772552768790734,2.43805888753906e-11,5.90149518999759e-21,3.86844503710605e-111,2.38773460475112e-10,9.91954157001521e-31,4
"19918",0.0765689103186955,4.81320847022653e-08,3.88896714457293e-14,0.0634103711181278,0.308265069557207,1.21661045990352e-06,0.288527624098403,0.197169610413218,0.0660571497517652,5
"19920",1.74432764536899e-06,3.50840716866391e-06,2.60981745446534e-21,0.00228410986299544,0.000122939132829967,1.07973772760443e-10,1.28942484859809e-05,1.1100259047461e-05,0.997563703653853,9
"19922",2.52760965855635e-45,0.00011768836735149,2.35597671508232e-12,3.49705877855372e-06,1.24741052135581e-08,0.999878802097409,3.89213337170197e-24,2.31414463616893e-32,7.343523578954e-58,6
"19924",1.62530477363059e-10,1.82640583608766e-09,3.53715628653009e-10,0.00909421806497184,0.985054302784071,0.000260442023618409,8.08006217315702e-08,0.000250153348768428,0.00534080063529691,5
"19926",1.34883127712656e-72,2.04326647192426e-07,3.40484151671477e-09,0.0625640748311508,0.878789074954941,0.0586459742546889,4.48244538115083e-37,6.68227731188964e-07,4.20421391041098e-43,5
"19928",3.23128393254698e-120,0.137025524291587,2.80374581193463e-61,2.00096531163778e-11,6.61517672786228e-32,5.90558665357727e-30,1.45396766192297e-90,0.862974475688403,2.77302258290681e-49,8
"19930",1.611634860142e-05,9.65368645165346e-11,2.78749165677427e-10,0.000331870021180312,0.0685153034961117,0.000507830260764106,0.930626545623712,2.33387434464582e-06,1.63358564712447e-16,7
"19932",0.00184795971418306,6.52018847210086e-10,5.58308196249847e-19,0.000142929287191683,0.00727019501616958,0.000192860349109389,0.990545844164209,2.10082565573348e-07,7.3455312097481e-10,7
"19934",1.03984824898727e-44,3.59201967380336e-10,0.180281664544498,0.0619363543002364,0.753247583523463,0.00453439727260072,4.82571027348105e-39,2.48416512936153e-22,5.22401395807482e-18,5
"19936",8.94579900015822e-17,3.04216802579543e-06,2.97903355932998e-09,0.0127445858853327,0.975614306773658,0.0116378697857852,1.84323734540921e-07,8.08442989451684e-09,7.4830942542142e-19,5
"19938",9.6382658148586e-147,8.96263999423786e-06,6.07389551281633e-05,0.977178513429338,0.0227516546486022,1.30326937516065e-07,6.95770959544911e-100,4.19432454063804e-21,9.44484555500941e-23,4
"19940",8.38687763225297e-20,1.23052689010056e-10,4.58336221739307e-07,0.0132867917507972,0.973754908653802,9.25702215171668e-05,9.50564274633621e-10,0.0128652699625208,1.52410528855431e-12,5
"19942",2.85828056070765e-101,0.0754206122238389,8.157711900524e-42,3.88548451209245e-05,2.70093316806702e-17,1.47171979759001e-26,9.57319580181223e-65,0.92454053293104,1.72866867984516e-44,8
"19944",3.10913296954265e-36,7.81051038805046e-10,0.0196378126030377,0.00210728391606566,0.978160320265655,8.9640147884122e-05,5.91080893516945e-14,4.94228623541491e-06,1.15291653526651e-14,5
"19946",7.59884048006717e-15,7.21593646300044e-09,0.00104362769872417,0.0115878256915078,0.98726715316389,7.64295653982776e-05,9.01227904035485e-09,2.11038717502013e-07,2.4736613539391e-05,5
"19948",1.70144617948279e-69,0.0058264957247842,1.59614788353534e-39,5.27658415508684e-07,5.43316777746832e-18,2.03931812455039e-23,1.4346984646044e-42,0.9941729766168,6.38995016877312e-41,8
"19950",6.03801700473056e-22,4.54822872826363e-05,1.7877191094696e-32,3.87509415729001e-05,1.98230110371975e-11,4.03776799894286e-12,2.55014790793161e-17,2.52017640644069e-12,0.999915766744764,9
"19952",1.70144617948279e-69,0.0058264957247842,1.59614788353534e-39,5.27658415508684e-07,5.43316777746832e-18,2.03931812455039e-23,1.4346984646044e-42,0.9941729766168,6.38995016877312e-41,8
"19954",0.00301109800622773,1.45390959732073e-10,1.56527062132983e-14,0.000169829843654723,0.0249170092505606,0.000165869698642999,0.971716296638695,1.98963954043613e-05,2.1407986526722e-11,7
"19956",2.52301974898279e-24,0.969694995491167,2.0934885024426e-43,0.0303024473861519,1.63363635955933e-10,2.94920151686134e-10,7.71587497396931e-14,2.55203081698512e-06,4.63350335317949e-09,2
"19958",1.2480869095785e-76,0.244078252690254,6.65244500890387e-31,8.60010587262365e-14,3.78446713726251e-28,0.75592174730966,6.57306631968038e-62,4.07013876153669e-52,3.0342332945121e-55,6
"19962",1.03224024822477e-36,0.00011024255884352,1.24139606780888e-08,0.996147314854815,0.00374043040986157,1.32726716226446e-06,6.39875301785272e-19,2.33566562142731e-16,6.72495356867161e-07,4
"19964",4.82730295068021e-19,1.08804318405413e-06,2.52776584037909e-10,0.0617480700380076,0.929478706365296,7.6433848546734e-05,1.25138588594711e-20,0.00869570142065382,3.15349549355324e-11,5
"19966",4.69148905022349e-146,0.000228836257233026,0.000221915058305297,0.994366340414626,0.00518290819627346,4.6141402963541e-11,3.8858240558884e-128,2.74204024607023e-11,7.83546045649081e-57,4
"19969",1.99195015919643e-19,5.22392473604989e-08,7.89445030218525e-14,0.282325875678175,0.61273591955725,0.000190014298126074,0.0101298749197174,0.0946182633074049,5.04192165513301e-26,5
"19972",3.61499606682273e-11,2.58766093958498e-06,5.37357191000318e-24,0.00917211367822327,0.0013563536072035,3.25212879661911e-07,2.42861200317975e-09,0.989468494313739,1.23062253425878e-07,8
"19974",0.00309519647742315,0.000227339122984948,9.12844777434366e-44,2.10174773209796e-05,3.35327339734654e-10,1.21798701580107e-14,5.06493014951805e-06,0.965532064542399,0.0311193171143832,8
"19976",2.57576618174737e-08,2.00729745966718e-08,7.08245787254167e-08,0.0173340466555493,0.982225569688104,6.47229018432368e-05,9.94585734796747e-08,0.000208594827211371,0.000166849813503867,5
"19978",6.34990131223092e-19,3.73177991053381e-07,0.203255214321059,0.00635989375646854,0.79037906064962,1.81281702349894e-06,2.10048567134443e-18,3.64527783588415e-06,1.50915045546543e-15,5
"19980",0.993950529107499,4.16377566069547e-09,4.59287741995805e-27,1.69431605391511e-05,1.38281445813316e-05,2.6256935106092e-07,0.000242295857322311,7.52074757943609e-08,0.00577606178945615,1
"19982",1.19458088763134e-05,0.0340588703003629,1.38438315701237e-21,0.77605832861135,0.00174714938835652,2.04361902211357e-06,9.22387021759266e-16,4.18897662072524e-09,0.188121658083054,4
"19984",5.80110028732776e-46,0.0010015583235757,1.11252779102196e-23,0.00492058830221737,8.92649990100994e-11,1.63812157960537e-17,5.78256542004935e-32,5.24488373490643e-10,0.994077852760454,9
"19986",5.18116802956796e-174,8.15863485034629e-06,0.926091649710671,0.0703628159852192,0.00353681608320947,5.59586050475426e-07,1.87313982499234e-124,5.48024592000844e-27,1.61461412075189e-53,3
"19988",1.86416396844845e-179,0.00128823286950341,0.977563639395024,0.021147963182032,1.60045776894467e-07,4.50766340312615e-09,5.92390373276693e-184,2.09304138876666e-43,4.39007276794977e-67,3
"19992",3.98142316271111e-145,0.000171188548194177,0.995271576663194,0.00453373475511404,2.34995679519116e-05,4.65545785626999e-10,2.13418095664308e-115,3.97356618296631e-41,3.18104488821568e-40,3
"19994",8.15903135267878e-08,1.81893647968769e-11,1.45661886555232e-10,0.000152399179484268,0.0641725982276429,0.00125224476869606,0.934420366888767,2.3091812452949e-06,1.71546230977958e-18,7
"19996",1.14462570311137e-110,7.9469709326641e-06,0.991277945622704,0.00682995253244157,0.00188389320493207,2.61668989824077e-07,1.36550670012049e-100,6.35028405970172e-34,2.60015342249662e-36,3
"19998",1.23405001040134e-66,9.83636393143419e-05,1.67657624094231e-17,0.999890047237885,1.01615548757766e-05,7.22415497914023e-13,4.70615948571139e-34,1.42756720225927e-06,1.16520645252191e-20,4
"20000",2.24382547815404e-44,0.000210249070245646,5.77130121365046e-34,0.00961492945953978,4.43733759818612e-06,0.990170384121497,1.3945606793018e-12,9.72476535527555e-12,5.63176664208346e-36,6
"20003",1.56319126755048e-26,6.4434542149027e-11,1.18054327759783e-08,0.00341539271426796,0.985269347561936,0.0112148404422118,4.3698716080819e-06,9.60375401092632e-05,1.05379036881487e-34,5
"20005",0.885725834295957,1.76686182005862e-07,2.04623838034509e-29,0.000440905315027619,0.000172388387819446,9.73790830914969e-07,2.53141567382735e-06,0.000308066205672768,0.113349123902836,1
"20007",2.06100084724546e-27,1.10120195812405e-08,0.000213094907525191,0.0325733295655217,0.966061464202415,0.00115210031250223,2.08993100038965e-29,1.67819728507456e-14,2.90508902561474e-21,5
"20009",2.03816130125316e-135,3.66541473342839e-05,3.3637262779116e-06,0.999958585429063,1.39665572469847e-06,4.15998124758118e-11,4.02722918266978e-102,2.8069136495842e-19,7.07266714151582e-22,4
"20011",2.20108925409709e-15,7.20861996434939e-08,2.64083518696182e-16,0.279575876755522,0.37081256705599,9.29042876046057e-05,1.76809276174308e-08,0.349518514249645,4.7884108430205e-08,5
"20013",0.00209654215334395,1.19879919886522e-08,1.58285205034558e-13,0.0375867228979254,0.536969712399191,0.000406958793083872,0.0250646979953693,4.53478001772956e-06,0.397870818992918,5
"20016",3.94145124326964e-173,3.08994836227847e-05,0.0256153181541313,0.974352826801407,4.96561648966838e-07,4.58999189851109e-07,8.71727124921697e-150,3.29837086856019e-32,1.36536574735089e-35,4
"20018",1.1421419891787e-303,0.999991018865037,3.45028515227571e-11,5.02734880242784e-11,7.14349282978171e-40,8.9810501865801e-06,2.95832814084134e-257,8.20974206682489e-86,6.54912734547562e-129,2
"20021",3.39152675181673e-48,2.16985289095402e-08,0.978967492842502,0.00463294024984586,0.0150920119362718,0.0013075332728512,9.63394914544735e-33,8.77893459462426e-20,3.09635936124248e-50,3
"20023",3.18136355654803e-52,1.46427356869658e-08,0.0190539280730064,0.00386366672152582,0.976773944162733,0.000308446399094233,1.72990402460138e-23,9.84484345882377e-14,8.0645250786915e-13,5
"20025",3.46987289341879e-163,0.999457123669666,1.89596881282952e-05,0.000350096354532529,3.97292690917263e-19,0.000173820287673168,1.03153637734879e-150,4.20848323784809e-63,1.38666300146616e-108,2
"20027",2.92518587422071e-29,3.25259275073449e-06,1.12914327896946e-25,0.0116307133619797,0.0132283444878459,4.84622249997425e-06,0.000573219132764771,0.974559624202159,2.78150387312991e-30,8
"20029",1.44385628475291e-10,1.06762363926487e-06,3.92979453777069e-23,0.0683839607270402,0.0072119623056801,9.97965250281465e-08,0.00238234525751607,0.922020564145139,7.45899513628677e-14,8
"20032",3.86392936650764e-15,4.79961799647446e-10,9.28451225969538e-21,0.000240340332252775,0.00920047443301275,0.000337784346414243,0.988403426088818,0.0018179743195363,6.21795886311078e-23,7
"20034",1.40645073089464e-67,0.00165529958405654,5.57682601990866e-33,1.32013132053402e-05,1.31218852354118e-12,1.39303447961159e-16,1.32585934306486e-29,0.998331499101426,7.61619117297994e-43,8
"20036",2.0395232995825e-39,0.0160904254730081,9.04188338435264e-15,0.983647328645168,0.00026224585641083,4.63018302595198e-12,2.6921973518322e-22,2.13205872060824e-12,1.86416986377079e-11,4
"20038",4.13059982939843e-103,4.66231142987706e-08,0.780899352974536,0.0140657633334238,0.17852249123561,0.0265123458333162,1.3430103099496e-82,8.64517625501762e-27,3.4568806906865e-63,3
"20040",5.14818337632939e-230,0.790208355252771,6.58119355818259e-05,0.209725831107473,8.59331041697678e-16,1.70417258835448e-09,4.42300782746646e-177,4.06451529827036e-30,4.01241625779623e-52,2
"20043",7.40382737009683e-55,3.13412317804053e-06,0.971881128263903,0.0239496012092938,0.00364210375835812,0.000524032645266913,6.46175289028011e-42,6.23078555187827e-33,1.38844377630643e-38,3
"20045",2.29661345080763e-184,0.00307907915500726,0.97511664914179,0.0218038626095353,4.99561858627117e-11,4.0904371131166e-07,1.01986052378526e-180,3.91877370278716e-56,9.06501295489093e-51,3
"20048",2.59087167127197e-18,0.0040723175962714,4.62843724778392e-37,1.72790219062684e-06,1.00618847807656e-20,6.84994310233361e-19,7.78107833129483e-54,3.11514618901871e-14,0.995925954501507,9
"20051",9.56432579587001e-17,0.000112647078374913,0.00152261299362174,0.968200959438607,0.0124114005179977,0.0177523799713985,1.31270086912698e-19,7.60472638398234e-32,4.68188572710496e-20,4
"20053",4.74199046898556e-83,3.4933203442765e-08,0.0511368440834076,0.18068516357794,0.768174496619323,3.46077476330132e-06,2.14445087400108e-30,3.79257449272941e-12,7.57049706523393e-12,5
"20055",3.63466226910436e-89,1.79224645848452e-06,1.13335301353685e-05,0.322139593029533,0.170108328193804,0.507738953000068,1.97957013264289e-72,1.42911528663653e-20,6.14649352935554e-80,6
"20057",2.23331558453085e-130,0.999864193723257,9.2898564546029e-73,3.07527606639586e-24,1.52646290068591e-52,0.000135806276743474,1.09912216679714e-122,1.04886873547477e-46,7.95549339553635e-72,2
"20059",2.69361615518129e-78,0.00174242162313344,0.0319489817910148,0.722130992541504,0.24366361438873,0.000513989655329885,3.16929974074127e-43,2.87735606338376e-13,2.05720576058698e-25,4
"20061",3.83830757297401e-35,8.30573332165126e-06,0.081461325335707,0.0975994114328293,0.820825351304295,0.000105606154325469,7.0990234392021e-28,3.95213246321233e-11,1.9071624126407e-25,5
"20063",1.75630938691501e-153,0.999978679851224,2.16359479746927e-22,2.13201486312477e-05,1.72513216882676e-33,5.95399614993803e-35,7.96172904429375e-155,4.90933119207324e-29,1.44740872150999e-13,2
"20065",3.08093788054435e-168,0.0167948556373224,0.00898893237852029,0.00012834940170021,2.1971406997997e-13,0.974087862582237,1.41146696168662e-144,3.22575253517762e-67,3.31073127913954e-125,6
"20067",5.69857707904559e-109,2.83876248431884e-05,0.814533023355773,0.184896661728997,0.000119010787172981,0.000422916503214019,8.76762456001849e-74,1.76186214979996e-43,1.80362297310919e-17,3
"20069",0.71367150686792,1.44922655043478e-07,2.0772837905572e-25,0.000213232193485338,5.82639739037086e-05,9.48718482039918e-07,0.000213591679920799,1.66804930500877e-08,0.28584229496314,1
"20071",3.69620203245689e-70,9.91861503320694e-05,1.64342849300747e-13,0.99672123963165,0.00317953687391275,1.29137632267744e-08,3.61735878423686e-56,2.44301781376682e-08,2.03831363681479e-30,4
"20073",2.80898178440643e-17,2.48214520027948e-05,4.31673713639826e-14,0.106907729023278,0.000492753649534488,1.90499899666646e-09,1.87822567269342e-10,6.72067246043107e-06,0.892567973109859,9
"20075",4.69133037356667e-109,0.0556253185679051,1.97990055307746e-40,1.89978856469157e-10,3.31604793319505e-24,0.944374681242116,8.33916214004661e-92,1.54609613371231e-50,3.10161047472532e-80,6
"20077",9.57311604688721e-58,5.74958860337663e-06,0.614445418026643,0.00215495977445885,0.383393871196566,1.41361276432933e-09,2.86056104886559e-41,5.55275743341073e-15,1.10175240303511e-13,3
"20079",8.44081002790541e-42,0.0480969123964791,5.81053656099585e-09,0.951903080962716,6.22587497716954e-10,2.0751037855378e-10,1.91888420458213e-47,1.41536153044191e-29,1.70390070304411e-13,4
"20081",1.13372088258455e-59,8.18913895559195e-06,0.00591278365233846,0.0700110107643335,0.0202719265869083,0.903796089857464,2.4179510355196e-58,6.55147478226001e-35,2.74284785520443e-35,6
"20083",1.80798633453074e-83,0.340519272224348,5.79810893419988e-27,0.659480725195696,7.78378600625691e-13,4.4647428634117e-17,8.11291760348902e-66,2.41073338096592e-14,2.57915353977597e-09,4
"20085",4.41608306821107e-182,5.98966903206953e-05,0.993741402838877,0.00619441632949173,4.04811008543763e-08,4.2436602099085e-06,5.52927640419989e-165,4.46119344104781e-50,7.94896572145755e-77,3
"20088",4.35488227194447e-75,1.9923081201549e-07,0.974633815580458,0.0057561213938257,0.0188786454731521,0.000731218321752718,5.08197980048746e-60,1.35848227988049e-32,5.36481215606263e-38,3
"20091",9.52243885514034e-98,8.19683984121156e-05,4.78329654054018e-14,1.35476649232242e-05,7.56438387117748e-14,0.999904483936541,9.8507022921214e-98,1.861985689083e-50,5.9886504671478e-50,6
"20095",1.0824944689445e-97,0.628529458851329,1.99755438100965e-22,0.371453791714801,2.60649769859183e-09,6.74345027483119e-14,1.88919376996532e-70,1.6746459427593e-05,3.67878051788554e-10,2
"20097",2.81710026826586e-166,0.000677556565957116,0.991811195683146,0.00747933772423164,4.04892209080335e-08,3.18695374443997e-05,3.48351769542194e-163,1.88084728736714e-55,3.28937207801385e-80,3
"20099",3.37304786855245e-91,0.00339171490148697,1.41141609259605e-06,0.996601486681767,4.6910404288492e-07,3.87690137731823e-19,4.15665672310797e-93,4.9178966108835e-06,1.89711255510938e-20,4
"20102",9.41989961568094e-60,0.99863982612352,1.52348957092762e-20,0.000836863083318102,4.70549156646649e-18,0.000523310747227916,1.02613834904631e-74,2.02067838730631e-38,4.59336516187876e-11,2
"20105",2.43059416817062e-40,8.19490101089431e-06,0.720608914987693,0.279022095100922,0.000341640780150816,1.91542302233603e-05,4.27200481580863e-62,2.5625478386786e-31,9.45282917429341e-26,3
"20107",7.56619960009423e-84,3.27454791696777e-08,0.240654346663558,0.00280772417085115,0.756527877652,1.00187681110447e-05,5.24472847716658e-72,5.84754379803818e-18,1.52756685719154e-31,5
"20109",6.69403544162081e-55,0.000395332740856039,0.00256358287477998,0.996840257353724,0.000193167132034445,8.02057194776066e-12,8.0550799030197e-45,9.15108810391208e-12,7.65988143432308e-06,4
"20111",4.18745501579694e-36,0.00635127799131882,3.05430517725068e-40,6.34571374638431e-11,2.76071656074047e-17,0.993648721945224,1.62421859792525e-26,3.50227838009653e-29,3.00111631502547e-38,6
"20113",2.24186126000019e-86,0.000179232957090648,7.37085443326558e-05,0.475904656824051,0.523842053422873,1.01422544845637e-08,6.99185650185245e-58,3.38109399017212e-07,8.39374676874313e-47,5
"20115",1.25658648198667e-24,0.00046008591496611,2.65323930512403e-23,0.000514549097824181,0.00028200167892255,0.994712452280912,0.00403046098709704,4.50040277978135e-07,2.17311301000127e-34,6
"20117",3.26847843671874e-203,0.99999746034001,2.4259200201053e-32,1.58580079770877e-06,7.28660354215401e-21,9.53859192390143e-07,7.8125344516552e-156,1.86731046281481e-16,1.85251919662303e-86,2
"20119",5.51033455991961e-152,0.00057673380995676,0.00171088066416178,0.997458579451253,0.000253805661194078,7.16425771968184e-13,1.48191262088952e-104,4.12717580341946e-10,2.33140523454353e-65,4
"20121",2.33854073121267e-126,6.08429606193041e-07,0.707515707472255,0.00455902877250749,0.287916639498904,8.01582672799267e-06,4.4483418445265e-82,3.31110832764664e-22,1.11120861184821e-40,3
"20123",7.74341422782407e-139,0.00175933785818141,3.48046592995957e-12,7.15594278576509e-06,4.86764976182324e-15,0.998233506195547,2.42705477984375e-107,3.39845482512598e-58,3.81343613633367e-83,6
"20125",0.692733651854077,1.52684922614508e-07,7.88550798339331e-17,0.00176609581847917,0.0080707147541545,4.84339351963584e-05,0.297346283273536,1.23848358152602e-07,3.45438312758566e-05,1
"20127",3.25362031460771e-116,0.00345063431521862,0.976739908498656,0.0198094556327155,1.52514161428678e-09,2.82678417038163e-11,8.09865230335577e-147,1.97876081631982e-44,2.49793099242672e-42,3
"20140",8.05326273457959e-88,0.00299742354953905,9.35077096019081e-12,0.841354946874817,0.11214345027785,0.0435041792884415,4.66848808657764e-53,1.9723231797826e-15,2.68835904875479e-60,4
"20142",2.89901334500264e-05,0.000139882228708475,1.86362901984802e-30,0.000198149035582825,7.88360255131626e-10,1.9750507890492e-11,2.85038110545197e-13,2.16192190347656e-10,0.999632977577671,9
"20144",1.67809304414037e-16,0.0123708876833717,1.03420379989132e-25,0.0870239890217325,0.00326313506198903,0.897265912929353,7.60752755658967e-05,2.79879566788335e-11,1.46142912214077e-16,6
"20146",1.06687024920745e-22,0.0440241461274651,1.62730537253767e-15,0.95589342478638,8.14280967201307e-05,6.90777890103302e-07,1.49871781083196e-13,1.21349088977323e-18,3.10211392996916e-07,4
"20148",1.1169622125651e-11,5.27336053264686e-07,5.33043888721598e-06,0.0370004630756695,0.914628055738649,0.00149307722099794,0.046872546128434,5.01392758046568e-11,2.07719469153275e-20,5
"20150",0.990809924569792,3.51303928336758e-07,1.9856460099144e-36,1.17131980647768e-05,2.71597418835559e-07,4.05691148734325e-10,0.00552639442906378,0.00290352358883979,0.000747820907201523,1
"20152",7.6758886840177e-13,1.64047068908954e-08,9.41481088639497e-06,0.0061464235052469,0.990983732932533,0.00043011786863511,0.00243025565611331,3.88210112234538e-08,9.91411616654703e-14,5
"20154",6.021842495388e-131,0.334468155858709,1.61363241683702e-05,0.00406737409032097,1.25850562908324e-17,0.661448333726802,1.79176358112672e-137,2.32611057589909e-76,3.44225270096559e-50,6
"20156",1.02640894800761e-53,0.0022458463990398,3.53736765633828e-08,0.925743947886822,0.0720033384398573,6.83104124615775e-06,1.05537224064531e-45,5.00387636912582e-13,8.58857303835916e-10,4
"20159",2.19659913979953e-10,8.24782486667003e-06,7.87730366209876e-26,0.00326159023404323,2.3193890806845e-05,2.69786284098033e-06,2.2052010793857e-11,6.34065660084456e-12,0.99670426993939,9
"20161",1.80069078798871e-36,0.341724456074703,8.93152813671061e-20,0.596140024828878,1.8638657727951e-09,1.77164600545982e-14,6.44904258894752e-32,3.97928621326435e-12,0.0621355172285559,4
"20163",1.19707548813157e-40,0.00093266115442526,2.06533602771267e-06,0.347736419221432,0.34902076385667,0.302308090424947,4.04384991740941e-12,2.45423537807992e-12,1.21153216093382e-53,5
"20165",1.50954374918283e-47,0.439272447089378,9.82908595778855e-08,0.529373384375204,1.88082422928349e-10,2.2553984814511e-13,7.53329775195864e-63,3.39238836575063e-24,0.0313540700562499,4
"20167",0.914035220311445,5.41441746582551e-10,1.22701144011553e-07,0.00132530655266661,0.0654005017802445,3.00310659237256e-05,0.0192085087472722,1.24285156390359e-08,2.95871346677165e-07,1
"20169",1.22725254738603e-13,0.000513261996380386,2.95466176949695e-35,5.58258834794235e-06,1.80069354886337e-16,1.32823853425354e-16,8.37350636009836e-34,7.33089280156705e-13,0.999481155414416,9
"20171",2.75740713304782e-169,0.999874727638411,1.23072884459203e-09,9.54489284141274e-06,1.7148127003829e-27,0.000115726238019384,3.25727412655967e-182,1.05436437626453e-87,4.76600556386578e-57,2
"20173",2.66953522174443e-101,0.995535516953138,9.81990224712838e-18,0.00446448291760204,1.97621701478914e-21,6.24085829386138e-31,1.99128241793315e-99,1.29260198361147e-10,2.07863454045533e-17,2
"20175",0.00439429740623131,2.72197924055891e-07,1.17308181499809e-13,0.0206123911958771,0.969491637063405,0.00215832969476211,0.000288352616323311,0.00305428215098501,4.37674375517624e-07,5
"20177",1.23928938154715e-103,0.0472362656406388,3.19741332296916e-08,0.952320414623693,0.000379209825965285,6.28494834731621e-18,4.94977878785493e-74,6.40779355691315e-05,1.68581523266245e-24,4
"20180",1.20352006457249e-146,9.57334886905646e-05,0.977567040299641,0.0216579150699056,0.000148667708843089,0.000530643432919886,5.50265328477392e-95,1.3275610079486e-27,2.95001590536983e-93,3
"20182",4.58277659913379e-51,0.999999999981161,1.85258421261935e-81,8.63773531342307e-18,4.85312601580115e-43,5.54144619304885e-17,8.63683950860192e-71,1.88298299469673e-11,8.92210184512509e-15,2
"20184",4.222523004409e-15,1.40023600129113e-06,1.32695317231657e-18,0.00752143487144587,0.000360013527583234,3.66175522867715e-09,4.03962972675635e-11,1.32950525221161e-07,0.992117014712289,9
"20187",1.13595234833865e-76,0.536615622644385,7.42257109804979e-18,0.306994614219206,5.96941023675368e-08,1.567402687712e-25,6.66290344904601e-47,0.156389703442304,1.63920538632441e-15,2
"20189",1.42238445556587e-41,1.07265584301459e-06,0.410833423972994,0.292902377437633,0.296251628699003,4.1716500505351e-07,5.73702601976942e-32,1.1080069521871e-05,4.23541037859502e-34,3
"20192",6.5615036117948e-138,0.999947244643212,2.24584130197723e-09,4.64252142809058e-05,2.61103675135314e-18,6.32789666616167e-06,1.02245890571412e-83,1.74962926172147e-33,2.57448568660625e-90,2
"20194",7.56941725820634e-36,0.776051294757607,6.10872783690175e-35,0.181959678335256,7.50489360664272e-10,5.85106918956232e-21,1.34013451470931e-21,0.0419863622728077,2.66388383934862e-06,2
"20196",8.03538822326572e-138,3.24714575130363e-05,0.156123546815806,0.128996914000104,4.70946977694086e-09,0.714847063017107,3.04124250481065e-129,1.29891790969739e-48,1.95377662108215e-67,6
"20198",5.11905933674343e-31,0.00516227703816166,5.21338907114124e-06,0.235876276518695,0.758803920778868,0.000152312265888477,1.95132269533098e-14,9.29572239836467e-12,1.46622269091142e-17,5
"20204",0.998267446381493,5.0662894001366e-08,3.86897853436392e-25,0.00011778638542544,2.02252233878501e-05,6.49777173489757e-06,0.000855752648776456,1.18089268692956e-08,0.000732229117361888,1
"20207",1.43040926764349e-96,0.00141791180213013,0.146330191438423,0.841291390819758,8.29968393869316e-05,0.0108775091003018,1.58393073031724e-111,2.22305617971856e-46,2.3254534846213e-27,4
"20209",4.51206605091637e-81,0.000708241156352327,1.4906279918197e-35,1.7192245417394e-05,7.0506620447543e-07,0.999273741437554,1.73035637881653e-31,1.20094471810804e-07,5.78051786437308e-72,6
"20211",5.1323714786753e-94,0.000519513806919505,7.04081670758812e-10,4.66508709728591e-05,4.55158831201459e-13,0.999433834617571,1.28858414695551e-80,5.15575880010968e-68,1.82019932138595e-67,6
"20215",1.54343237340656e-57,0.000769552820947873,0.750813995464641,0.212310362442227,0.0361058369309857,2.52341198073695e-07,1.81333678240702e-50,2.21268068246614e-25,1.17626872170452e-35,3
"20218",0.178655659987357,1.18565076072984e-05,3.83090715760815e-28,0.000293499875186398,8.53612287274425e-08,7.2864349200075e-09,4.45124908072824e-09,3.51001434572596e-09,0.821038883020922,9
"20222",7.30594140748564e-52,0.00880760157862898,0.0590368143145464,0.909532709249989,4.97286056804021e-05,0.0225731462511551,4.62164224329734e-68,5.78327225739122e-47,9.28019589808717e-36,4
"20225",1.02475071115651e-21,0.430313116154249,1.23390423542511e-25,0.569297711083365,0.000355421005020132,3.28426711809548e-05,9.09080539701667e-07,5.64590736501555e-12,9.88680586139135e-19,4
"20229",9.77690340382257e-63,0.00297936353722386,9.88662761926501e-16,0.996242430192247,0.000614978572100951,0.000163227698427182,4.62427714822207e-36,2.0427544023548e-18,4.32519419225053e-39,4
"20232",8.85792679668309e-55,1.32675102114266e-06,1.50124085945015e-06,0.17449456528275,0.796838068928144,0.0286645377972206,5.27759386377286e-37,5.20466968268106e-15,8.62148824941815e-32,5
"20234",2.32264371139724e-246,0.993775169930406,0.00619944480165575,2.44037570280501e-05,5.43117662231398e-23,9.8151091030928e-07,4.24287005548254e-235,7.64205052732225e-59,2.75297840445463e-125,2
"20238",3.28424148690332e-85,0.000697530624995286,0.267361711419152,0.701022810765096,0.0308849548756202,3.29923151364749e-05,1.2371712777987e-77,1.02682201691459e-26,1.03139331192459e-31,4
"20253",4.83296970961629e-109,0.000563064144786041,0.973016049224263,0.0261350234087881,0.0002858631700018,5.21611273677546e-11,4.26060298512494e-111,7.98057784089573e-31,1.49077420711371e-43,3
"20255",5.38377832318241e-07,1.8867820073766e-10,9.0298235044972e-15,0.000957286647722341,0.0657851639582487,0.00622692824591362,0.927030082561334,2.02618675369746e-11,6.89712699966679e-17,7
"20258",6.84468609510597e-78,4.68916370281368e-05,0.991169572474604,0.00860525334784419,0.000176465073299034,1.81746722511945e-06,4.09705250584459e-83,1.33900465444483e-27,8.84815324724931e-54,3
"20269",1.26577864592478e-27,0.000148752587662607,0.32694369916864,0.667038800171239,0.0058675930589413,1.15500894531788e-06,2.88711975593671e-51,7.87086440843747e-17,4.57107883798984e-12,4
"20271",2.88042380162521e-107,0.103701256618822,0.144323762296202,0.751965121213096,9.85986907379645e-06,2.68855803369902e-12,7.5561210313633e-109,1.16863665739529e-13,4.42132265159669e-68,4
"20285",3.98035537336485e-66,0.00589882719576284,1.92107389810911e-25,0.983139912318729,4.39259060617737e-05,6.22025755028609e-15,1.76735598012088e-43,0.0109173345794401,8.38131065601395e-19,4
"20288",1.22109351517906e-50,2.98562347567964e-05,0.00214702417340892,0.215049752691231,0.782748014038845,2.53528617581472e-05,2.09398047832028e-57,6.30487869836818e-20,1.75591914574001e-30,5
"20291",1.10991853769388e-132,7.71521550653818e-06,7.95185320416156e-05,0.100562974763033,9.55088068927612e-06,0.899340240608729,8.60437221791578e-126,6.45804141966822e-33,1.14540977268427e-44,6
"20295",6.08795187836078e-55,0.0658228145598037,5.80642706783655e-06,0.934171362549049,1.62911744071996e-08,1.69744566514174e-10,4.97080020523804e-47,3.16038780153877e-12,6.45504476712073e-29,4
"20298",9.96025445781688e-10,2.4469487170225e-09,1.50978424626549e-21,0.000126206206169064,0.00265820166474281,1.26234009452963e-05,0.997181531784802,2.14334983789646e-05,1.98760923002112e-12,7
"20302",1.56660762387023e-18,9.26046952872844e-06,1.3394396392475e-18,0.144390458603004,0.00555169505881501,1.01378085860681e-07,3.7283656873668e-09,5.20673530942181e-05,0.849996413409107,9
"20305",4.14767878728231e-21,8.45558424510961e-08,1.04520079789121e-23,0.000252185186137733,0.00285494380907307,1.4455430312792e-05,0.995170601666223,0.00170772935241117,2.95963811263874e-23,7
"20307",2.14177919281773e-104,1.83405755899523e-06,0.947397871663272,0.00700473475077848,0.0452101098489633,0.000385449679427094,1.90709657211027e-104,7.7807291532947e-32,2.49085912275694e-39,3
"20310",2.25170742041395e-203,0.645054391444884,0.309252952333994,0.0456926561932621,3.58338778353629e-16,2.78595177756113e-11,3.25791162189938e-199,5.294579192471e-52,5.67038311762333e-84,2
"20313",1.45216065285975e-29,0.000575582224773601,8.38711710170286e-43,4.75158411580473e-06,9.26650092495504e-15,7.26920607960682e-17,7.57897312059449e-19,1.80062204369575e-07,0.999419486128897,9
"20315",1.26587131352361e-83,7.09118970802372e-06,0.222514377882914,0.210796371610082,0.566667762879618,1.43964376780619e-05,1.84968232042658e-96,2.13465470781283e-16,2.25905586825842e-43,5
"20319",1.71167563081093e-136,0.326597625308831,0.0103593875058325,0.247603993487626,1.54377184727853e-10,0.415438993543333,1.04654931564532e-107,2.00875432372084e-58,1.99987112707141e-77,6
"20321",3.06662069120433e-92,0.0574904374531098,0.855034550425671,0.087474527084936,4.85036197837866e-07,8.5659619280145e-14,1.82739480392282e-99,6.10058154228631e-35,1.89142464714402e-39,3
"20327",5.9042016540657e-104,6.57272398485475e-05,0.952367634938049,0.0473114391303215,0.000255198234832879,4.56947928990196e-10,6.97091800825054e-100,6.09857061570173e-19,1.37252162727979e-45,3
"20329",4.3280947316895e-56,0.0143350182695136,1.4829574101441e-42,0.000111164197666101,4.97798737580599e-14,5.63097983603534e-27,3.93173207955206e-27,0.985553817532768,2.15507543898915e-15,8
"20335",1.04048004194317e-132,0.000232132068317018,0.884593034427373,0.0382660330794367,7.20197982995693e-09,0.076908793222893,1.48733865411942e-127,1.89482221252267e-60,1.44300071259893e-46,3
"20337",0.00371823771138436,8.18792381225487e-08,2.96931631619923e-23,0.000715927030528193,0.000204739664398315,2.81406006342123e-05,5.70298355212376e-07,1.00508778338598e-10,0.995332302714953,9
"20339",1.45771662494443e-123,0.959441473780476,5.0896895851072e-19,0.00130540793207051,7.13228951904801e-13,0.0392531182867406,8.40366110377356e-58,1.39002864683927e-34,9.75257363262651e-79,2
"20341",2.93348671695616e-136,0.898228502548152,2.67850657493389e-10,0.0554256080699473,9.27108774329913e-15,0.0463458891140404,8.13144458095281e-136,3.80854195211913e-52,1.92149246552598e-28,2
"20343",3.93500772294554e-160,0.197991257081003,0.177802234720895,0.624206507890642,5.84155000748141e-12,3.01618357707736e-10,3.5294745938978e-133,3.06103821385638e-50,3.05216614437443e-29,4
"20345",3.00524215736057e-34,1.52223413431359e-08,2.57200121180249e-12,0.0126191064100549,0.897972631866563,0.001991362650219,1.8533352941775e-09,0.0874168819949142,5.12633987614015e-35,5
"20350",1.31388176525064e-91,0.452495476428274,2.83515369817622e-19,0.547504515959185,7.61237018983749e-09,1.70599863095485e-13,3.71954771096352e-64,5.60098980101677e-21,2.47519077336814e-29,4
"20352",9.6288372797424e-15,0.000188336814922568,7.99540176447219e-28,2.47328823770277e-05,2.70388285085869e-14,8.65781413831053e-15,5.84396567418991e-29,1.17836265294912e-14,0.999786930302643,9
"20355",1.41888817941835e-49,0.0107316984433507,2.48631401160202e-16,0.937126437532327,2.39128760202325e-06,6.68876423888298e-10,7.60388055803814e-28,5.36465321890176e-13,0.0521394720673075,4
