"","V1","V2","V3","V4","V5","V6","best$classification"
"19811",0.0931928251981107,0.870484870842592,2.25869761632986e-08,6.31654706886724e-06,0.0363159648208346,4.41816897826578e-12,2
"19813",1.14933013777049e-08,3.67542501789033e-16,6.57711393669559e-09,1.0807886281196e-28,0.999999981929584,8.95892913534484e-22,5
"19815",0.989504517707047,0.00926911262153284,0.000754624532634849,2.59764501071891e-16,0.000378096577206705,9.36485615790785e-05,1
"19817",0.036445258497184,0.96344550779433,8.19105521334116e-07,7.96686015425039e-07,0.000107615189906538,2.72704301650767e-09,2
"19819",9.42906242537297e-07,2.89505287392555e-51,0.441637249682727,9.61496187839229e-37,4.22890635488749e-05,0.558319518347481,6
"19821",0.364316844150736,0.00270561485413251,3.03613127145309e-08,0.000141711704822892,0.632835633540451,1.65388545626213e-07,5
"19823",0.002481581629075,3.42015799698332e-06,0.997514861424563,2.58175131333835e-21,1.26111755156989e-07,1.06766104709177e-08,3
"19825",4.53352339105217e-14,1.51131205705528e-47,7.01905111897189e-13,9.28251709536658e-19,0.999999999998622,6.3081271778005e-13,5
"19827",0.0121660518218192,0.437652435986503,0.000134707301341318,0.54826831487043,0.00174723563998267,3.12543799234833e-05,4
"19829",0.292204168730513,3.02414731292566e-29,3.32101111522328e-06,1.07606085878144e-09,0.449241055221279,0.258551453961032,5
"19831",4.24014123717529e-07,2.56417616692051e-47,0.407659903999217,9.52343918772425e-48,0.00118313044543747,0.591156541541222,6
"19833",2.20301908460449e-23,1.13639590638995e-84,0.999999569572587,4.80133262371753e-60,4.30427412973563e-07,6.62026460231282e-31,3
"19835",0.364316844150736,0.00270561485413251,3.03613127145309e-08,0.000141711704822892,0.632835633540451,1.65388545626213e-07,5
"19837",0.0276619499465316,0.864899851790154,1.55238823771022e-07,0.1069357176459,0.000485116854860383,1.72085237295815e-05,2
"19839",0.000294526803677084,1.00736810459616e-28,3.65883717946838e-08,2.45979744846537e-09,0.991319545914314,0.00838588823383996,5
"19841",3.47936614323787e-16,3.13041213997613e-38,3.36882104127186e-09,0.0270871705321534,0.972912826099025,2.48156211024564e-16,5
"19843",8.58738891951673e-08,5.49417755879011e-58,6.13418051738857e-09,1.0892116450614e-54,0.999177833752244,0.000822074239685645,5
"19845",0.00328551503731065,0.000255414003035836,8.76390541931869e-08,5.52794798325975e-23,0.996458983320599,3.68128404825725e-20,5
"19847",0.869238356400088,0.000269893458726755,3.14323975887292e-08,2.71657219692243e-21,0.130491450288295,2.68420492222082e-07,1
"19849",3.75423950108437e-09,2.36116284393963e-11,9.74233369247957e-09,1.60988959845839e-25,0.999999986479815,1.0851579338347e-24,5
"19851",0.00684827158584833,0.993127638900036,1.8928373271976e-06,9.32148300528961e-09,2.21873263524636e-05,2.89533313093919e-11,2
"19853",0.00058158241261164,0.483435391594013,0.515129698340876,6.09510837327334e-16,0.00085332765249894,2.32402897151218e-25,3
"19855",0.0113458576634467,0.98826931058278,0.00010702771948376,1.44690484372182e-06,0.000276357129446064,3.98695017161275e-18,2
"19857",0.808427145394816,0.0049468287187071,1.41760167734627e-09,1.50468130427312e-05,0.186607501694444,3.47596138914642e-06,1
"19859",0.723077098327314,0.268863711808324,3.20068501143282e-05,5.31496158383941e-05,0.00797198921381913,2.04418459009638e-06,1
"19861",0.0100236363938089,0.985377188392102,8.22707914722284e-08,1.51233816412684e-12,0.00459909294177773,7.41497371695312e-15,2
"19863",1.31921215457093e-17,1.83913424533636e-25,3.21508605547418e-11,6.51055728676438e-09,0.999999993457292,2.22471367594224e-33,5
"19865",1.85535416862638e-07,1.99305877937421e-07,7.54654087267352e-11,0.998394672160428,0.00160494292277398,3.80456693576765e-14,4
"19867",0.937619014815142,0.0344536543318246,1.46592570064883e-07,2.33183473193325e-22,0.027927179626067,4.63439684587721e-09,1
"19869",1.90239109798466e-06,2.38300145271262e-05,1.11917878117596e-08,1.20890654696391e-09,0.999974255193681,2.86462820356172e-25,5
"19871",0.375108054752386,0.615701940458693,2.7983985499136e-05,0.00813615735445218,0.000958276925040371,6.75865239290862e-05,2
"19874",0.00112772763588529,0.99497705710322,1.13898325988694e-06,0.000358870060447093,0.00353520621661771,5.69993091921606e-13,2
"19876",8.22582871581023e-05,0.999813420363299,2.41811468548802e-09,1.88288550075348e-05,8.54900764203594e-05,3.58427459508485e-16,2
"19878",0.462696871093972,4.81938537403098e-33,2.79318832958256e-08,4.35432135917846e-26,0.537299984974657,3.11599948818245e-06,5
"19880",1.26294717732197e-10,2.27551271089334e-09,7.11386643855767e-10,0.999610466587497,0.000389530299308619,6.81320094245038e-21,4
"19882",0.0194912021165161,0.00021121842627811,4.90638637218558e-07,1.64129204464563e-13,0.980297088818404,2.2576834661597e-19,5
"19885",0.512345245997195,0.482844713863129,4.97187093429841e-08,2.004829588777e-06,0.00381191946045187,0.000996066130926184,1
"19907",0.768696498418117,0.00646772909305263,1.10829913548967e-07,7.09709667087829e-19,0.224835661658818,9.85356323880712e-14,1
"19909",0.0335826118144175,3.8095394316377e-20,3.4652287271021e-07,8.01046387644771e-23,0.00455593330453962,0.96186110835817,6
"19911",0.00218940678270942,1.81484050275789e-20,5.68920465702605e-06,4.72400758463334e-09,0.140800415779645,0.857004483508981,6
"19913",2.59330969448299e-16,3.5164910809972e-19,7.32017725709026e-09,0.999600565989029,0.000399426690793385,9.78219985650025e-20,4
"19915",0.000482824578738072,0.00616162852184395,6.26424956312917e-07,0.993229074212111,0.000125846259300841,3.04942586800726e-12,4
"19917",7.21725167156468e-05,9.87460767997435e-07,4.09716122388639e-07,0.984241937302359,0.0156844698305982,2.31734364868029e-08,4
"19919",0.0626486402087409,0.738824494249219,4.92436765454117e-06,0.196909365687155,0.00161243546802755,1.40019203672108e-07,2
"19921",0.0561834018879282,0.943487531422214,2.20055364240421e-07,2.30666245997007e-12,0.000328843682520608,2.94966601459233e-09,2
"19923",0.916669002543724,2.30410646464843e-14,8.67594596244664e-05,1.61755634853839e-29,0.0832439697881805,2.68208447933618e-07,1
"19925",0.000103469222727167,0.000175847022133303,8.56884647115418e-08,0.99846007971672,0.00126051833455949,1.53949829131207e-11,4
"19927",0.44917540924056,0.550631557708937,6.35167699604931e-05,2.35110615097677e-11,0.000129493413533567,2.28434981422476e-08,2
"19929",1.37880226815052e-18,7.80262412870809e-16,7.02362921774466e-11,0.00515221769548985,0.994847782234273,3.24637933875901e-29,5
"19931",0.99742493636215,0.000391891724191047,3.75345346399143e-05,1.47354936872072e-12,0.00154945662144506,0.000596180756100757,1
"19933",0.120149680236218,4.90695452016253e-10,1.35927734169196e-05,4.23831038005251e-11,0.00105288131262551,0.878783845144661,6
"19935",0.647963183535149,3.2474408962041e-08,2.16067505288786e-10,3.31514832669648e-11,0.303401682721812,0.0486351010194114,1
"19937",0.326903440379988,0.672767740848684,0.000251591561482719,2.92511676186507e-14,7.69249082236846e-05,3.02301592454342e-07,2
"19939",0.986849604383838,0.000892673536300389,9.32858443774283e-06,1.63051298520574e-09,0.012248390520876,1.34403484119632e-09,1
"19941",2.07095962615351e-06,1.4055925455498e-25,1.93521414674496e-07,9.72391805677048e-09,0.653789783690959,0.346207942104082,5
"19943",2.29250297471563e-08,1.64623519643011e-06,3.92534892654207e-07,0.998477428749895,0.00152050955498568,4.64347216312445e-16,4
"19945",0.0890842194224917,3.19569519311529e-12,1.52874041744217e-05,3.11485922814088e-13,0.00420321793155865,0.906697275238268,6
"19947",2.87176726870021e-06,4.89626105459035e-26,3.99394042215956e-07,1.06921397607658e-08,0.999996718067773,7.87762706346417e-11,5
"19949",0.938246651161875,4.68894426992157e-14,8.38436172604676e-06,4.46810205244785e-27,0.0597675442232834,0.00197742025306898,1
"19951",0.261629529868755,7.64613249057357e-09,5.23323510442622e-06,0.34179862952251,0.396565474107889,1.12561960904187e-06,5
"19953",3.4031355297079e-07,3.81658409594714e-40,0.99537681251538,1.71693955576797e-51,2.84912407374848e-05,0.00459435593032921,3
"19955",0.117479130770089,1.0186976136603e-32,0.00468818904952966,1.07025612259831e-36,0.848260950026927,0.0295717301534543,5
"19957",0.0338443491713854,1.86558747363586e-06,0.77704581673489,0.00135934138599699,0.187748477480425,1.49639829511371e-07,3
"19960",0.0329115056563973,2.61246013170722e-33,6.48203873570469e-09,8.2075204248938e-19,0.965299572333268,0.0017889155282964,5
"19963",6.60158229316341e-24,2.12946916105652e-45,0.999902990539705,7.69984835983966e-20,9.70094602946121e-05,8.58244757012409e-19,3
"19965",0.331314542733172,1.02084372184742e-48,0.000126448742841794,1.47260723427312e-41,0.627471665533031,0.0410873429909553,5
"19968",2.36056064170416e-07,8.73722313359939e-16,1.0659291191609e-17,0.00084037184482913,0.999159391562688,5.36417788287452e-10,5
"19971",4.41938120262399e-15,1.06184483513749e-58,0.731991399571229,2.70925669557951e-08,0.268008573336199,6.14898563953744e-16,3
"19973",0.0120529797008446,0.986890333254569,3.12763590045569e-09,0.000860600254240775,0.000196048870436192,3.47922731305453e-08,2
"19975",0.000261893526103222,6.83214755132921e-08,3.85340843690611e-11,0.954092698758594,0.045645338700726,6.54567077750391e-10,4
"19977",9.31223223633645e-12,1.01213183508897e-42,3.68849868847622e-06,2.68628787823748e-11,0.999996311465136,1.92669820767073e-21,5
"19979",2.36008819655433e-05,3.08271963200717e-57,1.04826459912288e-05,2.55218275527545e-28,0.0147266316722155,0.985239284799828,6
"19981",0.996069219451127,2.75123609914652e-06,2.93850849704445e-06,1.97053555273905e-12,0.0017333543566464,0.0021917364456595,1
"19983",0.987151750288206,3.79195266460786e-05,1.95902596879688e-07,5.61682498089072e-16,0.0128096937290119,4.40553538548502e-07,1
"19985",0.00049476543832484,0.720486718990235,2.15627701715292e-08,0.275832579375081,0.00318591463358188,7.34549415288264e-15,2
"19987",0.757855744536114,0.0101727053898677,2.8104097047274e-07,0.0120038391674873,0.147545498815857,0.0724219310497037,1
"19989",4.30888986122661e-05,4.8365921931344e-46,0.00019526354627375,5.19386595809713e-45,0.00658807069125944,0.993173576863855,6
"19993",0.966395215987229,5.57178203278373e-17,3.67730735301435e-07,1.98872085624991e-07,0.029427893845569,0.00417632356438095,1
"19995",0.175952229020403,4.00126225686749e-15,1.9085663446879e-07,7.56575465601643e-09,0.231485188592986,0.592562383964218,6
"19997",0.0543823981680153,0.945079275005273,5.3336250662839e-07,6.19692352545026e-06,0.000531582264100165,1.42765793661619e-08,2
"19999",0.000311201200113232,0.000459735801680375,1.33152212265825e-08,0.997793339884624,0.00143570979836056,5.54445210683027e-16,4
"20002",1.5060872125806e-23,2.0328240555516e-38,1.94873797178689e-11,8.36749572746604e-16,0.999999999980512,3.47908492455817e-21,5
"20004",0.000892630923712957,2.72322551641036e-15,5.31406897289786e-10,9.50591891107845e-13,0.165245414469591,0.833861954074336,6
"20006",0.0112955324761119,3.34122566766123e-34,8.07380017000602e-07,4.64862313895074e-24,0.988703604181791,5.59620796688588e-08,5
"20008",0.00121396899049307,1.28266629480007e-37,2.04126459868101e-05,1.36126567134978e-25,0.998465876990364,0.000299741373156273,5
"20010",0.457064099591146,1.03737032219458e-16,0.000107301095551538,2.88629363209228e-21,0.0461226438634569,0.496705955449846,6
"20012",0.000438839857427142,1.66951622689773e-14,1.50525662897353e-08,0.0597082901166833,0.939852854973307,5.24888760805707e-18,5
"20015",0.000570982272321472,3.4747765680703e-50,3.21478100288579e-12,9.13739260446246e-36,0.0181819992960462,0.981247018428418,6
"20017",0.00267994043896566,0.996635322379987,3.14299155414659e-09,0.000113651747111921,0.000571082290875099,6.8857379415507e-14,2
"20019",3.61994699263414e-06,3.09245655540766e-74,8.36177169096731e-06,1.59765807783564e-48,0.0352875950373233,0.964700423243993,6
"20022",0.390802173247762,3.83833213564246e-17,4.00987602286816e-06,1.5237855143294e-19,0.0152198743561001,0.593973942520115,6
"20024",2.16600001433695e-10,7.47519722152207e-69,0.265957287481014,2.38081764754708e-70,0.733443238956244,0.000599473346141893,5
"20026",2.16600001433695e-10,7.47519722152207e-69,0.265957287481014,2.38081764754708e-70,0.733443238956244,0.000599473346141893,5
"20028",0.0010528923284519,0.993186229989745,1.8085253964353e-07,0.00553524085272803,0.000225455973628949,2.90630359002435e-12,2
"20030",1.99719912995321e-06,4.01861740912721e-38,8.90643539330631e-12,7.95211329546488e-21,0.138464047627292,0.861533955164671,6
"20033",0.152875769129767,0.000370475088862632,1.97204908816384e-05,0.842837530576655,0.00389046442379006,6.04029004422906e-06,4
"20035",2.76604009661008e-05,4.97008914159578e-74,2.77876918452526e-05,3.77870132927095e-52,0.056297605229857,0.943646946677332,6
"20037",0.000424661407297756,5.12520448040106e-68,1.39523428654262e-05,8.54816814208502e-55,0.0319031669717344,0.967658219278102,6
"20039",6.24868724861822e-16,1.29518101866698e-86,0.999999986569321,5.52998003267398e-100,1.342925778516e-08,1.42044885854502e-12,3
"20041",0.982348074253238,1.30331815816091e-18,0.00054479690014338,4.02419220764733e-20,0.0171071076579517,2.11886669561855e-08,1
"20044",0.852579871245773,1.63758936484358e-23,0.0268804454115801,6.53761807425028e-17,0.120539670692468,1.2650178790947e-08,1
"20047",1.35619042872767e-08,8.08751194946085e-83,0.00668952195649108,2.25554740237161e-42,0.0530312591580768,0.940279205323528,6
"20050",0.222709835820303,4.52046665737717e-29,0.655722468191034,5.62268589209577e-22,0.021001900011911,0.100565795976752,3
"20052",0.853846516154948,0.0117594447856659,0.000990709351115786,0.0798569209184311,0.0143335845145796,0.0392128242752602,1
"20054",0.0540096989120881,5.8807849427648e-29,4.92619682231957e-11,1.95584319920081e-20,0.0452333532491918,0.900756947789458,6
"20056",1.08725332502393e-08,8.51505915567801e-16,1.95199483884043e-07,0.681728783908909,0.31827086789925,1.42119823584515e-07,4
"20058",0.000102971374964442,6.29224922358371e-46,3.7515002718325e-06,2.23947406816788e-51,0.0156448465508131,0.984248430573951,6
"20060",0.795705069568669,0.189095055362111,5.74855442392636e-08,1.06699786370871e-08,0.0151971295694183,2.67734427846337e-06,1
"20062",0.984339303687345,0.000556890738814205,6.12697589555583e-07,2.1164811117686e-08,0.0148113118166577,0.000291859894782613,1
"20064",0.0866901094868639,1.31883803259381e-12,1.15711525095981e-07,2.82722669093228e-08,0.00506225523231592,0.908247491295709,6
"20066",2.7067739189384e-07,7.86487163637475e-62,7.29743961021854e-09,4.47792362422137e-31,0.115274328491786,0.884725393533382,6
"20068",0.291956734217242,0.701718578166542,2.18687914060743e-08,2.19162810965698e-11,0.00632466571692144,8.58705880706344e-12,2
"20070",0.994032508220211,0.000996408128625983,0.00408565039220139,4.0114178842206e-19,0.000885406404241234,2.68547204212083e-08,1
"20072",0.0315460187529553,7.03209454526009e-45,8.67306077424855e-07,2.36301992578465e-47,0.922021005204044,0.0464321087369232,5
"20074",3.75282522937929e-17,2.47560443417643e-18,1.48206740074279e-10,0.983760187623529,0.0162398122282642,2.68387659294494e-28,4
"20076",0.000127973384663303,1.74385737235999e-11,1.59139735028188e-11,0.005840763621831,0.994031226997952,3.59622015467249e-08,5
"20078",0.0197147884634687,1.33004214126721e-18,3.54301080118257e-05,2.88013918980995e-14,0.00398404731172645,0.976265734116764,6
"20080",0.000625777068510367,4.69027043672647e-57,2.91269795663346e-05,2.5806920002537e-35,0.0099756690647792,0.989369426887144,6
"20082",1.11673551266228e-10,4.29230620532906e-54,0.999853980417669,4.3728473682124e-54,4.10518449791411e-09,0.000146015365473083,3
"20084",0.000264240314686464,5.19753019195766e-22,0.000774846363665973,3.06519845877425e-08,0.0210660130082977,0.977894869661365,6
"20087",0.103057247828529,7.45703649470402e-22,1.14061916182123e-06,5.82376397271512e-28,0.0515643257740277,0.845377285778282,6
"20090",0.010297013390586,1.11630031822122e-56,0.000454821520074857,7.53540028616705e-36,0.0127660194992641,0.976482145590075,6
"20092",0.000228688258250546,5.23099734938877e-32,0.999763763288574,1.32103293159423e-63,7.53968431594657e-06,8.76885957918025e-09,3
"20096",0.00506635252333317,7.07672724698794e-14,0.994568533442906,9.23051995105682e-19,0.000335430866711349,2.96831669789441e-05,3
"20098",0.171661575701475,0.0410129063163417,6.28381948493837e-05,0.785722991528142,0.0015395172185495,1.71040641765092e-07,4
"20101",0.00795762341471194,8.60950538478465e-44,0.00074861905736094,5.70895286855516e-15,0.0554547273597386,0.935839030168183,6
"20104",2.32983681988744e-09,3.93071730057428e-21,0.999999818503217,4.62207711576654e-45,1.79166945813601e-07,9.07306293847866e-25,3
"20106",0.114937427881844,4.1340611945246e-30,8.22987054337441e-09,7.5765833396294e-14,0.013680018855534,0.871382545032676,6
"20108",0.389272276051431,0.601341750559087,5.4934629486483e-07,0.000126408482363012,0.00895639423860304,0.000302621322220611,2
"20110",0.0569219150371872,6.12238712233536e-11,0.880727300811707,4.2590052531286e-07,0.0623470313564334,3.32683292328462e-06,3
"20112",0.586035782416797,1.7032073695173e-29,0.00128714306826693,1.32093878641001e-19,0.0147332963385923,0.397943778176344,1
"20114",0.000613037964538122,2.20316591041388e-15,5.45629542062143e-05,3.5520484957552e-06,0.0178571855940129,0.981471661438745,6
"20116",0.0236457288306926,2.90558950433236e-21,2.24453957639103e-09,1.19567730279296e-06,0.126105496554687,0.850247576692778,6
"20118",0.720237661292804,0.00124464648603298,9.51595380665543e-05,0.0106658221139403,0.00218071896604497,0.265575991603111,1
"20120",0.176576775834677,1.94589578387261e-28,0.0015961598502876,4.80801872095291e-14,0.167789587977357,0.65403747633763,6
"20122",2.21897368943086e-08,2.40368783746792e-09,3.33187406883087e-10,0.997630425384718,0.00236954968855577,1.14482409268731e-13,4
"20124",0.00788974890021278,5.41862259698185e-50,0.0104200203767783,8.06170180102795e-45,0.0440462173471728,0.937644013375836,6
"20126",3.90224906240844e-15,2.68099326371554e-77,0.999999957587149,2.34383256425696e-68,4.23450179894466e-08,6.78287780833972e-11,3
"20128",4.01850527410405e-15,1.97703792051788e-113,0.999728372274338,1.80533888505792e-79,8.5911372589076e-05,0.000185716353068405,3
"20141",9.25802451439481e-06,3.76148963735227e-13,0.999990685492988,7.8133373807663e-24,5.64821209256979e-08,4.35135457547366e-16,3
"20143",5.19362391806492e-15,1.75537014696251e-33,4.13250420134245e-07,0.00116014903519552,0.998839437714379,2.76399814229026e-23,5
"20145",0.114679628829595,1.12275168604163e-17,4.28693935260847e-05,4.50639900520987e-16,0.004489638121744,0.880787863655134,6
"20147",0.232492884638598,1.70783922791284e-21,3.43977073952439e-06,6.38930237070613e-15,0.00455537777857138,0.762948297812084,6
"20149",1.68675987802688e-08,3.0796703897496e-06,1.04009780269295e-06,0.992451256203616,0.00754460716059225,6.33396362336202e-16,4
"20151",0.0861499577629538,0.381774453712721,3.04558172563214e-07,0.529985999478142,0.00208576112847954,3.52335953116541e-06,4
"20153",0.0156985615884047,3.99212071692413e-09,0.179093707662534,0.787067193105104,0.0181367126786151,3.82097322189963e-06,4
"20155",0.818618740004282,2.3533531156445e-35,1.68127468158604e-07,4.93786715351224e-25,0.0125378126610775,0.168843279207173,1
"20157",0.00909245383722236,0.0176896225696224,8.51437492617139e-07,0.941594708788626,0.0316223420798925,2.128714459558e-08,4
"20160",1.97358552573202e-15,1.02141676994874e-16,1.65860314622432e-09,0.999797548746558,0.000202449594836511,8.23081451133417e-21,4
"20162",7.10802711156424e-09,2.28373694815691e-05,3.17449400255697e-09,0.999641293814623,0.000335858533374146,1.36657067538276e-18,4
"20164",0.000617649807209206,1.08910973947127e-09,0.000106495530075668,0.832426309406469,0.166849542317397,1.84973974515474e-09,4
"20166",2.0228883996345e-09,1.0206420100703e-53,2.45657552348295e-11,2.99825185183687e-20,0.993002377786766,0.00699762016577967,5
"20168",1.24055247116868e-18,9.39864022097797e-46,5.62834735255882e-14,3.92481720972925e-26,0.999999999999943,1.10695199663167e-15,5
"20170",0.000682149668265512,0.000282676341545377,2.08858803126409e-05,0.998854403006029,0.000159878550445879,6.55340194903621e-09,4
"20172",0.171290570852237,1.27320899602012e-20,3.91402640804887e-05,2.73881917293016e-29,0.00279086770928349,0.825879421174399,6
"20174",7.40509975037647e-05,0.976936996490546,1.14657464838594e-09,0.0010514806018792,0.0219374707634969,3.33538719928233e-19,2
"20176",4.57071120328983e-09,1.76405957299812e-34,5.28987978045114e-09,1.09364117149984e-26,0.999999990139406,3.00380699493897e-15,5
"20178",2.10615034484903e-16,2.59411343908062e-18,4.59364055120964e-09,0.999724444284943,0.000275551121415853,1.16207734335305e-21,4
"20181",5.75652722856246e-06,3.2007603689062e-42,5.5556253040232e-11,1.12624586892883e-14,0.27235904958346,0.727635193833744,6
"20183",0.952293760312256,0.0455990131996873,0.00114901296375243,2.37084313556516e-15,0.000797217069336148,0.000160996454965882,1
"20186",0.978039064902287,6.07415656744945e-12,0.000805565987264646,1.14713757557305e-42,0.0211470730940928,8.2960102815496e-06,1
"20188",7.26433382612216e-12,6.44818810867639e-15,7.72899278090958e-09,0.998396024560993,0.00160396770274297,6.9928428768151e-19,4
"20190",0.00103605445451314,7.23248089025353e-47,2.38365125937263e-09,8.05009727560012e-29,0.0110938171018336,0.987870126060002,6
"20193",3.97849760334416e-15,8.21755250948772e-48,2.3186626647338e-09,8.07268658757444e-08,0.999999916954468,9.74841509660433e-17,5
"20195",0.114584871586671,1.15552196173167e-12,4.58859144497248e-05,0.765145339186914,0.120219301268949,4.60204186027925e-06,4
"20197",0.449131697848447,6.98528708839561e-25,2.72061588930161e-05,1.290783608767e-24,0.00702480154163975,0.54381629445102,6
"20199",1.84917141362199e-05,7.33774415158086e-07,6.28286681338103e-06,0.999072101957661,0.000902389686964266,9.52849408112887e-15,4
"20205",1.70408889574176e-07,9.98660814199852e-49,0.999999824499757,2.89760187997789e-62,1.17503143654534e-09,3.91632240050198e-09,3
"20208",0.983589387397848,2.98222585116914e-06,1.37038763993873e-05,0.00843489672671289,0.00795369853139122,5.33124179702882e-06,1
"20210",3.00757085243782e-07,1.60150220069834e-06,1.94649023454511e-08,0.999838129946645,0.000159948329166028,1.91602956180959e-16,4
"20212",0.00871573296334346,2.00924813693926e-06,5.79308628103856e-06,0.983810690015673,0.00746577240433907,2.28222627804175e-09,4
"20216",0.0731896207498865,7.63267360337529e-23,3.60779811992639e-09,3.8771444937771e-16,0.084283841338176,0.842526534304139,6
"20219",0.000563612058809847,2.24533785540829e-25,0.0740357466743631,3.3248828799142e-21,0.00100591024807461,0.924394731018752,6
"20223",1.17259892591053e-07,7.72850808400751e-80,2.01260324716458e-06,2.90620406428648e-73,0.998823763068529,0.00117410706833074,5
"20226",0.967714679676514,2.24419418424855e-14,3.12955765181676e-06,1.63035760173979e-10,0.0322749026990006,7.28790377491677e-06,1
"20230",0.000204320144548714,3.55845714027262e-56,2.06445548884604e-06,2.32995942274778e-37,0.0125380933432964,0.987255522056666,6
"20233",7.92078575602083e-14,1.64525039828272e-27,0.999999999963888,9.94002868501435e-46,3.60332588072625e-11,2.96890185953287e-23,3
"20235",0.0206821686574446,1.86747992182797e-55,0.615528240478425,1.90962861638522e-61,0.360923268405418,0.00286632245871268,3
"20239",0.0918104267331364,1.21678236574901e-24,2.95968578145133e-08,2.16783653406884e-33,0.849567558559372,0.0586219851106338,5
"20254",3.90561622638343e-10,1.9533128836733e-63,0.999686928193288,4.3723929991852e-57,4.54147148652557e-08,0.000313026001435784,3
"20256",0.021008416897445,1.55884467378803e-40,6.78782003857138e-05,5.18811514162733e-41,0.00607168870889448,0.972852016193275,6
"20262",0.000412405214277376,0.00233260167875804,5.22860342331831e-08,0.997092421609749,0.000162517136195567,2.07498619034438e-09,4
"20270",8.86739040346992e-06,2.83252046333765e-33,1.05577827783607e-11,6.33354995578046e-19,0.980834931648557,0.0191562009504823,5
"20284",0.186626517055134,9.41230496269773e-09,0.808590391325019,7.08656670094488e-25,0.00472011396606371,6.29682414787056e-05,3
"20287",1.47636102569239e-05,5.0237854298622e-76,2.14669614314289e-08,8.39593067649449e-57,0.0510961827765534,0.948889032146228,6
"20290",1.14145707581502e-05,7.37688414319274e-30,0.999982580333914,1.06091799191177e-28,5.98337222204182e-06,2.1723105403028e-08,3
"20293",0.214507558866151,2.08476472650765e-12,0.000558354301833542,2.05125522832147e-16,0.000592850714319054,0.784341236115612,6
"20296",0.016128680040489,0.000189467854810445,1.7464227048813e-13,0.433982754609341,0.549031762323307,0.000667335171878364,5
"20301",4.02276256740446e-09,6.20199091843588e-99,2.96331529851993e-06,8.63721562547539e-37,0.941594024549885,0.058403008112054,5
"20304",3.95015907374468e-10,3.789728714136e-49,0.99994813334844,4.55954920413446e-54,3.38025184635951e-10,5.18659185188546e-05,3
"20306",8.58556270471031e-05,2.2406769315949e-51,0.00103913193920197,5.29407002083964e-49,0.0197500190795282,0.979124993354223,6
"20309",0.995410266175477,2.28092783649533e-17,0.000391667497909079,3.60709229063298e-16,0.000420885092208257,0.00377718123440559,1
"20311",0.000249372210567737,1.17211250509083e-26,8.23001024275133e-07,2.09779355311217e-15,0.0407417763219771,0.959008028466429,6
"20314",0.218072719647633,0.277336436354508,2.06631232415123e-05,0.50297908909987,0.000956962996784563,0.000634128777963565,4
"20318",4.60815410569107e-15,6.06047086193959e-30,1.47388467662179e-09,0.000346095467342708,0.999653903058288,4.7960093894296e-13,5
"20320",0.792318886774551,3.26601555883175e-11,0.00413571331385468,2.52677887121091e-15,0.203545398589575,1.28935720527413e-09,1
"20326",0.848967842673808,0.107882954846712,0.00153523009066728,0.03490254026537,0.000984095052201203,0.00572733707124138,1
"20328",0.992434591083052,1.77626579391452e-12,0.00185801888285885,1.20711028667369e-30,0.00570727135226644,1.18680046189518e-07,1
"20330",0.449481730261563,4.49588878961174e-35,4.04942005263264e-05,1.16603083705727e-32,0.514017820334107,0.0364599552038029,5
"20336",0.000891351067294557,4.68299280478755e-18,0.99896189776603,1.11960408091768e-38,2.10710726251406e-07,0.000146540455948917,3
"20338",0.000357656049159365,2.64694768900007e-31,0.998702439610134,6.91875203266396e-25,1.03992385350835e-06,0.000938864416853177,3
"20340",0.000119490744614737,3.08600912342445e-57,8.10563919484441e-06,1.29812129383643e-44,0.110371221294368,0.889501182321822,6
"20342",5.23140705137368e-19,4.0722279445693e-63,0.999383683428573,3.85173763027518e-47,0.000616316571426903,2.22415665897307e-20,3
"20344",0.00759845631562013,5.5832941516508e-32,0.000149534514134498,3.27186152128071e-32,0.00575318111452255,0.986498828055723,6
"20349",0.00015321737590931,1.27542145382028e-42,6.79658538164943e-06,2.41346550492806e-42,0.010787741499447,0.989052244539262,6
"20351",0.996152413023275,1.36940839217991e-16,0.000241822404115295,2.59054707534448e-16,0.00254047222193018,0.00106529235067936,1
"20353",0.90520109912594,8.56771807076601e-47,0.0253497134707802,4.16899275570276e-38,0.0248219572047143,0.0446272301985657,1
"20357",3.20335374711645e-08,1.57474981898792e-53,0.999998096898832,1.64354096180994e-72,1.5923801269136e-06,2.78687503267988e-07,3
"20360",1.67486715865676e-07,2.73396412743043e-60,0.956051595479971,1.54766136653673e-59,0.0439482370333127,7.1325697784223e-16,3
"20364",0.737453399996161,8.59737465750597e-19,1.39632621861288e-05,2.37068490790341e-18,0.00698486090983722,0.255547775831816,1
"20366",9.5769026808312e-06,3.29527350292326e-26,0.999990416525067,1.18127556436212e-42,6.49371017653628e-09,7.85419473286825e-11,3
"20381",1.71258439694631e-10,7.09147034871167e-12,0.000138328498903434,1.05782824629611e-10,0.999861671216964,8.49423825754995e-23,5
"20391",0.0053213903725978,9.75462638996878e-25,0.000947111108264301,1.71555905573869e-60,0.993731150567462,3.47951676340146e-07,5
"20394",0.937245879973212,0.0231765765245226,2.02118013217178e-07,1.88499950856964e-09,0.039577302600298,3.68989543070286e-08,1
"20396",0.000221914742832212,0.00880545078524856,7.50621577892499e-09,0.00767006900109907,0.983302557964604,6.14664080093466e-23,5
"20409",0.0016151740089159,1.23593548958093e-12,7.02707399984227e-06,1.32479286479074e-05,0.11069560359038,0.887668947396821,6
"20411",0.0323394730196044,3.11519747476948e-39,0.136652663806887,1.60582551228479e-48,0.000284647906684205,0.830723215266824,6
"20416",4.89847732195564e-13,2.36607444903765e-99,0.999836304168407,9.23702512881954e-95,4.65485306383923e-06,0.000159040978039296,3
"20418",4.0946123654373e-06,0.00106324824358598,6.21525791534555e-09,0.174054288684047,0.824878362244744,1.33977400824397e-23,5
"20420",3.75757108121803e-09,4.63504337095676e-21,0.999999996122333,1.13338713275574e-38,1.2009584763993e-10,6.73268151708956e-23,3
"20422",0.0191027120456254,2.68899874290084e-43,4.44091771800116e-10,1.05485796845908e-23,0.220269161769986,0.760628125740297,6
"20424",0.281690603823922,2.96089649007195e-38,0.0109798245051093,3.86172241371687e-43,0.0086842406288037,0.698645331042165,6
"20426",1.6095607475739e-18,3.53364832744623e-56,0.999999998682761,1.67341710838166e-38,1.3172391667258e-09,4.90271695373569e-22,3
"20428",0.906506813645345,4.80476380840838e-17,1.47863859474133e-08,6.03229170133238e-20,0.047466208888706,0.0460269626795627,1
"20431",0.979685989224933,3.80866340209685e-20,0.00218469697915098,7.76500587881663e-06,0.0181170085551203,4.54023491665913e-06,1
"20433",5.25969972982375e-07,3.52317505472538e-73,2.0152370410662e-08,4.29205309208665e-53,0.984203351631719,0.0157961022459382,5
"20436",1.37994947759304e-09,3.67181948991203e-46,7.31505686601664e-09,1.79196455054389e-30,0.999999991272411,3.25821527111706e-11,5
"20439",5.39657689464096e-05,0.962219072671346,6.39676960464686e-10,1.89512527382326e-05,0.0377080096672925,1.28552044565138e-17,2
"20441",0.000142408996878023,2.0939009277645e-40,0.999857293583116,2.45824036295075e-43,2.96564618377374e-07,8.55387629657189e-10,3
"20444",4.27371025419455e-13,1.16755879365541e-09,2.57974220118455e-09,0.999398319877169,0.000601676375102316,5.32079025677738e-21,4
"20448",0.0209253678930397,7.54584909667581e-11,0.974422126307028,8.99577448104491e-08,0.00457865310886872,7.3762657860325e-05,3
"20536",0.326094467512536,0.0866095674410521,1.82696129882759e-08,2.21056288504943e-17,0.587295946776589,2.10033953707479e-13,5
"20538",1.59005643360772e-05,1.63438595550833e-24,0.996601428118158,5.60446131500615e-45,1.19687844013701e-07,0.00338255162966177,3
"20541",0.000153499886831226,7.79197257506209e-55,0.00336013136805405,1.04323376005504e-45,0.00729692285595245,0.989189445889162,6
"20544",0.448241609468922,1.55020274677805e-12,0.000130905216164457,1.03398320411151e-12,0.00132329369621184,0.550304191616118,6
"20546",0.0315888143287225,1.47375800471681e-27,7.54690672678163e-05,1.15706248509663e-37,0.00834840804598865,0.959987308558021,6
"20550",0.85011118677312,2.40407112351235e-23,2.59923495270529e-06,2.6079385499292e-17,0.149886126324034,8.76678930407068e-08,1
"20553",6.3819404327484e-25,2.20140485993538e-132,0.99992539617678,9.5327230051184e-74,7.46026337267234e-05,1.18949354726466e-09,3
"20555",5.48287418986299e-10,6.91304264482057e-29,0.999999998712678,2.33585216246538e-60,7.39034720254647e-10,1.46849638785979e-21,3
"20557",0.982005185252186,2.79615452750958e-20,0.0167902382519713,5.87423618651477e-15,0.00120018269813949,4.39379769770473e-06,1
"20559",0.0420870288302184,4.49010996298699e-26,1.21380821552744e-07,1.90234329285871e-17,0.0153979318085266,0.942514917980433,6
"20561",0.00395103819147536,5.57495354056816e-05,5.17962897125132e-06,0.994626489144818,0.00136152613280889,1.73665208826906e-08,4
"20564",2.10615034484903e-16,2.59411343908062e-18,4.59364055120964e-09,0.999724444284943,0.000275551121415853,1.16207734335305e-21,4
"20566",0.600296196422963,8.02934731002261e-16,1.8645781272698e-11,7.30131633270477e-13,0.0207870527477632,0.378916750809897,1
"20569",0.00103670959914561,7.72320597688988e-05,4.42777509336535e-09,0.995624004816483,0.00326204909665277,1.74206618937601e-13,4
"20572",2.55942801645793e-06,1.15344770967243e-09,8.34029871219585e-10,0.713493577446626,0.286503861137562,3.17567131099217e-13,4
"20574",0.0454386474742186,2.00142688175185e-36,0.000495397909004197,1.14565516303569e-19,0.00806275613109492,0.946003198485682,6
"20576",5.44023775961202e-11,5.72919002170438e-16,2.25237614168136e-08,0.999162875063156,0.000837102358679178,4.00875005536284e-16,4
"20578",0.918463238923912,2.55104544896649e-10,1.61062213803535e-06,2.33507968931923e-07,0.00626602321415752,0.075268893476719,1
"20580",0.087104150653198,3.11032060679708e-10,3.15989933704788e-09,6.24016692656945e-13,0.0109714746456251,0.901924371229621,6
"20583",1.24796926639718e-12,1.08316865672662e-14,5.74051111020384e-09,0.999738189810764,0.00026180444746593,1.81533773713701e-17,4
"20586",0.176527263774189,4.42336846059071e-14,3.15169488107017e-06,3.89708298096142e-25,0.0136521451152518,0.809817439415633,6
"20589",0.0564313579939475,1.04077203552264e-44,4.95320753121923e-06,8.7057991268629e-45,0.0149760269759175,0.928587661822604,6
"20591",0.416064204267525,3.88884891123746e-13,0.583807515004027,1.09788640598176e-31,0.000128280728035554,2.39266341893281e-14,3
"20593",4.97648660273225e-05,7.15460503645283e-85,3.45780019397899e-07,6.93111571605253e-45,0.0784897962106269,0.921460093143326,6
"20595",0.240487495508437,1.62999144948941e-22,3.22054951911879e-05,2.98614073407615e-15,0.0010660418477595,0.758414257148609,6
"20597",1.7851183781885e-07,9.56168320198842e-07,2.65877776929074e-09,2.61415603240803e-23,0.999998862661064,1.06017599338287e-24,5
"20599",1.66348929366668e-15,9.59454949068137e-20,1.20033765127163e-09,0.999120980215369,0.000879018584291249,1.09100910744376e-19,4
"20601",0.317995108598107,0.680865155829568,1.11175403861496e-05,1.22650274171103e-07,0.00112775893043928,7.36451226151567e-07,2
"20604",0.000255486748049058,6.2521796209503e-54,1.75934631259926e-07,2.80901626927717e-27,0.0116387600805703,0.988105577236749,6
"20606",0.0011049801645826,3.58988075836982e-46,1.17839783343652e-08,6.44536867651783e-33,0.0217661032720895,0.97712890477935,6
"20608",0.370965034265322,3.43840799178691e-36,1.04136355590438e-09,4.86144632682014e-26,0.0123991620534916,0.616635802639823,6
"20610",1.00340334065535e-06,1.5529168268211e-19,2.18164307054947e-06,0.994479709660903,0.00551710529267281,1.27317721377726e-14,4
"20612",1.00588359991418e-19,2.60415532213577e-58,0.0204696063113492,1.4124333668154e-55,0.979530393688604,4.64968196033185e-14,5
"20614",5.28740140660015e-07,5.29859950204253e-06,7.46040793377482e-08,0.999532920349032,0.00046117770724516,8.30209310404924e-16,4
"20616",0.663626938665762,0.000508537555750439,3.11775962287283e-07,3.23648641642803e-10,0.33585410851725,1.01031616267579e-05,1
"20618",2.64078873840039e-07,1.65601619025963e-26,0.999999397083752,6.88885592406602e-32,1.40992695817425e-07,1.97844678731557e-07,3
"20620",1.44487049456436e-05,2.63119175303598e-39,1.22211699492545e-07,4.79880720265348e-23,0.979055312183353,0.0209301169000021,5
"20622",7.44639208398906e-09,2.0039100917504e-14,3.92073270069083e-08,0.992835130345578,0.00716482299630988,4.3727045151803e-12,4
"20624",0.00818704831396258,8.81141321779851e-41,0.171732057022924,2.25427830265137e-44,3.81916802311735e-05,0.820042702982882,6
"20626",0.00645502938006145,1.55633577578475e-28,1.97383072178958e-10,9.02774523511719e-16,0.992062465983323,0.00148250443923157,5
"20628",0.316796449075183,9.78924362044497e-24,9.3550203614116e-06,1.79570710349729e-25,0.683194195658251,2.46204701984034e-10,5
"20630",0.858816674219639,3.46394987313002e-31,3.11968671058355e-08,3.11296327734306e-11,0.107513055955666,0.0336702385966984,1
"20632",1.35379060942888e-09,6.99500373017594e-09,1.65203552777504e-10,0.997341471050482,0.0026585204355203,2.02495020050289e-23,4
"20634",0.010318287886164,7.28513724349385e-46,7.43895482978569e-08,2.45226275229576e-32,0.0181423666140131,0.971539271110274,6
"20637",1.31238755488194e-07,1.79624496073024e-49,0.999682175141942,4.30176512013883e-31,8.11731129759034e-05,0.000236520506326798,3
"20639",6.87158572884108e-05,1.50645643250605e-10,5.17062007704323e-06,0.9979042334929,0.00202187987880391,2.84787847588847e-13,4
"20644",1.39133867331922e-21,1.05192488668246e-130,0.988420018072153,5.76468940638428e-90,0.011579980611531,1.31631602933005e-09,3
"20646",4.98188794720868e-07,1.93391340542708e-72,0.000402574139021957,1.00156408879977e-45,0.999596920150404,7.52177920418367e-09,5
"20648",0.0162512332760525,0.784496773065126,2.32143813331556e-05,0.199123718415754,0.000105039934469017,2.09272655789233e-08,2
"20650",2.81006539949447e-05,2.96084807259754e-52,0.578992959460986,4.61119632043151e-53,0.0055053359698437,0.415473603915176,3
"20653",0.597467723777751,2.13540496840436e-07,3.99780925723168e-05,9.79901418633787e-13,0.402492084341823,2.46377091302121e-10,1
"20658",0.00402223730074114,6.41648705640471e-44,5.27892309251645e-10,4.80337619127446e-43,0.087863076952531,0.908114685218835,6
"20661",8.61759687431162e-09,2.35874027491487e-40,0.999999961310273,5.40798335827731e-63,2.98068123542021e-08,2.65317378798385e-10,3
"20663",0.848035758549466,7.59563553960071e-08,4.20998173734797e-05,6.80319816129526e-19,0.00147715766200405,0.150444908014801,1
"20665",1.01345677921636e-15,2.88187576441907e-19,6.81045067320822e-12,0.996589295104199,0.00341070488898927,2.68223751346494e-17,4
"20667",0.706944374450722,2.58168662790345e-15,4.32183961596549e-05,5.36528488159038e-18,0.293012400085218,7.06789805945516e-09,1
"20669",0.000122055007745955,0.000276671207314223,8.7243629202331e-06,2.54624073324632e-20,0.99959254942202,1.65848830254843e-22,5
"20671",0.0128991013509499,7.44794956880319e-27,0.909231554509979,2.58228963369142e-20,0.000333820717765891,0.0775355234213051,3
"20673",3.74821651231169e-08,4.15143637812816e-05,1.02338086372158e-09,4.39615076060074e-16,0.999958447130672,4.39968109953136e-26,5
"20675",0.470305598878713,0.000273226061210255,1.55931720235756e-08,6.21066571721616e-23,0.529417004930209,4.15453669586346e-06,5
"20677",0.920103585084403,4.97210660544977e-08,1.82517638790485e-08,1.0459047571402e-22,0.0547462941622173,0.0251500527805497,1
"20679",4.72432162440373e-05,0.250218820212299,1.93637445905026e-06,3.88881456451521e-09,0.749731996308183,5.85808806411849e-26,5
"20681",0.380703517853962,0.603409100838697,2.03222644982234e-06,1.03865954869588e-19,0.0158853490803713,5.19750411610462e-13,2
"20683",0.909364929724144,2.34069817368095e-12,7.86812560694137e-09,1.06884093832508e-20,0.083533138104934,0.00710192430045578,1
"20685",2.29850891048971e-08,5.85451008043023e-21,0.999999974894195,7.12729942204031e-41,2.12071548783853e-09,2.69359762647918e-22,3
"20687",0.000105234602708322,0.966025777130552,3.52535346098535e-07,0.0336023007185994,0.000266335012130951,6.63011147246556e-13,2
"20689",4.65073069011413e-19,3.9179903958267e-107,0.999999669431531,6.1075471849121e-98,3.30469850159512e-07,9.86187687389121e-11,3
"20691",1.75112026597592e-11,6.90261736333611e-09,2.53719521768662e-08,0.999534938352526,0.000465029355392739,2.64275115522443e-18,4
"20693",7.56755597151598e-06,4.84406279456571e-51,6.20543342418774e-05,1.52363063369994e-49,0.0434797981696457,0.956450579940141,6
"20695",0.769113811858473,0.155524129323486,0.000311871784816655,0.0718224772269996,0.00322761433162525,9.54745994628286e-08,1
"20697",0.00286428036651035,3.73444547725695e-36,3.74574358292096e-07,4.10276609798103e-16,0.0236245975287156,0.973510747530415,6
"20699",0.888609783913497,8.1403939479515e-08,1.44396138821012e-09,6.4387578197382e-16,0.0459164196727339,0.0654737135658673,1
"20701",0.849103383402016,8.55065207021501e-20,4.08919953685855e-06,2.29898701062051e-32,0.0354076188703511,0.115484908528096,1
"20703",1.52540676887634e-10,3.40120209920994e-22,0.0054100292407079,2.14477560555604e-36,0.994589970606751,1.38854239401826e-30,5
"20705",0.00483291486370634,5.99003198163798e-30,2.12343532785151e-06,2.93090901861963e-33,0.0592356274214901,0.935929334279476,6
"20707",0.178351263544503,0.820416035549012,2.96067557435129e-05,6.99020498552139e-11,0.00113091194244115,7.21821383991203e-05,2
