"","V1","V2","V3","V4","best$classification"
"19812",0.96450637292925,0.0113420225801116,1.53470023912694e-11,0.0241516044752913,1
"19814",0.081687972818103,0.00179920682946818,0.0223469819874453,0.894165838364983,4
"19816",0.986871729844069,0.0131282698426161,3.08186532522545e-12,3.10233368546459e-10,1
"19818",0.966337402630912,0.00792763447808074,0.00166860667996384,0.0240663562110433,1
"19820",0.975154746689385,0.0248452533106148,1.52032871381932e-31,4.4570440741779e-45,1
"19822",0.118565614941356,0.881434385058643,3.48095480031482e-27,4.93984179127554e-50,2
"19824",0.53054741923124,0.469452579727309,1.04145162126128e-09,1.03189683085208e-21,1
"19826",0.740069275742149,0.0712211736479689,7.504670480864e-08,0.188709475563178,1
"19828",0.99197667781783,0.00802332218217018,2.06915373084452e-16,2.37520157901934e-21,1
"19830",0.445560868456624,0.46297091189447,1.42117553041405e-07,0.0914680775313528,2
"19832",0.316298801424724,0.683701198277743,4.91116681901477e-25,2.97532692841187e-10,2
"19834",0.971033190889688,0.0289668091098824,3.18865995085844e-13,1.1075453517412e-13,1
"19836",0.970058534325027,0.0299411480263061,1.05435737314323e-17,3.17648666609153e-07,1
"19838",0.00513096751907445,0.0011222374146157,3.93898393603407e-06,0.993742856082374,4
"19840",0.942702731489186,0.0572972677307603,4.13702783101229e-17,7.80053738120841e-10,1
"19842",1.13838295127069e-05,0.225227143152538,7.39136618059491e-08,0.774761399104288,4
"19844",4.77956096159131e-10,0.0238158600235378,0.976184139498506,2.05113537647041e-17,3
"19846",0.000271099627467179,0.00174506583369154,0.0899957810437538,0.907988053495087,4
"19848",0.000538240571827616,0.00102575385822544,0.988518279669891,0.00991772590005627,3
"19850",0.00567553054498612,0.0113060973942036,0.00184224594743654,0.981176126113374,4
"19852",0.992427116802572,0.00752013075461476,1.06603397363802e-06,5.16864088401615e-05,1
"19854",0.000714701250638473,0.00139272145809969,0.99536885752361,0.00252371976765174,3
"19856",0.000978686820363734,0.910905354030667,0.0881159573936184,1.75535130002938e-09,2
"19858",0.00281611392741546,0.994735499105426,0.00244838696715827,3.77196897870263e-17,2
"19860",0.986000486835192,0.0131538756554951,3.40080926777603e-10,0.000845637169232022,1
"19862",9.24328229386009e-05,0.00136426579623257,9.40747699915583e-08,0.998543207306059,4
"19864",1.37645629508342e-10,0.999999999862354,5.74239156538784e-19,5.38313836218679e-22,2
"19866",0.626072115945621,0.373927884054379,6.5013506427624e-18,3.39496292337277e-16,1
"19868",1.38197497473544e-12,0.999999999998618,6.91077791809547e-32,2.53332021667488e-35,2
"19870",0.0425836584322801,0.00616010950683169,0.000162599987380651,0.951093632073508,4
"19873",0.901644452261288,0.0604450247102522,1.07649172980136e-05,0.0378997581111616,1
"19875",0.983098394701443,0.0169016052984301,1.82815689360089e-20,1.26853699396482e-13,1
"19877",0.900927965912653,0.00882212219462461,9.47468451992668e-05,0.0901551650475233,1
"19879",0.993452605432049,0.00652296771121728,2.43264810221163e-05,1.00375711701083e-07,1
"19881",0.906324432300842,0.0925532883316851,7.93850078646956e-06,0.00111434086668662,1
"19883",0.0897287236648922,0.0715505395713957,2.46152247471096e-06,0.838718275241237,4
"19899",0.930640919150598,0.0693590790111378,8.39697383584788e-17,1.83826380771761e-09,1
"19908",1.72765135296523e-07,0.999999827234865,6.7146912479899e-20,1.40765695214924e-25,2
"19910",0.993625780560432,0.00566848276085085,2.21309316558476e-05,0.000683605747060863,1
"19912",9.61119034866176e-05,0.0602198655995639,7.82312969319146e-06,0.939676199367256,4
"19914",0.980275752032118,0.0197239375123419,1.49851321424868e-07,1.60604218657724e-07,1
"19916",0.000302767294576422,0.999697232705424,2.92938964570629e-17,2.63439357973726e-29,2
"19918",0.0447805097430316,0.00547346631280001,0.17257218859001,0.777173835354159,4
"19920",0.00028195025691255,0.00161194034760075,0.993413071837023,0.00469303755846324,3
"19922",0.000425260500158483,0.99957473940734,4.53904566153378e-23,9.25011082571269e-11,2
"19924",0.949030341647998,0.00364957702911947,0.0355295537364176,0.0117905275864651,1
"19926",0.946288322398166,0.053711677590928,6.32041539264204e-21,1.09057412370982e-11,1
"19928",2.70159513537321e-16,1,2.22062128059367e-18,1.58811055503547e-18,2
"19930",0.0444339966679946,0.000815391703740685,1.13189033381529e-06,0.954749479737931,4
"19932",0.00209925909084079,0.000243612502465058,0.00016456083053788,0.997492567576156,4
"19934",0.990732835726545,0.00926716390204168,3.70939406222646e-10,4.7403886394391e-13,1
"19936",0.93188577582603,0.0612498487134801,4.72906286043169e-10,0.00686437498758348,1
"19938",0.951364718407217,0.0486352815927822,9.68579885105708e-16,1.03457886425551e-27,1
"19940",0.981798560275813,0.0145568664397304,0.000100015844871954,0.00354455743958509,1
"19942",1.62478764070262e-09,0.999999998372461,2.94698934001072e-17,2.75086290816275e-12,2
"19944",0.987603385864529,0.0123921535009446,5.55841587896765e-08,4.40505036787135e-06,1
"19946",0.977025973497498,0.0204222399950025,0.000644130829400083,0.0019076556780994,1
"19948",2.70371388874184e-09,0.999999829904572,3.77103170445358e-12,1.67387943396348e-07,2
"19950",9.18978652019987e-08,0.00093814185115989,0.999061752623138,1.36278370773559e-08,3
"19952",2.70371388874184e-09,0.999999829904572,3.77103170445358e-12,1.67387943396348e-07,2
"19954",0.00962995220674168,0.000292885537474601,6.88117334222486e-05,0.990008350522362,4
"19956",5.56158433947879e-07,0.999743383807041,1.59493867812946e-05,0.000240110647744411,2
"19958",4.92275344028961e-12,0.999999999995077,9.00325896643542e-27,3.14592599097732e-26,2
"19962",0.267343781540979,0.732371111184199,0.000284983615405027,1.23659417535726e-07,2
"19964",0.965610306015187,0.0343821045596714,1.3385555458333e-06,6.2508695961152e-06,1
"19966",0.720522698284276,0.279477301715724,5.41356374341984e-29,1.87446024949614e-33,1
"19969",0.345402431072071,0.117489839515485,2.93852840857263e-10,0.537107729118591,4
"19972",0.0313378000590971,0.457325252554931,0.436057267424871,0.0752796799611017,2
"19974",7.0836212773246e-08,0.00603337847843532,0.972069521515942,0.0218970291694101,3
"19976",0.920226374780422,0.0255149875740322,0.0157021497662802,0.038556487879266,1
"19978",0.989182329335606,0.0108158327366278,1.22344474334934e-08,1.82569331827725e-06,1
"19980",0.000262016687987548,0.000686467720448412,0.939955474421871,0.0590960411696932,3
"19982",0.0229160396991689,0.178372565481921,0.796086119657324,0.00262527516158625,3
"19984",1.47939771736415e-06,0.00400915078391511,0.995989369367513,4.50854348211788e-10,3
"19986",0.930712004956573,0.0692879950434274,3.84850966336646e-27,1.40428934907503e-34,1
"19988",0.908893599178057,0.091106400821943,1.82915359789684e-34,7.06898113395553e-49,1
"19992",0.949778035593604,0.0502219644063962,1.92770559547641e-22,1.43501989898563e-32,1
"19994",0.0735867981407939,0.00108937904370457,2.34465820939896e-07,0.925323588349681,4
"19996",0.99091062447733,0.00908937552267015,9.96733927815208e-20,1.08417352994819e-28,1
"19998",0.00564398293506999,0.994356016829483,4.9243033962295e-11,1.86204125276443e-10,2
"20000",0.000440021449269155,0.999511735736161,8.87021617378993e-16,4.82428145684189e-05,2
"20003",0.972203103283738,0.0201841758278307,2.74543453849968e-14,0.00761272088840355,1
"20005",6.01056284821913e-05,0.00148481473816699,0.998416236742187,3.88428911638788e-05,3
"20007",0.97165133326381,0.028348662693201,4.90088906118549e-11,3.99398033773612e-09,1
"20009",0.252505551504123,0.747494448495731,1.45913459777181e-13,2.01797684323835e-29,2
"20011",0.426224573764598,0.403717771538867,0.146267098251415,0.0237905564451204,1
"20013",0.180178513018492,0.00526842753001856,0.316246359751209,0.498306699700281,4
"20016",0.255167221130359,0.744832778869642,3.33116943640637e-19,1.08690976013588e-38,2
"20018",4.62813605264216e-10,0.999999999537186,5.3273287333028e-60,4.85626518855556e-75,2
"20021",0.986418429529623,0.0135815704698408,2.65757309413579e-21,5.36237571365461e-13,1
"20023",0.965465416801286,0.0345345604880498,1.94629542607185e-08,3.24771006383228e-09,1
"20025",0.00350539790503062,0.996494602094969,1.2280276679646e-46,3.34673820176612e-45,2
"20027",0.00798424849806481,0.0268381532814519,2.30986128628138e-10,0.965177597989497,4
"20029",0.0267729886822111,0.108084445462707,4.68574763779979e-07,0.865142097280318,4
"20032",0.00323458323618403,0.00102908154110227,5.35286062152178e-08,0.995736281694107,4
"20034",7.48506237654254e-07,0.999984416518697,1.27583143990025e-12,1.4834973789986e-05,2
"20036",0.0317197430144816,0.968278689689708,3.5866460622806e-07,1.2086312041494e-06,2
"20038",0.985290215451657,0.0147097845483433,1.25364796803719e-29,1.14932288553515e-24,1
"20040",0.000167374419519603,0.99983262558048,1.60774606364066e-27,3.24732217677954e-49,2
"20043",0.972273221945133,0.0277267780548595,5.40846438427069e-17,7.4888594435577e-15,1
"20045",0.560724835797133,0.439275164202867,1.17968016379305e-27,6.06341263758891e-49,1
"20048",1.67826737666695e-10,0.00531286440017372,0.994687135054515,3.77485030517572e-10,3
"20051",0.851943723221417,0.148056111094397,5.36129316351823e-11,1.65630573198755e-07,1
"20053",0.879246193963306,0.12075333672284,4.69310717407256e-07,3.13621531294446e-12,1
"20055",0.886103559693848,0.113896440306152,6.60370982177093e-35,6.39965906464553e-22,1
"20057",2.81381967601077e-23,1,6.85543168867347e-38,1.03492121030917e-40,2
"20059",0.697495523151277,0.302504476848665,4.76614740381334e-14,9.78237131264404e-15,1
"20061",0.975513216454332,0.0244867827434232,9.27191198804891e-14,8.02151738533475e-10,1
"20063",1.39917360551562e-11,0.999999993810453,6.1755552782491e-09,1.04756418163744e-38,2
"20065",0.0101588837518121,0.989841116248188,8.9004119721951e-56,1.70755618643745e-45,2
"20067",0.76242100068509,0.237578999149635,1.65275096543174e-10,9.36202546253023e-23,1
"20069",0.000134241470320349,0.000417951516130361,0.98785511295467,0.0115926940588791,3
"20071",0.150421707128257,0.849578292871695,2.46362140307758e-16,4.77206104849033e-14,2
"20073",0.00600310393073211,0.024787883391362,0.968851957062049,0.000357055615856875,3
"20075",1.81242032660008e-10,0.999999999818758,1.17098068131993e-39,6.23184885504501e-30,2
"20077",0.940260631229327,0.0597393678588617,9.06819105597313e-10,4.99221380080194e-12,1
"20079",0.0230831543207242,0.97691647648402,3.69195181977654e-07,7.37617764376209e-14,2
"20081",0.880334984073229,0.119665015926771,9.95848820831034e-18,1.28325369557205e-17,1
"20083",1.45975316583345e-05,0.999983230392017,2.17207632408323e-06,6.95107180072565e-17,2
"20085",0.934928271671382,0.0650717283286181,1.92955586777772e-37,1.13982803224412e-46,1
"20088",0.978321807584211,0.0216781924157893,4.81803324510241e-20,6.8175103906801e-21,1
"20091",2.39975616643774e-05,0.999976002438336,1.27466143915418e-26,5.04410466871653e-30,2
"20095",2.94626148724317e-05,0.999969190495122,1.34689000583274e-06,3.15015425479946e-20,2
"20097",0.888082204727834,0.111917795272166,6.37655834074037e-40,9.69997574474903e-47,1
"20099",0.0436574243769949,0.956342568622948,7.00005682656419e-09,9.21292454048438e-20,2
"20102",1.37812005008787e-07,0.999999758999014,1.03188981240739e-07,1.69131266819942e-20,2
"20105",0.959826092264752,0.0401739077351271,1.21354789455397e-13,1.83509495524267e-18,1
"20107",0.987394974840357,0.0126050251596432,3.87304000222416e-17,2.67388053585156e-20,1
"20109",0.771782227285095,0.226519622928492,0.00169814978099226,5.42057667241005e-12,1
"20111",4.87701069758324e-09,0.999999995120964,4.80030228292006e-17,2.02537863262527e-12,2
"20113",0.839713595355879,0.160286404644116,5.57843021873721e-21,5.77033061515005e-15,1
"20115",0.00691055708920166,0.858623996348444,4.85856906831246e-12,0.134465446557496,2
"20117",1.90347719753513e-08,0.999999980965228,5.65037760783579e-40,1.09902741569649e-39,2
"20119",0.362347279607959,0.637652720392041,1.48826524818774e-28,1.65788998380004e-26,2
"20121",0.974902502314763,0.025097497685237,4.11220946968092e-22,2.60084522963232e-24,1
"20123",1.29804608897353e-05,0.99998701953911,2.62475144043719e-43,2.23682202338178e-36,2
"20125",0.00379148710495624,0.00117275476145602,0.000149691683587485,0.99488606645,4
"20127",0.940454709385947,0.0595452906140526,3.19816964537573e-23,8.89502327622077e-40,1
"20140",0.625849955219496,0.374150044780502,5.75576930209923e-28,1.8008774399483e-15,1
"20142",7.91917115037e-07,0.00190541918061734,0.996762778305094,0.00133101059717414,3
"20144",0.00571617631599336,0.958002192927111,3.10828650992459e-10,0.0362816304460668,2
"20146",0.0165629754110817,0.981857474274694,0.00151014074835097,6.94095658738411e-05,2
"20148",0.792772086466588,0.0218331742975077,5.6752905729063e-10,0.185394738668375,1
"20150",1.91040613074995e-05,0.00277845675723653,0.524534672218046,0.47266776696341,3
"20152",0.896494299497257,0.019593595722163,6.85364993186352e-07,0.083911419415587,1
"20154",0.000166926291056107,0.999833073708944,4.42790578478375e-28,1.38066570489796e-41,2
"20156",0.296858670387067,0.703139711187571,1.6184129930532e-06,1.23687391786212e-11,2
"20159",5.99383492774301e-05,0.00814143044082087,0.991798615556199,1.56537028042075e-08,3
"20161",2.67356282593981e-05,0.984709209447712,0.0152640442819721,1.06420564276159e-08,2
"20163",0.741961517081189,0.258015989767206,2.04803552208665e-20,2.2493151605467e-05,1
"20165",0.0126915175659501,0.77263032380851,0.21467815862552,1.9562782664083e-14,2
"20167",0.118130720143096,0.00185574947646607,0.00259639991206949,0.877417130468369,4
"20169",1.90382029462194e-09,0.00149243651113897,0.998507263815735,2.9776930573729e-07,3
"20171",2.97196210993284e-07,0.999999702803789,6.75990895198585e-31,6.24050996071214e-52,2
"20173",5.39275275574798e-08,0.999999945558851,5.13621325961844e-10,2.12424221508404e-25,2
"20175",0.681124328256177,0.0277694277147062,0.00538208946413315,0.285724154564984,1
"20177",0.153292571655656,0.846707428343923,4.21420673021156e-13,4.35792207026318e-18,2
"20180",0.906099653168827,0.093900346831173,1.47053135566032e-38,2.40711190182262e-28,1
"20182",1.25833017790129e-20,0.999999028946513,9.7105348682466e-07,1.12489477379563e-18,2
"20184",0.00104676518884449,0.00115151027968057,0.996833990883787,0.000967733647688386,3
"20187",2.20993887491455e-05,0.999977895783654,4.79982776588082e-09,2.77691461969531e-11,2
"20189",0.961528518903953,0.0384714810790707,8.91496964663699e-16,1.69756182921622e-11,1
"20192",0.000130888006275476,0.999869111993725,1.38007402141093e-36,3.31082159670102e-29,2
"20194",2.18854745390843e-06,0.999677149265545,0.000311065165809514,9.59702119140915e-06,2
"20196",0.179245710388061,0.820754289611939,8.23504946189683e-31,3.86271657589692e-36,2
"20198",0.577455412480474,0.422481280090269,1.08619156729369e-09,6.33063430658412e-05,1
"20204",0.000725296979395473,0.00271956128512588,0.0483944682556542,0.948160673479824,4
"20207",0.738744749077683,0.261255250922318,2.18074140385947e-17,2.36310023555044e-30,1
"20209",0.000232268316278277,0.999767731106641,1.77325414361057e-30,5.77080723115789e-10,2
"20211",0.000161323638836636,0.999838676361163,3.0776362822712e-32,5.49466233971116e-27,2
"20215",0.945759999352533,0.0542400006474671,1.72471332907437e-19,1.4659593377592e-16,1
"20218",9.680452545961e-06,0.00106230751358897,0.964771081510924,0.0341569305229416,3
"20222",0.875184931677439,0.12481506832256,7.86475896394881e-18,7.43320699941716e-21,1
"20225",0.00360637022067847,0.926755000283609,6.30254414024075e-09,0.0696386231931686,2
"20229",0.0798182501300789,0.920181749792382,1.68967151410901e-20,7.75392348574488e-11,2
"20232",0.930023633495352,0.0699763664983779,9.83060777612333e-15,6.26027694544424e-12,1
"20234",0.00048801767420325,0.999511982325797,7.70868948625292e-56,1.25137087966554e-64,2
"20238",0.911477673325168,0.0885223266748316,1.11469197199274e-16,6.48760368878395e-22,1
"20253",0.874533472869458,0.125466527130542,5.11343550973801e-25,7.4996167984151e-31,1
"20255",0.0403119285983164,0.00354972051892402,7.25551935744273e-07,0.956137625330824,4
"20258",0.986198335500264,0.0138016644997355,1.07156085394827e-25,3.86003841525906e-26,1
"20269",0.962829433460333,0.0371705230544145,4.34851712561296e-08,8.09320055311468e-14,1
"20271",0.540694610781027,0.459305389218973,1.19669412172151e-29,6.31537014371251e-29,1
"20285",0.0154133120812577,0.984586686625111,1.00766864378961e-09,2.85962814121169e-10,2
"20288",0.966744492401794,0.0332555075982058,2.75610064713732e-16,2.67422722643238e-16,1
"20291",0.21262297981912,0.78737702018088,1.0920173061637e-23,5.41663455500104e-34,2
"20295",0.0728325214659014,0.927167478533506,5.85942254666294e-13,7.01013039426042e-15,2
"20298",0.00440490534550213,0.000738178810408697,5.86967609296529e-07,0.99485632887648,4
"20302",0.0187842904229718,0.0347625955876644,0.945955400575463,0.000497713413900877,3
"20305",0.00308366230415029,0.00273547187700782,2.4879564753807e-10,0.994180865570046,4
"20307",0.979863903033567,0.0201360969664326,1.4212012987588e-22,9.99040496535133e-31,1
"20310",0.172545763941746,0.827454236058255,3.60069489845849e-37,8.70961178184349e-53,2
"20313",2.12420820659137e-09,0.0119313604214748,0.988068637401803,5.25135453231955e-11,3
"20315",0.99175837015504,0.0082416298449597,4.77465517733518e-22,6.98813687111162e-26,1
"20319",0.0420323688445677,0.957967631155432,1.15301915119917e-37,9.691439541757e-36,2
"20321",0.86826386546603,0.13173613453397,1.29063733260016e-21,1.54501516217212e-28,1
"20327",0.973542616223348,0.0264573837766519,1.80663404773887e-21,2.04729613157637e-27,1
"20329",8.7986675592677e-09,0.999980302471087,1.47926167434263e-05,4.89611350174956e-06,2
"20335",0.401342949112226,0.598657050887774,1.73495792221063e-23,2.5536884246047e-36,2
"20337",9.59346943736528e-05,0.000566555651492777,0.999311073362572,2.64362915620019e-05,3
"20339",1.78572529514273e-05,0.999982142747049,7.33633140919271e-36,6.54416089010798e-21,2
"20341",1.56198792797853e-05,0.99998438012072,6.36533111760217e-19,1.3608181134367e-37,2
"20343",0.0818060960563165,0.918193903943684,9.73035375083018e-18,1.74283997124174e-38,2
"20345",0.950773224361635,0.0485273053696671,1.25308387472098e-15,0.000699470268696414,1
"20350",0.000152926679293031,0.999847073320707,2.93312713351714e-17,1.54702354114653e-21,2
"20352",5.31611633889353e-08,0.00101494369444936,0.998984553639709,4.49504678005482e-07,3
"20355",0.00178685739706962,0.905114879019881,0.093098262906871,6.76178840758326e-10,2
"20358",4.23885867802393e-07,0.991785221420336,0.00017243555989511,0.00804191913390121,2
"20363",0.961285055392019,0.0387149446079814,2.50251934467449e-19,6.55789419537609e-23,1
"20365",0.759862262490252,0.240137737509748,4.59297486056173e-24,1.47386741706739e-18,1
"20379",0.323396691917379,0.597211119188949,2.14644051385203e-05,0.079370724488533,2
"20387",0.973953686735976,0.0260463132640237,1.00112073654543e-17,1.51173692807369e-18,1
"20392",0.000121153920443864,0.999878846079556,3.28841045182885e-41,2.28080766981523e-32,2
"20395",0.703348241273636,0.0381908054487233,0.00013951577763541,0.258321437500005,1
"20397",3.33656836678989e-16,0.998127572374414,0.0018724276229528,2.63293444447622e-12,2
"20410",0.968729138404325,0.0312708615956714,4.15680831783618e-26,3.24952783630836e-15,1
"20414",0.0844571266419728,0.0670739290141405,0.019128971634688,0.829339972709199,4
"20417",2.9561153589542e-11,0.999999999970439,4.23374038394789e-69,2.47282702974391e-85,2
"20419",0.887368926824131,0.112631073175869,7.53923924416378e-21,3.13002520277341e-33,1
"20421",0.016500232799002,0.982716030332684,0.000774255788112838,9.48108020138709e-06,2
"20423",0.00912843370016181,0.0117406784305716,0.0355543697267766,0.94357651814249,4
"20425",0.155357606777782,0.203412275699066,0.477412574072319,0.163817543450832,3
"20427",0.97150721989239,0.0283846493317912,8.72039750244411e-14,0.000108130775731397,1
"20429",0.00560801761886533,0.994391982381135,3.31558159683525e-18,2.39017435918044e-33,2
"20432",0.000724215575112796,0.0720412848352326,0.0598249950520222,0.867409504537632,4
"20435",0.918448546908869,0.0815514360717531,4.50911130511752e-18,1.70193774159864e-08,1
"20438",0.42123152079269,0.578768479201948,5.36287004085812e-12,3.47578684256549e-21,2
"20440",0.986648045003225,0.0133519549967745,5.97568705688178e-16,4.28626716717727e-29,1
"20443",4.41006900959815e-05,0.372925075776899,0.627030823510973,2.20316727219531e-11,3
"20446",0.843185528266996,0.156814470295303,1.36000346481531e-09,7.76975588499588e-11,1
"20449",0.967566523560109,0.0324334764385029,6.99145426797533e-16,1.3873941751409e-12,1
"20537",0.161780590367632,0.838219409632368,5.64760772778008e-18,2.45971926317096e-22,2
"20540",1.03010763149137e-05,0.999989698923685,4.33517024010794e-45,1.03605381943411e-39,2
"20543",0.981000145954809,0.0189998387602469,1.14555288015151e-09,1.41393914879802e-08,1
"20545",9.15176083783472e-06,0.999990848239162,9.28382433302655e-32,1.44063976523574e-29,2
"20549",0.920907612947837,0.0337674317970526,0.0156063841628031,0.0297185710923074,1
"20551",0.992702675855193,0.00729723485070238,8.89768752488578e-08,3.17229050094132e-10,1
"20554",0.993891324082284,0.00610867591016269,7.49251204400191e-12,6.03870289757612e-14,1
"20556",0.958412849565528,0.0415871480372435,3.91623609434975e-12,2.39331216510246e-09,1
"20558",0.990341418955024,0.00965858104497621,1.72432116470397e-19,1.17544750219438e-24,1
"20560",0.973823934703597,0.0261673691972364,8.69542436861053e-06,6.74797597814333e-10,1
"20563",0.939102258690868,0.0608977413091317,8.30104965797141e-24,1.28644072530245e-36,1
"20565",0.924311980109522,0.0756879978684161,2.20161300647492e-08,5.93150704915144e-12,1
"20567",0.00134169995455419,0.0366860035363048,0.890106217862124,0.0718660786470169,3
"20571",0.0516080879840791,0.948391912015921,3.5317168831023e-28,2.11361307707607e-32,2
"20573",0.983181779854922,0.016818117269305,1.0286738254994e-07,8.39024536627324e-12,1
"20575",0.891966093417937,0.108033906582063,5.45476442972454e-22,6.76661071974644e-32,1
"20577",0.989255898044282,0.0107440804905447,9.61774650623161e-13,2.1464211826103e-08,1
"20579",3.65111245495069e-11,0.0493971327746363,0.950602801626898,6.55619547190382e-08,3
"20582",0.980117402942599,0.0198825970574012,2.27719273359325e-28,4.57654196190039e-38,1
"20585",0.197692657089364,0.80230734291063,5.58657993472018e-26,5.97853522925603e-15,2
"20588",0.000617799684164878,0.999382200315835,6.58769549654464e-20,7.03685587822156e-20,2
"20590",1.34369305092076e-08,0.0022725326926932,0.995895611041922,0.00183184282845366,3
"20592",0.978575417670051,0.0214245823299486,4.44927231891654e-19,4.95901549150207e-36,1
"20594",0.964191453995321,0.0358085460046787,4.70840189826303e-32,6.971818565726e-37,1
"20596",0.952008295712369,0.0479917031898575,1.09762300140854e-09,1.5082402340629e-13,1
"20598",0.988294573132774,0.0117054265205264,8.29125894787705e-11,2.63786460704336e-10,1
"20600",0.524296982899683,0.475703010507708,1.48593953013677e-09,5.10666972006921e-09,1
"20603",0.114467546911621,0.462623436385696,0.000170755114720358,0.422738261587963,2
"20605",0.982101677421221,0.0178983225787793,2.38056346165253e-25,4.68508726657753e-23,1
"20607",0.982997154589459,0.0170028454105406,1.24773624247452e-16,4.4035302742373e-16,1
"20609",0.990971855863885,0.00902814413477843,1.29339090652487e-13,1.20708660106229e-12,1
"20611",0.00134039226527096,0.00388683130209216,0.000503239794601164,0.994269536638036,4
"20613",0.978496176543886,0.0214970969429069,3.42958429122225e-15,6.72651320360447e-06,1
"20615",0.968181782073152,0.0318122597202424,8.62790842612336e-07,5.09541576290361e-06,1
"20617",4.1294116559207e-07,0.00805938641244827,0.991940199906202,7.4018404428861e-10,3
"20619",0.951256686717718,0.0487433132822815,1.33851525528148e-17,1.65048964727412e-31,1
"20621",0.946358204589588,0.0536417953911022,1.12662823233427e-11,8.04394453347092e-12,1
"20623",0.00168251547840311,0.301865205494816,0.696451451182264,8.27844517233622e-07,3
"20625",0.0131396903245187,0.981000025736131,1.51402983642099e-07,0.00586013253636612,2
"20627",0.989105763604274,0.0108941149330149,3.10222006520329e-13,1.21462400790074e-07,1
"20629",0.995740964171741,0.00425900727401568,2.67908944193245e-08,1.76334929941342e-09,1
"20631",0.868737081608285,0.131262918391715,9.82813792600734e-20,8.22718069966746e-36,1
"20633",1.49510584711976e-11,0.00187430885441588,0.998125690981554,1.49079194752216e-10,3
"20636",0.106025554401673,0.886075362235542,0.000344390438779174,0.00755469292400586,2
"20638",0.386350537435184,0.61364946059135,1.4345884867324e-21,1.97346556885577e-09,2
"20640",0.871581745036188,0.128418254963812,1.42016408147568e-29,3.58042485146641e-21,1
"20645",0.948231796932206,0.0517682030677942,1.59118301551968e-34,2.56319509290645e-40,1
"20647",2.65234638307639e-10,0.00910033385911267,0.990899665875636,1.69466552298839e-14,3
"20649",0.877419327161823,0.122580672837729,4.92527963283205e-16,4.47609028713302e-13,1
"20651",0.0103007468541452,0.989699253145855,2.24642201386852e-23,1.51701747848714e-49,2
"20656",0.292464011921616,0.707535988078384,4.19710915929614e-27,5.57685942911444e-27,2
"20660",1.06009966821528e-05,0.999989399003318,2.30867328369117e-36,1.05204785936701e-26,2
"20662",2.0806377330688e-05,0.720907490201029,0.279071621212148,8.22094921930029e-08,2
"20664",0.056419673159168,0.943580314646941,1.21938914164201e-08,1.36975356995716e-20,2
"20666",0.00175526844003176,0.998192055120102,4.1700643522917e-22,5.26764398661342e-05,2
"20668",0.000801872469987794,0.000609942756180175,0.000498620241080814,0.998089564532751,4
"20670",0.112691427357755,0.887308572642245,8.40912532337e-28,6.16381233606284e-29,2
"20672",0.000917730685038925,0.00411836073536983,0.206871791744164,0.788092116835427,4
"20674",0.960266242673339,0.039733755383521,7.38989081246962e-11,1.86924113416192e-09,1
"20676",2.39496620168324e-07,0.872312428959895,0.00277241800916359,0.124914913534321,2
"20678",2.20825273815196e-08,0.327116055619961,0.0465675843883619,0.62631633790915,4
"20680",0.0420560772393317,0.00353345719315594,0.00969006563753405,0.944720399929978,4
"20682",0.703287130369012,0.231914718339571,4.42258357368224e-08,0.0647981070655816,1
"20684",0.16340351664584,0.836596483354144,5.82690439140216e-22,1.6713577968964e-14,2
"20686",6.57239499939867e-06,0.000324030766575603,0.997846477474124,0.00182291936430092,3
"20688",1.78050673835953e-11,0.809724220294171,0.190169585463714,0.000106194224309701,2
"20690",0.0108734415486001,0.9891265584514,1.16965534415221e-36,2.91378703593959e-24,2
"20692",1.31149261764019e-13,0.00353465977573711,0.996465330866461,9.35767117314496e-09,3
"20694",0.00159076854523803,0.000652830003267548,1.66859578632437e-06,0.997754732855708,4
"20696",0.120666949730025,0.148240012442403,0.000685690850199637,0.730407346977372,4
"20698",0.667880822576537,0.332119177162909,2.56744719488565e-10,3.80825747805611e-12,1
"20700",0.041583295759963,0.958416701438194,2.80184311115031e-09,2.88869766404785e-21,2
"20702",0.168476955643953,0.831523044356047,6.50241209858614e-39,8.1086116093577e-38,2
"20704",0.990724759583994,0.00927521692187542,1.95589605103511e-11,2.34745716449249e-08,1
"20706",0.00490949280023065,0.995090504449206,2.71876658196428e-09,3.17968518736619e-11,2
"20708",4.99233063624281e-06,0.0713310890493945,2.56853442457891e-05,0.928638233275723,4
"20710",0.710578668993407,0.289421331006576,2.32263171521707e-25,1.65397106713756e-14,1
"20714",0.000160842660317214,0.0288513753151495,0.970972621347486,1.51606770478486e-05,3
"20716",0.973300555495244,0.0266994445047458,3.51064614538168e-18,1.05504627797564e-14,1
"20719",0.15049012413579,0.849509875831191,2.5151550005756e-15,3.30168833247013e-11,2
"20721",0.936671078540712,0.0633289214592883,7.45230528208092e-21,7.37785953108846e-39,1
"20723",0.000555559369961838,0.999444440630038,1.49597651249728e-20,6.13471650615829e-20,2
"20725",0.0286130570772987,0.00151681515684321,4.75178577186323e-07,0.969869652587281,4
"20727",2.71205001624468e-10,0.999713821689697,0.00028617593443041,2.10466737754738e-09,2
"20729",0.000224984346949417,0.000797837702824535,4.61008224577898e-09,0.998977173340144,4
"20731",0.00307153456468082,0.00118819401320277,2.66888899679155e-08,0.995740244733226,4
"20733",0.948530053109757,0.0514699456213973,1.38738582970181e-19,1.26884541802585e-09,1
"20735",0.979337254096764,0.0206514839953237,1.66485148242375e-14,1.12619078958149e-05,1
"20737",1.35532929699808e-05,0.0033764237439574,0.000535886701502009,0.996074136261571,4
"20739",5.96219711303e-11,0.00207924987590591,0.997919398894971,1.351169501414e-06,3
"20741",0.190298369764019,0.00562409863161894,0.00187610137605547,0.802201430228306,4
"20743",0.473065594365943,0.208098506747801,5.41145532550579e-05,0.318781784333001,1
"20745",0.903701923095993,0.0962980769040073,4.13421254761923e-24,2.78255575335944e-32,1
"20747",0.000680406511044184,0.0268427003182617,0.000986069434275067,0.971490823736419,4
"20749",0.00122058426670396,0.0861409609960201,0.0213101868050632,0.891328267932213,4
"20751",0.00921034428316598,0.944779644113211,2.05942374308733e-17,0.0460100116036234,2
"20753",0.0257766574853433,0.013942879745538,1.95843595887027e-12,0.96028046276716,4
"20755",1.73896496126259e-08,0.997492227823706,2.24107849802953e-07,0.00250753067879413,2
"20757",5.23637338835822e-06,0.999994626589895,1.37036601847976e-07,1.15248221419732e-13,2
"20759",0.626983959250969,0.373016040706685,4.2345923887768e-11,5.80663635321764e-26,1
"20761",0.741783219060177,0.0046870583622851,4.59865178006353e-05,0.253483736059737,1
"20763",0.385257646244268,0.614732093229913,3.33534159665804e-08,1.02271724028999e-05,2
"20765",0.0602395873779068,0.00127593293326606,0.0158662211797857,0.922618258509041,4
"20767",0.981197986457758,0.0188020135422397,1.23827957564891e-18,1.88180302394284e-15,1
"20769",0.0418997411082119,0.958100258891788,2.08605434078594e-43,3.3222326370723e-21,2
"20771",0.958262966906604,0.0218936528399279,0.017310445321075,0.00253293493239252,1
"20773",5.04525933414278e-07,0.999999495473508,1.02249517629234e-13,4.56024638275862e-13,2
"20775",0.887748989911024,0.06877727288169,2.48621100816336e-12,0.0434737372047995,1
"20777",0.0228926947721726,0.977107305217522,8.07160503056361e-25,1.03053397297321e-11,2
"20779",0.0478935514987218,0.00259741078691116,1.33118639208823e-10,0.949509037581248,4
"20781",1.91441379941717e-18,1,2.33349180182401e-27,1.14557128703183e-28,2
"20783",0.921312006722426,0.0169952239054798,0.0229544113944835,0.0387383579776112,1
"20785",3.03010814761372e-12,0.999999992553352,7.44359044277758e-09,2.78036494683738e-14,2
"20787",0.00507124630426189,0.00117406938028708,0.00295929541845644,0.990795388896995,4
"20789",0.984671560917565,0.0153267667559419,5.77988785764348e-15,1.67232648750105e-06,1
"20791",0.000160150301512005,0.00042553842373225,0.000315003644654987,0.999099307630101,4
"20793",0.940615461534203,0.0588052521434952,7.32667678518801e-15,0.000579286322294442,1
"20795",0.00945018225792749,0.00509082767026805,0.983411044051505,0.00204794602029902,3
"20797",1.15354569252525e-15,0.999999996907157,3.09284213383658e-09,6.68868871799398e-18,2
"20800",0.00198276470282464,0.00519907855479249,0.992134232341673,0.000683924400710316,3
"20802",0.141890510484771,0.00412294336503797,0.0489813622781055,0.805005183872086,4
"20804",4.81169904511101e-05,0.00162476336209971,8.76497507803616e-08,0.998327031997698,4
"20806",7.39270357698345e-05,0.0016554095345252,0.93536519538589,0.062905468043815,3
"20808",0.986236844427172,0.0137631555644048,5.67299081321647e-19,8.4236590774015e-12,1
"20810",0.234109280250441,0.714983058760301,0.00759156045042818,0.0433161005388302,2
"20812",0.185316648705615,0.0870907728604778,4.15643930187607e-05,0.727551014040889,4
"20814",5.277929546884e-08,0.0654459118591743,0.000141265377924428,0.934412769983606,4
"20816",0.00351601689292904,0.996483983107071,1.51719390252739e-38,2.28904199459476e-30,2
"20818",0.949161371368278,0.0273591414463963,0.000794950659906049,0.0226845365254199,1
"20820",9.81525689388401e-11,0.0278789110489042,0.972121088851884,1.0588749871107e-12,3
"20822",0.058231662629339,0.000685857303934963,9.96898980427256e-05,0.940982790168683,4
"20824",3.76096234616779e-13,0.999999998546956,1.45237444228524e-09,2.93825721047459e-13,2
"20826",2.76703199362517e-07,0.000235962722281679,0.999692357122814,7.14034517055019e-05,3
"20828",1.67826737666695e-10,0.00531286440017372,0.994687135054515,3.77485030517572e-10,3
"20830",0.000818215357786831,0.00566553303351642,1.12555657434071e-06,0.993515126052122,4
"20832",0.96993905967634,0.0277129314457307,0.00230604473796079,4.19641399686499e-05,1
"20834",0.981915304625164,0.0180846953747821,1.33753467121892e-19,5.34853241588647e-14,1
"20836",0.0169117566157505,0.000982357541731842,7.99815537725376e-10,0.982105885042702,4
"20838",7.39397138374747e-07,0.0384331323211321,8.35758800474378e-08,0.96156604470585,4
"20840",0.986106472739971,0.0138935272597609,1.83865349726122e-18,2.68115498253005e-13,1
"20842",0.0154028041270707,0.168523666694084,7.58171524268637e-11,0.816073529103028,4
"20844",0.000212650364554774,0.999270978851396,3.53411860893201e-09,0.000516367249930659,2
"20846",0.0511130113512899,0.014156982438781,0.933916495064638,0.000813511145291429,3
"20848",0.987660214596402,0.0114941802330563,6.71126386300261e-09,0.000845598459277638,1
"20850",0.975461275676828,0.0245385920903467,1.32229421938604e-07,3.40359311589178e-12,1
"20852",0.733035735227824,0.266936325967228,2.79388049483024e-05,6.54500183240231e-17,1
"20854",7.61954121429805e-06,0.000370998282116084,0.999602024806436,1.9357370233715e-05,3
"20856",9.40507430078272e-07,0.99999905949257,2.0434957026916e-35,9.57602956980424e-28,2
"20858",0.899730112870429,0.100269887129571,5.02907878612438e-18,6.90607359364788e-22,1
"20860",0.00453527410673582,0.988344621447266,3.11604329322128e-15,0.00712010444599516,2
"20862",0.772680527655697,0.227319472344303,1.75220294635268e-24,1.72117090102115e-23,1
"20864",2.80930340420815e-06,0.00043425066161246,0.99955852369232,4.41634266284716e-06,3
"20866",0.422765677741045,0.577234322258955,4.73437244934225e-36,6.14830045237956e-57,2
"20868",0.988305586884012,0.0116944131118846,4.10278694232848e-12,2.27846879513483e-16,1
"20870",0.928620748889464,0.0153759745957096,7.34722357684102e-05,0.0559298042790585,1
"20872",0.0168916601991926,0.00038763269487781,0.00116852360232575,0.981552183503604,4
"20874",2.37188623932426e-10,0.00270635127237988,0.997293646720204,1.77022684139954e-09,3
"20877",0.973493118447163,0.0265068815528006,1.21645305044673e-18,3.61451838746565e-14,1
"20879",0.978643920074385,0.021356079925615,1.73798678539378e-26,1.77362188268652e-23,1
"20881",0.0090718432405976,0.00119124072070634,3.09075230947386e-06,0.989733825286387,4
"20883",3.75587996748856e-06,0.997492113327677,5.67331285854658e-09,0.00250412511904247,2
"20885",0.0120763034258101,0.0028345566091574,0.0393180250407888,0.945771114924244,4
"20887",0.954902689778447,0.0450973100686872,1.68151419371189e-23,1.52866047155693e-10,1
"20889",0.560799501676096,0.0633708673480469,1.9835786580357e-11,0.375829630956021,1
"20891",0.980837904087627,0.019162095912373,7.59037483274235e-22,4.16522539279908e-22,1
"20896",0.945635654754793,0.0543643452410616,9.75661899511698e-18,4.1455348641238e-12,1
"20898",0.0764334587421675,0.00184485547650088,7.66369281428392e-07,0.92172091941205,4
"20900",1.08104037658068e-14,0.999999999999981,3.47005196451516e-16,7.41430049968165e-15,2
"20902",0.111955607190482,0.888044392804365,1.06633611469317e-30,5.15320725410957e-12,2
"20904",0.00588017038488926,0.525330924424615,0.468788905141512,4.89838562787255e-11,2
"20906",0.864996442730272,0.135003557269728,1.48955314913298e-23,2.96168123321498e-18,1
"20908",0.630550231364853,0.0238437436692349,0.336791228852288,0.00881479611362435,1
"20910",0.053029519610357,0.918660517731242,6.03110262992377e-05,0.0282496516321012,2
"20912",3.47031944152521e-17,1,8.20508361358683e-40,5.04432459957593e-25,2
"20914",0.895043538689658,0.104956461310342,7.30030641055604e-44,2.37376414735863e-43,1
"20968",7.90082331442974e-11,0.999999991020491,8.9005007350543e-09,1.67803579592719e-17,2
"20970",0.994785570656044,0.00521442381140285,5.53254138526996e-09,1.1914141729044e-14,1
"20981",0.710543653007746,0.289456346992251,9.13085123010328e-17,3.61692953837141e-15,1
"20983",1.87171860711156e-07,0.0575367799513393,0.236919807416818,0.705543225459982,4
"20988",0.988506832396499,0.0114931676034167,8.43202857928096e-14,6.1310391382996e-21,1
"20995",8.45138537783139e-08,0.999999915486146,7.54900868415227e-30,7.90640585191101e-26,2
"21017",0.968286734313413,0.0189287227987109,0.00316403704361944,0.0096205058442572,1
"21038",0.947871748349858,0.0521282516501424,1.87354449319785e-21,4.49252699902329e-17,1
"21072",0.932115971044892,0.0678840289551032,5.19507539530807e-15,6.27574210639538e-19,1
"21075",0.830235291660352,0.169764708339648,2.29959350011709e-30,1.70258242386791e-21,1
"21223",0.981466840777691,0.0158683019832887,1.67439705248068e-09,0.0026648555646232,1
"21225",1.66633186855075e-13,0.999999999999833,7.27952385059464e-59,6.42142226331979e-46,2
"21230",1.69127421438837e-09,0.000383711500306252,0.999546295466308,6.99913421116233e-05,3
"21236",0.940404359416767,0.0275302720158721,1.59908522674373e-08,0.0320653525765082,1
"21238",0.0297557343753341,0.970244265621409,3.97777547320494e-24,3.25723368646543e-12,2
"21241",0.721709443057036,0.278290556942958,5.69977804004364e-15,1.66901878638061e-29,1
"21246",0.98378903492744,0.0162109587939393,6.26194942316729e-09,1.66717125412381e-11,1
"21253",1.37456460794281e-05,0.000319749383940516,0.996008137629132,0.00365836734084814,3
"21256",0.0291031599161607,0.0121578388140314,0.958623771962329,0.000115229307478456,3
"21260",8.60096207577301e-06,0.999991399037924,5.10071096197212e-33,1.30235127595117e-40,2
"21266",0.988733871629482,0.0112661283700521,6.92158115776194e-14,3.96814930679395e-13,1
"21332",0.975680753682114,0.024319246310509,6.62667886116722e-12,7.49886806781965e-13,1
"21334",0.461467192693999,0.0265576062131807,3.51696919713113e-12,0.511975201089304,4
"21375",0.594628787552821,0.405371212447179,3.37145473620282e-28,7.04539052909484e-35,1
"21378",0.4607656060091,0.5392343939909,2.91181724218482e-36,2.85290292868857e-49,2
"21381",0.752987999232192,0.247012000767808,1.44579785707188e-20,1.20048749193667e-31,1
"21389",0.0145744939654334,0.0129350697342552,0.00162186340974273,0.970868572890569,4
"21391",0.0849808466948349,0.915017040025233,2.11327993228555e-06,6.66418866107057e-20,2
"21402",0.920256923974011,0.0797430760259805,7.75415784873226e-15,5.48716075196187e-16,1
"21404",0.629393025210948,0.370606974789051,1.01665965104016e-27,1.66986132896842e-15,1
"21409",0.974050897102549,0.0259491028974506,2.51383985088888e-26,5.92686108302277e-19,1
"21413",0.66995339506347,0.330046604865435,8.62855141233785e-32,7.10944022402954e-11,1
"21423",0.00377121169937869,0.996228788300621,1.77355077397137e-33,3.46403077091119e-35,2
"21425",0.873732317991727,0.126267682008273,3.30205898510445e-25,2.80217753492904e-17,1
"21430",0.00167860120316597,0.99832139879229,1.46320642195144e-18,4.54437047339389e-12,2
"21432",0.986066359790672,0.0139336213051869,3.14681533559126e-11,1.8872672873778e-08,1
"21438",1.14601514462008e-05,0.999988539848554,4.48191800967306e-24,6.01585259696526e-39,2
"21440",0.964657876879028,0.0353421230755154,1.66198160621331e-14,4.54400690966499e-11,1
"21443",0.0178149794491367,0.000645414174054618,0.00287707162523305,0.978662534751576,4
"21445",4.22392424450921e-06,0.999995776075756,6.26186797758932e-27,3.12651995750974e-22,2
"21447",0.913545119065135,0.0864548809348652,8.92809589771913e-25,1.4011702231548e-34,1
"21449",0.927389198949961,0.0726108010500395,4.14963184227608e-19,1.50767810037009e-27,1
"21451",0.927389198949961,0.0726108010500395,4.14963184227608e-19,1.50767810037009e-27,1
"21455",0.977541745936227,0.0224582540637733,1.32290969488025e-18,1.10150980896179e-21,1
"21469",0.105447203905286,0.894552796094714,1.72033449176096e-42,3.91922929711644e-50,2
"21471",0.836615728214821,0.163384271785179,1.10927611035201e-30,4.14256982047953e-29,1
"21473",0.170099275796333,0.825323198924591,0.000937803009559991,0.0036397222695158,2
