"","V1","V2","V3","V4","V5","best$classification"
"19812",0.000205855745879583,0.88924182169392,0.00618916147595549,5.91512674748637e-16,0.104363161084244,2
"19814",8.57121185909415e-05,0.067287896130199,0.000603965768808905,0.00570942678384575,0.926312999198555,5
"19816",0.0350539149291311,0.964934733792016,1.13394742445887e-05,2.62247701646168e-17,1.18046085665943e-08,2
"19818",0.00535733287715199,0.951397123443344,1.72724601358073e-05,8.70055145939859e-05,0.0431412657047742,2
"19820",0.0155141890775689,0.98394073090404,0.00054508001839102,1.23564008578132e-43,4.63586803054782e-42,2
"19822",0.989353887286693,0.00357341015738663,0.00707270255592073,1.09067804425605e-37,1.2517356009572e-47,1
"19824",0.911680783391471,0.0883191079226949,1.08685789850929e-07,4.44778546140365e-14,2.53955286513566e-22,1
"19826",0.0706237931312146,0.59155349988785,0.00566908238921412,8.21358299552935e-11,0.332153624509585,2
"19828",0.00159916514692692,0.998139187126381,0.00026164772669183,3.65049918626298e-22,5.37070720813899e-20,2
"19830",0.034272976329352,0.226894316167709,0.123385208546442,1.34758576469709e-10,0.615447498821738,5
"19832",8.5956516859369e-06,0.209629749894107,0.790361652501203,1.77448726221048e-33,1.95300332578376e-09,3
"19834",0.0237281806519551,0.975627532889007,0.00064428644692065,2.58907463448556e-18,1.21171100226479e-11,2
"19836",0.0317291028124305,0.967930209261804,0.000324169094219662,2.08542939447007e-25,1.6518831545719e-05,2
"19838",1.50467910201261e-06,0.00226719260123236,0.000748106923404534,2.04482563525939e-07,0.996982991313697,5
"19840",0.038502246078591,0.960102460386135,0.00139526742700052,9.33434519424208e-25,2.61082733629461e-08,2
"19842",0.165904754712758,1.16922354107614e-07,0.000324660758987128,1.50693799414391e-12,0.833770467604394,5
"19844",0.255079468415682,1.1313432788452e-12,2.81035180802078e-06,0.744917721231379,1.94347195749711e-19,4
"19846",0.00185917735903816,2.55773690907039e-05,2.45002419080978e-06,0.0704394713835561,0.927673323864124,5
"19848",0.000235391476446847,9.76142071821455e-05,2.25929523224926e-05,0.97829145981245,0.0213529415515984,4
"19850",0.00647909904981537,0.00203561856465227,0.000695957684838319,0.00116882412982363,0.98962050057087,5
"19852",0.00812780582569121,0.991459233457729,0.000164064188036037,5.99129386115526e-09,0.000248890537249468,2
"19854",4.36424779964559e-05,0.000236741291226972,0.000206590325641509,0.989418301097925,0.0100947248072103,4
"19856",0.997657557306349,2.42492904160599e-06,3.03753747842692e-05,0.0023096423305429,5.92820277363501e-11,1
"19858",0.99992050176831,3.20702892363023e-05,1.70695585568607e-05,3.03583838965419e-05,7.84249436389429e-18,1
"19860",0.00549382442987117,0.989500203776407,0.00218540543541382,2.92306206037038e-14,0.00282056635827909,2
"19862",0.000495197615097016,1.08799875351445e-05,1.35902323762103e-05,2.81146779359094e-09,0.999480329353524,5
"19864",0.999999857191416,2.35756880240164e-14,1.42808560355446e-07,9.34636630490068e-31,2.78670300208824e-22,1
"19866",0.804758609765803,0.195240386679677,1.00355443646872e-06,7.75450447326153e-27,8.38702454384782e-14,1
"19868",1.21618162021731e-10,5.90224721821613e-17,0.999999999878382,1.9418167213374e-40,5.49824632151668e-38,3
"19870",0.00133041823621986,0.0198165171126966,1.13048935739842e-05,2.26396533007387e-06,0.978839495792179,5
"19873",0.0971913914860386,0.823971404692263,5.74107804288978e-06,1.23889859208141e-08,0.0788314503546693,2
"19875",0.00143597596920364,0.982864793289331,0.0156992307402684,1.57717227774594e-28,1.19731477937767e-12,2
"19877",0.00508350964719142,0.80515819131299,0.000432948786167968,4.73798142566433e-06,0.189320612272225,2
"19879",0.0302204518476295,0.969747826623758,2.99141285933978e-05,3.8965426762667e-07,1.41774575128325e-06,2
"19881",0.636340508854246,0.358346664511733,8.20120305561729e-06,3.71079485037378e-08,0.00530458832301767,1
"19883",0.17495168423137,0.0156258642762194,5.21051270156837e-07,2.75051988201791e-10,0.809421930166088,5
"19899",0.00904443599471519,0.809601932187747,0.181353542201325,5.97891328580823e-23,8.96162122283948e-08,2
"19908",0.998908032412911,1.26230404123337e-10,0.00109196746085875,3.22955666169103e-28,5.64459198095891e-25,1
"19910",0.00743652531933074,0.990423966802166,2.05220609685386e-05,2.01673929793859e-07,0.00211878414360443,2
"19912",0.0682165333129797,1.05554951463906e-06,2.74045630053375e-05,4.71930878187443e-09,0.931755001855192,5
"19914",0.0479621745363693,0.951236277491993,0.000798678194864694,7.89685303955735e-10,2.86898708795183e-06,2
"19916",0.99999342845141,5.00007437327678e-06,1.57147421619239e-06,4.54200755616087e-25,2.02914560370636e-28,1
"19918",0.0228245585400136,0.016098649960937,3.07050251973319e-07,0.103509407938123,0.857567076510675,5
"19920",0.00271715999698238,3.56761467742445e-05,9.52165690942276e-06,0.989874730375155,0.00736291182417876,4
"19922",1.29556698404568e-10,0.000112573371098827,0.999887426485174,1.2795875530974e-30,1.4170656429817e-11,3
"19924",0.0231616988106113,0.930449993466555,0.000201353003577228,0.0177891614728138,0.0283977932464426,2
"19926",0.0188979739838249,0.930459752022836,0.0506422724887463,1.64759757051921e-28,1.50459265460668e-09,2
"19928",0.999993226144546,2.13586688432065e-22,6.77385545370461e-06,8.57390766222127e-29,7.54888094513931e-20,1
"19930",2.77117374800751e-05,0.0411824670313632,0.000110967341808185,1.48916717542475e-08,0.958678838997677,5
"19932",2.58226549113166e-06,0.00112007629073479,0.000134649511820616,5.15108107861411e-05,0.998691181121167,5
"19934",0.0209634637396629,0.978856503464379,0.000180032784909861,1.25681669493679e-13,1.09222714786911e-11,2
"19936",0.000357676195636127,0.661858446407793,0.292378729746776,2.11859778383014e-12,0.0454051476476769,2
"19938",0.839726120629346,0.158560230519577,0.00171364885107735,9.10375656187986e-20,1.283416614712e-26,1
"19940",0.0636661126904092,0.924012640925438,8.3727664710559e-07,7.39063476854866e-07,0.0123196700440286,2
"19942",0.99999792690134,8.15256012037889e-14,2.07309553585255e-06,4.42759990670701e-27,3.04212317776022e-12,1
"19944",0.0480899663740315,0.951833890599938,4.68222590276584e-05,9.03951935561504e-11,2.93206766079877e-05,2
"19946",0.0560934087685697,0.9379332879587,6.71855379680975e-05,5.82075320223314e-05,0.00584791020273979,2
"19948",0.99999996374035,5.40055817349803e-13,1.61440581293439e-08,9.59079135470823e-21,2.01150513267967e-08,1
"19950",0.00146698793325667,1.51470526693578e-09,7.98530179382828e-06,0.998525011017843,1.42324017533851e-08,4
"19952",0.99999996374035,5.40055817349803e-13,1.61440581293439e-08,9.59079135470823e-21,2.01150513267967e-08,1
"19954",1.5944664970942e-05,0.00813776920347993,4.15957992104437e-05,7.44262059250366e-06,0.991797247711746,5
"19956",0.437511848798421,5.86710255872687e-10,0.56200754102231,8.99002889034838e-07,0.00047971058967047,3
"19958",3.38414013645716e-12,1.63035001222906e-14,0.9999999999966,2.53216983193003e-34,3.98930052095452e-30,3
"19962",0.930722416197856,0.0643836645786753,0.00488591158510226,7.93768958302567e-06,6.99487835978217e-08,1
"19964",0.10571932949052,0.894091254054863,0.000112604868551797,5.45284049826285e-08,7.67570576606652e-05,2
"19966",0.874817337021142,0.125060584947919,0.000122078030938939,8.88050363002159e-42,1.14692349193499e-28,1
"19969",0.0697071588908462,0.115713698759215,7.368258154272e-05,3.74609706326042e-15,0.814505459768392,5
"19972",0.774460717454312,0.00382837550593993,1.07995816009503e-05,0.0153887992307111,0.206311308227436,1
"19974",0.0270588057740554,4.26637418167619e-10,3.71630946554351e-07,0.935669922754081,0.0372708994142797,4
"19976",0.0484351737782216,0.823215416646042,8.67567545712378e-05,0.00241667312124045,0.125845979699924,2
"19978",0.0133619354522406,0.986606678101131,1.79053760078336e-05,1.25523082431128e-11,1.34810580683949e-05,2
"19980",7.32525898718709e-05,3.08244226004833e-05,3.08078402646488e-05,0.927922427465012,0.0719426876822512,4
"19982",0.0298936470586049,0.0022310088068914,0.218426833454803,0.747541212361943,0.00190729831775768,4
"19984",0.0564191931480969,2.21344095117501e-08,4.95285476661482e-07,0.943580289353664,7.83533169820056e-11,4
"19986",0.24956526692727,0.750110070329685,0.000324662743045686,1.43931502059404e-37,6.2749483448933e-32,2
"19988",0.0570081231160788,0.933760249216258,0.00923162766766311,7.31524276864894e-48,9.79475463137478e-46,2
"19992",0.0619679182492289,0.931255024882981,0.00677705686778969,2.68767107139797e-29,7.84386651020042e-32,2
"19994",8.53284247183622e-06,0.0597962811059181,0.000491330960552936,1.28790388307172e-09,0.939703853803153,5
"19996",0.00799961245249423,0.991792002384123,0.000208385163382877,3.80114821480275e-26,1.01838450572338e-27,2
"19998",0.99995970650529,3.79290644012629e-05,2.3635588106153e-06,3.95712127706493e-16,8.71497625010214e-10,1
"20000",0.000952839356076883,1.65374053401555e-05,0.998628965317009,7.15125347140516e-21,0.000401657921573848,3
"20003",0.000574819664765478,0.933279748641102,0.003571808047211,9.77118077525445e-20,0.0625736236469222,2
"20005",0.000547184267557051,7.60968510831158e-06,1.1059732934382e-05,0.99903464482832,0.000399501486080416,4
"20007",0.0195389234429607,0.979862335046379,0.000598617929358107,2.29641756350414e-15,1.23581299869743e-07,2
"20009",0.995990602692845,0.00400808081974651,1.31648740880725e-06,1.05945213801721e-19,5.99080423436233e-29,1
"20011",0.778970222085946,0.12972825965277,8.68300568650667e-06,0.00353290600707052,0.0877599292485265,1
"20013",0.00749953713849013,0.0953178188843229,0.000550271510912252,0.207068771695086,0.689563600771189,5
"20016",0.981670604569,0.018303171438059,2.62239929407666e-05,1.72917201378626e-27,5.5641280875301e-37,1
"20018",1.81394170331475e-06,1.00927101682098e-11,0.999998186048204,1.878403038224e-82,5.35073349443822e-78,3
"20021",0.00226782156719573,0.997169278616388,0.000562899798129544,3.72795057821235e-30,1.82863767521302e-11,2
"20023",0.0894380954268508,0.908830952265307,0.00173093208067777,8.8257394905438e-11,2.01389069451244e-08,2
"20025",0.000371447058294127,0.000197416919041176,0.999431136022665,1.02820142715762e-66,3.89516398010873e-46,3
"20027",0.00698996921333814,0.000645111166876157,0.000514002991211083,8.09714685764628e-16,0.991850916628574,5
"20029",0.16567098044877,0.00372470620551043,1.1221649045677e-05,1.54217569498774e-09,0.830593090154499,5
"20032",3.9862257855436e-05,0.00133102984892171,7.14390143737476e-05,5.55474289057955e-11,0.998557668823302,5
"20034",0.999995182802242,1.47989896420927e-09,1.33398618657256e-06,5.44143236496751e-21,3.48173167282074e-06,1
"20036",0.771797378687647,0.00220637158657598,0.225994397568597,4.99442718870225e-09,1.84716275271544e-06,1
"20038",0.00107161585697097,0.980251165456641,0.0186772186863879,5.28442687551963e-41,2.02194400478249e-21,2
"20040",0.999547172780103,1.55836476097994e-05,0.000437243572287077,9.81213875471911e-39,2.27427037456596e-49,1
"20043",0.000983499279161518,0.98902497961634,0.00999152110448565,5.6668426359673e-23,1.31628023082382e-14,2
"20045",0.173200435760009,0.743403468836057,0.0833960954039344,4.0567954177514e-37,2.85379875385695e-48,2
"20048",0.00746740638491508,1.45974233472572e-13,2.52016856046838e-06,0.992530073436343,1.00353208526244e-11,4
"20051",0.00453739137153206,0.907595492123438,0.0878665124015023,4.76970663129026e-14,6.04103479279814e-07,2
"20053",0.550920470363773,0.449077342277955,2.18445219406617e-06,2.896237442682e-09,9.84059686763843e-12,1
"20055",9.07397041591569e-05,0.633989289689747,0.365919970606094,3.31203145296094e-49,7.64330957129111e-18,2
"20057",8.87581382099623e-13,2.0018307880294e-29,0.999999999999112,5.48319782886949e-48,6.22757311875727e-45,3
"20059",0.326804230463435,0.645447545955214,0.0277482235813154,5.64196937589078e-19,3.549090306366e-14,2
"20061",0.0569011151578436,0.942614043349008,0.000484826405066111,5.74360787856239e-19,1.50880818070177e-08,2
"20063",0.999765868316624,9.05982187994352e-16,0.000234131682351875,1.02331476519067e-12,1.77572513821791e-43,1
"20065",5.59889348847689e-08,0.00297312076877546,0.99702682324229,6.72468421499198e-77,2.23445882661788e-43,3
"20067",0.237261462130183,0.753895903398199,0.00884263447140642,2.11223075103969e-13,1.82712438111401e-23,2
"20069",4.46553835158927e-05,1.35663741058224e-05,3.63795358284773e-05,0.987365237259447,0.0125401614471027,4
"20071",0.987681834791441,0.00912179078458476,0.00319637441286113,1.12535770792885e-23,1.11125264201652e-11,1
"20073",0.156211896141206,0.00150324362602005,1.14724746410598e-06,0.841911647227412,0.000372065757897482,4
"20075",2.78594584561475e-13,2.61401493037526e-13,0.99999999999946,2.30795911872283e-50,3.86208807661137e-30,3
"20077",0.0821562671723158,0.916482996189677,0.00136073657518512,2.64189655448099e-12,6.01804687453529e-11,2
"20079",0.995493384691387,0.00403617266330092,0.000470441852212189,7.930842983239e-10,1.56587543996493e-14,1
"20081",2.25178851371503e-05,0.473212984750138,0.526764497364725,7.59072041269167e-23,4.810221505781e-17,3
"20083",0.999614214564036,2.11834173519188e-09,0.000385779257412552,4.06020950084237e-09,5.21268521449871e-18,1
"20085",0.0130480794769087,0.979361686937685,0.00759023358540672,6.63437659894342e-52,7.04930913066275e-44,2
"20088",0.00978705944633255,0.988733092955876,0.00147984759779201,3.2496221793581e-27,5.54158235630561e-19,2
"20091",1.73398063157583e-08,2.63698093021933e-06,0.999997345679263,2.39510715260801e-34,2.27686812106199e-30,3
"20095",0.999995363405752,2.45662370561499e-07,4.38345481636349e-06,7.47706067909892e-09,6.71906010863604e-21,1
"20097",0.00462868710120738,0.882134037816849,0.113237275081943,6.75830728508916e-55,1.71754423876565e-43,2
"20099",0.996944272958252,0.00305572698191315,5.97800882070163e-11,5.44594206970055e-14,2.23864879101244e-19,1
"20102",0.0623561559051181,1.61909981987667e-08,0.937643816138547,1.17653363398015e-08,3.33897007847883e-21,3
"20105",0.0216407728767006,0.978333050532078,2.61765912212641e-05,9.46874631756599e-19,1.66704049717986e-17,2
"20107",0.0313178971171283,0.968410153508902,0.000271949373969905,2.72604038782142e-23,8.35427351852436e-18,2
"20109",0.756870462575789,0.243080196691075,8.292551154161e-08,4.92578066730044e-05,9.5211457984533e-13,1
"20111",7.16695831089994e-12,4.5372973412977e-11,0.999999999947395,2.36604190786256e-21,6.52871348609577e-14,3
"20113",0.33439049428109,0.662218504266566,0.00339100145121837,2.19299553635006e-30,1.12556266589379e-12,2
"20115",0.00131743071822764,0.00284762618475838,0.733504141432563,6.55404302351795e-16,0.26233080166445,3
"20117",0.00931196069385368,5.80715082550827e-10,0.990688038725431,2.80499851287205e-54,1.28004739529795e-39,3
"20119",0.956173739587166,0.0438203562750957,5.90413773887344e-06,8.92700120365155e-43,1.20953440950026e-23,1
"20121",0.0673298923427577,0.930888765823913,0.00178134183332955,1.5002001567709e-29,4.10285737537213e-22,2
"20123",2.64066952191677e-08,2.46522965791341e-06,0.999997508363647,4.607706945555e-56,1.04679801231176e-34,3
"20125",0.000153513775615354,0.0018783044282372,0.00065520851779437,0.000139429087394448,0.997173544190959,5
"20127",0.0178802061302551,0.978017461924698,0.0041023319450475,4.99475455449269e-31,8.11273329966444e-39,2
"20140",0.000191945170980546,0.0819910409499466,0.917817013879033,6.24650564199122e-38,3.93436381216614e-14,3
"20142",0.00070574897818072,9.01007794041184e-09,6.00309422289358e-05,0.99896756261033,0.000266648459182445,4
"20144",6.0539797450876e-05,0.000158331832031751,0.979824630572637,3.75696994122225e-12,0.0199564977941239,3
"20146",0.163829297253252,0.000793396751379834,0.835247366295666,0.000105375319604626,2.45643800977898e-05,3
"20148",0.00141039430569954,0.625808470731736,0.0224107489381414,3.372862513361e-13,0.350370386024085,2
"20150",0.00240043548210528,6.26172921093863e-07,5.27642315422584e-06,0.467871397653453,0.529722264268367,5
"20152",0.00496576242899276,0.785393182949681,0.00515670769464319,5.74929971463002e-09,0.204484341177384,2
"20154",5.94097793658159e-06,2.81220849255433e-05,0.999965936937138,3.95050524515373e-36,7.10004893405025e-43,3
"20156",0.759384229560358,0.120721925399784,0.119893816579353,2.83660339917297e-08,9.44707570687891e-11,1
"20159",0.000863374168433797,7.67828560026708e-06,0.00177164233729202,0.997356897831749,4.07376924931799e-07,4
"20161",0.989653161972106,1.84966662100448e-07,0.00803747347821053,0.00230917761777615,1.96524480992005e-09,1
"20163",0.000192144397138244,0.636335722081816,0.363094096668028,5.04151879664159e-28,0.00037803685301764,2
"20165",0.988999914209776,0.000853758893114378,0.000118687012182425,0.0100276398849275,1.28949976380469e-16,1
"20167",0.000641448835953597,0.115953814791531,5.57424104080009e-05,0.000392157016561961,0.882956836945546,5
"20169",0.00127451164350734,3.65782301857662e-12,4.4179012464255e-06,0.998721056703129,1.37484589628981e-08,4
"20171",6.13666099796556e-06,6.15948201513219e-09,0.99999385717952,3.69123936791421e-40,2.26687405921925e-55,3
"20173",0.999999933470721,7.83686175553872e-11,6.64509003181961e-08,9.79235800269249e-15,6.71049803615094e-27,1
"20175",0.00637665840544737,0.418432121479916,0.0034469251270001,0.000333194236021276,0.571411100751615,5
"20177",0.984773164403251,0.0151976743990709,2.91611976779323e-05,6.79711777745399e-18,3.35240038550453e-18,1
"20180",0.0077708076625205,0.969739297218505,0.022489895118974,1.50973165297697e-55,4.02723930494844e-26,2
"20182",0.514112180747744,1.99672811560943e-25,0.485887530679716,2.88572539956316e-07,8.49388660249232e-20,1
"20184",0.00547403747991828,0.000136337840548539,1.49361879720248e-05,0.993585326837742,0.000789361653819244,4
"20187",0.999806722618786,7.58804990085973e-07,0.00019251843225636,4.11116750910413e-12,1.3985679386298e-10,1
"20189",0.126065304255821,0.873934248293329,4.46213555886353e-07,1.04391591633689e-22,1.23729401588291e-09,2
"20192",0.0422543336790256,2.76162803984054e-05,0.957718050040576,5.00720717522094e-52,1.61597272203686e-30,3
"20194",0.999542280577803,1.58676749222215e-09,0.000440163558624571,9.65277638679916e-06,7.90150041807457e-06,1
"20196",0.00420072844926539,0.618277390151697,0.377521881399038,7.45225085073384e-42,1.96693739813113e-34,2
"20198",0.0324953090247867,0.39417372226037,0.573229731912511,3.31285400568704e-12,0.000101236799019371,3
"20204",0.000364026723457203,0.000151239667647411,0.000271506849141826,0.136636429268096,0.862576797491657,5
"20207",0.01302903930961,0.44550344746718,0.54146751322321,4.97437155700166e-22,4.3047808766742e-29,3
"20209",5.49788839512947e-07,7.6721511494007e-06,0.999991767852429,3.42463833783636e-41,1.02075824012956e-08,3
"20211",1.40447382854135e-09,3.71253107298368e-05,0.999962873284796,1.34599452850957e-41,8.60106369396903e-27,3
"20215",0.0250782744149947,0.962113160963539,0.0128085646214589,1.04410306065142e-26,7.14415060555724e-15,2
"20218",0.000317382428666868,2.50730584327856e-07,1.176324462235e-05,0.991788935523578,0.00788166807254886,4
"20222",5.38422989247883e-05,0.487411610461869,0.512534547239207,4.30551671786648e-23,1.61987659507501e-20,3
"20225",0.000581319073128262,1.66723306549546e-05,0.992089429028838,4.1871435103004e-12,0.00731257956319189,3
"20229",0.0527992747475615,0.00510052331531527,0.942100198156917,7.51922794368101e-28,3.78020627625839e-09,3
"20232",0.00462705949031773,0.925544095850353,0.0698288445666399,1.8147957503817e-19,9.26889630948543e-11,2
"20234",0.000245973721257263,0.00025253507961299,0.99950149119913,2.32140121207068e-78,6.99681833614152e-65,3
"20238",0.136199448040121,0.861014961049156,0.00278559091072305,3.78792543310045e-23,1.36805815282925e-20,2
"20253",0.139678463566529,0.842758928077536,0.0175626083559354,3.89687800923717e-34,2.83944633355129e-27,2
"20255",9.897781435889e-07,0.0213530059108269,0.00452454256321988,9.92269380401216e-09,0.974121451825116,5
"20258",0.00279362603881075,0.996554087703119,0.000652286258070335,1.05044546334444e-35,5.31845777285126e-24,2
"20269",0.0574604107457005,0.942531770918131,7.81808767137821e-06,2.48103250828907e-10,3.94417101187154e-13,2
"20271",0.470398203147668,0.529244683716362,0.000357113135969853,2.05622140618483e-43,5.6150249904534e-26,2
"20285",0.999904893392397,1.88286047159764e-05,7.6277902153187e-05,2.77835522615228e-14,1.00706587332805e-10,1
"20288",0.0163347138844621,0.974054779322821,0.00961050679269277,2.28617657041078e-22,2.45158870646682e-14,2
"20291",0.0243282106869028,0.287782701294912,0.687889088018186,1.14600273761601e-31,8.74493516769943e-32,3
"20295",0.994716062522294,0.00528165706031578,2.28041738908248e-06,4.02080722622102e-19,8.53425755328895e-16,1
"20298",3.94631199613488e-05,0.00193386556199461,0.000349494353306088,9.76425342055618e-08,0.997677079322204,5
"20302",0.274228888088955,0.00322680371404324,3.31644359817166e-05,0.721882660284726,0.000628483476293835,4
"20305",0.000128528364614146,0.000816605177246995,0.00032168608708839,8.08631522333159e-13,0.998733180370242,5
"20307",0.0165168651902806,0.980672079946627,0.00281105486309256,2.24674457486746e-30,1.30699820007027e-27,2
"20310",0.510150645568899,0.418489968838841,0.0713593855922606,2.43839144014562e-52,6.52080423209398e-53,1
"20313",0.0500452053485913,4.88235518267225e-12,3.88226157836923e-06,0.949950912199226,1.85721897224587e-10,4
"20315",0.00977676730499935,0.989822970243555,0.00040026245144561,1.62568197144887e-30,7.47826403762671e-23,2
"20319",0.000376098132019203,0.0280115094657908,0.97161239240219,1.00219026511878e-50,2.0871431236835e-34,3
"20321",0.153256549981989,0.843107017594791,0.0036364324232203,5.66643193277774e-30,1.25473214220756e-27,2
"20327",0.0330516151126058,0.96694428615985,4.09872754386074e-06,1.17622071724581e-30,8.16041664006939e-26,2
"20329",0.999997021442961,1.66731689488928e-12,5.49461159316639e-07,8.7920723188446e-09,2.42030213960441e-06,1
"20335",0.00485975463731144,0.684817158051534,0.310323087311154,3.55168002243865e-31,2.98163170777758e-36,2
"20337",2.67489772522322e-05,1.79335648024811e-05,6.72004713581506e-05,0.999763738088081,0.000124378898506056,4
"20339",0.000114656668297776,1.16721324272e-07,0.999885226610378,5.95362422523085e-49,7.85048114971474e-21,3
"20341",0.000533619023184121,5.80666358610358e-07,0.999465800310457,6.23961895264736e-24,4.26680410197625e-39,3
"20343",0.959537632650733,0.0256240951304761,0.0148382722187906,1.58355403464064e-23,3.90190123138273e-40,1
"20345",0.0231275311452581,0.954273082076665,0.00445066399508673,2.57710728424994e-21,0.0181487227829899,2
"20350",0.00739482113374427,9.69792031383921e-07,0.992604209074224,5.32797481747241e-21,1.83390114954308e-23,3
"20352",0.00146030737954133,5.38338655316773e-10,9.14146824729106e-07,0.998538752945881,2.49894143597081e-08,4
"20355",0.988012567319296,3.46771254620614e-05,0.00373172438380914,0.00822103109698728,7.44453286090335e-11,1
"20358",0.998173210232472,2.30807672106472e-10,2.30409506412163e-07,1.15314666620002e-07,0.00182644381254734,1
"20363",0.0396080605877251,0.960088383073983,0.000303556338292321,1.37730226904358e-26,2.09234265550441e-21,2
"20365",1.20926757162833e-06,0.185347606711372,0.814651184021057,6.01900738520189e-32,1.34013470343342e-16,3
"20379",0.000143355003946169,0.0891818940283117,0.840840422718983,3.55351834721412e-07,0.0698339728969244,3
"20387",0.00315709018494479,0.994074667940929,0.00276824187412578,6.71735740478133e-24,1.17635326732701e-17,2
"20392",2.60984726893691e-10,3.37172642800598e-05,0.999966282474735,1.83428511195673e-54,2.14515468649568e-32,3
"20395",0.00578486525495989,0.562808209251426,0.0754094790881417,1.24649207644977e-05,0.355984981484708,2
"20397",0.999998669367774,1.32746923050282e-22,5.53873964724273e-09,1.32509344793659e-06,3.87050454740485e-14,1
"20410",0.00773158422043444,0.991896345656134,0.000372070122974935,7.29911242296557e-38,4.56760296918274e-13,2
"20414",0.0359025604534365,0.0601755334912379,0.000708983903290381,0.00699719660518075,0.896215725546854,5
"20417",0.0003065305512761,2.48864956015873e-13,0.999693469448475,1.9960124540192e-96,1.19156628121996e-85,3
"20419",0.114017937353323,0.885981804689505,2.57957171745357e-07,8.82939348665452e-30,7.36106496172553e-30,2
"20421",0.0170702859151376,0.00778168576632592,0.97466218347954,0.000471651322873902,1.41935161231156e-05,3
"20423",0.000270607655035935,0.00362908084213106,0.0106188849765019,0.0521524897776598,0.933328936748671,5
"20425",0.0658252289442353,0.0414084788785546,0.157838718548124,0.420954849805247,0.313972723823839,4
"20427",0.00756523190047186,0.988055793736275,0.0033233503726814,1.03908356278886e-17,0.00105562399057193,2
"20429",0.999513216104063,0.00018599245868271,0.000300791437254042,7.18357912503159e-26,2.23265563996638e-32,1
"20432",0.135203723727273,0.000110026586570144,0.000462514559220381,0.0449299305869281,0.819293804540009,5
"20435",0.00879237886906208,0.743342811265948,0.24786476950533,7.88503764411311e-26,4.03596599702298e-08,2
"20438",0.616405959725128,0.38298461586914,0.000609424405716559,1.55102587708766e-14,6.69866306103955e-21,1
"20440",0.0496951706241647,0.950301651663379,3.17771245602982e-06,1.79615039082575e-21,2.93033572687653e-27,2
"20443",0.547579154850272,3.74418898416194e-07,0.0030889936179557,0.449331477106589,6.2847400454383e-12,1
"20446",0.444864590862195,0.554912560209408,0.000222847976447535,7.08269325594211e-13,9.51241185525933e-10,2
"20449",0.0503396523269268,0.944584822154164,0.00507552518247158,3.78144293632207e-21,3.36437627389133e-10,2
"20537",0.0262299721477499,0.492033285852769,0.481736741999481,5.03647424501589e-23,2.28482584889102e-21,2
"20540",5.27032588975346e-10,2.72489047211878e-06,0.999997274582495,5.47388143826226e-60,2.65565669247336e-40,3
"20543",0.013682989858256,0.986007954719857,0.000308401916987742,1.41473327392647e-11,6.53490751624059e-07,2
"20545",8.33710103657193e-11,2.05679416638386e-06,0.999997943122462,5.13137704571166e-40,1.8248722334743e-30,3
"20549",0.000851050297949125,0.951721603575764,0.00856905692186553,0.00295135493757427,0.0359069342668474,2
"20551",0.0116467169217966,0.986012488971471,0.00234079066822784,1.2527719486265e-09,2.18573298819218e-09,2
"20554",0.00386385964841434,0.996091266766738,4.48735845847265e-05,8.02744037956379e-16,2.61947340908975e-13,2
"20556",0.000137677793586926,0.509917708898705,0.489944572519693,3.19690799971025e-15,4.07880121536784e-08,2
"20558",0.00179323065084083,0.99601157294132,0.00219519640783906,8.56046898618284e-26,5.30590090538154e-24,2
"20560",0.0716690793221493,0.928303297848894,2.73989973629324e-05,2.22942585221798e-07,8.89009089344621e-10,2
"20563",0.0154623342493637,0.979536041089073,0.00500162466156342,2.6909012697397e-32,8.57132613868653e-37,2
"20565",0.0182442160511289,0.908436969527471,0.073318814295365,1.22533211344543e-10,3.50132602679211e-12,2
"20567",0.0372971418386632,0.000109123691014977,0.00322863053983593,0.908140011865763,0.051225092064723,4
"20571",0.112708945545563,0.00142164771020204,0.885869406744235,5.35174415211668e-38,1.06320097480453e-32,3
"20573",0.0567472325160237,0.942742140552046,0.000510626175610003,4.95749837167585e-10,2.60570395197088e-10,2
"20575",0.350320854408214,0.649678651256205,4.94335581519818e-07,1.6902650733191e-31,4.98051515234182e-30,2
"20577",0.0339476028334914,0.965418067796293,0.000632867789587717,1.68939637190837e-17,1.46158062809864e-06,2
"20579",0.184260127598625,5.40617847928688e-15,2.31351817787215e-08,0.815739788013349,6.12528384395138e-08,4
"20582",0.00843758347485244,0.991111534222984,0.000450882302163335,5.94804197529046e-39,2.26992245367825e-35,2
"20585",3.96758762510445e-07,0.0973427664959457,0.902656836745262,9.47726008154963e-35,2.97490343677514e-14,3
"20588",2.51097154490747e-06,2.33038391709556e-05,0.999974185189284,1.17176200321404e-24,3.15933592329968e-20,3
"20590",0.0108708482544706,2.84178258035722e-11,3.34653259874464e-08,0.988055945385928,0.00107317286585707,4
"20592",0.0549921060206607,0.944925195651557,8.26983277819734e-05,3.10655299843895e-25,1.06582502668895e-34,2
"20594",0.00635838971667536,0.993353586458854,0.000288023824471129,4.13145565539557e-45,2.95823402096878e-34,2
"20596",0.0723620890837381,0.927634773127017,3.13778790573897e-06,6.16263750409028e-13,7.228058086366e-13,2
"20598",0.00862858429435928,0.989826300503155,0.0015451138329159,5.57795599182946e-14,1.36951431386585e-09,2
"20600",0.000670075552586616,0.250135520801154,0.749194386938474,5.31387826163338e-12,1.67024723074464e-08,3
"20603",0.000166144613880107,0.0112507805943824,0.799561182512586,2.85699022037154e-06,0.189019035288931,3
"20605",0.00653841950729718,0.986943872691427,0.00651770780127613,3.66903384738881e-35,1.95035958867e-20,2
"20607",0.0211646490108066,0.97848143402976,0.000353916959423801,5.96111271599906e-22,1.00100631451231e-14,2
"20609",0.00111395540294955,0.998424110913794,0.000461933675624166,1.62430801066578e-18,7.63232816791454e-12,2
"20611",0.000524758630728647,0.00022860827815647,6.73525624647614e-05,7.75477399980775e-06,0.99917152575465,5
"20613",0.000230058210907987,0.997335966468182,0.00238398454681075,7.39024098670551e-21,4.99907740991083e-05,2
"20615",0.00138876741436771,0.937162592779534,0.0614364186100358,2.740080641335e-08,1.21937952561259e-05,2
"20617",0.0144572134935887,1.02550155675322e-08,0.000133336695557508,0.985409436461209,3.09462899017333e-09,4
"20619",0.17423849755648,0.825715706919991,4.57955235287395e-05,5.12864751565974e-23,1.5142390887963e-29,2
"20621",0.0755749389120799,0.914244642733874,0.0101804183421692,4.60119520295385e-14,1.18309067281085e-11,2
"20623",0.696686512345431,0.000151136501475487,1.07392982798741e-05,0.303151457541685,1.54313128204777e-07,1
"20625",3.93056151601065e-05,0.000514019032600156,0.996138085391576,1.18924376420609e-08,0.00330857806822606,3
"20627",0.0147812233514999,0.98471937174625,0.000496053242379076,3.58710892990863e-18,3.35165987064675e-06,2
"20629",0.0105918183659316,0.983383610772496,0.00602454890273627,4.49057724489502e-10,2.15097779617941e-08,2
"20631",0.228702353081248,0.771120834716821,0.000176812201931013,5.76944278310144e-27,1.48623168048762e-34,2
"20633",0.00836355050009938,6.13402624371044e-15,6.80090145801713e-08,0.991636381387579,1.03300659728703e-10,4
"20636",0.844618449002787,0.00669704699773726,0.136268068288806,1.99133450214128e-05,0.0123965223656481,1
"20638",0.0441346815116415,0.144246447481339,0.811618849117701,1.34963494601312e-30,2.18893179057684e-08,3
"20640",2.30301966993634e-05,0.714530686830052,0.285446282973248,3.25595186195031e-40,1.11902018689071e-18,2
"20645",0.00296708174073323,0.978365465010163,0.0186674532491036,2.18683180951265e-47,3.41067676639684e-39,2
"20647",0.0352670417894494,3.37216069659846e-13,1.92592673971024e-05,0.964713698942815,1.43256632527045e-15,4
"20649",0.000150427847594634,0.83064997281706,0.169199599334748,4.86141234524425e-21,5.97097586395561e-13,2
"20651",0.999802083765001,0.000195120953665018,2.79528133365056e-06,8.29211062606478e-34,1.95314261599678e-47,1
"20656",4.04974353346174e-05,0.164007226834041,0.835952275730624,4.67254040815633e-37,4.72405299439429e-28,3
"20660",1.37164447104077e-06,1.19331789559866e-05,0.999986695176573,2.49093605515479e-50,8.05645022576831e-26,3
"20662",0.97395084137326,4.69261276678208e-08,8.50532335683368e-08,0.0260487868786722,2.39768706461997e-07,1
"20664",0.995719643790114,0.00427897755515097,1.37865282790059e-06,1.90727790881177e-12,8.87833858702671e-21,1
"20666",3.32462037826284e-09,0.000287682407961924,0.999655505994487,1.93657453784459e-28,5.68082729305466e-05,3
"20668",0.000894236291018171,0.000358041134160533,1.87107103662219e-06,0.000422067418677907,0.998323784085107,5
"20670",0.955184361875912,0.0448075797841796,8.05833990830961e-06,2.53206283492462e-40,1.63399981297157e-27,1
"20672",0.000137301535710629,0.000192489406357194,0.000534077345306934,0.359873964751872,0.639262166960753,5
"20674",0.111107112307914,0.888863008766406,2.98304483090215e-05,6.06241376017262e-15,4.84773649493705e-08,2
"20676",0.774098880205166,4.47838693603879e-10,0.00130373313931623,1.47289609515099e-05,0.224582657246727,1
"20678",0.731314657828115,8.15840768887945e-12,2.78685147762134e-07,0.000378721701677018,0.268306341776901,1
"20680",0.00111303239405015,0.0312600677559171,0.000206765006992214,0.00689326103796806,0.960526873805072,5
"20682",0.523238049304684,0.228055060390675,0.000607849454770863,5.72452341637003e-11,0.248099040792625,1
"20684",0.983630809268747,0.0162762471309487,9.29436001496164e-05,2.01031098709321e-32,1.54483675083393e-13,1
"20686",0.000150992335848349,2.74698599536842e-07,3.57368745142047e-06,0.999067414258992,0.000777745019109023,4
"20688",0.998240485791107,2.43639664887404e-16,1.72208675921408e-07,0.001747765136803,1.1576863413792e-05,1
"20690",2.50343210025452e-06,0.0032495400734154,0.996747956494484,1.30029417150098e-50,1.83066082308912e-22,3
"20692",0.0304021048971887,1.19297593023376e-17,6.47510605334890e-09,0.969597883961298,4.66640735027677e-09,4
"20694",0.000103410414012403,0.000715592828302998,0.000176420096803112,4.41864823064689e-07,0.999004134796058,5
"20696",0.0798647693820843,0.0291084140707847,4.87107438951714e-05,3.13295696601656e-06,0.89097497284627,5
"20698",0.174510726163489,0.458607435201258,0.366881838632258,6.07196753489832e-13,2.38796133402704e-12,2
"20700",0.997462846792051,0.00246708404793669,7.00691585797103e-05,1.43307014211414e-12,2.57790296956502e-22,1
"20702",2.69821503347258e-05,0.00850144022013316,0.991471577629532,2.70116777792392e-53,4.13555324571919e-35,3
"20704",0.00198188212948954,0.994404751059093,0.00361317534938663,1.61750730194032e-15,1.91462029670451e-07,2
"20706",0.999403024507713,0.000166809415996977,0.000430165729078407,1.74539041327791e-13,3.47037190520957e-10,1
"20708",0.130666392121496,5.49078079022954e-08,1.07366268448988e-06,1.59390917564828e-08,0.86933246336892,5
"20710",2.20531052734165e-05,0.430424046207989,0.569553900683465,7.89875276017478e-34,3.27244813712605e-12,3
"20714",0.0681722278828242,7.33322605986002e-06,6.31795076345958e-06,0.931785348024434,2.87729159189069e-05,4
"20716",0.0657118199428962,0.933772688393928,0.000515491658593945,2.5533904829897e-25,4.58161725228077e-12,2
"20719",0.997176101295921,0.00268671802029396,0.000137180556819373,7.37458486833471e-22,1.26965425260618e-10,1
"20721",0.101474261792198,0.898439104452198,8.66337556041474e-05,1.27753288610802e-28,3.21694042133047e-36,2
"20723",0.999996236199634,8.36699637721067e-07,2.92710072812806e-06,3.05664890606027e-30,2.22256220704235e-19,1
"20725",3.28286602735565e-06,0.0279168960086857,0.000650031969464222,2.84422271161207e-09,0.9714297863116,5
"20727",0.445321854500971,1.74650088201907e-13,0.554547525460185,0.000130618332989755,1.70567934394557e-09,3
"20729",4.61852237058742e-05,4.34201891260948e-05,2.36963921281568e-05,2.59969619105528e-12,0.99988669819244,5
"20731",7.69031186463068e-07,0.00210961758310017,0.00125552323233443,2.803647304341e-11,0.996634090125342,5
"20733",0.0351287827596226,0.880151085437055,0.0847201256644578,5.65565946832912e-27,6.13886493997977e-09,2
"20735",0.000377005200906745,0.982602732575205,0.0168708245008587,4.28120541695476e-20,0.000149437723029707,2
"20737",0.00618760268742861,7.05774039946255e-07,1.63176136857374e-07,2.24675589217816e-05,0.993789060803473,5
"20739",0.00348806604717686,2.90696417072269e-14,2.96373529310821e-06,0.996508768341411,2.0187608975792e-07,4
"20741",0.000736643910379876,0.132918656372602,0.00059638733123494,0.000470421898181638,0.865277890487601,5
"20743",0.0306316172818857,0.28768634820263,0.000739394030797286,2.34654019017739e-08,0.680942617019285,5
"20745",0.00797477681718177,0.989989234340352,0.00203598884246632,3.84717599499405e-33,3.4706382745246e-32,2
"20747",0.000641723931438467,8.88081604703972e-05,0.000519391014118637,4.88471137290843e-06,0.9987451921826,5
"20749",0.000748607050075188,0.000107977904688016,0.00239683285979775,0.000290349815736366,0.996456232369703,5
"20751",6.5729901595355e-06,0.000196040952340632,0.951428163056583,1.06191359162477e-21,0.0483692230009173,3
"20753",0.000410683151046581,0.00530739153902098,0.00109739795354513,3.02738232854428e-16,0.993184527356387,5
"20755",0.999350680750109,3.44884689200254e-12,2.77460386499184e-07,4.40607721737335e-13,0.000649041785615094,1
"20757",0.99999916885075,5.10595663771748e-08,7.79807597376863e-07,2.81806197180163e-10,2.79727732691032e-13,1
"20759",0.761957181111637,0.238042447535364,3.71352995923261e-07,3.10800995409535e-15,2.89743724765754e-24,1
"20761",0.000710645029099492,0.669591227524962,0.000164949733442519,1.02989260150007e-06,0.329532147819895,2
"20763",0.0343876023885687,0.643913649306615,0.321689695806705,1.28979578438349e-11,9.05248521366419e-06,2
"20765",2.77438152509778e-05,0.0469445837133996,0.00083796749215694,0.00467886004428716,0.947510844934905,5
"20767",0.2254113517086,0.774539319205414,4.93290851719605e-05,5.79250606660626e-27,8.14597221053058e-13,2
"20769",0.00134249215654629,0.0138632405828789,0.984794267260575,1.07347581204666e-60,2.0222336581291e-18,3
"20771",0.0828858331804719,0.908932467060537,1.37989029877892e-06,0.00296882748047925,0.00521149238821353,2
"20773",0.999996450777012,6.89166388398067e-11,3.54915277090269e-06,3.85373577606086e-21,1.30088700635521e-12,1
"20775",0.00310442330949347,0.668752564553519,0.060841362389087,1.61509262001204e-15,0.267301649747899,2
"20777",3.36094847441208e-05,0.00013334361659593,0.999833046895814,1.97235886963419e-35,2.84582989401597e-12,3
"20779",1.14671772766314e-05,0.0268787601339408,0.000511649961982781,6.91851239936578e-15,0.972598122726793,5
"20781",5.6422824615665e-07,4.81004155431263e-25,0.999999435771754,4.3219102443803e-35,1.23874032173859e-30,3
"20783",0.0198374431122285,0.882967107668864,5.54075781154615e-05,0.00228612098170872,0.0948539206590828,2
"20785",0.9999930031501,2.04632544762514e-17,6.99684982999818e-06,7.00309111083691e-14,3.03338683406107e-16,1
"20787",0.0023617545811931,0.00192626674290308,2.11160123729084e-07,0.000380864299389261,0.995330903216391,5
"20789",0.00427257010031972,0.995564052470421,0.000138556868237278,1.18837397239864e-21,2.48205610218688e-05,2
"20791",0.000103874953566393,2.83989189406955e-05,2.16932866740241e-05,0.000166007757862817,0.999680025082956,5
"20793",0.00275355356627407,0.960552278957689,0.0343075639104937,4.2478387523475e-21,0.00238660356554294,2
"20795",0.00641639735026082,0.00259620136902456,6.39887462899342e-05,0.983586773955971,0.00733663857845373,4
"20797",5.93995317418827e-06,6.76466701113268e-20,0.999994059947968,9.88579020828655e-11,1.7722279151031e-20,3
"20800",1.93660935716785e-05,0.00133661780868425,0.00340623438822944,0.991297975128451,0.0039398065810636,4
"20802",0.000469256343792417,0.163106294070626,0.000611282635322731,0.0159612915017483,0.81985187544851,5
"20804",0.000957386316286026,4.06133050911092e-06,2.26865732553258e-06,2.00326115566296e-10,0.999036283495553,5
"20806",0.000608034495473022,4.94012173326089e-06,1.72391046414034e-05,0.881689291941244,0.117680494336908,4
"20808",0.012296366752596,0.987558587584934,0.000145045012487325,1.39923951084499e-27,6.49982401379503e-10,2
"20810",0.891233438108013,0.0236131844312921,0.000130069443168297,0.000192063589803811,0.0848312444277226,1
"20812",0.000357795603529381,0.0702843042729431,0.220078174668503,4.53395646834002e-06,0.709275191498557,5
"20814",0.229120718177266,1.40347481436073e-10,9.00447437772863e-07,3.05452307226598e-06,0.770875326711876,5
"20816",0.977621753249166,7.53161513312928e-05,0.0223029305995027,4.49440582304927e-56,1.32525653321085e-25,1
"20818",0.002039169007106,0.906949825156674,0.0232755594455619,4.52270773081226e-05,0.0676902193133501,2
"20820",0.0568297457587879,1.72594431506478e-14,2.02613635420972e-05,0.943149992877401,2.51850237120913e-13,4
"20822",0.00011137473761378,0.0591539558605371,0.000166254254527619,8.46596370537672e-06,0.940559949183616,5
"20824",0.999997691938608,7.59418533370393e-19,2.30806137261185e-06,1.31947191906127e-14,6.1769300503506e-15,1
"20826",0.000152237646090928,4.40252030570055e-09,1.74092090701364e-06,0.99982655249546,1.94645350214106e-05,4
"20828",0.00746740638491508,1.45974233472572e-13,2.52016856046838e-06,0.992530073436343,1.00353208526244e-11,4
"20830",0.000967067323537624,7.00484891640956e-05,8.30079297336269e-05,1.30859965140126e-09,0.998879874948965,5
