"","V1","V2","V3","V4","V5","V6","best$classification"
"19812",0.000308814047147272,2.00684750313984e-18,0.00189024458434038,0.00245050820760445,0.0340380497631673,0.96131238339774,6
"19814",0.000208502293962061,0.0018583876922798,4.90770355362831e-06,1.22520727542271e-05,0.855298526412415,0.142617423825035,5
"19816",0.00757607151747148,3.08166687021066e-20,0.8057760564598,2.27726690293266e-09,3.18824172975671e-11,0.186647869713579,3
"19818",0.00300121054115084,1.41849550182937e-05,0.00255605647967807,3.77270513338959e-07,0.0113286805499354,0.983099490203704,6
"19820",0.00898678268592886,2.27127513399691e-51,0.990989562382692,1.15499162900547e-06,1.07399364495062e-54,2.24999397501058e-05,3
"19822",0.969501580682699,2.18047800016263e-43,0.00449615857813371,0.0259670544121655,1.90849255117811e-63,3.52063270012794e-05,1
"19824",0.849010282935666,1.03631149059253e-15,0.150896676474832,1.9209244148208e-10,2.16582653142574e-26,9.30403974082129e-05,1
"19826",0.0769604756589173,2.33720225226955e-12,2.41096813023739e-05,1.15294647611987e-06,0.124841053402417,0.79817320830855,6
"19828",0.00167744074797202,4.59670231387063e-26,0.961200567979378,3.15671410302084e-05,1.37467523856298e-25,0.0370904241316201,3
"19830",0.00615873946780589,4.05351655418757e-13,1.00003743721288e-11,0.00471055576965796,0.0375251248263528,0.951605579925778,6
"19832",0.000216163228101546,1.24796032364079e-39,0.00955102447030179,0.893147346690385,5.95028090144526e-12,0.0970854656052611,4
"19834",0.0129843884864641,3.75778273378238e-22,0.129232766668349,4.38286708560544e-05,1.04613297651346e-16,0.85773901617433,6
"19836",0.0203813386170501,6.25898923009301e-29,0.00178667186945248,7.68393743674809e-06,5.55865405602493e-07,0.977823749710655,6
"19838",1.54854318916637e-06,1.8296784683642e-08,3.74254099262578e-12,0.000151700990452598,0.979715877987811,0.0201308541780196,5
"19840",0.0717193832738654,1.37694686002752e-27,0.123258611755295,1.45698007511846e-08,2.02258383919794e-10,0.805021990198781,6
"19842",0.135235311782096,1.50326698326762e-14,1.33935828101585e-23,7.58537581561242e-07,0.864642097667294,0.000121832013013424,5
"19844",0.263167533390396,0.736832461125708,8.68431175781953e-19,5.48262193344856e-09,5.5605580274056e-23,1.27425323336528e-12,2
"19846",0.000929518019531063,0.0752402577398468,3.60606177650054e-18,3.99867134756743e-08,0.923170387440989,0.000659796812919862,5
"19848",0.000206090993537459,0.977152935603945,6.72294807038538e-16,6.15230070350369e-07,0.0208753851337648,0.00176497303868144,2
"19850",0.0177573047405699,0.00187408871758286,1.3010428940564e-10,1.98342242740893e-06,0.940832356585175,0.0395342664041403,5
"19852",0.00994569499380946,4.31046191136648e-10,0.441781227857377,5.54918830352105e-07,2.38397320288057e-05,0.548248682066908,6
"19854",8.57436057466782e-05,0.976609474503992,4.42391509903818e-15,1.22282659369395e-05,0.0186762685495139,0.00461628507480624,2
"19856",0.996699979165455,0.0028069916610252,6.49351243673314e-15,7.37516940136969e-07,9.70969387629078e-13,0.000492291655602541,1
"19858",0.999978534698788,1.37307113549802e-05,3.46485322371121e-07,5.63633753186173e-07,2.15134751885716e-22,6.82447078148215e-06,1
"19860",0.0247429122964948,4.85410650995967e-16,0.320341785738084,1.10075765921371e-06,0.000564570335334721,0.654349630872426,6
"19862",0.000344838761151636,1.94892048695807e-09,3.89117299915137e-20,1.3403173803507e-07,0.999384975935457,0.000270049322732456,5
"19864",0.999999993975286,5.40503971236275e-35,8.82007816389904e-24,6.02421336711244e-09,6.80354668524302e-27,5.00995471043855e-13,1
"19866",0.574955657930051,5.09245174960951e-31,0.0757939579326888,2.95364397786492e-11,4.42942739950027e-18,0.349250384107724,1
"19868",1.21665186629681e-09,5.5377216988362e-45,3.87070240085422e-29,0.999999998783218,1.16147588587564e-44,1.29891868704869e-13,4
"19870",0.00097219650378083,4.59817983611017e-07,5.30881463692037e-10,2.87612569238414e-07,0.928665647355866,0.0703614081789191,5
"19873",0.0670277283764044,3.44439860987985e-10,0.000552686869853201,1.56707825901989e-09,0.0181645208581191,0.914255061984105,6
"19875",0.00827943192914759,2.75575613722341e-34,0.965154801810017,2.14278858362451e-05,1.54312724752464e-16,0.0265443383749991,3
"19877",0.00648484851238528,3.42546065875155e-06,7.22273866197552e-05,1.07507332628275e-05,0.177547007948873,0.815881739958201,6
"19879",0.00349280032362159,2.1794165286902e-08,0.000934168911663496,7.27704132231117e-06,1.43736024977961e-08,0.995565717555625,6
"19881",0.0999950679465597,2.29301426401322e-09,2.59371082660745e-07,4.4741276835332e-08,0.000326309487604282,0.899678316160462,6
"19883",0.109862739684988,1.33908756169658e-11,3.35515084520817e-09,6.31527362498729e-09,0.602118043600688,0.288019207030508,5
"19899",0.0134713215785506,1.40194175857728e-26,1.29360029417942e-05,0.000709886364959809,1.7773890602403e-10,0.985805855875809,6
"19908",0.99999957513349,9.94084863692181e-34,2.53214412157345e-17,3.52535902910611e-07,9.27290804392435e-33,7.23306068685329e-08,1
"19910",0.00584664893001095,2.36087731410173e-08,0.102638020816812,2.38880724592119e-07,0.000785313415058792,0.89072975434862,6
"19912",0.0416699591136136,5.21352335089624e-10,6.41044567839917e-23,1.41591736885604e-07,0.956858695531632,0.00147120324166483,5
"19914",0.0199876052063983,3.85945951830909e-11,0.0062752944410138,8.74926016829354e-05,2.27217497870985e-08,0.973649584990561,6
"19916",0.999992710816879,1.25987885683937e-27,7.2269668345364e-06,1.97717647072719e-10,2.72966345587652e-34,6.20185692521411e-08,1
"19918",0.0117464567265704,0.12878671167004,2.36573853602961e-09,1.02324522624806e-09,0.781285302871417,0.0781815253429892,5
"19920",0.00242080211515069,0.992914022538725,1.82336403219216e-14,4.70672393693229e-09,0.00378787090864687,0.000877299730735563,2
"19922",4.48643581366389e-10,8.36680480893084e-36,2.77720242111456e-07,0.999989438269196,7.85756799361474e-13,1.02835611330854e-05,4
"19924",0.010418175593177,0.0183819295377578,6.05167901264014e-06,7.50046692475492e-06,0.0237156453377775,0.94747069738535,6
"19926",0.00485556447658496,1.39183924857768e-32,1.26476610717803e-05,0.00931744469099162,8.36074070563397e-13,0.985814343170516,6
"19928",0.999999821356052,4.94031839841994e-32,1.0002192083668e-37,1.78643948119999e-07,7.8212979342877e-23,4.79902404628417e-19,1
"19930",4.10070196330903e-05,1.32014028766475e-09,1.02620273634009e-06,3.43509763331096e-06,0.955612538119803,0.044341992240054,5
"19932",3.11204479713566e-06,1.59817159696406e-05,1.62525051434529e-12,7.48483496915792e-06,0.995309288703798,0.00466413269884042,5
"19934",0.0127583105143688,5.68099745198017e-16,0.388676295007906,6.4907210802347e-05,1.04347497982743e-15,0.598500487266922,6
"19936",0.00164463167922687,4.87080738110638e-14,5.84675472439402e-06,0.0123505797333632,0.0038746838438874,0.982124257988749,6
"19938",0.669324586119459,3.99085776417952e-21,0.00527848315738296,0.00037754704905598,3.02079684126482e-34,0.325019383674103,1
"19940",0.0148711168309151,5.67318697919271e-08,0.000400356957249035,1.72571333471578e-08,0.00349864132575452,0.981229810897078,6
"19942",0.999999998477683,3.32464253709704e-30,1.54998277779422e-26,1.30916680658147e-09,5.98028537628181e-15,2.13144392366004e-10,1
"19944",0.0321676808590298,5.95955139861749e-12,0.11447417913777,2.30189254881241e-07,3.03195659492552e-06,0.853354877851391,6
"19946",0.054649606850759,3.29427759429456e-05,0.0284420820642353,8.84294397225563e-08,0.00111046679183498,0.915764813087788,6
"19948",0.999999998567807,2.03179420396424e-23,4.02097217475298e-24,1.88728555504771e-11,1.35397723976239e-09,5.93428746052694e-11,1
"19950",0.00136553596455636,0.998633681768589,3.73725655468475e-21,2.2742413852445e-07,3.06180510780517e-09,5.51780911511485e-07,2
"19952",0.999999998567807,2.03179420396424e-23,4.02097217475298e-24,1.88728555504771e-11,1.35397723976239e-09,5.93428746052694e-11,1
"19954",1.60916727359185e-05,1.98262805044568e-06,1.51811638096169e-09,1.13394267215139e-06,0.988713898405323,0.0112668918331023,5
"19956",0.998827749636343,1.9563137082613e-07,4.52385265232635e-27,0.00108064523202535,6.04994821750237e-05,3.09100180856726e-05,1
"19958",2.09319627157679e-11,1.25969771924209e-37,9.90382027990597e-19,0.999999999979068,9.31345737928876e-32,3.57761727023757e-16,4
"19962",0.880781481192457,1.73309472888523e-06,8.41045566520051e-06,6.59035627378775e-05,1.19393035067512e-09,0.11914247050048,1
"19964",0.0320130932738965,1.38407554028201e-08,9.38031077876465e-06,1.10066684698247e-05,7.2231957901329e-06,0.967959282710309,6
"19966",0.847339621879125,1.63364407486005e-47,0.00476040575108548,2.2119575115939e-06,1.82797377458299e-37,0.147897760412278,1
"19969",0.0388134898753872,6.98813900307315e-17,9.01432809669167e-09,8.54645204955115e-08,0.270848016159312,0.690338399486452,6
"19972",0.717919595132705,0.00880224286374039,4.04595944745055e-13,1.96445962563169e-07,0.151479571993528,0.12179839356366,1
"19974",0.0153698821927529,0.956576724582743,3.392450407656e-27,7.87913043837417e-10,0.0280531107825752,2.81654015612605e-07,2
"19976",0.0315450630299639,0.0013262940984288,8.50890781847622e-05,7.07829649915745e-08,0.02599987377103,0.941043609239428,6
"19978",0.0143535507851381,2.1320888957665e-12,0.423301768633327,6.33188024917349e-09,2.57594160760366e-06,0.562342098305915,6
"19980",7.13965702794242e-05,0.92854358173267,8.80825480576069e-17,9.18967285249266e-07,0.0704072766573647,0.000976826072400657,2
"19982",0.127359409539212,0.727122713025934,2.90989615496818e-13,0.0121649203397501,0.000265893019663476,0.133087064075149,2
"19984",0.0382941936451929,0.961704935064075,5.59564237464913e-16,3.36145742590873e-09,1.28863951757381e-12,8.67927985111566e-07,2
"19986",0.112035652437042,1.82197078191079e-44,0.881566788426782,1.65694242245439e-06,3.01329156369162e-42,0.00639590219375418,3
"19988",0.0301606719668229,4.13227922579832e-57,0.969807530988224,2.12868980927254e-05,2.71619413787159e-60,1.05101468604189e-05,3
"19992",0.0244441449185114,4.78683934435363e-35,0.97537198866655,1.91810285107715e-06,3.84732959622996e-42,0.000181948312087178,3
"19994",1.02234003650335e-05,5.79160599520435e-11,1.05357637544316e-06,5.86726645881731e-05,0.957844716025851,0.0420853342749046,5
"19996",0.00919877230771127,1.13659059082378e-30,0.988545540691858,4.61202966915586e-07,1.48451537058739e-35,0.00225522579746438,3
"19998",0.989988519672316,7.8668715173088e-18,1.29736350249986e-11,1.59649912404899e-09,1.31059643042828e-12,0.0100114787169004,1
"20000",0.000862044772098246,5.62430376000984e-24,1.52405162333105e-19,0.952364497204195,2.63410472367239e-05,0.0467471169764702,4
"20003",0.000428543931096566,1.26626599258265e-22,5.81268706307379e-05,0.000833812747541257,0.0124477738899539,0.986231742560778,6
"20005",0.000625253510002482,0.998898422023864,4.68983059659588e-19,8.76313333527001e-08,0.000236597459610031,0.00023963937518995,2
"20007",0.0252770847615902,5.10135369996097e-18,0.00558616250429807,1.78777241071866e-06,1.54382641962876e-10,0.969134964807318,6
"20009",0.999548839855261,1.51240527172734e-21,0.000181182081743154,1.66705484883931e-07,2.98175882940481e-36,0.000269811357511506,1
"20011",0.185294327097601,0.00030302823132903,1.08560217044505e-09,7.10965773066345e-08,0.0147522758537404,0.79965029663515,6
"20013",0.00503394540676186,0.23579905438086,1.14436441994604e-08,8.45176390414202e-06,0.456903749989741,0.302254787015089,5
"20016",0.91548711149627,1.39293411794395e-32,0.0842745264607257,3.72347326916574e-06,6.90042936908317e-49,0.000234638569735524,1
"20018",5.59428520764465e-06,2.92340696887372e-97,9.07259946927898e-08,0.999994314988798,1.69374353762815e-96,2.91725815717044e-22,4
"20021",0.00295018189277829,5.42602596947379e-36,0.9804561003778,3.93268346785683e-06,1.34362265540246e-14,0.0165897850459411,3
"20023",0.0916795169306133,7.05309329747254e-12,0.149045517612956,5.52785648269253e-05,1.4604377522094e-10,0.759219686738507,6
"20025",0.111159954685946,5.67690241179164e-79,0.00403379610603851,0.884806249046263,3.754901667674e-56,1.61752772217688e-10,4
"20027",0.00922935572054354,1.34172549716448e-17,6.08576704458005e-16,4.17845486108553e-06,0.973935243050552,0.0168312227740427,5
"20029",0.0877492050472087,3.03779796483649e-09,2.6632632363983e-14,1.07876404538654e-08,0.842514150855935,0.0697366302713909,5
"20032",1.78342071313405e-05,1.66274839527134e-12,2.74603664653822e-13,9.2405321358705e-06,0.996213675023948,0.00375925023484781,5
"20034",0.999999136090606,1.02841409422806e-23,1.34514499410977e-19,8.60066644103722e-09,7.81550311141948e-07,7.37584161120435e-08,1
"20036",0.899527243838685,2.41562519020672e-10,6.31642753928059e-10,1.75604528237049e-05,1.10400969464084e-08,0.100455183795189,1
"20038",0.000877781563054161,3.35124205963978e-49,0.879237058128442,0.00196193525590773,1.43506142331857e-29,0.117923225052597,3
"20040",0.999335455386692,6.77481622710614e-44,0.000581433621858145,8.3110812578223e-05,1.75913207221821e-60,1.78871237139287e-10,1
"20043",0.0056269898827307,8.36172925144266e-28,0.976143257780716,0.000100015706060257,9.15490824572865e-19,0.0181297366304928,3
"20045",0.042698305475667,1.81007887502983e-44,0.95611080544681,0.00119075894572532,6.69756304162945e-63,1.30131797466427e-07,3
"20048",0.0101382913682068,0.989861615855706,1.14354702203211e-23,9.27640576916885e-08,1.67969523919842e-14,1.20124378520366e-11,2
"20051",0.123111663680331,4.08343511222622e-16,0.0248009892066658,0.00543924107920463,4.61772560799779e-09,0.846648101416072,6
"20053",0.47840172697882,3.34139863813751e-10,0.160288921397856,2.6378583172908e-09,3.6576775426072e-14,0.36130934865129,1
"20055",0.000184739568981138,1.5026833653725e-58,0.00265408669051237,0.162813224174185,5.52170108978488e-25,0.834347949566322,6
"20057",6.40102969094178e-13,6.51844533635566e-52,7.42236007726106e-43,0.99999999999936,9.92595544892252e-50,6.33760304511231e-28,4
"20059",0.585023393805689,9.4260216855812e-21,0.199049752096362,0.00103988924065738,6.9433843146305e-17,0.214886964857291,1
"20061",0.180270197994767,4.88274867346255e-21,0.270289312652085,3.38687199946649e-07,2.6063414118779e-10,0.549440150405313,6
"20063",0.999999822614733,4.63426689862477e-14,3.32671246403174e-16,1.77385220566105e-07,9.06125921048633e-52,3.13879842758159e-19,1
"20065",2.35432682284835e-06,2.72004601789781e-92,0.0494875779789934,0.95051003550449,2.32707701185905e-56,3.21896936186215e-08,4
"20067",0.185075582691373,8.91456482152565e-16,0.81244000079852,0.000682514869371754,3.83773529252981e-30,0.00180190164073515,3
"20069",5.44640753788857e-05,0.988134309274245,1.11234974834964e-16,1.21994317228101e-06,0.0112966613592056,0.000513345347997511,2
"20071",0.728255279515736,5.52158901148407e-27,6.22736473120487e-08,1.33996234699569e-06,3.46730493771991e-16,0.27174331824827,1
"20073",0.108081298289247,0.883935338665657,5.29596797848076e-09,6.02882193165028e-09,0.000123705370711231,0.00785964634959468,2
"20075",2.05704172484015e-12,4.38538879795399e-57,6.82291520894841e-23,0.999999999929463,9.89806205817369e-37,6.84800636792545e-11,4
"20077",0.0308206204279205,7.19229088035434e-14,0.807123406559544,1.58222778467939e-08,1.34990330322236e-14,0.162055957190172,3
"20079",0.999812563446809,9.2749980985812e-12,1.83831942731199e-06,5.5684527710256e-07,8.77601030943747e-19,0.000185041379211108,1
"20081",0.000189427423398769,1.03568115247344e-26,0.16414880077205,0.489864316412267,7.10739713025329e-22,0.345797455392284,4
"20083",0.999992437975257,6.2810202436785e-10,2.88150384775357e-18,5.03106143789712e-06,4.35359108396084e-23,2.53033520270405e-06,1
"20085",0.00726536292464192,1.13232231946822e-62,0.992608158616004,0.000121774083899139,1.65351528517017e-58,4.7043754552224e-06,3
"20088",0.0180687631173311,2.6527179826348e-32,0.969955538862757,4.12867739735959e-05,5.7933019626297e-25,0.0119344112459385,3
"20091",8.56817184603206e-09,1.34719555452743e-39,7.32423822628067e-08,0.999999714342468,6.37770875647056e-38,2.03846978174769e-07,4
"20095",0.999995371762697,4.22793052307282e-09,1.24465213439008e-14,4.88307519402644e-08,6.04129699532801e-24,4.57517860861539e-06,1
"20097",0.00747737112051823,2.757157250788e-66,0.990308310676103,0.00220787006140723,2.387584323336e-58,6.44814197091989e-06,3
"20099",0.999381585355066,5.34962861002083e-16,0.000270654411743501,1.17365941646905e-14,3.9488871367865e-24,0.000347760233177983,1
"20102",0.167303174685745,2.70304853197118e-10,2.479443592489e-12,0.832696812126526,3.31861717907809e-26,1.29149446475357e-08,4
"20105",0.0950847587635804,8.75742408627861e-22,0.896274969163275,2.06099595909834e-07,1.91065014742204e-22,0.00864006597354814,3
"20107",0.0160725644150637,2.90293149267735e-27,0.638920154230599,3.78804241463282e-07,1.23266067602197e-23,0.345006902550096,3
"20109",0.904516900143571,3.35185310595591e-05,0.0863830700623425,1.66348598941536e-10,1.04426808021912e-14,0.00906651109666806,1
"20111",8.64049239632867e-12,2.05081470931643e-23,4.32198138877805e-23,0.999999998812087,4.36493414623998e-14,1.17922907031771e-09,4
"20113",0.140419176149001,1.70297107015896e-35,0.0029771646385237,1.60807714918831e-07,4.163660859336e-17,0.85660349840476,6
"20115",0.00530178547229865,5.7979513166024e-18,2.31849622117484e-12,0.287339988563319,0.651825911092448,0.0555323148696167,5
"20117",0.000211058734756269,6.24688849631101e-61,7.0431173511929e-19,0.999788941132271,7.20143708222545e-49,1.32972398144493e-10,4
"20119",0.959586286197888,9.73803114246811e-50,0.0209762952130522,4.35631764381373e-09,4.65887997481985e-31,0.0194374142327422,1
"20121",0.0360009182517496,1.79303224623929e-34,0.874256617416439,7.83004379053615e-06,2.87510558964159e-29,0.0897346342880206,3
"20123",1.12022611647274e-07,3.47401310680171e-65,2.58775174333555e-07,0.999999574919379,9.87999595493619e-45,5.42828352600553e-08,4
"20125",0.000379125595815696,0.000200619426470905,4.42111582886166e-11,1.35372709114323e-05,0.987721947961292,0.0116847697012992,5
"20127",0.0113841443518689,1.19122613667021e-36,0.988603133703678,1.03098856948926e-05,2.74286135585367e-50,2.41205875783977e-06,3
"20140",0.00144813539213034,6.94871144632148e-44,3.46124567455479e-07,0.14643663081647,1.33530891587847e-18,0.852114887666832,6
"20142",0.000943344293204847,0.999002331774145,4.59445377506132e-20,5.66073352208114e-07,5.22192234604718e-05,1.53863583733232e-06,2
"20144",0.00190054281942626,1.01073938237514e-12,1.99314729993391e-15,0.917819920507088,0.0192916383531576,0.0609878983193156,4
"20146",0.964840555635438,1.06716812471815e-05,1.32645659525425e-10,0.000565531347241385,9.05187540379592e-07,0.0345823360158874,1
"20148",0.00797831303807578,8.92760445909362e-15,0.000189935681717001,3.65619426332801e-05,0.0851274562608536,0.906667733076711,6
"20150",0.0014050764637457,0.519690909357476,3.56503391590673e-22,4.4464283732011e-08,0.478831912187522,7.20575269724492e-05,2
"20152",0.00821680313006738,3.06256620470811e-10,0.000434583002032882,6.07153488206231e-05,0.0519826752380749,0.939305222974748,6
"20154",1.86441019073058e-05,9.25891204644884e-43,0.000117821597489839,0.999863533836693,3.57712726207947e-55,4.63909807597452e-10,4
"20156",0.759513033025632,1.46766193396081e-09,5.68082305610906e-05,0.000243367291827698,2.63501430639326e-14,0.240186789984291,1
"20159",0.00235321280857569,0.996664861959173,3.37097501378091e-17,3.13945132690519e-05,2.41922180029634e-07,0.000950288796802691,2
"20161",0.998996302564946,0.000992396531623357,9.56630108058369e-14,6.17021355626516e-06,1.05520607187549e-11,5.13067922648329e-06,1
"20163",0.00489867466159165,2.30863617740314e-32,0.000593726875016352,0.0520083208568291,1.41534983405342e-05,0.942485124108222,6
"20165",0.996856924672697,0.00312561456620856,1.23307923496849e-05,2.26205560372093e-07,1.88502630404576e-20,4.90376318472361e-06,1
"20167",0.00103314143152768,0.000238821391596696,4.448050814748e-05,2.51993500162906e-07,0.79723932919248,0.201443975482748,5
"20169",0.00150843756411099,0.998491494601253,5.75506258929091e-23,6.6942883017341e-08,2.56317439943459e-10,6.35435480026576e-10,2
"20171",0.000110915649353653,1.16928988913409e-47,3.82127146618961e-07,0.99988870222349,1.33567233060724e-69,9.91888304765849e-15,4
"20173",0.999999999990938,9.06104189969063e-16,4.78533079438973e-12,4.09566743271787e-12,4.34528786514084e-31,1.79910951077266e-13,1
"20175",0.0083154826537701,0.000148662340426915,3.11251593827541e-08,3.13046592942349e-05,0.375229153996561,0.616275365224788,6
"20177",0.987762829095491,6.55860187890193e-19,3.29897448897357e-05,4.77216668729913e-08,2.37073638734238e-21,0.0122041334379519,1
"20180",0.0106988491035492,1.08091087382449e-66,0.987612670609499,0.000513706621597759,2.17355168255583e-34,0.00117477366535417,3
"20182",0.15540300034295,5.98026199306165e-08,1.14693064164923e-46,0.84459693985443,1.11127066317787e-21,2.07924078622431e-21,4
"20184",0.00360139653232707,0.994337602252125,2.80754648545047e-12,1.93261249228084e-07,0.000175577685813724,0.001885230265678,2
"20187",0.999974268206858,1.46305209998169e-12,2.88299220805834e-11,1.18406134603021e-10,4.02876441347419e-12,2.57316404143711e-05,1
"20189",0.131530073168626,1.86802256722896e-25,0.61819677028565,1.88542310109512e-10,2.17145256195417e-11,0.250273156335467,3
"20192",0.694370610736714,9.31718088246738e-60,0.000160547802601889,0.305468841078523,2.97110554939493e-34,3.82160469734146e-10,1
"20194",0.999964139970579,6.49383623316754e-06,6.03628111799841e-23,4.01870354872162e-09,6.04921853044481e-07,2.87572526313272e-05,1
"20196",0.000465528501147165,2.70980465419387e-51,0.680226204227996,0.319248859369771,1.23948990494978e-46,5.94079010858161e-05,3
"20198",0.167818390726088,7.60977774218132e-14,0.000220891525714411,0.00943152080183797,3.23248075607821e-06,0.822525964465528,6
"20204",0.0002920337716567,0.181803582772794,7.79797740866871e-15,5.60764669071073e-05,0.813141462030081,0.00470684495855341,5
"20207",0.0360457688923806,7.73736341295537e-26,0.651845455580903,0.303530553379929,4.47517906073534e-39,0.0085782221467882,3
"20209",2.24170961627363e-07,1.11102803160839e-46,2.60142241229177e-20,0.999811164689945,4.73902218385228e-11,0.000188611091702926,4
"20211",2.51318843367215e-08,1.55516650382512e-50,6.44060947762462e-06,0.999991876942572,4.87815913154626e-35,1.65731606609868e-06,4
"20215",0.131011617009779,1.08010348841951e-30,0.710633894396544,1.49301543541941e-06,8.60082812956284e-20,0.158352995578242,3
"20218",0.000255361012286672,0.997447111737166,1.86717069679152e-18,3.53507265939347e-07,0.00227868021882488,1.84935244557121e-05,2
"20222",0.00792603152113861,3.95239266054512e-27,0.477834095901663,0.452627578612075,1.61116347593482e-26,0.0616122939651238,3
"20225",0.512895434691304,5.31410018068835e-12,3.13987047653176e-16,0.270772091629238,0.0242341975770802,0.192098276097063,1
"20229",0.339282150119199,2.87605147026971e-32,2.45328344263651e-09,0.00985857431066497,3.70841830837714e-13,0.650859273116481,6
"20232",0.00420902635796519,3.11490199114502e-23,0.000272843666553151,0.00148562009966801,5.62852016194915e-14,0.994032509875757,6
"20234",0.00269900311976009,1.2865800219425e-91,0.1988293349941,0.798471661885833,1.74945307970872e-80,3.06877750468308e-13,4
"20238",0.610009994526044,3.99863774822168e-27,0.347337460905135,6.24620863266171e-06,2.24316783247766e-26,0.0426462983601883,1
"20253",0.0503403708079163,1.91152950945793e-40,0.945305305242327,1.03966759308805e-06,1.12741849913436e-37,0.00435328428216388,3
"20255",2.04561693427668e-06,3.55709520782922e-10,3.74728794578522e-09,0.00159324318804448,0.922558242010277,0.0758464650817466,5
"20258",0.0046365188679537,1.28959261401734e-41,0.994454638101308,1.94518995692492e-06,3.02685135837895e-30,0.000906897840781405,3
"20269",0.106935643763226,4.0768719197277e-11,0.858753523851675,1.530960815708e-07,6.04082620710814e-16,0.0343106792482479,3
"20271",0.422617769604558,8.55020057314024e-50,0.576686062270056,2.01430766075574e-07,1.23016134713925e-32,0.000695966694620085,3
"20285",0.996378949410679,4.41766301848293e-15,9.14602180384265e-17,1.87162468615882e-06,5.44772219393597e-13,0.00361917896408616,1
"20288",0.0534236638663231,5.33508944954519e-26,0.0198420573926462,9.40219458846071e-06,2.87456006962938e-19,0.926724876546442,6
"20291",0.00444153278411261,5.56030093400822e-37,0.0453477243973075,0.939933609641168,1.81044933430743e-41,0.0102771331774118,4
"20295",0.998985236283508,2.3683459430944e-21,0.00100908383114884,1.41550073033691e-09,1.14347864895183e-17,5.67846984217505e-06,1
"20298",5.46602334081676e-05,6.83426119414571e-08,1.46222370952794e-13,6.07880422761194e-06,0.990762071980448,0.00917712063915778,5
"20302",0.134320839591795,0.823672130282229,1.55611428933706e-11,2.33009152067799e-06,0.000178669615850819,0.0418260304030429,2
"20305",0.000294284899139083,2.47986513618125e-13,1.09898182742996e-14,3.80042303324338e-06,0.989494258420744,0.0102076562568246,5
"20307",0.01816495116679,1.45820415031938e-35,0.966113008225975,0.000108042396456448,3.08446623002832e-36,0.0156139982107787,3
"20310",0.302099517358573,1.29376320915975e-63,0.697837903825347,6.2578040220526e-05,1.50847652798754e-67,7.75859920130486e-10,3
"20313",0.0426298710641727,0.957370079882912,5.29901549569701e-27,3.3126717349963e-08,5.60390787210412e-11,1.58701591460215e-08,2
"20315",0.0122531401148543,4.50843757167679e-35,0.341780918498971,9.8786044947284e-06,1.84608023246765e-29,0.64595606278168,6
"20319",0.00745086144399041,2.08882261601868e-60,0.0231055515515728,0.96943780169588,8.57576905722083e-45,5.78530855722713e-06,4
"20321",0.127878322241573,8.67853215638359e-35,0.872089670626867,1.04058186176509e-08,2.78275370169214e-35,3.19967257420286e-05,3
"20327",0.0164670137484074,1.3565626501748e-35,0.982500680218918,1.74778740604364e-09,4.678764703225e-32,0.00103230428488707,3
"20329",0.999999181211595,2.55945356516551e-09,1.84792827556019e-26,1.9817283822788e-11,8.0901333747843e-07,7.1957963420271e-09,1
"20335",0.00343262863420562,2.93824928636921e-38,0.945072843467942,0.0514857594013462,1.62285193470287e-47,8.76849650607098e-06,3
"20337",4.33471901353041e-05,0.999126299860736,8.47032476501864e-16,3.53477286826945e-06,0.000127744549439966,0.000699073626818829,2
"20339",0.00507119745371011,3.9098158843265e-57,2.60069817533495e-12,0.994926065089149,1.04887048098388e-25,2.73745454031476e-06,4
"20341",0.000867772777892977,6.65064785258404e-27,4.31910341680766e-07,0.999131783071849,1.75559123780919e-49,1.22399165132813e-08,4
"20343",0.914420214907738,3.23686885050151e-27,0.0852985563304339,0.000281154370643537,1.63109219592318e-50,7.43911841489743e-08,1
"20345",0.0103363125414243,6.65494792310972e-24,2.47512854885844e-07,0.000128341423613123,0.00178746068023875,0.987747637841869,6
"20350",0.901620624447734,4.5701938442281e-22,2.43889195850320e-12,0.098021020767219,4.03791154406312e-26,0.000358354782608204,1
"20352",0.00141784105036692,0.998582129098015,1.61841294957743e-18,1.54854884747263e-08,7.71485615385169e-10,1.35946441986751e-08,2
"20355",0.987931143341121,0.011538352271896,7.92479557935852e-11,0.000113705830872898,1.01169187118908e-12,0.000416798475850314,1
"20358",0.999025218252417,3.33801058125161e-08,2.30708603644795e-24,4.22051600068312e-11,0.000974259062746424,4.89262525650493e-07,1
"20363",0.0521028421345328,9.03505898736464e-31,0.947180248905022,7.00215275911192e-09,1.55165848931147e-27,0.000716901958292727,3
"20365",9.70561047641044e-07,9.77337228527578e-38,0.00524364693906741,0.901748987718783,1.00627410123211e-22,0.0930063947811017,4
"20379",0.000205398140717287,1.3321575024104e-07,5.46557429246894e-11,0.662872211043791,0.107366756103642,0.229555501441444,4
"20387",0.00442390678656426,3.69676480936631e-28,0.98431205024078,0.000265725513273493,2.45429585854697e-22,0.0109983174593826,3
"20392",1.2339031430045e-08,5.05281738568321e-66,0.000101756836812012,0.999898214663459,2.46019163906092e-41,1.616069816286e-08,4
"20395",0.0312958499293166,2.60927397375701e-06,0.000103752138293201,0.000275819594616198,0.217875388942345,0.750446580121456,6
"20397",0.999999603807104,3.96174016212716e-07,3.16467653177178e-41,1.88742268907301e-11,5.86620334865762e-15,1.11890851112543e-17,1
"20410",0.0091338023524757,8.23445639788357e-45,0.948569427088043,1.21640496516944e-05,9.69379258674497e-17,0.0422846065098294,3
"20414",0.0833005230403488,0.00538053426738895,1.41614991717051e-07,2.8166680550013e-06,0.667574859866369,0.243741124542847,5
"20417",0.0011540563792832,2.94108153090542e-113,5.45684917703584e-10,0.998845943075032,6.16683175162031e-108,2.84263649268137e-24,4
"20419",0.0159404281748122,1.11806792962666e-34,0.983849340947863,1.26102480638438e-12,1.11668256156271e-38,0.00021023087606403,3
"20421",0.0329499799888666,0.000264973842311577,6.69294125730291e-08,0.891076143168948,7.25943899053162e-07,0.0757081101265616,4
"20423",0.000944567094514142,0.066154981062704,4.56927556399895e-11,0.00215200131179812,0.873520566762109,0.0572278837231824,5
"20425",0.0323637356087335,0.0737535594265546,4.96023204691918e-11,0.00318539141885083,0.00583674224548134,0.884860571250777,6
"20427",0.0332789844925932,1.40912606595044e-18,0.0295459818071457,4.06502171770463e-06,0.000402090965155098,0.936768877713388,6
"20429",0.99815197757949,6.68778780467518e-30,0.00184723842570267,8.12220463342323e-08,1.78454663732812e-41,7.02772761509526e-07,1
"20432",0.256452086718865,0.0876378709723887,6.74551320289729e-14,2.81623979897363e-07,0.652686943877418,0.00322281680728091,5
"20435",0.367286776276876,1.7012713968931e-30,0.0395555615056816,0.00539206815600819,7.22319700666024e-10,0.587765593339114,6
"20438",0.147702353662796,3.58839011036524e-16,0.847181824399217,4.01912969587859e-10,2.50833828327051e-26,0.00511582153607426,3
"20440",0.0297008297144029,2.26957760800417e-24,0.965144593035606,9.44815092887014e-08,2.09418255210655e-34,0.00515448276848193,3
"20443",0.632168406997916,0.36779885875875,4.29028988922059e-14,4.90377689400981e-06,9.29672464404191e-15,2.78304663876925e-05,1
"20446",0.291686743062243,1.38241159427646e-14,4.36555068026795e-05,2.88040649568558e-05,1.41275894220871e-12,0.708240797364571,6
"20449",0.0380595599216346,3.29541575874833e-24,0.0286753044852784,0.000359117156582302,8.41275181918496e-14,0.93290601843642,6
"20537",0.0216241515267431,1.73406590960791e-26,0.645229054209876,0.330613795715425,1.28486291092585e-26,0.00253299854795562,3
"20540",6.68801121600626e-09,1.84664873349326e-69,0.000119269163058641,0.999880723765579,7.08318652117826e-49,3.83351589150702e-10,4
"20543",0.00668102561743877,1.5781191397411e-12,0.028121815163721,6.92535768150269e-05,2.38668357862399e-08,0.965127881773611,6
"20545",2.19564907245061e-09,2.84468480894242e-47,2.54669262850035e-06,0.99999744261432,5.43229241085979e-38,8.49740275091535e-09,4
"20549",0.000753111486937142,0.000440506228587938,0.00811812941460725,0.00282649096803713,0.00759980312338594,0.980261958778445,6
"20551",0.00551103924643607,2.32497788877478e-11,0.611382238612367,9.33307530220929e-05,1.49835337062581e-12,0.383013391363427,3
"20554",0.00242429936456127,4.11124319586537e-18,0.914270179672627,2.14359576142796e-06,3.90958139341887e-16,0.0833033773670499,3
"20556",0.000322598880247469,2.44307283813817e-18,2.82516548559416e-05,0.0339823898441947,9.55673205558524e-12,0.965666759611145,6
"20558",0.00386173682043678,3.52541683849571e-30,0.99213498794657,1.45184530353121e-05,2.44026072810751e-30,0.00398875677995787,3
"20560",0.0527912945184183,2.37193474087246e-08,0.862313931722936,5.37488249000286e-09,1.88885918877395e-12,0.0848947446625266,3
"20563",0.0100336784791744,6.09090841550838e-38,0.989959297543777,6.07280945392299e-06,2.82291703790149e-46,9.51167594688354e-07,3
"20565",0.461471337722295,1.02474056287288e-11,0.0540352613825328,8.13005108776643e-05,1.07777791490659e-14,0.484412100374036,6
"20567",0.0546945273755517,0.911216779291391,1.36156310039473e-14,9.50464380748827e-06,0.0320245250884189,0.00205466360081707,2
"20571",0.997959976957168,3.06280806216802e-44,3.67864584119258e-05,0.000586155813374921,6.93713156556562e-42,0.00141708077104511,1
"20573",0.0255467870013468,9.20824738192636e-12,0.37002627517949,2.62514894815271e-05,5.57879389560643e-14,0.604400686320418,6
"20575",0.211496406336123,6.49597667849072e-38,0.787701444706033,4.3591400025182e-09,4.63004238526785e-39,0.0008021445987041,3
"20577",0.00390701776256401,2.15980697241834e-20,0.000103626595782458,4.29676846353675e-05,2.32380707343614e-09,0.995946385633211,6
"20579",0.174360614192362,0.825639379756622,7.89633333876644e-30,4.64618011392699e-12,6.01348905694589e-09,3.28814064644586e-11,2
"20582",0.0125375305328427,8.18770659219827e-46,0.987405909346011,1.71677606439578e-06,5.36192763201613e-46,5.48433450817989e-05,3
"20585",1.10484605637498e-05,1.26572268941426e-42,0.0391831087756266,0.955277927332835,4.09744491200936e-19,0.00552791543097492,4
"20588",1.40083751303317e-05,1.91424468319125e-26,7.95783469557667e-11,0.999605680779198,2.74590623707205e-24,0.000380310766092974,4
"20590",0.00632219245990313,0.993297284282328,8.84850109816284e-27,3.82946051941599e-11,0.000380501946491218,2.12729826876458e-08,2
"20592",0.0161784609184631,8.87223812596043e-30,0.983711510448096,4.54649034215548e-08,2.08926760955363e-45,0.000109983168537485,3
"20594",0.00361867497493276,7.38510943070101e-54,0.996284813746644,1.22821986288161e-05,5.49074612513232e-45,8.42290797948208e-05,3
"20596",0.0997867130060844,7.59695415012259e-14,0.201794160262024,4.43477973342092e-10,5.49336168932471e-15,0.698419126288332,6
"20598",0.010442276914347,5.37570231881564e-16,0.68434525309255,1.18408829944094e-05,6.15764247045534e-12,0.305200629103951,3
"20600",0.000746727588807321,1.95408157917646e-14,0.000254545224285918,0.490213895091428,9.74024343430214e-12,0.508784832085719,6
"20603",0.00836068681824497,4.19674566772864e-07,4.64819641860374e-10,0.171651316991255,0.23432221568053,0.585665360370584,6
"20605",0.0132122821588898,8.41718636067731e-41,0.434477128853335,0.000107799224810377,2.47074046622229e-26,0.552202789762965,6
"20607",0.00913792776817008,5.27157180661061e-25,0.761221913409862,2.82027882882016e-08,1.33812761675715e-18,0.22964013061918,3
"20609",0.00250129621423685,2.36729964288926e-21,0.929454748855478,4.9886517812608e-06,1.56373963862149e-14,0.0680389662784878,3
"20611",0.000315985008522893,8.84584542826279e-07,1.8235972186339e-16,7.77801903032591e-07,0.99693403636032,0.00274831624471161,5
"20613",0.000525838658053555,2.30375809775559e-24,0.562306740907677,0.000684067933165434,4.48175582825261e-06,0.436478870745275,3
"20615",0.000743588314312929,1.92516185358128e-10,0.00242793422811638,0.00785267728818561,4.00177863785437e-08,0.988975759959082,6
"20617",0.015459192786373,0.984532378251315,1.1625619793859e-20,2.87865507167506e-06,7.97365015865076e-10,5.54950987554059e-06,2
"20619",0.0187052378302709,3.98281035372607e-27,0.979639236840979,1.15519930016214e-09,1.69087692510979e-39,0.00165552417355041,3
"20621",0.13462579976299,2.10310220387243e-15,0.0361587914212515,3.97876952887991e-05,3.69667696197081e-14,0.82917562112043,6
"20623",0.592927624823735,0.406878266939937,1.14629678932817e-08,4.19843322558593e-10,1.57438863042768e-08,0.000194080609631037,1
"20625",0.00166534396981331,2.14391459376475e-09,9.02597198183929e-13,0.85911756289682,0.000413218158864505,0.138803872829685,4
"20627",0.0133928529962389,1.01830705410295e-20,0.105948988865283,1.56855489614066e-05,7.36163641981861e-08,0.880642398973153,6
"20629",0.00699734839572833,2.31556757875716e-11,0.0302752892155566,0.000313056137243557,5.04257384090367e-11,0.96241430617789,6
"20631",0.0904096239379196,5.14161761248081e-32,0.909587672740268,1.42813136811595e-08,4.57745902114364e-45,2.68904049812875e-06,3
"20633",0.0060891832978633,0.993910816287642,8.52299651662023e-31,3.5938815662592e-10,2.57675223562359e-11,2.93386179883012e-11,2
"20636",0.680366388510601,5.99732515778415e-06,2.30456898653012e-15,9.27540437739536e-06,0.00616933938750186,0.313448999372359,1
"20638",0.324599258075611,4.25509224348179e-37,2.62284700750575e-06,0.00160293329992818,5.23513243588789e-12,0.673795185772218,6
"20640",3.82912800616869e-05,2.04518336907913e-47,0.53144483203137,0.358787727293138,5.1126302537153e-25,0.10972914939543,3
"20645",0.00576735922297895,2.32858815914847e-57,0.993950615649564,0.000276991556637369,2.04019729253638e-51,5.03357081956046e-06,3
"20647",0.0247592736501608,0.975240454499773,3.08623601876878e-24,2.7173363969927e-07,1.97793792608726e-17,1.16425931926362e-10,2
"20649",0.00372372484031793,2.43312819945805e-24,0.851729813126509,0.0613719743253887,6.84570355778024e-16,0.0831744877077837,3
"20651",0.9965069512088,1.1916741750918e-39,0.00349285802050604,1.25487623251977e-07,5.51288457164749e-62,6.52830706279729e-08,1
"20656",0.00321097331092422,1.19139999851473e-43,0.717754653352602,0.279030216087931,6.57336708418468e-34,4.15724854288863e-06,3
"20660",3.35477863973956e-07,3.26052675290724e-59,1.58802783171936e-08,0.999999594673212,5.48261673986705e-31,5.39686458734731e-08,4
"20662",0.983164265485658,0.0167356407071792,2.85375537815958e-20,5.19902091378634e-11,6.80703764226126e-09,0.000100086948134827,1
"20664",0.999797268701178,8.43639962786299e-14,0.000147947105661662,9.94994393111621e-11,3.86511418803076e-26,5.47840935759236e-05,1
"20666",9.34227970173257e-09,5.64189787677931e-33,1.24233254645643e-11,0.998680477131663,1.23549308151637e-05,0.00130715858281851,4
"20668",0.000810613117007338,0.00111241118499995,6.48429110486901e-13,7.08329103733385e-09,0.994536375371282,0.00354059324277117,5
"20670",0.989398588809455,7.124331969715e-48,0.01059903835205,3.17613195460553e-09,5.02057900593708e-35,2.36966236330356e-06,1
"20672",0.000178866626206671,0.355761585004372,7.02389679423145e-14,6.79545021546487e-05,0.6370648462994,0.00692674756779633,5
"20674",0.0529199502641138,4.30459590664218e-17,0.624047007886256,1.02777617566796e-09,8.61546138223731e-11,0.323033040735699,3
"20676",0.610439786462823,4.79806043477324e-06,3.71343747966563e-30,2.45874683311258e-05,0.389529742083748,1.08592466340719e-06,1
"20678",0.620542275419102,0.000259676459457749,4.98535498020377e-31,1.65001507974627e-09,0.379197956046814,9.04246107785787e-08,1
"20680",0.00288143545085474,0.0117695967857071,4.25486663914581e-07,4.74063705736872e-06,0.822307621471224,0.163036180168493,5
"20682",0.298576576314588,7.09569718677098e-12,2.83059098679625e-08,9.98900026443407e-07,0.0748096553868618,0.626612741085518,6
"20684",0.991791917618229,3.30669791071421e-38,0.000213793290663462,1.30063366430992e-07,2.2762271267951e-17,0.00799415902774056,1
"20686",0.000126659298008294,0.999593972069364,8.80789450917888e-18,1.17705315630942e-07,0.000261347695927148,1.79032313855466e-05,2
"20688",0.998569897753945,0.00142198828105605,1.08570439431806e-34,2.53410613196971e-10,8.11370788511179e-06,3.70296428056831e-12,1
"20690",7.88745637532824e-05,2.10305119057291e-60,1.27634971255786e-05,0.997179274026811,3.81544463021873e-29,0.00272908791230998,4
"20692",0.0218709669433478,0.978129031334977,7.64943177558461e-36,1.68740593864895e-11,1.70463946719568e-09,1.61912343024334e-13,2
"20694",0.000136012843007697,5.11496707180543e-07,5.79889361762805e-15,1.28488647102178e-06,0.996213552869838,0.00364863790396999,5
"20696",0.0238014397820071,1.31589022895114e-07,8.47686978352187e-11,3.1713265989219e-07,0.138897488728416,0.837300622683125,6
"20698",0.836809896901795,3.06276295206883e-15,0.0106150862498162,0.000111151262142608,5.23118155417232e-16,0.152463865586242,1
"20700",0.993418186620546,1.93105395393786e-13,0.00651755369674538,4.24425814050405e-09,1.15375496932092e-26,6.42554382575683e-05,1
"20702",4.99154498723167e-05,2.16615334979548e-63,0.00069662267243522,0.996446489763308,4.91275107595165e-48,0.00280697211438503,4
"20704",0.00352736139339148,5.5570381720122e-18,0.0360819894794009,2.36027528405021e-05,3.32716480258744e-09,0.960367043047202,6
"20706",0.983761731946302,7.51733905726084e-16,1.06924340860003e-11,1.56304859167622e-07,3.48700778467263e-13,0.0162381117377976,1
"20708",0.0638212485258083,1.60662319084512e-09,4.60676086075698e-23,1.86656851525198e-08,0.936165919611214,1.28115906697716e-05,5
"20710",0.000780722055185781,4.26166745997784e-40,0.0515549451395979,0.352630218380697,1.06317300022235e-16,0.595034114424519,6
