"","V1","V2","V3","V4","V5","V6","best$classification"
"19811",0.00251590607475427,0.062521283862285,1.74064244989827e-06,0.00126477954484774,5.56058185840456e-18,0.933696289875663,6
"19813",0.000671900330614885,0.999328099638869,1.24333687706916e-30,3.05156548029973e-11,6.86024238523064e-33,1.6071529593126e-16,2
"19815",0.0027949439256742,0.00155441000965048,8.52513070309102e-20,0.187387483656276,8.85668045844998e-05,0.808174595603815,6
"19817",9.64008140702614e-05,0.00113534542250028,2.16536105953588e-07,0.0193914702213058,4.32187575519713e-08,0.97937652378726,6
"19819",0.00136061732380009,2.22551586014752e-12,5.39084964611772e-40,0.00076510555161598,0.997874277122358,8.37220355819652e-45,5
"19821",0.705160273579892,0.170017595775173,7.05389248814512e-06,0.0390022044230254,3.21958194950172e-14,0.0858128723293895,1
"19823",0.946939586505406,0.0529909428143571,3.68437694487676e-26,4.79707351522275e-05,1.55899552904972e-05,5.90998979412371e-06,1
"19825",0.999988271109801,1.01716381542932e-05,3.00943502228472e-14,1.55725201501147e-06,6.49258791287459e-24,3.8751107790785e-45,1
"19827",0.0180682330711304,0.00340859791286882,0.704005445215586,0.0236696975453219,5.38405277320467e-08,0.250847972414565,3
"19829",0.00328496313890543,1.15789384326551e-08,1.25229826460337e-10,0.996173604931968,0.000541420224957757,6.65251643714534e-23,4
"19831",0.0224543811267051,2.44449668777189e-06,3.44994969533046e-53,0.0252071728285373,0.95233600154807,1.56312302795096e-33,5
"19833",0.00670764404865283,0.993292355951347,1.04091428345657e-70,2.03341162082183e-21,3.05943511358185e-20,4.81094187499871e-96,2
"19835",0.705160273579892,0.170017595775173,7.05389248814512e-06,0.0390022044230254,3.21958194950172e-14,0.0858128723293895,1
"19837",0.00055021043037072,8.38773477906031e-05,0.0699392776695235,0.0239790656083356,2.01715900931439e-07,0.905447367228079,6
"19839",0.0299054078729665,0.027714497598318,5.48366233953522e-07,0.942379478693722,6.74687591833265e-08,3.48987245717986e-22,4
"19841",0.0431259444677625,0.013570002272546,0.94330405315937,1.00321544464902e-10,3.92436759100962e-31,2.19239859062078e-32,3
"19843",0.977237097400551,3.57270292567553e-05,1.45664560634983e-53,0.0227271623858834,1.31843088752818e-08,2.59206859404176e-47,1
"19845",0.00122659118815653,0.97819486804667,2.32279439194425e-28,1.71036631387207e-08,9.43852194768908e-29,0.02057852366151,2
"19847",0.0818463325787545,0.021837050236393,1.42238516068709e-24,0.315541929443901,1.45576285084664e-08,0.580774673183323,6
"19849",3.50681217103787e-05,0.999964931874061,5.48655618849507e-29,9.69147773580665e-14,2.53773645886974e-38,4.13134239533783e-12,2
"19851",0.000893086480306924,0.000934255622099411,3.0350003191437e-10,0.0021335614340033,1.9216169314719e-10,0.996039095967929,6
"19853",0.0014451455300531,0.998410928204582,1.09289284383551e-21,3.02032667872083e-11,9.50795706607878e-25,0.000143926235161577,2
"19855",0.00605207145886676,0.0426165578039415,3.02797020948536e-07,5.27033550986966e-05,9.27555353968967e-17,0.951278364585072,6
"19857",0.0165037531772838,0.125196311297129,5.87393947357746e-06,0.267484406793158,1.46202161960637e-09,0.590809653330934,6
"19859",0.000283488776330468,0.0170882607278826,1.45281801654229e-05,0.113321625750725,1.0004669418236e-06,0.869291096097955,6
"19861",0.00370938505885562,0.0545490034375466,4.30496782077669e-14,6.123009627355e-05,4.37067543125954e-19,0.941680381407281,6
"19863",5.56856059143741e-07,0.999999431287261,1.18566800105453e-08,6.77414279100747e-19,2.2204242030772e-55,2.99230826495815e-25,2
"19865",0.000336774550828961,0.00123536417138535,0.998414899102502,7.98904870937813e-07,1.63653622330765e-22,1.2163270412723e-05,3
"19867",0.0174327213203902,0.00176628105282193,7.37564886439975e-28,0.00809044809280892,1.70858508100454e-11,0.972710549516893,6
"19869",0.000127904563624628,0.999869477483274,1.09319516685538e-10,8.61085851870918e-12,4.96292761778496e-37,2.6178351709666e-06,2
"19871",0.000276980660775296,0.00125520608213101,0.00305507525412035,0.114537445367985,3.24792466321041e-05,0.880842813388356,6
"19874",0.00162136243315431,0.0257438768564102,0.00409924534791007,0.000295462479046907,1.06198690945332e-16,0.968240052883478,6
"19876",8.19958762369408e-05,0.000731973710375946,0.000121072349452838,7.23984472657924e-07,1.63408425683577e-22,0.999064234079462,6
"19878",0.0436909890211364,0.0205369406490065,1.14501901957379e-27,0.935772052955956,1.73739013160046e-08,2.1087936867612e-24,4
"19880",4.133671326512e-06,0.000752162620168069,0.999243669284476,1.12304663850815e-11,7.51490362282478e-32,3.44127991440948e-08,3
"19882",0.00217279718041392,0.995509761630599,6.11868194751121e-17,1.23912888875326e-06,6.8949290120702e-26,0.00231620206009859,2
"19885",0.000103466465162265,0.000575700257669432,7.02023864876558e-08,0.194657705228278,0.000309668057855427,0.804353389788649,6
"19907",0.226665481964606,0.303680850208257,2.02471958001544e-23,0.00362800237937107,2.71398794834903e-16,0.466025665447766,6
"19909",0.000918108723758687,7.45462281298594e-09,1.60385837021229e-24,0.917396050487143,0.0816858333305396,3.93626251076901e-12,4
"19911",0.00573868192306456,0.000178365387978936,1.16414127927381e-08,0.993662781360516,0.000420159687027946,5.64980629900413e-17,4
"19913",1.47581088159019e-05,0.000232516406722326,0.999752725484106,3.55568218306601e-13,3.11047328278028e-31,2.57749284490366e-20,3
"19915",0.00017514767481983,0.000964451009076721,0.968028458052359,6.38370080019267e-05,6.74362793707871e-15,0.0307681062557356,3
"19917",0.000467495731612897,0.0235885401591947,0.975511444216926,0.000430908447192746,1.02907741446852e-14,1.61144506307285e-06,3
"19919",0.000107461613760558,0.00630963720379845,0.170238385039863,0.0202624837116592,1.76966850408097e-08,0.803082014734234,6
"19921",0.000332493763241278,0.000752435884374973,3.57496504024825e-15,0.00430713703624016,5.0054439991239e-10,0.994607932815595,6
"19923",0.0263634814802452,0.0990616690320564,2.38355281645167e-33,0.874573534512226,1.31446062856104e-06,5.14843729398924e-10,4
"19925",0.000139656018190271,0.00272887571645373,0.996442846297193,5.31338614506456e-05,3.59704679900174e-16,0.000635488106712366,3
"19927",0.00101663169758244,0.00156919829199359,5.58864493924852e-13,0.00854923147528048,4.99965379280096e-09,0.988864933534931,6
"19929",5.73814269230859e-06,0.997516492039795,0.00247776981751258,2.38225808273104e-18,8.98602958479135e-53,4.15621996556938e-17,2
"19931",0.00410313436173282,0.00214254575150458,3.64706349501308e-13,0.543876743803535,2.9509823378462e-05,0.449848066259484,4
"19933",0.000353839747131699,1.99003322607676e-09,9.25225540218625e-13,0.784727685406926,0.214896219231491,2.22536234929098e-05,4
"19935",0.0805471231226507,0.00246489789772042,2.35056906916683e-14,0.916493552117227,5.03893131999167e-06,0.000489387931058373,4
"19937",0.000573206460942688,0.000162321790639082,2.46455280919264e-18,0.00523492743384955,4.77497204877178e-07,0.994029066817364,6
"19939",0.0178560890297805,0.0197418476820203,1.9371977013551e-11,0.957471980488478,2.5479784269152e-08,0.00493005730056541,4
"19941",0.0933937546469786,2.66462452676265e-05,3.57533433253762e-06,0.906573805327528,2.21844589316887e-06,7.10017934014857e-23,4
"19943",0.000290961970457666,0.000657553704628925,0.999051246995534,2.60657697700902e-08,2.16715919252023e-22,2.11263609646128e-07,3
"19945",1.77956396033707e-05,4.14137150558104e-06,1.49855039503952e-13,0.390055670687731,0.609920644990079,1.74731093092955e-06,5
"19947",0.994158815752864,0.00510638962079001,1.17666123548783e-07,0.000734676960221761,1.96243843236014e-16,6.86197849247352e-23,1
"19949",0.00577365728325648,4.4917660058707e-05,3.8735260580562e-33,0.993300989691796,0.000880426384579723,8.98030903799267e-09,4
"19951",0.0158671348787536,0.526612728176652,0.241004213314569,0.216508461156323,1.04037438106666e-10,7.4623696650758e-06,2
"19953",0.191200065414181,3.7357311742465e-07,7.08824931417248e-60,2.05438866234614e-05,0.808779017126078,1.02702861117127e-34,5
"19955",0.000333020824494666,0.0648249029264871,2.52983779785168e-40,0.921547889480369,0.0132941867686493,5.51570049408857e-21,4
"19957",0.0603211919972549,0.933521434415915,2.43720928362912e-05,0.00613297040642622,5.12676648966514e-09,2.59608012639548e-08,2
"19960",0.0585072202000742,5.82842055199142e-07,3.62232791793554e-20,0.941490403956088,1.7930017829913e-06,1.51795882820681e-25,4
"19963",0.0763323596310208,0.923667640368979,7.84465996632528e-24,9.16008017989202e-17,9.6082086724155e-22,3.97695497628913e-55,2
"19965",0.0116791736900866,0.000151505785310075,1.50986734623954e-43,0.986472102179425,0.00169721834517815,2.00532307826733e-36,4
"19968",0.847714510348733,0.150448594085659,0.00183137593525753,5.5194998840237e-06,6.32722225515958e-26,1.30466489739452e-10,1
"19971",0.99325676601324,0.00674323156734271,2.32663127759445e-09,9.2786156084598e-11,1.7680197534655e-18,1.53243775434089e-58,1
"19973",0.000187953008360502,0.000824480499365078,0.000627575118037877,0.00627265000111063,1.43204678151894e-10,0.992087341229921,6
"19975",0.00437011921973273,0.102133015723621,0.892524147025267,0.000587500889830439,2.35162644939339e-17,0.000385217141548829,3
"19977",0.00125277009744315,0.998747225048328,2.43449486104493e-09,2.41973403264255e-09,2.36748184881988e-28,1.69766159818223e-38,2
"19979",3.63543631036149e-05,1.14997038929768e-16,1.78112016908837e-26,0.372728413010465,0.627235232626431,1.98762751713127e-45,5
"19981",0.0010215858552687,0.0082914932119644,9.09314505123774e-13,0.796417975350758,0.000472079420483317,0.193796866160616,4
"19983",0.00122627141052439,0.0128848469529654,4.29601534219745e-18,0.945871593918518,3.10029838069454e-05,0.0399862847341855,4
"19985",0.000121458851912715,0.00443568385770186,0.342668646475548,1.35863123410583e-05,1.45702124916904e-20,0.652760624502496,6
"19987",0.00545844021613608,2.08195571618351e-06,0.00246093034814475,0.967348951971074,0.000136941359392732,0.0245926541495363,4
"19989",2.92773700180907e-05,1.05268949541437e-17,3.90888519482874e-50,0.0242105745631408,0.975760148066841,8.6281860423966e-33,5
"19993",0.00345176144390405,1.20158226765652e-05,1.91413862395264e-09,0.996198745686613,0.000337475099965698,3.27013122868386e-11,4
"19995",0.0100941299302777,0.000119890767868646,1.57220876232804e-10,0.985802616263764,0.00398336196667092,9.14198107182642e-10,4
"19997",0.000231555814667953,0.00236606823925593,7.81463756885249e-06,0.00359795579397001,2.20451208269524e-12,0.993796605512333,6
"19999",0.000457425746051526,0.00813104015637412,0.986120783769341,1.2808726325213e-05,5.66850147133784e-20,0.0052779416019079,3
"20002",0.482570121791413,0.517429878099868,1.08489669830034e-10,2.29386993694334e-13,2.37083494120432e-38,3.8463475841517e-36,2
"20004",0.0212539396734038,1.2724868831145e-09,5.86683296928227e-14,0.97870198002091,4.4078607867915e-05,4.25272881263983e-10,4
"20006",0.336484205067353,0.0495081679307939,1.15513223375785e-21,0.614007622828839,4.17301384809565e-09,5.34501619632348e-30,4
"20008",0.325975564694722,0.0169517244489193,2.8232732355444e-26,0.657072552326412,1.58529947304121e-07,5.16433266134458e-30,4
"20010",1.6619350113607e-05,3.62119477399746e-06,2.04078730381905e-23,0.211738497095299,0.788241262331794,2.80201254806718e-11,5
"20012",0.0297133873085463,0.952892709287245,0.0173866390404219,7.24048313046929e-06,4.09723011200613e-26,2.38806564905744e-08,2
"20015",0.00342729239929554,4.78359025467716e-11,1.67475860584916e-38,0.726771938169498,0.26980076938337,1.46413125957241e-34,4
"20017",0.000280344732155644,0.00229094153175107,7.58811916809508e-05,4.60887352436817e-05,8.00900289015476e-18,0.997306743809169,6
"20019",0.000232929879024381,5.70487174584771e-16,3.73339130228316e-47,0.184600467917648,0.815166602203327,6.75259479777004e-60,5
"20022",1.09941518898875e-06,2.28164023857881e-08,8.35114151301667e-21,0.217889431159527,0.782109446289275,3.19606936224138e-10,5
"20024",0.999673365276674,1.63433241216879e-15,2.56512747271686e-79,2.21909882724989e-05,0.000304443735051892,8.85719184366614e-61,1
"20026",0.999673365276674,1.63433241216879e-15,2.56512747271686e-79,2.21909882724989e-05,0.000304443735051892,8.85719184366614e-61,1
"20028",0.000429078862349812,0.00256315632392381,0.0109488717025791,2.66040064150931e-05,5.09506411308868e-18,0.986032289104732,6
"20030",0.00603567209309353,6.33625297071011e-14,1.79694225750498e-18,0.993526501010833,0.000437826896009813,7.42076298044071e-29,4
"20033",0.0128176963006517,0.00603076966386277,0.882222022871892,0.080005293051534,3.71060504343507e-08,0.0189241810060088,3
"20035",0.00274771778947661,4.15007928069335e-18,5.02706540141205e-55,0.285171667725559,0.712080614484964,2.84515095936831e-58,5
"20037",0.000317588132867069,2.43124548181317e-12,2.57627625051267e-55,0.184927862000831,0.81475454986387,9.14511990846933e-52,5
"20039",0.989297999597535,3.37244230571686e-11,8.45721448667584e-120,5.17760076103797e-15,0.010702000368735,8.41951492567362e-79,1
"20041",0.00256447461282539,0.0352250712114875,8.85754162463007e-22,0.96208979645815,0.000120657717484816,5.224520986577e-14,4
"20044",0.430577772065996,0.13525256811822,3.76435890880586e-19,0.43415534912973,1.43106860547737e-05,1.19275292338224e-19,4
"20047",0.00132407792945851,1.60238338551507e-14,1.31848338829013e-40,0.0799841645861768,0.918691757484349,6.5244367629737e-71,5
"20050",0.0486967955681482,9.69904241464038e-05,2.89147166719924e-25,0.0913487973727029,0.859857416635002,1.16545009531665e-24,5
"20052",0.000422617381713043,0.0396918581271142,0.0698783424552275,0.857436857948131,0.00737741948141261,0.0251929046064018,4
"20054",0.000444984119101406,7.86197763674823e-09,2.37058530056362e-22,0.968015791548465,0.0315392164704563,6.49200293281741e-19,4
"20056",0.037239377707309,7.25351761899663e-05,0.962666494537498,2.15925790005826e-05,1.59457780946072e-16,1.75429387471486e-15,3
"20058",4.55245423215749e-05,9.04233847848612e-17,7.20217801340009e-57,0.077313025278241,0.922641450179437,1.46662362422333e-31,5
"20060",0.0257041540788953,2.47341806826066e-05,2.07017282204605e-11,0.111873748442889,1.49588114602752e-08,0.86239734831802,6
"20062",0.00189474933428157,0.0115563488539504,5.30287312185743e-10,0.958972759241968,3.09778897288347e-05,0.0275451641497837,4
"20064",6.35990062326327e-06,9.59790613056318e-09,1.42291815391964e-07,0.241982678676276,0.758010784863748,2.46696309904877e-08,5
"20066",0.0415368831594049,5.49399275862768e-17,9.28620587282633e-29,0.952390576216233,0.00607254062436209,3.44107151102116e-48,4
"20068",0.000656951205242711,0.00661186709194193,4.65759828286444e-14,0.00398194190572679,2.47210146913795e-13,0.988749239796795,6
"20070",0.0209611336419972,0.124731011934989,1.2153621362586e-21,0.080884476316058,2.57547180688622e-08,0.773423352352238,6
"20072",0.295564589442163,4.55686212869056e-06,2.69934707265907e-53,0.70413830786852,0.000292545827187678,1.42694985788814e-31,4
"20074",1.68671083031229e-06,0.0158975907298438,0.984100722559326,1.87080069331018e-16,1.6826812228644e-45,9.95841000839013e-19,3
"20076",0.235123279286717,0.748276524294652,0.0154968339940465,0.00110331514488447,4.29762968743808e-18,4.72797002217813e-08,2
"20078",8.52902358215228e-05,7.22028996461872e-05,5.20524879396088e-14,0.606942616547447,0.392899890306016,1.10172146112754e-11,4
"20080",5.12719726207052e-06,8.42628686099722e-16,8.0407151089563e-34,0.0440817733924343,0.955913099410303,6.94311255811416e-45,5
"20082",0.012652112264383,3.58434138854271e-12,5.38863955051878e-65,5.01052171683843e-10,0.987347887230981,9.37959814385494e-50,5
"20084",0.00147271941158724,0.000261237390170586,8.48724244250209e-07,0.923915035077403,0.0743501593965946,1.70794679778779e-20,4
"20087",0.000703876553724587,0.00014983693035537,1.99607225617056e-30,0.873614863644308,0.125531422835754,3.5858255560605e-11,4
"20090",7.60316494737459e-05,1.0895091087796e-11,1.88677138836218e-37,0.0405900989274034,0.959333869412228,1.20699467805162e-44,5
"20092",0.370299224548634,0.629146993165853,1.13164772041058e-75,3.71748435480883e-05,0.000516607441964151,1.70088213610191e-19,2
"20096",0.0333300196238667,0.95598729771784,6.70777485049225e-22,0.00815160845426651,0.00253107420315256,8.73985160726752e-13,2
"20098",0.00914315546741537,0.00340477865420438,0.589329137463632,0.0316287786271915,5.07730079861714e-09,0.366494144710255,3
"20101",0.000327447849954569,3.67262455158998e-08,6.12874896407883e-13,0.578555704445628,0.421116810977559,1.07151776719965e-35,4
"20104",0.0258362398125072,0.974163760187221,9.22277624800885e-53,2.71585139983645e-13,1.58155534106096e-18,9.57511165443059e-19,2
"20106",1.06928404654054e-05,3.63423318576702e-10,1.43037426669286e-13,0.147143847252276,0.852845459543692,3.13601416296154e-21,5
"20108",0.00244938904590815,0.000479141203257163,9.51236156563678e-06,0.01572101708734,2.31908614136621e-10,0.98134094007002,6
"20110",0.0368228302437007,0.947204392181784,1.12593104218054e-08,0.0159243540175681,4.84122975821824e-05,5.49845559436579e-14,2
"20112",0.00185010583610771,5.34082334773114e-07,2.85970550263723e-22,0.889328421589984,0.108820938491573,4.66182914893285e-21,4
"20114",0.00464447411676457,1.91594239365372e-06,0.000126048477691115,0.981575065710651,0.0136524957524939,5.89229935243244e-15,4
"20116",0.000985716751078592,1.41086399299286e-06,1.23042602220641e-05,0.998246630874401,0.000753937250302473,3.19052649103591e-15,4
"20118",0.000192576519335038,0.000733690999502984,0.0151878019973081,0.888668095050502,0.0352415887693273,0.0599762466640248,4
"20120",0.00208953098225863,9.26835383494377e-12,7.7624507341837e-13,0.568169251808973,0.429741217198723,8.2988121527972e-23,4
"20122",8.55066440858394e-05,0.00126249852008776,0.998651834221603,1.42144114867976e-07,1.1365331668625e-22,1.8470108038962e-08,3
"20124",0.000665082156801671,7.46928388045246e-07,1.7803607188255e-45,0.561479966705491,0.437854204209319,2.63179181053194e-39,4
"20126",0.998757612072345,0.00119698751001333,2.48899919110935e-80,1.78656436756371e-11,4.54003997758469e-05,9.13024169565863e-73,1
"20128",0.74235891063883,6.95084714598315e-09,8.51513024639799e-86,3.03671955324679e-07,0.257640778738367,8.2042015619264e-104,1
"20141",0.253379289064694,0.746620695084964,3.14121302228011e-27,1.37855077131777e-08,7.80332692271171e-11,1.98680035185949e-09,2
"20143",0.000769256300866888,0.973935112477404,0.0252956312213616,3.67694447022754e-13,4.34047639096301e-36,5.04763189391128e-29,2
"20145",4.79651884786627e-06,1.59437742857818e-10,1.13350948218026e-17,0.0751749308380741,0.924820272477909,5.73109364617443e-12,5
"20147",3.41894483800852e-07,8.90470563839035e-09,4.88537661593562e-16,0.0705554185226423,0.929444230677785,3.8253552752181e-13,5
"20149",0.00019527752851577,0.00849034271564199,0.991314068082279,1.42054921752442e-08,5.13749473680311e-25,2.97468071217216e-07,3
"20151",0.000997591652966098,0.000326069776815719,0.107652966497677,0.0148733937631491,6.84480771149706e-10,0.876149977624912,6
"20153",0.4109110117311,0.038245187909599,0.534281531857603,0.0165598349533477,2.42701708544938e-06,6.53126510894099e-09,3
"20155",4.28033403368637e-06,3.42218084671806e-07,2.41440965604455e-25,0.321434233954801,0.678561143493081,1.12477827379506e-24,5
"20157",0.122829024864424,0.000291126765039782,0.605887068223026,0.00532453268496836,1.10627249475101e-12,0.265668247461436,3
"20160",3.53662316473601e-06,0.000166218223386766,0.999830245153323,1.25458594330566e-13,1.19278403044403e-32,2.40762444189313e-17,3
"20162",1.25023229364672e-05,0.000557270067542664,0.999390493721576,3.99214783161799e-10,3.73362569838148e-28,3.97334887300541e-05,3
"20164",0.0203689965023828,0.268773225757547,0.709947425011313,0.000910350260572197,1.89218051419843e-14,2.46816644138198e-09,3
"20166",0.940429082697903,1.18082736324389e-07,6.60600977922308e-18,0.0595707865244057,1.26949550742406e-08,6.17440220446819e-43,1
"20168",0.749489847538202,0.25051015034701,1.54798787143716e-25,2.11478740806837e-09,5.44462193954854e-32,1.86018571462027e-38,1
"20170",0.000732057514785648,0.00591197910091926,0.990670380548359,0.00245182971207486,5.75036763241071e-09,0.000233747373493328,3
"20172",2.24966904716243e-06,3.63335324547546e-11,2.23606086846484e-33,0.0711604096182319,0.928837340671328,5.05998868280608e-12,5
"20174",0.000626716078793967,0.04830725935136,0.000660025662743771,3.16152003278753e-08,8.77372429314697e-29,0.950405967291902,6
"20176",0.352395006490642,0.647604520854526,1.76197421460193e-26,4.72654831705363e-07,5.6772199619158e-27,1.53459873549399e-27,2
"20178",8.99119704417646e-06,0.0001646594991133,0.999826349303793,4.96148352662095e-14,7.27045631028436e-33,2.2431052992497e-19,3
"20181",0.012190813193265,4.31284683773149e-12,1.64844430082822e-10,0.987654921227956,0.000154265409621542,4.27522677023096e-33,4
"20183",0.00348764900806999,0.000364828450569293,2.07678914102639e-19,0.0841267373726796,0.000847925996845464,0.911172859171836,6
"20186",0.774176046735555,0.0269320297306307,1.60892033864259e-51,0.195400555366545,9.54929716196131e-05,0.00339587519565001,1
"20188",1.7853716736055e-05,0.000770877355984425,0.999211268901949,2.52770579782252e-11,1.41593793554964e-29,5.37389378121683e-14,3
"20190",0.000123784826587711,2.46197666941869e-15,7.05866963086347e-29,0.272564447948316,0.727311767225094,5.7742589073646e-34,5
"20193",0.133465755952361,0.866530070601911,4.16481944002775e-06,8.62628786978645e-09,3.31678345348384e-32,1.56547334088839e-40,2
"20195",0.0459391475319068,0.0468023097899925,0.751621372807887,0.155637070647097,7.12363053699258e-10,9.8510754169313e-08,3
"20197",1.83573495677121e-06,1.04934182734113e-07,4.93182518671454e-26,0.0901797790479508,0.909818280282909,2.11267543367285e-16,5
"20199",0.000433559591977111,0.0163658004910162,0.983186510529618,1.05313938333325e-05,7.28160522256301e-17,3.59799355522523e-06,3
"20205",0.68306471115088,0.000108286276204815,2.78251945802788e-76,6.14608611185021e-10,0.316827001958306,5.25653085100093e-45,1
"20208",0.0498276098712991,0.00499183758455397,0.00623062409248213,0.934144271096421,4.05283816374706e-07,0.00480525207142781,4
"20210",3.18309319301974e-05,0.000412544381165009,0.999505467133759,2.23194538704096e-08,2.94160977249245e-23,5.01352336919305e-05,3
"20212",0.0110652527596112,0.00450132787779459,0.981363011832381,0.00245126773656927,1.0380047090043e-13,0.000619139793539991,3
"20216",0.000198134317504597,1.73350545213104e-13,9.95304433309346e-16,0.978033192603397,0.0217686730789242,3.36079276443049e-17,4
"20219",0.000739405155861941,5.60426696681924e-05,1.75722295398507e-23,0.00994261405831562,0.989261938116154,5.4389226061575e-22,5
"20223",0.963997201676876,5.59829091339938e-08,4.97582524235427e-75,0.0360007706010318,1.97173918307741e-06,2.45479700184101e-63,1
"20226",0.00117099935478917,0.00837750017362027,2.67293665402078e-11,0.990365448627007,8.60500880263014e-05,1.72982739524227e-09,4
"20230",0.000310357885168448,3.99253015751987e-16,1.61794202025654e-38,0.267822242127841,0.73186739998699,1.29471387744555e-41,5
"20233",0.0483686643602769,0.951631335636651,6.47865619437143e-59,1.80718311444699e-18,3.07165835982436e-12,3.68968993756726e-37,2
"20235",0.466739880022421,0.00119421420651391,1.56101074913294e-67,0.523797688568208,0.00826821720285726,5.52006965366584e-44,4
"20239",0.00319100469813601,0.0080360169249896,7.01714395982873e-35,0.98867147663916,0.000101501737713416,4.48713936214942e-16,4
"20254",0.0179762338103131,7.63199623558102e-11,1.41660789466753e-66,9.88987963635593e-10,0.982023765124379,6.40588221689997e-62,5
"20256",9.22140973003951e-06,1.0994927405353e-08,1.25992179793582e-44,0.257466642388155,0.742524125207187,8.57274614615777e-25,5
"20262",0.000144885484231294,0.000160744147820299,0.980822548024134,0.000239574558918626,2.0899856386198e-12,0.0186322477828055,3
"20270",0.814974921722243,6.82862530375093e-11,6.30586669042712e-17,0.185025074538187,3.67128384020699e-09,4.53977341124063e-24,1
"20284",0.99166143433062,1.91611458293512e-05,3.9539704380217e-31,0.00500675661596646,0.00331262808376605,1.98238175879585e-08,1
"20287",0.00183444460820996,2.98798901749801e-13,1.80099614931101e-58,0.821860755502746,0.176304799888746,8.1110488739975e-57,4
"20290",0.990124757675115,2.51185001454876e-07,1.21400352624549e-33,1.18291415559364e-06,0.00987380822572816,9.64317091307202e-30,1
"20293",2.22527099520862e-05,4.10835663761492e-07,1.39293197680719e-17,0.2310125991748,0.768964718503014,1.87765696615583e-08,5
"20296",0.145923936562756,0.460157636919432,0.35062307062877,0.0356444916556312,3.91894822336079e-13,0.00765086423301933,2
"20301",0.415073584071535,8.47234364785955e-11,2.28177909008065e-31,0.584490752276808,0.000435663566934331,3.49088230522329e-81,4
"20304",0.0100887119896308,2.76762028506981e-10,1.40242278192866e-65,6.54322583396011e-10,0.989911287079285,7.36883175342288e-44,5
"20306",0.00099223296208968,2.11246667678974e-13,1.74850432274767e-51,0.122043116728025,0.876964650309674,5.87191254191717e-39,5
"20309",0.000879123479870063,3.1788398191162e-07,1.25027638348639e-18,0.813153702830316,0.185966855802958,2.8737078688936e-12,4
"20311",0.00211702710196521,1.45686032424537e-06,4.46527360195368e-14,0.962000896304448,0.0358806197332179,5.84639249173871e-21,4
"20314",0.000597551757356321,0.000131153510294906,0.150478176917212,0.102350433814012,4.06163443385121e-05,0.746402067656787,6
"20318",0.0886241223082632,0.00364924209750754,0.907726623270279,1.23239502149556e-08,3.48048490151182e-26,1.17959229467721e-27,3
"20320",0.246127352888763,0.703382106536268,7.47627402896666e-19,0.0504904995048585,2.51558044833577e-09,3.8554530069742e-08,2
"20326",0.00759791984432443,0.00150931078158805,0.0219690477259175,0.418082881891448,0.000134074506332795,0.550706765250389,6
"20328",0.464628857961718,0.129681410320974,3.0784712231674e-36,0.405525032057778,6.47846101301886e-06,0.000158221198517143,1
"20330",0.000978058709887934,0.0044754851014984,6.06253546485913e-34,0.97505301375665,0.0194934424319635,1.65216232126054e-27,4
"20336",0.0466884262740327,2.96149323504335e-06,2.08516565331834e-47,5.82455198204143e-05,0.953250366712578,3.33702490023504e-13,5
"20338",0.0113549961232629,0.0117654674283402,3.84417077693279e-30,8.23424091552755e-05,0.976797194039242,1.95613845277902e-30,5
"20340",0.000342364058835996,3.75072570009157e-14,9.58231654298203e-47,0.774549284658516,0.225108351282611,6.6627374600559e-43,4
"20342",0.0568397752733514,0.943160224726591,1.9202391893117e-52,5.768418283507e-14,9.79990755138004e-18,5.25800371371385e-71,2
"20344",0.000881031637832162,1.93009849003975e-12,2.76983247064049e-37,0.588868594978617,0.41025037338162,3.67668619349309e-20,4
"20349",6.63211597466253e-05,4.56317483347302e-14,4.65932614582951e-45,0.173856687697569,0.826076991142638,3.23474751720612e-29,5
"20351",0.000517048024176124,2.41772318691989e-07,7.56840658831364e-18,0.992417716608837,0.00706499359158789,3.0804290086927e-12,4
"20353",0.00242073989022447,3.50509094656855e-05,1.78647184510766e-40,0.310990888632883,0.686553320567427,6.22044580943467e-37,5
"20357",0.401671776462488,6.35441556552643e-08,6.91158307493248e-86,1.51622706309209e-08,0.598328144831086,2.09064436965803e-48,5
"20360",0.174737273656461,0.825260806222757,3.56686271547805e-67,1.92009977872604e-06,2.10028906986758e-11,2.09303212870209e-56,2
"20364",8.38134051592771e-05,8.47199368410334e-09,3.76112556290776e-22,0.421205201597009,0.578710976524961,8.77356178074132e-13,5
"20366",0.995573986122911,4.55758194138496e-05,5.86641518794687e-52,1.28623778487317e-07,0.00438030943389631,9.14605280418883e-21,1
"20381",0.00132499853018178,0.998675001385712,4.412413236273e-11,3.98406749122848e-11,1.01930946220865e-35,1.41725982014135e-13,2
"20391",0.918218562628145,0.0732761687827423,1.01598534483733e-68,0.00850507868339838,1.89905714517874e-07,1.66928659713857e-17,1
"20394",0.00099338094790067,0.0572257778718748,5.21784039428388e-10,0.0569589325901049,7.08235315203343e-12,0.884821908061253,6
"20396",0.000579935583538809,0.975129015785315,0.00222709461075371,6.87383204768176e-09,5.90510868726935e-34,0.0220639471465602,2
"20409",0.010480390458528,7.2801266927897e-08,3.33312084942362e-05,0.988935613677772,0.000550591484582986,3.69355733396333e-10,4
"20411",7.70571769965519e-05,2.11450412488026e-07,6.15832792586651e-56,0.00794694117392018,0.991975790198671,2.21955336949515e-27,5
"20416",0.0453349689507306,9.87195114724529e-13,2.9389326316026e-108,6.98228671877119e-09,0.954665024065996,9.08425113999569e-87,5
"20418",0.000193428567311312,0.925329341626852,0.0726216084834334,8.09469066807005e-11,1.1303947983448e-36,0.00185562124145666,2
"20420",0.764062734391824,0.23593726328798,3.40169494266968e-48,1.21183359791338e-13,2.32007490344755e-09,5.32536520284724e-24,1
"20422",0.0045845741212211,6.1030228182014e-13,1.11124501789105e-23,0.985343888423843,0.0100715374543257,5.04168166039986e-32,4
"20424",2.29785853524207e-05,1.32543093309933e-07,1.82670100430334e-49,0.0473898006617272,0.952587088209827,4.69531527819917e-26,5
"20426",0.978996046255688,0.0210039523625349,6.12432583787389e-46,9.74593643140377e-19,1.38177686971002e-09,1.98998913437146e-64,1
"20428",0.00123267806683746,0.00910939232472301,2.52798473041513e-21,0.967005921145795,0.0226520019746473,6.48799699709453e-09,4
"20431",0.124255539060359,0.00101754895910308,4.04634172364136e-06,0.874720125396164,2.74024044649201e-06,2.20472462913933e-12,4
"20433",0.402007780827394,1.9876216925809e-08,3.31891752806523e-46,0.597983692358949,8.50693744039107e-06,4.06044556230438e-60,4
"20436",0.782774054851709,0.217217568449804,7.97709542504047e-29,8.37669848704733e-06,1.08583392955371e-20,3.12533553366804e-38,1
"20439",0.000315909109977283,0.0563770479054511,4.0604299392086e-05,4.67220428840162e-08,1.64306534459311e-30,0.943266391963137,6
"20441",0.385794107049332,0.00501947983465654,1.14070472869941e-50,8.0620863702511e-06,0.609178351029641,2.82815002785274e-39,5
"20444",1.19754563625236e-05,0.000431651303812086,0.999556373099696,1.01093781930853e-12,9.71468091902471e-33,1.39118800754524e-10,3
"20448",0.994318512571056,0.00377322359338958,4.19736038345498e-10,0.00190825313912821,9.2691531766308e-09,1.00753707369886e-09,1
"20536",0.0182501917921731,0.455811025729151,1.57624890387403e-20,0.000508355850967622,1.00987543754755e-17,0.525430426627708,6
"20538",0.0502002603916213,1.34159807760947e-06,2.58690010839812e-53,7.04645267672451e-05,0.949727933483534,5.5464143531997e-18,5
"20541",2.83895113552899e-05,6.9353348894415e-13,8.36693379756004e-47,0.00799819389992119,0.99197341658803,3.7636768404907e-45,5
"20544",0.000101862680953631,0.000738234484495941,1.05556410559652e-12,0.857646865272334,0.141045997467624,0.000467040093536706,4
"20546",3.09604551372483e-05,9.47145466181984e-13,6.44866076295203e-43,0.0508546226148886,0.949114416929027,4.33425378329719e-18,5
"20550",0.00602399145065566,0.0263566904833106,3.4185709236213e-18,0.967617051399128,2.26666690606461e-06,5.36617874226639e-18,4
"20553",0.999989397118245,1.57673156823356e-12,1.15057458877998e-73,2.62877677541402e-13,1.06028799153646e-05,4.70375601780793e-136,1
"20555",0.421419288938305,0.578580688637463,5.81804282053263e-75,1.84264609976496e-14,2.24242142757554e-08,2.64667421054922e-32,2
"20557",0.00771394552267239,0.00339607066555636,7.63532576409423e-17,0.966290525599131,0.0225994582126381,1.91895733088749e-15,4
"20559",7.5760936896841e-07,1.6776335114776e-12,7.49009521605393e-19,0.0689357685262906,0.931063473862663,2.00357698744266e-17,5
"20561",0.000915736409564521,0.00229149078100663,0.989463498727164,0.00722869418826931,1.27936995339497e-08,0.000100567100295689,3
"20564",8.99119704417646e-06,0.0001646594991133,0.999826349303793,4.96148352662095e-14,7.27045631028436e-33,2.2431052992497e-19,3
"20566",0.00146087707093144,1.82522072309506e-05,2.08007815406163e-14,0.810219710215452,0.188301159027306,1.479058946745e-09,4
"20569",0.00206822653721133,0.00310703730584657,0.955304901767307,2.77192350856331e-05,1.13463943455844e-19,0.0394921151545498,3
"20572",0.00190224685420005,0.0182532762074608,0.979844136268841,3.03491806212739e-07,4.14482316285172e-25,3.717769126085e-08,3
"20574",1.79465508592571e-05,1.44505612807738e-09,6.68640087477884e-21,0.121320263635156,0.878661788368928,1.97881474840851e-26,5
"20576",5.4715161660012e-05,0.000341268899445506,0.999604014735302,1.20359101036631e-09,7.09877826275226e-24,1.17858170444198e-15,3
"20578",3.48869818675279e-05,0.000169414882563643,1.35105028045477e-07,0.828686082686232,0.171102583721041,6.89662326792131e-06,4
"20580",0.000327348690290469,2.96053549161234e-08,1.08887929216406e-13,0.888153614849285,0.111497658033125,2.13488218357464e-05,4
"20583",2.59407909757583e-05,9.35161715799507e-05,0.999880542959567,7.78739826732274e-11,3.66167202037705e-26,2.84768893914412e-15,3
"20586",0.000326563600227897,1.13314854091706e-11,4.73648616491684e-30,0.595532495579916,0.404140463521853,4.77286671423004e-07,4
"20589",1.22214616884128e-05,2.115459844071e-09,1.84725115606712e-49,0.128307390497581,0.871680385925271,2.35637733228427e-29,5
"20591",0.796169833325191,0.185233570502669,5.23555601538516e-38,0.0185629991952009,3.35969153875936e-05,6.15518360565879e-11,1
"20593",0.000709993930105555,3.1942649832046e-12,2.39692621538047e-40,0.835734503012908,0.163555503053792,4.19248544565481e-67,4
"20595",3.405348859714e-06,2.98141242158703e-11,7.17496110362069e-17,0.164847528129229,0.835149066492096,1.3035840748635e-15,5
"20597",5.3124176299794e-05,0.999935546089182,3.97178880257217e-28,3.64397094961673e-13,2.73435945022198e-38,1.13297341537857e-05,2
"20599",7.24921030236374e-06,0.000145279611317525,0.999847471178152,2.27593117085867e-13,3.68763451192963e-32,9.50095702040636e-20,3
"20601",0.000207895530122141,0.00399071515396386,3.1955637583677e-09,0.0621850152945666,1.3169083343434e-06,0.933615053917449,6
"20604",6.97400024436716e-05,2.43649843117822e-16,2.74992568857875e-26,0.256097286418504,0.743832973579053,7.67329633566436e-41,5
"20606",5.44777704836322e-06,1.28308670800548e-13,2.47642977796192e-32,0.0818397769730561,0.918154775249767,8.08557303113434e-34,5
"20608",6.09521691523995e-05,1.8448539593598e-08,2.23723113833275e-26,0.214127326114174,0.785811703268134,2.36741251158565e-24,5
"20610",0.00175548231346879,0.00225044715764168,0.995993059709157,1.0108197115823e-06,2.4805735629583e-19,2.11244744258739e-14,3
"20612",0.999164701162555,0.000835298834786525,1.18602541553873e-62,2.65824089539399e-12,2.85136381221036e-19,2.36174011539533e-54,1
"20614",4.35233739820304e-05,0.000925688752521894,0.999018521591345,1.12318263126827e-07,5.79350554310689e-22,1.21539638884498e-05,3
"20616",0.682706423461802,4.65525381027689e-07,7.37777838902897e-12,0.312752671915623,1.99067706460167e-07,0.00454024002210991,1
"20618",0.392179439503496,0.532145643309311,4.55469812799635e-39,1.78318157480703e-07,0.0756747388690359,8.43158309528202e-29,2
"20620",0.0484359915359983,9.35924018225530e-09,6.69120475553513e-18,0.951554073229563,9.92587519835738e-06,5.3025991271241e-34,4
"20622",0.000419062405199533,0.00048178190132312,0.999098944585509,2.11107767088638e-07,1.01512928338391e-19,2.00770536948248e-13,3
"20624",6.36410065404896e-05,7.3864057730119e-12,1.1710033115666e-51,0.00551785231557932,0.994418506670494,3.06379289440311e-29,5
"20626",0.861536839955743,0.00528335822402156,2.57277471167059e-16,0.133179801597614,2.22621687143732e-10,3.3442847219786e-20,1
"20628",0.885930402945172,0.0091000139053206,1.30109035988404e-29,0.104969583011748,1.37759272157197e-10,2.22219841363032e-18,1
"20630",0.0140116049326027,4.28724569879161e-07,9.18574179637943e-13,0.985716981342412,0.000270984999497195,2.25135942662682e-20,4
"20632",4.10561564503508e-06,0.0048644334757674,0.995130659331116,7.093095909781e-12,6.09240523540353e-36,8.01570378012121e-07,3
"20634",5.36367055045882e-06,1.16558087904141e-12,8.43944363278565e-33,0.0900116157968673,0.909983020531417,1.3389088075655e-32,5
"20637",0.158994332539174,8.30247231355427e-09,3.10274043836967e-34,6.30379396707905e-06,0.840999355364387,1.95230428147603e-48,5
"20639",0.00304117897445637,0.0111714222278796,0.985734530677222,5.24053933079371e-05,8.36975221453697e-16,4.62727132830784e-07,3
"20644",0.999999847478074,1.44472646841779e-07,1.90719312740924e-95,2.58620365281573e-10,7.79065856203826e-09,1.26286235032675e-124,1
"20646",0.801066804541189,0.100241644910181,3.41374254153304e-45,0.0986915494718552,1.0767745052546e-09,3.7987303758181e-60,1
"20648",0.00155244066429241,0.00234508906033043,0.136136990188194,0.0164235708801073,8.9531016044348e-08,0.843541819676059,6
"20650",0.0133656891901114,1.8342091247367e-13,1.12507216750477e-58,0.00231662577780966,0.984317685031896,1.22996724712846e-43,5
"20653",0.757633347385413,0.201617979449567,3.84151771164899e-15,0.0407259998917407,6.08366319656156e-12,2.26732671924565e-05,1
"20658",0.0171599156027577,4.75428823220271e-10,4.55880130842483e-47,0.96055510668477,0.0222849772370434,4.81131294172654e-30,4
"20661",0.999009434601544,0.000803010532835878,1.09234914089317e-74,2.36476575855515e-08,0.000187531217962208,3.29588953728261e-32,1
"20663",2.08373088516176e-05,2.96090148924484e-06,4.2317769180961e-22,0.318946830289504,0.672022039131023,0.00900733236913207,5
"20665",2.67594659975754e-05,0.000646780802996922,0.999326459726651,4.35396688517961e-12,3.82272359069672e-33,4.01477193508643e-19,3
"20667",0.0306845589664212,0.170499957069051,5.06633505226682e-19,0.798815483904711,2.43695397287007e-11,3.54469855635899e-11,4
"20669",0.000726792264361573,0.994910258031845,9.42638621023168e-25,4.72905479143987e-11,9.16918229990584e-32,0.0043629496565029,2
"20671",0.0018271655706706,4.60477108085545e-07,1.09037666823913e-23,0.00328484102629182,0.994887532925929,3.21026638327624e-25,5
"20673",1.73054811838419e-05,0.999963353481239,2.47213661401072e-19,5.84644816526513e-14,3.58819452930237e-41,1.93410375191754e-05,2
"20675",0.734349940926293,0.00203595671965138,2.04230551501463e-27,0.0387911165601065,5.60759716073863e-11,0.224822985737873,1
"20677",0.00416986207722817,1.64170036136473e-06,1.003077361916e-25,0.988566411711488,0.00616340981553189,0.00109867469539063,4
"20679",0.000270785894657483,0.983842600590533,8.36124932514687e-11,1.2585611420907e-10,4.98767058194627e-35,0.0158866133053412,2
"20681",0.00126622545305411,0.00786615379215672,5.61266533554807e-25,3.23402982567668e-05,1.81269632561568e-16,0.990835280456532,6
"20683",0.0190831565431261,1.56357956460297e-05,1.94476951648392e-23,0.98085151910722,4.95485872574943e-05,1.39966749994546e-07,4
"20685",0.0932692376233575,0.906730761488369,7.95452884798945e-51,9.71829348435872e-13,8.87301696043044e-10,5.28087349581365e-25,2
"20687",0.000485505985273702,0.00169215279574451,0.197615537283443,1.64638132467306e-05,1.9398096667042e-17,0.800190340122292,6
"20689",0.999989665412828,3.16786941429242e-09,9.92332832929059e-113,1.13128249730003e-12,1.03314181716363e-05,8.82647557332554e-94,1
"20691",4.07768408673299e-05,0.000299900913607483,0.999659321371104,5.66821623920501e-11,9.43543138555795e-28,8.17739146840341e-10,3
"20693",0.000336290503185319,2.74965635906754e-13,8.79569045730047e-52,0.191493819937305,0.808169889559235,2.51840032591137e-37,5
"20695",0.0287045225134268,0.0090847175064224,0.0064621272367715,0.0883860292651447,4.02202240128457e-09,0.867362599456212,6
"20697",1.31552206435499e-05,1.40514362799841e-13,1.32029834357843e-14,0.271672662794346,0.728314181984857,2.48036818338481e-27,5
"20699",0.0161872409527421,0.000320424791641157,1.80857488139406e-18,0.981133346941721,0.000559346689165855,0.00179964062472969,4
"20701",0.00296863344636262,3.97443900720753e-05,1.26145021026778e-37,0.955695181169885,0.0412964409810009,1.26792343360416e-11,4
"20703",3.53075683818052e-05,0.999964692431617,5.89465036107391e-43,1.0907519920432e-15,5.4913574821278e-37,5.36182811428448e-26,2
"20705",0.000595574173994981,4.40115004183267e-11,3.93978267533212e-34,0.295679371093748,0.703725054688245,6.10446811148802e-22,5
"20707",0.000781335312675294,0.000208707442017233,1.56701187955457e-13,0.0802054031197667,9.28957409932176e-05,0.918711658384391,6
"20709",0.942475345248969,0.000721498209055401,0.000195700370445522,0.0566074560183607,1.13068466502151e-10,4.01005261948062e-11,1
