"","V1","V2","V3","V4","best$classification"
"19811",0.0154841184235346,5.32403315536357e-05,0.96740798865004,0.0170546525948719,3
"19813",2.9814677155437e-08,3.18600757708616e-20,2.06686395405475e-10,0.999999969978636,4
"19815",0.397237175050734,1.63528606526502e-13,0.594467509422277,0.00829531552682614,3
"19817",0.0390053582493927,4.35733994400727e-06,0.960230869417219,0.000759414993444081,3
"19819",0.312838919840024,1.71028423414331e-27,1.73346764048299e-33,0.687161080159976,4
"19821",0.153894448249731,7.73064371026004e-05,0.697401402339531,0.148626842973636,3
"19823",0.00214788636237648,5.16336503015381e-15,8.79668669672649e-05,0.997764146770651,4
"19825",2.90804375048997e-07,1.88916250710733e-14,2.26916980559017e-33,0.999999709195606,4
"19827",0.023799639145688,0.807186811342604,0.156354718780788,0.0126588307309203,2
"19829",0.848859745389741,4.50998287117767e-09,1.89790914913482e-17,0.151140250100276,1
"19831",0.0443528087888705,3.95580456056425e-35,1.24285704884007e-27,0.95564719121113,4
"19833",1.34648102893488e-16,9.9028751125072e-46,1.15332015822653e-63,1,4
"19835",0.153894448249731,7.73064371026004e-05,0.697401402339531,0.148626842973636,3
"19837",0.0424336123163029,0.269250844602763,0.686247641405571,0.00206790167536328,3
"19839",0.0936879997768683,1.2616660353748e-07,9.24142880290581e-19,0.906311874056528,4
"19841",4.60451357070596e-10,0.27432042269365,2.86289398838804e-22,0.725679576845899,4
"19843",0.0163167298543202,1.57763629258712e-40,8.17571832515092e-34,0.98368327014568,4
"19845",5.62988930104494e-05,2.08245925717832e-19,0.334465600685348,0.665478100421641,4
"19847",0.585233191842223,3.59404814489745e-16,0.279137197388065,0.135629610769712,1
"19849",2.77076020643488e-09,5.06149828132563e-18,7.46042120471495e-07,0.999999251187119,4
"19851",0.00377118354248319,3.26851382720894e-06,0.994896916852297,0.00132863109139288,3
"19853",5.00992289765392e-07,9.7069221649522e-12,0.00435456741295976,0.995644931585044,4
"19855",0.00169654079929682,5.04341613718082e-05,0.965812339343391,0.0324406856959406,3
"19857",0.781015493774993,1.07848075604057e-05,0.183096113515389,0.0358776079020574,1
"19859",0.291851250935607,0.000216953768877232,0.686524234212987,0.0214075610825284,3
"19861",0.000438203095247028,4.36034069065682e-09,0.987736697894983,0.0118250946494295,3
"19863",4.60289271407205e-15,3.16724984490295e-06,1.33937401027227e-16,0.99999683275015,4
"19865",1.9068434377536e-06,0.998726762013113,0.000255639614209222,0.00101569152923983,2
"19867",0.0297206498752356,8.51921280124045e-18,0.956283037553483,0.013996312571281,3
"19869",5.51904745199724e-08,2.62559192257346e-06,0.000201744321484683,0.999795574896118,4
"19871",0.280095508108156,0.0110323625754465,0.70530057962132,0.00357154969507733,3
"19874",0.00036197690787319,0.000307028020819594,0.992721271619576,0.00660972345173162,3
"19876",2.39348294816208e-05,2.0838154351724e-05,0.999598662734884,0.000356564281283011,3
"19878",0.605511323859077,1.23847273534545e-21,1.37680839865154e-19,0.394488676140923,1
"19880",1.13858128480673e-09,0.999749539056468,5.32607395795726e-07,0.000249927197554359,2
"19882",0.00143273803369817,1.37515111522954e-11,0.122113793834886,0.876453468117664,4
"19885",0.436995951880635,1.21975016307106e-06,0.561510565581153,0.00149226278804904,3
"19907",0.0141910622579426,2.45375414346939e-15,0.81949955670379,0.166309381038264,3
"19909",0.992123126135367,3.30889567502194e-18,3.64704994478912e-11,0.00787687382816274,1
"19911",0.966553962467314,1.65168633634749e-07,8.42060171591227e-14,0.033445872363968,1
"19913",3.80444639160553e-12,0.999672374447814,2.16474316419337e-13,0.000327625548165356,2
"19915",0.000237628493883914,0.988787584026524,0.0105442712707297,0.000430516208862418,2
"19917",0.000453098530123293,0.993903360524653,5.67155368072769e-06,0.0056378693915424,2
"19919",0.0573000298108961,0.198079780142239,0.741241350731617,0.00337883931524811,3
"19921",0.00803422834559449,3.27188643261391e-10,0.991517248080233,0.000448523246983674,3
"19923",0.812825045135367,2.5930644400017e-22,3.66007123476003e-08,0.18717491826392,1
"19925",0.000178334591455598,0.998196127204801,0.000793823923914511,0.000831714279828654,2
"19927",0.0402854342260212,2.85371808006863e-10,0.957802011633448,0.00191255385515908,3
"19929",1.7203779850497e-14,0.0348966258764846,5.75546502400426e-10,0.965103373547952,4
"19931",0.847449463572796,4.19478547951299e-11,0.128290305539165,0.0242602308460904,1
"19933",0.99438136057799,2.24755548075246e-09,1.47975763729344e-05,0.00560383959808164,1
"19935",0.970353716999058,1.63332774551007e-11,0.000269406828241902,0.029376876156367,1
"19937",0.015650313476074,4.71154062226366e-12,0.983177448693928,0.00117223782528659,3
"19939",0.941583823978992,1.82688848604724e-09,0.0227893875406753,0.0356267866534439,1
"19941",0.717594804980583,1.04784157452974e-06,1.39521015133966e-18,0.282404147177842,1
"19943",3.62924152491085e-07,0.996205524647926,0.000240875056442298,0.00355323737147883,2
"19945",0.990272216500777,3.81693712848247e-10,3.29388515778964e-07,0.00972745372901384,1
"19947",0.000375905642199172,1.45295294185083e-06,9.3722059949532e-17,0.999622641404859,4
"19949",0.967108535591381,1.44025695389419e-22,1.100649398957e-07,0.0328913543436796,1
"19951",0.36354984927157,0.485356135649698,2.45499052360376e-05,0.151069465173495,2
"19953",0.0116026789863102,1.34873118099229e-37,8.28697204985672e-25,0.98839732101369,4
"19955",0.283978715018745,6.59457623497885e-29,2.6956420039432e-18,0.716021284981255,4
"19957",0.0125728158316647,0.00121711748850634,1.15423814308755e-06,0.986208912441686,4
"19960",0.788096389822437,9.05758000442612e-16,1.58951832927981e-18,0.211903610177562,1
"19963",4.54000172744321e-14,2.75114353650504e-15,2.88825349942145e-37,0.999999999999952,4
"19965",0.96801558229247,7.35701352893532e-33,8.70952931474347e-28,0.0319844177075296,1
"19968",1.09000209821539e-05,0.00109338058897059,5.58372076065187e-09,0.998895713806326,4
"19971",3.34706874114878e-10,5.36358647159475e-07,1.52110368066452e-38,0.999999463306646,4
"19973",0.0138827224787802,0.00119616295709262,0.984699342604561,0.000221771959566334,3
"19975",0.00041690477777088,0.985283421348949,4.52658020285649e-05,0.0142544080712514,2
"19977",2.32564387646921e-09,5.81741645504609e-10,3.32466110158526e-31,0.999999997092615,4
"19979",0.968220914725688,1.19072083154262e-22,2.02598848202465e-35,0.0317790852743124,1
"19981",0.988367241139943,1.08773380191235e-10,0.00694264249394218,0.00469011625734093,1
"19983",0.973966131251659,1.60054342469333e-13,0.0126071523477912,0.01342671640039,1
"19985",0.000198503877316962,0.148920372302091,0.848635430929609,0.00224569289098275,3
"19987",0.916738445659858,0.0176053321090502,0.0116758811504116,0.0539803410806801,1
"19989",0.959707335288032,2.43401391847741e-34,4.12003230514456e-26,0.0402926647119683,1
"19993",0.972280834023137,3.53578967727326e-07,8.69562720078858e-09,0.027718803702268,1
"19995",0.993082084605635,1.63101629905161e-08,1.79653864561281e-08,0.00691788111881598,1
"19997",0.0123692446246811,1.80045277127736e-05,0.986391079556974,0.00122167129063238,3
"19999",5.29589104985285e-05,0.997233105907093,0.00105199728254946,0.00166193789985872,2
"20002",1.34108466240665e-13,6.75991775539651e-11,5.22579340440495e-27,0.999999999932267,4
"20004",0.936850581678034,8.3989965965235e-11,4.02453851058632e-09,0.0631494142134373,1
"20006",0.159198401346994,1.27383282423071e-18,2.31931361984534e-23,0.840801598653006,4
"20008",0.324250591543408,2.92479463491885e-20,8.38716753180914e-23,0.675749408456592,4
"20010",0.96581372340059,5.06052420709302e-17,1.85286911742735e-10,0.0341862764141233,1
"20012",0.00052002556304064,0.13258743829669,4.6946144848681e-06,0.866887841525785,4
"20015",0.942561722573634,1.93199873182404e-29,1.10528502148243e-26,0.0574382774263662,1
"20017",0.000760602196317175,0.000199676041122822,0.998103385627821,0.000936336134739346,3
"20019",0.931426392239062,2.32470913220848e-37,3.27149022638798e-45,0.0685736077609381,1
"20022",0.986299569367566,1.07159862542328e-15,2.51214860399045e-10,0.0137004303812177,1
"20024",0.00185420912002242,6.82519125165773e-52,1.39005320250208e-43,0.998145790879978,4
"20026",0.00185420912002242,6.82519125165773e-52,1.39005320250208e-43,0.998145790879978,4
"20028",0.000360792207746479,0.0196494019306791,0.978397916375233,0.00159188948634155,3
"20030",0.705596054022304,1.65810220314922e-16,1.33401665261963e-23,0.294403945977696,1
"20033",0.144020421317888,0.822502718667934,0.0234011442393516,0.0100757157748262,2
"20035",0.900093213148734,1.2967174560578e-40,6.82848611604311e-43,0.0999067868512659,1
"20037",0.983722737559434,3.81873763642369e-42,3.30616163396628e-39,0.0162772624405658,1
"20039",4.13007166795058e-09,1.81764850975862e-73,2.53131026608008e-53,0.999999995869928,4
"20041",0.967628538587014,5.88171756090335e-17,6.46151637741501e-12,0.0323714614065245,1
"20044",0.805060758956357,1.94883532211645e-14,8.16754649217106e-15,0.194939241043616,1
"20047",0.542223057502334,1.77265953276176e-32,3.5460487931128e-52,0.457776942497666,1
"20050",0.733125899296914,9.58832148462478e-18,6.1650689192351e-19,0.266874100703086,1
"20052",0.836320163166986,0.130677424729973,0.00770675730125808,0.0252956548017829,1
"20054",0.963119611198385,7.41761044690571e-18,3.16683013332999e-16,0.0368803888016153,1
"20056",8.54629031643347e-05,0.910673929140125,2.7885549555834e-11,0.0892406079288253,2
"20058",0.965869614245462,4.85187764966268e-39,1.3835255718809e-25,0.0341303857545375,1
"20060",0.147394409354119,1.94137905596191e-07,0.83766282446839,0.0149425720395857,3
"20062",0.973436094263189,1.26566689346044e-07,0.0216102917392455,0.00495348743087666,1
"20064",0.996769759758212,8.48705248129281e-07,1.74753608050373e-08,0.00322937406117907,1
"20066",0.667801562865181,1.75410343878573e-24,1.14932471825289e-35,0.332198437134819,1
"20068",0.0211168772908981,2.7013305589116e-10,0.976417613059515,0.00246550937945381,3
"20070",0.378318291188108,5.05984127059493e-15,0.552050955523315,0.0696307532885721,3
"20072",0.671328386400438,2.09480384532416e-37,1.41744801398643e-22,0.328671613599562,1
"20074",2.33528398430595e-14,0.995012708592101,1.32999167398039e-12,0.00498729140654587,2
"20076",0.00963032762125361,0.0271315983108301,6.63409995641356e-06,0.96323143996796,4
"20078",0.994268958336254,5.1318235818138e-11,2.42402553868044e-11,0.00573104158818739,1
"20080",0.987983811754764,5.51252511401333e-28,2.66947672146577e-35,0.0120161882452358,1
"20082",2.36284113182941e-05,6.22718527875155e-40,2.76183233176044e-35,0.999976371588682,4
"20084",0.783576068105442,2.52272101035718e-06,2.81516203834113e-17,0.216421409173547,1
"20087",0.986213356790777,3.9541736955843e-22,3.33198821528043e-11,0.0137866431759031,1
"20090",0.971857197791167,1.29891032572557e-28,9.47516810495722e-34,0.0281428022088335,1
"20092",0.00378193330897731,3.11598730492988e-47,5.02891137852804e-15,0.996218066691018,4
"20096",0.0693486978849865,1.37414269121321e-14,7.47595278257104e-10,0.930651301367404,4
"20098",0.057992345464895,0.437844901981139,0.496606857293201,0.00755589526076471,3
"20101",0.98555026461935,7.4816500605359e-13,8.12128612603073e-29,0.0144497353799021,1
"20104",1.27434246161458e-09,2.13342107205482e-33,1.92680480442544e-14,0.999999998725638,4
"20106",0.992209462565061,6.11922606737465e-12,1.17034750852355e-17,0.00779053742882002,1
"20108",0.0785018517191797,9.83770365364461e-05,0.917710547425768,0.00368922381851558,3
"20110",0.127062313588652,2.96651686686375e-06,5.45661097175495e-11,0.872934719839915,4
"20112",0.98677711608279,1.35754010397097e-16,1.41957105659588e-16,0.0132228839172091,1
"20114",0.925086199655603,5.89394842382247e-05,3.47723779332777e-13,0.0748548608598109,1
"20116",0.913989621234969,5.92024187406486e-06,3.08131707525132e-13,0.0860044585228487,1
"20118",0.96195220940323,0.0206201425174784,0.0100611300473969,0.00736651803189445,1
"20120",0.858226951780032,6.47051044999368e-12,6.03272652697955e-20,0.141773048213498,1
"20122",5.20881031945344e-07,0.999055687574824,2.58235954807441e-07,0.000943533308189079,2
"20124",0.938047048137697,4.32432100842698e-34,2.39707339800435e-31,0.061952951862303,1
"20126",2.36424431482149e-08,6.47522394607107e-51,3.96256453429493e-50,0.999999976357557,4
"20128",6.3708433119018e-05,5.13873507060207e-59,1.31714009329519e-71,0.999936291566881,4
"20141",2.28589715027515e-05,8.23697959284357e-19,2.27152444397731e-07,0.999976913876053,4
"20143",5.17620292358563e-11,0.00714074089721852,1.8948179062845e-24,0.992859259051019,4
"20145",0.988670919530462,7.31383532787152e-13,1.3344794005863e-10,0.011329080335358,1
"20147",0.997859521805129,1.35091648499632e-12,2.2834682482778e-12,0.00214047819123698,1
"20149",6.76677320697982e-07,0.994865541142211,9.76820772688479e-05,0.00503610010319981,2
"20151",0.024521804757436,0.239012845032811,0.7351776510952,0.0012876991145526,3
"20153",0.020016268485483,0.599071335980261,1.10973210347777e-08,0.380912384436935,2
"20155",0.993828985789891,6.69934069650135e-21,1.21657051784766e-20,0.00617101421010874,1
"20157",0.00608213555973209,0.872230572894162,0.0878233392181152,0.0338639523279908,2
"20160",5.30789654360668e-12,0.999850062569201,6.06414855924737e-12,0.000149937419427328,2
"20162",3.4693586110512e-08,0.998996817205079,0.000619794251230711,0.000383353850104508,2
"20164",0.00542462756997187,0.943294746616271,1.70925176911678e-07,0.0512804548885805,2
"20166",0.0920632008382606,1.31969005180136e-15,3.75097448252435e-30,0.907936799161738,4
"20168",3.32193363023123e-11,8.50067356194184e-20,1.65761561193978e-27,0.999999999966781,4
"20170",0.0016123868586005,0.995900126249203,3.49288612341026e-05,0.00245255803096246,2
"20172",0.989273781621535,7.7716543394156e-23,5.06670516209545e-11,0.0107262183277978,1
"20174",4.87588326495941e-06,0.000408781040580654,0.989544650548183,0.0100416925279713,3
"20176",3.4154253165809e-07,3.08978042864103e-20,2.13228728389595e-19,0.999999658457468,4
"20178",1.61230549966974e-12,0.999703816683506,1.49926322355503e-12,0.000296183313382261,2
"20181",0.625446084509851,6.76208474521164e-12,1.71241731715026e-26,0.374553915483387,1
"20183",0.139403474029618,5.57906830548091e-12,0.848595739127988,0.0120007868368148,3
"20186",0.578667193689201,2.55533640325251e-32,0.0026658911312342,0.418666915179565,1
"20188",7.61150993936366e-10,0.999225079394291,2.77581825251144e-11,0.000774919816799775,2
"20190",0.994419332583511,1.44860863473573e-23,2.46842125566641e-26,0.00558066741648926,1
"20193",1.57142748000374e-09,4.31059210337811e-06,1.04503403598246e-27,0.999995687836469,4
"20195",0.106414429803288,0.8540369319698,2.64217373877787e-07,0.0395483740095383,2
"20197",0.991571509304844,1.26900413148968e-19,2.43976901441574e-14,0.00842849069513164,1
"20199",2.89665279078301e-05,0.996178389677193,1.26474563474298e-06,0.00379137904926419,2
"20205",2.84046256841073e-06,5.58167684508088e-47,1.00948820620794e-31,0.999997159537432,4
"20208",0.871899125988067,0.0280317014293012,0.0173538497274115,0.0827153228552204,1
"20210",5.05372892416176e-07,0.999617623669773,0.000138320171187987,0.000243550786146313,2
"20212",0.00501704796974318,0.961980282722918,0.00801564469616623,0.0249870246111727,2
"20216",0.983033049707065,1.27952575962339e-13,5.16860553992726e-15,0.0169669502928021,1
"20219",0.547677176395343,1.12850280623086e-15,5.98493810070095e-17,0.452322823604656,1
"20223",0.032456531044439,3.95659186460633e-54,5.07623544285911e-44,0.967543468955561,4
"20226",0.969936173571159,4.5691122675883e-09,4.64968164042921e-09,0.0300638172100476,1
"20230",0.99296943348199,7.53514030507574e-30,1.40254560224123e-31,0.00703056651800983,1
"20233",2.59426439280047e-12,1.34311871865683e-34,8.74044827548558e-26,0.999999999997406,4
"20235",0.0670946788151033,2.21491084723839e-46,1.29774483186546e-32,0.932905321184897,4
"20239",0.614681997406155,5.56204827598437e-26,7.4627946304054e-14,0.38531800259377,1
"20254",7.54444097755827e-05,7.64353510571443e-43,1.60374090728237e-43,0.999924555590225,4
"20256",0.986014063310642,1.02090385464656e-31,1.30005393201276e-21,0.0139859366893581,1
"20262",0.000441972787677654,0.992921461123209,0.00632003020668681,0.000316535882426834,2
"20270",0.106440490480099,3.62447509154823e-15,1.1521909515404e-19,0.893559509519897,4
"20284",0.0984746510831241,2.24692728418557e-18,1.40401074578574e-06,0.90152394490613,4
"20287",0.873039015560703,7.71142840399136e-44,4.50205962417368e-42,0.126960984439297,1
"20290",0.000463285292245325,1.001165496929e-21,2.14441290197301e-22,0.999536714707755,4
"20293",0.988816695815747,1.95975591854941e-12,3.71216436627874e-08,0.0111832670606495,1
"20296",0.110812299264877,0.398567415772178,0.00519967541087894,0.485420609552066,4
"20301",0.0775079179688843,3.00272769941966e-29,7.61121029885607e-59,0.922492082031116,4
"20304",2.13943987258499e-05,4.72330299174567e-40,9.28442662259538e-32,0.999978605601274,4
"20306",0.965998629351989,7.21229936928992e-37,2.91394430365578e-30,0.0340013706480114,1
"20309",0.978243201758351,1.21192316462296e-13,1.1744114228673e-09,0.0217567970671164,1
"20311",0.968877504630989,4.10230443551868e-12,1.52284660624192e-17,0.0311224953649082,1
"20314",0.123213580474236,0.509625699643644,0.363835434815634,0.00332528506648592,2
"20318",6.21792234401791e-08,0.0101924962430176,1.10602910410345e-21,0.989807441577759,4
"20320",0.527224394841818,9.16041205919176e-14,7.57187482108022e-06,0.472768033283269,1
"20326",0.536294051419088,0.0730356052426504,0.376471140413902,0.0141992029243595,1
"20328",0.720091478176434,5.96087735121727e-27,5.96383307754032e-05,0.279848883492791,1
"20330",0.879780560659456,1.49175518661215e-26,3.16603384308799e-22,0.120219439340544,1
"20336",0.0156351022113422,3.84543790192039e-28,3.11665363249856e-10,0.984364897476992,4
"20338",0.0130664288898805,2.5367355651645e-19,1.74619485871984e-22,0.98693357111012,4
"20340",0.831621967171701,2.61113159334152e-34,2.24920332098733e-33,0.168378032828299,1
"20342",1.81251893070547e-11,5.48235593640107e-36,2.76213142659645e-48,0.999999999981875,4
"20344",0.98331435633725,5.61725817388166e-26,4.00103613304263e-17,0.0166856436627505,1
"20349",0.990433912206877,2.58373467234764e-32,5.15369733268267e-24,0.00956608779312283,1
"20351",0.953906769732298,5.40290122068331e-13,1.15306317224888e-10,0.0460932301518557,1
"20353",0.96395612564948,1.85109727327787e-30,4.62435660972086e-29,0.0360438743505197,1
"20357",0.000116806205211863,2.28610788692987e-53,5.04662272576645e-34,0.999883193794788,4
"20360",7.38451777047277e-07,2.42629639681825e-45,1.75050546908759e-39,0.999999261548223,4
"20364",0.990578431065158,5.94438096654884e-16,1.67468992991841e-10,0.00942156876737259,1
"20366",6.62586637770306e-05,1.09080597619015e-32,6.35249785542896e-16,0.999933741336222,4
"20381",1.52434774571361e-09,2.09394926334799e-08,3.08943585191906e-10,0.999999977227216,4
"20391",0.0179682681013375,1.28332142278992e-43,1.30414206057616e-12,0.982031731897358,4
"20394",0.412560789177078,1.45520810381795e-08,0.558388742356489,0.0290504539143529,3
"20396",6.31629462552455e-06,0.0891308249097794,0.0767325294133623,0.834130329382233,4
"20409",0.837749978074873,0.000191469845028304,2.99473680929928e-09,0.162058549085362,1
"20411",0.872958154593641,1.90357437462036e-36,3.11478147582391e-21,0.127041845406359,1
"20416",5.59210119052046e-05,1.62173029151702e-69,7.58846662058938e-60,0.999944078988095,4
"20418",1.98122001158891e-07,0.639769183942677,0.00542981211380579,0.354800805821515,2
"20420",4.1627092584551e-09,3.00560402539281e-29,1.46470249452901e-17,0.999999995837291,4
"20422",0.935944891577773,5.69905141652361e-20,7.49635859059504e-26,0.0640551084222273,1
"20424",0.957752876465569,6.42449876829249e-34,6.24254955653856e-21,0.0422471235344308,1
"20426",5.08859839775745e-13,2.95089069965583e-29,2.1893132509176e-44,0.999999999999491,4
"20428",0.993504842446196,2.64272264488842e-17,3.95646566856903e-09,0.00649515359733806,1
"20431",0.697318292059358,9.72324020846185e-05,2.81774037489136e-10,0.302584475256783,1
"20433",0.141986160778112,2.06934237087316e-40,2.09510688674667e-45,0.858013839221888,4
"20436",3.04365367611939e-05,2.22216335283521e-22,2.89941992510213e-26,0.999969563463239,4
"20439",8.87369832667875e-06,2.16902149298691e-05,0.970895624590403,0.0290738114963401,3
"20441",0.000495705874305547,5.41704957400735e-33,2.99274685101434e-29,0.999504294125694,4
"20444",1.20022742782876e-10,0.999137914711349,1.78637920176286e-06,0.000860298789426023,2
"20448",0.0735402280002727,2.01999810839923e-06,7.73076678461978e-07,0.92645697892494,4
"20536",0.00499021805175064,6.51186409628428e-14,0.90909357454184,0.0859162074063437,3
"20538",0.00820773732512707,6.3635795035852e-32,1.50202806022958e-14,0.991792262674858,4
"20541",0.867120464374945,1.66198115313791e-34,1.00343239629115e-34,0.132879535625055,1
"20544",0.995238055545119,4.03209617625945e-11,5.69812180349794e-06,0.00475624629275617,1
"20546",0.974765750001621,6.39605589950937e-29,4.28906171164224e-15,0.0252342499983749,1
"20550",0.911065796145165,7.54974535094494e-15,5.94645127150733e-15,0.088934203854822,1
"20553",4.66281206106979e-10,7.22919034823175e-56,1.75517757300141e-94,0.999999999533719,4
"20555",1.92986348912162e-09,1.99518277362101e-44,1.01724371121931e-22,0.999999998070136,4
"20557",0.944440038064813,6.88269092792681e-13,4.91502401749302e-12,0.0555599619295842,1
"20559",0.995086384343029,9.22986764285566e-15,2.24326407444881e-15,0.00491361565695914,1
"20561",0.00698427111354651,0.987514432734989,2.43339407240397e-05,0.00547696221074058,2
"20564",1.61230549966974e-12,0.999703816683506,1.49926322355503e-12,0.000296183313382261,2
"20566",0.970222649799508,8.39622842675756e-12,9.85968143073875e-09,0.0297773403324138,1
"20569",0.000113561817087298,0.991718534940965,0.00506675859563602,0.0031011446463119,2
"20572",8.95489175054448e-06,0.94443809567202,2.57125004008483e-08,0.055552923723729,2
"20574",0.994135173229149,2.89412134729918e-16,3.2117920216833e-21,0.00586482677085081,1
"20576",1.07237960456159e-08,0.999486339766615,2.80677964176305e-12,0.000513649506782766,2
"20578",0.998082543741375,7.44892333157331e-07,3.95205843342467e-06,0.00191275930785814,1
"20580",0.993469316865183,1.71806971130309e-10,3.66399067910322e-06,0.00652701897233076,1
"20583",7.82565802637463e-10,0.999772243383217,1.21058432428257e-10,0.00022775571315846,2
"20586",0.983659586837652,2.91850730508251e-20,1.51050923100812e-07,0.0163402621114251,1
"20589",0.990577530519958,2.03713902096831e-35,1.21730815933433e-23,0.00942246948004166,1
"20591",0.0588527595188864,5.2731043696019e-24,7.60240981404023e-09,0.941147232878704,4
"20593",0.94252844164629,1.31389063839536e-35,1.4997022716322e-50,0.0574715583537097,1
"20595",0.992482530173373,4.77074727473655e-13,2.04212036120157e-13,0.00751746982594528,1
"20597",2.69689181544788e-08,1.10619625320511e-18,0.00595949030734673,0.994040482723735,4
"20599",1.00605058909508e-11,0.999651987799498,2.80432622900491e-14,0.000348012190413822,2
"20601",0.146012966985596,4.10973079817361e-07,0.852802893323099,0.0011837287182257,3
"20604",0.993122014837317,2.29125325167432e-22,2.14796784392725e-31,0.00687798516268345,1
"20606",0.987765025133934,3.26921411958566e-26,1.31379920613372e-27,0.0122349748660658,1
"20608",0.986742921081304,8.46917251445145e-22,6.51968692831346e-20,0.0132570789186961,1
"20610",3.89620024764812e-06,0.991453867825415,2.76333356445751e-11,0.00854223594670418,2
"20612",2.69209197745667e-11,2.94986476415616e-40,2.1665401123564e-38,0.999999999973079,4
"20614",1.762965278658e-06,0.999267453975766,0.000190906382610017,0.000539876676345504,2
"20616",0.545175026365069,2.9102473586787e-07,0.00596937051115029,0.448855312099045,1
"20618",7.20428477433678e-05,1.58598874180412e-24,1.14331329744822e-20,0.999927957152257,4
"20620",0.637049741154539,4.09279656563415e-18,3.30077481703463e-28,0.362950258845461,1
"20622",9.2739216025456e-07,0.996937501847891,1.86235657471546e-11,0.00306157074132491,2
"20624",0.720741587338257,1.20609396556798e-33,1.07120908345578e-22,0.279258412661743,1
"20626",0.21792154049329,2.53567794083173e-13,4.29023192677932e-15,0.782078459506452,4
"20628",0.110546751992143,3.66545074689791e-22,3.45282645518781e-13,0.889453248007512,4
"20630",0.945517070767506,2.08349995795304e-10,4.62669920156283e-16,0.0544829290241435,1
"20632",1.5947819352456e-09,0.998659735271914,1.60597059909662e-06,0.00133865716270457,2
"20634",0.992962909424683,4.33494852102293e-26,2.2060063024094e-26,0.00703709057531656,1
"20637",0.00225237071948141,9.80147726375462e-24,7.71540140809508e-35,0.997747629280519,4
"20639",7.27562643887197e-05,0.991008507593683,1.04543689388114e-08,0.00891872568755954,2
"20644",1.92734538787325e-09,4.1528413876937e-66,3.87659657611935e-84,0.999999998072655,4
"20646",9.38022819476483e-05,2.06383600467506e-35,7.43768034540193e-44,0.999906197718052,4
"20648",0.0168244983346789,0.694992373686209,0.285260637645199,0.0029224903339132,2
"20650",0.107447565093022,2.54857162487562e-39,1.08260208602349e-32,0.892552434906978,4
"20653",0.178322743566037,6.62574363875862e-11,0.000353797412991433,0.821323458954714,4
"20658",0.90658329365199,3.46654589972873e-34,1.1361221420878e-22,0.0934167063480098,1
"20661",5.54700619989528e-06,9.9286535571774e-46,4.08219278210468e-24,0.9999944529938,4
"20663",0.990619434497741,5.0345813185272e-15,0.0013668864832895,0.0080136790189647,1
"20665",2.85649466826493e-11,0.999039302166483,1.80874708677439e-13,0.000960697804771477,2
"20667",0.673475411869679,3.98392810910587e-14,3.49444622218258e-09,0.326524584635835,1
"20669",9.67683539501965e-07,3.10467614068998e-17,0.0509329804284825,0.949066051887978,4
"20671",0.33040879099161,8.95898589067334e-16,9.39000161359502e-19,0.66959120900839,4
"20673",7.66867813182790e-09,1.8315827317593e-12,0.0191503616165191,0.980849630712971,4
"20675",0.173521429156082,1.45540361288841e-17,0.413291224929013,0.413187345914905,3
"20677",0.969815910238952,1.76136899051886e-17,0.000658615547938823,0.0295254742131087,1
"20679",5.00727325853188e-07,8.64383526729978e-07,0.186048188627101,0.813950446262046,4
"20681",0.00075187777609092,1.23028979532578e-16,0.995349585829137,0.00389853639477219,3
"20683",0.933624747832869,1.90156926376029e-16,3.10891559061574e-06,0.0663721432515407,1
"20685",1.47868216050481e-08,8.65033497646496e-31,1.04844614478609e-17,0.999999985213178,4
"20687",6.3439137450227e-05,0.0259403424694419,0.973252467368239,0.000743751024868623,3
"20689",6.82428104461286e-10,1.53820630885861e-71,2.87611161484079e-64,0.999999999317572,4
"20691",2.45378507369961e-09,0.999124495538261,5.41798887601724e-06,0.00087008401907778,2
"20693",0.92806075770586,5.43317641538788e-37,7.45141542982236e-30,0.0719392422941398,1
"20695",0.121610790311537,0.174330543155907,0.67770941101028,0.026349255522276,3
"20697",0.980845572524503,2.35260833799997e-13,1.17198946617849e-22,0.0191544274752623,1
"20699",0.987441809539408,4.55242824096961e-14,0.000622401146873642,0.0119357893136724,1
"20701",0.985972802875928,1.71398718840195e-26,4.43956593756456e-10,0.0140271966801156,1
"20703",2.86612348614941e-11,2.95975735442785e-26,5.55340443451555e-17,0.999999999971339,4
"20705",0.961710486299515,2.27013115210552e-25,1.03307542443842e-18,0.0382895137004851,1
"20707",0.101620381651366,3.76178284279887e-08,0.893216291163701,0.00516328956710518,3
"20709",0.21842668365775,0.00258171599768728,1.04381159359239e-06,0.778990556532969,4
"20713",0.00157933281319089,5.31580208214469e-12,0.00025771722495977,0.998162949956533,4
"20715",1.15251091039977e-06,3.86539295413279e-26,2.40847683759561e-71,0.99999884748909,4
"20717",0.0132880179088374,0.000663307351630342,0.975601255454816,0.0104474192847159,3
"20720",0.989986996112419,9.20742600821976e-16,1.62061483264119e-15,0.0100130038875783,1
"20722",0.986221464059834,3.06208451144511e-14,5.70514407250884e-10,0.0137785353696208,1
"20724",0.00107280899248992,0.000675162913732154,0.998046396479156,0.000205631614621909,3
"20726",0.94780878638086,1.87312524615634e-35,1.09536753355322e-29,0.0521912136191398,1
"20728",0.000313841477687832,3.30702404189282e-12,0.998913719271871,0.000772439247134425,3
"20730",0.023647939428968,0.00615194091677411,0.968644029557979,0.00155609009627927,3
"20732",0.118270524902702,9.69779498717569e-31,5.77756341079778e-24,0.881729475097298,4
"20734",0.992327683706415,8.11908888261992e-12,0.00043739749868711,0.00723491878677858,1
"20736",4.73492265494261e-05,0.999119397265936,9.10210779500272e-05,0.000742232429564042,2
"20738",3.72071457727775e-07,3.12057694759731e-23,6.69777040138841e-41,0.999999627928542,4
"20740",0.0318759744619684,9.03450562078615e-49,8.86986351190627e-15,0.968124025538023,4
"20742",0.0285515495533595,4.10532263229854e-14,0.870518012018,0.1009304384286,3
"20744",6.85482092987474e-08,0.995284931965549,0.000148613614534817,0.00456638587170672,2
"20746",0.898623459568786,5.73479149194154e-11,0.0961746032325732,0.00520193714129271,1
"20748",0.000963921632148559,0.0270093484563817,0.971238243496979,0.000788486414490474,3
"20750",0.0152716046748791,0.585692706055016,0.394674771391108,0.00436091787899688,2
"20752",0.992511950300337,4.49560180870754e-21,3.24541101116345e-08,0.00748801724555323,1
"20754",4.08108562941692e-08,6.69406289019434e-13,0.000978446112048084,0.999021513076426,4
"20756",0.889565251678638,0.0732956784515357,0.00757118556567379,0.0295678843041524,1
"20758",7.27430695320751e-06,1.66003099582274e-10,5.02633260194174e-16,0.999992725527043,4
"20760",0.000303807326355482,0.0150070605184571,0.983694949746292,0.000994182408895012,3
"20762",1.19466082851277e-07,5.93841905793999e-16,0.00264748453354195,0.997352396000375,4
"20764",0.000126858643849009,0.70126646767997,0.209165704619377,0.0894409690568034,2
"20766",0.00140408528197734,0.313140514816273,0.684123251590694,0.00133214831105575,3
"20768",0.00321381595654764,0.99295302230049,0.00314548610430984,0.000687675638652675,2
"20770",0.106989148145403,1.95994258454459e-16,0.00160916695977216,0.891401684894825,4
"20772",0.99164173292366,8.55064503911073e-23,7.62656009586959e-27,0.00835826707634027,1
"20774",0.0262704848085941,8.203387283967e-56,4.83047865393658e-59,0.973729515191406,4
"20776",0.894471965217316,2.61159646429048e-22,0.00826680874696058,0.0972612260357238,1
"20778",7.08786160023104e-05,1.97477553929049e-49,2.22616677114352e-74,0.999929121383998,4
"20780",7.32297481729231e-12,2.43499265571191e-13,2.82879425992697e-15,0.999999999992431,4
"20782",2.2081236974939e-09,3.19454889396374e-12,0.000243888966744182,0.999756108821938,4
"20784",1.17832477568557e-06,1.05741038517879e-14,0.000668840970066848,0.999329980705147,4
"20786",6.81532904645247e-12,0.970805423016759,4.57641779642257e-11,0.0291945769306611,2
"20788",0.122735731179325,8.50972893215895e-09,0.874299202794842,0.00296505751610402,3
"20790",0.000308449158714018,6.66231885204389e-05,0.971447779181613,0.0281771484711527,3
"20792",0.639455214363163,0.0001525962894269,2.01978650306555e-05,0.360371991482379,1
"20794",2.21717567901047e-05,0.000153962232540072,0.988833051757318,0.0109908142533519,3
"20796",0.990148198994386,3.59419070764863e-30,2.30119527756679e-22,0.00985180100561373,1
"20798",1.61230549966974e-12,0.999703816683506,1.49926322355503e-12,0.000296183313382261,2
"20801",1.83687855081447e-06,2.62374180963514e-05,7.99295098917606e-23,0.999971925703353,4
"20803",0.910434921928144,7.42506806452552e-12,0.052400758525834,0.0371643195385965,1
"20805",0.991892654117123,2.22609931428836e-16,8.48484380922829e-05,0.00802249744478486,1
"20807",1.61230549966974e-12,0.999703816683506,1.49926322355503e-12,0.000296183313382261,2
"20809",0.0795041683313664,3.71629738696169e-15,0.0111446505580636,0.909351181110566,4
"20811",0.000238120411004889,4.4802176021008e-07,1.78434337885349e-19,0.999761431567235,4
"20813",0.374672968029198,7.08161218781811e-06,2.99345639565944e-10,0.625319950059269,4
"20815",1.39783860572438e-14,0.38586405880946,1.40303486783936e-15,0.614135941190525,4
"20817",0.00272591656441544,1.57972091386794e-05,0.99701604331258,0.000242242913866218,3
"20819",0.973107551447885,3.11462869827182e-18,0.00273215914853534,0.0241602894035794,1
"20821",4.01876216070218e-09,9.32631310187078e-27,9.9896390324679e-43,0.999999995981238,4
"20823",0.990183858652201,2.13989715626434e-08,0.00186282902852262,0.00795329092030478,1
"20825",0.00124627579976781,3.71825723689799e-07,0.997833954609204,0.000919397765304826,3
"20827",0.0372847039497369,0.59228065177464,1.98885428854889e-06,0.370432655421335,2
"20829",0.313154624942635,9.55251086231204e-27,1.53807376534976e-30,0.686845375057365,4
"20831",0.00711513839225272,2.19905962683164e-09,0.989055352291591,0.00382950711709692,3
"20833",2.81301011979392e-12,3.03349524309264e-12,1.20993920650171e-06,0.999998790054947,4
"20835",0.0043653609066455,0.00606666282290398,0.987298707122058,0.00226926914839292,3
"20837",0.0448842783509658,0.0107090107402629,0.934844445661679,0.009562265247092,3
"20839",0.00148744803692373,0.00218096879453793,0.995549132707287,0.000782450461251639,3
"20841",0.359842230529006,5.25812267200397e-29,3.24364727308164e-12,0.64015776946775,4
"20843",0.167050548970373,2.07089534727367e-13,0.826681195780979,0.00626825524844095,3
"20845",0.263337187513965,0.00112479701006845,0.361092015829935,0.374445999646031,4
"20847",0.990009922295648,4.69075837835078e-12,8.09284209812502e-06,0.0099819848575632,1
"20849",0.981640214641195,4.34976696897607e-09,5.35151588411914e-07,0.0183592458574492,1
"20851",0.977295221199667,1.69487213660328e-15,4.71480752798028e-08,0.0227047316522556,1
"20853",0.919868809547967,1.09770985294953e-28,1.68483578667511e-22,0.0801311904520331,1
"20855",0.881020154849995,2.39040020439662e-15,6.3651495169622e-24,0.118979845150003,1
"20857",0.982313614290907,2.42839421899169e-10,0.000429446656992873,0.0172569388092605,1
"20859",0.99634483671499,1.684011016064e-12,1.22530068323493e-10,0.00365516316079559,1
"20861",4.33028381257468e-07,1.52300230945874e-22,1.78116119794291e-15,0.999999566971617,4
"20863",0.000107080720784273,0.997322602169264,0.000901600344543001,0.00166871676540846,2
"20865",0.00845833011990315,5.2709874245804e-11,0.9568543234671,0.0346873463602873,3
"20867",0.452062946131203,6.56939358857661e-46,3.81216188423151e-56,0.547937053868797,4
"20869",0.00228907524515891,0.991482864419014,0.000658139771264463,0.00556992056456226,2
"20871",0.0284887666564503,6.55067076005884e-25,5.86393599944184e-50,0.97151123334355,4
"20873",0.720062084934536,2.73664935166965e-17,2.14472440017641e-35,0.279937915065464,1
"20875",0.993984645155893,4.53958006221478e-18,9.38357392842859e-14,0.00601535484401339,1
"20878",1.51001064456629e-14,0.000999766574796635,4.35690616349482e-15,0.999000233425184,4
"20880",1.75302388505597e-12,3.32899774939868e-11,3.02207533130545e-10,0.99999999966275,4
"20882",0.9348622732689,3.48387786252873e-27,3.326471020166e-28,0.0651377267310996,1
"20884",0.015394820166269,0.034284977501439,0.946280702142164,0.00403950019012766,3
"20886",0.0042382430590468,0.993176880131106,0.000577891761049927,0.00200698504879716,2
"20888",1.90366174895115e-08,2.41602989640321e-05,0.68220072224955,0.317775098414869,3
"20890",0.00871685477171636,0.0512716669739291,0.939588163394648,0.000423314859706731,3
"20892",0.975775632030274,8.83325360545077e-16,1.37782177589807e-06,0.024222990147949,1
"20897",0.945790361772754,5.93922445869699e-08,8.23545524210198e-05,0.0541272242825807,1
"20899",0.941916066964649,1.43245721705433e-05,0.0334041327294786,0.024665475733702,1
"20901",1.58551122674731e-10,5.12062321824653e-53,6.84573753693205e-45,0.999999999841449,4
"20903",2.67513758216795e-05,6.28413998183051e-28,5.96416827386393e-65,0.999973248624178,4
"20905",0.000437585191747201,5.5450249943505e-21,4.49690627627297e-31,0.999562414808253,4
"20907",0.876344234801841,2.08450631436273e-32,4.50791826968273e-21,0.123655765198159,1
"20909",0.358263434858887,2.09476606208889e-08,2.01280027771663e-07,0.641736342913424,4
"20911",1.72230973936581e-11,1.55530397674797e-69,3.5121399855291e-68,0.999999999982777,4
"20913",0.813572149223664,6.1188426854391e-06,0.1162815223482,0.0701402095854511,1
"20962",0.997706452966958,9.37075629096267e-12,1.13331025251352e-06,0.00229241371341918,1
"20969",0.835867579997134,1.05540933309079e-08,5.93258306571047e-18,0.164132409448773,1
"20980",0.99070204699694,2.60534615848258e-10,4.62116725566009e-08,0.00929790653085267,1
"20982",0.995304387773105,2.01248141009838e-21,6.94329806634556e-11,0.00469561215746204,1
"20984",0.56366710415449,1.64297642068311e-08,0.0131269041862024,0.423205975229544,1
"20994",0.964817132526522,1.26929020918416e-13,4.45394001286484e-17,0.035182867473351,1
"21015",0.000387388262860033,0.0103368119802557,0.255632585819859,0.733643213937025,4
"21023",0.864191441648627,1.81142937564941e-30,8.65577581922529e-25,0.135808558351373,1
"21040",0.146316331256209,6.20330619504653e-36,5.33173196536996e-14,0.853683668743738,4
"21073",0.801742426051468,5.41010727018557e-13,3.37158552557584e-08,0.198257540232136,1
"21222",0.0174186653000765,0.0132767936661642,0.967242341352595,0.00206219968116478,3
"21224",0.963775766545422,8.10565928550964e-08,0.019587108697411,0.0166370437005741,1
"21228",0.000273691661984519,6.50339377241729e-12,5.05809542692675e-24,0.999726308331512,4
"21232",0.978448969838435,5.86746553715684e-31,7.90285394297845e-22,0.0215510301615652,1
"21237",0.0564801713011102,1.40590900275108e-27,8.74416470269324e-36,0.94351982869889,4
"21240",0.001491558799474,4.66054362534698e-07,0.998123805660231,0.000384169485932762,3
"21245",0.000485008415720271,0.0162120904216802,0.982954514269873,0.000348386892726752,3
"21252",0.929532636271795,5.02058051186212e-35,3.34643289727294e-16,0.070467363728205,1
"21254",0.642261895846471,1.76056655251494e-23,1.48217296456222e-13,0.357738104153381,1
"21258",0.889608034925544,5.63910815946414e-10,1.75035009612085e-11,0.110391964493042,1
"21264",0.300053882132718,0.22076980325042,0.469109267494244,0.0100670471226179,3
"21305",0.00334904747452726,2.00782740295642e-12,8.04241795323154e-09,0.996650944481047,4
"21333",0.97872938923504,4.80591085948566e-27,7.6969923789092e-10,0.0212706099952603,1
"21366",0.784145384377626,1.80906581219717e-09,0.149700103597674,0.0661545102156332,1
"21377",6.14570222245853e-07,0.998683004034025,8.43946973282341e-08,0.00131629700105573,2
"21380",2.03665476634558e-09,1.72410770611955e-29,1.82042149516959e-42,0.999999997963345,4
"21387",8.89965796041404e-13,1.39897448167802e-75,1.3136843665038e-65,0.99999999999911,4
"21390",0.889723522207698,3.69959063320183e-30,5.59864962146154e-17,0.110276477792302,1
"21392",0.957496525544986,9.12199771609043e-11,4.07525600852495e-07,0.0425030668381933,1
"21403",0.980476518911327,3.08864491374246e-07,1.00336795526359e-12,0.019523172223178,1
"21408",0.959026458140406,1.45040817473985e-18,3.33074982285156e-23,0.0409735418595938,1
"21412",0.000203595549537782,1.84569734481588e-22,3.63810265890331e-29,0.999796404450462,4
"21421",0.948628175291796,2.8462958324863e-08,0.0420366093069356,0.00933518693831034,1
"21424",0.00371877489894309,1.76176280313477e-42,3.71197778686702e-39,0.996281225101057,4
"21429",0.989221610140474,7.93824450074808e-15,2.4603912654838e-17,0.010778389859518,1
"21431",0.973982359100614,1.41360677795062e-09,0.000277019248186956,0.025740620237592,1
"21436",3.2031932853579e-05,3.62643327481852e-18,8.22796093617565e-06,0.99995974010621,4
"21439",0.998764175881225,2.59517526142782e-07,1.25622832969822e-08,0.0012355520389658,1
"21442",0.89173045351135,0.00144345344196547,0.000124579674244344,0.106701513372441,1
"21444",0.000606535637654997,1.01861196704313e-10,0.99695814028796,0.0024353239725238,3
"21446",2.92457123028689e-14,4.09328054001459e-05,4.06710021550541e-17,0.999959067194571,4
"21448",2.73403488184841e-13,3.61178124748093e-40,2.60385916998869e-27,0.999999999999727,4
"21450",0.618616973738876,3.2217562914441e-10,3.21412984239623e-14,0.381383025938916,1
"21452",0.92695321940282,2.31336405929406e-24,1.12910550936155e-14,0.0730467805971684,1
"21466",0.826410417330586,1.09457105787308e-41,1.12255780026307e-29,0.173589582669414,1
"21470",0.996631119945979,2.16864882735411e-12,1.79027025351569e-08,0.00336886214914945,1
