"","V1","V2","V3","best$classification"
"19811",0.0763210016604285,0.0322543546166469,0.891424643722925,3
"19813",3.05326101181361e-07,0.999997780997515,1.91367638424458e-06,2
"19815",0.920466990255652,0.00977440271771892,0.0697586070266288,1
"19817",0.141168999679224,0.00131997175408464,0.857511028566691,3
"19819",0.233286184386719,0.766713815613264,1.68806009501309e-14,2
"19821",0.16473842385995,0.0699009462353496,0.765360629904701,3
"19823",0.00783290194133133,0.991531034252026,0.000636063806642939,2
"19825",3.00013195535524e-07,0.999999699986755,4.92937642746622e-14,2
"19827",0.0122540425010748,0.00355009523769576,0.984195862261229,3
"19829",0.816440436525997,0.183547570580491,1.19928935122667e-05,1
"19831",0.0376271330070047,0.962372866992984,1.11689472722594e-14,2
"19833",7.11408677254907e-16,0.999999999999999,1.93414459459505e-22,2
"19835",0.16473842385995,0.0699009462353496,0.765360629904701,3
"19837",0.0383177163390312,0.00109505927554328,0.960587224385426,3
"19839",0.0677108917398474,0.932283669259654,5.43900049910585e-06,2
"19841",8.672669708901e-10,0.706893100313066,0.293106898819667,2
"19843",0.0199554261615958,0.980044573838404,4.18722505290286e-18,2
"19845",0.00131315496582775,0.94410336916714,0.0545834758670317,2
"19847",0.923580549669686,0.0735497575218583,0.00286969280845607,1
"19849",6.48163778230267e-08,0.999797402580386,0.000202532603236105,2
"19851",0.0456950072747569,0.003794398333827,0.950510594391416,3
"19853",2.2850135611821e-05,0.965132424473731,0.0348447253906567,2
"19855",0.0117367882409502,0.0404733275325393,0.94778988422651,3
"19857",0.684227711385821,0.0344701349795711,0.281302153634608,1
"19859",0.17807540455738,0.00868972046058874,0.813234874982031,3
"19861",0.0294700043343464,0.111047974208324,0.859482021457329,3
"19863",4.63087692602617e-14,0.995417881032798,0.00458211896715576,2
"19865",4.65459620183304e-06,0.0015864243729392,0.998408921030859,3
"19867",0.875375754674984,0.0806662187398762,0.04395802658514,1
"19869",1.3058084225927e-06,0.976349046250269,0.0236496479413081,2
"19871",0.177044624856175,0.0021357227907027,0.820819652353122,3
"19874",0.00148982092680924,0.00975467864190049,0.98875550043129,3
"19876",0.000795440570628868,0.00231633886763678,0.996888220561734,3
"19878",0.697030218059075,0.302969781934652,6.27228860478911e-12,1
"19880",8.42953440557343e-09,0.000628925023656033,0.99937106654681,3
"19882",0.0122098324680502,0.840743662577188,0.147046504954761,2
"19885",0.719526768351932,0.00184510959516869,0.2786281220529,1
"19907",0.359432684208098,0.481075954832833,0.159491360959069,2
"19909",0.99239381206324,0.00760611404943167,7.38873288603649e-08,1
"19911",0.945198730419587,0.0547637112573728,3.75583230400439e-05,1
"19913",1.75444908289785e-10,0.00706796412281837,0.992932035701737,3
"19915",0.000622905002464783,0.000476019915261725,0.998901075082274,3
"19917",0.000662991312495217,0.00934421725481769,0.989992791432687,3
"19919",0.0247570878064869,0.0010509738900444,0.974191938303469,3
"19921",0.243437846700396,0.00435662832333355,0.75220552497627,3
"19923",0.89246404435033,0.107535031165713,9.24483957508063e-07,1
"19925",0.000256667353970418,0.00082385276409083,0.998919479881939,3
"19927",0.32174512410989,0.00498987987731259,0.673264996012798,3
"19929",8.49876515984729e-14,0.571989134187518,0.428010865812397,2
"19931",0.969634623244266,0.0125013790817014,0.0178639976740324,1
"19933",0.995163706019876,0.00474324426760412,9.30497125196493e-05,1
"19935",0.97546154440508,0.0245097340172753,2.87215776446965e-05,1
"19937",0.352583456899437,0.00849990658033539,0.638916636520228,3
"19939",0.965637247903863,0.0162144357316264,0.0181483163645107,1
"19941",0.609074120046785,0.390910677907549,1.52020456662415e-05,1
"19943",5.36570051211949e-07,0.00262015505204593,0.997379308377903,3
"19945",0.989470674625598,0.0104956560669874,3.36693074142634e-05,1
"19947",0.000353295773213022,0.997465556729829,0.00218114749695756,2
"19949",0.979164930985565,0.0208349902857278,7.8728707511948e-08,1
"19951",0.195953928665455,0.0818151101257881,0.722230961208757,3
"19953",0.0119153401156015,0.988084659884391,7.12059249910738e-15,2
"19955",0.338854446926226,0.661145550273508,2.80026696302555e-09,2
"19957",0.0105828964202722,0.83857859099819,0.150838512581538,2
"19960",0.76108058624517,0.238919369736978,4.4017851704348e-08,1
"19963",1.93494775824881e-13,0.999999999342838,6.5696888853413e-10,2
"19965",0.951051989128077,0.048948010871922,1.38870630033612e-15,1
"19968",1.61121564712285e-05,0.997041082704129,0.00294280513940024,2
"19971",4.749585213304e-10,0.999955980322393,4.40192026486226e-05,2
"19973",0.0474196632938782,0.000406534815918909,0.952173801890203,3
"19975",0.000300046829014487,0.00944016438544845,0.990259788785537,3
"19977",4.41159733936782e-09,0.999998366892536,1.62869586654405e-06,2
"19979",0.964774873420056,0.0352251265799304,1.31584639179832e-14,1
"19981",0.990340271627582,0.00451747784714573,0.00514225052527172,1
"19983",0.985177737230762,0.00966718959872642,0.00515507317051175,1
"19985",0.000160716823688499,0.000797450773143518,0.999041832403168,3
"19987",0.930817834794224,0.0411152020216793,0.0280669631840967,1
"19989",0.948753253263267,0.0512467467367325,3.72246071993791e-17,1
"19993",0.978730049252172,0.021172077895022,9.78728528063341e-05,1
"19995",0.991255983945809,0.00873640819252526,7.60786166532331e-06,1
"19997",0.08322181337184,0.00326000715496786,0.913518179473192,3
"19999",0.00205010092833316,0.0164649948181501,0.981484904253517,3
"20002",9.75506198268242e-13,0.99999992701069,7.2988334349369e-08,2
"20004",0.949631301683098,0.0503685809482892,1.1736861253195e-07,1
"20006",0.140063330487561,0.859936667662734,1.84970525366637e-09,2
"20008",0.28756862740011,0.712431372543749,5.61413924426414e-11,2
"20010",0.970574407510854,0.029425476714414,1.15774732516639e-07,1
"20012",0.000643477997440738,0.394166529827637,0.605189992174922,3
"20015",0.943155373771191,0.056844626228809,9.72591630297498e-17,1
"20017",0.00406426988514318,0.00155561222044267,0.994380117894414,3
"20019",0.922909429747944,0.0770905702520558,6.22986630093569e-22,1
"20022",0.987645623934971,0.0123542026164106,1.73448618045565e-07,1
"20024",0.00113539828935159,0.998864601710649,5.35123464331168e-25,2
"20026",0.00113539828935159,0.998864601710649,5.35123464331168e-25,2
"20028",0.0010160291862798,0.00105826196989191,0.997925708843828,3
"20030",0.694616874765779,0.305383125229447,4.77371680018799e-12,1
"20033",0.19759302415058,0.0122129532581556,0.790194022591264,3
"20035",0.877935903823877,0.122064096176123,8.21916979674032e-23,1
"20037",0.980825119639707,0.0191748803602934,1.06163588362912e-20,1
"20039",5.81884423499606e-09,0.999999994181156,4.91907213415196e-28,2
"20041",0.961929099450966,0.0380705872603982,3.13288636333297e-07,1
"20044",0.755815595662933,0.244183766062233,6.38274833862543e-07,1
"20047",0.506250116635939,0.493749883364061,6.58905606697621e-19,1
"20050",0.733716135707216,0.266283856201008,8.09177558488739e-09,1
"20052",0.59310329479811,0.0180090071582802,0.38888769804361,1
"20054",0.96315442192085,0.0368455755749311,2.50421846797956e-09,1
"20056",0.0010375909618026,0.676708617881272,0.322253791156926,2
"20058",0.959339589533239,0.0406604104667605,4.3510619395296e-18,1
"20060",0.948653247712159,0.026518525682585,0.024828226605256,1
"20062",0.977419600857039,0.00395743818869862,0.0186229609542618,1
"20064",0.996391114480337,0.00353456516718368,7.43203524793347e-05,1
"20066",0.66226141865764,0.337738581342355,4.48948088069456e-15,1
"20068",0.394139941911847,0.0125731837806068,0.593286874307546,3
"20070",0.897017663144819,0.0630483892966022,0.0399339475585785,1
"20072",0.677737982949204,0.322262017050674,1.22056555631208e-13,1
"20074",2.28324719060466e-13,0.0119673145083048,0.988032685491467,3
"20076",0.00444865367206315,0.656816045823226,0.338735300504711,2
"20078",0.991446200287468,0.00855302414315052,7.75569381490697e-07,1
"20080",0.987086232309907,0.0129137676900934,7.50540039956214e-17,1
"20082",1.89581764785221e-05,0.999981041823521,4.56789180941671e-17,2
"20084",0.713411426335673,0.286538827207586,4.97464567410516e-05,1
"20087",0.982087456689492,0.0179125376951611,5.61534690411499e-09,1
"20090",0.969461455494533,0.0305385445054667,2.81844308554207e-16,1
"20092",0.0052770438982841,0.994722956100955,7.6061146128254e-13,2
"20096",0.0706080228467637,0.929389985902445,1.99125079111798e-06,2
"20098",0.0259254927554015,0.00203030496806365,0.972044202276535,3
"20101",0.979307503275445,0.0206924949072288,1.81732629699522e-09,1
"20104",1.43010673014513e-08,0.999999985608106,9.08266724975524e-11,2
"20106",0.992511742740015,0.00748824445745592,1.28025288824784e-08,1
"20108",0.385583844015753,0.00835957080107301,0.606056585183175,3
"20110",0.142368249358269,0.854689240763091,0.00294250987863962,2
"20112",0.985552076175684,0.0144479178637935,5.96052253801061e-09,1
"20114",0.900523227434711,0.0987885740609179,0.000688198504371651,1
"20116",0.892621858925866,0.107097680771533,0.0002804603026008,1
"20118",0.833184325380272,0.00731156178130282,0.159504112838426,1
"20120",0.828908663569612,0.171091331037776,5.39261262564037e-09,1
"20122",1.09059783401069e-06,0.00190631057258506,0.998092598829581,3
"20124",0.920981283133908,0.0790187168660914,1.63365251249023e-16,1
"20126",2.68909887158908e-08,0.999999973109011,8.82140492707548e-22,2
"20128",5.20493646278742e-05,0.999947950635372,6.24827470264689e-28,2
"20141",0.000103609233787915,0.99988717481111,9.21595510199105e-06,2
"20143",9.92524025635272e-11,0.899688173085622,0.100311826815125,2
"20145",0.988948370899259,0.0110513356363199,2.93464420834382e-07,1
"20147",0.997619873270451,0.0023799815789618,1.45150587453606e-07,1
"20149",1.44553131640551e-06,0.00750764059253435,0.992490913876149,3
"20151",0.0208222306058869,0.000575504949990385,0.978602264444123,3
"20153",0.0281630757970654,0.341306916605869,0.630530007597065,3
"20155",0.994434260330117,0.00556573961196109,5.79215795816132e-11,1
"20157",0.0273766280217421,0.0489019292539953,0.923721442724262,3
"20160",1.11871635516272e-10,0.00138688694925089,0.998613112938878,3
"20162",9.51176168625565e-08,0.000355970872323596,0.99964393401006,3
"20164",0.00557343244829175,0.0443165313307896,0.950110036220919,3
"20166",0.0721578579590916,0.927842141828528,2.12380461103524e-10,2
"20168",9.93066730817235e-11,0.999999998741804,1.15888908536309e-09,2
"20170",0.0214816013200413,0.0255506070337805,0.952967791646178,3
"20172",0.989447674858065,0.010552319563095,5.57883963841052e-09,1
"20174",2.56097796600054e-05,0.00840445523462831,0.991569934985712,3
"20176",8.33604364561909e-07,0.999999161818232,4.57740347089363e-09,2
"20178",5.90289048344339e-11,0.00425764834939057,0.995742351591581,3
"20181",0.56319244223045,0.436807551593561,6.17598917665669e-09,1
"20183",0.820040244923773,0.0323697082314299,0.147590046844797,1
"20186",0.80107912746377,0.198893417523047,2.7455013182996e-05,1
"20188",6.50943467503859e-09,0.00273939168019905,0.997260601810366,3
"20190",0.99413406055882,0.00586593944116203,1.82823022047884e-14,1
"20193",2.13559378368252e-09,0.999951677316822,4.83205475845993e-05,2
"20195",0.148329405477883,0.0574992945718065,0.794171299950311,3
"20197",0.991357031580182,0.00864296545800246,2.96181510654831e-09,1
"20199",0.000202943346141804,0.0151717078321034,0.984625348821755,3
"20205",3.4116227876286e-06,0.999996588377213,4.80056042479789e-17,2
"20208",0.653614689614578,0.0376784134630738,0.308706896922348,1
"20210",1.81197698550886e-06,0.000359836572203915,0.99963835145081,3
"20212",0.00263685207500304,0.00708106244012133,0.990282085484876,3
"20216",0.982314577719753,0.0176854206930779,1.58716879098809e-09,1
"20219",0.482980352897827,0.517019599591292,4.75108810372575e-08,2
"20223",0.039203960554498,0.960796039445502,1.51007795963634e-22,2
"20226",0.979148270535393,0.0208304934410202,2.12360235864954e-05,1
"20230",0.991588973089069,0.00841102691093069,1.78872303196862e-16,1
"20233",2.79560309919903e-11,0.999999999972009,3.50073422837087e-14,2
"20235",0.0657828119078266,0.934217188092173,4.19171764289201e-18,2
"20239",0.675433072168782,0.324566926317665,1.51355305839393e-09,1
"20254",5.80307357216386e-05,0.999941969264278,1.02666065152239e-19,2
"20256",0.983718947877983,0.0162810521216454,3.71578043521887e-13,1
"20262",0.00108987259189674,0.00048453855258553,0.998425588855518,3
"20270",0.131639126080709,0.86836087379581,1.23480723147991e-10,2
"20284",0.205360306107357,0.794637158709891,2.53518275154793e-06,2
"20287",0.880200067935425,0.119799932064575,4.09153627876177e-22,1
"20290",0.000724199633555566,0.99927580031479,5.16547518108249e-11,2
"20293",0.987612731222904,0.0123735772847279,1.36914923682129e-05,1
"20296",0.0520779068262854,0.267892651429919,0.680029441743796,3
"20301",0.0717309638132837,0.928269036186716,1.10781591532995e-18,2
"20304",1.71136787483515e-05,0.999982886321251,2.03504596076365e-16,2
"20306",0.952216951895582,0.0477830481044184,2.52371688894921e-17,1
"20309",0.980795365496212,0.0191988340074579,5.80049632989185e-06,1
"20311",0.955163019349815,0.0448369722778699,8.37231505345235e-09,1
"20314",0.0673467343421061,0.0012250602145356,0.931428205443358,3
"20318",1.16267668932128e-07,0.985878777057553,0.0141211066747784,2
"20320",0.732027283356151,0.267845410620555,0.00012730602329431,1
"20326",0.384530967878014,0.00795754304204774,0.607511489079938,3
"20328",0.885631189639833,0.114363388266065,5.42209410176081e-06,1
"20330",0.888288360891469,0.111711639106232,2.29828364372273e-12,1
"20336",0.0197254619419156,0.980274492413652,4.564443231571e-08,2
"20338",0.00810011411987874,0.991899885851511,2.8609900131827e-11,2
"20340",0.829466155145148,0.170533844854852,9.96494513390751e-17,1
"20342",6.32113764931357e-11,0.999999999936789,9.76002071099717e-18,2
"20344",0.980493309689449,0.0195066903041061,6.44517021272463e-12,1
"20349",0.987913291952675,0.0120867080473234,1.7540674944772e-15,1
"20351",0.942968679595352,0.0570127783946927,1.85420099555822e-05,1
"20353",0.957902300511701,0.0420976994882955,3.60266953792326e-15,1
"20357",0.0001266143197722,0.999873385680228,2.38024320563474e-20,2
"20360",1.68972197315175e-06,0.999998310278027,1.11845811907727e-17,2
"20364",0.992213793744115,0.00778609054742895,1.15708456025997e-07,1
"20366",0.000105426134789441,0.999894573701634,1.63576364877678e-10,2
"20381",7.35527113118962e-09,0.999898476565117,0.00010151607961165,2
"20391",0.0454655245292798,0.954534475415898,5.4822076964451e-11,2
"20394",0.763396139187839,0.0299802374332926,0.206623623378869,1
"20396",2.25147629280046e-05,0.268098346351634,0.731879138885438,3
"20409",0.847487919645441,0.152030557400924,0.000481522953635063,1
"20411",0.827495845173344,0.172504154826389,2.66156960473018e-13,1
"20416",3.95550703326832e-05,0.999960444929667,1.76210043985874e-28,2
"20418",9.00844694125588e-07,0.124643442646842,0.875355656508463,3
"20420",2.60425124341139e-08,0.999999973626046,3.31441689087657e-10,2
"20422",0.932029862677141,0.0679701373228589,4.41622819901764e-16,1
"20424",0.952052469643153,0.04794753035639,4.56767059081027e-13,1
"20426",2.04137272190766e-12,0.999999999997948,1.03026546707655e-14,2
"20428",0.990676690758535,0.00932276043536371,5.48806101615307e-07,1
"20431",0.771384338929682,0.224349913410098,0.0042657476602201,1
"20433",0.136100609318924,0.863899390681076,5.23987651581746e-21,2
"20436",3.61385103479059e-05,0.999963861418467,7.11847972498439e-11,2
"20439",9.28966120892836e-05,0.054456479300924,0.945450624086987,3
"20441",0.000444803210920044,0.999555196789038,4.14296241736421e-14,2
"20444",8.81782051128554e-10,0.00202835176700584,0.997971647351212,3
"20448",0.144573200273484,0.849111313660441,0.00631548606607528,2
"20536",0.161379043584623,0.599601606361443,0.239019350053933,2
"20538",0.0115067797030759,0.988493220086191,2.10733491043617e-10,2
"20541",0.843582328020313,0.156417671979687,8.76111009707989e-18,1
"20544",0.994519342023088,0.00546570450391828,1.49534729932398e-05,1
"20546",0.973621351269481,0.0263786487290491,1.47030232182718e-12,1
"20550",0.916418991145352,0.0835809469577199,6.18969286459472e-08,1
"20553",4.85277397521648e-10,0.999999999514723,4.16254851500119e-30,2
"20555",1.70680555287083e-08,0.999999982931927,1.72306454080622e-14,2
"20557",0.949218661335755,0.0507769917209894,4.34694325526362e-06,1
"20559",0.995348032301998,0.00465196684898835,8.49013974296873e-10,1
"20561",0.0489304144878552,0.0354113504936894,0.915658235018455,3
"20564",5.90289048344339e-11,0.00425764834939057,0.995742351591581,3
"20566",0.975615844161847,0.0243817686397493,2.38719840375198e-06,1
"20569",0.000899500040238845,0.00530937085900531,0.993791129100756,3
"20572",5.24746167005114e-05,0.114091927254319,0.885855598128981,3
"20574",0.992960739715153,0.00703926003339879,2.5144874531837e-10,1
"20576",4.00632573417382e-08,0.00169418776594814,0.998305772170795,3
"20578",0.996010561038316,0.00256934177698281,0.00142009718470131,1
"20580",0.993871573917384,0.0061195964393807,8.82964323500687e-06,1
"20583",7.54002341492347e-09,0.00155008647966176,0.998449905980315,3
"20586",0.986676171700121,0.0133238189925889,9.30729049723875e-09,1
"20589",0.989798279786398,0.010201720213593,8.48671062856745e-15,1
"20591",0.131790657974413,0.868207952314139,1.38971144793887e-06,2
"20593",0.946264258558611,0.0537357414413894,1.58805152979977e-20,1
"20595",0.992063833085813,0.00793598162304372,1.8529114287838e-07,1
"20597",7.33944462619037e-07,0.988734985910641,0.0112642801448963,2
"20599",1.52924311407329e-10,0.00241884634663205,0.997581153500444,3
"20601",0.527986760552252,0.00245110281224581,0.469562136635503,1
"20604",0.992394108788559,0.00760589121142271,1.8260350448476e-14,1
"20606",0.988141174643006,0.0118588253569931,3.34923611169255e-16,1
"20608",0.988024922623967,0.0119750773676671,8.36569270313295e-12,1
"20610",1.31424608638514e-05,0.023667404975887,0.976319452563249,3
"20612",1.08571277592519e-10,0.999999999891427,1.48786731777757e-15,2
"20614",3.76600311401408e-06,0.000573348678635683,0.99942288531825,3
"20616",0.790946668134592,0.209018873451446,3.44584139625682e-05,1
"20618",8.3784224419014e-05,0.999916215698919,7.66621076625061e-11,2
"20620",0.539289544146294,0.460710455847215,6.49134833806646e-12,1
"20622",1.44485608204829e-06,0.00449596059469146,0.995502594549227,3
"20624",0.659264940202663,0.340735059796987,3.50584497841465e-13,1
"20626",0.14756680399992,0.852433041559083,1.54440997141239e-07,2
"20628",0.143816975005833,0.856182885051682,1.39942485020537e-07,2
"20630",0.951073926268553,0.048925859878468,2.13852978540524e-07,1
"20632",2.66721217843468e-08,0.00536373789030126,0.994636235437577,3
"20634",0.992925209423395,0.00707479057659823,6.36137070913048e-15,1
"20637",0.00162444996053546,0.998375550039257,2.07559924329158e-13,2
"20639",0.00315947842328392,0.16794126007957,0.828899261497146,3
"20644",3.25774979126853e-09,0.99999999674225,1.16515430954777e-29,2
"20646",0.000151327272087325,0.999848672727912,3.4406262716623e-16,2
"20648",0.0146023931642355,0.00118123227907688,0.984216374556688,3
"20650",0.0853902599329896,0.91460974006701,6.02880870526994e-17,2
"20653",0.466860163422331,0.532938222515479,0.000201614062190472,2
"20658",0.913955071462262,0.0860449285377122,2.62204487806639e-14,1
"20661",1.18368571216732e-05,0.999988163142868,1.04282517901082e-14,2
"20663",0.992379766188493,0.00695327032329003,0.000666963488216966,1
"20665",5.99225977216025e-10,0.0137154207185776,0.986284578682196,3
"20667",0.674624437010833,0.325373664710676,1.89827849089689e-06,1
"20669",2.18322242304006e-05,0.941173553510968,0.0588046142648016,2
"20671",0.25156216669047,0.748437721138387,1.12171143429587e-07,2
"20673",1.87107473188908e-07,0.890747522667502,0.109252290225025,2
"20675",0.671934997065913,0.324235960928743,0.00382904200534487,1
"20677",0.981490773684988,0.0185042454337426,4.98088126942405e-06,1
"20679",6.15519737438364e-06,0.573856924818981,0.426136919983645,2
"20681",0.115926827218678,0.0796667479363461,0.804406424844976,3
"20683",0.956976292144548,0.0430162277986057,7.48005684570087e-06,1
"20685",7.78525552900786e-08,0.999999922053392,9.40532789773563e-11,2
"20687",0.00018724135476205,0.000832675639738402,0.9989800830055,3
"20689",1.21985683248769e-09,0.999999998780143,4.59201789561536e-28,2
"20691",1.39842326294785e-08,0.00193608464235152,0.998063901373416,3
"20693",0.909270335209453,0.0907296647905471,1.00162918933325e-17,1
"20695",0.0722611004201092,0.00583739389128829,0.921901505688602,3
"20697",0.980793107874596,0.0192068918662767,2.59127513293982e-10,1
"20699",0.989451323615426,0.0101256760870374,0.000423000297537034,1
"20701",0.984164284489828,0.0158356905001082,2.50100638703808e-08,1
"20703",1.12598292231409e-09,0.999999975687571,2.31864461228024e-08,2
"20705",0.959125939031059,0.0408740609688497,9.17003953008179e-14,1
"20707",0.639730609970552,0.0155589965354313,0.344710393494017,1
"20709",0.187809668607663,0.630551896442412,0.181638434949925,2
"20713",0.0049323175627873,0.990418523861006,0.00464915857620623,2
"20715",8.83878116570311e-07,0.999999116121883,3.73803721452486e-16,2
"20717",0.0516364516332342,0.0103035219979941,0.938060026368772,3
"20720",0.98524115473525,0.0147588440512101,1.21354005501886e-09,1
"20722",0.988261276667083,0.011738672983085,5.03498323228668e-08,1
"20724",0.00765269303393852,0.000585546724423761,0.991761760241638,3
"20726",0.950659509746149,0.0493404902538502,3.50814617258962e-16,1
"20728",0.0256039845171266,0.007881979018922,0.966514036463951,3
"20730",0.0308068048851144,0.0014996641816454,0.96769353093324,3
"20732",0.205806403444422,0.794193596554055,1.52374700000681e-12,2
"20734",0.993464785059518,0.00634195036458368,0.000193264575898764,1
"20736",0.000322542775819974,0.0024826395767817,0.997194817647398,3
"20738",4.65086846548677e-07,0.999999534913153,2.02481512207716e-19,2
"20740",0.0470299256408917,0.952970074354459,4.64951902895805e-12,2
"20742",0.40288802866235,0.333055428495077,0.264056542842573,1
"20744",4.74839561887053e-07,0.00924603823592546,0.990753486924513,3
"20746",0.980909924438587,0.00416149538667028,0.0149285801747431,1
"20748",0.0022298055076607,0.000612667908569861,0.997157526583769,3
"20750",0.00623163690992295,0.00150521613353071,0.992263146956546,3
"20752",0.992946246006893,0.00705304868717023,7.05305936806275e-07,1
"20754",5.56509362828089e-07,0.980317692793691,0.0196817506969463,2
"20756",0.371543810328074,0.0132807592223,0.615175430449627,3
"20758",9.22576560751275e-06,0.999987433906887,3.34032750548035e-06,2
"20760",0.00100538005172273,0.000973263865866033,0.998021356082411,3
"20762",3.1891214137514e-06,0.992731586505186,0.00726522437340016,2
"20764",0.000133093597783948,0.0199621904558388,0.979904715946377,3
"20766",0.0016319418638793,0.000419490250103607,0.997948567886017,3
"20768",0.00489961580094726,0.00105263930647235,0.99404774489258,3
"20770",0.254250434005421,0.744411560858672,0.00133800513590653,2
"20772",0.991368926303726,0.00863107369624799,2.56721883995003e-14,1
"20774",0.028103927951946,0.971896072048054,1.48591986121772e-25,2
"20776",0.959540627138058,0.0370095546640575,0.0034498181978846,1
"20778",6.09553135696392e-05,0.99993904468643,1.63018465261942e-25,2
"20780",8.67253071328627e-11,0.999993321861893,6.67805138192114e-06,2
"20782",3.56214425268411e-08,0.982051027335672,0.0179489370428851,2
"20784",1.81581861009363e-05,0.997879012214952,0.00210282959894699,2
"20786",5.20884842185422e-11,0.0707621232226332,0.929237876725278,3
"20788",0.621571331053191,0.00848863439098384,0.369940034555825,1
"20790",0.00185251764131307,0.046710181731338,0.951437300627349,3
"20792",0.72629332199153,0.239876430066343,0.0338302479421267,1
"20794",0.000212257717011367,0.0316209415317068,0.968166800751282,3
"20796",0.990278744089433,0.00972125591050047,6.70867058594754e-14,1
"20798",5.90289048344339e-11,0.00425764834939057,0.995742351591581,3
"20801",1.93407096734344e-06,0.998965922759545,0.00103214316948773,2
"20803",0.960876917133122,0.0282478036111673,0.0108752792557102,1
"20805",0.993334163601153,0.00665090621508088,1.4930183765982e-05,1
"20807",5.90289048344339e-11,0.00425764834939057,0.995742351591581,3
"20809",0.28076802125998,0.710363248090427,0.00886873064959364,2
"20811",0.000433986109220067,0.999565989749,2.41417796404976e-08,2
"20813",0.367587279618573,0.631540419684557,0.000872300696870766,2
"20815",1.29611662912074e-13,0.608323804905064,0.391676195094806,2
"20817",0.0325323947827763,0.000997806559069087,0.966469798658155,3
"20819",0.982210703601194,0.0176327152811006,0.000156581117705873,1
"20821",7.2668016157344e-09,0.999999992733198,2.44573711115291e-16,2
"20823",0.972640300467165,0.00886214746586771,0.0184975520669676,1
"20825",0.0207787457566787,0.00356033132184089,0.97566092292148,3
"20827",0.0291918785204564,0.167751813338387,0.803056308141156,3
"20829",0.281710968194376,0.718289031805624,5.03216656342973e-19,2
"20831",0.273899421229138,0.0326237467895822,0.69347683198128,3
"20833",9.15837577645708e-11,0.989595073091512,0.0104049268169043,2
"20835",0.00965656188847832,0.00158996536871308,0.988753472742809,3
"20837",0.0627176486488041,0.00428858937477658,0.932993761976419,3
"20839",0.00688439257838109,0.000847916049968831,0.99226769137165,3
"20841",0.376765411293156,0.623234550636539,3.80703050125679e-08,2
"20843",0.882509345571356,0.0121767597311287,0.105313894697516,1
"20845",0.0699234367389897,0.0894148522510228,0.840661711009987,3
"20847",0.98776476612379,0.0121851949424891,5.00389337205023e-05,1
"20849",0.981572366596736,0.0183749284853068,5.27049179575156e-05,1
"20851",0.982704901470651,0.0172902725813609,4.82594798784658e-06,1
"20853",0.925703392195032,0.0742966078047367,2.3096215712566e-13,1
"20855",0.842862751240859,0.157137248715057,4.40844230956586e-11,1
"20857",0.985834617730182,0.0136333362899083,0.000532045979909542,1
"20859",0.996248465348808,0.00375036325567118,1.17139552054367e-06,1
"20861",1.51910971709792e-06,0.999998470978105,9.91217739802637e-09,2
"20863",0.000825653681392348,0.00342137773058286,0.995752968588025,3
"20865",0.245570314639742,0.229648473249851,0.524781212110407,3
"20867",0.427769129266994,0.572230870733006,8.13373760185753e-23,2
"20869",0.0129222174868997,0.0214168734042083,0.965660909108892,3
"20871",0.0251754075200843,0.974824592479916,4.18326397908743e-17,2
"20873",0.706468021585026,0.293531978390194,2.47798703178456e-11,1
"20875",0.993006832129249,0.00699314285031968,2.50204309006285e-08,1
"20878",3.1969864318633e-13,0.996775360567602,0.00322463943207845,2
"20880",3.6660768364143e-11,0.999518196249483,0.000481803713856591,2
"20882",0.925620218543732,0.074379781456268,1.11292016002256e-17,1
"20884",0.0185570145845359,0.00156078704354147,0.979882198371923,3
"20886",0.0107319581466889,0.00387788809872315,0.985390153754588,3
"20888",1.84994062803482e-07,0.229924224196431,0.770075590809506,3
"20890",0.0127323511027097,0.000411131015451296,0.986856517881839,3
"20892",0.981488362511908,0.0184726257596605,3.90117284320885e-05,1
"20897",0.962169097046363,0.0343720470917624,0.00345885586187404,1
"20899",0.962401988511239,0.0200558959167214,0.0175421155720393,1
"20901",3.31512904694745e-10,0.999999999668487,6.84868015732925e-23,2
"20903",2.65381354862096e-05,0.999973461864514,1.31891699757467e-17,2
"20905",0.000338669556561198,0.999661330442925,5.13650676308701e-13,2
"20907",0.882723291105233,0.117276708894299,4.67223599434877e-13,1
"20909",0.426731272278922,0.56520612245853,0.00806260526254806,2
"20911",3.58883129929941e-11,0.999999999964112,1.15840857352293e-29,2
"20913",0.773770236120951,0.0330448654052774,0.193184898473772,1
"20962",0.997487443799313,0.00247176706481134,4.0789135876026e-05,1
"20969",0.797244224559225,0.202752819373402,2.95606737258836e-06,1
"20980",0.989348325751522,0.0106479908325053,3.68341597282038e-06,1
"20982",0.99512624421527,0.00487371186928808,4.39154421381201e-08,1
"20984",0.666965302303596,0.318376327634619,0.014658370061785,1
"20994",0.962103705712527,0.0378962918264088,2.4610641375563e-09,1
"21015",0.00010506249844348,0.0469887066734741,0.952906230828082,3
"21023",0.839544992062377,0.160455007937439,1.84410940363697e-13,1
"21040",0.278364028652152,0.721635971343343,4.50459090470102e-12,2
"21073",0.796685860856039,0.203300034291749,1.41048522120236e-05,1
"21222",0.0185543875381115,0.0011881268850171,0.980257485576872,3
"21224",0.986456239275474,0.0118054026556317,0.00173835806889385,1
"21228",0.000493241774924817,0.999506550570617,2.07654457697943e-07,2
"21232",0.979895672568504,0.0201043274313775,1.18758705669019e-13,1
"21237",0.0778705203873612,0.922129479612596,4.27064761873735e-14,2
"21240",0.0438920632997643,0.00324613355033129,0.952861803149904,3
"21245",0.00142366028584347,0.000347740260288996,0.998228599453867,3
"21252",0.926018857169461,0.0739811428288134,1.72529281097026e-12,1
"21254",0.61914774315675,0.380852249776503,7.06674712834425e-09,1
"21258",0.819612343346108,0.18038420568855,3.45096534158628e-06,1
"21264",0.151268196188971,0.00356615247323527,0.845165651337793,3
"21305",0.011264991121155,0.988719522040472,1.54868383728662e-05,2
"21333",0.981301099634412,0.0186988735292439,2.68363439967057e-08,1
"21366",0.955612677422726,0.0322010785217614,0.012186244055513,1
"21377",2.56396056276586e-06,0.00442047193549155,0.995576964103946,3
"21380",4.46322214957469e-09,0.999999995536776,2.09209723513611e-15,2
"21387",2.22826716758897e-12,0.999999999997772,5.99304751476306e-30,2
"21390",0.891664850184301,0.10833514981206,3.63886787990632e-12,1
"21392",0.962535124287182,0.0373929698349048,7.19058779136021e-05,1
"21403",0.968615755840721,0.0313784751293521,5.76902992727231e-06,1
"21408",0.961574119663327,0.0384258803350902,1.58246761781739e-12,1
"21412",0.00029576587196216,0.999704234116192,1.18461124919543e-11,2
"21421",0.975468758806084,0.00719190485563565,0.0173393363382802,1
"21424",0.00248912974028319,0.997510870259717,2.38165496669852e-19,2
"21429",0.988569564613212,0.0114304325090137,2.8777737122595e-09,1
"21431",0.981581540857021,0.0171149069200512,0.00130355222292763,1
"21436",0.000148349602702408,0.999656858994121,0.000194791403176638,2
"21439",0.998252539397749,0.00170554704544169,4.19135568087691e-05,1
"21442",0.821360568032518,0.0950852846135097,0.0835541473539719,1
"21444",0.0200678062796231,0.00934261684658678,0.97058957687379,3
"21446",8.7058866601414e-13,0.985861923130781,0.0141380768683482,2
"21448",5.11256799325349e-12,0.999999999994811,7.64409677755759e-14,2
"21450",0.658165031979106,0.341829816495777,5.15152511718649e-06,1
"21452",0.911805280317234,0.0881947184244383,1.2583274607634e-09,1
"21466",0.784516045173786,0.215483954826213,1.41956629312903e-16,1
"21470",0.995703728518986,0.00429404712109574,2.22435991829262e-06,1
"21472",0.976411612191417,0.023588387799645,8.93784832458098e-12,1
"21474",0.931903357486428,0.0680963010602121,3.41453360145445e-07,1
"21477",6.45529372861285e-06,0.998841751040821,0.00115179366545073,2
"21480",6.94453847982604e-05,0.999930554615202,2.27704901966189e-29,2
"21483",0.0600353672341625,0.0028577553079743,0.937106877457863,3
"21491",0.0586031768199126,0.0200656729309312,0.921331150249156,3
"21494",2.03557456117974e-11,0.999999999979644,1.7385699314674e-27,2
"21499",0.00416169387303237,0.995838306126968,1.13144722970021e-18,2
"21501",0.0102380533864321,0.989761946613566,1.58423782923963e-15,2
"21506",0.9954202366398,0.00457890285526753,8.60504931899948e-07,1
"21511",0.0160403642342491,0.983959635728167,3.75837744073485e-11,2
"21513",0.319367313250897,0.680632439268414,2.474806883903e-07,2
"21521",0.825621070875357,0.174310156721884,6.87724027587994e-05,1
"21523",0.962938317515056,0.0332845925499161,0.00377708993502766,1
"21525",0.793608400732283,0.0176932757076563,0.188698323560061,1
"21531",0.986763729307965,0.0132362706920349,1.68511448036319e-17,1
"21536",0.989532230104552,0.0104670898589044,6.80036543171153e-07,1
"21544",0.995646391485635,0.00379760079149342,0.000556007722871277,1
"21547",0.965004837671677,0.0349951622154769,1.12845853331494e-10,1
"21551",0.0305532007583404,0.96944642740794,3.71833719869899e-07,2
"21556",0.90539902977253,0.0946009702274705,3.95077723460734e-17,1
"21559",2.01339968894158e-07,0.999999798660003,2.82220239113253e-14,2
"21563",0.510926063603859,0.48907393639614,1.47586649645197e-15,1
"21565",0.995031124299671,0.00496887570022852,1.00541013412918e-13,1
"21568",0.944204308765697,0.0557956912085165,2.57859134520225e-11,1
"21572",0.917038991935408,0.0829610080645916,2.99922633983646e-23,1
"21575",0.00600957586339792,0.993990424136602,2.65475584017568e-21,2
"21577",0.239443623723292,0.00289797459426345,0.757658401682444,3
"21579",0.985795820761543,0.00856423179603698,0.00563994744241937,1
"21581",5.90289048344339e-11,0.00425764834939057,0.995742351591581,3
"21584",5.53035982178786e-08,0.996254746235006,0.00374519846139601,2
"21586",0.892658833284422,0.00535447089438364,0.101986695821194,1
"21588",0.538515464922177,0.461346431096404,0.000138103981419076,1
"21590",0.959501099122933,0.0404989008765689,4.97608609894295e-13,1
"21594",7.93916117835521e-20,0.999999999999961,3.91593302367519e-14,2
"21596",0.00626633848439337,0.000299849078374407,0.993433812437232,3
"21598",0.00141083544042809,0.998589164559557,1.48899785311707e-14,2
"21600",0.451923951923336,0.0474777937614561,0.500598254315208,3
"21602",0.989106655867609,0.0108929276530299,4.16479360918287e-07,1
"21604",0.974714918569091,0.0185739345169466,0.00671114691396199,1
"21606",3.92055963510429e-05,0.000902408238509168,0.99905838616514,3
"21608",0.209694135239637,0.790305540403835,3.24356528320617e-07,2
"21611",0.067023874204918,0.932975994694378,1.31100703909088e-07,2
"21613",0.986668373592112,0.0133262282529477,5.39815494009206e-06,1
"21615",0.883916213294422,0.0407584142816245,0.0753253724239536,1
"21617",0.0206777547739693,0.00114154820110567,0.978180697024925,3
"21619",0.966067015680939,0.00650346503176055,0.027429519287301,1
"21621",2.85344373722479e-08,0.999606454416777,0.000393517048786105,2
"21623",0.0185446841052554,0.0017613390295134,0.979693976865231,3
"21625",2.97956364237485e-08,0.00192607806690622,0.998073892137457,3
"21627",0.852505838146126,0.147323476685563,0.00017068516831079,1
"21629",0.809152005743212,0.0753528818858329,0.115495112370955,1
"21631",3.06932596193038e-05,0.000531139378637786,0.999438167361743,3
"21633",0.0508082712972165,0.949191728498063,2.04720020648339e-10,2
"21635",0.323193914211529,0.67680608578846,1.11734191638948e-14,2
"21637",0.395182220394619,0.604096849945938,0.000720929659442428,2
"21639",0.966299339646675,0.0337005977863185,6.25670066371716e-08,1
"21641",0.115407583785111,0.884206589917321,0.000385826297568214,2
"21643",0.992252269718207,0.00771253392529758,3.51963564954769e-05,1
"21645",0.00662336808068947,0.00107405377913214,0.992302578140178,3
"21648",0.990796785258314,0.00893162566259903,0.000271589079086526,1
"21650",1.48052616633392e-10,0.999999999851947,1.25489512881581e-26,2
"21652",0.993128372864944,0.00687122826251437,3.98872541274512e-07,1
"21654",2.62303390906581e-07,0.999999737696609,1.66701551245761e-19,2
"21656",0.0059333431166378,0.0500992163815738,0.943967440501788,3
"21658",3.11642655349674e-11,0.00181225502944054,0.998187744939395,3
"21660",1.51501890833693e-10,0.996647914713456,0.00335208513504173,2
"21662",1.24515080364351e-06,0.99999861507614,1.39773056630271e-07,2
"21664",0.00159892390555663,0.000365353144954417,0.998035722949489,3
"21666",2.76830181769815e-08,0.9999999648821,7.43488186954899e-09,2
"21668",0.025738637877735,0.00145808110589248,0.972803281016373,3
"21671",0.888480266388199,0.111519702127391,3.14844103981002e-08,1
"21673",1.20006196875597e-05,0.919835042285255,0.0801529570950575,2
"21675",0.90569450362209,0.0763333274995029,0.0179721688784071,1
"21677",0.993948083086735,0.00605191691325499,1.02546647103066e-14,1
"21679",0.00294322987639066,0.997053346679565,3.42344404433271e-06,2
"21681",0.805431917055598,0.180873089851214,0.0136949930931887,1
"21686",0.920780045060139,0.0792199549396689,1.92310268047857e-13,1
"21689",0.987479027279482,0.0125209726272198,9.3298144630295e-11,1
"21706",0.98545786370317,0.0145126667234088,2.94695734208534e-05,1
"21708",0.983638422937316,0.0163615770625473,1.37000866648682e-13,1
"21711",0.966297278569445,0.0030073755386935,0.030695345891861,1
"21716",1.09348430281973e-07,0.99999989065157,3.41078705493734e-29,2
"21719",0.970739151081841,0.0292478219687445,1.30269494147847e-05,1
"21722",0.996489503864353,0.00291934544511726,0.000591150690529704,1
"21725",0.990579996483473,0.00940579624623189,1.42072702947437e-05,1
"21728",0.918921859773439,0.0810781305340131,9.69254784277941e-09,1
"21732",0.992068496803108,0.00793139588269232,1.0731419994894e-07,1
"21734",0.974153840570016,0.025846159429972,1.20579072025735e-14,1
"21737",0.983364335393076,0.0096440387943106,0.00699162581261308,1
"21740",9.21101304312191e-08,0.999999905954116,1.93575383142902e-09,2
"21742",7.04210031441861e-10,0.99999999929579,1.45094979292294e-27,2
"21745",0.799116732437266,0.200464509154429,0.000418758408305227,1
"21747",0.00614071743177246,0.993859282567592,6.36018087196424e-13,2
"21749",0.0100299751445686,0.0120064637889127,0.977963561066519,3
"21751",0.96393712610402,0.0360628737293601,1.66620415875528e-10,1
"21753",0.0512689699559807,0.948731029950027,9.39922541110351e-11,2
"21756",0.99184131724942,0.00815868270672784,4.38521664379844e-11,1
"21759",0.416111761953783,0.481225905683014,0.102662332363203,2
"21761",0.9306054820447,0.0693945146724259,3.28287442394025e-09,1
"21763",0.0571151109508335,0.942694033073094,0.000190855976072876,2
"21765",3.06580829505001e-05,0.999969341917044,5.59406333508458e-15,2
"21767",0.969316451916489,0.0306835480805346,2.9768972693936e-12,1
"21769",0.0584936100897674,0.941506389910233,2.73853001983383e-22,2
"21771",0.991360255141244,0.00863974484685298,1.19028773080913e-11,1
"21774",0.00348898756835556,0.000629077103989118,0.995881935327655,3
"21776",0.915709605310266,0.0842903946897021,3.16386399071724e-14,1
"21778",0.819070504337449,0.180925877121765,3.61854078582262e-06,1
"21780",6.74520277752899e-18,1,2.42989005316908e-17,2
"21783",0.988447661454324,0.011499535160137,5.28033855387433e-05,1
"21785",0.936094566418996,0.063904675930425,7.57650579016419e-07,1
"21788",0.97390222786916,0.0260977721308319,8.49195603194215e-15,1
"21790",0.753014017776795,0.246985982223206,3.24693417425822e-22,1
"21793",0.973860555981836,0.0261393357247808,1.08293383557024e-07,1
"21796",0.975853389217146,0.0139291484417187,0.0102174623411356,1
"21798",7.02029458772817e-06,0.999992979705388,2.47059749015369e-14,2
"21801",0.727318480939871,0.272681519060129,1.53657539670278e-22,1
"21803",0.992037652008807,0.00795659099190913,5.75699928410711e-06,1
"21805",6.01054333209348e-05,0.999939894566679,1.31922036524792e-25,2
"21807",1.75534085184863e-05,0.999982442755323,3.83615919348736e-09,2
"21810",0.970103042191391,0.0298969161673033,4.16413056588341e-08,1
"21812",0.000243316847904382,0.999756683152096,6.92689669198431e-19,2
"21816",0.980343151720301,0.0196567989868235,4.92928751574827e-08,1
"21819",0.000106074023278218,0.999893925976722,2.53447429318592e-19,2
"21821",2.08221002752009e-08,0.99999997903817,1.39730146413261e-10,2
"21823",0.000107456926763185,0.00394777332835522,0.995944769744882,3
"21825",0.994914556123689,0.00508533515824351,1.08718067540281e-07,1
"21827",0.0210907213785145,0.978909278621102,3.83022877526237e-13,2
"21829",0.496922536623625,0.503077463376372,3.68035868504541e-15,2
"21832",0.000336794207809796,0.999663085213248,1.20578942266254e-07,2
"21834",0.958861507854213,0.0411384906591982,1.48658911379569e-09,1
"21836",0.958861507854213,0.0411384906591982,1.48658911379569e-09,1
"21839",0.800847294786515,0.0440471554390997,0.155105549774386,1
"21841",0.000200475174957374,0.999785963821228,1.35610038142844e-05,2
"21843",0.0568997379757994,0.0266367093604743,0.916463552663726,3
"21846",0.0270507346315634,0.972949265368436,1.24378647943273e-16,2
"21848",0.0936608784931265,0.90633912148938,1.7493666195035e-11,2
"21850",0.996800313131885,0.00279871113579825,0.000400975732316938,1
"21853",5.19195606239238e-10,0.999334205244499,0.000665794236305469,2
