"","V1","V2","V3","V4","V5","V6","V7","best$classification"
"19812",2.93307891171377e-08,0.00655592380084086,0.00858272891028401,0.961238672556881,0.0231081046697272,0.000514540731477437,2.82824299610909e-28,4
"19814",8.14967353978157e-07,2.70476028568974e-05,0.000477043326975513,0.155360411621861,0.0249797634895575,0.819150315805484,4.60318591160992e-06,6
"19816",1.05605821537507e-06,0.982607780879958,2.3022743379594e-06,0.00130217751024482,0.016086683277244,1.20077933913418e-16,7.54209418334241e-26,2
"19818",6.81963989334915e-08,0.0192104128378481,0.00145118977502033,0.869052417521776,0.105886346921119,0.00439956144518884,3.30264940421335e-09,4
"19820",0.00180660465144964,0.996666074064895,5.43718505969897e-09,5.87469652360032e-26,0.0015273158464705,4.77189212357776e-92,1.88521268431072e-55,2
"19822",0.0307553425208422,0.000867588721998491,2.63139067204147e-05,5.3665509496287e-27,0.968350754850439,3.66498308735988e-109,1.38869788874419e-47,5
"19824",0.000900263778805872,0.00823729121369862,2.33626235499669e-10,1.00024259983231e-12,0.990862444772869,4.91746298856509e-53,1.69927190865109e-18,5
"19826",0.00112354092005696,0.00017086340530216,3.12191823642609e-07,0.716745032107547,0.281960162109669,8.92656005104059e-08,1.01567527838502e-16,4
"19828",1.02070981125271e-05,0.962087928935902,0.00113294324787149,1.13371938906127e-11,0.0367689207067762,1.59060394589808e-42,7.58134503814458e-31,2
"19830",9.45670950820761e-06,1.23909538745248e-10,0.135371280373143,0.756729235035369,0.107889985403565,4.23545041943231e-08,3.36629552063978e-22,4
"19832",0.000617850929785248,0.000370000964634609,0.976157031224944,5.87329450783921e-07,0.0228545295511855,1.61231180689908e-21,2.64035975330028e-55,3
"19834",1.94629905841036e-07,0.380231085114086,0.012171154720464,7.41685433112951e-05,0.607523396992232,1.06079498267645e-19,1.35503261450223e-29,5
"19836",1.0671353029382e-05,0.0135260665435309,0.000788353564909012,0.836317576594072,0.149357331943275,1.18365270836485e-12,5.03782302560738e-40,4
"19838",7.09790757093096e-08,7.16037316245826e-12,0.00159409019019689,0.023007669645744,0.000686370005229663,0.974711799172575,1.80717490734148e-14,6
"19840",0.00490364156027489,0.322272379362373,1.7788586405642e-07,0.00394348187296919,0.668880319318517,2.14990847467865e-15,4.61208357708541e-35,5
"19842",0.0219331369648782,4.86147712073452e-25,1.27602863823345e-10,0.978034157889163,3.27050183555438e-05,5.78727194593292e-19,1.11870223956459e-22,4
"19844",0.0168545838829264,2.51127811563284e-23,1.33965959895691e-25,9.94631170791663e-17,1.13813280062017e-06,8.38159361522265e-43,0.983144277984273,7
"19846",8.39745318469605e-06,4.69547427698237e-18,5.83652743072609e-08,0.0488712627632801,3.49489841374613e-05,0.950117954723662,0.000967377710460892,6
"19848",7.59720282598939e-06,1.46530484727363e-14,1.07548412224493e-05,0.529071245929264,0.000597024852944566,0.0994538864844091,0.370859490689319,4
"19850",0.000302565531032171,9.05391190154466e-12,5.38173747327957e-07,0.00213196101900393,0.0181015431068769,0.979450866950224,1.25252100620896e-05,6
"19852",1.25140291197238e-07,0.748319645986127,0.00055556941266825,0.230199017441681,0.0209253845129995,2.5750620639354e-07,2.64243695809119e-14,2
"19854",3.72332212703669e-06,6.00226465001839e-14,0.000138925008179567,0.972589914846964,0.000727759713094449,0.00641528570671458,0.0201243914028605,4
"19856",0.071120422270246,1.22058522097817e-15,1.53608666966069e-11,5.96508771333519e-07,0.928088787005803,5.27330406684668e-26,0.000790194199817757,5
"19858",0.0254925432940695,3.96912289387651e-08,6.53681558742289e-11,7.49008284288089e-09,0.974355223725243,2.02201690760171e-28,0.000152185734007386,5
"19860",2.01085868163562e-05,0.604075170985835,0.000595209633182155,0.206614895790332,0.188633915868261,6.06991355731348e-05,7.95630253446626e-23,2
"19862",1.06490705616464e-05,7.67301645307596e-21,6.13496448871822e-08,0.00103132634793686,3.60758711988105e-06,0.998954355644731,5.35518553604935e-15,6
"19864",0.999999977584601,5.83379487824439e-28,2.17582713758933e-21,5.72760734140093e-11,2.23581229989931e-08,1.64377582963772e-84,9.91479843592644e-41,1
"19866",0.000216749004520018,0.0189648386730879,2.34236508542472e-10,1.26228892244511e-05,0.980805789198931,4.08415667750807e-39,5.78716026456074e-41,5
"19868",0.995271916970296,2.05863309797934e-35,0.00472808302956412,3.3513087478537e-36,1.39636513997259e-13,1.04711723612268e-110,1.0518667638802e-53,1
"19870",8.43171875021991e-07,3.75270611931584e-09,0.000388342606574766,0.851822606642986,0.00501068303852538,0.142777520786396,9.36851744762671e-13,4
"19873",1.2611808215619e-06,0.000477590064484317,3.8993670160297e-05,0.736180915793102,0.263289717122861,1.15221685708183e-05,5.27191803678276e-18,4
"19875",0.000723954600788881,0.962569204917706,0.000210542005132795,7.03007127861206e-10,0.0364962977733656,6.774819864464e-30,1.44322614445275e-43,2
"19877",1.02090610981395e-07,0.00294329307809128,0.00259937302201932,0.838470732228774,0.0345915997698966,0.121394899455704,3.54904050801849e-10,4
"19879",1.2980180737065e-09,0.0998839220409133,0.0117894449033321,0.749999990989449,0.138326640761723,6.85802798757066e-13,5.8791064267603e-12,4
"19881",1.23818911414171e-06,6.23390127005417e-07,2.60669183958679e-06,0.860683787439694,0.139311515249429,2.29039768141931e-07,2.77519323605751e-14,4
"19883",4.50686153060161e-06,2.67897294150568e-09,1.3334144513477e-07,0.984863077683864,0.0151322368848785,4.25493083933272e-08,7.75578573862711e-20,4
"19899",0.000944354723527047,0.000592717630972406,0.000808116647205051,0.00240757443406809,0.995247236564227,4.82930775993898e-21,3.98300839535899e-32,5
"19908",0.992697088483621,2.01247506181834e-19,4.68052592388433e-15,2.31610502487491e-19,0.00730291151637454,3.5737109760683e-89,6.33569336080646e-41,1
"19910",2.36967841825304e-08,0.444099791946972,0.000469925486954783,0.532613723437421,0.0228165044054568,3.10258308380637e-08,5.80579838343355e-13,4
"19912",0.00123643535642349,2.44991099916972e-23,8.48797755411035e-10,0.998566783595729,0.000196777410178688,2.78887072206228e-09,4.32998817207258e-16,4
"19914",4.66296280036769e-08,0.316509761990798,0.0239400255222656,0.356938972618211,0.302611193233436,5.65661959683315e-12,5.0266083340238e-15,4
"19916",0.387668394261822,1.02289593730619e-07,7.88450089648191e-19,4.4045457937608e-13,0.612331503448144,7.4569585419051e-73,3.12594457403041e-29,5
"19918",1.31901079879101e-06,1.1217761499505e-08,1.07228544155251e-07,0.234306463393892,0.00540289796533621,0.758535812941777,0.00175338824189024,6
"19920",7.43434161854555e-05,7.07054114541909e-14,2.46856403039018e-10,0.0181202656841868,0.00126137396401887,0.0301180542780303,0.950425962410651,7
"19922",0.000521127825962714,2.62490688627856e-09,0.999478611559779,7.30055461312777e-10,2.57259295473639e-07,7.17901137141811e-33,2.44975234825651e-50,3
"19924",1.14767914466157e-06,0.00224235457833906,0.000199758474754548,0.870488434508614,0.123982742835086,0.000715858324943867,0.00236970359911778,4
"19926",7.49938959353991e-05,0.00279559387598111,0.0494658080681018,0.00179709388130611,0.945866510278676,1.1507355981249e-30,1.30769528782027e-40,5
"19928",0.999999999972476,2.07207337856148e-45,9.31751508819621e-27,2.71204130587597e-11,4.03328186667807e-13,1.71563304026323e-80,8.76596919502888e-36,1
"19930",3.17254654783081e-08,3.16515936482149e-06,0.000402786731526915,0.0452569108445192,0.00154928183941056,0.952787823699713,2.41493297778758e-16,6
"19932",4.96535792620545e-08,3.21804507494086e-12,5.54554770254407e-05,0.0044607164028543,9.29532836539404e-05,0.995390824139948,1.03972085819041e-09,6
"19934",3.16349877049099e-07,0.614998907098371,0.00495250211020886,1.75018787932281e-05,0.38003077256275,3.75262511680559e-20,3.42080738326106e-20,2
"19936",0.000764532133369116,0.000290201848218049,0.0150398942850929,0.242319573004383,0.738268646199932,0.00331715252900452,1.33204242161272e-16,5
"19938",0.000152288924465067,0.0055587349305971,2.76558663463894e-07,1.67505861219516e-15,0.994288699586273,1.04902809115186e-71,5.27256369357757e-23,5
"19940",8.27393511793069e-08,0.00459052211308986,4.98541164047461e-05,0.952213758531654,0.0431457809670845,1.53181978735555e-09,5.95974275137635e-13,4
"19942",0.999991413929999,6.15330999214786e-30,1.95721453931455e-24,6.98217607281021e-06,1.6038939281513e-06,4.89188351331781e-52,1.1194284273095e-34,1
"19944",5.43502928124099e-07,0.782616571275056,5.04970713155761e-05,0.167546247177672,0.0497861409728562,1.71022724029933e-13,7.48844610494255e-16,2
"19946",1.02086188191183e-06,0.106306482211819,7.08006651020497e-05,0.798278272694447,0.095257162711144,8.61458068112713e-05,1.15048794687386e-07,4
"19948",0.9993282115477,2.44699757838281e-28,6.41466121368186e-21,0.000671619632324854,1.68819975152907e-07,2.71918010250037e-42,8.60097087798593e-30,1
"19950",0.000223896405636177,2.23299348934544e-22,5.05478578271424e-11,2.00580758678676e-06,1.57866573061002e-05,2.58232418279401e-13,0.999758311078665,7
"19952",0.9993282115477,2.44699757838281e-28,6.41466121368186e-21,0.000671619632324854,1.68819975152907e-07,2.71918010250037e-42,8.60097087798593e-30,1
"19954",2.40622857040889e-08,7.18846775254788e-09,6.4718729021097e-05,0.0126736839789061,0.000275733949316856,0.986985832066523,2.54795157529132e-11,6
"19956",0.998653920689516,8.0399104830054e-30,9.71595342132372e-10,0.000598374798408876,0.000747702291286076,2.73830252685235e-11,1.22181107112016e-09,1
"19958",0.115081604868261,1.5679604865921e-25,0.884918395131737,5.90043167488959e-26,2.38856660111083e-15,3.47461559367951e-77,6.71846520355123e-47,3
"19962",0.000885682021110122,9.40785490456372e-07,1.14614583576082e-06,7.49420081877608e-05,0.999037251356231,1.50797764686805e-18,3.76831445590578e-08,5
"19964",5.58252275485383e-05,0.000199061635048849,5.59715302895214e-05,0.863773767452864,0.135915330024384,4.40398950069071e-08,8.99701595178579e-11,4
"19966",0.00755745848358409,0.00230618814690998,1.1664785553357e-10,3.03929016056239e-10,0.990136352948929,7.72622099059916e-66,6.189252499111e-53,5
"19969",1.54302470478527e-05,8.60709251158415e-09,4.12772484710524e-05,0.846590019172597,0.10640288075609,0.0469503839687021,8.03845174300216e-28,4
"19972",2.89349216928012e-05,3.85840092910675e-14,1.35592502559123e-07,0.999088560370241,0.000882266243437877,1.15828446904723e-10,1.027562585055e-07,4
"19974",0.00764428416431023,3.28116997578512e-28,2.02258818425739e-13,0.408162498048913,2.00742221668618e-06,0.00031328647950498,0.583877923884852,7
"19976",7.05047208934123e-07,0.000407797814572171,2.86817348398357e-05,0.959502857029973,0.039215746989544,0.000842951119567002,1.2602642948165e-06,4
"19978",2.69792962842081e-05,0.88715851736572,1.23271904598041e-06,0.0466544213692749,0.0661588389539114,1.02957629695303e-08,1.02639798123029e-15,2
"19980",4.40755047334021e-06,3.41927862305844e-16,4.65367237695544e-06,0.0422550592276689,0.00017054275999478,0.754213836270438,0.203351500519047,6
"19982",0.0937360681315129,4.05332415512258e-13,1.9616729907778e-06,0.000323177243378905,0.214993156867191,1.1946371345167e-07,0.690945516620808,7
"19984",0.00398642993557252,1.17343632473139e-16,1.11946642912065e-15,1.47233224771469e-07,0.00305931521387808,1.219901543248e-20,0.992954107617323,7
"19986",0.000163962531087397,0.912641520131815,2.25820717165579e-06,3.07396397154085e-19,0.0871922591299258,6.3919525207762e-89,1.33035194516628e-52,2
"19988",0.00498423916476767,0.992855582022825,1.12417307851918e-07,1.26654209887863e-28,0.00216006639509912,4.76231842064901e-105,1.01702323702268e-62,2
"19992",0.00186553010140576,0.996392750533638,9.33625021949949e-09,3.93426958656095e-25,0.00174171002870624,4.95938834572128e-80,2.23621348125935e-38,2
"19994",1.82085922650212e-08,1.84600376657908e-05,0.00187483132408957,0.1604330498797,0.00211343745331363,0.835560203096639,7.51746656968322e-18,6
"19996",0.000159588952243842,0.995766134132346,1.37071467004565e-06,3.56152515464666e-19,0.00407290620074003,2.33532462266101e-65,1.94868474581723e-34,2
"19998",0.00471497175975265,1.65572324218531e-12,3.53493006380449e-12,0.000354777787486082,0.994930250447571,1.17048983375474e-26,3.62974542000484e-23,5
"20000",0.00460693604799418,1.40688098339555e-21,0.988706626798714,0.00547058026845622,0.00121585688483529,5.73515179829741e-16,3.89370393839846e-36,3
"20003",1.16597541662701e-07,0.000229370731531726,0.010868489761971,0.946013454777915,0.0249854616243389,0.0179031065067014,1.89896219605699e-34,4
"20005",2.69106671369199e-05,1.03164550163585e-17,9.57222271214764e-07,0.571664631474836,0.000112502002781718,0.000114098723091837,0.428080899909882,4
"20007",2.6139031280525e-06,0.0392714697901308,0.0037326458977445,0.0712914911079778,0.885701779300691,3.27746947092e-13,1.08957975850516e-24,5
"20009",0.000243205548991529,1.61097318618667e-05,2.2302530929641e-10,1.80859669770724e-13,0.999740684495941,6.1677691528445e-67,9.86485974371047e-24,5
"20011",1.27571233115079e-06,3.51023350223486e-09,7.22403526040598e-06,0.975837014555722,0.0241544793155163,4.14949498859602e-12,2.8667867074667e-09,4
"20013",9.87085243877351e-07,5.46158093938781e-07,9.38842382539077e-05,0.303431959087514,0.0407312177128563,0.640532394419221,0.0152090112988164,6
"20016",0.000170095472640517,0.0644828242666339,4.52834251840055e-06,1.17899331704321e-19,0.935342551918207,7.65980999258779e-89,1.96062274424062e-38,5
"20018",0.999772370683135,1.73366271483817e-11,0.000227629298831898,1.28452840948124e-65,6.96981445800003e-13,6.03467590423867e-217,4.75500861303354e-116,1
"20021",3.6093186763038e-06,0.964397705862346,0.00151132531385498,3.48766489332804e-06,0.0340838718402299,4.60808249445734e-22,1.72411578313284e-48,2
"20023",6.11684959263583e-06,0.868746170508389,0.000392370970912519,0.00567014075818527,0.125185200912855,1.58862119767681e-20,6.57487091398825e-14,2
"20025",0.998201326995304,6.72702222637634e-06,0.00178323163431545,2.17411794798954e-35,8.71434815363452e-06,2.21816228149802e-107,1.22048160729492e-96,1
"20027",0.000383484117507419,4.71454904841183e-15,1.02249231661142e-06,0.997124141137029,0.00249081547286069,5.36780281961611e-07,3.41053677680985e-26,4
"20029",0.00144604152615739,1.78290305956317e-13,2.58567908651685e-07,0.102266494868658,0.0565622410504985,0.839724963986571,2.83998530585422e-14,6
"20032",1.59128786252903e-06,1.9477525256731e-11,0.000631170045269391,0.997695029431131,0.000713525008456729,0.000958684207802427,1.20611705426752e-19,4
"20034",0.983623683017878,5.30961914104997e-22,1.91719313511763e-14,0.0163575686528244,1.87483292783685e-05,8.49563598101891e-42,2.21092480372076e-31,1
"20036",0.16002210994632,1.37259225252886e-10,4.30609283397765e-11,3.59482625824171e-06,0.839974295041039,1.45839683579424e-17,6.06321623772993e-12,5
"20038",6.66404130496968e-06,0.959057067496239,0.0136168840752781,4.06734438057937e-12,0.0273193843831109,1.82731811642449e-52,1.86488059009371e-60,2
"20040",0.847079078609559,7.38306418773793e-05,5.06875133144078e-08,3.06676490765385e-29,0.15284704006105,6.51920267759118e-141,1.35170224784837e-49,1
"20043",0.000496108841036316,0.957730324238487,0.000640060627413453,4.11928073510719e-13,0.0411335062926511,2.56826377426443e-36,2.88083888440473e-35,2
"20045",0.0126271566819794,0.985281016987429,1.35240911204311e-05,4.77480037580364e-34,0.00207830223947104,1.28271932688973e-114,4.66272769513978e-48,2
"20048",0.00305149070222768,1.27198656987579e-27,8.36065452951515e-17,5.10642262131962e-12,2.13271668018508e-07,2.83626737124872e-16,0.996948296020998,7
"20051",0.00125693529006708,0.00128110206198602,0.00957457063595246,6.0292281069764e-08,0.987887325206342,6.51337138509784e-09,4.31991067694827e-22,5
"20053",3.44187515692257e-06,0.26052658605584,3.90017493127097e-06,1.32013654131191e-05,0.739452870528091,1.09600825861633e-33,5.66975944821343e-13,5
"20055",0.000396437012903066,0.00562197141539623,0.402987845360513,1.46350065937358e-07,0.590993599861122,1.21107362935321e-34,1.69050827151142e-73,5
"20057",0.999294937640964,9.45601079597302e-56,0.000705062359036267,7.51962981623606e-37,3.1501178030623e-26,2.10811249804775e-114,6.77128867418006e-61,1
"20059",0.00404885399571818,0.193706554540623,0.000219006784234138,1.23731425372591e-06,0.802024347365171,4.23049335745773e-44,1.05652843336818e-24,5
"20061",0.000151874159510264,0.262441964834352,0.000103209286895888,0.0141098975125229,0.723193054206717,1.93566977079334e-15,7.56881628462806e-28,5
"20063",0.999992825616904,1.32179501114473e-20,7.48819564689123e-29,2.28335362347962e-36,7.17436932075447e-06,4.63798419954975e-108,1.37750570450543e-11,1
"20065",0.0328105010301805,0.00286048879260149,0.96432790961581,9.78768620654315e-32,1.10056140796493e-06,1.2203764332656e-99,6.13974033164891e-113,3
"20067",0.000330943316269508,0.865991630697883,0.001213785474056,1.58873927297027e-17,0.132463640511791,3.01349079980786e-56,4.38789449474794e-18,2
"20069",9.08375993917335e-06,6.91734487983868e-16,1.90290699291165e-06,0.0138154113038853,0.000271579608540608,0.120241636341894,0.865660386078747,7
"20071",0.00152252748662674,1.45351174341588e-07,1.55563838405593e-08,0.000194897461846907,0.998282414143968,7.69179607245882e-28,6.70067013303807e-34,5
"20073",0.000516598401928485,1.99129137967939e-09,6.00917442142549e-09,0.0547900276026112,0.0903828224401176,2.30251146501066e-07,0.85431031330373,7
"20075",0.0782269577212182,3.60439353195421e-29,0.921773042278194,1.60089253436809e-26,5.87840801677329e-13,9.07926538665998e-74,4.18164156863855e-71,3
"20077",0.000272804697737945,0.990652088107659,2.83369992066573e-09,9.67163587482156e-07,0.00907413719731097,1.02860312201299e-23,4.45630903926162e-15,2
"20079",0.16999614298765,7.66915557245737e-08,3.18259639825191e-09,7.05703354593528e-15,0.830003777138168,9.40675705033507e-26,2.29699581742686e-14,5
"20081",0.000234857990786526,0.140138860317837,0.769051756123886,6.97887674881357e-12,0.0905745255605121,1.17417021454014e-45,2.17589946093267e-32,3
"20083",0.780877829009203,2.23636485502208e-19,4.08845481789086e-15,8.61512813798797e-13,0.219122170511289,3.34604242385838e-44,4.78642814810053e-10,1
"20085",0.000528755105571288,0.998833081587545,2.4065800965646e-05,2.17628713655254e-30,0.000614097505918588,2.16774308093466e-104,7.06251852361938e-73,2
"20088",2.05631475257536e-05,0.980592253864348,0.000821402409423747,5.25479623588115e-11,0.0185657805261548,1.29162839986245e-36,6.93152916185927e-39,2
"20091",0.000136821338793068,1.7047666234801e-09,0.999862229917409,7.32508294875657e-21,9.47039031715323e-07,2.99903929959561e-74,4.03086575324657e-49,3
"20095",0.867033964638336,6.13294418973299e-14,7.40165891744458e-12,3.14230353621846e-11,0.132966033323756,3.23917193248263e-72,1.99902173292395e-09,1
"20097",0.00415423289920645,0.995244880710465,0.000154795852653506,6.49865410012319e-30,0.000446090537674832,1.14122673619073e-95,2.57942031729008e-75,2
"20099",0.0539231065621753,4.84142267788288e-05,4.79968804252027e-17,8.42094399094186e-09,0.946028470790102,2.82838251066746e-53,2.92586631020458e-18,5
"20102",0.995183524953346,7.12586561461238e-16,0.00420022714344559,1.67785295448666e-16,0.000616247898935535,1.69483954127741e-43,4.27149985529337e-12,1
"20105",0.0002419289000256,0.698405374827882,5.01578057135579e-05,2.82120631868858e-12,0.301302538463558,6.24264960798205e-25,4.54229949935905e-27,2
"20107",4.85500129811288e-06,0.96919402952623,2.11829331366974e-05,2.88374303891698e-08,0.0307799037019049,3.97398981824291e-41,3.60813752944417e-32,2
"20109",0.0026790848514713,0.00782095592126074,6.8193520844042e-11,1.22856573163503e-07,0.989494306292248,4.22538360049481e-29,5.53001025325617e-06,5
"20111",0.0102185768150188,1.54935404966118e-27,0.989781423181763,2.06539931852066e-12,1.15252324502219e-12,1.5379148034019e-38,7.70554958906042e-32,3
"20113",0.00354427378258874,0.00847162266947128,9.35908367932026e-09,1.23370210442599e-06,0.987982860486752,4.98049950501127e-42,8.91849620167668e-44,5
"20115",0.00463325178402975,1.59724229358352e-15,0.857688930153848,0.137580957603125,9.67534274778575e-05,1.07031518065893e-07,3.86002590876913e-30,3
"20117",0.999997170212755,4.29715137642303e-21,2.81750434188313e-06,6.78095119336452e-30,1.22829030683195e-08,1.03066876502078e-161,2.75034659911523e-73,1
"20119",0.0179639328080096,0.00523763541144481,2.9451218885794e-12,2.95277298337973e-12,0.976798431774648,3.0024709272076e-71,1.41485833568608e-60,5
"20121",4.01082420318395e-05,0.980073836259884,1.1005628116063e-05,4.07656974900312e-13,0.0198750498695606,2.71444081824505e-61,6.11351951794519e-40,2
"20123",0.0053447922140363,3.54644616746156e-10,0.994654727346026,1.46837607714313e-24,4.8008529311868e-07,9.4380183561388e-81,1.59902214857126e-79,3
"20125",4.42302473251892e-06,2.45679347133181e-10,2.99776346132494e-05,0.00273300932297948,0.00270380358212302,0.994525649062311,3.1371275615391e-06,6
"20127",0.0158808281371009,0.981736273928339,1.46396757571872e-09,7.41053691051558e-29,0.00238289647059245,1.69844603003496e-80,3.82859224959553e-37,2
"20140",0.0423437119939148,6.93413001347352e-06,0.0213675031168214,1.74850089547052e-09,0.936281849010749,2.0421689061499e-48,7.00464603183128e-52,5
"20142",0.000373987190925333,4.23147632741452e-21,1.45744570903231e-10,1.22265899280131e-05,4.9982235594962e-05,0.000207760116263246,0.999356043721544,7
"20144",0.0852424791507336,2.02765689371208e-15,0.829868658249698,0.0349885698652529,0.040324766822663,0.00957552591165022,5.10590690026703e-16,3
"20146",0.221600042234261,8.15652621487606e-12,3.86085937910424e-06,2.41192504515196e-05,0.778371827930711,8.33310668159363e-13,1.49716207371028e-07,5
"20148",0.000119607680154412,0.000286070303427428,0.00140201952498432,0.0837483705130588,0.452643723442511,0.461800208535864,2.34644024314841e-21,6
"20150",0.000102619666933174,1.30020705601264e-22,5.11644572738345e-09,0.0589050389722486,1.06439595024239e-05,0.909432198750586,0.0315494935342844,6
"20152",1.01138224472533e-05,0.00236667633979629,0.000240543212962437,0.87705884902024,0.117597585408328,0.00272623219617935,4.73364383454471e-14,4
"20154",0.242904430483025,8.52229819400492e-06,0.757041867356865,2.20794378418473e-36,4.5179861915759e-05,6.46091771882219e-95,2.82053405020561e-48,3
"20156",0.00458773167104868,0.000267925769045617,1.3070445323106e-05,1.23350000753149e-05,0.995118937062124,1.60637312377123e-29,5.23828760148623e-11,5
"20159",0.000147267142644656,5.42552159334767e-17,2.39187454127688e-06,0.0195685437625169,0.000970311458309718,2.58477873592604e-08,0.9793114599142,7
"20161",0.739402833553226,8.52216862743606e-15,7.0853181309458e-13,1.52422866933769e-06,0.251153870874853,9.8109191014179e-18,0.00944177134253545,1
"20163",0.0617376788290223,0.000213648887966737,0.281849661652744,0.00627157408803089,0.649927321743448,1.14798788434505e-07,1.87651032743591e-44,5
"20165",0.656422171450383,1.38966708388671e-06,2.76146713915963e-11,1.9673029424528e-14,0.32134253613072,4.99163546889873e-31,0.0222339027241784,1
"20167",3.17591449762138e-07,6.15957941782111e-05,2.73546851608538e-05,0.0225719834590526,0.0126042223705102,0.964734403203976,1.22895672751562e-07,6
"20169",0.000599017266910122,1.15693048682905e-25,6.63133108627691e-15,1.44190309535809e-09,9.49016495798398e-07,2.14233377998272e-11,0.999400032253261,7
"20171",0.997999077266876,1.00467413709419e-09,0.0020008653810986,4.02615275064598e-50,5.63473511969415e-08,1.89928132623101e-130,1.41106370127686e-52,1
"20173",0.998006345715496,2.19619290184147e-16,3.66927816725126e-27,1.75577757512853e-16,0.00199365428449906,2.36489180831485e-64,4.41684084693828e-15,1
"20175",6.6882471048579e-06,9.22676149412801e-07,0.00067141174147861,0.953852638303703,0.0412693837193999,0.00419888976179696,6.55503666940083e-08,4
"20177",0.329465080090982,4.40051695882213e-05,2.16474541627308e-16,4.74311601612824e-10,0.670490914265118,8.03438601207429e-68,2.58111867446107e-19,5
"20180",0.00170913611976679,0.98506938519171,0.000736266065957628,1.20773197337098e-17,0.0124852126225656,9.74312405503888e-81,5.31029247664328e-84,2
"20182",0.999999999920733,4.05880634912093e-60,7.12761095934849e-15,1.71119525904927e-17,2.17765825669487e-19,1.16511313430162e-57,7.92604575059578e-11,1
"20184",2.32603473057875e-05,7.49446599970904e-11,6.51713513939978e-09,0.00570710884089615,0.00580027855433636,0.0002129872910333,0.988256358374349,7
"20187",0.954833858027934,8.07615915707658e-13,2.61611059965316e-23,4.69061663057859e-06,0.0451614513544691,1.2007785766998e-40,1.58322835457061e-13,1
"20189",0.000103055239121997,0.418507764969395,1.66156366813723e-07,0.00611173966245332,0.575277273972663,3.2350976340756e-16,1.1137496210776e-33,5
"20192",0.999966237643734,4.23773871729601e-09,2.57860546563642e-05,7.77669300609185e-24,7.97206387056587e-06,1.00144150393033e-93,1.06573589577256e-76,1
"20194",0.99595546471432,1.27534967258116e-24,1.0568192165889e-19,0.000198782445631341,0.00384473089227555,5.27989531602233e-18,1.02194777376484e-06,1
"20196",0.000427140302562137,0.162922499745327,0.830783961509159,8.72482750355245e-26,0.00586639844295212,1.64196844091614e-89,6.32740283742918e-65,3
"20198",0.0400966108228742,0.00142009547058081,9.16894532685397e-05,0.00569993197615814,0.952691672277116,1.39606593263986e-16,1.73599656438917e-15,5
"20204",5.02762057519189e-06,1.7133476196323e-15,2.61893368494835e-05,0.00212305634007294,0.000232662997708367,0.993857088662089,0.00375597504270368,6
"20207",0.0226504453483962,0.631990223935806,0.0362322438475078,3.21967369463087e-19,0.30912708686829,2.93533013196661e-59,2.18325440188561e-26,2
"20209",0.0174844561221336,8.5262889298168e-21,0.982183470540816,0.000331022959095626,1.05037795478927e-06,9.03156752071275e-23,5.46749461559654e-61,3
"20211",0.00174802934839241,1.59692218120398e-08,0.998249821830158,4.04079492426316e-24,2.13285222731462e-06,2.4810603391391e-63,1.17404317669291e-64,3
"20215",0.0207345053343361,0.659962885411095,6.24079734353645e-07,3.49264161083689e-10,0.319301984825571,7.30303563573752e-26,7.80279876278936e-37,2
"20218",6.69908805392499e-05,6.91443837239459e-19,1.78798899333755e-08,0.000120828705227435,9.18936557963108e-05,0.0717698589469824,0.927950409931565,7
"20222",0.261852385681972,0.204627539652919,0.0797624164318545,8.79348776390632e-19,0.453757658233254,1.10839978581619e-41,7.37483385253774e-31,5
"20225",0.901401681312775,1.50311201649667e-18,5.30124883025787e-05,0.000635351183233339,0.097457385552774,0.000452569462913418,2.27250167922187e-15,1
"20229",0.0436682812581314,1.68873803908323e-10,0.00025398609148234,4.73901941487029e-06,0.956072993462098,5.9127715280305e-20,2.36787461686227e-41,5
"20232",5.87597132329964e-05,0.00596104847550893,0.0204696383911159,6.92048356493566e-07,0.973509861371786,1.47931244702884e-38,8.11827842790388e-30,5
"20234",0.997564576964067,0.00239726722839102,3.80963704888155e-05,7.47090630927132e-49,5.9437053214818e-08,7.73745099826171e-180,1.06287826890441e-105,1
"20238",0.00270294520835376,0.261685670400471,0.000101954292518106,4.30387684340192e-11,0.735509430055618,6.94272086858931e-48,5.12204574836337e-33,5
"20253",0.0120631813198731,0.965767832013962,6.97098992442329e-10,9.59697575906766e-17,0.022168985969066,1.4061629198754e-51,9.41619822200155e-44,2
"20255",7.56454030261437e-08,1.91465947184106e-08,0.0104316786102815,0.125605276054038,0.00440184526523558,0.859561105278448,5.42000814370213e-17,6
"20258",0.000741278525963197,0.987530919384048,5.53297249744344e-06,3.47959020705458e-14,0.0117222691174565,9.27364122459042e-47,4.16251869724242e-48,2
"20269",0.000735566133300063,0.324482579545845,1.89767989166592e-06,2.70464533951247e-07,0.674779686174507,1.0216858890932e-17,1.92269753541863e-12,5
"20271",0.498047603418918,0.228662802329582,3.43697183376019e-11,3.32828756004856e-12,0.273289594213802,1.1175231644907e-59,1.98259530297707e-56,1
"20285",0.460149480119577,1.29452665207742e-15,4.81062078309858e-14,0.000345058826237723,0.539505461054134,1.23337169848994e-36,2.0013157525419e-15,5
"20288",0.00112996760495943,0.0650877145420753,7.00709620167205e-05,4.28505739809698e-07,0.933711818385209,1.39069316007821e-28,7.76079119141218e-31,5
"20291",2.66875523367668e-05,0.0129476786496011,0.956816651994941,1.82328099340324e-16,0.0302089818031203,6.18939403402708e-83,3.73614232371061e-45,3
"20295",0.225370792825621,1.8859906104628e-05,1.20263645079001e-09,4.16334598457302e-09,0.774610341902292,3.38302809651796e-36,5.11361880137434e-26,5
"20298",2.2139161852266e-06,1.25136251281731e-12,5.03201456769569e-05,0.00153954613804209,0.0010556380540605,0.997352281733272,1.15124290571864e-11,6
"20302",0.000423872200213527,6.60198969029216e-11,1.68740770265371e-07,0.456389984315761,0.10494260284073,1.04805528541046e-08,0.438243361355952,4
"20305",5.91959603645842e-06,1.25385393943651e-15,5.81840701481451e-06,0.000629607434050317,8.27000750951365e-05,0.999275954487802,3.43171055715799e-21,6
"20307",5.97511324737361e-05,0.987634494314807,0.000622507680091034,3.22436136409907e-13,0.0116832468723054,1.41606506543262e-54,3.23531228286868e-39,2
"20310",0.721782487400838,0.277746036478618,5.10668411117311e-09,8.19465649380562e-43,0.000471471013859559,2.82890576448908e-145,1.07885032132624e-73,1
"20313",0.00702412436067945,3.13291468975415e-29,8.30444464026494e-15,8.76736666509396e-06,2.02272490887807e-06,3.9321833273502e-20,0.992965085547738,7
"20315",0.000194583701740989,0.7589970847809,9.97479675328278e-06,1.70267364559808e-10,0.240798356550338,1.97163573933167e-50,1.45916139994843e-39,2
"20319",0.534739550338265,0.00585095000876323,0.447243180014307,2.97605377582134e-27,0.0121663196386651,5.52494953666463e-80,4.34198837501387e-73,1
"20321",0.174555869641935,0.800683185726379,6.59625186784788e-12,3.62863658663319e-20,0.0247609446250896,5.24346510697608e-53,3.23271257070425e-38,2
"20327",0.000883772846303071,0.931809109988307,5.83621435277011e-09,5.44557342282694e-14,0.0673071113291215,3.28734354135459e-63,3.62214211340067e-41,2
"20329",0.996073915991134,1.34244603268346e-28,3.12127297251292e-24,0.00390411419104226,2.19696517343844e-05,4.68856403009181e-36,1.66089789826341e-10,1
"20335",0.00127956118707279,0.755923662208088,0.239283613973078,1.44671223992704e-27,0.00351316263176198,1.57697488710501e-87,1.46240926898284e-45,2
"20337",3.4461295727556e-06,5.86393587761632e-15,1.54317326594935e-05,0.049922904995424,0.000317422148948045,0.000289493525896549,0.949451301467493,7
"20339",0.963967052411364,1.03670310152396e-15,0.0358130888738181,1.34902851560388e-16,0.000219858714816334,1.47256687763991e-60,2.04057118108764e-73,1
"20341",0.820378428191459,2.47764199887968e-07,0.176377622672513,1.61004971408269e-27,0.00324370137182806,4.59317323410091e-94,4.89990144471438e-28,1
"20343",0.633903535970488,0.14431826363938,2.96714344297723e-08,4.11250908514195e-31,0.221778170718697,1.2946249966794e-95,4.58502485748867e-28,1
"20345",1.17068988408898e-05,2.80466476302866e-06,0.000990622722431929,0.937546272610071,0.0514588597215549,0.00998973338233786,7.2893067867927e-34,4
"20350",0.948389877195343,8.27622922616735e-13,1.93800562736531e-11,1.47087796221742e-20,0.0516101227844495,1.82367573157826e-80,3.54549125408604e-23,1
"20352",0.000341759457264252,5.24292421323935e-21,2.25147992703236e-13,1.72235293741246e-09,9.61367621801133e-06,5.10187731162267e-11,0.999648625092921,7
"20355",0.0545135955146778,4.73602617588408e-11,6.2510294761074e-09,1.174705806023e-05,0.915796456627933,2.52629705500837e-24,0.0296781945009398,5
"20358",0.820753417741048,1.8026676543433e-27,1.87343183920829e-18,0.179160069942217,8.65122604105617e-05,5.64780851962617e-14,5.62678620509092e-11,1
"20363",0.00312775288480088,0.979961081069211,2.11810221133689e-08,2.55775817945396e-14,0.01691114486494,3.39058895243493e-35,1.25991770275731e-35,2
"20365",1.44517812001681e-05,0.00455082172715091,0.960206110211956,5.15480257463202e-09,0.0352286111248903,5.84801665128583e-34,2.07279056699677e-46,3
"20379",0.000155801972393773,9.26640829698873e-10,0.626194433579855,0.370684439043987,0.00296531927510617,5.19885745392617e-09,3.16031191973091e-12,3
"20387",8.92119061372253e-06,0.978564905669957,0.00533462727694712,1.85337768488536e-10,0.0160915456771444,1.08692451677283e-40,1.94665466507652e-34,2
"20392",0.0055587060753864,2.34123306873265e-07,0.994440966637745,8.28456530028711e-29,9.31635615186745e-08,1.64332497961595e-75,1.37790383850126e-84,3
"20395",0.000367419403311051,0.00230064877112794,0.000492218990526843,0.693541279830106,0.30307844151374,0.000219967836407203,2.36547812336534e-08,4
"20397",0.999999878416689,4.95046339629803e-48,1.34994879671219e-28,8.39394114484707e-09,3.2413245113594e-12,6.99870765470533e-63,1.1318612829009e-07,1
"20410",1.3813176509126e-05,0.923075345548979,0.00165474343391846,8.43754613283021e-06,0.0752476602944609,6.65024454740699e-31,2.94956927300226e-60,2
"20414",0.00146940785473303,6.61065784693510e-09,4.34829295610221e-05,0.00652734977207469,0.1605264198079,0.831423764667391,9.56835768164913e-06,6
"20417",0.999999999964692,1.64117556109604e-15,3.5285180718516e-11,4.13935176413072e-68,2.11634218288636e-14,9.09017449195575e-231,1.17017065029529e-128,1
"20419",0.00417533114794297,0.959038936399688,1.99002560764668e-13,1.78713636280787e-14,0.0367857324521521,2.51623120187509e-53,1.15711855995343e-37,2
"20421",0.00258512620751694,1.76776608701165e-08,0.88714474457435,0.00610902665811613,0.104155621256965,9.19349105281635e-11,5.46353345628028e-06,3
"20423",6.20839434016922e-05,6.4529446113397e-11,0.00309082713407268,0.0268740803491676,0.00662916353230823,0.961594757238727,0.00174908773779342,6
"20425",0.0020755884452099,8.15143476745516e-11,0.00100566139651833,0.00373875183719687,0.962407741361691,0.0220693650330606,0.00870289184480895,5
"20427",0.000117479500986146,0.13187978812613,0.00197176384472677,0.0342421251391573,0.778889203600241,0.052899639788759,3.74345187051654e-25,5
"20429",0.136422700056217,0.000673130153223792,1.18533782191293e-11,1.5396201871048e-17,0.862904169778705,5.85665117435066e-75,2.21412645736524e-32,5
"20432",0.0364670802444945,5.58225512283159e-16,5.44058421925466e-10,0.002688899954268,0.0115274651420489,0.947031019893371,0.00228553422175882,6
"20435",0.0110529403823406,0.00526585110556422,0.0194672185328369,2.19242282789953e-05,0.964192065750979,1.21979241318076e-26,1.35097516789522e-42,5
"20438",0.284130466192106,0.602543987424615,2.31888171024021e-17,1.84483278255762e-15,0.113325546383276,2.1200235978801e-54,9.44168831647859e-16,2
"20440",0.000756287147300759,0.844592003848869,1.47564911119303e-08,9.77166299580218e-14,0.154651694247241,6.35237295413764e-57,2.21590947129713e-25,2
"20443",0.101238255500204,3.20913525089857e-14,1.71509905259229e-11,1.79208243409267e-08,0.057914725681455,1.85461297604201e-27,0.840847000880334,7
"20446",0.000107831338153394,3.700443975655e-06,6.89654496288005e-06,6.07633497208548e-05,0.999820808323187,1.18718954224509e-21,3.86195577609128e-19,5
"20449",4.28593514833614e-06,0.451445873196533,0.00988027784942594,0.028475727684528,0.510193835334365,9.18652625899548e-19,1.17636281036045e-29,5
"20537",0.000513052913536973,0.105203320478396,0.780050948078064,2.3919818629352e-11,0.114232678506083,2.53930385133836e-47,2.48564206922156e-32,3
"20540",0.01168022844128,3.38680982122606e-07,0.988319428659939,2.47265605829289e-29,4.21779879583289e-09,9.49179605181783e-104,1.79439141692344e-85,3
"20543",6.39103847639272e-08,0.290047630342961,0.0127212922794636,0.557385201258071,0.13983536686697,1.04453421498652e-05,3.84372221876817e-16,4
"20545",0.00818541380453853,2.26673229766077e-09,0.991814522931343,9.25380324038437e-28,6.09973857184616e-08,7.1077119316223e-69,1.78561036656139e-58,3
"20549",8.89565448081428e-08,0.0378666631559944,0.0715130913201313,0.814249537449856,0.0762756479333348,9.43352604324819e-05,6.35923706206284e-07,4
"20551",1.06569336365202e-07,0.986781191483457,0.00186879503355747,4.89393252030029e-05,0.0113009675883343,3.91116369108085e-21,1.11328512430397e-13,2
"20554",1.58195373476433e-06,0.9744142364189,0.00019775065341041,4.9134724580078e-07,0.0253859396267087,1.97396932214402e-32,4.09942628377239e-22,2
"20556",0.000234053741071312,0.00027806520893413,0.0633998413482623,9.86292128619725e-06,0.936078176780446,2.45644989468176e-16,5.06172751933039e-21,5
"20558",0.000369891755258498,0.99409700723691,2.84467124875495e-05,3.53651427968803e-17,0.00550465429534376,6.2019715642491e-58,5.15806807231146e-34,2
"20560",3.36800913349964e-05,0.960157757976858,4.27332254220795e-07,1.23458066925535e-06,0.0398068985758632,1.37283212825162e-17,1.44301997405662e-09,2
"20563",0.0123921053139143,0.98582318080672,5.61292315648758e-09,6.01222693443511e-28,0.00178470826644274,3.21549280293446e-85,3.25297293134245e-40,2
"20565",0.169837246415486,0.0179603408018718,4.84350935835209e-07,1.76132495273864e-11,0.812201928413872,2.27611787705999e-25,2.20264050081633e-13,5
"20567",0.013957506209487,2.4395970114675e-13,1.19649327483006e-09,0.0561841735095199,0.0224800001320319,0.00658950274609426,0.90078881620613,7
"20571",0.97033461327083,2.55264774749168e-06,3.84576263100272e-14,2.34248666590338e-29,0.0296628340813837,2.25643161838973e-102,1.18578440899488e-48,1
"20573",2.22231452067707e-08,0.965433103087981,0.00246678679808536,0.00156699102139799,0.0305330968693858,8.44717754830513e-21,4.94392915599019e-15,2
"20575",2.53501713741753e-05,0.737695464628635,1.15491036112989e-06,1.52624991461636e-17,0.26227803028963,2.7788820341508e-74,1.65433467565684e-47,2
"20577",1.3188673069383e-07,0.00339030050486457,0.00727031561758696,0.229704075220712,0.759635176652328,1.17777713073944e-10,1.81600553058478e-27,5
"20579",0.0551121285829045,4.8467695386841e-33,1.20871874701118e-24,0.000296045346658884,4.22719437864936e-07,1.74104659485569e-23,0.944591403350999,7
"20582",0.00199767073397636,0.995219296709433,3.9824709655712e-08,2.1729019716895e-23,0.00278299273188077,2.240443984626e-69,2.4373941023839e-50,2
"20585",0.000249156597037794,0.00207133661322857,0.992958765644154,1.89063051523886e-12,0.00472074114368889,9.864639504349e-30,5.30621940098965e-58,3
"20588",0.0455449690342241,2.96339762202585e-10,0.949753000983904,2.40177360873667e-13,0.00470202968529152,4.73810395285637e-54,8.75108975324791e-30,3
"20590",0.00227498682638598,1.00500807669997e-27,2.85878264091913e-17,0.00625263523255312,1.77918228200428e-06,1.82973043692272e-05,0.99145230145441,7
"20592",0.000488895380891671,0.996458585591143,8.00823381508853e-10,2.8475284364972e-23,0.00305251822714236,4.31697227361337e-76,3.63009920700531e-31,2
"20594",0.000424820495143629,0.993704960779877,1.88554471148027e-05,3.11905982520479e-22,0.0058513632778646,1.07346141129331e-79,1.11815812288876e-63,2
"20596",0.00347038671982534,0.401248203361462,2.72543102823556e-10,2.7020088061619e-06,0.595278707637363,4.25565115062989e-37,1.02837403204327e-15,5
"20598",2.94512651785773e-05,0.972673139651134,4.80083083329359e-05,2.01925770204911e-05,0.0272292081983338,3.34382377866727e-24,1.51635501437653e-18,2
"20600",7.87068905321961e-06,0.000583384506336415,0.816542948952552,5.13814594211348e-06,0.182860657706116,3.39892043454842e-23,1.51988479633794e-19,3
"20603",0.0104663284233894,2.07257131862731e-10,0.311871327045592,0.506947351449159,0.17065503152237,5.99613396649846e-05,1.25670056153491e-11,4
"20605",0.000229080060229249,0.883659675762252,0.000220491035822425,2.6632099489577e-10,0.115890752875375,3.59475949610226e-55,4.50901775068714e-48,2
"20607",0.000238603027904342,0.987287180135804,4.19150345704535e-09,3.14629858796144e-09,0.0124742094984892,1.71472330152995e-41,4.91774850695563e-28,2
"20609",8.94729548902995e-05,0.941311380380741,0.000168214435885537,2.04719846121594e-07,0.0584307275086366,6.09760522854835e-25,5.86834506903284e-26,2
"20611",5.30130508547398e-06,1.96572519995266e-15,1.89022469751072e-05,0.998491118100836,0.000355865475979144,0.00112881286956339,1.55912444798714e-12,4
"20613",4.76614691948906e-07,0.8263448327775,0.0405994526477485,0.0634402652170721,0.0696149681665681,4.57641932526612e-09,2.28364495391706e-35,2
"20615",1.86822179460884e-06,0.0377574582098242,0.129900673426982,0.000236808592164207,0.832103191549179,2.77453919483068e-15,5.2951022759149e-14,5
