"","V1","V2","V3","V4","V5","V6","V7","V8","best$classification"
"19812",0.0216506635289259,0.00183353219925953,0.0267441676066814,1.6750298549456e-10,6.2751150561148e-06,0.949722766858923,4.25945236512823e-05,6.32544077988631e-25,6
"19814",0.859980164824142,0.00127890979798891,0.000542201333973014,6.72631512187546e-09,5.76578512153623e-09,0.138009893416915,8.96302023654508e-08,0.00018872850467782,1
"19816",3.84353823245676e-15,0.00118525906989976,3.57272627605023e-06,2.99145515328653e-09,0.807063328919315,0.191747396744817,4.39548233159475e-07,1.19582171939611e-23,5
"19818",0.000678959484440915,0.00416603077247258,0.000834748693547777,3.44077471340235e-10,5.97416668984927e-06,0.994312708597126,1.01750951190661e-06,5.60432133189251e-07,6
"19820",2.27813018738429e-82,0.0118060263451992,3.24518683952591e-10,0.000471555273499548,0.987721533120975,8.84935807558999e-07,1.57520021237358e-35,5.91023485264137e-63,5
"19822",3.9747892366484e-94,0.996912640638011,7.1902988796816e-07,0.00296653660553237,0.000120103712141851,1.44271525123554e-11,1.5687658867235e-38,5.00469052953136e-53,2
"19824",4.45414709366603e-45,0.998812058309051,6.53785757425453e-11,0.000191406723183943,0.000947318050245604,4.92168521401778e-05,3.67065319206137e-16,3.7945020848551e-18,2
"19826",0.00109654551438705,0.0440736079885246,1.00216938310612e-06,1.49596394187666e-05,3.84947463002255e-08,0.877265946843007,0.0775478993505311,1.4793909276029e-15,6
"19828",9.25735776719524e-39,0.0388686839200966,0.000644028100093903,5.66496973259319e-07,0.954206124661049,0.00628059682178706,3.3961773808607e-23,4.12845904203448e-32,5
"19830",0.0014298511507347,0.225778744322459,0.621884608070528,4.75879187161267e-07,7.63049854419856e-21,0.149090369191482,0.00181595138560961,3.59295071718606e-18,3
"19832",8.16118543820736e-15,0.0165643720600241,0.968751047756917,5.64478665614599e-05,1.36425882074501e-06,0.0146267680576685,3.23244833845468e-29,8.157634109211e-54,3
"19834",8.13911119406976e-19,0.321966725333133,0.0162538975053382,4.79250732012516e-09,0.0390619829789507,0.622717389390071,9.55482181203602e-22,1.35976225702323e-25,6
"19836",4.79017231155409e-10,0.00923399859686526,0.00147326613256859,8.04073902075846e-08,7.54793910982822e-07,0.958475050532299,0.0308168490579489,2.11617071561746e-39,6
"19838",0.994609611154145,0.000132949226282614,0.0011176393338061,6.69602944934287e-10,4.64181463055326e-20,0.00413979626925802,3.32377673700666e-09,2.31282042202802e-11,1
"19840",4.17157031593632e-14,0.142307121976786,1.61576883748749e-07,8.51111371303919e-05,0.0191357403703458,0.838471679903227,1.85035584984602e-07,1.4675417160227e-33,6
"19842",6.48043266037564e-11,6.95648254018133e-05,7.32416075769783e-11,0.000139477716672825,3.82119223986075e-40,3.43825722192097e-09,0.999790953881622,1.73852159616829e-23,7
"19844",3.33902150526834e-43,1.91894403762608e-05,2.31404597251477e-28,0.0746804238369469,3.64545225233247e-28,8.30623942137653e-22,1.06217492164269e-13,0.925300386722571,8
"19846",0.887092551129509,0.000146034027423631,2.20296048920384e-07,6.38217036992882e-07,4.9076661274281e-30,4.67025784006722e-05,0.0765355499489964,0.0361783038025844,1
"19848",0.0569241863379045,0.000287232786531048,1.27222783184323e-05,1.17904263065088e-07,3.34896604792096e-25,0.000667618500590609,0.0141177490684809,0.927990373123912,8
"19850",0.9817906633042,0.0148896796077535,6.89513127947021e-07,4.68938650191163e-05,2.73612092687765e-18,0.002487332243239,6.15924613556064e-09,0.000784735307414207,1
"19852",2.44401346850157e-07,0.000754071865590336,0.00104144958988302,1.45553064092999e-09,0.0833990844355176,0.914805135165388,1.30796915435376e-08,7.05164569818631e-12,6
"19854",0.088110497177513,0.00140361354848794,0.0010803879410131,1.99075234598542e-07,4.58023078032805e-23,0.00658487736996942,0.0507078446900084,0.852112580197774,8
"19856",4.348473551306e-20,0.972928642340492,2.15205051374765e-12,0.0169014338724054,2.78348650758514e-22,6.97645975517754e-08,1.82939005449497e-09,0.0101698521909629,2
"19858",2.69570712434099e-30,0.992818452914007,5.11723297816708e-12,0.00710289805659707,2.29758262598573e-11,2.02272816728644e-08,9.1888286430221e-19,7.86287740209124e-05,2
"19860",8.82300678412041e-05,0.00452103133681186,0.000637220319472935,8.22418703544703e-08,0.0317802536263121,0.962973175970096,6.43759538161226e-09,1.63890980618132e-19,6
"19862",0.995628449311172,1.62694719156478e-05,2.19927263068495e-07,6.05988732113506e-07,4.52411869093365e-34,5.90629941797569e-06,0.00434854899680342,4.69608222800086e-12,1
"19864",9.13439785056896e-68,5.34063628218314e-07,1.21356727850015e-22,0.605308883524648,5.49167346322362e-38,4.11438477661897e-23,0.394690582411724,2.75489381809739e-51,4
"19866",1.7323573058187e-30,0.915594795930737,7.23422456515725e-10,1.35487397819372e-05,0.00146266472754577,0.0829152328209691,1.37570575440142e-05,3.66313926867334e-39,2
"19868",3.14410215044276e-81,5.85835578395463e-11,0.0014532282400991,0.998546771701317,5.32802562354635e-44,1.21383055475648e-31,1.57686290084643e-48,1.59846828421308e-64,4
"19870",0.697087412015105,0.00450544206169261,0.00191462775373201,3.67605185038326e-08,2.49864528707228e-17,0.138025898639199,0.158466578651463,4.11828957190452e-09,1
"19873",0.000419375604061522,0.0988045195631982,0.000173191994706602,1.66752378329615e-08,2.71941762429617e-08,0.89452915060762,0.00607371836062562,3.7363367306881e-13,6
"19875",2.75583724677493e-23,0.0133803460996762,0.000166285928885809,1.76427903045917e-05,0.929157238447681,0.0572784867334529,2.31328635291698e-22,4.41042476035989e-43,5
"19877",0.050190954253828,0.00272020794612203,0.00595163073452456,1.32591140407622e-09,2.78593143019341e-08,0.938842964339663,0.00229399348328946,2.20057347142535e-07,6
"19879",1.39240888586342e-12,0.00898128969283019,0.00731688576959916,6.74575166828924e-12,9.90535372527549e-06,0.983690276209181,1.64223486848247e-06,7.31657793789661e-10,6
"19881",3.91130836380966e-05,0.27888221951143,3.18442216287049e-05,3.00075330946292e-08,1.27410750604883e-12,0.579040534335409,0.142006258465006,3.74081632048289e-10,6
"19883",0.000361558241761692,0.0214040410690441,8.75551013691507e-07,2.23304186210061e-08,1.66187703008826e-16,0.00702619912430716,0.971207303683454,3.59166681786404e-16,7
"19899",1.87300132983678e-17,0.0773765752558143,0.000683843508736473,4.61465560741929e-05,2.39160656392651e-07,0.921893166004845,2.95138735737673e-08,2.83509643212085e-35,6
"19908",1.82727632472877e-67,0.0176385815756592,2.90854301926359e-16,0.98236141842434,3.86644850955721e-26,1.5218716293192e-16,6.31230244085119e-16,5.13586260499997e-45,4
"19910",1.2125753820243e-06,0.00110558151310207,0.00118414170133588,1.81379991401555e-10,0.00390662593268321,0.993135665014459,0.000666772925550137,1.56107323692772e-10,6
"19912",5.81959169723296e-05,0.00220448602915665,3.86315504418549e-09,4.36769554162333e-05,2.5656926551357e-37,5.87269634384095e-07,0.997693049965631,3.4836435490296e-14,7
"19914",8.60162767218799e-11,0.0129040035597473,0.0165694567170395,1.35329546559959e-10,5.14306994373322e-05,0.97047509724792,1.15533361898292e-08,1.17370505963438e-12,6
"19916",2.02370833282215e-61,0.842802505544619,4.29272597995129e-20,0.15719748919051,8.1621529653608e-10,5.41156535628282e-10,3.90749997454102e-09,3.13572446754258e-34,2
"19918",0.712891497150827,0.00610383495446202,4.22363511896156e-07,3.47695904238541e-08,5.19237708618026e-16,0.0233746080735651,0.159667215773311,0.0979623869147326,1
"19920",0.00433424162761549,0.00227304861582181,2.33952621763802e-10,1.31291555728216e-05,3.16758304667176e-21,0.000112300627352543,0.000178754155729558,0.993088525583955,8
"19922",2.52157045045686e-20,4.35614539795861e-06,0.999851771371321,0.000143837647287458,3.00386469309134e-13,3.48356938285508e-08,8.05574641230572e-28,3.91542625552704e-52,3
"19924",0.00040811806067361,0.00619473330700096,0.000158903622807855,7.11993288200167e-09,4.43235879244034e-08,0.985769454375294,0.00220150302142248,0.00526723616927985,6
"19926",5.45361260198181e-21,0.0480776321559871,0.0427804496213042,5.06971521953331e-07,6.5809084831835e-08,0.90912484520257,1.65002395317612e-05,4.93380763229998e-44,6
"19928",2.26024324055004e-61,7.96838199300623e-12,9.08332913238792e-29,0.106808517842786,1.42877557897871e-61,2.29749710906895e-33,0.893191482149246,7.45806184076004e-48,7
"19930",0.958393178805308,0.000105904968862108,0.000635167752237543,2.8207624183407e-10,9.55717434244042e-12,0.0408203714982952,4.5376682826327e-05,8.37563133397502e-13,1
"19932",0.99791892011601,2.28360143899366e-05,9.81652800105534e-05,1.11264208925257e-09,3.89068339182231e-20,0.00195838856274125,1.43680397934794e-06,2.52110227363663e-07,1
"19934",2.05548906505726e-18,0.1079925186147,0.00565161391173411,3.09635670513088e-09,0.239407829042746,0.646948035334462,2.8995444164097e-19,2.05561488297046e-17,6
"19936",0.000570898906344715,0.0101438921389231,0.0093528675802806,1.00493326635934e-05,8.80526966538307e-08,0.979922197007956,6.98113560657841e-09,8.13064389250398e-18,6
"19938",2.92193958309573e-57,0.994766618349651,1.51534223286247e-07,2.50929851485816e-05,0.00103664796883867,0.00417148916213853,5.84328556406847e-18,1.15584814032564e-23,2
"19940",4.45737403036061e-07,0.009686822263446,0.000174405655547161,5.34586283913836e-10,2.1183799568913e-07,0.773142805432831,0.216995308374051,1.64139979517868e-10,6
"19942",6.30196902846457e-39,6.2272780352535e-06,4.23928597186673e-26,0.0353501583082466,2.02011046828974e-42,1.88304384642386e-19,0.964643614413718,1.01544398962801e-42,7
"19944",6.11084404129499e-10,0.00145274107027847,0.000112575298906025,1.94875462454396e-09,0.00963213315933563,0.987704433623248,0.00109811428836535,2.70636334755076e-14,6
"19946",4.39736161837104e-05,0.00683352890625667,0.000102842801562517,1.1577319172606e-08,0.000103102562955313,0.992898337637541,7.93771799125621e-06,1.02651801900698e-05,6
"19948",5.78011123918938e-32,1.59152085739345e-07,9.30027970836436e-23,0.00585982661887314,6.39714575173137e-42,2.17954849392962e-19,0.994140014229041,2.68961270791171e-35,7
"19950",9.58316765753009e-14,5.46345660797958e-05,1.35318409774798e-11,0.000155875234427726,7.81642612175534e-32,5.82499538790394e-11,5.21299931758890e-10,0.999789489606315,8
"19952",5.78011123918938e-32,1.59152085739345e-07,9.30027970836436e-23,0.00585982661887314,6.39714575173137e-42,2.17954849392962e-19,0.994140014229041,2.68961270791171e-35,7
"19954",0.991483276421253,3.45167947134655e-05,0.00012138179945947,3.04882471609716e-10,9.67147942021798e-16,0.00822734994201308,0.0001334587920351,1.59456423702712e-08,1
"19956",9.50879695793627e-09,0.0206695100275438,5.92748326120819e-10,0.979330372858166,1.26686396235994e-43,2.2908881901931e-11,1.05222980906777e-07,1.76685490203732e-09,4
"19958",1.26869707433753e-54,1.00859938255967e-12,0.789055239330786,0.210944760668205,1.63420838358552e-32,2.23045978961646e-25,4.90792868438586e-48,5.70368600154468e-54,3
"19962",1.47855487519565e-13,0.981658834566342,2.14940519409704e-06,0.000191991567419968,3.79013590124471e-10,0.0181462475803624,9.40424375547507e-13,7.76500580201946e-07,2
"19964",2.40345340330927e-08,0.0549167769630493,0.000124204139988032,3.49589709743923e-06,3.30477090954702e-09,0.912953513309285,0.0320019820703254,2.80949797270656e-10,6
"19966",1.6658904270577e-56,0.997143490488799,5.6114475066187e-11,0.000558076228540061,0.000358929774705834,0.00193950028463899,3.16720169937015e-09,6.22784253288898e-60,2
"19969",0.631057698008828,0.157589101056937,0.000311661601577662,2.56904146232833e-07,2.6193361735786e-16,0.159026288807241,0.0520149936212702,4.05021239361299e-21,1
"19972",2.42416668143523e-09,0.00207332924952629,2.83597630896087e-07,2.40320119281147e-06,5.35904077059718e-25,0.000142995752462924,0.997778108472012,2.8773030080671e-06,7
"19974",6.96331592776082e-06,7.11758865957628e-06,3.03349576129547e-14,0.000369484305450431,1.50060216973528e-44,1.85284067791483e-11,0.611033957350426,0.388582477420977,7
"19976",0.000729313924354646,0.0122559938219669,9.75502427596265e-05,4.11133972268113e-08,2.35916223672405e-08,0.984890572021287,0.00177762003305802,0.000248885251554363,6
"19978",6.48407598524147e-09,0.00561484964231076,2.12535591084186e-06,8.15633847613334e-07,0.153718860184625,0.840602475173355,6.08675258517889e-05,2.27444669571717e-14,6
"19980",0.248042764229563,0.0001259408546419,5.77454325814373e-06,2.3294097220286e-07,2.66976119134205e-26,0.000158402477738288,8.65965757873151e-05,0.751580288378039,8
"19982",8.92666701449668e-08,0.482677816116038,1.11849782312797e-06,0.0590932765587982,8.34370511086444e-19,0.00138158310848843,7.06549521225221e-10,0.456846115745633,2
"19984",1.31561487392153e-20,0.00321615520975094,3.08322061881045e-17,0.00121455255795877,2.70576264562226e-23,6.45380721739449e-11,2.28587898446225e-09,0.995569289881873,8
"19986",9.89964668452429e-70,0.0688069800783571,7.91980514247979e-07,1.1662810072652e-05,0.927923540839803,0.00325702429125282,1.14667149632032e-23,2.15639387139512e-55,5
"19988",2.2023989442532e-92,0.0196723214554622,6.3463970537952e-09,0.0016231954690069,0.978704287801396,1.88927737472304e-07,1.72846638983618e-41,1.02239883356285e-71,5
"19992",4.07416592134066e-66,0.00387201946533598,5.26793155313795e-10,0.000228959780653872,0.995882502365742,1.65178614752059e-05,7.63929760677932e-38,4.96257768760968e-41,5
"19994",0.956829598410474,6.26877266326764e-05,0.00165467407633135,7.45748043060226e-11,6.10309521695486e-11,0.041357134646477,9.59050044755521e-05,4.39334543895627e-15,1
"19996",2.99862740922674e-56,0.0100254574576343,2.58435249345458e-07,1.62258775127271e-05,0.98878890864696,0.00116914958264415,4.39524687785825e-30,7.64686797670779e-36,5
"19998",3.50688162598183e-19,0.999770925037736,2.14084510470226e-12,0.00021797249481846,2.83701324928916e-19,2.64662206888752e-06,8.45584323539308e-06,2.1781532700076e-20,2
"20000",1.4571024732213e-08,0.00604370503270571,0.99352969452547,0.000425909738236665,5.01604300623067e-35,6.76062172364313e-07,7.03905847108536e-11,1.29319839157693e-33,3
"20003",0.0215013464842413,0.00280936999632321,0.0233561556965978,5.48711311218855e-10,3.22248734975386e-09,0.951659204726882,0.000673919324756977,1.88162666603876e-30,6
"20005",2.65202599875914e-05,0.000151071798470028,1.68448183036103e-06,5.46881713660271e-07,2.21227462621491e-30,4.17759517263324e-05,0.103416223339023,0.896362177287249,8
"20007",8.90718064758916e-14,0.026357027347864,0.000955873387696402,1.62981213262095e-08,6.47670384821946e-05,0.972622315927687,6.0311375772785e-14,3.95722105119167e-22,6
"20009",4.88454904637302e-56,0.999942978417694,9.33265323270656e-11,4.96813747114707e-05,6.81526513732282e-07,6.65858775413528e-06,2.21169716033715e-16,4.98395306723209e-24,2
"20011",3.0665080981822e-09,0.0536440564088969,4.69610290548141e-05,7.33051125081286e-08,4.02718524446915e-17,0.0469447329119775,0.899363183813588,9.89464862340803e-07,7
"20013",0.617343010886895,0.0110020658011224,0.000142967659138456,2.07576456079155e-08,8.55760636744504e-13,0.196366950348515,1.26277665480412e-05,0.175132356779279,1
"20016",1.48617153053693e-76,0.982462953051912,7.35208513225261e-07,3.25327397915594e-05,0.0175030183400921,7.60659691274887e-07,2.60925291065612e-30,2.25820019969927e-39,2
"20018",6.56481844550628e-162,2.22438006453647e-10,1.98883231204308e-05,0.999980111420627,3.38141885990714e-11,6.22407172591944e-36,1.25797664474438e-83,1.65431618001264e-133,4
"20021",3.37469136066499e-18,0.00782323196843688,0.0034997008212488,8.99323866356618e-08,0.76340365271417,0.225273324563757,1.27004296939698e-16,5.07635260929628e-46,5
"20023",1.02532518008228e-15,0.00334727518875264,0.000381242440908873,3.5908058339947e-08,0.0264883322596551,0.969783113314625,8.8782306002677e-10,1.7640164135237e-13,6
"20025",1.44154493595429e-87,0.00115311015954304,0.00026214427662384,0.998580043393273,4.70217055842493e-06,2.19724679957731e-15,7.42883393269979e-63,4.83355317955248e-110,4
"20027",0.00172960678119891,0.00583679555607936,5.3881080455759e-06,1.02571727396739e-05,6.2660056704594e-26,0.00197308422736767,0.990444868154569,2.2212692593676e-25,7
"20029",0.911795229093077,0.0354539984333386,1.41937580869699e-07,5.84101498774858e-06,3.32281714769038e-24,0.00112812325049927,0.0516166660250113,2.45504857622249e-10,1
"20032",0.707543199644054,0.000398713722145263,0.00175712356502254,1.03838993820741e-08,7.70402944071939e-21,0.0133104578595504,0.276990494825328,3.20154553042715e-17,1
"20034",2.42022845446184e-28,7.69696056265978e-06,6.4632929379955e-16,0.00268557618739571,3.51066692387329e-35,2.15258147184582e-13,0.997306726851826,7.38342191963892e-37,7
"20036",2.13591140591018e-13,0.97416766288612,6.09411579853431e-12,0.0257036279829958,6.42937180730033e-15,0.000128709112790028,1.2965284284889e-12,1.0483570715689e-11,2
"20038",6.49422855166034e-42,0.0134181263491628,0.013584692499655,1.19055031777955e-07,0.94554255242485,0.0274545096713006,3.81252039546531e-24,1.52302982145347e-63,5
"20040",3.70154748268418e-110,0.406641780743807,6.3677275134156e-09,0.593347430319588,1.07825686642799e-05,2.13075297451895e-13,1.85158758779461e-27,2.22442683938595e-56,4
"20043",2.91728968769327e-27,0.0392597479402523,0.000457662945444792,1.23519268044178e-05,0.94945720839608,0.0108130287914187,2.18899607356808e-27,6.10610042630806e-34,5
"20045",5.74610071744318e-98,0.0259960109846104,7.25494355038156e-07,0.00388337650910374,0.970119886714054,2.9787639256159e-10,4.69321596515942e-53,7.94111819484091e-55,5
"20048",1.98105681509143e-20,2.35617310799297e-06,2.49483172275719e-18,0.00735587442448377,2.77077704014839e-36,4.58248387686722e-20,1.65392735371433e-18,0.992641769402408,8
"20051",1.93458414096278e-09,0.860068378889938,0.01524374479164,0.000232481367172901,7.86046103041305e-05,0.124376788406361,1.48091392754594e-32,1.07604995035303e-18,2
"20053",2.90310632574302e-25,0.0775383699550879,3.36200734013052e-06,2.30211770624452e-08,0.00515475505464036,0.917303481515714,8.41197811281829e-09,3.4062352826759e-11,6
"20055",1.30077829715823e-30,0.531843910891907,0.420234682795588,9.27575953742797e-06,0.000135178620955907,0.0477769519320117,4.20549963038622e-21,6.91476181801505e-79,2
"20057",4.51056267108442e-87,4.78216270944893e-23,0.000314249514855734,0.999685750485144,3.62918068989807e-71,1.45894111012882e-50,3.30979585785184e-49,2.09457029611765e-75,4
"20059",9.89600843443781e-32,0.350239819097236,0.000465427272267293,0.000985163258499115,0.00696562649924513,0.641343963480767,3.91985351548166e-10,7.91614219949659e-27,6
"20061",4.21663921589819e-15,0.0245397986824909,5.21660889508858e-05,2.84794389108764e-06,0.00240836585914222,0.972996821114813,3.10707751321557e-10,1.03200579598619e-26,6
"20063",3.24805602789294e-94,2.33701782445386e-05,1.39853986352604e-33,0.999976629821754,7.60586893156821e-23,1.68185444035588e-31,4.7210414277884e-31,1.77612272085407e-15,4
"20065",4.9119335800646e-79,0.000221913780969799,0.965967466893974,0.0192135212388439,0.0145970980829287,3.28360163855061e-12,5.72373751157273e-66,4.79407490925207e-127,3
"20067",2.47831709207398e-45,0.256716746136893,0.000657500719550397,4.98903625285657e-05,0.742165416634515,0.000410446146512948,2.91312983909516e-37,3.30547252129537e-17,5
"20069",0.0272258306903962,0.000133563509219211,1.3207320463938e-06,5.37008303175743e-07,4.69475612017611e-25,6.70199922118768e-05,1.65608148458924e-06,0.972570071986339,8
"20071",5.66154475490412e-24,0.998944076207959,1.5311703256182e-08,0.000151601802672182,1.56662451247048e-12,0.000904292855363738,1.38207355590167e-08,6.69134201686981e-34,2
"20073",4.26604218135792e-07,0.0518600630150176,2.84672133525878e-09,3.21396295328261e-05,5.75556939207321e-16,0.000619210143212281,0.000171377795481284,0.947316779965816,8
"20075",8.66370395895378e-55,3.30718169176087e-10,0.924790203252327,0.0752097964169545,7.88323825538821e-37,1.47702763601515e-24,3.79350810204331e-52,4.5971426612123e-82,3
"20077",1.04374637011957e-21,0.00203783461188752,8.0352030036938e-10,8.0099216825697e-06,0.900097772140758,0.0978563825220869,5.47055803496721e-14,1.02637336846211e-14,5
"20079",1.29050310121549e-23,0.929384889017786,2.23587432651977e-10,0.0706150875969484,1.21689656991237e-10,2.30373515588767e-08,1.2363872052334e-30,2.63737142374178e-12,2
"20081",9.12569848322385e-36,0.0974775961718538,0.819906993213686,2.16381517468932e-05,0.0790058795342283,0.00358789292848517,5.32592897060556e-30,3.27845249879914e-35,3
"20083",2.29230254606964e-36,0.447971509662995,1.28427309764047e-16,0.552028489220945,1.29382317917615e-25,1.48528441975185e-13,1.49831470519595e-14,1.11589620115224e-09,4
"20085",2.38290867484563e-86,0.00494795331114264,3.8168590612823e-06,7.49257906936542e-05,0.994973237873637,6.61654652771152e-08,3.82768963191891e-47,3.93522557303789e-79,5
"20088",1.50934063877078e-31,0.00595999112617016,0.00076876888794446,4.76827335775937e-07,0.94839328681905,0.0448774763394997,8.32482003626888e-29,4.01949868944889e-38,5
"20091",1.57307949880338e-58,3.24371410800719e-05,0.999874658062443,9.29047935004721e-05,2.93130628363631e-12,4.531727400067e-14,1.57906812704164e-47,1.59480063393266e-54,3
"20095",3.68017155222334e-61,0.321663971807053,1.885656051861e-13,0.678304887213298,7.32836594013016e-21,8.52032357773043e-10,3.11387414580437e-05,1.38597044679375e-09,4
"20097",2.09959781948925e-82,0.0053406903181927,2.65932195484633e-05,0.00078256254061525,0.993850089966025,6.39556185473438e-08,6.39566131559546e-54,2.54168955650114e-84,5
"20099",8.37885181975318e-49,0.993892775490204,1.14057283590264e-18,0.00606393517188571,8.76484756581227e-07,2.65239456598195e-07,4.21476136965361e-05,1.21622445462542e-19,2
"20102",2.4673982673631e-40,0.0031397969572815,0.00091322883624256,0.995946974206373,9.82293284228832e-22,3.91045110991299e-16,3.06626468422084e-40,1.02986490476546e-13,4
"20105",6.52639452856179e-27,0.639693624961907,2.78052478841137e-05,3.02412245670601e-05,0.354634681966921,0.00561364659872076,1.467626349403e-31,1.90548455193499e-24,2
"20107",1.86442430420559e-36,0.0057946209967693,1.20563146968372e-05,1.09356877674148e-07,0.596403754412942,0.397789458918713,1.05499196016029e-15,1.29903401720195e-32,5
"20109",2.08355183154126e-26,0.99754995951118,1.48809954036543e-11,0.000541307023739665,0.000457405764477961,0.00143084087149304,4.75650654704866e-10,2.04863385775205e-05,2
"20111",1.02836017789318e-25,1.15888267942771e-10,0.992134566894554,0.00786543298955718,7.81288875419216e-39,4.31693350041768e-17,1.07110842214892e-25,1.76695663808371e-35,3
"20113",2.0965449248187e-32,0.714644695519287,1.18050373776393e-08,0.000380541576256701,0.000162862832781216,0.284810318786385,1.56948025204324e-06,1.69909922871036e-46,2
"20115",0.000302942234779224,0.000179463841380578,0.998892722807827,0.000423305615883064,1.38359522068599e-27,0.000196643627332503,4.9218727976323e-06,5.14045323809278e-28,3
"20117",2.71659209375172e-113,1.01294099304194e-06,8.20445751377961e-07,0.999998166613253,3.89418838076628e-28,3.11195053875016e-22,2.69974341055813e-15,1.45453531582576e-87,4
"20119",9.85280048151455e-54,0.997799551098669,1.23953490016825e-12,0.00116268590496865,0.000843086097031555,0.000194662678328601,1.42197628024904e-08,2.09732550247498e-64,2
"20121",2.31126221445414e-47,0.00472096401765832,8.21971013117655e-06,1.1819637030775e-06,0.864128864697058,0.13114076961145,9.91202412888396e-19,5.96042392650398e-42,5
"20123",6.02277981162685e-62,1.21577886294285e-05,0.997843986400337,0.00214385580567973,5.32526811993095e-12,2.89166621841563e-14,1.54001897776266e-56,1.49257561115124e-88,3
"20125",0.992719279934922,0.000889583960805412,4.45092555019335e-05,3.28957151457918e-07,6.85970292610136e-17,0.00621637803320783,1.15086368785446e-08,0.000129908349774835,1
"20127",1.24827199011355e-74,0.0311086567349265,2.93830857819026e-11,0.00660270139071429,0.96228863660311,5.24186614509328e-09,1.59535960835992e-43,5.18030711043417e-43,5
"20140",2.04820804654973e-33,0.906314427226506,0.0308251905967199,0.00621621104816863,3.97240803790301e-09,0.056644167156157,4.03493707888137e-14,1.20927134045458e-60,2
"20142",4.6283248211228e-06,0.000116049372727644,2.12618758688014e-11,0.000150592002944279,2.53572640094936e-30,7.68800175693905e-10,8.89476916610237e-12,0.99972872950055,8
"20144",0.0133838952522173,0.0606523261124237,0.905786085874022,0.0173523211196969,3.53790026506653e-25,0.00282537163649808,5.14225564918124e-12,9.45769238119406e-17,3
"20146",3.89077576995228e-10,0.946124298604302,9.75882719897733e-07,0.0536254978137926,6.75800790033151e-17,0.000248872376384816,2.91320818188228e-17,3.54933723120718e-07,2
"20148",0.0753345487709671,0.0162270471417785,0.00109869031679402,1.14732881679068e-06,1.19425226133847e-07,0.907338446975506,4.09116042985611e-11,7.79719336001366e-18,6
"20150",0.380313611077353,8.98670548283996e-05,1.40398645512039e-08,1.96392303383712e-05,6.39414003456578e-36,1.09920579260922e-06,0.0838027311899814,0.535773038201842,8
"20152",0.0239351638061565,0.00416834662384644,0.000429395267417118,6.79929453546969e-08,2.99484703226101e-06,0.97145766931678,6.36214306990129e-06,2.75216378224502e-12,6
"20154",2.22625506329176e-77,0.006436070038828,0.618446645749655,0.375102762635356,1.45215761612604e-05,1.9926942546029e-16,8.63189746376615e-75,1.84200638763402e-53,3
"20156",2.183161079496e-26,0.936592776830487,8.53183185441869e-06,0.00217228040125308,7.76881899606237e-07,0.0612256340328975,2.5113765015219e-12,1.90966475023504e-11,2
"20159",6.09532156549998e-08,0.002723982134252,5.82762857377035e-06,2.99712814765286e-05,8.51153013426411e-26,3.8274078542974e-05,8.6113823744633e-06,0.997193272541565,8
"20161",9.27443035503588e-17,0.688237421617377,4.63171722772148e-14,0.308070043217359,9.42675513484342e-21,3.75236558277167e-09,7.70392163349338e-13,0.00369253141208131,2
"20163",1.71139580727618e-06,0.112839817687703,0.155791874413189,0.00128385607540162,4.25357418360196e-08,0.730082697890989,1.16750528289324e-12,1.18839966155888e-44,6
"20165",5.0655651726728e-32,0.542732289041843,3.01748297053504e-13,0.441166716076797,1.43768868026023e-08,4.26087955547021e-09,6.50650764793469e-25,0.0161009762432918,2
"20167",0.821037572408469,0.00171023146365228,7.09621597090937e-05,5.40679325569029e-09,4.11961432451624e-08,0.177132051891614,3.33793519024887e-07,4.88016801001689e-05,1
"20169",2.37812016321546e-14,5.17111152323548e-06,2.77799289032685e-16,0.000651598558662271,1.0058465971676e-34,3.76272859351514e-16,7.31495356439018e-16,0.999343230329789,8
"20171",2.64873917971612e-107,1.91361886542369e-05,0.000186359823213826,0.999794501813819,2.17431305541836e-09,1.37498279620531e-25,6.89662400178389e-88,2.94698832074916e-62,4
"20173",2.05903913954508e-56,0.00773550647826463,1.17182470071138e-29,0.99226449340576,6.22137014636372e-20,1.96842956977483e-19,1.15975438926145e-10,2.73732437509854e-18,4
"20175",0.0162918976320131,0.0137423110371887,0.00259221329736335,6.87668878664325e-07,8.01033152565132e-13,0.944789717830514,0.0225786685309814,4.5040022600821e-06,6
"20177",2.26550208461755e-52,0.93626895520859,1.04925234482345e-17,0.0631865727802998,2.93779541748748e-07,7.40407934552474e-05,0.000470137438112956,1.39196505673743e-23,2
"20180",4.12591386620661e-57,0.0309207199289914,0.000740137202936381,0.000191507446961737,0.966947918275854,0.00119971714525635,1.43557484739337e-23,1.49427208892155e-90,5
"20182",4.05875348657882e-50,1.45280136616275e-17,3.46974054361686e-16,0.999999999999956,1.0494476390808e-80,1.00346015879915e-42,4.08965847366025e-14,2.35909856825915e-15,4
"20184",2.94933552810587e-05,0.0056927145543683,3.8101141248832e-09,3.34893665325128e-06,5.38938929258111e-17,0.000274317463746254,5.68803782581133e-07,0.993999553076054,8
"20187",6.21713146826911e-33,0.371431562766755,1.44550986981338e-24,0.55756389204559,4.47668386094448e-18,1.06891747014444e-08,0.0710045344984798,1.28041501086915e-16,4
"20189",8.09843893513398e-15,0.220046858304742,5.79195449470739e-07,2.21026065386134e-06,0.0451503396301091,0.734630957685581,0.000169054923456657,4.90004445453932e-31,6
"20192",4.91376486908579e-64,0.00015296059596101,1.23301815148591e-05,0.999834709213957,8.43356975852311e-12,1.33616636888515e-13,2.41900273908604e-30,2.06661875826847e-85,4
"20194",1.32753353227094e-14,0.0853226715104129,1.55410786558023e-20,0.909881631227199,1.5046301938481e-34,1.59662273783497e-11,0.00479280728026868,2.88996614010946e-06,4
"20196",1.13018660843473e-69,0.206010100286474,0.581486789031822,8.82849319668783e-05,0.212414823480033,2.26970420715743e-09,3.78072769318594e-45,8.30673100337312e-67,3
"20198",5.80414766514304e-11,0.16426446836389,0.000131930549398535,0.00733738351417007,1.17111408113787e-05,0.828254503915427,2.45826157215444e-09,1.39737492517813e-17,6
"20204",0.916588038970939,0.000516518133478878,6.61803663595351e-05,1.19107167344186e-06,1.46200966785461e-24,0.000183391065088175,5.63406135163787e-08,0.0826446240518477,1
"20207",1.73988878176736e-54,0.635135883628402,0.00726554576573264,0.00240398367687933,0.355181362387103,1.32245418832452e-05,5.50162599424764e-45,1.24754150007167e-30,2
"20209",1.40159170642577e-15,1.17493202774653e-05,0.998498472686302,0.00148957043949186,3.27924153345646e-33,1.91605889318766e-07,1.59480380639226e-08,3.02815490499087e-68,3
"20211",3.29600481354255e-48,8.70551304047152e-05,0.999284703009137,0.000628240092177392,1.76762585462046e-09,6.55091239009416e-13,1.49254401694342e-65,9.05042936096604e-70,3
"20215",9.27905756210834e-24,0.392803296462891,2.74762187028506e-07,0.00239483577176841,0.526894816596917,0.0779067764062364,1.16039594172869e-25,3.21088499480486e-35,5
"20218",0.00209278853442159,7.95017370320374e-05,3.69806487861158e-09,1.03204434095669e-05,2.05032282796481e-28,5.07837581466353e-08,1.08476639836749e-10,0.997817334694837,8
"20222",2.53001040629518e-37,0.916205419161699,0.0098393520802801,0.0167107515991511,0.0571831577030778,6.13194557921618e-05,1.1770512754876e-45,5.47380371886901e-34,2
"20225",0.000698797576254732,0.407471498484538,3.03553934377402e-05,0.591275097641946,3.47067533659063e-26,0.000524250903784632,3.80869916686153e-14,2.10642868812808e-16,4
"20229",7.88535260903424e-16,0.994294795554797,0.000177308696824723,0.00520026519336035,8.40208174821868e-16,0.000327630555015957,2.38565388055551e-20,3.54195402445162e-41,2
"20232",7.7782713937309e-28,0.296536171895751,0.0308726623974412,3.89735455059079e-06,4.20296418484997e-05,0.672545238700313,1.00963386588021e-11,1.7520141404056e-30,6
"20234",3.53839746186885e-140,5.0022222969281e-05,1.44790478900452e-06,0.987561850571077,0.0123866793011648,7.67010249444111e-21,5.76423913156871e-57,4.08881459904056e-127,4
"20238",4.28343854256736e-42,0.764143253869611,4.57598348097919e-05,0.000613996213041355,0.113155320067343,0.122041670015195,1.52050510036929e-24,7.87984897814168e-34,2
"20253",4.98990928841748e-49,0.021048025748199,3.44923977857995e-11,0.000847936627200202,0.978027082712111,7.69548779974079e-05,2.15084838441459e-31,8.36988945235541e-47,5
"20255",0.968190623796835,0.000301217194076373,0.00480832145224136,5.02002851576856e-10,3.95654216943097e-15,0.0266998364065858,6.48224635941009e-10,2.98963608334499e-14,1
"20258",6.04666414389954e-43,0.008642109833896,1.25210492642317e-06,5.71691834149914e-05,0.990497746589893,0.000801722287870053,9.88760322880973e-26,4.27159028728686e-52,5
"20269",1.28595384466789e-20,0.794131180317927,1.33701063367e-06,0.000254976350939921,0.164074306501132,0.0415381998088008,2.89700312410606e-17,1.05670521167131e-11,2
"20271",4.93325054883776e-53,0.798109742637764,2.83208698562121e-12,0.114503022097858,0.087356041239477,3.11940205560067e-05,1.51315857104549e-12,2.14064332385992e-65,2
"20285",4.44086283662009e-27,0.880608378895855,1.10340343658831e-14,0.0184353191084804,1.986333390899e-23,7.6595021687247e-06,0.100948642493485,5.58147187799418e-18,2
"20288",1.88515035416138e-27,0.401411408359362,2.53479813927773e-05,8.48352594991763e-05,0.00616446096096678,0.59231394743878,1.54587562730859e-19,2.56606775832262e-31,6
"20291",2.1776768276042e-68,0.127743403330831,0.871403346941785,9.52292883404799e-06,0.000840183768928291,3.54302962201596e-06,5.29814248054795e-30,1.91334970780022e-49,3
"20295",7.4829994221058e-30,0.951060150529797,3.92546986808881e-10,0.0489357968777061,1.31781193814578e-08,4.0390059764872e-06,1.58536518468831e-11,2.73002177095465e-26,2
"20298",0.988082293125052,0.000442340668999667,0.000115264790454036,7.55480544812707e-08,3.66229944174056e-21,0.0113471898535454,1.28273394349364e-05,8.67446009249172e-09,1
"20302",2.98078036221217e-07,0.0821418449453133,1.41558261898913e-07,2.09113047418104e-05,1.1504244936349e-18,0.00365890835624675,0.00514063536589849,0.909037260391501,8
"20305",0.998099736711916,0.000154866254365922,3.50348512437997e-05,4.86887031056847e-07,1.7100086202792e-25,0.00155502219392677,0.000154853101516673,3.55605853316024e-17,1
"20307",1.92682758748605e-50,0.00668006858126678,0.000341071465195741,3.17434463991143e-06,0.97595723787717,0.0170184477317272,6.52765365332323e-29,1.45641126702266e-42,5
"20310",2.30812824832289e-118,0.0575819848324607,4.58887419676035e-11,0.620663457056947,0.321754558064687,1.60610043990013e-14,9.99367160820575e-50,1.43220992778944e-83,4
"20313",2.22748729004059e-20,1.33323817677337e-05,1.06168138832055e-15,0.00446943590452945,6.61356964395881e-42,2.09482718094849e-14,6.63985485326716e-05,0.995450833165148,8
"20315",4.31454525480974e-46,0.32274302939906,6.7763155237634e-06,2.02181121944461e-05,0.59203403213397,0.0851959440392463,5.30887434015591e-15,1.67707631269043e-43,5
"20319",1.3159249344299e-60,0.255962777807159,0.353916875869364,0.38686042885887,0.00325990782485052,9.63975630532509e-09,3.1531439348967e-56,1.64995329900103e-77,4
"20321",3.28550792986801e-50,0.107655338501404,1.21102467342001e-13,0.0646768755790956,0.827658304614972,9.48130440742168e-06,1.48222499934717e-34,1.72912374477564e-40,5
"20327",1.06347740798712e-54,0.0644750730472869,6.23815832287498e-10,8.52387544702434e-05,0.934471995046875,0.000967692527552164,1.63390850099807e-16,9.73818911203085e-45,5
"20329",2.50177620721829e-27,0.000263679339811871,2.50579818811961e-25,0.0824076414243518,2.28093303475119e-42,2.58815253141627e-15,0.917328679235626,2.07373977762515e-13,7
"20335",2.88079818588323e-72,0.0679387092614795,0.100460330702934,0.000332715704647899,0.831268223155983,2.11749556333742e-08,7.95243665946716e-56,2.54524681571146e-48,5
"20337",0.000325100334591772,0.000190258619901851,2.05131592233404e-05,1.5512958048053e-07,8.6291648304763e-24,0.000117208860296319,5.62748844137923e-06,0.999341136407965,8
"20339",7.03049583355979e-39,0.00185353317642098,0.0497194225503096,0.94842704423904,2.50518612601646e-21,3.42293578863706e-11,2.92910689445661e-33,1.50248612603781e-78,4
"20341",1.85920754286825e-78,0.0767692530121785,0.0627360680126884,0.860494666639338,1.23357837088118e-08,1.13910905704801e-14,1.97478333646884e-50,3.41424990315279e-33,4
"20343",1.60658077074554e-78,0.710689318048734,6.14557601174428e-10,0.210542337877538,0.0787683431566847,3.0248598533485e-10,1.10507460874489e-46,1.11472802621686e-30,2
"20345",0.00523066596693519,0.0113553393744282,0.00406401354658776,1.04525494336847e-07,8.93354807015118e-13,0.861441685325238,0.117908191260423,1.67930638787486e-31,6
"20350",7.23595756338475e-60,0.508419280623361,2.83836354242545e-13,0.491580716172968,5.22892948959812e-16,3.20338626506909e-09,8.46735623946921e-19,1.2013954328776e-28,2
"20352",2.52366486777063e-13,1.86368744064558e-05,1.24238025488959e-14,0.000220335241070644,1.17936873994486e-28,1.1811473798564e-13,8.73806813845702e-17,0.99976102788414,8
"20355",3.31532961764823e-20,0.960228130098803,1.27851732676488e-09,0.0115461721812115,9.75950421380209e-17,5.29116703842394e-06,1.45181909006802e-10,0.028220405129248,2
"20358",2.31921180164778e-11,0.000100250438074526,7.08840205641996e-20,0.00998213567394707,3.57683245269446e-41,7.62213604581916e-14,0.989917613831539,3.31713944350246e-11,7
"20363",1.13766779309957e-34,0.0207868293677808,3.74505369518861e-09,0.000339443261478638,0.977118254206169,0.00175546941951803,2.97136170509747e-31,1.06754684041821e-34,5
"20365",3.84113269567955e-29,0.0377080532504074,0.960399142301809,4.72648473752621e-07,0.000622828991663892,0.0012695028076457,3.55091779890691e-29,3.05706242324858e-50,3
"20379",8.86185031899108e-05,0.00151712793967372,0.969843641410671,1.65622323543615e-05,1.13981546631157e-18,0.0275236166608524,0.00101043324955145,3.70695123061064e-12,3
"20387",5.70399207158604e-32,0.00429882480789457,0.0048280526123618,2.16939934404553e-07,0.965308476656359,0.0255644289834499,1.17342495742933e-25,1.45357537729076e-34,5
"20392",4.81472314061393e-57,1.0437035553542e-05,0.99739051043673,0.00259890158419588,1.50943495502083e-07,2.52592530580603e-14,3.9665659228636e-73,1.49588333429739e-91,3
"20395",0.0110434744449616,0.0128561689884663,0.000661041369569226,6.14850218755407e-06,2.36117512637344e-06,0.975426282345385,4.45235670072342e-06,7.08176031294665e-08,6
"20397",5.40776115537283e-51,3.91604162060363e-12,1.76332525893316e-31,0.0192754640579552,2.77516540528327e-67,1.62572789995869e-32,0.980724535929032,9.09625950298472e-12,7
"20410",7.99936253543106e-23,0.0444841420355943,0.00750595731573147,5.4718853332523e-07,0.388510043846661,0.559499309592864,2.06157891008297e-11,3.25294805228324e-59,6
"20414",0.82537886173097,0.128997122319667,7.20332753667536e-05,0.000221543801965548,1.83402459837222e-14,0.0438106779193564,6.78474772441359e-09,0.00151975416790816,1
"20417",3.0653443480955e-180,1.00906619531248e-11,2.78486222942097e-13,0.999999999989628,3.03457405226712e-15,2.97237061515214e-42,1.02645389726076e-71,3.94106121853993e-156,4
"20419",1.46027561769833e-54,0.0293342689524809,3.38986839340379e-15,0.00019330847119721,0.970454484780462,1.79377958566751e-05,1.54468415226012e-19,4.20675656251835e-40,5
"20421",1.08133803623579e-10,0.125374223322163,0.872979852355328,0.000882417604567485,7.02859350802086e-15,0.000756277901626213,2.03205776302072e-16,7.22870817390475e-06,3
"20423",0.954453330271571,0.00560155638983816,0.00613158508786531,2.28621514519687e-05,1.04293550175224e-17,0.0138505295760053,2.27229148183149e-09,0.0199401342509769,1
"20425",0.00968149693167039,0.897573404770786,0.000705703373911968,0.000295705266808831,1.24395634829493e-16,0.0129553028384927,3.64263457288662e-15,0.0787883868183266,2
"20427",0.000217377832968764,0.00872207339312835,0.0013159740678776,5.2456591873183e-07,0.000468437442759155,0.989275608642385,4.05496202258295e-09,4.34819005986109e-21,6
"20429",8.92320613340266e-66,0.947760859479278,1.00295711185679e-12,0.0521104153346682,0.000128682718052308,4.24669988030768e-08,2.5333303242865e-25,7.91985808118593e-36,2
"20432",0.789331074509766,0.0704799135511137,6.7249727563964e-10,0.0277143608657207,1.16933568995887e-23,4.34878800563011e-05,1.08312975756995e-05,0.11242033122327,1
"20435",9.70432691112351e-18,0.313487699025924,0.0260574522080675,0.00156672586136244,0.000112512361415569,0.65877561054323,5.83085877010088e-16,3.62376227925548e-43,6
"20438",6.84038892826747e-46,0.11730136290071,2.21670632522333e-19,0.0435352580722171,0.838895341818575,0.000268037208497189,7.32342898571735e-16,1.02475834901659e-16,5
"20440",7.93789865278976e-54,0.148195982952319,1.20679478911948e-09,7.11898111157272e-05,0.851522311672308,0.000210514357461612,2.47675108966088e-18,1.28544067927533e-28,5
"20443",7.31970833441894e-27,0.102069887141495,4.93159447911761e-13,0.0513052399824175,2.90669256226227e-20,3.3859578742542e-09,3.21204945835305e-13,0.846624869489315,8
"20446",4.05477906362146e-17,0.935536564444422,1.49773626849545e-05,7.12483062686887e-06,6.26907034254185e-09,0.0644413270191234,7.4072297883267e-11,7.17895359299839e-17,2
"20449",7.24188526738668e-17,0.00944511916006909,0.00490519215576752,9.11943987535123e-09,0.00133843158815122,0.984311247958368,1.82045591490701e-11,4.00777184716779e-29,6
"20537",7.34571402155946e-39,0.115566664368076,0.879652132633028,7.39253171056492e-05,0.00437383551549741,0.000333442166293643,3.71786660147727e-32,1.93112918778343e-33,3
"20540",2.44996344274919e-77,6.56301429824609e-07,0.990538281605026,0.0094608758776525,1.86215891337123e-07,7.33477794403852e-16,2.77795628480964e-58,3.70227419564266e-98,3
