"","V1","V2","V3","V4","V5","V6","V7","V8","best$classification"
"19812",0.0202760282053744,0.00135683204126564,0.930471809417735,2.53729642946571e-08,0.000209225762529498,0.00508987227541563,0.0425962069247154,2.05522705651982e-33,3
"19814",0.000369020056288557,5.44362081411343e-07,0.101583678941629,4.06302961786149e-07,4.64109538004056e-07,0.0019875389260079,0.896057911944734,4.35356759477245e-07,7
"19816",6.42882307654547e-06,0.918704663492677,0.0723453276804737,1.65699616985696e-07,1.45436786063978e-06,0.00894195993629052,4.02856424730927e-15,3.65698038144232e-33,2
"19818",0.00162208454198333,0.0015352633027683,0.933523784368692,1.42757683739964e-08,7.98510968438097e-06,0.0600572334749401,0.0032536349091599,1.70036333638186e-11,3
"19820",3.01383406126876e-09,0.991188434612867,1.17478858971316e-09,0.00151528030003556,1.32597161988272e-31,0.00729628089847466,2.83878785923019e-85,1.46199455444458e-71,2
"19822",4.68913109816074e-05,0.000253309551149767,5.75695636587954e-10,0.0142816539857252,5.16019032802115e-34,0.985418144576448,7.90030381361829e-96,5.90397452524406e-57,6
"19824",5.04808148440313e-09,0.0876025695424587,1.60285810010039e-11,0.000123263932321497,2.42824866712974e-14,0.912274161461086,4.86161111051038e-46,6.05654632720786e-27,6
"19826",1.62912767161782e-06,8.12891781948371e-06,0.750171734371464,0.000438139743342868,0.141846905946416,0.107476167922316,5.72939709688227e-05,6.78645417987994e-21,3
"19828",0.00147034638472283,0.97205394457856,0.00136651837832121,1.18933825635915e-05,2.3391033283701e-20,0.0250972972758325,2.31104513568014e-39,2.06356334112427e-38,2
"19830",0.0630211711372927,2.4430602170386e-15,0.936330712580355,2.69344377157897e-06,0.000511252454770717,8.58663923382087e-05,4.83039914687717e-05,1.45105135716307e-27,3
"19832",0.997197949568056,0.000134116629168669,0.0011037764578448,0.000114325890179233,4.69480253816427e-26,0.00144983145474524,6.49537020421586e-15,6.73911339445056e-70,1
"19834",0.0108343517853885,0.0422059910492818,0.871665120345821,1.85922048543368e-07,2.96072448632487e-20,0.0752943508974606,2.47336084027958e-18,1.13575475435017e-35,3
"19836",0.00312198254565178,0.00282844150599241,0.766347695862464,1.44436914542375e-06,0.108490121462198,0.119210312609698,1.64485009710472e-09,6.66900516589297e-53,3
"19838",0.00105963301628839,2.60843148531966e-15,0.0141160534820456,3.44662941110774e-08,2.22156588035841e-08,1.3614116597397e-06,0.98482289540805,3.63860234981521e-16,7
"19840",1.82794744308696e-07,0.0308637493894429,0.556063326470569,0.00409886311487874,6.97775460999864e-07,0.40897318045489,1.44241362536129e-14,6.39579801645735e-45,3
"19842",5.24014837957604e-11,1.8135272612145e-32,3.14392450117089e-06,0.000628575378094655,0.999368261372207,1.92724499511538e-08,3.45995012129753e-13,1.61170752568131e-31,5
"19844",5.55807755114966e-27,1.32927085113301e-26,7.13438234691402e-20,0.010237850966596,1.60737715367242e-12,1.36867974008216e-05,6.44359912112505e-45,0.989748462234396,8
"19846",1.61638252935185e-07,2.14561573629587e-22,0.000120097098086558,1.05398993596197e-06,0.0342122551111513,1.26754121439355e-05,0.965131693490131,0.00052206326029867,7
"19848",2.36847505708108e-05,3.13376228207647e-18,0.00509861771691415,1.52462151217844e-06,0.0308026211984568,0.000110368129184757,0.6970779655839,0.266885217999461,7
"19850",1.98232617203703e-06,6.52659653365103e-14,0.00478842068326994,0.000148107369425785,4.10538299103635e-08,0.00783519531067209,0.987218055818937,8.1974376277105e-06,7
"19852",0.00098279468897849,0.572471678360714,0.405764943857858,2.8896908089799e-08,8.24523677590706e-08,0.0207800285333041,4.43209869269065e-07,2.55012336044355e-18,2
"19854",0.000697263619839445,3.4400111197336e-17,0.029913703201021,4.45231600707121e-06,0.0608245029801238,5.51406985761552e-05,0.882962620387061,0.0255423167973711,7
"19856",1.28585695893836e-10,2.19978415159294e-18,1.75394211175898e-06,0.0232643057943234,2.12578234528709e-08,0.976504266884606,6.36019775159032e-21,0.000229651992549794,6
"19858",1.63018850994259e-10,2.5150096231364e-09,4.4288800705139e-11,0.00135969918227409,3.15212612387669e-17,0.998639572000918,6.96858991347019e-29,7.26094491118123e-07,6
"19860",0.000780632844496012,0.238572190019766,0.628600897673885,9.43018166362787e-06,6.75140024418497e-08,0.131843745220128,0.000193036546058557,7.21509222983442e-29,3
"19862",2.88370886515205e-07,1.06599716690576e-25,7.49980537222249e-05,4.44863298257442e-06,0.00698656515085356,1.97056805320342e-07,0.99293350273475,1.12197133794848e-16,7
"19864",8.14834444786239e-22,3.62407046634715e-33,2.25499886819469e-19,0.503022654662405,0.496977217305618,1.28031976599557e-07,1.79886964339938e-74,3.44383939135651e-58,4
"19866",1.67800577689328e-09,0.00828066591081053,0.0159552530958081,3.4854516852545e-05,1.33355761936023e-05,0.97571588922233,1.26325533800565e-33,8.57733135058868e-57,6
"19868",0.000901714709943607,9.26049950431286e-43,2.27561117111052e-17,0.999098285290057,6.86271698808082e-44,2.4256736294696e-23,6.40572400015191e-88,6.04533090341612e-57,4
"19870",0.00114213822886827,9.4947380278252e-12,0.197109894975198,3.41992735989204e-07,0.155378621062857,0.00257562780387506,0.64379337592697,9.71312305175941e-16,7
"19873",0.000140801157007656,5.74052976130859e-05,0.672598732061745,1.74472286414683e-07,0.00899232117692909,0.317984038483249,0.000226527351170273,2.73922882676882e-24,3
"19875",0.000185509716908187,0.943131301800138,0.00619091111853126,0.000421850923341419,4.58072125584985e-20,0.0500704264410813,2.36840666219019e-25,3.07600108688955e-56,2
"19877",0.00360451683914317,5.8906408287852e-05,0.878821857471478,4.24559036445033e-08,0.00314844942776657,0.0157009300601312,0.098665297323005,1.42845938393076e-11,3
"19879",0.00621107908380857,0.0025602082567558,0.955946755129528,1.41608624189625e-10,6.18258560825272e-06,0.0352757747982531,4.43327038796717e-12,4.74518789058356e-15,3
"19881",7.09154895503414e-05,7.02862487756825e-08,0.305929123619132,1.00008099885867e-07,0.145469657836864,0.548493997487706,3.61352723995046e-05,1.92960074865045e-17,6
"19883",1.35987544944628e-06,2.64838092993856e-11,0.0148178161805392,2.45167179836428e-07,0.968042921985284,0.0170547715799904,8.28851850734248e-05,5.46720883084264e-26,5
"19899",0.000297991005958677,2.67934062633607e-06,0.994964653622876,0.00142998155239903,1.16761458968987e-07,0.00330457771668133,1.11585160937359e-19,3.83460101164077e-39,3
"19908",1.78626986203019e-15,3.0615732477036e-25,2.91343662882107e-08,0.999866229369736,3.32664395980856e-15,0.000133741495892523,9.80113241313799e-79,3.44687076135752e-54,4
"19910",0.000968080400238101,0.238653238740881,0.736666895247897,2.72338224242868e-09,0.00146537046870677,0.0222457898887397,6.22530155234914e-07,3.95922470103094e-17,3
"19912",4.47384265344456e-09,7.50971331491018e-30,0.000577263415641464,0.000398994743096237,0.99901618179341,9.53582073861587e-07,6.60199193592382e-06,3.50365604512041e-20,5
"19914",0.0141255089786078,0.0113081707481645,0.913542494084918,3.98640106321783e-09,6.4587157817356e-08,0.0610237574592025,1.55548722930891e-10,1.35953858407721e-18,3
"19916",5.34996575579541e-18,5.30773725422401e-08,2.25399736366324e-15,0.0939732013469991,2.42529327847947e-08,0.906026721322693,5.8630130445272e-65,1.76408294121942e-43,6
"19918",8.24721999358844e-07,1.32343031486706e-10,0.0197598401515762,1.10063141680073e-07,0.119767365431795,0.0147084052468593,0.844561285161834,0.00120216909045075,7
"19920",3.86728664271931e-10,2.13737914000553e-17,0.000916161579491386,4.03293911530959e-05,0.000184278180366803,0.000308036757757128,0.0040041495672102,0.994547044137293,8
"19922",0.99964852362671,2.08420228794632e-10,3.37570570437964e-08,0.000351440991229313,7.81950824905635e-25,1.41658337700676e-09,4.17336996771564e-21,1.80949017812294e-62,1
"19924",0.0004185499387102,2.02467257668735e-05,0.929399456349045,1.15389534165971e-06,0.0139923739162348,0.0528806083933311,0.000668772348232304,0.00261883843333802,3
"19926",0.0491523434856469,3.43815842284851e-05,0.931358649482318,2.51695475088492e-05,0.000103002838196513,0.0193264530621018,5.15726982651354e-23,1.65134652572691e-49,3
"19928",3.43229623959824e-28,3.23573479149495e-54,3.67656209151465e-27,0.0958021637499421,0.904197836249985,7.31359588586347e-14,9.20092025058439e-68,8.5205903766087e-52,5
"19930",0.000372289968755202,6.37073599200016e-08,0.0390984933631405,5.70055961081962e-09,9.76628302118516e-05,0.000242250756961692,0.960189233673011,7.04400190764465e-20,7
"19932",7.48315715427249e-05,3.29312609701418e-15,0.00317616885033953,2.75573354256529e-08,4.09323467345919e-06,2.01923919765664e-06,0.996742859356726,1.90181967338017e-10,7
"19934",0.0163779422460448,0.515526052549145,0.278601935327018,1.10374795826409e-07,3.9579729675909e-17,0.189493959502996,1.02285918375147e-17,7.6499835064304e-24,2
"19936",0.00675054309482216,3.38667329102525e-06,0.989128750634206,0.000650354288881366,1.36132711890492e-07,0.00190044701005625,0.00156638216603101,1.91499549997085e-18,3
"19938",2.23276135939581e-06,0.00226674412502942,0.00229550015207434,0.00019260032316942,1.01892129039082e-15,0.995242922638366,2.76959820490089e-62,3.5051116540373e-25,6
"19940",0.000313712723548458,0.00134035507489446,0.478045221490494,5.86618644043059e-09,0.418176371259639,0.102123954644129,3.78941108356659e-07,3.18535798175038e-17,3
"19942",2.8763199367276e-25,3.49318912531014e-37,6.36788851074364e-15,0.0348108936046552,0.965189053933199,5.24621398531383e-08,2.91849083300534e-44,3.91587451889967e-49,5
"19944",0.000225964238420361,0.492174276053208,0.461018137667121,3.62395370143272e-08,0.00367009309001301,0.0429114925898854,1.21815421679896e-10,6.07891699356179e-21,2
"19946",0.000271630110522282,0.0385704786358424,0.841085011651996,1.3324548091695e-07,4.10479211492038e-05,0.119924565868751,0.000107131546408813,1.01984967550433e-09,3
"19948",5.25853047964187e-22,9.54151434759769e-35,1.32187031094952e-17,0.00540732322525237,0.994592622425061,5.43496862042643e-08,1.23391348111141e-35,9.3596283800526e-46,5
"19950",5.2614665440888e-11,8.19832127058502e-27,3.11054546474571e-08,0.000209679046808742,3.66076213356527e-09,6.42198799648931e-06,3.93502463498943e-13,0.99978386414597,8
"19952",5.25853047964187e-22,9.54151434759769e-35,1.32187031094952e-17,0.00540732322525237,0.994592622425061,5.43496862042643e-08,1.23391348111141e-35,9.3596283800526e-46,5
"19954",7.88843212798177e-05,3.12563077414611e-11,0.00903559699706814,7.68537244122078e-09,0.000235940493077147,3.11384323578403e-05,0.99061843203898,6.08571506992261e-13,7
"19956",5.97535979128821e-10,2.91597631619943e-38,0.000228713959674215,0.999771121557095,1.46337946871298e-07,1.71926292101416e-08,3.3274423436764e-10,2.23744290559701e-11,4
"19958",0.679756343917262,1.99667206008655e-27,6.3921365491035e-25,0.320243656082738,3.75785355649189e-43,6.36130333353412e-17,7.93237744682858e-56,7.87326181035258e-57,1
"19962",8.75594279474078e-06,9.36284178752402e-08,0.000218993999817333,0.000120345723822657,7.00277886978839e-12,0.99965181046963,1.60718416638199e-14,2.2849825260701e-10,6
"19964",0.000628561483444427,4.96637169078646e-05,0.185538576042626,2.4213510994776e-05,0.150326920556327,0.663431693875687,3.70810853842615e-07,3.15894615652413e-12,6
"19966",4.32939868198454e-10,0.000641673336104834,0.000140553192576661,0.00221046701291593,3.09982392153301e-08,0.997007275027224,3.11892366318984e-58,4.66929756269565e-68,6
"19969",0.000153610311005681,1.77760909893384e-11,0.554692579581264,2.91714221115171e-06,0.0525541823842237,0.0170666257259571,0.375530084837563,1.36292608725143e-34,3
"19972",3.83894012876268e-07,6.30866607519877e-18,0.00106716488108135,7.59265140484437e-06,0.997974506394103,0.000950351366285114,6.80620985530493e-10,1.3249134495928e-10,5
"19974",1.49331345899424e-13,4.03316345049184e-35,2.54421333502322e-08,0.000735099013008978,0.895944013526511,2.77274882501758e-07,4.30867490968017e-05,0.103277497994218,5
"19976",9.31795670564877e-05,2.25035206916983e-05,0.931916541237967,4.42661893653036e-07,0.00265389484246443,0.0648059008458101,0.000507446780972101,9.05431444082423e-08,3
"19978",3.38254538065154e-06,0.808747159819374,0.147182156452218,6.09135777483316e-06,0.000135586971986013,0.0439256086783675,1.41748988893651e-08,5.40372007191497e-20,2
"19980",4.92214951399878e-06,2.05731805517931e-20,0.00105505937826687,1.52792782431289e-06,0.000132577972148465,7.09745986860728e-06,0.813219691377601,0.185579123734777,7
"19982",4.52507621703228e-07,4.21887151383051e-17,0.041332379748683,0.112614014762798,9.35778084077092e-09,0.000469034416793507,1.97665187743852e-08,0.845584089439804,8
"19984",4.55940753159535e-15,2.72156706941152e-19,3.57934639070843e-09,0.00264879758930328,6.03480413354001e-08,0.01555711936626,2.02238259561633e-20,0.981794019117044,8
"19986",4.91589986103928e-06,0.854488520183276,5.114135797649e-05,5.06635361949245e-05,1.35735884867683e-21,0.145404759022691,2.61104907203964e-76,5.14804882804475e-69,2
"19988",5.5885031822381e-08,0.969509602688353,1.20940023976951e-09,0.00472696135222235,4.34019419971037e-37,0.0257633788649928,8.3748722873181e-97,2.10319887665228e-81,2
"19992",8.56477143363938e-09,0.985152207022975,6.72483413646524e-07,0.00170231176046481,3.97646016515352e-34,0.0131448001683755,1.0544686171987e-72,1.01406419064721e-47,2
"19994",0.000866366920664929,1.63048903353194e-07,0.0398256237580178,3.73865602544235e-09,0.000193460550356368,7.1430501396591e-05,0.959042951482005,2.02273706787379e-21,7
"19996",1.21807366150941e-06,0.991290086307087,2.00992588062379e-05,0.000142020085996484,3.8691789075039e-27,0.00854657627444896,1.3110086927425e-60,1.23790958936372e-43,2
"19998",1.56555459332795e-10,1.10331143963983e-14,0.00136596303816089,0.00156755688863719,6.87869561266208e-05,0.996997692960509,2.01038126313138e-20,2.07904039070991e-29,6
"20000",0.966952274663618,8.07866485077148e-28,0.0302213765278088,0.00282633406297153,4.54958521394193e-10,1.21910947393579e-08,2.09954907486025e-09,9.2568693558244e-43,1
"20003",0.0168797587726092,1.04852142756454e-05,0.899593374436997,2.73061797518176e-08,0.00214750956588267,0.00323579239766598,0.0781330523063897,7.80100662195579e-42,3
"20005",5.19307299501974e-06,5.89808601020338e-22,0.00271819699469927,1.82715311364889e-05,0.495286025440658,3.30093742972946e-05,0.00157518681427846,0.500364116771936,8
"20007",0.00144469562597966,0.00109174976400627,0.862990604393184,9.39400291985169e-07,1.0900633985609e-12,0.13447201081518,2.68529225664427e-13,1.59689759722346e-31,3
"20009",4.94207205622488e-09,1.87105195187483e-05,2.34892340399977e-10,1.83137283475453e-05,8.2685318590966e-15,0.999962970575161,4.45254667635473e-57,4.5978531301908e-31,6
"20011",3.92407188254895e-05,6.34087695153022e-12,0.182106709773071,6.44680459444937e-07,0.787630446582943,0.0302229579903153,2.45976538543004e-10,2.06893895738976e-12,5
"20013",0.000213540832423756,8.02909707116633e-10,0.320081580911231,1.63239262767355e-06,3.50736038298679e-05,0.00439217782681434,0.643197690135632,0.0320783034945318,7
"20016",1.03572883785955e-05,0.0355007071802451,7.931403951705e-08,3.02237251124262e-05,1.11356266594629e-27,0.964458632492224,2.16699197323599e-79,7.18713821371218e-51,6
"20018",4.45522568065621e-05,3.91190604691209e-12,5.48405734319748e-37,0.999955447674203,1.37322909157216e-75,6.50781519831025e-11,2.21977545970969e-173,5.44646373525072e-148,4
"20021",0.00196652350262217,0.976674864811503,0.00158966238066152,2.47815900557627e-07,3.65817008973749e-15,0.0197687014893085,4.078894173633e-18,4.61472663839548e-65,2
"20023",0.00212536988522541,0.554713464166192,0.2968343653415,1.1996272039913e-06,2.88341200106332e-08,0.146325572145759,1.48169133471587e-16,3.10028399655076e-17,2
"20025",0.000344802924978337,2.08037038704747e-06,3.59937195805236e-19,0.99955043951823,6.30345331648161e-56,0.000102677186405191,1.64410777304406e-92,2.1615444008531e-130,4
"20027",2.54326647966556e-06,4.36018840823207e-20,0.0182467682029974,0.000221550003592247,0.981370502331797,6.91420317323803e-06,0.000151721991960017,3.6369272099772e-33,5
"20029",4.24175042828395e-07,3.79523246950896e-18,0.0293408653804091,0.000124592745676875,0.0884753410336831,0.00214278763034877,0.879915989034839,5.35783492542924e-16,7
"20032",0.00153630311741307,1.19232871925784e-14,0.0242560558257117,3.15654201296718e-07,0.394857126884346,2.4364984530063e-05,0.579325833533786,5.68928543934636e-24,7
"20034",1.74455135477465e-15,1.1712353908809e-27,4.83420862705004e-13,0.00309346763671186,0.996904897631738,1.63473106513264e-06,1.16742676331136e-32,6.55215780284787e-48,5
"20036",2.15784741117577e-10,2.45261095864871e-13,0.355205731736732,0.589358326463054,5.63827672011367e-11,0.0554359415274982,4.22628568802527e-15,2.9859382397365e-13,4
"20038",0.0157527390132331,0.907982124529571,0.0671298412320022,1.06262850783671e-05,1.45432185310206e-21,0.00912466894011506,2.61329442827828e-44,5.9288091239719e-74,2
"20040",7.13764915533378e-08,7.21304514612108e-05,1.80761465161809e-20,0.106919238547157,4.7821537282336e-25,0.893008559624891,1.01295002616506e-117,2.58942706586442e-69,6
"20043",0.000704783854190524,0.964219900385517,0.00105757478106583,0.000280036745535447,1.2692438976852e-24,0.0337377042336913,6.86666292576659e-30,2.50318929331303e-44,2
"20045",7.65168728650915e-06,0.976857145319575,2.7821824043353e-14,0.00624271001808167,2.68161378007984e-47,0.0168924929750288,1.49595900325762e-102,2.71607259279785e-61,2
"20048",1.98812669227806e-17,1.64884002169452e-32,9.02164030262478e-16,0.001419267200459,3.9458488152882e-17,1.48595833238223e-07,1.82328515211245e-19,0.998580584203707,8
"20051",0.0373548716336932,0.000963444847474243,0.0179500931964631,0.00171859994591129,6.83695842730688e-29,0.942012976115674,1.42607839940642e-08,1.66488734120561e-26,6
"20053",4.5036212763486e-05,0.64457278819734,0.0431870686796402,1.58992943345337e-07,2.37740452013956e-07,0.312194710176861,1.00872509188488e-27,9.53515385135234e-19,2
"20055",0.2240535609471,0.00019768692710307,0.774541822029397,0.000727008697720913,1.22912822645318e-18,0.000479921398678788,1.76546096338659e-30,3.13423114594434e-89,3
"20057",8.7894608025531e-05,1.39745699727053e-63,1.70389934492315e-39,0.999912105391975,6.28571272689422e-45,2.98910419071621e-31,2.09272786469278e-88,4.41152036170993e-71,4
"20059",0.00115317716126716,0.247232956213539,0.00139094054005938,0.00125405422501563,4.74456521218994e-09,0.748968867115553,2.5410576802303e-35,2.42247253834859e-33,6
"20061",0.000275177498014172,0.195834019775683,0.221464969923532,3.65672909583427e-05,9.5296716873119e-09,0.582389255982125,1.56845525199544e-14,9.75917719954357e-38,6
"20063",5.28078603246353e-31,2.37992830486371e-23,8.92522453795458e-30,0.999464918230922,8.95823344226872e-28,0.000535081769075213,2.22142126249332e-101,2.80750356089103e-15,4
"20065",0.960256713830794,0.0056664696963862,3.67158982319241e-13,0.0340763218495476,1.48699060286038e-58,4.94622904533269e-07,1.59337612069115e-81,3.2849370220487e-143,1
"20067",0.00258068195157859,0.794807305985666,8.32100781961809e-07,8.95904793524965e-05,1.24665450818069e-33,0.202521589482621,1.57597411494511e-48,1.920986840515e-22,2
"20069",1.77428932070933e-06,5.5661955664295e-20,0.000826198642738247,5.18191998779357e-06,5.74240667039997e-06,8.59127522829807e-06,0.117909175388739,0.881243336077315,8
"20071",9.51887937318899e-08,1.92362541800079e-10,0.914533358111281,0.00640960105685689,7.8213534444476e-08,0.0790568672371713,4.88556540240288e-25,8.89101817921883e-42,3
"20073",6.33738831554848e-08,1.6954542828054e-10,5.15482037497246e-05,5.58118349766048e-05,0.00103907880078109,0.545548574216153,3.17245722079079e-06,0.45330175094369,6
"20075",0.82383645417087,2.51800195874949e-34,6.53060393309571e-15,0.176163545829123,6.7871473037601e-47,8.73128436913436e-22,1.46786161443684e-56,4.40408903569224e-79,1
"20077",1.25936606456527e-08,0.868232484707836,0.103977095896,0.000626288862719407,1.6115868327938e-12,0.0271641179381717,1.97710699808502e-23,1.20274353566103e-17,2
"20079",4.75524331340767e-09,2.82445985094642e-09,7.37446302108618e-09,0.0553049246735043,7.75503717195729e-28,0.94469506037233,7.23980076793252e-24,2.42614275841606e-18,6
"20081",0.829469682099395,0.0997630993502868,0.06539571483151,0.00126864706190094,2.8084942256202e-26,0.00410285665690769,5.56770503950022e-39,7.36175032981747e-37,1
"20083",1.55070318949293e-14,1.18664215902565e-23,1.80754580112987e-07,0.977013193629227,3.93433838843004e-13,0.0229866255307203,4.39744198718056e-39,8.50637063863565e-11,4
"20085",2.35145273131362e-05,0.995117449935946,4.00931155541414e-10,0.000300274754485104,2.38967983785325e-42,0.00455876038132463,1.09624645239742e-90,2.97554116181605e-93,2
"20088",0.0019947398377193,0.976775974322205,0.000355937013281271,3.78889097228749e-06,8.20533486024437e-26,0.0208695599358222,1.3710331496318e-31,1.36770483301993e-49,2
"20091",0.999793155979561,8.88395362612873e-11,7.45920690009436e-11,0.000206840350903959,4.85679044155758e-43,3.50610360589902e-09,2.71165459983791e-60,6.67167502858275e-57,1
"20095",2.22704265447038e-12,2.03747120406143e-17,9.40061496169767e-08,0.584399178949313,0.000223416683138298,0.415377310355858,6.59002658122278e-69,3.31419965862386e-12,4
"20097",8.95384337691478e-05,0.993092061750041,1.34721744980002e-09,0.00289015522171344,4.27927733428704e-48,0.00392824324725923,2.4967458420228e-85,1.5055325997209e-95,2
"20099",7.07979161736369e-17,1.17615993932068e-05,1.44392229191409e-09,0.00364316314670684,5.71948151736078e-05,0.996287878994804,1.2975800526616e-51,2.26999143667236e-27,6
"20102",0.00400987857609954,3.08555382543251e-18,1.59960059077778e-13,0.995146881478849,4.33183968107192e-36,0.000843239944889336,4.60554363210843e-40,2.15169818179942e-15,4
"20105",9.73742304184843e-05,0.55175613141673,3.8511197540991e-05,0.000128175610001193,1.83460291288343e-28,0.447979807545309,2.23304396472819e-25,6.14406141552369e-35,2
"20107",3.67317603299137e-05,0.736317751790915,0.217465487562139,6.851117507234e-06,3.20842758466119e-14,0.0461731777690765,9.75792651513597e-39,2.02159307627021e-40,2
"20109",3.35224900481745e-10,0.0169213948079418,3.92628581842391e-08,0.00026211235800915,3.71055386681899e-09,0.982816439144773,4.53499330442791e-27,1.03806390061811e-08,6
"20111",0.979020286607697,1.74756774211492e-32,7.98966605490179e-13,0.0209797133915038,4.12291486320133e-23,6.41893951025249e-18,6.62870545098524e-26,4.55095054741866e-36,1
"20113",9.79973128807442e-09,0.000262050695719384,0.558580905737396,0.00505981878419986,2.52503114327221e-06,0.43609468995181,8.00255712635334e-38,2.41909748605676e-57,3
"20115",0.998453763705004,5.69082902557636e-19,0.0004884960808571,0.000753404348780694,2.8529255749328e-05,2.49060549759175e-06,0.000273316004111691,5.96880361615183e-40,1
"20117",1.4853916189363e-06,2.32454383898183e-25,3.2038905655014e-16,0.999998514550939,7.77149879365869e-14,5.73639019837881e-11,7.30427153935486e-127,2.76144565933213e-87,4
"20119",5.56336337738398e-12,0.000730752187228681,1.12774992273177e-05,0.00172002866857623,2.54299628781313e-08,0.997537916209441,1.29552824862519e-59,2.64350937428782e-82,6
"20121",2.6679691162772e-05,0.958629182957726,0.0102939359503276,2.07604131057674e-05,6.68995992438153e-17,0.0310294409876777,1.34283821944853e-52,2.88494062051502e-50,2
"20123",0.997091289282871,5.63162044524756e-11,8.49952927981764e-13,0.00290870786629123,6.06065685690706e-51,2.79367192825687e-09,5.79396593733272e-63,6.6501196109179e-95,1
"20125",6.96235078752766e-05,6.63723246492731e-13,0.0225492261699323,5.63418829332841e-06,6.25379529550197e-08,0.000231508304682501,0.977132476362929,1.14689276710953e-05,7
"20127",2.81053085220497e-10,0.971314540912002,5.53598875591277e-12,0.0157351478187401,3.0755294691372e-38,0.0129503109826696,1.6396520529527e-76,2.50874188509886e-46,2
"20140",0.00571574893465539,1.03434964071609e-08,0.946870095091508,0.0474029751235831,5.65429427683494e-13,1.1170506192051e-05,2.35284194623569e-39,6.76057596323467e-61,3
"20142",6.32503265999246e-11,7.03999488684965e-26,4.17074343946493e-07,0.000214032739360553,6.42296077791056e-11,1.89159847879688e-06,8.32301269907463e-06,0.999775335447638,8
"20144",0.723281893647551,7.87296679705747e-20,0.185918417382175,0.0754250572738798,3.95218204681407e-11,1.32154243088056e-06,0.0153733101144419,7.27136904326061e-18,1
"20146",7.52206963437908e-06,2.03587694785098e-14,0.163241058672646,0.799747593448492,3.77699572267219e-15,0.0370038179449506,1.68304920731257e-11,7.84742265200722e-09,4
"20148",0.00135660431518642,1.2753415007153e-05,0.73338839535834,4.36553885801252e-05,8.69988656980179e-10,0.0302497750589867,0.23494881559391,9.20704776043433e-26,3
"20150",1.33421922874421e-08,5.54166901313012e-28,3.11582854947574e-05,3.65309201448037e-05,0.0542949988109962,1.48933595085488e-06,0.906842411672435,0.0387933976327859,7
"20152",0.000921130419449877,0.000340942536431675,0.91411988647044,3.78605347674772e-06,4.44982991258289e-05,0.0528384672903229,0.0317312889307525,2.15268875308897e-16,3
"20154",0.700091773072794,6.54342968026373e-06,1.81735911970928e-16,0.299843493753521,6.75852638176993e-67,5.81897440040999e-05,1.41945261479704e-79,2.01922854770137e-56,1
"20156",2.44609835659649e-05,1.11517965081166e-05,0.354299501744775,0.0126908937287649,4.21551931104107e-11,0.632973991703972,1.11301242361068e-29,2.58733732483292e-13,6
"20159",4.67617261768474e-06,9.41050744219364e-21,0.00135437533480906,0.000177224924900613,1.92736967384275e-05,5.79514140072576e-05,7.98828647982742e-07,0.998385699628279,8
"20161",3.13814032392782e-12,1.55769005625013e-17,8.35263876664296e-07,0.833794526708936,2.44486166711956e-11,0.164216446653158,3.59781336776646e-17,0.00198819134644305,4
"20163",0.552746162466997,2.86055109244346e-05,0.365653118954164,0.0293085033192255,4.88405234272063e-10,0.0522460155983305,1.7593661953091e-05,5.03084386855365e-57,1
"20165",2.35686490309637e-12,5.80607181759952e-08,1.93209774010455e-11,0.133359670629844,1.60884648323843e-22,0.86616478603825,5.84340619630932e-33,0.000475485249510695,6
"20167",6.04698998414882e-05,4.69400020648563e-06,0.0857311051175486,1.52932523912378e-07,1.16266146534283e-06,0.00677021740793348,0.907432179980357,1.80001232598307e-08,7
"20169",1.70578530163514e-15,1.13471013965327e-30,2.75325843310436e-12,0.000289344089538022,1.06180571321416e-14,1.62704843394516e-07,7.42620912086375e-14,0.999710493202779,8
"20171",0.000344655804972295,2.96257742310630e-10,3.81272029818385e-23,0.999655205780473,1.00950526591895e-78,1.38118297449022e-07,2.50551413928764e-113,1.66590269375872e-62,4
"20173",9.66428325984599e-27,4.35757828217235e-17,7.71672820322827e-25,0.921838926100642,1.45019877239661e-09,0.0781610724491595,1.2684387589702e-58,7.09739780083429e-23,4
"20175",0.00129860637784228,2.68578630902092e-09,0.960825802707054,1.66420251286615e-05,0.0258626826529173,0.00620066251354634,0.00579559378339858,7.25432645061636e-09,3
"20177",1.36649487801911e-16,6.05428930796905e-06,9.45263113805871e-07,0.114755075272103,0.00321888440406559,0.88201904077141,1.05113660781918e-59,1.76557408280343e-24,6
"20180",0.000956560064776625,0.961494946009258,1.19118147369778e-05,0.000759948812965165,2.89868200270292e-21,0.0367766332982631,1.60861272371265e-63,2.64385300594384e-111,2
"20182",7.88305912448421e-16,4.18341981739897e-70,6.1828598751014e-32,0.999999999998535,1.21836840990754e-12,1.77532463920177e-20,1.28521333840536e-49,2.45610746501584e-13,4
"20184",2.91354508007883e-08,1.2766697394367e-13,0.00336075687952411,3.05465408197331e-05,3.65716604502621e-06,0.0044293519260977,5.08638541008386e-05,0.992124794497834,8
"20187",3.30053152739275e-23,9.87084017847596e-16,3.20818499377889e-07,0.852509277213454,0.119832172968152,0.027658228999893,3.05438797899111e-39,1.22668684038041e-19,4
"20189",1.28739144523124e-06,0.639371367784221,0.00432089617992768,3.71840561898723e-06,0.00021259655446578,0.356090133684286,3.5225235635426e-14,3.81669848669424e-46,2
"20192",4.3435568029004e-05,2.52863258648703e-09,2.20390072028112e-21,0.99976743472776,4.58309914626028e-27,0.000189127175577986,2.32368692379928e-69,1.35477703124771e-106,4
"20194",1.31445486535739e-19,1.62382355355387e-31,4.92059407584895e-05,0.996559307684297,0.00336615286854469,2.52894802904401e-05,2.37054917287044e-17,4.40261092691449e-08,4
"20196",0.902146586099519,0.0959796926935442,1.2253519950121e-08,0.000292531485192139,1.0476532473954e-40,0.00158117746822433,8.49832899430102e-73,1.54831762325071e-79,1
"20198",0.000188524780009661,0.000211931616536155,0.872820661427871,0.0499788364093999,4.14650219243096e-08,0.0768000043004983,6.63510452408371e-13,3.43924613619653e-18,3
"20204",9.04035982694259e-05,1.19417298995278e-18,0.000729156861998528,3.74664206207147e-06,2.30317690756201e-07,8.15215527947906e-05,0.985475202258466,0.0136197387687187,7
"20207",0.0492807877013186,0.652981328451509,5.67834002671756e-05,0.0380111887177465,3.60173432765545e-39,0.259669911729159,6.0519638441847e-55,1.29102622629551e-29,2
"20209",0.987070362689299,1.63842253067185e-26,7.7958449938138e-05,0.0128515387461487,1.40114177683946e-07,4.35785841487111e-13,6.62439069455507e-16,6.67873237262252e-73,1
"20211",0.997792443706127,2.62497423845756e-09,6.66273007174399e-10,0.00220755189766882,3.65236018031264e-59,1.10495666316995e-09,2.11579371728959e-50,1.98053243479173e-76,1
"20215",1.02370486939553e-06,0.282390610500282,0.0712944457919465,0.0351073183003386,2.94531733793636e-23,0.611206601702564,2.40748662625713e-24,1.02425415465598e-45,6
"20218",1.08828759131705e-08,2.42893561735902e-23,3.80381639575158e-06,2.64132679204722e-05,8.79528402062241e-10,6.62474479242235e-06,0.00638750385368231,0.993575642554805,8
"20222",0.0467995071388661,0.17415296143636,0.00078044751103559,0.692390862266601,2.34075626452685e-39,0.0858762216471365,5.73765101975719e-38,3.70515182082825e-36,4
"20225",1.24707407861284e-05,2.90142844736135e-23,0.136639817437485,0.862842898658717,1.74030019458129e-12,1.16675752008865e-06,0.000503646403750963,5.20067508035937e-18,4
"20229",0.000225261738831836,2.25803089433297e-14,0.95233993237332,0.0472128886004206,9.8174755983416e-19,0.000221917287404822,7.08815395214407e-17,1.17748790523875e-49,3
"20232",0.0114463172836261,0.000118102187375003,0.967452499541072,0.000149696859569809,4.85475439856276e-11,0.0208333840798096,1.30001499079929e-33,4.10804636203038e-36,3
"20234",1.72779983787888e-06,0.00138941435985447,5.04122380118121e-25,0.998606637950309,1.37704134532928e-50,2.21988999865325e-06,1.32991086018321e-150,5.15968931024164e-138,4
"20238",4.47130754143088e-05,0.0626524292794609,0.000843847002670793,0.000743016671813273,1.10753113933683e-22,0.935715993970641,8.81532740913034e-46,3.72860951722192e-45,6
"20253",1.52633907272853e-09,0.850178905869319,0.000838807316075224,0.0270160393963469,7.38238576686698e-28,0.12196624589192,2.57015355946669e-49,1.4528311774856e-53,2
"20255",0.00345350017112029,1.61922191600365e-11,0.0371945876269237,4.44141814257045e-08,4.67499167276557e-09,3.9671362343303e-06,0.959347895960356,1.44755661614814e-19,7
"20258",4.21624632506686e-06,0.987050797873623,1.11740206226781e-06,0.000317330471805106,1.35044560608666e-22,0.0126265380061842,6.10312286998416e-43,1.41507327523891e-63,2
"20269",3.37559248884556e-06,0.42610524443485,7.27472692948735e-06,0.000135419907049066,1.3976832421514e-15,0.573748685338681,5.95136139867341e-19,4.21054143586615e-16,6
"20271",1.05321844843588e-11,0.108883000429841,1.52087584206928e-08,0.19834922604654,6.26230122909827e-11,0.692767758241705,9.31935119652812e-55,1.74952261948966e-77,6
"20285",2.21875632060066e-13,2.36257868770991e-19,0.000100273207396951,0.12294925070682,0.780824553759232,0.0961259223263293,5.67796893504931e-30,6.83702451426513e-18,5
"20288",2.99932248295668e-05,0.00362015160829865,0.759165526569877,0.00246879556931222,6.42613985368584e-18,0.234715533027683,5.5584970907035e-29,3.68076409090749e-38,3
"20291",0.986366964888326,0.0042330044527064,6.80136885770111e-06,1.71462169488706e-05,4.68562843331504e-27,0.0093760830731614,4.05858561076491e-71,1.91880625684932e-55,1
"20295",2.08291932551081e-09,1.19157448412889e-05,1.54918997794212e-13,0.00760275638704653,9.2871455987853e-11,0.992385325692167,8.74009745190175e-31,4.77047051900901e-39,6
"20298",0.000219845750640638,1.06774479661662e-15,0.0436746173491091,3.57118189590125e-06,6.78757873943696e-05,3.8727278628797e-05,0.955995362637613,1.47172084772833e-11,7
"20302",2.24822166721478e-06,7.92842686402492e-13,0.00173640260180128,7.52052626551411e-05,0.0335015615108801,0.592030275791788,1.63592012846683e-06,0.372652670690287,6
"20305",3.91085297645702e-05,6.7816120697691e-19,0.00522537926748448,6.15246702542801e-06,0.000547009167996734,4.35883621022599e-06,0.994177991731519,5.77757642723192e-24,7
"20307",0.000982944160115001,0.985202126423236,0.000351439309225702,2.80355159638915e-05,1.24228437882412e-25,0.0134354545914593,1.38520908035451e-50,1.74305386234273e-49,2
"20310",3.49578190403977e-10,0.100363489283004,1.2310105577926e-17,0.83547093716096,9.37519037843649e-45,0.0641655732064583,2.60611143403113e-129,1.04314729540282e-98,4
"20313",5.86818098779193e-15,4.21893540661836e-35,1.30537164162184e-10,0.00309118255818531,0.000175657643445724,1.35394628072375e-06,1.17049530149438e-19,0.996731805721545,8
"20315",1.39372719530377e-05,0.569701225268579,0.211083438800187,0.000776260383189093,3.98307812424888e-13,0.218425138275694,6.85759488189023e-48,1.70466360153047e-48,2
"20319",0.636219717334457,0.00325511231994205,1.17552514222963e-10,0.338431500718244,2.75081689048052e-50,0.0220936695098047,2.5909215886204e-63,3.72503669063697e-91,1
"20321",2.42785034123402e-12,0.534010389692191,2.31716193363325e-08,0.167336817593277,5.227345072549e-31,0.298652769540486,3.30533647927727e-52,6.53874304632129e-51,2
"20327",4.58949701351929e-09,0.952556756774452,2.50111560812939e-07,0.000226360147925089,6.70143297788488e-15,0.0472166283765587,8.23369323715865e-58,8.05614711136922e-57,2
"20329",1.68770355784583e-24,2.03230447429887e-35,9.50108825366215e-12,0.0596675584889646,0.94032962011927,2.82138226464895e-06,3.40074192666074e-32,1.10113869541327e-16,5
"20335",0.207651815159964,0.781297599082612,3.6217503282089e-10,0.000799618070092271,4.09413861084488e-50,0.0102509673251563,6.52709841050463e-76,4.32208082264319e-57,2
"20337",2.69001238945769e-05,2.02356176991427e-18,0.00158650241232149,2.49370481984735e-06,2.00369358903518e-05,2.2482711727237e-05,0.00620963001945752,0.992131954091889,8
"20339",0.0667949043866275,1.43854532363139e-18,2.00887068124164e-08,0.93320449023644,4.29478117209097e-30,5.8528822605748e-07,5.27961867017951e-43,5.51170948075198e-93,4
"20341",0.143146135798585,2.9839881691096e-08,4.72648415426568e-12,0.855790945360604,3.44480182868175e-45,0.00106288899620237,1.71103523069455e-82,1.5323881933633e-31,4
"20343",1.61843745415771e-08,0.0471600850419289,2.66029553288436e-15,0.144426137461075,5.73828994580105e-42,0.808413761312619,1.16220939233239e-83,8.58721592402069e-36,6
"20345",0.00399605049046694,3.34493350726488e-08,0.741541857456844,2.9320458833978e-06,0.215040407236297,0.00952850314938537,0.0298902161717886,2.6829826045852e-41,3
"20350",3.83776409764749e-13,4.32995472382129e-16,0.000684680390472295,0.999308338814654,4.64197385135818e-16,6.98079448942257e-06,7.717032393844e-71,6.79367570859728e-24,4
"20352",1.20673689462807e-13,1.50628528614392e-24,6.80416886921889e-12,0.000148328222644407,2.76815439380929e-15,1.21110992458754e-05,1.49429162141245e-12,0.999839560669688,8
"20355",2.31744807849073e-08,3.79637581875412e-13,1.80424676950194e-06,0.0124978217761725,2.29241088621019e-09,0.983378215625007,5.01879393353324e-21,0.00412213288477976,6
"20358",9.70716792662595e-19,9.41684755839916e-34,4.26378266622582e-11,0.00875537289166311,0.991235703339173,8.92372174590268e-06,4.77996224168771e-12,1.31528080433991e-16,5
"20363",3.45693556476163e-08,0.944737762144129,5.37193366833666e-06,0.00148638511389624,2.75900423396633e-28,0.0537704462389506,2.08234473830578e-34,1.20902475144485e-46,2
"20365",0.959250066069015,0.00130721797303581,0.0392829270181079,4.91063734378478e-05,2.46604685986532e-25,0.000110682566403094,8.57583452270903e-29,1.46422087869156e-52,1
"20379",0.848078264730983,7.79998432178438e-13,0.149175833877842,0.000198980533701709,0.00247968353796541,2.0074831878006e-05,4.71624867654793e-05,8.47803797196333e-14,1
"20387",0.00976172376389838,0.980731215031923,0.000108021205172506,1.15763209335165e-06,8.5360905470256e-23,0.00939788236691278,5.52238510642549e-33,1.58291386333924e-44,2
"20392",0.995415589038195,1.70271683550325e-07,1.78733427191016e-13,0.00458423972888862,1.32146093528587e-65,9.61053721043147e-10,3.05144019553975e-59,3.52987966634484e-104,1
"20395",0.000665010510667712,7.02050820406417e-05,0.979216939145845,0.000538377737695498,2.17738651398226e-05,0.0183913478116533,0.00109634417663383,1.67032444407393e-09,3
"20397",2.75034932747792e-30,5.0859288561609e-58,3.46358557283009e-25,0.00965753067948425,0.990342469319594,8.06160838263296e-13,1.49623695477421e-55,1.1492192613086e-13,5
"20410",0.00318016491014901,0.931541157131158,0.00227714206261313,8.02398493798202e-07,1.26141240900811e-10,0.063000733371445,1.20752558360813e-23,4.00028055725738e-81,2
"20414",6.81411588411386e-05,1.19771141506745e-10,0.00385843849472653,0.000294874845865134,3.57338693512898e-08,0.11751414364797,0.878264014510507,3.51488450265551e-07,7
"20417",5.18711547169708e-13,3.18787370135535e-17,6.69489682482459e-42,0.999999999993144,4.41220884459148e-64,6.33761451286019e-12,2.60113663432464e-191,1.52843312203605e-165,4
"20419",2.63260024906842e-13,0.980665721554059,4.44618054374411e-08,0.000922322717806367,1.38195905955706e-17,0.0184119112660662,2.57227558537047e-53,7.02378727091902e-51,2
"20421",0.970454556271479,1.63827378021691e-10,0.00282131756700313,0.00129099258591148,8.26108164959488e-15,0.0254328763059223,4.23292820661416e-10,2.56682555327205e-07,1
"20423",0.00443558873334733,1.42997738139452e-13,0.0454806628754294,0.000111455817189013,1.6114103199613e-08,0.000526274623932788,0.94622516242007,0.00322083941578541,7
"20425",0.00125991632286009,1.72768517041363e-14,0.966017781741222,0.00467856908935218,9.03231153899969e-14,0.00405846872467006,0.00771552542734241,0.0162697386944461,3
"20427",0.00161749390164937,0.0177849017996735,0.801748467984196,1.29671431972183e-05,5.52745103670745e-08,0.171242606457291,0.00759350743948207,4.28266753126133e-30,3
"20429",1.393129636943e-11,0.000110779842318478,8.32971826534708e-11,0.0196639371431028,2.17927889892355e-23,0.98022528291735,9.51271263216757e-70,6.89923371571064e-46,6
"20432",1.39672600786559e-09,8.25122990039926e-19,6.21342765103448e-05,0.0223570709048324,2.81124944953015e-05,0.0104843751349861,0.965313782043188,0.00175452374926205,7
"20435",0.0504619507830314,0.0038244110698702,0.299623033128276,0.0176231922603135,5.67723514214807e-14,0.628467412758452,9.44225757102932e-21,2.59392171007552e-57,6
"20438",5.20332430553973e-17,0.435672438119378,3.27730549279068e-05,0.300662055022807,4.02957348369927e-14,0.263632733802846,8.53005765500636e-52,2.06306032814284e-19,2
"20440",1.45600595129315e-08,0.927728046750959,2.26391068277349e-07,0.000180054991728592,4.99054815101892e-16,0.0720916573061839,3.89740151234037e-54,1.44340579628524e-32,2
"20443",1.09018032636355e-11,5.55244201493109e-18,3.08460026763979e-05,0.146281474455643,1.0331339807936e-11,0.0186938680541741,1.94389114146403e-29,0.834993811466273,8
"20446",4.95597284507759e-05,5.98663742907168e-07,0.000319773431749709,6.40398028821246e-06,5.43664867433074e-10,0.999623663652103,2.21330976629655e-17,1.35582512556922e-23,6
"20449",0.0126173550395688,0.0514506591901014,0.825439531458629,6.21230393179949e-07,4.28525588026724e-10,0.110491832652782,4.37251396174662e-16,3.25044400119004e-36,3
"20537",0.831219118152157,0.084134659459478,3.82150645474093e-08,2.53250296221222e-05,5.47164066657188e-29,0.0846208591436782,1.33349400437928e-38,2.58865737471242e-42,1
"20540",0.98966344031768,5.54595157472007e-07,6.50198892724309e-17,0.0103360047369807,3.0134278699831e-52,3.50182101948743e-10,7.63957577535506e-81,1.17232835277508e-106,1
