"","V1","V2","V3","V4","V5","V6","V7","V8","best$classification"
"19812",0.0238083816864373,3.84906916026202e-11,4.4582292081247e-08,0.00204140210072155,2.0165322871716e-05,0.947390365946018,0.0267396403231683,8.57889242080978e-25,6
"19814",0.000532945357554838,3.03841940359496e-09,1.40126428622457e-10,0.0015512779845341,4.20647826100533e-08,0.131661823454425,0.865999574568464,0.000254333391693215,7
"19816",4.43174308365994e-06,1.75343019430977e-09,0.709393436696421,0.0010896049824132,1.05839987190549e-07,0.289512418984659,6.33413659675399e-15,4.74537730460793e-23,3
"19818",0.000906688598875542,5.3368125266717e-10,2.9952002415252e-07,0.0059336766801975,6.09604708306379e-07,0.992474350198687,0.000683254148018189,1.12071580826452e-06,6
"19820",3.52692917121022e-10,0.000515517510478625,0.985339051959527,0.0141144876258847,4.24046070814125e-37,3.09425514165516e-05,8.28982458021317e-82,2.9160461750986e-62,3
"19822",5.34751975031737e-07,0.00150661818850715,4.7945125922201e-05,0.998444901227812,9.22309670909931e-41,7.05783795315552e-10,3.39203343807842e-93,1.63712013493705e-53,4
"19824",5.37914483543643e-11,0.00046823786158914,0.000906329345268737,0.998573170898744,1.28128309614237e-17,5.22618406065478e-05,4.82767244147123e-45,9.45371477081657e-18,4
"19826",1.2497882812669e-06,5.23558190654475e-06,1.18894891074202e-09,0.0581935778308084,0.0576258127228647,0.882407831738385,0.00176629114880223,2.97524382442734e-15,6
"19828",0.000878515893381568,7.17500393261769e-07,0.943329933074412,0.0374431745581147,3.00299607994048e-24,0.0183476589736982,1.19954692263541e-38,1.62317848752196e-31,3
"19830",0.581193118735078,2.63118989563851e-07,3.01705085025471e-27,0.288870499743304,0.00244694107277867,0.125851655401025,0.00163752192882442,2.91017389342654e-18,1
"19832",0.964394603886641,2.79850449548542e-05,4.0040819143996e-07,0.0190197353438801,3.59120030030437e-30,0.0165572753163142,1.88723679549189e-14,1.04358643349927e-53,1
"19834",0.00843998259944151,1.51027766326075e-09,0.00230966012259357,0.117849708408955,2.3119118495186e-22,0.871400647358732,7.67318865276176e-19,8.58857100661797e-26,6
"19836",0.00185957895609278,9.53515554542817e-08,3.49548253803023e-09,0.0174086015060319,0.0277740642726551,0.952957655699913,7.18268942397192e-10,8.51860544385195e-39,6
"19838",0.00101835988178036,1.74123423333752e-10,3.14830030693066e-23,0.000199729770191264,2.26396536630017e-09,0.00377818227041275,0.995003725614915,2.46114842878489e-11,7
"19840",8.89369823019042e-08,2.8281205706333e-05,0.0010631213576302,0.0581823681498078,1.53293550690531e-07,0.940725987056289,3.350972179382e-14,3.06019041847516e-33,6
"19842",9.50469661937363e-11,6.42869258278208e-05,9.26441543599005e-45,0.000147800041373881,0.999787910306857,2.58510510448221e-09,4.57897292112939e-11,2.58048977552444e-23,5
"19844",2.00845616170368e-28,0.0769619972971718,1.12692397293624e-28,1.21171581503345e-05,2.09095112475321e-14,2.98573221803791e-22,1.53241240520922e-43,0.923025885544657,8
"19846",2.31522770542315e-07,4.23534350801678e-07,6.38057232003992e-34,0.000287249351037849,0.0719614418753248,3.8523616979619e-05,0.884967739839097,0.0427443902604394,7
"19848",1.25789341586122e-05,6.20987126797351e-08,8.10331637578045e-29,0.000550201525317506,0.0100418597936835,0.000628344378840013,0.0553053690725278,0.93346158419676,8
"19850",6.45989555952593e-07,3.16193020696708e-05,6.02030051988882e-20,0.0215717145581047,2.27533944497019e-09,0.00121392068087379,0.976186321699112,0.000995775494944041,7
"19852",0.000934771554787696,2.37822622689345e-09,0.00514576115584514,0.00106536692699265,5.63351980618701e-09,0.992853824708965,2.67628285893374e-07,1.33774393662154e-11,6
"19854",0.00105222974083453,7.71528505619156e-08,1.03552797399648e-26,0.00257280267455345,0.0395882817884951,0.00775836105655308,0.0807029077427676,0.868325339843946,8
"19856",2.17941477319577e-12,0.00916834012665179,3.13371802192178e-23,0.980859753803172,6.5137519597734e-11,2.79888713647289e-08,5.57472760470216e-20,0.00997187801398745,4
"19858",4.43202247725391e-12,0.0104730346516203,5.20022782870616e-12,0.989440209662355,1.38639722661279e-20,1.36715131479521e-08,7.06880055427541e-30,8.67420048796748e-05,4
"19860",0.000518527090020074,4.55471715717739e-08,0.00295272482425195,0.0034337901251217,4.16143871001948e-09,0.992998199481368,9.67087706282973e-05,3.82569670847511e-19,6
"19862",2.31411496298655e-07,3.23834625001812e-07,2.07079768721933e-38,3.49001736363719e-05,0.00460541688350145,5.13461602001478e-06,0.99535399307321,7.51104024215603e-12,7
"19864",1.36904783562118e-22,0.591213181365827,2.10889025647313e-41,4.2469723210574e-07,0.408786393936941,2.05036525396955e-23,1.67207866561207e-68,6.82528364269585e-51,2
"19866",6.10090856642774e-10,1.66323978561361e-05,4.77340803801386e-05,0.875991985613637,1.05096355917217e-05,0.123933137662444,2.33534548243954e-30,1.02356466441311e-38,4
"19868",0.00190831941009843,0.998091680351762,4.46080674824693e-47,2.38139999512542e-10,1.16268705228373e-48,6.88561505988721e-31,2.15817150266167e-81,4.16308910693923e-65,2
"19870",0.00191959258621919,4.40248599384808e-08,1.35601600243925e-20,0.00769719130656834,0.173583568840037,0.158142541485419,0.658657053359505,8.39739169561296e-09,7
"19873",0.00014946707414747,2.19515724318557e-08,5.88914766816728e-10,0.125766978241838,0.00490923126997672,0.868827876622613,0.000346424249963793,9.74135595818267e-13,6
"19875",0.000153057113330859,8.40850514140602e-06,0.845365673628141,0.00761705105489301,3.22127167936249e-23,0.146855809698493,4.48635621189567e-23,1.88189270243283e-42,3
"19877",0.00548979246227236,1.45123225026698e-09,2.70712222018781e-12,0.00475433320945563,0.00217260613083807,0.940187273742167,0.0473957121040652,2.80897261962973e-07,6
"19879",0.00797269585592459,1.22847808245356e-11,1.24027449528395e-08,0.0124014461468069,9.30179233895785e-07,0.979624914388681,1.55101923992722e-12,1.01277300009981e-09,6
"19881",3.25960303869365e-05,1.35840087067931e-08,5.6067531495672e-15,0.448905078774148,0.030289748094523,0.52070731423479,6.52487462776833e-05,5.35860322450649e-10,6
"19883",1.18470122516078e-06,9.38082668943864e-09,1.23020769765844e-18,0.0413059935204659,0.949057961903983,0.00917663243808037,0.000458218055417854,8.79148583852139e-16,5
"19899",0.000764673967077074,4.56353379536612e-05,1.14249707220634e-10,0.0957300772659675,1.51692242031157e-07,0.90345946162251,3.6765075826735e-17,3.71682956822089e-35,6
"19908",1.87908323770106e-16,0.976428204703032,9.8141746430223e-32,0.0235717952969619,4.57234203641858e-15,1.15847264695794e-15,1.88987812658169e-67,2.64198982641555e-45,2
"19910",0.000999605857760491,2.73099147865175e-10,7.82205117514687e-05,0.00164460682033307,0.000291834818149787,0.996984690621693,1.04082942285991e-06,2.67790401373691e-10,6
"19912",4.29634597904307e-09,1.29938404135852e-05,2.0987818718671e-42,0.00410519582955006,0.995832656614435,5.23941065911827e-07,4.86254781523893e-05,3.66442698066394e-14,5
"19914",0.014921895477927,1.11087188421292e-10,1.67655707459974e-08,0.0144280611351161,4.83803501179785e-09,0.970650021516653,1.54623687868583e-10,9.87177088731385e-13,6
"19916",3.45656868228749e-20,0.250795492441947,1.09519824597779e-11,0.749204506330757,5.98720761930484e-10,6.17623166486472e-10,5.68789763324342e-61,7.70766181969368e-34,4
"19918",4.04254981379911e-07,2.85865523847869e-08,9.31427882648706e-19,0.0113333600807903,0.0898472392348447,0.0222451113744308,0.754206950780049,0.122366905688351,7
"19920",2.23076968837151e-10,1.0472972695004e-05,3.23560943996971e-24,0.00302868244779133,0.000126442225518032,5.63414364937196e-05,0.00453581228590111,0.992242248408524,8
"19922",0.999865781666777,0.000129092367992126,1.24206710892392e-13,5.08917904094133e-06,3.1812203306557e-28,3.6786065493535e-08,2.401815693138e-20,7.76463866706357e-52,1
"19924",0.000167619607257911,4.53379911668903e-09,3.23157075116484e-11,0.00874814849177297,0.00135451736525539,0.98377803439729,0.000396758649157688,0.00555491692315172,6
"19926",0.0548815235022482,3.08127379285368e-07,3.76559259261238e-11,0.0697249542931313,2.0345634941382e-05,0.875372868404644,1.67214439983029e-20,5.25967742195965e-44,6
"19928",1.19450101617575e-28,0.100518823602487,4.54297143820386e-66,7.32874753642123e-12,0.899481176390185,3.48565532829969e-34,7.31275972807299e-62,7.87407336974049e-48,5
"19930",0.000603684922011429,1.99228705401626e-10,4.77760214167792e-14,0.000182943840349957,3.6523543632406e-05,0.0544268597555524,0.944749987737536,1.64139643015427e-12,7
"19932",9.76794286721358e-05,4.58654897121718e-10,3.69103953049907e-23,4.21777783099691e-05,1.09522639589613e-06,0.00202047333251178,0.997838252919688,3.2085576767681e-07,7
"19934",0.0041803643047986,6.32166547526843e-10,0.0971860673077935,0.0553900843982951,3.99840205436219e-21,0.843243483356946,3.69810421231024e-18,1.87348417343415e-17,6
"19936",0.0119737745170221,4.91673746903528e-06,8.15467842767078e-10,0.0176028331764636,5.80469501684776e-09,0.969439199068845,0.000979269880037793,1.12402647855345e-17,6
"19938",1.4786988191757e-07,1.6647893063635e-05,8.11026316452045e-05,0.980383147591834,3.32736353248937e-19,0.0195189540135758,1.79438393299944e-56,9.24986850752669e-24,4
"19940",0.000181943478906663,7.21196843926633e-10,1.77684741136588e-09,0.0168297870882316,0.144150279571266,0.838837583560912,4.03457782084e-07,3.44857204534866e-10,6
"19942",5.761159454273e-26,0.0274480602258506,3.42839596490683e-46,8.87421095775992e-06,0.972543065563192,7.60595825798014e-20,4.84445963344296e-39,1.26032130802056e-42,5
"19944",0.000109196594736102,1.87323608957781e-09,0.000209977946794969,0.00242479442354585,0.000297054349023982,0.996958973849789,9.62826323044955e-10,4.7159832529689e-14,6
"19946",9.54754937416426e-05,1.95513471242948e-08,5.4112251528119e-07,0.0120071688897583,3.45739595145958e-06,0.987822201771973,5.64029381207674e-05,1.47328365928015e-05,6
"19948",1.1713459242647e-22,0.0050751941681134,2.7195499446404e-44,2.13705905388731e-07,0.994924592125981,7.55672204344056e-20,1.86762370830221e-32,7.88745143708717e-35,5
"19950",1.3030039370865e-11,0.00015221443816633,1.23398569144099e-34,5.60216472444605e-05,2.38299994993989e-10,1.26008067734454e-11,7.0784777167396e-14,0.999791763650588,8
"19952",1.1713459242647e-22,0.0050751941681134,2.7195499446404e-44,2.13705905388731e-07,0.994924592125981,7.55672204344056e-20,1.86762370830221e-32,7.88745143708717e-35,5
"19954",0.000118937909558218,1.90085820646267e-10,1.40990332278224e-18,6.35314091529358e-05,0.000116194386764092,0.0108544492131206,0.988846861645293,2.52460259891613e-08,7
"19956",6.53800196832718e-10,0.963726106689001,1.35364101401397e-50,0.036273540363605,3.33983700707145e-07,9.17701830931581e-12,1.69286856441177e-08,1.3720301336248e-09,2
"19958",0.778029830440525,0.221970169558919,9.2677885990303e-33,5.56067239386123e-13,1.15835227686439e-48,6.59506687061194e-26,7.1443650198418e-55,4.84720823761579e-54,1
"19962",1.78268402284496e-06,0.000120519188860761,5.05524557876867e-11,0.992168174364344,1.98110152307818e-14,0.00770879228828494,2.78708344231457e-13,7.31423635970192e-07,4
"19964",0.000144787047491754,4.61343065339838e-06,1.2023004265058e-11,0.105667544610601,0.014144535131733,0.880038491283111,2.79809020674058e-08,5.03484006999421e-10,6
"19966",6.17269761853574e-11,0.000286862589064524,7.28536269626097e-05,0.994289418902193,4.5124798699435e-10,0.00535086436880489,8.82171418607954e-56,1.0255472325425e-59,4
"19969",0.000264951804110843,8.45024550597693e-08,3.30468135482933e-19,0.206461664955601,0.0451654600335778,0.165843765627989,0.582264073076266,8.38601783203024e-21,7
"19972",2.61258432140428e-07,4.07513447624403e-06,1.18738734283192e-29,0.00253044523126131,0.997366294095649,9.4360975508563e-05,1.68553136289794e-09,4.56161914152976e-06,5
"19974",2.83746077613128e-14,0.000330188312935106,1.53406669336863e-49,8.59420309278626e-06,0.595530609399167,5.76985905247769e-12,5.10658800986872e-06,0.404125501490996,5
"19976",0.000101776581406528,9.30793809272906e-08,1.56325009856561e-11,0.0230922952093209,0.00222815184856356,0.973302420670476,0.000863158077558546,0.000412104517661105,6
"19978",1.91954592961287e-06,1.05304730904012e-06,0.0294568752203237,0.00763998381558089,2.38123090873216e-05,0.96287634983331,6.22839561931793e-09,6.42148213995952e-14,6
"19980",5.78258668687161e-06,1.40380318738898e-07,9.05237656592359e-30,0.000213300695239891,6.42079839386382e-05,0.000102497819563938,0.23337451770259,0.766239552831662,8
"19982",1.31279211592076e-06,0.0384609166416031,3.93338046718461e-21,0.551605460631656,3.11412630958828e-10,0.000588716255870473,8.44978309879381e-08,0.409343508869511,4
"19984",2.77796964701742e-17,0.00115660273727013,8.93573557383228e-25,0.00271303804471833,2.68422764629477e-10,1.70621505749001e-11,1.23117791592097e-20,0.996130358932527,8
"19986",1.36392387109318e-06,2.89385272219461e-05,0.782293053664374,0.138380102549641,3.86171369129471e-24,0.0792965413348927,7.81843407547325e-69,7.50095530344284e-55,3
"19988",6.49583573195371e-09,0.00243447916322428,0.9659749377889,0.0315715682156624,2.02423861968605e-42,1.90083363773203e-05,1.20733807950023e-91,3.81484627581622e-71,3
"19992",3.89199078872251e-10,0.000179085623840273,0.995643287471135,0.00357814943444361,5.22581184123655e-39,0.000599477081382714,1.65891524942999e-65,7.34027272023368e-41,3
"19994",0.00159439515536475,3.87079250685231e-11,1.18779927413306e-13,0.000105424009544903,7.45471192970093e-05,0.0554429122995421,0.942782721377417,7.38248504221947e-15,7
"19996",2.09442431635434e-07,1.59901851424735e-05,0.9814083677859,0.00759381355803885,1.98925509433806e-31,0.010981619028487,4.39553712599084e-56,1.97586056482296e-35,3
"19998",1.89009110860484e-12,0.000103406834486626,8.81009401504572e-22,0.999892207522056,1.495462359081e-06,2.8901792083699e-06,9.03313440677632e-19,1.82872077101039e-20,4
"20000",0.988897656528045,0.000140283526951534,1.32702394564226e-40,0.0109613535378157,7.14455813363497e-11,6.83711224339203e-07,2.26245174429857e-08,5.02246269066108e-34,1
"20003",0.0203612102450023,1.37614764379998e-10,1.0769975266158e-11,0.00362855019096364,0.000371660224181727,0.950748924331706,0.0248896548597612,3.06608771799572e-30,6
"20005",1.65895640027883e-06,3.98774628260262e-07,2.83559455232366e-35,0.000283549722301076,0.0976785979960305,4.63739936381408e-05,2.73383949724774e-05,0.901962082162029,8
"20007",0.000770501115242389,2.43279473147822e-08,6.88012853406496e-07,0.0228979242528322,8.41066312839607e-14,0.976330862290945,9.58564375413514e-14,6.90247027760654e-22,6
"20009",8.19266248926796e-11,6.00463359188915e-05,1.82456156194585e-07,0.999929818953385,9.50200258237262e-19,9.95217261342244e-06,2.62260562762591e-55,5.56553692682492e-24,4
"20011",4.578640799912e-05,1.18980159559012e-07,4.55816825507108e-21,0.0705433508582526,0.891024987395791,0.0383841815718867,2.12663959108835e-09,1.57265927192418e-06,5
"20013",0.000136183571097308,9.6921092607492e-09,1.69589395975988e-16,0.0136220111548164,9.59788490309582e-06,0.147478804619605,0.667151753519826,0.171601639557643,7
"20016",5.56847715276396e-07,6.16453214603977e-05,0.00422264046449882,0.995701835910176,2.46961064262468e-31,1.33214561495188e-05,4.01905385941975e-76,2.27256000895971e-39,4
"20018",1.80834735536713e-05,0.999981915887691,5.93194128260888e-11,5.79436044453735e-10,2.29309587792455e-85,3.68492262938413e-33,1.48228592691797e-161,8.40997072256024e-134,2
"20021",0.0034917815507776,9.33820444331871e-08,0.681772307406079,0.00759346773377427,1.90833999712786e-17,0.307142349927325,4.8790071942922e-18,3.45376523253886e-45,3
"20023",0.000335013432035846,2.65196562974504e-08,0.00101532269557869,0.00438913338804452,8.67537145037204e-11,0.994260503877736,2.66580719084883e-15,1.9230202812954e-13,6
"20025",0.000162038302992151,0.998801399928629,2.62611604403143e-06,0.00103393565228612,1.24499760182086e-63,4.90247462034082e-14,1.80835595130014e-87,2.37124114221622e-109,2
"20027",5.62036912804048e-06,3.94617100990203e-06,6.95976820618667e-31,0.00886798217302455,0.988171428084116,0.00145373054638946,0.00149729265633233,3.31568680167146e-25,5
"20029",1.31904974457014e-07,1.94879753179047e-06,8.87601559494319e-28,0.0553627949218749,0.0431389906346671,0.00105601754297129,0.90044011580277,3.95210850919303e-10,7
"20032",0.0018551166685414,3.00903247514913e-09,2.92120662587459e-24,0.000788605652951307,0.270326316915024,0.0178395332126872,0.709190424541764,4.88514664962905e-17,7
"20034",7.90322348924012e-16,0.00243202174191898,3.8748946309633e-38,9.22542230571396e-06,0.997558752835707,6.74445369706438e-14,1.1006225076817e-28,2.09227365113833e-36,5
"20036",5.97102244667191e-12,0.0132623194171256,4.41993518448389e-17,0.986542340391686,1.16773657519957e-12,0.000195340173995207,5.19801066718773e-13,9.53508898805882e-12,4
"20038",0.0190332744563912,6.24478038284968e-08,0.783574910733959,0.012078386399053,1.41643062695018e-24,0.185313365962793,3.27344146020317e-41,3.11897693054795e-63,3
"20040",3.54871984177521e-09,0.779846616290909,5.04268531253434e-07,0.220152875890826,5.45429831096241e-29,1.0136328551506e-12,6.65896327899146e-110,2.47719220823297e-56,2
"20043",0.000691131171729359,6.76179956142693e-06,0.915478523875892,0.0341112678875137,1.01802876036182e-28,0.0497123152653034,6.48545196972022e-27,2.76381098243374e-33,3
"20045",5.88046428282337e-07,0.00476311500825688,0.961672388422615,0.0335638908292468,3.71881649162791e-55,1.76934531250758e-08,2.56620637364154e-97,1.43393622591862e-54,3
"20048",2.21298538243494e-18,0.00866491341783179,2.75524483737337e-38,2.15778895058388e-06,6.85163160995943e-19,1.12675866761624e-20,1.65328823979883e-20,0.991332928793218,8
"20051",0.0154580453291143,0.000129205171507774,6.95265366124255e-05,0.808242615800026,1.10855974356471e-33,0.17610060386993,3.29280993372179e-09,2.07608708760604e-18,4
"20053",2.83200620135713e-06,5.27346561099038e-08,0.000278807263485878,0.100473732428276,9.15211393319986e-10,0.899244574603661,5.29093971611188e-25,4.85086056386857e-11,6
"20055",0.454565396457518,2.53263330685945e-06,1.04644402247521e-05,0.419374238839076,2.71033690618905e-21,0.126047367629874,3.98390783268094e-30,9.14637254914979e-79,1
"20057",0.000303618807881159,0.999696381192119,4.61224529554072e-74,3.86786788824963e-23,1.72116879960441e-49,3.58568299473455e-51,2.1595691974337e-87,3.17888745506356e-76,2
"20059",0.000386082033341391,0.00155376290948399,8.65907481444303e-05,0.437021854066794,8.52279246381965e-11,0.560951710157008,2.31827013284563e-31,1.20882835362608e-26,6
"20061",3.63799140684686e-05,5.29073173567333e-06,2.66739379976931e-05,0.0275409405850646,2.18785303369184e-10,0.972390714612344,4.59463377802381e-15,2.5802193154409e-26,6
"20063",1.01802176692306e-33,0.999976411308461,1.03374065544095e-22,2.3588691537083e-05,2.86240822299729e-32,1.012882435488e-30,2.62651011443218e-94,1.80236869918054e-15,2
"20065",0.948160087419304,0.0174564154709589,0.034094823347667,0.000288673680668373,3.54986564874553e-67,8.14016984541525e-11,2.90383283496215e-78,9.46632730393427e-127,1
"20067",0.000433134510444401,4.37263121859001e-05,0.805228122173006,0.19290985948078,1.77151644819485e-39,0.00138515752358386,5.02536296852554e-45,2.97491247245339e-17,3
"20069",1.37031722706e-06,3.38488996587567e-07,2.99300930486696e-28,0.000205518318632754,1.05908801549063e-06,3.47593320847543e-05,0.0252323101536253,0.974524644301418,8
"20071",1.28971711302849e-08,0.000131821078954402,7.28149138091908e-18,0.998354442254181,8.48934477032572e-08,0.00151363887624595,1.22513646571818e-23,4.68722362950451e-34,4
"20073",2.4546563762249e-09,3.68012384365128e-05,2.64715986622535e-17,0.0633460617392027,3.21116069001746e-05,0.000232251490045534,4.25500095108592e-07,0.936352345970664,8
"20075",0.958938153157295,0.0410618458639301,3.95634058278211e-39,9.78774805990521e-10,1.44725555377445e-52,4.73326922136687e-24,1.81124698781909e-54,6.15087980454014e-83,1
"20077",1.40784016200394e-09,1.2187544774611e-05,0.325426709100399,0.00343671093544276,9.45475503418474e-14,0.671124391011421,5.22027609496031e-21,2.74873366705891e-14,6
"20079",1.9413390320152e-10,0.0415107087444613,3.73885786644498e-10,0.95848924166013,2.4048338204538e-32,4.90238951424149e-08,1.20112558178249e-23,3.49363592811873e-12,4
"20081",0.870556574971246,1.67699514125539e-05,0.0318225009844456,0.0882261526684416,1.13536526504057e-30,0.00937800142445485,1.65752937875365e-35,4.5270572016726e-35,1
"20083",1.46968369449424e-16,0.396087906690354,1.17398276445569e-27,0.603912092487636,2.03571836326829e-15,3.61301550461071e-13,6.80557996315929e-36,8.21646864830393e-10,4
"20085",3.38511354061408e-06,5.87759453342579e-05,0.994655336751759,0.00527781450787241,6.89788942135222e-49,4.68768149420756e-06,1.27311917280802e-85,8.65973246109916e-79,3
"20088",0.000596061519785096,2.19173180853657e-07,0.870274142578443,0.00376765376307597,9.31664263371892e-31,0.125361922965515,4.71261215364317e-31,7.34029225581956e-38,3
"20091",0.999846806476106,0.000124983880072707,7.11223169564529e-14,2.8209643559767e-05,5.39720196063912e-48,1.90117855097202e-13,3.99639267757648e-58,9.46481746096349e-55,1
"20095",1.01713835819198e-13,0.872454521447698,1.32957318208874e-24,0.127520872560737,2.4604201455542e-05,3.61229968297559e-10,6.83444787026037e-62,1.42877791906366e-09,2
"20097",2.27735566795735e-05,0.000602411072055985,0.99334455425648,0.00602488178769247,2.17079225622538e-55,5.37932709255616e-06,1.71283178170762e-81,5.02412574444913e-84,3
"20099",1.11514128884653e-18,0.0108075155461782,1.06190697253055e-06,0.989174785778112,1.62741423645633e-05,3.62626372770529e-07,2.84535633658951e-49,4.31494922780633e-19,4
"20102",0.000534455875359293,0.99778578462024,1.00309922096528e-23,0.00167975950433927,7.81191988188213e-41,2.36300970499253e-16,2.42581920325372e-40,6.06631591761722e-14,2
"20105",2.20962906726456e-05,2.8268715568159e-05,0.565814020142655,0.418483678078842,6.88250059676009e-33,0.0156519367722621,5.91056179170651e-27,6.24151196713641e-24,3
"20107",7.46200571577975e-06,8.22354462874617e-08,0.11604148052175,0.00326900147361116,5.4862758334582e-16,0.880681973763476,2.3016531601071e-36,1.63988744867787e-32,6
"20109",1.36297221769305e-11,0.000986254944762224,0.00075958761362332,0.997273663816999,3.77834654861482e-11,0.000944837370985565,1.58277226029497e-26,3.56562022165672e-05,4
"20111",0.993321875972622,0.00667812389123094,2.30363096521503e-41,1.36147313511097e-10,6.75214163225243e-26,1.79137138616996e-17,5.29149552183631e-26,1.53828584844439e-35,1
"20113",9.71272226520152e-09,0.000299552615076753,1.13444316665616e-06,0.561435513957585,4.64474550221404e-06,0.438259144525947,2.47183872781136e-32,3.10035301183381e-46,4
"20115",0.99879124892799,0.00047215993859693,5.38006946051783e-31,0.000281980379167011,5.39638423313188e-06,0.000161180832922083,0.000288033537090837,1.04883303702507e-27,1
"20117",1.11598446929499e-06,0.999997768104258,5.03753000274457e-31,1.11591127013273e-06,2.63042427056699e-15,9.56616623802095e-22,8.69710841471519e-114,1.0807464846516e-87,2
"20119",1.31911838098483e-12,0.000729348447822206,0.000363824704006582,0.998195768790116,4.09016945821439e-09,0.000711053966567008,2.19677374793802e-53,6.12397911830414e-64,4
"20121",7.92844719992003e-06,1.01854241569635e-06,0.341137082637069,0.00461778126175639,2.69348333664882e-19,0.654236189111559,1.14312299268545e-46,8.9662905081364e-42,6
"20123",0.998492718264579,0.00149122806644521,9.71436617688627e-13,1.60536678252006e-05,7.9054346814493e-58,1.78964599575064e-13,7.53794009220614e-61,2.96395472807008e-89,1
"20125",4.04170827388989e-05,2.12672699437104e-07,2.09436238777253e-20,0.00141445771376263,7.60973978739512e-09,0.00368856456641821,0.994723670787655,0.000132669566986427,7
"20127",3.86960383318895e-11,0.00717636693008834,0.954243358788052,0.0385801427781878,1.10999674328302e-45,1.31464975692277e-07,3.34656341581329e-74,2.10848908987701e-42,3
"20140",0.0306406757219702,0.00277912235454704,9.03692912202032e-12,0.904499845178205,1.21971058490671e-13,0.0620803567361191,5.34601813381832e-33,6.3419999034749e-61,4
"20142",1.93292440398316e-11,0.000147847347372935,1.53346161741545e-33,0.000129421344874792,5.89237852171586e-12,1.71360745079786e-10,4.58377266289472e-06,0.999718147338507,8
"20144",0.875233787341314,0.0112229553816741,1.40409785859588e-30,0.0933302248481984,5.71663731475876e-12,0.000894927958761585,0.0193181044643349,5.56701462943136e-17,1
"20146",7.17484112156658e-07,0.0436839341725357,6.39063922899923e-20,0.956177809550056,4.91658555491651e-17,0.000137232767967255,5.58461458440516e-10,3.05466867736382e-07,4
"20148",0.0010612250549677,4.86637184451249e-07,3.8138582040124e-09,0.0178169530069103,2.67263467609757e-11,0.885285273770609,0.0958360576897439,1.65569876299879e-17,6
"20150",1.42373075287528e-08,1.37225336006511e-05,3.80079929875628e-40,0.000151463226903929,0.0813353396261945,5.96970244659103e-07,0.340519323584519,0.57797953982123,8
"20152",0.000468377297582874,2.05971575917539e-08,1.28266697145842e-07,0.00582084863253409,1.63940763361493e-06,0.955999181092732,0.0377098047014325,4.23025662139352e-12,6
"20154",0.681720831353692,0.307369013637765,5.55728622572498e-05,0.0108545821462807,2.57079458741748e-77,5.19984619850029e-15,1.10860803526912e-76,1.11040711674686e-53,1
"20156",5.76120947251656e-06,0.00331581669523814,1.54708698835159e-10,0.936793791428942,1.00624294367881e-11,0.0598846304843738,3.70713614296566e-26,1.72020195894316e-11,4
"20159",6.0144457999118e-06,2.13027811079757e-05,1.69974175155175e-29,0.00413806343936172,5.51115157220546e-06,1.83335472836607e-05,6.38721828469114e-08,0.995810710762692,8
"20161",3.95517217807819e-14,0.333136223969305,3.43668125108375e-23,0.663212524558478,1.99570618887245e-13,1.46188494155772e-09,2.19476157668942e-16,0.00365125001009273,4
"20163",0.186301818437439,0.000641571580127372,2.39520748133106e-08,0.159651877150291,5.06026628265589e-13,0.653402291019098,2.41786046412928e-06,6.75192110520933e-44,6
"20165",2.31947090624558e-13,0.552839887817589,3.58029840182642e-08,0.426298619714503,4.50145312668465e-26,3.98094710478974e-09,2.88079164851749e-32,0.0208614526837452,2
"20167",6.72079213534068e-05,2.83548293099285e-09,2.1260166685391e-09,0.0020629404481624,1.48056102323998e-07,0.169576348184037,0.828217127195878,7.62232329670986e-05,7
"20169",2.42100270230863e-16,0.000728303617519041,2.57627245391473e-37,4.83165004039654e-06,3.82708325924958e-16,7.68185104012296e-17,2.13234784561175e-14,0.999266864732419,8
"20171",0.000163652612198109,0.99979588844555,6.83332418609366e-09,4.0452108927777e-05,2.02933737393361e-89,1.57124460153306e-23,9.05478315195136e-107,1.74982900618681e-62,2
"20173",8.23888975336799e-30,0.995747766274366,3.96421855881991e-20,0.00425223371830233,7.33156230388831e-12,7.56870412108556e-20,1.70949480481631e-56,4.83511289485061e-18,2
"20175",0.00283772945539076,9.7314057259784e-07,5.5372894558779e-17,0.0241749754362601,0.0322690959721005,0.922797637044219,0.0179127618978838,6.82705357298706e-06,6
"20177",1.43619031348224e-17,0.06596675502825,5.67613703243823e-08,0.933787526710164,0.000183671679997147,6.19898202182598e-05,2.03253758153228e-52,2.81439198468807e-23,4
"20180",0.000799752115713161,0.000183748897460897,0.962251624468723,0.0309862597196914,3.18465097995493e-24,0.00577861479841184,1.12780953274486e-56,7.71529825083372e-90,3
"20182",3.7398840011167e-16,0.999999999999955,4.45559203333863e-85,8.61074597852323e-18,4.26102629525687e-14,5.53952867422713e-44,8.9535467304441e-51,1.59970981729192e-15,2
"20184",3.5916631272106e-09,2.56021951161084e-06,4.47030807827964e-20,0.00676353817791551,2.15330313951588e-07,0.000126712659646763,3.30931951461317e-05,0.993073876825803,8
"20187",9.53582309688275e-25,0.5464411755053,1.9288298174525e-22,0.275293440332006,0.178265378616525,5.54616913800198e-09,8.25543156300141e-33,1.51221583883189e-16,2
"20189",6.00074879842792e-07,2.30603687203395e-06,0.0277416189341429,0.273943919452735,4.45778459568361e-05,0.698266977655404,9.61287655446266e-15,3.37034913405411e-30,6
"20192",1.10140420903601e-05,0.999878891380765,4.74926950438253e-12,0.000110094572283196,2.3744214026011e-31,1.12296735499502e-13,4.18197678513939e-64,7.88272447326739e-85,2
"20194",2.02523015991571e-20,0.832620900167786,5.51504255338371e-39,0.156205836948518,0.0111698673085353,2.09548210492173e-11,2.12755424312565e-14,3.39555418454445e-06,2
"20196",0.565590835417347,4.2056198876885e-05,0.235071026126626,0.199296034351852,7.24841939784877e-47,4.79052988543469e-08,1.85708968286819e-69,8.67226795824721e-67,1
"20198",0.000170033374166165,0.00646967333622929,7.68498405587075e-07,0.303603781995895,1.72698505029031e-09,0.689755740925593,1.42726235824332e-10,1.93307007449988e-17,6
"20204",6.82540948226561e-05,7.98763207828555e-07,1.77845523453401e-27,0.000869371043114179,2.52757562327733e-08,8.79799558503647e-05,0.914734042201935,0.0842395286653136,7
"20207",0.00657754268875881,0.00132476505124444,0.360136082610173,0.631827029295683,5.67088534586766e-47,0.000134580354140038,9.60225593850551e-54,9.37691792193498e-31,4
"20209",0.999381564265763,0.000598884823377024,4.27891175573221e-38,1.9441532744421e-05,1.34060054438663e-08,9.59721078107046e-08,1.92014301704487e-15,1.66072973755541e-68,1
"20211",0.999422111040597,0.000462229716002067,6.94893806486545e-10,0.000115658542858485,3.22704095843086e-66,5.64832349201381e-12,1.32225084863621e-47,4.16895282592135e-70,1
"20215",2.02179229796449e-07,0.000988602007934281,0.202625222403478,0.217579270538895,4.13390573873295e-26,0.578806702870463,2.04660510321428e-23,6.04411587151742e-35,6
"20218",3.59946744605141e-09,8.98570964986788e-06,3.43068884719808e-31,9.98318239864729e-05,5.64286504138272e-11,1.43771947590521e-08,0.00190410381509938,0.997987060618173,8
"20222",0.0130765832602438,0.00902551650225351,0.0471091358560035,0.930430242048585,2.58561871147684e-47,0.000358522332914549,5.62877589482705e-37,1.14993489493135e-33,4
"20225",2.99504312063454e-05,0.430494979902744,4.61966797644596e-29,0.568472608522342,4.32676847196549e-14,0.000148358875743019,0.000854102267921294,2.09719676496048e-16,4
"20229",0.000136374049770439,0.0021457125715255,5.35493439305695e-20,0.997040305013377,7.55925387368117e-20,0.000677608365324676,2.38185264834543e-15,1.33315648822082e-41,4
"20232",0.0277353128155083,3.92576111957951e-06,2.02655008225404e-07,0.237867531601293,2.04698069539015e-11,0.734393027146601,8.00552346314579e-28,2.16319004674233e-30,6
"20234",1.28778066602129e-06,0.983122549942705,0.0168118785766871,6.42836999417107e-05,1.84736426944082e-58,4.36106557243307e-19,3.83361319966306e-140,1.779039688227e-126,2
"20238",2.4366244209273e-05,0.00102943530781586,0.0115987818474887,0.587126910614807,1.01157023870706e-24,0.400220505985679,5.09044481043331e-42,1.49585039452996e-33,4
"20253",4.15870128327465e-11,0.000579535939201502,0.971164790325987,0.0237056635402577,6.37623020707072e-32,0.00455001015296714,4.7080012156709e-48,1.57372984725826e-46,3
"20255",0.00429216136787097,1.82264974804697e-10,2.33197122687609e-18,0.00038910209310206,4.84955277784763e-10,0.0232182051135898,0.972100530758183,3.37903586002497e-14,7
"20258",1.09860113900337e-06,5.61983310616564e-05,0.991371886291599,0.00649363443155518,4.72225975202843e-27,0.00207718234464454,8.49026266151162e-43,3.27755132379597e-51,3
"20269",1.18572264117698e-06,0.000395803439218657,0.22759320312056,0.735428260693042,1.97766001268643e-18,0.036581546998387,1.18409230585703e-20,2.61513193281798e-11,4
"20271",3.25222270547139e-12,0.128393730447312,0.129044346251544,0.742496862682153,3.85856577490307e-13,6.50606153528203e-05,4.85322244783209e-53,2.9483704924673e-64,4
"20285",1.51920706679725e-14,0.00703972724733213,7.6728824772134e-26,0.96328329306987,0.0296735507117076,3.42897107499412e-06,6.88647539837816e-27,4.88838282810706e-18,4
"20288",9.19387082501426e-06,3.660791841558e-05,0.000166741716143524,0.136203919717001,1.36344995856114e-19,0.863583536777615,1.29276131114989e-27,1.94402631143085e-31,6
"20291",0.877692448548466,1.98471400884152e-05,4.43536571140883e-05,0.122222689144145,1.48072506202802e-30,2.06615101869158e-05,5.78627458785185e-68,2.13873003200018e-49,1
"20295",3.7477160809244e-10,0.0914669414716275,1.30089168598139e-08,0.908530591871892,3.67897519374779e-12,2.45326911265949e-06,5.76759262811213e-30,1.30595151627323e-25,4
"20298",0.000112145370101483,2.83967379469786e-08,7.28388009280859e-25,0.000815667341328953,9.91220807510157e-06,0.00985175150210844,0.989210484447994,1.07336538423673e-08,7
"20302",1.34125173198042e-07,1.48958879508941e-05,4.88073848709756e-21,0.1102100407641,0.0007782317345649,0.00150108856282114,3.34180491416413e-07,0.887495274744898,8
"20305",3.38276837650309e-05,2.13715839647154e-07,7.27037051837611e-29,0.000304957608599495,0.000146830102250478,0.00146326303570187,0.998050907853843,6.75410681044259e-17,7
"20307",0.000309309453498187,3.10541371272242e-06,0.879446892013884,0.00667069959270291,2.43530740468483e-30,0.113569993526202,8.32915570817702e-50,3.08598477173743e-42,3
"20310",3.19396691334134e-11,0.745024704686458,0.175939267111363,0.0790360281675856,6.17868625127319e-51,2.65377884527507e-12,1.07510195374755e-118,8.80469465523112e-83,2
"20313",1.05210556853063e-15,0.00466462391460751,1.45244342388881e-45,1.25786028523678e-05,4.26842866085232e-05,3.7900360995565e-15,1.39922447764908e-20,0.995280113195927,8
"20315",9.35868067753456e-06,1.72996342830649e-05,0.356794285350751,0.291036539144194,1.90476833277904e-15,0.352142517190093,6.69904674772309e-46,5.38477133936559e-43,3
"20319",0.395146078560004,0.222404540564588,0.00639554568700084,0.376053657994462,1.89611879916952e-58,1.77193944512411e-07,1.02225668749421e-59,1.50493996241699e-77,1
"20321",8.96231485338067e-14,0.0847764857267537,0.807436982154979,0.10753141209557,2.40698568086005e-35,0.00025512002260809,6.60998133671047e-50,8.86253721757772e-40,3
"20327",5.18343194151932e-10,0.000137487226669562,0.942366263378114,0.0549774338951263,2.1569379694525e-17,0.00251881498174648,7.87508707793527e-55,6.67387565011246e-44,3
"20329",2.4822669079258e-25,0.0667846664752137,9.93112046413874e-48,0.00023448419879823,0.932980849325758,6.04984944849185e-16,1.60616561185292e-27,2.29075850599664e-13,5
"20335",0.0578883313342021,0.000290295751144654,0.896661997085257,0.0451590770100397,1.0640484002788e-57,2.98819356963696e-07,3.97645489630017e-72,2.70485092919655e-48,3
"20337",2.13918211295362e-05,9.36986269793018e-08,5.4797530479672e-27,0.00031784233116082,3.41711963389162e-06,8.08762657447642e-05,0.000315454179251285,0.999260924584453,8
"20339",0.0685598574310178,0.927634595979791,1.43297442924291e-23,0.00380554650056272,1.780273304463e-33,8.8628338646742e-11,4.20573117849496e-38,6.0570949644338e-79,2
"20341",0.0454762622100858,0.886704365081076,7.23885979691564e-10,0.0678193719848622,2.5431318998648e-51,9.00362241982627e-14,7.27452085036454e-78,1.74240842008319e-33,2
"20343",4.3020336843956e-10,0.177104086660369,0.130961999468847,0.691933909142817,1.5492285061764e-49,4.29776308291609e-09,5.62285612197624e-78,1.19845849550926e-30,4
"20345",0.0046604255986713,3.96918865107455e-08,4.9427273971484e-16,0.0215989906796896,0.0951320158127018,0.870880367065077,0.00772816115197294,3.43830195467499e-31,6
"20350",2.86198214967005e-13,0.454936264588906,6.16796029056927e-18,0.545063731530834,2.82695947359489e-18,3.87997408650539e-09,1.07328710205546e-59,7.05765382536356e-29,4
"20352",1.1125301922257e-14,0.000234822141211439,8.34185310746511e-30,1.74881517308196e-05,2.217903600548e-17,2.52065563990433e-14,1.88328176005603e-13,0.999747689706833,8
"20355",1.19733507038649e-09,0.0125775433813275,1.05279870250416e-18,0.956654677395731,8.83603001533431e-12,1.50437292501766e-06,7.27156968390372e-20,0.0307662736438454,4
"20358",1.19484863124932e-19,0.00828693691031163,5.656614839642e-43,0.000238204891170464,0.991474858107133,4.42330601008205e-14,2.15146096402958e-11,6.98260485731389e-11,5
"20363",2.34592830083714e-09,0.000277624698063692,0.973873963889823,0.0126909345408255,1.72522737067656e-32,0.0131574745253594,1.87411566987156e-34,3.63524136801063e-34,3
"20365",0.965339163672574,1.27237462266585e-07,8.4662744613188e-05,0.0318738923057504,4.04342955732717e-30,0.00270215403959974,1.20113918857982e-28,2.46224893722755e-50,1
"20379",0.968853874244253,1.50133367398177e-05,2.59768699440934e-23,0.00259637220235296,0.000842433963038636,0.0276104053920797,8.19008573760242e-05,4.16024590602845e-12,1
"20387",0.0045166437355083,1.95784737597356e-07,0.943472845230188,0.00423666788939115,1.74033133471934e-27,0.0477736473601753,1.37107950952647e-31,3.4884456558481e-34,3
"20392",0.997758167139128,0.00222761744984686,3.05386643668158e-07,1.39100241029489e-05,3.41214233777016e-74,2.78604545018362e-13,1.78043737164243e-56,1.1740201133641e-91,1
"20395",0.00078512630421166,3.98059577397398e-06,5.94731566212606e-09,0.0196279510983494,9.18634371215355e-06,0.960840176944534,0.0187334826500195,9.01160835910962e-08,6
"20397",2.1303273000809e-31,0.019020523463931,7.02333357436199e-72,3.82102446539726e-12,0.980979476522326,3.04026343941829e-33,1.05368316939539e-51,9.9224611454501e-12,5
"20410",0.00816685902117308,4.71354182862966e-07,0.276771221362945,0.0474094465815391,4.17984568212183e-12,0.66765200167598,1.37655628177347e-22,2.25820054320556e-58,6
"20414",7.13549433353954e-05,0.000212546706285725,3.21944455514986e-15,0.182908654861916,3.4529239485444e-09,0.0279274759393189,0.78634853781648,0.00253142627973664,7
"20417",3.06029710751402e-13,0.999999999945191,6.63214561295521e-15,5.44969592175822e-11,1.63330543362655e-73,2.41323441513423e-39,5.73879725369882e-180,2.26577000615865e-156,2
"20419",1.51998617538513e-15,0.000114390596864842,0.986734064037964,0.013077638182929,4.85706840079343e-21,7.39071822410113e-05,9.53094394972242e-55,1.42863397122012e-39,3
"20421",0.856669484297958,0.00151948699333017,2.41354087833737e-18,0.141445334015989,9.30888974010004e-17,0.000358470810323308,1.56848235912023e-10,7.22372555155907e-06,1
"20423",0.00586187211542268,2.44026494791496e-05,6.00059350243098e-21,0.00810757196038459,1.52625430397257e-09,0.00677148250338611,0.958160454476807,0.0210742147682659,7
"20425",0.000628889219689798,0.00010752457347659,2.38119082063961e-19,0.918466801225652,1.54379444464858e-15,0.00778568349066852,0.0106327719029043,0.0623783295876068,4
"20427",0.00103397123127606,3.05385882839689e-07,2.23631172789821e-05,0.00959363576311289,1.72535473579293e-09,0.989140694048117,0.000209028728977326,1.23302624573729e-20,6
"20429",5.70089673822933e-13,0.0801383563747412,9.60823898199209e-07,0.919860310524543,1.01790874135807e-25,3.72276247304636e-07,3.71982227812673e-65,9.14116522272138e-36,4
"20432",6.95419232791512e-10,0.0246818747129349,6.19767108830001e-25,0.0965467058774847,6.25517349238964e-06,1.73691540381716e-05,0.716099494231323,0.162648300155307,7
"20435",0.0209510848509838,0.00208727957212665,2.80345998464713e-06,0.294507129031447,6.41330166545482e-16,0.682451703085457,1.31696587114981e-17,9.83416642472225e-43,6
"20438",1.76907261133413e-19,0.0356111352807322,0.85959064225053,0.102603507044953,9.00805192224225e-17,0.0021947154237851,1.91334624843342e-45,1.55296044526739e-16,3
"20440",1.34004069452311e-09,7.67004553893134e-05,0.863878581448533,0.135552165773748,7.20547651752131e-20,0.000492550982288937,9.34132605407755e-54,3.84419654085417e-28,3
"20443",3.43830067529948e-13,0.062760865485135,3.80850607255307e-24,0.0885453598596256,5.77173746784226e-13,1.82595853747751e-09,9.59819047947902e-27,0.84869377282836,8
"20446",1.46760511897891e-05,2.13245908948847e-06,3.22609791940041e-09,0.961259660996171,1.17647229879915e-12,0.0387235272662755,8.33948766609051e-17,9.1757944668235e-17,4
"20449",0.00349211405304851,3.24090971837196e-09,4.3868224291032e-06,0.00708401124606602,4.21951320940955e-12,0.989419484633327,2.0846237828656e-16,2.39219342946191e-29,6
"20537",0.876206119259043,0.000122738622710853,0.000939052357166751,0.122186036489863,6.60687391543217e-34,0.000546053271215932,2.5742217550441e-38,2.06586977775147e-33,1
"20540",0.987448607594072,0.0125505844010565,2.21274905213683e-07,5.86729962515425e-07,2.96378990689105e-59,3.86208367682598e-15,8.67926055631414e-77,4.14984845229245e-98,1
