"","V1","V2","V3","V4","best$classification"
"19812",0.0118977463736133,0.960194086289047,0.0279081673354934,1.84587105116895e-12,2
"19814",0.00188975837785429,0.0807189577238404,0.901673069147197,0.0157182147511083,3
"19816",0.014321500874361,0.985678498427324,6.9801732449598e-10,2.97499403611129e-13,2
"19818",0.00880806655645576,0.954629103720395,0.0359880294118184,0.000574800311331007,2
"19820",0.024318005180596,0.975681994819404,1.07998818228429e-43,2.74730211798947e-33,2
"19822",0.889840606622983,0.110159393377017,1.55740842689833e-48,4.22442714071372e-28,1
"19824",0.486497776125525,0.513502223514941,5.79721604367092e-21,3.59533483169312e-10,2
"19826",0.0734047254971333,0.738544153931909,0.188051100754914,1.98160426923673e-08,2
"19828",0.00857254204656551,0.991427457953434,1.16145063347206e-20,2.08768801308913e-17,2
"19830",0.486875369489001,0.394454469877492,0.118670137065274,2.35682327100566e-08,1
"19832",0.683430839544226,0.316569159908767,5.47006653426914e-10,3.76089141144277e-26,1
"19834",0.0352510952082004,0.964748904791392,3.74423075836141e-13,3.27237088465041e-14,2
"19836",0.0308385862982984,0.969160801060683,6.12641018465934e-07,1.12213943296137e-19,2
"19838",0.00129956469809281,0.00531615465227274,0.99338209153934,2.18911029396893e-06,3
"19840",0.0565811716350608,0.943418826609021,1.75591867290608e-09,6.31579640327908e-19,2
"19842",0.203996456173082,8.07357903870689e-06,0.795995462368308,7.87957142960965e-09,3
"19844",0.0250271654070647,4.23296602525964e-10,5.21603517954107e-17,0.974972834169639,4
"19846",0.00185755738480352,0.000240553396325851,0.923512038333874,0.0743898508849968,3
"19848",0.00105365704326236,0.000479370252228659,0.0109554993662929,0.987511473338216,4
"19850",0.0116301724714649,0.00537846740881754,0.98135904589012,0.00163231422959759,3
"19852",0.00761519040347083,0.99228742103692,9.71307039399243e-05,2.57855669054016e-07,2
"19854",0.00146845216881026,0.000658922074418233,0.00306032641244648,0.994812299344325,4
"19856",0.939445671102235,0.000844969676028852,1.8913745437468e-09,0.0597093573303614,1
"19858",0.995026069650054,0.00250444144004977,1.14708211761478e-16,0.0024694889098956,1
"19860",0.0126250355137471,0.986237958268157,0.00113700618196368,3.61318676978633e-11,2
"19862",0.00150998090531492,8.84536922902329e-05,0.998401541315551,2.40868441488672e-08,3
"19864",0.99999999989615,1.03849521513216e-10,5.55295775733809e-21,1.65729376226227e-21,1
"19866",0.399729688336131,0.600270311663866,2.36084957266663e-15,8.76524053030925e-20,2
"19868",0.999999999998875,1.12530529783696e-12,6.70853130747442e-35,8.18926687355654e-33,1
"19870",0.00544671378081017,0.0336606251331696,0.96086605484959,2.66062364306803e-05,3
"19873",0.0609675283310882,0.880267816625152,0.0587631614159661,1.49362779326065e-06,2
"19875",0.0163181749100599,0.983681825089674,2.66489823543559e-13,8.95141108770834e-22,2
"19877",0.00912788005275363,0.874067310619229,0.116777599092287,2.72102357296517e-05,2
"19879",0.00801461582147971,0.991977172878727,3.0517920571486e-07,7.90612058787836e-06,2
"19881",0.105014952793225,0.893538737636059,0.0014428288055783,3.48076513799127e-06,2
"19883",0.0729508144468495,0.0735814213039714,0.853467386525588,3.77723590861036e-07,3
"19899",0.0706396277013907,0.929360367283352,5.01525725464342e-09,1.68598259880543e-18,2
"19908",0.999999869895837,1.30104163016921e-07,2.65119274747559e-24,2.15426598554362e-21,1
"19910",0.00600139922738766,0.992805563056619,0.00118706026620427,5.97744978957712e-06,2
"19912",0.0617631517110483,7.31014400084965e-05,0.9381619966884,1.75016054337236e-06,3
"19914",0.0221723502018921,0.977827237437415,3.51817457111995e-07,6.05432355579879e-08,2
"19916",0.999720863408369,0.000279136591631397,2.86284410164286e-28,1.69948984718198e-18,1
"19918",0.0060322878138949,0.0418835163908365,0.815289421722203,0.136794774073066,3
"19920",0.00160169216989952,0.000239787140841825,0.0054240502507389,0.99273447043852,4
"19922",0.999581650204517,0.000418349667660954,1.27822131481255e-10,3.55327634183549e-24,1
"19924",0.00402385107002918,0.954604048809977,0.0165375592414394,0.0248345408785547,2
"19926",0.0546318886198861,0.945368111351845,2.82685145267992e-11,2.05736790798141e-22,2
"19928",1,1.84976639620353e-16,6.31847824872809e-18,2.59098021176519e-20,1
"19930",0.00083903311138907,0.0447586594977939,0.954402040936414,2.66454403397331e-07,3
"19932",0.000266052614269878,0.0021216342578254,0.997503749152489,0.000108563975415552,3
"19934",0.0106485590026745,0.989351440815444,1.06335162117965e-12,1.80817931032341e-10,2
"19936",0.0627822128595776,0.928944847486035,0.00827293956038305,9.40045397559278e-11,2
"19938",0.0475967690366402,0.952403230963359,7.37604640702077e-27,5.21160717150876e-16,2
"19940",0.0168374903621254,0.977144235121954,0.00599403021143367,2.42443044874857e-05,2
"19942",0.999999998764539,1.22808597681552e-09,7.37463866826418e-12,4.00128381391502e-19,1
"19944",0.0129029893936299,0.987090095163922,6.89907126705434e-06,1.63711814180142e-08,2
"19946",0.0211247560772567,0.97548332988319,0.00305985603014013,0.000332058009413404,2
"19948",0.99999964882796,2.02235598968669e-09,3.49149605100872e-07,7.90252193364381e-14,1
"19950",0.00106696719148976,8.09222151599004e-08,2.41256065177128e-08,0.998932927760689,4
"19952",0.99999964882796,2.02235598968669e-09,3.49149605100872e-07,7.90252193364381e-14,1
"19954",0.000313850062626948,0.00972609051240634,0.989932430803401,2.76286215658481e-05,3
"19956",0.999660680368992,4.15190706613415e-07,0.000332494540617149,6.40989968405046e-06,1
"19958",0.999999999995798,4.20155830245556e-12,7.36484942839004e-26,1.96639489029646e-27,1
"19962",0.745730490300423,0.254020111632184,1.42311460543858e-07,0.00024925575593179,1
"19964",0.0357085118079386,0.964281250979195,9.89899121069731e-06,3.38221655422142e-07,2
"19966",0.283619413927292,0.716380586072708,2.87486998261365e-32,3.85489670011583e-31,2
"19969",0.119280549152675,0.313034629364867,0.567684821464765,1.76931304831278e-11,3
"19972",0.594913042528637,0.0324317534065005,0.217754648551345,0.154900555513518,1
"19974",0.00792811440082253,6.83029284627441e-08,0.0361718090513138,0.955900008244935,4
"19976",0.0264865675411594,0.8943997782565,0.0725277657660247,0.00658588843631545,2
"19978",0.0110334212342612,0.988963561227336,3.01587863925929e-06,1.65976384229383e-09,2
"19980",0.000696056477158818,0.000227387100233637,0.0622539090774019,0.936822647345205,4
"19982",0.191234614900028,0.0230922914153811,0.00334263483707707,0.782330458847514,4
"19984",0.0047165780366932,1.43731844833677e-06,7.63407276035779e-10,0.995281983881451,4
"19986",0.0744718458560092,0.925528154143991,3.21899465529201e-33,1.36805138640769e-28,2
"19988",0.0894720423264673,0.910527957673533,3.37800478444844e-47,1.67224585471245e-36,2
"19992",0.0502576708541298,0.94974232914587,1.35392450601156e-31,3.51989575770642e-23,2
"19994",0.00115090684294403,0.0747308482252399,0.924118196340827,4.85909891530618e-08,3
"19996",0.00925901876004943,0.990740981239951,9.33769849429954e-28,1.43433520842154e-20,2
"19998",0.995600939066646,0.00439906057884159,3.44301738772825e-10,1.02111557080029e-11,1
"20000",0.999607308457304,0.000339887133646086,5.28044090498287e-05,1.13449860914914e-16,1
"20003",0.0212496877947265,0.969234366676244,0.00951594552902771,1.49072762229271e-15,2
"20005",0.0014771847905333,4.97018727337189e-05,6.08351406340769e-05,0.998412278196099,4
"20007",0.0290495642683496,0.970950421985834,1.37429495949505e-08,2.86719061859169e-12,2
"20009",0.761657446215059,0.238342553784879,1.36838291129457e-28,6.23334985822588e-14,1
"20011",0.487442201159938,0.397077560762447,0.0660851464058312,0.0493950916717831,1
"20013",0.00576437061506075,0.170342772066163,0.546082445238173,0.277810412080603,3
"20016",0.781840752665561,0.218159247334439,4.56363200230853e-37,3.12867440927426e-20,1
"20018",0.999999999563713,4.36287324790411e-10,2.61250249103594e-73,3.55108094332736e-62,1
"20021",0.0129972884847779,0.987002711513926,1.29662833048607e-12,5.46835404071753e-23,2
"20023",0.0354576062277935,0.964542376667205,5.70585654031231e-09,1.13991454888516e-08,2
"20025",0.995843846184065,0.00415615381593492,8.51671304928689e-44,7.89495128360329e-50,1
"20027",0.0252907836340156,0.00662327532263496,0.96808594103425,9.09940386036241e-12,3
"20029",0.117157223322206,0.0235636028036581,0.859279081869576,9.20045598125797e-08,3
"20032",0.00111318995990745,0.0031822263491561,0.995704571630995,1.20599417267866e-08,3
"20034",0.999970718415276,6.02672864403657e-07,2.86789118284237e-05,3.10897274118585e-14,1
"20036",0.971805308359367,0.0281929406581231,1.58380850199893e-06,1.67174007924464e-07,1
"20038",0.0159320532813957,0.984067946718604,7.34467312640736e-24,1.70501457291824e-31,2
"20040",0.999846783206848,0.00015321679315228,1.75485849514085e-47,1.0070284310584e-28,1
"20043",0.0280996207758303,0.971900379224156,1.34681200218548e-14,1.13553638023846e-17,2
"20045",0.439102500811458,0.560897499188542,1.82962131772409e-47,1.4667539490587e-28,2
"20048",0.00513470584745552,1.24224206522329e-10,6.12665154300687e-10,0.994865293415655,4
"20051",0.146929562281468,0.853070178007777,2.59687674490006e-07,2.30811195064956e-11,2
"20053",0.1315190895222,0.868480594893386,1.17269882000674e-11,3.1557268711432e-07,2
"20055",0.121930975091735,0.878069024908265,2.90559065484982e-21,7.86094265316323e-38,2
"20057",1,1.9866217034521e-23,4.07993404896178e-40,6.5108936906962e-39,1
"20059",0.309004453734123,0.690995546265837,3.15105394582615e-14,8.95622979648504e-15,2
"20061",0.0226597785107778,0.977340218968393,2.52082558797862e-09,3.52683758646018e-15,2
"20063",0.999999996352717,1.17657256120811e-11,6.90247216292727e-38,3.63551748690378e-09,1
"20065",0.989881564792112,0.0101184352078882,2.67694223559078e-44,8.83398543412551e-59,1
"20067",0.251346976400813,0.748653023450917,3.88300517824406e-22,1.48269568795204e-10,2
"20069",0.000409559635163266,0.000113311520486949,0.0120402650722137,0.987436863772136,4
"20071",0.869437015725564,0.130562984274179,2.57400276619903e-13,4.10705665767923e-18,1
"20073",0.0272008454333408,0.00566377466598855,0.000434938883329381,0.966700441017341,4
"20075",0.999999999845769,1.54231362306579e-10,1.51356730172552e-29,6.39308472080752e-41,1
"20077",0.0615773364068324,0.938422663253209,1.49307347348595e-11,3.25028254838944e-10,2
"20079",0.979116336923837,0.0208834329320987,1.17067833616407e-13,2.30143947301833e-07,1
"20081",0.124171407956053,0.875828592043947,4.34263931483506e-17,1.80399373164446e-18,2
"20083",0.999986861834028,1.18460348983294e-05,1.41952559938028e-16,1.29213107391535e-06,1
"20085",0.0663765822136275,0.933623417786372,2.89329652115833e-45,2.97783751011306e-39,2
"20088",0.0224496299373918,0.977550370062608,2.58617851330193e-20,7.25310661531631e-21,2
"20091",0.999979057707262,2.09422927383163e-05,3.36963429430333e-29,1.40862481158885e-27,1
"20095",0.999976366607738,2.27955596035538e-05,7.58035498506132e-19,8.37832658363059e-07,1
"20097",0.112140738989848,0.887859261010153,2.44167270534971e-45,6.02483370609244e-42,2
"20099",0.965277245319865,0.0347227541050858,7.96957656626738e-19,5.75049261710601e-10,1
"20102",0.999999816164459,1.14043630283799e-07,8.70887256523426e-20,6.97919110813842e-08,1
"20105",0.0413333163988873,0.958666683601096,6.4569989392633e-18,1.66000416834055e-14,2
"20107",0.013613966542008,0.986386033457992,2.27465154368864e-19,2.25478334910249e-18,2
"20109",0.245811525563661,0.752957259406401,1.36245530389537e-11,0.00123121501631334,2
"20111",0.999999995792008,4.20539862368052e-09,2.593653669904e-12,1.27766563438029e-17,1
"20113",0.166093492736032,0.833906507263934,3.37651459613281e-14,3.67936908997936e-23,2
"20115",0.82927611349572,0.00657196384947464,0.164151922654437,3.68236480154234e-13,1
"20117",0.999999982554553,1.74454469745971e-08,1.92577209054351e-38,4.76400450829235e-42,1
"20119",0.665500713654758,0.334499286345242,1.58394123172955e-25,6.43601237975412e-31,1
"20121",0.0262014814422207,0.973798518557779,1.99557470623561e-23,3.84730923482555e-23,2
"20123",0.999988406468632,1.1593531368095e-05,1.54606236190579e-35,1.280258322746e-44,1
"20125",0.00124834232110594,0.00371971244094169,0.994916435543211,0.00011550969474165,3
"20127",0.0569431636117135,0.943056836388287,8.51024358710384e-39,4.54608019969781e-24,2
"20140",0.382196540520639,0.617803459479355,5.20458332938946e-15,7.6132343161325e-30,2
"20142",0.00178747401925796,6.10472878689886e-07,0.00143524359583824,0.996776671912025,4
"20144",0.954272356609363,0.00497040285218929,0.0407572404320326,1.06414333858537e-10,1
"20146",0.983173492005512,0.0156585994261991,0.00011745742599478,0.00105045114229378,1
"20148",0.0207925218533957,0.775614745482081,0.203592732564056,1.0046705561549e-10,2
"20150",0.00300215825277235,1.65363990605261e-05,0.521344571368666,0.475636733979501,3
"20152",0.0200284746524636,0.891386739305956,0.0885844732975002,3.12744080132671e-07,2
"20154",0.999843963907447,0.000156036092552893,8.50409813170177e-41,1.8598633796658e-28,1
"20156",0.714554267040108,0.285445134631404,8.11052700638511e-11,5.98247381840068e-07,1
"20159",0.00901623452401791,5.5862929725308e-05,2.97443395612678e-08,0.990927872801917,4
"20161",0.987009779285224,2.27298339603385e-05,1.64623684090097e-08,0.012967474418447,1
"20163",0.254954509967424,0.745011593220832,3.38968117443024e-05,5.73369059745416e-22,2
"20165",0.786837007869811,0.0119216133708398,5.14261715244323e-14,0.201241378759298,1
"20167",0.00194817448991505,0.116418230251882,0.880102013081329,0.00153158217687461,3
"20169",0.00138568387195285,1.38652556855561e-09,3.86998282109271e-07,0.998613927743239,4
"20171",0.999999729286485,2.70713514944327e-07,8.45739386084251e-51,1.5641017963224e-31,1
"20173",0.999999953562096,4.63057210786523e-08,8.37059652368251e-25,1.32182981968607e-10,1
"20175",0.0255575416460457,0.587581216839917,0.385377830903846,0.00148341061019135,2
"20177",0.840572419579902,0.159427580420008,1.74036878869856e-17,8.98642448632303e-14,1
"20180",0.0933542744045594,0.906645725595441,1.95552644034942e-27,2.90397446104929e-41,2
"20182",0.999999574032858,7.66807582293577e-21,2.71422011859422e-18,4.25967142369681e-07,1
"20184",0.00115832229811805,0.000920564796673282,0.00114956230322738,0.996771550601981,4
"20187",0.999980477315692,1.95218792243112e-05,1.02421930764444e-10,7.02661591424498e-10,1
"20189",0.0400175595423624,0.959982440416982,4.0655323766933e-11,2.52224670326177e-17,2
"20192",0.999865035176031,0.000134964823968953,1.51189218465132e-28,1.11507013327915e-38,1
"20194",0.999837486685805,1.61034038613043e-06,1.342002339113e-05,0.000147482950417611,1
"20196",0.845361472859057,0.154638527140943,2.65834464513866e-35,3.78614920762379e-32,1
"20198",0.44078612712275,0.559142015270917,7.18572401628083e-05,3.6617017899122e-10,2
"20204",0.00293650811548507,0.000680004498383093,0.940655583737071,0.0557279036490604,3
"20207",0.261541644420088,0.738458355579912,1.57767768814845e-29,1.05936243675407e-17,2
"20209",0.999784367253247,0.000215631784539756,9.62213551628365e-10,8.60730023470693e-33,1
"20211",0.999854836823041,0.000145163176959179,1.90014696437157e-26,2.31982706624772e-33,1
"20215",0.0531114057335836,0.946888594266416,4.4380884882563e-16,9.55221101988855e-21,2
"20218",0.000989868269645574,7.42522008883831e-06,0.0318976394848077,0.967105067025458,4
"20222",0.125976606981468,0.874023393018532,1.83101812446409e-20,2.4785047209663e-18,2
"20225",0.92071139275424,0.00307570698199849,0.0762128988308415,1.43291981976293e-09,1
"20229",0.928533045255309,0.0714669545619116,1.8277973612687e-10,5.74297943098775e-22,1
"20232",0.0746651336816771,0.925334866289951,2.83707949899445e-11,9.83846577755602e-16,2
"20234",0.999485819508639,0.000514180491361205,6.40968416469697e-63,8.10913518380559e-59,1
"20238",0.0833441725294864,0.916655827470514,8.42086375463527e-21,5.43387911913732e-18,2
"20253",0.128545679637448,0.871454320362552,7.33168787171883e-30,1.84263589934956e-26,2
"20255",0.00397422544157736,0.0416534504803805,0.954372082915504,2.41162538122606e-07,3
"20258",0.0134781625658537,0.986521837434146,2.08702915881155e-25,1.89320417745783e-27,2
"20269",0.0391913006537537,0.960808685056201,2.21863583154476e-13,1.42898231248956e-08,2
"20271",0.453146430335162,0.546853569664838,5.17522293346076e-28,1.63311762254408e-32,2
"20285",0.983982210817191,0.0160177882776673,5.69611917845873e-10,3.35529961576983e-10,1
"20288",0.0336309383973484,0.96636906160265,1.32193726938425e-15,9.63981570585997e-18,2
"20291",0.805701198191744,0.194298801808256,1.25156224176593e-32,6.25344611056034e-25,1
"20295",0.926833876560676,0.073166123439243,1.91929479922548e-14,6.19001065699274e-14,1
"20298",0.00079131482528948,0.00436783582034892,0.994840567227585,2.82126776795144e-07,3
"20302",0.0367577171592561,0.0181288331138368,0.000554961520468371,0.944558488206439,4
"20305",0.00280504817605709,0.00296997392180268,0.994224977863918,3.82225253594332e-11,3
"20307",0.0208143134597596,0.979185686540241,1.12983480677444e-29,1.04406134140735e-23,2
"20310",0.811750792266668,0.188249207733332,4.10352900380748e-51,2.38915456573323e-39,1
"20313",0.0138260172555751,1.73592220403863e-09,1.32543812272933e-10,0.986173980875959,4
"20315",0.00863393284167504,0.991366067158325,5.94712122674632e-25,8.26703725746173e-24,2
"20319",0.959810912875633,0.0401890871243666,5.84671554901268e-35,6.99958086480738e-39,1
"20321",0.118344718524794,0.881655281475206,1.16124340250562e-27,5.19358768749254e-23,2
"20327",0.0263347228521671,0.973665277147833,2.10060689317956e-26,3.48994122423663e-23,2
"20329",0.999986539079371,6.41917805949072e-09,1.00861059414566e-05,3.36839550931784e-06,1
"20335",0.611227094628974,0.388772905371026,3.20990292982896e-35,2.84524665952094e-24,1
"20337",0.000580334801576064,8.41318185832002e-05,3.40897372065511e-05,0.999301443642634,4
"20339",0.999984533794312,1.54662056884365e-05,2.00716382791126e-20,1.38636985700211e-37,1
"20341",0.999985792251283,1.42077487171769e-05,1.79442768127879e-36,3.18784323401416e-19,1
"20343",0.91953149811548,0.08046850188452,1.2227317199494e-37,5.87023271874737e-18,1
"20345",0.050710359260071,0.94832817340602,0.00096146733390872,3.91665759007071e-17,2
"20350",0.999862011175027,0.000137988824973063,4.18795384219457e-21,1.05422100517891e-17,1
"20352",0.000919339834713858,3.88139386467168e-08,5.05342005334176e-07,0.999080116009342,4
"20355",0.912783157605389,0.00163485581510363,9.3758116954466e-10,0.0855819856419263,1
"20358",0.990865225181033,3.15673941755132e-07,0.00907899840476843,5.54607402569572e-05,1
"20363",0.0359004137025876,0.964099586297412,3.28888105643365e-22,1.66612068365127e-20,2
"20365",0.247280660336654,0.752719339663346,4.6334185988294e-18,3.29854492053247e-25,2
"20379",0.595770539567163,0.306100076298111,0.0981215501153617,7.83401936412044e-06,1
"20387",0.0268564639438295,0.973143536056171,4.49883029545122e-18,2.21583438901178e-18,2
"20392",0.999882777132419,0.000117222867580956,1.07997554994206e-31,8.36133884529988e-43,1
"20395",0.0380645582189683,0.679581007109743,0.282281867657706,7.25670135825162e-05,2
"20397",0.999206825333521,1.9292483534298e-16,8.17841779886252e-12,0.000793174658300576,1
"20410",0.0312745456061668,0.968725454393823,9.9205078820459e-15,2.83414778854998e-28,2
"20414",0.0651297618097647,0.0778651882553207,0.843915322410517,0.0130897275243975,3
"20417",0.999999999971535,2.8464996523122e-11,2.42739215540302e-83,2.84901786497689e-72,1
"20419",0.116628806441768,0.883371193558232,4.62818826270946e-32,1.52256167311037e-22,2
"20421",0.984822829799086,0.0145963439865231,1.81623539105321e-05,0.000562663860480085,1
"20423",0.0109758299811045,0.00771985413042553,0.956309282396812,0.0249950334916578,3
"20425",0.22410824299799,0.144340413023454,0.175809398544621,0.455741945433935,4
"20427",0.0276747766572317,0.972180400631611,0.000144822711151625,5.95001144193299e-15,2
"20429",0.994520409567725,0.00547959043227527,7.12598210109643e-32,2.58879568780786e-19,1
"20432",0.073809892008591,0.000655205480768833,0.875628650273745,0.0499062522368952,3
"20435",0.0728700241794845,0.927129932761846,4.30586695020926e-08,9.16476271643932e-20,2
"20438",0.579574119455097,0.420425880542125,1.29156334370264e-20,2.77781186421311e-12,1
"20440",0.0135574772364626,0.986442522763537,3.47625950063178e-28,8.36356040155197e-17,2
"20443",0.346989309069098,3.35967401739658e-05,8.45990357801013e-11,0.652977094106129,4
"20446",0.163152008580671,0.836847990485172,1.37390841081901e-10,7.96765973853316e-10,2
"20449",0.034382324130873,0.965617675865208,3.9189329782986e-12,9.39270949672283e-17,2
"20537",0.844736215844903,0.155263784155097,1.03367384205837e-21,1.87113260206682e-18,1
"20540",0.999990295225311,9.70477468917061e-06,9.8510597434746e-39,5.61346682368716e-47,1
"20543",0.0205235366057152,0.979476434758419,2.83106105771595e-08,3.25255628658112e-10,2
"20545",0.999991716537649,8.28346235152159e-06,4.56376480915106e-29,1.96726474851895e-32,1
"20549",0.0364499254155651,0.911602598927942,0.0406062668221479,0.0113412088343454,2
"20551",0.0079399803835059,0.992059966394962,7.59291474417945e-10,5.24622405760394e-08,2
"20554",0.00638346730335971,0.99361653269458,1.58404361921236e-13,1.90150416643694e-12,2
"20556",0.0440340191546401,0.955965976526524,4.31795226603688e-09,8.8394397277234e-13,2
"20558",0.0096204445953581,0.990379555404642,5.95128534934812e-24,2.49723024613527e-20,2
"20560",0.0276252269067975,0.972368580823632,1.33924547465892e-09,6.19093032524819e-06,2
"20563",0.0585262859041395,0.94147371409586,1.09030450966225e-35,8.18519911268858e-25,2
"20565",0.0743315350630883,0.925668454005722,1.05810270853936e-11,1.09206087431034e-08,2
"20567",0.0398575748487266,0.0013231150590532,0.0859957463664791,0.872823563725741,4
"20571",0.950032131457734,0.0499678685422658,1.72048930591755e-31,1.18029711494022e-29,1
"20573",0.0189092549148017,0.981090703761626,3.45259112977865e-11,4.12890465741974e-08,2
"20575",0.124317995338648,0.875682004661352,1.09406028207137e-30,2.39009362630483e-23,2
"20577",0.0126444351632156,0.987355523942485,4.08941481180602e-08,1.51590312101387e-13,2
"20579",0.0631478030082921,3.13385981398729e-11,1.90584055940303e-07,0.936852006376313,4
"20582",0.0196724890669579,0.980327510933042,4.82441764048759e-37,1.0742065038826e-29,2
"20585",0.802926247105837,0.19707375289415,1.30527130041075e-14,4.21120829882777e-27,1
"20588",0.999392924686256,0.000607075313744353,2.40823319481533e-19,1.74560250633934e-20,1
"20590",0.00264794179840981,1.1384690026959e-08,0.00265419659421885,0.994697850222681,4
"20592",0.0217803111014051,0.978219688898595,6.92175846696382e-35,9.14614082946296e-20,2
"20594",0.0370264670338427,0.962973532966157,7.32851476492935e-36,8.40836456582733e-34,2
"20596",0.050344754198532,0.949655245594621,7.34280193562162e-13,2.06112452587293e-10,2
"20598",0.0118762272067877,0.988123772318068,4.42962567228223e-10,3.21817757092344e-11,2
"20600",0.508724962656376,0.491275025979989,1.06345412631671e-08,7.29094103870221e-10,1
"20603",0.414857823255427,0.0970852654225629,0.487992181593205,6.47297288050554e-05,3
"20605",0.0181629638521038,0.981837036147896,3.85524667629818e-22,2.57075396109618e-27,2
"20607",0.0172678737624415,0.982732126237557,1.43026010399161e-15,1.56977684308955e-17,2
"20609",0.00905208989120089,0.99094791010605,2.73598428198751e-12,1.36732034394539e-14,2
"20611",0.00398605366321888,0.00118714058437615,0.994622986396469,0.000203819355936497,3
"20613",0.0216405203823211,0.97834980068964,9.6789280389735e-06,2.63218930193849e-16,2
"20615",0.0369204851100811,0.963072003466526,6.93581066807305e-06,5.75612724736188e-07,2
"20617",0.0102999431774181,4.06602579415369e-07,1.71994046653367e-09,0.989699648500062,4
"20619",0.0510536206843478,0.948946379315652,1.83228143265639e-30,2.85747449333775e-18,2
"20621",0.0522195170902765,0.947780482891258,1.13014123009064e-11,7.16385300677953e-12,2
"20623",0.320556303404559,0.0016249670515167,1.05645477213164e-06,0.677817673089153,4
"20625",0.981447459705506,0.0117101179988533,0.00684231568347501,1.06612165282212e-07,1
"20627",0.0112673390640543,0.988732459481064,2.0145484252095e-07,3.92354355820914e-14,2
"20629",0.00435061542140656,0.995649366372835,3.22988186685599e-09,1.49758769064474e-08,2
"20631",0.128599077646798,0.871400922353202,9.32316901978484e-35,1.40578806587484e-20,2
"20633",0.00191767110083125,1.04461651777397e-11,3.12279295390089e-10,0.998082328576443,4
"20636",0.894926794385984,0.0956306457977815,0.00926749606775368,0.000175063748480543,1
"20638",0.597294965614329,0.40270503026655,4.11912072213935e-09,2.46184397670542e-23,1
"20640",0.13219910821777,0.867800891782231,1.43692137472315e-20,4.02732777755592e-31,2
"20645",0.0511172017085636,0.948882798291437,3.3125611099967e-39,4.68873167345611e-36,2
"20647",0.010308566318777,2.20956856669297e-10,4.61168752905677e-14,0.98969143346022,4
"20649",0.125105181020597,0.874894818978683,7.19956819231656e-13,1.66495696405188e-16,2
"20651",0.991293380160474,0.00870661983952609,9.93557126163579e-48,1.44178253805259e-24,1
"20656",0.699572951163555,0.300427048836445,1.60685437374453e-26,4.0688149291856e-28,1
"20660",0.999989933786784,1.00662132162359e-05,8.46244917248534e-26,3.80416601525815e-39,1
"20662",0.791868770044971,1.49715826473345e-05,4.89695104063877e-07,0.208115768677277,1
"20664",0.945387161310401,0.0546128334069099,3.8386490504224e-20,5.28268885587052e-09,1
"20666",0.998233438487133,0.0017043352692349,6.22262436324245e-05,2.2426896996539e-23,1
"20668",0.000690953008285801,0.000787450189783983,0.998152926390695,0.000368670411234943,3
"20670",0.889717520099688,0.110282479900312,3.33027997302151e-28,1.94248620980056e-29,1
"20672",0.00427795288079574,0.000831415188549089,0.77171585295101,0.223174778979645,3
"20674",0.0413964607158223,0.958603533816718,5.45742484975935e-09,1.0034478751012e-11,2
"20676",0.822588937114798,1.6775654576956e-07,0.176767758533084,0.000643136595572306,1
"20678",0.304494746317045,1.38297231065214e-08,0.681474235870819,0.0140310039824129,3
"20680",0.00325909513373443,0.0361633397496474,0.954600465830647,0.00597709928597137,3
"20682",0.241175591776816,0.685049078299088,0.0737753223864961,7.53759990299238e-09,2
"20684",0.843088391141575,0.156911608858372,5.23260148588698e-14,1.58745600081235e-23,1
"20686",0.000314250057360801,5.2215747724027e-06,0.00199517661727198,0.997685351750595,4
"20688",0.911682474509949,1.33614710647956e-11,0.000195948912494089,0.0881215765641956,1
"20690",0.989346092189162,0.0106539078108376,2.23041439397844e-23,1.55205708385279e-39,1
"20692",0.00398425530320881,9.52621880916539e-14,2.02936342932787e-08,0.996015724403062,4
"20694",0.000731874332394545,0.00163666352889372,0.997630755317626,7.0682108568774e-07,3
"20696",0.161802693812565,0.0998384057882509,0.738159125216694,0.000199775182490943,3
"20698",0.337693333566882,0.662306666300417,6.18531952615397e-12,1.26514853003507e-10,2
"20700",0.959609351380495,0.040390646732282,1.83714893949357e-20,1.8872234954918e-09,1
"20702",0.845660817791168,0.154339182208832,9.66082627880466e-37,5.30668926313896e-41,1
"20704",0.00968226173876393,0.990317686568717,5.16903504762704e-08,2.16838740479646e-12,2
"20706",0.9958162160297,0.00418378330575457,3.1747817314869e-10,3.47067455148245e-10,1
"20708",0.0632733017333889,3.39454547543507e-06,0.936719145052257,4.15866887901744e-06,3
"20710",0.296071198246262,0.703928801753682,5.55462482801462e-14,2.98494280627106e-27,2
"20714",0.0285852095870547,0.000130837531387894,2.32777042152619e-05,0.971260675177342,4
"20716",0.0273595698021725,0.972640430197789,3.89682896116556e-14,1.19318891376259e-19,2
"20719",0.862517062649958,0.137482937282396,6.76462852672634e-11,3.19208478374697e-16,1
"20721",0.0634752714789374,0.936524728521062,1.63134890964035e-37,4.99198874170249e-22,2
"20723",0.999598016861284,0.000401983138715853,1.7694181798834e-19,9.55559192012645e-22,1
"20725",0.00158876411422602,0.0292595183488725,0.969151588184072,1.29352829268509e-07,3
"20727",0.999857242406757,1.98063703457378e-10,5.47361564955497e-09,0.000142751921563348,1
"20729",0.000834335588612615,0.000212190999039827,0.998953472768004,6.44343244726054e-10,3
"20731",0.00128994812375687,0.00320696329871096,0.995503081547334,7.03019784138606e-09,3
"20733",0.0488113948055067,0.951188603022043,2.17245035762743e-09,7.22054757113425e-21,2
"20735",0.0209488942354535,0.979029684447442,2.14213171039993e-05,6.75122017639584e-16,2
"20737",0.00345653985749116,1.1186166309098e-05,0.996328805729244,0.000203468246955871,3
"20739",0.00219540907168136,4.67866608078203e-11,2.10619063236837e-06,0.9978024846909,4
"20741",0.00578480945499633,0.18283884373612,0.809858428241952,0.00151791856693213,3
"20743",0.176358602554746,0.359556613877622,0.464079713416234,5.07015139787287e-06,3
"20745",0.0924649920803303,0.90753500791967,1.58580080147035e-31,2.88081832714238e-25,2
"20747",0.0247863986682015,0.000552927671681325,0.974316563446404,0.000344110213712769,3
"20749",0.0779911949434178,0.00096337881012575,0.911721823824702,0.0093236024217547,3
"20751",0.938245404898078,0.00818505423992794,0.0535695408619938,1.76045829070638e-18,1
"20753",0.0132699922553052,0.023515908847892,0.963214098896639,1.63589298052739e-13,3
"20755",0.995526970899088,1.23610700183054e-08,0.00447300467260603,1.20672355100657e-08,1
"20757",0.999995523267205,4.43649720696798e-06,3.01889417801022e-13,4.02352861969298e-08,1
"20759",0.401978854902507,0.598021145089466,1.23558541352094e-24,8.0266361500869e-12,2
"20761",0.00462413176574184,0.70837098423749,0.286992322455291,1.25615414772505e-05,2
"20763",0.584335887445791,0.4156499991109,1.41048410951571e-05,8.60221355438454e-09,1
"20765",0.00135295264242828,0.0599822074547172,0.927216426051352,0.0114484138515023,3
"20767",0.0230775277452717,0.97692247225472,8.61710261209107e-15,2.54270468977024e-20,2
"20769",0.960193797603227,0.0398062023967735,1.48775168233293e-20,3.12265244594893e-46,1
"20771",0.0246197729879799,0.962830672655659,0.0043799035360312,0.00816965082032953,2
"20773",0.999999629951884,3.70045900614775e-07,2.21161088980895e-12,3.71633621706089e-15,1
"20775",0.0705575408834495,0.878447390180321,0.050995068935902,3.27518628178576e-13,2
"20777",0.97582375361688,0.0241762463623875,2.0732372522456e-11,1.22979195386944e-26,1
"20779",0.00275913531013417,0.0486730556780675,0.948567808999827,1.19717469498819e-11,3
"20781",1,1.23137599409702e-18,3.61969874362628e-28,3.02933548400499e-28,1
"20783",0.0185093948015328,0.902918639407806,0.0678151043193846,0.0107568614712767,2
"20785",0.999999998590119,2.33934154146316e-12,8.18823726669344e-14,1.40745980198656e-09,1
"20787",0.00120450152032029,0.00448409048633015,0.993132165336747,0.00117924265660229,3
"20789",0.0158389063950738,0.984157753720953,3.3398839728666e-06,1.25320621320692e-16,2
"20791",0.000463464985145449,0.000152312774538982,0.999181129454319,0.000203092785996389,3
"20793",0.0590708581230987,0.940233699559643,0.000695442317257936,6.52741330948449e-16,2
"20795",0.00506449938565642,0.00829633119780974,0.00265739475149456,0.983981774665039,4
"20797",0.999999997964991,8.10127506679839e-16,1.3445314776664e-17,2.03500838210189e-09,1
"20800",0.00539167347040073,0.00186215588502757,0.000830131648219551,0.991916038996352,4
"20802",0.00460927835823189,0.150844962692538,0.800381676293555,0.0441640826556751,3
"20804",0.00171322780556908,4.3411207130471e-05,0.998243346959766,1.40275350121929e-08,3
"20806",0.00179442522810844,6.64863520155723e-05,0.0749708903912275,0.923168198028648,4
"20808",0.0139967750311916,0.986003224945959,2.28488790009811e-11,7.59925385224057e-21,2
"20810",0.728170304742354,0.193090424794931,0.0769324458356979,0.00180682462701799,1
"20812",0.08668855196607,0.17162232545032,0.741662394439686,2.67281439233308e-05,3
"20814",0.0646279270694758,3.83724692220154e-08,0.93533995656117,3.20779968853529e-05,3
"20816",0.996770969867586,0.00322903013241388,2.45916203910287e-29,7.43769831890863e-42,1
"20818",0.0282903015221461,0.935602674660786,0.0358233415724545,0.000283682244613291,2
"20820",0.0291013719366311,7.13095457338589e-11,2.63272488719873e-12,0.970898627989427,4
"20822",0.000729418550710324,0.0602092032129301,0.939010046704057,5.13315323026829e-05,3
"20824",0.999999999699329,2.56035459816586e-13,8.35137619725299e-13,2.99579970248089e-10,1
"20826",0.000225843582730872,2.12068789588527e-07,7.92180636024202e-05,0.999694726284877,4
"20828",0.00513470584745552,1.24224206522329e-10,6.12665154300687e-10,0.994865293415655,4
"20830",0.00617290813776163,0.000732009600517804,0.993094805346405,2.76915315550214e-07,3
"20832",0.0300268938105332,0.968217082209181,7.3915263857865e-05,0.00168210871642772,2
"20834",0.0194459465678138,0.980554053432007,1.79486407673612e-13,2.36052953258493e-21,2
"20836",0.00104284951874519,0.0172618888526394,0.98169526151461,1.14005841442807e-10,3
"20838",0.0382419567336734,5.88095887803497e-07,0.961757445465615,9.70482369473931e-09,3
"20840",0.0134418777943431,0.98655812220483,8.26777625248869e-13,2.73849079584319e-20,2
"20842",0.157091893278964,0.0131023441554611,0.829805762561726,3.84868751560736e-12,3
"20844",0.998827182646654,0.000187853515521641,0.000984963593903377,2.43920554871507e-10,1
"20846",0.0147787426146901,0.0492505821852501,0.000823773424209112,0.935146901775851,4
"20848",0.0117071219610964,0.987111338327231,0.00118153888182597,8.29846475338604e-10,2
"20850",0.0268926400835695,0.973107304027968,7.67339228649483e-12,5.58807889531426e-08,2
"20852",0.334409720959196,0.665576080024077,7.06674640981879e-16,1.41990167269626e-05,2
"20854",0.000388061738954078,6.54698872811807e-06,2.53629408006611e-05,0.999580028331517,4
"20856",0.999999136017041,8.63982958995157e-07,4.20057552395221e-27,5.29962369962672e-37,1
"20858",0.102679048310936,0.897320951689064,1.77973075803285e-21,1.2503750185039e-18,2
"20860",0.986571841539606,0.0040293166474732,0.00939884181292066,9.25029161395634e-17,1
"20862",0.245869479547939,0.754130520452061,1.15985117589418e-22,2.63773698255057e-26,2
"20864",0.000412121032834378,2.21516013421727e-06,5.42938423072381e-06,0.999580234422801,4
"20866",0.59007447239606,0.40992552760394,4.33348720345479e-55,5.39894859884532e-38,1
"20868",0.0131473181282742,0.986852681870772,1.29864040959504e-15,9.52440194542773e-13,2
"20870",0.0160393488202798,0.908934015180855,0.0750068337878974,1.9802210968046e-05,2
"20872",0.000437282186384959,0.0173750938988187,0.981298841793993,0.000888782120803642,3
"20874",0.00294256388013156,1.80961936888954e-10,3.39396687986796e-09,0.99705743254494,4
"20877",0.028532674358294,0.971467325641598,1.08174877003925e-13,1.14555633411369e-19,2
"20879",0.0221817552598618,0.977818244740138,1.65673183397188e-22,1.47880555111402e-28,2
"20881",0.0012678402699502,0.0090140026748082,0.989716981627125,1.17542811660494e-06,3
"20883",0.997067728238293,3.24093404718329e-06,0.00292902868782902,2.13983067721617e-09,1
"20885",0.00296917241907626,0.0117632351518366,0.955146293256422,0.0301212991726648,3
"20887",0.0463220755612341,0.953677924125557,3.13209358251065e-10,2.87604651862466e-25,2
"20889",0.0634073108706811,0.526269508338918,0.410323180787587,2.81444875817956e-12,2
"20891",0.0197971863498603,0.98020281365014,1.94853953602952e-21,6.35812948518078e-23,2
"20896",0.0575089446435133,0.942491055346734,9.75266290284573e-12,9.23708152348722e-19,2
"20898",0.00200353164287213,0.0813010606178528,0.916695148319437,2.5941983762987e-07,3
"20900",0.999999999999978,7.76903609250416e-15,1.45892227478355e-14,5.13924792925969e-17,1
"20902",0.887467547424761,0.112532452565061,1.01775634452088e-11,1.03631716744189e-32,1
"20904",0.517757609129812,0.00518980125268163,1.12306687194999e-10,0.477052589505199,1
"20906",0.140539118272385,0.859460881727615,7.93166909728424e-18,1.79737102830216e-24,2
"20908",0.0244708385857088,0.627582432533362,0.0096501324232755,0.338296596457654,2
"20910",0.914694016060163,0.0457315672619799,0.0395615819390522,1.28347388050394e-05,1
"20912",1,2.59950726051534e-17,1.22137032040917e-24,8.87675261520298e-42,1
"20914",0.107594365591259,0.892405634408741,4.59801152993114e-42,1.1765219518271e-46,2
"20968",0.999999997048052,5.532032653596e-11,5.80055466693972e-17,2.89662794016581e-09,1
"20970",0.00515426292787052,0.99484573370031,2.67213604828854e-14,3.37179227316103e-09,2
"20981",0.279242400419003,0.720757599580989,8.98530237940618e-15,3.29225523750588e-18,2
"20983",0.062957678162744,1.53714529587858e-07,0.74344923954579,0.193592928576936,3
"20988",0.0119126202171839,0.988087379782803,2.5844583882968e-20,1.30028273869227e-14,2
"20995",0.999999933163301,6.68366985299856e-08,4.50480838683828e-25,5.5874801946191e-32,1
"21017",0.0197666142890666,0.96769231461046,0.0102210795452837,0.00231999155518968,2
"21038",0.0530131634399219,0.946986836560078,2.15073733122088e-16,6.14747341748208e-23,2
"21072",0.0739776041566894,0.926022395843309,2.40304030198471e-18,1.63127074665573e-15,2
"21075",0.174833599328105,0.825166400671895,6.25290517505831e-21,7.47869926773192e-32,2
"21223",0.0161905287335885,0.979777597298282,0.00403187384965845,1.18471125095833e-10,2
"21225",0.999999999999848,1.51787318108454e-13,3.82423242678302e-45,1.61788621348974e-61,1
"21230",0.000389545650517466,1.25861787752808e-09,8.91240779621487e-05,0.999521329012902,4
"21236",0.0293195581555272,0.930972515971673,0.039707920809771,5.06302909330989e-09,2
"21238",0.974345587172292,0.0256544128220132,5.69417698224902e-12,1.54474338486545e-25,1
"21241",0.28030977034461,0.719690229655388,1.03676162174828e-28,1.50928755384979e-15,2
"21246",0.0179236278064472,0.98207637065938,4.34587036109202e-11,1.49071382458929e-09,2
"21253",0.00030753055157648,1.10347573699323e-05,0.00377378519890215,0.995907649492151,4
"21256",0.0140727196279336,0.0289327059877709,0.000277197618724209,0.956717376765571,4
"21260",0.99999214439674,7.85560326029711e-06,1.43401237746035e-39,3.09762825252244e-34,1
"21266",0.0107273881534624,0.989272611845703,8.13886345715541e-13,2.0747876398201e-14,2
"21332",0.0245995937441376,0.975400406252726,1.87525486433438e-12,1.26103440906074e-12,2
"21334",0.0260624916462928,0.439507625177769,0.534429883175463,4.75201403287094e-13,3
"21375",0.396891651558138,0.603108348441862,4.06033931002227e-34,2.12403372691379e-29,2
"21378",0.509973655105712,0.490026344894288,1.01569724261278e-47,1.39575042069822e-38,1
"21381",0.240215455820351,0.759784544179649,1.24030448494241e-30,2.05734763897208e-21,2
"21389",0.0107759889331157,0.0103457921620883,0.978611649961271,0.000266568943525431,3
"21391",0.926679704439257,0.0733189007249305,1.34375807794502e-18,1.39483581289853e-06,1
"21402",0.0796717298173433,0.920328270182654,2.1348261577406e-15,4.3898267482231e-16,2
"21404",0.373603000479803,0.626396999520193,4.2171527157766e-15,1.93741200392126e-29,2
"21409",0.0275356467916927,0.972464353208307,2.45539510982958e-18,5.75550398439065e-28,2
"21413",0.334926892262547,0.66507310754582,1.91632936244634e-10,7.22410984513138e-35,2
"21423",0.99613463383175,0.00386536616824966,1.7993236026822e-34,7.36491327899709e-35,1
"21425",0.134614410400179,0.865385589599821,1.02813788798253e-16,7.75835872778302e-27,2
"21430",0.998511584999037,0.00148841499321256,7.7505713826599e-12,3.02960294564391e-19,1
"21432",0.0143131863990915,0.985686772902356,4.06943328698465e-08,4.21920402587452e-12,2
"21438",0.9999884093221,1.15906779001e-05,1.00609663178178e-37,1.10245205817347e-25,1
"21440",0.0353036601662322,0.964696339682382,1.51384222553415e-10,1.34966607357152e-15,2
"21443",0.000702690615341265,0.0174927836508494,0.980058186640344,0.00174633909346493,3
"21445",0.999996291232267,3.70876773323111e-06,7.74357900227048e-22,4.86550010236594e-28,1
"21447",0.0889531669933527,0.911046833006647,2.17840572630937e-33,5.25475477553899e-26,2
"21449",0.0794394872082122,0.920560512791788,1.2629657901107e-26,1.02035383888787e-20,2
"21451",0.0794394872082122,0.920560512791788,1.2629657901107e-26,1.02035383888787e-20,2
"21455",0.0238451815930261,0.976154818406974,6.05628630811242e-21,4.11577988267202e-20,2
"21469",0.893672192768719,0.106327807231281,6.44918352357912e-49,4.93533355391665e-44,1
"21471",0.169073788365969,0.830926211634031,1.96662100625769e-28,5.8854520666208e-32,2
"21473",0.834621322360771,0.160101038209588,0.00462813160147113,0.000649507828170295,1
