"","V1","V2","V3","V4","best$classification"
"19811",0.0165826341433757,8.78513470422069e-05,0.018637041079434,0.964692473430148,4
"19813",0.999999974961544,6.12646834049976e-19,2.49012290363933e-08,1.37226776294628e-10,1
"19815",0.00737408204320254,3.03942729884401e-14,0.418153634224076,0.574472283732691,4
"19817",0.000777351505387798,3.36360256342421e-06,0.0363113044910552,0.962907980400994,4
"19819",0.638801541600921,6.22767327687087e-27,0.36119845839908,3.18942551775158e-33,1
"19821",0.145695792728545,7.81871376668127e-05,0.19741177330928,0.656814246824509,4
"19823",0.997549700538644,4.33710977624917e-16,0.0022991549342987,0.00015114452705674,1
"19825",0.999999699573598,1.88621749086138e-12,3.00424515273778e-07,8.93372153892391e-34,1
"19827",0.0123250133875225,0.70929084863179,0.0288731314736406,0.249511006507047,2
"19829",0.144952386068071,6.85678119951597e-09,0.855047607075148,5.32475580133128e-18,3
"19831",0.953527515722637,1.47702490891993e-36,0.0464724842773626,1.50887636293366e-28,1
"19833",1,3.67021223854076e-45,1.19621843540989e-16,6.37304571733102e-64,1
"19835",0.145695792728545,7.81871376668127e-05,0.19741177330928,0.656814246824509,4
"19837",0.00159898057298285,0.17157413084974,0.0369032219783819,0.789923666598895,4
"19839",0.855915674842779,2.42272772701142e-06,0.144081902429494,5.73778469037537e-19,1
"19841",0.317481780275456,0.68251821943386,2.90684265281969e-10,6.92688548483296e-23,2
"19843",0.982744293392875,3.13488349916223e-37,0.0172557066071252,2.10262853523096e-34,1
"19845",0.676707301575529,2.48507710897119e-20,5.11002600845404e-05,0.323241598164386,1
"19847",0.207550421222358,7.31260927300724e-17,0.526091219914091,0.266358358863551,3
"19849",0.999999458122177,1.37150983481151e-17,2.23033170212842e-09,5.39647491281581e-07,1
"19851",0.00121522503310922,1.39282108064848e-06,0.00331020322989288,0.995473178915917,4
"19853",0.993849728023145,2.32854568823818e-12,4.15924474433508e-07,0.00614985605005207,1
"19855",0.0300108438008029,3.09361285634237e-05,0.0014429861671735,0.96851523390346,4
"19857",0.0290448700461488,1.47410042969417e-05,0.835661898201121,0.135278490748433,3
"19859",0.0250566412593773,0.000166441670068484,0.280590204793226,0.694186712277328,4
"19861",0.0122760944757674,3.89640844214084e-09,0.000414992146050197,0.987308909481774,4
"19863",0.999965085187164,3.49148128311685e-05,4.78001967864038e-15,5.80053486694125e-17,1
"19865",0.000879761284131649,0.998957603306577,2.10440818026077e-06,0.000160531001110787,2
"19867",0.0162966888141965,9.97022626554045e-19,0.0268417273910566,0.956861583794747,4
"19869",0.999797326401061,1.29519677069696e-05,4.94469620897913e-08,0.000189672184270423,1
"19871",0.00310355737205728,0.00905975684341128,0.289048794337207,0.698787891447324,4
"19874",0.00832868554130446,0.000767616340677496,0.00041335805651155,0.990490340061506,4
"19876",0.000327539706891003,3.62299755602365e-05,2.48920934808975e-05,0.999611338224068,4
"19878",0.441531278974326,2.13848218219602e-20,0.558468721025674,4.19787065978644e-20,3
"19880",0.000240649990061035,0.999758769035078,1.45590672406805e-09,5.79518954415172e-07,2
"19882",0.890123341862962,9.11719150817722e-12,0.00154052313376879,0.108336134994151,1
"19885",0.00133560733048156,1.04928467485891e-06,0.452641002360805,0.546022341024038,4
"19907",0.194089376255007,6.69513672625517e-16,0.0132958750063732,0.792614748738619,4
"19909",0.00671460436847704,1.61194147839027e-18,0.993285395619206,1.23170775617956e-11,3
"19911",0.0203600055917202,2.91148408771692e-07,0.979639703259822,4.94043806085327e-14,3
"19913",0.00037774332234157,0.999622256671156,6.3967315707776e-12,1.05460065751056e-13,2
"19915",0.000430329875191019,0.985535913591228,0.000267536838473646,0.0137662196951075,2
"19917",0.00424474737376501,0.995223499071875,0.000526252922316497,5.50063204369336e-06,2
"19919",0.00294186563735523,0.215371616201147,0.0510636134112077,0.73062290475029,4
"19921",0.000420857173033078,1.41201191398723e-10,0.00776771587649654,0.991811426809269,4
"19923",0.210991368458465,5.64781546628363e-22,0.789008601852965,2.96885703542887e-08,3
"19925",0.000720493664013611,0.998313923786626,0.000194950043098265,0.000770632506261955,2
"19927",0.00198123115064064,1.55230307129937e-10,0.0446736390966953,0.953345129597434,4
"19929",0.968586436280184,0.031413563524295,2.46288125169285e-14,1.95495994792012e-10,1
"19931",0.0227206989924826,2.22320765050163e-11,0.883106616474799,0.0941726845104865,3
"19933",0.00436742830947585,4.59044097283141e-10,0.995623112015074,9.45921640596054e-06,3
"19935",0.0185676069103024,7.39705561733332e-12,0.981216121528831,0.000216271553469854,3
"19937",0.00112943772331916,7.30330385759014e-13,0.0153431787226876,0.983527383553263,4
"19939",0.0394219786929948,1.96735723588733e-09,0.93859658909338,0.021981430246268,3
"19941",0.17276688421415,1.3104540272247e-05,0.827220011245578,1.5912259363976e-18,3
"19943",0.00294770218707421,0.996934887040853,3.34218192348197e-07,0.000117076553880114,2
"19945",0.00686698589892422,2.40388953083374e-10,0.993132742316853,2.71543833343771e-07,3
"19947",0.999557550915667,3.61516836239304e-06,0.000438833915971068,4.36580268466626e-17,1
"19949",0.0388789606285102,1.52000393951797e-23,0.961120953811191,8.55602990632619e-08,3
"19951",0.0991057306823598,0.554614836393817,0.346266255495022,1.31774288008111e-05,2
"19953",0.984655546155558,2.42196774768922e-38,0.0153444538444424,1.1523589048613e-24,1
"19955",0.735450334950197,1.79367728101346e-29,0.264549665049803,4.9729408691018e-19,1
"19957",0.986228130891685,0.000815565484086655,0.01295506525321,1.2383710183287e-06,1
"19960",0.184330948898747,1.9849205265379e-15,0.815669051101251,3.17143919356395e-19,3
"19963",0.999999999999939,2.10343149272578e-15,5.91697280235531e-14,3.40290017799657e-37,1
"19965",0.0252424407774337,1.32664733787002e-30,0.974757559222566,2.34773326049716e-28,3
"19968",0.995332058259872,0.00465367509793973,1.4263213820524e-05,3.42836762556694e-09,1
"19971",0.999998853034924,1.14662021490932e-06,3.44861388731652e-10,3.90324745189922e-39,1
"19973",0.000173570029840368,0.00124403742185483,0.013660432398001,0.984921960150304,4
"19975",0.0155302781362131,0.983867708836152,0.00055394781778823,4.80652098472434e-05,2
"19977",0.999999962696319,3.53236642342418e-08,1.98001663788909e-09,4.22093416619934e-31,1
"19979",0.0311879324638374,3.54715615394398e-21,0.968812067536163,1.13423271122193e-35,3
"19981",0.00371296924695067,4.8612351421797e-11,0.992941090177191,0.00334594052724576,3
"19983",0.0142683086200802,9.53739906189454e-14,0.975621094921482,0.0101105964583426,3
"19985",0.00208562744869187,0.228504901190351,0.000197737467971255,0.769211733892985,4
"19987",0.0588093255406657,0.0170994401598636,0.906654492692213,0.0174367416072577,3
"19989",0.039266058455969,6.21591793514168e-35,0.960733941544031,1.3285759974054e-26,3
"19993",0.0285810469099044,4.12909866460573e-07,0.971418534465492,5.71473718558204e-09,3
"19995",0.00372318336315607,1.2747586138411e-08,0.996276793589679,1.02995786348366e-08,3
"19997",0.00108641022015196,2.11548504102101e-05,0.0122680050230739,0.986624429906364,4
"19999",0.00173148992526765,0.997023898057414,5.84302071209675e-05,0.00118618181019731,2
"20002",0.999999996106502,3.89336241227164e-09,1.35239291283547e-13,4.92683357639506e-27,1
"20004",0.053115331851169,3.96440993520023e-11,0.946884666157791,1.95139608173318e-09,3
"20006",0.8176633152729,7.95061258033236e-17,0.1823366847271,1.31031068058619e-23,1
"20008",0.553646966389954,2.85732626715284e-19,0.446353033610046,3.20845384392537e-23,1
"20010",0.0384496114723336,3.66778503408042e-17,0.961550388354801,1.72865083247396e-10,3
"20012",0.797746877393979,0.201694617327259,0.000556601934049611,1.90334471210265e-06,1
"20015",0.0513319590308307,1.1442100703971e-28,0.948668040969169,1.69162313965529e-27,3
"20017",0.000853657862715729,0.000181903492037533,0.000762523511014113,0.998201915134233,4
"20019",0.0722982254580258,3.27000305663321e-35,0.927701774541974,1.26692758144607e-45,3
"20022",0.0146187002722992,6.86976560123012e-16,0.985381299561773,1.65927094559024e-10,3
"20024",0.998876637418548,9.97163223958208e-53,0.00112336258145187,2.52360853409683e-44,1
"20026",0.998876637418548,9.97163223958208e-53,0.00112336258145187,2.52360853409683e-44,1
"20028",0.00131497276989734,0.0161225402880582,0.000344319562542291,0.982218167379502,4
"20030",0.321823978330853,6.25625606359606e-15,0.678176021669141,8.15693563566153e-24,3
"20033",0.00813181334498847,0.812497499080015,0.151554581471449,0.0278161061035475,2
"20035",0.114231300744797,8.94594491361848e-40,0.885768699255203,1.27268199736408e-43,3
"20037",0.0139672563323647,1.90081580434148e-39,0.986032743667635,1.24565835877523e-39,3
"20039",0.999999996430522,5.22463099743632e-77,3.56947825085693e-09,4.49420063228133e-54,1
"20041",0.0297615176054279,1.07028008626739e-16,0.97023848239121,3.36217475211304e-12,3
"20044",0.178008617787423,3.19947612603272e-14,0.821991382212541,3.38428005687808e-15,3
"20047",0.434520990465873,2.94648959906521e-30,0.565479009534127,1.65333702031161e-52,3
"20050",0.233316636321274,8.09864732614588e-18,0.766683363678726,6.23817953033967e-19,3
"20052",0.0190700803563634,0.132557140853182,0.838103595798435,0.0102691829920195,3
"20054",0.0333094887824936,6.3978309627263e-18,0.966690511217506,4.42839231502148e-17,3
"20056",0.0586992295823318,0.94121407925125,8.66911449307051e-05,2.14872115225671e-11,2
"20058",0.0415884236299223,1.67288938965574e-39,0.958411576370078,3.46349373354629e-26,3
"20060",0.0153189207437166,5.49837340573723e-08,0.136484314045904,0.848196710226645,4
"20062",0.00390108149075499,1.57380499005033e-07,0.976343293355037,0.0197554677737094,3
"20064",0.0022829040342923,1.68108813422865e-06,0.997715392830846,2.20467271478162e-08,3
"20066",0.336214013753184,1.7377727736319e-22,0.663785986246816,4.33639256513417e-36,3
"20068",0.002447496296103,1.48820977275436e-10,0.018766491912603,0.978786011642473,4
"20070",0.0612120073642943,1.4170816880017e-15,0.393675412324795,0.54511258031091,4
"20072",0.343212950029218,6.61200973097232e-37,0.656787049970782,1.87711191736971e-23,3
"20074",0.00421758229708108,0.995782417702389,2.47109553263248e-14,5.05755774916282e-13,2
"20076",0.926175513061146,0.058925771957888,0.0148952440002793,3.47098068651316e-06,1
"20078",0.00325029507874547,5.29426917808324e-11,0.996749704851988,1.63240577241467e-11,3
"20080",0.0105486592439723,4.93152891463356e-26,0.989451340756028,2.59679344456618e-35,3
"20082",0.999976696848948,5.20468962059248e-42,2.33031510523256e-05,1.64096817239047e-35,1
"20084",0.156422618088636,8.36231479051073e-06,0.843569019596573,4.97107630791208e-17,3
"20087",0.00932045937730192,2.52931764894033e-22,0.990679540606857,1.58412424749712e-11,3
"20090",0.0264341348650544,1.55047519468327e-27,0.973565865134946,4.89834267892013e-34,3
"20092",0.995428862502379,2.26239690349894e-49,0.00457113749761886,1.84299685747517e-15,1
"20096",0.907945583510338,6.90370151458742e-15,0.0920544156195642,8.70090964727852e-10,1
"20098",0.00637041717215489,0.427832109440524,0.0555553632211304,0.510242110166191,4
"20101",0.00968184206484395,1.59821339435724e-11,0.990318157919174,9.97035206575474e-29,3
"20104",0.999999998948915,3.63918609938417e-35,1.05107535042632e-09,1.00801248066388e-14,1
"20106",0.00657680808974157,3.20026465693182e-11,0.993423191878256,7.9692873713135e-18,3
"20108",0.00313958318026498,6.64321309834818e-05,0.0926709014566219,0.90412308323213,4
"20110",0.849871277511863,3.8996696253795e-06,0.150124822732249,8.62621887207115e-11,1
"20112",0.0102848099035014,1.39733072167865e-16,0.989715190096498,7.86331995580564e-17,3
"20114",0.0520064462645049,0.000233565405731003,0.947759988328744,1.02000776936472e-12,3
"20116",0.0699139986687402,1.9419973142907e-05,0.930066581357941,1.75946710229226e-13,3
"20118",0.00570544245467022,0.0152716698698773,0.969638653735836,0.00938423393961636,3
"20120",0.168206789261353,7.46394102172933e-11,0.831793210664008,2.15154458639849e-19,3
"20122",0.000872346528585211,0.999126738580299,6.30293356811367e-07,2.84597758538495e-07,2
"20124",0.046399864167688,5.78039975815513e-32,0.953600135832312,1.61684476169559e-31,3
"20126",0.999999975291865,1.52508055241677e-52,2.47081351551125e-08,4.56083914311228e-51,1
"20128",0.999930443963468,2.33585225892028e-57,6.95560365315927e-05,3.14682473722239e-72,1
"20141",0.999975734330849,6.97483910915133e-20,2.41707355388279e-05,9.49336122715765e-08,1
"20143",0.948074599920846,0.0519254000042542,7.48996449784295e-11,4.45659829778401e-24,1
"20145",0.00963497368033318,4.37505129027191e-13,0.990365026189527,1.29702363725323e-10,3
"20147",0.00150665363883232,9.41419558560285e-13,0.998493346359337,8.89388071912601e-13,3
"20149",0.00306810130156035,0.996884652693207,6.52435436674626e-07,4.65935697960379e-05,2
"20151",0.00103389307625785,0.201888926975958,0.0243021714565619,0.772775008491223,4
"20153",0.319774586136182,0.661885265481619,0.0183401206209144,2.77612839126094e-08,2
"20155",0.0055900076508559,4.82110732930093e-20,0.994409992349144,4.25101059160116e-21,3
"20157",0.0405646000545963,0.820392016566016,0.00687886782697716,0.13216451555241,2
"20160",0.000150804304769508,0.999849195683538,7.72196564557942e-12,3.97068886921083e-12,2
"20162",0.00033730843331204,0.999104788693379,3.90511332222685e-08,0.000557863822175905,2
"20164",0.0320516865014374,0.962257485162234,0.00569071560869544,1.12727633228891e-07,2
"20166",0.858617464351698,6.74116297066607e-14,0.141382535648235,8.99721028494836e-31,1
"20168",0.999999999972095,3.27871541431265e-19,2.79046413253058e-11,1.35516546150062e-28,1
"20170",0.00267146958917595,0.995173820840856,0.00205775970016261,9.69498698056928e-05,2
"20172",0.009980386977265,1.49868237213074e-23,0.990019612998346,2.43893592177603e-11,3
"20174",0.0102262500035413,0.000417085841953034,5.43998313782442e-06,0.989351224171368,4
"20176",0.999999654368713,1.08989654389464e-18,3.45631286597321e-07,6.48524931597148e-20,1
"20178",0.000347682457669207,0.999652317538967,2.61447039489029e-12,7.49643621742791e-13,2
"20181",0.33676540611248,7.10477707085772e-10,0.663234593177042,2.08168772410492e-26,3
"20183",0.0112283971880321,7.36677277226491e-13,0.138443562851529,0.850328039959702,4
"20186",0.434905443810421,1.80074980487787e-34,0.563415350273144,0.00167920591643577,3
"20188",0.000643275022987643,0.999356724139254,8.11000322780819e-10,2.6758351083748e-11,2
"20190",0.00473079442086929,2.70970486236252e-22,0.995269205579131,1.11935605908367e-26,3
"20193",0.999952278708621,4.77184119478258e-05,2.87943105483721e-09,1.54606667307024e-28,1
"20195",0.0264405971239939,0.868810058176025,0.104749136640258,2.08059722966428e-07,2
"20197",0.00691204821110108,5.78721283622324e-19,0.993087951788882,1.7040076876907e-14,3
"20199",0.00434265783777126,0.995620890023471,3.41349057852386e-05,2.31723297264857e-06,2
"20205",0.999997111715867,2.58004619152143e-49,2.88828413267652e-06,5.70707480029079e-32,1
"20208",0.0808603791004687,0.0309947009864971,0.869845312149514,0.0182996077635202,3
"20210",0.000233139195647225,0.999605678552941,5.89941184434609e-07,0.000160592310226984,2
"20212",0.0221879058196876,0.966409415539949,0.00477129264510851,0.00663138599525515,2
"20216",0.0175529688939266,7.52496899043998e-13,0.982447031105315,5.55299456003251e-15,3
"20219",0.35965352524923,5.70259941230665e-16,0.640346474750769,7.14789145410865e-17,3
"20223",0.971218384728745,3.17005599548583e-50,0.0287816152712554,8.91190723163658e-45,1
"20226",0.0347985124634496,1.07622480701191e-08,0.965201473346689,3.42761365643097e-09,3
"20230",0.00603631528493236,1.53223921970713e-28,0.993963684715068,5.76575379991685e-32,3
"20233",0.999999999997459,4.49444085453718e-36,2.5410072575403e-12,2.89860569805026e-25,1
"20235",0.935371183175723,7.12598060276078e-45,0.0646288168242767,3.95013865122347e-33,1
"20239",0.437157517032065,3.75256002768731e-25,0.562842482967901,3.48840680818318e-14,3
"20254",0.999918033189844,4.31319561811382e-43,8.19668101565997e-05,3.78784472120019e-43,1
"20256",0.0117825807075944,3.57924370772812e-32,0.988217419292406,1.49014943521932e-22,3
"20262",0.000332699230384241,0.988740094453544,0.000517831368461631,0.0104093749476103,2
"20270",0.893986351584513,3.25744533288491e-13,0.106013648415162,1.24908189862415e-19,1
"20284",0.914441742462805,1.60065617055237e-19,0.0855562416187842,2.01591841084242e-06,1
"20287",0.146561454238874,8.58923389043903e-42,0.853438545761126,5.75323848549351e-43,3
"20290",0.999592512985054,2.92857413933127e-22,0.000407487014946359,5.57927318025259e-22,1
"20293",0.00857636870075989,1.79797609508256e-12,0.991423589210952,4.20864900513742e-08,3
"20296",0.335082720055022,0.541858591251779,0.119140107910325,0.00391858078287444,2
"20301",0.907394452977766,2.1188412189908e-25,0.0926055470222337,1.74017715671006e-59,1
"20304",0.999977938817455,1.07837375920254e-42,2.20611825448353e-05,3.03706822615017e-32,1
"20306",0.0267742601185233,1.45916623564455e-35,0.973225739881477,2.07846575789506e-30,3
"20309",0.0235897657448914,7.20275315377645e-14,0.97641023343896,8.1607644350433e-10,3
"20311",0.0189647637748717,1.30760321893165e-11,0.981035236212052,1.01442971957047e-17,3
"20314",0.00284708765755729,0.375507525410482,0.120456530976672,0.501188855955289,4
"20318",0.86910207005758,0.130897839495127,9.04472934230291e-08,1.81265380595395e-21,1
"20320",0.415308941094824,4.62158079596346e-14,0.584685371271334,5.68763379626598e-06,3
"20326",0.0104519558363319,0.0520054932340725,0.520796828877564,0.416745722052032,3
"20328",0.241843933961442,3.02390267852833e-28,0.758106109033479,4.99570050786871e-05,3
"20330",0.114983709726132,1.63134309200643e-25,0.885016290273868,1.44750660894899e-22,3
"20336",0.984042126223955,1.91590019566612e-30,0.0159578735340217,2.42023802784899e-10,1
"20338",0.983923498765411,8.52692126058526e-20,0.0160765012345887,1.70139020838518e-22,1
"20340",0.216748411495111,1.12836659876373e-33,0.783251588504889,3.83622216448281e-34,3
"20342",0.999999999976503,3.55789319899851e-35,2.3496841739576e-11,1.85701319943918e-48,1
"20344",0.0132459220141437,3.43614331200875e-27,0.986754077985856,8.63312999507322e-18,3
"20349",0.00794754214596288,6.20689476972891e-32,0.992052457854037,1.79096642510278e-24,3
"20351",0.0476016643765633,1.47135873258157e-13,0.952398335563072,6.02175683561576e-11,3
"20353",0.0311961124568102,8.43646907376435e-29,0.96880388754319,3.19234643951489e-29,3
"20357",0.999886131715125,3.85390673753252e-55,0.000113868284874935,4.47384875121151e-34,1
"20360",0.999999404791733,2.21625184252883e-44,5.95208266947903e-07,5.94159274944033e-40,1
"20364",0.00940556270590806,2.42854849518963e-16,0.990594437185864,1.0822789990833e-10,3
"20366",0.999936395867711,1.29042148655634e-35,6.36041322888625e-05,1.74382980929063e-16,1
"20381",0.999999954894254,4.29655142031853e-08,1.89349113293086e-09,2.46740841328145e-10,1
"20391",0.987205627634253,8.51897310851721e-44,0.0127943723650512,6.95344915814815e-13,1
"20394",0.0243867556941962,2.3138823647347e-08,0.399045719089934,0.576567502077046,4
"20396",0.801612735248297,0.140770547564689,5.38465029679118e-06,0.0576113325367181,1
"20409",0.136863324858443,0.000257225935580775,0.862879445209671,3.99630459019366e-09,3
"20411",0.101553017627661,3.14770860150228e-37,0.898446982372339,1.04447657089823e-21,3
"20416",0.999945117190839,1.28284003977546e-70,5.48828091606484e-05,1.01666533474579e-60,1
"20418",0.250302838810832,0.745953685921486,1.51427493168352e-07,0.00374332384018807,2
"20420",0.999999996480934,3.14769014632317e-31,3.51906619874803e-09,2.00451677292647e-17,1
"20422",0.0806831786445043,1.47028107242142e-18,0.919316821355496,4.34558390077159e-26,3
"20424",0.0363788642394326,9.10850842427263e-35,0.963621135760568,1.56157113929837e-21,3
"20426",0.999999999999572,7.90386564532486e-30,4.27650229865387e-13,6.8848397755377e-44,1
"20428",0.00485782149227483,5.25283821632807e-17,0.995142176969899,1.53782597073028e-09,3
"20431",0.319646051451113,0.000186911841029755,0.680167036417307,2.9055051531681e-10,3
"20433",0.830284219196831,2.68871641997511e-34,0.169715780803169,1.40029981072435e-45,1
"20436",0.999963654084655,6.86591841634498e-20,3.63459153450252e-05,6.65901522167856e-27,1
"20439",0.0277952734899998,2.71746367935254e-05,9.85991216897433e-06,0.972167691961038,4
"20441",0.999549403116746,1.29870530918396e-33,0.000450596883253595,4.06968528968077e-29,1
"20444",0.000816301787696973,0.999182758811471,1.55144890418731e-10,9.39245687157829e-07,2
"20448",0.90788101304531,1.20712271762085e-06,0.0921167339544429,1.0458775296987e-06,1
"20536",0.103006887492854,6.5217340945981e-14,0.00487975895424091,0.89211335355284,4
"20538",0.99131494163906,9.46538825113445e-34,0.00868505836092883,1.08645957310466e-14,1
"20541",0.125794721892377,3.72739642953109e-33,0.874205278107623,1.07893877941973e-34,3
"20544",0.0030318441259666,1.89888744851101e-11,0.996966574593818,1.58126122694792e-06,3
"20546",0.024674353935346,1.57648429371245e-29,0.975325646064651,2.65201601188396e-15,3
"20550",0.090288453310151,2.71066926932025e-14,0.909711546689819,2.78026273644451e-15,3
"20553",0.999999999580258,5.21223908324845e-51,4.19741834950012e-10,9.91658922219096e-94,1
"20555",0.999999998287229,1.84675462957936e-46,1.71277149986677e-09,2.02794432134044e-22,1
"20557",0.0589752579092059,5.51303092675816e-13,0.941024742087295,2.94832195839202e-12,3
"20559",0.00393630103069916,1.02373427232788e-14,0.996063698969289,1.08611121153088e-15,3
"20561",0.00552834079124904,0.986412548566045,0.00800123058878577,5.78800539197118e-05,2
"20564",0.000347682457669207,0.999652317538967,2.61447039489029e-12,7.49643621742791e-13,2
"20566",0.0305112237951888,2.54400578242765e-11,0.969488769290876,6.88849537776049e-09,3
"20569",0.00307640587687513,0.991128560614922,0.000118102881422591,0.0056769306267802,2
"20572",0.0270768302161693,0.97291640199572,6.74743396064514e-06,2.03541497594935e-08,2
"20574",0.00410337006466157,3.8885996760695e-16,0.995896629935338,1.4220856580891e-21,3
"20576",0.000420325006664251,0.99957966336992,1.16203149721747e-08,3.10054491230319e-12,2
"20578",0.00137354445572875,6.11796847291995e-07,0.998623725990486,2.11775693787695e-06,3
"20580",0.00513921656055078,1.3583503537603e-10,0.994857643617169,3.13968644486082e-06,3
"20583",0.000228594908365988,0.999771403965539,1.04725075005935e-09,7.88445720724211e-11,2
"20586",0.0182028884376611,1.32647137140922e-21,0.981797038811109,7.27512300905169e-08,3
"20589",0.00823186438021432,2.61992623982497e-35,0.991768135619786,1.95968385513824e-24,3
"20591",0.953765640011905,6.51435964326599e-25,0.0462343535587722,6.42932264932293e-09,1
"20593",0.0505170044382325,1.19698099208387e-31,0.949482995561768,4.3824784687362e-51,3
"20595",0.00685650172086098,2.15595492637695e-13,0.993143498278849,7.50477720232591e-14,3
"20597",0.995865886410638,1.23994620557734e-19,2.27440410705988e-08,0.00413409084532095,1
"20599",0.000264807873866776,0.999735192115258,1.08551217274268e-11,1.98360419659183e-14,2
"20601",0.000977185063697161,3.41000429008703e-07,0.140676810015954,0.85834566391992,4
"20604",0.00587994796692879,6.08219051463817e-21,0.994120052033071,1.09013159799495e-31,3
"20606",0.0107297295963207,1.09816292011064e-24,0.989270270403679,6.51024942198653e-28,3
"20608",0.0126603568534119,3.65146842765191e-20,0.987339643146588,3.10700479557562e-20,3
"20610",0.00719548197842959,0.992800944886814,3.57311313059353e-06,2.16258399281788e-11,2
"20612",0.999999999982386,3.44156032291043e-41,1.76142812558771e-11,2.4165452781944e-39,1
"20614",0.000455477751821026,0.999391098647898,1.83675144753803e-06,0.000151586848833166,2
"20616",0.545368845551942,2.56350224523443e-07,0.446214401267022,0.00841649683081171,1
"20618",0.999905920556309,1.57144983074637e-25,9.40794436909515e-05,1.91748582067933e-20,1
"20620",0.240240355498684,7.81735103277935e-15,0.759759644501308,6.88996415709912e-28,3
"20622",0.00205259894611574,0.997946594440694,8.06586385965667e-07,2.6803876092637e-11,2
"20624",0.264869782534716,4.66362092691761e-35,0.735130217465284,1.73919591203813e-23,3
"20626",0.713089242372157,2.82384076254132e-12,0.286910757625018,1.35462583184002e-15,1
"20628",0.900427732088356,2.07303084505526e-22,0.0995722679115789,6.54101338353111e-14,1
"20630",0.0539843524351997,8.2465655728405e-10,0.946015646740144,2.28575395344025e-16,3
"20632",0.00126057456398427,0.998737892072465,1.851954394086e-09,1.53151159620494e-06,2
"20634",0.00580228193444825,1.14072430318779e-24,0.994197718065552,9.73193588407306e-27,3
"20637",0.99786971813707,8.32401308536947e-24,0.00213028186292961,1.36437278841465e-34,1
"20639",0.00884965832830594,0.991064739741937,8.55817606996103e-05,2.01690579744905e-08,2
"20644",0.999999998289156,6.86808828037129e-63,1.71084357836075e-09,5.13758839959472e-85,1
"20646",0.99991949444514,9.58375363897539e-33,8.05055548601011e-05,1.263725707888e-44,1
"20648",0.00292539676751144,0.544261576421729,0.0180346559000668,0.434778370910693,2
"20650",0.90837919155547,1.15960456428111e-38,0.0916208084445301,1.36905016109649e-32,1
"20653",0.815095874702644,2.45362113692432e-11,0.184602556746537,0.000301568526283283,1
"20658",0.0992614050101671,1.22993035130969e-33,0.900738594989833,1.66961452215479e-23,3
"20661",0.999994713716645,2.26321780062841e-48,5.28628335535995e-06,9.97446532096906e-25,1
"20663",0.00734411980423944,6.63715447847238e-16,0.991867588648118,0.000788291547642281,3
"20665",0.000748545274898931,0.999251454687703,3.73233020937289e-11,7.44572099899939e-14,2
"20667",0.272984333299413,3.98928524445018e-13,0.727015664739789,1.96039889467025e-09,3
"20669",0.963658147208896,3.0189655670413e-18,8.65958393761923e-07,0.0363409868327104,1
"20671",0.654187904822541,2.44634260309618e-16,0.345812095177458,1.08472714227354e-18,1
"20673",0.985414045539856,6.6873610567354e-13,6.83133971788431e-09,0.0145859476281356,1
"20675",0.469834363267219,2.36072443014735e-18,0.168243450551732,0.36192218618105,1
"20677",0.034180752054447,8.01311300748448e-18,0.965276600053031,0.000542647892521577,3
"20679",0.81621475047085,7.78557609329515e-07,4.19258240395099e-07,0.1837840517133,1
"20681",0.00419210272024247,1.78513646369839e-17,0.000695479788608828,0.995112417491149,4
"20683",0.0771416371562497,5.42959175761374e-16,0.922855694472636,2.66837111378199e-06,3
"20685",0.999999987519014,2.51968398713217e-32,1.24809858089052e-08,1.61860649635666e-17,1
"20687",0.000739203112947131,0.0469056618431493,7.10161459705065e-05,0.952284118897933,4
"20689",0.99999999943152,1.88435134033269e-73,5.68480146657871e-10,5.65049257915497e-66,1
"20691",0.000781464512434756,0.999215683566127,2.89674698828831e-09,2.84902469154524e-06,2
"20693",0.0653531863028783,3.53829972746511e-36,0.934646813697122,2.89904523883643e-30,3
"20695",0.0215977548967056,0.132320133266072,0.11155710163314,0.734525010204082,4
"20697",0.0180193736303781,2.01799802786097e-12,0.981980626367604,1.14789297181338e-22,3
"20699",0.00987558583417161,1.5377294991776e-14,0.989806954577576,0.000317459588237117,3
"20701",0.0125309842948834,6.33915788142697e-27,0.987469015540282,1.64834220889361e-10,3
"20703",0.999999999981211,7.59085003637314e-26,1.87889230240661e-11,4.44126737383905e-17,1
"20705",0.0370486141397523,2.09340249988018e-24,0.962951385860248,1.09958829091113e-18,3
"20707",0.00424373708800701,1.60485758841213e-08,0.0886127585363193,0.907143488327098,4
"20709",0.734287148907674,0.00261167071631412,0.263100761992573,4.1838343865552e-07,1
"20713",0.998443401995877,1.56808123579555e-12,0.00128825827009336,0.00026833973246181,1
"20715",0.999998813610025,7.11160864283938e-22,1.18638997467366e-06,6.02344802181514e-71,1
"20717",0.00843142288110784,0.000398093496012903,0.0113549508680735,0.979815532754806,4
"20720",0.00754520244627688,3.73280243338733e-15,0.992454797553719,6.71461977245123e-16,3
"20722",0.0118965455165127,3.03643474706907e-13,0.988103453779179,7.04005077646943e-10,3
"20724",0.000181027350538346,0.00109879438300484,0.00104982411978342,0.997670354146673,4
"20726",0.0466891792409106,2.08877606311445e-33,0.953310820759089,5.10612972780406e-30,3
"20728",0.000749731911704769,7.96931213207697e-13,0.000281119729094192,0.998969148358404,4
"20730",0.00157513047780192,0.00773269413383469,0.0267412025474254,0.963950972840938,4
"20732",0.912815259882295,1.47850138801275e-29,0.0871847401177052,1.11016459781375e-24,1
"20734",0.00564559023522902,5.11557765826363e-12,0.9939392672421,0.000415142517555629,3
"20736",0.000742750425184234,0.999047599325753,5.92695468386355e-05,0.00015038070222418,2
"20738",0.999999813229288,4.1524011051209e-20,1.86770711598023e-07,7.00557256314705e-41,1
"20740",0.96886641374844,3.58174021332434e-51,0.0311335862515573,3.16945061065681e-15,1
"20742",0.0980255917368673,4.30796172495106e-15,0.0312174743132823,0.870756933949846,4
"20744",0.00387453379164929,0.995976873361804,7.42534229201238e-08,0.000148518593123981,2
"20746",0.00459985694983468,1.37425106483572e-11,0.923491515309559,0.0719086277268637,3
"20748",0.000596562240833369,0.0227427450049658,0.000850249151612174,0.975810443602589,4
"20750",0.00359310407589883,0.596739279129077,0.0151642611795724,0.384503355615452,2
"20752",0.00659904305805776,1.03032737828061e-21,0.993400943316299,1.36256432411444e-08,3
"20754",0.999306774322004,6.75506708830093e-13,3.57097390802648e-08,0.000693189967581665,1
"20756",0.0298242075177407,0.0716057122473889,0.891315169237945,0.00725491099692574,3
"20758",0.999990412203029,5.31248782439931e-09,9.58248448316975e-06,2.52957641262739e-16,1
"20760",0.000889892331768714,0.0183515379043609,0.000316506098726065,0.980442063665144,4
"20762",0.997822138605185,5.75993158123711e-16,9.26801917941842e-08,0.00217776871462217,1
"20764",0.0845632859851591,0.618396818435402,0.000128464464085721,0.296911431115354,2
"20766",0.00123795657298806,0.287872550635143,0.00140660788722854,0.70948288490464,4
"20768",0.000671438658503794,0.990240071137188,0.0038341985476942,0.00525429165661377,2
"20770",0.886757699182233,8.53822587657414e-17,0.112215661787121,0.00102663903064548,1
"20772",0.00670830708999958,1.05636836561955e-21,0.99329169291,1.86389931054258e-27,3
"20774",0.975486926751864,7.03819672564622e-53,0.0245130732481355,1.8122738282297e-60,1
"20776",0.105424210445809,1.63356387935727e-23,0.887820318025175,0.00675547152901598,3
"20778",0.99992319871536,3.52171762740775e-46,7.68012846398859e-05,1.85218472350293e-74,1
"20780",0.999999999986369,7.17379446938109e-12,6.4564438675632e-12,1.11077583145476e-15,1
"20782",0.999828463916387,1.85366297883199e-12,1.94249949314065e-09,0.000171534139259937,1
"20784",0.999405442955317,3.59864248760578e-14,9.93169000634177e-07,0.000593563875646366,1
"20786",0.0178951115157623,0.98210488846085,6.55596757168895e-12,1.68319123202216e-11,2
"20788",0.00237281391073712,2.08033285883666e-09,0.112563542149089,0.885063641859841,4
"20790",0.0275145518143155,8.76204898530101e-05,0.000330252648787654,0.972067575047044,4
"20792",0.392992872814054,0.000104224128636778,0.606890704481805,1.21985755049906e-05,3
"20794",0.0100325881019981,0.000287858969915169,2.70647776849e-05,0.989652488150402,4
"20796",0.00963311906504729,7.49596672842478e-30,0.990366880934953,9.44356407802822e-23,3
"20798",0.000347682457669207,0.999652317538967,2.61447039489029e-12,7.49643621742791e-13,2
"20801",0.999843678175348,0.000153722674641375,2.59915001060631e-06,6.58871550220738e-23,1
"20803",0.0277347673967835,4.03466071039394e-12,0.915088486402531,0.0571767461966504,3
"20805",0.00680843575627026,2.94692187366488e-17,0.993143111600555,4.84526431746664e-05,3
"20807",0.000347682457669207,0.999652317538967,2.61447039489029e-12,7.49643621742791e-13,2
"20809",0.931791925011752,1.59048438471841e-16,0.0613186790891418,0.00688939589910582,1
"20811",0.999770267667552,4.30488593180388e-06,0.00022542744651669,3.87154173828793e-19,1
"20813",0.54151376156014,3.66766782132607e-05,0.458449561409386,3.52261043339382e-10,1
"20815",0.214477800587012,0.78552219941298,6.77029556683154e-15,4.10122701245137e-16,2
"20817",0.000229609425644656,1.57919191805947e-05,0.00251245250454686,0.997242146150628,4
"20819",0.0218314235565007,8.28703214772805e-19,0.975532160211707,0.00263641623179229,3
"20821",0.99999999617452,1.40057443204316e-23,3.82547973880802e-09,1.08573098645822e-43,1
"20823",0.00701576455084527,8.93576338733772e-09,0.991998728760043,0.000985497753348692,3
"20825",0.00083762630827824,6.33516138787253e-07,0.00114205236851729,0.998019687807066,4
"20827",0.303834243963457,0.661877020351827,0.0342877804269068,9.5525780987323e-07,2
"20829",0.678964377376794,3.5503655526358e-24,0.321035622623206,9.26107094755215e-31,1
"20831",0.00393820210556758,3.70596542065928e-09,0.00832623262274888,0.987735561565718,4
"20833",0.999999297656961,2.18271088533808e-12,2.60135276580737e-12,7.02338255053445e-07,1
"20835",0.00190575907875213,0.0043391130870227,0.00366291594907764,0.990092211885148,4
"20837",0.00880501315088636,0.00673143550873693,0.0389417777536331,0.945521773586744,4
"20839",0.000717605680358102,0.00140185509519371,0.00132552093336925,0.996555018291079,4
"20841",0.631682036394904,1.26546732940287e-30,0.368317963604206,8.89209758314225e-13,1
"20843",0.00625430519724832,8.90378796506375e-14,0.159364228088475,0.834381466714188,4
"20845",0.392960220968678,0.00235118521636728,0.312718202274356,0.291970391540599,1
"20847",0.0072521537391477,3.75166130935227e-12,0.992742990307596,4.85594950415571e-06,3
"20849",0.0144141838310162,1.73407527906298e-09,0.98558558189323,2.32541678661175e-07,3
"20851",0.0222665301047967,1.32864012648725e-15,0.977733420832567,4.90626348431899e-08,3
"20853",0.0834232870347256,1.43851011005302e-28,0.916576712965274,1.03556796474863e-22,3
"20855",0.099069102287947,7.70150417352062e-14,0.900930897711976,5.23666927245802e-24,3
"20857",0.0165596915906852,2.77637365893049e-10,0.982978462115251,0.000461846016426319,3
"20859",0.00321963152297999,2.16046992795232e-12,0.996780368404527,7.03329442571071e-11,3
"20861",0.999999564879536,4.84088147054144e-24,4.35120460855703e-07,2.68118568102505e-15,1
"20863",0.001777082925001,0.996782730894357,0.000128034356436695,0.0013121518242056,2
"20865",0.0365370395785121,2.41505797133283e-11,0.0091730977034752,0.954289862693862,4
"20867",0.535517009507429,2.73541620924855e-43,0.464482990492571,5.03699554699535e-57,1
"20869",0.00664046043311224,0.989905612693601,0.00257405113216985,0.000879875741116934,2
"20871",0.97078481895321,3.1407500548328e-21,0.0292151810467898,1.25500682522769e-50,1
"20873",0.27220763597219,2.09357388495888e-15,0.727792364027808,5.49496026750826e-36,3
"20875",0.00474451534329263,1.00010537467054e-17,0.995255484656657,5.04569023642907e-14,3
"20878",0.995301089371578,0.00469891062840166,1.61079846024371e-14,3.84211081064438e-15,1
"20880",0.999999999518831,2.87190446566942e-10,1.44241043961802e-12,1.92536469427141e-10,1
"20882",0.0542810629888182,3.38286905474644e-26,0.945718937011182,2.40367246472012e-28,3
"20884",0.00311993210897615,0.0174056689999105,0.0123754969745289,0.967098901916584,4
"20886",0.00187167487054288,0.992255664755606,0.00486929712101839,0.00100336325283273,2
"20888",0.359814431768859,2.33292454074767e-05,2.4817712438981e-08,0.640162214168021,4
"20890",0.000337187330678147,0.0546482871166094,0.00860653782991606,0.936407987722796,4
"20892",0.025007824184941,6.56565773608631e-16,0.974990908374152,1.26744090633295e-06,3
"20897",0.0664930322758618,6.27552262591224e-08,0.933433507812307,7.33971566045897e-05,3
"20899",0.0231382161022541,7.85311241014532e-06,0.949338044869463,0.0275158859158725,3
"20901",0.999999999860188,1.33178978831125e-54,1.39812224010461e-10,8.40285940230786e-46,1
"20903",0.999974981972412,9.19318644213099e-25,2.50180275879803e-05,1.36859733178361e-65,1
"20905",0.99943774369462,1.81144843056313e-20,0.000562256305380203,8.90894172677513e-32,1
"20907",0.13395109334631,1.09326844668324e-32,0.86604890665369,5.17000150538106e-22,3
"20909",0.677973023592378,6.91585892696246e-08,0.322026767118404,1.40130628539947e-07,1
"20911",0.999999999987665,3.41735073091028e-68,1.23345270293869e-11,3.15038161810712e-68,1
"20913",0.105403815590961,4.89005712255611e-06,0.766975220391385,0.127616073960532,3
"20962",0.00180710187367279,1.148792318864e-11,0.998192103232736,7.94882103240528e-07,3
"20969",0.180418700462263,1.94191157213839e-08,0.819581280118621,8.22693463755723e-18,3
"20980",0.0063638927652983,3.51999257287944e-10,0.993636077687989,2.91947129119169e-08,3
"20982",0.00415383533760767,1.6442294044865e-21,0.99584616463873,2.36624456950563e-11,3
"20984",0.378592420507808,1.29824290435605e-08,0.607923677388963,0.0134838891208,3
"20994",0.0223992302855099,8.84263186891625e-14,0.977600769714402,2.00899132051237e-17,3
"21015",0.722674000102342,0.00959913440026707,0.000349355291967405,0.267377510205424,1
"21023",0.134719723357031,2.23610434607822e-31,0.865280276642969,2.22531241392096e-25,3
"21040",0.871375876238722,6.09495697957521e-38,0.128624123761268,9.79104088503847e-15,1
"21073",0.154224295568207,3.48373738685437e-14,0.845775689432223,1.49995349988656e-08,3
"21222",0.0020060170417953,0.0134582377127478,0.0152194163386374,0.96931632890682,4
"21224",0.0118529648039428,4.01153149092864e-08,0.971175800915555,0.0169711941651869,3
"21228",0.999744519404702,3.5778418628441e-11,0.000255480559519837,1.0924068582157e-24,1
"21232",0.0263581598227148,9.59095380016799e-31,0.973641840177285,3.76696637608152e-22,3
"21237",0.955052061477028,5.96645461535568e-26,0.0449479385229724,1.36944432892399e-36,1
"21240",0.000372777439882202,8.0886352253535e-07,0.00149913388213839,0.998127279814457,4
"21245",0.000294563870518799,0.016626187086761,0.000455769062701762,0.982623479980018,4
"21252",0.076837602016508,2.93499314591261e-36,0.923162397983492,1.43576636774908e-16,3
"21254",0.311307959675281,1.14121136332887e-23,0.688692040324601,1.17525180298294e-13,3
"21258",0.0790767763913494,6.95906140565739e-09,0.92092321664266,6.92963273908003e-12,3
"21264",0.00822666005483467,0.202667130963641,0.288801768918221,0.500304440063304,4
"21305",0.99729117993506,3.64721089092716e-12,0.00270881698361199,3.07768055680573e-09,1
"21333",0.022723083403432,1.35973131525781e-27,0.977276916196687,3.99880955145146e-10,3
"21366",0.0747770732204417,4.61203389521895e-10,0.74041285552528,0.184810070793074,3
"21377",0.00114774931113965,0.998851373909704,7.92359772503238e-07,8.4419383496717e-08,2
"21380",0.999999997833094,4.98199524266093e-25,2.16690601631238e-09,1.6700920923476e-43,1
"21387",0.999999999999237,1.01357102455361e-75,7.62918110227992e-13,2.86988912898909e-65,1
"21390",0.125345300883295,1.67416977311343e-31,0.874654699116705,1.36152376041263e-17,3
"21392",0.045447786719911,1.09310351017253e-10,0.954551757042473,4.56128305764497e-07,3
"21403",0.0114749469587617,9.38102165230007e-07,0.988524114938163,9.10237196583784e-13,3
"21408",0.0379372273651383,2.05178426106105e-18,0.962062772634862,1.09309325479924e-23,3
"21412",0.999757995367148,1.46352126482705e-23,0.000242004632851558,2.50377682146219e-29,1
"21421",0.0073900178741843,5.03707300254041e-08,0.952904653098637,0.0397052786564486,3
"21424",0.996303983057336,6.49950173948179e-42,0.00369601694266366,1.24186974454509e-38,1
"21429",0.00828674895159587,3.86161422353133e-14,0.991713251048365,2.94152739859905e-17,3
"21431",0.0273510497302989,3.32557803182482e-09,0.972431168510509,0.000217778433613569,3
"21436",0.999967363737094,9.70766046012033e-18,2.83993611950265e-05,4.23690171107557e-06,1
"21439",0.000803690318266473,1.55891862353259e-07,0.999196147269967,6.51990374798324e-09,3
"21442",0.114954644922853,0.00159228772521526,0.883342825489001,0.000110241862930845,3
"21444",0.00240255801908667,4.29423845259139e-11,0.000555229159384438,0.997042212778587,4
"21446",0.999956472921086,4.3527078881954e-05,3.25180863508804e-14,2.05425827315734e-17,1
"21448",0.999999999999796,3.65171992685934e-42,2.04072661981296e-13,2.81797788163622e-27,1
"21450",0.402370875611622,1.10022116886894e-09,0.597629123288138,1.89089513219765e-14,3
"21452",0.0644252372807321,2.93274733077282e-24,0.935574762719266,2.28849223110774e-15,3
"21466",0.165534550645384,3.44082870541667e-42,0.834465449354616,2.68659063637132e-30,3
