"","V1","V2","V3","V4","best$classification"
"19811",0.968096200764883,0.0142740315100058,0.017576538501873,5.32292232388219e-05,1
"19813",1.1025869310491e-10,1.74752788513283e-08,0.999999982414462,3.87718700772698e-20,3
"19815",0.656363340850211,0.336161834251466,0.00747482489827614,4.64002820404717e-14,1
"19817",0.964482609566897,0.0346287728677515,0.000885478774984158,3.13879036713718e-06,1
"19819",1.12086735281131e-32,0.362222353603182,0.637777646396819,1.22407891959124e-27,3
"19821",0.717951108397299,0.14129770319747,0.140692673274017,5.85151312136176e-05,1
"19823",0.000119006006618735,0.00173251132624092,0.998148482667139,1.49033035213298e-15,3
"19825",1.79016942975569e-33,2.5371254885412e-07,0.999999746287393,5.82378014302126e-14,3
"19827",0.191392920379504,0.0240786262684378,0.0126012039650992,0.771927249386959,4
"19829",2.67896340491955e-17,0.852500012038213,0.147499984346321,3.61546621754073e-09,2
"19831",1.49131035579481e-27,0.049043950359408,0.950956049640592,6.15682836555579e-36,3
"19833",7.75758877851901e-64,8.61162846643635e-17,1,6.81531333857058e-46,3
"19835",0.717951108397299,0.14129770319747,0.140692673274017,5.85151312136176e-05,1
"19837",0.74929754948623,0.0371639118825051,0.00193351278980112,0.211605025841464,1
"19839",2.38922943152976e-18,0.135138002528423,0.864861687783904,3.0968767285046e-07,3
"19841",4.41801202417793e-22,4.78072069300837e-10,0.62715499542801,0.372845004093918,3
"19843",1.2275204614446e-33,0.017173263500781,0.982826736499219,6.08877617844353e-40,3
"19845",0.362614923571437,2.74099341852173e-05,0.637357666494378,6.99409254381256e-20,3
"19847",0.351202496503549,0.451448965937466,0.197348537558984,1.3145038420468e-16,2
"19849",4.26386471000797e-07,1.37615343113899e-09,0.999999572237376,3.62704348315242e-18,3
"19851",0.995242533361785,0.0032094392398871,0.0015459740293668,2.05336896089512e-06,1
"19853",0.00294671761120572,2.1924442554229e-07,0.99705306313967,4.69876593872966e-12,3
"19855",0.962934994589911,0.00119510075868372,0.0358295665798054,4.03380716002734e-05,1
"19857",0.175542283293381,0.79038698569471,0.0340609363139757,9.79469793313417e-06,2
"19859",0.717602530195995,0.2573803932775,0.0248532456239223,0.000163830902582976,1
"19861",0.984918627285127,0.000352118546702402,0.0147292508188602,3.34931070827807e-09,1
"19863",7.80011384891075e-17,2.87418874340203e-15,0.999994657540925,5.34245907198628e-06,3
"19865",0.000235047580869751,1.80555646240135e-06,0.000984987854664452,0.998778159008003,4
"19867",0.967456101102545,0.0181049428572695,0.0144389560401859,1.99376346433268e-18,1
"19869",0.000131982261605452,2.83923203855912e-08,0.999865082043831,2.90730224346101e-06,3
"19871",0.714674106606942,0.272967389639435,0.0034171202176916,0.00894138353593122,1
"19874",0.991020831301093,0.000322725038456448,0.00824845774887746,0.000407985911573041,1
"19876",0.999573969542944,1.92320457165515e-05,0.00038043838025752,2.63600310815858e-05,1
"19878",2.658813525339e-19,0.513629872844478,0.486370127155522,2.0084447349876e-21,2
"19880",5.96992150665849e-07,1.0306748252576e-09,0.000246770879539391,0.999752631097635,4
"19882",0.126328757955944,0.000881414234462234,0.872789827799766,9.82781088368311e-12,3
"19885",0.555273179161291,0.443179357888234,0.00154664814322572,8.14807248773355e-07,1
"19907",0.812410036504275,0.00820329000490999,0.179386673490814,8.66148889279726e-16,1
"19909",4.3582082342134e-11,0.993072635503655,0.00692736445276256,1.26347898274252e-18,2
"19911",9.74312483559178e-14,0.976769340789861,0.0232304902363422,1.68973699893059e-07,2
"19913",1.52816560475716e-13,4.34393433959437e-12,0.000326862686550177,0.999673137308953,4
"19915",0.012310255517497,0.000212892498823192,0.000450792405639708,0.98702605957804,4
"19917",7.27384666797705e-06,0.000503708461652429,0.00487378588457126,0.994615231807108,4
"19919",0.765567123480796,0.0505879349139731,0.00337874931185448,0.180466192293376,1
"19921",0.992721706541656,0.00680259445472289,0.000475698838725613,1.64894860023285e-10,1
"19923",6.47926380724483e-08,0.754439286001007,0.245560649206355,1.6875383023525e-22,2
"19925",0.000864432435247303,0.00017015296725206,0.000803372554091413,0.998162042043409,4
"19927",0.963916798665031,0.0341063239188404,0.001976877256674,1.59454311974154e-10,1
"19929",2.60752112224831e-10,1.49151169509005e-14,0.965060292614269,0.0349397071249636,3
"19931",0.149118975650716,0.824825505949608,0.0260555183757684,2.39079497554165e-11,2
"19933",2.03160292944496e-05,0.995033298501976,0.00494638457225234,8.9647766542606e-10,2
"19935",0.000355038971551477,0.975813627586853,0.0238313334324676,9.12780108715458e-12,2
"19937",0.986614688031241,0.0122314852011705,0.0011538267660521,1.5361798413839e-12,1
"19939",0.0291784649633506,0.921358470651973,0.0494630629095548,1.47512164276221e-09,2
"19941",2.82019424848685e-18,0.81356866350871,0.186429455162279,1.88132901114732e-06,2
"19943",0.000164089704728825,2.95909490481883e-07,0.00331053918125093,0.99652507520453,4
"19945",5.55589065522435e-07,0.992364946160372,0.00763449804378325,2.06778750552374e-10,2
"19947",8.91696580986303e-17,0.000391369001804608,0.999606977883257,1.65311493871282e-06,3
"19949",2.1765388697421e-07,0.955478952943992,0.0445208294021206,3.34902470685807e-23,2
"19951",3.30593246282316e-05,0.363138502501639,0.129602656033496,0.507225782140236,4
"19953",1.859166998673e-24,0.0135217192714839,0.986478280728516,3.61814904026591e-38,3
"19955",3.23055772476971e-18,0.256044881893299,0.743955118106701,1.70651238254316e-29,3
"19957",1.1545334456789e-06,0.0119371395093269,0.987028727665906,0.00103297829132122,3
"19960",1.7873830776385e-18,0.799882677931676,0.200117322068323,7.57524884670346e-16,2
"19963",2.40225119443337e-37,4.91997088911597e-14,0.999999999999949,1.95930042786186e-15,3
"19965",2.96001384659874e-27,0.973655849422495,0.0263441505775053,1.33323074915761e-32,2
"19968",6.31526467121667e-09,1.07169445988756e-05,0.998518391085648,0.00147088565448814,3
"19971",1.94039637308885e-38,3.31533157487041e-10,0.999999394581548,6.05086919071808e-07,3
"19973",0.985617207398552,0.0131053485525713,0.000215131279026554,0.00106231276984992,1
"19975",6.7381289238629e-05,0.000433318231197696,0.0151746263734851,0.984324674106078,4
"19977",8.26569775869301e-31,1.60759522645611e-09,0.999999996618406,1.77399855018365e-09,3
"19979",1.00470606491035e-34,0.970593070896456,0.0294069291035444,1.80012733806592e-22,2
"19981",0.00616915146332964,0.989578494952283,0.00425235353077267,5.36140578760777e-11,2
"19983",0.014585170571585,0.968952587422511,0.0164622420058187,8.53716623090456e-14,2
"19985",0.822510360466799,0.000168742358608946,0.00239529660791095,0.174925600566681,1
"19987",0.0172766364292004,0.903945928197652,0.0629060972486603,0.0158713381244876,2
"19989",1.28145794682531e-25,0.962136191085453,0.0378638089145471,4.68023954148466e-35,2
"19993",1.61862901757061e-08,0.96764906220697,0.0323506314410734,2.90165666179391e-07,2
"19995",2.65584002113438e-08,0.995371441181118,0.004628520773477,1.14870049937404e-08,2
"19997",0.988094137338109,0.0106865361425584,0.00120368053379903,1.56459855335549e-05,1
"19999",0.00117976995787384,4.41130552522256e-05,0.00185227973919806,0.996923837247676,4
"20002",4.87088684949537e-27,1.07249101217284e-13,0.999999999828018,1.71874341349617e-10,3
"20004",4.68288751596923e-09,0.941768310279484,0.0582316849868185,5.08097341465191e-11,2
"20006",3.23013431940748e-23,0.15976743549424,0.84023256450576,3.6342977422151e-18,3
"20008",2.13197610111998e-22,0.398098331531176,0.601901668468824,4.15566135484208e-20,3
"20010",3.629008924e-10,0.960423886945144,0.0395761126919554,2.52998469654205e-17,2
"20012",5.44525960235576e-06,0.000405439573682652,0.86043730578842,0.139151809378295,3
"20015",2.37415661457138e-26,0.946718703820574,0.0532812961794262,1.30800866674876e-29,2
"20017",0.998178697847329,0.000636577144259103,0.00099568662787179,0.000189038380539645,1
"20019",1.67305027162002e-44,0.931312090498348,0.0686879095016524,4.29760873816643e-37,2
"20022",4.15268494159949e-10,0.985012386171447,0.0149876134132841,5.13217759122105e-16,2
"20024",1.86474184265608e-43,0.00130886153572669,0.998691138464273,1.05778254546458e-52,3
"20026",1.86474184265608e-43,0.00130886153572669,0.998691138464273,1.05778254546458e-52,3
"20028",0.979342604714624,0.000295799770974104,0.00157807936803669,0.0187835161463655,1
"20030",3.4779538998643e-23,0.700616834019235,0.299383165980764,3.01833406027804e-16,2
"20033",0.0379664175408782,0.151242254625978,0.00981712071005181,0.800974207123092,4
"20035",2.47681649064201e-42,0.892995332405288,0.107004667594712,7.38825696538784e-41,2
"20037",2.13869651129072e-38,0.986059829673195,0.0139401703268047,7.69287322512453e-42,2
"20039",4.88920159322917e-53,2.87011976245732e-09,0.99999999712988,3.05857877447407e-75,3
"20041",9.18732286701594e-12,0.965876852352429,0.0341231476383839,5.03916055513051e-17,2
"20044",1.14056486586245e-14,0.803588189422458,0.196411810577513,1.75614486330017e-14,2
"20047",2.37621772735642e-51,0.585295742043616,0.414704257956384,4.01387707362881e-32,2
"20050",1.83937147284781e-18,0.738475421069097,0.261524578930903,5.72391325076505e-18,2
"20052",0.0113274633406678,0.849707142425491,0.0219284028013413,0.1170369914325,2
"20054",2.7518969686092e-16,0.96496646470352,0.0350335352964799,3.40865449109735e-18,2
"20056",3.42468623647251e-11,9.03480368546151e-05,0.0762424275527667,0.923667224376132,4
"20058",3.50030675236078e-25,0.96208663651228,0.0379133634877196,8.625698966005e-40,2
"20060",0.872329334875694,0.111630921748531,0.0160396463040611,9.70717142494032e-08,1
"20062",0.0268613699387349,0.968443282976066,0.00469525584093785,9.12442611798891e-08,2
"20064",3.95413829628028e-08,0.997405845804067,0.00259328714058294,8.27513966793144e-07,2
"20066",4.35007558637167e-35,0.686766661777586,0.313233338222414,3.30973143586601e-24,2
"20068",0.982402678092523,0.0149657468152413,0.00263157493504436,1.57191011945482e-10,1
"20070",0.648320633670095,0.290701602274097,0.0609777640558064,1.77838385237962e-15,1
"20072",2.03286221022569e-22,0.660565209810932,0.339434790189068,7.06758669755642e-38,2
"20074",7.89892966019517e-13,1.8120254130646e-14,0.00460820229688617,0.995391797702306,4
"20076",6.37891063424197e-06,0.0125321010971933,0.954394719380141,0.0330668006120315,3
"20078",4.12299160065563e-11,0.996247889061381,0.00375211086099047,3.63988862568461e-11,2
"20080",2.08396880694734e-34,0.989213785279954,0.010786214720046,1.11811506524181e-27,2
"20082",7.11997174322552e-35,2.23896322342939e-05,0.999977610367766,5.19305192978931e-41,3
"20084",6.78020132285135e-17,0.834885518538867,0.165111137571251,3.34388988296677e-06,2
"20087",5.95600997082283e-11,0.989590646267522,0.0104093536729178,1.51802324272941e-22,2
"20090",5.27931472269995e-33,0.972203199471612,0.0277968005283882,1.35946572058981e-28,2
"20092",8.40575332148041e-15,0.00362606622461597,0.996373933775376,1.89602619119497e-48,3
"20096",1.00765587290374e-09,0.0798649200296647,0.92013507896267,8.91121350172963e-15,3
"20098",0.568787170553812,0.0496999140540317,0.00705467785698344,0.374458237535173,1
"20101",6.05662632644627e-28,0.989409476684789,0.0105905233136059,1.60547489258879e-12,2
"20104",1.58139521201769e-14,6.88673063701058e-10,0.999999999311311,3.4994658203234e-34,3
"20106",3.77706994111102e-17,0.992679582184399,0.00732041780789562,7.70498047558292e-12,2
"20108",0.923860938045171,0.0728762091692528,0.00319167939500513,7.1173390571066e-05,1
"20110",7.28957009761326e-11,0.129294934587793,0.870701956919335,3.10841997623856e-06,3
"20112",4.31707667078762e-16,0.988236913087628,0.0117630869123715,7.07681324101997e-17,2
"20114",8.55964824276453e-13,0.942865909675929,0.0570530924980619,8.09978251533584e-05,2
"20116",5.54181908310427e-13,0.926194625142223,0.0737984882419334,6.88661528941146e-06,2
"20118",0.0122564920953785,0.9658701780451,0.00632687944217449,0.0155464504173472,2
"20120",3.26121036490096e-19,0.834684443602321,0.165315556387312,1.03671935526863e-11,2
"20122",3.20422122386083e-07,5.47576840000263e-07,0.000925363473535037,0.999073768527503,4
"20124",1.05425047929565e-30,0.951962918358066,0.0480370816419341,7.52009527430736e-34,2
"20126",2.60054807723696e-50,2.42435383649185e-08,0.999999975756462,8.83781976524905e-52,3
"20128",5.58234421673739e-71,7.49930556306004e-05,0.999925006944369,4.50379018857694e-59,3
"20141",1.89053886848891e-07,1.71544328768084e-05,0.999982656513236,3.78171301291091e-19,3
"20143",5.52850234371901e-24,5.54052593193693e-11,0.989347570050341,0.0106524298942533,3
"20145",2.91080769972368e-10,0.989444373611869,0.0105556260966771,3.73331564581075e-13,2
"20147",3.74079166193845e-12,0.998280775361402,0.00171922463414651,7.10894230557154e-13,2
"20149",7.07780228331326e-05,6.60096223352063e-07,0.00413376892459135,0.995794792956352,4
"20151",0.78339176123779,0.0212980626801751,0.00114764227630535,0.19416253380573,1
"20153",2.1997152463622e-08,0.0180035582539824,0.372376273433458,0.609620146315407,4
"20155",2.85707715408099e-20,0.993807888733768,0.00619211126623179,7.0685388389394e-21,2
"20157",0.109709484583829,0.00513970186343674,0.0387443901604511,0.846406423392284,4
"20160",5.05113747499992e-12,5.59599076907879e-12,0.000144959295673456,0.999855040693679,4
"20162",0.000572976373246044,2.91272140689789e-08,0.000358135755817551,0.999068858743722,4
"20164",1.91504046944609e-07,0.00545743016801075,0.0408980791999574,0.953644299127985,4
"20166",8.27514661141984e-30,0.135685437495351,0.864314562504645,3.40244600122277e-15,3
"20168",6.60438163974387e-28,2.54827446473998e-11,0.999999999974517,7.80100286069051e-20,3
"20170",5.94118454960066e-05,0.001624575368458,0.00251436691937236,0.995801645866674,4
"20172",8.48235306165292e-11,0.989550685610473,0.0104493143047036,1.75099101212474e-23,2
"20174",0.988061101666071,3.88854727003708e-06,0.0114934087936818,0.000441600992976872,1
"20176",2.37795209438e-19,2.99003650424138e-07,0.99999970099635,4.28981702045286e-20,3
"20178",9.95143356616848e-13,1.66241161936864e-12,0.000292188567762523,0.99970781142958,4
"20181",8.03422103968673e-26,0.662644556598261,0.337355443380403,2.13361183075491e-11,2
"20183",0.86874772231556,0.119610978981607,0.0116412987010512,1.7816968256418e-12,1
"20186",0.00467865572994792,0.503759256321224,0.491562087948828,2.11845149759197e-33,2
"20188",3.34246006608751e-11,6.98290239060776e-10,0.000749761320157972,0.999250237948127,4
"20190",9.79515610276475e-26,0.995114323325408,0.00488567667459172,1.75827516169266e-23,2
"20193",1.4420663897949e-27,2.32732457297415e-09,0.999991924718094,8.07295458185516e-06,3
"20195",5.6517128034006e-07,0.106938133532168,0.0332237777167105,0.859837523579841,4
"20197",6.94502774235948e-14,0.992439698000871,0.00756030199905945,9.24290499035853e-20,2
"20199",1.7430363230542e-06,2.5867971989898e-05,0.00412137299397019,0.995851015997717,4
"20205",2.20595364042276e-31,2.25806859938928e-06,0.999997741931401,2.89892465577529e-48,3
"20208",0.0290458610815884,0.85143005362771,0.0939008428317269,0.0256232424589747,2
"20210",0.000167945073364876,4.46358945840261e-07,0.000240865051487016,0.999590743516202,4
"20212",0.0109021457054215,0.00463059760190521,0.0265261304934344,0.957941126199239,4
"20216",1.2257248407945e-14,0.981865622747489,0.0181343772523553,1.43925108959899e-13,2
"20219",1.3544978900814e-16,0.614678648921107,0.385321351078892,6.45251872877075e-16,2
"20223",1.74198969732657e-43,0.0309013424691272,0.969098657530873,1.15126366518669e-53,3
"20226",8.31568399450955e-09,0.960183951900031,0.039816034623698,5.16058694781279e-09,2
"20230",7.39227446183272e-31,0.994070869102382,0.005929130897618,7.01524095857973e-30,2
"20233",7.44177294250537e-26,1.50390533293245e-12,0.999999999998496,2.7355198872759e-35,3
"20235",3.75189864468528e-32,0.0634768823351965,0.936523117664803,1.3216901137499e-46,3
"20239",1.06218793326375e-13,0.558801483315819,0.441198516684075,4.90820102804084e-26,2
"20254",6.52920241297242e-43,7.81718336815374e-05,0.999921828166319,2.48620298868128e-43,3
"20256",1.7830873702654e-21,0.9879426624297,0.0120573375703003,2.24076746228393e-32,2
"20262",0.00885635869145113,0.000429022608826968,0.000337636135525158,0.990376982564197,4
"20270",4.61912323712852e-19,0.106845296146495,0.893154703853496,9.32078551359898e-15,3
"20284",1.74818833760553e-06,0.0718779524761624,0.9281202993355,5.57595834205021e-19,3
"20287",1.78108841029498e-41,0.860636695129661,0.139363304870339,8.85215619850904e-44,2
"20290",4.14906351429231e-22,0.000343235861861889,0.999656764138138,4.15970303731885e-22,3
"20293",6.51885998318431e-08,0.990633398450221,0.00936653635999013,1.18905821734429e-12,2
"20296",0.0058014229903573,0.121968344638256,0.431573668780791,0.440656563590596,4
"20301",8.97758296696766e-58,0.0957706051344553,0.904229394865545,2.91457267454789e-28,3
"20304",1.32059726306882e-31,2.13896796486706e-05,0.999978610320351,3.11421728702539e-41,3
"20306",1.45261832589331e-29,0.973291526311123,0.0267084736888768,5.275199988376e-37,2
"20309",2.11877482778751e-09,0.974438492357003,0.0255615055241677,5.42852533076724e-14,2
"20311",2.47164706923063e-17,0.978617514605723,0.0213824853895479,4.72946446341216e-12,2
"20314",0.483689700429623,0.114341980216656,0.00315908046945947,0.398809238884261,1
"20318",2.15350509994606e-21,7.96811217980983e-08,0.980117315898735,0.0198826044201429,3
"20320",1.23631187017268e-05,0.496745421722707,0.503242215158524,6.71167797762554e-14,3
"20326",0.454535671067638,0.482876020193983,0.0115218361777498,0.0510664725606293,2
"20328",0.000153626419641592,0.68316368338356,0.316682690196799,1.38240278864878e-27,2
"20330",6.53806754208697e-22,0.873463225096477,0.126536774903524,1.96140165066124e-26,2
"20336",4.20890021765419e-10,0.0139988300755188,0.986001169503591,3.46630749250937e-29,3
"20338",3.65013694971587e-22,0.0150046356633339,0.984995364336666,1.17753859643994e-19,3
"20340",5.34099630733194e-33,0.804028036033955,0.195971963966045,1.3091526928039e-34,2
"20342",2.27366748297827e-48,1.63062708657088e-11,0.999999999983694,5.67508594699845e-36,3
"20344",7.32025505129984e-17,0.985926864803491,0.0140731351965094,7.64549166791254e-27,2
"20349",1.38535248396207e-23,0.992215064655834,0.00778493534416615,1.06180623146555e-32,2
"20351",1.33747210610987e-10,0.950355076812412,0.0496449230536036,2.37247100467524e-13,2
"20353",2.48740996941252e-28,0.965524912096145,0.0344750879038549,2.85403102181317e-30,2
"20357",1.14540343949184e-33,9.46881378932757e-05,0.999905311862107,1.82155204699037e-54,3
"20360",2.89208876559007e-39,4.6796463665506e-07,0.999999532035363,1.42975094016084e-45,3
"20364",3.08311790159337e-10,0.989650196135649,0.0103498035560394,2.19046756020991e-16,2
"20366",6.06841975566116e-16,5.16485186885497e-05,0.999948351481311,8.36349293520571e-34,3
"20381",2.16892958071991e-10,1.3286552322133e-09,0.999999976667057,2.17873949475851e-08,3
"20391",1.39953336537652e-12,0.0113933129738211,0.988606687024779,2.63619770495426e-44,3
"20394",0.625722760802623,0.347398443288064,0.0268787837926503,1.21166622052801e-08,1
"20396",0.0587025467011652,3.46881080271621e-06,0.852633970678332,0.0886600138096999,3
"20409",6.1023779892071e-09,0.858129818592488,0.141692629059635,0.000177546245498879,2
"20411",7.53693937665423e-21,0.890763947552781,0.109236052447219,2.83560797700284e-37,2
"20416",2.05996673736296e-59,5.57666830815199e-05,0.999944233316918,1.31066787584682e-70,3
"20418",0.00442946366197148,1.22288712493139e-07,0.350783543701294,0.644786870348022,4
"20420",1.19828829117529e-17,2.33560673456858e-09,0.999999997664393,5.82770568664209e-30,3
"20422",2.76632824312947e-25,0.919415727058042,0.0805842729419577,9.86707123301771e-20,2
"20424",1.23916311454884e-20,0.96043955034691,0.0395604496530897,1.13416509804949e-34,2
"20426",3.07831907447672e-44,3.09981334115733e-13,0.99999999999969,1.34376016518522e-29,3
"20428",4.40907034224771e-09,0.994585318732963,0.00541467685796619,1.57857154563765e-17,2
"20431",8.82056767418894e-10,0.645629869657577,0.354264025815293,0.000106103645072793,2
"20433",1.62714684025451e-44,0.175450104388316,0.824549895611684,6.68023522736132e-39,3
"20436",3.50065496997455e-26,3.57685668958254e-05,0.999964231433104,6.4958371441274e-22,3
"20439",0.968767335867304,7.16147793372596e-06,0.0312011306306759,2.43720240857713e-05,1
"20441",6.10848924605607e-29,0.000397131615366581,0.999602868384633,1.59014322621497e-33,3
"20444",1.13204966054057e-06,1.0548545731662e-10,0.000781914233818624,0.999216953611035,4
"20448",1.44765335020251e-06,0.0764409908781781,0.923556222343729,1.33912474221899e-06,3
"20536",0.890997452278052,0.00370262483258198,0.105299922889324,4.16652900571482e-14,1
"20538",2.25139075156855e-14,0.00822615436141103,0.991773845638566,7.16471378148865e-33,3
"20541",5.32350942387702e-34,0.873112579559357,0.126887420440643,1.79264281386385e-34,2
"20544",5.05931176519734e-06,0.996401857703176,0.00359308296646333,1.85956818965318e-11,2
"20546",9.98637762021339e-15,0.97450342265434,0.0254965773456503,1.41544600034622e-29,2
"20550",9.92319683437634e-15,0.894521163125406,0.105478836874574,9.66443302276474e-15,2
"20553",1.28450882733402e-93,4.93468206917509e-10,0.999999999506532,7.66842918277263e-55,3
"20555",9.74861577590063e-23,1.01148214292954e-09,0.999999998988518,2.07082124927849e-45,3
"20557",8.99456842173056e-12,0.933386540597165,0.066613459393414,4.26353206924868e-13,2
"20559",4.9120776243806e-15,0.995696530758031,0.00430346924195895,5.48988549859685e-15,2
"20561",4.26407974485847e-05,0.00688437497086843,0.00566854129389428,0.987404442937789,4
"20564",9.95143356616848e-13,1.66241161936864e-12,0.000292188567762523,0.99970781142958,4
"20566",1.70547950185129e-08,0.966704491290403,0.0332954916473456,7.45677733324855e-12,2
"20569",0.00654691194769672,9.2031520274835e-05,0.00340616549139616,0.989954891040632,4
"20572",3.29474587175573e-08,7.98526945942418e-06,0.0475833217093935,0.952408660073688,4
"20574",1.04878124325896e-20,0.995381956542226,0.00461804345777414,1.81371607057625e-16,2
"20576",3.7622438221158e-12,1.10043276838479e-08,0.000485664895873212,0.999514324096037,4
"20578",4.33214698666044e-06,0.998400563615169,0.00159458751466214,5.16723181948392e-07,2
"20580",5.76017917970844e-06,0.994391274939311,0.00560296478278006,9.87297201436767e-11,2
"20583",9.95272604303063e-11,8.19698590444041e-10,0.0002205775154749,0.999779421565299,4
"20586",2.20070122692135e-07,0.981442036498327,0.0185577434315502,5.14003860493619e-21,2
"20589",2.45449576307579e-23,0.991398333701244,0.00860166629875639,5.95431189567123e-36,2
"20591",8.41731458598822e-09,0.0364736774679068,0.963526314114779,1.15022719489476e-24,3
"20593",1.4376067315793e-49,0.949627243223405,0.0503727567765955,1.06381661947869e-34,2
"20595",3.23024730287244e-13,0.992820731712506,0.00717926828696695,2.03706792647867e-13,2
"20597",0.00470401540372896,1.25873991616024e-08,0.995295972008872,4.00570196056726e-19,3
"20599",2.90049891809427e-14,1.00729572453506e-11,0.000322057498328282,0.99967794249157,4
"20601",0.868839214280342,0.13003690721318,0.00112359585266315,2.82653815349971e-07,1
"20604",1.12814882932543e-30,0.994064092992131,0.00593590700786875,3.36740652361145e-22,2
"20606",5.20142433535619e-27,0.988909882979297,0.0110901170207029,4.82185366803433e-26,2
"20608",2.33515352584147e-19,0.986398060270983,0.0136019397290173,1.43450661032268e-21,2
"20610",5.21618592543859e-11,3.40666993277269e-06,0.0082195770071856,0.99177701627072,4
"20612",1.20825038322941e-38,1.74548883738287e-11,0.999999999982545,6.79839641271677e-41,3
"20614",0.000182427236589266,1.53574934205305e-06,0.000510542830608204,0.99930549418346,4
"20616",0.00766071963406207,0.414057371101682,0.578281699582301,2.09681954152102e-07,3
"20618",1.66861369274025e-20,7.62978658215388e-05,0.999923702134178,5.40470807578436e-25,3
"20620",2.08921878285119e-27,0.748736912869317,0.251263087130683,3.02246473956006e-17,2
"20622",3.29891904863023e-11,9.15371838370136e-07,0.00278732450425637,0.997211760090916,4
"20624",1.94318313027975e-22,0.733626264335566,0.266373735664433,1.12620379094075e-34,2
"20626",6.84776670711662e-15,0.271908794106129,0.728091205893529,3.35735776899734e-13,3
"20628",2.38425023700696e-13,0.0875646285855709,0.912435371414191,1.30758442087321e-22,3
"20630",1.4856563225209e-15,0.939719024024484,0.0602809757202144,2.55299864939174e-10,2
"20632",1.76854985099447e-06,1.28737922792953e-09,0.00135771013363435,0.998640520029136,4
"20634",9.95246307762297e-26,0.993877473073015,0.00612252692698478,5.36268140952595e-26,2
"20637",2.29171251227059e-34,0.00208094420835146,0.997919055791649,5.83799540181921e-24,3
"20639",1.99391741371504e-08,6.64023712352585e-05,0.00921088419967524,0.990722693489915,4
"20644",7.69623201829318e-84,1.89844797001036e-09,0.999999998101552,8.6892582710072e-66,3
"20646",1.99310952751053e-43,7.58296187349366e-05,0.999924170381265,5.36975538037599e-35,3
"20648",0.351245737922587,0.0163197701156728,0.00327750963513964,0.629156982326601,4
"20650",6.354525580472e-32,0.0967922367289216,0.903207763271078,1.09691310029554e-39,3
"20653",0.00041542055186485,0.133581594486389,0.866002984915612,4.61342577962821e-11,3
"20658",1.66041404893963e-22,0.903604624875599,0.0963953751244009,1.40275156882325e-34,2
"20661",3.04615238423871e-24,4.72944358695429e-06,0.999995270556413,6.3618704044838e-47,3
"20663",0.00153485484040433,0.990494698450686,0.00797044670890776,1.26656191979958e-15,2
"20665",1.39365671341911e-13,3.43425920718584e-11,0.000871212228336423,0.999128787737182,4
"20667",5.79816608297363e-09,0.684733750169519,0.315266244032263,5.12918081622156e-14,2
"20669",0.0462665584598518,4.86975385539575e-07,0.953732954564763,1.26533717593894e-17,3
"20671",1.76637513583979e-18,0.336770142072167,0.663229857927833,4.14827061982778e-16,3
"20673",0.0132422374780393,3.76792579890544e-09,0.986757758752996,1.03898863447995e-12,3
"20675",0.438461767293816,0.124747817794413,0.436790414911771,3.93909451305475e-18,1
"20677",0.000860729948363216,0.962796119648428,0.0363431504032084,7.3691743020152e-18,2
"20679",0.141605904056293,2.57743042761949e-07,0.858393125003486,7.13197178639037e-07,3
"20681",0.995450667598895,0.000472657136219669,0.00407667526488515,3.92177913874858e-17,1
"20683",5.53224547568117e-06,0.917765599329609,0.0822288684249154,1.27535773028404e-16,2
"20685",1.07650736421007e-17,8.11195551070255e-09,0.999999991888045,1.71978620577341e-31,3
"20687",0.965949265900316,5.92482342286954e-05,0.000819310639810647,0.0331721752256451,1
"20689",2.50996381407262e-64,6.05498392041152e-10,0.999999999394502,5.96684689753448e-73,3
"20691",3.65463608331188e-06,2.18458491481696e-09,0.000792538302460365,0.999203804876872,4
"20693",2.48518836901255e-29,0.937718998605864,0.0622810013941357,2.88311656650991e-37,2
"20695",0.760897050540306,0.0940420303270643,0.0235283868361748,0.121532532296455,1
"20697",5.04139054037076e-22,0.981602497390863,0.0183975026088119,3.25424971718888e-13,2
"20699",0.000581029519001271,0.988193153098441,0.0112258173825406,1.71359090099531e-14,2
"20701",5.67015560292484e-10,0.986591881730344,0.0134081177026402,3.58729073264611e-27,2
"20703",3.40784780133024e-17,9.45940657024772e-12,0.99999999999054,1.96280757241039e-26,3
"20705",3.25518705863012e-18,0.962390547812119,0.037609452187881,2.07285106387323e-25,2
"20707",0.907510011870126,0.0875382811271075,0.00495168947303769,1.75297292977874e-08,1
"20709",1.04201098367684e-06,0.231956321029361,0.765840609078339,0.00220202788131677,3
"20713",0.000240686834712518,0.00101129862143546,0.998748014540939,2.91300245626444e-12,3
"20715",3.9381513346725e-70,1.31918112068587e-06,0.999998680818879,5.35637717648034e-25,3
"20717",0.976217292135456,0.0118236311255517,0.0114748643169978,0.000484212421994005,1
"20720",3.40310257829934e-15,0.991785084439443,0.0082149155605532,7.30776607938435e-16,2
"20722",1.50711290385322e-09,0.987040139836468,0.012959858656382,3.71490541064064e-14,2
"20724",0.998066384462017,0.000943035584718714,0.000217493820933751,0.00077308613233079,1
"20726",4.44953581338023e-29,0.951803170803095,0.0481968291969056,2.90715666104739e-35,2
"20728",0.998979869622201,0.00020651954583779,0.000813610830447492,1.51382887397515e-12,1
"20730",0.96851041063693,0.0236448309551705,0.00167319456316901,0.00617156384473063,1
"20732",9.26844133730009e-24,0.0699825217150604,0.93001747828494,8.97414560840734e-31,3
"20734",0.000640445288674367,0.992907625530372,0.0064519291768111,4.14287407770708e-12,2
"20736",0.000133277040541024,4.5958991121681e-05,0.000749727353360421,0.999071036614977,4
"20738",1.25686016658966e-40,1.93108327393696e-07,0.999999806891673,1.50627626589214e-22,3
"20740",1.46245613634236e-14,0.0284285777685812,0.971571422231404,2.94997589382597e-50,3
"20742",0.886611818314537,0.0211943968537472,0.0921937848317032,1.24620519341087e-14,1
"20744",0.000157370165204738,5.79249016586057e-08,0.0044479123028427,0.995394659607051,4
"20746",0.105979599053272,0.88907874510844,0.00494165581775424,2.05344306542183e-11,2
"20748",0.973272569659679,0.000806417392210044,0.000754692214955838,0.0251663207331552,1
"20750",0.412767092814049,0.0147716887118156,0.00421813830276296,0.568243080171373,4
"20752",4.19973336511406e-08,0.992803086046724,0.00719687195594277,1.05900536600894e-21,2
"20754",0.000610348928813871,2.2050043624571e-08,0.999389629020682,4.60347172876685e-13,3
"20756",0.00945279978765835,0.894188153193666,0.0319803146849523,0.0643787323337233,2
"20758",5.48274238966437e-16,8.54997548383065e-06,0.999991449629849,3.94666435011155e-10,3
"20760",0.982875968872682,0.000257798478350485,0.00102760015587864,0.0158386324930889,1
"20762",0.0016908450192634,5.50500150694998e-08,0.998309099930721,3.33020454564956e-16,3
"20764",0.22404299392622,9.70570389718878e-05,0.0896152131871695,0.686244735847639,4
"20766",0.698262498529263,0.00115649119139336,0.00141646804816658,0.299164542231177,1
"20768",0.00443381566223394,0.00337409618231631,0.000693871234938097,0.991498216920512,4
"20770",0.00162372180752925,0.0976390399509692,0.900737238241502,7.82286075046006e-17,3
"20772",2.40828746738607e-26,0.992875777832624,0.00712422216737547,9.40590239683182e-23,2
"20774",1.82542933661675e-58,0.026592821698855,0.973407178301145,1.3315732366989e-55,3
"20776",0.0148012009196486,0.854754806855939,0.130443992224412,6.04609605523732e-23,2
"20778",1.18296313057043e-73,8.20831165395156e-05,0.99991791688346,8.42802881450383e-49,3
"20780",2.09084843126225e-15,4.05989421402031e-12,0.999999999995534,4.03854445531102e-13,3
"20782",0.000162683208459246,1.1660090944619e-09,0.999837315623508,2.02344795601623e-12,3
"20784",0.000438242312815233,6.49430291067673e-07,0.999561108256885,8.27370888211439e-15,3
"20786",3.50522927390202e-11,6.6172926100656e-12,0.0259164050260003,0.97408359493233,4
"20788",0.891522204337955,0.105817059046937,0.0026607334056416,3.20946641096228e-09,1
"20790",0.968833410136958,0.000260961889474116,0.030838348680918,6.72792926495425e-05,1
"20792",2.5269796114108e-05,0.565736305963608,0.434125044851899,0.000113379388378722,2
"20794",0.988123116636216,2.05519979019951e-05,0.0116615669819821,0.000194764383899809,1
"20796",7.02374670937477e-22,0.989790524944519,0.0102094750554806,1.56754358801807e-30,2
"20798",9.95143356616848e-13,1.66241161936864e-12,0.000292188567762523,0.99970781142958,4
"20801",1.43622088404305e-22,1.94197766273587e-06,0.999957925483941,4.01325383966177e-05,3
"20803",0.062563700514973,0.90426362531895,0.0331726741622721,3.80446238085691e-12,2
"20805",0.000118461225431718,0.9921264579847,0.00775508078986812,6.498168719455e-17,2
"20807",9.95143356616848e-13,1.66241161936864e-12,0.000292188567762523,0.99970781142958,4
"20809",0.011476573958132,0.0517704180033391,0.936753008038528,9.99768125256587e-16,3
"20811",2.9805941739883e-19,0.000202229287270186,0.99979702277857,7.47934159328069e-07,3
"20813",6.64325202131978e-10,0.433712838889743,0.566276243955898,1.09164900340201e-05,3
"20815",9.7474464332363e-16,9.71712445593588e-15,0.525770750139625,0.474229249860364,3
"20817",0.997446803226702,0.00227428401956511,0.000265017940214472,1.38948135180439e-05,1
"20819",0.00412763865034132,0.971392915794305,0.0244794455553538,8.6502825046974e-19,2
"20821",1.05436966943113e-42,3.49188558329067e-09,0.999999996508114,4.88257553608724e-26,3
"20823",0.00169949435521378,0.990416572711652,0.00788392126263949,1.16704948933931e-08,2
"20825",0.998116186328677,0.000925065070214389,0.000958347775268991,4.00825839669477e-07,1
"20827",2.26210754021869e-06,0.0308055218949815,0.362643920646414,0.606548295351065,4
"20829",3.23907508233888e-30,0.311471079596464,0.688528920403536,3.79672791027272e-26,3
"20831",0.990030109759926,0.00591956761913125,0.0040503204140725,2.20687074426101e-09,1
"20833",6.42126739083285e-07,1.39859843839412e-12,0.999999357869748,2.11404477163361e-12,3
"20835",0.988491968547611,0.00359777316125182,0.00247812736574889,0.00543213092538812,1
"20837",0.947489916109045,0.035104318463765,0.0100523481487815,0.00735341727840905,1
"20839",0.99630994391359,0.00115462138519806,0.000834293351070927,0.00170114135014078,1
"20841",3.34567926960717e-12,0.337328301736442,0.662671698260213,8.71992885295869e-30,3
"20843",0.864532846162167,0.129013002873694,0.0064541509640573,8.16685980057341e-14,1
"20845",0.34969136033979,0.250670795684597,0.39831660391063,0.00132124006498345,3
"20847",1.00253789857645e-05,0.992044208230591,0.00794576638804693,2.37656911839911e-12,2
"20849",5.93299817553411e-07,0.984683933412427,0.0153154711237944,2.16396068026991e-09,2
"20851",1.11072130998788e-07,0.975469290961357,0.024530597966511,7.37669549544535e-16,2
"20853",5.32061394399966e-22,0.906289318091809,0.0937106819081909,5.62713852985353e-29,2
"20855",2.95442978171923e-23,0.897394388387045,0.10260561161295,5.14065278062371e-15,2
"20857",0.000678458616275505,0.981776098268194,0.0175454429675913,1.47939211303106e-10,2
"20859",2.17752043029875e-10,0.996485838084763,0.00351416169645368,1.03122755986724e-12,2
"20861",1.4159481044686e-15,3.1786649696945e-07,0.999999682133502,4.81386270708229e-23,3
"20863",0.000969460847876547,9.23568880893258e-05,0.00177403036707534,0.997164151896959,4
"20865",0.95732953812174,0.00679322224058823,0.0358772396114539,2.62180395289968e-11,1
"20867",1.57155508702371e-55,0.499700069766637,0.500299930233363,1.21916106709743e-45,3
"20869",0.000993852717640078,0.00206229296282357,0.00644425815312264,0.990499596166414,4
"20871",5.03375115904109e-49,0.028067829374711,0.971932170625289,6.41610439511783e-24,3
"20873",1.0253956353791e-34,0.718309143850053,0.281690856149947,8.13228619927821e-17,2
"20875",1.69256762308507e-13,0.99460667916414,0.00539332083569062,3.51044266334561e-18,2
"20878",2.66189275361222e-15,9.2108973754692e-15,0.99857763549775,0.00142236450223816,3
"20880",1.55247321380606e-10,8.25169232405265e-13,0.999999999800283,4.36441906293485e-11,3
"20882",1.09040976621041e-27,0.944587346981268,0.0554126530187315,3.44651587246812e-27,2
"20884",0.95784525922839,0.0128765512485207,0.00417625877796405,0.0251019307451251,1
"20886",0.00106541047651856,0.00429509843291398,0.00198978057030843,0.992649710520259,4
"20888",0.639858012895875,1.3594605511059e-08,0.360111190155924,3.07833535952813e-05,1
"20890",0.942755151320385,0.00821971178534967,0.00040343832167521,0.0486216985725905,1
"20892",2.42090817527101e-06,0.972409648745251,0.0275879303465729,4.10572375999427e-16,2
"20897",0.000120182922522385,0.926244866437233,0.0736349006615733,4.99786715334923e-08,2
"20899",0.0368400001612347,0.93604976549588,0.027099942621723,1.02917211621683e-05,2
"20901",6.28907207240575e-45,1.28267935800432e-10,0.999999999871732,4.2164754989416e-54,3
"20903",4.98083613918544e-64,2.71615014334971e-05,0.999972838498566,3.3274328546539e-27,3
"20905",7.64733279814277e-31,0.000570879967181447,0.999429120032819,4.05633866223685e-21,3
"20907",4.77022141810732e-21,0.87536638538962,0.12463361461038,5.33799200380273e-33,2
"20909",2.51959173884711e-07,0.313590315661435,0.686409409348224,2.30311675686544e-08,3
"20911",2.88221550161839e-68,1.23392466034177e-11,0.999999999987661,1.018940842015e-69,3
"20913",0.157918853944484,0.733046512521783,0.109030008424919,4.6251088139647e-06,2
"20962",1.67724970124413e-06,0.997978799774475,0.00201952297009969,5.72439813833077e-12,2
"20969",1.88293761064514e-17,0.824174262425534,0.17582572799326,9.58120619439801e-09,2
"20980",6.52788567897869e-08,0.992629764999248,0.00737016951289145,2.09004206070917e-10,2
"20982",8.71726123882381e-11,0.995591476562631,0.00440852335019603,7.49226989729326e-22,2
"20984",0.0142631346301809,0.556769838402977,0.428967013148945,1.38178966383696e-08,2
"20994",1.07372871919978e-16,0.973691396166718,0.0263086038332085,7.37246129952477e-14,2
"21015",0.231840213339855,0.000265049342503067,0.757763368779553,0.0101313685380893,3
"21023",2.08746747164904e-24,0.865805291459058,0.134194708540942,3.0314066951347e-31,2
"21040",5.29053129386554e-14,0.120278699764939,0.879721300235008,5.55750125207989e-37,3
"21073",4.13793813668087e-08,0.829441968864534,0.170557989755925,1.59754899793122e-13,2
"21222",0.971652080774579,0.0144754542392759,0.00221039091227664,0.0116620740738681,1
"21224",0.0235550714843398,0.961837049628865,0.014607829534036,4.93527587130914e-08,2
"21228",7.1828831568879e-24,0.000189647407137969,0.999810352583803,9.05923787839829e-12,3
"21232",2.07270926772786e-21,0.972418235023267,0.0275817649767331,2.61266973373689e-31,2
"21237",1.95536302479642e-35,0.0377545652371635,0.962245434762837,2.51665718550783e-27,3
"21240",0.998353701455456,0.00122919557674477,0.00041660345844024,4.99509358793454e-07,1
"21245",0.982799326022428,0.000408413085162765,0.000358765981751265,0.016433494910658,1
"21252",7.1376145833092e-16,0.919698217164638,0.0803017828353613,6.23571474463585e-36,2
"21254",2.49170216785094e-13,0.678665323055774,0.321334676943977,8.03575338500284e-24,2
"21258",2.93577608779011e-11,0.908366414738124,0.0916335842521582,9.8036039861169e-10,2
"21264",0.555478057397469,0.26511027552454,0.00893668174396218,0.170474985334029,1
"21305",8.51561545013114e-09,0.00200040646941884,0.997999585013565,1.40098993640138e-12,3
"21333",1.23277266300693e-09,0.975905526239823,0.0240944725274047,9.32528033240369e-28,2
"21366",0.216632993337098,0.701269158560443,0.082097847361422,7.41036634240626e-10,2
"21377",8.99551499830269e-08,6.95337165804623e-07,0.00121624786415855,0.998782966843526,4
"21380",3.09708851613018e-42,1.79575630099421e-09,0.999999998204244,1.91527882787845e-28,3
"21387",3.17397944370603e-65,5.90441697235266e-13,0.99999999999941,2.25069937477485e-76,3
"21390",7.44064539563527e-17,0.871702489514615,0.128297510485384,5.11215310380296e-31,2
"21392",6.92121946254551e-07,0.949798190987284,0.0502011168250436,6.57264150994178e-11,2
"21403",1.9643655221264e-12,0.987518504623589,0.0124811752761361,3.20098310189048e-07,2
"21408",1.06781526622728e-22,0.960571673954516,0.039428326045484,8.1528927566246e-19,2
"21412",1.01690594433721e-28,0.000202576006724227,0.999797423993276,4.88715891156119e-23,3
"21421",0.0512586758839928,0.939538375616716,0.00920292461597659,2.38833143395777e-08,2
"21424",1.88640981165612e-38,0.00358925187730903,0.996410748122691,9.01673719521043e-43,3
"21429",8.60736713429499e-17,0.990657656643455,0.00934234335653615,8.86309013470119e-15,2
"21431",0.000377483500791886,0.967090395444119,0.0325321195768567,1.47823252577847e-09,2
"21436",6.23489328281167e-06,2.06693470655728e-05,0.999973095759652,2.4002542542147e-18,3
"21439",1.78596032727351e-08,0.999072233874086,0.000927592869396591,1.55396913826421e-07,2
"21442",0.000175883866320938,0.876694451230716,0.121871457136179,0.0012582077667844,2
"21444",0.997240786608199,0.000363713723195166,0.00239549960705008,6.15553547990926e-11,1
"21446",2.19481171990107e-17,1.5930608116153e-14,0.999960258828331,3.97411716531088e-05,3
"21448",2.75383504582114e-27,1.02909729697835e-13,0.999999999999897,4.5261633910546e-41,3
"21450",8.81862012500329e-14,0.564998663475847,0.435001336188197,3.35867608079653e-10,2
"21452",1.13622007303593e-14,0.932206701758742,0.067793298241247,8.37197738796153e-25,2
"21466",2.97309700377733e-29,0.83677920606577,0.16322079393423,1.76500255733742e-42,2
"21470",1.89823999756741e-08,0.997420017022046,0.00257996399440131,1.15288639705505e-12,2
