"","V1","V2","V3","V4","best$classification"
"19812",0.0293734451368291,0.959379764006049,0.0112467908491258,7.99654523943017e-12,2
"19814",0.893789579190013,0.0813294246105625,0.00184375196040107,0.0230372442390236,1
"19816",4.42223050500532e-10,0.987198200967085,0.0128017985888441,1.84746480583161e-12,2
"19818",0.0229400382418684,0.967364272621902,0.00794338708355542,0.00175230205267379,2
"19820",1.11568961850804e-44,0.976248441363044,0.0237515586369561,2.60253764247716e-32,2
"19822",1.21468275285423e-49,0.126234715282351,0.873765284717649,1.00453236208887e-27,3
"19824",1.00696399777538e-21,0.524354294155148,0.475645705124834,7.20017375394038e-10,2
"19826",0.214161500206272,0.713035808716755,0.0728026410232582,5.00537150213518e-08,2
"19828",3.15538096680129e-21,0.992379977680725,0.0076200223192749,1.15567201340532e-16,2
"19830",0.0970204793533895,0.428305540318096,0.474673881127064,9.92014506336202e-08,3
"19832",4.81057380750143e-10,0.300665322787052,0.69933467673189,9.6529079770549e-26,3
"19834",1.51179352340133e-13,0.970853230241702,0.0291467697579776,1.69259531545515e-13,2
"19836",4.58800401442597e-07,0.969791913704971,0.0302076274946275,3.46125494289346e-18,2
"19838",0.994096282507108,0.00477914076933398,0.0011211869909466,3.38973261093186e-06,1
"19840",1.03601820815933e-09,0.941547361128659,0.0584526378353225,1.72048162636254e-17,2
"19842",0.782044088360155,9.85828722739487e-06,0.217946011566029,4.17865892941037e-08,1
"19844",1.19283912668358e-17,5.01206662742491e-10,0.0263813041370376,0.973618695361756,4
"19846",0.897253984175787,0.000253832208949169,0.00177773608338866,0.100714447531876,1
"19848",0.00989567475690845,0.000493343290658821,0.00102003022077089,0.988590951731662,4
"19850",0.980236602385745,0.00535213024246182,0.0122460991184243,0.00216516825336868,1
"19852",5.48901511439199e-05,0.99229424589444,0.00764994241657474,9.21537841241088e-07,2
"19854",0.00261191734051429,0.000671918628448729,0.00140349937778082,0.995312664653256,4
"19856",1.52489611088882e-09,0.000898283275556629,0.903993884903408,0.0951078302961395,3
"19858",3.5133110532871e-17,0.00271140660871904,0.995413623686271,0.00187496970501048,3
"19860",0.000957032827354149,0.985298147919576,0.0137448190188402,2.34229717049679e-10,2
"19862",0.998541088756834,8.43178436188816e-05,0.00137449985380915,9.35457380417868e-08,1
"19864",5.35818247867974e-22,1.42505877871673e-10,0.999999999857494,1.2485282142811e-19,3
"19866",5.03697443761265e-16,0.626347757219318,0.373652242780681,2.30287736454477e-18,2
"19868",2.42180200080933e-35,1.36203506494304e-12,0.999999999998638,3.27622821883928e-32,3
"19870",0.950805849231888,0.0426567230636506,0.00636180348156178,0.000175624222899294,1
"19873",0.0368952051073802,0.901695460110839,0.0613992187362904,1.01160454906746e-05,2
"19875",1.85357435578148e-13,0.982342377032735,0.01765762296708,6.55209684122843e-21,2
"19877",0.0914246979722102,0.899566876709407,0.00891472519639232,9.37001219906459e-05,2
"19879",9.74145234649653e-08,0.993600616649294,0.00637738766743948,2.18982687429955e-05,2
"19881",0.00133404640597064,0.903397895359674,0.095261713422085,6.34481227047575e-06,2
"19883",0.850040379808617,0.0826625110404083,0.0672954548955976,1.65425537665196e-06,1
"19899",2.30884723063298e-09,0.931389808835477,0.0686101888556753,3.09370517297779e-17,2
"19908",1.34385001268006e-25,1.65736283635856e-07,0.999999834263716,2.75221456625607e-20,3
"19910",0.000682871395903037,0.993649115281584,0.00564773631084572,2.02770116675408e-05,2
"19912",0.94163021715228,8.44746731648223e-05,0.0582799734168516,5.33475770379427e-06,1
"19914",1.91629715064528e-07,0.980073837935726,0.0199258555208434,1.14913715483665e-07,2
"19916",4.04245795809489e-29,0.000291440107117657,0.999708559892882,8.55361725613346e-18,3
"19918",0.75690190856532,0.0433793533930915,0.00553161152624385,0.194187126515345,1
"19920",0.00438375828785661,0.000262379109292794,0.00163558199041624,0.993718280612434,4
"19922",1.10299198465653e-10,0.000413654052041021,0.99958634583766,1.63519273257671e-23,3
"19924",0.0112136836585785,0.950578032830192,0.00335325233769907,0.0348550311735299,2
"19926",1.76310890500076e-11,0.949232932407942,0.0507670675744265,2.00653819828339e-21,2
"19928",1.70700833997776e-18,2.43426618330554e-16,1,3.94793713271115e-19,3
"19930",0.955924351458197,0.043247700863644,0.000826881733183216,1.06594497596426e-06,1
"19932",0.997573206005599,0.00200810595817656,0.000249741555697487,0.000168946480527373,1
"19934",6.86124009959911e-13,0.991024246231986,0.0089757535243973,2.42930566151946e-10,2
"19936",0.00835868914117102,0.930336177354312,0.0613051332405667,2.63950301291956e-10,2
"19938",1.47746864572248e-27,0.957082561047382,0.0429174389526166,9.87197468821133e-16,2
"19940",0.00355056092814829,0.982066537406984,0.0142925780338274,9.03236310403847e-05,2
"19942",3.58360057268833e-12,1.54152240228393e-09,0.999999998454894,6.13424612355421e-18,3
"19944",5.42879269748807e-06,0.987589981255917,0.0124045471957366,4.27556492970971e-08,2
"19946",0.0019610336644458,0.976136516960489,0.0212569920084262,0.000645457366639069,2
"19948",1.78060181966761e-07,2.50709253020635e-09,0.999999819431409,1.31612574326232e-12,3
"19950",1.12359460341928e-08,8.89735972414302e-08,0.00101300049184257,0.998986899298614,4
"19952",1.78060181966761e-07,2.50709253020635e-09,0.999999819431409,1.31612574326232e-12,3
"19954",0.99020340223427,0.00942465538001299,0.000299269695676626,7.2672690040119e-05,1
"19956",0.000229915884962425,4.4653388833442e-07,0.999759070464008,1.05671171410587e-05,3
"19958",3.09556377823724e-26,4.43585384228169e-12,0.999999999995564,3.47863027756698e-27,3
"19962",1.40308410307741e-07,0.251546906517251,0.74820713654837,0.000245816625968265,3
"19964",7.19908845145327e-06,0.967519112410195,0.0324726101297846,1.07837156870368e-06,2
"19966",6.20046194076297e-33,0.740304075364223,0.259695924635777,6.47732423748288e-30,2
"19969",0.565217789739906,0.319051549031925,0.11573066103419,1.93978086354762e-10,1
"19972",0.0660613728954178,0.0311925558581836,0.461606922799112,0.441139148447286,3
"19974",0.0190747574490408,6.06898347352348e-08,0.00583685904945595,0.975088322811668,4
"19976",0.035376704144197,0.921519261495093,0.0260823745860392,0.0170216597746705,2
"19978",2.11611478245824e-06,0.989097871777918,0.0109000020847838,1.00225152312677e-08,2
"19980",0.0550818169762992,0.000230096640810549,0.000659673112227171,0.944028413270663,4
"19982",0.00243927178953426,0.0238933572555481,0.18361980910934,0.790047561845578,4
"19984",3.08906980668961e-10,1.39601941717057e-06,0.00399485622713684,0.996003747444539,4
"19986",2.83671884060714e-34,0.931584296971505,0.0684157030284945,1.34334881250592e-27,2
"19988",1.7439178844386e-48,0.911448250230393,0.0885517497696066,2.47008527681427e-35,2
"19992",2.28407800351327e-32,0.949916345992858,0.0500836540071422,9.73206444430034e-23,2
"19994",0.927907344291317,0.0710244266941962,0.00106804097087439,1.88043612909727e-07,1
"19996",1.47466369076993e-28,0.991161866388376,0.00883813361162415,5.96302767056716e-20,2
"19998",2.45017974316487e-10,0.00517005205382073,0.994829947675036,2.61255280549405e-11,3
"20000",5.70717745143548e-05,0.000373786645970773,0.999569141579514,3.39456059825845e-16,3
"20003",0.00964366697463317,0.969898876412775,0.0204574566125795,1.19627485182025e-14,2
"20005",4.29544852892162e-05,5.76943408215245e-05,0.00154464266708026,0.998354708506809,4
"20007",4.35883090955174e-09,0.971590820397563,0.028409175211443,3.21634420767152e-11,2
"20009",3.39792934001918e-29,0.254134847487014,0.745865152512903,8.24876774450011e-14,3
"20011",0.020682672057572,0.429678192784367,0.403257645447046,0.146381489711015,2
"20013",0.487036343024662,0.179550706722692,0.0052956163614978,0.328117333891148,1
"20016",1.43744279403348e-38,0.253079820845508,0.746920179154492,1.49354149468473e-19,3
"20018",1.16156307507844e-74,4.67711945361906e-10,0.999999999532288,2.81597421470084e-61,3
"20021",8.3189084394811e-13,0.986153478376409,0.0138465216227588,8.02068441514512e-22,2
"20023",4.41661080280549e-09,0.965453388321639,0.0345465916126663,1.56490838458416e-08,2
"20025",6.5339632956706e-45,0.00347421704204403,0.996525782957956,4.30437247363552e-48,3
"20027",0.967288012041137,0.00724975123799104,0.0254622366093632,1.11508775853287e-10,1
"20029",0.868835502756101,0.0248433072233054,0.10632069512951,4.94891082857813e-07,1
"20032",0.995916712457435,0.00307349302181964,0.00100975701558161,3.75051637073518e-08,1
"20034",1.64086243178014e-05,7.06957607385361e-07,0.999982884417588,4.86777789397808e-13,3
"20036",1.32112333601871e-06,0.0279217532017931,0.972076682173955,2.43500915433346e-07,3
"20038",2.69808384727362e-24,0.985881977938867,0.014118022061133,2.6440884188436e-30,2
"20040",4.61407349640333e-49,0.000166785714296464,0.999833214285704,5.18824229225049e-28,3
"20043",1.00351988016858e-14,0.971984448639614,0.0280155513603758,3.00231993341136e-17,2
"20045",1.07470285887536e-48,0.569894171601747,0.430105828398253,3.48239603013472e-28,2
"20048",2.24202005557948e-10,1.64120541520015e-10,0.00570271034940205,0.994297289262275,4
"20051",1.9610336341148e-07,0.842331120349372,0.157668683515271,3.19939921747595e-11,2
"20053",3.13079897418017e-12,0.877242875697227,0.122756662402492,4.61897150076791e-07,2
"20055",1.55679935972041e-21,0.89001006857071,0.10998993142929,5.28853932698257e-36,2
"20057",9.79373040332773e-41,2.34355861583963e-23,1,1.16979563806784e-38,3
"20059",1.34977514264011e-14,0.687165573876756,0.312834426123203,2.69034327728227e-14,2
"20061",9.81350136612108e-10,0.974441435914787,0.0255585631038122,5.03430228034316e-14,2
"20063",5.99227137264852e-39,1.25814194265301e-11,0.999999996005086,3.98233247401501e-09,3
"20065",6.14240009448979e-45,0.0101560417360571,0.989843958263943,1.95301396936548e-57,3
"20067",9.52205156576295e-23,0.763729367061812,0.2362706327809,1.57287919278682e-10,2
"20069",0.0107700371251442,0.000121533420526087,0.000409160749420993,0.988699268704909,4
"20071",6.41976840399232e-14,0.149165101270603,0.850834898729333,7.87903766305598e-17,3
"20073",0.000318150512992055,0.00564648675175671,0.0252089502527639,0.968826412482487,4
"20075",9.56250234574078e-30,1.72343480265257e-10,0.999999999827657,1.4778921932396e-40,3
"20077",6.03419161834199e-12,0.940184407041019,0.0598155922448012,7.08145940583079e-10,2
"20079",6.53215920017955e-14,0.0210234014116434,0.978976345110372,2.53477918975767e-07,3
"20081",1.58110385460995e-17,0.889232257493711,0.110767742506289,6.36595032544026e-18,2
"20083",6.51484703132596e-17,1.38120632114226e-05,0.999984280771397,1.90716539164777e-06,3
"20085",3.30273086443861e-46,0.936429524271381,0.0635704757286193,2.58621832194425e-38,2
"20088",1.35071871292916e-20,0.978196755010646,0.0218032449893544,1.61956809130504e-20,2
"20091",6.10817824011375e-30,2.51568859163457e-05,0.999974843114084,5.2993078288099e-27,3
"20095",1.55856060706304e-20,3.12596529028674e-05,0.999966979135828,1.76121126900669e-06,3
"20097",3.14314706626586e-46,0.889250867075209,0.110749132924791,5.03787361464526e-41,2
"20099",8.15707345742635e-20,0.0448247028797272,0.955175292245711,4.87456164054625e-09,3
"20102",1.11629197336064e-20,1.28064656672266e-07,0.999999801642262,7.0293081560785e-08,3
"20105",2.0927411314834e-18,0.959454325125625,0.0405456748743056,6.98511297591133e-14,2
"20107",3.85140566092246e-20,0.987793743562754,0.0122062564372455,2.07995165299109e-17,2
"20109",4.43850252107668e-12,0.768428157992594,0.229980101371546,0.00159174063142192,2
"20111",1.90725846488463e-12,4.56362563846645e-09,0.999999995434467,3.00729442960121e-17,3
"20113",8.01086322207443e-15,0.842796947283715,0.157203052716277,1.73870545454817e-21,2
"20115",0.143766026903861,0.00614654305467873,0.850087430038529,2.93153545632552e-12,3
"20117",1.36859325319453e-39,2.19186005355916e-08,0.9999999780814,2.66766745743356e-40,3
"20119",3.93774967611758e-26,0.368562140902785,0.631437859097215,2.35346435933043e-29,3
"20121",4.99644607231787e-24,0.975393643498245,0.024606356501755,1.95432354370357e-22,2
"20123",6.41441325367863e-36,1.26465464875464e-05,0.999987353453512,1.97349771555028e-44,3
"20125",0.99493428786649,0.00367447146060712,0.00122163490182192,0.000169605771080565,1
"20127",1.46088109448326e-39,0.943075634907207,0.0569243650927929,9.42531130840213e-24,2
"20140",2.9722548766555e-15,0.636569757516133,0.363430242483864,1.23327789746121e-28,2
"20142",0.000995862411183266,6.78417772096327e-07,0.00184486288889774,0.997158596282147,4
"20144",0.0391043141965379,0.0049773406299763,0.955918345007701,1.65784756927485e-10,3
"20146",6.47277037488182e-05,0.013921523279172,0.984794618719255,0.00121913029782411,3
"20148",0.205474809806558,0.771047162416739,0.0234780273791605,3.97542124984943e-10,2
"20150",0.439437351478705,1.65680961062365e-05,0.00269940407688617,0.557846676348302,4
"20152",0.0992211044895353,0.880835485270564,0.0199429225853501,4.87654550719005e-07,2
"20154",2.11747695486855e-41,0.000170059353026963,0.999829940646973,1.31806426756833e-28,3
"20156",1.04648782818598e-11,0.296440132846271,0.703558532437322,1.33470594233907e-06,3
"20159",1.87166001013857e-08,6.06797306377726e-05,0.00919335326404076,0.990745948288721,4
"20161",9.45485495722592e-09,2.30844124241856e-05,0.987530490690326,0.0124464154423949,3
"20163",2.95681518981653e-05,0.724414782702963,0.275555649145138,5.5236379067459e-21,2
"20165",1.17004609269029e-14,0.012319999636037,0.789467090730753,0.198212909633198,3
"20167",0.877975483278853,0.117262138127266,0.00190987009041172,0.00285250850346934,1
"20169",1.88147789499034e-07,1.72036825337259e-09,0.00150558760915345,0.998494222522689,4
"20171",7.00412114171209e-52,2.97140801808989e-07,0.999999702859198,1.70428083841531e-31,3
"20173",2.05798656650512e-25,4.91877454304615e-08,0.999999950573781,2.38473463228144e-10,3
"20175",0.274072584068744,0.692166830488935,0.0282788226951125,0.00548176274720835,2
"20177",5.61854298182098e-18,0.170845164681503,0.829154835318156,3.40959446541177e-13,3
"20180",5.95242755217279e-28,0.905563303325916,0.0944366966740843,1.50194643575246e-39,2
"20182",6.22800941036997e-19,9.98199921736746e-21,0.999999395774376,6.04225624061906e-07,3
"20184",0.000816684018598859,0.00102510957351827,0.0011320269123889,0.997026179495494,4
"20187",2.74599328201792e-11,2.08253219482909e-05,0.999979171753601,2.8969903132078e-09,3
"20189",2.52232325949799e-11,0.961317090056194,0.0386829099185826,3.91660133581061e-16,2
"20192",5.86588428143372e-29,0.000120486783015894,0.999879513216984,1.22293694648136e-37,3
"20194",8.93287272330565e-06,1.90900518817357e-06,0.999738296110892,0.000250862011196772,3
"20196",7.10384392699724e-36,0.180597373103465,0.819402626896535,2.49545523559871e-31,3
"20198",8.04478741629372e-05,0.554705504454709,0.44521404703488,6.36248641736872e-10,2
"20204",0.937957935746844,0.000725681677479766,0.00293799866777102,0.0583783839079049,1
"20207",3.87101000207346e-30,0.757512646997484,0.242487353002517,9.84075792862049e-18,2
"20209",8.80621046668928e-10,0.000228375598584507,0.999771623520795,2.0382814067456e-31,3
"20211",9.12982517910577e-27,0.000159219123413214,0.999840780876587,5.72770320160776e-33,3
"20215",2.249161556022e-16,0.943068869302885,0.0569311306971148,5.87391024785471e-20,2
"20218",0.0255543632404628,8.156576163044e-06,0.000983055609879986,0.973454424573494,4
"20222",9.87880075216041e-21,0.875466408016269,0.124533591983731,3.29950352119087e-18,2
"20225",0.0655895762319265,0.00283151458314554,0.931578906096108,3.08882030899837e-09,3
"20229",1.16701725544286e-10,0.0717889877528649,0.928211012130433,3.47415310788832e-21,3
"20232",6.25332803205737e-12,0.933882100845094,0.0661178991486455,7.70669018377172e-15,2
"20234",3.38463997643576e-64,0.000510874172865333,0.999489125827135,3.06612250943385e-57,3
"20238",7.17233355482277e-22,0.910773170357156,0.089226829642844,5.1466259357101e-17,2
"20253",1.70983179743379e-30,0.875524099766671,0.124475900233329,9.76022327630513e-26,2
"20255",0.958582011159941,0.037949502324173,0.00346791388550647,5.72630379433276e-07,1
"20258",7.31841844866904e-26,0.986035044363861,0.0139649556361391,2.4499594281256e-26,2
"20269",8.504304015988e-14,0.962778190237942,0.0372217752989155,3.44630576048419e-08,2
"20271",1.31076720458867e-28,0.546031287159526,0.453968712840474,1.39993621103965e-30,2
"20285",4.02403176832534e-10,0.0172847663967727,0.982715232492941,7.07883321925577e-10,3
"20288",3.27051734740422e-16,0.967140259537996,0.032859740462003,1.28716216556514e-16,2
"20291",7.62175580683983e-34,0.222244182159634,0.777755817840366,4.94523731183393e-24,3
"20295",7.59289088082016e-15,0.0691715757002195,0.930828424299473,2.99784446431799e-13,3
"20298",0.99511810374727,0.00413287791900428,0.000748421490233642,5.96843491917163e-07,1
"20302",0.000467859199785184,0.0180081496464385,0.0338601547561743,0.947663836397602,4
"20305",0.994456462110729,0.00278486103189029,0.00275867664591564,2.11464821007278e-10,1
"20307",2.24905582778325e-30,0.98048619231471,0.0195138076852899,4.29339774677282e-23,2
"20310",1.1836667501266e-52,0.177953036796257,0.822046963203743,6.36765331354488e-38,3
"20313",4.75235090663048e-11,2.11108139430889e-09,0.0135921689632277,0.986407828878167,4
"20315",1.19275626312664e-25,0.992562346537706,0.00743765346229399,1.69548397868309e-22,2
"20319",2.554337401417e-35,0.0404323007993503,0.95956769920065,1.06043254547003e-38,3
"20321",2.09887004607238e-28,0.862888072967781,0.137111927032219,3.88974338914891e-22,2
"20327",2.95266416108278e-27,0.974033441717786,0.0259665582822142,6.58990834003859e-22,2
"20329",4.75367905983887e-06,8.20433829676144e-09,0.999984853051718,1.03850648834286e-05,3
"20335",3.24944626284509e-36,0.409168330503409,0.590831669496591,7.93424256883433e-24,3
"20337",2.82349077801544e-05,9.38341995560561e-05,0.00059958606166697,0.999278344830997,4
"20339",1.33037762303819e-20,1.48765931946044e-05,0.999985123406805,5.57883955008662e-37,3
"20341",1.27726873858388e-37,1.65180497107964e-05,0.999983481950289,4.35075015391804e-19,3
"20343",2.25137269037192e-38,0.0813649699108518,0.918635030089148,5.6287496370519e-18,3
"20345",0.000937000554164153,0.949745632552926,0.0493173668929091,4.6781317415617e-16,2
"20350",1.52100230111439e-21,0.000146511662488102,0.999853488337512,2.76401919458674e-17,3
"20352",2.90456294425059e-07,4.68385262823368e-08,0.00100532871080624,0.998994333994373,4
"20355",6.14395163075083e-10,0.00165272067106019,0.903349537480202,0.0949977412343422,3
"20358",0.00784501848025617,3.62505882813605e-07,0.992033411196827,0.000121207817033687,3
"20363",9.69543330566083e-23,0.96016092783666,0.0398390721633401,9.27277082933748e-20,2
"20365",2.82549918718167e-18,0.777486660123096,0.222513339876904,1.22146081548668e-24,2
"20379",0.0787915153276025,0.324318339143188,0.596871138777562,1.90067516482269e-05,3
"20387",2.47435678952849e-18,0.974020183033538,0.0259798169664622,4.71801081927104e-18,2
"20392",4.58337632077355e-32,0.000119347645540322,0.99988065235446,2.98162154886308e-42,3
"20395",0.272291862282871,0.687687596619544,0.0398985386262547,0.00012200247133019,2
"20397",1.92746708853715e-12,2.87806241560318e-16,0.998449579854361,0.00155042014371166,3
"20410",6.09666786138713e-15,0.968397717416321,0.0316022825836729,7.78873628740941e-27,2
"20414",0.819629422394107,0.0836226553623434,0.0737283021381649,0.0230196201053853,1
"20417",9.43850373230992e-85,2.99137193011153e-11,0.999999999970086,4.01729130260178e-71,3
"20419",5.59025338584253e-33,0.890778073550515,0.109221926449485,2.27944413745829e-21,2
"20421",8.27870001376518e-06,0.0157266323170472,0.983572610505654,0.000692478477285321,3
"20423",0.936043661478351,0.00950355244351215,0.0128897156630145,0.0415630704151219,1
"20425",0.159331921769096,0.155845002390963,0.214082171661709,0.470740904178232,4
"20427",0.000134040822559085,0.969901442985331,0.029964516192043,6.6911007562656e-14,2
"20429",3.2398948437441e-33,0.00542390169263965,0.99457609830736,1.01541937110262e-18,3
"20432",0.844198583655124,0.00068812106357074,0.0803260888189069,0.0747872064623982,1
"20435",2.04757215533545e-08,0.912563799409723,0.0874361801145551,1.59052684592311e-18,2
"20438",4.17846985411881e-21,0.420616309253071,0.579383690742334,4.59495364810108e-12,3
"20440",6.36704467072093e-29,0.987721383475672,0.0122786165243281,2.9454737161539e-16,2
"20443",1.33514376405375e-11,4.05680159852316e-05,0.362900250287912,0.637059181682752,4
"20446",1.0944328670437e-10,0.843773582069442,0.156226416984137,8.36977746719339e-10,2
"20449",2.48977527191854e-12,0.967467645066113,0.0325323549313974,2.68882809665527e-16,2
"20537",3.77354888721807e-22,0.159442380983579,0.840557619016421,2.3855449986383e-18,3
"20540",2.196644069134e-39,1.04838136856339e-05,0.999989516186314,4.1648931630268e-46,3
"20543",1.95277650046514e-08,0.981263206494402,0.0187367731035002,8.74332920457294e-10,2
"20545",2.24586220708588e-29,9.05694715464188e-06,0.999990943052845,1.97336129088707e-32,3
"20549",0.0282805276551542,0.922509901655908,0.0338981311730494,0.0153114395158879,2
"20551",3.67766113946288e-10,0.993102565793418,0.00689735189773082,8.19410853198081e-08,2
"20554",7.50102761353154e-14,0.994082560351118,0.00591743964335735,5.4498372989116e-12,2
"20556",2.99273166203827e-09,0.960494537189084,0.0395054598161215,2.06317717130093e-12,2
"20558",1.60830988615332e-24,0.990560541562385,0.00943945843761473,9.7449315354598e-20,2
"20560",6.86713735221896e-10,0.973463844824094,0.0265281353636028,8.01912558912788e-06,2
"20563",1.84203890370699e-36,0.938990869397615,0.0610091306023847,2.73344429543157e-24,2
"20565",5.68613691794296e-12,0.920184902969165,0.0798150783335368,1.86916117794937e-08,2
"20567",0.0642850457770961,0.00128657180775494,0.0367105775901242,0.897717804825025,4
"20571",2.81055369579135e-32,0.0518120540179383,0.948187945982062,1.26718754452e-28,3
"20573",9.54471145289617e-12,0.983405383962622,0.0165945337363555,8.22914771219651e-08,2
"20575",1.03380458002769e-31,0.891679123850689,0.108320876149311,2.19594510869584e-22,2
"20577",3.16635810000624e-08,0.989376904047137,0.0106230642888194,4.63043677586751e-13,2
"20579",5.08399517854246e-08,3.50052134282773e-11,0.0530351142914652,0.946964834833578,4
"20582",1.10481435607717e-37,0.980678694564272,0.0193213054357285,4.32485604768127e-29,2
"20585",9.81482288310148e-15,0.192065558691186,0.807934441308804,1.11018753272066e-26,3
"20588",8.72058497666537e-20,0.000683432734435916,0.999316567265564,4.17833562906516e-20,3
"20590",0.0013937809772219,1.1795943459533e-08,0.00219529189268534,0.996410915334149,4
"20592",7.29768655278397e-36,0.979424974484887,0.020575025515113,2.32421049414908e-19,2
"20594",1.71726058530353e-36,0.965599784362468,0.034400215637532,8.45525346118496e-33,2
"20596",1.39392823061156e-13,0.954582248139129,0.0454177508848387,9.75892595987275e-10,2
"20598",3.60840955281692e-10,0.988617784354261,0.0113822152237879,6.11101574707184e-11,2
"20600",5.57684206019488e-09,0.527247148164998,0.472752845053768,1.20439205537105e-09,2
"20603",0.422489768807559,0.10227287177149,0.475104768571543,0.000132590849408601,3
"20605",8.14684577995667e-23,0.982885284486983,0.0171147155130172,7.21587212272296e-26,2
"20607",6.54355482731913e-16,0.983912438658561,0.0160875613414387,8.03789998743664e-17,2
"20609",1.47442007898447e-12,0.991033262141428,0.00896673785702024,7.76197159246275e-14,2
"20611",0.994369980280894,0.00124967062939811,0.00394248865972535,0.000437860429982436,1
"20613",8.94534146529183e-06,0.978147502248218,0.0218435524103154,1.58686526933142e-15,2
"20615",5.41965358445389e-06,0.968969324599619,0.0310244063330812,8.49413715556001e-07,2
"20617",6.77473728191749e-10,4.14938236664825e-07,0.00906415354060783,0.990935430843682,4
"20619",2.58077415019848e-31,0.953548191608563,0.0464518083914368,7.7300266568815e-18,2
"20621",1.12195929576287e-11,0.94862215492821,0.0513778450496512,1.09189816022957e-11,2
"20623",6.90866971870537e-07,0.00160119359829155,0.30724245430009,0.691155661234646,4
"20625",0.00621402422482351,0.0121036757021274,0.981682212109559,8.79634903433105e-08,3
"20627",1.84959222827235e-07,0.989184528012782,0.0108152870278444,1.5111361522298e-13,2
"20629",2.25200603552672e-09,0.9961656387745,0.00383433740487956,2.15686141604187e-08,2
"20631",1.26092859423839e-35,0.868725476046934,0.131274523953066,3.29080169422933e-20,2
"20633",1.16575773671804e-10,1.38968145927949e-11,0.00201698942593579,0.997983010443592,4
"20636",0.00806174232809701,0.103682774877565,0.887946750760099,0.000308732034239332,3
"20638",2.74450165746768e-09,0.364334348626389,0.63566564862911,3.47580653237754e-22,3
"20640",8.269797298239e-21,0.878194014265476,0.121805985734524,2.85417545482341e-30,2
"20645",5.54278050299697e-40,0.948655164115091,0.0513448358849087,3.23550736171814e-35,2
"20647",9.56553474528696e-15,2.32687663519959e-10,0.00902151936078957,0.990978480406513,4
"20649",6.17847905165532e-13,0.874970679024917,0.125029320974465,2.3846563686432e-16,2
"20651",2.70489443907873e-49,0.0102330607772431,0.989766939222757,5.77383017635028e-24,3
"20656",7.46883155659861e-27,0.28188764409624,0.71811235590376,9.88984446634836e-28,3
"20660",1.53077540496349e-26,1.07785473097453e-05,0.99998922145269,3.33806204422992e-37,3
"20662",5.90213077587415e-08,2.0148579358578e-05,0.722589861285477,0.277389931113857,3
"20664",1.52767224812429e-20,0.0578179141812356,0.942182078080905,7.73785936356727e-09,3
"20666",6.48242394410725e-05,0.00161097979887972,0.998324195961679,1.31607184193868e-22,3
"20668",0.9978130357413,0.00080709740561846,0.000657845142486453,0.000722021710594979,1
"20670",1.12930145514259e-28,0.110133614523434,0.889866385476566,1.39209088736811e-28,3
"20672",0.758588734353561,0.000873172674879643,0.00434239850949029,0.236195694462069,1
"20674",2.31163742715123e-09,0.959440618827169,0.0405593788117106,4.9483123497819e-11,2
"20676",0.124071043570712,2.10443953774291e-07,0.873792417498444,0.00213632848689031,3
"20678",0.61614412619362,2.02465148951374e-08,0.343394857723781,0.0404609958360835,1
"20680",0.940004213995118,0.0436985091415279,0.00387451872656122,0.0124227581367932,1
"20682",0.0771741564786653,0.682848113423956,0.239977699858535,3.02388439841884e-08,2
"20684",2.77669798644634e-14,0.156447530439162,0.84355246956081,1.44592487858185e-22,3
"20686",0.00143410187912375,5.83964709131105e-06,0.000313286633738213,0.998246771840047,4
"20688",9.36781269740172e-05,1.60146803419078e-11,0.842640062318565,0.157266259538446,3
"20690",5.25498247492979e-24,0.0108299269289684,0.989170073071032,1.01861727855401e-37,3
"20692",7.27114875659089e-09,1.19029057767229e-13,0.00374654095016151,0.996253451778571,4
"20694",0.997827233546243,0.00149883955107967,0.000671965236796824,1.96166588045348e-06,1
"20696",0.737042330094885,0.113174193208285,0.14917111744577,0.000612359251059859,1
"20698",4.40055468862582e-12,0.644245416207739,0.355754583608234,1.79625937911659e-10,2
"20700",2.76402601613508e-21,0.0390388280176603,0.960961169620579,2.36176106789421e-09,3
"20702",2.16971158208073e-37,0.178638101796912,0.821361898203088,7.69730996134296e-40,3
"20704",2.60929521142466e-08,0.991180387640406,0.00881958625209094,1.45508708666045e-11,2
"20706",2.67534251238048e-11,0.00487556496604723,0.995124432861758,2.14544106817445e-09,3
"20708",0.929401936829522,4.5327821865982e-06,0.0705752453184813,1.82850698102592e-05,1
"20710",2.9912104145924e-14,0.70508261868014,0.29491738131983,4.00537902369658e-26,2
"20714",1.45641048507968e-05,0.000163173719498707,0.0318259991669246,0.967996263008726,4
"20716",1.94719003811407e-14,0.972892958446156,0.0271070415538242,1.18237098713263e-18,2
"20719",5.26791262583322e-11,0.153402700763247,0.846597299184073,1.30329268064303e-15,3
"20721",1.30097217387389e-38,0.937760995062764,0.0622390049372359,2.12757913763433e-21,2
"20723",9.87255773149742e-20,0.000529319957619918,0.99947068004238,5.53352803094837e-21,3
"20725",0.970522575300394,0.0279409157209572,0.00153611510471805,3.9387393104479e-07,1
"20727",1.57296459669815e-09,2.29559822776772e-10,0.99979598815247,0.000204010045005962,3
"20729",0.999000827084195,0.00020566704720316,0.000793502706138903,3.16246266265783e-09,1
"20731",0.995796210963029,0.00297761399202104,0.0012261559192512,1.91256991913014e-08,1
"20733",1.91517964971168e-09,0.941642814832968,0.0583571832518524,4.03911060769871e-20,2
"20735",1.40429268800233e-05,0.979095052594865,0.0208909044782477,7.64226988819156e-15,2
"20737",0.996046946042521,1.25228861481456e-05,0.0034273332981001,0.000513197773230715,1
"20739",9.5757846737442e-07,5.1793617206874e-11,0.00211666952801098,0.997882372841728,4
"20741",0.807108209230876,0.185273183709891,0.00568241275108173,0.00193619430815073,1
"20743",0.303215869192546,0.485024130124564,0.211712956546507,4.70441363830161e-05,2
"20745",4.09339147582304e-32,0.904787000078871,0.095212999921129,1.25253534404736e-24,2
"20747",0.971247591151982,0.000637775941552342,0.0272651929362919,0.000849439970173985,1
"20749",0.893064277495749,0.00112156126677287,0.0866752444160498,0.0191389168214283,1
"20751",0.0518097464975439,0.00778485520976141,0.940405398292695,7.20470024775195e-18,3
"20753",0.963662402028687,0.0226712384417034,0.0136663595283644,1.24492864177487e-12,1
"20755",0.0024833692485598,1.60413472615845e-08,0.997516497317399,1.17392694471538e-07,3
"20757",1.25240592927397e-13,4.80701760566851e-06,0.999995105591107,8.73911617817426e-08,3
"20759",5.643037594397e-26,0.629024836728193,0.370975163241738,3.00688090382955e-11,2
"20761",0.255586812960551,0.739619741940686,0.00474793880658764,4.55062921747761e-05,2
"20763",9.58039211602902e-06,0.363153443020987,0.6368369529654,2.3621497164928e-08,3
"20765",0.922619817608601,0.0600176203352602,0.00129207107349541,0.0160704909826436,1
"20767",2.99971091611069e-15,0.982412822745508,0.0175871772544887,4.89433830384815e-19,2
"20769",9.26349672439351e-21,0.0384696927803972,0.961530307219603,6.71497280387598e-45,3
"20771",0.00231572106809276,0.957872792428094,0.0216452021707797,0.0181662843330334,2
"20773",4.99740910478265e-13,5.15130803777942e-07,0.999999484868653,4.36706525137617e-14,3
"20775",0.0544252433290348,0.873410569789738,0.0721641868799574,1.26997100818315e-12,2
"20777",1.32325504763853e-11,0.0193951870910076,0.98060481289576,1.21996303637583e-25,3
"20779",0.953249419684675,0.0442411594159217,0.00250942081974661,7.9656952317355e-11,1
"20781",1.25001229287611e-28,1.48410399113219e-18,1,5.06405388032948e-28,3
"20783",0.0351871135455446,0.924997976144501,0.0165468028730131,0.0232681074369416,2
"20785",2.38092091778999e-14,3.01360515199151e-12,0.999999994959585,5.03737711196505e-09,3
"20787",0.990511537473312,0.00498583342823719,0.0011951262374385,0.00330750286101265,1
"20789",2.10505468748231e-06,0.984618553299119,0.015379341646191,2.66424314668812e-15,2
"20791",0.999044569207887,0.000149074891199032,0.000438745907287452,0.000367609993626009,1
"20793",0.000734106893288742,0.936415079977329,0.0628508131293798,2.96685971762351e-15,2
"20795",0.00207172254998051,0.00924011897173265,0.00524430032251176,0.983443858155775,4
"20797",4.17018970288614e-18,9.63686378380749e-16,0.999999997870952,2.12904752007219e-09,3
"20800",0.000690134819960672,0.00187147374024449,0.00519606140517957,0.992242330034615,4
"20802",0.805771703129667,0.141206830461509,0.0041958360382079,0.0488256303706158,1
"20804",0.998349655808755,4.35764990298766e-05,0.00160669776839347,6.99238213367523e-08,1
"20806",0.0600295531948761,6.35326720650915e-05,0.00158604411666971,0.938320870016389,4
"20808",1.28134919630951e-11,0.986242443433408,0.0137575565537785,2.00834854796516e-19,2
"20810",0.0384349558522205,0.22947551820953,0.72383122167068,0.00825830426756958,3
"20812",0.746680312738977,0.165902362564271,0.0873868443354425,3.04803613099778e-05,1
"20814",0.930390710408502,4.95899366632732e-08,0.0694761719245598,0.000133068077001503,1
"20816",7.45197632986642e-30,0.00370518568106351,0.996294814318936,5.04810920761006e-40,3
"20818",0.0214064483496193,0.951227483948046,0.0266126110580861,0.000753456644248282,2
"20820",7.00053234224142e-13,8.30016095394182e-11,0.0277205658020691,0.972279434114229,4
"20822",0.942744212660349,0.0564618194215046,0.000696254174439116,9.77137437078829e-05,1
"20824",2.6071063129036e-13,3.57532151265819e-13,0.999999998911359,1.08802261171535e-09,3
"20826",5.40561900148101e-05,2.46936583436932e-07,0.000233160514133762,0.999712536359268,4
"20828",2.24202005557948e-10,1.64120541520015e-10,0.00570271034940205,0.994297289262275,4
"20830",0.993688669019246,0.000725385510843649,0.00558513974042476,8.05729485931667e-07,1
"20832",4.45001041151909e-05,0.969404467447172,0.0283203357565624,0.00223069669215092,2
"20834",8.87898562986708e-14,0.981805379628505,0.0181946203714062,4.42539260381839e-20,2
"20836",0.983257690085686,0.0157793120789833,0.000962997313134308,5.2219702980735e-10,1
"20838",0.961481040619214,6.45330331945488e-07,0.0385182534613813,6.05890731116866e-08,1
"20840",3.75004975549056e-13,0.986025551969932,0.0139744480296926,8.88822168545154e-19,2
"20842",0.822062800162466,0.0132740282818356,0.164663171523725,3.19728090652555e-11,1
"20844",0.000524977972874857,0.000200190312124666,0.999274829694701,2.02029920215942e-09,3
"20846",0.000742716491280063,0.0491008776989112,0.0138666732995985,0.93628973251021,4
"20848",0.000930681316446089,0.987568160952489,0.0115011525740945,5.15697057882284e-09,2
"20850",3.61238446266467e-12,0.975090517370216,0.0249093749463754,1.07679795806502e-07,2
"20852",4.803940680995e-17,0.730468055310985,0.269504320516044,2.76241729714168e-05,2
"20854",1.87387034295838e-05,7.35438978875604e-06,0.000393466866015239,0.999580440040767,4
"20856",1.56028776449449e-27,9.40867859111241e-07,0.999999059132141,4.53688232891428e-36,3
"20858",1.0584132895416e-21,0.894332995110565,0.105667004889435,1.99966973327332e-18,2
"20860",0.00825490501178366,0.00440350737982046,0.987341587608395,1.21978763582224e-15,3
"20862",2.60482040408393e-23,0.777034062622327,0.222965937377673,6.51029594874529e-25,2
"20864",3.17081459290232e-06,2.6333828257115e-06,0.000433620907712995,0.999560574894868,4
"20866",1.39622925534382e-56,0.437152730082039,0.562847269917961,8.68771254039241e-37,3
"20868",2.81297292624214e-16,0.988873316678328,0.0111266833186929,2.97880709136774e-12,2
"20870",0.0549811586719752,0.929912918011051,0.0150390420559107,6.68812610635824e-05,2
"20872",0.982151272286823,0.0162823369277011,0.000390667003111445,0.00117572378236502,1
"20874",1.43512883926001e-09,2.24281151816254e-10,0.00292408523929031,0.9970759131013,4
"20877",6.5224047270522e-14,0.973516194511424,0.0264838054885103,4.33153296665253e-19,2
"20879",3.35824439672029e-23,0.978816528793414,0.0211834712065865,4.25098674605255e-27,2
"20881",0.990370066557828,0.0084110180894437,0.00121606144433524,2.8539083926451e-06,1
"20883",0.00259120144594314,3.18792927203974e-06,0.997405607081668,3.5431166551685e-09,3
"20885",0.946271670552627,0.011683764965951,0.00291641172792057,0.0391281527535019,1
"20887",2.55888988769957e-10,0.953551223589595,0.0464487761545157,3.08978958134668e-24,2
"20889",0.424539416580766,0.511040645600107,0.0644199378099096,9.21769203752535e-12,2
"20891",6.82907396574973e-22,0.98089716885285,0.0191028311471497,3.0596457162635e-22,2
"20896",6.78059833732312e-12,0.948794724162121,0.0512052758310982,3.76502802692011e-18,2
"20898",0.925835130947206,0.0723536850349287,0.00181060929550871,5.74722356687676e-07,1
"20900",6.36017598273307e-15,9.23984379199746e-15,0.999999999999984,1.65704953706416e-16,3
"20902",8.24501979693956e-12,0.109864650648364,0.890135349343391,1.68011307313607e-31,3
"20904",3.39299850003964e-11,0.00575952469029135,0.545352430265927,0.448888045009851,3
"20906",6.46440739724837e-18,0.861722698961125,0.138277301038875,4.7947267835987e-24,2
"20908",0.00879594637174509,0.633231742096644,0.0228350742147962,0.335137237316815,2
"20910",0.0293084879736042,0.0499116718503127,0.92073189485706,4.79453190236031e-05,3
"20912",6.50832615749866e-25,2.97921320826478e-17,1,9.19243710087117e-41,3
"20914",8.26808574511353e-43,0.899183317215973,0.100816682784027,4.54675497008358e-45,2
"20968",1.38219617763074e-17,6.55072731322162e-11,0.99999999454664,5.38785244024621e-09,3
"20970",1.49360305497654e-14,0.995318310748387,0.00468168492743041,4.32416721009203e-09,2
"20981",4.79227806582697e-15,0.696700869199179,0.303299130800816,3.71388447114583e-17,2
"20983",0.617227848311242,1.86938331730518e-07,0.0646137573707677,0.318158207379659,1
"20988",6.93931143828323e-21,0.988978429125593,0.0110215708743536,5.38755427433115e-14,2
"20995",1.30626565378437e-25,6.91404468985388e-08,0.999999930859553,4.44872591253076e-31,3
"21017",0.0101242645808906,0.967397815766554,0.0193158486315663,0.00316207102098948,2
"21038",6.14289410172477e-17,0.95068605865469,0.04931394134531,8.73414525607345e-22,2
"21072",1.1143286194276e-18,0.933075933689559,0.0669240663104394,1.97530487697934e-15,2
"21075",3.55319929188315e-21,0.834080290415172,0.165919709584828,5.41136499234959e-31,2
"21223",0.00285540863258882,0.981307082560596,0.0158375076186291,1.18818612540371e-09,2
"21225",1.20134518209951e-45,1.65723824276768e-13,0.999999999999834,2.58990549102417e-60,3
"21230",5.47265597396655e-05,1.46416901102669e-09,0.000379304999069253,0.999565966977022,4
"21236",0.03696526335566,0.93532919915229,0.0277055220079614,1.54840889149539e-08,2
"21238",4.72310243503781e-12,0.0268240795921334,0.973175920403143,1.02207313362589e-24,3
"21241",2.27017062089432e-29,0.722175927846571,0.277824072153427,2.32712675338772e-15,2
"21246",2.22465058394065e-11,0.984283591541841,0.0157164036940636,4.74184859253083e-09,2
"21253",0.00295719012586775,1.23259202845904e-05,0.000308810908654653,0.996721673045193,4
"21256",0.000102539363461642,0.029406791828462,0.0123267082843565,0.95816396052372,4
"21260",1.82245596548441e-40,9.1933212642532e-06,0.999990806678736,1.04462089224772e-33,3
"21266",5.63015613221748e-13,0.989866631994301,0.0101333680050833,5.25923850266671e-14,2
"21332",1.07547833726589e-12,0.975189850716987,0.024810149277922,4.01524057540113e-12,2
"21334",0.555505000668058,0.418616930662422,0.0258780686678961,1.62399636479352e-12,1
"21375",1.48126584895864e-34,0.598867980374192,0.401132019625808,7.77124381251947e-29,2
"21378",4.24423438848027e-49,0.464431519212385,0.535568480787614,3.85541566893976e-37,3
"21381",1.91630298977729e-31,0.772294405905217,0.227705594094784,5.98627011489434e-21,2
"21389",0.970306931881394,0.0148122952177336,0.0132388249668818,0.00164194793399087,1
"21391",4.36867486301214e-20,0.0858319744846541,0.914165615582379,2.40993296749566e-06,3
"21402",7.60439541840284e-16,0.919382682380001,0.0806173176199947,3.94519163558541e-15,2
"21404",2.93839925539193e-15,0.628720943573043,0.371279056426954,1.90306022791688e-28,2
"21409",1.3112252791245e-18,0.975199464880734,0.0248005351192659,4.78470485887543e-27,2
"21413",1.38364119078727e-10,0.654300900178701,0.345699099682935,6.68383762232494e-33,2
"21423",7.12267232415515e-35,0.00385168804776564,0.996148311952234,4.44024999696415e-34,3
"21425",6.06828961388911e-17,0.87798815433498,0.12201184566502,6.51585615924405e-26,2
"21430",5.43930017040115e-12,0.00155020468387771,0.998449795310683,4.99280097468181e-19,3
"21432",2.48811099436257e-08,0.986229722600806,0.0137702524974436,2.06409410352485e-11,2
"21438",8.69241320811498e-39,1.238894277822e-05,0.999987611057222,1.08998421306479e-24,3
"21440",4.93750033411805e-11,0.967939236262322,0.0320607636882917,1.13801785226573e-14,2
"21443",0.978717334776222,0.0174488793340965,0.000658484090990838,0.00317530179869097,1
"21445",3.56029827459534e-22,4.21706801491584e-06,0.999995782931985,2.27753944907253e-27,3
"21447",3.0350417756536e-34,0.913593386253889,0.0864066137461109,2.10513811537806e-25,2
"21449",2.73251778144273e-27,0.930219729498125,0.0697802705018752,1.37701982235887e-19,2
"21451",2.73251778144273e-27,0.930219729498125,0.0697802705018752,1.37701982235887e-19,2
"21455",1.92144475856692e-21,0.977938651821986,0.0220613481780134,5.15607712618696e-19,2
"21469",1.1235687512314e-49,0.108713076630595,0.891286923369405,1.68056084812921e-43,3
"21471",8.6554267355769e-29,0.835859415967316,0.164140584032684,1.94003943123271e-31,2
"21473",0.00333041353890715,0.150840237696771,0.845071498323787,0.000757850440535495,3
