"","V1","V2","V3","V4","V5","V6","V7","V8","V9","best$classification"
"19812",0.223288228329738,0.0424298408008777,2.36659093492207e-05,0.00048522154346988,7.55929139094228e-05,5.41079382650778e-05,0.000155390430060691,9.32174600264352e-07,0.733487019959729,9
"19814",0.0137294018447241,0.000678471343147234,5.27864253076234e-06,3.91199398435397e-05,1.00290764920106e-06,5.86213043387836e-08,2.05624629240414e-06,0.0018955624803796,0.983649047974129,9
"19816",0.767342022538041,0.00654063079419208,3.62820879012221e-06,0.220083086401839,3.63127822766652e-09,0.0022020797884538,7.74371102929125e-06,5.70859201346627e-07,0.00382023406717436,1
"19818",0.613306726358945,0.000249286950214929,2.64374395634318e-05,0.000924039412878381,1.52592592479971e-06,1.99149739051136e-06,6.64508885952636e-06,0.00638632494504194,0.379097022381181,1
"19820",0.001619050243467,1.90168635506332e-05,1.99704586813753e-11,0.998093054580113,1.36188644495509e-10,0.000131100613842922,0.00013777372453216,1.83327429219607e-10,3.63500794743211e-09,4
"19822",0.00247973040459483,0.0092557627078331,1.42028398813094e-09,0.862865070660557,5.31072553810509e-06,0.00521337995834044,0.120179381634701,1.06978390025993e-06,2.9270425094826e-07,4
"19824",0.48921853273211,4.29472992463098e-06,5.7323906066455e-06,0.427444100841309,1.77961331291426e-07,0.0814792872355066,7.40928101008548e-05,0.00163059245750597,0.000143188841604224,1
"19826",0.0698749057170418,0.119792787062904,0.00336226164329016,0.00143609137824462,1.22003923829599e-06,0.0110353472124004,1.52808941785795e-06,2.38349640070312e-05,0.794472023893456,9
"19828",0.316460460387285,0.000107897816956589,1.02499350990787e-08,0.682256001101688,6.16529463652852e-08,7.11675977910961e-06,0.00109391722908155,1.10231041595087e-06,7.34324919122573e-05,4
"19830",0.00688121916825452,0.0973640245324049,0.00185548378770769,1.20486028354775e-06,0.00335372482212346,1.54486545992336e-05,9.90669825300119e-06,8.40287728397763e-05,0.890434958703534,9
"19832",0.0966294406597245,0.0304432846834395,2.97493745113726e-07,0.0121322623826687,0.0175491312442995,0.000201636484016207,0.702027573517381,1.03141750796096e-06,0.141015342117217,7
"19834",0.168945475068851,0.74598005189251,7.06994373862053e-08,0.0696195601387384,4.9051737575775e-06,6.67863763245308e-06,0.00747914676370523,7.68824017659034e-05,0.00788722922360256,2
"19836",0.924571545764815,0.00131648871161615,0.00277120834509062,0.00109533098821389,1.73403700946641e-05,0.0340488553526577,5.03136800738797e-06,1.46641395087913e-07,0.0361740524581091,1
"19838",0.000366581468278556,0.000549666931451343,1.28503502769814e-05,2.14825695233137e-07,4.29373068242864e-05,1.377068631318e-08,1.55425348831852e-06,0.000214871157776441,0.998811309935522,9
"19840",0.145938271700069,0.789564290207178,0.000130877307479834,0.0463681058970375,3.79288177558719e-08,0.00184568723711557,5.0230092041064e-06,2.1939076410802e-06,0.0161455128054571,2
"19842",8.97536403394767e-06,0.000137486529550921,0.984280073951551,1.17052761539962e-08,2.06024392018918e-06,0.0001568892822557,2.44338043660985e-10,1.41541987600392e-06,0.0154130872591972,3
"19844",4.9694071986652e-07,7.09880421394987e-08,9.78184987062449e-06,7.28239460862212e-07,8.19049150772185e-09,8.99977721242178e-07,1.04064224957356e-09,0.999984132997058,3.87977599393843e-06,8
"19846",0.000211692373672987,4.37980542646098e-06,0.0265387717312962,1.82356278320178e-08,2.25591618508433e-06,1.23689691010531e-06,6.06610455711624e-10,0.0594036903496947,0.913837954084576,9
"19848",0.00023349783150691,1.15895801132026e-05,0.000908617152153302,3.29148620850274e-08,2.49406441103217e-06,1.80861692032662e-07,3.96554464519098e-09,0.0211273700494667,0.97771621358025,9
"19850",0.000569658649814026,7.90554995875534e-05,7.7752651077974e-05,2.02598687089778e-06,1.40081128088598e-06,1.02234195081505e-06,1.03705841862906e-07,0.194140751010886,0.80512822934269,9
"19852",0.972596933542987,0.00107320582044053,3.42884110146626e-07,0.00708305342496314,2.48570507899327e-07,1.66964260264739e-05,2.02329521721994e-05,6.25070118344816e-05,0.0191467793669583,1
"19854",0.000202213950081957,3.8200646906442e-05,0.000237072482317833,3.63553708397409e-08,3.45613587843167e-06,2.48151156463145e-08,1.34328008261145e-08,0.00171673910537123,0.997802243076157,9
"19856",7.2068033919156e-05,0.000270745947482299,5.33138928132485e-05,3.63987336510259e-05,8.759260552587e-07,0.000134916174278337,8.13662668256399e-07,0.9885208799137,0.0109099877154323,8
"19858",0.00288817626977143,3.02279882619656e-05,8.86925548513049e-07,0.00178339453440949,1.46425253462222e-06,0.000652144721354457,2.11203760880208e-05,0.994096579327925,0.000526005604106579,8
"19860",0.57309388757498,0.151336510582049,5.53271507148355e-06,0.0208894986493055,3.76688972115375e-07,6.61986931174471e-05,5.13213777022419e-05,2.14459372557507e-05,0.254535227781547,1
"19862",9.74571825115544e-05,1.11110901568415e-05,0.096871705076411,6.03265301139309e-09,4.84317237778479e-06,1.29659665871673e-06,4.14195832332635e-10,0.00163424981615683,0.901379330618879,9
"19864",3.77819573647079e-05,5.93642200712342e-07,0.978689241196688,1.21484673315751e-06,2.75307076064787e-06,0.0212657146808674,1.37366724834503e-09,1.13580341240682e-06,1.56342830594265e-06,3
"19866",0.245349527925357,0.023712199354413,0.00023962679284411,0.0657418948742245,4.30528012137924e-08,0.664773863064326,3.18684893215236e-06,2.19845018034813e-07,0.000179438242083788,6
"19868",2.50795421168757e-07,0.00305058166470186,6.21045689832074e-08,6.65938818035272e-07,0.947977116443461,3.59779708197514e-09,0.048933867634815,2.14446201751374e-05,1.60072002421416e-05,5
"19870",0.0242178970325555,3.80255363401839e-05,0.00637146353384405,1.55642271142577e-06,1.00948051414216e-05,1.60098818197953e-06,5.66643722297096e-08,0.00155801914720564,0.967801285869648,9
"19873",0.434706017989201,0.000921011466747343,0.00175013760064127,0.000560289585583795,8.64484622250565e-07,0.000138358774200706,9.21555701445822e-07,0.000460918630375485,0.561461479912927,9
"19875",0.110242591013723,0.0350749680364774,1.94334410199972e-08,0.852171453274338,4.63620589055939e-08,0.000101140837769641,0.00164979010013886,2.62568546994899e-08,0.000759964685199342,4
"19877",0.190224252663453,0.0043990722796656,8.19398937901899e-05,3.13314130459513e-05,1.35071499300715e-05,6.11090442269274e-06,1.4526820615393e-06,0.00192004364169794,0.803322289371933,9
"19879",0.96099555573225,0.00300856865317171,7.23941068974787e-06,0.00113254931237481,1.46110787984983e-05,2.27686385131904e-05,4.30913281373638e-05,0.000681567300397947,0.0340940485456671,1
"19881",0.0608474175066267,0.00292785499761599,0.00828163687747434,0.000159259029561985,4.18336507845607e-06,0.0199459205874493,7.52023682112345e-07,0.00087692208406527,0.906956053528446,9
"19883",0.0312492139896931,0.00137770493872826,0.344086331334165,4.79063593915044e-05,1.3211630584272e-06,0.0115572808085587,5.12380045656707e-08,3.50588825429136e-05,0.611645131285858,9
"19899",0.105582345707296,0.884374023964503,2.29020477604758e-05,0.00136711851426736,4.92097235754917e-05,5.51224758176263e-05,6.70372665157509e-05,1.38946174611476e-06,0.00848085083851799,2
"19908",0.000622073210849949,0.982064935774641,0.00154750260899138,0.00067746649524484,0.000431331639303845,0.0143720297706255,9.70849930153942e-05,0.00014841558121025,3.9159926118236e-05,2
"19910",0.970364551004994,0.000129015276498529,8.69395005405192e-06,0.00117423140043172,3.28796419254743e-07,5.38182316373021e-05,2.0470222992988e-06,2.37005076815946e-05,0.0282436138099844,1
"19912",2.92453642011221e-05,0.00138943245208092,0.840745981614573,2.95839121716281e-08,3.89360232135292e-06,8.72260209316838e-05,9.15328062192522e-10,0.000103909874079991,0.157640280572572,3
"19914",0.575852860124639,0.283116754538036,4.42273970444064e-06,0.00244050994620619,0.000121318345077041,0.000376320726558704,0.000563953743261553,0.000470851356408467,0.137053008480109,1
"19916",0.000866534635502015,1.20875793374451e-06,1.82111163389035e-05,0.0011686544756264,1.74318006532812e-08,0.997943548714541,9.90552290870894e-08,1.4699839408857e-06,2.55829087556146e-07,6
"19918",0.00850841916736194,2.37532951323051e-05,0.00565856699061165,2.25082206322667e-06,3.02210626547782e-07,2.57149597597558e-05,4.55939355655884e-09,0.0776168900564891,0.908164097938562,9
"19920",9.86444818618874e-05,4.84545552979221e-05,0.000107608866894377,2.09949230430631e-07,9.28178063704552e-08,9.16820869211287e-08,1.88570982614228e-09,0.894174359552318,0.105570536208795,8
"19922",0.0938727789014235,7.22196350008925e-05,3.3830339729788e-06,0.000556387618301142,0.459472004404816,1.14384602585019e-06,0.28723132427996,6.53553442292671e-06,0.158784222746077,5
"19924",0.184477080393324,0.00596341071825183,0.000278340746596307,0.000174716385448912,2.4177054924742e-06,6.70965884818425e-06,8.0052595197277e-07,0.0320631519907909,0.777033371875295,9
"19926",0.502315549290269,0.448546041444758,0.00019879774207705,0.00415935406156112,0.00109804972850302,0.0268607728630982,0.000772279868214017,9.08768307318286e-08,0.0160490641246879,1
"19928",2.84956257976173e-08,4.75023635198807e-08,0.992639763872582,1.18272974756622e-09,1.87940567861269e-06,0.00735734917240556,1.61706469998022e-11,5.36152872940693e-07,3.94199570797681e-07,3
"19930",0.0267282529514254,8.69730786499149e-05,9.18454925582772e-05,5.05584704357524e-06,6.05314715647242e-06,6.54712361537101e-07,5.14650769709549e-07,6.82553110777901e-05,0.973012394808957,9
"19932",0.000463696870251288,5.58661846583501e-05,4.38388669357585e-05,1.03607979548156e-07,7.0998667388632e-06,1.94587714175534e-08,8.61912557789648e-08,0.000580070927106952,0.998849218026302,9
"19934",0.362487391141943,0.0464679030790379,5.49197508540069e-08,0.56286906907959,1.20910172907924e-06,0.000167999150062051,0.0108504462991745,0.000121140399037105,0.0170347868296753,4
"19936",0.0661778997019425,0.0633418397898371,1.20932185784373e-05,0.000260672936061864,7.94218480090253e-05,3.11186014129447e-06,5.87682287535002e-05,9.92275421133465e-05,0.869966964874563,9
"19938",0.0865042771593481,0.149597892920247,9.92881960838807e-08,0.741953510874602,2.69667910103966e-06,0.0171985539843842,0.00465402752377084,4.46389815116905e-05,4.43025888390727e-05,4
"19940",0.879720360322744,5.72911570407268e-05,0.0043228178361877,0.000348498790329125,9.44377938796486e-07,0.00133610467935148,2.27216888716149e-07,7.89369350711838e-05,0.114134818684448,1
"19942",6.10733410000753e-07,1.03763564710658e-05,0.935692358131981,4.98596763015408e-08,1.12262237931259e-07,0.0642891541210395,3.43227642918949e-11,2.16081912024994e-07,7.12241894884082e-06,3
"19944",0.969519887436691,0.00197396964420529,1.36507036540716e-05,0.0069735378219506,2.93834903097026e-07,0.00633671326260339,5.02479716684538e-06,3.43483137470953e-06,0.0151734876674514,1
"19946",0.704109220588557,0.00286335566708182,1.94338332176839e-05,0.00153019359921339,2.11146114365897e-06,0.000182796913964852,7.30383494785058e-06,0.0115510098231885,0.279734574278685,1
"19948",9.23364352272874e-07,3.1934315474701e-08,0.99726143333256,1.03257817677156e-08,1.81856420095216e-08,0.00272693732718015,3.34797021037632e-12,2.90601583434357e-07,1.03549252366646e-05,3
"19950",7.43079426079717e-07,2.64571039546713e-07,1.48554047409662e-06,4.86700918788309e-09,1.26380710157097e-07,7.22106013814778e-10,1.14944931950301e-09,0.999127024550157,0.00087034913962864,8
"19952",9.23364352272874e-07,3.1934315474701e-08,0.99726143333256,1.03257817677156e-08,1.81856420095216e-08,0.00272693732718015,3.34797021037632e-12,2.90601583434357e-07,1.03549252366646e-05,3
"19954",0.00497109242119724,4.26836468816349e-05,0.000160840897775791,6.03920634024581e-07,3.34361514124572e-06,1.30134482429399e-07,6.60178266673359e-08,0.000317936189248242,0.994503303156813,9
"19956",1.26038910100945e-05,0.121028740518454,0.0219870070541095,8.83294122932462e-08,0.00197071887920574,2.00772929976457e-05,3.97866188342635e-07,0.643694055085695,0.211286311082927,8
"19958",2.73816058289817e-05,5.82585278133387e-08,4.65227779683353e-08,6.15015676122375e-07,0.98372866988094,2.1817337731887e-08,0.016047330465175,4.85364916181661e-05,0.000147339942117863,5
"19962",0.119884222881734,0.0138573107009002,3.34485751997759e-05,0.0180093869701433,9.69006483008288e-05,0.0130088355782477,0.00096040273221597,0.267208538962151,0.566940952951107,9
"19964",0.747136916970165,3.77245177552659e-05,0.00798760025580049,0.000342141868155163,1.26832990854543e-05,0.00162097178072857,6.15563716632563e-07,0.00473764978869417,0.238123695955899,1
"19966",0.0129798070599443,0.0040060619226867,6.08674835529525e-06,0.104388733150098,2.68426820840827e-08,0.878605870351853,1.13848335335012e-05,1.82803104863774e-09,2.02726281607109e-06,6
"19969",0.0045775002385448,0.00394028410539035,0.0149586990536255,4.65423972285783e-06,1.98881006593686e-06,8.91808976110302e-05,7.46920829853432e-08,4.07902517708908e-05,0.976386827711186,9
"19972",0.0445015965810062,3.57214955819537e-05,0.554787083644039,2.45857987994101e-06,2.68807553743592e-05,7.45810095837757e-05,1.39121654859906e-08,0.0362505077280289,0.36432115629434,3
"19974",1.09963432838506e-05,8.92458164194148e-07,0.375833274534655,1.73084740666269e-09,1.04496409229597e-06,1.53003543943401e-06,1.96840045787146e-11,0.561321857641503,0.0628304022723304,8
"19976",0.447758446628691,0.00214173978151859,0.000236174007886566,0.00019812080891908,3.57319152748843e-06,1.76663671269313e-05,9.57609350420785e-07,0.0424257643416277,0.507217557263352,9
"19978",0.972828855423114,0.00011020311228728,3.87254015776778e-05,0.0106933142849475,1.82885504542158e-08,0.000499478056596972,4.68420725545189e-07,5.33915488190309e-05,0.0157755454633817,1
"19980",0.000137018222011592,1.79453300578237e-05,0.000260014249184517,3.55579812137137e-08,3.93711241294109e-06,1.7821337253505e-08,1.03775689259597e-08,0.134733073072027,0.864847948257419,9
"19982",0.000238246506519717,0.0008902268059568,3.61585423025499e-05,4.80393308456668e-06,9.17172347072835e-06,3.77904753687158e-08,6.63891338048979e-07,0.875085739935457,0.123734950871395,8
"19984",2.59059742917362e-06,4.65822676070883e-07,1.68100048276625e-06,2.61926525647175e-07,8.83983664544152e-09,2.39276027510979e-07,1.55677875092423e-09,0.999883252665215,0.000111498315028422,8
"19986",0.0259578926518958,0.00315473017308189,6.24999276548101e-10,0.964167876941956,1.57174595495253e-08,0.00556978667429,0.00114961868717454,8.23262932838011e-10,7.77058798789147e-08,4
"19988",0.00153595621689876,0.000126117723827696,5.20197615324626e-12,0.997014216886856,1.5879473558201e-09,9.26276265145387e-05,0.0012310784860978,1.49218060034143e-10,1.3174376677911e-09,4
"19992",0.00149828411211392,0.00439938707927744,7.9817670300006e-12,0.992813061174998,1.25849962642044e-09,4.62155870463527e-05,0.00124296350742015,2.45985445430362e-08,6.26741178062828e-08,4
"19994",0.0382835559733462,0.000427900154654167,5.13844836867304e-05,6.58701880211474e-06,2.36077940929921e-05,6.04630256076795e-07,2.04449345360012e-06,1.47031028761127e-05,0.961189612348832,9
"19996",0.0116346479198908,0.000147491184811999,2.49872456043382e-11,0.98799677547266,2.5381545795237e-10,7.30420809139583e-06,0.000213584281654751,1.84878826866273e-08,1.78166206030487e-07,4
"19998",0.00264387698705859,0.135657887421559,0.0171442346913071,0.000535092159833797,4.64113298940168e-06,0.811053289481207,2.17970921239147e-06,0.00158683264185572,0.0313719657749768,6
"20000",0.000141795794840051,0.196954034905051,0.00248441087588015,4.06531771554647e-07,0.123217678641787,3.14094802091086e-05,0.000177294171921134,0.000157724917289854,0.67683524468125,9
"20003",0.100023007723091,0.00755503272162436,0.000298360886845605,8.26317654484728e-05,8.43214187246394e-05,0.000128163935231293,2.18702335641094e-05,7.15082900527116e-07,0.89180589623257,9
"20005",0.000272112704547032,1.29894388272029e-05,0.0161970080111392,1.21094603477366e-08,3.07246661618776e-06,2.73177382607509e-07,6.41284262191077e-10,0.0193871602209354,0.964127371229808,9
"20007",0.788523102339148,0.168433610460901,1.54720720218592e-06,0.0165848380518666,6.8019227035247e-06,1.0821215812818e-05,0.00040922248571455,0.000222643554529764,0.0258074127621206,1
"20009",0.048770546911249,0.000238739333050464,1.1275848306446e-06,0.237707863359906,8.80622779428681e-07,0.712710351510967,0.000421130445607818,0.000113781813502266,3.55784181072764e-05,6
"20011",0.324206712210275,0.000642394629326593,0.0943816292635606,4.4778357315936e-05,1.91762864083613e-05,0.000103893568468327,2.04416885487934e-07,0.00737387131982358,0.573227339947936,9
"20013",0.0043485961899931,0.0143220023645895,2.65070961261551e-05,6.54801520192373e-06,3.27414110096932e-06,2.09974814683027e-07,6.00254602544735e-07,0.0996673102329485,0.881624951730623,9
"20016",0.0564992071812156,0.00296966309927208,3.52457168286752e-09,0.921957570662495,1.27506840287128e-06,0.00304852317556247,0.0155181708090139,4.97132060354738e-06,6.15158863002452e-07,4
"20018",1.53501102142308e-06,1.51101186994801e-06,2.06846201546008e-12,0.00421776770001804,0.000171234036925501,2.24936973235563e-05,0.995585458408867,6.16252151326596e-11,7.02803789680222e-11,7
"20021",0.828888877147665,0.000297730219658474,1.85364540865579e-07,0.167805191573696,3.7631410814536e-07,0.000674315389443811,0.000708726290215246,2.18681089458426e-08,0.00162457583256329,1
"20023",0.88840159210692,0.0342383590041703,3.06303427471745e-07,0.0617600221065233,4.3978263153893e-06,0.00341904492964385,0.000678296644902789,3.97541259328159e-05,0.0114582269521646,1
"20025",0.0064783176262336,0.000165700417617773,2.43384994543879e-09,0.311080870389847,0.00032341554215749,0.000157545980278726,0.681793608135721,8.87135301361768e-09,5.30602940845782e-07,7
"20027",0.00160789322094193,0.00787813436501686,0.592479884304383,5.46880914460189e-07,2.71742481889168e-05,0.000232924390125033,1.53317721536091e-08,5.0329110018349e-06,0.397768394347655,3
"20029",0.000305678003214808,0.000325531872928388,0.0488070699252206,1.51975408092425e-07,2.5631048532564e-07,5.49698281171583e-06,7.81323062138938e-10,0.00612252880343928,0.944433285345169,9
"20032",0.00297416426337135,0.000300541671266159,0.0109887635595207,5.40836820660596e-07,3.67240073651072e-05,1.85093288353468e-05,1.12177536479008e-07,5.02917154269791e-06,0.985675614983741,9
"20034",2.00798685219367e-05,1.66811945065343e-07,0.988301179045756,5.69485669986028e-08,2.58926108600531e-07,0.0116111657637595,5.32325934689126e-11,8.5887453996163e-08,6.70066946551975e-05,3
"20036",0.000125957319579678,0.970810615371383,2.7786202566893e-05,0.000179749107359783,1.84129392783871e-06,0.000206486156489872,5.4180261344754e-06,0.0106007111842837,0.018041435338275,2
"20038",0.0843802200739277,0.224977461714772,2.41443481767017e-09,0.662506668302238,1.0656888752705e-06,0.000129076508885792,0.0279803780160308,6.41558636321111e-10,2.5126639277357e-05,4
"20040",0.0290800409433383,9.81776816534692e-06,1.45236884040781e-07,0.344654561334121,2.88456536622461e-05,0.616788366290989,0.00943717852576037,9.5289915539141e-07,9.13479245271399e-08,6
"20043",0.0379831554856813,0.00620646557405539,2.0215562991602e-09,0.951238854973654,2.80216582697999e-08,1.43838530508741e-05,0.00415731816993788,1.46025821519652e-07,0.000399645874584781,4
"20045",0.00126439760254974,1.34196550180265e-05,4.83789490027508e-13,0.977011149320512,2.39912383444155e-08,2.20391348926793e-05,0.0216889576333743,1.03116983257994e-08,2.35023307123201e-09,4
"20048",5.12760467224743e-08,3.58325938564711e-08,3.46398609951369e-07,3.43951221886642e-09,3.95790394425773e-08,9.95560474363638e-10,5.68266059673176e-10,0.999989344267757,1.01776426142728e-05,8
"20051",0.0903684375618076,0.121217185790161,1.8882581834075e-07,0.105098534789495,3.64882335072167e-05,1.09229847252317e-05,0.0368241536826647,0.0125776424043028,0.633866445727518,9
"20053",0.929328331733359,0.000631902160025031,9.69974664740573e-07,0.0592188563578411,1.18142928946159e-07,0.00984383360644058,2.96428432177252e-05,6.2246104489662e-05,0.00088409907703335,1
"20055",0.0435117428952439,0.905535703867757,6.54668907990017e-07,0.0255541295386309,0.000150942389065019,3.10455656954919e-05,0.0239075960606341,2.45457029704322e-09,0.00130818255949557,2
"20057",1.01387932522082e-09,5.52141307426915e-09,6.61837633118921e-08,6.87134181648384e-11,0.99993071332708,1.85568343095683e-09,6.62658468168853e-05,2.75732657216972e-06,1.8885607846196e-07,5
"20059",0.931091434879091,0.000329750328603603,1.97432951427883e-06,0.0345134839907932,3.54633592574524e-05,0.0330453517003262,0.00045238047886875,3.85803644392562e-06,0.000526302897101849,1
"20061",0.980684575919478,0.00133864671963589,4.20808822450719e-06,0.0127980849195068,1.27796707203564e-06,0.00109716862862441,2.80023838965987e-05,1.38210156513658e-05,0.00403421435791023,1
"20063",1.53944333008046e-05,9.04656475807173e-05,1.32867193959957e-05,0.0069290234480512,2.49448691492969e-06,0.0152125878354756,3.4019247184201e-05,0.977700843721099,1.88446099797162e-06,8
"20065",0.000227163365523619,6.34310162520302e-05,9.93557048725088e-13,0.0169509200206959,4.23902479265749e-05,7.87456667782385e-07,0.982715281730186,1.52746195645047e-12,2.61602265321695e-08,7
"20067",0.0440468971460238,0.0010203909561074,3.87658317951432e-11,0.892940480913501,7.01294791191213e-07,1.57615055187821e-05,0.0617827509861825,0.000169598127066154,2.34190320433191e-05,4
"20069",0.000139385508224685,3.56919904509813e-05,8.46357951578919e-05,8.91440205711143e-08,4.15900551854753e-06,1.07554613113835e-08,2.73591445405489e-08,0.400001852493813,0.599734147948209,9
"20071",0.00335076042558436,0.994692087587875,0.00014565296516678,0.000135005050699384,5.54011098171042e-06,0.00110043417991402,2.55057566729779e-06,8.74226315697992e-06,0.000559226840954087,2
"20073",0.00368535032051059,1.4404180247027e-06,0.000402034425498182,1.12471153686143e-05,3.420835407257e-07,4.42298672679556e-05,2.96132939733204e-08,0.917517196182101,0.078338129974394,8
"20075",3.72694974962101e-07,0.000574393889485218,5.22283592013648e-09,2.1169718625002e-07,0.908097306264933,2.2729158654131e-09,0.0912941404184644,1.58724102550192e-07,3.34088151017274e-05,5
"20077",0.0796243158242423,0.703294730336189,1.77115668994024e-07,0.215444746297898,1.25599085030999e-08,0.000362327162775119,3.94178965679146e-05,0.000202643840457597,0.00103162896629295,2
"20079",0.00283685152579755,0.00710343766419255,3.6619279329734e-06,0.0689597125930891,1.28725474267657e-06,0.000197536189284641,0.000959633798905461,0.891357996490592,0.0285798825554634,8
"20081",0.298199307925305,0.0432620570585324,1.03742248627925e-09,0.284985051016675,0.000119649906709057,3.8223343034344e-07,0.372686459489104,2.22673480202427e-06,0.000744864598019836,7
"20083",4.46569876328281e-05,0.117535733001396,0.000199786895778227,0.000257300909362422,2.34451287173609e-05,0.00300770321128548,2.20541861947462e-05,0.876576352253144,0.00233296742648859,8
"20085",0.000824560854178759,0.000229867914792408,1.33940289151475e-12,0.988228697226144,4.43791564397809e-09,6.68069946409536e-05,0.0106500592723063,3.00286548717191e-11,3.26865388626712e-09,4
"20088",0.0566432822806864,0.00297561113818524,1.66740815933425e-10,0.93266888736164,4.08037028964009e-08,0.000189987765216426,0.00748238461093857,4.00408266236304e-08,3.97658320630843e-05,4
"20091",0.00104754138961349,0.000191133673266562,4.77337960582831e-11,0.000165615631523609,0.0519878861206945,1.27490015526411e-08,0.946598717774929,1.10266324004499e-06,7.98994999728081e-06,7
"20095",0.1898747813374,0.000326871591787446,0.0235274055964724,0.00345515101249447,0.000123381552000889,0.00122834718609989,7.91646600264745e-06,0.77989116416078,0.00156498109696248,8
"20097",0.000758128311017583,0.000955113554929781,6.59182736488846e-13,0.956884099644434,2.40651917446164e-08,2.26945429651411e-05,0.0413799327537742,4.51190786277101e-11,7.08190901616335e-09,4
"20099",0.425277858763294,4.14468140540108e-05,0.0152934255742995,0.259003249554481,2.00770742286009e-08,0.298288621726962,5.85949253471168e-07,0.0019058105571786,0.000188980983402703,1
"20102",0.000322886331264328,5.5767435316108e-05,3.37009224081293e-08,4.77534789449664e-05,0.00641553112753625,1.62737165335237e-07,0.00518104005342851,0.987702216734151,0.000274608401271072,8
"20105",0.116856767729958,0.000595323088770173,1.88250909023418e-08,0.880279551520201,2.5362229002307e-08,6.57908467016093e-06,0.00116387687227782,0.000289913747491235,0.000807943769311307,4
"20107",0.33150170086266,0.0631940005204552,1.70874095137461e-08,0.604821948429873,2.12427125920382e-08,0.000196289217662749,0.000256318830708439,1.90884177352235e-07,2.95129243417473e-05,4
"20109",0.624133220405557,5.83574710619829e-06,0.000130163219934496,0.142071105836625,9.36314055720601e-08,0.00616656691658167,6.69480007849853e-06,0.221395546575334,0.00609077286737812,1
"20111",4.91783348738963e-05,2.43913767623253e-06,6.2428966037903e-06,5.13347434160715e-08,0.978020130766188,1.16518054445853e-09,0.000832943129600071,0.000288089484733848,0.0208009237504,5
"20113",0.166864864959869,0.760095284043429,0.000245767572148235,0.0473212226555822,5.02673910517415e-07,0.0250782877667595,1.34138915050816e-05,9.28771773931704e-08,0.000380563559619726,2
"20115",0.00452706373287262,1.03001298689678e-05,0.011387831561519,2.60861682143118e-07,0.00956528122994877,8.81184256839885e-06,2.86073993684246e-06,0.000139889062988599,0.974357700838615,9
"20117",0.0293917291774999,0.00753530637689467,0.0190189632564468,0.0106658157486167,0.75374683400854,0.137458630221243,0.0421246879451704,7.88931516503924e-07,5.7244334071357e-05,5
"20119",0.00408127219086594,0.0022113226059319,1.52376148664727e-05,0.0459254220617546,4.0893028204862e-09,0.947763671948228,2.10134741081705e-06,3.31406517281744e-10,9.6781023281505e-07,6
"20121",0.0866932695295999,0.039206019220606,1.70717936776247e-09,0.869857828128806,3.88050472155642e-08,0.00304287835224135,0.00119716597880884,5.00751950894316e-09,2.7932701922574e-06,4
"20123",2.35631609478514e-05,0.000461849848764119,9.85256841173152e-12,0.000110504077482273,0.0111700178324941,1.10103866414342e-06,0.988231834590736,1.24694155573345e-09,1.12819411747528e-06,7
"20125",0.00143418301822229,0.000736612182865148,1.58786170659028e-05,7.67759244970075e-07,1.067067846849e-05,8.19042023419316e-08,2.9939249033608e-07,0.0687543797096124,0.929047126737828,9
"20127",0.00103867084196266,1.05449242493981e-05,4.5812161417121e-11,0.998527614842888,7.34585366719204e-10,1.65576608244892e-05,0.000406410398572595,1.23706760687486e-07,7.6844344635418e-08,4
"20140",0.00271571103572512,0.99466035048912,1.14840404489055e-06,0.000517561196731208,0.000513372732728557,2.50105418858952e-05,0.00123558552276837,5.60373924629739e-09,0.000331254473256293,2
"20142",1.56827958179476e-06,3.02896384373176e-06,2.43453584773338e-06,7.52669182348578e-09,4.11296995392923e-07,1.96136732710719e-09,2.5449453522619e-09,0.996961336721448,0.00303120816927895,8
"20144",0.000641610523036543,0.0164717206985558,3.93366982399888e-05,3.06552790308687e-07,0.054103157518691,6.71582129991488e-07,6.64435442849566e-05,0.00396816696593411,0.924708585916337,9
"20146",0.00186590777408758,0.389802413962007,1.63847880838687e-05,0.000153181238801067,0.000170697392975143,5.81104503425322e-06,0.000105955186121344,0.36284322737318,0.24503642123971,2
"20148",0.0150965143729782,0.033375555313907,7.41797733780866e-06,0.000197254629478243,2.53144994324928e-06,3.86878756422427e-06,1.31004681431366e-05,9.00957274936659e-05,0.951213661273155,9
"20150",4.45838165333573e-05,4.52643560780785e-06,0.0345096072700699,5.72467724724056e-09,2.6866637948545e-06,2.39780832237574e-07,3.15435827913839e-10,0.319241860808096,0.646196489184953,9
"20152",0.0792249628045263,0.0320637786247502,1.6471647372125e-05,0.00103301137030344,4.7184378885793e-06,0.00018510690592913,2.71296844341467e-05,6.92724796221764e-05,0.887375548045174,9
"20154",1.54966933481387e-05,3.28308898027052e-05,1.51710990396813e-13,0.00559128298481582,3.4180639995358e-05,4.83451156525172e-08,0.994325620668432,4.16597657231106e-07,1.23180681272865e-07,7
"20156",0.54351998173544,0.399154373369341,6.33997882469175e-06,0.0191757355820722,0.000195994476248677,0.000165245596641851,0.000815610945591088,0.0294151225070099,0.00755159580883012,1
"20159",0.00011125276502044,9.8439850111449e-05,3.45432677230463e-05,8.86963492628172e-08,7.40974681959455e-06,1.3859346723816e-08,5.09148316504924e-08,0.530041519048975,0.469706681850822,8
"20161",5.09305852459926e-05,0.000698852492092493,1.01990846275446e-05,9.9509858931124e-06,3.57115093822587e-06,8.44088619318834e-05,6.26679108082058e-07,0.996784405194796,0.00235705496536609,8
"20163",0.115203937987093,0.00117223706091897,0.000435924442789002,0.00246529051105262,0.000161383457659864,0.000207618160371513,0.00034509160550054,1.36673208744586e-06,0.880007150042527,9
"20165",0.000572491227050613,1.93401578854121e-06,1.43961354237975e-07,0.00163949935106842,3.14724041130057e-08,7.01181719398958e-07,3.20437345138647e-06,0.997663139782943,0.000118854634220244,8
"20167",0.0224078490366179,0.000377492797419587,1.65602611021259e-05,7.72375118574401e-05,2.08989762441004e-07,3.61102875002369e-07,6.25070494376336e-07,0.00478465036732045,0.972335014862551,9
"20169",1.16359600582297e-07,1.60208862666946e-07,5.05295269924646e-07,2.89512283104225e-09,6.78828903688183e-08,8.81418174225638e-10,6.239472764488e-10,0.999936291867961,6.28539849271589e-05,8
"20171",3.11005267170768e-06,4.14069345020531e-05,1.17673661736516e-13,0.0032522392235729,0.000101115953322025,2.09971749123501e-08,0.996601116331055,9.83780130600826e-07,6.72745281626183e-09,7
"20173",0.000210947888892194,4.84001695022383e-07,0.00244664910020295,0.000823299776812239,6.08508289244807e-08,0.984655909826916,4.95827521223812e-08,0.0118506565591544,1.19424127458927e-05,6
"20175",0.084531333914248,0.00237007866266133,0.000771530352218971,1.12944887367938e-05,2.28912359528895e-05,1.16403846251794e-06,3.9971091839773e-07,0.00647719238905325,0.905814115207748,9
"20177",0.0758946117723278,0.000114195323902036,0.010951295127596,0.035800090265166,8.5768600850882e-08,0.877091003344476,2.52008906487431e-07,1.94446386332101e-05,0.000129021750391352,6
"20180",0.0727426685278061,0.00289201748627217,1.52590287293065e-08,0.903359965581364,8.52527820630776e-07,0.0110064770557674,0.00999633446850788,1.11202775247751e-11,1.66908231246239e-06,4
"20182",2.55340244952531e-08,2.00251536396257e-08,0.0120241201632055,1.71523632686707e-10,0.00802954776600304,1.95679317248821e-07,1.61444967685889e-08,0.979854156804,9.1917712275503e-05,8
"20184",0.000196478935414577,0.00010608105529421,6.0560075254704e-06,9.78092638629689e-07,2.55127706814011e-07,1.11236640302624e-07,2.53185355310595e-08,0.978305064125484,0.0213849501007601,8
"20187",0.00270431101573452,0.00240254274162179,0.147670985747845,0.000165626013096124,2.32742182388911e-07,0.846011545867538,5.07174379547491e-09,0.000716025589518227,0.00032872521071969,6
"20189",0.841133246450679,0.000110952224425541,0.00043730848743175,0.0461697475278973,2.22003187944047e-08,0.106493475223682,1.24892966928849e-06,1.06674040376837e-06,0.00565293221549325,1
"20192",0.0419481355340723,1.86517547249125e-05,8.31378225985342e-05,0.0647457191389143,0.00443219481762386,0.859956422159072,0.028617776261244,2.4158056166294e-07,0.000197720931188559,6
"20194",1.84282965538527e-05,0.114325481143837,0.197866954599008,2.09515572476276e-06,2.13892724155019e-06,0.000901829611008726,9.95658184761389e-09,0.645657184589652,0.0412258777203927,8
"20196",0.00530350790168863,0.000599771425541416,1.43477676282989e-10,0.368043744618761,8.31091065555505e-06,6.89154218663445e-06,0.626035923086473,1.64791412427487e-08,1.83389207500652e-06,7
"20198",0.510466742404378,0.156926845921607,3.4803934914077e-05,0.0172646305857058,0.000394060624258668,0.00261772664370303,0.000972651400497176,0.000396165241709886,0.310926373243227,1
"20204",0.00022818478390222,9.6092361569904e-06,6.32333478618327e-05,9.57315324624382e-08,1.87901569912333e-05,4.01724368433438e-08,9.63328287114769e-08,0.368377977444282,0.631301972794008,9
"20207",0.00824563269282759,0.00986132299031051,1.50208901523615e-11,0.687971603125792,3.85756898827768e-06,3.09208957851009e-06,0.293892348630138,1.26564991172731e-05,9.48638822763496e-06,4
"20209",0.00136325227837362,0.00504401118938966,0.0131021613402504,6.18534554287949e-07,0.858302430092766,4.41213743512424e-05,0.000181385872676152,2.02031756714495e-07,0.121961817285882,5
"20211",1.98672006141835e-05,0.000877308544147189,5.5549787112888e-13,8.01603747592721e-05,0.00212353074253754,7.86730327077255e-10,0.996896997653921,1.01796988056114e-08,2.12451703572132e-06,7
"20215",0.00442423861579304,0.862942366067764,4.11243161033441e-08,0.131752597728583,2.09983274645894e-08,7.55276215491273e-05,0.000278765239718042,3.73889508219141e-06,0.000522703708866712,2
"20218",6.45862228933549e-06,1.65190002385688e-06,5.83155512474623e-06,1.38937258638215e-08,5.13084490498116e-07,1.5396765403656e-09,4.26688876131994e-09,0.985094169694439,0.014891355443341,8
"20222",0.0099129906957576,0.0211207348469023,9.80382255441199e-10,0.768852535630775,4.6431573437364e-06,6.65665129309952e-07,0.199111674225917,2.47617763808863e-05,0.000971993021411733,4
"20225",0.00014415354010185,0.035267422285581,0.000411255121734578,1.97010929127202e-06,0.000666283043452566,9.28407898692832e-07,5.40683204976472e-06,0.0132531271093362,0.950249453550554,9
"20229",2.4889023521009e-05,0.999009561031385,8.3147136678959e-07,6.8736655696087e-06,3.78196568242231e-05,5.52640522965497e-06,3.58774946529713e-05,2.38057571841355e-06,0.000876240675732314,2
"20232",0.497890078642566,0.476575467110623,1.01607901110072e-06,0.0203714450820994,5.88538127125947e-05,8.82866730289868e-06,0.00199842587841167,1.96346875380413e-06,0.00309392125851971,1
"20234",0.00105839714358231,3.2817694950835e-06,4.29514507622688e-10,0.805133557013477,1.21046689397299e-05,0.000902830358523651,0.192889826738349,3.57322224181705e-11,1.84238631048008e-09,4
"20238",0.382036734026478,0.00692314030843794,9.56592359537542e-09,0.608214856434177,6.29355627352462e-07,0.000138632889923823,0.0026564855041789,5.08654515928216e-06,2.4425370094746e-05,4
"20253",0.00146403436123269,0.42006793485515,2.16668322767875e-09,0.577342180105329,5.29904230507506e-09,0.000588482703550764,0.000533942363016771,2.02843265872798e-07,3.21530272926949e-06,4
"20255",0.00341674463051611,0.00234486351570263,4.51900573865886e-06,1.46939506557287e-06,0.000169723333702816,1.18241492262389e-08,1.60354234445736e-05,8.65335866087649e-05,0.993960099285072,9
"20258",0.108870492395938,1.98445493670345e-05,7.78927563075229e-09,0.890616011372098,5.29255085718876e-09,0.000312254223382769,0.000174178220099832,6.94468706464532e-09,7.19921260018651e-06,4
"20269",0.809584838072273,8.04031629086212e-06,3.22901737490675e-06,0.1635387362453,1.65041885822021e-07,0.000141019764808229,4.97067171970805e-05,0.0210392619259823,0.00563500289888798,1
"20271",0.155965428557074,4.80047229199604e-05,0.000203962788009612,0.546404754715518,3.69899204743164e-08,0.297351652278308,7.79743923783593e-06,2.32315835391312e-08,1.833927742816e-05,4
"20285",0.00231556567622873,0.0113563304887078,0.487582681500776,0.000250333998781795,8.9959911536134e-06,0.474244695455243,2.44721061318684e-07,0.000740691283108443,0.0235004608849398,3
"20288",0.0828137970190655,0.822111480308558,1.66194398843013e-07,0.0938498068790297,4.20978231388042e-07,6.54057391902786e-06,0.000453242128538928,1.44699094104699e-05,0.000750076008848532,2
"20291",0.331696966881128,0.00214683321950826,2.04182034969515e-09,0.179280223240777,0.000832221981267064,5.82432026297563e-05,0.485977965879587,8.01832143039767e-07,6.74172114006705e-06,7
"20295",0.471096950061569,2.38319868511238e-06,0.00676149407900368,0.040782519426127,5.06194966736633e-06,0.469212368933847,1.51609824917123e-05,0.00319505875808762,0.00892900261052069,1
"20298",0.00022217092594482,0.000171068683756348,0.00013235452062416,4.94405448879459e-08,3.72835966812894e-06,6.18006402226134e-08,1.82019265484557e-08,0.000994034795789388,0.998476513271105,9
"20302",0.00572491141189126,2.45340098225768e-05,0.00206001476399371,1.04909535642643e-05,5.48314697349884e-06,0.000171374929982576,1.1723449826379e-07,0.636851399154848,0.355151674394426,8
"20305",0.000237390201121898,3.57449731559356e-05,0.0048783329109492,3.33121097242318e-08,4.774968624021e-06,6.12593200769385e-07,4.87393462754442e-09,0.000106854115030438,0.994736252051873,9
"20307",0.0457436544084984,0.000467043141881954,1.96527170495791e-11,0.951639336732231,8.19315387972256e-09,5.36343703803349e-05,0.00209581534720471,5.6918957752904e-09,5.02095100782265e-07,4
"20310",0.000544718965927963,1.00502479352419e-05,9.76439191562887e-11,0.997263655680263,7.51761620219302e-09,5.52621692472217e-05,0.00212630354603796,7.22734635891186e-10,1.05259379996422e-09,4
"20313",1.35047670398764e-07,3.80374169201477e-08,5.38354014624561e-05,4.60170607674421e-10,4.32952175355471e-08,3.38879594924221e-09,2.5042741218927e-11,0.999608978288894,0.000336966055329766,8
"20315",0.241556457479257,0.00783288900113344,4.00298787624159e-07,0.750214443643523,3.23791145671376e-08,0.000211986706147742,0.000146976041667447,1.01002164581589e-07,3.67134482040654e-05,4
"20319",0.000213291663686835,0.00319718835944372,4.34150064718852e-11,0.0958388244838774,2.36489696788534e-05,0.000105325699854608,0.900618952525556,5.37503648620244e-09,2.76287945123071e-06,7
"20321",0.00418418552197551,0.00143945701745983,2.14426923825896e-09,0.994078901445541,5.16237461436693e-10,0.000222516148399807,7.23796441651428e-05,1.09125083654294e-06,1.46631111555074e-06,4
"20327",0.190190660332415,8.34018478964258e-06,1.90450922093098e-07,0.805387349687302,1.71852314277813e-09,0.00439885343764839,1.31656794023023e-05,2.7060399814516e-08,1.41144859647384e-06,4
"20329",8.16524982061182e-07,1.21789975463086e-06,0.996682763660271,3.71440797223207e-09,1.49786954526828e-08,0.00326463903662327,7.22411192170483e-13,1.79752618662326e-05,3.25689226770832e-05,3
"20335",0.00686940405211443,9.56359825407825e-05,6.5016942810666e-13,0.509788256416821,1.43173463306387e-06,3.93354245481591e-07,0.483244565956426,1.36128163367786e-07,1.76374405855074e-07,4
"20337",0.000253316808436708,4.05935060974835e-05,4.15557686543902e-05,1.22614723012674e-07,6.48473225257641e-06,1.00029585890015e-08,7.06059803939049e-08,0.139535843235289,0.860122002725608,9
"20339",0.000330334307789586,0.510957164445398,7.8600993373424e-06,0.000548460775243868,0.261871480941364,0.00930308401751566,0.214541704796062,8.00773182244284e-07,0.00243910984410711,2
"20341",0.000982979501931003,0.00148248369788624,4.68657807540639e-11,0.00721575686550254,0.00474919203186598,8.0741460379631e-07,0.985214676816746,0.000352357451372761,1.74617322576584e-06,7
"20343",0.00107787829914471,9.67511035510855e-05,3.88187536736257e-11,0.981597836243557,1.10086118874224e-07,0.000465805251551791,0.0167444751186048,1.69096714610623e-05,2.34187192283543e-07,4
"20345",0.075279959870585,0.00931854362606344,0.0130493289472552,3.82325275221965e-05,6.07880326481237e-05,0.00322037618990641,1.47909588338034e-06,1.59620638811169e-06,0.899029695503748,9
"20350",0.000639584482406201,0.993919995231597,1.75774894229357e-05,0.0027129061537222,0.000621464679112889,0.000138388863404209,0.000690287462706556,0.00058751354590825,0.000672282091719799,2
"20352",5.52784538444843e-07,5.93689764274087e-08,3.84098809786356e-07,2.29893651120906e-08,2.81122177138118e-08,2.01139128099128e-09,1.81777513239404e-09,0.999833856257392,0.000165092559533953,8
"20355",0.00114507156047618,0.000183785208235847,9.20841655655877e-06,6.6841140424061e-05,1.8231230518948e-05,0.000250586500221814,5.61327321659489e-06,0.989496131611462,0.00882453105888787,8
"20358",2.41189391688016e-06,4.61214695283994e-06,0.988733206596956,4.56510513592345e-08,5.49622633794068e-08,0.000993067696279297,3.90735101688024e-11,0.00203173684136669,0.00823486417213997,3
"20363",0.0161209279552955,0.00266660498071216,1.18466937868754e-09,0.980926994648821,6.66998509476959e-10,0.000113659964399545,0.000155495107371992,1.27341757631462e-06,1.50420741549665e-05,4
