"","V1","V2","V3","V4","result$classification"
"19812",0.964364555927045,0.034588506530884,1.57469089507533e-05,0.00103119063312027,1
"19814",0.98506309853859,0.00608042150294142,0.00878413625949852,7.23436989704106e-05,1
"19816",0.0353972047176948,0.964577462461978,1.04018352654995e-05,1.49309850615865e-05,2
"19818",0.891938566313314,0.0809611520274652,0.0269640882496597,0.000136193409560564,1
"19820",4.54184819073784e-06,0.999884825317455,3.08500752867051e-08,0.000110601984278917,2
"19822",6.01556812888437e-05,0.949420295848356,1.07686726193714e-05,0.0505087797977357,2
"19824",0.00265596621012297,0.992718425105552,0.00450513401164485,0.000120474672680054,2
"19826",0.961608539448337,0.0381655506791517,0.00020068797977081,2.52218927410588e-05,1
"19828",0.00153784360138388,0.997954280802584,1.26512780879334e-05,0.000495224317943775,2
"19830",0.998060581648041,0.000636638959640667,0.000513824026700234,0.000788955365618598,1
"19832",0.285126160582446,0.191610886204717,1.41989397864134e-05,0.523248754273051,4
"19834",0.0946096180226414,0.88978820629469,0.000460820115078826,0.0151413555675899,2
"19836",0.763541176921636,0.236146854619849,2.35097634941685e-05,0.000288458695021614,1
"19838",0.997306962685563,0.000235072663615872,0.00224853293148573,0.000209431719335615,1
"19840",0.279362449681045,0.720490330801986,7.44593487235215e-05,7.27601682457782e-05,2
"19842",0.998648945146811,0.000165842434310144,0.00117979917347773,5.41324540145392e-06,1
"19844",9.44880141819728e-05,4.16832468316795e-05,0.999863379828002,4.48910983967817e-07,3
"19846",0.761641459511548,3.67518135098073e-05,0.238320945619915,8.43055027875455e-07,1
"19848",0.895350591572605,6.96191580661491e-05,0.104576368697136,3.42057219238648e-06,1
"19850",0.652030870104054,0.000676292403063646,0.347275385604267,1.7451888614979e-05,1
"19852",0.309904056520525,0.688508579824269,0.00119621067286247,0.000391152982343256,2
"19854",0.984439921478195,7.40702094622575e-05,0.0154780311387015,7.97717364127346e-06,1
"19856",0.0373694277770491,0.00220299747169352,0.960373036286583,5.45384646747362e-05,3
"19858",0.0078609776536167,0.0510497292717266,0.940621215113921,0.000468077960735672,3
"19860",0.646556416554269,0.353036886318976,0.0001759371856818,0.000230759941073481,1
"19862",0.97930185219605,1.91565104107371e-05,0.0206780876463862,9.03647152856378e-07,1
"19864",0.510657588456204,0.301371121302756,0.185815983908126,0.00215530633291389,1
"19866",0.0166619554598094,0.983282709349594,1.3194150914861e-05,4.21410396821425e-05,2
"19868",0.000296893945502017,4.28320395007616e-05,0.000140502600468969,0.999519771414528,4
"19870",0.989318179327977,0.000784497293315865,0.00988810555243858,9.21782626827169e-06,1
"19873",0.960839221593622,0.036193755639844,0.00294672020330742,2.03025632270452e-05,1
"19875",0.00753734633631079,0.991894317781211,5.62780104218876e-07,0.000567773102373592,2
"19877",0.986320028980333,0.0079143542688212,0.00569094346054875,7.46732902974809e-05,1
"19879",0.647491782107131,0.340713076871618,0.00973555982323771,0.00205958119801373,1
"19881",0.98227152262294,0.0138953817312408,0.00381092272840158,2.2172917418028e-05,1
"19883",0.994005372492858,0.00542563530435112,0.000565594512411359,3.39769037955594e-06,1
"19899",0.607254732657749,0.384238113689196,0.000150243089862671,0.00835691056319313,1
"19908",0.136506415071665,0.636211698930927,0.0445670515172705,0.182714834480137,2
"19910",0.633525256071194,0.365134158698134,0.0012040532858854,0.000136531944786802,1
"19912",0.994571053905001,8.53522928982255e-05,0.00534042524597664,3.16855612418331e-06,1
"19914",0.73467587496319,0.255840923265549,0.00229793064121203,0.00718527113004915,1
"19916",0.00345256406184956,0.994066373457285,0.00228438582636777,0.000196676654497988,2
"19918",0.816711668925092,0.000942978302913269,0.182344253799932,1.0989720629079e-06,1
"19920",0.127063574591247,9.89822671208886e-05,0.872836466991455,9.76150177183636e-07,3
"19922",0.288411526521503,0.0282853185880289,0.000112583706070228,0.683190571184398,4
"19924",0.930475162174455,0.017661484949806,0.0518278042004745,3.55486752649636e-05,1
"19926",0.474384427656102,0.507071999900846,9.36092624119355e-06,0.018534211516811,2
"19928",0.476324707885633,0.00750840840999719,0.515214100824719,0.000952782879649889,3
"19930",0.997205113347268,0.00196061508941113,0.000801910682335881,3.23608809846009e-05,1
"19932",0.993858721592711,0.000159554535934201,0.0059556647877758,2.60590835787026e-05,1
"19934",0.036878226937941,0.960178463918718,0.000210191719492102,0.00273311742384884,2
"19936",0.978601533456891,0.0198000193902854,0.000556508490881598,0.00104193866194181,1
"19938",0.00111297836858476,0.995541907851845,9.67606279986414e-05,0.00324835315157159,2
"19940",0.913342900381904,0.0843012931851317,0.00233633811217975,1.94683207846662e-05,1
"19942",0.932256000751525,0.0263780010969493,0.0412316462022398,0.000134351949285735,1
"19944",0.308024040117963,0.691697937487919,0.00014818229524611,0.0001298400988715,2
"19946",0.82528733578956,0.142980571638742,0.0315530780700119,0.000179014501686752,1
"19948",0.919126871155761,0.00951534190819529,0.071340386806457,1.7400129586193e-05,1
"19950",0.00322076443240607,4.51150534843506e-06,0.996773533585276,1.1904769691052e-06,3
"19952",0.919126871155761,0.00951534190819529,0.071340386806457,1.7400129586193e-05,1
"19954",0.996291650954046,0.000496476709761518,0.00320005013982045,1.18221963721338e-05,1
"19956",0.332631143661503,5.29659010037335e-05,0.666999048976756,0.000316841460737704,3
"19958",0.00400400862279926,0.000388593809318418,0.00160336260570117,0.994004034962181,4
"19962",0.58578264466161,0.233718714085358,0.176443768352467,0.00405487290056487,1
"19964",0.906192866361221,0.0571167971800183,0.036638014657225,5.23218015356003e-05,1
"19966",0.000980921880450246,0.998898980471478,4.82519956110088e-07,0.000119615128115881,2
"19969",0.998503755935865,0.0010183996034866,0.000471717776922085,6.12668372575766e-06,1
"19972",0.836379902785399,0.00130410140451686,0.162309444499367,6.55131071779547e-06,1
"19974",0.0696799044433942,2.68251842095179e-06,0.93031733945719,7.35809947075323e-08,3
"19976",0.89955801458545,0.0263834158251292,0.0740088627666354,4.97068227854439e-05,1
"19978",0.299881042907955,0.698382520318895,0.00171766105357552,1.87757195742477e-05,2
"19980",0.65982338701893,5.51605777214264e-05,0.340114432895667,7.01950768162673e-06,1
"19982",0.171066927862519,0.000675237781745816,0.828158355960239,9.94783954954235e-05,3
"19984",0.00111681704482484,5.96266545969804e-05,0.998822851261501,7.05039076603808e-07,3
"19986",2.38289236596844e-05,0.999500626218687,3.42469721873403e-08,0.000475510610681334,2
"19988",2.40734761204642e-06,0.999208804574407,1.95081468173121e-08,0.000788768569834043,2
"19992",2.34478284465007e-05,0.999182661923808,6.43166475396125e-07,0.000793247081270483,2
"19994",0.997313311817377,0.00238787551804643,0.000206743085284618,9.20695792916262e-05,1
"19996",3.748532208728e-05,0.999847695435101,5.5688481074452e-07,0.000114262358001032,2
"19998",0.859786982259805,0.104552080815424,0.0352398951517594,0.000421041773011635,1
"20000",0.980771921402079,0.000265054747615729,0.0013506760885118,0.0176123477617936,1
"20003",0.989978606131253,0.00972018929953121,1.54814663305026e-05,0.000285723102885645,1
"20005",0.89950419389973,3.19760353130879e-05,0.10046275863892,1.07142603719445e-06,1
"20007",0.320897654913382,0.67341416513217,0.00174378595425202,0.00394439400019621,2
"20009",0.00173733208256246,0.99661328147605,0.000690387289580207,0.000958999151807614,2
"20011",0.966232029272806,0.00717509852884706,0.0265749485538493,1.79236444977376e-05,1
"20013",0.873162249729575,0.00192386024192868,0.124854232548229,5.96574802668072e-05,1
"20016",7.16767079258215e-05,0.994068365603621,2.02267918526423e-05,0.00583973089660028,2
"20018",2.71138107202359e-07,0.0182326831087637,1.7559765273563e-08,0.981767028193364,4
"20021",0.0203414107508077,0.979054911019578,1.0517663440332e-06,0.000602626463270343,2
"20023",0.0813655494005436,0.916513508877634,0.00021084524259541,0.001910096479227,2
"20025",0.000124651890748332,0.588734809581467,6.1096958491373e-07,0.411139927558199,2
"20027",0.999460701744341,0.000347148093250239,0.000184616240945572,7.5339214633868e-06,1
"20029",0.964931745912419,0.000119082986783563,0.0349486416077953,5.29493001865873e-07,1
"20032",0.9995183806799,0.000333362535423674,0.000131664072044891,1.65927126317874e-05,1
"20034",0.981379596090418,0.0123657560622044,0.00622261555930893,3.20322880682459e-05,1
"20036",0.747784805708897,0.0594181324298304,0.190481346219051,0.00231571564222092,1
"20038",0.00102914304661421,0.99192312236981,2.67367885760162e-08,0.00704770784678696,2
"20040",4.41184548359222e-05,0.985257102924123,2.18793064101811e-05,0.014676899314631,2
"20043",0.00440864195308476,0.994521786085724,2.31357754307221e-06,0.00106725838364818,2
"20045",2.43958208265985e-06,0.991892358799868,4.15762119911214e-07,0.00810478585592933,2
"20048",0.000151811971259867,2.02211591027883e-06,0.999845401556613,7.64356217284502e-07,3
"20051",0.514006643095247,0.446763316916644,0.012436182276681,0.0267938577114281,1
"20053",0.0202759283649084,0.979087663475791,0.000487779209360574,0.000148628949939965,2
"20055",0.0862186567565913,0.793881111573612,6.26502446652047e-07,0.11989960516735,2
"20057",0.000370201802102706,4.18462036244759e-06,0.00260736867851313,0.997018244899022,4
"20059",0.0209930211578952,0.975203885479167,9.29648736282501e-05,0.0037101284893098,2
"20061",0.134806015527438,0.864166397038889,0.000412018230278189,0.000615569203394741,2
"20063",0.00016338120340572,0.0217431207214452,0.977232716502259,0.000860781572890578,3
"20065",2.75990306744973e-05,0.177917157790936,1.47725903460546e-09,0.82205524170113,4
"20067",0.00045101862785038,0.986354946744219,0.000243692346841753,0.0129503422810885,2
"20069",0.42291739320636,7.67448751271722e-05,0.576994273815461,1.15881030512082e-05,3
"20071",0.613303314969596,0.377029235114002,0.00376291655600489,0.00590453336039681,1
"20073",0.103553827735417,0.00148885511097629,0.894954358588853,2.95856475349311e-06,3
"20075",0.000406881189072118,2.73388900244609e-05,3.111931978063e-06,0.999562667988925,4
"20077",0.0184707462636531,0.98068132831036,0.000692793979379867,0.000155131446606805,2
"20079",0.0875990198589718,0.238885426345385,0.670831654347775,0.002683899447868,3
"20081",0.00796513021325139,0.852400141536796,1.43623460012398e-05,0.139620365903951,2
"20083",0.0282159952677521,0.00898693589387025,0.961322563990133,0.00147450484824458,3
"20085",3.99120223834073e-06,0.996795740680497,5.49807922919107e-09,0.00320026261918497,2
"20088",0.000753003696066611,0.997992227482164,4.99486335117368e-07,0.00125426933543465,2
"20091",0.000162632050461467,0.00365770576798675,5.61497936517217e-06,0.996174047202186,4
"20095",0.024672753669133,0.0658608749900121,0.909087319000271,0.000379052340584071,3
"20097",6.50190923256797e-06,0.987987421026869,6.73688648444822e-09,0.012006070327012,2
"20099",0.00884227352770944,0.976248692427074,0.014901432149275,7.60189594160858e-06,2
"20102",0.00461959001753329,0.00461257354712613,0.850403276342439,0.140364560092902,3
"20105",0.0063469606650978,0.992369017014107,0.000782769065665524,0.000501253255129588,2
"20107",0.00105714849975578,0.998755940326525,1.80495414505104e-06,0.00018510621957456,2
"20109",0.0362817183570149,0.663745987060366,0.299936339944083,3.59546385357398e-05,2
"20111",0.390417076710646,0.000354807736423862,0.0238809166395799,0.585347198913351,4
"20113",0.0410096487243653,0.958674476637242,8.69637030892614e-06,0.000307178268083784,2
"20115",0.997211561827606,0.000253035032299378,0.00207036788718465,0.000465035252909584,1
"20117",0.0103334026181606,0.252379689239689,7.43741858578958e-05,0.737212533956293,4
"20119",0.00132795362035189,0.998612016010372,3.29416202806874e-07,5.97009530736252e-05,2
"20121",0.000194826499406027,0.999334062579674,9.43455185571454e-08,0.000471016575400999,2
"20123",5.71860172660298e-05,0.00244000994282977,4.64776951394884e-08,0.997502757562209,4
"20125",0.868528560701659,0.000568793494321897,0.130836957506009,6.56882980110944e-05,1
"20127",2.87605769384197e-05,0.999562426992981,5.40582989327251e-06,0.000403406600187176,2
"20140",0.229071938444434,0.433069146408976,8.31151689174864e-06,0.337850603629699,2
"20142",0.00931056404427011,8.08310114288393e-06,0.990678438658762,2.91419582460146e-06,3
"20144",0.975312716151388,0.000324502802382891,0.0130060217374591,0.0113567593087704,1
"20146",0.598511502980774,0.0126648065732235,0.383349967353865,0.00547372309213744,1
"20148",0.98547846747296,0.013738813649856,0.000579375777208958,0.00020334309997553,1
"20150",0.382879834961513,9.43054342510483e-06,0.617110210088999,5.24406062334945e-07,3
"20152",0.952336032782658,0.0469928629032904,0.000414044016849164,0.000257060297202036,1
"20154",2.88993353396926e-05,0.0469897646671863,1.04611603166032e-05,0.952970874837157,4
"20156",0.157276694301282,0.75666818112662,0.0667562175500445,0.0192989070220535,2
"20159",0.369668637444218,8.03831013769827e-05,0.630228986619919,2.19928344862143e-05,3
"20161",0.0187901203220691,0.0014098337573372,0.979677982938318,0.000122062982276038,3
"20163",0.947410243086583,0.051064499258092,3.55398526534128e-05,0.00148971780267126,1
"20165",0.00190078638278753,0.0190848956259477,0.978951811950898,6.25060403671052e-05,3
"20167",0.972931898673456,0.00905475175985234,0.0179916826651702,2.1666901521901e-05,1
"20169",0.000565519912292647,2.46578384682745e-06,0.999431051878648,9.62425212882301e-07,3
"20171",2.47509203807274e-06,0.0125098364761809,1.07615218912952e-05,0.98747692690989,4
"20173",0.00895876767564364,0.146449339838743,0.844538482304031,5.34101815832218e-05,3
"20175",0.980062829915464,0.00294243724609979,0.0169534069614111,4.1325877025305e-05,1
"20177",0.0238627311933811,0.974433307200615,0.00167682777358785,2.71338324160752e-05,2
"20180",0.00019283897687116,0.997108075724439,1.85309676919933e-09,0.00269908344559312,2
"20182",0.000417692575572539,1.43775294707424e-07,0.999549567930025,3.2595719107464e-05,3
"20184",0.0614047605735573,0.000400747572456997,0.938186467500974,8.02435301186844e-06,3
"20187",0.441432217944625,0.326894193881227,0.231607075120428,6.65130537192048e-05,1
"20189",0.110304291909054,0.889618127894881,6.36905946206359e-05,1.38896014442286e-05,2
"20192",0.0151300819503731,0.846828223645526,3.22810372277633e-05,0.138009413366873,2
"20194",0.144934848989458,0.000296528683663077,0.854761885558552,6.73676832611264e-06,3
"20196",0.000250587745418841,0.838787950336612,8.36236245967952e-07,0.160960625681723,2
"20198",0.66877080774398,0.322740058301938,0.00151357441744654,0.00697555953663473,1
"20204",0.435468693889304,9.84528986380409e-05,0.56440215529798,3.06979140778325e-05,3
"20207",0.000370586058976582,0.912636658143995,4.83145717258003e-05,0.0869444412253022,2
"20209",0.955850998160434,0.000939963198944559,3.14553912968614e-05,0.0431775832493249,1
"20211",8.21909390381424e-05,0.00187053175816252,2.17673415453575e-07,0.998047059629384,4
"20215",0.0245443560849213,0.974025751741576,9.0530896443976e-05,0.00133936127705859,2
"20218",0.0243056898481823,1.28394096034769e-05,0.975678574492383,2.89624983169574e-06,3
"20222",0.00887800580863032,0.923283644402345,0.000142482610030161,0.0676958671789947,2
"20225",0.957082418704434,0.000488468075702016,0.0414270621548984,0.00100205106496591,1
"20229",0.825655168820772,0.0583432533030346,0.00215810382443825,0.113843474051755,1
"20232",0.122056150861779,0.855806075417932,6.51962896775106e-05,0.0220725774306107,2
"20234",4.07959543057468e-06,0.888528689425117,1.6534530795882e-08,0.111467214444921,2
"20238",0.000842525809891035,0.997350951249189,2.25556663449204e-05,0.0017839672745752,2
"20253",0.000493001928924102,0.998649359977776,4.60448882008459e-06,0.000853033604479802,2
"20255",0.997499827058589,0.000854802473256825,0.000784659075033126,0.000860711393120589,1
"20258",0.000373203153495585,0.999534591672949,3.36427714721957e-07,9.18687458403694e-05,2
"20269",0.0377094268225577,0.91172885129054,0.0503949925655078,0.00016672932139458,2
"20271",0.00158523555277249,0.998384599013123,2.21155517067209e-06,2.79538789333461e-05,2
"20285",0.894753808862637,0.0655358179716236,0.0395503910157369,0.000159982150002686,1
"20288",0.0304771029791255,0.966628567164778,0.000194367039729318,0.00269996281636724,2
"20291",0.000453004301685636,0.763298553907072,6.93038828767658e-06,0.236241511402955,2
"20295",0.147268393958109,0.80743658014267,0.0450119097677455,0.000283116131475725,2
"20298",0.991432190334638,9.30074581808282e-05,0.00846492806822445,9.87413895675956e-06,1
"20302",0.332390259663801,0.00181643164590874,0.665780514996854,1.27936934356342e-05,3
"20305",0.997932458043205,5.74606630743489e-05,0.0020067967628001,3.28453092074773e-06,1
"20307",5.2228818588252e-05,0.999393061989821,1.24392176046915e-07,0.000554584799414445,2
"20310",3.21651306045152e-06,0.997653316071938,1.62330190864698e-07,0.00234330508481127,2
"20313",0.00123824717669153,5.72036575007107e-07,0.998761108524757,7.22619763079998e-08,3
"20315",0.00146131390134061,0.998392734685032,2.10607622994884e-06,0.000143845337397297,2
"20319",0.000435608063647015,0.443312699890952,5.16575118051095e-07,0.556251175470283,4
"20321",0.000201730085950466,0.999675150163066,1.77195453996217e-05,0.000105400205583915,2
"20327",0.000165181559769671,0.999818038449873,1.1379835463695e-06,1.56420068115735e-05,2
"20329",0.63576988295966,0.0020784257151724,0.362148452219018,3.23910614904423e-06,1
"20335",3.64620168244484e-05,0.890729491665923,2.40045516314785e-06,0.10923164586209,2
"20337",0.688309754888238,0.00013425389374084,0.311530293822614,2.56973954076085e-05,1
"20339",0.0240309555286587,0.0133647755758698,1.37326848349005e-05,0.962590536210637,4
"20341",7.80469588213969e-05,0.0365998931931717,0.000440302161003351,0.962881757687004,4
"20343",4.20789465774294e-05,0.990224346448636,0.000113994014015429,0.00961958059077073,2
"20345",0.994817263664117,0.00510434049074129,2.98289878739986e-05,4.85668572675336e-05,1
"20350",0.199989124346066,0.484311415484449,0.0393307016047756,0.276368758564709,2
"20352",0.00100499047720542,9.51290878185347e-06,0.998984446627821,1.0499861920388e-06,3
"20355",0.0460225624215487,0.00726224975749678,0.946292083563473,0.000423104257481452,3
"20358",0.592048144017392,0.000330901309348676,0.407619830830922,1.12384233754028e-06,1
"20363",0.000621394722767659,0.999264835954603,1.22909249628723e-05,0.000101478397666839,2
"20365",0.0375168952147958,0.462928263698469,4.89469144806634e-06,0.499549946395287,4
"20379",0.995355509100948,0.000797122259483889,0.00283914165668094,0.00100822698288685,1
"20387",0.000935677493557087,0.99730347792512,7.32376406861917e-07,0.00176011220491646,2
"20392",3.79207243299604e-05,0.00424390237821442,2.6135525475818e-08,0.99571815076193,4
"20395",0.969216912994195,0.028364677320588,0.00193713538341607,0.000481274301801335,1
"20397",0.0136118940220604,1.92904332456816e-05,0.986368098134587,7.17410106485551e-07,3
"20410",0.019447128181408,0.979874135635895,2.30775036195409e-07,0.000678505407660466,2
"20414",0.65502419546012,0.00211001621522407,0.342846741047564,1.90472770913948e-05,1
"20417",2.01472407837521e-06,0.133446203130228,1.1179684960834e-07,0.866551670348844,4
"20419",8.70669793497317e-05,0.999905814941239,4.20801641357804e-06,2.91006299759622e-06,2
"20421",0.307494193291046,0.00852088937807135,0.654753372655114,0.0292315446757684,3
"20423",0.590954746014748,0.000657773828918185,0.408110625493831,0.000276854662502973,1
"20425",0.41019725530861,0.00170737521151783,0.587152679938149,0.000942689541723681,3
"20427",0.934201874441548,0.0650970536966746,0.000637744742318334,6.33271194587501e-05,1
"20429",0.000423590221622531,0.995153483823888,0.000385665007410086,0.00403726094707951,2
"20432",0.171980928497663,0.000102079081690586,0.827916017893489,9.74527156677844e-07,3
"20435",0.198074601853921,0.777978750705306,2.84330914121355e-05,0.0239182143493604,2
"20438",0.000849270103488045,0.998591972873013,0.000534011193517931,2.47458299810949e-05,2
"20440",0.000356393302675359,0.999560532659674,4.3898219807455e-05,3.91758178427898e-05,2
"20443",0.00338500283668308,0.000562137227694987,0.995976500581137,7.63593544853433e-05,3
"20446",0.45103204116849,0.541237876891995,0.00602858361789315,0.00170149832162174,2
"20449",0.202803545311044,0.783619569931505,5.0066206351825e-05,0.0135268185510989,2
"20537",0.00869154268958675,0.726959187648684,0.000248972359898544,0.264100297301831,2
"20540",2.41560069015085e-05,0.0123910199312667,2.49833677121012e-08,0.987584799078464,4
"20543",0.731518008746339,0.261745572197856,0.00560100126402035,0.00113541779178429,1
"20545",5.44593045172051e-05,0.00183728832831894,6.08713511639034e-07,0.998107643653652,4
"20549",0.877849771728074,0.0939677809437508,0.0203064326411048,0.0078760146870704,1
"20551",0.0209668836863086,0.976966894336069,0.000148632908549584,0.00191758906907319,2
"20554",0.00654808034393018,0.993271531900719,2.71451820781085e-05,0.000153242573272963,2
"20556",0.569966109295169,0.277938677517949,0.00197527992002425,0.150119933266858,1
"20558",0.000132578510402673,0.999642086100454,6.85557691627937e-07,0.000224649831452094,2
"20560",0.0180662705316404,0.97826072054531,0.00355489237554886,0.00011811654750129,2
"20563",2.4277060025073e-05,0.99965323893773,2.10887229968709e-06,0.000320375129944867,2
"20565",0.0988537861716118,0.87805433334372,0.0215773949538525,0.00151448553081573,2
"20567",0.120902702246224,0.000176495044770783,0.878916471210239,4.33149876640119e-06,3
"20571",0.00283589679525675,0.973690489149983,0.000101805642325092,0.0233718084124354,2
"20573",0.0391427720174848,0.955333663936166,0.000668669910463104,0.00485489413588635,2
"20575",5.96804451791558e-05,0.999803971003927,5.83245685054964e-07,0.000135765305208704,2
"20577",0.86780010494037,0.129859942188563,0.000209095886241078,0.00213085698482573,1
"20579",0.00285366845120942,3.61828828621598e-06,0.997142678070517,3.51899872046619e-08,3
"20582",2.66982363128752e-05,0.999824223459635,1.35169363502592e-07,0.00014894313468889,2
"20585",0.0158730250943456,0.116768872370768,2.90130142556301e-06,0.867355201233461,4
"20588",0.01181866296486,0.0129125185027651,0.000250710524135159,0.97501810800824,4
"20590",0.0068281355892095,1.27565842137205e-06,0.993170564595373,2.41569961760314e-08,3
"20592",1.21710960200784e-05,0.999882153509539,2.32580209164512e-06,0.000103349592349722,2
"20594",5.51182452033479e-05,0.999565768774983,3.58996644576077e-08,0.000379077080149315,2
"20596",0.0170307394374305,0.981874833426083,0.001085738332875,8.68880361161152e-06,2
"20598",0.0138565384391111,0.985983431326422,1.3760789294139e-05,0.000146269445172695,2
"20600",0.174392808336922,0.11331282917865,0.00144520331602792,0.7108491591684,4
"20603",0.988710735672478,0.00130934764293427,0.00569057699099006,0.00428933969359748,1
"20605",0.000849534125490686,0.998652370013344,1.09357531000057e-07,0.000497986503633716,2
"20607",0.00272313614565809,0.997257846738546,1.81497809650915e-06,1.72021376992862e-05,2
"20609",0.0238061685620096,0.975951196879358,7.1179461021557e-05,0.00017145509761085,2
"20611",0.999236059521416,6.47000393588759e-05,0.00069614888279724,3.09155642830497e-06,1
"20613",0.57282254768364,0.423657734792383,3.08951958788776e-05,0.00348882232809743,1
"20615",0.554262156963475,0.368887206153249,0.00294765093332089,0.0739029859499548,1
"20617",0.00398965148846052,4.69738410194154e-06,0.996004362463058,1.28866437984787e-06,3
"20619",5.48728225670709e-05,0.999891870031585,7.15633335569211e-06,4.610081249228e-05,2
"20621",0.0214054534328946,0.978089129390953,6.27880450913121e-05,0.000442629131060605,2
"20623",0.0143522462980038,0.00283639942094734,0.982810759724635,5.94556413857865e-07,3
"20625",0.906007090547657,0.00279131884425779,0.050494844136549,0.0407067464715367,1
"20627",0.254726385470722,0.744721323780069,1.19787871052683e-05,0.000540311962103454,2
"20629",0.169119247182157,0.826604650149168,0.000945885324303593,0.00333021734437058,2
"20631",2.86580817913608e-05,0.999794131553735,1.29061310766952e-05,0.000164304233396531,2
"20633",0.000711471091747306,3.21205179165629e-07,0.999288176555124,3.11479498237404e-08,3
"20636",0.96040397854359,0.00119200566865712,0.0383945791258172,9.43666193584955e-06,1
"20638",0.78872933650832,0.152384826224868,0.000358842231867165,0.0585269950349455,1
"20640",0.00478851481331314,0.92427601170378,6.31713616408936e-08,0.0709354103115453,2
"20645",7.14362094846693e-06,0.995608230491727,9.34901498692025e-09,0.00438461653830934,2
"20647",0.000161232810100092,2.16012046580389e-06,0.999835724647896,8.82421537973112e-07,3
"20649",0.0228233998390469,0.965529751094543,2.11416189181086e-05,0.0116257074474919,2
"20651",2.46094696053417e-05,0.996878262231036,2.34223177303016e-05,0.00307370598162785,2
"20656",0.00216958228810674,0.961138062042919,8.59896829468407e-06,0.0366837567006793,2
"20660",0.0156100876368941,0.0773821267170555,1.24260945844657e-05,0.906995359551466,4
"20662",0.0835819991571808,0.000510981394942778,0.91590339713109,3.62231678631124e-06,3
"20664",0.0195946569805454,0.85498752400133,0.125379579373834,3.82396442908357e-05,2
"20666",0.939019271731124,0.00106128894893548,0.00019815794399408,0.0597212813759463,1
"20668",0.511117344425195,0.000180701320469609,0.488700269142449,1.68511188610736e-06,1
"20670",0.0022525662783278,0.997358611929822,1.48822790616408e-05,0.00037393951278852,2
"20672",0.518613668810852,0.000147999929196874,0.481177895199497,6.04360604544589e-05,1
"20674",0.0975846339042626,0.901964056939426,0.000266930504355676,0.000184378651955361,2
"20676",0.911188246832986,1.8802495472198e-05,0.0887892833750455,3.6672964967256e-06,1
"20678",0.447109746321929,1.68167779153275e-05,0.552872995593134,4.41307022083052e-07,3
"20680",0.676727264104872,0.00335499200998288,0.319843353040328,7.43908448164145e-05,1
"20682",0.994798325311381,0.00355450128272262,0.00163890803521791,8.2653706781963e-06,1
"20684",0.170568656375187,0.82541710997172,6.25531091708432e-05,0.00395168054392259,2
"20686",0.0254286239378017,1.88872364452754e-05,0.974549293842682,3.19498307157419e-06,3
"20688",0.0394399194165936,7.9019862558137e-06,0.960552020697873,1.57899277901563e-07,3
"20690",0.00302612089203207,0.055983974834309,3.46852384231802e-07,0.940989557421275,4
"20692",0.00182772886445031,4.22650537807466e-07,0.998171828620034,1.98649778964737e-08,3
"20694",0.973233087860199,5.30678359438162e-05,0.0267098680601816,3.97624367568862e-06,1
"20696",0.988927122941107,0.0011417109358415,0.00989671688695548,3.44492360955781e-05,1
"20698",0.0789365982773294,0.903385317448467,0.00879532824952725,0.00888275602467644,2
"20700",0.00214956354742839,0.993477487249149,0.00392652723468092,0.000446421968741364,2
"20702",0.00030328955203448,0.142247794831696,1.43430907069557e-07,0.857448772185362,4
"20704",0.19079035885894,0.808665822805385,8.61147789008715e-05,0.000457703556774245,2
"20706",0.746387348793092,0.225574478022205,0.0233251876011101,0.00471298558359286,1
"20708",0.987001566131479,0.000132700206851785,0.0128642339735562,1.49968811356955e-06,1
"20710",0.0523945915079897,0.594180005304137,3.58056570003917e-06,0.353421822622173,2
"20714",0.016636578020767,5.65396904464963e-05,0.983306732251129,1.50037656979647e-07,3
"20716",0.0115426563820354,0.988317458617309,1.5710178536509e-06,0.000138313982801506,2
"20719",0.445813617253464,0.553214975220782,0.000583960660771338,0.000387446864982902,2
"20721",1.40014087591922e-05,0.999865708907543,2.89490421361091e-06,0.000117394779484315,2
"20723",0.217468898353939,0.774419999142801,0.00249336627419097,0.00561773622906904,2
"20725",0.996392336854002,0.00312727904429208,0.000256897195842693,0.000223486905863138,1
"20727",0.00847951469657659,9.17951642046706e-06,0.991342475990418,0.000168829796584406,3
"20729",0.99940339703332,7.59619462565104e-05,0.000516348316453014,4.29270397089143e-06,1
"20731",0.998975836790423,0.000819704847460082,4.11334632034534e-05,0.000163324898913341,1
"20733",0.138237420266985,0.857919427301881,3.0734360671839e-05,0.00381241807046241,2
"20735",0.597155788119952,0.3876139322035,2.04850146331488e-05,0.0152097946619148,1
"20737",0.925510274304807,7.35437613869046e-05,0.0744156266167579,5.5531704847774e-07,1
"20739",0.000993634101888371,5.50701273274051e-07,0.999005707521399,1.07675439408584e-07,3
"20741",0.943031643190145,0.012201220977513,0.0446369755614937,0.000130160270848365,1
"20743",0.993200077695736,0.00610924287490917,0.000632430679301088,5.82487500533013e-05,1
"20745",0.000201149481910197,0.999430699663044,5.97881939861343e-06,0.000362172035647224,2
"20747",0.999484811712445,8.52450243203543e-05,0.00042500643718779,4.93682604722615e-06,1
"20749",0.998989490245431,4.23452931632753e-05,0.000962283887728956,5.8805736771378e-06,1
"20751",0.996168982439319,5.8711811135592e-05,0.000953420575397208,0.00281888517414818,1
"20753",0.999375004281025,0.000152548258182106,0.00046649551545114,5.95194534202608e-06,1
"20755",0.906196374945788,0.000543719963818529,0.0932544500166751,5.45507371813379e-06,1
"20757",0.202993981065398,0.198138068925595,0.598835049001326,3.29010076805508e-05,3
"20759",0.000277997266197812,0.999376952107194,0.00031082539072226,3.42252358857623e-05,2
"20761",0.961074028067828,0.0361044729744543,0.00269854478486979,0.000122954172847696,1
"20763",0.899783363400789,0.0889678475217424,0.00997789715948899,0.00127089191797995,1
"20765",0.989201526700505,0.0047386284937937,0.00595292383853231,0.000106920967168656,1
"20767",0.0659074387049424,0.933729348556164,7.71349535022235e-06,0.000355499243542818,2
"20769",0.070211492931869,0.341573483463047,4.47228932045334e-07,0.588214576376152,4
"20771",0.676660271136276,0.100462087559382,0.222864585794893,1.30555094489388e-05,1
"20773",0.900308166606743,0.0539789167503642,0.0452720872786982,0.00044082936419457,1
"20775",0.997122795314274,0.00249260544118467,0.000159214329632263,0.000225384914908716,1
"20777",0.657179963565696,0.0373469258463096,0.000883887987399105,0.304589222600595,1
"20779",0.998473901592555,0.0013925829736951,5.3307361299334e-05,8.02080724506525e-05,1
"20781",0.01130989068868,3.23554171471599e-05,0.0352598109776575,0.953397942916515,4
"20783",0.970488662776915,0.0245152960239693,0.00497600843713399,2.00327619816186e-05,1
"20785",0.160862126353339,0.00127248459342994,0.837838537026363,2.68520268678941e-05,3
"20787",0.971845371670951,0.000380458379463476,0.0277736465159754,5.23433610145848e-07,1
"20789",0.653527626598426,0.345503264270368,3.06868441046224e-05,0.000938422287101316,1
"20791",0.923436837679562,2.26397404582181e-05,0.0765387791698985,1.74341008184064e-06,1
"20793",0.713335823002944,0.28597323003341,1.43911506253097e-05,0.000676555813020253,1
"20795",0.798827575795746,0.000364007725898788,0.200804156676435,4.25980192012412e-06,1
"20797",0.00213064237244468,2.02451439901707e-06,0.993238510469657,0.00462882264349893,3
"20800",0.995618743901974,0.000246573289874341,0.0040860645529625,4.86182551888662e-05,1
"20802",0.985450262102768,0.0116888563128187,0.00277179523335794,8.90863510553274e-05,1
"20804",0.993106690873686,4.78207791428923e-05,0.0068446912658064,7.97081365000549e-07,1
"20806",0.695450512725453,1.79810903697584e-05,0.304530260683752,1.24550042475382e-06,1
"20808",0.0228226001934468,0.977109850115538,6.91508389664349e-07,6.68581826254788e-05,2
"20810",0.536748584128009,0.00140714365499075,0.461817052872611,2.72193443885926e-05,1
"20812",0.97544798661892,0.00808874904813696,0.00788273812179823,0.00858052621114515,1
"20814",0.393261244688037,1.08871928787234e-05,0.606727588818492,2.79300592140752e-07,3
"20816",0.0768094427390775,0.914157739314584,1.57028693534349e-05,0.00901711507698526,2
"20818",0.983112736561305,0.0117122149623712,0.00499549759217162,0.000179550884152263,1
"20820",0.000366857395413774,9.86641974080464e-07,0.99963180207146,3.53891152546701e-07,3
"20822",0.990934852990667,0.00688659086879456,0.0021475580133754,3.09981271630262e-05,1
"20824",0.319505556742967,0.00144363758561136,0.679009861844531,4.09438268898505e-05,3
"20826",0.00712939521317846,6.35518727836509e-06,0.992862689795294,1.55980424956297e-06,3
"20828",0.000151811971259867,2.02211591027883e-06,0.999845401556613,7.64356217284502e-07,3
"20830",0.998982905354923,7.1042471270137e-05,0.000938226254884155,7.82591892276159e-06,1
"20832",0.554883676854471,0.399321650934828,0.0455018298067401,0.000292842403960974,1
"20834",0.0397131432349431,0.958865873502898,3.33792731596717e-06,0.00141764533484247,2
"20836",0.999211962198601,0.000671971849965172,8.195396696294e-05,3.4111984470834e-05,1
"20838",0.920509956926452,1.89790421297251e-05,0.0794703429771772,7.21054241349728e-07,1
"20840",0.135086369430445,0.864282630481571,0.00021180190842464,0.000419198179559752,2
"20842",0.999150350699254,0.000513957584150567,0.000322182428899783,1.35092876957659e-05,1
"20844",0.962965180391461,0.0335392755899462,0.00348763374181733,7.91027677569126e-06,1
"20846",0.263153119658402,0.0140402213107993,0.722744803006218,6.18560245805048e-05,3
"20848",0.827529433320671,0.170380319282085,0.00128575230805358,0.000804495089190375,1
"20850",0.0265855153051665,0.96691567208112,0.00644821762557418,5.05949881393085e-05,2
"20852",0.0137455831873993,0.948598509465248,0.036759435966769,0.000896471380583251,2
"20854",0.0849723523786957,2.97444586454405e-05,0.914991627959713,6.2752029457425e-06,3
"20856",0.0261213963668351,0.0159063651841271,3.15032007822878e-05,0.957940735248256,4
"20858",0.00108239186474903,0.998107113397659,1.71725407030792e-05,0.000793322196889265,2
"20860",0.987425528358068,0.0124243960411591,6.07763997291716e-05,8.92992010434516e-05,1
"20862",0.000405543109068365,0.99956536972985,1.48390958772793e-07,2.89387701231326e-05,2
"20864",0.00685424616219966,4.98998557025132e-05,0.99308042996038,1.54240217177463e-05,3
"20866",1.87569860835601e-06,0.998919922208463,5.46566601667527e-08,0.0010781474362682,2
"20868",0.0106605742849485,0.987098264571898,0.000122507191111446,0.00211865395204211,2
"20870",0.968069600055778,0.0265960407158414,0.00437978117069287,0.000954578057687782,1
"20872",0.993018070609479,0.000701784778214864,0.00625441628820517,2.57283241013046e-05,1
"20874",0.00121625425088936,6.83517529714433e-07,0.998783032001369,3.02302124356535e-08,3
"20877",0.0144090940637382,0.970971995506377,9.90072951871208e-07,0.0146179203569326,2
"20879",0.000590615095372977,0.997436572086273,4.53895178297485e-08,0.00197276742883572,2
"20881",0.995940832058961,0.000117191011962528,0.00393001411794982,1.19628111265453e-05,1
"20883",0.962542915069373,7.05023958344101e-05,0.0372257833752411,0.000160799159551316,1
"20885",0.997578221141072,0.000290415808507483,0.00207269196111129,5.86710893095585e-05,1
"20887",0.5981026033449,0.398212237663682,1.07355342770873e-05,0.00367442345714103,1
"20889",0.99752151012492,0.00164047825202809,0.00022137843513239,0.000616633187919601,1
"20891",0.000287523218762235,0.997037337399214,1.48631598784619e-07,0.00267499075042478,2
"20896",0.298880357876495,0.634340980408564,2.96850378163639e-05,0.0667489766771245,2
"20898",0.993482663529817,0.00633736945431539,0.000115646377924367,6.43206379436807e-05,1
"20900",0.204689121956965,1.8233539545228e-05,0.675063921713189,0.120228722790301,3
"20902",0.0491115447331507,0.143855263586442,2.21913641758049e-07,0.807032969766765,4
"20904",0.00680365295024857,0.0126558597161823,0.979651941762958,0.000888545570611453,3
"20906",0.00963540310192388,0.975871695430518,1.58915662255116e-06,0.0144913123109356,2
"20908",0.669157189355849,0.0274425674785307,0.303298519677052,0.000101723488568411,1
"20910",0.978699545858019,0.00927432097663975,0.0120241219451025,2.01122023886819e-06,1
"20912",0.0484886672526145,4.44510382778016e-05,0.000332739449712076,0.951134142259396,4
"20914",4.38837799246671e-05,0.991478316849191,3.11001581300055e-09,0.00847779626086896,2
"20968",0.0158854557460636,0.000961655783949908,0.982291025760634,0.000861862709352226,3
"20970",0.0273389818219664,0.970708079361059,0.0014121094508751,0.00054082936609937,2
"20981",0.0178677033126177,0.981905256303652,0.000220484095393527,6.55628833725698e-06,2
"20983",0.00727360931117133,6.97386353230656e-07,0.992725643269458,5.00330177616876e-08,3
"20988",0.00232115736486484,0.997408248586765,0.000183695263444679,8.68987849252329e-05,2
"20995",0.0653242629745741,0.174505861740632,0.00494148650848515,0.755228388776309,4
"21017",0.803050843103892,0.143066897228488,0.0538510809387293,3.11787288906776e-05,1
"21038",0.00612061905073341,0.987892593763614,7.3630395786044e-07,0.00598605088169464,2
"21072",0.0237591359584975,0.971801908499957,0.000356878161623934,0.00408207737992196,2
"21075",0.00120206428480108,0.94843106064045,1.84184118793043e-08,0.0503668566563366,2
"21223",0.95398701877729,0.0440415867448292,0.000575510456033203,0.00139588402184729,1
"21225",3.13796108205299e-05,9.00926268670207e-05,8.04910849937901e-08,0.999878447271228,4
"21230",0.00476265857931154,6.56348937835945e-07,0.995236631359401,5.37123496573098e-08,3
"21236",0.99294212107267,0.00411307286067963,0.00291297081459338,3.18352520565165e-05,1
"21238",0.521001114751217,0.0859832733163834,0.00016851643948023,0.392847095492919,1
"21241",0.000574442618897417,0.998021140585521,0.00110170067674594,0.000302716118835848,2
"21246",0.0261322169209912,0.973574257802033,0.00028043538944536,1.30898875301021e-05,2
"21253",0.043160837774059,2.85790013371874e-05,0.95680581398793,4.76923667426366e-06,3
"21256",0.797015227875812,0.00507231624712216,0.197734682601509,0.000177773275556967,1
"21260",1.37248685856138e-05,0.0048744087445554,1.25918265403089e-06,0.995110607204205,4
"21266",0.0194963817673911,0.980294082527034,1.80531644479688e-05,0.000191482541127141,2
"21332",0.00830576639487005,0.991613007591914,5.02027405295621e-05,3.10232726869997e-05,2
"21334",0.991530330454395,0.00626844572749035,6.0875139271397e-05,0.00214034867884302,1
"21375",0.000164851840927184,0.9994709464872,1.53822179129432e-06,0.00036266345008128,2
"21378",6.10642289224015e-06,0.997824338767746,2.02161538131933e-07,0.00216935264782312,2
"21381",0.000270805892679406,0.990793000584141,1.24214403473877e-05,0.00892377208283238,2
"21389",0.980288951629961,0.000373660717665396,0.0193351213592147,2.26629315910994e-06,1
"21391",0.00782556015270392,0.958040233075228,0.0337390505955037,0.00039515617656424,2
"21402",0.0032011743041328,0.996780904539175,1.43574127466707e-05,3.56374394548017e-06,2
"21404",0.0227003664294791,0.67738654295523,4.73072801418823e-07,0.299912617542489,2
"21409",0.0689625327080262,0.898459524966549,3.78785227160855e-06,0.0325741544731529,2
"21413",0.817394208028576,0.15729104375659,3.63961562461354e-06,0.0253111085992097,1
"21423",0.000543038431000074,0.99717854146173,1.23623247039636e-06,0.00227718387479926,2
"21425",0.232811015951987,0.745126022651744,5.90924835479734e-06,0.0220570521479142,2
"21430",0.010204473130391,0.00401914825984883,4.64271902210489e-05,0.985729951419539,4
"21432",0.0546288082888916,0.945258389881032,1.98454073968844e-05,9.29564226797132e-05,2
"21438",0.000879601073711879,0.997913837851503,0.000685462767911569,0.000521098306874102,2
"21440",0.19371736382527,0.804344079283843,9.5586637242174e-05,0.00184297025364547,2
"21443",0.989025871258894,0.000250250613860189,0.0107197546693529,4.12345789323852e-06,1
"21445",0.000765257652490365,0.00056435351713725,4.43262059333358e-06,0.998665956209779,4
"21447",5.23321079657556e-05,0.997766261295129,7.00255602175822e-07,0.00218070634130286,2
"21449",0.000875785958274202,0.999104606143225,1.49044801983209e-05,4.70341830270569e-06,2
"21451",0.000875785958274202,0.999104606143225,1.49044801983209e-05,4.70341830270569e-06,2
"21455",0.000969166948218884,0.99902433797228,1.73282202348726e-06,4.76225747735181e-06,2
"21469",1.05900936310733e-05,0.889405983619779,2.64674223164792e-08,0.110583399819167,2
"21471",0.000693646293743028,0.785375569252982,5.13310172949267e-07,0.213930271143102,2
"21473",0.475674290899141,0.058449217177835,0.46062010980315,0.00525638211987437,1
"21476",0.865610291079282,0.127361125431092,0.000492368145816655,0.00653621534380889,1
