"","V1","V2","V3","V4","V5","V6","best$classification"
"19811",0.0305807181882778,9.43942143005855e-06,0.0923581168109,0.877051712384833,1.31864551304778e-08,8.10434090106091e-12,4
"19813",0.999999967626593,6.21100741786244e-28,3.15130081712441e-08,3.7474049314204e-15,8.60394605522081e-10,8.02650521669244e-21,1
"19815",0.000261548441715546,1.56668103100176e-15,0.989527496263526,0.00884280003351909,0.00130365851261056,6.44967486270229e-05,3
"19817",6.68390593999115e-05,1.56782086028321e-06,0.0367748460395536,0.963154714586592,2.03067726592227e-06,1.8163277858652e-09,4
"19819",4.89618424560369e-05,1.17301417720596e-35,6.43314836860169e-07,5.69204763505742e-52,0.492663887185463,0.507286507657244,6
"19821",0.553592771281646,0.000276818673556068,0.444924136373723,0.00120589127702634,2.38408775730637e-08,3.58553171041282e-07,1
"19823",7.60445827385601e-08,2.30918138567717e-20,0.00161715456218078,3.8221664443778e-06,0.998378941391159,5.83563293767331e-09,5
"19825",0.99999999999691,2.46946822887791e-18,1.35760402401366e-13,2.39619018519521e-47,9.41365360241361e-14,2.86039477623298e-12,1
"19827",0.00141760445899788,0.674196921927353,0.0108948998749466,0.31331998745658,0.000141359965655034,2.92263164678119e-05,2
"19829",0.313825751085434,1.68202486030596e-09,0.340460686235196,2.00822456506657e-30,4.4738011747816e-06,0.34570908719617,6
"19831",0.00179263296455913,1.48827819123259e-46,4.59861336491189e-07,2.25121144210704e-48,0.426230939691373,0.571975967482731,6
"19833",2.93263329849185e-06,4.39120581087442e-59,7.81414687403026e-24,6.11931333830932e-82,0.999997067366701,1.47713552455613e-30,5
"19835",0.553592771281646,0.000276818673556068,0.444924136373723,0.00120589127702634,2.38408775730637e-08,3.58553171041282e-07,1
"19837",0.000413779615301425,0.170719502325023,0.0358626347587597,0.792984923067728,3.10258809542967e-07,1.88499743786196e-05,4
"19839",0.98450243640093,4.36919080175710e-09,0.000298340646960316,2.16159064409066e-29,9.62281749273847e-09,0.0151992089601017,1
"19841",0.971477202064972,0.0285227973407974,7.83280345837078e-16,1.54058139710993e-39,5.94228445170462e-10,1.44920141064593e-15,1
"19843",0.998225699799137,2.38703432101939e-53,1.73976701755127e-07,7.11092790594014e-58,6.51300756727013e-10,0.00177412557286119,1
"19845",0.994181622729565,2.52544254033924e-22,0.00566080762140152,0.000157532999214932,3.66498187493393e-08,1.41032196773368e-19,1
"19847",0.0998969061496994,1.04346504774327e-20,0.900027942019977,7.48962040927949e-05,6.19142858841388e-08,1.93711945005246e-07,3
"19849",0.999999986314678,8.30276622132884e-25,1.1828428171161e-08,1.43171035118388e-10,1.71372344571115e-09,9.3918418120517e-24,1
"19851",1.42321098220033e-05,2.53211675986582e-08,0.00728201371630996,0.992699986359226,3.74247383934422e-06,1.96348387047356e-11,4
"19853",0.000557436385869708,1.87760582469628e-15,0.00045017328826188,0.631866841125446,0.367125549200421,2.38433534490524e-25,4
"19855",0.000149072885314911,2.68943695448262e-06,0.0119147311233587,0.987781179342269,0.000152327212102994,5.05084236869755e-18,4
"19857",0.161580764156847,2.13234690829956e-05,0.835108756056495,0.00328266751250761,9.3497297189501e-10,6.48787009469862e-06,3
"19859",0.00624197262559457,9.06395861154852e-05,0.764039581819244,0.229557772338254,6.83392239156237e-05,1.69440687674101e-06,3
"19861",0.00288685702667239,3.65981042227018e-12,0.00953804295697041,0.987575032604845,6.74078435801597e-08,9.33025206078085e-15,4
"19863",0.999999990679481,9.31823042120186e-09,5.43384790082059e-17,2.62589720924218e-24,2.28831792827137e-12,6.23205712666664e-32,1
"19865",0.00152122090908118,0.998478522092176,2.01121566722659e-07,5.58308013813108e-08,4.62649847751978e-11,1.10425669394793e-13,2
"19867",0.0193473210816649,1.39249174975811e-21,0.961506892111014,0.0191455239961841,2.59068572010543e-07,3.74256515623903e-09,3
"19869",0.999865113744921,2.93661413619411e-09,4.83678646781796e-06,0.000130041767922601,4.76407507545198e-09,1.91937438157807e-24,1
"19871",0.000723121611253507,0.0124394280329661,0.41092552585458,0.575797078404837,4.45731751869804e-05,7.02729211767249e-05,4
"19874",0.00332890536032937,0.00052593848157491,0.00113928520687087,0.995004214995528,1.65595486969372e-06,8.2660265486811e-13,4
"19876",6.43991474637223e-05,2.85994306402496e-05,8.67590088386394e-05,0.999820240099216,2.31384108652891e-09,6.16230432092623e-16,4
"19878",0.490707329907438,1.20089347691997e-25,0.509289098335767,2.84759208493144e-33,3.23524506817788e-08,3.53940434436553e-06,3
"19880",0.000367132824487247,0.999632865733495,1.76914375606241e-10,9.16789357777334e-10,3.48313664437337e-10,3.09483771766471e-20,2
"19882",0.97528810059732,3.63450311719484e-13,0.024498359740281,0.000213338085054871,2.01576981086918e-07,6.80205621826334e-19,1
"19885",0.00296919193791577,4.14166422318809e-06,0.532042756155309,0.464112514832593,1.15372313137158e-07,0.000871280037646024,3
"19907",0.147391872116438,2.9268295352722e-18,0.847205916329533,0.00540205123726874,1.60316642594437e-07,1.17828587356843e-13,3
"19909",0.00298763778287928,4.4066898153251e-22,0.0357760878176047,9.35615517794722e-21,3.15785544727703e-07,0.961235958613971,6
"19911",0.126464488079403,5.87139297178467e-09,0.00154613384176151,5.25636429594276e-21,1.57618403271739e-06,0.87198779602341,6
"19913",0.000477992558526949,0.999522005265913,3.62217270497361e-16,1.65854371478123e-19,2.17555935420025e-09,5.83396700383165e-19,2
"19915",9.15333777126925e-05,0.996548583975517,0.00046274099312035,0.00289633033354385,8.11316881560114e-07,3.22401370362823e-12,2
"19917",0.0153596480523122,0.984574303853311,6.5233290040601e-05,5.37477761584757e-07,2.27310217534613e-07,5.00163567007772e-08,2
"19919",0.00146685964862378,0.271132471758819,0.0716525207091505,0.655737826919486,1.01700715375256e-05,1.50892383324542e-07,4
"19921",0.000281373945286903,9.05365989423609e-12,0.0674007725031011,0.932317393741246,4.56888656222573e-07,2.91265614336359e-09,4
"19923",0.0742327086582306,1.08388341129673e-28,0.925620101260561,2.4197669781831e-14,0.000146988597796414,2.01483387484185e-07,3
"19925",0.00115384913299551,0.998657459480938,9.76301085765158e-05,9.0984977304414e-05,7.6275436966378e-08,2.47485419187204e-11,2
"19927",6.96189069998267e-05,8.74916579213338e-11,0.428013704751374,0.57181146997207,0.00010518806392213,1.82181418497132e-08,4
"19929",0.995316257126143,0.00468374287059872,4.66729764272547e-18,1.94875459723673e-15,3.25628244842682e-12,7.1500927309634e-28,1
"19931",0.00124743085526281,6.0151560077661e-12,0.997796455812015,0.00041796730391312,6.40719241509536e-05,0.000474074098643287,3
"19933",0.000753212813891906,1.35382293361117e-10,0.119741473907389,2.20251805432722e-10,1.94975197012034e-05,0.879485815403384,6
"19935",0.351202910729557,8.25250424364588e-11,0.58271625011269,1.86943754401979e-08,1.20732923944585e-10,0.0660808202601195,3
"19937",4.94710897604645e-05,1.54879748038275e-13,0.342267272722518,0.657194929513308,0.000488136948048234,1.89726210991305e-07,4
"19939",0.0084043980934159,3.35185909152945e-09,0.990878321938078,0.000690229427904281,2.70461745422981e-05,1.01419989088837e-09,3
"19941",0.634253626700285,1.51931603907434e-08,1.86449162555721e-06,3.74501104036755e-26,3.53298490803493e-08,0.36574445828508,1
"19943",0.00137974000441488,0.998619101697068,2.32341143589639e-08,8.49546028095324e-07,2.85518373119308e-07,1.25082821311605e-15,2
"19945",0.00396615924551253,9.10262563051817e-13,0.0940782857884413,1.01147698198178e-12,1.88450830427126e-05,0.901936709881082,6
"19947",0.999994127209813,1.83325507858297e-08,5.6735674404983e-06,5.27575328553092e-26,1.805618704718e-07,3.28325471162232e-10,1
"19949",0.0477563861791141,2.16715792171918e-26,0.95101701343532,1.74757546328959e-14,1.91329891674989e-05,0.00120746739638085,3
"19951",0.379717729188058,0.37788035247369,0.242395683323127,1.92501780274399e-09,4.42097610574002e-06,1.81211400076712e-06,1
"19953",7.48397334371997e-05,4.68053450267473e-50,2.32366420946218e-07,3.10155170660672e-40,0.996227047058732,0.00369788084141014,5
"19955",0.845865275462311,5.20526284184772e-36,0.120383467903027,1.30877373525163e-33,0.00438338074982332,0.029367875884839,1
"19957",0.184760569635617,0.00160761535256888,0.0293410015459844,1.94125389117251e-06,0.784288630563963,2.41647975287279e-07,5
"19960",0.94896201184081,1.9986217277411e-18,0.0477633576334819,6.53915950852633e-34,4.15488133937143e-09,0.00327462637082667,1
"19963",0.000364048004806892,1.95878055639449e-19,5.54017482784647e-24,1.96544405852867e-44,0.999635951995193,1.85194310362781e-18,5
"19965",0.613190359919971,2.02452232823094e-40,0.321028030333206,1.8959237149048e-49,7.39226477314713e-05,0.0657076870990921,1
"19968",0.999199956969545,0.000799670951801352,3.70342660840918e-07,2.78361984401523e-16,1.57160091567448e-18,1.73599234854791e-09,1
"19971",0.465553917435236,4.95522053133631e-08,6.66604380253026e-15,4.47925397532311e-59,0.534446033012548,3.57939529490093e-15,5
"19973",0.000167694443502534,0.00139328460472682,0.0132289684428466,0.98521000712234,5.03489740330715e-09,4.03516865137373e-08,4
"19975",0.0454348577610588,0.95430107521361,0.000264042779684902,2.28553093399205e-08,3.10783957908098e-11,1.35925899976575e-09,2
"19977",0.999998125596623,5.18484409963777e-11,1.110499805192e-11,3.91856339358294e-42,1.87434042325678e-06,7.58139597293239e-21,1
"19979",0.0115583787298201,9.16809346782156e-28,2.92827793297859e-05,6.37024583894429e-59,1.16271290639441e-05,0.988400711361786,6
"19981",0.00123073082484883,5.84242024033021e-12,0.99620139537512,1.3693211862452e-06,3.60138506864479e-06,0.00256290308793406,3
"19983",0.00945133338953458,1.49705655349797e-15,0.990527746778281,2.01370653375992e-05,4.10705832999153e-07,3.7206101225818e-07,3
"19985",0.00310132582176247,0.335952318516048,0.000565508230110703,0.660380822736891,2.46951732095833e-08,1.5461027516888e-14,4
"19987",0.109884434829682,0.0151610653715108,0.81149504093964,0.00453660484487146,5.05949845547063e-07,0.0589223480644507,3
"19989",0.00528482613875916,7.34669274035126e-44,5.31885671193467e-05,3.16087032719662e-47,0.000250984818857493,0.994411000475264,6
"19993",0.0242900236232087,2.48871948561705e-07,0.971995189871124,2.61675892242932e-18,1.132652171445e-06,0.00371340498154762,3
"19995",0.231879035415102,1.21246611368341e-08,0.13003446120267,1.24590395098658e-15,8.56097169586918e-08,0.638086405647848,6
"19997",0.000427301740071719,1.15195277335169e-05,0.0529791671398277,0.946581257497056,7.39915697130226e-07,1.41796138919181e-08,4
"19999",0.00108195572904106,0.998132968443967,0.00036563171756089,0.00041942660214445,1.75072860938385e-08,8.21367995815512e-16,2
"20002",0.999999999997595,1.51616856185419e-15,9.16056887921674e-23,6.78722631245111e-38,2.40292884901959e-12,1.76887739113455e-20,1
"20004",0.147461897009481,2.01749942744836e-12,0.00104767582233671,5.0640363085241e-16,2.6785445825887e-10,0.85149042689831,6
"20006",0.987577517814594,1.57289314148451e-23,0.0124220799597127,9.04936806993219e-34,2.7565191652294e-07,1.26573777111667e-07,1
"20008",0.998462528129216,4.9280535103851e-25,0.00115387257339699,6.89169804612921e-38,6.53557570239131e-06,0.000377063721684245,1
"20010",0.0425271445995497,9.98948770124954e-21,0.563248782193312,3.25288766603629e-17,0.000217799728811099,0.394006273478327,3
"20012",0.928086247714568,0.0712400476241513,0.000673694013457563,1.86296206630714e-15,1.06478207606114e-08,2.56914681918303e-17,1
"20015",0.016352374377092,3.62456430511802e-35,0.000634038967025489,1.10918176315649e-51,1.89787258207335e-12,0.983013586653985,6
"20017",0.000430613896865313,0.00017003333481258,0.00317514972015038,0.996224199619408,3.42864802238975e-09,1.15873281816299e-13,4
"20019",0.0321839166075946,1.23714543050251e-47,5.03995429023613e-06,1.75906075419631e-75,7.91366504050055e-06,0.967803129773075,6
"20022",0.0125347026992954,4.85329613766438e-19,0.460077264065795,6.86283312557502e-18,7.95505032461289e-06,0.527380078184585,6
"20024",0.752900674907629,5.6047468474509e-69,4.71714180659678e-10,1.70124005065281e-69,0.246617450711794,0.000481873908862572,1
"20026",0.752900674907629,5.6047468474509e-69,4.71714180659678e-10,1.70124005065281e-69,0.246617450711794,0.000481873908862572,1
"20028",0.000192390551764318,0.00846707040649448,0.00120761631769386,0.99013271143687,2.11283130653767e-07,4.04699173068845e-12,4
"20030",0.132660103951462,1.66935647718681e-20,3.48428417581681e-06,1.74640496848431e-39,7.10527252995671e-12,0.867336411757257,6
"20033",0.00202924757961291,0.864295526720276,0.133590377180338,5.43947362047982e-05,2.29316822581741e-05,7.52210131014163e-06,2
"20035",0.0486498714257237,3.19177170700917e-51,4.37483835610283e-05,2.30951595824283e-75,3.92769079478612e-05,0.951267103282767,6
"20037",0.0288391008589743,1.73604517252426e-53,0.000445576618803816,3.01356544961528e-69,1.12756665415044e-05,0.97070404685568,6
"20039",2.42035807826544e-08,9.69588708180592e-98,4.17161602293871e-16,6.55951693140254e-86,0.999999975795868,5.51122318580295e-13,5
"20041",0.0171384781661099,9.19324727746551e-20,0.982183347015209,1.16846303677674e-18,0.000678147787703633,2.70309776859076e-08,3
"20044",0.129892694394939,1.48512132358905e-16,0.842578920892851,1.44559750566052e-23,0.0275283596363955,2.50758146115018e-08,3
"20047",0.0593364455954103,1.8453504558896e-41,1.54655109793368e-08,5.47590398073939e-84,0.00547856794138171,0.935184970997697,6
"20050",0.0193742612235174,1.79042748856772e-21,0.156330482044544,1.39406452245575e-29,0.766389339257279,0.0579059174746592,5
"20052",0.0120169139517814,0.0991103447488407,0.845935085910413,0.00696661726934911,0.00132782430427497,0.0346432138153406,3
"20054",0.0377170184315007,5.08492718846581e-20,0.0578135977952048,5.98802413579899e-30,4.4228957180134e-11,0.904469383729065,6
"20056",0.322991490299313,0.677008180936182,1.12104792478308e-08,1.69962138156523e-16,7.39650537993987e-08,2.43588972258623e-07,2
"20058",0.0120592444084643,3.70773044337261e-50,0.000157936298734534,3.5607867253455e-47,6.11470226642978e-06,0.987776704590535,6
"20060",0.0123549049089947,2.48563785986305e-08,0.854690140364663,0.132952826341522,1.2437376822106e-07,1.97915467337411e-06,3
"20062",0.0125968399922958,4.55003311092041e-08,0.986836535253072,0.00029742282128464,1.12933265594194e-06,0.000268027100360006,3
"20064",0.00435360755024749,4.94832221638241e-08,0.0867280508635184,2.26559428331428e-13,1.48677773229814e-07,0.908918143425012,6
"20066",0.0910712751442235,1.56486179064338e-30,5.21621136443919e-07,1.06194838982562e-63,5.2470212071934e-09,0.908928197987619,6
"20068",0.00655279040814277,6.54617247228653e-11,0.372470773815303,0.620976389860412,4.5840507269943e-08,1.01733716327939e-11,4
"20070",0.000862672021815203,2.28249943701715e-18,0.993342605619153,0.000623023834158736,0.00517167632441623,2.22004570029965e-08,3
"20072",0.864045742643931,5.0019727253569e-46,0.0486578814286836,1.6003445169766e-45,6.83469082465109e-07,0.0872956924583029,1
"20074",0.017992180930851,0.982007819042663,8.72475014912856e-17,3.63393046436373e-18,2.64863574774139e-11,3.83437861750508e-27,2
"20076",0.992194959701365,0.00762583505446546,0.000179029434614031,1.13885089837735e-11,2.3729960593018e-12,1.75795794273231e-07,1
"20078",0.00460448516401546,6.88185095834095e-14,0.0175387532122263,3.65570863311951e-19,2.46181492562225e-05,0.977832143474433,6
"20080",0.00842655339522429,1.38609499831765e-34,0.000667274954139499,1.18276713493644e-58,3.56449957433204e-05,0.990870526654893,6
"20082",3.9848966348187e-09,1.48715412159396e-52,6.18704835589572e-11,5.73298732979201e-54,0.999919782377496,8.0213575736884e-05,5
"20084",0.0216852449679633,4.12350556808728e-08,0.000199057460406529,1.81973434313804e-22,0.000537712588375302,0.977577943748199,6
"20087",0.050963540985898,3.25582510792883e-27,0.0963670479642019,9.61507705996391e-23,6.9160668122095e-07,0.852668719443219,6
"20090",0.0120715822574946,3.98602130401558e-35,0.0113405978377467,6.00111059346262e-58,0.000767829325176446,0.975819990579582,6
"20092",1.69476511680484e-05,5.4757751829388e-62,0.000153931154028832,7.46184014063062e-33,0.999829112538586,8.6562174824123e-09,5
"20096",0.000633271858990185,1.87427243446029e-18,0.0035300554579591,4.54205687079842e-14,0.99581203982145,2.46328615551166e-05,5
"20098",0.000713979706869315,0.850640641880619,0.139360027741189,0.00919844041860061,8.6748148908175e-05,1.62103813334105e-07,2
"20101",0.0473757350586141,1.08681944216376e-14,0.00555420039428083,1.45298806675281e-45,0.000550508458637925,0.946519556088456,6
"20104",2.27625079529026e-07,5.38100478642728e-44,1.70344364323029e-09,3.41044889706767e-21,0.999999770671477,1.71487231724762e-24,5
"20106",0.0118594120944544,1.15730544966419e-13,0.114216011281118,9.87026771911728e-32,1.36191934157406e-08,0.873924563005119,6
"20108",0.00767182865634607,0.000263145986935859,0.398127184650696,0.593572676049516,5.2387395060746e-07,0.000364640782555428,4
"20110",0.0821071806639287,5.86631784149015e-07,0.0422327126165781,1.04365416615479e-10,0.875656987914879,2.53206846493627e-06,5
"20112",0.0125742995937002,5.07665752715985e-19,0.585691671937393,1.11519455737597e-30,0.00218902191303144,0.399545006555876,3
"20114",0.0157533945028315,4.71065122782696e-06,0.000538433800079056,6.95106637354406e-16,3.64748907623047e-05,0.983666986155099,6
"20116",0.0925214402804101,1.38869370656412e-06,0.0207515529752669,2.1546520924669e-22,1.54570745584177e-09,0.886725616504909,6
"20118",0.00154807526879964,0.0158520910155727,0.700318147267817,0.000727656591835649,0.000135740486208667,0.281418289369767,3
"20120",0.128306608696065,9.26007245482857e-14,0.238115318487424,1.05877776881808e-29,0.00382276858419433,0.629755304232225,6
"20122",0.00217566416921075,0.997824307947553,2.65103183312374e-08,1.20849595287363e-09,1.64019185031032e-10,4.03360301890199e-13,2
"20124",0.043256803477314,1.27886127748007e-43,0.00612770722647483,1.20163642322724e-50,0.00769579898474978,0.942919690311462,6
"20126",1.90660236417946e-07,3.50943409558627e-67,1.56916949703057e-15,1.24044539378042e-76,0.999999809279512,6.02502544291118e-11,5
"20128",0.00029348353620831,1.15259536352388e-77,2.61499706246653e-15,7.26316268623238e-113,0.999539364686069,0.000167151777720128,5
"20141",7.01876427162731e-08,2.66366531591231e-23,5.93367141357844e-06,1.94428067143072e-13,0.999993996140749,4.33011908651351e-16,5
"20143",0.998443510263488,0.00155638772763974,8.70081196057467e-15,3.56691257036412e-34,1.02008863856853e-07,2.25733005077454e-22,1
"20145",0.00363548381687137,1.27060169249718e-15,0.127264112622085,2.20306919912124e-18,7.72194450834462e-05,0.869023184115959,6
"20147",0.00366851479645933,1.71251692815621e-14,0.218235701960399,2.71746613587264e-22,4.20681258105033e-06,0.778091576430544,6
"20149",0.0085122397670452,0.991484922081075,1.8640902702965e-08,2.47140278508175e-06,3.4810818851794e-07,3.24627305506143e-15,2
"20151",0.00176211743784614,0.728207953158793,0.0931957259255647,0.176829829247229,5.35519174439898e-07,3.83871139260819e-06,2
"20153",0.0131146579361012,0.780988159701598,0.0116089764743489,8.37506346464209e-10,0.194285623414571,2.58163587432083e-06,2
"20155",0.00986081106135603,1.47928711594768e-24,0.82654208584843,2.48573306035281e-36,2.56345407136292e-07,0.163596846744807,3
"20157",0.0213637668655764,0.963172929521513,0.00890400688552639,0.00655810415730003,1.17433058068366e-06,1.82395036742955e-08,2
"20160",0.000222557307166122,0.999777442178764,2.8237604175256e-15,4.14132025659358e-17,5.14066720473639e-10,4.93910594924393e-20,2
"20162",0.000295122073644173,0.99969428003752,8.51317515239566e-09,1.05875252234518e-05,1.85043669307008e-09,4.54459888972324e-18,2
"20164",0.176191954011874,0.823259636496975,0.000498705082878157,5.02353948964093e-10,4.97005183535864e-05,3.38756595024226e-09,2
"20166",0.98926076772901,7.72175794537999e-20,2.80884970612623e-09,8.13802449599851e-55,1.83696086264367e-12,0.0107392294603029,1
"20168",0.99999999999999,7.47956783327759e-26,6.39327762618142e-18,1.18847078240544e-45,3.14383387748305e-15,6.71889954546976e-15,1
"20170",0.000119421779323735,0.998951432348144,0.000724776445268675,0.000175675795840661,2.86866065745954e-05,7.02484860330947e-09,2
"20172",0.00193601419659319,2.23941753465735e-28,0.19874209467352,2.40733001856601e-21,8.17189078945049e-05,0.799240172221992,6
"20174",0.0162289624105701,0.00138142656829726,0.000106513678763662,0.982283096645941,6.96428011941358e-10,1.20820697360055e-18,4
"20176",0.999999988307331,5.74983117326572e-26,1.0864172852587e-08,2.08791387585279e-34,8.28477327349165e-10,1.91732533419873e-14,1
"20178",0.000326537000167973,0.999673461511239,3.18470212337176e-16,1.24491351719744e-18,1.48859283902638e-09,7.5500191694609e-21,2
"20181",0.233063235109065,1.67043362499488e-14,7.4941794668923e-06,5.06967744018105e-44,2.9028462377257e-11,0.766929270682422,6
"20183",0.000569681542378523,1.11710629593051e-14,0.971215645844579,0.0263038472723266,0.00180751410233301,0.000103311238371141,3
"20186",0.017941603302042,2.77568752228034e-41,0.981079413447237,7.58050158014454e-13,0.000971948049533368,7.03520042937892e-06,3
"20188",0.00156105669993333,0.998438939449145,9.17450317697427e-12,1.93859017154387e-15,3.84174536537784e-09,2.42416122309073e-18,2
"20190",0.00983521616283821,2.91260261185717e-28,0.00115736759932928,1.15088923466834e-48,2.44750494185838e-09,0.989007413790328,6
"20193",0.999999871845424,1.2803554161113e-07,7.66695526544192e-15,1.40483624007021e-48,1.19025637955426e-10,6.95548308302572e-16,1
"20195",0.1066766248276,0.785137020697386,0.108130834460201,3.83256702379439e-14,4.84762071346614e-05,7.04380763984892e-06,2
"20197",0.00490644229262654,6.91983709079877e-24,0.459139603923319,7.06831285105771e-26,5.34094986490006e-05,0.535900544285406,6
"20199",0.000792073198247442,0.99918161742189,1.84268071606445e-05,5.22405130595227e-07,7.36016755737755e-06,1.3782761230476e-14,2
"20205",1.4071672898083e-09,1.786234979581e-60,6.70117279505874e-08,4.00033576294388e-48,0.999999929920027,1.66107795652042e-09,5
"20208",0.0044066662581674,0.0121119200956098,0.983439715410185,3.51281386108899e-07,3.61036799582094e-05,5.24327469391877e-06,3
"20210",0.000131508521882158,0.999867711137838,3.37279985673635e-07,4.26095279659665e-07,1.69650139642072e-08,4.60917622844821e-16,2
"20212",0.00464084163010983,0.98799773326101,0.00735333141167645,2.25013792191035e-07,7.8657859651998e-06,2.89744667492566e-09,2
"20216",0.0702867756219875,8.23617375421582e-16,0.0996922059303673,7.57262584424027e-24,6.49558448058864e-09,0.83002101195206,6
"20219",0.00185235531935252,1.33883550101943e-20,0.000551308925827635,1.50394568570919e-25,0.0900556489930378,0.907540686761782,6
"20223",0.998032899149988,1.91778283237855e-71,2.27514070650815e-07,4.39709502493022e-80,6.35991796157563e-07,0.00196623734414481,1
"20226",0.0284778829203913,2.51891271788549e-10,0.971509009656701,8.24266483366394e-15,8.3433098584623e-06,4.76386114928207e-06,3
"20230",0.0110398360530574,1.91580307356561e-36,0.000226867661008148,5.48098061740273e-58,2.0013645500573e-06,0.988731294921384,6
"20233",1.07829707066519e-10,1.02085733427448e-44,1.76351726208781e-14,1.5527337437823e-26,0.999999999892153,9.50494886195694e-24,5
"20235",0.330494161563517,1.01652270365898e-59,0.019209242634633,1.36213689773754e-55,0.646003687676756,0.00429290812509325,5
"20239",0.810292245312115,1.15466935708686e-32,0.114484004397173,2.22368463782471e-25,1.75580608867362e-08,0.0752237327326507,1
"20254",8.07812243858833e-08,1.0879746379052e-55,1.52699472622358e-10,3.83416476876449e-63,0.999835622939495,0.000164296126581402,5
"20256",0.00495290981304378,6.16165862503414e-40,0.0210049591411578,1.46075369291733e-41,6.64582647562244e-05,0.973975672781042,6
"20262",0.000116853978185831,0.998524133109155,0.000419673354846419,0.000939261246188473,7.59735226224701e-08,2.33810132523732e-09,2
"20270",0.980847089002962,1.07532961766226e-18,1.4434114461685e-05,7.91648371664957e-35,8.07792806458042e-12,0.0191384768744985,1
"20284",0.00320207753625574,4.24532452501076e-24,0.139424914463932,5.89477789255905e-09,0.857350175353078,2.28267519568235e-05,5
"20287",0.0428036687073171,9.37695504119072e-56,2.3972114724585e-05,2.02860386383325e-77,1.87297798717029e-08,0.957172340448178,6
"20290",5.00831667691768e-06,5.0354225768145e-28,6.48100778021342e-06,7.49072971219221e-30,0.999988502376652,8.2988908358143e-09,5
"20293",0.0004304008316221,8.27560974958373e-16,0.220782746014045,8.17079369707693e-13,0.000754617847086991,0.778032235306428,6
"20296",0.517668524335412,0.466708111531011,0.0142848529412262,0.000113847235425308,4.47953583578076e-14,0.00122466395688065,1
"20301",0.921148662339166,4.33950605095638e-36,5.95192334149581e-09,4.70759740885145e-101,1.09907087348866e-06,0.0788502326380367,1
"20304",3.97967909783153e-10,1.23290103695433e-52,1.91021626203879e-10,5.42648223621788e-49,0.999972059771522,2.79396394883365e-05,5
"20306",0.0206201469807679,1.28144990728714e-47,8.82162224481139e-05,2.23941888700562e-52,0.000926930552831582,0.978364706243952,6
"20309",0.000167810618216111,1.30309913173953e-15,0.995554932708923,2.64569022013575e-18,0.00133248140366396,0.00294477526919544,3
"20311",0.0437133797880192,4.30271932036374e-15,0.000210995960171651,2.38556230125778e-27,2.94768509804432e-07,0.956075329483295,6
"20314",0.000601127537109387,0.663922302332079,0.223781414083522,0.111136043848337,4.00023453969317e-05,0.00051910985355569,2
"20318",0.999573516405098,0.000426483326736643,8.14570763736204e-15,1.15943614701356e-30,2.66688312547761e-10,1.4683225223564e-12,1
"20320",0.268479835556084,6.0853505351617e-15,0.727575916486911,2.87159257695215e-11,0.0039442464810849,1.44719866286697e-09,3
"20326",0.000675344260374813,0.0652436381485916,0.870918936411,0.054524295803672,0.00232512709613915,0.00631265828022264,3
"20328",0.00649029495760946,1.20622786031666e-29,0.990844280632997,8.11560760504034e-13,0.00266533096281227,9.34457692436247e-08,3
"20330",0.500550077150431,4.8270477553819e-32,0.461356446134727,2.20534733540217e-35,2.95412922438434e-05,0.0380639354225977,1
"20336",1.64859788785698e-07,1.9924862350177e-37,0.000639927855217681,2.78678454560453e-18,0.999291720698531,6.81865864627156e-05,5
"20338",1.30796834956385e-06,2.16702764476595e-24,0.000140806723856899,2.88242106426626e-31,0.999149587710641,0.000708297597152383,5
"20340",0.0882611693063251,1.10450900868939e-43,0.000208111629927705,2.22985265422141e-58,1.33091733763558e-05,0.911517409890371,6
"20342",0.0034766520260314,4.0554951924638e-46,4.83384427940737e-19,3.73775870424714e-61,0.996523347973969,4.07954166992202e-20,5
"20344",0.00436153167556419,4.1258774273721e-31,0.00732320697536213,8.77764498159566e-33,0.000171546793727176,0.988143714555346,6
"20349",0.0100756868482255,3.72062481021502e-41,0.000176714186690358,1.02031550197794e-43,5.62256626261325e-06,0.989741976398822,6
"20351",0.00148115973959871,6.36050152952746e-16,0.997282012917819,5.9177341141646e-17,0.000403385732263777,0.000833441610317437,3
"20353",0.0256279206872027,4.36422608679942e-37,0.879313183326382,1.5581003153806e-47,0.0453347461060424,0.0497241498803727,3
"20357",2.49054877912915e-06,8.44916753741689e-71,1.76986649209372e-08,2.98946018854378e-53,0.999997386650606,1.05101949974352e-07,5
"20360",0.0749334541606065,3.42462536239323e-58,1.50661989757539e-07,4.7957330674641e-59,0.925066395177402,1.45046088702365e-15,5
"20364",0.00462170967211042,7.0667181445811e-18,0.794540848367199,1.24587223435697e-19,4.52716358865586e-05,0.200792170324804,3
"20366",6.40945755986629e-09,1.53364195102145e-41,5.64179181910752e-06,2.87744361417578e-26,0.999994351766108,3.26150236112274e-11,5
"20381",0.999980426595369,1.21015194213409e-10,2.39750426489764e-10,1.95550757944763e-11,1.95730243100442e-05,7.39194917172319e-22,1
"20391",0.992222541736898,6.73095148774416e-59,0.00705094912024502,4.05753965833635e-25,0.000726048468173459,4.60674683371013e-07,1
"20394",0.0387647241155854,3.51593310105451e-09,0.948170373439036,0.0130646668854572,1.82178032760436e-07,4.98659559439578e-08,3
"20396",0.964377032392788,0.0107727224340327,0.000391637432861083,0.0244586024173665,5.32295133707901e-09,2.73072084373391e-22,1
"20409",0.0974272555313401,1.9684366216744e-05,0.00170013145113385,2.55067873932485e-13,7.06169546327485e-06,0.900845866955591,6
"20411",0.000262303689102414,4.23589378084488e-47,0.0271798387737926,9.64622729044417e-40,0.18509562263666,0.787462234900445,6
"20416",8.51759330665183e-06,1.1173564884965e-92,3.57835720749257e-13,3.81222293224216e-99,0.999892805286497,9.86771198388233e-05,5
"20418",0.774697591321701,0.223128234769784,8.49136671779417e-06,0.00216567982085095,2.72094603485982e-09,7.94490769471563e-23,1
"20420",1.78541419624818e-10,9.34966488402983e-38,1.60442885997677e-09,1.70804849868232e-20,0.99999999821703,2.85744341635928e-23,5
"20422",0.223021149984182,1.75688470008817e-23,0.0253999804331419,6.01880526443734e-45,9.64614897481275e-10,0.751578868618061,6
"20424",0.00879258938415138,4.49202856817066e-42,0.309569176827458,6.87899125815834e-39,0.0178483138963183,0.663789919892072,6
"20426",3.01781773947211e-09,9.47234089613342e-38,4.72004135811403e-19,5.09633039197671e-55,0.999999996982182,2.03537518167446e-22,5
"20428",0.0417898573482155,2.10002607587913e-19,0.892294806760195,1.36982929688417e-17,1.11951339790027e-08,0.0659153246964553,3
"20431",0.011816767134837,1.12618751192712e-05,0.982777477497323,7.31273561138642e-22,0.00539053186279453,3.96162992575469e-06,3
"20433",0.977623940174574,1.08136646243589e-51,8.46809038910843e-07,1.24637103596553e-73,3.99143993506255e-09,0.0223752090249472,1
"20436",0.999999996695897,1.14810522473681e-29,2.74862251200569e-09,6.55687582138439e-46,3.68566127798315e-10,1.8691416315578e-10,1
"20439",0.0340362695860924,2.58941623408538e-05,7.03192676245397e-05,0.965867516721579,2.62363299647141e-10,4.71981579249863e-17,4
"20441",2.85326199600729e-07,2.42595693185527e-42,6.14058960309918e-05,8.10735307044336e-40,0.999938308411645,3.66124839435894e-10,5
"20444",0.000624200930595055,0.999375797501951,5.92270443986982e-13,6.43665974894966e-10,9.23196127631403e-10,2.94358134964452e-20,2
"20448",0.00422709423134931,3.38630112613776e-07,0.0213077760913222,2.40908644374838e-11,0.974340627198931,0.000124163824194305,5
"20536",0.49396235175668,7.55342680518677e-17,0.416694005858139,0.0893436265946613,1.57900736891046e-08,4.46584417414851e-13,1
"20538",8.53363609753667e-08,1.74837466360262e-43,1.12253865373326e-05,7.08663022376132e-25,0.997709088401369,0.00227960087573276,5
"20541",0.0077683047441833,1.19728850182286e-44,0.000178658564636318,1.45239013720957e-55,0.00446064050082756,0.987592396190353,6
"20544",0.00122233605848923,3.05431125545279e-12,0.411341595472153,8.97204321762821e-13,0.00013826324580332,0.587297805219603,6
"20546",0.00695106282520075,1.26088412291192e-36,0.0387283846555902,2.22996754726558e-28,0.000146049725220436,0.954174502793989,6
"20550",0.144402302463131,4.88682579560769e-17,0.855594322663969,1.7238735950496e-23,3.27512269018874e-06,9.9750210513208e-08,3
"20553",0.000238079340576374,4.44504402590336e-72,6.87227947799299e-25,5.38257677312926e-131,0.999761919362441,1.2969824562688e-09,5
"20555",1.78782361235851e-09,7.53055323216041e-59,1.86042960543287e-10,3.92951537343523e-28,0.999999998026133,4.26456646889193e-22,5
"20557",0.000815344734491985,1.45357791640266e-14,0.961698678117837,7.99147099632256e-21,0.0374825464873157,3.4306603412774e-06,3
"20559",0.01314250213799,4.82742866156175e-17,0.0423859976267156,3.3175173821662e-27,1.61305579192467e-07,0.944471338929715,6
"20561",0.000961143993767169,0.994757576780448,0.00424239848578432,3.13776750357932e-05,7.48433539795255e-06,1.87295671837896e-08,2
"20564",0.000326537000167973,0.999673461511239,3.18470212337176e-16,1.24491351719744e-18,1.48859283902638e-09,7.5500191694609e-21,2
"20566",0.0240762745411806,1.35568718004773e-12,0.61409066700033,7.93878327609756e-17,6.72438019821712e-11,0.36183305838989,3
"20569",0.00243215971293231,0.996304680554978,0.00123670314878346,2.64498014776357e-05,6.78160154969733e-09,2.27389395906025e-13,2
"20572",0.290399953517486,0.709596411244284,3.63430482274085e-06,5.56245407553201e-10,3.76339759462526e-10,8.23008295865237e-13,2
"20574",0.0068233659009271,3.44735216742259e-19,0.0377209760942461,1.19505965578906e-37,0.000534602414046403,0.95492105559078,6
"20576",0.000795973584576799,0.999204015455234,6.42874398127089e-11,1.70098178855895e-16,1.08959000096911e-08,1.5669070718729e-15,2
"20578",0.00520474088533413,3.62998584027847e-07,0.911046173567711,1.10038129859227e-10,1.98872162047945e-06,0.0837467337167125,3
"20580",0.0106854119263994,1.74792526302296e-12,0.0905635317767478,8.51222315876867e-11,4.16342278614948e-09,0.89875105204656,6
"20583",0.000275017242676893,0.999724980304554,1.59642483990277e-12,4.76106006324971e-15,2.45116752525823e-09,8.57835611593976e-17,2
"20586",0.0102691763667625,2.68540114177234e-24,0.220837311664504,8.77731640550341e-15,6.84022992801774e-06,0.768886671738797,6
"20589",0.011631027103105,1.07361455431806e-43,0.0572814435414261,9.39665680139782e-46,5.73559142558632e-06,0.931081793764043,6
"20591",4.78486931805746e-05,7.23097951612424e-31,0.221923038453974,4.67062481698199e-13,0.77802911285237,8.18691191088745e-15,5
"20593",0.0651239888579201,5.54298475288994e-44,5.67383478896664e-05,1.32875552992963e-86,1.77288554796556e-07,0.934819095505635,6
"20595",0.000583057979085291,9.11992051049498e-15,0.237632953511935,1.91504425573419e-23,6.52609088007573e-05,0.76171872760017,6
"20597",0.999998363788241,1.03553249852176e-22,5.06212885976515e-07,1.12938923923646e-06,6.09633913185441e-10,8.01335718481302e-24,1
"20599",0.000904645618634477,0.999095354007355,2.50019298865293e-15,2.66555658072807e-20,3.74007927733364e-10,5.54726257617336e-19,2
"20601",0.00100108505286643,2.69579560608175e-07,0.353736143740753,0.645242279863174,1.96313269012102e-05,5.90436745165258e-07,4
"20604",0.00972986623409605,9.06702406676633e-27,0.000279099519105373,5.80338404801235e-56,1.73619659809594e-07,0.989990860627139,6
"20606",0.0197007730439783,2.8912355773772e-32,0.00127892518088359,1.47814114222058e-47,1.10319753850012e-08,0.979020290743163,6
"20608",0.011111191864793,1.7061295658293e-25,0.381872227750144,8.78197197317642e-38,2.29997127480187e-09,0.607016578085092,6
"20610",0.00449775714058818,0.995498938906919,1.1143402846472e-06,6.76958504004999e-21,2.18961216894205e-06,3.91597900178668e-14,2
"20612",0.992317626421825,1.43858931410598e-54,2.77865136089301e-19,3.58703987643173e-58,0.00768237357809819,7.69047919125823e-14,1
"20614",0.000424335533918311,0.999572815272736,5.20750201610092e-07,2.27254878975526e-06,5.58943524776411e-08,1.88322584506979e-15,2
"20616",0.218594984291182,6.16896955951612e-10,0.781144666030433,0.000253527520827354,7.40478481886711e-07,6.08106217832723e-06,3
"20618",3.83933538263579e-07,2.70784050919653e-31,9.54152361314099e-08,3.77861694219072e-26,0.999999438093306,8.25579195771829e-08,5
"20620",0.980616116594355,1.81053259381878e-22,1.45925779845522e-05,3.0094251820837e-40,3.37914414691559e-08,0.0193692570362192,1
"20622",0.00645674411842215,0.993543223781174,8.4332138038195e-09,4.08686131746757e-15,2.36559598723277e-08,1.12260709866346e-11,2
"20624",1.76751251297528e-05,6.15493411923187e-43,0.00659598405740891,2.1075013983917e-41,0.243915524755442,0.749470816062019,6
"20626",0.989706146842096,2.45131390631121e-15,0.00722429232161535,1.61385316608512e-29,4.28261216240559e-11,0.0030695607934604,1
"20628",0.520743423905361,8.37404907382821e-25,0.479242841260733,7.4858448659322e-24,1.37341094134316e-05,7.24492490246101e-10,1
"20630",0.0957372636137452,3.64881289801123e-11,0.870118699402711,1.74617203126965e-33,8.15856785883948e-08,0.0341439553613768,3
"20632",0.00252928134275986,0.997470711443546,2.13453346392533e-09,4.99842953884891e-09,8.07314523903914e-11,1.08473017207466e-22,2
"20634",0.0161619164692101,1.28517481119981e-31,0.0112783346632212,1.99712115382037e-47,8.87813955912354e-08,0.972559660086173,6
"20637",9.53759427311279e-05,1.68206873922687e-30,7.93384323219826e-08,1.33437313401248e-49,0.999769747758585,0.000134796960251242,5
"20639",0.00184482302935484,0.998057830640383,8.93436937086044e-05,3.14415895150274e-11,8.00260470032861e-06,4.11501721789765e-13,2
"20644",0.0553257921865354,9.48780954258753e-88,4.09651981967103e-21,6.83472868186239e-129,0.944674203994839,3.81862520467138e-09,5
"20646",0.999781065149399,9.50039889240558e-45,6.55548441975001e-07,2.8351948856935e-72,0.000218261175140949,1.81270184068643e-08,1
"20648",7.74815338714247e-05,0.309033285133873,0.0201203483683767,0.670720783810895,4.80833551693607e-05,1.77978137816684e-08,4
"20650",0.00285562504441446,1.22456090311596e-51,2.76779736087662e-05,5.58313647687103e-53,0.705102338407146,0.292014358574831,5
"20653",0.445714913772604,1.988602647412e-12,0.554250665977526,1.06944474873622e-07,3.43130720957779e-05,2.31310938892751e-10,3
"20658",0.0646847971794902,4.42544512752942e-42,0.00507755867249475,5.62211737579326e-45,4.05603992280371e-10,0.930237643742411,6
"20661",4.39458897557949e-08,1.85587810380024e-61,6.0876366632203e-09,1.04025937254454e-40,0.999999949755782,2.10691249159979e-10,5
"20663",0.000898786590431596,3.4792252342213e-18,0.882637775342438,2.93058316797431e-08,8.81367707549232e-05,0.116375271990544,3
"20665",0.00345523055899822,0.996544769440132,1.63835726633703e-15,1.34210176027085e-19,8.67542574565214e-13,1.77348112535163e-16,2
"20667",0.281978838497035,1.81531209437304e-17,0.717988006606126,1.86631777798879e-15,3.31416586021712e-05,1.32382346141163e-08,3
"20669",0.999545209055693,1.04863728039176e-19,0.000277968801902385,0.000172753409684426,4.06873272075061e-06,9.09157331752506e-22,1
"20671",0.000296999730414622,6.88337491030986e-20,0.00869654847388432,4.79845509240888e-27,0.939241331180112,0.0517651206155886,5
"20673",0.999906939995339,1.19605754453483e-15,1.13622143242167e-07,9.29461646744816e-05,2.17842593278457e-10,4.05389787446229e-25,1
"20675",0.386079626397792,4.05602133450051e-22,0.613759838708435,0.000155516867037443,1.67467586780693e-08,5.00127997666102e-06,3
"20677",0.0397789751860834,4.67715386052943e-22,0.940798159700718,1.08609431281444e-08,2.93813622473823e-08,0.0194228248708936,3
"20679",0.521495467393216,5.74882161851237e-09,6.83813198330654e-05,0.478435375474026,7.70064103348298e-07,2.62561131821329e-25,1
"20681",0.0137270040586142,7.0109222541699e-19,0.542610921230329,0.443659028317198,3.04639302214703e-06,8.36193216726023e-13,3
"20683",0.0643037067918613,4.33647325803681e-20,0.929391239871687,5.54855168012119e-13,2.14731080069448e-08,0.0063050318627892,3
"20685",3.38810034828447e-09,6.67608095966067e-40,8.32718634230614e-09,2.9129453739247e-20,0.999999988284713,1.10015552860921e-22,5
"20687",0.000283471369007381,0.0563375566301927,0.000133982567051373,0.943244470751517,5.18680884059121e-07,1.34790903960868e-12,4
"20689",6.28383683015485e-07,1.53206882637733e-95,5.73015358925445e-19,2.56975273654116e-106,0.999999371485084,1.31233389751043e-10,5
"20691",0.000460514099861645,0.99953947072049,2.01823055528492e-11,3.24009533199819e-09,1.19193703738248e-08,1.03418035432327e-17,2
"20693",0.0427874762692941,2.81631701083216e-48,9.84798251889509e-06,3.92429380314782e-52,5.09377333552389e-05,0.957151738014832,6
"20695",0.00184244145084653,0.122109736961829,0.826142362369823,0.049310085128504,0.000595286259498718,8.7829498765941e-08,3
"20697",0.0191717864848822,6.87336746238864e-16,0.00306755422709155,8.18577266059883e-38,5.11682680749939e-07,0.977760147605345,6
"20699",0.0354118954070498,2.47506171098729e-15,0.886650141960481,4.07927847670892e-08,1.50140121106259e-09,0.0779379203382811,3
"20701",0.0246407872701832,2.73056371121541e-31,0.84014808490328,2.3509164161995e-20,6.26321758982307e-06,0.135204864608947,3
"20703",0.997259693554543,1.58309707585804e-35,2.49729781368015e-10,6.27059554503932e-21,0.0027403061957276,3.18618368272064e-30,1
"20705",0.0574936232287843,1.89876093763235e-32,0.00603310122198459,9.24275249868795e-31,2.90199396512925e-06,0.936470373555266,6
"20707",0.000939159052412035,2.7957478793943e-10,0.228184152901426,0.770745954808483,7.41609348333871e-05,5.65720232712133e-05,4
