"","V1","V2","V3","V4","best$classification"
"19812",0.0102647616649127,0.974483263129131,6.1147293708435e-11,0.0152519751448093,2
"19814",0.00168577728006083,0.0824739280872946,0.0292826978660279,0.886557596766616,4
"19816",0.0112558714615897,0.988744128459101,1.51632879798825e-11,6.41455954295338e-11,2
"19818",0.00660387343785041,0.974343114335101,0.00373527394140941,0.0153177382856387,2
"19820",0.0260347176253666,0.973965282374633,1.51855309621723e-30,9.08179827915404e-48,2
"19822",0.873359140996269,0.126640859003731,9.63961668671027e-27,6.37310518060019e-53,1
"19824",0.461390606982087,0.538609391086404,1.93150852327502e-09,7.62216110437056e-23,2
"19826",0.0704662835899301,0.76401789884504,1.93028185325665e-07,0.165515624536845,2
"19828",0.00720347895625059,0.992796521043749,9.2090107992628e-16,1.72345798745907e-22,2
"19830",0.406478298556297,0.526800732428951,5.06158723186797e-07,0.0667204628560286,2
"19832",0.690792041635652,0.309207958299041,1.78770883971044e-24,6.53068571914884e-11,1
"19834",0.0196020903294938,0.980397909669234,1.25748751755297e-12,1.46481689761001e-14,2
"19836",0.0282482165962829,0.971751710544975,2.38722514425854e-16,7.28587415616025e-08,2
"19838",0.000941089722802447,0.00525503997402706,5.69756183903754e-06,0.993798172741332,4
"19840",0.0600649635188062,0.939935036300533,7.81997260306699e-16,1.8066001493243e-10,2
"19842",0.2427242663505,1.7995966387899e-05,3.9188786806882e-07,0.757257345795244,4
"19844",0.0248240211480209,5.31032198004456e-10,0.975175978320947,5.58117666863515e-18,3
"19846",0.00164683913555331,0.000327356447428322,0.112645596377887,0.885380208039132,4
"19848",0.000978039972889324,0.000609108836184387,0.990561474981491,0.00785137620943502,3
"19850",0.0114543561891718,0.00605599907900786,0.00235621650045546,0.980133428231365,4
"19852",0.00751174647276905,0.992465405429668,3.0630764461885e-06,1.97850211161351e-05,2
"19854",0.00127288372173451,0.000775018599520853,0.996222714177608,0.00172938350113631,3
"19856",0.886965156231233,0.00111483825166529,0.111920004046422,1.47068005048998e-09,1
"19858",0.995005512001057,0.00300417049944097,0.00199031749950183,4.27380866026508e-18,1
"19860",0.0145871541094034,0.984916398828145,1.7871975871907e-09,0.000496445275254196,2
"19862",0.00116689909899225,0.000100620721498546,2.67685175776654e-07,0.998732212494333,4
"19864",0.999999999792873,2.07126626074176e-10,3.51499157346052e-17,2.02108691649318e-23,1
"19866",0.328251272508009,0.671748727491991,1.30303490841878e-16,1.4221144814484e-17,2
"19868",0.999999999998388,1.61151369661949e-12,3.11256470504596e-31,4.84342548563306e-36,1
"19870",0.00656870944032982,0.0540511160828364,0.000670774708071062,0.938709399768763,4
"19873",0.0591934695715808,0.91704994666646,5.01311876060415e-05,0.023706452574353,2
"19875",0.0186777653115344,0.981322234688439,1.27320657833531e-19,2.68660982421686e-14,2
"19877",0.00821077581503936,0.929894697988584,0.000246743595570743,0.0616477826008062,2
"19879",0.00452495399038802,0.995420767549769,5.42541304266105e-05,2.43294164470805e-08,2
"19881",0.073453663782252,0.925913146691112,1.34437064298443e-05,0.00061974582020675,2
"19883",0.0682285750105173,0.128098335208159,1.07248844545099e-05,0.803662364896869,4
"19899",0.0682522735644001,0.931747726093245,1.13877717829669e-15,3.42353689128006e-10,2
"19908",0.999999746521831,2.5347816917217e-07,8.40877283783542e-19,3.4736199674626e-27,1
"19910",0.00520207404565747,0.994408105108915,5.96515194841634e-05,0.000330169325942968,2
"19912",0.0561974698156786,0.000148962448336118,2.37441918898329e-05,0.943629823544095,4
"19914",0.0160156263123578,0.983984061590364,2.67250407954589e-07,4.4846869970795e-08,2
"19916",0.999679523291597,0.000320476708402908,1.70590945020539e-16,2.91423007835268e-31,1
"19918",0.0047914025746709,0.0490383749661854,0.219575714797182,0.726594507661962,4
"19920",0.00162484659331498,0.000324997870437194,0.99447465527623,0.00357550026001812,3
"19922",0.999580446912966,0.000419553038267205,2.14137978340094e-22,4.8766721767386e-11,1
"19924",0.00318052624952274,0.942679824859479,0.0462841074099322,0.00785554148106631,2
"19926",0.05211455647037,0.947885443528136,6.15104138994414e-20,1.49419661782785e-12,2
"19928",1,4.6370081287979e-16,4.73776178534367e-17,1.70852581841774e-19,1
"19930",0.000790269913546798,0.0444381571992823,3.42995118072674e-06,0.95476814293599,4
"19932",0.000217950504464514,0.00211872186267189,0.000224383721316396,0.997438943911547,4
"19934",0.00739435042299302,0.992605649077181,4.99739580400401e-10,8.68594787081939e-14,2
"19936",0.0583668752554712,0.937561902383383,1.21263339154372e-09,0.00407122114851231,2
"19938",0.0521729833392934,0.947827016660705,1.67454744479096e-15,3.53813409473313e-29,2
"19940",0.0113674987530855,0.986533924779007,0.000284818643070665,0.00181375782483719,2
"19942",0.999999997447993,2.55154753639095e-09,5.50982660913318e-16,4.58962183245988e-13,1
"19944",0.0116334817168022,0.988364635503767,1.3091124445137e-07,1.75186818592055e-06,2
"19946",0.020065557048875,0.977857085593187,0.00112985765479875,0.000947499703139555,2
"19948",0.999999936656546,4.13675452674759e-09,5.97927870595747e-11,5.91469070658324e-08,1
"19950",0.000873770900920009,1.0696243940305e-07,0.999126114986179,7.15046125994687e-09,3
"19952",0.999999936656546,4.13675452674759e-09,5.97927870595747e-11,5.91469070658324e-08,1
"19954",0.000264378775603256,0.00951086489084927,0.000138694722132227,0.990086061611415,4
"19956",0.999830731392138,8.01723525180342e-07,2.89184018324693e-05,0.000139548482504866,1
"19958",0.999999999994651,5.34922962762305e-12,1.94651962277092e-26,8.51531799959097e-27,1
"19962",0.723475504976025,0.276247952334568,0.000276463857340862,7.88320661378516e-08,1
"19964",0.0330196819064157,0.966974324008013,3.51655450716091e-06,2.47753106446166e-06,2
"19966",0.270015034200767,0.729984965799233,1.05198423821001e-27,6.12741230377428e-36,2
"19969",0.113527318851643,0.420692317183229,2.44955031946111e-09,0.465780361515578,4
"19972",0.253876260045748,0.0238647934794632,0.702667345138387,0.0195916013364012,3
"19974",0.0046983819010185,8.04777695638725e-08,0.982858968290442,0.01244256933077,3
"19976",0.0239730459335395,0.926138569454191,0.0317204258358947,0.0181679587763745,2
"19978",0.0107875269603959,0.989211731913694,5.35472518028566e-08,6.87578658651615e-07,2
"19980",0.000657899121102079,0.00030109254933779,0.949503623656446,0.0495373846731136,3
"19982",0.183381916769547,0.024274315918,0.790413847712257,0.00192991960019556,3
"19984",0.00378422407400909,1.58130945116818e-06,0.996214194357155,2.59385201278408e-10,3
"19986",0.0606271704901708,0.939372829509829,3.41681383162251e-26,6.85742569523752e-37,2
"19988",0.0953173468282902,0.90468265317171,2.83534340255443e-33,5.58818297028782e-52,2
"19992",0.0513969268826907,0.948603073117309,5.22573335477916e-22,2.75667354715309e-34,2
"19994",0.00102078616407672,0.0745730819386029,7.37560395548843e-07,0.924405394336925,4
"19996",0.0088102629104398,0.99118973708956,3.52133307551333e-19,3.27918754186584e-30,2
"19998",0.991367013753147,0.00863298604093969,1.50668512585848e-10,5.52446684933029e-11,1
"20000",0.999275767121201,0.00068967938815028,3.2979895845002e-15,3.45534906454709e-05,1
"20003",0.0178017640196878,0.978159654270955,1.85656121855305e-13,0.00403858170917182,2
"20005",0.00149616117768427,7.46159026842428e-05,0.99841050146487,1.87214547619035e-05,3
"20007",0.0269237721541061,0.973076226751826,3.58991340233277e-10,7.35076492376142e-10,2
"20009",0.732442585946021,0.267557414053777,2.02045706517112e-13,4.76176885837847e-31,1
"20011",0.263815306227937,0.421249804942471,0.306719120596634,0.00821576823295737,2
"20013",0.00456319714763948,0.193605855934334,0.347358741095284,0.454472205822743,4
"20016",0.669442576697351,0.330557423302649,1.60054281324753e-18,3.4385878833344e-41,1
"20018",0.999999999572513,4.27486798541927e-10,7.28568899932565e-59,2.92406130441588e-78,1
"20021",0.0149165045374731,0.985083495462445,3.39915329433247e-20,8.14157684046201e-14,2
"20023",0.0334759241403005,0.966524048802977,2.61019214174897e-08,9.54800470142582e-10,2
"20025",0.997778000398081,0.00222199960191864,7.29421346138603e-45,7.60565469629623e-48,1
"20027",0.0293986774834577,0.0109347798244229,2.4373715886202e-09,0.959666540254748,4
"20029",0.094714619391688,0.0336386925823495,1.73122132031809e-06,0.871644956804642,4
"20032",0.000921407807905958,0.00350071921109214,1.58441364367028e-07,0.995577714539638,4
"20034",0.999992948808806,1.0241486180134e-06,1.85455364961253e-11,6.0270240303642e-06,1
"20036",0.964188098285835,0.0358106769905805,5.72022417008022e-07,6.52701167787836e-07,1
"20038",0.0129013001375369,0.987098699862463,1.81878342790992e-28,2.92584222843536e-26,2
"20040",0.999822449315795,0.000177550684205,8.59002995365543e-27,5.07529031453679e-52,1
"20043",0.0277224442066544,0.972277555793343,1.40628195642917e-16,2.23173678655663e-15,2
"20045",0.45193920323438,0.54806079676562,3.07495996050076e-27,1.27826043520204e-51,2
"20048",0.00589627405842521,2.37264343516154e-10,0.994103725526737,1.77573451879551e-10,3
"20051",0.157170896293907,0.842829038920957,8.00626972555408e-11,6.47050729344768e-08,2
"20053",0.106768852700733,0.893230515874566,6.31424105183216e-07,5.96343390360691e-13,2
"20055",0.101310095554178,0.898689904445822,3.76098180429942e-33,2.37797222910545e-23,2
"20057",1,3.92270638449181e-23,2.22597801810974e-37,8.27012641502855e-42,1
"20059",0.300275150089614,0.699724849910248,1.37090678813937e-13,1.04194493407042e-15,2
"20061",0.0296989595198225,0.970301040367601,1.00550038437115e-12,1.11571019680953e-10,2
"20063",0.999999992579794,1.47306472855398e-11,7.40547563452512e-09,4.61038340038906e-40,1
"20065",0.990738565467176,0.0092614345328245,3.2131229206157e-54,4.18660210794503e-48,1
"20067",0.225033049026498,0.774966950813528,1.59973713183671e-10,1.09929933027e-23,2
"20069",0.00041859675538386,0.000157433180820449,0.989534036277192,0.00988993378660366,3
"20071",0.808735185521669,0.191264814478323,3.92744112365224e-15,3.31425273177293e-15,1
"20073",0.0234041452974907,0.00642492772419007,0.969886420583913,0.000284506394406131,3
"20075",0.999999999790824,2.09175849946518e-10,4.3276926303311e-39,6.70535364316806e-31,1
"20077",0.0578496581429897,0.942150340001124,1.85504545135024e-09,8.40845275302984e-13,2
"20079",0.975311057555323,0.0246885017370771,4.40707572374038e-07,2.79882314605227e-14,1
"20081",0.114903179487491,0.885096820512509,3.14952552448119e-17,1.94608329268861e-18,2
"20083",0.999978645090863,1.84813321333377e-05,2.87357700342511e-06,1.78196410115224e-17,1
"20085",0.0640368098779341,0.935963190122066,1.98508717405379e-36,2.11049781415035e-49,2
"20088",0.020897762447242,0.979102237552758,1.21410051052082e-19,3.71389348942403e-22,2
"20091",0.999973049170728,2.69508292715756e-05,4.6679406011732e-26,2.51167772538251e-31,1
"20095",0.999957490903623,3.96367951843589e-05,2.87230119302616e-06,1.43606869661091e-21,1
"20097",0.116196231415657,0.883803768584344,7.27442914290135e-39,1.35991796803335e-49,2
"20099",0.937838623188329,0.0621613293833145,4.74283560036109e-08,5.2662355011925e-21,1
"20102",0.999999738365476,1.58242009482215e-07,1.03392515012801e-07,1.64673385348306e-21,1
"20105",0.0385522364835827,0.961447763515998,4.18963455053194e-13,2.10751352887291e-19,2
"20107",0.0107825122733485,0.989217487726651,2.70206765628792e-16,9.26827305890352e-22,2
"20109",0.213994510068512,0.783940931888834,0.00206455804102262,1.63129752114145e-12,2
"20111",0.999999994372559,5.62594173958539e-09,1.19282328910681e-16,1.49925250801902e-12,1
"20113",0.152300107153625,0.847699892846375,1.82939304009428e-19,3.60414385828654e-16,2
"20115",0.898381759988321,0.0070960198532484,3.01621594081387e-11,0.0945222201282685,1
"20117",0.999999980319275,1.96807250414634e-08,3.03435114901253e-38,2.05421429117637e-41,1
"20119",0.581215328313896,0.418784671686104,5.42554639210029e-27,2.10645544519685e-28,1
"20121",0.0233464323017952,0.976653567698205,1.91946290982105e-21,6.36730256760865e-26,2
"20123",0.999985948092736,1.4051907264045e-05,7.863561003655e-43,2.62376873369768e-38,1
"20125",0.00111640937559907,0.00396841936672228,0.000195160059412326,0.994720011198266,4
"20127",0.0665795123921258,0.933420487607874,7.87349537406151e-23,9.9798051427259e-42,2
"20140",0.366407064785643,0.633592935214356,9.40134106311147e-27,2.22142293716572e-16,2
"20142",0.00198690565125012,9.85836762911911e-07,0.996934617051455,0.00107749146053134,3
"20144",0.967206288414971,0.00704697875692997,5.82061873450606e-10,0.0257467322460369,1
"20146",0.982737185007322,0.0154351893439062,0.00179616588471606,3.14597640559785e-05,1
"20148",0.0247263249876752,0.825985989746124,2.09314256072582e-09,0.149287683173058,2
"20150",0.00258150273172344,2.34846193701443e-05,0.596269094025609,0.401125918623297,3
"20152",0.0191666442922384,0.916467072607278,1.12778741484964e-06,0.0643651553130686,2
"20154",0.99983607362444,0.000163926375559731,3.88633353439735e-28,3.08352891495715e-43,1
"20156",0.692624801571871,0.307371856431894,3.34199520905603e-06,1.02560339695219e-12,1
"20159",0.00804799089249737,6.80895750721833e-05,0.991883913292716,6.23971452514419e-09,3
"20161",0.983711214461291,3.04762095768199e-05,0.0162583050851911,4.24394120707196e-09,1
"20163",0.261483652980593,0.738507603429571,2.02386542202993e-19,8.74358983538296e-06,2
"20165",0.780791746790061,0.0124401334961288,0.206768119713805,5.34952349962068e-15,1
"20167",0.00175725983381998,0.120720900421654,0.00409656990819278,0.873425269836333,4
"20169",0.00162680290758475,2.57551307822364e-09,0.998373004714933,1.89801969190588e-07,3
"20171",0.999999707143889,2.9285611096e-07,9.27740877512235e-31,5.65549980961792e-54,1
"20173",0.999999939799984,5.90585955829822e-08,1.14141991245601e-09,1.56616139826159e-26,1
"20175",0.0287423554198243,0.762656380009285,0.0141185661485843,0.194482698422307,2
"20177",0.858739908953369,0.14126009104535,1.28117473715862e-12,4.4916874694062e-19,1
"20180",0.0984755324431077,0.901524467556892,7.9646499578834e-37,3.67088088760359e-30,2
"20182",0.999998322138215,2.17837822216825e-20,1.67786178482781e-06,3.47470619145532e-19,1
"20184",0.00115720295665776,0.00119064806378858,0.996887306335392,0.000764842644161888,3
"20187",0.999975574533746,2.44067035468103e-05,1.87592304613275e-08,3.47683258135227e-12,1
"20189",0.0362101708391319,0.963789829158138,1.06543654326508e-14,2.71921936817666e-12,2
"20192",0.999891255506593,0.000108744493407354,2.28021587603077e-35,1.48200459024508e-30,1
"20194",0.99945092774238,3.26755075391055e-06,0.000539858228429638,5.94647843685927e-06,1
"20196",0.774820321960932,0.225179678039068,6.25257150591065e-30,1.02465193132899e-37,1
"20198",0.392598966657888,0.607367516628077,2.05016007763325e-09,3.35146638756624e-05,2
"20204",0.00252509733160637,0.000796249247414745,0.0451137289518401,0.951564924469139,4
"20207",0.273502500765782,0.726497499234218,2.24837877592707e-17,5.38482575870566e-32,2
"20209",0.999731208640815,0.000268791195730318,4.80584188320791e-29,1.63454532306522e-10,1
"20211",0.999826210987178,0.000173789012821657,9.29381843358753e-32,4.29018463493466e-28,1
"20215",0.0584437420570771,0.941556257942923,1.08025497557684e-18,1.67116591802588e-17,2
"20218",0.00109422526026705,1.2168440225652e-05,0.965359551071589,0.033534055227918,3
"20222",0.127932050139356,0.872067949860644,1.17282517549265e-17,1.10174009797502e-21,2
"20225",0.941701916404397,0.00440700089872708,1.7235590104502e-08,0.0538910654612857,1
"20229",0.907284784588439,0.0927152153984694,1.23859981084399e-19,1.30917365989703e-11,1
"20232",0.0631483722847915,0.936851627714028,6.13428654592593e-14,1.11881955899956e-12,2
"20234",0.999589123801364,0.000410876198635975,4.21106478799143e-54,7.01243409319597e-68,1
"20238",0.101817844240983,0.898182155759017,8.60070997435938e-16,1.49011328735259e-23,2
"20253",0.122384031668764,0.877615968331236,3.19314089582709e-24,7.43428259817377e-33,2
"20255",0.00303440244499325,0.0398495845151449,1.46138074824877e-06,0.957114551659114,4
"20258",0.0147699044147255,0.985230095585275,1.26766649011177e-24,1.1745264894755e-27,2
"20269",0.036163212656216,0.963836698749517,8.85942533279599e-08,1.34213112440212e-14,2
"20271",0.473371431088646,0.526628568911354,8.67835219376631e-28,8.7250406475439e-31,2
"20285",0.98572804735875,0.014271950649312,1.92002020087155e-09,7.19177444816142e-11,1
"20288",0.0326396312403523,0.967360368759645,2.59053376867615e-15,2.42875555562923e-17,2
"20291",0.761350099939453,0.238649900060547,7.70039483233038e-23,4.23622898377159e-36,1
"20295",0.934929953228636,0.0650700467688172,2.54581831262315e-12,1.19914634383798e-15,1
"20298",0.000656480027620347,0.00445785074002849,1.01987985365792e-06,0.994884649352497,4
"20302",0.0345633409049432,0.0198160555553499,0.945196382819546,0.000424220720160912,3
"20305",0.0026248362703199,0.0033153670101596,1.06095160709658e-09,0.994059795658569,4
"20307",0.019318965962173,0.980681034037827,5.70980870897636e-22,8.63593943636618e-33,2
"20310",0.858358635437905,0.141641364562095,8.54136747323042e-36,1.86060926699e-55,1
"20313",0.011184923263552,2.74986032461076e-09,0.98881507396877,1.78180856725392e-11,3
"20315",0.00749398598015356,0.992506014019846,6.94341821630293e-21,1.74164732130165e-27,2
"20319",0.957510826851708,0.0424891731482921,3.2674611762154e-37,1.45505401066007e-37,1
"20321",0.169696310314927,0.830303689685073,1.01281164668443e-20,3.89560140394109e-30,2
"20327",0.0270733312902302,0.97292666870977,2.53901515224344e-20,4.08739379900036e-29,2
"20329",0.999954092287214,1.34271505550273e-08,4.39034922442997e-05,1.99079339170371e-06,1
"20335",0.587545990291352,0.412454009708648,4.67080876094465e-23,4.48230268849707e-38,1
"20337",0.000555336819149309,0.000110200016370074,0.999317531500479,1.69316640011996e-05,3
"20339",0.99997950195651,2.04980434899209e-05,6.1137186732769e-35,4.82422157680818e-22,1
"20341",0.999983958743657,1.60412563426136e-05,8.22076836909493e-19,2.27354057739894e-39,1
"20343",0.922858883829651,0.0771411161703493,9.16337932967322e-18,4.26626937405621e-40,1
"20345",0.0433781197754035,0.956319738649783,1.26105945389645e-14,0.000302141574800781,2
"20350",0.999827185835098,0.000172814164901936,7.30503083020984e-17,3.45042208399954e-22,1
"20352",0.00111461699195508,6.90050244774523e-08,0.998884967549025,3.46453995313349e-07,3
"20355",0.90770070970205,0.00186474199636724,0.0904345479447222,3.56860278754739e-10,1
"20358",0.992964612968031,6.47718140167797e-07,0.000412576469691729,0.00662216284413719,1
"20363",0.0463357809218403,0.95366421907816,1.41642754616766e-18,3.13250587138699e-24,2
"20365",0.237281652797253,0.762718347202747,1.8505610000867e-23,1.22779257083541e-19,2
"20379",0.594170416225254,0.344874586467947,4.65002654170435e-05,0.0609084970413821,1
"20387",0.0254054555449078,0.974594544455092,2.15277679733529e-17,1.57014594722634e-19,2
"20392",0.99988589016862,0.000114109831380224,1.62622102222492e-40,8.11207546163563e-34,1
"20395",0.0396209638983648,0.740665266991005,0.000228987109727808,0.219484782000902,2
"20397",0.996067258011665,6.67340123836589e-16,0.00393274198747375,8.60553895009306e-13,1
"20410",0.031312030264984,0.968687969735016,1.05843847504837e-24,2.7516746023696e-16,2
"20414",0.073069969384999,0.0913913473001374,0.0287834019362675,0.806755281378596,4
"20417",0.999999999972099,2.79013995622905e-11,1.96039095623503e-67,1.97077444023412e-89,1
"20419",0.10645569602859,0.89354430397141,9.00024909084243e-20,2.21479009113839e-35,2
"20421",0.98047254497168,0.0186231223872971,0.000900722040110972,3.6106009121198e-06,1
"20423",0.0130797584442689,0.011315478635945,0.0496133557890994,0.925991407130687,4
"20425",0.191948206442661,0.18383398966279,0.473941464751037,0.150276339143513,3
"20427",0.0305365202030392,0.969408174557825,6.99330920617926e-13,5.53052384358777e-05,2
"20429",0.994628239526081,0.00537176047391863,1.4414803136162e-17,7.80512411037691e-36,1
"20432",0.0735887626695229,0.000802210258451942,0.0813633387799355,0.84424568829209,4
"20435",0.109851814294602,0.890148181857752,6.6926412135343e-17,3.84764570168797e-09,2
"20438",0.590005660248316,0.409994339743642,8.04214092067888e-12,3.42605909185795e-22,1
"20440",0.0134301239551191,0.986569876044879,1.96366505111269e-15,9.74959220613564e-31,2
"20443",0.379876301036761,5.36750961756241e-05,0.620070023862627,4.4355783716205e-12,3
"20446",0.149605406896317,0.850394591468908,1.61393123235705e-09,2.08442532693531e-11,2
"20449",0.0293847584730387,0.970615241526813,2.19191202503167e-15,1.46150847427717e-13,2
"20537",0.836325184947922,0.163674815052078,8.07193016338066e-18,1.47877558301602e-23,1
"20540",0.999989967236142,1.00327638580965e-05,4.20370435851242e-44,1.2496655228617e-41,1
"20543",0.0169080074411988,0.983091986694331,2.56753823658765e-09,3.29693168783921e-09,2
"20545",0.999990438275982,9.56172401822635e-06,1.25714722711064e-31,1.15743188934655e-30,1
"20549",0.0301840855574487,0.92922676657897,0.019309019585936,0.0212801282776449,2
"20551",0.00634715044982569,0.993652720998232,1.28468652290483e-07,8.32897217410153e-11,2
"20554",0.00578401444992262,0.99421598553151,1.85554382971962e-11,1.1664723714917e-14,2
"20556",0.038376897805153,0.961623101390806,8.36895234634222e-12,7.95672266987268e-10,2
"20558",0.00987424472612459,0.990125755273875,5.79914051903371e-19,7.25386338609526e-26,2
"20560",0.024852900395514,0.975136210668875,1.08886937502993e-05,2.41860679781764e-10,2
"20563",0.0678539680412087,0.932146031958791,2.9500813840627e-23,2.34144197781141e-38,2
"20565",0.0839937167292545,0.916006247715716,3.55524637173866e-08,2.56602857468124e-12,2
"20567",0.0348814939247707,0.00137950973707883,0.909920157642545,0.0538188386956051,3
"20571",0.948444592038941,0.0515554079610586,3.62752945113234e-27,7.31470298253553e-34,1
"20573",0.0136483959905253,0.986351418828589,1.85179852105951e-07,1.0337713298788e-12,2
"20575",0.0811569793916246,0.918843020608375,4.18581784894776e-21,7.78758142098926e-34,2
"20577",0.00785901044136678,0.992140984293423,2.76369597470785e-12,5.26244709465293e-09,2
"20579",0.0409970467657015,4.84466818642678e-11,0.959002933279794,1.99060574868239e-08,3
"20582",0.0207232382497596,0.97927676175024,1.10517657830454e-27,3.30982411527523e-40,2
"20585",0.808661904950543,0.191338095049456,1.80622015271505e-25,9.57868766310019e-16,1
"20588",0.999407958658724,0.000592041341275717,1.46813428093656e-19,8.52119344898996e-21,1
"20590",0.00196229610552231,1.68992838935592e-08,0.996852400088825,0.00118528690636913,3
"20592",0.0210321435241718,0.978967856475828,1.07253250549159e-18,5.02595399470244e-38,2
"20594",0.0338893340455766,0.966110665954423,5.15740246213559e-31,6.10929667645178e-39,2
"20596",0.045284266963214,0.954715729110694,3.92607175059098e-09,2.00093969866677e-14,2
"20598",0.0115876794262356,0.988412320346623,1.45160149908305e-10,8.19816289416853e-11,2
"20600",0.429326479527712,0.570673516203033,2.37440347684792e-09,1.89485134082867e-09,2
"20603",0.539674815051835,0.134204525819111,0.000345297784510791,0.325775361344543,1
"20605",0.0174860453587593,0.982513954641241,4.98040287271458e-24,1.21081188629284e-24,2
"20607",0.0165641966458839,0.983435803354116,5.29958800793733e-16,5.26508646355531e-17,2
"20609",0.00917514430707868,0.990824855692064,5.75958249167228e-13,2.80701246938903e-13,2
"20611",0.00369975950530182,0.0016254760395128,0.00102089202307184,0.993653872432113,4
"20613",0.0211544008219995,0.978842851046216,1.84121657794012e-14,2.74813176561217e-06,2
"20615",0.0248734952170024,0.975121702490355,1.20893590012801e-06,3.59335674217184e-06,2
"20617",0.0069867260686289,4.44947847552514e-07,0.993012828694555,2.88969092187428e-10,3
"20619",0.0449474034235172,0.955052596576483,3.39128571031456e-17,2.40917851664106e-33,2
"20621",0.0565922741401331,0.943407725841514,1.5111098611301e-11,3.24161718902588e-12,2
"20623",0.297649799598699,0.001673539020954,0.700676120662358,5.40717989304072e-07,3
"20625",0.980635907533488,0.0154892741798403,1.52276245890884e-07,0.00387466601042605,1
"20627",0.0102472615991898,0.989752705005424,1.1680016267979e-12,3.33942179413324e-08,2
"20629",0.0041793706639373,0.995820591093751,3.76911741480835e-08,5.5113733233444e-10,2
"20631",0.141560429824214,0.858439570175786,2.6206190169744e-19,8.56155993949147e-38,2
"20633",0.00188221376622244,2.18489003050949e-11,0.998117786150026,6.19022545920942e-11,3
"20636",0.873317705976818,0.120588487621493,0.000552469899615867,0.00554133650207293,1
"20638",0.656038254649527,0.343961744855379,1.88062637288338e-20,4.95093693536016e-10,1
"20640",0.126254404953583,0.873745595046417,1.13855343776042e-28,1.66617408883896e-22,2
"20645",0.0546788052758838,0.945321194724116,1.21220526724505e-33,2.06970979750585e-42,2
"20647",0.00823733717738587,3.05952840163086e-10,0.991762662516655,5.78976078781713e-15,3
"20649",0.121386310464734,0.878613689535126,7.79399378896249e-16,1.39480203325245e-13,2
"20651",0.986489594327399,0.0135104056726009,1.09484688418116e-22,1.1132022543796e-52,1
"20656",0.732992155408889,0.267007844591111,1.31134396634028e-26,6.20868388261543e-28,1
"20660",0.999989275602526,1.07243974736101e-05,1.55152914195514e-34,3.91977208466763e-28,1
"20662",0.616355799376364,3.22124289983173e-05,0.383611973807496,1.43871409831898e-08,1
"20664",0.945035313326713,0.0549646685371799,1.81361070809051e-08,1.69633148266686e-21,1
"20666",0.998106366053788,0.00186188874828412,2.4036551798091e-21,3.17451979278186e-05,1
"20668",0.00051910229891167,0.00081531233552104,0.000695677889054059,0.997969907476513,4
"20670",0.88298671315727,0.11701328684273,8.01381560227767e-27,1.9042481852555e-30,1
"20672",0.00398151355416453,0.00103295152744526,0.202699495110731,0.79228603980766,4
"20674",0.0370763608193926,0.962923638516029,3.16602410595576e-10,3.47976455606328e-10,2
"20676",0.910439412873831,3.74919548988407e-07,0.0083501596104708,0.0812100525961493,1
"20678",0.331832618399464,4.00022015448332e-08,0.114974427847631,0.553192913750704,4
"20680",0.0039667830076097,0.0499175785875587,0.0159260791400276,0.930189559264804,4
"20682",0.21828197730259,0.739221186093296,1.64826177960033e-07,0.0424966717779362,2
"20684",0.826431245988607,0.173568754011391,6.10157690102283e-21,1.82919530666912e-15,1
"20686",0.000326307488868236,8.08758104369358e-06,0.998131270766698,0.00153433416338982,3
"20688",0.684199543967596,2.52783842796892e-11,0.31575088510398,4.95709031458232e-05,1
"20690",0.989708657343886,0.010291342656114,6.43859395066436e-35,7.37588296419918e-26,1
"20692",0.00318975826990301,1.94520710080453e-13,0.996810237745251,3.98465173324385e-09,3
"20694",0.000557180752832465,0.00153267565241807,3.33572874466008e-06,0.997906807866005,4
"20696",0.116078488600216,0.156181833704568,0.00173248135632831,0.726007196338888,4
"20698",0.343375044333362,0.656624955290839,3.74314329473121e-10,1.4840382108872e-12,2
"20700",0.960780198981914,0.0392197977630938,3.25499177997535e-09,1.76863011693849e-22,1
"20702",0.813539207881914,0.186460792118086,1.07009995917743e-37,6.29243101866031e-40,1
"20704",0.00861209473226206,0.99138789707387,9.73857897954644e-11,8.09648172474614e-09,2
"20706",0.99405543167569,0.00594455427926935,1.4042470927938e-08,2.56957862647784e-12,1
"20708",0.0773981426936471,8.25252368472755e-06,0.00010392739816669,0.922489677384501,4
"20710",0.287555424070179,0.71244457592982,2.79633813824953e-24,1.27622369741035e-15,2
"20714",0.0308304167709959,0.000200589212257811,0.968960234083031,8.75993371491736e-06,3
"20716",0.0259090855992463,0.974090914400753,3.18188543832132e-17,6.85003071606747e-16,2
"20719",0.822783525892794,0.177216474099973,1.03410795490472e-14,7.22228757392251e-12,1
"20721",0.064625101676112,0.935374898323888,3.14084467358475e-20,2.36931892852341e-41,2
"20723",0.999005039477242,0.000994960522757823,1.0908933110023e-19,7.5189988863935e-21,1
"20725",0.00141401057473266,0.0278221506165069,1.20380930088062e-06,0.970762634999459,4
"20727",0.99955884870478,3.83321296864156e-10,0.000441150413239073,4.98659575654765e-10,1
"20729",0.0007488543238476,0.000256105642984972,1.94984050130361e-08,0.998995020534763,4
"20731",0.00105268976338225,0.00291829613449242,6.65760317082404e-08,0.996028947526094,4
"20733",0.0615238475005725,0.938476152159871,9.54542150944967e-19,3.39556001952056e-10,2
"20735",0.0204319838575178,0.979564395213856,1.46100856667817e-13,3.62092848003028e-06,2
"20737",0.00321218682666082,1.78130602317035e-05,0.00117190118298601,0.995598098930122,4
"20739",0.00197497021386371,7.53238104139211e-11,0.998024310384955,7.19325857603514e-07,3
"20741",0.00573181911178154,0.20993026612176,0.00234334245182442,0.781994572314634,4
"20743",0.214767803690078,0.574549924220392,0.000317351647227004,0.210364920442303,2
"20745",0.106763796219025,0.893236203780975,1.96005799501142e-23,1.00008660306955e-33,2
"20747",0.0286475287205618,0.000879341584767777,0.00232094346127311,0.968152186233397,4
"20749",0.096323033358636,0.00166746784300273,0.0439464999554443,0.858062998842917,4
"20751",0.956972566317206,0.0112730850557996,9.35472336507706e-17,0.0317543486269946,1
"20753",0.0153555349198069,0.0310916831174802,1.35977013548106e-11,0.953552781949115,4
"20755",0.998738209703413,2.88053773670509e-08,1.90290438719003e-06,0.00125985858682272,1
"20757",0.999993510442127,6.17658806437016e-06,3.1296978838551e-07,1.98102009369253e-14,1
"20759",0.324839810356511,0.67516018950681,1.36679686719018e-10,7.38893424747194e-28,2
"20761",0.00474163537829438,0.783034623510545,0.000127331118567455,0.212096409992593,2
"20763",0.688122289641187,0.311871068262618,7.95120328205412e-08,6.56258416293456e-06,1
"20765",0.00117455227890639,0.0603241514544517,0.0200805037658524,0.918420792500789,4
"20767",0.0126687783392138,0.987331221660786,1.74021078722702e-17,1.3997603426982e-16,2
"20769",0.956055042421443,0.043944957578557,9.10807516940211e-42,8.60694649236502e-23,1
"20771",0.0189797215733574,0.948949778900858,0.0307625347271125,0.00130796479867246,2
"20773",0.999999172054887,8.27943920229056e-07,1.14233840545305e-12,4.99390720482247e-14,1
"20775",0.0650546014214201,0.908288682514906,9.55550691428291e-12,0.0266567160541189,2
"20777",0.981414787157961,0.018585212839795,8.53679073452896e-24,2.24417407437871e-12,1
"20779",0.00250740043892589,0.0512865931295678,7.56648650584317e-10,0.946206005674858,4
"20781",1,3.31320344744379e-18,6.5301454454164e-27,1.26624271868696e-29,1
"20783",0.0145857474092037,0.921838784890625,0.0417987864590495,0.0217766812411216,2
"20785",0.999999972539286,4.15195942851025e-12,2.74565539486968e-08,7.59833372770536e-15,1
"20787",0.00109785325630447,0.00589509360929622,0.00632610397668486,0.986680949157715,4
"20789",0.0143600597046338,0.98563946227911,8.42727233921628e-14,4.7801617164445e-07,2
"20791",0.000384968093863388,0.000175553959129148,0.000470081779737095,0.99896939616727,4
"20793",0.058890733677668,0.940777831687604,3.49622475991273e-14,0.000331434634692857,2
"20795",0.00510782416984329,0.0108037660218533,0.982733985405188,0.00135442440311523,3
"20797",0.999999996401828,1.63098376969319e-15,3.59817005159467e-09,2.44991664333002e-18,1
"20800",0.00477842487997985,0.00203884951737051,0.992703466612851,0.000479258989798533,3
"20802",0.00355037209390425,0.129949334389382,0.0509302007134493,0.815570092803264,4
"20804",0.0014986604613832,5.77931528656836e-05,3.48593806585308e-07,0.998443197791945,4
"20806",0.00150303438320571,8.43759492409175e-05,0.95279929029709,0.0456132993704637,3
"20808",0.0134572651461448,0.98654273485267,1.07494168735566e-17,1.18488180370427e-12,2
"20810",0.655875928001333,0.298414993221756,0.022945226758698,0.0227638520182125,1
"20812",0.0949313187384233,0.217362741857746,5.62406268087307e-05,0.687649698777022,4
"20814",0.0661759519116575,8.33374781810602e-08,0.00046108419456642,0.933362880556298,4
"20816",0.995828271901137,0.00417172809886352,1.54458747957381e-36,1.34306609604354e-32,1
"20818",0.0260134371603404,0.958449008604992,0.00172981829636295,0.0138077359383049,2
"20820",0.0269411329414069,1.3294451774605e-10,0.973058866925283,3.65535518068501e-13,3
"20822",0.00065050466684042,0.0567439957506378,0.000169939374696827,0.942435560207825,4
"20824",0.999999994581044,6.28842181092077e-13,5.41823206917538e-09,9.55217479437609e-14,1
"20826",0.000244567557851467,3.54116486902084e-07,0.999696063487783,5.90148378791746e-05,3
"20828",0.00589627405842521,2.37264343516154e-10,0.994103725526737,1.77573451879551e-10,3
"20830",0.00499158521792905,0.00101925816934096,3.11439495849482e-06,0.993986042217772,4
"20832",0.0248601615930112,0.972169965354972,0.002952527459993,1.73455920242295e-05,2
"20834",0.0154104076395827,0.984589592360412,1.84900577462752e-18,5.33586979721102e-15,2
"20836",0.00094145534403527,0.0177331952152885,3.33013919036961e-09,0.981325346110537,4
"20838",0.039470660050697,1.06196368612723e-06,4.49581224625806e-07,0.960527828404392,4
"20840",0.0147897505590582,0.985210249440909,3.56157072137926e-17,3.26185338606808e-14,2
"20842",0.197608882284199,0.0205350271163784,6.67444855490261e-10,0.781856089931978,4
"20844",0.999541773109578,0.00023532271604305,2.38860796496051e-08,0.000222880288299626,1
"20846",0.0142826714053016,0.0536611909689446,0.931269676826794,0.000786460798959882,3
"20848",0.0112478832259228,0.988288049783245,2.85649371584486e-08,0.000464038425895453,2
"20850",0.0218049896810426,0.978194778802821,2.31515265465874e-07,8.71095552889793e-13,2
"20852",0.171889007569491,0.828061898765369,4.90936651398879e-05,3.9983049509746e-18,2
"20854",0.000363378597584548,9.01604365524148e-06,0.999614625093638,1.29802651224247e-05,3
"20856",0.999999012070521,9.87929478717655e-07,2.19694357105645e-34,5.59742015825943e-29,1
"20858",0.0997057816104893,0.900294218389511,9.27058575817876e-18,7.41256919462167e-23,2
"20860",0.989837441477247,0.00549524340918145,3.98791143098502e-14,0.00466731511353184,1
"20862",0.194395875592885,0.805604124407115,3.40888787044496e-23,8.15405456289553e-25,2
"20864",0.000461285951028846,3.50681757742567e-06,0.999531811121978,3.39610941592904e-06,3
"20866",0.557241918939017,0.442758081060983,7.94594192673887e-35,3.51417887282104e-60,1
"20868",0.00936811248209866,0.990631887506762,1.11390144363383e-11,1.71514279518246e-17,2
"20870",0.0141498433191764,0.945601623286985,0.000185605561563597,0.0400629278322747,2
"20872",0.000329179693084054,0.0166367147916104,0.00142026111817913,0.981613844397127,4
"20874",0.00264529404365809,3.28379272592775e-10,0.997354704775108,8.52854308454096e-10,3
"20877",0.0234376827211667,0.97656231727883,4.65718098053352e-18,3.61795306169798e-15,2
"20879",0.0200576337728602,0.97994236622714,3.90915799001303e-25,3.61004913417282e-25,2
"20881",0.00110682453218921,0.00930275169365933,6.45738972168456e-06,0.98958396638443,4
"20883",0.997972540400453,4.73477446275167e-06,1.19481777404745e-08,0.00202271287690675,1
"20885",0.00270115919894636,0.012735887790844,0.0492838885844225,0.935279064425787,4
"20887",0.0430146380079448,0.956985361964015,1.96647097525903e-22,2.80399552428895e-11,2
"20889",0.0653512478417916,0.640519523762936,7.2276961272665e-11,0.294129228322996,2
"20891",0.0182836451571148,0.981716354842885,3.39866669156926e-21,2.56545922917687e-23,2
"20896",0.0504256254713269,0.949574374528017,3.88196021005218e-17,6.56249199177758e-13,2
"20898",0.00174801961618076,0.0752546184601996,1.70874172450482e-06,0.922995653181895,4
"20900",0.99999999999998,1.59046175329585e-14,1.16287152155586e-15,2.88443269357775e-15,1
"20902",0.894038365078282,0.105961634920604,1.77036261781359e-29,1.1143937120539e-12,1
"20904",0.559512400308378,0.00648241792597615,0.43400518174985,1.57963823499385e-11,1
"20906",0.128127418836849,0.871872581163151,4.73398145435537e-23,2.63533216396029e-19,2
"20908",0.0244156611052523,0.6394014800981,0.328914016643151,0.00726884215349658,2
"20910",0.918728593237354,0.0638755408700387,0.000197366460393039,0.0171984994322138,1
"20912",1,5.05117991231644e-17,1.59509010654581e-38,9.75937261339309e-26,1
"20914",0.102058598807721,0.897941401192279,3.1850231721474e-42,5.50924068600468e-46,2
"20968",0.999999981134258,1.18662793803231e-10,1.87470793898089e-08,2.84886757240839e-18,1
"20970",0.00561133412693222,0.994388658559709,7.31335639911432e-09,2.50597574996724e-15,2
"20981",0.326809538394764,0.673190461605235,9.47255529051548e-16,5.21673413869069e-16,2
"20983",0.0524653260143127,2.40613585123105e-07,0.29921451629702,0.648319917075082,4
"20988",0.0110367570922369,0.988963242907471,2.9202736710722e-13,6.09016131353677e-22,2
"20995",0.999999890110549,1.09889450962991e-07,1.39218321064502e-28,1.65474515705689e-27,1
"21017",0.0185534978860557,0.969381924599891,0.00405091824003084,0.00801365927402242,2
"21038",0.0512890466299311,0.948710953370069,2.06511694069682e-20,3.68385342129337e-18,2
"21072",0.059975030315107,0.940024969684886,7.44408753397048e-15,3.56865987555916e-20,2
"21075",0.167043644887831,0.832956355112169,1.78362683888058e-29,1.03777555099556e-22,2
"21223",0.0153567896141352,0.983209443255179,1.06004009625523e-08,0.00143375653028492,2
"21225",0.99999999999983,1.70046686125261e-13,2.25576294492506e-57,1.60301823111317e-47,1
"21230",0.000373188016167152,2.29966877112996e-09,0.999578026706649,4.87829775149561e-05,3
"21236",0.0246009960429491,0.954451177298232,3.70047841808965e-08,0.0209477896540348,2
"21238",0.963935811866016,0.0360641881330103,3.24411372057314e-23,9.73591880444163e-13,1
"21241",0.290542533741716,0.709457466258274,1.0052185409719e-14,4.39418354634275e-31,2
"21246",0.013755086062458,0.986244897474564,1.64600633748913e-08,2.91500495202186e-12,2
"21253",0.00032646023030538,1.67926803052516e-05,0.996374258006789,0.00328248908260003,3
"21256",0.00980703646925144,0.0281923890876744,0.961954605539638,4.59689034361275e-05,3
"21260",0.999991052069347,8.9479306530227e-06,1.91334668979973e-32,1.83892918164945e-42,1
"21266",0.0122155031777253,0.987784496822024,1.60152544918974e-13,9.0508492550789e-14,2
"21332",0.024693865499221,0.975306134480952,1.97136757905607e-11,1.13371910331142e-13,2
"21334",0.029365153513411,0.536545005476926,1.35138285506523e-11,0.43408984099615,2
"21375",0.422310006424592,0.577689993575408,1.56680018026618e-27,1.4548541177213e-36,2
"21378",0.603844979596264,0.396155020403736,7.70743469710702e-35,6.5340879193381e-52,1
"21381",0.263963351321877,0.736036648678123,4.17659445937596e-20,1.58764946081232e-33,2
"21389",0.0147003430641912,0.0211083746855592,0.00663418487132514,0.957557097378925,4
"21391",0.896618293054361,0.103378221579879,3.48536576027612e-06,1.94641484152407e-21,1
"21402",0.0828158287818073,0.917184171218136,5.65330688708846e-14,4.53173375048725e-17,2
"21404",0.370831655082375,0.629168344917625,9.9091569524902e-27,2.13773399542066e-16,2
"21409",0.0235087175944173,0.976491282405583,2.32710039484629e-25,2.78398828403693e-20,2
"21413",0.326582657672842,0.673417342320373,8.04924701589108e-30,6.7853915191998e-12,2
"21423",0.996485205213621,0.00351479478637936,1.32247297391138e-32,1.18801085262857e-36,1
"21425",0.112526711165541,0.887473288834459,3.17271390620163e-24,1.52610188437197e-18,2
"21430",0.99813300993764,0.0018669900608446,2.78686266995939e-18,1.51515908866273e-12,1
"21432",0.0134106478518939,0.986589347435625,1.26052736905986e-10,4.58642873514931e-09,2
"21438",0.9999890174485,1.09825515001672e-05,4.93657047718177e-23,3.59946609519564e-41,1
"21440",0.0353626857200236,0.964637314271506,1.09945303806952e-13,8.36082510913081e-12,2
"21443",0.000570709030913572,0.0184965433900633,0.00439067401685617,0.976542073562167,4
"21445",0.999995327862701,4.67213729879869e-06,2.9228988152605e-26,7.87689504078403e-23,1
"21447",0.083491983609286,0.916508016390714,4.03914851551932e-24,7.86169261327276e-37,2
"21449",0.0621682367444643,0.937831763255536,4.32086501064101e-18,2.66395726163585e-29,2
"21451",0.0621682367444643,0.937831763255536,4.32086501064101e-18,2.66395726163585e-29,2
"21455",0.0202503765943094,0.979749623405691,1.27755257501661e-17,4.2427232733701e-23,2
"21469",0.902605513523543,0.0973944864764565,8.56338858265651e-42,1.11804344666216e-52,1
"21471",0.159092805503133,0.840907194496867,4.56181456624787e-30,1.43934696753167e-30,2
"21473",0.824354225655404,0.172408277776535,0.00117436850922535,0.00206312805883626,1
