"","V1","V2","V3","result$classification"
"19811",0.000165355401143733,0.993684808260487,0.00614983633836916,2
"19813",0.00603112897823877,0.986443165681289,0.00752570534047222,2
"19815",0.00975347641645279,0.990092688021517,0.0001538355620301,2
"19817",0.0013082687237281,0.995071603737066,0.0036201275392056,2
"19819",0.999763583178348,0.000233107564473106,3.30925717868323e-06,1
"19821",0.00278205743300199,0.899037999488116,0.0981799430788823,2
"19823",0.00768099875225707,0.990891481508945,0.00142751973879826,2
"19825",0.174241623148882,0.0178885481122334,0.807869828738885,3
"19827",0.00417943701645672,0.469782966526026,0.526037596457517,3
"19829",0.962539618931369,0.010634781305098,0.0268255997635331,1
"19831",0.997776783412247,0.00221526272375721,7.95386399528228e-06,1
"19833",0.867288682889811,0.0749941514278805,0.0577171656823081,1
"19835",0.00278205743300199,0.899037999488116,0.0981799430788823,2
"19837",0.00604338787862044,0.887014602639245,0.106942009482135,2
"19839",0.847008754424005,0.037258564749572,0.115732680826423,1
"19841",0.000101447005815955,0.000166187957568415,0.999732365036616,3
"19843",0.997036591264406,0.00295772396745141,5.68476814255875e-06,1
"19845",0.000128059117533363,0.997897238666696,0.00197470221577038,2
"19847",0.00855611399050538,0.991270423398555,0.000173462610940075,2
"19849",0.000825829942948894,0.987749765913171,0.0114244041438804,2
"19851",0.000514093669483937,0.999000652306689,0.000485254023827115,2
"19853",2.53933748472853e-05,0.996765798853358,0.00320880777179426,2
"19855",8.39955632024559e-05,0.982506203625777,0.0174098008110205,2
"19857",0.0108846493077773,0.936851061322318,0.0522642893699048,2
"19859",0.00656826501182061,0.962767958152294,0.0306637768358851,2
"19861",0.000158451279513506,0.999174460735224,0.000667087985261947,2
"19863",4.05089906966957e-05,0.0163899002513027,0.983569590758001,3
"19865",5.6740412774067e-05,0.00702588759739371,0.992917371989832,3
"19867",0.00206477439405612,0.997875664679226,5.95609267183649e-05,2
"19869",7.20983655573512e-05,0.963633715394664,0.0362941862397782,2
"19871",0.0169442851761123,0.890568831568175,0.0924868832557127,2
"19874",0.000323086721613659,0.253240032344267,0.746436880934119,3
"19876",4.64783860755194e-05,0.525581178264135,0.474372343349789,2
"19878",0.685661574040272,0.313125259510922,0.00121316644880678,1
"19880",3.0793624417174e-06,0.00378548016545621,0.996211440472102,3
"19882",0.000171990223225947,0.992555883690238,0.00727212608653597,2
"19885",0.0168019046269543,0.979599800360674,0.00359829501237212,2
"19907",0.000803503164390588,0.998919705006709,0.000276791828900717,2
"19909",0.933023614308816,0.0666858680575682,0.000290517633616281,1
"19911",0.88719893707274,0.0636103284050613,0.0491907345221989,1
"19913",1.41473484908113e-05,0.000212580424195449,0.999773272227314,3
"19915",0.000349177136759605,0.490020089969746,0.509630732893495,3
"19917",0.000520495836664729,0.0313042013390497,0.968175302824286,3
"19919",0.00330984692641872,0.801518003956168,0.195172149117413,2
"19921",0.00106749692377855,0.99877568434032,0.00015681873590102,2
"19923",0.119879522534775,0.880082668309947,3.78091552771535e-05,2
"19925",0.000267342177252369,0.0944394984683234,0.905293159354424,3
"19927",0.000539731070158068,0.99762007666658,0.00184019226326236,2
"19929",3.48712348240304e-06,0.00168034310423898,0.998316169772279,3
"19931",0.00572683238416012,0.989282568687438,0.00499059892840221,2
"19933",0.722271744109799,0.273152941034357,0.00457531485584473,1
"19935",0.0740696176062838,0.918152791601956,0.00777759079176051,2
"19937",0.00254444154959648,0.997247735082395,0.00020782336800865,2
"19939",0.00523639396542723,0.989535323496934,0.00522828253763854,2
"19941",0.770685082023137,0.0347079857277197,0.194606932249143,1
"19943",4.23709259128454e-05,0.00371657298866978,0.996241056085417,3
"19945",0.879767493267562,0.119972386266158,0.000260120466279617,1
"19947",0.102956500648586,0.0518861219547548,0.84515737739666,3
"19949",0.414532213600272,0.585399680816379,6.81055833492442e-05,2
"19951",0.00824794117094746,0.36916878892755,0.622583269901502,3
"19953",0.986449750643413,0.0135480571342939,2.1922222933865e-06,1
"19955",0.981656630982397,0.0183208588811085,2.25101364946887e-05,1
"19957",0.00876373551654648,0.196022034453233,0.795214230030221,3
"19960",0.983937653324923,0.0138445522940617,0.00221779438101567,1
"19963",0.00726256276140743,0.00493544385071782,0.987801993387875,3
"19965",0.995925711217867,0.00407292947132163,1.35931081148584e-06,1
"19968",0.00124455315928455,0.0289008052601068,0.969854641580609,3
"19971",0.0169785143971452,0.000518200634684859,0.98250328496817,3
"19973",0.000886660740898047,0.977423449308427,0.021689889950675,2
"19975",0.000225773015983022,0.0428778634991327,0.956896363484884,3
"19977",0.00132093656367832,0.00831911159228467,0.990359951844037,3
"19979",0.999954673682474,3.51113369549644e-05,1.0214980571103e-05,1
"19981",0.0215619390562005,0.975148760326942,0.00328930061685731,2
"19983",0.0370351322905927,0.962688076011342,0.00027679169806573,2
"19985",6.1940359937335e-05,0.199708257389743,0.800229802250319,3
"19987",0.0986133291136979,0.792587813262772,0.108798857623531,2
"19989",0.999750804597663,0.000249054759804457,1.40642533178676e-07,1
"19993",0.505060608752296,0.458762917701091,0.0361764735466128,1
"19995",0.723682047366653,0.261464478825577,0.0148534738077709,1
"19997",0.000436870306244149,0.968961723008788,0.0306014066849673,2
"19999",7.01813085414072e-05,0.864182261396602,0.135747557294857,2
"20002",0.000847498058502858,0.00450199781798385,0.994650504123513,3
"20004",0.707730736659414,0.253278868545801,0.0389903947947846,1
"20006",0.917468975288373,0.0786639567621156,0.00386706794951123,1
"20008",0.916387847041052,0.082410339121824,0.00120181383712373,1
"20010",0.964416713842824,0.0355643803532511,1.89058039244186e-05,1
"20012",0.000257511010940288,0.20443948977515,0.79530299921391,3
"20015",0.999452758905098,0.00054465346233705,2.5876325652368e-06,1
"20017",0.000167293582521326,0.927953773005864,0.0718789334116151,2
"20019",0.999990210042317,9.6711262714441e-06,1.18831411021288e-07,1
"20022",0.987655649771104,0.0123295307440687,1.48194848271349e-05,1
"20024",0.999758544747441,0.000240447366796026,1.00788576276804e-06,1
"20026",0.999758544747441,0.000240447366796026,1.00788576276804e-06,1
"20028",0.000118004207341051,0.727707346932853,0.272174648859806,2
"20030",0.996700060450323,0.00170662354658273,0.00159331600309432,1
"20033",0.00498902934409023,0.630378500023789,0.364632470632121,2
"20035",0.999978249983169,2.16121281571386e-05,1.37888673526846e-07,1
"20037",0.99994708546253,5.28951433798107e-05,1.93940905204027e-08,1
"20039",0.998725046642969,0.00127444929833529,5.04058695930047e-07,1
"20041",0.391627814534366,0.606462560773506,0.00190962469212852,2
"20044",0.510761227578601,0.476715961398534,0.0125228110228646,1
"20047",0.999995450337222,3.74724823070303e-06,8.02414547828538e-07,1
"20050",0.960852356986919,0.0389852745285298,0.000162368484551604,1
"20052",0.0757366352674402,0.872301490540732,0.0519618741918274,2
"20054",0.993998834355566,0.0058113866059996,0.000189779038434358,1
"20056",0.00126709900738489,0.00569004704881144,0.993042853943804,3
"20058",0.999672476163279,0.000327457091071077,6.67456503308915e-08,1
"20060",0.00427458101006051,0.993491224871535,0.00223419411840483,2
"20062",0.020681246412931,0.978413124257987,0.000905629329082137,2
"20064",0.948572015014307,0.0499831267395082,0.0014448582461843,1
"20066",0.999615183661454,0.000195434039449843,0.000189382299096589,1
"20068",0.000386802223010269,0.999067701690384,0.000545496086605287,2
"20070",0.00112464937407169,0.998607984436124,0.000267366189804748,2
"20072",0.98801542794248,0.0119812093164677,3.36274105260495e-06,1
"20074",2.05328431661635e-06,0.000441893566601915,0.999556053149081,3
"20076",0.00755351052407243,0.0929576610664592,0.899488828409468,3
"20078",0.935689573451108,0.0636990960304663,0.000611330518425895,1
"20080",0.999963113151459,3.65367044737125e-05,3.50144066920771e-07,1
"20082",0.998288477993995,0.00170045010002762,1.10719059773501e-05,1
"20084",0.952326650790738,0.0186745557317181,0.0289987934775435,1
"20087",0.906873243909657,0.0931108976719814,1.58584183614107e-05,1
"20090",0.999804824306316,0.000194318997807059,8.56695876984838e-07,1
"20092",0.259650371081886,0.740341882574532,7.74634358279825e-06,2
"20096",0.0881488098364926,0.896205696587813,0.0156454935756942,2
"20098",0.00264014718525805,0.66367942927909,0.333680423535652,2
"20101",0.999174016648078,0.000491034128507169,0.0003349492234146,1
"20104",0.00157292719542759,0.99271340553272,0.00571366727185274,2
"20106",0.996681457548933,0.00303979207973882,0.0002787503713281,1
"20108",0.00214958939409697,0.925020865947321,0.0728295446585818,2
"20110",0.101757480420185,0.762069785347,0.136172734232815,2
"20112",0.978043266142177,0.0218703230549015,8.64108029215082e-05,1
"20114",0.808774227128555,0.0775023437467807,0.113723429124664,1
"20116",0.881005154451388,0.0279844353440503,0.0910104102045613,1
"20118",0.152397458607079,0.706560889119929,0.141041652272992,2
"20120",0.992278616777289,0.00684855141494523,0.000872831807765307,1
"20122",5.15057484239229e-05,0.00414800683654025,0.995800487415036,3
"20124",0.999718807411733,0.000281080543604301,1.12044662221009e-07,1
"20126",0.998588763772268,0.00137687029179777,3.4365935934173e-05,1
"20128",0.99999454438117,5.39505125989216e-06,6.05675705708373e-08,1
"20141",0.00177103562676236,0.889262837814954,0.108966126558284,2
"20143",2.70555806733716e-06,0.000222545878199241,0.999774748563733,3
"20145",0.988520277736657,0.011449796732843,2.99255305000471e-05,1
"20147",0.994267113778422,0.00567849482945924,5.43913921184224e-05,1
"20149",1.46603079523613e-05,0.00433056033134468,0.995654779360703,3
"20151",0.0030324520973656,0.824443153607694,0.17252439429494,2
"20153",0.0265627493267589,0.442087647171033,0.531349603502208,3
"20155",0.998340491444352,0.00165358669235878,5.92186328948913e-06,1
"20157",0.00148830327617879,0.36566909233588,0.632842604387941,3
"20160",6.20693715575073e-06,0.000317886316456941,0.999675906746387,3
"20162",6.11844930740893e-06,0.00786119772831233,0.99213268382238,3
"20164",0.00151184874571869,0.107364248235978,0.891123903018303,3
"20166",0.988152046621353,0.00192547997724123,0.00992247340140582,1
"20168",0.34328331731593,0.0608626398109076,0.595854042873162,3
"20170",0.00252852805548809,0.61100241432039,0.386469057624122,2
"20172",0.990906400582175,0.00909257211961994,1.02729820531156e-06,1
"20174",4.40727034596303e-05,0.530925069387445,0.469030857909095,2
"20176",0.162203010255509,0.761794869987842,0.0760021197566488,2
"20178",8.38238209105108e-06,0.000225282355550275,0.999766335262359,3
"20181",0.979283209225106,0.0013289613352464,0.0193878294396472,1
"20183",0.0172191367217756,0.982671308953697,0.000109554324527768,2
"20186",0.0336220447059016,0.966372961489928,4.99380417046006e-06,2
"20188",8.06670282175944e-06,0.00133069321616433,0.998661240081014,3
"20190",0.999536441060646,0.00045505362533364,8.50531402006024e-06,1
"20193",0.00387086813284941,0.00239110759000752,0.993738024277143,3
"20195",0.00953840474172091,0.242831806891312,0.747629788366967,3
"20197",0.992245480024837,0.0077526891336814,1.83084148185361e-06,1
"20199",0.000145492881893519,0.109395860109569,0.890458647008538,3
"20205",0.962604637453022,0.0373822434653207,1.31190816569801e-05,1
"20208",0.0084492716464731,0.946341105173951,0.0452096231795758,2
"20210",2.18063980147195e-05,0.020820976705374,0.979157216896611,3
"20212",0.00125428325975771,0.155396849697357,0.843348867042886,3
"20216",0.990769463383717,0.00872463141269802,0.00050590520358497,1
"20219",0.983788386234895,0.016048117777396,0.000163495987708997,1
"20223",0.999532209306378,0.000467629260902196,1.61432719295597e-07,1
"20226",0.189660380623126,0.806018112278123,0.00432150709875028,2
"20230",0.999798408481182,0.000200239422598543,1.35209621896455e-06,1
"20233",0.0196610454143668,0.971909942801853,0.0084290117837797,2
"20235",0.996726123912816,0.00327363726643211,2.38820751789333e-07,1
"20239",0.921653472010298,0.0783098594883331,3.66685013692402e-05,1
"20254",0.999560680370083,0.000438272428600017,1.04720131704687e-06,1
"20256",0.999143378137831,0.000856322968901796,2.98893266920524e-07,1
"20262",0.000963510819106402,0.291877065534762,0.707159423646132,3
"20270",0.879640858108973,0.0868193320370737,0.0335398098539529,1
"20284",0.11583323153638,0.883979975978357,0.000186792485263569,2
"20287",0.999965690439971,3.42427347773308e-05,6.68252519848276e-08,1
"20290",0.831755953605838,0.166662556233721,0.00158149016044087,1
"20293",0.918702995994929,0.0811970789716349,9.99250334356639e-05,1
"20296",0.00599473508831964,0.24957960331678,0.7444256615949,3
"20301",0.999924035683105,1.7442161937036e-05,5.8522154957939e-05,1
"20304",0.996744576624388,0.00323829800971194,1.7125365900315e-05,1
"20306",0.999735528641464,0.000264406248825991,6.51097102628035e-08,1
"20309",0.682952295262258,0.316454686324177,0.000593018413565068,1
"20311",0.982316083339034,0.0161541328220301,0.00152978383893573,1
"20314",0.0175754431901529,0.918072089500922,0.0643524673089254,2
"20318",0.000130312883681486,0.000583084291137838,0.999286602825181,3
"20320",0.0145004192751001,0.979513675345015,0.0059859053798847,2
"20326",0.0217518970955677,0.855383565794238,0.122864537110194,2
"20328",0.00849150913003322,0.99140470349461,0.000103787375356622,2
"20330",0.987036366605458,0.0129447436434091,1.88897511325865e-05,1
"20336",0.653818896641315,0.346137230696644,4.38726620418485e-05,1
"20338",0.962605433711494,0.0358312688161534,0.00156329747235273,1
"20340",0.999905394250064,9.39013934035792e-05,7.04356532329436e-07,1
"20342",0.762226803174109,0.189075321056831,0.0486978757690597,1
"20344",0.992643026377406,0.00734902222652044,7.95139607327741e-06,1
"20349",0.999443470400786,0.000556265765679542,2.63833534878334e-07,1
"20351",0.930184375685559,0.068568082520806,0.00124754179363457,1
"20353",0.996774871648889,0.00322440646015037,7.21890960281315e-07,1
"20357",0.991995842326266,0.0080036913881753,4.66285558313923e-07,1
"20360",0.938343718960653,0.0615102064546755,0.000146074584671735,1
"20364",0.942859482397921,0.0570837519999261,5.67656021535231e-05,1
"20366",0.5117041568495,0.487074419044109,0.00122142410639121,1
"20381",0.000177131433134189,0.242670784807219,0.757152083759647,3
"20391",0.496754486075044,0.503242047052917,3.46687203926821e-06,2
"20394",0.000686092521737395,0.995405384735147,0.00390852274311522,2
"20396",2.43418126590993e-05,0.864344084295525,0.135631573891816,2
"20409",0.597745734658615,0.185481748654017,0.216772516687368,1
"20411",0.998379182553716,0.0016207683302938,4.91159904713813e-08,1
"20416",0.999982611214868,1.73813164041047e-05,7.46872820546723e-09,1
"20418",1.8989359089481e-05,0.527279465820606,0.472701544820305,2
"20420",0.0209057744779947,0.969890328096418,0.00920389742558786,2
"20422",0.997243798241797,0.00257133285555213,0.000184868902651229,1
"20424",0.998760261245601,0.0012396306669828,1.08087415743428e-07,1
"20426",0.624894536219678,0.151918883301009,0.223186580479312,1
"20428",0.731847121741861,0.267885862651693,0.00026701560644586,1
"20431",0.15260687718529,0.736566657451166,0.110826465363544,2
"20433",0.999753778085825,0.000244867393107854,1.3545210671425e-06,1
"20436",0.822594784868475,0.15256050934891,0.0248447057826147,1
"20439",2.96902306553765e-05,0.521655420038267,0.478314889731077,2
"20441",0.961188638836767,0.0387503914861603,6.09696770723441e-05,1
"20444",3.80501048152071e-06,0.000790615783724912,0.999205579205794,3
"20448",0.0395331043031645,0.659226690853433,0.301240204843402,2
"20536",0.000965324911752683,0.998624347646421,0.00041032744182685,2
"20538",0.811357776670638,0.188605263225162,3.69601041996428e-05,1
"20541",0.999936763810757,6.31770552085587e-05,5.91340346434087e-08,1
"20544",0.332893800369154,0.654877894497508,0.0122283051333383,2
"20546",0.995850035348488,0.00414973401948225,2.30632030155034e-07,1
"20550",0.54657834241601,0.447602996222947,0.00581866136104367,1
"20553",0.999983974677125,5.51539744031519e-06,1.05099254345661e-05,1
"20555",0.0473668617633283,0.952510093734192,0.000123044502479021,2
"20557",0.590639366185264,0.405260391785915,0.00410024202882013,1
"20559",0.998258743854705,0.00171978248753941,2.14736577552255e-05,1
"20561",0.00673843577982225,0.617541125519243,0.375720438700935,2
"20564",8.38238209105108e-06,0.000225282355550275,0.999766335262359,3
"20566",0.756014156409081,0.24296496702702,0.00102087656389886,1
"20569",0.000164396200204056,0.696503512360491,0.303332091439305,2
"20572",4.55478136580053e-05,0.0596295636795402,0.940324888506802,3
"20574",0.999185445409117,0.000799097359989541,1.54572308929826e-05,1
"20576",3.8166883429954e-05,0.000995358463683376,0.998966474652887,3
"20578",0.78500179455432,0.204837837397905,0.0101603680477749,1
"20580",0.710378032739119,0.288898911247517,0.000723056013363804,1
"20583",2.94902929245955e-05,0.000611883853367347,0.999358625853708,3
"20586",0.86619866739759,0.133763072367621,3.82602347883854e-05,1
"20589",0.999452410030474,0.00054752443880998,6.55307163094027e-08,1
"20591",0.0348289881288948,0.965096103343047,7.49085280580314e-05,2
"20593",0.999989641972602,9.88769477371701e-06,4.7033262481761e-07,1
"20595",0.989944963003361,0.00975882250890887,0.000296214487730636,1
"20597",0.000174634210676081,0.981115222839537,0.018710142949787,2
"20599",8.15585668048995e-06,0.000272743751025133,0.999719100392294,3
"20601",0.00248560506215128,0.996208306890376,0.00130608804747304,2
"20604",0.999863844978367,0.000123348402820861,1.2806618811748e-05,1
"20606",0.999842467892272,0.000156895369732136,6.36737995697214e-07,1
"20608",0.994483663628225,0.0055076131367722,8.7232350031282e-06,1
"20610",0.000184167591903366,0.00483621344616033,0.994979618961936,3
"20612",0.935657415089695,0.0488448806679729,0.015497704242332,1
"20614",4.08159294433871e-05,0.0179927150372448,0.981966469033312,3
"20616",0.0198356154423183,0.976819211809475,0.00334517274820638,2
"20618",0.591485541504553,0.403980561906963,0.00453389658848415,1
"20620",0.993116150703291,0.00637280931083253,0.000511039985876913,1
"20622",9.08931065034075e-05,0.00200043527490946,0.997908671618587,3
"20624",0.998161383122388,0.00183793224303171,6.8463458025668e-07,1
"20626",0.772087499302176,0.203321053190461,0.024591447507363,1
"20628",0.251572463992947,0.744645774598084,0.00378176140896888,2
"20630",0.841420212347668,0.134048222329989,0.0245315653223432,1
"20632",2.24822970009487e-06,0.014460310653004,0.985537441117296,3
"20634",0.999740338693803,0.000259094218500669,5.67087696259048e-07,1
"20637",0.997935668905951,0.00184899862444041,0.000215332469608676,1
"20639",0.00025709323130597,0.325333806299159,0.674409100469535,3
"20644",0.999990373299215,8.96514996238181e-06,6.615508227121e-07,1
"20646",0.997770015261026,0.00214235227909036,8.76324598834083e-05,1
"20648",0.00177186050677891,0.970894662054973,0.0273334774382478,2
"20650",0.999287211099271,0.000712358461110725,4.30439618459796e-07,1
"20653",0.00286083793217706,0.990060394046588,0.00707876802123488,2
"20658",0.99706871674729,0.0029289212013664,2.3620513434383e-06,1
"20661",0.843296923039107,0.15662176808031,8.13088805829736e-05,1
"20663",0.57377590152904,0.42617139005758,5.27084133793622e-05,1
"20665",1.91328231057212e-05,0.000268060286064883,0.999712806890829,3
"20667",0.0389193421710404,0.959979289060664,0.0011013687682956,2
"20669",7.93464112159264e-05,0.978369970719492,0.0215506828692925,2
"20671",0.992725315118238,0.00704243047104263,0.0002322544107197,1
"20673",0.000113915759007372,0.926469116885983,0.07341696735501,2
"20675",0.00914406804909877,0.990575093185801,0.000280838765100616,2
"20677",0.377258105935622,0.622680266109053,6.16279553248639e-05,2
"20679",2.70456261702277e-05,0.94565435823164,0.0543185961421902,2
"20681",0.000298795874613092,0.999494823043706,0.000206381081680843,2
"20683",0.261446662309242,0.738405128995141,0.000148208695617091,2
"20685",0.0138029453428032,0.982198575308615,0.00399847934858182,2
"20687",0.000103766617966757,0.104845812447155,0.895050420934878,3
"20689",0.999849152240447,0.000149956481077448,8.91278475261346e-07,1
"20691",9.85774949961625e-06,0.00116229751038507,0.998827844740115,3
"20693",0.999804554126285,0.000195357496893744,8.83768207861335e-08,1
"20695",0.00124705423428793,0.988631725692921,0.0101212200727905,2
"20697",0.999359549083518,0.000502172906818996,0.000138278009663489,1
"20699",0.168530585745168,0.830345910739504,0.00112350351532771,2
"20701",0.78506745484849,0.214922641412975,9.90373853475248e-06,1
"20703",0.00146664120276079,0.990191293170817,0.0083420656264221,2
"20705",0.994526547343213,0.00547205468511688,1.39797167012872e-06,1
"20707",0.0150577385261712,0.984847386305524,9.48751683050087e-05,2
"20709",0.0338055376078218,0.0945565966821337,0.871637865710045,3
"20713",0.000939315771251059,0.971948476989442,0.0271122072393065,2
"20715",0.981927447011346,8.26278505803857e-05,0.0179899251380735,1
"20717",0.000649545225738012,0.998783606475204,0.000566848299058491,2
"20720",0.967251678641825,0.0326222263692005,0.000126094988974413,1
"20722",0.955798818382994,0.0441798666016117,2.13150153940488e-05,1
"20724",0.000282761663767805,0.802253073744125,0.197464164592107,2
"20726",0.99976064507017,0.000239295381143672,5.95486862693216e-08,1
"20728",0.000123510551690164,0.999141571940612,0.000734917507697573,2
"20730",0.00409610204815063,0.65189779396076,0.344006103991089,2
"20732",0.553543786648112,0.446069532617261,0.000386680734627321,1
"20734",0.380199497653459,0.619664297772332,0.000136204574208883,2
"20736",0.000162386829653113,0.170996913650912,0.828840699519435,3
"20738",0.680752814307122,0.0298401551796413,0.289407030513237,1
"20740",0.872376844347135,0.127622742510696,4.13142168854536e-07,1
"20742",0.000818742027369637,0.998680589039147,0.000500668933483216,2
"20744",8.3319548415826e-06,0.0378722390031243,0.962119429042034,3
"20746",0.0764183485073787,0.923293548964252,0.00028810252836955,2
"20748",0.000343230513778231,0.750157926583481,0.24949884290274,2
"20750",0.00114838210868143,0.377875965876783,0.620975652014535,3
"20752",0.943283904918793,0.0567120090830312,4.08599817593843e-06,1
"20754",0.000382666457552314,0.958194803875682,0.0414225296667652,2
"20756",0.12965363156779,0.624107400179625,0.246238968252585,2
"20758",0.136420486504314,0.301989016107958,0.561590497387728,3
"20760",6.04904791360461e-05,0.790566889589139,0.209372619931725,2
"20762",0.000289070281279318,0.995149886016024,0.00456104370269643,2
"20764",3.93968945696317e-05,0.359627913811782,0.640332689293648,3
"20766",0.000146925033583493,0.902396549307203,0.0974565256592136,2
"20768",0.00282871359160619,0.272693014152237,0.724478272256157,3
"20770",0.0254142857835248,0.972773930728344,0.00181178348813158,2
"20772",0.999681874622687,0.000310571191218576,7.55418609462223e-06,1
"20774",0.999974711505868,2.51891115511289e-05,9.93825805033318e-08,1
"20776",0.00419587660554868,0.995719489835074,8.46335593771829e-05,2
"20778",0.999994307742884,5.06084510028951e-06,6.31412015939242e-07,1
"20780",0.0016692025842951,0.621051456774045,0.37727934064166,2
"20782",0.00013244550206298,0.847189526706613,0.152678027791324,2
"20784",0.000487241801559049,0.996730232937405,0.00278252526103612,2
"20786",5.30511308602095e-06,0.00120333523128667,0.998791359655627,3
"20788",0.0315292017346649,0.968266426182776,0.000204372082558856,2
"20790",9.95873694502519e-05,0.839272532370639,0.160627880259911,2
"20792",0.0763140849293524,0.583726767540019,0.339959147530629,2
"20794",4.04720969083139e-05,0.425339792168309,0.574619735734783,3
"20796",0.99869342217637,0.00130634696794754,2.30855682350907e-07,1
"20798",8.38238209105108e-06,0.000225282355550275,0.999766335262359,3
"20801",0.000124049732379251,0.00376252697890577,0.996113423288715,3
"20803",0.0554422414203315,0.94450750879178,5.02497878888038e-05,2
"20805",0.306220296773814,0.693590395791027,0.000189307435158968,2
"20807",8.38238209105108e-06,0.000225282355550275,0.999766335262359,3
"20809",0.00340945783595877,0.994632519565152,0.00195802259888895,2
"20811",0.0383424174666701,0.0644294585117776,0.897228124021552,3
"20813",0.407370219627483,0.524394378095249,0.0682354022772681,2
"20815",1.80486042920336e-06,0.00155267989456397,0.998445515245007,3
"20817",0.000608713494738129,0.964230998487075,0.0351602880181867,2
"20819",0.358402483898699,0.641588611350383,8.9047509181315e-06,2
"20821",0.935906585568505,0.0125909731660784,0.0515024412654164,1
"20823",0.200271661579787,0.787651811490564,0.0120765269296495,2
"20825",8.31738469997993e-05,0.918832242358211,0.0810845837947888,2
"20827",0.00155889407395772,0.280333152489084,0.718107953436958,3
"20829",0.994518526782058,0.00540524685665491,7.62263612869863e-05,1
"20831",0.000360103423918026,0.931039411259587,0.0686004853164955,2
"20833",0.000198988833580019,0.612603445749525,0.387197565416895,2
"20835",0.000239004751951918,0.971504286429312,0.0282567088187358,2
"20837",0.000876553361327296,0.996404067686076,0.00271937895259666,2
"20839",0.000208640260881582,0.982855181033894,0.0169361787052245,2
"20841",0.717414365621436,0.282476055471326,0.000109578907237765,1
"20843",0.00258092138492719,0.997334543257092,8.45353579812295e-05,2
"20845",0.00248065011927867,0.493669717680643,0.503849632200079,3
"20847",0.382010157221047,0.617443930319915,0.000545912459037765,2
"20849",0.45073006787216,0.529583964581122,0.019685967546718,2
"20851",0.675107518456033,0.324804895382924,8.75861610426117e-05,1
"20853",0.980433196415485,0.0195612456905567,5.55789395865511e-06,1
"20855",0.991558706198648,0.00782450437312446,0.000616789428227227,1
"20857",0.558271732905748,0.441596138211208,0.000132128883043576,1
"20859",0.948612440033706,0.0510310929273086,0.000356467038984963,1
"20861",0.0342448270405765,0.935361956860212,0.0303932160992118,2
"20863",0.000211024427916708,0.704976224287486,0.294812751284597,2
"20865",0.0016762093606847,0.995731958931556,0.00259183170775886,2
"20867",0.999994081653347,5.78751516678563e-06,1.30831485743263e-07,1
"20869",0.000704893399005053,0.52971169535169,0.469583411249305,2
"20871",0.997266186776017,0.000400887889363026,0.00233292533461999,1
"20873",0.998754888324162,0.000377352043250676,0.000867759632587317,1
"20875",0.94712473900217,0.0528129288852729,6.23321125567709e-05,1
"20878",5.80632246884461e-06,0.00413702782699496,0.995857165850536,3
"20880",0.00034821087636751,0.631625894513853,0.36802589460978,2
"20882",0.999110224225621,0.000882712910370136,7.06286400871846e-06,1
"20884",0.00089587553900843,0.99388718028377,0.00521694417722152,2
"20886",0.00283622522980938,0.33552415284394,0.661639621926251,3
"20888",4.40179850163233e-06,0.094092939495598,0.9059026587059,3
"20890",0.00096368126747008,0.775698668183516,0.223337650549014,2
"20892",0.543701356496567,0.456223255904286,7.53875991468685e-05,1
"20897",0.118467266249427,0.868533177641068,0.012999556109505,2
"20899",0.0951848244557627,0.871137553409368,0.0336776221348689,2
"20901",0.967963157760113,0.0317768682627616,0.000259973977124888,1
"20903",0.995743141007168,0.000109337869053967,0.00414752112377765,1
"20905",0.894332638661547,0.0610426720021576,0.0446246893362956,1
"20907",0.997009577240194,0.00298650786146346,3.91489834208076e-06,1
"20909",0.364581786652229,0.603558432157286,0.0318597811904855,2
"20911",0.999645577672048,0.000350673118504087,3.74920944806619e-06,1
"20913",0.0140868712694808,0.978285051089912,0.00762807764060711,2
"20962",0.834199747119193,0.165611842169378,0.000188410711428754,1
"20969",0.984592559859782,0.00635701495390696,0.00905042518631045,1
"20980",0.823479705608822,0.174917112170046,0.00160318222113222,1
"20982",0.969650437114035,0.0303424633906202,7.09949534456669e-06,1
"20984",0.00144308082446773,0.990516174958653,0.00804074421687965,2
"20994",0.981679820197965,0.017634227360026,0.000685952442008566,1
"21015",0.000124964212396195,0.301584577214877,0.698290458572727,3
"21023",0.999764601686262,0.000235187787502177,2.10526236345606e-07,1
"21040",0.881543650134825,0.118420759318886,3.55905462891135e-05,1
"21073",0.690612960715367,0.303716531117676,0.00567050816695689,1
"21222",0.00134145299973558,0.898303376140767,0.100355170859498,2
"21224",0.0564787836127728,0.935465805766958,0.00805541062026946,2
"21228",0.0431247918457579,0.431184976435584,0.525690231718658,3
"21232",0.996471509201478,0.00352786805251944,6.22746002648003e-07,1
"21237",0.965560662893722,0.0333461755921492,0.00109316151412846,1
"21240",0.000340556201423733,0.920078553475876,0.0795808903227,2
"21245",0.000171483346570127,0.751536387865313,0.248292128788117,2
"21252",0.992411540744395,0.00758827848204748,1.80773557358677e-07,1
"21254",0.930529334001182,0.0694522481229175,1.8417875900327e-05,1
"21258",0.0869263718710776,0.895713956957069,0.0173596711718529,2
"21264",0.0110448488323194,0.882852797812671,0.10610235335501,2
"21305",0.0177544805689908,0.932973605529865,0.0492719139011438,2
"21333",0.851592862747563,0.148403299944727,3.83730771020032e-06,1
"21366",0.0403781476465133,0.959221945356127,0.000399906997359979,2
"21377",7.36002802800723e-05,0.00332412283577871,0.996602276883941,3
"21380",0.844982377187097,0.093592903363191,0.0614247194497116,1
"21387",0.997848160708239,0.0021504166423145,1.42264944638193e-06,1
"21390",0.989970621398027,0.0100247203310449,4.65827092746976e-06,1
"21392",0.245061380411979,0.754494603020208,0.000444016567813063,2
"21403",0.791111929893181,0.152927152881201,0.0559609172256185,1
"21408",0.998094599729173,0.00177978060307956,0.00012561966774799,1
"21412",0.982792758630295,0.0145758052061477,0.00263143616355737,1
"21421",0.0043231629068892,0.993184018624096,0.00249281846901485,2
"21424",0.999627141968253,0.000372714404476256,1.43627271328805e-07,1
"21429",0.993482745868843,0.00647902991110094,3.82242200558833e-05,1
"21431",0.020530672370691,0.977623527889539,0.0018457997397702,2
"21436",0.0032567611002824,0.993218043418197,0.00352519548152096,2
"21439",0.931661335362729,0.0626095181674077,0.00572914646986298,1
"21442",0.0857709002368811,0.767567489870653,0.146661609892466,2
"21444",5.38122831059486e-05,0.994512371922303,0.00543381579459103,2
"21446",1.06979668249781e-05,0.0116859362522444,0.988303365780931,3
"21448",0.0175348203855981,0.97331340286405,0.00915177675035172,2
"21450",0.399130867024263,0.57190522626407,0.0289639067116673,2
"21452",0.946458851697851,0.053499705512131,4.14427900179583e-05,1
"21466",0.999859476913544,0.000140505454541154,1.76319146451412e-08,1
"21470",0.800226945751188,0.197493098628052,0.00227995562075963,1
"21472",0.980293237180047,0.0197063354592271,4.27360726305696e-07,1
"21474",0.963441605238782,0.0357922087490325,0.000766186012185535,1
"21477",0.000130648951677883,0.993488378334753,0.00638097271356915,2
"21480",0.999971780539015,2.82155295165092e-05,3.93146791478438e-09,1
"21483",0.000388185410764737,0.91572058157506,0.0838912330141754,2
"21491",0.000999384518718041,0.592471568448883,0.406529047032399,2
"21494",0.999803855221182,0.000157183254337787,3.89615244807518e-05,1
"21499",0.998854999851548,0.00113373144536096,1.12687030913851e-05,1
"21501",0.988001480341248,0.0119979676201698,5.52038581837417e-07,1
"21506",0.950069555067101,0.0499193710569048,1.10738759942699e-05,1
"21511",0.901376789420629,0.0983695296848923,0.00025368089447883,1
"21513",0.0751977893536259,0.924782441265007,1.97693813673668e-05,2
"21521",0.0943262140830245,0.905097495811317,0.000576290105658286,2
"21523",0.0545764112100799,0.945383335869408,4.02529205120234e-05,2
"21525",0.00343026920031661,0.99566424490115,0.000905485898532954,2
"21531",0.999587448146813,0.000407803869939716,4.74798324777762e-06,1
"21536",0.837302657612251,0.161873629702471,0.000823712685278215,1
"21544",0.896579446709261,0.0974041745952261,0.0060163786955132,1
"21547",0.994891652693828,0.00493532609435985,0.00017302121181278,1
"21551",0.920348613624806,0.0757094015767769,0.0039419847984167,1
"21556",0.986534871570526,0.0134505395617403,1.45888677338285e-05,1
"21559",0.045526287485954,0.954440424677752,3.32878362941679e-05,2
"21563",0.996559432207199,0.00343582414235348,4.74365044736308e-06,1
"21565",0.999478323153748,0.000520382406590256,1.29443966140374e-06,1
"21568",0.996300006499483,0.00369217474373028,7.81875678627447e-06,1
"21572",0.999993690879847,6.24117597600412e-06,6.79441765612445e-08,1
"21575",0.959982819097265,0.0391551812631798,0.000861999639555318,1
"21577",0.0196598546065023,0.879156986097601,0.101183159295897,2
"21579",0.285968329923942,0.713659659987139,0.000372010088919452,2
"21581",8.38238209105108e-06,0.000225282355550275,0.999766335262359,3
"21584",0.000349253205263067,0.821629400155713,0.178021346639024,2
"21586",0.0268785138074277,0.967643212317848,0.00547827387472462,2
"21588",0.0861227846520526,0.776944231232485,0.136932984115463,2
"21590",0.994745217580961,0.0052492282554353,5.5541636041898e-06,1
"21594",0.00538303111073333,0.892018212475306,0.10259875641396,2
"21596",0.000719419569244146,0.650998865163179,0.348281715267577,2
"21598",0.998107743814467,0.00187631032039483,1.59458651385145e-05,1
"21600",0.000358220143249329,0.999521809797692,0.000119970059058992,2
"21602",0.867472906098138,0.132505076789255,2.2017112606597e-05,1
"21604",0.279623655915469,0.700122114281116,0.0202542298034142,2
"21606",0.000237501405586656,0.0156683700619704,0.984094128532443,3
"21608",0.290224169767021,0.704552592984908,0.00522323724807148,2
"21611",0.0178922011563432,0.981544527539486,0.000563271304170625,2
"21613",0.63467227408265,0.365296882104946,3.0843812403872e-05,1
"21615",0.0422397282529011,0.892647070320719,0.0651132014263795,2
"21617",0.00925879323356281,0.417630012675639,0.573111194090798,3
"21619",0.0207424933944047,0.978947697637203,0.000309808968392671,2
"21621",0.00370781745211086,0.794623256559397,0.201668925988492,2
"21623",0.000973010042771593,0.93852896516432,0.0604980247929085,2
"21625",7.10291556080359e-06,0.00183387169513413,0.998159025389305,3
"21627",0.322301447706339,0.673908376217945,0.00379017607571555,2
"21629",0.000172056406576873,0.999008052252517,0.000819891340906407,2
"21631",0.000212815503730205,0.033998000561705,0.965789183934565,3
"21633",0.994971684525435,0.000801010062205611,0.00422730541235955,1
"21635",0.997637648359862,0.00235566083706198,6.69080307653118e-06,1
"21637",0.535611864809615,0.227469955616601,0.236918179573783,1
"21639",0.992607921182563,0.00641450722344206,0.000977571593994695,1
"21641",0.000943377585345301,0.994504093733752,0.00455252868090261,2
"21643",0.243093119864681,0.737745220659833,0.0191616594754864,2
"21645",0.0006586346420518,0.963638606043836,0.0357027593141117,2
"21648",0.376014598485218,0.623787174017935,0.000198227496847236,2
"21650",0.996995602998862,0.00297567272613442,2.87242750041981e-05,1
"21652",0.680257072554347,0.319734350040181,8.57740547146725e-06,1
"21654",0.994283025296678,0.00571049798108964,6.47672223263509e-06,1
"21656",0.000214000923649855,0.804718292067548,0.195067707008802,2
"21658",1.08776070494286e-06,0.00157834162053403,0.998420570618761,3
"21660",7.50849537612012e-05,0.0249736594547839,0.974951255591455,3
"21662",0.00832259166360418,0.977948367538194,0.0137290407982016,2
"21664",0.000185848367774232,0.901107525654709,0.0987066259775172,2
"21666",0.308605798920281,0.00351356928166418,0.687880631798055,3
"21668",0.000152930774223375,0.994691134245746,0.00515593498003019,2
"21671",0.267278590723007,0.732514924402964,0.000206484874028543,2
"21673",0.000164544850639653,0.533887864854022,0.465947590295338,2
"21675",0.00602647786724029,0.990781181642731,0.00319234049002895,2
"21677",0.999676136265669,0.00032258583470358,1.27789962717654e-06,1
"21679",0.00795863146774571,0.990893491698391,0.00114787683386305,2
"21681",0.00103784190897766,0.992861473992399,0.00610068409862336,2
"21686",0.999555866716145,0.000359544819151667,8.4588464703264e-05,1
"21689",0.999317850337325,0.000638004720851328,4.41449418238119e-05,1
"21706",0.59349772847398,0.404394084009183,0.00210818751683691,1
"21708",0.997424643492765,0.00257413142570949,1.22508152550216e-06,1
"21711",0.0185760852454427,0.975477662461835,0.0059462522927227,2
"21716",0.999967305687599,3.23850109151432e-05,3.09301485836865e-07,1
"21719",0.0976617982487469,0.902324335278634,1.38664726195993e-05,2
"21722",0.669753472142143,0.326788838862124,0.00345768899573326,1
"21725",0.662605747329864,0.337319073660664,7.51790094720403e-05,1
"21728",0.957084811726136,0.0428669087071866,4.82795666778657e-05,1
"21732",0.995607352617938,0.0041732598248846,0.000219387557177729,1
"21734",0.996687547546288,0.00331032354314295,2.12891056902671e-06,1
"21737",0.00151164629402609,0.997948199791799,0.000540153914175152,2
"21740",0.0396497894447052,0.8421425483649,0.118207662190395,2
"21742",0.999830743175245,0.000165817375365761,3.43944938956357e-06,1
"21745",0.629577579398354,0.35017546756813,0.0202469530335152,1
"21747",0.981627746182057,0.0183672036167903,5.05020115256373e-06,1
"21749",0.00452709350178826,0.277372205502949,0.718100700995263,3
"21751",0.998162973572732,0.00174961468813626,8.74117391318369e-05,1
"21753",0.997720778729602,0.00224275167527003,3.64695951278347e-05,1
"21756",0.999790342713076,0.000197401089202114,1.22561977216338e-05,1
"21759",0.0473860320000532,0.679835465615805,0.272778502384142,2
"21761",0.884419579287295,0.114374055760784,0.00120636495192096,1
"21763",0.00201290772530021,0.996969244874217,0.00101784740048266,2
"21765",0.870109045135221,0.129863655247524,2.72996172550934e-05,1
"21767",0.99734561161814,0.00264031529003746,1.40730918226688e-05,1
"21769",0.999834650761013,0.000165149888691705,1.99350295457838e-07,1
"21771",0.998127799266145,0.00183995360273075,3.22471311240906e-05,1
"21774",0.00105594120805513,0.702218767091994,0.296725291699951,2
"21776",0.957861081168475,0.0421358038014715,3.11503005309856e-06,1
"21778",0.951495164472208,0.0471053119614686,0.00139952356632328,1
"21780",0.0232355966032998,0.542627613899444,0.434136789497256,2
"21783",0.775621359619705,0.217479925085833,0.00689871529446219,1
"21785",0.242817033258677,0.757149024498631,3.39422426925718e-05,2
"21788",0.999097928301399,0.000901987675301986,8.40232987498848e-08,1
"21790",0.999982828402257,1.71353823928017e-05,3.62153500991056e-08,1
"21793",0.983432146018349,0.0164017523009024,0.000166101680748212,1
"21796",0.0359649646499305,0.962800830277241,0.0012342050728281,2
"21798",0.980483685373692,0.0192553733529915,0.000260941273316173,1
"21801",0.999976612027955,2.3343216260047e-05,4.47557853462532e-08,1
"21803",0.729771517845072,0.265757515731545,0.00447096642338311,1
"21805",0.999995083717935,4.13064795323942e-06,7.856341114517e-07,1
"21807",0.143774683652438,0.842493855390983,0.0137314609565797,2
"21810",0.942312846935826,0.0576827506525255,4.40241164817577e-06,1
"21812",0.999646024671841,0.000325465731080891,2.85095970782846e-05,1
"21816",0.98711907475159,0.012878688066147,2.23718226254157e-06,1
"21819",0.999467533881168,2.54063254424776e-05,0.000507059793389568,1
"21821",0.0156881060581882,0.570986543483885,0.413325350457927,2
"21823",0.00011944928121359,0.308668653340176,0.691211897378611,3
"21825",0.985591745070738,0.0143316129360873,7.66419931742869e-05,1
"21827",0.997507496778625,0.00206243080263954,0.000430072418735319,1
"21829",0.988523188486208,0.0113842973165039,9.251419728771e-05,1
"21832",0.208037952135623,0.00291215125413949,0.789049896610238,3
"21834",0.848623114549508,0.151319308221715,5.7577228777008e-05,1
"21836",0.848623114549508,0.151319308221715,5.7577228777008e-05,1
"21839",0.0709537785521546,0.851616206305594,0.077430015142251,2
"21841",0.218959404802111,0.0077516535539832,0.773288941643906,3
"21843",0.000641840692264746,0.662096951657518,0.337261207650218,2
"21846",0.999554159426751,5.59619781267549e-05,0.000389878595121859,1
"21848",0.994708493316327,0.00430928234429447,0.000982224339378465,1
"21850",0.821113530057762,0.178216361500369,0.00067010844186882,1
"21853",0.00401091022018352,0.0412422067884062,0.95474688299141,3
"21855",9.70005593381956e-06,0.0009864987050991,0.999003801238967,3
