"","V1","V2","V3","V4","V5","V6","V7","best$classification"
"19811",0.0148856143574368,2.91845152152016e-06,3.3323009977278e-08,0.233380981798113,3.87936373047698e-08,0.25400402159426,0.497726391682021,7
"19813",0.0158297749877563,1.09950734191538e-33,5.21090470559265e-18,3.42327223312577e-24,4.00783435506931e-09,1.50205072138301e-08,0.984170205983902,7
"19815",0.000264886358457891,2.68662450058397e-16,0.00108921449557594,0.0427023383078105,0.0013459075904452,0.954597653247707,3.6449430394668e-15,6
"19817",6.18042548907016e-05,4.8629146417644e-07,2.73762914198968e-07,0.976599643110822,4.94249204989386e-07,0.023337297138611,1.19209275741986e-09,4
"19819",0.00015338986641458,3.752340794304e-38,0.339206704293177,6.67708512451419e-51,0.660639903546289,2.29411885835233e-09,4.39908069557659e-53,5
"19821",0.157656787002802,0.00012426347173048,4.95344578001553e-05,0.00137971527253439,7.65351836913222e-08,0.833210288610834,0.00757933464911591,6
"19823",1.2742405167517e-07,7.76730227536291e-22,4.70941057255411e-08,7.85926756159834e-06,0.99857867405293,0.0014132921613508,5.24569674193073e-23,5
"19825",0.999999999999427,1.35969183724385e-21,4.94321196415221e-13,2.21357241397633e-57,6.79197532472946e-14,1.11366395383217e-14,5.31773595998155e-18,1
"19827",0.00313160065831426,0.415135894715411,8.27376813225042e-05,0.575876139161708,0.000103037767939448,0.00567059001516958,1.3598047612486e-13,4
"19829",0.249685214121709,1.42920054995862e-10,0.736709825023336,4.20910788659685e-30,6.83645704249279e-07,0.0136042770663314,5.13848977914285e-21,3
"19831",0.0113255122842152,4.4081240866443e-49,0.223987362599357,1.93588688985354e-48,0.764687121485702,3.63072616940304e-09,5.43771283266101e-31,5
"19833",1.06826336220925e-06,3.11623084620028e-63,1.70423840791903e-30,2.25883770244191e-92,0.999998931736638,3.93957569409327e-25,2.27400218591327e-47,5
"19835",0.157656787002802,0.00012426347173048,4.95344578001553e-05,0.00137971527253439,7.65351836913222e-08,0.833210288610834,0.00757933464911591,6
"19837",0.000284206851392997,0.0619803246982629,6.97860382329148e-05,0.920405660408804,9.32026895075453e-08,0.0172599233175554,5.48306251699394e-09,4
"19839",0.963673664217118,2.2481281055889e-10,0.0363262581143622,8.29750338055237e-31,2.35097575337458e-08,3.51581418331055e-08,1.87758073432972e-08,1
"19841",0.991579478804354,0.00842051709653865,7.7442880306561e-15,6.78804346088453e-41,1.27360430665634e-09,8.2129255187483e-18,2.82549534736009e-09,1
"19843",0.999229085153415,2.95954625606203e-62,0.000770908620429616,1.7668170684748e-69,6.07763980565628e-09,1.48426265348545e-10,8.91173302022491e-14,1
"19845",0.00413241535047715,6.59635287794822e-24,7.10764715973896e-17,1.30569774377489e-06,2.3851811709266e-08,0.00417045662157717,0.99169579847839,7
"19847",0.0466049843817292,9.37072322619611e-23,3.17790850757858e-06,1.73813401753032e-05,1.24729307116635e-08,0.953371783534054,2.66036260302657e-06,6
"19849",0.000501324307844617,2.51709825332857e-30,7.23895811269949e-22,4.15093966155232e-19,6.46180307810695e-10,8.72589257665601e-10,0.999498674173386,7
"19851",4.74929405012406e-06,1.80012951971937e-09,1.58530239212199e-09,0.9969022860355,1.5714060746671e-06,0.00309138233270474,7.5462384202281e-09,4
"19853",3.60112096676105e-05,1.03894966523353e-16,1.97630287119307e-21,0.0632221564170344,0.932632794822086,0.00265261658531576,0.00145642096589641,5
"19855",6.0259797889641e-05,1.32492658521754e-06,7.54290357163731e-14,0.975643540560823,0.000122584288054702,0.0238642291346605,0.000308061291911502,4
"19857",0.0804663891964183,1.32721928504953e-05,0.000996901391956304,0.00162803035782386,6.35374389642119e-10,0.915765273465653,0.00113013275992312,6
"19859",0.00824279175879087,2.41180988100608e-05,5.62211887760352e-05,0.192741960775309,1.01887110331002e-05,0.798924717979644,1.48763702385964e-09,6
"19861",0.00270775239191394,3.90527457495816e-13,1.63382873982114e-10,0.56187436982917,6.46655616059294e-07,0.124241008526009,0.311176222433517,4
"19863",0.00830481281801808,3.51882477734197e-12,4.78384025009133e-30,3.69788373882751e-34,6.51992268080557e-13,2.5338627265516e-18,0.991695187177811,7
"19865",0.00256880951196612,0.997430796545983,5.30477098747858e-12,2.09269545152905e-07,1.79950809579913e-11,1.84635303419751e-07,1.3902839423207e-11,2
"19867",0.00451427417461538,1.48005092252618e-23,2.00137896836591e-07,0.00583789507040656,1.68654140737374e-07,0.989620341552723,2.71204102175579e-05,6
"19869",0.00201852411943136,4.78163073715994e-13,2.82920526777178e-21,3.37065535263251e-10,1.4839867131397e-09,2.82346502547096e-06,0.997978650594013,7
"19871",0.00104602070488127,0.00667781352110814,0.0011744418558361,0.674384366256903,1.70987315323218e-05,0.316700258892843,3.68961062290728e-11,4
"19874",0.00735817287300568,0.000182572724081173,7.91735199910735e-11,0.991238771430544,3.10765108306488e-07,0.00122017212805057,3.70722563571652e-14,4
"19876",3.81241786163757e-05,2.01258628830884e-05,1.82010102893989e-13,0.99981251888095,1.49773686679439e-09,0.000129070162075044,1.59417556691634e-07,4
"19878",0.604964768902297,1.1801156001672e-28,4.08868500962416e-05,6.21324558723583e-38,1.26447617069679e-08,0.394994331602845,2.15482948404696e-23,1
"19880",0.000292861595647261,0.999705248609791,4.91326009345479e-18,1.4763425192485e-09,2.33843256223522e-10,1.57006766765094e-10,1.88792736869862e-06,2
"19882",0.393041902728075,3.42905972652571e-13,5.40083746932798e-15,3.4403995498078e-05,2.41566593818381e-06,0.470635398060782,0.136285879549359,6
"19885",0.00205123978223763,2.04397331450586e-06,0.012343007681909,0.498858529698525,4.50859330837737e-08,0.486745122570226,1.12078549232376e-08,4
"19907",0.00963848896033129,3.36130116499748e-20,4.05495370751625e-11,0.000161417958083032,9.05146087986439e-08,0.986009806807082,0.00419019571934596,6
"19909",0.00209401692452233,3.63581371681983e-24,0.996610042794356,2.63708347576911e-21,6.57279223777015e-07,0.00129528298763429,1.42637837396007e-11,3
"19911",0.248917107012444,1.22012987803248e-09,0.75103923879327,8.56708609877958e-22,4.07851055258414e-06,3.95744634328115e-05,1.70795177282528e-13,3
"19913",0.000669354953555633,0.999330643135888,5.07167204922529e-18,1.02795499580462e-19,1.91055471200433e-09,1.26485136668016e-17,1.24292217911653e-15,2
"19915",0.000163212854994601,0.987648770447018,2.70895718904282e-10,0.0117721570201597,4.10837562320091e-07,0.00041544827604273,2.9332717354873e-10,2
"19917",0.024389875695591,0.975595763594857,1.35133468633885e-06,6.08230114832916e-07,1.31058224739385e-07,1.2262249671261e-05,7.83685494781541e-09,2
"19919",0.00220633558454,0.136306647146995,8.75901589980173e-06,0.802547230734649,2.10611266296327e-06,0.0589289213977778,7.47554562910617e-12,4
"19921",6.60415569990713e-05,4.94154937138514e-13,3.08398087010284e-07,0.958200708233796,2.55984325405649e-07,0.0417273132967768,5.37252952206027e-06,4
"19923",0.0889795168952086,8.21340696183369e-32,1.44920225792778e-05,5.73012683947873e-16,7.90951172046101e-05,0.910926895965007,3.13091354305643e-19,6
"19925",0.00216569438438373,0.997560411141847,1.03324802022719e-09,0.000185095364423762,3.13173785943103e-08,8.87667205939864e-05,3.81252388034499e-11,2
"19927",4.00418940409653e-05,2.51033194400354e-11,2.47913258203332e-06,0.599608240326479,7.53230315616754e-05,0.400273779097338,1.36492895352282e-07,4
"19929",0.198345986209547,0.00481698654262373,1.28413229592506e-25,1.4459443710017e-19,4.56422636326544e-11,8.27532701078563e-19,0.796837027202187,7
"19931",0.00214080832423673,1.89886407889494e-12,0.00277466405870393,0.000337991464350828,4.78309336257867e-05,0.994698705217166,1.77506442949348e-14,6
"19933",0.000956130917648732,3.66006363215805e-11,0.950390417769809,8.36133671794347e-10,3.10600435565439e-05,0.0486223903962514,6.58848365356295e-20,3
"19935",0.30839346233569,8.28689128466345e-11,0.19539646511284,2.21138822432393e-08,6.22876601896443e-10,0.496209962457803,8.72740396416582e-08,6
"19937",2.05055626544341e-05,1.07467354427698e-14,1.98409260604056e-06,0.856398128348925,0.000205790395498401,0.143373591599539,7.66353450613464e-13,4
"19939",0.013535963342331,2.0529379546781e-09,3.15151319686507e-07,0.00150589972629009,8.71667409783876e-06,0.984949103053023,3.2906574735385e-16,6
"19941",0.829401558999641,5.57035758383221e-10,0.170598181309408,9.40681538275185e-28,2.58205786504883e-07,3.41802348441362e-10,5.86325825919976e-10,1
"19943",0.00570476296259734,0.994291278487828,6.95686641568225e-14,3.80894882015535e-06,1.26732116257734e-07,2.28685691466753e-08,7.23676846630589e-17,2
"19945",0.0039064094526955,1.32260642818157e-13,0.978792093115296,6.31099508258442e-12,2.7060571589652e-05,0.0172744368539758,3.2265187029727e-20,3
"19947",0.999998869725964,1.46456081743718e-09,1.26566282613122e-08,8.28520282753772e-29,1.33888027731854e-07,9.77469406978748e-07,4.79541243992904e-09,1
"19949",0.0575721720963238,9.00436082201266e-28,0.0048582063315223,1.50239220673011e-14,9.79565768195803e-06,0.937559825914457,2.02020894053585e-27,6
"19951",0.533938650999248,0.276562249991129,0.00013023110081321,2.45870740025093e-09,2.53495693081784e-06,0.189366330466159,2.7011722981387e-11,1
"19953",6.04526340534552e-05,6.72830159107972e-54,0.00100155594041522,9.44994654603164e-42,0.998937899781756,9.16437759098413e-08,2.92416630676712e-41,5
"19955",0.901801164826895,3.52512930682076e-38,0.0900687945100328,8.51642543327142e-34,0.00141991234934597,0.00671012831372619,4.20310745516661e-23,1
"19957",0.680682840351206,0.000810200702887714,8.75379343301324e-06,1.40237548163071e-06,0.300603729034281,0.0178930737127162,2.99940193704724e-11,1
"19960",0.970221579881712,4.82545655714261e-20,0.0180423205858632,3.12002656442717e-36,4.01870077486389e-09,0.0117360955137238,4.86436821270582e-18,1
"19963",0.000337697723705943,2.21964163232173e-20,2.05459911296783e-19,6.73349989005031e-48,0.999662302276294,3.58229705245422e-28,3.678011068215e-29,5
"19965",0.480168306459901,1.02567631530265e-45,0.518920789738831,8.58328238713072e-52,0.000151029637915865,0.000759874163352038,9.09000510469208e-20,3
"19968",0.559423304809779,4.08608158964709e-05,8.8279028718745e-09,1.04636038005262e-19,2.15686837524317e-18,1.8008887505688e-07,0.440535645457547,1
"19971",0.767046170914777,8.69311764152344e-09,5.91194891715778e-15,8.61431764324882e-61,0.232953820392099,6.55337419706217e-17,3.07885887853395e-35,1
"19973",8.79371520714568e-05,0.000727355545831073,2.39316035837728e-06,0.987787948824136,2.92814836091696e-09,0.0113925920640736,1.77032538154325e-06,4
"19975",0.0454443087087469,0.954079911761043,8.10363667371675e-08,4.84581753122059e-08,7.1081784406342e-12,0.00029329468705013,0.000182355341509821,2
"19977",0.999999594547618,1.27014363320733e-12,6.21745542900442e-19,6.23295788960898e-48,4.05442597677665e-07,8.51349053311564e-12,3.71384604459352e-16,1
"19979",0.0116031056003674,2.92125738166351e-30,0.988389071448967,1.28220983427659e-59,7.73493099035747e-06,8.80196754366451e-08,1.06060027089775e-44,3
"19981",0.0012619150063568,3.60333230097207e-12,0.12191497098688,5.50904449640227e-06,5.00389650176839e-06,0.876790055496373,2.25455657884655e-05,6
"19983",0.00624991718528209,1.54709370992095e-16,0.000104148585793411,2.64083849652572e-05,1.26092509040213e-07,0.993619354019761,4.57316894191916e-08,6
"19985",0.00331925466890536,0.219385789037269,5.1134930086878e-12,0.776649509664136,5.48727000824408e-09,0.000645146169702423,2.94967603753412e-07,4
"19987",0.134868560923943,0.00518643501299986,0.087318846434374,0.00446248469024586,1.54802031409778e-07,0.768163518105072,3.1334520902323e-11,6
"19989",0.00507903945348665,3.16639569434513e-47,0.994647808492081,3.42730729348202e-48,0.000270259535781084,2.89251865105792e-06,2.57380611930517e-46,3
"19993",0.0203799145105929,8.24592004739019e-08,0.0219541931862717,7.37020469455796e-17,2.65027137270713e-07,0.957665544816798,9.89367217082952e-26,6
"19995",0.24409850992559,7.19396247544272e-09,0.718493380775346,3.23002381499462e-15,3.46546208415973e-07,0.0374077555588899,1.30996733860778e-16,3
"19997",0.000465301312576932,5.37506077775657e-06,1.26476453197347e-06,0.9535569534095,4.29067987010386e-07,0.0459705821765162,9.42081105706474e-08,4
"19999",0.000740634233646066,0.984838794446555,2.32595171186214e-12,0.000807544779092435,1.3592271329281e-08,0.000775384294169499,0.0128376286519395,2
"20002",0.999998916145132,6.4903802399845e-18,1.33239520412986e-20,2.29275932494954e-46,3.34472295184919e-11,1.32566381331089e-24,1.08382142087073e-06,1
"20004",0.225086171349816,1.83439134692973e-13,0.774740234788243,1.88890664833266e-17,9.98911785437177e-10,0.000173592200490048,6.62355188940638e-10,3
"20006",0.994553426053059,5.24707422693978e-27,4.65436322753812e-06,1.06420475139803e-39,2.66064007328083e-07,0.00544165351969584,1.04446479599858e-14,1
"20008",0.998751327862655,1.36902913448761e-27,0.00121645992962582,2.4528047187597e-41,1.93246906619742e-05,1.28875170572614e-05,3.5013023264453e-23,1
"20010",0.023131199460781,2.05545505437968e-22,0.385840536389874,1.5003316183715e-17,7.1484508025542e-05,0.590956779641319,8.04206606171618e-34,6
"20012",0.933450294982235,0.0582091746376389,2.28127163074258e-13,2.38554516541701e-15,2.08846655595151e-08,0.00786253557738615,0.000477973917844133,1
"20015",0.0200826302976614,2.2116393351828e-38,0.979903425737473,1.57850513301912e-54,6.36406504129999e-12,1.39439585019226e-05,2.62739762632193e-25,3
"20017",0.000162260928658269,0.00015076639236578,9.2447455904673e-11,0.99248365633556,2.72456005888847e-09,0.00610345781214096,0.00109985571426778,4
"20019",0.0244468011547946,2.71918529057875e-52,0.975547404545723,2.40445098724135e-80,5.69816325534097e-06,9.61362268701e-08,6.04919053659776e-57,3
"20022",0.00864207963662291,1.31428522811197e-20,0.670291484966375,4.89795805422242e-18,2.7152588723929e-06,0.32106372013813,1.21761287102531e-26,3
"20024",0.94990435260076,7.42772206595644e-75,2.54394039406103e-05,6.27246766111894e-78,0.0500702079346796,6.06193905043556e-11,3.55669307465098e-55,1
"20026",0.94990435260076,7.42772206595644e-75,2.54394039406103e-05,6.27246766111894e-78,0.0500702079346796,6.06193905043556e-11,3.55669307465098e-55,1
"20028",0.000107927322703547,0.00385725336452215,2.50383626654902e-10,0.995223465724937,1.22686449817668e-07,0.000807476627567859,3.75402343548705e-06,4
"20030",0.218561672115984,7.10316410233308e-23,0.781438296830959,1.76478570638876e-42,7.93796037360837e-12,3.10451189558801e-08,8.48496273207405e-21,3
"20033",0.00315873588025051,0.862824084077315,0.00110969651592374,0.00189522379961319,2.45796944320237e-05,0.13098744041486,2.39617605591436e-07,2
"20035",0.0663053398062281,2.63177727318669e-55,0.933665818677391,1.42977965885006e-79,2.35799676506478e-05,5.26154873003488e-06,8.8175289789732e-59,3
"20037",0.0330115580709544,9.08171859370591e-60,0.966961669509806,2.44568743936456e-72,2.49276598519955e-05,1.84475938737319e-06,9.35743537583888e-41,3
"20039",6.84537286420288e-08,1.21611199284038e-102,5.8780920568447e-15,1.45172265651139e-91,0.999999931546264,1.38457932710492e-15,7.4794657657221e-81,5
"20041",0.0143843693902305,6.04436188811649e-21,1.21568637355299e-05,2.61720781700966e-19,0.000228280991574281,0.98537519275446,1.58832626015802e-19,6
"20044",0.0735261970610752,1.33244535354156e-17,5.60461434374831e-06,3.1039644342673e-24,0.0142852481382498,0.912182950186331,6.58857360368657e-21,6
"20047",0.101602970671523,4.49310648190327e-45,0.889818475909944,1.01765987730527e-86,0.00857855341537898,3.15393859251144e-12,5.93822260249744e-58,3
"20050",0.0342644832523893,1.07958982909928e-22,0.0486270639488773,2.20772963024292e-29,0.717013409671628,0.200095043127105,1.0142593580262e-50,5
"20052",0.0237104406305883,0.0806378430459401,0.30632020506579,0.0184489639611135,0.000972311967062578,0.569910235329504,2.0063413568807e-15,6
"20054",0.0280464189368232,1.15870928439867e-21,0.970858421343101,3.54735282606525e-31,3.15146783989062e-11,0.00109515968854019,2.0957595309092e-14,3
"20056",0.549641857074692,0.450357769131089,2.57447887687761e-07,6.91032749855443e-17,1.15377171999091e-07,9.691575160147e-10,1.77193162762785e-15,1
"20058",0.0153458670382579,2.77723347462749e-54,0.98463173302507,1.8579667599355e-49,5.14045565534341e-06,1.72594810169752e-05,2.97083686507732e-40,3
"20060",0.00958705005108877,5.03203496965878e-09,9.00322735014537e-06,0.106145786603579,8.56530726476403e-08,0.884258068922066,5.1080910609997e-10,6
"20062",0.0106293123863002,1.046819636814e-08,0.0129005054333828,0.000808157619662819,9.77965834935966e-07,0.975661035774516,3.52107220980024e-10,6
"20064",0.00412625257499232,1.01879518750392e-08,0.978174795414968,1.8725788566151e-12,2.30636214197864e-07,0.0176987111840014,1.07435590337562e-17,3
"20066",0.256522572610384,9.76173870196434e-34,0.74347741242941,1.78739872554589e-66,1.18264310616664e-08,3.13377576641747e-09,1.05521285119145e-30,3
"20068",0.00209835074726847,1.1319138499633e-11,3.91251078339249e-09,0.719339231784517,1.86904996601883e-08,0.278268989826908,0.000293405026976877,4
"20070",0.000810317752159673,4.23946452175139e-19,4.0568466184671e-06,0.00517425416676355,0.00590345853755109,0.988107912627394,6.95134744326786e-11,6
"20072",0.560606673588728,8.29701411817597e-51,0.438512178547622,1.77671445267205e-48,2.143749358498e-06,0.000879004114099247,1.92325620546828e-13,1
"20074",0.014407753061013,0.985578030356734,6.30280904940451e-25,1.00812327264246e-20,3.58081982520208e-11,4.83662588047967e-17,1.42165464451398e-05,2
"20076",0.919992420487112,0.00349511817249265,1.72295359981829e-05,3.84384213708595e-13,1.12182773408165e-11,3.75873914621051e-05,0.0764576444013324,1
"20078",0.00697212904714943,1.4644553610581e-14,0.992406546230551,2.38095408309209e-18,6.43931890626515e-05,0.000556931533221774,7.69277936847796e-19,3
"20080",0.00515768214240495,5.59766881081936e-38,0.994788418303836,2.03656699817807e-59,3.17200975278314e-05,2.21794562313687e-05,2.62109035226848e-51,3
"20082",3.77829604594718e-08,4.77206698453324e-55,4.68808821979232e-06,1.93487023812919e-54,0.99999527410264,2.6179845631802e-11,1.09454232509257e-72,5
"20084",0.0585267876100787,1.87808680815566e-08,0.940724745163036,2.32579826667038e-22,0.000746726732169347,1.7217138475982e-06,7.45187604212657e-24,3
"20087",0.029074671118577,2.09971226376792e-29,0.968405814107292,1.59977100145308e-22,1.23431399252619e-06,0.0025182804601322,6.44978256468094e-15,3
"20090",0.0106027825997705,9.9034166901697e-38,0.984076315633823,1.86155993521714e-58,0.000634920043909899,0.00468598172249624,9.69756918772715e-58,3
"20092",5.96083403456102e-06,1.0137286570363e-64,3.00869089324782e-07,1.8024582402134e-30,0.999934293433786,5.94448630897385e-05,1.78302910081111e-20,5
"20096",0.00239014894967843,5.14684552134403e-19,0.000173581519975581,1.35778010808803e-13,0.995997651792828,0.00143861773738193,7.21541859027666e-22,5
"20098",0.00158610216089451,0.66301195799891,2.10689866072169e-05,0.147380919419746,6.10860164430931e-05,0.187938865333991,8.34081559109695e-11,2
"20101",0.0314123677895779,5.61757919960313e-16,0.968012131837043,1.37881492747004e-43,0.000567023854488863,8.47651888914308e-06,1.77124191770714e-36,3
"20104",3.72522063848226e-08,7.42404900783142e-46,1.70211981139607e-21,1.30046575959992e-21,0.999999957253117,5.49264744320273e-09,2.02902443053034e-12,5
"20106",0.0048274449207413,8.6237438213257e-15,0.964194449197205,8.3221801156663e-31,6.39506625913833e-09,0.0309780994869791,2.10736763361554e-30,3
"20108",0.00558652071657224,0.000180032138338726,0.0038717429907364,0.74069348202829,1.06624203603363e-06,0.249632237687092,3.49181969349721e-05,4
"20110",0.266254080326981,3.06839651519006e-07,1.25447226958267e-05,7.30055411580908e-12,0.684696873888331,0.0490361942150401,2.13544447173001e-27,5
"20112",0.0116072147536958,3.04145895621848e-20,0.830213508116069,1.55080271829219e-28,0.00213952660507563,0.15603975052516,1.44578986928397e-38,3
"20114",0.0392679747182433,1.3290708277211e-06,0.960646849671435,8.33816740108506e-16,6.18035964661395e-05,2.20429430267863e-05,2.74413804313709e-17,3
"20116",0.0675902697198393,1.67877244752714e-07,0.932191566179855,2.9651716014932e-22,6.39519626775131e-10,0.000217995577352941,6.18897851891207e-12,3
"20118",0.00223353772349984,0.00749119333400727,0.807403497166846,0.00207935809450678,6.28557620103991e-05,0.180729557918358,7.71233299330323e-13,3
"20120",0.11981827297831,7.94723306769443e-15,0.656047416874705,3.19816841277487e-29,0.000969361096540917,0.223164949050437,1.22195576328706e-44,3
"20122",0.00285021755189704,0.997148450786264,1.93343183690348e-11,1.61364192542621e-09,6.21304109521791e-11,1.11275941456119e-08,1.3188391381e-06,2
"20124",0.050514430253415,8.40406602839916e-49,0.939052666059328,4.42310273144095e-52,0.0104293235637617,3.58012349509672e-06,5.00726918287701e-31,3
"20126",2.74871959770665e-07,2.31142993977118e-70,1.21795881353087e-11,6.28224603326472e-80,0.999999725115861,1.53981706257857e-17,3.09087251919888e-47,5
"20128",0.000459326172892365,5.32764291672898e-84,1.27729274553671e-05,4.39240490284253e-119,0.999527900899652,2.01114457725457e-19,6.72997077865477e-69,5
"20141",6.97236097060505e-08,9.95550269328728e-24,1.5171433804631e-14,1.01861139483621e-12,0.999991445417669,8.4848576872183e-06,1.41244875365027e-17,5
"20143",0.999252243690649,0.000700973102336368,2.42928194494853e-20,8.87925841057509e-36,1.4184880418397e-07,2.96670687714275e-15,4.66413582074525e-05,1
"20145",0.00328213287355934,1.33185696254356e-16,0.843495485900746,1.12680576691566e-17,7.19385792358338e-05,0.153150442646458,1.3348494702056e-34,3
"20147",0.00368909709165431,3.58850961026939e-15,0.980626320846683,7.09309480859617e-21,6.25049501405416e-06,0.0156783315666454,1.91516325241729e-23,3
"20149",0.00969921642380567,0.990297157582964,3.57626116804395e-13,3.25258642459872e-06,3.63587986271986e-07,5.30395024907144e-09,4.51451170011125e-09,2
"20151",0.00143613340442258,0.34009185147502,4.68314906731829e-05,0.604390748021485,2.35828888469362e-07,0.0540341994498758,3.29635170543118e-10,4
"20153",0.047496929689315,0.814032354953086,1.00524478437719e-05,5.29612433347748e-09,0.130506238982209,0.00795441863142124,5.40507770507894e-26,2
"20155",0.00812157059112022,1.22545851907817e-26,0.774487938426333,1.24347249852649e-36,1.3752155835878e-07,0.217390353460989,2.39413564274625e-28,3
"20157",0.050411434888651,0.915875932282143,9.96064579678314e-08,0.0237161120058123,6.56857183909089e-07,0.00999576435198341,7.76845227154444e-12,2
"20160",0.000272834317756292,0.999727165199482,8.58050016626208e-19,3.08495826709974e-17,4.81095064741002e-10,3.22754617136588e-16,1.66623745428501e-12,2
"20162",0.000337205372466411,0.999631604137974,5.75227310458724e-16,3.11329309257213e-05,1.17446709648131e-09,8.47492486590357e-09,4.79092413202211e-08,2
"20164",0.271058371030974,0.72857842856093,5.5575272431293e-08,2.14015302613917e-10,6.13301618507258e-05,0.000301814456062366,8.95660498811384e-13,2
"20166",0.997084404044452,6.56517864674095e-23,0.00291559592111295,1.13724780884225e-59,3.30958415281893e-11,1.33784640467784e-12,1.14019619515957e-15,1
"20168",0.999883791057465,1.20743898359462e-28,4.399486901218e-15,1.58351647155206e-55,2.32590450214353e-14,7.14275274223757e-21,0.000116208942507365,1
"20170",0.000205299099668536,0.998911794694127,2.89653451473543e-07,0.000443037703581283,1.13347076706861e-05,0.00042824398421994,1.57281554712905e-10,2
"20172",0.00182867835309097,1.35898044497761e-30,0.867924168534504,5.78320986657274e-21,6.30581637639056e-05,0.130184094948641,1.44262363580195e-27,3
"20174",0.00804046785326678,0.00447814125027875,1.64320999765496e-14,0.796370996437973,2.88665678354561e-09,0.00149374469025456,0.189616646881553,4
"20176",0.986048523071521,2.20906866314747e-29,2.86785874545999e-11,4.06679055749556e-40,3.94444236590056e-08,2.64364777669795e-10,0.0139514371910116,1
"20178",0.000434996832841633,0.999565002026556,8.78937086426794e-20,6.6598988503873e-19,1.1406012302113e-09,3.25382048873383e-17,1.05689095154138e-15,2
"20181",0.284180667295833,2.38274179289438e-16,0.71581927163852,1.87923230743559e-45,2.72024869054594e-11,6.10384442593028e-08,5.75587237930159e-22,3
"20183",0.000378598060592806,5.96153379132576e-16,0.000464891527109483,0.071252427578574,0.00136774220986883,0.926536340621678,2.17645011388064e-12,6
"20186",0.00385026834883416,7.74807296918677e-44,7.36333851295453e-05,5.35963711914789e-12,0.000951264569395394,0.995124832374807,1.31647459382386e-09,6
"20188",0.00226197243700328,0.99773802534011,4.52170489257245e-17,1.66211946847263e-15,2.12108097038074e-09,3.47560735472794e-12,9.8328562611258e-11,2
"20190",0.0106559389606237,4.35927507933618e-31,0.989263401860135,3.64856479049365e-49,6.37845363879717e-09,8.06528007875766e-05,1.06480249454963e-31,3
"20193",0.999999984563372,5.46705559434053e-09,1.87822596439115e-14,6.41400106539111e-53,2.23765887202533e-09,2.7218713163454e-18,7.73189488910505e-09,1
"20195",0.178884871033838,0.763111762622602,0.000501050549164848,3.76137869155362e-12,4.25452430934881e-05,0.0574597705469526,5.87397428332001e-13,2
"20197",0.0031218217566878,2.57844729523795e-26,0.942681142603759,1.45994816739508e-24,3.91108401111937e-05,0.0541579247994421,4.16916960031082e-26,3
"20199",0.00148072577422742,0.998501908588536,1.44800071547705e-12,6.6375697346266e-07,1.83127808365269e-06,1.48704864043483e-05,1.14326853411732e-10,2
"20205",8.01364877283698e-09,2.16534795214685e-63,4.91028672041654e-10,5.40242122104467e-48,0.999999843779686,1.47715636395345e-07,2.09002022233589e-66,5
"20208",0.00485846322737198,0.0050361512127435,0.000682793888328181,1.36101162511529e-05,1.40381947744066e-05,0.989394942692201,6.6832934415003e-10,6
"20210",0.000185388115520404,0.999810403528524,6.66128162370876e-14,3.86297595167232e-06,8.38940829718477e-09,3.33246836238592e-07,3.74369286899842e-09,2
"20212",0.0148586889257802,0.974910009504508,4.90518812049994e-07,1.09510902345797e-05,4.2940174661617e-06,0.0102155659427807,4.17771715795563e-13,2
"20216",0.0562600159371751,1.02046109592825e-17,0.911415211370761,3.77637272607585e-25,1.94245485716997e-09,0.0323247707496093,2.85954303638736e-23,3
"20219",0.00711328232637875,2.87410786091262e-21,0.791857441237652,5.84509927245994e-25,0.200884840696953,0.000144435739016037,7.53218635688564e-41,3
"20223",0.998253374206709,7.59677709767452e-82,0.00174381595610805,9.51593981537701e-91,2.80975663131762e-06,8.05515504394684e-11,1.08732472045582e-25,1
"20226",0.0262931529539857,3.16297994966429e-11,8.19333758537892e-05,3.3259479594055e-15,1.69160112472314e-06,0.973623222037403,3.63759745819347e-24,6
"20230",0.0118587580889085,4.7246500641709e-40,0.98813316435787,5.77482890591045e-58,6.31118374667611e-06,1.76636947462643e-06,5.51797230648319e-37,3
"20233",1.15080525285286e-10,5.1868852293269e-47,1.49735781289328e-23,4.4591634568565e-29,0.999999999884875,4.40556224916679e-14,6.71169009542861e-40,5
"20235",0.467529366162841,3.15517579448836e-66,0.0389804419205391,2.39905223083824e-58,0.493382122895911,0.00010806902070909,3.17867757236387e-28,5
"20239",0.799292429873046,1.06177231960925e-36,0.191636264682186,8.92339333734894e-29,1.07602710886013e-08,0.00907129466216852,2.23276821225911e-11,1
"20254",3.1608418682334e-07,4.64382973750244e-59,1.80978468216657e-05,5.24366600880627e-65,0.99998158596986,9.91313824628143e-11,1.08788713509836e-75,5
"20256",0.00620506361964058,7.12358327843747e-43,0.9935886791803,2.85628568887899e-41,8.19390310579926e-05,0.000124318169001313,9.71547183151925e-24,3
"20262",0.000194419654677266,0.992507704359332,5.64909036300723e-08,0.00697244304102681,2.65137460898652e-08,0.000325349634877716,3.05435998415868e-10,2
"20270",0.956133242758419,2.10058222285189e-21,0.0438664336135943,4.52220172853736e-37,1.98189386166583e-11,3.23608167230184e-07,2.48083167478473e-16,1
"20284",0.00582021066757077,3.82889246238442e-26,1.10448211424511e-05,1.47172456253939e-09,0.713613579077867,0.280555163961695,4.16894817884537e-32,5
"20287",0.0578760083261412,1.66791516678412e-61,0.942123853020174,5.38557293113283e-83,2.49563798434307e-08,1.13697305058352e-07,1.17688734911816e-41,3
"20290",2.20984178436005e-05,1.71870622912577e-29,1.48763007001419e-09,2.27061567578873e-31,0.99995941500298,1.84850915462052e-05,1.99442948630745e-58,5
"20293",0.000469260610520346,1.65051589310252e-17,0.948901132409921,2.17356202651603e-12,0.000703255286983235,0.0499263516904025,2.22280859138197e-18,3
"20296",0.386462269412613,0.14939012636594,0.00568842776873165,8.74410944220597e-06,5.90939433144907e-14,0.00478803270423423,0.45366239963898,7
"20301",0.925836845292262,2.03325979855559e-40,0.0741599095970558,3.32123114995489e-106,3.24510958644176e-06,1.09623486698398e-12,3.13336786942391e-47,1
"20304",3.77860549162325e-09,8.38977380913641e-55,2.49890952797953e-06,1.75480477738427e-49,0.999997497202599,1.09267150948922e-10,3.96643793960076e-62,5
"20306",0.0184367685718976,8.31156074842689e-53,0.97965198633432,1.01712547461968e-53,0.0019108660684431,3.79025338848012e-07,3.01832196052228e-39,3
"20309",0.000226456815758789,8.21113153825453e-17,0.024487368747031,1.91201134249832e-16,0.000448473315492491,0.974837701121717,3.36913833717166e-27,6
"20311",0.112321925735428,3.0512833438443e-16,0.887669750282155,2.38341304114254e-28,1.54462006231194e-06,6.7793623543277e-06,2.29886050863718e-19,3
"20314",0.000632834202419797,0.29861846964897,0.00273501883035202,0.57850896498598,1.5429496536594e-05,0.1194892828356,1.41906424147959e-13,4
"20318",0.999948250569512,5.17473025546788e-05,1.20482694755719e-12,3.13005450145095e-33,6.98355141694791e-10,1.8442812552069e-16,1.42837325832906e-09,1
"20320",0.150363600265086,2.70489250164492e-15,1.17783608869368e-08,1.82238224609006e-11,0.00240910188732297,0.847227286051004,1.24711998266438e-19,6
"20326",0.00142247583436206,0.0361751987680249,0.0691733628816418,0.47181953307658,0.00236739205248602,0.419042037386807,9.77910270415886e-14,4
"20328",0.00399182625628898,9.0435400954004e-30,1.02242006679976e-06,3.43311700170944e-11,0.00232291465767544,0.993684236631638,7.59525430127565e-20,6
"20330",0.672382708349886,6.07589331479288e-35,0.150149130533592,1.67928330924208e-38,2.43251261871968e-05,0.177443835990336,2.06723504035616e-27,1
"20336",5.03560106411721e-07,1.93802650177425e-39,2.15690048788896e-05,4.94275979502615e-18,0.998215295804968,0.00176263163004652,2.40721644630147e-40,5
"20338",1.01467316778722e-05,2.79735849888367e-25,0.00223260886446995,4.89634104752521e-30,0.997742001261049,1.5243142803051e-05,5.4112407230954e-44,5
"20340",0.163643967835955,2.16885310872241e-47,0.836344247969299,1.77600542802701e-61,6.87654044870012e-06,4.9076542973292e-06,5.34143248645939e-40,3
"20342",0.00163744754706007,5.33324692739357e-50,7.07581309616584e-21,1.4831607163179e-70,0.99836255245294,3.54291015669335e-21,1.10759967734411e-39,5
"20344",0.00338658671215696,5.99182350531175e-33,0.9960885271489,1.0839931994893e-31,0.000372041736423254,0.000152844402519823,1.32131835386396e-28,3
"20349",0.0112254211592319,3.14234407377012e-45,0.988756141850305,7.48764842381516e-45,1.7678251838878e-05,7.58738623891146e-07,2.79236823276654e-28,3
"20351",0.0039233146324838,8.88972200707761e-17,0.00874593895433333,3.74411889535115e-17,0.000153479925929333,0.987177266487253,3.71306779304367e-25,6
"20353",0.0370382360243331,1.14972150431642e-40,0.343738998896594,1.18264796213543e-47,0.0472945526027976,0.571928212476275,2.53562717169532e-42,6
"20357",6.23486494830627e-06,3.87096172752625e-75,9.79095626039175e-09,3.00529577262805e-56,0.999993674220965,8.11231308481354e-08,2.8170113764091e-67,5
"20360",0.158191573292137,2.52035699000466e-63,1.6357343748797e-13,3.14114268769281e-65,0.841808393903923,3.2803776635129e-08,1.35297457158057e-33,5
"20364",0.00297691202710542,5.29614356398511e-19,0.24378665488801,1.43551185479062e-18,1.62353026813675e-05,0.753220197782203,1.09291453738645e-33,6
"20366",3.01352415972918e-08,1.117999468735e-42,1.9514428017994e-11,2.00144840662946e-26,0.999986131981704,1.38378635398899e-05,5.70280835203664e-45,5
"20381",0.310773298003534,2.17707388567666e-11,3.40070533043748e-18,1.08632628635431e-14,0.000189472152328726,4.92083796951654e-11,0.689037229773147,7
"20391",0.992161443192903,2.14968985937064e-65,1.28086977533117e-05,4.90773905490594e-29,0.00150404161027391,0.00632170647268341,2.63869811425831e-11,1
"20394",0.028803741342596,1.65825795455845e-09,1.71283588357754e-05,0.0231099972140217,1.28812873673904e-07,0.947749345446576,0.000319657166838842,6
"20396",0.00385031518205529,2.9837393030445e-05,2.11376328424093e-19,4.80133292355502e-06,1.53558160547971e-10,6.77597771953919e-05,0.996047286161237,7
"20409",0.120055878756109,6.18034308492917e-06,0.879874852984599,5.82965845744756e-13,6.81001010740633e-06,5.62779055171624e-05,3.34573189438261e-18,3
"20411",0.000339765859481561,2.65320693903747e-50,0.831270160002582,3.3412540717769e-38,0.164236991953222,0.00415308218471437,5.51559490535891e-41,3
"20416",2.72722645947955e-05,9.9463816731738e-99,7.20079749291578e-06,3.18257510077114e-104,0.999965526937893,1.87879719826704e-14,4.24469406879479e-77,5
"20418",0.000935048817444413,0.000545777403954371,1.27810058501921e-20,2.79989599009841e-07,1.09511163790676e-10,8.13898310692145e-07,0.99851807978118,7
"20420",1.85141540506797e-10,3.21181188414331e-39,1.01050840139615e-22,6.2198406061399e-22,0.999999995873228,3.94163024899459e-09,3.38927508090722e-35,5
"20422",0.11642700555002,9.90949136744795e-26,0.869187711513673,1.766397568287e-47,2.01305343008861e-10,0.0143852827350015,6.55897305259528e-39,3
"20424",0.00773768890620112,1.36012662792581e-44,0.867650347399411,2.2534640198189e-38,0.0100070825157987,0.114604881178589,2.93628164471884e-41,3
"20426",1.42289107682493e-08,1.91923301514071e-39,5.79771461616584e-24,1.30121902968953e-59,0.999999985771089,7.48663832524398e-19,5.24118463822054e-68,5
"20428",0.0236657516832083,5.63788102674367e-21,0.90406350819991,1.02355034239315e-17,1.42485921808621e-08,0.072270550813236,1.75055053605059e-07,3
"20431",0.0239215606796906,3.79129356957399e-06,0.000119514511168704,2.08052784956667e-19,0.00190113600879817,0.974053997506773,1.16599091313949e-27,6
"20433",0.986845637731486,1.1952547994386e-61,0.013154339419602,3.76789223549259e-84,2.28338587272808e-08,1.5052772688177e-11,1.35341099393493e-23,1
"20436",0.997342142284257,1.28532838689774e-34,1.76134594226887e-08,1.29747636858836e-53,6.22147583480916e-08,4.72805167258253e-12,0.00265777788279699,1
"20439",0.0286573523857365,0.000100726286756169,2.5415063505556e-13,0.923946251276761,1.38908032519497e-09,0.000440640264164877,0.0468550283972471,4
"20441",1.4806914587663e-06,7.43410141136834e-45,1.35094727729967e-09,4.08971179138146e-41,0.999841148620024,0.00015736933756975,6.30875427973844e-58,5
"20444",0.000760347388662918,0.999239651074556,1.15044838774793e-18,8.15751926425642e-10,7.133925184197e-10,2.16306735141904e-13,7.4196641595665e-12,2
"20448",0.00142521858275325,4.43481614007655e-08,0.00082727031390478,3.78371070369385e-10,0.997026299765886,0.000721166610861599,6.19148487571268e-14,5
"20536",0.00681727990678079,4.38634692561603e-20,1.55728890823219e-10,0.000108014191445038,1.70996977827656e-09,0.0974152976693483,0.895659406366727,7
"20538",1.57644030049164e-07,1.59516158389298e-46,0.000924614896845844,9.69446770606866e-25,0.999070657083446,4.57037567854755e-06,2.23456013352214e-29,5
"20541",0.0093084252158982,1.53417591140644e-48,0.985767749111836,1.18162595903326e-57,0.00488413427515824,3.96913971073909e-05,4.77330430609398e-59,3
"20544",0.00162265333936583,1.79154733355491e-12,0.940084950493622,5.20689035634742e-12,0.00013182351849707,0.0581605726415162,1.71125928055105e-16,3
"20546",0.00707421379548965,1.46439101434328e-39,0.945463003317463,9.84398195214342e-29,0.00013624833167859,0.0473265345553682,6.44195094605284e-37,3
"20550",0.12179580955947,2.58668531838341e-18,3.11499152887356e-06,1.53107893722458e-25,7.32673381482496e-07,0.87820034277562,1.10464866935908e-23,6
"20553",0.000610624562986333,2.66258288100723e-79,1.34117257779931e-11,4.48414999752406e-144,0.999389375423602,2.58536506879097e-28,7.23751478521577e-82,5
"20555",1.0049738962682e-09,2.69959396875106e-62,6.53840477038771e-22,1.44598755479668e-30,0.999999997724492,1.27053405903274e-09,5.10040135665287e-41,5
"20557",0.00130595246902483,1.9275264236675e-15,8.8849082549987e-05,8.8616623360919e-20,0.0105527001940111,0.988052498254412,1.44001225754297e-37,6
"20559",0.00768169446375614,2.97966031777447e-18,0.988798847339429,1.15537764959336e-26,1.85627158139454e-07,0.00351927256965691,1.58435168794281e-28,3
"20561",0.0014228863738585,0.995252965641177,1.01784239018737e-06,9.54236806121564e-05,2.45402607252598e-06,0.00322525170474445,7.31144914956668e-10,2
"20564",0.000434996832841633,0.999565002026556,8.78937086426794e-20,6.6598988503873e-19,1.1406012302113e-09,3.25382048873383e-17,1.05689095154138e-15,2
"20566",0.00691600539093318,3.3153304253846e-14,0.791839506519976,7.38680252097701e-17,1.26727802841806e-11,0.201244488076303,8.12069742370497e-14,3
"20569",0.00187300453248052,0.995305705949983,6.26579556962719e-11,0.000233365080356831,5.12938006425265e-09,0.0020936176232829,0.000494301621858942,2
"20572",0.251096287699853,0.524572211911783,5.08145428461499e-11,5.00694211506125e-10,1.00004291131879e-09,5.21954053982669e-06,0.224326279296273,2
"20574",0.00510823653066264,2.98613093722454e-20,0.993071727535299,1.9833337704725e-35,0.000706115347531174,0.00111392058650716,3.03111321201562e-40,3
"20576",0.00128625070143048,0.998713744318715,3.60496018608366e-14,3.11543854111863e-16,4.9575709250293e-09,1.62820808347142e-11,5.96530230791492e-12,2
"20578",0.00599957397188493,2.47910098527582e-07,0.429207933582198,5.25069883848123e-10,1.22415839199503e-06,0.564791019852356,1.55187105768417e-17,6
"20580",0.00687676960911513,9.24615040288442e-14,0.974271443932512,8.66039982668018e-11,7.71717518019711e-09,0.0188517786538527,6.4837115900917e-13,3
"20583",0.000485056184045049,0.999514942515973,1.49353494127794e-15,7.39314421216072e-15,1.29965849285176e-09,2.95162861880225e-13,1.93153333351145e-14,2
"20586",0.0101906441418552,5.55461934447023e-26,0.717154434495272,2.99709864138454e-15,4.97000169225112e-06,0.272649951361177,4.17935492894354e-22,3
"20589",0.00824359835420625,2.22121507755088e-47,0.990648368446864,4.41723260274646e-46,5.27269398138545e-06,0.00110276050494827,2.7128942334022e-28,3
"20591",9.31001259397634e-05,7.42964953467314e-33,1.30407656800972e-11,3.184686937732e-13,0.600619307516256,0.399287592344445,1.48913852581335e-23,5
"20593",0.0729245670230347,1.54345999929469e-49,0.92707500149858,4.79087855095672e-91,4.02382296296102e-07,2.90960890599638e-08,6.44456075256605e-42,3
"20595",0.000797907752966084,1.26795615433315e-15,0.971330370451465,7.97829051688529e-22,3.97935434844146e-05,0.0278319282520829,1.60708181705852e-27,3
"20597",0.000240562557016096,1.42084355051146e-25,4.17953615262934e-22,1.02826431611147e-11,9.60457092461352e-11,5.19406007199421e-08,0.999759385396055,7
"20599",0.00122157879563404,0.998778420822424,4.91423448893794e-18,1.21278045950909e-20,3.66304629943571e-10,3.05583334908689e-16,1.56367637879043e-11,2
"20601",0.000601640167452738,7.51102177197839e-08,1.9387611155866e-05,0.809576444281942,7.58063359844046e-06,0.189794871844928,3.50705210352635e-10,4
"20604",0.00916098963043373,2.86170478833638e-29,0.990833973747871,9.07711482930039e-56,2.79100047787442e-07,4.75752164722207e-06,4.03580457184878e-39,3
"20606",0.00980011403580708,8.75520322898898e-36,0.990173199238714,9.23099808383053e-50,1.33821206538045e-08,2.66733433580874e-05,1.24007231601956e-35,3
"20608",0.00461990577744479,7.63614277388617e-29,0.961467677154861,4.60844573025288e-38,9.68391972993865e-10,0.0339124160993025,1.75085974891354e-22,3
"20610",0.0100809222350493,0.989917469073352,8.65346245773329e-12,5.02184157068491e-19,6.23368759146569e-07,9.85314173143914e-07,1.25943335201908e-14,2
"20612",0.989176153753512,9.76863594728374e-59,1.92811492492899e-15,2.97581844729815e-66,0.0108238462464862,1.31488494023868e-21,2.7018240762139e-20,1
"20614",0.000938294135747107,0.999054330782455,1.39501446930338e-13,6.81916456915503e-06,2.70763238983665e-08,5.28839868741396e-07,8.96696287235981e-13,2
