"","V1","V2","V3","V4","V5","V6","V7","V8","V9","best$classification"
"19811",0.00202454532825436,0.000384434036783934,3.66364039134254e-07,0.000409018157691308,0.949132299252274,5.23252755415405e-10,1.65375438358366e-05,3.20771097795296e-09,0.0480327955861572,5
"19813",4.90864976773207e-07,7.35564171820593e-07,9.15521758556077e-09,1.20615483198452e-08,5.99676678733776e-06,2.81886341478291e-12,4.19475529672059e-08,1.76122966514301e-08,0.99999269602463,9
"19815",0.0339973808059082,0.00638822665598498,0.00012846827261808,5.13266343578675e-06,0.958187764246168,3.13133819850776e-05,0.00126066157197926,2.9099168726128e-09,1.04949200331144e-06,5
"19817",0.00427792015528821,0.00362629310012642,2.45701121514018e-06,0.000336146799908685,0.991677228025367,2.34492255993913e-07,7.53797636226126e-05,2.1352106428412e-10,4.34043869420734e-06,5
"19819",1.38341964467542e-05,0.0552594360750404,0.278799084012061,5.72221674268723e-08,2.00630297246451e-06,0.661939252803515,6.40311921778663e-05,0.00392229816593132,2.96871232741441e-11,6
"19821",0.000519237618234063,0.00462508444670717,3.79241335966353e-05,0.0136939606439894,0.966810264847452,6.29052988612378e-09,6.17479975856125e-07,1.17201772657585e-07,0.0143127873377425,5
"19823",0.000432308114839208,0.00180305913330061,6.58987079720906e-06,5.13917612205416e-05,0.426670724187899,0.00111972449869247,0.569915397914513,8.74502043070168e-09,7.95773718157359e-07,7
"19825",0.00233419530739798,0.00638181364086298,0.0100120687383267,0.535578580456691,0.000393207739770581,5.52398514698198e-05,4.09526437622237e-06,0.443858604942176,0.0013821940589288,4
"19827",5.56148422804909e-05,0.00447778644162985,5.00614905269894e-06,0.376533198714515,0.618733287872058,3.61129252528479e-06,0.000191198811339616,7.30673268896197e-08,2.22809271380322e-07,5
"19829",0.00014202093351115,0.909536291764699,0.084809705088007,0.00317425356873817,0.000202256068691071,8.77688132045367e-05,6.0592649789043e-08,0.00204689427485915,7.48895640481597e-07,2
"19831",5.21143381626051e-05,0.784310967308174,0.0995002818101318,8.51716812495062e-08,1.5614876568162e-05,0.0987243372413782,0.00276887771109306,0.0146275637927834,1.57750027143255e-07,2
"19833",0.00131576319014337,5.48356210607387e-07,1.16687719444148e-06,1.08549802522525e-05,1.38088892900576e-07,0.118338162432716,0.878738466853081,0.00159430979021642,5.89431292685939e-07,7
"19835",0.000519237618234063,0.00462508444670717,3.79241335966353e-05,0.0136939606439894,0.966810264847452,6.29052988612378e-09,6.17479975856125e-07,1.17201772657585e-07,0.0143127873377425,5
"19837",8.31364203634794e-05,0.0265229090172081,1.43206588074149e-05,0.0208866212230841,0.952477250344014,3.25988850685846e-07,1.3533679562809e-05,8.51108894920326e-09,1.8941570200204e-06,5
"19839",0.000782439120178041,0.36567503976444,0.034724314572082,0.00920537583548163,0.00042194979296344,3.56131555178423e-06,2.86230917414003e-07,0.58881417770211,0.000372855666276172,8
"19841",2.47693719606867e-08,1.81314884415447e-06,1.85762852215763e-07,0.999730639692725,4.1025257742106e-06,1.15102408884407e-09,1.10418702032824e-09,0.000248841743180027,1.43901020413423e-05,4
"19843",0.00307831687527973,0.0171187740799637,0.554921484932681,4.53595442147967e-09,1.71279677837039e-06,1.89964655109101e-05,3.40410093706921e-07,0.415692273275119,0.00916809662861906,3
"19845",0.000107006449900145,6.45524616047208e-06,3.24716975422506e-08,3.49274147445942e-06,0.0367942588501308,9.11023911776523e-11,1.03196220838316e-05,5.75858638759077e-10,0.963078433951592,9
"19847",0.0371594829299111,0.0410228529302905,0.000477644329430048,6.56504995494402e-06,0.912304273624464,2.37034831182773e-06,0.000591565344882745,2.13129834578186e-07,0.00843503231292049,5
"19849",9.53374905167582e-08,6.34552145936977e-08,7.28833455108341e-10,2.95782100451392e-08,1.85438584776425e-05,4.92561493336981e-13,4.61173656230298e-08,1.75063757335765e-09,0.999981219173278,9
"19851",0.00114405155658113,0.000467499955668143,8.82411033588717e-07,1.27649638085533e-05,0.998122802716394,1.33913119914815e-07,0.000239661562883701,4.87174933674258e-11,1.22028717935908e-05,5
"19853",0.000112162254718575,9.70288808448124e-06,4.18939425638546e-09,0.000162758019356317,0.913252446115929,6.63090214461497e-08,0.0733511166543029,4.29809459731622e-11,0.013111743526212,5
"19855",0.000180688990706277,0.000252640759475901,2.27043848042997e-08,0.00193851489973389,0.996504673659766,1.07388934004733e-08,0.000360550965483944,2.46334597265867e-11,0.000762897256922146,5
"19857",0.0114383462566505,0.306697280609886,0.000213350498719624,0.0138404338167421,0.650145431194505,4.08945517045341e-08,3.66405195082523e-06,6.90317034851355e-07,0.0176607623599593,5
"19859",0.00401806427063275,0.0548534825910889,1.77485505593561e-05,0.0100215026336873,0.930573813558662,3.55734693243294e-06,0.000502642400758188,3.41197242889582e-08,9.15452795434782e-06,5
"19861",0.00069653261070003,0.000290578283674485,4.71229729801432e-07,1.37726847214833e-05,0.838110714368212,2.07867610784111e-09,0.00011877878510873,1.42896034326618e-09,0.160769148530218,5
"19863",2.88089940748987e-07,4.31519565724938e-08,5.28301368925152e-10,0.00562656882514073,1.19685543012272e-05,1.6170250119221e-12,2.44368333548558e-08,3.07834538232436e-06,0.994358028066527,9
"19865",2.67425338521293e-06,5.02547125032691e-06,2.13240337361392e-08,0.998739167988706,0.00125266203473693,4.95228344204956e-10,1.19097431870973e-08,2.73107229084733e-08,4.09212193404838e-07,4
"19867",0.0147282320793754,0.00200063928419128,7.00458620209194e-05,8.63848657950012e-07,0.97583575472279,3.36697340382326e-07,0.000236550480153586,7.50430112186734e-09,0.00712756952116891,5
"19869",7.31682715857099e-07,6.20149090000295e-07,7.80716518497249e-10,1.32723160909046e-05,0.00356360334899437,1.0553753417792e-12,3.23749417481119e-07,2.27198519389079e-10,0.996421447744721,9
"19871",0.00108710137298636,0.174268344348288,5.15293228397682e-05,0.0354222784917171,0.789031607924382,6.31395369462088e-06,0.000131583473595489,2.87924754978001e-08,1.21232002139068e-06,5
"19874",0.000451236540526452,9.31627985585113e-05,1.18021641086572e-07,0.802384109616158,0.197033088606203,8.83442890790539e-08,3.5956480424658e-05,1.55632084096282e-08,2.22402899156639e-06,4
"19876",1.7464453201136e-05,5.31173711104647e-05,1.11549014557299e-08,0.180862659367676,0.818842457437278,5.30309534743143e-10,6.5904563627017e-06,2.41666594536229e-10,0.000217698987494371,5
"19878",0.997720179153106,4.30943688163441e-05,0.00203425514923793,7.39743590221603e-07,0.000148609256523437,1.29959692537412e-05,7.70924124117255e-07,3.79889977273195e-05,1.36643762080042e-06,1
"19880",5.68557007711547e-08,4.41434855861064e-07,2.41714347902121e-10,0.999066955681701,0.000927354945831432,2.46288111867822e-11,3.6979603202599e-08,1.97953619676192e-09,5.15185642832933e-06,4
"19882",0.0102874650490623,5.1447691648311e-05,5.0652296601077e-07,0.00055933479475409,0.690512478485624,5.54097040607653e-09,0.000146862310456305,6.58415423164268e-09,0.298441893020364,5
"19885",0.00993568764207944,0.115863105583304,0.000294003456682627,0.000306139829053343,0.873589254361045,5.17313090938495e-07,4.88033228358339e-06,1.0907451504248e-08,6.40057500917469e-06,5
"19907",0.0148010947685311,0.000445140950448993,1.82919876748049e-05,6.02781069200043e-06,0.900675522187258,4.46339591186062e-08,5.42230483989901e-05,3.2935928188026e-09,0.0839996513194442,5
"19909",1.00426451901566e-05,0.958560446356579,0.0408415549865162,3.95586892738984e-07,0.000522327203959228,3.4277572315659e-06,1.64540492729474e-07,3.86804856148241e-05,2.2960437522962e-05,2
"19911",8.42347305430447e-05,0.984032359752591,0.0105274886024042,0.0026153253543078,0.00103146871052809,5.43611827885268e-05,6.47500833939808e-06,0.0016467270460348,1.55961246329843e-06,2
"19913",1.22522633445512e-08,1.94548656166316e-07,1.32401029548939e-09,0.999993864685899,5.10122011826511e-06,6.06994499523825e-10,1.12100928356495e-08,7.31949359104695e-07,8.2202606782766e-08,4
"19915",0.000145382679507207,0.000187521212338839,1.34299272900683e-07,0.339225188675834,0.66040971264098,6.53115656236073e-08,3.08850732849948e-05,1.12551945784086e-09,1.10898169671418e-06,5
"19917",2.80851065314265e-05,0.000192258740323866,2.54192076878211e-07,0.993080414664935,0.00669623846427048,1.69904467946592e-08,1.10326753468036e-06,7.81613276689866e-07,8.46960604012511e-07,4
"19919",0.0055883533072514,0.00476297100741213,4.49644272079914e-06,0.1321606210539,0.857401989475224,1.16908410506244e-06,7.96186490787382e-05,1.61676697129685e-08,7.64812637991386e-07,5
"19921",0.00721458839679011,0.0018433553365513,8.46294383381941e-06,3.28546707416137e-06,0.990636880340675,9.38500199354865e-08,9.28647027366063e-05,3.63117136131239e-10,0.000200468599202045,5
"19923",0.993792373165308,0.000193853478773944,0.000444671813210654,2.64207104429551e-08,0.00513432219287177,5.85477550565784e-05,0.000370358427145205,3.94184671276175e-07,5.45256225229184e-06,1
"19925",8.94865112064058e-05,6.04451789677287e-05,9.34674442250579e-08,0.951876806704928,0.047969906104544,2.35183568484479e-08,2.89732769199841e-06,1.22963283426841e-08,3.28890532109627e-07,4
"19927",0.000292851220916385,0.00135023424841841,5.90353824392377e-07,7.09641031298438e-05,0.99815311890841,6.12785282993545e-08,0.00011614009777782,5.26773844084009e-11,1.60397363180437e-05,5
"19929",7.92902820330372e-08,3.26798568116815e-07,9.71603691457223e-10,0.587849799033533,9.60358809335407e-05,3.43260644414848e-12,3.98999065609762e-08,6.34421888738901e-06,0.412047373902853,4
"19931",0.00111766163934421,0.0069775684436949,1.78714726372148e-05,0.000385612241196719,0.991342595122469,2.13760891052878e-06,0.000156123942540932,4.33282011752102e-09,4.25196385996338e-07,5
"19933",0.000161850374272642,0.897022377612775,0.0416965142485574,0.000168879850998468,0.0607129030022593,0.000220325831071497,8.51172079915948e-06,8.55173341992678e-06,8.56258466839683e-08,2
"19935",0.0245488037713579,0.16368961312962,0.0123003762570303,0.000760800653390229,0.798038414710313,5.84759695610653e-07,1.73678817656051e-06,1.02832012872636e-05,0.000649386729129886,5
"19937",0.00401734658312751,0.00215999860902937,1.08798071656897e-05,5.60037752102248e-06,0.992655780821195,5.05808951428873e-06,0.0011438444697522,1.95759039140331e-10,1.49104693565129e-06,5
"19939",0.300312473158797,0.00121232554349254,3.8267949361014e-05,0.00075075971943584,0.697634831188833,3.43471028516118e-06,4.47458879604419e-05,2.66515623820454e-09,3.15917667855136e-06,5
"19941",7.56274789359549e-06,0.830625359735525,0.0289566924287035,0.0171146058367036,0.000915300457148812,7.46493911681021e-06,7.02321375066685e-07,0.122312663478883,5.96480546501724e-05,2
"19943",5.41290434286839e-07,2.0823191607452e-06,3.74070457626079e-09,0.999654416163184,0.000342731880574627,5.25541605141501e-09,1.81557412647755e-07,1.22209397214724e-08,2.55721734554311e-08,4
"19945",0.00487819549989363,0.888838360024624,0.0917735153726668,6.93246603984879e-06,0.0137360690450557,0.000666204314854491,3.13891807086722e-05,6.92945961364586e-05,3.95000199543571e-08,2
"19947",0.000179172294894187,0.489812550669103,0.00179012520262058,0.493261467762763,0.00255053648115503,1.18477131389655e-05,8.65375677047563e-06,0.00232252917505536,0.0100631169444988,4
"19949",0.967742925508496,0.00223920377063998,0.012486560093137,2.3687958070904e-07,0.0166904043623999,0.000741863111493357,9.73881390207612e-05,1.25848413756163e-06,1.5965109513989e-07,1
"19951",0.0551930520396802,0.00130209669996755,4.28335377681679e-05,0.739556873217933,0.203885829576275,1.20832480770305e-06,9.51458215393868e-06,4.15916338143346e-06,4.43285803259439e-06,4
"19953",0.00149618595839252,0.0285251109469906,0.0724227756813975,8.02144638259229e-09,0.000153040538237618,0.860800143562295,0.0364929818402443,0.000109743119931021,1.03310649461382e-08,6
"19955",0.359364849688974,0.459644878206474,0.149810670719912,6.11146363902796e-07,0.000233282563385912,0.0206343224968137,0.00138773698035758,0.0089194183553646,4.22984235475451e-06,2
"19957",0.000186645746273723,0.0420336562872374,4.52219018520733e-06,0.909802595987469,0.0424371614572899,4.35128918129408e-05,0.00548049813124652,3.04975363521012e-06,8.35755484984962e-06,4
"19960",0.00413175197902302,0.673012996797737,0.321031616795596,0.00012376289582717,0.000225536811203607,8.25060610021706e-05,1.18218309609569e-07,0.00137251836308802,1.91920782136011e-05,2
"19963",1.87122613639705e-06,8.02986796343554e-05,2.87575798268889e-06,0.844995042521083,9.57277302115026e-05,0.00257956999714514,0.103351231900308,0.0488836975953768,9.68459212308636e-06,4
"19965",0.133869062028363,0.0396479087977888,0.817494392800737,3.15373653051078e-09,1.12712994616269e-05,0.000237997016126595,7.6909649078031e-07,0.00871897856912957,1.96172381654266e-05,3
"19968",3.31997289610457e-05,0.00181874521353002,4.86133339390434e-05,0.754885572547209,0.00947857876165179,2.21391093739685e-10,2.24031526075079e-09,0.000183187225733816,0.233552100727269,4
"19971",9.33685806491713e-06,5.11451309014918e-05,2.00308947191791e-05,0.989498595479733,1.95979572544556e-06,0.00086092621881378,1.41729348698756e-05,0.00954377843978825,5.42473844262134e-08,4
"19973",0.000573931965383878,0.00172266780413568,1.62573173282759e-06,0.00201459522912793,0.995661766111895,6.80461726256794e-09,2.72191329726348e-06,5.81739102753636e-10,2.26838580714437e-05,5
"19975",3.31306053224099e-05,0.000169352721423583,2.73721886937111e-07,0.98114593315281,0.0186382339850956,6.1639246464401e-10,3.46527497228563e-08,1.08421727095653e-07,1.29321225925132e-05,4
"19977",0.000523117113867628,1.14689880354332e-05,8.77054035940707e-07,0.998599053837518,0.000189914341831216,1.57408386209324e-06,2.3264461947771e-05,0.000621559081631872,2.91710372697801e-05,4
"19979",5.10940704743663e-06,0.0581470543924499,0.907005696452663,2.14390422067039e-07,9.76550630991822e-08,0.00359653142826014,6.16045126959809e-09,0.0312452900630035,5.0639424479933e-11,3
"19981",0.000748812864033722,0.632326497116526,0.000193903001270472,0.000123280762979381,0.366120268907274,3.54819834426948e-07,3.50271519129289e-05,8.60331452940145e-08,0.00045176934302341,2
"19983",0.412091789927006,0.265255538443932,0.00165732146992972,1.09793642488979e-05,0.320433278252468,5.83176909275314e-06,9.09560005673199e-05,6.88326786015534e-08,0.000454235940076634,1
"19985",9.72207559212753e-05,4.85625016261994e-05,1.55244364585192e-08,0.805254093100121,0.194575446726326,1.60817192586025e-09,3.89894900940397e-06,1.45434467927201e-09,2.07593800437286e-05,4
"19987",0.000237555071324072,0.452539867021802,0.00142274518312285,0.0212340152790379,0.524539878593626,9.55598949386514e-06,1.31321429679785e-05,1.45687826311146e-06,1.79384036218925e-06,5
"19989",5.21969010880973e-05,0.0158914471233965,0.971241693913382,2.36832648277946e-10,9.61679921625861e-07,0.0121407179651005,3.03852929737657e-07,0.000672678258716309,6.8633013647941e-11,3
"19993",0.738083780246394,0.0418354893214802,0.0593815953478933,0.0106324387137946,0.149668720039921,0.000367951785532738,2.89456992808456e-06,2.68831168022883e-05,2.46858253301752e-07,1
"19995",0.0572828476421414,0.585165176838985,0.238895431257752,0.0039275575041965,0.113805056956616,0.000144769030745989,5.85787801337e-06,0.000769770019227144,3.53287232244991e-06,2
"19997",0.000364509377745352,0.000439961904061163,2.830968474817e-07,0.00363648234747458,0.99549567248184,1.62983146636726e-08,4.42295913489214e-05,1.21788520483065e-09,1.88436844822253e-05,5
"19999",4.2004750872575e-05,0.000168241557788539,1.94701953990594e-08,0.0221710695260882,0.97691541837489,3.60759245640827e-10,6.97414576867046e-06,1.16061319384269e-10,0.000696271697575798,5
"20002",3.69281289998289e-07,3.67737822378788e-05,6.23549972396177e-06,0.472876368630621,0.000255091054181906,3.03022240084006e-08,2.19771453496712e-06,0.0771580488720575,0.449664884863129,4
"20004",9.71655300215163e-06,0.958093070607215,0.0266735375801091,0.000722351571503345,0.0141012044324933,3.35650959843329e-06,6.71508948430475e-07,0.000338837585917839,5.72536512125393e-05,2
"20006",0.396370283867445,0.517393551772183,0.0784429286141543,0.000286092713109403,0.000988889490435392,0.000514535116784437,6.89091867055135e-05,0.00495595590926932,0.000978853329913771,2
"20008",0.86987724769341,0.00207580190461484,0.0754002663712142,2.27994601562672e-05,0.000816918391638437,0.00074650540549909,5.66220893445002e-05,0.0509901402374121,1.36984467104945e-05,1
"20010",0.46566715166123,0.181597861722014,0.310975216098467,7.96053066612187e-07,0.00287615792568677,0.0386756571172308,0.000144891265929278,6.22656274065127e-05,2.52896926457755e-09,1
"20012",0.0020721107702709,6.60631372822934e-05,1.04122843231608e-06,0.810947976512307,0.178385723582645,2.74622710961929e-09,4.77534612747578e-07,9.71466933277786e-08,0.00852650734152952,4
"20015",0.000874039406841245,0.00585924883970128,0.989966824300365,2.32432209371301e-09,4.2648456307335e-07,4.77197829965205e-06,9.79075700635646e-11,0.00329460329494144,8.32730584504969e-08,3
"20017",7.10713038461374e-05,0.0010634183983439,1.04975145351288e-07,0.0101729690179224,0.98636587991203,8.76420419607712e-10,9.14264656471119e-06,2.7205603497539e-10,0.00231741259767115,5
"20019",0.000113982591055098,0.00176322522300738,0.966168351221419,2.9278663564206e-10,2.95396815849915e-09,0.0140392695875572,7.6825283141327e-09,0.0179151604428075,4.87045743141961e-12,3
"20022",0.00479413082195955,0.766147894181206,0.227083177368985,2.08178802903433e-07,0.000343228202085901,0.00159447533074374,2.50602242444946e-06,3.43773552864734e-05,2.53850539883225e-09,2
"20024",0.000101318241812399,0.0051124127658229,0.168491829065419,3.1517199941875e-09,1.91677684944341e-07,0.812862324872238,0.000215423570335607,0.01321649029216,6.36280749841992e-09,6
"20026",0.000101318241812399,0.0051124127658229,0.168491829065419,3.1517199941875e-09,1.91677684944341e-07,0.812862324872238,0.000215423570335607,0.01321649029216,6.36280749841992e-09,6
"20028",1.36496104047241e-05,0.000105365051725385,2.80554115094506e-08,0.0594250807324475,0.940365914369563,2.65137910132931e-09,2.74644577833341e-05,6.77434321631624e-10,6.24943938511969e-05,5
"20030",6.7125399479284e-06,0.325509265611233,0.531026215456069,4.56795767928905e-05,1.71402752674291e-05,1.60193090948595e-05,3.97281459522891e-09,0.143376924113454,2.03914532672097e-06,3
"20033",0.000201773416343968,0.0241772654561715,1.71034651575397e-05,0.179555191087783,0.796023253778082,2.09025377043721e-07,6.35564816830037e-06,4.96382393024294e-08,1.87984846774186e-05,5
"20035",0.000142055717637681,0.00156024722556348,0.978064016218492,2.60979289611874e-10,9.07694849604142e-09,0.0184191669168733,9.2906741261159e-09,0.00181449528082934,1.20025284727032e-11,3
"20037",0.000396417093799849,0.00172759868558163,0.993682734305762,5.4490767060394e-12,1.22872060702393e-08,0.000684197876632386,5.17916476721711e-09,0.00350903390782922,6.58575052786436e-10,3
"20039",1.12612606105067e-05,4.00397513579273e-07,8.33542983054241e-05,2.44411938505322e-12,2.43118896841171e-09,0.998193911721573,0.00170980421038927,1.2656747245271e-06,3.25043911556436e-12,6
"20041",0.980200183751621,0.016106447860707,0.000635560518193508,1.36145687608939e-05,0.00254449697229044,0.000239613735138837,0.000257931582411556,6.95074397711963e-07,1.45593647957459e-06,1
"20044",0.841447602045855,0.129512923591911,0.00597971652793069,0.00120171739432419,0.0172355198111921,0.00341214489719593,0.00119211740448741,8.51613358940563e-06,9.74219351402848e-06,1
"20047",5.32998501559319e-06,0.00416925690111121,0.597428218409483,6.82894091415272e-09,1.35778338141244e-09,0.0576776084919704,3.69673724338436e-08,0.340719541054684,3.63945421336413e-12,3
"20050",0.349510502863418,0.00196733035287078,0.0308687332253931,5.18570536400717e-06,0.000843349595583773,0.615264590638064,0.0015104832793331,2.9824268445227e-05,7.15282048490977e-11,6
"20052",0.0301361333629251,0.150332054103173,0.000669811939957285,0.0278554770789692,0.790079208707155,0.000185873422262077,0.000739110389386999,2.16965303506203e-06,1.61343136403856e-07,5
"20054",0.000148097825106513,0.690983801632236,0.307720221261839,1.01581999076039e-06,2.85485634446261e-05,1.65818352466429e-06,1.14556374014882e-09,0.00111070277255979,5.95279573443976e-06,2
"20056",1.07887354146176e-06,4.77254776048677e-05,3.03167321469773e-06,0.998998095686931,0.00093211420659754,1.63884180625075e-07,1.88534471944561e-07,1.75034304711221e-05,9.82329870017181e-08,4
"20058",0.000121745776105779,0.0176539867871739,0.979160985060274,4.59428236372736e-11,6.14879734029425e-07,0.00248826916088007,1.10328137424667e-07,0.000574286852124162,1.10962835011307e-09,3
"20060",0.00137283065142465,0.00199011311391092,4.06971375173425e-05,9.03403797907204e-05,0.99647513805206,5.2254613886536e-07,2.31343335585031e-05,2.69817297306902e-09,7.22108742631258e-06,5
"20062",0.323282039916677,0.0116962275797999,0.00078863615019835,5.24885101705742e-05,0.664150107522518,2.01781949793429e-06,1.4827733021067e-05,7.96215487016906e-08,1.35751465680718e-05,5
"20064",0.000157788046331499,0.925742146776249,0.0715481111506009,2.99395106717755e-05,0.0024420435993366,3.33550991124964e-05,1.65909598741865e-07,4.6433939628827e-05,1.59684702677492e-08,2
"20066",1.95244458027612e-06,0.0642148240716912,0.866456681439317,2.64684180869863e-06,5.46724171782986e-07,9.38296006900272e-05,9.90712785546711e-10,0.0692293497786691,1.68108359764207e-07,3
"20068",0.0133278602785972,0.000657949195051699,1.71804302049e-06,2.20062189219532e-05,0.984871300817875,1.59881046562705e-08,5.49690187784488e-05,2.6821347531937e-10,0.00106418017143697,5
"20070",0.0245861943676869,0.000668619486789567,3.22777369874249e-06,1.24057215102089e-05,0.961366332740042,3.84350717205615e-06,0.0133265094390745,2.30790319801082e-09,3.28646561226376e-05,5
"20072",0.0102893252937065,0.0749335668926244,0.91015229855983,2.83910477570887e-09,3.47185847536628e-05,1.79882924866962e-05,1.1008046878046e-07,0.00202887903239268,0.00254311042463281,3
"20074",5.44922672662041e-08,4.54846541325255e-08,1.75265179851809e-10,0.999851361787548,1.58665490084015e-05,1.41371338782575e-11,1.40251437585578e-08,4.43343140622774e-07,0.000132214128835666,4
"20076",0.000283886978096768,0.0815375685673125,0.000156998752981027,0.579792090997669,0.0184336956997733,3.93629969603758e-09,8.98271669066242e-08,0.000301822233615331,0.319493843007085,4
"20078",0.00172286836291367,0.943517750883623,0.0507257536175291,1.80040687102715e-05,0.00299234891400605,0.000522298677261195,4.1940269638762e-05,0.000458949189497698,8.60168206374131e-08,2
"20080",8.32779288618009e-05,0.00844594013322127,0.982252812314047,1.54618222336764e-09,5.32134283476149e-08,0.00730817256749017,7.70783295683366e-09,0.00190973458657285,2.36336562366678e-12,3
"20082",1.70054896480997e-06,7.81937752125743e-05,0.000401770134695108,2.34024376454238e-09,1.63362719791964e-07,0.998456817689659,0.00105636107309603,4.99107510891528e-06,2.9985514574888e-13,6
"20084",0.000162902073626066,0.952977704913008,0.0221351954695848,0.00796814929851962,0.000807322997486872,0.00393997810249892,8.64031751689114e-05,0.0119223276264384,1.63436685205231e-08,2
"20087",0.104800424511255,0.456314521482956,0.432911882879354,1.30715787726597e-07,0.00475306060547162,0.000247536552774784,3.25179741450466e-05,0.0009250718099402,1.48534683163136e-05,2
"20090",0.0192055450595398,0.00290056709988673,0.867581598539186,1.11179220918697e-08,7.04267954519797e-07,0.109591901574244,3.57584525015799e-07,0.000719314751374849,5.36620929903766e-12,3
"20092",0.0542151908682269,0.00511224299329948,0.0002639381711884,2.4963819794539e-09,0.00163574828643027,0.00650025754977947,0.932229000526106,6.84335881901983e-07,4.29347727051822e-05,7
"20096",0.021362124351285,0.0180643617382658,3.34742074050458e-05,0.00107753239660487,0.0413137700481821,0.00542247560340654,0.912721646993141,4.13463559068014e-06,4.80026119024411e-07,7
"20098",0.000327520208114101,0.0035889860720319,4.1889087193731e-06,0.165171563489874,0.830891171144852,4.08066574695847e-07,1.42917753151542e-05,6.09855972967109e-09,1.8642359592808e-06,5
"20101",0.00050575559374654,0.23901386578084,0.702988744992987,9.09964942546356e-05,1.55888663889701e-05,0.0124516409991847,4.61166304071215e-07,0.0449329457437081,3.62585130773514e-10,3
"20104",4.18924072191758e-05,5.84446105422096e-05,1.58235700398827e-08,1.26689637979635e-05,0.00506623760224916,5.74282848601712e-06,0.988882221224371,1.25711084327907e-08,0.00593276396865579,7
"20106",0.0055452586355874,0.171743622016183,0.821596874369774,2.27842385865435e-05,0.000105899709209415,0.000316514282440218,9.64268274782888e-09,0.000669035866189205,1.23934765339891e-09,3
"20108",2.25850955000446e-05,0.00641631341972955,4.84892568101249e-06,0.00698156993374989,0.986484132139085,1.70683066595809e-08,7.40618598781526e-06,1.93388655186348e-08,8.31078930938629e-05,5
"20110",0.494608087891102,0.00669881591773655,0.000218415426113133,0.113603761286158,0.184838525797538,0.0272794254726053,0.172739863551254,1.30554445578193e-05,4.92129350691025e-08,1
"20112",0.320442720008658,0.0343446608078507,0.613459486454919,6.57926340625867e-06,0.00230536372461365,0.0291632649276191,1.62958196142756e-05,0.000261625592006534,3.40131246718519e-09,3
"20114",6.84473897702612e-06,0.981336150968638,0.00675169238455077,0.0084130227435824,0.00299789304311721,0.000137700763428291,8.28273180666396e-06,0.000348330965095633,8.16608040572628e-08,2
"20116",2.48894220324955e-05,0.965154455662952,0.0270400346391753,0.00403100653924882,0.000338668309538957,1.72518994197278e-06,1.0295390069874e-08,0.0034045664682416,4.64347347890474e-06,2
"20118",0.000269558660319606,0.782685251847933,0.000650515954846453,0.0220425573339276,0.194295843727987,1.99409008575814e-05,3.43319768191572e-05,1.65565563104783e-06,3.43941678306334e-07,2
"20120",0.00565726159548041,0.313717747800716,0.514383298701049,0.000439567742413579,0.00130821450089731,0.164148244844606,1.56655659901781e-05,0.000329999062865286,1.85981887292904e-10,3
"20122",2.17889249324653e-07,3.97694018596363e-05,1.38824322754857e-08,0.999422450819404,0.000533478946796359,2.8874337713357e-10,2.67140939285465e-08,9.6048167614372e-08,3.94600925324603e-06,4
"20124",0.00114519668076285,0.139603328195448,0.842710673699364,2.85259390074488e-10,5.90953032998097e-07,0.00640535770193032,2.92217402446711e-06,0.0101319071433552,2.31668231276931e-08,3
"20126",3.90495558216782e-05,0.00214778662744489,0.000732255553263255,3.56202806670522e-08,7.87817515972886e-08,0.952901883039821,0.0429515606301676,0.00122733673310044,1.34583485266052e-08,6
"20128",1.29292315995193e-05,7.38134437818847e-05,0.0328368120202733,2.04997815054425e-11,7.40655286765137e-11,0.905420464199147,1.23681418033473e-05,0.0616436128579133,1.09158941708982e-11,6
"20141",3.41679275766045e-05,0.00201147781453071,9.78314949935639e-08,0.0154973950457041,0.179683988385128,7.7634163199748e-05,0.802683659114172,3.21047502381634e-09,1.15765077187139e-05,7
"20143",5.44055505801803e-09,5.6025076280432e-08,1.8830463988569e-10,0.999990252597948,7.89177386410532e-06,3.71166940837171e-11,5.56673545041932e-09,1.02258357375697e-07,1.68611204275095e-06,4
"20145",0.00674477161864565,0.426306786410554,0.552821330335859,1.51838809847211e-06,0.00132281690256997,0.0127707038251579,4.56155289485417e-06,2.75107799043259e-05,1.86316307551252e-10,3
"20147",0.000361471639682184,0.789977230485371,0.209262656593098,8.0765842116221e-07,0.000113493316913082,0.000175314892094202,9.80122295180169e-08,0.000108925505002679,1.89718805262048e-09,2
"20149",3.07581675632405e-07,3.01906678637271e-06,1.0871568752293e-09,0.999482191302346,0.000512340969687719,2.64478168432909e-10,2.0428486230571e-07,1.78758552186532e-08,1.91756715181374e-06,4
"20151",0.000447328398153268,0.00170200450823222,6.83759216689441e-06,0.0436723799525009,0.954165366291821,1.36173107853177e-07,4.60227488068513e-06,9.34688783900222e-09,1.33546224924369e-06,5
"20153",0.00320138303287701,0.0023317410381037,5.34268021498264e-05,0.654514365633978,0.334219642070386,0.00158555122375919,0.00409288048032285,1.00039133783278e-06,9.32708562682786e-09,4
"20155",0.0445122739317988,0.203385789115649,0.751167584367499,8.71839836514898e-08,1.11638639463726e-05,0.000547648811357989,4.85472119881629e-08,0.000375394639457141,9.53909602942126e-09,3
"20157",4.22165839774584e-05,0.000619416665719923,2.61868814926382e-06,0.435335880088378,0.563983490243057,4.06655030124123e-07,1.48246644793468e-05,2.22819214227666e-08,1.12412928681764e-06,5
"20160",8.37551781566307e-09,1.45042842893471e-07,4.71226183013168e-10,0.999986499738638,1.30342059981758e-05,1.43743122325559e-10,8.81852717308294e-09,9.73911492287775e-08,2.05812356993756e-07,4
"20162",1.57523703846543e-07,1.13514637870468e-06,5.67280153431784e-10,0.997328544412374,0.00266751902590022,8.1323216823559e-11,9.42145415570703e-08,1.41179035565509e-09,2.54761670746773e-06,4
"20164",0.000735083213980382,0.000109130452612208,1.53046632404349e-06,0.962493020627919,0.0366406411773508,5.48302870092789e-07,1.85794523097517e-05,6.51168695030414e-07,8.15137939257176e-07,4
"20166",3.15767705537756e-05,0.0346760339775995,0.307653951725057,0.00025529001208054,6.08917573108334e-06,4.04739837952639e-06,1.77090629598896e-09,0.657331020357157,4.19888125350854e-05,8
"20168",5.33325945912491e-06,0.000202233274867615,0.000117902368118443,0.000270461689834541,2.1843465228351e-06,1.15056920314611e-08,3.00988649822908e-08,0.35417850723753,0.645223336219111,9
"20170",0.000182509591613797,0.0106284542776651,1.74770864033834e-06,0.285612179928822,0.703374809024473,1.31511189207754e-06,0.000198261778985977,9.17906367987292e-09,7.13398843405417e-07,5
"20172",0.00146792352357874,0.539661735162398,0.456986424544156,3.24555567481486e-09,0.000201260546725921,0.00167445201667514,1.66257518339761e-06,6.53475285267959e-06,3.63287440788632e-09,2
"20174",2.24992019927362e-05,0.00013440637032327,2.86316874693228e-08,0.145886487726408,0.652806189990042,7.77932447455522e-11,2.44682399103811e-06,2.20633461302573e-09,0.201147938971428,5
"20176",7.3745975893802e-06,2.12499515313593e-05,6.68119107731623e-06,1.11343760733175e-06,1.38929684141468e-05,2.74110181616903e-10,1.56905313651997e-08,0.000130463552563046,0.999819208336576,9
"20178",9.93337908741281e-09,1.08135962795633e-07,6.04940139114323e-10,0.999993494340455,6.12627490334876e-06,3.93119029284792e-10,1.04050538299031e-08,1.66570422561749e-07,8.33417646314813e-08,4
"20181",1.1796134838484e-05,0.380955783549655,0.428197381186893,0.00317753440372525,2.16690235750649e-05,3.26817112438994e-05,2.58515802376063e-09,0.187602786854537,3.64550374903715e-07,3
"20183",0.00783152547757458,0.0621380085434668,0.000293079924166362,3.25030827239269e-06,0.926334248074134,6.79368282997868e-05,0.00332967528154422,3.66629586476645e-09,2.27189624610414e-06,5
"20186",0.191606053742331,0.0702549164782802,0.00648956129265033,5.66806383399428e-08,0.696341265264618,0.000276735202193689,0.0306924967551049,3.10373740913242e-07,0.00433860421044257,5
"20188",5.48521922254497e-08,1.68680642796013e-07,6.78782513396009e-10,0.99987059227866,0.000128977965497538,3.00974423028098e-10,3.74219404136985e-08,2.5573778778893e-08,1.42247531119595e-07,4
"20190",6.44200654671698e-05,0.0224199460762835,0.976566698185115,3.02793262904946e-08,1.47951883958368e-06,5.47240910201705e-05,4.68262922557023e-10,0.000892698958243704,2.3574421143528e-09,3
"20193",0.000106028527296443,3.11205414445526e-05,6.49200035861328e-05,0.692610815866045,4.81576185996692e-05,4.4472040629876e-08,4.06222239905691e-08,0.299017114134726,0.00812175821403743,4
"20195",0.00376027019760409,0.00180046338105633,5.39694117590568e-05,0.82691863074241,0.167456911836275,1.90251465468957e-06,4.50895725317859e-06,2.40942322947481e-06,9.33535757767517e-07,4
"20197",0.022250049667207,0.301799237305763,0.674916861127387,1.07967271356151e-08,0.000157975358219059,0.000810242172075716,6.0081694102207e-07,6.50096718957706e-05,1.30837846004048e-08,3
"20199",3.86261344452979e-05,4.72096461443027e-05,1.78924440414419e-08,0.945679219770275,0.0542006584726671,5.60293242927601e-08,3.3859484415436e-05,3.23577033368829e-09,3.493345148331e-07,4
"20205",0.000556267564322831,8.6835164652558e-06,4.05820263654609e-05,5.8503242992949e-10,1.31467428345609e-06,0.956302828209623,0.0430902171699031,1.06246566539766e-07,7.4375775322886e-12,6
"20208",0.00265530015432213,0.0101333577925132,6.61053160959928e-05,0.00803885647794757,0.979082770877833,5.53251756989306e-07,6.47909182994097e-06,3.65505461191437e-08,1.65404871551809e-05,5
"20210",9.12627753410212e-07,4.86946063527046e-06,3.2728624828276e-09,0.989771382795892,0.0102215168946791,6.90263930361429e-10,3.03466021701914e-07,1.42323862818846e-09,1.00936865363066e-06,4
"20212",0.000218045407740339,0.000311198546696175,2.18845311934483e-06,0.873028094727059,0.126435645015061,1.79698723800212e-07,2.73283862795745e-06,1.34773860725583e-07,1.78053911159284e-06,4
"20216",7.72857231853079e-05,0.739083630282524,0.260401232290414,1.13419643821032e-05,0.000208598695412836,8.25244046082408e-05,3.01525892918652e-08,0.00013531471385666,4.17730278062248e-08,2
"20219",0.0130603333787233,0.141295607802971,0.0627859517900644,1.8667523412086e-05,0.000980218960410446,0.770300500271707,0.0105785448496505,0.000980175103391255,3.19670500951856e-10,6
"20223",0.00178512522819608,0.000890063541409592,0.82870229159763,2.23772500313768e-11,6.64828763013437e-08,8.90035430631201e-05,6.51313741070684e-08,0.168329224347437,0.000204160105636525,3
"20226",0.981420923691522,0.00088773154864366,0.000666485405968314,5.84659579028937e-05,0.016878673782782,7.34440738225301e-05,1.40081137220063e-05,2.38796766866383e-07,2.86288693270275e-08,1
"20230",2.2798293365451e-05,0.00887926913719053,0.988875169262917,2.13440652706604e-09,3.64281151157669e-07,0.000262018989409431,2.1504750649543e-09,0.00196037453994876,1.21113653774139e-09,3
"20233",2.34439108996431e-06,2.19883624664273e-08,5.48924467874078e-10,1.09376458697527e-07,1.07804118052092e-05,0.000294492811169356,0.999692248607345,4.82106958352268e-10,1.38273771659256e-09,7
"20235",0.155282834834732,0.0611711693476702,0.7318987217626,6.40452995809536e-10,1.06424746575626e-05,0.0355954184472324,0.00041651913317409,0.0155802817842375,4.44115752432239e-05,3
"20239",0.338174076545429,0.372544398029809,0.27515335498655,2.78950459385068e-07,0.00102690689065511,0.000133634975285224,4.33951814423083e-05,0.0115099174314866,0.0014140370088829,2
"20254",5.29005100133194e-06,2.23345612794677e-05,0.000594634992342717,9.44793537838395e-11,1.26515261573138e-08,0.999175894195174,0.000199628736162187,2.20471800366612e-06,3.07706511549323e-14,6
"20256",0.000280084312232628,0.467904243385926,0.530578790556151,4.5413363839005e-10,2.25720075203813e-06,0.000499154062330489,3.57128813220135e-07,0.000735051514068433,6.1385592454191e-08,3
"20262",4.55178863287181e-05,0.00171337438319841,8.94201070868256e-07,0.619159176512523,0.379073689841218,9.22514791399016e-08,6.39501688485858e-06,7.6400215212309e-09,8.52267274639922e-07,4
"20270",0.000518115046051413,0.101699196902705,0.638606605684459,0.00246445032004248,0.0101379819051463,1.53194541557537e-05,2.12696210115542e-07,0.244969210459167,0.0015889075320632,3
"20284",0.0713580505947319,0.0093764284153843,0.00260988708191696,8.10260787936714e-06,0.449255879500109,0.0933667215568389,0.374024528651773,3.05518200819023e-07,9.6073165045374e-08,5
"20287",0.000502747465122937,0.000583556876209647,0.971527113099415,2.16621920037901e-11,3.68469231657457e-09,0.000226968773367315,6.57283795334287e-10,0.0271596064261092,2.9961381051518e-09,3
"20290",0.00254168638793283,0.000206392746423963,0.000474602135231207,6.50373349656438e-06,0.000546061937577307,0.974565675437064,0.0216588287400749,2.48860315421286e-07,2.18840522098492e-11,6
"20293",7.45820282530806e-05,0.985444696754858,0.0133292928759352,2.42297015979083e-07,0.00098660097101211,0.000154464655970312,8.40067561420463e-06,1.69443346278935e-06,2.53078778023154e-08,2
"20296",0.000503012853760103,0.0691521751502348,0.000188261584259331,0.674172627614764,0.238548073736574,3.08453767149055e-09,9.97209176356944e-08,5.61003864193429e-05,0.0173796458685332,4
"20301",3.34244504924973e-05,5.07681195753609e-05,0.101921257214609,1.66181287680033e-07,8.99410269203102e-10,0.000236617208296958,1.95718336239435e-10,0.897757765580391,1.50218718762434e-10,8
"20304",1.41545048813581e-06,0.00103547208951759,0.000394888874832499,6.49747924014708e-09,6.15157627402045e-07,0.993418776340531,0.00514670637803747,2.11920930012756e-06,2.18678867940125e-12,6
"20306",0.000103352490355149,0.010690650398796,0.982903425960232,4.81975979239036e-11,5.0387850481863e-07,0.00419005151335183,3.62712933799409e-07,0.0021116515991573,1.39847208985802e-09,3
"20309",0.180331009072111,0.570162961594426,0.142679405674139,4.59971012336742e-05,0.102510775435576,0.00421449203980871,5.22488817464546e-05,2.76290216470866e-06,3.47298793468406e-07,2
"20311",0.000635796747107695,0.816144411372312,0.167208024033842,0.000121936553500193,0.000711263676387565,0.000526140660128897,8.93631915036845e-06,0.0146432181382608,2.72499310998806e-07,2
"20314",0.000803260577502866,0.0248437390318394,7.42127835295691e-05,0.0141112764424908,0.960133782377675,5.02233729394348e-06,2.85244447290207e-05,2.37272979871434e-08,1.58277641843218e-07,5
"20318",2.66378098376038e-08,2.99662955631509e-06,2.15098419059302e-07,0.999898893357669,4.02373363233771e-05,2.88022694250602e-09,9.43484196031356e-09,5.54986092646277e-05,2.12001588841998e-06,4
"20320",0.623234173686273,0.000705112491082066,0.000106257074499962,0.000852935654783919,0.371584664124178,0.000122323810418431,0.00338867140375346,1.15827864075827e-07,5.74592714702609e-06,1
"20326",0.000360525566827959,0.0404365138417036,8.10424611241099e-05,0.0364312393239284,0.922567349937896,1.16823056444357e-05,0.0001111286934374,1.18847098975433e-07,3.99022339117211e-07,5
"20328",0.227176290653749,0.00223742484257571,0.000129680123870722,3.8798100625019e-06,0.764126440396082,0.000101199342681865,0.0062220385479168,3.26128237791161e-09,3.04302177880647e-06,5
"20330",0.918979107048691,0.0101238742557468,0.0669480538751051,1.19198847777881e-07,2.87676849992092e-05,0.00276604478361168,2.39343942037791e-05,0.00112999639336905,1.02365425641143e-07,1
"20336",0.00259281516392702,0.0383988602295086,0.00242943084296751,1.72380170565186e-07,0.00902881049268756,0.60969722126848,0.337852568798418,1.19170246834239e-07,1.65359339956708e-09,6
"20338",0.0029291939522691,0.0290644210499403,0.00103074743205993,4.22705162443192e-05,0.000155286177426397,0.897915114738572,0.068819181952974,4.37838530572535e-05,3.27456634158754e-10,6
"20340",8.32668056150591e-05,0.0332833038241194,0.945700042813272,2.33582898335719e-09,1.1006461341153e-07,0.00246578377989411,3.40957334332649e-08,0.0184674516158348,4.66508870824375e-09,3
"20342",0.0138752682036799,4.8810906073824e-06,3.74721055249463e-05,8.50326866681193e-05,1.6196789793632e-05,0.0635737842219148,0.890625813072758,0.0317765526927423,4.99913631100824e-06,7
"20344",0.000204391827282597,0.171614188334356,0.826384576904256,4.76260673949122e-08,0.000269537365103381,0.00117698979407781,1.11246277463942e-06,0.000349106117186595,4.95688951673958e-08,3
"20349",2.41354022254915e-05,0.0731757668137911,0.924737905452991,2.20030035869499e-10,1.60519130584393e-06,0.000306867244772942,7.00778933766258e-08,0.00175363114403076,1.84529596340503e-08,3
"20351",0.00097839995393846,0.980647706136056,0.0149418536088314,2.8628327520742e-05,0.00125947017728484,0.0021103425555121,2.97300432634442e-05,3.83785934906703e-06,3.13382441466651e-08,2
"20353",0.630433822687576,0.00828078164267244,0.296456046341342,3.92986122635941e-09,1.47437913991681e-05,0.0647356903305421,1.85056266968057e-05,6.04046358788511e-05,1.01403106360983e-09,1
"20357",0.00110427980140584,9.88822435255568e-06,0.000537182684721936,1.63724008702802e-11,3.57905270033994e-07,0.99139519176565,0.00695266168186099,4.37914747121195e-07,5.61883895238262e-12,6
"20360",0.836124824617277,0.000208963784953748,0.00128456337485788,1.67242344833708e-07,9.61706493023922e-06,0.0767277536796765,0.0793479790735592,0.00623726958823982,5.88615741608743e-05,1
