"","V1","V2","V3","V4","V5","V6","result$classification"
"19811",0.00111492680806812,0.954369302475668,0.0427381445229101,0.00175452032915754,2.29591330451112e-05,1.46731151159314e-07,2
"19813",1.21568067701771e-07,3.9865238242986e-05,0.999957233984523,2.0403225354867e-06,7.37005086230323e-07,1.88154453033707e-09,3
"19815",1.63563962280583e-05,0.978547925227375,2.43363326968332e-06,0.0201456476152194,0.000947419310869059,0.000340217817038666,2
"19817",0.000688537875422341,0.995527299610046,8.33271969131001e-06,0.00368774124826762,8.12756246257628e-05,6.81292194642954e-06,2
"19819",4.0029806711307e-07,3.46159830227353e-05,6.16809507756888e-10,7.21824956903212e-05,0.837184553666147,0.162708246940264,5
"19821",0.0261884257477049,0.958201043573841,0.0138688781396185,0.00083173708002845,0.00090967721421116,2.38244595615186e-07,2
"19823",0.000243777479439484,0.953468506793838,4.99280863736998e-06,0.000804071781506457,0.00032473192053591,0.0451539192160434,2
"19825",0.880633414230106,0.00224008890211165,0.00527642265482885,0.00761719459716954,0.103913202927358,0.00031967668842556,1
"19827",0.388420078377729,0.611141447222914,7.96012115979658e-07,7.99956337742548e-05,0.000292361667383138,6.53210860841989e-05,2
"19829",0.00802685694005887,0.00189131601673912,4.45131852936638e-06,0.000900104634382662,0.98911176113277,6.55099575202009e-05,5
"19831",5.09093441656972e-07,0.000232239357579394,1.1374996297818e-06,0.000176967249456741,0.866362540959405,0.133226605840488,5
"19833",2.26045996018978e-05,1.35961906868083e-06,5.20196314661849e-06,0.00196656237897106,1.48520807145585e-05,0.997989419358497,6
"19835",0.0261884257477049,0.958201043573841,0.0138688781396185,0.00083173708002845,0.00090967721421116,2.38244595615186e-07,2
"19837",0.0290510294750438,0.970173270316377,4.02197960125863e-06,0.000127750987343564,0.000638470661394237,5.45658024026565e-06,2
"19839",0.0273147342968234,0.00415037237898708,0.00186012272312892,0.00267167058727647,0.963981799889295,2.13001244892911e-05,5
"19841",0.999905677482736,1.64447170216088e-05,6.34763936638525e-05,1.56958035883913e-07,1.42226274157185e-05,2.18211268772192e-08,1
"19843",5.31065207279183e-08,3.06792491945727e-05,0.0227932756773027,0.00897355439724509,0.968132499637473,6.99379322633729e-05,5
"19845",2.42235806770749e-05,0.0716293697413427,0.928129838462487,0.000214238431747754,2.2512193618783e-06,7.8564383560698e-08,3
"19847",1.96625087083467e-05,0.967738345985731,0.0071184303702212,0.0211912015708007,0.00387871982376343,5.36397407751115e-05,2
"19849",2.83380038579718e-07,7.95210870029644e-05,0.9999197340238,3.80413081880104e-07,8.04269924242358e-08,6.69084392085329e-10,3
"19851",4.63700706841372e-05,0.998798685594438,2.36750152805332e-05,0.00109609229573789,2.63566332061215e-05,8.82039065390733e-06,2
"19853",0.000592566027614867,0.980249717382673,0.018935865252579,0.00016720357330041,5.87414597265755e-07,5.40603492355941e-05,2
"19855",0.00398110091759045,0.994760586823971,0.000985426553313616,0.000267814064462166,2.95708495628333e-06,2.11455570662039e-06,2
"19857",0.0202361874120399,0.945822585238118,0.0140400914636531,0.0131950871630588,0.00670503764684137,1.01107628926606e-06,2
"19859",0.0117273317691713,0.984270262783509,1.67189496517557e-05,0.00320790983676445,0.000720407333800357,5.73693271027078e-05,2
"19861",5.64111342986628e-05,0.872318545322945,0.126919542759487,0.000682820587057235,2.20407418759623e-05,6.39454336916884e-07,2
"19863",0.00818902459885031,2.96016748793898e-05,0.991780593887559,6.97851752358304e-07,8.1189100806729e-08,7.97857941948662e-10,3
"19865",0.997729436430949,0.00225908264076273,1.77363368955387e-06,7.35727461060943e-06,2.33037647367865e-06,1.96435146758971e-08,1
"19867",4.19086231611621e-06,0.982248883445528,0.00683708031207606,0.0103553293679191,0.00053886961219162,1.56463999686541e-05,2
"19869",7.84654363478093e-05,0.00812088864995297,0.991797924289014,2.55992158981232e-06,1.59854587971709e-07,1.8485075405386e-09,3
"19871",0.0388012743599116,0.95774418530698,2.57500060360409e-06,0.00135248000717275,0.00204152282452724,5.79625008046132e-05,2
"19874",0.79576004049858,0.203709178221484,7.94965132086917e-06,0.000507600468178766,1.08134951502744e-05,4.41766528616973e-06,1
"19876",0.27582331206086,0.723737838409788,0.000403816231121289,3.27528889485037e-05,2.15335189561852e-06,1.2705738615001e-07,2
"19878",5.13349740559112e-06,0.000840297287142943,9.91606503256927e-06,0.995301283080399,0.00377916964235202,6.42004276679522e-05,4
"19880",0.998511364622571,0.00147187987652358,1.64596974600349e-05,2.07414242526579e-07,8.38550140237522e-08,4.53418938891516e-09,1
"19882",0.00170576511618877,0.722172474009256,0.26623409540603,0.0098692985931103,1.66991341418528e-05,1.66774127311916e-06,2
"19885",0.000597852144504957,0.98679674827567,9.87410437393523e-06,0.0086931098758105,0.00389810172462735,4.3138750136243e-06,2
"19907",2.74887484539374e-05,0.917701704649656,0.0681076196440407,0.0139822708015405,0.0001775310029056,3.38515340271087e-06,2
"19909",6.46450438949558e-06,0.00948209834273653,0.000146763996065734,0.000126038307861275,0.990213145060293,2.54897886537531e-05,5
"19911",0.0209595498648965,0.0239502044681426,2.40396553801532e-05,0.00104433547045271,0.953306840826689,0.000715029714438754,5
"19913",0.999978795211166,2.01250936885406e-05,6.42332481483968e-07,7.12389147834761e-08,3.34904944236554e-07,3.12188056428885e-08,1
"19915",0.401634297602228,0.598141973990691,3.56382631183415e-06,0.000204578687047648,1.21256664573089e-05,3.46022726401702e-06,2
"19917",0.986559935326829,0.0133507929805163,3.78710712013431e-06,5.07632123038542e-05,3.40653775771958e-05,6.55995653199504e-07,1
"19919",0.139144960336042,0.855852797203775,2.27706224283465e-06,0.00477759657113319,0.000201700716422599,2.06681103843214e-05,2
"19921",1.26890796598899e-05,0.994228572861025,0.000247853455875028,0.00537328989870293,0.00013285826142604,4.73644331086237e-06,2
"19923",3.50130998993968e-07,0.0264918441523707,3.83736270309646e-05,0.970203433198082,0.00214394394249964,0.00112205494901749,4
"19925",0.939953911666504,0.0598990718960289,1.34910157947006e-06,0.000135767132234943,8.91180923274139e-06,9.8839441959962e-07,1
"19927",0.000195858833015203,0.999404334808758,2.71904437782543e-05,0.00034008072736,2.87207464824899e-05,3.81444060567893e-06,2
"19929",0.558091473142835,0.000189243773681269,0.441718778980939,2.45977804413718e-07,2.56633505017455e-07,1.49123527837593e-09,1
"19931",0.000831173660514957,0.997717713502674,1.18952434930141e-06,0.000980989371407724,0.000431388944052357,3.75449970015558e-05,2
"19933",0.00105099930181448,0.328545331710933,7.59459431879586e-07,0.000804548179623024,0.66884655509347,0.000751806254727428,5
"19935",0.00163687774899941,0.912113426420221,0.000749686884714397,0.0197674179600407,0.0657279091247552,4.68186126974057e-06,2
"19937",1.91205273108203e-05,0.996491936194751,3.2857881742426e-06,0.00321401904204395,0.000155848820251809,0.000115789627468189,2
"19939",0.00164883124474483,0.777324547359606,8.38990706871919e-06,0.220627283483759,0.000352191492908398,3.87565119136327e-05,2
"19941",0.044056503460703,0.00672782276978893,0.000254975532688838,4.04482422537102e-05,0.948878353461439,4.18965331261433e-05,5
"19943",0.999170492088791,0.000826410547728952,1.80566806930108e-07,1.97862134551891e-06,7.22356867299973e-07,2.15818460539085e-07,1
"19945",4.68265860413991e-05,0.0888558264661907,3.70453278835009e-07,0.0108921103500288,0.89832295019675,0.00188191594771079,5
"19947",0.849164021676191,0.0182757769443065,0.0251463278989294,0.0012196298727846,0.106085681449559,0.000108562158229219,1
"19949",2.05263429231615e-06,0.0611902130978048,1.23640298435402e-06,0.910351391434688,0.025725823061252,0.00272928336897902,4
"19951",0.720391947490008,0.238730498780212,1.46522122572746e-05,0.0400167516156433,0.00083154574983193,1.46041520484388e-05,1
"19953",4.76053468804978e-08,0.00086847901130112,5.99651609176573e-08,0.00213240406155257,0.117658263154986,0.879340746201653,6
"19955",2.53090021924199e-06,0.00197672084688609,1.97401622780476e-05,0.349951322569083,0.617199711602156,0.0308499739193779,5
"19957",0.882384407105194,0.115393211368297,3.09038020983216e-05,0.000408943361364473,0.000776607872414966,0.00100592649063149,1
"19960",0.000308377394976009,0.00144655221779745,4.61754282108078e-05,0.0127711026590085,0.985370124199822,5.76681001855938e-05,5
"19963",0.935973663801015,0.000473665332983107,8.05630300090632e-05,6.32563305074071e-06,0.000311970236300456,0.0631538119666413,1
"19965",2.62071118953262e-08,0.000125049772430769,6.73339886286477e-05,0.181634207218241,0.81794462300975,0.000228759803836721,5
"19968",0.791336698461213,0.0146873380058444,0.192516265951237,7.67576276157767e-05,0.00138293365609086,6.29799944439032e-09,1
"19971",0.997303669949148,1.74599954494535e-05,7.25984749220777e-07,5.65029788084149e-05,0.000666227177288896,0.00195541391455645,1
"19973",0.00428941631882455,0.994907312190023,4.02377468360465e-05,0.000687845049198143,7.4834324748647e-05,3.54370369755591e-07,2
"19975",0.973094132175938,0.0267855926993488,3.34822659008101e-05,6.10954575338487e-05,2.56715729149381e-05,2.58283631084507e-08,1
"19977",0.998246470758705,0.000638735286863039,0.000165909771261275,0.000862075916081861,4.82853421338279e-05,3.85229249550231e-05,1
"19979",6.5369252844826e-07,1.24318809135555e-06,4.78497217276364e-10,2.06841893595336e-05,0.999778315419361,0.000199103032161959,5
"19981",0.000445029016238731,0.986702346199328,0.00077373913323652,0.00155659979269362,0.0105116589853234,1.06268731800514e-05,2
"19983",3.56846902276094e-05,0.641734767999898,0.000579290116200985,0.343286110546729,0.0143054730151376,5.86736318069581e-05,2
"19985",0.811295249043884,0.188519935253717,4.82421275600454e-05,0.000133984349134642,2.4032776674825e-06,1.85948037151703e-07,1
"19987",0.0391751213786411,0.924437517080837,5.63049215404858e-06,0.000500089110603576,0.0358214178227376,6.02241150267593e-05,2
"19989",3.66382099112557e-09,1.81674283949078e-05,1.24229764248849e-09,0.000236420019756543,0.996685388260183,0.00306001938554687,5
"19993",0.0170173347857111,0.233233698781827,1.04988873702059e-06,0.621449038276893,0.127983013952197,0.000315864314634535,4
"19995",0.00655602159241375,0.201839013658101,8.97003309678172e-06,0.0514408225737728,0.739932699187553,0.000222472955062267,5
"19997",0.00762806760415028,0.99192240896775,4.47043758545375e-05,0.000380344093339516,2.28672613405051e-05,1.60769756515369e-06,2
"19999",0.0420147515051043,0.95686752144964,0.0010414184443531,7.26813917280568e-05,3.53284962635781e-06,9.43595478011174e-08,2
"20002",0.443683607388675,0.000490250784112174,0.555582218553574,9.34897659621161e-07,0.000241599923681111,1.38845229754142e-06,3
"20004",0.00487711940778995,0.109839732396264,0.000303855994200592,8.42370620790804e-05,0.88485694458033,3.81105593369455e-05,5
"20006",0.000641876863257891,0.00597475324948092,0.00191064680404916,0.582992845958163,0.407112268807335,0.00136760831771418,4
"20008",0.000116062590832624,0.00464079824017593,9.40772247208919e-05,0.813859222054003,0.178111210973346,0.0031786289169216,4
"20010",3.73679261586007e-06,0.0139637622391142,2.21488667498384e-08,0.429688630812525,0.5330468370962,0.0232970109106783,5
"20012",0.829816238384387,0.157469265836458,0.00999577655885928,0.00268647263369978,3.21093465476663e-05,1.37240048310681e-07,1
"20015",3.70239192821041e-08,1.00874341553217e-05,7.93049573860487e-07,0.00444853917327903,0.995537860218178,2.6831008945025e-06,5
"20017",0.0180750355467388,0.979356425098273,0.00243754596345327,0.00011748147622886,1.336277297744e-05,1.49142328355537e-07,2
"20019",5.85907491869127e-09,1.98128395242587e-07,2.23875268858858e-10,0.00101805394882923,0.996956906515566,0.00202483532425886,5
"20022",1.54907010779939e-06,0.00354082750287752,2.56724210421739e-08,0.0128137357380032,0.982396745929064,0.00124711608752627,5
"20024",4.96623941644304e-08,7.34942469147061e-06,1.45377358628905e-07,0.0008041967592132,0.443409752991084,0.555778505785258,6
"20026",4.96623941644304e-08,7.34942469147061e-06,1.45377358628905e-07,0.0008041967592132,0.443409752991084,0.555778505785258,6
"20028",0.10671229857501,0.893113100881351,0.000145021108283859,2.39680282668509e-05,5.05557523175325e-06,5.55831856798392e-07,2
"20030",6.56688620248841e-05,6.56046403945967e-05,3.94236126909576e-06,1.47189051379867e-05,0.999845901070528,4.16416064547561e-06,5
"20033",0.189998975982277,0.808849869401419,3.35319296488162e-05,0.000313203893568432,0.000801337939942121,3.08085314478954e-06,2
"20035",7.07024600632066e-09,6.38821908111697e-07,5.77876329760923e-10,0.00187724508176703,0.995015311821575,0.00310679662662767,5
"20037",2.19502949880207e-10,8.16494565130513e-07,1.84066507891276e-08,0.00313422153800321,0.996558804879571,0.000306138461706522,5
"20039",5.46237871643045e-11,8.12462087128514e-08,1.31879729186131e-10,6.93292030172529e-05,0.00014659583498029,0.99978399352929,6
"20041",4.11652517919026e-05,0.0116657930817926,5.3959848526245e-06,0.982033957589191,0.00516789216154273,0.0010857959308296,4
"20044",0.0018992928426511,0.050480165424723,2.3701055923366e-05,0.905952353851539,0.0343607552502704,0.00728373157489309,4
"20047",6.27008072940034e-08,7.3163186230215e-08,1.36622959169651e-10,4.72073239003122e-05,0.99457413408014,0.00537852259534366,5
"20050",2.76541597265563e-05,0.00515047816711783,1.61888260806702e-09,0.480196804060354,0.0590278020007146,0.455597259993204,4
"20052",0.0306264803911063,0.937805785545195,5.58493626356598e-07,0.0193790088711091,0.0113564229690059,0.000831743729957093,2
"20054",4.09012168200391e-06,0.000233900772709674,1.4768595750899e-05,0.000507338213026995,0.999238810374828,1.09192200230027e-06,5
"20056",0.998040384145532,0.00183446051010073,5.52372016151851e-07,3.12305101404748e-06,0.0001195933814048,1.88653993246461e-06,1
"20058",9.12430456290065e-10,1.39991020383092e-05,1.55886801238685e-08,0.000565095858811784,0.998538869806864,0.000882018731175127,5
"20060",0.000290372436020239,0.997656478204191,1.55558658047112e-05,0.00153581341625411,0.000490320431328123,1.14596464015501e-05,2
"20062",0.00015155793216097,0.808590379398775,2.80666001119686e-05,0.186660889042182,0.00455039182681763,1.87151999524556e-05,2
"20064",0.000198205074385235,0.0218039850780203,1.65593356038827e-07,0.000793136886444192,0.97713592931894,6.85780488539893e-05,5
"20066",6.47911339618112e-06,4.45528738399737e-06,5.55487795901112e-07,9.62892889459817e-06,0.999967342208975,1.15389735542338e-05,5
"20068",7.3386875437042e-05,0.988736019207496,0.00120450538620121,0.00994313424501576,4.14419094256729e-05,1.51237642413888e-06,2
"20070",3.94657075059307e-05,0.986689977419513,6.66514254782052e-05,0.0129017837823066,7.05584388837535e-05,0.000231563226312208,2
"20072",2.75830762455269e-08,0.00032091973398005,0.00445003418280589,0.0241759406700784,0.971027419348793,2.5658481266732e-05,5
"20074",0.999507987998851,4.54362900086043e-05,0.000446290460683375,2.23236377148188e-07,5.88435099951165e-08,3.17057010519811e-09,1
"20076",0.659628143833743,0.0466067701962211,0.284118710779591,0.000694138360390692,0.00895212573934006,1.1109071429796e-07,1
"20078",0.000127681226907651,0.0314004950327232,9.51247668061868e-07,0.00558261655976116,0.960537054894186,0.00235120103875399,5
"20080",1.89870843193277e-08,1.66647553451331e-06,6.9536596204316e-11,0.000505810716405499,0.998684493710983,0.000808010040455939,5
"20082",3.86202462535085e-08,5.32144356849276e-06,2.14777700102877e-11,1.74287353117823e-05,0.00348336407243849,0.996493847106957,6
"20084",0.0279630444883912,0.0103504877850155,2.84300290912029e-07,0.000864395640087513,0.949425781359697,0.0113960064265183,5
"20087",7.03983863220925e-07,0.0186941375448671,3.85365487207548e-05,0.0801577294322744,0.900526815959585,0.000582076530689933,5
"20090",1.77015715104883e-07,2.28173058756599e-05,2.56491169532345e-10,0.09556887021072,0.882459159743057,0.0219489754681415,5
"20092",1.14534748355699e-07,0.0482445604745839,0.000694026503263384,0.278988960735825,0.0124366333951639,0.659635704356415,6
"20096",0.00863216113361284,0.498176055906138,1.08606186933282e-05,0.0757454223764237,0.00644976054217412,0.410985739422958,2
"20098",0.191257958289646,0.808043025033275,4.84126665641748e-06,0.000494102563383066,0.00019332415558823,6.74869145102416e-06,2
"20101",0.000108992221261851,7.2191507261556e-05,2.11148353833981e-09,0.000710961442004563,0.998047628914532,0.00106022380345655,5
"20104",0.00151750071668752,0.529518059959114,0.408795736834917,0.00269602168698146,9.76248033533362e-05,0.0573750559989462,2
"20106",5.54558937920914e-05,0.000536019851212354,7.78198877688423e-09,0.00985241538461037,0.989506903075037,4.91980133598226e-05,5
"20108",0.0132339221546208,0.98629639704792,0.000135807832219399,3.60139329714328e-05,0.000296964498731295,8.94533537261469e-07,2
"20110",0.140232898941049,0.34778306120324,3.72458284770489e-07,0.332956959304674,0.00366202513576102,0.175364682956991,2
"20112",2.62772649399109e-05,0.00949435011351281,3.15019012834933e-08,0.355679000248429,0.624076507998441,0.0107238328727767,5
"20114",0.0704876759112334,0.0624062410696415,1.97838937104465e-06,0.000124570208275993,0.865504037334612,0.00147549708686591,5
"20116",0.0167965281504622,0.00447276849662952,3.47532500163053e-05,0.000229599783650143,0.978460843631489,5.50668775278145e-06,5
"20118",0.070103945998243,0.874011362980364,2.61236568139422e-06,0.00108339806555812,0.0545788486077974,0.000219831982356266,2
"20120",0.000852409992304245,0.00526423476376351,1.83799462917295e-09,0.0110544061073305,0.958003076491812,0.0248258708067954,5
"20122",0.998571674816437,0.00140963179265857,1.37893880466975e-05,9.07879128120597e-07,3.9781502940963e-06,1.79734352828637e-08,1
"20124",2.05139913305933e-09,8.91767126088011e-06,1.24972427783865e-07,0.00205866345558523,0.995958475089557,0.00197381675977005,5
"20126",1.2284106050984e-07,1.37264959744954e-06,9.71717161962743e-08,0.00012278192312241,0.00490016366745314,0.99497546174705,6
"20128",1.27587835105809e-09,2.34277642383442e-08,1.66627687707043e-09,0.000386644024191522,0.181224866493025,0.818388463112864,6
"20141",0.0670079138653757,0.913973153308012,9.43578517768499e-05,0.000210354865802102,5.73387647114287e-05,0.0186568813443219,2
"20143",0.999966205349893,2.52880493246618e-05,8.40483380900931e-06,3.32218837780527e-08,6.41720580313702e-08,4.37303184833786e-09,1
"20145",6.51553794420655e-06,0.00664142432382327,1.70617498564103e-09,0.0119253346789708,0.977586469360393,0.00384025439269402,5
"20147",4.29131745586633e-06,0.00107841543464966,1.57015276743496e-08,0.00114970448622019,0.997670049548509,9.75235116372022e-05,5
"20149",0.998786622050316,0.00120416369973311,7.71273337937641e-06,1.05303465955657e-06,4.13608698420251e-07,3.48732135788799e-08,1
"20151",0.0695887347369929,0.929567567050192,4.02404965879629e-06,0.000597169703756758,0.000239547221267321,2.95723813263648e-06,2
"20153",0.613264579986697,0.374560079224389,6.30046078003916e-08,0.00331511835295225,0.00104773273548661,0.00781242669586741,1
"20155",4.22892541562618e-07,0.000119660069746522,5.74077701229201e-08,0.0817596914826423,0.917989961810125,0.000130206337174218,5
"20157",0.50761929388787,0.492184162897616,3.53848942793006e-06,7.28475375386452e-05,0.000111258969728521,8.89821781910427e-06,1
"20160",0.999956932737097,4.15870300980222e-05,1.27805116996114e-06,4.82459374226217e-08,1.4275264805031e-07,1.11830497795938e-08,1
"20162",0.99617395822661,0.00381691223439344,8.44810512662611e-06,5.02765062794736e-07,1.66779810781395e-07,1.18889965610913e-08,1
"20164",0.949010925024084,0.049994966655343,3.36787006237557e-06,0.000911909829536936,6.5240929506023e-05,1.35896914680393e-05,1
"20166",0.000723880306977128,5.54189057904003e-05,0.000136967008623633,0.000156087908230309,0.998923648954114,3.99691626486532e-06,5
"20168",0.000692385809212623,1.66571039650588e-05,0.996782917458493,1.87809199364644e-05,0.00248899948642708,2.59221965673066e-07,3
"20170",0.265150345426716,0.734425522236871,1.91611402646231e-06,0.000242862221613701,0.000150939675823538,2.84143249488803e-05,2
"20172",3.51778108972383e-08,0.00197380000125198,2.76711884834366e-08,0.00429495446588974,0.992729485608109,0.00100169707574981,5
"20174",0.223811225174412,0.610348723912267,0.165788063230917,4.69276357274254e-05,5.03264106383689e-06,2.7405612629486e-08,2
"20176",5.04698163904972e-06,6.46190719540217e-05,0.999787052420586,1.85539936052552e-05,0.000124711676538158,1.58556776963627e-08,3
"20178",0.999976773273198,2.23665555175611e-05,6.16383982319383e-07,6.11358012157441e-08,1.59540475171832e-07,2.31110255086996e-08,1
"20181",0.00278722070071562,7.91765525377103e-05,8.55207988564701e-07,2.92872794435958e-05,0.997097750876064,5.70938325027826e-06,5
"20183",9.36025402009439e-06,0.991418987038339,3.71220228713775e-06,0.00547905601725911,0.00244871658273647,0.0006401679053578,2
"20186",2.85356207461538e-07,0.878089001086639,0.00380256422569385,0.0968044332694105,0.0177277727228263,0.00357594333922329,2
"20188",0.999729152213193,0.000269622815776766,8.44331197990215e-07,2.06019214643934e-07,1.49445791682764e-07,2.51748256445758e-08,1
"20190",2.44626771618485e-07,2.00964226238723e-05,2.06114316706304e-08,0.000329726159931762,0.999637638688676,1.22734905653375e-05,5
"20193",0.970371993681474,0.000216703637582155,0.0276017865905255,0.000292896504224677,0.00151579280036533,8.26785828203827e-07,1
"20195",0.800541964118989,0.194292225709802,3.46395708905959e-06,0.00405398269769313,0.00109369535787838,1.46681585483806e-05,1
"20197",7.71013626741631e-08,0.00120568495614014,7.85136711136772e-08,0.0342309358730179,0.964212096490331,0.000351127065477179,5
"20199",0.929064071427878,0.0708625339880451,1.52542396705027e-06,6.52487433337171e-05,3.05362593169223e-06,3.56679084410973e-06,1
"20205",3.95614488335155e-09,1.09000718664475e-05,1.35702094895741e-10,0.000933599924621652,0.000109570917575568,0.998945924994089,6
"20208",0.013177975179521,0.982513807685775,3.40487170623935e-05,0.00301647666903447,0.00125170884775676,5.9829008501176e-06,2
"20210",0.986964643944468,0.0130286397630529,3.56849386116439e-06,2.45033592370759e-06,6.39120598404743e-07,5.83420960549611e-08,1
"20212",0.862947350473672,0.136627406842507,6.23268179118115e-06,0.000320520271279429,9.55592703240281e-05,2.93046042600782e-06,1
"20216",4.36455517752881e-05,0.00144769853167743,2.09654975872621e-07,0.000339627178244378,0.998127005608201,4.18134751261854e-05,5
"20219",6.07980005150221e-05,0.00590290177292225,4.42239580031217e-09,0.0171729897641253,0.320274997634139,0.656588308405903,6
"20223",9.21779208002476e-10,3.40180816606243e-06,0.00179911583425279,0.0120727489757739,0.985897428855109,0.000227303604919542,5
"20226",0.000238200055990519,0.0522422854019645,2.41264238381737e-07,0.943873557093383,0.00332654242897692,0.000319173755446031,4
"20230",2.69407878453441e-08,7.18019935432604e-06,1.51264587317337e-08,0.000145480564640552,0.99978279149683,6.45056719282942e-05,5
"20233",2.07702667223033e-05,0.0018919326641853,6.72535790494261e-07,0.000176249441948064,1.4405350597428e-06,0.997908934556294,6
"20235",5.43835381635161e-09,0.000125963731239534,0.000155325579008537,0.19327000536523,0.775879884952417,0.0305688149337518,5
"20239",1.32949916017162e-06,0.00548608673225905,0.00265927770663414,0.263614060375566,0.727770476315375,0.000468769371005549,5
"20254",3.15655126722959e-09,9.0995902539824e-07,3.85886711789417e-12,8.21283980084496e-05,0.00382857751288734,0.996088380969669,6
"20256",3.63109435183583e-09,3.18785140911083e-05,2.69297589668492e-07,0.000721214723656548,0.999031934466596,0.000214699366972026,5
"20262",0.615153583654525,0.384691677829398,2.46918400809143e-06,7.81606480834033e-05,7.18129719901256e-05,2.29571199559589e-06,1
"20270",0.00334515922016246,0.0137512491399708,0.00196410109455859,0.000552070869756023,0.980370753128552,1.66665470005767e-05,5
"20284",2.59636232539838e-05,0.57979473083159,4.12496674452968e-07,0.0447403235975554,0.00836668761131649,0.36707188183961,2
"20287",8.83438856595528e-10,3.11216657557797e-07,9.79645121042084e-08,0.00485342254522912,0.99504237940231,0.000103787987852052,5
"20290",2.27505236984253e-05,0.00207767354986922,3.51892803796861e-10,0.00467828748925742,0.00148298890485426,0.991738299180428,6
"20293",9.04683533091975e-06,0.0434473135348292,8.19787749324499e-07,0.00154119541549718,0.95302848782003,0.00197313660656325,5
"20296",0.676673512363457,0.299283578226748,0.0163190141046073,0.000663983551503473,0.00705983036517853,8.13885065901596e-08,1
"20301",1.00063030917294e-05,2.88239728923398e-07,3.63174770634198e-08,0.00190762051994194,0.997714767980882,0.000367280638878165,5
"20304",6.36846842654123e-08,1.37449281400066e-05,7.20082935302887e-11,1.13387561697145e-05,0.00434951752311071,0.995625335035887,6
"20306",9.39364808393517e-10,1.13453794955732e-05,1.94533171370578e-08,0.000438990820066535,0.997702760926854,0.00184688248090235,5
"20309",0.000160726212417265,0.296231282499674,1.55395304887234e-06,0.27061402890634,0.429369114285912,0.00362329414260808,5
"20311",0.000295018535825167,0.00358614745985707,1.1753428665077e-06,0.00110532102151613,0.99428508961483,0.000727248025105427,5
"20314",0.0199163234641415,0.977454545887063,4.90321836049432e-07,0.000937055923729971,0.00165568520123673,3.58992019925591e-05,2
"20318",0.999870450137557,0.000105072667678971,9.4308151008601e-06,1.2311003588946e-07,1.48498096655406e-05,7.34599622031313e-08,1
"20320",0.00219944205062712,0.543687405859254,1.96223795506493e-05,0.451226395152579,0.000829421987489208,0.00203771257050037,2
"20326",0.0444464381255889,0.952692875334702,1.15923097100161e-06,0.000443665147113461,0.00232631391974025,8.95482418842543e-05,2
"20328",1.41102828763533e-05,0.869626815778788,7.09274933121219e-06,0.128217453793779,0.000705885716244263,0.00142864167898104,2
"20330",6.5253613426328e-07,0.000271945615493037,7.19329434816503e-07,0.880111955235068,0.116194035328348,0.00342069195552146,4
"20336",6.63329949882777e-07,0.0250336797903683,9.42546342321325e-09,0.00296410011022699,0.0102914032606614,0.96171014408333,6
"20338",9.35477213066313e-05,0.00109950919934241,4.11265429762153e-09,0.00511197434774265,0.0139441938866168,0.979750770732337,6
"20340",1.70945871000223e-08,2.12810439698092e-06,4.13932306520853e-08,0.000318946984735776,0.999305713200316,0.000373153222733285,5
"20342",0.000236026511068986,0.000101497719369468,4.54357045250285e-05,0.0139770528964153,0.000349187179280076,0.985290799989341,6
"20344",2.5716226105938e-07,0.00124546315240784,2.08386698405749e-07,0.000408459443211015,0.997851740382358,0.000493871473064075,5
"20349",2.19725896727644e-09,1.9180977481262e-05,9.8502182217545e-08,7.36983693312558e-05,0.999787758013179,0.00011926194056716,5
"20351",0.000551023051553838,0.0498391064608919,1.03891403965968e-06,0.0195963942286094,0.916475002902734,0.013537434442171,5
"20353",2.93762078151481e-08,0.000149188297143066,1.0247501733334e-08,0.788080104275581,0.193092873941315,0.018677793862251,4
"20357",2.45579486552517e-10,5.1552077036451e-06,1.37136887602787e-10,0.00246669348650193,0.000682204891292626,0.996845946031785,6
"20360",7.35839750577951e-07,8.59672361797771e-05,0.000306547568532567,0.688455566939082,0.00430715584228,0.306844026574175,4
"20364",1.06667987959765e-05,0.0293411162506364,3.03975296697329e-08,0.380121346880847,0.588350909148503,0.00217593052368791,5
"20366",9.16862355871515e-06,0.00629441168972404,7.54949269044922e-09,0.000840286961599123,0.000840393132947391,0.992015732042678,6
"20381",0.0163434253235211,0.00341304355709419,0.980237383740047,5.06386305564006e-06,9.54251069354691e-07,1.29265212838734e-07,3
"20391",4.03042569105767e-08,0.0327083602992258,0.241503683340162,0.540257892690197,0.168098526785435,0.0174314965807219,4
"20394",0.000983763751023302,0.982773988795801,0.0022564976331857,0.0138867764474209,9.71663203830738e-05,1.80705218621503e-06,2
"20396",0.0131300603047979,0.219889644702909,0.766919983886005,5.96474065081029e-05,6.50578821962229e-07,1.31209576898692e-08,3
"20409",0.15567763317507,0.212068553019363,5.75997618598473e-06,0.000256385051020506,0.631140294567709,0.000851374210652247,5
"20411",2.3400884329259e-09,0.000246139917829297,9.46924574319877e-09,0.0464976785281336,0.83638432704666,0.116871842698043,5
"20416",2.21764733497815e-11,2.53936269931506e-08,1.43489010213136e-10,0.000294660468259846,0.029277214573478,0.97042809939897,6
"20418",0.0617395533172649,0.154589115753416,0.783661907592384,8.80831583388632e-06,6.08121294417845e-07,6.89980639232293e-09,3
"20420",0.000209865867109508,0.0238691666154056,8.64104930697337e-07,0.00102717908318924,1.85109460061958e-05,0.974874413383359,6
"20422",4.60574104234429e-05,0.000361995999211888,4.47668919912856e-08,0.0569210879244425,0.942397912791535,0.000272901107495653,5
"20424",7.51930041612603e-09,0.000162470932759157,4.32789545288725e-09,0.147655531462355,0.811960876377572,0.0402211093801179,5
"20426",9.89921155304902e-05,7.75807714769742e-06,4.52643009752767e-10,3.69674138117937e-05,3.48120311722242e-06,0.99985280073775,6
"20428",1.21112045479309e-05,0.0429004130301236,0.00238911588205514,0.198829793689677,0.755853939142125,1.46270514707957e-05,5
"20431",0.0988271699561676,0.623663532741258,1.66927073948612e-06,0.253127991095394,0.0201499983072065,0.00422963862923432,2
"20433",9.13918299568448e-09,1.48940280736346e-06,0.000145466047203385,0.000969333337159441,0.99887146431809,1.22377555565424e-05,5
"20436",7.20345086083293e-06,3.82359820542466e-05,0.993144597947968,7.91420936990214e-05,0.00673068920692736,1.31318491033926e-07,3
"20439",0.220005917066853,0.5116947751673,0.268254992251244,4.1356458155782e-05,2.93631720950741e-06,2.27392371689294e-08,2
"20441",1.68106242499995e-07,5.70689931346487e-05,4.14011458128856e-10,0.0183727070895051,0.000592262095615318,0.980977793301491,6
"20444",0.999843949513273,0.00015339215090364,2.48996126600403e-06,8.07915173015553e-08,8.07593689918688e-08,6.82367126880946e-09,1
"20448",0.150315246804087,0.838587742894737,0.000177316271557975,0.000123998863050788,0.00969942596675616,0.00109626919981048,2
"20536",1.26104220995839e-05,0.226596912819784,0.76847039832578,0.00479187075107619,0.000127807710194573,3.99971065506156e-07,3
"20538",1.49504249072802e-06,0.0566591269035916,6.84872076997863e-06,0.000519223828595422,0.218122919933892,0.72469038557066,6
"20541",5.01344462555353e-09,4.66726110136271e-06,9.22602285037636e-11,0.00681396976398406,0.932411692818522,0.060769665050688,5
"20544",0.00398430927614294,0.799614702763654,2.87397956611675e-06,0.00394051842765933,0.191740241666598,0.000717353886379519,2
"20546",9.72784252798369e-09,0.000854487574461791,8.3406257472759e-09,0.0153806402605124,0.977735088369589,0.00602976572696855,5
"20550",8.6889530511556e-05,0.00362422451493021,9.50910515055497e-07,0.992518706845694,0.00353210341797473,0.000237124780374288,4
"20553",1.70671975021623e-07,5.06229574346165e-09,8.27012686747578e-10,1.38955586653738e-05,0.0231583038596847,0.976827624020366,6
"20555",1.01513326875999e-07,0.00132332013587896,3.85800633907232e-07,0.00260828048489814,4.75652995699535e-06,0.996063155535305,6
"20557",0.000278744332122881,0.0216901694808797,2.27748017977861e-08,0.958487880126157,0.0077811155865671,0.0117620676994716,4
"20559",1.24899122313957e-06,0.000208443496711787,3.25769713664788e-09,0.000497823482841626,0.99924906855751,4.34122140166984e-05,5
"20561",0.270156647137373,0.728429306059666,4.64996040418047e-06,0.000667003479598667,0.000713668931785775,2.87244311728586e-05,2
"20564",0.999976773273198,2.23665555175611e-05,6.16383982319383e-07,6.11358012157441e-08,1.59540475171832e-07,2.31110255086996e-08,1
"20566",9.27692587146722e-05,0.0687490822861545,5.14509744020889e-05,0.194173430272198,0.736927150936145,6.11627238586429e-06,5
"20569",0.120662428322299,0.878842818616949,0.000431405500098397,5.19715575117214e-05,1.12274267222203e-05,1.48576420106461e-07,2
"20572",0.925391657364002,0.0739675670314543,0.000631513870895828,2.78487307890809e-06,6.457659383439e-06,1.92011857482811e-08,1
"20574",2.75362190342237e-06,0.000151554949212698,6.2373063625278e-10,0.00371394306915072,0.994412619445859,0.0017191282901438,5
"20576",0.999825197521846,0.000172830698918601,4.52393138549249e-07,2.96486393785346e-07,1.15618980924726e-06,6.67098939267812e-08,1
"20578",0.00565435855680424,0.184562291526592,1.40931152203867e-06,0.0567872476456171,0.752434629632899,0.000560063326565004,5
"20580",5.70530448957235e-05,0.15734113948515,1.50858403514854e-05,0.00295834320225352,0.839580854794707,4.75236326416812e-05,5
"20583",0.999910204032449,8.82706712994939e-05,4.46663965159488e-07,1.89896904864497e-07,8.36965935911184e-07,5.17694454414338e-08,1
"20586",2.69536323011343e-06,0.0842701081245142,8.85593216234292e-07,0.00364195372910062,0.9105137015017,0.00157065568823887,5
"20589",7.57713917983536e-10,1.67979481033435e-05,1.19451360537579e-07,0.0100410985919495,0.989811535681817,0.000130447569055946,5
"20591",4.2427824041966e-06,0.171986453593295,1.73722587090019e-05,0.778505997744481,0.000866818564673676,0.0486191150564374,4
"20593",1.17569118467082e-08,8.05763532881369e-08,8.70993673965142e-09,0.000824914159570097,0.999129836954051,4.51478431769636e-05,5
"20595",3.65005395014927e-05,0.00287111312012267,3.90969485416733e-08,0.000535402260959513,0.996333185186096,0.000223759796371649,5
"20597",4.62354316767601e-06,0.000906919608252195,0.999087442038901,9.35197026342878e-07,7.86774658145645e-08,9.35187458452501e-10,3
"20599",0.999962768551202,3.59038054793227e-05,1.05921430844449e-06,3.55989317530109e-08,2.20700868919958e-07,1.21292093147053e-08,1
"20601",0.000244546588972993,0.983589705283342,4.25585588608635e-06,0.0159619433448059,0.000175952226983335,2.35967000094251e-05,2
"20604",6.57494656081479e-07,5.50034356520637e-06,1.80010090976131e-09,0.000102152243945908,0.999849377984412,4.23101333194087e-05,5
"20606",1.65496371423598e-08,4.96670580035566e-06,3.13069759912479e-09,0.00112944498137447,0.998813226889089,5.23417434013421e-05,5
"20608",2.37231067575341e-07,0.000318239603300984,1.54635972325646e-06,0.044776317064888,0.954896485398546,7.17434247431104e-06,5
"20610",0.998919731405484,0.00106094228246011,7.13567268367891e-07,1.22694144323414e-05,6.00241105022228e-06,3.40919304769978e-07,1
"20612",0.000918522219270305,0.00130648168581889,0.623762149407888,0.000386674793048468,0.23077966329622,0.142846508597754,3
"20614",0.993146616377097,0.00684034016003023,6.77495216979775e-07,1.14357606535949e-05,7.22740380899371e-07,2.07466621798198e-07,1
"20616",0.000478984027811688,0.994006983734777,3.73970656554081e-05,0.00103233742243154,0.00437187876949439,7.24189798299611e-05,2
"20618",1.49041909596065e-05,0.000798766339998994,1.76886170447533e-09,0.00158905068288587,0.00014550550312257,0.997451771514171,6
"20620",1.99024695662298e-05,0.000367978810028102,2.86892930563533e-05,0.000157677439095292,0.999398544595883,2.72073923712722e-05,5
"20622",0.999482670229671,0.000512572705486127,2.65431357823168e-07,4.02464524409687e-07,3.98684347459081e-06,1.02325485852065e-07,1
"20624",3.22734681230502e-08,0.000318889290892849,2.60068640985865e-08,0.000995033017743624,0.972468620393739,0.0262173990172922,5
"20626",0.00112473994541561,0.0140369539269033,0.219658813228299,0.0117588776894286,0.753419616387844,9.98822108507866e-07,5
"20628",0.000317721340348166,0.116279763804857,0.129339610585158,0.652430339698488,0.101550067302875,8.24972682733664e-05,4
"20630",0.0121319678243216,0.0541986298789935,3.10033147713172e-06,0.449237798841553,0.484293249946936,0.000135253176718782,5
"20632",0.990572059208489,0.00853834481743273,0.00088859095631478,9.11853328952921e-07,9.04231252963461e-08,2.74130912153001e-09,1
"20634",1.2490317006486e-08,9.05647563402096e-06,7.10096241353118e-09,0.00206628699546408,0.997889611855193,3.50250824293265e-05,5
"20637",7.82457566765314e-06,1.65732965406945e-05,7.26567593040453e-12,0.0012830805484342,0.00657534514492376,0.992117176427168,6
"20639",0.587084072354833,0.412829058918774,3.71568361264521e-06,7.10663189012719e-05,9.92872230045423e-06,2.1580015786614e-06,1
"20644",2.00547826265139e-08,2.63877431506148e-08,6.8317183150647e-06,0.000921413366246425,0.328218217387163,0.670853491085749,6
"20646",9.09155851119378e-06,4.64411030674808e-05,0.00156322970148386,0.402878629855538,0.583978020110177,0.0115245876712228,5
"20648",0.00690079099124349,0.992500681189199,8.41509599363698e-07,0.000512294047614167,6.82373941931809e-05,1.71548681508587e-05,2
"20650",2.67466039727444e-08,7.62141209320887e-05,1.90524965281993e-08,0.00248335571611201,0.684618406825861,0.312821977537995,5
"20653",0.00292148490130665,0.96616479751055,9.57956504818165e-05,0.0302884396801074,0.00022870109870265,0.000300781158851559,2
"20658",1.34171946705656e-08,5.27837081576284e-05,0.000154549852187925,0.0016390809285706,0.998150120263143,3.451830746662e-06,5
"20661",8.02472545071912e-07,0.00415887851863769,9.57596220259139e-05,0.000707647701344664,0.0333094423525583,0.961727469332888,6
"20663",5.26362060855257e-06,0.410329663084668,3.53308313550199e-06,0.0370491013626386,0.551011665055968,0.00160077379298105,5
"20665",0.999926188548738,3.54698390521576e-05,3.65495375662081e-05,7.38269140726653e-08,1.71505179355763e-06,3.19593629633067e-09,1
"20667",6.43195533579758e-05,0.114199838497476,0.00633140685416297,0.875759530812503,0.00356748424457911,7.74200379211533e-05,4
"20669",0.00016676540679685,0.0334592871624969,0.966367871215135,5.5272777572611e-06,5.11678705227169e-07,3.72591093191164e-08,3
"20671",7.69439248578324e-05,0.0014953481195627,2.17175034281552e-10,0.00928864310470566,0.143542504985953,0.845596559647745,6
"20673",2.47126948554979e-05,0.000886400450322718,0.999088359996578,4.82067820717273e-07,4.4373903836922e-08,4.16519473448927e-10,3
"20675",1.44979708299653e-05,0.766362584645126,0.22556860292323,0.00140169667916111,0.00664744496373312,5.17281791969628e-06,2
"20677",3.87954013360877e-06,0.425003996425361,0.000669490106807896,0.030605210239643,0.543489453497651,0.000227970190403744,5
"20679",0.000711310622370769,0.0355737971243666,0.963703170081202,1.15810719762551e-05,1.26988751540687e-07,1.41113329220477e-08,3
"20681",1.48379113699744e-05,0.939649781659827,0.0590558328061253,0.00122862951619024,4.87139503429663e-05,2.20415614464481e-06,2
"20683",1.14553045664872e-05,0.464076515906506,0.00459760431118975,0.175834062467956,0.355420261066568,6.01009432124672e-05,2
"20685",5.76881759630317e-05,0.0113663186120304,1.60589472382461e-06,0.00629407717730946,5.82768333226077e-06,0.982274482456641,6
"20687",0.904163322852561,0.095806644016617,2.06313309219813e-06,2.40714823626634e-05,3.21903948119728e-06,6.79475886194086e-07,1
"20689",8.63762725741051e-09,7.54079435615744e-07,1.44929386039608e-05,0.000120965811229577,0.153431320093006,0.846432458440098,6
"20691",0.999763699058518,0.00023547262485747,4.39467105010347e-07,1.75906309883639e-07,1.85926026310586e-07,2.70171833868062e-08,1
"20693",1.11969183328199e-09,5.75717923135612e-06,3.46267758959217e-08,0.000237889432697808,0.998733765541098,0.00102255210050537,5
"20695",0.00168936027357883,0.997637048635176,1.19764734096012e-05,0.00058618438095388,7.08363650509923e-05,4.59387183108359e-06,2
"20697",2.78183161400278e-05,6.78318175180881e-05,5.7776870991334e-10,0.000470847584698776,0.99920917889246,0.000224322811414044,5
"20699",9.17793103567631e-05,0.647882897034325,0.0164161654794952,0.00765409039476192,0.327950646056695,4.42172436639314e-06,2
"20701",2.2853814138228e-07,0.0419049068388254,0.00066183995239001,0.152759290348574,0.804552255376451,0.000121478945618279,5
"20703",0.000107667139018796,0.0137263242176406,0.982699098078663,0.00301789067849599,5.26074401088021e-06,0.00044375914217106,3
"20705",8.23887451640684e-08,0.000926518442385325,5.84207969639643e-08,0.0264792309331213,0.969115120545224,0.00347898926972727,5
"20707",8.12963722503375e-06,0.979954431053534,4.20481625395083e-06,0.0175147429327935,0.00236559131659693,0.000152900243596543,2
"20709",0.897416653984273,0.0768271233558694,0.000302458823858288,0.00100218722891076,0.0244486404813926,2.93612569644894e-06,1
