"","V1","V2","V3","V4","V5","V6","best$classification"
"19812",0,0.0197098208952743,0.879933004577392,0.0999841508500127,0.000372897731057966,1.25946262926905e-07,3
"19814",0,0.00718592554841609,0.686216004025137,0.047781434946407,0.258022829698388,0.000793805781652041,3
"19816",0,0.0138373121122229,0.985478793349632,0.000683410443761363,1.11656954475059e-20,4.84094383549237e-07,3
"19818",0,0.0090086356898931,0.912791941944541,0.0781706082535701,2.66264548476704e-05,2.18765714771757e-06,3
"19820",0,0.0249878145954417,0.58642255870554,0.388589626699018,1.02422867204552e-63,1.05699431569571e-17,3
"19822",0,0.987042699438347,9.35987285989839e-10,0.0129572996256657,9.23013451307777e-56,1.11500145321227e-34,2
"19824",0,0.196326444736066,0.000481957722841681,0.803191597541093,1.89638717966503e-34,1.48837430638626e-16,4
"19826",0,0.0582958775470045,0.647985583522641,0.293637180586199,8.09010029998669e-05,4.5734115484233e-07,3
"19828",0,0.00692284867432527,0.898386762659566,0.094690388666085,1.54155283379951e-33,2.38964438613718e-14,3
"19830",0,0.685632014903456,6.31011871999727e-06,0.310569950091339,0.00379172474361673,1.42868771749438e-10,2
"19832",0,0.453760303932277,0.000111300332791,0.54612839573381,1.10535311264395e-12,1.66490709398907e-14,4
"19834",0,0.0411162742530735,0.827480663029636,0.131403062717264,3.02134099639464e-16,2.68924268742587e-14,3
"19836",0,0.0680362211022848,0.0723707455260652,0.859593025535875,1.22393022869527e-09,6.61184489157939e-09,4
"19838",5.54195673442521e-43,0.00144091456028802,2.86132246730866e-05,0.00712277376283295,0.991203501380825,0.000204197071380889,5
"19840",0,0.0193678411342696,0.956231323000059,0.0244008358563745,2.76483115885113e-15,9.29403083615933e-12,3
"19842",1.18244205123163e-121,0.0139786799820099,1.08074161588359e-17,1.04481467344529e-06,0.00449842619891815,0.981521849004399,6
"19844",0,0.828939526604015,1.20466696253182e-26,4.03807128814564e-10,1.85858279541335e-16,0.171060472992178,2
"19846",0,0.00532766553519531,2.28960726053483e-09,0.00146139160457253,0.850304737325317,0.142906203245308,5
"19848",0,0.000477284488857486,2.96576054567098e-07,0.00121686564657425,0.994201393654298,0.00410415963421591,5
"19850",0,0.0152599513597112,0.000118602079437313,0.0683874335881004,0.916225591331115,8.42164163613028e-06,5
"19852",0,0.005378186287818,0.99278974756494,0.00183206607516139,8.58013595501073e-13,7.12224316023192e-11,3
"19854",4.44364777812928e-16,0.000139126632545858,1.50035866796798e-06,0.00064575230772687,0.994881486434387,0.00433213426667164,5
"19856",0,0.985782776325058,4.32310825899501e-11,0.0142172222605524,1.37099567615251e-09,1.63088300357393e-13,2
"19858",0,0.960568219900914,4.25185947198705e-09,0.0394317758470309,1.44994128005631e-18,1.95923068598298e-13,2
"19860",0,0.00976651722379756,0.989319844988044,0.000913637095005188,5.14244115814454e-10,1.78908906316185e-10,3
"19862",0.999380246164788,1.65020264272179e-06,5.47154317817315e-14,1.45946627998416e-07,0.000256007984475803,0.000361949701410552,1
"19864",0,0.999999590371957,2.18037587145512e-41,1.58239493465353e-17,8.91420116182553e-29,4.09628043139255e-07,2
"19866",0,0.112082145233349,0.0626447114991808,0.82527314326747,9.09945429409504e-28,9.91294333806611e-17,4
"19868",0,0.999999999999996,2.60347743228495e-53,2.81228105473091e-25,5.04173725829048e-27,3.83682999917569e-15,2
"19870",0,0.0471592140032417,0.00118867447200586,0.392914143952669,0.558712466064953,2.55015071305012e-05,5
"19873",0,0.0329062305042343,0.662523170009387,0.3045694925271,1.10695921652704e-06,6.24540615349101e-14,3
"19875",0,0.006468522463004,0.991102670517368,0.00242880701959629,1.49320111231119e-27,3.19210890076842e-14,3
"19877",0,0.0230562130232115,0.798969172340451,0.174024924576415,0.00394967155660903,1.85033141472586e-08,3
"19879",0,0.0450837283685902,0.422099565730759,0.532816705875964,2.46873873874368e-11,4.27999793671172e-17,4
"19881",0,0.0673308345742211,0.0157174358951258,0.91694814269453,3.58683576671604e-06,3.56386434653872e-13,4
"19883",0,0.0953296729645108,0.00132585888426696,0.845393506953417,0.046339747631479,0.0116112135663269,4
"19899",0,0.0967744738805771,0.0297140664424803,0.873511459676013,9.30095865204483e-13,2.35209014934775e-18,4
"19908",0,0.999999999313111,1.07236094046476e-25,6.86888642990961e-10,7.58428573611096e-31,1.31437418896493e-27,2
"19910",0,0.00415267454253801,0.98568270598696,0.0101646158210355,3.90584530771771e-10,3.25888194424035e-09,3
"19912",1.18270172463195e-304,0.304527240280636,1.01588954427893e-12,0.000847687790500923,0.404017803735271,0.290607268192577,5
"19914",0,0.0466151150481403,0.634119294046263,0.319265590901982,3.61432679205547e-12,4.36783350428135e-21,3
"19916",0,0.9989754456499,2.5913894196788e-13,0.00102455434984079,1.0568252402298e-41,2.91547292983698e-22,2
"19918",0,0.00775001263797801,0.00122130559693085,0.0857076137145099,0.896338895127198,0.00898217292338304,5
"19920",6.14627896365032e-37,0.000766086253967689,4.77357967494654e-07,0.00167958924795482,0.885646964266134,0.111906882873976,5
"19922",0,0.999121591055215,1.08709377267982e-12,0.00085459179851017,1.63261485096724e-08,2.38008190389731e-05,2
"19924",0,0.0319403519987871,0.597520801484346,0.370205508165575,0.000333338302087315,4.92041817193959e-11,3
"19926",0,0.137995117260616,0.00187724926890972,0.860127633470474,3.68733162814661e-17,5.31348015585955e-29,4
"19928",0,0.722189759918729,6.2094247881936e-61,1.28477484585355e-28,8.05674513265463e-26,0.277810240081271,2
"19930",0,0.00401240564980976,0.0946746722285507,0.056206872723613,0.844839628080807,0.000266421317219721,5
"19932",0.998126880023504,5.54919851825609e-07,9.74601361859667e-08,5.34347376645187e-06,0.00186534545263689,1.77867010445569e-06,1
"19934",0,0.0158201526620684,0.953470961065195,0.0307088862727148,1.90302803771605e-20,2.21199845090175e-14,3
"19936",0,0.0643757407452217,0.603555371456427,0.331134411288188,0.000934476495051327,1.51120406109672e-11,3
"19938",0,0.147796150287867,0.00252890622649201,0.849674943485641,1.59178054642319e-40,2.06185954479308e-41,4
"19940",0,0.0384265511277223,0.298428031731307,0.663142723653495,1.63618678730161e-06,1.05730068888085e-06,4
"19942",0,0.993503766415814,7.8741460894589e-33,7.78800867661174e-13,9.61912616572835e-17,0.0064962335834067,2
"19944",0,0.0104620009416763,0.977777992566572,0.0117600064917415,4.02501652193536e-15,6.81800257320087e-15,3
"19946",0,0.0161804623658731,0.934677923735847,0.0491415786080323,3.52734056131723e-08,1.68415333086017e-11,3
"19948",0,0.0362399302726954,6.85228913621191e-32,4.90062914051875e-13,1.41077501035632e-14,0.963760069726801,6
"19950",0.999491346779642,1.56151203142714e-07,3.47172221127074e-21,2.323115330838e-11,1.10490670325832e-06,0.000507392139220391,1
"19952",0,0.0362399302726954,6.85228913621191e-32,4.90062914051875e-13,1.41077501035632e-14,0.963760069726801,6
"19954",1.30551782724112e-236,0.000467707894572221,0.00226160490262484,0.00773813192800185,0.988421390375897,0.00111116489890364,5
"19956",0,0.999993936676651,6.68019578530393e-23,7.14090319509348e-09,5.74598030341203e-06,3.10202142076216e-07,2
"19958",0,0.999999990857261,3.31564688633286e-42,3.79017504988302e-19,1.49932251245266e-19,9.14273905219297e-09,2
"19962",0,0.166682970204448,0.000856516477208502,0.832460513314986,3.35785825917353e-12,7.13521794340361e-18,4
"19964",0,0.102505844477233,0.00269837748358271,0.894795676050176,1.01988989834912e-07,1.91048025230773e-14,4
"19966",0,0.156648123429235,0.000789356186336575,0.842562520384429,1.93359462068807e-42,4.40905440267014e-26,4
"19969",0,0.043149666779331,0.00728783055009414,0.424995357254594,0.524562454597035,4.6908189465797e-06,5
"19972",0,0.923757311054293,7.62129340681699e-09,0.0732871492032976,0.00293616177841254,1.93703427035531e-05,2
"19974",1.90689090386909e-27,0.000819728293364204,4.11507927378769e-22,1.69956424424154e-09,3.25003914857315e-05,0.999147769615586,6
"19976",0,0.0482710579805886,0.530071613128148,0.421517772338907,0.000139549707234109,6.8451231615538e-09,3
"19978",1.17765488554616e-127,0.00858127717142105,0.981924800776025,0.00949236423999927,4.23561902080462e-13,1.55781213120854e-06,3
"19980",0.999931572878487,4.34861043376096e-08,3.43649236023023e-12,5.14103895085859e-08,6.61643284312709e-05,2.16789315158589e-06,1
"19982",0,0.838641309873148,2.70502715556983e-07,0.157746440984089,0.00361193839411835,4.02459288284191e-08,2
"19984",0,0.985909413149476,5.53920779588965e-13,0.00134336597108436,8.91060717929091e-06,0.012738310271706,2
"19986",0,0.0479188300356095,0.394665940738511,0.55741522922588,1.09894480806516e-54,3.57986457581949e-24,4
"19988",4.14339632653543e-258,0.092471551155867,0.0743067675820207,0.833221681262112,3.38711888845471e-66,4.32048305654738e-21,4
"19992",3.12329327091228e-194,0.025912024913632,0.827909383857992,0.146178591228376,8.36097994928436e-51,9.29610605385347e-18,3
"19994",1.6044027894361e-247,0.00434228816036913,0.102543708742961,0.0544977818036874,0.837966046653059,0.000650174639922986,5
"19996",3.54085499728088e-163,0.00290751937671219,0.988126687334325,0.00896579328896121,6.61424826759084e-49,1.4812035426116e-15,3
"19998",0,0.829823396465796,4.46756790796046e-08,0.170176558858416,1.09336223328356e-13,1.6061005666253e-17,2
"20000",0,0.999980880577164,3.925841139341e-18,1.7690583835522e-06,1.7349813645408e-05,5.50807147467417e-10,2
"20003",0,0.0485573981370239,0.310420743249794,0.558026566553291,0.0829297923029091,6.54997569819819e-05,4
"20005",2.34156541144792e-74,0.000917645100084029,6.06868862945381e-09,0.000463182418174245,0.770480527901879,0.228138638511174,5
"20007",0,0.0301755147613898,0.819127838741038,0.150696646497562,1.0306971875405e-14,2.24081220520145e-19,3
"20009",0,0.421739887111006,7.56863116327317e-06,0.578252544257831,1.70925777733943e-41,7.4999189812561e-32,4
"20011",0,0.199283348221546,0.000164601443408095,0.800172000031916,0.000380010024789522,4.02783402611875e-08,4
"20013",0,0.00464746512269282,0.0157279578209793,0.0422114529509901,0.937215435582039,0.000197688523298447,5
"20016",0,0.509571737352617,4.70191577094735e-05,0.490381243489674,2.52360655474824e-50,2.03919639836316e-27,2
"20018",0,1,9.33207633802863e-39,1.88848167433738e-17,1.8267009310271e-76,1.07781677653339e-24,2
"20021",0,0.00545123617307277,0.9827434098747,0.0118053539513731,7.66763381474118e-24,8.5392421017675e-13,3
"20023",0,0.0181081612705326,0.950386691321515,0.0315051474079525,3.12682474155247e-20,2.6294227387577e-23,3
"20025",0,0.999968581363808,2.15772947216257e-15,3.14186361896743e-05,7.68005341394744e-55,1.21319800196967e-40,2
"20027",6.07599531409384e-201,0.0420140292087333,4.0541340904539e-08,0.0172017190046782,0.880133770078605,0.0606504411666429,5
"20029",6.52806104218701e-125,0.00140002460852089,9.95463054790007e-07,0.00373329179681286,0.954921270028062,0.0399444181035499,5
"20032",0,0.00171573705562188,4.00487889926585e-06,0.00848725842161984,0.989382161073896,0.000410838569962627,5
"20034",2.03068239084231e-39,0.0208203994632435,1.19924810476931e-25,3.60584552426342e-10,8.63499365647432e-12,0.979179600167537,6
"20036",1.44084756494949e-281,0.600140929976003,1.9591699430708e-05,0.39983910787445,3.70339497191126e-07,1.10619156957252e-10,2
"20038",0,0.0193900757688918,0.881848407923854,0.0987615163072544,1.15902634714025e-34,2.02754491901814e-17,3
"20040",0,0.999996078330243,1.6748477047668e-17,3.92166975680323e-06,5.71040359780931e-64,5.71518899580438e-31,2
"20043",0,0.00761102589602746,0.985222818441863,0.00716615566164326,1.88540718416525e-29,4.6679033063211e-13,3
"20045",0,0.369305391077483,0.000710503158221311,0.629984105764296,1.05906800203783e-64,2.42990713328834e-19,4
"20048",9.32820640745698e-06,6.37458183356591e-05,1.34583011836323e-29,4.50942272998979e-14,1.02646181052006e-09,0.99992692494875,6
"20051",0,0.12348414494488,0.345089624868659,0.531426230100757,8.56775206321134e-11,2.67428128823467e-14,4
"20053",0,0.0286283971694523,0.876218351911679,0.0951532509188685,4.47746838284052e-25,3.62836327734745e-19,3
"20055",0,0.1614198269044,0.00484936961610582,0.833730803479392,4.1386965512408e-19,1.02114902218417e-13,4
"20057",0,0.9999969193096,9.97381279948939e-91,2.61372745394228e-47,1.02624812350404e-33,3.08069039993082e-06,2
"20059",0,0.196518157885519,0.00591053964345291,0.797571302471028,6.1447223520303e-27,2.34685448647253e-25,4
"20061",0,0.040755809826458,0.758738018716758,0.200506171456784,2.83203664473122e-19,1.75375777330865e-21,3
"20063",3.59300354756961e-290,0.999999999260118,1.9619996343976e-35,6.79573170704741e-15,7.20351685480165e-41,7.39875025145713e-10,2
"20065",0,0.993445721538957,3.54255378165422e-10,0.00655427810678772,2.44791624363416e-47,2.88477935968366e-17,2
"20067",0,0.1439300065141,0.182787513820476,0.673282479665097,1.57308074803662e-33,3.27086185946077e-13,4
"20069",4.12346781927583e-109,0.000705779638796249,4.02086326988705e-08,0.000713424060563999,0.976051273219708,0.0225294828722993,5
"20071",0,0.613451072715539,6.86145123648529e-06,0.386542065833222,2.53869699867589e-15,1.04425495847097e-19,2
"20073",0,0.373757810024838,2.2572231844622e-05,0.617897558791025,0.00716087899273507,0.00116117995955678,4
"20075",0,0.99999999999921,1.85305893875862e-42,5.46352914838437e-19,1.89015167585382e-20,7.89514019855828e-13,2
"20077",2.75071952444588e-309,0.0174960273532085,0.974776569433198,0.00772740316893331,3.56892772795424e-21,4.46605210596538e-11,3
"20079",0,0.444561839327281,7.05692708861296e-06,0.555431103745631,2.41146692796193e-17,3.1693128053903e-16,4
"20081",0,0.130642382331862,0.0797549799117336,0.789602637756405,1.23596768380464e-24,1.00503091111409e-16,4
"20083",0,0.999998190757919,3.91809172896935e-19,1.80924208123395e-06,4.72037060345604e-17,4.8714577802177e-18,2
"20085",5.63552929252903e-192,0.0850615749955195,0.141515139537795,0.773423285466685,1.70477331141808e-63,1.29131364266638e-19,4
"20088",0,0.0078047417986646,0.98640990910353,0.00578534909780379,1.63204122390221e-35,1.94846317954863e-15,3
"20091",0,0.999998881691613,6.2144376722721e-19,1.11830838751188e-06,4.28560336419741e-26,3.67148985726355e-20,2
"20095",0,0.999996962078879,3.31850003079334e-19,3.03792111487071e-06,3.98727281586512e-22,6.25162953205595e-15,2
"20097",1.61452820584117e-205,0.144832779900446,0.075898535158806,0.779268684940748,9.88008265805504e-60,1.44668947394465e-19,4
"20099",4.34777768340297e-322,0.670012989484123,2.95617134133017e-07,0.329986709790892,3.83889279163592e-31,5.10785066294318e-09,2
"20102",0,0.999999999336745,7.29849805509823e-25,6.62385216637545e-10,2.24576731603005e-17,8.7030968166182e-13,2
"20105",0,0.0172667443209163,0.889506816664043,0.0932264390150405,9.96177220415541e-28,8.34268044929155e-18,3
"20107",0,0.00658472364946615,0.984301882046199,0.00911339430433538,5.31335111674873e-34,5.99078178807162e-18,3
"20109",7.56265865575581e-133,0.11011388546861,0.00290196070039861,0.88698021991877,8.67742702897864e-20,3.93391222115015e-06,4
"20111",0,0.999027772788728,5.2491071814091e-33,4.87006684094446e-14,5.91992476027344e-09,0.00097222129129823,2
"20113",0,0.0864794853537239,0.0245723371994517,0.888948177446824,1.77830621416194e-23,6.35591921688753e-16,4
"20115",0,0.995468572965693,4.5279468729768e-13,0.000480836675889013,0.00405058466979661,5.68816879648152e-09,2
"20117",0,1,8.58666120574718e-41,7.67953316469724e-18,1.8054944118462e-44,1.44796986985015e-33,2
"20119",0,0.175696362595393,0.000485515750671281,0.823818121653468,4.06737882134331e-39,4.68366215704681e-13,4
"20121",0,0.00833122621211402,0.96592668755806,0.0257420862298259,5.54014669362703e-43,5.03106116659591e-23,3
"20123",0,0.999999491892886,1.42055958832199e-19,5.08107113616898e-07,3.51383490489823e-32,2.32219996195668e-24,2
"20125",7.75276123096539e-283,0.000603516457214791,8.88033690132974e-05,0.00297954602682125,0.996153801325341,0.00017433282160942,5
"20127",0,0.067352060298007,0.0584950301941553,0.874152909507838,1.24139423665113e-54,9.21529623846005e-17,4
"20140",0,0.727132644585091,2.23933504536639e-06,0.272865116079863,1.2546254332623e-17,5.45040996725114e-23,2
"20142",1.04282119684793e-38,0.00612905006777436,1.28860222981056e-14,5.96263281101128e-06,0.117833848288841,0.876031139010561,6
"20144",0,0.986042901881,3.78433040044989e-11,0.00171142753366186,0.0122456703003803,2.47114982636406e-10,2
"20146",0,0.823562510852627,4.19295097140144e-06,0.176413612618964,1.96835774371417e-05,3.25077168488282e-16,2
"20148",0,0.0169123811093691,0.938484790880934,0.0422914659314724,0.00231136005480878,2.0234162632707e-09,3
"20150",0.99987105785862,5.25702223867379e-07,6.67384973557073e-17,5.00647190264625e-09,1.03062341286925e-05,0.000118105198555624,1
"20152",0,0.0170461332952322,0.940610397505869,0.042326473161614,1.69958385200017e-05,1.9876464845125e-10,3
"20154",0,0.999944432243811,3.98008869618693e-15,5.55677561622673e-05,6.34206286865227e-40,2.24612471204589e-14,2
"20156",0,0.303308074220134,0.0002920079911502,0.696399917788716,4.39472251894089e-17,2.92499198451151e-20,4
"20159",1.98592673274563e-27,9.13352049733957e-05,1.21538665998083e-09,3.24906204780998e-05,0.985137974914091,0.0147381980450711,5
"20161",0,0.99919043452852,6.79523430396426e-13,0.000809560318507105,5.11517068978878e-09,3.71231458458265e-11,2
"20163",0,0.090103686044824,0.00700356803332838,0.902889426993538,2.84668732957593e-06,4.72240979832835e-07,4
"20165",0,0.905686028863638,6.40426299909098e-08,0.0942844024591265,1.05457428482299e-16,2.95046346053604e-05,2
"20167",0,0.00610412734170587,0.894506690981584,0.0292435833611877,0.0695717204034391,0.000573877912083386,3
"20169",2.15117671185519e-14,0.000307617313313493,1.04169575860145e-23,8.14423330043068e-11,3.77474797421115e-06,0.999688607857248,6
"20171",0,0.999999999681419,2.87286228278024e-25,3.18570845757612e-10,7.53563958066826e-48,1.03592111148759e-14,2
"20173",0,0.999999963700927,1.6978975672856e-23,3.62971790087162e-08,6.88160935269694e-33,1.89408499662498e-12,2
"20175",1.34179212293646e-258,0.0634593812705488,0.0485931909460114,0.844851286987184,0.0430958935637879,2.47232467579117e-07,4
"20177",0,0.718588319487504,1.0627303331182e-07,0.281411574239463,2.64930529391915e-31,7.29207154364963e-21,2
"20180",0,0.0867354138178041,0.0764649246945148,0.836799661487679,2.44684420887274e-44,1.68377144252125e-15,4
"20182",7.38251111201632e-86,0.00237445068720879,3.33870754057861e-80,6.1936324125247e-42,3.60621560644269e-25,0.997625549312791,6
"20184",0,0.103857037193578,4.01241445724781e-05,0.192754650107617,0.702856913884895,0.000491274669337962,5
"20187",0,0.999106170614189,6.9374362988472e-14,0.000893829371056108,7.53968258304713e-18,1.4685550898497e-11,2
"20189",9.09846590098948e-319,0.0277046018349079,0.809713940003121,0.162580676591655,2.26067867329334e-18,7.81570316633025e-07,3
"20192",0,0.999999553430083,1.17543855827771e-19,4.46569916644614e-07,7.0891556676946e-38,5.37947119844436e-25,2
"20194",1.92357830278199e-160,0.999409209975728,4.14718891954048e-17,1.73875214372272e-05,1.74079503803818e-05,0.00055599455245418,2
"20196",0,0.792192808672203,3.14554381437998e-06,0.207804045783983,1.83020013603406e-42,1.28951959264686e-17,2
"20198",0,0.239251061827128,0.0548972299139545,0.705851708092898,1.66020006066443e-10,7.600537252443e-19,4
"20204",0,0.00300911619936781,6.92881657999286e-09,0.00100971045642685,0.993050894389885,0.00293027202550354,5
"20207",0,0.242531267548099,0.00647569724748065,0.75099303520442,1.1675892958796e-36,1.15603532162841e-19,4
"20209",0,0.999998523063435,4.60925118069537e-22,3.33547769216484e-08,1.4429668856058e-06,6.14902594592376e-10,2
"20211",0,0.999930545601671,7.34632953768186e-15,6.9454398158185e-05,5.4824626658705e-23,1.63366008360596e-13,2
"20215",0,0.017486028577529,0.937981000646241,0.0445329707762296,1.5904710530259e-23,5.85372035522727e-18,3
"20218",0.999979953033181,2.51586894276966e-08,2.94128808905076e-17,4.09031152946566e-10,4.59200516825406e-06,1.54293939298091e-05,1
"20222",1.03368365073764e-260,0.122554315408028,0.0308491366768169,0.84659654791515,1.7308642300985e-27,5.26922543113617e-15,4
"20225",0,0.947494892064544,4.88897096145583e-10,0.00580113628808085,0.0467039708515464,3.06931481395215e-10,2
"20229",0,0.949988092932348,1.44687533346615e-07,0.0500117582724783,4.1076394086552e-09,9.37143712069066e-16,2
"20232",0,0.0669825541411229,0.0765319371667242,0.856485508692153,1.99374750551009e-18,7.67225884660699e-20,4
"20234",2.14560877147234e-259,0.999999418755894,9.25511711521287e-19,5.81244106381543e-07,5.80174520331668e-75,2.27712836972613e-19,2
"20238",0,0.0776136152407348,0.252515731233047,0.669870653526218,9.41717690558178e-37,3.48163536169991e-27,4
"20253",2.21053904773456e-199,0.0520322231302446,0.673784448309114,0.274183328560641,8.69405683983601e-38,7.17199585030043e-16,3
"20255",5.74118052392529e-176,0.00548936455015689,0.00133952834929043,0.0370626883625061,0.955983634845133,0.000124783892913907,5
"20258",0,0.00452163225456856,0.960829860394107,0.0346485073512573,4.82006939915719e-41,6.72024129095141e-14,3
"20269",1.17161630004684e-173,0.0492572088912098,0.263110864502096,0.687630202278655,5.60656494837536e-19,1.72432803908871e-06,4
"20271",2.51846508114079e-134,0.180799311098489,0.000284270047793783,0.818916418760621,7.26678574771445e-39,9.30960546362326e-11,4
"20285",0,0.996297667855079,5.04219383371646e-13,0.00370233214441626,6.96671881783614e-18,2.80628738975225e-32,2
"20288",0,0.0378015563910033,0.700139577361734,0.262058866247263,3.01124811605459e-22,3.11347628517728e-19,3
"20291",0,0.823052258761196,4.36069060761101e-07,0.176947305169743,7.56632337107785e-41,1.16524614235508e-30,2
"20295",0,0.859619039302834,6.55947723668609e-08,0.140380895102393,1.00389496603271e-22,1.39621918843281e-16,2
"20298",7.85546664944669e-269,0.000284676056617745,2.63135647536414e-05,0.00199882940585067,0.99689038046565,0.000799800507128004,5
"20302",0,0.501147675654023,3.3486108297048e-06,0.498548426584582,0.000300549150090198,4.75928592838908e-13,2
"20305",0,0.000637800302357166,4.02897851590741e-07,0.00160524692706221,0.99551806947006,0.00223848040266915,5
"20307",0,0.00442058020742121,0.98543026356205,0.010149156230529,3.81620194576476e-47,2.72864623975863e-19,3
"20310",0,0.915974262671474,1.12158465365413e-07,0.0840256251700604,3.29923322525518e-72,9.80097989860281e-28,2
"20313",0.999477518104609,2.72696994152183e-08,3.03999950050513e-29,1.87054901458923e-15,1.81202501622414e-09,0.000522452813665292,1
"20315",0,0.0170275606250745,0.689194506949912,0.293777932425014,1.55209789016586e-36,1.00588989607421e-19,3
"20319",0,0.925417427087661,4.46641213793293e-08,0.0745825282482178,7.85860397141949e-41,7.27445224071181e-21,2
"20321",0,0.0728109280492844,0.556443860035899,0.370745211914817,2.13012574650647e-44,1.0227658307241e-24,3
"20327",0,0.0287740223387131,0.430894044484888,0.540331933176363,2.23112127330958e-45,3.63345498830548e-14,4
"20329",0,0.686982612401359,3.59241522011239e-27,7.00600310518468e-10,2.97673820234949e-10,0.313017386600367,2
"20335",0,0.401297386592625,0.000694044145814105,0.598008569261561,1.00262131796355e-46,3.3157236147665e-16,4
"20337",0.999958711700725,4.56442379143949e-09,3.28041792236792e-12,8.16480607644007e-09,4.08380624474822e-05,4.37504317464087e-07,1
"20339",0,0.999999978359232,4.05404477146751e-22,2.16407682788577e-08,9.22020618038351e-23,8.89639519094625e-25,2
"20341",0,0.999999514140572,3.40707188813261e-19,4.85859428060274e-07,1.84710210881073e-35,9.44196035306126e-22,2
"20343",0,0.676148841538176,9.62312746905809e-06,0.323841535334355,4.27900417858475e-51,3.92670057337887e-18,2
"20345",0,0.0809189354190931,0.022072892434481,0.805840213714642,0.09116572597704,2.23245474365483e-06,4
"20350",0,0.999976385044975,1.21112256491493e-15,2.3614955023672e-05,1.09435414610145e-21,3.44708096197406e-24,2
"20352",0,0.00552601712909583,1.70666719042545e-17,4.15650490733409e-07,0.000100595793239854,0.994372971427174,6
"20355",0,0.980386184645649,7.48108616711914e-10,0.0196138145219469,8.42954338721464e-11,2.14257295897388e-17,2
"20358",6.3577194528125e-241,0.998580048444912,1.01556779541698e-19,3.69394382492399e-06,3.91032973439267e-06,0.00141234728152913,2
"20363",0,0.00920098448972388,0.982732276781137,0.00806673872913917,1.11496170921727e-37,2.21773721157424e-20,3
"20365",0,0.244716997823354,0.00247573833086238,0.752807263845784,5.48131050308565e-20,9.68843360207586e-20,4
"20379",0,0.754266540039265,1.12990885650291e-06,0.19556225001966,0.0501700799452177,8.70012064295426e-11,2
"20387",0,0.00747665004282859,0.97654808546714,0.0159752644900219,3.30247817068439e-34,9.45575848472138e-15,3
"20392",0,0.999933741836401,4.98792046053016e-15,6.62581635938317e-05,1.89494544643285e-30,6.08415920219373e-17,2
"20395",0,0.0244738731614498,0.914335366427859,0.059709466511103,0.00148128626871024,7.63087779800273e-09,3
"20397",1.17054392638742e-17,0.00196026633377737,1.13687156921897e-55,1.37001128699548e-26,2.98766458659178e-20,0.998039733666223,6
"20410",0,0.0236308493814402,0.729595303180172,0.246773846871661,3.39726864156793e-24,5.66727012582137e-10,3
"20414",0,0.101966752403744,0.00264120861890446,0.803786044467234,0.0916059477409353,4.67691817397113e-08,4
"20417",8.80868793578456e-151,1,2.02571250092951e-47,3.0958488139561e-22,3.50205517018285e-84,2.78595581686883e-19,2
"20419",0,0.036389474583904,0.745292723609061,0.218317801802657,6.92872527376641e-48,4.37871191177792e-12,3
"20421",0,0.985889988083897,2.68316533484109e-09,0.0140924176148137,1.75911396584037e-05,4.78465493124302e-10,2
"20423",3.16676706764978e-125,0.00548688168965787,9.42860378129194e-07,0.0055579853739365,0.987780935736342,0.00117325433968554,5
"20425",8.09570995798762e-190,0.0363649655007473,8.08195188428162e-06,0.0405112710940999,0.920429410081119,0.00268627137214992,5
"20427",0,0.0104302917145711,0.986295272025916,0.00320972708331174,6.33222627227717e-05,1.38691347891116e-06,3
"20429",0,0.930773864760864,6.58583687746064e-08,0.0692260693807674,1.92651632240556e-46,1.53581869307911e-31,2
"20432",0,0.276270667432283,8.13254735032141e-08,0.0712276063539296,0.652316365371833,0.000185279516481116,5
"20435",0,0.162830029265698,0.0522152200139174,0.784954750720384,1.63634473872005e-18,6.21969352036977e-26,4
"20438",0,0.185136500918697,0.153725251927109,0.661138247150461,2.1163068544406e-35,3.73251115285879e-12,4
"20440",0,0.0361713826205664,0.130733460408559,0.833095156970875,1.36437591783766e-42,1.45798068613509e-16,4
"20443",8.53277751499454e-255,0.99948413496721,2.78382050261102e-13,0.000468413422615544,1.57991485796718e-07,4.72936184107257e-05,2
"20446",0,0.0529744093047227,0.00263265395864646,0.944392936736631,1.95864396562531e-17,3.23541304084486e-21,4
"20449",0,0.0471124032797465,0.725491304733841,0.227396291986413,2.04674160324301e-18,6.95574062241891e-25,3
"20537",0,0.588273655585519,2.84291879491122e-05,0.411697915226532,1.5131876259029e-28,3.49758305099304e-23,2
"20540",0,0.999999314097274,4.49204854578106e-19,6.85902726144775e-07,4.05901571947072e-39,6.26095563929722e-19,2
"20543",0,0.0154660261614308,0.933832832642533,0.0507011338764176,7.31702968527462e-09,2.58931416461378e-12,3
"20545",5.63227968778175e-102,0.999993556375102,2.67658862049755e-17,6.4434910379778e-06,1.25905909905934e-24,1.33860297471773e-10,2
"20549",2.00966697391153e-239,0.0497583106610434,0.658680034515816,0.291173445856267,0.000384470169724332,3.73879714950293e-06,3
"20551",0,0.00824209103801028,0.989547837128821,0.0022100718329025,4.23145984381154e-20,2.65989544420013e-13,3
"20554",0,0.00264093827172761,0.980079156201073,0.0172799055216828,3.36279368829121e-27,5.51630191451596e-12,3
"20556",0,0.142858623439467,0.0722216887659767,0.784919684817429,2.97653587085892e-09,5.91400792565703e-13,4
"20558",1.20898945864236e-133,0.00280944856708485,0.988202901560356,0.00898764987255552,1.37398675209026e-43,3.85153757279371e-15,3
"20560",0,0.0123267473784968,0.984914058050539,0.00275912546411609,3.78746686495497e-20,6.91068486221479e-08,3
"20563",0,0.0778527665149131,0.0798335648193912,0.842313668665696,1.75244725025588e-54,9.88948319677209e-17,4
"20565",0,0.0446319230755109,0.635494420431353,0.319873656493136,8.41400014726417e-19,3.2078756565291e-16,3
"20567",0,0.294617731261382,1.73806761404446e-07,0.0591123266185819,0.646247221936812,2.25463764634151e-05,5
"20571",0,0.989985237474959,5.25410414937533e-10,0.0100147619996305,5.24340422027766e-38,3.23267484673379e-21,2
"20573",0,0.0140056252742502,0.953106512632112,0.0328878620936383,6.40080943018737e-20,3.76207936730468e-18,3
"20575",0,0.0490068879714038,0.363986842655345,0.587006269373251,4.19848376266197e-50,2.30378521244508e-20,4
"20577",0,0.0545768897509105,0.557395965063604,0.388027137575484,7.61000016156991e-09,5.52133069577014e-16,3
"20579",0,0.213942776076259,1.98246154972959e-31,1.4983744305593e-12,7.6270839981806e-10,0.786057223159534,6
"20582",9.8543379282528e-208,0.00971282264663542,0.885725626662049,0.104561550691316,9.50516626679113e-55,1.97304590424621e-16,3
"20585",0,0.576959679383073,0.000147546895459464,0.422892773721443,3.36005451350389e-17,2.45094734758585e-14,2
"20588",0,0.999949642400178,2.30984517727288e-15,5.03575998194113e-05,2.8242943498313e-20,2.1777291916347e-35,2
"20590",0,0.000694741682162652,1.59030349798087e-22,1.15885597094088e-09,1.65194119835103e-05,0.999288737746998,6
"20592",0,0.0159796235762948,0.848110281053746,0.135910095369956,1.80959937045886e-54,3.27443281502014e-15,3
"20594",0,0.0335663142172413,0.263892385435496,0.702541300347262,2.15999448634885e-52,7.80543314057289e-16,4
"20596",2.19039055352425e-300,0.0564499628521347,0.27865951514819,0.664890521970669,2.27860901613544e-25,2.90067079698935e-11,4
"20598",0,0.00597094518604951,0.992669135854043,0.00135991895971386,3.1144008201382e-24,1.93826129999289e-13,3
"20600",0,0.436291558168572,0.000579027871686396,0.56312941360194,3.57800083737638e-10,2.13484978207826e-15,4
"20603",0,0.61871815559766,2.71357789560743e-05,0.266354936850118,0.11489977160784,1.6542604695545e-10,2
"20605",0,0.0174310525474298,0.817634766657596,0.164934180794974,7.56761145453224e-37,8.85513157217799e-20,3
"20607",0,0.00994299923178504,0.984824458133091,0.00523254263504468,8.35677458416366e-32,7.97561098571169e-14,3
"20609",4.42195899688042e-219,0.00274361139973481,0.976011817575935,0.0212445709915449,1.04373042187224e-23,3.27851856167362e-11,3
"20611",1.59363641388487e-35,0.000489143519671439,8.65059358895738e-08,0.00092728927086174,0.986644442193018,0.0119390385105136,5
"20613",6.5187003227416e-131,0.0164054818848339,0.877952652198624,0.105641689327377,4.15330914962388e-10,1.76173834338801e-07,3
"20615",0,0.0909107796016881,0.630893593060685,0.278195487291049,1.28024712821659e-07,1.20218649656864e-08,3
"20617",0.997839072210895,3.57046321938365e-07,2.45427259782463e-20,8.01325939149005e-11,9.44977320087738e-06,0.0021511208894497,1
"20619",0,0.0335874960378737,0.768802596650543,0.197609907311582,9.21684720199791e-48,1.26710008870698e-15,3
"20621",0,0.0309439489456767,0.904781619587177,0.0642744314671468,5.46808637019763e-25,6.51893923753518e-23,3
"20623",0,0.742264203717112,2.27589705608006e-07,0.256884536354264,9.81420934218371e-09,0.000851022524708414,2
"20625",0,0.900780510110139,3.30924433100185e-08,0.0317344181180304,0.0674850379419074,7.37479723589355e-10,2
"20627",0,0.00933633997248108,0.980825296628869,0.00983836339864567,1.13814722044843e-15,3.55269550802625e-15,3
"20629",0,0.0113782374962077,0.971190529057456,0.0174312334463358,2.48137133597392e-16,2.50000393985118e-20,3
"20631",0,0.0592307404775149,0.477115841332369,0.463653418190116,2.7979371921677e-51,1.0067630122335e-16,3
"20633",0.976771110001858,2.16967970394975e-06,6.98222528504618e-33,3.32418163868689e-16,4.32198731582879e-10,0.0232267198862393,1
"20636",0,0.561820664620733,4.13326395036957e-06,0.429338427260321,0.00883646053020872,3.14324787163786e-07,2
"20638",0,0.533615441971782,5.47007069556676e-05,0.466329857321191,7.10134697479067e-14,2.59225567827394e-29,2
"20640",0,0.121075177307695,0.125807316967228,0.753117505725078,7.78666497203976e-29,2.83346179084241e-18,4
"20645",0,0.0691990801956891,0.375288826849527,0.555512092954784,3.13737316699659e-59,3.52846218182995e-19,4
"20647",4.21613888430394e-08,0.000210047819939136,5.64313733727047e-29,1.84847927452186e-13,2.63196539109146e-09,0.999789907386522,6
"20649",0,0.0659067606566709,0.473240548307453,0.460852691033785,7.55464882865654e-23,2.0910814503616e-12,3
"20651",0,0.972765426201501,5.72669666112483e-09,0.0272345680718024,2.95835960556325e-60,2.85658810970755e-28,2
"20656",0,0.365923579854087,8.6182857705039e-05,0.633990237288208,3.29804031907038e-37,2.37533837608933e-18,4
"20660",0,0.99999999449647,1.35909595603865e-23,5.50352964404749e-09,6.56306789651102e-27,1.23940340884183e-18,2
"20662",0,0.999934668105848,2.89526333238675e-16,6.52922265972978e-05,3.21387067267378e-08,7.52884802890138e-09,2
"20664",0,0.294656373911617,5.91301345819297e-06,0.705337713074808,3.29999178160947e-30,1.17010787112786e-13,4
"20666",0,0.97360228169127,2.92788977394516e-13,0.000422956340393977,0.0252585261024384,0.000716235865604446,2
"20668",0,0.000470491066534821,4.49455508460699e-06,0.0023470032876891,0.972040918224382,0.0251370928663094,5
"20670",0,0.158347846502856,0.000130710889017259,0.841521442608127,3.9655821025957e-41,4.85376040241498e-24,4
"20672",1.38590351967939e-159,0.00136694815401261,1.66308697038949e-08,0.000781916971598604,0.991938974290028,0.00591214395349113,5
"20674",0,0.0131411498916997,0.981951761486378,0.00490708862192155,8.91613970137394e-19,6.11236672150296e-16,3
"20676",1.31491316413844e-106,0.0175621205770097,7.98390561475976e-29,2.98392039426267e-12,1.34196437724161e-06,0.982436537455629,6
"20678",6.404341389652e-26,0.0017668985664773,5.37435785603243e-29,1.54845920652024e-12,1.85245722544853e-07,0.998232916186252,6
"20680",0,0.00960329617134067,0.0120656791429452,0.0845759777013574,0.893172039639146,0.000583007345210311,5
"20682",0,0.168810660512233,0.000852393067020705,0.828101566753349,0.00223537581128666,3.85611052253568e-09,4
"20684",0,0.305996921620794,5.66863108270047e-05,0.693946392068379,3.05848413770018e-24,8.76570228285911e-25,4
"20686",1.02792505185808e-05,0.00125339447701217,1.23336346726118e-11,4.864352862595e-05,0.285298165685526,0.713389517045984,6
"20688",0,0.00180433035640168,2.09022981581049e-40,2.81336718315503e-18,2.00473463839252e-12,0.998195669641594,6
"20690",0,0.9969712077516,1.43989985510548e-11,0.00302879223400142,7.36425377502749e-26,1.44007690844373e-24,2
"20692",0.174869447918943,0.000219231060636188,1.28884347530462e-39,1.63899374230703e-18,5.54946778832404e-12,0.824911321014872,6
"20694",1.00041026359249e-107,0.000765843932178458,3.7016445630684e-06,0.00257358201177697,0.990650751922364,0.00600612048911719,5
"20696",0,0.159177092813898,0.00171091949082932,0.685214916529945,0.153897065267065,5.8982625237413e-09,4
"20698",0,0.146315764718214,0.167506040677501,0.686178194604255,1.00457017921678e-17,2.95585035707651e-14,4
"20700",0,0.387229201060518,0.000315071181632738,0.612455727757849,4.07050096068482e-35,1.05572661500623e-22,4
"20702",0,0.987575170484047,1.24648598122617e-09,0.0124248282694674,9.79187027601634e-36,4.89789129166734e-24,2
"20704",0,0.0051043598559207,0.982840114480871,0.0120555256625603,1.35532080360094e-16,6.47876617412836e-13,3
"20706",0,0.968246012243183,6.77241769149314e-10,0.0317539870795754,1.87694112209139e-17,2.26777069983265e-25,2
"20708",0,0.00242936100272943,5.86882534946797e-20,4.57221325267633e-08,0.000270255777709365,0.997300337497429,6
"20710",0,0.271954127111244,0.0996920776821855,0.628353795206566,7.98979818367784e-17,5.12196921053636e-15,4
"20714",2.99309035147064e-52,0.00170632297054558,3.17084688998865e-09,0.000666673045124432,0.0436970115076811,0.953929989305802,6
"20716",0,0.010727134467919,0.985480227044869,0.00379263848721077,7.61849416151106e-26,8.3685445379341e-16,3
"20719",0,0.470452303816,4.04869286405732e-06,0.529543647491136,2.73808514989723e-18,2.37326725876718e-19,4
"20721",1.64044237954815e-228,0.0294247340551138,0.711642515780653,0.258932750164232,1.25557005196498e-53,1.92907942934128e-15,3
"20723",0,0.99935803034379,6.86938624007209e-14,0.000641969656140842,7.33109082908828e-25,1.27828563473146e-18,2
"20725",0,0.00783895643109637,0.0522796455758787,0.0937815884761294,0.845616824036064,0.000482985480831537,5
"20727",0,0.9999999969843,9.37453434810006e-35,4.91761918684291e-15,1.62971478222022e-11,2.99939789058051e-09,2
"20729",0.999931277482254,7.84192203504335e-08,1.28165177448725e-13,3.58341389232955e-08,6.1850584120322e-05,6.75768013859864e-06,1
"20731",0.00226254529898776,0.000616024320153198,7.54046767820524e-05,0.00486447873208384,0.991154657034038,0.0010268899379549,5
"20733",0,0.0822622594028,0.658331707678235,0.259406032918965,1.01232879436785e-18,3.74556408822458e-20,3
"20735",0,0.0320429230678845,0.821561051662803,0.146396025214845,5.44237614547013e-11,4.39470168004668e-14,3
"20737",3.37958149817861e-16,0.0191449343578622,8.32223211714071e-13,0.000199238917907684,0.117440971018701,0.863214855704697,6
"20739",2.27465896362693e-63,0.00305709487555027,1.52829455495437e-27,4.79922866877454e-12,1.73054611943753e-06,0.996941174573531,6
"20741",5.13399645791125e-27,0.0169944481611386,0.684330885639978,0.115830745752378,0.180754955106759,0.00208896533974565,3
"20743",0,0.135441028538421,0.00073888937209883,0.859154791174579,0.00466438346744086,9.07447460461749e-07,4
"20745",1.71722363334239e-163,0.0799565915226846,0.00672501950468025,0.913318388972633,3.14728551863437e-47,1.9234557280443e-15,4
"20747",0.999981534213787,5.83591243716353e-09,6.53379465177127e-15,1.96317530773064e-09,1.63846192255059e-05,2.07336789346732e-06,1
"20749",0.999959483754022,2.42699023692409e-08,2.40160205904878e-15,2.91387364981799e-09,3.4822672925897e-05,5.66638927373237e-06,1
"20751",4.99477593762858e-251,0.531643158790914,5.80432362692874e-12,0.000575540966237883,0.467651125380404,0.000130174856639703,2
"20753",0,0.000491079582718311,1.11651794991584e-06,0.00186378214152761,0.996760268716413,0.000883753041391796,5
"20755",2.49869281765298e-59,0.00712660463885587,4.10741826810987e-32,1.1115100257242e-13,3.30606916746441e-10,0.992873395030426,6
"20757",0,0.999776930860332,1.32934224833169e-15,0.000223069139157263,9.31422414212218e-21,5.09444483276672e-13,2
"20759",0,0.120916684384705,0.0396473469477114,0.839435968667584,7.63632005690361e-41,1.90959644256615e-17,4
"20761",0,0.00458485932375908,0.973908103831508,0.0210331131893833,0.000468251482684681,5.67217266540038e-06,3
"20763",0,0.113566182815738,0.0042572117594445,0.882176605416607,8.21114430588941e-12,7.9135599355211e-27,4
"20765",1.0242829567203e-21,0.00645493258163932,0.433876990582645,0.0523485893266067,0.505899049264345,0.0014204382447641,5
"20767",0,0.0600612902636168,0.175794252552405,0.764144457183978,1.65492672909264e-21,6.81646596994714e-17,4
"20769",0,0.994095890761728,1.10375090687746e-10,0.00590410912789715,3.79815860239447e-22,3.54822780218917e-17,2
"20771",1.0212910351963e-258,0.0486443471542622,0.117902086679208,0.832847630440847,1.93918855439636e-06,0.000603996537128342,4
"20773",0,0.999999999517326,2.77562368163152e-27,4.8262749656603e-10,1.62828106210497e-18,4.66193301735865e-14,2
"20775",0,0.115037972135999,0.0493957579901928,0.713005259359172,0.122561010013258,5.01377952738292e-10,4
"20777",0,0.996086179349134,8.37805498414285e-11,0.00391382056696633,1.1918480578963e-13,4.49758660947058e-31,2
"20779",0,0.00321581905298595,0.00790427247054378,0.0433561427183408,0.94493703610644,0.000586729651689878,5
"20781",0,0.99999999999998,8.07267204796371e-72,3.49797841645584e-36,1.25687866354421e-27,2.04882278606258e-14,2
"20783",0,0.0276797616051569,0.584471428589803,0.386954467603275,0.000890637285584885,3.70491618004468e-06,3
"20785",0,0.999999663797717,8.69813191522535e-45,2.52221095392343e-19,5.57790972352149e-21,3.36202282682336e-07,2
"20787",2.67544802723155e-16,0.00161313841251004,3.75797664824332e-05,0.0147802910742994,0.88274290415568,0.100826086591028,5
"20789",3.22325858205471e-317,0.0347039371918675,0.467960961956007,0.497335100682805,6.61275770379733e-11,1.03193103887381e-10,4
