"","V1","V2","V3","V4","V5","V6","V7","V8","best$classification"
"19812",0.0022619862725583,2.17974159632653e-10,0.0140065849100328,0.960807332434943,2.15768351046258e-08,3.44834124447505e-05,0.022889591175212,7.45633706260854e-25,4
"19814",0.00242100231382712,9.39100888495874e-09,0.854122227873666,0.142796640813341,9.1145181164419e-11,5.43224507526719e-08,0.000484974230756863,0.000175090963804354,3
"19816",0.00160178472116931,5.65354834529787e-09,1.85433153057915e-15,0.277439635089944,0.720955276410655,4.12332934619106e-07,2.88579174601776e-06,1.21881413364213e-23,5
"19818",0.00850512245164002,4.93474836424394e-10,0.000796491253660006,0.989679020320034,1.29585177526465e-07,1.05943784379167e-06,0.00101735356587789,8.22892291699878e-07,4
"19820",0.0126179010388074,0.000737963052291857,8.12007432525112e-84,1.94375848969095e-05,0.986624698138619,1.72127649695297e-35,1.8538514877945e-10,6.01323777822754e-63,5
"19822",0.997664015967778,0.00229223676749705,4.70233762371854e-96,2.23567377116609e-10,4.33170460063507e-05,3.78934998362749e-38,4.29995151797382e-07,3.66191017286224e-53,1
"19824",0.999509690643188,0.000202939291855179,1.48535759490616e-45,6.31239873879579e-05,0.000224246022976529,3.85184910587011e-16,5.45922464618635e-11,6.62950907158741e-18,1
"19826",0.0663707648878703,2.35001157633734e-05,0.000828072171549859,0.861283203475196,1.53758289932715e-09,0.0714938935028274,5.6430920824144e-07,1.46137812112025e-15,4
"19828",0.0376107927590109,8.21711201028893e-07,1.85421094707477e-39,0.0157245545967411,0.946088435054053,2.10310512060334e-23,0.000575395878993803,3.19775620106328e-32,5
"19830",0.21491630415718,4.697289898883e-07,0.00127885152847164,0.200012470559362,1.6980500468198e-27,0.00184270403278076,0.581949199993216,6.4215481127004e-18,7
"19832",0.0163181345818209,5.84074759661444e-05,3.95497855232493e-15,0.0222799471931269,1.243815547308e-07,3.87573034845498e-29,0.961343386367527,2.40694860245058e-53,7
"19834",0.165909266201481,3.10863957028878e-09,1.92584398402381e-19,0.82048835443474,0.00339397056963361,8.12138423821172e-22,0.0102084056855064,1.20589517765122e-25,4
"19836",0.0176128850636757,1.25822936758168e-07,3.77045507165952e-10,0.938116662367545,1.55793254738703e-09,0.0426974361788918,0.00157288863197265,8.15525583704862e-39,4
"19838",0.000242101438228614,9.54696346702376e-10,0.993239326268263,0.00539373178978629,1.30105107451162e-23,2.96060471327703e-09,0.00112483656396051,2.44611288164555e-11,3
"19840",0.125550270825985,9.01864697355462e-05,1.66487017924029e-14,0.869023471352298,0.00533588183943653,1.27866537498535e-07,6.1645990449019e-08,1.23729795515077e-33,4
"19842",0.000103155152869073,0.000175051925905815,5.84902342749943e-11,2.66905521086487e-09,4.89466436307439e-44,0.999721790146521,4.71586781564001e-11,1.46205316364894e-23,6
"19844",1.00392342000803e-05,0.0821280811357371,1.68247315219055e-43,6.67950303560105e-23,9.69146322786813e-29,1.02030427196052e-13,9.99873277913655e-29,0.917861879629961,8
"19846",0.000254568824029599,8.36295950669883e-07,0.895142387756402,3.73480330527787e-05,6.77065125602652e-35,0.0695436596676588,1.85523558159718e-07,0.0350210138993479,3
"19848",0.000566243747537393,1.64491973502365e-07,0.0587854104590238,0.00078312690376578,1.06948932882251e-29,0.0122959772792428,1.13443419499584e-05,0.927557732776507,8
"19850",0.020903108131642,5.63623643493298e-05,0.976745421437247,0.00143163924239268,9.60836412323697e-21,5.0347771307071e-09,5.41389923441396e-07,0.000862922399668249,3
"19852",0.000862573626073719,1.32750740308619e-09,2.02336655443343e-07,0.995946031024145,0.00233329642859965,1.19748571736223e-08,0.000857883269981547,1.21801558335418e-11,4
"19854",0.00345184714888244,2.92572316224709e-07,0.094892426353608,0.0112657839151268,3.79780351946961e-27,0.0403522089574545,0.00100486952118668,0.849032571531425,8
"19856",0.964728763992372,0.0239323835217707,2.60313284565674e-20,2.11941353351007e-08,5.11130661314418e-24,1.70415238559406e-09,1.6827172233502e-12,0.0113388295858872,1
"19858",0.992156247286885,0.00772668179434118,1.57706014286148e-30,1.36987454366979e-08,5.16761724012577e-13,1.58735338466309e-18,4.5082790397699e-12,0.000117057215003368,1
"19860",0.00436376376797709,8.5729200808288e-08,6.46688739126087e-05,0.991942700612547,0.00320782825006202,4.32759354880408e-09,0.000420948438707313,2.11709635707359e-19,4
"19862",3.51224098706221e-05,7.90685392021302e-07,0.995646938562654,6.22237022439395e-06,7.9985199074662e-39,0.00431074583622959,1.80130394729632e-07,5.23425009495941e-12,3
"19864",2.23904870743823e-07,0.565758711332401,1.90373276162612e-68,1.59694010807131e-24,1.06543217136212e-40,0.434241064762728,6.56356749706389e-23,3.46930451192461e-51,2
"19866",0.911279565058179,1.42487363997512e-05,4.44971915481832e-31,0.0886326505030631,5.33248648655277e-05,2.02103922185277e-05,4.45273952621766e-10,8.9149441521639e-39,1
"19868",5.31165196958728e-11,0.998805983111791,3.30977896484917e-82,8.5198063743134e-32,3.9479355898937e-45,2.06120568098817e-48,0.0011940168350928,5.73983357478135e-65,2
"19870",0.00954370952619359,4.21312644186963e-08,0.70727353224752,0.133214324459985,3.89207554027098e-21,0.148170256280199,0.00179813002037964,5.33445919839494e-09,3
"19873",0.146421728553713,1.91804428991274e-08,0.000385088709896161,0.847321091364884,2.38894499356896e-10,0.00571782726101084,0.00015424469059194,5.66689738672117e-13,4
"19875",0.00870979995085643,2.15780431709858e-05,7.53437961978473e-24,0.10972424539125,0.881447128291495,9.61104692546159e-23,9.72483232277266e-05,3.28862085791168e-43,5
"19877",0.00339468379268674,1.32044338233428e-09,0.0510679048538621,0.937669564839358,7.74808595013859e-13,0.00248829937158834,0.00537918284554767,3.6297573883938e-07,4
"19879",0.0107652627979179,7.25229928420883e-12,1.16520106911972e-12,0.98070060594155,3.45061350519083e-09,2.30986619451618e-06,0.00853181659070625,1.34459992616624e-09,4
"19881",0.379168460600793,5.23732306726625e-08,3.5145753815038e-05,0.453239979700354,5.88232672260042e-16,0.167525258253973,3.11027723156188e-05,5.45518649387601e-10,4
"19883",0.0349883999359116,3.86612884966062e-08,0.000289253273887529,0.00579003540521041,4.04943781962536e-19,0.958931550329208,7.22394493670033e-07,3.34007070211587e-16,6
"19899",0.115026210815947,5.55217381095536e-05,1.01298891016523e-17,0.88435587852448,8.25190884317482e-10,3.10915959369815e-08,0.000562357004676653,5.75540843221043e-35,4
"19908",0.0187457568667684,0.98125424313323,2.70921043637195e-68,3.08021718586338e-16,2.48683221527926e-30,1.16168169234725e-15,2.0584332658588e-16,9.9649467034963e-45,2
"19910",0.00157772712051849,1.88822377784863e-10,9.85832366757339e-07,0.996764312129248,2.87466146057218e-05,0.000605838946143118,0.0010223889363956,2.31900028653339e-10,4
"19912",0.00309939954629651,6.15170892110731e-05,5.32540440065917e-05,6.06065506665917e-07,6.31356970584577e-42,0.996785220428959,2.82599048258161e-09,2.93925056184164e-14,6
"19914",0.0113691371844459,1.16707951455983e-10,6.3478247551291e-11,0.97368039138914,3.33921253417622e-09,1.85188449413265e-08,0.0149504493858522,2.31781658207072e-12,4
"19916",0.803737174329349,0.196262816403766,4.58526089801485e-62,5.65356899065708e-10,3.34444036485101e-12,8.6981840664353e-09,2.84795265083081e-20,1.25290472979325e-33,1
"19918",0.00958844479897924,4.84681864735736e-08,0.723621207339145,0.0186124340265085,8.0125267696878e-20,0.148651357782147,3.686436899723e-07,0.099526138941344,3
"19920",0.00285267219250201,1.54707698517235e-05,0.00419375331059553,6.31975940316845e-05,1.48191340377954e-24,0.000152576371622614,1.59921543113191e-10,0.992722329601475,8
"19922",6.30313735830746e-06,0.000163090007714215,1.46274367549262e-20,4.36050692506925e-08,4.14396281876776e-14,7.94602954533233e-28,0.999830563249817,6.43292321480577e-52,7
"19924",0.0107956326677676,1.01671613571716e-08,0.000325717798171951,0.981256571542173,2.82517480493193e-11,0.00204701604019242,0.000133348339518127,0.00544170341676308,4
"19926",0.0830931663794156,8.34526228597572e-07,2.13555866415548e-21,0.868811537396396,4.26378359945045e-11,2.68530831550207e-05,0.0480676085721672,1.21576297877426e-43,4
"19928",1.66145593073091e-12,0.0782305449788332,6.24939123933178e-62,4.54453806352095e-35,1.31649889966436e-65,0.921769455019505,4.34882570400325e-29,8.15677867629078e-48,6
"19930",0.000236799527976092,3.55209527056045e-10,0.945443157261993,0.053673850349604,1.25426066372384e-14,3.87178513899166e-05,0.000607474652673676,1.14135860384217e-12,3
"19932",5.13325335599963e-05,1.50870176645917e-09,0.997416895380461,0.00243960543485792,1.10346103142307e-23,1.17820374377149e-06,9.07280574392876e-05,2.58881236109568e-07,3
"19934",0.0631799158754996,3.45825983823939e-09,5.10777552125296e-19,0.866068351627536,0.066708107582553,1.8609438268756e-19,0.00404362145615178,1.39784413200958e-17,4
"19936",0.0200400053644937,1.44691167994407e-05,0.000494803179295737,0.971496934428279,1.22734998715507e-09,6.02537970865809e-09,0.0079537806584021,9.71541908339944e-18,4
"19938",0.990491508440776,2.09515224321517e-05,1.52202268811112e-58,0.00943804043696078,4.94259129851649e-05,7.1315737176167e-18,7.36868459085962e-08,8.29179132807525e-24,1
"19940",0.0198986000261597,8.57861461175354e-10,4.37141996719496e-07,0.733880800574473,4.65560745840065e-10,0.246030263583343,0.000189897101478473,2.49126702482035e-10,4
"19942",2.94640726625719e-06,0.0333845029964379,1.73695550951568e-39,1.50333171571377e-20,1.91923588623225e-45,0.966612550596296,1.55112623376598e-26,8.49367336990041e-43,6
"19944",0.00201886523735888,2.44495519097486e-09,4.21306054036312e-10,0.996466061868137,9.39929846163408e-05,0.00132928706090145,9.17899826777156e-05,4.72339287336604e-14,4
"19946",0.0076051869049021,1.17848280624559e-08,4.66359778734365e-05,0.992225420458318,9.67918526738079e-08,1.02131819117749e-05,9.44432889691472e-05,1.79916113453573e-05,4
"19948",1.02878746032076e-07,0.00570421107274301,3.20320256047263e-32,1.66783409160842e-20,3.32965106073955e-44,0.994295686048511,4.73891995486564e-23,2.61122539357238e-35,6
"19950",5.19516979052106e-05,0.000168176812993017,9.00505521702771e-14,1.13932046564597e-11,3.67602570974343e-35,4.1834713149248e-10,1.10311698245253e-11,0.99977987104824,8
"19952",1.02878746032076e-07,0.00570421107274301,3.20320256047263e-32,1.66783409160842e-20,3.32965106073955e-44,0.994295686048511,4.73891995486564e-23,2.61122539357238e-35,6
"19954",8.44235799556687e-05,3.96688872196623e-10,0.988648133532987,0.0110412010507276,4.23233908195413e-19,0.000113691186190946,0.000112532101620704,1.81518295701297e-08,3
"19956",0.0149990007640121,0.985000855099644,8.40822981028498e-09,1.50919292201688e-11,4.45002879386491e-50,1.32904231309252e-07,4.64017833459004e-10,2.34477265319038e-09,2
"19958",9.4026621987731e-13,0.20343922394604,6.35212570869017e-55,1.17469803547983e-25,1.81418949827868e-33,9.32111009981341e-48,0.796560776053019,1.29563035915445e-53,7
"19962",0.989894682491553,0.000206615007633694,9.50584023067128e-14,0.00989613072362641,7.63104972292971e-12,9.49320571874778e-13,1.62045682011415e-06,9.51311691443664e-07,1
"19964",0.145478931535865,7.21424261830061e-06,2.51175180755867e-08,0.810107384004881,3.21646497854778e-12,0.0442564440061776,0.000150000536614211,5.53109102319044e-10,4
"19966",0.997222444200369,0.00071855745673199,6.92689419820606e-58,0.00197834986878956,8.06443042370411e-05,4.14612396967266e-09,2.37478796557921e-11,5.34975403750612e-60,1
"19969",0.235668211846877,3.4823893360051e-07,0.51312850833339,0.202805441001755,2.04263162118645e-19,0.0481387128508093,0.000258777728234043,5.34170249638012e-21,3
"19972",0.00269123386520713,2.58661708619068e-06,2.6811842910225e-09,6.98538055236558e-05,5.2702358349738e-30,0.997232404678926,2.58125007536645e-07,3.66022706527377e-06,6
"19974",6.83896910105744e-06,0.000408065653782565,7.84917543334865e-06,5.46008113971101e-12,5.33479392963723e-50,0.605958327734292,2.38146312190813e-14,0.393618918461907,6
"19976",0.0164618724668474,4.6655392833613e-08,0.000902951155897448,0.97981911286394,5.57415643057187e-12,0.00229343037238891,9.98971341367199e-05,0.000422689345822262,4
"19978",0.0100183973220922,1.06413502531151e-06,4.95671907177373e-09,0.967289755396785,0.022638338957697,5.10424577000738e-05,1.39677395155052e-06,2.97655837726817e-14,4
"19980",0.000239074456375072,2.98226789535279e-07,0.256398121785651,0.000127406677235108,2.18637740850754e-30,7.20962257542793e-05,5.15732081006093e-06,0.743157845307384,8
"19982",0.596660858378943,0.0654903048662626,5.9827306249242e-08,0.000400808338850492,1.25778511015667e-20,4.06936103602892e-10,5.78862631936219e-07,0.33744738931907,1
"19984",0.00239701751257146,0.00135295099497551,8.95247445375223e-21,1.14560970254444e-11,1.57750584038912e-25,1.99165688377607e-09,2.02267707857795e-17,0.99625002948934,8
"19986",0.183779460842151,2.14219396755944e-05,9.26344533932575e-71,0.0639257719736486,0.752272251122913,4.3418079930706e-23,1.09412161185211e-06,8.87638159919919e-55,5
"19988",0.030767015505182,0.00220319046720544,6.80829558059993e-94,1.01316638639878e-05,0.96701965811993,3.21652148750496e-41,4.24381843661813e-09,2.1347539889576e-71,5
"19992",0.00389696070138257,0.000204981758940874,2.13480908391325e-67,0.000287739726220972,0.995610317592679,6.53713453120297e-38,2.20777059770578e-10,4.72108746748921e-41,5
"19994",0.000142553723392282,1.01362033678267e-10,0.939055195059891,0.0590481323540852,4.74243626535921e-14,8.49526314617112e-05,0.0016691661297542,6.08753937717008e-15,3
"19996",0.0076557132749652,1.66479141565719e-05,2.48644028528134e-57,0.00902221678937399,0.983305288468545,2.39497754227069e-30,1.33552959793391e-07,5.87568148417464e-36,5
"19998",0.999705610202082,0.000279443714408223,1.54278437474675e-19,1.94234806277364e-06,2.39420718224912e-22,1.30037338015538e-05,1.64477442360613e-12,3.21085649310841e-20,1
"20000",0.00676104316841436,0.000484546010759835,1.03024878476072e-08,1.09701928917982e-06,6.72766317116421e-41,9.64995699800667e-11,0.992753303402549,1.94722490985092e-33,7
"20003",0.00393410598332476,7.2820310615111e-10,0.0142310749847211,0.961699527629675,3.87509297182901e-12,0.000589277872948626,0.0195460127972522,2.61859808358285e-30,4
"20005",0.000293889825706044,6.79697167977921e-07,2.74803516661148e-05,6.05154447651086e-05,9.23624665764489e-36,0.0984338291903601,1.42404262836535e-06,0.901182181447706,8
"20007",0.0227672468344475,1.27646534312587e-08,5.68005358794685e-14,0.976466216799355,8.92922858508903e-07,6.19763459616692e-14,0.000765630678566827,8.25562431410532e-22,4
"20009",0.999946051576204,4.55839243553557e-05,5.95391620748715e-57,8.32345914031092e-06,4.09774363469503e-08,3.26955578612438e-16,6.28638431491402e-11,7.06823832722723e-24,1
"20011",0.0754137341369074,7.90981834541933e-08,3.02798061935396e-09,0.0295395262864846,3.24074220843309e-21,0.895002606817213,4.28790552135638e-05,1.1715780173546e-06,6
"20013",0.0139407867312047,2.62507835336896e-08,0.614499100620194,0.184197110814117,1.21255366193251e-16,1.26677550604475e-05,0.000125992221285322,0.187224315607355,3
"20016",0.998244041180155,1.63531779535045e-05,7.16127048209845e-78,7.80672165039763e-06,0.00173134804118949,5.51852486708932e-30,4.50879051235986e-07,3.95592211236088e-39,1
"20018",4.30804820343136e-10,0.999980692755016,4.05197519327731e-164,1.39610441962563e-33,1.23193791553015e-10,7.57709817385294e-83,1.93066909852341e-05,4.61688477046871e-133,2
"20021",0.009814975796558,1.32116699574796e-07,1.73437156338873e-18,0.442087978323202,0.544312855033136,1.20913942605418e-16,0.00378405873040338,1.33731991286372e-45,5
"20023",0.00354194836867727,3.24004306474922e-08,4.76573889209809e-16,0.995779064654266,0.000419695651018755,1.03409355051142e-09,0.000259257891257656,2.55369116815556e-13,4
"20025",0.00116599011705328,0.99866271690757,9.7001692598501e-89,3.28863440034031e-14,5.98747768346322e-06,1.18702036165955e-62,0.000165305497660742,3.36991094238056e-109,2
"20027",0.0109400911864974,1.44113606382169e-05,0.00158125115834811,0.00224136645487922,4.90562454134927e-30,0.985218849047364,4.03079227280116e-06,2.56480004831056e-25,6
"20029",0.0655257798040763,9.39948720423919e-06,0.880045361815713,0.00119301147369321,7.52133473753789e-28,0.05322633037788,1.16792274565147e-07,2.49158556291786e-10,3
"20032",0.000970131130390406,1.78965050757546e-08,0.705803155561329,0.0218782645320163,1.31354812860789e-24,0.269670709450385,0.00167772142937374,3.38769285886415e-17,3
"20034",6.10761590449732e-06,0.00285976680183577,1.44104063042512e-28,2.98874946970329e-14,3.2252838464281e-38,0.997134125582229,3.87377970405146e-16,9.28273140924341e-37,6
"20036",0.97178406138005,0.0280859433082717,1.12654781744761e-13,0.000129995296960209,9.86289961474484e-17,1.37591743125178e-12,2.76346180085106e-12,1.04656151488632e-11,1
"20038",0.0125770571378883,1.81920240716131e-07,6.51779729428541e-43,0.11920055900177,0.853917461883015,4.57481345510836e-24,0.0143047400570866,1.6008601416036e-63,5
"20040",0.5051029098449,0.49489688195772,1.72350134425494e-111,1.70860352388616e-12,2.02756493209711e-07,5.4538684804048e-27,5.43917885326722e-09,8.98814102918829e-56,1
"20043",0.0363227842430989,2.95304148585333e-05,1.12742518019719e-27,0.0441486588999547,0.918965694636593,1.15370894738944e-27,0.000533331805495208,5.45241546614764e-34,5
"20045",0.0268494310849531,0.00304104525138998,1.43288990705366e-99,1.56246955795923e-08,0.970109107655783,5.83742210078617e-53,4.00383178497835e-07,1.1312535532111e-54,5
"20048",1.52427903962022e-06,0.00753671344885967,1.78263249626105e-20,4.64327628705937e-21,1.26484225231859e-38,2.29485289916593e-18,1.93293759116951e-18,0.992461762272101,8
"20051",0.830980741879556,0.000290194309839251,1.47337637525006e-09,0.15453508530762,4.12213935335236e-05,1.04625428224526e-32,0.0141527556360751,1.50153063440737e-18,1
"20053",0.0660884239630554,1.76973664235726e-08,1.29598144965021e-25,0.93383162226945,7.75086337910256e-05,1.0577007649794e-08,2.41681017099672e-06,4.91584817308057e-11,4
"20055",0.492915460727536,1.47819902489237e-05,1.92224560239644e-31,0.077744880199926,4.53647236492885e-05,4.80043953691087e-21,0.42927951235864,5.21186724555517e-79,1
"20057",3.04238593634068e-23,0.999600172147851,1.63210570777523e-87,3.43859138455235e-51,3.92986546882398e-74,2.10108687420257e-48,0.000399827852149261,4.37655199164996e-75,2
"20059",0.330189819966686,0.000729827137609533,3.08575166496251e-32,0.668768246856729,3.09546325770603e-05,4.61206762846823e-10,0.000281150945192731,1.94175601706493e-26,4
"20061",0.0193582477333962,1.89000186243658e-06,2.32273132153296e-15,0.980598257002801,1.21836107249944e-05,2.9082488026296e-10,2.94213603884336e-05,3.1538241156342e-26,4
"20063",1.59621549883233e-05,0.99998403784501,3.19405908650325e-95,1.22132020004683e-31,8.39928097440352e-23,7.27104939610663e-31,4.86815854974106e-34,1.7730761087302e-15,2
"20065",0.000181411513038287,0.0200501054184138,2.05061095513255e-80,6.82671540472736e-11,0.0571321551714638,1.06331278439977e-65,0.922636327828817,1.5037088462032e-126,7
"20067",0.251410105041168,3.89878467463003e-05,4.8403972378865e-46,0.00242781395383023,0.745617836106496,2.66932840115928e-37,0.000505257051760309,4.13877618806927e-17,5
"20069",0.000235544123992873,6.83876189772717e-07,0.0280251261017655,4.19272445397137e-05,1.1359167445055e-28,1.29942967889149e-06,1.13854694486188e-06,0.971694280676888,8
"20071",0.99844519952324,0.000171795274297012,2.62408960693868e-24,0.00138296749686942,4.34447259534268e-17,2.49112944503064e-08,1.27942994984442e-08,1.97485661061351e-33,1
"20073",0.0589556955361964,4.0516160721702e-05,4.08742130640723e-07,0.000216696687186959,1.2894477659191e-18,0.000141997721216903,2.50495700565097e-09,0.94064468264759,8
"20075",3.32923296443014e-10,0.0869048124180615,1.57214653028798e-55,2.37149028325759e-24,4.43708712678913e-38,1.11305317859196e-51,0.913095187249015,3.33312618847261e-82,7
"20077",0.00452584451083548,1.85369637743653e-05,8.71615292204364e-22,0.498079728662781,0.497375889043467,1.29047681653338e-13,8.18987047059593e-10,2.54854545813174e-14,4
"20079",0.912760011106613,0.0872399663807497,5.35190049713294e-24,2.21728410956729e-08,1.80550491943807e-10,7.98708514734069e-31,1.56785232224358e-10,2.46012369124601e-12,1
"20081",0.0973353034699947,2.5529564559095e-05,1.90819780514825e-36,0.00900134969028147,0.0563628422373536,2.92111809790954e-30,0.837274975037811,3.00596846541698e-35,7
"20083",0.410486256354907,0.589513742733917,5.50997597568609e-37,8.53954021702e-14,7.87841654459316e-28,2.3006130567519e-14,7.35013539815506e-17,9.11068001251516e-10,2
"20085",0.00434619041745478,7.4353863827661e-05,4.44792656014576e-88,2.65670917902813e-06,0.995574368320316,4.8708443621146e-47,2.43068922246035e-06,4.50283959401068e-79,5
"20088",0.00402180564085141,4.58273632598648e-07,2.74687865294267e-32,0.152812793480166,0.842643548951491,6.13223463477032e-29,0.000521393653858354,5.08517444634728e-38,5
"20091",4.09993830584357e-05,7.54138538904413e-05,3.6909165199742e-59,1.96625035974619e-13,7.63812572496915e-14,4.14217278862747e-47,0.999883586762778,4.33237703733953e-54,7
"20095",0.24858854426306,0.751375903450773,1.65536963862502e-61,1.71693756281223e-10,7.06248379873035e-24,3.55503506022179e-05,1.46917175843304e-13,1.76372354449272e-09,2
"20097",0.0045832847605278,0.000741186426553404,5.15050921862107e-84,2.6817617234057e-06,0.994657505528169,7.77544015791595e-54,1.53415230262265e-05,3.39065541318772e-84,5
"20099",0.9922744174646,0.00767948865653762,2.0300414628863e-49,8.91305413111649e-08,8.40055140991533e-07,4.51646931801449e-05,6.51938857730894e-19,1.12850541690479e-19,1
"20102",0.00369247528033535,0.99519675396391,1.80461092105468e-40,4.29225028751796e-16,3.56093940822368e-24,9.82848401253866e-40,0.00111077075552596,2.2806797231562e-13,2
"20105",0.443637971564375,3.07359400543512e-05,2.0007242231917e-27,0.0101802465699404,0.546132754026494,7.69464886221639e-32,1.82918991367799e-05,1.51280216739989e-24,5
"20107",0.00440256673676618,8.14755028236218e-08,2.55109004075461e-37,0.829114388871151,0.166476885535476,8.83089668348553e-16,6.07738110260887e-06,1.2908392901531e-32,4
"20109",0.998482611145212,0.000624602564121634,1.06358995850475e-26,0.000681302984178571,0.000192025006920797,2.9071572585024e-10,9.85182888374048e-12,1.94579989995922e-05,1
"20111",1.87478553781609e-10,0.00872024783792012,8.65940063724694e-26,1.82813317178626e-17,2.15730803907093e-41,1.30168277760008e-25,0.991279751974601,2.05558567520069e-35,7
"20113",0.736771682370861,0.000400278612830377,4.18523728796815e-33,0.262818488574291,7.90272732290068e-06,1.64226042963002e-06,5.45426582373484e-09,2.25776971727726e-46,1
"20115",0.000319681115295823,0.000439175943934564,0.000278632549677888,0.000209319818743922,3.39338931623464e-32,5.33542680155348e-06,0.998747855145546,1.32629010217654e-27,7
"20117",6.2528739920255e-07,0.999998762364696,6.06993189395491e-115,8.12850503982467e-23,3.37649329005698e-30,2.92823260061399e-15,6.12347902170472e-07,8.20227358073907e-88,2
"20119",0.997848925846876,0.00144278070602172,5.48673776603634e-55,0.000209571846515777,0.000498702580457924,1.90195568791732e-08,5.71391368298661e-13,2.09787589694152e-64,1
"20121",0.00630218757851416,1.31463823699599e-06,2.50750832142939e-48,0.62640244997496,0.36728812402117,1.56748675857073e-18,5.92378711888095e-06,1.02670818507239e-41,4
"20123",1.70905084815436e-05,0.00191096383082569,7.1816255059414e-63,2.14777532083496e-13,7.29251007767427e-13,7.24184224989235e-56,0.998071945659749,5.74822915509519e-88,7
"20125",0.00117073513464113,3.44704718241391e-07,0.994302070676349,0.00434376107722567,6.45378589990557e-21,1.09109087732192e-08,3.54721415004215e-05,0.000147605354656199,3
"20127",0.0229829030400758,0.0106347250523734,8.36684976114536e-76,5.97702488202423e-08,0.96638231212285,9.07021751117007e-44,1.44522293598425e-11,3.28789139529428e-43,5
"20140",0.938169040334726,0.006192091258707,2.68527331701744e-34,0.036659047567534,9.88297472714211e-11,2.67929877302157e-14,0.0189798207401765,8.49757429736021e-61,1
"20142",0.000107103130320184,0.000157915075591232,4.80750938821861e-06,1.93301829265182e-10,6.68646789261491e-34,8.98028331858648e-12,1.64784406857692e-11,0.99973017406594,8
"20144",0.0744037835028882,0.0179815639263883,0.0145801544528192,0.00181029096713546,7.01919308093928e-31,7.64222082219203e-12,0.891224207143126,2.01404736545855e-16,7
"20146",0.944660363328013,0.0551174706572221,3.20644921357559e-10,0.00022090676662181,1.30910947490906e-19,2.98869591354154e-17,7.14381318616251e-07,5.44546179607211e-07,1
"20148",0.0194905748151549,1.33306230418993e-06,0.0694890050829985,0.910196549185725,2.76258046120522e-09,2.89985161556759e-11,0.00082253506223842,1.05420623942283e-17,4
"20150",0.000146448802374264,2.38999897967696e-05,0.400080841494627,6.70211859268534e-07,9.3334336068224e-41,0.0783214099560914,1.1568874333076e-08,0.521426717976377,8
"20152",0.00607914204539011,1.06747155775646e-07,0.0214682316634223,0.972095016285546,6.4421312935147e-08,5.67508003222445e-06,0.000351763753814611,3.32551955857543e-12,4
"20154",0.00652881712177979,0.387596791185786,1.68809923705274e-78,4.11770813456236e-15,9.14265595054019e-05,1.71590988329376e-74,0.605782965132925,2.21616715021506e-53,7
"20156",0.924097315612783,0.00189611342358526,1.30280202062968e-26,0.0740000791771875,3.29656873074362e-10,3.78081556645595e-12,6.49141624320473e-06,3.67633382075607e-11,1
"20159",0.00379109982409212,3.51762761608391e-05,5.50282913661085e-08,2.65524913174143e-05,5.84699919788832e-30,6.30508795594874e-06,4.89811028144643e-06,0.996135913181901,8
"20161",0.634849581774981,0.359582263293469,8.1598616193684e-17,1.98467841092737e-09,8.32718498532831e-24,1.46803466578001e-12,3.53492444771858e-14,0.00556815294536874,1
"20163",0.196258902470354,0.00198856375026867,1.22825837158225e-06,0.663206046266834,1.75325790097336e-08,9.11876022389797e-13,0.13854524172068,1.20359965911274e-44,4
"20165",0.493724869701232,0.489858566605513,2.81915632730688e-32,2.00210318536212e-09,2.18937046766315e-08,4.09789446185586e-25,1.78424021504774e-13,0.0164165397972687,1
"20167",0.00311890199988715,7.60147734512196e-09,0.826490779420925,0.17028211189091,1.01036671309378e-09,2.26867321501477e-07,6.12143401981737e-05,4.67568689145696e-05,3
"20169",3.74187242516143e-06,0.000670456467011179,2.35049313707186e-14,5.2556528261575e-17,1.19243096679633e-37,8.72443507331573e-16,2.11941244831568e-16,0.999325801660539,8
"20171",3.03154701981591e-05,0.999815938741059,1.28820987227335e-108,6.03448834219746e-24,2.14617093119258e-08,1.71629027795119e-87,0.000153724327033713,4.36125437029893e-62,2
"20173",0.00355617421597654,0.996443825656288,5.28576602614187e-57,3.33951054686135e-20,6.5120388131153e-21,1.27735871397847e-10,5.155923140022e-30,3.73779013851895e-18,2
"20175",0.0248656517723216,7.79139277508513e-07,0.017253593102166,0.933132975592377,6.73548302906445e-17,0.0223488212851488,0.00239169269377626,6.48641493304685e-06,4
"20177",0.917346510735971,0.0822527430403594,2.56090965717743e-53,1.9757252053165e-05,8.54668483379255e-08,0.000380903504768299,3.01123225491791e-18,9.17693753362152e-24,1
"20180",0.0270817760589252,0.000205957851690017,2.40633455575418e-58,0.00426476564599047,0.967935331375238,1.45832422570755e-23,0.000512169068156229,2.78613247047792e-90,5
"20182",4.65654118535627e-18,0.99999999999991,4.1683704845928e-50,2.04259208694548e-44,2.00804989073047e-85,8.68828351803281e-14,4.60691775599348e-16,3.00453310423513e-15,2
"20184",0.00605865085658035,3.96002607487453e-06,2.68043932751972e-05,0.000129745288172753,1.6372738014879e-20,5.52784226279287e-07,2.85373403108506e-09,0.993780283797936,8
"20187",0.228763205359795,0.654377735800524,2.95808275180337e-33,4.89967013960668e-09,8.92115311308767e-22,0.11685905394001,5.09261377498579e-25,2.31968723240197e-16,2
"20189",0.337084207732758,3.61061848966994e-06,4.54686366765747e-15,0.64600070710537,0.0167435549368582,0.000167467008138071,4.52598381420896e-07,8.39327505520952e-31,4
"20192",0.000120877088690917,0.999869352433844,7.390898106652e-65,1.94294952892166e-13,1.98480692851799e-12,3.47081345706963e-30,9.77047528604795e-06,1.02522709078536e-84,2
"20194",0.0621269705868823,0.932775672818374,7.66477568384461e-15,8.25944364963524e-12,2.84700975147825e-38,0.00509482831693877,6.38633124030736e-21,2.52826953812866e-06,2
"20196",0.108730803768389,9.34142769964746e-05,3.83253134195677e-71,2.77161510588696e-08,0.355444970377995,4.39883330370855e-45,0.535730783860469,4.79646133312826e-67,7
"20198",0.253236650838984,0.00911498850184779,3.80410027360753e-11,0.737555578691271,8.27443020596042e-07,2.56199180050706e-09,9.19519248435916e-05,2.25598974196143e-17,4
"20204",0.000783128070478185,1.48543631477311e-06,0.916424444289849,8.84295900270559e-05,1.53449935573547e-28,5.26237212719887e-08,6.13531016599108e-05,0.0826411068879495,3
"20207",0.529840187779144,0.00234256844287861,1.56063057683424e-55,0.000107589368198317,0.462890426521443,5.09501132690198e-45,0.00481922788833603,9.956302643068e-31,1
"20209",1.86897806704976e-05,0.00200831923297781,7.15023762244477e-16,1.16828535409667e-07,1.33186749877044e-37,2.1747961309102e-08,0.997972852409854,5.38268630074829e-68,7
"20211",9.73057646668508e-05,0.000549423571833393,6.49011895449212e-49,4.5612595592677e-12,1.46018611496278e-09,2.84398754198981e-65,0.999353269198752,1.83889130383059e-69,7
"20215",0.325433574372547,0.00283941916450491,2.79790462308383e-24,0.255009730219982,0.416717144245485,8.77277235700987e-26,1.31997481183362e-07,3.21171925255841e-35,5
"20218",9.84016256221497e-05,1.19653879464818e-05,0.00225600075487232,1.42949065488029e-08,9.91191793601177e-32,1.03260245869794e-10,3.24643491433170e-09,0.997633614586957,8
"20222",0.841147265891614,0.0411903902206994,9.28564265723379e-38,0.000271584117803853,0.105594467329007,6.31344845693411e-46,0.0117962924408763,4.03326907785314e-34,1
"20225",0.460452699699404,0.538692152237901,0.000614403435921551,0.000224125985916979,2.69688167370286e-28,2.76716101734929e-14,1.66186408289982e-05,2.2282735797479e-16,2
"20229",0.994445272970112,0.00482013770748156,3.36230584883767e-16,0.00061139977660785,2.93336349236417e-19,3.4093476238317e-20,0.000123189545798186,7.0610004570828e-41,1
"20232",0.332944133344073,3.71687916788652e-06,2.36470874847508e-28,0.641333307944419,1.00852586370069e-06,7.13004879615237e-12,0.0257178332993464,2.06827299476088e-30,4
"20234",2.83885532899441e-05,0.973953699540812,2.22379518668063e-142,1.40860739848783e-19,0.0260171643506036,7.50687389855799e-57,7.47555294364088e-07,4.7368799953357e-127,2
"20238",0.598717387655004,0.00037065039025926,9.08137908596686e-43,0.38753568901274,0.0133535961384001,1.43872538428842e-24,2.26768035959289e-05,1.84472540156502e-33,1
"20253",0.0216397485813411,0.000980349014434185,4.37639758165404e-50,0.000769703967225101,0.976610198423427,2.6024228600347e-31,1.35725440222243e-11,7.05969635528876e-47,5
"20255",0.000529216221441103,6.33088447495251e-10,0.962548871462429,0.0319418912455462,1.63584990902367e-18,5.60036635902952e-10,0.00498001987742089,3.71829701601281e-14,3
"20258",0.00657951373155424,6.48961203760551e-05,9.17833220266607e-44,0.00214925550399323,0.991205704308952,5.08295204773583e-26,6.30335124842371e-07,4.03452997273293e-52,5
"20269",0.858434118463597,0.000281546551736126,6.75701639338907e-21,0.0317175966973196,0.109565828121933,1.79123509988254e-17,9.10154968907437e-07,1.04456820322869e-11,1
"20271",0.708109104788239,0.139212372542948,5.19679771718081e-54,2.2815083738374e-05,0.152655707582902,1.24100840918091e-12,9.31225284457544e-13,1.82280972351422e-65,1
"20285",0.863432326085246,0.0321333771804243,1.20401404509161e-27,1.53630125898879e-06,1.57694376206908e-25,0.104432760433066,4.94586698825485e-15,3.69731648358502e-18,1
"20288",0.262680167231504,5.85589428486827e-05,4.24705505419106e-28,0.736168844109162,0.00108192847279131,8.74989771120789e-20,1.05012436934393e-05,2.04428304512142e-31,4
"20291",0.152847656178211,7.10041593564114e-06,2.21269776693157e-69,2.14580772105685e-05,3.03810717769759e-05,1.09368206149814e-29,0.847093404256866,5.26601953635898e-49,7
"20295",0.940304665892438,0.0596932421424922,3.97464589014962e-30,2.08998043544798e-06,1.64604650830463e-09,1.50767207938848e-11,3.23510804792722e-10,5.84839476104957e-26,1
"20298",0.000878027324978201,1.02208481056427e-07,0.985771566893474,0.0132403289132719,3.20594074827139e-25,1.20723362997166e-05,9.78925854464252e-05,9.73804904513332e-09,3
"20302",0.0945613789779426,2.92349676772371e-05,2.5243809540685e-07,0.00135387375253949,3.25563021377283e-22,0.00431025229905123,1.1286994127115e-07,0.899744894694753,8
"20305",0.00039028973727934,6.58869301831206e-07,0.99733407018531,0.00209313380608676,3.67432233096133e-29,0.00015212299798381,2.97244040379508e-05,4.49489989221852e-17,3
"20307",0.00708288498699693,3.33455759908898e-06,2.11759118057202e-51,0.1558645782012,0.836800799123513,7.30375230044239e-29,0.00024840313069081,2.36256633091307e-42,5
"20310",0.0487788262665928,0.681372853936131,3.56343777718615e-120,4.52720980345307e-13,0.269848319777515,8.52145171747027e-50,1.93088013818953e-11,1.32820042839329e-83,2
"20313",9.61662451335735e-06,0.00458081402352913,2.02585751622015e-20,2.68995621756891e-15,3.91541970785177e-46,5.53103971189188e-05,7.90085699481824e-16,0.995354258954835,8
"20315",0.326332802195478,2.85780408466827e-05,3.93082482411753e-47,0.154848699843136,0.518785958950681,4.02543715644311e-15,3.96096985452509e-06,8.68339981207658e-44,5
"20319",0.231437954651827,0.438559170640263,9.12575005231881e-62,1.17851295039462e-07,0.00741047205186297,5.12563350437303e-56,0.322592284804752,2.35658622974354e-77,2
"20321",0.0962803285795606,0.0678450875508475,5.34512984012864e-51,8.12348924577569e-05,0.835793348977097,1.02085854257563e-34,3.69916383763494e-14,2.33356127294918e-40,5
"20327",0.0619306105852148,9.25371288289488e-05,1.26510749178096e-55,0.00204715548356724,0.93592969650544,1.21394022028282e-16,2.96948955384657e-10,1.12896260705654e-44,5
"20329",0.000111563735650498,0.0793251244641854,1.49114237887967e-27,3.16194234134502e-16,2.89075780396837e-47,0.920563311799959,1.02787504576325e-25,2.04572626025592e-13,6
"20335",0.0311622772654939,0.000137065952505553,1.11431367006175e-73,2.61643027491361e-07,0.924938038132266,4.41386037899476e-56,0.043762357006707,1.97755650042575e-48,5
"20337",0.000346221772062219,1.98460381304468e-07,0.000327829858607729,9.98610245770234e-05,1.32712327901689e-27,4.00622365565878e-06,1.86445360782989e-05,0.999203238124638,8
"20339",0.00284379500982475,0.946084179286824,1.76028622332125e-39,9.49118889459178e-11,1.10592679553775e-23,7.85354808336524e-33,0.0510720256084397,6.66185747325122e-78,2
"20341",0.136105164027475,0.798546450562296,2.73578920669806e-79,1.06048279629519e-13,1.1877198689408e-09,6.7454873273548e-50,0.0653483842224033,6.86051673321167e-33,2
"20343",0.713434718627781,0.164541748192989,8.5559589704192e-80,3.7951632093569e-09,0.122023529085783,1.05724908005446e-46,2.98284720036689e-10,1.17455629712341e-30,1
"20345",0.0199446218403169,1.63284694925882e-07,0.00414459283313483,0.844599884679192,2.34193384991808e-16,0.127835376482067,0.00347536088059408,3.14546459006989e-31,4
"20350",0.478033369904363,0.521966628630008,8.184371175688e-61,1.46553928677272e-09,2.12634700839269e-16,4.70358272557179e-19,9.0317119659248e-14,7.0013005348892e-29,2
"20352",1.65986276086736e-05,0.000240710735061655,2.44372633534405e-13,1.74751788720194e-14,1.81889359864733e-30,8.29493618705707e-17,1.00038023361121e-14,0.999742690637058,8
"20355",0.949904712843313,0.0141748013337004,2.63251224406062e-20,2.1517596071615e-06,1.11241763815123e-19,2.2247295008855e-10,1.13371978635116e-09,0.0359183327071866,1
"20358",0.000104241420276918,0.0129754057206541,2.10112215192628e-11,1.70948669236915e-14,1.95282322167249e-43,0.986920352807956,4.2205545670565e-20,3.00850854995395e-11,6
"20363",0.0146630330707328,0.000303490344761258,2.42297637548577e-35,0.00813196673298249,0.976901508354128,1.76725384916666e-31,1.4973950073598e-09,1.277198347837e-34,5
"20365",0.0282281658664306,6.44640982838511e-07,6.60722517396218e-30,0.00255396195279114,0.000126229419018281,3.25998031285248e-29,0.969090998120777,2.25238174593755e-50,7
"20379",0.00313487942664396,1.95070384498348e-05,8.00407708350213e-05,0.0287500347644149,8.66001277836635e-24,0.000932694294140056,0.967082843699931,5.58491212295036e-12,7
"20387",0.00397394801810065,2.45955465292487e-07,1.46677719852777e-32,0.087029532675411,0.904574790790925,8.8547378626744e-26,0.00442148256009822,2.41915622947642e-34,5
"20392",1.04856668220826e-05,0.002361479382189,6.84435482113842e-58,2.78925088888721e-13,4.97530245546351e-07,7.44945983612973e-73,0.997627537420465,4.3692186914507e-91,7
"20395",0.0158105880063429,6.77286527851035e-06,0.00948877711722208,0.974220201580825,8.34423086536775e-09,3.82010953776669e-06,0.000469744937102262,8.70394605638041e-08,4
"20397",1.1173059996252e-12,0.0161340080931561,3.69614655787373e-51,4.30177733511867e-34,8.2008124751849e-72,0.983865991897889,1.08885171539636e-31,7.83806205482904e-12,6
"20410",0.0509387998850711,7.61360249430266e-07,2.46508971118626e-23,0.761552939370839,0.180497147495705,2.13767101351868e-11,0.0070103518667581,7.84817781703192e-59,4
"20414",0.219768524408359,0.000254946117071804,0.756648046210122,0.0218368255151882,4.79530033332192e-16,4.29926890391501e-09,5.73041666452563e-05,0.0014343492833439,3
"20417",8.03562423603289e-12,0.999999999991777,5.22334552696302e-183,1.10740591284574e-40,1.96271639506169e-14,5.16502878837222e-71,1.68202217655025e-13,3.12098951582024e-156,2
"20419",0.0146702183829236,0.000132359124065054,7.96195900191796e-56,3.50869345682632e-05,0.985162335558442,7.01475415303575e-20,7.07183164441958e-16,1.83356778055263e-40,5
"20421",0.121473181668518,0.000746601304741851,1.13147192912489e-10,0.000407440717811003,1.76701569149511e-19,3.27694135279227e-16,0.877360497529608,1.22786661733067e-05,7
"20423",0.0082936700981655,2.27888294884202e-05,0.956812991605346,0.00688085648996838,1.78713822902282e-21,2.04924642061149e-09,0.00547790099819555,0.0225117899295897,3
"20425",0.919764260542568,0.000324076048365707,0.00751700018782287,0.00723612535864691,3.62037372132641e-19,2.9471987418677e-15,0.000521170064881264,0.0646373677977122,1
"20427",0.0119714407229296,5.87931662133233e-07,0.000197330922268706,0.986869656139324,1.38550084704271e-05,3.19886166118163e-09,0.00094712607648319,7.26543370466031e-21,4
"20429",0.969348575458181,0.0306507768745797,1.03303212563615e-66,2.8519009162416e-07,3.62476685790839e-07,5.97773862052857e-25,4.61914960735317e-13,2.7782746959939e-35,1
"20432",0.0977029112259532,0.0314168011490319,0.765486434216299,1.47883221061891e-05,1.29120337172599e-25,7.97207554583662e-06,4.25064308465024e-10,0.105371092586,3
"20435",0.277854991457623,0.00118364948647532,4.41513372196496e-18,0.704154994525851,3.39558292900112e-06,4.31872399326158e-16,0.0168029689471211,1.24148764593356e-42,4
"20438",0.105620995021613,0.0392635614534976,7.50738340659123e-47,0.000699740630490703,0.854415702894398,5.54535872842428e-16,4.4072929702532e-20,7.26156673362236e-17,5
"20440",0.140416640136261,0.000105347961524164,8.75936141732636e-55,0.000402402266935421,0.859075608913735,1.70676880422866e-18,7.21545016092391e-10,9.20129424937333e-29,5
"20443",0.0737946434403629,0.0483926321303179,4.87895646199684e-27,1.59118884684819e-09,6.01917868065512e-24,4.30597874137317e-13,3.41987279599083e-13,0.877812722837358,8
"20446",0.961760242664898,1.30126472236116e-05,1.81785918819407e-17,0.0382138821024219,1.1063633790093e-09,5.94286038942904e-11,1.28614196648641e-05,6.78169402584951e-17,1
"20449",0.00842613947004716,7.68162392570204e-09,2.74778361070203e-17,0.988217075235237,2.22079339287139e-06,2.67348977191649e-11,0.00335455679296377,8.0061175095724e-29,4
"20537",0.137224041169277,6.03010618297096e-05,2.74001846596965e-39,0.00101414767656523,0.000191377411014922,7.81085678373728e-32,0.861510132681313,7.22924117717231e-33,7
"20540",7.80845973812153e-07,0.00852011364351351,2.69811748318094e-78,6.54935389153705e-15,2.12470095501056e-07,7.08417301559888e-58,0.991478893040411,2.27474083442801e-97,7
