"","V1","V2","V3","V4","V5","best$classification"
"19811",3.51479686677703e-24,0.982836206950337,2.22367630565707e-10,0.0171637928096336,1.76613514737966e-11,2
"19813",3.02198133871552e-28,0.999454290690097,1.06224826961938e-12,0.00054570930880998,3.04694432130553e-14,2
"19815",2.15500871866592e-26,0.995805996084173,9.66610242215874e-12,0.00419400390568307,4.77980495162583e-13,2
"19817",6.57330358661789e-22,0.803193470563575,7.71883590674573e-09,0.196806521058779,6.58809623107039e-10,2
"19819",0.020665497504592,7.13564844243256e-13,0.792721898591711,0.000103927079645988,0.186508676823337,3
"19821",4.35961168518538e-20,0.863793559718654,1.02869276087922e-07,0.136206335428608,1.98346205121125e-09,2
"19823",2.02738199935556e-16,0.159399826749962,1.40167199046751e-06,0.840580349484815,1.8422093232952e-05,4
"19825",0.00134486362691635,9.68052065816348e-10,0.534214806508493,0.00399672672685152,0.460443602169687,3
"19827",1.85535138623961e-20,0.914414501218152,1.43687771102836e-08,0.0855854817629616,2.65010922895927e-09,2
"19829",5.25635181073669e-06,6.33663229420265e-10,0.998474256929244,0.00140149380761922,0.000118992277663004,3
"19831",0.000432263000106504,1.09148358933167e-11,0.893781687689053,0.000899036462496477,0.10488701283743,3
"19833",2.51534378764815e-06,2.46336094345973e-12,2.55549801727463e-05,4.68654523896986e-06,0.999967243128337,5
"19835",4.35961168518538e-20,0.863793559718654,1.02869276087922e-07,0.136206335428608,1.98346205121125e-09,2
"19837",3.97245171654146e-17,0.0750607218543716,4.97604885773298e-06,0.924934246574341,5.55224293081176e-08,4
"19839",1.32536570261041e-16,0.346552018733787,2.91953341934446e-05,0.653418602809398,1.83122620487504e-07,4
"19841",1.73690547886773e-17,0.857895089392436,1.30685927170505e-06,0.142103484530845,1.19217446340993e-07,2
"19843",5.00813352463227e-20,0.938194685930456,7.53511878044578e-08,0.0618052328545103,5.8638457956354e-09,2
"19845",2.3702806230646e-21,0.938113294108245,7.89387924609735e-09,0.0618866957894329,2.20844249299645e-09,2
"19847",4.62082500858655e-27,0.99872920994192,4.81106638934918e-12,0.00127079005313701,1.31865129826336e-13,2
"19849",2.18326889423297e-32,0.999985034655587,1.20326237739963e-15,1.49653444122209e-05,4.63656145954153e-17,2
"19851",1.79417539912705e-28,0.998354863747765,3.70975702667354e-13,0.00164513625182709,3.6477521413006e-14,2
"19853",3.86613353659348e-21,0.759652222448677,5.04477877438255e-10,0.240347342277918,4.34768927126643e-07,2
"19855",5.42720883624089e-15,0.00416361088153624,5.83167963260699e-06,0.995754213749538,7.63436892874921e-05,4
"19857",5.2672645253849e-11,7.86632078704731e-05,0.0102172720378633,0.989561590804401,0.000142473897192575,4
"19859",1.72938398824351e-23,0.983184232120474,5.69539766635976e-10,0.0168157672649136,4.50726560076619e-11,2
"19861",7.11177430654626e-29,0.9993450877276,2.60267751414982e-13,0.000654912272122937,1.65879425838515e-14,2
"19863",1.40122920326294e-30,0.999971921763837,8.34515390365954e-15,2.80782361536522e-05,7.18678520880162e-16,2
"19865",1.55886803920983e-22,0.990367531281608,7.95398563581528e-10,0.0096324678641994,5.87940549305802e-11,2
"19867",8.10624764307867e-23,0.919595133636608,2.97967073387411e-09,0.0804048632592523,1.24468557307838e-10,2
"19869",4.00303498523028e-22,0.96950070406091,2.47702662307665e-09,0.0304992928663033,5.95759743469612e-10,2
"19871",9.69908353629513e-23,0.947678199405314,2.92601323418919e-09,0.0523217976134964,5.51762973741573e-11,2
"19874",4.05565893934876e-27,0.999124164951969,6.45187905780306e-13,0.000875835047183371,2.02117020922961e-13,2
"19876",3.16189416539276e-29,0.999758710986315,4.41021079006589e-14,0.0002412890136352,6.04151988945689e-15,2
"19878",4.99605509931347e-09,7.08404869940118e-05,0.0349784455275568,0.960679056218673,0.00427165277072145,4
"19880",2.10735434185254e-32,0.99999375859152,3.84651886562005e-16,6.24140847962523e-06,2.54480883117383e-17,2
"19882",6.72790041322712e-29,0.999712700612759,1.05823322531464e-13,0.000287299387120471,1.50106129980461e-14,2
"19885",5.25118093738686e-19,0.570664720145226,7.25579953968048e-07,0.42933454125615,1.30186700138264e-08,2
"19907",4.12969166526189e-24,0.983054612530913,2.77413953129559e-10,0.0169453871756394,1.60339868567474e-11,2
"19909",1.65469022011192e-07,3.17472271234119e-07,0.883391823557534,0.115873247340769,0.00073444616040326,3
"19911",5.27532143569028e-17,0.428116793476244,1.30926010786116e-05,0.571869993740849,1.20181828056853e-07,4
"19913",4.78947099822863e-31,0.999993465236846,1.32704014897593e-15,6.53476315230386e-06,1.07661060204593e-16,2
"19915",8.06808233606955e-30,0.999901055513053,1.65747486014923e-14,9.8944486928102e-05,1.89560899924121e-15,2
"19917",4.63753487331025e-27,0.999500783848781,1.64453382675949e-12,0.000499216149487989,8.64904752622428e-14,2
"19919",4.40998897060349e-23,0.973008702649573,6.63125410473883e-10,0.0269912966209085,6.63926898384849e-11,2
"19921",2.2837677172229e-21,0.685738499498816,2.23818794533019e-08,0.314261476785212,1.33409223028873e-09,2
"19923",6.09635052552821e-15,0.0259815845107787,3.81694210065359e-05,0.973965295843438,1.49502247711163e-05,4
"19925",5.7499080139504e-19,0.697951762905801,5.79620488081789e-08,0.302048151911984,2.72201657350518e-08,2
"19927",3.60553516086178e-25,0.990212129955532,4.70774071279535e-11,0.00978786999268537,4.70481343578482e-12,2
"19929",7.01076368256868e-31,0.999982157104017,4.22980185740468e-15,1.78428959782793e-05,3.07757982945871e-16,2
"19931",1.39737753896652e-27,0.999139657030939,1.33978179438219e-12,0.000860342967674491,4.63879726306486e-14,2
"19933",1.07684764684514e-07,6.13455239917867e-06,0.441026681389013,0.557701035072951,0.00126604130087221,4
"19935",3.787921376001e-12,0.00359252052425948,0.0014961763517581,0.994805405171445,0.000105897948749113,4
"19937",2.10841112556091e-31,0.999937177364134,4.6169131288345e-15,6.28226358606941e-05,2.19332563245209e-16,2
"19939",5.39490782551868e-09,4.70504072028517e-05,0.0130546171719552,0.971591313995003,0.0153070130309308,4
"19941",4.63365270051278e-16,0.334242072987866,4.7926748299875e-05,0.665709721049985,2.79213849419995e-07,4
"19943",5.69645996162975e-22,0.989146430027765,1.10184451992215e-09,0.0108535685025853,3.6780488115886e-10,2
"19945",6.87942772144729e-23,0.981513818522214,2.98115570819653e-09,0.0184861784706395,2.59907261806952e-11,2
"19947",9.92674877504471e-23,0.990588931080796,5.18896276429594e-09,0.00941106371140361,1.88377334747344e-11,2
"19949",1.32013429428865e-14,0.0117538599769672,9.11423801600021e-05,0.988150445232393,4.55241046637461e-06,4
"19951",4.95154097636072e-20,0.893541247498565,4.45330619869917e-08,0.106458703659433,4.30893948654266e-09,2
"19953",0.00228110333637996,6.71366487429684e-12,0.174093550520949,0.000586658111207302,0.82303868802475,5
"19955",1.85174508646632e-25,0.996836351136575,8.24525834213961e-11,0.00316364877966089,1.31114708573891e-12,2
"19957",1.31380078673202e-18,0.700872093082187,2.61534425985012e-07,0.299127414339073,2.31044313557005e-07,2
"19960",5.46280398240437e-19,0.849175310588165,1.0232445319642e-06,0.150823660523339,5.6439641633128e-09,2
"19963",1.17133291032638e-20,0.993455866568673,8.1562887837759e-10,0.00654410365783738,2.8957860555955e-08,2
"19965",0.000179572032125862,9.82452025374183e-12,0.986249076484057,0.00106441759850432,0.0125069338754884,3
"19968",3.39836317712926e-23,0.993535439271259,8.9577116746926e-10,0.00646455981641812,1.65511843569115e-11,2
"19971",2.92655636180427e-21,0.991780429794828,3.58180692950937e-09,0.00821956558952484,1.03384063446754e-09,2
"19973",5.65146698298698e-24,0.988311766813835,2.79955380136867e-10,0.0116882328952561,1.09537037956631e-11,2
"19975",2.11702420974125e-22,0.98356570649614,1.94310505616979e-09,0.0164342914771985,8.35568299255749e-11,2
"19977",4.06739133071323e-31,0.999986494442695,2.51399195166021e-15,1.3505557302748e-05,2.88120755033478e-16,2
"19979",0.0324374812810654,6.59517901305748e-17,0.967490363863844,1.71304434188248e-07,7.19835506559426e-05,3
"19981",3.18158030140477e-23,0.962092350189347,3.23072830119788e-09,0.0379076465519174,2.80069006263388e-11,2
"19983",1.15704142042802e-09,1.85797712094443e-06,0.0485619019379705,0.950472144224532,0.00096409470333538,4
"19985",3.02653285288372e-27,0.999275258190794,8.15508561953257e-13,0.000724741808262152,1.28467692066849e-13,2
"19987",3.1973172512686e-17,0.278751722352681,9.22977814446747e-06,0.721239004701645,4.31675296155505e-08,4
"19989",0.0125750037568855,1.05788150023785e-13,0.96482163253548,5.03831998624019e-05,0.0225529805076661,3
"19993",0.00183247505105705,3.54386653922131e-11,0.973580570747575,0.00276758349061333,0.0218193706753156,3
"19995",1.93370057430615e-07,5.69501625300544e-06,0.384871278180683,0.612841044090968,0.00228178934203851,4
"19997",1.85653170267144e-23,0.946188538856934,4.31088375107583e-10,0.0538114606510236,6.0954562259137e-11,2
"19999",5.77377855457724e-29,0.999688054658297,1.20636072291477e-13,0.000311945341573197,9.06170508117339e-15,2
"20002",1.73133506979517e-11,0.0259003806985104,0.00178713718575598,0.971712239974739,0.000600242123681623,4
"20004",2.05657858473585e-18,0.702819817003853,3.21000454424517e-06,0.297176967503228,5.48837513855161e-09,2
"20006",4.18446813611028e-11,0.000390586665929404,0.0178082623683138,0.981611792960375,0.000189357963536773,4
"20008",2.3411810422502e-15,0.111993017085623,4.30444844149187e-05,0.887961939947191,1.998482769143e-06,4
"20010",0.00758609256691706,7.51041971139895e-13,0.825133761728273,0.000555864486562584,0.166724281217497,3
"20012",4.02970373100557e-22,0.981058005075592,1.89121030787361e-09,0.0189419928567446,1.76453255736187e-10,2
"20015",0.999999069433099,1.20357477254592e-36,9.2989191540266e-07,1.07381580327966e-19,6.74985721171159e-10,1
"20017",2.1709268167341e-17,0.209594996868146,1.9522831384089e-06,0.790402595117239,4.55731477388852e-07,4
"20019",0.00616954946350947,7.15073643695643e-13,0.970667541594444,7.62802856965266e-05,0.0230866286556355,3
"20022",8.95733445195481e-06,3.10344978912634e-09,0.972766623527611,0.0212042627750952,0.00602015325939214,3
"20024",0.00181389107951965,4.29485710439142e-11,0.42621847864783,0.000686532172122464,0.571281098057579,5
"20026",0.00181389107951965,4.29485710439142e-11,0.42621847864783,0.000686532172122464,0.571281098057579,5
"20028",7.72900210416942e-27,0.998874175126788,1.58906964011758e-12,0.00112582487135664,2.66419228285643e-13,2
"20030",0.00911429983883466,2.84035629710461e-14,0.988464460906349,1.29444130026662e-05,0.00240829484178512,3
"20033",1.09431103703935e-26,0.999096444346232,5.17411042649015e-12,0.000903555648486761,1.06685928703628e-13,2
"20035",0.00848658297193972,3.19713112111515e-13,0.976089237556025,4.05929284605923e-05,0.0153835865432546,3
"20037",0.000233929638204629,2.7831187123309e-10,0.949664407239542,0.00289621743066162,0.04720544541328,3
"20039",0.00135635243511628,6.51045922851811e-13,0.0117368036172064,2.51138574115275e-05,0.986881730089615,5
"20041",0.00408963913762697,2.37114493719302e-13,0.212346255300749,0.000401188230012993,0.783162917331373,5
"20044",1.09739572711064e-07,1.51322334571208e-05,0.101993410682073,0.817027993722477,0.0809633536224201,4
"20047",0.871936537254369,1.92094532479006e-19,0.126098171788962,5.9024832153232e-09,0.00196528505418578,1
"20050",0.90910510000052,2.71721776053335e-20,0.00233694666707272,4.72777086654355e-09,0.0885579486046368,1
"20052",4.81179131583976e-21,0.929430721558344,1.67229521435168e-08,0.0705692605355913,1.18311225525559e-09,2
"20054",0.971940070424325,4.44158470056047e-22,0.0272904645071718,6.60754497430484e-10,0.000769464407748786,1
"20056",4.24728003308059e-27,0.999800921349395,1.00251376730591e-12,0.000199078649574444,2.8452845847647e-14,2
"20058",0.145901773793005,1.5751404541915e-17,0.851067910366048,5.39756164882588e-07,0.00302977608478226,3
"20060",1.16220917664489e-20,0.825760151750077,3.53075296389183e-08,0.174239811752881,1.18951155645191e-09,2
"20062",1.87556680129607e-15,0.0253589996490002,3.57524554795621e-05,0.974603718056553,1.52983896545698e-06,4
"20064",1.30791869204894e-07,1.09043041703478e-06,0.757784358703769,0.241835690593512,0.000378729480433297,3
"20066",1.48110323355576e-05,3.081539818247e-11,0.999898545212001,7.36187910420049e-05,1.3024933805924e-05,3
"20068",4.87321515741643e-19,0.435873007312238,2.99741308581455e-07,0.564126635928299,5.70181541402481e-08,4
"20070",2.34151770532152e-18,0.174823140044038,2.71819708547795e-07,0.825176008913897,5.79222356875011e-07,4
"20072",5.3637552637845e-06,4.29037220821493e-09,0.980134385785009,0.0143071845578713,0.00555306161148361,3
"20074",4.97899106272559e-33,0.999996747780016,1.8863084985173e-16,3.25221998382499e-06,1.07445936509423e-17,2
"20076",1.89495435268364e-14,0.0732408432779935,0.000144924789036861,0.926604337848336,9.894084614579e-06,4
"20078",3.71006566667331e-17,0.20471055374672,1.70934588538429e-05,0.795272289466351,6.33280753221985e-08,4
"20080",0.999914962134974,3.7416135099161e-30,8.4931836923981e-05,1.01182640105717e-15,1.06028100761777e-07,1
"20082",0.999817165720989,3.38582514368289e-30,3.35565538688607e-07,2.86291174372457e-16,0.000182498713472416,1
"20084",8.94965680768849e-06,6.96417131104148e-07,0.676643794650101,0.189131529392205,0.134215029883756,3
"20087",4.30015313423472e-08,1.05619310952583e-06,0.438677394701152,0.559936795465195,0.00138471063901306,4
"20090",0.999952221064588,1.15401368311511e-28,4.45485070565149e-05,9.97423380804031e-15,3.23042834516586e-06,1
"20092",0.0653835780525284,2.01542166982775e-19,0.00227730698581791,6.5276130482915e-08,0.932339049685523,5
"20096",3.73453965335421e-06,5.44128112528751e-08,0.0304928550689148,0.0443745619603038,0.925128794018317,5
"20098",8.65420212597576e-15,0.0371055366079379,3.02937188304277e-05,0.962858445840405,5.72383281839881e-06,4
"20101",3.64805767775991e-07,1.06331845983992e-05,0.686228067620105,0.309313221176123,0.00444771321340559,3
"20104",0.202893976097143,6.70208964136074e-22,9.31516686942336e-05,5.25258794133475e-10,0.797012871708904,5
"20106",6.10255419693109e-05,3.25219468050329e-09,0.976911157644161,0.010043738784126,0.0129840747775489,3
"20108",2.8579691467111e-23,0.974066306881833,1.05477840312518e-09,0.0259336920462553,1.71331116144191e-11,2
"20110",0.000212722947762969,9.10065334984898e-12,0.00450324947072292,0.000394730132795151,0.994889297439618,5
"20112",8.1963511282237e-08,3.2644857965118e-05,0.188931034153516,0.801787257164938,0.00924898186006968,4
"20114",1.12705100947423e-16,0.465429089730678,1.34565454070748e-05,0.534557223659837,2.30064078195249e-07,4
"20116",4.88847142181871e-11,0.00141697620758334,0.0380082224674134,0.960539099399984,3.57018761344869e-05,4
"20118",3.20117087927903e-15,0.0287413036941628,9.02603202562082e-05,0.97116760242993,8.33555648019907e-07,4
"20120",0.99993954357674,2.16451080551694e-27,3.17273512924134e-05,5.23765496682118e-14,2.87290719147664e-05,1
"20122",5.69839123304796e-22,0.979999637080416,3.00477312865396e-09,0.0200003597988496,1.15960746313505e-10,2
"20124",2.12028341746495e-08,2.66762675395086e-05,0.311447897329789,0.683252970448201,0.00527243475163578,4
"20126",4.58402956592289e-07,1.55470429269971e-05,0.0931180664068368,0.337676473635179,0.5691894545121,5
"20128",0.585492271500666,2.16142184356963e-17,0.0618050788231028,1.46434862059177e-07,0.352702503241369,1
"20141",6.08006433740633e-13,0.00408236600083985,1.1013289225255e-05,0.973140077940174,0.0227665427691532,4
"20143",8.14234135017341e-33,0.999997570861126,1.37763520079598e-16,2.42913887342127e-06,1.01991519720441e-17,2
"20145",1.81973583546412e-06,4.56247667095845e-07,0.809293098867426,0.183564418319635,0.00714020682943662,3
"20147",3.27098352436315e-06,7.25082242578516e-10,0.993739612860544,0.0060172963010657,0.0002398191297833,3
"20149",1.22881325883462e-22,0.991216994048306,6.29052505725156e-10,0.00878300516519255,1.57449414494232e-10,2
"20151",5.21595404736429e-17,0.189067337249502,2.85325692999866e-06,0.810929665835938,1.43657629796607e-07,4
"20153",0.000613625238184866,9.60519419603169e-11,0.0399275190958571,0.00112712520733269,0.958331730362573,5
"20155",1.00276762788766e-06,4.86190243872649e-08,0.951132973419154,0.0470861674762788,0.001779807717915,3
"20157",1.00900928551447e-30,0.999973144976687,6.3019108016971e-15,2.68550233060664e-05,2.37810264808072e-16,2
"20160",9.09199381788685e-32,0.999995148693964,5.1935260393467e-16,4.85130603589269e-06,4.15386624158153e-17,2
"20162",3.67511495637826e-30,0.999961174922367,5.54746650786873e-15,3.8825077626527e-05,8.19494978422603e-16,2
"20164",1.12799584171588e-27,0.999733214515638,3.52530465804979e-13,0.000266785483971814,3.73574529976578e-14,2
"20166",3.45076489232503e-08,0.000164767163256004,0.274580445392111,0.721914568426117,0.00334018451086696,4
"20168",2.6643925650138e-27,0.999722017606767,2.64490145806394e-12,0.000277982390547469,4.08926125604078e-14,2
"20170",8.96260380835172e-26,0.997467239107658,1.0991597633746e-11,0.00253276088027145,1.07877035940423e-12,2
"20172",2.36671982004151e-09,1.07027091309936e-05,0.360970506096637,0.638916154224832,0.000102634602680162,4
"20174",9.06167537365462e-26,0.995945057270152,1.35138496929716e-11,0.00405494271514878,1.18484314972448e-12,2
"20176",6.83571690386403e-09,9.47397971343385e-05,0.0836609760157967,0.907901770694787,0.00834250665656482,4
"20178",8.84594221867957e-33,0.999997952426257,1.17731177585082e-16,2.04757374266991e-06,9.14598547072021e-18,2
"20181",8.52765654428323e-06,2.4784257921871e-09,0.997946755554087,0.00188898799233252,0.000155726318610194,3
"20183",1.00467249956626e-18,0.320588832221184,6.33537056775799e-07,0.679410473757593,6.04841659544881e-08,4
"20186",0.000280076697046843,7.93632541844429e-11,0.196119667045918,0.00534950981221743,0.798250746365455,5
"20188",6.17727648770378e-26,0.999555839900465,1.88891970166726e-12,0.000444160097113566,5.32368644916984e-13,2
"20190",0.619909320480392,1.79327511760467e-19,0.379848927193772,1.92044030473291e-08,0.000241733121432756,1
"20193",1.32002423726674e-12,0.0595684178243996,0.000957120198020011,0.939438510654305,3.5951321955236e-05,4
"20195",2.95721059806104e-20,0.925005985217689,3.23909821644931e-08,0.0749939806235151,1.7678137833548e-09,2
"20197",0.00277890925439219,1.03495037819293e-12,0.944770635570607,0.000381694267759854,0.0520687609062064,3
"20199",3.40199507035519e-18,0.706039453821045,2.03492757848217e-07,0.293960049929037,2.9275716015761e-07,2
"20205",0.00167253992743853,3.64102656916049e-16,0.000372010989222028,3.39224830342411e-07,0.997955109858509,5
"20208",4.69166854337009e-15,0.0169544333398304,5.67284789810298e-05,0.982987547588121,1.29059306259497e-06,4
"20210",1.73718265488968e-31,0.999985568800112,1.46135013852839e-15,1.44311998859729e-05,1.02100877245393e-16,2
"20212",1.00305448730127e-23,0.994050910731356,1.67607845629251e-10,0.00594908909033058,1.07057767428355e-11,2
"20216",0.00276806379087056,2.30151792613391e-12,0.977723370251448,0.000253396405895121,0.0192551695494843,3
"20219",0.946175001210414,1.59138608997678e-20,0.00647921537407538,8.30218541346976e-09,0.0473457751133249,1
"20223",5.72784120286281e-07,6.33136667989412e-07,0.888149212494995,0.104944975408844,0.00690460617537356,3
"20226",0.0292783503035151,1.35506525669563e-13,0.188527114950484,0.000159827711631856,0.782034707034234,5
"20230",0.000232166458659577,1.01299736519592e-11,0.998559161877332,0.000240108036580299,0.000968563617298403,3
"20233",2.47797014218626e-10,8.79020337654961e-07,1.95843957025787e-06,0.00575536084536015,0.994241801446935,5
"20235",0.00859518544383188,2.13043019443271e-13,0.441754153700157,0.000121088907986908,0.549529571947811,5
"20239",2.34315782037017e-10,4.55802578768604e-05,0.0509417505825106,0.948672473611071,0.000340195314225924,4
"20254",0.999867740648233,3.51549943951237e-30,3.93332598731106e-07,3.04186149527532e-16,0.000131866019168295,1
"20256",8.41044946506931e-06,3.14567851421536e-11,0.998111496342298,0.00120781415413525,0.000672279022644788,3
"20262",2.55499613091037e-21,0.920460222261835,6.44794926642016e-09,0.0795397709314643,3.58751652684195e-10,2
"20270",3.89411622696796e-13,0.0288499534719817,0.00175108030668817,0.969394174393471,4.79182746985605e-06,4
"20284",4.09433876509462e-11,0.000549953762720234,0.000573448524342401,0.9950008195044,0.00387577816759372,4
"20287",0.0580620978242359,2.59930827687475e-17,0.941284801811538,3.32464524214194e-07,0.000652767899702074,3
"20290",0.999728308367714,4.37644972160511e-30,1.63069062729394e-07,5.14833446434793e-16,0.000271528563223124,1
"20293",4.05022519536825e-14,0.0015198870696323,0.00269600475054804,0.995783692158805,4.16020974386386e-07,4
"20296",7.70756269357644e-15,0.048484826259538,0.000121613780840563,0.951391813240423,1.74671919019617e-06,4
"20301",0.994684761243803,2.3647121997911e-24,0.00531423397693643,9.37439458693127e-13,1.00477832309295e-06,1
"20304",0.975354636491981,5.27293688403326e-24,9.87571929691862e-05,7.00769083315601e-12,0.0245466063080424,1
"20306",0.0327564311506266,5.77235252658959e-16,0.963939178217531,3.55492740500275e-06,0.00330083570443678,3
"20309",1.14065088643671e-11,0.000493393815746098,0.00888996444805514,0.990586376430937,3.02652938550422e-05,4
"20311",1.17329323299291e-10,0.000577151138045494,0.0239775599499582,0.975331542935476,0.00011374585919112,4
"20314",6.9084970311859e-17,0.205975343007285,5.06765444033305e-06,0.794019370269857,2.19068417469321e-07,4
"20318",4.98177885750443e-22,0.996587109474946,9.4774335306267e-10,0.00341288955561392,2.16969874641773e-11,2
"20320",1.22615723432177e-31,0.999983449874934,1.82806912424014e-15,1.65501250640824e-05,1.15973357261521e-16,2
"20326",3.61204848790152e-21,0.925487242531286,1.45535967161158e-08,0.0745127423749714,5.40145984977191e-10,2
"20328",1.85790258857964e-30,0.999907934015973,1.4436647030624e-14,9.20659840114043e-05,1.00461552491676e-15,2
"20330",0.000480766756595937,2.73850745218686e-11,0.892779992672862,0.00347037660707084,0.103268863936086,3
"20336",0.00193190548715994,6.3166948238695e-13,0.0328583423039628,0.000113656105152861,0.965096096103093,5
"20338",0.947148621604529,2.37412586905115e-24,7.77042900477071e-05,1.39778723672246e-11,0.0527736740914456,1
"20340",0.000493482981808352,3.43293367432363e-16,0.999495508329249,5.69966555072607e-07,1.04387223872585e-05,3
"20342",6.69787380283787e-23,0.995071847911515,1.54095729896456e-10,0.00492815137720191,5.57187681493709e-10,2
"20344",3.13947547000099e-08,1.50056287938647e-06,0.829442930390812,0.170490527896781,6.50097547729582e-05,3
"20349",3.07207630460623e-05,1.48691638135262e-11,0.99902710398819,0.000530334928793027,0.000411840305102274,3
"20351",4.06086690129722e-10,0.000120397875652662,0.0737818831547843,0.925824921272994,0.000272797290482821,4
"20353",0.0402353049641526,1.52120440921658e-14,0.819062100776853,5.27552642583963e-05,0.140649838994721,3
"20357",0.0329684275031193,6.59451142383662e-17,0.00302128578749422,3.23051312479898e-07,0.964009963658074,5
"20360",0.0107449414989579,1.93078738193239e-16,0.00480681461095562,7.1534279743802e-07,0.984447528547289,5
"20364",1.25499410062616e-06,2.74357803134527e-07,0.80854076946119,0.188176872503032,0.00328082868387402,3
"20366",3.86024343533593e-05,3.74248911170769e-11,0.00387879626846858,0.000362486746408356,0.995720114513345,5
"20381",1.72951704520062e-06,1.35851491734981e-06,0.0728927903193148,0.184802235057959,0.742301886590764,5
"20391",0.000871683363012576,4.04610169756656e-12,0.235451272563279,0.000945633688438103,0.762731410381224,5
"20394",5.89253498910862e-19,0.232183622826718,3.69239313446495e-07,0.767815950918144,5.70158243726243e-08,4
"20396",3.73597295194548e-30,0.999889978290304,1.91697164110657e-14,0.000110021709674796,2.10148081236405e-15,2
"20409",1.55894078945859e-08,0.00013131726700152,0.101014478961787,0.896138213674736,0.00271597450706802,4
"20411",0.698695582121436,2.68089615121031e-18,0.138368165317998,2.90727793665279e-07,0.162935961832772,1
"20416",0.986800454802952,3.25680518964798e-23,0.000676526148609812,2.25415826936851e-11,0.0125230190258962,1
"20418",5.76465086776276e-33,0.999993647816307,3.07663175257285e-16,6.35218369307146e-06,1.4362515518741e-17,2
"20420",3.29016171997027e-13,0.0329271647756759,2.05606999949655e-05,0.959194017735455,0.00785825678854523,4
"20422",0.000124673582366545,4.95707681181046e-10,0.994272229562961,0.00253386967084067,0.00306922668812362,3
"20424",0.954660040640877,1.87759320491588e-21,0.0391239222350743,4.0061433385871e-09,0.00621603311790499,1
"20426",1.40651964499888e-05,3.18672458727374e-12,2.36725824466043e-05,3.79020418626172e-06,0.99995847201373,5
"20428",1.59374008073185e-09,4.3708978153967e-05,0.0856918136712535,0.913275432983974,0.000989042772878444,4
"20431",2.71428887748489e-13,0.0340416591959326,0.000194779836527699,0.96568357837721,7.99825900579069e-05,4
"20433",4.55178509653263e-25,0.998290566287031,9.53945280073443e-11,0.00170943361662098,9.53429479581187e-13,2
"20436",1.956742228884e-05,2.08262776867274e-08,0.894929324581978,0.0313741237354273,0.073676963434028,3
"20439",3.41965029834513e-32,0.99998866976998,1.02484499647575e-15,1.13302300193794e-05,4.51233243843283e-17,2
"20441",0.111878792465978,1.36438830997369e-19,0.000596784025874055,8.83615766820319e-09,0.88752441467199,5
"20444",3.00168300737641e-31,0.999991321405414,8.79426164893098e-16,8.67859458515066e-06,1.1243871425664e-16,2
"20448",0.99843369985476,3.27661390640859e-26,1.53906898332301e-05,3.70374049283234e-13,0.00155090945503604,1
"20536",3.51907145613674e-20,0.470124006086903,2.00341627732575e-07,0.529875784545071,9.02639774103732e-09,4
"20538",0.000291644816001601,1.68748825197266e-10,0.141339035674899,0.00238368205363971,0.855985637286711,5
"20541",0.993829036383233,1.88514212881201e-23,0.00584610704969737,5.27755949483283e-11,0.000324856514294424,1
"20544",2.02577144163898e-14,0.00238285941388567,0.000380683676456684,0.997235647188185,8.09721452038596e-07,4
"20546",0.00474337085183098,2.27043999328568e-13,0.971204611875517,0.000168815560413355,0.0238832017120116,3
"20550",7.52570331673025e-09,7.02327142984767e-05,0.0317301658941124,0.956039949748343,0.0121596441175433,4
"20553",0.999461029741407,8.38863795400848e-27,6.49702561239502e-06,9.59469996710065e-15,0.0005324732329712,1
"20555",1.77625252437485e-09,2.16618839731739e-08,4.84186322635956e-06,0.00206687206953405,0.997928262629103,5
"20557",0.201223471993628,3.26002418694614e-16,0.048500993104852,3.50467281061412e-06,0.750272030228709,5
"20559",0.0843962272363417,2.38365273431591e-18,0.915538045297501,1.91210643240859e-07,6.5536255514075e-05,3
"20561",8.05961795100562e-25,0.992544576708182,8.45201471240204e-11,0.00745542320486588,2.43189712096648e-12,2
"20564",1.82544990676465e-32,0.999997759807979,1.47515159059427e-16,2.24019202116814e-06,1.37154766500844e-17,2
"20566",0.0168560249066363,2.6901114072577e-14,0.964263624118613,6.50282268208412e-05,0.0188153227479031,3
"20569",1.3933073127028e-21,0.913050265156638,4.1816738319122e-09,0.0869497302737944,3.87894012718197e-10,2
"20572",4.16791422667859e-17,0.529436448735774,2.01181428712542e-06,0.470561174648911,3.64801028179016e-07,2
"20574",5.14075985807742e-06,1.01165671206974e-07,0.942346159043419,0.0515321847043287,0.00611641432672273,3
"20576",6.06535011006165e-31,0.999987307912327,3.17183224060958e-15,1.26920876693503e-05,1.47465386201197e-16,2
"20578",6.11979906764564e-12,0.00154780591472614,0.00427799637768045,0.99412342556731,5.07721341635447e-05,4
"20580",1.87890346908034e-10,0.000142886427955735,0.0390181276497543,0.960771532183124,6.74535512760688e-05,4
"20583",4.20578809595071e-32,0.999994619746867,6.5971559102121e-16,5.38025313219751e-06,2.76133109283838e-17,2
"20586",1.16304157557782e-20,0.892857829131324,1.31536239723295e-07,0.107142038898508,4.33928650859633e-10,2
"20589",0.0293849651599194,2.17284030422881e-19,0.970546118510315,8.93705385044016e-08,6.88269592272458e-05,3
"20591",3.24106122255713e-07,3.34269318882757e-08,0.00900695677961048,0.0715019099889455,0.91949077569839,5
"20593",2.25151525751495e-05,1.19871835680709e-10,0.999090157332596,0.000524740841260856,0.000362586553696127,3
"20595",5.33972942970261e-05,3.75022413199163e-13,0.999853634838089,6.88874628172654e-05,2.40804044214562e-05,3
"20597",0.000821439473354754,1.19132591377466e-11,0.0622441548297579,0.000539085354280904,0.936395320330693,5
"20599",4.23337633328105e-31,0.999993058843219,1.41301278471946e-15,6.94115677936001e-06,9.08226890418609e-17,2
"20601",1.64699929608691e-18,0.0817213080220089,4.63136550937976e-07,0.91827815503687,7.38045701548526e-08,4
"20604",0.985800105078046,4.23935100894986e-25,0.0141995136865907,1.81398604606703e-12,3.81233549167885e-07,1
"20606",0.93819903336872,1.31368904622491e-21,0.0615266560100398,1.25603299569818e-09,0.000274309365207591,1
"20608",0.121168245510668,2.58206864932964e-18,0.87827531894547,3.27207432269479e-07,0.000556108336430029,3
"20610",5.74773864943926e-28,0.999872073198553,2.67823867838581e-13,0.000127926801163823,1.56094909746012e-14,2
"20612",7.86192405917042e-26,0.999274619104072,1.08345390517892e-11,0.000725380884052586,1.04036806439821e-12,2
"20614",1.39421116099753e-30,0.999973053338341,4.25267802475563e-15,2.69466616548549e-05,4.8442223708385e-16,2
"20616",2.54032729645863e-23,0.980503901502948,1.07851743392027e-09,0.019496097404254,1.42803258784214e-11,2
"20618",9.42855208491689e-06,1.41433851954863e-09,0.00533117421987254,0.00252577161931518,0.992133624194389,5
"20620",0.201840224041082,4.95582009896343e-15,0.62294659912642,1.34843876833972e-05,0.175199692444809,3
"20622",4.17033565458155e-25,0.999096502155788,1.37741150515884e-11,0.000903497829895417,5.42204848987811e-13,2
"20624",0.31609397959891,2.3043534985648e-16,0.513514301132661,2.81390779598319e-06,0.170388905360633,3
"20626",8.03795221978894e-06,1.91013132936712e-09,0.988381977089878,0.00986026589166729,0.00174971715610394,3
"20628",1.14520732195439e-05,1.98932378415183e-09,0.94418063493904,0.0262787266863898,0.0295291843120272,3
"20630",6.79748855039561e-05,6.675426576749e-09,0.973384043515869,0.0173566074059895,0.00919136751721067,3
"20632",1.53655438893741e-31,0.999984138275186,1.48585228646327e-15,1.58617248121438e-05,1.27132886942723e-16,2
"20634",2.23304308697066e-05,3.77499714912108e-09,0.9822211766634,0.0103077430375807,0.00744874609315224,3
"20637",0.999999637076688,1.14893896981265e-37,2.30450245503056e-10,1.31478934529853e-21,3.62692862057279e-07,1
"20639",1.40917454518383e-28,0.999678495784186,7.26253424593436e-14,0.000321504215729601,1.22255159599216e-14,2
"20644",0.00851820963202045,7.2485573357352e-13,0.243418881473802,3.72141760362302e-05,0.748025694717416,5
"20646",7.91573068902683e-14,0.0255432466141658,0.00146641715385124,0.972974956991188,1.53792407162215e-05,4
"20648",2.2655438253978e-17,0.12620699945701,1.07914974844171e-06,0.873791537374914,3.84018327751135e-07,4
"20650",7.51698774038e-05,2.85555406457476e-09,0.918007499619973,0.00828127080243774,0.0736360568446319,3
"20653",8.49181318897223e-15,0.0412639734097047,1.42621649301325e-05,0.958697262194358,2.45022309984778e-05,4
"20658",0.00200700811376963,1.41393666378728e-12,0.969529006967071,0.000226428553419478,0.0282375563643259,3
"20661",3.01639038317391e-16,0.286519402456393,1.06811750902172e-05,0.713461448646138,8.46772237844209e-06,4
"20663",3.47964352624913e-17,0.0840889710030324,2.28259870683966e-05,0.9158881383237,6.46861993109282e-08,4
"20665",1.80571532857179e-18,0.882778017299645,3.39108539069235e-07,0.117221599035345,4.45564711701489e-08,2
"20667",2.21393108608919e-14,0.00742435596415138,8.89327661909287e-05,0.992468016177379,1.86950922566867e-05,4
"20669",7.20722694914344e-21,0.932522544823647,1.35480136794227e-08,0.0674774358484058,5.7799332902435e-09,2
"20671",0.0549561742188211,1.42954436121386e-14,0.0752000356217399,1.16535629466654e-05,0.869832136596478,5
"20673",8.40602472423358e-31,0.99990465187614,1.0445943407787e-14,9.53481238490223e-05,9.07754454626761e-16,2
"20675",1.0593911084636e-16,0.0311279635584433,2.50976061820411e-05,0.968846811895212,1.26940162592881e-07,4
"20677",3.5726018118697e-12,0.00020008238843339,0.00800856898292003,0.991777095160396,1.4253464678062e-05,4
"20679",2.67669572798016e-25,0.994609569922049,1.93687079327348e-11,0.00539043004645234,1.21299693118563e-11,2
"20681",2.10988280686317e-28,0.99797717790629,8.22918367903073e-13,0.00202282209284031,4.66486232412892e-14,2
"20683",2.48062048173373e-20,0.876754891304439,1.31081065789385e-07,0.123244975996671,1.61782442062768e-09,2
"20685",8.63476533213471e-11,7.15935455127246e-06,6.1299779031725e-06,0.0395738178920073,0.960412892689191,5
"20687",5.08701189961662e-32,0.999988638787872,8.03635035564966e-16,1.13612121273301e-05,5.1393612308697e-17,2
"20689",0.0134058559674767,5.37471369179812e-14,0.191546013230061,7.79833008017696e-06,0.795040332472329,5
"20691",1.16906277240207e-33,0.999997908314648,7.98019400504527e-17,2.0916853517919e-06,3.34534369667869e-18,2
"20693",0.000107720952937331,1.13708965034852e-12,0.999288619463557,0.000138556809650748,0.000465102772717751,3
"20695",2.43299439772569e-27,0.998867780370705,1.60484393772175e-12,0.00113221962761662,7.34800164660759e-14,2
"20697",0.0101395085969879,2.5642626835651e-13,0.981596293808481,5.43152568962911e-05,0.00820988233737838,3
"20699",7.64233967715716e-07,4.34877712832904e-08,0.881002383765702,0.116696718811508,0.0023000897010517,3
"20701",2.77194317525126e-11,0.000142135877498011,0.0239088277066247,0.975892699797709,5.63365904485555e-05,4
"20703",4.90990344700656e-15,0.159408944190772,1.27151895863202e-05,0.840510418837246,6.79217823913998e-05,4
"20705",1.17272894532873e-09,0.000145924969152771,0.0610535902135644,0.938273568120928,0.000526915523625708,4
"20707",3.24487573127937e-21,0.757452137056398,3.1843706887636e-08,0.242547830179898,9.19997194214481e-10,2
"20709",1.40750607662294e-21,0.979738247482874,1.15734875747497e-08,0.0202617408240928,1.1954561388719e-10,2
"20713",5.93982902099545e-09,1.48372815746389e-05,0.00174166062357817,0.480111020133714,0.518132476021305,5
"20715",0.000173077367611598,1.15549877960957e-07,0.710441808819628,0.0118981271991857,0.277486871063696,3
"20717",9.16671112361158e-27,0.990915176560427,5.8181159079634e-12,0.00908482343328226,4.72661859009798e-13,2
"20720",0.0119724586814003,3.70104164059783e-14,0.940647492313815,7.75329774048396e-05,0.047302516027343,3
"20722",3.14089866890461e-07,4.68776598775943e-07,0.790080114149014,0.208718835426818,0.00120026755770271,3
"20724",6.37829325517022e-28,0.999406406472855,4.01624132598879e-13,0.000593593526701983,4.16060786718538e-14,2
"20726",0.000227886359037712,1.70812971336527e-14,0.999474005033478,2.7185092514685e-05,0.000270923514952704,3
"20728",2.15316821114222e-29,0.999311870192575,1.0673975629649e-13,0.000688129807309295,9.0056659368791e-15,2
"20730",4.54485548348291e-21,0.796137294988535,1.81507973654972e-08,0.203862686163268,6.97399623551993e-10,2
"20732",1.61059980177851e-15,0.0516566336323501,3.44183524646768e-05,0.948302302841632,6.64517355175377e-06,4
"20734",1.92648521487305e-14,0.00798580289732558,0.000192993217207873,0.99181845869051,2.74519493722147e-06,4
"20736",7.40327616692289e-29,0.999848409740346,1.15668984186298e-13,0.000151590259533561,5.01042364987203e-15,2
"20738",2.25786289170478e-33,0.999997414948144,1.77138135630738e-16,2.58505185633477e-06,4.90172388745248e-18,2
"20740",4.22996584613993e-12,0.00299522245384769,0.00151160658423365,0.994962043055521,0.000531127902167795,4
"20742",3.80053836105458e-15,0.0180955076003893,7.12483393930735e-06,0.981839770800357,5.7596765310742e-05,4
"20744",9.67895481391164e-21,0.920251072741972,1.36113933110525e-08,0.0797489114653246,2.1813095847817e-09,2
"20746",4.53034086336062e-18,0.190234989846376,5.35515281569548e-06,0.809759629291767,2.57090410701648e-08,4
"20748",7.26757496718067e-28,0.999402005171615,2.6596374414682e-13,0.000597994828056163,6.2559504999322e-14,2
"20750",1.77253360023411e-18,0.473862586281066,9.31273823587833e-07,0.52613645526035,2.71847603772295e-08,4
"20752",1.82123656560855e-05,4.04304485884337e-10,0.977216155536215,0.013116159359259,0.00964947233456562,3
"20754",2.03513337361717e-28,0.999425911541977,5.68288272127907e-13,0.000574088457424738,3.00741055431582e-14,2
"20756",1.0702343520138e-16,0.165253664586985,1.76106859215802e-05,0.83472852877178,1.95955313065585e-07,4
"20758",8.09950662065668e-24,0.99441719378903,5.01478282323981e-10,0.0055828057008266,8.66464836955026e-12,2
"20760",8.38586292055063e-27,0.99832932957039,2.62176794216082e-12,0.00167067042673253,2.55867371971635e-13,2
"20762",6.03391298700628e-32,0.99996345348781,2.51414442743514e-15,3.65465121867852e-05,1.34700913578157e-16,2
"20764",6.16326566256278e-23,0.985083083673746,3.58535436370812e-10,0.0149169157217732,2.45945633449342e-10,2
"20766",1.71868908096052e-28,0.999514568219935,1.55240928352957e-13,0.000485431779889755,2.00179000394887e-14,2
"20768",2.67089171056488e-30,0.999951579427585,1.87257431773275e-14,4.84205723953936e-05,5.56453010667321e-16,2
"20770",5.12403953336394e-19,0.626390434482345,1.1006834747105e-06,0.37360845085787,1.39763108278152e-08,2
"20772",0.0746539424351671,1.77936968560615e-17,0.925161666894559,3.07576938719346e-07,0.000184083093334842,3
"20774",9.99513906239107e-08,5.66891931762615e-05,0.403319784712954,0.579810949729248,0.0168124764132319,4
"20776",8.51329236055277e-34,0.999997004991824,1.08317293091231e-16,2.99500817602213e-06,3.55826209710301e-18,2
"20778",0.0117532203253621,2.67900265538161e-12,0.43216705564394,8.10390449119662e-05,0.555998684983107,5
"20780",2.24537818645583e-26,0.998889024642611,8.25813535987565e-12,0.00111097534866933,4.61479378767273e-13,2
"20782",5.9240511253485e-24,0.988757973642749,1.90307196477667e-10,0.0112420260998955,6.70481436363455e-11,2
"20784",1.20163299124541e-32,0.999989395956985,7.60412392896994e-16,1.06040430139014e-05,2.63296819147413e-17,2
"20786",1.46470406890271e-30,0.99997782627135,9.26204666976241e-15,2.21737286404202e-05,3.3874140325424e-16,2
"20788",4.4884628651113e-19,0.172913538095373,6.54125104035056e-07,0.827085796559801,1.1219722118216e-08,4
"20790",7.46807062561415e-23,0.956545902771281,1.53443799696644e-09,0.0434540955829565,1.11324233483526e-10,2
"20792",1.91964558338256e-11,0.00445662267757343,0.00153780824554185,0.993722083621375,0.000283485436313437,4
"20794",1.3588934495754e-24,0.993390399028476,7.39629862444871e-11,0.0066096008911091,6.45140406786478e-12,2
"20796",0.000217815855233091,4.34765867873433e-13,0.999099544916246,0.000138194293174252,0.000544444934912215,3
"20798",1.00662240633811e-33,0.999998436483648,5.98488700842334e-17,1.56351635227948e-06,2.71199742239222e-18,2
"20801",1.79980673422427e-29,0.999950569420495,3.62940435820963e-14,4.94305794671e-05,2.09409548857437e-15,2
"20803",7.28923116168203e-20,0.229487261761863,3.02978125350426e-07,0.770512428167221,7.0927907320846e-09,4
"20805",6.53231737933701e-16,0.0683576108274108,3.6171795308258e-05,0.931605382143881,8.35233398888305e-07,4
"20807",2.07726753809352e-33,0.999998289401283,7.49896176451906e-17,1.71059871683495e-06,4.06695802598477e-18,2
"20809",8.07124905346792e-18,0.531654653529057,1.05357061054344e-06,0.468343807177925,4.85722407958352e-07,2
"20811",1.57935766486948e-26,0.999676639800036,2.25842006484318e-12,0.000323360197565782,1.39661367566766e-13,2
"20813",3.27361935891046e-11,0.000205892106065751,0.00602011119688152,0.993654628603874,0.00011936806044204,4
"20815",8.35117100719246e-33,0.999996182710139,2.18473929840895e-16,3.81728986098043e-06,1.52009818398856e-17,2
"20817",1.04913868790242e-30,0.999937253505839,7.44104628616704e-15,6.27464941528205e-05,5.77710562704352e-16,2
"20819",3.42695591349472e-08,1.96746358821255e-06,0.163764330773256,0.831116852712619,0.0051168147809776,4
"20821",1.48345738133036e-17,0.760991431197392,3.83359358583941e-06,0.239004659831667,7.53773546882199e-08,2
"20823",4.54969351585725e-16,0.0371221232921056,3.36371372043639e-05,0.96284360201273,6.37557959292002e-07,4
"20825",4.94876756732723e-29,0.999677440129266,9.46608229174336e-14,0.000322559870630684,9.24346197512805e-15,2
"20827",6.48886668419342e-17,0.503605120832132,1.27966515692403e-06,0.496392350008175,1.24949453561009e-06,2
