"","V1","V2","V3","V4","V5","best$classification"
"19811",6.37887664464771e-05,7.17797783633357e-07,0.0448539570746013,0.00226433517628009,0.952817201184889,5
"19813",2.35224492160887e-06,1.02519365595583e-08,0.999890017742915,3.69369202042622e-07,0.000107250391025195,3
"19815",0.00168123981818538,0.000640817867545315,3.29023504568442e-06,3.68098680655941e-05,0.997637842211158,5
"19817",0.000210649707242795,2.30866294001409e-05,1.29810054230603e-05,0.00148958438876362,0.99826369826917,5
"19819",0.865058129930242,0.134830671272493,2.12025151733006e-09,1.29761258729416e-06,0.0001098990644254,1
"19821",0.00211268232756288,1.26951528896372e-06,0.0205576136683575,0.0580656072821039,0.919262827206687,5
"19823",0.000757067160648579,0.0596226423755232,9.71650337678449e-06,0.000737513724316458,0.938873060236135,5
"19825",0.16798288612589,0.000935483291557032,0.00820891715484133,0.817394330088086,0.00547838333962546,4
"19827",0.000536648328773554,0.000139791733531999,1.61997173618511e-06,0.625355948400657,0.373965991565301,4
"19829",0.985489525411099,0.000134139265759812,8.06324984329719e-06,0.0111400524219599,0.00322821965133837,1
"19831",0.891999729640122,0.10728056019485,2.46202489203029e-06,1.65248330357084e-06,0.000715595656832437,1
"19833",4.06232106562933e-05,0.999927374231248,7.20538413721863e-06,1.87084826440747e-05,6.08869131373357e-06,2
"19835",0.00211268232756288,1.26951528896372e-06,0.0205576136683575,0.0580656072821039,0.919262827206687,5
"19837",0.0016053170526545,2.09082709848494e-05,1.03733190607818e-05,0.0850585337190497,0.91330486763825,5
"19839",0.958628521739205,4.84964917315065e-05,0.00251746963864738,0.0311694223468972,0.00763608978351923,1
"19841",3.08334776534197e-05,9.20275155894842e-08,0.000132353143048404,0.999813581285234,2.31400665490096e-05,4
"19843",0.976642259572967,0.000137674948049623,0.0230643504800683,1.06833119578912e-07,0.000155608165795987,1
"19845",7.7774562392605e-06,4.0904980765155e-07,0.902803678010574,6.57256438460006e-05,0.0971224098395326,3
"19847",0.00510020204962151,9.5574650240295e-05,0.0054869252901636,3.67247630105317e-05,0.989280573246964,5
"19849",2.78972575793442e-07,3.66778466529534e-09,0.99984182723095,8.7616799101765e-07,0.000157013960698714,3
"19851",7.36187749424438e-05,2.77713691253058e-05,3.70715779250544e-05,0.00013833918186341,0.999723199096144,5
"19853",2.68438587952023e-06,0.000179595141947802,0.0266209671382878,0.00182771925830918,0.971369034075576,5
"19855",1.24477012732105e-05,1.0125933995658e-05,0.00163489970738726,0.0109526396037004,0.987389887053643,5
"19857",0.0111330961936872,3.92210546806685e-06,0.0142040049908356,0.0293327053796732,0.945326271330336,5
"19859",0.0015329313801976,0.000150322002215053,2.67260739155983e-05,0.0213629797920001,0.976927040751672,5
"19861",5.76650532876181e-05,2.35879877189897e-06,0.124635168266234,0.000153325905322063,0.875151481976384,5
"19863",2.74864382381779e-07,4.79053098069353e-09,0.991123971855696,0.00882501452336804,5.07339660226979e-05,3
"19865",6.3229924248576e-06,1.00050944331859e-07,3.46315815018705e-06,0.997859582257243,0.00213053154123753,4
"19867",0.000894200917810003,3.47856477622002e-05,0.00574599711552382,9.81171598818516e-06,0.993315204602916,5
"19869",5.61483928778482e-07,1.07801180136808e-08,0.990688022699952,0.00019900612997928,0.00911239890602216,3
"19871",0.00436360821112549,0.000169860011197773,5.35659794528499e-06,0.0809691895357735,0.914491985643958,5
"19874",2.83972777865544e-05,1.45646115868114e-05,1.25570666366522e-05,0.839787178450482,0.160157302593508,4
"19876",7.228490076898e-06,6.44223299259711e-07,0.000674441175313573,0.514682111502796,0.484635574608514,4
"19878",0.681602232325651,0.0184218578993134,0.00112488064727891,0.00051993033428963,0.298331098793468,1
"19880",2.31304664948071e-07,1.97802790594504e-08,2.60350128277326e-05,0.999039234001389,0.000934479900839553,4
"19882",4.83922725829471e-05,7.25751158907157e-06,0.22964824132688,0.00270180847454286,0.767594300414405,5
"19885",0.00667354164091281,1.36470917321754e-05,1.44616417169769e-05,0.00123094888768984,0.992067400737948,5
"19907",0.000363413342424687,1.06594876662539e-05,0.0544483442052779,5.66589691369156e-05,0.945120923995494,5
"19909",0.983684593433744,4.93481319418387e-05,0.000254628884953864,2.35549539891621e-05,0.0159878745953706,1
"19911",0.934553256073142,0.00116434274195594,4.09998512586814e-05,0.0323710447823799,0.0318703565512635,1
"19913",9.9758621679224e-07,1.32421362287104e-07,1.60351209412146e-06,0.999972451096175,2.4815384151394e-05,4
"19915",3.34613242722459e-05,1.23371287978245e-05,6.60508524881554e-06,0.590189454275732,0.409758142185949,4
"19917",7.34616430768105e-05,2.24354531573315e-06,6.71369997600319e-06,0.98786301313443,0.0120545679772014,4
"19919",0.00050158154711405,6.91585920884555e-05,4.13777926069779e-06,0.197541599510724,0.801883522570813,5
"19921",0.000282069771516211,1.38110869079702e-05,0.000277380897668939,3.18355490147285e-05,0.999394902694892,5
"19923",0.0549108085161489,0.0299967807246304,0.000539301081976242,7.91671855442939e-06,0.91454519295869,5
"19925",2.20446569996277e-05,3.5622576323878e-06,2.33754560674128e-06,0.954418196486361,0.0455538590534003,4
"19927",8.86303266025472e-05,1.4228719698839e-05,5.04572526634508e-05,0.000657353934631265,0.999189329766404,5
"19929",7.09104073586432e-07,7.73046026591186e-09,0.472669895244679,0.52713223831263,0.000197149608157199,4
"19931",0.000980438585200161,0.000103068341546712,2.48059160636841e-06,0.00224585886984884,0.996668153611798,5
"19933",0.674813796607297,0.00115625291171416,1.60516736926572e-06,0.00274136182507089,0.321286983488548,1
"19935",0.0795595548218169,1.35687031322151e-05,0.000862309647330084,0.00275350798870704,0.916811058839014,5
"19937",0.000350168242901809,0.000261209607719616,5.1113166851789e-06,5.4156663402782e-05,0.999329354169291,5
"19939",0.000899748731363262,0.000140072550928431,1.16223736304095e-05,0.00236618778522945,0.996582368558848,5
"19941",0.908899089535285,8.22689183248554e-05,0.000496218876678513,0.0814860660294271,0.00903635664028396,1
"19943",2.09162135298464e-06,8.19744332887528e-07,3.9897896677556e-07,0.999221889298915,0.000774800356432839,4
"19945",0.86764681607182,0.00256163631328471,6.60462462677191e-07,0.000102373485489986,0.129688513666942,1
"19947",0.12502538533478,0.000228705372948745,0.0271561742629856,0.826227140422751,0.0213625946065347,4
"19949",0.220716406304121,0.0275348621082237,9.26261239895093e-06,1.9864014661172e-05,0.751719604960595,5
"19951",0.00197667897593966,5.96400847588225e-05,2.45181973853411e-05,0.6998772046623,0.298061958079616,4
"19953",0.172345351861403,0.824812041420959,1.49931172194124e-07,1.84712960519832e-07,0.00284227207350537,2
"19955",0.941405623937959,0.0494916298329609,3.15227755907777e-05,4.9245376089351e-06,0.00906629891588053,1
"19957",0.00126860711956457,0.00155454050158499,4.23709353000127e-05,0.906508567111216,0.0906259143323349,4
"19960",0.996259285588157,0.000131553098224574,6.11880300437203e-05,0.000409270208740874,0.00313870307483349,1
"19963",0.00053914135437429,0.0615560278033651,0.000148446666979742,0.937168176528675,0.000588207646605768,4
"19965",0.998770409613813,0.00049219038192691,8.64977107481031e-05,5.27587988757493e-08,0.000650849534712493,1
"19968",0.00201186259981221,3.10243054749798e-08,0.194564776822984,0.789402552053913,0.0140207774989851,4
"19971",0.00180403116864007,0.00491776180031269,2.25743223874052e-06,0.993224590535346,5.13590634625576e-05,4
"19973",0.000218246198914559,1.82649782028955e-06,7.55487166467151e-05,0.0108057409226314,0.988898637663987,5
"19975",5.53381909415764e-05,1.21094284079343e-07,5.0486566256128e-05,0.977824076088987,0.0220699780595313,4
"19977",0.00018352073649013,0.000168344193930056,0.000365902294224964,0.997485429442995,0.00179680333235997,4
"19979",0.999679732418077,0.000312979733240059,1.72883022704128e-09,1.73208581118431e-06,5.55403404175883e-06,1
"19981",0.0164632299596592,2.77275060508196e-05,0.0010220208418834,0.00115116888489207,0.981335852807514,5
"19983",0.0239862845209662,0.000159786610895091,0.00057364722787418,6.50638205824544e-05,0.975215217819682,5
"19985",6.66540569488024e-06,7.90326512001968e-07,6.7203336538218e-05,0.872142905965139,0.127782434966115,4
"19987",0.0538177506184045,0.000147170525321846,1.21367290211834e-05,0.0912698722925473,0.854753069834705,5
"19989",0.996317524642982,0.00360383541937494,3.71842118380321e-09,1.44067519199429e-08,7.86218124699346e-05,1
"19993",0.339605393843984,0.00154036982233018,3.08853772332875e-06,0.0336194323181932,0.625231715477769,5
"19995",0.747248655268998,0.000458499600309577,1.31209356718798e-05,0.00865405072836324,0.243625673466657,1
"19997",7.36914742891665e-05,6.97982254835666e-06,8.70117317625926e-05,0.0188337399479065,0.980998577023493,5
"19999",1.4558780834563e-05,6.12276294025167e-07,0.00197434425400302,0.110511460780767,0.887499023908102,5
"20002",0.000317046234771883,2.8058044479175e-06,0.569434041747543,0.429757288072888,0.00048881814034919,3
"20004",0.86743101246844,7.6477069161209e-05,0.000560999062960564,0.0130911036005768,0.118840407798861,1
"20006",0.96092310688769,0.00537367791361023,0.00344558327997898,0.00119255370955212,0.0290650782091683,1
"20008",0.922686422785963,0.0236276896198371,0.000450596075196479,0.000481617522737514,0.052753673996266,1
"20010",0.90323854841699,0.0450155262627894,5.61855832904476e-08,9.33718677624299e-06,0.0517365319478613,1
"20012",9.02882136815314e-05,8.19941162151349e-07,0.0117342629784027,0.836427965258792,0.151746663607961,4
"20015",0.999940800525397,7.29612902110555e-06,1.39625804787669e-06,7.83861856884583e-08,5.04287013487832e-05,1
"20017",4.87918511946553e-05,9.03645842841916e-07,0.00427176825254775,0.0498339924196449,0.94584454383077,5
"20019",0.997302090696597,0.00269639471329988,6.28789658969888e-10,1.25735459149603e-08,1.50138776781846e-06,1
"20022",0.989583687253912,0.0018142680258243,4.99895254316766e-08,3.54248470189659e-06,0.00859845224603645,1
"20024",0.532883304810465,0.467075075785355,3.3525735058041e-07,1.35222878562294e-07,4.11489239505104e-05,1
"20026",0.532883304810465,0.467075075785355,3.3525735058041e-07,1.35222878562294e-07,4.11489239505104e-05,1
"20028",1.85806639312925e-05,2.72887973745987e-06,0.00031799648703938,0.277333261756345,0.722327432212947,5
"20030",0.999628323474767,9.72770420544599e-06,9.93859649702521e-06,0.00016884759943572,0.000183162625094989,1
"20033",0.001723538500036,1.12974840831464e-05,6.41768508050492e-05,0.362689283108386,0.63551170405669,5
"20035",0.995907181003113,0.00408869656542972,1.46844430918775e-09,1.54299110638048e-08,4.10553310148888e-06,1
"20037",0.999514172712118,0.000479783063098655,3.84784192780648e-08,6.04190937296611e-10,6.00514217294203e-06,1
"20039",0.000417067127125867,0.999582164724978,4.83802600767861e-10,2.26269043022138e-10,7.67437824320053e-07,2
"20041",0.242951414296582,0.0615739612061413,0.000153173782265301,0.00116012696460643,0.694161323750405,5
"20044",0.347178813218308,0.0900987222680633,0.000169932955582442,0.0119696996280824,0.550582831929964,5
"20047",0.993885279981621,0.00611407160067913,4.9083828009178e-10,1.43936839208797e-07,5.03990022086904e-07,1
"20050",0.136857965197018,0.84311404134648,5.19914060601064e-09,5.70461565208302e-05,0.0199709421008401,2
"20052",0.0183836994202335,0.0016599750272709,1.00784755497375e-06,0.0443407005288891,0.935614617176051,5
"20054",0.999306667905789,3.05314290165592e-06,2.54291042162892e-05,9.58385345312263e-06,0.00065526599364041,1
"20056",0.00018373860172433,4.55832427365706e-06,1.11358341383094e-06,0.998352034495029,0.00145855499555895,4
"20058",0.998770771119661,0.00115900704423468,3.76807787025386e-08,3.51112874305207e-09,7.01806441972301e-05,1
"20060",0.00104756849012236,3.51038090144601e-05,2.65128642527801e-05,0.000782406845339907,0.998108407991271,5
"20062",0.00774781941056409,5.50057305933977e-05,3.3259750440404e-05,0.000243384102601491,0.991920531005801,5
"20064",0.967364848999098,0.000131937754611596,3.73383907471932e-07,0.000479755268223928,0.0320230845941588,1
"20066",0.999940924478024,2.47492451586066e-05,1.51140752978472e-06,1.70012592401677e-05,1.58136100479378e-05,1
"20068",9.87898803142116e-05,5.33565830573324e-06,0.00117989502483338,0.000143651114541541,0.998572328322005,5
"20070",0.000157956998411905,0.000468746571427828,7.60980016232129e-05,7.95310688798826e-05,0.999217667359657,5
"20072",0.9942741011416,5.5777278415795e-05,0.0044948210557449,6.46473175743399e-08,0.00117523587692179,1
"20074",2.34998798871646e-07,2.02108617390677e-08,0.000825405529289295,0.99910924746217,6.50917988800839e-05,4
"20076",0.012572589535538,4.57301151439788e-07,0.270907984814011,0.669114307240784,0.0474046611085147,4
"20078",0.94606463888261,0.00323726123892348,1.72436019201587e-06,0.000258569143605311,0.0504378063746689,1
"20080",0.998823636530663,0.0011674812970028,2.21178695443521e-10,4.83544762054238e-08,8.83359667991879e-06,1
"20082",0.00802485166468452,0.991948026033925,1.15409067601895e-10,1.82461385865969e-07,2.693972459584e-05,2
"20084",0.931027767980408,0.0136036638448456,6.27298494756358e-07,0.0405018835783265,0.0148660572979257,1
"20087",0.952957128787974,0.000985669226126902,5.09910918850014e-05,1.63078244684664e-06,0.0460045801115668,1
"20090",0.970800244207467,0.0290894398950692,5.92684182018487e-10,2.74388166670177e-07,0.000110040916612795,1
"20092",0.0266208779071066,0.826782731622679,0.000865407868956911,3.48705093069353e-07,0.145730633896164,2
"20096",0.0102056657404662,0.416987183778774,1.37357890438493e-05,0.0101014750010891,0.562691939690627,5
"20098",0.000488981996009504,2.49573732023058e-05,1.00367909826368e-05,0.348519607922893,0.650956415916912,5
"20101",0.998012322899619,0.00161769623740076,5.89370776584495e-09,0.00017451563639984,0.000195459332872838,1
"20104",0.000236733707873315,0.0713059673906957,0.360128781694551,0.00275524801404473,0.565573269192835,5
"20106",0.998468683446097,0.000109563895708502,1.69824923655113e-08,8.30545559600311e-05,0.00133868111974204,1
"20108",0.000819684934656182,4.09374644145546e-06,0.00033524502867718,0.0477664804710246,0.951074495819201,5
"20110",0.00851214750111286,0.310845967758454,7.24717356243984e-07,0.149301080081612,0.531340079941465,5
"20112",0.950134732400852,0.0216584734580428,7.57127604858298e-08,5.05424551833262e-05,0.0281561759731618,1
"20114",0.806871783002468,0.00200987481301774,4.28135978739868e-06,0.130857867083548,0.0602561937411794,1
"20116",0.9658739615102,1.36629366052786e-05,6.41964750630927e-05,0.0271963493226566,0.00685182975547513,1
"20118",0.0782830640513044,0.000463898345848657,5.43617910075977e-06,0.139487234063144,0.781760367360602,5
"20120",0.959553576885283,0.0299627368075965,4.3274303914638e-09,0.00122773952429502,0.0092559424553955,1
"20122",8.42130996850909e-06,6.86597140694235e-08,2.23992349452781e-05,0.99886704624184,0.00110206455353208,4
"20124",0.997501024979904,0.00245149980832729,2.41331978862808e-07,5.90105911037717e-09,4.72279787302969e-05,1
"20126",0.0102809981973433,0.98971003774254,2.6038729677111e-07,3.34866415724556e-07,8.36880640415382e-06,2
"20128",0.260917196294957,0.739082531370316,5.27995976367284e-09,3.36563680888236e-09,2.6368913017084e-07,2
"20141",0.000176564902197813,0.0332890778662779,0.000181855169976507,0.155612869674597,0.810739632386951,5
"20143",2.09528940351994e-07,2.18455230540633e-08,1.77009791991106e-05,0.999954487772044,2.75798742928191e-05,4
"20145",0.981459181561556,0.0052769163861283,3.96828881892343e-09,1.43317337843193e-05,0.0132495663502429,1
"20147",0.997326861524623,0.000177230152853116,3.70949073708565e-08,1.06799119555185e-05,0.0024851913156608,1
"20149",1.17307547960694e-06,1.4709374656209e-07,1.35905231561137e-05,0.998987302540188,0.000997786767429865,4
"20151",0.000631666526621352,1.25844493557196e-05,9.17329293111569e-06,0.14754604316573,0.851800532565362,5
"20153",0.0019082135452122,0.0125206189157456,1.29715558389094e-07,0.685982015177937,0.299589022645547,4
"20155",0.999242418338019,0.000273100856346347,9.66359049251072e-08,6.82882352782578e-07,0.000483701287376739,1
"20157",0.000206258960832213,2.24546181109398e-05,6.16777412653394e-06,0.718113678249393,0.281651440397537,4
"20160",4.21824756063627e-07,4.88505809976343e-08,2.85810484406502e-06,0.999954667510453,4.200370936573e-05,4
"20162",4.32456430629177e-07,4.71512753050528e-08,1.32048366784754e-05,0.997740772009952,0.0022455435456634,4
"20164",0.00015975337951512,4.62244290706447e-05,6.14189935443203e-06,0.950294231321914,0.0494936489701463,4
"20166",0.998459927798588,1.11154640621632e-05,0.000250518213116681,0.00112807986255256,0.000150358661680528,1
"20168",0.0035114036284576,7.57121653095088e-07,0.99560955545777,0.000832410414336407,4.58733777831388e-05,3
"20170",0.000352378522565483,8.00267190877066e-05,3.87427631744208e-06,0.454005157343876,0.545558563138153,5
"20172",0.993429607274346,0.00140415603166404,5.63701583252415e-08,1.19534960554294e-07,0.00516606078887063,1
"20174",1.50900493413634e-05,1.53386572447164e-07,0.191464215048323,0.385727489266833,0.42279305224893,5
"20176",0.000248226274716606,6.61949929152123e-08,0.999577305173344,1.02072544574553e-05,0.000164195102489296,3
"20178",5.03387882819922e-07,1.02250905488639e-07,1.51128032730033e-06,0.999971649769985,2.62333108992583e-05,4
"20181",0.994885869574088,1.41749324516698e-05,2.22197060713957e-06,0.00491101936352002,0.000186714159332805,1
"20183",0.00393573431909368,0.00105649336543245,5.22376654320538e-06,2.61170170293793e-05,0.994976431531901,5
"20186",0.0193402325613812,0.00394196943373616,0.00262342903876754,6.32866300450359e-07,0.974093736099815,5
"20188",4.38956966239427e-07,1.03944768573156e-07,1.78939942718459e-06,0.999760961646818,0.000236706052019945,4
"20190",0.999898121417932,2.77956627241991e-05,5.22411499291668e-08,6.46252211412712e-07,7.33844259822707e-05,1
"20193",0.00366513012221921,4.40654493235584e-06,0.0490436566010969,0.94671400715128,0.000572799580470983,4
"20195",0.00207327254733986,4.63234212385911e-05,6.00333415257517e-06,0.82214113201919,0.175733268678079,4
"20197",0.995769584340848,0.000586932091728922,1.37341187660246e-07,1.86187185294473e-07,0.00364316003905018,1
"20199",7.83798135040849e-06,1.04604532411152e-05,2.50984617915872e-06,0.951671101747537,0.0483080899716924,4
"20205",0.000301856774574188,0.999645998537759,4.02696690452401e-10,1.18416353528083e-08,5.21324433350629e-05,2
"20208",0.00275085946461047,2.17926019216269e-05,6.01293578155019e-05,0.02651568232531,0.970651536250342,5
"20210",1.53190684141855e-06,2.06470034432928e-07,5.59768261841381e-06,0.992669464027068,0.00732319991343775,4
"20212",0.000189766214054892,8.87825837115521e-06,9.93015705199635e-06,0.902545967992182,0.0972454573783399,4
"20216",0.996871896657823,8.49405108559185e-05,4.73894220025278e-07,0.000106436924305535,0.00293625201279547,1
"20219",0.383892016382227,0.60315745491188,1.04839523412573e-08,0.000109123901424079,0.0128413943205172,2
"20223",0.997587354621598,0.000382235866000755,0.00200666855081149,2.10827190688138e-09,2.37388533181044e-05,1
"20226",0.059222681968642,0.00774919403683557,3.2237326586724e-06,0.00246714802862369,0.93055775223324,5
"20230",0.999852394629527,0.000117279460266654,4.12440953736732e-08,8.63433616826654e-08,3.01983227490402e-05,1
"20233",5.08697886826455e-06,0.996535413565957,1.30655231408146e-06,4.34989568090891e-05,0.00341469394605145,2
"20235",0.960942776859539,0.0381643091160699,0.000187140531753959,1.24270961498584e-08,0.000705761065540662,1
"20239",0.97420494570521,0.00102203793175118,0.00313147427484128,2.75023857633735e-06,0.0216387918496205,1
"20254",0.00821560145604943,0.991778617314848,1.84388263928496e-11,1.25086959340055e-08,5.76870196768907e-06,2
"20256",0.999537938967946,0.000323309639888469,5.29376655094216e-07,1.25443542523919e-08,0.000138209471156206,1
"20262",0.000134627275999287,6.37601367211878e-06,4.0463130684323e-06,0.785077519089722,0.214777431307538,4
"20270",0.968763496831616,3.8038945460735e-05,0.00315307115120304,0.00630494542184732,0.0217404476498729,1
"20284",0.011795756480728,0.333348828529711,5.97447538931531e-07,5.15973048685068e-05,0.654803220237154,5
"20287",0.999813009330921,0.000184150955517503,1.84340454266006e-07,1.88004929871915e-09,2.65349305807333e-06,1
"20290",0.00282299527676481,0.993044593346943,8.94922291610392e-10,4.12118421397885e-05,0.00409119863923018,2
"20293",0.933087217467077,0.00255832700737132,1.51458332471278e-06,2.71671518087824e-05,0.0643257737904179,1
"20296",0.00912031645693121,3.11999602316031e-07,0.0171233877532734,0.742378964470451,0.231377019319742,4
"20301",0.999331464814289,0.000655879678917805,8.27567783017489e-08,1.08255381833443e-05,1.74721183174489e-06,1
"20304",0.0099351353565213,0.990003423774297,3.67307911002184e-10,3.32257266571825e-07,6.11082446075368e-05,2
"20306",0.997643269341512,0.00230155542700158,4.84176725807866e-08,3.64577839872908e-09,5.51231680358436e-05,1
"20309",0.548717120995327,0.0064367949836749,2.41408453591242e-06,0.000290096774744201,0.444553573161718,1
"20311",0.991212874872538,0.00115897984757421,2.40683195449482e-06,0.000571976544056524,0.0070537619038769,1
"20314",0.00369350148958669,0.000112300601469558,1.22049797889344e-06,0.0475806240484034,0.948612353362561,5
"20318",2.58592743801521e-05,2.25737048321583e-07,1.84675506409683e-05,0.999857912134352,9.75353035783567e-05,4
"20320",0.00254592796485749,0.00678453293876772,3.39105094908632e-05,0.00369326843995823,0.986942360146926,5
"20326",0.00510085212888107,0.000253646214034457,2.99500397094598e-06,0.109908416327809,0.884734090325304,5
"20328",0.00132734119629796,0.00262334077198363,8.16716475576047e-06,2.63312557543627e-05,0.996014819611208,5
"20330",0.956450363218432,0.0361140979977129,5.76909367171088e-06,4.90204764677905e-06,0.00742486764253647,1
"20336",0.0188709512419886,0.930701518100488,2.40047400778745e-08,2.49796658873778e-06,0.0504250086861949,2
"20338",0.0243103201256993,0.972886141919056,1.01939580617717e-08,0.000158869678803882,0.00264465808248296,2
"20340",0.999451260671758,0.000536642709519071,9.66619847672937e-08,4.57932587095342e-08,1.19541634798201e-05,1
"20342",0.000721457483697691,0.998693706981424,5.92281128401236e-05,0.000205547941289617,0.000320059480748466,2
"20344",0.996349218865311,0.000729117574664185,4.84343610398003e-07,9.35542482958695e-07,0.00292024367393167,1
"20349",0.999731450071818,0.000186064327556398,2.52910907102869e-07,1.01492899361409e-08,8.22225404282822e-05,1
"20351",0.911853159271657,0.0165993718436055,1.57738311281405e-06,0.000887660806580587,0.0706582306950443,1
"20353",0.901529314329597,0.0960796701558078,5.93639188145511e-08,1.68268021020193e-07,0.00239078788265471,1
"20357",0.00160147007072046,0.998365768949843,3.96344003432404e-10,8.35167108905771e-10,3.27597479249138e-05,2
"20360",0.022256577588966,0.975749056315875,0.000805900642299447,2.09755385174549e-06,0.00118636789900761,2
"20364",0.914889075096607,0.0051612326002838,7.09275476382905e-08,2.45954118048335e-05,0.079925025963757,1
"20366",0.00183913639936111,0.986417639822324,1.87778588387751e-08,2.52765657504377e-05,0.0117179284347062,2
"20381",2.79270890374795e-06,4.7937428502272e-07,0.973260576302216,0.0227856741231446,0.00395047749145111,3
"20391",0.423076608794113,0.0440205665366046,0.34367798720654,1.89436652084787e-07,0.18922464802609,1
"20394",0.000215738842541964,6.25062721708699e-06,0.00221408520786639,0.00151188093103214,0.996052044391342,5
"20396",2.33243284571803e-06,7.85188738744172e-08,0.777850490902709,0.0239183465083234,0.198228751637248,3
"20409",0.565831969067282,0.00115918509277163,1.1220367707702e-05,0.257241396483078,0.175756228989161,1
"20411",0.889031590255248,0.109998769715504,1.74749772641924e-08,6.52708747551458e-09,0.00096961602718381,1
"20416",0.0557975122486364,0.944202141529333,5.496030777619e-10,9.28466339797030e-11,3.45579580741749e-07,2
"20418",1.90182490733312e-06,3.81828292072426e-08,0.788189169343842,0.104147412513286,0.107661478135135,3
"20420",5.04002517008445e-05,0.969244964543611,1.41036426070851e-06,0.000380816486818197,0.0303224083536093,2
"20422",0.998247236067739,0.000569164652206126,8.51321243383584e-08,5.81302499068626e-05,0.00112538389802342,1
"20424",0.950095779451379,0.0491460538943785,8.35765417390798e-09,1.76472801205306e-08,0.000758140649308148,1
"20426",1.09827329165691e-05,0.999829009593168,1.36315568049867e-09,0.000138747963272898,2.12583474862521e-05,2
"20428",0.901241928869841,4.17209430294982e-05,0.00252117343059356,2.27615940572227e-05,0.0961724151624783,1
"20431",0.0391968204010905,0.010053562684259,3.15044072595749e-06,0.120129737975387,0.830616728498538,5
"20433",0.999742266534345,2.62928227142119e-05,0.000221517548549229,2.14511609009019e-08,9.90164323105979e-06,1
"20436",0.0100200554165302,4.71450986156496e-07,0.989850436875695,1.35753633884394e-05,0.000115460893400078,3
"20439",8.60868120827365e-06,1.19063551466327e-07,0.292454025916544,0.347415477596638,0.360121768742058,5
"20441",0.00132599972263791,0.998451897596924,8.99958666659598e-10,2.91689172448603e-07,0.000221810091306661,2
"20444",2.42332963746029e-07,3.0767824171027e-08,4.96449001918722e-06,0.999864225650472,0.000130536758721183,4
"20448",0.0163937184534263,0.00206933743715421,0.000359632176390393,0.348205861102183,0.632971450830846,5
"20536",0.000319212857472941,1.72719392421593e-06,0.657675356891298,3.18199424572536e-05,0.341971883114847,3
"20538",0.293372855548166,0.606981328695606,1.46169809804886e-05,7.0519270961915e-06,0.0996241468481514,2
"20541",0.941282169376941,0.0586914413530037,2.42061222905341e-10,1.15265283034876e-08,2.63775014657708e-05,1
"20544",0.223044517414613,0.00118730789918109,5.03785262265398e-06,0.00809162529348898,0.767671511540094,5
"20546",0.989817134544349,0.00745904047529772,1.7018757592972e-08,3.02490079455265e-08,0.00272377771258748,1
"20550",0.393639205073532,0.0381216861059732,6.99883425348389e-05,0.00481211077593268,0.563357009702028,5
"20553",0.0422903168558049,0.957709236057972,3.56274818305302e-09,3.89441748074503e-07,5.40817266437024e-08,2
"20555",1.51532220033721e-05,0.996761395664893,6.24847659595447e-07,2.4590763797826e-07,0.00322258035780571,2
"20557",0.180170652005162,0.275251483715298,4.6617233411727e-07,0.0037799839902336,0.540797414116973,5
"20559",0.999322078884083,8.48103280621411e-05,8.96412422574281e-09,3.35572053256946e-06,0.000589746103197974,1
"20561",0.00145766162089943,8.12184311758329e-05,8.48931999945694e-06,0.428542632712429,0.569909997915497,5
"20564",5.03387882819922e-07,1.02250905488639e-07,1.51128032730033e-06,0.999971649769985,2.62333108992583e-05,4
"20566",0.865789752669391,1.94802806628743e-05,6.9064742506835e-05,0.000155511403006455,0.133966190904433,1
"20569",3.78851062286547e-05,8.35539223707349e-07,0.000847384414797684,0.285209355699999,0.713904539239751,5
"20572",1.07310110609738e-05,6.20516644118028e-08,0.00069982932870475,0.967070475689559,0.0322189019190109,4
"20574",0.997052821102978,0.00250088327276262,1.63235132335018e-09,5.34110578468803e-06,0.000440952886123506,1
"20576",2.9244056152133e-06,2.48111662447947e-07,9.81456133986737e-07,0.999831344817293,0.000164501209295151,4
"20578",0.769831450776186,0.00102055014421618,2.06947093600423e-06,0.00740583853083182,0.22174009107783,1
"20580",0.79691457627134,9.01123913178867e-05,2.43686532475838e-05,0.000145958367912184,0.202824984316182,1
"20583",2.21182236441833e-06,2.00632872258203e-07,1.00907502287812e-06,0.999906169059183,9.040941055697e-05,4
"20586",0.871743501084387,0.00208025529102434,1.57028938714485e-06,8.53199168779102e-06,0.126166141343514,1
"20589",0.999686184797373,0.000224820404498713,2.05624841137801e-07,2.10761974350344e-09,8.87870656670617e-05,1
"20591",0.00502565072926146,0.193387301372373,4.85340960036991e-05,1.89841304034104e-05,0.801519529671959,5
"20593",0.999911555997137,8.7744000235446e-05,2.06448627706137e-08,2.19846466200638e-08,6.57373118553124e-07,1
"20595",0.994304700352854,0.000371420768693695,9.37203327087074e-08,9.01128507212802e-05,0.00523367230739881,1
"20597",2.85760562662109e-07,5.47138539346496e-09,0.998662344805361,1.31607929931576e-05,0.00132420316969732,3
"20599",6.02610725052322e-07,4.9974544295303e-08,2.38207907874366e-06,0.999961567197549,3.53981381027531e-05,4
"20601",0.000393600612792062,6.74864161488966e-05,5.88926074372706e-06,0.000462390561747478,0.999070633148568,5
"20604",0.999893729532681,8.33904845208929e-05,5.56438173376474e-09,1.64819498518222e-06,2.12262234314223e-05,1
"20606",0.999874277044301,9.93872708004764e-05,7.98163512822491e-09,4.21172326095051e-08,2.62855860311163e-05,1
"20608",0.998850088367818,1.8796515213876e-05,2.32846686508502e-06,4.51469645628955e-07,0.00112833518045741,1
"20610",1.66096897328067e-05,1.41398310037072e-06,1.54945527764609e-06,0.998792501801511,0.00118792507037832,4
"20612",0.24249905900692,0.116039189381102,0.637276368796085,0.00141404562820404,0.00277133718768926,3
"20614",2.14133186043128e-06,8.4670368455005e-07,1.30566514976443e-06,0.994455035315693,0.00554067098361213,4
"20616",0.00747766033988594,0.000168341702296588,6.28470626913955e-05,0.00133927377505592,0.99095187712007,5
"20618",0.000356804114661715,0.997726635787697,4.42770210450714e-09,2.77448251619937e-05,0.0018888108447766,2
"20620",0.998871259536034,5.52584063149125e-05,5.91082990203105e-05,4.95045815202502e-05,0.000964869177110851,1
"20622",8.17009433712214e-06,3.21728584314712e-07,5.47008372541113e-07,0.999585548742479,0.000405412426226762,4
"20624",0.973900497274392,0.0251748421149472,5.81956112567673e-08,1.10983892531401e-07,0.000924491431156459,1
"20626",0.765265318666298,3.1820614496468e-06,0.208495974369323,0.00154307082768918,0.0246924540752406,1
"20628",0.325070620919621,0.000502151936961394,0.218455630104383,0.000901912698588205,0.455069684340446,5
"20630",0.853079956407648,0.000526309846312275,6.73837176343643e-06,0.0174700548473106,0.128916940526966,1
"20632",2.56920089043239e-07,1.31897647789352e-08,0.0010897137678075,0.993810012476534,0.00510000364580505,4
"20634",0.999885752697111,6.93876404103304e-05,1.66902569065076e-08,3.17391846334345e-08,4.48112330375156e-05,1
"20637",0.0117230250168813,0.988202232647751,2.62758620188378e-11,1.32546522410926e-05,6.14876568508229e-05,2
"20639",2.34520743486344e-05,6.67090078900648e-06,6.18661162683086e-06,0.765481345047246,0.23448234536599,4
"20644",0.420216616844693,0.579770123026003,1.29295247141011e-05,3.52031232997787e-08,2.95401466942706e-07,2
"20646",0.974097511469133,0.0233373418544891,0.00221179237807542,1.20541495924298e-05,0.000341300148709937,1
"20648",0.000211907690426473,6.32122683911849e-05,2.0462179727347e-06,0.0185149766918332,0.981207857131376,5
"20650",0.744837835019668,0.254855499340772,4.47470669239679e-08,7.84065065644369e-08,0.000306542485986885,1
"20653",0.000498913121716441,0.000731722096283026,0.00011667928941245,0.00423799569317675,0.994414689799411,5
"20658",0.999559186718273,8.43538705103361e-06,0.000215792221127347,3.9033209703407e-08,0.000216546640338787,1
"20661",0.0588784035777137,0.929926090541308,0.000174443154761806,3.17712594931807e-06,0.0110178856002673,2
"20663",0.508267130763578,0.00204015697316606,4.36733181690803e-06,1.22121707765825e-05,0.489676132760663,1
"20665",4.10066882516806e-06,1.5116390314977e-08,7.13348357373788e-05,0.9998837312542,4.08181248473507e-05,4
"20667",0.0286797626379059,0.000918139726903146,0.0236716567186378,0.000347241036740916,0.946383199879812,5
"20669",1.70745730534453e-06,1.67607364352054e-07,0.96583375665274,0.000445171605138919,0.0337191966774514,3
"20671",0.18967123450403,0.806803208436149,5.87260809573545e-10,0.000130907506988296,0.00339464896557174,2
"20673",1.62225982812344e-07,2.57550086516283e-09,0.998792519300788,6.19839417064599e-05,0.00114533195602128,3
"20675",0.00935628972969584,1.25759485154586e-05,0.205424901621649,4.26517300432941e-05,0.785163580970097,5
"20677",0.477474138773415,0.000337397352913772,0.000624631531352322,8.93319057357993e-06,0.521554899151746,5
"20679",5.07346672152047e-07,7.74864543112277e-08,0.960602214124214,0.00156616042332338,0.037831040619336,3
"20681",0.000115932832312879,6.96149779509538e-06,0.0555046047472722,4.25062370205246e-05,0.944329994685599,5
"20683",0.358159221141085,0.000117539471051162,0.00401235518830288,2.13487951894421e-05,0.637689535404371,5
"20685",1.76028040772839e-05,0.981533837058046,2.25043637833775e-06,8.44159334339764e-05,0.0183618937680639,2
"20687",7.23634988207848e-06,2.04303523670267e-06,3.20448220721838e-06,0.947711452112102,0.0522760640205718,4
"20689",0.239221692493442,0.76073922606474,3.33901856282813e-05,3.07966308008749e-08,5.66045955955947e-06,2
"20691",5.3043484243066e-07,1.08707793949562e-07,9.43546241784799e-07,0.999798422758009,0.00019999455311319,4
"20693",0.998668686714272,0.00129965874064006,8.72236906583086e-08,4.31088906375822e-09,3.15630105081377e-05,1
"20695",0.000213359764485781,1.84948615106153e-05,2.49034367041933e-05,0.0048507120881265,0.994892529849173,5
"20697",0.999358486410709,0.000390883817466399,1.77262025057447e-09,5.30349361717682e-05,0.000197593063032714,1
"20699",0.321045764490143,1.0496377347387e-05,0.0154059773095636,0.000203104841838385,0.663334656981107,5
"20701",0.903583811151624,0.000251952872399552,0.000722742732199712,5.95540465387904e-07,0.0954408977033113,1
"20703",1.87075399796049e-05,0.00112379149353716,0.969421807116751,0.000187534733407962,0.0292481591163238,3
"20705",0.992186212060009,0.00473601205978631,1.12584366409546e-07,2.0358262942442e-07,0.00307745971320911,1
"20707",0.00365414579309822,0.000284719249292463,5.31739730375988e-06,1.9107640701112e-05,0.996036709919604,5
"20709",0.0299979930568349,8.59607568096692e-06,0.000389608402141433,0.907382994898902,0.0622208075664406,4
"20713",8.91416718610058e-05,0.0114796162378302,0.000203306555603614,0.028437316131859,0.959790619402846,5
"20715",0.858540168204047,0.116821079701936,7.28088669625015e-07,0.0246200827499858,1.79412553619201e-05,1
"20717",0.000107133206700677,2.32613200865981e-05,4.82078600834218e-05,0.00016204533801948,0.99965935227511,5
"20720",0.985934212224969,0.000360019047575266,1.04144511083954e-05,1.90229532161453e-05,0.0136763313231316,1
"20722",0.977907981251752,7.7925268032071e-05,9.59855204148919e-07,2.22448563216883e-06,0.0220109091393798,1
"20724",3.70726326293492e-05,5.73078971703909e-06,2.92876820702522e-05,0.19312583160577,0.806802077289813,5
"20726",0.99886204987055,0.00109858941276937,1.47888628160715e-07,2.56788277756494e-09,3.92102601698397e-05,1
"20728",3.12252666268494e-05,3.20756844271289e-06,0.00823984890786682,0.000204587997400849,0.991521130259663,5
"20730",0.000773731518375597,5.23683670290147e-05,6.54915940066417e-06,0.383907801661198,0.615259549293996,5
"20732",0.491581622526288,0.119250207545668,0.0365878773963084,0.000116966823555135,0.35246332570818,1
"20734",0.26909746235001,0.00132067159829847,5.41329747146801e-06,3.49325136795973e-05,0.72954152024054,5
"20736",2.48052263131474e-05,6.12626524660248e-07,3.27534596825869e-05,0.886970535528434,0.112971293159046,4
"20738",0.57316299611428,0.0769121395965432,0.00460188307903072,0.33291669666291,0.0124062845472355,1
"20740",0.601893659423487,0.330264130433707,0.000327978341355081,3.04510111971979e-08,0.0675142013504398,1
"20742",8.32205683460772e-05,0.00106856409367829,2.11116812688001e-05,0.0001893500712595,0.998637753585447,5
"20744",2.10725722453428e-06,1.36767725861515e-08,0.0114589622313451,0.970204365584319,0.0183345512503389,4
"20746",0.0561935894107229,8.26054457477535e-05,8.45477857493525e-05,6.14125595221548e-05,0.943577844798258,5
"20748",3.6259045935936e-05,2.14704726942192e-05,1.3957619785966e-05,0.271741112215016,0.728187200646568,5
"20750",0.000425986159400245,1.14337140683589e-06,0.000222095263708207,0.662295761421074,0.337055013784411,4
"20752",0.961933460665603,0.000900919957843021,1.32596442651586e-06,4.65175417847614e-07,0.0371638282367092,1
"20754",3.30482612609244e-07,2.01538480461471e-09,0.999522538852242,1.20356784469547e-05,0.000465092971314176,3
"20756",0.0791924790522599,0.000214513663755347,2.23685826018851e-05,0.256810370206184,0.663760268495199,5
"20758",0.00974199268791694,4.83617976591925e-07,0.980632921377338,0.00645404279200691,0.0031705595247615,3
"20760",1.35367102843442e-05,3.83417973774086e-07,0.00312924753805906,0.182241331585138,0.814615500748545,5
"20762",7.1935203879875e-07,1.78410692847247e-08,0.998014457389305,3.63541315135507e-06,0.00198117000443532,3
"20764",4.82703761040062e-06,2.52438085089374e-06,0.00105033876138174,0.738081727215669,0.260860582604488,4
"20766",1.88025897268882e-05,3.40381137399531e-06,7.54081117687015e-05,0.0791889969081629,0.920713388578968,5
"20768",0.000475362120909055,1.91429558474058e-05,3.9978113425302e-06,0.811039573085089,0.188461924026812,4
"20770",0.00769051470824012,1.93792585575765e-06,0.887668285728128,5.19859258713388e-05,0.104587275711905,3
"20772",0.999947920892318,1.17231246473316e-05,6.48482735919104e-08,4.58149701569248e-07,3.98329850592965e-05,1
"20774",0.999022082089705,0.000961165857770239,1.55287943980545e-05,2.33076397170222e-09,1.22092736249902e-06,1
"20776",0.000627607822270588,0.000794845601405663,9.14872975185187e-06,1.92301493615127e-05,0.99854916769721,5
"20778",0.26634987823375,0.733649758682101,2.66867099383001e-09,6.86141738878422e-08,2.91801303792665e-07,2
"20780",2.19187089675829e-07,7.39543939233191e-10,0.999958302425854,1.55116632157886e-05,2.59659842966042e-05,3
"20782",1.28069696483693e-07,4.16057898126848e-09,0.999175736362115,0.000109919960580621,0.000714211447028854,3
"20784",1.9704939531405e-06,2.71156394724138e-08,0.997146255256037,2.78980280861459e-06,0.0028489573315615,3
"20786",1.73480801138149e-06,6.44837853149326e-09,0.0257305545448882,0.974004997571845,0.000262706626877402,4
"20788",0.0071066594897677,0.00073528697315442,1.2197968598683e-06,5.139293211062e-05,0.992105440808107,5
"20790",3.84745284615113e-05,1.69424303571036e-07,0.267638062540749,0.0869017711300221,0.645421522376464,5
"20792",0.0192123002788774,0.00148866228269256,3.31823031376197e-06,0.402672070183942,0.576623649024175,5
"20794",1.5167105887958e-05,7.78145204540359e-08,0.161407240526371,0.497232863143661,0.341344651409559,4
"20796",0.99640572259422,0.002982789660533,1.32030349787311e-08,2.58430715551923e-08,0.000611448699140231,1
"20798",5.03387882819922e-07,1.02250905488639e-07,1.51128032730033e-06,0.999971649769985,2.62333108992583e-05,4
"20801",1.29141536183726e-05,9.11201508515132e-07,7.0058302752104e-06,0.999138272426802,0.000840896387796058,4
"20803",0.0190085095796475,0.00249036777303444,1.30018004733467e-05,1.03734119193171e-05,0.978477747434925,5
"20805",0.231134735681936,0.000754252031990849,1.02971991841847e-05,4.8288834212658e-05,0.768052426252676,5
"20807",5.03387882819922e-07,1.02250905488639e-07,1.51128032730033e-06,0.999971649769985,2.62333108992583e-05,4
"20809",0.000950239435361172,0.000719313307887198,0.000796040143994226,0.000875223286844187,0.996659183825913,5
"20811",0.00691665397474679,0.0017087342706797,6.12162123049741e-06,0.966325149164735,0.0250433409686077,4
"20813",0.386359716215886,0.00279995769639326,0.000384260277452993,0.0601373731348497,0.550318692675418,5
"20815",3.84964137779586e-07,7.78101486006073e-09,0.242062481450008,0.757686349502199,0.000250776302640667,4
"20817",6.27317341189346e-05,3.24270359839699e-05,5.50059306092997e-06,0.024980756087375,0.974918584549461,5
"20819",0.243774415551122,0.00511336808422291,1.17787991246363e-05,1.40041025089265e-06,0.751099037155279,5
"20821",0.400345108916346,0.000262727883362332,0.595808774191498,0.00313590678577553,0.000447482223018713,3
"20823",0.0930408434951673,0.0029168813943541,5.73630696630609e-06,0.00848775576937267,0.89554878303414,5
"20825",1.29920827697492e-05,1.24518526662668e-06,0.000403415860093842,0.06077264614199,0.93880970072988,5
"20827",0.000143789107280722,0.000141629872797118,1.02836153316814e-05,0.826206189511135,0.173498107893455,4
"20829",0.997187405608413,0.00135188808512031,1.50331996623448e-05,1.18073947315842e-05,0.00143386571207275,1
