"","V1","V2","V3","V4","V5","V6","V7","V8","best$classification"
"19811",0.00163701933827276,0.000320102927229845,0.0287669000340869,0.000404895885136489,0.968852490565621,7.36736950119115e-10,1.84579953122308e-05,1.32517603965455e-07,5
"19813",5.75593613978293e-07,9.18305803748185e-07,0.999987847479944,2.17863407660803e-08,1.0559878169296e-05,6.96088124119528e-12,5.70803115657015e-08,1.98688559122605e-08,3
"19815",0.0385036935894796,0.0107160488997975,9.40202475864907e-07,6.66625306681532e-06,0.949091727205886,3.14034391739166e-05,0.00163568940647242,1.38310036483152e-05,5
"19817",0.00427362866898683,0.0028340246250112,3.31986300502898e-06,0.000335484692753843,0.992457615378886,2.33111179689048e-07,9.53815027187561e-05,3.12157458946325e-07,5
"19819",2.65016651714809e-05,0.112339583472855,7.84310222081394e-11,1.15459562807128e-07,2.32011355538762e-06,0.673898847635672,8.49330808659433e-05,0.213647698493886,6
"19821",0.000570946083995976,0.0050547461970762,0.00948755927778033,0.0128327980171,0.972040007564435,8.86367357802048e-09,8.16034419553599e-07,1.31179615193809e-05,5
"19823",0.000527679880344443,0.00236386198126282,8.50870957564447e-07,6.33361643256059e-05,0.423506646598897,0.000998276205147269,0.572537954312612,1.39398645363881e-06,7
"19825",0.0035783681498805,0.00843020624276667,0.00317843990403082,0.902002070376463,0.000700476342064817,0.000124228060972322,7.40803296159631e-06,0.0819788028908605,4
"19827",7.13663911059787e-05,0.00345968526942902,2.42845812566062e-07,0.365309376091161,0.630911938080175,4.18847608959535e-06,0.000240958689694137,2.24415653267185e-06,5
"19829",0.000279232441764071,0.902907154642184,1.61342757491961e-06,0.00513481763217777,0.000314150682744673,0.000136040597508467,1.22986785888844e-07,0.0912268675892605,2
"19831",7.79852212163561e-05,0.786702287927827,3.50345693609338e-07,1.74392894114924e-07,1.90799437077435e-05,0.110456006515522,0.00299814968410798,0.0997459659690309,2
"19833",0.00130213256098696,7.54257185852153e-07,1.75702996622791e-06,1.86910839869883e-05,2.2599080678276e-07,0.130182136016724,0.868480002421652,1.4300638691105e-05,7
"19835",0.000570946083995976,0.0050547461970762,0.00948755927778033,0.0128327980171,0.972040007564435,8.86367357802048e-09,8.16034419553599e-07,1.31179615193809e-05,5
"19837",0.000106550167137002,0.0184712501186221,1.64644736682536e-06,0.0205121829171822,0.960887133916424,3.74649979757345e-07,1.78997859117821e-05,2.96199737688224e-06,5
"19839",0.00204940533624086,0.682713840649323,0.00154604290185079,0.0296652285870945,0.00119055282678315,1.42335370509189e-05,9.18504335352938e-07,0.282819777657321,2
"19841",3.30311709548224e-08,1.65452868671098e-06,2.54097230769803e-05,0.999965356602839,5.57277211202464e-06,2.24610484882513e-09,1.59869514553867e-09,1.96949731470034e-06,4
"19843",0.00247049129522503,0.0243507996677267,0.0102118774379044,6.9488935609845e-09,1.61114214269468e-06,2.38791231644659e-05,3.0699280907397e-07,0.962941027392134,8
"19845",0.000158404063756873,1.31559787421925e-05,0.928616790665582,6.67277842776473e-06,0.0711862883443386,2.39859550174637e-10,1.86618243771294e-05,2.61049155084675e-08,3
"19847",0.0348790772617828,0.047732866226014,0.00661183967450471,8.42050055086861e-06,0.910008583273171,2.78287982797571e-06,0.000664867742847856,9.15624413008461e-05,5
"19849",1.23552968192847e-07,1.07256618434395e-07,0.999965788214302,5.3894947549022e-08,3.38584599072431e-05,1.36377196127922e-12,6.69845480696256e-08,1.63534515614421e-09,3
"19851",0.00121751320190634,0.00056485602540324,8.65761632500308e-06,1.43046728500308e-05,0.997903937220524,1.43979439620719e-07,0.000290488078532182,9.92050197982425e-08,5
"19853",9.85103668159634e-05,8.82911669047446e-06,0.00771265421706709,0.000154562467498954,0.929315347301683,7.02679059914952e-08,0.0627100250027822,1.25955607600166e-09,5
"19855",0.000163674829069956,0.000142412198127046,0.000447394903231843,0.00160590356979208,0.997270745091237,1.06489194354351e-08,0.000369854545258412,4.21436391196094e-09,5
"19857",0.0120703428029309,0.171121565150482,0.0142457564213622,0.0152321317811415,0.787242284641719,5.87254567790368e-08,5.20541768396363e-06,8.2655059223599e-05,5
"19859",0.00403882776059308,0.0303464408657192,8.75432217629283e-06,0.0100720613846633,0.954924965757448,3.61486922021619e-06,0.000600886362501904,4.44867767750731e-06,5
"19861",0.000645030897140367,0.000333094477736772,0.0994976689924938,1.60034906649954e-05,0.89937694555251,2.97879980513286e-09,0.000131124444588253,1.29166065894057e-07,5
"19863",2.15698614576804e-07,3.00304638558914e-08,0.994793486716497,0.00519086975193706,1.53675999945474e-05,3.22628113963091e-12,2.473258419404e-08,5.46668295244591e-09,3
"19865",3.524410328417e-06,4.12788147573216e-06,5.65284278923936e-07,0.998234515761465,0.00175720149387206,8.71013119811867e-10,2.08534413802275e-08,4.34441257166722e-08,4
"19867",0.0147652263378087,0.0036727963875102,0.00486686365355968,1.13110419169783e-06,0.976404533423449,4.16347750116417e-07,0.000278772830295808,1.02599154342172e-05,5
"19869",1.13047073049594e-06,9.65931976750673e-07,0.992778263372783,2.32090678191893e-05,0.00719584811938628,3.1346599394166e-12,5.81913069178012e-07,1.12110014390711e-09,3
"19871",0.00136049175140697,0.0955334781891094,1.19906253568405e-06,0.0366285733572915,0.866280227396896,6.67221174837684e-06,0.000177988921135302,1.13691098769005e-05,5
"19874",0.000479998609980904,7.36904690895055e-05,2.627842107629e-06,0.765893935270071,0.233498695954413,1.16764896356189e-07,5.08344318338195e-05,1.00657607891956e-07,4
"19876",1.77597448192122e-05,3.54094476848016e-05,0.000150990531915114,0.14572820945864,0.8540596937585,6.96735313896563e-10,7.93151601953817e-06,4.84568643406448e-09,5
"19878",0.997247273810888,0.000142083186871367,2.30517945754886e-06,1.29089342513486e-06,0.00019516800980884,1.95112819717988e-05,1.33430332207732e-06,0.00239103333425523,1
"19880",7.91782572120437e-08,3.17745327188203e-07,6.61175574399312e-06,0.998577536096967,0.00141539448685145,4.85876061661556e-11,6.00269755279389e-08,6.61290345995467e-10,4
"19882",0.00896565426785845,6.4325909410968e-05,0.189469026223604,0.000605870460004464,0.800721954331393,8.24810923680038e-09,0.000172897389780616,2.63169839130577e-07,5
"19885",0.0112625576070405,0.0998565237821942,5.20226420697411e-06,0.000339684458184387,0.888491652361914,5.76014055009426e-07,7.00415198492294e-06,3.67993604197593e-05,5
"19907",0.0143498319178823,0.000793473461539864,0.0502566058617306,7.02338516075869e-06,0.934524156518043,5.69497845287753e-08,6.55694871110236e-05,3.28241874787313e-06,5
"19909",1.54447573558045e-05,0.987349698663318,2.52986755025059e-05,5.98006453617746e-07,0.000560450571589694,4.41895818171356e-06,2.13916569434785e-07,0.0120438764510287,2
"19911",0.000196672220391683,0.971541499641365,3.9712000124147e-06,0.00605023336946089,0.00208201384534917,0.000124528464626683,1.42075042323435e-05,0.0199868737545625,2
"19913",1.63222818314646e-08,1.34004680025825e-07,1.52156353153147e-07,0.999992211685224,7.45739882360767e-06,1.10073778209255e-09,1.65384105247129e-08,1.07934892757374e-08,4
"19915",0.000162362416310714,0.000144778818888177,1.01614398179626e-06,0.297052146922447,0.702598495101309,7.70978103600269e-08,4.10690070600327e-05,5.44921925600614e-08,5
"19917",3.10332033025355e-05,0.000117000875988907,1.1697155941792e-06,0.991609999194059,0.00823870957349872,2.60192732957049e-08,1.56478359594555e-06,4.96634687175297e-07,4
"19919",0.00553734951855265,0.00318400278710899,7.57147169917471e-07,0.120341090285853,0.87082977685767,1.22271098664883e-06,0.000104316911508067,1.48378115011972e-06,5
"19921",0.00720637225261433,0.00237056154980344,0.000132796739049317,3.89303955040248e-06,0.990171779999478,1.07117499382448e-07,0.000113526051957564,9.63250047667641e-07,5
"19923",0.992327080937633,0.000604629335994837,7.38505412744306e-06,4.84929085428499e-08,0.00627504180450137,7.44705437592677e-05,0.000539338755991806,0.000172005075083993,1
"19925",0.000106740315364853,4.68291085637177e-05,4.03163086158709e-07,0.93938796497174,0.0604534390760869,3.41295554632938e-08,4.49563916194461e-06,9.3596441236357e-08,4
"19927",0.000319679234225077,0.00120092717566533,1.1103972166022e-05,7.34785890835217e-05,0.998255720210428,6.48034733096818e-08,0.000138957022903836,6.89920548879483e-08,5
"19929",7.54447385439596e-08,2.02164968868427e-07,0.453124018056029,0.546741112779007,0.000134534501966309,7.70381954923079e-12,4.60139810023483e-08,1.10316055810114e-08,4
"19931",0.00133382248483322,0.00771296126539748,4.05887534786598e-07,0.000445528265333917,0.99029592037896,2.38702907008538e-06,0.00020592057901068,3.05410985975683e-06,5
"19933",0.000211501284161251,0.944784629874832,8.31619496857915e-08,0.000180250020294586,0.0477773207693221,0.000199442127176932,9.64255736095282e-06,0.00683713020490246,2
"19935",0.0261033062953875,0.212486188608448,0.000514418483495766,0.000879933730176291,0.756367606087356,8.03175564055059e-07,2.33405831884222e-06,0.00364540956125372,5
"19937",0.00463462266816409,0.00302493594372789,1.19858101380569e-06,6.84987944723068e-06,0.990903646128659,5.02506830872049e-06,0.00142271089003746,1.01084064150912e-06,5
"19939",0.287957607086419,0.00160333444330872,2.68001270295598e-06,0.000760129996684289,0.709602782394304,3.34865963346459e-06,6.38015934684615e-05,6.31581347935577e-06,5
"19941",1.54756004561054e-05,0.870453703569855,0.000131331856079739,0.0326356875934343,0.00148526078379867,1.77064961597291e-05,1.26635583862644e-06,0.0952595677443776,2
"19943",7.41878465797908e-07,1.44631825402876e-06,4.10377160625589e-08,0.999504186476562,0.000493274367900414,8.13857147930969e-09,2.9300182767639e-07,8.78070222773922e-09,4
"19945",0.00520452933097485,0.961433206520303,4.61339875069875e-08,8.71630681373257e-06,0.0111427799619753,0.00061537470845017,3.47202959527914e-05,0.0215606267415431,2
"19947",0.000297280467096099,0.272641360478667,0.0171600375256446,0.701161548351235,0.00448753629041693,2.07640325770375e-05,1.45251900229729e-05,0.00421694766434071,4
"19949",0.973859961700819,0.00654350171750163,1.9499173452636e-07,3.529121805797e-07,0.0160772339965637,0.000741436010926722,0.000133381485894332,0.0026439371843796,1
"19951",0.0522763178364573,0.00134448450855267,5.27344763501572e-06,0.72495521228332,0.221360798729638,1.57799438832879e-06,1.39164828504099e-05,4.24187171583615e-05,4
"19953",0.00229504767745876,0.064169156276589,1.82398949326967e-08,1.68739678906416e-08,0.000175870914037371,0.861409104633189,0.0413989390267099,0.0305518463581532,6
"19955",0.353892283482585,0.484766773445061,8.16112865331942e-06,1.09596308463145e-06,0.000280530903783557,0.0222188031825624,0.00167597982055717,0.137156372073714,2
"19957",0.000209677143955351,0.0146234928870604,1.15336330169118e-05,0.926622139993824,0.0522984234451535,4.72426072770535e-05,0.00618263712162543,4.85316808703449e-06,4
"19960",0.0066153264236289,0.738106213398499,3.02731234996775e-05,0.000200284369838462,0.000329385013520181,0.000120292790741501,2.1417399521991e-07,0.254598010706277,2
"19963",1.99783218764025e-06,5.907438324925e-05,2.04829895669926e-05,0.91321579038975,0.000108190289133701,0.0030942338893653,0.0834657997417107,3.44304850361796e-05,4
"19965",0.156018738472035,0.0963676026266038,3.38745169138276e-05,6.72786776844749e-09,1.46068707065473e-05,0.000336571800790223,1.17314090990841e-06,0.747227425844172,8
"19968",3.76976604893204e-05,0.00149758860563867,0.22857334276854,0.757959982993617,0.0118108177926312,4.65683153359903e-10,3.37423621431516e-09,0.00012056633916428,4
"19971",1.13059035308151e-05,3.8877618736591e-05,1.33124158350756e-07,0.998817825447827,2.50822373289722e-06,0.000942217099257039,1.69546449961957e-05,0.000170177937760333,4
"19973",0.000602993547761293,0.00145634700655258,1.59704001098282e-05,0.00193039151465959,0.995990357397266,8.28856066846448e-09,3.62545253911923e-06,3.06392551122645e-07,5
"19975",3.92552668103724e-05,0.000117749092137792,1.52984378675295e-05,0.975516302333466,0.024310967179823,1.07226515798665e-09,5.75657030263545e-08,3.69051927485539e-07,4
"19977",0.00044257227956812,9.02186708830633e-06,5.3729535046682e-05,0.999221479562217,0.000236658472943669,2.1991313186725e-06,2.75462366004194e-05,6.79291521748432e-06,4
"19979",8.07058201602384e-06,0.0814467540432439,1.1686058328327e-10,3.35531631257688e-07,9.93619357802621e-08,0.00366658187877033,8.4168762507813e-09,0.914878150068666,8
"19981",0.00112257818077352,0.484896087528667,0.000477208785137266,0.000190686669921092,0.513209716808343,5.51211629794937e-07,5.61312058157143e-05,4.70396097133287e-05,5
"19983",0.409173095705927,0.229859874059779,0.000376097518036512,1.41325177055114e-05,0.360212685403021,6.25892659970688e-06,0.000122915077865192,0.000234940791066185,1
"19985",0.000106248252685938,3.20414415681581e-05,2.06710395552197e-05,0.752071903193821,0.247763343983877,2.40641432833995e-09,5.77712886556468e-06,1.25532132603024e-08,4
"19987",0.000362653077798087,0.388546302652164,2.1071578225407e-06,0.0258300572075719,0.584814033203735,1.24779085834544e-05,1.98215640484471e-05,0.000412547228276277,5
"19989",0.000191791866382735,0.10692084036697,3.1645538728578e-10,1.0897270966549e-09,2.18043909370215e-06,0.028625168008413,9.36098334561443e-07,0.864259081814623,8
"19993",0.76600739620443,0.0698810638718788,2.85494623990757e-07,0.0107616316724388,0.134847171667595,0.000353458827534748,4.33448195880224e-06,0.0181446577795393,1
"19995",0.0615099646930794,0.726489469560527,3.72134552016224e-06,0.004423436333914,0.100926830633969,0.000165174374808043,7.52969895393352e-06,0.106473873359229,2
"19997",0.000359402526569916,0.000378693234012757,1.52752878089736e-05,0.00355638376339251,0.995636264194613,2.00657523861197e-08,5.38766828371357e-05,8.42450133144898e-08,5
"19999",3.92899932606913e-05,9.73848289046106e-05,0.000428890503677595,0.0179397656249574,0.981486707920115,4.44773731369093e-10,7.95491277886905e-06,5.77153237281772e-09,5
"20002",3.45415697486063e-07,3.36543631942054e-05,0.556916967289652,0.442715874666169,0.000261315879886255,5.38001229575228e-08,1.93629092190212e-06,6.98522943564117e-05,3
"20004",1.62100681781311e-05,0.967351519635494,6.87714260114123e-05,0.00102824776474687,0.0159234204555714,5.37821891947529e-06,9.41273798769308e-07,0.0156055111572801,2
"20006",0.459615611389051,0.429479798179942,0.00153504608058881,0.00047136642295902,0.00150762428827736,0.000727359313980989,0.000104102671464317,0.106559091653737,1
"20008",0.82662846392735,0.00566988192615856,2.38957049435541e-05,3.79105962722835e-05,0.000921887722660885,0.00109648303691443,7.63772558544389e-05,0.165545099829846,1
"20010",0.550369429516679,0.325894272400959,4.34341405427168e-09,1.32447920106601e-06,0.00300136834426835,0.0369833358933625,0.000209441815950823,0.0835408232061649,1
"20012",0.00222935030391616,7.47088739423302e-05,0.00754542226640845,0.76107933734481,0.229069322007568,4.47659159202241e-09,7.57824746401907e-07,1.09690201692796e-06,4
"20015",0.00145527163943838,0.0197568915855807,1.73045127519543e-07,5.39768313557787e-09,6.06579257032385e-07,8.6361730952573e-06,2.0709037147025e-10,0.978778415372728,8
"20017",6.7116646118731e-05,0.00054495372418002,0.00134227406152211,0.00840496761214645,0.98963050713887,1.04206898291191e-09,1.01539114829714e-05,2.58636107034325e-08,5
"20019",0.00013946140356608,0.00364090273474464,1.13646585639287e-11,5.05564608076878e-10,2.82665822316556e-09,0.012440487785453,9.50827515160485e-09,0.983779135224374,8
"20022",0.00657193702321642,0.936907919964131,4.13524793321664e-09,3.49298794292034e-07,0.000370742852379682,0.0016386459327582,3.69822437902872e-06,0.0545067025690934,2
"20024",0.000147204380954465,0.00990076403779486,1.59282593809177e-08,6.44133617692415e-09,2.28337475787065e-07,0.788638126118185,0.000241376097671264,0.201072278658323,6
"20026",0.000147204380954465,0.00990076403779486,1.59282593809177e-08,6.44133617692415e-09,2.28337475787065e-07,0.788638126118185,0.000241376097671264,0.201072278658323,6
"20028",1.43439302196807e-05,7.83669736634014e-05,4.72156419574356e-05,0.0517754097168013,0.948052817086909,3.45679787819171e-09,3.18314019317116e-05,1.17917189892072e-08,5
"20030",8.86615852765607e-06,0.338150151107251,3.1461773370477e-06,5.83872264484606e-05,1.61337120076585e-05,2.06766991738982e-05,4.90423493493442e-09,0.66174263401502,8
"20033",0.000245244586225037,0.0166129396422677,1.65089917916098e-05,0.162580836720851,0.820530348271182,2.44040144682708e-07,8.58130576424135e-06,5.29644177363423e-06,5
"20035",0.000306773379449323,0.0060127178957003,4.00458240162115e-11,7.08728088246971e-10,1.42745228223654e-08,0.0250159484985936,1.95445868771771e-08,0.968664525658373,8
"20037",0.000698531379539289,0.00742818093258783,1.80007765044092e-09,1.58073941927839e-11,1.78641620102728e-08,0.00104196822489678,9.77406711926914e-09,0.990831290008862,8
"20039",2.13843743938314e-05,1.9511626398492e-06,1.09969508901603e-11,6.86513988498433e-12,3.91124739794971e-09,0.997513926775421,0.00236819848601503,9.45352724210248e-05,6
"20041",0.981194279728912,0.01451060505953,1.94926647289623e-06,1.95858971965416e-05,0.00338556341832707,0.000246090494481307,0.000374755006167819,0.000267171128912694,1
"20044",0.867872343656854,0.103237174592785,1.1299319035112e-05,0.00141120913118711,0.0203843471228103,0.00306384452747595,0.00154743629876657,0.00247234535108667,1
"20047",5.67857519959961e-06,0.00517518449974515,8.08114662672643e-12,9.00386997820112e-09,1.0507874777329e-09,0.0410786483828251,3.33998537441565e-08,0.953740445079638,8
"20050",0.435825450089514,0.00547011450983876,1.42229957430268e-10,8.17605145995426e-06,0.000901896946077985,0.54155762223465,0.00217308503904462,0.0140636549871843,6
"20052",0.0335901482566115,0.128396264710509,2.04541913812768e-07,0.0314669270993431,0.805124374361059,0.000196012279414018,0.000990378612277388,0.000235690138872226,5
"20054",0.000231325537358799,0.807819197776061,9.16177156582025e-06,1.72514948295626e-06,3.68263927408762e-05,2.56185375434846e-06,2.00264806466979e-09,0.191899199516389,2
"20056",1.45997049938324e-06,4.96599820841376e-05,1.45820440253975e-07,0.998894848141766,0.00104535972702266,2.54020321770926e-07,2.60478461501468e-07,8.01185940383657e-06,4
"20058",0.000430147609385017,0.116046585776929,5.00908606353428e-09,2.27102624692023e-10,1.50626792613861e-06,0.00636195161608694,3.56184659476052e-07,0.877159447308825,8
"20060",0.00168574046842766,0.00314401639620549,5.76916704638465e-06,0.000106008480349953,0.99502024864256,6.31679015002651e-07,3.16443377303758e-05,5.94082866517014e-06,5
"20062",0.319937133124982,0.0187108813822151,1.19038821043817e-05,6.35404821875384e-05,0.661109746403118,2.34012802301647e-06,2.13679965365968e-05,0.000143086600832733,5
"20064",0.000229144305126211,0.97631483308875,2.1209663178142e-08,4.05233290316374e-05,0.00239364927522681,3.87872614561736e-05,2.39753436948743e-07,0.0209828017773087,2
"20066",2.72552436815071e-06,0.0792352887824286,2.54381544682761e-07,3.25682724051575e-06,4.98346733513661e-07,9.97776063705269e-05,1.17609974611914e-09,0.920658197355214,8
"20068",0.0114958704697295,0.000660870250957075,0.000651014119458866,2.32422804742009e-05,0.987104105121352,1.83605952805376e-08,6.46172907806668e-05,2.62106652042309e-07,5
"20070",0.0224589180581296,0.000880585198634054,2.75616028373098e-05,1.51036893605079e-05,0.962018227632279,4.06391658850194e-06,0.0145948808936681,6.59008503429941e-07,5
"20072",0.0184919951648243,0.252718540798095,0.00458160953692166,7.73975858970629e-09,6.07875108148438e-05,3.66696405801329e-05,2.2832012185162e-07,0.724110161288884,8
"20074",6.11428545344368e-08,3.09401494322655e-08,0.00020542270513382,0.999769302989858,2.51600208964404e-05,3.05001432393762e-11,2.01963975736534e-08,1.97421000336483e-09,4
"20076",0.000311130311666284,0.0404296076515565,0.322716276700396,0.611876572644997,0.0243617025132246,7.23312008090272e-09,1.280901546119e-07,0.000304574854885195,4
"20078",0.00225600574937294,0.96614375435177,1.3473760183418e-07,2.86811484996356e-05,0.00323665001159712,0.000642569918049624,5.50877975295274e-05,0.0276371162855797,2
"20080",0.000202333407175637,0.030595518724247,8.67502172654724e-12,4.50212887551181e-09,8.73690243226789e-08,0.0114541601656504,1.81868351179506e-08,0.957747877636264,8
"20082",3.73950397711257e-06,0.000227491894269994,1.03557111918656e-12,5.55464777276405e-09,2.34452097866895e-07,0.997901962909738,0.00153613983127244,0.000330425852961296,6
"20084",0.000325479340786278,0.931100781550007,4.82201229370626e-08,0.0158451126845078,0.00130969977248216,0.00670659372072496,0.000157746249225601,0.0445545384621428,2
"20087",0.102600046541651,0.729400856846127,1.74121187095499e-05,2.1010922984714e-07,0.004445696351658,0.000289224486870639,3.7724479331556e-05,0.163208829066423,2
"20090",0.0416269789865993,0.0136185785018469,1.99622647899357e-11,3.19670457171201e-08,1.21855797082447e-06,0.16008256702364,8.98305095629175e-07,0.784669726637839,8
"20092",0.0554622431347399,0.00734575434192315,5.40899884470465e-05,4.78304678653132e-09,0.00202886104188824,0.00643067693050968,0.928583989403361,9.43803760839917e-05,7
"20096",0.0203647629017459,0.0117517995917096,7.02920686444389e-07,0.00138528343516874,0.0462857595715262,0.00513299328589689,0.915053860944406,2.48373488606677e-05,7
"20098",0.00039276853904357,0.00284976715674845,1.679407596628e-06,0.146044564054286,0.850690049414456,4.43285440978136e-07,1.95931986751982e-05,1.13494375348865e-06,5
"20101",0.000645516454989344,0.270200776389711,7.13385909186423e-10,0.000116768555943755,1.45771586496301e-05,0.0117859255926211,5.87704751152745e-07,0.717235847429949,8
"20104",4.73869635389571e-05,4.62283358259064e-05,0.00744457137513011,1.90156549474658e-05,0.00767822451947285,7.33182277538228e-06,0.984757224761102,1.65672075901154e-08,7
"20106",0.0117597280849972,0.40331516720198,3.20626015646047e-09,4.87616030529986e-05,0.000169497214189677,0.000539249836490006,2.5224486236947e-08,0.584167567628544,8
"20108",2.77224371012561e-05,0.00551695333753777,6.56451328253436e-05,0.00714711046925244,0.9872318230174,2.3545221499048e-08,9.25312863989077e-06,1.46893202208119e-06,5
"20110",0.457396400949721,0.00614571682887008,7.32810028759658e-08,0.123594015824047,0.191547910025409,0.0243279516717831,0.196816824708999,0.000171106710167027,1
"20112",0.535836576528887,0.128015641171729,7.53702674137116e-09,1.3099977319372e-05,0.00304635746617667,0.0380952561072752,3.32189351063132e-05,0.29495984227648,1
"20114",1.66387451375831e-05,0.970809538127686,1.9008076103389e-07,0.0162336038232006,0.00498782112262907,0.000258660977211856,1.62993570165708e-05,0.00767724776635706,2
"20116",5.2320489154779e-05,0.949022884460558,1.04316920036966e-05,0.00738387233504954,0.000576632186585419,3.64381891981148e-06,2.28517088306629e-08,0.0429501921660205,2
"20118",0.000514314538824703,0.675281428887145,5.81670477341426e-07,0.0346745647640417,0.289145324715799,3.13925629909008e-05,6.56862309126175e-05,0.000286706629808467,2
"20120",0.0107974188899097,0.568358939928276,4.43063789279084e-10,0.000734806035007122,0.00167285454680753,0.18183568890512,2.95606526609126e-05,0.236570730599155,2
"20122",2.88305055438906e-07,1.91021102455008e-05,5.44226264931703e-06,0.999205577540373,0.000769512948000087,5.1061986630538e-10,4.13556105123754e-08,3.49674460673723e-08,4
"20124",0.00169936434357848,0.265330578669062,5.4281475999683e-08,7.02219708457963e-10,7.82125631046002e-07,0.0081763065241839,4.2234592863729e-06,0.724788689894562,8
"20126",5.8370270691356e-05,0.00208147694974547,3.76130733377809e-08,7.58143117623652e-08,1.24350961695554e-07,0.949880274875986,0.0461911795504296,0.00178846057480042,6
"20128",1.88538484029435e-05,0.000180932324928869,3.86499245641721e-11,4.92260616475898e-11,9.73240419301714e-11,0.889315655425716,1.41629180107561e-05,0.110470395297741,6
"20141",4.07115328737382e-05,0.000929603724524476,1.18278031911305e-05,0.0161078192319756,0.214260486785541,7.27644209489359e-05,0.768576743065509,4.34354359184804e-08,7
"20143",7.38476772604198e-09,3.86133966106343e-08,2.75668520235655e-06,0.999984740842353,1.24463553533857e-05,7.52800656328212e-11,8.4923953973616e-09,1.55125173116435e-09,4
"20145",0.0117046463021472,0.846474300387897,3.45554431526634e-10,2.74279125469005e-06,0.00152949047054696,0.0141333805576196,8.04444878571886e-06,0.126147394696194,2
"20147",0.000543272733411426,0.929721796960934,3.09475616867029e-09,1.29185996315106e-06,0.000122519848771781,0.000199279087100438,1.51572757042678e-07,0.0694116848423052,2
"20149",3.85325296101789e-07,1.62609987826645e-06,2.61783995483466e-06,0.999235258196162,0.000759804408914814,4.68866304489504e-10,3.04231007385429e-07,3.42992020931674e-09,4
"20151",0.000532204591431131,0.00179814286665239,1.20615265771891e-06,0.0418254939692307,0.955834286524087,1.6638959623185e-07,6.55557739787925e-06,1.94392894737522e-06,5
"20153",0.00388526571199391,0.00261437967289486,1.31206247872865e-08,0.651399157940232,0.335317491783973,0.00153001110001544,0.00522357398215217,3.01066881143069e-05,4
"20155",0.0833178999416791,0.422402607212646,2.51111963291045e-08,2.22334889268816e-07,1.98912557034265e-05,0.000890164053196581,1.20458212820895e-07,0.493369069632476,8
"20157",5.57426034464105e-05,0.000626125139214199,1.13286361860797e-06,0.409061850924198,0.590233051608551,5.11600778578044e-07,2.04284840221473e-05,1.15677617102948e-06,5
"20160",1.16435561906851e-08,1.00643687627696e-07,3.46767315702407e-07,0.999979835577613,1.96885168175316e-05,2.7251347001034e-10,1.35491481192907e-08,3.02934854361726e-09,4
"20162",2.20434785965496e-07,8.36570701167408e-07,3.20401744375983e-06,0.996049718996406,0.003945865264856,1.51222600108827e-10,1.5341819472733e-07,1.14638951491403e-09,4
"20164",0.000803562155848644,0.000103171099565467,1.01017597393678e-06,0.956182785552502,0.0428806009536739,7.54346550567072e-07,2.5951813690437e-05,2.16390219452688e-06,4
"20166",4.41905145414684e-05,0.0467153333220211,6.67570785902807e-05,0.000361532730284579,7.16085389344331e-06,6.84622008411521e-06,2.55142569413132e-09,0.952798176729159,8
"20168",5.00143282978414e-06,0.000184888388485852,0.99811276192259,0.000357213181564177,2.80906210080253e-06,2.31091165118217e-08,3.29937733606941e-08,0.00133726990953975,3
"20170",0.000209862125089242,0.00547576090451602,6.97815388585303e-07,0.258110308418322,0.735955814722615,1.37613652384226e-06,0.00024560776691851,5.72110626641913e-07,5
"20172",0.00224358666835216,0.932503664222162,5.21986669430504e-09,5.92575222739836e-09,0.000211692449118213,0.00167409817034163,2.42592492584511e-06,0.0633645214194816,2
"20174",2.25538610665455e-05,8.5163152978127e-05,0.126858141830003,0.123095279135106,0.749935881279177,1.19781564434653e-10,2.96297600686396e-06,1.76458807544969e-08,5
"20176",6.58669873043963e-06,2.89739252650319e-05,0.999927057332698,1.42182596841263e-06,1.61453130618962e-05,4.98451137061692e-10,1.70641577092139e-08,1.97973416674716e-05,3
"20178",1.37800449924817e-08,7.63820244801056e-08,1.49644910472443e-07,0.999990450852307,9.2883671841139e-06,7.16605751174769e-10,1.5927590800316e-08,4.32933211871603e-09,4
"20181",1.60580192804476e-05,0.321079476645532,5.91067809052654e-07,0.00361047904854246,2.12080369921764e-05,4.06609203377128e-05,3.43031023865332e-09,0.675231522831196,8
"20183",0.00933403199378661,0.0716771086492069,1.89333215802016e-06,4.26527189751835e-06,0.914939563695679,6.50703883854591e-05,0.00395276746536685,2.52992035196733e-05,5
"20186",0.186334684295042,0.124615286423469,0.00320023158337543,8.35615714896612e-08,0.654131800159848,0.00027665032290055,0.0306744004363705,0.000766863217422485,5
"20188",7.40554825153591e-08,1.41130871857509e-07,2.23433955201087e-07,0.999814600031454,0.000184899684348504,5.51707608308775e-10,5.82895810724724e-08,2.82259913331552e-09,4
"20190",0.000186581406364398,0.0932063491645582,7.06836087310428e-09,9.12752969545166e-08,2.83657719764017e-06,0.000122369992637851,1.38171108267789e-09,0.906481763133873,8
"20193",0.000133028734244458,5.25419312473106e-05,0.0176161482923261,0.980813047308129,7.8340199782961e-05,1.16188566422243e-07,6.94724566029562e-08,0.00130670787324727,4
"20195",0.0043228590569445,0.00207416309306439,1.14974278701525e-06,0.812865144409104,0.180684013849945,2.45344860306691e-06,6.85362681997437e-06,4.33627727326226e-05,4
"20197",0.0380397406721969,0.755505703624538,2.67221773851616e-08,2.51642071085541e-08,0.000219404823432129,0.0011225596826894,1.20356384774435e-06,0.205111335746911,2
"20199",4.63592599590205e-05,3.06714205803966e-05,4.41448469446625e-07,0.929505479082311,0.0703678119236671,7.57956615589715e-08,4.91439838739039e-05,1.70854772884741e-08,4
"20205",0.0010092118706141,3.15228085704996e-05,2.28311572574694e-11,1.46645465851143e-09,2.1320055417412e-06,0.932609317774296,0.0663223855895535,2.54284621386259e-05,6
"20208",0.00306954808721443,0.0114170048968828,1.48435577595623e-05,0.00797516581059753,0.977498848872305,6.29159383368316e-07,9.20053086023534e-06,1.47590849964399e-05,5
"20210",1.29054049937271e-06,3.90213774203121e-06,1.25054421405225e-06,0.98558067608029,0.0144123745515276,1.16358973321946e-09,5.00635205448869e-07,4.34693185297266e-09,4
"20212",0.000273062588130308,0.00033421529491081,2.20458912151349e-06,0.852187076492434,0.147197177097092,2.45839113653227e-07,4.27689368190353e-06,1.74120551523692e-06,4
"20216",0.000138646568992341,0.900873056780907,6.64860537049008e-08,1.79519845252896e-05,0.000250850239316925,0.000106754131142835,5.15123318833243e-08,0.0986126222967301,2
"20219",0.0170518151690383,0.193778355103664,6.88623382188107e-10,3.09731746365904e-05,0.00105037225773353,0.733175255851758,0.0129850395780664,0.0419281881764799,6
"20223",0.00131398576373233,0.00215254532364955,0.000228646420636959,3.24954129006826e-11,5.17229106655346e-08,8.56117162922898e-05,5.30232610705752e-08,0.996219105997022,8
"20226",0.979627599801048,0.00162488899867697,3.75332599959654e-08,7.4892546120723e-05,0.0183590837969289,7.68808262945339e-05,2.21595461852406e-05,0.000214456951485874,1
"20230",6.17820783711225e-05,0.0425888828016019,3.63456115088952e-09,6.42166794385474e-09,6.26209937367956e-07,0.000518464646359877,5.35032629506473e-09,0.956830228857174,8
"20233",2.94281345764741e-06,3.68814495449563e-08,2.63401806660185e-09,1.82094810142988e-07,1.53699382150803e-05,0.00030574258539786,0.999675722288512,7.64140220977745e-10,7
"20235",0.178158237237488,0.143264021144966,8.70435217718556e-05,1.44692368292859e-09,1.37638847075023e-05,0.0410507189087957,0.000526481751172697,0.636899732104175,8
"20239",0.302449780875976,0.463386608645855,0.00192409914168315,4.82132403539461e-07,0.00114591595074127,0.000177583529059418,5.14277460923254e-05,0.230864101978189,2
"20254",1.15719965415578e-05,7.40283581938996e-05,1.07217645307865e-13,2.47920750711715e-10,1.93565831271939e-08,0.999121872297515,0.000310562823828909,0.000481944919309084,6
"20256",0.000458100833999589,0.737736323369116,1.23066364512807e-07,1.07124111806911e-09,3.03626616439269e-06,0.000662487444474677,5.57604043411454e-07,0.261139370344596,2
"20262",5.8407783243607e-05,0.00116942531063106,8.7227957453167e-07,0.574520220131024,0.424241362286276,1.16088662423897e-07,9.21120325253854e-06,3.84917336026376e-07,4
"20270",0.00059422912569911,0.199587956265011,0.00189923857576581,0.00285430665618015,0.00865661405423822,2.20864432667468e-05,2.53700425635088e-07,0.786385315179413,8
"20284",0.0829707975964423,0.0195932628528487,1.11059925350511e-07,1.11562579566388e-05,0.413666899197415,0.0778531588372624,0.405483129168738,0.000421485029411397,5
"20287",0.000488937230127282,0.00151233565705554,5.38674104221499e-09,3.5858530795031e-11,3.26666078843289e-09,0.000219857291972653,7.6358086305692e-10,0.997778860368003,8
"20290",0.00479397065730688,0.000597732185667497,5.0887082927803e-11,1.20663516852917e-05,0.00076870190603758,0.958317935320548,0.0353045499597015,0.000205043568166149,6
"20293",0.00012631840177276,0.995821852053064,3.63011750514119e-08,4.23882835273441e-07,0.00118187068689622,0.000178864273105171,1.22726433339714e-05,0.00267836175781755,2
"20296",0.000526643013587893,0.0423492707687217,0.0157873460457116,0.674416826958286,0.266709648021624,5.46454052252741e-09,1.39415978176079e-07,0.000210120311549757,4
"20301",7.4532926295792e-05,0.000228711473228069,7.71245082971702e-10,4.8197494217364e-07,1.80862265368661e-09,0.000543203786811967,5.11592265221677e-10,0.999153066747262,8
"20304",3.26067087023749e-06,0.00189743660875466,6.80262473639917e-12,1.54524505002208e-08,9.44826311261945e-07,0.990518918524019,0.00732795853538963,0.000251465375402088,6
"20306",0.000277451536708145,0.0607390706977899,4.78551158061737e-09,1.8607672119082e-10,9.30819508329136e-07,0.00850813060199698,8.44297912228139e-07,0.930473567074496,8
"20309",0.182986285124361,0.719079751248813,3.22862076531959e-07,4.57719254818557e-05,0.0801970221555509,0.00290691621428019,6.10337778338744e-05,0.0147228966916029,2
"20311",0.000860488780842498,0.817278601194485,4.60393331737922e-07,0.000193131625642928,0.000794704728763991,0.00072207677082112,1.17741089874926e-05,0.180138762397125,2
"20314",0.00104425444646486,0.0241827375898822,1.61185484384092e-07,0.0146644526234236,0.96004769011255,5.43440243425842e-06,4.05942712347577e-05,1.46753685264115e-05,5
"20318",3.6034419820184e-08,2.87195543431669e-06,3.27938636142313e-06,0.999942719936782,4.96310026238822e-05,5.45338409370658e-09,1.27543612860629e-08,1.44347663296849e-06,4
"20320",0.597578444939358,0.00110923662370244,5.5438923827292e-06,0.000989513651826452,0.395843445669726,0.000128406296673099,0.00430740842208488,3.80005042464834e-05,1
"20326",0.000477186793483876,0.0368704609690283,4.24390605851187e-07,0.0377837695989178,0.924685105404961,1.27710260345302e-05,0.000148734247238068,2.15475697304751e-05,5
"20328",0.231133656346967,0.00390418677154284,2.52780389410464e-06,4.94574946710678e-06,0.757294341710831,9.60062297632333e-05,0.00754865457951408,1.56808080208491e-05,5
"20330",0.913497071025507,0.0165827911222531,1.9754926884163e-07,2.23570061150371e-07,3.62262550606338e-05,0.00326697534764659,3.4326548923185e-05,0.0665821885812787,1
"20336",0.00411718193810713,0.063307998638974,2.62204123506605e-09,3.07878717467901e-07,0.0104158129642345,0.509029551619503,0.412765384190696,0.000363760147726915,6
"20338",0.00454925146216425,0.0303079908925511,8.86324601334187e-10,7.60341000205171e-05,0.000225655840392871,0.867485937552894,0.0964001023749097,0.000955026890742913,6
"20340",0.0001309237065306,0.0671195312520837,1.17954873856687e-08,4.88865417055767e-09,1.35935421324713e-07,0.00299385379812404,5.1928976077932e-08,0.929755486694723,8
"20342",0.0132632499693315,1.00914393480102e-05,1.29401276260612e-05,0.000150458247486166,2.27842888506332e-05,0.0857508222488314,0.900393109510321,0.00039654416820545,7
"20344",0.000481730633847033,0.637702303067927,1.08108492589396e-07,1.21207391821631e-07,0.000390155290221485,0.0019940856716489,2.26108906094017e-06,0.35942923493141,2
"20349",6.26939228657445e-05,0.277674355695084,5.20814178904994e-08,7.53991486553758e-10,2.79843984583044e-06,0.000635606515479831,1.54559306782722e-07,0.721624338032008,8
"20351",0.00202192001813835,0.987797286222293,6.41203547972083e-08,5.58933784344867e-05,0.00209252530079137,0.00276271799279773,5.87330559376756e-05,0.00521085991125296,2
"20353",0.799177540210503,0.0229761319292285,2.01310522189992e-09,7.82999671180432e-09,1.81778877845053e-05,0.0627089323811951,2.97288163915222e-05,0.115089478931796,1
"20357",0.00188644187539251,4.39000750899883e-05,1.5565464397044e-11,4.43800456840925e-11,5.33810790746197e-07,0.987585488125477,0.0101922613878613,0.000291374665442745,6
"20360",0.804575851621016,0.000442904895239623,0.000150710600987476,3.5100897548239e-07,1.4999892706905e-05,0.0927783648283851,0.0977480581504971,0.00428875900219229,1
"20364",0.491703898877224,0.388847598341192,7.57873957572145e-09,4.28531301822877e-06,0.00997760255213095,0.00676694484003159,7.51357736413218e-06,0.1026921489203,1
"20366",0.000767829294494896,0.00507743207045438,1.92757267510984e-09,5.43807120566804e-06,0.0024911404636898,0.341959793500796,0.649676343776336,2.20208954510857e-05,7
"20381",2.43780266618769e-06,4.61451047157819e-06,0.986407655463168,0.0113671417750081,0.00216533915759641,2.96003643290271e-10,5.27980546088339e-05,1.29404768633752e-08,3
"20391",0.599849564842395,0.13167291449814,0.198466013900521,7.79832665805413e-09,0.0078937603155397,0.00157175551569415,0.028371655906292,0.0321743272230909,1
"20394",0.0195186357927572,0.00139237053689794,0.00135366312249402,0.000468384603958113,0.97716209325947,2.24852250198293e-08,0.000103939645035018,8.90554162549669e-07,5
"20396",3.92434580354112e-05,7.16709788556368e-06,0.697555688197945,0.00619566196717488,0.296195928429597,2.59602273285684e-11,6.30734867004502e-06,3.47473236889041e-09,3
"20409",0.00013546152363654,0.80779300882266,1.47846574000956e-06,0.0953113710730709,0.0699557540895556,0.000357575763077763,3.22258974587033e-05,0.0264131243648003,2
"20411",0.0408736196685308,0.389481244258389,2.10719385599805e-09,5.30743609201587e-10,2.43752511030925e-05,0.364868788730302,0.000382915177109065,0.204369054276628,2
"20416",1.77671006685416e-05,5.62350119658456e-05,2.99425045291133e-12,6.2787057666765e-13,1.29950050430751e-10,0.989656599537672,2.87174319129209e-05,0.0102406807842082,6
"20418",4.49256946324276e-06,6.82050419473599e-06,0.751901514221374,0.0336118487309579,0.214472911372305,1.48320893189249e-11,2.40958026802424e-06,3.00660550660119e-09,3
"20420",3.87855830275632e-05,7.00804812049152e-06,1.15820635914571e-08,6.03812617530045e-06,0.000626359905637039,0.00183799599624892,0.997483790090771,1.0667955734892e-08,7
"20422",0.036535640317478,0.035927565295973,8.9644050261235e-09,1.77008917305538e-05,5.89752162759327e-05,0.0015442000403694,4.13434079347436e-08,0.92591586793036,8
"20424",0.155170196295224,0.320472777898153,1.09421459149235e-09,2.29907723708944e-09,1.92079834351339e-05,0.200945541021981,6.77173860320744e-05,0.323324556021883,8
"20426",4.96785299019835e-05,6.7493599707582e-07,1.29645537585258e-10,0.00016526251981193,4.57963270729062e-06,0.603915518623017,0.395862341531104,1.94409781525968e-06,6
"20428",0.0724252987406604,0.897926000759427,0.000725490669462895,1.80334446471431e-06,0.00468895573204455,2.25531938489777e-06,6.14890966146128e-07,0.024229580543589,2
"20431",0.370939102473474,0.0178762216895821,4.66098449673848e-07,0.0820122277720094,0.524481530671215,0.00231534945797663,0.000470086274978489,0.00190501556231496,5
"20433",0.000123021729606862,0.00376020117880535,2.13245467150121e-05,5.68431860246135e-10,2.76132112829453e-08,7.41373957959079e-06,1.86514967307849e-09,0.9960880087585,8
"20436",1.92707956296211e-05,0.00138453121162478,0.99698498246225,2.04851040208897e-06,5.03639574949462e-06,1.11404077740346e-08,1.75626417639793e-08,0.00160410192129442,3
"20439",2.58701815954398e-05,3.51209780420808e-05,0.207670841330414,0.128866758747052,0.663395496807043,6.26191656290472e-11,5.89794240765608e-06,1.39508266653345e-08,5
"20441",0.0163696555441781,0.000360957242020214,6.74322124576795e-11,7.42266669727202e-08,9.52164926093778e-06,0.936502148964078,0.0466795913799066,7.80509264567043e-05,6
"20444",2.31732253044821e-08,1.12339359647003e-07,7.6307647883666e-07,0.999901456452822,9.76220976402868e-05,1.17137274168706e-10,2.16460827367518e-08,1.09725333895953e-09,4
"20448",0.000101674138256759,0.0636519586082882,9.91334227676122e-05,0.139453313518843,0.794011642005102,0.000142504006369043,0.00232752901712464,0.000212245283249153,5
"20536",0.0040577736231123,0.00145513726601698,0.828938926779584,3.50396520451194e-06,0.165519246720577,3.60805949803016e-09,2.39019795284782e-05,1.5060579168132e-06,3
"20538",0.000176908052086848,0.702587531123201,1.23045299169896e-06,2.36652241004832e-07,0.00657823803395827,0.0988885638979811,0.189186579172392,0.00258071261514793,2
"20541",0.00255799308798634,0.0213798909460419,6.93907764126251e-12,7.22807242512993e-10,1.62261013684223e-07,0.362642709704005,3.73299864800364e-06,0.613415510272559,8
