"","V1","V2","V3","V4","V5","V6","V7","V8","V9","V10","result$classification"
"19811",2.00377268806535e-10,0.908000262195338,4.2143697257747e-07,0.0700020354544141,0.000133021312934656,0.000238231086020115,1.08185029829966e-05,8.92940631755582e-10,1.82119508647202e-05,0.0215969969671549,2
"19813",1.35103225957414e-12,6.24765212771863e-05,1.31282789707927e-08,8.47671029071497e-08,1.92438439551784e-07,4.72459081612182e-08,2.82100422057111e-08,4.6031474597305e-09,2.94049865694846e-09,0.999937150143954,10
"19815",1.60846265520723e-05,0.963857280297494,0.000130932040502851,0.0250071486689669,0.0026125152551846,0.00752945899769268,0.000846320750492305,1.63295158346992e-09,5.12640675102582e-08,2.0646609510057e-07,2
"19817",2.33408641319906e-07,0.57529495858035,4.59928608530966e-06,0.417147127277582,0.00467733932834415,0.00274356623621621,0.000113317483206392,2.64305960052546e-10,1.62128701413095e-05,2.6452651270426e-06,2
"19819",0.722480703258901,1.12182760701088e-06,0.21039017818436,3.31952897082375e-07,0.0607802903889627,1.51631447136545e-05,4.83291153385839e-05,0.00628387484399272,7.27341783307777e-09,9.80958898340053e-12,1
"19821",4.5874778807434e-09,0.352268187047583,5.91074299097856e-05,0.628992745739703,0.00443542618767374,0.000211257176009016,6.29281339988079e-07,9.72083722790412e-08,0.001916578918755,0.012115966423176,4
"19823",0.00112935369122045,0.214104066269734,9.24687467985974e-06,0.0586765308188317,0.0013648302683927,0.00014667790820638,0.724567290634146,5.59251260261591e-09,1.70167231713489e-06,2.96269958180789e-07,7
"19825",2.21641826908694e-05,3.16904542229146e-05,0.00334771970914449,0.00158924980892391,0.00496547254354976,0.00204978415850397,1.9888605236991e-06,0.281080156628681,0.705932331813967,0.000979441839792387,9
"19827",6.47124400176051e-07,0.00376881817680328,1.02291729805127e-06,0.983542958657387,0.00152298191697331,8.39882730106286e-06,4.71532356397053e-05,1.33500986607809e-08,0.0111079803457461,2.54483522661537e-08,4
"19829",3.75667124408107e-05,1.24084221645816e-05,0.030334423251851,0.000372996425737659,0.965953081824942,0.000143535060452637,2.36243883805939e-08,0.00226131559473866,0.000884344480942046,3.04602342636325e-07,5
"19831",0.124444782398707,4.994924387604e-05,0.126621250242464,8.02987897714055e-07,0.729504470720852,2.7748459767734e-05,0.00263662656251314,0.016714270539287,1.5468303406787e-08,8.3376331622143e-08,5
"19833",0.0845335278354522,7.87057272245695e-08,4.58234274698187e-07,1.23587798178079e-07,4.24926540088636e-07,0.00302662356947617,0.911448873254815,0.000975125335658555,1.42315533505677e-05,5.32996906944887e-07,7
"19835",4.5874778807434e-09,0.352268187047583,5.91074299097856e-05,0.628992745739703,0.00443542618767374,0.000211257176009016,6.29281339988079e-07,9.72083722790412e-08,0.001916578918755,0.012115966423176,4
"19837",1.39681130159065e-07,0.0426819582136215,9.19417142316801e-06,0.937368687404059,0.0190464492455289,2.24428850647918e-05,7.54911208072871e-06,4.38826479545184e-09,0.000863070486723747,5.0441210313596e-07,4
"19839",2.47174661206281e-06,0.000173685950687425,0.0312021103694865,0.000662316907422508,0.448840982202253,0.000588441833997196,2.10461126285258e-07,0.510147942515122,0.00799006432000746,0.000391773693286102,8
"19841",1.43525174828235e-10,8.57044375798776e-09,1.77682601664606e-08,9.73754314162303e-05,6.89880634313317e-07,7.24590872678101e-09,1.81222706579114e-10,3.56051284800561e-05,0.999861204033722,5.09161638662906e-06,9
"19843",1.24388423692021e-05,5.98613461689314e-05,0.666872902910882,9.14995940032144e-09,0.00610382975379581,0.000913590017530871,1.94429092351081e-07,0.319493050467144,1.34300758118652e-09,0.00654412174005001,3
"19845",5.75053556210646e-11,0.185803567154007,6.62549591809863e-08,0.00103040243327925,2.3578635277393e-06,1.35083792392209e-05,1.06986712871254e-05,2.09589759695064e-10,3.02605541613761e-07,0.813139096371064,10
"19847",3.01467949408253e-07,0.992646154896687,0.000158033516070351,0.00222125363984284,0.00320024325388242,0.00101524090111473,9.39450829825116e-05,2.26459779291151e-08,3.6253826157062e-08,0.000664768341666561,2
"19849",2.39976230821357e-13,0.000119321873675593,1.12239878526218e-09,3.66713752584916e-07,1.56931827492456e-08,7.04363009866578e-09,3.32405891131496e-08,3.68799407653997e-10,6.24934782882883e-09,0.999880247694384,10
"19851",9.04692136679968e-08,0.93741554541621,1.35825920660822e-06,0.0618368843523837,0.000258384493054483,0.000246372559270133,0.000236934174777893,2.88811928494406e-11,2.34098064652978e-07,4.19614893804101e-06,2
"19853",4.80475814458507e-08,0.805393107939986,6.62450841281962e-09,0.0933469978120259,4.54649353471657e-06,1.90338413770088e-05,0.0933750063884087,1.44322268173088e-11,9.03601392055e-06,0.0078522168242254,2
"19855",9.45093630833507e-09,0.376232717471435,3.92516053786062e-08,0.622093758998219,0.000269153913025613,8.07962873885145e-05,0.000542055707332427,1.87370114945926e-11,0.000164976634866204,0.00061649226645484,4
"19857",2.51742915923674e-08,0.372457198284683,0.000271861714733256,0.306679725268081,0.299781486774796,0.00554130573130548,3.2435432092725e-06,6.13506069055817e-07,0.00195614598886569,0.0133083940139657,2
"19859",2.44207381456756e-06,0.185390701840054,1.85674219888959e-05,0.752761233492338,0.0586313594197396,0.00200721053005139,0.000490167394135871,2.70934041770035e-08,0.000693961476347842,4.32925812542087e-06,4
"19861",3.99995752300836e-10,0.965135277023708,2.97781308421202e-07,0.00597656178043177,3.32827707698212e-05,2.17411227244748e-05,3.50451550363267e-05,1.5560561818116e-10,1.69040114040915e-07,0.028797624770306,2
"19863",3.50054134654502e-13,1.52797242278302e-06,1.93200247026443e-10,1.85097651078266e-05,1.28390323832788e-08,4.4000976294697e-08,9.34555505511444e-09,3.75344278987369e-07,0.0070323983533355,0.992947122185741,10
"19865",3.46320917774713e-10,1.62941262340369e-05,1.514376404744e-08,0.0942949632300636,1.14759296856066e-05,4.54026050331342e-06,1.38298786779008e-08,2.78855323234656e-08,0.905672181835449,4.87412568963151e-07,9
"19867",3.07025904661493e-08,0.998319977753591,1.90294500030775e-05,0.000923688604185628,9.20002342354402e-05,0.000241510998497709,2.8179983312883e-05,5.2718395217638e-10,2.20860198804387e-09,0.000375579537797608,2
"19869",5.59493403738905e-13,0.00560972656878285,1.24344661631255e-09,0.00035438846676644,2.36263459406911e-07,7.74690831692574e-08,2.85028485192537e-07,6.05744168167557e-11,2.30383488400819e-06,0.994032981063958,10
"19871",2.46390678098405e-06,0.03473105651628,2.61722620470597e-05,0.830088554412278,0.133114283434756,0.000441822923478564,6.90676539556469e-05,1.66532627349686e-08,0.00152626317522154,2.99061939600114e-07,4
"19874",2.29685612949608e-08,0.00263952227260562,3.73747778004077e-08,0.924406814989589,5.40727439943462e-05,0.000161732154909072,1.62781114462438e-05,4.44075785633147e-09,0.0727208775879861,6.37355372524257e-07,4
"19876",9.93263795817444e-11,0.0138603653073939,3.69005425648018e-09,0.978114872368255,1.68219759364711e-05,2.03853768560552e-06,2.15981063558999e-06,3.84476039463311e-11,0.00795557568495932,4.81624873053365e-05,4
"19878",8.05152483869743e-06,0.00061421010749999,0.00188120077677922,1.08884073477496e-05,2.62386218263452e-05,0.997413864295662,6.41260916694877e-07,4.40668544844933e-05,9.24266133996223e-08,7.45724031283237e-07,6
"19880",1.43049929907465e-11,8.41913975669608e-06,1.56213551660823e-10,0.0614245529390282,7.17359504444638e-07,4.8414579686586e-08,3.79506253595415e-08,1.08366842016715e-09,0.938560185702522,6.03723979636073e-06,9
"19882",2.16983339416434e-09,0.802665086810865,5.15773610586681e-07,0.0466631397764993,1.62240235935213e-05,0.00168944063230274,0.000103597977333103,2.01331221180552e-09,3.49663205531333e-05,0.148827024502098,2
"19885",4.6397253606347e-07,0.600800022082577,0.000512638032496755,0.249919528739026,0.142661736695675,0.00608234329169675,5.70044486646845e-06,1.56614577685803e-08,1.41697433805884e-05,3.3813362874638e-06,2
"19907",6.16803411565287e-09,0.986895430065433,7.31457264740643e-06,0.00302931974916966,3.69341333332849e-05,0.000553800857521763,1.08151599102138e-05,4.0586312796172e-10,4.2836411317689e-08,0.00946633605167621,2
"19909",3.67304521538212e-06,0.00131716858032566,0.074796184648744,2.95963337017321e-05,0.923781822400035,3.66552230298296e-06,1.40464452375373e-07,5.33184621169171e-05,4.51611022050691e-08,1.43853820037149e-05,5
"19911",3.10423224850651e-05,0.000135434653367336,0.00638091655267568,0.0011467250429693,0.990231882758803,5.08567569811564e-05,3.74212766029422e-06,0.00135256684046095,0.00066613322179201,6.99722805540599e-07,5
"19913",1.20409158523901e-10,7.48117576461352e-09,1.85326042457929e-10,0.000405194090391271,1.37493572621553e-07,7.07115501853991e-09,3.48053568062245e-09,1.58249136161937e-07,0.99959445464463,3.71836681754072e-08,9
"19915",8.58346489774372e-09,0.00392786589370475,2.31251153362577e-08,0.987587329085838,5.09193228333898e-05,2.12601531342289e-05,6.77277699759202e-06,1.67766300259112e-10,0.00840569489515807,1.25995986893854e-07,4
"19917",1.46455687160692e-08,0.000204232169834021,2.4387841046969e-07,0.250663817661177,0.000456118493988398,4.07952299129367e-05,1.52756391036882e-06,7.64494106382255e-07,0.748631461014114,1.02484897707141e-06,9
"19919",2.36445977133819e-07,0.017204759488234,1.20797258076822e-06,0.975283180290712,0.00202819526864897,0.00151000953449864,2.56080056294386e-05,4.5444454472612e-09,0.00394667728335411,1.2116591939077e-07,4
"19921",2.27421807679309e-08,0.990811432224039,5.56896953634779e-06,0.0083075856385683,0.000318814854320927,0.000497167812200109,3.20560489639932e-05,8.20063434702924e-11,2.16161220764555e-08,2.7330012062123e-05,2
"19923",9.24304669688526e-05,0.158863059316635,0.00145254714999192,8.85337891306541e-05,0.000175325813274865,0.838545902186318,0.000776879827561822,6.89808675831966e-07,1.65187579161044e-09,4.62998956661246e-06,6
"19925",1.08794914479852e-08,0.000666773794032382,4.86656428883962e-08,0.796290888413655,7.40563756004394e-05,7.48755880172029e-05,2.30401040423207e-06,7.3501982983474e-09,0.202890861605214,1.73317744127198e-07,4
"19927",6.54644491069277e-08,0.77838972523238,1.3515994791703e-06,0.219853675076814,0.00144725976286835,0.000114992948984207,0.000180273262730338,5.1572092221625e-11,2.82891697762468e-06,9.82768374404727e-06,2
"19929",5.69554745088729e-13,1.89857624188139e-06,2.32768743544229e-10,0.000549715440702589,1.00537665453671e-07,1.09781056437277e-08,1.15436774429594e-08,6.17809186015381e-07,0.698457132144379,0.300990512736704,9
"19931",2.69116401036921e-06,0.481702645963581,3.9247225292265e-05,0.507244789517826,0.010082136139966,0.000647558496680816,0.0002608468656486,5.53676144037029e-09,1.982907702119e-05,2.5001321227995e-07,4
"19933",0.000181317245887609,0.0136337108533075,0.0443301174677806,0.0188343412018119,0.922920922151786,7.46616741238557e-05,6.31958609227497e-06,1.00793160444285e-05,8.5031711593775e-06,2.73320066574707e-08,5
"19935",3.56304719138646e-07,0.772217269114223,0.0165590090060289,0.0963394773271661,0.107113306170106,0.00742169034658816,1.28592629570477e-06,8.32064247163508e-06,4.57145922430005e-05,0.000293570570159161,2
"19937",3.36733444635559e-06,0.955939411840229,1.45942909364078e-05,0.0409227579959342,0.00113526110354185,0.000960542165832809,0.00102360491235335,1.28650625795911e-10,7.21256061728602e-08,3.88102469394719e-07,2
"19939",2.65004254526536e-06,0.359458063902236,4.72827216495854e-05,0.310254036722798,0.00135473894793754,0.328788486825089,5.45801151615197e-05,3.78637200029931e-09,3.84982880577611e-05,1.65864815291447e-06,2
"19941",4.8614211913083e-06,0.00011335587193523,0.0218313476269742,0.00168304797493189,0.88177258417215,3.36058125015614e-06,4.23987264752488e-07,0.0847745158529005,0.00977598590324577,4.05166081560479e-05,5
"19943",3.56099707152686e-09,2.14053827024525e-06,1.99515545907613e-09,0.0421783643819982,4.88392334820496e-06,1.04257463041111e-06,2.02835020823386e-07,1.10724387901234e-08,0.957813323015355,2.61027860543826e-08,9
"19945",0.000616279617721527,0.0154783838395206,0.124828389557942,0.00142898239259596,0.855064302022957,0.00246989772359085,2.75050536294357e-05,8.59115527874644e-05,3.34268254910649e-07,1.3971000114157e-08,5
"19947",5.60357688397181e-06,0.000172987976660204,0.000792277398758234,0.0102722664799691,0.547741560120024,0.000160621787626586,4.76081617251738e-06,0.00182565733702244,0.430702675081186,0.00832158942569635,5
"19949",0.000908833691024137,0.121641931710804,0.0254536958627013,0.000547292063440182,0.00201692051053221,0.849289907125266,0.000138964682511123,2.36632410201212e-06,9.27213026231218e-09,7.87574893571275e-08,6
"19951",4.48445707310175e-07,0.00897843903957837,1.9982060264917e-05,0.835202518851077,0.00111944731392745,0.0451274504593583,5.86165714394556e-06,2.43165282545603e-06,0.109541531874755,1.88864536269649e-06,4
"19953",0.872092534084012,0.000616496329885485,0.0794492864668886,1.8812974995388e-06,0.0155860608278496,0.00070884800257764,0.031430398002099,0.000114491940085266,3.31730970985536e-10,2.71737245853673e-09,1
"19955",0.0210221791032342,0.00193266037295911,0.196107025647603,1.05091013299885e-05,0.427037124843131,0.33996278659255,0.00145277675986461,0.0124720825021745,9.86102396697056e-08,2.75646691385991e-06,5
"19957",3.70579212457603e-05,0.00186661107155279,3.51965816519904e-06,0.487223816595214,0.0827531689812728,0.000227897249684796,0.00668619039306938,2.76688553111158e-06,0.42119172442704,7.24681722412533e-06,4
"19960",5.34197890456862e-05,0.000125724268618589,0.22079616478985,9.97970570553198e-05,0.770583717368009,0.00575183157897075,7.42425879890738e-08,0.00253970297351857,3.76942126328827e-05,1.18737197112213e-05,5
"19963",0.000966205407501192,1.11889361280707e-06,6.359684438684e-07,0.000944598646245007,4.80399491778399e-05,8.55909420975368e-07,0.0491730488562442,0.0093438778093084,0.939516750992021,4.86756802469092e-06,9
"19965",0.000152044037799981,0.000238713557653845,0.89296594635822,7.56138759102701e-08,0.0183823692464545,0.0784913551679481,4.62066184659584e-07,0.00975949822700823,3.08543929115528e-10,9.53541631086922e-06,3
"19968",9.85174076436434e-11,0.000962475235808903,3.58771224711962e-05,0.0403168862909054,0.00161282362509114,1.34440680359199e-05,1.3500546028277e-09,0.000101850648185969,0.690105454021532,0.266851187539397,9
"19971",0.000140839678362343,3.80771962423383e-09,1.29260862444981e-06,6.0071917383881e-05,2.96227897269836e-05,1.13734873969366e-05,2.8767028600056e-06,0.00272967929007821,0.997024224331147,1.53867006602121e-08,9
"19973",5.41988318596431e-09,0.300313311371446,2.68962597030788e-06,0.697343775111051,0.00192919702614067,0.000265825246459013,3.30531727217972e-06,5.39152206527612e-10,0.000127877669128293,1.40126734968348e-05,4
"19975",4.26180947174391e-10,0.000644054125131513,2.52203721519002e-07,0.444042988280117,0.000323990211096064,3.50619223665018e-05,3.88008870747791e-08,1.01682298722174e-07,0.554939026349083,1.44859991175094e-05,9
"19977",4.68384471712606e-07,4.52825208170489e-06,2.11573540173115e-07,0.00243276488107995,8.17712836667365e-06,0.000428330641993291,1.13015081757362e-05,0.000198230473520605,0.99689698412243,1.90030343404971e-05,9
"19979",0.00462205290032915,4.6394464834817e-08,0.771893806228282,8.52406690697476e-08,0.121664519529843,1.25819568647895e-05,5.25082735310906e-09,0.101806795409543,1.0705578417912e-07,3.33926898184918e-11,3
"19981",2.80343346269233e-07,0.403922396588032,0.000331364512790532,0.0434280727127807,0.551809320700996,0.000220604804090481,3.3467676999599e-05,7.26901266447188e-08,6.993545710552e-06,0.000247426425127501,5
"19983",2.5049908624294e-06,0.759297118429365,0.0015333765892723,0.00670265060625475,0.113831885252086,0.118450951540521,5.16342071128102e-05,4.83346031180927e-08,2.45116468669548e-07,0.000129584933454123,2
"19985",3.84171567543076e-10,0.00266728130014662,5.30743902972628e-09,0.917300429278485,2.6809723874871e-05,2.88982107598129e-05,1.72638236553681e-06,3.81073183110115e-10,0.0799681085646194,6.74046706552325e-06,4
"19987",5.60256107395508e-06,0.0399205105165989,0.00110910379093577,0.526506952421734,0.430934407385284,8.71023088721129e-05,8.4729444302004e-06,1.14717310777446e-06,0.00142611093595781,5.89962005675129e-07,4
"19989",0.0117516612191726,3.36456645898958e-06,0.976251239106523,1.71710351169338e-08,0.0108682997238416,3.0518977059262e-05,1.92412106510557e-07,0.00109470679227469,1.29814010518906e-11,1.85472034536468e-11,3
"19993",0.000160001179465793,0.017837785729441,0.0289786601974607,0.120534751892289,0.0354389384176976,0.796355751680927,1.55348330095935e-06,3.08412654507175e-05,0.000661645126829742,7.10271377861421e-08,6
"19995",0.000103498984662752,0.0416560184736084,0.238009950854256,0.0582397186851167,0.615053221752927,0.0455219623632631,4.66495061518883e-06,0.000972722581561887,0.000436631235996811,1.61011799261015e-06,5
"19997",1.2110839752782e-08,0.24425201825904,4.20492032687391e-07,0.754906727274514,0.000414207264963194,0.000123936635863976,5.22830740873072e-05,7.45775868865075e-10,0.000239488630102859,1.09055127796672e-05,4
"19999",1.50318895253803e-10,0.0900986722927936,1.67701168046653e-08,0.907954579653931,0.000102972528269037,8.68384908783372e-06,4.99321628785037e-06,4.14436206343651e-11,0.00150481648550198,0.000325265012249754,4
"20002",8.38731601729565e-09,1.21527676513393e-05,2.0395471722144e-06,0.000630754213490825,1.26028991507211e-05,4.70889585705986e-08,7.39014497248818e-07,0.010566381773452,0.661466665543619,0.327308608764692,9
"20004",2.87036147922042e-06,0.00483868888071478,0.0338591592144415,0.00584732086460868,0.95496479079449,3.0122773299696e-06,5.07674976110602e-07,0.00032221564801474,0.00012901850168336,3.24157822619001e-05,5
"20006",0.000308814401616939,0.00156519221472971,0.0564744873374719,0.000212978920632678,0.450778650381474,0.483579683200032,5.0076430620072e-05,0.00625288039046728,9.56427838683605e-05,0.000681593939086554,6
"20008",0.000655342830723354,0.00310848052094439,0.093534025817639,0.000106735754716927,0.00164074145412088,0.844763118402869,6.02554468052599e-05,0.0561153409618559,5.77061635874931e-06,1.01881939663857e-05,6
"20010",0.0343362130872408,0.00597814343011105,0.325687885239308,0.00018305193633537,0.167938951638393,0.465637731936363,0.00012805594593833,0.00010993365729028,3.23636170690724e-08,7.65403505529372e-10,6
"20012",1.15162704442708e-09,0.0122207542740993,6.77861166916939e-07,0.73618097604047,5.73500490395801e-05,0.00146477429149047,3.57270149427807e-07,5.80983108179463e-08,0.243105233038293,0.00696981792535332,4
"20015",3.39971350973165e-06,2.58202320698209e-06,0.98888124090916,1.36993146068167e-08,0.0041708784172521,0.000743210518274606,5.54665600160191e-11,0.00619863158772712,3.78495584601944e-10,4.26975929594649e-08,3
"20017",5.47130469371215e-10,0.208696687630094,1.39412578169003e-07,0.787812283565417,0.000927185721159766,2.12764698285014e-05,9.29182884727148e-06,1.58147726376653e-10,0.000959852883953018,0.00157328178284407,4
"20019",0.0189595615725564,1.0154962690061e-08,0.909191907189273,3.89982930657467e-10,0.00267638461561304,0.000340654470978917,7.14645997505928e-09,0.0688314743529368,1.04314152872304e-10,2.92165398833618e-12,3
"20022",0.00136954314639313,0.000553218765484403,0.23761827386775,2.37645960409018e-05,0.756648245958487,0.0037235327920195,1.86530969024279e-06,6.15442976821277e-05,1.04658282977007e-08,8.00624779332707e-10,5
"20024",0.851128117135662,6.50491398743552e-07,0.125646658218878,7.35552338341203e-09,0.00372061592335559,8.84583902560819e-05,0.000161084122402061,0.0192544049473403,6.86184297697145e-10,2.72899966381692e-09,1
"20026",0.851128117135662,6.50491398743552e-07,0.125646658218878,7.35552338341203e-09,0.00372061592335559,8.84583902560819e-05,0.000161084122402061,0.0192544049473403,6.86184297697145e-10,2.72899966381692e-09,1
"20028",7.68064537721222e-10,0.0297993901308541,1.46027538396015e-08,0.967321650519145,4.38712370719322e-05,1.77332850999338e-06,1.29823102368335e-05,1.4058614345127e-10,0.00280321292737063,1.7104035407331e-05,4
"20030",1.2666911847591e-05,6.97190948677006e-06,0.442832131741087,1.06898549977045e-05,0.371476837340704,4.15180236641621e-06,2.31951413185034e-09,0.185632457263539,2.27105030304487e-05,1.38035342731599e-06,3
"20033",4.8435417051187e-08,0.0149410838634054,5.65594247565152e-06,0.965703534997058,0.0115328379383406,4.64573462976832e-05,2.0327893608524e-06,1.53180067303883e-08,0.00776445641002952,3.87695960835136e-06,4
"20035",0.0260121550034851,3.13483185543361e-08,0.962892506905601,9.74421652159525e-10,0.00239732450367498,0.000460102020553038,9.0037664007433e-09,0.0082378701617145,7.14322857036557e-11,7.03225805794185e-12,3
"20037",0.000579179249245443,1.96381285701885e-07,0.991512586793833,9.3943557908646e-11,0.00102213433030018,0.000347657239204377,3.0994190012331e-09,0.00653824255588816,5.62400407927037e-13,2.56317779796604e-10,3
"20039",0.998508500299548,9.33653782024344e-09,4.98048581988645e-05,3.95086858063495e-11,2.10354551107833e-07,1.33316139709783e-05,0.00142654586991199,1.59762659089401e-06,2.23976620794983e-13,9.5790832375689e-13,1
"20041",0.000102459271702352,0.00253227256991531,0.000347315096750835,0.000268568627683399,0.00997185181934297,0.986618268873002,0.000157318463875728,6.55206355948018e-07,8.14929798759763e-07,4.75141572901246e-07,6
"20044",0.00118322323413197,0.00424381819462896,0.0021463936985476,0.00460420808414934,0.0787129016708962,0.908446557870918,0.000562986554440184,7.1573793794661e-06,9.00239137789694e-05,2.72939912972776e-06,6
"20047",0.049268011721962,7.93250484697284e-10,0.278329739852692,4.70339152727791e-10,0.00489361128548056,1.09292016745054e-05,2.06116218791563e-08,0.667497682851149,3.21026486701899e-09,1.56580973297627e-12,8
"20050",0.415394682342269,0.000344257107542665,0.0167014812973656,0.000177293133106953,0.00161452281811113,0.564591776717913,0.0011340318410059,4.17092884871091e-05,2.45437707027858e-07,1.6490983714403e-11,6
"20052",9.31971045132616e-05,0.0673830858494784,0.000422816674347436,0.780620755628616,0.132612587660204,0.0169971279269903,0.000494804984325146,1.47686466351249e-06,0.00137410220541587,4.51014459527938e-08,4
"20054",1.18546729846443e-06,4.60870184939417e-05,0.31539590578405,3.66457639351278e-06,0.682644610251004,0.000101324781569958,6.73645493202451e-10,0.00180335002609316,2.10665503719424e-07,3.6607559478393e-06,5
"20056",1.28405546612601e-07,1.07810082790114e-05,1.9821629820841e-06,0.0476327286451603,9.42887693891552e-05,1.38454502707413e-06,1.93053255184441e-07,1.61132760483714e-05,0.95224231053318,8.96011318846382e-08,9
"20058",0.00205785664345456,4.98415414785109e-06,0.987901428507924,4.15937441747114e-09,0.00917479623823513,5.19736120633059e-05,6.02927617950439e-08,0.00080889608876993,2.25197410150342e-12,3.01017096913157e-10,3
"20060",5.35117325248257e-07,0.82100110205954,8.25786013824707e-05,0.176468864652602,0.00187625417459858,0.000532738966874516,3.06569466420928e-05,3.01705161803689e-09,3.6135683225798e-06,3.6528956614618e-06,2
"20062",1.09188374613407e-06,0.823437543889569,0.000915150599276272,0.0440416685567984,0.00669753831754089,0.124889989534449,1.11610316069878e-05,6.36582791033841e-08,1.31163930393016e-06,4.48088942978563e-06,2
"20064",2.27614871210889e-05,0.000684125908462556,0.0627776320643266,0.000761074513985099,0.935610426910952,8.49028685677977e-05,1.0010891950133e-07,5.69360887156002e-05,2.0349592216415e-06,5.08972776436816e-09,5
"20066",9.75348248043113e-05,2.68396115039082e-07,0.736223085811929,4.04235213201567e-07,0.100551850143726,2.79614269869521e-06,6.98518523475283e-10,0.163121908769423,2.00885556386546e-06,1.42122007927829e-07,3
"20068",4.55309255227473e-09,0.977181053265049,1.31780947597072e-06,0.0210163617661875,0.00015561160124934,0.00139312040785413,2.50585460644727e-05,7.48894424884026e-11,2.95461685874224e-07,0.000227176514452015,2
"20070",1.39890842927674e-06,0.969989964687407,2.63789754892645e-06,0.0194319417026006,0.000171204673982054,0.00295229746662152,0.00744409900982399,6.06043281206077e-10,1.42240794149769e-07,6.3128067498134e-06,2
"20072",9.54166903228955e-06,0.000754281713349327,0.968817732680306,1.08421530597593e-07,0.0245810409063678,0.00293151683861817,4.9980888476795e-08,0.00176502406147967,2.21132406757336e-10,0.00114070350729594,3
"20074",2.02521559133871e-12,6.38352835335154e-08,2.49418368917423e-11,0.000392411213930138,1.82079580958498e-08,1.49743689470031e-08,3.63940529288302e-09,5.3514214781146e-08,0.999539829506534,6.76050813381086e-05,9
"20076",1.96308189951303e-09,0.00305232852762202,0.000128975733711942,0.0567964105774087,0.0879553306945105,0.000160149315998707,6.18842315143245e-08,0.000201104721859849,0.467977188565994,0.383728448015581,9
"20078",0.000449718552567419,0.00250877919042393,0.0588324224569785,0.000530402895983885,0.93617542039329,0.000965459848809242,3.50174568268496e-05,0.000501146649339889,1.59757660994533e-06,3.49791701830057e-08,5
"20080",0.00942837636999654,9.12238053219661e-08,0.96985349819046,8.92986459031279e-09,0.0134606933592958,0.000207395290376533,6.8938844329782e-09,0.00704992944666774,2.94515401493008e-10,1.13377732835879e-12,3
"20082",0.998877637434552,6.23515894090835e-08,0.000222871889093431,2.42694732413033e-08,6.82470548587079e-05,1.90073996994614e-06,0.000823094221968781,6.16184264212012e-06,1.95776557055927e-10,7.56320291877574e-14,1
"20084",0.00204064708188474,4.08276723033425e-05,0.00920094996914271,0.0017017999267279,0.976685780108937,0.0001158011237856,4.35031900895123e-05,0.00847942449203159,0.00169126114478428,5.29031364319491e-09,5
"20087",0.000190114848777664,0.0523309990400327,0.688484737138463,4.37632335094067e-05,0.227796151671087,0.0302924948939457,2.43428854362857e-05,0.000831765190812808,5.69221085755794e-09,5.62540572415864e-06,3
"20090",0.134733536301382,1.35135142376036e-06,0.782035902328371,1.2753046966179e-07,0.00455486487285171,0.0757544843899065,3.70325263602218e-07,0.00291936122657857,1.67124683174669e-09,2.50593987352502e-12,3
"20092",0.00546343578222278,0.0411591887758322,0.000408935881331938,4.09724705925657e-06,0.00181571634009996,0.0148887355712109,0.936243629106472,4.1596867987008e-07,7.22278117082284e-11,1.58452548629128e-05,7
"20096",0.00387129354301309,0.013945161171959,2.69017626172243e-05,0.0185594828821964,0.0155379269376784,0.0139475634055468,0.934010381960301,2.50336566246622e-06,9.85895984727311e-05,1.95372552728965e-07,7
"20098",7.10372417610433e-08,0.00849731755605806,9.45641130124183e-07,0.985712586533867,0.00131985705730427,6.88776129687683e-05,3.64508701241186e-06,1.48970668692508e-09,0.00439644031315285,2.5767155756289e-07,4
"20101",0.011234095381928,2.52805063390085e-06,0.445554529018984,3.12619712215783e-05,0.44427661908998,0.00125057927600154,3.51998646581849e-07,0.0976180787777639,3.19562449288239e-05,1.89911730892736e-10,3
"20104",3.79022836012054e-06,0.00677531737283935,1.67237351304208e-08,0.000368279726090228,2.54123138255722e-05,8.30125485147618e-06,0.989068142077351,3.48326217943049e-09,1.47452986849764e-06,0.0037492622898165,7
"20106",0.000279242671119627,3.89226987389473e-05,0.682746722938986,9.3579796410747e-05,0.302053554852706,0.0128011111040151,7.66937055638513e-09,0.00198277269087959,4.08495461356319e-06,6.23160720643601e-10,3
"20108",1.38536411337915e-08,0.187691279093217,7.81023859108871e-06,0.805189765401562,0.00644838864221913,6.10725081856083e-06,7.94516383903159e-06,1.27052721525007e-08,0.00059831090011105,5.03667507289761e-05,4
"20110",0.0121353086572144,0.0103375812247259,8.36975194248547e-05,0.336215421258132,0.00535457293805283,0.507226422622021,0.119053851201175,7.94460892950706e-06,0.00958518680267909,1.31676458966641e-08,6
"20112",0.0222768661146592,0.00183005336024149,0.494368574024623,0.000360529115664012,0.0325644379224396,0.448129713086603,1.24992626295147e-05,0.000456950630666173,3.75393482449451e-07,1.08899150570041e-09,3
"20114",7.37769912374516e-05,0.000112943276483571,0.00336383133009797,0.00583205682149518,0.989001727467099,3.29809467475023e-06,4.12678898075895e-06,0.000249049355037512,0.00135916374341066,2.61314825946334e-08,5
"20116",7.80898445178498e-07,2.8705727547356e-05,0.0134156991201153,0.000575722250127483,0.981781831621115,1.46225013538612e-05,4.31363379867214e-09,0.00289744917003447,0.00128291839196663,2.26600566127621e-06,5
"20118",9.65386586843008e-06,0.00954173102276756,0.00038597296529795,0.252803291654401,0.735714539505286,0.00011660083329667,1.90584072660955e-05,1.10760480654699e-06,0.00140794489332036,9.92476893314465e-08,5
"20120",0.14485155103661,0.000134132431382841,0.302071749993102,0.00209593519487931,0.537534812113671,0.0124452486890333,1.22987221104919e-05,0.000799474189966756,5.4797565664957e-05,6.35797897112256e-11,5
"20122",1.52452033432113e-10,5.62926490234549e-06,7.57136621287286e-09,0.0277306394578602,6.74141333977016e-05,1.99840419057483e-07,2.18704628223725e-08,6.00393471138278e-08,0.972192005475908,4.02219388470369e-06,9
"20124",0.0054477878099701,6.80078499318917e-06,0.893881464516085,5.79774187058925e-09,0.0864874423825484,0.000723293116463432,1.87709935200953e-06,0.0134513192889101,2.75155240013567e-11,9.17642048604278e-09,3
"20126",0.956344827504076,1.10733206952806e-07,0.000441390122210646,1.15753167183674e-08,0.00201746721222654,6.2037463164648e-05,0.039688040381614,0.00144609155379572,1.56263035433498e-08,7.82808498540252e-09,1
"20128",0.883126709135347,2.70021403074327e-10,0.017541179418745,3.71295629623349e-12,5.76053991246474e-05,2.62070367471545e-05,8.62236191736553e-06,0.0992396763605945,8.69594286971009e-12,5.09390341093098e-12,1
"20141",4.9083544103833e-05,0.0115165769896618,6.65675168984302e-08,0.221631914814044,0.00167225903490319,1.45233660448418e-05,0.763606243442491,1.43095827671369e-09,0.00150446551084072,4.86529943460574e-06,7
"20143",6.58810491948592e-12,1.36867571562058e-08,2.72714633384108e-11,0.000470114697794281,3.27728776407211e-08,2.29992052976528e-09,1.65086003457926e-09,1.79765840948039e-08,0.999528992494287,8.24387059392903e-07,9
"20145",0.0112164241648311,0.000780203027298656,0.501720982730857,0.000201288995627671,0.47885656477815,0.007164403584082,3.46273445802396e-06,5.66063610043486e-05,6.35746178757804e-08,4.90736609983733e-11,3
"20147",0.000127231135012339,7.16219595610593e-05,0.17877257030321,1.83000268577006e-05,0.820552206478008,0.000285516511969218,5.9484793558273e-08,0.00017243558904841,5.78981670676968e-08,6.13372861783017e-10,5
"20149",1.4135318760933e-10,5.00807312724393e-06,5.95884863137222e-10,0.0314344458918302,4.92620539650767e-06,3.21161172091097e-07,1.93325950625953e-07,9.81460707276689e-09,0.968553078629699,2.01616097956341e-06,9
"20151",3.85217232507562e-08,0.0269616787371018,2.93137051690706e-06,0.970637602094592,0.000847668295149945,0.000109385348854776,1.8847206626971e-06,3.34290784454828e-09,0.00143853448150751,2.73086983240231e-07,4
"20153",0.000361690948189727,0.00206301413756497,9.86210680156825e-06,0.967261545251513,0.00110934642645498,0.00133953714452235,0.00130581987079328,3.03728022690918e-07,0.0265488792049917,1.18114592546876e-09,4
"20155",0.000440961222323343,3.0634546059087e-05,0.678462667202368,1.06793221946268e-06,0.237442604490102,0.0826205428939594,3.57458426210844e-08,0.00100147057890611,1.08178283493777e-08,4.5703913729449e-09,3
"20157",7.04111161756704e-08,0.00349799795509011,5.37356646124339e-07,0.98122558198337,0.000201725413599824,6.41356859760405e-06,3.60589391719172e-06,4.3672884792678e-09,0.0150639175633837,1.45486991021514e-07,4
"20160",3.48678932397096e-11,2.44186492342723e-08,8.90722410502779e-11,0.00108967755145785,1.2091619755118e-07,5.08903340205028e-09,3.46227751920764e-09,2.49392348028408e-08,0.998910029637699,1.13861510582801e-07,9
"20162",5.91312520457169e-11,3.09818980456999e-05,4.62977904653147e-10,0.175928682067317,2.27026770531221e-06,1.64851642283823e-07,1.19854395701817e-07,1.00876775570439e-09,0.824034565209062,3.21432095478836e-06,9
"20164",3.83525766591548e-07,0.00115852710662676,1.13228533405623e-06,0.622120198185687,0.000179942154081429,0.0010773374899371,2.17702919844947e-05,5.89430029352911e-07,0.375439474053448,6.45477105314457e-07,4
"20166",2.47929152814001e-06,2.0499534404747e-06,0.194777923585086,6.10864696012227e-06,0.0345901946742102,2.92782771681964e-05,9.46268757696231e-10,0.770302478470221,0.000254853109115597,3.46330460015157e-05,8
"20168",5.16453360965331e-09,2.15495958672362e-06,7.55697885388381e-05,1.00706094159611e-06,0.000100312423201478,1.43877360603211e-06,1.49186971451476e-08,0.121699754472282,0.00059059202924199,0.87752915040937,10
"20170",2.19146153926265e-07,0.00555059211630574,3.51065726331348e-07,0.982716503460124,0.0038228418168569,3.27232875426289e-05,4.90741372657679e-05,1.83162810143383e-09,0.00782760573522322,8.74031734241278e-08,4
"20172",0.00154290280162911,0.00084915200376151,0.591792902708923,2.85780756622882e-06,0.405014290740392,0.000784937958197219,1.19005469342276e-06,1.17648617631728e-05,8.72789421210235e-11,9.75795506165948e-10,3
"20174",2.97331848861442e-11,0.0642382648951562,2.34079272585768e-08,0.776235611136772,7.53711629504795e-05,4.28456697177449e-06,1.61688614834155e-06,6.68164975050288e-10,0.0229184696442951,0.136526357601881,4
"20176",1.16299294139672e-10,5.36414557161623e-05,6.63442102463037e-06,6.24737992304696e-07,6.63917447765623e-06,1.07022444875441e-06,8.02283509861065e-09,3.7259199536424e-05,4.69484370441469e-07,0.999893653163299,10
"20178",8.28843307065814e-11,8.62078034385592e-09,8.93239583717861e-11,0.000551057475387499,8.2339404909938e-08,6.39460381216914e-09,3.51758195822329e-09,3.99141082163022e-08,0.999448761602186,3.99637388763304e-08,9
"20181",1.97657283449429e-05,1.55936702602195e-06,0.20723623747332,7.83223913383867e-05,0.533247747675413,1.31447355669105e-05,1.25878909856126e-09,0.257109845254651,0.00229315451866388,2.21596885954095e-07,5
"20183",3.35792127808003e-05,0.95794721797619,0.000282289725290756,0.0156728795665387,0.0228507918035868,0.00124922509156795,0.00196360408909934,1.90706543207293e-09,2.90895707852169e-08,3.81538310091358e-07,2
"20186",1.29868364479947e-05,0.994659931357359,0.000822191098219486,6.59565175223043e-05,0.00125896845486489,0.00146940008775482,0.00162927776271733,1.12836764429649e-08,4.53651884971043e-11,8.12765560731258e-05,2
"20188",1.37347701146149e-10,5.71860310824222e-07,2.68531252936542e-10,0.0119648808094647,2.33074646508141e-07,5.04802556081151e-08,2.85984643078438e-08,1.17970603356548e-08,0.988034103576015,1.19397903603865e-07,9
"20190",5.0908914065708e-05,2.05424376806298e-06,0.971796349243482,2.01014348993848e-07,0.0257996176900843,8.0115666547585e-05,3.19639055428947e-10,0.00227074667359256,5.07531944120851e-09,1.15915236707276e-09,3
"20193",8.20399802193246e-09,1.53636176252959e-06,1.25708402810203e-05,0.000233149284768333,1.20743699817468e-05,4.14247744031705e-05,1.04862396110823e-08,0.0594176533007398,0.935347916732545,0.00493365564528088,9
"20195",6.70889149758066e-07,0.00331750037440553,2.15380595454539e-05,0.890736665112518,0.00153469128674794,0.00269164464732357,2.36842726100158e-06,1.329062851256e-06,0.10169326514183,3.2699836691947e-07,4
"20197",0.000622755781501947,0.000740587873169401,0.765054695350441,2.95708990069213e-06,0.218418694559302,0.0150539261483307,3.97039946135526e-07,0.000105981706510057,3.94466541259888e-10,4.05643199727262e-09,3
"20199",2.4211342987339e-08,0.000600957378588162,8.1899041429472e-09,0.82498096237363,5.17412835361537e-05,2.6660220702715e-05,2.55632934016368e-05,1.55020243211561e-09,0.174313917186999,1.64311692752029e-07,4
"20205",0.955048384493382,2.18422566650136e-06,2.85812736567711e-05,5.8740390930593e-08,6.24592101882586e-06,0.000779687797235233,0.044134723783116,1.33733954545156e-07,2.94342645828044e-11,2.14526986180478e-12,1
"20208",3.70340503850178e-07,0.170692010078936,7.24091489098611e-05,0.81662563019352,0.0105944916175221,0.00146854983813709,5.85229398342163e-06,3.35078880108596e-08,0.000532292218423246,8.36076217601855e-06,4
"20210",4.97153327210905e-10,0.000123369504570354,2.60891360349375e-09,0.485385825085101,9.55685904398753e-06,1.00423556539984e-06,3.72103594929256e-07,1.12510882547987e-09,0.514478834546957,1.03343399161382e-06,9
"20212",6.16487342358489e-08,0.00168705134092698,8.56719876564013e-07,0.884836158082415,0.000255816679333428,0.000118172996474226,1.4210125555499e-06,6.10830471547943e-08,0.113099738742621,6.61694016547569e-07,4
"20216",5.82346518789223e-05,6.76580832972882e-05,0.193662198064383,6.85861112915532e-05,0.805854484685701,5.93396095481791e-05,1.71007069007017e-08,0.000228096731045887,1.36933096017454e-06,1.56311865647684e-08,5
"20219",0.756946593915224,0.000452094258455156,0.0517251233459061,0.000318224540560166,0.163652922875089,0.0153840935658393,0.0102059814308158,0.00131329581100083,1.67015217296971e-06,1.04936749305467e-10,1
"20223",5.53103395922715e-05,4.1227660774073e-06,0.862732510556014,1.132102604496e-10,0.000245594820841731,0.000563807130908495,3.14094207714002e-08,0.136287104209956,3.93523104576564e-12,0.000111518650043593,3
"20226",3.67099323784881e-05,0.0081708497437651,0.000432895040774552,0.00408056843060462,0.000644153200408389,0.986622149748173,9.92790751064677e-06,2.60847412068208e-07,2.47668084019366e-06,8.46813298930851e-09,6
"20230",0.000247116115533439,8.2766634071777e-07,0.987695156274697,2.05083002288554e-08,0.00800357850051256,2.13840792887421e-05,1.38353308271311e-09,0.00403191465215353,2.93089979131373e-10,5.26550772528644e-10,3
"20233",0.000198040560658695,3.69553183741367e-06,3.28681804435012e-10,1.87906770988147e-06,1.00826689255612e-08,1.01243560305459e-06,0.999795352656259,1.56833281776289e-10,8.71795819621423e-09,4.61790076983078e-10,7
"20235",0.0278270271364457,0.000428107009920675,0.851171737596024,3.05151083547363e-08,0.0255753227591458,0.0791330392397762,0.000286750234203436,0.0155565303760653,5.59329757202169e-11,2.14550773777225e-05,3
"20239",0.000133988656331536,0.0285540775447275,0.554973469425323,1.42898856585264e-05,0.250838052926241,0.15085553429509,4.49818309601886e-05,0.0134699153325258,4.22375425852834e-08,0.0011156478656009,3
"20254",0.999487942365374,9.32167544693717e-09,0.000320618985869957,1.10032655340677e-09,1.93370675169243e-05,9.22436647980295e-06,0.00015916828466086,3.69850047624578e-06,7.61299186732807e-12,7.44455005301204e-15,1
"20256",0.000449505845528595,2.22746466974905e-05,0.669791774977825,2.46104552760175e-08,0.328463989700996,0.000149994102997994,2.3646105561773e-07,0.00112217434218101,3.60610718993327e-11,2.52762015692018e-08,3
"20262",1.49551148779556e-08,0.00199199052411528,1.76131956335978e-07,0.973865365565886,0.00065268507858295,8.47837207550119e-06,1.54392223103127e-06,1.57573531643913e-09,0.0234796243467722,1.1952753073213e-07,4
"20270",1.15082656595489e-05,0.00611886909889208,0.709042383595488,0.00362675666347268,0.0794147091723906,0.00017739449710431,1.41652911206524e-07,0.19968849747219,0.00078200413126543,0.00113773545062626,3
"20284",0.0802762284784002,0.499621730458759,0.00292315807986603,0.0178357718320372,0.00530969524183195,0.0272060492089963,0.366826940307966,2.55902724692843e-07,1.48536812757133e-07,2.19526064630264e-08,2
"20287",0.000201710800757088,5.64404892110433e-08,0.941103642834405,6.14942771982744e-11,0.000413336476469776,0.000586434454146448,4.18835357318887e-10,0.057694816823891,5.03851306749027e-12,1.68447357081036e-09,3
"20290",0.970635578581417,0.000101144209450771,0.000298084251003244,0.000286715404220761,0.000237881918093685,0.00490259502116851,0.0235371579661354,4.2061367502178e-07,4.22028588228782e-07,6.24705593152828e-12,1
"20293",0.000150411956404882,0.00126070915035337,0.0181467696980263,6.56940420555631e-05,0.980330290907727,3.6653153550831e-05,7.04571135913236e-06,2.40503726204031e-06,1.13179987612821e-08,9.02526222855094e-09,5
"20296",1.71407002393217e-09,0.0362266892332503,0.000196801566345176,0.621623107358778,0.0735657042246466,0.000202942719633691,7.66673482929999e-08,3.70882291843282e-05,0.252371059967438,0.015776528319306,4
