"","V1","V2","V3","V4","V5","V6","V7","V8","V9","V10","best$classification"
"19811",1.80417933194906e-11,1.75140462507363e-07,1.58724078079759e-05,0.000555164932293713,0.93104583637606,6.32389606526553e-08,0.019524048965635,3.83826476830262e-05,0.000298340608423587,0.0485221156646321,5
"19813",1.31019395320389e-10,1.88165696530779e-09,5.57195204188755e-09,1.64219891266228e-07,6.37531517426521e-05,2.75987793956812e-10,0.99981565904162,0.000119532886124424,7.88796054105381e-07,9.40439514400927e-08,7
"19815",9.73842714003117e-10,0.000156881051107711,4.52197718927335e-08,0.011343175652397,0.96706417345389,0.000460805386163747,1.64909843936455e-07,8.67887273023199e-06,0.00356783787382853,0.0173982366064245,5
"19817",6.52210143679823e-11,9.16802509064273e-06,1.33598417596602e-05,0.00363214503340825,0.666348766806257,1.56500594928378e-05,2.78965062783051e-06,7.16615125138671e-07,0.0110224625267944,0.318954941376224,5
"19819",0.0109928524128515,0.903874723803766,1.44170185654657e-08,8.44806655090913e-06,1.09796850476574e-06,0.0674612707400849,4.55835886859315e-12,0.00114995267091024,0.0165110687005194,5.71215235255037e-07,2
"19821",1.69019269558815e-09,5.64134618069701e-05,0.00182210198042811,0.00031582980989959,0.456438682952029,1.01400081754441e-07,0.00978847278286922,0.00018901380652984,0.00605152342781608,0.525337858688347,10
"19823",7.54052969999227e-09,4.60094172051167e-05,2.74873039472814e-06,0.000378100177229768,0.675995912588106,0.229862953580789,7.70341326891673e-07,3.55185171736239e-06,0.00232638103388648,0.0913835647388153,5
"19825",0.0483682972727303,0.00484953594816959,0.93722305380566,0.0013824385111811,2.37864709814756e-05,1.59961616198704e-05,0.000564848230609694,0.00256546350045803,0.00281097667542306,0.00219560342316748,3
"19827",8.09206258241934e-10,6.05585179401633e-06,0.00870156791679516,7.59414788356658e-06,0.00649925791487081,1.80253407291473e-05,2.80624059445191e-08,1.30402833737746e-07,0.000876087022674653,0.983891252530807,10
"19829",0.000358397041395713,0.150433041970698,0.00152933861306431,7.06187278082776e-05,1.20719615162947e-05,5.04171204063881e-06,1.68029198681098e-07,0.000709991735781844,0.846235531764918,0.000645798443578927,9
"19831",0.00835009955191623,0.222611594022073,3.785387999381e-08,2.55745510170684e-05,4.1370854523331e-05,0.140952268049941,4.46100994548521e-08,0.163478941864017,0.464538679381942,1.38926059033926e-06,9
"19833",0.051403291382664,9.81536695723463e-07,1.68671683755986e-05,0.0019109400103018,8.53915669762739e-08,0.946666199115802,7.68553837019428e-07,2.91949545083913e-07,3.7515272694513e-07,1.99738485277125e-07,6
"19835",1.69019269558815e-09,5.64134618069701e-05,0.00182210198042811,0.00031582980989959,0.456438682952029,1.01400081754441e-07,0.00978847278286922,0.00018901380652984,0.00605152342781608,0.525337858688347,10
"19837",2.13444739401843e-10,3.54791533485554e-05,0.000817494874179642,2.49241726364513e-05,0.0652828956480536,3.6218499718376e-06,5.00020151486576e-07,1.58969954956179e-06,0.0222972334359223,0.911536260932742,10
"19839",0.00341415922038796,0.0323531059031387,0.0115116223330988,0.000412310230033919,0.000105117744258063,1.43697278748037e-06,0.000135076530029647,0.78961456711667,0.161553074543057,0.000899529406538604,8
"19841",3.17516945398812e-07,6.60486225919272e-08,0.999849330437314,4.34357871422833e-09,1.27521950418842e-08,2.41222016661872e-10,4.69105967598346e-06,9.20305003511235e-08,1.95296103999811e-07,0.000145290273841999,3
"19843",0.00200552594272974,0.00305695313919798,1.22597724201866e-10,4.634341170431e-05,8.17452289993374e-07,1.66988580015236e-07,6.11312529778247e-05,0.994617392374311,0.000211668905478144,4.10132798506053e-10,8
"19845",9.10794551785378e-12,1.22631244563043e-08,2.77313944773948e-07,3.88884720146967e-05,0.187235163119529,2.89799428932269e-08,0.812074286991472,1.84144779798581e-05,7.10670694815731e-06,0.000625821665936055,7
"19847",3.46369634214059e-09,8.81624095189344e-05,5.74349135887747e-08,0.0029988572012996,0.984033310618414,1.89304363199989e-05,0.000646113561568365,0.00116467862298438,0.00895286247096016,0.00209702378032505,5
"19849",4.65840419286242e-12,1.38833469797129e-10,8.10410428755748e-09,2.362172772191e-08,0.000123332818890354,8.83449284980572e-11,0.999865043235479,1.12603926038887e-05,3.89889157527799e-08,2.92606442271247e-07,7
"19851",5.33186083167763e-12,1.24348771558117e-06,1.6139595476499e-07,0.000390275724756037,0.965030845016965,1.12776599580286e-05,3.79368991531066e-06,5.57180098641955e-07,0.000438202061194794,0.03412364377811,5
"19853",2.62909038658241e-12,3.37116044414474e-09,4.30672888214297e-06,2.98426774657623e-05,0.949967217809648,7.85809285769613e-05,0.0100972206245649,8.84189727470134e-08,8.10264642270052e-06,0.0398146367916773,5
"19855",2.81496034813807e-12,6.08764132622739e-08,0.000115100413508299,0.000115867918710002,0.566644981960027,4.35625253770952e-06,0.000921219089299695,7.90562318908235e-08,0.000884778120367447,0.43131355631009,5
"19857",1.49564385431807e-08,0.000178204509884878,0.00146278037350217,0.00441363102945904,0.221716712152798,3.99140200627392e-07,0.00601818381787515,0.00092631975456135,0.569168210012868,0.196115544252413,9
"19859",3.51003078543458e-09,5.36722795784713e-05,0.00062857744249523,0.00213405093162659,0.208759620349433,0.000105815488196068,4.38124553158538e-06,7.02361424302117e-06,0.0974150121643046,0.69089184297456,10
"19861",4.18122316663213e-12,8.41089753614019e-08,1.5109792203964e-07,6.0036123816808e-05,0.969300161752477,1.70401154819716e-07,0.0269631731027302,3.61304805703893e-05,7.53049128804905e-05,0.00356478801529164,5
"19863",1.84200994721415e-09,7.08625333155601e-11,0.00595589590020855,6.03335863459868e-08,1.45767549186952e-06,3.16823999849311e-11,0.994024993722846,9.73720858112642e-07,1.16022162942066e-08,1.6605100237861e-05,7
"19865",1.24815656395964e-09,9.8520217364976e-08,0.863055509581282,4.26695300953561e-06,3.20159069665603e-05,5.17278101731027e-09,7.04478760411955e-07,6.70105795576332e-09,1.03076330245482e-05,0.136897083804745,3
"19867",8.91162435350166e-11,6.8200276156154e-06,2.69958850753169e-09,0.000751788583627719,0.997932346031225,2.68608192047197e-06,0.000340957442634112,9.08792035265468e-05,0.000220110041116573,0.000654409799628668,5
"19869",5.25571262256189e-13,2.61640097539332e-10,1.82897392296833e-06,1.82711111822808e-07,0.00590762206581106,3.19654279357708e-10,0.993881166744644,1.55564734985603e-06,5.18455511856755e-07,0.000207124819828645,7
"19871",2.44092594410261e-09,0.000111021966435019,0.00127195363155602,0.000325975802187461,0.0414480174942317,4.48466458341033e-05,2.54913276452494e-07,1.59465938896995e-06,0.192572636510463,0.764223695935702,10
"19874",4.25537744198446e-10,1.76859402365122e-07,0.0532643315736274,0.000171866815416554,0.00427626761372256,1.38020952584489e-06,9.47573683200514e-07,1.45768712802991e-08,5.25289824649145e-05,0.942232485369748,10
"19876",1.07936063460516e-12,1.04123401238286e-08,0.00667017374978358,3.58049380249847e-06,0.030711871845904,2.95841939526196e-08,8.59896424101126e-05,1.62526046375281e-08,2.95728452871394e-05,0.962498755172595,10
"19878",7.83705156355213e-05,0.000748883618154635,8.99073146929324e-08,0.998792714020978,0.000241288154357191,5.7323284725903e-06,2.94061827749672e-07,0.00010461899208706,1.985210387162e-05,8.15629730059711e-06,4
"19880",2.28484453619012e-11,9.52262792922863e-10,0.907481340458349,6.07543097315868e-08,2.3503631532031e-05,1.43688277654074e-09,1.28530811724873e-05,9.96015589491746e-10,7.88551925579652e-07,0.0924814501147016,3
"19882",2.45730669466616e-10,1.67266393399594e-07,2.73360287850667e-05,0.0036743682574788,0.818358333724694,6.25275193424846e-07,0.148539451151344,1.18679110622792e-05,4.16180883887078e-05,0.0293462320509297,5
"19885",1.76560555723558e-09,0.000797932987073616,1.35122846513605e-05,0.00680045810092023,0.536104809806491,5.36155464177627e-06,2.15530691505912e-06,5.48892785733522e-05,0.257780903337157,0.19843997557797,5
"19907",7.84359132916517e-11,2.29165303133484e-06,4.31447713946611e-08,0.00144018869628761,0.98772207647368,5.47631473440581e-07,0.00877871098409944,2.75251633871676e-05,0.000108262380599223,0.00192035379423477,5
"19909",1.57897194967073e-06,0.06256896057196,7.95146812224801e-08,3.53878152262923e-06,0.000972968321730294,3.00850506233492e-06,5.2007747866895e-06,0.0988711646345829,0.837541635403349,3.18645203752959e-05,9
"19911",0.000116270779870093,0.0235151333838642,0.001482920153135,4.81081555175745e-05,0.000173972481034969,6.42351785332666e-05,4.72110130328209e-07,0.00760403930697082,0.964528179337749,0.00246666911319466,9
"19913",5.0203276608301e-09,1.61665246231208e-09,0.999267177320302,4.96777663526769e-09,1.66719000248865e-08,1.33874694781957e-09,5.82390606137314e-08,4.51319291637272e-10,6.32086135531971e-08,0.000732671165300637,3
"19915",1.81358801259949e-11,1.21845663425888e-07,0.00632119090987092,2.45023875822421e-05,0.00770827123977837,6.67349727802888e-07,1.93841243198557e-07,3.80043958192376e-09,5.97216028661687e-05,0.985885327004692,10
"19917",1.87136394658479e-08,1.16146358025209e-06,0.669791363440652,3.52408745502862e-05,0.000304943930542295,3.16949986537237e-07,1.09362814766049e-06,5.61595485506253e-07,0.000292089115526254,0.32957321028789,3
"19919",7.64430328562937e-10,5.5416994271337e-06,0.00316136522361612,0.00147425459583788,0.0235117601898335,7.46976834653086e-06,1.3938832638686e-07,1.13625187479591e-07,0.00260036869855421,0.96923898604644,10
"19921",1.44232449063628e-11,3.32239460218298e-06,2.07261708384385e-08,0.0010796228005999,0.992566746718873,2.33422756725461e-06,2.35756612021646e-05,7.86793220090813e-06,0.00079165498179902,0.00552485454256115,5
"19923",8.94615265748713e-07,0.000334474761819177,1.12752025685635e-09,0.942458149698426,0.0561973419592802,0.000545526034279669,1.76616524733807e-06,0.000277817300617426,0.000143996899605887,4.00314379380016e-05,4
"19925",6.12249856982668e-10,2.60659310635485e-07,0.147553525689589,6.60865958545496e-05,0.00107685129653625,3.67295903663599e-07,2.18393738107492e-07,1.04362145405223e-08,6.40513406970702e-05,0.851238627679906,10
"19927",5.17314857068064e-12,1.66741825672936e-06,1.90795815811437e-06,0.000151527671988802,0.868724622428594,7.8753420927356e-06,8.96138773675571e-06,7.3105571402895e-07,0.00252355328604898,0.128579153446237,5
"19929",1.6312247905719e-09,1.99623546504909e-10,0.632689655804738,1.40678501971367e-08,2.72774217513924e-06,5.60459747034523e-11,0.366685895981508,6.48180743881597e-07,7.72132749020107e-08,0.000620979122815866,3
"19931",5.96955029492017e-10,8.81805223801115e-05,1.70944735352757e-05,0.000870390758676616,0.584620830301125,9.30299782805673e-05,2.21527236974616e-07,6.60142877884428e-06,0.00972455144872322,0.404579098964309,5
"19933",1.24485955990817e-06,0.20978205576786,1.71171246611282e-05,0.000100981208982337,0.0235835842936376,0.000307914166150678,2.22892088423603e-08,0.00185333140705082,0.732649319386885,0.0317044294960036,9
"19935",3.0092212867101e-07,0.0128002721362848,6.36194234726633e-05,0.0131071255315842,0.729742336450127,2.17071261439199e-06,0.000160339183366693,0.024552332864857,0.121395107161899,0.0981763956136659,5
"19937",6.00996297155807e-11,1.70861659554077e-05,5.41100154457509e-08,0.00137023553412204,0.972398867130066,0.000196913026785405,3.31376269598673e-07,1.18984553989253e-06,0.001737568924847,0.0242777538262998,5
"19939",5.18616992887944e-09,9.17777704146464e-05,3.07019879497093e-05,0.37833521722528,0.375113824198534,4.01728488119857e-05,1.64882856509845e-06,5.38288466524832e-07,0.00296978133792181,0.243416332327887,4
"19941",0.000744167777016176,0.0651832193216272,0.0269057113493557,4.27733118146543e-06,0.000180289851006372,7.1526186144072e-06,2.75886378397508e-05,0.446329664820904,0.4562863879087,0.00433154038375441,9
"19943",1.38743058915908e-09,2.48948177085802e-08,0.929329860873373,8.58438488769807e-07,5.28359945803684e-06,8.03612758734796e-08,5.13337529722641e-08,4.03019389652851e-10,4.44570787533083e-06,0.070659393000508,3
"19945",1.55346693633559e-05,0.308705818511483,6.96883150774173e-07,0.0035768052273728,0.0167909821338301,0.00105091664446872,8.48958133330602e-09,0.0210929505136443,0.646471519020924,0.00229476790618154,9
"19947",0.000112838042211444,0.00145042442092845,0.388708461559912,5.85185949071168e-05,0.000121239575076974,8.91225999541641e-06,0.00424664956238298,0.000698211711565598,0.594604630986346,0.00999011328667393,9
"19949",4.31935689041221e-06,0.0156080784492048,8.13261806275821e-09,0.922145848384976,0.0589021297248626,0.00133896593823843,3.39586364214967e-08,0.000246788764515681,0.00141904534306115,0.000334781946996243,4
"19951",3.06879265824736e-07,5.58805760912269e-05,0.0864040241048512,0.0400876100703905,0.00976620263521127,3.69450663318729e-06,1.58363166267821e-06,3.35665795987717e-06,0.000811023198410491,0.862866317739524,10
"19953",0.000449065066112782,0.0611290459739987,3.53300730583621e-10,0.000454421978851306,0.000324883042023232,0.929720304991995,9.06114670487627e-10,0.00158578466837262,0.00633510865879677,1.38436043401368e-06,6
"19955",0.0130363245813178,0.150957825992801,1.50524849024072e-07,0.267565380169884,0.000817236791896511,0.0222343084263369,1.10252139889714e-06,0.122790380358044,0.422585556689492,1.17339439790661e-05,9
"19957",4.08111373943374e-07,2.04133059085701e-05,0.348362046338357,0.000129065708625539,0.00239259869130106,0.00128501015068975,8.12856629533588e-06,2.60393445929801e-06,0.0920172804771004,0.555782444715889,10
"19960",0.000911972413184833,0.22534861848774,4.1329219256962e-05,0.00213036851394294,5.39732826505063e-05,6.00091302341136e-06,3.14177395701586e-06,0.0041596932763089,0.7672562523434,8.86497765351402e-05,9
"19963",0.00114076601912596,3.25054504403718e-06,0.980532858713985,5.68419030279145e-07,2.10222265122526e-06,0.0167128271124634,6.69962462450479e-06,9.16499380219495e-06,9.55921237925631e-06,0.00158220313689366,3
"19965",0.00603242720284692,0.22542200008527,5.26601864380293e-10,0.070394458113546,8.37155478535519e-05,2.87906596628676e-05,2.28107820565156e-06,0.681663385384913,0.0163728647636021,7.66374974221965e-08,8
"19968",2.9983733871502e-07,2.99462003026449e-05,0.786392197572828,1.53106852616661e-05,0.000920510252982064,4.52186235432273e-10,0.166872453606651,0.00130665620745613,0.00137463140273852,0.0430879937822553,3
"19971",0.00306070809782331,1.50032337421481e-05,0.996735438364634,3.32112798467206e-06,5.35960457388514e-09,6.51458380809304e-05,1.69177826466786e-08,2.80251317057192e-08,1.05515309321201e-05,0.00010978150428406,3
"19973",2.72070698882682e-11,4.63523314183956e-06,0.000114144520165947,0.000414721483935962,0.407373394564867,3.45041777689807e-07,1.38980243916427e-05,2.05159704968096e-06,0.00346401125529824,0.588612798252165,10
"19975",1.60792345748907e-09,8.52097482452339e-07,0.490855928441126,3.45947541741102e-05,0.000884017669792564,7.54494471571524e-09,1.48733192550318e-05,4.24510270359493e-07,0.000308398984501776,0.50790090107053,10
"19977",3.33260561848838e-05,7.1070732894897e-07,0.995967794443518,0.000348780186981834,5.44918123777577e-06,4.26887599280522e-06,2.46814054163786e-05,6.83341637460916e-07,4.71778716591668e-06,0.00360958801453639,3
"19979",0.0164849714539088,0.971325944629433,7.67020263711376e-08,1.70717559485723e-06,1.01545863850856e-08,1.46409789140714e-05,3.40295174140045e-12,0.000904115521440869,0.0112684819381549,5.14425378384852e-08,2
"19981",1.58383098973947e-09,0.000226258267456768,5.11880428916681e-06,0.000175618825159563,0.239762126852414,5.42750244279097e-06,0.000101708333644302,0.000910170551731196,0.734599134119063,0.0242144351599686,9
"19983",2.5698314757524e-08,0.000977892017492914,2.5356086685318e-07,0.136721994505846,0.453431455344077,3.35636659197663e-05,7.28652167199653e-05,0.000385811291842511,0.403580603963174,0.00479553473574582,5
"19985",1.96390456300647e-11,1.97079148152505e-08,0.0605545709616681,3.52255985893042e-05,0.00466163008073788,4.93519372291958e-08,1.05031242175198e-05,7.59919377373463e-09,4.11310321165491e-05,0.934696862523986,10
"19987",5.35388110994786e-08,0.00428194031174247,0.00168987446399822,8.81294639884076e-05,0.0505295161061923,3.0590002349518e-05,4.55389232701672e-07,0.000109999992150094,0.361694334726916,0.581575106004619,10
"19989",0.000910383807099731,0.991572123402707,2.09696912978503e-11,1.87378956264885e-05,1.50833233218054e-06,0.000365854480289063,4.25982631236381e-12,0.00452776857302572,0.00260360657729135,1.69063988824876e-08,2
"19993",2.71238736297919e-05,0.106487565357724,0.000775207453248149,0.697892128329525,0.0184291557686343,8.37727573442571e-05,5.13157543023256e-08,5.21414177485741e-05,0.0301627941456842,0.146090059580707,4
"19995",0.000120261734337396,0.427208115183155,0.000627675913264418,0.0474914826913761,0.0390453478423246,0.000101928885878132,7.76855297560664e-07,0.0224751603839933,0.388089436626058,0.0748398138843153,2
"19997",2.83905963787515e-11,7.77398517534737e-07,0.000201049575936187,0.000216908761684957,0.358756484777885,1.83444553303063e-06,1.30563685218706e-05,1.25166260266192e-06,0.000524933140652407,0.640283703840276,10
"19999",1.20858614685814e-12,3.25696183842011e-08,0.0013332866172788,1.65635876313494e-05,0.16722900275803,5.45133064956461e-08,0.000518827500006279,1.28468717215777e-07,0.00025640465102937,0.830645699333173,10
"20002",2.39917744784168e-05,1.54344529024525e-06,0.732609786740821,5.56961696516975e-08,1.38372610339788e-05,8.02272996483189e-08,0.26492760718026,0.0017096737202808,2.87974655931313e-06,0.000710544207807268,3
"20004",5.38754266668171e-06,0.0751691907878993,0.000323068936322094,5.05017586739575e-06,0.00745137622949553,7.22661588160297e-06,2.31434494300017e-05,0.0951119982859582,0.811145763335313,0.010757794641166,9
"20006",0.00569057157775129,0.0330597968407138,9.9100923867869e-05,0.228836430490673,0.000578389651955001,0.000282414890106271,0.000218548905494015,0.0149985976471809,0.716053284906743,0.000182864165514849,9
"20008",0.0208254958239107,0.0396137223664806,6.56193067778254e-06,0.861580500816992,0.00145529354617262,0.000503317669502221,3.49963440532379e-06,0.0753624419811693,0.000549481871370299,9.9684359319327e-05,4
"20010",0.00027482104670556,0.524417749830836,3.96546972736303e-08,0.346083847028193,0.00300328755949959,0.0135065255186894,3.01036024686976e-10,0.000996243464725567,0.11154532989049,0.000172155705127808,2
"20012",4.65040600825285e-09,1.18064716520065e-06,0.210942628288167,0.00190073811105128,0.0192827034689361,3.40953455396659e-08,0.00905682964490604,8.21676068356699e-07,0.000104194004726068,0.758710865413229,10
"20015",0.00358655396334952,0.889874092926687,1.54573947652114e-09,0.00118374281071895,1.93758464302888e-06,1.31135575484697e-07,1.73603174823681e-08,0.100623313634913,0.00473017648333025,3.25547258563855e-08,2
"20017",5.23027792910915e-12,2.09590040800945e-07,0.00085559038152579,3.53509734452002e-05,0.323922722613199,1.39714673045898e-07,0.002029081203418,9.80897145822834e-07,0.00270189659673021,0.670454028024592,10
"20019",0.195181355600289,0.80354269842587,1.26607091787107e-10,8.55871460974077e-05,2.30203312109993e-09,6.18197641543653e-05,3.94607009737763e-13,0.000629645019042558,0.000498891277500473,3.38011003948589e-10,2
"20022",4.00246703489921e-05,0.409214354320761,1.55730544735212e-08,0.00248502437719295,0.000283296351373054,0.00033846314277875,2.67362272474359e-10,0.00208238452983106,0.585531312394981,2.51243723163554e-05,9
"20024",0.365639462338801,0.40246722189868,3.12567338298738e-09,0.000127943499958644,8.23572104898525e-07,0.223905334317163,2.8686886570575e-09,0.00348578645765084,0.00437339962097465,2.23003050269008e-08,2
"20026",0.365639462338801,0.40246722189868,3.12567338298738e-09,0.000127943499958644,8.23572104898525e-07,0.223905334317163,2.8686886570575e-09,0.00348578645765084,0.00437339962097465,2.23003050269008e-08,2
"20028",2.9647735223229e-12,3.93400172656558e-08,0.00240888685172726,3.28499988177551e-06,0.0635820683991309,2.19663730129661e-07,2.78014034333798e-05,8.91305821354959e-08,5.37074033058877e-05,0.933923902805227,10
"20030",0.00314209139914118,0.673245133649789,4.49613686876259e-05,2.79683270674965e-06,4.49278877067605e-06,7.20921180775206e-07,4.29922046449273e-07,0.210823337620275,0.11272045279549,1.55827019125079e-05,2
"20033",5.60481559410399e-10,2.18340107046507e-05,0.00664541656250503,4.17807759339679e-05,0.0231825087264187,8.46159367620183e-07,3.78145560261643e-06,1.48777674085869e-06,0.012911237295727,0.957191106676518,10
"20035",0.0516063799263916,0.947383669221026,8.39733161449064e-11,0.000118655948537806,8.21124658595428e-09,9.11962824171401e-05,1.13065012821413e-12,0.000150554905864855,0.000649534626509571,7.92902605378376e-10,2
"20037",0.0248854867308015,0.930331756619954,2.49280237095767e-12,0.000498208279494442,1.39704532945527e-07,1.85546227966602e-05,1.02963098435625e-10,0.0433340477891165,0.000931805914197521,2.33650937325277e-10,2
"20039",0.00123341292413518,0.000227743157076336,8.38506046310871e-13,2.18583392261468e-05,1.84384589655888e-08,0.998516552688298,1.8974645065474e-12,7.96655452558415e-08,3.346695387793e-07,1.14985680604782e-10,6
"20041",5.62154229099161e-06,0.000657667818242113,1.17862676031041e-06,0.954890884732086,0.00214247694162244,0.000659590739761262,4.15744382060287e-07,1.33663050869278e-05,0.0412651145680401,0.000363682981727576,4
"20044",6.42245644272707e-05,0.00669275396897043,0.000126621337538612,0.698658142432838,0.00475338104330074,0.00462943953923363,2.64888350891778e-06,2.58364595796141e-05,0.278222604290869,0.0068243474797338,4
"20047",0.60735354269188,0.391526266504203,3.34839074919019e-09,1.81108581506347e-06,2.01163225912271e-10,0.00013904659780737,2.02692287958841e-13,0.000519355127414293,0.00045997401865279,4.24471335780314e-10,1
"20050",0.0013646291911999,0.0977828553976812,4.38372555953074e-07,0.610833712112922,0.000469091462789297,0.287906746230202,1.71434207396021e-11,7.26193700780203e-06,0.00130741706870205,0.000327848209796734,4
"20052",2.56986324536871e-07,0.00171881263880489,0.0012523608913654,0.0145196841715358,0.0741846309947636,0.000833571769781994,3.50585548397407e-08,2.81271756457535e-05,0.095751928002028,0.811710592311195,10
"20054",9.10041281148059e-05,0.279033338093026,3.99022897855394e-07,6.98316000876474e-05,2.35313230578172e-05,1.12996064849286e-07,9.99008828827731e-07,0.0932026581336453,0.627573570055946,4.55563833106437e-06,9
"20056",4.80622056379756e-07,1.16109427494721e-05,0.933159662094914,1.06758592737833e-06,1.86536811106848e-05,4.44041890752827e-07,8.51487914515703e-08,5.54726868244518e-07,2.56244288468993e-05,0.0667818167268453,3
"20058",0.000995889028277434,0.971309244681417,6.3720204455188e-12,5.93225084522841e-05,2.95979727004404e-06,0.000120198438378909,1.0607677904479e-10,0.0221044408144677,0.005407938354705,6.26458309307454e-09,2
"20060",4.28459692944482e-10,9.53238572514345e-05,3.11784059712424e-06,0.000843722375839091,0.878546270743095,1.29504636604594e-05,2.88267393142304e-06,9.37391822959805e-06,0.00215038900458363,0.118335968694353,5
"20062",1.70852925473885e-08,0.000897744593082417,1.41720211508497e-06,0.204517570014479,0.745773165839645,1.20076013057138e-05,3.10632203325536e-06,0.000156080546615707,0.0105264564047277,0.0381124343907028,5
"20064",5.07290208505084e-06,0.247048647501332,4.74022365376662e-06,9.93599559044886e-05,0.000863162147601291,1.32090803726489e-05,3.00651512108015e-09,0.00450487763185794,0.74601131561772,0.00144961193295769,9
"20066",0.0126960352642329,0.947683718735882,2.8076258025147e-06,9.15744436558681e-07,1.23918803547462e-07,9.80822018898929e-07,2.9668834469279e-08,0.0151894302345699,0.0244255304761767,4.27509242438485e-07,2
"20068",1.43015258752635e-11,7.75610096071065e-07,2.7821073460722e-07,0.00314217885653445,0.98154841462206,7.8266690184311e-07,0.000225775683716391,3.42226297517598e-06,0.000526423627294768,0.0145519484453857,5
"20070",1.96066239285587e-10,2.01851444122483e-06,1.11739216950555e-07,0.00547768713734745,0.981377153368078,0.000255896524434951,6.0851809342102e-06,4.70803130783376e-06,0.000253124717690734,0.0126232145904826,5
"20072",0.000267143056533097,0.108566103237645,2.46157682627389e-10,0.00191932978003918,0.000182704746856403,1.3076873380308e-06,0.000180989245676665,0.869807761015753,0.0190746008872533,6.00967471441719e-08,8
"20074",8.53829013214431e-10,8.19611112744174e-11,0.999259772711623,1.64003025025767e-08,1.27174731717282e-07,1.06881229702943e-10,0.000122182380514377,1.79328699173182e-09,1.49357543265283e-08,0.000617883561116111,3
"20076",1.16927993355641e-06,0.000129024530692043,0.56279775544248,0.000145274525872728,0.00279162835090746,1.52435519359624e-08,0.231414993959031,0.00748644801370646,0.127625310460264,0.0676083801935613,3
"20078",8.20490583266021e-05,0.161010830974851,3.94016599144413e-06,0.00137935396209842,0.00303655841334705,0.00101936245867991,2.27892556470933e-08,0.0427123684737814,0.789672834558036,0.00108267914563299,9
"20080",0.00757684641859197,0.990084690132792,2.63329767373605e-10,4.32279932514835e-05,2.09661762719367e-08,3.6902694412716e-05,1.3070851502543e-13,0.000320158708485609,0.00193814680958086,6.01324875242725e-09,2
"20082",0.000341597548097137,0.00403740994260437,8.2528399404123e-10,2.93996895353366e-06,2.05546114124163e-07,0.995553247952847,1.73175874861192e-13,4.61318844978007e-07,6.40376343760063e-05,9.92627054295305e-08,6
"20084",0.00212377291311473,0.12875350680848,0.00624624202305693,0.000158503753272113,0.000102695986491982,0.0039524879672933,7.13531581537683e-09,0.00413805113307756,0.847337176657487,0.00718755562241081,9
"20087",6.47025446678123e-05,0.14351337276393,5.16235498912118e-09,0.0237828526313366,0.014041824495898,0.000149093986172743,9.65022682288378e-07,0.726698414126372,0.0917254347191244,2.33345474609686e-05,8
"20090",0.0256120437474087,0.953742618835545,1.36433495944908e-09,0.018411841138385,3.54568389922065e-07,0.00112856444665675,4.26214929529216e-13,4.91195561890421e-05,0.00105536936117258,8.69814922503162e-08,2
"20092",6.38539349060828e-06,0.000475411378878404,2.74370449067117e-10,0.0662782364543465,0.0833982255910642,0.834137945495326,3.34677098599996e-05,0.00337335668321409,0.01228691041186,1.0060607589475e-05,6
"20096",9.14325395893313e-06,0.000265657772115618,0.000329646065469648,0.0440003642591148,0.0523870601908724,0.776371695072441,6.86501086004209e-07,6.72504927143905e-05,0.0550708780756929,0.0714976183165348,6
"20098",1.59157726711722e-10,5.01436510196449e-06,0.00353093699902337,6.44447468859218e-05,0.0149454061905664,1.59468204245821e-06,3.15681977941238e-07,5.49703507659821e-08,0.00157672376009946,0.979875508444794,10
"20101",0.017521830154873,0.928097746418134,2.22611579071453e-05,0.000219429999789381,8.49132825683512e-07,0.000188124632232346,2.96440502619492e-11,0.00108814348137337,0.0528383219035413,2.32930896806086e-05,2
"20104",8.29055343471302e-08,7.62066578560219e-07,6.7146711032372e-05,0.000634689498947543,0.47000486991586,0.18474843814528,0.325854212024848,7.55074724570634e-05,0.00305544120901646,0.0155588500504461,5
"20106",0.000470668321631673,0.923933151085102,2.82770875875124e-06,0.00298472291426345,1.09839992278718e-05,4.38419017595089e-06,9.30197069330617e-11,0.000420847297586331,0.0721147871849212,5.7627205312744e-05,2
"20108",1.24019624778797e-10,1.34253582479792e-05,0.000570168619171836,9.56507285381298e-06,0.283180129852332,8.00185704521473e-07,4.54033420574361e-05,3.75725191952323e-05,0.00573938320723224,0.710403551719185,10
"20110",2.66964689813182e-05,0.000469083787589897,0.00838828208656178,0.394488767748618,0.0128122872497729,0.1731093630245,1.51041391376773e-08,1.29166635714231e-06,0.00429341266173468,0.406410800201746,10
"20112",0.000736399147393466,0.759180938220184,3.27713745197505e-07,0.225460467931169,0.000933162008188564,0.0024426782540065,3.39686801162334e-10,0.000438664192344619,0.0105258543742653,0.000281507819016649,2
"20114",2.17718452543874e-05,0.0384728386409383,0.0042313118433078,4.42668624140718e-06,0.000298716244595135,0.00019417951618349,3.21484886431568e-08,0.00133119837367756,0.936434543943768,0.019010980757545,9
"20116",6.73703122523617e-05,0.059597840541929,0.00333795755408133,1.3855606277699e-05,3.82664756954343e-05,3.29985726109443e-07,1.5322994366229e-06,0.0123285545081063,0.92321246655948,0.00140182615701536,9
"20118",6.20072170082913e-08,0.00213710889259179,0.0016790360252072,9.68878337529498e-05,0.013147201262028,6.19305930256745e-05,8.01883972751032e-08,5.66973962216593e-05,0.657373406846611,0.325447588954947,9
"20120",0.000768917464431191,0.897413288534184,2.69838807238097e-05,0.00211579321780792,4.51325266640627e-05,0.00465503066897551,1.32383183039719e-11,1.55528082822201e-05,0.0938963710818151,0.00106292980387817,2
"20122",8.77922329277713e-10,4.29999429538423e-08,0.959760645027557,1.61055058351879e-07,9.99770568740584e-06,3.55952334629648e-09,5.19434555189377e-06,3.26894218410023e-08,6.52036345481695e-05,0.0401587181047866,3
"20124",0.0128728852276792,0.648602629604686,6.80894086563588e-11,0.00060192728424002,3.31433737780099e-06,0.000718712357674357,2.66109365963215e-09,0.276544140568108,0.0606563790692431,8.82180824787495e-09,2
"20126",0.0249550428471736,0.000770797963746334,1.95707737432817e-08,2.1030121845689e-05,6.61712483520914e-08,0.972680016760602,4.0537596974625e-09,2.96724501685508e-05,0.00154333623381834,1.38268636495449e-08,6
"20128",0.982157096658385,0.00902123568070326,6.61867675713595e-12,3.82274188866382e-06,4.97110768552522e-11,0.00874484993761048,6.24538393736337e-13,6.63247672394572e-05,6.6701549218176e-06,2.29697048725567e-12,1
"20141",3.98979674729598e-09,1.20642838135596e-06,0.00446572665559336,5.01849026845055e-05,0.0872363390520309,0.0743783897343933,3.45062673618172e-05,1.67044570601696e-07,0.012298224996809,0.821535250928378,10
"20143",4.25612635536179e-10,1.76625005803158e-10,0.99918880552094,1.99728141026404e-09,3.34705284974018e-08,1.80296852212706e-10,1.51191026318322e-06,2.19614902092241e-10,2.22038368910955e-08,0.000809623895000071,3
"20145",3.96537940110089e-05,0.851559044186018,4.95494866916795e-08,0.00254336034629433,0.000303751950941378,0.000958382464673394,1.05342923368489e-11,0.00022852334219903,0.144240556269237,0.000126678086604408,2
"20147",3.68850048279818e-05,0.452303797740475,1.0824170232639e-07,0.000199632306688097,5.21587517073455e-05,2.03629842562837e-05,2.19479180924103e-10,0.00396232224454185,0.543397834091991,2.68984143302068e-05,9
"20149",3.23769744957944e-10,3.75840910195905e-09,0.949489084869867,3.16963472802805e-07,1.16969247884605e-05,1.06121375326297e-08,3.52851239260361e-06,3.98450369140729e-09,5.40064883278881e-06,0.0504899534018253,3
"20151",2.08797827185057e-10,1.06757236258917e-05,0.00126271275707975,0.000137638659377231,0.0443324727333602,8.55430971179996e-07,2.97399860197952e-07,3.5933863833533e-07,0.000793845402650759,0.953461142345639,10
"20153",1.99331704359378e-07,8.67378382769229e-05,0.0183001395771436,0.000864555471081448,0.00319448008463485,0.00282049395139269,1.33471641376486e-09,4.35757646330208e-08,0.000472213972900827,0.974261134862384,10
"20155",0.00155964706474023,0.732801678866395,1.53810699754551e-08,0.0375894893329998,1.07978091419366e-05,2.03506480645605e-05,1.09198153065712e-09,0.00290717211364497,0.225109728942525,1.11874943707621e-06,2
"20157",3.11493273193277e-10,2.85105885637284e-06,0.0124628806827737,7.07306270995099e-06,0.0066199158662292,1.62061513570384e-06,1.89495997371073e-07,3.99048928258606e-08,0.000144519464259332,0.980760909537652,10
"20160",7.00826884156197e-10,7.49084608420205e-10,0.998079026090301,4.1378350208997e-09,6.08050245200979e-08,7.10052970727612e-10,2.0083112356839e-07,2.74968376228539e-10,7.17666570884193e-08,0.00192063393412618,3
"20162",2.6767417746434e-11,2.98626313574224e-09,0.752129810943589,1.98128868533499e-07,8.29803894758798e-05,5.54814340598596e-09,6.52402514158214e-06,1.37361501233209e-09,2.44691344944076e-06,0.247778029664687,3
"20164",8.97008686390955e-08,4.59133735478884e-06,0.291294721655772,0.000921012498850677,0.00174194965973353,7.02351063021416e-06,6.90231879222924e-07,2.44321917987847e-07,0.0001181817773288,0.705911495305665,10
"20166",0.0666286419461636,0.463348900352617,0.00118073165313969,4.55992934121702e-05,3.37197768085611e-06,3.82019839072487e-07,2.49648902898033e-05,0.436878609460199,0.0318654032783931,2.33951282658728e-05,2
"20168",0.00131691222550136,4.3571333470031e-05,0.00179671870434736,2.99962570542674e-06,2.36628478872853e-06,1.85041920259687e-08,0.794046435101822,0.202689569043124,9.90563923154884e-05,2.35278473382437e-06,7
"20170",1.84457347679079e-10,2.13357006062855e-06,0.00606160181877234,2.71636399214251e-05,0.00891432087775616,1.00856350913064e-05,1.05062156064024e-07,4.81825952559521e-08,0.00449774229148125,0.980486798737708,10
"20172",1.00326445943866e-05,0.65677226909076,1.36738868866231e-10,0.000597575748132071,0.000436445705104622,0.000319757819979176,2.9375667651121e-10,0.00392777056382112,0.337933470349937,2.67764717618175e-06,2
"20174",7.82501068964917e-12,2.70630689767191e-08,0.019525505290319,7.6873333301589e-06,0.111522753390466,9.03398715412387e-09,0.198854116966866,1.1543798318417e-06,0.000179283922870978,0.669909462611435,10
"20176",4.53692185548146e-07,1.97325068763307e-06,1.21354356691971e-06,3.41086530691848e-06,6.81087368792245e-05,1.84589407363721e-09,0.975017163710321,0.0248955369259021,1.10577872450362e-05,1.07964201197826e-06,7
"20178",1.86315753062546e-09,8.6037899397429e-10,0.998996818439895,4.68248735082397e-09,2.11148013091271e-08,1.17848617854479e-09,7.12260755092155e-08,1.34758413342231e-10,4.70421935764362e-08,0.00100303345776615,3
"20181",0.00980806451446141,0.773958204165557,0.00471800878380542,7.08639809890597e-06,1.37618308061335e-06,8.20242921628649e-07,8.93216161016357e-08,0.0165536226160324,0.194801185551242,0.000151542223184447,2
"20183",1.10747611750815e-09,0.000346071052274921,2.97434989407333e-08,0.00184284677766307,0.943404641421221,0.00118866173389754,2.9411141064287e-07,2.66397817610671e-05,0.041714243190925,0.0114765710798719,5
"20186",1.04774788064442e-08,0.000303201269927178,8.01860273268165e-11,0.00484170927263367,0.987938967638139,0.000733702536024535,7.17966832252192e-05,0.00226484421627387,0.00378558540736742,6.01824187438236e-05,5
"20188",4.50158743609322e-10,2.26393421758815e-09,0.979992313448326,5.30244382408845e-08,1.51947105561859e-06,4.61095446125682e-09,2.37338947764442e-07,4.59913703503376e-10,1.47100322434433e-07,0.0200057218319488,3
"20190",0.000610924932806849,0.986477054992639,7.57567531886915e-09,3.83207352531716e-05,9.00192757527213e-07,6.7350809594804e-07,2.27934960336098e-10,0.00413554734182245,0.00873636514620783,2.05346807294066e-07,2
"20193",0.000622121418335147,1.1973889483325e-05,0.995532599974348,3.21810310176036e-05,1.37660991345892e-06,1.02840176082783e-08,0.00289520102488594,0.000590854398615709,3.1548265977726e-06,0.000310526542785116,3
"20195",1.12830910140583e-07,8.84414090841617e-05,0.0770979682920376,0.00203040806420698,0.00430739151769666,3.2234094583221e-06,2.75391920454526e-07,1.35637617843896e-06,0.00080812737620705,0.9156626953323,10
"20197",7.4691579374086e-05,0.79032539823259,6.74422979000488e-10,0.0127323582770306,0.000383654228433474,0.000102982092759209,1.28203037313498e-09,0.0143762860100617,0.182001330168775,3.29745452175426e-06,2
"20199",1.89287242719449e-10,5.48764285736044e-08,0.121950207477156,2.33588685423243e-05,0.00108555562951457,1.86704005345972e-06,2.62204296189695e-07,2.18674381448605e-09,5.35726297354165e-05,0.876885118898242,10
"20205",9.88987877410643e-06,5.00912634381135e-05,1.79230709086039e-11,0.000278692848554005,1.17260091646095e-06,0.999657440580118,1.15612625045538e-12,1.16663116089471e-08,2.66668085131662e-06,3.44619570174064e-08,6
"20208",2.61595164697756e-09,0.000189830899743053,0.00049094515194936,0.00174461180802864,0.23310633317425,4.49628543464976e-06,8.12979277927709e-06,9.23840790070762e-06,0.0125412090500565,0.751905202813906,10
"20210",4.49772245496642e-11,1.73728790045781e-08,0.409740224548992,1.02374313092358e-06,0.00028970017101038,2.98098171791575e-08,1.81207296024442e-06,1.79372083315769e-09,9.27219828228507e-06,0.58995791824423,10
"20212",3.53744288416201e-09,4.36533349891357e-06,0.0851103597879647,0.000102203047000674,0.00273091666764138,7.14374746630495e-07,7.76893297271736e-07,1.03761532997415e-07,0.000165542114649481,0.911885014482225,10
"20216",4.02526140372347e-05,0.452100820913679,2.16004565441699e-06,3.37360828695563e-05,4.5263407222624e-05,5.99208285966505e-06,5.44969217118123e-09,0.00161074477613674,0.546079472569893,8.15520579554686e-05,9
"20219",0.00280932106137432,0.208249971961333,2.36451433024136e-06,0.0106688572690939,0.000400083979818396,0.712111288522266,6.0123822531291e-11,0.000612355078876306,0.0646942627668809,0.00045149478590299,6
"20223",0.0190502804935633,0.0249886498948177,2.35625096513459e-12,0.000174358615580951,3.51225079963292e-07,1.14620457050434e-06,6.53039239559809e-06,0.955738780175121,3.9902965032765e-05,3.14821614060825e-11,8
"20226",8.00062836508311e-07,0.000866749127163996,2.44186977827605e-06,0.988053881873195,0.00630365246465412,8.56555130939343e-05,6.16782320516463e-09,1.66724893839692e-06,0.000806006228741951,0.00387913944377428,4
"20230",0.00151046178659455,0.987227319448839,5.36104865517025e-10,1.27725952828712e-05,4.34842718495733e-07,3.81746061420397e-06,1.2053025181778e-10,0.0088773384357264,0.00236783023781478,2.45357753321919e-08,2
"20233",3.7251476722732e-08,1.60746519767974e-08,1.28524956457111e-07,2.1390232252467e-05,0.000117882402506779,0.999826972679144,1.72314097462605e-08,2.35097187004572e-09,1.58240611200145e-07,3.33950120191892e-05,6
"20235",0.0314758920380832,0.228001405976395,8.87616457621846e-11,0.0652506948070178,0.000149592692360617,0.0103659866497297,6.46254221797776e-06,0.641431560882562,0.0233183764850915,2.78377800695188e-08,8
"20239",0.000354423632188947,0.0209145129136073,1.12393294879404e-08,0.0314306941059306,0.00160319927649436,3.45037650046866e-05,5.49957851242095e-05,0.901843866097682,0.0437616606782022,2.13250643634171e-06,8
"20254",0.00185177085466429,0.00849040419242931,6.64429372695873e-11,2.49003236394322e-05,4.90472144318367e-08,0.989584167069018,2.66313995673224e-14,3.35957826216939e-07,4.83635114567863e-05,8.97728242187762e-09,6
"20256",0.000501522103217159,0.511759746942238,8.75905551957744e-11,0.000127999704749458,1.10930176908957e-05,7.15503639212909e-05,7.31912898826045e-09,0.170789816173975,0.316738230075508,3.42119803692005e-08,2
"20262",8.25503018770992e-11,1.04183803117598e-06,0.0181442405502631,7.53079270287029e-06,0.00340678043896665,4.24390288589831e-07,1.43667522213539e-07,2.19784222454153e-08,0.000624337507069684,0.977815478754183,10
"20270",0.00061224880529916,0.229113552606376,0.000492793274863874,8.88998501005564e-05,0.00200614817320612,1.43759690507716e-06,0.000189140707266246,0.7583907260072,0.00744756608259088,0.00165748689619169,8
"20284",6.28819582112346e-07,0.00326543604636752,8.76290785339757e-08,0.0218810675007556,0.317890186656946,0.645976922092046,1.20361185042971e-08,1.4086524592244e-05,0.00253558667758939,0.00843598601692407,6
"20287",0.159216185207514,0.789363210389121,2.16454774105656e-11,0.000767508710910551,3.34798099327531e-08,3.20695264544483e-06,6.5449185918821e-10,0.0503186642663437,0.000331190167970243,1.49547425182362e-10,2
"20290",1.6205677666719e-05,0.00139662244661776,2.78835075486508e-07,0.00203223948704234,8.80016517541662e-05,0.99614956453618,4.52399717471033e-12,1.49499122925026e-08,0.000106179429208724,0.000210892982018527,6
"20293",5.07376882304732e-07,0.0335748019312012,1.71307539235765e-08,2.89312973024982e-05,0.000975088197624687,0.000201634949838987,3.8513790942692e-09,0.0014219496090988,0.963725740778429,7.1324877489857e-05,9
"20296",1.13068127314666e-07,0.000199132816524063,0.267210270058461,0.000231285889842653,0.0321564741380971,1.7161000038357e-08,0.00870976473333024,0.0053043088568707,0.0648801086875536,0.621308524590194,10
