"","V1","V2","V3","V4","best$classification"
"19812",0.962489684274219,0.0361383791651121,0.00135793283306368,1.40037276049264e-05,1
"19814",0.985766291526013,0.00611748116170658,9.03712598607306e-05,0.00802585605241989,1
"19816",0.0335502797637119,0.966421325513187,1.94298553516826e-05,8.96486774909495e-06,2
"19818",0.893652656125836,0.08164396145735,0.000163310935890503,0.0245400714809237,1
"19820",4.21868093324508e-06,0.999865133257663,0.000130618631124607,2.94302793179429e-08,2
"19822",5.69303758813659e-05,0.942916733726306,0.0570152870235239,1.1048874288951e-05,2
"19824",0.00262481780567175,0.993019256026947,0.000125309136753404,0.00423061703062793,2
"19826",0.960483549734197,0.0393073044829604,3.420360192482e-05,0.000174942180918111,1
"19828",0.00146872648186467,0.997944318237273,0.000575197295145551,1.17579857162627e-05,2
"19830",0.997891726502223,0.000643947192620984,0.00100404333606095,0.000460282969095055,1
"19832",0.257850247879728,0.182825837232301,0.559311550653977,1.23642339942137e-05,3
"19834",0.0901931105577854,0.889662127469619,0.0196965526775395,0.000448209295056309,2
"19836",0.755963662657857,0.243661170553492,0.000355578065628113,1.95887230230823e-05,1
"19838",0.99749187972452,0.000234475020417373,0.00025392644554151,0.00201971880952135,1
"19840",0.269382534110955,0.730448630780619,0.000102954751415867,6.58803570104273e-05,2
"19842",0.998887838024431,0.000162655502690974,6.55821868845293e-06,0.000942948254190123,1
"19844",9.67935512861406e-05,3.99729075347604e-05,4.63901358572192e-07,0.999862769639821,4
"19846",0.792651224812431,3.65007585494564e-05,9.69068232913214e-07,0.207311305360786,1
"19848",0.908530034857174,6.82904618994371e-05,3.94888726093622e-06,0.0913977257936657,1
"19850",0.672341791996118,0.000680304850080639,2.06849983656358e-05,0.326957218155436,1
"19852",0.301503744960257,0.696908149603672,0.000488611594756558,0.0010994938413151,2
"19854",0.986510962739371,7.2593897148285e-05,9.44086799677628e-06,0.0134070024954843,1
"19856",0.0386247875086221,0.00220371635876309,6.27107676934383e-05,0.959108785364921,4
"19858",0.00775834664477893,0.0495109281025473,0.000488447086595137,0.942242278166079,4
"19860",0.63527137449607,0.364250647795123,0.000316876146667265,0.000161101562139882,1
"19862",0.983091016393893,1.85108850694213e-05,1.03346498215091e-06,0.016889439256055,1
"19864",0.532373052857742,0.304678624548483,0.00233898545031843,0.160609337143457,1
"19866",0.0158363051607791,0.984098248958485,5.40509715225371e-05,1.13949092138255e-05,2
"19868",0.000277677181304599,3.95712925855909e-05,0.999543622535029,0.000139128991080701,3
"19870",0.990878235736466,0.000774101573638093,1.06724980322181e-05,0.00833699019186313,1
"19873",0.960774631799301,0.0366472188099079,2.50831565079258e-05,0.00255306623428276,1
"19875",0.00699991332305318,0.992268575705349,0.000731003842509516,5.07129088957392e-07,2
"19877",0.986718696782966,0.00801941356399855,9.50171197626441e-05,0.0051668725332727,1
"19879",0.642652316624721,0.345730347781696,0.00253140138885368,0.00908593420472953,1
"19881",0.982685638748936,0.0139958201462586,2.69568992579938e-05,0.00329158420554762,1
"19883",0.994092594555844,0.0054441637366056,4.19250804787864e-06,0.000459049199502956,1
"19899",0.594023150448606,0.3942850747297,0.0115526545614836,0.000139120260210708,1
"19908",0.129500688002132,0.609826534066862,0.218484810776668,0.0421879671543379,2
"19910",0.626595909847913,0.372172996663759,0.000167129318027118,0.00106396417030074,1
"19912",0.995520171039427,8.33027932665423e-05,3.91490567379376e-06,0.00439261126163322,1
"19914",0.725993660989478,0.262491783002617,0.00930929257555284,0.00220526343235214,1
"19916",0.0034061470035588,0.99428906561092,0.000212276604687799,0.00209251078083332,2
"19918",0.838832087461538,0.00094284086197603,1.30027316215416e-06,0.160223771403324,1
"19920",0.136505395615686,0.000102227018826581,1.23976238365063e-06,0.863391137603104,4
"19922",0.283600767870274,0.028352079912831,0.687945713209658,0.000101439007236864,3
"19924",0.934807984468151,0.0177320928476876,4.53943209148098e-05,0.0474145283632468,1
"19926",0.458105484139072,0.518065283389027,0.0238210269206789,8.20555122180786e-06,2
"19928",0.525090634955924,0.00785741387599888,0.00104976305512934,0.466002188112948,1
"19930",0.997293770163998,0.00197685853863445,3.89290410833571e-05,0.000690442256283681,1
"19932",0.994592284751578,0.00015779877243012,3.09650157288522e-05,0.00521895146026331,1
"19934",0.0352657309204096,0.961181125725574,0.00335273615684437,0.000200407197171654,2
"19936",0.977755175833947,0.0203538978907882,0.0013750028134173,0.000515923461847562,1
"19938",0.0010624027909505,0.994835066395297,0.00400629370813093,9.62371056216047e-05,2
"19940",0.912887529618375,0.0851315050542901,2.30108408919058e-05,0.00195795448644311,1
"19942",0.939775571110489,0.0259528764513734,0.000155894336184547,0.034115658101953,1
"19944",0.298422095540575,0.701285708548698,0.000162884227416409,0.000129311683310266,2
"19946",0.824837596974615,0.145404288754082,0.000222050822624998,0.0295360634486787,1
"19948",0.933920446252309,0.00930063872132003,1.87197572219144e-05,0.0567601952691486,1
"19950",0.00335468037517188,4.42006999297625e-06,1.31468193720113e-06,0.996639584872898,4
"19952",0.933920446252309,0.00930063872132003,1.87197572219144e-05,0.0567601952691486,1
"19954",0.996743705580192,0.000493921834795324,1.41219017397617e-05,0.00274825068327274,1
"19956",0.344114736694645,5.27638467605994e-05,0.000394018539820897,0.655438480918774,4
"19958",0.00458348055822227,0.000436313711009658,0.993186627530723,0.00179357820004497,3
"19962",0.587244720927409,0.235898577079595,0.00467791669066009,0.172178785302336,1
"19964",0.911361681637776,0.057050268371664,5.88417663968951e-05,0.0315292082241627,1
"19966",0.000923819627318758,0.998927374558016,0.000148384502264136,4.21312401060269e-07,2
"19969",0.998570865242073,0.00102445191046137,7.82521492990153e-06,0.000396857632535646,1
"19972",0.85952104172471,0.00129655872854252,7.48386578213936e-06,0.139174915680965,1
"19974",0.0821376372359548,2.94076616246967e-06,9.19921977599248e-08,0.917859330005685,4
"19976",0.905087904984304,0.0266091658689537,6.1957114092424e-05,0.0682409720326497,1
"19978",0.294386779504095,0.704096419431653,2.30199955241654e-05,0.00149378106872834,2
"19980",0.686097466094835,5.51348328998926e-05,8.27449561754823e-06,0.313839124576648,1
"19982",0.177068558014404,0.000676395355161714,0.000121311782347757,0.822133734848086,4
"19984",0.00114742789173167,5.8121012857086e-05,7.7479514901441e-07,0.998793676300262,4
"19986",2.19472691843473e-05,0.999394773516309,0.000583246793387603,3.24211189965861e-08,2
"19988",2.22065651197818e-06,0.999060145201166,0.00093761491628183,1.9226039729215e-08,2
"19992",2.17833086684897e-05,0.998976689571071,0.00100087246251186,6.54657748781594e-07,2
"19994",0.997276807180227,0.0024300305597814,0.000113868323912918,0.000179293936078957,1
"19996",3.50384672038119e-05,0.999824182081228,0.000140238306562688,5.41145005852832e-07,2
"19998",0.861788675852031,0.105371521873005,0.000529426196486318,0.0323103760784773,1
"20000",0.977487652100561,0.000263850313034701,0.0210148584807086,0.00123363910569586,1
"20003",0.989556610219901,0.0100663807021742,0.00036373072610098,1.32783518234987e-05,1
"20005",0.914232275208967,3.12355976335237e-05,1.24759937459179e-06,0.0857352415940247,1
"20007",0.311881252170918,0.681295379156195,0.00516032613403556,0.00166304253885149,2
"20009",0.00169189296885406,0.996598772417464,0.00104688141741805,0.000662453196263895,2
"20011",0.970147346095436,0.0071183921066406,2.13143198972788e-05,0.0227129474780262,1
"20013",0.879156901656591,0.00192249994673063,7.73489082043444e-05,0.118843249488474,1
"20016",6.81694051426755e-05,0.993227209809976,0.00668406904379017,2.05517410910341e-05,2
"20018",2.70200769212564e-07,0.0191019316216297,0.980897778864558,1.93130436206111e-08,3
"20021",0.0190833445194002,0.980213079701347,0.000702672077779417,9.03701472918774e-07,2
"20023",0.0775866424889433,0.91984939032244,0.0023673340556036,0.000196633133012833,2
"20025",0.000115698320469927,0.57887967903117,0.421004035615411,5.87032948895065e-07,2
"20027",0.99949242438866,0.000347370165102112,9.69067734148562e-06,0.000150514768896188,1
"20029",0.970384994683417,0.000116418776053833,6.54868364091305e-07,0.0294979316721645,1
"20032",0.999538004617334,0.000334123887810659,2.00384538599769e-05,0.000107833040995094,1
"20034",0.982996171479595,0.0121170373850685,3.45644718657518e-05,0.0048522266634707,1
"20036",0.746990112470945,0.0597289436702079,0.00310584981321345,0.190175094045634,1
"20038",0.000939790135668019,0.989964222489226,0.0090959628399048,2.4535201503867e-08,2
"20040",4.26352552994431e-05,0.985394973592218,0.0145410338607323,2.13572917500878e-05,2
"20043",0.00413263195248591,0.994540365389688,0.00132484941033774,2.15324748823683e-06,2
"20045",2.28446058655184e-06,0.991154991326693,0.00884229207025469,4.32142465641532e-07,2
"20048",0.000152892473976839,1.89720879402225e-06,7.80701359820982e-07,0.999844429615869,4
"20051",0.504204505169764,0.450840546784834,0.0325900446886953,0.0123649033567073,1
"20053",0.0195033132487689,0.979871786577908,0.000176136470363676,0.00044876370295971,2
"20055",0.0781165972241644,0.771504124187339,0.150378736937692,5.41650804805327e-07,2
"20057",0.000440792265363587,4.73850677508042e-06,0.99649033063948,0.00306413858838074,3
"20059",0.0200947661141014,0.975683813418293,0.00413708990311455,8.4330564490914e-05,2
"20061",0.129929637628754,0.868954092283704,0.000744700465410635,0.000371569622130596,2
"20063",0.000154785722746442,0.019888997159357,0.000830366379028424,0.979125850738868,4
"20065",2.37827935601951e-05,0.167184398014926,0.832791817853822,1.33769120950848e-09,3
"20067",0.000430323187275664,0.984628936163382,0.0146851696751852,0.000255570974157082,2
"20069",0.445910282563247,7.77824254318339e-05,1.39268998683631e-05,0.553998008111453,4
"20071",0.60482048479917,0.383458105430973,0.00815980665055158,0.00356160311930588,1
"20073",0.114241492508668,0.00158265024290424,3.43505562894137e-06,0.884172422192799,4
"20075",0.000380493748990599,2.5762160953359e-05,0.999590755099239,2.98899081752022e-06,3
"20077",0.0176308452247372,0.981479167889859,0.000214062746661699,0.000675924138742243,2
"20079",0.0868423541631598,0.235178287391194,0.00304867750611086,0.674930680939535,4
"20081",0.00730258028130229,0.82854411862816,0.164139589437082,1.3711653455746e-05,2
"20083",0.0277278263805282,0.00862587428186575,0.00171646532888093,0.961929834008725,4
"20085",3.65196590275742e-06,0.996230304954313,0.00376603769775459,5.38202933131179e-09,2
"20088",0.000697714834101661,0.997783237446917,0.00151857549991925,4.72219062179497e-07,2
"20091",0.000150010260569241,0.00348905302769573,0.996355345887225,5.59082451019815e-06,3
"20095",0.0261967667264439,0.0678977659161361,0.000433351041866033,0.905472116315554,4
"20097",5.92129483718567e-06,0.985718691851626,0.0142753801655081,6.68802832654004e-09,2
"20099",0.00889267658620501,0.977782503326365,8.60470147941683e-06,0.0133162153859507,2
"20102",0.00432584447125221,0.00421554947781832,0.131240820929642,0.860217785121287,4
"20105",0.00614907492355814,0.992499251018059,0.000591247020971432,0.000760427037411003,2
"20107",0.000986262297853538,0.998766905719501,0.000245139858696051,1.69212394991821e-06,2
"20109",0.0374059965899935,0.67664633882149,3.92504751329774e-05,0.285908414113384,2
"20111",0.400711811112346,0.000353417919635312,0.576252527863418,0.0226822431046009,3
"20113",0.0388245923010517,0.960749053912423,0.000418745952456409,7.6078340688467e-06,2
"20115",0.997534294778782,0.000249221419107868,0.000484797891169255,0.00173168591094073,1
"20117",0.00982545708857817,0.242985052661203,0.74712461409764,6.48761525781207e-05,3
"20119",0.00124979929513112,0.998675186996389,7.4731885178156e-05,2.8182330212208e-07,2
"20121",0.000179129898819921,0.999215103199917,0.000605678380773331,8.85204900049851e-08,2
"20123",5.08532979508162e-05,0.00229823931712043,0.997650863094763,4.42901656172389e-08,3
"20125",0.876233493444067,0.000565843649852458,8.0402555541315e-05,0.123120260350539,1
"20127",2.74301564256929e-05,0.999508737633355,0.000458456073206621,5.37613701278641e-06,2
"20140",0.1976066842505,0.396316571551383,0.406069801722551,6.9424755657243e-06,3
"20142",0.00962963518844028,7.92893361420028e-06,3.32720066396887e-06,0.990359108677282,4
"20144",0.973934536315749,0.000322824769827533,0.0133996516532922,0.0123429872611315,1
"20146",0.594246737293382,0.0125632052102816,0.00686688725278778,0.386323170243549,1
"20148",0.985057228210635,0.0141367626701754,0.000270864509981605,0.000535144609207885,1
"20150",0.422726877339312,9.82218534729562e-06,6.34250256380159e-07,0.577262666225084,4
"20152",0.950776344501782,0.0485088078445851,0.000336858749267219,0.000377988904365081,1
"20154",2.67598121478614e-05,0.045275710376535,0.954686456572782,1.10732385356473e-05,3
"20156",0.153558914542171,0.755276749948446,0.0241980103523911,0.066966325156993,2
"20159",0.386459567206413,8.10936687147525e-05,2.65635859076726e-05,0.613432775538965,4
"20161",0.01867434719772,0.00136514694580969,0.000138321873657022,0.979822183982813,4
"20163",0.945702119992792,0.0525095761954229,0.00175789940320872,3.04044085767044e-05,1
"20165",0.00187180600466,0.018268553931736,6.49501004229e-05,0.979794689963181,4
"20167",0.974608563976674,0.00908922353067396,2.6907689632528e-05,0.0162753048030195,1
"20169",0.000573225245569136,2.34213957366194e-06,1.02417247134175e-06,0.999423408442386,4
"20171",2.31603463226782e-06,0.0120911699329211,0.987894539005317,1.19750271297883e-05,3
"20173",0.00967796398877681,0.153256028074751,5.73418920218017e-05,0.83700866604445,4
"20175",0.981833548357743,0.00294121194639452,5.17226004976301e-05,0.0151735170953646,1
"20177",0.0236435115560505,0.974873159031276,3.16074085035986e-05,0.00145172200416983,2
"20180",0.000175831204165077,0.996625110479992,0.00319905669603813,1.61980447876239e-09,2
"20182",0.000456228745217766,1.42008368970945e-07,3.04260725510921e-05,0.999513203173862,4
"20184",0.0636294452882691,0.000402292138493423,9.82416139671644e-06,0.935958438411841,4
"20187",0.453524256579303,0.333896155452707,8.44591762263306e-05,0.212495128791763,1
"20189",0.106750722921283,0.893180157990272,1.64570728360935e-05,5.26620156089335e-05,2
"20192",0.0147505795933083,0.851411177975795,0.133809548441743,2.86939891544074e-05,2
"20194",0.154627642644051,0.000304483163160071,9.06195142571374e-06,0.845058812241363,4
"20196",0.000232538130124707,0.824954814148734,0.174811840183297,8.07537844300761e-07,2
"20198",0.660023223027028,0.329796297067316,0.00875871839149447,0.00142176151416137,1
"20204",0.459520514540884,9.98292305115978e-05,3.51708238553253e-05,0.540344485404749,4
"20207",0.000346463437133534,0.898948893213478,0.100654206446201,5.04369031879812e-05,2
"20209",0.949892140112343,0.00094363568079719,0.0491375741139974,2.66500928624745e-05,1
"20211",6.99585020603464e-05,0.00167981900988301,0.99825001698791,2.05500145997386e-07,3
"20215",0.0232299788248751,0.974852689666274,0.00182975713383278,8.75743750183028e-05,2
"20218",0.0257725493349416,1.29084682503073e-05,3.34244637105445e-06,0.974211199750437,4
"20222",0.00838976721408346,0.911621589436197,0.0798470108504178,0.000141632499301224,2
"20225",0.959306825687186,0.000483655627130558,0.00123346350464605,0.0389760551810381,1
"20229",0.789987989382374,0.0576297128585788,0.150311062894124,0.00207123486492291,1
"20232",0.115675109922257,0.855444609727957,0.0288197753218047,6.05050279821837e-05,2
"20234",3.83344569597751e-06,0.888689725113132,0.111306425635456,1.58057161252077e-08,2
"20238",0.000796112518936574,0.997020433072458,0.00216139613900758,2.20582695973851e-05,2
"20253",0.000461220703879434,0.998385322391149,0.00114888551839218,4.57138657987846e-06,2
"20255",0.997350517541601,0.000864115830123456,0.00106909318545627,0.000716273442819117,1
"20258",0.000350553531580018,0.999543453129468,0.000105693550026604,2.99788925788702e-07,2
"20269",0.0377055643207435,0.914572349769514,0.000181503177912758,0.0475405827318301,2
"20271",0.00152126075852071,0.998444964664875,3.1913482357355e-05,1.86109424697248e-06,2
"20285",0.900106847090145,0.0652433198089468,0.000193952694490833,0.0344558804064176,1
"20288",0.0289954295314114,0.967146098500013,0.0036704815110443,0.000187990457531356,2
"20291",0.000419105085864217,0.745253793829237,0.254320373165085,6.72791981344827e-06,2
"20295",0.148775856812748,0.811230474724894,0.000286765620614714,0.0397069028417436,2
"20298",0.992476863463844,9.18197417283725e-05,1.2070171412135e-05,0.00741924662301583,1
"20302",0.358594477332119,0.00189544560997812,1.49546485390773e-05,0.639495122409364,4
"20305",0.998277364104787,5.65267384843753e-05,3.88618079628135e-06,0.00166222297593257,1
"20307",4.8261692170573e-05,0.999281418167696,0.000670200488141974,1.1965199179564e-07,2
"20310",3.03279488390355e-06,0.997408493232588,0.00258831404307496,1.59929452773324e-07,2
"20313",0.00134434802047796,5.74649301966059e-07,8.07525487744977e-08,0.998654996577671,4
"20315",0.00138191649732683,0.998433049697497,0.000183128488628937,1.90531654771316e-06,2
"20319",0.000383133139635521,0.416950665135808,0.582665717459876,4.84264680481333e-07,3
"20321",0.000191326188312198,0.999659875463463,0.000131364351037074,1.74339971876966e-05,2
"20327",0.000156982990835955,0.999824115652924,1.78927821738079e-05,1.00857406645867e-06,2
"20329",0.681241777787124,0.00213379035508406,3.95284668811368e-06,0.316620479011104,1
"20335",3.39497415390886e-05,0.881581260581363,0.118382302385397,2.48729170123098e-06,2
"20337",0.70833493258844,0.000133756924757101,3.02556019233752e-05,0.291501054884879,1
"20339",0.0204539825684343,0.0118269372704593,0.967707445665371,1.16344957348396e-05,3
"20341",7.14106602455707e-05,0.034305059673263,0.965159387678925,0.000464141987566384,3
"20343",4.04037241617546e-05,0.989391726817789,0.0104468528755892,0.000121016582460281,2
"20345",0.994672315568549,0.00524084327061503,6.19498116970783e-05,2.4891349139286e-05,1
"20350",0.184089920436189,0.452351053127067,0.326425035827066,0.0371339906096782,2
"20352",0.00103199274980907,9.19112680477619e-06,1.10938482887311e-06,0.998957706738557,4
"20355",0.0465442842539432,0.00718932993052851,0.000467271689683353,0.945799114125845,4
"20358",0.638933913230555,0.000339362559085011,1.33870141903327e-06,0.360725385508941,1
"20363",0.00058586232722506,0.999274423336146,0.000127812289046883,1.19020475822087e-05,2
"20365",0.0323488058846107,0.423494074827017,0.544152890139698,4.22914867424887e-06,3
"20379",0.995566313236287,0.000794317186652309,0.00114354582263426,0.0024958237544262,1
"20387",0.000873029577117663,0.997128252370554,0.00199803860275653,6.79449571622977e-07,2
"20392",3.35008972318555e-05,0.0039912854291505,0.995975188593623,2.5079994974255e-08,3
"20395",0.968283779898322,0.0292068555223927,0.000665358703210552,0.00184400587607522,1
"20397",0.0164222019978648,2.14429009910845e-05,8.51570700429418e-07,0.983555503530444,4
"20410",0.018192009724887,0.981020400091441,0.000787398497534187,1.91686137859166e-07,2
"20414",0.680190378484059,0.00213254701604922,2.17196625703083e-05,0.317655354837322,1
"20417",1.98846939145837e-06,0.137051669486391,0.862946226707615,1.15336602613514e-07,3
"20419",8.3037925871699e-05,0.999909569470209,3.53052485207968e-06,3.86207906672028e-06,2
"20421",0.307705471305419,0.00841180946991499,0.0312598589259696,0.652622860298697,4
"20423",0.606439070329292,0.000658616196605113,0.000319865510914612,0.392582447963188,1
"20425",0.410349716592354,0.0016788661942229,0.00116890732779289,0.58680250988563,4
"20427",0.932282954598368,0.0670606782458697,8.24251132556889e-05,0.000573942042506584,1
"20429",0.000407520884325493,0.994567932721492,0.00463458089397703,0.000389965500205453,2
"20432",0.190437958956657,0.00010777423422109,1.17865286780273e-06,0.809453088156254,4
"20435",0.188238525911067,0.782670951737254,0.0290648673364385,2.56550152404336e-05,2
"20438",0.000818547273079238,0.998622866130706,3.20558843882267e-05,0.000526530711826733,2
"20440",0.000345524935205835,0.999570174128195,4.37709103434348e-05,4.05300262558237e-05,2
"20443",0.00325554405069492,0.000524390968520183,8.59008439721648e-05,0.996134164136813,4
"20446",0.447094643123653,0.545464458804594,0.00194615421348857,0.00549474385826511,2
"20449",0.192403906435542,0.789974178907727,0.0175754359640465,4.64786926850526e-05,2
"20537",0.00829049798199597,0.721849919904379,0.269616672527124,0.000242909586501093,2
"20540",2.32217915445346e-05,0.0126282569525391,0.987348496198839,2.50570774684937e-08,3
"20543",0.72691262779751,0.266562880627022,0.00134724846625853,0.00517724310920933,1
"20545",5.06527577058653e-05,0.00178391726502146,0.998164806798065,6.23179208086344e-07,3
"20549",0.875729487881043,0.0953729970243783,0.00929488532949475,0.0196026297650842,1
"20551",0.0198846998970333,0.977510317896531,0.00246087540105307,0.000144106805382228,2
"20554",0.00627441446438973,0.993528531933421,0.000172856215936777,2.41973862527174e-05,2
"20556",0.533544872905501,0.270430156522511,0.194123177329629,0.00190179324235867,1
"20558",0.000124169011535717,0.999604959110134,0.000270219901598825,6.51976731940474e-07,2
"20560",0.017471077141945,0.97890083732826,0.000148125405385455,0.00347996012440925,2
"20563",2.30564127933416e-05,0.999619510162736,0.000355379776937837,2.05364753308556e-06,2
"20565",0.096841345523529,0.879718248649594,0.00194813051626314,0.0214922753106137,2
"20567",0.128916857458981,0.000181326305985153,5.43315071906336e-06,0.870896383084315,4
"20571",0.00269583498619187,0.966160606152156,0.0310421326291244,0.000101426232527427,2
"20573",0.037336491448037,0.955894285517885,0.00611636490058887,0.000652858133488752,2
"20575",5.61773476566768e-05,0.999786383587274,0.000156893951585267,5.45113483716403e-07,2
"20577",0.862433854643004,0.134471247448426,0.00290088937754826,0.0001940085310221,1
"20579",0.00326718231032359,3.84264118352204e-06,4.22179135706196e-08,0.996728932830579,4
"20582",2.49116007914141e-05,0.999798028705879,0.000176931002226619,1.2869110367555e-07,2
"20585",0.0132364438718051,0.103588591130579,0.883172460647174,2.5043504420679e-06,3
"20588",0.0100404243456516,0.0112714497937538,0.978465177246084,0.000222948614511128,3
"20590",0.00776901350312422,1.34746876743842e-06,2.9549552729402e-08,0.992229609478556,4
"20592",1.14743805380642e-05,0.999861393905703,0.000124789170231665,2.34254352764369e-06,2
"20594",5.14520125879665e-05,0.999514369967597,0.000434145393635157,3.26261792581014e-08,2
"20596",0.016669149375729,0.982353603803623,1.07036855647178e-05,0.000966543135082947,2
"20598",0.0131079445179429,0.986698875190441,0.000180772800040442,1.24074915760826e-05,2
"20600",0.144177520342893,0.0974058158489129,0.757153675040278,0.00126298876791644,3
"20603",0.988129637691356,0.00131777893740959,0.00518819486765765,0.00536438850357725,1
"20605",0.000786343430094537,0.998574881341602,0.000638676998337643,9.82299657687564e-08,2
"20607",0.00255492318702097,0.997420393449742,2.30654229706609e-05,1.61794026657888e-06,2
"20609",0.0229348385257386,0.976802893108762,0.000199184910370575,6.30834551289285e-05,2
"20611",0.999360676619811,6.40108444867022e-05,3.77482135600266e-06,0.000571537714347032,1
"20613",0.561136245752157,0.434762079405021,0.00407471595297693,2.69588898449725e-05,1
"20615",0.532533628980879,0.36846505658656,0.0960892026671502,0.00291211176541057,1
"20617",0.00415380031042394,4.60631796644424e-06,1.43368463438804e-06,0.995840159686975,4
"20619",5.18621267269292e-05,0.999881809490796,5.92223332938994e-05,7.10604918335737e-06,2
"20621",0.0203394790298859,0.979032091822073,0.000569996691613132,5.84324564279912e-05,2
"20623",0.0155326502256141,0.00295634699544995,7.12956269709298e-07,0.981510289822666,4
"20625",0.899094251569197,0.00276801612321914,0.0483680687821772,0.0497696635254068,1
"20627",0.243603590717428,0.75569790514101,0.00068810658463267,1.03975569291289e-05,2
"20629",0.16281991048597,0.831828484400486,0.00443832889853709,0.000913276215006598,2
"20631",2.72100431942117e-05,0.999764829358384,0.00019482409504375,1.31365033781561e-05,2
"20633",0.000784480964173453,3.25488544062546e-07,3.47176021213462e-08,0.99921515882968,4
"20636",0.964524842457161,0.00118032405780265,1.27694854720591e-05,0.0342820639995641,1
"20638",0.768234357189089,0.154491863160396,0.0769342392152785,0.000339540435235789,1
"20640",0.00436629476529754,0.913320959932807,0.0823126890581714,5.62437242998658e-08,2
"20645",6.53674693190535e-06,0.994811617984834,0.00518183606309389,9.20514018217174e-09,2
"20647",0.000161902370535519,2.02299709166971e-06,9.03905446584978e-07,0.999835170726926,4
"20649",0.0217042871454475,0.965248715279597,0.0130275313891098,1.94661858454858e-05,2
"20651",2.35719314337132e-05,0.99655133548196,0.00340128492793672,2.3807658669898e-05,2
"20656",0.00207221883185495,0.959388295862042,0.0385313947119576,8.09059414504259e-06,2
"20660",0.0154672083401956,0.0787887185023694,0.905732746082195,1.13270752397088e-05,3
"20662",0.0927952480699882,0.000542989264176802,4.62228066910385e-06,0.906657140385166,4
"20664",0.019840255596067,0.859629684035713,4.51633201084941e-05,0.120484897048111,2
"20666",0.935413847094312,0.00106424378421143,0.0633471112480654,0.000174797873411581,1
"20668",0.542313176648701,0.000184666192618115,2.0538686629489e-06,0.457500103290018,1
"20670",0.00216241557270519,0.997398483427249,0.00042559713580386,1.350386424262e-05,2
"20672",0.540768831111878,0.000148826366771051,6.86485579408375e-05,0.45901369396341,1
"20674",0.0931643040972372,0.90634152644847,0.000247426638516065,0.000246742815776341,2
"20676",0.927994145337559,1.81396611394351e-05,4.00446811434906e-06,0.071983710533187,1
"20678",0.502491876407554,1.76625053821345e-05,5.29736806695356e-07,0.497489931350257,1
"20680",0.691938258731819,0.00337807497427386,8.81673829658795e-05,0.304595498910941,1
"20682",0.995050971902141,0.00356923971721405,9.98401830475859e-06,0.00136980436234038,1
"20684",0.164187675954149,0.83105594931206,0.004701437657581,5.49370762096222e-05,2
"20686",0.0269250233624732,1.90015829018317e-05,3.69295097611996e-06,0.973052282103649,4
"20688",0.0478854871768161,8.87086282958894e-06,1.94483134465919e-07,0.95210544747722,4
"20690",0.00246833701395512,0.0486678822837844,0.948863493518655,2.87183605968912e-07,3
"20692",0.0021281962634875,4.49637045647395e-07,2.29928275610615e-08,0.997871331106639,4
"20694",0.976783249856388,5.19922835289441e-05,4.7619476509036e-06,0.0231599959124327,1
"20696",0.990031140130681,0.00113550276641721,4.34909710143728e-05,0.00878986613188715,1
"20698",0.0762319100640828,0.903146221253652,0.0116545016154343,0.00896736706683114,2
"20700",0.00209234684791627,0.99350431151341,0.000513008264963439,0.0038903333737103,2
"20702",0.000235529695501348,0.118574750185278,0.881189599943193,1.20176027560125e-07,3
"20704",0.183580053206465,0.815734590462947,0.000608123390893851,7.72329396944895e-05,2
"20706",0.744338321317216,0.227962271197257,0.00599815033318495,0.0217012571523429,1
"20708",0.989841342596327,0.000128018229673292,1.64849520916299e-06,0.010028990678791,1
"20710",0.0452843835266861,0.551736834923035,0.402975642666045,3.13888423409249e-06,2
"20714",0.0178395319537498,5.78833546689561e-05,1.88636160229485e-07,0.982102396055421,4
"20716",0.0107445014206105,0.989072712447986,0.000181395000142508,1.39113126108208e-06,2
"20719",0.438462283261794,0.560510077693913,0.000513656822551268,0.000513982221741022,2
"20721",1.32472069460289e-05,0.999850027087158,0.000133856759994973,2.86894590089042e-06,2
"20723",0.214194216870565,0.776560643039888,0.00697435426685523,0.00227078582269103,2
"20725",0.996331459039199,0.00317824016637306,0.000266528040576368,0.000223772753851376,1
"20727",0.00868067746364843,8.89971778569117e-06,0.000182266177738723,0.991128156640827,4
"20729",0.999506064171663,7.48703777204036e-05,5.0089818586697e-06,0.000414056468757886,1
"20731",0.998929046494884,0.000834871366639346,0.000201014673391446,3.50674650853587e-05,1
"20733",0.13128161603004,0.863903881065717,0.00478651476692473,2.79881373176758e-05,2
"20735",0.580447165475509,0.399816596320644,0.0197175936909319,1.86445129155015e-05,1
"20737",0.939783573272376,7.12440592767227e-05,6.13317805597444e-07,0.0601445693505421,1
"20739",0.00106027462222772,5.45451171980045e-07,1.2146180668413e-07,0.998939058464794,4
"20741",0.945793267456818,0.0122480524154094,0.000158889494430443,0.0417997906333424,1
"20743",0.993257457783208,0.00614710563841549,6.89335194397299e-05,0.000526503058937307,1
"20745",0.000193494045620472,0.999417076179453,0.000383907060996997,5.5227139294585e-06,2
"20747",0.999569299547368,8.41415410203823e-05,5.76883475251201e-06,0.000340790076859652,1
"20749",0.999174492459505,4.15207621068121e-05,6.74479232417699e-06,0.000777241986064457,1
"20751",0.99569131810357,5.85610049233604e-05,0.00338486294556443,0.000865257945942098,1
"20753",0.999457258189562,0.000151732375076202,7.09535049436247e-06,0.000383914084867862,1
"20755",0.924866580111131,0.000529361263485366,5.96870868494084e-06,0.074598089916699,1
"20757",0.218444404658802,0.209489614244968,3.99423587284877e-05,0.572026038737502,4
"20759",0.000268380960126729,0.999384988550401,4.18391088424679e-05,0.000304791380629808,2
"20761",0.960708218499496,0.0367292894801221,0.000149020379374078,0.00241347164100783,1
"20763",0.899992193346007,0.0895452096283418,0.00143340262335984,0.00902919440229178,1
"20765",0.989665813616148,0.00477058361626949,0.000133007652397986,0.00543059511518437,1
"20767",0.0627142098451904,0.936809520822186,0.000469628730147532,6.64060247640327e-06,2
"20769",0.0608238138687599,0.316199142693561,0.622976680965852,3.62471827321773e-07,3
"20771",0.697415918942135,0.102216355433758,1.52456154142e-05,0.200352480008693,1
"20773",0.907063613437802,0.0536075710232004,0.000533647005853391,0.0387951685331443,1
"20775",0.997019746661742,0.00255260572635126,0.000286955340451317,0.000140692271455717,1
"20777",0.60419509073433,0.0352778199608388,0.359724370611894,0.000802718692937678,1
"20779",0.9984330492086,0.00142032013322239,0.000101141615888543,4.54890422889283e-05,1
"20781",0.0115001195549896,3.16326087533286e-05,0.952631632690724,0.0358366151455325,3
"20783",0.97099418929659,0.0246955162637549,2.44032062432634e-05,0.00428589123341139,1
"20785",0.187159499057607,0.00139345062480606,3.30695863235049e-05,0.811413980731263,4
"20787",0.976756225266542,0.000372589149030845,6.11961972429818e-07,0.0228705736224548,1
"20789",0.64340124773633,0.355440731179675,0.00113191279909764,2.61082848974453e-05,1
"20791",0.934322025626806,2.20430365319585e-05,2.02702710617937e-06,0.0656539043095557,1
"20793",0.703203528752609,0.295916593246383,0.000867395750415069,1.24822505923015e-05,1
"20795",0.816934782293738,0.000363602106513383,5.21661229343805e-06,0.182696398987455,1
"20797",0.00217507068987092,1.91624721468728e-06,0.0041441380278374,0.993678875035077,4
"20800",0.99608480981713,0.000245018616735363,5.81454931743491e-05,0.00361202607296072,1
"20802",0.985567727107755,0.0118412294458649,0.000107829109908156,0.00248321433647167,1
"20804",0.99451397270357,4.63213364917855e-05,9.10061305315717e-07,0.0054387958986331,1
"20806",0.728302920359764,1.7939771749554e-05,1.46372896029208e-06,0.271677676139526,1
"20808",0.0213974811265021,0.978518409160241,8.35313649053651e-05,5.78348351648467e-07,2
"20810",0.557432892404634,0.00142875298762805,3.45675722900358e-05,0.441103787035448,1
"20812",0.973038590022638,0.00822391193040177,0.0109700753687646,0.00776742267819552,1
"20814",0.447374651995582,1.15573716746862e-05,3.34661976959747e-07,0.552613455970766,4
"20816",0.0735806274354739,0.914788667031378,0.0116170176964548,1.36878366930386e-05,2
"20818",0.983418026594168,0.0118330278695917,0.00022842970181923,0.0045205158344214,1
"20820",0.000374528365109793,9.39011481983058e-07,3.87415608834611e-07,0.999624145207799,4
"20822",0.991034952744376,0.00699330203707831,3.96237107499881e-05,0.00193212150779591,1
"20824",0.360160754010491,0.00153935748665038,5.09262528037858e-05,0.638248962250055,4
"20826",0.0074835387266493,6.29308330831675e-06,1.7546107357905e-06,0.992508413579307,4
"20828",0.000152892473976839,1.89720879402225e-06,7.80701359820982e-07,0.999844429615869,4
"20830",0.999132400932532,7.03328601614872e-05,9.83852822717841e-06,0.000787427679078899,1
"20832",0.550669297213372,0.405256929206794,0.000373474583789878,0.0437002989960437,1
"20834",0.0371209105337715,0.961019588861436,0.00185648633077534,3.01427401713558e-06,2
"20836",0.999209736387272,0.000680307034536427,4.15170731995252e-05,6.84395049917875e-05,1
"20838",0.935418464193802,1.83413142113542e-05,8.19971405766783e-07,0.0645623745205805,1
"20840",0.130917752860038,0.868423537438731,0.000474417172586132,0.000184292528645342,2
"20842",0.99919785000918,0.000514957844870754,1.76847481952902e-05,0.000269507397753643,1
"20844",0.963737071866326,0.03344359289474,9.53795227155709e-06,0.00280979728666273,1
"20846",0.269233863888403,0.0141555543019949,7.67266939441144e-05,0.716533855115658,4
"20848",0.823676892274595,0.174175573222504,0.000983878834074368,0.00116365566882651,1
"20850",0.0261185207891989,0.967809961293045,5.81112075356548e-05,0.00601340671022068,2
"20852",0.0135532666662749,0.948760943919921,0.00107256493755373,0.0366132244762507,2
"20854",0.0906684948780488,3.02671029501803e-05,7.40097450570174e-06,0.909293837044495,4
"20856",0.0265449212966483,0.0163850134648175,0.957040922071069,2.91431674651053e-05,3
"20858",0.00103035795648591,0.998044457815483,0.000908855950506277,1.63282775247187e-05,2
"20860",0.987248794826781,0.0125891754739091,0.000112844794564633,4.91849047452159e-05,1
"20862",0.000381647706647472,0.999583488556913,3.47361800132909e-05,1.27556426120702e-07,2
"20864",0.00691473657149885,4.80653470459876e-05,1.69210170296769e-05,0.993020277064426,4
"20866",1.76499637184192e-06,0.998826861790532,0.00117132051644538,5.26966507225163e-08,2
"20868",0.0100900660345156,0.986941925404368,0.00284781178501223,0.000120196776104104,2
"20870",0.967811701126895,0.0269775745190348,0.00117565593577212,0.00403506841829853,1
"20872",0.993626746288865,0.000702140892995138,3.24961108270606e-05,0.00563861670731243,1
"20874",0.0013569931057484,7.03184954062801e-07,3.3962987524133e-08,0.99864226974631,4
"20877",0.0133046221543418,0.968780037212662,0.0179144288112315,9.11821764181829e-07,2
"20879",0.000541294063955379,0.996945585772136,0.00251307851839981,4.16455087653936e-08,2
"20881",0.996399547350875,0.000116617570383881,1.52559775215087e-05,0.00346857910121963,1
"20883",0.968985857798744,6.79279999480802e-05,0.000159804001344577,0.0307864101999632,1
"20885",0.997814077462266,0.000289695698582906,7.05395705709102e-05,0.00182568726857963,1
"20887",0.584197278292151,0.410713768556045,0.00507937186352954,9.58128827365003e-06,1
"20889",0.997275438300725,0.00168208782065525,0.000838665417548414,0.000203808461071795,1
"20891",0.000264509556342106,0.996393998116753,0.00334134904425928,1.43282645402369e-07,2
"20896",0.285845562777297,0.637218536946212,0.0769093664332063,2.65338432843875e-05,2
"20898",0.993327437434927,0.00649288538246551,8.0222661514598e-05,9.94545210925571e-05,1
"20900",0.218360722956387,1.8289957181966e-05,0.118303341026877,0.663317646059554,4
"20902",0.0414415529604445,0.13010659648274,0.828451671213696,1.7934312001153e-07,3
"20904",0.00664808769176686,0.0120842597616222,0.000890952610633691,0.980376699935977,4
"20906",0.00893617092115372,0.972759920112564,0.0183024345632337,1.47440304805492e-06,2
"20908",0.67941957617735,0.0276581571488566,0.000129083930182443,0.292793182743611,1
"20910",0.980867574689742,0.00922540842904589,2.39481378118874e-06,0.00990462206743107,1
"20912",0.0497172572512842,4.43917948520149e-05,0.949933145089178,0.000305205864685914,3
"20914",4.01963117123356e-05,0.989963781229929,0.00999601958855462,2.86980456190091e-09,2
"20968",0.0157063584440235,0.000919549940571883,0.001017217394448,0.982356874220957,4
"20970",0.0267211282710669,0.971348551266296,0.000617785350888004,0.0013125351117488,2
"20981",0.0173259940350348,0.98247430102777,7.90286672340056e-06,0.000191802070471559,2
"20983",0.00824493545322639,7.31653531556705e-07,5.9084746721377e-08,0.991754273808495,4
"20988",0.00225683745501704,0.997472055249668,0.000100435344627273,0.000170671950687713,2
"20995",0.0557373018958877,0.152125331049244,0.787822821197896,0.00431454585697236,3
"21017",0.807335942192907,0.144147197048244,3.67622691315312e-05,0.0484800984897182,1
"21038",0.00572019248507383,0.987117032994383,0.0071621171119862,6.57408556303087e-07,2
"21072",0.0227218465123078,0.971836181972397,0.00509215340070382,0.000349818114591761,2
"21075",0.00109100278214065,0.939842146057954,0.0590668344766002,1.66833047337046e-08,2
"21223",0.952421958836365,0.0452798839130233,0.00177255986046039,0.000525597390151308,1
"21225",3.26397771560223e-05,9.52208636026197e-05,0.999872056822214,8.25370272067599e-08,3
"21230",0.0053452806079885,6.816987765417e-07,6.26213749614139e-08,0.99465397507186,4
"21236",0.99323184969349,0.00414421712007831,3.92366129364993e-05,0.00258469657349526,1
"21238",0.449676239862245,0.0772175264843013,0.472962838123081,0.00014339553037181,3
"21241",0.000564221567730557,0.99805522767893,0.000312731127150039,0.00106781962618907,2
"21246",0.0250553937430645,0.97467055553094,1.72416480920662e-05,0.000256809077903686,2
"21253",0.0457840548184177,2.88702523080474e-05,5.5852970866182e-06,0.954181489632188,4
"21256",0.809363955613641,0.00508208576516403,0.000209499025356051,0.185344459595839,1
"21260",1.2087759682817e-05,0.00447850277482861,0.99550814698504,1.26248044903043e-06,3
"21266",0.0185064537720667,0.981231330456886,0.000246005484177088,1.62102868701285e-05,2
"21332",0.00787491663815178,0.992039287900721,3.94092073911467e-05,4.63862537359185e-05,2
"21334",0.990682722207031,0.00648890931924669,0.00277269377653668,5.56746971853109e-05,1
"21375",0.000156234271419816,0.999407286835925,0.000435033827476675,1.44506517883781e-06,2
"21378",5.74366416901365e-06,0.997550695212082,0.00244336248925884,1.98634490265586e-07,2
"21381",0.00025785117404232,0.989882826190292,0.00984717203784403,1.21505978217739e-05,2
"21389",0.983767775723801,0.000365101105505489,2.62443819880183e-06,0.015864498732495,1
"21391",0.00775013823874813,0.958951263869816,0.000456815662074229,0.0328417822293616,2
"21402",0.00305481299496947,0.99692836614658,4.37256106202646e-06,1.24482973887783e-05,2
"21404",0.0201904883943957,0.647974047907392,0.331835048493248,4.15204965303706e-07,2
"21409",0.0638964060111987,0.892151935658808,0.0439482011473058,3.45718268712775e-06,2
"21413",0.803375935654431,0.163664256096737,0.0329566163483495,3.19190048330881e-06,1
"21423",0.000521783118438777,0.997142439106445,0.00233469993832967,1.07783678657104e-06,2
"21425",0.223373747975667,0.751322543274643,0.0252986771763898,5.03157329953891e-06,2
"21430",0.00849510523757031,0.0034711194682873,0.987992478406915,4.12968872276631e-05,3
"21432",0.0515404067843811,0.948315971828101,0.00012584091861599,1.77804689019301e-05,2
"21438",0.000870958311167731,0.997927584581596,0.0005691531196464,0.000632303987589491,2
"21440",0.1870462338614,0.810530003191662,0.00233929802383214,8.44649231057828e-05,2
"21443",0.990591887542168,0.000246980576781344,4.87830703191222e-06,0.00915625357401838,1
"21445",0.000661622519658132,0.000502506569518796,0.998831795818697,4.07509212552882e-06,3
"21447",4.84945304452366e-05,0.997203568312622,0.00274722677139893,7.10385533881147e-07,2
"21449",0.000843873206176822,0.999137373936531,5.5804145719627e-06,1.31724427198769e-05,2
"21451",0.000843873206176822,0.999137373936531,5.5804145719627e-06,1.31724427198769e-05,2
"21455",0.000915505180811784,0.999077064408577,5.90750997129124e-06,1.52290064020437e-06,2
"21469",9.81994937350473e-06,0.886672306395382,0.113317847747244,2.59080008127287e-08,2
"21471",0.000614233702361015,0.749694576595242,0.24969069642079,4.93281607050748e-07,2
"21473",0.476318041233762,0.0584780815710493,0.00605065202797556,0.459153225167213,1
