"","V1","V2","V3","V4","V5","V6","V7","V8","V9","best$classification"
"19811",1.17486066487617e-08,0.000544220627674181,1.66422770708474e-07,1.74277101170756e-05,0.938332215230581,0.0015780602090021,5.344366290939e-10,0.000379826711753825,0.059148070805058,5
"19813",1.47463675204549e-07,1.2877320813467e-06,4.24795111857225e-09,4.01098654684341e-08,5.52972542932739e-06,4.09065834105855e-07,3.27031305963759e-12,1.31640693315851e-08,0.999992568487824,9
"19815",3.96365555612009e-09,0.00893756171461298,6.01060796033149e-05,0.00132105848898192,0.957846139998863,0.0317993056615964,2.98149991973375e-05,4.66436787508429e-06,1.34472561438322e-06,5
"19817",1.49939048436008e-10,0.00359550803605478,1.44772326353177e-06,7.78416760625217e-05,0.992423159812048,0.00360157722985921,2.15453284081748e-07,0.000294772068925302,5.4778505640497e-06,5
"19819",0.00111222408864978,0.0499081879852126,0.302655979975447,5.40636997937113e-05,1.91840236193727e-06,1.5826900187667e-05,0.646251736788412,6.2137011109551e-08,2.29241288040593e-11,7
"19821",1.18726529871375e-07,0.00523453376289455,2.63391786545821e-05,6.44330595941002e-07,0.964291491953022,0.000481532655634142,6.28644480902256e-09,0.0131416856624756,0.0168236474437493,5
"19823",1.14995627402026e-08,0.00211841211674856,3.6179021423648e-06,0.572132222742644,0.424198561171264,0.000390322793674813,0.00110967753822199,4.61959436396994e-05,9.78292102003252e-07,4
"19825",0.138157337858706,0.00614814638563784,0.0242213838029783,5.31199494134563e-06,0.000551957318326348,0.00290025172920973,7.23064444574976e-05,0.826487832476447,0.00145547198929597,8
"19827",2.1398731594879e-08,0.00319273704162376,5.14460358789142e-06,0.000196173443794499,0.65247297909828,4.70043155091811e-05,3.39945163981567e-06,0.344082287977428,2.52669405364315e-07,5
"19829",0.000329773527689461,0.800934409630868,0.193149624737531,7.84571930441894e-08,0.000291525459439156,0.000218587819833123,0.000120154545842892,0.00495497151018709,8.74311416744276e-07,2
"19831",0.0124825249826964,0.8010172904273,0.0792743738790906,0.0022442854403105,1.43716456556634e-05,4.98154838892524e-05,0.104917123518149,9.52392766810484e-08,1.19383632492384e-07,2
"19833",0.00170176101101771,5.02349896901175e-07,1.60060732367271e-06,0.876721256938241,1.5340232020577e-07,0.00133476122982461,0.120227285862692,1.21935663282318e-05,4.85032356054707e-07,4
"19835",1.18726529871375e-07,0.00523453376289455,2.63391786545821e-05,6.44330595941002e-07,0.964291491953022,0.000481532655634142,6.28644480902256e-09,0.0131416856624756,0.0168236474437493,5
"19837",2.77830210066772e-09,0.0209363837988408,1.18963181478543e-05,1.35433219907558e-05,0.959839256672553,7.11344082988227e-05,3.08821253927757e-07,0.0191252548283114,2.21905230163997e-06,5
"19839",0.603413428446992,0.341771077355724,0.0422992054618034,2.80165373210262e-07,0.000458154116060276,0.000751552575081458,3.97451595287983e-06,0.0110084741548609,0.000293853208151981,1
"19841",6.04339682510765e-05,9.8411165806202e-07,3.78685970727343e-07,1.02863399617181e-09,4.14050058843901e-06,2.1319941399101e-08,1.0712640160569e-09,0.999923244300485,1.0795013207717e-05,8
"19843",0.762160857109792,0.017640944184349,0.214331388705785,1.7570292546603e-07,9.25964536074539e-07,0.00186220763837091,1.24291346875276e-05,3.34440672206523e-09,0.00399106821514764,1
"19845",2.81016175309468e-09,9.2216966592029e-06,1.0402895379725e-08,8.67075925198655e-06,0.0281381119596257,7.08736205583084e-05,7.8636349330885e-11,2.72084380439415e-06,0.971770387828407,9
"19847",5.98969989853751e-07,0.0665127278071668,0.00020561916762543,0.000606524524887386,0.890328602478497,0.0322799076603014,2.49783043907131e-06,6.58401998421117e-06,0.0100569375411089,5
"19849",1.75553323394895e-08,1.10417745535873e-07,2.94176650170223e-10,4.26173163692298e-08,1.60521829579767e-05,7.27757897084343e-08,5.33148192955715e-13,2.89175909438398e-08,0.999983675238557,9
"19851",7.57547650566701e-11,0.000631389924445825,4.03193370373133e-07,0.000256053751107218,0.998087674658891,0.000996133188419867,1.31327459387815e-07,1.14712505552188e-05,1.67426299960012e-05,5
"19853",1.3637240280709e-10,1.35292145886613e-05,1.89154299845378e-09,0.078223077115714,0.903190367312658,9.08434385591905e-05,6.89588556797256e-08,0.000146370100041974,0.0183357418316672,5
"19855",2.44457131912301e-11,0.000249475504958969,1.34578959648582e-08,0.000376851140369846,0.996491683158344,0.000148520913261063,1.04639989372459e-08,0.00171289216057356,0.00102055317615197,5
"19857",5.18077290891272e-07,0.293666747581093,0.000160749612654202,3.70901817931864e-06,0.662559724618063,0.00999471128412845,4.15371942728402e-08,0.0140442820874929,0.0195695161839029,5
"19859",1.82639891613258e-08,0.0449167582889534,1.32070851427612e-05,0.000499869171685871,0.942184756130957,0.00324707866901038,3.34079843719677e-06,0.00912467021152806,1.03013802960952e-05,5
"19861",8.25247116435315e-09,0.000498000643079076,1.70883105559564e-07,0.000122535959610877,0.794970363033341,0.000556810338825642,2.1968803019475e-09,1.28273671709019e-05,0.203839281325516,5
"19863",1.10815754817959e-05,4.95679641559652e-08,5.89948574298048e-10,2.79407032256408e-08,1.37349833189471e-05,2.48586862930385e-07,1.96244804339090e-12,0.00664373085409311,0.993331125899665,9
"19865",5.89822130538496e-09,3.11145710939001e-06,3.52000856932443e-08,1.34393222679086e-08,0.00145832182881896,2.39539160189466e-06,4.7656630123377e-10,0.998535672271086,4.44037188198278e-07,8
"19867",3.10736038309389e-08,0.00401476055453251,2.61802039754582e-05,0.000258293699266251,0.972316547692802,0.0138075714208041,3.6349798999422e-07,8.65197883888967e-07,0.00957538665914223,5
"19869",9.92780859105251e-10,7.82978051975538e-07,3.13287192752001e-10,2.79083481722383e-07,0.00284420754075425,4.84236204886061e-07,9.70103389645617e-13,1.08373694754647e-05,0.997143407484994,9
"19871",7.25998909547221e-09,0.126735002811791,4.8901879821749e-05,0.000134925816234203,0.838073546115233,0.000981333132892247,6.10250862972596e-06,0.0340187494829609,1.43099244760354e-06,5
"19874",7.28358392563884e-09,7.18126327063224e-05,1.32570945488562e-07,4.18412634929345e-05,0.230657525359732,0.000387726280558679,8.62941886984581e-08,0.76883815706141,2.71125338140426e-06,8
"19876",1.71371014240044e-10,4.50482685010413e-05,8.72303824541725e-09,7.01376744116658e-06,0.84093727280506,1.37079551239916e-05,5.05721019596614e-10,0.158724413287099,0.000272534516643995,5
"19878",4.96545062285601e-05,6.27631153414407e-05,0.00153944890066312,8.28172114424404e-07,0.000156401693110313,0.998176908797193,1.19089758881508e-05,7.73798367043165e-07,1.31204109357762e-06,6
"19880",7.07130006355131e-10,2.85925237088277e-07,3.65602263292378e-10,4.19236053057493e-08,0.00107462667338247,4.86971339030768e-08,2.52331261447861e-11,0.998919106047967,5.88963470938652e-06,8
"19882",1.84488968159459e-08,7.15354440642247e-05,2.35226496555304e-07,0.000147874773975553,0.639406975694291,0.00798709693005436,5.17676709516837e-09,0.000492340459173481,0.351893917846281,5
"19885",6.01267492315401e-09,0.117360214652773,0.000187822110076949,4.9488675265805e-06,0.873188352951239,0.00896430525449264,4.87073652631357e-07,0.00028626252576133,7.60055180241186e-06,5
"19907",1.04262278741603e-08,0.000809052950681177,7.47261802978321e-06,5.84116030431697e-05,0.873797366066863,0.0138506517045185,4.57701270678399e-08,5.80907548366459e-06,0.111471179785026,5
"19909",2.53350005816699e-05,0.974277585028071,0.0252413498376547,1.27165193772023e-07,0.000424201686948136,9.17494430453356e-06,3.27490944946156e-06,3.85971352933258e-07,1.85654564440897e-05,2
"19911",0.000626735188243866,0.976021952327813,0.0177499342338567,8.03043984890689e-06,0.00143360766711443,0.000106968659458269,7.65401034371401e-05,0.00397441374138146,1.81763884622097e-06,2
"19913",1.45279671325868e-07,9.67766567270822e-08,2.85083082839246e-09,1.14399891765467e-08,5.67947363660528e-06,1.03596401325975e-08,5.78717289963108e-10,0.999993981104266,7.21365922002054e-08,8
"19915",3.93517439246234e-10,0.000137938429907242,1.28013372228697e-07,3.31642817981085e-05,0.702915024236124,0.00012027441189925,5.92567244966917e-08,0.296792056405117,1.35457154041834e-06,5
"19917",3.22824915939868e-07,0.000128249691501985,3.46123264227304e-07,1.1952317516659e-06,0.00768847605708663,2.35022198903031e-05,1.68349737164548e-08,0.992157021007418,8.70009197064435e-07,8
"19919",5.72352913738393e-09,0.00341075342074375,3.93799321013462e-06,8.07204200152873e-05,0.878914308340176,0.00447091077959526,1.00967144871517e-06,0.113117503713962,8.49937319575019e-07,5
"19921",8.51395926941412e-10,0.00292507809145601,3.49017112588762e-06,9.98594352097112e-05,0.990210160389258,0.00648660385012088,9.55099561431161e-08,3.10243060830319e-06,0.000271609270868836,5
"19923",1.55557277840069e-06,0.00038527251673837,0.000202375327230972,0.000411584624734164,0.0054238713290588,0.99350976087101,5.92145230910605e-05,2.72427747968422e-08,6.33799258303817e-06,6
"19925",3.69100067720784e-09,4.27448974252592e-05,1.24186852680887e-07,3.39594295568217e-06,0.0573717445078712,7.98826820204841e-05,2.31263400354715e-08,0.942501682243645,3.98721889446844e-07,8
"19927",6.13807498885675e-11,0.00157266492175396,3.02106095150104e-07,0.00012164231666796,0.997966056034262,0.000254015595275774,6.04255509065769e-08,6.37148796628304e-05,2.15436593503985e-05,5
"19929",1.02481687853874e-05,2.7184189394999e-07,1.22702478639075e-09,4.12194896964195e-08,0.000101668860888351,6.18819823232281e-08,3.75303850600256e-12,0.622429266941146,0.377458439855036,8
"19931",3.394055502648e-09,0.00728049178384232,1.07249854867666e-05,0.00015896715001851,0.991259167167845,0.000945290988371265,2.0042550681601e-06,0.00034283902430993,5.11251002395761e-07,5
"19933",2.91195487372094e-06,0.89881938906837,0.0372599624604576,8.54385455824182e-06,0.0633252289544886,0.000174570164747429,0.000229605735526157,0.000179694685425135,9.31215529820041e-08,2
"19935",1.08269272301225e-05,0.203920707178831,0.00750355028551,1.70467962708226e-06,0.765252683656608,0.0218892513828879,5.61303606969652e-07,0.000739984108841812,0.000680730476856301,5
"19937",2.35091045349072e-10,0.00289454705439379,5.1194732406715e-06,0.00120682169614378,0.992207286802456,0.00367424161815159,4.89597013924514e-06,5.07366999048201e-06,2.01348039302672e-06,5
"19939",1.3736132651587e-09,0.00124541383341232,2.63165679193326e-05,4.82979424085957e-05,0.71803769663546,0.279974018205213,2.9604750816132e-06,0.000661377061385178,3.91790550645715e-06,5
"19941",0.0769525571528176,0.85037965242832,0.0464383038268208,8.03818369944844e-07,0.00117088140041234,8.94751834413083e-06,1.03550552466332e-05,0.0249786449931497,5.98538065184868e-05,2
"19943",1.91445429395699e-09,1.1223145335006e-06,7.06822004890090e-09,2.03496537935259e-07,0.000406737231962281,4.87580746112611e-07,5.07708632543406e-09,0.999591407642005,2.76744548911426e-08,8
"19945",4.78100477200167e-05,0.923246955762886,0.0590892192788714,2.74807544054852e-05,0.0126455470500655,0.00432629244525653,0.000610096537942953,6.56310021314327e-06,3.50226393506436e-08,2
"19947",0.000513980434453073,0.342123005400984,0.0033216944020081,9.31135485998295e-06,0.00303044984092305,0.000201833613860094,1.41601671649691e-05,0.640661783266404,0.0101237815193428,8
"19949",1.62529171282182e-06,0.00350172241448914,0.006775584941666,0.000101689795049825,0.0167731848050663,0.97216758218628,0.000678206754672638,2.29504680514182e-07,1.74306383267961e-07,6
"19951",2.02380094992998e-06,0.0010889714174208,4.79997272405295e-05,1.0727158279954e-05,0.232825123377134,0.0497609931128952,1.11960201998339e-06,0.716258224285775,4.81751828507498e-06,8
"19953",9.58979705654204e-05,0.0389887793058772,0.0473873490635939,0.0329951894400566,0.00014635797061261,0.00160592242901183,0.878780485357219,8.68751047688533e-09,9.77555243233003e-09,7
"19955",0.0120237851749765,0.526853228733878,0.106138745161019,0.00124391419661872,0.000227235801988939,0.333174864580634,0.0203341655816188,6.56003105898547e-07,3.40476616083686e-06,2
"19957",8.60283588625511e-07,0.0247267368049538,5.96032546557551e-06,0.00550445305784756,0.0468542348887605,0.000158978310857606,4.42588177300161e-05,0.922695921462192,8.59604860472501e-06,8
"19960",0.000246789065758294,0.564618900824481,0.429860554386127,1.14002402122468e-07,0.000234253910868428,0.00479130722553165,8.36299750523184e-05,0.000147152872921391,1.72977368572476e-05,2
"19963",0.0331956414920893,5.23096676848586e-05,4.61274842912341e-06,0.0950020124956174,9.9938174689294e-05,1.57130180301507e-06,0.00263966508879332,0.868996816760959,7.43226993451583e-06,8
"19965",0.0278692417903348,0.0887775234563425,0.680914023789435,9.65197302333769e-07,1.47181225955943e-05,0.202070996993305,0.000330785127636944,4.89860665228981e-09,2.17406244407244e-05,3
"19968",0.000105893163970751,0.00150181658624028,5.64678981986904e-05,2.1816750357161e-09,0.00932790691669872,2.78207700045117e-05,2.19302504364201e-10,0.78051913044313,0.208460961820779,8
"19971",0.000780008301941182,2.15136724041819e-05,5.48740599775221e-05,1.28607993149704e-05,2.05226359297704e-06,9.08160506689125e-06,0.000746657368032027,0.998372913400741,3.85289293961718e-08,8
"19973",4.54983529963188e-10,0.00173481126632694,1.01465884318476e-06,2.82766445403072e-06,0.995963324922021,0.00047907427469339,6.37772942054508e-09,0.00179085184641328,2.80885345358437e-05,5
"19975",3.84975450079739e-08,0.000118839725848093,3.55120784879564e-07,3.8310858174888e-08,0.0210662078089823,2.8185991769382e-05,6.05155640236767e-10,0.978772269596698,1.40643423582618e-05,8
"19977",0.000331806158223907,7.60362662704361e-06,1.39282667168968e-06,2.38284073561039e-05,0.000208546980773927,0.000426760392887936,1.46495559636833e-06,0.998974318485925,2.42781659381355e-05,8
"19979",0.00267825152850455,0.029321266850977,0.965650068038264,3.55039680917847e-09,6.47738480585244e-08,4.08317474857412e-06,0.00234609284744114,1.69211939390325e-07,2.38805522420865e-11,3
"19981",8.99199625401144e-08,0.655238414778449,0.000107442627821722,3.24354561694555e-05,0.343382337846275,0.000631749178622163,3.56924077351926e-07,0.000117460185097702,0.000489713083524815,2
"19983",6.62932959267861e-08,0.317929209796105,0.000871210990488285,8.89590868630782e-05,0.307652287270282,0.372926950091155,5.53009701491721e-06,1.05649376160854e-05,0.000515221437180489,6
"19985",7.10393530312785e-10,3.73699153567075e-05,1.67274272489664e-08,4.53770588522472e-06,0.225171793761307,8.17165800091544e-05,1.59875403347926e-09,0.774678277486963,2.62855139041962e-05,8
"19987",4.10071883956065e-07,0.391914236150734,0.0014826353633805,1.41489913343438e-05,0.583467592114472,0.000233857007702071,1.01934613619396e-05,0.0228748116273583,2.11521177323306e-06,5
"19989",0.000424437415662104,0.0253020352227473,0.959387060563188,3.29089380885482e-07,1.11615058393303e-06,7.51631719183193e-05,0.0148098579901677,3.27709786014008e-10,6.86420498715332e-11,3
"19993",6.07820222891549e-06,0.0357503478800412,0.0603406504590656,2.93739699591615e-06,0.152336441952789,0.741494654988607,0.000303189199270063,0.00976545469383707,2.45227164750669e-07,6
"19995",0.000351942224120939,0.598051411793008,0.222009463232452,5.89229140810817e-06,0.118182456038907,0.0571628584421049,0.000139517924806278,0.00409299317493244,3.46487826063089e-06,2
"19997",1.54745685383474e-09,0.000451923892060744,1.66594786654151e-07,4.57103534017145e-05,0.996053811184989,0.000281694397619329,1.53417636894634e-08,0.00314404342201954,2.26332659027342e-05,5
"19999",1.07309964189865e-10,0.000155319717814498,1.28700726346939e-08,7.28590605555889e-06,0.979406928205181,3.24656261959786e-05,3.47662785305793e-10,0.0195195631570852,0.000878424062622436,5
"20002",0.121821005997081,3.45774879102093e-05,7.94828855274622e-06,2.10234686448518e-06,0.000255323715800795,3.03485309763449e-07,3.35792109710163e-08,0.523355535616533,0.354523169482737,8
"20004",0.000157273074905536,0.959069802549539,0.0256932158642135,6.41852622076157e-07,0.0141828075173325,9.59086292032582e-06,3.74440000539711e-06,0.000827181261958208,5.57426165028e-05,2
"20006",0.00230735889643957,0.494664125711329,0.0876020936337471,6.84805705511688e-05,0.00105811035535271,0.412525494604176,0.000535513185719019,0.000342211252991252,0.000896611789694053,2
"20008",0.106278394981536,0.00300359193596975,0.0572879247111856,5.67344859475303e-05,0.000836764256391285,0.831784724162621,0.000716082960726934,2.41945341869677e-05,1.15879714347293e-05,6
"20010",3.13638320876934e-05,0.214087305045872,0.24880811134028,0.000148736594146994,0.00307924669175201,0.496579031062189,0.0372653478545372,8.55032728212554e-07,2.54640759251091e-09,6
"20012",5.77667629783818e-08,6.02900407482121e-05,1.09725860238571e-06,5.45385819740757e-07,0.19624269803405,0.00194842294342561,2.65141623539411e-09,0.791624827153986,0.010122058765189,8
"20015",0.00226143601722776,0.00873755854615728,0.987854235866304,1.00484401716552e-10,4.57532244680497e-07,0.00114101267650932,5.22395823845556e-06,3.05576010546672e-09,7.22470736265228e-08,3
"20017",2.34897242279883e-10,0.0010061987466867,6.895823689375e-08,9.45705387705809e-06,0.98667031196707,5.71624224059871e-05,8.70120897093095e-10,0.00932616515643579,0.00293063459026866,5
"20019",0.00294456371012952,0.00134255521759313,0.985359625268234,5.19920782179546e-09,2.25242317407855e-09,0.000107594922122293,0.0102456531552448,2.72439171846994e-10,2.60622856512658e-12,3
"20022",1.22154643693492e-05,0.79740337137522,0.195498322483665,2.40993865222417e-06,0.000353850417220736,0.005131047695363,0.00159854831467776,2.31893920348716e-07,2.41691188762642e-09,2
"20024",0.00490950783991555,0.00536565323387938,0.17784010250379,0.000183107398425056,1.80302663219144e-07,0.000111610058923717,0.811589830211206,3.68461701795717e-09,4.76658007815887e-09,7
"20026",0.00490950783991555,0.00536565323387938,0.17784010250379,0.000183107398425056,1.80302663219144e-07,0.000111610058923717,0.811589830211206,3.68461701795717e-09,4.76658007815887e-09,7
"20028",6.28873954475973e-10,9.53193758815451e-05,1.97358788636854e-08,2.85204817791217e-05,0.948126909260945,1.04568751112853e-05,2.54489086721205e-09,0.051662656928048,7.61141685911769e-05,5
"20030",0.0438480936661234,0.277271137140197,0.678786794861894,3.43156871898658e-09,1.6341560638975e-05,6.85176299776252e-06,1.64110237828775e-05,5.28904623604072e-05,1.47609043711906e-06,3
"20033",1.77928249523632e-08,0.0182529097239962,1.58410459670389e-05,6.44077542910613e-06,0.816809597350544,0.000181158224415888,1.97853812399736e-07,0.164712505248494,2.13319845169362e-05,5
"20035",0.000223487023214407,0.00121189657288161,0.985067141835323,6.43613165128202e-09,6.91082694025499e-09,0.000143481725710498,0.0133539792480613,2.40844413850123e-10,7.00655586928503e-12,3
"20037",0.00398922305340552,0.00330959914589201,0.991212718510756,5.81871511275606e-09,1.47967744214464e-08,0.000620703981414852,0.000867734061462755,8.26810080063973e-12,6.23310945652161e-10,3
"20039",6.67275626697852e-07,5.25343500467927e-07,7.89208162278832e-05,0.0016366727513947,2.47171011322842e-09,1.44581306421349e-05,0.998268753205117,2.79604096359891e-12,2.98546052089896e-12,7
"20041",3.60456623576684e-07,0.0157170353272911,0.000532612018059759,0.000265336125127123,0.00271629506981583,0.980527593693295,0.000225193036463884,1.40340487916815e-05,1.54022453169275e-06,6
"20044",2.1612926647608e-06,0.103570499960474,0.00611644714251214,0.00116858305550404,0.0177214687344618,0.867140964043988,0.00307092455687886,0.00119905399098124,9.89722253520779e-06,6
"20047",0.0550886461334147,0.00302119331422863,0.891156412656325,2.80693878585203e-08,1.21773662346362e-09,5.81906803173154e-06,0.0507278920425628,7.49622858962105e-09,2.08438973794558e-12,3
"20050",9.67582351887875e-06,0.00210129684234522,0.0317541959813432,0.00162376916774493,0.000942217191408758,0.403996798196793,0.559566684503809,5.36221897618361e-06,7.40610386377102e-11,7
"20052",9.66649780257129e-07,0.12198806636766,0.000571790778259676,0.000742200634310283,0.825068041976813,0.025961358641047,0.000169236560900204,0.0254981682508907,1.70140339113651e-07,5
"20054",0.000460524508024307,0.693947372390867,0.305393833730899,1.03927779273412e-09,2.7844267809985e-05,0.000162568022688408,1.72942515257296e-06,1.19225949409958e-06,4.93435578603542e-06,2
"20056",3.42572696617236e-06,2.99991739895737e-05,5.14997855395477e-06,1.92432114766064e-07,0.00100894649091338,9.61126274694729e-07,1.54993007159898e-07,0.998951078646628,9.14315524492574e-08,8
"20058",0.000566849336576298,0.0344922536449648,0.961302783685734,1.32736280763431e-07,7.83576333879826e-07,0.000192562268859191,0.00344463344857655,7.22834749111097e-11,1.2303911633185e-09,3
"20060",2.21084161152463e-09,0.00250648339203429,2.33914615719479e-05,2.45105267151294e-05,0.996103172875671,0.00124840717731358,5.032055267203e-07,8.42621997173651e-05,9.26695060819364e-06,5
"20062",1.05549220786267e-07,0.0159152437335183,0.000427896130183825,1.58693377579848e-05,0.679906332635151,0.303667130079281,1.89647861336672e-06,4.93434459939872e-05,1.61826102800371e-05,5
"20064",1.56260033525342e-05,0.92252067140283,0.0745135040317005,1.71568814726072e-07,0.00270184834360947,0.000176758449082682,3.64540381693421e-05,3.49497271565768e-05,1.64352840742316e-08,2
"20066",0.00812365893480179,0.0375388939803989,0.954264997286861,6.10429091792451e-10,3.7465866647196e-07,1.67898160628629e-06,6.80332403816972e-05,2.27554259502074e-06,8.67642594350663e-08,3
"20068",5.53731055871232e-10,0.00094859410039844,7.69523627823151e-07,5.93046922873217e-05,0.986271784899563,0.0112800421772285,1.58319873174171e-08,2.04980452855059e-05,0.00141899017589088,5
"20070",7.30996528309974e-09,0.00100404916103544,1.33927018392253e-06,0.0140759963915759,0.964245311577581,0.0206164861515408,3.77953654252541e-06,1.1146858993228e-05,4.18837425823958e-05,5
"20072",0.00668216183121045,0.196898676541742,0.775291596999418,1.49670888881626e-07,4.76102131906106e-05,0.0177736107766334,2.86371882837513e-05,4.92685096681388e-09,0.00327755185178178,3
"20074",2.38334427130109e-07,2.79664989536553e-08,2.94184549727528e-10,1.4608660120001e-08,1.73234452406885e-05,4.26587893584087e-08,1.39385925497439e-11,0.999862779531101,0.000119573147159996,8
"20076",0.0001969932348414,0.0643484084827158,0.000176809653975638,8.73362406744992e-08,0.0188306332129196,0.000247159613046484,4.12060491329236e-09,0.624383882688784,0.291816021656871,8
"20078",0.000327589445514422,0.954516428940538,0.0399993372396653,3.84129909798583e-05,0.00297212929665526,0.00160176034494884,0.000525344829882969,1.89204073047164e-05,7.65045108133428e-08,2
"20080",0.000297831773359292,0.0066657793921545,0.987311759711873,5.63026443202287e-09,4.32901276157139e-08,8.42383499450916e-05,0.00564034038659654,1.46421742145016e-09,1.46166795524494e-12,3
"20082",1.38789154677786e-06,7.4105775505651e-05,0.000457407922039582,0.000991518793004813,1.697847693663e-07,2.05369416905291e-06,0.998473353579604,2.55908833953171e-09,2.72192465396006e-13,7
"20084",0.00428254565254167,0.929719688489099,0.0457984096029444,0.000117010249613824,0.00125657875406852,0.000226029066049599,0.00583763791233821,0.0127620805817094,1.9691635697382e-08,2
"20087",0.00218970415889626,0.696892167561778,0.203265337943387,2.84497293690877e-05,0.00424599024186079,0.0931278173980489,0.000237680255740223,1.30668949055059e-07,1.27220419713545e-05,2
"20090",0.000121607452795105,0.00252419963102448,0.892584748357483,2.95582786595234e-07,6.28690780102214e-07,0.0207122747274409,0.0840562349449536,1.06089091097129e-08,3.8271728997603e-12,3
"20092",3.38605268651033e-06,0.00951577014255694,0.000108363305452486,0.927412490660937,0.00164120481833272,0.0540168999567879,0.0072535792277736,2.69400886585986e-09,4.83031414641513e-05,4
"20096",4.12351868663448e-06,0.0164971987820559,2.64169810145723e-05,0.914646764370686,0.0443476541563185,0.0180131994216569,0.00540689069515655,0.00105725109407827,5.00980346602553e-07,4
"20098",1.71805090480619e-09,0.00259728209978075,3.93229709424068e-06,1.46681313715739e-05,0.852610041677172,0.000289855871573346,3.6556446407319e-07,0.144481672127694,2.18051279972027e-06,5
"20101",0.0057602786266522,0.134475122866848,0.850012449460412,3.29609478749727e-07,1.27144677053763e-05,0.000445643375837652,0.00921460035216916,7.88610248168743e-05,2.16079037422874e-10,3
"20104",5.05018561686101e-08,7.30792761061665e-05,8.62014933737292e-09,0.987902601365652,0.0051087531358821,3.52448943132715e-05,6.46925269043337e-06,1.25991456871795e-05,0.00686119380766305,4
"20106",7.74257567842869e-05,0.114496018304056,0.879932297053638,7.58945562218537e-09,8.98387374267782e-05,0.00514879966641407,0.00023539876194438,2.02132600993845e-05,8.70181889690566e-10,3
"20108",1.89129526461782e-08,0.00660390725680624,3.21648430600337e-06,7.52718160571152e-06,0.986724525539817,1.89280809216543e-05,1.73727334300763e-08,0.00654371042685965,9.81487439981027e-05,5
"20110",4.69120781269699e-06,0.00531196952156629,0.000248956656033847,0.18968773939987,0.213776848917806,0.454623479848688,0.0252254091960239,0.111120851449769,5.38024304680072e-08,6
"20112",0.000115227109145477,0.0397062210680708,0.556379890305633,1.6781666780642e-05,0.00244291302940729,0.374555689367209,0.0267764838216595,6.79031420954457e-06,3.3178847640835e-09,3
"20114",9.67454749003377e-05,0.968501283430308,0.0132135897573541,1.12317074984417e-05,0.004547311310488,9.71567350931655e-06,0.000209015048619064,0.0134109994566286,1.08140693922342e-07,2
"20116",0.00111627975698732,0.939719284597006,0.0523410712863721,1.31690159524586e-08,0.000480878053361066,3.45801525418118e-05,2.46520100905287e-06,0.00630014714722638,5.28063647991954e-06,2
"20118",5.99054894373616e-07,0.716277539657404,0.000814405653120315,4.23284822737189e-05,0.255263107729021,0.00031014188503319,2.47217685569083e-05,0.0272667013345937,4.54435102895126e-07,2
"20120",2.23539126963166e-05,0.190229675907415,0.673324198005324,1.33687294525352e-05,0.0012143397452554,0.00561891244871381,0.12917290415424,0.000404246946382371,1.50521185533808e-10,3
"20122",2.29960970657108e-08,2.18065727337839e-05,2.22529541180535e-08,2.73862535844868e-08,0.000584544725168365,1.79671384077364e-07,2.85216201473807e-10,0.999389516819295,3.87929089826259e-06,8
"20124",0.0155320745503978,0.231486220063202,0.743133497578435,3.09141304179957e-06,6.9124954032733e-07,0.00156815522620755,0.00827624787641229,4.12359648940409e-10,2.16304035972097e-08,3
"20126",0.000495776318026056,0.00173784849032798,0.000850031114974498,0.0354366339798248,7.56357317150278e-08,4.0829233074033e-05,0.961438754841228,4.02807204200218e-08,1.01060926484888e-08,7
"20128",0.0299333982433552,7.94542763454256e-05,0.042316802219719,1.05788157265378e-05,7.3830598650608e-11,1.64170038112683e-05,0.927643349334212,2.57281445606911e-11,7.27189967822644e-12,7
"20141",1.54855124542207e-09,0.00149267908365903,8.45894692748274e-08,0.797817928488626,0.186059954672971,2.88697398082962e-05,7.85750964184537e-05,0.0145078769122077,1.40298682885846e-05,4
"20143",2.5702900204637e-08,2.97291022460876e-08,3.74313493308015e-10,5.77076177340258e-09,8.71933929273366e-06,4.53610672872224e-09,3.61271990298085e-11,0.999989655199677,1.55931171911576e-06,8
"20145",6.12704468024905e-06,0.432031130996655,0.546171982219954,4.60919788742636e-06,0.001416607825242,0.0078600788663964,0.0125077937727999,1.6698867869632e-06,1.89598068952795e-10,3
"20147",3.56584074070147e-05,0.784721552329113,0.214517677080084,9.63714321827383e-08,0.00012178870090426,0.000417101210469267,0.000185179727096025,9.44388819957058e-07,1.78467376676096e-09,2
"20149",6.02487805406459e-09,1.79402815408921e-06,1.69412728808615e-09,2.21647695387775e-07,0.000588044281306741,2.56812871711572e-07,2.65883845925704e-10,0.999407649027668,2.0262174151581e-06,8
"20151",3.91549546432843e-09,0.00142683276291157,5.53255228205124e-06,4.71713774385984e-06,0.960385136436092,0.000379141757990313,1.20922561015735e-07,0.0377969732830821,1.54123184188126e-06,5
"20153",2.00172725833503e-07,0.00163305469048866,6.81014810112695e-05,0.00445902610096898,0.377496519272023,0.00302580360489911,0.00144133169411569,0.611875952412107,1.05716598280282e-08,8
"20155",0.000110264652405346,0.199357343659979,0.749671483564832,4.51362426438812e-08,1.12166775434313e-05,0.0503378865559207,0.000511654408990358,9.73653444735922e-08,7.97874199101887e-09,3
"20157",5.66484843904542e-09,0.000465596468980221,2.81497553375819e-06,1.58128376871452e-05,0.59836391338131,3.70337120171508e-05,3.7985232525328e-07,0.401113110352312,1.33275498706896e-06,5
"20160",2.0669157629925e-08,7.54081129203595e-08,9.54313519436833e-10,9.23124857867395e-09,1.46412919449338e-05,7.12701128021631e-09,1.39539478386217e-10,0.99998505158663,1.93592042173486e-07,8
"20162",4.78211378098208e-10,7.51684188034911e-07,8.31760345873439e-10,1.085781145266e-07,0.00313192486757211,1.37461287016109e-07,8.34723730412883e-11,0.996864051810688,3.02420470645244e-06,8
"20164",2.3491738031502e-07,8.28491337808335e-05,2.0159320606558e-06,2.10902407956224e-05,0.0427264560411933,0.000670025931703045,5.27783966541059e-07,0.956495886196408,9.13822711759997e-07,8
"20166",0.304132203726452,0.0437946662591745,0.651526899545179,2.27155073058646e-09,8.56433346334305e-06,4.89668512190772e-05,5.93230796760473e-06,0.000439362767669788,4.34019373240854e-05,3
"20168",0.642380408244194,0.000173986217922502,0.000102007740434542,2.16080321219955e-08,1.67579243148354e-06,3.65119883917179e-06,1.0214852169434e-08,0.000255628308664824,0.357082610674629,1
"20170",2.45857256110488e-09,0.00697168592894195,1.72754873578567e-06,0.000200978251878059,0.736300283766195,0.000151090239669883,1.2181092977176e-06,0.256372191753874,8.21942834890144e-07,5
"20172",3.21244966563717e-06,0.686265509343003,0.310157247022795,1.55475409346357e-06,0.000196706740166721,0.00167589253427204,0.00169986999189264,3.5886986793816e-09,3.57541278700176e-09,2
"20174",2.54283939420186e-09,0.000125057494376682,2.00738153054524e-08,2.480392182442e-06,0.632825236626793,1.7437753840747e-05,7.61829542869668e-11,0.130726333826405,0.236303431213564,5
"20176",0.00107212210431818,4.02163612364627e-05,4.73642924090208e-06,1.7405853311281e-08,1.52923148371398e-05,7.88853395482737e-06,3.61954089836317e-10,1.43500028722967e-06,0.998858291488318,9
"20178",2.86871386170318e-08,5.33557645741989e-08,1.32415747265973e-09,1.0811064895893e-08,6.88310733144908e-06,8.55097065228298e-09,3.7482747993711e-10,0.99999293738788,7.64008648340065e-08,8
"20181",0.0212758111064051,0.233235689463987,0.741935983135264,2.17790499235548e-09,2.06119220622818e-05,1.18725604076823e-05,3.05212641128809e-05,0.0034892569612508,2.5140860534748e-07,3
"20183",3.59543596333419e-09,0.0810288644674781,0.000141594851900789,0.00335360285511852,0.908180285282443,0.00722240430398894,6.72681924763361e-05,3.08222901876891e-06,2.89422213969679e-06,5
"20186",1.32088793261706e-06,0.144546138155709,0.00210176947790227,0.0299805389993532,0.639237851134469,0.17864583109075,0.000288230420364279,5.59684858146541e-08,0.00519826386503354,5
"20188",6.60907767730432e-09,1.00286993406986e-07,1.22270679859607e-09,4.17115331524638e-08,0.000150220437928291,4.72144054670136e-08,2.96343615316121e-10,0.999849433784251,1.484367602406e-07,8
"20190",0.00020173842617254,0.021600533681695,0.978076252046429,3.88769879025674e-10,1.31115876151323e-06,7.17405586684342e-05,4.83902320276676e-05,3.17624586724666e-08,1.74501744462161e-09,3
"20193",0.285897405224524,2.4924730250526e-05,9.47325372036009e-05,3.80583268310358e-08,4.78860592190841e-05,9.039230355697e-05,4.17208252209353e-08,0.70815572056153,0.00568885880456355,8
"20195",8.46204760748318e-07,0.00142573986278763,6.56659620178983e-05,5.05227024485545e-06,0.191115288843583,0.00362588714455493,1.79347124635126e-06,0.803758693624622,1.03261618198092e-06,8
"20197",5.76341412618781e-05,0.452023388702142,0.518286517421738,6.48809499021884e-07,0.000178296148895134,0.0285437796695502,0.000909708028848541,1.33186986486052e-08,1.3759366661202e-08,3
"20199",1.00055447384524e-09,3.21104959142974e-05,2.35971918284504e-08,3.97969609825974e-05,0.0654059956044864,3.39847173080928e-05,5.63185147940462e-08,0.934487593889541,4.37415506655889e-07,8
"20205",6.98266703628706e-08,1.0707445289806e-05,3.44593751981309e-05,0.0447921157282631,1.43625271913477e-06,0.000686191551519482,0.954475019187451,6.24926120047974e-10,7.96259146383125e-12,7
"20208",2.11963696098984e-08,0.00956373412851631,4.83809201320135e-05,6.63794152474568e-06,0.980772810622923,0.0024225932093186,5.06913716874234e-07,0.00716629574971787,1.9019317780851e-05,5
"20210",4.2503027250355e-10,3.31221095637094e-06,4.67675620291705e-09,3.56464095074582e-07,0.0121788999754069,8.31570604700655e-07,7.04607721500746e-10,0.987815345718291,1.24825425132805e-06,8
"20212",4.84025360264476e-08,0.000240875010201801,2.70922262903335e-06,3.14565986185263e-06,0.146721873544742,0.000208797561941896,1.75907698030706e-07,0.852820278616514,2.0960738758307e-06,8
"20216",2.14964731907681e-05,0.661776516898009,0.337780922859913,3.02449534894767e-08,0.000225514814280586,9.27431587973525e-05,8.88581552675486e-05,1.38766263209044e-05,4.07692679715806e-08,2
"20219",0.000424760415821934,0.135912271801841,0.0645132711418352,0.0105221724481796,0.00107614908479696,0.0135935289055425,0.773937460631238,2.03852704090472e-05,3.00335238290494e-10,7
"20223",0.566824354799305,0.0015945843649108,0.429574713291442,4.94931547889507e-08,5.19746164651509e-08,0.00179495884213732,8.31142265115641e-05,2.38321991151591e-11,0.000128172984090303,1
"20226",1.14045948726021e-07,0.00095956496200243,0.000557403252502132,1.55583618365706e-05,0.0185131667742248,0.979832434867999,6.49914424156542e-05,5.6734031151528e-05,3.22619191257257e-08,6
"20230",0.00082024679571989,0.0109826875993084,0.987900314638895,1.96767686695631e-09,3.56512893958724e-07,2.92256614644108e-05,0.00026716331413241,2.52992233273582e-09,9.79986849135062e-10,3
"20233",7.99521609449839e-10,2.42283252769738e-08,3.8118286982016e-10,0.999697970472199,1.10554394132597e-05,2.05752049271067e-06,0.000288788424675901,1.01209000954912e-07,1.52518887896496e-09,4
"20235",0.0660140462435228,0.136862303366786,0.523315335576605,0.000484717246792181,1.30164500405076e-05,0.224643826042126,0.0486198949288002,9.46323871562471e-10,4.6859199002884e-05,3
"20239",0.0308629122973699,0.538652705437333,0.143164663141225,3.7394658479567e-05,0.0009159304592528,0.285119816248678,0.000130573459951385,2.91947756036121e-07,0.00111571234995438,2
"20254",4.98448367241181e-07,2.25693662324128e-05,0.000714281777112282,0.000192456220207222,1.35350981393267e-08,6.92529904748404e-06,0.999063255244876,1.09031075301427e-10,2.84144685952176e-14,7
"20256",0.000678152359430012,0.614775097604448,0.383680710481276,3.16261116650542e-07,2.18335620639688e-06,0.000318689881589911,0.00054479849774157,5.47038003850967e-10,5.10111533846861e-08,2
"20262",1.86433932355344e-09,0.00117359075789126,1.01240737490605e-06,6.91870062788652e-06,0.416814543543288,3.99919751435202e-05,8.83948706568755e-08,0.58196282882558,1.02353088538534e-06,8
"20270",0.256488748307309,0.127396699538651,0.601376317844104,2.077071351305e-07,0.0100802683557368,0.000527540386574101,1.62127247136759e-05,0.00275240106321445,0.00136160407256124,3
"20284",2.49004824571006e-07,0.0123392839737176,0.00149968489716488,0.381419085965851,0.44858281152947,0.0684334404227252,0.0877177249737357,7.60479329093124e-06,1.14439219685854e-07,5
"20287",0.0233710967288786,0.000898494687127987,0.974824142865907,6.36965267390337e-10,3.8332953293333e-09,0.000663093229546477,0.000243165718196681,2.86458856322925e-11,2.27143685400154e-09,3
"20290",4.26088895161035e-08,0.000200692757749602,0.000600881026358276,0.0249249251377077,0.000652073405513358,0.00320988684221988,0.970404335295904,7.16289875887555e-06,2.6898872514624e-11,7
"20293",7.8009513828786e-07,0.989289132747167,0.00952551643409093,7.51318563524975e-06,0.000943982684215386,7.51488624546269e-05,0.000157647020167901,2.54313983132181e-07,2.46571473974128e-08,2
"20296",3.98607192037615e-05,0.0592169339635244,0.000178567714160253,9.85592844062133e-08,0.240980888300609,0.000404726053829239,3.09408230736271e-09,0.682431177964285,0.0167477436310218,8
"20301",0.520190763853861,0.000108363363688533,0.479049391020275,4.43998787691455e-10,2.31123032170314e-09,0.000100192536648337,0.000550786148750213,5.0008679357619e-07,2.3475442915494e-10,1
"20304",4.54315964726766e-07,0.000866655722366636,0.000436055850728536,0.00458852583815437,6.16505743510989e-07,1.61845616976841e-06,0.994106066284453,7.02442846321247e-09,1.99078010375715e-12,7
"20306",0.00330210126320806,0.0238120819339378,0.966499153230532,4.57393106954958e-07,6.76383065095216e-07,0.000174696474922643,0.00621083163498711,7.99051349998621e-11,1.60633538261672e-09,3
"20309",9.18206732375062e-07,0.580433545552116,0.111928002450885,5.20710019430532e-05,0.103044846366346,0.200650512233992,0.00384510820782425,4.46208600838495e-05,3.7512007829235e-07,2
"20311",0.00720334686802899,0.805270773306628,0.185383075419803,8.72931943999595e-06,0.000766934624830979,0.000644337689866532,0.000576285384069434,0.000146275644052488,2.41743280705092e-07,2
"20314",7.36256114115885e-09,0.0198382156064815,6.13741708846201e-05,2.85601848561372e-05,0.966907484488574,0.000709971995430731,4.50119495950665e-06,0.0124497045630616,1.80433190675472e-07,5
"20318",1.35864791689889e-05,1.7775846231277e-06,3.92522379238345e-07,9.05448715843317e-09,4.12672099707697e-05,2.22087013439692e-08,2.72729818853463e-09,0.999941195956864,1.74625650705603e-06,8
"20320",8.41436769991749e-08,0.000823998197913854,7.77215488705482e-05,0.00375531435832984,0.398849926184736,0.595558818665766,0.000112671962609525,0.00081440917372704,7.05576437001122e-06,6
"20326",4.43217149024762e-08,0.0320246469220956,6.92140037917006e-05,0.000110317113529375,0.934826714091136,0.000321599545536172,1.08188318036694e-05,0.0326362008148526,4.44355539776591e-07,5
"20328",4.19715795567361e-09,0.00328157355552624,6.23181938994725e-05,0.00666847635223002,0.773610722313888,0.216273654078922,9.56506565598438e-05,3.60234865787599e-06,3.99830315862282e-06,5
"20330",0.000982323179735333,0.0124413155032649,0.0555672765769497,2.35064209470336e-05,2.99626396678716e-05,0.928299689914251,0.00265570378795105,1.33589884545808e-07,8.83873482926489e-08,6
"20336",5.75710891814165e-08,0.0440000929607848,0.00162868451320237,0.332328157293817,0.00918718547484967,0.00274814373374517,0.610107501699464,1.74831390059776e-07,1.92165800647939e-09,7
"20338",1.30182593519306e-05,0.0220680901747411,0.00128353136805129,0.0687070495973429,0.000175505604831274,0.00320460816305855,0.904502551470486,4.56450458170981e-05,3.16320400222067e-10,7
"20340",0.00749522397521377,0.0341901892077361,0.955829078270912,2.83871305740292e-08,1.01505046482706e-07,9.28855167830277e-05,0.00239248722256874,2.67023644591654e-09,3.24437289342216e-09,3
"20342",0.0676799080212048,5.53010094217357e-06,3.67103829648713e-05,0.858432579408562,1.67362836214076e-05,0.012144396093292,0.0615917210830493,8.84419076864451e-05,3.97671867673188e-06,4
"20344",0.000338332196483699,0.286707689557171,0.710864427067115,1.25412649006329e-06,0.000315539760089776,0.000287935819763485,0.00148470239467335,6.36036947466238e-08,5.54745192588283e-08,3
"20349",0.00242527235626214,0.144283575063868,0.852810389094485,8.16564043274964e-08,1.99913188162369e-06,3.68473614451534e-05,0.000441814985672328,3.47545779911972e-10,2.00024354157874e-08,3
"20351",7.36418993003462e-07,0.971361888472618,0.0226411060881082,3.77127279619585e-05,0.00173823598315335,0.00140427396172683,0.00277460210234393,4.14024697771439e-05,4.17753178149422e-08,2
"20353",3.08866305274052e-05,0.0098364125576843,0.221290887508303,1.69536043982185e-05,1.41272580211979e-05,0.713168902711418,0.055641824899476,3.95549316558572e-09,8.74679295230756e-10,6
"20357",2.98156533946611e-07,1.44923781826768e-05,0.000413385389559326,0.00707698703102643,3.78217854256705e-07,0.00135861054193394,0.991135848260732,1.83640480892325e-11,5.81364379109246e-12,7
"20360",0.0192480550275821,0.00028796272035039,0.000925878558944369,0.0759177353457969,9.70149591980211e-06,0.827839117830738,0.0757231017689395,1.78966809351111e-07,4.82682849192088e-05,6
