"","V1","V2","V3","V4","best$classification"
"19812",1.72619270849218e-10,8.81801625895056e-21,0.995090581047022,0.00490941878035848,3
"19814",1.67152693792225e-05,2.80435887106581e-13,0.163206548421163,0.836776736309178,4
"19816",0.991838920996374,0.000752385663829135,6.72777911364791e-10,0.007408692667019,1
"19818",0.000174191857018618,2.73029844923493e-12,0.0348417414072591,0.964984066732992,4
"19820",0.977804067547546,0.0221956824110659,2.16670693080599e-17,2.50041388028131e-07,1
"19822",0.958158857819526,0.0411347000721995,2.38637789773495e-11,0.000706442084410956,1
"19824",0.987856199815625,8.56632416387245e-05,8.05560371669562e-09,0.0120581288871327,1
"19826",0.000748186034617345,9.06269013552331e-11,0.00711366683654526,0.992138147038211,4
"19828",0.437583775096674,0.562415485060757,4.18510497258422e-17,7.39842568619502e-07,2
"19830",0.000137222741270688,1.61638390443231e-10,0.00344610927532928,0.996416667821762,4
"19832",0.664869203929393,0.334038663650652,4.90784384937836e-12,0.00109213241504665,1
"19834",0.728327525830422,0.000130345120563269,7.15781955368956e-07,0.271541413267059,1
"19836",1.7642872830806e-09,9.02818645789457e-20,0.987890984922654,0.0121090133130586,3
"19838",1.01578655249553e-12,5.52977060788485e-23,0.999459690085874,0.00054030991311052,3
"19840",0.0345582812768419,7.56740000504826e-08,0.000398098927877118,0.965043544121281,4
"19842",2.14756037141872e-09,6.99903384590234e-19,0.973356879768336,0.0266431180841033,3
"19844",1.90736568581978e-06,2.38757942195109e-14,0.861446271510056,0.138551821124234,3
"19846",1.39646854320372e-10,1.91809701767495e-20,0.990514855726747,0.00948514413360652,3
"19848",1.22666844716547e-13,1.05248394255853e-24,0.999882014491909,0.000117985507968258,3
"19850",1.39776329206192e-10,2.48008779658467e-20,0.996374130840188,0.00362586902003536,3
"19852",0.389971628388125,3.26379169328581e-06,4.19075962383811e-06,0.610020917060558,4
"19854",8.24325391870435e-13,2.0632651101441e-23,0.999476127813746,0.000523872185429622,3
"19856",1.73942799791252e-09,1.18658291765154e-18,0.993152564974262,0.00684743328631039,3
"19858",2.66128988880299e-09,6.12411897018498e-19,0.992686202641364,0.00731379469734597,3
"19860",0.00618405495233953,2.75291716349124e-09,0.00106347415071009,0.992752468144033,4
"19862",3.93977415729609e-14,1.93256275471804e-25,0.99992880444456,7.11955554010014e-05,3
"19864",1.16077023541345e-07,1.0372703960411e-16,0.950759275955978,0.0492406079669981,3
"19866",0.745288685748744,7.59843344068464e-06,8.252200757837e-07,0.25470289059774,1
"19868",7.77866267174798e-07,1.1897302947926e-12,0.845278568759346,0.154720653373197,3
"19870",3.48423966550026e-08,1.87429544919242e-17,0.914358426622041,0.0856415385355623,3
"19873",0.0525233593253368,2.50516597224877e-07,8.38221016871203e-05,0.947392568056379,4
"19875",0.997377067800604,0.00078576269296763,5.68129432957925e-11,0.00183716944961482,1
"19877",5.69206895560841e-05,1.05663263863496e-12,0.0134149956749407,0.986528083634447,4
"19879",0.215110606451757,7.22851765848333e-06,1.5254839873547e-05,0.784866910190711,4
"19881",0.000114967901619638,4.05590038589616e-12,0.0201618167933552,0.979723215300969,4
"19883",0.00154391500703707,6.74464970540434e-10,0.00413138445781393,0.994324699860684,4
"19899",0.00964142718728917,1.22884312780133e-08,0.00049697715332251,0.989861583370957,4
"19908",1.71152235676727e-06,1.50323615834994e-14,0.780388284590483,0.219610003887145,3
"19910",0.0205279658492076,4.19304978675157e-09,0.000137638754013421,0.979334391203729,4
"19912",1.22196360254475e-10,1.88264456193879e-20,0.995276805774326,0.00472319410347785,3
"19914",0.000478762213734415,1.08085927569496e-10,0.00785928263115743,0.991661955047022,4
"19916",3.35162502874753e-05,7.18082020583306e-14,0.437748184124047,0.562218299625594,4
"19918",2.74361810935878e-07,3.18910848362125e-16,0.817348380893143,0.182651344745046,3
"19920",1.0176660050738e-08,9.12037971151458e-18,0.971277748266811,0.0287222415565289,3
"19922",0.0978642152352952,3.03510726879331e-05,6.84757001504515e-05,0.902036957991866,4
"19924",0.000180950321325693,5.90573428630184e-12,0.0246356980482457,0.975183351624523,4
"19926",0.95144859617597,0.00125147583375744,3.84748034176536e-09,0.0472999241427922,1
"19928",1.18187562443009e-13,7.61666990513277e-25,0.999942481509316,5.75184905655892e-05,3
"19930",1.92286221888762e-09,2.10469768333591e-19,0.973916268117478,0.0260837299596596,3
"19932",1.77533205657389e-13,2.11266489484398e-24,0.999758453091825,0.000241546907997793,3
"19934",0.100663183021564,5.56357143363493e-07,0.000131191257690119,0.899205069363602,4
"19936",1.29986111169563e-06,3.03385459468037e-15,0.511614656570319,0.488384043568566,3
"19938",0.00129390161861426,6.40424914237859e-11,0.024996882289481,0.973709216027862,4
"19940",0.0314580977949491,6.60889887824568e-09,5.7837515139221e-05,0.968484058081013,4
"19942",5.64465024399315e-10,5.91342434509234e-20,0.995253095194201,0.00474690424133414,3
"19944",0.996497988787656,0.00234838133942566,2.23643936766102e-12,0.00115362987068169,1
"19946",0.00360487491127531,8.76589330182838e-10,0.000749605570790155,0.995645518641345,4
"19948",8.36900508562616e-10,5.86850248452915e-20,0.994301946256685,0.00569805290641473,3
"19950",2.28619891257982e-16,1.60128860968267e-28,0.999998008895205,1.99110479446848e-06,3
"19952",8.36900508562616e-10,5.86850248452915e-20,0.994301946256685,0.00569805290641473,3
"19954",3.45009669814275e-11,1.29882333582018e-21,0.997207521624115,0.00279247834138352,3
"19956",1.63431876351517e-09,8.07177979489872e-18,0.979284055937437,0.0207159424282442,3
"19958",0.000232351417323227,3.31345175322588e-10,0.0873582536480544,0.912409394603277,4
"19962",3.63286979384319e-10,4.99619910490492e-20,0.99580337355048,0.00419662608623344,3
"19964",0.107079991013352,1.25075048907863e-06,5.91342964722404e-05,0.892859623939687,4
"19966",0.329344328771331,1.15567263257759e-06,3.53183110061627e-05,0.670619197245031,4
"19969",6.02903020867705e-05,3.21160045344351e-12,0.0201403432351356,0.979799366459566,4
"19972",2.52517789500001e-05,3.41347536856232e-13,0.149512681618672,0.850462066602037,4
"19974",1.51373899610949e-14,5.64473118449894e-26,0.9999725936553,2.74063446849063e-05,3
"19976",4.27018809642561e-06,1.00239951416635e-14,0.45703951392026,0.542956215891633,4
"19978",0.529482083548285,0.470517321727954,3.39655030995551e-18,5.9472376125275e-07,1
"19980",6.77681123188174e-14,7.97845665230635e-25,0.999895823764962,0.000104176234970659,3
"19982",5.22415206231956e-12,3.49540185656121e-22,0.999539378499752,0.000460621495023549,3
"19984",8.94293282169838e-12,4.41719258278943e-22,0.999574814281898,0.000425185709158767,3
"19986",0.999253487509723,0.000589815665332619,8.32409101561061e-13,0.000156696824111726,1
"19988",0.837811066098484,0.162187108391282,3.50350918822723e-16,1.8255102335129e-06,1
"19992",0.618831624775804,0.381168242179326,2.31473274267978e-18,1.33044869140274e-07,1
"19994",3.71710824751134e-13,2.07887492986038e-24,0.999809760741452,0.000190239258176053,3
"19996",0.997050851232384,0.00259377295370719,9.68297020765123e-12,0.000355375804225666,1
"19998",0.961864110461489,0.00437911664147449,3.65035633272598e-09,0.0337567692466804,1
"20000",1.00320946201246e-07,1.93368578537764e-15,0.875648656640431,0.124351243038621,3
"20003",1.84958928298706e-06,1.04650192468009e-14,0.597839268978745,0.402158881431961,3
"20005",2.70767643571912e-13,2.60416251739124e-24,0.99981171824537,0.000188281754359455,3
"20007",0.000116442158881683,1.94875133329498e-12,0.0674557528081754,0.932427805030994,4
"20009",0.0239996212748263,1.0536940595317e-08,0.00144355042463538,0.974556817763598,4
"20011",0.00162976913086871,1.098371462607e-10,0.000538877021010621,0.997831353738284,4
"20013",4.70914216047809e-11,3.85065971208039e-21,0.998156631829882,0.00184336812302673,3
"20016",0.435140134784951,1.17390594202566e-06,4.48604545930174e-05,0.564813830854514,4
"20018",0.350937631816405,0.649017029371377,8.01873549372933e-13,4.53388114165241e-05,2
"20021",6.63260882999386e-05,2.23292888562696e-13,0.198296922451695,0.801636751459782,4
"20023",0.00274409046462287,3.16259128759418e-10,0.00203301309621246,0.995222896122906,4
"20025",0.972958160277744,0.024256967997351,3.27678951833199e-10,0.00278487139722622,1
"20027",1.29863786842869e-06,3.53897805889231e-15,0.334256488067609,0.665742213294519,4
"20029",2.07533994712244e-07,4.99080571791497e-16,0.819411102271034,0.180588690194971,3
"20032",4.70722573777278e-09,1.66191112075944e-18,0.951645650101041,0.0483543451917336,3
"20034",2.74714173813547e-13,1.01194417030716e-24,0.999904965015533,9.50349841923717e-05,3
"20036",0.652016478885928,0.000818147756856765,6.99931524753366e-07,0.34716467342569,1
"20038",0.118192573049835,0.881807218119269,3.51513296318223e-18,2.08830895761741e-07,2
"20040",0.995654147545391,0.00137580538862568,5.13646806847338e-10,0.00297004655233666,1
"20043",0.0856952359973723,0.91430473413693,2.13515057406329e-19,2.98656976094014e-08,2
"20045",0.368563642854778,0.631436203719517,9.2828312617802e-18,1.53425705392771e-07,2
"20048",2.64367949721165e-16,3.03625666570183e-28,0.999998037934983,1.96206501720024e-06,3
"20051",4.15606357708551e-05,3.06669801501411e-12,0.283613850390426,0.716344588970736,4
"20053",2.97378948459925e-09,3.3751145113963e-19,0.990423500249366,0.00957649677684481,3
"20055",0.911085421133531,0.0884366780251491,1.09268591103974e-12,0.000477900840227745,1
"20057",1.85683809325625e-11,1.24328984174682e-18,0.998983761080097,0.00101623890133414,3
"20059",0.0685047244670504,4.29546551768078e-07,0.000160695361766167,0.931334150624632,4
"20061",0.0374892742089175,1.33052159058309e-07,0.000287322619044456,0.962223270119879,4
"20063",0.00327173087410742,6.56400179397352e-09,0.020766754368307,0.975961508193584,4
"20065",0.0333923165380316,0.966607643618778,1.05868040798577e-18,3.98431904603339e-08,2
"20067",0.949804842208609,0.0494140261629221,1.75581458104138e-11,0.000781131610910417,1
"20069",4.4216337714145e-13,1.43670909440247e-23,0.999724743153021,0.000275256846536975,3
"20071",0.00236425737771361,1.21598953377913e-09,0.00207635852313724,0.99555938288316,4
"20073",0.000127110723776447,3.87623684067308e-12,0.0460764402217502,0.953796449050597,4
"20075",0.0149583068482119,0.984982626163629,7.96643317080169e-13,5.90669873628531e-05,2
"20077",0.0500024066259798,0.949997592834664,3.28407512097884e-23,5.39356297784374e-10,2
"20079",1.77395246927775e-05,6.64685828102622e-13,0.629671598166318,0.370310662308324,3
"20081",0.973550035886357,0.0107501452638414,4.41750314002638e-09,0.0156998144322986,1
"20083",0.00583564867154247,6.18697022770652e-08,0.00362485507987177,0.990539434378883,4
"20085",0.0037047147683766,0.996295285228621,1.55271724590653e-25,3.00274573170338e-12,2
"20088",0.98952766360662,0.00122245534507663,1.67165697617162e-09,0.00924987937664599,1
"20091",0.240813324267843,0.75909264355673,2.66880714048218e-13,9.40321751596145e-05,2
"20095",1.51606607790505e-09,6.42679231796237e-20,0.995288537586883,0.00471146089705068,3
"20097",0.00563420359721425,0.994365796391374,1.38179864593288e-24,1.14111974240923e-11,2
"20099",0.0175039798945308,4.19280872168314e-09,0.00401951024372737,0.978476505668933,4
"20102",0.827710775977419,0.16139841095046,1.83599896536e-09,0.0108908112361223,1
"20105",0.556570240479709,1.63122944239488e-05,2.18719686970861e-05,0.44339157525717,1
"20107",0.874279037779783,1.39924251084278e-05,3.54836101881174e-07,0.125706614959007,1
"20109",0.0212207364970759,2.96660634165608e-09,0.00347835649435528,0.975300904041963,4
"20111",0.0753735114598268,0.924541450378652,3.72990649071016e-13,8.50381611483887e-05,2
"20113",0.95334368073343,4.82038988276598e-05,1.61868470979695e-08,0.0466080991808949,1
"20115",2.62467759391128e-06,9.74463905443079e-14,0.460327881982681,0.539669493339627,4
"20117",0.339569999062018,5.25687145333356e-05,3.2128510759258e-05,0.660345303712689,4
"20119",0.998840059800666,0.000796719941086486,2.49313832092801e-12,0.000363220255754322,1
"20121",0.977793082728894,4.69125143039952e-05,8.38887789262469e-09,0.022159996367924,1
"20123",0.00032767885014428,0.999672320674232,1.40941155082687e-21,4.75623399674622e-10,2
"20125",4.10043881817267e-09,3.0102194971437e-18,0.950489989094957,0.0495100068046046,3
"20127",0.993953889272685,0.0060308402284097,1.72511471793795e-13,1.52704987324953e-05,1
"20140",0.735926449417932,0.263819747276904,1.98913079659128e-13,0.000253803304964461,1
"20142",5.64050869405694e-15,2.69499248464923e-26,0.999985308558577,1.46914414175832e-05,3
"20144",2.61979249090163e-05,5.69536672830167e-11,0.0202780861593899,0.979695715858747,4
"20146",6.11388584976581e-05,2.39295029800215e-11,0.0547948589543569,0.945144002163216,4
"20148",2.61155190276188e-05,7.09607058867228e-13,0.112117043016722,0.887856841463541,4
"20150",5.4558832861342e-14,4.92839098866542e-25,0.999917403867029,8.25961329164402e-05,3
"20152",0.000211070152149752,1.45083118295867e-11,0.0132982358118832,0.986490694021459,4
"20154",0.00115149521640282,0.998848504343982,5.63380083504674e-21,4.39614633839168e-10,2
"20156",0.000255926578767258,6.07418665294478e-12,0.0307338984117043,0.969010175003454,4
"20159",6.4599521749181e-12,1.06002438972934e-21,0.998236491656319,0.00176350833722138,3
"20161",6.86918254528208e-12,3.61529778176999e-22,0.9995089604541,0.000491039539031366,3
"20163",0.480269214436511,0.000181036714610821,6.44338651272786e-06,0.519543305462365,4
"20165",3.6832169257865e-09,1.12468543717861e-18,0.995003414429546,0.004996581887237,3
"20167",6.32145863676291e-09,2.18849022008221e-18,0.980815860274087,0.0191841334044541,3
"20169",3.25564415204823e-15,1.93614786167224e-26,0.999990919737913,9.08026208326543e-06,3
"20171",0.00488984076286937,0.995110148651824,1.46717759250662e-18,1.05853069017827e-08,2
"20173",0.000106369127358871,8.46307123365225e-13,0.39082303117195,0.609070599699845,4
"20175",3.62785068134442e-05,4.63119861870083e-13,0.02254114987174,0.977422571620983,4
"20177",0.882247980694277,6.40207643654774e-05,5.13188146616239e-07,0.117687485353211,1
"20180",0.00285742555766457,0.997142574431323,4.15527318567319e-25,1.10127193943285e-11,2
"20182",1.69363754913923e-14,3.95353511836946e-24,0.999977853252542,2.21467474409623e-05,3
"20184",1.14437641095277e-07,2.57003120262133e-16,0.898716284340963,0.101283601221396,3
"20187",0.000157609292931514,2.50725769864729e-12,0.0968408148518333,0.903001575852728,4
"20189",0.89640298459162,1.03231418904271e-05,1.1913127475912e-07,0.103586573135215,1
"20192",3.29561152793365e-05,8.85878802442555e-13,0.404753351496679,0.595213692387156,4
"20194",1.11546319926149e-06,1.37966788434331e-14,0.750146406617498,0.249852477919289,3
"20196",0.818365488990376,0.181324823441659,3.88895491500394e-12,0.000309687564075986,1
"20198",0.00491723552308887,7.54618356751221e-09,0.00175654836102827,0.993326208569699,4
"20204",2.65835449929624e-13,7.05069746195753e-24,0.999831207762904,0.000168792236830688,3
"20207",0.980905754118214,0.011646585755972,1.8998725192229e-09,0.00744765822594096,1
"20209",0.0750067766976199,9.86839559202604e-05,6.98339204591671e-06,0.924887555954414,4
"20211",2.93068266548423e-06,0.999997069317325,1.15910892806718e-28,9.15552862626663e-15,2
"20215",0.98954971710981,0.00596462599744295,3.32319062693705e-10,0.0044856565604285,1
"20218",4.47379753244819e-15,2.07570507694739e-26,0.999985514322434,1.44856775613586e-05,3
"20222",0.0808177663264047,0.919181942473514,4.2679465926021e-17,2.91200081588426e-07,2
"20225",1.18525646184063e-08,5.08512283866333e-17,0.96270161468803,0.037298373459405,3
"20229",6.89302932093631e-11,1.38005801338679e-20,0.997054942149978,0.00294505778109199,3
"20232",0.00662324825594707,8.97397680953750e-10,0.000676792734029627,0.992699958112626,4
"20234",0.0765702363497711,0.923429758594174,9.9859683854317e-20,5.05605514791439e-09,2
"20238",0.908319414442394,8.99809572664783e-06,2.43687478927256e-07,0.0916713437744005,1
"20253",0.089673749127818,0.910326216022668,2.91123945618996e-19,3.48495144517746e-08,2
"20255",7.26965094457906e-10,3.99057830033658e-19,0.990033442281814,0.00996655699122149,3
"20258",0.983096731484063,0.0168252256639892,2.47031522567502e-13,7.80428517002587e-05,1
"20269",0.0113540747419318,8.12536782591554e-10,0.00651912918093537,0.982126795264596,4
"20271",0.948305276296182,0.0516947131850572,1.09748282663032e-20,1.05187604070376e-08,1
"20285",5.08744094098513e-05,7.47476894913046e-13,0.178038433229096,0.821910692360747,4
"20288",0.994926983280369,0.000783254825863799,2.19366907471525e-10,0.0042897616744006,1
"20291",0.971584085535681,0.00186958170102904,1.22843259729458e-08,0.0265463204789638,1
"20295",0.00655972584230294,1.0110433225022e-08,0.00469966686914764,0.988740597178116,4
"20298",4.44884832617163e-13,6.91221031062969e-24,0.999745775731393,0.000254224268162281,3
"20302",0.000144148429210052,1.68968409898388e-11,0.0401506716426242,0.959705179911269,4
"20305",4.6028917069209e-13,5.63970974308516e-24,0.999698734339596,0.000301265659943721,3
"20307",0.954344246380676,0.0456472397058715,2.26292513203025e-15,8.51391345013847e-06,1
"20310",0.95299958609569,1.78186653288956e-05,1.45395867611967e-06,0.0469811412803052,1
"20313",6.16836919340665e-15,4.15311641217876e-26,0.999984848628391,1.51513716024698e-05,3
"20315",0.969264491491394,0.0307292317176427,1.39587080739274e-15,6.27679096177743e-06,1
"20319",0.00285260044880417,0.997147398607771,4.73312799919627e-21,9.43424873964814e-10,2
"20321",0.996585669667613,0.00325398293901341,2.58119223987598e-12,0.00016034739079253,1
"20327",0.990426266312766,1.18669313100395e-05,8.72410793596367e-09,0.00956185803181603,1
"20329",2.94290644206623e-09,5.61925790940763e-19,0.987338526010084,0.0126614710470096,3
"20335",0.664679314416065,0.335262857761018,1.82575994380774e-13,5.7827822734636e-05,1
"20337",6.34250493141821e-15,2.31193911729916e-26,0.999979206655435,2.0793344558264e-05,3
"20339",0.000505284481398204,3.81823855559235e-09,0.00878268977887298,0.99071202192149,4
"20341",0.515974584741727,0.483781458942493,2.33165622241139e-12,0.000243956313447946,1
"20343",0.218023415886357,1.43375827741342e-05,0.000124973934900563,0.781837272595969,4
"20345",1.36720957654356e-05,7.26190028415014e-14,0.0423527143767746,0.957633613527387,4
"20350",1.88185713650137e-10,2.59624435297948e-20,0.997899905189363,0.00210009462245118,3
"20352",3.16371878208701e-15,9.10697138914383e-27,0.999992611785701,7.38821429593943e-06,3
"20355",1.50622452317553e-15,1.73703267012028e-27,0.999994718878294,5.28112170454465e-06,3
"20358",0.950476950545283,0.0108984433946896,2.26752644228364e-08,0.0386245833847628,1
"20363",0.852614217495386,4.75863428256805e-05,1.15078764037523e-06,0.147337045374148,1
"20365",0.000968399693297861,0.99903160021096,4.76646204182654e-23,9.57425052653934e-11,2
"20379",2.47296353648659e-05,2.93568942693329e-12,0.0621284368439303,0.937846833517769,4
"20387",0.987472513351919,0.0124907282962317,2.0339830124059e-14,3.67583518292572e-05,1
"20392",0.00207068038899394,0.99792931582435,5.82581781724398e-20,3.78665618850387e-09,2
"20395",0.155753381745623,7.18493918390003e-06,8.2450909982733e-06,0.844231188224195,4
"20397",2.16400802349041e-15,3.47119534458125e-27,0.999993165170841,6.83482915666186e-06,3
"20410",0.979559244089998,0.0203773732759275,1.94157829086268e-14,6.33826340549167e-05,1
"20414",1.66854838741317e-11,8.03096686449909e-22,0.999127083298141,0.000872916685173494,3
"20417",0.978128242392292,0.0103821493162734,4.89427152777755e-08,0.011489559348719,1
"20419",0.996240768432438,0.00373904754486575,4.52205065159307e-14,2.01840226515648e-05,1
"20421",0.279164326036725,0.000357597510649796,4.53166106450718e-06,0.720473544791561,4
"20423",5.96173007961546e-10,2.81118759200941e-19,0.992307960408935,0.00769203899489213,3
"20425",5.75000677410162e-07,1.20851220422598e-14,0.817100915421117,0.182898509578193,3
"20427",0.00686511758037704,9.11656613228036e-09,0.00103669098767043,0.992098182315386,4
"20429",4.85415677412162e-10,3.24643456490169e-20,0.997035689433982,0.00296431008060226,3
"20432",2.06663492443952e-10,4.23570388767739e-20,0.996610229780941,0.00338977001239589,3
"20435",1.42488644844873e-07,4.02780000981838e-17,0.88377386246283,0.116225995048525,3
"20438",0.986560029520167,0.0133864784655449,1.39386028756195e-13,5.34920141482852e-05,1
"20440",0.999537198332865,0.000425066217752175,3.44904234761088e-13,3.77354490382701e-05,1
"20443",2.16285398519378e-11,1.62460046298011e-21,0.999189682215168,0.000810317763203872,3
"20446",0.978130225882253,0.00631818931636443,2.50295092260665e-09,0.0155515822984315,1
"20449",1.74186557692183e-05,1.84512306922641e-13,0.266406675641572,0.733575905702474,4
"20537",0.103033183049873,4.7243471834309e-06,0.000122531671587106,0.896839560931356,4
"20540",5.34959961792395e-05,0.999946504003351,2.69960421173898e-26,4.70260606966142e-13,2
"20543",0.000250431719052937,4.06729055507606e-12,0.00732380504422869,0.992425763232651,4
"20545",3.532845203901e-06,0.999996467154778,5.84149855527553e-28,1.82588483503911e-14,2
"20549",0.00116107141910374,1.17423441022364e-09,0.00826575665652506,0.990573170750137,4
"20551",0.00620918721796324,0.993790812654583,1.21115121587325e-23,1.27453749877944e-10,2
"20554",0.948292579339522,0.0517059443000911,3.98765522524013e-17,1.47636038642437e-06,1
"20556",0.250016860382377,0.749959515930881,7.29018286668155e-15,2.36236867338094e-05,2
"20558",0.917883420768149,0.0821165176225959,5.63253361676738e-19,6.16092552113442e-08,1
"20560",0.99137806384105,0.00846211872572314,4.9905096279428e-13,0.000159817432727592,1
"20563",0.998806934562933,0.00118493831148712,6.06027696974612e-14,8.12712551981615e-06,1
"20565",0.0650606650579177,2.32617686568465e-07,0.000769834007528829,0.934169268316867,4
"20567",6.45291692394486e-11,5.78984592647234e-21,0.997962589889795,0.00203741004567564,3
"20571",0.860319652414957,0.000129841151587197,1.81738603912906e-06,0.139548689047416,1
"20573",0.907076870879974,0.0927421163895835,1.61312019841418e-13,0.000181012730281402,1
"20575",0.627769208215697,1.25950690548591e-06,1.81859940992129e-05,0.372211346283298,1
"20577",0.000411967808543885,1.12123934891387e-10,0.016161733007617,0.983426299071715,4
"20579",3.66638399044643e-09,1.59772547447302e-18,0.983426726750472,0.0165732695831436,3
"20582",0.713904954599891,0.286095027888649,1.20593511902779e-19,1.75114599018936e-08,1
"20585",0.593973881886236,0.405421694817781,4.14332231251509e-12,0.000604423291839403,1
"20588",0.000594998967398211,0.999405000766682,2.28393225497216e-22,2.65919367070539e-10,2
"20590",1.05854701602812e-11,6.92171361550242e-22,0.999170509557826,0.000829490431588806,3
"20592",0.997646751205921,0.0021598634555232,5.51564300678903e-12,0.000193385333040671,1
"20594",0.0769454867055195,0.923054513086938,6.93249310065055e-23,2.07542227175598e-10,2
"20596",0.130539546974581,7.88221292666691e-08,0.000255300912117831,0.869205073291171,4
"20598",0.998130727606818,0.00034923995948101,2.68653951171344e-11,0.00152003240683566,1
"20600",0.0156232040787056,0.984376671763933,2.50175369402389e-18,1.24157361463494e-07,2
"20603",9.70401649670157e-11,2.55468488478068e-20,0.995543500548654,0.00445649935430556,3
"20605",0.000866258849368376,0.999133741149332,1.58718901982847e-26,1.29946279081292e-12,2
"20607",0.95365959740213,0.0463381207195053,8.59622920352554e-17,2.28187836451872e-06,1
"20609",0.386930038310384,3.4912223949905e-07,4.06622691124919e-05,0.613028950298264,4
"20611",5.56923364808211e-09,2.72383042788021e-18,0.899805043053738,0.100194951377028,3
"20613",7.0363515873215e-09,4.90705132578558e-19,0.970881822479216,0.0291181704844323,3
"20615",0.95948153769222,0.0277476966601319,1.00007665050901e-09,0.0127707646475713,1
"20617",5.84913947202312e-15,4.10976925413782e-26,0.99998450033525,1.54996647443634e-05,3
"20619",0.991933298118541,0.00802572899847426,1.31838030628126e-13,4.09728828526018e-05,1
"20621",0.675036620048578,0.324961803529409,2.55494159070378e-17,1.57642201381363e-06,1
"20623",0.183261521423084,1.16246536010152e-06,0.000126982424335761,0.816610333687221,4
"20625",0.00130814154027517,6.37122077172035e-08,0.00118051497350467,0.997511279774012,4
"20627",0.00836472401778025,1.76643605682651e-09,0.00043185657910138,0.991203417636682,4
"20629",0.981441116601913,0.00429151116626943,1.66685753792817e-09,0.0142673705649604,1
"20631",0.964713780765653,0.0352777554803378,1.30764123647355e-14,8.46375399587644e-06,1
"20633",5.83763232173493e-15,3.64024926607224e-26,0.999986111529784,1.38884702097339e-05,3
"20636",1.89299009048309e-06,1.69152184812336e-14,0.706620716559793,0.293377390450099,3
"20638",0.000973182464063352,1.48205540749291e-09,0.0095898426846262,0.989436973369255,4
"20640",0.863178964271788,0.000645908291837854,2.91797295865552e-07,0.136174835639078,1
"20645",0.0330297611839299,0.966970237791284,1.84588320866606e-21,1.02478602576604e-09,2
"20647",6.69924079861054e-16,1.84828564254533e-27,0.999996771690802,3.22830919699726e-06,3
"20649",0.924042656265316,0.00025009418519385,1.38527667353755e-07,0.0757071110218234,1
"20651",0.987083727143263,0.000860390795109515,8.1253017069006e-09,0.012055873936326,1
"20656",0.390475468329225,0.609520538403619,2.96679493049558e-15,3.99326715320066e-06,2
"20660",1.81386859528189e-05,8.00946438902949e-13,0.377623047048569,0.622358814264677,4
"20662",9.1937478851131e-10,1.22503990739551e-19,0.992453654719329,0.00754634436129621,3
"20664",1.90701341978495e-12,2.99164797590927e-23,0.99984846450038,0.000151535497712847,3
"20666",9.88671992198527e-11,5.41040128623041e-20,0.997009568863133,0.00299043103799939,3
"20668",2.18090410345292e-10,3.3122159286554e-20,0.995626627717262,0.00437337206464796,3
"20670",0.73093821520494,1.07699084510499e-05,9.01785150812828e-06,0.269041997035101,1
"20672",1.44487947662002e-10,5.80291671688157e-20,0.99693755754442,0.00306244231109213,3
"20674",0.790284365551037,0.209681095554117,6.93523498333675e-15,3.45388948393082e-05,1
"20676",5.49202945697815e-11,8.4095089913298e-21,0.996825703998861,0.00317429594621911,3
"20678",1.98420386416593e-15,2.92858182505411e-27,0.99999218151732,7.81848267747781e-06,3
"20680",2.09071722625844e-13,1.48322103589337e-24,0.99990805008892,9.19499108709419e-05,3
"20682",0.0116816042360924,4.19001365025267e-08,0.000256580112457347,0.988061773751314,4
"20684",0.0804263677780124,5.78648725488823e-07,5.48159446075233e-05,0.919518237628654,4
"20686",9.47146294270423e-15,4.98080876377669e-26,0.99997893548523,2.10645147609351e-05,3
"20688",4.76763410066648e-15,9.27907032532246e-27,0.999988128560183,1.18714398120929e-05,3
"20690",0.0660016539566465,3.37731367403658e-06,7.53542204650564e-05,0.933919614509214,4
"20692",2.949148097489e-15,8.09814955508479e-27,0.999990785509562,9.21449043536229e-06,3
"20694",2.60999290424946e-08,5.10456780674592e-17,0.951128471471903,0.0488715024281681,3
"20696",3.95819838428004e-06,7.62277307566223e-14,0.548128150842042,0.451867890959498,3
"20698",3.33379420972182e-06,4.8155373631811e-14,0.748840037821415,0.251156628384327,3
"20700",0.0194678198295348,5.19419467301985e-09,0.00162407644675911,0.978908098529511,4
"20702",0.968946728936059,0.0215063515770457,1.27832570814683e-09,0.00954691820856959,1
"20704",0.379355964368052,1.55354058576743e-06,1.03382338149425e-05,0.620632143857547,4
"20706",2.91573513507961e-12,3.5417993310404e-23,0.999657658627612,0.000342341369471948,3
"20708",4.89779859364711e-13,3.32709317137771e-24,0.999759593758864,0.00024040624064587,3
"20710",1.90239523165205e-08,1.70660728386625e-17,0.971776660044181,0.0282233209318671,3
"20714",1.10426529952602e-09,3.18711345446139e-19,0.993671052170941,0.00632894672479339,3
"20716",0.400697221801382,1.72849432944544e-06,6.85187137718804e-06,0.599294197832911,4
"20719",0.910958531329716,0.000547641696039662,6.52945081699951e-08,0.0884937616797362,1
"20721",0.998976802858202,0.000989645886094011,2.62677306240975e-13,3.35512554412322e-05,1
"20723",4.91555128380691e-06,3.27296982452929e-14,0.653347481406952,0.346647603041732,3
"20725",1.32022575020644e-06,6.40009952444289e-15,0.440760042654027,0.559238637120216,4
"20727",1.79767146185915e-05,2.47948119323648e-11,0.113837463404478,0.886144559856109,4
"20729",2.08074926532752e-13,1.28547176428562e-24,0.999733051326961,0.000266948672830826,3
"20731",3.82147180159304e-13,2.86177909395821e-24,0.999513239605758,0.000486760393859615,3
"20733",0.11809244460441,2.44574101508917e-06,7.76716775085509e-05,0.881827437977066,4
"20735",0.0155601853110811,1.86779668074388e-08,5.31261768195274e-05,0.984386669834133,4
"20737",3.24482616384845e-10,6.01246778980392e-20,0.994929484511626,0.00507051516389155,3
"20739",5.75768702098578e-15,2.60633576612468e-26,0.999986749771357,1.32502286366651e-05,3
"20741",2.88719653356176e-06,2.11321601328491e-14,0.549349937151993,0.450647175651452,3
"20743",5.70049221560684e-13,2.16372613651631e-24,0.999791334510125,0.000208665489304721,3
"20745",0.959034584930971,0.0408188189377228,1.65774756560766e-12,0.000146596129648344,1
"20747",5.45298491433429e-13,4.65019700211179e-24,0.999466210269718,0.00053378972973657,3
"20749",4.04273938492182e-12,1.57535258025482e-22,0.997953682290025,0.00204631770593238,3
"20751",3.25270626734766e-07,1.35160169434208e-13,0.237686799481778,0.76231287524746,4
"20753",1.770887321771e-13,1.16989059668777e-24,0.999863997119315,0.000136002880508163,3
"20755",1.39581925478067e-12,1.09826950979537e-23,0.999653847599705,0.000346152398899698,3
"20757",7.16023494172789e-10,6.9934837853596e-20,0.995687919233102,0.00431208005087448,3
"20759",0.998722814957492,0.000418136785915593,3.80930886063295e-11,0.000859048218499022,1
"20761",2.41294003098541e-06,2.95524066324131e-15,0.491598544193372,0.508399042866594,4
"20763",3.18356663220477e-08,1.98060760209915e-17,0.96452408181449,0.0354758863498441,3
"20765",1.01301409854977e-12,1.35274180447661e-23,0.99978430596067,0.000215694038316508,3
"20767",0.0475698877240674,2.88462992092252e-08,0.000194249474002152,0.952235833955631,4
"20769",0.521479392886188,0.478350018714761,4.06492806371644e-13,0.000170588398644118,1
"20771",0.000101291823257399,1.34984589138923e-12,0.154713531618453,0.84518517655694,4
"20773",0.000388107063384294,7.8772428100064e-11,0.0357342911883979,0.963877601669445,4
"20775",3.68155418716012e-07,8.11545698730124e-16,0.602747667898612,0.397251963945968,3
"20777",0.408689840789996,0.590164251261683,1.07701103084068e-11,0.00114590793755049,2
"20779",8.10628530132309e-06,1.58986133841776e-13,0.200557099851119,0.79943479386342,4
"20781",0.053339195910077,0.000120330573730347,0.000119143811946465,0.946421329704246,4
"20783",0.00900212991259157,1.40196049159734e-09,0.000141874831765484,0.990855993853682,4
"20785",3.16476999051069e-14,1.0693472709084e-25,0.999977184344037,2.28156559307937e-05,3
"20787",9.32712626122204e-05,2.5788250815485e-12,0.0144176967860699,0.985489031948739,4
"20789",2.00458619619776e-10,4.34169793113052e-21,0.996016742856109,0.0039832569434328,3
"20791",4.99838040216772e-12,3.03334198211588e-22,0.998125070447855,0.00187492954714665,3
"20793",0.000234864923119794,6.91250865166811e-12,0.0333027183593953,0.966462416710572,4
"20795",1.33640444611939e-11,4.60628525903505e-22,0.998900387486546,0.00109961250009043,3
"20797",1.23120561777315e-08,1.05639774537935e-15,0.975074436699824,0.0249255509881188,3
"20800",5.14979377241349e-12,2.87945645262602e-22,0.997223194828116,0.00277680516673418,3
"20802",4.88862512658049e-09,1.08245305321885e-18,0.975353299182563,0.0246466959288116,3
"20804",1.16500133501503e-10,8.86366601269248e-21,0.992792369406032,0.00720763047746779,3
"20806",8.56310381501344e-14,8.90851983649874e-25,0.999885310323714,0.000114689676200428,3
"20808",0.502187832671232,1.15753441353289e-06,5.28187269124275e-06,0.497805727921664,1
"20810",2.64703069157261e-08,1.71049866729609e-17,0.932581296839434,0.067418676690259,3
"20812",1.47897861929477e-07,8.79938530575489e-16,0.870807011697399,0.129192840404738,3
"20814",4.78895501598159e-13,7.73832457041733e-24,0.999676867558853,0.000323132440668399,3
"20816",0.000108436791385693,3.03259656565654e-12,0.150264018794099,0.849627544411482,4
"20818",3.32340903582072e-09,4.27955206133732e-19,0.979824059364939,0.0201759373116519,3
"20820",1.02670803386835e-14,7.79633345188686e-26,0.999984088604781,1.5911395209044e-05,3
"20822",5.95603958644237e-05,1.74924408760437e-12,0.0458215530252984,0.954118886577088,4
"20824",6.52332161592167e-10,1.49316578565434e-19,0.995233464231312,0.00476653511635559,3
"20826",1.6845511468765e-15,4.72989447504736e-27,0.999992695901418,7.30409858012764e-06,3
"20828",3.16298203265984e-16,4.49244066927194e-28,0.999997848091047,2.15190895310737e-06,3
"20830",1.09468798627388e-08,1.64459888687101e-17,0.864171887931637,0.135828101121483,3
"20832",0.520453143741661,3.24101902685342e-05,2.10805724782235e-06,0.479512338010822,1
"20834",0.867454576079408,0.000125093934237638,1.44785931549044e-07,0.132420185200423,1
"20836",2.23127377131311e-14,5.11023615832915e-26,0.999959391797077,4.06082029005837e-05,3
"20838",3.63885998554694e-12,1.08196501510689e-22,0.998865306557728,0.00113469343863342,3
"20840",4.65810092756503e-10,1.79292968874891e-20,0.996083163534217,0.00391683599997312,3
"20842",0.000322480882315222,1.28172592851027e-10,0.0117318312085451,0.987945687780967,4
"20844",3.26033898697209e-05,1.52075255537826e-13,0.219953283794574,0.780014112815404,4
"20846",8.52496980439806e-05,6.64818088902304e-12,0.176483644528264,0.823431105767043,4
"20848",8.30080024859755e-06,2.59762448663953e-14,0.426641938098177,0.573349761101549,4
"20850",0.931861729188851,0.000127863178720371,1.65708641934424e-07,0.0680102419237864,1
"20852",0.960267071498999,0.000766051376808157,3.33343626798209e-08,0.0389668437898298,1
"20854",1.08623037674373e-14,7.4886815717422e-26,0.99997256826932,2.7431730668895e-05,3
"20856",0.0722528780246365,0.927728750964516,6.12624145449246e-15,1.83710108415072e-05,2
"20858",0.000650187050095142,6.13320125265799e-11,0.073917036168208,0.925432776720365,4
"20860",6.03511139229216e-08,5.08998304808891e-17,0.939999895095572,0.0600000445533135,3
"20862",0.979063082763158,0.0209296503726679,2.46343867787263e-15,7.26686417117875e-06,1
"20864",6.22485143561326e-09,1.43823636782857e-17,0.984606998747767,0.0153929950273818,3
"20866",0.595449686359069,0.404549793565013,6.87103640311978e-17,5.20075917373327e-07,1
"20868",0.0330611242081663,3.01225593582519e-08,0.000414298601566561,0.966524547067708,4
"20870",2.73508887054072e-06,7.46297076933111e-15,0.441060430481511,0.558936834429611,4
"20872",2.50829617482232e-08,2.89453306793339e-17,0.909504275287488,0.0904956996295505,3
"20874",1.24335037582049e-14,6.19404757261788e-26,0.999980478187316,1.95218126717148e-05,3
"20877",0.880101420546022,0.119665386592485,3.0130819718512e-13,0.000233192861191463,1
"20879",0.592634304972305,1.6278436841986e-06,4.13193580543945e-06,0.407359935248205,1
"20881",8.4924464123101e-10,2.67671883328562e-19,0.977532670614628,0.0224673285361269,3
"20883",0.0113355787501055,1.27804277309565e-06,0.00021830598098111,0.98844483722614,4
"20885",3.7033860441325e-15,7.13750991279807e-27,0.999984238599866,1.57614001297349e-05,3
"20887",0.917128119566529,0.00123412368604295,5.6227972666804e-08,0.0816377005194548,1
"20889",5.58639418976657e-08,1.38500765022249e-16,0.788558329261328,0.21144161487473,3
"20891",0.00810257859457552,0.991897421392176,3.68428749938797e-25,1.32488740104411e-11,2
"20896",0.571316590056014,0.000142927087947748,1.61953909487488e-06,0.428538863316944,1
"20898",1.31595956584317e-09,1.20853356968631e-19,0.984213078747717,0.0157869199363237,3
"20900",0.00148901422339713,4.9760180161818e-06,0.000878018530553877,0.997627991228033,4
"20902",0.626021824718841,0.000840582981213239,6.07333458607103e-07,0.373136984966487,1
"20904",8.06395939737145e-05,6.18195732059014e-12,0.265065785187898,0.734853575211946,4
"20906",0.0772125499977644,0.922787335556432,7.6276437291608e-19,1.14445803303402e-07,2
"20908",6.12305906950351e-12,1.87507827971181e-22,0.999608467694878,0.000391532298998776,3
"20910",0.896463165362944,0.00021393892284476,1.797734491357e-08,0.103322877736866,1
"20912",0.000204044540522846,5.77134332660781e-08,0.00850081944455787,0.991295078301486,4
"20914",0.00605221861859766,0.993947781367432,1.4688369606008e-24,1.39706856521939e-11,2
"20968",1.21187796463088e-10,7.57959703098586e-20,0.997853051153576,0.0021469487252365,3
"20970",0.980366659127709,0.00082479269144406,1.0119551938814e-08,0.0188085380612951,1
"20981",0.773910455111062,1.60618433698316e-05,2.18312642837886e-06,0.22607129991914,1
"20983",7.0080780081931e-15,3.32346746304038e-26,0.999981976163614,1.8023836379294e-05,3
"20988",0.998597666868526,0.00137294764609158,2.01932387091331e-13,2.93854851799124e-05,1
"20995",1.20904375893168e-15,1.39006796305044e-27,0.999994997798841,5.00220115805656e-06,3
"21017",0.00277396702754747,6.96579248611635e-10,0.00560245188452171,0.991623580391352,4
"21038",0.993592622305657,0.00589052869099048,2.19620208497199e-12,0.000516849001156413,1
"21072",0.0603592672455561,0.939640611053433,2.95832477027195e-18,1.2170101038233e-07,2
"21075",0.0502588583249191,0.949741126894997,3.3030838136421e-20,1.47800837639532e-08,2
"21223",7.19459249710222e-07,3.53164958727275e-16,0.522923985282815,0.477075295257935,3
"21225",0.533317160689882,0.46266507263608,4.74932059033104e-10,0.00401776619910564,1
"21230",1.438605242835e-15,2.81024217453874e-27,0.999993552420646,6.44757935230834e-06,3
"21236",0.000320089547554802,7.88547906521663e-11,0.0147278784617995,0.984952031911791,4
"21238",0.211922980322811,0.000117086059393141,1.31541547693066e-05,0.787946779463026,4
"21241",0.993525979456678,0.0043039211714187,3.34041492496229e-10,0.00217009903786214,1
"21246",0.268079798027412,0.731920182413617,1.24936486103768e-20,1.95589712051907e-08,2
"21253",4.57553361794264e-13,2.03027782358877e-23,0.999776326813107,0.000223673186435022,3
"21256",7.98050444251041e-15,1.40024018322727e-26,0.999984300171493,1.56998284994073e-05,3
"21260",0.884635171204227,0.00737464084885703,3.55315442669299e-07,0.107989832631473,1
"21266",0.966378157531394,9.04196752286671e-05,1.65855623813743e-08,0.0335314062078147,1
"21332",0.982605558275765,0.0173428798516355,3.51550886556708e-14,5.15618725641715e-05,1
"21334",2.22097109574194e-06,2.56987127910909e-14,0.394806662745497,0.605191116283381,4
"21375",1.66236920995733e-09,2.16213469434051e-19,0.995757490598954,0.00424250773867647,3
"21378",0.996932756548108,0.00185463156591459,2.90450507255326e-10,0.00121261159552741,1
"21381",0.944250708446331,0.0557260614899945,2.27809306692952e-14,2.32300636517822e-05,1
"21389",7.25521772240634e-09,9.29796353851918e-19,0.950840914258219,0.0491590784865631,3
"21391",0.0313788122240831,1.11809383993057e-08,0.000790910018418595,0.96783026657656,4
"21402",0.999072606002537,0.00053062155967444,3.1509160058918e-12,0.000396772434637855,1
"21404",0.976711066769467,0.00970318812605464,1.42381552460006e-09,0.0135857436806633,1
"21409",0.981572987548441,0.000708589963830245,4.03212673253519e-10,0.0177184220845162,1
"21413",0.960872087586388,0.035671320902982,5.73517865546638e-12,0.00345659150489451,1
"21423",0.732407952619639,6.40144639606448e-05,4.9445456093867e-06,0.267523088370791,1
"21425",0.805092017214573,0.19459563559742,6.43914699777939e-13,0.000312347187362385,1
"21430",0.00233141327652921,0.997668531871449,1.67356019447971e-18,5.4852021906823e-08,2
"21432",0.965417248445789,0.00015497949927696,8.73684575221775e-09,0.0344277633180881,1
"21438",0.00130713196396371,2.65632003773669e-11,0.0771848999658127,0.92150796804366,4
"21440",0.261342485774278,1.04458598427422e-06,1.373527658232e-05,0.738642734363155,4
"21443",5.35679473614557e-10,5.82265212506903e-20,0.985133141639354,0.0148668578249671,3
"21445",0.00018080337648311,0.999819196571556,7.28248814542157e-23,5.19605906419594e-11,2
"21447",0.977430164849306,0.0220264386789375,8.97235122935344e-12,0.000543396462783708,1
"21449",0.884168659233298,0.115831272925515,5.27744514254997e-19,6.78411876456183e-08,1
"21451",0.884168659233298,0.115831272925515,5.27744514254997e-19,6.78411876456183e-08,1
