"","V1","V2","V3","V4","V5","best$classification"
"19812",0.000129306715876686,0.000800715754098904,0.0241815047716159,5.42595032650925e-06,0.974883046808082,5
"19814",6.3717700601439e-06,3.02163893924539e-05,0.00271572657129203,0.00531370198490893,0.991933983284346,5
"19816",0.000143740109821978,1.11396613332063e-05,0.975183240196454,3.50865609463925e-06,0.0246583713762959,3
"19818",6.66370201547409e-05,7.31812112548027e-05,0.0538544013620587,0.0194346568833549,0.926571123523177,5
"19820",2.77492784600523e-07,8.95318861641916e-05,0.999908646071088,7.31170853000939e-09,1.53723825432426e-06,3
"19822",5.70623953980564e-06,0.0586796148745238,0.941281491384178,5.20743391182289e-06,2.79800678457748e-05,3
"19824",0.000511060187703567,8.61397410139188e-05,0.995169886271892,0.00290806352202232,0.001324850277368,3
"19826",0.0130467720137381,2.4784259235812e-05,0.0373379883513369,9.10665520695058e-05,0.94949938882362,5
"19828",8.16348898554719e-07,0.000378542768971288,0.998488615818736,5.80553346579992e-06,0.00112621952992818,3
"19830",0.00173400227222587,0.000662686915049745,0.000364845502716504,0.000235821599699261,0.997002643710309,5
"19832",1.73706966484212e-05,0.539563682387574,0.149120806065981,6.44246092447406e-06,0.311291698388872,2
"19834",6.33181918275956e-06,0.0153571126346108,0.865093042336288,0.000358057592583106,0.119185455617336,3
"19836",0.115201799051508,0.000330977750709479,0.276440624613977,6.97461866025192e-06,0.608019623965146,5
"19838",1.1410199568743e-05,9.6237104080041e-05,8.67197137364227e-05,0.00116314198651745,0.998642490996097,5
"19840",0.00417470378850133,7.13424644507541e-05,0.766343001786539,2.71470113186699e-05,0.22938380494919,3
"19842",0.894645068239082,8.60476762585858e-07,1.9502054477983e-05,5.79980742565313e-05,0.10527657115542,1
"19844",4.72570402190996e-05,1.91561144501133e-07,1.79503296424108e-05,0.999898740709953,3.58603590408927e-05,4
"19846",0.00479221536275399,4.85327315218496e-07,2.0364895843498e-05,0.21115866767925,0.784028266734837,5
"19848",0.000365582399407899,1.65260932037713e-06,3.17421499141962e-05,0.0846495346149746,0.914951488226383,5
"19850",9.38405412107611e-05,8.1433659913409e-06,0.000313942914176493,0.345689452377821,0.6538946208008,5
"19852",3.69113950762124e-05,0.00029535512509846,0.644238871082039,0.000853276251912928,0.354575586145873,3
"19854",9.15596144780705e-05,3.63682723547619e-06,3.03241018499383e-05,0.00963211529499539,0.990242364161441,5
"19856",0.000371650516660666,2.8559494781276e-05,0.00107670409742685,0.97503492718867,0.0234881587024613,4
"19858",7.00580005816791e-05,0.000225518214358535,0.0265245692458998,0.969192898078837,0.0039869564603234,4
"19860",7.09699364691841e-05,0.000174304759440192,0.297434852742857,8.77773651801977e-05,0.702232095196053,5
"19862",0.0151440113241871,5.89078780052282e-07,1.08884266058754e-05,0.012862133482564,0.971982377687863,5
"19864",0.999936235807978,3.29682736813715e-07,3.84010267640992e-05,5.79036169988519e-06,1.9243120820792e-05,1
"19866",0.0393244124267117,3.6634282979793e-05,0.954087262643851,2.89304497290764e-06,0.00654879760148446,3
"19868",7.82220064649747e-07,0.999713819878615,1.80344523853119e-05,7.46500114140942e-05,0.000192713437520867,2
"19870",0.00152600169331702,5.54254559368261e-06,0.000486559499103515,0.00575177475459357,0.992230121507392,5
"19873",0.0024927184667606,1.4658879040549e-05,0.030944668987911,0.00165902275714163,0.964888930909146,5
"19875",2.44681178333542e-06,0.000506807561706338,0.993433712280706,1.86648991666864e-07,0.00605684669681271,3
"19877",0.000146285477016577,4.24625506515978e-05,0.00452594236244028,0.00349830674777957,0.991787002862112,5
"19879",0.000326728068717644,0.00165008167200938,0.292021028608069,0.00724096872951394,0.69876119292169,5
"19881",0.0258098234126,1.97182253298546e-05,0.0127116578394879,0.00244778654716375,0.959011013975418,5
"19883",0.240147156102404,2.87940217679981e-06,0.00475413336952233,0.000205918350336203,0.75488991277556,5
"19899",0.00300868022453137,0.0100919288790075,0.379205459769054,6.27937714210271e-05,0.607631137355986,5
"19908",0.730731582474327,0.0758119710152665,0.167971783011948,0.00584063493239159,0.0196440285660679,1
"19910",0.000555196396501794,0.000103544273050743,0.348562976252917,0.000698835137656823,0.650079447939873,5
"19912",0.445632379090276,1.98383921802446e-06,4.0355337956365e-05,0.0016449951814208,0.552680286551129,5
"19914",0.000221977974981184,0.00621479309730334,0.19995677604163,0.00159574796720508,0.79201070491888,5
"19916",0.382059335745779,0.000111128526812357,0.616711080496813,0.000498888367992607,0.000619566862603105,3
"19918",0.00305076214318839,6.28473884535454e-07,0.000623032878107532,0.166313444297721,0.830012132207098,5
"19920",5.24657791434223e-05,3.83844908615757e-07,3.94792665381921e-05,0.893065612943392,0.106842058166018,4
"19922",1.79155831022304e-05,0.646227992127033,0.0205204439457602,5.54777266762519e-05,0.333178170617428,2
"19924",0.000273204893855215,2.04454609383512e-05,0.011187462163393,0.0391176247561759,0.949401262725637,5
"19926",0.0263112455870713,0.0260449560568081,0.558174421139919,2.76464641533272e-06,0.389466612569787,3
"19928",0.999992407999091,3.16202003212743e-08,1.6415812922377e-07,3.79987171997718e-06,3.59635085983526e-06,1
"19930",8.68452708520117e-05,1.70988789209677e-05,0.0010626412646777,0.000380324488570913,0.998453090096978,5
"19932",2.82443953917951e-05,1.14733264979566e-05,6.28844863530536e-05,0.00339765015147915,0.996499747640278,5
"19934",2.58170817293444e-06,0.00242858782057777,0.955634637889936,0.000164018016705769,0.0417701745646072,3
"19936",3.77087943046446e-05,0.00065674014969497,0.0110102078755445,0.000261549264108263,0.988033793916348,5
"19938",3.56101391092449e-05,0.00336524250939763,0.995881371081799,5.4826672214801e-05,0.00066294959747889,3
"19940",0.029784203298087,1.71477748864096e-05,0.0923796487855454,0.00126606832339121,0.87655293181809,5
"19942",0.999964604611625,1.69158328264783e-08,2.46910055036763e-06,1.03988778268108e-06,3.18694842096613e-05,1
"19944",0.00206775970538665,0.000115431912574338,0.730859292264308,6.91866274160885e-05,0.266888329490315,3
"19946",0.000276868349271581,0.000116486025997168,0.107862176107419,0.027021725362575,0.864722744154737,5
"19948",0.99988398998771,5.60768233056753e-09,2.73895200435928e-06,6.13786851111233e-06,0.000107127584092275,1
"19950",1.21761527504439e-06,3.38127661066993e-07,1.15990976951708e-06,0.998161384054914,0.00183590029237997,4
"19952",0.99988398998771,5.60768233056753e-09,2.73895200435928e-06,6.13786851111233e-06,0.000107127584092275,1
"19954",8.81351687814425e-05,5.70894344005084e-06,0.000239824003766349,0.0017058994312442,0.997960432452768,5
"19956",0.0152748498193512,0.000282155182800143,2.74722396911724e-05,0.672204917375685,0.312210605382472,4
"19958",3.4338326498468e-06,0.99454794072554,0.000237027064320426,0.00137657901590647,0.0038350193615831,2
"19962",0.000634651173418776,0.00327383487236513,0.186996547162121,0.20228589796929,0.606809068822805,5
"19964",0.0287047465438857,4.47107834348177e-05,0.0579012270992357,0.0268629087134468,0.886486406859997,5
"19966",0.00996429709487913,0.000115559220663855,0.989632108192295,7.72951329925769e-08,0.000287958197029278,3
"19969",0.00882350568030893,4.91734797874841e-06,0.000756401064746185,0.000214196282196139,0.99020097962477,5
"19972",0.122000402020514,5.11003074125091e-06,0.00104961620623789,0.115030221162938,0.761914650579569,5
"19974",0.0219749899017723,4.51199550301977e-08,1.48979743320638e-06,0.920839608216509,0.0571838669643303,4
"19976",0.000442688443386529,2.96608526668457e-05,0.0177596440877678,0.0603717356844659,0.921396270931713,5
"19978",0.00163327657472857,1.39500642645575e-05,0.735518711958249,0.000947506404943549,0.261886554997814,3
"19980",6.98165214596427e-05,3.03528698146644e-06,2.19416768009871e-05,0.314688644558777,0.685216561955981,5
"19982",2.36937153435639e-05,4.83237647248606e-05,0.000289526292696836,0.840708772367632,0.158929683859603,4
"19984",8.83266328878775e-06,2.31060838486148e-07,2.01282745943845e-05,0.999458648254315,0.000512159746963319,4
"19986",2.73503246259607e-06,0.000449080152998134,0.999539454253355,7.87453972852501e-09,8.72268664412288e-06,3
"19988",1.37961938994428e-07,0.000728835450711047,0.999270187077065,4.8461835387461e-09,8.34664101805747e-07,3
"19992",9.03402432901529e-08,0.000738807826711734,0.999248273682409,2.88309779786856e-07,1.25398408566762e-05,3
"19994",5.85208326537803e-05,5.15586777093069e-05,0.0012774072130109,8.48050794545559e-05,0.998527708197171,5
"19996",6.02525587287617e-08,8.75737377781253e-05,0.999891724729865,2.22297272051856e-07,2.04189825259466e-05,3
"19998",0.651764866130566,0.000226848954841974,0.047889188747906,0.0104012225603064,0.28971787360638,1
"20000",0.0044942688293819,0.0180458594809588,0.000144416818335219,0.0006981792985895,0.976617275572734,5
"20003",0.000791233736034515,0.00024058783212887,0.00729737079772068,5.19624964376278e-06,0.991665611384472,5
"20005",0.00249725348568596,5.87893920040788e-07,1.6292103855129e-05,0.0767428379560454,0.920743028560494,5
"20007",6.04467433293062e-05,0.00356206423623117,0.619333504857483,0.00122661290373173,0.375817371259225,3
"20009",0.000843138299130705,0.000865914048839691,0.99708846271842,0.000391488579840961,0.000810996353768268,3
"20011",0.0285870886188537,1.45359164989442e-05,0.00620749791752117,0.016855217736281,0.948335659810845,5
"20013",2.7472325517095e-05,2.75566501953146e-05,0.000830254092724049,0.10570376256598,0.893410954365583,5
"20016",4.38966452697588e-06,0.00578522304851414,0.994165527384561,1.04005711151965e-05,3.445933128249e-05,3
"20018",1.01504438560449e-07,0.988662246203354,0.0113375846212399,3.68427953852544e-09,6.39866881391328e-08,2
"20021",2.30707792909489e-05,0.000500968612111887,0.984547593689214,3.16847707447019e-07,0.014928050071676,3
"20023",6.00569430319144e-05,0.00180438935112122,0.917906915051348,0.000139586121470427,0.0800890525330283,3
"20025",4.28089725719481e-06,0.464847643092825,0.535090835348982,1.73214474348676e-07,5.70674464615377e-05,3
"20027",0.232165984569728,6.83012383624957e-06,0.000246256252214573,5.4332202769786e-05,0.767526596851451,5
"20029",0.0104394388072244,3.41182956914803e-07,7.37677357562746e-05,0.0240042701755785,0.965482182098484,5
"20032",0.00572862003395409,1.33840798118462e-05,0.000229583986311962,5.08131525295041e-05,0.993977598747392,5
"20034",0.999594758923238,3.40946819176697e-08,1.16692676567077e-05,1.45140654589878e-06,0.000392086307877536,1
"20036",0.00552664279427075,0.00231056329988053,0.0456900669004298,0.188961480663587,0.757511246341832,5
"20038",1.3019427392183e-06,0.00763607929334226,0.991690615948387,6.492597988627e-09,0.000671996322933071,3
"20040",0.000515887269885876,0.015139633075361,0.984324255383754,7.46745992053322e-06,1.27568110788056e-05,3
"20043",3.85634893623457e-07,0.000920858150049643,0.995107094749884,1.058480365204e-06,0.00397060298480733,3
"20045",1.83230513481663e-08,0.00760650180058446,0.992392193096745,1.90986560461076e-07,1.09579305888542e-06,3
"20048",8.43930327979198e-07,2.1942036716074e-07,5.05693150512933e-07,0.99993611420762,6.23167485343194e-05,4
"20051",2.58803678868335e-06,0.0188399041937034,0.307788295837765,0.0121584859274489,0.661210726004294,5
"20053",0.000218656325719611,0.000117953908930927,0.985041472841125,0.000291992721844891,0.0143299242023795,3
"20055",0.000138401379046167,0.153762401043073,0.773312262390409,1.52601575466762e-07,0.0727867825858961,3
"20057",6.38962009069096e-05,0.998134908046125,1.7001287635237e-06,0.00160403405460528,0.000195461569599032,2
"20059",0.000893228135814045,0.00358569691428797,0.982266175609091,4.06033735927641e-05,0.0132142959672143,3
"20061",0.000740781727498617,0.000550367427202707,0.883920179987196,0.00021803480169051,0.114570636056412,3
"20063",0.00191986347442177,0.000700625345727222,0.0152874988452526,0.982034026783283,5.79855513155417e-05,4
"20065",2.58683685700759e-08,0.865011640318869,0.13497532052035,2.7929433674332e-10,1.30130131179996e-05,2
"20067",4.00975773848321e-08,0.011759076166093,0.987536806156071,0.000270951072028525,0.000433126508229943,3
"20069",2.42511752656963e-05,4.7365700442758e-06,2.88107127259657e-05,0.573162417378354,0.42677978416361,4
"20071",0.190618533414468,0.0072827994476778,0.352817564095042,0.00172594231469016,0.447555160728123,5
"20073",0.000515292592886035,1.35907691303127e-06,0.000822635209769671,0.921291543891977,0.077369169228454,4
"20075",1.36646307605143e-07,0.999684482547096,1.16309158682091e-05,1.32196890139008e-06,0.000302427921826506,2
"20077",2.90630645506709e-05,0.000137927285826405,0.98290292599418,0.000504660936971107,0.0164254227184715,3
"20079",6.13566245937787e-05,0.00169796833584496,0.15772537523286,0.768885147362513,0.071630152444189,4
"20081",1.23209341085247e-07,0.149973302350625,0.840339078314538,9.12161217350288e-06,0.00967837451332272,3
"20083",0.00513925269720319,0.00122636065151347,0.00548312280127523,0.970944924192799,0.0172063396572094,4
"20085",5.08118532856345e-08,0.00315258553100562,0.996845773289029,1.35075746628243e-09,1.58901735418823e-06,3
"20088",1.78024010638819e-07,0.00110506715643936,0.998325364187888,2.22104309747441e-07,0.000569168527352387,3
"20091",8.62487953293198e-09,0.997516869076303,0.00233413399740825,3.66652863329159e-06,0.000145321772775693,2
"20095",0.0529319400590445,0.000394299046730611,0.070545377071237,0.858812893538869,0.0173154902841187,4
"20097",2.55842538238754e-08,0.0127807785436744,0.987216164115642,1.85219078138728e-09,3.02990423885913e-06,3
"20099",0.136961946732189,4.62754159820928e-06,0.855288881765314,0.00502254783765633,0.00272199612324273,3
"20102",1.2356347888092e-06,0.0685956684091711,0.00166130847929024,0.92697728749851,0.0027644999782396,4
"20105",8.87288931061039e-07,0.000378006324367787,0.992798638129064,0.000655021531618436,0.00616744672601843,3
"20107",3.63630385575017e-06,0.000161009306559581,0.999169462181144,6.50956428097901e-07,0.000665241252012918,3
"20109",0.00143238851309848,2.41569600385321e-05,0.67546665880787,0.297207616813371,0.025869178905622,3
"20111",5.69173069367029e-05,0.508417658331296,0.000183230614706604,0.0186967374019531,0.472645456345107,2
"20113",0.0261526648070217,0.000320324961335584,0.953400155706836,1.84557324948839e-06,0.0201250089515574,3
"20115",0.00538629310424189,0.000370853390245905,0.00015758472595942,0.00104965430851761,0.993035614471035,5
"20117",0.361156146574774,0.523705258265914,0.113398816994776,7.01079161741968e-06,0.00173276737291852,2
"20119",0.0405640190876191,5.52401176477264e-05,0.959040193863855,4.23849749642846e-08,0.000340504545903578,3
"20121",2.44129371725663e-06,0.000448281579330029,0.999451729737369,2.62928044882698e-08,9.75210967798119e-05,3
"20123",2.10643044228653e-08,0.998624580696227,0.0013421089240817,1.55294402147847e-08,3.3273785947273e-05,2
"20125",1.92114024738648e-05,2.83175108722908e-05,0.000221199260682254,0.112321002758963,0.887410269067009,5
"20127",2.01538703489702e-07,0.00032212299904274,0.999660914010735,2.54719641976326e-06,1.42142550986362e-05,3
"20140",0.00216682724080457,0.452338449001457,0.370235023199568,2.1836172089591e-06,0.175257516940961,2
"20142",2.5032046336958e-06,9.04516028519044e-07,2.14637615689572e-06,0.994152393575714,0.00584205232746696,4
"20144",9.14906751378464e-05,0.00735118174182141,0.000128192459696228,0.00864453735310739,0.983784597770237,5
"20146",0.00011444258369351,0.00364757353297545,0.00644920881740106,0.388151651551152,0.601637123514778,5
"20148",2.84540086325411e-05,0.000115503360395025,0.00739999248840162,0.000286551760490733,0.99216949838208,5
"20150",0.00255843068750228,2.8731908519645e-07,4.71037921715173e-06,0.610519736015946,0.386916835598249,4
"20152",0.00013715783158942,0.000177308647222987,0.0320881631420306,0.00021462143568149,0.967382748943476,5
"20154",2.03260979574846e-09,0.964913780804047,0.035054524979258,8.77331397603017e-06,2.29188701090391e-05,2
"20156",0.000468833332707958,0.020887580356448,0.739401843603069,0.0697388431144444,0.16950289959333,3
"20159",1.63107269514194e-05,8.83738054734657e-06,2.8205082496761e-05,0.638452474729094,0.36149417208091,4
"20161",0.000223349451457552,6.26659516092384e-05,0.00060449988313103,0.988417297976294,0.0106921867375085,4
"20163",0.00106710125558023,0.0013690614554637,0.0446535069825962,1.24493991928764e-05,0.952897880907167,5
"20165",2.39560675909799e-06,2.34300897331325e-05,0.00880964764190469,0.990197598809523,0.000966927852080739,4
"20167",2.05396501839207e-05,9.47857043436824e-06,0.00461728108610666,0.0121111814170163,0.983241519276259,5
"20169",9.60692878841299e-07,2.7433957680236e-07,6.03985060243585e-07,0.999733290496708,0.000264870485776059,4
"20171",1.10970503072309e-09,0.991716570554908,0.00827341796843556,8.50564468915413e-06,1.50472226259519e-06,2
"20173",0.727272674956355,1.71305228938811e-05,0.052841304040129,0.218663919466093,0.00120497101452913,1
"20175",0.000347919052347323,2.39325596439875e-05,0.00167217873254329,0.0105744306077232,0.987381539047742,5
"20177",0.486172307669015,1.1672381139427e-05,0.509360885282325,0.000239868709748918,0.00421526595777117,3
"20180",1.74801377729803e-05,0.00280203429405039,0.997107570157082,2.44913106136378e-10,7.29151661816606e-05,3
"20182",0.00203615204295125,2.26981887406011e-05,5.78304466319777e-08,0.997731991837401,0.00020910010046017,4
"20184",1.32517347667698e-05,2.97835691698247e-06,0.00014729129226805,0.954500119665153,0.0453363589508949,4
"20187",0.992182516864031,8.61931204742819e-07,0.0040748192123419,0.00131103099268538,0.00243077099973698,1
"20189",0.0185065454522087,1.04593689836761e-05,0.921038651581049,1.84708966380934e-05,0.0604258727011206,3
"20192",0.0330357957364644,0.15408457502637,0.806676231500903,8.16494619279659e-06,0.00619523279006982,3
"20194",0.171888577260256,5.65339399525435e-06,0.000186403582918613,0.727018107312879,0.100901258449951,4
"20196",2.38200106330343e-07,0.17516117366407,0.824669849669837,3.41304683855815e-07,0.000168397161302954,3
"20198",0.000763515214276706,0.00690738165162621,0.288053098593612,0.000950265531876735,0.703325739008608,5
"20204",2.94013313442443e-05,1.27394378873389e-05,3.72349016070985e-05,0.571165215053982,0.42875540927518,4
"20207",2.76900881647857e-08,0.092655447640121,0.906940398871735,4.41805821280393e-05,0.000359945215927775,3
"20209",0.0495070120098316,0.0594985758892991,0.00071626902420883,9.27713329170978e-06,0.890268865943369,5
"20211",5.04133526576014e-10,0.998832348178316,0.00108930572010709,1.18768607371406e-07,7.82268288356138e-05,2
"20215",2.19183770736339e-05,0.00136335572107066,0.975830000889863,5.27679180616643e-05,0.0227319570939305,3
"20218",2.76693875411899e-06,8.94655281121825e-07,3.63704379992724e-06,0.982712145950754,0.0172805554114111,4
"20222",1.54220982984675e-07,0.0699462322743028,0.918862441699762,0.000120139661461742,0.01107103214349,3
"20225",0.000399931370055034,0.000684444158557668,0.000227540646350434,0.0291322391613315,0.969555844663705,5
"20229",0.00343085717967565,0.138696552878429,0.0426125083688674,0.001242652600963,0.814017428972065,5
"20232",8.92885711449798e-05,0.0247837221031742,0.850353655934903,2.96364038903434e-05,0.124743696986887,3
"20234",5.25196951805611e-06,0.126501524378986,0.873492124724629,2.73263387847119e-09,1.09619423287784e-06,3
"20238",2.54308748417173e-06,0.00162508486883096,0.997787306589175,1.17758483905524e-05,0.000573289606119782,3
"20253",5.60452938611523e-06,0.000881312273501983,0.99881936919124,2.00007168478277e-06,0.000291713934187592,3
"20255",4.64012116517447e-06,0.000401204731867149,0.000321355104981461,0.000357913218274887,0.998914886823711,5
"20258",2.84619181836749e-06,6.83440330281769e-05,0.999744833581774,8.96446348726383e-08,0.000183886548744179,3
"20269",6.42586732165611e-05,0.000113600205990748,0.916737992491264,0.0496514732044605,0.0334326754250682,3
"20271",0.0137783223500533,2.18651235718822e-05,0.985745653416648,3.39370652712516e-07,0.000453819739074666,3
"20285",0.9490723881452,1.48528477182867e-05,0.00530335221194753,0.00151984905275348,0.0440895577423806,1
"20288",1.96845613963567e-05,0.0027373527242839,0.967192488062413,0.000113069138707225,0.0299374055132,3
"20291",1.28281603339769e-06,0.262411972048684,0.737279353362734,3.33735173337254e-06,0.000304054420815648,3
"20295",0.154309013973498,0.000203920362568729,0.750223980336491,0.0224590399796086,0.0728040453478342,3
"20298",8.57842750878908e-05,4.66381762213464e-06,3.8101457748997e-05,0.00510762324342656,0.994763827206114,5
"20302",0.00236766267702167,7.59224634419233e-06,0.00114583437723842,0.700788800166875,0.295690110532521,4
"20305",0.00164627525912457,1.99786258311216e-06,3.05736711723568e-05,0.00100744692663669,0.997313706280483,5
"20307",6.00454776939773e-08,0.0004693977293951,0.999500870087343,4.56013472705621e-08,2.96265364373114e-05,3
"20310",1.08302953576096e-06,0.00219655065293114,0.997801332947347,3.94675499928233e-08,9.9390263566105e-07,3
"20313",1.66353644129874e-05,2.38557537435395e-08,1.69655227100439e-07,0.999330853611882,0.000652317512724009,4
"20315",2.57412084142282e-05,0.000121279084958217,0.999076055807262,5.73736618935664e-07,0.000776350162746073,3
"20319",4.90171532040587e-07,0.6272065528768,0.372519983722944,2.00841313305405e-07,0.00027277238741005,2
"20321",2.7952347293385e-06,8.64995576807174e-05,0.999794366515643,8.50554277319271e-06,0.000107833149173091,3
"20327",4.83418967882851e-05,1.09394218165026e-05,0.999882881253985,2.62301921628937e-07,5.75751254886518e-05,3
"20329",0.999618572826761,2.94267534327275e-09,1.59487569735716e-06,0.000133233493334709,0.000246595861531415,1
"20335",4.32287044901378e-09,0.110163078035425,0.889806942953624,1.60316586159819e-06,2.83715222196801e-05,3
"20337",1.81987458596245e-05,1.0386832838658e-05,4.98244462413304e-05,0.287011169521912,0.712910420453148,5
"20339",0.000743420831984506,0.980406547962221,0.00700210475974105,3.67977030288633e-06,0.0118442466757507,2
"20341",3.65242545901046e-08,0.973779821078835,0.0257141728322524,0.000447083273915489,5.88862907423314e-05,2
"20343",3.65126458839129e-07,0.00919335002620576,0.990688907522759,9.33759424920075e-05,2.40013820841105e-05,3
"20345",0.0227489670908522,5.04518012253192e-05,0.0046829418704695,1.05434538605501e-05,0.972507095783593,5
"20350",0.011204157179758,0.368917503663417,0.429907449350918,0.0267961501630616,0.163174739642845,3
"20352",7.2232160572017e-07,2.82207618061425e-07,2.487271866835e-06,0.999506965929998,0.000489542268911588,4
"20355",0.000208625877924078,0.000218303704527092,0.00345425337541489,0.967466771788964,0.0286520452531702,4
"20358",0.937506813950874,9.47375960734744e-08,2.51772135787125e-05,0.025115205978293,0.0373527081196579,1
"20363",8.19799612711191e-07,8.01658045878363e-05,0.999491526430331,6.58150556002034e-06,0.000420906459908085,3
"20365",8.07802616547082e-07,0.549069709530256,0.407678840008384,2.30170242787926e-06,0.0432483409563152,2
"20379",0.000327629377973319,0.000662622711599493,0.000414467888536582,0.00148785111137749,0.997107428910513,5
"20387",2.03854659827505e-07,0.00146635742674848,0.997828503038171,3.21208474358042e-07,0.000704614471946143,3
"20392",6.70236720291426e-10,0.997322437180136,0.00264762427435187,1.05215368733904e-08,2.99273537385183e-05,2
"20395",6.13753254959679e-05,0.00030546624833919,0.0161646341880618,0.00108978671276433,0.982378737525339,5
"20397",0.990616217589178,1.10467893442854e-08,2.29589080021029e-07,0.00929490466280251,8.86371121499276e-05,1
"20410",0.000455650087300753,0.000611946463593829,0.988270196576398,4.50281496922036e-08,0.0106621618445577,3
"20414",0.000100094365095934,8.95635868209912e-06,0.00112759333615975,0.327868223095325,0.670895132844737,5
"20417",0.000102496014663843,0.912592160900414,0.0873050132410316,1.47951673014536e-08,3.15048723408897e-07,2
"20419",2.80469896652077e-05,1.9418155720975e-06,0.999938577265179,1.22599725362833e-06,3.02079323299394e-05,3
"20421",1.22971993848583e-05,0.0150682192954299,0.00363157045493621,0.696458208665993,0.284829704384256,4
"20423",1.06823138466799e-05,0.000118419530761416,0.000255399835057185,0.390563696665043,0.609051801655292,5
"20425",4.45387503371814e-06,0.000420912314019774,0.000621787800439016,0.594264210412302,0.404688635598206,4
"20427",8.66089475974457e-05,3.83812686750997e-05,0.0452638580593127,0.000330710242643197,0.954280441481772,5
"20429",0.000300708449297921,0.00419755621155973,0.995091019143556,0.000218930703583261,0.000191785492003153,3
"20432",0.000442000748290365,4.58628009505806e-07,5.016552947296e-05,0.849250840601726,0.150256534492501,4
"20435",0.000310172454004402,0.0266914803962771,0.783473928472671,1.16063532735743e-05,0.189512812323774,3
"20438",0.000113658405871701,2.02644195882234e-05,0.9991252200678,0.000313077380428107,0.000427779726311988,3
"20440",2.08624716490044e-05,2.71144608163945e-05,0.999774370683699,1.75145588949771e-05,0.000160137824941119,3
"20443",8.65375307475421e-06,3.25242919076114e-05,0.000203043482325846,0.997922458339567,0.00183332013312462,4
"20446",0.0025672974209714,0.00162282358058819,0.556513822464248,0.00448647086302353,0.434809585671169,3
"20449",0.000309204326522027,0.0156795174767098,0.782406363512979,2.58191853097316e-05,0.201579095498479,3
"20537",3.54742281140165e-06,0.277557736803774,0.713824808586016,0.000209370701563391,0.00840453648583485,3
"20540",1.48628629383376e-08,0.991563122922017,0.00842341597522926,7.50399630070680e-09,1.34387358950884e-05,2
"20543",7.20162985926098e-05,0.000761354229968652,0.201253891636582,0.00420507544543557,0.793707662389421,5
"20545",2.82934411655202e-10,0.998782760190549,0.00116101655362014,4.27120125407066e-07,5.579585277097e-05,2
"20549",2.59252953234862e-06,0.00380520270535388,0.0467240412120956,0.0155088618425595,0.933959301710459,5
"20551",5.60399310789882e-07,0.00168362450914624,0.972711034393602,0.000121437052214582,0.025483343645726,3
"20554",9.7022847649485e-06,0.000109650350767103,0.995258152774769,1.20699325571031e-05,0.00461042465714143,3
"20556",4.76404846486136e-06,0.124444255990144,0.177616012839511,0.00131868070670299,0.696616286415178,5
"20558",8.25969629581541e-08,0.000173325044873981,0.999743985514982,2.71523716007515e-07,8.23353194653088e-05,3
"20560",2.37616561401577e-06,8.74374100454129e-05,0.976776164780619,0.00377351314949931,0.0193605084942217,3
"20563",3.04558407938152e-07,0.000249151001864068,0.999738739985696,8.40384407026705e-07,1.0964069624796e-05,3
"20565",9.76775824176628e-06,0.0013102322075008,0.851744510454219,0.0232009964956931,0.123734493084346,3
"20567",0.000234327287391689,2.10893085614395e-06,7.97207133739697e-05,0.899363525564045,0.100320317504333,4
"20571",0.00122221533696108,0.0313291272944767,0.965925987663151,3.78821619053985e-05,0.00148478754350553,3
"20573",4.76708442743764e-06,0.00456972450868983,0.949365803979299,0.000588174598323321,0.0454715298292601,3
"20575",3.67369796313608e-06,0.000107308381216816,0.999864972972847,1.72957583932041e-07,2.38719903892801e-05,3
"20577",0.000813163853139814,0.0020427517105115,0.107647662845364,0.000102288403693315,0.889394133187291,5
"20579",0.109888065019899,2.27209771256484e-08,2.05583365219315e-06,0.888729090743414,0.00138076568205717,4
"20582",2.23350689958714e-07,0.000119558311783641,0.999868262470042,4.16362519832593e-08,1.19142312324474e-05,3
"20585",7.16274050439122e-08,0.891496189582128,0.0891457383708701,1.60714162401089e-06,0.0193563932779725,2
"20588",2.6144197585281e-06,0.981309066100125,0.00779416096884045,0.000158142736549903,0.0107360157747255,2
"20590",0.00144181712367831,1.13330835424742e-08,5.50893868200069e-07,0.994291242818922,0.00426637783044856,4
"20592",9.45243304296199e-08,8.01803265917428e-05,0.999912876348798,1.10496193429565e-06,5.74383834589415e-06,3
"20594",1.45092472266574e-06,0.000317379964314448,0.999659142988347,7.62243487946956e-09,2.20185001812732e-05,3
"20596",0.00203095058138765,6.07284287645509e-06,0.988278855733503,0.000446531546805848,0.00923758929542736,3
"20598",6.18988164996193e-06,0.000114243542923843,0.988383558503851,6.41836039664088e-06,0.0114895897111783,3
"20600",1.25135012969201e-06,0.681832149143611,0.0769434198224741,0.00129853060479718,0.239924649078988,2
"20603",2.77091327194784e-05,0.00242897458508594,0.000540488008944476,0.00333641361255465,0.993666414660695,5
"20605",1.45389944876965e-05,0.000468670882067125,0.999085355007834,2.34486165847576e-08,0.000431411666994187,3
"20607",6.82555187966619e-05,1.38090070308007e-05,0.99849061187294,4.98170778281049e-07,0.00142682543045436,3
"20609",1.92175798880884e-05,0.000125400417107257,0.980661147231624,3.22218992690726e-05,0.0191620128721111,3
"20611",0.00917498990582869,2.29653231126594e-06,3.98338914490605e-05,0.000317344668753391,0.990465535001657,5
"20613",0.000126200332741656,0.00299675395047126,0.395684661769068,1.29619807994844e-05,0.60117942196692,5
"20615",1.82376501751194e-06,0.0549704398755291,0.235471539546421,0.00228867924520364,0.707267517567829,5
"20617",1.28175605033774e-06,3.67440961175158e-07,1.20319069902911e-06,0.997676518196428,0.00232062941586195,4
"20619",2.37818832167271e-06,3.78047087745903e-05,0.999931860909913,3.17503175333746e-06,2.47811612379041e-05,3
"20621",6.47347830570865e-05,0.000410527312292704,0.982678752136201,3.21262429882163e-05,0.0168138595254609,3
"20623",0.00114869131947398,3.02789138732514e-07,0.00179782853087017,0.988467303557926,0.00858587380259087,4
"20625",9.58589939071548e-06,0.0231706484839696,0.00106717365329033,0.0397294411728301,0.936023150790519,5
"20627",0.000673088351737358,0.000521236164791655,0.774002827320997,4.46661687557992e-06,0.224798381545599,3
"20629",1.3115915780707e-05,0.00312703412805993,0.786013376284001,0.000762215285857782,0.2100842583863,3
"20631",2.18220830128884e-07,0.000130060470578291,0.999847531804646,7.51515677372665e-06,1.46743471721916e-05,3
"20633",8.74017726341654e-05,1.17956182961321e-08,1.07685712081505e-07,0.999556242955548,0.000356235790487546,4
"20636",0.0543110419615594,8.47403539040198e-06,0.000875706660338816,0.0249821943551609,0.91982258298755,5
"20638",0.00159618586689168,0.0689494517939896,0.126184782241649,0.000171437692719355,0.803098142404751,5
"20640",1.40054314323743e-06,0.0786374173063746,0.917551904510534,1.74225903504067e-08,0.00380926021735759,3
"20645",1.78833755428527e-08,0.00426824749399687,0.99572833072511,2.66544794015638e-09,3.40123206918236e-06,3
"20647",9.44935160741788e-07,2.57388887341286e-07,5.41931743955412e-07,0.999931905457076,6.63502871320071e-05,4
"20649",1.7854503824386e-06,0.0105897236735846,0.965997549126416,1.17300776187598e-05,0.0233992116719981,3
"20651",3.52428132129053e-05,0.00305790357213076,0.996887919412381,1.04210837291133e-05,8.51311854621689e-06,3
"20656",1.2761315834888e-06,0.035045301826957,0.96329322005061,3.92943605234613e-06,0.00165627255479693,3
"20660",0.000853779798977899,0.933624736831111,0.0573237041857617,3.04944011951967e-06,0.00819472974402959,2
"20662",0.0986337251313402,2.97292215767247e-06,0.000390683937667791,0.837401306611627,0.0635713113972068,4
"20664",0.00881099843318418,3.05924838121544e-05,0.883045343200638,0.0968781942433957,0.0112348716389697,3
"20666",6.33775725957598e-05,0.0431252339438089,0.000518854459948662,8.01982052683354e-05,0.956212335818378,5
"20668",0.000150306657101429,7.49697545126613e-07,8.5559448893449e-05,0.479626832123115,0.520136552073345,5
"20670",0.000885958906730456,0.00033417575397815,0.997812168489044,4.60631565119797e-06,0.000963090534596448,3
"20672",1.28203075481436e-05,2.40759034408124e-05,5.3969368874483e-05,0.475681937742867,0.52422719667727,5
"20674",0.00023067983603361,0.000164987648541804,0.911575541517429,0.000153070610665883,0.0878757203873297,3
"20676",0.925936898773853,3.54093501136206e-07,1.32527149779238e-06,0.00484846991166635,0.0692129519494821,1
"20678",0.908065077180108,4.98258567668727e-08,1.56800322660942e-06,0.0493750461992323,0.0425582587915769,1
"20680",1.38758174923482e-05,3.10251534904949e-05,0.00150491500773957,0.304918234916595,0.693531949104683,5
"20682",0.139908360639682,7.41102426331932e-06,0.00308405855688037,0.00081449634458305,0.856185673434591,5
"20684",0.109030148600519,0.00427442274808614,0.795786908934014,1.83323453760668e-05,0.0908901873720041,3
"20686",2.58196111970064e-06,9.8552583243461e-07,5.47156928325293e-06,0.981789879100021,0.0182010818437431,4
"20688",0.942548608024011,1.10316609004913e-08,4.54240240209769e-07,0.0557305067680528,0.00172041993603549,1
"20690",2.65165966097478e-06,0.961952265754626,0.0361558404480792,8.47181559753527e-08,0.00188915741947782,2
"20692",0.0180627881845209,1.2012892675034e-08,2.19299415270398e-07,0.980927985823422,0.00100899467974951,4
"20694",0.000272885526081118,1.93014039362915e-06,2.2874973856417e-05,0.0178259871068893,0.98187632225278,5
"20696",0.000868419119477451,2.20862573759921e-05,0.000654888756308585,0.00596879931436425,0.992485806552474,5
"20698",2.50919687261901e-05,0.00944842481700454,0.886967350296423,0.00954571322429893,0.0940134196935476,3
"20700",0.000391181037803556,0.000391461525288743,0.995121806856215,0.00292390888232822,0.00117164169836419,3
"20702",3.23570793452789e-07,0.905332617850052,0.0945042053874984,3.65815087262225e-08,0.000162816610147371,2
"20704",8.03613103970027e-05,0.000401380798668619,0.806401122895821,3.80868952615428e-05,0.193079048099852,3
"20706",0.38639987711499,0.00435669106414457,0.168969170393378,0.0094721998034811,0.430802061624007,5
"20708",0.93800799790989,1.2481262964552e-07,9.5558668607217e-06,0.000489011006089342,0.0614933104045308,1
"20710",1.12994197876985e-06,0.399214254267671,0.537789058656291,1.68938896811897e-06,0.0629938677450912,3
"20714",6.01560662120592e-05,5.60610348760321e-08,2.244867519767e-05,0.989053008169286,0.0108643310282689,4
"20716",0.000126596268307398,0.000124522876988963,0.992538737582461,4.7131691260419e-07,0.00720967195532971,3
"20719",0.845458598684185,8.95855831077496e-05,0.110458249840157,3.38946950345322e-05,0.0439596711975157,1
"20721",1.31941916340887e-07,8.67339441456644e-05,0.999905347153756,1.360740987683e-06,6.42621919374041e-06,3
"20723",0.84555794987929,0.00126229142418906,0.135471101547854,0.000147571702424238,0.0175610854462424,1
"20725",3.35242117104081e-05,0.000121046536733747,0.00162716861374892,0.000108904979653817,0.998109355658153,5
"20727",0.000556294689089812,0.000102568966246822,3.43287932448641e-06,0.994159044378373,0.00517865908696586,4
"20729",0.0218345968784724,3.43942855461505e-06,5.1353859885026e-05,0.000217790960894624,0.977892818872193,5
"20731",0.000192131036835317,0.000110040701183728,0.00045682724196934,1.42017973193468e-05,0.999226799222692,5
"20733",0.00023457651456326,0.00401507858589035,0.868715239065522,1.39868516457234e-05,0.127021118982379,3
"20735",0.000105142446297296,0.0147898901625425,0.337730430565768,8.128415133393e-06,0.647366408410259,5
"20737",0.207842088101928,3.68359920448792e-07,4.74350913890324e-05,0.0436043992410679,0.748505709205695,5
"20739",5.06522306279576e-05,4.04899029759816e-08,1.69981756944127e-07,0.999448868240768,0.000500269056944133,4
"20741",6.2422629885044e-06,5.43672327697643e-05,0.00557357944109689,0.0344801043568711,0.959885706706274,5
"20743",0.0164536556544736,5.18205050203366e-05,0.00536496058293815,0.000274521571734915,0.977855041685833,5
"20745",5.34714943010111e-06,0.000274405173754858,0.999626535506201,2.05619793654706e-06,9.16559726774993e-05,3
"20747",0.0227422934336159,4.01941036913553e-06,5.83699682487662e-05,0.000175705830119112,0.977019611357647,5
"20749",0.0100074890678439,4.34771338786997e-06,2.56847106658235e-05,0.000434424222037787,0.989528054286065,5
"20751",0.000138536605065374,0.00188372236204898,2.27902409826508e-05,0.000453012772252215,0.997501938019651,5
"20753",0.00342837409600529,4.19145522940629e-06,9.43068182003678e-05,0.000207211424664252,0.996265916205901,5
"20755",0.999203293702051,9.32830286267334e-09,7.59539054466852e-07,5.65970635346914e-05,0.000739340367056752,1
"20757",0.986516197952929,6.75369294959581e-07,0.00424420632349347,0.00738122560054214,0.00185769475374083,1
"20759",5.44329679068648e-05,2.62691349452974e-05,0.99962680595144,0.000166812785188301,0.000125679160519329,3
"20761",4.51954476287624e-05,6.52173240086988e-05,0.0223059137464103,0.00154007942405658,0.976043594057896,5
"20763",0.000171739081504083,0.000843516452442762,0.0644679948430456,0.00640193269605004,0.928114816926957,5
"20765",5.36159913167352e-06,4.48391108679165e-05,0.00205208281902184,0.00343882959233744,0.994458886878641,5
"20767",0.00979674528783092,0.000358574563057865,0.952497565123032,1.79886606891248e-06,0.0373453161600101,3
"20769",0.0057155154292315,0.700266965715685,0.25956552767168,7.51761723177781e-08,0.0344519160072318,2
"20771",0.00536682371633133,9.23485971526201e-06,0.0987115135371514,0.203899118336244,0.692013309550558,5
"20773",0.999800038510003,2.73004128887292e-07,2.45413704863262e-05,6.3201651272455e-06,0.00016882695025411,1
"20775",0.000620214686566897,0.000171501964151808,0.00154758923366172,7.00127140422715e-05,0.997590681401577,5
"20777",0.00029351315935796,0.31567165726526,0.0238715871983609,0.000432988513415772,0.659730253863605,5
"20779",0.000209021352960321,5.29523924058257e-05,0.000812720844664931,1.86673381759691e-05,0.998906638071793,5
"20781",0.00622888324452707,0.967201599309402,1.2513384192212e-05,0.0208169981650708,0.0057400058968077,2
"20783",0.00222265398164437,1.39070262297809e-05,0.020048692235676,0.00287525588246192,0.974839490873988,5
"20785",0.999042585385146,6.62165024678344e-08,2.39139029690052e-06,0.00080764066953658,0.000147316338518289,1
"20787",0.0128833381075644,3.3419470114744e-07,0.000268884666991776,0.0185455551901581,0.968301887840585,5
"20789",0.00681765842733938,0.000987948823243247,0.38462648665749,1.09860833336875e-05,0.607556920008594,5
"20791",0.000876653865297457,8.88462470976161e-07,1.02596844241954e-05,0.0570444175093077,0.9420677804785,5
"20793",0.00147713521684898,0.000688594104975947,0.294120953074572,5.01718489639929e-06,0.703708300418706,5
"20795",0.000601932083630498,2.23819380061232e-06,0.000188489459097304,0.183549423971407,0.815657916292065,5
"20797",1.0151107249668e-05,0.00228216884878179,5.67611074792253e-07,0.996472703553091,0.00123440887980234,4
"20800",1.567252116121e-05,2.11009819251733e-05,9.54231237316355e-05,0.00225336367749506,0.997614439695687,5
"20802",2.45711578862403e-05,4.37387544072618e-05,0.00628469222747372,0.00162432178118857,0.992022676079044,5
"20804",0.125562674722888,5.89568336536293e-07,3.16365115846633e-05,0.00333824887250065,0.87106685032469,5
"20806",0.00124326701745776,6.52036685811405e-07,8.51130542981299e-06,0.273831726576099,0.724915843064327,5
"20808",0.000275508247236015,5.42597827816722e-05,0.986198343402023,1.52449556525145e-07,0.0134717361184027,3
"20810",0.00162569658098079,1.77744917775187e-05,0.000858911876329777,0.449015950396884,0.548481666654028,5
"20812",5.11457904709485e-06,0.00449193128876282,0.00324332489124496,0.00519730301077482,0.98706232623017,5
"20814",0.702095281658764,8.64259142076387e-08,2.89960234370307e-06,0.177639615158947,0.120262117154032,1
"20816",0.876064002372804,0.00166830461090525,0.11874138745081,3.24989811320598e-07,0.00352598057567014,1
"20818",0.000126537048947362,0.000106240577983108,0.00684505960920103,0.00271164158748786,0.990210521176381,5
"20820",1.10042206251232e-05,1.24638525910815e-07,2.74582111854066e-07,0.999824965605613,0.000163630953124151,4
"20822",2.05435893144506e-05,1.46115151693859e-05,0.00350541868707217,0.00118785901134832,0.995271567197096,5
"20824",0.999768009896328,2.84203423407754e-08,7.06026690455086e-07,0.000156179774310022,7.50758823292639e-05,1
"20826",1.55650038249736e-06,4.52148083770984e-07,1.67887665359075e-06,0.995567945850208,0.00442836662467258,4
"20828",8.43930327979198e-07,2.1942036716074e-07,5.05693150512933e-07,0.99993611420762,6.23167485343194e-05,4
"20830",0.0138857596086368,6.36218293206938e-06,4.36216862243176e-05,0.00043567970795354,0.985628576814253,5
"20832",0.000194651995004996,0.000213089583829402,0.337840388769581,0.0462562140388815,0.615495655612703,5
