"","V1","V2","V3","V4","V5","V6","V7","V8","best$classification"
"19812",6.79277456190398e-06,0.124984558964194,0.112437276011637,0.761689942682946,0.000456048534053266,4.35575033064736e-05,1.97547222096947e-06,0.000379848057080461,4
"19814",1.87518683598415e-08,0.00852863706590459,0.00364170836759628,0.984240685747834,8.67947051506636e-06,4.71586953346068e-06,0.00354918626224235,2.63684645061688e-05,4
"19816",5.63556976577299e-06,0.8889249443499,0.0183163258907515,0.00337812461580994,1.18353276146423e-06,1.30808040844526e-05,8.63740694691775e-07,0.0893598414962321,2
"19818",1.17886250450554e-07,0.470424556477498,0.0017931172702478,0.514010031502041,2.47252771345399e-05,3.83035075903607e-05,0.0131611197802831,0.000548028298954564,4
"19820",1.38760551531202e-06,0.00673197308729801,5.33421542821011e-05,6.89577382299408e-09,3.59352838502325e-06,4.76383091770533e-10,3.5851631900825e-10,0.993209695893846,8
"19822",0.00366049707894177,0.00446688135713408,0.00518958729015514,2.94893361976768e-07,0.0068998986711694,1.39534463475985e-08,8.0770304254283e-07,0.979782019052749,8
"19824",2.46779654190233e-05,0.862006747762335,5.14659471822045e-06,0.000101756926113444,1.62750060223161e-05,2.63292654815888e-05,0.00104661117583636,0.136772455304074,2
"19826",0.000751713383546722,0.0852033304615845,0.136629307132563,0.76959186311777,3.732883126489e-06,0.00674983683912147,4.19269811656315e-05,0.00102828920112227,4
"19828",3.7482382801335e-08,0.516066355247926,0.00110954742814158,0.000119108863666296,0.000179287810928465,6.78843404628839e-08,2.47555005258961e-06,0.482523119732562,2
"19830",0.000767914240100593,0.00211508598990514,0.0606099431530134,0.935125919386422,0.000255341472892649,0.00100625720299879,0.000118389037901497,1.14951676575223e-06,4
"19832",4.81475878941501e-05,0.0791109628689389,0.0519937386484252,0.137959611654425,0.71541083522722,1.05403308689869e-06,1.72717656395525e-06,0.0154739228034456,5
"19834",7.01470464388255e-05,0.0602518629223249,0.895197417844256,0.00546668325927836,0.0012977269216634,8.66971858152885e-08,6.56391819457992e-05,0.0376504361269074,3
"19836",0.000164380136454447,0.937211827978618,0.00227992194243325,0.0507594342599064,2.4577525623999e-05,0.00886842586480089,3.28089110872824e-07,0.000691104203052487,2
"19838",3.50041053720739e-08,0.000169892055294784,0.00165445802304066,0.997742568308883,2.61891278774844e-05,7.63832204011129e-06,0.000398994305922138,2.2485283678914e-07,4
"19840",0.00121912050871029,0.1290208343197,0.827643200396266,0.0162414466410499,1.90360130555426e-06,0.000220082409734839,3.29267696605198e-06,0.0256501194462675,3
"19842",7.72735674448972e-05,1.6031712891393e-05,0.000138426757377133,0.0321858034020504,2.34650307142913e-08,0.967578188943034,4.23083407403022e-06,2.13180977239191e-08,6
"19844",1.31691114369822e-06,1.87454851678825e-06,7.11524050440453e-08,6.09732830159854e-06,1.02133730837023e-08,1.81994516852128e-05,0.999971556955493,8.73439081352284e-07,7
"19846",1.17066932090633e-07,0.000170375017041511,8.59752196220364e-06,0.901268047197496,4.69940108173791e-08,0.0128303162890291,0.0857224873599183,1.25536103882451e-08,4
"19848",4.63699507114335e-08,0.000170400599720774,2.77991296314855e-05,0.966017037651115,1.90883565065537e-07,0.000519057358996552,0.0332654428188712,2.51881491659368e-08,4
"19850",5.69091493607867e-07,0.000602468874314573,0.000147011396857192,0.73934548316589,1.23650068787907e-06,6.89284325660916e-05,0.259832636415647,1.66612254278594e-06,4
"19852",2.65630782657805e-06,0.961378829734869,0.00452301128443863,0.029327564791173,2.58713828389213e-05,1.19891189207294e-06,0.000138709256152379,0.00460215833080969,2
"19854",1.41543153170638e-08,0.000114787201498949,0.000113655037027408,0.996598189099917,4.82068064212142e-07,0.000116749323933156,0.00305609363441526,2.94808285805965e-08,4
"19856",8.57441885040546e-05,0.000177119547098533,0.000257763655059907,0.0108312478985478,3.06280254269809e-06,0.000109881825575379,0.988487644637615,4.75354450566288e-05,7
"19858",0.000202668739790095,0.00831035395562508,3.3946721956446e-05,0.000677033929504065,3.92635297441061e-05,4.49973748387595e-06,0.98881014298263,0.0019220904032666,7
"19860",2.94938397279623e-05,0.403586935760375,0.334404886914505,0.249898605200859,3.05270850537408e-05,9.78241261797499e-06,3.67806184438012e-05,0.0120029881684176,2
"19862",1.99804232336471e-07,7.01794424972715e-05,1.86181732773845e-05,0.956981348604609,4.4346175940741e-08,0.0401406097751491,0.00278899517799113,4.67606751782078e-09,4
"19864",0.000418254494967649,5.0247201351546e-05,1.70400974055923e-07,1.9667434576601e-06,2.67366877589525e-08,0.999527666231122,9.79738143521722e-07,6.88453295910935e-07,6
"19866",0.0886108523564337,0.792700747279129,0.0303481164446686,0.000502383865227815,2.82402131281725e-06,0.00222186734847989,6.52248978197592e-07,0.0856125564357706,2
"19868",4.45800215774553e-05,2.39209561478013e-07,0.00275286537138543,3.80807648542372e-05,0.99712135323204,9.61823437761769e-08,3.91987813613875e-05,3.58643687568944e-06,5
"19870",1.09790974969184e-07,0.0110062489432148,0.000112370171868895,0.983246175929294,1.41595713730758e-06,0.00317157892430966,0.0024613437445127,7.5653868739546e-07,4
"19873",4.71869739980791e-06,0.337893309186718,0.00277812096864486,0.656173623152201,3.43233593888321e-06,0.00201321859311789,0.000833060155821818,0.00030051691015774,4
"19875",6.20567501127291e-06,0.16832205283457,0.116357930940015,0.000942210581130104,0.000138524288573434,1.12170697485512e-07,5.6703503013277e-08,0.7142329068065,8
"19877",1.17654250797398e-05,0.0860817077400122,0.00834195914062806,0.902352037689983,1.51611027837721e-05,8.1144090651747e-05,0.0030981682997477,1.80565111138118e-05,4
"19879",2.4181120731102e-05,0.904878050715423,0.0141156247722091,0.0776524954823762,0.000248001359418937,2.34037570377894e-05,0.00187175240389484,0.00118649038890919,2
"19881",0.000262192208234786,0.0805696768947401,0.00395243198278199,0.896370462288951,4.19299439216897e-06,0.0173728676279094,0.00134532265093675,0.00012285335205433,4
"19883",3.80760649681064e-05,0.032060496709996,0.00216556971183245,0.578765536100153,3.67235308839549e-07,0.386884273756259,5.68744478630419e-05,2.88059736190984e-05,4
"19899",0.00349194214625886,0.0625421841004236,0.917398577240285,0.0149684853323874,0.000258297603140408,4.32821278240796e-05,3.04502924222669e-06,0.00129418642043878,3
"19908",0.997186400650613,1.44186483892853e-05,0.00270873864554641,1.6131349183999e-06,8.55206293604056e-06,5.21988034664701e-05,3.33581902518533e-06,2.47422351055652e-05,1
"19910",8.16857919795269e-07,0.955446573113643,0.000622649368369865,0.0431698794404227,5.94907216307151e-06,2.65744431318151e-05,5.56542403254754e-05,0.000671903464024265,2
"19912",0.000177023048605566,4.4675842718497e-05,0.00158640652676445,0.305946117082239,7.79208143676944e-08,0.691960760824684,0.000284883214843834,5.55393307794707e-08,6
"19914",0.00381744426121619,0.423043729248036,0.36915917276386,0.198869583032038,0.00168309232463523,1.29204164959709e-05,0.000837421510201633,0.0025766364435161,2
"19916",0.569698195166899,0.334242445934055,3.74643110257173e-05,3.40754534227521e-05,1.01905885461738e-05,0.0161304917365277,0.000135274430746417,0.0797118623787773,1
"19918",6.30295386269873e-07,0.00810642389531448,5.59405752660613e-05,0.877592762720476,8.11769824659724e-08,0.00491496982487208,0.109327962829429,1.22868227429252e-06,4
"19920",3.99493864976547e-07,7.32355039664659e-05,6.25272933413546e-05,0.0896832797904859,3.02423055799488e-08,5.18168940443902e-05,0.910128580907502,1.29874489038925e-07,7
"19922",1.35167743047716e-08,0.0249117357356376,0.000204147881050664,0.089470565522281,0.885126797003552,2.88990061189097e-06,6.20524444143834e-06,0.000277645195650738,5
"19924",3.78771141917428e-06,0.107504649371574,0.0171911310190796,0.826224364884776,5.3608837002227e-06,0.000272603346867089,0.0487060718322735,9.20309503099053e-05,4
"19926",0.0202871431013361,0.463925864478315,0.478603015457043,0.0281249834716596,0.0032869438746823,0.000898055705465435,2.21616291034937e-07,0.00487377229520716,3
"19928",0.000736959226072556,6.32958859833116e-08,5.59911720401693e-09,5.03795172945306e-07,1.3308852983629e-09,0.999262008805279,4.56690032503918e-07,1.25755453364109e-09,6
"19930",3.18650468902921e-08,0.0140256249107164,0.000347779812415227,0.98540599760267,5.70248712330707e-06,7.92903564544806e-05,0.000132638372337839,2.93459323572059e-06,4
"19932",1.03825650275746e-08,0.000248433721530477,0.000189159728939368,0.99845187210894,2.18747451119247e-06,2.60885870513509e-05,0.00108216300647689,8.49899853072963e-08,4
"19934",8.87837496206805e-06,0.407794887681432,0.151168412524715,0.0147273048204659,0.00145575637586091,2.33113343884422e-07,0.000159786420119134,0.424684740689102,8
"19936",6.62510909419295e-06,0.033136380658926,0.128272582366225,0.837946412007754,0.000274043253527746,1.48763775586887e-05,0.000170048295537772,0.000179031931376937,4
"19938",0.0236375422302947,0.145148649742432,0.115965018073648,5.53986046282837e-05,0.000959889670237672,8.3320102466379e-07,4.90406955894561e-05,0.714183627782146,8
"19940",1.78474696522769e-06,0.848035941450967,0.000212229265236879,0.142971782897092,1.41934662077905e-06,0.00846302763771401,0.000152047813293913,0.00016176684211004,2
"19942",0.00490119025250831,1.14931783487568e-06,1.29409552143374e-06,7.05244802790087e-06,6.25999967789656e-10,0.995089085938348,1.86637311213768e-07,4.06844480195056e-08,6
"19944",5.99734893720988e-05,0.977908750224723,0.0032553081547548,0.015412237938925,5.44952901433689e-06,5.26140940260409e-05,5.30475342031413e-06,0.00330036181576429,2
"19946",7.46173658469257e-05,0.637587963996063,0.00555812779741241,0.337827445247237,2.31679470021688e-05,4.24982631952947e-05,0.0179397761697336,0.000946403213509532,2
"19948",6.31933592845135e-06,2.03286262182629e-06,1.44436059491652e-08,1.27004342165929e-05,1.1077150905217e-10,0.999978570208086,3.55040214757912e-07,7.5645544356254e-09,6
"19950",1.18950168902823e-08,7.07944816127055e-07,3.90149768653041e-07,0.000946950540843642,3.39378149775362e-08,8.19329015776479e-07,0.99905108151299,4.6897341250603e-09,7
"19952",6.31933592845135e-06,2.03286262182629e-06,1.44436059491652e-08,1.27004342165929e-05,1.1077150905217e-10,0.999978570208086,3.55040214757912e-07,7.5645544356254e-09,6
"19954",1.43341865495787e-08,0.00252969232273083,0.000161818466098441,0.996611719755382,1.2774058873146e-06,0.000103476463646007,0.000591637278816705,3.63973252747454e-07,4
"19956",0.122225114440375,8.78957746401466e-06,0.0203969855574706,0.238910053341191,2.62775506463738e-05,0.00876714174418265,0.609665490435472,1.47353198535079e-07,7
"19958",4.01733471347561e-08,5.24278405234482e-05,2.54720514407481e-07,0.000464514567129356,0.999333591830816,2.03313650472792e-07,0.000146580411369673,2.38714264906643e-06,5
"19962",0.00199456651492037,0.202085806083731,0.0139596256512738,0.485385806183703,0.0015046802739919,0.000115272128878405,0.278682454731045,0.0162717884324567,4
"19964",2.86263457505619e-06,0.723076883417101,0.000109470058181125,0.255079415927854,6.71170111976541e-06,0.0145598595923966,0.00701943768937848,0.000145358979393968,2
"19966",0.0541522274564445,0.269111935116334,0.0208208540066542,2.10843506295571e-05,1.82321768111401e-05,0.000506440349859338,2.08119291412624e-08,0.655369205731338,8
"19969",1.60780881419429e-05,0.00326599822046865,0.00567292391221566,0.980173523486481,6.95443365437853e-07,0.0107961136214682,7.1076012316226e-05,3.59121554232619e-06,4
"19972",9.63058571805634e-06,0.0323099305646979,7.48442090291702e-05,0.554216783316051,9.18723286943426e-07,0.351124762792035,0.0622616793046536,1.45050452770345e-06,4
"19974",1.15201617275357e-06,1.24295718362019e-05,1.00134944932144e-06,0.0829404317374812,4.05301474741234e-09,0.148447639312128,0.768597340455847,1.50407034066191e-09,7
"19976",2.48758465171881e-05,0.27875075775031,0.00458423074428791,0.649482718799844,7.83312043857672e-06,0.000256501940749746,0.0667848641842166,0.000108217613636568,4
"19978",8.4418838039521e-07,0.98178732609595,0.000331009216646365,0.0144103878500345,4.34832361914043e-07,9.14174504368653e-05,7.50976145926954e-05,0.00330348275159783,2
"19980",2.48315315535486e-08,8.17065755569307e-05,4.33073539059473e-05,0.812607395300069,4.36194548353564e-07,0.000109907027607456,0.187157195732813,2.69839680598376e-08,4
"19982",5.27765702607927e-07,0.000150789895836695,0.00143410376339762,0.104715642892658,7.06029637165377e-06,1.86972733733279e-05,0.89366972282374,3.45528892012457e-06,7
"19984",4.30461099452212e-07,5.68332618139334e-06,5.7494974200366e-07,0.000136642027324799,1.43186489973693e-08,2.60440574411427e-06,0.999853775970628,2.7454063151301e-07,7
"19986",0.00138305378337351,0.0557384825513357,0.00312734576116198,1.340467720959e-07,6.12082593001305e-05,1.01067778307479e-08,1.29205062678391e-09,0.939689764199228,8
"19988",2.30803071295487e-05,0.00413489301080844,0.00017122261022779,2.35545384894401e-09,3.1003845774933e-05,1.00103798813654e-10,2.2745963192483e-10,0.995639797543042,8
"19992",0.000110223999456292,0.00339588044650439,0.00456510609269047,8.46657478435835e-08,2.78951903224353e-05,9.70555494242648e-11,3.07141018334877e-08,0.991900778794121,8
"19994",6.44768643319866e-08,0.0167138949619431,0.00160277382688607,0.981580675644645,2.22369074537032e-05,4.6546328785914e-05,2.97615183707041e-05,4.04633505118302e-06,4
"19996",5.81219948396355e-07,0.0332980492930376,0.00071231295089956,3.58376007360167e-07,8.64516765118239e-06,3.68449104258547e-10,4.15053676499709e-08,0.965980011118639,8
"19998",0.84862564692711,0.00659540902553915,0.0498895810131759,0.0406158434945659,7.22755530428536e-06,0.051309327607336,0.0021401567311682,0.000816807645800405,1
"20000",0.0054468526859089,8.62746530065084e-05,0.100799395586912,0.884383493419165,0.00705870874533805,0.0019616686136207,0.000262621825867577,9.84470181843457e-07,4
"20003",4.78736374283238e-06,0.0599937341173638,0.0183092767862091,0.921042320080494,0.000122280124683331,0.000462735015238117,1.51528049995745e-06,6.33512317686443e-05,4
"20005",1.34232888732096e-07,0.00015421628009612,2.2898151105317e-05,0.965380455626868,5.45303788783139e-08,0.00588642581518112,0.0285558076559982,7.70748312660388e-09,4
"20007",0.000246378346836614,0.532664349978903,0.405592795188152,0.0455914637852791,0.00055634078310753,3.1747916248789e-06,0.000464155688890004,0.0148813414372062,2
"20009",0.0108097830851815,0.433888624121461,0.000527713363258655,0.000108119773398223,0.000324412969448308,3.70354110528967e-05,0.000301336318843513,0.554002974957356,8
"20011",1.51229211458981e-05,0.178096437848986,0.00149060330477994,0.745224785524925,3.95263290896869e-06,0.0632222948185687,0.0119240763574105,2.27265912755071e-05,4
"20013",5.28752579917364e-06,0.00211209112408033,0.0239592081878043,0.843601945560495,5.11680079535347e-06,1.64944594796184e-05,0.130294963099305,4.89324224085025e-06,4
"20016",0.00511877265581662,0.0905366869588233,0.00245890679712953,9.44661777401603e-07,0.00171434005553413,3.22823635332929e-08,5.12709615564113e-06,0.9001651894924,8
"20018",0.000230187513772219,2.99655684826534e-05,5.42520530900802e-06,8.48406492119487e-10,0.920191777411602,2.40048224112072e-10,4.56115800730237e-10,0.0795426427562633,5
"20021",6.29364354958696e-07,0.912918707573507,0.00104994662557993,0.0015789743199528,0.000138812249865907,9.3672522087878e-07,3.74339381539134e-08,0.0843119557075805,2
"20023",0.000679706929052414,0.906661451856148,0.0413403611652608,0.0113406439817111,0.000381977290284867,1.58788528863526e-06,5.19818619598357e-05,0.0395422890302944,2
"20025",0.000211876343650709,0.018783102982448,0.000307866246389981,1.61084754222296e-06,0.275579919260987,3.36961217236142e-08,2.28562372682173e-08,0.705115567766623,8
"20027",0.000193573038451349,0.00121260851420758,0.00810426139957039,0.576204864323036,6.99727315921125e-07,0.414271848781426,1.16010431651822e-05,5.43172827029332e-07,4
"20029",1.99385494275636e-06,0.00025249489815449,0.000522681835180485,0.966180791074037,2.10744569216334e-08,0.0232993990743861,0.00974250123287866,1.16955964179145e-07,4
"20032",5.42903762344836e-07,0.00182791629289039,0.00065547525020527,0.988811316698664,2.9108474297901e-06,0.00869141671674959,1.00092855349831e-05,4.12004763543882e-07,4
"20034",1.2846815266731e-05,2.82937958406967e-05,7.08111988278712e-08,6.70080519784081e-05,1.47298044334291e-09,0.999891652043058,9.60713452062769e-08,3.09383318419982e-08,6
"20036",0.136487720388436,0.000457325011931193,0.786370359515357,0.0470025250991531,2.72434361822793e-05,0.000107261212187976,0.0288818933156985,0.000665672021053558,3
"20038",7.27761307718128e-05,0.0708178465140512,0.371119214950139,2.91100767543983e-05,0.00195967151076696,1.43630593748747e-08,1.04518722024408e-09,0.55600136540927,8
"20040",0.0237793569275373,0.201919937408698,1.23112392984732e-05,3.39053218038819e-07,0.00713468408694404,5.42735781008375e-06,2.09673133648617e-06,0.767145847195157,8
"20043",3.78653373890726e-07,0.0696866389721923,0.0333210142483585,0.000477752737155265,0.000241917368645312,1.33851180578368e-08,3.02937488406362e-07,0.896271981697668,8
"20045",3.34759228327789e-06,0.00337055320762364,2.14440718970398e-05,3.48405825689064e-09,0.000592119215999417,9.91557978782285e-12,1.19926080686459e-08,0.996012520425615,8
"20048",4.78944441600457e-08,8.62703882447692e-08,3.90932439714136e-08,1.51161369857134e-05,1.58952880546298e-08,3.04726302313558e-07,0.999984385236184,4.74716306763698e-09,7
"20051",1.5532603986177e-05,0.084614642569287,0.283671936009887,0.507209457043879,0.01265846439668,3.7109919570918e-07,0.0153977349759999,0.0964318613010851,4
"20053",0.000204445182294124,0.974116512394668,0.000675536183724226,0.000782184368760596,1.03286507160985e-05,4.03707350634419e-06,5.96376500099838e-05,0.0241473184963204,2
"20055",4.16869245327794e-05,0.014351863561783,0.96206181884925,0.000968369648682392,0.00672097571309586,9.41755374256933e-07,2.87393805263824e-09,0.0158543406733438,3
"20057",1.63030941523068e-05,1.00531169250432e-07,2.3590948078677e-07,3.11411446567321e-05,0.999655707144938,8.4378183962553e-06,0.000288049087756011,2.52694506931096e-08,5
"20059",0.000660872411508099,0.981608638866489,0.000258834937093723,0.000531416596130375,0.000484571658297615,1.11894883599263e-05,4.16602587760322e-06,0.0164403100162436,2
"20061",0.00019113921130108,0.98484066829464,0.00198522091387132,0.00561402123631986,3.68504731848719e-05,1.47676328439622e-05,2.28893233688516e-05,0.00729444291447021,2
"20063",0.11782463675907,0.000119636250909696,3.02450880245403e-05,3.51109588289884e-06,4.97284626274314e-05,8.55372665004633e-05,0.867067224087514,0.0148194809894707,7
"20065",3.08787709056265e-06,0.00219872116310108,0.000869789911508348,3.11355772133542e-07,0.783564373310802,8.83161625440058e-11,2.13831057849553e-11,0.213363716272026,5
"20067",1.29471355908268e-05,0.077699926239805,0.00244876584126955,3.00834579094748e-05,0.00547686196012438,3.67835595080041e-10,0.000207020038504637,0.914124394958961,8
"20069",3.24454719084683e-08,7.79051642845004e-05,7.75649322074837e-05,0.51749534676611,7.94565101879087e-07,3.47237289763302e-05,0.482313568728571,6.36692776093653e-08,4
"20071",0.643349331498381,0.00315672253823135,0.351839281410087,0.00114027993672307,1.19144561480663e-05,0.000291945709882728,1.53345339125034e-05,0.000195189916634164,1
"20073",4.04106450304364e-07,0.00512460439030366,2.86299604208612e-06,0.067247559676373,2.68315889122595e-07,0.000522910430564632,0.927095461434108,5.92865026935508e-06,7
"20075",1.24453278689406e-06,2.11199918971233e-07,0.000526119170006043,4.68873826095603e-05,0.999424544633362,7.40446932333748e-09,2.32860354719005e-07,7.52816492874561e-07,5
"20077",0.00422862229006402,0.107576560290067,0.720268142709854,0.00129086831457413,7.72931249286904e-06,6.66247001273832e-07,0.000277523240858412,0.166349887595088,3
"20079",8.57102320717862e-05,0.00689368195203338,0.0116082621004886,0.0255611276594389,0.000314961602919767,8.94587067889313e-06,0.874870365186484,0.0806569453958842,7
"20081",1.84716841120974e-06,0.246827947652585,0.253883945959891,0.0013681993864432,0.156018583099609,5.17814587609097e-09,5.44174037271819e-06,0.341894029814541,8
"20083",0.266836473608021,9.73399463666462e-05,0.0311145681064758,0.00252599231760195,6.15022068546821e-05,0.000395286092353651,0.698499257472979,0.000469580249347118,7
"20085",6.5663758017093e-06,0.00181252294204935,0.000305186296320619,4.2086524991993e-09,0.000141635509046914,2.32791437694662e-11,3.88528407619146e-11,0.997734084605997,8
"20088",6.64703710955356e-06,0.112043546388946,0.00811571056399523,4.78017032716636e-05,0.000377556038049199,2.04067520873329e-09,6.9503283538442e-08,0.87940866672467,8
"20091",5.5293861798281e-07,0.000229874402310467,0.000156123568732762,5.94457952635907e-06,0.999481473634487,7.18864108984141e-11,7.05227766303169e-07,0.000125325576672825,5
"20095",0.00165609518649559,0.179188826943832,0.000347495929109802,0.00249685586372114,7.51454269367083e-05,0.0273951132483074,0.78691583546308,0.00192463193851748,7
"20097",1.26082649725131e-05,0.00136095316088159,0.0010379202493418,8.69590319499639e-09,0.000638512033621527,9.71949458160698e-12,5.62124519580257e-11,0.996949997529347,8
"20099",0.000153869659120463,0.868179384885809,6.4002070929039e-05,0.000203048767387663,3.23513723017747e-07,0.0403669280080775,0.00177394493672037,0.0892584981582329,2
"20102",5.90265376255221e-05,0.000308433203317218,5.22514602019407e-05,0.000436038367004794,0.039312618914593,6.09088216705477e-08,0.959752422002613,7.91486058224036e-05,7
"20105",2.90275983739966e-07,0.230717685733694,0.00440410596012885,0.00117035917799095,0.000138532993236781,8.75076033346698e-08,0.00054206165294952,0.763026876698413,8
"20107",0.000269180630881818,0.406753580365064,0.129133591688636,5.05685902496732e-05,3.55863166196889e-05,1.07933605633371e-07,3.66353992030267e-07,0.46375701812095,8
"20109",1.29766289625466e-06,0.829289761707668,1.16308732907399e-05,0.00347794124268721,2.82944677099564e-06,0.00026185494968635,0.133432947472519,0.0335217366444821,2
"20111",4.00480028117135e-08,0.000218601602654635,8.3132132453421e-05,0.283186853496992,0.711512085199827,4.06009725936133e-05,0.00495787037521829,8.16172258399606e-07,5
"20113",0.0813769160036356,0.224384835073211,0.646773441270799,0.000787217526656828,1.27860259375973e-05,0.000925281433847168,2.13356157663216e-07,0.0457393093097545,3
"20115",5.94389308172219e-07,0.00222283423924688,1.64333530530633e-05,0.990487385259463,0.000192025744316253,0.00686599584762545,0.000214536445271071,1.94721716432777e-07,4
"20117",0.088618009712693,0.0742589831157627,0.012055751063643,0.00024334275989525,0.655099915664295,0.136848320464845,2.56636780671634e-06,0.0328731108510591,5
"20119",0.12597521664914,0.196034532460186,0.0216067779095591,2.26663895231548e-05,6.01711230429082e-06,0.00223868278829871,8.45492068231476e-09,0.654116098236069,8
"20121",0.00163644066541915,0.150425944320909,0.0447835001601445,4.39149522082556e-06,9.6673409645598e-05,2.18576836363549e-08,8.65797899907787e-09,0.803053019432998,8
"20123",3.11058248210533e-05,2.84678079867693e-05,0.000376432692264461,1.8286765581348e-06,0.999216359372516,8.91762286010176e-11,2.07120711031894e-09,0.000345803465470061,5
"20125",9.62363750898499e-07,0.000770355485911035,0.00123062487878753,0.90321499413837,5.68885117053297e-06,1.05452737979683e-05,0.0947662320221739,5.96986038407972e-07,4
"20127",1.57705723473051e-07,0.00456230184268886,4.29477709663551e-05,1.20009583508239e-07,1.52518093496154e-05,7.29258438508876e-10,2.066050564719e-07,0.995379013527373,8
"20140",0.00358594809826391,0.00240642529729805,0.987847884180954,0.000754602991699067,0.00437139690357115,4.06034106859713e-06,1.61906464617924e-08,0.00102966599649834,3
"20142",1.43080954257361e-07,1.31766655597427e-06,3.07265980802607e-06,0.00323478710932668,8.33470667488356e-08,1.29403192649193e-06,0.996759294663257,7.4411049343781e-09,7
"20144",0.000193121905755053,0.000262331039030159,0.00983165652941412,0.980891852053616,0.0034953256082183,2.82075763311745e-05,0.00529710704524948,3.98242386219106e-07,4
"20146",0.00961323709769179,0.00160782108826971,0.218008365870661,0.312265706899745,0.000620317980729908,1.65827807763929e-05,0.457651946634202,0.000216021647923842,7
"20148",6.13812320909253e-06,0.0109228488405747,0.0662858832179346,0.922418392386773,2.98587008929844e-05,9.2177375718396e-06,0.000162302995738023,0.00016535799730546,4
"20150",1.21828379012682e-07,3.12096965258774e-05,6.8146953593391e-06,0.598141929969273,3.08912224491822e-08,0.0109942634550123,0.390825625511865,3.95236324961254e-09,4
"20152",2.38888871994658e-05,0.0785983852370103,0.0656872821983942,0.854637048529865,5.64550389649648e-05,3.94900653248586e-05,0.000126209189009789,0.000831240854231452,4
"20154",2.05143219287494e-06,0.00019632672309926,0.000406794346163288,1.12125101913715e-06,0.913221017670502,1.01035710614761e-11,3.40025061746057e-06,0.0861692883163029,5
"20156",0.0669220523983369,0.48017636050461,0.365663298822401,0.0157040263896523,0.00308331691041812,1.70967447539821e-05,0.0480559274078067,0.0203779208220207,2
"20159",2.07769869766455e-07,5.99181391582089e-05,0.000143168970933992,0.406156427840359,1.44894053495057e-06,1.48287748312991e-05,0.593623931452528,6.8111784057812e-08,7
"20161",0.00501586899373093,0.000107170498916773,0.000270414296180502,0.00302350757459473,5.15478028533118e-06,2.22021177302034e-05,0.991541056177474,1.46255610877947e-05,7
"20163",4.42247502085623e-07,0.116918657654456,0.00486289134308839,0.874601680417993,0.000899288307793318,0.000840370299768927,3.00496183516555e-06,0.00187366476756329,4
"20165",1.83328972941164e-07,0.00127579930521985,5.32308376271734e-06,0.000143195547175294,3.11554502282123e-06,3.34006357283995e-07,0.997333791908563,0.001238257274926,7
"20167",3.63076658004544e-08,0.0176003589263664,0.00196950518158988,0.971691917668541,2.16579730667503e-06,1.68136527963178e-05,0.00867108772349391,4.81147422395505e-05,4
"20169",7.30561398004678e-08,1.5309298527179e-07,1.60132362240048e-07,8.39912458144909e-05,1.98238845288325e-08,3.66878056415544e-07,0.999915232150585,3.62017189074544e-09,7
"20171",2.74098225868e-05,2.65602816874196e-05,0.000173105995051658,5.32792061994148e-08,0.959786961985675,4.56320329827289e-12,4.91531715266869e-06,0.0399809933140766,5
"20173",0.0887449327356462,0.04891041366335,7.57886919497014e-06,0.000531060204418825,4.2008863549952e-06,0.479615785781992,0.357437376316411,0.0247486515426314,6
"20175",3.55549662842738e-06,0.0303551493617429,0.00443191659334691,0.955370323782248,7.18896849727723e-06,0.000416362846231235,0.00941010291726883,5.40003403676771e-06,4
"20177",0.00219627777743654,0.74825089601367,0.000460574281421331,0.000582893907812378,1.25720193722939e-06,0.18676819847847,9.08539673139948e-05,0.0616490483719387,2
"20180",0.000156142576949089,0.1311539470589,0.00436611926283696,2.6209130168125e-06,0.000919186838400742,1.9870194616196e-07,2.29690705006031e-11,0.863401784624981,8
"20182",4.92750551066331e-06,4.01845520771528e-08,1.0067939760511e-08,0.000163394945094938,8.59885935918616e-06,0.00658220327917638,0.993240824772795,3.85572474038054e-10,7
"20184",1.11009583690426e-06,0.000153177601977955,0.000140681165449614,0.0201783322356676,2.64814717733351e-07,4.75709730357428e-06,0.979520978031303,6.98957743210154e-07,7
"20187",0.763760118820379,0.00412836230775113,0.000332233404742009,0.000340186576008965,2.87302986852041e-08,0.230805080095622,0.000550379660831302,8.36104043670767e-05,1
"20189",6.97103454576246e-06,0.982439276280723,0.000177230988617895,0.00368560224442868,4.41416080444168e-07,0.00121014481491055,1.10909117593934e-06,0.0124792241295175,2
"20192",0.00368389363546875,0.51718400835135,7.31510405342056e-05,0.00115531682325656,0.165203441821955,0.00303989418474966,1.50709942692461e-06,0.30965878704326,2
"20194",0.206845149915466,2.61014343401286e-05,0.0235856986485951,0.0458660709793792,1.60529073081387e-07,0.116192488424656,0.607481561071451,2.76899703928268e-06,7
"20196",1.06021616573133e-06,0.0136194240278626,0.00410530503667389,4.51459676120939e-06,0.077668215472123,2.0779500866291e-09,4.65445847642186e-08,0.904601432027879,8
"20198",0.00236850965431506,0.493940643733598,0.15841572093821,0.329058729341629,0.00261573733731032,0.000104190093159287,0.000592281041165685,0.0129041878606133,2
"20204",2.90432734540375e-08,0.000147088939189932,2.26426323765966e-05,0.551195015223586,3.2315804571253e-06,3.61506585312482e-05,0.44859576758439,7.43381959317101e-08,4
"20207",1.40851062376255e-05,0.0136448430614417,0.0234657751153385,1.318284535462e-05,0.0281397421760122,1.46240618332339e-10,1.78197900904964e-05,0.934704551759284,8
"20209",0.000340021678125963,0.00317990764190438,0.0261164438017906,0.84467674652062,0.0644413029408365,0.0612389378786473,2.12549504841895e-06,4.514043027137e-06,4
"20211",6.12497236320449e-07,1.77209171017325e-05,0.00196275457524174,4.7365195246294e-06,0.997721751406273,2.96587898888823e-12,2.40011276169712e-08,0.000292400080529124,5
"20215",0.000903830833327458,0.00632488544061329,0.853056359754835,0.00057958670242651,2.72534465313745e-05,1.34200751689303e-07,5.28961032909166e-06,0.139102660011185,3
"20218",1.24059933876137e-08,4.5131824902742e-06,2.78266916796794e-06,0.0136320901879537,1.18549132629773e-07,2.60521125192003e-06,0.986357866780638,1.10133724256512e-08,7
"20222",4.60022969102686e-07,0.0136618693002552,0.092877334867067,0.00104050878491601,0.0201152008626377,4.00233757391343e-09,3.88096896890299e-05,0.872265812470128,8
"20225",0.000148637801784805,9.73985972693761e-05,0.0227326784956639,0.958781376145139,0.000119230929307398,0.000229525417587669,0.0178887550098332,2.39760341449281e-06,4
"20229",0.0902310599248123,6.2068158149933e-05,0.905256408209695,0.00398620496786515,0.000401654637635417,3.83935813206282e-06,1.12781746303577e-05,4.7486569079981e-05,3
"20232",0.000214352660807199,0.206869750364172,0.772159127458975,0.00435673178299951,0.00220286540959655,1.76556813110589e-06,3.32649918099137e-06,0.0141920802561374,3
"20234",6.19955774748182e-06,0.00318868492131806,4.97477622547608e-06,3.24200032232885e-09,0.0167972471190324,8.01171189829838e-09,5.30053896261249e-11,0.980002882318959,8
"20238",0.000559590637076103,0.486492025585631,0.0108824377359389,4.51782328951201e-05,0.000638973088197221,5.86729797625215e-08,8.34909040270724e-06,0.50137338695688,8
"20253",0.00621862236271238,0.00322656907818949,0.283488967655063,4.14914029849955e-06,2.30040656474942e-05,1.61921312968464e-08,2.66428096151087e-07,0.707038405077862,8
"20255",6.31613427219409e-08,0.00111233301895715,0.0072455589014901,0.991289529292819,0.000191331518465113,2.66422433989148e-06,0.000157244133355372,1.27574923031967e-06,4
"20258",1.92759020797572e-07,0.334724368363348,0.000123970231956649,1.24504088892214e-05,1.88903229072909e-05,1.06607819794649e-07,1.75276079110917e-08,0.66512000377845,8
"20269",8.07338465865397e-08,0.930812525467243,3.20659337413792e-05,0.00396722241214943,1.86846631028514e-05,7.66416561060986e-06,0.0180599161334614,0.0471018404908452,2
"20271",5.29665286909958e-05,0.620160763603917,0.000128556841832786,3.42199768387115e-05,3.27015707408592e-06,0.00199162339889405,5.35520385028364e-08,0.377628545940714,2
"20285",0.0149010496752636,0.00444682723538602,0.00561114343069433,0.0222833061445962,1.58022460696135e-06,0.951723703375521,0.000825010814707677,0.000207379099223836,6
"20288",0.000298256429272432,0.0431382281186056,0.900403330712098,0.000790346744549495,0.000106061873208408,2.4782439876366e-07,1.68871297479443e-05,0.0552466411681198,3
"20291",0.00018015642791319,0.3865571791389,0.00568913911089175,1.70503474900601e-05,0.346659304616916,2.12685623091401e-08,1.67924166544104e-06,0.26089546984766,2
"20295",2.93585936906456e-05,0.954564303679504,3.27485663324189e-06,0.0071344480927941,2.06043606035587e-05,0.0201263335442562,0.00278778070346375,0.0153338961690543,2
"20298",1.00986426233301e-07,0.000128209221746132,0.000361250645641278,0.99768145506673,5.85000688407873e-07,7.5765803613654e-05,0.00175259087980549,4.23953486616938e-08,4
"20302",3.42615163381002e-06,0.00704503903828217,4.06068163325508e-05,0.304351679125621,1.6926502390881e-06,0.00272466379621892,0.685826387690945,6.50473072748603e-06,7
"20305",8.92782673305025e-08,0.000154814390013451,7.2703402297988e-05,0.997022132793597,2.20654665548784e-07,0.00255056967648566,0.000199444024324194,2.57803488435035e-08,4
"20307",4.27275357886294e-06,0.100803566963484,0.00148548357262698,8.8342071108976e-07,0.000117596250624248,3.53287974971792e-10,1.15576829385794e-08,0.897588185128004,8
"20310",3.68308617547103e-06,0.00163804577776863,1.70210161157258e-05,1.8792010572578e-09,6.99043595012292e-05,1.20355140834005e-09,1.01102017376246e-09,0.998271341666666,8
"20313",2.51370758479617e-08,1.64425293073732e-07,4.14875032204743e-08,0.000402732558776553,1.74558010433322e-09,2.57003873363017e-05,0.999571333804739,4.53695466245004e-10,7
"20315",1.08876681043883e-05,0.391644059973117,0.0337061587526909,6.77388044791505e-05,2.91765810837671e-05,2.42323242819642e-06,2.37424410283608e-07,0.574539317563687,8
"20319",0.000223943444292448,0.00184886353461801,0.0123674418900017,1.19432830267842e-05,0.245768003646563,1.95969951499473e-09,2.76631783078941e-08,0.739779774578621,8
"20321",0.000116946539771631,0.0144006704893218,0.00218617298992176,2.41638811377488e-06,3.91465757593324e-06,1.98912483442776e-08,1.75787424001784e-06,0.983288101169807,8
"20327",2.07343236077089e-06,0.554443776196052,3.10239320887852e-05,2.42797136059301e-06,1.81220841257781e-06,2.12431513108328e-06,5.23992761731542e-08,0.445516709545318,2
"20329",0.000707084156912382,1.78544531657158e-06,2.9243811584722e-07,4.7347872681321e-05,4.89285304676006e-11,0.999221380853567,2.2105807762755e-05,3.37671506684336e-09,6
"20335",6.32609311576407e-07,0.0152838934179909,0.000497374700016063,4.3405876734665e-07,0.0430895210167311,1.08725793701109e-11,3.06254002817029e-07,0.941127837932308,8
"20337",2.32500415552455e-08,0.00014434141072298,0.000109408186349053,0.805109057930313,1.9270532252718e-06,2.01413393359418e-05,0.194615004252968,9.65770437273081e-08,4
"20339",0.526948914204382,0.000264837283176301,0.0671370718553283,0.00199740084358893,0.402669268031995,1.72242714352409e-05,6.67125325111161e-07,0.000964616384769641,1
"20341",0.000394917436313785,0.00114197498297748,0.00138180963944595,3.2788324675515e-06,0.982129591669552,3.05351607615669e-10,0.000406131091665724,0.0145422960422256,5
"20343",7.76043024115121e-05,0.00345325548689061,8.58424583918793e-05,2.39934680722197e-07,0.000688879705124081,5.30506646378371e-10,1.35863214019868e-05,0.995680591260593,8
"20345",9.9337917218332e-05,0.0533027336364778,0.0120334779448313,0.915524580198987,1.53387179077767e-05,0.0189950100428468,3.02438346431047e-06,2.64971582670412e-05,4
"20350",0.232129648835502,0.00168680589548179,0.748956415614988,0.00213909136842367,0.00491608870558426,7.92897242375872e-05,0.00158481057009138,0.008507849285692,3
"20352",8.93326690629034e-09,8.27646916955738e-07,9.8751431874599e-08,0.000190981847546859,2.73948255392567e-08,3.34067758649865e-07,0.999807697533915,2.38243378514643e-08,7
"20355",0.000471943933500679,0.00213036978797639,0.000134642590224395,0.0099368801951332,3.87163670998411e-05,2.62638583206545e-05,0.987188364167211,7.28191005341184e-05,7
"20358",2.95099558544135e-05,7.32825724447363e-06,3.50058290323771e-06,0.0104185207976538,1.38167700271515e-09,0.986481895868835,0.00305918651923948,5.66365929916998e-08,6
"20363",2.56548336705384e-05,0.0459619482542868,0.00633311605841284,2.28110458378831e-05,7.84236937282828e-06,1.075305096153e-08,2.27655341926573e-06,0.947646340131949,8
"20365",1.63976785378724e-06,0.0821147079542573,0.363041799999591,0.00606674925488635,0.484797970188455,3.22573084649739e-08,5.8266301764941e-07,0.0639765179146309,5
"20379",7.65935386564449e-07,0.00864542906517729,0.00043399575531435,0.98951694167117,0.000446500802209265,0.000308934282462356,0.000646820248462307,6.12239817444126e-07,4
"20387",4.62305733000698e-07,0.493638062080082,0.000632938768985736,7.66786889721961e-05,0.00100076807589671,4.18350868651551e-09,1.03842027986596e-07,0.504650982054793,8
"20392",1.42533375661833e-07,3.5710725282912e-05,0.00022261954620195,1.21634212470937e-06,0.998715333905833,2.67368186225193e-12,1.11094489620872e-09,0.00102497583356298,5
"20395",0.000210393852797189,0.0262948928433395,0.421615374690342,0.550825617769146,5.82509464905812e-05,1.141628262393e-05,0.000748960649784651,0.000235092965475513,4
"20397",3.12134132205264e-05,5.65274506279475e-08,4.09952399232577e-09,8.62563496386682e-06,1.2649045998931e-10,0.99903086820076,0.000929231712853321,2.84737398545437e-10,6
"20410",7.97551413905251e-06,0.923497635029447,0.00126893057646739,0.000917159425276082,0.00014664839604318,1.95001043115943e-05,3.49905965413608e-09,0.0741421474552562,2
"20414",2.11287822711329e-08,0.00390651265749804,3.78711561453518e-05,0.76315724071612,2.08625060124562e-06,0.000132779084364143,0.232754619705932,8.86930055607853e-06,4
"20417",0.00977198878270786,6.81588393075128e-05,2.91026007921795e-05,2.69515840225578e-09,0.249114867119683,3.87826022947843e-07,8.85749507631063e-10,0.741015491250579,8
"20419",8.53133162907869e-06,0.105988409607815,0.000135187800995695,9.44685973309943e-07,1.23450025278685e-07,7.91516605105566e-07,2.98951741388842e-07,0.893865712655216,8
"20421",1.55684566551988e-05,0.0152052439839872,0.000468522354408361,0.157104426904313,0.0124263357364323,2.36476687905498e-06,0.814751474267827,2.60635294986593e-05,7
"20423",1.17970229175086e-07,0.00153053072210643,0.000200094300387952,0.613936586217185,4.55057903013327e-05,8.30356385375791e-06,0.384278144851774,7.16584161881274e-07,4
"20425",4.40522730379965e-06,0.000156328812706446,0.0365747051063326,0.261679337114336,7.32300579039375e-05,1.48633868232715e-06,0.701499992575387,1.05147673473352e-05,7
"20427",2.5682135059575e-06,0.242223287257353,0.0141231173909155,0.742586787157446,1.0755196160185e-05,3.15505253969742e-05,0.000184615014290762,0.000837319244931215,4
"20429",0.645472574174753,0.0747317419571936,0.00152705516875419,4.25719202007736e-06,0.000418391757335185,1.53045107475158e-06,6.92670636278306e-05,0.277775182235242,1
"20432",1.45206514634409e-07,0.000121513075343896,7.39405399024413e-06,0.216717599258498,5.75089631988854e-08,0.00100861492745376,0.782144381846263,2.94122973135088e-07,7
"20435",0.000918752410687886,0.856625643828544,0.0733100585205997,0.0270886089927602,0.00864396837418204,1.36237064894666e-05,2.30852457210566e-06,0.0333970356421649,2
"20438",0.0134710587402853,0.0383922960507819,0.0185014443869677,2.4020060213277e-05,9.21701557896832e-07,2.44603851721131e-06,0.00019229970244305,0.929415513319234,8
"20440",3.4221179009801e-07,0.42520916740481,4.29145144519689e-05,1.10787969134043e-05,6.28639360447898e-06,1.66831618262642e-06,6.73435739242201e-06,0.574721808004855,8
"20443",0.000212178869034302,3.32020875330256e-05,0.000178867865766272,0.000229682706316804,2.05902989562761e-06,6.96910754154812e-07,0.999340440591304,2.87193939567531e-06,7
"20446",9.95082163200034e-05,0.561520370689807,0.0136415042140504,0.325221505633571,0.00083365594778899,0.000892996725700495,0.00344776633238451,0.0943426922403771,2
"20449",0.0152370960161402,0.205098295190958,0.746939072902654,0.0141742607446644,0.00164303371335847,3.56038756349068e-06,3.85554672591502e-06,0.0169008254979357,3
"20537",5.59724438433255e-05,0.53221736077021,0.000466609629456392,0.00117509035292245,0.359509884549935,6.61497850287748e-08,9.109957032736e-05,0.10648391653352,2
"20540",1.88975178335872e-07,0.000500918215010236,4.81851622861942e-06,2.69506694532322e-07,0.998368697373892,4.82533627192964e-11,4.28809368366387e-10,0.00112510693593337,5
"20543",1.71937190163212e-06,0.825284362714506,0.00172040254019869,0.170467326708133,0.000176718626913136,5.97044912123801e-06,0.00118863510204415,0.00115486448718189,2
"20545",2.18716026092776e-08,1.70539060881486e-05,4.97770081295817e-05,2.77124929893483e-06,0.999687512755408,1.3752145169118e-12,5.94253682767317e-08,0.000242803782729255,5
