"","V1","V2","V3","V4","V5","V6","best$classification"
"19812",0.0344869817655647,0.01583566353211,0.000455308233076619,2.93386008330737e-06,9.91856204909015e-05,0.949119926988675,6
"19814",0.000762421899274561,0.0012298805009555,1.01034530827243e-05,0.00310597695938154,4.45868261273296e-06,0.994887158504693,6
"19816",0.0103752764182508,0.974932040245888,3.88731174029133e-06,1.69902550557357e-06,6.49819728300953e-05,0.0146221150257848,2
"19818",0.000520026585970753,0.0372776310572196,2.99489776902679e-05,0.0109575295793142,4.33947027640125e-05,0.951171469097041,6
"19820",0.000225612761890199,0.999735235820306,3.88481598300317e-05,2.46855247769593e-09,3.32201749738418e-08,2.67569246604672e-07,2
"19822",0.0426677443616948,0.902772347963904,0.0545465490774532,4.64670333352339e-06,1.11085716881573e-06,7.6010364459545e-06,2
"19824",1.25719818952999e-05,0.99819992437867,3.6310003036559e-05,0.00107237002875135,0.000125997201836193,0.000552826405811014,2
"19826",0.108877407098815,0.024653788258019,7.50011560843669e-06,6.14102187786931e-05,0.0125721203487827,0.853827773959996,6
"19828",0.000221243231342011,0.99907177297946,0.000219691900473208,2.29035507852793e-06,2.15246182795431e-07,0.000484786287463545,2
"19830",0.0636838875057375,0.00013302457228552,0.000266510983302107,0.000179409091186701,0.00172424230962751,0.934012925537861,6
"19832",0.0352488796010526,0.110776754280533,0.623280228537101,3.30061433926743e-06,7.70871100822704e-06,0.230683128255966,3
"19834",0.698219380565744,0.26693126806332,0.00381954879600817,0.000154475079297314,1.0318220559928e-06,0.0308742956735742,1
"19836",0.0125890203135869,0.291977377572523,0.000180860277940465,3.15649682626322e-06,0.109943155612678,0.585306429726446,6
"19838",0.00073734953447079,2.59855653563435e-05,3.59895079782601e-05,0.000650205582737447,9.65197757730302e-06,0.99854081783188,6
"19840",0.743979201357078,0.206362145087222,6.78968872524185e-06,7.18082809375879e-06,0.000950627436682061,0.0486940556021982,1
"19842",0.00056761419709025,3.61448413779833e-06,1.02692654683044e-07,1.69919097893235e-05,0.95089124756636,0.0485204291499681,5
"19844",4.52090018310673e-07,7.69148759341883e-06,4.44336086727517e-08,0.999945229776698,2.78243387482808e-05,1.87578733333131e-05,4
"19846",1.13126498811764e-05,6.04883900295887e-06,9.94277512505321e-08,0.109142566297894,0.00610703306735013,0.88473293971812,6
"19848",2.66566066390208e-05,8.85551437629084e-06,3.62121644384006e-07,0.0429306914452796,0.000360041990042226,0.956673392322018,6
"19850",0.000158791497257445,0.000128458786696699,2.35997437624408e-06,0.264740776011025,8.01238578400873e-05,0.734889489872805,6
"19852",0.00924014647788184,0.656846747043135,0.000147423735406836,0.000587460887330971,1.84012609135051e-05,0.333159820595332,2
"19854",7.15435029276142e-05,8.07652657815165e-06,8.6267607659272e-07,0.00464479186424655,8.85714170093331e-05,0.995186154013162,6
"19856",0.000639016285595827,0.000441052920201937,8.81514450612127e-06,0.982760417868889,0.000223932439780324,0.0159267653410264,4
"19858",0.000150444756450443,0.0194631907402284,0.000108165548720719,0.977684740147734,2.61459366782629e-05,0.00256731287018842,4
"19860",0.170610435912627,0.235094933920263,6.71799857318511e-05,6.26617033425344e-05,4.1894279572455e-05,0.594122894198464,6
"19862",2.84814615826673e-05,2.75480443399759e-06,1.08125328859322e-07,0.00542322838256136,0.0210112563627548,0.973534170863338,6
"19864",1.58569028032552e-06,2.00198181084224e-05,8.43860194062709e-08,2.24449190925968e-06,0.999968580093452,7.48552023006097e-06,5
"19866",0.0976083934857895,0.881960210736902,1.09021469831756e-05,1.5863330139362e-06,0.0176275460841144,0.00279136121319736,2
"19868",0.00475906753601247,4.76951657977471e-06,0.995085425150197,7.65665661824722e-05,3.91054278613242e-07,7.3780176749261e-05,3
"19870",5.07280171272661e-05,0.00019572127512338,1.48830901314945e-06,0.00231301305230153,0.001479747877112,0.995959301469323,6
"19873",0.00141394987909718,0.0216883480939694,4.90614664753068e-06,0.000864735681927019,0.00210040352135268,0.973927656677006,6
"19875",0.0405889257450197,0.956310701604009,0.000258671729435859,9.51531040218148e-08,7.94934071590336e-07,0.00284081083435965,2
"19877",0.00385521893647443,0.00227584999742696,1.34792924316018e-05,0.00231853794814686,0.000102423626501015,0.991434490199019,6
"19879",0.0263781918424401,0.255168271944643,0.000976584979295982,0.00612158961197014,0.000208891151236101,0.711146470470414,6
"19881",0.00419219056629588,0.00779008583945606,6.88870806460111e-06,0.00149473939354817,0.023828633235797,0.962687462256838,6
"19883",0.00192408471311366,0.00260200435931542,7.87481056052605e-07,9.20497603830337e-05,0.300428652709721,0.694952420976411,6
"19899",0.928418524773564,0.0273782008518321,0.000450368991943587,6.04213167968176e-06,0.000218280840687369,0.0435285824102935,1
"19908",0.982404565961172,0.00274322140190757,0.000893724117543718,0.000253185312810956,0.0134759308813882,0.0002293723251777,1
"19910",0.00191035807733308,0.341008593048185,4.81415915342958e-05,0.000367546620767827,0.000352963105305229,0.656312397556875,6
"19912",0.00452829198049243,9.16898859339492e-06,3.09326542516289e-07,0.000845688513699865,0.612741489864666,0.381875051326006,5
"19914",0.407987713674552,0.100706841020652,0.00243242642182886,0.00112261034596205,8.32440781494349e-05,0.487667164458855,6
"19916",0.000755446275124764,0.816864172167074,5.14856026724822e-05,0.000329714084852875,0.181703030261634,0.000296151608641488,2
"19918",4.67088104853037e-05,0.00027010439977207,1.38619186489066e-07,0.0911285377403981,0.0029212365193462,0.905633273910812,6
"19920",8.36297141235698e-05,1.39137776587974e-05,7.84156230986403e-08,0.886741509581191,4.92959888921414e-05,0.113111572522512,4
"19922",0.000102522469207716,0.0111964256463242,0.750748675388917,1.52526070782957e-05,8.77226622563968e-06,0.237928351622247,3
"19924",0.00526910982729472,0.00597328378103401,6.03233735595293e-06,0.0309731900181713,0.000220014269994006,0.95755836976615,6
"19926",0.73568524949138,0.158698277847717,0.00576384270556077,6.24692242584826e-07,0.00644373972508638,0.0934082655380137,1
"19928",1.54140083643471e-07,4.3437683014034e-08,5.2957553447907e-09,1.31312154373132e-06,0.999997361963981,1.12204095287744e-06,5
"19930",0.000113540174975249,0.000472237324549448,5.67365600562656e-06,0.000144992645312491,6.75188658528261e-05,0.999196037333304,6
"19932",9.49973247866148e-05,1.83854668150322e-05,3.23542399607796e-06,0.00157842906161347,2.41390408172594e-05,0.998280813681972,6
"19934",0.0384060861829443,0.930150890514482,0.00178005289020279,0.000134492950892281,9.9340824049673e-07,0.029527484053238,2
"19936",0.043341817744344,0.00602624754199465,0.000286425947465501,0.000192784174709653,2.85289920792859e-05,0.950124195599407,6
"19938",0.160626784782344,0.837316935663804,0.00175972721135939,5.12691436171577e-05,8.98862221113073e-06,0.000236294576664345,2
"19940",0.000410308960853592,0.0771930022621372,6.48170219111914e-06,0.000535685293302986,0.0266760209710156,0.8951785008105,6
"19942",1.39451859948775e-05,7.51340309932023e-07,2.35292517452623e-09,4.23473545942619e-07,0.999974037731997,1.0839915227186e-05,5
"19944",0.0162167150227737,0.757317894406809,5.15074839461004e-05,3.94453005479428e-05,0.00118631883732935,0.225188118948594,2
"19946",0.00696780768660137,0.0839842744941803,4.56713825442228e-05,0.021542052521932,0.000161719467031527,0.88729847444771,6
"19948",1.87136428556749e-07,8.27238074340874e-07,7.39266738906003e-10,1.47471169871867e-06,0.999956612466134,4.08977083972692e-05,5
"19950",8.44786965964069e-07,3.40571080461157e-07,8.68042733238913e-08,0.998401838822724,9.08794795659117e-07,0.00159598022016095,4
"19952",1.87136428556749e-07,8.27238074340874e-07,7.39266738906003e-10,1.47471169871867e-06,0.999956612466134,4.08977083972692e-05,5
"19954",6.30286520777216e-05,8.57262880250465e-05,1.54861170348767e-06,0.00068759982941055,7.43835774494485e-05,0.999087713041334,6
"19956",0.0960013674607172,4.54901456599544e-06,4.8076281398871e-05,0.719211780026283,0.0122057185203413,0.172528508696694,4
"19958",8.3832527451813e-07,7.62187951172551e-05,0.997871100451554,0.000377737645419627,1.0374989701244e-06,0.00167306728366424,3
"19962",0.0188088565266181,0.155637654423062,0.00201833955453876,0.213493360971373,0.000378946806072293,0.609662841718336,6
"19964",0.000165669581571633,0.0441682643693576,1.73900985952239e-05,0.0126710677362346,0.0253636521649847,0.917613956049256,6
"19966",0.039253710204719,0.957083096834223,4.48131708365755e-05,3.65428017541838e-08,0.00353150621460949,8.68370328100412e-05,2
"19969",0.00456315765080852,0.000333682442588305,1.34905445027526e-06,0.000119288828189876,0.0105462713003353,0.984436250723628,6
"19972",8.73139085087733e-05,0.000499552890337251,1.29991620165168e-06,0.059917693499124,0.152019607494669,0.787474532291159,6
"19974",2.98227597307995e-06,5.71376027323951e-07,1.03945752027108e-08,0.867948142966602,0.0487814276715975,0.0832668653152246,4
"19976",0.00284182222894311,0.0107784639091773,8.93458979838068e-06,0.0457838506393593,0.000312535959031246,0.940274392673691,6
"19978",0.00110652555323678,0.77086232614863,4.81646322085817e-06,0.000468904909510264,0.00101366109676307,0.226543765828639,2
"19980",3.47561914053579e-05,6.39935189669252e-06,7.67790004811138e-07,0.210112232079653,7.24951588862511e-05,0.789773349428154,6
"19982",0.00105948267285484,9.85522133135035e-05,1.37159284109854e-05,0.861811613325608,1.92542381261765e-05,0.136997381621686,4
"19984",2.14170041971804e-06,7.58084342803653e-06,5.38204337405764e-08,0.999646331032154,4.9222199400962e-06,0.000338970383624556,4
"19986",0.00883390263323291,0.990945396228849,0.000218453530362677,3.71661254574927e-09,3.9689724046768e-07,1.84699370221868e-06,2
"19988",0.00135330848577218,0.998273019790945,0.000373520170931466,2.07313365397062e-09,1.4667775734496e-08,1.34811441786311e-07,2
"19992",0.0293488509743122,0.97028456339288,0.000363359207140351,2.2122102430262e-07,1.27600423879694e-08,2.99244460096364e-06,2
"19994",0.000440391946775595,0.000579856986547197,1.96960978000241e-05,3.46820819292329e-05,4.63918451236252e-05,0.998878981041824,6
"19996",0.000765067607965431,0.999190919382833,3.86056143455687e-05,1.0475928364821e-07,8.90351119164455e-09,5.29373206126517e-06,2
"19998",0.476742609553063,0.0183367870235255,4.84092142025853e-05,0.00723701743274206,0.365223526860567,0.1324116499159,1
"20000",0.202551086511613,3.98073204875477e-05,0.00928790578479834,0.000583020819428236,0.00457716666364127,0.782961012900032,6
"20003",0.00696041489045754,0.00436063763906142,0.000122610258146687,2.33857816575152e-06,0.0007164028922623,0.987837595741906,6
"20005",2.65391658164326e-05,4.30719178609839e-06,1.06561947392382e-07,0.0380571678975785,0.00296975739555378,0.958942121787318,6
"20007",0.389350900976353,0.385256093940979,0.0013407445396564,0.000906085260723476,2.34558984242027e-05,0.223122719383864,1
"20009",0.00118289675392979,0.997546101225685,0.00048476491528153,0.000234358136889306,0.000225061700532247,0.000326817267682546,2
"20011",0.0008261841527252,0.00345526250002153,4.30719046872977e-06,0.00947545278429696,0.0310636492769305,0.955175144095557,6
"20013",0.0121320838388703,0.000301963900593957,7.4155389042679e-06,0.107402108889922,2.07429762253724e-05,0.880135684855484,6
"20016",0.00699064793632796,0.989130190184229,0.00386112182393638,7.68185726194022e-06,7.30633959889726e-07,9.62756428453464e-06,2
"20018",2.47738318127636e-05,0.00546587965921392,0.994509332060122,9.59521935953268e-10,7.41751203062423e-09,6.07181724032733e-09,3
"20021",0.000702947027458561,0.991250730617761,0.000286622813954385,9.19035766828489e-08,7.34014192030696e-06,0.00775226749532908,2
"20023",0.0711763824811472,0.871948334228523,0.000997277266095024,0.00010674287986133,2.27794046252733e-05,0.0557484837397483,2
"20025",0.000994582607087698,0.519071850840192,0.47991779057537,6.84585726129007e-08,8.03524143940873e-07,1.49039946338643e-05,2
"20027",0.0110543566171811,8.66068228117615e-05,1.51251197202513e-06,2.71956050203997e-05,0.347642781835314,0.641187546607701,6
"20029",0.000569608630936041,2.266252061877e-05,5.95062290286984e-08,0.0148846243914257,0.0138764495467813,0.970646595404009,6
"20032",0.000423647153622303,8.87510974042109e-05,4.38632447710284e-06,1.96327264679281e-05,0.00704829817892772,0.992415284519101,6
"20034",5.59145938132153e-07,4.26167210880626e-06,5.84723796972695e-09,3.26033100602673e-07,0.999822239080563,0.000172608221051351,5
"20036",0.952429520219257,0.0011370486845125,3.76817530263211e-05,0.0178847387094961,0.000215387378099121,0.0282956232556088,1
"20038",0.232151492273802,0.763241568293393,0.0044117686264948,3.04289365186561e-09,2.79709784540771e-07,0.000194888053632171,2
"20040",8.17131686890589e-05,0.989111908222409,0.0107215358274078,2.76032846392874e-06,7.9296275594996e-05,2.78617743510009e-06,2
"20043",0.0113998765836375,0.986079458094651,0.000580580058061171,5.79292552741379e-07,1.15601310878356e-07,0.00193939036978673,2
"20045",0.000178972191012683,0.994215885056397,0.0056048577714923,8.64684251841766e-08,1.61331395230278e-09,1.96899358910335e-07,2
"20048",1.79638504439884e-07,1.34204702683769e-07,5.0078828671004e-08,0.999963248909852,4.5723262143151e-07,3.59299354902532e-05,4
"20051",0.0964883279690493,0.248776668656365,0.0142438557463593,0.0129248630809571,1.30192370580373e-06,0.627564982623564,6
"20053",0.00263409964854265,0.988890367506212,4.96239790107868e-05,0.000166782845056269,6.92323478375332e-05,0.0081898936733409,2
"20055",0.862399851227267,0.108192189058703,0.0224537934465512,1.76938180453337e-08,1.36887428007679e-05,0.00694045983086038,1
"20057",2.34128611355502e-06,3.54209532177203e-07,0.999153121055674,0.000742463917956613,2.97486795799101e-05,7.19708511438939e-05,3
"20059",0.00188134583794637,0.988872259823286,0.00203519944999459,1.8078490795877e-05,0.000288332010820369,0.00690478438715708,2
"20061",0.0116328691890086,0.90516087467454,0.000250630824225048,0.000128986796261791,0.000337206087711449,0.0824894324282533,2
"20063",0.000495050483685808,0.00756768915495433,0.000213128479777939,0.99117276044305,0.000536354294437778,1.50171440936119e-05,4
"20065",0.000916578923094522,0.085910835235465,0.913170313678692,6.9187349806638e-11,2.85347931975473e-09,2.2692400816319e-06,3
"20067",0.0024558174319552,0.987640835019644,0.00949843803615655,0.000223009722783874,6.6562209501023e-09,0.0001818931332396,2
"20069",5.78603830747331e-05,9.43098522168646e-06,1.36070606071072e-06,0.481852135024656,2.52358372706302e-05,0.518053977063717,6
"20071",0.993511836444892,0.00221702417936839,2.56896885769626e-05,2.44272675077615e-05,0.00145257216132439,0.00276845025833042,1
"20073",5.24553776641638e-06,0.000699473673478403,6.29732220878899e-07,0.876469835768613,0.000594820078848836,0.122229995209073,4
"20075",0.000785288468426723,2.53273827805532e-06,0.999109929727022,7.11498655542999e-07,4.88098309007511e-08,0.000101488757787017,3
"20077",0.631435921502166,0.364420713165735,1.9213370766719e-05,0.000276297888367774,4.72338438601121e-06,0.00384313068857876,1
"20079",0.0131140518742085,0.103146335909344,0.000821717255491753,0.835847354569235,2.83163717231148e-05,0.0470422240199973,4
"20081",0.0604836123286151,0.782896768004861,0.151191805043822,6.93008025328048e-06,3.85962187474786e-08,0.00542084594622965,2
"20083",0.160540561355054,0.00109579295078378,0.000205901102197613,0.83214368633269,0.00154531951818526,0.0044687387410897,4
"20085",0.00248583983678079,0.9953443296026,0.00216954564445596,5.63176551934678e-10,5.49991265966604e-09,2.78853074347723e-07,2
"20088",0.00508093181594603,0.994001251477886,0.000701195122399887,1.09679354288135e-07,3.34202291530273e-08,0.000216478484184173,2
"20091",0.00022375207150997,0.000897849704713852,0.998834856943259,1.62507953462132e-06,1.32482969381227e-09,4.19148761530696e-05,3
"20095",0.001093396747644,0.062107031873787,0.00017633710092035,0.878899189058267,0.0447464182211664,0.0129776269982152,4
"20097",0.00917697684422035,0.981071369840093,0.00975107300259371,9.12992469372837e-10,2.91767819154382e-09,5.76482422276351e-07,2
"20099",0.00015120995210483,0.918693759746239,1.37025522533594e-06,0.00249183811533532,0.0773312022179187,0.00133061971317642,2
"20102",0.000187245908387944,0.000736241444287797,0.0488496119328714,0.948741145811107,3.70550795927759e-07,0.00148538435255029,4
"20105",0.00119238567059919,0.994721345122651,0.000211837555926621,0.000422798815093282,2.75481935623171e-07,0.00345135735379414,2
"20107",0.0717018154504811,0.927989999595054,6.32837315795022e-05,4.32970553816062e-07,9.1415683520523e-07,0.000243554095496897,2
"20109",2.27186199963939e-05,0.80204610750022,1.09337635497836e-05,0.17636890366737,0.000755378816082343,0.0207959576327816,2
"20111",6.73997826804792e-05,6.3997849247951e-05,0.544199947651342,0.00934496963400164,5.03784939077389e-05,0.44627330658882,3
"20113",0.783220463439534,0.210426940154044,2.657425145117e-05,3.5085767006928e-07,0.00393876721592193,0.00238690408137909,1
"20115",1.96279478104752e-05,6.03793439199334e-05,0.000170269893483442,0.000338973766152987,0.00547460400373975,0.993936145044893,6
"20117",0.0222829915413732,0.0976963024448094,0.591603869345201,4.21795204893256e-06,0.287644019357504,0.000768599359063114,3
"20119",0.0544898991293227,0.92954083808089,1.92378764266694e-05,1.89285693738189e-08,0.0158493948269773,0.000100611157814384,2
"20121",0.0529804818133872,0.946786434247963,0.000205238479031605,1.48442356455391e-08,4.50490097048773e-07,2.73801252853136e-05,2
"20123",0.000882199508398991,0.000483869291338395,0.998626688527818,5.78432342677868e-09,2.79060282686005e-09,7.23409751827464e-06,3
"20125",0.000926914963173971,7.37734901282279e-05,7.80475182424706e-06,0.0894825289167308,1.4086859684223e-05,0.909494891018458,6
"20127",0.000143775823089366,0.999684697451088,0.000166813280161708,1.15126000570036e-06,3.17104025630807e-08,3.53047525236121e-06,2
"20140",0.986777839200306,0.00500053006108748,0.00622576153636861,4.09345833886302e-08,2.90716761027936e-05,0.00196675659155129,1
"20142",7.27876389683114e-06,5.49920464864577e-07,1.97822236525093e-07,0.995320200740306,1.70881896349242e-06,0.00467006393413196,4
"20144",0.0167154592275375,4.06819125744421e-05,0.00358651657383718,0.00792945962515496,7.57321255979891e-05,0.971652150535298,6
"20146",0.321218016561631,0.00174226406958518,0.000820117537836694,0.370648089882243,4.56288401996559e-05,0.305525883108504,4
"20148",0.0297302807932587,0.00398684262370779,4.3449167994118e-05,0.000208906145262727,2.06224518155154e-05,0.966009898817961,6
"20150",9.95532352553644e-06,1.52043552138759e-06,6.71769411716399e-08,0.461346245806372,0.00434703153264145,0.534295179724998,6
"20152",0.0310573874546095,0.0209635078715571,7.66209293312207e-05,0.000148021619744918,9.68892255115938e-05,0.947657572899246,6
"20154",0.000424552930731793,0.017144136866492,0.982421933264359,4.48995380416378e-06,2.06668262477708e-10,4.88677794485221e-06,3
"20156",0.634723170779915,0.262884945015678,0.00446875047757558,0.0450200490531898,0.000100720671235107,0.0528023640024059,1
"20159",0.000144596912031922,8.74788157304725e-06,2.4500720664663e-06,0.591308003302612,1.49135888064254e-05,0.40852128824291,4
"20161",0.00168146942905042,0.000189519587112108,1.36436457796122e-05,0.99277815755164,8.87370907928977e-05,0.00524847269562512,4
"20163",0.00150575511743513,0.0356259106096252,0.000935095388055041,4.79403830713525e-06,0.00102609289329507,0.960902351953282,6
"20165",1.01735629374675e-05,0.00696670972679111,1.04540646183086e-05,0.992352143087516,1.04043314309648e-06,0.000659479124994172,4
"20167",0.000482622434010758,0.00226433847970371,2.81846809245623e-06,0.0069265908807441,1.44412440787821e-05,0.99030918849337,6
"20169",6.19391150635772e-07,1.49477056907454e-07,5.76586021890385e-08,0.999832654575425,5.44628103243374e-07,0.000165974269662099,4
"20171",0.000350471959252148,0.00409097641882966,0.995552376115006,5.90162907105988e-06,1.09612464539173e-10,2.73768228666738e-07,3
"20173",5.55505929610801e-05,0.075801605557022,9.17893259227189e-06,0.234085644480634,0.68906168478652,0.000986335650270572,5
"20175",0.00185832416645673,0.000747324603145733,6.57791661863541e-06,0.00694749063651538,0.000302870225655549,0.990137412451608,6
"20177",0.00112850381208541,0.61023083993317,4.1661158298079e-06,0.000138252517061171,0.386042932670958,0.00245530495089624,2
"20180",0.00528818627038754,0.992934243780151,0.00175611162930788,6.8935581244218e-11,3.55675015723701e-06,1.7901501060778e-05,2
"20182",8.53468001865873e-08,1.7191296236785e-08,1.16940149064434e-05,0.996793456286848,0.00301587561806637,0.000178871542082811,4
"20184",0.000207663991589846,5.03827232256565e-05,6.80267722631565e-07,0.962420606157236,8.25775105737764e-06,0.0373124091091688,4
"20187",0.00583770661419941,0.00312173866408705,1.85050545499566e-07,0.00136491654954518,0.988137512966271,0.00153794015535157,5
"20189",0.000574605317498743,0.951264722563151,3.59843200144704e-06,5.99516426860476e-06,0.0101382776678572,0.0380128008552233,2
"20192",0.000211195788005695,0.835332792993064,0.148791242104158,2.28713442549037e-06,0.0129712405181721,0.00269124146217451,2
"20194",0.11106361988349,3.51853966651705e-05,5.76184082019461e-07,0.714553863235791,0.130909914858766,0.0434368404412065,4
"20196",0.00395584250374938,0.775278291712792,0.220710522429675,1.72212036393793e-07,4.97243426742788e-08,5.51214174046573e-05,2
"20198",0.174924072973101,0.227771731101427,0.00359980839307047,0.000776820575393828,0.000471130372312663,0.592456436584695,6
"20204",1.94013067939866e-05,1.36321410618691e-05,4.74945996516392e-06,0.440744080136727,2.95496396726532e-05,0.55918858731578,6
"20207",0.0330968980351145,0.874938831386079,0.0917735658075427,4.48575131382057e-05,5.46143644839236e-09,0.000145841796688816,2
"20209",0.0246233975296872,0.000326526177772045,0.0493964333149357,4.91894362863256e-06,0.073892944190085,0.851755779843891,6
"20211",0.00190050209986424,0.000382355889189976,0.997696591014061,5.96398982738337e-08,7.17771172703509e-11,2.04912852093479e-05,3
"20215",0.866770627847498,0.131210254339018,9.47201349292927e-05,1.0137038337447e-05,1.45774864042617e-06,0.00191280289157753,1
"20218",3.87842680344673e-06,1.18000552460161e-06,2.58191371238602e-07,0.981228904150395,2.48314464004597e-06,0.0187632960812659,4
"20222",0.054414884437457,0.87142025529012,0.0675894390548225,0.000109324971623321,5.49371083588966e-08,0.00646604130886912,2
"20225",0.0387796577621836,7.69038577932191e-05,0.000230906829947203,0.0308476517841189,0.000428621458041702,0.929636258307915,6
"20229",0.996778961026773,0.000100991345296883,0.000350089679264405,1.02390826912822e-05,1.26378638925974e-05,0.00274708100208204,1
"20232",0.708755580045573,0.256796616750594,0.00536660486634183,9.54090033017709e-06,1.70241618818541e-05,0.0290546332752793,1
"20234",5.21045763047317e-05,0.874668757207071,0.125278276924621,6.43231285931297e-10,6.94152784470525e-07,1.6649598750547e-07,2
"20238",0.0105282049524686,0.988431646270744,0.000815543600942367,7.87319433298153e-06,5.47792039081975e-07,0.00021618418947254,2
"20253",0.695652132473025,0.304182960503673,0.000131444599195624,7.69965064675917e-07,4.97726173068036e-07,3.21947328688351e-05,1
"20255",0.00209229174033278,0.00011422641896932,0.000178567804854496,0.000206631378218816,3.55463343903706e-06,0.997404728024185,6
"20258",5.48418995818871e-05,0.999859153969153,2.96474865120346e-05,2.22502722411863e-08,5.65273753268655e-07,5.57691207278791e-05,2
"20269",3.07869183061005e-05,0.952127210851138,5.46651831935039e-05,0.0240790881034904,2.56555719902803e-05,0.0236825933718817,2
"20271",0.000148260078658443,0.994553109645293,7.12968346710757e-06,8.35145071294497e-08,0.00514998182303473,0.000141435255039743,2
"20285",0.0115618715577609,0.00253218076220826,3.68677494437699e-06,0.00101044357880752,0.959068879347908,0.0258229379783712,5
"20288",0.780269355790235,0.214966663315954,0.000323473114225659,3.45630762683615e-05,2.30384483748411e-06,0.00440364085847938,1
"20291",0.00501690345820434,0.707734842055107,0.28713520572554,1.98201387491184e-06,2.60096132892631e-07,0.000110806651140979,2
"20295",2.15020131679551e-05,0.845980589359047,0.000102403749118965,0.00829926087551441,0.0924293714996792,0.0531668725034724,2
"20298",0.000283792171699159,1.04762130842994e-05,1.09475159545373e-06,0.00280920111311278,8.0391497386913e-05,0.996815044253121,6
"20302",5.70147762341728e-05,0.000720473135258719,3.09076603819462e-06,0.601521045409385,0.00261244889217773,0.395085927020906,4
"20305",7.22896899720883e-05,8.924310184278e-06,4.52998209149789e-07,0.000405801038170333,0.00194149073661644,0.997571041226848,6
"20307",0.0012472336153302,0.998490403179752,0.000254466952392219,1.98949358050991e-08,8.10189404446602e-09,7.86825569586985e-06,2
"20310",0.000213654552807085,0.998513326495154,0.00127270462782052,1.43218936387938e-08,1.41063793659237e-07,1.58938531223781e-07,2
"20313",1.44367958569251e-07,4.89361320779036e-08,5.13236304143157e-09,0.999382718097298,1.72810324035626e-05,0.00059980243384461,4
"20315",0.0114392534916709,0.988197948861458,5.24459137016861e-05,2.98156610233257e-07,9.06741686125133e-06,0.000300986159697833,2
"20319",0.0313341053334317,0.28125927731977,0.687327502622935,1.10317689498143e-07,8.86596235027292e-08,7.89157465509629e-05,3
"20321",0.00805407272008501,0.99187563364874,3.09660579969198e-05,5.90296503116649e-06,5.86079271162598e-07,3.28385288754327e-05,2
"20327",2.55687738986236e-05,0.999946207641722,3.56306510106291e-06,6.37672404903504e-08,9.67013248450412e-06,1.49266195534624e-05,2
"20329",4.46729970020451e-06,3.99659393598378e-07,2.76061486162578e-10,5.52047974258208e-05,0.999839827058174,0.00010010090924496,5
"20335",0.000755366576182331,0.878958462392408,0.120277226578906,8.99188040902211e-07,5.26945873767409e-10,8.04473751663219e-06,2
"20337",7.02714429874466e-05,1.52876032905851e-05,2.98359560412975e-06,0.201373073375692,1.62612581766798e-05,0.798522122724249,6
"20339",0.386886639055903,0.00242974019319776,0.606609698334887,2.04920755190208e-06,0.000247150228776641,0.00382472297968293,3
"20341",0.00304088753743273,0.0149807262843803,0.981525209749621,0.000435069671540312,5.74794191881127e-09,1.81010090838179e-05,3
"20343",0.000937787027602634,0.992297708778144,0.00668950010047772,6.83213448899116e-05,5.08883465898644e-08,6.63186053921445e-06,2
"20345",0.00897852319467152,0.00273343636659367,1.9620226824904e-05,4.9980226147812e-06,0.025496147794878,0.962767274394417,6
"20350",0.983740789432752,0.00733124565120458,0.00504083091475559,0.00120994692707511,0.000211182120698341,0.00246600495351449,1
"20352",2.67483104541895e-07,8.92844757106047e-07,8.14457603734649e-08,0.999599158812762,4.71110435817449e-07,0.000399128303180188,4
"20355",0.00054139768228769,0.00177107867051454,8.45340453656147e-05,0.976521639933776,0.000102668562610209,0.0209786811054463,4
"20358",2.90174675329682e-05,5.70079594980787e-06,1.08000029946612e-08,0.00986316225350568,0.970662577661965,0.0194395310210435,5
"20363",0.00820811871741687,0.991599834597657,3.18625511225114e-05,4.35683953000953e-06,1.77228597154185e-07,0.000155650065676157,2
"20365",0.1089831785998,0.28467848657929,0.583028835369698,1.3000760266703e-06,2.79491267497901e-07,0.0233079198839177,3
"20379",0.000241376746255532,0.000161619769892236,0.000296205811857567,0.000680534426686417,0.000281916515056617,0.998338346730252,6
"20387",0.000237454883646359,0.998489738345679,0.00100126600559699,1.07106030382977e-07,3.56035757341692e-08,0.00027139805547156,2
"20392",0.000230701122392103,0.000991623485106807,0.998771495946925,3.20182787856196e-09,7.35286152905981e-11,6.17617022008765e-06,3
"20395",0.265196394974269,0.00704253201758821,8.45697631004776e-05,0.000876136913765129,3.42928225355147e-05,0.726766073508742,6
"20397",1.43587093307541e-07,4.38175804415833e-08,1.18835028662109e-09,0.00362513802206332,0.99634231303402,3.23603508928224e-05,5
"20410",0.00136175728249695,0.993119649151968,0.000351279622936577,1.16039233153725e-08,0.000165844793289374,0.00500145754538607,2
"20414",2.07226820639824e-05,0.000585994698292613,3.14175510661471e-06,0.195895765490713,8.93926681044509e-05,0.80340498270572,6
"20417",0.000418233630769639,0.0589959485084114,0.940570328230888,5.02336896057924e-09,1.54473945886478e-05,3.7211973559564e-08,3
"20419",0.000173113483594449,0.999812459153503,5.18508301438053e-07,4.63209100740005e-07,5.74043322703531e-06,7.70521227305919e-06,2
"20421",0.000639609641187852,0.00202535682042056,0.0107577900161708,0.684818993198874,6.88799993271116e-06,0.301751362323415,4
"20423",0.000121792889887231,0.000100475270322706,4.5534977948599e-05,0.303205994700639,8.26781181546507e-06,0.696517934349387,6
"20425",0.0228527233209975,0.000174443226167816,0.000126141066365288,0.672427269170836,2.60451141210207e-06,0.304416818704221,4
"20427",0.00536565575698152,0.0325508453595573,1.4175933030089e-05,0.000192492680636431,5.85736315320396e-05,0.961818256638262,6
"20429",0.0248001448466132,0.972804587976172,0.0020764774090192,0.00019301765923533,6.46037429615943e-05,6.11683659981101e-05,2
"20432",1.05852236850852e-05,2.55404224433625e-05,1.38451584039276e-07,0.782848746949426,0.000626115168088078,0.216488873784773,4
"20435",0.126443601667264,0.72836487661418,0.0171753932995676,6.76736187240515e-06,0.00014911102124904,0.127860250035867,2
"20438",0.0631462706316278,0.936341631696358,5.56530223714447e-06,0.000319347436863484,3.28778260232645e-05,0.000154307106890486,2
"20440",2.1545200458818e-05,0.999904259063142,1.09652806328404e-05,5.75580825181371e-06,4.88765971690726e-06,5.25869877974812e-05,2
"20443",0.000758115299113225,5.00446592678261e-05,5.62711340398219e-06,0.998487989179314,2.65368536302464e-06,0.000695570063537702,4
"20446",0.00838226819827256,0.562707350706678,0.00117902344825252,0.00323856677362817,0.00184968044910483,0.422643110424064,2
"20449",0.809195427690546,0.155633102297444,0.00230888172275309,5.71957535595919e-06,3.39410144890925e-05,0.0328229276994116,1
"20537",0.000646324092827856,0.677493670525749,0.317247835155702,0.000105869747836536,7.90502331241201e-07,0.00450550997555301,2
"20540",9.92173054100609e-06,0.00375551001527169,0.996232150122836,1.41282349101303e-09,1.43815195591915e-09,2.41528037592058e-06,3
"20543",0.00200318440482744,0.171808675190108,0.000447856205057567,0.00257295191824109,3.85982384745712e-05,0.823128734043292,6
"20545",5.28404259883441e-05,0.000384487513659134,0.999549396365662,1.43746236441172e-07,3.1408489980445e-11,1.31319170456739e-05,3
"20549",0.00196933674224851,0.0303725292994121,0.002404400462563,0.0106050371890789,1.25967928821293e-06,0.954647436627409,6
"20551",0.0784009726045601,0.904149026834864,0.00098247452843316,0.000108194623695315,1.80558610317083e-07,0.0163591508498371,2
"20554",4.57227535086411e-05,0.997635689706466,5.41536816937298e-05,3.60193962177415e-06,2.68810243351248e-06,0.00225814381627618,2
"20556",0.933710104686538,0.00958478276913896,0.00739262620545558,0.000163187021469029,2.4677081165868e-07,0.0491490525465868,1
"20558",0.000386699464948825,0.999504258224099,8.39932919469786e-05,1.09091354595554e-07,1.41856832044058e-08,2.49257419674926e-05,2
"20560",0.0104329952641623,0.973212861908801,3.73482416194924e-05,0.00348760674563986,7.94841080483769e-07,0.0128283929986975,2
"20563",3.26549447441707e-05,0.999845519375384,0.000119004020895657,2.82363693269416e-07,4.17878881526521e-08,2.49750739502079e-06,2
"20565",0.199689278246559,0.68829193121829,0.000560357392704438,0.0265955009148093,4.80920096888014e-06,0.0848581230266686,2
"20567",0.000268359359943979,2.76296827646322e-05,4.38995309538361e-07,0.906029006164587,0.000206701237839341,0.093467864559556,4
"20571",0.98771512295616,0.0120312330210202,0.000235457573126249,9.44739455029097e-07,9.29138976317609e-06,7.95032047500514e-06,1
"20573",0.152482931558273,0.815764738335626,0.00256207409217298,0.000552203490803705,1.49809456606678e-06,0.0286365544285588,2
"20575",0.000275320136324554,0.999667025148043,5.10855928301658e-05,6.24209881447621e-08,5.88211701994008e-07,5.91849011213575e-06,2
"20577",0.696417881838157,0.0257357938656425,0.000390327358641733,3.471371503208e-05,0.000217254238490646,0.277204028984036,1
"20579",3.52415555741568e-06,6.89618789642079e-07,3.6090387713778e-09,0.855814094460643,0.143124640918639,0.00105704723733233,4
"20582",0.000447674721640549,0.999491896523821,5.76311723415858e-05,1.60257621593074e-08,3.34059931473746e-08,2.74815044139241e-06,2
"20585",0.0283133271162569,0.0502259070605503,0.912610597315357,7.95252773937147e-07,1.69334595859311e-08,0.00884935632160213,3
"20588",0.0673881779874739,0.00394032328959784,0.922554849428487,0.00015350679486216,1.02328926045285e-06,0.00596211921031876,3
"20590",1.34548594887759e-06,1.69924672385468e-07,1.98064855211193e-09,0.993603143839623,0.00204228128564516,0.0043530574834617,4
"20592",0.000752354205351267,0.999211608039636,3.40904906321497e-05,6.27457167684486e-07,1.23078241298609e-08,1.30749938840155e-06,2
"20594",0.000190257148370211,0.999617341194912,0.000186895552940003,2.11959258409392e-09,2.59873950446487e-07,5.2441102342231e-06,2
"20596",0.00111226598841703,0.992714078351467,1.66976762472786e-06,0.000229531047020225,0.00100416673841965,0.00493828810705139,2
"20598",0.00279386684201038,0.990726997967287,5.26770331457705e-05,3.05975221231326e-06,2.04118852479929e-06,0.0064213572168192,2
"20600",0.680249276434395,0.0173357483715445,0.232820220261808,0.000641394519558763,1.98724216283508e-07,0.0689531616884768,1
"20603",0.00707932643135735,0.000212231818923441,0.00110247605753817,0.00255297437369698,2.05564158048343e-05,0.989032434902679,6
"20605",0.0309135056461243,0.968725913996722,0.000213422025172865,1.09056457528474e-08,3.96287566531221e-06,0.000143184550669505,2
"20607",0.0411652728767163,0.958240195088888,4.19513580903178e-06,2.82243938044445e-07,2.36713770394038e-05,0.000566383277609387,2
"20609",0.000169355870446978,0.988556832150519,5.97269495866543e-05,1.12135331202489e-05,7.40595547395792e-06,0.011195465540853,2
"20611",0.000454116359415654,1.21545281755498e-05,5.3787857286369e-07,0.000144722862481838,0.0122117463524882,0.987176722018866,6
"20613",0.00147174126426648,0.407735724276515,0.00247325188042099,5.08070561329271e-06,7.55808066631775e-05,0.588238621066521,6
"20615",0.774349253761965,0.043727202937798,0.0111141843163764,0.00083706688340686,2.6178515509059e-07,0.169972030315298,1
"20617",1.16295685522576e-06,3.43957394573969e-07,9.14080825801597e-08,0.997987476322984,9.48662241680405e-07,0.00200997669244207,4
"20619",0.0199215688952446,0.980055374183806,1.34034474158082e-05,2.57903869388356e-06,4.51879919381425e-07,6.62255492062638e-06,2
"20621",0.133459550379956,0.85757897414254,0.000170363406049022,2.4011633146103e-05,2.42417176493539e-05,0.00874285872065869,2
"20623",2.29120352411196e-05,0.00129095803647147,7.91925423973136e-08,0.989776429994575,0.000989918964785435,0.007919701776385,4
"20625",0.0461574398153977,0.000401503169115251,0.0131142077216036,0.0440702002681207,6.7425784464579e-06,0.896249906447316,6
"20627",0.0595891544974866,0.76620374016857,0.000278196389007802,2.41295882491407e-06,0.000368313190845602,0.173558182795265,2
"20629",0.60699648707989,0.313900375563532,0.000821738264333973,0.000427074296584552,3.10894555838269e-06,0.077851215850101,1
"20631",0.000992922215595523,0.998941711771065,5.68873109951042e-05,4.7352148839651e-06,3.08405841117765e-08,3.71264687588125e-06,2
"20633",8.90710820041292e-08,3.15225253114432e-08,2.40228796093131e-09,0.999578780461032,0.000102419182452198,0.000318677360620834,4
"20636",0.271591844714987,0.000254936566482879,1.275889436346e-06,0.0232183861759369,0.062944572013906,0.641988984639251,6
"20638",0.966880460762579,0.00369185961360823,0.00191408962654595,9.21919780452255e-06,5.61632529401705e-05,0.0274482075465215,1
"20640",0.0174045493703094,0.896423082095457,0.0844426306901746,7.05145204642866e-09,4.04072411781588e-07,0.00172932672019542,2
"20645",0.00255195964294356,0.994431250127881,0.0030161251492312,1.14936375087419e-09,2.00452851667998e-09,6.61926051390835e-07,2
"20647",2.52186584349363e-07,1.39190679607449e-07,5.65315103893496e-08,0.99996215122952,4.95340751430616e-07,3.69055209536923e-05,4
"20649",0.000866633744455412,0.975912163799778,0.00898601036475264,4.89011688409585e-06,5.93709581555663e-07,0.0142297082645485,2
"20651",0.002785269075619,0.995347853226352,0.00185249136496505,7.01240825814452e-06,5.43697769639355e-06,1.9369471098457e-06,2
"20656",0.000144527431236083,0.965389877266355,0.0337723794843633,1.32825909459424e-06,3.39760648790435e-07,0.000691547798302472,2
"20660",0.000136247753111754,0.0353430817220932,0.960873090328429,7.3080641492278e-07,0.000303526032883323,0.00334332335706782,3
"20662",0.000943052923870138,0.000166843696034736,6.28321386141489e-07,0.833986003506346,0.112488957872325,0.0524145136800379,4
"20664",0.00448202761298636,0.892562431218906,1.10939637927892e-05,0.0906034909803623,0.00557714722271314,0.00676380900124,2
"20666",0.000197033820278299,0.000221271745540009,0.0396923898523648,3.00445232574642e-05,5.3470988652428e-05,0.959805789069907,6
"20668",3.32109045911365e-05,3.32538109283409e-05,1.84475812959354e-07,0.352222588160293,0.000165516263534448,0.64754524638484,6
"20670",0.0028428915103525,0.996320791237176,0.000175318237137961,2.09568101639103e-06,0.00030139174245234,0.000357511591864215,2
"20672",2.30534666431566e-05,1.93825110568951e-05,9.17862540096685e-06,0.346150328844629,1.17824679883295e-05,0.653786274084282,6
"20674",0.397819141917628,0.562321587479881,4.14819780012734e-05,9.7003820554609e-05,7.06649869754907e-05,0.0396501198169597,2
"20676",5.70615326117973e-06,1.94068419034754e-07,3.74659583649667e-08,0.00128938399846153,0.963979322812847,0.0347253555010528,5
"20678",3.51121800912512e-06,2.28657654575975e-07,4.39128358296959e-09,0.0150505620721205,0.964198720268929,0.0207469733920036,5
"20680",0.000149953116298282,0.000720538069454941,1.06439640524819e-05,0.221584617134091,9.62119745383333e-06,0.77752462651865,6
"20682",0.00149267482114345,0.00170269607447832,2.07917658647186e-06,0.000415807833461339,0.149197727005737,0.847189015088594,6
"20684",0.220167546493509,0.671764920680831,0.0022099838721178,1.02012257856984e-05,0.0567020543823491,0.0491452933454079,2
"20686",4.09971947084792e-06,1.87751109338284e-06,2.9091627567495e-07,0.979992869887802,2.26514107838185e-06,0.0199985968242801,4
"20688",3.50998190164388e-07,8.03389025084015e-08,1.02704757841421e-09,0.0207781840546672,0.978433122364752,0.00078826121644088,5
"20690",0.0564295633502249,0.0223488787896016,0.920497131201755,4.50991884199979e-08,7.79755843397834e-07,0.000723601803386956,3
"20692",2.34328322463863e-07,7.54153330385553e-08,2.49919328027334e-09,0.96579111215106,0.0331874903140316,0.00102108529205944,4
"20694",0.000101152585934676,6.01426547884718e-06,3.87174824334737e-07,0.00937854785539984,0.00027109629438883,0.990242801823973,6
"20696",0.00926372691071771,0.000255195301312484,6.67427412773523e-06,0.00459718525757106,0.000923205034516129,0.984954013221755,6
"20698",0.898231635071722,0.0912939892560706,0.000611797979472481,0.00205738843501038,1.48231426739655e-06,0.00780370694345707,1
"20700",0.00448055309297865,0.992419697257314,0.000156513230729339,0.00235425474818424,9.94283928132193e-05,0.000489553277980908,2
"20702",0.520256413111791,0.0292652326505797,0.450455513534167,1.48457192574136e-08,3.79228627698694e-08,2.27879348795837e-05,1
"20704",0.121680150520637,0.734194976158498,0.000180184433835574,2.59733849804419e-05,4.91129058527217e-05,0.143869602596197,2
"20706",0.745832314964715,0.0385541832359265,0.000549803173650604,0.00353310094611009,0.109149639845876,0.102380957833721,1
"20708",4.25271575929036e-06,1.94414765040932e-06,1.51446838812385e-08,0.000109406768743285,0.967587890170063,0.0322964910531007,5
"20710",0.296765561421953,0.364577614295026,0.307472918257159,9.35484122132478e-07,3.15462587571966e-07,0.0311826550791527,2
"20714",2.5990112806769e-05,7.55193886987363e-06,8.86235341640257e-09,0.991001032294564,4.76272307346038e-05,0.00891778956067157,4
