"","V1","V2","V3","V4","V5","V6","V7","best$classification"
"19812",0.000627628852125626,0.186066201394088,0.000543902786152038,0.765295058014746,0.0473759097741227,1.98249460931968e-06,8.93166841560801e-05,4
"19814",3.5966032538706e-05,0.0133379359624364,9.51209898572857e-06,0.983288512712525,0.000788699478683569,0.00253687503635623,2.4986784742936e-06,4
"19816",0.108078374731107,0.882515646708718,1.59578401461824e-06,0.00365989516290015,0.00569545769049313,8.77277797442927e-07,4.81526449698034e-05,2
"19818",0.000634409794424066,0.51499425637715,2.44926953653657e-05,0.475115322803198,0.00035074822402785,0.00885620124172546,2.45688641092459e-05,2
"19820",0.993421151517471,0.00654448149869256,5.32354523418408e-06,1.03508139444877e-08,2.90217353043406e-05,5.05212129065795e-10,1.08472716818367e-08,1
"19822",0.979456220795747,0.00498686044520063,0.00897147049622718,3.87701330606101e-07,0.00658378938168976,9.73820697390141e-07,2.97359107685124e-07,1
"19824",0.207426250899732,0.790745633777403,2.87521128701308e-05,0.000167439322613556,6.25150893982925e-06,0.00145421282499373,0.000171459553447436,2
"19826",0.00167098560183439,0.0982484157713672,5.36675416753497e-06,0.747276261791084,0.139094719781374,4.39223964736075e-05,0.013660327903699,4
"19828",0.459476682575094,0.540034173182805,0.000194479486719087,0.000147377659362451,0.000144791483917785,2.28248713914897e-06,2.13124962849189e-07,2
"19830",2.25623758254525e-06,0.00366957956666374,0.000332396273246539,0.896670980671499,0.0978651336165523,0.000124250581692223,0.00133540305276411,4
"19832",0.0206961358223454,0.114430932148958,0.696052052869684,0.13764738392412,0.0311665624145307,1.71115052720243e-06,5.22166983468101e-06,3
"19834",0.0869890480771319,0.212321272776064,0.00316329983100242,0.0122697592113198,0.685136170192015,0.000119741541978426,7.08370487855413e-07,5
"19836",0.00130263069124342,0.911468564048185,3.57144094055774e-05,0.0555603871273715,0.00243459482243911,4.43871684314579e-07,0.029197665029671,2
"19838",3.80184396922094e-07,0.000323252044417066,2.93670692536654e-05,0.998649412981448,0.00067149598704869,0.000322427667294713,3.66406614043048e-06,4
"19840",0.0421456307347469,0.199683274945574,3.5355280727368e-06,0.0211323487199422,0.736115513100205,4.56094121821287e-06,0.000915136030240781,5
"19842",8.09978569984969e-08,3.25172794521221e-05,6.66135422025076e-08,0.0585050623410785,0.000644721708284427,9.90049579415617e-06,0.940807650563992,7
"19844",1.23001304487771e-06,2.07207349324983e-06,1.72291381912789e-08,8.830699467738e-06,1.77829201753935e-07,0.99997254493177,1.51272238841676e-05,6
"19846",2.43471773516032e-08,0.000211967961429512,6.37285646755122e-08,0.924203696924798,8.065842558563e-06,0.0726138440892229,0.00296233710624874,4
"19848",4.64395676503556e-08,0.000241121821332931,2.43138960999703e-07,0.973148172788859,1.98611257421008e-05,0.0264380505816012,0.000152504103936443,4
"19850",2.75745856114223e-06,0.000899213985851815,1.64846987150268e-06,0.791739309325823,0.000128493969653901,0.207188879452983,3.96973372552546e-05,4
"19852",0.00502659206336718,0.967902022507919,2.61170321107815e-05,0.0254648803141363,0.00147768275697639,9.98891408200934e-05,2.81618467035714e-06,2
"19854",5.27912012386565e-08,0.000184001037073754,5.84219404950376e-07,0.99728653785679,5.59979731523761e-05,0.00243905430374422,3.37718186337648e-05,4
"19856",7.80218950137637e-05,0.000259121085728189,5.12707378597776e-06,0.0145193446523316,0.000493955589197489,0.984490743738143,0.000153685965800237,6
"19858",0.00277751141786918,0.00981381005403926,6.17304831066546e-05,0.000935602598944589,7.03455202141472e-05,0.986324340320458,1.66596053680529e-05,6
"19860",0.0163454013453868,0.585575196532768,3.98144229826503e-05,0.257839163667971,0.140140086902868,3.45763248679587e-05,2.57608031563094e-05,2
"19862",9.99013026840071e-09,9.31662683488235e-05,6.26831490123438e-08,0.987498694015197,2.04273392438823e-05,0.00271011241892943,0.00967752728500173,4
"19864",8.80430512656025e-07,2.42510139105293e-05,3.31541016893438e-08,1.81386172564134e-06,5.88078312113252e-07,1.21458790997282e-06,0.999971218873527,7
"19866",0.137194281701484,0.773433421308505,5.25201557777552e-06,0.000623445351139397,0.0661854586698251,1.02426154424351e-06,0.0225571166919248,2
"19868",4.54916569457903e-06,5.13936865017142e-07,0.995948622123017,4.59442569540128e-05,0.00395923681597758,4.09652977073301e-05,1.68403784513079e-07,3
"19870",1.28736441752505e-06,0.0134480520499278,1.70226045156083e-06,0.983205677170629,5.19970932087989e-05,0.00213996128088038,0.00115132278048435,4
"19873",0.00042703195963015,0.362028841484807,4.18998781052648e-06,0.63372878778555,0.00125346248851256,0.00073711668562385,0.00182056960806565,4
"19875",0.754884089679556,0.210724990796939,0.000165761919714361,0.00104204072826582,0.0331823422536006,5.87312004990456e-08,7.15890724341697e-07,1
"19877",2.9854256591839e-05,0.121467796225665,1.89459370387271e-05,0.870131015522401,0.00565202840911421,0.00260548383864188,9.48758105479424e-05,4
"19879",0.00135596886699509,0.92602548470084,0.000240317413032911,0.0656132360719956,0.00541081572147753,0.00131665427994797,3.75229457108739e-05,2
"19881",0.000212240313765205,0.0838187879560998,5.88266470318382e-06,0.883895923794438,0.00466094777891931,0.00132699642819272,0.0260792210638819,4
"19883",5.5252770068127e-05,0.0337804766641657,5.70648469232231e-07,0.627164805127821,0.00198677541147476,6.76420487006673e-05,0.336944477329301,4
"19899",0.0017921030062772,0.0851276756064565,0.000318826688098361,0.0140583351543725,0.898547747414235,3.135663440151e-06,0.00015217646711986,5
"19908",0.00157303211123228,0.000818657596616972,0.000617053506751023,8.09329147616095e-05,0.981021654742189,0.00021200228030621,0.0156766668481427,5
"19910",0.000930157250883681,0.955942206402596,6.9878705544496e-06,0.0427904610244242,0.000233752600899332,4.87079894437383e-05,4.77268611988356e-05,2
"19912",1.83148475834106e-07,9.34059485362239e-05,1.95643511331487e-07,0.49199316456294,0.00536342183499392,0.000521421187058792,0.502028207674484,7
"19914",0.00321162458900492,0.509163012910197,0.00175711491385814,0.161600371712244,0.323584922321695,0.000636556091119943,4.63974618812222e-05,2
"19916",0.229101156616678,0.400093336692891,3.46559151640655e-05,8.29386084505674e-05,0.000457939378294438,0.000397715048979917,0.369832257739542,2
"19918",2.12869245570511e-06,0.00905965776097803,1.11709917970326e-07,0.898408811399974,4.16276292084818e-05,0.0903029615311763,0.0021847012762895,4
"19920",2.66493276507793e-07,0.000140455728164158,5.44925657768147e-08,0.121929521725674,7.70444796181297e-05,0.877826311135915,2.6345944786749e-05,6
"19922",0.000432021711723607,0.0390609931119915,0.847924858285839,0.11251917081082,5.25917295261975e-05,6.62797037120797e-06,3.73637972758094e-06,3
"19924",0.000131904181772316,0.139566565366219,6.57966238219112e-06,0.816619239698621,0.00675606021812779,0.0367297192628278,0.000189931610050143,4
"19926",0.00659215747801471,0.437279095854827,0.00349366573149704,0.0228830271153512,0.525217080918469,2.27406248584092e-07,0.00453474549559241,5
"19928",2.15051255768681e-09,3.61945726829935e-08,1.99800831672245e-09,4.98506921672872e-07,6.94123405551886e-08,6.67291939593742e-07,0.999998724445705,7
"19930",4.89762269347123e-06,0.0191313328150485,6.56452161491028e-06,0.980573241993629,0.000121901362756598,0.000113866219994137,4.81954642635673e-05,4
"19932",1.48445323402438e-07,0.000411062107435639,2.54045977416487e-06,0.998636424214635,7.99247076965156e-05,0.000860182131955459,9.71793318009976e-06,4
"19934",0.431696767161769,0.514639441163679,0.00156359484448034,0.0154061291806144,0.0365669676505388,0.00012622230808896,8.77690830315246e-07,2
"19936",0.000290093671303789,0.05617706706871,0.000339705080639522,0.879643372564493,0.0633719822817107,0.000155547628775627,2.2231704367759e-05,4
"19938",0.726150572102012,0.144229671774303,0.00119105596309512,5.84465729448726e-05,0.128313364479992,4.71167617695887e-05,9.77234588414377e-06,1
"19940",0.000286333633895902,0.825715249575509,2.03611214879193e-06,0.163967134527026,0.000113531564081233,0.000166172181142708,0.0097495424061965,2
"19942",4.81513462605722e-08,5.17109308589249e-07,7.1132336572338e-10,4.70692511135869e-06,7.54130602896139e-06,1.86829128353717e-07,0.999986998967753,7
"19944",0.00510482000779832,0.975951320331301,7.57974301971371e-06,0.016126906858669,0.00257065050384545,5.63645974482764e-06,0.000233086095621259,2
"19946",0.00123247595773306,0.680737381604947,2.65945821453798e-05,0.300550844074926,0.00399485789566748,0.0133767447964793,8.11010881017952e-05,2
"19948",2.08807391953457e-08,1.94649791417456e-06,2.73041988421742e-10,2.08093541803484e-05,8.67662916260561e-08,7.77150337079761e-07,0.999976359077496,7
"19950",9.60057106829357e-09,1.50181861090772e-06,6.06829435364643e-08,0.00149023432366307,5.76927430020832e-07,0.998507237185935,3.79460845956499e-07,6
"19952",2.08807391953457e-08,1.94649791417456e-06,2.73041988421742e-10,2.08093541803484e-05,8.67662916260561e-08,7.77150337079761e-07,0.999976359077496,7
"19954",6.27157812741022e-07,0.00362674308328233,1.50599667929014e-06,0.995779441986593,6.09013228062631e-05,0.000488083146323579,4.26973065030682e-05,4
"19956",2.7931443677308e-07,1.59063665958896e-05,4.02302410841113e-05,0.239774201463269,0.139193339735272,0.612722355788176,0.00825368709116629,6
"19958",3.88715156035116e-06,8.12858500835593e-05,0.999106762269555,0.000642018061262163,2.80361700236678e-07,0.000165437619658535,3.2868618021992e-07,3
"19962",0.0218719204657957,0.230436367675275,0.00186088955487697,0.495594974621637,0.0181310520050655,0.231760953371676,0.000343842305673568,4
"19964",0.000255460754612774,0.682908499662513,9.31141740735618e-06,0.29580457087463,7.05607881379873e-05,0.00709579478003412,0.0138558017226651,2
"19966",0.773379578932329,0.18781023023224,2.60852291809192e-05,2.23812401915278e-05,0.0321015500090711,2.81480630743692e-08,0.00666014620892435,1
"19969",6.60005213632116e-06,0.00444426389778547,9.89346560003295e-07,0.982136234726651,0.00504015283348272,7.47198316330612e-05,0.00829703931175129,4
"19972",3.22249493922265e-06,0.0406290719066358,1.55179696707232e-06,0.719869640898599,9.15809579226751e-05,0.074961203160308,0.164443728784629,4
"19974",3.61314095848622e-09,1.72170046811194e-05,7.46998036360663e-09,0.108021794268523,2.5199664593452e-06,0.858750142619406,0.0332083150578096,6
"19976",0.000154253657405645,0.331982368137129,9.52516727290569e-06,0.612893952060412,0.00299531858420367,0.0517078871023278,0.00025669529124839,4
"19978",0.00493128683863852,0.977454056501027,6.38484544869924e-07,0.0172057998612106,0.000144915204584652,7.83633985305701e-05,0.000184939711463875,2
"19980",4.76841849062033e-08,0.000133179650526138,5.50782446179081e-07,0.857124253945008,2.69346180613088e-05,0.142687019848157,2.80134716157753e-05,4
"19982",6.24017700955603e-06,0.000325495411586712,1.12751140559457e-05,0.14958362617381,0.00106949630080133,0.848993835748067,1.0031074669616e-05,6
"19984",4.81256790441988e-07,8.62305034075688e-06,2.63071609711373e-08,0.000206084229048454,1.13929298238217e-06,0.999781175231676,2.47063200052281e-06,6
"19986",0.94560701013022,0.0509409596063851,8.16080678920325e-05,1.55814312620968e-07,0.00336994753706943,1.65843535367767e-09,3.17185685453461e-07,1
"19988",0.995337693640224,0.00446829998956842,4.56123495671301e-05,3.4882380251343e-09,0.000148386479593841,3.33603609645816e-10,3.71920458399286e-09,1
"19992",0.991353979115482,0.00452465942202882,4.17938270182953e-05,1.17566720516066e-07,0.00407940944531813,3.79226111511988e-08,2.70082053087194e-09,1
"19994",6.91000128474089e-06,0.0244903841925471,2.53442394610261e-05,0.974872817875103,0.000543546463909196,2.63619159193836e-05,3.46353117759027e-05,4
"19996",0.959706861172507,0.0400480403283838,1.22118031442904e-05,5.16769384462576e-07,0.000232316830887983,4.84076999944325e-08,4.68799215021816e-09,1
"19998",0.00295069650735222,0.0156165201886196,2.63415219804256e-05,0.0918829896534508,0.478521604312009,0.00554638364578536,0.405455464170803,5
"20000",1.68290738546366e-06,0.000144507417270513,0.00779839075234598,0.764342368544247,0.225137145834733,0.000252867380328815,0.00232303716368916,4
"20003",0.000111584372367064,0.0803850437702304,0.000147731885011626,0.909272808969188,0.00938070823586231,1.58410282581865e-06,0.000700538664514891,4
"20005",1.51611133913663e-08,0.00021108162458078,7.36580186616708e-08,0.973857365839063,2.09970566400867e-05,0.0245053540920043,0.00140511256857976,4
"20007",0.0172058598418251,0.743477481441828,0.00062972604635489,0.0439226417107954,0.194367072004967,0.000388335884674642,8.88306955487271e-06,2
"20009",0.664441912203833,0.33326947678733,0.000451521073135712,0.000128127723967012,0.000958158458704936,0.000338208194503098,0.000412595558526415,1
"20011",3.69569987655231e-05,0.192968328375337,5.14067078485977e-06,0.760939608731246,0.000937132917927252,0.0112089813571778,0.0339038509487608,4
"20013",7.84724002882194e-06,0.00393112486134,6.83183243575834e-06,0.880070257772729,0.0153534425426772,0.100618593730961,1.19020198277422e-05,4
"20016",0.902082217030455,0.0925460523188956,0.00222956540430374,1.17063005870451e-06,0.00313448865057968,5.87897245174787e-06,6.26993255391468e-07,1
"20018",0.0716388985576804,2.99006270457328e-05,0.928319759063508,1.1231217082524e-09,1.14319331954758e-05,6.55154908511918e-10,8.04029349510019e-09,3
"20021",0.102000045882124,0.895792275736143,0.000158167995181148,0.00172984683392827,0.000314706678038047,4.03122348208607e-08,4.91656235089278e-06,2
"20023",0.0463292179047855,0.911087685044922,0.000423393475047995,0.010155233348425,0.0319509392791514,4.30596473044937e-05,1.04713003639222e-05,2
"20025",0.691561457307847,0.0192824717144041,0.288821625737005,1.97972398708812e-06,0.00033191840978285,2.99469920844667e-08,5.17159981754492e-07,1
"20027",1.29693614207283e-06,0.00178067844796044,1.20307765875986e-06,0.656052356479889,0.0143417279689609,1.62225550461359e-05,0.327806514534343,4
"20029",2.17970637665193e-07,0.000345133043555504,3.11853140468009e-08,0.982774347954197,0.000482395912800435,0.00892375950927283,0.00747411442422275,4
"20032",8.1920556056552e-07,0.00238729315383106,3.73415574336483e-06,0.992245550019627,0.000428810007407914,1.04788085115834e-05,0.00492331464931852,4
"20034",6.49358822121981e-08,1.97809982019692e-05,2.50596209059474e-09,7.69703322599913e-05,2.69134800759011e-07,1.54842550132313e-07,0.999902757250343,7
"20036",0.000395594313341781,0.000311895026336895,1.74682798984706e-05,0.020272073074849,0.967285156931831,0.0115857635219743,0.000132048851768376,5
"20038",0.713596515590784,0.11249066438175,0.0027635343225868,3.91949918418432e-05,0.171109860157489,1.45615400052718e-09,2.29099394213293e-07,1
"20040",0.857968364493757,0.132592226657066,0.00927103360680672,4.32467473993231e-07,3.69248190576327e-05,2.9409022550847e-06,0.000128077053584075,1
"20043",0.898862422338358,0.0939499409899003,0.000282744387731298,0.000576959247775725,0.00632756795769531,2.95197920061007e-07,6.98806195085025e-08,1
"20045",0.995190560504872,0.00397095337091696,0.000821478373366362,5.61537504297778e-09,1.69856492539855e-05,1.61448515926459e-08,3.41363738517616e-10,1
"20048",8.376961225045e-09,1.53383894057994e-07,2.7821442772296e-08,2.36288188613644e-05,9.24379944075089e-08,0.999975901594878,1.87565967944506e-07,6
"20051",0.11662564370123,0.155133696926911,0.0149174621960184,0.591249278036243,0.109213760757842,0.0128592210453859,9.37336370075484e-07,4
"20053",0.0335515053030622,0.964707668880161,1.51630120800424e-05,0.000913864674947571,0.000716922904950259,6.48860453614075e-05,2.99891794372028e-05,2
"20055",0.0484703235682064,0.0543036821189828,0.0186126075277586,0.00257670501824814,0.876025559957264,8.32268690925451e-09,1.11134868526331e-05,5
"20057",4.16040617047021e-08,1.47716822811283e-07,0.99960630000539,3.86391507367833e-05,1.02275320079088e-06,0.000342595144663643,1.12536251239184e-05,3
"20059",0.0271245682144866,0.970890822690977,0.000718327245931048,0.000670378865771921,0.000467114393141732,5.58369755788778e-06,0.000123204892133539,2
"20061",0.00986636037444373,0.982347906677073,4.70918562824982e-05,0.00572078018583955,0.00192234187117149,2.34052732875541e-05,7.21137619023592e-05,2
"20063",0.0162829724203789,0.000109380536902845,7.88856324209863e-05,4.78320677524225e-06,0.000192648929055052,0.982911860409975,0.000419468864491612,6
"20065",0.219975174970762,0.00295656834565469,0.776602445387254,3.96799564818135e-07,0.000465412430648783,2.88072966122226e-11,2.03730846516471e-09,3
"20067",0.88803482375698,0.104101880931281,0.00641986506843493,3.84432259418161e-05,0.00121967353142853,0.00018530941076354,4.0751709533587e-09,1
"20069",1.16889466558265e-07,0.000145243393204413,1.0934566167441e-06,0.609564513558075,5.06764158679001e-05,0.390227701643651,1.06546431184146e-05,4
"20071",0.000239239640598518,0.00340058607918851,1.47995083245658e-05,0.000903760869158901,0.994200368237711,1.47063390414082e-05,0.00122653932597754,5
"20073",1.10340182889534e-05,0.00617497486660748,4.34580615702799e-07,0.0899902699190596,3.11011883627255e-06,0.903431094456923,0.000389082039669009,6
"20075",1.12305798471331e-06,4.95797340773086e-07,0.999362189978285,5.84338859572434e-05,0.000577472731007922,2.66860526480639e-07,1.7688898134918e-08,3
"20077",0.193197298913176,0.14831434758881,1.16808920468635e-05,0.00143977844268499,0.65676431818257,0.000267992491416458,4.58348929525087e-06,5
"20079",0.10012449835388,0.0109976620740643,0.000472251864871083,0.036068698539033,0.00914774826848015,0.8431700837458,1.90571538714729e-05,6
"20081",0.366787069487399,0.41920379820265,0.162127838691029,0.00167538144276147,0.0502008185488929,5.06849734364187e-06,2.5129923642655e-08,2
"20083",0.000777874240234941,0.000163669238481325,0.00011632689206174,0.0035082188045489,0.157822468730682,0.836331876867334,0.00127956522665651,6
"20085",0.997429739977357,0.00216891829773442,0.000196451749500868,6.18489647245668e-09,0.000204882812350504,5.63918471001779e-11,9.21769054182643e-10,1
"20088",0.869935539856161,0.126480188830223,0.000428537979918868,5.27555029961746e-05,0.00310288351284284,6.75610690456093e-08,2.67567896066772e-08,1
"20091",0.000162203740977853,0.000441814738885015,0.999284565263381,7.8034918768954e-06,0.000102864556671984,7.47740419120794e-07,4.67788035612214e-10,3
"20095",0.00248457149254177,0.160421682848685,0.000102511740982383,0.00300008123558605,0.000465347169703749,0.802541184941899,0.0309846205706026,6
"20097",0.996578246719972,0.00181232906678881,0.000857962126481645,1.25116926051926e-08,0.000751449089391673,7.95118818563208e-11,4.06161673166457e-10,1
"20099",0.142396090262459,0.749121611896498,6.75382649012809e-07,0.000349727413786558,6.92844035028937e-05,0.00281372110837323,0.105248889532732,2
"20102",0.000114549658417392,0.000577654475069026,0.0509803972824068,0.000621666429493827,0.000105897456799269,0.94759966391409,1.70783723575398e-07,6
"20105",0.7110498296237,0.286073522174938,0.000160527708806146,0.00145475233726176,0.000801516369414548,0.000459621516276798,2.30269602525181e-07,1
"20107",0.477775378969835,0.45924150693365,4.56872748040677e-05,5.49070139883281e-05,0.0628811214671261,3.75680334058356e-07,1.022660261946e-06,1
"20109",0.0488790389854558,0.796150432080761,4.70318559847275e-06,0.00542682085066816,7.01117452282029e-06,0.149048201813195,0.000483791909798634,2
"20111",1.34901746953576e-06,0.000394782627114926,0.658663094172838,0.336309282811202,3.94876749757424e-05,0.00457558046438673,1.64232320133888e-05,3
"20113",0.0496972200925611,0.189675484835141,1.56536493189514e-05,0.000664318648148912,0.75497344021912,2.27756324755814e-07,0.00497365479938495,5
"20115",3.78599664481181e-07,0.00270716590177095,0.000214698221315115,0.993136213349848,1.66545936072343e-05,0.000219759543132872,0.00370512979066071,4
"20117",0.0317278424807587,0.045328086313809,0.549804650015071,0.000207844887479409,0.0144774170740512,2.74535922925428e-06,0.358451413869602,3
"20119",0.793571970613217,0.137847093986563,9.2093664429557e-06,2.45397929726561e-05,0.0397419163722587,1.25878307444183e-08,0.0288052572807154,1
"20121",0.813981599447818,0.148392551990103,0.000120900429416924,4.57625697845923e-06,0.0374998779052494,9.57770048059499e-09,4.84392733607925e-07,1
"20123",0.000441542330230984,4.67839315909621e-05,0.998930917799148,2.10998263136887e-06,0.000578641925936657,2.46381600263022e-09,1.56664637787433e-09,3
"20125",1.02159564755619e-06,0.00136096198287319,7.24485668762464e-06,0.92476229034488,0.000982402747964255,0.0728791999836356,6.87848831157652e-06,4
"20127",0.994787010869967,0.00517358208565585,2.22064912679356e-05,1.95569923420346e-07,1.67415271094846e-05,2.55799048889601e-07,7.65702742180157e-09,1
"20140",0.00123253645473579,0.00313378678403948,0.00449255774221783,0.000649178641473127,0.990471531741724,1.66818158789075e-08,2.03919539933678e-05,5
"20142",1.56280942940681e-08,2.91816566979351e-06,1.49538478192934e-07,0.00478722361124032,6.02791440973969e-06,0.995202903510138,7.61631969243323e-07,6
"20144",7.72832170796218e-07,0.000516459829436916,0.00421158721260104,0.970046097886756,0.0203076070042777,0.004880436734505,3.70385002528117e-05,4
"20146",0.000262657807708163,0.00256230375070684,0.000705388416701712,0.273181201014047,0.388480810059353,0.334779918322023,2.77206294610119e-05,5
"20148",0.00025639349082615,0.0187130611409221,3.83631653162519e-05,0.943732292373726,0.0370988503563162,0.000146902320645871,1.41371522468912e-05,4
"20150",7.95649112901082e-09,4.41882993364324e-05,4.46646125124306e-08,0.656364950139503,7.69704892334854e-06,0.341510108426451,0.00207300346468279,4
"20152",0.0012886469576611,0.108806458848397,7.16581589432622e-05,0.850177115703754,0.0394577745284836,0.000114375944611798,8.39698581492856e-05,4
"20154",0.0812089548889892,0.000322866073239064,0.9182219588287,1.5302929415705e-06,0.000241339739838202,3.35005430974592e-06,1.21982583719603e-10,3
"20156",0.0196956762348691,0.494610671810219,0.00303535348629536,0.0124543937175132,0.436746999066371,0.0333985399666513,5.83657180819896e-05,2
"20159",1.32317181738025e-07,0.000122577442463646,2.12457766228812e-06,0.492026775033435,0.000141280531992819,0.507700490209283,6.61988798069003e-06,6
"20161",2.44404112347302e-05,0.0001579442564934,8.64996301582664e-06,0.00368445980527672,0.00137366289011381,0.994691428366159,5.94143077069881e-05,6
"20163",0.00259355287913884,0.128154965360208,0.000924195934664899,0.86602039081435,0.00140337644001447,2.9268166214996e-06,0.000900591755002128,4
"20165",0.00163004038996438,0.00183778312151173,5.04422801116984e-06,0.000238776058565445,3.81437655134511e-06,0.996284036256817,5.05568579200516e-07,6
"20167",6.49388356251307e-05,0.0245702006471934,2.47709975680111e-06,0.9686441904965,0.000478853408984535,0.00623024591945607,9.09359248442506e-06,4
"20169",6.87895126213429e-09,2.99998466590153e-07,3.5464475194022e-08,0.000128799952854999,3.8244967268635e-07,0.999870248415062,2.26840516717732e-07,6
"20171",0.0346659648660029,4.25240443832362e-05,0.965087020304777,7.17516153246937e-08,0.000199417841047194,5.00112304559995e-06,6.91288157226364e-11,3
"20173",0.016539947877432,0.0142443533404917,3.43435568552131e-06,0.000326782391925766,1.95762593540347e-05,0.21809432483595,0.750771580939161,7
"20175",8.86287920156676e-06,0.0431424890591509,8.95583671244439e-06,0.946029265005061,0.00263373218204222,0.00791235232560661,0.000264342712225573,4
"20177",0.0765816205655924,0.427430895805754,1.80567692792172e-06,0.000637057473848922,0.000557012675939086,0.000106475220744186,0.494685132581194,7
"20180",0.886558038249259,0.109567439815379,0.0010248640086716,2.75824349694362e-06,0.00284302643913775,3.03942325729783e-11,3.87321366191258e-06,1
"20182",6.59313438678293e-10,4.54706383407248e-08,1.07501696141918e-05,0.000193366385645534,5.16423181043244e-08,0.997996781920961,0.00179900375150906,6
"20184",1.41288373636214e-06,0.00031425219523999,4.85946659348818e-07,0.0295026798000534,0.00017822502907529,0.96999871129408,4.23285115588055e-06,6
"20187",0.000169652955857675,0.00386109356236711,6.51872864409177e-08,0.00043957612028207,0.00332323527403632,0.000896130023565696,0.991310246876605,7
"20189",0.0229917741969036,0.966732707686892,8.18519973218385e-07,0.00534838805806864,0.000135545808536921,1.69639301730483e-06,0.00478906933660864,2
"20192",0.414720667996331,0.368409999894736,0.191396949860676,0.00135037838503056,0.000149807314717271,2.17171945266284e-06,0.0239700248290561,1
"20194",5.06026809699025e-06,3.9613770084271e-05,3.08380188207311e-07,0.0522708028207155,0.142130936839749,0.688774430482478,0.116778847438688,6
"20196",0.894841204957363,0.0189733929637032,0.0851217315870886,6.32106565352409e-06,0.00105727687490507,5.39824102982458e-08,1.85688765604386e-08,1
"20198",0.0165994193894211,0.533689943554221,0.00284878875831481,0.288870731737659,0.15714258713935,0.000500808522370488,0.000347720898662715,2
"20204",1.37846882305416e-07,0.000250151162423974,4.21776997845237e-06,0.639284408240666,1.57648680777092e-05,0.360432399452266,1.29206597054058e-05,4
"20207",0.933998467851197,0.0219918386932929,0.0335379269740022,1.79369309139797e-05,0.0104364991473405,1.7328672646103e-05,1.73060685494869e-09,1
"20209",8.78393767268235e-06,0.00438439659034619,0.070527999085267,0.82833521498531,0.0322508149582603,2.59460897028304e-06,0.0644901958341733,4
"20211",0.000353061903432576,4.26498005081493e-05,0.998354724873944,6.07876574571951e-06,0.00124345873370743,2.58951793602104e-08,2.74830535391472e-11,3
"20215",0.187093850271737,0.0120914786657193,4.72008524033999e-05,0.000797988012026408,0.799961666796299,6.67778070863654e-06,1.13762110619033e-06,5
"20218",2.3767695894472e-08,1.01623117717921e-05,2.08548012557442e-07,0.0209893844621088,3.14044412838835e-06,0.978995989921678,1.09054460400969e-06,6
"20222",0.928649462419127,0.025960951754423,0.0242762783257454,0.001498292507079,0.0195764707650741,3.85281012017787e-05,1.61273495817287e-08,1
"20225",3.92837691573538e-06,0.000175758542079277,0.000150099937135328,0.946509921736455,0.0370667699691099,0.0159131346512159,0.000180386787088279,4
"20229",2.4613593595795e-05,4.09942802924478e-05,0.000189774903927889,0.00134114893698368,0.998392769833943,4.25608700394843e-06,6.44236425345346e-06,5
"20232",0.025274842413966,0.4419462917007,0.00370888549462229,0.00659329914837592,0.522462103152336,4.81862840740849e-06,9.75946159234231e-06,5
"20234",0.977392835037865,0.00269205504690943,0.0199106302714611,4.91216371377978e-09,4.28872672308857e-06,8.79305722097404e-11,1.85916947374504e-07,1
"20238",0.482285489597837,0.508974009667927,0.000735931196714925,4.78778502372347e-05,0.0079480347376035,8.06825680398846e-06,5.88692876445451e-07,2
"20253",0.683747814149211,0.00412295145217895,3.25772778381467e-05,4.70109157697352e-06,0.312091399979664,2.92664219783739e-07,2.63385311436401e-07,1
"20255",2.08647213957229e-06,0.00219254460491375,0.00020700644030862,0.995024595790981,0.00244326116946006,0.000128783501023635,1.72202117297394e-06,4
"20258",0.706328001146716,0.293596558066602,2.36004758538902e-05,1.59554254197701e-05,3.50923058229856e-05,2.04792019985527e-08,7.72100383151771e-07,1
"20269",0.0570131675418495,0.920940872173458,2.44574911009066e-05,0.00540234872119678,9.05545322423724e-06,0.016597521759618,1.25768595523976e-05,2
"20271",0.530686179594314,0.457590006592554,5.4511090733588e-06,4.94895137450528e-05,0.00010842821586542,8.88158390468169e-08,0.0115603561586096,1
"20285",0.000231353358796674,0.00264530948203559,1.68619317970237e-06,0.0160432743996026,0.00912452794656519,0.000656675964915075,0.971297172654905,7
"20288",0.102469898914165,0.114235496609527,0.000233481203493418,0.0014863521323975,0.781544970168202,2.79376407544261e-05,1.86333146003723e-06,5
"20291",0.255296084546092,0.410984944213566,0.330561963268279,1.84815577053687e-05,0.00313666611816678,1.63273300619055e-06,2.27563185498048e-07,2
"20295",0.030366732565498,0.892587968353308,3.97781117675663e-05,0.0122877292175456,5.31897694626929e-06,0.0045561792459674,0.0601562935289671,2
"20298",7.98289488949296e-08,0.000216796338605513,7.51050006462241e-07,0.998033084441143,0.000249280291727185,0.00146744413155271,3.25639180159763e-05,4
"20302",1.19298087267906e-05,0.00829028692059903,2.51205451860768e-06,0.36212988698031,4.53046122453876e-05,0.627576326459546,0.00194375316405347,6
"20305",5.13967733058203e-08,0.000219423818080586,2.89300504146932e-07,0.998633542743619,5.66415941048087e-05,0.000189492997058114,0.000900558149860192,4
"20307",0.890182733469221,0.109049770677843,0.00014524253814468,1.09387529621286e-06,0.000621140185874282,1.26137518897043e-08,6.63986812938649e-09,1
"20310",0.998132971810618,0.00174919649404885,0.000104870638944286,3.19951269066327e-09,1.29320364118113e-05,1.65134982296387e-09,2.41691138616833e-08,1
"20313",9.25832431379347e-10,2.73653995638668e-07,3.11973256090694e-09,0.000581882496274593,9.15616504956057e-08,0.99940968884939,8.0593931247672e-06,6
"20315",0.592070732446391,0.398694598736454,3.69423502513653e-05,8.04369025163123e-05,0.00910603272068027,2.58534963131018e-07,1.09983087435793e-05,1
"20319",0.728761027710458,0.002418491383637,0.258048973251862,1.37962648106772e-05,0.010757643694332,3.10444546896618e-08,3.66504455817144e-08,1
"20321",0.9818426765881,0.0162176705260219,5.92375021788871e-06,3.18807657543978e-06,0.00192824772852358,2.05427142342508e-06,2.39059137313234e-07,1
"20327",0.546982460456627,0.452977337809874,2.83481446671034e-06,3.58088490564025e-06,1.60804609007098e-05,7.50344020252377e-08,1.76305388234997e-05,1
"20329",7.79732296569831e-09,1.53831426238822e-06,1.04412237089183e-10,5.67681889939189e-05,2.83447863034885e-06,3.47445615536573e-05,0.999904106554824,7
"20335",0.925837436654727,0.023492962139235,0.0504891231142125,6.60544092511882e-07,0.000179471210356206,3.4616103609314e-07,1.76340586968707e-10,1
"20337",1.62312415790757e-07,0.000250402442953462,2.34784601228793e-06,0.855862053352989,5.7449162178796e-05,0.143821308233569,6.27664988082382e-06,4
"20339",0.00174318240055182,0.00046628939077726,0.579288871225567,0.00241730550801432,0.415865454624003,1.05132869113022e-06,0.000217845522395302,3
"20341",0.0142912150972618,0.00167978456815899,0.98190831657842,3.88677166701175e-06,0.00175317340879937,0.000363620375928682,3.19976417539932e-09,3
"20343",0.995011857592354,0.00391232886413525,0.000953344186964612,3.49891552297536e-07,0.000106559197427081,1.55492585824804e-05,1.10089844748941e-08,1
"20345",5.17482253718429e-05,0.0621695079035245,2.09271821398848e-05,0.895825755000882,0.0123669959832771,3.48573914788109e-06,0.0295615799656565,4
"20350",0.00549576612398015,0.00123742916677277,0.00336663210432432,0.0011956035207198,0.987670634797198,0.00087046979713075,0.000163464489874,5
"20352",4.42505894005207e-08,1.55755302554761e-06,4.86084505476286e-08,0.000309251551345849,1.4544970345468e-07,0.999688755883091,1.96703793803665e-07,6
"20355",0.000125470777226181,0.00291313413533117,6.16212197271576e-05,0.0127519519602162,0.000384114543663446,0.983695089951479,6.86174123568137e-05,6
"20358",2.45618208980794e-07,1.58825835958626e-05,5.39330495821883e-09,0.0263573266839016,2.45679040848615e-05,0.00810474555521407,0.96549722626169,7
"20363",0.94206549356562,0.0544237420064788,1.09083997689483e-05,2.80814550738395e-05,0.00346929889660391,2.36838515766251e-06,1.07291296555942e-07,1
"20365",0.0976042913323945,0.181242650303239,0.617435556597123,0.00904475889699098,0.0946718482338784,7.23718600702661e-07,1.7091777297261e-07,3
"20379",1.14649447908071e-06,0.0122427854945505,0.00049392349297793,0.986164539934079,0.000301172583980749,0.000584822423794849,0.000211609576138137,4
"20387",0.50960322846687,0.489092947147976,0.00104296467913496,8.53167464366793e-05,0.000175404691952159,9.8270345955927e-08,3.99972850839302e-08,1
"20392",0.00122747503028897,7.40041288303974e-05,0.998567908390987,1.64283796708171e-06,0.000128968240394669,1.33869943788847e-09,3.28327167945864e-11,3
"20395",0.000385216022214877,0.0471471011209171,8.10573842551888e-05,0.572360540638371,0.379300817759984,0.000699893723661719,2.53733505959335e-05,4
"20397",1.39912103401062e-09,1.11941461756676e-07,5.69648949606517e-10,2.59640270525978e-05,8.43434715080108e-08,0.00316421788207825,0.996809619837166,7
"20410",0.108061889433386,0.889837105961999,0.000195700434178363,0.00110704912728124,0.000656258830411321,4.85002289064626e-09,0.000141991362720936,2
"20414",1.27141016140768e-05,0.00497091944647265,2.45974264035986e-06,0.820375862813086,1.46687123983315e-05,0.174574683518993,4.86916647951371e-05,4
"20417",0.705543223723428,5.55945275270283e-05,0.294301594073715,3.77075951846674e-09,8.92210701634364e-05,1.52418882698964e-09,1.03613102176696e-05,1
"20419",0.91543622405829,0.0844827185870409,1.93196503543172e-07,1.27900619953877e-06,7.27283872291872e-05,3.68801109859641e-07,6.48796362689364e-06,1
"20421",4.6645580936978e-05,0.0281337374818236,0.016103663304385,0.200415934257755,0.000574727483585125,0.75472132484263,3.96704888459027e-06,6
"20423",1.22859114029904e-06,0.00273201308634019,5.57426693481019e-05,0.695192163487602,0.00012112065702483,0.301893521889297,4.20961924689781e-06,4
"20425",1.78679146508006e-05,0.000412200536175569,0.000110690385795218,0.348559682784222,0.0272806261632085,0.623617696447041,1.23576890714794e-06,6
"20427",0.00115059606556742,0.296962606697633,1.25728084612879e-05,0.696088825655634,0.00558688206674659,0.000151864242169099,4.66524637880737e-05,4
"20429",0.808675171254799,0.172709881543156,0.00155581830179979,1.2577042640856e-05,0.0167426216882898,0.00021600552821999,8.79246410946926e-05,1
"20432",5.48738561892177e-07,0.000174574260874492,9.09239996729377e-08,0.272601752522954,8.0418506632723e-06,0.726853442327668,0.000361549375278533,6
"20435",0.0373569035789253,0.877181457159938,0.0083352009701467,0.0227879284226019,0.054272206041636,2.11590058774515e-06,6.41879261636127e-05,2
"20438",0.93637686485407,0.0358166728948266,1.44233870615241e-06,2.75612327010679e-05,0.0275554660255321,0.000198163221935578,2.38294322287941e-05,1
"20440",0.640716141605034,0.359229812978958,8.9265411090902e-06,1.62506816340841e-05,1.34638057258128e-05,7.83458723119751e-06,7.56980030708041e-06,1
"20443",4.64311774700624e-06,6.20612753615639e-05,3.53693362566506e-06,0.00031501137134831,0.000535099303530014,0.999078326777533,1.3212208547131e-06,6
"20446",0.1173192735296,0.53328179521121,0.000969667546081997,0.33602790760535,0.00738487562568861,0.00303717705577543,0.00197930342629299,2
"20449",0.0188891909718053,0.214633560279248,0.00165613975778866,0.0108674191821598,0.753924350287295,3.14900240699293e-06,2.61905192966732e-05,5
"20537",0.117318254376091,0.5413390714904,0.339689233815919,0.00122472326518193,0.000347576898009753,8.05726690452088e-05,5.6748535358008e-07,2
"20540",0.00144678171822993,0.000707746822281931,0.997841318929559,3.69626365855008e-07,3.78159611295741e-06,5.74590800519091e-10,7.32859908424908e-10,3
"20543",0.00143103879958753,0.844591264632223,0.000175655706902344,0.15232772044208,0.00061437123977336,0.000849203957279994,1.07452221534796e-05,2
"20545",0.000303284434775795,3.77115621152707e-05,0.999628265703183,3.925386995616e-06,2.67482021552909e-05,6.46994717821075e-08,1.13035721504912e-11,3
"20549",0.000875474370118435,0.388743057714076,0.00311760282673582,0.595516192701601,0.00182331274697586,0.00992362462012117,7.35020371408622e-07,4
"20551",0.171420085651629,0.767938301309433,0.000661579293777161,0.00439999232217472,0.0555052252051058,7.47109158347526e-05,1.05302045251972e-07,2
"20554",0.0704523816680762,0.929128920412999,2.54492959467978e-05,0.000375105122811595,1.47871873451947e-05,1.83718402692821e-06,1.51912879476313e-06,2
"20556",0.00215030717137436,0.00798811726847939,0.00577023336830973,0.0237113796212093,0.96028770058753,9.2150455079774e-05,1.11528017007933e-07,5
"20558",0.896742035888093,0.103033094047436,4.39479032941781e-05,4.25124181918976e-06,0.000176589539961286,7.09022505967887e-08,1.0477145618158e-08,1
"20560",0.399520147907946,0.581132314639087,2.80162333129902e-05,0.00601721683003459,0.00903628462632964,0.00426528312901885,7.36634270423842e-07,2
"20563",0.981805426823755,0.018156949427643,3.09972870551967e-05,2.10280470643588e-07,6.28642243413163e-06,1.10586027756511e-07,1.91726147043098e-08,1
"20565",0.579686579984447,0.158377587953601,0.000373877404241556,0.0527312528697566,0.182270386608046,0.0265568557912694,3.45938863817231e-06,1
"20567",5.31199844467454e-07,0.000284081017777365,3.31676366580564e-07,0.0886354182257978,0.00026007644896775,0.910696047197168,0.000123514234078062,6
"20571",0.0737675182519676,0.00021546777981031,0.000114634363386479,2.59886380623866e-06,0.925889589775298,6.58346672383239e-07,9.53261905890211e-06,5
"20573",0.05108422470574,0.876258229389994,0.00117702541055969,0.00423798301182856,0.0669942838468821,0.000247684761024274,5.68873971237375e-07,2
"20575",0.898194528141083,0.101661025786122,2.59386256179611e-05,8.51812396594263e-07,0.000117008254823857,4.45285566177862e-08,6.02851400035583e-07,1
"20577",0.00237487210517433,0.0603137236994555,0.000281984519263671,0.159397260396534,0.777449998454065,2.0131086371141e-05,0.000162029739136698,5
"20579",1.12625538590342e-08,4.30615379239588e-06,1.85221654933693e-09,0.000795095131087966,2.32637199500584e-06,0.883142261208294,0.11605599802006,6
"20582",0.994173534735612,0.00575946360657627,7.33581231514588e-06,1.48623784433387e-07,5.95050665440771e-05,3.01165096319832e-09,9.14351762492313e-09,1
"20585",0.0265620060628108,0.0149908784194131,0.932428891433578,0.00385578052158255,0.0221620423676215,3.92548184315593e-07,8.64680937193199e-09,3
"20588",0.000445398050218922,0.0046332782714866,0.941675000931954,0.00184368336976769,0.05132131560894,8.08579129766052e-05,4.65854656168471e-07,3
"20590",1.85281122467289e-09,2.05172453274897e-06,1.15823939858254e-09,0.00442757178645441,9.96499364723834e-07,0.994349491986892,0.00121988499170558,6
"20592",0.99010111396827,0.00977136941068293,5.49660477696991e-06,6.86904066503648e-08,0.000121762228335286,1.85139457910781e-07,3.95806987489738e-09,1
"20594",0.979762607490999,0.0201486800508545,4.65762585938664e-05,4.75748450207708e-07,4.15303439811412e-05,6.1587686758677e-10,1.29491244457559e-07,1
"20596",0.067679072414075,0.930318799086358,5.6129750675265e-07,0.00081320535071572,0.000394926939081223,0.000134150567393588,0.000659284344870023,2
"20598",0.185623799891734,0.810488741927701,3.34966206207902e-05,0.00199440108354294,0.00185572396234851,2.13403479063612e-06,1.70247926247578e-06,2
"20600",0.00225415007662347,0.030572929973093,0.252746230828222,0.0286369907799333,0.685381585135634,0.000408019445384366,9.37611095613127e-08,5
"20603",4.62011114791872e-06,0.00373416988510023,0.0014973196007535,0.983636625776045,0.00918252269251154,0.00193268780161312,1.20541328290434e-05,4
"20605",0.486423764417538,0.4870581430755,0.000167609304688838,3.08020564714885e-05,0.0263146489761357,8.07359754230239e-09,5.02409606801462e-06,2
"20607",0.582927113525212,0.377411621773668,2.58872720729728e-06,0.000184334652035254,0.0394405401219416,2.50207318112073e-07,3.35509926179212e-05,1
"20609",0.0908078536980586,0.906496709015517,2.96004327392174e-05,0.00258976587736534,6.5757663147874e-05,6.05434311810099e-06,4.25897005353916e-06,2
"20611",7.96619895100049e-08,0.000316996985800506,3.53919851516725e-07,0.992323376742181,0.00041826127450167,6.88921322443946e-05,0.00687203928343148,4
"20613",0.00572388775200538,0.892806405091703,0.000874980088956703,0.100187524998871,0.000385007531063971,1.10588039825865e-06,2.10886570015179e-05,2
"20615",0.00911288465308127,0.0519259073845975,0.00997118062217184,0.0922091577300831,0.836200260798175,0.000580474765912647,1.34045978313633e-07,5
"20617",9.38710016728941e-09,1.63576529125583e-06,6.49747351886723e-08,0.00192671171439615,8.25039680297333e-07,0.998070354600633,3.98518164376987e-07,6
"20619",0.983428782341863,0.0121554130117122,2.09092830010412e-06,4.56902947926167e-07,0.00441225464651957,8.23557657014199e-07,1.78610999815024e-07,1
