"","V1","V2","V3","V4","V5","V6","V7","V8","best$classification"
"19811",0.000306656441684009,6.84151700649414e-10,0.00147718958296529,0.000410182353487014,1.47505331277684e-07,1.88267130993086e-05,0.968668886544107,0.0291181101751741,7
"19813",8.6132543246912e-07,7.02207943328652e-12,5.42354291338377e-07,2.21118437738922e-08,2.14503020297213e-08,5.5633578517675e-08,1.06793250277185e-05,0.999987817792502,8
"19815",0.0105309549241272,2.79409764572847e-05,0.0336465178220064,6.61087808275971e-06,1.49447895319171e-05,0.00164021184559631,0.95413187173198,9.47032218363553e-07,7
"19817",0.00294436563675313,2.08709191719862e-07,0.00377176940855306,0.00033873906650532,3.33948834897298e-07,9.91458718396664e-05,0.992842031100874,3.40625744807946e-06,7
"19819",0.113998546905754,0.660090809835124,2.39892995287063e-05,1.17530577398015e-07,0.225797646366857,8.63486015474403e-05,2.5413782256547e-06,8.23856869264539e-11,2
"19821",0.00482170928877858,8.06045552022004e-09,0.000504717675030792,0.0130314128687155,1.4398876399473e-05,8.46494773039346e-07,0.971998918186876,0.00962798854897098,7
"19823",0.00226130319377468,0.000908948443693195,0.000458220888008748,6.21953058695482e-05,1.51025331206762e-06,0.582715808764781,0.413591162271172,8.50879388468838e-07,6
"19825",0.00874226800661704,0.000124177741500105,0.00358612211719423,0.903080008702798,0.0805275753641908,7.25162813818814e-06,0.000722750503779923,0.00320984593578161,4
"19827",0.00342520483862702,3.7791021307115e-06,6.23081217053133e-05,0.367973147764085,2.45191370853657e-06,0.000259701305474375,0.628273156828156,2.50126113377687e-07,7
"19829",0.908821369006276,0.000120068582458558,0.000235822323254036,0.00491188441357606,0.0855979672665731,1.18684635767331e-07,0.000311193696890662,1.57602633568693e-06,1
"19831",0.781946136945294,0.109269867962443,6.85194700559811e-05,1.7611484756375e-07,0.105670649484271,0.0030237194956814,2.05666994480524e-05,3.63827958707096e-07,1
"19833",9.21708590061625e-07,0.157318218315096,0.00162724582521477,1.99175332370744e-05,1.42514947211199e-05,0.841017297249723,2.50846431996272e-07,1.89702698526332e-06,6
"19835",0.00482170928877858,8.06045552022004e-09,0.000504717675030792,0.0130314128687155,1.4398876399473e-05,8.46494773039346e-07,0.971998918186876,0.00962798854897098,7
"19837",0.018375251438764,3.31613899330604e-07,8.97455648723762e-05,0.0207817280350173,3.24570169611589e-06,1.9372555623843e-05,0.960728623443766,1.70164636083152e-06,7
"19839",0.667525027532247,1.38260596039812e-05,0.00188998061160033,0.0300493075930113,0.297662182840374,9.18215199150341e-07,0.00127410869395394,0.0015846484540105,1
"19841",1.61476524201712e-06,2.18769657706517e-09,3.22417187510168e-08,0.999965376659144,1.99848907955223e-06,1.62239033837955e-09,5.5486800541194e-06,2.5425354674483e-05,4
"19843",0.0227341416062999,2.3715496430596e-05,0.00229903946998405,6.79501978598401e-09,0.96495268567851,2.76366323407634e-07,1.70671961008965e-06,0.00998842786782225,5
"19845",1.23589226972586e-05,2.30052567395078e-10,0.000146764946041895,6.7579425028706e-06,2.89259678485087e-08,1.86597523681238e-05,0.0703449344591935,0.929470494821176,8
"19847",0.045719201448194,2.52478953686827e-06,0.0303209938339679,8.38559874637707e-06,9.95260969226162e-05,0.000665060593668311,0.916562553300799,0.00662175433816465,7
"19849",9.76047602288267e-08,1.36642848256765e-12,1.16703603374164e-07,5.49471826232801e-08,1.82575053988508e-09,6.65562138919249e-08,3.38942323779187e-05,0.999965768128745,8
"19851",0.000558237399576505,1.29944934915475e-07,0.00106981371018659,1.44909961359879e-05,1.10545426245911e-07,0.000302863954908164,0.99804549083672,8.86261211135961e-06,7
"19853",8.83829854340281e-06,6.93818885342843e-08,9.39023218675929e-05,0.000160955850195439,1.44030403181496e-09,0.0666712329971915,0.925030979661071,0.00803402004893825,7
"19855",0.000150154656660085,1.0083161249488e-08,0.000150516946283668,0.00167303503394934,4.65160428619581e-09,0.000398397188623138,0.997158146294678,0.000469735145040296,7
"19857",0.173070920074245,5.3263669806161e-08,0.0104604296391061,0.0152170112155957,8.53259888111776e-05,5.25259822294481e-06,0.786780087614371,0.014380919605978,7
"19859",0.0314169242907189,3.25496043308979e-06,0.00352573877085068,0.0100894266362646,4.68867154705604e-06,0.00062549969134062,0.954325512797895,8.9541809496733e-06,7
"19861",0.000311139225827378,2.77856399773745e-09,0.000574302940165783,1.626803200431e-05,1.4713525154087e-07,0.00013456742757629,0.898264452286651,0.10069912017396,7
"19863",2.90892331358527e-08,3.33164814837946e-12,2.22999480934368e-07,0.00528147455054314,5.75658392030077e-09,2.44799133898263e-08,1.53370287269677e-05,0.994702906092187,8
"19865",4.24864924644176e-06,8.03944743963049e-10,3.33491743797706e-06,0.998262973802884,4.43707019928793e-08,2.15406321224294e-08,0.00172880459064253,5.71324510283312e-07,4
"19867",0.0034347094459242,3.77866088267203e-07,0.0129755491316702,1.13060887272325e-06,1.14000652780826e-05,0.000278364076586909,0.978435900053061,0.00486256875251901,7
"19869",8.91516472573001e-07,3.01162743780731e-12,1.03709083877413e-06,2.35547898565468e-05,1.24947586313268e-09,5.93209537049821e-07,0.0070283638309977,0.99294555830981,8
"19871",0.0994774377327261,5.94103658576226e-06,0.00115842034232659,0.0366646743798349,1.18508302320468e-05,0.0001872494941114,0.862493194819801,1.23136438242243e-06,7
"19874",7.64366128017069e-05,1.07462960690448e-07,0.000452966195896187,0.768745657849042,1.05698106966652e-07,5.28101655054458e-05,0.230669241876947,2.6741387398157e-06,4
"19876",3.56262616303554e-05,6.47892647271799e-10,1.62633454033038e-05,0.150957364786604,5.43776887528824e-09,8.66004472317012e-06,0.848824738358878,0.000157341117099815,7
"19878",0.00014352237460082,1.81485409410639e-05,0.997355834799428,1.22988119569214e-06,0.00227972216376751,1.17230959041702e-06,0.000198163752568276,2.20617790855465e-06,3
"19880",3.15784531399008e-07,4.53225038460606e-11,7.38990752040975e-08,0.998631815458966,6.90232488512903e-10,6.29085789351334e-08,0.00136108069529054,6.65051800279089e-06,4
"19882",6.34851963256191e-05,7.95232332005393e-09,0.00863355820925982,0.000616168233404661,2.86126088729689e-07,0.000172829442338345,0.798941831836743,0.191571833003516,7
"19885",0.100200472402315,5.00766089985603e-07,0.00947635464904173,0.00033736567322822,3.87471419521336e-05,7.14610668930826e-06,0.889934153864257,5.25939642585337e-06,7
"19907",0.000765260706191277,5.28546252798938e-08,0.0131417352728947,7.10852476390457e-06,3.60251946191008e-06,6.55260806409178e-05,0.935468291610117,0.0505484224313053,7
"19909",0.985466498892595,4.28812138400361e-06,1.3302114730462e-05,6.41058713933223e-07,0.0138655660580503,2.34077575250837e-07,0.000621950461546719,2.75192154043784e-05,1
"19911",0.970826104518075,0.000117082730566637,0.00016909926487583,0.00605134428539537,0.0206546713980439,1.45485136047442e-05,0.00216306910775268,4.08018168588155e-06,1
"19913",1.36497852544302e-07,1.06953747315101e-09,1.60029973111631e-08,0.999992308474903,1.09147992012459e-08,1.70245299132957e-08,7.35626213074241e-06,1.53753249867758e-07,4
"19915",0.000149494640978919,7.04275298042547e-08,0.000148914162077192,0.302319592986319,5.88960827158194e-08,4.39485785409369e-05,0.697336869992135,1.05031633680502e-06,7
"19917",0.000118546914304331,2.42336553770262e-08,2.87902177631352e-05,0.991605253151341,5.18170569677387e-07,1.61624019642088e-06,0.00824406161817021,1.18945400003297e-06,4
"19919",0.00335075550808786,1.10268668978541e-06,0.00502967738619976,0.120792805888695,1.55302099836097e-06,0.000108330342943343,0.870714999647734,7.75518652011075e-07,7
"19921",0.00230006724664448,9.62664996494795e-08,0.00627734816623557,3.90477003832676e-06,1.05984839027136e-06,0.000115049269224702,0.991168343422425,0.000134131010542185,7
"19923",0.000623610311657459,7.22464382497481e-05,0.991923531404198,4.90897168601588e-08,0.000183277738465303,0.000514053175685596,0.00667571047664256,7.52136538463393e-06,3
"19925",4.85041721987143e-05,3.12852963702949e-08,9.96117871159819e-05,0.940174245618948,9.7315398724746e-08,4.671470930896e-06,0.0596724281559497,4.101941620514e-07,4
"19927",0.00119833164491007,5.85036187096088e-08,0.000276925517296628,7.49067392776255e-05,7.68847550794969e-08,0.000147394083235626,0.998290846727656,1.14598992503344e-05,7
"19929",1.91149369561565e-07,7.71154766404215e-12,7.43029516165674e-08,0.549688137811098,1.15927614618151e-08,4.64113764165114e-08,0.000131287774618166,0.450180250950113,4
"19931",0.00750667623933474,2.10165371201772e-06,0.0011377719618209,0.000444485933576575,3.35630862895049e-06,0.000214956429792881,0.990690238798026,4.1267510792054e-07,7
"19933",0.940250684290875,0.000183680267548869,0.000180720161196942,0.000188662478768123,0.00780237225878548,1.06022002767533e-05,0.051383189213646,8.91289029323005e-08,1
"19935",0.199378973093518,7.17483023614632e-07,0.0224717611642861,0.000877107921621774,0.00395853891381072,2.34719557644824e-06,0.772793319205537,0.00051723502262624,7
"19937",0.0029980156785842,4.49279949751602e-06,0.00402832905985937,6.86823324482056e-06,1.10835389779323e-06,0.0014641858347988,0.991495779888034,1.22015208304992e-06,7
"19939",0.00174365859069943,3.06991364841458e-06,0.275732419821686,0.000770257476306273,6.53146833269716e-06,6.40730326060291e-05,0.72167724143086,2.7482658612021e-06,7
"19941",0.854375736740754,1.7736382795969e-05,1.39816735102118e-05,0.0347877177379586,0.109016555441504,1.39305085617544e-06,0.00164440927512933,0.00014246969749211,1
"19943",1.52857321465266e-06,7.62908983723239e-09,7.09635676334134e-07,0.999514366844736,8.85971940775360e-09,3.04905477867142e-07,0.000483031849113552,4.17029721914393e-08,4
"19945",0.958692711625197,0.000571698191284647,0.00454454520505854,8.95719362284225e-06,0.0240293805935598,3.62736713218704e-05,0.0121163848683034,4.86516518740428e-08,1
"19947",0.283689123086036,1.96657619901508e-05,0.000265980864514368,0.690438389487013,0.00402609392577994,1.43917005827099e-05,0.00442521290571625,0.0171211422683673,4
"19949",0.00698431944558369,0.00071719324397676,0.971572301116414,3.68372069174486e-07,0.00290414398538059,0.00013422678345312,0.0176872409546246,2.06098497288631e-07,3
"19951",0.00139696959403812,1.46202615740704e-06,0.0505594024374581,0.723592242300966,4.35628420731879e-05,1.38656220673771e-05,0.224387160920075,5.33425716467164e-06,4
"19953",0.0648611952463584,0.858554388760624,0.00211932094420745,1.71789187487375e-08,0.032905377159804,0.0413693725248794,0.000190309120433416,1.90647743781924e-08,2
"19955",0.508665797424562,0.0215611866297274,0.332510744717677,1.07963202209568e-06,0.135389240353551,0.00156578564981361,0.000297953438127343,8.21215451993177e-06,1
"19957",0.0156160078792184,4.47210844482096e-05,0.000189473650573086,0.925841192698901,4.90455119620299e-06,0.00642439796664512,0.0518674783769872,1.18237920311308e-05,4
"19960",0.757229899595032,0.000109155990417591,0.00577939956927312,0.000192504516595427,0.2363290158299,2.00578009753341e-07,0.000330233823107085,2.95900976651485e-05,1
"19963",5.78299671029212e-05,0.00322503947614186,2.00229611059755e-06,0.912238757613624,3.58479522508318e-05,0.0843105393091136,0.000109218636334046,2.07647493220232e-05,4
"19965",0.0973417234433113,0.000331240107032168,0.149606608384209,6.71923884985733e-09,0.752669316084917,1.07108385268176e-06,1.59312490471951e-05,3.4102928391912e-05,5
"19968",0.00141748711526184,4.32116275837786e-10,3.42552254221928e-05,0.758947295839327,0.000126001716819145,3.42364299172087e-09,0.0117589436138052,0.227716012633606,4
"19971",4.34729214028722e-05,0.000964554164504643,1.19042823331905e-05,0.998801445105109,0.000159270929573852,1.66641180752806e-05,2.55301701047267e-06,1.35461990648953e-07,4
"19973",0.00144600726041302,7.39419104196936e-09,0.000525723482496305,0.00195578858835546,3.36154174014876e-07,3.81140010518223e-06,0.996051962224884,1.63634953807682e-05,7
"19975",0.000118878118792364,9.74034544352878e-10,3.58875143701953e-05,0.975779025267154,3.83667746916015e-07,5.96201100153014e-08,0.0240503058538824,1.54589839094379e-05,4
"19977",9.61713834338235e-06,2.21315637078032e-06,0.000468830100136,0.99919158951016,6.71352383825657e-06,2.69264995990172e-05,0.000240006897077796,5.4103174475303e-05,4
"19979",0.083417246333681,0.0034739184893693,7.22209268792776e-06,3.35817984925611e-07,0.913101160930539,8.34578629359135e-09,1.07869722321649e-07,1.20228852829099e-10,5
"19981",0.477370267225629,4.97655601813085e-07,0.000928250796499366,0.000192715367726798,5.11295444395972e-05,5.85833048434875e-05,0.520908421919923,0.000490134185337437,7
"19983",0.248899806915634,5.86600906641329e-06,0.373024434272579,1.45249186297851e-05,0.000246814770722522,0.000124319777253072,0.377292272100475,0.000391961235639782,7
"19985",3.30708346679156e-05,2.20883938885536e-09,9.86912742019098e-05,0.757362904653295,1.32184806873503e-08,6.04438756607748e-06,0.242478234080597,2.10393423528345e-05,4
"19987",0.381944000302884,1.0992379645656e-05,0.000301393018343058,0.0259830987406534,0.00044704286749713,2.12572796373978e-05,0.591290047796338,2.16761500114855e-06,7
"19989",0.0994883697526491,0.0257239717020761,0.000162067914643202,1.04429450442224e-09,0.874622428386825,8.81676370009478e-07,2.27921267264442e-06,3.10469109141965e-10,5
"19993",0.0763519475151801,0.000329094247074533,0.749336196322175,0.0110883627357025,0.0189021095021279,4.41315737693812e-06,0.143987577689924,2.98830438910092e-07,3
"19995",0.719928271450125,0.000152345069529975,0.0553163501312754,0.00446404379099364,0.113555912131043,7.61354640732958e-06,0.106571638006423,3.82587420325321e-06,1
"19997",0.00037067625373957,1.81795383223454e-08,0.000319392563926725,0.00360341788733738,9.41085587544949e-08,5.68411081523534e-05,0.995633912849193,1.5647049553846e-05,7
"19999",9.86205623579713e-05,4.12696876676831e-10,3.54975689684003e-05,0.0186238037079729,6.48322054006288e-09,8.65862774587117e-06,0.980785484372641,0.000447928264396823,7
"20002",2.99881700632338e-05,5.3961269432728e-08,3.32925120070342e-07,0.445104986500051,7.6019205448072e-05,1.97214689353011e-06,0.000261933853872661,0.554524713237282,8
"20004",0.96226390846108,5.28207848515515e-06,1.42983633929519e-05,0.00112439330297965,0.0187265002649338,1.08382140483146e-06,0.0177881142130654,7.64194946587381e-05,1
"20006",0.46273635153646,0.000702579972535032,0.433839836855432,0.00045969670742285,0.0991032691848606,9.60378431516032e-05,0.00154048786756782,0.00152174003257008,1
"20008",0.00549376719218961,0.00106516043530768,0.82394164050625,3.7032483279888e-05,0.168397989428084,6.96609050389288e-05,0.000971224399190206,2.35246506593627e-05,3
"20010",0.353767683957706,0.0350420107641307,0.520211673000679,1.35310827644484e-06,0.0874767700853327,0.000209275837225107,0.003291228685394,4.56125606535597e-09,3
"20012",7.64102003980291e-05,4.1887230376552e-09,0.00216725275557556,0.765193404643975,1.12426198006755e-06,7.58311838252601e-07,0.224999275130975,0.00756177050653522,4
"20015",0.019485285601216,8.10222982206831e-06,0.00133841761652853,5.35148394719842e-09,0.979167358520263,1.93100017304907e-10,6.57295813249113e-07,1.73191773363346e-07,5
"20017",0.000553730063512335,9.66271376232981e-10,5.95936158340976e-05,0.00870380226526941,2.87173741012289e-08,1.09821772755089e-05,0.989271816255733,0.00140004593873034,7
"20019",0.00399205660624428,0.0125906175741043,0.000138604138153259,5.19711656729316e-10,0.983278708709898,9.20572156084782e-09,3.23417969651423e-09,1.19879715365516e-11,5
"20022",0.938685158354341,0.00143920755698038,0.00548300400304951,3.36745453562185e-07,0.0540068777878343,3.56137369100925e-06,0.000381850072442949,4.10620710059852e-09,1
"20024",0.0103171594128372,0.79039615041644,0.0001403556629067,6.41380049934399e-09,0.198914326134304,0.000231741475260043,2.44270192607539e-07,1.62142591448817e-08,2
"20026",0.0103171594128372,0.79039615041644,0.0001403556629067,6.41380049934399e-09,0.198914326134304,0.000231741475260043,2.44270192607539e-07,1.62142591448817e-08,2
"20028",7.65993733496608e-05,3.19530430518242e-09,1.28763904557806e-05,0.05342356983141,1.34911243603917e-08,3.48618680199463e-05,0.946402944216541,4.91316337944116e-05,7
"20030",0.316247064320185,1.89269265357668e-05,7.5285211630372e-06,5.77350357784034e-05,0.68364870772085,4.91501665245002e-09,1.68761985292454e-05,3.15636194184147e-06,5
"20033",0.0167059444436097,2.18919163567287e-07,0.000212827277047066,0.164599150025313,5.68184523364271e-06,9.11391120132797e-06,0.818450098318616,1.69652598163094e-05,7
"20035",0.00672442493343683,0.0252475396719777,0.000306084372101148,7.34964637363111e-10,0.967721914863219,1.91345429056485e-08,1.62472557706031e-08,4.25022616281683e-11,5
"20037",0.00743337299786252,0.00101353209894152,0.000656635475900227,1.56935319165087e-11,0.990896428869434,8.96975967048029e-09,1.97570458238962e-08,1.81536272822375e-09,5
"20039",2.04321284063203e-06,0.997769846721318,2.1351623479603e-05,6.5682982927775e-12,8.84028605145974e-05,0.00211835158294174,3.98160039575421e-09,1.07371490121439e-11,2
"20041",0.0170062436457347,0.000242174817012274,0.97852211788416,1.99491976604002e-05,0.000260905945079531,0.000362065502173606,0.00358451507600524,2.02793217387837e-06,3
"20044",0.119461866277932,0.00298936930517744,0.851085411256696,0.00142633447472003,0.00237680890103273,0.00150196267139026,0.0211465831083739,1.16640046777492e-05,3
"20047",0.00552417594050879,0.041839596815992,5.52682580761428e-06,9.18839265592228e-09,0.952630657357323,3.26752720144589e-08,1.18821506806539e-09,8.48889999889479e-12,5
"20050",0.00610401244003235,0.530880820485946,0.445462218164065,8.34896854117903e-06,0.0144249175382573,0.0021381299196905,0.000981552334282762,1.49184663084015e-10,2
"20052",0.129439566833554,0.000173959602433699,0.0293549541256207,0.0308969581217372,0.000244953948513428,0.00100086494015175,0.808888536305877,2.06122112141694e-07,7
"20054",0.804624687615649,2.35684724303047e-06,0.000198439445730387,1.72974044519966e-06,0.195124385196751,1.98003681299845e-09,3.90821474732342e-05,9.31702667165023e-06,1
"20056",4.81371654820831e-05,2.37337504884025e-07,1.3543569618061e-06,0.99889336224873,8.47400266994697e-06,2.72223089136418e-07,0.00104801470878825,1.47956774288279e-07,4
"20058",0.109540500749072,0.00577411287596351,0.000367743055713183,2.19031387395087e-10,0.884315719130796,3.33214734479912e-07,1.58583031827391e-06,4.92437102593241e-09,5
"20060",0.00302751970682488,5.59001324194265e-07,0.00145914124185776,0.000106382899940074,6.56380710480278e-06,3.28967481263316e-05,0.995361084241444,5.852353377515e-06,7
"20062",0.0189770822749584,2.13205424774867e-06,0.293784434564997,6.43601025233702e-05,0.000154498879626552,2.14022114595483e-05,0.686983903295995,1.21866161924545e-05,7
"20064",0.974182232675547,3.53406030676081e-05,0.000194284021809634,4.15911024519284e-05,0.0229689089136501,2.54006776405133e-07,0.0025773663339592,2.23427383276349e-08,1
"20066",0.0776536823754757,9.4040566050034e-05,2.40435966242955e-06,3.25158332907675e-06,0.922245835232979,1.16529533296126e-09,5.27128649739293e-07,2.57588558847232e-07,5
"20068",0.000661955731868223,1.67822202255533e-08,0.0103605174636995,2.34677016251941e-05,2.84724203440513e-07,6.54904013556488e-05,0.988227638235844,0.000660628959183435,7
"20070",0.000860530132982562,3.74704107634382e-06,0.0203571601243475,1.50583775993323e-05,7.22381020759117e-07,0.0145911081596409,0.964143898943022,2.77748403102287e-05,7
"20072",0.2442012789061,3.50674569514815e-05,0.0168093798367652,7.68844994680003e-09,0.734341113422637,2.11151073845617e-07,6.43701538420696e-05,0.00454857138418042,5
"20074",3.11021526656084e-08,3.01143859498376e-11,6.1611064957868e-08,0.999770349791832,2.00067285205434e-09,2.03889220271407e-08,2.45228248340068e-05,0.000205012250407102,4
"20076",0.0398446016498545,6.78565794533239e-09,0.000277897240358048,0.611548121181444,0.000310311680381478,1.28503365464786e-07,0.0243805716100279,0.323638361348911,4
"20078",0.963587583235073,0.000608462962358991,0.00197789328470748,2.9295761261173e-05,0.0302328155625391,5.68905016799926e-05,0.00350691721868795,1.41473692273343e-07,1
"20080",0.0319606945373817,0.0109107024487748,0.000186821548413698,4.51282531075129e-09,0.956941662855416,1.75922220013312e-08,9.64960212482865e-08,8.94471776305767e-12,5
"20082",0.000242301470665879,0.997857945543336,3.58902813254738e-06,5.64529003218158e-09,0.000342642822815159,0.00155326359248347,2.51896190321147e-07,1.08594033786714e-12,2
"20084",0.930632142344489,0.00625207859242013,0.000282875356648587,0.0156546643593196,0.0456577280746834,0.000160278806127096,0.00136018324273211,4.92235797936498e-08,1
"20087",0.718721962174468,0.000279995561793356,0.0939025512332684,2.16852220614277e-07,0.18210822628357,3.77571714236348e-05,0.00493104849360113,1.82422296550035e-05,1
"20090",0.0154561139296232,0.159044959156748,0.0424006991693158,3.28988499937498e-08,0.783095947836776,8.69540716610512e-07,1.37744687483451e-06,2.10950745098298e-11,5
"20092",0.00791894922411088,0.00677521695581895,0.0550596741414678,5.03478672421663e-09,0.000103826999392747,0.927860173762206,0.00222435239889819,5.78014833185448e-05,6
"20096",0.0124035756499647,0.00498588315920541,0.0191129473728067,0.00138212023945763,2.57519857900852e-05,0.914689728167202,0.04739927205496,7.21370613622435e-07,6
"20098",0.00294272506931405,3.99251776961766e-07,0.000350776541767931,0.148375759409862,1.21331775249346e-06,2.08627115950757e-05,0.848306529897444,1.73380048713493e-06,7
"20101",0.277238919346792,0.0110491442303379,0.000585186859893917,0.000115490313491609,0.710995143213645,5.74757330033846e-07,1.55405518798208e-05,7.26629444302595e-10,5
"20104",4.6543330337734e-05,7.36714241217554e-06,4.47565874848669e-05,1.90897333758642e-05,1.75398868619761e-08,0.984816322969123,0.00754716924658852,0.0075187334507913,6
"20106",0.417595442631637,0.000482891398641011,0.0104794010357603,4.78760483876824e-05,0.571216168427348,2.44043424576811e-08,0.000178192827394543,3.22648872925386e-09,5
"20108",0.00513505097508264,2.10591889180969e-08,2.32498749880977e-05,0.00725294017951727,1.67643990014922e-06,9.98332800042282e-06,0.987509729642668,6.73485006544725e-05,7
"20110",0.00676027370270782,0.023417130685254,0.453962905751958,0.123456742732283,0.000172772849268484,0.195736218571347,0.196493880446617,7.52605651480556e-08,3
"20112",0.135269015037327,0.036064349827206,0.518778669442044,1.33076842792691e-05,0.306530331916726,3.25867843917461e-05,0.00331173149459847,7.81342767878789e-09,3
"20114",0.969484946939483,0.000242091130565197,1.41356186053613e-05,0.0166458219260163,0.0083418678154937,1.76800402973022e-05,0.00525325579326241,2.00736276578229e-07,1
"20116",0.947506582608279,3.35449966287407e-06,4.49372652215646e-05,0.00745050812278979,0.0443802961786501,2.35978083329225e-08,0.000603574418195564,1.07233093931146e-05,1
"20118",0.673267578804328,2.77476788053471e-05,0.000426383302277795,0.0345366247929363,0.000303245965526621,6.91211393483895e-05,0.291368703143097,5.95173680430202e-07,1
"20120",0.597050193653187,0.161683550219017,0.00955782114615564,0.000714369437051918,0.22925522052738,2.91279448851539e-05,0.00170971662775699,4.44566594513871e-10,1
"20122",1.94204071658805e-05,4.74705696639485e-10,2.62171617640075e-07,0.999220984203598,3.5787981029074e-08,4.3279496828615e-08,0.000753741193685402,5.5124817498512e-06,4
"20124",0.262960458937595,0.00789427154654632,0.00151991935707762,6.9100768709052e-10,0.727620518890759,3.92862827715239e-06,8.47341027219353e-07,5.460771049343e-08,5
"20126",0.00218654683873093,0.954610282001263,5.45658517798801e-05,7.16810742965102e-08,0.00161390618637104,0.0415344666040963,1.24239952885562e-07,3.65967321312324e-08,2
"20128",0.000184023064631586,0.899700727874083,1.8333218782502e-05,4.6508069443495e-11,0.100084667086675,1.2248569785629e-05,1.0209561870565e-10,3.74388161412559e-11,2
"20141",0.000939536635044725,6.71791997933724e-05,3.5230744877702e-05,0.0156294433075648,4.3946676963182e-08,0.782204533263648,0.201112290895013,1.17420073810593e-05,6
"20143",3.89456192181409e-08,7.3146495981952e-11,7.23014437038817e-09,0.999985073855459,1.57191246411113e-09,8.74059529931439e-09,1.2100082583803e-05,2.76950053906419e-06,4
"20145",0.849170616156714,0.012387664905382,0.00992012403633211,2.66505805462797e-06,0.12692853606648,7.86969411859211e-06,0.00158252373660064,3.46317731852496e-10,1
"20147",0.928089452652529,0.0001788804606707,0.000456194586481595,1.27875640138733e-06,0.071144474960952,1.50746006441048e-07,0.000129564685324551,3.15163399675798e-09,1
"20149",1.66173910617303e-06,4.4521397448502e-10,3.62955448223444e-07,0.999253362002761,3.51766743450395e-09,3.14944989907269e-07,0.000741644428399751,2.64996641387093e-06,4
"20151",0.00178161759365741,1.47907665280997e-07,0.000470420528834507,0.0421992841951955,2.11992728036153e-06,6.9268713738429e-06,0.955538248680468,1.23429552519638e-06,7
"20153",0.00272676797759433,0.00140730486494243,0.00364097809969224,0.650448954933737,3.13942096827599e-05,0.00541916257485148,0.336325423905427,1.34340725524082e-08,4
"20155",0.454781944771538,0.00082349906463079,0.0760984845061126,2.18185937048349e-07,0.468274550076203,1.12105212263815e-07,2.11660609052128e-05,2.52294617124029e-08,5
"20157",0.000622324952952341,4.60845649379892e-07,4.97863596667333e-05,0.414306782914127,1.26230558425573e-06,2.20518252525827e-05,0.584996166326249,1.16447051864119e-06,7
"20160",1.01815695504697e-07,2.62067612339631e-10,1.12602508006594e-08,0.999980283647267,3.08370901455912e-09,1.40375229153454e-08,1.92360403360323e-05,3.49853151224889e-07,4
"20162",8.34951379175352e-07,1.39833768532436e-10,2.04019998449932e-07,0.996195093693717,1.20043778317208e-09,1.61341768764188e-07,0.00380047432510633,3.23032775847806e-06,4
"20164",0.000106148987422187,7.10598572052732e-07,0.000774158711722303,0.956171333210009,2.23869435985115e-06,2.63451092944193e-05,0.0429180387702857,1.02591833432396e-06,4
"20166",0.0444886963272617,6.56019499710462e-06,4.01689345665501e-05,0.000357965349412653,0.955032455884559,2.46383426207359e-09,7.50124711432571e-06,6.66495982543656e-05,5
"20168",0.000175112121214667,2.37312480373624e-08,4.92536051709685e-06,0.000360654076635389,0.00138677291457692,3.20000142154841e-08,2.92900175806303e-06,0.998069550794036,8
"20170",0.00570828883238086,1.24765561343502e-06,0.000184431635439372,0.26129255016474,6.09558540751369e-07,0.000263715104206015,0.732548433822421,7.23226658972306e-07,7
"20172",0.930691304433215,0.00150328625345821,0.00187833350305135,5.87733920034235e-09,0.0657006375058396,2.39556891469543e-06,0.000224031545579861,5.31260183979331e-09,1
"20174",8.43108917909535e-05,1.13193524033561e-10,2.07013001628886e-05,0.127491666184037,1.95995924470704e-08,3.1770037398867e-06,0.741496571519783,0.130903553387701,7
"20176",2.66482392902981e-05,5.01678539694731e-10,6.35332104868095e-06,1.44617144546731e-06,2.14432120077243e-05,1.6516865124559e-08,1.67611488437578e-05,0.99992733088882,8
"20178",7.85109246420211e-08,6.94348006706705e-10,1.3530954211298e-08,0.999990636144148,4.35354135277273e-09,1.642169044554e-08,9.09921543513492e-06,1.51128958187905e-07,4
"20181",0.317280031406107,3.76531106682192e-05,1.40723785893611e-05,0.00359857747888335,0.679046824296544,3.46869885925057e-09,2.22374515387747e-05,6.00408970180389e-07,5
"20183",0.0705298510080671,5.78002809578321e-05,0.00783009749629139,4.23747027343037e-06,2.73524539232482e-05,0.00403898992361443,0.917509751685757,1.91968111574273e-06,7
"20186",0.120204362064859,0.000261103244533579,0.165880736010208,8.47100055332451e-08,0.000854885332560275,0.0305707656078138,0.678962267336931,0.00326579569308864,7
"20188",1.41835592963978e-07,5.22252619065683e-10,7.13545384044106e-08,0.999819012664563,2.92378873167832e-09,6.07213758245758e-08,0.000180484489970187,2.25487918483409e-07,4
"20190",0.091039733891522,0.000111441258140478,0.000163061030695173,8.98899580962055e-08,0.908682655147314,1.32854244130383e-09,3.01036996650469e-06,7.08386089672976e-09,5
"20193",5.06841506245841e-05,1.17463205900877e-07,0.000137893910088099,0.980899088464476,0.00132909696771841,6.665323374152e-08,8.05796183839595e-05,0.0175024727722696,4
"20195",0.00210688324183661,2.23755885397311e-06,0.00404532178115675,0.811857901417093,4.51255825253826e-05,6.96671239425587e-06,0.18193439889229,1.16481384989712e-06,4
"20197",0.757352518531857,0.00101570879112207,0.033162243710787,2.47586464348403e-08,0.208235143592751,1.14585992853459e-06,0.000233187896267959,2.68586403185334e-08,1
"20199",3.21801686537238e-05,6.99278838838613e-08,4.32010929476221e-05,0.931025842594702,1.77335997592716e-08,5.1512494202966e-05,0.068846725773206,4.50214803518069e-07,4
"20205",3.4806042231743e-05,0.936060513229075,0.00102187886150638,1.45956347472904e-09,2.51188024354455e-05,0.062855451450193,2.23013169688337e-06,2.32979756335292e-11,2
"20208",0.011372807366763,5.58022447603646e-07,0.0027069808872222,0.00801137375412852,1.5805490832537e-05,9.51259891286526e-06,0.977867895697042,1.50661826516828e-05,7
"20210",3.93397321149368e-06,1.0646363479137e-09,1.18725516139962e-06,0.986057024343673,4.55066294259233e-09,5.27058623259033e-07,0.0139360572940209,1.26446001123974e-06,4
"20212",0.000337954749844983,2.22854806589786e-07,0.000252867499055486,0.853578459127523,1.82872768677301e-06,4.43446839882454e-06,0.145821999478651,2.23309403441992e-06,4
"20216",0.899946670868752,9.50048287000654e-05,0.000115589069083236,1.77526303105891e-05,0.0995654238140539,5.19866217283622e-08,0.000259439478514304,6.73239640726042e-08,1
"20219",0.206098220057072,0.71877765768852,0.016118268404298,3.1678208354647e-05,0.0445793748717594,0.0132457205630653,0.00114907947769842,7.29231804075995e-10,2
"20223",0.00201888189983876,8.57881667406119e-05,0.00126856337245935,3.18699888960388e-11,0.996403352096518,4.67484356566438e-08,5.5657959378859e-08,0.000223312026178589,5
"20226",0.00180405125981403,7.22498968727067e-05,0.978419473049484,7.59966057537128e-05,0.000218899607218404,2.17818955865863e-05,0.0193875089377583,3.87475125105957e-08,3
"20230",0.0400047177605024,0.000472547163420284,5.34834033656053e-05,6.23026317498384e-09,0.959468577830247,5.0342733368378e-09,6.58994439334497e-07,3.58348892651469e-09,5
"20233",3.89225936262667e-08,0.000319085710567404,3.03792563607895e-06,1.84452782522518e-07,8.10450362592597e-10,0.999662063593066,1.55858693854425e-05,2.71551859030405e-09,6
"20235",0.146661161911891,0.0413566007999043,0.172898038050984,1.44352374170053e-09,0.638502136244807,0.000479518352665065,1.49215378687457e-05,8.76216583566532e-05,5
"20239",0.467804394929412,0.000174884369508544,0.285139342924916,4.89600029596924e-07,0.243607874148057,4.9518479119492e-05,0.00124966823309281,0.00197382731586511,1
"20254",8.02913872659874e-05,0.999134074512726,1.12360824317105e-05,2.47041788915596e-10,0.000475156532025421,0.000299220556764312,2.06816345658892e-08,1.10492089831375e-13,2
"20256",0.732564919010257,0.000624431583077069,0.000393408737154609,1.06451086242622e-09,0.266413304744941,5.36012530260554e-07,3.27382578649962e-06,1.25021742482177e-07,1
"20262",0.00119172562794096,1.03961573297618e-07,5.14685018345287e-05,0.57969644283738,4.1097930859763e-07,9.88460351011511e-06,0.419049067067362,8.96421090024876e-07,4
"20270",0.167652446901306,1.92700830929254e-05,0.000499507933390126,0.00270345035411304,0.818785748041519,2.42202069494798e-07,0.00854004350325746,0.00179929098125175,5
"20284",0.0196414150657827,0.0720174317430375,0.0756877239136235,1.11297885500379e-05,0.00045495761352287,0.409469575849773,0.422717652841318,1.1318439263951e-07,7
"20287",0.00156543925977086,0.00021986994702264,0.000485193666911406,3.6285716367915e-11,0.997729487187104,7.07370657885531e-10,3.68620698781018e-09,5.50932776469169e-09,5
"20290",0.000684999183373701,0.956821469469459,0.00488192921323123,1.25455130240295e-05,0.000213541049977359,0.0365627322176175,0.000822783298854604,5.44632511820455e-11,2
"20293",0.995607559154024,0.000163076614822149,0.000103802577165689,4.28124614066094e-07,0.00286792517897794,1.27262476449923e-05,0.00124444437955944,3.77231919838587e-08,1
"20296",0.0402616070243462,4.95585393096003e-09,0.000457685415008409,0.675027215657574,0.000224556106121879,1.43573755378708e-07,0.268123919999701,0.0159048672676392,4
"20301",0.000248890119004703,0.000571821149247393,8.02790379132101e-05,5.01056894460823e-07,0.999098505253087,4.93288916698248e-10,2.07740110747359e-09,8.13163743506816e-10,5
"20304",0.00205711404735407,0.990145476271637,3.02860567484691e-06,1.57672113723316e-08,0.000259591040090491,0.00753376536788772,1.00889295162513e-06,7.19298361803451e-12,2
"20306",0.0550155230790991,0.00775287612434978,0.000235890380644911,1.76784425280862e-10,0.936993964283344,7.70934670769231e-07,9.70389917129382e-07,4.6311897599733e-09,5
"20309",0.741576300380917,0.0025523040105266,0.160056824525853,4.47769103025846e-05,0.0146610627061584,5.93805396965284e-05,0.0810490290488138,3.218777315371e-07,1
"20311",0.804966499348599,0.000688123176422528,0.000759222752177933,0.000195344113703285,0.192523679910578,1.20194565420147e-05,0.00085463323578744,4.7800618953272e-07,1
"20314",0.0241786509594103,4.76201811973582e-06,0.000894267407558469,0.0146735745565725,1.57695947394569e-05,4.27934437200215e-05,0.960190017259603,1.64760277094133e-07,7
"20318",2.71990010022293e-06,5.22322105707725e-09,3.40199291382445e-08,0.999943032359754,1.51972964337939e-06,1.324306368778e-08,4.93756658641997e-05,3.29985842419529e-06,4
"20320",0.00117938576421082,0.000122501294141181,0.589117958768168,0.000996043551163257,3.93330494251772e-05,0.0042370461319605,0.404302074317778,5.65712315221847e-06,3
"20326",0.036320602979909,1.13319626995901e-05,0.000407936301112369,0.0378579576854996,2.33466837643925e-05,0.000157322651220642,0.925221067424243,4.34311551063144e-07,7
"20328",0.00401600876648657,8.90266720566032e-05,0.214104173292908,4.98612644885405e-06,1.68435601129617e-05,0.00754350402746301,0.774222872179224,2.58537530063767e-06,7
"20330",0.0181208641091728,0.00322637282907499,0.913510378079885,2.22819318862517e-07,0.0650709430808327,3.17213734368098e-05,3.92967543509499e-05,2.00953927721171e-07,3
"20336",0.0675099631889847,0.487496970277184,0.00372534109467727,3.15348033983195e-07,0.000392040834033507,0.429880779060471,0.0109945874258228,2.77079241850893e-09,2
"20338",0.0342552876636572,0.863861787384073,0.00439682040437016,7.68894570298175e-05,0.000951351157765973,0.0962187741168359,0.000239088887448476,9.28819183250483e-10,2
"20340",0.0685049562503008,0.00287418945618434,0.000119755238592955,4.88308544151886e-09,0.928500884236872,4.99013760336272e-08,1.48025918479466e-07,1.20076693364654e-08,5
"20342",1.11300121629164e-05,0.0994382941760467,0.0157851163793231,0.000159297062141772,0.000423750869955221,0.884143151349342,2.54154799285308e-05,1.38446710995828e-05,6
"20344",0.602487631268865,0.0018466017549726,0.000414895759032545,1.22778740383578e-07,0.394827893754834,2.28970444347576e-06,0.000420453601591137,1.11377520115025e-07,1
"20349",0.250825446775417,0.000577757852104675,5.17479448429951e-05,7.29911301635023e-10,0.7485419052613,1.46736044701087e-07,2.94337213126783e-06,5.13282480458337e-08,5
"20351",0.989235728127364,0.00233099560356856,0.00161144408034726,5.13537141348053e-05,0.00473307588519394,5.47672337237456e-05,0.00198257462421099,6.07314566738649e-08,1
"20353",0.0257486775937781,0.0615611581381286,0.79991317609253,7.89320393729184e-09,0.112729365724758,2.76656075046578e-05,1.99468750937951e-05,2.07500269468301e-09,3
"20357",4.73842828499212e-05,0.98826303716341,0.00189054593476716,4.39245435500211e-11,0.000288378282867919,0.00951008921337009,5.65063015265718e-07,1.57947299813148e-11,2
"20360",0.000452846304974931,0.0919256420636988,0.822622804874484,3.24837626289892e-07,0.00383126540114181,0.081011860794469,1.48133967875973e-05,0.000140442326817252,3
"20364",0.419891132884623,0.00621112335161476,0.457112398308195,4.361402671647e-06,0.106034589049255,7.49811289707171e-06,0.0107388890047814,7.88596205357238e-09,3
"20366",0.00561084731840163,0.328555626746803,0.000708591055096727,5.45770069049822e-06,2.22390463061648e-05,0.662568124360733,0.0025291117741505,1.99781889096732e-09,6
"20381",4.35314126458648e-06,2.97212102086085e-10,2.32675130172932e-06,0.0114285669677873,1.39659577919761e-08,5.2991274094179e-05,0.00213512597833673,0.986376621624045,8
"20391",0.132557538115698,0.00162568398852897,0.586344223309047,8.13983273918003e-09,0.0357365630969362,0.0277425184884589,0.00867310199076264,0.207320362870736,3
"20394",0.00136416215451341,2.06207145534648e-08,0.0176342277961513,0.000467602914805295,9.63053021607977e-07,0.000103914870713997,0.979068547274504,0.00136056131557565,7
"20396",6.85210169444956e-06,2.4647169754717e-11,3.65986204204523e-05,0.00631107787004498,3.8599646122833e-09,6.52404692674431e-06,0.289930795384038,0.703708148092263,8
"20409",0.792660176049134,0.000339768519467848,0.000120472607282549,0.100447578640408,0.0305733384180163,3.59388707874576e-05,0.0758211347793197,1.59211558455428e-06,1
"20411",0.408676305801505,0.3482626184613,0.037099383773231,5.27591004597817e-10,0.205572817679593,0.000362533448023212,2.63381555876039e-05,2.15316860411698e-09,1
"20416",5.86150341037475e-05,0.990448635523052,1.72053572720555e-05,6.00098829475869e-13,0.00945023761227054,2.53063329081726e-05,1.36857070815524e-10,2.93632526136274e-12,2
"20418",6.43656456010477e-06,1.40424548749987e-11,4.11974262578722e-06,0.0342025716252382,3.33522278726958e-09,2.5217483268955e-06,0.207844757320634,0.757939589649349,8
"20420",7.71131152444487e-06,0.0018040761805603,3.72785266834966e-05,5.99349742325569e-06,1.06142163581581e-08,0.9975327179256,0.00061220016631077,1.17776809936828e-08,6
"20422",0.0385880889111027,0.00145721209979527,0.0355642980855266,1.79018174262287e-05,0.924308423305439,4.04053948090552e-08,6.4026144264472e-05,9.23105063548089e-09,5
"20424",0.349012581809749,0.191232839936871,0.143776090716072,2.2816959336007e-09,0.315894080598222,6.36267436011133e-05,2.07767957216078e-05,1.11806646203971e-09,1
"20426",7.44520546216277e-07,0.619804442264535,5.30591175506293e-05,0.00016234077285145,1.86095751614888e-06,0.379972972641382,4.57959522919713e-06,1.3038937576201e-10,2
"20428",0.905114601445854,2.10338693509696e-06,0.0641377461953641,1.81222441098147e-06,0.0250441278646523,5.95078030461103e-07,0.004962151912649,0.000736861892104583,1
"20431",0.0188302388692895,0.00212529767825977,0.358567599646011,0.0821083092851385,0.00195571759448403,0.000469979095109611,0.535942384056133,4.73775575035515e-07,7
"20433",0.00341743000687136,7.20018446214261e-06,0.000113349301139221,5.50270143570459e-10,0.996441311353538,1.66320787209874e-09,2.94945491451645e-08,2.06774459617396e-05,5
"20436",0.00130918054114144,1.12893262039557e-08,1.81466282762137e-05,2.06634527304791e-06,0.00165814731423333,1.67038093427818e-08,5.26251134974673e-06,0.997007168666591,8
"20439",3.33631155841074e-05,5.92519188653835e-11,2.38190750991938e-05,0.132129599379854,1.57565662267814e-08,6.24159588648718e-06,0.655967170623518,0.21183979039424,7
"20441",0.000428428744944005,0.938422982094821,0.0167217877541892,7.41703940349095e-08,7.39127056053761e-05,0.0443428297222841,9.98473827497406e-06,6.94869148836504e-11,2
"20444",1.1352973689257e-07,1.11218691374357e-10,2.21651212518697e-08,0.999904432345657,1.12445825137109e-09,2.25330117059752e-08,9.46391010099542e-05,7.69089785922611e-07,4
"20448",0.0601298928948363,0.000132238511779676,8.85006543655138e-05,0.14108680702703,0.000235049681478968,0.00247202232633385,0.795753889632514,0.000101599271661149,7
"20536",0.001401962859862,3.38388952449466e-09,0.00363614383817611,3.52443715894324e-06,1.62674907535636e-06,2.36184426354036e-05,0.165478440151526,0.829454680137677,8
"20538",0.694204901791098,0.0957695313972534,0.000152011420454509,2.43659243312732e-07,0.0028948169508675,0.200003979538025,0.00697321674012348,1.2985029346053e-06,1
"20541",0.0230715563007257,0.356969166375415,0.00246214671760927,7.30824375522781e-10,0.617493355839513,3.59222656547953e-06,1.81802111924254e-07,7.23543806458996e-12,5
