"","V1","V2","V3","V4","V5","best$classification"
"19812",0.0603086116200533,0.932494398707923,0.00702781344878419,0.000169176222828419,4.10957512000805e-13,2
"19814",0.0194078735644557,0.835528772406847,0.00221950620868122,0.140131941088985,0.00271190673103146,2
"19816",0.00519863044145669,0.990955019629197,0.00384634992832724,3.87467442919119e-20,1.01933053739379e-12,2
"19818",0.0205607953879654,0.977446160442062,0.00198719769464621,5.8147620628361e-06,3.17132635572813e-08,2
"19820",0.932677993754086,0.0339840543476461,0.0333379518982685,8.29947221856863e-57,4.65241630933182e-32,1
"19822",0.017946586417043,2.14797521259266e-14,0.982053413582936,2.31380618106904e-53,4.55248903634389e-81,3
"19824",0.862884422935986,6.4093287572003e-05,0.137051483776442,7.51020172776619e-32,2.40403736077171e-34,1
"19826",0.231355224494602,0.742174342726888,0.026398008007359,7.24247711398649e-05,1.06540495767345e-14,2
"19828",0.276242717387322,0.717915257794546,0.00584202481813161,1.61725371768786e-31,1.73487241222123e-25,2
"19830",0.815289567659447,0.000195236724425148,0.18427365304937,0.000241542566758419,3.63417766402617e-21,1
"19832",0.72662712419517,4.40668810612005e-05,0.273328808923692,7.63467449356456e-14,1.56721535589484e-28,1
"19834",0.226640581465832,0.752368988262245,0.0209904302719229,4.44895932280715e-16,2.74565084553673e-28,2
"19836",0.676841890499655,0.266400127188774,0.0567579806620322,1.64953848479095e-09,2.59075895660388e-16,1
"19838",0.00803210948624116,0.000141161884793403,0.000629304449107667,0.991018699804293,0.000178724375565051,4
"19840",0.035124384004206,0.956180226389241,0.00869538960655122,2.12290389791309e-15,1.39251564112753e-21,2
"19842",0.00434376780619904,2.28453025716174e-15,0.420505410039121,0.00236340974217555,0.572787412412502,5
"19844",1.8063831120252e-06,3.79762811545116e-27,0.99998927157097,7.74566376604753e-17,8.92204591838503e-06,3
"19846",0.0131316112701463,1.85815524755191e-07,0.0038018230655819,0.371774242059655,0.611292137789092,5
"19848",0.00186865917138341,7.72070360425744e-06,0.000216446229312957,0.975007219256775,0.0228999546389242,4
"19850",0.0931907452940652,0.00163965394746,0.0116546098048878,0.893514989046292,1.90729559432217e-09,4
"19852",0.0020083355288485,0.994696955505682,0.00329470896520068,2.66407107853011e-13,2.3978408558763e-15,2
"19854",0.00029222974100836,1.17116890778504e-05,3.05597559696855e-05,0.86601885292978,0.133646645884164,4
"19856",0.0743003893276205,3.31711108641656e-12,0.925699610507495,1.61566929518655e-10,1.22435089356311e-24,3
"19858",0.140871152438972,1.41252537544428e-09,0.859128846148503,7.32080124331737e-18,1.18505313992512e-30,3
"19860",0.00248435720092562,0.991354224288138,0.00616141835889283,1.52043156792985e-10,3.85458999470887e-17,2
"19862",0.00020551633236592,7.33463756147417e-10,0.00013776294886919,0.0130539827262157,0.986602737259085,5
"19864",3.82943678176893e-11,3.96015871579305e-42,0.999999999956429,1.20000146586996e-32,5.2768572150826e-12,3
"19866",0.888198045949975,0.0412115395116419,0.0705904145383831,1.51421874242715e-26,8.91730892605595e-33,1
"19868",1.01814669226609e-16,8.82779161736493e-57,1,1.02752989636257e-34,7.30647151465604e-31,3
"19870",0.628095050101991,0.0554841564645242,0.0332397403717114,0.283180073860239,9.79201534841651e-07,1
"19873",0.074734572035147,0.917239336235286,0.00802579655758526,2.95171981567203e-07,3.01296909207141e-25,2
"19875",0.0126136844642083,0.984720243980598,0.00266607155519377,1.7024046302773e-26,4.91924511196428e-25,2
"19877",0.0141816477393458,0.982383350063616,0.00319996047975834,0.000235041711730694,5.54938159567639e-12,2
"19879",0.150185190051209,0.839886081010486,0.00992872893677895,1.525965024795e-12,1.11464700213232e-31,2
"19881",0.921053237195558,0.0322536850475886,0.0466924270912357,6.50665617254418e-07,2.31054403578087e-27,1
"19883",0.913802348995625,0.00148184696845025,0.0596272148581371,0.0250883409073474,2.48270440627807e-07,1
"19899",0.577284941759829,0.374235342707579,0.048479715532459,1.32857033460216e-13,6.23827631886432e-27,1
"19908",1.02384207469295e-05,5.52964988037253e-25,0.999989761579253,5.24749816071172e-33,1.17565419036246e-52,3
"19910",0.00435452908739215,0.994179598211652,0.00146587260058761,9.96220233242686e-11,7.46491278984588e-13,2
"19912",0.1220195725929,2.32626070456342e-11,0.841626248628317,0.0362713308767604,8.28478787594415e-05,3
"19914",0.115203054454308,0.872903165194904,0.0118937803506312,1.56499308937564e-13,3.18547693317115e-43,2
"19916",0.012013048411061,8.05488105937092e-15,0.987986951588931,5.73031012815383e-40,1.87607160816458e-51,3
"19918",0.10747131652541,0.0158998816943476,0.00672232524991085,0.869530335302096,0.000376141228235468,4
"19920",0.00222880752774594,1.12162242784347e-05,0.000324719500188657,0.647930790519911,0.349504466227876,4
"19922",0.030290017548119,8.46439728035e-13,0.969709103478327,1.55968415126609e-09,8.7741302378619e-07,3
"19924",0.0706279924831671,0.923816056080096,0.00553807888657029,1.78725501666088e-05,4.62638440324398e-22,2
"19926",0.905156025085121,0.00417862065473015,0.0906653542601485,2.28646975938181e-17,5.29102606018262e-58,1
"19928",1.01618587950764e-18,3.54534973504418e-63,0.999998052041007,5.13313473192738e-33,1.94795899345377e-06,3
"19930",0.0218561241153105,0.338725872462827,0.00178778059401533,0.637189192489175,0.000441030338672183,4
"19932",0.0014156681045084,0.000300229293583302,8.37813547742466e-05,0.96479093376002,0.0334093874871143,4
"19934",0.144316946728308,0.847256502851643,0.00842655042004924,5.041340524018e-20,2.18780808735594e-31,2
"19936",0.0962209525444965,0.883737619945391,0.0196639753355389,0.000377452174573685,2.78289176087836e-22,2
"19938",0.893786539663724,0.000202919550561125,0.106010540785715,9.06758626558088e-39,1.01762187590757e-92,1
"19940",0.319085632018672,0.665351309280079,0.0155623597702614,6.98929750072793e-07,1.23753095828534e-12,2
"19942",9.31744830774515e-09,4.21107538364885e-35,0.999999989959766,3.25759622969845e-20,7.22785914697397e-10,3
"19944",0.0105937957898033,0.985415561844992,0.00399064236520297,1.96087004648242e-15,4.92938873848675e-29,2
"19946",0.0119719130574244,0.983690445681967,0.00433763798557986,3.27502893555156e-09,1.01251829617956e-21,2
"19948",1.10681856623927e-07,9.12933018757628e-32,0.825912856130879,2.03983593247645e-16,0.174087033187264,3
"19950",5.38897920037411e-07,6.99957875618975e-17,1.77831766121466e-05,3.17492676302583e-05,0.999949928657837,5
"19952",1.10681856623927e-07,9.12933018757628e-32,0.825912856130879,2.03983593247645e-16,0.174087033187264,3
"19954",0.00339964066142413,0.0144583019972423,0.000195101802449119,0.93338476614101,0.0485621893978746,4
"19956",0.000160476845701012,7.84609612681159e-20,0.999839515870243,7.28405587730345e-09,1.62870331780306e-21,3
"19958",6.7533280608448e-12,4.58670986555108e-42,0.999999999993247,2.08102959309523e-24,5.31736933417442e-20,3
"19962",0.885996736234007,0.00110306340031313,0.112900200364512,1.16805155472052e-12,7.37949895394128e-35,1
"19964",0.901912317136511,0.0210836051199247,0.0770040119950113,6.57485525857e-08,3.05422207401702e-30,1
"19966",0.81385726443429,1.45679763968094e-05,0.186128167589314,4.7641559987669e-39,5.81441487215704e-57,1
"19969",0.48209943814733,0.0332665871859421,0.0320575471641025,0.452576427500289,2.33644871288385e-12,1
"19972",0.721714165136035,2.44286981484958e-06,0.278224093635342,5.9141613955094e-05,1.56744852555845e-07,1
"19974",8.20853676849859e-07,1.51083807453336e-19,0.000142999274296095,8.37343145931647e-08,0.999856096137712,5
"19976",0.0357268478514142,0.957910029929384,0.00635639248104008,6.72973548946677e-06,2.67272700608703e-12,2
"19978",0.00875559294656381,0.987063302244197,0.00418110440436139,5.40922512235891e-13,4.04337317288172e-10,2
"19980",0.0010053806397845,1.07469039959188e-06,0.000138238181417203,0.388756034959603,0.610099271528796,5
"19982",0.696029529523894,3.02043529505962e-06,0.303595895352837,0.000371554687973889,9.41644502166799e-19,1
"19984",0.0384866147331569,1.45948367142177e-12,0.961506499048191,6.80780517885591e-06,7.84120140897303e-08,3
"19986",0.900147298085826,0.062037686718857,0.0378150151953165,2.32566608295581e-50,1.33865164762549e-45,1
"19988",0.923540480004973,0.00237994293900132,0.0740795770560252,1.02445969593175e-59,5.82749267499095e-37,1
"19992",0.674523253035836,0.287022539575207,0.0384542073889575,1.05865657793517e-45,1.87641868433106e-33,1
"19994",0.0211428160652685,0.311364630783054,0.00184208718037909,0.644889768345357,0.0207606976259417,4
"19996",0.0538942990952381,0.943374158528725,0.0027315423760372,1.83398870992873e-44,5.29567176165467e-25,2
"19998",0.43625838154295,3.53833904619267e-09,0.563741614918709,1.73254497491973e-15,5.05661880360698e-40,3
"20000",0.00126201651928531,1.4617805949996e-17,0.998737962102885,2.13778292552314e-08,1.41141747218681e-24,3
"20003",0.34375612679945,0.564696307524954,0.024946078459249,0.0666014654480655,2.17682815515202e-08,2
"20005",0.000234862716321638,1.48867221649158e-07,6.24300437036639e-05,0.0725697091708734,0.92713284920188,5
"20007",0.0293811091483414,0.964683934011455,0.00593495684020254,1.43692616660014e-15,6.8977210177969e-28,2
"20009",0.611033630040871,7.07936102400678e-08,0.388966299165519,1.017438548176e-39,1.23280055828981e-68,1
"20011",0.92567453211357,0.00600227896538964,0.0682939954889164,2.91934171419994e-05,1.49819974283636e-11,1
"20013",0.0409089467096344,0.14191434014372,0.0035116186203472,0.813664643412547,4.51113751104717e-07,4
"20016",0.713848199100674,1.331862030389e-06,0.286150469037296,3.62203740975194e-47,2.52340882770667e-55,1
"20018",6.12855799074578e-14,1.91686832677781e-48,0.999999999999939,4.50736585831473e-76,2.74968947380105e-47,3
"20021",0.0225593690375681,0.974627822621854,0.00281280834057841,5.81458764704115e-23,7.87747609657975e-22,2
"20023",0.0285386314322354,0.96493920176041,0.00652216680735478,1.88777161704596e-20,3.41277492119965e-48,2
"20025",0.00123839167266109,7.23387457344596e-17,0.998761608327339,9.3678183012027e-54,8.53315178638886e-85,3
"20027",0.322707910648719,3.86730443404305e-06,0.0946068982235196,0.566710321198553,0.0159710026247736,4
"20029",0.00915732686029056,1.7749026536153e-05,0.00157446933476878,0.984087544195489,0.00516291058291572,4
"20032",0.0143161376547827,2.60364484460734e-05,0.00119246869993464,0.984432698546631,3.26586502054065e-05,4
"20034",1.76164072860275e-05,2.39863774845996e-24,0.803293634179746,2.03364362807079e-12,0.196688749410934,3
"20036",0.740766099086934,9.45872060494769e-06,0.259224389474376,5.27180850298728e-08,1.68884481769312e-26,1
"20038",0.401214659374707,0.581033366918529,0.0177519737067642,9.12154651441472e-33,9.84007679648842e-33,2
"20040",0.000159825539586602,7.05506873711713e-21,0.999840174460413,5.20859035720614e-61,2.4654703455948e-64,3
"20043",0.0504053138611298,0.94556774343681,0.00402694270206015,1.14790426025406e-27,5.10135776949556e-21,2
"20045",0.677765296383772,3.32820654243952e-06,0.322231375409685,3.30085952857332e-58,2.54442332037765e-36,1
"20048",2.61393817808568e-10,3.89585917847372e-28,4.21071835468238e-05,2.05488919329743e-11,0.999957892534511,5
"20051",0.598375978318927,0.329628734305596,0.071995287259802,1.15674194869383e-10,1.5460420835377e-24,1
"20053",0.0607109898841092,0.927843578517615,0.0114454315982762,1.13604280259371e-24,1.27353472745566e-38,2
"20055",0.909494157404167,0.00117077699181387,0.0893350656040197,3.20852236479275e-19,5.20176011931962e-26,1
"20057",7.64689222559782e-31,5.51582898631536e-94,0.999999999997825,1.76091033907584e-46,2.17468031185351e-12,3
"20059",0.873046566919284,0.0145394804598258,0.11241395262089,1.71639207714189e-26,6.25210716564405e-55,1
"20061",0.041503082823774,0.948543719661032,0.00995319751519389,2.34981302027354e-20,1.599390527026e-41,2
"20063",6.93328729793594e-11,3.17497524626405e-40,0.999999999930667,6.16026827309523e-40,1.32883334633472e-22,3
"20065",0.0232235617713353,6.07638831652147e-13,0.976776438228057,3.00836173808679e-45,8.6911820858461e-31,3
"20067",0.844946543139565,0.0498695780219885,0.105183878838447,1.20663945134638e-30,8.53175784061173e-26,1
"20069",0.00201664198983287,1.552240979631e-06,0.000316880196082058,0.688684873803355,0.30898005176975,4
"20071",0.777126940861871,4.99951070321727e-05,0.222823064031097,1.5031200314465e-16,8.50216205605425e-38,1
"20073",0.833492027898279,0.000101977304378079,0.16289908789145,0.00350685982916525,4.70767276033095e-08,1
"20075",5.17173388729036e-13,2.54333903655231e-46,0.999999999999483,8.13129200785285e-27,1.97475983004077e-25,3
"20077",0.0203010076133809,0.970684257563812,0.00901473482280679,2.81532758339667e-20,4.2588371744813e-21,2
"20079",0.670292288034275,2.14327990241965e-07,0.329707497637734,1.93415277387999e-16,7.33754581211612e-25,1
"20081",0.864137811845083,0.0674211529641437,0.0684410351907732,3.42965118848123e-24,9.39059395994002e-27,1
"20083",0.000134569560438446,1.06917645533089e-21,0.999865430439562,3.04828845848977e-19,1.43841164473634e-41,3
"20085",0.933507502889097,0.00118380503319221,0.0653086920777109,9.42463844676589e-58,1.54201615692012e-36,1
"20088",0.0360084822591162,0.959952475078742,0.00403904266214158,1.43221755104017e-33,6.99192330567966e-28,2
"20091",0.000412836946458718,4.72943807226739e-19,0.999587163053541,1.82049909245356e-27,1.43902996779289e-33,3
"20095",0.00396467819921863,1.98390133260803e-16,0.996035321800781,2.65277772028673e-23,7.55920411658908e-20,3
"20097",0.894404240773901,0.00109867445759446,0.104497084768505,1.29573308831563e-54,1.16774673452892e-36,1
"20099",0.630773957931877,1.66543272493716e-08,0.369226025413796,6.13797557879859e-29,7.30153217087624e-19,1
"20102",9.15974581600954e-06,3.36270696241224e-23,0.999990840254184,6.81425785546022e-19,1.98408825479415e-26,3
"20105",0.264968750722692,0.721026552417798,0.0140046968595105,1.77562943440053e-25,6.91684797765988e-31,2
"20107",0.0153518700521337,0.982348472293961,0.00229965765390556,1.08724437374856e-32,9.3271081682555e-28,2
"20109",0.926708740330992,0.00121411534918936,0.0720771443179708,9.61043028821712e-18,1.84779002216447e-12,1
"20111",4.21462373728318e-08,1.76995218804554e-31,0.999360682347988,7.73107534804046e-13,0.000639275505001652,3
"20113",0.890464275424787,0.0573741671096735,0.0521615574655391,6.46291712829184e-23,4.55174628008389e-25,1
"20115",0.0855743222022283,2.03784064862624e-10,0.914292787281072,0.000132890312916038,3.5569040520747e-21,3
"20117",2.21884720598184e-12,6.11501848284205e-45,0.999999999997781,1.07008521320757e-48,3.67569203690066e-68,3
"20119",0.839431402114544,4.78244825402115e-06,0.160563815437202,6.59464749606835e-36,1.1190111633879e-28,1
"20121",0.0904442208499169,0.902793957690338,0.00676182145974556,4.01768961180391e-40,4.71747399386806e-44,2
"20123",3.31852001265635e-05,1.37149331623703e-22,0.999966814799874,2.31781781769155e-34,1.51644801872785e-50,3
"20125",0.00181002894617403,0.00151301248207623,0.000317812648790042,0.996355536758389,3.60916457066577e-06,4
"20127",0.942015716700188,0.000691162804358459,0.0572931204954536,9.79972249006134e-49,2.01125034218543e-31,1
"20140",0.706576765086592,3.12662901702694e-06,0.293420108284391,2.70214401241204e-18,5.06326351756038e-44,1
"20142",0.0032643477045067,2.80818177680232e-11,0.0298801698635702,0.208378652453754,0.758476829950088,5
"20144",0.128037636504632,2.13730815787909e-08,0.870653060581786,0.00130928154050051,2.61237039318058e-24,3
"20146",0.627422424671634,0.000110363919813176,0.372465892637155,1.31877139824435e-06,5.16557433603661e-40,1
"20148",0.0207146828745674,0.972791061231465,0.00596908344560399,0.000525172448363888,7.69707243267728e-18,2
"20150",0.000100065540132355,7.94145750546359e-12,0.000150470732363882,0.000845903425342574,0.99890356029422,5
"20152",0.0310696210682368,0.963351872944649,0.0055718397925143,6.66619460000573e-06,4.70166382277768e-19,2
"20154",0.000372669940231268,1.96805884961545e-19,0.999627330059769,1.02702610147463e-38,4.40185916123211e-26,3
"20156",0.859288819413718,0.012515590080125,0.128195590506156,1.58315670118586e-17,4.25565795292902e-31,1
"20159",5.05637571976996e-05,6.77648767276649e-08,3.26947793037517e-05,0.974924685128148,0.0249919885704742,4
"20161",0.0325048105150547,6.06945581802052e-12,0.967495188759268,7.19608113583409e-10,7.10417250908533e-29,3
"20163",0.926697308416058,0.00604401628391552,0.0672545342091329,4.14108038144918e-06,1.05121849872863e-11,1
"20165",0.366196442180041,3.48719927568306e-08,0.633803522872277,7.86451948181301e-15,7.56816231429111e-11,3
"20167",0.0132626489414805,0.943874471750556,0.00186041127869651,0.0402793509032684,0.000723117125998115,2
"20169",1.99166308050822e-07,2.90259633252348e-21,0.000402156585888685,4.07415433366613e-07,0.99959723683237,5
"20171",1.39732130098621e-07,1.80481541146741e-29,0.99999986026787,2.13248552755536e-46,5.80963794226731e-28,3
"20173",4.64207732790481e-06,1.72137693121578e-26,0.999995357922672,2.94488657591571e-32,2.67072368465778e-27,3
"20175",0.193806576539524,0.788356230042914,0.0148041314845148,0.00303195410178958,1.10783125783684e-06,2
"20177",0.496337129010847,6.29396437384862e-09,0.503662864695189,6.28016111731039e-29,5.23555160692969e-45,3
"20180",0.92422970801616,0.0068211150436571,0.0689491769401828,6.21619141948466e-41,2.46513721021687e-28,1
"20182",5.71947885631602e-26,5.80935426580691e-78,0.0122319467838544,1.0082099187713e-34,0.987768053216146,5
"20184",0.41292459195344,0.000803868540382595,0.0711711334988866,0.515100405253526,7.53764701344427e-10,4
"20187",0.0430258197541061,1.09192359257352e-12,0.956974180244802,2.86250735396889e-18,4.21049493926564e-29,3
"20189",0.243328744208999,0.736630799317561,0.020040456471399,4.38216399760995e-17,2.04179746965401e-12,2
"20192",3.72174138445764e-05,2.62322946084185e-22,0.999962782586155,4.55624668153863e-39,5.70646694154662e-61,3
"20194",0.00487924132540173,1.94060851372624e-16,0.995120596492096,1.62181903407697e-07,5.98589179760247e-13,3
"20196",0.344346012882346,1.16801628499125e-09,0.655653985949638,1.20773223082124e-40,1.17863314738444e-40,3
"20198",0.705120204436814,0.158743532762578,0.136136262580469,2.20139063990302e-10,1.23826270376024e-44,1
"20204",0.00966494493238832,4.57893834451775e-07,0.00337637124936949,0.984770224505895,0.0021880014185123,4
"20207",0.830021793739136,0.000302468682851093,0.169675737578013,6.03725179232259e-34,1.51822014969838e-41,1
"20209",7.17742832963153e-05,4.34441757759292e-21,0.999928219668223,6.04848035183749e-09,1.38778367803765e-18,3
"20211",0.00271566349924675,3.46173126369985e-16,0.997284336500753,7.57114335886946e-24,1.13726112920013e-22,3
"20215",0.168668169173285,0.816567753326586,0.0147640775001288,1.89263226834565e-22,1.10789823373837e-35,2
"20218",3.13370725596668e-05,1.00811858467718e-11,5.6773022673918e-05,0.00579686538540087,0.994115024509284,5
"20222",0.942586182938382,0.00161469927082242,0.0557991177907953,3.16619400651109e-26,8.42727163793694e-27,1
"20225",0.214760358083361,5.36406331674752e-08,0.782349118887996,0.0028904693880095,5.10966438263354e-30,3
"20229",0.396783855307307,2.87432068436707e-07,0.603215857177279,8.33457496036513e-11,1.78499129078108e-38,3
"20232",0.461447175127721,0.510875078188567,0.0276777466837123,4.48318803474014e-19,1.89211788083334e-24,2
"20234",8.99334901284985e-06,1.21074545187342e-24,0.999991006650987,9.91585078760052e-70,1.95288151812952e-35,3
"20238",0.423777639191356,0.539290276908403,0.0369320839002413,2.77638295048692e-35,2.3669085746488e-44,2
"20253",0.829691748271837,0.115690614512132,0.0546176372160316,1.29099996463642e-34,9.17081160489056e-34,1
"20255",0.0304662762298236,0.00820696377910294,0.00264078501866896,0.957608524377265,0.00107745059513929,4
"20258",0.141850782921341,0.852022636291478,0.00612658078718115,2.74324064379097e-37,6.01333959743228e-24,2
"20269",0.698398997835892,0.262057534046368,0.0395434681136576,3.73742590415553e-17,4.08217573089571e-12,1
"20271",0.8199724148295,1.26635785582371e-05,0.180014921591942,4.22996992048436e-35,1.25810692370807e-21,1
"20285",0.0275260331467596,1.10321968964181e-14,0.972473966853229,4.64194955588483e-19,3.90900828607346e-69,3
"20288",0.122718555871771,0.867459362958088,0.00982208117014023,1.90976473588546e-22,5.27435834007041e-29,2
"20291",0.534138248725665,1.49991744723515e-07,0.46586160128259,8.05725556349954e-40,7.47735786022222e-55,1
"20295",0.403216578201751,1.41650313284747e-08,0.596783407633218,2.37749412480579e-22,8.71218770507172e-38,3
"20298",0.000867354102189381,0.000210566172855884,8.59921911258404e-05,0.997438259676485,0.00139782785734439,4
"20302",0.786843813104127,1.1483787505179e-05,0.213095641666137,4.90614422302655e-05,8.63730889834423e-28,1
"20305",0.00249297787678448,9.44492296895046e-06,0.000357525086583778,0.995944379426499,0.0011956726871639,4
"20307",0.0460585256558429,0.949921202893252,0.00402027145090474,2.2447522424376e-43,8.30674401521853e-35,2
"20310",0.152840840987704,7.79190186228337e-11,0.847159158934377,7.92616627108147e-66,6.11656610755888e-49,3
"20313",1.15736445826138e-09,2.04532180664451e-24,3.92691947856918e-06,6.64144702698647e-09,0.99999606528171,5
"20315",0.484048765640962,0.50603444887258,0.00991678548645801,6.18166098812372e-35,1.36525437325403e-36,2
"20319",0.0941424233126092,1.24104800628804e-11,0.90585757667498,7.13008884847419e-40,4.57978197124428e-38,3
"20321",0.69488997551917,0.23933945454293,0.0657705699379001,1.08590543113692e-40,1.12250508042021e-49,1
"20327",0.817527242800579,0.156414846129023,0.0260579110703972,4.50981326528284e-41,2.47639960452487e-23,1
"20329",7.7821894656397e-06,4.50417420496174e-26,0.999985013077239,6.13428521919259e-13,7.20473268149293e-06,3
"20335",0.74074932337084,2.0889933983149e-05,0.259229786695177,4.54077175925374e-43,7.18937306888589e-27,1
"20337",0.000130940890961945,1.00440104390154e-06,2.4184972104869e-05,0.65257343685818,0.347270432877709,4
"20339",1.22400582423734e-05,6.19745955149232e-24,0.999987759941758,4.07661760185802e-27,1.08285344661298e-59,3
"20341",0.000129163035417969,3.8477619500195e-20,0.999870836964582,7.26702631734883e-35,1.14189953404916e-42,3
"20343",0.340129829476952,1.83225031080387e-08,0.659870152200545,3.80913070648035e-46,7.16372752816579e-36,3
"20345",0.708012097744194,0.106867661393481,0.0744420438879871,0.110678196973233,1.10458024047214e-12,1
"20350",0.00608775732340267,4.69476490273385e-15,0.993912242676593,5.9155556731194e-22,6.04902822544524e-58,3
"20352",2.17431339965044e-05,1.29045324994713e-16,0.00194651052617158,1.31102917798239e-05,0.998018636048052,5
"20355",0.186346526085591,3.13720052993074e-09,0.813653470750688,2.65202913457029e-11,3.02670898843181e-39,3
"20358",0.000529343275642747,1.40771760616949e-20,0.998363665516562,1.68313420640585e-08,0.00110697437645338,3
"20363",0.0352660231266383,0.95857521184345,0.00615876502991187,5.37000179452327e-35,1.20508328542512e-37,2
"20365",0.872036580492564,0.000387251767143994,0.127576167740292,2.18979252759344e-20,9.89264698178544e-41,1
"20379",0.762094604927051,0.000142101099779563,0.230513244160422,0.00725004981274766,2.60439267981307e-18,1
"20387",0.0569063275975789,0.937914118768293,0.00517955363412777,4.54858382044532e-32,3.22249909863534e-26,2
"20392",0.00153790289289803,4.65073314618239e-17,0.998462097107102,5.55939715403265e-31,7.50965035759033e-30,3
"20395",0.0173828439629234,0.975580169633988,0.00680605177205252,0.00023093463103658,3.07203533144813e-17,2
"20397",7.67866824728592e-17,5.30344160666283e-55,0.016870395300643,5.30687969058286e-26,0.983129604699357,5
"20410",0.432719087010348,0.545232329820038,0.0220485831696138,1.34779933885088e-22,7.27794206600038e-18,2
"20414",0.840351588091815,0.017811917700377,0.0575920971285021,0.0842443970792582,4.72230625916957e-14,1
"20417",1.37615623330227e-18,1.07924032241789e-61,1,9.60468356146897e-84,5.4581487801583e-35,3
"20419",0.734963842286113,0.223040449934569,0.0419957077793186,1.47005134012793e-42,2.34497621056196e-21,1
"20421",0.326906330152609,7.17068523977186e-07,0.673091193928966,1.75884990132467e-06,4.13408500228127e-20,3
"20423",0.0281342358990514,0.000202449135383711,0.00568647014452373,0.964257506606542,0.00171933821449892,4
"20425",0.197855835726359,7.25693986550395e-05,0.040522188441443,0.76154808595804,1.32047550361305e-06,4
"20427",0.00238915413874925,0.991245436291683,0.00634480515272967,2.06043944671443e-05,2.23706159997006e-11,2
"20429",0.313152899540777,2.49167303249326e-08,0.686847075542492,1.76064737125654e-44,2.1403457428015e-66,3
"20432",0.438913364303858,2.00413476577773e-06,0.223936267511106,0.337148342218733,2.18315381792442e-08,1
"20435",0.572298531021904,0.331064709320745,0.0966367596573513,1.30193068402975e-19,3.66971390853609e-53,1
"20438",0.878350530651539,0.0228095636012079,0.0988399057472533,1.28702572467279e-31,1.69066772455057e-26,1
"20440",0.963037584935257,0.00985487025588828,0.0271075448088551,1.14331211784951e-38,9.78563734489841e-35,1
"20443",0.0619382475563941,9.74559956517149e-11,0.938061663693361,8.83911970785706e-08,2.61591677257169e-10,3
"20446",0.955853761972845,0.000434735762690646,0.0437115022644641,2.36201115883186e-17,1.01181503733377e-36,1
"20449",0.204920780723038,0.773854678210491,0.0212245410664712,3.73169371176169e-19,5.82733278373415e-53,2
"20537",0.670901267130339,8.28675935917402e-06,0.329090446110302,9.40453124072626e-29,3.93296357060613e-49,1
"20540",0.000110317186724204,1.1606411668994e-20,0.999889682813276,3.56546708832666e-39,4.31041143812826e-34,3
"20543",0.0143423494665876,0.980769214234079,0.00488843478725711,1.51207669629459e-09,1.1755773712413e-24,2
"20545",0.000304603439301522,2.19490097678735e-19,0.999695396560699,1.96713842606344e-25,1.83908517934464e-17,3
"20549",0.0839174720108008,0.902424498655614,0.0135505769148097,0.000107432975750179,1.94430251671051e-08,2
"20551",0.00590104000036881,0.990803837344871,0.00329512265476039,6.3611901787276e-20,1.62706113444174e-24,2
"20554",0.0345335322216167,0.963794307575533,0.00167216020285054,2.18198221427497e-25,3.85298091871082e-21,2
"20556",0.809615912459837,0.119596771376383,0.0707873155555675,6.08212389886478e-10,5.66183067392589e-24,1
"20558",0.0410753313674683,0.95666426345633,0.00226040517620109,4.81609077622469e-40,9.84875075154482e-25,2
"20560",0.00920181973719704,0.98587274882226,0.00492543143981858,6.71602093032636e-19,7.24343067742797e-13,2
"20563",0.936731585233828,0.00311560001294625,0.0601528147532253,9.27889227436118e-49,3.78811011340397e-32,1
"20565",0.400638577502217,0.575780123230644,0.0235812992671386,4.36135512332507e-18,3.01095688770959e-31,2
"20567",0.428665844932832,2.41404635905356e-05,0.219133583122268,0.352176431481071,2.37796630576672e-13,1
"20571",0.110935730144174,6.22209859771167e-12,0.889064269849604,9.51845547695475e-37,1.52883244720111e-45,3
"20573",0.0210688505357651,0.974303005823458,0.00462814364077657,3.68808367216462e-20,4.56493175644334e-32,2
"20575",0.941091421328297,0.0250608756298387,0.0338477030418642,9.7530778131875e-46,7.40402207060834e-40,1
"20577",0.491500277950152,0.481651123458509,0.0268485977239634,8.67375253979515e-10,3.01434385546495e-38,1
"20579",1.05153525766841e-06,3.10988269774495e-28,0.999305082950313,2.08215268296943e-12,0.000693865512347104,3
"20582",0.802150775076762,0.176456792653085,0.021392432270153,7.83719771168037e-49,1.76983975809835e-28,1
"20585",0.653599244894275,2.66934984402508e-05,0.346374061607284,1.45555501513079e-17,1.56148221164528e-25,1
"20588",0.00945352047667735,5.51321813306951e-14,0.990546479523267,1.8563916096484e-21,1.61115574013817e-68,3
"20590",2.14204996467372e-06,1.15308584625018e-19,0.000704754123199895,2.64587917856216e-07,0.999292839238918,5
"20592",0.705208964666837,0.267522032203587,0.0272690031295754,2.77186447315969e-48,1.74531060579134e-27,1
"20594",0.971451935028805,0.00273561785756904,0.0258124471136261,1.07993717882228e-47,3.47810649875066e-30,1
"20596",0.558020843377763,0.415364258638025,0.0266148979842119,3.02978545760482e-24,1.98243072257854e-17,1
"20598",0.00541408541396915,0.992437062066771,0.00214885251926004,4.14401495130612e-23,3.38502266901783e-25,2
"20600",0.797367774192603,0.00185906803958799,0.200773157710221,5.7588273495688e-11,6.34464765758126e-28,1
"20603",0.72613869786752,0.0029977540065824,0.260380062163957,0.0104834859619406,8.01364020446569e-24,1
"20605",0.160120109805642,0.832107296968857,0.00777259322550064,5.29528286687518e-35,2.17225713143849e-30,2
"20607",0.0258768253763826,0.969533683805859,0.00458949081775878,7.5632549294845e-30,1.53846281562716e-26,2
"20609",0.0331813713727077,0.965326818950285,0.00149180967700696,1.43519921736962e-22,5.38574542814444e-18,2
"20611",0.0022252894645129,1.69571676237225e-06,0.000326780190636914,0.977061526277776,0.020384708350312,4
"20613",0.0868966525161671,0.905578320205206,0.00752502685745039,4.11043433263241e-10,1.01326709434594e-11,2
"20615",0.33040588651212,0.625930592772683,0.0436634666956386,5.40195581248929e-08,9.18735275789879e-18,2
"20617",2.70065099590577e-07,1.32022907955907e-16,8.38573149917283e-06,7.83139783186763e-05,0.999913030225082,5
"20619",0.794461047559607,0.169785744566984,0.0357532078734085,9.47711977326266e-43,6.13850040058287e-32,1
"20621",0.151001556298327,0.829679892886222,0.0193185508154514,2.72553269620258e-23,3.5442510017193e-48,2
"20623",0.563791438688733,2.4796744542167e-07,0.436208236588511,7.03111242218707e-08,6.44418590693379e-09,1
"20625",0.29518469167454,5.78638122868111e-07,0.678914405310537,0.0259003243767999,5.50232372581351e-22,3
"20627",0.0139618246247023,0.98254631718349,0.00349185819180683,9.17259918889752e-16,8.06551215203848e-30,2
"20629",0.0291459553495611,0.9662687753758,0.00458526927463827,1.37981831889932e-16,1.78418820532317e-43,2
"20631",0.89657734377563,0.0443693203891425,0.0590533358352271,1.28703036486677e-45,2.6005389250524e-30,1
"20633",1.33020018821782e-10,2.21891888631643e-29,1.59850600909587e-05,1.07964148859389e-11,0.999984014796093,5
"20636",0.84604429632154,1.68087543952804e-05,0.15355322036058,0.000385674563485351,2.95260556989303e-18,1
"20638",0.772488344903411,4.81585686547846e-05,0.227463496527931,2.98685596764437e-15,1.82593344572708e-63,1
"20640",0.907225789802428,0.0247014556303691,0.0680727545672027,1.2945635892517e-27,4.43572336068951e-35,1
"20645",0.932116964847338,0.0127368454522499,0.0551461897004126,5.843163244833e-54,4.47163820152111e-34,1
"20647",2.10196515568105e-09,3.1396146016611e-27,0.00017357326161813,7.82027398985881e-11,0.999826424558214,5
"20649",0.742669692450206,0.212436255199966,0.0448940523498279,3.00130615284008e-21,8.00358123953539e-22,1
"20651",0.0641940820940742,3.38337886052501e-12,0.935805917902543,4.13087247778309e-56,8.55780265727166e-61,3
"20656",0.719669464416435,7.07849624492371e-07,0.28032982773394,6.89404314958466e-35,3.21516983214017e-33,1
"20660",2.63369620003563e-05,4.68563068182027e-23,0.999973663038,6.88641393278962e-29,1.37447774723847e-28,3
"20662",0.0396317783715632,7.6248959300991e-13,0.960368221131333,4.96312972723536e-10,2.77279978471623e-14,3
"20664",0.71377712784895,2.26645886711426e-08,0.286222849486461,2.6282304280334e-27,1.64113403970157e-22,1
"20666",0.0311227310454759,3.02127811806116e-12,0.966754632758531,0.0020892295056732,3.34066872988685e-05,3
"20668",0.00199107158648183,6.80633152983172e-05,0.000203996881406551,0.761322213886779,0.236414654330034,4
"20670",0.789014923663765,2.50034815274105e-07,0.21098482630142,2.39965498423374e-38,1.77333500172559e-41,1
"20672",0.00359248595091923,5.2461385252416e-07,0.000879090704261617,0.890105256725201,0.105422642005766,4
"20674",0.00926762832515809,0.984629826247461,0.0061025454273805,6.16756264831244e-19,1.34458522194541e-29,2
"20676",6.54620686770062e-06,9.59554170236806e-24,0.264450887868172,1.77416054634716e-08,0.735542548183355,5
"20678",5.44398029242889e-08,6.14742744833932e-27,0.00267391399118579,1.57203511599478e-10,0.997326031411808,5
"20680",0.0511963812594659,0.154165605924778,0.00601441610970991,0.788487878874357,0.00013571783168959,4
"20682",0.875027227923502,0.00758403800619004,0.116891867197697,0.000496866872611247,9.63835400128913e-21,1
"20684",0.7982659089215,7.16585890109069e-06,0.201726925219599,3.28576251796493e-25,2.81489648704177e-55,1
"20686",5.65228032140609e-05,1.00894586134076e-10,5.49136304429236e-05,0.00828631200090798,0.99160225146454,5
"20688",4.65394114782869e-11,9.74812899648354e-38,0.0118798159167978,3.69466278416534e-16,0.988120184036662,5
"20690",0.101774138788902,2.87178111249829e-10,0.89822586092392,1.1754756464908e-26,5.50047491850342e-36,3
"20692",2.21848878626914e-12,1.88006906552671e-37,0.000128812152160499,2.73963418057113e-16,0.999871187845621,5
"20694",0.00262321335574965,0.000194175484387718,0.000342957526605717,0.987038490516246,0.00980116311701139,4
"20696",0.874465655657023,0.00634658993214127,0.0603472303343341,0.0588405240765016,1.74071505222585e-20,1
"20698",0.863556165274137,0.0577533979592661,0.0786904367665966,6.89415160472262e-17,3.09427808017366e-30,1
"20700",0.755494970922951,0.000225653384005987,0.244279375693043,3.02017058229627e-33,4.83157101391119e-51,1
"20702",0.080661917722786,9.1712679064295e-12,0.919338082268043,1.40386433442814e-35,4.50316352015445e-49,3
"20704",0.00918948301207308,0.989438652042696,0.00137186494523139,2.27700272025498e-17,3.11547629851643e-18,2
"20706",0.534621468816035,2.83532304155947e-07,0.465378247651661,4.90680413726152e-19,3.1054289431006e-40,1
"20708",1.27961519277988e-05,9.41690935386033e-19,0.00216386240234215,3.32867488275583e-06,0.997820012770847,5
"20710",0.556997773496615,0.250860926846235,0.19214129965715,5.6758689479514e-17,1.16180160978774e-22,1
"20714",0.0014569359926348,6.40582315405651e-08,0.000677672787014535,0.0260886261963899,0.971776700965729,5
"20716",0.00933617366200871,0.985650521413089,0.00501330492490279,2.90882887372055e-25,2.55389524706577e-30,2
"20719",0.670216993959942,1.56310755019704e-07,0.329782849729303,2.16880835885559e-18,1.69957949197312e-44,1
"20721",0.687307449402703,0.264432665112987,0.0482598854843094,1.20270634276304e-47,6.3881588303422e-27,1
"20723",0.00297458074340873,2.84529739041607e-18,0.997025419256591,1.94921437336831e-26,2.27946796280981e-45,3
"20725",0.0452731583327367,0.158229879921376,0.00348729134125004,0.791145893281532,0.00186377712310524,4
"20727",7.74573112764389e-08,2.19714924100741e-29,0.999999922542687,2.15538841181926e-15,5.40637696456935e-24,3
"20729",0.00088467683552316,1.27653131849601e-08,0.000245740135650387,0.156536566022214,0.842333004241299,5
"20731",0.00233528990881408,0.000206795531884324,0.000209198453723937,0.988070240623231,0.00917847548234631,4
"20733",0.300185938839559,0.655434688099432,0.044379373061009,2.89261983306201e-19,8.07064639179142e-47,2
"20735",0.0344892834053494,0.957737804117679,0.00777291247111094,5.86068914863614e-12,1.14355328607956e-19,2
"20737",0.00143775685802911,4.06939671294395e-12,0.00358425202394882,0.00254048994886414,0.992437501165089,5
"20739",1.715301615982e-05,4.01380720231352e-22,0.341923832819181,1.72170912462673e-06,0.658057292455535,5
"20741",0.0549006146608867,0.785485667040137,0.00544654521127921,0.147392667157426,0.00677450593027135,2
"20743",0.908561233282877,0.024800625617891,0.0656321120807834,0.00100584979882787,1.79219620278983e-07,1
"20745",0.932325767548793,8.94862786304805e-05,0.0675847461725769,1.2385450276205e-42,9.18972766474383e-29,1
"20747",7.75676207292127e-05,1.33771336877674e-09,3.82281327369335e-05,0.119683767091246,0.880200435817575,5
"20749",6.1166257471525e-05,2.72360789752989e-10,4.68798939791074e-05,0.0693783924056016,0.930513561170587,5
"20751",0.0620486946143197,2.14878992533872e-09,0.803091506399526,0.134859796796646,4.07184932864249e-11,3
"20753",0.00234820649237079,1.42085585068604e-05,0.000324894027384526,0.997195205946192,0.000117484975545248,4
"20755",1.36468140090204e-07,2.67666108372204e-29,0.12993985281053,1.34587877285978e-12,0.870060010719984,5
"20757",0.00733800784594008,6.08510648947878e-16,0.992661992154059,3.74246850098981e-21,1.92166491237915e-32,3
"20759",0.908225125089965,0.0196322666117416,0.0721426082982939,3.12812635610707e-37,1.7456103503172e-30,1
"20761",0.00593467979332941,0.992558517849801,0.00139192784299471,0.00011394837182987,9.26142044992599e-07,2
"20763",0.904827510743386,0.00996080069878307,0.0852116885530213,4.81000182622014e-12,3.94133683404277e-53,1
"20765",0.0224036155320355,0.662058569328358,0.0022408367545176,0.302931688483365,0.0103652899017238,2
"20767",0.886093513052542,0.0857940413600769,0.0281124455873811,2.42604857616133e-21,5.24794412380626e-38,1
"20769",0.0379502064140676,3.78178538753993e-12,0.962049793582151,1.62385087629769e-23,1.44451843592229e-40,3
"20771",0.532468455638061,0.44388394335168,0.0236448240319216,1.31222217600174e-06,1.46475616176575e-06,1
"20773",4.35896541636914e-06,7.4498285022961e-27,0.999995641034584,1.21756316250493e-21,1.79900233023776e-30,3
"20775",0.492052057220737,0.361536753713572,0.0786533755807098,0.067757813484982,5.94330741036912e-21,1
"20777",0.0956019369309052,1.9953874559153e-10,0.904398062869555,1.04104171279831e-15,6.80054065588659e-69,3
"20779",0.02423057193778,0.0216602891068039,0.00137907040912781,0.951826831630367,0.00090323691592119,4
"20781",4.40365546596794e-23,3.77988953961993e-73,1,1.23640366256176e-38,1.14483118793886e-34,3
"20783",0.0434386291729065,0.952406488843237,0.0040827633959474,7.19026724050764e-05,2.15915504474823e-07,2
"20785",2.80196513033268e-12,8.65331927804603e-46,0.999999999997198,1.99675463590341e-26,2.77120166008925e-17,3
"20787",0.0104340759586722,0.000399736376950168,0.000584965034029765,0.319684709343977,0.668896513286371,5
"20789",0.186494178527101,0.80084009969569,0.0126657217495131,2.76954997651992e-11,1.47871384407678e-17,2
"20791",0.0022939698932151,8.46781009224744e-07,0.000410321599633583,0.242881576080106,0.754413285646036,5
"20793",0.2832020292926,0.698745630601598,0.018052337358767,2.74363673774881e-09,3.39794309036973e-12,2
"20795",0.0281742889824325,0.00917402776495233,0.00350086722055006,0.959150523194559,2.92837506301913e-07,4
"20797",9.7990031695166e-17,3.79131644141447e-55,0.823192261589271,2.12481998336798e-22,0.176807738410729,3
"20800",3.74264630117687e-05,2.2181795376958e-05,6.63384456349603e-06,0.958626826411403,0.0413069314856447,4
"20802",0.0189457089637278,0.912526730808852,0.00287410961347904,0.0656301201530145,2.33304609263139e-05,2
"20804",0.00020357890198602,3.56045651615604e-11,0.00019320683919825,0.00425305931852584,0.995350154904685,5
"20806",0.000447685072622978,5.70759587956962e-09,0.000163588188302589,0.0234515110159651,0.975937210015514,5
"20808",0.0106576846351158,0.987193654951268,0.00214866041297615,7.42922749681204e-22,6.39726732560408e-13,2
"20810",0.829058896594802,0.00253286715232172,0.168085116939336,0.000323119313122003,4.18087695790868e-13,1
"20812",0.619124825193979,0.165163107523629,0.120585165309523,0.0951269019728684,5.18869822746974e-17,1
"20814",1.09226327898695e-08,4.15545794086782e-25,7.72695765166734e-05,3.73106015059186e-10,0.999922719127745,5
"20816",0.00230705754500841,6.23462468752223e-17,0.997692942454992,3.38906488723587e-27,2.10493052933694e-39,3
"20818",0.0859500766020586,0.907542133423421,0.00645586451964613,5.19248739190819e-05,5.8095496150101e-10,2
"20820",1.12024382956145e-06,6.79261850351823e-25,0.126042888937588,5.38493405977466e-08,0.873955936969242,5
"20822",0.00516711126198396,0.88293784363256,0.00174888049449577,0.107034343521313,0.00311182108964664,2
"20824",1.30264356552293e-12,1.46972435948804e-46,0.999999998813444,2.78087022825842e-24,1.18525381213605e-09,3
"20826",6.36157065873178e-06,2.53691449080419e-14,4.61338582858185e-05,0.000381936542316994,0.999565568028713,5
"20828",2.61393817808568e-10,3.89585917847372e-28,4.21071835468238e-05,2.05488919329743e-11,0.999957892534511,5
"20830",0.0653775788968576,1.03383584998022e-06,0.0177931494935333,0.916823953635802,4.28413795660593e-06,4
"20832",0.0133987787467377,0.980642113851558,0.0059591073636449,3.80595734154401e-11,5.95561619131942e-23,2
"20834",0.0100684318231744,0.986714052255125,0.00321751592170102,2.45106026139133e-20,9.16592480507111e-25,2
