"","V1","V2","V3","V4","V5","V6","V7","V8","V9","V10","best$classification"
"19812",0.887546074588068,0.103210351890794,3.36926276666762e-08,0.00849903757032835,4.09410682929812e-19,7.06726091703244e-07,2.12798809908785e-05,4.85565277904281e-07,0.00072203008582139,1.98861878616529e-29,1
"19814",0.0178728852430009,0.012000640007462,5.7262728531045e-11,4.85487444777129e-06,0.962595404032607,1.02289894281828e-10,0.00732821498791522,9.90759726004896e-07,0.000196885161200023,1.24774088286361e-07,5
"19816",0.240874416603576,0.0263017549940114,0.723725783062388,1.50427336397415e-08,5.86157018822651e-38,3.59508205241233e-09,2.51744065747986e-32,1.45794954104819e-06,0.00909656875266774,2.45364348720262e-28,3
"19818",0.972719553914669,0.0113652032723566,4.39971849872105e-07,8.17275414226541e-05,4.06500793831903e-06,9.37201381212246e-08,1.61694351435247e-09,2.80741637720407e-08,0.0158288807143331,6.16618535651032e-09,1
"19820",1.00926601255329e-06,3.2076259340646e-10,0.986439999979146,9.26380450316624e-09,2.31485194111833e-148,3.30316992631083e-36,5.51568607560249e-174,0.000306355299471459,0.0132526258708022,1.59188057686776e-65,3
"19822",1.50575328084859e-16,7.21148219061712e-09,0.00021900793792903,0.000140573610527637,1.53892913726473e-191,5.91821227130871e-36,5.79506737539127e-203,0.00502959776414679,0.994610813475914,4.23139942047875e-49,9
"19824",0.000376508659451779,1.65755519630084e-16,0.000904846701682763,3.13993472785144e-09,9.87426323682659e-95,3.5611319529461e-18,7.94240928694322e-81,5.39525547090824e-06,0.99871324624346,2.54670079560317e-21,9
"19826",0.753119341113244,0.153978096884512,1.34045315663598e-09,6.2550804655183e-10,2.74680240994231e-20,0.00369797885705045,0.000950672000899442,0.00108478013609436,0.0871691290422393,2.77639112499274e-20,1
"19828",0.00556777791395609,1.55510041868743e-05,0.95399245381065,0.000243974139707697,1.45528983730301e-59,2.10988354705685e-25,7.23958327457346e-79,5.08975658073689e-06,0.0401751533749187,3.93585807726857e-35,3
"19830",0.000904829512516317,0.994434768880574,2.05185767954681e-27,0.00352288485866172,1.01826336374701e-21,0.000135060637851825,2.04620784382311e-05,0.000184882615342265,0.000797111416615729,1.38150159747636e-21,2
"19832",0.0260000518227431,0.00464509581014485,5.05474751569421e-07,0.965771419985845,1.29224691130993e-48,2.20132500880813e-29,2.6248476141187e-24,0.00346177365979588,0.000121153246719283,4.63898065555043e-61,4
"19834",5.04426860695459e-06,0.970205825882111,0.00102454096181052,0.000266062098630438,2.87144006220218e-47,1.68331037427345e-19,1.97197964116862e-48,1.84011853534509e-06,0.0284966866703058,1.39378664952956e-27,2
"19836",0.987083907849955,5.93298750694802e-06,1.48063122078329e-09,3.15924600491933e-05,3.61839535536965e-41,0.00326469532236527,1.33871806011384e-23,8.38798438030752e-07,0.00961303110105448,2.35954532726831e-44,1
"19838",0.000686634710182246,0.00586340487048604,5.74214295249259e-23,8.68596560191321e-05,1.60851874992803e-06,1.23934823929861e-09,0.993358622457814,2.43310227436848e-06,4.35445122661289e-07,3.27061924169763e-15,7
"19840",0.0344475163899272,0.22623851444644,0.00194703256805887,1.27189447392344e-12,4.55109226078342e-42,7.36969516417731e-07,2.45616014090556e-31,0.0157009831761439,0.721665216448642,2.09413661322384e-39,9
"19842",1.43853169931204e-08,1.6118380535334e-08,3.38220178428977e-44,2.67825857915929e-18,2.1305663172555e-32,0.997487536656615,0.00010576504122423,0.00240304257321667,3.62522524686342e-06,3.40563494500396e-30,6
"19844",6.33635075403225e-25,1.28991561526771e-20,5.53180211977449e-28,9.22563617221286e-22,2.53097173048262e-53,7.05642112621753e-12,3.46038408244889e-82,0.057937119964413,0.000196186299689493,0.941866693728841,10
"19846",0.000136385061561912,9.06342173645825e-07,1.42029487033346e-34,1.09823907357757e-10,0.911304543924683,0.00650380417706032,0.0819183099232534,1.99176240177085e-06,2.2426203802191e-05,0.00011163249523996,5
"19848",0.00011649281149558,4.58282538829198e-05,1.08634352463457e-29,1.37569211633523e-08,0.989672889061278,3.22556899332972e-06,7.50875665843373e-05,3.78266752004347e-07,8.92821858448024e-06,0.0100771564955078,5
"19850",0.00054484545031368,0.00916855463008881,4.93157018559553e-20,1.28660006112429e-08,0.985300958488645,3.27578984217888e-08,0.00172935152777213,0.000180429790384664,0.00307049922601084,5.31526288584663e-06,5
"19852",0.962898183338293,0.0308760833084738,0.0043327212672812,0.000104608103401985,1.69933745771009e-17,1.2447747200372e-10,9.59594848841585e-15,1.5311934319283e-09,0.0017884023268014,6.83524942198531e-14,1
"19854",1.43803525995126e-05,2.40226184837207e-05,5.57040019175073e-29,2.51377897471618e-08,0.999924137306297,1.18502303980005e-08,5.04309589475564e-07,2.22199353396359e-07,2.61437271908574e-07,3.64347883850149e-05,5
"19856",2.02644085209858e-12,3.9807560142175e-05,7.77716043716699e-23,5.63525539774293e-12,8.39383878991856e-48,1.24356921362959e-11,1.83998629577817e-27,0.052832664575405,0.946374916439459,0.000752611404896107,9
"19858",4.35307845868098e-10,3.84386393295311e-11,1.26393086147151e-12,1.62600983845303e-08,4.32945352780336e-56,3.00818671919825e-18,1.45241641757762e-71,9.55051177644852e-06,0.999907875927191,8.25568259231674e-05,9
"19860",0.594816996660925,0.370725297348389,0.00451852438792971,2.77000744973391e-06,7.10439377281289e-16,2.17376155640781e-09,8.45524921124706e-09,5.15853579919918e-05,0.029884815608303,1.83813760049058e-24,1
"19862",0.000597377868044462,1.67198120802852e-06,5.00379508733235e-38,6.96844227801511e-11,8.18486978768277e-13,0.130009884333554,0.869325279303469,6.07276550062404e-05,5.05878821605837e-06,4.99076275898417e-17,7
"19864",1.89487165688588e-20,3.06352303327665e-34,2.93756609006064e-40,1.6131008398586e-23,2.54981640911566e-115,0.576810927484552,5.92086995628784e-122,0.423147980163877,4.10923515709931e-05,2.40237881778783e-52,6
"19866",0.00930646401509567,0.000111298081570541,6.46735160225742e-05,1.46822495846206e-13,2.40715513649588e-95,9.64142001726764e-06,5.453294200677e-66,0.000192648751698076,0.990315274215449,2.99528613508573e-43,9
"19868",1.27006560812868e-43,3.12614261630271e-14,3.93448796097127e-45,0.00100107189317931,1.60101978770414e-115,1.31160156938111e-45,8.52888250989239e-112,0.998998928106789,1.23544342830364e-20,2.22388764470968e-60,8
"19870",0.869065214853228,0.00026426549821559,1.65856989059552e-20,1.62606293966531e-05,0.00463017470561547,0.0638721273253849,0.0573084316762967,7.68924820017543e-06,0.00483583606315143,5.11252585016591e-13,1
"19873",0.838106436527918,0.0068590945340959,6.02807452472119e-10,1.12155383033879e-07,3.82332227914809e-12,0.00077476979289412,7.38734610078229e-07,1.42150859011817e-05,0.154244632562567,1.85554119646752e-18,1
"19875",0.0165377015304804,0.0353704998944016,0.92294043330343,2.0204392758715e-06,1.88671907457629e-52,2.64790075184278e-24,1.21413908536364e-40,0.00219501056536635,0.0229543342670455,2.63410263153488e-52,3
"19877",0.818331716988104,0.176909546208385,2.90213297919914e-12,0.000483592002779255,0.000150624804602429,0.000794629178871407,0.000184182557523488,7.93444966654143e-09,0.00314567980870761,2.05136750302648e-08,1
"19879",0.894464308473436,0.0707814857134691,3.13017492566575e-08,0.00764459923384456,2.20358323706354e-28,1.38984896412651e-07,8.52260130510909e-26,3.00052760823581e-11,0.0271094354833556,7.79243206875705e-10,1
"19881",0.656750706978082,0.0245453924088028,2.5383237558877e-15,1.22758260909739e-07,1.72982153126575e-19,0.00592812381312538,1.25852184179077e-09,2.85204974395764e-06,0.312772800732587,8.73248231642611e-13,1
"19883",0.120522898701509,0.000115042042744487,2.0144833864969e-18,2.76405894969598e-11,2.6079227449355e-20,0.797799807266919,4.44158910470935e-06,0.000165208217609668,0.0813926021544733,3.54494244670335e-21,6
"19899",0.122248868292422,0.746713072076216,2.9631538582665e-10,9.36707233540644e-05,1.00325561908211e-42,8.54072952616106e-08,2.80524655061074e-33,0.000460241638488424,0.130484061565909,6.79054035810363e-36,2
"19908",1.72123652249942e-27,1.30389379678193e-09,4.3311927200341e-30,1.43675618551058e-18,4.82458513107693e-158,4.41465726255918e-12,2.73196238971344e-110,0.999018635881193,0.000981362810498374,2.37264321170507e-45,8
"19910",0.995391549984859,0.00163797438460772,0.000105988788003206,0.00018056804367186,4.2238104339022e-17,2.65919342903035e-06,1.8868609796474e-10,5.12120743056533e-10,0.0026812589040126,6.10010753664633e-13,1
"19912",5.40247817676341e-08,7.90268947840431e-05,4.93539607018171e-42,1.80061621685954e-16,7.43307004629538e-22,0.995232953299876,0.000635348139480285,0.00400570164160201,4.69159994758086e-05,1.836362480716e-18,6
"19914",0.0777438249571423,0.895117047854048,2.43815940522272e-08,0.00705473995857949,6.37425533279119e-34,1.43032588456925e-09,5.65349950322545e-20,8.31401798506149e-10,0.0200843605857681,1.14063447918328e-12,2
"19916",1.71966414594292e-08,7.71772611880745e-23,9.34077909569837e-12,2.73123161449415e-16,2.09157829423184e-133,1.9913973258896e-10,1.96513558689481e-121,0.00286988777407305,0.997130094820805,7.78886040928108e-35,9
"19918",0.439556127520677,0.00215175432117826,3.56800465461044e-18,1.25583010355953e-08,0.142787213829753,0.146493535195958,0.164021471093269,2.21315058661034e-06,0.0638063409848574,0.0411813313454182,1
"19920",1.40658838248957e-06,0.00152388619209113,4.38005603131371e-24,3.39658238584974e-12,1.32246763616028e-06,1.28216936624939e-05,2.53186739131384e-06,3.17039024350477e-05,0.000946373396798393,0.997479953888206,10
"19922",7.07837128135111e-07,5.87962601949535e-12,5.68797615393513e-14,0.998509849313413,1.29111019919737e-43,2.69157248268768e-31,7.86282324896304e-26,0.00148944206185893,7.81663274228381e-10,3.7936533459392e-59,4
"19924",0.882030467629177,0.0956494414058145,5.9562291021271e-11,1.72701534178455e-05,1.71919031902236e-08,9.26747367981735e-05,2.12812057447632e-08,8.46555348138599e-08,0.0200534797399445,0.00215654314664114,1
"19926",0.870002432662105,0.040445396307081,4.75910939076153e-11,0.0257610718454816,4.03101524366285e-67,1.43564763066695e-06,1.24936458494645e-39,9.92210943196409e-06,0.0637797413806793,5.85947171436745e-44,1
"19928",1.01809605003883e-30,1.02576990183205e-37,3.42332878650826e-65,5.75005516111091e-30,5.24960627598124e-114,0.959281380599636,4.26815326358427e-98,0.040718619135103,2.65261302646108e-10,1.36989998393619e-49,6
"19930",0.134653328218297,0.000894659327691997,5.19824389073554e-14,5.01295767173435e-05,6.98108394389664e-05,4.85873783340288e-06,0.864251764437256,1.40038123247052e-07,7.53088245894945e-05,1.3966156116632e-17,7
"19932",0.00681361573201595,0.00167255170450971,1.10133918943725e-22,7.41947979949651e-06,0.00265240911819641,3.96227096750991e-07,0.98885021583249,7.78197711655536e-07,2.61348812105683e-06,2.20058968706345e-10,7
"19934",0.00584124694754691,0.834757391467872,0.0827798763770222,0.000715334324506345,1.54050317178852e-43,3.4317127944353e-21,5.74150974232763e-41,6.49291856798155e-07,0.0759055015911957,5.81397990553817e-20,2
"19936",0.395452962690311,0.599852139158018,7.99727757284971e-10,0.00208834124288284,3.74566342374451e-15,1.23034255857243e-08,3.91027889947741e-07,7.53718170692891e-05,0.00253078096067223,4.7824665795581e-20,2
"19938",5.58100253612196e-06,0.000953346023115642,8.59438308590571e-05,1.18044020518254e-05,3.4509320335287e-138,1.36073421547945e-20,7.71578267468978e-103,2.29972021523961e-06,0.998941025021222,5.04187846022333e-24,9
"19940",0.976471588405145,2.9227685796661e-06,1.19186585739021e-09,4.19677257031935e-06,3.84986961002474e-18,0.00699517745335043,6.48137550203533e-11,7.16979827024976e-09,0.0165261061736676,2.08874271796035e-13,1
"19942",1.86192028949505e-18,3.38277374934425e-21,1.30065108195001e-45,2.88819122148773e-31,3.74313370405013e-96,0.977032725499487,6.08397174516383e-71,0.0229476529003893,1.96216001234193e-05,9.42033471584114e-46,6
"19944",0.991361615550597,0.00642919632636528,0.000184589684277627,1.48709967570353e-05,7.74012473471238e-34,2.68954308327072e-06,3.05927175486932e-15,1.61859110615732e-09,0.00200703628032497,1.07836243434698e-16,1
"19946",0.8628673250828,0.126754769595813,6.30571381246336e-07,1.21938249634875e-05,2.9039219502543e-15,6.02362002509744e-07,2.02380367470619e-09,7.01133015670802e-09,0.0103626919827102,1.77754519313397e-06,1
"19948",7.98201212552823e-16,3.45314059152435e-28,3.32469718521145e-44,5.01101584040746e-29,2.43676962103747e-65,0.997616442386981,3.76150948675986e-48,0.00238191174994004,1.64586307855089e-06,2.85027706247205e-42,6
"19950",7.86056138586762e-15,6.60837166722698e-08,3.46713732735202e-34,2.12148915725986e-11,9.88206818584738e-22,4.12824665581874e-12,2.47275727081098e-18,6.87539920154129e-05,9.76346907822262e-06,0.999921416429839,10
"19952",7.98201212552823e-16,3.45314059152435e-28,3.32469718521145e-44,5.01101584040746e-29,2.43676962103747e-65,0.997616442386981,3.76150948675986e-48,0.00238191174994004,1.64586307855089e-06,2.85027706247205e-42,6
"19954",0.0440040171280687,0.000503634253761346,2.27988058044418e-18,5.79160942944243e-06,0.00512262941227211,2.57386027711071e-05,0.950313419704062,1.38838789227928e-07,2.46304464977021e-05,4.34864395611928e-12,7
"19956",1.96282941476974e-19,0.013711402632092,1.03196181917219e-49,4.55782715700765e-13,2.22914502679571e-26,1.45592098737386e-05,1.14586928030152e-15,0.986266710506271,7.32707717813004e-06,5.74127823501029e-10,8
"19958",8.36004073248942e-24,5.67418985210278e-28,7.06152215918533e-33,0.989051916828757,1.21874573545391e-75,1.3049275429334e-50,7.099289627165e-65,0.0109480831712424,6.50099897203721e-16,4.23003107006968e-56,4
"19962",0.00139451592694093,0.00238589008289068,3.77902739256302e-11,8.19903664212801e-06,6.74950001785897e-35,8.02764715315141e-16,2.49596116253641e-20,2.93348593929616e-05,0.996182047666879,1.2389462835634e-08,9
"19964",0.952353662760904,5.93084613246803e-08,4.27605207882729e-12,8.87557825845608e-05,1.04960262618989e-16,0.00203718346073498,9.83379348895912e-22,9.10085831685413e-08,0.0455202476606877,1.37683353648836e-11,1
"19966",0.000874415329613722,1.47432482376872e-07,5.16271262644954e-05,1.07870655807936e-11,2.75708990843082e-136,3.22206179904064e-11,4.29443690022219e-136,0.00136108726390911,0.997712722804723,8.13526903710143e-60,9
"19969",0.148225998744491,0.162162403511038,4.19502764487271e-19,3.57070248671155e-09,1.57420690522214e-18,0.653613305950135,0.00123436598636369,0.00190711232451582,0.0328568099127535,5.92922263642124e-28,6
"19972",0.00364016237265577,3.11336500384258e-09,5.78699186724762e-29,3.80877496745248e-09,3.32603243875845e-11,0.981914633672011,3.12594921432638e-10,1.84875495783366e-05,0.0144266541196492,5.50181105445525e-08,6
"19974",3.12141297015598e-10,4.48735148325574e-11,6.00786718927341e-49,5.24595631927053e-17,0.00362008680691378,0.961527477061816,2.0770032110116e-06,0.000706349217278801,1.6186048757452e-05,0.0341278235050075,6
"19976",0.9108900506966,0.062887385483483,2.62571344274473e-11,5.96298779673788e-06,5.38069392578767e-09,0.000452283426604937,3.58735522331436e-08,8.14340834290463e-08,0.0257191607718182,4.50339191100173e-05,1
"19978",0.956324893439674,0.000115465469466778,0.0330978800666839,1.73677946989539e-07,2.89105975034234e-17,1.20696162348738e-06,3.86374138331426e-20,7.59523441790314e-07,0.0104596208611628,2.85792835298942e-17,1
"19980",3.46026137161567e-06,4.37050193769016e-05,1.03194557607458e-30,4.54502719183098e-09,0.99465674190731,1.09559499695341e-07,0.000112881317172898,3.37041688135815e-07,9.09545131415009e-07,0.00518185080342217,5
"19982",4.00665296289242e-06,0.613540161593612,2.83173252259502e-20,1.40543577566908e-06,0.000134574324520654,6.28725827779165e-09,2.85781239348355e-15,0.215801513054902,0.0359522414712012,0.134566091179764,2
"19984",9.03216865919648e-14,3.64962141089059e-09,5.78293666238125e-24,3.76350099201057e-14,1.93418270747219e-43,7.03912159867342e-10,4.76789667903239e-33,0.000550420420135361,0.0233306428702417,0.976118932355961,10
"19986",0.000288161967336392,1.55934896456257e-05,0.767038371352368,2.21915030017343e-06,6.91098624510504e-172,2.08407600910207e-24,1.10850274438751e-132,1.0138751234553e-05,0.232645515289115,6.74791805855555e-58,3
"19988",3.39732402798007e-08,6.19424254887913e-10,0.956176256453179,4.86115667218446e-07,2.73119306731948e-175,2.49359203629159e-40,7.24489518756131e-194,0.000436008074893883,0.0433872147635957,4.00904344206541e-72,3
"19992",9.00849367049087e-09,2.6899217320414e-05,0.989093382980117,8.46992172049431e-09,1.75246409086571e-145,4.45382920647196e-38,3.23614703656018e-121,0.000199301842762533,0.0106803984813846,1.96902195225737e-44,3
"19994",0.114309673738586,0.00150130570721525,1.11759711068881e-13,0.000444366909217497,2.94567628150306e-07,4.05817216350473e-06,0.883712911258297,4.91858005831726e-08,2.73404609802368e-05,2.01157118130898e-19,7
"19996",0.000209715572344989,5.2661044833147e-05,0.981177726619274,5.30797634400004e-07,4.75263161128949e-109,1.4998061688395e-32,1.47532215641055e-105,2.7463728629e-05,0.0185319022372847,6.01840297124217e-40,3
"19998",5.42663575017761e-10,0.00122112769599069,1.47609721222025e-21,3.16330339861207e-16,3.14074655196938e-68,4.96348686235625e-05,8.90591599071282e-38,0.0106896205308672,0.988039616361855,2.04842623432732e-22,9
"20000",2.12743339282751e-11,0.605323220409353,1.07675564282574e-39,0.00802099139309746,5.34505280322724e-43,2.03114671423912e-09,5.03829727606761e-14,0.386655675875514,1.10269564326543e-07,3.68463220847418e-36,2
"20003",0.980322177084516,0.0175442937100589,4.70029864117279e-12,0.00157154840851106,1.13155969717093e-24,0.000167438099075078,4.41174050448967e-07,1.40452826046502e-06,0.000392696990828207,1.81527411803764e-36,1
"20005",0.000150916452551951,2.02226546959119e-05,5.60361453211297e-35,2.82183984439692e-09,0.893527229547173,0.000586441620381252,2.04607310328986e-06,1.79130925879578e-05,6.31304628569298e-05,0.10563209727481,5
"20007",0.118832372956612,0.694209992097672,3.99037131036808e-06,0.000144673398090644,1.43837363024192e-29,3.58040791385642e-12,2.36444225566172e-31,2.35595617919769e-06,0.186806615216556,3.27228894550714e-23,2
"20009",3.50915201103661e-06,3.29425003324819e-12,7.17321412012505e-08,1.89232902899137e-08,2.27974469060449e-128,3.63048888087487e-19,2.81251988921381e-108,3.6222747965179e-07,0.999996037961783,5.19777794015248e-25,9
"20011",0.228990660557158,5.85669209681725e-05,3.07220247539027e-20,5.45392502593403e-07,5.23563510679059e-16,0.438154383626614,2.48550092735961e-09,1.1619376513209e-05,0.332784210516268,1.11244737075505e-08,6
"20013",0.00397063018982584,0.766819873333399,1.11479461764105e-15,1.08764495521725e-05,0.000490891852000763,1.27226650299187e-05,0.0125978972974387,5.38378139326895e-06,0.0144733427151061,0.201618381716253,2
"20016",2.95952949363212e-10,1.49919365297756e-08,0.006029586479472,1.27923492448802e-05,1.34596644573302e-173,1.40781088801848e-28,3.86599500195208e-159,2.21689976187795e-06,0.993955388983632,5.56317614482884e-39,9
"20018",9.86321015134711e-39,2.53957653313137e-34,5.33918912908345e-10,0.00703387503512888,1.95269253610409e-294,7.61525593864242e-78,2.95342653477558e-272,0.992966124412966,1.79865851972839e-11,2.01933196777306e-133,8
"20021",0.471226618541222,3.47886620009631e-05,0.519862251980835,0.000239964578581609,4.56850469474048e-45,1.30820084031942e-18,6.11792826100951e-37,3.72064350447221e-06,0.00863265559385496,7.09258967567972e-55,3
"20023",0.92623728604691,0.0641215139368973,0.00111117366543505,0.000520611989055231,7.97483958467035e-49,2.12546226505345e-13,1.88165392777079e-24,1.94010902254014e-09,0.00800941242136918,1.18189665404821e-14,1
"20025",5.52875664702024e-15,2.20275565424062e-20,5.70016878405036e-06,0.00218652304289489,6.41584104377988e-157,6.1974338605114e-58,1.39845413061603e-164,0.997594503426886,0.000213273361429519,1.17559260054017e-115,8
"20027",0.00549126810092901,0.000178701088324637,7.99992929896906e-31,2.56795412655488e-11,3.01976668350212e-27,0.992742371091295,8.18499784874238e-05,0.0010968713305681,0.000408938384716531,1.60181811749348e-31,6
"20029",0.00098255511685553,0.001878013644659,8.18753984754456e-28,2.67325717485885e-13,2.33456746131357e-10,0.987953723420734,0.000556571598751171,0.00184828987083023,0.00678084611443955,6.56137489520805e-15,6
"20032",0.030664586121043,4.61334574351812e-05,6.49482382934583e-25,2.44788930928936e-06,7.43211723696611e-14,0.00263533552945664,0.96663583649382,5.21001332025145e-06,1.04504955416007e-05,1.96269155924362e-23,7
"20034",3.77726582082913e-10,2.26537274389682e-24,3.37278716113018e-38,1.19529384389063e-20,3.21474813351995e-63,0.9970652106352,1.05201614138788e-33,0.00288911801225057,4.56709748225662e-05,4.53014608188213e-44,6
"20036",2.15943578287897e-12,0.610709932656615,2.71990630984313e-16,5.93557613607282e-14,7.24658735032682e-42,2.78246363311586e-10,1.65294105990303e-23,0.259608695998962,0.129681371062476,1.48179103136515e-12,2
"20038",0.00132910556070235,0.274784127166605,0.700782602730215,0.00356973172621265,9.43965095217941e-100,1.80673035156825e-24,1.70393177764353e-86,3.57882012773569e-05,0.0194986446149884,2.77320589778601e-66,3
"20040",8.86472818908123e-13,6.01511662906918e-28,3.10640190992894e-07,1.15717069660392e-05,7.75427550474644e-224,6.44515829425264e-29,6.31249158657639e-190,0.000489991805088219,0.999498125846868,2.36645051822828e-57,9
"20043",0.000771132661604578,0.0479417181713312,0.925578336070141,2.32640579570538e-05,6.93940210325165e-54,4.65484744632089e-31,1.4802794421033e-44,0.00396800130325071,0.0217175477357159,2.87527360013567e-42,3
"20045",1.89562192336919e-10,6.7481727408462e-14,0.959131617488282,0.000658647961076803,2.29938872828724e-179,5.06789296598116e-53,4.28497497877903e-189,6.50396265770525e-05,0.0401446947344346,5.51524440605092e-55,3
"20048",6.6306061240505e-25,1.72417954374992e-14,1.36494646843936e-37,3.10360314791373e-15,1.27972080931862e-18,1.4707896445409e-13,1.69927281216866e-55,0.00149099813207619,1.30737755505162e-06,0.998507694490201,10
"20051",0.000786309325116205,0.868174085769347,0.000144308682044256,0.00209325502803727,3.83954460274094e-16,1.38478134808302e-28,1.12210274465701e-21,0.0244721173290118,0.104329923866443,1.28024703089801e-22,2
"20053",0.923821041301325,0.000649867925888802,0.000730316967026793,2.5046461824098e-06,1.99914272406241e-82,1.91286423751226e-11,5.86986270807876e-33,5.16721320167622e-09,0.0747962639732235,1.16765689899808e-14,1
"20055",0.000327032954564597,0.964467938703052,9.04729035476773e-06,0.0188630369150586,6.32637520023365e-84,3.84138433922431e-18,7.41350588267508e-76,0.0126384229834059,0.00369452115356444,3.92001089110815e-82,2
"20057",1.32188254177642e-51,5.46589142020321e-38,4.81977971061222e-72,0.0303368169265079,4.75183697262288e-125,9.12486639593769e-44,1.9968608673745e-125,0.969663183073492,2.0885379420116e-27,1.39154251363043e-69,8
"20059",0.840553797195662,2.52347628805512e-08,6.13540237225844e-05,0.00409292809509273,3.51102043088857e-75,1.08430252587883e-13,1.58552070998909e-46,4.69388089101917e-07,0.155291426062562,1.82763458896561e-28,1
"20061",0.981427574901317,0.000179351477102514,2.53552110118935e-05,2.46981584711143e-06,5.30381367996594e-36,4.59589086632055e-11,4.94703414999624e-32,4.89654001619924e-07,0.018364758894761,1.97249348394771e-29,1
"20063",2.06428850564286e-39,1.38356255205452e-28,8.48644565283339e-23,6.53570747291052e-24,7.34515253474487e-154,2.7994474611434e-28,2.62556300260719e-164,0.99993862996053,6.1370039469631e-05,2.2905725843532e-16,8
"20065",9.60263467429763e-12,2.03297164919603e-12,0.0324868382082389,0.947618772231791,1.07140077477474e-159,1.0378791678636e-61,2.88535866682796e-153,0.0198936475179351,7.42030399214779e-07,2.00633058834907e-130,4
"20067",7.84182940661156e-06,2.3166261909957e-05,0.672936451009574,0.00649718607884859,3.08516153277423e-107,6.34734313580962e-41,4.71400452932088e-77,1.63452315951905e-06,0.320533720297101,3.55775146124313e-20,3
"20069",4.25664757883966e-06,0.000592240156828175,5.51339778359724e-28,3.55570369701281e-08,0.745334939670059,2.22020153784236e-08,6.23888762285723e-05,4.470834794714e-06,1.16023770918474e-05,0.253990043678366,5
"20071",1.94128449528106e-08,0.289346658785609,8.48331457819711e-17,3.86375584580774e-11,5.3901075761788e-74,2.37080983202521e-06,3.20358342405058e-61,0.0052081679260171,0.70544278302706,5.50307738254543e-32,9
"20073",0.00334399900826391,3.20867673092303e-07,4.35747086458095e-17,6.82707743986983e-09,8.29178765909283e-16,5.93029934806107e-06,1.89977502020333e-11,1.43755634723275e-05,0.340424637049255,0.656210730365911,10
"20075",8.10414529270911e-31,5.64735946465716e-12,1.27857475696104e-37,0.367712780159722,3.64022693547345e-104,7.93517035481047e-46,9.79028442534289e-93,0.632287219834631,4.7038956818425e-20,5.16525414333551e-78,8
"20077",0.000365576734941903,0.344808775515622,0.617971761470155,2.20104221898482e-10,8.27445425355602e-60,1.69225045170657e-13,5.85450948095947e-43,0.000133361592776505,0.0367205244662294,1.94653433109599e-15,3
"20079",1.68934674052696e-14,6.76676948261814e-05,5.28879600984474e-10,9.51297390430268e-12,3.96403954210417e-43,8.35255352886403e-27,4.58873358060894e-52,0.899165684005006,0.100766647761757,1.23829897567037e-15,8
"20081",0.00261194993201519,0.0285396990137454,0.0368321728568231,0.910940717511244,3.77758532730356e-57,3.040716408595e-33,1.4076218118209e-58,7.47021188103867e-05,0.0210007585673618,3.31380680614063e-36,4
"20083",7.63106789187529e-25,3.81228694383054e-06,3.71318995267703e-27,5.27177686032586e-16,1.02333851908042e-83,8.24755211947664e-13,1.9633509424358e-68,0.969967628457281,0.0300285584667195,7.88230469346595e-10,8
"20085",1.78948107683217e-09,1.62404889170255e-08,0.995162366635038,1.02579150598924e-05,5.33106404639435e-178,4.85225907878124e-46,1.2518508919965e-174,0.000149833435015081,0.00467752398491754,1.72460990350883e-82,3
"20088",0.0354671095278679,0.00776461625777591,0.941192362383009,0.000326882645121967,1.00915753700427e-72,1.40764140629743e-30,3.33639384121255e-64,2.46306746002127e-06,0.0152465661187649,1.66564262637526e-42,3
"20091",3.42449550178909e-14,1.47461520331091e-11,3.1593986884434e-13,0.999986996268703,7.11701324825061e-95,4.50670198850103e-46,1.12032467736405e-99,1.24809566933645e-05,5.22759507076892e-07,8.66157449710637e-50,4
"20095",2.07988476727202e-11,2.70495158292992e-17,1.24690642612825e-23,2.67043200747101e-11,4.02280874779987e-98,4.93994098920907e-06,2.22076525527501e-74,0.0119428640804227,0.988052195908021,2.30638981793279e-11,9
"20097",1.95547194121164e-09,1.47144080707865e-07,0.994543535920868,0.000132161143929532,6.57991537506671e-162,5.96757433249334e-51,7.64963580358542e-172,0.000736969196847637,0.00458718463880196,6.12306517739841e-86,3
"20099",2.45993500391376e-07,2.18287977734628e-18,9.83186795921077e-07,7.32431670728063e-20,1.68555211851738e-89,2.57857001459169e-06,5.63391427767171e-101,0.00249658103293916,0.99749961121675,1.99272004045621e-22,9
"20102",2.18978257492285e-19,1.17502292457805e-11,3.11152634862026e-22,0.726365290810431,8.66301447051022e-59,3.11733304658708e-34,2.51323159847811e-77,0.269063598257614,0.00457111087998055,4.02247019331576e-11,4
"20105",3.86217543791562e-05,0.00117917068896546,0.541857277589005,8.30340137547902e-07,6.09413542019687e-41,8.34075652984961e-29,5.99433079338072e-67,0.00188327296044973,0.455040826667063,7.29900103151042e-29,3
"20107",0.0766675709641259,0.285817331805807,0.551588994106514,5.71605561998781e-06,1.8332452616733e-83,3.74076043536549e-16,2.64620216978347e-75,1.74384340457289e-06,0.0859186432245285,8.98478104164374e-34,3
"20109",0.0021410767284261,8.17141009285418e-13,0.000410913710195908,1.33234035946692e-10,7.55011709623289e-53,1.31821804002335e-12,2.18402414788317e-49,3.00044757825973e-05,0.997417813553182,1.91397044389369e-07,9
"20111",5.36176395104346e-16,1.21279536833826e-14,1.59922957279912e-40,0.964471544333829,3.72509959177452e-36,6.69220837510295e-28,2.47098901681477e-26,0.0355284556661578,7.82061828630858e-16,3.68751752789916e-37,4
"20113",0.00298661931919037,0.0052871973215722,1.27576365888197e-06,3.15907644236372e-12,7.07920676319261e-87,1.23932294734974e-06,8.16677636696215e-63,0.0025986145710735,0.989125053698399,3.35515960411218e-50,9
"20115",0.120234876308562,6.40533106053722e-07,5.02592754822018e-30,0.695003144920884,3.12530710993717e-20,1.57823615528824e-05,0.006170476561727,0.178504529404296,7.05499098719751e-05,1.33979925325701e-34,4
"20117",7.92491516375364e-23,6.59391485900214e-26,2.4267361453159e-30,1.95687827319765e-06,1.11136069461958e-193,4.59156248176678e-16,2.88941662287787e-162,0.999997991826038,5.12956887649006e-08,7.64253876333846e-85,8
"20119",1.01839623832208e-05,2.53581569901743e-08,0.000230036709467931,2.01534855321096e-16,5.50281430046605e-148,3.39593554475824e-09,1.57995453822462e-114,0.0104525570818208,0.989307193492235,4.84233367197732e-70,9
"20121",0.0585821101464611,0.025629231212441,0.866559797149234,2.53718055470898e-05,6.25532999457444e-123,1.77368728009908e-20,3.1239968458326e-86,2.04629347107809e-06,0.0492014433928457,7.9701094299706e-44,3
"20123",4.1835336299073e-16,5.39826972356034e-11,1.41283028690842e-12,0.999128269620945,2.64764323548421e-132,4.97249355865836e-53,2.13078621980946e-111,0.000871719636474939,1.06871836558688e-08,5.49793526213253e-85,4
"20125",0.00149917241913393,0.033180687476821,5.03115865092874e-20,7.1716916298441e-06,0.63775115394938,3.32785956430317e-07,0.327299198057245,1.64579947219983e-06,0.000246082337803404,1.45554825586812e-05,5
"20127",1.33113005815086e-09,4.18021516777071e-11,0.979775660856353,8.10722279038065e-09,6.28582959812073e-111,2.47627521970642e-43,1.76405489639914e-152,0.00483092735813096,0.015393402305361,8.90895339523729e-46,3
"20140",4.06803640322142e-05,0.958637131641006,7.29137464949057e-12,0.00275468762037981,2.43535228942287e-83,1.83909454216374e-14,4.84669321522973e-55,0.033163145887078,0.00540435448019437,2.10590189983388e-61,2
"20142",6.58661440022006e-13,9.63147823721653e-06,9.82322741032289e-33,1.10134785847652e-10,1.50140394547734e-05,5.19971454771754e-10,6.58202779101996e-14,0.000131432603341619,2.53584981155165e-05,0.99981856275002,10
"20144",3.41687988323e-05,0.791854177317011,1.72007098565551e-30,0.199119585138425,2.053432983374e-16,1.29306922842174e-10,1.49421213229592e-05,0.00892886879140816,4.82577036925243e-05,1.71499419867005e-17,2
"20146",5.10199409453552e-10,0.695345475386603,4.19114887887735e-19,6.90217868284812e-08,1.98235117236714e-25,2.65133291061877e-16,5.15950241659759e-15,0.269677379318935,0.0349770479039048,2.78585661948032e-08,2
"20148",0.316184594712556,0.658692145500206,7.97515998121554e-09,7.66035365916468e-06,6.92605507029215e-11,1.0511753940588e-09,0.0163077617939783,0.00061767314473382,0.00819015539927035,6.15081982505903e-23,2
"20150",2.00697193535625e-07,1.62937919081882e-07,3.05735501714638e-41,6.19415683133479e-13,0.993344403379174,0.00248626834510318,0.00358739513196221,7.04083144136761e-06,1.25796071170864e-06,0.000573270715876116,5
"20152",0.675149807945751,0.316295537332484,1.59414432520447e-07,3.24178103042637e-05,1.2544150377109e-11,7.66437722941891e-08,0.00173930502521275,3.90737912530696e-06,0.00677878843637054,2.78000420701877e-15,1
"20154",1.93056478487397e-21,4.0109405446318e-13,1.20652831822298e-05,0.991053264521683,3.31651667995871e-128,7.71469318209963e-72,3.27973309722147e-142,0.00893205445076229,2.61574397179063e-06,2.71144160855343e-53,4
"20156",0.000482870175811728,0.0247188953958386,5.73753195869877e-10,0.000107511106449372,2.63238084912525e-55,3.60179989778186e-12,5.01073911617499e-48,3.60735615444723e-05,0.974654649124383,5.86182239203902e-11,9
"20159",1.20917405843395e-07,0.00206458751471185,3.1525000662603e-29,2.78623430825236e-07,3.1707308067161e-10,1.90569574983077e-11,9.81383335458653e-13,0.000106776196997601,0.000117427374337849,0.997710809036005,10
"20161",4.33178033553632e-13,2.47576036823985e-05,1.29924676507462e-22,6.5655189195937e-11,1.19739928481776e-36,3.85481267967067e-11,1.11515115096986e-33,0.0865900499564753,0.901280973451401,0.0121042188838049,9
"20163",0.958401608307968,0.000163443064664979,8.13296484060169e-09,0.00111639305585088,2.2422825982923e-37,1.56076192319603e-12,1.7933781935712e-14,0.0394500458471895,0.000868501589782717,2.11333921688811e-57,1
"20165",7.82215634318363e-12,8.23551977906564e-11,3.73445476641389e-08,1.67928765521755e-10,3.15246650744777e-48,6.56694388803329e-24,2.27325051684425e-67,0.119576600518348,0.878180842718773,0.00224251916022594,9
"20167",0.0528381189976313,0.0209891612506616,1.37116259942947e-09,3.1698322681081e-07,0.915410485797985,2.45508095626458e-08,0.00943202898449481,1.26208036285298e-06,0.00132855517648068,4.48071846495624e-08,5
"20169",1.75266774956021e-20,8.18184725060191e-11,1.69141457893819e-36,6.06393208119038e-14,4.99571572996866e-14,2.30433571956212e-12,6.57785895363852e-35,0.000229960898032337,2.14202309694869e-06,0.999767896994637,10
"20171",5.47530902648704e-32,3.20572034990206e-18,4.73858762835637e-08,0.535830275303309,2.72893447218789e-167,1.8518264791458e-80,4.03942329056607e-188,0.464169429222373,2.48088441797786e-07,5.6402451122926e-59,4
"20173",3.54595596878116e-17,2.6463427363797e-30,5.98559554466716e-20,8.89209294222001e-24,1.03627388560419e-97,2.00973500140212e-10,1.46624563159429e-108,0.617917455627764,0.382082544171262,6.10436525840587e-20,8
"20175",0.942329992014878,0.0396215928784783,5.94989925558955e-17,9.78756098174436e-05,0.00286288758444315,0.00279259832434965,8.37256895411367e-05,3.04493948222767e-06,0.0122082007428265,8.22161836944574e-08,1
"20177",0.00168940452924904,6.814351265131e-16,6.10611177881886e-08,1.77048706820964e-15,3.19064815858143e-94,6.98865082478678e-06,2.06556315388551e-77,0.0128800135574781,0.985423532201328,1.29126387130031e-25,9
"20180",0.00287681969154907,9.79919039859748e-08,0.963108296731254,0.000110618046660415,1.41051585079163e-140,1.71080092783026e-25,5.93973990559252e-103,0.00129808413405161,0.0326060834045813,4.46359355949863e-99,3
"20182",9.33384732167538e-44,1.22640701758056e-33,5.1529373349149e-83,5.4021704962692e-13,7.77873372446161e-50,7.16975181368997e-11,4.324430900408e-73,0.999999999927698,2.2094627285857e-17,6.41114162578085e-14,8
"20184",2.05599120773541e-06,0.00380631868223783,1.64239663684453e-19,8.20010503391039e-09,1.18203912866318e-13,1.63612750508745e-07,1.80436799764717e-11,2.66891433655974e-06,0.00723517325374371,0.988953611327457,10
"20187",9.12967557201909e-09,4.59947559955901e-12,1.60089756836659e-21,9.38203937103606e-24,1.0744024209424e-76,0.185343594061655,4.94547136751004e-51,0.276020915739246,0.538635481064825,4.62480288837428e-17,9
"20189",0.876497263776034,1.31784971833573e-07,0.00792654795065274,4.4694529651397e-10,4.06385711138072e-39,2.57555212918801e-06,3.98668616491192e-37,1.6998115606015e-05,0.11555648237366,3.81548700608184e-38,1
"20192",4.35376808495797e-11,2.62000666815905e-27,7.40058995393657e-12,5.39170790061129e-05,3.27331281153176e-130,6.32981729000917e-32,2.60193171194404e-94,0.999717222086232,0.000228860783823015,2.07681376972825e-96,8
"20194",4.90571283271776e-20,0.000204200010389777,2.09563093567504e-38,6.60500962188808e-26,7.55280453317356e-40,0.139907452085038,1.29283658516572e-23,0.857993927686852,0.00189395979316072,4.60424559769026e-07,8
"20196",1.8435110815308e-12,8.30702314122562e-07,0.635760663442937,0.344783045560858,1.53563267435893e-134,3.35806360171249e-44,6.89904607883614e-135,0.0176781667025961,0.0017772935894516,1.14726244473045e-69,3
"20198",0.308241261855769,0.548624325859815,1.26147756626016e-06,0.00108210062830918,7.36171492943141e-29,1.89516006518714e-11,1.11261312532843e-14,0.000943913319646478,0.141107136839931,7.29359467002921e-19,2
"20204",1.72810226362436e-05,7.20788210749588e-05,4.58344355698207e-28,1.97121606744252e-06,0.997889962424153,1.92953332267224e-08,0.00103821707385632,7.12284208505645e-07,1.31941537064064e-05,0.000966563708964717,5
"20207",5.88626794034391e-08,0.000872561807347277,0.570053216920294,0.182583026981753,6.81835431555038e-92,5.1666443101476e-44,9.18760239021122e-113,0.000338491434997131,0.24615264399293,7.9419493406258e-29,3
"20209",6.36067176935184e-06,1.57564957829305e-06,2.62875088357507e-37,0.518494003837381,5.95058053747403e-75,2.32286983671339e-06,4.60395372844551e-33,0.481495733456496,3.51493915732152e-09,1.34659443595618e-70,4
"20211",9.1855278599959e-17,3.60074905127631e-08,1.34041410331362e-09,0.997302311633179,1.38427511792657e-91,3.61752800149602e-61,2.2214846360494e-83,0.00269764945438233,1.5645344238886e-09,4.21055967838224e-69,4
"20215",2.50208516479493e-07,0.464388527152536,0.174835415241256,6.81301560686287e-11,9.75891862108174e-61,8.10835230498071e-22,3.41124125144794e-54,0.100008680781876,0.260767126547686,5.12184193090946e-40,2
"20218",1.06509750226922e-09,2.86198960978996e-05,2.54751421483695e-30,2.92659065769283e-09,0.152375946579081,5.59864496163818e-09,1.70591879028083e-09,3.85518036401447e-05,3.43070118023429e-05,0.847522563413127,10
"20222",1.24931190039642e-07,0.112440705020915,0.227228315872651,0.0113300983612197,6.73552249289534e-50,3.83697970986199e-44,9.5217953879791e-69,0.634855589338271,0.0141451664757539,1.24016874087854e-37,8
"20225",4.98324328233064e-08,0.870767521153903,2.78620291205872e-29,6.14312287160837e-08,8.63895561877732e-21,9.05621379252237e-12,3.4725928343196e-08,0.129209321113603,2.30117338478409e-05,3.21729986358908e-21,2
"20229",4.31457776523744e-13,0.925209558201463,1.45478477092592e-19,5.65799152350612e-08,6.39381681204007e-65,5.53820968293245e-15,9.14403220919022e-40,0.0740251861875472,0.000765199030637355,9.67774719153152e-42,2
"20232",0.0863120064615081,0.265627455099293,6.25368876404045e-07,0.0178905695162744,1.00121567769339e-54,1.42677541015358e-13,2.81633810175396e-38,9.81316686969272e-05,0.630071211885209,8.4483876652411e-33,9
"20234",6.29389508031477e-19,6.97378656313351e-30,0.0990288463362441,0.0021528344077382,8.4213907930961e-236,1.38759895196444e-55,5.08136511968305e-248,0.898784106602813,3.42126532047806e-05,1.11227431314339e-129,8
"20238",0.0135710358895162,5.71301881519239e-05,0.0115424005316038,3.05269743729522e-05,7.20367309613872e-88,1.13104797837357e-24,5.36296708351798e-84,4.86285392465716e-05,0.974750277877108,6.12578312381873e-36,9
"20253",9.15746520412873e-11,0.0087932208620674,0.925346383424382,2.58505501093259e-12,4.60014586197075e-110,3.51951605500744e-27,1.03939221492039e-116,0.0120979235508471,0.0537624720685441,1.10321067732223e-47,3
"20255",0.0231407155326682,0.0221921544957687,7.49813015182207e-18,0.00481926336672881,1.81863230131279e-06,2.49007243922969e-10,0.949838098061893,2.80650817385822e-06,5.14315345825564e-06,1.3149602917192e-17,7
"20258",0.00310749355214558,1.29352191294968e-09,0.990205685094485,7.4831786205527e-07,1.47882899859913e-73,1.27354845845698e-27,1.97350591744198e-89,5.17261378057109e-05,0.0066343456041803,1.00616895582359e-58,3
"20269",0.0329090980235271,5.21215795738983e-09,0.159094220526715,3.52784982772714e-06,2.64649286708136e-26,2.44664312908521e-17,3.96971507097323e-55,1.60672469279641e-05,0.807977081140707,1.37439742428194e-13,9
"20271",0.000351293341586315,3.20939336564455e-17,0.093343028679355,5.39360804489699e-13,1.03722976718796e-99,5.88179128119123e-14,1.52483017358842e-117,0.099771252672348,0.806534425306112,1.17523632765755e-72,9
"20285",5.59802439678593e-06,6.18878737865322e-08,1.24988665303177e-25,3.59573332684451e-16,1.7974265806683e-58,0.00676976406256627,8.1519904372898e-45,0.103463709488686,0.889760866536477,6.12744791689609e-19,9
"20288",9.03523691934744e-05,0.589873107882892,0.000306228152598107,2.31673260600148e-07,1.64075015680869e-53,9.16059427380799e-18,4.39759667042479e-60,0.00122823514280246,0.408501844779253,2.51442610085365e-33,2
"20291",2.62042543811069e-06,3.03605610597887e-09,2.09795408096698e-05,0.955156983468639,1.61122594632694e-128,4.17459173635598e-31,2.9152362325303e-131,2.17482747053611e-08,0.0448193917807826,1.60279849608899e-46,4
"20295",6.80690788687288e-05,2.92485109198524e-21,2.32676157834522e-09,1.35751570352854e-10,7.76553099285684e-53,9.53932491170166e-13,4.16202140288097e-55,0.00634776473536679,0.993584163722297,6.83231058776442e-33,9
