"","V1","V2","V3","V4","best$classification"
"19811",1.035529274489e-06,0.00259751241615592,7.08801291618746e-05,0.997330571925408,4
"19813",2.1364413936521e-05,0.00201883722647334,0.00387397475480586,0.994085823604784,4
"19815",0.00177549294171758,0.00010902326964175,0.00460795190132815,0.993507531887313,4
"19817",7.28020511136845e-05,0.00289129801785228,0.000596782114281468,0.996439117816752,4
"19819",0.13091446676251,2.84394261100736e-06,0.868993269951144,8.94193437356238e-05,3
"19821",2.10720365602186e-06,0.0568930604832583,0.00222195887774752,0.940882873435338,4
"19823",0.112050982856349,0.00161991977685256,0.00203652290808563,0.884292574458713,4
"19825",0.00110069207350475,0.831078378725646,0.157287538938064,0.0105333902627853,2
"19827",0.000437896903152601,0.686091875631205,0.00157410075092276,0.311896126714719,2
"19829",0.000214644835934294,0.0142921044014105,0.981836902262115,0.00365634850054028,3
"19831",0.104031784131959,5.18084582564295e-06,0.894913611140652,0.00104942388156313,3
"19833",0.999820165665793,5.93370267826683e-05,9.72281561758089e-05,2.32691512481212e-05,1
"19835",2.10720365602186e-06,0.0568930604832583,0.00222195887774752,0.940882873435338,4
"19837",7.15097311953205e-05,0.121302786100062,0.00424328081759548,0.874382423351147,4
"19839",8.26470016547903e-05,0.0512812227481243,0.934018656683097,0.0146174735671237,3
"19841",2.29232670022813e-07,0.999872531282488,5.55161418722611e-05,7.17233429695813e-05,2
"19843",0.000210768393256467,8.43737991229698e-07,0.998723217485745,0.00106517038300722,3
"19845",2.51397404061828e-06,0.000585492293044031,4.21070546804589e-05,0.999369886678235,4
"19847",0.000117476172625372,7.13248918030448e-05,0.00516549740133823,0.994645701534233,4
"19849",6.0291260276961e-06,0.0030950349983973,0.000378676576808214,0.996520259298767,4
"19851",6.92786734495166e-05,0.000293419403711001,0.000178812430924781,0.999458489491915,4
"19853",0.000184991359982753,0.00207252569911332,3.88647700729137e-06,0.997738596463897,4
"19855",1.86247390500105e-05,0.0127290990898712,2.37172842209559e-05,0.987228558886858,4
"19857",6.22557641677613e-06,0.0314613248013665,0.0112062197101862,0.95732622991203,4
"19859",0.000419703180136117,0.0345808460014692,0.00385639357915262,0.961143057239242,4
"19861",2.75494716093022e-06,0.000221795083662485,5.71811351478502e-05,0.999718268834029,4
"19863",6.07688289929658e-07,0.978455532892043,2.87010226430077e-05,0.0215151583970245,2
"19865",4.0411742257537e-07,0.996471923436943,1.98088152377438e-05,0.00350786363039696,2
"19867",4.25704547531554e-05,1.97921513626048e-05,0.000936128866531136,0.999001508527353,4
"19869",6.15667333994375e-07,0.0125278028831345,2.61622738553904e-05,0.987445419175676,4
"19871",0.000554740252837504,0.122692000742604,0.0121591650837228,0.864594093920836,4
"19874",4.46514124230422e-05,0.83873213055456,8.44590553678901e-05,0.161138758977649,2
"19876",1.72741308241999e-06,0.470847300906839,1.66451199240739e-05,0.529134326560155,4
"19878",0.0206657700136039,0.000962960149785444,0.660350611952936,0.318020657883675,3
"19880",7.75378906384918e-08,0.997960149938196,7.85795841090604e-07,0.00203898672807283,2
"19882",8.66898833405909e-06,0.00323970139854205,5.40460025459915e-05,0.996697583610578,4
"19885",4.33437122875911e-05,0.00250623604661732,0.0147499565247489,0.982700463716346,4
"19907",1.14254068849645e-05,8.72965634099089e-05,0.000327890987587301,0.999573387042118,4
"19909",8.33606287880238e-05,6.81704604612085e-05,0.972463053760413,0.0273854151503376,3
"19911",0.00160650245205052,0.0377674120144635,0.929214685101211,0.0314114004322754,3
"19913",4.57371553964523e-07,0.999932998822186,3.16704924499081e-06,6.33767570146669e-05,2
"19915",4.20462468955907e-05,0.620084912744309,0.000108013919107577,0.379765027089688,2
"19917",7.19350421699174e-06,0.984353024321661,0.000192692474569094,0.0154470896995535,2
"19919",0.00024714579835964,0.26658302744116,0.00161376648934096,0.731556060271139,4
"19921",2.67871280943565e-05,6.76367871618064e-05,0.000471030296783129,0.999434545787961,4
"19923",0.0342702379382027,2.13607980626641e-05,0.0659241508451059,0.899784250418629,4
"19925",1.29429468958752e-05,0.94987528115933,7.22707146232529e-05,0.050039505179151,2
"19927",3.72573907318762e-05,0.00122501262054152,0.000213780986483905,0.998523949002243,4
"19929",2.70968862715642e-08,0.998410782585732,1.95268379075074e-06,0.00158723763359127,2
"19931",0.000371800095684926,0.00492755859408933,0.00313273390524645,0.991567907404979,4
"19933",0.00195942955464143,0.0037029234036949,0.801843465523369,0.192494181518295,3
"19935",2.58997275327868e-05,0.00423965360197509,0.0898225674869254,0.905911879183567,4
"19937",0.00071460851830376,0.000144672527187827,0.000987661917160788,0.998153057037348,4
"19939",0.00041475444664194,0.00457254158776816,0.0024639375016799,0.99254876646391,4
"19941",0.00013354665573367,0.108387723270167,0.877338179150222,0.0141405509238775,3
"19943",3.20328285528924e-06,0.998741649573978,7.95383025081944e-06,0.00124719331291569,2
"19945",0.00368799472592859,0.000170789640605976,0.920552542457496,0.0755886731759694,3
"19947",0.000287039108428841,0.844072919066594,0.117886899054423,0.0377531427705549,2
"19949",0.0441910508399364,5.33859573078341e-05,0.332615259922037,0.623140303280719,4
"19951",0.000158507830800641,0.720703605500355,0.00428385478684436,0.274854031882,2
"19953",0.783137405031739,6.04461185493767e-07,0.213893693993526,0.00296829651354937,1
"19955",0.0513977230053893,1.42117159678381e-05,0.936933637467844,0.0116544278107992,3
"19957",0.00290832964702028,0.900225083962871,0.00262412271039675,0.0942424636797113,2
"19960",0.000205179417666296,0.000804905150824393,0.993790504911918,0.00519941051959097,3
"19963",0.0653931369394504,0.932658725480425,0.000877858653115806,0.00107027892700846,2
"19965",0.000692624423340257,2.87268932105714e-07,0.99761364037418,0.00169344793354817,3
"19968",7.69741188239266e-08,0.957948209862483,0.00251001800313535,0.0395416951602623,2
"19971",0.00762374600150215,0.98888249750281,0.00339588712245947,9.7869373227879e-05,2
"19973",5.5879463493973e-06,0.0157657022763317,0.000496921991986932,0.983731787785332,4
"19975",4.27914480165707e-07,0.968689791965384,0.000132496989104842,0.0311772831310313,2
"19977",0.000284645881022797,0.996074568299013,0.000331390263342018,0.00330939555662194,2
"19979",0.00045947635322991,4.10405951281344e-06,0.999529293252153,7.12633510455461e-06,3
"19981",4.92946321857891e-05,0.00191309724373561,0.0207018670754815,0.977335741048597,4
"19983",0.000253691958944422,0.000136328475937482,0.0300876095520124,0.969522370013106,4
"19985",2.61087281636999e-06,0.846424579597593,1.93783938903466e-05,0.153553431135701,2
"19987",0.000413765953715206,0.129702404822945,0.106932040116922,0.762951789106417,4
"19989",0.00453566457257282,5.32795168409684e-08,0.995378326987173,8.59551607372067e-05,3
"19993",0.00331585310168552,0.04308185700134,0.53680262797389,0.416799661923085,3
"19995",0.0007594929127181,0.0107542145559297,0.812309296651106,0.176176995880247,3
"19997",2.00242570484431e-05,0.0268176866493131,0.00018317554535048,0.972979113548288,4
"19999",1.39184022344385e-06,0.105767081305627,2.73080119018691e-05,0.894204218842248,4
"20002",7.2742654095599e-06,0.995745312700108,0.000645371875952448,0.00360204115852957,2
"20004",0.000126664097028798,0.0191083269934007,0.838860828848941,0.141904180060629,3
"20006",0.00630026738856087,0.0023773741679731,0.93984716300981,0.0514751954336557,3
"20008",0.0267360292220473,0.00096908124887567,0.905263239738586,0.067031649790491,3
"20010",0.0506866217324732,1.62460524338312e-05,0.924343000251489,0.0249541319636036,3
"20012",1.80126963847862e-06,0.77468814543355,0.000150296128673876,0.225159757168137,2
"20015",1.39296628542995e-05,3.54239873529223e-07,0.999862628987842,0.000123087109430615,3
"20017",1.77048259965821e-06,0.0488968740661679,7.61405527895652e-05,0.951025214898443,4
"20019",0.00333094718752336,4.66722918598281e-08,0.996666713201098,2.29293908700795e-06,3
"20022",0.00245786567140622,7.2101319756146e-06,0.991930102790956,0.00560482140566229,3
"20024",0.421050411116907,5.39224643906924e-07,0.578869081548357,7.99681100922413e-05,3
"20026",0.421050411116907,5.39224643906924e-07,0.578869081548357,7.99681100922413e-05,3
"20028",7.11785612085201e-06,0.278092626427294,4.29300118743588e-05,0.721857325704711,4
"20030",1.87190437206731e-05,0.000398046593663664,0.999198366659817,0.000384867702798435,3
"20033",3.17166154427901e-05,0.400800553617255,0.00358594571350496,0.595581784053797,4
"20035",0.00490690865889828,5.62952414874683e-08,0.99508701267329,6.02237257021789e-06,3
"20037",0.000666166341290654,3.81895375774763e-09,0.999320055710867,1.37741288885653e-05,3
"20039",0.999136972251921,1.40302010684687e-09,0.000861297658624346,1.72868643498967e-06,1
"20041",0.0760901268958151,0.00197600983876867,0.312885128655467,0.609048734609949,4
"20044",0.103752309756224,0.0156772874814063,0.419250507053507,0.461319895708862,4
"20047",0.00710614725480663,4.35893605473693e-07,0.992892617105784,7.99745803783368e-07,3
"20050",0.824154864220034,7.44400486479416e-05,0.167597125699064,0.00817357003225467,1
"20052",0.00587366472880466,0.0825739594583709,0.0579696843443712,0.853582691468453,4
"20054",6.23107078498002e-06,2.93408536261922e-05,0.99857979425692,0.00138463381866841,3
"20056",1.40928486072032e-05,0.997385862486938,0.000460094955059778,0.00213994970939509,2
"20058",0.00155934461736246,1.73811015926888e-08,0.998332504246196,0.000108133755339729,3
"20060",9.41579023972449e-05,0.00153239091957081,0.00231558187136618,0.996057869306666,4
"20062",0.000142426060985894,0.000550143312141968,0.015120199674469,0.984187230952403,4
"20064",0.000222349343039036,0.00066918874348196,0.978624799956262,0.0204836619572174,3
"20066",4.3158266255528e-05,4.76882702392431e-05,0.999869430157509,3.9723305996406e-05,3
"20068",9.48614160681642e-06,0.000240707972532451,0.000151890230143575,0.999597915655717,4
"20070",0.000914045044865859,0.000179503460244719,0.000348862798483419,0.998557588696406,4
"20072",9.09222473689712e-05,4.40404343497115e-07,0.995124144878701,0.00478449246958632,3
"20074",5.60575406405439e-08,0.999773281988574,5.80718489066702e-07,0.000226081235395983,2
"20076",9.95826512234312e-07,0.866414872209561,0.0150736303700875,0.118510501593839,2
"20078",0.00432608269277546,0.000411896324039504,0.959722498022421,0.0355395229607641,3
"20080",0.00156502689427125,1.38986501970643e-07,0.998425850389245,8.98372998176107e-06,3
"20082",0.987082533868415,4.68567112793988e-07,0.0128937312861734,2.3266278298867e-05,1
"20084",0.0163235529928647,0.0375114178000959,0.936922413754059,0.00924261545298052,3
"20087",0.0013782628625439,5.27347392792976e-06,0.942206186924462,0.0564102767390665,3
"20090",0.0315754329938303,6.16045635419232e-07,0.968344513862143,7.94370983909496e-05,3
"20092",0.741256370859395,1.45555996082847e-06,0.0353794103138408,0.223362763266803,1
"20096",0.545328882473386,0.0142972464465883,0.0189073356139594,0.421466535466066,1
"20098",8.15701726205197e-05,0.408283796432426,0.00134571811344205,0.590288915281512,4
"20101",0.00218831736717828,0.000242016123399061,0.997420622155915,0.000149044353507801,3
"20104",0.0595510935442416,0.00481590700837917,0.000326937302615964,0.935306062144763,4
"20106",0.000181617559910955,0.00012219118410647,0.99875583556162,0.000940355694362293,3
"20108",1.01769571929641e-05,0.0594563137694459,0.00146459752557257,0.939068911747789,4
"20110",0.509666337455596,0.156876899219578,0.0190784253813863,0.314378337943439,1
"20112",0.0256287829338197,7.70550433710655e-05,0.95970628228354,0.0145878797392693,3
"20114",0.00283414550422693,0.118783958315784,0.837616052649844,0.0407658435301459,3
"20116",2.57765639506298e-05,0.0362317685566651,0.954758053120794,0.00898440175859009,3
"20118",0.00127681281838972,0.192739853365946,0.162308638423459,0.643674695392205,4
"20120",0.0341906946770089,0.00116202542713889,0.960983577933897,0.0036637019619557,3
"20122",2.38327492405865e-07,0.997834396501773,2.21791427608722e-05,0.00214318602797374,2
"20124",0.00303847769835492,3.08898179287099e-08,0.99686998452605,9.15068857769489e-05,3
"20126",0.982463853814198,1.40334331321942e-06,0.0175114864954117,2.32563470772874e-05,1
"20128",0.674935772539699,1.91866039950961e-08,0.325063463531821,7.44741876061686e-07,1
"20141",0.0493795268323002,0.176679650912862,0.000407782681486957,0.773533039573351,4
"20143",7.47891392700602e-08,0.999914036978912,6.47248369199721e-07,8.52409835798435e-05,2
"20145",0.0067945348409036,2.12463365150946e-05,0.987409868073339,0.00577435074924255,3
"20147",0.000281122048373846,2.02576087476004e-05,0.997844574050328,0.00185404629255032,3
"20149",5.16595068036829e-07,0.99800849355472,3.74377689366575e-06,0.0019872460733181,2
"20151",4.55637957123604e-05,0.197120090649148,0.00178180458688811,0.801052540968252,4
"20153",0.0342417271183637,0.752474251032098,0.00613352578138816,0.20715049606815,2
"20155",0.00040619539758212,1.83975133084594e-06,0.999055412236079,0.00053655261500819,3
"20157",7.00817188837567e-05,0.738873523602693,0.000562465319176269,0.260493929359247,2
"20160",1.80115426965988e-07,0.99988970836792,1.40657686407423e-06,0.000108704939788792,2
"20162",1.87880972188649e-07,0.995793807619492,1.51245214488108e-06,0.00420449204739088,2
"20164",0.000129725603584098,0.944849109926094,0.000428578554425485,0.054592585915897,2
"20166",2.07174015414407e-05,0.00259811809184782,0.996912716855892,0.000468447650718375,3
"20168",0.000188406509870201,0.379980262270905,0.566201308440895,0.0536300227783301,3
"20170",0.000256849629346182,0.521832843796527,0.00106296441359591,0.476847342160531,2
"20172",0.00190799443516368,3.53462188729512e-07,0.993982368465485,0.00410928363716214,3
"20174",2.98089011917482e-07,0.354406197612861,2.22852735267329e-05,0.6455712190246,4
"20176",8.1369774532886e-05,0.0280124886586107,0.196924092778564,0.774982048788292,4
"20178",3.66802199468669e-07,0.999929680942158,1.70653668906016e-06,6.82457189537676e-05,2
"20181",2.65650540999418e-05,0.00726118897242743,0.992417574881489,0.000294671091983276,3
"20183",0.00254968389775412,7.59560493204124e-05,0.00937533149915449,0.987999028553771,4
"20186",0.00367252408659806,1.77077528751422e-06,0.018030769743477,0.978294935394638,4
"20188",4.06734167528692e-07,0.999505510912553,1.59726702476909e-06,0.000492485086254814,2
"20190",4.89594622254393e-05,1.8962365417594e-06,0.999842011535735,0.000107132765497829,3
"20193",6.50889419417052e-06,0.994607585302747,0.00374349479094615,0.00164241101211261,2
"20195",0.000133440571497417,0.838376792490198,0.00475460091615584,0.156735166022149,2
"20197",0.000851145823355821,5.65314100062464e-07,0.995893746180568,0.00325454268197652,3
"20199",3.55069039090899e-05,0.946980383743753,2.77925620630728e-05,0.0529563167902749,2
"20205",0.999338965670729,3.97399394118587e-08,0.000609197804635414,5.17967846957515e-05,1
"20208",6.31185423943033e-05,0.0405027080693296,0.00594065327451176,0.953493520113764,4
"20210",8.16330871616144e-07,0.988951266611326,5.37937658924088e-06,0.0110425376812133,2
"20212",2.730124754946e-05,0.901511540057975,0.0004829748628438,0.0979781838316314,2
"20216",0.00014134191076687,0.000185816180304723,0.996809135421282,0.0028637064876468,3
"20219",0.572181898168908,0.00014212224810274,0.421905391432224,0.00577058815076563,1
"20223",0.000532375615863051,2.25419124297252e-08,0.999302104019739,0.000165497822485529,3
"20226",0.0197161023141014,0.00519978394254541,0.140065767565093,0.83501834617826,4
"20230",0.000185507013014905,3.20360575937009e-07,0.999763864975999,5.03076504104154e-05,3
"20233",0.995794659869663,8.50653538592107e-05,1.29127516297813e-05,0.00410736202484851,1
"20235",0.0390301065148934,8.16835323786964e-08,0.959037554002384,0.00193225779918987,3
"20239",0.00137565495718029,1.09736956371131e-05,0.951736491952763,0.04687687939442,3
"20254",0.986451232072395,3.92771501717782e-08,0.0135431533460032,5.57530445193264e-06,1
"20256",0.000464419401222032,6.18101723202198e-08,0.999278966099943,0.000256552688662594,3
"20262",2.21627297962657e-05,0.799720022856244,0.000389260021447028,0.199868554392513,2
"20270",6.85812020983879e-05,0.0124136867345159,0.946508269706362,0.0410094623570233,3
"20284",0.51760107859455,0.000118447411739445,0.024736358683367,0.457544115310344,1
"20287",0.000273712259657749,1.21320308077452e-08,0.999718276987277,7.99862103496805e-06,3
"20290",0.993366875324801,5.24901294158382e-05,0.0046776900757133,0.00190294447006996,1
"20293",0.00342032624962786,5.29952254040777e-05,0.950052763968825,0.0464739145561431,3
"20296",6.5168722050579e-07,0.688620610366777,0.0100010556628923,0.30137768228311,2
"20301",0.000912687001904302,2.79063650031132e-05,0.999055465413554,3.94121953867314e-06,3
"20304",0.983970538056715,8.38174009143129e-07,0.0159739644441839,5.46593250917292e-05,1
"20306",0.00293886182919034,1.84355980568728e-08,0.996970530740619,9.05889945928595e-05,3
"20309",0.0102179506715202,0.000507300024801544,0.707458362194462,0.281816387109216,3
"20311",0.00162094010205155,0.000911000285992274,0.990584573524097,0.00688348608785937,3
"20314",0.000461810444216417,0.084532852749524,0.0123723792965108,0.902632957509749,4
"20318",6.43007553201707e-07,0.999704256157507,5.62293910551642e-05,0.000238871443884746,2
"20320",0.0134723230563879,0.00647358781609391,0.00579494538010423,0.974259143747414,4
"20326",0.000873595048045591,0.171248829103223,0.0148799749487018,0.81299760090003,4
"20328",0.00573125239702431,7.28614759097127e-05,0.00325797022350033,0.990937915903566,4
"20330",0.0385988500612821,1.24270300347417e-05,0.953120198855783,0.0082685240529008,3
"20336",0.945203755252447,5.07049866764824e-06,0.028154293785835,0.0266368804630499,1
"20338",0.962599775100991,0.000220029960851105,0.035591774643198,0.00158842029496002,1
"20340",0.000749521645195068,1.96780415552835e-07,0.999226066895125,2.42146792640622e-05,3
"20342",0.997322462385623,0.000515009607201566,0.00135252019607812,0.000810007811097004,1
"20344",0.00105288547013001,2.73841685156218e-06,0.995802912483066,0.00314146362995282,3
"20349",0.000283167135472184,5.13601436312169e-08,0.999559251833554,0.000157529670830321,3
"20351",0.019470748983858,0.00116780523571354,0.934751160205159,0.0446102855752694,3
"20353",0.0953533919610261,4.64269798276408e-07,0.902725556785988,0.00192058698318738,3
"20357",0.997031169786165,3.81023854353625e-09,0.002929746638226,3.90797653700106e-05,1
"20360",0.96258765123838,9.73871091562682e-06,0.0338097199297886,0.00359289012091577,1
"20364",0.00693988718621506,3.93261995180349e-05,0.954742878250178,0.0382779083640883,3
"20366",0.989654086886126,4.02279178494344e-05,0.00322059995535879,0.00708508524066542,1
"20381",1.59114641170962e-05,0.709673535988184,8.9034503858269e-05,0.290221518043841,2
"20391",0.0429681806653299,1.15214966120785e-06,0.415937305356809,0.5410933618282,4
"20394",1.13050013905976e-05,0.00217089319611068,0.000321107076337924,0.997496694726161,4
"20396",3.38789121377673e-07,0.0688419375604106,8.27083983984677e-06,0.931149452810628,4
"20409",0.0018661598817748,0.243379316756127,0.635770733916086,0.118983789446012,3
"20411",0.106649244021034,2.46836123350364e-08,0.892503221569084,0.000847509726269986,3
"20416",0.91711791227946,6.88314327536784e-10,0.0828812287596283,8.58272597538745e-07,1
"20418",2.13022558132972e-07,0.32635829591957,8.44158431753594e-06,0.673633049473555,4
"20420",0.973663759748363,0.000552887396985991,0.000111330776953352,0.0256720220776971,1
"20422",0.000842782717361224,9.82153192551439e-05,0.998067457816855,0.000991544146528819,3
"20424",0.0503643355740437,5.70198764531665e-08,0.949018911488815,0.000616695917264323,3
"20426",0.999761721879844,0.000189200635562486,2.69169621238093e-05,2.21605224700583e-05,1
"20428",6.75862093257536e-05,6.46603263969047e-05,0.84701758470255,0.152850168761727,3
"20431",0.0263755866311654,0.181302384333948,0.0979358489777923,0.694386180057094,4
"20433",4.46704355103565e-05,1.66351616341892e-07,0.999897551944572,5.76112683010614e-05,3
"20436",7.12494403480773e-05,0.00538509634939643,0.913471978619146,0.0810716755911098,3
"20439",2.55897774080249e-07,0.363831759973372,1.41504893678764e-05,0.636153833639486,4
"20441",0.997383721565315,6.95275074402202e-07,0.00243774778490585,0.000177835374704452,1
"20444",1.19894278924748e-07,0.999683230656703,8.50750918083088e-07,0.00031579869810004,2
"20448",0.00338714591556132,0.380602602059011,0.0248369866467295,0.591173265378698,4
"20536",3.52601350763343e-06,0.000108997267897822,0.000501180268108782,0.999386296450486,4
"20538",0.572754091879597,1.85383445659559e-05,0.334851667715573,0.0923757020602638,1
"20541",0.0595384771373608,3.62153361064658e-08,0.940438655193693,2.28314536102683e-05,3
"20544",0.00270426942470117,0.0133990979535392,0.38530862001162,0.59858801261014,4
"20546",0.00901852266231846,9.665290050337e-08,0.988875892205366,0.00210548847941459,3
"20550",0.049664693785484,0.00686694119201312,0.490370098551265,0.453098266471237,3
"20553",0.935833815820451,1.50920672797572e-06,0.0641644981870623,1.76785758719011e-07,1
"20555",0.995737633218496,7.81549934377227e-07,3.65129281039469e-05,0.00422507230346597,1
"20557",0.40563307120395,0.00515038334816401,0.300065403209423,0.289151142238463,1
"20559",0.000141995638281621,6.97173411452921e-06,0.999372400717496,0.000478631910107437,3
"20561",0.000240751441217506,0.488080363918338,0.00375194846045427,0.50792693617999,4
"20564",3.66802199468669e-07,0.999929680942158,1.70653668906016e-06,6.82457189537676e-05,2
"20566",3.70928117268489e-05,0.000310852262131748,0.866676654017182,0.132975400908959,3
"20569",2.11242598762612e-06,0.272618945252121,7.46267430173982e-05,0.727304315578874,4
"20572",1.94207035635643e-07,0.946318266623999,2.41416240533609e-05,0.0536573975449121,2
"20574",0.0032927954814014,9.3652528543486e-06,0.996416108060789,0.000281731204954984,3
"20576",9.13375366490165e-07,0.999656772910795,9.63101861759452e-06,0.000332682695221229,2
"20578",0.00160897979318626,0.00833427823361257,0.861328991104428,0.128727750868773,3
"20580",0.000159585014772904,0.000287427582138693,0.823302518535998,0.176250468867091,3
"20583",7.31082043280833e-07,0.999795727019004,7.25833393670775e-06,0.000196283565015819,2
"20586",0.00294764789945738,1.89436984303274e-05,0.907417358900127,0.0896160495019858,3
"20589",0.000331320714652117,1.16941416173035e-08,0.99950439773262,0.000164269858586247,3
"20591",0.243399229837576,4.81954388069174e-05,0.00911358071582593,0.747438994007792,4
"20593",0.000136236304632249,1.00454751051781e-07,0.999861923371485,1.73986913160619e-06,3
"20595",0.000566125944677266,0.000143369134776141,0.995631247809819,0.00365925711072775,3
"20597",1.54460118475865e-06,0.00560520766297671,6.69840457470828e-05,0.994326263690091,4
"20599",1.83604985077619e-07,0.999905950050013,1.95614003948904e-06,9.19102049621271e-05,2
"20601",0.000210833713483934,0.00102561611831429,0.00114648905753184,0.99761706111067,4
"20604",0.000135638215860382,3.99225370099277e-06,0.99983354219715,2.68273332881594e-05,3
"20606",0.00015958994906043,1.50723978509253e-07,0.999803472220076,3.67871068853653e-05,3
"20608",3.43904752384279e-05,1.56587234128058e-06,0.998249450228145,0.00171459342427557,3
"20610",4.83080948660483e-06,0.998082862522677,5.02755533666851e-05,0.0018620311144699,2
"20612",0.28572848332236,0.0119598550054194,0.669884816077291,0.0324268455949287,3
"20614",3.33822489523808e-06,0.992172763858978,8.09368126123963e-06,0.00781580423486534,2
"20616",0.000373003540363037,0.00250792171442289,0.0135224741960747,0.983596600549139,4
"20618",0.998075236083703,4.20254597389242e-05,0.00068759783965373,0.00119514061690483,1
"20620",9.53547890186678e-05,0.000140261586841836,0.997741614483466,0.00202276914067345,3
"20622",1.23503885494309e-06,0.999271232569405,2.6358192032335e-05,0.000701174199708186,2
"20624",0.0274194691437509,3.5432476777662e-07,0.971691360140545,0.000888816390936782,3
"20626",7.76537156418017e-06,0.00517393358277974,0.901303473381884,0.0935148276637726,3
"20628",0.000563085984670603,0.00174447680482528,0.270352221889256,0.727340215321248,4
"20630",0.000846203774691212,0.0190277208632951,0.894203064507532,0.0859230108544821,3
"20632",4.44097722274132e-08,0.988492885923914,7.209305979746e-07,0.0115063487357161,2
"20634",0.00011469300401114,1.20526462726917e-07,0.999821647121695,6.35393478313701e-05,3
"20637",0.9819127123907,1.83918786204707e-05,0.0180346264429421,3.42692877378624e-05,1
"20639",2.29355945605317e-05,0.772893228951066,7.50599557434352e-05,0.22700877549863,2
"20644",0.511344773179013,2.53363559649825e-07,0.488653080921352,1.89253607526673e-06,1
"20646",0.0251599479914899,4.76648793766382e-05,0.973651945903552,0.0011404412255818,3
"20648",0.000247327280808085,0.032756609896091,0.000787931512250572,0.96620813131085,4
"20650",0.240108218136421,2.69324380112671e-07,0.75956193849156,0.000329574047638718,3
"20653",0.00140815259479285,0.00657947130950914,0.00103719121201061,0.990975184883687,4
"20658",1.56778989262473e-05,2.49078097193179e-07,0.99917425847417,0.000809814548807044,3
"20661",0.895606784030541,1.1897498989863e-05,0.0827519963428484,0.0216293221276211,1
"20663",0.00331749721414032,2.96442525523873e-05,0.633687484402438,0.362965374130869,3
"20665",4.67830190142183e-08,0.999867931540288,9.21238917609401e-06,0.000122809287517261,2
"20667",0.000952617723794853,0.000581328316682035,0.0256320329488992,0.972834021010624,4
"20669",2.73662291209141e-06,0.0085233614642078,2.57751472514512e-05,0.991448126765629,4
"20671",0.7695620870145,0.000146077163402316,0.228935024268546,0.00135681155355242,1
"20673",8.81601604308893e-07,0.0258582569230357,4.51713803971888e-05,0.974095690094963,4
"20675",1.31492326045048e-05,7.94854829168078e-05,0.00676556277035647,0.993141802514122,4
"20677",0.000459135567666896,2.30134066804826e-05,0.44497609591551,0.554541755110143,4
"20679",1.25773616511319e-06,0.0241409329993779,7.70072275480312e-06,0.975850108541702,4
"20681",7.49577449001398e-06,6.61227215151001e-05,0.000110611330022114,0.999815770173973,4
"20683",0.000157133683979432,5.11406429802764e-05,0.301886677909063,0.697905047763977,4
"20685",0.982374283025537,0.000148662321401104,4.10725665273171e-05,0.0174359820865348,1
"20687",7.61394801008399e-06,0.941473835515989,2.50736918368986e-05,0.0584934768441637,2
"20689",0.698043979484945,2.24822068075572e-07,0.30192726644278,2.85292502066624e-05,1
"20691",4.38456340446606e-07,0.999589438430345,1.98816652864804e-06,0.000408134946786445,2
"20693",0.00172479121270466,2.29938873358866e-08,0.998215221100232,5.99646931765381e-05,3
"20695",5.61069962475096e-05,0.00833156253848836,0.000564594045785691,0.991047736419478,4
"20697",0.000591153368679453,7.7669234720829e-05,0.999192493267786,0.000138684128813814,3
"20699",1.44963286251827e-05,0.000371440327108027,0.243480517927695,0.756133545416571,4
"20701",0.000364971377330259,2.31369584719745e-06,0.856148697990206,0.143484016936617,3
"20703",0.0128541508635159,0.00515288553968407,0.000305678415971009,0.981687285180829,4
"20705",0.00603306729265948,6.17249336543139e-07,0.991174736134951,0.00279157932305259,3
"20707",0.000758463716921664,5.76519492868094e-05,0.00868821986251235,0.990495664471279,4
"20709",1.85766553276982e-05,0.882919157993207,0.0404007355273525,0.0766615298241125,2
"20713",0.0189738724961577,0.0390634417975183,0.000219808315533503,0.941742877390791,4
"20715",0.112056640873082,0.029113577645046,0.858801075338937,2.87061429350653e-05,3
"20717",5.69837361279985e-05,0.00033728704582965,0.00024628430005657,0.999359444917986,4
"20720",0.00054255627434699,4.55090282767306e-05,0.984505697273359,0.0149062374240171,3
"20722",0.000133891682286403,5.67724187805273e-06,0.980564535573559,0.0192958955022762,3
"20724",1.8744641341346e-05,0.222014949464695,0.000109017924644544,0.777857287969319,4
"20726",0.00145679474280212,1.4282305777203e-08,0.99846782116344,7.53698114525774e-05,3
"20728",4.61494515585801e-06,0.000295500509946581,4.03372509007794e-05,0.999659547293997,4
"20730",0.000166419412743657,0.4467574499649,0.00214570227411041,0.550930428348246,4
"20732",0.0977308478540925,0.000259073625291153,0.421180907019482,0.480829171501134,4
"20734",0.00262772449536546,8.79723465756689e-05,0.403703338405567,0.593580964752491,4
"20736",2.0920100392131e-06,0.870765576538397,6.66742187779847e-05,0.129165657232786,2
"20738",0.0724325989599288,0.386741813506927,0.521217357811898,0.0196082297212467,3
"20740",0.293809558394382,1.57803809747313e-07,0.603004074672535,0.103186209129273,3
"20742",0.00229833352803819,0.000420204389203962,0.00022513534983109,0.997056326732927,4
"20744",3.96478564503893e-08,0.960478764776522,4.45654132840214e-06,0.0395167390342929,2
"20746",0.000169545878586551,0.000148831699565691,0.0799425303117234,0.919739092110124,4
"20748",6.93472878149913e-05,0.31615730107627,0.000114666339874201,0.683658685296041,4
"20750",3.21503611185523e-06,0.64577661942822,0.000830707824892006,0.353389457710776,2
"20752",0.001276145477508,1.34931864976783e-06,0.96757639439924,0.0311461108046019,3
"20754",1.45918155220107e-06,0.012999012390225,0.000186102559237047,0.986813425868986,4
"20756",0.000528668976495967,0.307718303855153,0.139982812057594,0.551770215110756,4
"20758",2.36577411898953e-05,0.382016448845891,0.268053636792489,0.34990625662043,2
"20760",8.72051860283342e-07,0.166108808041266,2.45248390903223e-05,0.833865795067783,4
"20762",3.23339657871402e-06,0.00122430762032519,0.000111045226749682,0.998661413756346,4
"20764",6.04659473341758e-06,0.682422492624041,1.13742183782466e-05,0.317560086562847,2
"20766",1.03183004040762e-05,0.0941640246336297,5.14490468832674e-05,0.905774208019083,4
"20768",6.05111953249337e-05,0.826281530962311,0.0012621438320789,0.172395814010285,2
"20770",1.03442751044372e-05,0.000521092496548621,0.0258384228214376,0.973630140406909,4
"20772",2.18569010802699e-05,1.4406371729069e-06,0.999911664762243,6.50376995037025e-05,3
"20774",0.00123313058236894,1.96585133301462e-08,0.998759913561725,6.9361973929617e-06,3
"20776",0.00188088020538332,5.56753105275124e-05,0.00159637732774945,0.99646706715634,4
"20778",0.671638947028019,2.70350918732037e-07,0.32836010765064,6.74970422235226e-07,1
"20780",5.73044411421763e-06,0.183130107317454,0.00127539586432444,0.815588766374108,4
"20782",2.07211843417067e-06,0.0664971482701567,5.47363996404263e-05,0.933446043211769,4
"20784",3.55118069589565e-06,0.000720823338272246,0.000210949139658832,0.999064676341373,4
"20786",1.60316827482727e-08,0.999031023936125,3.13500065420848e-06,0.000965825031537579,2
"20788",0.00224909007222422,0.000156583943083471,0.0199291580964845,0.977665167888208,4
"20790",3.06703793904052e-07,0.0893702395180613,4.97425109978085e-05,0.910579711267147,4
"20792",0.00399003243850273,0.481608271468774,0.0455769266443977,0.468824769448325,2
"20794",1.64935052120814e-07,0.460512078011662,2.3160630491094e-05,0.539464596422795,4
"20796",0.00377731073500652,8.49146586259167e-08,0.995665432588716,0.000557171761618909,3
"20798",3.66802199468669e-07,0.999929680942158,1.70653668906016e-06,6.82457189537676e-05,2
"20801",2.89628935230535e-06,0.998403802746858,3.58327865931844e-05,0.00155746817719638,2
"20803",0.00495320053088542,3.11975966785411e-05,0.0361838768348131,0.958831725037623,4
"20805",0.0014943410717908,0.000118164569042544,0.339395459333496,0.658992035025671,4
"20807",3.66802199468669e-07,0.999929680942158,1.70653668906016e-06,6.82457189537676e-05,2
"20809",0.00105638463047481,0.00148135903232335,0.00146480387520497,0.995997452461997,4
"20811",0.00334662450035978,0.957555938622905,0.0128746564312935,0.0262227804454411,2
"20813",0.00419524143431692,0.0765145376175818,0.443700210379841,0.47559001056826,4
"20815",2.11043675131611e-08,0.998597568719261,8.54275927159612e-07,0.00140155590044422,2
"20817",0.000118920478424677,0.0402193833678971,0.000223823848997584,0.959437872304681,4
"20819",0.00827100746995154,4.63016242392167e-06,0.334204846563196,0.657519515804428,4
"20821",0.000912176126009315,0.0235153579599462,0.969197589968682,0.0063748759453622,3
"20823",0.00698087250909221,0.01503605967077,0.194381697225506,0.783601370594632,4
"20825",3.26323132533121e-06,0.0669491796993846,2.95099749024138e-05,0.933018047094388,4
"20827",0.000382566396163504,0.829197760444267,0.000400947894001493,0.170018725265567,2
"20829",0.00184889366175256,3.27185177558295e-05,0.995668320050271,0.00245006777022074,3
"20831",2.37435702531867e-05,0.0670493672359379,0.000140395687575059,0.932786493506234,4
"20833",1.74589365267598e-06,0.194828014108911,0.000112007524137506,0.805058232473299,4
"20835",9.39078456718717e-05,0.0305785033557972,7.41676585602527e-05,0.969253421139971,4
"20837",0.000133715887273782,0.00224206996103187,0.000327045234356765,0.997297168917338,4
"20839",5.29617320502439e-06,0.0116908570011577,8.25968519298218e-05,0.988221249973707,4
"20841",0.354923548145925,7.82437488056396e-05,0.438583167990617,0.206415040114652,3
"20843",3.53535504896807e-05,3.15729401586538e-05,0.00127733054654847,0.998655742962803,4
"20845",4.60585945266611e-05,0.549130453258117,0.00144299226599759,0.449380495881358,2
"20847",0.00213177458305427,0.000353389958379179,0.434707897791878,0.562806937666689,4
"20849",0.000325517861867018,0.0131136397332234,0.579753554090252,0.406807288314658,3
"20851",0.00631507284364103,5.56774123314006e-05,0.702741069590682,0.290888180153346,3
"20853",0.524552035808067,3.57190507105586e-06,0.46574131928174,0.0097030730051222,1
"20855",0.000668610403105062,0.000259334274116964,0.996177480355928,0.00289457496684991,3
"20857",0.00137219694280601,7.29659438859126e-05,0.63033023123889,0.368224605874418,3
"20859",0.000107413693199052,0.000116770502156481,0.978516737593867,0.0212590782107776,3
"20861",0.96151985045898,0.00316249027148178,0.000323322298654366,0.0349943369708841,1
"20863",5.41351126842398e-05,0.365870501956645,6.28895752935596e-05,0.634012473355377,4
"20865",1.16673382963482e-06,0.000790660565117094,0.0011426688844747,0.998065503816579,4
"20867",0.00107007531597927,3.17980649770965e-08,0.998928717874587,1.17501136834907e-06,3
"20869",1.51578135868693e-05,0.519447941206313,0.000341196024935601,0.480195704955164,2
"20871",0.000647423443482901,0.00132061867918136,0.997906929891058,0.000125027986278112,3
"20873",0.000364885211899779,0.000439858304867503,0.999092934983615,0.000102321499617727,3
"20875",0.0321114379706129,4.82627226303858e-05,0.930665924731925,0.0371743745748316,3
"20878",2.45133255856124e-07,0.996544524299763,2.17067950342604e-06,0.00345305988747791,2
"20880",3.1176004084531e-06,0.183292458141322,0.00020417441892367,0.816500249839346,4
"20882",0.0017884158936678,2.9386976550129e-06,0.997888828169009,0.000319817239668,3
"20884",0.000172573358765636,0.00491827764857739,0.000338433831486619,0.99457071516117,4
"20886",7.10679235687723e-06,0.715744987112842,0.00204688915183224,0.282201016942969,2
"20888",1.13688002676755e-07,0.885425287280059,1.84033803297087e-06,0.114572758693906,2
"20890",4.45719312012941e-06,0.213851095474247,0.000625805976327504,0.785518641356305,4
"20892",0.0508450452671024,6.56877401832697e-05,0.482900168506221,0.466189098486494,3
"20897",0.0195959710226871,0.0177950744833426,0.0798850654498532,0.882723889044117,4
"20899",0.00145455411385794,0.0410733883831336,0.0879739940983515,0.869498063404657,4
"20901",0.967700809524158,1.56407471477709e-05,0.0308986022248262,0.00138494750386803,1
"20903",0.0306882998247186,0.00486339992044785,0.964406993798284,4.13064565493376e-05,3
"20905",0.0183675214581819,0.0356804806110256,0.902873386083847,0.0430786118469457,3
"20907",8.45781711437706e-05,5.88489551703915e-07,0.999033786443915,0.000881046895389797,3
"20909",0.00137898738702463,0.0266073708360249,0.423777392983753,0.548236248793197,4
"20911",0.974997606724411,1.463265589856e-07,0.0249943883239181,7.85862511216597e-06,1
"20913",0.000351076522503735,0.00651430436160168,0.00889631895345321,0.984238300162441,4
"20962",0.00014604605264146,5.88241175112523e-05,0.913820083235553,0.0859750465942949,3
"20969",0.0205046768052404,0.0130400613780607,0.963352603332774,0.00310265848392448,3
"20980",0.000215528224823054,0.000683016272998084,0.906419226834478,0.0926822286677014,3
"20982",0.000141626052497082,1.42454148568672e-06,0.987539546835516,0.0123174025705011,3
"20984",0.000682057861595643,0.00731945306493185,0.00056581790448521,0.991432671168987,4
"20994",0.0115099387076709,0.000639422561045314,0.97744610014534,0.0104045385859441,3
"21015",0.000711160094260518,0.839851848052453,1.56268884046007e-05,0.159421364964882,2
"21023",0.0305848661227328,1.24496744996968e-07,0.96932459196116,9.04174193617725e-05,3
"21040",0.00504388440443995,1.28872064070305e-05,0.91013184044336,0.0848113879457931,3
"21073",0.217330655190144,0.00832527347829769,0.538093971640679,0.236250099690879,3
"21222",8.78012132043244e-05,0.118637661700901,0.000630263623316036,0.880644273462578,4
"21224",1.39686435705427e-05,0.00419357834435339,0.0694777913223381,0.926314661689738,4
"21228",0.107981033396966,0.620508718603175,0.0110134638657656,0.260496784134093,2
"21232",0.0340429228332387,3.50772779762349e-07,0.963923242892495,0.00203348350148671,3
"21237",0.420901000048642,0.000975507721413074,0.557512913531969,0.0206105786979755,3
"21240",8.2476284279228e-05,0.0951351017822628,0.000114146992387868,0.90466827494107,4
"21245",5.59129015722962e-06,0.251145354440635,7.05924825653508e-05,0.748778461786643,4
"21252",0.131494990230745,1.04433415658893e-07,0.863632715761037,0.00487218957480265,3
"21254",0.117204542264611,1.29898090310018e-05,0.832154733655477,0.050627734270881,3
"21258",8.64685918923651e-05,0.00905356976845789,0.094846707440278,0.896013254199372,4
"21264",0.000366802872026281,0.137683284425376,0.0069429093761943,0.855007003326403,4
"21305",7.7924446989699e-06,0.0213782065055461,0.0157490492978877,0.962864951751867,4
"21333",0.001385893831249,1.13957620455933e-06,0.892771300678593,0.105841665913954,3
"21366",0.00286572706588326,0.000313070043245484,0.0249701745876319,0.971851028303239,4
"21377",1.69697810903228e-06,0.998740833608497,1.99971095058212e-05,0.00123747230388792,2
"21380",0.000348628681761083,0.0198434425487689,0.918894997596988,0.060912931172482,3
"21387",0.999851112138212,8.68911492100086e-10,0.000148257310798997,6.29682077294595e-07,1
"21390",0.010260613768069,2.28054011185339e-06,0.984163833238306,0.00557327245351327,3
"21392",0.0577634976766145,0.000468075621629082,0.178484782287019,0.763283644414738,4
"21403",0.000218958755358931,0.0292610955298711,0.893609207037242,0.0769107386775277,3
"21408",0.00057334154375659,6.07066034334274e-05,0.998736251436233,0.000629700416576634,3
"21412",0.976882299752645,0.000286753251056566,0.0223988208374513,0.000432126158846752,1
"21421",4.50831995753583e-05,0.00148662450847419,0.00249408221555327,0.995974210076397,4
"21424",0.961660031883698,1.09105604413789e-08,0.0383277644339204,1.21927718206553e-05,1
"21429",0.00549052687469345,2.62044659254863e-05,0.991352712161776,0.00313055649760526,3
"21431",0.000218554598192913,0.00115692153410675,0.0140466053229698,0.984577918544731,4
"21436",4.77596805376088e-06,0.000858141580692359,0.00205736197794161,0.997079720473312,4
"21439",0.000847129799293682,0.00382690367981395,0.965701448894289,0.0296245176266036,3
"21442",0.00114061186597658,0.184407862844957,0.0786105792697396,0.735840946019327,4
"21444",2.69444131375832e-05,0.00392726476419916,1.27700977743117e-05,0.996033020724889,4
"21446",4.71308422609953e-05,0.994052246316356,1.24784256071044e-06,0.00589937499882198,2
"21448",0.995083315338615,9.23071068784396e-05,1.21034132807526e-05,0.00481227414122537,1
"21450",0.0293551859079817,0.0381686248877437,0.347116965647186,0.585359223557088,4
"21452",3.66204665842189e-05,6.47561228828051e-06,0.978311265980824,0.0216456379403036,3
"21466",0.0226104166007629,6.82966823406902e-09,0.977337446636293,5.21299332761005e-05,3
"21470",7.2405132276282e-05,0.000713242535995475,0.90437428977245,0.0948400625592777,3
"21472",0.000759768193755856,8.39377866888818e-08,0.989261541967203,0.00997860590125475,3
