"","V1","V2","V3","V4","result$classification"
"19811",1.03315004849846e-06,0.997208915048642,7.05807392679965e-05,0.00271947106204124,2
"19813",2.08834104141147e-05,0.99419117993336,0.00378278270243365,0.00200515395379208,2
"19815",0.00177499352336988,0.99350458419577,0.0046027677490328,0.00011765453182715,2
"19817",7.34985644413177e-05,0.996211976244099,0.000601597533838883,0.00311292765762056,2
"19819",0.130707773000744,8.85496761003812e-05,0.869200739694595,2.93762856112026e-06,3
"19821",2.11959829498513e-06,0.938253326621083,0.00223425880703794,0.0595102949735842,2
"19823",0.113074846705584,0.883137991286773,0.00204956207990313,0.00173759992774078,2
"19825",0.0011162587247368,0.0105225425007714,0.159763047956987,0.828598150817504,4
"19827",0.000430591620628037,0.29678757476166,0.00154489891219762,0.701236934705514,4
"19829",0.000214141105930804,0.00358299222360897,0.981735773842462,0.0144670928279985,3
"19831",0.104000399600069,0.00105280869342498,0.894941452121041,5.33958546549385e-06,3
"19833",0.999821271449949,2.31850225277248e-05,9.71494628356441e-05,5.83940646871974e-05,1
"19835",2.11959829498513e-06,0.938253326621083,0.00223425880703794,0.0595102949735842,2
"19837",7.25138762365658e-05,0.866236263043712,0.00429697615055783,0.129394246929494,2
"19839",8.25560444415456e-05,0.0144691337731416,0.934153923094768,0.0512943870876492,3
"19841",2.36869168717491e-07,7.15508234400733e-05,5.73764868822163e-05,0.999870835820509,4
"19843",0.000210128792044074,0.00109478602247242,0.99869423191845,8.53267033653718e-07,3
"19845",2.47934570945738e-06,0.999354001038951,4.1448140324586e-05,0.000602071475014487,2
"19847",0.000116033729419911,0.994711210935322,0.00509782922811067,7.49261071476746e-05,2
"19849",5.91740302114224e-06,0.996530464790935,0.000371015580937083,0.00309260222510724,2
"19851",6.9441633892985e-05,0.999435683791114,0.000178892681866608,0.00031598189312676,2
"19853",0.000185342808051978,0.997629326604603,3.87875096557472e-06,0.00218145183637991,2
"19855",1.88133068376084e-05,0.98642722869156,2.38896322195291e-05,0.0135300683693831,2
"19857",6.24667041978389e-06,0.955939268583383,0.0112403922423746,0.0328140925038227,2
"19859",0.000425431330274985,0.958826274815749,0.00390245360389522,0.0368458402500805,2
"19861",2.72774379845804e-06,0.999708626634236,5.64909377932129e-05,0.000232154684172755,2
"19863",6.23653980141188e-07,0.0219259431250144,2.94088728289238e-05,0.978044024348176,4
"19865",4.01784201891894e-07,0.00336270396901565,1.96794162914372e-05,0.996617214830491,4
"19867",4.19193215545437e-05,0.999016185271207,0.000921013133371125,2.08822738678739e-05,2
"19869",6.11832245635006e-07,0.987192665004996,2.5937304453963e-05,0.0127807858583041,2
"19871",0.000562174545936531,0.856524542825861,0.0123069740778755,0.130606308550327,2
"19874",4.38132958398629e-05,0.15347937284687,8.27134141469717e-05,0.846394100443143,4
"19876",1.71964546725524e-06,0.514189458114314,1.65272031274851e-05,0.485792295037091,2
"19878",0.0205564808934838,0.319963423450915,0.658488310150752,0.000991785504849236,3
"19880",7.75232878640513e-08,0.00196344894018339,7.83929585678322e-07,0.998035689606943,4
"19882",8.62084159885328e-06,0.996581135135935,5.36629982125564e-05,0.00335658102425384,2
"19885",4.36452312204225e-05,0.982415488515487,0.0148501278728071,0.00269073838048578,2
"19907",1.12670451168758e-05,0.999574184617078,0.000323141583691111,9.14067541138873e-05,2
"19909",8.32478948616555e-05,0.0274654593394645,0.972380191027694,7.11017379796779e-05,3
"19911",0.00160538843087113,0.030887631632959,0.929017800372745,0.0384891795634249,3
"19913",4.68035699810186e-07,6.21079381853819e-05,3.23697955255663e-06,0.999934187046562,4
"19915",4.14819681925171e-05,0.363521135985318,0.000106348774443777,0.636331033272046,4
"19917",7.11590736237014e-06,0.0147853120355455,0.000190346755616237,0.985017225301476,4
"19919",0.000248545859414102,0.717773637986184,0.00162067079118441,0.280357145363218,2
"19921",2.66089966569004e-05,0.999433830872699,0.00046732535023932,7.22347804046051e-05,2
"19923",0.0336833641207923,0.901461151279433,0.064833156552476,2.23280472990382e-05,2
"19925",1.26707584729281e-05,0.047363470338285,7.06438372167612e-05,0.952553215066025,4
"19927",3.75328944962795e-05,0.998428021554769,0.000214911115561357,0.00131953443517327,2
"19929",2.79080713264442e-08,0.00160231109814384,2.00725049872361e-06,0.998395653743286,4
"19931",0.000376773085568406,0.991128805339038,0.0031700027947607,0.00532441878063271,2
"19933",0.00196353602703687,0.190096628060213,0.804022804054165,0.00391703185858573,3
"19935",2.59101075051915e-05,0.905586901114557,0.0899273395241793,0.00445984925375868,2
"19937",0.000715985848676999,0.998139414978421,0.000988102300002944,0.000156496872899362,2
"19939",0.000417732516790424,0.992213347456321,0.00248166331300343,0.00488725671388506,2
"19941",0.00013342808531861,0.013883916203274,0.877114574306891,0.108868081404516,3
"19943",3.19618146062005e-06,0.00119309947499403,7.92452807679249e-06,0.998795779815469,4
"19945",0.00368647444351788,0.0752365039197787,0.920896318633497,0.000180703003206817,3
"19947",0.00028815228094765,0.0372530019325523,0.118390076325693,0.844068769460807,4
"19949",0.04390343732185,0.625120778793151,0.330919131412358,5.66524726411245e-05,2
"19951",0.000156393383082763,0.265088982506622,0.00422623919181496,0.730528384918481,4
"19953",0.783013906480862,0.00299213249549626,0.213993323824586,6.37199055792635e-07,1
"19955",0.0513354604663018,0.0117791375251942,0.93687069683998,1.47051685241976e-05,3
"19957",0.0028711782396039,0.090376768918617,0.00258468851121601,0.904167364330563,4
"19960",0.000204585189172654,0.00517179131137144,0.993803766979616,0.000819856519840164,3
"19963",0.0669178929676752,0.00106106897766643,0.000896215320267554,0.931124822734391,4
"19965",0.00069036669263452,0.00173154281146675,0.997577793425184,2.97070714827726e-07,3
"19968",7.72437308762831e-08,0.0391014561416036,0.0025204024306841,0.958378064183982,4
"19971",0.0078614395806462,9.72292457657203e-05,0.00350387656497993,0.988537454608608,4
"19973",5.6547205734921e-06,0.982615564819028,0.000502214119978651,0.01687656634042,2
"19975",4.21998892302213e-07,0.0298570102885675,0.000130558120965007,0.970012009591575,4
"19977",0.000289518716410882,0.00328315377112376,0.000336837865574491,0.996090489646891,4
"19979",0.000457775034886223,7.02745222415522e-06,0.999531038288547,4.15922434280402e-06,3
"19981",4.939563810189e-05,0.977201671500129,0.0207221194110835,0.0020268134506856,2
"19983",0.000251336216565083,0.969790004087413,0.0298147842270759,0.000143875468945588,2
"19985",2.56254506663369e-06,0.146488965586789,1.89790226543989e-05,0.85348949284549,4
"19987",0.000418011799421788,0.754409837790574,0.107984628623573,0.137187521786431,2
"19989",0.00452152545512662,8.63247368995986e-05,0.99539209404948,5.57584937873331e-08,3
"19993",0.00332549477789767,0.412039483548345,0.539480626513817,0.0451543951599405,3
"19995",0.000759511399601346,0.174453113380863,0.813587343873542,0.0112000313459935,3
"19997",2.02922565874742e-05,0.971170890610097,0.000185212013254197,0.0286236051200617,2
"19999",1.40659765441267e-06,0.888387188484509,2.75270982717977e-05,0.111583877819564,2
"20002",7.49806729249777e-06,0.00365090612032618,0.000664612444754735,0.995676983367627,4
"20004",0.000126721188518305,0.140426596565861,0.83971380669195,0.0197328755536702,3
"20006",0.00628804170520581,0.0516508534143649,0.939645148006724,0.00241595687370494,3
"20008",0.026676555751794,0.0673676746149946,0.904964677916991,0.000991091716220465,3
"20010",0.0505997534297982,0.0249501035115838,0.92443293337501,1.72096836080967e-05,3
"20012",1.78367880626439e-06,0.219141481468164,0.00014877966908581,0.780707955183944,4
"20015",1.3863098487491e-05,0.00012438434015834,0.999861388954003,3.63607350908258e-07,3
"20017",1.78865094726778e-06,0.94827314869055,7.67485165747857e-05,0.0516483141419276,2
"20019",0.00331551221357897,2.29482618076633e-06,0.996682145433238,4.75270024775752e-08,3
"20022",0.00245304610604184,0.00559566728819615,0.991943679209009,7.60739675338008e-06,3
"20024",0.420516012155144,8.05018575206879e-05,0.579402935509507,5.50477828251356e-07,3
"20026",0.420516012155144,8.05018575206879e-05,0.579402935509507,5.50477828251356e-07,3
"20028",7.15496596338191e-06,0.708903924522446,4.30320733314231e-05,0.291045888438259,2
"20030",1.86681068083451e-05,0.000380682379875491,0.999199543759312,0.000401105754004544,3
"20033",3.16595923712443e-05,0.580035833386738,0.00357572246958421,0.416356784551306,2
"20035",0.0048835311428506,6.03194625975647e-06,0.995110379247999,5.76628908516876e-08,3
"20037",0.000663139866477991,1.40130716761756e-05,0.999322843116985,3.94486069053034e-09,3
"20039",0.999135695595813,1.74698429175003e-06,0.000862555969181052,1.45071445795736e-09,1
"20041",0.0759277373187851,0.609550244446743,0.312460387751381,0.00206163048309059,2
"20044",0.10389813688981,0.459594896045723,0.420229105811836,0.0162778612526316,2
"20047",0.00707846217372952,7.92521419984674e-07,0.992920307950607,4.37354243410412e-07,3
"20050",0.823972096075976,0.00810567222347727,0.167844032061597,7.81996389495439e-05,1
"20052",0.0059537774036788,0.847405477625302,0.0587141335723801,0.0879266113986393,2
"20054",6.21170084550091e-06,0.00138596714852561,0.998577711989909,3.01091607203894e-05,3
"20056",1.40753878599753e-05,0.00205744016147544,0.000459369796297754,0.997469114654367,4
"20058",0.00155412355145623,0.000109470198878852,0.998336388062703,1.81869617425131e-08,3
"20060",9.47353748549644e-05,0.995931892873006,0.0023281884642993,0.00164518328783929,2
"20062",0.000142207729482062,0.984169017731096,0.0151027874126451,0.000585987126776692,2
"20064",0.000222066023576057,0.0202156035927052,0.978861687374231,0.000700643009487871,3
"20066",4.29952095872567e-05,3.93170839665163e-05,0.999869865870435,4.78218360111223e-05,3
"20068",9.43614038910221e-06,0.999584333793449,0.000150883210314973,0.00025534685584663,2
"20070",0.000911872042759425,0.99854933948434,0.000347294721497359,0.00019149375140306,2
"20072",9.06125594872685e-05,0.00490854640101426,0.995000385414203,4.55625295397166e-07,3
"20074",5.76405854360044e-08,0.000225068994114775,5.96103939931122e-07,0.99977427726136,4
"20076",9.952049202965e-07,0.117008831830615,0.0150664008293807,0.867923772135084,4
"20078",0.0043244518350823,0.0353161602007661,0.959928976407891,0.000430411556260402,3
"20080",0.00155841168800658,8.94358954851193e-06,0.998432501434078,1.43288367001488e-07,3
"20082",0.987074437677407,2.30283490703818e-05,0.0129020476579004,4.86315622023535e-07,1
"20084",0.016311383298362,0.00901512238986225,0.936482255058072,0.0381912392537041,3
"20087",0.00137509243042174,0.0572041187483167,0.941415231848851,5.55697241077128e-06,3
"20090",0.0314483550773727,7.92004983840318e-05,0.968471806140414,6.38283829095039e-07,3
"20092",0.73735767352595,0.227487450557166,0.0351533393819037,1.53653498016862e-06,1
"20096",0.547888024454034,0.418211886426872,0.0189538191669654,0.0149462699521286,1
"20098",8.13918657051005e-05,0.573129153765939,0.00134116788845858,0.425448286479898,2
"20101",0.00218228760061585,0.000146064744894038,0.997425462429402,0.000246185225087812,3
"20104",0.0594296820048766,0.935290513217802,0.00032500086577367,0.00495480391154753,2
"20106",0.000180967848680092,0.000927221483617124,0.998765596268526,0.000126214399176287,3
"20108",1.03094632789637e-05,0.93534876265509,0.00148104241302525,0.0631598854686063,2
"20110",0.510404968058025,0.307802071220961,0.0190867868413315,0.162706173879682,1
"20112",0.0255656617200637,0.0145016426227262,0.959851852369276,8.0843287934001e-05,3
"20114",0.00282839516993054,0.0396474207009261,0.83596625886992,0.121557925259224,3
"20116",2.57265254723596e-05,0.00881450666315348,0.954507431951363,0.0366523348600108,3
"20118",0.00128543594139662,0.632674740538274,0.16328452237152,0.202755301148809,2
"20120",0.0341178324289497,0.00358079311680896,0.961095965663625,0.00120540879061677,3
"20122",2.38657208972925e-07,0.00207029549913525,2.21773068901316e-05,0.997907288536766,4
"20124",0.00303027872655919,9.28880560357446e-05,0.996876801208416,3.20089886574436e-08,3
"20126",0.982459521438457,2.32875339379127e-05,0.0175157740982302,1.41692937471406e-06,1
"20128",0.674237817729087,7.51279906881841e-07,0.3257614116874,1.93036057088654e-08,1
"20141",0.0499091158688609,0.764445313232977,0.000410602985492541,0.18523496791267,2
"20143",7.66264381846761e-08,8.38740331038561e-05,6.62126914189901e-07,0.999915387213544,4
"20145",0.00677978876629236,0.00571901583714716,0.987478712360431,2.24830361295339e-05,3
"20147",0.00028048366245803,0.00183979251934518,0.99785854248074,2.118133745637e-05,3
"20149",5.17409433596936e-07,0.00191841906191435,3.74182292210158e-06,0.99807732170573,4
"20151",4.59836777769815e-05,0.789471751314674,0.00179646659085786,0.208685798416692,2
"20153",0.0335559285412085,0.196160228569722,0.0060040229017253,0.764279819987344,4
"20155",0.000404701694572448,0.000538196252616852,0.999055192850848,1.90920196258292e-06,3
"20157",6.87759092476081e-05,0.247741962908467,0.000551224095004559,0.751638037087281,4
"20160",1.83501995071819e-07,0.00010611046378512,1.4309022632811e-06,0.999892275131957,4
"20162",1.86642965352681e-07,0.00402249750791146,1.49919379433992e-06,0.995975816655329,4
"20164",0.000127629888708084,0.0521312040760111,0.000421258689451545,0.947319907345829,4
"20166",2.06488032711957e-05,0.000464096966101547,0.996938781086972,0.00257647314365578,3
"20168",0.000190206529493867,0.0543613704447194,0.572136233361588,0.373312189664199,3
"20170",0.00025484189230249,0.459075104798625,0.00105247305184336,0.539617580257229,4
"20172",0.00190360946445365,0.00413570950780895,0.9939603042103,3.7681743734937e-07,3
"20174",2.98056130180161e-07,0.636274108032259,2.22319183288931e-05,0.363703361993282,2
"20176",8.03665225415555e-05,0.777591737482897,0.194584609084012,0.0277432869105494,2
"20178",3.74781340364332e-07,6.67467035063046e-05,1.74143285027126e-06,0.999931137082303,4
"20181",2.64868495372936e-05,0.000288106932349779,0.992436388014515,0.00724901820359809,3
"20183",0.00254691764636978,0.988016316904698,0.00935480861555184,8.1956833380421e-05,2
"20186",0.00358802600018173,0.978803527868209,0.0176065816407996,1.86449080933505e-06,2
"20188",4.0954002098049e-07,0.000475663755750992,1.60557507490195e-06,0.999522321129153,4
"20190",4.87518409043513e-05,0.000106843279291619,0.999842451203651,1.95367615339258e-06,3
"20193",6.71471726035236e-06,0.0016659923433844,0.00386615052752931,0.994461142411826,4
"20195",0.00013088596713367,0.149473802265706,0.00466306548275954,0.8457322462844,4
"20197",0.00084880269381374,0.00327983337657109,0.995870765827928,5.98101687073237e-07,3
"20199",3.4760776319233e-05,0.0500570421027132,2.71449848449133e-05,0.949881052136123,4
"20205",0.999338760501309,5.18816616095361e-05,0.000609316115342941,4.17217381520032e-08,1
"20208",6.39118550377878e-05,0.950785170919622,0.00601259626979696,0.0431383209555434,2
"20210",8.04505383030726e-07,0.0104835047526059,5.29096554552225e-06,0.989510399776465,4
"20212",2.6741912224816e-05,0.0930512877487479,0.00047266550033897,0.906449304838688,4
"20216",0.000140986447755192,0.00283114852255743,0.996835528532792,0.000192336496895053,3
"20219",0.572099543299806,0.00570278236095951,0.422049342811794,0.000148331527440595,1
"20223",0.000530248015665608,0.0001709678963418,0.99929876118509,2.2902902534206e-08,3
"20226",0.0197929144025648,0.833915881292762,0.140786107133611,0.00550509717106234,2
"20230",0.000184753073442823,5.03834956021743e-05,0.999764533138212,3.3029274308237e-07,3
"20233",0.995829912007817,0.0040693060371799,1.28685443778727e-05,8.79134106251471e-05,1
"20235",0.0389438454760831,0.00198542507779623,0.959070644801788,8.46443325595173e-08,3
"20239",0.00137222301900542,0.0477998207131421,0.950816592003827,1.1364264025514e-05,3
"20254",0.98642954545489,5.55184289349959e-06,0.0135648618602216,4.08419952073007e-08,1
"20256",0.000463208433545626,0.000260048075617276,0.999276679012594,6.44782430754051e-08,3
"20262",2.1673049221501e-05,0.189157497570917,0.000380052563856503,0.810440776816005,4
"20270",6.84528059953282e-05,0.0407309698919382,0.946598618076481,0.0126019592255854,3
"20284",0.518209476704665,0.456917222854893,0.0247462559583008,0.000127044482141184,1
"20287",0.000272330062641703,8.12883126481249e-06,0.999719528746191,1.23599030536778e-08,3
"20290",0.993392916583576,0.00187248293970978,0.00467952559996152,5.5074876752552e-05,1
"20293",0.00341869177543026,0.0463581152700986,0.950167048486391,5.61444680796644e-05,3
"20296",6.46529634846374e-07,0.294418345334624,0.00992043956389196,0.695660568571849,4
"20301",0.0009082225592296,3.90195366833784e-06,0.999060393607769,2.74818793327011e-05,3
"20304",0.983969774968081,5.40929861093563e-05,0.0159752601824552,8.71863353911246e-07,1
"20306",0.0029295623501666,9.17479450718248e-05,0.996978670466744,1.92380180907699e-08,3
"20309",0.0102180067209357,0.280660455565733,0.708582445801481,0.0005390919118498,3
"20311",0.00161905855982866,0.00681577929720664,0.990629571341074,0.00093559080189094,3
"20314",0.000469439130015584,0.896206303819174,0.0125663515457301,0.0907579055050801,2
"20318",6.55727862710696e-07,0.000234688704164406,5.73185710960102e-05,0.999707336996877,4
"20320",0.0135373440396325,0.973799587130249,0.00582134105901326,0.00684172777110528,2
"20326",0.000883993350374878,0.802097682338047,0.0150393104070087,0.181979013904569,2
"20328",0.00570623423840058,0.990974030736758,0.00324162572450339,7.8109300338131e-05,2
"20330",0.0385068487200804,0.00835292937513598,0.953127367176487,1.2854728296867e-05,3
"20336",0.945289436460136,0.0265686380567233,0.0281364906394497,5.43484369123788e-06,1
"20338",0.962629829233164,0.00156236963175713,0.0355803891859801,0.000227411949098427,1
"20340",0.00074681426292488,2.43293519616178e-05,0.999228655266216,2.01118897376595e-07,3
"20342",0.997327269237419,0.000808387266871499,0.00135149473010609,0.000512848765602972,1
"20344",0.00105051553489392,0.00314804325189097,0.995798563420963,2.87779225195026e-06,3
"20349",0.000282343069205156,0.000159348187710895,0.999558255190026,5.3553057879775e-08,3
"20351",0.0194606958714553,0.0441245370714035,0.935194880615517,0.00121988644162424,3
"20353",0.0950752914035511,0.00193933821339127,0.902984882694411,4.87688646628287e-07,3
"20357",0.997027097067497,3.95314122109008e-05,0.0029333675015786,4.01871346698284e-09,1
"20360",0.962502792041057,0.00365856167531467,0.0338287571107395,9.88917288820626e-06,1
"20364",0.0069222726796486,0.0381295544812565,0.954906392183275,4.17806558200665e-05,3
"20366",0.989739721263296,0.00700073930833285,0.00321712432623536,4.24151021360023e-05,1
"20381",1.59876669028159e-05,0.289573739292303,8.91722199402433e-05,0.710321100820854,4
"20391",0.0420984099151637,0.550221971953676,0.407678429306085,1.18882507547154e-06,2
"20394",1.12987243467551e-05,0.997382855167398,0.000320397674242703,0.00228544843401293,2
"20396",3.39467982638496e-07,0.929120000052887,8.26498429046928e-06,0.0708713954948398,2
"20409",0.00185890889044109,0.115586232563954,0.633343441035952,0.249211417509652,3
"20411",0.10642875220031,0.000859210866201804,0.892712010722842,2.62106460151735e-08,3
"20416",0.916891466084874,8.71569937857986e-07,0.0831076616376246,7.07563431260762e-10,1
"20418",2.13095816391548e-07,0.667017741709894,8.42145876520906e-06,0.332973623735525,2
"20420",0.973979466743846,0.0253327283672324,0.000111057209094772,0.000576747679827154,1
"20422",0.000839374119933634,0.000982395652716648,0.998077438828817,0.000100791398532891,3
"20424",0.0502251896380609,0.000623233927061768,0.949151516186425,6.02484517898983e-08,3
"20426",0.999760984507485,2.15941967643921e-05,2.68878378789008e-05,0.0001905334578718,1
"20428",6.73268366193771e-05,0.154577637445634,0.845287537217777,6.7498499969435e-05,3
"20431",0.0265404639284162,0.684758867351412,0.0986126785369204,0.190087990183251,2
"20433",4.44935849619174e-05,5.88458499630906e-05,0.99989649294618,1.67618895402778e-07,3
"20436",7.10568510824569e-05,0.0822304006305144,0.91234574582197,0.00535279669643272,3
"20439",2.55874429910309e-07,0.627856559771239,1.41100254709491e-05,0.37212907432886,2
"20441",0.997383045295302,0.000177288572094409,0.00243893955999461,7.2657260867159e-07,1
"20444",1.21211100639672e-07,0.000306327434889478,8.58569344308017e-07,0.999692692784665,4
"20448",0.00338973517134522,0.578350886926697,0.024821841470943,0.393437536431015,2
"20536",3.46087688978078e-06,0.999392647636236,0.000491379206161891,0.000112512280712721,2
"20538",0.572774094699769,0.0926934293272547,0.334512828513181,1.96474597953499e-05,1
"20541",0.059342453244443,2.28947309979406e-05,0.940634614370635,3.76539243485493e-08,3
"20544",0.00272636595353654,0.594768230703357,0.388273482500551,0.0142319208425555,2
"20546",0.00899372445226599,0.00212496696708022,0.988881205560348,1.03020306288464e-07,3
"20550",0.0496192253925042,0.452463374315951,0.490787518170121,0.00712988212142314,3
"20553",0.935670050313151,1.75361712222537e-07,0.0643282936690649,1.48065607175265e-06,1
"20555",0.99570952287182,0.00425322158132636,3.64321385438501e-05,8.23408309357286e-07,1
"20557",0.406616651441788,0.286774065129132,0.30118153814411,0.00542774528496987,1
"20559",0.000141560624186942,0.000474827787640921,0.999376347001455,7.26458671758042e-06,3
"20561",0.000239299956260172,0.491048148544501,0.00372407723897578,0.504988474260263,4
"20564",3.74781340364332e-07,6.67467035063046e-05,1.74143285027126e-06,0.999931137082303,4
"20566",3.69834683608775e-05,0.133173295881812,0.866463863289306,0.000325857360521191,3
"20569",2.12140298385091e-06,0.715108801858385,7.48002595455603e-05,0.284814276479085,2
"20572",1.91526765348481e-07,0.0514538170237311,2.37638982758603e-05,0.948522227551228,4
"20574",0.00328276383536433,0.00027863337738575,0.996428881907151,9.72088009863177e-06,3
"20576",9.21337859454449e-07,0.000321576491665671,9.70273608711464e-06,0.999667799434388,4
"20578",0.00160960510672549,0.127025610603576,0.862645081240104,0.008719703049594,3
"20580",0.000159431187310851,0.176062172158779,0.823474816785406,0.000303579868504051,3
"20583",7.40446247418902e-07,0.000190410289930338,7.34241947360387e-06,0.999801506844349,4
"20586",0.00294368620632678,0.0897507669839044,0.907285324939439,2.02218703297318e-05,3
"20589",0.000330063298330374,0.000167289752733086,0.999502634709286,1.22396508322082e-08,3
"20591",0.241847425056911,0.749051344782232,0.00905007308551051,5.11570753467358e-05,2
"20593",0.00013553473527999,1.74674268059657e-06,0.999862617514162,1.01007877960203e-07,3
"20595",0.000564990847944829,0.003610420397795,0.995675109886446,0.000149478867814613,3
"20597",1.5257136859606e-06,0.994265244490318,6.60255075199929e-05,0.00566720428847633,2
"20599",1.87210393825509e-07,8.97525187230609e-05,1.99197929130298e-06,0.999908068291592,4
"20601",0.000212051953693962,0.997532141325661,0.00115176000934921,0.00110404671129588,2
"20604",0.000135069292779994,2.65499230437306e-05,0.999834301610853,4.07917332365091e-06,3
"20606",0.000158927621098953,3.69151378548642e-05,0.999804001610364,1.55630682314621e-07,3
"20608",3.42539039054887e-05,0.00172999485660054,0.998234120436292,1.63080320197258e-06,3
"20610",4.82384761255604e-06,0.00178920378245889,5.01729127249089e-05,0.998155799457204,4
"20612",0.285841182528046,0.0325725957395668,0.66974033367406,0.0118458880583267,3
"20614",3.29613194664006e-06,0.00743036775231479,7.97815719755531e-06,0.992558357958541,4
"20616",0.000375444629229753,0.983340958670579,0.0136037221727406,0.00267987452745093,2
"20618",0.998091026263104,0.00117877782344473,0.000686510732163023,4.36851812876573e-05,1
"20620",9.51599838021461e-05,0.00202102035650922,0.997741141979941,0.000142677679747304,3
"20622",1.23723879119408e-06,0.000673051311189585,2.63746402059028e-05,0.999299336809813,4
"20624",0.0273672937191188,0.00089235427733377,0.971739979056958,3.72946589185782e-07,3
"20626",7.74424560228994e-06,0.0939760121867656,0.900773910770971,0.00524233279666098,3
"20628",0.000558016132570596,0.729359577273359,0.268291043853719,0.00179136274035121,2
"20630",0.000844223975954811,0.0847047185705631,0.89479622709751,0.0196548303559725,3
"20632",4.42332759207362e-08,0.0111225923892404,7.1624667272822e-07,0.988876647130811,4
"20634",0.000114208419649553,6.3894973079495e-05,0.999821771661506,1.24945765041122e-07,3
"20637",0.981884841564295,3.35884474281972e-05,0.0180626645072817,1.89054809957177e-05,1
"20639",2.24639330050799e-05,0.215267959861866,7.33616731597443e-05,0.784636214531969,4
"20644",0.510621581619889,1.92001371110169e-06,0.489376249773962,2.48592438343559e-07,1
"20646",0.0250975170108319,0.00115476944839928,0.973700147849595,4.75656911736915e-05,3
"20648",0.000251913726537031,0.963554659035413,0.000801123728992334,0.0353923035090574,2
"20650",0.239707193486487,0.000331442392092878,0.759961083508748,2.80612672032846e-07,3
"20653",0.00141606439467765,0.990582812741906,0.00104183904826774,0.00695928381514856,2
"20658",1.56185507403198e-05,0.000825933238431083,0.999158191039952,2.57170876676137e-07,3
"20661",0.895522638227645,0.0218125906355815,0.0826523827522011,1.23883845725786e-05,1
"20663",0.00331024171765087,0.36394097948543,0.632716970470509,3.18083264106517e-05,3
"20665",4.80111300128201e-08,0.000121518094355899,9.44592353780076e-06,0.999868987970976,4
"20667",0.000940278180670493,0.973156373288786,0.0253038373456845,0.000599511184858527,2
"20669",2.72456521271887e-06,0.991222580465477,2.55864051677145e-05,0.00874910856414283,2
"20671",0.769383105591554,0.00133124111652076,0.229133441997216,0.000152211294708935,1
"20673",8.75014114674505e-07,0.973833198187101,4.47327363228425e-05,0.0261211940624612,2
"20675",1.2945548902065e-05,0.993246368362164,0.00665787981588851,8.28062730457351e-05,2
"20677",0.000455385029761322,0.557829272131816,0.441690975996781,2.43668416414749e-05,2
"20679",1.25531498310252e-06,0.975257139881707,7.66129663660849e-06,0.0247339435066739,2
"20681",7.40281839591198e-06,0.999814075239716,0.000109028904097828,6.9493037790009e-05,2
"20683",0.000155334187582271,0.700933842365488,0.29885716714381,5.36563031197706e-05,2
"20685",0.982494632628531,0.0173096651419616,4.09546608961914e-05,0.000154747568611483,1
"20687",7.43769057426104e-06,0.0551499721121702,2.44423325972949e-05,0.944818147864658,4
"20689",0.697683243540343,2.89567623837735e-05,0.302287573566795,2.26130478793949e-07,1
"20691",4.41130414830809e-07,0.000393273417950286,1.99701784663033e-06,0.999604288433788,4
"20693",0.00171965527718335,6.07475988837149e-05,0.998219573276759,2.38471733847637e-08,3
"20695",5.68301774220929e-05,0.990407615465079,0.000571046133450351,0.0089645082240488,2
"20697",0.000589191736878381,0.000136059136839603,0.999195140530855,7.96085954268144e-05,3
"20699",1.43942833123287e-05,0.7576319853158,0.241964415290568,0.000389205110319498,2
"20701",0.00036317218665263,0.146030159582443,0.853604217890308,2.45034059617792e-06,3
"20703",0.01269497655017,0.98182221366179,0.000301216005249715,0.00518159378279035,2
"20705",0.0060169049435708,0.00281471014197859,0.99116773479969,6.50114761025613e-07,3
"20707",0.000756096047682501,0.99052550494872,0.0086562449923124,6.21540112854759e-05,2
"20709",1.83467962409364e-05,0.0739426761411024,0.0399421343233427,0.886096842739314,4
"20713",0.0192089982715648,0.939341945946016,0.000221764248853339,0.0412272915335657,2
"20715",0.111851958456391,2.79434466715917e-05,0.859866687748412,0.0282534103485256,3
"20717",5.71324957750042e-05,0.999333420254426,0.00024645508074405,0.000362992169054581,2
"20720",0.000541484059724615,0.0149408372629714,0.984470249659636,4.74290176678374e-05,3
"20722",0.000133529571380305,0.0193844052566678,0.980476045828187,6.01934376456304e-06,3
"20724",1.88936179135785e-05,0.765623786890944,0.000109658546013636,0.234247660945129,2
"20726",0.00145167869360152,7.67205241214383e-05,0.998471585970881,1.48113962276799e-08,3
"20728",4.59586004830518e-06,0.999642201912289,4.00809566135535e-05,0.00031312127104903,2
"20730",0.000165750429965452,0.533469743081131,0.00213386148059289,0.46423064500831,2
"20732",0.0966569137922495,0.485620053209872,0.417457945368256,0.000265087629622051,2
"20734",0.00261826730170834,0.594647600935097,0.402640254556627,9.38772065675779e-05,2
"20736",2.04799538692051e-06,0.122546809379176,6.51359368081103e-05,0.877386006688629,4
"20738",0.0727311666467812,0.0194294489724435,0.524078433968916,0.38376095041186,3
"20740",0.292900753469972,0.105718271637763,0.601380806659202,1.68233062629546e-07,3
"20742",0.00231103610201004,0.997010425810525,0.000225723358670276,0.000452814728794505,2
"20744",3.93745268280825e-08,0.0382734988768412,4.41488261755036e-06,0.961722046866014,4
"20746",0.000169027537469042,0.919996891958011,0.0796750679671317,0.000159012537387624,2
"20748",6.96281306683776e-05,0.667834955577626,0.000114836248983151,0.331980580042723,2
"20750",3.17724940338848e-06,0.340780898390264,0.000819671647869804,0.658396252712463,4
"20752",0.00127317541321385,0.0314869641951071,0.967238420721434,1.43967024480416e-06,3
"20754",1.44143658157404e-06,0.986760487796279,0.000183493151434442,0.0130545776157047,2
"20756",0.000528817936136714,0.540169152406756,0.139999017358629,0.319303012298479,2
"20758",2.36895732328694e-05,0.351155824800797,0.268484249593229,0.380336236032742,4
"20760",8.78815184404492e-07,0.825869548323264,2.46533874371404e-05,0.174104919474115,2
"20762",3.179168054939e-06,0.998648302067042,0.000108971941797221,0.00123954682310565,2
"20764",5.97767197740419e-06,0.305601456513982,1.12045833732625e-05,0.694381361230667,4
"20766",1.04607077122511e-05,0.899656620608191,5.20425597894979e-05,0.100280876124307,2
"20768",5.91995471169914e-05,0.163298888940873,0.00123286555210382,0.835409045959907,4
"20770",1.01975534266444e-05,0.973998199968653,0.025456528045734,0.00053507443218633,2
"20772",2.17568118535446e-05,6.49915626901223e-05,0.999911774351199,1.47727425679261e-06,3
"20774",0.0012269383083502,7.09384350339844e-06,0.99876594814332,1.97048268864954e-08,3
"20776",0.00187399560226201,0.996477639341754,0.00158850361122007,5.98614447638809e-05,2
"20778",0.670922564472177,6.75028977027451e-07,0.329076491258979,2.69239867155209e-07,1
"20780",5.68730598880226e-06,0.817797226090693,0.00126480079500599,0.180932285808312,2
"20782",2.06121863181949e-06,0.933043964012204,5.43043865372837e-05,0.0668996703826273,2
"20784",3.48612319415052e-06,0.999059656828294,0.000206691465793939,0.000730165582717399,2
"20786",1.63964166144689e-08,0.00096166444633194,3.20131506382695e-06,0.999035117842188,4
"20788",0.00225418780334457,0.97761078661339,0.0199654177269959,0.000169607856269882,2
"20790",3.08064457141302e-07,0.907304491865644,4.98555153922842e-05,0.0926453445545066,2
"20792",0.00396212325721404,0.45405301601164,0.0452943189241482,0.496690541806997,4
"20794",1.6443281579269e-07,0.530355314812574,2.30414603718742e-05,0.469621479294238,2
"20796",0.00376261396314002,0.000562131287628947,0.995675165164665,8.95845664644085e-08,3
"20798",3.74781340364332e-07,6.67467035063046e-05,1.74143285027126e-06,0.999931137082303,4
"20801",2.9162413719432e-06,0.00151664077273785,3.60612053907074e-05,0.998444381780499,4
"20803",0.00491602987985902,0.959151952079017,0.0358986187699438,3.33992711796155e-05,2
"20805",0.00149032857885734,0.659747473461038,0.33863601312616,0.000126184833944373,2
"20807",3.74781340364332e-07,6.67467035063046e-05,1.74143285027126e-06,0.999931137082303,4
"20809",0.00106138754706604,0.995896632215445,0.00146772682701416,0.00157425341047437,2
"20811",0.00331645576720895,0.0251922985891249,0.0127549190672838,0.958736326576382,4
"20813",0.00420640947571811,0.472021605916733,0.444846516542649,0.0789254680649002,2
"20815",2.16655711639347e-08,0.00140643039065755,8.75243471049708e-07,0.9985926727003,4
"20817",0.000120958647607137,0.956397529711783,0.000227201004195421,0.0432543106364147,2
"20819",0.00818915225156873,0.660619141410672,0.331186742695306,4.96364245296194e-06,2
"20821",0.000910410731177742,0.00641329688108988,0.969799900870935,0.0228763915167969,3
"20823",0.00704954316222891,0.780697010939299,0.196246494335279,0.0160069515631934,2
"20825",3.3058239551937e-06,0.928826424753775,2.98200146367205e-05,0.0711404494076329,2
"20827",0.000376253234722496,0.162933107174905,0.000394090473687913,0.836296549116685,4
"20829",0.00184343087251298,0.00246354234735933,0.995659613202237,3.34135778906492e-05,3
"20831",2.41144212248409e-05,0.928089005208414,0.00014230322976615,0.0717445771405954,2
"20833",1.73805087804663e-06,0.805828249647495,0.000111276896151111,0.194058735405476,2
"20835",9.54929736639368e-05,0.966947423618985,7.52256615728152e-05,0.0328818577457783,2
"20837",0.000135077133232469,0.997114000060412,0.000329848613023569,0.00242107419333244,2
"20839",5.35865156979609e-06,0.987404997816371,8.33886116428508e-05,0.0125062549204164,2
"20841",0.354384862259728,0.207534526134437,0.437998253794468,8.23578113667889e-05,3
"20843",3.49084777996811e-05,0.998670882328823,0.00126073204276179,3.34771506155408e-05,2
"20845",4.57651684868344e-05,0.438131128679794,0.00143222102803094,0.560390885123688,4
"20847",0.00212813372330158,0.563604373731988,0.43389416518633,0.000373327358380319,2
"20849",0.000326692162082425,0.404299338623756,0.581659805945828,0.0137141632683338,3
"20851",0.00630176737102908,0.291242477096911,0.702396244542302,5.95109897581904e-05,3
"20853",0.523838176992729,0.00976272202111964,0.466395329309984,3.77167616742559e-06,1
"20855",0.000667467109906499,0.00288002964232607,0.996187515972047,0.000264987275720807,3
"20857",0.00136901969837885,0.369020064910116,0.629533086011693,7.78293798121389e-05,3
"20859",0.000107159373566733,0.0211487336379236,0.978621495536388,0.000122611452121399,3
"20861",0.962063265959313,0.0343243099623549,0.00032253570737329,0.00328988837095917,1
"20863",5.41924587767072e-05,0.617845489169689,6.27949837239173e-05,0.38203752338781,2
"20865",1.15682544482055e-06,0.998043994374639,0.00113188144985674,0.000822967350059157,2
"20867",0.00106532579591214,1.18414953929466e-06,0.998933458122586,3.19319622264472e-08,3
"20869",1.50525423898577e-05,0.465454393770549,0.000338278185937827,0.534192275501123,4
"20871",0.00064440545765059,0.000123497865522441,0.997926987597679,0.00130510907914764,3
"20873",0.000363319129712628,0.000100833086990264,0.99909585928521,0.000439988498086577,3
"20875",0.0320511332925497,0.0372785630095896,0.930619653794618,5.06499032422926e-05,3
"20878",2.5049305119523e-07,0.00345136034138813,2.21305908767223e-06,0.996546176106473,4
"20880",3.09834481214624e-06,0.818183361435341,0.000202534660585385,0.181611005559261,2
"20882",0.00178270580507324,0.000319374168407807,0.9978948838894,3.03613711855976e-06,3
"20884",0.00017500441751418,0.994157804611291,0.000342558267407613,0.00532463270378713,2
"20886",6.9853272642451e-06,0.269503462779409,0.00200980196399311,0.728479749929334,4
"20888",1.13115904423624e-07,0.111840420381046,1.8255170618534e-06,0.888157640985988,4
"20890",4.48955859145968e-06,0.774355951866039,0.000629330200033938,0.225010228375336,2
"20892",0.0506619706433055,0.467563116140659,0.481705007023142,6.99061928935815e-05,3
"20897",0.0197428459987835,0.880925344612709,0.0805238707069595,0.0188079386815477,2
"20899",0.00147268317445928,0.865646982272862,0.0890821536202966,0.0437981809323822,2
"20901",0.967709942975126,0.00139573004157073,0.0308784679354144,1.58590478887281e-05,1
"20903",0.0305706293581734,4.04683325790604e-05,0.964636892446194,0.00475200986305312,3
"20905",0.018360667876919,0.0429278667559019,0.903023198503105,0.0356882668640745,3
"20907",8.43910192754615e-05,0.00089496668684173,0.999020035475822,6.06818060499466e-07,3
"20909",0.00137958145810421,0.547163285595307,0.424072800387841,0.0273843325587481,2
"20911",0.974972742456896,7.9717624956862e-06,0.0250191396074748,1.46173133686346e-07,1
"20913",0.000353586206685538,0.983763011460377,0.00895697006615858,0.00692643226677861,2
"20962",0.000145777622246405,0.0861223109784053,0.913669638295664,6.227310368382e-05,3
"20969",0.0204619723063176,0.00301083298941093,0.963167203073656,0.0133599916306159,3
"20980",0.000215262508832123,0.0924929891267991,0.906578341925824,0.000713406438545165,3
"20982",0.000141288779145414,0.0124750407967689,0.987382167447876,1.50297621010818e-06,3
"20984",0.000686406869822323,0.991020225966918,0.000567808538175569,0.00772555862508418,2
"20994",0.0114825993669533,0.0102864149226462,0.977568665500781,0.000662320209619434,3
"21015",0.000698782429705321,0.15179609253439,1.53053593052002e-05,0.847489819676599,4
"21023",0.0305040319850541,9.03588236609811e-05,0.969405478815614,1.30375670461726e-07,3
"21040",0.00503293832902642,0.0859292499742483,0.90902431234945,1.34993472756124e-05,3
"21073",0.218327165019591,0.232872097468005,0.540008871886059,0.00879186562634529,3
"21222",8.89487425809677e-05,0.873206748573575,0.000637318533583368,0.12606698415026,2
"21224",1.39941162061763e-05,0.925919261856108,0.0696409622824136,0.00442578174527276,2
"21228",0.107692693740012,0.256610303926329,0.0109883121247252,0.624708690208934,4
"21232",0.0339308785079986,0.00205343573476978,0.964015316437972,3.69319259476288e-07,3
"21237",0.420186247079046,0.0207007917135691,0.558122886268545,0.000990074938840021,3
"21240",8.3780006279382e-05,0.897979242355981,0.000115697588498167,0.101821280049242,2
"21245",5.6263658509121e-06,0.736014830700148,7.08684482576186e-05,0.263908674485744,2
"21252",0.131211182925613,0.00494138355874175,0.863847322245624,1.1127002122318e-07,3
"21254",0.117156542461737,0.0510442964784858,0.831785486188606,1.36748711710489e-05,3
"21258",8.5969818694781e-05,0.896218414987426,0.0943879970076673,0.00930761818621181,2
"21264",0.000371426430528402,0.846145310107964,0.00702429094396292,0.146458972517545,2
"21305",7.74965711943209e-06,0.962428709133603,0.0156839326361995,0.0218796085730778,2
"21333",0.00137994762212398,0.107695842183571,0.89092299710453,1.21308977460659e-06,3
"21366",0.00287500929873123,0.971737702136267,0.0250494630638851,0.000337825501117241,2
"21377",1.7001301007183e-06,0.00119110284229116,1.99984300106005e-05,0.998787198597597,4
"21380",0.000347528266394148,0.0618706860285754,0.918366833324872,0.0194149523801583,3
"21387",0.99985102597613,6.38557797590755e-07,0.000148334578854354,8.87217779230462e-10,1
"21390",0.0102347684888536,0.00559711063216033,0.98416571685295,2.40402603573325e-06,3
"21392",0.0578125949957767,0.762968094143807,0.178719530265862,0.000499780594554509,2
"21403",0.000218981935593553,0.0759535991498172,0.893851046675733,0.0299763722388567,3
"21408",0.00057119179179068,0.000622646662456205,0.998743699934869,6.24616108839044e-05,3
"21412",0.976865478101794,0.000423501871260511,0.0224169311487553,0.000294088878190334,1
"21421",4.50688355060055e-05,0.995887140297416,0.0024928702485379,0.00157492061854007,2
"21424",0.961580447408172,1.22245423426591e-05,0.0384073166017875,1.14476974969392e-08,1
"21429",0.00547461315454112,0.00310244320907825,0.991395447634637,2.74960017433224e-05,3
"21431",0.00021755545715435,0.984575753517012,0.0139909834744196,0.00121570755141411,2
"21436",4.67017856419997e-06,0.997122595360695,0.0020107994009461,0.000861935059794667,2
"21439",0.000846447015320253,0.0291014336920568,0.966063416180941,0.0039887031116818,3
"21442",0.00114797295490686,0.726844342367186,0.0790941961120681,0.192913488565839,2
"21444",2.72024251627214e-05,0.995755145130763,1.28523178367512e-05,0.00420480012623721,2
"21446",4.77926567330121e-05,0.00583464764310275,1.26217032310196e-06,0.994116297529841,4
"21448",0.995101869568726,0.00479114846015469,1.20724628671509e-05,9.49095082523775e-05,1
"21450",0.0294541977131421,0.582158394862068,0.348678158789182,0.0397092486356079,2
"21452",3.65149661756109e-05,0.0220228315679071,0.977933923310014,6.73015590331297e-06,3
"21466",0.0225447115941831,5.27246316070019e-05,0.977402556612101,7.16210918398155e-09,3
"21470",7.23506321749695e-05,0.0948008982058289,0.904384281317211,0.000742469844784713,3
"21472",0.000757420214052283,0.0102497911431455,0.988992700097395,8.85454075180611e-08,3
"21474",0.126700113925853,0.0245123500946407,0.847622792993694,0.00116474298581216,3
