"","V1","V2","V3","V4","V5","V6","V7","V8","V9","best$classification"
"19811",0.000416911331725282,0.948913604027743,1.54927724736798e-05,3.53746760528711e-07,0.00165450057919064,3.96428000535834e-09,0.000510402967540404,4.75417429235655e-10,0.048488730134869,2
"19813",1.24529088752981e-08,5.97452179491865e-06,4.0684984524528e-08,8.60319474819988e-09,4.12147855558206e-07,2.46862654662293e-08,9.31881307049027e-07,2.6793960609299e-12,0.999992595019009,9
"19815",5.33212052511894e-06,0.962465069547861,0.00129469951879508,0.000122912172251407,0.0278610504316642,3.06913729757563e-09,0.00822142532600953,2.84542660199452e-05,1.05354773628816e-06,2
"19817",0.000349743799052594,0.991613511287537,7.48825047812843e-05,2.53369112596824e-06,0.00345020497686322,2.23836588160565e-10,0.00450447869538638,2.15043349837566e-07,4.42977806799352e-06,2
"19819",5.87123449240528e-08,1.88902114348641e-06,7.4131881538727e-05,0.283563671113564,1.06697011643094e-05,0.00349407525170953,0.0461375104397775,0.666717993851138,2.76199073104063e-11,8
"19821",0.014227104579367,0.965426577418627,6.17587925323309e-07,3.99582522863087e-05,0.000431024314174162,1.33841167049503e-07,0.0052358567094647,6.05051856259005e-09,0.0146387212464696,2
"19823",5.27147979310628e-05,0.423193644045691,0.573317662584578,6.48233279252391e-06,0.000349128434644369,9.20003647729931e-09,0.00209600088460147,0.000983554985319474,8.02734405500721e-07,3
"19825",0.561558074692015,0.000403723388147951,4.22423373265862e-06,0.0114835282324373,0.00238121167850392,0.416714285632947,0.00600815490422669,6.10179171642565e-05,0.00138577932082538,1
"19827",0.385255967024593,0.610035256214651,0.000187388890867238,5.58419895245259e-06,4.45954689825478e-05,7.01913508652247e-08,0.00446748102194161,3.43130915826816e-06,2.25679502954618e-07,2
"19829",0.00384720064505178,0.000223783292200482,7.85364867453617e-08,0.114182936659105,0.000130972762515464,0.00219411696124662,0.879312307629382,0.000107761123172142,8.42390840204785e-07,7
"19831",9.50381826655351e-08,1.58083202648779e-05,0.00333449846663251,0.106051807152498,3.93396203042311e-05,0.0166516611393523,0.767532274269214,0.106374356910749,1.59082802298464e-07,7
"19833",1.09196326128351e-05,1.42732320727462e-07,0.885545415042808,1.17344789328707e-06,0.00164728441925595,0.00139836039172007,6.11265011698614e-07,0.111395514342463,5.7872591491817e-07,3
"19835",0.014227104579367,0.965426577418627,6.17587925323309e-07,3.99582522863087e-05,0.000431024314174162,1.33841167049503e-07,0.0052358567094647,6.05051856259005e-09,0.0146387212464696,2
"19837",0.0221328130272326,0.949704736357643,1.38299162350951e-05,1.60670515383352e-05,6.29160608684795e-05,8.86810559886733e-09,0.028067349084227,3.17745363352589e-07,1.96188878621438e-06,2
"19839",0.00911675108045211,0.000394994459965954,2.93352695758621e-07,0.036123064373121,0.000612630808461836,0.629629575586187,0.323775867552565,3.63460094434711e-06,0.000343188185607461,6
"19841",0.999738822219069,4.04989490427804e-06,1.07968870954924e-09,2.2348905176622e-07,2.44618662477567e-08,0.00024113815288934,1.48161837071185e-06,1.19467677617429e-09,1.42578894836197e-05,1
"19843",4.58316567061426e-09,1.6307071798436e-06,3.64323225161447e-07,0.494659301586528,0.00254334833108992,0.476469698078238,0.0179701818074844,1.95178489915389e-05,0.00833595273409764,4
"19845",3.50976969078078e-06,0.0364432003449479,9.47309670137157e-06,2.96750543709502e-08,9.02897925861216e-05,7.36821574424726e-10,8.74080097743589e-06,8.04707970417149e-11,0.96344475570275,9
"19847",6.83839717427706e-06,0.909133467097232,0.000596385661115391,0.000449998612285168,0.0287307796792976,2.58499009267043e-07,0.0526891091781414,2.21974126851447e-06,0.00839094313447618,2
"19849",2.9997055887932e-08,1.84369566732849e-05,4.32158227585822e-08,6.75599026094208e-10,8.09725431871679e-08,2.47896277738758e-09,8.06679341614087e-08,4.53053014176221e-13,0.999981325034956,9
"19851",1.31861880488993e-05,0.99821923887226,0.000234968761679389,8.5691587811625e-07,0.000911109059587495,5.40995732208191e-11,0.000608106711189641,1.19418227434218e-07,1.24140190293953e-05,2
"19853",0.000165095752859321,0.919181504055974,0.0669763926869815,4.012608449196e-09,9.66732385687338e-05,5.03965093239699e-11,1.30246067202297e-05,5.62140432822676e-08,0.0135672493818475,2
"19855",0.00200630450381983,0.996390146891925,0.000343062790320468,2.36877263932627e-08,0.000148351048633095,2.73929311726371e-11,0.000316894459248539,9.54163180871191e-09,0.000795207049301864,2
"19857",0.0140365573267616,0.619287511417155,3.56624534668805e-06,0.000219815873495624,0.00858530391612356,7.48935454706875e-07,0.340606331332256,3.87480654157277e-08,0.0172601262053409,2
"19859",0.010444500392307,0.923672510427165,0.000503157737921644,1.90686602780297e-05,0.00314886532075174,3.56254623441125e-08,0.0621992166635058,3.36045341180455e-06,9.28471919617461e-06,2
"19861",1.41111748383222e-05,0.836372671437123,0.000112832280584411,4.39028562063245e-07,0.000550248506713624,1.87054878399716e-09,0.00039278887845496,1.85507079530907e-09,0.162556904968104,2
"19863",0.00558704400989558,1.2074019196445e-05,2.20864809381786e-08,5.56850756253566e-10,2.92167788321212e-07,3.78472118060059e-06,4.71696345671134e-08,1.56263797501613e-12,0.99439673526741,9
"19865",0.998749280560468,0.00124284883876791,1.11968308942127e-08,2.48497018137012e-08,2.52506671934674e-06,2.49620657653511e-08,4.87299853255031e-06,4.8370421212881e-10,4.11043209220488e-07,1
"19867",8.92906271773927e-07,0.978022175487894,0.000235427863907611,6.36334499794153e-05,0.0118394189948063,9.1643527729528e-09,0.00271159357485637,3.05813507929686e-07,0.00712654274442388,2
"19869",1.32115028965142e-05,0.00348257266432666,2.90977870179489e-07,7.44442932733708e-10,6.01291320050648e-07,2.98000935201364e-10,7.70942934489239e-07,9.37919562653632e-13,0.99650255157727,9
"19871",0.037267600170951,0.777153671451032,0.000134668799793418,5.77284936001751e-05,0.000831082622554382,2.82770930356436e-08,0.184547899613939,6.0813073889375e-06,1.23926364865934e-06,2
"19874",0.802447590334709,0.196999851850426,3.3494209314475e-05,1.29405136435603e-07,0.000414760524506035,1.48527152609621e-08,0.000101838081287479,8.18113924485588e-08,2.23893051338095e-06,1
"19876",0.183644657513048,0.816049551322763,6.08951807147842e-06,1.21091298941802e-08,1.46643979795251e-05,2.60037035876349e-10,6.0350433661426e-05,4.84842674441677e-10,0.000224673960467037,2
"19878",6.83801083170442e-07,0.000139862493907368,7.21611719762845e-07,0.0017342260944092,0.998028788937977,3.27219713360895e-05,5.00634537921297e-05,1.17376391494671e-05,1.19399662564709e-06,5
"19880",0.999073607971476,0.000920604037582091,3.37811944678698e-08,2.82614353193467e-10,5.22985086614269e-08,1.95927123470215e-09,4.31795570437225e-07,2.34513058854857e-11,5.26785033163128e-06,1
"19882",0.0005589906834633,0.691020640537341,0.000133704500321358,4.74334142990068e-07,0.00938236660701412,7.48839380358082e-09,6.96013689560542e-05,4.92366578187779e-09,0.298834209556702,2
"19885",0.000319450954575191,0.857362110289817,5.01032800830113e-06,0.000303595858340017,0.00752134256810269,1.13764269225177e-08,0.134481581829295,4.9316928202773e-07,6.40362615295909e-06,2
"19907",6.17112798837883e-06,0.902237557451861,5.2786257763447e-05,1.68449977875864e-05,0.0126903504891842,3.90195537997916e-09,0.000604806628405839,4.01558797907987e-08,0.0843914389891747,2
"19909",4.43475127675879e-07,0.00052164326897122,1.95964469534384e-07,0.0444369592704219,6.99441055650495e-06,4.7505025538327e-05,0.954959003858455,3.70263164772932e-06,2.35520948118825e-05,7
"19911",0.00304412341051127,0.00110045795046754,7.69397618586523e-06,0.0129911882858289,6.88721024395986e-05,0.00182068852278858,0.980902053995785,6.32303606448269e-05,1.69139534795851e-06,7
"19913",0.999993971218706,5.08243818168955e-06,1.06257516624781e-08,1.61184328543506e-09,1.21603385837455e-08,6.69692299231546e-07,1.68877325410041e-07,6.08848800376584e-10,8.2766705228725e-08,1
"19915",0.342824396088623,0.65681410776127,2.91150702170329e-05,1.47518992858854e-07,0.000126143413810286,1.07465298030857e-09,0.000204899321889755,6.00836367745749e-08,1.12966690821977e-06,2
"19917",0.993194500012531,0.00658806695519746,1.04576056946499e-06,2.86789581961426e-07,2.46406721653267e-05,7.5486065819363e-07,0.000189849147623514,1.64474630411382e-08,8.39354210218449e-07,1
"19919",0.135017775592411,0.854764343934386,7.76204416504487e-05,4.89494207860552e-06,0.00479399551724539,1.54472251602119e-08,0.00533948722224528,1.09504680960247e-06,7.71855948008694e-07,2
"19921",3.411316059534e-06,0.991500087300276,9.22498455672767e-05,7.99938792566245e-06,0.00571159152697582,4.2146403173969e-10,0.00248200933249353,8.49120496278404e-08,0.000202565957188164,2
"19923",2.78639354402561e-08,0.00543262845739498,0.000391968891956822,0.000403844925742292,0.993428021226237,4.3434042575865e-07,0.000281803875748065,5.58096346152234e-05,5.46078394522412e-06,5
"19925",0.952225834751908,0.0476264426789321,2.70692841932445e-06,1.04651301464624e-07,8.1394853793845e-05,1.12424758884268e-08,6.3152260086388e-05,2.21880292457341e-08,3.30445053868078e-07,1
"19927",7.42662359183998e-05,0.997880447575445,0.000115598121294025,6.00260992464554e-07,0.000226565895326851,5.93049983793175e-11,0.00168591660590802,5.54982775597031e-08,1.65497475325261e-05,2
"19929",0.584403557125842,9.58380157755825e-05,3.59540125526169e-08,1.08213637233384e-09,7.6454116088341e-08,7.4784344538882e-06,3.26389261797597e-07,3.35287932190137e-12,0.415492686541048,1
"19931",0.000401165763389942,0.99041992971438,0.000157700768858303,1.83751416586549e-05,0.00087212057306009,4.56930612406491e-09,0.0081282749234119,1.99800227942622e-06,4.30543655831533e-07,2
"19933",0.000186874380090876,0.0616726887044253,9.84856311569848e-06,0.0468040024230842,0.000121355625366182,9.05473777509973e-06,0.890963727245367,0.000232359515149991,8.88056258337064e-08,7
"19935",0.000782406745851952,0.782525836669837,1.76679730585355e-06,0.012171286993333,0.0191876926795344,1.12222471875952e-05,0.184684005072543,5.74501320073855e-07,0.00063520829308637,2
"19937",5.82134737851966e-06,0.992862792188283,0.00115354962115844,1.05399313532357e-05,0.00319642864958442,2.08667369628673e-10,0.00276481184125617,4.54518282929566e-06,1.51102948970395e-06,2
"19939",0.000774292267926911,0.711549384472912,4.48108445837126e-05,3.89472272944119e-05,0.286029781931038,2.51901269891533e-09,0.00155639911748541,3.17965160791318e-06,3.20196813861661e-06,2
"19941",0.020333909008604,0.00100029423822272,8.58745964483183e-07,0.0369283634680885,6.27171738538489e-06,0.152099513729344,0.789555602858463,9.12374153561941e-06,6.60624923921399e-05,7
"19943",0.99965766677439,0.0003396493325147,1.70869559654767e-07,4.45408865379658e-09,5.15761994074636e-07,1.06942215771972e-08,1.95123095693343e-06,5.06773747643956e-09,2.58145372866486e-08,1
"19945",7.0412400364372e-06,0.0129977430060461,3.348119132755e-05,0.089551436679807,0.00348364288677178,6.96950805187389e-05,0.893209363878955,0.000647559031435678,3.70051018409042e-08,7
"19947",0.532400554899173,0.00254509447551521,9.32946126815987e-06,0.00217633696710156,0.000152712347783852,0.00239877950705326,0.449912612749315,1.26399947280534e-05,0.0103919395980625,1
"19949",2.59430611282155e-07,0.0180751677713557,0.000109611655287446,0.012256906286979,0.965761340260677,1.31149588959614e-06,0.00304310827755164,0.000752130071705211,1.6474994266081e-07,5
"19951",0.739886037571648,0.204894727138981,9.16240417861839e-06,4.5680473345979e-05,0.0537099227760932,3.82710555683575e-06,0.0014451090093371,1.15904438690734e-06,4.37447647321244e-06,1
"19953",8.59061380144498e-09,0.000153703054403598,0.0416054760481892,0.0695463246009765,0.00123453887738245,0.000108824413531948,0.0311300924099369,0.856221021818808,1.01861576306005e-08,8
"19955",6.37893205395102e-07,0.000230979903232434,0.00152800051323615,0.145405014030827,0.305689036720298,0.00934457865092428,0.517134880215543,0.0206628439194058,4.02815332884445e-06,7
"19957",0.913964122910159,0.0404591371243168,0.0052846789794718,5.08205509313547e-06,0.000147809834528204,2.89048270576621e-06,0.0400874032559741,4.06420765369141e-05,8.23328121369598e-06,1
"19960",0.00013148521822783,0.00022019787071316,1.32485246387663e-07,0.353290468410028,0.00347575519613747,0.00129053986186686,0.641484435808217,8.81644203407937e-05,1.88207292223712e-05,7
"19963",0.847763719593187,9.56242950161331e-05,0.101690073118644,3.22907985665141e-06,1.83416029026593e-06,0.0478460129580572,6.99249963197269e-05,0.00251996707936883,9.61471926053446e-06,1
"19965",3.54734692713949e-09,1.20292185030086e-05,9.4448518103583e-07,0.811562666534657,0.128428285599172,0.0102527617250234,0.0494619636508695,0.000261432180746357,1.99130585004821e-05,4
"19968",0.759573678287629,0.00920607901916969,2.15025516944411e-09,5.36834912965605e-05,2.82413256511375e-05,0.000202035535965751,0.00173135612968801,2.26582175074201e-10,0.229204923833762,1
"19971",0.99151325180525,1.93764026890888e-06,1.45283808381042e-05,2.42754624675554e-05,1.02314284364122e-05,0.00751696823013651,4.11196793503423e-05,0.000877634196094106,5.31771584143406e-08,1
"19973",0.00209207776565909,0.995358606339525,2.6765275772526e-06,1.70216558367492e-06,0.000458823891798142,6.30905902826608e-10,0.00206288756402029,6.37499541497185e-09,2.32187399350102e-05,2
"19975",0.981517337400428,0.0182705598730054,3.25458421310013e-08,3.08851815679603e-07,2.87477449248719e-05,1.06563237685289e-07,0.000170058072137959,5.99141187647837e-10,1.28483494668343e-05,1
"19977",0.998574772183283,0.000194531615193737,2.22370215886387e-05,9.82931026514645e-07,0.000579031239601731,0.000586309276985864,1.16399991137376e-05,1.56415135078136e-06,2.89315818560441e-05,1
"19979",2.09035365299649e-07,8.65462140796484e-08,6.84873913463115e-09,0.928483943240167,3.79144422773641e-06,0.0256263076151779,0.0421985823864892,0.00368707283949535,4.41241664973038e-11,4
"19981",0.000121748878186325,0.331991615617947,3.4032482237893e-05,0.000187413764990814,0.000481769578451191,9.51173906498942e-08,0.666758255388932,3.17197062093595e-07,0.000424751974802096,7
"19983",1.16948899767036e-05,0.321526577886723,9.56642194299685e-05,0.00164727265554183,0.332232777735057,7.53394398896649e-08,0.344021738513804,5.59827097000182e-06,0.000458600489057366,7
"19985",0.806558292008239,0.193276829404811,3.56602773268445e-06,1.71129867883094e-08,8.63414705661371e-05,1.43740496870744e-09,5.38954989114222e-05,1.48473386754862e-09,2.10555546147104e-05,1
"19987",0.0228452270096187,0.524804716411717,1.40077219068723e-05,0.00162203388778681,0.000177291817707819,1.51129195535863e-06,0.450523564686925,9.80071323478898e-06,1.8464591472772e-06,2
"19989",2.55703592548057e-10,9.56895410889072e-07,3.71399806253027e-07,0.970991159864974,4.18673465356155e-05,0.000667890505982313,0.0152460887940576,0.013051664871457,6.60729199803355e-11,4
"19993",0.0111197498031237,0.153439522705198,3.11848400761971e-06,0.0640869206126537,0.725143723555778,2.37879447159876e-05,0.04581014837195,0.00037278163328738,2.46889285798633e-07,5
"19995",0.00400234952613439,0.110567888744038,6.11457574759869e-06,0.243854858379417,0.0468388935993598,0.00073255855226595,0.593848624467161,0.000145325214650995,3.38694122658227e-06,7
"19997",0.00371461178455377,0.995398634590588,4.22950671224227e-05,2.907987476174e-07,0.00029599001013017,1.34891847920812e-09,0.00052903992660549,1.48954646784698e-08,1.91215778696437e-05,2
"19999",0.0228166566079326,0.976220542815473,6.54249701079245e-06,2.08204718885004e-08,3.40040971811059e-05,1.31048828649122e-10,0.000200403091464462,3.30897937542412e-10,0.000721829608518929,2
"20002",0.469617058040508,0.000251289622263263,2.08541748105191e-06,6.75829014857859e-06,3.38326503881622e-07,0.0904646983848536,3.23768056733648e-05,3.07504143527496e-08,0.439625364362154,1
"20004",0.000844931086990589,0.0149996698034767,7.99931186526105e-07,0.0320717038877413,7.34443222098475e-06,0.000416829830521223,0.951592285909853,3.89827986493625e-06,6.25368381448374e-05,7
"20006",0.000296473285883137,0.000968549614668972,7.24339273307511e-05,0.0806403781074028,0.35306403665715,0.00474712327178758,0.558742600627106,0.000523245254217396,0.000945159254453617,7
"20008",2.26938035238417e-05,0.000819776675313957,5.78727925814743e-05,0.0694673577977476,0.876372440886601,0.0501218787208577,0.0023871971255782,0.000737989789737525,1.27924080591092e-05,5
"20010",8.75883103862725e-07,0.00302148886528908,0.000169059319865767,0.321937287702309,0.420313054266553,6.01668808064405e-05,0.213763242026149,0.0407348224992254,2.55669896302147e-09,5
"20012",0.810626352603303,0.17863773897326,4.46546074895571e-07,1.11759362845513e-06,0.00205577988720582,9.65455240269386e-08,7.47493048026513e-05,2.57733116047047e-09,0.00860371596886936,1
"20015",2.47782981989355e-09,4.25614540852564e-07,1.15698217130861e-10,0.989924888198775,0.000770214111726673,0.00335254973068716,0.00594654842213245,5.29199831445417e-06,7.93302949971321e-08,4
"20017",0.0106327140072896,0.985617224662572,8.7855786206641e-06,1.12847532014857e-07,5.58624863934343e-05,3.12250128449908e-10,0.00126799039233002,8.17067698454704e-10,0.00241730889594457,2
"20019",3.02369518430847e-10,2.84954099842071e-09,9.09436213903452e-09,0.96811305365071,0.000101788437888481,0.0149924150734257,0.00155225845248363,0.0152404721347756,4.44357505944762e-12,4
"20022",2.17309580616649e-07,0.000328746639336801,2.80963736429551e-06,0.22894465715466,0.00354355552521501,3.26750699095905e-05,0.765529266606374,0.00161806965617275,2.40138630273009e-09,7
"20024",3.19993675573265e-09,1.8188480297623e-07,0.000239867590507991,0.163032565267282,8.54231781018769e-05,0.0118443636932804,0.00458136247269895,0.820216226876068,5.83732154062916e-09,8
"20026",3.19993675573265e-09,1.8188480297623e-07,0.000239867590507991,0.163032565267282,8.54231781018769e-05,0.0118443636932804,0.00458136247269895,0.820216226876068,5.83732154062916e-09,8
"20028",0.0606326642093895,0.939146891396429,2.57386962366948e-05,3.0048018127811e-08,1.10950038054526e-05,7.48989439637985e-10,0.000119220484949224,2.43233941347578e-09,6.43569798429359e-05,2
"20030",4.7943623143895e-05,1.64160075654371e-05,4.50998015845834e-09,0.586877224128013,5.0318765154028e-06,0.150195433022682,0.262838231712778,1.77719130220449e-05,1.94320629960925e-06,4
"20033",0.187276875839713,0.787409395942301,6.45410716076997e-06,1.93042594565959e-05,0.000161211054544026,5.12811450213385e-08,0.025107210218939,2.00935539921523e-07,1.92963612009854e-05,2
"20035",2.68907224314457e-10,8.70533524056557e-09,1.09725649425867e-08,0.977429021811778,0.00012757768897997,0.00147798157134657,0.00138378337158219,0.0195816155985009,1.10050782336651e-11,4
"20037",6.09971771523485e-12,1.28441504106751e-08,6.64110003704681e-09,0.993309627028107,0.000368958083981122,0.00367846714923322,0.00186527588366379,0.000777651713817899,6.49847360375566e-10,4
"20039",2.63828069654491e-12,2.55569563152273e-09,0.00201852332402586,8.18561522145666e-05,1.22684249108757e-05,1.11089719694085e-06,4.42620760904854e-07,0.997885796019295,3.26176253322308e-12,8
"20041",1.50286197056856e-05,0.00270846451178025,0.000286163086231503,0.000678963112075389,0.974831763014884,6.80817971615395e-07,0.0212340584671351,0.000243353953667373,1.52441654903591e-06,5
"20044",0.00129027993808167,0.0176928209468449,0.00129591782553635,0.00649212535992275,0.817859755839766,7.71755032370222e-06,0.151956490566808,0.00339488936584912,1.00026068670767e-05,5
"20047",7.16111099156115e-09,1.31682244900568e-09,4.48636760715567e-08,0.640072320045316,4.68724166973939e-06,0.292462887082919,0.00332835203688796,0.0641317002482129,3.38469778022942e-12,4
"20050",5.37227766616819e-06,0.000865317051234118,0.00165753654519442,0.0309333483303151,0.360506525293649,2.41454289696357e-05,0.00220487411685991,0.603802880886213,6.98996114329917e-11,8
"20052",0.0286478985635369,0.78252707498333,0.000754331793514409,0.00071205733770846,0.0246857497119831,2.08438659904757e-06,0.162492898785012,0.000177744460465505,1.59977850270359e-07,2
"20054",1.11220076746054e-06,2.82023635964069e-05,1.35731272610885e-09,0.337794586811997,0.000113114886426124,0.00122643413832011,0.660828815103072,1.84435760524303e-06,5.88878090236522e-06,7
"20056",0.999021031127964,0.000916879989685549,1.82956788046058e-07,3.49228662366413e-06,9.78569755734097e-07,1.57377243286333e-05,4.14351105260543e-05,1.65229054849882e-07,9.70052732685732e-08,1
"20058",5.06813185156841e-11,6.23609219162531e-07,1.37189177351328e-07,0.978541955069231,9.90365874273019e-05,0.000610453447109818,0.0180176669494306,0.00273012601235601,1.08536741300792e-09,4
"20060",9.36155101091941e-05,0.996358638621899,2.3121038534831e-05,4.06172317328645e-05,0.00110306360595674,2.84445211998378e-09,0.00237315829230675,4.90218739649303e-07,7.29263626889156e-06,2
"20062",5.61734747573902e-05,0.693636029170111,1.57125238513882e-05,0.000791477728132988,0.28993157311506,8.66640727840069e-08,0.0155530170031933,1.96927036386831e-06,1.39610504569228e-05,2
"20064",3.35886280287181e-05,0.00250121613711982,1.97298808363374e-07,0.0817717004278091,0.000119582891046952,4.94910563061792e-05,0.91548731785121,3.68892179711323e-05,1.64916994956024e-08,7
"20066",2.57491679621634e-06,4.82047540666988e-07,1.07635372121856e-09,0.892329313371857,1.44089325658366e-06,0.0614593134337472,0.0461103207969326,9.6405509710682e-05,1.47953804813453e-07,4
"20068",2.26215207351528e-05,0.986961722557847,5.27841738770445e-05,1.63769860263653e-06,0.0109868055190856,3.05300173841471e-10,0.000900209726339806,1.44244678149199e-08,0.00107420407374512,2
"20070",1.26226351886478e-05,0.965445801642774,0.0129222153736788,2.99066516087053e-06,0.020671997633658,2.5838320079185e-09,0.000908177941623123,3.36888447478308e-06,3.28226396099764e-05,2
"20072",3.16006280117233e-09,3.58949827162793e-05,1.33178954502681e-07,0.897366003185726,0.00903068880960666,0.00251090222037486,0.0884733650857538,1.94154780764105e-05,0.00256359389872897,4
"20074",0.99984867719442,1.60879231637263e-05,1.28204720483686e-08,2.06107118163357e-10,5.65697845930038e-08,4.54862651736732e-07,4.42422553289923e-08,1.3981999580034e-11,0.000134666167163331,1
"20076",0.58889659295595,0.0176576303085814,8.8167568356445e-08,0.000173373289617345,0.000226540071685985,0.000336772144645902,0.079397829536593,3.95586927475686e-09,0.313311169569489,1
"20078",1.87783035633389e-05,0.00289611719274904,4.56819975473213e-05,0.0516840899433185,0.00126257742078855,0.000474085147265027,0.943090238874848,0.000528348457267002,8.26626536823997e-08,7
"20080",1.57803506470983e-09,5.01974855488931e-08,9.01676393560898e-09,0.983376668395564,6.86247766369708e-05,0.00159205871989642,0.00727114905644333,0.00769143825702986,2.14437412400557e-12,4
"20082",2.49356113028995e-09,1.64577698061221e-07,0.0012414398694958,0.00042228057591284,1.54129180078176e-06,4.35664246201947e-06,7.34394929429873e-05,0.99825677505583,2.96860796212587e-13,8
"20084",0.00952640546705966,0.000896711188879679,0.000107840662376005,0.0286282754626777,0.00014393092172537,0.0129187647577576,0.943063327717866,0.00471472562415097,1.81975069142914e-08,7
"20087",1.33923755142177e-07,0.00459868693424208,3.48804446446133e-05,0.392223165482695,0.079820203933169,0.00103248368055489,0.522033371629491,0.000243187233988749,1.38867374594443e-05,7
"20090",1.14646485956457e-08,6.95493949586292e-07,4.14840934092392e-07,0.86422614962946,0.0186736099733488,0.000568299111859185,0.00286341010670014,0.113667409374091,5.0078226112729e-12,4
"20092",2.49903183620379e-09,0.00156935545481295,0.942125904466389,0.000223169599691925,0.0437694328661132,7.48977162198723e-07,0.0066582591840798,0.00561264868487449,4.04782678442243e-05,3
"20096",0.00110599014733431,0.0412437319160721,0.913424338291307,3.40098365553296e-05,0.0182829162869647,4.08311176399727e-06,0.0208927935334038,0.0050116603599334,4.76516665289502e-07,3
"20098",0.170391693791395,0.825499388896243,1.42373409646122e-05,4.68756092134045e-06,0.000275470264416081,5.92210595453458e-09,0.0038122216009246,3.84100981922125e-07,1.91052204754535e-06,2
"20101",9.17543813380715e-05,1.46502881836201e-05,5.14926525425512e-07,0.7529210840946,0.00041605542469552,0.0377092248699928,0.195946897994811,0.0128998176857274,3.34126327678533e-10,4
"20104",1.34710645857427e-05,0.00524042180257461,0.988356648464768,1.60295556070269e-08,3.69969905512394e-05,1.57942486750948e-08,7.5436345977698e-05,5.16735494560952e-06,0.00627182615279303,3
"20106",2.25827088648332e-05,9.81208358049657e-05,1.04154456595931e-08,0.843504398468166,0.00448954808654112,0.000547994995499787,0.151016375274784,0.000320968091824915,1.12306893267292e-09,4
"20108",0.00734649477934721,0.985508887026361,7.43868349785944e-06,5.2157139374838e-06,1.68820030381046e-05,2.25604496734674e-08,0.00702921863920335,1.64617998445406e-08,8.58241323657141e-05,2
"20110",0.115560571137548,0.188383260850948,0.171209382280703,0.000230352289362484,0.49123459563464,1.10505047148157e-05,0.00759971822338613,0.0257710200534375,4.90252601999213e-08,5
"20112",6.92076695465362e-06,0.00235244187864583,1.85642248218677e-05,0.622029565250708,0.308214297984791,0.000234885675117408,0.0375348229271761,0.0296084979625146,3.32927022839327e-09,4
"20114",0.0104933393911532,0.00340469288282138,1.0657393490108e-05,0.00920107115818208,5.75102089538892e-06,0.000404822533287443,0.976309502892768,0.00017006719014751,9.55372550000767e-08,7
"20116",0.00496525173788798,0.000380003847304576,1.33279747253859e-08,0.0366033858137446,2.16673839001828e-05,0.00411881951920793,0.953903383208712,2.17645448205477e-06,5.29870678591248e-06,7
"20118",0.0238074405306876,0.194280146600592,3.72635694719364e-05,0.000752643266652575,0.000201752989227925,1.71873736446777e-06,0.780898412893134,2.02664775660218e-05,3.54935303750391e-07,7
"20120",0.000445895726443956,0.00124570215665527,1.71334383207677e-05,0.555865225613545,0.00474110022844189,0.000256893112213491,0.272141011151473,0.165287038397618,1.75288501661138e-10,4
"20122",0.999444707870554,0.000514909316091331,2.5106856555258e-08,1.63908165758349e-08,1.83450441224954e-07,9.37584799943442e-08,3.61328733219552e-05,2.81921478257567e-10,3.93095151712596e-06,1
"20124",3.12197697749115e-10,5.93244743136358e-07,3.58878872615889e-06,0.834239921366338,0.000931323707981734,0.0110960522007932,0.146837471019185,0.00689102688933208,2.24707028722383e-08,4
"20126",3.74595301678175e-08,7.7304849483352e-08,0.048197314936827,0.000757050520311779,3.50805172478055e-05,0.00112385947078444,0.00207176602905268,0.947814800668416,1.30929805034698e-08,8
"20128",2.05841246333035e-11,7.03131721040659e-11,1.42546069585591e-05,0.0311343378016153,1.21966147520945e-05,0.0516310060927683,6.49475036627096e-05,0.917143257279548,9.7975636611405e-12,8
"20141",0.0164722488296874,0.182054816023009,0.799104785470904,1.09249619582486e-07,2.82457240621822e-05,3.31880348222014e-09,0.00225621625117097,7.12519315943476e-05,1.23232011488869e-05,3
"20143",0.999990244920517,7.88140298247134e-06,5.16830625925795e-09,2.27980545948607e-10,5.41576346895516e-09,9.75559073276204e-08,5.03654439845607e-08,3.67965451363331e-11,1.71490630261423e-06,1
"20145",1.57968012998292e-06,0.00127708185873905,5.13643283719154e-06,0.565232433642215,0.00525735388578882,2.41353239851488e-05,0.415289831473187,0.0129124475256267,1.77491759882408e-10,4
"20147",8.86351976738533e-07,0.000113197004525299,1.17217867240968e-07,0.229123456300998,0.000274798442591584,0.000110182900888044,0.770187033428657,0.000190326465510385,1.88698630547594e-09,7
"20149",0.999489362931574,0.000505267950182449,1.88636780536805e-07,1.26701114446745e-09,2.79827386261013e-07,1.72621945853156e-08,2.94215156717889e-06,2.53041306916399e-10,1.93972026291328e-06,1
"20151",0.0448619357011225,0.952888891869692,4.5455319745666e-06,7.39758260234323e-06,0.000374810673975873,9.31146622008929e-09,0.00186092345242466,1.29126372592452e-07,1.35675036973407e-06,2
"20153",0.657028488377448,0.332105865224432,0.00402672463022084,5.85291030591953e-05,0.00295784446719805,8.36451629802995e-07,0.00233675251205072,0.00148494996123228,9.27272894321282e-09,1
"20155",9.0370448179784e-08,1.07415261918621e-05,5.52029403570672e-08,0.755318827616476,0.0374251630768176,0.000337986175508821,0.206340360162496,0.000566766965318979,8.90380193531309e-09,4
"20157",0.441735035232342,0.55758924239237,1.42805895261344e-05,2.91185062965727e-06,3.55710531468782e-05,2.1086763139572e-08,0.000621413296343344,3.86161316496457e-07,1.13833756191339e-06,2
"20160",0.999986592973995,1.2962219522887e-05,8.26468712271015e-09,5.71426366035601e-10,8.15724729391139e-09,9.05833830439338e-08,1.2862211422345e-07,1.42366510430575e-10,2.08465257885599e-07,1
"20162",0.997353699642637,0.00264234783776387,8.63698893522449e-08,6.58823836856477e-10,1.42784199233348e-07,1.37893222533004e-09,1.12072129172967e-06,7.68902362627779e-11,2.60052957245335e-06,1
"20164",0.962441685296714,0.0367122037580342,1.75945195180476e-05,1.67468297041057e-06,0.000709919673540936,5.84007299853448e-07,0.00011500049689045,5.23374253687953e-07,8.14190778546715e-07,1
"20166",0.00025992958489767,5.78632818315261e-06,1.91940628611252e-09,0.329564015067028,2.64786104146933e-05,0.641443674244107,0.0286563578599572,4.40967206339299e-06,3.93467139426667e-05,6
"20168",0.000260107722181288,2.03657820529586e-06,2.88102904647055e-08,0.000116627385975961,4.57678402297532e-06,0.412963296364853,0.000180983064338885,1.15046945920629e-08,0.586472331785437,9
"20170",0.294973354838994,0.693579038767414,0.000194986984724207,1.97428782868628e-06,0.000145157473975815,8.9179691734987e-09,0.0111035111749338,1.23811639302246e-06,7.29437767276372e-07,2
"20172",3.42154851122176e-09,0.000192356561720691,1.91770307591461e-06,0.44505986462509,0.00105036234515722,6.49283346616663e-06,0.552007215755382,0.00168178330438836,3.45017126818725e-09,7
"20174",0.148074172673254,0.64494843744613,2.25515542726704e-06,3.05815170636247e-08,1.86767623965581e-05,2.58522612676584e-09,0.000154054775713599,7.14165012809466e-11,0.206802369948919,2
"20176",1.16422789691262e-06,1.41311006952845e-05,1.63283109660765e-08,6.62357848549526e-06,6.72613766268906e-06,0.000181119222527002,2.43616422869802e-05,2.76736748528407e-10,0.999765857485398,9
"20178",0.999993542190644,6.10762729151884e-06,9.80283596502976e-09,7.38877188093926e-10,9.94492220784399e-09,1.50220535589329e-07,9.47477912032916e-08,3.91391901891231e-10,8.43357099749126e-08,1
"20181",0.00341564298304298,2.13450741865183e-05,2.99380375761547e-09,0.514489131778208,9.62945447901501e-06,0.181094165383117,0.300932092806683,3.76300006354953e-05,3.59525844555614e-07,4
"20183",3.41057499166886e-06,0.914154420055791,0.00344158508427089,0.000284279052446532,0.00580126618376438,3.91279551291837e-09,0.0762502008520499,6.25536675146991e-05,2.28061637482158e-06,2
"20186",6.04722781292458e-08,0.70776772977487,0.0325334794830319,0.0058181722704116,0.151962745872063,3.81499295486296e-07,0.0972832052227795,0.000257865549560485,0.00437635985570978,2
"20188",0.999870048058228,0.00012953569550732,3.47389967131989e-08,8.0463446920544e-10,5.37293030964566e-08,2.37808878164558e-08,1.58263421415194e-07,2.94050770586276e-10,1.44634970539109e-07,1
"20190",3.07844028881338e-08,1.38251610902844e-06,5.32644838724734e-10,0.979610353062916,5.07041045826185e-05,0.000807321345213328,0.0194728604869458,5.73450106528872e-05,2.1565322391051e-09,4
"20193",0.684372233464343,4.82239562211254e-05,3.96258548959527e-08,7.05921823954455e-05,0.000113888727704535,0.307526382441434,2.90915742377342e-05,4.59258895397952e-08,0.00783950210191909,1
"20195",0.828494533635834,0.166093179877759,4.42906875776416e-06,5.89358019487793e-05,0.00349470935703331,2.19885173328738e-06,0.0018492680912473,1.82232176469469e-06,9.22993922074905e-07,1
"20197",1.13784523190576e-08,0.000154305409204979,6.97057963223998e-07,0.655936576646087,0.0175750151707754,6.58778877271224e-05,0.325446422359649,0.000821081644877068,1.24452643537411e-08,4
"20199",0.946205391877191,0.053678810600839,3.13784992410431e-05,2.01453544038862e-08,3.45866958812083e-05,2.98538995664458e-09,4.94042556914742e-05,5.17881228190956e-08,3.53152288831886e-07,1
"20205",6.53385397303812e-10,1.43821503988546e-06,0.0515714079388743,4.20454900631891e-05,0.000609843045184781,9.84894084841985e-08,1.07102455313357e-05,0.947764455914646,7.86625166180267e-12,8
"20208",0.0083374347222231,0.978009336987289,6.62415909379511e-06,7.05664362947368e-05,0.00222498958778792,3.81766404867034e-08,0.011333697328378,5.2419885764745e-07,1.67884034352795e-05,2
"20210",0.98989466898051,0.0100983494464755,2.81356881779258e-07,3.76917383019105e-09,8.20697484569423e-07,1.35398068329373e-09,4.84698558283125e-06,6.47486289479792e-10,1.02676242472405e-06,1
"20212",0.874339870821829,0.125138908413841,2.64218698951062e-06,2.43467089758049e-06,0.000198576786799107,1.27230335104716e-07,0.000315490341375437,1.69520923682742e-07,1.78002700921876e-06,1
"20216",1.28369951326714e-05,0.000213281208543377,3.66024312326162e-08,0.305736204725561,6.07562223428502e-05,0.000136943219365349,0.693745813351497,9.40844738903808e-05,4.32012356147488e-08,7
"20219",1.94218533412945e-05,0.000971960316892576,0.0116401791167962,0.064277167148358,0.0110337677146733,0.000878085483201032,0.14218597646606,0.768993441592073,3.08604757117235e-10,8
"20223",2.49111855524006e-11,7.05138899289288e-08,8.03625955813699e-08,0.788265603738485,0.00176553139060437,0.208620565912336,0.00104528401301628,9.97300773076648e-05,0.000203133966853391,4
"20226",5.98057990403111e-05,0.0172275651216772,1.43657814260743e-05,0.000664648924027149,0.980866916779177,2.1066534522548e-07,0.00109596737369873,7.0491455408094e-05,2.81002001062056e-08,5
"20230",2.227077790892e-09,3.50025283925174e-07,2.55132002989556e-09,0.989881625834673,1.8494212687247e-05,0.00188257804661062,0.00793811479940325,0.000278831170343263,1.13260072157391e-09,4
"20233",1.13908055743718e-07,1.13703216075596e-05,0.999723865434538,5.46542245471667e-10,2.44267192414568e-06,4.78985309010863e-10,2.75801631021552e-08,0.000262177617717121,1.44046666280116e-09,3
"20235",7.24651376397759e-10,1.14019302966403e-05,0.000518844452081848,0.71590108762661,0.14942686803843,0.0188617534043127,0.0772701594810253,0.0379645038920165,4.53804505759369e-05,4
"20239",2.94186981007672e-07,0.00102896137473409,4.71488753300449e-05,0.258836040729942,0.279299646656202,0.0135828206535798,0.445709355790818,0.000137367049932315,0.00135836468248033,7
"20254",9.98556394004176e-11,1.26671760615351e-08,0.0002344369335123,0.000604172650996977,4.99388095987873e-06,1.78154263091994e-06,2.16752121727966e-05,0.999132927012666,2.99511577250599e-14,8
"20256",4.90484036927818e-10,2.19195637047166e-06,4.29116196931772e-07,0.526483617550278,0.000205134356017596,0.00080782568298991,0.471973173868143,0.00052756820603279,5.87734869813641e-08,4
"20262",0.627914229178323,0.370319331999533,6.15509999183635e-06,1.00992097275523e-06,3.69408208175437e-05,7.27618798523486e-09,0.00172137824758989,8.69644496183569e-08,8.60492133902181e-07,1
"20270",0.00242549415392394,0.00954595855319543,2.18515583854008e-07,0.633644387630007,0.000411408904748663,0.263083128122559,0.0894097930918882,1.54635708800712e-05,0.00146414745721419,4
"20284",8.36197351529251e-06,0.452463363159072,0.386425230205569,0.00248320497285283,0.0615855400773465,2.91352629945055e-07,0.0112345355262576,0.0857993774713458,9.52614108926091e-08,2
"20287",2.36593194161692e-11,3.80616629936565e-09,8.19850148742017e-10,0.970911535312824,0.000489187200867822,0.0277365610811411,0.000603989158643504,0.000258719710037385,2.88681013023732e-09,4
"20290",7.06359544727576e-06,0.000580611431192012,0.0243583288546991,0.000516416691052372,0.00265368307568447,2.02200427065627e-07,0.000228306247651515,0.971655387880968,2.28784065823674e-11,8
"20293",2.60555704969408e-07,0.000951371886679286,9.56868588883023e-06,0.0139078880820619,5.05242551576325e-05,1.79752533011762e-06,0.984922690622931,0.000155873431546274,2.49547002412701e-08,7
"20296",0.682710786868418,0.230264285879137,9.6312608911648e-08,0.000203566940314403,0.000388152560768123,6.23797812296332e-05,0.0693487759562165,3.09144467416467e-09,0.0170219526098623,1
"20301",1.96778961127441e-07,1.03275713072566e-09,2.61269838598012e-10,0.125550644474596,4.07954383144264e-05,0.874051767592485,4.94975331843251e-05,0.000307096727386221,1.61044763242826e-10,6
"20304",7.00427711511768e-09,6.1225769171762e-07,0.00603737075024611,0.000423395867005637,1.18005932883529e-06,1.88632546670817e-06,0.000966750510195821,0.992568797223601,2.18675290380338e-12,8
"20306",5.39180919906409e-11,5.21663172948288e-07,4.58876574643528e-07,0.981739441303096,8.73224828372338e-05,0.00231403911581283,0.0112162121206855,0.00464200299190204,1.39200095478134e-09,4
"20309",4.70653570740585e-05,0.0987629563195663,5.66791168723319e-05,0.143685258216305,0.148669876828732,2.53896945048879e-06,0.604791597300766,0.00398369356456904,3.34326664219837e-07,7
"20311",0.000133716824328669,0.000724257702922413,1.020599884529e-05,0.184439318727488,0.000504715778154763,0.0153753297509439,0.798229125123204,0.000583055557938667,2.74536174509675e-07,7
"20314",0.0147705489181729,0.957975662763795,2.94199665232828e-05,8.1546355971735e-05,0.000642333258096047,2.33482600009806e-08,0.0264954717366665,4.83217404650505e-06,1.6147846832638e-07,2
"20318",0.99990236904622,3.97186547344828e-05,9.04925325944541e-09,2.5301220670599e-07,2.48584179072023e-08,5.30148623524699e-05,2.50302496847279e-06,2.96747718605986e-09,2.10452436942916e-06,1
"20320",0.000865806030072459,0.378366493198217,0.00330766014485751,0.000103608412652403,0.6163347518204,1.05807329203712e-07,0.000903265447202166,0.000112575241696371,5.73389757318443e-06,5
"20326",0.0381861332136544,0.919319858563058,0.00011526800885918,8.98319514617546e-05,0.000285998753059921,1.19886949610121e-07,0.041991147210929,1.1234065552568e-05,4.08346475394076e-07,2
"20328",4.07940961544726e-06,0.78723886860914,0.00637870449980514,0.000123422974349544,0.203083743781562,3.33865372702466e-09,0.00307514024651453,9.29314410317937e-05,3.10569932791422e-06,2
"20330",1.28845342973135e-07,3.02313385450001e-05,2.70768281216985e-05,0.0667156358959218,0.916724171788054,0.00110356847891252,0.0124616539208179,0.00293743161210135,1.01292182910384e-07,5
"20336",1.82938997672721e-07,0.00898162447426395,0.371687576947969,0.00240861725519636,0.00206012568700853,1.12523681842255e-07,0.0429102598754574,0.571951498644137,1.65328837608057e-09,8
"20338",4.52588498793582e-05,0.000157853977886234,0.0777800390911743,0.00113531073665796,0.00268089429885884,3.89364077778984e-05,0.0298958275468343,0.88826587875993,3.31000928813486e-10,8
"20340",2.42005399589493e-09,1.04688736082963e-07,4.00388292588715e-08,0.950051285546847,6.68512511987468e-05,0.0178959570269694,0.0293708132206936,0.00261494151506644,4.29160559689125e-09,4
"20342",8.62350959160434e-05,1.70877149471589e-05,0.891153249945691,3.64568124754115e-05,0.0166137900078367,0.0303963897341056,5.69867103062351e-06,0.061686165245514,4.92677248378953e-06,3
"20344",5.09633580579271e-08,0.000265466667297706,1.31294839717695e-06,0.829141647970615,0.000156161190152934,0.000373925078400688,0.168840413369364,0.0012209735325664,4.82798475560492e-08,4
"20349",2.41946317376881e-10,1.60084176652787e-06,8.62623271070865e-08,0.925364959109538,1.81508509606499e-05,0.00198818205403444,0.0722907555089276,0.000336247115951013,1.80145483758629e-08,4
"20351",3.15262978857723e-05,0.00126009436574606,3.43264517898002e-05,0.0170467261797575,0.000770667569134844,3.64247086187122e-06,0.978646374584245,0.00220661002372726,3.20568514851051e-08,7
"20353",4.23148594507212e-09,1.52546069406514e-05,2.19259419145273e-05,0.290888007963816,0.632753426073052,5.4512896789315e-05,0.00992639152691372,0.0663404757623824,9.96705808314527e-10,5
"20357",1.78912693431765e-11,3.81612921833729e-07,0.00815874587111314,0.00051932896028864,0.00115653280631533,3.93070788369385e-07,1.21055515277406e-05,0.990152512103451,5.7027528495328e-12,8
"20360",1.54947647708765e-07,8.9794690807866e-06,0.0762590400734438,0.00107942896612161,0.850590635612202,0.00576390498063674,0.00023840031025079,0.0660080345155862,5.14211250305235e-05,5
