"","V1","V2","V3","V4","V5","V6","best$classification"
"19812",0.92628804504077,0.0109835362075081,7.38514618687175e-18,2.3076157344226e-14,0.0537285540732743,0.00899986467842485,1
"19814",0.234632290341006,0.00938705219999252,0.00042196159038318,0.0020063832137528,0.753037491951527,0.000514820703337741,5
"19816",0.944143518005945,0.0558404666246651,1.02116220642201e-52,9.35516025258225e-09,1.82444738496736e-12,1.60060124049065e-05,1
"19818",0.928835356007752,0.0481661456529023,1.33058352354994e-21,7.00648297603926e-07,0.0222645516803615,0.000733246010686687,1
"19820",0.971694977801843,0.0279862082319021,6.7964243076615e-169,4.33638643502602e-18,2.68445485619864e-46,0.000318813966254812,1
"19822",0.010177521474784,0.787839849546292,4.98512525437443e-194,2.55439037809629e-67,3.16434352267648e-40,0.201982628978924,2
"19824",0.0100980131252702,0.98921302980143,1.66955050416585e-117,9.30564344811672e-30,1.48368975841137e-23,0.000688957073299319,2
"19826",0.263286778317948,0.70970435928847,6.77333803482942e-23,9.63700736700006e-18,0.0266965333839605,0.000312329009621024,2
"19828",0.992471115245714,0.00671391160383728,6.98386283730619e-96,8.75079494589963e-17,2.50129825880642e-22,0.000814973150448783,1
"19830",0.0291468351651645,0.146992753060257,2.20298655802914e-35,5.64168157994751e-29,0.727937322582288,0.0959230891922899,5
"19832",0.428321574612166,0.00021424931485537,2.90976725310435e-66,1.95977538705307e-45,1.25203164485685e-09,0.571464174820947,6
"19834",0.939317962729575,0.0584633919243116,1.61019148310276e-64,6.32941697484806e-35,8.15075128577459e-10,0.002218644531038,1
"19836",0.627067743594044,0.368240794436143,7.01784831577093e-41,1.7816773891058e-15,0.000139855688266873,0.00455160628154441,1
"19838",0.0158348968996061,0.000530940138054361,0.0767085475194293,1.08890207735984e-10,0.903567640511219,0.00335797482280146,5
"19840",0.797090296732281,0.202878400899287,4.27266606941596e-54,1.10100062027928e-21,4.66458090733004e-09,3.12977038509507e-05,1
"19842",8.09090027034759e-11,0.0932543006092209,0.000592849259430435,0.000170581745799877,0.905786445069273,0.000195823235367384,5
"19844",1.14953982056741e-17,0.999835186673322,6.17426928335937e-50,2.75940396336809e-06,2.61962548630902e-11,0.000162053896518393,2
"19846",1.78324745493009e-07,0.0063510868456918,0.107499803803603,0.752046177479396,0.134073192077323,2.95614692409167e-05,4
"19848",3.56017365790347e-06,0.000624172576479675,0.906037148241783,0.00745376199986611,0.0858713766444788,9.98036373461408e-06,3
"19850",0.000234999079514219,0.0476273663026307,1.46978664884074e-10,4.32890693937878e-12,0.951912920228098,0.000224714238449245,5
"19852",0.957311366416515,0.0424315865536887,2.45924187421933e-45,2.48753083047698e-14,1.39017703789077e-06,0.000255656852733284,1
"19854",2.27389579599601e-07,8.96475342468635e-07,0.999388502359637,3.40747983007035e-05,0.000576218056754005,8.0920386329486e-08,3
"19856",2.31925257099395e-09,0.999558177105303,2.52335123222434e-53,3.23710333169278e-21,8.88364701395368e-07,0.000440932210743304,2
"19858",5.23948445191617e-07,0.999185368232962,9.77189002055275e-85,4.17482131110072e-28,7.54482291761806e-14,0.000814107818517096,2
"19860",0.953224077074996,0.0465698424946153,1.32062546695539e-32,2.26672697135826e-17,3.9005457982571e-05,0.00016707497240656,1
"19862",3.91613634566049e-09,6.89712659883623e-05,0.972188378692062,0.024962734252395,0.00277894978988381,9.62083534691424e-07,3
"19864",1.46571925685079e-19,0.998111754225424,5.40872504106816e-79,6.4021560650779e-09,8.32412723018856e-14,0.00188823937233674,2
"19866",0.0388620432135318,0.961080452261071,4.09339820213079e-103,1.263969868969e-32,2.84910948522619e-17,5.75045253971267e-05,2
"19868",1.83663488611863e-12,6.99623392374075e-08,2.68336905306525e-91,3.59412392450065e-63,3.17931546460679e-15,0.999999930035821,6
"19870",0.0169959338215075,0.0252047428902421,1.47063569208759e-13,2.69358209155503e-07,0.956690146670876,0.00110890725901786,5
"19873",0.63721453909739,0.352813223672198,9.87089234370676e-37,1.63177103972163e-23,0.00931602591753721,0.000656211312875618,1
"19875",0.973095462895759,0.0261480402297044,1.4170226655602e-73,1.96504090803993e-20,5.50842738320947e-18,0.000756496874536874,1
"19877",0.540861143697533,0.0907710267707537,8.92350055849338e-27,1.13934682445067e-12,0.367408284192874,0.000959545337699799,1
"19879",0.872847431937384,0.124627374671549,9.89109643471332e-65,1.02618843377754e-29,8.65479259380653e-06,0.00251653859847241,1
"19881",0.0158304583041835,0.979357582139769,6.55781869293639e-44,2.21318222952328e-25,0.00418091465274287,0.000631044903304739,2
"19883",0.00135243227545024,0.460354806237456,6.06809528342879e-14,6.25815674455111e-09,0.538103036419289,0.00018971880958745,5
"19899",0.732161950584134,0.26326046726118,6.25986601090652e-69,1.16150032390869e-30,1.93769506634526e-06,0.00457564445962029,1
"19908",4.2053186062452e-13,0.997248484767296,1.68742843745669e-129,8.5341431599325e-52,2.35800839913186e-17,0.00275151523228321,2
"19910",0.95072368757056,0.0489456811454374,1.73921099392922e-37,8.38100348634403e-11,8.49782373724298e-05,0.000245652962820029,1
"19912",1.33380247778984e-09,0.141489415881781,5.01912643327271e-07,1.55260018111147e-09,0.858336863442647,0.000173215876525985,5
"19914",0.836115515857394,0.160912472512711,4.1176216974697e-75,2.17019778023388e-43,1.59985279949114e-06,0.00297041177709545,1
"19916",1.86716910072979e-09,0.999891163319761,2.38562592790876e-152,5.58637992765126e-49,1.47648559668686e-28,0.000108834813070025,2
"19918",0.000497767765893214,0.0927504314964523,1.36622618160214e-09,0.000183480832895321,0.90653392783961,3.43906989234602e-05,5
"19920",1.37841564362553e-06,0.0305623417591661,0.00477048030116603,0.359296100480656,0.605358387197155,1.13118462137541e-05,5
"19922",0.0216419590495673,2.02570104887528e-08,6.6218893196623e-37,3.86388742092542e-31,1.03829812688928e-07,0.97835791686361,6
"19924",0.525914738178755,0.431674348419912,6.17433047444912e-31,2.61830543537639e-14,0.0418122917314218,0.000598621669885362,1
"19926",0.664371422541681,0.28749758250911,5.25834189368535e-85,5.47670022700543e-51,3.25078097941203e-09,0.0481309916984277,1
"19928",1.92704847898582e-30,0.994437191963801,3.7298270269081e-39,0.000322584881767389,2.29206133204384e-09,0.00524022086237072,2
"19930",0.100835787570324,0.00225769982572571,0.000327917264190559,6.12722849939476e-06,0.895928978624934,0.000643489486325463,5
"19932",1.51132683844964e-05,2.1320511900665e-06,0.99813550178471,6.27330671080576e-07,0.00184535849978072,1.26706526363303e-06,3
"19934",0.950560002528943,0.0479852171145979,1.50539354981998e-68,3.39308427976744e-26,1.90576647922932e-13,0.00145478035626865,1
"19936",0.825376459669421,0.0511309885307932,2.82120242671273e-24,6.88998444367209e-27,0.115765696399855,0.00772685539993077,1
"19938",0.056794212540413,0.940382884385587,7.24339910666614e-163,4.02544026990116e-71,8.62863434677445e-28,0.00282290307399984,2
"19940",0.521836833608748,0.4677621809619,7.52179081386892e-30,1.02065680037745e-09,0.00977703684546102,0.000623947563234452,1
"19942",5.46245990875233e-21,0.999881314631941,9.31227879770214e-38,4.39348264247464e-08,2.79599974547516e-08,0.000118613473235065,2
"19944",0.864398776898499,0.135459819404871,4.87080551395123e-60,4.02219863683412e-26,3.2536717567384e-08,0.000141371159912184,1
"19946",0.701617600617077,0.297535113873948,1.0418764024778e-46,7.27962677509931e-23,0.000484094227965796,0.000363191281008979,1
"19948",2.04133979471135e-19,0.0817072930579725,1.82781544615252e-25,0.918272596481475,7.74101306305439e-07,1.93363592457273e-05,4
"19950",9.62836320264715e-14,2.5415062521855e-05,3.18675418095874e-06,0.999693578251024,0.000277670460604449,1.49471572338945e-07,4
"19952",2.04133979471135e-19,0.0817072930579725,1.82781544615252e-25,0.918272596481475,7.74101306305439e-07,1.93363592457273e-05,4
"19954",0.00438832758896201,0.00035312507563181,0.805194568570919,0.00230832432007397,0.187706637049163,4.90173952501607e-05,3
"19956",1.06584109640006e-13,0.754179177156113,1.29430633331193e-23,1.71597480047758e-25,0.237843478925563,0.00797734391821791,2
"19958",5.62263826900959e-09,3.14163532144605e-10,1.04924554048798e-66,1.09900961499669e-57,1.78666997312447e-12,0.999999994061411,6
"19962",0.00746525815401295,0.988230945613718,4.19903377588741e-70,9.54292734520104e-36,7.06448455095807e-08,0.00430372558742389,2
"19964",0.093728621657511,0.902666029510248,4.42083279142057e-43,1.77041502913626e-22,0.00111386093838594,0.00249148789385532,2
"19966",0.0136159058518385,0.985993023144607,2.69433093491655e-137,8.04990757159083e-41,1.44114524333765e-28,0.000391071003554258,2
"19969",0.00405122957162048,0.0631476403302067,4.2458714575113e-14,2.30984873752833e-17,0.932601033062451,0.000200097035679748,5
"19972",1.85531619517483e-05,0.713534948874251,1.77790238988355e-30,2.43705291534693e-07,0.284895602324532,0.00155065193397341,2
"19974",4.76677236103309e-17,0.000140018869352362,1.01313775874635e-07,0.999728798844103,0.000130978171398929,1.02801370168458e-07,4
"19976",0.407357760750218,0.504357703147766,1.11295835578476e-34,5.96612277428776e-12,0.0876550527457149,0.000629483350335052,2
"19978",0.893190812397992,0.10677817414007,1.00385829503324e-38,1.7301934980388e-08,3.36029085703409e-07,3.0660130916824e-05,1
"19980",5.18328024616542e-08,9.47426813856343e-06,0.995314886482139,0.00323273732027952,0.00144249512509796,3.54971542265053e-07,3
"19982",0.000339244680001958,0.947567366928135,1.3643514514787e-30,1.50409579055982e-18,0.0421396762352965,0.00995371215656664,2
"19984",5.04658296089959e-11,0.999756678050514,1.29482945582252e-29,2.438434916566e-06,6.28761021407608e-05,0.000178007361962387,2
"19986",0.900835925671969,0.0984876027096818,1.94870114100248e-170,3.36677764193213e-37,5.32047210241477e-38,0.000676471618349677,1
"19988",0.962615527334176,0.0357066474125611,5.15712218553846e-187,5.33120648621594e-25,2.5738918406851e-48,0.00167782525326252,1
"19992",0.908324839247397,0.0912291751632699,6.47657031856106e-146,2.47455228008582e-25,1.8790731585422e-37,0.000445985589333135,1
"19994",0.132576960673453,0.00119237774397573,0.00157146345750222,5.36687652299934e-05,0.86325989873503,0.00134563062481002,5
"19996",0.979258634671632,0.0206168806545308,1.29539680406933e-129,7.09405031082548e-14,4.66088514616669e-34,0.000124484673766589,1
"19998",2.58586363544768e-08,0.999917628254541,1.42988695361182e-77,6.50733581850703e-43,4.37865093472547e-09,8.23415081717497e-05,2
"20000",6.66336121949e-06,0.0170764380752309,9.29024764796729e-34,2.79162461293749e-40,0.173367407572022,0.809549490991528,6
"20003",0.502661082707084,0.0112366421752504,2.1051814209017e-12,2.50963243119229e-11,0.478593617757214,0.00750865733325012,1
"20005",8.47869379477711e-08,0.0003720123727418,0.13997729379239,0.838700716056885,0.0209477378202679,2.15517077784976e-06,4
"20007",0.924255352429171,0.0748028942907872,1.97687192265025e-69,7.30905281901975e-27,9.54958011413292e-08,0.000941657784240401,1
"20009",0.000567052826805732,0.99811277042168,1.4912256751316e-162,4.46098589254798e-57,4.18583790374499e-29,0.00132017675151458,2
"20011",0.00771838294252263,0.750440033403421,9.34055962829583e-36,6.61866114848837e-13,0.240426541880327,0.00141504177306736,2
"20013",0.00768962560205804,0.0300839626933746,2.38746574667588e-09,2.17558532059127e-07,0.962114791093681,0.000111400664888146,5
"20016",0.0814621370493216,0.903236594022187,2.5554263200872e-181,7.96997314901373e-53,1.25908216936476e-34,0.015301268928491,2
"20018",5.21305161775686e-08,4.2787873917875e-07,4.74904436510358e-222,1.0211856131449e-58,1.16341313361505e-56,0.999999519990745,6
"20021",0.985036242603909,0.0121468232133182,3.00446317963631e-65,1.2248408266422e-17,8.07063477894049e-15,0.00281693418276453,1
"20023",0.862632271253708,0.136571823056724,2.64696998436365e-87,1.97865818433464e-44,3.05044488835058e-12,0.000795905686517582,1
"20025",0.0153613064791964,0.000520245139350161,2.85247673475258e-190,5.28315246685794e-76,7.87597943382396e-39,0.984118448381453,6
"20027",1.34136949918279e-05,0.0363024049094312,2.34133307942373e-07,8.76775435410102e-06,0.963478941972395,0.000196237535520389,5
"20029",4.0192877651417e-06,0.0319215468348056,0.000373323485576663,1.56835042099743e-05,0.967675089852057,1.03370355857137e-05,5
"20032",0.00176330209904391,0.00264839475616449,0.0127793223503928,3.96543053810595e-06,0.982164848906656,0.000640166457204557,5
"20034",1.83193361559199e-14,0.116320654445334,9.1394132168828e-22,0.883535532811093,4.3597862905237e-05,0.000100214880650152,4
"20036",7.16144965815734e-06,0.999652485991449,1.93295892677271e-42,6.45475459272031e-32,2.48324072234162e-05,0.000315520151669551,2
"20038",0.988760055147315,0.00740822069528129,7.31265237257745e-103,1.28912459489224e-28,2.21874639933104e-23,0.00383172415740337,1
"20040",2.9852833084952e-05,0.795266785642147,1.65856965727894e-216,5.02827917201565e-57,2.39604695153002e-43,0.204703361524768,2
"20043",0.979544490851746,0.0189768263719263,2.76296110339799e-78,8.24710357923722e-16,6.53898347676657e-20,0.00147868277632694,1
"20045",0.929641872068925,0.0329191859502335,3.05763219512118e-185,2.80103742040225e-26,1.41335223277797e-48,0.0374389419808418,1
"20048",7.81460221066972e-20,1.44073924089856e-05,3.68470837155374e-19,0.999985410063365,1.40996453366195e-07,4.15477728476432e-08,4
"20051",0.922144354790051,0.0602368533616394,7.87035126697841e-45,3.88998313868674e-25,2.89257411321501e-07,0.0176185025908987,1
"20053",0.554105722563721,0.44575411936135,6.60645976885188e-105,2.36548394096005e-37,2.59687229091393e-15,0.000140158074926322,1
"20055",0.96088316847191,0.0028175992938014,2.47692375490281e-71,2.33728731051824e-31,9.84533972717551e-13,0.0362992322333039,1
"20057",1.29270759689145e-23,1.80554308874902e-11,4.08559405360075e-71,8.69636863320416e-56,8.46812740723399e-15,0.999999999981936,6
"20059",0.420503454992576,0.564916287220207,4.04501348759825e-118,1.35094475440406e-59,1.23962325914884e-16,0.0145802577872171,2
"20061",0.821103308718179,0.178296274138704,1.80691938443523e-88,1.79086103980171e-39,4.27897894137604e-11,0.000600417100327165,1
"20063",6.47338500977882e-21,0.999040047232593,1.98240761500819e-111,3.08977965829686e-18,2.2943932717736e-29,0.000959952767407179,2
"20065",0.134633216674899,9.07040265506012e-07,1.38124874154035e-144,5.30450970450161e-46,1.4239903683425e-36,0.865365876284836,6
"20067",0.869672071276273,0.115406426922554,6.45463510093981e-107,1.14904700692974e-20,1.18087550030858e-24,0.0149215018011732,1
"20069",6.73812681580912e-07,0.000181591483402234,0.952927047801398,0.0212323275235359,0.0256529841664412,5.37521254107583e-06,3
"20071",0.000143729576706065,0.999488147780507,1.23572997061432e-88,9.0448001124117e-42,1.34612985641251e-08,0.000368109181488114,2
"20073",4.37845894586271e-05,0.952824817854647,4.27918996689079e-23,1.15146281250216e-08,0.0466820924905066,0.000449293550759392,2
"20075",1.86608973869689e-08,3.06120273445376e-10,9.42749855177676e-75,3.00253186721233e-66,2.61356694312154e-13,0.999999981032721,6
"20077",0.780268595672983,0.21970526572835,6.71191017662677e-72,1.93613670032575e-21,5.88137341140809e-14,2.61385986084589e-05,1
"20079",0.000152581240631474,0.99770257667693,6.63522850732594e-70,1.4119536746329e-23,9.13074399728072e-13,0.00214484208152553,2
"20081",0.900606911870212,0.00141046874845972,1.41422595790389e-86,5.44746968041332e-26,1.12783510337949e-16,0.0979826193813283,1
"20083",6.9638683476061e-14,0.999495704847894,9.65995233185222e-75,1.53561313192141e-37,1.15080810591509e-11,0.000504295140528498,2
"20085",0.990283316993588,0.00611757827317157,1.35598178976814e-175,3.07924116792227e-27,2.01301261492737e-47,0.00359910473324032,1
"20088",0.980910967828965,0.0177478630478337,1.03622712236781e-100,1.85720807403082e-22,1.67912970888521e-24,0.00134116912320115,1
"20091",0.00203752180103638,1.2809637902068e-07,2.81427951202445e-113,5.78563445551167e-55,1.40738719235561e-18,0.997962350102585,6
"20095",1.12346917232932e-09,0.999177208605727,6.11860191387373e-104,2.52915401851876e-19,1.54418418835747e-12,0.000822790269259239,2
"20097",0.988064994678504,0.00399407581925972,2.82447022719772e-168,3.01301127877577e-30,4.82349289676065e-45,0.00794092950223602,1
"20099",3.83857533925968e-06,0.999982489205058,7.24351203011568e-102,5.49750200973151e-21,5.55937233957765e-21,1.36722196025497e-05,2
"20102",5.56067641059046e-08,0.0207381044852319,1.28454281830085e-72,9.13363320482238e-30,7.74288676143573e-10,0.979261839133715,6
"20105",0.939904042744178,0.0594696743663285,4.80406426684841e-84,1.98431412580787e-25,1.04461907269728e-18,0.000626282889493329,1
"20107",0.953545156468715,0.046389829476928,4.72659490327284e-108,1.60429878076521e-22,1.47235499671564e-21,6.50140543567428e-05,1
"20109",0.00656606461069319,0.993289311060159,6.15175374531491e-63,2.31539983001593e-10,1.67781405030255e-13,0.000144624097440214,2
"20111",7.42805146526288e-07,2.50291901608733e-09,7.41744996598752e-32,3.21071172950077e-34,9.50895435224599e-06,0.999989745737582,6
"20113",0.142345322412067,0.857414006818514,1.43711445218495e-89,1.43827398335113e-23,5.04403995307056e-14,0.000240670769368576,2
"20115",0.00124455938601092,0.00393558450733547,4.52824241224396e-26,3.83321714980189e-28,0.267684822375563,0.727135033731091,6
"20117",2.11618451203777e-10,0.00174827746698906,6.23584367422748e-158,1.88541325450945e-66,2.4844499506636e-25,0.998251722321393,6
"20119",0.0029005901949836,0.996946233616495,7.52040132693944e-115,7.54066084450228e-23,7.13412341469413e-27,0.000153176188521368,2
"20121",0.951140703230626,0.0486280517861439,1.91332076051561e-134,4.65252425889519e-36,6.57267755292945e-29,0.00023124498322976,1
"20123",0.00118956023402802,4.4129636462302e-07,1.51361496290198e-135,2.15851004162227e-77,3.02004933154344e-24,0.998809998469607,6
"20125",0.000778880540743694,0.00395584044258154,0.000119996570843612,7.09916852702019e-09,0.995049614592694,9.56607539689582e-05,5
"20127",0.900837921121786,0.0973444455314941,3.0690289325302e-151,1.92217166168752e-19,1.95260664334955e-40,0.00181763334672021,1
"20140",0.598851927869118,0.130766508789723,1.19007853043958e-84,1.55231333669833e-51,2.8105961211526e-10,0.2703815630601,1
"20142",1.27446860313297e-09,0.0539621003706295,0.00195473081118892,0.0436551730866434,0.900127688874758,0.000300305582311419,5
"20144",0.000661733165657486,0.0153603544550888,3.00628820561625e-30,3.73705201709469e-42,0.695939521619254,0.28803839076,5
"20146",0.000273555056539676,0.984935951108664,7.60135813919099e-44,3.54391337953677e-41,0.00520645326480698,0.00958404056998882,2
"20148",0.762491961288116,0.0578420493576125,2.68870473106979e-18,1.98923233608741e-21,0.17812236282551,0.00154362652876234,1
"20150",9.13049457603929e-11,0.000328732494087721,0.039436354387718,0.957219780084998,0.00301353593671102,1.59700518038779e-06,4
"20152",0.868772592840365,0.115678167098968,7.58883733413666e-26,4.12865904011362e-20,0.0142064137112436,0.00134282634942416,1
"20154",0.00566713355446001,3.71964446773683e-05,2.86915296753204e-126,6.26674981424712e-36,1.0079243227481e-31,0.994295670000863,6
"20156",0.0214740993743456,0.975024820200105,2.54992348701448e-95,3.83700906203549e-33,5.18035618309738e-10,0.00350107990751358,2
"20159",3.36169956970257e-09,6.41902503795173e-06,0.993969900392572,1.37723724218243e-05,0.00600980625937433,9.85888941319663e-08,3
"20161",1.68504529784813e-10,0.999470308624747,1.9008569605583e-53,4.30848099989868e-33,2.33014861396579e-06,0.000527361058134264,2
"20163",0.920208016560581,0.0101497531711689,8.02048586373699e-25,5.67855393720713e-18,0.000581661248732795,0.0690605690195169,1
"20165",1.4918135333835e-05,0.99888545099612,6.72386638722345e-57,1.80780571430472e-06,5.24762854552682e-13,0.00109782306230691,2
"20167",0.316137286451292,0.0313278158652685,1.06683294384272e-05,0.00232641218573328,0.649990624942925,0.000207192225341995,5
"20169",6.2171686018139e-16,0.00050485858608007,1.38026413828437e-11,0.99932696332934,0.000166608847696065,1.56922308068275e-06,4
"20171",1.55326021103952e-05,4.75239674286389e-05,6.74596893875665e-144,1.41183807754761e-38,7.30581269014415e-37,0.999936943430461,6
"20173",1.08858327185744e-16,0.999938840804816,6.18654022499363e-103,5.41301587024574e-26,1.54627960281757e-22,6.11591951835567e-05,2
"20175",0.164960895270173,0.130170051368435,1.66495660906993e-24,6.06914454685116e-07,0.703231494358506,0.00163695208843141,5
"20177",7.42326749948463e-06,0.999941779918909,8.44052671292509e-110,4.55456684002591e-36,1.24689397543183e-20,5.07968135914137e-05,2
"20180",0.975679440448004,0.0129177482809049,5.60685867123736e-124,1.05959132647943e-23,4.84085424773604e-31,0.0114028112710908,1
"20182",2.7328579124538e-30,0.00630090854047356,8.63704023760929e-20,1.94122600958243e-05,7.60683307116575e-05,0.993603610868719,6
"20184",5.88220661831002e-05,0.594055000572477,2.16587727683961e-16,3.39493136654663e-07,0.405457589983985,0.000428247884218163,2
"20187",3.95395842429234e-12,0.999983200594961,2.36308912493018e-79,6.92935910997603e-35,2.3135233673798e-11,1.67993779497245e-05,2
"20189",0.624963195533779,0.374949469366359,2.5972244783445e-52,1.86026785218546e-09,5.50800024875052e-11,8.73331845138311e-05,1
"20192",6.34029241137591e-05,0.0132909854373482,9.55713275114439e-135,3.25010136939618e-64,2.09090298890569e-25,0.986645611638538,6
"20194",2.12577313895465e-15,0.997288728088218,6.70450190535032e-25,4.82335223179508e-17,0.00266268268799124,4.85892237887227e-05,2
"20196",0.672528564663044,0.000485789442196435,6.89896208336197e-134,3.54281919754097e-48,2.05517300465257e-31,0.326985645894759,1
"20198",0.326985226778278,0.657947455906681,1.47581480078304e-57,1.03616499720012e-58,8.9695652909195e-06,0.0150583477497502,2
"20204",2.86246839086301e-05,0.00488000116140953,0.0245612609392382,0.000730885162409298,0.968994437105276,0.00080479094775837,5
"20207",0.902456104157952,0.0339575509609889,3.49075162793479e-119,4.66452067271975e-33,2.41778354435767e-27,0.063586344881059,1
"20209",3.85891096833432e-05,6.3273735464098e-05,2.08011052045669e-33,6.01078775222183e-34,0.00287583788386141,0.997022299270991,6
"20211",0.0105392918203818,1.06883045147904e-07,1.3288401787058e-88,2.41793973235481e-50,3.77813901308358e-18,0.989460601296573,6
"20215",0.808048679378529,0.191771979680353,1.07411647824569e-79,2.11510240212726e-34,3.76401285555573e-16,0.000179340941117706,1
"20218",5.42532068658857e-10,0.000131760389709758,0.0321183897139818,0.96013688483251,0.00761117145895513,1.7930623109438e-06,4
"20222",0.968174401452123,0.0058098963077842,1.88531732984831e-89,2.92094690610819e-26,2.07978923506233e-20,0.0260157022400929,1
"20225",2.73460630279734e-05,0.126433095471198,1.65458676901984e-24,1.15882006354924e-44,0.857493719767249,0.0160458386985251,5
"20229",0.00233410319638959,0.960269841783951,1.4688228657537e-56,7.56174576311959e-48,0.000105950411652849,0.0372901046080065,2
"20232",0.956339063320529,0.0379712772852959,7.3287172048004e-85,1.93940388320857e-24,2.26468051058508e-10,0.00568965916770697,1
"20234",0.0105291430749371,0.000330251742046471,1.00450477133811e-202,3.74010931562439e-34,1.18910118312707e-54,0.989140605183016,6
"20238",0.882628381775606,0.115834361098376,6.33638390948628e-136,2.47720120700154e-36,4.87760904293501e-24,0.00153725712601827,1
"20253",0.595958191415708,0.403797895091815,1.28382816554961e-116,2.57612815588236e-30,1.22386339188648e-27,0.00024391349247694,1
"20255",0.116002079232045,0.000384977476141248,0.000128482083173317,8.19129997120268e-11,0.873158363647973,0.010326097478755,5
"20258",0.985497279310906,0.014117531776071,6.69765341498574e-104,6.58506341919032e-15,8.72007984967267e-28,0.000385188913016373,1
"20269",0.691751076903521,0.307565789524172,2.03188164518685e-56,1.68305709497993e-07,1.64461170250549e-12,0.000682965264953139,1
"20271",0.0511309442331274,0.948188746450378,1.38157611674346e-105,1.79743876658783e-13,8.81838440443987e-26,0.000680309316314788,2
"20285",8.30870782284387e-10,0.999805091894061,2.13999010601037e-87,1.63119264904057e-52,5.52403721013405e-11,0.000194907219828002,2
"20288",0.889296268857381,0.110355895165619,1.07889339107626e-88,1.15222540041783e-26,6.63721484666595e-14,0.000347835976933493,1
"20291",0.612518271998412,0.00344963050994309,3.18294749152083e-161,1.54407272828016e-53,3.45347857269293e-27,0.384032097491644,1
"20295",0.000163689441105012,0.997521468086769,1.23149974980351e-84,6.20481937937125e-33,1.08071714043456e-14,0.00231484247211549,2
"20298",2.98154583608772e-05,6.55318867356689e-05,0.97784638647843,5.10743390187409e-07,0.0220541246359768,3.63079710653462e-06,3
"20302",3.68138243846691e-05,0.986726217647472,5.4803915158467e-36,1.5769072326737e-21,0.0118942034065377,0.00134276512160613,2
"20305",1.94928662013391e-05,0.000290641048572709,0.92498562799914,3.48528153721894e-07,0.0746846236079474,1.92659499852251e-05,3
"20307",0.985346341651957,0.0139682785379832,1.56742369712167e-131,7.10094338520197e-24,2.43699864525972e-32,0.000685379810059552,1
"20310",0.556264779174531,0.304426868810005,1.53442763790076e-207,1.69623692858473e-31,5.63034887482163e-52,0.139308352015464,1
"20313",7.01782518831362e-20,3.63115954072246e-06,5.24293795490122e-09,0.999988161982447,8.19790018711126e-06,3.71488718491154e-09,4
"20315",0.948572734563312,0.0512858015585416,2.04237599367665e-119,3.03350664004048e-26,6.30209113491493e-24,0.000141463878146085,1
"20319",0.306349135158719,0.00286547044727654,2.879709495356e-139,1.04907551312735e-45,1.927179425281e-31,0.690785394394004,6
"20321",0.576028398849618,0.423719674082797,1.8499467528688e-138,3.78986290419081e-37,4.70692498753267e-32,0.000251927067585732,1
"20327",0.879539828687502,0.12031261003416,3.79232702039722e-123,4.04568435713848e-13,1.98376266547281e-30,0.000147561277933587,1
"20329",4.33437600367811e-20,0.999838573518969,1.94471364790851e-27,2.14414805689702e-06,0.000130395382709736,2.88869502641797e-05,2
"20335",0.86294713898603,0.000991437836357086,5.44779258888993e-139,8.0571389482806e-25,7.58309113752626e-35,0.136061423177613,1
"20337",1.35832632378231e-08,4.07219687944377e-07,0.999441498520218,0.000192343242196661,0.000365710533557542,2.69010766292256e-08,3
"20339",4.53336031082146e-06,0.00589402191144792,8.53197596465254e-110,1.04883638885756e-78,2.73873919232078e-14,0.994101444728214,6
"20341",0.000151699657743103,0.00225439917020365,3.11832842634353e-136,7.24587479259184e-49,3.08265186126112e-25,0.997593901172053,6
"20343",0.0370043915126489,0.919092120456457,5.64334058157881e-157,8.94096252952453e-28,4.86306710536047e-39,0.0439034880308944,2
"20345",0.0656300007761838,0.0863108792107384,4.21074818060918e-16,2.24255442670086e-13,0.84615779112829,0.00190132888456336,5
"20350",7.32303391676149e-07,0.986424913622956,1.62998421862541e-102,6.29009963824096e-74,1.19635664834075e-13,0.0135743540735322,2
"20352",6.7371225705539e-13,0.000981470373391035,3.58835567482783e-12,0.998892035004617,0.000123225153937182,3.26946379282003e-06,4
"20355",2.54481183719287e-07,0.997848732130731,8.31804428804493e-67,1.77229863438214e-39,2.16522909393969e-07,0.00215079686517637,2
"20358",1.43240843008417e-15,0.99355938890143,3.59791281110265e-20,8.54758928422291e-06,0.00634906037477231,8.30031345119033e-05,2
"20363",0.926138192161134,0.0737923088623933,2.58500897781306e-111,1.37027469284615e-28,2.27781864519396e-26,6.9498976473193e-05,1
"20365",0.642657064460815,0.000110930147628997,2.42385462623138e-78,3.00613852271426e-41,4.11222489042368e-14,0.357232005391515,1
"20379",0.109534120451346,0.0123805241809015,5.19670716896968e-27,5.40353103222859e-25,0.502874732349212,0.375210623018541,5
"20387",0.985094046556538,0.00833292815670772,7.22618941446431e-95,1.5936951821022e-20,5.43780538959169e-23,0.00657302528675419,1
"20392",0.00961628009227199,1.13987825817035e-08,5.87073271882099e-110,8.44896925603608e-57,1.82847024212378e-24,0.990383708508946,6
"20395",0.578287322705425,0.158758489711409,1.0679853912652e-22,1.42651118899966e-23,0.261914770051685,0.00103941753148079,1
"20397",3.92558387701224e-34,0.000773700580718508,6.44632680404885e-26,0.99922597347711,9.40904436823734e-09,3.165331267954e-07,4
"20410",0.973476982371843,0.0226646482748023,1.14958271634985e-67,5.09175222330022e-15,1.35482048889562e-15,0.00385836935334842,1
"20414",0.0222795859698874,0.244122459297306,8.5174127634316e-15,3.53791095107628e-12,0.73001349704671,0.00358445768255045,5
"20417",5.47844102541974e-12,6.07958116836512e-05,5.8497924473e-217,2.10363834310362e-39,8.23071339991366e-61,0.999939204182838,6
"20419",0.639045142306361,0.360933616500169,1.06498625346889e-129,4.36147066155026e-14,2.76344096795136e-33,2.12411934268406e-05,1
"20421",0.0133347991554629,0.108476658719307,1.21648763770653e-45,9.50935143618335e-27,0.0199483929931901,0.85824014913204,6
"20423",0.001194386810895,0.00366468848713392,1.89221973571708e-07,7.37931700883197e-07,0.993337664193099,0.00180233335519789,5
"20425",0.000535088634927348,0.0499103499684764,9.52705572953106e-09,1.85283817927735e-09,0.947952581170169,0.00160196884653326,5
"20427",0.878866904059401,0.0623526812216526,4.68763618496558e-18,1.22386556410074e-12,0.0584874827005344,0.000292932017187773,1
"20429",6.5364393512563e-05,0.998687367627776,1.65189805214915e-186,5.09605323702036e-61,1.87921093579949e-32,0.00124726797871194,2
"20432",7.78359832430289e-07,0.318486492937223,2.11172547362423e-11,9.98331429495381e-10,0.681208893570521,0.000303834112974761,5
"20435",0.920629562545373,0.0471996019835181,2.12775477217026e-89,9.72565931477997e-54,4.7039768275614e-11,0.0321708354240693,1
"20438",0.019038605000795,0.980928576708516,5.5345633994291e-112,1.1069112594306e-24,2.97269376985141e-26,3.28182906895446e-05,2
"20440",0.780053445450575,0.219592666565288,1.56931690808495e-123,3.50014434134838e-21,4.10384607276961e-29,0.000353887984137093,1
"20443",1.72803779975878e-09,0.999136495233002,1.76560007474984e-45,2.21067373143089e-11,2.92161428573434e-05,0.000834286873996334,2
"20446",0.155254338197954,0.836548458502371,1.28565000123651e-76,1.65604322395985e-28,1.17698005570313e-10,0.00819720318197698,2
"20449",0.884891685445122,0.112988280372964,3.70975626941639e-90,2.35043452312583e-51,3.86972664947926e-11,0.00212003414321713,1
"20537",0.618039339071937,0.00505130151273805,1.70226655061831e-125,7.70194405031252e-55,5.12255560101476e-20,0.376909359415325,1
"20540",0.00325822091738463,6.13447498931399e-09,1.29672621169624e-139,6.77148721046797e-63,1.66797556347086e-29,0.99674177294814,6
"20543",0.952597274004274,0.0455809264964453,5.67833337436917e-44,4.47302603445e-21,0.000129863549663248,0.00169193594961775,1
"20545",0.00226459927447649,7.82480368897306e-09,2.25796798455235e-88,1.48936191489151e-47,1.74259182317601e-20,0.99773539290072,6
"20549",0.936354719725135,0.0103533411999564,5.83132107278304e-22,3.33456517793702e-10,0.0313845224832282,0.0219074162582242,1
"20551",0.949575280713581,0.0495513627623826,7.06077404284007e-63,3.23621391722584e-17,3.53826367284511e-12,0.000873356520498477,1
"20554",0.983586731128383,0.0159788825899662,1.16834268750121e-71,5.73611528938643e-12,4.63348254416286e-17,0.000434386275914948,1
"20556",0.959897956444992,0.0203518569345778,5.0630794364556e-47,2.55234712219324e-27,6.11614966031437e-06,0.0197440704707701,1
"20558",0.986017921455698,0.0135634260386489,6.8289903829747e-114,6.29362334117781e-14,9.5320646201325e-30,0.000418652505590605,1
"20560",0.834274153379065,0.165669728371456,4.56636213451392e-58,3.90864164889157e-10,2.31300088917779e-13,5.61178583832817e-05,1
"20563",0.937664775146774,0.0602419147900069,1.42544777288581e-148,2.79146540176362e-22,8.05700079639191e-40,0.00209331006321905,1
"20565",0.626478505056883,0.372921639450389,8.23003593103835e-71,2.13762857175138e-26,6.89376844424112e-13,0.000599855492038587,1
"20567",1.23693921132239e-06,0.522083047727559,1.79966863130947e-18,2.13948987863926e-16,0.477587395165149,0.000328320168080013,2
"20571",6.69623401547415e-05,0.998014804114286,1.01291142855137e-137,4.34171771504917e-45,1.40430089489888e-27,0.00191823354555874,2
"20573",0.925969173699262,0.0731299324466748,3.95938033834744e-83,7.17355550314789e-30,7.88491939847901e-12,0.000900893846178619,1
"20575",0.842802885682035,0.156479885520419,2.16863317568932e-149,2.89920548274819e-36,1.84132158791778e-34,0.000717228797546501,1
"20577",0.777417998619474,0.219974782337663,1.3503811334353e-49,1.83024637295994e-37,8.36643737197167e-05,0.00252355466914246,1
"20579",1.08281914052101e-22,0.999296192588242,2.18222985476361e-26,0.000206607222461928,0.000438879790186837,5.8320399109597e-05,2
"20582",0.9771259496167,0.0226050980196286,1.60962700819808e-143,1.55851874258743e-16,5.89965307693713e-40,0.000268952363670991,1
"20585",0.318924718293009,2.14084152444354e-05,1.0929646883354e-68,1.45896656990848e-41,2.07228165948957e-13,0.681053873291539,6
"20588",0.00224332512953665,0.000535462489692517,9.26680759634428e-112,7.69059104072186e-80,1.54843696874394e-12,0.997221212379222,6
"20590",1.41797479467175e-17,0.00245160230005109,4.97192459713648e-11,0.996832303866027,0.000715676247781523,4.17536420907948e-07,4
"20592",0.895679744046007,0.104143197745504,3.45314983432798e-149,3.97664388581666e-16,9.38777884947601e-40,0.000177058208489031,1
"20594",0.989476725381673,0.00889150653814849,9.23970524065951e-139,1.16200515239786e-19,1.0657240616466e-37,0.00163176808017811,1
"20596",0.383685989008436,0.616284113081782,2.97261839513848e-87,3.22181363206524e-13,7.34429030713813e-16,2.98979094588197e-05,2
"20598",0.949962219427005,0.0497748451483447,2.59072168473664e-65,2.8024467168445e-17,7.18436600306436e-15,0.000262935424642849,1
"20600",0.691266920608237,0.00932468759457532,7.78763844628147e-60,3.86304257639185e-36,3.92675659630449e-06,0.299404465040591,1
"20603",0.043110563299417,0.0164230581866508,2.24127347242961e-28,5.92333906292949e-37,0.831466622731393,0.108999755782539,5
"20605",0.966335715670608,0.033147654274401,4.14946609306665e-115,5.31466068904432e-23,1.31188706185372e-23,0.000516630054991052,1
"20607",0.924401722747681,0.0755851651560226,5.28015067426224e-91,2.94274836152829e-19,1.13491670851861e-20,1.31120962970741e-05,1
"20609",0.985921849082859,0.013737809985545,3.67976769987159e-63,8.05647112403323e-11,9.60903572272037e-15,0.000340340851021724,1
"20611",3.1339842592991e-06,0.000434671281462725,0.895248870833536,1.11525891361412e-05,0.104292575705577,9.59560602947276e-06,3
"20613",0.97949792114681,0.00368141344370281,4.28881323826315e-32,1.35454215183148e-13,5.70227928335113e-06,0.0168149631300683,1
"20615",0.955926115215989,0.0292128450881599,5.65857543478239e-34,3.64602012082158e-21,0.000123037196018045,0.0147380024998326,1
"20617",7.01562736852156e-14,1.55326918598193e-05,3.37999498295904e-05,0.999554246089473,0.000396348607970443,7.26607972794271e-08,4
"20619",0.516438213922703,0.483486976907886,4.55092239131441e-140,6.27225432308943e-24,1.41843757773145e-34,7.48091694111434e-05,1
"20621",0.681598101687567,0.318077071440599,4.06430433430051e-88,7.03062501902838e-41,3.71415292682661e-16,0.000324826871833746,1
"20623",4.10220324986022e-08,0.999976696407561,5.18891344899407e-39,1.25524869348944e-12,4.56520496136371e-07,2.28060486545972e-05,2
"20625",0.00604687470319886,0.0226390390480283,7.34548543308529e-23,7.17933413435438e-37,0.761246013044648,0.210068073204125,5
"20627",0.932389338468106,0.0670162656991043,1.51192846079037e-55,2.58816827466229e-25,9.0544348305846e-09,0.000594386778354884,1
"20629",0.913357057996327,0.0860463715802292,2.69563707316449e-64,3.29842298845916e-32,5.84082063095552e-10,0.000596569839362112,1
"20631",0.629864358185009,0.36964487027926,1.04365436507886e-144,1.85545790226716e-19,3.03126785294792e-38,0.000490771535731173,1
"20633",1.05261485044766e-22,1.34201320544893e-05,4.911806782291e-12,0.99998379295856,2.77760956120242e-06,9.29491215078472e-09,4
"20636",3.76120901183001e-06,0.958636793665421,4.39730210872873e-28,4.7435319188375e-21,0.0412306820600722,0.000128763065495392,2
"20638",0.2239572978611,0.642992124464979,6.84373795963921e-77,3.82889838604703e-63,9.57442049837223e-08,0.133050481929716,2
"20640",0.802789709333347,0.000541909372221547,2.71358347964206e-90,1.91932262408978e-32,8.60797300678242e-20,0.196668381294432,1
"20645",0.991932910923168,0.00367331177678062,3.9821463305088e-162,2.09823288689755e-25,2.69445752134115e-44,0.00439377730005143,1
"20647",2.69564790471147e-19,8.41721463477078e-05,1.29916410558318e-18,0.999915001285956,5.8822107654516e-07,2.38346619995537e-07,4
"20649",0.958027178411711,0.00529355842736637,3.4842097764232e-67,1.18301574768386e-23,9.11670295729927e-16,0.0366792631609216,1
"20651",0.000180195109554904,0.994958897881219,3.11204257311725e-206,1.27151229482987e-54,2.8997664110382e-43,0.00486090700922633,2
"20656",0.838399751302098,0.00090233170881159,2.31805760724512e-113,2.53989123803533e-34,1.5158371868517e-27,0.160697916989091,1
"20660",0.000436504940964817,4.38510838753555e-07,6.74132917258798e-107,3.48933254060866e-46,1.31113251491429e-16,0.999563056548196,6
"20662",6.48122551204304e-12,0.999313802068292,6.82807718399167e-54,9.58351991044531e-18,0.000578606789494179,0.000107591135732566,2
"20664",4.42271466990864e-06,0.999973619274769,9.35330411168237e-103,4.01386131402093e-19,1.9276083093974e-22,2.19580105611664e-05,2
"20666",0.0099893560747578,4.02073997575769e-07,3.30314387572765e-19,1.03873374297684e-28,0.00573151562639632,0.984278726224848,6
"20668",1.5999120698191e-05,0.0037278661272382,0.115050661192754,0.620976311405782,0.260222082298095,7.07985543293092e-06,4
"20670",0.0138706402421688,0.983593375806303,2.32024225935059e-133,1.25001952826093e-36,2.87464179530327e-29,0.00253598395152847,2
"20672",5.33594694305627e-06,0.000124382125186514,0.928101287270166,0.000121570687721524,0.0715932460656443,5.41779043384208e-05,3
"20674",0.854246102423328,0.145719074343899,1.16067627820718e-74,1.350554542695e-31,5.36561143041784e-11,3.48231791164311e-05,1
"20676",5.68814482664397e-15,0.200084303274156,6.68791823373479e-07,0.422883498232893,0.374264194083815,0.0027673356173064,4
"20678",5.94773939857972e-19,0.0108641102635272,1.69385194464482e-06,0.984596813927013,0.00452989655184263,7.48540567237581e-06,4
"20680",0.0170424368683205,0.0166040642375271,2.05720291974913e-08,0.000104621673017751,0.965863639957221,0.000385216691884677,5
"20682",0.00181840130801806,0.842526464763116,1.09768454750048e-31,6.04226603785872e-23,0.154969700634216,0.00068543329464936,2
"20684",0.00442420173531811,0.992051212700681,1.74747265198298e-114,1.63323955559753e-55,1.24457488854188e-15,0.00352458556399965,2
"20686",1.35339923093628e-09,0.000109221800427329,0.00203463089290065,0.992269722967682,0.00558507008783327,1.35289775713386e-06,4
"20688",5.34905585389981e-27,0.00206523980185633,2.69940702498126e-14,0.997918493447972,1.57406420279935e-05,5.26108116288941e-07,4
"20690",0.0979403073448148,4.82787829229119e-05,4.53260448054297e-117,6.25627143269705e-53,1.40303786555573e-16,0.902011413872262,6
"20692",3.72178770726961e-27,6.97593550418903e-05,5.16078612240357e-15,0.999929198126543,1.01474731609045e-06,2.77710936547243e-08,4
"20694",0.00017036853199501,0.0037249722522742,0.612301133422259,0.000213321175793225,0.383494985706338,9.52189113404677e-05,3
"20696",0.00288834336054978,0.108279752140509,6.30522723843953e-22,9.58006039486064e-30,0.888016859131011,0.000815045367930046,5
"20698",0.117502943530953,0.881262839630306,9.39183207343705e-67,9.32540462750955e-31,4.89819621238286e-13,0.00123421683825076,2
"20700",0.000459621399376803,0.999352962566049,1.29085944685576e-142,1.14028538092765e-49,5.50894831112705e-25,0.000187416034574007,2
"20702",0.392280968844942,0.00112685122789622,1.6936336246668e-133,2.38209327600753e-57,2.5131763148086e-25,0.606592179927162,6
"20704",0.967356710402943,0.0324182294694074,1.35116633222456e-57,2.04921112726829e-13,2.87392097892226e-09,0.000225057253523469,1
"20706",6.59231093584199e-06,0.998857377067652,1.90112939769932e-105,7.48018822998481e-40,9.22620978147009e-09,0.0011360213952029,2
"20708",4.04152702572704e-13,0.00291069065148612,0.000285031013563882,0.974533102726789,0.0222649461394558,6.22946830124999e-06,4
