"","V1","V2","V3","result$classification"
"19812",0.693443163255529,0.299508795226691,0.00704804151778013,1
"19814",0.987195107496981,0.0126662229927442,0.000138669510275092,1
"19816",0.0131079601183415,0.986862454571427,2.95853102319587e-05,2
"19818",0.905272570940167,0.0945440093069369,0.000183419752896178,1
"19820",8.59549104464798e-06,0.999745078317336,0.000246326191619883,2
"19822",0.000205253684865526,0.934743661005334,0.0650510853098008,2
"19824",0.0156180657309388,0.984142894076294,0.000239040192767488,2
"19826",0.817164081995945,0.182693377341754,0.000142540662300664,1
"19828",0.00198485379631081,0.997207671336918,0.000807474866771523,2
"19830",0.992593652886451,0.00445742734002762,0.00294891977352167,1
"19832",0.0772205349831765,0.342659208934407,0.580120256082416,3
"19834",0.064276622465397,0.918811132277566,0.0169122452570365,2
"19836",0.281589629382376,0.717469709379854,0.000940661237770441,2
"19838",0.998454992942737,0.00102260139386124,0.00052240566340146,1
"19840",0.0920527887226529,0.907805038437898,0.000142172839448707,2
"19842",0.999029465743026,0.000947393730643038,2.31405263309715e-05,1
"19844",0.988567972393927,0.0112691748731899,0.000162852732882865,1
"19846",0.999944082525651,5.49111116175661e-05,1.00636273198751e-06,1
"19848",0.999882317347313,0.000113504624768013,4.17802791918205e-06,1
"19850",0.999215611028823,0.000766608927821135,1.77800433560657e-05,1
"19852",0.21279390940628,0.786615827792681,0.000590262801039444,2
"19854",0.999786307278968,0.000199125350749559,1.45673702821755e-05,1
"19856",0.989322671075223,0.0103902060480661,0.000287122876710735,1
"19858",0.667765360467689,0.328179335587952,0.00405530394435909,1
"19860",0.30706272365868,0.692368235696845,0.000569040644475441,2
"19862",0.999944454223374,5.37668204587209e-05,1.77895616724566e-06,1
"19864",0.755257163268133,0.242826644542259,0.00191619218960856,1
"19866",0.00769527846883031,0.992227985460046,7.67360711235154e-05,2
"19868",0.00147171878639471,0.000136150097322466,0.998392131116283,3
"19870",0.998043570542814,0.00193741691950954,1.90125376762563e-05,1
"19873",0.915244152473347,0.0846982886354219,5.75588912307744e-05,1
"19875",0.00208127882025677,0.997065108221082,0.000853612958660763,2
"19877",0.979773666188418,0.0200593437513894,0.000166990060192897,1
"19879",0.581459033743953,0.415938283899947,0.00260268235609999,1
"19881",0.964759456301253,0.0351780607011064,6.24829976404896e-05,1
"19883",0.974314569008914,0.0256671773132183,1.82536778673604e-05,1
"19899",0.240610897878285,0.745256483274432,0.0141326188472832,2
"19908",0.232370099249914,0.613670318943187,0.1539595818069,2
"19910",0.435401445754013,0.564326682359239,0.00027187188674849,2
"19912",0.999652377447712,0.000338208528354884,9.41402393326804e-06,1
"19914",0.543397119316268,0.445354784613778,0.0112480960699536,1
"19916",0.0133416975357726,0.986297740308748,0.000360562155479341,2
"19918",0.998912363103576,0.00108622563227013,1.41126415342768e-06,1
"19920",0.999701260097789,0.000295863391199394,2.87651101124048e-06,1
"19922",0.167175948405639,0.0658375889407556,0.766986462653605,3
"19924",0.977745401901394,0.022206127283606,4.84708149999081e-05,1
"19926",0.0869580478178464,0.88648942027188,0.0265525319102738,2
"19928",0.99044331250749,0.00864629784074103,0.000910389651768984,1
"19930",0.990870225314931,0.0090092184324273,0.000120556252642168,1
"19932",0.999419157014077,0.000524553898990819,5.62890869317677e-05,1
"19934",0.0310553385467023,0.965257436499785,0.00368722495351296,2
"19936",0.911932132328425,0.0846235401600658,0.00344432751150915,1
"19938",0.00241047154109685,0.992874610096782,0.0047149183621207,2
"19940",0.819988289704568,0.179958094562371,5.36157330608893e-05,1
"19942",0.963260825125315,0.036539565304562,0.000199609570123209,1
"19944",0.125732268889714,0.874036271652617,0.000231459457668717,2
"19946",0.841597153855271,0.158164097845979,0.000238748298749538,1
"19948",0.988574771790164,0.0114013997027019,2.38285071345055e-05,1
"19950",0.999796188817423,0.000167994582527283,3.58166000492952e-05,1
"19952",0.988574771790164,0.0114013997027019,2.38285071345055e-05,1
"19954",0.998224009776082,0.00174379730986641,3.21929140516427e-05,1
"19956",0.999494744023971,0.000119296340703962,0.000385959635324778,1
"19958",0.0194406392096931,0.00105747783015006,0.979501882960157,3
"19962",0.819575854794576,0.177071874157088,0.0033522710483361,1
"19964",0.935101102535522,0.0648291109027257,6.97865617522336e-05,1
"19966",0.000501383774395538,0.999283337631283,0.000215278594321421,2
"19969",0.993812435227017,0.00615432847078474,3.32363021979469e-05,1
"19972",0.998413028992277,0.0015795352137081,7.43579401534697e-06,1
"19974",0.999984005737848,1.56393652304244e-05,3.54896922060998e-07,1
"19976",0.970626878494937,0.0293124506585897,6.06708464734697e-05,1
"19978",0.235877157402188,0.764087081792319,3.57608054932257e-05,2
"19980",0.999913306606899,7.95024781086393e-05,7.19091499211249e-06,1
"19982",0.998353194028463,0.00147109962958382,0.000175706341953416,1
"19984",0.996545013957352,0.00340654735720436,4.84386854431513e-05,1
"19986",2.23752629615594e-05,0.99913195142804,0.000845673308998351,2
"19988",4.71254224114127e-06,0.998507366703353,0.00148792075440569,2
"19992",5.33060182154417e-05,0.998470585297842,0.00147610868394252,2
"19994",0.983132456460766,0.0164035348469103,0.000464008692323505,1
"19996",7.44045519049693e-05,0.99968518606086,0.000240409387235177,2
"19998",0.872492010549968,0.126905818660522,0.000602170789510261,1
"20000",0.958951298631964,0.00148886988780194,0.0395598314802338,1
"20003",0.881372772251607,0.116021612765837,0.00260561498255607,1
"20005",0.999940919113847,5.76472200777436e-05,1.43366607548371e-06,1
"20007",0.221103651432545,0.773959993069283,0.00493635549817232,2
"20009",0.0063050754165569,0.992087588097868,0.0016073364855752,2
"20011",0.988342064642518,0.0116285763998557,2.93589576257553e-05,1
"20013",0.997437834398003,0.00249641296679184,6.5752635205583e-05,1
"20016",0.000280136672632031,0.99090973744819,0.00881012587917785,2
"20018",1.07275459398875e-06,0.0241465902714074,0.975852336973999,3
"20021",0.00493068072968667,0.994219090241633,0.000850229028680249,2
"20023",0.0488511676658165,0.948681450914007,0.00246738142017688,2
"20025",0.000152815245187131,0.606553610898596,0.393293573856216,2
"20027",0.996709346350936,0.0032386519581257,5.20016909386115e-05,1
"20029",0.999746886612321,0.000252068020777843,1.04536690093671e-06,1
"20032",0.99672790290846,0.00316314297312137,0.000108954118418612,1
"20034",0.971988191839332,0.0279362032602646,7.56049004029099e-05,1
"20036",0.941411451325819,0.0564018913216139,0.00218665735256731,1
"20038",0.000219529005050322,0.99129571771574,0.00848475327920932,2
"20040",0.000223704996905054,0.97912588633973,0.0206504086633646,2
"20043",0.00232312193614513,0.99605563883221,0.00162123923164496,2
"20045",1.19581732758054e-05,0.986777147406562,0.0132108944201617,2
"20048",0.999259571050458,0.000555505786377106,0.000184923163164742,1
"20051",0.513109038602201,0.459604452647313,0.0272865087504855,1
"20053",0.0263050358848435,0.973446339098993,0.000248625016163724,2
"20055",0.00933916466670578,0.88426422851516,0.106396606818134,2
"20057",0.00444221427415975,1.69167547580323e-05,0.995540868971082,3
"20059",0.0164409322079807,0.979091627694427,0.00446744009759265,2
"20061",0.0848659989887865,0.914275143406852,0.000858857604361419,2
"20063",0.263472973446989,0.696757827002493,0.0397691995505176,2
"20065",1.12430498449122e-05,0.224294264939601,0.775694492010554,3
"20067",0.00200449660888989,0.979969332479426,0.0180261709116844,2
"20069",0.999863775847434,0.000122738883404451,1.34852691613381e-05,1
"20071",0.43597140239403,0.555562107311221,0.00846649029474859,2
"20073",0.996375266686403,0.0036158988924647,8.83442113281213e-06,1
"20075",0.000670674715833136,9.80112699526471e-05,0.999231314014214,3
"20077",0.025275450845353,0.97445497210878,0.000269577045867003,2
"20079",0.677627277356028,0.317551111926102,0.00482161071786965,1
"20081",0.00510517121999458,0.866938570305713,0.127956258474292,2
"20083",0.943148627017555,0.0488556692576336,0.00799570372481094,1
"20085",4.54628029478614e-06,0.994702277724928,0.00529317599477713,2
"20088",0.000471934215887124,0.997596905238139,0.00193116054597395,2
"20091",0.00041265146987481,0.00772844801638242,0.991858900513743,3
"20095",0.749924935001905,0.248327489029853,0.00174757596824258,1
"20097",6.38611842964008e-06,0.982724911148916,0.0172687027326548,2
"20099",0.0442702399857373,0.955711776687824,1.79833264383707e-05,2
"20102",0.368764178581894,0.0315809417104078,0.599654879707698,3
"20105",0.0160455008474643,0.983096909698173,0.000857589454363121,2
"20107",0.000761584180776425,0.998921853987834,0.000316561831389507,2
"20109",0.292204513754452,0.707717555562188,7.79306833599959e-05,2
"20111",0.584659135862099,0.000789837518976235,0.414551026618924,1
"20113",0.0114764401836467,0.988074059072532,0.000449500743821771,2
"20115",0.997887287753675,0.00108244483670504,0.00103026740961977,1
"20117",0.0102620574295203,0.332013640558947,0.657724302011533,3
"20119",0.000546897266085239,0.999338919792367,0.000114182941547843,2
"20121",0.00011116805146906,0.999114662018836,0.000774169929694652,2
"20123",5.21739929537355e-05,0.00521277892921444,0.994735047077832,3
"20125",0.999148377256462,0.000785334052745937,6.62886907925325e-05,1
"20127",0.000129379381217953,0.999041882496311,0.00082873812247075,2
"20140",0.0415983906295048,0.633299574166018,0.325102035204477,2
"20142",0.999805482646276,0.000152741431680019,4.17759220437101e-05,1
"20144",0.985486688938412,0.000930268225643933,0.0135830428359441,1
"20146",0.982446438692491,0.0132082439633649,0.00434531734414378,1
"20148",0.940238103998911,0.0589752968029176,0.000786599198171347,1
"20150",0.999980466655163,1.87506790881262e-05,7.82665748361366e-07,1
"20152",0.821221131103414,0.177807691552239,0.000971177344346716,1
"20154",0.000140511734716617,0.0604394170069894,0.939420071258294,3
"20156",0.300352391953355,0.681910507476161,0.0177371005704838,2
"20159",0.999833616631168,0.000139769564024849,2.66138048074296e-05,1
"20161",0.987578133315172,0.0114521421609179,0.000969724523909965,1
"20163",0.691302927223556,0.301283510253722,0.00741356252272212,1
"20165",0.69053896298049,0.307905694982122,0.00155534203738735,1
"20167",0.985361756211912,0.0146002392638239,3.80045242642056e-05,1
"20169",0.999608483191359,0.000295742550541828,9.57742580994575e-05,1
"20171",2.75427102474679e-05,0.0173440144734475,0.982628442816305,3
"20173",0.460228974551714,0.539406472634647,0.000364552813639419,2
"20175",0.993929070150313,0.00600033501718236,7.05948325043116e-05,1
"20177",0.0420340796741745,0.957913406894826,5.25134309991738e-05,2
"20180",3.75205203301577e-05,0.996330581441372,0.0036318980382981,2
"20182",0.997208451288989,2.72413070863662e-05,0.00276430740392437,1
"20184",0.998272022893229,0.001694643330587,3.33337761842685e-05,1
"20187",0.729322687810485,0.270593017177896,8.42950116197272e-05,1
"20189",0.0492377814551512,0.950734249032787,2.79695120623213e-05,2
"20192",0.0107358299662913,0.858313066558669,0.130951103475039,2
"20194",0.999119964525178,0.0008608671940085,1.91682808137218e-05,1
"20196",0.000261787578060037,0.830778493217924,0.168959719204016,2
"20198",0.463651076710814,0.525760314037137,0.0105886092520495,2
"20204",0.999818271049356,0.000149657486864595,3.20714637798702e-05,1
"20207",0.00104245239229507,0.899613244329533,0.099344303278172,2
"20209",0.791835829994264,0.0113673173158607,0.196796852689875,1
"20211",0.000103252296628712,0.00409977105841622,0.995796976644955,3
"20215",0.017345917731797,0.980674545091475,0.0019795371767281,2
"20218",0.999855454668872,0.000123179280473522,2.13660506547677e-05,1
"20222",0.0113972914786452,0.914979424872473,0.0736232836488819,2
"20225",0.997954496843023,0.00093737822727625,0.00110812492970059,1
"20229",0.667355616327465,0.148318260656406,0.184326123016129,1
"20232",0.0430331345265178,0.934554071146622,0.0224127943268599,2
"20234",6.44573532237911e-06,0.869592041965115,0.130401512299563,2
"20238",0.00139980567422142,0.995979783303602,0.00262041102217656,2
"20253",0.000608276974934989,0.997930574481223,0.00146114854384248,2
"20255",0.992805153522125,0.00459368143041679,0.00260116504745842,1
"20258",0.000293671405659394,0.99953025984877,0.000176068745570456,2
"20269",0.158899614615262,0.840827618735229,0.000272766649509462,2
"20271",0.0012136192204457,0.998729556118501,5.6824661053155e-05,2
"20285",0.920390239233983,0.0793822389243883,0.000227521841629072,1
"20288",0.0236417753546108,0.972878107441375,0.00348011720401404,2
"20291",0.000644828762701216,0.778078140324154,0.221277030913144,2
"20295",0.323492668591493,0.676129000582741,0.000378330825766282,2
"20298",0.999679340735705,0.000299192199521117,2.14670647739091e-05,1
"20302",0.997590796306934,0.00239165988661275,1.75438064531176e-05,1
"20305",0.999706493260869,0.000282385443593225,1.112129553791e-05,1
"20307",5.73057853846777e-05,0.998983006334547,0.000959687880068209,2
"20310",1.10427280546045e-05,0.995784893451267,0.00420406382067818,2
"20313",0.999948770431048,4.62789616628393e-05,4.95060728946926e-06,1
"20315",0.00103829361043568,0.998710921795144,0.000250784594420513,2
"20319",0.000319152545868468,0.46997632743053,0.529704520023601,3
"20321",0.0005739949222274,0.999199015676837,0.000226989400935208,2
"20327",0.000243928813361142,0.99972009637785,3.59748087889113e-05,2
"20329",0.997532838613106,0.00246280321457621,4.35817231768856e-06,1
"20335",0.000105253373775105,0.873675042446658,0.126219704179567,2
"20337",0.999796435718441,0.000179454424545697,2.41098570133105e-05,1
"20339",0.0125734980888877,0.0270215881507632,0.960404913760349,3
"20341",0.000741264989165259,0.0518805952053864,0.947378139805448,3
"20343",0.000369290081905933,0.984031398328007,0.0155993115900869,2
"20345",0.941545690901929,0.0579976884249052,0.00045662067316647,1
"20350",0.308159788346843,0.473923927874669,0.217916283778489,2
"20352",0.99926742409591,0.000662945298654129,6.96306054359303e-05,1
"20355",0.970726783635581,0.027665764010654,0.00160745235376484,1
"20358",0.999583651903671,0.000414808109754509,1.53998657452712e-06,1
"20363",0.00106226970652932,0.998729350028329,0.000208380265141776,2
"20365",0.0110992859863386,0.560393428261359,0.428507285752303,2
"20379",0.994977199601786,0.00300952586097659,0.00201327453723703,1
"20387",0.000629937629241124,0.996827673257014,0.00254238911374497,2
"20392",3.52437236931345e-05,0.00838263726810523,0.991582119008202,3
"20395",0.912689038809528,0.0860201134404554,0.00129084775001642,1
"20397",0.999718306219412,0.000272227025272567,9.46675531544517e-06,1
"20410",0.00300251250844911,0.996073497527011,0.000923989964540248,2
"20414",0.997953702919552,0.00202779339237535,1.85036880724355e-05,1
"20417",6.27209759312291e-06,0.143061923426655,0.856931804475752,3
"20419",0.000235793907418952,0.999755737658806,8.46843377513711e-06,2
"20421",0.965759189058895,0.0110838746040703,0.0231569363370347,1
"20423",0.99897464917619,0.000801088216916485,0.000224262606893153,1
"20425",0.996782669064997,0.00229253550151844,0.000924795433484384,1
"20427",0.799200037843022,0.200574056124052,0.000225906032925955,1
"20429",0.00196643037471837,0.991952032595879,0.00608153702940217,2
"20432",0.999762273802848,0.000235469205705776,2.25699144616091e-06,1
"20435",0.0533047808717103,0.921024165554774,0.0256710535735155,2
"20438",0.00361742825207345,0.996323003222259,5.95685256677656e-05,2
"20440",0.0011690557053289,0.998744031734094,8.69125605771428e-05,2
"20443",0.983035775172434,0.0150391346106435,0.00192509021692307,1
"20446",0.419990282956011,0.577714634243004,0.00229508280098519,2
"20449",0.0592084476958571,0.925123027576949,0.0156685247271938,2
"20537",0.013000835257075,0.745815961058829,0.241183203684096,2
"20540",2.68433266673247e-05,0.0224534538644054,0.977519702808927,3
"20543",0.638813087288123,0.359514937197856,0.00167197551402115,1
"20545",0.000111694690442863,0.00386573012454735,0.99602257518501,3
"20549",0.872046149310528,0.119699953962302,0.00825389672717005,1
"20551",0.0185758450874202,0.978863011999263,0.00256114291331691,2
"20554",0.00631904533692269,0.993421848392193,0.000259106270883737,2
"20556",0.396372616279177,0.433574826040974,0.170052557679848,2
"20558",0.000179885028418087,0.999399243465362,0.000420871506219606,2
"20560",0.0447769251931918,0.955006168626761,0.000216906180046809,2
"20563",8.91625530543857e-05,0.999261547892067,0.000649289554879109,2
"20565",0.198661691976782,0.799333586240711,0.00200472178250696,2
"20567",0.999447514080695,0.000540519625147946,1.19662941572281e-05,1
"20571",0.00410345976647075,0.967210023808099,0.0286865164254306,2
"20573",0.0401340816935162,0.954063254316112,0.00580266399037131,2
"20575",0.000100679132000248,0.999621184723324,0.00027813614467618,2
"20577",0.558388155390027,0.434979152727816,0.00663269188215665,1
"20579",0.999839794616794,0.000158588967765552,1.61641544088078e-06,1
"20582",4.16296029275095e-05,0.999640231302244,0.000318139094828201,2
"20585",0.00632620830955082,0.176517972027164,0.817155819663285,3
"20588",0.0186350009936425,0.0267308755139241,0.954634123492433,3
"20590",0.999965347452972,3.40512294532063e-05,6.01317574418566e-07,1
"20592",5.50214655403402e-05,0.999705654877866,0.000239323656593429,2
"20594",4.49539514408181e-05,0.99925577607647,0.000699269972089293,2
"20596",0.0308330596528456,0.969148347286083,1.85930610712301e-05,2
"20598",0.0079002446291394,0.991856551761038,0.00024320360982196,2
"20600",0.157307564312607,0.179671437674431,0.663020998012962,3
"20603",0.989163122302255,0.004008840149258,0.00682803754848696,1
"20605",0.000297379610142034,0.99895878281173,0.000743837578127887,2
"20607",0.00146467944888008,0.998499657876797,3.56626743225953e-05,2
"20609",0.0189995856791583,0.980720821444005,0.000279592876836745,2
"20611",0.999537795987636,0.000447474820765559,1.47291915980709e-05,1
"20613",0.184556361429272,0.808911502441588,0.00653213612914,2
"20615",0.409888530696462,0.507214861444305,0.0828966078592329,2
"20617",0.999813204210783,0.000153255698541308,3.35400906761298e-05,1
"20619",0.000185264341361992,0.999704771525977,0.000109964132661018,2
"20621",0.0148826627185099,0.984433307554878,0.000684029726611836,2
"20623",0.978188423993607,0.0218038385692141,7.73743717889796e-06,1
"20625",0.963309463205766,0.00439196769150608,0.032298569102728,1
"20627",0.0539398542654553,0.945208289029204,0.000851856705340966,2
"20629",0.118509504234458,0.877286507501725,0.00420398826381646,2
"20631",0.000158271749890204,0.999467597514868,0.00037413073524128,2
"20633",0.999957898262079,3.88135502401243e-05,3.28818768111546e-06,1
"20636",0.997754407851797,0.00222894945047167,1.66426977307314e-05,1
"20638",0.480230682479435,0.404132191717994,0.115637125802571,1
"20640",0.000789630005371167,0.933411572916332,0.0657987970782968,2
"20645",7.76695303471903e-06,0.993032280869776,0.00695995217718914,2
"20647",0.999223161833173,0.000572566298627492,0.000204271868199605,1
"20649",0.01287039011895,0.973676798792271,0.013452811088779,2
"20651",0.000152457639521011,0.994561809747811,0.00528573261266767,2
"20656",0.00231714783584595,0.954994207401044,0.0426886447631098,2
"20660",0.0103658547500598,0.133917087411242,0.855717057838698,3
"20662",0.998106225383682,0.0018801022886586,1.36723276592578e-05,1
"20664",0.141766780762732,0.858145684879146,8.75343581219033e-05,2
"20666",0.837403407215812,0.00698218003095635,0.155614412753232,1
"20668",0.999755606272042,0.000242276507150505,2.11722080705471e-06,1
"20670",0.00264177843096704,0.996670128995931,0.000688092573101839,2
"20672",0.999743029655997,0.000201216964158382,5.57533798447796e-05,1
"20674",0.0575981598407048,0.942103884498294,0.000297955661001082,2
"20676",0.999956147651103,3.91165427351038e-05,4.73580616172703e-06,1
"20678",0.999968266312235,3.10700138495797e-05,6.63673915110532e-07,1
"20680",0.9965696527886,0.00336316114247069,6.71860689296257e-05,1
"20682",0.986556130333695,0.0134131065223177,3.07631439873451e-05,1
"20684",0.0588127583456003,0.935956285527711,0.00523095612668821,2
"20686",0.999806543891858,0.000170685650593848,2.27704575477069e-05,1
"20688",0.999937623626438,6.12650254771608e-05,1.11134808534906e-06,1
"20690",0.00116984431634535,0.0997339911214475,0.899096164562207,3
"20692",0.999970964345634,2.78615275250349e-05,1.17412684086817e-06,1
"20694",0.99986295560427,0.000130342804127624,6.7015916027991e-06,1
"20696",0.99700198816465,0.00292524076631132,7.27710690388069e-05,1
"20698",0.128792161646079,0.860371581245569,0.0108362571083519,2
"20700",0.0114574378638045,0.987752048622489,0.000790513513706602,2
"20702",0.00017232055827936,0.192701935321831,0.80712574411989,3
"20704",0.0722448454294968,0.927067220132323,0.000687934438180362,2
"20706",0.711715081193188,0.282811224345282,0.00547369446153066,1
"20708",0.999631821890101,0.000364763756379168,3.41435351956594e-06,1
"20710",0.0117888275941047,0.694364007451014,0.293847164954881,2
"20714",0.999383775995877,0.000614275795017334,1.94820910557727e-06,1
"20716",0.00335334377126676,0.996424828663999,0.000221827564734588,2
"20719",0.228424924228166,0.770849226773321,0.000725848998512893,2
"20721",6.63252444820188e-05,0.999670515252864,0.000263159502653569,2
"20723",0.174039622363951,0.818659414690513,0.00730096294553601,2
"20725",0.980004054220673,0.0190235887467835,0.000972357032543591,1
"20727",0.997785765272704,0.000208216225748596,0.00200601850154673,1
"20729",0.99943421684326,0.000545004903748703,2.07782529913642e-05,1
"20731",0.988811298188062,0.00995629137866125,0.00123241043327632,1
"20733",0.0430545667348428,0.951978744468097,0.00496668879706011,2
"20735",0.157225428254264,0.816896835250016,0.0258777364957198,2
"20737",0.999873549641582,0.000125612536957735,8.37821460353905e-07,1
"20739",0.999937278012868,5.40692380513261e-05,8.65274908024071e-06,1
"20741",0.984766250999592,0.0150739050617728,0.000159843938635618,1
"20743",0.971445864141818,0.0283276084436402,0.000226527414541741,1
"20745",0.000479511209222252,0.998844675757059,0.000675813033718514,2
"20747",0.999333838656769,0.000641163416870648,2.49979263603324e-05,1
"20749",0.999710365354537,0.000266657692118353,2.29769533449121e-05,1
"20751",0.992186282065763,0.000405242386372986,0.00740847554786394,1
"20753",0.998923205698658,0.00104755401223533,2.92402891063928e-05,1
"20755",0.999165897321994,0.000826726093709207,7.37658429670653e-06,1
"20757",0.788595240880902,0.211346076557761,5.86825613371603e-05,1
"20759",0.00152129255495508,0.998399683237267,7.90242077784344e-05,2
"20761",0.914374886597082,0.0853301775746078,0.000294935828309795,1
"20763",0.875283145751814,0.122924456984791,0.0017923972633944,1
"20765",0.988406359515208,0.0113747964297166,0.000218844055075213,1
"20767",0.0159888582749636,0.983491697366711,0.000519444358325026,2
"20769",0.00859324291333718,0.468480289888729,0.522926467197933,3
"20771",0.926733580136355,0.0732521172969373,1.43025667073974e-05,1
"20773",0.926416198743077,0.0729903797189544,0.000593421537968573,1
"20775",0.979117688884467,0.0196626358941544,0.00121967522137823,1
"20777",0.472505678715419,0.0934340078758037,0.434060313408777,1
"20779",0.984418336703997,0.0149746899445239,0.000606973351479146,1
"20781",0.0719585370470423,0.000110283306830988,0.927931179646127,3
"20783",0.946524023281459,0.0534273794478419,4.85972706996233e-05,1
"20785",0.997098671326463,0.00284276052103364,5.85681525031598e-05,1
"20787",0.999263192445477,0.000735775735490742,1.03181903233346e-06,1
"20789",0.216261757207368,0.781568791840673,0.00216945095195911,2
"20791",0.999953156659316,4.44706762915501e-05,2.37266439237536e-06,1
"20793",0.226455602691511,0.771530107781529,0.00201428952695996,2
"20795",0.999509782940372,0.000485262631906428,4.95442772130817e-06,1
"20797",0.915888056945518,0.000101214796956679,0.0840107282575249,1
"20800",0.999017513928355,0.000870798532238866,0.00011168753940561,1
"20802",0.968739349035508,0.0310360411901119,0.000224609774379722,1
"20804",0.999830035076493,0.000167798183321358,2.16674018524909e-06,1
"20806",0.999969890895769,2.86769064699469e-05,1.43219776064387e-06,1
"20808",0.00448471948448614,0.995404780471819,0.000110500043695261,2
"20810",0.998173051546174,0.00179622681920754,3.07216346186732e-05,1
"20812",0.968284331448123,0.0190308513876701,0.0126848171642073,1
"20814",0.999978035918567,2.15205196568271e-05,4.43561775912073e-07,1
"20816",0.0200772613751053,0.96940090315946,0.0105218354654348,2
"20818",0.970447165913875,0.0291736132824201,0.000379220803704508,1
"20820",0.999770645126412,0.000176386879732978,5.29679938554292e-05,1
"20822",0.978555925174338,0.0213502982118962,9.37766137656873e-05,1
"20824",0.997627299113609,0.00231136863728368,6.13322491069968e-05,1
"20826",0.999833518795564,0.000139397146485794,2.70840579501534e-05,1
"20828",0.999259571050458,0.000555505786377106,0.000184923163164742,1
"20830",0.999499767167649,0.000466456696709412,3.37761356413512e-05,1
"20832",0.637562164013917,0.36208037771165,0.000357458274433438,1
"20834",0.00939812346695435,0.988730848086889,0.00187102844615611,2
"20836",0.992966192988955,0.00679492694637806,0.000238880064666597,1
"20838",0.999959478566872,3.94284708634997e-05,1.09296226458665e-06,1
"20840",0.0778512425949786,0.921533860686508,0.000614896718513213,2
"20842",0.996018798371882,0.00390260046116683,7.86011669511696e-05,1
"20844",0.919129235488737,0.0808459427586382,2.48217526251808e-05,1
"20846",0.982444955771224,0.0174618856617588,9.31585670175373e-05,1
"20848",0.65224107697005,0.346112733036365,0.00164618999358501,1
"20850",0.0725439554699616,0.927358052288058,9.79922419802493e-05,2
"20852",0.0673923512449936,0.931229485377736,0.00137816337727043,2
"20854",0.999857358178192,0.000123216261566786,1.94255602406458e-05,1
"20856",0.0198843130413712,0.0337805189121018,0.946335168046527,3
"20858",0.00175004073936566,0.996935107331965,0.0013148519286688,2
"20860",0.895235280223941,0.104090473734557,0.000674246041501723,1
"20862",0.000229478973910829,0.999709373719964,6.11473061255562e-05,2
"20864",0.998813564361381,0.000946946662264906,0.000239488976353591,1
"20866",5.71505367629676e-06,0.997933633730714,0.00206065121560947,2
"20868",0.0104374221653355,0.986713117599572,0.00284946023509288,2
"20870",0.937899581213792,0.0603369527103372,0.00176346607587095,1
"20872",0.997882548181533,0.0020581357634188,5.93160550482211e-05,1
"20874",0.999943250289038,5.45044182754446e-05,2.24529268626621e-06,1
"20877",0.00346257011907858,0.980795351775124,0.0157420781057973,2
"20879",0.000181101334965997,0.997158018874518,0.00266087979051649,2
"20881",0.999482031534259,0.000484988085531775,3.29803802094284e-05,1
"20883",0.999674446863616,0.000147457960406224,0.000178095175977782,1
"20885",0.998609284030856,0.00123047643031313,0.000160239538830974,1
"20887",0.136378098062294,0.855779501025755,0.00784240091195051,2
"20889",0.983992846709304,0.0129624313936432,0.00304472189705316,1
"20891",0.000175044937452923,0.995939806385098,0.00388514867744926,2
"20896",0.0818803250087327,0.846677068567484,0.0714426064237838,2
"20898",0.953970524406619,0.0456369992869214,0.000392476306459534,1
"20900",0.907034518447188,5.11070035907618e-05,0.0929143745492211,1
"20902",0.00672539746046539,0.240774096898044,0.75250050564149,3
"20904",0.865749393914414,0.124899311488598,0.00935129459698813,1
"20906",0.00288720693571437,0.980561885450143,0.0165509076141431,2
"20908",0.976527614034982,0.0233715641626836,0.000100821802334738,1
"20910",0.982083961314615,0.0179109892424216,5.04944296306973e-06,1
"20912",0.0586734972223254,0.000177815626790468,0.941148687150884,3
"20914",1.75329305474596e-05,0.988618469993861,0.0113639970755916,2
"20968",0.982386270107422,0.0101808136660784,0.00743291622650002,1
"20970",0.0469494016107989,0.952224073969629,0.000826524419571665,2
"20981",0.0211941707844401,0.978790819073741,1.5010141819249e-05,2
"20983",0.999980700172328,1.82226907092938e-05,1.07713696224109e-06,1
"20988",0.0057732561865186,0.994055123263137,0.000171620550344162,2
"20995",0.0985584333434416,0.23038412048421,0.671057446172348,3
"21017",0.874028832837429,0.125930630554455,4.05366081154327e-05,1
"21038",0.0018408165060375,0.991471622545436,0.00668756094852694,2
"21072",0.0268846748290932,0.967494326676057,0.00562099849484972,2
"21075",0.000231050502665416,0.949929448042726,0.049839501454608,2
"21223",0.834845052766642,0.161090169285916,0.00406477794744178,1
"21225",4.89317205726798e-05,0.000279531599553767,0.999671536679874,3
"21230",0.999975984311719,2.2489450826805e-05,1.52623745487096e-06,1
"21236",0.98784120719665,0.0120719519546177,8.68408487321414e-05,1
"21238",0.232480193547954,0.208809104126638,0.558710702325407,3
"21241",0.00417967831121996,0.995225451597853,0.000594870090927558,2
"21246",0.0272152329585391,0.972757191345907,2.75756955538066e-05,2
"21253",0.999796948367113,0.000179608220699664,2.34434121872326e-05,1
"21256",0.994600841187905,0.00524466373608325,0.000154495076011609,1
"21260",5.02562315556587e-05,0.00896912647438466,0.99098061729406,3
"21266",0.00993144742478924,0.989764115843354,0.000304436731857092,2
"21332",0.00825234624464161,0.991685086654761,6.25671005972326e-05,2
"21334",0.931579298835973,0.0563723356206828,0.0120483655433444,1
"21375",0.000249241798103965,0.999064753650304,0.000686004551591689,2
"21378",1.74400385157766e-05,0.996203721080315,0.0037788388811691,2
"21381",0.00061245925974315,0.987680893676935,0.0117066470633223,2
"21389",0.999162610579017,0.000833012958649068,4.37646233401268e-06,1
"21391",0.0460114697293975,0.953338582769367,0.000649947501235185,2
"21402",0.00313553050955511,0.99685590048705,8.56900339492602e-06,2
"21404",0.00407777493860572,0.742257054999918,0.253665170061476,2
"21409",0.0123252730695177,0.954871538488856,0.032803188441626,2
"21413",0.216361142803857,0.704895088090348,0.0787437691057956,2
"21423",0.000522524921778396,0.996081041300276,0.00339643377794584,2
"21425",0.041161860715899,0.933842662819486,0.0249954764646151,2
"21430",0.0112562528815364,0.00930368153081471,0.979440065587649,3
"21432",0.0193717612890931,0.980475457110597,0.00015278160031014,2
"21438",0.00394261644488626,0.995153504214212,0.00090387934090142,2
"21440",0.0711804853358691,0.926469461329287,0.00235005333484414,2
"21443",0.999317772211729,0.00067336572758063,8.86206069066997e-06,1
"21445",0.00110169811196563,0.00154687855867324,0.997351423329361,3
"21447",8.81021560686388e-05,0.996313349432094,0.00359854841183788,2
"21449",0.0015007200750983,0.998487102787453,1.21771374485125e-05,2
"21451",0.0015007200750983,0.998487102787453,1.21771374485125e-05,2
"21455",0.000831926878751167,0.999156337185925,1.17359353240146e-05,2
"21469",1.39271255302648e-05,0.871143914528027,0.128842158346443,2
"21471",0.000414038251620259,0.785806935000314,0.213779026748065,2
"21473",0.945934358839714,0.0500332658448474,0.00403237531543873,1
"21476",0.629792811111796,0.355745830235546,0.0144613586526583,1
"21478",0.939561767344694,0.0552804786878559,0.00515775396744978,1
"21481",0.998496922670058,0.00144296531975665,6.01120101849176e-05,1
"21490",0.00301309284784895,0.993164631933152,0.00382227521899893,2
"21493",1.64011051226501e-05,0.975014249632843,0.0249693492620348,2
"21495",0.24225648949084,0.752408206607889,0.00533530390127092,2
"21500",0.0133461179175761,0.985657336630895,0.0009965454515288,2
"21504",0.133436888539522,0.865238227604566,0.00132488385591227,2
"21507",8.56207812808808e-05,0.984006432464804,0.0159079467539154,2
"21512",0.00205276533181136,0.995996059881607,0.00195117478658154,2
"21519",0.966160605916524,0.0337184728746631,0.000120921208812318,1
"21522",0.135556662010993,0.00394794845871446,0.860495389530293,3
"21524",0.0038478601823028,0.99599983463091,0.000152305186787077,2
"21528",0.000160315086081824,0.998453096688458,0.00138658822546059,2
"21532",0.0676127513018567,0.866259100519469,0.0661281481786742,2
"21543",0.859657803143608,0.120782364664339,0.0195598321920523,1
"21546",0.0815888025973136,0.886910217618904,0.0315009797837827,2
"21550",0.000124690502623073,0.996676174909626,0.00319913458775081,2
"21554",0.00037203036965842,0.999553605365236,7.43642651053708e-05,2
"21557",0.953899657762982,0.00869321716168206,0.037407125075336,1
"21560",4.78071176302934e-05,0.982271808103809,0.0176803847785606,2
"21564",0.52476616081581,0.475132927220818,0.000100911963371634,1
"21566",0.000231600369561625,0.999232547358115,0.000535852272323001,2
"21569",0.0935092176899781,0.8903941299739,0.0160966523361216,2
"21574",0.995718181879193,0.00293563123360438,0.00134618688720221,1
"21576",0.985934708496884,0.0140166614447251,4.8630058391457e-05,1
"21578",0.999694642049548,0.000283504014487284,2.18539359649465e-05,1
"21580",0.982159455115965,0.0177679297134765,7.26151705579271e-05,1
"21583",5.94513829733194e-05,0.99876698463644,0.00117356398058681,2
"21585",0.999535503367176,0.000461050482487274,3.44615033666569e-06,1
"21587",0.997039853210313,0.00256048229652382,0.000399664493163174,1
"21589",0.99531088215929,0.0027017261183614,0.00198739172234866,1
"21593",0.591491958913294,0.00223343008084639,0.40627461100586,1
"21595",0.971288446298848,0.000654799290920313,0.0280567544102319,1
"21597",0.809163401934855,0.190707980961106,0.000128617104038736,1
"21599",0.999977374801174,2.22135163671987e-05,4.11682458623721e-07,1
"21601",0.319892234417899,0.618757182114892,0.0613505834672096,2
"21603",0.999934966270669,6.41712969716916e-05,8.62432359080113e-07,1
"21605",0.999688054949932,0.000285682520878394,2.62625291893707e-05,1
"21607",0.881176024487426,0.0874509317634931,0.0313730437490808,1
"21610",0.759012384880049,0.236640913211986,0.00434670190796498,1
"21612",0.999498550652122,0.000486830805691119,1.46185421870927e-05,1
"21614",0.439274173480089,0.542272738178479,0.0184530883414324,2
"21616",0.918643534694198,0.0737383640172102,0.00761810128859186,1
"21618",0.0027243798858517,0.822174730039618,0.17510089007453,2
"21620",0.999491265025001,0.000498802732836473,9.93224216230505e-06,1
"21622",0.000524181733441662,0.979129692437621,0.0203461258289374,2
"21624",0.985079180180437,0.0125438391511387,0.00237698066842394,1
"21626",0.685084129987408,0.314892341782205,2.35282303867774e-05,1
"21628",0.127410418315437,0.8626379241075,0.00995165757706325,2
"21630",0.956786467232435,0.0429362123026615,0.000277320464903159,1
"21632",0.159281801616888,0.838125961152555,0.00259223723055747,2
"21634",0.043294398213448,0.956043940207235,0.000661661579317126,2
"21636",0.996609396292253,0.00269654132731054,0.000694062380436936,1
"21638",0.999860416615906,8.93181140604192e-05,5.02652700330254e-05,1
"21640",0.705206873978367,0.290378000356443,0.00441512566518985,1
"21642",0.993875367259186,0.00597056781542722,0.000154064925386296,1
"21644",0.933970226526167,5.10563141105231e-05,0.0659787171597218,1
"21647",0.999678899602733,0.000284818720883817,3.62816763834396e-05,1
"21649",0.994026442411285,0.00573374276236507,0.000239814826350134,1
"21651",0.978043327801228,0.0194488119580406,0.00250786024073145,1
"21653",0.472477101375163,0.00160681313460351,0.525916085490234,3
"21655",0.999942063956981,5.1975107090748e-05,5.96093592850588e-06,1
"21657",0.995257886131058,0.00453445335038058,0.000207660518561689,1
"21659",0.998166504470439,0.00175612473767356,7.73707918877046e-05,1
"21661",0.996951865398325,0.00266168745386484,0.00038644714780982,1
"21663",0.998600143289503,0.00135104198688108,4.88147236156747e-05,1
"21665",0.998515799208024,0.000609275571977719,0.000874925219998164,1
"21667",0.0873099261737656,0.912389350880447,0.000300722945787478,2
"21670",0.243976083406867,0.751824525006743,0.00419939158639083,2
"21672",0.956648870981043,0.0414176312968031,0.00193349772215359,1
"21674",0.000414947006993162,0.999047420329552,0.000537632663455202,2
"21676",0.0129823538600021,0.986954516832241,6.31293077568147e-05,2
"21678",0.0323643068923372,0.00493720792313154,0.962698485184531,3
"21680",0.997151388065166,0.00133070487064463,0.00151790706418941,1
"21685",0.0217625058513701,0.973463765631715,0.00477372851691471,2
"21687",0.322916980695381,0.0675562096311787,0.60952680967344,3
"21690",0.998547934644248,0.00129454004558129,0.000157525310170343,1
"21707",0.00014461701271878,0.999401684356023,0.000453698631258512,2
"21710",0.00184693042446436,0.0741419920421197,0.924011077533416,3
"21713",0.0025465120042423,0.996451991057003,0.00100149693875446,2
"21718",0.0321585740841153,0.208827556403534,0.759013869512351,3
"21721",0.141962651407579,0.00221098467289668,0.855826363919524,3
"21723",3.48089154129187e-05,0.980657252082183,0.0193079390024036,2
"21726",8.06005323540756e-05,0.999873423938841,4.59755288047179e-05,2
"21729",0.996601150219763,0.000526103606235761,0.00287274617400111,1
"21733",0.999765028303923,0.000190817995770954,4.41537003058485e-05,1
"21735",0.0530310577066569,0.135595678522476,0.811373263770867,3
"21739",0.0150084961432475,0.984465253693843,0.000526250162909433,2
"21741",0.00427491295435614,0.995155428594956,0.000569658450687808,2
"21744",0.0311499826564136,0.9684810440885,0.000368973255086013,2
"21746",2.75609772778935e-05,0.997386802285804,0.00258563673691775,2
"21748",0.0010337188870263,0.991539918048141,0.00742636306483297,2
"21750",0.997969058787431,0.00201851611737727,1.24250951913085e-05,1
"21752",0.016235179802541,0.981633478520196,0.00213134167726262,2
"21755",0.307275079972494,0.691721945112818,0.00100297491468772,2
"21757",0.88005806304514,0.109796447109063,0.0101454898457963,1
"21760",0.0985584333434416,0.23038412048421,0.671057446172348,3
"21762",3.92296205341326e-05,0.999159480185382,0.000801290194083727,2
"21764",0.99963223901615,0.000349169157874156,1.85918259765168e-05,1
"21766",8.27843685828608e-05,0.998128785072613,0.0017884305588041,2
"21768",0.569669710954929,0.426143406853443,0.00418688219162845,1
"21770",0.451710720628216,0.547307888032597,0.000981391339186909,2
"21773",1.36006050678381e-05,0.964251032170411,0.035735367224521,2
"21775",0.931749794564456,0.0678745987761239,0.000375606659420558,1
"21777",0.99940900258981,0.000538033648213785,5.29637619758267e-05,1
"21779",0.444309413918152,0.525146761026562,0.0305438250552862,2
"21781",0.056822697316103,0.94280093219135,0.000376370492547026,2
"21784",0.00180197337387685,0.996633278896684,0.00156474772943879,2
"21786",0.756195820136441,0.24365630370641,0.000147876157147939,1
"21789",0.121481466184834,0.873826834320016,0.00469169949515083,2
"21791",0.00128459031319813,0.994836703621993,0.00387870606480899,2
"21794",0.933493127092361,0.0638772478281762,0.0026296250794628,1
"21797",0.0401918905166352,0.0328268530808987,0.926981256402466,3
"21800",7.57065495274135e-05,0.136338983456096,0.863585309994376,3
"21802",0.0398948583855836,0.931571254106502,0.0285338875079142,2
"21804",0.00304826804200582,4.27969824323817e-05,0.996908934975562,3
"21806",0.118344546912074,0.0099813418304612,0.871674111257465,3
"21808",0.470108939226468,0.0415057729603834,0.488385287813149,3
"21811",0.0147136360241385,0.22132385485444,0.763962509121421,3
"21815",0.00356054576501086,0.996032502869078,0.000406951365910688,2
"21817",0.0195694917447671,0.0104763846832217,0.969954123572011,3
"21820",0.00488574557499185,0.931181573371476,0.0639326810535319,2
"21822",0.975873033931635,0.023609155430054,0.000517810638310532,1
"21824",0.969486292416276,0.0304861620636114,2.75455201122339e-05,1
"21826",0.000186054934889987,0.99923983862522,0.000574106439889679,2
"21828",0.505031528115542,0.494887133619165,8.13382652935063e-05,1
"21830",0.985664144683634,0.0142923547641106,4.35005522551129e-05,1
"21833",0.857631833517994,0.142320275220481,4.78912615250981e-05,1
"21835",0.857631833517994,0.142320275220481,4.78912615250981e-05,1
"21838",0.00137819376337055,0.840037540362983,0.158584265873647,2
"21840",4.65356955298653e-05,0.991204592600008,0.00874887170446182,2
"21842",0.00312020179121728,0.662992912823225,0.333886885385558,2
"21844",0.837302209889626,0.16261712769768,8.06624126945511e-05,1
"21847",0.0341721664320007,0.964557725910446,0.00127010765755344,2
"21849",0.781568133773162,0.217555838688496,0.000876027538341997,1
"21852",0.095733856228402,0.826603406571957,0.0776627371996413,2
