"","V1","V2","V3","V4","V5","V6","V7","V8","V9","best$classification"
"19811",0.000449325185711893,1.57492947204366e-05,0.0018348191502178,0.0508565826993578,0.000385514887567832,2.83580211250792e-09,4.91027704801453e-10,5.80608122932021e-07,0.946457424847471,9
"19813",9.2857518138455e-07,4.13947464757569e-08,4.63551197352496e-07,0.99999290305896,1.19243011014957e-08,1.96201512456592e-08,2.58597509442632e-12,1.0053310380489e-08,5.62181956566708e-06,4
"19815",0.00613579291804964,0.00129977926982458,0.0281499107914769,1.09952248597601e-06,4.60033469766756e-06,3.16082665285891e-09,2.92210293728803e-05,0.000208018219029834,0.964171574754236,9
"19817",0.00421447567570385,7.35924220750271e-05,0.00353869083210123,4.53412663779117e-06,0.000301952616781825,2.35140211244396e-10,2.22138114733591e-07,3.92883500650344e-06,0.991862603118439,9
"19819",0.0380076278745974,7.75719861078222e-05,9.53694451035926e-06,2.88734884310258e-11,5.59787166165396e-08,0.00437395896191439,0.649590040174332,0.307939137374823,2.07067612505854e-06,7
"19821",0.00448565243153202,6.07618553530648e-07,0.000433165391815215,0.0149503394354639,0.0129501072225561,1.14227816995782e-07,6.08413689301177e-09,5.70235738101785e-05,0.967122984014315,9
"19823",0.001591601961927,0.571016758254982,0.000342716410989415,8.33948937993861e-07,4.64593801995115e-05,6.61664752980794e-09,0.000971172305969346,1.11484806407102e-05,0.426019302639707,2
"19825",0.00622115375262887,3.98807643274803e-06,0.00218481924772353,0.00131789837940552,0.548565396447033,0.432557588685693,5.73709520901516e-05,0.00868842764002333,0.000403356818970173,5
"19827",0.00390398240446909,0.000182795848494708,4.23318902234531e-05,2.33298907192918e-07,0.35152390595907,4.7659735664228e-08,3.42339342622116e-06,8.4712083582492e-06,0.644334808337315,9
"19829",0.903967591878475,6.90642068811121e-08,0.000106556608054443,7.42526114263059e-07,0.00320530419653678,0.00299938517851091,9.4733788309095e-05,0.0894146585654054,0.000210958194387479,1
"19831",0.756947268293715,0.00358451167190275,3.91727757971723e-05,1.67030333667147e-07,9.16859407740394e-08,0.0178053544669984,0.102985287181627,0.118621182265295,1.69646283909368e-05,1
"19833",6.49704998954143e-07,0.885480284490841,0.001576955493715,5.73903272088059e-07,1.15042397507133e-05,0.00148516290256667,0.111443815361336,9.07133865780177e-07,1.4676965370833e-07,2
"19835",0.00448565243153202,6.07618553530648e-07,0.000433165391815215,0.0149503394354639,0.0129501072225561,1.14227816995782e-07,6.08413689301177e-09,5.70235738101785e-05,0.967122984014315,9
"19837",0.0255602825200867,1.32182303794798e-05,6.00608738861825e-05,1.96350631891606e-06,0.0189862846878974,7.4770446329994e-09,3.10215388333212e-07,2.38179676223996e-05,0.955354054521376,9
"19839",0.37518820931678,3.56155876706272e-07,0.000711146127524433,0.000416481339410176,0.0109223629208113,0.568477187488892,4.22559648023278e-06,0.0437757336573925,0.00050429739683209,6
"19841",1.42245125053791e-06,9.92014066812774e-10,2.13983779653154e-08,1.35799259410007e-05,0.999841488730206,0.000139162821663352,1.10500891044441e-09,1.94242417503359e-07,4.12833312129826e-06,5
"19843",0.0146704080310747,3.49631430567545e-07,0.00239465415945039,0.0076599068735035,4.1147329427026e-09,0.576987370016679,1.71082047915659e-05,0.398268720474362,1.47849397525747e-06,6
"19845",7.35442575401296e-06,9.32466262213287e-06,9.87687935632119e-05,0.966108270201178,3.1542574300865e-06,5.5010512145467e-10,7.88778854254936e-11,4.38937781318052e-08,0.0337730831366909,4
"19847",0.0457432862866398,0.000625512685823016,0.0321752680362093,0.00894152336999073,6.20969095618676e-06,2.53768255754796e-07,2.29294143102124e-06,0.000711598549095847,0.911794054671598,9
"19849",7.05503750098508e-08,4.32121922087005e-08,8.98028484232945e-08,0.99998264093984,2.84281650858789e-08,1.52332622974452e-09,4.31450170360534e-13,8.87338960366187e-10,1.7124655482034e-05,4
"19851",0.000495749231252885,0.000237277637660347,0.000964436743345953,1.30873653354986e-05,1.15196565121642e-05,4.90437523707152e-11,1.23770356469588e-07,1.53355661000254e-06,0.998276271989883,9
"19853",1.16581258174755e-05,0.0688414664374734,0.000108005512415244,0.0144964376780221,0.00015408849318953,3.4970076809915e-11,5.84267424814511e-08,7.08195644994538e-09,0.916388278209413,9
"19855",0.000331152081778129,0.000341753278668645,0.000159010913831592,0.000823149479591315,0.00179936665696568,2.51798393094202e-11,9.93885181660584e-09,3.70616124599103e-08,0.996545520563521,9
"19857",0.367230465693921,3.38848924769024e-06,0.00856495422401936,0.0165987547495383,0.0121269638517163,8.25075002564975e-07,3.7675182516341e-08,0.000258087173416546,0.595216523067956,9
"19859",0.0620559755899452,0.000486529961524075,0.00313559140530334,9.29188352219634e-06,0.0090834843504083,3.23882019458836e-08,3.34791760922368e-06,2.67379457693615e-05,0.925199008557716,9
"19861",0.000326766152291039,0.000117012850402811,0.00062588473532262,0.173139685941273,1.29760255742958e-05,1.31862668173204e-09,1.90642030581751e-09,7.78206535623495e-07,0.825776892863553,9
"19863",4.87015610206213e-08,2.17269434793389e-08,3.10936716782156e-07,0.994116144279626,0.00586956906207687,1.90176589538371e-06,1.52825410608632e-12,5.7130361749184e-10,1.20029543483364e-05,4
"19865",5.11074872469683e-06,1.10217936596344e-08,2.47314812976373e-06,4.2775382844512e-07,0.998637042440437,1.94491069108558e-08,5.08405895801318e-10,2.93580959027084e-08,0.00135488557147725,5
"19867",0.00208219960054422,0.000248301412899292,0.0132983966074019,0.00770881523977674,8.10724436580806e-07,8.77139437568693e-09,3.20218166014423e-07,0.000111256484542028,0.976549890940839,9
"19869",6.92543395282379e-07,2.84949481462254e-07,6.56308791212041e-07,0.996725396902562,1.21718644467935e-05,1.81506563180388e-10,9.07475884024395e-13,1.07101553630455e-09,0.00326079617789372,4
"19871",0.190059091007837,0.000127437330626052,0.000784050488491448,1.21432941489773e-06,0.0316597501118323,2.96892753809599e-08,5.95724683562716e-06,7.58184361237821e-05,0.777286651359563,9
"19874",9.95048388875164e-05,3.37150802325351e-05,0.00042622424024279,2.39344085377725e-06,0.785317644916342,1.07458472418215e-08,8.78631670534725e-08,1.87099525857109e-07,0.214120231774902,5
"19876",5.64335872525238e-05,5.92911971276829e-06,1.50090955651767e-05,0.000231750992419048,0.168765439536499,1.69428646628332e-10,4.94417933258322e-10,1.90556993779625e-08,0.830925417949006,9
"19878",3.84169092446165e-05,7.23458846734083e-07,0.997954400650608,1.21757585202852e-06,6.53924454177953e-07,4.50866530757324e-05,1.22581001307833e-05,0.00180631937519397,0.000140923352593781,3
"19880",4.57453936374055e-07,3.30006635112934e-08,5.19806518245039e-08,5.44557450614789e-06,0.99901071433694,1.17107934288265e-09,2.40354743298025e-11,3.56774510355048e-10,0.000983296101412404,5
"19882",6.12033707653222e-05,0.000134954673423984,0.0103213411330374,0.310720776095567,0.000524406809878342,6.50750805053608e-09,5.12266892507558e-09,6.93753811028012e-07,0.67823661253334,9
"19885",0.125091411311136,4.96228465249762e-06,0.00757374691563755,6.54098131746081e-06,0.000275355603585507,1.36515673133465e-08,5.04930642886397e-07,0.000441980230879558,0.866605484090581,9
"19907",0.000497488852281932,5.50629455405363e-05,0.0142229198761783,0.0903517284111435,5.67758485108383e-06,4.20837830231719e-09,4.25934604995892e-08,2.69381119140954e-05,0.894840137416252,9
"19909",0.9425550348737,2.11897703637699e-07,7.22909490818177e-06,2.52135308228887e-05,4.17966657908565e-07,5.95329526742299e-05,3.72678364181772e-06,0.0567895110741682,0.000559121825722972,1
"19911",0.981831410228036,7.1449858689946e-06,6.0330359800826e-05,1.57165966191482e-06,0.00264542180087551,0.00175289847196726,5.63954105569577e-05,0.0125665049840104,0.00107832209922224,1
"19913",1.7449873142457e-07,9.86413258141814e-09,1.08821267418143e-08,8.05601445477423e-08,0.99999401995614,3.81104359780586e-07,5.83912966659474e-10,1.5613493102201e-09,5.32098910243848e-06,5
"19915",0.000188798042147959,2.82669791330881e-05,0.00012390682964736,1.1679677763036e-06,0.314286479456561,8.15258265179218e-10,6.20680788835753e-08,2.21785798833843e-07,0.685371096055598,9
"19917",0.000193644856624822,1.0462716359087e-06,2.44394360473682e-05,8.80317846737949e-07,0.992536663599669,4.90543316361878e-07,1.70687766484766e-08,3.67096408882833e-07,0.00724245080967447,5
"19919",0.00501565139254643,7.3933111588599e-05,0.00461752688253269,7.73930814906249e-07,0.119480286084766,1.35251566008383e-08,1.11085614825272e-06,6.78160540829149e-06,0.870803922611038,9
"19921",0.00204535257792126,9.49674191333106e-05,0.00622098776422814,0.000215133915241923,3.01595372014223e-06,4.24260106567192e-10,8.89118012542003e-08,1.38977683813671e-05,0.991406555265313,9
"19923",0.000191344893493678,0.000383002543907719,0.993699101099058,5.43219780291632e-06,2.43138101498126e-08,4.74247831583155e-07,5.54060088286343e-05,0.000535821440018618,0.00512939325524869,3
"19925",6.44336766862604e-05,2.74793757905324e-06,8.2820292110695e-05,3.55854308120961e-07,0.946898846495272,8.89188577959552e-09,2.40637487803354e-08,1.45030036495809e-07,0.0529506177583727,5
"19927",0.00148096646361334,0.000115347985528099,0.000235735422694752,1.72076519979358e-05,6.44331023946572e-05,5.29465704909109e-11,5.68237028538294e-08,1.03710210504888e-06,0.998085215395017,9
"19929",3.35494460473676e-07,3.40618068039917e-08,7.64072620363252e-08,0.404239266001244,0.595662268934736,3.31791267552405e-06,3.16103236699941e-12,1.11188637332784e-09,9.47000727683751e-05,5
"19931",0.00632648698447159,0.000153287944029968,0.000850826725541032,4.39278939966935e-07,0.000343642804260802,3.59222109398937e-09,1.97819235968956e-06,3.05923677308374e-05,0.992292742110445,9
"19933",0.844911549634761,1.16483985612593e-05,0.000132982886950906,1.08163705140941e-07,0.000194435470658256,1.08367971025827e-05,0.000267613505073631,0.0782181922914836,0.0762526328517039,1
"19935",0.149512849656809,1.8141899927333e-06,0.0196999221962147,0.000669669126832557,0.000722185326386217,1.10682040329463e-05,5.88780875772697e-07,0.0176128088032788,0.811769093715578,9
"19937",0.00218947239531476,0.00116145902524089,0.00329349886931052,1.58467415323513e-06,5.01059405669153e-06,2.11775525820893e-10,4.68080941793745e-06,1.83991100744491e-05,0.993325894310656,9
"19939",0.00137067851661611,4.36429155711521e-05,0.284941656344299,3.26052345794641e-06,0.000681777058328504,3.4260928588055e-09,3.37359498401137e-06,5.27132905204455e-05,0.71290289433013,9
"19941",0.81598019462135,9.47500775247277e-07,6.4278113130956e-06,7.3254781120953e-05,0.0216652587184878,0.116973147405753,9.35298452593584e-06,0.0441228228174113,0.00116859335926293,1
"19943",2.16020622971941e-06,1.67084098181769e-07,4.95757178582848e-07,2.66923972591343e-08,0.999625296482233,8.19087561190771e-09,5.28257080888814e-09,5.10639398892906e-09,0.00037183519802278,5
"19945",0.83021646585311,4.0522467611261e-05,0.00396837542753103,4.55800103588395e-08,7.48386582195209e-06,8.1591293876855e-05,0.000757850860055554,0.148749526708539,0.0161781379434441,1
"19947",0.541839756265095,7.91723823387633e-06,0.000127880235577256,0.00876469832397839,0.442708502329608,0.00270607875183167,1.0707055490674e-05,0.00156872454444337,0.00226573525574186,1
"19949",0.00210016208878848,0.000110984911428208,0.961945542609669,1.7163183772978e-07,2.3239206216949e-07,1.69587633144965e-06,0.00077975513160747,0.0168484515382435,0.0182130038200318,3
"19951",0.00130028790311804,9.14529250311265e-06,0.053128436993567,4.5939446518574e-06,0.724024619243354,3.33453565589025e-06,1.23886070919437e-06,5.8486214569986e-05,0.221469857011871,5
"19953",0.0245304371994279,0.0438725408776736,0.00119360810779287,1.06924209367977e-08,7.94000138680067e-09,0.000142277326339003,0.843564694446003,0.0865363547176671,0.000160068692674454,7
"19955",0.509059492338035,0.00157329233857466,0.30831702789613,4.07059272695201e-06,5.98776783048937e-07,0.0123036284750485,0.0206166188726055,0.147888986092243,0.000236284617854095,1
"19957",0.0519283546342083,0.00541171600925108,0.000151187344177394,8.63633724459271e-06,0.89802116129598,2.57435331659161e-06,4.23339342153963e-05,6.09714102105846e-06,0.0444279389505849,5
"19960",0.716133467248607,1.25865474462427e-07,0.00314089830548161,1.76447839761093e-05,0.000116182913875692,0.00256203883207133,8.39761247049511e-05,0.277730174391725,0.00021549153408488,1
"19963",6.30734858095886e-05,0.0986125690183681,1.64999531074875e-06,9.57505485998134e-06,0.878359453594714,0.0205211824916381,0.00232831937234046,3.32111066196923e-06,0.000100855876297235,5
"19965",0.0426155652551973,1.00425507415396e-06,0.130541345038222,2.06093117692103e-05,3.43563634841437e-09,0.0166998438279123,0.000267968186428604,0.809841236194806,1.24244949540074e-05,8
"19968",0.00178157344870322,2.13218003961992e-09,2.87521654069182e-05,0.232726729377325,0.75573530204201,0.000157532486038966,2.25650984369393e-10,5.7175414874639e-05,0.00951293270780953,5
"19971",4.62456282506719e-05,1.33824544952472e-05,8.54031650387004e-06,5.0068584623883e-08,0.991628498689666,0.00745003413040355,0.000834307752018062,1.69240153093156e-05,2.0169447682904e-06,5
"19973",0.00180368956321609,2.60620945606705e-06,0.000462591498591072,2.36730683941419e-05,0.00182674214108605,5.46162579857509e-10,6.46459752329334e-09,2.68177366612903e-06,0.99587800873483,9
"19975",0.000181232369211664,3.29248239828138e-08,2.96247230846064e-05,1.36459367388144e-05,0.97973329112197,8.24768793009162e-08,6.3840981132181e-10,3.97704614406744e-07,0.0200416921042678,5
"19977",1.14548535930053e-05,2.08128803835866e-05,0.000541449081136265,2.80046487250021e-05,0.998817023655022,0.000381301003641367,1.52116388647168e-06,8.96333404589338e-07,0.000197536380207123,5
"19979",0.0453510448552053,7.98744627433025e-09,3.80576577445407e-06,5.10175586751746e-11,2.28744202695561e-07,0.0462025832106838,0.00408023924837208,0.904361982498774,1.07638523307939e-07,8
"19981",0.669759310550286,3.38388562152433e-05,0.000492863640383047,0.000426975888442095,0.000104981551733873,9.44536734513508e-08,3.10924424521064e-07,0.000268511617556866,0.328913112517285,1
"19983",0.347754357280585,9.37182170696699e-05,0.341824879608151,0.000451443107131688,9.87678782189498e-06,1.18491172785385e-07,5.64198306629931e-06,0.00203885317331845,0.307821111351684,1
"19985",5.72683555433475e-05,3.60924832302525e-06,9.12973353293153e-05,2.25397987227328e-05,0.790580988089102,1.09180191615919e-09,1.60744434850127e-09,2.47963496581822e-08,0.209244269677383,5
"19987",0.423104331946212,1.40279942485385e-05,0.000173414606148321,1.91923334569264e-06,0.0205474016942373,1.41574617733545e-06,9.8042112541793e-06,0.00229562342119704,0.553852061147179,9
"19989",0.0098584765993339,3.47162272041025e-07,3.45395339099159e-05,6.15178125199843e-11,2.10511463306718e-10,0.000851812639185071,0.0113485589149829,0.977905362502066,9.02376221466204e-07,8
"19993",0.0391419734911248,3.18873719584661e-06,0.703926157993294,2.6363451703817e-07,0.0106283162090491,3.47435288845892e-05,0.000407939345018948,0.0779525235607987,0.167904893500117,3
"19995",0.507501845050493,6.47403308796564e-06,0.0467386136934105,3.67962261134316e-06,0.00391135255294434,0.000838707698352593,0.000154216630308277,0.317867816736528,0.122977293982263,1
"19997",0.000431480986806496,4.10890254829314e-05,0.000299199020171684,1.95737902722375e-05,0.00328970658643342,8.59756256300653e-10,1.49034593530671e-08,4.88843410849486e-07,0.995918445984207,9
"19999",0.000194543671177209,6.40073348204638e-06,3.5633599419046e-05,0.000740984865377395,0.0205591898475606,9.4406255075966e-11,3.37093842481461e-10,3.29555703529014e-08,0.978463213895913,9
"20002",2.84030326645192e-05,2.11211103462749e-06,3.4128713386523e-07,0.455732546103869,0.507163035328516,0.0368021026553544,2.91883473135497e-08,7.36574868714268e-06,0.000264064544393268,5
"20004",0.936657923201891,8.90724416782633e-07,7.81346457355575e-06,7.05203458857017e-05,0.000852385568923938,0.000396740915088028,4.0674724922361e-06,0.044868083313187,0.0171415749935421,1
"20006",0.616658763992581,6.46166912896033e-05,0.314328380083517,0.000824538015814517,0.000249409142999937,0.00793705543263091,0.000470010583671091,0.0585971363754566,0.000870089682039851,1
"20008",0.00170414108388357,6.01108782557835e-05,0.87099287446077,1.3465496123537e-05,2.28946677308309e-05,0.0469347606871961,0.000758225032056424,0.0786474017725252,0.000866125921459054,3
"20010",0.173260672961403,0.000170269274676493,0.400587791853945,2.61149255781665e-09,7.78242573986012e-07,8.99304121433329e-05,0.0412639466684059,0.381510787448857,0.00311582052650281,3
"20012",7.47826153163844e-05,4.45831684696696e-07,0.00212457518845907,0.00899186952891441,0.80156129713127,9.34693723335743e-08,2.77537903697056e-09,1.3686899585684e-06,0.187245564769645,5
"20015",0.00541659721195647,1.31501345041393e-10,0.000809903778076161,8.87606015544968e-08,2.58878810528808e-09,0.0066728496075671,5.81772095752166e-06,0.987094255363691,4.8483686114716e-07,8
"20017",0.0013163073950513,8.67876791078629e-06,5.91134039263837e-05,0.00247763906478348,0.00953877905138884,2.63313863251753e-10,8.3318840664822e-10,1.70920819319e-07,0.986599310299618,9
"20019",0.00170169756762392,1.16689813462773e-08,0.000113849453455626,5.58822218580357e-12,3.62263806148718e-10,0.0382660785434631,0.0187143119494455,0.941204046668687,3.78049174145902e-09,8
"20022",0.726600002084522,2.93928250951673e-06,0.00348970564254295,2.51352165812831e-09,1.97506505399924e-07,5.34880802497528e-05,0.00165742033016778,0.267844919037639,0.000351325522341781,1
"20024",0.00449106685644753,0.000260376906897831,8.48639627462672e-05,6.19726910904275e-09,3.2034362892386e-09,0.0200875297490043,0.827307066390546,0.147768890245401,1.96488251879396e-07,7
"20026",0.00449106685644753,0.000260376906897831,8.48639627462672e-05,6.19726910904275e-09,3.2034362892386e-09,0.0200875297490043,0.827307066390546,0.147768890245401,1.96488251879396e-07,7
"20028",0.000100805655173161,2.48359316087754e-05,1.11165382910164e-05,6.58611594483954e-05,0.0546259623353366,4.15970183467685e-10,2.40827416690686e-09,5.01183242225779e-08,0.945171365437574,9
"20030",0.251015478287033,4.74859370359809e-09,4.86250537031165e-06,2.04028611335449e-06,4.78024936882873e-05,0.162325127985603,1.74597098698944e-05,0.586569191711489,1.80322722395454e-05,8
"20033",0.0239634669238537,6.22854073858301e-06,0.000154175558802822,1.94727679688302e-05,0.167160930569573,4.42257567421906e-08,2.0114794165024e-07,2.69258285758142e-05,0.808668554436788,9
"20035",0.00157547840239759,1.42728005375818e-08,0.000145333924440308,1.40704087374593e-11,3.21958100315034e-10,0.00462771993446289,0.0247565816286207,0.968894859879419,1.16218307162091e-08,8
"20037",0.00159619654705359,7.64690153151838e-09,0.000380868689912104,7.28050025583049e-10,6.34855533790209e-12,0.00757838045045783,0.000843100986719675,0.989601430335565,1.46089914940033e-08,8
"20039",3.65369324967754e-07,0.00209255932423434,1.14730772286623e-05,3.3521709039696e-12,2.52685574869744e-12,2.03661136954475e-06,0.997817424242824,7.61387509433036e-05,2.6181962154433e-09,7
"20041",0.0239808025141671,0.000282816404881627,0.972080366628931,1.50575533615623e-06,1.35284335563172e-05,1.31620836125935e-06,0.000254039925162292,0.000673477277126684,0.00271214685247714,3
"20044",0.178455652925117,0.00127999492819926,0.791315850330323,9.9122711753065e-06,0.00118019739802725,1.57683288083825e-05,0.00354834849509027,0.00614105294477313,0.018053222378487,3
"20047",0.00298968696690531,4.54366904220521e-08,4.00745963604779e-06,3.36040677069617e-12,6.9793041500178e-09,0.453987421431048,0.0607606869428801,0.482258143364664,1.41551131471567e-09,8
"20050",0.00165865298025456,0.00166882505774752,0.329541810438477,7.26330086191376e-11,5.00429675872021e-06,3.60240191241782e-05,0.630623067073952,0.0355458739095942,0.00092074215145885,7
"20052",0.139267015079029,0.00073124250194431,0.0232482646152019,1.61829366145137e-07,0.0254088184328978,1.78311787287862e-06,0.000177570079040431,0.00100040718249225,0.810164737162155,9
"20054",0.678817192556678,1.37272723253575e-09,0.0001086623546163,5.85607400250446e-06,1.01893444710529e-06,0.0019427876075703,1.79582188614828e-06,0.319093777700931,2.89075771415202e-05,1
"20056",3.60221943907579e-05,1.79286176651923e-07,8.98801962897179e-07,1.00378190025981e-07,0.998947110605946,9.8935515259936e-06,1.63979042660957e-07,4.13505966888138e-06,0.00100149614309635,5
"20058",0.0128732725668731,1.34236002509271e-07,8.8195985287012e-05,1.04672174108351e-09,4.33321539783354e-11,0.000895225306376046,0.0024821022482498,0.983660467145058,6.01422100233098e-07,8
"20060",0.00181178738609177,2.29687945531926e-05,0.00111479797654149,7.58867921652257e-06,8.15817381551616e-05,2.68000880671247e-09,4.96404741450912e-07,6.65959888369467e-05,0.996894180351855,9
"20062",0.0119761504390859,1.56067560391949e-05,0.29173327848562,1.43603611188309e-05,4.94705148080131e-05,9.5346157487179e-08,2.03663334982473e-06,0.00117562120579053,0.69503338025803,9
"20064",0.882684324625835,2.21025770879588e-07,0.000123932993650062,1.87837453617182e-08,3.34539424364027e-05,6.22313769365933e-05,4.01800165544434e-05,0.11411216171327,0.00294347552180163,1
"20066",0.0513405528405944,1.24990570100468e-09,1.48340717497567e-06,1.69763286602366e-07,2.84560718108142e-06,0.107009373283883,0.000105581623000259,0.841539407332184,5.84892789346103e-07,8
"20068",0.000811745391809139,5.4117574165194e-05,0.0122161642036726,0.00113590375080827,2.03308229996829e-05,3.17694777153932e-10,1.53025283339416e-08,2.66330464581859e-06,0.985759059331676,9
"20070",0.000694133155857626,0.0130982764782401,0.0218718324330895,3.4537601937755e-05,1.12734752513948e-05,2.0164169236051e-09,3.46858588354824e-06,5.27106161925415e-06,0.964281205191704,9
"20072",0.078860544806651,1.41095833491722e-07,0.00932833882495552,0.00263464757954229,2.99378924216496e-09,0.00435354103595188,1.95613041870497e-05,0.904767160029647,3.6062329442486e-05,8
"20074",4.6473987227179e-08,1.17912002436966e-08,5.34400345235127e-08,0.000129016184619487,0.99985455595053,2.3287490522779e-07,1.33076153737137e-11,1.98359483584767e-10,1.60830730561067e-05,5
"20076",0.0952036353878385,8.74846859910226e-08,0.000230672123295452,0.31262954230159,0.573275192173438,0.000307965294012169,3.93376897880537e-09,0.000176615344952962,0.0181762859564183,5
"20078",0.918799556821137,5.30647809230981e-05,0.00137516381744384,9.67459441814717e-08,1.95782142695422e-05,0.000515043289328373,0.000586562867537674,0.0751727575915238,0.00347817587189251,1
"20080",0.00675188837800658,1.02657986965183e-08,6.74624589866906e-05,2.42274728707195e-12,1.64079653621528e-09,0.0033381599372252,0.00844086122431904,0.981401556289548,5.98028961789943e-08,8
"20082",6.07382855940843e-05,0.00129776640693909,1.40178315052219e-06,3.13817126706192e-13,2.3889072915238e-09,5.63627908863603e-06,0.998159373521924,0.00047490192025785,1.7941382498489e-07,7
"20084",0.941861212730335,0.000109681702737011,0.000133248633639326,1.87521497709508e-08,0.00920873634198217,0.0114468094626622,0.00462046441582691,0.0316292182289823,0.000990609731685025,1
"20087",0.394340365446147,3.63658876485792e-05,0.0810742039004136,1.44292322632334e-05,1.22639392401033e-07,0.00109830861193534,0.000240836511076416,0.518506739254694,0.0046886285164299,8
"20090",0.00259835902273071,4.65409918648754e-07,0.0184258275320586,5.63252249030896e-12,1.1874659411759e-08,0.00137420434598428,0.128866435066028,0.848733879235525,8.17507463494037e-07,8
"20092",0.00565237836982155,0.942597269111743,0.0445618858461743,3.98852187092656e-05,2.16760378344215e-09,8.69580278277068e-07,0.00539082918958097,0.000284370424169577,0.00147251009191965,2
"20096",0.0201245927115904,0.91298526241871,0.0180985817852852,4.86184292108757e-07,0.0010240157636418,3.35329394632446e-06,0.00501598337012362,4.49827047963552e-05,0.042702741767614,2
"20098",0.00352213523098916,1.36022145305109e-05,0.00026096855245077,1.92740762634711e-06,0.150969512997902,5.30735768206970e-09,3.88469483760996e-07,6.62576136941674e-06,0.84522483405829,9
"20101",0.187485570099855,5.46847203109554e-07,0.000383250183995663,3.5751668424898e-10,9.30026376645808e-05,0.0522198478864608,0.0134420624291127,0.746358745714994,1.69738431978781e-05,8
"20104",7.73157570606881e-05,0.988483907770433,3.94344814129397e-05,0.00631619579307817,1.24907736404312e-05,1.085280168933e-08,5.03327836398595e-06,2.19704403642596e-08,0.00506558932276936,2
"20106",0.143042675122635,1.08597519069659e-08,0.00423327791915073,1.18612958227991e-09,2.17412728189584e-05,0.00100170527481475,0.000339980083350953,0.851251120696444,0.000109487584903742,8
"20108",0.00568567978821574,7.23176253703795e-06,1.65974882984494e-05,8.73229146726151e-05,0.0064627034782617,1.39229683500654e-08,1.59055349241878e-08,8.60167177969891e-06,0.987731833067732,9
"20110",0.00708315296545398,0.172140643597157,0.477583472707699,5.14356812497568e-08,0.111397248120727,1.10750554016199e-05,0.0273345664323738,0.000288163460876805,0.204161626224629,3
"20112",0.0254684124749513,1.74925870577292e-05,0.263335338920104,3.21955748157094e-09,5.9666156017205e-06,0.00031739850515001,0.0285382149666259,0.679993005045835,0.00232416766511704,8
"20114",0.975158518525461,1.06909515111805e-05,5.29929044800338e-06,9.75369046981782e-08,0.00976590985518252,0.000364258393521698,0.000163477163381458,0.0108548845442082,0.00367686373938142,1
"20116",0.957328254790265,1.23627213560695e-08,1.88911006045009e-05,4.93517126319783e-06,0.00436440000823335,0.00414387427475094,1.96492818935209e-06,0.0337619619314525,0.000375705432520112,1
"20118",0.771368674395663,3.69962748641863e-05,0.000192785879830222,3.63828241268526e-07,0.0213711902865712,1.57504787244922e-06,2.0193701483678e-05,0.00103327346808025,0.205974947117394,1
"20120",0.251484791786217,1.71190703107541e-05,0.00423700163461565,1.79798767498216e-10,0.000409777463713857,0.000425283923721175,0.168303559611442,0.573772353113503,0.00135011321667735,8
"20122",4.34003245831993e-05,2.4850505236678e-08,1.82539535436908e-07,4.04653484127488e-06,0.999393463275541,6.71919766704788e-08,2.88336558822977e-10,1.867264073176e-08,0.000558796322039173,5
"20124",0.132492503238777,3.85765096712362e-06,0.000916639644407933,2.33711657681253e-08,2.99367960166495e-10,0.0171432127417878,0.00685880153340054,0.842584332398562,6.29121563604028e-07,8
"20126",0.00255850354609063,0.0509243503709348,3.41158691954497e-05,1.33522812863987e-08,3.75222822916024e-08,0.00185956899507624,0.944003525428823,0.000619802540813266,8.23745025365483e-08,7
"20128",5.93111883650559e-05,1.48726651385396e-05,1.09230856873248e-05,9.84651615603173e-12,2.06960430342771e-11,0.0905477073588924,0.886657628172283,0.0227095574245726,7.45182591258714e-11,7
"20141",0.0025675800339125,0.795191422318121,2.85633555765709e-05,1.26333071694038e-05,0.0150816875575015,2.81018266690982e-09,7.15939088780604e-05,1.53141357526554e-07,0.1870463635673,2
"20143",5.38091604817213e-08,4.7971669621034e-09,4.97987055383227e-09,1.66751810821256e-06,0.999990086638297,5.52522048085557e-08,3.54016189232412e-11,2.2378695727375e-10,8.12674600326348e-06,5
"20145",0.329634595703146,5.00769735911237e-06,0.00464975802449798,1.76166935845594e-10,1.34893990313947e-06,3.68627891788404e-05,0.0125293972070066,0.651839561639203,0.00130346782353889,8
"20147",0.731349893690772,1.24100243158352e-07,0.000265740917436463,2.00114122774907e-09,8.31408916616477e-07,0.000164210840474375,0.000195831699807957,0.267898390318548,0.000124975022660282,1
"20149",3.32314240939965e-06,1.84110512464427e-07,2.74774948935814e-07,1.98133401559377e-06,0.999452213745509,1.1127021311614e-08,2.58072571844295e-10,1.48720815611693e-09,0.000542010020301986,5
"20151",0.00149130241183672,4.30032509537947e-06,0.000352416045932244,1.36162808935977e-06,0.0391711146820467,7.1887200616054e-09,1.27912095210121e-07,1.11012999371185e-05,0.958968268506247,9
"20153",0.00199802097651168,0.00400308655988329,0.00277402662026201,9.81662085399744e-09,0.625563466372195,7.06168142488239e-07,0.00155383763818236,8.15863889240456e-05,0.364025259459279,5
"20155",0.230184783486401,6.12261837056756e-08,0.0388411740597396,9.728012347585e-09,9.0336897742208e-08,0.000841796831552227,0.000633058277833397,0.729486833493932,1.21925594481337e-05,8
"20157",0.000540471718199401,1.40289534418464e-05,3.45052090592845e-05,1.19185735382287e-06,0.409691323450059,1.5797560733774e-08,3.94187071565921e-07,4.33465311062893e-06,0.589713734174144,9
"20160",1.35195953993488e-07,7.75186178352677e-09,7.473485975554e-09,2.05557256359466e-07,0.99998596700085,5.2446789392118e-08,1.38595249618938e-10,5.86164725332085e-10,1.3623849042199e-05,5
"20162",1.1805137492264e-06,8.54708319296133e-08,1.43328885959761e-07,2.72971868355091e-06,0.99713543146107,8.6566282241684e-10,8.01189710092572e-11,8.72284528489788e-10,0.00286042768871332,5
"20164",0.000107515414238702,1.76200908354169e-05,0.000695715209085456,8.60025667453199e-07,0.958988263375893,4.61796681577856e-07,5.5431613507273e-07,2.14895477955746e-06,0.0401868608166836,5
"20166",0.0255435258176039,1.81275714758319e-09,2.28262451442335e-05,3.68261225062675e-05,0.000243187268147894,0.718797764717362,3.96439502541962e-06,0.255346182508336,5.72111311775794e-06,6
"20168",0.000213697347388421,3.3888917877196e-08,5.47146195775404e-06,0.678879711608055,0.000317346621271155,0.32046490600735,1.26181215803638e-08,0.000116429456335598,2.39099060240448e-06,4
"20170",0.0113721486655687,0.000189396725943606,0.000141026991103921,7.4363918478977e-07,0.264762635581684,7.47151091231881e-09,1.25402884325618e-06,2.81887649811469e-06,0.723529968019663,9
"20172",0.464918837622316,1.95181717970713e-06,0.000997388680323534,3.49531391672265e-09,2.93454502747731e-09,1.11911503255333e-05,0.00164722549416982,0.532228545970379,0.000194852835447018,8
"20174",0.000157784800740222,2.2300071086611e-06,1.99398701460002e-05,0.212829880510208,0.139220440701101,1.807270688365e-09,7.28565495743023e-11,4.42917050775921e-08,0.647769677938864,9
"20176",2.07193463710439e-05,1.64625461224208e-08,7.02238729897796e-06,0.999828698016032,1.15242267639472e-06,0.000121401265462784,2.64186022106627e-10,7.26398894687342e-06,1.37258464799991e-05,4
"20178",1.00741350153013e-07,9.12795368233576e-09,8.9792532667864e-09,8.24796307814186e-08,0.999993301060086,9.20350298039607e-08,3.7982809618609e-10,7.17809834894665e-10,6.40447905837064e-06,5
"20181",0.315901862320332,3.07220996434591e-09,8.89424215185679e-06,3.70220460828064e-07,0.00341465773496199,0.224642722672966,3.72344205861953e-05,0.455970554495327,2.37008210035115e-05,8
"20183",0.0650757367329738,0.00353056719300225,0.00603117806566452,2.40163987208155e-06,2.94119343168733e-06,4.54022081533347e-09,6.41097480856968e-05,0.000471159877147238,0.924821901009602,9
"20186",0.0761790647311583,0.0348759694921937,0.1694241248463,0.0047165455982301,5.43745670474241e-08,4.44573772119244e-07,0.000266741135984126,0.00957421518849849,0.704962840059296,9
"20188",1.54934236718176e-07,3.31715034336082e-08,5.06153191750566e-08,1.46682363585268e-07,0.999861690385681,1.3468806672564e-08,2.93994376390606e-10,9.3544971317397e-10,0.000137909512645573,5
"20190",0.0170834268496438,5.70846264687736e-10,4.83923237604814e-05,2.30281008194092e-09,3.00614372699953e-08,0.00149353044679956,5.94304580946285e-05,0.981313656893613,1.53009299509839e-06,8
"20193",2.75956133259485e-05,4.19238393024677e-08,0.000116162018755056,0.00848058741029588,0.793443658376961,0.197808960201194,4.85043379473013e-08,6.81390559586998e-05,5.48068953321621e-05,5
"20195",0.00162346352425683,4.45435446864437e-06,0.00338494514341144,9.81748676662753e-07,0.811984346512822,1.86186734902305e-06,1.94413051717688e-06,7.91079727258873e-05,0.182918894745773,5
"20197",0.255317725121035,6.83723853673311e-07,0.0160999213434013,1.21636773240431e-08,9.69396022430828e-09,0.000102237628490964,0.000789423444983502,0.727537986279808,0.000152000600790848,8
"20199",5.34921974737474e-05,3.19755905234298e-05,3.57190568771842e-05,3.81414414549802e-07,0.940229796331322,2.28605839796519e-09,5.62317117934035e-08,2.8530606684937e-08,0.0596485483610124,5
"20205",8.57893297525883e-06,0.0514447336696321,0.00055789613747361,7.93267143254191e-12,5.92895829403741e-10,1.4752116179037e-07,0.947940880681157,4.63106801394131e-05,1.45177663190019e-06,7
"20208",0.00943207485911034,6.36894680974964e-06,0.00213743734040212,1.6924296075743e-05,0.00729819611366292,3.46145979340156e-08,5.26313694494037e-07,0.000102367149617298,0.981006070366029,9
"20210",5.04318713865006e-06,2.82721776705081e-07,8.29071010125369e-07,1.09731468101574e-06,0.988874091669113,9.44171703844e-10,6.90100076605537e-10,5.21409707133367e-09,0.0111186491879111,5
"20212",0.000290712676251506,2.67089826059811e-06,0.000197324419038068,1.91216142333859e-06,0.861527570459662,9.85163535621815e-08,1.81804397555043e-07,3.43171096985026e-06,0.137976097353644,5
"20216",0.689444375734726,3.66494807630068e-08,5.63279342638181e-05,4.3380967826687e-08,1.15181369818373e-05,0.000222273749086251,9.18863361549414e-05,0.30995117322192,0.000222364856418414,1
"20219",0.119116488904576,0.0120662626997547,0.0103618303201056,3.25241153874254e-10,1.842408402324e-05,0.000950545023842806,0.777612818424108,0.0788097095711951,0.001063920647153,7
"20223",0.000800020545063789,8.45121620297919e-08,0.00176315093152497,0.000205044800363604,2.44230599738399e-11,0.30587184842866,9.62096172247112e-05,0.691263571512477,6.96281009351577e-08,8
"20226",0.000933312295942544,1.45165893556473e-05,0.979981367938082,2.94791204912066e-08,5.55828351560875e-05,3.11203132282188e-07,7.66678756136589e-05,0.000825323801206519,0.0181128879823911,3
"20230",0.00611589580818158,2.65117505507168e-09,1.68492666872801e-05,1.16890731857519e-09,2.10493464684854e-09,0.00296965841119856,0.000273902660242105,0.990623316415121,3.71513552702874e-07,8
"20233",2.26972460067121e-08,0.999725511318448,2.40317338484709e-06,1.48553872215057e-09,1.08470579579904e-07,3.36206056352168e-10,0.000260455487424689,7.53715171946707e-10,1.14962774569395e-05,2
"20235",0.067406896453998,0.00054901412235796,0.151920270080424,4.63940133849348e-05,6.91018838048956e-10,0.0292516607721861,0.0379853418636744,0.712828938349304,1.14836536509394e-05,8
"20239",0.402047854025015,4.91041768847135e-05,0.295473986371852,0.00138577344406498,2.7654054654589e-07,0.0159987098312389,0.000136048546447278,0.283877772695437,0.00103047436851396,1
"20254",1.84297518379732e-05,0.000242093612810259,4.45095419669773e-06,3.09267745187046e-14,9.41699500639443e-11,3.16097194144935e-06,0.999136658030242,0.000595193031771495,1.35529997388318e-08,7
"20256",0.45115550049792,4.54876049835303e-07,0.000202731977359605,6.03657231485557e-08,4.52505580654464e-10,0.00133747768170427,0.000519451387973078,0.546782040624635,2.2821361299353e-06,8
"20262",0.00174250243831198,6.19370276000949e-06,3.70655090091375e-05,9.16374696981425e-07,0.594555517214995,6.01606281606909e-09,9.18781172121576e-08,1.48925568942068e-06,0.403656217610357,5
"20270",0.0604577065397854,2.14612532794009e-07,0.000380586298189422,0.00147254197836065,0.002287719229429,0.178147249297094,1.43810004507089e-05,0.747590836284302,0.00964876475985613,8
"20284",0.00790715905143714,0.387177895918984,0.0599672059893293,9.92005359710017e-08,7.30995666540154e-06,3.00829526503834e-07,0.0859889617924756,0.00385528201755396,0.455095785243492,9
"20287",0.000578623425298119,1.01210315976126e-09,0.000548410805693,3.46688817972007e-09,2.72255415145748e-11,0.0615062222671542,0.000303424217056162,0.937063310114515,4.66406641635345e-09,8
"20290",0.000184341054002366,0.0235936643217336,0.00234358620035733,2.29881113461856e-11,6.28288110319725e-06,3.03815418006404e-07,0.97269527945618,0.000582777737441018,0.000593764510776541,7
"20293",0.980105902318478,1.02015624850758e-05,5.09393922569591e-05,2.65795263248936e-08,2.37131075064266e-07,2.47811623529359e-06,0.00015873421410761,0.0186460448496418,0.00102543583619398,1
"20296",0.0708614921288302,9.7956678707107e-08,0.000404911696274617,0.0177758283262273,0.666077870598155,4.71203492322723e-05,3.1505229819476e-09,0.000259501256500974,0.244573174537578,5
"20301",3.0650373498874e-05,1.92328232731738e-10,2.59170701733553e-05,1.17713696271049e-10,1.48617864618481e-07,0.935928240915611,0.000220609685212956,0.0637944322109121,8.16684791372815e-10,6
"20304",0.00093934221934039,0.00634941536407716,1.09908987519187e-06,2.3006830002039e-12,6.61533263019595e-09,2.75744296926607e-06,0.992238376379907,0.000468337061148497,6.65825049462668e-07,7
"20306",0.00716079774840334,4.36146133245178e-07,7.39224516175893e-05,1.30368375319244e-09,4.53581811897182e-11,0.00284923329259007,0.00405163394226905,0.985863484832089,4.90237856114589e-07,8
"20309",0.5549513538021,5.93276508500548e-05,0.147987043586358,3.58305288782069e-07,4.32865516366256e-05,4.44753509540581e-06,0.00431988293418896,0.18618947007462,0.106444829559862,1
"20311",0.762711640906751,1.10777644753315e-05,0.000508437412593084,2.9881219749294e-07,0.000134396009748464,0.0160732645010212,0.000598986659398154,0.219141610749644,0.00082028718417112,1
"20314",0.0219362191360653,2.78374430998288e-05,0.000593119007389199,1.60971545721687e-07,0.0125891136932879,2.04865165460255e-08,4.73925154480032e-06,0.000120115246038097,0.964728674764513,9
"20318",2.21692325429589e-06,8.53192432636985e-09,2.22564347172931e-08,2.07811419187996e-06,0.999926151899202,2.77640921302449e-05,2.78459940307538e-09,2.60881043326113e-07,4.14945172199437e-05,5
"20320",0.000751564921330653,0.00327001107029229,0.612200172964777,5.88983565258912e-06,0.000790897382872709,1.28346775148888e-07,0.000118010148894352,0.000136105091621445,0.382727220237783,3
"20326",0.0345770408579673,0.000109372908563216,0.00026169559218665,4.07381874943122e-07,0.0329992750747349,9.24343683996415e-08,1.08952351030191e-05,0.000133034026051566,0.93190818648915,9
"20328",0.00238894223333647,0.00642260181988206,0.20811762228376,3.23473231520598e-06,3.55891847557077e-06,4.09742605147324e-09,9.68063942065057e-05,0.000193178681785999,0.782774050838812,9
"20330",0.0117162732438889,2.79727134977532e-05,0.919916693942142,1.03458884112516e-07,1.23123395048549e-07,0.00188255242259335,0.00304182163046297,0.0633831188442379,3.1340620897656e-05,3
"20336",0.0363490224612277,0.378476034094965,0.0019861454123855,1.71263264168467e-09,1.5867929858424e-07,1.5221131904681e-07,0.570637210077623,0.00337625486226326,0.00917502048828592,7
"20338",0.0306638372474172,0.0774928042279495,0.00243857523784767,3.32654948066085e-10,4.20519830249973e-05,4.96105654997547e-05,0.88795663645667,0.0011889403189636,0.000167543629972384,7
"20340",0.0301096499618029,4.63997986955469e-08,7.02262571979467e-05,4.86441395870637e-09,2.56930757022506e-09,0.032979367332133,0.0028490046166396,0.933991575352849,1.2264585769687e-07,8
"20342",4.57113600830465e-06,0.901489580958375,0.0161032990331085,5.0327144499896e-06,9.05665407869149e-05,0.0213448398812912,0.0609084533310379,3.59477501402052e-05,1.77086548013804e-05,2
"20344",0.100924245809873,1.14039587431623e-06,0.000122579771574564,4.22148173369573e-08,3.88795252758896e-08,0.000364891934423203,0.000997017405616239,0.897357543776026,0.00023249981226955,8
"20349",0.0499161519576978,8.19803854564967e-08,1.56361232172362e-05,1.68105913325829e-08,2.0145255358598e-10,0.00232428321727855,0.000290233566638873,0.947452096810223,1.4993325153377e-06,8
"20351",0.981317854923543,2.94101058104585e-05,0.000628657245819133,2.74821273700213e-08,2.39026114615993e-05,5.8017260371624e-06,0.0018976950560746,0.0149766259496478,0.00112002489947853,1
"20353",0.00886086898663051,2.34108905800322e-05,0.623518536388689,1.05769475337378e-09,4.05513089673534e-09,0.000128999513334128,0.0721812394385461,0.295270501040485,1.64386289092962e-05,3
"20357",9.26410937886652e-06,0.00831052186770592,0.00108377926056513,5.81313936195664e-12,1.62697082250534e-11,6.93755241951362e-07,0.990041136699707,0.000554220219768045,3.84065550848726e-07,7
"20360",0.00021818447328189,0.0767649533374403,0.848928550810743,5.08644440906203e-05,1.52050407267647e-07,0.00708187179214123,0.0659871862178439,0.000959393342855315,8.84353119664249e-06,3
