"","V1","V2","V3","V4","V5","V6","V7","V8","result$classification"
"19811",0.0015809970192786,1.03457422344242e-07,1.96015165849085e-05,0.000310536730377695,0.968857996863134,0.000406745161050565,0.0288240183949105,8.57241788595029e-10,5
"19813",5.72373317858677e-07,1.66791643324758e-08,4.7769239595672e-08,9.11853856544858e-07,1.06711901833681e-05,2.21350806635827e-08,0.999987757990462,8.6959730967873e-12,7
"19815",0.0350287969087348,1.08206485440915e-05,0.00160996792475023,0.0113101120714315,0.951997413758027,6.64617002276204e-06,9.56846818725104e-07,3.52856716715389e-05,5
"19817",0.00394890358553201,2.42901371195879e-07,0.000101085912364627,0.00259866265510285,0.993014850976982,0.000332678719254578,3.32210489007419e-06,2.53144502235994e-07,5
"19819",2.08280569853625e-05,0.200319595284614,6.57350858623573e-05,0.128959597744365,2.45051965055259e-06,1.17649595819933e-07,8.24167098971995e-11,0.67063167557651,8
"19821",0.00050917013017279,1.03704357703014e-05,8.48252825878788e-07,0.00494125974771543,0.972197135755085,0.0128504965687741,0.00949070980001609,9.3096398890506e-09,5
"19823",0.00047432720402508,1.09261862364341e-06,0.583339478968101,0.00229137124823559,0.412648931650751,6.16309572315582e-05,8.54030208577308e-07,0.00118231332282306,3
"19825",0.00341292226970769,0.0872577136963276,7.39429155816686e-06,0.00880397032039751,0.000710283999344226,0.896596686686033,0.00310760046555587,0.000103428271075548,6
"19827",6.24613285569294e-05,1.87229310608499e-06,0.000296072493109256,0.00318739809781318,0.633161611420326,0.363286178381944,2.45386641005022e-07,4.16059850285601e-06,5
"19829",0.000238919278177377,0.0880409900712268,1.0982838145969e-07,0.905758308356742,0.000348185564948646,0.00548366472713009,1.72260955484199e-06,0.000128099563838589,4
"19831",6.13398295819366e-05,0.086424322724356,0.00214373029246668,0.791701931763746,1.96879621039455e-05,1.7390193088579e-07,3.56939064663728e-07,0.11964845658675,4
"19833",0.00162677808764169,1.8891255802684e-05,0.849911485861912,9.12342187844622e-07,2.4668619660139e-07,1.99372837337991e-05,1.88157793453629e-06,0.14841986690459,3
"19835",0.00050917013017279,1.03704357703014e-05,8.48252825878788e-07,0.00494125974771543,0.972197135755085,0.0128504965687741,0.00949070980001609,9.3096398890506e-09,5
"19837",8.98377266791029e-05,2.28784578650798e-06,1.9864317858024e-05,0.01630527036591,0.963230802593808,0.0203499027159312,1.65237533739541e-06,3.82058689394298e-07,5
"19839",0.00169382170661089,0.259812725997037,7.96334920431996e-07,0.705750450945048,0.00123831440310824,0.0299368116806747,0.00155385644678466,1.32224858163347e-05,4
"19841",3.07067404471022e-08,2.01749153160953e-06,1.85190732550171e-09,1.62950760750562e-06,5.62799048684659e-06,0.999965561569584,2.51289552078832e-05,1.92693474739876e-09,6
"19843",0.00228944272930012,0.955699915965621,2.11495894673257e-07,0.0311700363597823,1.7606891671153e-06,7.42392587068188e-09,0.0108128048256288,2.58205106799894e-05,2
"19845",0.00016135346079245,2.07432376333769e-08,1.85392620526916e-05,1.31743041819352e-05,0.070559670776228,6.71810562234617e-06,0.929240523048979,2.98906388947937e-10,7
"19847",0.0320009150088226,7.03341864675058e-05,0.000602469791910045,0.0482484871434694,0.912408183183983,8.42513099820176e-06,0.00665798481721804,3.20073713164054e-06,5
"19849",1.24435510775703e-07,1.3420734855875e-09,6.12038677988466e-08,1.08331065460012e-07,3.37017504837216e-05,5.45234726400851e-08,0.999965948411798,1.72829482261385e-12,7
"19851",0.00114267214263964,7.54875989736775e-08,0.000308620801205166,0.000554033738970645,0.99797128307169,1.433848737806e-05,8.80744488183317e-06,1.68825635613719e-07,5
"19853",0.000103823083293812,1.01566206082385e-09,0.0716548017961647,8.31045747408013e-06,0.920231135721555,0.000155642091700022,0.00784619306690976,9.27672407750002e-08,5
"19855",0.000160962702181123,3.30619687910297e-09,0.000412992898185734,0.000122469592150485,0.997245208546967,0.0016084316321064,0.000449918612201063,1.27100111112986e-08,5
"19857",0.0108015415539793,6.66674817596485e-05,4.98207809875537e-06,0.152164195467603,0.807376762945662,0.0153549301917974,0.0142308584800757,6.18010241936404e-08,5
"19859",0.00362020417926952,3.5555623406163e-06,0.000633162118593385,0.026630856237462,0.959144168822698,0.00995553176889468,8.72677018671772e-06,3.79454055459671e-06,5
"19861",0.000622391639896526,9.73494939463573e-08,0.000131847777857624,0.000329868278200357,0.898039524218837,1.61654342934692e-05,0.100860101559383,3.74203791322316e-09,5
"19863",2.35486256379958e-07,5.43520431211876e-09,2.76470262619722e-08,3.00416870708733e-08,1.56256041922963e-05,0.00531542206980857,0.994668653712375,3.44995948461951e-12,7
"19865",3.39286658128095e-06,4.1104227265397e-08,2.70187013045807e-08,3.8602159273925e-06,0.00177543985168696,0.998216676782613,5.6138646538129e-07,7.73797851314213e-10,6
"19867",0.0139471878166059,7.8184238548634e-06,0.000261168397313216,0.00395536047996128,0.976873558075685,1.14043475109519e-06,0.00495326719784903,4.99173979641028e-07,5
"19869",1.13839085418058e-06,8.92441298399498e-10,6.06912348011413e-07,9.14163162238743e-07,0.00714013526869985,2.343926465678e-05,0.992833765103965,3.87313745075325e-12,7
"19871",0.00117418062182918,9.14434094260978e-06,0.000188883719468933,0.0819607229526854,0.880204640278897,0.0364543948152959,1.20461031180782e-06,6.82866056908113e-06,5
"19874",0.000475068623872973,9.03970106765412e-08,6.58548971977268e-05,6.9457783574308e-05,0.23470403992379,0.764682741283918,2.63294724369353e-06,1.14143393299129e-07,6
"19876",1.70978986416929e-05,3.93869073721078e-09,1.01446266615212e-05,3.16333980297298e-05,0.853433869288238,0.146355341719028,0.000151908380012353,7.50697727277995e-10,5
"19878",0.997255138603253,0.00235114373534697,1.17948796017547e-06,0.00017978250336799,0.00019214870306,1.25092437497538e-06,2.22343702854032e-06,1.71326056086299e-05,1
"19880",7.74719316815413e-08,6.06159481751069e-10,8.08254582036694e-08,2.80427841914598e-07,0.0014168256209144,0.998576163831207,6.57116948679795e-06,4.70008518208355e-11,6
"19882",0.00944323287926466,2.23588399851087e-07,0.000187022402850222,6.62585094220003e-05,0.799760373861019,0.000611390502074671,0.189931488694161,9.56280831926079e-09,5
"19885",0.00963626475888917,2.81936942530284e-05,6.82023146818797e-06,0.093583942144635,0.896401730307193,0.000337255480339332,5.20088117692486e-06,5.92502045259517e-07,5
"19907",0.0141915406882873,2.58994307262465e-06,6.30911175097677e-05,0.000845685401749873,0.934049324637533,7.09490670133185e-06,0.0508406058075792,6.74975672215021e-08,5
"19909",1.1928161769534e-05,0.0094967691760562,1.63894804286167e-07,0.989861449024298,0.000597536037024574,6.23310734154145e-07,2.66404528102129e-05,4.88994250333574e-06,4
"19911",0.000169150948063993,0.0189543058093575,1.37097413556926e-05,0.9718587853504,0.00232857418366825,0.00654288017723277,4.3120901799806e-06,0.000128281699742134,4
"19913",1.58135003039276e-08,1.11116098476252e-08,2.14046008833489e-08,1.2462930837573e-07,7.55150426386315e-06,0.999992123363339,1.5120004703444e-07,9.73331113340079e-10,6
"19915",0.000154412411236035,4.62925887724976e-08,5.28840181090544e-05,0.000133169319484937,0.703490736855971,0.296167652628879,1.02097173331428e-06,7.75019981150665e-08,5
"19917",2.87817634226904e-05,4.56689906694069e-07,1.92569179429077e-06,0.000108864483503267,0.00837430875860149,0.991484469097986,1.16917257409501e-06,2.43422109127273e-08,6
"19919",0.00513628950915274,1.25361501376696e-06,0.000121996563326724,0.00292792329551847,0.872952464207529,0.118858121069871,7.53184989673884e-07,1.19855459769616e-06,5
"19921",0.00669236804117686,7.25832698115294e-07,0.00011117770244026,0.00238508358717465,0.990672323066793,3.89794892626347e-06,0.000134298052222464,1.25768568538462e-07,5
"19923",0.992271761356137,0.000151897435604056,0.000470502160118534,0.000744692898158883,0.00627357416330795,4.80926716329496e-08,7.39888291038219e-06,8.01250110913917e-05,1
"19925",0.000103132679825415,8.5338727933809e-08,5.87474424818753e-06,4.38045613562103e-05,0.061046755803991,0.938799911333853,4.03421614943659e-07,3.2116383422494e-08,6
"19927",0.000290615488566682,5.15354533416975e-08,0.000146807223880673,0.00110448801569136,0.998373323819203,7.33937595070106e-05,1.12443838589888e-05,7.57738392942895e-08,5
"19929",7.73497350019663e-08,1.06503835987239e-08,5.47513250873872e-08,1.88614897742437e-07,0.00013506386146184,0.55189364540932,0.447970959354995,7.88156654684546e-12,6
"19931",0.00116529471588288,2.3653123276899e-06,0.000223355637192087,0.00751333244738817,0.990650241975929,0.000442458136190937,4.1064724120489e-07,2.54112784839324e-06,5
"19933",0.000161269110555364,0.0053469053042462,8.87051966001353e-06,0.945517291346803,0.0485888034877663,0.000179776179647527,8.47706783977077e-08,0.00019699928064323,4
"19935",0.0217999216147034,0.00286832978197739,2.19634903615952e-06,0.221841274483147,0.752112888781295,0.000866639934609451,0.00050796272215839,7.86333073187836e-07,5
"19937",0.00425315980577234,7.7447537400455e-07,0.00145051072696638,0.00302993507351472,0.991251760708506,6.83704802574206e-06,1.22024021183032e-06,5.80192162939844e-06,5
"19939",0.285301109300629,5.44407865168466e-06,6.79330860625727e-05,0.00165558701989132,0.712208398626856,0.000755493316346619,2.67538957922988e-06,3.3591819834138e-06,5
"19941",1.22705691207671e-05,0.0857842963417627,1.18531068927342e-06,0.878405763383471,0.00158980423427995,0.0340517317894939,0.000137593870132729,1.73545010499753e-05,4
"19943",7.26206457808643e-07,8.55201938875614e-09,3.87753135586145e-07,1.30500731021112e-06,0.000499751147823102,0.9994977729745,4.09671658949712e-08,7.39158808364097e-09,6
"19945",0.00387123141349726,0.016497199495676,2.83710218596964e-05,0.96822786448915,0.0107884774801916,8.21777543092064e-06,4.43974351977885e-08,0.000578593926758997,4
"19947",0.000274110622712327,0.00406756951375039,1.35831462895586e-05,0.240102518077131,0.00482332711957328,0.732982455554714,0.0177154710812838,2.09648845461545e-05,6
"19949",0.970962794014292,0.00245919289356602,0.000127036301576681,0.00856525440707817,0.0171069630480752,3.70959339290244e-07,2.08019723371894e-07,0.000778180356349263,1
"19951",0.0507948091398785,3.99450207039849e-05,1.65242879857449e-05,0.00140898483373242,0.224242036872676,0.723491007327654,5.2592103896709e-06,1.43330697990875e-06,6
"19953",0.00180853812775104,0.0251998965144347,0.0297202344805105,0.0681288210149792,0.000166090294190536,1.55795120072381e-08,1.73192927923476e-08,0.874976386669329,8
"19955",0.320100623409559,0.127857360955704,0.00125323496552358,0.527453404910408,0.000292952370336101,1.10358111512378e-06,8.2742623690526e-06,0.0230330455449846,4
"19957",0.000193392848523169,4.35734604116564e-06,0.00674849344279574,0.0120322034634989,0.0536400475574034,0.927320729024701,1.16024262324804e-05,4.91738908038731e-05,6
"19960",0.0057536585701897,0.241687924335319,1.71760894361284e-07,0.751856920946981,0.000351771450009393,0.000206520042928062,3.09579385515698e-05,0.000112074955126895,4
"19963",1.90921514419725e-06,3.61955866791501e-05,0.0930887084233791,5.88610265108608e-05,0.000108357287607713,0.903552191876742,2.05385548555794e-05,0.00313323802908123,6
"19965",0.144635703781802,0.728790008668234,8.19609123271717e-07,0.126158602342701,1.60705286458031e-05,7.17473811300307e-09,3.61772611952546e-05,0.000362610633560491,2
"19968",3.39949386846071e-05,0.000106915894584736,3.56546248959274e-09,0.00144049676077773,0.0119248760149213,0.761482619419949,0.225011092981001,4.24618761432811e-10,6
"19971",1.11820030749252e-05,0.000198766860039601,1.80910228081476e-05,3.87226330171836e-05,2.58368402921521e-06,0.998927770228894,1.32874789591701e-07,0.000802750693347113,6
"19973",0.000542407689460505,2.368009625347e-07,4.01180657758997e-06,0.00136004513682273,0.996155055904887,0.00192224358795011,1.5990303667326e-05,8.76967296385929e-09,5
"19975",3.65542727932993e-05,3.27708474996019e-07,7.06045795176147e-08,0.000108091341741475,0.0245768590214341,0.975262920357002,1.51757113915635e-05,9.8258279212229e-10,6
"19977",0.000470423442074997,7.39937009927372e-06,3.23822120892077e-05,9.32495615568595e-06,0.000240193088180384,0.999185050957602,5.32445779537097e-05,1.9813958450242e-06,6
"19979",6.29788087286723e-06,0.90347127156129,6.42453723960148e-09,0.0933186334647501,1.07588226063988e-07,3.47678142256852e-07,1.22679838025983e-10,0.00320333527950132,2
"19981",0.000979696374240081,3.6574907011047e-05,5.28204217748518e-05,0.447410011779947,0.550811709177966,0.000201271290619798,0.000507253068254041,6.62980188069999e-07,5
"19983",0.389723804774923,0.000194730165734776,0.000108856340362709,0.228530624972931,0.38103002035087,1.46648209080554e-05,0.000390189571402785,7.10900286771634e-06,1
"19985",0.000104972180225375,1.09331325414395e-08,7.49296902163616e-06,2.86557718276852e-05,0.248592866174637,0.751245411639809,2.05879280248339e-05,2.40332225795046e-09,6
"19987",0.000301996947990005,0.000334882350689447,2.12154492003856e-05,0.365046922240971,0.607859102897393,0.0264212690650607,2.18097707250323e-06,1.24300716233158e-05,5
"19989",0.000160317330824826,0.827269487662548,7.2452420697474e-07,0.143071578316426,2.44309219553776e-06,1.18473856885166e-09,3.52772163405725e-10,0.0294954475362872,2
"19993",0.741275336466507,0.0177596680952031,4.66859008773334e-06,0.0837884534746093,0.145475472571103,0.0113720946772323,3.03477190689392e-07,0.000324002648067052,1
"19995",0.0488866699687124,0.0886541194974618,6.82674458673548e-06,0.759780720150086,0.0983102691757887,0.00421380341044489,3.57024191228175e-06,0.000144020811007552,4
"19997",0.000333645967014721,6.64676956320357e-08,6.30343621661386e-05,0.000360836657545557,0.995672699474808,0.00355427352199044,1.54216331197832e-05,2.19156598776287e-08,5
"19999",3.74315249280986e-05,4.52531640551047e-09,9.52828930643382e-06,8.52063688958439e-05,0.98144237817241,0.0179950744006703,0.000430376223797348,4.94675485069423e-10,5
"20002",3.24631008091523e-07,6.76092130948274e-05,2.10907626715342e-06,3.49688917191732e-05,0.000260843176975083,0.444685173215006,0.554948919214159,5.25817697623708e-08,7
"20004",1.28116286504018e-05,0.0128497910480642,8.85827837460637e-07,0.969042420725457,0.0169392025223533,0.00107675019273638,7.26111537604461e-05,5.52690114117661e-06,4
"20006",0.446803792508155,0.107254628440402,8.55435773701219e-05,0.441448097707696,0.00161941459243867,0.000488873204357915,0.00157144660526145,0.000728203364319931,1
"20008",0.817892866287231,0.172196492825965,7.09297374692994e-05,0.007749164280079,0.00097073656757578,3.92150892573851e-05,2.48036182111607e-05,0.00105579159421058,1
"20010",0.49585172153788,0.0776222711811822,0.000183417537324427,0.387112287668768,0.0031933277882812,1.36544380849667e-06,4.5541338048016e-09,0.0360356042886214,1
"20012",0.00226945074941178,1.00019024604791e-06,8.89482094914999e-07,7.37901415179137e-05,0.229063614579905,0.76113876427141,0.00745248623943659,4.34597762802523e-09,6
"20015",0.00127220528384196,0.972190671573224,1.5405206595079e-10,0.0265282016531413,6.74218507104163e-07,5.81223649825859e-09,1.85928593298839e-07,8.05537640362424e-06,2
"20017",6.23727592856406e-05,1.99220847282529e-08,1.13348352288188e-05,0.000464313388545615,0.989719883787817,0.00840202325145444,0.00134005088511886,1.17046531663863e-09,5
"20019",0.00011116656595348,0.985379000930004,6.33853311556166e-09,0.00443740722628872,2.86596967240098e-09,4.89969596065258e-10,1.11251499412706e-11,0.0100724155721559,2
"20022",0.00507349419668086,0.0445857723721224,2.80760653150239e-06,0.948456151072057,0.000371876608482621,3.37714768661238e-07,4.05622090481975e-09,0.00150955637313617,4
"20024",0.000131424241094156,0.204201764184247,0.000176166954710533,0.0115703284110367,2.3985453559161e-07,6.56469070440455e-09,1.64846954581637e-08,0.78392005330499,8
"20026",0.000131424241094156,0.204201764184247,0.000176166954710533,0.0115703284110367,2.3985453559161e-07,6.56469070440455e-09,1.64846954581637e-08,0.78392005330499,8
"20028",1.34220279234121e-05,9.41177443360449e-09,4.02833994545042e-05,7.17687527011077e-05,0.94779526565278,0.0520313949741896,4.78519905396105e-05,3.79063758934774e-09,5
"20030",7.12160307351139e-06,0.621412175361143,4.16046980116575e-09,0.378477801501085,1.77657556214018e-05,6.24770570752939e-05,3.37611318453374e-06,1.92784483476044e-05,2
"20033",0.000210737870195707,4.22035677195288e-06,9.36957080207562e-06,0.0147566447592151,0.823717030581664,0.161285252085536,1.64975827489805e-05,2.47193066917814e-07,5
"20035",0.00025271632903569,0.971407510992729,1.32358969844103e-08,0.00736488497085091,1.46764947985237e-08,6.99519301499566e-10,3.9924194129434e-11,0.0209748590555494,2
"20037",0.000598072869124925,0.988129470465477,6.44317670598564e-09,0.0102549571641162,1.95001055001877e-08,1.66328124334049e-11,1.91392510625573e-09,0.00101747162744226,2
"20039",2.00639913931535e-05,9.51512751139445e-05,0.00168124949769311,2.31758548382945e-06,3.75703763001622e-09,6.45582363353136e-12,1.06213438633012e-11,0.998201213876201,8
"20041",0.980881081718747,0.000254177202834799,0.00032675649411842,0.0147258807432199,0.00353664624578342,1.98003862232838e-05,1.96652144780352e-06,0.000253690687624906,1
"20044",0.865821335882848,0.00243001327308105,0.00140852860722282,0.104048134978253,0.0216705874533162,0.00145347946302244,1.16223756852624e-05,0.00315629796657067,1
"20047",4.31813249419196e-06,0.960597664820174,2.25393754463824e-08,0.0059579334183984,1.06227179078407e-09,8.67311013138016e-09,7.90041359855436e-12,0.0334400513462758,2
"20050",0.441977130905855,0.0151411545237072,0.00220268190872931,0.00728206478966897,0.000988129988683632,8.72152469903956e-06,1.55073104067325e-10,0.532400116203584,8
"20052",0.0291928606648494,0.000198339081265325,0.00105623512371495,0.125054109622947,0.813215626358288,0.0310910185929053,2.05275899864711e-07,0.000191605280129869,5
"20054",0.000181650160771621,0.164576961077402,1.46552248046072e-09,0.83518876386844,3.90643151767036e-05,1.76798216797949e-06,9.3609149835019e-06,2.43021553530874e-06,4
"20056",1.30675229290759e-06,7.71317476384253e-06,3.27525965548346e-07,5.03652605517965e-05,0.00105572062263979,0.998884200112914,1.46420615981062e-07,2.20130256473894e-07,6
"20058",0.000369747950852419,0.837771957924431,2.62594243304299e-07,0.155121364944666,1.70408541657798e-06,2.49380050154334e-10,5.60454187450697e-09,0.00673495664646851,2
"20060",0.00152005854127851,4.65050159253295e-06,3.39686131805467e-05,0.0032343622312352,0.995094286724889,0.000106153103775864,5.85127521643512e-06,6.69008831786733e-07,5
"20062",0.299148320673123,0.000118969417083343,2.12250452402974e-05,0.0208062094302888,0.679825964894111,6.46481869291158e-05,1.22057294265793e-05,2.45662379810881e-06,5
"20064",0.000171188952587705,0.0168642885471028,2.06525225651752e-07,0.980434611726559,0.00245329137859065,4.0299851711241e-05,2.14062514748485e-08,3.60916119712269e-05,4
"20066",2.212485451034e-06,0.909069964804389,9.20324437810378e-10,0.0908317061298387,5.50142343068221e-07,3.48070844034241e-06,2.72624484196346e-07,9.18121847290307e-05,2
"20068",0.0112084342775066,2.04569038072386e-07,6.61688581512913e-05,0.000649094943094678,0.987399725604617,2.32734671739038e-05,0.00065307719555491,2.10848636948986e-08,5
"20070",0.0218221851001439,5.26646221880332e-07,0.0151066766130548,0.000917313275701829,0.962105308291852,1.51016640565006e-05,2.80273885352183e-05,4.86102043404157e-06,5
"20072",0.0167719053180685,0.662268890360317,1.54860191985711e-07,0.315931573099124,6.68125509157948e-05,8.32678001149103e-09,0.00491928472532487,4.13707592778779e-05,2
"20074",6.36538334706651e-08,2.0110827475814e-09,2.59627648850505e-08,2.86578626495524e-08,2.52267664336538e-05,0.999772708121498,0.000201944798018711,2.85059481193715e-11,6
"20076",0.000275823608353625,0.000265642374905063,1.23303467729449e-07,0.0359988045807647,0.0250712672757784,0.618274223828494,0.320114107909786,7.11845113307049e-09,6
"20078",0.00173024547589329,0.0225341484373193,4.57743030978921e-05,0.971793024201467,0.00324582659839788,2.78790968048827e-05,1.33152717818396e-07,0.000622968734301893,4
"20080",0.000163326488598508,0.951426374840439,1.34347806344086e-08,0.0383542535087083,9.39823718470357e-08,4.63717326678611e-09,9.08014718804355e-12,0.010055933098848,2
"20082",3.16569839106857e-06,0.000313563309160354,0.00124559364848812,0.000252419300701818,2.34970411006546e-07,5.41405327484645e-09,1.04686166388817e-12,0.998185017657747,8
"20084",0.000267906932363381,0.042089147572172,0.000152417320029561,0.933267634936295,0.00140623177622519,0.0163891301385187,5.06135445146101e-08,0.00642748071085157,4
"20087",0.0793122276462625,0.125837649930671,2.70168334967128e-05,0.790283427404256,0.00424228867107631,1.9602282656225e-07,1.64332285125167e-05,0.000280760262898764,4
"20090",0.0365453623121312,0.809930638606438,6.92923064567734e-07,0.0175248309934868,1.27179253589013e-06,3.20410101369886e-08,2.02915927039321e-11,0.135997171311042,2
"20092",0.0691054095405032,0.000103900625832577,0.907173939371411,0.0101292775540534,0.0026590970371805,6.17037977679973e-09,7.10306833426585e-05,0.0107573390172971,3
"20096",0.0191245885417765,2.21987470725258e-05,0.916128126259007,0.0111683862238211,0.0465789991747898,0.00136160415572686,7.02912016041854e-07,0.00561539398579065,3
"20098",0.000352580240467803,9.31171372162714e-07,2.27253806199654e-05,0.00259195947521415,0.85212461102805,0.144905067593433,1.68185506187454e-06,4.4325578035292e-07,5
"20101",0.000507605196937042,0.691920859007515,4.87471788295628e-07,0.297415084524058,1.51800872200666e-05,0.00011645291068609,7.21251185520835e-10,0.0100243300805448,2
"20104",5.11353995673424e-05,1.47319980348339e-08,0.983925044923465,4.33753879530263e-05,0.00805373622917366,1.99412957755131e-05,0.00789630253408719,1.04494979799826e-05,3
"20106",0.00948198370756631,0.540649632544885,2.11615503499198e-08,0.449200125381539,0.000175824743323089,4.86691003867495e-05,3.21822329872213e-09,0.000443740142526392,2
"20108",2.33942418476808e-05,1.10621870780982e-06,1.0236544022678e-05,0.00511401267395958,0.987641038722224,0.00714381630346495,6.63698179876517e-05,2.54777857580147e-08,5
"20110",0.443844537828094,0.000164267445968053,0.219303987054739,0.00620843035930098,0.188742964233293,0.119078658332023,7.15414827597757e-08,0.0226570832050993,1
"20112",0.497830941665604,0.292963361289722,3.0730879294845e-05,0.169019281711069,0.00331955600000993,1.38959736011963e-05,8.13903008794916e-09,0.036822224341669,1
"20114",1.38580222941386e-05,0.00708174874813999,1.69191387856867e-05,0.96925289806984,0.00561678621178059,0.0177484651417872,2.10830338401459e-07,0.000269113837034352,4
"20116",4.32404361315084e-05,0.0396058507749902,2.10633669973368e-08,0.951744416878664,0.000641944892072284,0.00794979072379318,1.1219598089604e-05,3.51563289266244e-06,4
"20118",0.000444339896911399,0.000245876386870813,7.12127887590554e-05,0.644681819183408,0.317390328044693,0.0371321141705447,6.31884616491078e-07,3.36776441957421e-05,4
"20120",0.00903967548307994,0.223855566295838,2.73945287947995e-05,0.609253145551904,0.00173372846253962,0.000735708031555858,4.51241332155993e-10,0.155354781195046,4
"20122",2.64968266352253e-07,3.1786839108298e-08,5.00640800336831e-08,1.61601049786612e-05,0.000781038243403488,0.999197055775134,5.39857849276258e-06,4.78805769617278e-10,6
"20124",0.0014011641301124,0.672614278889856,2.76603540677852e-06,0.317318400752099,8.44642613224655e-07,7.28123349240358e-10,5.70892972559558e-08,0.00866248773249203,2
"20126",5.01891535531635e-05,0.00172408424010819,0.0310264572265154,0.001932046834627,1.19937303088903e-07,7.02944706430416e-08,3.53534968556258e-08,0.965266996959926,8
"20128",1.70193615458851e-05,0.125931945669379,9.36760736661735e-06,0.000233351651909216,1.03991687978284e-10,5.03390583410827e-11,4.02023642175779e-11,0.873808315515266,8
"20141",3.59851924485756e-05,3.37734247756578e-08,0.78598157608839,0.000699942338992968,0.198411624012077,0.0147790804967167,1.10258519804401e-05,8.07322459695442e-05,3
"20143",7.33627039279504e-09,1.56658948770181e-09,1.11161740363974e-08,3.4999051110749e-08,1.25235160163527e-05,0.999984695117354,2.72627980979881e-06,6.87348719706699e-11,6
"20145",0.00873989577243655,0.102201944838913,6.38422132587916e-06,0.87543397657292,0.00148015588544831,2.56741334227841e-06,3.30222077996611e-10,0.012135074965392,4
"20147",0.000400898929450886,0.0568140843351549,1.15558199003265e-07,0.942477699796151,0.000124388094895272,1.2615328247035e-06,3.06510690896534e-09,0.000181548688217667,4
"20149",3.73495545205062e-07,3.2254163764088e-09,3.90144478302186e-07,1.41784999338304e-06,0.000768392861719731,0.999226820367911,2.60160163770241e-06,4.53298341374143e-10,6
"20151",0.000474916987726231,1.58323238857842e-06,7.75610446596987e-06,0.0017464024915224,0.956155874128253,0.0416120906755285,1.21238022153118e-06,1.63999893717073e-07,5
"20153",0.00364444668528838,2.80568831044578e-05,0.00649683336468567,0.00265334339912927,0.338019286569855,0.647722302500281,1.32976120809009e-08,0.00143571730004426,6
"20155",0.0703093226562712,0.460366697173301,8.68037898534948e-08,0.468502815918766,2.08943943868165e-05,2.23349459665167e-07,2.52507186817391e-08,0.00079993445330646,4
"20157",5.07422681766819e-05,9.81876783836285e-07,2.59497820828771e-05,0.000595199738817206,0.59065115884818,0.408674329743903,1.14348857487801e-06,4.94253481787488e-07,5
"20160",1.13121476647171e-08,3.03101774672504e-09,1.78219585351238e-08,9.16310977066281e-08,1.98671443459073e-05,0.99997966442299,3.44390141193315e-07,2.46301584227527e-10,6
"20162",2.14052957160148e-07,1.03701295219538e-09,2.06795292537683e-07,7.4011968963301e-07,0.00395309058934194,0.996042554267574,3.19299137875399e-06,1.46753345184365e-10,6
"20164",0.000784554999028595,2.07564709234735e-06,3.26849294235678e-05,0.000104051908397134,0.0433578563576992,0.955717062791715,1.01152399921679e-06,7.01842645052212e-07,6
"20166",3.66726643962619e-05,0.946424534524627,2.11530032829126e-09,0.0530832634374631,7.60665399765266e-06,0.00037351412015408,6.83894236761679e-05,6.0170603855335e-06,2
"20168",4.70763980011995e-06,0.00132318786247717,2.82050304794885e-08,0.000197171130512039,2.8955170877287e-06,0.000364182475114649,0.998107804358321,2.28116567500263e-08,7
"20170",0.000186747401867924,4.68976384338399e-07,0.000287861512086865,0.00467142176871472,0.739363160715954,0.255488240294888,6.98058035101688e-07,1.40127206907957e-06,5
"20172",0.00163965658027317,0.0480616207709192,1.65293175484943e-06,0.948499848724217,0.000205878695810605,5.5832433424287e-09,5.01480511838936e-09,0.00159133169897665,4
"20174",2.19004701421602e-05,1.41827727526478e-08,3.45364414801138e-06,7.4602697628326e-05,0.749247785032611,0.123939151588867,0.126713092249639,1.34191985581013e-10,5
"20176",6.16596736213535e-06,1.73574228962397e-05,1.39062587236597e-08,3.18054861056401e-05,1.63337362508252e-05,1.43826726555082e-06,0.999926884656474,5.57386928536497e-10,7
"20178",1.35419794670205e-08,4.45226001358497e-09,2.09033142904264e-08,7.01678867278991e-08,9.39008996950325e-06,0.999990351628249,1.48579661884644e-07,6.36679550845933e-10,6
"20181",1.28319398766577e-05,0.656584726728869,3.04336433722179e-09,0.339574873511882,2.29259623227297e-05,0.00376937223504324,6.16375773250155e-07,3.46502028681521e-05,2
"20183",0.00813400415901392,1.90918985384986e-05,0.00370492596139102,0.0697604624268793,0.918300788345757,4.24068215304689e-06,1.92008085274544e-06,7.45664454140642e-05,5
"20186",0.17189531706497,0.000592363344068973,0.0252182183828566,0.137195584667047,0.661468844258611,8.44128988569112e-08,0.0032836848561586,0.00034590301338853,5
"20188",7.29441520556033e-08,2.76578678943621e-09,8.01663951635668e-08,1.32487401270749e-07,0.000185741147535633,0.999813747287261,2.227000549093e-07,5.01412758942933e-10,6
"20190",0.000155318775469083,0.881457492907801,1.09656354532088e-09,0.118269526318287,3.1705805496598e-06,9.87141281562945e-08,7.70308785244967e-09,0.000114383904113901,2
"20193",0.000129253572033327,0.00139400557308776,7.28270966379674e-08,5.96806607147712e-05,7.91779858515329e-05,0.980995162506163,0.0173425459164004,1.00958652327633e-07,6
"20195",0.00399212298903019,3.95635131760901e-05,8.10996235210083e-06,0.00213706956577606,0.182748562255442,0.811071176177938,1.15373476269305e-06,2.24180152217571e-06,6
"20197",0.0286230575849208,0.161664708162198,8.12596474703134e-07,0.808466850441917,0.000212650345330571,2.35681803585754e-08,2.54038694007564e-08,0.00103187189710871,4
"20199",4.55666449185206e-05,1.54574511753068e-08,6.48023181981453e-05,2.73715983412143e-05,0.0709923950570507,0.928869331375593,4.42875214865462e-07,7.46732323245119e-08,6
"20205",0.000923009665476163,2.34157751817395e-05,0.0509743608290464,3.42453405844738e-05,2.00355582446975e-06,1.34678976127797e-09,2.16375533074343e-11,0.948042963465459,8
"20208",0.00271841140220415,1.1767997104867e-05,9.71685696337286e-06,0.0111194627742818,0.978204822830741,0.0079202963145847,1.4882496108191e-05,6.3932801220757e-07,5
"20210",1.24103936674197e-06,3.888021519359e-09,6.67657007225844e-07,3.49717440756292e-06,0.0144626351304231,0.985530703263817,1.25072012116931e-06,1.12683529794064e-09,6
"20212",0.000255628183853009,1.54737422848514e-06,5.25822377226313e-06,0.000326616134848793,0.148153654257597,0.851254848600516,2.2148860228928e-06,2.32339161747073e-07,6
"20216",0.000108627643178355,0.0853566854893897,4.26287985555855e-08,0.914153725626117,0.000264664007299571,1.83376539074671e-05,6.83785654014047e-08,9.78485727441431e-05,4
"20219",0.0146358635998415,0.0395939028930085,0.0118154611087691,0.216228484992951,0.00109245778283545,3.11394661922695e-05,7.10352635503442e-10,0.716602689446049,8
"20223",0.00121119574690007,0.995424384860449,3.33734227993443e-08,0.00303301163283983,5.54972534615013e-08,3.41557676194839e-11,0.000240047341745126,9.12715132336849e-05,2
"20226",0.978853296849872,0.000203780140699669,2.27969348867422e-05,0.00188288138161416,0.0188899184469695,7.55533307594883e-05,3.8072589469963e-08,7.17348426091987e-05,1
"20230",5.17646865436196e-05,0.942268065499662,4.11316720269619e-09,0.0571658274321194,7.07735785495886e-07,7.03838156299494e-09,4.04116923113259e-09,0.00051361945317195,2
"20233",2.95705535633244e-06,6.92293277523622e-10,0.999632799258615,3.60369858864256e-08,1.42060725139519e-05,1.67968500173076e-07,2.49717968224688e-09,0.000349830418555328,3
"20235",0.166088627823425,0.607279799141727,0.000340705633263417,0.178952491338263,1.47278335824269e-05,1.50353213021048e-09,9.13339628024709e-05,0.0472323127634036,2
"20239",0.269997500445936,0.203668041798703,3.81597790993836e-05,0.522987341883892,0.00118533453245962,4.86424570097823e-07,0.0019382143306501,0.000184920804690276,4
"20254",1.03114850163185e-05,0.000493804858734223,0.000244879407327906,8.79363493032177e-05,2.00595604181025e-08,2.48309576336397e-10,1.10840234044944e-13,0.999163047591638,8
"20256",0.000347449852893277,0.216278482867936,3.49812162301806e-07,0.782697563096233,3.12347145149926e-06,1.05972768415871e-09,1.23214436405467e-07,0.000672906625159854,4
"20262",5.24083912260906e-05,3.20989279343706e-07,1.13443798029014e-05,0.00103547933280261,0.426690777167175,0.572208681452153,8.74955564709222e-07,1.1333199729403e-07,6
"20270",0.000518599569820687,0.732868229969332,2.47555598807915e-07,0.252046653429592,0.0094038150292558,0.0030800576647375,0.00206071674514398,2.16800365198705e-05,2
"20284",0.0770871948756921,0.000358185190191463,0.404050425866517,0.0218735116492062,0.412470604829562,1.10578038243573e-05,1.13235854542873e-07,0.0841489065491522,5
"20287",0.000414149428582702,0.997366278826495,4.87977736668121e-10,0.00202626315915183,3.40142813411868e-09,3.60182801203674e-11,5.4254753543006e-09,0.000193299234871406,2
"20290",0.00475139692417701,0.000208574485706422,0.036590989995099,0.000689620915697754,0.000799333102163258,1.23113546869971e-05,5.33278747954956e-11,0.956947773169142,8
"20293",0.00010118999639518,0.00218420288356603,1.01118178425984e-05,0.996221079035529,0.0012828206762146,4.46103831195048e-07,3.89473626148896e-08,0.00020011053925876,4
"20296",0.000452177884929865,0.000174077914776599,1.47106665746176e-07,0.0392690241138618,0.269998970028166,0.674487942534005,0.015617655235266,5.18232861206304e-09,6
"20301",5.67402592449583e-05,0.999312826595331,3.46885085373687e-10,0.000264417362272017,1.64978597786616e-09,4.22619349714296e-07,6.75535055874954e-10,0.000365590491596044,2
"20304",2.59394085328227e-06,0.000220367597398645,0.00554922428896169,0.00182448866079592,9.13408840529487e-07,1.44689390914828e-08,6.58852320425002e-12,0.992402397627622,8
"20306",0.00023830636611252,0.905563302048767,6.24710433697425e-07,0.0848946911545142,1.05827722225454e-06,2.0553558030301e-10,5.40320623051529e-09,0.00930201183420863,2
"20309",0.155619021006319,0.0121857911567097,5.1835108150959e-05,0.748370192416798,0.080887909995316,4.5090635383728e-05,3.22929423267374e-07,0.00283983675189992,4
"20311",0.000669127127811949,0.157250789625297,1.00206528707548e-05,0.84040872250322,0.000807710607943271,0.000190138933068731,4.57665625227779e-07,0.000663032884163371,4
"20314",0.000889375836360949,1.16795602199807e-05,4.48069782446901e-05,0.0228173260754803,0.961728939135738,0.0145023353391454,1.61988472719706e-07,5.37508633815159e-06,5
"20318",3.27853651098015e-08,1.42907301983658e-06,1.58797195553878e-08,2.86504774493713e-06,4.99117635420722e-05,0.999942475720731,3.26500804705876e-06,4.72183034526078e-09,6
"20320",0.601477813774302,3.46126580602238e-05,0.00457578950090275,0.00120174465545558,0.391605033663344,0.000970818397267669,5.47370503588056e-06,0.000128713645632085,1
"20326",0.000401237901388211,1.71832151956475e-05,0.000162944162290961,0.0344978482287242,0.927496288981457,0.037411110240389,4.28025438462509e-07,1.29592451164806e-05,5
"20328",0.224908774679108,1.30227011666279e-05,0.00750226920043009,0.0042550123666749,0.763205361619914,4.95946835864152e-06,2.57503902556916e-06,0.000108024925322067,5
"20330",0.906412451874387,0.0696744024121703,2.82383231341162e-05,0.0206406306864116,3.93269868952546e-05,2.34159920618091e-07,2.06987585508812e-07,0.00320450856949587,1
"20336",0.00355590120865459,0.000300674283833669,0.356152893782893,0.063866058187347,0.0104113595398421,3.01716343666776e-07,2.65490691861887e-09,0.565712808626179,8
"20338",0.00403966664198027,0.000911663256171034,0.0839937701374992,0.0296234630518357,0.000230117042865982,7.4558328624836e-05,8.8960881568432e-10,0.881126760651414,8
"20340",0.000110347894700582,0.915328471591617,3.67181585894608e-08,0.0816651588319715,1.4953230841149e-07,5.17597572220239e-09,1.26124925191068e-08,0.00289581764277631,2
"20342",0.0146998575275842,0.000461201678982531,0.896048381763146,1.26088976102848e-05,2.30770138242297e-05,0.000150432160482819,1.30479126258288e-05,0.0885913930457441,3
"20344",0.000353163295109886,0.282744034254282,1.64834284984877e-06,0.714587574653583,0.000384910726032531,1.17021185475572e-07,1.06818875953151e-07,0.00192844488808099,4
"20349",5.03125225837296e-05,0.647930643461324,1.11060537584095e-07,0.351330009634965,3.11290398539599e-06,8.14821443209603e-10,5.73128834656265e-08,0.000685752288899578,2
"20351",0.0018451195510169,0.00492383207082252,5.36419642173391e-05,0.987746176979351,0.00238348373506156,6.13865535343035e-05,7.11137911412202e-08,0.00298628803220556,4
"20353",0.784724490973846,0.120362020737246,2.33140679867161e-05,0.0305232511038058,2.01885203913158e-05,8.37960361083045e-09,2.18109881743939e-09,0.0643467240360213,1
"20357",0.00174697173911991,0.000277844131527189,0.00762528683262628,5.23564277168977e-05,5.15317147577114e-07,4.18836732800393e-11,1.51040323081352e-11,0.990297025494875,8
"20360",0.827757986960838,0.00436754582993702,0.0712110133520367,0.000506789965809615,1.45499789595216e-05,3.32500405169428e-07,0.000143284582151248,0.0959984968298626,1
"20364",0.431797801615684,0.0922960515983612,6.54763235991278e-06,0.459085420823373,0.010464881372323,4.37260436474491e-06,7.84851744197825e-09,0.00634491650501721,4
"20366",0.000721199248006501,1.99828082997761e-05,0.61094426509142,0.00487591827624658,0.0025472630864642,5.44131418217287e-06,1.98050228971964e-09,0.380885928194878,3
"20381",2.4749517367865e-06,1.14960130286512e-08,5.718533834094e-05,4.21258889354621e-06,0.00218103907980939,0.0114791563554558,0.986275919837941,3.51809917686966e-10,7
"20391",0.581280357584591,0.0275805902797712,0.0203136059284024,0.155715053112801,0.00816909086794761,8.00662995694079e-09,0.204966439398001,0.00197485482185526,1
"20394",0.0187447904272746,7.12924054447568e-07,0.000109089527644961,0.00136834810131671,0.97795980727974,0.000466915851763014,0.00135031087070651,2.50174999573665e-08,5
"20396",4.04042680716593e-05,2.8296829180572e-09,7.34024140747236e-06,6.68538583666094e-06,0.295158439730226,0.00626330627377728,0.698523821240538,3.04603628802789e-11,7
"20409",0.000105269452262161,0.0221344610006358,3.28394510651399e-05,0.811357121399482,0.0710186665088187,0.0950173651945968,1.50029555813816e-06,0.000332776697581819,4
"20411",0.032411883765129,0.171641454088269,0.000244643450246062,0.4294850370291,2.40772700177016e-05,5.05010531877168e-10,2.05230992437921e-09,0.366192901839918,4
"20416",1.59070989063241e-05,0.0108350309034849,1.83089393520164e-05,7.08470874423252e-05,1.34332016543915e-10,6.24499109208371e-13,3.04702756947953e-12,0.989059905832811,8
"20418",4.50922645724805e-06,2.45051167184752e-09,2.85948470268331e-06,6.160160877629e-06,0.213590533387867,0.033972875539636,0.752423059732774,1.71741568873178e-11,7
"20420",3.88414884433932e-05,9.55935294717215e-09,0.997249419641013,6.21055855135136e-06,0.000603783619973248,5.75968080526672e-06,1.12813982928011e-08,0.00209596417046283,3
"20422",0.0319640144580615,0.922794303800651,3.57579907467955e-08,0.0439282012692514,6.09803653634043e-05,1.77491352552436e-05,9.00782680351942e-09,0.00123470620559962,2
"20424",0.133084622137533,0.298586178930765,4.70413177782786e-05,0.370644992939805,2.0056224472281e-05,2.30303141441876e-09,1.11349727121976e-09,0.197617105033118,4
"20426",5.18693393415595e-05,2.1604100870226e-06,0.422502407396971,7.27046866107201e-07,4.45426928717742e-06,0.000158272553609467,1.27054730968213e-10,0.577280108856783,8
"20428",0.0602688245119806,0.0195291113464086,4.50591552068566e-07,0.914693436912248,0.00478642046913575,1.79018997485813e-06,0.000717645758632542,2.32022006803619e-06,4
"20431",0.356647585810078,0.00179755977524637,0.0005226935828875,0.0201872756936384,0.536027220786828,0.0826650063296501,4.76092677078673e-07,0.00215218192899378,5
"20433",0.000107007433947816,0.994742247560062,1.2558972242825e-09,0.00512077849818256,3.00336892781116e-08,6.01682173601537e-10,2.25155463095595e-05,7.41907022876809e-06,2
"20436",1.72009975717174e-05,0.00145159033287901,1.28240101289057e-08,0.00145511790619638,5.20002311568476e-06,2.08304657700511e-06,0.997068782790772,1.20788782830449e-08,7
"20439",2.53893003458788e-05,1.13249142144101e-08,7.12399546244975e-06,3.22076869177618e-05,0.661996068979881,0.129929872374011,0.208009326267877,7.05911775496866e-11,5
"20441",0.0159644961670039,7.75169346935004e-05,0.0381629824492683,0.000377229412919319,9.51894741862278e-06,7.16972738137276e-08,6.64848890000976e-11,0.945408184324938,8
"20444",2.27283770420838e-08,1.06459291598674e-09,2.89948245470107e-08,1.00768161191674e-07,9.81895753382394e-05,0.999900898881758,7.57878537391489e-07,1.08410531988051e-10,6
"20448",8.57009672051708e-05,0.000173663723697398,0.00244598924602177,0.0612851999782985,0.796549010645558,0.139205801091699,0.000100930097497861,0.000153704250022785,5
"20536",0.00392753489698582,1.16237793848216e-06,2.12477671510233e-05,0.00141473854740516,0.166101652791002,3.5264102866116e-06,0.828530132800408,4.40882345862583e-09,7
"20538",0.000147778429688707,0.00208977409827846,0.1534285833977,0.713031062067153,0.00692214379787942,2.4472209490138e-07,1.3134275000539e-06,0.124379100059705,4
"20541",0.00221375074804299,0.629535007361717,2.7719624359684e-06,0.0278057685261643,1.76019218306142e-07,7.51541561384627e-10,7.3657759932802e-12,0.340442524623514,2
