"","V1","V2","V3","V4","best$classification"
"19811",0.997192512510384,1.01076249022432e-06,7.10621299765197e-05,0.00273541459714888,1
"19813",0.99408523464027,2.08144201279655e-05,0.00384293638707588,0.00205101455252632,1
"19815",0.993597919953941,0.00174005136638725,0.00454597137420596,0.00011605730546589,1
"19817",0.996251301620859,7.17453298236123e-05,0.000596737809340526,0.00308021523997633,1
"19819",8.99576169748595e-05,0.136043362003941,0.863863758587845,2.92179123903189e-06,3
"19821",0.937936017805655,2.11805710417879e-06,0.00225663415165824,0.0598052299855824,1
"19823",0.887183964150268,0.109082933670465,0.00201487534140812,0.00171822683785976,1
"19825",0.0105207717999363,0.00113779987283399,0.159161248486645,0.829180179840585,4
"19827",0.29980370812093,0.000424814825726076,0.00154273876647315,0.698228738286871,4
"19829",0.0035907202672556,0.000222508513152435,0.981799030457814,0.0143877407617776,3
"19831",0.00106503082959587,0.106748825639933,0.892180806558334,5.33697213783859e-06,3
"19833",2.38593901502034e-05,0.999820741442192,9.60391150895621e-05,5.9360052567958e-05,2
"19835",0.937936017805655,2.11805710417879e-06,0.00225663415165824,0.0598052299855824,1
"19837",0.867369619990895,7.15830844750373e-05,0.00428830563960293,0.128270491285027,1
"19839",0.0143965529934751,8.49333704891973e-05,0.934428128676332,0.0510903849597034,3
"19841",7.11766763318903e-05,2.38541978444203e-07,5.71908811810414e-05,0.999871393900508,4
"19843",0.00108648777841505,0.000218167118460366,0.99869448964386,8.55459264491231e-07,3
"19845",0.999345053239706,2.42010575626829e-06,4.18376728034753e-05,0.000610688981733861,1
"19847",0.994710475870187,0.000114861350902723,0.00509976732652336,7.48954523870487e-05,1
"19849",0.996451283914296,5.84264443548603e-06,0.000376987073949607,0.00316588636731846,1
"19851",0.999441390721427,6.73704927365818e-05,0.000177669759342492,0.000313569026494147,1
"19853",0.997636981344365,0.00017520684489967,3.84450776229983e-06,0.00218396730297281,1
"19855",0.986457159131469,1.80900628192747e-05,2.37774890229074e-05,0.0135009733166888,1
"19857",0.955787381801146,6.25712225334427e-06,0.0113259345733297,0.0328804265032715,1
"19859",0.95928033533319,0.000416878015820762,0.00386727319998574,0.0364355134510038,1
"19861",0.99970652110633,2.65952850795147e-06,5.68647393584636e-05,0.00023395462580334,1
"19863",0.0214839353451703,6.05101857120714e-07,2.9114706101947e-05,0.978486344846871,4
"19865",0.00337976944577604,3.99723068615702e-07,1.96934067026829e-05,0.996600137424453,4
"19867",0.999015415696044,4.1299623381477e-05,0.000922371242247613,2.09134383268588e-05,1
"19869",0.986954053578156,5.97515051769493e-07,2.63024307364951e-05,0.0130190464760558,1
"19871",0.85814738315411,0.000554775878441661,0.0122210169352501,0.129076824032199,1
"19874",0.154870934153874,4.29462513089275e-05,8.24426566893203e-05,0.845003676938128,4
"19876",0.514456277782627,1.66609172666675e-06,1.65330865315618e-05,0.485525523039115,1
"19878",0.322483675331805,0.0210154757969158,0.655508848163036,0.000992000708242621,3
"19880",0.00196285554675166,7.56453584632315e-08,7.8225669284014e-07,0.998036286551197,4
"19882",0.996556892621316,8.39377438682369e-06,5.37889154653563e-05,0.00338092468883173,1
"19885",0.982459262796742,4.35232225856327e-05,0.0148307927879277,0.00266642119274497,1
"19907",0.999572436066963,1.11025576768467e-05,0.000324516579256639,9.19447961039396e-05,1
"19909",0.027226415226562,8.51709847520066e-05,0.972617898865706,7.0514922979751e-05,3
"19911",0.0309826575131243,0.00163820513137431,0.929085094813052,0.0382940425424496,3
"19913",6.23169812212344e-05,4.64527273609141e-07,3.22108696263085e-06,0.999933997404542,4
"19915",0.366108467518314,4.05214085037603e-05,0.00010601069624568,0.633745000376936,4
"19917",0.0149037985005093,7.07759777244918e-06,0.000190530633964729,0.984898593267754,4
"19919",0.7206872552898,0.000244099851084885,0.00160728391251912,0.277461360946596,1
"19921",0.999435328927722,2.60783115947978e-05,0.000466609301292438,7.19834593903289e-05,1
"19923",0.902554663842531,0.0334738701005676,0.063949316976074,2.21490808276026e-05,1
"19925",0.0478587690414481,1.25090531060054e-05,7.06341604256325e-05,0.95205808774502,4
"19927",0.998439201646157,3.64754514029884e-05,0.000213894878171315,0.00131042802426896,1
"19929",0.00157334851846829,2.70946665014337e-08,1.99250133782608e-06,0.998424631885527,4
"19931",0.991236350585005,0.000369163218625606,0.00314101874166913,0.00525346745469978,1
"19933",0.190751416690263,0.00199671964529516,0.803373423494631,0.00387844016981148,3
"19935",0.905008484570604,2.62215700235374e-05,0.0905134812999593,0.00445181255941348,1
"19937",0.998171934069503,0.000696664492987992,0.000976813365549952,0.000154588071959194,1
"19939",0.99231044948641,0.000411202813979667,0.00245078329153478,0.00482756440807596,1
"19941",0.013804180325147,0.000136490604720547,0.877844057450237,0.108215271619895,3
"19943",0.00120498337024465,3.16105400021179e-06,7.90101286988485e-06,0.998783954562885,4
"19945",0.0758150445615061,0.00376830733334899,0.92023737781001,0.00017927029513535,3
"19947",0.0371665716693816,0.000291640821387212,0.118282620789942,0.84425916671929,4
"19949",0.628371072147983,0.0442340246807958,0.327338805357256,5.60978139651944e-05,1
"19951",0.267195568340734,0.000156354352598099,0.00421727718084428,0.728430800125824,4
"19953",0.00300677346776953,0.786857604817031,0.210134992666862,6.29048337274674e-07,2
"19955",0.0119440250839942,0.0528077341949099,0.935233502782334,1.47379387614764e-05,3
"19957",0.0913761251020081,0.00283177280258363,0.00257285642515622,0.903219245670252,4
"19960",0.00517047878102074,0.000212372623375369,0.993800340781201,0.000816807814402981,3
"19963",0.00107063162681461,0.0658841664978394,0.000883838071699679,0.932161363803646,4
"19965",0.00173618611876008,0.00072071530292761,0.997542801307499,2.97270812942104e-07,3
"19968",0.0385823639914524,7.78083697679097e-08,0.00253369394274584,0.958883864257432,4
"19971",9.83802057805823e-05,0.0079775668935033,0.00346185756301707,0.988462195337699,4
"19973",0.982700514723471,5.5611092192433e-06,0.000502448938202631,0.0167914752291067,1
"19975",0.0299336036260611,4.2040996839361e-07,0.000131046569312344,0.969934929394658,4
"19977",0.00329897638596542,0.000287601769413851,0.000333281779008178,0.996080140065613,4
"19979",7.10039262171038e-06,0.000487604956608637,0.999501155055783,4.13959498625526e-06,3
"19981",0.977127963594028,4.9208964929981e-05,0.0208012578178911,0.00202156962315043,1
"19983",0.96987650411595,0.000250876165735008,0.0297295007097787,0.000143119008536032,1
"19985",0.147150696077739,2.50013225557763e-06,1.89613616438415e-05,0.852827842428361,4
"19987",0.755754495657965,0.000418941729802165,0.107883084548543,0.13594347806369,1
"19989",8.74159909639644e-05,0.00476269470289984,0.995149833747445,5.55586917972206e-08,3
"19993",0.414929805533047,0.00339690807318797,0.536907953465385,0.04476533292838,3
"19995",0.174892181100993,0.00077629763572483,0.813216481006494,0.0111150402567877,3
"19997",0.971355047213956,1.97373773528687e-05,0.000184439173961148,0.0284407762347303,1
"19999",0.888355873609078,1.36449219233008e-06,2.75828640921294e-05,0.111615179034638,1
"20002",0.00359673744749235,7.42108399324765e-06,0.000660136348683725,0.995735705119831,4
"20004",0.139395325735024,0.000128669557691665,0.840901406895409,0.0195745978118753,3
"20006",0.051954903435982,0.00644274922654007,0.939180034035936,0.00242231330154209,3
"20008",0.0680232101159362,0.0273843537430534,0.903598858083202,0.000993578057808723,3
"20010",0.0254049735687254,0.0521908838219094,0.922387001524739,1.71410846266332e-05,3
"20012",0.218466547878388,1.76121069496123e-06,0.00014868052161596,0.781383010389301,4
"20015",0.000123911117801632,1.46876268090312e-05,0.99986103987289,3.61382498954903e-07,3
"20017",0.948194593924479,1.74371435405036e-06,7.70559025632275e-05,0.0517266064586039,1
"20019",2.33546281015269e-06,0.00355856858059256,0.996439048418383,4.75382139267755e-08,3
"20022",0.00565817283645592,0.0025433781533314,0.991790890933659,7.55807655416044e-06,3
"20024",8.07824912148018e-05,0.43149612332265,0.568422549380476,5.44805658853411e-07,3
"20026",8.07824912148018e-05,0.43149612332265,0.568422549380476,5.44805658853411e-07,3
"20028",0.709595854033412,6.9292005476206e-06,4.29892371392833e-05,0.290354227528901,1
"20030",0.000378098190062777,1.95119902903127e-05,0.999204453475655,0.000397936343992125,3
"20033",0.581705161510435,3.14527137441202e-05,0.00358055441827726,0.414682831357543,1
"20035",6.13650490803584e-06,0.00522813167758874,0.994765674119104,5.76983994000918e-08,3
"20037",1.41320578946723e-05,0.000706548938757455,0.999279315061654,3.94169359541162e-09,3
"20039",1.75624293246755e-06,0.999165774292574,0.000832468037218542,1.42727523775046e-09,2
"20041",0.613154054225718,0.0760940396893848,0.308706113971258,0.00204579211363947,1
"20044",0.463106479844645,0.104525991686838,0.416176515815808,0.0161910126527089,1
"20047",8.07565267722946e-07,0.00759255181513439,0.992406202825499,4.37794099298827e-07,3
"20050",0.00815184369124927,0.828396539866007,0.163375113154468,7.65032882762971e-05,2
"20052",0.849580846583348,0.00589815076748869,0.057989075029774,0.0865319276193897,1
"20054",0.00137300602058674,6.48011475447989e-06,0.998590683177842,2.98306868168975e-05,3
"20056",0.00207367309620785,1.41605991106145e-05,0.00045986785554725,0.997452298449134,4
"20058",0.000110414846486931,0.00163689330787185,0.998252673713978,1.8131663310555e-08,3
"20060",0.995954087314391,9.33814747964369e-05,0.0023198443157542,0.00163268689505815,1
"20062",0.984244289653873,0.000141859825660552,0.0150329547496693,0.000580895770797583,1
"20064",0.0202487689788427,0.000228657347609089,0.978829707517059,0.000692866156489285,3
"20066",3.92037304816169e-05,4.54392131854173e-05,0.999867776801379,4.75802549535986e-05,3
"20068",0.999585007347424,9.21751818248008e-06,0.000150761707397616,0.000255013426995648,1
"20070",0.998586346950666,0.000881003823182893,0.000342933319409915,0.000189715906741159,1
"20072",0.00486939173603557,9.40809797097082e-05,0.995036072149366,4.55134889106109e-07,3
"20074",0.000223507940680478,5.63306784660137e-08,5.9144230922263e-07,0.999775844286332,4
"20076",0.115913168878496,1.00265935010555e-06,0.0151481134983265,0.868937714963827,4
"20078",0.0355860623249281,0.00442218031757577,0.959564020790896,0.000427736566599909,3
"20080",9.08374868393262e-06,0.00166410635387793,0.998326667152183,1.42745255073666e-07,3
"20082",2.3096729402745e-05,0.987503977022606,0.0124724515526608,4.74695330220038e-07,2
"20084",0.00913583468097584,0.0167419321206955,0.936073272056748,0.0380489611415812,3
"20087",0.0573240592892647,0.00140850444932408,0.941261903578182,5.53268322931836e-06,3
"20090",8.10067310991481e-05,0.0333660879428829,0.966552267568913,6.37757105252233e-07,3
"20092",0.231474754780879,0.733463624655539,0.0350600710430349,1.54952054742715e-06,2
"20096",0.426137335637602,0.540103997581098,0.0188150596260046,0.0149436071552952,2
"20098",0.575779243877016,8.03405178838851e-05,0.00133731550338381,0.422803100101716,1
"20101",0.000148144927895845,0.00229792992857103,0.997308798168508,0.0002451269750252,3
"20104",0.937977217393655,0.0567344634203928,0.000320831753020112,0.00496748743293212,1
"20106",0.000934409113185773,0.000190337646505191,0.998750070487503,0.000125182752806694,3
"20108",0.93548642962944,1.01686610368276e-05,0.00148732814426577,0.0630160735652574,1
"20110",0.313655760302436,0.505591045131875,0.0188645007371978,0.161888693828492,2
"20112",0.0147510921188796,0.0265558821099427,0.95861241072569,8.06150454875936e-05,3
"20114",0.03988182151005,0.00288279603413239,0.836448695790253,0.120786686665564,3
"20116",0.00876334271303488,2.65637906585935e-05,0.954877073425015,0.0363330200712919,3
"20118",0.635132064948136,0.00128814002235806,0.16284383568256,0.200735959346945,1
"20120",0.00365253992722428,0.0355046813936603,0.959642877530538,0.00119990114857709,3
"20122",0.00207316562694469,2.36704005555457e-07,2.21989754695415e-05,0.99790439869358,4
"20124",9.380356860244e-05,0.00318197509103893,0.996724189343938,3.19964200868477e-08,3
"20126",2.33561238097284e-05,0.982942100069975,0.0170331441492308,1.39965698443945e-06,2
"20128",7.42013986907163e-07,0.687746297370737,0.312252941871998,1.87432782315266e-08,2
"20141",0.768097654010305,0.0476509998008696,0.000404054044066742,0.183847292144759,1
"20143",8.37063440678413e-05,7.53531104169567e-08,6.58365947893118e-07,0.999915559936874,4
"20145",0.00580627989621889,0.00704268853743586,0.9871287077728,2.23237935455913e-05,3
"20147",0.00184994318404969,0.000292073143826143,0.997836999788026,2.09838840985803e-05,3
"20149",0.00192404934881912,5.07346098588392e-07,3.73213500321647e-06,0.998071711170079,4
"20151",0.791141946465325,4.54119238092834e-05,0.00179125427313742,0.207021387337728,1
"20153",0.199764538682482,0.0333277879421935,0.00596429696711211,0.760943376408213,4
"20155",0.000543127554896687,0.000426092200775888,0.999028879144906,1.90109942108929e-06,3
"20157",0.249668255563738,6.79259766878751e-05,0.000551227772478652,0.749712590687095,4
"20160",0.000106307403153126,1.81201486816426e-07,1.42480054133971e-06,0.999892086594819,4
"20162",0.00403091341104796,1.82316760703842e-07,1.49713118110742e-06,0.99596740714101,4
"20164",0.0526745030277815,0.000126585666613591,0.000420304309903181,0.946778606995702,4
"20166",0.000460030389232259,2.15817947743314e-05,0.996953616563861,0.00256477125213265,3
"20168",0.0535933651362885,0.000193138990721431,0.571326668034218,0.374886827838772,3
"20170",0.462508620986651,0.000250139506372064,0.00104836529299503,0.536192874213982,4
"20172",0.00417045325879624,0.00197507364027755,0.993854098836282,3.74264644515533e-07,3
"20174",0.634049997636012,2.90186458251143e-07,2.2367350582164e-05,0.365927344826948,1
"20176",0.774644005025282,8.16924493724004e-05,0.197058904924647,0.0282153976006978,1
"20178",6.69645480650614e-05,3.70872171189786e-07,1.73204533155528e-06,0.999930932534432,4
"20181",0.000287217508379682,2.77691696857518e-05,0.99249227688043,0.00719273644150427,3
"20183",0.988162703686758,0.0024981353014159,0.00925824393066001,8.09170811666566e-05,1
"20186",0.97893168972765,0.00354513253600661,0.0175213182296636,1.85950667916659e-06,1
"20188",0.000477783506341826,4.02990211881743e-07,1.59980144896725e-06,0.999520213701997,4
"20190",0.000106920140230759,5.15683950716791e-05,0.999839572958843,1.93850585415171e-06,3
"20193",0.00165084149668816,6.79672450704121e-06,0.00384606767786927,0.994496294100936,4
"20195",0.150958463308161,0.000131459890371493,0.00466581584460507,0.844244260956863,4
"20197",0.00330602999560363,0.000885012322905836,0.995808363073381,5.94608109767273e-07,3
"20199",0.0506360829121085,3.39993332320863e-05,2.70683369510592e-05,0.949302849417708,4
"20205",5.29487049157783e-05,0.999351102048285,0.000595907790066984,4.14567322747379e-08,2
"20208",0.951112690340494,6.35040356817733e-05,0.00599613669646602,0.0428276689273583,1
"20210",0.0105402173733693,7.88758859358662e-07,5.28814735291521e-06,0.989453705720418,4
"20212",0.0938372132432936,2.66144225301434e-05,0.000472824982784002,0.905663347351392,4
"20216",0.00283364342387254,0.00014652107652594,0.996829220820112,0.000190614679489686,3
"20219",0.00576746990529787,0.578859665096932,0.415226675119784,0.000146189877985902,2
"20223",0.000170536177305248,0.000557297104840856,0.999272143698277,2.30195772655816e-08,3
"20226",0.836218418682084,0.0197979538886745,0.138561162195698,0.00542246523354289,1
"20230",5.05539848639634e-05,0.000195642889473149,0.999753474600869,3.28524794151075e-07,3
"20233",0.00432498251043908,0.995570114192203,1.31503015065817e-05,9.17529958518573e-05,2
"20235",0.00200591534083779,0.0404043970631566,0.957589602459312,8.513669374363e-08,3
"20239",0.047829813222263,0.00140601299149715,0.950752809095026,1.1364691213557e-05,3
"20254",5.53745479287153e-06,0.986982245098609,0.0130121778571805,3.95894177223479e-08,2
"20256",0.000261006904008107,0.000484430403682718,0.999254498484785,6.4207524744207e-08,3
"20262",0.190807836707936,2.14320820577234e-05,0.000380734385668484,0.808789996824338,4
"20270",0.0403654668180627,7.03758408648531e-05,0.94702886211099,0.0125352952300822,3
"20284",0.463245651648377,0.512163903952563,0.0244642782812931,0.00012616611776739,2
"20287",8.18315459174761e-06,0.000291560833771917,0.99970024364536,1.23662767011758e-08,3
"20290",0.00191017127194612,0.99343965669198,0.004595581667142,5.45903689314752e-05,2
"20293",0.0466223522296379,0.00348960151607053,0.949832316452169,5.5729802122695e-05,3
"20296",0.293224433620099,6.51410256428204e-07,0.0100169098987276,0.696758005070917,4
"20301",3.94978322282926e-06,0.0009752928417225,0.998993205468842,2.75519062128466e-05,3
"20304",5.44767343149182e-05,0.984403298825909,0.0155413689139353,8.55525841105311e-07,2
"20306",9.257446813955e-05,0.00308133776743298,0.996826068566763,1.9197664541609e-08,3
"20309",0.283092466400956,0.0104299291104492,0.705942352690036,0.000535251798558931,3
"20311",0.0068509686959696,0.00166618854379554,0.990552449855704,0.000930392904530397,3
"20314",0.897530024981634,0.000464471376415389,0.0124704309147719,0.0895350727271786,1
"20318",0.000234430038832509,6.5686097204804e-07,5.72548480237935e-05,0.999707658252172,4
"20320",0.974280453505519,0.0132427744200696,0.00572079736011567,0.00675597471429565,1
"20326",0.804269674796697,0.000874538022721602,0.0149416650020743,0.179914122178507,1
"20328",0.991161571000626,0.00556974137800796,0.00319160609872283,7.7081522643477e-05,1
"20330",0.00848687075901115,0.0398909914075026,0.951609255189406,1.28826440802094e-05,3
"20336",0.027127738566276,0.944966081403131,0.027900765044549,5.41498604372623e-06,2
"20338",0.0015831333138846,0.963356902968036,0.0348355446147416,0.000224419103337809,2
"20340",2.45355142235687e-05,0.000791920538421812,0.999183343075077,2.00872278029772e-07,3
"20342",0.000827943287650183,0.997311981285825,0.00134046556047166,0.000519609866053512,2
"20344",0.00315952914167791,0.0010899393879919,0.995747671518538,2.85995179255474e-06,3
"20349",0.000159499729116929,0.000295791166822019,0.999544655855372,5.32486889855361e-08,3
"20351",0.044678388382262,0.0199269277464077,0.93417946414154,0.00121521972979056,3
"20353",0.00197583697569565,0.0991482840629324,0.898875391778353,4.87183019331612e-07,3
"20357",3.98991881773661e-05,0.997112987651269,0.00284710920502533,3.95552779382982e-09,2
"20360",0.00367984660923318,0.963192796218844,0.0331174898352293,9.86733669381113e-06,2
"20364",0.0386628780120371,0.00717276920572918,0.954122804139041,4.15486431925462e-05,3
"20366",0.00721650520930073,0.98953638290002,0.00320446537864155,4.26465120377257e-05,2
"20381",0.286736304129183,1.54051377679954e-05,8.87472984621736e-05,0.713159543434587,4
"20391",0.550956257617321,0.0422885472644304,0.406754000144248,1.19497400099324e-06,1
"20394",0.997386706342476,1.10595613523026e-05,0.000320192044009395,0.00228204205216215,1
"20396",0.928272365440004,3.29217832474209e-07,8.33581918614064e-06,0.071718969522978,1
"20409",0.116191599435601,0.00189182223944416,0.634146733743169,0.247769844581785,3
"20411",0.000873648977603854,0.110526839232946,0.888599485659052,2.61303986682034e-08,3
"20416",8.55407745358574e-07,0.92116425786515,0.0788348860467717,6.80332732714625e-10,2
"20418",0.66383676777433,2.06291731465119e-07,8.48037124439213e-06,0.336154545562694,1
"20420",0.0267046154962279,0.972586396238987,0.000112923873479371,0.000596064391305688,2
"20422",0.000993046762920812,0.000884410022005608,0.998022115201236,0.000100428013837995,3
"20424",0.000635292237993182,0.0525117355289547,0.946852912082501,6.0150550552369e-08,3
"20426",2.24289446905308e-05,0.999758076470712,2.66332919053294e-05,0.000192861292692403,2
"20428",0.153694149930455,6.8915701259834e-05,0.84616977610197,6.71582663152797e-05,3
"20431",0.68842091212223,0.0265488730742841,0.0972922645088104,0.187737950294676,1
"20433",5.8463533973522e-05,4.69271631089898e-05,0.999894441719025,1.67583892671359e-07,3
"20436",0.0809238373691363,7.2399352807399e-05,0.913630765467672,0.00537299781038419,3
"20439",0.625468800492048,2.48236743263059e-07,1.41911361206613e-05,0.374516760135088,1
"20441",0.000180362824193237,0.997439857471126,0.00237906102562418,7.18679056707903e-07,2
"20444",0.000306772946734203,1.19057252528285e-07,8.55451682843965e-07,0.99969225254433,4
"20448",0.579942876067193,0.00335881521933396,0.0247435519490658,0.391954756764407,1
"20536",0.999386485488339,3.42150371840629e-06,0.000496314743030304,0.00011377826491282,1
"20538",0.0936981298074493,0.573537489600668,0.332744783650376,1.95969415070846e-05,2
"20541",2.33911752877498e-05,0.0627770470797021,0.937199524172502,3.75725080232546e-08,3
"20544",0.596405086085836,0.00273734782405504,0.386785465545422,0.0140721005446876,1
"20546",0.00215359999610186,0.00937084841674509,0.988475449000127,1.02587026521032e-07,3
"20550",0.456352342415618,0.0502501026596833,0.486307531350455,0.00709002357424366,3
"20553",1.71549250441054e-07,0.939186788524074,0.0608116165804751,1.42334620100341e-06,2
"20555",0.00447938596815429,0.995482831250618,3.69312393166655e-05,8.51541910717738e-07,2
"20557",0.289731672653659,0.408914846700853,0.295997975356571,0.00535550528891654,2
"20559",0.000477212590961207,0.000148541184762876,0.999367052696497,7.19352777923576e-06,3
"20561",0.494160438602007,0.000236601981131119,0.00371425530381838,0.501888704113044,4
"20564",6.69645480650614e-05,3.70872171189786e-07,1.73204533155528e-06,0.999930932534432,4
"20566",0.132679231628863,3.81462623628675e-05,0.866959478868761,0.000323143240013225,3
"20569",0.715207579540741,2.07343842415407e-06,7.49793770494751e-05,0.284715367643785,1
"20572",0.051282635570447,1.8781756255969e-07,2.38375558792864e-05,0.948693339056111,4
"20574",0.000283029581465007,0.00345576798682896,0.996251530387564,9.67204414139724e-06,3
"20576",0.000323522503252579,9.15277317974509e-07,9.68121084479964e-06,0.999665881008585,4
"20578",0.127899563753228,0.00164528266432175,0.86180620930347,0.00864894427898047,3
"20580",0.175490739083773,0.000162682221895091,0.824045917400494,0.000300661293837217,3
"20583",0.000191442029263156,7.3572394688421e-07,7.32130383694313e-06,0.999800500942953,4
"20586",0.0901622968523555,0.00300720438072255,0.906810435029875,2.00637370464507e-05,3
"20589",0.000168157011345603,0.000347962632895464,0.999483868158697,1.21970616535177e-08,3
"20591",0.754204405379846,0.236855355472744,0.0088895086116277,5.07305357828962e-05,1
"20593",1.75991357165012e-06,0.000145868020363309,0.99985227116687,1.0089919524737e-07,3
"20595",0.00363282000633251,0.000586952034969507,0.995631992304153,0.000148235654544594,3
"20597",0.994143751043374,1.4959477154855e-06,6.70181893840337e-05,0.00578773481952677,1
"20599",8.99097950547995e-05,1.85344634546518e-07,1.98445739445681e-06,0.999907920402916,4
"20601",0.997562247011645,0.000207146556592392,0.001140057630683,0.00109054880107938,1
"20604",2.67051005049116e-05,0.00014356585555631,0.999825676892018,4.05215192105351e-06,3
"20606",3.71571742749329e-05,0.000168752092660098,0.999793936022914,1.54710150712019e-07,3
"20608",0.00172792400698783,3.5964302589916e-05,0.998234492055314,1.61963510806731e-06,3
"20610",0.00180425131205483,4.81704463549129e-06,5.00552149566206e-05,0.998140876428353,4
"20612",0.0326660830039032,0.288196635285447,0.66718834186906,0.0119489398415902,3
"20614",0.0074990534783402,3.24137106017944e-06,7.96110769920246e-06,0.9924897440429,4
"20616",0.983404919934788,0.000372170940708917,0.013562257604286,0.00266065152021706,1
"20618",0.00122159273502295,0.998050913705269,0.000683440795477447,4.40527642301623e-05,2
"20620",0.00200996897979283,9.85909475725549e-05,0.997749596270366,0.000141843802268257,3
"20622",0.000678076436049906,1.23384668329693e-06,2.63805713851162e-05,0.999294309145882,4
"20624",0.000904970951689481,0.0284668884329419,0.970627768438859,3.72176509686565e-07,3
"20626",0.0925650077436164,7.94906458052044e-06,0.902205236383166,0.00522180680863661,3
"20628",0.728911996634822,0.000566127267079988,0.268724630481816,0.0017972456162825,1
"20630",0.0852752062986605,0.000874211331953501,0.894295180667929,0.0195554017014567,3
"20632",0.0110643476226996,4.28146488586116e-08,7.14532203182287e-07,0.988934895030448,4
"20634",6.42230419475939e-05,0.00012118567755024,0.999814467104023,1.2417647886815e-07,3
"20637",3.36265948613124e-05,0.982594763171811,0.017353277378569,1.83328547592046e-05,2
"20639",0.217011140776078,2.19850002197821e-05,7.32816833756883e-05,0.782893592540326,4
"20644",1.90645488804776e-06,0.525042965359226,0.474954882656927,2.4552895869671e-07,2
"20646",0.00116773832527699,0.026180577565873,0.972603676406727,4.80077021232896e-05,3
"20648",0.964047263944624,0.000245176755428578,0.000792575597985019,0.0349149837019627,1
"20650",0.000335220085783907,0.248013191700488,0.751651309401379,2.78812348683259e-07,3
"20653",0.990694793617003,0.00137761317742456,0.00102932230126157,0.00689827090431061,1
"20658",0.000817642230720001,1.63385098670474e-05,0.99916576334528,2.55914133331299e-07,3
"20661",0.022125975867716,0.895569617766156,0.0822919514770212,1.24548891069489e-05,2
"20663",0.365372372271215,0.00335264039174538,0.631243466358921,3.15209781189803e-05,3
"20665",0.000120964636291911,4.78373450902054e-08,9.43091822044139e-06,0.999869556608143,4
"20667",0.973281996738006,0.000937318141601503,0.0251818957134742,0.00059878940691894,1
"20669",0.99108876975828,2.64220305383009e-06,2.58366160303937e-05,0.0088827514226358,1
"20671",0.00133991261473271,0.775357734458402,0.223153671080206,0.000148681846659274,2
"20673",0.973279952295132,8.56766306523557e-07,4.54117842119385e-05,0.0266737791543497,1
"20675",0.993164547772393,1.29555958127647e-05,0.00673892418962114,8.35724421725079e-05,1
"20677",0.557018450814413,0.000460936136971576,0.442496353131591,2.4259917024163e-05,1
"20679",0.974901552256076,1.21142023597759e-06,7.72148294820627e-06,0.0250895148407396,1
"20681",0.999813318798977,7.22480738497877e-06,0.000109549147580141,6.99072460575298e-05,1
"20683",0.69987125275662,0.000158139710215797,0.299917014797884,5.35927352798365e-05,1
"20685",0.0183178663288633,0.981479911451718,4.1670274360318e-05,0.000160551945058885,2
"20687",0.0556582877616543,7.29396254800542e-06,2.44353718799051e-05,0.944309982903918,4
"20689",2.86861844458992e-05,0.706444848764554,0.293526242127346,2.22923654298595e-07,2
"20691",0.000395436899413061,4.34972956605801e-07,1.99087148488965e-06,0.999602137256145,4
"20693",6.12168200901255e-05,0.00180947295240876,0.998129286430698,2.37968029965809e-08,3
"20695",0.990485612789072,5.55905885738696e-05,0.000567947973547056,0.00889084864880705,1
"20697",0.000137665516267237,0.000622320210477388,0.999160961882699,7.90523905563631e-05,3
"20699",0.755142432830495,1.46500398112589e-05,0.244453203562958,0.000389713566735946,1
"20701",0.145622525893931,0.000371930219576124,0.854003103236799,2.440649694101e-06,3
"20703",0.982231037499166,0.0122466064226534,0.00029831114897196,0.00522404492920813,1
"20705",0.00284749741349511,0.00626549124127421,0.990886363339141,6.48006089924272e-07,3
"20707",0.990610393557928,0.00074579309634461,0.00858239715821358,6.14161875141149e-05,1
"20709",0.0740415571656014,1.86869174805255e-05,0.0401346023701888,0.885805153546729,4
"20713",0.940722728811678,0.0182940351029358,0.000217232471764785,0.0407660036136212,1
"20715",2.83948677630845e-05,0.117569951021544,0.854079196174969,0.0283224579357242,3
"20717",0.999338777172465,5.55449821052222e-05,0.000245175263527905,0.000360502581902078,1
"20720",0.0149953488549825,0.000559923941148247,0.984397532174227,4.71950296424679e-05,3
"20722",0.0193820843168641,0.000138185857765276,0.98047376885964,5.96096573004802e-06,3
"20724",0.767161290673386,1.83691195008607e-05,0.000109135040312839,0.2327112051668,1
"20726",7.74911269764185e-05,0.00153323556574721,0.998389258503326,1.48039507036769e-08,3
"20728",0.999641247728907,4.46228465302557e-06,4.01902342649394e-05,0.000314099752174739,1
"20730",0.536567755347792,0.000163453997207747,0.00212729666500699,0.461141493989993,1
"20732",0.488341415620858,0.097903207492082,0.413489939739392,0.000265437147667783,1
"20734",0.596393903938947,0.00264614800597941,0.4008670159736,9.29320814740743e-05,1
"20736",0.123072135385001,2.01250758130853e-06,6.5327696724151e-05,0.876860524410693,4
"20738",0.0195636118977454,0.074273207597183,0.521213261606049,0.384949918899022,3
"20740",0.106381147275049,0.295429805818634,0.598188878736808,1.68169509970498e-07,3
"20742",0.997114646338229,0.00221513090115655,0.000222491036121425,0.000447731724492874,1
"20744",0.0379553610800218,3.82529324521046e-08,4.41832241593843e-06,0.96204018234463,4
"20746",0.919853869248736,0.000169449616391398,0.0798186444352229,0.000158036699649923,1
"20748",0.670126466809848,6.749425246613e-05,0.000114149031154082,0.329691889906532,1
"20750",0.341564990214472,3.14743874571371e-06,0.000823433059591504,0.657608429287191,4
"20752",0.0316807756572391,0.00131208990633885,0.967005703865302,1.43057111986643e-06,3
"20754",0.986467777693849,1.42103203693109e-06,0.000186533152823785,0.0133442681212905,1
"20756",0.542702450778566,0.000532636799649163,0.139809028853099,0.316955883568686,1
"20758",0.347544713436157,2.39928909156837e-05,0.270097337585467,0.382333956087461,4
"20760",0.825672264711812,8.53673585984434e-07,2.47250091598217e-05,0.174302156605442,1
"20762",0.998621489350326,3.12066847578162e-06,0.000110496865181671,0.00126489311601694,1
"20764",0.305882778350023,5.75051707029049e-06,1.11819606088976e-05,0.694100289172298,4
"20766",0.900213861764995,1.0135534240664e-05,5.18240450123793e-05,0.0997241786557521,1
"20768",0.164933435145515,5.87757660809699e-05,0.00123518532789627,0.833772603760508,4
"20770",0.973546760700836,1.0276873632805e-05,0.0259003363116436,0.000542626113887485,1
"20772",6.49965660160046e-05,2.3104940532634e-05,0.9999104324998,1.4659936508513e-06,3
"20774",7.13892100012974e-06,0.00131082126609384,0.998682019972543,1.9840362700337e-08,3
"20776",0.996549434321842,0.00182492910954062,0.00156653160681531,5.91049618025146e-05,1
"20778",6.67503545925638e-07,0.684974052745747,0.315025018656775,2.61093932528663e-07,2
"20780",0.814105667763648,5.65289454019822e-06,0.00127939944916166,0.18460927989265,1
"20782",0.931754049808868,2.01156452173735e-06,5.4938719043311e-05,0.0681889999075667,1
"20784",0.999042177100123,3.4318228935908e-06,0.000209711052369663,0.000744680024613334,1
"20786",0.00094858798113213,1.60712075969859e-08,3.18988726481334e-06,0.999048206060395,4
"20788",0.977858721026562,0.00222537681765075,0.0197488024025017,0.000167099753285755,1
"20790",0.906491988575207,3.01882878464533e-07,5.03409074022854e-05,0.0934573686345124,1
"20792",0.457964328665058,0.00398412539784523,0.0449943050136051,0.493057240923491,4
"20794",0.527981748372472,1.60342853725049e-07,2.31693362134961e-05,0.471994921948461,1
"20796",0.000570373717566293,0.00396460804251229,0.995464928879319,8.93606026176766e-08,3
"20798",6.69645480650614e-05,3.70872171189786e-07,1.73204533155528e-06,0.999930932534432,4
"20801",0.00152491564819432,2.90327045236769e-06,3.59357293040766e-05,0.998436245352049,4
"20803",0.959565268585302,0.0048597304142562,0.0355419927186224,3.3008281819001e-05,1
"20805",0.660753966407357,0.00150095499695893,0.337620140586068,0.000124938009615793,1
"20807",6.69645480650614e-05,3.70872171189786e-07,1.73204533155528e-06,0.999930932534432,4
"20809",0.995943705912973,0.00103041439566546,0.00145923186517455,0.00156664782618661,1
"20811",0.0254743895467003,0.00333589672159837,0.0127304659235053,0.958459247808196,4
"20813",0.473794194468498,0.00424515707290455,0.443438999256874,0.0785216492017228,1
"20815",0.00138239952711506,2.09788111282681e-08,8.6876920201883e-07,0.998616710724872,4
"20817",0.956915124972298,0.000117226855308169,0.000224773812096779,0.0427428743602967,1
"20819",0.66244816602273,0.00824604771416346,0.329300867340514,4.91892259334122e-06,1
"20821",0.00638876627351052,0.00094201233750967,0.969621739892411,0.0230474814965685,3
"20823",0.782720491030306,0.00703221576556579,0.194447909816005,0.0157993833881236,1
"20825",0.929016048215393,3.2006770538512e-06,2.97839568266068e-05,0.070950967150727,1
"20827",0.164696799831988,0.000371776096061598,0.000391583933743553,0.834539840138207,4
"20829",0.00247791401250725,0.00191836408519753,0.995570323040112,3.33988621832126e-05,3
"20831",0.928562175428376,2.34426152751364e-05,0.000141671163872736,0.0712727107924762,1
"20833",0.80191369767298,1.70257347301419e-06,0.000112619491072886,0.197971980262474,1
"20835",0.967294005694049,9.18841444280816e-05,7.44169577523236e-05,0.0325396932037709,1
"20837",0.997148313595833,0.000131311566574058,0.000326502363161027,0.00239387247443152,1
"20839",0.987441024660847,5.21451485015615e-06,8.33751949621353e-05,0.0124703856293409,1
"20841",0.209657156510381,0.355794251325783,0.434466531794105,8.20603697305406e-05,3
"20843",0.998672595602185,3.44817590425331e-05,0.00125951945646837,3.34031823038339e-05,1
"20845",0.439391937241096,4.51844006854056e-05,0.0014293509395954,0.559133527418623,4
"20847",0.564624408353639,0.00214318298486904,0.432861808283791,0.000370600377700785,1
"20849",0.403331716202649,0.000330146417805899,0.582717039934983,0.0136210974445622,3
"20851",0.29296898058439,0.00642800384999082,0.700543931868611,5.90836970085067e-05,3
"20853",0.00983981844582967,0.533358996382844,0.456797470484455,3.71468687164884e-06,2
"20855",0.00289232607419191,0.00069236070347248,0.996151139091463,0.000264174130872724,3
"20857",0.370160896839846,0.00139205918572111,0.628369910760636,7.71332137964582e-05,3
"20859",0.0211453040825458,0.000110908444452069,0.978622341543745,0.000121445929256701,3
"20861",0.0360746537026934,0.960214789899714,0.000327452441698516,0.0033831039558937,2
"20863",0.620067159052465,5.24413610113885e-05,6.24233538809578e-05,0.379817976232643,1
"20865",0.998016768918438,1.15317090320049e-06,0.00114944211965461,0.000832635791004483,1
"20867",1.19380064416303e-06,0.00113977944223741,0.998858994753754,3.20033642328397e-08,3
"20869",0.467164274236809,1.47969511111866e-05,0.000337785974212568,0.532483142837867,4
"20871",0.00012472058096466,0.000685031176234194,0.997882500892985,0.00130774734981595,3
"20873",0.000101896348947376,0.000386013277273852,0.999072710943533,0.000439379430245639,3
"20875",0.0378977154891591,0.0330161053886703,0.929035605333561,5.05737886089881e-05,3
"20878",0.00340114127747119,2.42032400651609e-07,2.19477019838116e-06,0.99659642191993,4
"20880",0.814504654562573,3.04221719076554e-06,0.000204750739761007,0.185287552480475,1
"20882",0.000321788932036372,0.00186792633926901,0.99780726057547,3.02415322451527e-06,3
"20884",0.994231279637454,0.000169763083232099,0.00033900509009586,0.00525995218921773,1
"20886",0.270814309958946,6.97119706514497e-06,0.0020207297317939,0.727157989112195,4
"20888",0.110652325175675,1.08455778234173e-07,1.82130140196126e-06,0.889345745067145,4
"20890",0.775155582453702,4.42302129868994e-06,0.000630885693234038,0.224209108831766,1
"20892",0.471472579970741,0.051208660011429,0.477249508150235,6.92518675952376e-05,3
"20897",0.882714682889683,0.019624248431882,0.0791507411142477,0.0185103275641875,1
"20899",0.866847501283709,0.0014697495602263,0.0884379610706592,0.0432447880854052,1
"20901",0.00140735948475313,0.968137565564468,0.0304391815006305,1.58934501483626e-05,2
"20903",4.1152384414622e-05,0.032414308859659,0.962763122579119,0.00478141617680789,3
"20905",0.0429719495871594,0.0186747413147755,0.902502167850463,0.0358511412476023,3
"20907",0.000888609574283569,8.75348010012057e-05,0.999023251484391,6.04140324449268e-07,3
"20909",0.548140166605561,0.00139456721571141,0.423176409392093,0.0272888567866344,1
"20911",7.91979187824843e-06,0.975797958041031,0.0241939780375403,1.44129550617514e-07,2
"20913",0.983907266336538,0.00035027640356743,0.00888428594064043,0.00685817131925435,1
"20962",0.0859314663981923,0.000149411597685216,0.913857426397072,6.16956070502668e-05,3
"20969",0.00306463752966638,0.0212712667839645,0.962358564123366,0.0133055315630032,3
"20980",0.0924494356593795,0.000220308671647479,0.906622894970183,0.00070736069878976,3
"20982",0.0124484462604801,0.000145902214844174,0.987404159098586,1.49242608991277e-06,3
"20984",0.991102335522024,0.000662452813853121,0.000562293886332078,0.00767291777779028,1
"20994",0.0104348808860986,0.0119212205410887,0.976983692136808,0.000660206436004512,3
"21015",0.153527713883579,0.000672736180510902,1.51546951627736e-05,0.845784395240747,4
"21023",9.21443206738059e-05,0.0320973928958161,0.967810332774165,1.30009345119609e-07,3
"21040",0.0858005912160095,0.00511089847585285,0.909075024778541,1.34855295962554e-05,3
"21073",0.235515031493618,0.218870841191763,0.53689552965919,0.0087185976554292,3
"21222",0.874436951998117,8.68535706349119e-05,0.000632449701774254,0.124843744729474,1
"21224",0.925299397114223,1.41609757124894e-05,0.0702632307450634,0.00442321116500086,1
"21228",0.259025660278524,0.106829719788842,0.0108162127312072,0.623328407201427,4
"21232",0.00209291020021974,0.0355200609369006,0.962386659527725,3.69335155052683e-07,3
"21237",0.0208820246250815,0.429124984776811,0.549007285396262,0.000985705201845196,3
"21240",0.899023614408214,8.10244989239387e-05,0.000114573268283157,0.100780787824579,1
"21245",0.736908003893697,5.47075415785394e-06,7.08081848927785e-05,0.263015717167253,1
"21252",0.00502512751367155,0.135680370650636,0.85929439095939,1.10876302654332e-07,3
"21254",0.0516568725231498,0.1189125438246,0.829416936966155,1.364668609521e-05,3
"21258",0.895768631135654,8.69330785451727e-05,0.0948080935432205,0.00933634224258093,1
"21264",0.847908482197926,0.000367202441766342,0.00697087287283669,0.144753442487471,1
"21305",0.962061424439075,7.85927867664861e-06,0.0158417958313284,0.0220889204509199,1
"21333",0.10799392323059,0.00141809556967886,0.890586772645545,1.20855418596224e-06,3
"21366",0.972030199694897,0.00284834131685051,0.0247881304331925,0.00033332855506047,1
"21377",0.00119905542534212,1.68472812957219e-06,1.99847063541141e-05,0.998779275140174,4
"21380",0.061255841541555,0.000357091779602896,0.918798516631325,0.0195885500475169,3
"21387",6.47282309703205e-07,0.999855195936577,0.00014415589775778,8.83355417684005e-10,2
"21390",0.00566108447303141,0.0106129767902268,0.983723540125517,2.39861122463314e-06,3
"21392",0.766049847056692,0.0576126572655461,0.175845332793875,0.000492162883886998,1
"21403",0.0755490739925003,0.00022265096681852,0.894465076794197,0.0297631982464842,3
"21408",0.000627987417263854,0.000601879350135165,0.998707995810937,6.21374216635727e-05,3
"21412",0.000425965328333656,0.977506971258624,0.0217787034807828,0.000288359932259098,2
"21421",0.995906168185787,4.46363100762913e-05,0.00248341282924879,0.00156578267488805,1
"21424",1.21447509760904e-05,0.963273610213864,0.0367142339913498,1.10438103204721e-08,2
"21429",0.00314928272975451,0.00571475312705239,0.991108618728161,2.73454150322934e-05,3
"21431",0.984678710624941,0.000216890498421448,0.0138976224370626,0.00120677643957455,1
"21436",0.997074126446833,4.66870167373199e-06,0.0020419364724682,0.000879268379024951,1
"21439",0.0292473562145376,0.000869516581823349,0.965931008257885,0.00395211894575387,3
"21442",0.728950932779039,0.00114894445526267,0.0786530672180873,0.191247055547611,1
"21444",0.995774998438236,2.60270298027697e-05,1.27642410740862e-05,0.00418621029088725,1
"21446",0.00582151582993956,4.58278035330244e-05,1.24270441672389e-06,0.994131413662111,4
"21448",0.00506939451293972,0.994819427688858,1.22746041090934e-05,9.89031940929198e-05,2
"21450",0.585615950104444,0.0297504313697739,0.34521514700345,0.0394184715223321,1
"21452",0.0218444165722477,3.76973035355084e-05,0.978111189393771,6.69673044581565e-06,3
"21466",5.35992032040764e-05,0.0237399649528399,0.976206428686549,7.15740670477763e-09,3
"21470",0.0940872292981494,7.36464726734446e-05,0.905103176980252,0.000735947248925417,3
"21472",0.0102692568531236,0.000784747033656469,0.988945907726781,8.83864391126611e-08,3
"21474",0.0249849062340997,0.130529513837855,0.843327874046518,0.00115770588152704,3
