"","V1","V2","V3","V4","V5","V6","V7","best$classification"
"19812",0.00222288018117764,6.86024698217833e-10,0.0190044960436916,0.937712724088565,0.00317804841224482,2.5254529811917e-15,0.0378818505882936,4
"19814",1.61201364370026e-06,0.976816076552206,8.66346155042475e-06,0.0225007873770464,0.000513325593193575,0.000112954337744761,4.65806646153256e-05,2
"19816",0.859156189600161,5.89617030289479e-35,0.000104336754617432,0.128969230825712,0.0117702428189783,5.65610105619392e-14,4.7513424803516e-13,1
"19818",0.00852665696136725,1.26836917478216e-05,0.000280434091908527,0.975547834886952,0.0153329648579349,0.000296192543306761,3.23296678317007e-06,4
"19820",0.995589805590303,8.36390099496746e-141,8.15592251072739e-07,9.43298636859426e-07,0.0044084355188089,6.19208092472308e-39,7.49456582286528e-76,1
"19822",6.52179016119858e-05,1.17014336654405e-191,0.72927884537471,1.86893276610131e-07,0.270655749830401,4.08330236287526e-35,1.1274708349238e-88,3
"19824",0.135425524359472,3.07564264265364e-97,0.000696455835342622,1.06301088388428e-05,0.863867389659007,3.73391223625203e-11,7.13254415331401e-40,5
"19826",6.58176295641492e-06,3.3960789299765e-14,0.0188724247098388,0.876582118311861,0.00214073758835545,1.72086394269541e-09,0.102398135906091,4
"19828",0.984562681543105,1.3506025587245e-56,5.49010731701469e-06,0.00388453028350796,0.0115472980660696,2.50317364072746e-22,1.82045835794839e-37,1
"19830",2.20873407855883e-13,1.48197860811788e-15,0.149250287907371,0.845124154827041,1.68442498206417e-06,6.02845378556992e-11,0.00562387278009909,4
"19832",0.000922018610277381,2.04730753053842e-33,0.00450761333775893,0.00234745899509179,0.992222909056871,9.08241928774303e-34,4.33293771113393e-16,5
"19834",0.215729557949168,1.34590947795816e-44,0.00382686150804609,0.650083975153041,0.130359605389735,1.11746016346693e-14,2.23015994140391e-22,4
"19836",0.000710574052252189,9.29018335940994e-28,0.0138901663590218,0.984543051972603,0.000856206329126374,1.09752193176713e-19,1.28699664103093e-09,4
"19838",1.41216191844741e-12,0.011346835099998,0.000767233980186936,0.0361535991717479,4.86931273365506e-05,3.83535735612178e-08,0.951683600265745,7
"19840",0.110870428224606,5.7278019661267e-33,0.00045193123420118,0.742384023672631,0.146293616864761,4.26253865898708e-16,3.80018735869797e-12,4
"19842",7.50046263218494e-30,2.53468643769379e-21,0.0271697823291149,8.05308829535461e-05,9.54056627614313e-11,5.50147413118912e-13,0.972749686691976,7
"19844",1.30224954100921e-23,1.62571608910541e-54,0.00475878181550422,5.97590826852216e-16,1.16928697599042e-05,0.995229525314735,4.5384538604262e-42,6
"19846",1.09556848883399e-20,0.963102271091271,0.000306483425082681,0.000218168837852193,6.76238139162127e-09,0.00460083872616403,0.0317722311572483,2
"19848",9.17253348007515e-18,0.972634855194241,0.000155269560312057,0.000467211444264077,9.79703659672307e-08,0.0267287046050841,1.38612257332706e-05,2
"19850",7.94937685006467e-12,0.990776544787465,0.000420163050769886,0.00355603363387163,0.00222890904096058,0.00104920296084257,0.00196914651814082,2
"19852",0.701527396739599,2.52390908357229e-17,0.0002728401873684,0.288834916084026,0.00936439949868395,4.44625209024685e-07,2.86511337742858e-09,1
"19854",8.59266057997906e-18,0.999428596869274,2.41791189315671e-05,0.000118947265430355,6.72228694794549e-08,0.000428042221065192,1.67302429484833e-07,2
"19856",8.1722025469107e-17,1.31503577587319e-51,0.951497301901602,0.000343630153737345,0.00837642242909199,0.0397826455155686,6.44682445911136e-19,3
"19858",1.70676153117851e-07,1.22411476558549e-56,0.582418970013354,1.05655600078214e-06,0.341004201546107,0.0765756012083861,9.51105741902018e-35,3
"19860",0.536545011665099,3.51382197490932e-12,6.50681317015605e-05,0.419430221967939,0.0439334904715688,1.84143804470037e-10,2.6207576033568e-05,1
"19862",6.13801013081488e-23,2.35725403742135e-09,0.000463995327120173,0.000189822484841889,2.03024482566587e-09,4.06647286816388e-08,0.99934613713581,7
"19864",5.99428785402836e-32,6.66422691201221e-103,0.999999999850485,9.79500257108313e-13,1.48535615055023e-10,5.02511316007627e-23,3.77130646188857e-37,3
"19866",0.014464440005037,1.243152369436e-91,0.046374745287221,0.845306839548713,0.0938539751590291,3.73879636820697e-19,5.59090824197555e-24,4
"19868",3.72755689584882e-38,1.3298479283385e-102,0.99999996632024,2.43291678672452e-19,3.36797603714618e-08,8.63475559094494e-48,8.57031570686396e-64,3
"19870",6.97985276561261e-10,0.0433642282297773,0.00383563946460688,0.495218834749242,0.000258853897979393,3.66301840992481e-05,0.45728581277631,4
"19873",0.000479080451894301,3.9213545226847e-11,0.000218433445565765,0.944539813080115,0.0544654721985389,5.13300418259191e-07,0.000296687484254666,4
"19875",0.987602607333776,2.79101563766205e-45,4.22618415338835e-08,0.00815732024719098,0.00424003015719142,6.29829280821493e-28,4.59888627808114e-22,1
"19877",0.000268625741292176,0.000856131924390272,0.0121047259574855,0.971002381856497,0.000462573725138675,0.000462215417852348,0.0148433453773443,4
"19879",0.00218440086927107,1.74933651811335e-30,0.013141867532256,0.984096793573985,0.000575679270929296,1.25875283972088e-06,7.18577673944168e-13,4
"19881",1.80909458600125e-08,9.74769401329782e-18,0.0275422555553837,0.971895370794975,0.000448068082528917,5.32019368819368e-06,0.000108967282478265,4
"19883",4.59509631407791e-11,9.80581083714507e-16,0.0206499625749673,0.250731457596487,2.53658971912011e-05,1.13209085995285e-08,0.728593202564494,7
"19899",1.45306109469414e-05,4.65845098578072e-33,0.0299180693393148,0.969771990480038,0.000295409569683666,1.87151081492809e-19,1.68767899398462e-14,4
"19908",1.58911392140192e-22,1.45949032395648e-159,0.999996898658731,5.39201519340575e-08,3.04742111722037e-06,4.78185108492796e-27,3.44948974416905e-47,3
"19910",0.229427938108685,6.630865332634e-17,0.00135063323238358,0.763601360314283,0.00561678470555441,8.23158041856546e-07,2.4604810522441e-06,4
"19912",7.31201738062526e-28,9.16407789138709e-15,0.0185584193595157,0.00105300705022044,3.08622906291237e-11,6.48069926348531e-08,0.9803885087524,7
"19914",0.0088145948922199,1.69566681304854e-34,0.0362871937670142,0.953653812467183,0.00124429201704969,1.06840246159225e-07,1.62873709702852e-11,4
"19916",2.19014202517591e-07,1.0552187967627e-130,0.737250745171054,2.44522513193929e-07,0.262748791292229,1.5702750099374e-15,5.33991476761086e-49,3
"19918",2.63366044456733e-09,0.0765531109472075,0.0105940502439717,0.30267978006536,0.000203454258399641,0.445334295995191,0.16463530585621,6
"19920",5.57425778311816e-15,3.31283814942094e-06,0.000904914249149488,0.00151048169763051,1.53951893288144e-05,0.997565890918258,5.10747775826163e-09,6
"19922",3.63235044190525e-08,4.95176421615291e-33,0.0287262139192896,3.72144288491593e-07,0.971273377612917,7.7318893865753e-37,3.20895755827356e-16,5
"19924",1.73053771242319e-05,3.46912880875925e-08,0.0207535000764114,0.953426921560705,8.45351641128965e-05,0.0256789865789872,3.871655137125e-05,4
"19926",8.22693201379573e-06,2.31140928511986e-52,0.0840757002620605,0.915901799099936,1.42737059899498e-05,8.44375000592924e-27,9.99491350347842e-17,4
"19928",1.11675555474907e-50,3.25633719230888e-94,0.999999999999999,3.03213447324548e-19,1.22141848575524e-15,1.46514722531719e-20,7.76463388363587e-31,3
"19930",2.01789308095799e-06,0.01351438360235,0.000112261040057292,0.0815823710005693,0.000446335752147661,2.16066672404885e-08,0.904342609105128,7
"19932",2.21026967622756e-12,0.101540401405711,0.000308423417977834,0.0219611461882796,2.04919006648783e-05,1.29604545817495e-05,0.876156576630575,7
"19934",0.413122203618745,4.08725961893278e-43,0.00418568757969454,0.426479103307817,0.156213005489764,3.97987743528179e-12,3.92805390893676e-20,4
"19936",7.48838209139268e-06,9.95855716308368e-08,0.0296894259011958,0.967525100673237,0.00134854451442344,2.09887387545241e-11,0.00142934092249219,4
"19938",0.00172589529448034,7.23866252128277e-144,0.768966529867229,0.214009780155312,0.0152977946829792,8.83067355749809e-20,3.41865031210575e-47,3
"19940",0.00025270574240544,2.70538712921407e-17,0.00724053657034577,0.991831658049916,0.000439621431176997,1.47932433884182e-06,0.000233998881817292,4
"19942",1.29842731431206e-34,1.77436747288641e-75,0.999999994288177,5.70693630410679e-09,4.88721386411499e-12,1.25960277578653e-17,2.02109088567287e-19,3
"19944",0.172352085750135,1.65488679920662e-32,0.0154336496860274,0.806444715971651,0.0057694102353872,5.55935509137993e-09,1.32797444578176e-07,4
"19946",0.073091503072636,8.89852777671755e-16,0.00767517824927589,0.890171411706737,0.0231944654806372,0.00586663291776295,8.08572950250369e-07,4
"19948",8.43525352973052e-31,2.94838030817257e-51,0.999999953796307,4.34092624893513e-09,4.1782320281287e-08,1.40303013526162e-13,8.03054705956063e-11,3
"19950",7.22109567758772e-24,9.75200953063503e-21,0.000292336621598197,2.17844504034887e-08,2.34585720386672e-07,0.999707407008231,1.47692737185343e-21,6
"19952",8.43525352973052e-31,2.94838030817257e-51,0.999999953796307,4.34092624893513e-09,4.1782320281287e-08,1.40303013526162e-13,8.03054705956063e-11,3
"19954",4.19627554203485e-09,0.149989016292942,0.000186690873881134,0.0467846929418251,5.72463124592991e-05,6.43596831070124e-06,0.802975913414306,7
"19956",9.43608290056721e-33,2.14922195936195e-20,0.999416251884052,7.99079991774242e-06,8.05236437272025e-10,0.000575725206002467,3.13047915132716e-08,3
"19958",1.73641734243577e-22,1.70992989447475e-66,0.836882671629057,2.26692254346709e-21,0.163117328370943,4.31713756457995e-38,3.00383090495699e-43,3
"19962",2.89832813428067e-06,1.70748290271205e-35,0.296941935451948,0.0802647429151075,0.622567842625673,0.000222580679072159,6.51790239155319e-14,5
"19964",4.8699171073855e-06,1.05739338259359e-12,0.0706818875338295,0.929164454931992,0.000147751099505633,8.53084625086864e-07,1.83431883025631e-07,4
"19966",0.000810136538186244,1.67562948341083e-117,0.580428599410061,0.393102534716193,0.0256587293355601,3.48372513127004e-31,4.60960647423261e-49,3
"19969",5.88640768849555e-10,1.20691500171212e-09,0.00552437077374264,0.553835820903986,0.000563713441795773,7.96418378609042e-10,0.440076092288502,4
"19972",6.91241683347969e-15,8.14188381676554e-11,0.467875445006983,0.451736816227415,1.24022343325633e-05,0.0799774473437073,0.000397889106135892,3
"19974",1.22824598000224e-31,0.00161438759413168,0.00578353727816003,4.10467396706995e-07,4.02456683706141e-11,0.992262183583969,0.000339481036096406,6
"19976",0.000180282743318423,6.54820475535248e-10,0.00495510263271318,0.971310871869801,0.00362337051005675,0.0199269624121498,3.40917714060277e-06,4
"19978",0.621684686608304,1.15483884245454e-14,0.000236360835618129,0.360832792769993,0.0172461094727644,4.42003656125339e-08,6.11294358281686e-09,1
"19980",5.79355960178873e-19,0.990175117931746,1.80580186702722e-05,7.0539244920844e-05,6.0224308611406e-08,0.00973425115543204,1.97342492209604e-06,2
"19982",1.69924955841532e-14,0.000874476239852123,0.283796369074652,0.0479739499075361,0.00102885180685509,0.666326352928059,4.30284356054898e-11,6
"19984",2.5856199976681e-18,1.0038447061733e-44,0.0035214481508255,5.45498259850158e-08,6.23204308246794e-06,0.996472265256266,2.04159610458531e-24,6
"19986",0.896883194528171,3.10802365247418e-174,0.00651398287844984,0.0039432640140914,0.0926595585792881,1.2592886780623e-36,1.36271120404596e-58,1
"19988",0.97685485881041,3.56810637291841e-169,1.7345208870976e-05,3.27926609139098e-07,0.0231274680541103,2.55565268343191e-43,2.26562821386997e-86,1
"19992",0.993961926739329,4.3819640944573e-150,1.69725513397345e-05,1.98950746369094e-05,0.00600120563469398,4.90417815995172e-30,1.27772072877413e-62,1
"19994",1.32657421606974e-06,0.000918031703524023,0.0003400556668249,0.0475478790152589,7.62247445044765e-05,2.79037069915444e-10,0.951116482016635,7
"19996",0.996872326085695,7.10417288274312e-112,6.37087256603559e-07,0.000277519173611445,0.00284951765343661,1.23914489163881e-26,1.52918486647255e-53,1
"19998",5.90282347569373e-14,8.12650709283845e-65,0.912715411004411,0.0869549425077779,0.000329645777042488,7.1070348018976e-10,5.89833106880172e-15,3
"20000",1.85110783621927e-24,8.14690043638789e-27,0.994935162422559,0.00506464709425915,1.21638084191455e-07,1.01770802087812e-19,6.88450975716789e-08,3
"20003",2.99976247277206e-05,5.50803235954769e-12,0.0180671427113362,0.97717325576017,0.00116922392987264,4.34775084745727e-17,0.00356037996838561,4
"20005",2.28546590272614e-20,0.547804077058831,0.00326894656254904,0.00142179159966757,6.68861772793356e-08,0.447504837655016,2.80237758834752e-07,2
"20007",0.0107094988901487,1.15978955934263e-28,0.00101934549595621,0.921985820772316,0.066285334811934,2.96450714043773e-11,6.14366043061666e-16,4
"20009",6.52561053353371e-05,1.14460969378707e-130,0.396160364511748,0.000336180003757857,0.603438199379151,7.42045436899999e-15,2.65922208004964e-48,5
"20011",7.52830919045099e-11,4.15196683394232e-18,0.0568967548606884,0.942783757446663,5.66177686104812e-05,0.000256568662316657,6.30118643868833e-06,4
"20013",1.75733109342944e-08,0.000142797800826285,0.00898983788011504,0.453622349147643,9.01981563507267e-05,0.536109903474432,0.00104489596732142,6
"20016",0.0439084163575253,2.89534894122109e-182,0.21402875537663,2.86959616255221e-05,0.742034132304219,4.26244893039898e-25,6.46655669896338e-72,5
"20018",4.35789257521796e-11,4.1339955668318e-280,0.000476507991204856,1.53064447280386e-30,0.999523491965216,7.70614353602799e-88,3.69067331177575e-137,5
"20021",0.991381418380276,2.78514616961316e-36,3.75484117515275e-07,0.0051224087613537,0.0034957973742523,5.34970072682163e-27,3.81003069850404e-18,1
"20023",0.174422396526406,3.84175845355623e-49,0.0683724428150602,0.741789873534854,0.0154152856036932,1.51996036144938e-09,2.63337595248569e-14,4
"20025",1.93715977242352e-05,6.01006678674524e-136,4.9127977360317e-08,3.0722693695682e-16,0.999980579274298,3.99327088404388e-62,2.34049545847079e-83,5
"20027",1.88152700585914e-18,4.92830769041604e-14,0.0204656567136209,0.0363429944704835,6.44624916887994e-09,1.29692297456477e-12,0.9431913423683,7
"20029",1.13273586778573e-16,1.41351981151491e-06,0.00568357103894098,0.0100959608464917,1.32549789554858e-06,6.62040047386975e-06,0.984211108696386,7
"20032",7.43800827457568e-15,3.85501857455104e-07,0.00076915249694008,0.00378680717700878,7.16197876088543e-08,2.68726791475491e-12,0.995443583201711,7
"20034",3.88968270433903e-25,4.53072959099335e-49,0.99999655614651,3.11432925507295e-06,1.32621698052894e-07,1.83493937645779e-16,1.96902536389706e-07,3
"20036",1.8140339285101e-11,9.91357646788612e-40,0.862222739524001,0.132054478452727,0.00571960666096969,3.17534375503544e-06,4.0727609696497e-13,3
"20038",0.928735286046479,1.81029392081061e-87,0.0008160118265495,0.0518728817304737,0.0185758203964973,7.55185486195721e-41,4.04209974552057e-38,1
"20040",7.95752065875622e-06,6.38182045272846e-229,0.187299753736666,4.5472164544323e-13,0.81269228874222,1.84030336128107e-36,9.64915256074417e-88,5
"20043",0.992796810233854,3.44367879211012e-52,3.93969990118576e-08,0.00232724947998046,0.00487590088916683,6.7339446450131e-26,4.85026327642475e-27,1
"20045",0.968079169153432,4.59017511992418e-180,9.94584675649352e-05,1.56175610957293e-10,0.0318213722228276,1.89029784125068e-37,7.7299778189845e-94,1
"20048",1.8421152486648e-27,1.17082359569333e-18,0.00244990776192338,2.47625724759266e-14,1.94619926574836e-07,0.997549897618125,2.00795916169469e-27,6
"20051",0.0244294138698168,3.20952178038217e-13,2.78657982489561e-05,0.0315960080703731,0.943946712182608,7.86088217588488e-11,2.33274522513009e-14,5
"20053",0.200599560178738,2.69289734323504e-89,0.0419919931920362,0.540896239117181,0.216512205455509,2.05653576958811e-09,9.26458293703599e-21,4
"20055",0.0021131767128251,2.71327660279914e-55,0.0407771810822949,0.845174417344998,0.111935224859882,2.75179237877658e-44,8.37938232888436e-31,4
"20057",1.82184507935978e-56,6.35880381223428e-108,0.999999999993222,3.84573892782717e-37,6.77845558877021e-12,1.04622599360986e-49,1.61249635770108e-69,3
"20059",0.234422282209007,6.90503567830835e-72,0.41394390693681,0.15114507753306,0.200488733321123,1.10323472444985e-16,3.98617878898963e-24,3
"20061",0.436103486727404,3.99722655626999e-32,0.00163786784940036,0.450330368680141,0.111928276741264,1.7892116549858e-12,1.12503685025951e-15,4
"20063",4.97262761383267e-20,3.01889457741303e-159,0.744912772465996,1.17511666153347e-22,0.255087225706665,1.82733910672856e-09,2.74246568871434e-81,3
"20065",0.0326067339964307,3.70267072980285e-128,3.56411505670381e-05,1.97876954467759e-11,0.967357624833214,3.31046392423707e-77,1.986679716876e-77,5
"20067",0.894467590104266,1.16233028856668e-113,0.00261316857113424,5.39789537297462e-05,0.102865262370867,2.69538829072216e-15,1.39130455330413e-49,1
"20069",8.778996142231e-18,0.853456813722914,0.000103497500952047,0.000288614861340557,6.34507208358649e-07,0.146150324803167,1.14604418937962e-07,2
"20071",2.80196921218053e-09,1.71677424830785e-65,0.516047117664154,0.483942610179504,1.02693543596999e-05,1.2930971392506e-14,6.45889818993922e-23,3
"20073",6.06793221945185e-10,2.95409838126534e-15,0.0066540260597079,0.002490365741855,0.00410470692290649,0.986750899338194,1.33053994370221e-09,6
"20075",5.00536054538597e-30,2.52149304378221e-78,0.999994106115797,6.67773126067826e-16,5.893884201913e-06,1.51677577405332e-55,3.25012587478687e-51,3
"20077",0.847902228470487,1.12012938197842e-63,0.00539748193035374,0.115174944406109,0.0315253443193142,8.73735463900993e-10,1.14086274209981e-22,1
"20079",1.89996869908266e-07,1.53358591616235e-45,1.14291416728526e-05,2.05647591388469e-07,0.99998813743755,3.77763155566234e-08,6.20863987686113e-31,5
"20081",0.225702146641623,5.133202926452e-54,0.0200895544350108,0.118893449412505,0.635314849510862,4.16807321775566e-27,3.17187399167878e-34,5
"20083",3.73395663330606e-22,3.75397921085028e-88,0.999995131685725,8.09958779464438e-07,3.46795787138747e-06,5.9039762376033e-07,1.6609938610093e-32,3
"20085",0.994479904518369,9.07773199105269e-171,2.32812767206467e-06,8.33438260627252e-08,0.00551768401013265,7.78208997054901e-51,9.45799035313805e-81,1
"20088",0.990548429712568,1.05710542194336e-68,2.85150976625615e-05,0.00373903935724769,0.00568401583252196,2.63020395650837e-24,5.55602716484578e-33,1
"20091",2.10047585378417e-09,1.2659616797127e-91,0.938636434667321,6.8461895814044e-10,0.061363562547584,1.71422336328226e-38,2.0547060392893e-56,3
"20095",1.74350550271899e-17,7.13801346874672e-106,0.999873588392329,3.72441757011979e-06,0.000122686450154151,7.39946510829339e-10,4.57376913361286e-42,3
"20097",0.993363264639897,1.53553142506918e-148,2.70427815143946e-06,6.57253682268189e-08,0.00663396535658327,1.43649066537797e-51,1.63101181803015e-81,1
"20099",7.19551866106985e-05,4.53923231016351e-91,0.0659780059905938,0.00239238665100939,0.931557650965176,1.20661004624639e-09,5.69351132972922e-35,5
"20102",2.13059254144809e-15,4.42071785346919e-62,0.885053484218132,3.25159174286743e-13,0.114946498618391,1.71631495536668e-08,6.73549868447258e-48,3
"20105",0.97937266633059,9.00850050684196e-41,9.4532253850978e-09,0.000114821793409551,0.0205125024227579,1.69123880537802e-14,4.0167762847017e-34,1
"20107",0.758228747018763,3.51046441215869e-85,0.00149891071678508,0.218394327489213,0.0218780147752386,5.54210312613162e-21,1.417147313531e-33,1
"20109",0.0778066749264449,1.55056775364015e-51,0.000986688227131783,0.00140808450515078,0.918345599710115,0.00145295263115726,2.9283152337168e-26,5
"20111",6.43479407726982e-28,6.28033436178676e-30,0.999979157678098,1.83396265025622e-12,2.08423200680749e-05,7.22214167283599e-27,2.53935232997596e-19,3
"20113",0.000607176900169379,9.11320993387731e-78,0.0205317648344901,0.972767617819909,0.00609344044543193,2.488436876716e-25,5.04265853660685e-23,4
"20115",3.89111448532814e-15,8.73282916499061e-14,0.801996628464848,0.0129732364068723,0.0151868179130894,7.32684448775139e-16,0.169843317215098,3
"20117",3.7451437446904e-26,7.13150889145572e-180,0.999999999071948,1.39818123943767e-13,9.27911969935545e-10,1.38055489381508e-61,2.71542247513272e-65,3
"20119",0.00557047249163751,1.40903757396047e-133,0.197348816332329,0.321645192597502,0.475435518578532,5.22500412786814e-34,2.75118269178078e-39,5
"20121",0.918052557703639,2.48230605935344e-123,0.00693531075323036,0.0619923165897549,0.0130198149533761,4.64998042703558e-29,5.0511560785615e-40,1
"20123",2.66315037422855e-09,5.76913658699414e-109,0.62574496164398,5.1066778554813e-11,0.374255035641802,2.03345407185074e-56,9.57291194064009e-63,3
"20125",2.3497831761764e-11,0.918076316144713,0.000620394865573833,0.00807296491230485,1.69709254504605e-05,0.000224112306149394,0.0729892408223106,2
"20127",0.993316845003502,6.93358321922988e-106,6.48972921490749e-08,6.87693311311971e-09,0.00668308322227226,7.85615855508828e-29,4.6801958487598e-73,1
"20140",6.0972642611213e-08,3.16763447743715e-61,0.307792485328125,0.692019721095124,0.000187732604108689,1.79212156461064e-38,1.8087381019743e-24,4
"20142",1.35923983898688e-21,3.15136189996438e-05,0.00140754464545172,6.31398671567873e-07,1.08641115839149e-06,0.998559223912488,1.32306592751324e-11,6
"20144",2.48104947407302e-17,1.32002428327233e-08,0.96394308142757,0.035715656752245,1.07296303606013e-05,1.80983189889731e-10,0.000330518808598059,3
"20146",6.22183760153912e-11,1.09040013715897e-24,0.401700426388194,0.0704610462729517,0.525993368286468,0.0018451589900636,1.04560748617411e-13,5
"20148",0.000298242512727396,6.27952533520119e-05,0.00026655621618032,0.855556356472772,0.0455288018005053,1.6857211937735e-09,0.0982872460587421,4
"20150",8.48388023424431e-26,0.986075183339805,0.000148585693401903,7.75766738171945e-06,6.42071321331595e-10,0.012804338830898,0.000964133826442192,2
"20152",0.000329228570832007,2.29053645855018e-07,0.00872564314509714,0.946021218448773,0.00584246609307886,6.0769717043448e-08,0.0390811539188566,4
"20154",1.79298249837067e-05,2.18768171910048e-124,0.00457339874515671,5.90613105416431e-15,0.995408671429854,3.31688078560344e-39,2.0694792827584e-81,5
"20156",6.01055020658651e-05,1.11759052236679e-59,0.67440980523937,0.307201889429542,0.018327883775123,3.16053899642877e-07,1.73240841114811e-26,3
"20159",1.51449171214855e-18,1.18423624788539e-09,0.00436610301126987,0.00066992662757158,1.23480963733052e-05,0.994951621080549,3.62883498999547e-16,6
"20161",1.03679995309302e-15,1.42053815151294e-38,0.7153407236849,1.50761804199357e-06,0.000854851041747459,0.28380291765531,4.83878880747016e-20,3
"20163",7.77934953904725e-05,1.98884859086725e-21,0.000232889365738649,0.176017203820243,0.823670571742765,1.62254108674226e-26,1.54157586299487e-06,5
"20165",3.25429339708983e-06,1.82420733191683e-48,7.03946767211299e-05,6.68110849050909e-09,0.952960820115127,0.0469655242336469,1.7752392317341e-42,5
"20167",2.54791398831761e-05,0.960501052411185,7.07760938379853e-06,0.0365543658514321,0.00164107990922337,0.000316162472007863,0.000954782606885206,2
"20169",9.95540838068786e-26,7.57928084749076e-14,0.000984346325438461,1.94042447293083e-11,1.61009726299311e-07,0.999015492645355,1.15610242846336e-20,6
"20171",7.55253269646969e-09,9.88274489319128e-166,0.00280151651837311,1.83710557194112e-21,0.997198475929094,1.50283362580635e-43,5.97778837905904e-108,5
"20173",6.4218107127232e-15,5.54087157109678e-97,0.317851030625364,6.52709793300576e-14,0.68214886457422,1.0480034491923e-07,1.74223710547035e-44,5
"20175",4.24950557308025e-08,0.00318071685050876,0.0112042278197755,0.98351274823684,0.000140901961448067,0.000894990596607761,0.0010663720397644,4
"20177",1.55145663249411e-06,2.99347011146263e-88,0.957056963237234,0.0378288364421172,0.0051126488640154,7.16796325059221e-16,1.95869821720461e-28,3
"20180",0.938315591813061,2.01782279988463e-121,3.01475238077906e-05,0.000332280303040781,0.0613219803600908,2.14412266131244e-55,2.02287716709583e-45,1
"20182",2.87475005888919e-62,5.62099819347993e-48,0.999999977076097,8.8576594833904e-29,1.57103433707132e-15,2.29239011118734e-08,2.95967789101124e-35,3
"20184",1.072755218764e-12,8.0190962976586e-14,0.00197876737571257,0.00201929922547464,3.06963530529222e-06,0.995998863597894,1.64460046946098e-10,6
"20187",3.74876541920259e-15,8.56110449893874e-77,0.999940228467066,5.26569877571909e-05,6.98624753435098e-06,1.28297639016268e-07,5.60424684878975e-19,3
"20189",0.447118004428659,9.91181940638067e-32,0.000299704329826314,0.409430621628615,0.143151669612703,3.90695865828156e-15,1.93159591637286e-13,1
"20192",9.56087244759969e-09,1.04218788388479e-111,1.87222984920176e-05,3.50140618075309e-15,0.999981268140632,4.53267367243933e-51,8.36970663661718e-49,5
"20194",5.09036085378554e-28,1.0670199400539e-39,0.99637776573943,3.47248897064004e-05,1.51519461592044e-08,0.00358749389989645,3.19020941482774e-10,3
"20196",0.107862447470543,1.54228450081446e-130,0.00172258698438468,9.9550057013204e-08,0.890414865995015,1.01214819036961e-47,3.15859900289924e-64,5
"20198",0.000195326827174766,4.3670861105915e-22,0.229781773021395,0.757815117448786,0.0122077778073141,2.16542085423911e-11,4.87367609404808e-09,4
"20204",6.78145767716826e-17,0.996956598813478,0.000367457342567323,0.000222619576913425,1.56108197388425e-06,0.00144195255358196,0.00100981063148539,2
"20207",0.326170811947456,4.42363373829449e-90,0.0747740091493745,0.000212106142376669,0.598843072760793,5.40403643336314e-22,1.29273411268862e-58,5
"20209",2.18393462258366e-24,1.29484826555021e-43,0.999895060547175,0.000104937400979803,2.05184438684346e-09,1.57630449577319e-39,5.40305028768678e-16,3
"20211",2.61403236108109e-07,4.19878018619389e-79,0.0214634923168705,1.55280638374899e-09,0.978536244727087,4.61964362958997e-47,4.96522291548031e-51,5
"20215",0.710596592698008,3.86356764658308e-54,2.60021357706702e-05,0.0564158169703348,0.232961588195886,5.84401614823328e-19,2.86805145912918e-26,1
"20218",2.03440791314691e-19,0.435758296592458,0.000670344824133517,1.07488601014551e-05,3.15866112210762e-06,0.563557433910573,1.71516118932331e-08,6
"20222",0.245818398201487,2.13323581791713e-45,4.29541097232346e-06,0.000397389934920977,0.753779916452619,1.59854220309619e-24,6.2023966037336e-41,5
"20225",1.70171880183616e-18,2.84481803745547e-10,0.914490772035926,0.0697420440348618,0.0152122519840628,3.57787460435682e-08,0.000554895881921534,3
"20229",1.95498955941244e-11,9.48956042541029e-45,0.711605105349667,0.287765402501961,0.000629492128821457,2.75974188386976e-19,1.64165340710137e-18,3
"20232",0.000306059047732984,5.09185208253175e-56,0.0186821431885155,0.964550145579195,0.0164616521845563,1.89513730497355e-23,8.80574507250303e-22,4
"20234",0.00142800715961248,1.06594335119238e-211,3.51774934932354e-06,4.21114849406937e-19,0.998568475091038,5.99729494363558e-80,2.11992866666219e-114,5
"20238",0.388957188553878,6.91425209842964e-90,0.000593803884644722,0.0117145027810417,0.598734504780435,9.85444521426753e-20,9.076177585301e-43,5
"20253",0.915755083607798,3.03269242834557e-102,0.000987062541247334,0.00253006259452343,0.0807277912564317,3.2238864675338e-25,1.94061796723852e-50,1
"20255",5.44720461726072e-09,0.0129215780990437,0.00261065364538771,0.233284768789066,0.00057992482843526,1.48862731974951e-09,0.750603067702236,7
"20258",0.998355233025782,1.19568829400693e-62,1.91726855192608e-08,7.73886604033988e-05,0.00156735914112884,7.04374777863573e-31,1.30770149694087e-40,1
"20269",0.881881865190616,5.57498827191286e-24,3.35680257688335e-05,0.0011865861389468,0.116897752234885,2.28409782665222e-07,1.67293920827521e-25,1
"20271",0.120424874287285,1.76794906197231e-79,9.78917429593439e-05,0.000403889936628591,0.879073344033128,7.1929013720086e-33,5.33126296710788e-43,5
"20285",6.76022003257828e-20,1.65464403480907e-50,0.965167195933623,0.0348327751809389,2.88553559275199e-08,3.00645393522068e-11,1.76008403626295e-14,3
"20288",0.0231086916814585,4.29056353735556e-51,0.000556408922384834,0.703670581884726,0.27266431751143,8.73246826619186e-18,1.98425113063682e-28,4
"20291",0.00428785713695343,9.48144124623972e-129,0.803927532241093,0.000130515682784747,0.191654094939169,7.53887358949811e-34,3.71844042946039e-62,3
"20295",5.89788266735295e-05,8.09915575945098e-50,5.08503788670955e-05,3.03377813402296e-07,0.999889867416631,1.49262631918175e-14,1.87123445765207e-25,5
"20298",1.37980175050211e-14,1.57416121066871e-06,0.000182505492138331,0.00432504641254539,7.5133739336018e-07,1.84733497952452e-07,0.995489937863201,7
"20302",5.8034612761457e-13,3.13538976759592e-15,0.0535133461433276,0.0296663829739048,5.57171730487625e-05,0.916763984401295,5.69307840080132e-07,6
"20305",1.52043591739641e-16,4.22224338673225e-13,0.000329031783497456,0.00452616273159987,1.94778085435846e-06,5.84755516953151e-11,0.99514285764515,7
"20307",0.986074159642623,1.50584407587823e-95,0.000520458059183331,0.0037604126566023,0.00964496964159198,9.94629184366399e-27,1.24133632522557e-50,1
"20310",0.169197394004495,2.25736340505613e-198,1.55057097960702e-08,3.28537065542252e-13,0.830802590489466,3.9007751236729e-54,5.86854591802014e-100,5
"20313",5.27114275871958e-32,6.29342914747743e-29,0.00246612468552863,3.49555496380455e-10,2.91585749028777e-09,0.997533872049058,4.02026201777827e-23,6
"20315",0.524153891929011,6.81509608004715e-72,0.00146370038030211,0.403489505892457,0.0708929017982299,6.99923167493205e-27,3.05513784800245e-39,1
"20319",0.00193018508538631,1.24601489567675e-115,0.000267056603775057,2.10190522617723e-09,0.997802756208933,1.59134938731488e-50,1.45583122719764e-61,5
"20321",0.950518115928313,3.87640652798587e-92,2.90996932310823e-08,1.55993419817774e-06,0.0494802950377958,2.28788410340694e-22,8.67732898942517e-53,1
"20327",0.976869065281588,2.50068940750441e-95,1.82357382510608e-06,0.000381192041791734,0.0227479191027954,1.49940734687018e-26,3.31800200674025e-45,1
"20329",2.12157715690427e-33,3.35757397588453e-51,0.999979634988978,2.52969564424457e-07,3.1380852179893e-12,1.99167504488664e-05,1.95287870504875e-07,3
"20335",0.892741029373339,1.03304271182834e-133,0.000111224228795146,1.4474053042699e-08,0.107147731923813,2.03271286803453e-35,1.78780176873429e-73,1
"20337",5.18933120450368e-16,0.0244629741904751,0.000997768183949421,0.00262228723347069,1.69277203543117e-05,0.971900042455664,2.16086458980437e-10,6
"20339",5.95671330022848e-16,1.66770187992723e-89,0.961703713115669,3.62043822346313e-08,0.0382962506799478,4.5677813485791e-45,4.86132823599309e-36,3
"20341",7.95403545608504e-09,2.1672173770365e-138,0.960022048514131,4.59357405002282e-12,0.0399779435272399,1.11561220166691e-25,1.3407430238839e-78,3
"20343",0.140472838831105,7.13334413572067e-162,0.00234690203810192,1.91753305129573e-10,0.85718025893904,5.6745359904207e-23,2.25344802505659e-76,5
"20345",4.02475675370438e-08,9.58518772680644e-16,0.0471513666183206,0.952796712218301,3.1181156741253e-05,5.26401469190784e-16,2.06997590683006e-05,4
"20350",2.10962917839599e-15,3.4050610846807e-85,0.999593595774043,2.54784420323413e-05,0.000380925783922571,6.99151636228342e-23,4.44427583415494e-40,3
"20352",2.38736299969239e-20,4.49300020159476e-14,0.000201354456166107,2.24090871803443e-10,2.33600143569995e-05,0.999775285305341,8.48795781592871e-21,6
"20355",4.42858318677529e-12,5.0014370157111e-48,0.738883370714486,0.00020838424574556,0.00333981359964793,0.257568431435692,5.20063557625727e-20,3
"20358",2.6907170965988e-29,2.96342924948319e-18,0.997035356592674,6.4827448848252e-06,2.37089119707095e-06,0.00122888536063375,0.00172690441061039,3
"20363",0.995911478016292,1.14742552017627e-68,2.86597514757299e-08,6.11992880653275e-05,0.00402729403589104,2.72076865268441e-19,2.30978364189176e-39,1
"20365",0.00879168489552201,7.93893203529445e-43,0.331574106903613,0.0979152461671622,0.561718962033702,5.22366126203215e-34,4.36085796232854e-29,5
"20379",9.32906583856876e-12,9.58755989509993e-07,0.646697080466199,0.326103955897287,1.59766316661082e-05,8.28752471569183e-09,0.0271820199520038,3
"20387",0.992938750397786,1.19918852854599e-65,4.39020889348014e-05,0.00202056923031264,0.00499677828296679,2.31313287670209e-24,1.1174888367303e-30,1
"20392",8.20072503926714e-06,7.56799099675062e-92,0.0002859957443653,1.41519439462973e-12,0.99970580352918,5.41324469142525e-60,1.39444218820359e-58,5
"20395",0.000208514081933262,2.64615054849266e-09,0.0313140817914839,0.964569683126438,0.00262573645894222,2.3689578538528e-05,0.00125829231651318,4
"20397",6.17687048302049e-53,1.92902897199125e-69,0.999962032622775,1.71815114637005e-17,2.90337598686065e-15,3.79673772215847e-05,2.65824570660545e-18,3
"20410",0.925102227666432,5.2483190417716e-52,5.52411411791187e-05,0.0330938232034229,0.0417487079889654,1.62048720881724e-33,1.43169621784723e-20,1
"20414",7.87899861407702e-09,0.950649933221634,2.15436751920215e-05,0.00451404095920759,0.0436164765678727,0.00119259272291875,5.40497417608966e-06,2
"20417",1.74702339579755e-15,7.52945869520454e-285,0.000728437870024155,1.25786653786585e-32,0.999271562129974,2.05434452300407e-93,2.36851308487271e-151,5
"20419",0.944594287444193,4.4877107736797e-95,2.42061548810369e-06,8.06266352087406e-05,0.0553226653051106,1.25533463649353e-20,5.54717391966762e-52,1
"20421",5.61013974119123e-09,1.30773889422085e-15,0.978832518364404,0.00397549645177517,0.0167174277589344,0.000474551814733704,1.16009619568578e-14,3
"20423",6.21162016289465e-12,0.981556529575562,0.00317360243298245,0.0111742071177031,0.000118574177790458,0.00391255683624071,6.45298535096753e-05,2
"20425",7.77866712079569e-12,2.89233782408083e-05,0.0803349789074713,0.331550466517343,0.00555383727373086,0.582531729103143,6.48122926661087e-08,6
"20427",0.07678111344696,4.68865087336166e-06,0.000693290076507605,0.777240755252189,0.142241258214022,1.15433803514563e-10,0.00303889424401461,4
"20429",0.00122459011628878,1.93376637961642e-153,0.312397755806496,3.48415699839152e-07,0.686377305661516,3.65372995560726e-18,2.30017971120354e-63,5
"20432",2.5414229691237e-16,0.984008080730238,0.000737242485744126,9.43731738895903e-05,0.00263946716602396,0.0124706318509247,5.0204593179115e-05,2
"20435",0.017359335508622,4.56951671794374e-39,0.000694054543862302,0.209504643977181,0.772441965970332,1.62594548455668e-24,2.71877650773546e-15,5
"20438",0.308898936781983,3.87472427452759e-120,0.0180963365946568,0.00348759294443969,0.669517133678572,3.48694923696284e-13,1.605146816469e-40,5
"20440",0.954187675374806,1.92982564278709e-81,0.000223733630336884,0.000631671965343699,0.0449569190295136,1.69944288984247e-18,4.45666785853931e-48,1
"20443",1.37461846639721e-15,4.26531845073921e-62,0.500287156955044,1.52656454752602e-05,0.000264802047188272,0.499432775352291,9.87477223196001e-31,3
"20446",4.08432463010618e-06,5.72169032175215e-34,0.0451780774785489,0.270928558978163,0.683889279186589,3.20654751809545e-11,2.8370854028373e-15,5
"20449",0.022243113239004,1.06838833822626e-46,0.0671161320502141,0.907847916076174,0.00279283863460758,3.78586342035282e-16,3.35363305921112e-18,4
"20537",0.0906869957818215,1.46492341927373e-74,0.0768843386017521,8.75284914301656e-06,0.832419912767283,2.8915282234464e-22,1.98074369274131e-39,5
"20540",4.9971319033102e-06,1.80573279902729e-120,0.0222339655239525,2.09987953389589e-14,0.977761037344123,1.64367008161984e-64,1.57084876474899e-69,5
"20543",0.054765534122931,8.70177240691069e-10,0.0273225413217868,0.890832874523586,0.0270790143039813,3.44181944404897e-08,4.39343594158331e-10,4
"20545",8.70946228216461e-08,1.18050569069125e-76,0.00887399934109811,2.96064853408146e-13,0.991125913563983,7.01480180101696e-46,1.28518303487705e-55,5
"20549",0.0207866503118469,2.57771607073573e-09,0.00999695885606678,0.918172557515043,0.0507469191827521,0.00029671027493896,2.01281635680722e-07,4
"20551",0.721529426721063,2.37031939838538e-47,0.00345837470534349,0.263112469506958,0.0118997289501909,1.16443735337109e-10,2.94504511694191e-20,1
"20554",0.97185176296058,2.47359321756295e-47,3.97475771339799e-05,0.0235549863096025,0.00455350315268346,3.26293002458535e-16,3.22538149934997e-23,1
"20556",2.33498940078784e-05,1.21531037713846e-21,0.0163459228785395,0.976138999794268,0.00749172743318249,1.9315996417473e-15,2.79025965172763e-17,4
"20558",0.997865613239643,2.87290804427471e-82,1.90943201411185e-07,0.000390459574956574,0.00174373624219888,6.38786924069602e-27,6.3567641455057e-46,1
"20560",0.953191593794785,1.40577486269491e-49,2.56111734961801e-05,0.0223102018139194,0.0244703168990734,2.27631872615509e-06,1.58359183652332e-22,1
"20563",0.997901600020123,1.94366026307407e-111,8.08276723908479e-09,3.05023912198853e-09,0.00209838884687097,4.04305372250863e-31,2.84792589326571e-69,1
"20565",0.0239066979811087,3.90350569112938e-34,8.92363936432383e-07,0.0204078780363144,0.955684531294089,3.24551930590768e-10,1.23409016766294e-29,5
"20567",1.38465741712948e-15,0.000386770796858078,0.045455159015109,0.00314530941356398,1.69703929832431e-06,0.951004643623147,6.42011202270432e-06,6
"20571",2.96633385539206e-07,3.46680225102736e-147,0.0284919973454743,0.000227671859004273,0.971280034162136,2.53099476503532e-38,2.3651672931691e-60,5
"20573",0.552279223636129,2.97210370585215e-54,0.0189987051793107,0.413034828898307,0.0156872354071508,6.87910235782302e-09,6.82895765335757e-22,1
"20575",0.885158356213471,4.75411184009039e-145,5.92531782612078e-05,0.000184413089678433,0.114597977518589,9.49345036748351e-30,8.62912380811731e-54,1
"20577",4.11289042288278e-05,2.58258875555516e-28,0.0191887457394507,0.9803824254263,0.000387699797998679,1.52744417981217e-13,1.31868487003991e-10,4
"20579",4.34363721300975e-37,8.63692424206232e-40,0.00953021069585596,1.28358355208606e-11,1.14368587954588e-13,0.99046978929116,3.40205361071023e-14,6
"20582",0.997697322928857,3.86551342199246e-105,5.67386257353138e-08,1.77563793830777e-06,0.00230084469457928,5.09475523772572e-34,5.2207825791602e-62,1
"20585",0.0271723156722354,8.95355430790646e-42,0.000352221088438578,0.000151204766106963,0.972324258473219,1.28420543785737e-36,5.08659892137367e-26,5
"20588",4.83164684472492e-12,1.99828861302908e-61,0.999849240594168,7.01264583467565e-05,8.06329426537102e-05,4.84361728353591e-26,4.56197565367378e-35,3
"20590",1.28410906573084e-30,3.39904736676953e-08,0.00263349259984695,3.24255363511772e-08,1.95240727853902e-11,0.997366174928261,2.660363579676e-07,6
"20592",0.994501553820837,1.15630029886644e-139,6.645627996425e-06,6.79774229193722e-06,0.00548500280887426,8.27722302517675e-24,2.03472121650019e-67,1
"20594",0.98872292932162,2.06830195694645e-114,4.49771243324753e-07,3.90032697104059e-06,0.0112727205801657,5.88337241604213e-44,1.01210634650959e-58,1
"20596",0.14653548280057,1.3693376454725e-57,0.00139432863514697,0.650420152893769,0.201650035650654,1.98600641314283e-11,4.51295371576971e-25,4
"20598",0.784840024376186,2.90384473965044e-38,0.000413707421900585,0.204472854194018,0.0102734140078541,4.1727336232864e-14,1.16312508143906e-16,1
"20600",0.000149642296236921,1.81612642498446e-41,0.5653092240804,0.398901368374353,0.035639765248985,2.51711414134735e-14,4.58699395493815e-19,3
"20603",1.0028565084354e-10,7.62463957144689e-05,0.270862178515305,0.71050637082501,0.0166914636267446,4.6450327489034e-07,0.00186327603366527,4
"20605",0.647034623249824,8.04458513479813e-85,0.00208646289920079,0.315109921682082,0.0357689921688932,4.48539685044221e-33,3.65502388360282e-36,1
"20607",0.812956725539519,1.34250517447872e-73,0.000628384262427908,0.173462340704018,0.0129525494940351,6.08474368127381e-21,9.33679121179313e-25,1
"20609",0.97980176034654,3.99812359041169e-28,4.19282926857033e-07,0.0129362295425435,0.00726159082798943,1.16240713877135e-17,1.60621205064396e-21,1
"20611",2.09393719906806e-18,0.00320615691452866,0.00246099482004987,0.00534771275508198,4.06699200769377e-08,6.29141581618246e-07,0.988984465698838,7
"20613",0.675055988102375,2.66407430065074e-16,0.000468398576767142,0.264468026412132,0.060006992290089,6.29579370241149e-20,5.94618635918233e-07,1
"20615",0.00271831064949437,5.31226632664658e-33,0.014551030566666,0.952215104471881,0.0305155542955914,1.63316313808087e-11,3.51571398768281e-14,4
