"","V1","V2","V3","V4","best$classification"
"19812",1.55805465573476e-05,0.963779602009873,0.00134351448571794,0.0348613029578519,2
"19814",0.00902926071995317,0.984710518470612,9.19770081351449e-05,0.00616824380129968,2
"19816",9.73548755810209e-06,0.0338789844280864,2.05659411015879e-05,0.966090714143254,4
"19818",0.0271529849386428,0.889754679256016,0.000168719764413095,0.0829236160409277,2
"19820",3.02724790134562e-08,4.30488736542801e-06,0.000143188602192818,0.999852476237963,4
"19822",1.11893703030411e-05,5.82230764336905e-05,0.0607818698463898,0.939148717706873,4
"19824",0.00424069221297471,0.00253854233301613,0.00013019978229187,0.993090565671717,4
"19826",0.00018952301467669,0.961204240843132,3.41325594828247e-05,0.0385721035827087,2
"19828",1.25626788716146e-05,0.00147070578969269,0.000617049359701293,0.997899682171735,4
"19830",0.000500494446101176,0.99792035262574,0.000957650196913481,0.000621502731245137,2
"19832",1.37217197419417e-05,0.262073162355396,0.560562958320431,0.17735015760443,3
"19834",0.000487473573323196,0.0919029967573978,0.0205690086152772,0.887040521054002,4
"19836",2.12657972949503e-05,0.761404578475592,0.000356150054364826,0.238218005672749,2
"19838",0.00227534345726884,0.997243628853997,0.000249170267546007,0.000231857421188299,2
"19840",7.1059671650236e-05,0.274431121684685,0.000106597420666006,0.725391221222998,4
"19842",0.00100094092311015,0.998833906849917,6.28457807767118e-06,0.000158867648895339,2
"19844",0.999861976259253,9.55651065457008e-05,4.81012777199882e-07,4.19776214237932e-05,1
"19846",0.224557689495226,0.775404593773719,9.44126018309196e-07,3.67726050364117e-05,2
"19848",0.101055049107724,0.898871939781665,3.8895968406419e-06,6.91215137707455e-05,2
"19850",0.349320563089725,0.649982094485927,2.02191861999245e-05,0.000677123238147751,2
"19852",0.00120111867375602,0.300778838345837,0.00050459248154094,0.697515450498866,4
"19854",0.0150641912831678,0.984853365850538,9.32426296028588e-06,7.31186033341448e-05,2
"19856",0.960905197613215,0.0368602243358813,6.15180007182347e-05,0.00217306005018544,1
"19858",0.942149518276751,0.00748817198843241,0.000495724590932582,0.0498665851438839,1
"19860",0.000177617932015344,0.639005537478214,0.000324578740131355,0.36049226584964,2
"19862",0.0186693611371766,0.981310960417131,1.00853600129799e-06,1.86699096912092e-05,2
"19864",0.159234908182723,0.534321313364264,0.00233695365983105,0.304106824793182,2
"19866",1.19449850510919e-05,0.0162130243312825,5.64809335334905e-05,0.983718549750133,4
"19868",0.000147638308037472,0.000289492632903098,0.999523574640616,3.92944184434617e-05,3
"19870",0.00927728638764295,0.989930050543357,1.06712132734399e-05,0.000781991855726311,2
"19873",0.00280623927016026,0.960304053658051,2.55537804353216e-05,0.0368641532913533,2
"19875",5.60537439349607e-07,0.00723103487942881,0.000782878708797328,0.991985525874335,4
"19877",0.00570933823406109,0.986174639612811,9.49394189135693e-05,0.00802108273421449,2
"19879",0.00984461794935357,0.642039126397754,0.00258344188764192,0.34553281376525,2
"19881",0.0035732303009782,0.982395310632434,2.70587047152933e-05,0.0140044003618727,2
"19883",0.00049823864950752,0.994097030960997,4.18584280946028e-06,0.00540054454668621,2
"19899",0.000149573243444915,0.604160867133131,0.0115577706576819,0.384131788965742,2
"19908",0.0422592729557166,0.133060903361151,0.219334167781081,0.605345655902051,4
"19910",0.00116790380239884,0.625500602490489,0.000171856626368719,0.373159637080743,2
"19912",0.00469808809031246,0.995216018803563,3.77419360174727e-06,8.2118912523078e-05,2
"19914",0.00238590650858901,0.729388435775983,0.0093442064115728,0.258881451303855,2
"19916",0.00205263502957371,0.00337610980742442,0.000217768419566395,0.994353486743435,4
"19918",0.174064271338448,0.82497491790814,1.30242456883053e-06,0.000959508328842723,2
"19920",0.873299619938117,0.126600534486543,1.16818192842076e-06,9.867739341146e-05,1
"19922",0.000113198126692073,0.285230638219232,0.686981910616489,0.0276742530375862,3
"19924",0.0518049912290125,0.930234096714265,4.61432023525539e-05,0.0179147688543696,2
"19926",8.92290618525875e-06,0.471731292397234,0.0239374391752128,0.504322345521368,4
"19928",0.461104867811469,0.530004487140319,0.00102403836241159,0.00786660668580049,2
"19930",0.000779364541616223,0.997208071188132,3.8923173828704e-05,0.00197364109642271,2
"19932",0.00589567713697682,0.993915505104649,3.06206569933974e-05,0.000158197101380711,2
"19934",0.000217699306434074,0.0355120939461124,0.00353640692783263,0.960733799819621,4
"19936",0.000570193944126016,0.978128565030821,0.00136549520289016,0.0199357458221624,2
"19938",9.90386199286857e-05,0.00107926903278472,0.0042251606846065,0.99459653166268,4
"19940",0.00214014405958279,0.912055380157288,2.35439473169572e-05,0.0857809318358126,2
"19942",0.0339429767301123,0.940396192121044,0.000151686909264393,0.0255091442395792,2
"19944",0.000140620345861571,0.300434459614069,0.000167621677853502,0.699257298362216,4
"19946",0.0320711784375749,0.820811843883997,0.000226307328830693,0.146890670349598,2
"19948",0.0578475616435839,0.932818065062978,1.85098282653214e-05,0.00931586346517304,2
"19950",0.996870509196201,0.00312391556362441,1.24851497663038e-06,4.3267251984969e-06,1
"19952",0.0578475616435839,0.932818065062978,1.85098282653214e-05,0.00931586346517304,2
"19954",0.00310259649989063,0.996386790545735,1.4088023686992e-05,0.000496524930687963,2
"19956",0.664411018484798,0.335172062434977,0.000365834617924991,5.10844622993852e-05,1
"19958",0.00194499344667462,0.00465664872308152,0.99296006253893,0.000438295291313975,3
"19962",0.181400570717853,0.578190360127745,0.00471438312778044,0.235694686026621,2
"19964",0.0341788908916283,0.907753846850348,6.01348630876115e-05,0.0580071273949366,2
"19966",4.39119607093116e-07,0.000958641360199974,0.000157959533025956,0.998882959987167,4
"19969",0.000435834087305615,0.998546292244237,7.70423751857682e-06,0.001010169430939,2
"19972",0.148810679812406,0.849871055804874,7.42267513195228e-06,0.00131084170758742,2
"19974",0.923056646075618,0.0769403976461368,8.56478081752332e-08,2.87063043721119e-06,1
"19976",0.0741068107724354,0.898905636929791,6.26692293301752e-05,0.0269248830684436,2
"19978",0.00160622278786157,0.291248656096178,2.38610766973004e-05,0.707121260039263,4
"19980",0.337978448500517,0.661958908694357,7.9769541633673e-06,5.4665850962053e-05,2
"19982",0.833359144038041,0.165876148606906,0.000115264887244604,0.000649442467808439,1
"19984",0.998844638275423,0.00109585437632588,7.70840352006517e-07,5.87365078987894e-05,1
"19986",3.37897532009944e-08,2.27797508703441e-05,0.000631310879268492,0.999345875580108,4
"19988",1.97362616861222e-08,2.29154926907643e-06,0.0010258721177526,0.998971816596717,4
"19992",6.74888243637112e-07,2.22663141672713e-05,0.00108281831252165,0.998894240485067,4
"19994",0.000202287876695053,0.997289035493588,0.000112914491103379,0.00239576213861349,2
"19996",5.64040111994686e-07,3.5344943424911e-05,0.000152452432264484,0.999811638584199,4
"19998",0.033285520592047,0.861847552982161,0.000526486542402762,0.10434043988339,2
"20000",0.00132305235529473,0.978676854236069,0.0197477505431261,0.00025234286551011,2
"20003",1.4761748063811e-05,0.989904470683009,0.000357366309983021,0.00972340125894398,2
"20005",0.0942973789077234,0.905669788778636,1.22108263163236e-06,3.16112310093751e-05,2
"20007",0.00180109698241624,0.314650119983953,0.00530046365130025,0.67824831938233,4
"20009",0.000668341500709628,0.00167990404223799,0.00109183625020859,0.996559918206844,4
"20011",0.0246152365174698,0.968181327926502,2.14451210711465e-05,0.00718199043495738,2
"20013",0.12927150116932,0.868729262167474,7.67783926511708e-05,0.00192245827055512,2
"20016",2.0793396661267e-05,6.90036539379653e-05,0.00710322853700896,0.992806974412392,4
"20018",1.84898437086716e-08,2.66738084388632e-07,0.98212198970823,0.0178777250638415,3
"20021",1.00324995378161e-06,0.0195249637825769,0.000744640778848768,0.979729392188621,4
"20023",0.000212673183635282,0.0785094632492917,0.00245086483768183,0.918826998729391,4
"20025",6.02776682618406e-07,0.000117532747489681,0.435820752929497,0.564061111546331,4
"20027",0.000162473892625649,0.999491179510844,9.30952048829836e-06,0.000337037076041802,2
"20029",0.0322929281641729,0.967588762924987,6.48854325818603e-07,0.000117660056514689,2
"20032",0.000119930711707207,0.999533388712728,1.95258289778798e-05,0.000327154746587349,2
"20034",0.00501003643287744,0.982948135627587,3.39630559244134e-05,0.0120078648836109,2
"20036",0.196086824645253,0.74202117564209,0.00306744327302534,0.058824556439631,2
"20038",2.7155088743183e-08,0.000995709815359264,0.00983456355919,0.989169699470362,4
"20040",2.1136348899863e-05,4.29974402786784e-05,0.0152864561765496,0.984649410034272,4
"20043",2.36048289379529e-06,0.00421943220498296,0.00142394202387214,0.994354265288251,4
"20045",4.38815516109621e-07,2.31611395833282e-06,0.0095999180176571,0.990397327052869,4
"20048",0.999850270679629,0.000147027616557723,7.71722361343118e-07,1.92998145179744e-06,1
"20051",0.01349454980027,0.503478747027107,0.0334955095883918,0.449531193584231,2
"20053",0.000470468885190685,0.019367251782004,0.00018273688627787,0.979979542446527,4
"20055",6.0633791321685e-07,0.0825231040604096,0.157240572819875,0.760235716781802,4
"20057",0.00328772768203481,0.000464879621062486,0.996242524470943,4.86822595957817e-06,3
"20059",8.94444283051414e-05,0.0203414598829024,0.00427008254611917,0.975299013142673,4
"20061",0.000398599999551047,0.130620398168219,0.000765487913799865,0.86821551391843,4
"20063",0.977603158959897,0.00016026115591593,0.000899950680988216,0.0213366292031986,1
"20065",1.38549889910671e-09,2.38937046625742e-05,0.843563209655937,0.156412895253902,3
"20067",0.000265176688608912,0.000427747648258723,0.0155431772608135,0.983763898402319,4
"20069",0.579825293328651,0.420086028263124,1.31787095373314e-05,7.54996986878642e-05,1
"20071",0.00368440597754419,0.613150237339628,0.00809752209026483,0.375067834592563,2
"20073",0.892321718289407,0.106126691054138,3.31548593437234e-06,0.00154827517052028,1
"20075",3.29017808640821e-06,0.000400242663820649,0.999571023676142,2.54434819510522e-05,3
"20077",0.000707497734439991,0.0177157871721972,0.000223793623957457,0.981352921469405,4
"20079",0.681719268300445,0.0833298254358133,0.00307885619169182,0.23187205007205,1
"20081",1.49924071339376e-05,0.00745732321637223,0.1726206404365,0.819907043939993,4
"20083",0.962099791259101,0.0275398501163221,0.00171758156603341,0.00864277705854307,1
"20085",5.64732911914857e-09,3.80834092048284e-06,0.0041393471101304,0.99585683890162,4
"20088",5.12121779856586e-07,0.000714590038193518,0.00163130585137356,0.997653591988653,4
"20091",5.88867612175558e-06,0.00015056387817726,0.996472421935054,0.00337112551064694,3
"20095",0.905178991103487,0.02572693702291,0.00044056455462213,0.0686535073189806,1
"20097",7.06852157278131e-09,6.20516163165169e-06,0.0156261272266102,0.984367660543236,4
"20099",0.0131377454513432,0.0086187532678609,8.94499636043441e-06,0.978234556284435,4
"20102",0.862848698595142,0.00418257715669991,0.128809064341043,0.0041596599071161,1
"20105",0.000800636752548361,0.00605538910408918,0.000626593806661245,0.992517380336701,4
"20107",1.80056104550308e-06,0.00101037763499906,0.000262001022179431,0.998725820781776,4
"20109",0.287419357279459,0.0355131731127869,4.03403457309069e-05,0.677027129262023,4
"20111",0.0252711238605456,0.406784560549777,0.567591258695745,0.00035305689393251,3
"20113",8.11522342685492e-06,0.040427232211029,0.000437443531297473,0.959127209034247,4
"20115",0.00191823208068157,0.997365704248404,0.000469426868355658,0.000246636802559226,2
"20117",6.59172593981519e-05,0.0100666585381902,0.753271188169228,0.236596236033183,3
"20119",2.93601528580376e-07,0.00130046349204108,7.95414712768157e-05,0.998619701435154,4
"20121",9.42092980284399e-08,0.000186144363775836,0.000651318341836502,0.99916244308509,4
"20123",4.7005178488197e-08,5.21341881714572e-05,0.997742827308814,0.00220499149783648,3
"20125",0.134875902180737,0.864478272707526,7.90503530754137e-05,0.00056677475866066,2
"20127",5.47930209822108e-06,2.73578226601693e-05,0.00049649665944354,0.999470666215798,4
"20140",7.5348472771789e-06,0.20612112413334,0.409159734814751,0.384711606204632,3
"20142",0.991020935945378,0.00896824464635333,3.12376535589652e-06,7.6956429126001e-06,1
"20144",0.0134571871259555,0.973470877033816,0.0127565163858534,0.000315419454375006,2
"20146",0.400359098698603,0.58071504289909,0.00664970644083142,0.0122761519614753,2
"20148",0.000593694603158225,0.985205051005135,0.000270436650474554,0.0139308177412328,2
"20150",0.600413512789284,0.399576288117649,5.95698065060811e-07,9.60339500192278e-06,1
"20152",0.000417252710908555,0.951406119676477,0.000338435496710678,0.0478381921159032,2
"20154",1.10301753301041e-05,2.59236815832353e-05,0.957117904260921,0.042845141882166,3
"20156",0.0694481262870839,0.153494128224417,0.0244978861978277,0.752559859290671,4
"20159",0.63679020473994,0.363106618943346,2.49186100840276e-05,7.82577066300085e-05,1
"20161",0.980432535554017,0.0180750779030116,0.000135121810729644,0.00135726473224184,1
"20163",3.37517285794867e-05,0.947021536057002,0.00176096967017407,0.0511837425442439,2
"20165",0.979653522831391,0.00178958354216802,6.68694662788424e-05,0.0184900241601619,1
"20167",0.0182240668045998,0.972511600489478,2.75960722171845e-05,0.0092367366337048,2
"20169",0.999451556551259,0.000545105884871559,9.93023895544742e-07,2.3445399733548e-06,1
"20171",1.16310294608689e-05,2.25420372261203e-06,0.988498220341009,0.0114878944258072,3
"20173",0.830711237184715,0.00966198653233771,6.00216540313204e-05,0.159566754628916,1
"20175",0.0166965705377189,0.980299707533022,5.15596529022472e-05,0.00295216227635689,2
"20177",0.00146558291295862,0.0234713769502719,3.27445784586352e-05,0.975030295558311,4
"20180",1.76930753767703e-09,0.000186849687429202,0.00346693033614651,0.996346218207117,4
"20182",0.999522802191351,0.000447894966307309,2.9159010924955e-05,1.43831416266137e-07,1
"20184",0.940381845475315,0.0592200988166853,9.34869926460672e-06,0.000388707008735177,1
"20187",0.212064783415277,0.452718341816926,8.45361999480861e-05,0.335132338567849,2
"20189",5.64019392582157e-05,0.106781762889606,1.71545003862895e-05,0.893144680670749,4
"20192",3.01692430661014e-05,0.0150857969623221,0.137739862370738,0.847144171423874,4
"20194",0.847985251318507,0.151704378350434,8.75353751332897e-06,0.000301616793545663,1
"20196",8.56226403595866e-07,0.000237627803502485,0.186559352648869,0.813202163321225,4
"20198",0.00153432595314752,0.663904744696469,0.0088064805413592,0.325754448809024,2
"20204",0.566871158297,0.432998566806249,3.32819737038587e-05,9.69929230478093e-05,1
"20207",5.27229868793653e-05,0.000349516991107864,0.106691336086107,0.892906423935905,4
"20209",2.87895651371424e-05,0.952912521661524,0.0461689141366097,0.000889774636728899,2
"20211",2.19380269945872e-07,7.08764286221462e-05,0.998321965135788,0.00160693905531977,3
"20215",9.36248618638169e-05,0.023794164387201,0.00192647000204638,0.974185740748889,4
"20218",0.976325496783735,0.0236590130776387,3.11255102108123e-06,1.23775876054223e-05,1
"20222",0.000152674585987556,0.00848020229624439,0.0845276573020898,0.906839465815678,4
"20225",0.0419777393312468,0.956354851980524,0.00119089683294073,0.000476511855288327,2
"20229",0.0021690818598928,0.796973896604783,0.145536174538609,0.0553208469967147,2
"20232",6.62522100548085e-05,0.119501793415946,0.029906933070543,0.850525021303456,4
"20234",1.61676011974739e-08,3.97059107148598e-06,0.119950739044709,0.880045274196619,4
"20238",2.3048254041305e-05,0.000805791171275081,0.00228121310569148,0.996889947468992,4
"20253",4.75907924520563e-06,0.000475474898550655,0.00122870400756113,0.998291062014643,4
"20255",0.000807297988713078,0.997295446869112,0.00104939868260536,0.0008478564595696,2
"20258",3.19702839336508e-07,0.000354542297598513,0.000113889755346102,0.999531248244216,4
"20269",0.0490531144633886,0.0361650325031978,0.000188111502247957,0.914593741531166,4
"20271",1.9311095985732e-06,0.00154112188370688,3.38957853632231e-05,0.998423051221331,4
"20285",0.0354847820692561,0.899527300006323,0.000193684252892502,0.0647942336715283,2
"20288",0.000201249537219199,0.0296492656536526,0.00385037261696107,0.966299112192167,4
"20291",7.03268062346442e-06,0.000425746991888997,0.265394130897571,0.734173089429916,4
"20295",0.0406984939128989,0.144921435545435,0.000293043540316797,0.814087027001349,4
"20298",0.00831183233726942,0.991584330813998,1.18549645949422e-05,9.19818841375548e-05,2
"20302",0.658233461687028,0.339887532898323,1.44931085676582e-05,0.00186451230608164,1
"20305",0.00185839892083674,0.998081409498272,3.79717693937022e-06,5.63944039521402e-05,2
"20307",1.26926478238548e-07,4.93516007216808e-05,0.000726230068472543,0.999224291404328,4
"20310",1.61515224615585e-07,3.10114744015831e-06,0.00282229325348104,0.997174444083854,4
"20313",0.998732339176336,0.00126701106997858,7.72234828725505e-08,5.72530202179346e-07,1
"20315",2.02596016742871e-06,0.00141176648774844,0.000196669773468993,0.998389537778615,4
"20319",5.03965219069738e-07,0.000387445548494395,0.598466778300997,0.401145272185289,3
"20321",1.77824532908262e-05,0.000191735120420852,0.000140155877195245,0.999650326549093,4
"20327",1.04110469613119e-06,0.000157135126911986,1.92000038954267e-05,0.999822623764496,4
"20329",0.319320395251851,0.678532460809888,3.86220277914662e-06,0.00214328173548128,2
"20335",2.59268306281613e-06,3.42547414563426e-05,0.126578983607204,0.873384168968277,4
"20337",0.315094856209808,0.684743247220129,2.93222405179166e-05,0.000132574329545425,2
"20339",1.254928475274e-05,0.0215293658788364,0.966807847071462,0.0116502377649492,3
"20341",0.000460583648526869,7.00605632543422e-05,0.966316121714804,0.0331532340734151,3
"20343",0.000121020277301661,4.01904249776462e-05,0.0111035001378238,0.988735289159897,4
"20345",2.726676032866e-05,0.994836183161471,6.04362781766923e-05,0.00507611380002324,2
"20350",0.038101584329675,0.187053972831708,0.327886365531615,0.446958077307003,4
"20352",0.999020076483567,0.000969695215695195,1.07908874873263e-06,9.14921198927273e-06,1
"20355",0.948050086882367,0.0444209143186061,0.000455205547823402,0.00707379325120367,1
"20358",0.371775677672915,0.627882437278171,1.30996246106016e-06,0.000340575086453241,2
"20363",1.2430839197677e-05,0.000587735699570001,0.000136481854626716,0.999263351606606,4
"20365",4.64470422451226e-06,0.0328449639611585,0.557377073085708,0.409773318248909,3
"20379",0.00277120514455019,0.995330240637323,0.00111396261580419,0.000784591602322098,2
"20387",7.39240220017683e-07,0.000887335412172399,0.00213966739313063,0.996972257954477,4
"20392",2.65677900775232e-08,3.37037487353706e-05,0.99618540424651,0.00378086543696464,3
"20395",0.00201311755321505,0.968590242482535,0.000660955719435407,0.028735684244814,2
"20397",0.983573658799475,0.0164034722198422,8.40273807182888e-07,2.20287068758095e-05,1
"20410",2.12718757466291e-07,0.018861443037969,0.000834624321809222,0.980303719921464,4
"20414",0.341325092655966,0.656517274850176,2.15886807971898e-05,0.00213604381306117,2
"20417",1.08925802067618e-07,1.97879661841599e-06,0.870916712624463,0.129081199653117,3
"20419",3.90375864675652e-06,8.23659839079421e-05,3.80144835661485e-06,0.999909928809089,4
"20421",0.670634163285441,0.29156012611772,0.0297067186634271,0.00809899193341151,1
"20423",0.417862438525891,0.581184044367887,0.000307675651200809,0.000645841455020945,2
"20425",0.606903071334381,0.390361744062467,0.00111892996564705,0.00161625463750449,1
"20427",0.000638037800951585,0.932396920315913,8.3837804748335e-05,0.0668812040783867,2
"20429",0.000387685101469314,0.000409908328485752,0.00481491432971328,0.994387492240332,4
"20432",0.822830849482544,0.177063328586834,1.11645478250194e-06,0.000104705475839504,1
"20435",2.82198153480469e-05,0.193763534214912,0.0298098431487586,0.776398402820981,4
"20438",0.000525462508716015,0.00081113906678399,3.37445112370585e-05,0.998629653913263,4
"20440",4.14208225725499e-05,0.00033995719455445,4.67850517476122e-05,0.999571836931125,4
"20443",0.99622900119032,0.00316099698961715,8.48882185224931e-05,0.000525113601540376,1
"20446",0.00589669982359814,0.44602792122071,0.00200718234506859,0.546068196610623,4
"20449",5.08342853220265e-05,0.198466443116519,0.0180487114851469,0.783434011113013,4
"20537",0.000257524381137035,0.00828692278656641,0.276963395156246,0.71449215767605,4
"20540",2.6126647156544e-08,2.3251742127541e-05,0.987988972056669,0.0119877500745566,3
"20543",0.00570333016418215,0.725101290313631,0.00138108722549089,0.267814292296696,2
"20545",6.60548466550109e-07,5.05869202465711e-05,0.998239883054286,0.00170886947700126,3
"20549",0.0217880659716272,0.873011080975771,0.00946969709981056,0.0957311559527914,2
"20551",0.000156396503453711,0.0200507988936217,0.00259294973214098,0.977199854870784,4
"20554",2.59506567428941e-05,0.00623710041548544,0.000183106452666341,0.993553842475105,4
"20556",0.0020664121259897,0.538208296206359,0.195669603006066,0.264055688661585,2
"20558",6.90989392879505e-07,0.000125396051177894,0.000292725672495647,0.999581187286934,4
"20560",0.00364512059070268,0.0171201619760905,0.00015511435932722,0.97907960307388,4
"20563",2.09933483210956e-06,2.3023017940532e-05,0.000383899448859564,0.999590978198368,4
"20565",0.0226593791651691,0.0958756687201285,0.0020287531824364,0.879436198932266,4
"20567",0.878849725100591,0.120969385522189,5.12937774773304e-06,0.000175759999473178,1
"20571",0.000103805902340486,0.00280912675665287,0.0326679364815234,0.964419130859483,4
"20573",0.000701129113958165,0.0376382328181715,0.0063607333285946,0.955299904739276,4
"20575",5.63758788907538e-07,5.68209507540971e-05,0.000169456566145984,0.999773158724311,4
"20577",0.000210207746414726,0.866269967588966,0.00289591393134081,0.130623910733278,2
"20579",0.99679487588555,0.00320114255986721,4.13886627526859e-08,3.94016592026961e-06,1
"20582",1.34277896100865e-07,2.53120136947211e-05,0.000193192600411466,0.999781361107998,4
"20585",2.7300945186606e-06,0.0133093602052153,0.887469117881298,0.0992187918189684,3
"20588",0.000239366064764639,0.0102841580188342,0.978386197106669,0.0110902788097325,3
"20590",0.992652846941526,0.00734578626563406,2.80852416288855e-08,1.33870759820333e-06,1
"20592",2.37229433179578e-06,1.14726080794678e-05,0.000135351555632705,0.999850803541956,4
"20594",3.46316350265949e-08,5.28593067502976e-05,0.000475127704210481,0.999471978357404,4
"20596",0.000995529027044486,0.0163886308819572,1.12011513911838e-05,0.982604638939607,4
"20598",1.3478520038418e-05,0.0132022506818442,0.000191399341031913,0.986592871457085,4
"20600",0.00137056745256968,0.14574972324734,0.757614243081955,0.0952654662181353,3
"20603",0.00591117762116542,0.987766473214547,0.00502715495619633,0.00129519420809117,2
"20605",1.06114305604522e-07,0.000819648314257549,0.000685612174396924,0.99849463339704,4
"20607",1.7198246649133e-06,0.00260620003674882,2.46360847407752e-05,0.997367444053845,4
"20609",6.81629333002936e-05,0.0228272964113432,0.000210473424230089,0.976894067231126,4
"20611",0.000632762309157802,0.999300403587052,3.65576058892119e-06,6.31783432014097e-05,2
"20613",3.02297780768414e-05,0.566112737367213,0.00417944707586618,0.429677585778844,2
"20615",0.00318806831841215,0.536126917043774,0.0978890723135188,0.362795942324295,2
"20617",0.996130068472518,0.00386407551860019,1.35732882610576e-06,4.49868005589557e-06,1
"20619",7.17464945809856e-06,5.21195325581793e-05,6.3712699964837e-05,0.999876993118019,4
"20621",6.24540683451301e-05,0.0206481884094555,0.000598377178583477,0.978690980343616,4
"20623",0.982223286274305,0.0147978335630351,7.15529205306141e-07,0.00297816463345492,1
"20625",0.0541267541941371,0.896037369274361,0.0471138717614971,0.00272200477000522,2
"20627",1.15038491590823e-05,0.248860653881416,0.000711896728878512,0.750415945540547,4
"20629",0.000992090629251292,0.164716028489082,0.00461566662516539,0.829676214256501,4
"20631",1.3234515803278e-05,2.7052281679634e-05,0.000209643726741278,0.999750069475776,4
"20633",0.999252133050901,0.000747505200802499,3.34962317658261e-08,3.28252064391585e-07,1
"20636",0.0362670159629612,0.962549666978732,1.25349201586181e-05,0.00117078213814788,2
"20638",0.000361317787989162,0.775192507687054,0.0757347871047084,0.148711387420249,2
"20640",6.32423988858497e-08,0.00458800539683574,0.0878157060920862,0.907596225268679,4
"20645",9.73571020074383e-09,6.79977975757329e-06,0.00568692468545347,0.994306265799079,4
"20647",0.999841135398383,0.000155913422258289,8.93089161941666e-07,2.05809019675504e-06,1
"20649",2.14580668226687e-05,0.021986808137467,0.013760685890392,0.964231047905318,4
"20651",2.34961448903172e-05,2.37680577626938e-05,0.00361296050923625,0.996339775288111,4
"20656",8.70706708667846e-06,0.00209824015144911,0.0410472947456003,0.956845758035864,4
"20660",1.20927708772901e-05,0.0157231839277923,0.907520823400749,0.0767438999005818,3
"20662",0.90985350690463,0.0896032465894284,4.48120494250671e-06,0.000538765300998995,1
"20664",0.119586257239827,0.0192095968819436,4.70111327679555e-05,0.861157134745461,4
"20666",0.000196098808908172,0.93748170521181,0.0612912009365992,0.00103099504268232,2
"20668",0.483644607483436,0.516170996328354,1.98652095843211e-06,0.000182409667252524,2
"20670",1.40242791337492e-05,0.00218944553004438,0.000452073511473152,0.997344456679349,4
"20672",0.486751595352399,0.513037526706709,6.55272709488261e-05,0.0001453506699434,2
"20674",0.000264270858012158,0.0941983830169586,0.000256742263143412,0.905280603861886,4
"20676",0.0761627155808896,0.923815355840745,3.81414703640559e-06,1.81144313284136e-05,2
"20678",0.51141406166439,0.488567878507529,5.04373672583388e-07,1.75554544087141e-05,1
"20680",0.327683568858003,0.668864356404571,8.70880037802056e-05,0.0033649867336462,2
"20682",0.00148359123078388,0.994954198556054,9.84338327205029e-06,0.00355236682988961,2
"20684",5.85748018858051e-05,0.168909728319413,0.00481797762107848,0.826213719257623,4
"20686",0.975271243123201,0.0247070863950647,3.4456735351896e-06,1.82248081987129e-05,1
"20688",0.95336545878572,0.0466254282334986,1.86528428419114e-07,8.92645235341907e-06,1
"20690",3.08545339992006e-07,0.00254202871466911,0.95066019422047,0.0467974685195213,3
"20692",0.99794551389112,0.00205400737148148,2.22272929572292e-08,4.56510105931336e-07,1
"20694",0.0258064909417009,0.974136428335297,4.66770417134577e-06,5.24130188311322e-05,2
"20696",0.00962487822572805,0.989201305879169,4.31625444848282e-05,0.00113065335061771,2
"20698",0.00942419849364855,0.0767606070392304,0.0120693304893437,0.901745863977777,4
"20700",0.00387746392475868,0.00206091083834526,0.000529512585353206,0.993532112651543,4
"20702",1.24014146230059e-07,0.000238780169423695,0.887897533162378,0.111863562654052,3
"20704",8.48772196161798e-05,0.186353638177299,0.000635953716175544,0.812925530886909,4
"20706",0.0223598697552263,0.747358568573339,0.00592392952273604,0.224357632148698,2
"20708",0.0107349519834616,0.989135187562693,1.60705133211405e-06,0.00012825340251368,2
"20710",3.48725504207849e-06,0.046665328317297,0.413306692945686,0.540024491481975,4
"20714",0.983222971025149,0.0167198487244328,1.81574719444142e-07,5.69986756991974e-05,1
"20716",1.50816417372267e-06,0.0110764834654692,0.000191274085917678,0.988730734284439,4
"20719",0.000533208133128266,0.446303564684809,0.000519284185310271,0.552643942996753,4
"20721",2.90737740401019e-06,1.3159786583089e-05,0.000144483690562205,0.999839449145451,4
"20723",0.0023294525586749,0.219473214782602,0.00713063733979348,0.77106669531893,4
"20725",0.000253286931887626,0.996340792460754,0.000265326747847667,0.00314059385951061,2
"20727",0.991384408753566,0.00843530141520645,0.000171502141757377,8.78768946997109e-06,1
"20729",0.000459209080530105,0.99946197339351,4.86218815461693e-06,7.39553378051779e-05,2
"20731",3.94054476005262e-05,0.998954420542599,0.000195806310837147,0.000810367698963497,2
"20733",3.0609909967988e-05,0.134774132062078,0.00495610811662557,0.860239149911329,4
"20735",2.06834122361267e-05,0.590116193899344,0.0198592646769417,0.390003858011479,2
"20737",0.0654320486048557,0.934494924186031,6.06447636732003e-07,7.24207614770042e-05,2
"20739",0.998983899284874,0.00101543567916222,1.16619939790588e-07,5.48416023880904e-07,1
"20741",0.0465646857771109,0.940861010469927,0.00016245705356576,0.0124118466993968,2
"20743",0.000578356584889081,0.993269155104851,6.83959671355844e-05,0.00608409234312454,2
"20745",5.72533873792311e-06,0.000192648183217341,0.000412370904498008,0.999389255573547,4
"20747",0.000377831271403933,0.999533573917597,5.59741079416082e-06,8.2997400204429e-05,2
"20749",0.000864915700432854,0.999087429024664,6.53623483433577e-06,4.1119040069098e-05,2
"20751",0.000953346144294992,0.995804489529502,0.00318566280806473,5.65015181386776e-05,2
"20753",0.000428107462734204,0.999414818568538,6.92434497536226e-06,0.000150149623752608,2
"20755",0.0769427895380993,0.922521743294904,5.79299938624804e-06,0.000529674167610583,2
"20757",0.570289689773869,0.216894872650076,4.03675480196729e-05,0.212775070028036,1
"20759",0.000302799416984657,0.000264711749063575,4.41300721900147e-05,0.999388358761762,4
"20761",0.00270421394892546,0.960163030537469,0.000152153836357793,0.0369806016772475,2
"20763",0.00995195558233482,0.898404228229914,0.00147209961263592,0.0901717165751148,2
"20765",0.00612189776833256,0.988948960094361,0.000134792367682053,0.00479434976962418,2
"20767",7.19048214951916e-06,0.0649908100544759,0.000493664268698491,0.934508335194676,4
"20769",3.95296810570819e-07,0.0638075921905707,0.628772746363324,0.307419266149295,3
"20771",0.213887273157591,0.682131068619451,1.56699545620828e-05,0.103965988268396,2
"20773",0.0386246212253832,0.908337635190009,0.000518375973325455,0.0525193676112822,2
"20775",0.000155252295009065,0.997081849597002,0.00027872541908325,0.00248417268890582,2
"20777",0.000860841729235235,0.612188400433049,0.352865186497418,0.0340855713402971,2
"20779",5.10390969919227e-05,0.998466163727951,9.92890265931368e-05,0.0013835081484642,2
"20781",0.0385064777119231,0.0123210313781359,0.94913980804783,3.26828621111515e-05,3
"20783",0.00472717258934264,0.970327688393092,2.4825184697414e-05,0.0249203138328677,2
"20785",0.811307358078804,0.187252176655512,3.26930864876378e-05,0.00140777217919639,1
"20787",0.0252747987565816,0.974344421918281,6.14289235190955e-07,0.000380165035901877,2
"20789",2.87286888514431e-05,0.649225403214151,0.00114614851504891,0.349599719581949,2
"20791",0.072650742289205,0.927324996377511,1.98209878456e-06,2.22792344993338e-05,2
"20793",1.37822870230215e-05,0.709806130368159,0.000881339018210556,0.289298748326607,2
"20795",0.197553101483271,0.802076102280686,5.11756126539879e-06,0.000365678674777623,2
"20797",0.994048851462243,0.0020764301599615,0.00387284765331275,1.87072448299964e-06,1
"20800",0.00408590472055324,0.995611565588384,5.75460896168777e-05,0.000244983601445435,2
"20802",0.00279504292481332,0.9851817509975,0.000109617493404811,0.0119135885842819,2
"20804",0.00597241384212089,0.993980186420402,8.90424737405786e-07,4.65093127392953e-05,2
"20806",0.292570859738484,0.707409827761096,1.4085448531904e-06,1.7903955567387e-05,2
"20808",6.36861183424808e-07,0.0219723538570238,8.85801682117615e-05,0.977938429113581,4
"20810",0.459105350871376,0.539452700045979,3.34677585493077e-05,0.00140848132409599,2
"20812",0.0085315150655987,0.972593283014841,0.0107863939377884,0.00808880798177172,2
"20814",0.568803777072219,0.431184451157578,3.17023799943859e-07,1.14547464025662e-05,1
"20816",1.43681696369656e-05,0.0778923639132632,0.012019730097243,0.910073537819857,4
"20818",0.0049906487767284,0.982985623210498,0.000229110113758037,0.011794617899016,2
"20820",0.999635516638088,0.000363151270348813,3.78549395884292e-07,9.53542166938393e-07,1
"20822",0.00217058077174053,0.990774570383827,4.00869853653107e-05,0.00701476185906776,2
"20824",0.636632993840759,0.361771947215742,4.99275303041801e-05,0.00154513141319534,1
"20826",0.993070251967699,0.00692199094135919,1.65168721218373e-06,6.10540372933866e-06,1
"20828",0.999850270679629,0.000147027616557723,7.71722361343118e-07,1.92998145179744e-06,1
"20830",0.000861349950647246,0.999060279262885,9.46450342933719e-06,6.89062830384131e-05,2
"20832",0.0467180466841395,0.545503541953246,0.000381677900080507,0.407396733462534,2
"20834",3.3466583407097e-06,0.0383799084277365,0.00196406491975368,0.959652679994169,4
"20836",7.67446825417773e-05,0.99921652300808,4.05960968134385e-05,0.000666136212565017,2
"20838",0.0688116356396955,0.931169161400263,7.88069543171547e-07,1.84148904980313e-05,2
"20840",0.000200105808458301,0.130772929645004,0.000492497589887473,0.86853446695665,4
"20842",0.000289246160514791,0.999194218728353,1.70104055795022e-05,0.000499524705552079,2
"20844",0.00290972160352526,0.963922670560807,9.44195564156956e-06,0.0331581658800261,2
"20846",0.732445552329162,0.253694307127603,7.51591644804836e-05,0.0137849813787536,1
"20848",0.00129486277789884,0.823718384743638,0.00100755767594452,0.173979194802519,2
"20850",0.00626215466626892,0.0253037960516582,6.07643467841049e-05,0.968373284935289,4
"20852",0.0371649015439057,0.0132911861182305,0.00111076005719838,0.948433152280665,4
"20854",0.916904301951219,0.0830600256426057,6.85395936688608e-06,2.88184468080428e-05,1
"20856",3.14359680208202e-05,0.0271903414310595,0.956716980994607,0.0160612416063127,3
"20858",1.71733498860319e-05,0.00103328831429233,0.000965383679415969,0.997984154656406,4
"20860",5.17045459233207e-05,0.987760995951563,0.000109395938635802,0.0120779035638779,2
"20862",1.34419188049118e-07,0.000390971164823887,3.75247039534736e-05,0.999571369712035,4
"20864",0.993521156145408,0.00641609527335507,1.61200373282891e-05,4.66285439083928e-05,1
"20866",5.3211633756407e-08,1.80614842767076e-06,0.00128291843104771,0.998715222208891,4
"20868",0.000127916995515691,0.0102926711507329,0.00299538831613642,0.986584023537615,4
"20870",0.0045034478085363,0.967374781051043,0.00119027183446355,0.0269314993059573,2
"20872",0.00631912098426785,0.992945360381057,3.23668388481067e-05,0.000703151795827533,2
"20874",0.998710937012266,0.00128832272696635,3.27516208506758e-08,7.07509147417101e-07,1
"20877",1.02090128081771e-06,0.0138193086309909,0.0189892518810879,0.96719041858664,4
"20879",4.54436823930667e-08,0.000567811002586912,0.00270459814285644,0.996727545410874,4
"20881",0.00384954958050769,0.996019877056447,1.48315882012787e-05,0.000115741774843944,2
"20883",0.0334148599170901,0.966363023794217,0.00015422415151876,6.78921371747386e-05,2
"20885",0.00206661872921928,0.997575136220992,6.97027997523593e-05,0.000288542250035869,2
"20887",1.0421912252604e-05,0.596741667945641,0.00513464576912501,0.398113264372981,2
"20889",0.000222461651467516,0.997351846019234,0.000806510199676703,0.00161918212962147,2
"20891",1.55998535811198e-07,0.00027325913169458,0.0036212014490445,0.996105383420725,4
"20896",2.97626687720472e-05,0.291362171873911,0.0793816403328556,0.629226425124461,4
"20898",0.000111199041911324,0.99341951217701,7.96559658421533e-05,0.00638963281523715,2
"20900",0.680087374934232,0.211550306309307,0.108344737198338,1.75815581224976e-05,1
"20902",1.99899066063482e-07,0.0425204805239649,0.832667540964802,0.124811778612168,3
"20904",0.980901733393678,0.00627116556916064,0.000883877426127466,0.0119432236110339,1
"20906",1.59919018503859e-06,0.00938831054812436,0.0192838093353155,0.971326280926375,4
"20908",0.310681390815297,0.661627696699212,0.000129871458744429,0.0275610410267473,2
"20910",0.0105279711758363,0.980165754401208,2.39304243659267e-06,0.00930388138051928,2
"20912",0.000339825679108041,0.0540162465635089,0.945598582144077,4.53456133057789e-05,3
"20914",3.11167838812648e-09,4.24496332293382e-05,0.0109750368502637,0.988982510404829,4
"20968",0.982104392687412,0.0159516367282433,0.00101103181931174,0.000932938765032857,1
"20970",0.00139195230890908,0.0263370525230202,0.000649133348481365,0.971621861819589,4
"20981",0.000198100460021025,0.0171591455781464,8.24911158906665e-06,0.982634504850244,4
"20983",0.992302365301061,0.00769686054896893,5.54718452112524e-08,7.18678124759405e-07,1
"20988",0.000177848855619972,0.0022202679285427,0.000107051693838871,0.997494831521999,4
"20995",0.00442452241398669,0.057884075908362,0.786521240964483,0.151170160713168,3
"21017",0.0529796419082142,0.79974052409289,3.82171054388199e-05,0.147241616893457,2
"21038",7.23685449947851e-07,0.00593500288142174,0.00760179240376263,0.986462481029366,4
"21072",0.000374890904479952,0.0229274563436431,0.00536786309889001,0.971329789652987,4
"21075",1.86664115493321e-08,0.00114986244301924,0.0634440279166509,0.935406090973918,4
"21223",0.000582816864890731,0.953060894501757,0.00177310752821757,0.0445831811051342,2
"21225",8.84640262392163e-08,3.37997422224456e-05,0.999873554407191,9.25573865602337e-05,3
"21230",0.994998743051955,0.00500052609878687,5.90408196616579e-08,6.71808438585462e-07,1
"21236",0.00291317160999343,0.9928794103499,3.97574575651773e-05,0.00416766058254101,2
"21238",0.000151304087285529,0.463125833246729,0.462595305569154,0.0741275570968315,2
"21241",0.00107760431587441,0.000546426428640609,0.000329639840737568,0.998046329414747,4
"21246",0.000272395259933268,0.0248498410487837,1.81642962835797e-05,0.974859599394999,4
"21253",0.957995878572088,0.0419713335166936,5.2016271432384e-06,2.7586284075188e-05,1
"21256",0.201425491010392,0.793269699176399,0.000208885939306128,0.00509592387390229,2
"21260",1.28750002597892e-06,1.20312332482014e-05,0.995717416378054,0.00426926488867173,3
"21266",1.746130758631e-05,0.0188256606264901,0.000259612919003018,0.98089726514692,4
"21332",4.93716296658534e-05,0.00784381335513026,4.1628347520366e-05,0.992065186667684,4
"21334",6.22482247850825e-05,0.990955123973656,0.00271143807399272,0.0062711897275665,2
"21375",1.48236189439535e-06,0.000159832857719716,0.000466588104810721,0.999372096675575,4
"21378",2.01879793219455e-07,5.8783318829806e-06,0.00265370844353367,0.99734021134479,4
"21381",1.26937969026221e-05,0.000260090475656979,0.010470436756389,0.989256778971051,4
"21389",0.0174137197860219,0.98221449321116,2.60837914960767e-06,0.000369178623668159,2
"21391",0.0326410810419404,0.00759387953278442,0.000468724318186215,0.959296315107089,4
"21402",1.28927437365035e-05,0.00304898596481387,4.60639432683519e-06,0.996933514897123,4
"21404",4.65832001014026e-07,0.0207714980550361,0.345589914119515,0.633638121993448,4
"21409",3.78861771796398e-06,0.0676599207551741,0.0458705373490278,0.88646575327808,4
"21413",3.41503778986779e-06,0.813280855085423,0.0318987903388684,0.154816939537919,2
"21423",1.11407748236971e-06,0.000535106114750335,0.00247857999892643,0.996985199808841,4
"21425",5.57412405578726e-06,0.230742238789363,0.0261668292291783,0.743085357857403,4
"21430",4.55015708743468e-05,0.00870066890010263,0.987851549412403,0.00340228011661968,3
"21432",1.93937283892699e-05,0.0524557785685038,0.000132105838480815,0.947392721864626,4
"21438",0.000615142426488644,0.000873130882812095,0.000590669217828648,0.997921057472871,4
"21440",9.16131168955792e-05,0.191114724280583,0.00241538331953727,0.806378279282984,4
"21443",0.0102567835791283,0.989488637559365,4.84908588048934e-06,0.00024972977562666,2
"21445",4.44664221306201e-06,0.000680902007171129,0.99882454942357,0.000490101927046,3
"21447",7.39238513056763e-07,4.98741096511277e-05,0.00296044781920631,0.996988938832629,4
"21449",1.35634575399191e-05,0.000835904770224256,5.97616006357641e-06,0.999144555612172,4
"21451",1.35634575399191e-05,0.000835904770224256,5.97616006357641e-06,0.999144555612172,4
"21455",1.60314017398242e-06,0.000917939210137644,6.34056386156986e-06,0.999074117085827,4
"21469",2.72368888468088e-08,1.00842912126602e-05,0.122399628576273,0.877590259895625,4
"21471",5.30336079489204e-07,0.000632305442107575,0.26428075564257,0.735086408579243,4
"21473",0.478435043002453,0.458217891710287,0.00593802016689277,0.0574090451203669,1
