"","V1","V2","V3","V4","best$classification"
"19811",0.0153479033971543,0.967578872643685,0.0170207085022141,5.2515456946218e-05,2
"19813",3.02013305104653e-08,2.28532132892071e-10,0.999999969570137,3.17169988461468e-20,3
"19815",0.394792395007947,0.596905381002399,0.00830222398948586,1.6739324357695e-13,2
"19817",0.0390540659430399,0.960186786973956,0.000754716489061891,4.43059394180126e-06,2
"19819",0.311109275119752,1.77290187368459e-33,0.688890724880248,1.78018621379684e-27,3
"19821",0.151120031374387,0.699441576675561,0.149361555404331,7.68365457203791e-05,2
"19823",0.00216412444287573,8.72651175590185e-05,0.99774861043956,5.42456586446125e-15,3
"19825",2.97016309824694e-07,2.46027905620958e-33,0.999999702983671,1.91103644140015e-14,3
"19827",0.0236406005744052,0.152727379392736,0.012648516433038,0.810983503599821,4
"19829",0.848545543298971,1.98758900843019e-17,0.15145445213383,4.56719848113132e-09,1
"19831",0.0445067058853872,1.46294749313404e-27,0.955493294114613,4.2018781249489e-35,3
"19833",1.38199022033338e-16,1.32549896741088e-63,1,1.02974569752386e-45,3
"19835",0.151120031374387,0.699441576675561,0.149361555404331,7.68365457203791e-05,2
"19837",0.0428600333561049,0.680798207848602,0.00208696421415051,0.274254794581143,2
"19839",0.0920230610284193,9.5736084761529e-19,0.9079768148566,1.24114981007444e-07,3
"19841",4.53769886845006e-10,2.92429463926653e-22,0.726228974858657,0.273771024687573,3
"19843",0.0161930294575875,9.54281317220698e-34,0.983806970542413,1.55674109488859e-40,3
"19845",5.63198128358155e-05,0.337201423907031,0.662742256280133,2.06570416764602e-19,3
"19847",0.589904996339985,0.279529546774375,0.13056545688564,3.63238183401121e-16,1
"19849",2.82664480101663e-09,8.1007860502363e-07,0.99999918709475,5.05137586609623e-18,3
"19851",0.00382304226951461,0.994844803236724,0.00132881973909382,3.33475466766635e-06,2
"19853",5.1518626682524e-07,0.0044177147906714,0.995581770013077,9.9851774821585e-12,3
"19855",0.00171155505434164,0.96578705560247,0.0324500083035879,5.13810396006679e-05,2
"19857",0.776683257041636,0.186895439812363,0.0364105368666974,1.0766279303612e-05,1
"19859",0.292446948932544,0.686252468113301,0.021080432886249,0.000220150067905984,2
"19861",0.00044089980231097,0.987885576085014,0.011673519761603,4.35107145464679e-09,2
"19863",4.65319026377595e-15,1.46720228155787e-16,0.999996872590642,3.12740935285964e-06,3
"19865",1.88451395067141e-06,0.00025286354539012,0.00101713003119999,0.998728121909459,4
"19867",0.0300429485096814,0.956184353067213,0.0137726984231055,8.6355913166919e-18,2
"19869",5.65504623392845e-08,0.000214406129766966,0.999782902192561,2.63512721003194e-06,3
"19871",0.280369342534145,0.704794472201933,0.00360800440014184,0.0112281808637802,2
"19874",0.000365003543113119,0.992705582144172,0.00661622096816926,0.000313193344545162,2
"19876",2.3944090721354e-05,0.999595659631441,0.000359132142607357,2.12641352304376e-05,2
"19878",0.610214154591032,1.47752690631077e-19,0.389785845408968,1.21417978303394e-21,1
"19880",1.13076954344787e-09,5.30293827560044e-07,0.000250312928468934,0.999749155646934,4
"19882",0.00142235747694357,0.123033054420343,0.875544588089253,1.34599633439653e-11,3
"19885",0.433929397684576,0.564572248892303,0.00149712367010061,1.22975301969775e-06,2
"19907",0.0142138299820296,0.82186971613522,0.163916453882748,2.4369223401095e-15,2
"19909",0.992025446811278,3.95310229593612e-11,0.00797455314919046,3.41039079460593e-18,1
"19911",0.965639042189591,8.59987255507346e-14,0.0343607917384793,1.66071843889291e-07,1
"19913",3.74002035930254e-12,2.14645501050241e-13,0.000328876787335352,0.99967112320871,4
"19915",0.000237435716696872,0.0104748109845686,0.000430120178594243,0.98885763312014,4
"19917",0.000448933621510519,5.57441973903557e-06,0.00569223265530183,0.993853259303449,4
"19919",0.0575722328890816,0.738826912912667,0.00339051507800443,0.200210339120247,2
"19921",0.00808442296002249,0.991465674510103,0.00044990219828138,3.31593599730588e-10,2
"19923",0.816106637935787,3.7314471711003e-08,0.183893324749742,2.56827918614131e-22,1
"19925",0.000177420961763673,0.000788662768115841,0.000834854843213866,0.998199061426907,4
"19927",0.0397615696565326,0.958341379174221,0.00189705087773872,2.91507895182474e-10,2
"19929",1.69204305482729e-14,6.01455804094528e-10,0.965539726180854,0.034460273217673,3
"19931",0.843451340575415,0.132349086789136,0.0241995725919819,4.34675968211286e-11,1
"19933",0.99430575953552,1.52184104961568e-05,0.00567901973742194,2.31656127600094e-09,1
"19935",0.969532962945287,0.000274052596331233,0.0301929844421194,1.62627206076045e-11,1
"19937",0.0156783725032858,0.98315178278264,0.00116984470921216,4.86165425227877e-12,2
"19939",0.941682016441403,0.0227425177471187,0.0355754639807001,1.83077794554988e-09,1
"19941",0.711752865428621,1.3984437830542e-18,0.288246082916487,1.05165489215859e-06,1
"19943",3.58826126192648e-07,0.000235613403278757,0.00353407008865368,0.996229957681941,4
"19945",0.990147155059211,3.36516050117008e-07,0.00985250803676582,3.87973205510684e-10,1
"19947",0.00037530071435361,9.75581932781578e-17,0.999623237560645,1.46172500143904e-06,3
"19949",0.967789906276605,1.10496429434037e-07,0.0322099832269656,1.44656157961248e-22,1
"19951",0.361652713274406,2.49240501103687e-05,0.153501815762841,0.484820546912643,4
"19953",0.0114897469840196,8.59214285012917e-25,0.988510253015981,1.40137495317404e-37,3
"19955",0.28675342010117,3.0675112219253e-18,0.71324657989883,6.71170267179436e-29,3
"19957",0.0126457884075033,1.1461070111283e-06,0.986116760878896,0.00123630460658922,3
"19960",0.785398317608549,1.69157493311309e-18,0.21460168239145,9.07639411805872e-16,1
"19963",4.53555457643976e-14,2.9433000129163e-37,0.999999999999952,2.80707796933979e-15,3
"19965",0.967359507240332,9.84451491087465e-28,0.0326404927596676,7.28138390359176e-33,1
"19968",1.08777859643691e-05,5.81860136910324e-09,0.998888051873249,0.00110106452218484,3
"19971",3.35008470703346e-10,1.57091759950123e-38,0.999999462107553,5.37557438376429e-07,3
"19973",0.013880927743238,0.984686660440262,0.000224585654699666,0.00120782616180078,2
"19975",0.000415588248657511,4.53129492461052e-05,0.0142080689834389,0.985331029818658,4
"19977",2.40515119483746e-09,3.50654132454262e-31,0.999999997007834,5.87014374766999e-10,3
"19979",0.968259498806974,2.10732279312813e-35,0.0317405011930262,1.22717488606354e-22,1
"19981",0.987840163799552,0.00739478768073169,0.00476504840780345,1.11913536013488e-10,1
"19983",0.973748532486813,0.0128427989587886,0.0134086685542378,1.60933669809275e-13,1
"19985",0.000198816292348139,0.847414118111752,0.00225003613808099,0.150137029457819,2
"19987",0.917901910841524,0.0113821474517278,0.0529751956490064,0.0177407460577421,1
"19989",0.959997273906586,4.46405229903657e-26,0.0400027260934141,2.55327004410621e-34,1
"19993",0.972240110883722,8.80636745035986e-09,0.0277595256948221,3.54615088184587e-07,1
"19995",0.992799993870378,1.83423322737863e-08,0.00719997153166533,1.62556242205646e-08,1
"19997",0.0123559678624353,0.986404907712486,0.00122085493299125,1.82694920878636e-05,2
"19999",5.3535837164986e-05,0.00106024103720218,0.0016578696680983,0.997228353457534,4
"20002",1.38339058486102e-13,5.55567316603105e-27,0.999999999932486,6.73756029368014e-11,3
"20004",0.936797287509564,4.16441565506702e-09,0.0632027082405537,8.54665578581886e-11,1
"20006",0.157890976361992,2.44208888839654e-23,0.842109023638008,1.25686510485089e-18,3
"20008",0.31981672943993,8.87273177962999e-23,0.68018327056007,2.83245189798392e-20,3
"20010",0.966300367388183,1.8692617451542e-10,0.0336996324248906,5.15695823610192e-17,1
"20012",0.00051307130417088,4.90742093631976e-06,0.868014008705042,0.13146801256985,3
"20015",0.942029106322117,1.21936107086644e-26,0.0579708936778834,1.92018870836666e-29,1
"20017",0.000760518663406261,0.998098319649705,0.000939155406177158,0.000202006280711797,2
"20019",0.931960458050495,3.51792058636389e-45,0.0680395419495053,2.40183099205349e-37,1
"20022",0.98642203237377,2.58433768034381e-10,0.0135779673677946,1.10038693200252e-15,1
"20024",0.00194788770144185,1.58523494942699e-43,0.998052112298558,7.48458850381038e-52,3
"20026",0.00194788770144185,1.58523494942699e-43,0.998052112298558,7.48458850381038e-52,3
"20028",0.000363063453339806,0.978074223119074,0.00160019151489077,0.0199625219126957,2
"20030",0.710239169893701,1.37727327554095e-23,0.289760830106299,1.69482480968098e-16,1
"20033",0.142988115629351,0.0229887490089171,0.010171115183808,0.823852020177923,4
"20035",0.901221144605905,7.47451171630105e-43,0.0987788553940951,1.34499647279911e-40,1
"20037",0.983528507505495,3.69406861169199e-39,0.0164714924945044,3.90155146843123e-42,1
"20039",4.24541446493183e-09,2.91346350509518e-53,0.999999995754586,2.0009903008332e-73,3
"20041",0.967379673289865,6.68201361430122e-12,0.0326203267034528,5.82263275919873e-17,1
"20044",0.802942497880912,8.45493491127056e-15,0.197057502119061,1.93394951505051e-14,1
"20047",0.541811562534115,3.82641004432975e-52,0.458188437465885,1.83427997464522e-32,1
"20050",0.731926573925412,6.22544562578675e-19,0.268073426074588,9.70488222140869e-18,1
"20052",0.835564837595101,0.00756428426843655,0.0255693564962952,0.131301521640167,1
"20054",0.962867485275792,3.54054853583609e-16,0.0371325147242079,7.48809874684328e-18,1
"20056",8.44231131281077e-05,2.75366379678279e-11,0.0896294693684417,0.910286107490893,4
"20058",0.966598963801552,1.51977852747896e-25,0.0334010361984481,5.07962594630158e-39,1
"20060",0.148360629886781,0.836878194624771,0.0147609785718124,1.96916635955631e-07,2
"20062",0.973250381630743,0.0217254070566363,0.00502408524214245,1.26070477671969e-07,1
"20064",0.996713810039996,1.72772630710598e-08,0.00328531418621286,8.58496528260846e-07,1
"20066",0.668359004200917,1.23187092457017e-35,0.331640995799083,1.80806076552524e-24,1
"20068",0.0212765152449044,0.976265415618824,0.00245806886467531,2.71595905006838e-10,2
"20070",0.376990382160627,0.55343235311754,0.0695772647218279,5.16737748212115e-15,2
"20072",0.669432422729768,1.65888789768344e-22,0.330567577270232,2.0869459649891e-37,1
"20074",2.33769368681931e-14,1.36066462889997e-12,0.00501909748168922,0.994980902516927,4
"20076",0.00934895272915306,6.81613494583089e-06,0.963997130489251,0.0266471006466502,3
"20078",0.994107346664644,2.50500959091735e-11,0.0058926532585701,5.17359498081207e-11,1
"20080",0.987887501262225,2.74699113390353e-35,0.0121124987377754,5.68717693973973e-28,1
"20082",2.38536443986512e-05,2.95652895029477e-35,0.999976146355601,6.76990841419821e-40,3
"20084",0.780972585364808,2.7280125275315e-17,0.219024883288903,2.531346289968e-06,1
"20087",0.986003999279056,3.54670083002599e-11,0.0139960006854769,3.93652732469873e-22,1
"20090",0.971725270544266,9.90706268858855e-34,0.0282747294557337,1.32305092451946e-28,1
"20092",0.00375273834350222,5.59203047339745e-15,0.996247261656492,3.26034342611724e-47,3
"20096",0.0687027485133597,7.52307913281364e-10,0.931297250734318,1.39777721449412e-14,3
"20098",0.0578604357309312,0.492754463246149,0.00761446369111259,0.441770637331807,2
"20101",0.985189241739577,8.08916752555835e-29,0.0148107582596666,7.56646098473462e-13,1
"20104",1.29221117494019e-09,2.07572930438443e-14,0.999999998707768,2.27152343762166e-33,3
"20106",0.992107632668236,1.18022096050142e-17,0.00789236732557986,6.18414818756144e-12,1
"20108",0.077568181564862,0.918636102284202,0.00369630240124003,9.94137496956851e-05,2
"20110",0.126694174209991,5.37360420650146e-11,0.873302866160798,2.95957547474652e-06,3
"20112",0.986568364393309,1.46730577697074e-16,0.0134316356066909,1.36725037763691e-16,1
"20114",0.924089349252954,3.28925920312418e-13,0.0758514607246111,5.91900221064119e-05,1
"20116",0.913313488856775,3.14355573116627e-13,0.0866805361136922,5.97502921835425e-06,1
"20118",0.961500319892933,0.0100914174616813,0.00746484859857226,0.0209434140468134,1
"20120",0.860736525247699,5.76218007896313e-20,0.139263474745708,6.59372745959701e-12,1
"20122",5.18257216826395e-07,2.5293762953806e-07,0.000944550164521506,0.999054678640632,4
"20124",0.93702417847926,2.61268306848223e-31,0.0629758215207402,4.41926519825844e-34,1
"20126",2.37774077985125e-08,4.75071970468812e-50,0.999999976222592,6.9202888313896e-51,3
"20128",6.37564387419494e-05,1.57830617170541e-71,0.999936243561258,5.3997472833363e-59,3
"20141",2.27951961631097e-05,2.38287523991252e-07,0.999976966516313,8.77487767455072e-19,3
"20143",5.17370349054929e-11,1.94341701096681e-24,0.992840353427833,0.00715964652043008,3
"20145",0.988575330618369,1.33946782851846e-10,0.0114246692469351,7.49068627396239e-13,1
"20147",0.997813118809177,2.42180191153786e-12,0.00218688118703291,1.36813508676492e-12,1
"20149",6.60428479248688e-07,9.63844121325918e-05,0.00505327049929936,0.994849684660089,4
"20151",0.0245116714598831,0.732984086628192,0.00129922345237188,0.241205018459553,2
"20153",0.0201207847107038,1.08181545671593e-08,0.380669047961482,0.59921015650966,4
"20155",0.993767518194061,1.28794518154242e-20,0.00623248180593853,6.71135521716013e-21,1
"20157",0.00610085364719225,0.0868196051700533,0.0334130731760297,0.873666468006725,4
"20160",5.22486057928973e-12,5.99169354534168e-12,0.000150433008182225,0.999849566980601,4
"20162",3.43170742446089e-08,0.000611360832684707,0.000383181672751407,0.99900542317749,4
"20164",0.00536346521385984,1.72178278300511e-07,0.0522380580891031,0.942398304518759,4
"20166",0.0890170760363633,4.01601472186431e-30,0.910982923963636,1.2981024252068e-15,3
"20168",3.40336810521156e-11,1.92705517787274e-27,0.999999999965966,8.38403367936255e-20,3
"20170",0.00162656348405678,3.36704324094587e-05,0.00246710771067019,0.995872658372864,4
"20172",0.989233348891383,5.34116450017064e-11,0.0107666510552048,8.10150145308375e-23,1
"20174",4.83395694433311e-06,0.989575853951321,0.0100100274734776,0.000409284618256614,2
"20176",3.41399177540179e-07,2.42432466505885e-19,0.999999658600822,3.05529369538319e-20,3
"20178",1.588568710903e-12,1.48534737450584e-12,0.000297174196519224,0.999702825800407,4
"20181",0.625402546288092,1.69819392451712e-26,0.374597453705007,6.90114153571185e-12,1
"20183",0.139597586905755,0.848412025496637,0.0119903875918488,5.75963949232017e-12,2
"20186",0.580926816334319,0.00275907396202842,0.416314109703652,2.64685632731744e-32,1
"20188",7.60111698703912e-10,2.76755812176753e-11,0.000776156051269183,0.999223843160943,4
"20190",0.99433179188403,2.59741472546114e-26,0.00566820811597028,1.47914914617594e-23,1
"20193",1.51755322223908e-09,1.14053670221922e-27,0.999995743668959,4.25481348756542e-06,3
"20195",0.105539692603203,2.64887568207332e-07,0.0401058081237554,0.854354234385473,4
"20197",0.991464252378586,2.53844850012092e-14,0.0085357476213888,1.28659395588818e-19,1
"20199",2.93115441398515e-05,1.25352694663223e-06,0.00378965516902132,0.996179779759892,4
"20205",2.86986337084694e-06,1.09003209712224e-31,0.999997130136629,6.03203749179933e-47,3
"20208",0.871813261641548,0.0173100785925354,0.0827314388649862,0.0281452209009309,1
"20210",5.023680849263e-07,0.000136735399773148,0.00024379771524184,0.9996189645169,4
"20212",0.00498127885469534,0.00793955315619115,0.0249338570333103,0.962145310955803,4
"20216",0.983190953889431,5.13200244261824e-15,0.0168090461104329,1.30935297373821e-13,1
"20219",0.54405206699878,6.01265606561319e-17,0.455947933001219,1.14980354054334e-15,1
"20223",0.0325997179271933,6.23612210278906e-44,0.967400282072807,4.00165418947304e-54,3
"20226",0.970317159312427,4.7418167948025e-09,0.0296828314095674,4.53618881680197e-09,1
"20230",0.992876947750994,1.51736078695823e-31,0.00712305224900592,7.73928094671585e-30,1
"20233",2.6598988453168e-12,8.81970534695372e-26,0.99999999999734,1.43256562551075e-34,3
"20235",0.0672964023366604,1.51099464039838e-32,0.93270359766334,2.26172512061838e-46,3
"20239",0.619868855561555,8.00731870805312e-14,0.380131144438365,5.52443242619777e-26,1
"20254",7.57886909150276e-05,1.65404415160739e-43,0.999924211309085,8.14476299336004e-43,3
"20256",0.9858579574954,1.52777615859989e-21,0.0141420425046003,1.05013042934145e-31,1
"20262",0.000441693732229677,0.00618671162673514,0.0003159307781073,0.993055663862928,4
"20270",0.108778296769083,1.19968797448445e-19,0.891221703230913,3.72331242956748e-15,3
"20284",0.101066167346388,1.41788327104164e-06,0.898932414770341,2.36709592366883e-18,3
"20287",0.874606222606526,5.17785893415867e-42,0.125393777393474,7.81275765323903e-44,1
"20290",0.000473280756314268,2.14837209932734e-22,0.999526719243686,1.04445189219945e-21,3
"20293",0.988648254924871,3.72380953080168e-08,0.0113517078350199,2.01389714154548e-12,1
"20296",0.109666830935348,0.00521263851308146,0.488336730431067,0.396783800120503,3
"20301",0.0766922945389893,8.46313259549798e-59,0.923307705461011,3.05621016500213e-29,3
"20304",2.14897304056526e-05,1.01816237686772e-31,0.999978510269594,5.18057670155675e-40,3
"20306",0.965698033863917,3.14048282666327e-30,0.0343019661360829,7.46858182630779e-37,1
"20309",0.978235427739325,1.2051728921046e-09,0.0217645710553786,1.23486274044075e-13,1
"20311",0.968142316015329,1.5604252829393e-17,0.0318576839805587,4.11193635892941e-12,1
"20314",0.123432843319641,0.358185134916307,0.00334432865459071,0.515037693109461,4
"20318",6.16136464217437e-08,1.11932959086964e-21,0.989786383452336,0.0102135549340177,3
"20320",0.522836321650665,7.54887666162583e-06,0.477156129472584,9.02130439083915e-14,1
"20326",0.536498435255581,0.37465251983361,0.0144306961500154,0.0744183487607937,1
"20328",0.717825422216235,6.0103192469871e-05,0.282114474591295,6.11435115416672e-27,1
"20330",0.879873863342092,3.33063436192141e-22,0.120126136657908,1.46907250279522e-26,1
"20336",0.0157319033601878,3.22502275042701e-10,0.98426809631731,4.17345650023158e-28,3
"20338",0.012987018366289,1.79329390930889e-22,0.987012981633711,2.61355180870232e-19,3
"20340",0.835141747350501,2.52367340763589e-33,0.164858252649499,2.70546733797959e-34,1
"20342",1.82480670027731e-11,3.04461594044085e-48,0.999999999981752,5.53423485375212e-36,3
"20344",0.983147537857641,4.43382884779656e-17,0.0168524621423589,5.816618767721e-26,1
"20349",0.99036409267453,5.67752101938031e-24,0.00963590732547026,2.67022154335281e-32,1
"20351",0.954185298470511,1.18409670317942e-10,0.0458147014105229,5.56718846630634e-13,1
"20353",0.96351014836175,4.87319329455015e-29,0.0364898516382505,1.86153667223577e-30,1
"20357",0.000118895933638717,5.37658083126006e-34,0.999881104066361,2.4587769757595e-53,3
"20360",7.54816450725377e-07,2.00333053764489e-39,0.999999245183549,2.45859014770861e-45,3
"20364",0.99055268450658,1.70737227322092e-10,0.00944731532268194,6.03692686089656e-16,1
"20366",6.68749585774187e-05,6.78721157910379e-16,0.999933125041422,1.19263226547009e-32,3
"20381",1.51940125336492e-09,3.21891470377548e-10,0.999999977235241,2.09234662360237e-08,3
"20391",0.018474646053256,1.42993166185079e-12,0.981525353945314,1.32194980902359e-43,3
"20394",0.411742108216834,0.559162176038847,0.0290957012620876,1.44822319898207e-08,2
"20396",6.45405517862893e-06,0.0796869802312512,0.831189511744184,0.0891170539693856,3
"20409",0.837966883040925,2.94189879680266e-09,0.161839740617595,0.000193373399581055,1
"20411",0.871298430310178,3.43135449651024e-21,0.128701569689822,1.98513691807852e-36,1
"20416",5.65492702834664e-05,9.11405700887962e-60,0.999943450729717,1.76024136219369e-69,3
"20418",2.00145807071834e-07,0.00562926767678072,0.354401522833534,0.639969009343878,4
"20420",4.26236892265416e-09,1.48697508513282e-17,0.999999995737631,3.21716204131393e-29,3
"20422",0.937354812005813,7.69436854342674e-26,0.0626451879941866,5.79449835311926e-20,1
"20424",0.957370156153856,6.80952332011022e-21,0.0426298438461435,6.6059417886037e-34,1
"20426",5.24236140176377e-13,2.21671874998273e-44,0.999999999999476,3.07045536581193e-29,3
"20428",0.993346869439984,4.28629136391829e-09,0.00665312627372421,2.60846359828512e-17,1
"20431",0.698649627509425,2.84762613557762e-10,0.301252991057275,9.73811485376494e-05,1
"20433",0.140859597676201,2.39813373173648e-45,0.859140402323799,2.09996870118258e-40,3
"20436",2.97519682133736e-05,3.38764542557756e-26,0.999970248031787,2.19390627527388e-22,3
"20439",8.82576660085144e-06,0.970945470916808,0.0290239556160388,2.1747700552642e-05,2
"20441",0.000503516582764143,3.08652864840833e-29,0.999496483417236,5.70150406925323e-33,3
"20444",1.17967707956118e-10,1.76168238198576e-06,0.000861031928518572,0.999137206271132,4
"20448",0.072622037171387,7.71285128467591e-07,0.927375141839083,2.04970440138425e-06,3
"20536",0.00493211456362233,0.911323200873238,0.0837446845630763,6.36294532959093e-14,2
"20538",0.00823055822213202,1.59415468355446e-14,0.991769441777852,6.89088046132182e-32,3
"20541",0.867367184850511,1.03866426439189e-34,0.132632815149489,1.72775241632996e-34,1
"20544",0.995118888221276,6.30456396217013e-06,0.00487480717307948,4.16820482212925e-11,1
"20546",0.974843390449781,4.4536467609463e-15,0.0251566095502144,6.65816805989266e-29,1
"20550",0.91105114820266,6.12892088173729e-15,0.088948851797326,7.41119382216039e-15,1
"20553",4.77476456021373e-10,1.9200918957362e-94,0.999999999522523,7.7124956641483e-56,3
"20555",1.98693831202415e-09,1.0503140703236e-22,0.999999998013062,2.13625100350827e-44,3
"20557",0.94442742534729,5.00865685276979e-12,0.0555725746470112,6.90554911730543e-13,1
"20559",0.995032687757434,2.33108406489308e-15,0.00496731224255477,9.38798252632295e-15,1
"20561",0.00704034159124847,2.34748130507202e-05,0.00549663447745509,0.987439549118246,4
"20564",1.588568710903e-12,1.48534737450584e-12,0.000297174196519224,0.999702825800407,4
"20566",0.970304043415535,1.00810514707259e-08,0.0296959464949987,8.41444857545274e-12,1
"20569",0.000114481027924071,0.00512087339527151,0.00308491163815969,0.991679733938645,4
"20572",8.97010719428855e-06,2.62983538502879e-08,0.0557524745594144,0.944238529035038,4
"20574",0.993997190777841,3.35801424556649e-21,0.00600280922215915,2.92795083618542e-16,1
"20576",1.06696701114808e-08,2.73330832779964e-12,0.000515454214665486,0.999484535112931,4
"20578",0.998038662724179,4.05117763135359e-06,0.00195653670047593,7.4939771432427e-07,1
"20580",0.993447226000358,3.71807518109909e-06,0.00654905575038147,1.74078956638255e-10,1
"20583",7.73195353412324e-10,1.1882501626381e-10,0.00022818330565899,0.999771815802321,4
"20586",0.983912607788523,1.57361699409132e-07,0.0160872348497774,3.05107578654898e-20,1
"20589",0.990460746396562,1.38590988057818e-23,0.00953925360343766,2.05933047681701e-35,1
"20591",0.0599166406834776,7.81980957163006e-09,0.940083351496713,5.48634858381011e-24,3
"20593",0.941890638275618,1.67792589811439e-50,0.0581093617243823,1.34592305494538e-35,1
"20595",0.992425856499521,2.16422266762129e-13,0.00757414349977296,4.89729707913903e-13,1
"20597",2.72168526455423e-08,0.00621679813551385,0.993783174647633,1.10326956101558e-18,3
"20599",9.96555005832426e-12,2.7727845344008e-14,0.000349233509615187,0.999650766480391,4
"20601",0.14615057774217,0.852653971822384,0.00119503511314297,4.15322302617778e-07,2
"20604",0.993025457437713,2.24208016440174e-31,0.00697454256228729,2.34871256273448e-22,1
"20606",0.987725598025588,1.38244745593252e-27,0.0122744019744118,3.32246743732101e-26,1
"20608",0.986643764975437,6.89925266594846e-20,0.013356235024563,8.52415176970569e-22,1
"20610",3.89162247965891e-06,2.74351970520841e-11,0.00856511334250959,0.991430995007576,4
"20612",2.79395513544780e-11,2.55050793284843e-38,0.99999999997206,3.03450899128467e-40,3
"20614",1.74729598392295e-06,0.000188925556604564,0.000540530086494272,0.999268797060917,4
"20616",0.55717595197088,0.00595755439458226,0.436866196385171,2.97249366973483e-07,1
"20618",7.17678261893595e-05,1.14595201723042e-20,0.999928232173811,1.64837834642485e-24,3
"20620",0.633010575196747,3.34109420359142e-28,0.366989424803253,4.13043920294955e-18,1
"20622",9.28507201206455e-07,1.80130450279106e-11,0.00307356773019753,0.996925503744588,4
"20624",0.719769189382846,1.2266094921485e-22,0.280230810617153,1.28063577170389e-33,1
"20626",0.213540065685232,4.66508240362605e-15,0.786459934314515,2.47844578759254e-13,3
"20628",0.110031807537968,3.80754943797083e-13,0.889968192461651,3.63038528289115e-22,3
"20630",0.945234731488205,4.78920150794406e-16,0.0547652683020346,2.09760244793641e-10,1
"20632",1.59717293320151e-09,1.63301057406602e-06,0.00133827662743274,0.99866008876482,4
"20634",0.992890767837041,2.34906184820121e-26,0.00710923216295867,4.39433877236416e-26,1
"20637",0.00228059572081869,7.69854420704244e-35,0.997719404279181,1.01984506316966e-23,3
"20639",7.41099173260339e-05,1.05730284406069e-08,0.00899040109056577,0.99093547841908,4
"20644",1.95750310110389e-09,5.01437848048051e-84,0.999999998042497,4.35109106438068e-66,3
"20646",9.5046695464235e-05,8.73246802090996e-44,0.999904953304536,2.06439653002626e-35,3
"20648",0.0168816696134012,0.280948023153885,0.00292143585750066,0.699248871375213,4
"20650",0.109574573877526,1.14279659468361e-32,0.890425426122474,2.7252251764674e-39,3
"20653",0.179345114944431,0.000356886558266101,0.820297998431266,6.60367596308524e-11,3
"20658",0.906323669235224,1.30422971601131e-22,0.0936763307647757,3.50343383930173e-34,1
"20661",5.58038760611013e-06,4.64275438945623e-24,0.999994419612394,1.08401589638515e-45,3
"20663",0.99052165429733,0.00142344553868715,0.00805490016397776,5.22700310791088e-15,1
"20665",2.80414190105057e-11,1.81671237700064e-13,0.000966347505084195,0.999033652466693,4
"20667",0.671392257504885,3.6370128721283e-09,0.328607738858062,3.90032993730058e-14,1
"20669",9.7066985204208e-07,0.0526002716752182,0.94739875765493,3.15685263631453e-17,3
"20671",0.330325580177611,9.32792283392569e-19,0.669674419822388,9.24369591085135e-16,3
"20673",7.73483150852157e-09,0.019973716372283,0.980026275891062,1.82378717314287e-12,3
"20675",0.1740084719029,0.419585596462039,0.406405931635062,1.46910407177083e-17,2
"20677",0.970264984486355,0.000668813265692684,0.029066202247952,1.79911342450737e-17,1
"20679",5.08397404215047e-07,0.190166588288634,0.809832037935113,8.65378849047088e-07,3
"20681",0.000752615939387486,0.995392603045466,0.00385478101514675,1.24461622173348e-16,2
"20683",0.934756491412513,3.16462555480342e-06,0.0652403439619317,1.90765103225103e-16,1
"20685",1.51308687086879e-08,1.06092936999303e-17,0.999999984869131,9.18041707021669e-31,3
"20687",6.37367642143499e-05,0.972684922575865,0.0007525101476815,0.0264988305122387,2
"20689",6.91751901397959e-10,3.93746640746814e-64,0.999999999308248,1.66524337884064e-71,3
"20691",2.41204194441863e-09,5.31292842614588e-06,0.000869746725395113,0.999124937934137,4
"20693",0.928387902834871,8.19936436733715e-30,0.0716120971651294,5.6128950755923e-37,1
"20695",0.12228424424454,0.675203467852361,0.0265129616054651,0.175999326297634,2
"20697",0.980847379996519,1.16619809838856e-22,0.0191526200032406,2.40035772521563e-13,1
"20699",0.987208855409977,0.000657775288326942,0.0121333693016497,4.61580405578976e-14,1
"20701",0.985806012965519,4.83824483443216e-10,0.0141939865506562,1.72628891384667e-26,1
"20703",3.03296891668597e-11,6.03412833276924e-17,0.99999999996967,2.96868279284384e-26,3
"20705",0.962182188205531,1.05168125933285e-18,0.0378178117944694,2.31324622720639e-25,1
"20707",0.102748104047015,0.892060643443109,0.00519121398783623,3.85220396798358e-08,2
"20709",0.21435988276783,1.05871002020629e-06,0.783070574832475,0.00256848368967488,3
"20713",0.00160724678602083,0.000259533665705698,0.998133219542739,5.53450691326787e-12,3
"20715",1.16139036559242e-06,2.50593261517399e-71,0.999998838609634,3.98410427266884e-26,3
"20717",0.0135135559192595,0.97530020141944,0.0105106843869313,0.000675558274368889,2
"20720",0.989810289710755,1.74185539211144e-15,0.0101897102892421,9.21646817337445e-16,1
"20722",0.986179683652582,5.69971469864498e-10,0.013820315777416,3.10572145986636e-14,1
"20724",0.00107451105368079,0.998032583818786,0.000207085394150845,0.000685819733382687,2
"20726",0.94763173912154,1.19804145158051e-29,0.0523682608784599,1.90049744932194e-35,1
"20728",0.000316285669389432,0.998913147666195,0.000770566661047584,3.36833699447737e-12,2
"20730",0.0236137020100194,0.968560516155213,0.0015641410493627,0.00626164078540461,2
"20732",0.120026601814554,6.45165848125498e-24,0.879973398185446,9.49482639811494e-31,3
"20734",0.992263214141329,0.000440296172515776,0.00729648967800087,8.15418778363027e-12,1
"20736",4.75821519372518e-05,9.0169422563944e-05,0.000743812600335345,0.999118435825163,4
"20738",4.0370456490741e-07,7.31780583827356e-41,0.999999596295435,3.25038815456589e-23,3
"20740",0.0321213633618083,9.85989774036934e-15,0.967878636638182,9.75821813091601e-49,3
"20742",0.0283676308410018,0.871169036748527,0.100463332410428,4.27427825225135e-14,2
"20744",6.85707527637485e-08,0.000149373914866658,0.00456380599885706,0.995286751515524,4
"20746",0.896297909678882,0.0984908215260858,0.00521126873629239,5.87398754184725e-11,1
"20748",0.00097109760894777,0.970638114465815,0.000797884120575506,0.0275929038046616,2
"20750",0.015249209237639,0.391715053170586,0.00436828949730448,0.58866744809447,4
"20752",0.992454696529343,3.47517532662594e-08,0.00754526871890322,4.58242704137632e-21,1
"20754",4.12210381200234e-08,0.00103815958396003,0.998961799194337,6.65312454280593e-13,3
"20756",0.889301897663326,0.00753498288192851,0.029412641732859,0.0737504777218861,1
"20758",7.28014960079043e-06,5.39293700619992e-16,0.99999271968631,1.64089060412782e-10,3
"20760",0.000303627807304438,0.983589059204903,0.000996849874410782,0.0151104631133816,2
"20762",1.22119616962762e-07,0.00280596288501301,0.997193914995369,5.95491871305072e-16,3
"20764",0.000127240929784682,0.205195454560772,0.0891420952602416,0.705535209249202,4
"20766",0.001404461122458,0.683243821989875,0.00132889144313033,0.314022825444537,2
"20768",0.00320300590301877,0.00304989658974589,0.000689585246993178,0.993057512260242,4
"20770",0.106967976609318,0.00170119410612793,0.891330829284554,1.98163378788966e-16,3
"20772",0.99148625360643,8.20740357959e-27,0.00851374639357029,8.62140787967304e-23,1
"20774",0.0262057749104556,6.17498142512839e-59,0.973794225089544,8.20341535085551e-56,3
"20776",0.895228314812085,0.00844959751243556,0.0963220876754796,2.72968724833208e-22,1
"20778",7.11642268501179e-05,2.4849531805603e-74,0.99992883577315,2.05963779761452e-49,3
"20780",7.39699574633841e-12,3.19957608895439e-15,0.999999999992359,2.41033303367432e-13,3
"20782",2.22649335339372e-09,0.000256261935844205,0.99974373583447,3.19209984856086e-12,3
"20784",1.20394126452055e-06,0.000708704109099026,0.999290091949626,1.06059726343011e-14,3
"20786",6.6827546416757e-12,4.71450033992354e-11,0.0293065970644088,0.970693402881764,4
"20788",0.123275756670062,0.873729404717348,0.00299482986427502,8.74831518156065e-09,2
"20790",0.000305749335168766,0.971601952205335,0.0280258575063697,6.64409531269915e-05,2
"20792",0.640171489309651,2.02902761673914e-05,0.359654508572151,0.000153711842030119,1
"20794",2.18506425118133e-05,0.988776202965101,0.0110480873180491,0.000153859074337825,2
"20796",0.990087862065862,2.43846600941887e-22,0.00991213793413766,3.6659073539996e-30,1
"20798",1.588568710903e-12,1.48534737450584e-12,0.000297174196519224,0.999702825800407,4
"20801",1.84061594773101e-06,8.5759034167525e-23,0.99997169644164,2.64629424126149e-05,3
"20803",0.910113253332761,0.0521304080739302,0.0377563385857982,7.51038301512535e-12,1
"20805",0.99184744648648,8.87140722987078e-05,0.00806383944122082,2.27304691860064e-16,1
"20807",1.588568710903e-12,1.48534737450584e-12,0.000297174196519224,0.999702825800407,4
"20809",0.0816366035231775,0.0115212310822015,0.906842165394617,3.94219364256414e-15,3
"20811",0.00024624251769999,1.81529036455546e-19,0.999753301125166,4.56357133760614e-07,3
"20813",0.373260278417392,2.9751126639803e-10,0.626732687982077,7.03330302033784e-06,3
"20815",1.39285089190809e-14,1.49816077209106e-15,0.61424585963331,0.385754140366675,3
"20817",0.00273403104291642,0.997007990389667,0.000241853232513803,1.61253349031921e-05,2
"20819",0.973068873138342,0.00275259643409102,0.0241785304275668,3.18674685304236e-18,1
"20821",4.11078620359849e-09,1.17732792185763e-42,0.999999995889214,9.29271335238089e-27,3
"20823",0.990057802524092,0.00192671933600173,0.00801545620240595,2.19374999768689e-08,1
"20825",0.00124713683145458,0.997833321550022,0.000919161848219798,3.79770303777807e-07,2
"20827",0.0372356791267675,2.04755623607376e-06,0.372226587457777,0.590535685859219,4
"20829",0.316079093704867,1.64464879087209e-30,0.683920906295133,9.60270658636875e-27,3
"20831",0.00702605180511302,0.989146097045654,0.00382784889964759,2.24958532964699e-09,2
"20833",2.83328177424271e-12,1.29823721958927e-06,0.999998701756943,3.0038340294206e-12,3
"20835",0.00441233895531272,0.987121270758049,0.00228063439717718,0.00618575588946059,2
"20837",0.0453186960846751,0.934311957623226,0.00953535639038654,0.0108339899017124,2
"20839",0.00150315379881817,0.995502352343444,0.000781510150436967,0.00221298370730091,2
"20841",0.359683466617537,3.49953126869084e-12,0.640316533378963,5.47396538977552e-29,3
"20843",0.167630641905952,0.826117824420576,0.00625153367326483,2.07531964764625e-13,2
"20845",0.261943109755202,0.362440705475521,0.374491992275855,0.00112419249342292,3
"20847",0.989865764476866,8.51124536320309e-06,0.0101257242730135,4.75714811815153e-12,1
"20849",0.981525224880905,5.67389015132206e-07,0.018474203286229,4.44385124339078e-09,1
"20851",0.977302560869221,4.76110570835525e-08,0.0226973915197201,1.73227808049337e-15,1
"20853",0.920321201216013,1.74381540186677e-22,0.0796787987839866,1.1062174218509e-28,1
"20855",0.879807917192704,6.59514351328665e-24,0.120192082807293,2.40266965183463e-15,1
"20857",0.982429809046485,0.000429651450391851,0.0171405392571972,2.45925911655776e-10,1
"20859",0.996295493546764,1.26691411107575e-10,0.00370450632483577,1.70853058668347e-12,1
"20861",4.38241982271803e-07,1.78539794785691e-15,0.999999561758016,1.60624316723414e-22,3
"20863",0.000107854406168846,0.000904939927836653,0.00166496907301961,0.997322236592975,4
"20865",0.00835107144859565,0.957525913232029,0.0341230152671238,5.22519436971898e-11,2
"20867",0.449572670103738,4.54117613021401e-56,0.550427329896262,6.76888560221198e-46,3
"20869",0.00230670841048596,0.000653812545648118,0.00553979277494462,0.991499686268921,4
"20871",0.0285071860447253,6.5755513221324e-50,0.971492813955275,6.74296027256828e-25,3
"20873",0.719283108277326,2.2695976672962e-35,0.280716891722674,2.76991966793603e-17,1
"20875",0.993886644551046,9.73845679994154e-14,0.00611335544885673,4.50849595480599e-18,1
"20878",1.54967193035266e-14,4.61522086150785e-15,0.999006258835265,0.000993741164715063,3
"20880",1.794605067587e-12,3.31821908911829e-10,0.999999999633386,3.2997279564822e-11,3
"20882",0.934599875917224,3.45980423966016e-28,0.0654001240827757,3.56007460405518e-27,1
"20884",0.0155892627308248,0.945478030430148,0.00406045171379896,0.0348722551252278,2
"20886",0.00424388086478372,0.000563968380592576,0.00201070463274076,0.993181446121883,4
"20888",1.89261626796739e-08,0.682613308637379,0.31736244712437,2.42253120885568e-05,2
"20890",0.00873072906416369,0.938899176044123,0.000428006789777451,0.0519420881019356,2
"20892",0.97597177987493,1.39179007853342e-06,0.0240268283349902,8.90654637760621e-16,1
"20897",0.946734780170384,8.22109844477218e-05,0.053182949705548,5.91396197855118e-08,1
"20899",0.941896601434035,0.03337772925042,0.0247111537921293,1.45155234156157e-05,1
"20901",1.60409084949569e-10,8.47079139807617e-45,0.999999999839591,5.49744166498646e-53,3
"20903",2.68399859910534e-05,6.68203873142259e-65,0.999973160014009,6.43686749242058e-28,3
"20905",0.000429114347255548,5.15860671520687e-31,0.999570885652744,5.6019427710063e-21,3
"20907",0.877198860969074,5.29555945788891e-21,0.122801139030926,2.14717302683403e-32,1
"20909",0.362661679526789,2.06938852599232e-07,0.637338092575165,2.09591938544412e-08,3
"20911",1.79062621331576e-11,4.12935118678962e-68,0.999999999982094,1.6741734435644e-69,3
"20913",0.816556507808057,0.115467553076977,0.0679697977530013,6.14136196494029e-06,1
"20962",0.997661372924426,1.16206153394929e-06,0.00233746500453356,9.50672790354763e-12,1
"20969",0.837255033414861,5.76814010154828e-18,0.16274495584524,1.0739898290613e-08,1
"20980",0.990535915499184,4.75444309710814e-08,0.00946403669753018,2.58855538306555e-10,1
"20982",0.99524732256037,7.54487906502175e-11,0.00475267736418087,2.04916373248094e-21,1
"20984",0.562117242669534,0.013158347401892,0.424724393295465,1.66331089283044e-08,1
"20994",0.963949236803897,4.58077000365097e-17,0.0360507631959756,1.2721850651117e-13,1
"21015",0.000392129797985074,0.253751839747841,0.735304982810953,0.0105510476432208,3
"21023",0.864556794987202,9.51119106853446e-25,0.135443205012798,1.91291263122714e-30,1
"21040",0.147694418060406,5.92699223979438e-14,0.852305581939535,6.56132912676943e-36,3
"21073",0.799220169327029,3.56376486482431e-08,0.200779795034754,5.67896434437849e-13,1
"21222",0.0175703768564918,0.966881418961345,0.0020574973540397,0.0134907068281236,2
"21224",0.963304818069253,0.0197868171749839,0.0169082832518681,8.15038950912148e-08,1
"21228",0.000274756755165923,5.49999820089042e-24,0.999725243238401,6.43351674371238e-12,3
"21232",0.978744145961241,8.29437549519104e-22,0.0212558540387594,5.98266574277653e-31,1
"21237",0.0573394996927658,9.80437885295772e-36,0.942660500307234,1.3957407170104e-27,3
"21240",0.00148829837292689,0.998126411818925,0.00038481242468481,4.77383463215691e-07,2
"21245",0.000487356684082747,0.982688579879434,0.000350880066803682,0.0164731833696794,2
"21252",0.930361422537212,3.53524349340658e-16,0.0696385774627876,5.20947200247494e-35,1
"21254",0.641569192078849,1.54681312655421e-13,0.358430807920996,1.80759981199466e-23,1
"21258",0.886190613589716,1.85451878283081e-11,0.113809385833694,5.58045160283302e-10,1
"21264",0.300036846573618,0.466620346399861,0.0101526051614028,0.223190201865119,2
"21305",0.00339767905489938,8.5352724671853e-09,0.996602312407827,2.0009976596494e-12,3
"21333",0.978884245220374,8.12222265134931e-10,0.0211157539674041,4.86078380591215e-27,1
"21366",0.78661726416064,0.14839050070529,0.0649922332838796,1.85019010904968e-09,1
"21377",6.07208357903884e-07,8.22974246730511e-08,0.00132148486390938,0.998677825630308,4
"21380",2.03398784809283e-09,2.28604578682902e-42,0.999999997966012,1.71145648124715e-29,3
"21387",9.20617833944042e-13,1.48692775713758e-65,0.999999999999079,1.52733544545644e-75,3
"21390",0.8907971499178,5.99582196099575e-17,0.1092028500822,3.8821772942737e-30,1
"21392",0.957682395784694,4.06843732402297e-07,0.0423171972795759,9.19973532339871e-11,1
"21403",0.979986770973237,1.0207730545525e-12,0.0200129166185494,3.12407192794285e-07,1
"21408",0.958895548564619,3.48683825209489e-23,0.0411044514353808,1.47258692900283e-18,1
"21412",0.000203487285371087,3.74166589903166e-29,0.999796512714629,1.90878809488718e-22,3
"21421",0.948224776839388,0.0422871909611121,0.00948800391316635,2.82863334170403e-08,1
"21424",0.00376040037904581,3.77839329783803e-39,0.996239599620954,1.88731439295734e-42,3
"21429",0.989022391619999,2.45525854487105e-17,0.0109776083799925,8.03301332483786e-15,1
"21431",0.974113671796667,0.000280147453267494,0.0256061793619459,1.38811935806317e-09,1
"21436",3.20281992595169e-05,8.86868014896155e-06,0.999959103120591,3.55923944826042e-18,3
"21439",0.998728167719124,1.3017118172598e-08,0.00127155598930883,2.63274448659468e-07,1
"21442",0.892143113231314,0.000125289641512783,0.106278216765635,0.001453380361539,1
"21444",0.000610695640487073,0.996958739663566,0.00243056459081808,1.05128933893864e-10,2
"21446",2.9608174407073e-14,4.32389166841076e-17,0.999959257695109,4.07423048614399e-05,3
"21448",2.82541167054898e-13,2.70992850924044e-27,0.999999999999718,3.81167160626986e-40,3
"21450",0.619285798123597,3.31617708196179e-14,0.380714201555024,3.21345163211385e-10,1
"21452",0.926173368992088,1.28747994063773e-14,0.0738266310078988,2.28523950159301e-24,1
"21466",0.825938328052044,1.26993591513663e-29,0.174061671947956,1.16241771144249e-41,1
"21470",0.996558493940574,1.92717469134735e-08,0.00344148678548721,2.19209813953791e-12,1
