"","V1","V2","V3","best$classification"
"19811",0.0309047556921626,0.0776886272731476,0.89140661703469,3
"19813",0.999998642673572,3.37834129078316e-07,1.01949229934057e-06,1
"19815",0.00938224997443894,0.914739250706322,0.0758784993192394,2
"19817",0.00131727659245576,0.142522664696561,0.856160058710983,3
"19819",0.763384656229244,0.236615343770745,1.05430891963173e-14,1
"19821",0.0723519746123758,0.170010641689336,0.757637383698288,3
"19823",0.990536041172985,0.00819685296215124,0.00126710586486361,1
"19825",0.999999717782309,2.82217679224711e-07,1.17046405840134e-14,1
"19827",0.00361001759049365,0.0121982939171623,0.984191688492344,3
"19829",0.191167296479703,0.808823232995462,9.47052483508069e-06,2
"19831",0.96142426659596,0.0385757334040297,1.02100266516297e-14,1
"19833",0.999999999999999,7.46852093897931e-16,6.96386270225684e-22,1
"19835",0.0723519746123758,0.170010641689336,0.757637383698288,3
"19837",0.00111116564871369,0.0385075861398938,0.960381248211392,3
"19839",0.928870786492433,0.0711216481315629,7.56537600421689e-06,1
"19841",0.753852737257431,8.38145910411521e-10,0.246147261904423,1
"19843",0.979226257607865,0.0207737423921347,5.53530156296175e-19,1
"19845",0.945196144246665,0.00137078058246725,0.0534330751708673,1
"19847",0.0707163607106337,0.927394164512714,0.00188947477665208,2
"19849",0.999877001573727,7.27509086988223e-08,0.000122925675363899,1
"19851",0.004083237465617,0.0523648343293794,0.943551928205004,3
"19853",0.957907996656422,2.51920143229785e-05,0.0420668113292549,1
"19855",0.0397156911047874,0.0117808692240242,0.948503439671188,3
"19857",0.0351858877570903,0.682688266364742,0.282125845878168,2
"19859",0.00858511404971226,0.177179861223749,0.814235024726539,3
"19861",0.120808450723696,0.0353699261470502,0.843821623129253,3
"19863",0.996401196468103,4.8619564216565e-14,0.00359880353184836,1
"19865",0.00143631670053975,3.86973896919214e-06,0.998559813560491,3
"19867",0.0769793767379248,0.89250236731638,0.0305182559456949,2
"19869",0.982746852696212,1.48162213762866e-06,0.0172516656816508,1
"19871",0.00207794847276987,0.169924454302693,0.827997597224537,3
"19874",0.00968966753826162,0.00142084755327646,0.988889484908462,3
"19876",0.00230714868116224,0.000758585771030948,0.996934265547807,3
"19878",0.296919888346821,0.703080111649643,3.53601401596792e-12,2
"19880",0.000631831505303637,7.81658466561019e-09,0.999368160678112,3
"19882",0.843649241271347,0.0126387838187569,0.143711974909896,1
"19885",0.00179384491798085,0.702163631109562,0.296042523972457,2
"19907",0.486183024731503,0.387598533773646,0.12621844149485,1
"19909",0.00763523999777403,0.992364704146096,5.58561301128161e-08,2
"19911",0.0552815728363757,0.944681669355516,3.67578081086918e-05,2
"19913",0.00682856247420958,1.50761832258708e-10,0.993171437375029,3
"19915",0.000467606845103289,0.000605295648751686,0.998927097506145,3
"19917",0.0083305412527384,0.00058891204038333,0.991080546706878,3
"19919",0.00104681523372141,0.0246831586266144,0.974270026139664,3
"19921",0.0044786120813903,0.264130458345732,0.731390929572877,3
"19923",0.103021020963987,0.896978474267009,5.04769003761364e-07,2
"19925",0.000811734401578168,0.000245045186211927,0.99894322041221,3
"19927",0.00457464919862097,0.300243599499951,0.695181751301428,3
"19929",0.569824565176822,7.89956315250586e-14,0.430175434823098,1
"19931",0.012358687138663,0.967289249679261,0.020352063182076,2
"19933",0.00471652650065543,0.995197005877415,8.64676219296511e-05,2
"19935",0.0238582126923024,0.976105374244942,3.64130627555583e-05,2
"19937",0.00848792165034338,0.365680105273065,0.625831973076591,3
"19939",0.0164285098029989,0.964882270223939,0.018689219973062,2
"19941",0.392460093872187,0.6075258244088,1.40817190130983e-05,2
"19943",0.00259647600753725,4.78171036467794e-07,0.997403045821426,3
"19945",0.0100821886610011,0.989883220452665,3.45908863339446e-05,2
"19947",0.998144050836178,0.000326864746662959,0.00152908441715897,1
"19949",0.0205001001053892,0.979499845790719,5.41038913295786e-08,2
"19951",0.0786095831494382,0.190865448859828,0.730524967990734,3
"19953",0.987531319499759,0.0124686805002385,2.45722409246864e-15,1
"19955",0.651167525153247,0.34883247172707,3.11968322659758e-09,1
"19957",0.770870003430175,0.00960604212463264,0.219523954445192,1
"19960",0.251567408247657,0.748432563493938,2.82584044198598e-08,2
"19963",0.999999996950528,1.88756233215302e-13,3.0492828429058e-09,1
"19965",0.0487885482829345,0.951211451717065,9.08233911122481e-16,2
"19968",0.995441273023127,1.53305048851223e-05,0.00454339647198786,1
"19971",0.999969171084814,4.37506791870834e-10,3.0828477679756e-05,1
"19973",0.000400000274041755,0.047304761652254,0.952295238073704,3
"19975",0.0079913249012264,0.000246210946915988,0.991762464151858,3
"19977",0.999998799181572,4.6660695197417e-09,1.19615235805639e-06,1
"19979",0.0356144404068748,0.964385559593122,3.51518890315232e-15,2
"19981",0.00447234916137896,0.989018780369713,0.00650887046890801,2
"19983",0.00975036875063572,0.985654242676205,0.00459538857315939,2
"19985",0.000813772378872186,0.000157859480513098,0.999028368140615,3
"19987",0.0422148146652842,0.933064160985982,0.0247210243487337,2
"19989",0.0505494460859496,0.94945055391405,6.45758181940702e-18,2
"19993",0.0213913566609798,0.978492678602864,0.000115964736155779,2
"19995",0.00845569986324552,0.991535982985674,8.31715108000679e-06,2
"19997",0.00306463800858259,0.0798271867992972,0.91710817519212,3
"19999",0.0166940002706415,0.00215766526495404,0.981148334464404,3
"20002",0.999999981251066,9.75398838718258e-13,1.87479581237411e-08,1
"20004",0.0519942345282448,0.948005695288719,7.01830366811132e-08,2
"20006",0.864094594345338,0.135905404799313,8.55348882805041e-10,1
"20008",0.697117724913633,0.302882275045576,4.07909976417863e-11,1
"20010",0.0290851040163631,0.970914834500181,6.14834558675803e-08,2
"20012",0.420462477180303,0.000663301399185416,0.578874221420512,3
"20015",0.0564070328124426,0.943592967187557,5.33973581742191e-17,2
"20017",0.00157008166764308,0.00406118895253978,0.994368729379817,3
"20019",0.0770786892008798,0.92292131079912,5.06120740530646e-23,2
"20022",0.012321068779079,0.987678827899477,1.0332144367274e-07,2
"20024",0.998845364038284,0.00115463596171632,8.36985222863731e-27,1
"20026",0.998845364038284,0.00115463596171632,8.36985222863731e-27,1
"20028",0.0010368177155284,0.000993638359358741,0.997969543925113,3
"20030",0.309211054063367,0.690788945934591,2.04253495822921e-12,2
"20033",0.0131096278631695,0.209876537280869,0.777013834855961,3
"20035",0.123819765259969,0.876180234740031,6.6033991753239e-24,2
"20037",0.0190931584073784,0.980906841592622,1.68487750639598e-21,2
"20039",0.99999999402515,5.97485042187094e-09,1.45795550385515e-29,1
"20041",0.0389054731392734,0.961094237516739,2.8934398762307e-07,2
"20044",0.252234413055789,0.747765039294904,5.4764930635349e-07,2
"20047",0.490264540754107,0.509735459245893,1.03233042980434e-19,2
"20050",0.262196975345118,0.737803020573099,4.08178321420195e-09,2
"20052",0.0161433765997726,0.550154352942082,0.433702270458145,2
"20054",0.037469256992558,0.962530740707839,2.29960303576901e-09,2
"20056",0.736795430387524,0.00104484146717544,0.2621597281453,1
"20058",0.0403267875939213,0.959673212406079,6.33059850102264e-19,2
"20060",0.0260277618502235,0.951201014890672,0.0227712232591043,2
"20062",0.00382222884065282,0.977855730123187,0.01832204103616,2
"20064",0.0035004449926582,0.99643379848087,6.57565264714439e-05,2
"20066",0.346217982854685,0.653782017145314,1.03425924323379e-15,2
"20068",0.0124317360297116,0.402924933295178,0.584643330675111,3
"20070",0.0590446647686938,0.880689619677895,0.0602657155534108,2
"20072",0.323024764260564,0.67697523573939,4.59682502487239e-14,2
"20074",0.0125029450040577,2.19613213704397e-13,0.987497054995723,3
"20076",0.667653658117843,0.0043202918280499,0.328026050054107,1
"20078",0.00812192985790141,0.99187693954017,1.13060192862231e-06,2
"20080",0.012919337609217,0.987080662390783,1.49169538403986e-17,2
"20082",0.99998089235402,1.91076459795876e-05,1.50193352521748e-17,1
"20084",0.28147124965049,0.7184644783769,6.42719726098255e-05,2
"20087",0.0169694167366499,0.983030577888154,5.37519643501113e-09,2
"20090",0.0306270465014476,0.969372953498552,6.51454694867583e-17,2
"20092",0.994592306349064,0.00540769364686062,4.0751811641602e-12,1
"20096",0.925629022655088,0.0743611544692835,9.82287562844223e-06,1
"20098",0.00217421584539942,0.0272388891986356,0.970586894955965,3
"20101",0.0203865358813576,0.979613462536335,1.58230706754167e-09,2
"20104",0.999999984578707,1.47920763396648e-08,6.2921640301621e-10,1
"20106",0.0075739250037071,0.992426064145895,1.08503976409537e-08,2
"20108",0.0079212910790971,0.366711434295592,0.625367274625311,3
"20110",0.850477037265168,0.14605471049367,0.00346825224116162,1
"20112",0.01413409221057,0.985865903515328,4.27410217080086e-09,2
"20114",0.100442605824507,0.89899659294699,0.000560801228503054,2
"20116",0.109445489608303,0.890279571484726,0.000274938906970924,2
"20118",0.00707492132601861,0.808928535141221,0.18399654353276,2
"20120",0.173604596947609,0.826395401001221,2.05116962088261e-09,2
"20122",0.0019235997874963,1.02494089075961e-06,0.998075375271613,3
"20124",0.0783259725581069,0.921674027441893,1.31252870144635e-16,2
"20126",0.999999972914451,2.70855487764908e-08,2.0222938370412e-21,1
"20128",0.999946784424051,5.32155759485741e-05,1.40264125418771e-28,1
"20141",0.999866513004627,0.000100349005513994,3.31379898587612e-05,1
"20143",0.907749594163012,9.46028823688194e-11,0.092250405742385,1
"20145",0.0109495596888641,0.989050264748541,1.75562594414655e-07,2
"20147",0.00232575939932065,0.997674090283961,1.50316718659034e-07,2
"20149",0.00648982319465518,1.15976269913978e-06,0.993509017042646,3
"20151",0.000542879034641555,0.0196244810066975,0.979832639958661,3
"20153",0.368236341175091,0.0304729548184692,0.60129070400644,3
"20155",0.00568802390458134,0.994311976060964,3.44545301457367e-11,2
"20157",0.0494005957934093,0.0263950105322765,0.924204393674314,3
"20160",0.00138284572450147,9.88819411762059e-11,0.998617154176617,3
"20162",0.000358393313757259,8.78863724956533e-08,0.99964151879987,3
"20164",0.0401086013019308,0.0049878360015678,0.954903562696501,3
"20166",0.930063869557807,0.0699361303402678,1.01925763535533e-10,1
"20168",0.999999999367823,1.03630252988559e-10,5.28546434724009e-10,1
"20170",0.0241184453866733,0.020442884139848,0.955438670473479,3
"20172",0.0105368814515156,0.989463115815376,2.73310773675132e-09,2
"20174",0.0086742921694477,2.56587998787043e-05,0.991300049030673,3
"20176",0.999999105286444,8.91341094240455e-07,3.37246160894212e-09,1
"20178",0.0042974089343654,5.20012827546877e-11,0.995702591013633,3
"20181",0.449128992958861,0.550871003660803,3.38033592228e-09,2
"20183",0.0323902853849035,0.851117215512952,0.116492499102144,2
"20186",0.191659087076293,0.808324500170807,1.64127529003508e-05,2
"20188",0.00290564968944919,6.35768739557236e-09,0.997094343952863,3
"20190",0.0059168035057355,0.994083196494257,7.22816355710658e-15,2
"20193",0.999955709741744,2.1345621217598e-09,4.42881236944153e-05,1
"20195",0.0573444194780652,0.148224298919149,0.794431281602786,3
"20197",0.00860385783707168,0.991396140079563,2.08336561085054e-09,2
"20199",0.0147301450077107,0.000194726332675601,0.985075128659614,3
"20205",0.999996558694635,3.44130536449616e-06,4.28303802187169e-17,1
"20208",0.0385633530006645,0.676792553276121,0.284644093723214,2
"20210",0.000360258948036679,1.70320955758866e-06,0.999638037842406,3
"20212",0.00724479418975119,0.00260757586378574,0.990147629946463,3
"20216",0.0183355424636508,0.981664456662447,8.73901749268468e-10,2
"20219",0.505237109329144,0.494762836054746,5.46161101452719e-08,1
"20223",0.958979833896017,0.0410201661039829,1.15353927483047e-23,1
"20226",0.0206865185994769,0.979294273072357,1.92083281660148e-05,2
"20230",0.00833940976694776,0.991660590233052,4.79895834090223e-17,2
"20233",0.999999999969846,2.99649667448851e-11,1.89050131596934e-13,1
"20235",0.934072425795831,0.0659275742041692,2.53892035834035e-18,1
"20239",0.314044325367271,0.685955673923981,7.08748542472684e-10,2
"20254",0.999940092630851,5.99073691492884e-05,1.99242777780836e-20,1
"20256",0.0161836758052007,0.983816324194512,2.87306840740431e-13,2
"20262",0.00047584129841999,0.00103903832586194,0.998485120375718,3
"20270",0.865451683127839,0.134548316809047,6.31134542352709e-11,1
"20284",0.787676620083155,0.212322675099527,7.04817317946065e-07,1
"20287",0.118186531924411,0.881813468075589,5.38682082640769e-23,2
"20290",0.99925722601324,0.000742773976795494,9.96430180877141e-12,1
"20293",0.0122411363835097,0.98774681928465,1.20443318404335e-05,2
"20296",0.24391305656137,0.0467935895406048,0.709293353898025,3
"20301",0.927417768858315,0.0725822311416846,1.88713956246677e-19,1
"20304",0.999982711182792,1.72888172072401e-05,1.17916593989067e-16,1
"20306",0.0465923901932261,0.953407609806774,5.3297798405666e-18,2
"20309",0.0193247245472215,0.980671468456695,3.80699608309917e-06,2
"20311",0.043766129385493,0.956233865422993,5.19151410614103e-09,2
"20314",0.00120392795600616,0.0666209415428496,0.932175130501144,3
"20318",0.991858213027029,1.07323856137642e-07,0.00814167964911458,1
"20320",0.266370393579334,0.733502151559424,0.000127454861241861,2
"20326",0.00716913775785866,0.348612548707878,0.644218313534263,3
"20328",0.113024685928691,0.886968670673685,6.64339762425499e-06,2
"20330",0.109843320645363,0.890156679353613,1.0239085592849e-12,2
"20336",0.979763724383735,0.0202362523854275,2.32308378842898e-08,1
"20338",0.991670762884732,0.00832923694505025,1.70218193128163e-10,1
"20340",0.169607472102124,0.830392527897876,1.9301896234428e-17,2
"20342",0.999999999931493,6.85070496673989e-11,1.14155473061234e-17,1
"20344",0.0190397173021064,0.980960282693391,4.50272563503612e-12,2
"20349",0.0118368251934486,0.988163174806551,5.34323193294896e-16,2
"20351",0.0585033804663753,0.941484510865894,1.21086677303388e-05,2
"20353",0.0428043456630013,0.957195654336997,1.36775659204513e-15,2
"20357",0.999869249151389,0.000130750848611184,1.79590060077262e-21,1
"20360",0.999998233514704,1.76648529634038e-06,1.10246154207635e-17,1
"20364",0.00780454703078634,0.992195363859608,8.91096059668261e-08,2
"20366",0.999895208322729,0.000104791565044935,1.1222590335113e-10,1
"20381",0.999738513887163,7.74230770499018e-09,0.000261478370529887,1
"20391",0.951337185671061,0.0486628143164065,1.25325947330392e-11,1
"20394",0.0282887051389726,0.754458623447268,0.217252671413759,2
"20396",0.280383600665076,2.54286225595056e-05,0.719590970712365,3
"20409",0.153840055038019,0.845793525931988,0.000366419029992517,2
"20411",0.172696453451084,0.82730354654872,1.95943551006416e-13,2
"20416",0.999959860188436,4.01398115638425e-05,8.79791039233364e-30,1
"20418",0.133122833816373,1.00718532173674e-06,0.866876158998305,3
"20420",0.999999972793681,2.67843853968124e-08,4.21933866370665e-10,1
"20422",0.069470152800117,0.930529847199883,2.8766917818222e-16,2
"20424",0.0483561025951335,0.951643897404661,2.05696121599122e-13,2
"20426",0.99999999999793,2.0657192817415e-12,4.2543034136794e-15,1
"20428",0.0092578382525378,0.990741602673515,5.59073947019276e-07,2
"20431",0.223884957018707,0.772678995848349,0.00343604713294394,2
"20433",0.857967183968875,0.142032816031125,7.50115258477205e-22,1
"20436",0.999963314717578,3.66852329760441e-05,4.94454156998018e-11,1
"20439",0.0541004924013214,9.17537812266084e-05,0.945807753817452,3
"20441",0.999549503516183,0.000450496483791713,2.50103351871725e-14,1
"20444",0.00202081081612635,7.70671971509017e-10,0.997979188413202,3
"20448",0.846283014816496,0.143087331411609,0.0106296537718948,1
"20536",0.62395816728077,0.178478435413142,0.197563397306088,1
"20538",0.98809949205902,0.0119005077414973,1.99482274465093e-10,1
"20541",0.155291023643925,0.844708976356075,1.08197141999129e-18,2
"20544",0.00525747936433683,0.99471729734105,2.52232946137063e-05,2
"20546",0.0262268002105896,0.973773199789037,3.7312100095305e-13,2
"20550",0.0854661157720381,0.91453383866329,4.55646717514671e-08,2
"20553",0.999999999494847,5.05152504183172e-10,8.00235242460112e-32,1
"20555",0.999999981460856,1.85391303334509e-08,1.38049403140705e-14,1
"20557",0.0514636723070726,0.948533178034092,3.14965883507677e-06,2
"20559",0.00458345138427437,0.995416547999814,6.15911733601953e-10,2
"20561",0.037085159992662,0.0508059613457771,0.912108878661561,3
"20564",0.0042974089343654,5.20012827546877e-11,0.995702591013633,3
"20566",0.0241522352149471,0.975844714613024,3.05017202892719e-06,2
"20569",0.00495368847196655,0.000854506390436671,0.994191805137597,3
"20572",0.118039176377391,5.36860767298884e-05,0.881907137545879,3
"20574",0.00684127182903274,0.993158727967077,2.03890665901412e-10,2
"20576",0.00173259997770445,3.72194014663978e-08,0.998267362802894,3
"20578",0.00258306276254048,0.995912859503475,0.00150407773398462,2
"20580",0.00593805831564003,0.994054501608423,7.44007593660681e-06,2
"20583",0.00154774068053775,6.68186602807627e-09,0.998452252637596,3
"20586",0.0132487654520498,0.98675122989286,4.65509022709579e-09,2
"20589",0.0102834748123323,0.989716525187664,3.97868872641819e-15,2
"20591",0.866017244376476,0.133981897797658,8.57825866630335e-07,1
"20593",0.053733145330678,0.946266854669322,2.80699521586212e-21,2
"20595",0.00797771309884992,0.992022128361828,1.58539321947909e-07,2
"20597",0.989910238656922,7.6491292811974e-07,0.0100889964301501,1
"20599",0.00264121122715747,1.48366790111299e-10,0.997358788624476,3
"20601",0.00236073653088527,0.521228333394373,0.476410930074741,2
"20604",0.00770597874665934,0.992294021253334,6.23731218423191e-15,2
"20606",0.0116860243341792,0.988313975665821,1.02736404495116e-16,2
"20608",0.0120529714646497,0.987947028530274,5.07632587934235e-12,2
"20610",0.0258032561043845,1.33797838517105e-05,0.974183364111764,3
"20612",0.99999999988662,1.13379640063056e-10,3.51164553167976e-16,1
"20614",0.000568503621869478,3.50147266395875e-06,0.999427994905467,3
"20616",0.204496825511665,0.79548355478283,1.96197055046597e-05,2
"20618",0.999912284861779,8.77148086101449e-05,3.29610757292473e-10,1
"20620",0.448930686458449,0.551069313538233,3.31877741555167e-12,2
"20622",0.00476160811170422,1.41095513331233e-06,0.995236980933162,3
"20624",0.340899439790089,0.659100560209674,2.36440556127717e-13,2
"20626",0.848906277869469,0.151093582293712,1.39836818610773e-07,1
"20628",0.862345615622995,0.13765430571441,7.86625956166391e-08,1
"20630",0.0496882859435035,0.950311476332844,2.37723652774761e-07,2
"20632",0.0053476934783089,2.56561372208079e-08,0.994652280865554,3
"20634",0.00696052161617059,0.993039478383827,2.69059745085921e-15,2
"20637",0.998367095991172,0.00163290400879088,3.66702601122572e-14,1
"20639",0.162566640130165,0.00311297153629726,0.834320388333538,3
"20644",0.999999996563526,3.43647437493718e-09,1.01254572795663e-30,1
"20646",0.999840564694307,0.000159435305693212,1.63789293341114e-16,1
"20648",0.00119157924789262,0.0150440003518764,0.983764420400231,3
"20650",0.913099033020663,0.0869009669793371,6.98358564752371e-18,1
"20653",0.530080808516665,0.469779526177433,0.000139665305901292,1
"20658",0.0862765508414956,0.913723449158495,9.73232606206897e-15,2
"20661",0.999987912526987,1.20874730029838e-05,9.66934455303163e-15,1
"20663",0.00689602584265294,0.992540507692093,0.000563466465254247,2
"20665",0.0138603806608656,5.49298164669001e-10,0.986139618789836,3
"20667",0.312273785273247,0.687723963983482,2.25074327142327e-06,2
"20669",0.933554545615609,2.1758285592826e-05,0.0664236960987983,1
"20671",0.747701650735297,0.252298289001781,6.02629225042548e-08,1
"20673",0.904425713390241,1.98483245830826e-07,0.095574088126513,1
"20675",0.310112188342844,0.687512335221819,0.00237547643533772,2
"20677",0.0182147470758929,0.981782697929355,2.55499475255973e-06,2
"20679",0.575611460635406,6.61341970586864e-06,0.424381925944888,1
"20681",0.0849385849611148,0.131229785515457,0.783831629523428,3
"20683",0.0411627719798437,0.958831976315907,5.25170424976059e-06,2
"20685",0.9999999185692,8.11160904781746e-08,3.14709357271865e-10,1
"20687",0.000833813835623685,0.00017630173756488,0.998989884426812,3
"20689",0.999999998776132,1.22386764275263e-09,1.3364440423094e-28,1
"20691",0.00191877509460164,1.2254950890303e-08,0.998081212650448,3
"20693",0.0882995972811618,0.911700402718838,1.87206105201919e-18,2
"20695",0.00603687118941942,0.0778840705428609,0.91607905826772,3
"20697",0.0193143880708397,0.980685611794539,1.34620767358153e-10,2
"20699",0.0100465993664534,0.989526644724857,0.000426755908690067,2
"20701",0.0156877322528736,0.984312248027384,1.97197426586773e-08,2
"20703",0.999999990140814,1.30845000527788e-09,8.55073629154872e-09,1
"20705",0.0398575286780146,0.960142471321966,1.99334273743156e-14,2
"20707",0.0160156328652931,0.691496264234953,0.292488102899754,2
"20709",0.650435035512448,0.178483068743425,0.171081895744126,1
"20713",0.985690534141242,0.00503340602000387,0.00927605983875407,1
"20715",0.999999142731441,8.5726855924236e-07,4.61805435800454e-17,1
"20717",0.0110127661233859,0.0595302021187622,0.929457031757852,3
"20720",0.014513232473738,0.985486766128482,1.3977799473376e-09,2
"20722",0.0115594273472991,0.98844054048293,3.21697710751419e-08,2
"20724",0.000583152964422089,0.00746041687846145,0.991956430157117,3
"20726",0.048658412631679,0.951341587368321,1.16684280536457e-16,2
"20728",0.00800483674951346,0.027455893261201,0.964539269989286,3
"20730",0.00147802028499136,0.0292511241116669,0.969270855603342,3
"20732",0.795108345004563,0.204891654994889,5.4844180495964e-13,1
"20734",0.00611919229952803,0.99371166640973,0.000169141290741551,2
"20736",0.00245284490998347,0.000314182783205,0.997232972306812,3
"20738",0.999999523073196,4.76926803664426e-07,1.2704431994203e-20,1
"20740",0.95120619606884,0.0487938039294027,1.757126383728e-12,1
"20742",0.272375901123347,0.344556162486463,0.38306793639019,3
"20744",0.00939325164648178,4.69991846143119e-07,0.990606278361672,3
"20746",0.00404040183723228,0.981166669171578,0.01479292899119,2
"20748",0.000570594830044028,0.00206435894037453,0.997365046229582,3
"20750",0.00152036297384347,0.00615990689833818,0.992319730127818,3
"20752",0.0070127093323791,0.992986675693377,6.14974243673545e-07,2
"20754",0.98420097052616,5.93616860115402e-07,0.0157984358569796,1
"20756",0.0131045045566324,0.363983744335086,0.622911751108281,3
"20758",0.999987230757078,9.94401292087891e-06,2.82523000123744e-06,1
"20760",0.00100049152969446,0.00104053957177226,0.997958968898533,3
"20762",0.995349882590992,3.56303775037811e-06,0.00464655437125803,1
"20764",0.0173926658475241,0.000114830985513091,0.982492503166963,3
"20766",0.000415212249635798,0.00163675589769977,0.997948031852664,3
"20768",0.00104508743369645,0.00474205207268215,0.994212860493621,3
"20770",0.734378607499156,0.264486429292612,0.00113496320823243,1
"20772",0.00862053900420756,0.991379460995778,1.45002404963646e-14,2
"20774",0.971603195845098,0.0283968041549023,1.22143709389301e-26,1
"20776",0.0365507070796134,0.959632215479311,0.00381707744107587,2
"20778",0.999937140706535,6.28592934648269e-05,1.76787302708543e-26,1
"20780",0.999995955040028,9.44961859201473e-11,4.04486547591451e-06,1
"20782",0.980321417428022,3.70374550552898e-08,0.0196785455345229,1
"20784",0.998541513742573,2.06541338505313e-05,0.001437832123576,1
"20786",0.0711810704993748,4.84465273381825e-11,0.928818929452179,3
"20788",0.00863979704907376,0.653941509998012,0.337418692952914,2
"20790",0.0490160669720654,0.00196989355047455,0.94901403947746,3
"20792",0.248214462682896,0.714591767554172,0.0371937697629314,2
"20794",0.0340527503553753,0.000223383362618312,0.965723866282006,3
"20796",0.00990176325656847,0.99009823674341,2.19051260984641e-14,2
"20798",0.0042974089343654,5.20012827546877e-11,0.995702591013633,3
"20801",0.999046593389159,1.89139602561925e-06,0.000951515214815101,1
"20803",0.0271389525375998,0.96278556446986,0.0100754829925399,2
"20805",0.00651020234562744,0.993475437827693,1.43598266792964e-05,2
"20807",0.0042974089343654,5.20012827546877e-11,0.995702591013633,3
"20809",0.707134751268203,0.286664122842203,0.00620112588959395,1
"20811",0.999584950458942,0.000415043651157383,5.88990013644461e-09,1
"20813",0.616118758146998,0.382665661199878,0.00121558065312489,1
"20815",0.651014921870648,1.33750385795443e-13,0.348985078129219,1
"20817",0.00096228293200701,0.0313449453596648,0.967692771708328,3
"20819",0.0170657952691674,0.982838689602554,9.55151282786e-05,2
"20821",0.999999992056952,7.94304771109485e-09,4.60277648557362e-17,1
"20823",0.00898723271389567,0.971165497758233,0.0198472695278715,2
"20825",0.00350248522414073,0.020065288717035,0.976432226058824,3
"20827",0.167109712273598,0.028604822014929,0.804285465711473,3
"20829",0.713205948245427,0.286794051754573,6.64989602300446e-20,1
"20831",0.031029508196721,0.252645374398883,0.716325117404396,3
"20833",0.991973464598356,9.51411346751433e-11,0.00802653530650308,1
"20835",0.00153368614631491,0.00946356905980009,0.989002744793885,3
"20837",0.00444505697106245,0.0680285678134212,0.927526375215516,3
"20839",0.00084076017096511,0.00704772073843619,0.992111519090599,3
"20841",0.627742946556487,0.372257025978229,2.74652839529046e-08,1
"20843",0.0117587960403734,0.893056030101835,0.0951851738577917,2
"20845",0.0894023170465853,0.066582936958103,0.844014745995312,3
"20847",0.0116680016184328,0.988247057550378,8.49408311894328e-05,2
"20849",0.0180630772103095,0.981872212989478,6.47098002124599e-05,2
"20851",0.0168816165810401,0.983115567765964,2.81565299591091e-06,2
"20853",0.0743765490050432,0.925623450994892,6.42659299621211e-14,2
"20855",0.156741237754544,0.843258762194868,5.05881677584605e-11,2
"20857",0.0132528262150653,0.986304976427116,0.000442197357818365,2
"20859",0.00378484869938856,0.996214201728684,9.49571927404619e-07,2
"20861",0.999998436864474,1.54790856574742e-06,1.52269599470152e-08,1
"20863",0.00345854447686105,0.000848773477441035,0.995692682045698,3
"20865",0.236864052943691,0.267565044011621,0.495570903044689,3
"20867",0.573844358715051,0.426155641284949,8.17752033332741e-24,1
"20869",0.0218814875528007,0.0131767198028388,0.964941792644361,3
"20871",0.97516702590721,0.0248329740927897,1.42788105771273e-17,1
"20873",0.299393203350952,0.700606796636056,1.29917592100358e-11,2
"20875",0.00698037825959248,0.993019597282375,2.44580331378186e-08,2
"20878",0.998451345774016,3.13032178653615e-13,0.00154865422567123,1
"20880",0.999688884328801,4.03210079568439e-11,0.000311115630877994,1
"20882",0.0733783225145879,0.926621677485412,1.42883110524297e-18,2
"20884",0.00159614550618784,0.0197830578090527,0.97862079668476,3
"20886",0.00364569533709704,0.00992458171054296,0.98642972295236,3
"20888",0.228020305092972,1.70038314862967e-07,0.771979524868714,3
"20890",0.000418333894599489,0.0127980925601397,0.986783573545261,3
"20892",0.0181009388358976,0.981868035346723,3.10258173796452e-05,2
"20897",0.0339615174618087,0.962616632640584,0.00342184989760754,2
"20899",0.0207163803192349,0.960379386097953,0.0189042335828124,2
"20901",0.999999999666958,3.33041880187812e-10,4.10092751206067e-22,1
"20903",0.999974607161567,2.53928384332214e-05,1.36217648634894e-18,1
"20905",0.999660668351838,0.000339331645855479,2.30635288056523e-12,1
"20907",0.116173355294546,0.883826644705266,1.88334666045732e-13,2
"20909",0.551859300324683,0.439799989776331,0.00834070989898666,1
"20911",0.999999999961072,3.89275668774827e-11,1.85736659759571e-31,1
"20913",0.0321281506055434,0.761513584322615,0.206358265071842,2
"20962",0.00247954190935274,0.997486621815511,3.38362751358313e-05,2
"20969",0.208635215920193,0.79136321737584,1.56670396671896e-06,2
"20980",0.0103014883168989,0.989694938007905,3.57367519648024e-06,2
"20982",0.00491352976404396,0.995086437247091,3.2988865408908e-08,2
"20984",0.306756621539431,0.666255773398603,0.026987605061966,2
"20994",0.0364808872606161,0.963519110914561,1.82482241685153e-09,2
"21015",0.0373276114808588,8.15562281643931e-05,0.962590832290977,3
"21023",0.159638827559508,0.840361172440425,6.67717056983798e-14,2
"21040",0.720862860728956,0.279137139270113,9.31339515242378e-13,1
"21073",0.200900569124572,0.799073700963378,2.57299120496471e-05,2
"21222",0.00117636971543781,0.0184226354526965,0.980400994831866,3
"21224",0.0115516078258705,0.986508472116875,0.00193992005725443,2
"21228",0.99951016947958,0.000489672426491743,1.58093928048354e-07,1
"21232",0.0205758880523641,0.979424111947601,3.5144343862441e-14,2
"21237",0.922392413460918,0.0776075865390679,1.39207627157263e-14,1
"21240",0.00311652048163806,0.0411890894063738,0.955694390111988,3
"21245",0.000349593166626999,0.00140593206136345,0.99824447477201,3
"21252",0.0741369330884903,0.925863066911014,4.95438569123173e-13,2
"21254",0.370226253920972,0.629773738300917,7.77811073851472e-09,2
"21258",0.180506827593704,0.819490461523278,2.71088301896118e-06,2
"21264",0.00348168705919414,0.149017184286948,0.847501128653857,3
"21305",0.988413565318827,0.0115665914608695,1.98432203036986e-05,1
"21333",0.0184406644764548,0.981559317945866,1.75776793065585e-08,2
"21366",0.031259576217804,0.960262240810649,0.0084781829715467,2
"21377",0.00404004052229039,2.21970999354878e-06,0.995957739767716,3
"21380",0.999999995079002,4.92099774041309e-09,5.93680516634803e-16,1
"21387",0.999999999997595,2.40494860572024e-12,5.37743798183753e-31,1
"21390",0.110544661444439,0.889455338554432,1.12891056429436e-12,2
"21392",0.0373545029826349,0.962592096074943,5.34009424222513e-05,2
"21403",0.0309365661075861,0.969054522317487,8.9115749271965e-06,2
"21408",0.0381850845610685,0.961814915437967,9.64296727821046e-13,2
"21412",0.999703648849178,0.000296351145205208,5.61658330825585e-12,1
"21421",0.00697445575501376,0.976462528105721,0.0165630161392653,2
"21424",0.997454596798926,0.00254540320107374,2.18412935961682e-20,1
"21429",0.0113631826944211,0.988636815894523,1.41105593755179e-09,2
"21431",0.0167630160110659,0.981893965713668,0.00134301827526564,2
"21436",0.99969331785014,0.000157733899155314,0.000148948250704951,1
"21439",0.0016823238455725,0.998266456208524,5.12199459029275e-05,2
"21442",0.0960322395394548,0.826096208886174,0.077871551574371,2
"21444",0.00835573527407238,0.0182957192083183,0.973348545517609,3
"21446",0.989885724372179,8.57652455156855e-13,0.0101142756269636,1
"21448",0.999999999994587,5.28065049622313e-12,1.31964865663687e-13,1
"21450",0.341018504498338,0.658977850826113,3.64467554954339e-06,2
"21452",0.0870958707612992,0.912904128074275,1.16442609642476e-09,2
"21466",0.216252847959208,0.783747152040792,3.72214755547549e-17,2
"21470",0.00423913063261243,0.995758531115232,2.3382521559003e-06,2
"21472",0.023333148661692,0.976666851333189,5.11936496955805e-12,2
"21474",0.0691503551850205,0.930849458609754,1.86205225084065e-07,2
"21477",0.998659749395773,6.99688136608736e-06,0.00133325372286097,1
"21480",0.999929110517553,7.08894824466647e-05,9.1837908160738e-31,1
"21483",0.00278074822134931,0.0577847132017477,0.939434538576903,3
"21491",0.0142701633412165,0.0399171672606347,0.945812669398149,3
"21494",0.999999999978858,2.11421141596796e-11,4.60180860173459e-28,1
"21499",0.995507997317728,0.00449200268227217,2.99383458794697e-19,1
"21501",0.989906591215995,0.010093408784004,6.75767823172507e-16,1
"21506",0.00458922083006495,0.995409968521238,8.10648697345845e-07,2
"21511",0.983726887513663,0.0162731123933125,9.30246281797724e-11,1
"21513",0.679357122049868,0.320642764599757,1.13350375785452e-07,1
"21521",0.176823947787021,0.823108707254869,6.73449581097089e-05,2
"21523",0.0322841736865856,0.964414950883962,0.003300875429452,2
"21525",0.0176800955155646,0.806868131532084,0.175451772952351,2
"21531",0.0134181793678903,0.98658182063211,5.51420242773992e-18,2
"21536",0.0103499509510175,0.989649495588063,5.53460919026982e-07,2
"21544",0.00374386965084054,0.995625210983001,0.000630919366159029,2
"21547",0.0351759342799689,0.964824065616513,1.03517722003447e-10,2
"21551",0.968624956866895,0.0313740332453987,1.00988770606956e-06,1
"21556",0.095188485444211,0.904811514555789,1.0848159934252e-17,2
"21559",0.999999785608116,2.14391818795829e-07,6.48223846377646e-14,1
"21563",0.491677379119411,0.508322620880589,2.57302328897201e-16,2
"21565",0.00492662231955389,0.995073377680405,4.12805057017156e-14,2
"21568",0.0555086992534693,0.944491300733069,1.34613813426941e-11,2
"21572",0.0827548789970166,0.917245121002983,2.03651460227624e-24,2
"21575",0.993774321926132,0.00622567807386838,8.49047980775868e-22,1
"21577",0.0027570437187503,0.229094729807045,0.768148226474204,3
"21579",0.0083590064623849,0.986704595374864,0.00493639816275146,2
"21581",0.0042974089343654,5.20012827546877e-11,0.995702591013633,3
"21584",0.996463509720596,5.98547406424267e-08,0.00353643042466363,1
"21586",0.00531167871999802,0.888229329391476,0.106458991888526,2
"21588",0.463192840262275,0.536676675130563,0.000130484607161828,2
"21590",0.0399574775131412,0.960042522486506,3.52939392726665e-13,2
"21594",0.999999999999982,9.39043590999393e-20,1.78137400761928e-14,1
"21596",0.000306159873263911,0.00630588722884118,0.993387952897895,3
"21598",0.998545280772916,0.00145471922706851,1.52711698048578e-14,1
"21600",0.0461331031471841,0.461221518010818,0.492645378841998,3
"21602",0.0105884570463102,0.989411194445054,3.48508635535648e-07,2
"21604",0.0189856842121467,0.974059478673629,0.00695483711422472,2
"21606",0.000900452124469095,3.69922946534308e-05,0.999062555580878,3
"21608",0.787416334786986,0.212583393848234,2.71364779637528e-07,1
"21611",0.929873364770947,0.0701265969447176,3.82843352527259e-08,1
"21613",0.0130791872908997,0.986918030079088,2.78263001212438e-06,2
"21615",0.0417373972041901,0.879633142178841,0.0786294606169694,2
"21617",0.00114608866454312,0.0200670102755095,0.978786901059947,3
"21619",0.00621523720454902,0.966063751203369,0.0277210115920824,2
"21621",0.999684112472282,2.90147492845641e-08,0.000315858512969156,1
"21623",0.00180192057854934,0.0189477888032784,0.979250290618172,3
"21625",0.00190871918563176,2.74731909739904e-08,0.998091253341177,3
"21627",0.145660008230693,0.854007467175198,0.000332524594109646,2
"21629",0.0731974632267125,0.793929914488281,0.132872622285006,2
"21631",0.000524880168063634,2.8606461132706e-05,0.999446513370804,3
"21633",0.947207394933861,0.0527926049216245,1.44514876878152e-10,1
"21635",0.662218746836239,0.337781253163748,1.33022920963209e-14,1
"21637",0.610887667812232,0.388642886504346,0.000469445683421924,1
"21639",0.0336151940504856,0.966384747315474,5.86340404276945e-08,2
"21641",0.877732236155949,0.121944438467385,0.000323325376665147,1
"21643",0.00742967968907883,0.992469230716152,0.000101089594768945,2
"21645",0.00107204030054823,0.00679618653106299,0.992131773168389,3
"21648",0.00874404435118141,0.991027668535323,0.00022828711349532,2
"21650",0.999999999837879,1.62121374806544e-10,3.49978799993543e-28,1
"21652",0.0068580919601118,0.993141586500712,3.21539176082595e-07,2
"21654",0.999999728704977,2.71295023148395e-07,4.84893773494085e-20,1
"21656",0.0501513363966402,0.00621305839996658,0.943635605203393,3
"21658",0.00184961148322062,2.88458777249434e-11,0.998150388487934,3
"21660",0.995715874812096,1.46315209866847e-10,0.00428412504158904,1
"21662",0.999998606939532,1.27316787739433e-06,1.19892590618946e-07,1
"21664",0.000361068997959278,0.00159780997611551,0.998041121025925,3
"21666",0.999999961371191,2.84982618731965e-08,1.01305468154875e-08,1
"21668",0.00142893531301131,0.0260272827077032,0.972543781979285,3
"21671",0.114112054202505,0.88588792863387,1.71636251989151e-08,2
"21673",0.922168254015391,1.27611220120919e-05,0.0778189848625968,1
"21675",0.0746918121151003,0.90858293604589,0.0167252518390091,2
"21677",0.00613127239578263,0.993868727604213,4.22573710414133e-15,2
"21679",0.996974961138074,0.00302221944124397,2.81942068187765e-06,1
"21681",0.17769454203812,0.808786212535838,0.0135192454260415,2
"21686",0.0780249188035505,0.921975081196367,8.29077377922048e-14,2
"21689",0.0129202676792305,0.987079732277905,4.28647865268508e-11,2
"21706",0.0149910063161638,0.984989197536164,1.97961476726053e-05,2
"21708",0.0160876857438348,0.983912314256114,5.08787559480581e-14,2
"21711",0.00295269315319201,0.964461687654958,0.0325856191918503,2
"21716",0.999999883767263,1.1623273686385e-07,3.84700275164397e-30,1
"21719",0.0287036159585423,0.971285122982656,1.12610588017707e-05,2
"21722",0.00287819201028498,0.996378603884996,0.000743204104719541,2
"21725",0.00913741687528863,0.990851247664663,1.13354600477995e-05,2
"21728",0.07885057842235,0.921149414496614,7.08103570903363e-09,2
"21732",0.00812386769099194,0.99187605922472,7.30842882881316e-08,2
"21734",0.02560054050522,0.974399459494776,4.1200323082545e-15,2
"21737",0.00951246576700699,0.981602730057555,0.00888480417543788,2
"21740",0.999999905993803,9.29184023355686e-08,1.08779468691457e-09,1
"21742",0.999999999273764,7.26235867966777e-10,1.00974547567593e-28,1
"21745",0.191913392678966,0.807637867332634,0.000448739988399911,2
"21747",0.993760528586714,0.00623947141297893,3.06923549028691e-13,1
"21749",0.0111080876709098,0.00936466669969569,0.979527245629395,3
"21751",0.0360495878718789,0.963950412045008,8.31127653355603e-11,2
"21753",0.947956837754233,0.0520431621961282,4.96382113310159e-11,1
"21756",0.00815897510798611,0.991841024866018,2.59956953897962e-11,2
"21759",0.486660582628501,0.415659340949523,0.0976800764219761,1
"21761",0.072622299213489,0.92737769866683,2.11968111932762e-09,2
"21763",0.94004797729923,0.0594506978631642,0.000501324837606194,1
"21765",0.99996858603415,3.14139658465342e-05,3.40383563453582e-15,1
"21767",0.0305330266497333,0.969466973348514,1.75261673036779e-12,2
"21769",0.941419512061083,0.0585804879389173,2.2897225206505e-23,1
"21771",0.0087934073446044,0.991206592647133,8.26277509865344e-12,2
"21774",0.000628807963385881,0.0034000566473702,0.995971135389244,3
"21776",0.0864916843460552,0.91350831565393,1.47278179074744e-14,2
"21778",0.181632298359812,0.818364283644898,3.41799529026551e-06,2
"21780",1,7.01168704225542e-18,1.16675060939315e-16,1
"21783",0.0117367080880862,0.988223132765728,4.01591461855707e-05,2
"21785",0.0644365708809131,0.935562963501529,4.65617557727924e-07,2
"21788",0.0260839529305472,0.973916047069451,1.50679806611633e-15,2
"21790",0.247392594268733,0.752607405731267,1.91284792671083e-23,2
"21793",0.0265853139872617,0.97341460010576,8.59069784343884e-08,2
"21796",0.0136640057206104,0.975466771446533,0.0108692228328568,2
"21798",0.999992850443031,7.14955696087295e-06,7.72958693949633e-15,1
"21801",0.267443338196492,0.732556661803508,1.97107389537907e-23,2
"21803",0.00786807711884436,0.992126338729423,5.58415173253268e-06,2
"21805",0.999938750024615,6.1249975385182e-05,1.85992472487921e-26,1
"21807",0.999982129021927,1.78570101077592e-05,1.39679652187115e-08,1
"21810",0.0299600465716816,0.970039932757776,2.0670541870878e-08,2
"21812",0.999766616421163,0.000233383578837413,1.67855227145149e-19,1
"21816",0.0192065399249988,0.980793425716415,3.43585862057967e-08,2
"21819",0.999892774267504,0.000107225732495598,4.90979681795512e-20,1
"21821",0.999999977332778,2.25778140712571e-08,8.9408519376903e-11,1
"21823",0.00420615130113279,0.00011275738133836,0.995681091317529,3
"21825",0.0051332511315008,0.994866674063269,7.48052297783885e-08,2
"21827",0.979102428412306,0.0208975715872981,3.95877097851324e-13,1
"21829",0.499467125538636,0.500532874461362,1.95988468262801e-15,2
"21832",0.999676826645962,0.000323128045794849,4.530824263256e-08,1
"21834",0.0408560952219923,0.959143903580285,1.19772245197425e-09,2
"21836",0.0408560952219923,0.959143903580285,1.19772245197425e-09,2
"21839",0.044118849303287,0.797133974135068,0.158747176561645,2
"21841",0.999809297764935,0.000185299937438199,5.40229762663492e-06,1
"21843",0.0256587288104796,0.0522130666993677,0.922128204490153,3
"21846",0.973301608406676,0.0266983915933244,1.45752229248607e-17,1
"21848",0.904885598077479,0.095114401909951,1.25696857606458e-11,1
"21850",0.0028080606646702,0.996805599730414,0.000386339604915297,2
"21853",0.999508268068703,5.42829198313106e-10,0.000491731388467588,1
