"","V1","V2","V3","V4","best$classification"
"19811",0.0101524041426704,0.0138719428984086,2.2747319931521e-05,0.97595290563899,4
"19813",1.3864698166581e-08,0.999999984212095,3.96739469801409e-20,1.9232073087811e-09,2
"19815",0.239792821147563,0.00586465927476065,2.61685014946675e-15,0.754342519577674,4
"19817",0.0328012167057331,0.000824483915691093,1.51381168168342e-06,0.966372785566894,4
"19819",0.377604672619439,0.622395327380561,9.78357246059385e-28,4.30861253686874e-31,2
"19821",0.0814570981532374,0.0775962960142405,1.67012821921234e-05,0.84092990455033,4
"19823",0.00143650376342193,0.998406531376968,9.18267863442859e-17,0.00015696485960994,2
"19825",2.92358170672613e-07,0.999999707640731,1.09791587706615e-12,3.42942703141043e-31,2
"19827",0.0250332263550485,0.0131289734275753,0.744146293991866,0.217691506225511,3
"19829",0.871982539054251,0.128017457087159,3.85859014385567e-09,2.84028328534073e-16,1
"19831",0.0488312028084478,0.951168797191552,8.90321054583949e-38,7.70974369855948e-26,2
"19833",8.55729374943368e-17,1,3.07558069727359e-46,4.05418965217495e-61,2
"19835",0.0814570981532374,0.0775962960142405,1.67012821921234e-05,0.84092990455033,4
"19837",0.0385144921609542,0.00179878457888326,0.168930383237676,0.790756340022486,4
"19839",0.124805919763823,0.875193096201696,9.84034481348892e-07,4.716441738527e-17,2
"19841",2.8878992158464e-10,0.344644257368149,0.655355742343061,9.04024822551432e-21,3
"19843",0.0169975614036269,0.983002438596373,5.50339399584683e-39,6.25513500656364e-31,2
"19845",1.30437901156443e-05,0.501627351528781,6.79856456471332e-22,0.498359604681103,2
"19847",0.328029402959426,0.184394230916727,3.52714656499357e-18,0.487576366123847,4
"19849",8.24520042584573e-10,0.999996375960963,7.48274674481564e-19,3.62321451661163e-06,2
"19851",0.00333698767248663,0.00169847872616965,5.68533866577913e-07,0.994963965067477,4
"19853",1.48149507406613e-07,0.995152750121073,5.22001948905132e-13,0.00484710172889744,2
"19855",0.000952209842549965,0.03025278872005,1.57322735980617e-05,0.968779269163802,4
"19857",0.711210339820933,0.0244167381378215,5.44224613848505e-06,0.264367479795107,1
"19859",0.211915198996303,0.0207975878133007,8.46054827487541e-05,0.767202607707647,4
"19861",0.000239902304783348,0.0132254625073081,6.27562016607148e-10,0.986534634560347,4
"19863",2.09477157019999e-15,0.999984081531448,1.59184685464054e-05,3.2830453910877e-15,2
"19865",1.73197649707219e-06,0.000853409019126161,0.998855410056159,0.000289448948217208,3
"19867",0.0112835072336618,0.0124854745997566,2.56353781769071e-20,0.976231018166582,4
"19869",2.19274950548403e-08,0.999121956327738,4.4025707407153e-06,0.000873619174025748,2
"19871",0.262220724007973,0.00282005701645292,0.00718773094505039,0.727771488030523,4
"19874",0.000376074997842344,0.0115656740971712,0.000878380265900495,0.987179870639086,4
"19876",1.81046173834916e-05,0.000443901158893609,3.8157737211016e-05,0.999499836486512,4
"19878",0.507834310515769,0.492165689484231,2.23474169988326e-21,1.09043205229669e-17,1
"19880",9.79565686681035e-10,0.00022649353360752,0.999771773675917,1.73181090982949e-06,3
"19882",0.000610458405142442,0.761382264163381,1.07506923368014e-12,0.238007277430402,2
"19885",0.3769275506615,0.0011355065038366,3.31375205799851e-07,0.621936611459457,4
"19907",0.00413210134439797,0.115244707633441,1.98946120330006e-17,0.880623191022161,4
"19909",0.993754229058983,0.00624577054786877,2.07053150062926e-19,3.93148017921075e-10,1
"19911",0.981261395719254,0.0187384247189912,1.79561312887848e-07,4.42266581715228e-13,1
"19913",4.76905859593896e-12,0.000354784279470811,0.999645215715481,2.78623187835062e-13,3
"19915",0.000219723928395722,0.000434494305755217,0.979586866185031,0.0197589155808182,3
"19917",0.000518493091066678,0.00471400114003366,0.994754413515193,1.30922537061586e-05,3
"19919",0.0481673140296717,0.0030548659671204,0.188191416098416,0.760586403904792,4
"19921",0.00671070232437618,0.000495843362746133,2.39413414561213e-11,0.992793454288936,4
"19923",0.727839365392173,0.272160346671445,1.95917465014227e-23,2.87936382801083e-07,1
"19925",0.000167828631504433,0.000713630408890786,0.997724670062411,0.00139387089719428,3
"19927",0.0224557389164497,0.00146983062854215,3.18535977281646e-11,0.976074430423154,4
"19929",1.09542142301499e-14,0.981327756780884,0.0186722422178648,1.00124014003626e-09,2
"19931",0.662772523983991,0.0250469497245769,7.76394905976619e-12,0.312180526283668,1
"19933",0.995355027164492,0.00459072571985952,1.85463761038474e-10,5.42469301851015e-05,1
"19935",0.977416553752717,0.021670302037806,1.44000232462503e-12,0.000913144208037687,1
"19937",0.0102537408736569,0.0010814932148647,1.14793199091097e-13,0.988664765911364,4
"19939",0.91430267352072,0.0470723754631,5.56637764256316e-10,0.0386249504595421,1
"19941",0.832420919805076,0.167571134803494,7.94539143004973e-06,3.13121189336753e-17,1
"19943",2.29519013625921e-07,0.00262725910512621,0.99727550207162,9.70093042402177e-05,3
"19945",0.992228772517144,0.00776949627437203,6.12579306780449e-11,1.73114722609215e-06,1
"19947",0.000455940019708038,0.999541441530639,2.61844965147106e-06,1.07468094867657e-15,2
"19949",0.949627972968491,0.0503713629062547,5.30949077342996e-25,6.64125254619911e-07,1
"19951",0.369753474321117,0.119098978332589,0.511038413738225,0.000109133608069275,3
"19953",0.014267743376293,0.985732256623707,1.18336201695361e-39,2.48780873551323e-23,2
"19955",0.256311671077304,0.743688328922696,5.73530382101449e-31,8.1281074583536e-17,2
"19957",0.0120293824380843,0.98719433302646,0.000774260206171097,2.02432928481512e-06,2
"19960",0.843038582317184,0.156961417682815,5.67881425319151e-16,2.98983394199325e-17,1
"19963",4.03439248530314e-14,0.999999999999958,1.25744527070918e-15,3.80433425685164e-36,2
"19965",0.972913507434382,0.0270864925656176,3.21901850105494e-32,4.83269696450782e-25,1
"19968",1.25592000130035e-05,0.996130047460881,0.00385731556773173,7.77713743081019e-08,2
"19971",3.72210170418981e-10,0.999999100215653,8.99412136359374e-07,7.00368015932523e-37,2
"19973",0.0130532505954808,0.000198885180276215,0.000838343243464739,0.985909520980778,4
"19975",0.00050102496845183,0.0146174270666964,0.984643719584666,0.000237828380185634,3
"19977",1.77743731465018e-09,0.999999964806629,3.34159339069753e-08,3.28694843176026e-28,2
"19979",0.972547700508735,0.0274522994912653,9.6067031904405e-22,8.05407928358816e-33,1
"19981",0.975817423817423,0.00388652230253724,1.36472570996298e-11,0.0202960538663924,1
"19983",0.961727073437282,0.0138333283686677,1.19468889264087e-14,0.0244395981940383,1
"19985",0.000144460098940442,0.00211352955638905,0.219478558428102,0.778263451916568,4
"19987",0.903402780191477,0.0595016047810548,0.0130173225695626,0.0240782924579054,1
"19989",0.961750146302333,0.0382498536976667,1.80349286700747e-36,4.45356603329955e-24,1
"19993",0.971756362341953,0.0282433766616032,1.91391063655557e-07,6.96053798865478e-08,1
"19995",0.996196400466263,0.0038034975899559,4.62873338503423e-09,9.73150473212156e-08,1
"19997",0.00875208646577629,0.00120864836799433,1.18359073427189e-05,0.990027429258887,4
"19999",4.77321207220881e-05,0.00179688539398775,0.995707314061979,0.00244806842331082,3
"20002",7.39876802498813e-14,0.999999998362392,1.6375336670982e-09,3.84948949009465e-25,2
"20004",0.944255097189895,0.0557448850947423,1.55977110871914e-11,1.76997653177544e-08,1
"20006",0.198153306391775,0.801846693608225,3.13558654062843e-17,1.48204707063061e-21,2
"20008",0.360247719384669,0.639752280615331,2.40273848904963e-20,8.40446212885022e-21,2
"20010",0.960254059234347,0.0397459394226946,5.05287925297543e-18,1.34295825949657e-09,1
"20012",0.00045633696938067,0.825656556973729,0.1738355264755,5.15795813912217e-05,2
"20015",0.95436665238534,0.0456333476146604,3.87346984479114e-30,1.92374428692317e-24,1
"20017",0.000551675971661532,0.000864651113047437,0.000116505060232019,0.998467167855059,4
"20019",0.933515237803477,0.066484762196523,2.74933144331062e-36,5.3624828943145e-42,1
"20022",0.985760740502517,0.0142392577233238,1.2665108166478e-16,1.77415861418666e-09,1
"20024",0.00124558712401638,0.998754412875984,1.62969633984984e-54,1.75956579890502e-41,2
"20026",0.00124558712401638,0.998754412875984,1.62969633984984e-54,1.75956579890502e-41,2
"20028",0.000240245583304637,0.00156430824013132,0.015608837251622,0.982586608924942,4
"20030",0.704197939274446,0.295802060725552,1.7962585156208e-15,9.81955361324127e-22,1
"20033",0.156988125014474,0.00857710102117515,0.77725926771291,0.0571755062514409,3
"20035",0.9019771075483,0.0980228924516997,4.08880943977033e-41,5.31729813264133e-40,1
"20037",0.98619022316473,0.0138097768352697,4.37813420463898e-41,1.04142585723373e-35,1
"20039",2.9612024952458e-09,0.999999997038798,1.64728798738912e-79,5.7469325744006e-51,2
"20041",0.971526229119855,0.028473770839179,2.10750516580501e-17,4.09660612169323e-11,1
"20044",0.840235067358298,0.159764932641612,1.04787944892703e-14,7.98244359933188e-14,1
"20047",0.593360903035516,0.406639096964484,4.57258211231046e-31,1.2341330283375e-48,1
"20050",0.748281281900988,0.251718718099012,1.79763324626875e-18,1.86815879636375e-17,1
"20052",0.865857985561202,0.0213781831136432,0.0989798557682745,0.0137839755568798,1
"20054",0.97103257174977,0.0289674282502252,7.67374502944039e-19,5.17931074724345e-15,1
"20056",7.80078084082163e-05,0.0598087678088138,0.940113224263117,1.19660682728684e-10,3
"20058",0.961348255425165,0.0386517445748346,2.01795535362857e-41,1.39103716618468e-23,1
"20060",0.0806661389952335,0.0135876421097147,1.30350414336326e-08,0.90574620586001,4
"20062",0.95269346680425,0.00437034580195676,3.49811861549278e-08,0.0429361524126072,1
"20064",0.997746233929011,0.00225277170423699,8.82251881120211e-07,1.12114871295838e-07,1
"20066",0.716935643824927,0.283064356175073,3.82537878201834e-23,8.31668632435996e-33,1
"20068",0.0125946556658441,0.00241900652241983,2.33079200094771e-11,0.984986337788428,4
"20070",0.186984200217591,0.0517710871344253,1.1387840919775e-16,0.761244712647983,4
"20072",0.680287760599667,0.319712239400333,4.08567065986846e-39,2.29149609290925e-20,1
"20074",1.61898368117433e-14,0.00463880755454888,0.995361192442027,3.40757228770132e-12,3
"20076",0.0154412413616511,0.944107688860963,0.0404190001423071,3.20696350789402e-05,2
"20078",0.996336116116094,0.00366388367296217,1.68149581201359e-11,1.94128939237582e-10,1
"20080",0.989807532976247,0.0101924670237529,9.26214802675731e-27,2.23196039626568e-32,1
"20082",2.43488751141347e-05,0.999975651124886,4.03458539905212e-43,1.48757312994086e-33,2
"20084",0.841455820407568,0.158538412044417,5.76754801480869e-06,2.99516151192149e-16,1
"20087",0.988808403101318,0.0111915963133281,9.30831051811423e-24,5.85353635016731e-10,1
"20090",0.974654510998044,0.0253454890019556,2.07898905816618e-28,4.7000382212254e-31,1
"20092",0.00335997597642989,0.99664002402345,1.08849177917482e-51,1.20502320065059e-13,2
"20096",0.0750191494676279,0.92498084818843,2.46783201030347e-15,2.3439400802264e-09,2
"20098",0.0434989224898639,0.00557640621963339,0.331047572202942,0.619877099087561,4
"20101",0.989973780799498,0.0100262191916554,8.84636849116712e-12,2.36773815841379e-26,1
"20104",4.58107328386012e-10,0.999999999541803,2.33430719745678e-36,9.01712908321654e-14,2
"20106",0.993854727518005,0.00614527246588118,1.61130837923299e-11,5.02789719499861e-16,1
"20108",0.0526459589327986,0.00258562302752487,3.20176989790952e-05,0.944736400340698,4
"20110",0.135909361763771,0.864088066029665,2.57197814170562e-06,2.28422786153097e-10,2
"20112",0.988846958324825,0.01115304167517,2.07225401414911e-17,5.27553584667322e-15,1
"20114",0.9530038121366,0.0468191382620812,0.000177049598928457,2.39039846879691e-12,1
"20116",0.935106692233707,0.0648802042519498,1.31035103523901e-05,3.9906754374344e-12,1
"20118",0.964226011255665,0.00569424531241825,0.0126442625251024,0.0174354809068141,1
"20120",0.849909218664831,0.15009078128756,4.76093778940335e-11,4.32126082475977e-18,1
"20122",5.66998056223997e-07,0.00083878936102599,0.999159949334608,6.94306309211106e-07,3
"20124",0.949531345762307,0.0504686542376928,2.60839626964296e-33,9.59613211683436e-29,1
"20126",2.63464661119197e-08,0.999999973653534,9.12546785279218e-54,3.18470217742141e-48,2
"20128",8.22206857522309e-05,0.999917779314248,5.35274006906271e-59,2.17096602110358e-67,2
"20141",1.33692237169793e-05,0.999986185709342,4.40345120491568e-20,4.45066941120051e-07,2
"20143",7.21225966684655e-11,0.952986950216673,0.0470130497112043,1.40226732610395e-21,2
"20145",0.990480212011048,0.00951978688105194,1.25081363629523e-13,1.10777459176327e-09,1
"20147",0.998484011112777,0.00151598885625559,2.53193929276344e-13,3.07141058772583e-11,1
"20149",4.80771175854847e-07,0.00290345274023945,0.997035019948396,6.10465401882748e-05,3
"20151",0.0185717853063429,0.00095708257595343,0.147330434401203,0.833140697716501,4
"20153",0.0189428336301312,0.350054042919624,0.631003033197015,9.02532300215877e-08,3
"20155",0.994595811739496,0.00540418826050448,8.48548749349428e-21,6.35562210978017e-19,1
"20157",0.00522129975400912,0.0424275696867248,0.750712391443588,0.201638739115678,3
"20160",5.68209616082614e-12,0.000142860947011557,0.999857139035953,1.1353125205315e-11,3
"20162",2.4767075329919e-08,0.00031113182257146,0.998956809837309,0.000732033573044566,3
"20164",0.00546276709180762,0.0349913558422427,0.959545203526351,6.73539598386122e-07,3
"20166",0.175302987383497,0.824697012616479,2.44287148163611e-14,1.49086706834184e-27,2
"20168",2.0959179202438e-11,0.999999999979041,2.38200795164498e-20,3.81329775256062e-26,2
"20170",0.00217679497903288,0.00267989878887967,0.995039779165382,0.000103527066705162,3
"20172",0.990584102512336,0.0094158969636448,9.76999883934459e-25,5.24019434098666e-10,1
"20174",2.58913036916343e-06,0.00912162225592331,0.000218347260979274,0.990657441352728,4
"20176",2.13303695942668e-07,0.999999786696304,5.75915239109791e-20,1.54065620206502e-17,2
"20178",1.85421564265217e-12,0.000322473265847466,0.999677526730575,1.72375554879606e-12,3
"20181",0.702217290886598,0.297782708616978,4.96423785814641e-10,3.9819560177633e-24,1
"20183",0.108228643819757,0.0104289323978446,1.20358840897456e-13,0.881342423782278,4
"20186",0.439416832525634,0.545317347077521,1.41799255490351e-36,0.0152658203968459,2
"20188",6.25347406680121e-10,0.000640675274954259,0.99935932392975,1.69948363251758e-10,3
"20190",0.99593227416637,0.00406772583363019,4.48003928990338e-23,5.99598926670677e-24,1
"20193",2.21864656530422e-09,0.999977525597161,2.24721841930983e-05,1.5826108534129e-25,2
"20195",0.112398703636595,0.0301249110344986,0.857473562862939,2.8224659671792e-06,3
"20197",0.99282309682369,0.00717690317558208,5.3597515145138e-20,7.27777086927866e-13,1
"20199",3.08852814252154e-05,0.00435340941688815,0.99560985019492,5.85510676638319e-06,3
"20205",2.48386623132573e-06,0.999997516133769,5.63058194191699e-51,3.63548961791678e-30,2
"20208",0.839269302512007,0.0862638086412004,0.0200089586105558,0.0544579302362365,1
"20210",4.276729892289e-07,0.000218873177984715,0.999467417727163,0.000313281421862922,3
"20212",0.00433575925122388,0.0251810231670987,0.953971678668184,0.0165115389134935,3
"20216",0.984372339437369,0.01562766056222,3.25618370656388e-13,8.59934412281742e-14,1
"20219",0.613164699024169,0.38683530097583,1.72289109595058e-16,6.48791443517971e-16,1
"20223",0.0281952520709949,0.971804747929005,1.06436761457532e-52,5.93358785521175e-40,2
"20226",0.963711257695957,0.0362886947476394,4.34220888432858e-09,4.32141947909805e-08,1
"20230",0.994609486050958,0.00539051394904185,1.12589109878453e-29,1.03222540082333e-28,1
"20233",1.21022601571524e-12,0.99999999999879,6.179783205497e-37,3.38390668431926e-25,2
"20235",0.0624586475244924,0.937541352475508,3.51476069714006e-47,6.93841934866055e-30,2
"20239",0.538016862696883,0.461983137301726,1.13515307455959e-26,1.39048629181741e-12,1
"20254",9.17247341863937e-05,0.999908275265814,4.06703798869734e-44,3.57318757226682e-41,2
"20256",0.988870640431531,0.0111293595684692,9.25758413866958e-34,1.03294349469748e-19,1
"20262",0.00046102166023613,0.000319310042024126,0.986415208136025,0.0128044601617147,3
"20270",0.0919998064148377,0.908000193585076,8.67377740245087e-14,1.81925242773893e-17,2
"20284",0.0604781982777873,0.939518440038716,1.91968806107735e-20,3.36168349635682e-06,2
"20287",0.863858532091755,0.136141467908245,1.0443523930242e-43,1.13949957935759e-38,1
"20290",0.000360969442161367,0.999639030557839,8.65188062346045e-23,4.11366907938176e-21,2
"20293",0.99200777226531,0.00799207259310729,5.19433927566774e-13,1.55141063214439e-07,1
"20296",0.12727879967233,0.375359739362527,0.484914431405378,0.0124470295597649,3
"20301",0.102873876916297,0.897126123083703,5.82384798537727e-26,7.61980026810061e-54,2
"20304",2.32223957821596e-05,0.999976777604218,1.2451510587729e-43,2.00127601729181e-30,2
"20306",0.972404721880025,0.027595278119975,3.6814043029501e-37,1.26140110495539e-27,1
"20309",0.978026152751082,0.0219738381983008,1.40175570268524e-14,9.05060308217598e-09,1
"20311",0.980712764002105,0.0192872359927239,5.17076422113155e-12,1.85839533297678e-16,1
"20314",0.119336852798961,0.00297408383969937,0.31170017892293,0.565988884438409,4
"20318",8.5164263679939e-08,0.878759378832923,0.121240536002813,1.26793371337639e-19,2
"20320",0.495405310550487,0.50456397720392,1.1446206333525e-14,3.07122455820385e-05,2
"20326",0.443058202360403,0.0101516765026549,0.0376641125133617,0.509126008623581,4
"20328",0.645898682643897,0.353572560319612,1.6246858922673e-29,0.000528757036491244,1
"20330",0.877772059564326,0.122227940435674,1.31623647130201e-26,1.43867830928199e-20,1
"20336",0.013846396926012,0.986153601904594,1.79797722016066e-31,1.16939345898655e-09,2
"20338",0.0155002885450737,0.984499711454926,2.84161747019134e-20,2.34114501587493e-21,2
"20340",0.810390832371229,0.189609167628771,4.03309260580171e-35,5.41101773961275e-31,1
"20342",1.34525759654436e-11,0.999999999986547,3.52697286428903e-36,4.48263132143258e-46,2
"20344",0.986023083892909,0.0139769161070893,1.47250796457885e-28,1.64335240794969e-15,1
"20349",0.992166871814121,0.00783312818587906,1.82993960298971e-33,6.37876011520498e-22,1
"20351",0.955547589667855,0.0444524098713438,5.90574025376725e-14,4.60742204700105e-10,1
"20353",0.969574436644801,0.030425563355199,7.15488327383269e-30,1.61296023643847e-26,1
"20357",9.79220369584791e-05,0.999902077963042,4.73514045424522e-57,2.94286015978567e-32,2
"20360",4.62618757466043e-07,0.999999537381242,2.5815210984642e-46,4.49797463958673e-37,2
"20364",0.990987603862212,0.00901239471691933,3.4920910145927e-17,1.42086856827567e-09,1
"20366",4.66528631172418e-05,0.99995334713688,2.00829177549007e-36,2.15053849041417e-15,2
"20381",8.75220686586038e-10,0.999999981763237,1.62787457515134e-08,1.08279642872932e-09,2
"20391",0.00946364909338411,0.990536350891434,1.85381871792296e-46,1.51818288584876e-11,2
"20394",0.256478271452951,0.0228904079231783,4.57833762533996e-09,0.720631316045533,4
"20396",2.40998596663981e-06,0.759472979525453,0.0742345196219222,0.166290090866659,2
"20409",0.85386185747998,0.145961709018141,0.000176416627868519,1.68740099935305e-08,1
"20411",0.901480531176769,0.0985194688232314,6.02857470241771e-39,1.77248616634793e-19,1
"20416",6.54578005834757e-05,0.999934542199417,6.51420125184254e-73,1.40384102763227e-56,2
"20418",8.98367895024584e-08,0.305205099467511,0.677606141059339,0.0171886696363601,3
"20420",2.00980532082809e-09,0.999999997990195,7.02580442977781e-32,2.94857594748214e-17,2
"20422",0.925177473172715,0.0748225268272848,4.46636425535708e-19,1.4392346784098e-23,1
"20424",0.965304455463512,0.0346955445364882,2.73038913268271e-36,2.35212363098299e-19,1
"20426",3.18210838294061e-13,0.999999999999682,2.69628492822734e-30,1.13197772591967e-42,2
"20428",0.995417035447631,0.00458292554316793,3.5408857970821e-18,3.90092013636028e-08,1
"20431",0.663338796004242,0.336542868343165,0.000118328129421743,7.52317111021384e-09,1
"20433",0.155827611509358,0.844172388490642,1.40280044014746e-35,6.14577972591063e-41,2
"20436",3.48594181562587e-05,0.999965140581844,6.72044250321622e-21,1.05152485874024e-23,2
"20439",4.60560333894159e-06,0.0296996322099641,1.45401369104684e-05,0.970281222049787,4
"20441",0.000469950529162134,0.999530049470838,1.60878152706056e-34,7.75134748668758e-28,2
"20444",9.44223951790312e-11,0.000738059955180184,0.999260898898193,1.04105220421214e-06,3
"20448",0.0714004271720895,0.928594603405566,6.43227932492187e-07,4.32619441166766e-06,2
"20536",0.00198312124861457,0.0632157665625423,2.86786263349321e-15,0.93480111218884,4
"20538",0.0080889129617032,0.991911087038164,5.8615688523392e-35,1.32786083935773e-13,2
"20541",0.875552725277612,0.124447274722388,2.94837443887356e-34,3.28909136113319e-32,1
"20544",0.996600769143953,0.00336233184457814,8.76535361885274e-12,3.689900270399e-05,1
"20546",0.97567052122046,0.0243294787794576,5.85575421693048e-31,8.26054286283098e-14,1
"20550",0.911773441851222,0.0882265581486778,8.18766414305885e-15,9.18948220023855e-14,1
"20553",6.13267172633262e-10,0.999999999386733,7.7408229485554e-52,5.04252363087486e-89,2
"20555",8.59880042567645e-10,0.99999999914012,5.37346884053343e-48,5.15814598510535e-22,2
"20557",0.941053904370546,0.0589460955931913,1.5919445474604e-13,3.61030173130661e-11,1
"20559",0.996104024040339,0.0038959759596127,2.35294258863473e-15,4.61038626817041e-14,1
"20561",0.00828177309417247,0.00510280777666638,0.986536836333577,7.85827955838395e-05,3
"20564",1.85421564265217e-12,0.000322473265847466,0.999677526730575,1.72375554879606e-12,3
"20566",0.970272578750031,0.0297273354390416,5.30286704506184e-12,8.58056246887626e-08,1
"20569",9.04547075725971e-05,0.0033755868577116,0.979040669866165,0.0174932885685506,3
"20572",5.1523943044041e-06,0.0250319485006604,0.974962706712155,1.92392880402743e-07,3
"20574",0.995767983960448,0.00423201603955222,9.32832037178734e-17,1.97643188194809e-19,1
"20576",1.13129414131088e-08,0.000418203893672562,0.999581784779761,1.36253603363862e-11,3
"20578",0.998725398017101,0.00126359382261997,3.32247147021031e-07,1.06759131318347e-05,1
"20580",0.994220463261873,0.00576283572872636,2.87401248313396e-11,1.6700980660709e-05,1
"20583",8.66908558322863e-10,0.000212463306601089,0.99978753566426,1.6223066576501e-10,3
"20586",0.980437008773416,0.0195621425687008,1.09169509376795e-22,8.48657883683503e-07,1
"20589",0.992382825396078,0.00761717460392209,3.67325193298807e-37,1.56539611362935e-21,1
"20591",0.0401835900790964,0.959816386934893,3.95542619982866e-26,2.29860101849552e-08,2
"20593",0.950025150751576,0.0499748492484237,1.65205821809005e-32,3.68649619787942e-46,1
"20595",0.993628058221096,0.00637194177631084,6.48325245501949e-14,2.52865387937792e-12,1
"20597",6.67529206120212e-09,0.988298039985613,5.39022620825368e-21,0.0117019533390948,2
"20599",8.89294153383978e-12,0.000263043251227993,0.999736956739758,1.20524769006587e-13,3
"20601",0.122940224636233,0.0009990259062844,1.17001603748653e-07,0.876060632455879,4
"20604",0.994953591356605,0.00504640864339527,1.54002008360903e-21,9.84237601243217e-29,1
"20606",0.98901131798773,0.0109886820122699,1.12508403760366e-25,2.7998875852611e-25,1
"20608",0.987771201317167,0.0122287986828331,4.72257215532189e-21,8.56070643001677e-18,1
"20610",3.29517329753133e-06,0.00685692979839947,0.993139774761408,2.6689496459485e-10,3
"20612",1.36452085462734e-11,0.999999999986355,9.19842058347447e-43,1.27314952632602e-36,2
"20614",1.35407905446367e-06,0.000431466463882124,0.999317932251897,0.000249247205166081,3
"20616",0.378879891635768,0.60524123117906,9.11740322288248e-08,0.0158787860111395,2
"20618",7.53572769191481e-05,0.999924642723081,4.10753113905146e-26,5.67532796905591e-20,2
"20620",0.725987003565277,0.274012996434721,2.29465891321439e-15,1.69408857402898e-25,1
"20622",8.70990699487795e-07,0.00214634073549576,0.997852788131718,1.42086467296388e-10,3
"20624",0.752633796024687,0.247366203975313,1.41355489636272e-36,7.21036027548519e-21,1
"20626",0.27092801561476,0.72907198438464,3.7800360698625e-13,2.22117770111004e-13,2
"20628",0.101808175586718,0.898191824410385,1.102179646162e-23,2.89696768475915e-12,2
"20630",0.950535397808656,0.0494646017619581,4.29352558400419e-10,3.28456740580715e-14,1
"20632",1.09590422522131e-09,0.001177138012824,0.998815478565051,7.38232622079408e-06,3
"20634",0.993962467391759,0.00603753260824087,9.13290419688269e-26,6.49056345269295e-24,1
"20637",0.00229553863693432,0.997704461363066,3.08144238303366e-24,5.17979773462662e-33,2
"20639",8.4129377529551e-05,0.00876891273532885,0.991146813245098,1.44642043346078e-07,3
"20644",2.05611713264383e-09,0.999999997943883,7.52159074613525e-65,2.55227410315274e-79,2
"20646",7.13942775637664e-05,0.999928605722436,3.3637987412885e-34,1.52628808406072e-40,2
"20648",0.0197239069510472,0.00348500048620601,0.528094602665953,0.448696489896794,3
"20650",0.0993209764602562,0.900679023539744,3.05736102723127e-40,3.64567644971807e-30,2
"20653",0.112359255472995,0.886762136612766,6.85999152667913e-12,0.000878607907378947,2
"20658",0.913189347550368,0.086810652449632,1.63495804387852e-35,1.29381023694569e-20,1
"20661",4.67676336572758e-06,0.999995323236634,7.83005874004983e-50,5.10414617438528e-23,2
"20663",0.989073545024714,0.00708069555535716,7.9066553220824e-17,0.00384575941992896,1
"20665",3.29190102258282e-11,0.000775760668393557,0.999224239298231,4.56568569800122e-13,3
"20667",0.647664357611032,0.352335604518311,4.00587784953933e-14,3.78706168127996e-08,1
"20669",2.72784243142519e-07,0.910690118390942,2.77237341813036e-19,0.0893096088248147,2
"20671",0.36058346971417,0.63941653028583,1.20798670921245e-16,7.95189576104269e-18,2
"20673",2.11999412209034e-09,0.96478924616897,7.11894820838289e-14,0.0352107517109644,2
"20675",0.0655629124609061,0.319789051245341,5.80763619324315e-20,0.614648036293753,4
"20677",0.962675429097633,0.0354923940008045,6.24467690439145e-19,0.00183217690156241,1
"20679",1.53170609794017e-07,0.741401624713606,2.02113948123166e-07,0.258598020001836,2
"20681",0.000293692321126308,0.0033861358802311,8.73354697407962e-19,0.996320171798643,4
"20683",0.910601637674955,0.0893754467287364,3.43432351544396e-17,2.29155963082534e-05,1
"20685",7.11249341244837e-09,0.999999992887507,3.05766357968953e-33,2.99745390170676e-17,2
"20687",6.67189357396556e-05,0.00100235180510893,0.0668550340644281,0.932075895194723,4
"20689",6.62022731586101e-10,0.999999999337977,5.22164391414366e-76,5.98402833560954e-61,2
"20691",1.84162763149812e-09,0.000686349425065127,0.999310914608545,2.73412476191813e-06,3
"20693",0.932297323773687,0.0677026762263126,6.99809228839026e-38,1.93860840217243e-27,1
"20695",0.076747987604279,0.0180446539677985,0.0633709239160894,0.841836434511833,4
"20697",0.982889705265558,0.0171102947334872,9.54869273613833e-13,8.40336851965047e-21,1
"20699",0.987972466173182,0.0099231411618348,1.60280659351035e-15,0.00210439266498191,1
"20701",0.987581109793086,0.0124188838116847,8.6878201323984e-29,6.39522906522792e-09,1
"20703",4.63014744816599e-12,0.999999999995369,2.73709186770038e-27,7.3418146975413e-16,2
"20705",0.958543660220353,0.0414563397796472,1.34809354807727e-25,4.50401855259258e-17,1
"20707",0.0925448519809102,0.00510049803403672,3.61892083580829e-09,0.902354646366132,4
"20709",0.283357254694463,0.714678698960986,0.00196023733627329,3.80900827854712e-06,2
"20713",0.000868473232242731,0.998767076213666,6.91969651077466e-13,0.000364450553399196,2
"20715",1.67216099205169e-06,0.999998327839008,5.68025976270246e-22,7.749491656214e-66,2
"20717",0.0128251495527268,0.0123170066688696,0.000209160339703267,0.9746486834387,4
"20720",0.991729292213641,0.00827070778630471,5.28635436566732e-16,5.416715277829e-14,1
"20722",0.988012927573973,0.0119870649251703,5.89529164566969e-14,7.50079769610729e-09,1
"20724",0.000943044739855589,0.000221659831171744,0.00109288036060186,0.997742415068371,4
"20726",0.949043808856242,0.0509561911437576,5.76483217110515e-35,4.33684509268624e-27,1
"20728",0.000152454747460239,0.000809358446484578,1.16650679746985e-13,0.999038186805938,4
"20730",0.0233108162029058,0.00151355797886605,0.00714115021368776,0.96803447560454,4
"20732",0.0773354073255812,0.922664592674419,4.50342110565792e-31,6.38967574346643e-22,2
"20734",0.992309131150326,0.00639323906916274,7.09633095814553e-13,0.00129762977980181,1
"20736",4.96346500876775e-05,0.00072805571080975,0.998910760446821,0.000311549192281791,3
"20738",1.65891656968604e-07,0.999999834108343,1.19345675813961e-20,8.98422928598722e-38,2
"20740",0.025820331656685,0.974179668343121,7.34238592872573e-54,1.94423300139197e-13,2
"20742",0.0141327577217473,0.0761646979397401,6.74956553887564e-16,0.909702544338512,4
"20744",4.71428589952231e-08,0.00376049572240208,0.995848060387063,0.000391396747676401,3
"20746",0.807637252620967,0.0045071359830255,2.00021845387406e-12,0.187855611394007,1
"20748",0.00075483887975306,0.000764231942551933,0.0258060122978321,0.972674916879863,4
"20750",0.0137446472670619,0.00356625384953108,0.564006117064174,0.418682981819233,3
"20752",0.993649060817721,0.00635067384937645,4.73316668692393e-23,2.65332902328263e-07,1
"20754",1.50111919043449e-08,0.997377528598561,7.10332086990294e-14,0.00262245639017581,2
"20756",0.898242431512641,0.0288551267490158,0.0590853589440133,0.0138170827943294,1
"20758",6.7952316938777e-06,0.99999320343991,1.32838517019157e-09,1.10568051428835e-14,2
"20760",0.000214586329836379,0.000958903030031829,0.0145504756220275,0.984276035018104,4
"20762",3.4043727662099e-08,0.993162080266634,3.55818977861242e-17,0.00683788568963777,2
"20764",8.49741218671879e-05,0.0888352552575851,0.624707395036809,0.286372375583738,3
"20766",0.000968649976526278,0.00119844424572912,0.22242885796781,0.775404047809935,4
"20768",0.00369465481177212,0.00063573460932203,0.990332786272853,0.00533682430605273,3
"20770",0.0760806799076593,0.917239446696498,4.74098826643648e-18,0.00667987339584279,2
"20772",0.993956487218648,0.00604351278135207,1.40924299682693e-22,1.73525489312765e-24,1
"20774",0.0281582752213759,0.971841724778624,3.60088429978882e-55,2.73226141458767e-54,2
"20776",0.79907212520235,0.155354569353535,1.08257776081253e-24,0.0455733054441154,1
"20778",8.97491994262075e-05,0.999910250800574,3.4516850777025e-47,5.04029525182108e-70,2
"20780",2.96733988801394e-12,0.999999999995685,1.22116077637159e-12,1.26248716541596e-13,2
"20782",6.86184371838705e-10,0.999485839616716,2.44422779140595e-13,0.00051415969685595,2
"20784",4.22246661605142e-07,0.998105132416224,2.69033963073933e-15,0.00189444533711123,2
"20786",4.80867225183849e-12,0.020052818035453,0.979947181775442,1.84296620275792e-10,3
"20788",0.101876803481947,0.00234182157959949,4.86937304098095e-10,0.895781374451517,4
"20790",0.000168667769223004,0.0255321680052725,3.39125866154564e-05,0.974265251638889,4
"20792",0.588832584971282,0.411047950145033,6.68024064595537e-05,5.26624772256754e-05,1
"20794",1.53649984697697e-05,0.0101926059787492,0.00016468230748724,0.989627346715294,4
"20796",0.991250283952428,0.00874971604757159,3.56686332564519e-31,1.88726787856769e-20,1
"20798",1.85421564265217e-12,0.000322473265847466,0.999677526730575,1.72375554879606e-12,3
"20801",2.69306177887791e-06,0.999840685446432,0.000156621491788664,3.53837448561253e-20,2
"20803",0.902946183668122,0.0285220829805117,6.06363345705652e-13,0.0685317333507599,1
"20805",0.992068512907351,0.00748395040124663,3.29380837485396e-18,0.000447536691402162,1
"20807",1.85421564265217e-12,0.000322473265847466,0.999677526730575,1.72375554879606e-12,3
"20809",0.0368484919320863,0.940957029245659,3.00692395306598e-17,0.0221944788222543,2
"20811",0.000183693261854643,0.999813281705304,3.02503284186522e-06,6.02161468172618e-18,2
"20813",0.392392609132158,0.607591992242975,1.53960667380149e-05,2.55812938636942e-09,2
"20815",3.85236889849555e-15,0.224090250925575,0.775909749074401,2.04310120369387e-14,3
"20817",0.00212057965711164,0.000281379369335202,1.16653374631924e-05,0.99758637563609,4
"20819",0.968175986358836,0.0240114141184989,3.96765531273794e-20,0.0078125995226653,1
"20821",2.96913045179715e-09,0.99999999703087,1.25370644514563e-24,1.38587789975136e-39,2
"20823",0.989927068368653,0.00677611117014502,4.57729494603458e-09,0.00329681588390722,1
"20825",0.000755293909241228,0.000978468338535467,4.09394138488771e-07,0.998265828358085,4
"20827",0.03182077394147,0.335447609760674,0.632720090115785,1.15261820713079e-05,3
"20829",0.304855397526608,0.695144602473392,5.065367136118e-25,3.48901877187606e-28,2
"20831",0.00439488153548409,0.00362918167787388,1.77275788565689e-09,0.991975935013884,4
"20833",8.11002077866164e-13,0.999996025826835,2.87632811171257e-13,3.97417206657745e-06,2
"20835",0.00339898042257074,0.00232448149169555,0.00382647437763952,0.990450063708094,4
"20837",0.0304039032331128,0.0085364633778815,0.00311658113755009,0.957943052251456,4
"20839",0.000997973477153013,0.000816697539118885,0.000866886265920856,0.997318442717807,4
"20841",0.359345022878057,0.640654977101048,9.34455581713992e-32,2.08947117993595e-11,2
"20843",0.0992962968635751,0.00550094040964648,4.92906166461005e-15,0.895202762726774,4
"20845",0.237867279337596,0.336407877281584,0.00137628099126564,0.424348562389555,4
"20847",0.991812126816296,0.00814907560273071,6.33940132364035e-13,3.87975803391181e-05,1
"20849",0.983696153607215,0.0163011399385499,6.5632239060909e-10,2.70579791324824e-06,1
"20851",0.977137556295883,0.0228619759522581,1.5237035856134e-16,4.67751858932476e-07,1
"20853",0.913403555278522,0.086596444721478,9.32776658562719e-30,1.08349747655994e-20,1
"20855",0.894912066996488,0.105087933003483,2.92500889493921e-14,9.20870727195836e-22,1
"20857",0.980761273510944,0.0179331548131355,4.55074025567682e-11,0.00130557163041283,1
"20859",0.997114138918539,0.00288585974953131,5.63826685948204e-13,1.33136623857271e-09,1
"20861",2.84004814072437e-07,0.999999715995183,2.29919728400744e-24,2.94432110966303e-15,2
"20863",0.000100488141128733,0.00193878912446445,0.995731516274327,0.00222920646007942,3
"20865",0.00328382520281098,0.0224052423856853,1.67013862360732e-12,0.974310932409834,4
"20867",0.525885804460291,0.47411419553971,1.01136070127058e-44,5.09221344660146e-52,1
"20869",0.00235157759455011,0.00626556495782402,0.989253087981741,0.00212976946588424,3
"20871",0.0335270741137555,0.966472925886244,2.15782019922308e-21,4.47771587233315e-45,2
"20873",0.747447283049758,0.252552716950241,1.24385957155682e-15,2.36084646976432e-32,1
"20875",0.995229979094454,0.00477002090446422,1.61782484500623e-18,1.08169053654518e-12,1
"20878",5.85967449193035e-15,0.996797923492792,0.00320207650713946,6.2339555768468e-14,2
"20880",5.52394833565127e-13,0.999999996992817,5.63062800950379e-11,2.95032421444751e-09,2
"20882",0.94669367309296,0.0533063269070398,3.92040744246493e-27,4.92299145272757e-26,1
"20884",0.0122592860080554,0.00382927029817362,0.0125327690203234,0.971378674673448,4
"20886",0.004723683832891,0.00181344022392543,0.991449389886692,0.00201348605649163,3
"20888",8.76816095851417e-09,0.361030544213218,1.41016220318137e-05,0.63895534539659,4
"20890",0.00831557880078225,0.00036991053811161,0.0524040460426608,0.938910464618445,4
"20892",0.971837905939917,0.028155539657722,5.82999928282366e-17,6.55440236085789e-06,1
"20897",0.924181890547907,0.075582965031285,2.23186773360433e-08,0.000235122102130749,1
"20899",0.928347601744814,0.0232553591206769,4.74945137836893e-06,0.0483922896831308,1
"20901",1.2333262454491e-10,0.999999999876667,1.93538310931086e-56,1.11071248202223e-42,2
"20903",3.46615467276058e-05,0.999965338453273,4.50659076537633e-25,7.07653788211107e-60,2
"20905",0.000505531489695086,0.999494468510305,2.2588123067608e-21,1.00778966021684e-28,2
"20907",0.875722746738865,0.124277253261135,2.15423661529685e-34,2.70593521258318e-19,1
"20909",0.299485482980295,0.700513577907107,2.14260080827142e-08,9.17686590196636e-07,2
"20911",1.32088855589821e-11,0.999999999986791,4.13422689054393e-70,4.21696469513397e-65,2
"20913",0.673875278527861,0.106324987103156,1.60421153593317e-06,0.219798130157447,1
"20962",0.998373206586013,0.00162132631554312,2.57532110413503e-12,5.46709586845698e-06,1
"20969",0.840119849310136,0.159880137790207,1.28996567931241e-08,1.2563342903627e-16,1
"20980",0.993417140492948,0.00658261582033295,8.96308363798112e-11,2.43597088431402e-07,1
"20982",0.996214978011758,0.00378502117542595,9.60727128840326e-23,8.12815884307471e-10,1
"20984",0.556718337236058,0.422054759181533,6.14893663615921e-09,0.021226897433472,1
"20994",0.974923564822067,0.0250764351779107,2.14938796402135e-14,1.11643965951199e-15,1
"21015",0.000212313279750311,0.759535332099987,0.00913366859626137,0.231118686024001,2
"21023",0.874095636555321,0.125904363444679,1.24424685920492e-32,5.55130938390655e-23,1
"21040",0.111471825981867,0.888528174017538,1.13792691458223e-39,5.95472681429317e-13,2
"21073",0.832188599854498,0.167811250005097,1.86086240821709e-14,1.50140386600318e-07,1
"21222",0.0135755164129543,0.002134382836801,0.0108470778918007,0.973443022858444,4
"21224",0.942892103594172,0.0136087927680304,1.18141964427118e-08,0.0434990918236017,1
"21228",0.000209049420690862,0.999790950562675,1.66337239407967e-11,4.34911299092262e-22,2
"21232",0.975417228513377,0.0245827714866235,4.38197656691132e-32,3.66700671578132e-20,1
"21237",0.0425593427674487,0.957440657232551,8.20022498280713e-27,5.6531331313073e-33,2
"21240",0.00112454930545199,0.000438432292690513,6.25083525361581e-07,0.998436393318332,4
"21245",0.000381392201327435,0.000338274780240004,0.0167019234046816,0.982578409613751,4
"21252",0.922839430281635,0.0771605697183583,4.46773789497153e-38,6.54963916676969e-15,1
"21254",0.666851897533705,0.333148102464802,9.07626164289533e-25,1.49269534567087e-12,1
"21258",0.928606418646109,0.0713935786116111,2.3673165202159e-09,3.74963290066058e-10,1
"21264",0.23886395597583,0.00787760830068372,0.135596617040217,0.617661818683269,4
"21305",0.00182079677662431,0.99817912406019,5.05365613698146e-13,7.91626802646601e-08,2
"21333",0.976133830852272,0.0238661602227625,1.6211910708576e-29,8.92496511417265e-09,1
"21366",0.619769077059169,0.077132078929414,8.71396919536842e-11,0.303098843924278,1
"21377",6.60844192783231e-07,0.00112940241571547,0.998869805967326,1.30772766084677e-07,3
"21380",1.55408771429694e-09,0.999999998445912,4.62216133506223e-26,3.15846397230512e-38,2
"21387",6.73849642303424e-13,0.999999999999326,4.80034888615632e-78,2.17921686664693e-62,2
"21390",0.881609017556451,0.118390982443548,8.1689917976505e-33,7.03323270642798e-16,1
"21392",0.958249035403928,0.0417495730960743,3.21638593572069e-11,1.39146783379082e-06,1
"21403",0.987803433177884,0.0121960902537414,4.76556935041993e-07,1.14395994932874e-11,1
"21408",0.963525765737962,0.0364742342620377,3.20201332197557e-19,2.89548808377012e-21,1
"21412",0.000192832362228398,0.999807167637772,3.19801705655722e-24,1.32696170277246e-27,2
"21421",0.911591269037515,0.0088145516694787,1.13456679475769e-08,0.0795941679473383,1
"21424",0.00420969202425245,0.995790307975748,4.55003056875199e-43,9.27802169102512e-37,2
"21429",0.992173150669101,0.00782684933088532,1.34856942497744e-14,9.72774029336082e-16,1
"21431",0.968658597139542,0.0305189263659897,7.40162510438979e-10,0.000822475754306221,1
"21436",1.63417012593684e-05,0.999937914299388,3.62689462275349e-19,4.57439993525659e-05,2
"21439",0.999223421552309,0.000776427731522815,8.1800439503531e-08,6.891572907224e-08,1
"21442",0.884511628235911,0.114036690390787,0.00110174455470623,0.000349936818595398,1
"21444",0.000246465950915828,0.00234317322188203,1.27858816191315e-11,0.997410360814416,4
"21446",9.86710779251117e-15,0.999971435409832,2.85645901578442e-05,3.93301421665941e-16,2
"21448",7.82410317783808e-14,0.999999999999922,1.68794980327069e-43,1.89807807326233e-26,2
"21450",0.571777268239034,0.428222731417415,3.42661912968328e-10,8.89828263323779e-13,1
"21452",0.937415812191192,0.0625841878084611,6.1191393342428e-26,3.473916272875e-13,1
"21466",0.851000248249399,0.148999751750601,6.20648411651983e-44,1.88172171966646e-27,1
