"","V1","V2","V3","best$classification"
"19812",0.00883024863130949,0.298294413748439,0.692875337620252,3
"19814",0.000174168249801894,0.0124049077058244,0.987420924044374,3
"19816",3.42068757642774e-05,0.986766538499131,0.0131992546251044,2
"19818",0.000215242996097148,0.0929667253710781,0.906818031632825,3
"19820",0.000227260414735273,0.99976447892304,8.26066222497112e-06,2
"19822",0.0625387218203211,0.937264494379858,0.000196783799821252,2
"19824",0.000226224660354888,0.984307599762279,0.0154661755773665,2
"19826",0.000186829604884204,0.179458245795803,0.820354924599312,3
"19828",0.000790513247632879,0.997264199217589,0.00194528753477774,2
"19830",0.00409934055737388,0.00438166937610609,0.99151899006652,3
"19832",0.599480082163645,0.328904540467855,0.0716153773685003,1
"19834",0.0203419027782836,0.916062656211705,0.0635954410100109,2
"19836",0.0011125057702785,0.716134085585241,0.282753408644481,2
"19838",0.00068579804225805,0.00100516379113021,0.998309038166612,3
"19840",0.000186635855110142,0.90651623627872,0.0932971278661694,2
"19842",3.14262721931172e-05,0.000916550862359595,0.999052022865447,3
"19844",0.000181396069456107,0.011052621852305,0.988765982078239,3
"19846",1.30383484247877e-06,5.25322414030189e-05,0.999946163923754,3
"19848",5.44764852633535e-06,0.00010927922023031,0.999885273131243,3
"19850",2.25496831981029e-05,0.000744746918260754,0.999232703398541,3
"19852",0.000698937527941526,0.785235982971955,0.214065079500104,2
"19854",1.92752010845912e-05,0.000192665763455169,0.99978805903546,3
"19856",0.000341265835440551,0.0102127523145986,0.989445981849961,3
"19858",0.0043543224399357,0.327814496840295,0.667831180719769,3
"19860",0.000726068620132175,0.689927799683699,0.309346131696169,2
"19862",2.37674442103399e-06,5.15300187210293e-05,0.999946093236858,3
"19864",0.00212283000437204,0.241067839809657,0.756809330185971,3
"19866",9.1125264886351e-05,0.992178313759852,0.00773056097526179,2
"19868",0.998614105950457,0.000121998864659842,0.00126389518488354,1
"19870",2.37851383256355e-05,0.00187883517488898,0.998097379686785,3
"19873",7.03407922852013e-05,0.082871857888466,0.917057801319249,3
"19875",0.000942484902460839,0.997014820586687,0.00204269451085179,2
"19877",0.000219267154789175,0.0195579461334677,0.980222786711743,3
"19879",0.00312608158943928,0.41322135142167,0.583652566988891,3
"19881",7.74262062702781e-05,0.0343607071156996,0.96556186667803,3
"19883",2.28441205973041e-05,0.0249235264328991,0.975053629446504,3
"19899",0.0187744965901647,0.74101304039713,0.240212463012705,2
"19908",0.188723161304493,0.589305187067461,0.221971651628046,2
"19910",0.000318318741715461,0.560985083024734,0.438696598233551,2
"19912",1.31715649646864e-05,0.000325123589974785,0.999661704845061,3
"19914",0.0143046614929939,0.442708345810554,0.542986992696452,3
"19916",0.000369318504273923,0.986378717269965,0.0132519642257606,2
"19918",1.77187581441449e-06,0.00104162905556012,0.998956599068625,3
"19920",3.82918894569616e-06,0.000283464441937201,0.999712706369117,3
"19922",0.769532178697648,0.0667619067377464,0.163705914564606,1
"19924",6.23179721314407e-05,0.0215250538715753,0.978412628156293,3
"19926",0.0324312324678931,0.88172369362004,0.085845073912067,2
"19928",0.00106388418502009,0.00852916912577737,0.990406946689202,3
"19930",0.000149822214871427,0.00882852821940727,0.991021649565721,3
"19932",7.33358543406152e-05,0.000511100574587491,0.999415563571072,3
"19934",0.00404158403809856,0.965257562706578,0.0307008532553234,2
"19936",0.00448126386431743,0.0837321697054844,0.911786566430198,3
"19938",0.00516976943819066,0.992461488966395,0.00236874159541385,2
"19940",6.22718902462611e-05,0.176575219765983,0.823362508343771,3
"19942",0.000249803491907651,0.0357425103340011,0.964007686174091,3
"19944",0.00027532316857726,0.872950336624507,0.126774340206916,2
"19946",0.000294253866810221,0.155592624397796,0.844113121735394,3
"19948",2.78099313998689e-05,0.0111052171184953,0.988866972950105,3
"19950",4.45958659431907e-05,0.000163046171050918,0.999792357963006,3
"19952",2.78099313998689e-05,0.0111052171184953,0.988866972950105,3
"19954",4.10660676889991e-05,0.00169588139030607,0.998263052542005,3
"19956",0.000565176385711151,0.000116019757942362,0.999318803856347,3
"19958",0.978971040314221,0.00113381153741032,0.019895148148369,1
"19962",0.00387060519689793,0.176603897336163,0.819525497466938,3
"19964",7.94434181173048e-05,0.063484266173547,0.936436290408336,3
"19966",0.000232120555300581,0.999273662895903,0.000494216548796336,2
"19969",4.42876567338955e-05,0.00597560789935402,0.993980104443912,3
"19972",9.23284931711862e-06,0.00152171662139514,0.998469050529288,3
"19974",4.65765986346056e-07,1.48554356490163e-05,0.999984678798365,3
"19976",7.73105851500602e-05,0.0284956589523106,0.971427030462539,3
"19978",4.12802251746374e-05,0.760843896140296,0.239114823634529,2
"19980",9.41819534590933e-06,7.66598785959801e-05,0.999913921926058,3
"19982",0.000225709565236945,0.00143509810667412,0.998339192328089,3
"19984",5.72977173788568e-05,0.00331551625845681,0.996627186024164,3
"19986",0.000854877771409322,0.999123511806767,2.16104218240329e-05,2
"19988",0.00139409933251319,0.99860140583928,4.49482820657759e-06,2
"19992",0.00152371550087882,0.998424757265107,5.15272340144605e-05,2
"19994",0.000585156663711216,0.016141008687377,0.983273834648912,3
"19996",0.000237912223638008,0.9996896876854,7.24000909615912e-05,2
"19998",0.000771910054448356,0.124952141446577,0.874275948498975,3
"20000",0.0531180741188999,0.00146515001329088,0.945416775867809,3
"20003",0.00325389981104577,0.11517885784637,0.881567242342585,3
"20005",1.92276040836228e-06,5.5117338140453e-05,0.999942959901451,3
"20007",0.00617885557108015,0.772289590035611,0.221531554393309,2
"20009",0.00159001460285258,0.992213703787837,0.00619628160931046,2
"20011",3.662371908835e-05,0.0112652490802907,0.988698127200621,3
"20013",9.00808386826328e-05,0.00241717310666685,0.99749274605465,3
"20016",0.00871349262819553,0.991015526716395,0.000270980655409423,2
"20018",0.969862333625208,0.0301364429546927,1.22342009912382e-06,1
"20021",0.000874136922499795,0.9942885887981,0.00483727427940042,2
"20023",0.00288091219186882,0.948478512795615,0.0486405750125156,2
"20025",0.367541218382996,0.632309162327742,0.000149619289262441,2
"20027",7.20945457142438e-05,0.00313739738662222,0.996790508067664,3
"20029",1.43087808229135e-06,0.000240445607746496,0.999758123514171,3
"20032",0.000140029167931193,0.00309172413318679,0.996768246698882,3
"20034",8.80554097294632e-05,0.0273641534249416,0.972547791165329,3
"20036",0.0030055440151298,0.0555189472493467,0.941475508735523,3
"20038",0.0092024960316297,0.990585317043233,0.00021218692513751,2
"20040",0.0179751146399639,0.981810661128386,0.000214224231649782,2
"20043",0.0016970412147903,0.996033501736861,0.00226945704834855,2
"20045",0.0114982201836931,0.988490461017429,1.13187988776351e-05,2
"20048",0.000220528376119662,0.000543133407059737,0.999236338216821,3
"20051",0.0315192660376017,0.459953378658559,0.508527355303839,3
"20053",0.000275687558613928,0.973399945210345,0.0263243672310409,2
"20055",0.121556075170762,0.869495725339918,0.00894819948932033,2
"20057",0.995709692548176,1.70464089779799e-05,0.00427326104284602,1
"20059",0.00471079173758077,0.979106539639195,0.0161826686232245,2
"20061",0.000998533327606192,0.914040071045147,0.0849613956272474,2
"20063",0.0409741768879677,0.698387625748854,0.260638197363178,2
"20065",0.75433027774134,0.245658316729488,1.14055291719006e-05,1
"20067",0.0177545990906448,0.980304275329611,0.00194112557974402,2
"20069",1.76057811006044e-05,0.000118609439131675,0.999863784779768,3
"20071",0.0117193389377526,0.55070990507026,0.437570755991987,2
"20073",1.01049844453728e-05,0.00351223000686191,0.996477665008693,3
"20075",0.999321394313491,9.03610817478601e-05,0.000588244604760836,1
"20077",0.000342202611820838,0.974182813256565,0.0254749841316141,2
"20079",0.00534195335052161,0.31787104880944,0.676786997840038,3
"20081",0.134841848047387,0.860252256187401,0.00490589576521179,2
"20083",0.0100270243892992,0.0483382811650174,0.941634694445683,3
"20085",0.00486265956766289,0.995133037711818,4.30272051878674e-06,2
"20088",0.00196974656679589,0.997572537850098,0.000457715583105952,2
"20091",0.991825762976688,0.00778007406064133,0.000394162962670276,1
"20095",0.00195679378234857,0.24588521574046,0.752157990477191,3
"20097",0.0162370574670402,0.983756911472886,6.03106007336993e-06,2
"20099",1.86588740965924e-05,0.955171061755519,0.0448102793703842,2
"20102",0.620749918353427,0.0304916249672371,0.348758456679336,1
"20105",0.00088178920446406,0.983260901041994,0.0158573097535423,2
"20107",0.000362649233998629,0.99888346627554,0.000753884490461128,2
"20109",7.84489762919655e-05,0.705735204495979,0.294186346527729,2
"20111",0.440072558097973,0.000771005480310402,0.559156436421716,3
"20113",0.00056961731552249,0.987915861171809,0.0115145215126682,2
"20115",0.00122761636741538,0.00107367892094861,0.997698704711636,3
"20117",0.657081358127142,0.33298345072367,0.00993519114918757,1
"20119",0.000124668614060228,0.99933507871955,0.000540252666390141,2
"20121",0.000841753192720063,0.999049844487499,0.000108402319781273,2
"20123",0.99465916419688,0.0052912488164347,4.95869866851815e-05,1
"20125",8.89058852566546e-05,0.000762944659982501,0.999148149454761,3
"20127",0.000755850259353824,0.999119302453828,0.000124847286817898,2
"20140",0.378347486435937,0.584011198782638,0.0376413147814252,2
"20142",5.43506734773416e-05,0.000148062464806943,0.999797586861716,3
"20144",0.0183869273500882,0.000919453611142567,0.980693619038769,3
"20146",0.00587911268892128,0.0130354730447568,0.981085414266322,3
"20148",0.00103162754087964,0.0581965725570142,0.940771799902106,3
"20150",1.03403267290353e-06,1.78940332514543e-05,0.999981071934075,3
"20152",0.00122781057899654,0.176055365816148,0.822716823604856,3
"20154",0.933032217464443,0.0668222458553346,0.000145536680222559,1
"20156",0.022227888659421,0.678071160177275,0.299700951163304,2
"20159",3.54569334761559e-05,0.000135319588719484,0.999829223477804,3
"20161",0.00121945378400165,0.0112700424435549,0.987510503772444,3
"20163",0.00833307219338512,0.302391334717189,0.689275593089426,3
"20165",0.00162713825261247,0.307162785795011,0.691210075952376,3
"20167",4.72152067977065e-05,0.0142331293551457,0.985719655438057,3
"20169",0.000118852479223313,0.000287978028727886,0.999593169492049,3
"20171",0.980856048746143,0.0191156408998258,2.8310354031321e-05,1
"20173",0.000371189522235849,0.538104872696695,0.461523937781069,2
"20175",9.34557028790829e-05,0.0058210830064754,0.994085461290646,3
"20177",5.68779538557754e-05,0.957522863817944,0.0424202582281997,2
"20180",0.00355767813202947,0.996406424542844,3.58973251267254e-05,2
"20182",0.00315104639512447,2.70176191855579e-05,0.99682193598569,3
"20184",4.31477399225329e-05,0.00163901373218935,0.998317838527888,3
"20187",0.000108125698374994,0.265026162412271,0.734865711889354,3
"20189",3.05410800933614e-05,0.950354762974906,0.0496146959450008,2
"20192",0.1190570272072,0.870529964550313,0.0104130082424867,2
"20194",2.74792652493766e-05,0.000826856917349317,0.999145663817401,3
"20196",0.155890284973487,0.84385771962933,0.000251995397182793,2
"20198",0.0129575868251073,0.52458656917375,0.462455844001143,2
"20204",4.01440784836301e-05,0.000145538678640009,0.999814317242876,3
"20207",0.0994396009051378,0.899558982411085,0.00100141668377677,2
"20209",0.234127878345373,0.0109376480393237,0.754934473615303,3
"20211",0.995921266410669,0.00398425734580001,9.44762435306587e-05,1
"20215",0.00243874118940084,0.980332152703118,0.0172291061074814,2
"20218",2.71200150571222e-05,0.000119293165542012,0.999853586819401,3
"20222",0.0757597599279061,0.91322497050374,0.011015269568354,2
"20225",0.00152706368784547,0.000922005773930648,0.997550930538224,3
"20229",0.240653499661324,0.138376750838713,0.620969749499962,3
"20232",0.0274125729781732,0.930091148406747,0.0424962786150803,2
"20234",0.106097609271995,0.893896243268226,6.14745977860872e-06,2
"20238",0.00281844797470214,0.995810466351695,0.00137108567360254,2
"20253",0.00168489614320094,0.99771854273125,0.000596561125549093,2
"20255",0.00339611591798533,0.00453976759059777,0.992064116491417,3
"20258",0.000167567633860987,0.999546308073334,0.000286124292804653,2
"20269",0.000272852399278954,0.840664709633785,0.159062437966936,2
"20271",5.60518411531429e-05,0.998745741452633,0.00119820670621417,2
"20285",0.000280693792718238,0.0777973629166791,0.921921943290603,3
"20288",0.00433385806236176,0.972109031979671,0.0235571099579677,2
"20291",0.216173289151878,0.783205338025844,0.000621372822278342,2
"20295",0.000370242167126476,0.676409164840262,0.323220592992612,2
"20298",2.91964799902896e-05,0.000289565781706806,0.999681237738303,3
"20302",2.08135413008218e-05,0.00232302211018542,0.997656164348514,3
"20305",1.47413525153547e-05,0.000273286205154654,0.99971197244233,3
"20307",0.000947954195160641,0.998996659237596,5.53865672437271e-05,2
"20310",0.00366762950279437,0.99632189167812,1.04788190858639e-05,2
"20313",6.21513371779721e-06,4.45032010499482e-05,0.999949281665232,3
"20315",0.000271000618678948,0.998702173925301,0.00102682545601978,2
"20319",0.517330513729112,0.482360995805348,0.000308490465540444,1
"20321",0.000240279146111563,0.999195955022834,0.000563765831054274,2
"20327",3.43915062273291e-05,0.999725872718633,0.00023973577514004,2
"20329",5.67489156249896e-06,0.00236178091131647,0.997632544197121,3
"20335",0.114948893686895,0.884950293983939,0.000100812329165646,2
"20337",3.12689539852788e-05,0.000174013313033414,0.999794717732981,3
"20339",0.965886261265353,0.023562799808085,0.0105509389265622,1
"20341",0.947048642413881,0.0522401767501988,0.000711180835920707,1
"20343",0.0143288810678678,0.985316889205969,0.00035422972616292,2
"20345",0.000587269744624497,0.0570509422114716,0.942361788043904,3
"20350",0.260491408726222,0.449704168523888,0.28980442274989,2
"20352",8.20682282137189e-05,0.000647454438035342,0.999270477333751,3
"20355",0.00188890434519237,0.0273779701720519,0.970733125482756,3
"20358",1.94297342356459e-06,0.000398488941165769,0.999599568085411,3
"20363",0.000223798544213811,0.998730003935374,0.00104619752041255,2
"20365",0.444604495620413,0.54497391879664,0.0104215855829469,2
"20379",0.00251761396402246,0.00297239087338109,0.994509995162597,3
"20387",0.00244394259704292,0.996946676135204,0.00060938126775255,2
"20392",0.991128425602421,0.00883694979492176,3.46246026571176e-05,1
"20395",0.00176993238510996,0.0845926299693349,0.913637437645555,3
"20397",1.14369509694743e-05,0.000262794723817643,0.999725768325213,3
"20410",0.000947308688521177,0.99611282168486,0.00293986962661891,2
"20414",2.17841730477572e-05,0.00197836490279141,0.997999850924161,3
"20417",0.827762105066554,0.172230941999165,6.95293428082637e-06,1
"20419",8.48434755509769e-06,0.999757813334156,0.000233702318288696,2
"20421",0.0272068934746636,0.0110385290846959,0.961754577440641,3
"20423",0.000282923375736085,0.000783969739995504,0.998933106884268,3
"20425",0.00123204843019255,0.00224864966123486,0.996519301908573,3
"20427",0.000281961148372869,0.197888950171339,0.801829088680289,3
"20429",0.00642303799519969,0.991655130633499,0.00192183137130099,2
"20432",2.80136027207217e-06,0.000226939408344508,0.999770259231383,3
"20435",0.0296524439173967,0.918061397702847,0.0522861583797566,2
"20438",6.82628202069153e-05,0.996310635754024,0.00362110142576885,2
"20440",8.16027034991967e-05,0.998766230972414,0.00115216632408715,2
"20443",0.00246719646261185,0.0147596399490191,0.982773163588369,3
"20446",0.00248583231489764,0.578182340109547,0.419331827575555,2
"20449",0.0193427890890721,0.922088729755033,0.0585684811558954,2
"20537",0.232528762736895,0.754820528023512,0.0126507092395936,2
"20540",0.974278386144958,0.0256930812605912,2.85325944511977e-05,1
"20543",0.00192519568639581,0.357912616668566,0.640162187645038,3
"20545",0.995792464638273,0.0040966943628956,0.00011084099883166,1
"20549",0.00966898300630675,0.119329129257836,0.871001887735858,3
"20551",0.00295794088254638,0.978599561665523,0.0184424974519308,2
"20554",0.000255420000695328,0.993501290539433,0.00624328945987136,2
"20556",0.209716488596676,0.414157574921331,0.376125936481993,2
"20558",0.000412603028333079,0.999412446948053,0.000174950023613544,2
"20560",0.000246377379051739,0.954832258944533,0.0449213636764149,2
"20563",0.000582075820783936,0.999332037549787,8.58866294295041e-05,2
"20565",0.00237139629143782,0.798807158149988,0.198821445558574,2
"20567",1.59581327579404e-05,0.000520126344184293,0.999463915523058,3
"20571",0.0342033941065664,0.961796573600548,0.00400003229288528,2
"20573",0.00684746240553975,0.953250697224153,0.0399018403703072,2
"20575",0.000264840180630637,0.999637333228274,9.78265910960396e-05,2
"20577",0.00858787299057541,0.432501730305595,0.558910396703829,3
"20579",2.07203311480796e-06,0.00015132102885463,0.999846606938031,3
"20582",0.000299077711588661,0.999660762681949,4.01596064620592e-05,2
"20585",0.824893500650184,0.16930669205754,0.0057998072922757,1
"20588",0.961017856487377,0.0232431494309449,0.0157389940816776,1
"20590",7.90156395119667e-07,3.23585878357987e-05,0.999966851255769,3
"20592",0.000232673027040824,0.999713853291153,5.3473681806569e-05,2
"20594",0.000633477932568515,0.99932334174678,4.31803206517033e-05,2
"20596",2.08130606342397e-05,0.968720279720418,0.0312589072189478,2
"20598",0.000264749741541497,0.991888175041981,0.00784707521647747,2
"20600",0.71010675540921,0.155818509716893,0.134074734873897,1
"20603",0.00904901003438687,0.00396948567725324,0.98698150428836,3
"20605",0.000814676683006136,0.998893969075107,0.000291354241886657,2
"20607",4.12821789307224e-05,0.998494592724277,0.00146412509679214,2
"20609",0.00028659763310507,0.980848542667438,0.0188648596994568,2
"20611",2.00243519325452e-05,0.000432476966904711,0.999547498681163,3
"20613",0.00705432314417235,0.810118772105449,0.182826904750379,2
"20615",0.102078459285212,0.497851836120038,0.40006970459475,2
"20617",4.21472149991699e-05,0.000148645852998792,0.999809206932002,3
"20619",0.000117459218210532,0.999700089308897,0.000182451472892731,2
"20621",0.000795905970650531,0.984384723120948,0.0148193709084016,2
"20623",8.95086345268296e-06,0.0211448180619525,0.978846231074595,3
"20625",0.041712066491993,0.00434593916700919,0.953941994340998,3
"20627",0.00100499058648162,0.945096801101477,0.0538982083120413,2
"20629",0.0051985414935532,0.876223592566929,0.118577865939518,2
"20631",0.000364372779596655,0.999481784364383,0.000153842856020103,2
"20633",4.10685887812872e-06,3.72547889910277e-05,0.999958638352131,3
"20636",2.40616655066202e-05,0.00214049468958719,0.997835443644906,3
"20638",0.145775730809727,0.392160305920354,0.462063963269919,3
"20640",0.0660933219731493,0.933149823703347,0.000756854323503857,2
"20645",0.00644947017736492,0.993543175186463,7.35463617169933e-06,2
"20647",0.000245247607096388,0.000559849887678011,0.999194902505225,3
"20649",0.0132646069204579,0.974224548247988,0.0125108448315548,2
"20651",0.0050144012299903,0.994838559051242,0.000147039718768264,2
"20656",0.0380780417486049,0.959698938980667,0.00222301927072759,2
"20660",0.849444241960084,0.140170455534957,0.0103853025049591,1
"20662",1.78421020893785e-05,0.00180558564994143,0.998176572247969,3
"20664",9.35795949664417e-05,0.857113288903874,0.142793131501159,2
"20666",0.175160479648355,0.00693123507674474,0.8179082852749,3
"20668",2.72295818353784e-06,0.000232540506652557,0.999764736535164,3
"20670",0.000676183448665656,0.996742829750455,0.00258098680087939,2
"20672",6.92967092900497e-05,0.000196392322123246,0.999734310968587,3
"20674",0.000376571327213737,0.941525516891477,0.0580979117813093,2
"20676",6.30932855952945e-06,3.75615891171342e-05,0.999956129082323,3
"20678",8.69125484367406e-07,2.96103705485704e-05,0.999969520503967,3
"20680",8.3282206090372e-05,0.00328032785593999,0.99663638993797,3
"20682",3.93279200533006e-05,0.0130363685852833,0.986924303494664,3
"20684",0.00596451449777529,0.935854448739497,0.0581810367627276,2
"20686",2.87905037610831e-05,0.000165312509052963,0.999805896987186,3
"20688",1.40409466771702e-06,5.85497067687412e-05,0.999940046198564,3
"20690",0.906912512740725,0.0920553846024668,0.00103210265680791,1
"20692",1.46751466530032e-06,2.66263247698687e-05,0.999971906160565,3
"20694",9.15632368873282e-06,0.000125408406583849,0.999865435269727,3
"20696",9.73941273071061e-05,0.00284244954642219,0.997060156326271,3
"20698",0.0133039563665839,0.858868490157464,0.127827553475952,2
"20700",0.000849001048793965,0.987786607423467,0.0113643915277389,2
"20702",0.818187012669227,0.181658591266147,0.000154396064625969,1
"20704",0.000833963633671943,0.926577287276962,0.0725887490893664,2
"20706",0.00719171427980838,0.279570254842968,0.713238030877224,3
"20708",4.31980549375885e-06,0.000351121332870083,0.999644558861636,3
"20710",0.321314548719942,0.66769686957429,0.0109885817057678,2
"20714",2.55562845081132e-06,0.000587238238080788,0.999410206133469,3
"20716",0.000262412411432236,0.996399207472667,0.00333838011590118,2
"20719",0.000931837759008747,0.768524982947691,0.230543179293301,2
"20721",0.000244149662542338,0.999691564767829,6.42855696291032e-05,2
"20723",0.00872759086053668,0.817732103201545,0.173540305937918,2
"20725",0.0011813587111129,0.0188370914521516,0.979981549836735,3
"20727",0.00265222068911219,0.000204343235867784,0.99714343607502,3
"20729",2.69902816115017e-05,0.000529049754957079,0.999443959963431,3
"20731",0.00156871750035328,0.00984910566836189,0.988582176831285,3
"20733",0.00580204543444154,0.951692321953039,0.0425056326125199,2
"20735",0.0315733837050942,0.813036595156415,0.155390021138491,2
"20737",1.05187890822517e-06,0.000120359668629483,0.999878588452462,3
"20739",1.12958090912369e-05,5.19936428031975e-05,0.999936710548106,3
"20741",0.000195892051596766,0.0147970092700369,0.985007098678366,3
"20743",0.000277528938900713,0.0277762754547753,0.971946195606324,3
"20745",0.000589851949542978,0.998946402268093,0.000463745782364629,2
"20747",3.2413172357227e-05,0.000622961103848887,0.999344625723794,3
"20749",2.98629997157562e-05,0.000258962494869866,0.999711174505414,3
"20751",0.0102422259093361,0.000400758008598735,0.989357016082065,3
"20753",3.80513232633644e-05,0.00101951171387415,0.998942436962862,3
"20755",9.25401737106048e-06,0.000797026903077209,0.999193719079552,3
"20757",6.93067903443532e-05,0.207349561010149,0.792581132199507,3
"20759",8.51846314963775e-05,0.998399037305434,0.00151577806306903,2
"20761",0.000352252533745931,0.0841061502430374,0.915541597223217,3
"20763",0.00198082678934692,0.12295045212932,0.875068721081333,3
"20765",0.000275161093588867,0.011157491839992,0.988567347066419,3
"20767",0.000625248870047202,0.983357262981686,0.0160174881482673,2
"20769",0.544052465402502,0.448052748488523,0.00789478610897445,1
"20771",1.61676406571871e-05,0.0713555528167642,0.928628279542579,3
"20773",0.000770106375921016,0.0713672348986625,0.927862658725416,3
"20775",0.0016126883640695,0.0193790283060777,0.979008283329853,3
"20777",0.497617158503336,0.0840587060939234,0.418324135402741,1
"20779",0.000778874163481115,0.014755225163702,0.984465900672817,3
"20781",0.940487966161115,9.33736067702863e-05,0.059418660232115,1
"20783",5.93827752894457e-05,0.0520588860597294,0.947881731164981,3
"20785",7.11384685339679e-05,0.00276338530017497,0.997165476231291,3
"20787",1.31491221127274e-06,0.000704291068769248,0.999294394019019,3
"20789",0.00248495738650046,0.781333100227714,0.216181942385786,2
"20791",3.19412469875705e-06,4.26456832440078e-05,0.999954160192057,3
"20793",0.00236050314152775,0.771720345134263,0.225919151724209,2
"20795",6.66047407076115e-06,0.000465638376056264,0.999527701149873,3
"20797",0.0934594173708175,0.000101045796546747,0.906439536832636,3
"20800",0.000144759390571394,0.000851224680552776,0.999004015928876,3
"20802",0.000271275864866425,0.0305518587831573,0.969176865351976,3
"20804",2.82777555430185e-06,0.000161162238906583,0.999836009985539,3
"20806",1.90914806642398e-06,2.74388433286792e-05,0.999970652008605,3
"20808",0.000122190020767608,0.995417134263068,0.00446067571616428,2
"20810",4.16136457772994e-05,0.00173103237260534,0.998227353981617,3
"20812",0.0168431671482073,0.0188548050371538,0.964302027814639,3
"20814",5.75785454150133e-07,2.04929666857927e-05,0.99997893124786,3
"20816",0.012765385240556,0.967403356912571,0.0198312578468725,2
"20818",0.000489626323013521,0.0285554827445233,0.970954890932463,3
"20820",6.86456020617475e-05,0.000170813886477611,0.999760540511461,3
"20822",0.000119749948531093,0.0208760816853635,0.979004168366105,3
"20824",7.80897047784994e-05,0.0022417643606596,0.997680145934562,3
"20826",3.40209180160763e-05,0.000135126867799998,0.999830852214184,3
"20828",0.000220528376119662,0.000543133407059737,0.999236338216821,3
"20830",4.73634257235457e-05,0.000451453839849952,0.999501182734426,3
"20832",0.000445145229895788,0.357874534999883,0.641680319770222,3
"20834",0.00219454351044649,0.988505026707841,0.0093004297817127,2
"20836",0.000304290189024544,0.00667181675613273,0.993023893054843,3
"20838",1.48751784281614e-06,3.76331410932868e-05,0.999960879341064,3
"20840",0.000650043734227104,0.921768532328398,0.0775814239373753,2
"20842",0.000110029737607806,0.00379210453002428,0.996097865732368,3
"20844",3.10005202163065e-05,0.0786852960933417,0.921283703386442,3
"20846",0.000114777510536941,0.0170628251438227,0.98282239734564,3
"20848",0.00192495756051083,0.344461443679405,0.653613598760084,3
"20850",0.000101793641394709,0.927159280866498,0.0727389254921072,2
"20852",0.00154700498441894,0.930907837789536,0.0675451572260448,2
"20854",2.48667625683877e-05,0.000119298714056964,0.999855834523375,3
"20856",0.945216749709163,0.0350002801272441,0.0197829701635923,1
"20858",0.00129091543570901,0.997004275684166,0.00170480888012532,2
"20860",0.000860216668477936,0.10261376379023,0.896526019541292,3
"20862",6.08902315019079e-05,0.999713855661799,0.000225254106699183,2
"20864",0.000293095138132262,0.000926900732900608,0.998780004128967,3
"20866",0.00174766404354479,0.998246909640925,5.42631553042444e-06,2
"20868",0.00348414977631444,0.986129816569362,0.0103860336543236,2
"20870",0.0021609889800423,0.0596493048318926,0.938189706188065,3
"20872",7.91539993487488e-05,0.00200156900676581,0.997919276993885,3
"20874",2.76560044531865e-06,5.22837697489305e-05,0.999944950629806,3
"20877",0.0171237862133323,0.979510025477809,0.00336618830885862,2
"20879",0.00288106740415902,0.996943032625511,0.000175899970330174,2
"20881",4.6732369701651e-05,0.000468921993824884,0.999484345636473,3
"20883",0.000211211456193674,0.000145190329871684,0.999643598213935,3
"20885",0.000207190933196154,0.00120501719499321,0.998587791871811,3
"20887",0.0098990888653895,0.854437277616273,0.135663633518337,2
"20889",0.00430624617903348,0.0127676410946834,0.982926112726283,3
"20891",0.00400130727230256,0.995829718555686,0.000168974172011423,2
"20896",0.0760121857975836,0.844031700577405,0.0799561136250116,2
"20898",0.000489635858594108,0.0449701041663914,0.954540259975014,3
"20900",0.109550451553585,5.04640236817094e-05,0.890399084422733,3
"20902",0.7625141080728,0.231301605937899,0.00618428598930152,1
"20904",0.00994848567545858,0.125065422987264,0.864986091337277,3
"20906",0.0187991158970165,0.978393628318827,0.0028072557841565,2
"20908",0.00012633137560971,0.0228124735990866,0.977061195025304,3
"20910",6.34201948118596e-06,0.0172850237815048,0.982708634199014,3
"20912",0.949687925250499,0.000156498976680676,0.0501555757728201,1
"20914",0.0105975166119485,0.989385842239684,1.66411483674408e-05,2
"20968",0.0100481532193478,0.0100181101281301,0.979933736652522,3
"20970",0.000843815697700695,0.952490372595079,0.0466658117072204,2
"20981",1.64594658580667e-05,0.978642886256795,0.0213406542773466,2
"20983",1.38461396994313e-06,1.74045112627655e-05,0.999981210874767,3
"20988",0.000169160532674431,0.99411398106224,0.00571685840508579,2
"20995",0.717306151428191,0.199220254214702,0.0834735943571065,1
"21017",4.60674004173309e-05,0.123690520096445,0.876263412503138,3
"21038",0.00705713795608975,0.991147121403363,0.0017957406405473,2
"21072",0.0062547428873853,0.967243684270131,0.026501572842484,2
"21075",0.0495048837151888,0.950274564297003,0.000220551987808228,2
"21223",0.00508174673178222,0.159750116846514,0.835168136421703,3
"21225",0.999641855271014,0.000307884105942543,5.02606230431302e-05,1
"21230",1.95125790338068e-06,2.15130641028885e-05,0.999976535677994,3
"21236",0.00010808554384625,0.0118107050213884,0.988081209434765,3
"21238",0.634566622259224,0.174053411126643,0.191379966614133,1
"21241",0.000531751638444227,0.99538084380168,0.00408740455987608,2
"21246",3.26025700360721e-05,0.972414583146582,0.0275528142833818,2
"21253",2.97781231432966e-05,0.000173972114873769,0.999796249761983,3
"21256",0.000191028876200306,0.00512394890552563,0.994685022218274,3
"21260",0.990819205871686,0.00913268066816169,4.8113460151973e-05,1
"21266",0.000349098175763727,0.989740152344948,0.00991074947928811,2
"21332",7.03974055328869e-05,0.991675855025706,0.00825374756876111,2
"21334",0.0155422062280864,0.0560449455906432,0.92841284818127,3
"21375",0.000685992328885721,0.999071792691186,0.000242214979928178,2
"21378",0.00340527275234458,0.99657812165781,1.66055898456266e-05,2
"21381",0.0110742176959988,0.988334172472112,0.000591609831889156,2
"21389",5.59547297971466e-06,0.000800758959333784,0.999193645567686,3
"21391",0.000720509751200135,0.953087968670411,0.0461915215783886,2
"21402",9.35386495180848e-06,0.996841814684911,0.00314883145013715,2
"21404",0.256723251923265,0.739384931128458,0.00389181694827715,2
"21409",0.0409031394945028,0.94705474635474,0.0120421141507577,2
"21413",0.0974031812413314,0.692338215373181,0.210258603385488,2
"21423",0.00298367826573134,0.996513868980868,0.000502452753400661,2
"21425",0.026409638422368,0.93327248822957,0.0403178733480625,2
"21430",0.982544679536088,0.00805657709119172,0.00939874337272035,1
"21432",0.000188604608765844,0.980313948916323,0.0194974464749113,2
"21438",0.000901585981728648,0.995211943040825,0.00388647097744658,2
"21440",0.00281158936885373,0.925925799846112,0.0712626107850338,2
"21443",1.15145657862189e-05,0.000650107256402319,0.999338378177811,3
"21445",0.997647877490042,0.00139988104025607,0.000952241469701666,1
"21447",0.00377345962566377,0.996141466484296,8.50738900403841e-05,2
"21449",1.2173746896678e-05,0.998493173304044,0.00149465294905927,2
"21451",1.2173746896678e-05,0.998493173304044,0.00149465294905927,2
"21455",1.2277924139178e-05,0.99915976482109,0.000827957254770305,2
"21469",0.107131012901693,0.892855708987565,1.32781107427213e-05,2
"21471",0.217250998864212,0.782356757763812,0.00039224337197613,2
"21473",0.00480525996921775,0.0497850692643821,0.9454096707664,3
"21476",0.0169223236471295,0.354664595668674,0.628413080684196,3
"21478",0.00669314846194729,0.0544923316158531,0.9388145199222,3
"21481",7.55449233090759e-05,0.00140952809406515,0.998514926982626,3
"21490",0.00378253480512756,0.99329173776335,0.00292572743152218,2
"21493",0.0217421308898446,0.978242319930775,1.55491793802036e-05,2
"21495",0.0070862323142124,0.749612536820588,0.2433012308652,2
"21500",0.00113541956058633,0.985585405403027,0.0132791750363862,2
"21504",0.0015855670991994,0.864015654748791,0.134398778152009,2
"21507",0.0153510034582407,0.984567315299421,8.1681242338801e-05,2
"21512",0.00203623801646107,0.995949558049335,0.00201420393420406,2
"21519",0.000166653629414458,0.0328519199060005,0.966981426464585,3
"21522",0.886294133101574,0.00328669521685847,0.110419171681567,1
"21524",0.00017757489173458,0.995979057386112,0.00384336772215348,2
"21528",0.00136955046493413,0.998475147597324,0.000155301937742022,2
"21532",0.0852258605757625,0.849131106675891,0.0656430327483464,2
"21543",0.0263901091068967,0.118990607415007,0.854619283478096,3
"21546",0.039629918099206,0.880244627493524,0.0801254544072698,2
"21550",0.0033771534934582,0.996502414281562,0.000120432224980029,2
"21554",7.23935824224013e-05,0.999561838248732,0.000365768168845613,2
"21557",0.0505952606233377,0.00853928994686693,0.940865449429795,3
"21560",0.0158474722358581,0.984107090828062,4.5436936079551e-05,2
"21564",0.000122796258075571,0.47041556307826,0.529461640663664,3
"21566",0.000551071666463235,0.999223292635077,0.000225635698459973,2
"21569",0.0173202410216003,0.890684426161055,0.0919953328173446,2
"21574",0.00161787856323477,0.00290395508472797,0.995478166352037,3
"21576",5.94994217534088e-05,0.0136784732748554,0.986262027303391,3
"21578",2.87210419689995e-05,0.000274651119733506,0.999696627838297,3
"21580",9.17068175561796e-05,0.017351853085641,0.982556440096803,3
"21583",0.00116564756438056,0.998776819251211,5.75331844088446e-05,2
"21585",4.02883588649158e-06,0.000443891837410545,0.999552079326703,3
"21587",0.000544446383323199,0.0025079539796006,0.996947599637076,3
"21589",0.00283575661253795,0.00265252433148148,0.99451171905598,3
"21593",0.442038002707866,0.00213259847198984,0.555829398820144,3
"21595",0.0351787316767006,0.000650249376759975,0.964171018946539,3
"21597",0.000161113515020842,0.186573420221581,0.813265466263398,3
"21599",5.6011550154884e-07,2.10864896763196e-05,0.999978353394822,3
"21601",0.0777733039892345,0.607949488814518,0.314277207196247,2
"21603",1.15843358151557e-06,6.1160475905076e-05,0.999937681090513,3
"21605",3.41072619355457e-05,0.000276630309698234,0.999689262428366,3
"21607",0.0416631965475219,0.0863440128097205,0.871992790642757,3
"21610",0.00485391665385838,0.236610240772289,0.758535842573853,3
"21612",1.87270041824047e-05,0.000472089227085728,0.999509183768732,3
"21614",0.0226991567195325,0.539644921955116,0.437655921325351,2
"21616",0.00993692110314677,0.0731482077610487,0.916914871135805,3
"21618",0.196606748229484,0.800816874088814,0.00257637768170223,2
"21620",1.30076444783627e-05,0.000482144398215009,0.999504847957307,3
"21622",0.0184971062983988,0.980999302307575,0.000503591394025634,2
"21624",0.00335640858671601,0.0123227268061648,0.984320864607119,3
"21626",2.70658896124452e-05,0.309789391286328,0.690183542824059,3
"21628",0.0127036880983823,0.860268250112626,0.127028061788992,2
"21630",0.000347181329546226,0.0421924575624532,0.957460361108001,3
"21632",0.00328534389664914,0.836654457914476,0.160060198188875,2
"21634",0.000837922744249133,0.955735899681775,0.0434261775739752,2
"21636",0.000920669196401106,0.00264947985036559,0.996429850953233,3
"21638",6.53226030434534e-05,8.70833771567755e-05,0.9998475940198,3
"21640",0.00541821201916276,0.289769383351275,0.704812404629562,3
"21642",0.000190993677575277,0.00582605247200138,0.993982953850423,3
"21644",0.0788376698879076,5.06822096333408e-05,0.921111647902459,3
"21647",4.72122890926811e-05,0.000276805428426249,0.999675982282481,3
"21649",0.000333943196350378,0.00559253933544328,0.994073517468206,3
"21651",0.00355119412473319,0.0190932414989827,0.977355564376284,3
"21653",0.579804670113086,0.00145115643553424,0.41874417345138,1
"21655",7.63357669290986e-06,5.00365305566251e-05,0.99994232989275,3
"21657",0.000276125904494241,0.00443763429692973,0.995286239798576,3
"21659",9.78525221247606e-05,0.0017101170383938,0.998192030439481,3
"21661",0.00050058842505272,0.0026169570132043,0.996882454561743,3
"21663",6.23889710129604e-05,0.00131720770946741,0.99862040331952,3
"21665",0.00110802622981309,0.000599139957168985,0.998292833813018,3
"21667",0.000332811059883574,0.911899199583877,0.0877679893562394,2
"21670",0.00504551456295452,0.750706339141487,0.244248146295558,2
"21672",0.00262464726935927,0.0407636487913148,0.956611703939326,3
"21674",0.000484064581748418,0.999113370421261,0.000402564996990546,2
"21676",6.17918337731181e-05,0.987015338484056,0.0129228696821704,2
"21678",0.96291092963622,0.00508329406415019,0.03200577629963,1
"21680",0.00197355766890132,0.00131115601809604,0.996715286313003,3
"21685",0.00551313180889296,0.972958386279296,0.0215284819118114,2
"21687",0.652455407328955,0.061073664811156,0.286470927859889,1
"21690",0.000216905300078165,0.0012643167542832,0.998518777945639,3
"21707",0.000472253015293638,0.999387146286453,0.000140600698253457,2
"21710",0.926482692413099,0.0718150624279091,0.00170224515899152,1
"21713",0.00113250566108578,0.996356667789699,0.00251082654921539,2
"21718",0.800429074386407,0.173529690836868,0.0260412347767247,1
"21721",0.867112339759632,0.00210174070037302,0.130785919539996,1
"21723",0.0183588407245574,0.98160810312384,3.30561516025813e-05,2
"21726",4.69989277559036e-05,0.999873707380932,7.92936913119819e-05,2
"21729",0.00404719708399723,0.000516516266373642,0.995436286649629,3
"21733",6.12449100735864e-05,0.000184335597060071,0.999754419492866,3
"21735",0.802648912334574,0.14345786401294,0.0538932236524857,1
"21739",0.000539094987199286,0.984615222260405,0.0148456827523959,2
"21741",0.000591141184315968,0.995198705093568,0.00421015372211561,2
"21744",0.00039372401740894,0.968394273317776,0.0312120026648148,2
"21746",0.00249749488575864,0.997476149749368,2.63553648736809e-05,2
"21748",0.00752161353037074,0.991476205894889,0.00100218057473978,2
"21750",1.61384262722642e-05,0.00195564711987356,0.998028214453854,3
"21752",0.00232541434815706,0.981616630284232,0.0160579553676108,2
"21755",0.00115688828109956,0.690462522960424,0.308380588758477,2
"21757",0.0112623122404861,0.109876295323447,0.878861392436067,3
"21760",0.717306151428191,0.199220254214702,0.0834735943571065,1
"21762",0.000708627187445827,0.999253734875533,3.76379370217242e-05,2
"21764",2.30649108396396e-05,0.000337525543229076,0.999639409545931,3
"21766",0.00189369381115292,0.998026166997007,8.01391918401499e-05,2
"21768",0.00484940698020076,0.425400584676921,0.569750008342878,3
"21770",0.00126593126570481,0.542830303562694,0.455903765171601,2
"21773",0.0331950637214329,0.966792084201662,1.285207690493e-05,2
"21775",0.000492540520244862,0.0664727591873513,0.933034700292404,3
"21777",7.4397504471346e-05,0.000520924011351574,0.999404678484177,3
"21779",0.0358887545274685,0.523598423091199,0.440512822381333,2
"21781",0.000477360848999914,0.94205111752504,0.0574715216259606,2
"21784",0.00153513067631984,0.996705621816887,0.0017592475067928,2
"21786",0.000188701311794647,0.238751122669784,0.761060176018421,3
"21789",0.00550527397913419,0.873567664256922,0.120927061763943,2
"21791",0.00392361374525737,0.994824974280459,0.0012514119742835,2
"21794",0.00361485551981739,0.0627592096759591,0.933625934804224,3
"21797",0.940311214909068,0.0272252468042249,0.0324635382867074,1
"21800",0.860803900758948,0.139123504260959,7.25949800928008e-05,1
"21802",0.032536479106793,0.928464777972587,0.0389987429206199,2
"21804",0.997415843675778,3.72662524978214e-05,0.00254689007172439,1
"21806",0.879290386115425,0.00968307110140258,0.111026542783173,1
"21808",0.568294217754061,0.0353053332034591,0.39640044904248,1
"21811",0.775110351664393,0.211311133293267,0.0135785150423392,1
"21815",0.000468152143184338,0.995989029443087,0.00354281841372826,2
"21817",0.972846750969404,0.00966000961408674,0.0174932394165093,1
"21820",0.0693024673305018,0.925984351237471,0.0047131814320266,2
"21822",0.000619115815770668,0.0233630604002984,0.976017823783931,3
"21824",3.25805055051077e-05,0.0297044702387106,0.970262949255784,3
"21826",0.000534593664646817,0.999285097321443,0.000180309013909979,2
"21828",0.00010776850545379,0.487557377323788,0.512334854170758,3
"21830",5.89966329501819e-05,0.0138786921055661,0.986062311261484,3
"21833",6.19734187415214e-05,0.138327465401009,0.861610561180249,3
"21835",6.19734187415214e-05,0.138327465401009,0.861610561180249,3
"21838",0.160396731484256,0.838286362033429,0.00131690648231468,2
"21840",0.00837609576939032,0.991579398892548,4.45053380615098e-05,2
"21842",0.315580577580708,0.681367033019376,0.00305238939991628,2
"21844",9.84745618509088e-05,0.15998950822105,0.839912017217099,3
"21847",0.00156776758235723,0.964161101032843,0.0342711313848001,2
"21849",0.00119335105965626,0.213300297486649,0.785506351453695,3
"21852",0.0959850260868926,0.811171469817882,0.0928435040952257,2
