"","V1","V2","V3","V4","V5","V6","best$classification"
"19812",0.0396854516329225,2.97602408309159e-06,0.000454332198972034,0.000104870642893775,0.0160009061499542,0.943751463351174,6
"19814",0.000953230647675809,0.00309082630022077,9.98979362275589e-06,3.80184503248917e-06,0.00123390239267227,0.994708249020776,6
"19816",0.00988715340727304,1.68170322340829e-06,3.98279824004945e-06,7.55537744202619e-05,0.975809358932706,0.0142222693841376,5
"19818",0.000613293036714703,0.0107975862293293,2.98094083586546e-05,3.85092894956464e-05,0.0365518418217715,0.95196896021433,6
"19820",0.000185612677111539,2.40133754673248e-09,4.14087126359786e-05,4.87102076313655e-08,0.999772676209563,2.51289144263284e-07,5
"19822",0.0351502389656287,4.49879482400086e-06,0.0556669342092146,1.61820814793847e-06,0.909169669475187,7.04034699736239e-06,5
"19824",1.14978748221446e-05,0.00107963550991574,3.90283872922809e-05,0.000149082514896443,0.998149947719047,0.000570807994026707,5
"19826",0.110967943903171,6.29019121204756e-05,7.37971057590643e-06,0.0134388698307422,0.0250663164807889,0.850456588162601,6
"19828",0.000228457543502279,2.25880516343643e-06,0.000234250815659283,2.45572732774338e-07,0.999057628897145,0.000477158365797124,5
"19830",0.0750270384177897,0.000184343683871012,0.000248499450673853,0.00167592737831639,0.000133229841914571,0.922730961227434,6
"19832",0.0388532735219387,3.23751202387857e-06,0.628673437255079,8.74840832945513e-06,0.109915745275447,0.222545558027182,3
"19834",0.709269827797278,0.000144049272478197,0.00362623272154912,1.11592440528583e-06,0.259358856899236,0.0275999173850532,1
"19836",0.0125249122205431,3.1887365745846e-06,0.000177197161819074,0.122418482608021,0.281757096185834,0.583119123087208,6
"19838",0.000949631049714554,0.000653439855507727,3.44216523694712e-05,8.01622034377473e-06,2.59433732467961e-05,0.998328547848818,6
"19840",0.737724466960502,7.39980544218041e-06,6.81057140724346e-06,0.00110974712066236,0.213624446848736,0.0475271286932501,1
"19842",0.000651228609335239,1.99384420114251e-05,1.04209430712945e-07,0.94430893290419,3.92724071680789e-06,0.0550158685943157,4
"19844",4.39486757791257e-07,0.999948397772335,4.27968050382146e-08,2.46447637889154e-05,7.58690408795809e-06,1.88882762249505e-05,2
"19846",1.29870725920804e-05,0.107324110231644,8.99499091444228e-08,0.00445032157351846,5.69003416500047e-06,0.888206801138171,6
"19848",3.18584213256073e-05,0.0422301470699865,3.33928186136675e-07,0.000271536151018858,8.48929020845683e-06,0.957457635139274,6
"19850",0.000185282469765135,0.262061035653879,2.26690610366812e-06,6.59276354427294e-05,0.000127386218818015,0.737558101115992,6
"19852",0.0102025936039592,0.000581671256513697,0.000150761335446087,1.97731304267598e-05,0.660170267513391,0.328874933160263,5
"19854",8.91890123370215e-05,0.00461196156475746,8.02726692123517e-07,6.75783000737961e-05,7.83754937195399e-06,0.995222630846768,6
"19856",0.000637906757650934,0.982730047656496,8.62243683266011e-06,0.000213462976928924,0.000448702305212454,0.0159612578668796,2
"19858",0.000147477955010635,0.977185634329214,0.000111363287045576,2.84383768134649e-05,0.0199226670076659,0.00260441904425029,2
"19860",0.185756039903882,6.2405284118278e-05,6.73252642971983e-05,4.47978995365473e-05,0.238647122946588,0.575422308701579,6
"19862",3.29844866588262e-05,0.00541962723106777,9.7091523536689e-08,0.0155530862335188,2.5969180283236e-06,0.978991608039203,6
"19864",1.33234517596353e-06,2.28820557045862e-06,7.62656153755754e-08,0.999970617813021,1.82650128380243e-05,7.4203577789777e-06,4
"19866",0.083533804441988,1.62730279647222e-06,1.09578547602894e-05,0.0234827078752825,0.890235876352685,0.00273502617248794,5
"19868",0.00587717367671822,8.23850146340007e-05,0.993960254786862,4.23708923076862e-07,5.08812500726032e-06,7.4674687855383e-05,3
"19870",6.01849898740125e-05,0.00228673147074539,1.38790702746582e-06,0.00116933993992442,0.000184686145631985,0.996297669546797,6
"19873",0.00155175952550511,0.00086449183186078,4.79344255200497e-06,0.00193732029248285,0.0211555597343221,0.974486075173277,6
"19875",0.0395716647310649,9.24672300564224e-08,0.000265251704303313,9.67070996064025e-07,0.957501390643947,0.00266063338245865,5
"19877",0.00458570299611267,0.00233543186263331,1.31035512381715e-05,9.74504623944567e-05,0.002279966392139,0.990688344735482,6
"19879",0.0296202042121688,0.00612812164687009,0.000975210161326503,0.000218362608637562,0.255638012868694,0.707420088502303,6
"19881",0.00418685510160963,0.00149336321612966,6.64556903940405e-06,0.0236385452074232,0.00766077336072337,0.963013817545075,6
"19883",0.00195376494255538,9.47677214715883e-05,7.58104879640141e-07,0.284632271005021,0.00255362762233055,0.710764810603742,6
"19899",0.934640825844904,5.74476017531912e-06,0.0004057036326558,0.000236696062520172,0.0258753259148104,0.0388357037849346,1
"19908",0.976784947014886,0.000290598015287047,0.000923043990187696,0.0186844127810827,0.0030759532205569,0.000241044977999933,1
"19910",0.00209731855801522,0.000366995570856847,4.8776362987692e-05,0.000363006214010298,0.336839020343264,0.660284882950866,6
"19912",0.00521514997070645,0.000958481968855537,3.05027398075602e-07,0.574522396763268,9.81959662945879e-06,0.419293846673142,4
"19914",0.431500851066036,0.00109859648747137,0.00235453023382397,9.36627320770548e-05,0.100752085731018,0.464200273749574,6
"19916",0.000565065641242856,0.000319991840253495,4.97765914974047e-05,0.231365050789853,0.76741636469794,0.000283750439213683,5
"19918",5.11501219512501e-05,0.0892911924167272,1.2997940270719e-07,0.00235696279636231,0.000258204368104484,0.908042360317452,6
"19920",9.7774722685572e-05,0.886360053359308,7.4037537650357e-08,3.93836703472997e-05,1.39000719463794e-05,0.113488814138175,2
"19922",0.000128055262976652,1.50090704255693e-05,0.751492120015418,8.13708768772141e-06,0.0106629465743528,0.237693731989139,3
"19924",0.00611205332186052,0.0310499840702729,5.87018893130329e-06,0.000200558496288038,0.0059858703096713,0.956645663612976,6
"19926",0.735802482495982,6.39240590534823e-07,0.00565647216686965,0.0081769422861431,0.159289848901847,0.0910736149085682,1
"19928",1.309047901384e-07,1.39672864873131e-06,4.79641676456295e-09,0.999997270655034,4.11775206573015e-08,1.15573758978756e-06,4
"19930",0.000137846653769216,0.000143543739870785,5.4670096038562e-06,5.74154411746847e-05,0.000456298851061489,0.99919942830452,6
"19932",0.000120315195586905,0.00156704429463607,3.05692387024056e-06,1.90655999707783e-05,1.79557227687041e-05,0.998272562263167,6
"19934",0.0384431912820804,0.000128502377752082,0.00181152794850143,1.12069617102898e-06,0.931694000745111,0.0279216569503845,5
"19936",0.0523638301561408,0.000195479400525204,0.000283406597154416,2.85293100665653e-05,0.00615495889553929,0.940973795640574,6
"19938",0.14091083606337,5.0472472600444e-05,0.00178568461627224,1.24549516087124e-05,0.85701750902783,0.000223042868319056,5
"19940",0.000426089352458166,0.000530721585281807,6.30464594458949e-06,0.0252534159212049,0.0733867464594005,0.90039672203571,6
"19942",1.0870678249207e-05,4.21199722530505e-07,2.02143411463835e-09,0.999977728893266,6.84761798880425e-07,1.02924455293846e-05,4
"19944",0.0161481224567077,3.95496688461334e-05,5.23134552645702e-05,0.00138748782566539,0.758398955022315,0.223973571571201,5
"19946",0.00766095370641202,0.0214764726581705,4.57335248719799e-05,0.000165569069850451,0.0846493350108408,0.886001936029854,6
"19948",1.79029576506538e-07,1.67147462297614e-06,7.38413128627883e-10,0.999951503791518,8.41844766214008e-07,4.58031211031637e-05,4
"19950",1.01111068753468e-06,0.998381367186351,8.23787083923574e-08,7.04452293964323e-07,3.39521705100143e-07,0.00161649535025377,2
"19952",1.79029576506538e-07,1.67147462297614e-06,7.38413128627883e-10,0.999951503791518,8.41844766214008e-07,4.58031211031637e-05,4
"19954",7.76913704147548e-05,0.000680098150109498,1.46762303381637e-06,5.97315433668369e-05,8.2622986546459e-05,0.999098388326529,6
"19956",0.103164009149479,0.721634946563929,4.19224092392247e-05,0.0107730012423098,4.49187493836621e-06,0.164381628760105,2
"19958",1.04068468796406e-06,0.000377914755995596,0.997838624311709,9.67764745359732e-07,7.33040755514546e-05,0.00170814840731127,3
"19962",0.0192240384769523,0.211745585072831,0.00204315629996417,0.00040638195565199,0.158565087070356,0.608015751124244,6
"19964",0.000173796346394676,0.0124305823850125,1.67635611295754e-05,0.0231406759613715,0.0416609574349624,0.922577224311129,6
"19966",0.0310861560738265,3.71797155200136e-08,4.56456877596631e-05,0.00517093517864072,0.963613097992946,8.41278871111253e-05,5
"19969",0.00499994893905082,0.000121583781439026,1.27532915929149e-06,0.00954174824702825,0.000329313441252803,0.98500613026207,6
"19972",9.90517010866198e-05,0.0613341877077137,1.22132433803721e-06,0.12498520012409,0.000478282398710908,0.813102056744061,6
"19974",3.32748906628732e-06,0.879482264388033,9.3224357878062e-09,0.0351511609409789,5.43472723838908e-07,0.0853626943867625,2
"19976",0.00327579623069874,0.0458455934409436,8.70920682621406e-06,0.000291179090414617,0.01072098201749,0.939857740013627,6
"19978",0.0011502948099474,0.000472079699616964,4.95609997479531e-06,0.0010574712015019,0.767375613543123,0.229939584645836,5
"19980",4.33673718268829e-05,0.207730383270498,7.12993015642459e-07,5.34988304450534e-05,6.21715191598721e-06,0.792165820382298,6
"19982",0.00128364747997312,0.862564991980319,1.30979396147471e-05,1.58511307747838e-05,9.9253094672255e-05,0.136023158374647,2
"19984",2.23687806752424e-06,0.999642325230654,5.23835551212437e-08,4.35611909883989e-06,7.64097191408741e-06,0.000343388416710627,2
"19986",0.00720675112162651,3.62760945368667e-09,0.000225329817417378,6.1610451328388e-07,0.992565590817558,1.70851127534172e-06,5
"19988",0.00111126246223053,2.00684134892639e-09,0.000392144166131143,2.26746431356396e-08,0.998496444837936,1.23852218162494e-07,5
"19992",0.0246141076715491,2.09185905055202e-07,0.000370787894507019,1.83668898864607e-08,0.975012199382585,2.6774985642363e-06,5
"19994",0.000542459401894213,3.46600029897172e-05,1.90842100041578e-05,4.12640129160163e-05,0.000567217866626969,0.998795314505569,6
"19996",0.00068918274421536,1.00415530706834e-07,4.05638661782837e-05,1.17656537445065e-08,0.999265214918589,4.92628983337588e-06,5
"19998",0.423973997878314,0.00743031705790389,4.65831778327269e-05,0.418818613557771,0.018725344350215,0.131005143977964,1
"20000",0.228517127240558,0.000590660543487143,0.00843481574840676,0.00437363322110039,3.94291773760933e-05,0.758044334069071,6
"20003",0.0078708226809228,2.36847388302427e-06,0.000120062734216507,0.000721367517559194,0.00431554387844692,0.986969834714972,6
"20005",3.1619417839303e-05,0.0377322786800494,9.62344023318823e-08,0.00218027390234935,4.08220397514924e-06,0.960051649561385,6
"20007",0.416149587750342,0.000868030587637675,0.00128051790194353,2.46112727934272e-05,0.375488488892639,0.206188763594644,1
"20009",0.000982838009110777,0.000231122116333108,0.000501967265780824,0.000298692365139933,0.997663882731532,0.000321497512103543,5
"20011",0.000921344995486651,0.00952822343874469,4.05168134066603e-06,0.026807489132351,0.00330549770175598,0.959433393050321,6
"20013",0.0148055510103891,0.108537736533334,7.15673583461169e-06,1.8460367739607e-05,0.000310517016182232,0.87632057833652,6
"20016",0.00601015808438988,7.47144893020576e-06,0.00395614737927165,1.03532330983891e-06,0.990016165648479,9.0221156189852e-06,5
"20018",2.02402874777557e-05,9.071036262075e-10,0.994798507144787,1.08429555919025e-08,0.00518123533254535,5.48513120291514e-09,3
"20021",0.000716013583609904,9.19871704406702e-08,0.000304759221150104,8.83255466666668e-06,0.991240854697144,0.0077294479562586,5
"20023",0.0700335063012861,0.000103918908851081,0.00100483819473866,2.79726658257257e-05,0.875507572707081,0.053322191222217,5
"20025",0.000938260079025399,6.71509156219005e-08,0.494187204472392,1.0733214678769e-06,0.504859333018139,1.40619580607128e-05,5
"20027",0.0123436844443215,2.90788773464624e-05,1.42669856503469e-06,0.327024940417245,8.70409434616083e-05,0.660513828619061,6
"20029",0.000634965289827443,0.0150183046691741,5.46425833143533e-08,0.0110053687838073,2.21120197433924e-05,0.973319194594864,6
"20032",0.000482031792934404,1.97473043148208e-05,4.09072973402074e-06,0.0060831071185725,8.50457923607343e-05,0.993325977262084,6
"20034",5.24924976242931e-07,3.53178894448067e-07,5.64436364472189e-09,0.999809993226636,4.1474713144582e-06,0.000184975553814661,4
"20036",0.953002888569176,0.0182420079488481,3.62904469042671e-05,0.000236264201482291,0.00119908245846383,0.0272834663751258,1
"20038",0.220724857376586,2.99787230644092e-09,0.00452453169230135,3.90776289233633e-07,0.774569425612129,0.00018079154482167,5
"20040",6.73304911509346e-05,2.80452302319936e-06,0.0114352755080983,0.000118751949857321,0.988373044149207,2.79337866341313e-06,5
"20043",0.0112408554472478,5.5578859016474e-07,0.00060186880031332,1.35269074643584e-07,0.986337799002529,0.00181878569224481,5
"20045",0.000153657243602446,8.26239883299982e-08,0.00598755846395075,2.3906728464359e-09,0.993858516235417,1.83042369069879e-07,5
"20048",1.99803152662195e-07,0.999963070592807,4.74737791644032e-08,3.72930601086389e-07,1.33571550558301e-07,3.61756281099313e-05,2
"20051",0.10943093863249,0.0126512138397971,0.0145773224852928,1.32936481247954e-06,0.255552415798531,0.607786779879077,6
"20053",0.0024825533559211,0.000164693112097273,5.09889102066861e-05,8.45114964680736e-05,0.989163628075902,0.00805362504940518,5
"20055",0.867731890301385,1.70969669425342e-08,0.0213863957751024,1.60855663413231e-05,0.104578346290961,0.00628726496924244,1
"20057",2.86300247299049e-06,0.000807602852975839,0.999081950211498,2.98602958482562e-05,3.62770844995343e-07,7.73608663597831e-05,3
"20059",0.00182841661263385,1.82533893126655e-05,0.00211398830498157,0.000373044183264017,0.988747306504691,0.00691899100511718,5
"20061",0.0119560859108135,0.000129656099824246,0.000255196664080429,0.000393303414735252,0.905575656607839,0.0816901013027078,5
"20063",0.00041133892870769,0.991129134440727,0.000210754236178751,0.000617384617040858,0.00761671778627397,1.46699910718166e-05,2
"20065",0.000859285481608815,6.47584494012924e-11,0.91755703654493,3.92774277415955e-09,0.0815816474144677,2.02656649221699e-06,3
"20067",0.00236557954974022,0.000209364466150272,0.00984949587587289,8.27208515236816e-09,0.98740654536253,0.000169006473621547,5
"20069",7.28947863530223e-05,0.478958538589998,1.27992524069855e-06,1.90204433102646e-05,9.30210271321779e-06,0.520938964152384,6
"20071",0.992995719004429,2.61656237133341e-05,2.51889316117918e-05,0.00184749665291381,0.00236104249060399,0.0027443872967281,1
"20073",5.67610277795401e-06,0.8723839163265,6.2095379948267e-07,0.000506598457689955,0.000685568241710264,0.126417619917522,2
"20075",0.000979396570299368,7.48910459283078e-07,0.998915357121385,5.32231075631478e-08,2.64657567861219e-06,0.000101797599070722,3
"20077",0.611010988061448,0.000277750112186814,1.96214158900494e-05,5.94302859359127e-06,0.3850117408837,0.00367395649818196,1
"20079",0.013305712564435,0.832259889106586,0.000844968920668165,2.85489804964542e-05,0.106868792477766,0.0466920879500488,2
"20081",0.0671713763827735,6.62907394215707e-06,0.15265050883975,4.43343190346102e-08,0.775151118551834,0.00502032281738074,5
"20083",0.148939547481489,0.843696571662232,0.000196978754798517,0.00168346794399205,0.00113755476591242,0.00434587939157589,2
"20085",0.00205460462834476,5.40241461362255e-10,0.00228399815956686,8.50971968908603e-09,0.995661133726913,2.54435213847421e-07,5
"20088",0.00469295780193404,1.04380170806985e-07,0.000730740592631367,4.42241964839122e-08,0.99437478481112,0.000201368189947669,5
"20091",0.000259678132416622,1.58249958212939e-06,0.998811496180516,1.54318872237321e-09,0.000887499702999612,3.97419412966912e-05,3
"20095",0.00109660881871602,0.883130688726069,0.000168444506689112,0.0431206400412355,0.0595753596044796,0.0129082583028104,2
"20097",0.00781549463893897,8.71211940908221e-10,0.0101703864806831,4.49063699185329e-09,0.982013594195469,5.19323060192708e-07,5
"20099",0.000133310127714945,0.00257531491264522,1.41589994237499e-06,0.0850384937413864,0.910872864150492,0.00137860116781896,5
"20102",0.000217793806101495,0.948700515752108,0.0488553330996372,3.73011926817453e-07,0.000747166138123571,0.00147881819210312,2
"20105",0.00122124794777777,0.000408535055806809,0.000221145568050423,2.91493206682685e-07,0.994817980489647,0.00333079944551091,5
"20107",0.0666710925820578,4.2251305830128e-07,6.39231101062436e-05,1.20206640430615e-06,0.933037313427638,0.000226046300736032,5
"20109",2.24968349810295e-05,0.177472358790966,1.15711613985378e-05,0.000759193037263214,0.800015243842246,0.021719136333145,5
"20111",9.32307521174322e-05,0.00955922589711235,0.529105486066412,4.08884975255924e-05,6.24469022239712e-05,0.461138721884608,3
"20113",0.764780881673904,3.85091276396944e-07,2.7811381545836e-05,0.00545222403919049,0.227299465265376,0.00243923254870759,1
"20115",2.33036837678954e-05,0.000334704774793545,0.000156856973673763,0.00441931493737816,5.5729764969004e-05,0.995010089865418,6
"20117",0.0198728160812641,4.20654077127872e-06,0.551199195729407,0.337629733804151,0.0905621113553901,0.000731936489017049,3
"20119",0.0423218893984885,1.94148470836612e-08,1.95164014248721e-05,0.0229949786935897,0.934565914437131,9.76816545187024e-05,5
"20121",0.0456096071346532,1.44336334403596e-08,0.0002095004130471,6.68361005794867e-07,0.954155000212426,2.52094452349453e-05,5
"20123",0.000896844828012248,5.62248193952085e-09,0.998614177131548,3.75460681175558e-09,0.000482239671341258,6.72899201006328e-06,3
"20125",0.00115914994518921,0.0895839332333927,7.47817751146826e-06,1.19941467191901e-05,7.43905190594108e-05,0.909163053978128,6
"20127",0.000126854539198126,1.10994828921601e-06,0.000177963384701881,4.06676901779362e-08,0.999690678140698,3.35331942283544e-06,5
"20140",0.987565696892584,4.00450887686245e-08,0.00575654585650121,3.51043277739107e-05,0.00486761361464538,0.00177499926340647,1
"20142",8.72463024502828e-06,0.995311534253454,1.85993331900675e-07,1.36407430645477e-06,5.51062739033923e-07,0.0046776399859235,2
"20144",0.0211315707800115,0.00810366196212322,0.00339362231860873,7.14787863060352e-05,4.13251418049283e-05,0.967258341011146,6
"20146",0.35299504384378,0.35983242860335,0.000758221840661653,4.35579422543524e-05,0.00173669002104721,0.284634057748906,2
"20148",0.0350411758218891,0.000212256439478897,4.34009829591386e-05,2.03628451429175e-05,0.00411418560002973,0.9605686183105,6
"20150",1.17110462424536e-05,0.458122470625092,6.04749126329479e-08,0.00306605667571835,1.44356377171606e-06,0.538798257614263,6
"20152",0.0343227742704106,0.000149311179172304,7.70427778616164e-05,0.000101931165242658,0.0214787610928156,0.943870179514497,6
"20154",0.000409995493172449,4.11016527647139e-06,0.982972453309922,2.51516994736036e-10,0.0166090667038663,4.37407624574662e-06,3
"20156",0.647096020708427,0.0432272101285513,0.00419751726196919,0.000111448233557438,0.256807906821438,0.0485598968460575,1
"20159",0.000181985769356139,0.59033006942424,2.30965346403948e-06,1.17091745977203e-05,8.7321260626282e-06,0.409465193852279,2
"20161",0.00168590219184749,0.992857371261992,1.31052911901673e-05,9.04528784066096e-05,0.000193333306137827,0.00515983507042616,2
"20163",0.00168532384866581,4.79743335564189e-06,0.000932639471242537,0.000981374398109823,0.0345590448791763,0.96183681996945,6
"20165",1.08444412868195e-05,0.992209904345835,1.08769912403293e-05,9.88394237669691e-07,0.00709579938719352,0.000671586440206432,2
"20167",0.000578213459064574,0.00685490597773075,2.78217258186262e-06,1.22907909440562e-05,0.00225519237497709,0.990296615224702,6
"20169",7.08557417936617e-07,0.999832070530482,5.43840563363262e-08,4.40870763247676e-07,1.49352549892905e-07,0.000166576304730392,2
"20171",0.000338390281389736,5.52645657176421e-06,0.995629674012195,1.39642926478524e-10,0.00402616334060387,2.45769596857211e-07,3
"20173",4.19125303586153e-05,0.221347267529264,8.55612935718452e-06,0.708590222794573,0.069069386601754,0.000942654414693035,4
"20175",0.00227268254915798,0.00701506964503723,6.26904870552752e-06,0.000265184766700854,0.000738065834653722,0.989702728155745,6
"20177",0.000916406312613441,0.000134721993875501,3.98208227668884e-06,0.427762201593428,0.56881871758856,0.00236397042924661,5
"20180",0.00465735652258623,6.92624080884372e-11,0.00184685147668497,5.33605888659765e-06,0.993473330029958,1.71258426216748e-05,5
"20182",9.22406008163348e-08,0.99757099384594,1.02773608104047e-05,0.00223840513261939,1.58999504980857e-08,0.000180215520078404,2
"20184",0.000239890482365694,0.962350636332467,6.55244968039391e-07,7.18782561239937e-06,5.11632039714119e-05,0.0373504669106156,2
"20187",0.00434178303481131,0.00123329639433339,1.52376424142894e-07,0.990393022589373,0.00270095951470041,0.00133078609035797,4
"20189",0.000541807335188104,6.14271596782559e-06,3.76235558634606e-06,0.0115948424294084,0.948715822263602,0.0391376229002475,5
"20192",0.000197095965614493,2.36821416260546e-06,0.157492103429267,0.0164615858476478,0.823062015191609,0.00278483135169844,5
"20194",0.106878234719248,0.729665884750912,5.16746997057417e-07,0.121315018688565,3.54338746058514e-05,0.0421049112196718,2
"20196",0.0037932915718136,1.657968107612e-07,0.229452631482016,6.31466178061469e-08,0.766702161196764,5.16868059776527e-05,5
"20198",0.18657721355299,0.000777076979929895,0.00358008557407637,0.000531343588006576,0.229951263071686,0.578583017233311,6
"20204",2.41096000606479e-05,0.434878770351655,4.49193885913552e-06,2.25796644192895e-05,1.33135899298222e-05,0.565056734855077,6
"20207",0.0319911728617678,4.19628749519678e-05,0.0934130463832775,6.9187820593636e-09,0.874421558135024,0.000132252826197035,5
"20209",0.0286878178192013,5.1006031389019e-06,0.0460168321215361,0.0720859843603041,0.00031622865220805,0.852888036443611,6
"20211",0.00218052696721499,5.76525574651638e-08,0.99741585980915,8.65017283916974e-11,0.000384688491524242,1.88669930515408e-05,3
"20215",0.856907970174895,1.03781329605978e-05,9.85145848876829e-05,1.8566872709957e-06,0.141138610780631,0.00184266963935557,1
"20218",4.79581598444724e-06,0.980960605985803,2.45262533696097e-07,1.89510653024765e-06,1.17595942682484e-06,0.0190312818697217,2
"20222",0.0572298056866368,0.000103502422130243,0.0687198530646209,5.96140269555417e-08,0.867974817713964,0.00597196149862116,5
"20225",0.047016615531241,0.0316429333922503,0.000217880335118855,0.000382134678791,7.83776058274505e-05,0.920662058456772,6
"20229",0.997073231061232,1.0044213932277e-05,0.000317271586605609,1.4226965840904e-05,0.00010099281873752,0.00248423335365107,1
"20232",0.727367870779067,8.93898678729262e-06,0.00494613315106621,1.85181133135909e-05,0.241884534339878,0.0257740046298879,1
"20234",4.49757746331729e-05,6.48267588262333e-10,0.135607137322872,1.04180468220885e-06,0.86434668203462,1.62414925090795e-07,5
"20238",0.0101639845258357,7.6939355173926e-06,0.000833316149084443,7.05942828817916e-07,0.988790816516607,0.000203482930126108,5
"20253",0.652671907043917,8.30737521903597e-07,0.00014624692733403,7.73998835628452e-07,0.347147906229991,3.23350624005012e-05,1
"20255",0.00276971750506162,0.000208933589515589,0.000173433704752269,3.10464319122094e-06,0.000115028752048602,0.996729781805431,6
"20258",5.17218955367633e-05,2.2147814424968e-08,3.20982241515091e-05,7.17946584021471e-07,0.999860274432154,5.51653537595116e-05,5
"20269",3.26194733119902e-05,0.0240108919433649,5.83364166082041e-05,2.56809889473029e-05,0.95143393652948,0.0244385346482877,5
"20271",0.000129816559017703,8.71657296803201e-08,7.58272070948094e-06,0.00655858154957511,0.993158650438661,0.000145281566307299,5
"20285",0.00989460420442469,0.000988809391900003,3.33043103673956e-06,0.962109585637303,0.00238996539517416,0.0246137049401612,4
"20288",0.78291786888943,3.32144272021599e-05,0.000310393889417668,2.61137384631294e-06,0.212754766384604,0.00398114503549983,1
"20291",0.00501904423309329,1.93717839166684e-06,0.294464995854332,3.46615293054785e-07,0.700408489647795,0.000105186471095073,5
"20295",2.07740362103827e-05,0.0085924894238674,0.000108527946518755,0.097678209323657,0.836655120018843,0.0569448792509036,5
"20298",0.000351005039207889,0.00281471301829272,1.02569771554259e-06,6.50063480294863e-05,1.03419461069353e-05,0.996757907950647,6
"20302",6.1095182990323e-05,0.595081777186397,2.97378927132977e-06,0.00225452055228339,0.00070181808756969,0.401897815201488,2
"20305",8.56315384541103e-05,0.000405360465614689,4.16421676588021e-07,0.00151917728542108,8.52758530275462e-06,0.997980886703531,6
"20307",0.00112599221136046,1.90521079763275e-08,0.000267379753394714,1.14165074644702e-08,0.998599284653966,7.31291266310039e-06,5
"20310",0.000181496027720651,1.42348944659713e-08,0.00136029882815509,2.0157724132049e-07,0.998457837855673,1.51476315709879e-07,5
"20313",1.63542380289059e-07,0.999378884007015,4.72061127744669e-09,1.2813506933157e-05,4.76194186434441e-08,0.000608086603641451,2
"20315",0.0108388677551251,2.9704858542012e-07,5.38141438171225e-05,1.11620034734487e-05,0.988807204335431,0.000288654713567828,5
"20319",0.0279879672010582,1.04123344631627e-07,0.694666657703177,1.20076421874559e-07,0.277273653673071,7.1497222927115e-05,3
"20321",0.00693722723420112,5.68613535360824e-06,3.1661576529815e-05,7.54037397511891e-07,0.992994302643586,3.03683729316174e-05,5
"20327",2.28301647010081e-05,6.4656467980289e-08,3.84691436982773e-06,1.25931206714395e-05,0.999945653216947,1.50119268428078e-05,5
"20329",4.14966997044447e-06,6.07704410220471e-05,2.61647928940765e-10,0.999827611262923,4.04283765147625e-07,0.000107064080671715,4
"20335",0.000741293257945856,8.50469556082872e-07,0.126605679443262,6.91378620573418e-10,0.872644735917234,7.44022062372302e-06,5
"20337",8.92708254202991e-05,0.199277911527984,2.81577962439248e-06,1.23689294403203e-05,1.50382995362858e-05,0.800602594637995,6
"20339",0.389387007181985,2.14267214683296e-06,0.603997187890019,0.000325959913521457,0.00253390347249365,0.00375379886983333,3
"20341",0.00311939623044359,0.000417872783073444,0.981446257426027,7.22865906039112e-09,0.0149996678226463,1.67985091508557e-05,3
"20343",0.000793193847470647,6.47165219657242e-05,0.00698631257211996,6.91076705729748e-08,0.992149530585922,6.17736485115294e-06,5
"20345",0.00955389079458414,5.08770428941188e-06,1.87688315055066e-05,0.0258284446825846,0.00267775800812104,0.961916049978915,6
"20350",0.983961686515402,0.00122153116239075,0.0047955435701665,0.000244580718476531,0.00745849130452329,0.0023181667290406,1
"20352",3.07652893864012e-07,0.999591290798335,7.9104599062817e-08,3.78796440395364e-07,8.94451118188948e-07,0.000407049196613895,2
"20355",0.0005584768644369,0.976358919842712,8.37056738981081e-05,0.000105152804013485,0.00179955946043882,0.0210941853545007,2
"20358",3.27125454000982e-05,0.0120240702462969,1.17738739028985e-08,0.964331692527639,6.541540500308e-06,0.0236049713662898,4
"20363",0.00734359478781022,4.15698285402643e-06,3.26720129551439e-05,2.21606308308597e-07,0.992475431530802,0.000143923079269715,5
"20365",0.120290845031568,1.24325919925228e-06,0.579046384328111,3.15896602977294e-07,0.279042813674114,0.021618397810405,3
"20379",0.000302366194509433,0.000678837634667842,0.00027869673160927,0.000244481440728204,0.000155028935631783,0.998340589062853,6
"20387",0.00023307549542538,1.03767118390256e-07,0.00107362006324955,4.58384780700005e-08,0.998430580089687,0.000262574746041828,5
"20392",0.000249972847802028,3.02804992996999e-09,0.998778832320734,8.97963818826921e-11,0.00096557371414014,5.61799947798035e-06,3
"20395",0.300010635522662,0.000865387719222153,8.08074531342963e-05,3.48133579798389e-05,0.00710130971177225,0.691907046235229,6
"20397",1.56696543987718e-07,0.00452675893199312,1.26741437824236e-09,0.995433064231493,4.94508784599913e-08,3.99694216775734e-05,4
"20410",0.00131659480919078,1.18280776798687e-08,0.000371975750896626,0.000211359644700033,0.993065239400117,0.00503481856701832,5
"20414",2.43721248387197e-05,0.191228967032593,3.03766045751188e-06,6.91353916289198e-05,0.000564859895536169,0.808109627894945,6
"20417",0.00031371971981416,4.90845618748175e-09,0.943203268510733,2.29816768814338e-05,0.0564599907345284,3.44495864998121e-08,3
"20419",0.000142989651854546,4.58122528822616e-07,5.46505543654869e-07,7.44586834922851e-06,0.999841084182851,7.47566887317124e-06,5
"20421",0.000796957143741673,0.682910759077387,0.0106197943909274,6.47449564183874e-06,0.00202942351227437,0.303636591380028,2
"20423",0.000158070827803234,0.300713579280246,4.36293998267627e-05,6.6701607934594e-06,9.91125797424968e-05,0.698978937751588,6
"20425",0.0280839779306465,0.67319668684347,0.000121468507098542,2.27340815527143e-06,0.000180367772158224,0.298415225538471,2
"20427",0.00610134128797975,0.000193214662353718,1.42878235181256e-05,5.82297610200481e-05,0.0328616918691344,0.960771234595994,6
"20429",0.0207232264087166,0.000190524637986353,0.00209291592768479,9.19174677553619e-05,0.976843521188527,5.78943693303253e-05,5
"20432",1.2020046676153e-05,0.77929859512853,1.31208820784599e-07,0.000477568536001687,2.48946507832184e-05,0.220186790429188,2
"20435",0.135443722628769,6.77414621585791e-06,0.0172024340250667,0.000175647421055941,0.72371900897336,0.123452412805533,5
"20438",0.051306733473468,0.000310084904311939,5.58021707579411e-06,4.26236812549194e-05,0.948191295479241,0.000143682244648116,5
"20440",1.9776568215666e-05,5.75027718527781e-06,1.1818859644374e-05,5.87835310398103e-06,0.999903797578316,5.2978363534206e-05,5
"20443",0.000821069113779583,0.998444039102572,5.35048368603571e-06,2.5730754124746e-06,5.09645517408385e-05,0.000676003672809094,2
"20446",0.00817021108421592,0.00320533003357313,0.00120366320331262,0.00197552063496647,0.562384585686549,0.423060689357383,5
"20449",0.805691525844948,5.73495022613005e-06,0.00231419012929632,4.43026647671175e-05,0.160470631388515,0.0314736150222484,1
"20537",0.000659402674574022,0.000101899691721632,0.329025377175834,9.64584318383171e-07,0.665840375574783,0.00437198029876964,5
"20540",1.01905119257864e-05,1.33062583557228e-09,0.996463404931686,1.81400212225499e-09,0.0035241709080288,2.23050373122156e-06,3
"20543",0.00224672844623535,0.00253617458185203,0.000454766690159003,3.96177116152421e-05,0.170974392592566,0.823748319977573,6
"20545",5.96233184028269e-05,1.34964071226606e-07,0.999553691424786,3.57487490370274e-11,0.000374477704617201,1.20725523740217e-05,3
"20549",0.00246402191856691,0.0104850819970561,0.00244213627151994,1.20479013738552e-06,0.0306109266526653,0.953996628370054,6
"20551",0.0813336233007666,0.000102691852449233,0.000985329179024527,2.06895805505584e-07,0.902412071232675,0.0151660775392787,5
"20554",4.6848000587222e-05,3.5946112429359e-06,5.83933160527956e-05,3.09167438212289e-06,0.997596706841836,0.00229136555589874,5
"20556",0.945605707643076,0.000138590884277542,0.00620167024300626,2.25739479113236e-07,0.0084747500686995,0.0395790554214616,1
"20558",0.00036894166032384,1.05465489076894e-07,8.91401671293984e-05,1.79631807759085e-08,0.999518168780044,2.3625963833198e-05,5
"20560",0.010226781963314,0.00331560795656097,3.79176844413125e-05,8.68401625416435e-07,0.9743129657914,0.0121058582026581,5
"20563",2.93043789168647e-05,2.7592010716858e-07,0.000128748251500496,5.48694717720932e-08,0.999839201240171,2.41533983303094e-06,5
"20565",0.208370956510226,0.0254443646155674,0.00055271941655791,4.77161841199092e-06,0.686650631583034,0.078976556256203,5
"20567",0.000305842292569574,0.906379681499225,4.10507990081456e-07,0.00017454498697755,2.7475488199675e-05,0.0931120452250387,2
"20571",0.985617452616774,1.08558770332607e-06,0.000260278314580852,1.40392697079166e-05,0.0140988606980818,8.28351315281886e-06,1
"20573",0.156821912453428,0.000528851334497433,0.00253865419647135,1.75927237724478e-06,0.813407274580127,0.0267015481630992,5
"20575",0.000235431967363941,6.14450464654661e-08,5.41791415963144e-05,8.07927875830493e-07,0.999703815644336,5.70387378131992e-06,5
"20577",0.710353404919551,3.42482115671353e-05,0.000375076527580699,0.000240169339615571,0.0258279592277174,0.263169141773968,1
"20579",3.39929776099063e-06,0.878245264461666,3.25616930464037e-09,0.120670862335205,6.66489025909699e-07,0.00107980416017291,2
"20582",0.000378519085618571,1.54156521231375e-08,6.11881628897077e-05,4.57339245014526e-08,0.999557656613263,2.57498865171407e-06,5
"20585",0.0315079235360666,7.54903818862164e-07,0.910872788321918,1.92445289768629e-08,0.0494672560418986,0.00815125795176881,3
"20588",0.0788832529148554,0.000155003859875972,0.911165170597018,1.20533430098024e-06,0.00403120228271159,0.00576416501123817,3
"20590",1.44190617112981e-06,0.994087706379299,1.77331306169938e-09,0.00152849119206571,1.62872121366078e-07,0.00438219587702959,2
"20592",0.000632645434139314,5.96607524914849e-07,3.56217415776445e-05,1.68361877706693e-08,0.99932991336385,1.20601672048348e-06,5
"20594",0.000166588685520085,2.09340739396737e-09,0.000201277002122309,3.52626383605982e-07,0.999626705081854,5.07451071230067e-06,5
"20596",0.00107645233190228,0.00023340005339795,1.72076755136079e-06,0.00110331570224346,0.99261259493497,0.00497251620993462,5
"20598",0.00276699025586511,2.98261686153847e-06,5.47527076375044e-05,2.40741237926658e-06,0.990961078204461,0.00621178880279573,5
"20600",0.720908566237412,0.000564683800945002,0.204494707979087,1.99953175237043e-07,0.0159092119346907,0.0581226300946895,1
"20603",0.00914802567718622,0.00260195665992077,0.00106512219931307,1.91490667234267e-05,0.000214984713150234,0.986950761683706,6
"20605",0.0289386430801447,1.08643437829721e-08,0.000218351112721171,5.40327264948318e-06,0.970702222238307,0.000135369431833774,5
"20607",0.0365159764496979,2.78360139888066e-07,4.25281418525275e-06,3.03515859291816e-05,0.962914104282479,0.00053503650756919,5
"20609",0.000181162093972405,1.1244560877101e-05,6.37025892044084e-05,7.93616987716916e-06,0.98840242916141,0.0113335254246592,5
"20611",0.000518204525020983,0.000146591551364632,4.92928144015421e-07,0.0101473536189005,1.17391522088259e-05,0.989175618224361,6
"20613",0.0016433367060947,5.07142956239204e-06,0.00256109052614944,8.04429316471054e-05,0.402699978165307,0.593010080241239,6
"20615",0.806092730144649,0.000731997955103976,0.00982882349427998,2.47669042323633e-07,0.040172741032858,0.143173459704067,1
"20617",1.3962439672729e-06,0.997964773764912,8.66049183628595e-08,7.36884917384378e-07,3.4325832333721e-07,0.00203266324296135,2
"20619",0.0159949976590041,2.46384232195926e-06,1.35804745360418e-05,6.22953977080867e-07,0.983982298189517,6.03688064423958e-06,5
"20621",0.124002553853299,2.34528393696232e-05,0.0001719691255995,3.01471005725652e-05,0.867496386868911,0.00827549021224802,5
"20623",2.24927843196237e-05,0.989743995213918,7.8030455776243e-08,0.000899959953330101,0.00128329548723034,0.00805017853074627,2
"20625",0.0582593385356254,0.0444615939795315,0.0127404193306308,6.38801823360288e-06,0.000413630690436456,0.884118629445542,6
"20627",0.0593912143759201,2.41099904269682e-06,0.000282655695247058,0.000445016166644622,0.769685675705296,0.170193027057849,5
"20629",0.61680700836735,0.000403745509415627,0.000793691996258658,3.42333915002698e-06,0.310795039214578,0.0711970915732468,1
"20631",0.000827222429078721,4.48741634569488e-06,5.92556987749141e-05,4.10982455688461e-08,0.9991055667818,3.42657575536724e-06,5
"20633",9.68765108375985e-08,0.999601679051776,2.17842851820088e-09,7.56189334540637e-05,3.03021301240954e-08,0.000322572657700339,2
"20636",0.28839245151852,0.0239041932837367,1.17290869720697e-06,0.0574286272208005,0.000257836394024235,0.630015718674221,6
"20638",0.969864881968993,8.8774491491416e-06,0.00175271761501493,5.97341660345528e-05,0.00358544848120272,0.0247283403196059,1
"20640",0.0178376359184576,6.91859921282938e-09,0.0877536640694041,5.26585790238445e-07,0.892760967831211,0.00164719867653825,5
"20645",0.00220214369998712,1.09750673072247e-09,0.00317822334633826,2.97751198103629e-09,0.994619026267694,6.02610961900991e-07,5
"20647",2.79654992279756e-07,0.999962054023902,5.348866065683e-08,4.0722657578e-07,1.3866689224957e-07,3.70669389775272e-05,2
"20649",0.000927304268806722,4.78751451162812e-06,0.00954657249689629,6.70969894904854e-07,0.975515777623066,0.0140048871268248,5
"20651",0.00218388557893837,6.85960112427515e-06,0.00190807467793071,8.10283833700611e-06,0.995891247699939,1.82960373016235e-06,5
"20656",0.00014954631443148,1.31255892257688e-06,0.0365244806588437,3.902055735077e-07,0.962639225298043,0.000685044964186079,5
"20660",0.000149528016165378,7.4081817020385e-07,0.962528040346072,0.00034052207159163,0.0336229033694784,0.00335826537852282,3
"20662",0.000982115399420083,0.848966244665846,5.72987270728784e-07,0.0975363606442435,0.000161737065709291,0.0523529692375107,2
"20664",0.00386840677524278,0.0898086533785579,1.12614325051222e-05,0.00587975522215513,0.893747066993182,0.00668485619835729,5
"20666",0.000253441121175117,2.99540677198559e-05,0.038181432721795,4.62780286267608e-05,0.000211896428874553,0.961276997631809,6
"20668",3.9730518188761e-05,0.348155257084442,1.73388283308711e-07,0.000124431252390116,3.23415689042579e-05,0.651648066187792,6
"20670",0.0023563530804952,2.08616643543495e-06,0.00018263679098019,0.00038007964278605,0.996729482784032,0.000349361535271295,5
"20672",2.92161312920678e-05,0.340982333798383,8.73457055120948e-06,8.92296796901708e-06,1.89643519497297e-05,0.658951828179855,6
"20674",0.386529083891897,9.65122849564475e-05,4.1554679000828e-05,8.55632473119633e-05,0.575310438408958,0.0379368474878766,5
"20676",7.71981203980845e-06,0.00167428443248937,4.14471026414268e-08,0.953622762359141,2.28757231204591e-07,0.0446949631919963,4
"20678",4.74965860687892e-06,0.0202539370112821,5.08793507807125e-09,0.951872813058102,2.82364015520872e-07,0.0278682128200581,4
"20680",0.000186240366665155,0.218780934613382,1.03806188437793e-05,7.98073626683791e-06,0.000713300890056067,0.780301162774786,6
"20682",0.0015110970046884,0.00041921082629514,1.9633180492306e-06,0.145683444047817,0.00164832929160304,0.850735955511547,6
"20684",0.196037136293321,1.0469008196146e-05,0.00222732602283276,0.0735752758306217,0.679427341049531,0.048722451795497,5
"20686",5.08621035431404e-06,0.979694886591155,2.77272111823369e-07,1.74036782453798e-06,1.87097149353045e-06,0.0202961385870605,2
"20688",4.21203969943548e-07,0.0267301638414959,1.13633912008449e-09,0.972256030809119,9.43705097890204e-08,0.00101328863856616,4
"20690",0.0626373975539998,4.53822378470081e-08,0.914367090873915,9.96328991507609e-07,0.0223097780079359,0.000684691852919528,3
"20692",2.38832101777017e-07,0.974500598925694,2.21512601665253e-09,0.0244603456794482,7.09844106853171e-08,0.00103874336321956,2
"20694",0.000124833860236492,0.00936559960597862,3.56716001672573e-07,0.000210600828180536,5.84105107648736e-06,0.990292767938526,6
"20696",0.0107814888820144,0.00468142973820548,6.33145568940559e-06,0.000800657432964252,0.00025583826023985,0.983474254230887,6
"20698",0.893968238083853,0.00203734366695618,0.00061699680972076,1.73675501603402e-06,0.0960209206016105,0.00735476408284369,1
"20700",0.0038541290027681,0.00230851944531966,0.000158939071814215,0.000129151000449228,0.993077762220099,0.000471499259549324,5
"20702",0.518636939617513,1.47581429445782e-08,0.45132801258371,5.31453088924175e-08,0.0300140732184688,2.09066768561875e-05,1
"20704",0.131466047002598,2.56982869964944e-05,0.000179460644053743,5.21229233667005e-05,0.730283647243296,0.137993023899689,5
"20706",0.739372361855091,0.00358651043271958,0.000510044667837153,0.120382767746034,0.0378640876609535,0.0982842276373646,1
"20708",5.26115135269233e-06,0.00013615903652545,1.6599564414298e-08,0.959629880570622,2.20858979734833e-06,0.040226474052138,4
"20710",0.323718343918057,8.80181107421081e-07,0.296962956582124,3.6793395388916e-07,0.351244696518666,0.0280727548660919,5
"20714",2.84542453252995e-05,0.991003179618663,8.35432527067445e-09,3.91618390849048e-05,7.54467587032663e-06,0.00892165126673148,2
