"","V1","V2","V3","V4","V5","V6","V7","V8","V9","result$classification"
"19811",0.948804645623051,0.000392843233977612,0.0485102435133875,1.53726580811751e-05,2.95072780497678e-07,3.58001103614664e-09,0.00185346226116125,0.000423133579295277,4.78254423535426e-10,1
"19813",6.04277835049682e-06,7.75240086319893e-07,0.999992640439706,4.28613162819602e-08,7.6415159615106e-09,2.0963699168707e-08,4.57698491169492e-07,1.2374348669668e-08,2.48566383596222e-12,3
"19815",0.962834075153863,0.00721089033624518,1.03740305316052e-06,0.0012829679835468,0.000107935072791718,2.92948523927512e-09,0.0285289204915865,5.32633770695115e-06,2.88442917218453e-05,1
"19817",0.992372267283614,0.00352029480039386,4.31887566503167e-06,7.18163645555931e-05,1.93554176527866e-06,2.48627194351819e-10,0.00368175064877917,0.000347396134895218,2.20101705015189e-07,1
"19819",2.08790874649662e-06,0.0635566885620704,2.92238040846617e-11,8.29395344388533e-05,0.250100472784612,0.00434927893939541,1.02448710426332e-05,5.96450018187001e-08,0.681898227725469,9
"19821",0.965792051356522,0.00480773677702875,0.0146512386960944,6.10322452580025e-07,3.1660053727566e-05,1.41719242953891e-07,0.000450649630324628,0.0142659052779725,6.16663480890907e-09,1
"19823",0.427390493120584,0.00186574696871616,8.00774272665063e-07,0.56932274986817,5.13399445056209e-06,9.63331820617595e-09,0.000361958049420183,5.32320546485836e-05,0.000999875536418907,4
"19825",0.000391440731419918,0.00622695978888834,0.00133551213353067,3.95561260643753e-06,0.00966195311329518,0.457273935437429,0.00227764233386204,0.522769721627922,5.88792210462984e-05,8
"19827",0.611701223124184,0.00405172954526207,2.24935267086973e-07,0.000176539738252432,3.854843773773e-06,8.90918283784053e-08,4.64530791273649e-05,0.384016274734585,3.61090771999005e-06,1
"19829",0.000217964385510592,0.916982360347711,7.78291200897746e-07,7.40658761219017e-08,0.076183607961861,0.00295554335220282,0.000118319355344533,0.00344124488416871,0.000100107356124572,2
"19831",1.60025703110773e-05,0.805709400800834,1.51344433000832e-07,0.00343803748205019,0.0778819491259609,0.0187566020583191,3.74822266654654e-05,8.70890615237206e-08,0.0941602873023646,2
"19833",1.43923534487601e-07,5.77602628861209e-07,5.82551700205939e-07,0.886918431595158,1.28375488765854e-06,0.00109742005436104,0.00158698729833545,1.08347550147914e-05,0.110383738464379,4
"19835",0.965792051356522,0.00480773677702875,0.0146512386960944,6.10322452580025e-07,3.1660053727566e-05,1.41719242953891e-07,0.000450649630324628,0.0142659052779725,6.16663480890907e-09,1
"19837",0.953784895246373,0.0243749089109545,1.92244767998847e-06,1.31833698745006e-05,1.07500152264203e-05,1.16325371680242e-08,6.61142677673179e-05,0.0217478892020969,3.24907490094283e-07,1
"19839",0.000381797234489545,0.32831902853442,0.000324847883176287,2.82782525211688e-07,0.0261806106916716,0.63590583533724,0.000582175347190339,0.0083020968990529,3.32529023449081e-06,6
"19841",4.09443553885826e-06,1.6780458824537e-06,1.47062689826124e-05,1.04080683043838e-09,1.66878383804679e-07,0.00030207511349397,2.4671757447476e-08,0.999677252283866,1.26128837655396e-09,8
"19843",1.7756252685014e-06,0.021708685479694,0.00880316119712889,4.2415014259305e-07,0.548538073064507,0.418292292240458,0.00263696688144906,4.63714748537603e-09,1.86167242046634e-05,5
"19845",0.0362463432318528,6.87950460240186e-06,0.963633040944374,9.58472495473755e-06,2.68240235641528e-08,6.22782759181134e-10,0.000100561381973569,3.56268659348791e-06,7.88430031647199e-11,3
"19847",0.914777248191451,0.0449907361033578,0.00822310034378296,0.000601697599502528,0.000377012072884353,2.57547625176379e-07,0.0310210484565471,6.74500552333512e-06,2.15467932564149e-06,1
"19849",1.83027206394206e-05,6.76291918555478e-08,0.999981462762264,4.45722709933842e-08,5.93975864119721e-10,2.05383312781567e-09,8.96813245163713e-08,2.99860746131007e-08,4.25928053662506e-13,3
"19851",0.998273129235138,0.000491642067383826,1.22536188589297e-05,0.000230326147871624,6.99649262441412e-07,5.48371145266257e-11,0.000978535523532591,1.32920144687767e-05,1.21688646168868e-07,1
"19853",0.919953079076384,9.68189533877751e-06,0.0136440372517381,0.0661139567156787,3.35559116741296e-09,4.72869627347016e-11,0.000108584655032897,0.000170599796825142,5.72061238127745e-08,1
"19855",0.99647857168841,0.000229345987837148,0.000780602857051777,0.000329489516475441,1.74040544744839e-08,3.03959869425191e-11,0.000163763158818081,0.00201819963933564,9.71762191385134e-09,1
"19857",0.668760042330109,0.288623900022011,0.0179748992151312,3.75150320120415e-06,0.000173457919014785,8.96217207996186e-07,0.009852942930308,0.0146100692758904,4.05871259938155e-08,1
"19859",0.935939677624646,0.049841724506038,9.09380805706148e-06,0.000483675052184234,1.34337538734327e-05,4.34699127048591e-08,0.00339579743964919,0.0103131314080945,3.42293754514134e-06,1
"19861",0.836726376768461,0.000311225946865749,0.162217961123852,0.000113962606132462,3.68022790786982e-07,1.68811656190964e-09,0.000615791525628895,1.43104883999748e-05,1.82975317113583e-09,1
"19863",1.17496802347203e-05,4.07053469035107e-08,0.994456591283893,2.12300786534473e-08,4.57708328097034e-10,3.418745937929e-06,3.15801685437284e-07,0.00552786209357983,1.53564185379199e-12,3
"19865",0.00123527285351729,4.43829260092864e-06,4.12695189732717e-07,1.03135214463741e-08,1.83662946120025e-08,3.05493313503908e-08,2.62260462399042e-06,0.998757193803295,5.2162624335967e-10,8
"19867",0.977630147482234,0.0023678903463284,0.00705963880444606,0.000239304624134661,5.80875242369722e-05,8.25737686124456e-09,0.012643725518387,8.96213403172371e-07,3.0122945285393e-07,1
"19869",0.00345212752086157,6.08192805102682e-07,0.996532946830641,2.90533431442572e-07,6.05053898008315e-10,2.75156459048337e-10,6.77712443305618e-07,1.33483286892817e-05,9.17352486656148e-13,3
"19871",0.806363881496705,0.155272338899598,1.23571089872437e-06,0.000131851112622202,3.9933619732663e-05,3.79175273100522e-08,0.000891298021870603,0.0372930918276413,6.33139340461249e-06,1
"19874",0.194429858738967,8.46742030506308e-05,2.22331950336091e-06,3.07447869559023e-05,9.70842233601433e-08,1.68277319320438e-08,0.000439324391283717,0.805012973075039,8.75732452786865e-08,8
"19876",0.812835549850475,4.81638565264988e-05,0.000225146313391774,5.74036576175872e-06,8.68486636043471e-09,3.00489170195372e-10,1.61628226687552e-05,0.186869227293124,5.12696368956698e-10,1
"19878",0.000143228883430941,5.35644929780645e-05,1.23044309582525e-06,7.40908216589089e-07,0.00214481399693847,2.59411443647829e-05,0.997617413975773,6.98948139670066e-07,1.23672070632596e-05,7
"19880",0.000905913766565639,3.68282477094031e-07,5.26681421449266e-06,3.09188264488675e-08,1.94527678159463e-10,2.39015620671023e-09,5.56521229375573e-08,0.999088361956262,2.48473756294904e-11,8
"19882",0.687837588790006,5.4905259382863e-05,0.301101453540622,0.000132680440310152,4.52457028570974e-07,6.28511098194451e-09,0.0103001668344942,0.000572741383365669,5.00967860024288e-09,1
"19885",0.875938337304891,0.115555039898025,6.32025171744054e-06,4.96337292672468e-06,0.000233982563290553,1.31762116862378e-08,0.00794365562983087,0.000317185037701836,5.02765405253873e-07,1
"19907",0.901679136155521,0.000520143746599039,0.0841784750160221,5.34876034542211e-05,1.59676006050212e-05,3.46503241419726e-09,0.0135464891974724,6.25703678722075e-06,4.01785067172557e-08,1
"19909",0.000510986885438225,0.969323306738958,2.18241835031681e-05,1.96239304077016e-07,0.0300775428855286,5.59074563333838e-05,6.58922999784452e-06,3.99181331125602e-07,3.24719960519754e-06,2
"19911",0.00115264826314888,0.984135055241633,1.69244509380663e-06,7.86520123318808e-06,0.00928128278859721,0.00234076785150686,7.05209181056309e-05,0.0029483382042325,6.18290864492599e-05,2
"19913",5.08995380527222e-06,1.65454352044576e-07,8.42975573815398e-08,9.88713424798388e-09,1.15445254617554e-09,8.36682089350847e-07,1.24974632863398e-08,0.999993799421908,6.51237608323111e-10,8
"19915",0.65349334717631,0.000170743737224522,1.12610850273516e-06,2.70473118938945e-05,1.08441565590122e-07,1.27024974160024e-09,0.000133784542468512,0.346173776916291,6.44954940931498e-08,1
"19917",0.00662202297111826,0.000167447857950136,8.4536794904872e-07,9.84837202570636e-07,2.07199183612255e-07,8.73561668941534e-07,2.60793576412047e-05,0.99318152145683,1.73904558923566e-08,8
"19919",0.855773402303365,0.00439411446737296,7.62089031788559e-07,7.27690853311108e-05,3.65304389464525e-06,1.79360705704764e-08,0.00505193298144805,0.134702190067186,1.15802630021916e-06,1
"19921",0.991567668325495,0.0020148416754144,0.000199334943032113,9.20019326474752e-05,6.86208030318447e-06,3.97758605679257e-10,0.00611578977208523,3.41618571517155e-06,8.46875488425502e-08,1
"19923",0.00538270322293331,0.000261726266042669,5.39082684691678e-06,0.000395887802769075,0.000451127324962656,3.2098767536704e-07,0.993447431414811,2.76937609439628e-08,5.53844601974821e-05,7
"19925",0.0471664023296716,5.35308804429452e-05,3.29026985424794e-07,2.48597297459291e-06,7.81140567480809e-08,1.30537188141728e-08,8.52730901309025e-05,0.952691863727495,2.3804524344154e-08,8
"19927",0.998220369983705,0.00133289490629634,1.62194052206629e-05,0.000112580801173935,4.49439116024549e-07,6.4437761739699e-11,0.000243249320437731,7.4179982576493e-05,5.60970359335677e-08,1
"19929",9.39957269886334e-05,2.86750826896462e-07,0.418883630430165,3.42422025425451e-08,8.06807595811518e-10,7.63435120554401e-06,8.29015061006429e-08,0.581014334786937,3.36034110384439e-12,8
"19931",0.991415692104843,0.00710289191831649,4.24535893812376e-07,0.000152430591322376,1.39280132041765e-05,5.07705340517329e-09,0.000913510185450575,0.00039906733580742,2.05023810871191e-06,1
"19933",0.058990464689004,0.908801119625959,8.21551078709836e-08,9.2738414985401e-06,0.0316907073690603,1.08899261075114e-05,0.000111262963425086,0.000169742458788072,0.000216456971049415,2
"19935",0.789037097467108,0.17936821538352,0.000634090329317857,1.77938310982624e-06,0.0104213284491722,1.12173286567311e-05,0.0197516680831037,0.000774028847965813,5.74728045648575e-07,1
"19937",0.993184657107677,0.00232058596762628,1.48284954616876e-06,0.00113368202760846,8.7530499046715e-06,2.12753907686893e-10,0.00334041687322558,5.81800006144471e-06,4.60391159616448e-06,1
"19939",0.706851633730653,0.0013177971260159,3.14875070781102e-06,4.27905807780018e-05,3.56824427168102e-05,2.48973809130983e-09,0.29096982614977,0.000775768143064282,3.35058655607925e-06,1
"19941",0.000920976588336923,0.789139933208572,5.92930573427705e-05,7.85161251117774e-07,0.0227398557347285,0.169659463875694,5.63455717785521e-06,0.0174662087775383,7.84903935857665e-06,2
"19943",0.000339296245203545,1.74784549335531e-06,2.58913410099046e-08,1.56391433518861e-07,3.15775968700523e-09,1.38782598888642e-08,5.35042111253062e-07,0.999658216064192,5.48420565882188e-09,8
"19945",0.0129985270863612,0.913001024541464,3.57251535023552e-08,3.33653332793112e-05,0.069895134454336,7.42579027886125e-05,0.00337053335186606,6.66703477374021e-06,0.000620454569977033,2
"19947",0.00277168987679278,0.441830630500135,0.0107846222259043,9.78247667584699e-06,0.00156992533764487,0.00351128920478221,0.000165347055712742,0.539343722384768,1.29909375843364e-05,8
"19949",0.0185034912486396,0.003201159300794,1.67231718420324e-07,0.000112580575603042,0.0133760837980022,1.15743363244384e-06,0.964021302770239,2.63638565321973e-07,0.000783794002805951,7
"19951",0.20289640037115,0.00130884430796398,4.38017932031983e-06,8.61016545380921e-06,3.96287862184876e-05,3.76980314628273e-06,0.054623423284521,0.741113704600577,1.23850164935218e-06,8
"19953",0.000165109760911112,0.0355109746446607,1.05450425423263e-08,0.0459288204406821,0.0691485869234001,0.000109146167675351,0.00122578962796536,8.69900230302452e-09,0.84791155319066,9
"19955",0.000246178240345265,0.5166837981813,4.08122349913878e-06,0.00164321218372523,0.136587730935528,0.00916760119977287,0.315451761225827,6.32879882030301e-07,0.0202150039301205,2
"19957",0.0424416625626366,0.0330850846320077,8.31366463124475e-06,0.00517860447053095,3.37695736388958e-06,3.9552037415289e-06,0.000162186063715589,0.919074596876658,4.22195687148146e-05,8
"19960",0.000233643549351013,0.692809218792726,1.89266618642299e-05,1.39056815584389e-07,0.301664277759092,0.00162065089135161,0.0034371712821179,0.000128425439280447,8.75465674005968e-05,2
"19963",9.66973434443149e-05,7.35718615970158e-05,9.87038595512115e-06,0.0996432333780248,2.47541575113153e-06,0.0514513823415559,1.84494596929015e-06,0.846161800742984,0.00255912358471787,8
"19965",1.16323418796641e-05,0.0514950394468225,1.86204917495373e-05,9.65276427323946e-07,0.826070400625412,0.00761947758417006,0.114553531191053,3.22438431583001e-09,0.000230329818102063,5
"19968",0.00932824594825832,0.00173408369691565,0.232875787325299,2.1194244171858e-09,4.08901671017844e-05,0.000241017724379786,3.01424425972659e-05,0.755749830344713,2.3131020065574e-10,8
"19971",2.00436500086943e-06,4.66057238775674e-05,5.46615635555171e-08,1.41245390396128e-05,1.98059370307324e-05,0.0096403253216796,9.83237742986657e-06,0.989329785990421,0.000937461083957113,8
"19973",0.995692879195664,0.0016934544874359,2.29679374668767e-05,2.58101020220521e-06,1.2941235821127e-06,6.90735293517647e-10,0.000491488035350674,0.00209532794128722,6.57827528391103e-09,1
"19975",0.018319484793471,0.000149618799807616,1.28892317922255e-05,3.05176504967563e-08,2.22971490726248e-07,1.29836038000243e-07,3.07569098168797e-05,0.98148686630354,6.36392627887426e-10,8
"19977",0.000194099687666558,1.10902443179315e-05,2.93098454976892e-05,2.09537193027479e-05,8.40583329256098e-07,0.000604583733198531,0.000596964932971155,0.998540505311283,1.65194243289834e-06,8
"19979",1.07261748179624e-07,0.068924252101271,5.19170578541084e-11,8.46916194624509e-09,0.8864889872904,0.0403508329351469,4.04600683132257e-06,2.33360377574105e-07,0.00423153252314593,5
"19981",0.383040149782251,0.615589350319552,0.000467092023074266,3.87835930516823e-05,0.000146147614706582,1.25589828066435e-07,0.000584194564572009,0.000133811955953601,3.4455701052278e-07,2
"19983",0.342735342927271,0.288741378669315,0.000465716982121375,0.00010090276488623,0.00146536603649625,8.09762859983312e-08,0.366473518955678,1.19715758984449e-05,5.72111204692067e-06,7
"19985",0.190851183225151,4.2137567273801e-05,2.08559523308334e-05,3.27783520759473e-06,1.24468775404416e-08,1.6481891477578e-09,9.34934505564386e-05,0.808989036299216,1.57519744933835e-09,8
"19987",0.538807442178563,0.437398408152948,1.83494213795692e-06,1.37140472164111e-05,0.00109902229546957,2.12992304895055e-06,0.000185445149592775,0.022481967767079,1.00355439440524e-05,1
"19989",1.06369283972815e-06,0.022153006282393,7.04875924041334e-11,4.25595734701309e-07,0.963629673621262,0.000781553002179847,4.0890145169113e-05,2.62200511054474e-10,0.013393387327734,5
"19993",0.159184647534884,0.0505778674547179,2.54313814177852e-07,3.11632621517412e-06,0.0615097882594969,2.6272840755947e-05,0.716894929515925,0.0113927030821015,0.000410420672088773,7
"19995",0.111514569827722,0.626642517805962,3.37139851055753e-06,6.09256892786094e-06,0.211383557685088,0.000754549370836897,0.0456437017398361,0.00390528784825526,0.000146351754861444,2
"19997",0.995420268190839,0.000432874949335562,1.91080879748381e-05,4.06866079159595e-05,2.20701467980596e-07,1.42409077682012e-09,0.000322935149782146,0.00376388936648014,1.55221137512847e-08,1
"19999",0.976012332328383,0.000153156367721532,0.000717445434647569,6.23657583063377e-06,1.48516276773035e-08,1.50053012936791e-10,3.79671299493123e-05,0.0230728468186675,3.43119710986954e-10,1
"20002",0.000246454562435905,3.57877959904222e-05,0.443858791061165,2.02743499767942e-06,5.10164494293999e-06,0.097357236435742,3.47948614469032e-07,0.458494223023623,3.00924890265493e-08,8
"20004",0.0143286060366063,0.963862560957845,5.77593832324411e-05,7.58544908282588e-07,0.0204639648121641,0.000519429520045218,6.96120069308841e-06,0.000756463712910992,3.49583159486841e-06,2
"20006",0.00106034971042679,0.536475948005225,0.000984408371468761,7.85980334442284e-05,0.0778694014583441,0.00515991752544948,0.377535814233809,0.000302553802269983,0.000533008859562827,2
"20008",0.000849670801693008,0.00274782776655305,1.34469021545814e-05,6.12111447315356e-05,0.0820569568329647,0.0384140213834527,0.875067128318986,2.33201920033637e-05,0.00076641665746125,7
"20010",0.00316223130146517,0.229596413068946,2.57468996504379e-09,0.000174680221409151,0.309792062338707,6.3255584248838e-05,0.415478243431399,8.70341267332379e-07,0.0417322411378684,7
"20012",0.175125481985237,6.4819679954694e-05,0.00857539826128677,4.20187855325251e-07,9.5396095905493e-07,9.69037058162977e-08,0.00212236118307223,0.814110465123724,2.71420529806448e-09,8
"20015",4.26730480006836e-07,0.0074935437514537,7.70088753471669e-08,1.20217398004895e-10,0.988632102104959,0.00317660148023171,0.000692303570142337,2.30781016888218e-09,4.94292583040387e-06,5
"20017",0.985998842257999,0.000953997432502592,0.00237532769627706,8.43749655591887e-06,7.92251384030787e-08,3.62327895307786e-10,6.19029815393993e-05,0.0106014117213839,8.26275632245959e-10,1
"20019",2.92666302013741e-09,0.00211863002153493,4.35326711654688e-12,9.48775792240487e-09,0.967331366001737,0.015985058415822,8.88326409073683e-05,2.81721667986441e-10,0.0144761002195031,5
"20022",0.000340481532100454,0.808107707907501,2.34256845666244e-09,2.88019158159977e-06,0.18648757889356,3.90476668286565e-05,0.00345307761871784,2.07223926356733e-07,0.00156901662321595,2
"20024",2.00349866533164e-07,0.00604133122463946,6.1063736249975e-09,0.000267722824587988,0.159908075971397,0.0145493394106876,8.45742113882649e-05,3.21991730834767e-09,0.819148746681143,9
"20026",2.00349866533164e-07,0.00604133122463946,6.1063736249975e-09,0.000267722824587988,0.159908075971397,0.0145493394106876,8.45742113882649e-05,3.21991730834767e-09,0.819148746681143,9
"20028",0.938054835116977,9.83240294608994e-05,6.47294393038775e-05,2.44963626441087e-05,2.14035892632005e-08,8.54986942333757e-10,1.22190964316234e-05,0.0617453711380212,2.55858527262647e-09,1
"20030",1.74180861043109e-05,0.348804286426832,1.98473653457226e-06,4.78422121486911e-09,0.443086553301108,0.208020691820847,4.97096224270856e-06,4.65926073034016e-05,1.74972748070867e-05,5
"20033",0.792104350948582,0.022118720564579,1.90750551813362e-05,6.19307177888151e-06,1.32769433162989e-05,6.38790799092509e-08,0.000167234935469288,0.185570877007224,2.07594789931434e-07,1
"20035",8.86983632058766e-09,0.00187115888697338,1.0670513099396e-11,1.13423175880728e-08,0.97779311794843,0.00162771132781817,0.00010971346968314,2.49566335967628e-10,0.0185982778947047,5
"20037",1.2200143242746e-08,0.00228230866139986,5.92898081256413e-10,6.66519105037839e-09,0.993733629824754,0.00301301258930597,0.000303029465185961,5.32682737877959e-12,0.000667999995795273,5
"20039",2.69222933441148e-09,5.50147723417892e-07,3.33423034984101e-12,0.00217292591877877,9.49339535891738e-05,1.07087434126629e-06,1.13230799046532e-05,2.64525746875778e-12,0.997719193327454,9
"20041",0.00275110083481107,0.0172617994651125,1.47952929910307e-06,0.000283967324896276,0.000638662622450706,6.44502992445368e-07,0.978806730383886,1.46242693166062e-05,0.000240991067235621,7
"20044",0.0187081991932586,0.135454797136619,1.0132958540454e-05,0.00133241351901825,0.006098419676295,8.24241823466319e-06,0.833558255209348,0.00130525521648997,0.00352428467219673,7
"20047",1.3974566741755e-09,0.00482856341322977,3.42782887802968e-12,4.81568677052237e-08,0.58786218136201,0.34500055776851,4.17792196867679e-06,6.83789768466239e-09,0.0623044631386315,5
"20050",0.000873176861596788,0.00244443672053249,6.97961479471042e-11,0.00163988341845525,0.032902386511005,2.24115553810516e-05,0.331460287134913,5.31563100431163e-06,0.630652102097316,9
"20052",0.797131622773226,0.147312971457502,1.59758095774098e-07,0.000733023110663438,0.000548690300673375,2.35257413247354e-06,0.0254973168246873,0.0285880274145728,0.000185835786447375,1
"20054",2.90296593679725e-05,0.737466312767903,5.72512692630534e-06,1.41236269250961e-09,0.260894655674632,0.00149247944328425,0.000109028414965572,1.04232414813138e-06,1.72517640993287e-06,2
"20056",0.000920432461149603,4.50385973014542e-05,9.9136250521356e-08,1.7325190921957e-07,2.63718970656503e-06,1.95366198032547e-05,9.83381057125516e-07,0.99901092259286,1.76769962458375e-07,8
"20058",6.84711985572415e-07,0.0249232646942275,1.13519711384311e-09,1.56329846474346e-07,0.971566610931772,0.000693257287728906,9.70571722637865e-05,5.10301640128331e-11,0.00271896768594851,5
"20060",0.996513717664214,0.00217642271888616,7.23712616513452e-06,2.25963556176202e-05,3.36426022481116e-05,3.08936227875679e-09,0.00115213736184236,9.37389656573636e-05,5.04116007043875e-07,1
"20062",0.690533563594189,0.0139151345797101,1.37723263130388e-05,1.55002422429165e-05,0.000730876873892968,7.82317738956385e-08,0.294733202616981,5.5865869662693e-05,2.00566523494679e-06,1
"20064",0.00241393770155965,0.941097426755565,1.52520045946528e-08,1.87652093928059e-07,0.056255741077269,5.87589104957574e-05,0.000109666001521413,3.02368086429491e-05,3.40298408477347e-05,2
"20066",5.87956294133438e-07,0.0748603199192831,1.72726981520782e-07,1.32456593373199e-09,0.827452121521771,0.0975740808645423,1.54652283506621e-06,2.85172249698173e-06,0.000108317441229351,5
"20068",0.986153260905182,0.000692349974975279,0.00105846120406805,5.19682485227733e-05,1.419301769652e-06,2.88473792212305e-10,0.0120197802187776,2.27453239306345e-05,1.45342998205938e-08,1
"20070",0.96428205462871,0.000730722437565651,3.2635882745381e-05,0.0128168146962613,2.66858101934288e-06,2.23774251035217e-09,0.0221188963001093,1.27933587284952e-05,3.41187711800528e-06,1
"20072",3.64050762690894e-05,0.0986971458315701,0.00249923582881404,1.4389244511262e-07,0.888016064204642,0.00220031513614139,0.00853305603789023,2.99666271267867e-09,1.76309955649329e-05,5
"20074",1.58563491771386e-05,3.94396151135911e-08,0.000136106630676009,1.18765894780636e-08,1.53851417215668e-10,5.07086330872872e-07,6.02423891677327e-08,0.999847418206714,1.46570925389237e-11,8
"20076",0.0184250721616792,0.0720840011761247,0.319460931547654,8.98339534788607e-08,0.000126999156801562,0.000402344232037426,0.000247581658486536,0.58925297624855,3.98471305121095e-09,8
"20078",0.00295395512263749,0.954531961878473,8.11373343867238e-08,4.64605378057549e-05,0.0401871596732647,0.000508325353544868,0.00124731795822256,1.79640332579031e-05,0.000506774305459522,2
"20080",5.50280043860706e-08,0.0104372730890526,2.24375830033067e-12,9.99432090228879e-09,0.979711820566315,0.00189151294456672,6.41022714563264e-05,1.57843047350672e-09,0.00789522452561017,5
"20082",1.71525813922781e-07,9.1072286258282e-05,2.98372420863965e-13,0.00128746091317292,0.000374542095046258,5.09325681044308e-06,1.41490343508772e-06,2.44506411845815e-09,0.998240242574101,9
"20084",0.000882142868216352,0.95082861467379,1.7221521207596e-08,0.000102446053034581,0.0191603389483674,0.0157372517509149,0.000135214919657455,0.00871406982289802,0.00443990374159968,2
"20087",0.00471518226658228,0.542750602961137,1.38283842387475e-05,3.69943966921728e-05,0.37134716728198,0.00090766279917257,0.0799967317339615,1.3057811841569e-07,0.000231699598117532,2
"20090",6.6824236913714e-07,0.0034262637171447,4.65205234598029e-12,3.99005519915534e-07,0.873754640497569,0.000529503800937821,0.0153896919152331,1.03274797758616e-08,0.106898822489095,5
"20092",0.00151707625832832,0.00524692864765761,3.76154294414481e-05,0.945454880200531,0.000208224541051118,5.5853338862051e-07,0.0425851859781111,2.32941499578835e-09,0.00494952808207591,4
"20096",0.0426940901634688,0.0172228576966448,4.8020471356465e-07,0.914316416480247,2.79712843729388e-05,4.10564943005808e-06,0.0195123876210103,0.00111548130215994,0.00510620959795244,4
"20098",0.82623486941758,0.00333411911006473,1.89116062141823e-06,1.34461675087539e-05,3.36277316416282e-06,7.30274568089536e-09,0.000284406675705139,0.170127491628384,4.0576422521825e-07,1
"20101",1.63810675264014e-05,0.263621575424833,3.60724086991692e-10,5.67476537922808e-07,0.673896981197842,0.048046482213752,0.000410505016243601,9.50322157064486e-05,0.0139124750268336,5
"20104",0.00525770598696429,5.57475976737374e-05,0.00615229358901252,0.988475490779938,1.24017108047001e-08,1.49846182105234e-08,4.04130368122614e-05,1.33895134537313e-05,4.93210981661e-06,4
"20106",0.000109500473714676,0.195884420271057,1.20687594436879e-09,1.13859488974681e-08,0.798403915690088,0.000709124915149025,0.00451706579801947,2.352855254326e-05,0.000352431706604649,5
"20108",0.986344931861044,0.00623544553308967,8.52702768083405e-05,7.24512254280421e-06,3.6144541412553e-06,2.62502608381893e-08,1.80360583939802e-05,0.00730541379745264,1.66462665021257e-08,1
"20110",0.189889054584778,0.00671213922398257,4.91033941304341e-08,0.16282090306262,0.000206528087676399,1.10742242771142e-05,0.496906121938679,0.116029475238659,0.0274246545359333,7
"20112",0.00240168275244725,0.0444571489324935,3.35408198206494e-09,1.89308865521617e-05,0.637616224875629,0.000223361553820515,0.284616771058949,6.86186049024508e-06,0.0306590147255365,5
"20114",0.00334967692318426,0.98065846417762,9.01288610385254e-08,1.01246299267333e-05,0.00567398177107884,0.000549334408181611,5.46818466161649e-06,0.00959339329730316,0.000159466479182374,2
"20116",0.000364686143501668,0.967021355748943,4.86016646588664e-06,1.24808666601512e-08,0.0228906023495734,0.00530490557955644,1.99715062834421e-05,0.00439163344866659,1.97257614253499e-06,2
"20118",0.211192943554962,0.763347516303746,3.7101479356802e-07,3.86693843870089e-05,0.000523915465078232,2.44787346175224e-06,0.000220770529632697,0.0246516258594661,2.17400144722776e-05,2
"20120",0.00134574666450834,0.337584916910393,1.8189953263919e-10,1.76944836020682e-05,0.476352299953741,0.000365980314090033,0.00462691765873388,0.000451922319404351,0.179254521513628,5
"20122",0.000525007362226142,3.17941788683044e-05,3.97057510202197e-06,2.37933585840505e-08,1.07661623944537e-08,1.27610018548198e-07,1.98480599998324e-07,0.99943886693658,2.97083585775938e-10,8
"20124",6.40229778992576e-07,0.175719475145024,2.29164242209336e-08,4.05720633833474e-06,0.806003551749685,0.0108394886231673,0.000903994952416628,3.061422708237e-10,0.00652876887102256,5
"20126",8.65394654981539e-08,0.00222431629507421,1.37837696555515e-08,0.0543313897662371,0.000711013783173306,0.00127859082515079,3.58465744248094e-05,3.82513054270875e-08,0.941418704181399,9
"20128",7.82985819578497e-11,9.21147255025058e-05,1.0453104616273e-11,1.6523374994317e-05,0.0357459244063092,0.0507698011243401,1.13800778821067e-05,2.08765394629127e-11,0.913364256181344,9
"20141",0.1899743769617,0.00173580534673395,1.24540945349068e-05,0.791317803888669,7.62457647158476e-08,4.20263301917955e-09,3.13708416061905e-05,0.0168544787026006,7.36297157570031e-05,4
"20143",7.83258433419908e-06,4.69903107008281e-08,1.73820780499761e-06,4.78491006498176e-09,1.62283194012429e-10,1.20144997883443e-07,5.65268257826888e-09,0.999990251433626,3.90505087883831e-11,8
"20145",0.00135124912186714,0.485000575580092,1.7973128047105e-10,5.35125546365753e-06,0.495234374675006,2.9398270447466e-05,0.005086578749463,1.56557019471722e-06,0.0132909065977352,5
"20147",0.000113208844408266,0.826795823771174,1.78804088772879e-09,1.16772100682199e-07,0.172530933623546,0.000127875515078118,0.000253342466751017,8.14527875835986e-07,0.000177882691025095,2
"20149",0.000504531280485273,2.44623140866013e-06,1.94707977395656e-06,1.75442008480185e-07,8.83362574042054e-10,2.05004935118961e-08,2.98635612612208e-07,0.999490579680435,2.6641979162436e-10,8
"20151",0.952751360162167,0.00169434848388923,1.35669928692644e-06,4.32555027065496e-06,5.6195169519917e-06,1.0768664213043e-08,0.000389667623164287,0.045153173955043,1.37240562273055e-07,1
"20153",0.331377403549867,0.00225849826688173,9.27588995017712e-09,0.00375278433991436,4.63722989156551e-05,9.82720550342251e-07,0.00293542483359528,0.658022668240002,0.00160585647438296,8
"20155",1.15249296953543e-05,0.23191356439595,9.01149151161777e-09,5.92896884713552e-08,0.730709398933863,0.000372752890341438,0.0364239685717614,8.89805756984718e-08,0.00056863299663317,5
"20157",0.556134766619952,0.000584239058834229,1.13899809802688e-06,1.33520847438853e-05,2.1029282976062e-06,2.7196607865873e-08,3.69953352083857e-05,0.44322696467046,4.131077977328e-07,1
"20160",1.29210324652251e-05,1.21669352689566e-07,2.11351435160967e-07,7.6476819534573e-09,4.02091040824376e-10,1.13888246894766e-07,8.45543189068858e-09,0.999986615401289,1.52006627079237e-10,8
"20162",0.00260126502755956,9.51330834828503e-07,2.59454893727635e-06,7.89530973649114e-08,4.5323812524255e-10,1.69203999886887e-09,1.51568566562961e-07,0.997394956344027,8.16993172781824e-11,8
"20164",0.0362451298548598,0.000103046707852358,8.15840676632785e-07,1.63847375474855e-05,1.38484817788634e-06,6.01894492684896e-07,0.000721543727448848,0.962910535134234,5.57254710450747e-07,8
"20166",5.71858494948534e-06,0.0350663534863269,3.81534023452555e-05,1.92105532298773e-09,0.272705358775057,0.691916886505643,2.40296397089431e-05,0.000239402836240545,4.09484867363637e-06,6
"20168",2.04419523464861e-06,0.000195446500050061,0.586070120290009,2.94127972004528e-08,9.6127989321642e-05,0.413381916163366,4.70245961136239e-06,0.000249602226089039,1.07635209502243e-08,3
"20170",0.698424462835981,0.0090510816491161,7.17545496752451e-07,0.000183216971194843,1.31612751188347e-06,1.15788277398307e-08,0.000153946393471694,0.292183957580635,1.28931776542324e-06,1
"20172",0.000201863269677593,0.616463164298228,3.40487261837385e-09,2.04154663335813e-06,0.380687749107137,7.55668431213362e-06,0.00101708541429571,3.30287770621324e-09,0.0016205329719656,2
"20174",0.643405764494015,0.000121195562563459,0.206676712387749,2.17209201148914e-06,2.20796183307938e-08,2.88871985363723e-09,2.08211650478076e-05,0.149773309257092,7.31821966146513e-11,1
"20176",1.40628459155524e-05,2.45985638713432e-05,0.99979696193327,1.70379903019942e-08,5.92560284058677e-06,0.000150385287274147,6.90864112678306e-06,1.13982891045546e-06,2.58801020801726e-10,3
"20178",6.10027333948174e-06,9.1129977691592e-08,8.56101525240269e-08,9.06233596533044e-09,5.28887361100766e-10,1.90496794214364e-07,1.02223130407675e-08,0.999993512256352,4.19848103356839e-10,8
"20181",2.1671992019545e-05,0.376627748565445,3.51704974842139e-07,2.97094025574158e-09,0.366916442026791,0.253209388546451,8.95695573496514e-06,0.00317905940833188,3.63778293115974e-05,2
"20183",0.925392190805475,0.0648136669988919,2.22558755080255e-06,0.00344074861672696,0.000228228508179436,4.21833044840296e-09,0.00605783827185161,3.36121500555546e-06,6.17357779886037e-05,1
"20186",0.712128413086759,0.0860578021181049,0.00428434488152568,0.0339081029866019,0.00550232623052938,3.29421687615895e-07,0.157874678710038,5.95958844406222e-08,0.000243942968869113,1
"20188",0.000127488217547797,1.46897531739774e-07,1.45654663650038e-07,3.16471603502539e-08,5.801091341595e-10,2.88526765361682e-08,5.56898962205064e-08,0.99987210214441,3.16004243853434e-10,8
"20190",1.55644614539615e-06,0.0282731094332307,2.33702133659963e-09,6.10420723473818e-10,0.970608288089053,0.0010061397167903,5.01310647641917e-05,3.19931071236222e-08,6.074030946778e-05,5
"20193",4.94737900696856e-05,3.40038118963449e-05,0.00832879538820393,4.0263638681616e-08,6.68867261092694e-05,0.288172486536382,0.000116052951385313,0.70323221192859,4.86037251010755e-08,8
"20195",0.165091735324829,0.00178790945009728,9.2655291977603e-07,4.18110728296598e-06,4.79485076358006e-05,2.36397837917956e-06,0.00348829685552294,0.829574684859657,1.95336367557742e-06,8
"20197",0.000162491244823722,0.368540414978511,1.24867611477462e-08,7.49159566967934e-07,0.613414171579123,6.75525830965616e-05,0.0170062519016189,1.1170116016838e-08,0.000808344896382846,5
"20199",0.053275097539736,3.993052693311e-05,3.50072333662302e-07,2.86919260772381e-05,1.43019043383689e-08,3.62446700973061e-09,3.67920439058804e-05,0.946619064631368,5.53332743370624e-08,8
"20205",1.46261047438968e-06,1.12484341764334e-05,7.78006235113985e-12,0.0525463435543621,4.36510017659883e-05,9.02519252972489e-08,0.000562135372072312,6.44420068760537e-10,0.946835068123023,9
"20208",0.978900269659444,0.0104241755947015,1.66307111744795e-05,6.40669139904748e-06,5.41868811128922e-05,4.32622106317994e-08,0.00228070306813729,0.00831703886177735,5.4527004331979e-07,1
"20210",0.0099524063769172,4.15477550984087e-06,1.0221108070748e-06,2.57299111270617e-07,2.62359946025895e-09,1.66972706848495e-09,8.61571958356901e-07,0.990041292880725,6.91644349664291e-10,8
"20212",0.123927133624951,0.000295879235910887,1.7781414633044e-06,2.46248015884534e-06,1.83131048809523e-06,1.48585573257284e-07,0.00020216652439448,0.875568418228263,1.81868797050841e-07,8
"20216",0.00021564406947133,0.777359898938378,4.12994817249919e-08,3.63571873597818e-08,0.222078067182659,0.000187966607130664,5.70349642863588e-05,1.18802478399098e-05,8.94303335658329e-05,2
"20219",0.000998603393600823,0.151803961648255,3.07194906443247e-10,0.0117482009038785,0.0557390818363177,0.000924542259175768,0.0105939788770235,1.89081147546876e-05,0.768172722659799,9
"20223",6.64915573987047e-08,0.00124391830998286,0.000187349754895988,8.26574247148224e-08,0.85052658407341,0.146452649946686,0.00150598766967666,2.20193793994195e-11,8.33610743472578e-05,5
"20226",0.0174624987747678,0.00104793786753965,2.82162393299711e-08,1.40596561552683e-05,0.000679622657661598,2.00342204407478e-07,0.980659870760769,6.03746428822464e-05,7.54070817811669e-05,7
"20230",3.83809653336655e-07,0.0117606822962567,1.20079111497247e-09,2.89855785625246e-09,0.985794540526225,0.00214270613893673,1.7548919013497e-05,2.25870778551492e-09,0.000284131951858685,5
"20233",1.15645360010025e-05,2.40107756668553e-08,1.47049619870667e-09,0.999715299970047,5.19423088607533e-10,4.23087602618548e-10,2.53465353036366e-06,1.17580308606371e-07,0.000270456836330412,4
"20235",1.13973783559874e-05,0.0814059792505003,4.34209242054141e-05,0.000550810546522115,0.731703065878902,0.0147637430454671,0.137699139552255,6.76736520286481e-10,0.033822442747056,5
"20239",0.00107206275823336,0.443972852455084,0.00136176689080201,5.05709905355244e-05,0.249626365540171,0.0122761366082996,0.291509590960418,2.88233453065486e-07,0.000130365563002548,2
"20254",1.33198771357062e-08,2.67809513578963e-05,3.02443116027086e-14,0.000247291505213489,0.000606399459951138,1.9129274985203e-06,4.51517705840746e-06,9.8202007941285e-11,0.999113086560811,9
"20256",2.34966721844384e-06,0.541146370996844,5.88340226198e-08,4.77442405493196e-07,0.457269080611346,0.000887345932602263,0.000201205065364976,4.73498048613632e-10,0.000493110976697669,2
"20262",0.371751364840946,0.00149245856148537,8.54824359176656e-07,5.75446410678153e-06,6.87511851658828e-07,9.57741455324785e-09,3.89843984934879e-05,0.626709793520398,9.23009444884491e-08,8
"20270",0.0101316124461969,0.122799672419482,0.00156362805650977,2.35128394523801e-07,0.559670181218641,0.302897908244327,0.000421426314751541,0.00249915918709919,1.6176984597215e-05,5
"20284",0.454899581738657,0.0109722296341793,9.45025340045098e-08,0.382846571550559,0.00230107590194192,2.91890149795774e-07,0.061455471519133,8.34446987999051e-06,0.0875163387929664,1
"20287",3.56884061402582e-09,0.000758240522542384,2.61241571773803e-09,8.05570431559627e-10,0.975451615720218,0.0231692603865063,0.000398688472177721,2.04264869170791e-11,0.000222187891302622,5
"20290",0.000561920163068362,0.000233227592472863,2.17369558287597e-11,0.0226950330038847,0.00047279486299003,2.1412092292647e-07,0.00236616570776769,6.69357577003575e-06,0.973663950951386,9
"20293",0.000999345910655378,0.988661616505517,2.45771816538804e-08,1.00380947818854e-05,0.0101260778660602,2.27624078515033e-06,5.0910167532301e-05,2.51613766674224e-07,0.000149459023719509,2
"20296",0.236000133654015,0.063922955642259,0.0172668271877096,9.55683256726006e-08,0.000148479912082331,7.37296344673812e-05,0.000424533197645681,0.682163242045224,3.15827112294919e-09,8
"20301",1.05816782025097e-09,7.31240654729634e-05,1.63326594495124e-10,2.70447678151878e-10,0.13274927442442,0.866835976328364,3.55899786904465e-05,1.88558815227292e-07,0.000305845152294835,6
"20304",6.57830144667241e-07,0.00111326639688084,2.2210756021561e-12,0.00641606321260035,0.000350065026959467,2.44906105683899e-06,1.13726279961146e-06,6.95077966318334e-09,0.992116354256558,9
"20306",5.44833334602684e-07,0.0150354085725584,1.40225526499598e-09,5.05473795061811e-07,0.97827151945944,0.00222138547318937,8.03942474293609e-05,5.21370094999125e-11,0.00439024048586126,5
"20309",0.101455200279011,0.62662242359971,3.30580173591798e-07,5.73147215235057e-05,0.124028803068376,2.90256672893378e-06,0.143711337012505,4.64185165159842e-05,0.0040752696554549,2
"20311",0.000723011575740773,0.839856747184476,2.64693856224258e-07,1.01214993257693e-05,0.141362643078255,0.0168935592722237,0.000483483503537867,0.000124290168956661,0.000545879023627621,2
"20314",0.960389931803836,0.0242610202651691,1.59032729911221e-07,2.80479425274244e-05,5.88291410130908e-05,2.87756421836153e-08,0.000655335127332601,0.0146016150893665,5.03282238361385e-06,1
"20318",3.98768403425031e-05,2.77919457547768e-06,2.16622605076708e-06,8.62959523805372e-09,1.87996339809492e-07,6.59667633309184e-05,2.5304749684966e-08,0.999888985908429,3.13658721843603e-09,8
"20320",0.374641111012895,0.000780620837126701,5.69094247700503e-06,0.00319139984248735,0.000104466979695737,9.20793292927507e-08,0.620290400261146,0.000869154020798651,0.000117064024044616,7
"20326",0.922887123485766,0.038870023207871,4.03639073864115e-07,0.000110688167038656,6.31824790466708e-05,1.45998869657333e-07,0.000290824476041423,0.0377659956626255,1.16128836667427e-05,1
"20328",0.78377026317054,0.00261379399849243,3.05270658037249e-06,0.00629760780790535,0.000118947360824522,2.96761489983586e-09,0.207098142793557,4.07810821416182e-06,9.41110862712889e-05,1
"20330",3.1559632658061e-05,0.0127425050448883,1.02116805233225e-07,2.8398434747254e-05,0.0730693675126404,0.000969819173990799,0.910233992257008,1.27290304157431e-07,0.00292412853695746,7
"20336",0.00927107659047404,0.0415747878517904,1.62734562333242e-09,0.378709422519484,0.00202538247530844,1.2866023209085e-07,0.00203975272699037,1.79909137112591e-07,0.566379267639238,9
"20338",0.000163489443784095,0.0287589376830609,3.2743663343365e-10,0.0781080802213856,0.000928877111755064,4.3198793587159e-05,0.00258328145413413,4.41867102703235e-05,0.889369948254586,9
"20340",1.21523471862303e-07,0.0426927226590192,4.71354990375061e-09,4.74692085079496e-08,0.931232451170192,0.023260273038582,6.8711281408346e-05,2.54145942977811e-09,0.00274566560310858,5
"20342",1.71619516404246e-05,5.81703256829089e-06,5.06515964971461e-06,0.899215343785789,4.17029249382458e-05,0.0220215017614021,0.0163689243093388,8.70534397064957e-05,0.062237429634967,4
"20344",0.000293474095834771,0.228515713624229,5.17258893286744e-08,1.49816732343247e-06,0.76933642562243,0.00043215182318807,0.000156964355097101,5.29588450304731e-08,0.00126366762716393,5
"20349",1.82329000725142e-06,0.101633095182832,1.95897792347512e-08,1.03168731838362e-07,0.895713919340509,0.00229193623507072,1.86427111110792e-05,2.52056763759102e-10,0.000340460229901994,5
"20351",0.00137138269587721,0.982518725906931,3.25055019828147e-08,3.60600188425105e-05,0.0129808680374381,5.30368885500337e-06,0.000797560246985878,3.14811142594562e-05,0.00225858578530887,2
"20353",1.59577450900771e-05,0.0110866004229391,1.00327920235547e-09,2.33318358238663e-05,0.333182808705191,4.79834996976116e-05,0.588900241249321,4.1924747056834e-09,0.066743071346183,7
"20357",3.96163429254508e-07,1.36538956072996e-05,5.74501068880404e-12,0.00860252754161193,0.000600912815060404,3.53965793132805e-07,0.00108209769284914,1.78292235259488e-11,0.989700057902075,9
"20360",9.30834442101711e-06,0.000235840847232129,5.24276293962165e-05,0.0810549170230438,0.00126351483524547,0.00431208530748127,0.847818350655416,1.5630805225637e-07,0.0652533990497115,7
