"","V1","V2","V3","V4","best$classification"
"19812",0.00135504705569028,0.0350504505492451,1.52743653053271e-05,0.963579228029759,4
"19814",9.22027773069124e-05,0.00615855608156944,0.00884750068573449,0.984901740455389,4
"19816",2.0608795693476e-05,0.966193492869688,9.56876567470511e-06,0.0337763295689436,2
"19818",0.000168780908017372,0.0827513872025636,0.0266711331037852,0.890408698785634,4
"19820",0.000142829822123081,0.999852852273707,3.00869159643763e-08,4.28781725364343e-06,2
"19822",0.060683639699638,0.939247127572816,1.11763210140211e-05,5.80564065322624e-05,2
"19824",0.000129954681368845,0.993093697114117,0.00422750451279275,0.00254884369172201,2
"19826",3.44251367344813e-05,0.0387069481329215,0.000186482970842694,0.961072143759501,4
"19828",0.000616021763357655,0.997901950490077,1.24107798098268e-05,0.00146961696675528,2
"19830",0.000966876228082325,0.000623947248723021,0.000492405037431354,0.997916771485763,4
"19832",0.561428844102334,0.177645936773628,1.34525699503741e-05,0.260911766554087,1
"19834",0.0206292911162832,0.887207862091162,0.000481065164996128,0.0916817816275586,2
"19836",0.000358335292500764,0.239212933676677,2.08940784818953e-05,0.760407836952341,4
"19838",0.000250398858926901,0.0002319334718494,0.00222802193682614,0.997289645732398,4
"19840",0.000107245950675264,0.726316579635295,6.99775261131101e-05,0.273506196887917,2
"19842",6.340151164017e-06,0.000159329487418507,0.000986239840164023,0.998848090521253,4
"19844",4.78401712996973e-07,4.16369373773635e-05,0.999862069731984,9.58149289260181e-05,3
"19846",9.48448041002856e-07,3.67444839225575e-05,0.221185365643243,0.778776941424794,4
"19848",3.90163641486506e-06,6.897052352219e-05,0.0992252299460147,0.900701897894048,4
"19850",2.033693192831e-05,0.000677777439056457,0.345379677537768,0.653922208091247,4
"19852",0.000505841476684395,0.697575205756566,0.00118191292511747,0.300737039841632,2
"19854",9.35543175043706e-06,7.29751755330803e-05,0.0147491084435387,0.985168560949178,4
"19856",6.18715488013711e-05,0.00217757242808082,0.960598825015271,0.0371617310078463,3
"19858",0.000495528634817188,0.0497891966406116,0.942185554136406,0.00752972058816495,3
"19860",0.000326529086160182,0.361198230046347,0.000174499216905684,0.638300741650587,4
"19862",1.01241607277657e-06,1.8634225041827e-05,0.01830156939592,0.981678783962965,4
"19864",0.0023415259337165,0.304318707128521,0.158791253803183,0.53454851313458,4
"19866",5.66324024265954e-05,0.983795889360072,1.1802366728553e-05,0.0161356758707732,2
"19868",0.999525534775815,3.92574045819344e-05,0.000146723260780091,0.000288484558822778,1
"19870",1.06944750658161e-05,0.000780653531389815,0.00909009286396347,0.990118559129581,4
"19873",2.56337503004996e-05,0.036854593179744,0.00275561588608863,0.960364157183867,4
"19875",0.000783648626216189,0.992025568666594,5.5054403397211e-07,0.00719023216315547,2
"19877",9.53925256647898e-05,0.0080196750294642,0.00560700226041476,0.986277930184456,4
"19879",0.0025901750669465,0.345536486551376,0.00970363353998701,0.64216970484169,4
"19881",2.71747901381166e-05,0.0140096708695719,0.00351534324411408,0.982447811096176,4
"19883",4.21064202842251e-06,0.00541061908209616,0.000489493427593481,0.994095676848282,4
"19899",0.0116539055811766,0.385495385835644,0.000147539351117309,0.602703169232062,4
"19908",0.220180687452989,0.605067548961858,0.0421871653655709,0.132564598219582,2
"19910",0.000172249093990081,0.37323584000022,0.00114731287866013,0.62544459802713,4
"19912",3.80469133054802e-06,8.22245906543726e-05,0.00462715177387634,0.995286818944139,4
"19914",0.0093969408134306,0.259330502439215,0.00235327359016453,0.72891928315719,4
"19916",0.000217757457388421,0.994353021691301,0.00205136663726619,0.00337785421404386,2
"19918",1.3063268101617e-06,0.000957855038054389,0.171391216715924,0.827649621919211,4
"19920",1.18307260652744e-06,9.93039343724205e-05,0.871607990249888,0.128291522743133,3
"19922",0.687065602379604,0.0277410435865518,0.000111074254705882,0.285082279779139,1
"19924",4.62975757019628e-05,0.0178874756106437,0.050984691568467,0.931081535245187,4
"19926",0.0240945199090659,0.50627090640384,8.77690805852744e-06,0.469625796779035,2
"19928",0.0010277861980924,0.0078736364173327,0.460571364519832,0.530527212864743,4
"19930",3.9066709162251e-05,0.0019740814637574,0.000762237394820127,0.99722461443226,4
"19932",3.07269679160945e-05,0.000157996729313663,0.00576862123140564,0.994042655071365,4
"19934",0.00353962394025004,0.960774912586218,0.000214732071555103,0.0354707314019768,2
"19936",0.00137510737840489,0.0199870754510896,0.000560129913764859,0.978077687256741,4
"19938",0.00423017570333603,0.994594258163988,9.8579184667809e-05,0.00107698694800767,2
"19940",2.35902156678787e-05,0.0857654066694765,0.00210181678323132,0.912109186331624,4
"19942",0.000152722178860402,0.0255695956991268,0.0337938654918823,0.940483816630131,4
"19944",0.000168170183765007,0.699823605677587,0.000138257308816592,0.299869966829832,2
"19946",0.000226898492728766,0.146726100043582,0.0316040868548581,0.821442914608831,4
"19948",1.85651707596905e-05,0.00931695817932485,0.0573581922894077,0.933306284360508,4
"19950",1.25723608557816e-06,4.33647607719804e-06,0.996833478964043,0.00316092732379383,3
"19952",1.85651707596905e-05,0.00931695817932485,0.0573581922894077,0.933306284360508,4
"19954",1.41328597120221e-05,0.00049598428988913,0.00303456498907254,0.996455317861326,4
"19956",0.00037006498059987,5.12669933917834e-05,0.662603764842947,0.336974903183062,3
"19958",0.99294973851014,0.000439674520812035,0.00193262659530265,0.0046779603737454,1
"19962",0.00472622134681483,0.235722502356947,0.17981070024818,0.579740576048058,4
"19964",6.01411802122e-05,0.0579000999419883,0.0336370119356979,0.908402746942102,4
"19966",0.000158058155942761,0.998889176460931,4.34505585771648e-07,0.00095233087754074,2
"19969",7.76171565674432e-06,0.00101229990490237,0.000427718459027877,0.998552219920413,4
"19972",7.44385897864113e-06,0.00130923285639629,0.146761750713584,0.851921572571041,4
"19974",8.67037525791902e-08,2.88850255028846e-06,0.922004941660161,0.0779920831335359,3
"19976",6.28639067663326e-05,0.0268843193030429,0.0730103246780129,0.900042492112178,4
"19978",2.3905943420559e-05,0.706980224266483,0.00158159274576758,0.291414277044329,2
"19980",8.02962039454569e-06,5.4729989726818e-05,0.333641635212497,0.666295605177381,4
"19982",0.000116505236526588,0.000653088417220414,0.831510643470039,0.167719762876214,3
"19984",7.72277084429401e-07,5.86172157677194e-05,0.998836271789877,0.00110433871727053,3
"19986",0.000630800135068227,0.999346528819337,3.35149043461065e-08,2.26375306903162e-05,2
"19988",0.00102357176045024,0.998974128702037,1.96440096142806e-08,2.2798935033939e-06,2
"19992",0.00108289212563877,0.998894246221796,6.7190339255619e-07,2.21897491726912e-05,2
"19994",0.000113535586522376,0.00240040531613307,0.000197854539638526,0.997288204557706,4
"19996",0.000152291845936226,0.999811876666844,5.59776007051497e-07,3.52717112130928e-05,2
"19998",0.000529785089727132,0.104482435439585,0.0330404375231987,0.861947341947489,4
"20000",0.0199300544564276,0.000253401187416224,0.00130512550863676,0.978511418847519,4
"20003",0.000360373009589341,0.00977498570930594,1.44631738733704e-05,0.989850178107231,4
"20005",1.2257797804989e-06,3.15439305519415e-05,0.0926081369183063,0.907359093371361,4
"20007",0.00532210917500753,0.678621571886072,0.00177666906654272,0.314279649872378,2
"20009",0.00109084194466329,0.996561868586054,0.000666284902815831,0.00168100456646702,2
"20011",2.15024945388225e-05,0.00717280839410939,0.0242179258085849,0.968587763302767,4
"20013",7.72122997355799e-05,0.00192111146902682,0.127430773948929,0.870570902282309,4
"20016",0.00709506305648323,0.992815276797369,2.07610302022035e-05,6.88991159451801e-05,2
"20018",0.982015418785554,0.0179842958246272,1.85884762346134e-08,2.66801342712511e-07,1
"20021",0.000744038619047438,0.979820315611074,9.83299221590454e-07,0.0194346624706567,2
"20023",0.0024567237296721,0.918997912736599,0.000209712900206402,0.0783356506335227,2
"20025",0.434929897171529,0.564952402152908,5.99074044675201e-07,0.000117101601519184,2
"20027",9.40535470226474e-06,0.000338434690292437,0.000159722520914371,0.999492437434091,4
"20029",6.51958640494744e-07,0.000117445580736356,0.0317222736204981,0.968159628840125,4
"20032",1.9663026937471e-05,0.000328096788292353,0.000117416297213556,0.999534823887557,4
"20034",3.41024348368261e-05,0.0120276824201555,0.00495497324575578,0.982983241899252,4
"20036",0.00309198906284215,0.05890271377575,0.195014161161631,0.742991135999777,4
"20038",0.0098373739649607,0.989175684021245,2.66904049878411e-08,0.000986915323389135,2
"20040",0.0152269854958093,0.984708919059583,2.11481961586962e-05,4.29472484492566e-05,2
"20043",0.00142381604236605,0.994369653984698,2.32362042019691e-06,0.00420420635251611,2
"20045",0.00956405506912119,0.990433195016405,4.38216216901914e-07,2.3116982565176e-06,2
"20048",7.71156566360838e-07,1.92105940421929e-06,0.999849363933974,0.00014794385005493,3
"20051",0.0335601542165019,0.449458175696041,0.0133120874574159,0.503669582630041,4
"20053",0.000182957871899745,0.979983558662781,0.000465678148534805,0.0193678053167843,2
"20055",0.157554479367495,0.760672138518128,5.93900918429119e-07,0.0817727882134585,2
"20057",0.996244750887808,4.87640000124091e-06,0.00328428836619564,0.000466084345995295,1
"20059",0.00426992777253761,0.975348956447107,8.83894083295801e-05,0.0202927263720263,2
"20061",0.000767193909795006,0.868411200939641,0.000393078114268745,0.130428527036295,2
"20063",0.000889242062643066,0.0210660685239374,0.977885343189369,0.000159346224049904,3
"20065",0.843005760750309,0.156970485981826,1.36987712044714e-09,2.37518979878249e-05,1
"20067",0.0155261677654637,0.98378150359635,0.000264042183259795,0.000428286454926593,2
"20069",1.33109138514871e-05,7.58465869987625e-05,0.575388662037792,0.424522180461357,3
"20071",0.00816910633878855,0.376117473406139,0.00365697249629255,0.61205644775878,4
"20073",3.34319273826871e-06,0.00155690955781844,0.89088294958781,0.107556797661634,3
"20075",0.999573116131942,2.54447079197109e-05,3.24851608973806e-06,0.000398190644048195,1
"20077",0.00022480446893847,0.981376558774301,0.000701736423112486,0.0176969003336484,2
"20079",0.00308933291908959,0.232246870579868,0.680783996835122,0.0838797996659208,3
"20081",0.17259837503398,0.819956915330275,1.47757710872739e-05,0.00742993386465713,2
"20083",0.00172269861413805,0.00862728895610863,0.962068497922032,0.0275815145077209,3
"20085",0.00412770031805488,0.995868510557075,5.60331821185397e-09,3.78352155179556e-06,2
"20088",0.00163026522236469,0.997657680837376,5.05066733668053e-07,0.0007115488735255,2
"20091",0.996466244604953,0.00337749865711359,5.84163303215399e-06,0.000150415104900723,1
"20095",0.000441101536486949,0.0686165876466371,0.905092758269031,0.0258495525478449,3
"20097",0.0155899548136475,0.984403876622038,7.00969181074844e-09,6.16155462306178e-06,2
"20099",8.94609723070418e-06,0.978234320721041,0.0131067328105906,0.00865000037113765,2
"20102",0.128718998619819,0.00415426989656854,0.862924533508457,0.00420219797515598,3
"20105",0.000626418382949066,0.992512260724101,0.000793583864405088,0.00606773702854493,2
"20107",0.00026247699839726,0.998729677006168,1.7798265970901e-06,0.00100606616883747,2
"20109",4.0356245598189e-05,0.677563363839052,0.286605262582564,0.0357910173327855,2
"20111",0.567579227674002,0.000353086640264077,0.0248871390577442,0.40718054662799,1
"20113",0.000439256219887899,0.959391320649754,8.0041583910005e-06,0.0401614189719676,2
"20115",0.000470654549782997,0.000246762422759192,0.00188036550121299,0.997402217526245,4
"20117",0.752992677963656,0.236919927343651,6.54847634467054e-05,0.0100219099292461,1
"20119",7.96115999204893e-05,0.998628971857522,2.90342849933594e-07,0.0012911261997072,2
"20121",0.000651793125519993,0.999163170786377,9.31335992027358e-08,0.000184942954504182,2
"20123",0.997738840133,0.00220926620961839,4.64948496188061e-08,5.1847162532176e-05,1
"20125",7.94288621761972e-05,0.000566209372642334,0.132800057188628,0.866554304576554,4
"20127",0.000495244884618081,0.999471935774573,5.46057117700851e-06,2.73587696321229e-05,2
"20140",0.410773665301797,0.384927934161544,7.4037371539443e-06,0.204290996799504,1
"20142",3.15258757317165e-06,7.72276919533306e-06,0.990914752729916,0.00907437191331548,3
"20144",0.0128394158488281,0.000315801828172058,0.0132554838006992,0.973589298522301,4
"20146",0.00670337195259767,0.0123013584160292,0.398060669391815,0.582934600239559,4
"20148",0.000272291965870743,0.0139589473730982,0.000582873257720356,0.985185887403311,4
"20150",6.02019668426964e-07,9.6480830321015e-06,0.596042652732703,0.403947097164597,3
"20152",0.000340570369553429,0.0479485848343716,0.000409865877632399,0.951300978918443,4
"20154",0.956982721607281,0.042980279776185,1.10240378057328e-05,2.59745787287209e-05,1
"20156",0.0246015280321503,0.752733480530805,0.0690594398680037,0.153605551569041,2
"20159",2.51947486914643e-05,7.86633808186047e-05,0.632855191648926,0.367040950221563,3
"20161",0.000135780653788409,0.00135719524552209,0.980333143972045,0.0181738801286443,3
"20163",0.00176935342234625,0.0513869475167711,3.30831227748664e-05,0.946810615938108,4
"20165",6.67421765492869e-05,0.0184415631809296,0.979690036401503,0.00180165824101833,3
"20167",2.76429368425709e-05,0.00921535412825853,0.0178676497568875,0.972889353178012,4
"20169",9.95853653912533e-07,2.34004808769952e-06,0.999447127209868,0.000549536888390596,3
"20171",0.988464702837528,0.0115213488658414,1.16889294915089e-05,2.25936713880975e-06,1
"20173",5.98045162183543e-05,0.158942258744081,0.8313150815479,0.0096828551918011,3
"20175",5.17796151029082e-05,0.0029492452755421,0.01640429009511,0.980594685014245,4
"20177",3.27769188000514e-05,0.975039278034235,0.00145622694796374,0.0234717180990011,2
"20180",0.00346024351073697,0.996354751351878,1.73966232249583e-09,0.000185003397722835,2
"20182",2.91152869576932e-05,1.43310219001574e-07,0.999520678076587,0.000450063326236479,3
"20184",9.45010152640161e-06,0.000390750965189707,0.939661911163923,0.0599378877693614,3
"20187",8.50168409127301e-05,0.335271386740234,0.211503360031922,0.453140236386931,4
"20189",1.71704457514833e-05,0.893332644993092,5.54830902549651e-05,0.106594701470901,2
"20192",0.137314303500394,0.84762177863974,2.98476358831429e-05,0.0150340702239835,2
"20194",8.84311856393891e-06,0.00030222739692705,0.847222235874469,0.15246669361004,3
"20196",0.186033953328301,0.813728473376299,8.47776630328748e-07,0.00023672551877075,2
"20198",0.00885000151209393,0.326301716017708,0.00151340635917035,0.663334876111027,4
"20204",3.3573358875608e-05,9.74243239759338e-05,0.562319905085549,0.4375490972316,3
"20207",0.106611677637975,0.892986763702782,5.24369624965504e-05,0.000349121696745879,2
"20209",0.0465992516481255,0.000895906741357385,2.83217489519838e-05,0.952476519861565,4
"20211",0.998320630807716,0.00160860348496697,2.16784346012059e-07,7.05489229706783e-05,1
"20215",0.0019338115531382,0.974263889846105,9.25950734539023e-05,0.0237097035273027,2
"20218",3.14700775585466e-06,1.24522558001922e-05,0.975983178408109,0.0240012223283347,3
"20222",0.084504849105695,0.906875602196493,0.000150991150212671,0.00846855754759895,2
"20225",0.00119876691513865,0.000476700404859262,0.0414214370874375,0.956903095592565,4
"20229",0.146936419006219,0.0555172883848178,0.00214913355104527,0.795397159057918,4
"20232",0.0300085878552226,0.850975306256357,6.5231340713015e-05,0.118950874547707,2
"20234",0.119294152758446,0.880701882175183,1.60900478762208e-08,3.94897632244357e-06,2
"20238",0.00228244348028012,0.996890460311126,2.28750837054984e-05,0.000804221124888293,2
"20253",0.00123174048283054,0.998290217182146,4.72834291667527e-06,0.000473313992106859,2
"20255",0.00105544090151765,0.000849155027001655,0.000790578129767353,0.997304825941713,4
"20258",0.000113645079644105,0.999532586265818,3.1544262450544e-07,0.000353453211913589,2
"20269",0.000187987515230188,0.914726852998793,0.0487124598293431,0.036372699656634,2
"20271",3.3851535936649e-05,0.998428492862193,1.90967877769993e-06,0.00153574592309283,2
"20285",0.000194676231882312,0.0648584318959894,0.0351917330223672,0.899755158849761,4
"20288",0.00386474148889911,0.966376129437534,0.000199014002200855,0.0295601150713656,2
"20291",0.264973224328068,0.734595321425485,6.9777608879916e-06,0.000424476485558491,2
"20295",0.000292585107429725,0.813920397990565,0.0403839500384224,0.145403066863583,2
"20298",1.19119871561272e-05,9.18779879985301e-05,0.00814248338576648,0.991753726639079,4
"20302",1.4601766504717e-05,0.00187208640445876,0.654813504051351,0.343299807777686,3
"20305",3.81648469572371e-06,5.63840025261317e-05,0.00181888993667559,0.998120909576103,4
"20307",0.000725285259561853,0.999225436995083,1.2562837313128e-07,4.91521169825059e-05,2
"20310",0.00281170562343493,0.997185042323312,1.61183154575286e-07,3.0908700982592e-06,2
"20313",7.76614128387109e-08,5.72810090310538e-07,0.998718622679909,0.00128072684858773,3
"20315",0.000196767849820405,0.998394939086179,2.0011049196473e-06,0.00140629195908085,2
"20319",0.597945986361642,0.401668013508409,4.99191855497598e-07,0.00038550093809351,1
"20321",0.000140263330319074,0.99965047353702,1.77083468882006e-05,0.000191554785772659,2
"20327",1.91626252841129e-05,0.999822947000825,1.0316480538664e-06,0.000156858725836789,2
"20329",3.88755988073504e-06,0.00214483973841939,0.317784492148108,0.680066780553592,4
"20335",0.12620192100607,0.873761293031218,2.5787384459728e-06,3.42072242655156e-05,2
"20337",2.94983380373997e-05,0.000132696272778358,0.310957774361702,0.688880031027483,4
"20339",0.967022781636676,0.0116332156414335,1.236636230772e-05,0.021331636359583,1
"20341",0.966278369253366,0.0331901487034068,0.000461310747850527,7.01712953771779e-05,1
"20343",0.0110788148563995,0.988759754468332,0.000121192714705576,4.02379605626923e-05,2
"20345",6.09932880268132e-05,0.00510209446427278,2.67586182413106e-05,0.994810153629459,4
"20350",0.3290151842102,0.446600208273325,0.0378959937292081,0.186488613787267,2
"20352",1.08248642218531e-06,9.14520389863271e-06,0.999010299391815,0.000979472917863819,3
"20355",0.000457616871077419,0.00708902827553169,0.94768410994907,0.0447692449043204,3
"20358",1.31780396767842e-06,0.000340850262254805,0.369014759860229,0.630643072073548,4
"20363",0.000136604113990968,0.99926408565121,1.23306352280589e-05,0.000586979599570707,2
"20365",0.557396906410158,0.409937927613746,4.55787153898872e-06,0.0326606081045564,1
"20379",0.00111834468898208,0.00078510862845676,0.00271800101272013,0.995378545669841,4
"20387",0.00213518586365726,0.996979616529899,7.28334756588377e-07,0.000884469271687406,2
"20392",0.996174799677361,0.00379159740243146,2.62672820578687e-08,3.35766529254923e-05,1
"20395",0.000666221728088705,0.0287934515458535,0.00198217058883553,0.968558156137222,4
"20397",8.42882838742807e-07,2.20050912663036e-05,0.983497952699465,0.0164791993264301,3
"20410",0.000833840708882176,0.980430632533426,2.08314808428152e-07,0.0187353184428835,2
"20414",2.16641243468124e-05,0.00213703532781611,0.337106415429762,0.660734885118075,4
"20417",0.870281372225398,0.129716542282379,1.09556335912511e-07,1.97593588615869e-06,1
"20419",3.79935404408172e-06,0.999909987273187,3.88313135685203e-06,8.23302414119413e-05,2
"20421",0.0299085953540601,0.00813547878073232,0.667820654457953,0.294135271407254,3
"20423",0.000309722502514609,0.00064741244994147,0.413565104077817,0.585477760969727,4
"20425",0.00113001391942501,0.00162307481187636,0.603722449603794,0.393524461664905,3
"20427",8.42389843880819e-05,0.0669496214003439,0.000625913017214593,0.932340226598053,4
"20429",0.00481758779634186,0.994384842627078,0.000387939357539359,0.000409630219040513,2
"20432",1.12859296201843e-06,0.000105344831197558,0.820449245989492,0.179444280586348,3
"20435",0.0298889653540966,0.777188282587374,2.77395903251239e-05,0.192895012468205,2
"20438",3.38372169520413e-05,0.998629671880625,0.000524836496643797,0.000811654405778878,2
"20440",4.66835598737408e-05,0.999571743932446,4.11599530770095e-05,0.000340412554602892,2
"20443",8.51403006001383e-05,0.000523919507986547,0.996216020105992,0.00317492008542134,3
"20446",0.00200854577495341,0.546048711981523,0.00581885128388348,0.44612389095964,2
"20449",0.0181272102921623,0.784291073980117,5.00458059744956e-05,0.197531669921746,2
"20537",0.276494487826799,0.714964961648347,0.000255056397596371,0.00828549412725747,2
"20540",0.987932275560355,0.012044479949812,2.59142939375704e-08,2.32185755391959e-05,1
"20543",0.00138284110753877,0.267688301974456,0.00560690618824136,0.725321950729763,4
"20545",0.998235131966046,0.00171366004212133,6.54723203717622e-07,5.05532686290682e-05,1
"20549",0.00947771074705741,0.0956205320066641,0.0214131191620282,0.87348863808425,4
"20551",0.00259809346036083,0.977223616658332,0.000154341024130711,0.0200239488571762,2
"20554",0.000182824875108373,0.993556395496599,2.55842191318868e-05,0.00623519540916056,2
"20556",0.196670403836786,0.264307417933994,0.0020370731012623,0.536985105127958,4
"20558",0.000292318939860026,0.999581883256493,6.83762883748314e-07,0.000125114040763256,2
"20560",0.000155436844331024,0.979067229528431,0.00361515705430663,0.0171621765729314,2
"20563",0.000382743376507437,0.999592153738711,2.08976051842495e-06,2.30131242628584e-05,2
"20565",0.00203484934109646,0.879437099877939,0.0224740131868389,0.0960540375941262,2
"20567",5.18982324519515e-06,0.000176716607982527,0.877456147369744,0.122361946199028,3
"20571",0.0327716743713458,0.96433038188344,0.00010345842874163,0.0027944853164732,2
"20573",0.00637606207022572,0.95533415824154,0.00069311016410984,0.0375966695241244,2
"20575",0.000169107327839765,0.999773662941041,5.5951199831857e-07,5.66702191211687e-05,2
"20577",0.00292014982368372,0.13115970656341,0.000207096560494547,0.865713047052412,4
"20579",4.15622250264377e-08,3.93351221738555e-06,0.996774518654445,0.00322150627111257,3
"20582",0.000192794759335744,0.99978184330487,1.33178720176446e-07,2.52287570740102e-05,2
"20585",0.887482128136511,0.0992753161603643,2.68109469084912e-06,0.0132398746084333,1
"20588",0.978456991562135,0.0110731107648042,0.000236388941362902,0.0102335087316976,1
"20590",2.833781408573e-08,1.34221334668649e-06,0.992568545437381,0.00743008401145834,3
"20592",0.000135197007106949,0.999850970428193,2.36653625810463e-06,1.14660284422845e-05,2
"20594",0.00047358797056703,0.999473777890373,3.4225395621034e-08,5.25999136647463e-05,2
"20596",1.121855380722e-05,0.982592025202002,0.000986858999711225,0.0164098972444796,2
"20598",0.000191545754639401,0.986621904024965,1.32675782577581e-05,0.0131732826421383,2
"20600",0.75850372230703,0.0950895085892686,0.00134919829788758,0.145057570805813,1
"20603",0.00505598990427366,0.00129646112507437,0.00581206604387587,0.987835482926776,4
"20605",0.000686036023893106,0.998499872107136,1.04558184566941e-07,0.000813987310786602,2
"20607",2.46912431024722e-05,0.997378665542862,1.69735512871736e-06,0.00259494585890654,2
"20609",0.000210331267675968,0.976902258235666,6.71227322604796e-05,0.0228202877643977,2
"20611",3.68224785285538e-06,6.32709948461215e-05,0.000619992081545589,0.999313054675755,4
"20613",0.00418774671135229,0.430580440011556,2.95996639974379e-05,0.565202213613094,4
"20615",0.0983131215731036,0.363083568649933,0.00314197939319917,0.535461330383764,4
"20617",1.36758594021223e-06,4.51045348731479e-06,0.996083608174978,0.00391051378559469,3
"20619",6.3774797716309e-05,0.999877021737986,7.1566927321538e-06,5.20467715656816e-05,2
"20621",0.000599863508428614,0.978748739887144,6.16875194793166e-05,0.0205897090849476,2
"20623",7.18759328743086e-07,0.00298095624919249,0.98208316627021,0.0149351587212686,3
"20625",0.0473382036141672,0.00272268712667659,0.0533931737127872,0.896545935546369,4
"20627",0.000714339536653145,0.751399888220993,1.12824096720751e-05,0.247874489832681,2
"20629",0.00463330204961866,0.829932232630474,0.000978760386313113,0.164455704933594,2
"20631",0.00020944473880184,0.999750276274648,1.32165792816325e-05,2.70624072680818e-05,2
"20633",3.36353226475869e-08,3.27921809918429e-07,0.999245047195632,0.000754591247235618,3
"20636",1.26404795274738e-05,0.00117133568560475,0.0358389442502958,0.962977079584572,4
"20638",0.0763796994685734,0.149335129512169,0.000357057638420307,0.773928113380837,4
"20640",0.0876862392814318,0.907762598994729,6.19633144273945e-08,0.00455109976052463,2
"20645",0.00567196016850655,0.994321271783093,9.65061651658277e-09,6.75839778433967e-06,2
"20647",8.92513147117959e-07,2.04844133077232e-06,0.999840212871758,0.000156846173763711,3
"20649",0.0137400815776035,0.964301150786159,2.11037406793799e-05,0.0219376638955585,2
"20651",0.00360649397799679,0.996346220725544,2.35426815406425e-05,2.37426149190419e-05,2
"20656",0.0409019514592234,0.956995178058125,8.60007475017638e-06,0.00209427040790107,2
"20660",0.907319992598744,0.0769757129486567,1.19427876354781e-05,0.0156923516649638,1
"20662",4.52053758257812e-06,0.000540431050130936,0.909114405134726,0.0903406432775603,3
"20664",4.70728088409069e-05,0.861158469425406,0.119495308616297,0.0192991491494554,2
"20666",0.0615126570652829,0.0010341054325594,0.000192076684739401,0.937261160817418,4
"20668",2.00265662805513e-06,0.000182925386108758,0.478954596885954,0.520860475071309,4
"20670",0.000451561474575394,0.997350804350659,1.39017829200848e-05,0.00218373239184537,2
"20672",6.60124348285448e-05,0.000145838591271851,0.482020773094735,0.517767375879165,4
"20674",0.000257836882844449,0.90549989229149,0.000260827201249882,0.0939814436244157,2
"20676",3.833688514929e-06,1.8104079976765e-05,0.075134266770981,0.924843795460527,4
"20678",5.08606452191902e-07,1.76003666187402e-05,0.508028129047913,0.491953761979016,3
"20680",8.75022857651461e-05,0.00336746390355435,0.323708073652983,0.672836960157697,4
"20682",9.90067831871293e-06,0.00355669620749721,0.00145890224449942,0.994974500869685,4
"20684",0.00483014866890036,0.826981391211565,5.77929844409715e-05,0.168130667135094,2
"20686",3.48355748303953e-06,1.83354159989463e-05,0.974912470299951,0.0250657107265667,3
"20688",1.87973472351743e-07,8.9481845140755e-06,0.952968214326531,0.0470226495154821,3
"20690",0.950680639327896,0.0467984688858545,3.0350684378013e-07,0.00252058827940526,1
"20692",2.23312482105597e-08,4.56263984775979e-07,0.997927518091052,0.00207200331371533,3
"20694",4.68734239603278e-06,5.23094899948664e-05,0.0252976376614585,0.974645365506151,4
"20696",4.3392997265519e-05,0.0011304760618419,0.00946186714029852,0.989364263800594,4
"20698",0.0121176456053864,0.901797585574591,0.00935876752493909,0.0767260012950833,2
"20700",0.000530071550321078,0.993530236354941,0.00387490031886082,0.00206479177587688,2
"20702",0.88790197154066,0.111861212195967,1.22554337911125e-07,0.000236693709034536,1
"20704",0.000638095147887064,0.813410850952919,8.3411861492159e-05,0.185867642037701,2
"20706",0.00596353108319966,0.224767725359912,0.022197371043736,0.747071372513152,4
"20708",1.61352852560327e-06,0.000128191993276019,0.010562500495364,0.989307693982834,4
"20710",0.41368895602472,0.539966181780488,3.41921322553955e-06,0.0463414429815669,2
"20714",1.8334312316825e-07,5.71903176412088e-05,0.983027615170747,0.0169150111684892,3
"20716",0.000191751909963078,0.988793838315551,1.48412650245304e-06,0.0110129256479834,2
"20719",0.000522834834532918,0.553909252044402,0.000528139845514566,0.445039773275551,2
"20721",0.000144156977971179,0.999839782298807,2.89850824895773e-06,1.31622149732109e-05,2
"20723",0.0071587756335998,0.771776387749029,0.00231426557726284,0.218750571040109,2
"20725",0.000266423068844897,0.00314536580602351,0.000247661537086307,0.996340549588045,4
"20727",0.0001724870712914,8.78907112204045e-06,0.991336387324287,0.00848233653330016,3
"20729",4.89152627598129e-06,7.40605648511284e-05,0.000449635014050946,0.999471412894822,4
"20731",0.000197286772236849,0.000813584477799965,3.8548184722689e-05,0.998950580565241,4
"20733",0.00497054341932222,0.860805534584754,3.01190297281656e-05,0.134193802966196,2
"20735",0.0199812286325576,0.391393288751888,2.03003172319574e-05,0.588605182298323,4
"20737",6.07764503696234e-07,7.22467019915619e-05,0.0642943035174414,0.935632842016063,4
"20739",1.17189938798488e-07,5.47728326426079e-07,0.998975580944711,0.001023754137024,3
"20741",0.000162687291457443,0.0123839925357956,0.0457273163841878,0.941726003788559,4
"20743",6.8711553713267e-05,0.0060939376375054,0.000567434835730981,0.99326991597305,4
"20745",0.000410799602234481,0.999390901837312,5.67960817326468e-06,0.000192618952279753,2
"20747",5.63202586617085e-06,8.31338348973548e-05,0.000369964583150785,0.999541269556086,4
"20749",6.57133543306319e-06,4.11507709489231e-05,0.000846638935173559,0.999105638958444,4
"20751",0.00321309668032107,5.66762350718072e-05,0.000936567759839049,0.995793659324768,4
"20753",6.96602564208408e-06,0.000150347567252172,0.000419065630057093,0.999423620777049,4
"20755",5.81834291292108e-06,0.000529617329418621,0.0761647964346585,0.92329976789301,4
"20757",4.05132389418258e-05,0.21277696792128,0.569658337710761,0.217524181129017,3
"20759",4.41764522667685e-05,0.999388166437651,0.000302588998236583,0.000265068111845346,2
"20761",0.000152446031016851,0.0369546653912502,0.00264983522213007,0.960243053355603,4
"20763",0.00147174328471369,0.0900667017531706,0.00978059296418985,0.898680961997926,4
"20765",0.000135161149269811,0.00478858354234828,0.00599645753660887,0.989079797771773,4
"20767",0.000495126000870988,0.934890453677294,7.07417354936082e-06,0.0646073461482861,2
"20769",0.629220955969066,0.307610374059486,3.87791747446265e-07,0.0631682821796999,1
"20771",1.56865901931169e-05,0.103853236770532,0.211228889704107,0.684902186935167,4
"20773",0.000522370689154696,0.0526595445485083,0.0384723871871916,0.908345697575145,4
"20775",0.000281089322685631,0.00249342522237088,0.000152385908736914,0.997073099546207,4
"20777",0.354836703109982,0.0341429698391367,0.000849232664566551,0.610171094386314,4
"20779",0.000100035204175543,0.00138854428059293,4.99397197742917e-05,0.998461480795457,4
"20781",0.949366914260765,3.26044161956846e-05,0.0383200198439847,0.0122804614790544,1
"20783",2.48887448193265e-05,0.024899746946214,0.00463916598631645,0.97043619832265,4
"20785",3.28573894489413e-05,0.00140907780098794,0.810617817052758,0.187940247756805,3
"20787",6.15626139501857e-07,0.000379149392045371,0.0247824179830487,0.974837816998766,4
"20789",0.0011508962598951,0.350655657569639,2.81854357247785e-05,0.648165260734741,4
"20791",1.98955798830578e-06,2.22292060198931e-05,0.0712919955566873,0.928683785679304,4
"20793",0.000886539652913393,0.29042866277368,1.35220708211022e-05,0.708671275502585,4
"20795",5.14553436472461e-06,0.000365427523425428,0.19477391226213,0.80485551468008,4
"20797",0.00387856730023785,1.87121173895343e-06,0.994027018141366,0.00209254334665673,3
"20800",5.77557971876556e-05,0.000244766254383472,0.00399760560872731,0.995699872339701,4
"20802",0.000109860934882816,0.0119041685943588,0.00273738511944323,0.985248585351315,4
"20804",8.941902195961e-07,4.64652600697974e-05,0.00585661798601142,0.994096022563699,4
"20806",1.41757189630623e-06,1.79117000210712e-05,0.28859413074245,0.711386539985632,4
"20808",8.86543408139731e-05,0.978059386166255,6.24291559204299e-07,0.0218513352013716,2
"20810",3.37562037350783e-05,0.00141188108400349,0.45573647274417,0.542817889968092,4
"20812",0.0108515811489677,0.00809687338926601,0.00840037063089148,0.972651174830875,4
"20814",3.19870785590755e-07,1.14928504188071e-05,0.565130017292489,0.434858169986306,3
"20816",0.0120649087625891,0.910674692762177,1.42116949405517e-05,0.0772461867802929,2
"20818",0.000230145560718129,0.0117952898751172,0.00490153268910009,0.983073031875065,4
"20820",3.79298639416754e-07,9.49781870861331e-07,0.999633537848897,0.000365133070593165,3
"20822",4.02498726170252e-05,0.0070122904012515,0.00212635591738217,0.990821103808749,4
"20824",5.02374683622793e-05,0.00154677898655286,0.635779248199961,0.362623735345124,3
"20826",1.66615210345503e-06,6.12904104070918e-06,0.99297985390879,0.0070123508980653,3
"20828",7.71156566360838e-07,1.92105940421929e-06,0.999849363933974,0.00014794385005493,3
"20830",9.54640648717239e-06,6.9055355116443e-05,0.000845785696974403,0.999075612541422,4
"20832",0.000383023772350796,0.407191316776561,0.0461712168017431,0.546254442649345,4
"20834",0.00196838689982221,0.959858106383892,3.28518939910237e-06,0.0381702215268871,2
"20836",4.08731005826519e-05,0.000668140800131106,7.50709205766359e-05,0.99921591517871,4
"20838",7.92331515087095e-07,1.83954604970351e-05,0.0678145660138062,0.932166246194182,4
"20840",0.000492428465802388,0.868636936123704,0.000196806797121617,0.130673828613372,2
"20842",1.71904212965029e-05,0.000501539210432493,0.000284754505088708,0.999196515863182,4
"20844",9.50193898411313e-06,0.0332262252813526,0.0028778570890954,0.963886415690568,4
"20846",7.58143989771979e-05,0.0138443018442823,0.729867324413676,0.256212559343064,3
"20848",0.00100984869534222,0.174039107709975,0.00127035911770311,0.82368068447698,4
"20850",6.07654064063905e-05,0.96833321674282,0.00620696727379363,0.0253990505769795,2
"20852",0.00111263767473238,0.948494490753431,0.0370592693267912,0.0133336022450456,2
"20854",6.94005643802392e-06,2.90327655140033e-05,0.915659511438239,0.0843045157398088,3
"20856",0.956722149808621,0.0161070528073885,3.10353846326529e-05,0.0271397619993579,1
"20858",0.00096429108627821,0.99798647832586,1.70142138567237e-05,0.00103221637400454,2
"20860",0.000110528910691367,0.0121535324979508,5.1017169029524e-05,0.987684921422328,4
"20862",3.74782079242338e-05,0.999573402093426,1.32717024334296e-07,0.000388986981625798,2
"20864",1.62355981278845e-05,4.67710525137585e-05,0.993445061526658,0.00649193182270074,3
"20866",0.00127719226878789,0.998720955300015,5.30650928753897e-08,1.79936610427262e-06,2
"20868",0.00300526412126047,0.986603911166147,0.000126645455669103,0.0102641792569233,2
"20870",0.00119353309099736,0.0269241836581637,0.00441791465130393,0.967464368599535,4
"20872",3.25169894471512e-05,0.000702571753929367,0.00619329595144238,0.993071615305181,4
"20874",3.29077807984941e-08,7.07443223944755e-07,0.998697719286619,0.00130154036237603,3
"20877",0.0189963770473125,0.967266550949395,1.00171809844364e-06,0.0137360702851943,2
"20879",0.0027053514342287,0.996731121548781,4.47455150415514e-08,0.000563482271475076,2
"20881",1.49367540667228e-05,0.000115770578418398,0.00377611993633806,0.996093172731177,4
"20883",0.00015444380341801,6.78148036729168e-05,0.0328588112059492,0.96691893018696,4
"20885",6.99908016423375e-05,0.000288466725530591,0.00202149129973948,0.997620051173087,4
"20887",0.00517760017602807,0.399962453811858,1.0254879718035e-05,0.594849691132396,4
"20889",0.000815379406085594,0.00162667861484825,0.000218865626856141,0.99733907635221,4
"20891",0.00361920390364889,0.996108792288004,1.53876820216961e-07,0.000271849931526862,2
"20896",0.079451457738984,0.630071181636562,2.91668053064842e-05,0.290448193819148,2
"20898",8.01473556701499e-05,0.00640690165584101,0.000108886606796936,0.993404064381692,4
"20900",0.109083501854763,1.76630381429502e-05,0.67775770175098,0.213141133356114,3
"20902",0.832853348714285,0.124959323640203,1.95368659920424e-07,0.0421871322768519,1
"20904",0.000884862531912246,0.0119486237974002,0.980840682886622,0.00632583078406534,3
"20906",0.0193173995635494,0.971363322050538,1.57682477037077e-06,0.00931770156114182,2
"20908",0.000130554836818028,0.0275789143896594,0.307597438756401,0.664693092017122,4
"20910",2.40319891121264e-06,0.00930069397764724,0.0103796728754112,0.98031722994803,4
"20912",0.945929302755821,4.53131851743025e-05,0.000335311012616104,0.053690073046389,1
"20914",0.0109433863206844,0.989014515845312,3.06840143565786e-09,4.20947656016003e-05,2
"20968",0.00101361999380961,0.000929282290338705,0.982128711788828,0.015928385927024,3
"20970",0.00064875127290682,0.971593026158032,0.00137652900320676,0.0263816935658546,2
"20981",8.26026438099808e-06,0.982641095807665,0.000196144133781409,0.0171544997941723,2
"20983",5.60030373380986e-08,7.2145719146058e-07,0.992200599365183,0.00779862317458824,3
"20988",0.000106921605377414,0.997492765776869,0.000176292535065179,0.00222402008268848,2
"20995",0.787365301097303,0.150768376429765,0.00439592530888227,0.0574703971640506,1
"21017",3.82124763339352e-05,0.146899741159274,0.0521317968233767,0.800930249541016,4
"21038",0.00759849774194816,0.986500614824374,7.11216440125471e-07,0.00590017621723738,2
"21072",0.00537592430272906,0.971353895218012,0.000370830380552797,0.0228993500987064,2
"21075",0.0633381274017951,0.935521651434796,1.83111564958387e-08,0.00114020285225217,2
"21223",0.00178248146065238,0.0446733173150196,0.000572051835543342,0.952972149388785,4
"21225",0.99987324564542,9.2932562529398e-05,8.76917517357488e-08,3.37341002988662e-05,1
"21230",5.9552838375115e-08,6.73879922907782e-07,0.99493533372667,0.00506393284056911,3
"21236",3.98731759072552e-05,0.00416403542375182,0.00285193844672283,0.992944152953618,4
"21238",0.465740775712338,0.0742324587458211,0.000149367807308488,0.459877397734532,1
"21241",0.000328646638245149,0.998048241305698,0.00107442069311753,0.000548691362939356,2
"21246",1.82148231455651e-05,0.974863114634293,0.000269089627909464,0.0248495809146521,2
"21253",5.26260131520292e-06,2.77715757652139e-05,0.957377524855237,0.0425894409676824,3
"21256",0.000209528526310229,0.00509267246856632,0.198567762623738,0.796130036381385,4
"21260",0.995709890491827,0.00427681588833076,1.28222304826251e-06,1.20113967936773e-05,1
"21266",0.000260118887739987,0.980960878056634,1.72091309972011e-05,0.0187617939246287,2
"21332",4.17003550027387e-05,0.992071410095542,4.87624596129404e-05,0.00783812708984255,2
"21334",0.00273397814644575,0.0062988053451294,6.1020410209765e-05,0.990906196098215,4
"21375",0.000466334331932716,0.999372990165616,1.47354555430882e-06,0.000159201956896557,2
"21378",0.00264563801687749,0.997348303016191,2.01253589478605e-07,5.85771334171992e-06,2
"21381",0.0104465863783717,0.989281040156564,1.2602773673131e-05,0.000259770691390586,2
"21389",2.61580347032369e-06,0.000368516388059729,0.0170879882529207,0.982540879555549,4
"21391",0.000469404763319508,0.959294835261907,0.0326193526882131,0.00761640728656093,2
"21402",4.61132652279231e-06,0.996938815651845,1.27572698373169e-05,0.00304381575179537,2
"21404",0.345298168154688,0.634061437111912,4.56060660659315e-07,0.0206399386727387,2
"21409",0.0460548820122806,0.88685765703839,3.72851103142741e-06,0.0670837324382975,2
"21413",0.0322534143025756,0.15604486428728,3.36570335426763e-06,0.81169835570679,4
"21423",0.00246913952165065,0.996997040430209,1.10415834127048e-06,0.000532715889799595,2
"21425",0.0261916388181399,0.744245287697125,5.46600063873258e-06,0.229557607484097,2
"21430",0.987903729117418,0.00339705065851647,4.47646542883503e-05,0.00865445556977682,1
"21432",0.000132577630008426,0.947583052198522,1.90735699984736e-05,0.0522652966014709,2
"21438",0.000590317132770246,0.997921217631099,0.000615863203057098,0.00087260203307324,2
"21440",0.00242305014493968,0.807026556548835,9.01774689043351e-05,0.190460215837321,2
"21443",4.86381849770758e-06,0.000249256236059501,0.0100431805603436,0.989702699385099,4
"21445",0.998828148480943,0.000489920009268335,4.3850879599298e-06,0.000677546421828471,1
"21447",0.00296123330854983,0.996988367070612,7.34983887934539e-07,4.96646369497934e-05,2
"21449",5.97134112073152e-06,0.999144870737395,1.34430533030172e-05,0.000835714868181095,2
"21451",5.97134112073152e-06,0.999144870737395,1.34430533030172e-05,0.000835714868181095,2
"21455",6.34090328776215e-06,0.999076203162531,1.58343875749725e-06,0.000915872495424184,2
"21469",0.121787667807455,0.878202265421849,2.70135187428022e-08,1.00397571771906e-05,2
"21471",0.264136184329518,0.735234773169278,5.23777708562118e-07,0.000628518723495741,2
"21473",0.00596988923469537,0.0575428640742618,0.475350215774881,0.461137030916162,3
"21476",0.00801169494784215,0.128273189886824,0.000480351749726203,0.863234763415608,4
