"","V1","V2","V3","V4","best$classification"
"19812",0.0363422685227052,1.50761804547952e-05,0.00129943709527659,0.962343218201563,4
"19814",0.00627281583796028,0.00883021478356246,8.93356527546316e-05,0.984807633725723,4
"19816",0.965959350093563,9.54499763469492e-06,1.7846990454679e-05,0.0340132579183481,1
"19818",0.0826946031556273,0.0264928597931193,0.000159391097559392,0.890653145953694,4
"19820",0.999878110411733,3.00912488528906e-08,0.000117620845442683,4.23865157522942e-06,1
"19822",0.94697567701936,1.10302197784718e-05,0.0529571718221851,5.61209386758697e-05,1
"19824",0.992909181430488,0.00433002393596128,0.00012061342606267,0.00264018120748855,1
"19826",0.0388162588926695,0.000182022041848612,3.21963323331938e-05,0.960969522733149,4
"19828",0.998005636588549,1.23529576713623e-05,0.000529425405399244,0.00145258504838021,1
"19830",0.000652712818076572,0.000483031534169411,0.00100299840189193,0.997861257245862,4
"19832",0.188333635273023,1.34428665127613e-05,0.552512103966412,0.259140817894052,3
"19834",0.893316714601942,0.000472114065260446,0.0183011378051519,0.0879100335276455,1
"19836",0.238818193067025,2.01105334655716e-05,0.000335392928173046,0.760826303471337,4
"19838",0.000241641716736267,0.00220703010393642,0.000257453697028255,0.997293874482299,4
"19840",0.728170999275331,6.87537942575464e-05,9.47750004253754e-05,0.271665471929986,1
"19842",0.000158684166486768,0.000925894916784541,6.38666179488656e-06,0.998909034254934,4
"19844",4.09548801398704e-05,0.999861399024591,4.76209404466427e-07,9.7169885864539e-05,2
"19846",3.64025833779271e-05,0.214474919721672,9.81526407830223e-07,0.785487696168542,4
"19848",6.89905806996292e-05,0.096880784583453,4.01447358552178e-06,0.903046210362262,4
"19850",0.00068018196360266,0.343243200162322,2.05844337969392e-05,0.656056033440279,4
"19852",0.699126558979512,0.00118101409406107,0.000463622422013239,0.299228804504414,1
"19854",7.39670635906614e-05,0.0144220011777928,9.58104097825068e-06,0.985494450717638,4
"19856",0.00217957725472703,0.960426179787638,6.11813036084603e-05,0.0373330616540261,2
"19858",0.0489456868605009,0.943098902143385,0.000474461989033021,0.00748094900708147,2
"19860",0.365876768276782,0.000173560407803064,0.000297304336656626,0.633652366978758,4
"19862",1.84820131652839e-05,0.0174618347929966,1.0460235464753e-06,0.982518637170292,4
"19864",0.300388657344275,0.150900252965887,0.00230672274378891,0.54640436694605,4
"19866",0.9836189148016,1.16549320484759e-05,5.04526052642895e-05,0.0163189776610874,1
"19868",4.01253438519699e-05,0.000136238583088877,0.999558586038953,0.00026505003410647,3
"19870",0.000776744461120725,0.00879256583373301,1.06336955747562e-05,0.990420056009572,4
"19873",0.0364956011582727,0.00269149436509297,2.41360536159943e-05,0.960788768423018,4
"19875",0.992364166228114,5.38972935491721e-07,0.000664615520963381,0.00697067927798708,1
"19877",0.00812693167146405,0.00555780567359932,9.37311921711895e-05,0.986221531462765,4
"19879",0.348867158407256,0.0096380016332261,0.00244851796505119,0.639046321994467,4
"19881",0.0138613273151929,0.00341499650934188,2.60783557342971e-05,0.982697597819731,4
"19883",0.00531018165598057,0.000466092527829645,3.98250437879303e-06,0.994219743311811,4
"19899",0.395780361533286,0.000144482990564839,0.0109191758782904,0.593155979597859,4
"19908",0.615740744362279,0.040951853542892,0.212987798218962,0.130319603875866,1
"19910",0.371733720194303,0.0011344859148891,0.000159691999858447,0.62697210189095,4
"19912",8.22590913065447e-05,0.00439518429834377,3.8508489739324e-06,0.995518705761376,4
"19914",0.266094576691828,0.00235049249074476,0.00901742192216192,0.722537508895265,4
"19916",0.994219278337943,0.00206532705939671,0.00020635576921577,0.00350903883344418,1
"19918",0.000936858041447716,0.167212287948944,1.28578914166611e-06,0.831849568220466,4
"19920",9.93869198513463e-05,0.870470135119624,1.19896282807124e-06,0.129429278997696,2
"19922",0.0289217315840431,0.000108211889652778,0.690314376391381,0.280655680134922,3
"19924",0.0179223677139693,0.0505419245160877,4.42621907850649e-05,0.931491445579158,4
"19926",0.516306460189369,8.45269420221153e-06,0.0225116435376783,0.461173443578751,1
"19928",0.00792337540348372,0.440673356802784,0.0010887324590286,0.550314535334704,4
"19930",0.00199540721406109,0.000746136386558139,3.84765772204959e-05,0.99721997982216,4
"19932",0.000161400478157909,0.00567130238717848,3.13865310806602e-05,0.994135910603583,4
"19934",0.96216070165014,0.000212875982987275,0.00310860606926349,0.0345178162976094,1
"19936",0.0207538780620236,0.00055890822652007,0.00134196710939613,0.97734524660206,4
"19938",0.995137482709325,9.76872265201229e-05,0.00371395084282708,0.0010508792213276,1
"19940",0.0837979605068749,0.00203032557401505,2.19954613409463e-05,0.914149718457769,4
"19942",0.0249225439808593,0.031536704210083,0.000149300182069989,0.943391451626988,4
"19944",0.698784543807657,0.000136780728954005,0.000153825114954699,0.300924850348434,1
"19946",0.146576080337971,0.0315776262236763,0.000216452231686191,0.821629841206666,4
"19948",0.0089206338816607,0.0531096498295429,1.81266717364986e-05,0.93795158961706,4
"19950",4.35916259354964e-06,0.996820169340515,1.31137254968117e-06,0.00317416012434225,2
"19952",0.0089206338816607,0.0531096498295429,1.81266717364986e-05,0.93795158961706,4
"19954",0.000500137932879609,0.00296594463732331,1.41040291321024e-05,0.996519813400665,4
"19956",5.35974518294337e-05,0.659240100987105,0.00040486595864136,0.340301435602424,2
"19958",0.000426110976013576,0.00175253966611253,0.993555057655375,0.00426629170249927,3
"19962",0.237070017471394,0.180114774011299,0.00458271726616458,0.578232491251142,4
"19964",0.056539654316802,0.0326005433229514,5.74123113147587e-05,0.910802390048932,4
"19966",0.998908483997498,4.25443785457745e-07,0.000136955681985625,0.000954134876730967,1
"19969",0.00101707419886556,0.000413217346651671,7.57665027324859e-06,0.998562131804209,4
"19972",0.00128489416688576,0.141153606496779,7.45383850350401e-06,0.857554045497832,4
"19974",2.92770593922955e-06,0.918412139257848,9.44350285415281e-08,0.0815848386011845,2
"19976",0.026811801813425,0.0724390269594986,6.08140638277522e-05,0.900688357163249,4
"19978",0.701609729325277,0.00158124702886433,2.17732631612537e-05,0.296787250382697,1
"19980",5.53729639070266e-05,0.329724920095855,8.35665304318209e-06,0.670211350287195,4
"19982",0.000665579828065205,0.831493434141157,0.000117385518116232,0.167723600512662,2
"19984",5.77742760526013e-05,0.998832057223382,7.6839534126064e-07,0.00110940010522379,2
"19986",0.999448658843983,3.3069028099029e-08,0.000529219959843695,2.20881271450721e-05,1
"19988",0.999152941017704,1.94712336101322e-08,0.000844825506388315,2.21400467363969e-06,1
"19992",0.99907616681138,6.70980032858583e-07,0.000901726924058548,2.14352845287897e-05,1
"19994",0.00245641900866379,0.000194154610696223,0.000112027799726108,0.997237398580914,4
"19996",0.999838372634549,5.632523624362e-07,0.000126365059239098,3.46990538496797e-05,1
"19998",0.104387049785211,0.0322888342042386,0.000509331818010733,0.86281478419254,4
"20000",0.00026998692983139,0.0012795852362357,0.0214471364321728,0.97700329140176,4
"20003",0.0100416957493509,1.4103609879859e-05,0.000349545505490145,0.989594655135279,4
"20005",3.13665501485068e-05,0.0895643116728257,1.26731916602807e-06,0.91040305445786,4
"20007",0.685730674179306,0.00175875287083933,0.00488179079130331,0.307628782158551,1
"20009",0.996633214501242,0.000670501509294426,0.000997948084323512,0.00169833590514012,1
"20011",0.00708013879556023,0.0233909668490206,2.08575288599822e-05,0.969508036826559,4
"20013",0.00196349611241775,0.127753661698861,7.68315114022108e-05,0.870206010677319,4
"20016",0.993696749355063,2.06583041376494e-05,0.0062153354095288,6.72569312701888e-05,1
"20018",0.0200964780748596,1.95877611482712e-08,0.979903225506051,2.76831328248931e-07,3
"20021",0.980138961934711,9.64395482036539e-07,0.000654967965878777,0.0192051057039285,1
"20023",0.920610964355057,0.000207906741593856,0.00223199721705745,0.0769491316862912,1
"20025",0.592813703858465,6.01612408458201e-07,0.407069065449828,0.000116629079298657,1
"20027",0.00034114139465381,0.000151822085358483,9.36194679503229e-06,0.999497674573193,4
"20029",0.000116211423048936,0.0306043376516987,6.47890328922066e-07,0.969278803034923,4
"20032",0.000332021517350914,0.000112567172298688,1.96452537218429e-05,0.999535766056629,4
"20034",0.0115669874145059,0.00457691929468214,3.31928196908855e-05,0.983822900471121,4
"20036",0.0605239363024596,0.19573598307214,0.00302055630639458,0.740719524319006,4
"20038",0.990859354650781,2.56304739553062e-08,0.00820646487751653,0.000934154841228608,1
"20040",0.985967692738623,2.09727583050334e-05,0.0139684095678359,4.29249352361719e-05,1
"20043",0.994721806576061,2.28920118012648e-06,0.00120509757408484,0.00407080664867348,1
"20045",0.991894900935623,4.37769733554373e-07,0.00810242461168918,2.23668295379212e-06,1
"20048",1.9197117511252e-06,0.999848903845006,8.01351801439863e-07,0.000148375091441844,2
"20051",0.460451735459748,0.0134033673243939,0.0315223511531764,0.494622546062681,4
"20053",0.979803078567818,0.000469730109345832,0.000166815109340629,0.0195603762134952,1
"20055",0.781445802687837,5.69160840371246e-07,0.140106247524443,0.078447380626879,1
"20057",4.51853090219374e-06,0.00276932130054879,0.996825772565585,0.000400387602964329,3
"20059",0.975735571117663,8.71924226457888e-05,0.00397554134656659,0.020201695113125,1
"20061",0.868697879821031,0.00038989175377233,0.000709700400199999,0.130202528024996,1
"20063",0.0208653479858967,0.978118374466941,0.000856890919458665,0.000159386627703304,2
"20065",0.178527160823589,1.45856291540071e-09,0.82144804706674,2.47906511080125e-05,3
"20067",0.985645512566485,0.000265797232294218,0.0136742531559002,0.000414437045320568,1
"20069",7.70469898354061e-05,0.572824619999013,1.38155837694318e-05,0.427084517427382,2
"20071",0.383360892099315,0.00358119941362914,0.0077592861605543,0.605298622326501,4
"20073",0.00153419643342987,0.888863370083363,3.33715996408069e-06,0.109599096323243,2
"20075",2.61585287003276e-05,3.00377193746962e-06,0.999605866033852,0.000364971665510561,3
"20077",0.981674562556656,0.000704582430866743,0.000196711614313961,0.0174241433981638,1
"20079",0.231852805462449,0.682374581825112,0.00287921284130061,0.0828933998711392,2
"20081",0.839470917788204,1.45759585437102e-05,0.153390477502554,0.0071240287506981,1
"20083",0.00877891906217248,0.961981743588414,0.00170532630969989,0.0275340110397133,2
"20085",0.996612682472017,5.49844976702905e-09,0.00338368788324299,3.6241462899734e-06,1
"20088",0.997923976875918,5.00143628125866e-07,0.00138656665665259,0.000688956323801084,1
"20091",0.00361748144116852,5.87437565543719e-06,0.996229623673636,0.000147020509539859,3
"20095",0.068849175654779,0.904266229204648,0.000432903054288519,0.0264516920862845,2
"20097",0.987145926351877,6.84756176164132e-09,0.0128482282643444,5.83853621697691e-06,1
"20099",0.977501542790555,0.0133511404752971,8.20954585746237e-06,0.00913910718829052,1
"20102",0.00423142570006513,0.859832263284831,0.131846346803877,0.0040899642112276,2
"20105",0.992641418227685,0.000799984196749017,0.000547903575719673,0.00601069399984601,1
"20107",0.998792253033182,1.76361183494365e-06,0.000222445828609003,0.000983537526374237,1
"20109",0.670381961232694,0.292504683232266,3.76463980822925e-05,0.0370757091369573,1
"20111",0.000355968078076267,0.0231697009967363,0.591748162389552,0.384726168535635,3
"20113",0.959978939209057,7.7533048622556e-06,0.00038727026069565,0.0396260372253856,1
"20115",0.000250802987932305,0.00180491030192729,0.000497418015478353,0.997446868694662,4
"20117",0.248281304260903,6.36855229296852e-05,0.741518120410319,0.0101368898058482,3
"20119",0.998630672187248,2.83858878778078e-07,6.89476368674928e-05,0.00130009631700615,1
"20121",0.99927143367023,9.17134755826217e-08,0.000549006018313844,0.000179468597980929,1
"20123",0.00239960600358876,4.67585351020614e-08,0.997549443198164,5.09040397121078e-05,3
"20125",0.000578293957528626,0.13267171920434,8.13476742960534e-05,0.866668639163835,4
"20127",0.999548614974379,5.50590683935639e-06,0.000418786443019807,2.70926757622967e-05,1
"20140",0.407580272183721,7.27370692402843e-06,0.391124797483571,0.201287656625784,1
"20142",7.79939969092635e-06,0.990902701971041,3.30453312165892e-06,0.00908619409614609,2
"20144",0.00033472055885748,0.0132076041311417,0.0139456636783671,0.972512011631634,4
"20146",0.0127322023440976,0.401388627405906,0.0067947524929263,0.57908441775707,4
"20148",0.0143857970925539,0.000582463244750864,0.000263493044412898,0.984768246618282,4
"20150",9.71836347963148e-06,0.586976165064183,6.40626227171878e-07,0.41301347594611,2
"20152",0.0489132184605173,0.000407428879622089,0.000324167486325869,0.950355185173535,4
"20154",0.0479229355666695,1.18526731626235e-05,0.952038485646915,2.67261132529807e-05,3
"20156",0.757966658835508,0.0685457633647248,0.0232244169293797,0.150263160870388,1
"20159",8.01766924232847e-05,0.631756635993478,2.63235133225103e-05,0.368136863800776,2
"20161",0.00136100535105359,0.980393670821601,0.000137170501519111,0.0181081533258267,2
"20163",0.0524218720949578,3.21629621947399e-05,0.00168974378853337,0.945856221154314,4
"20165",0.0179972569404175,0.980156846313162,6.2177036971915e-05,0.00178371970944841,2
"20167",0.00925112660249473,0.0177646400566139,2.64202305308659e-05,0.972957813110361,4
"20169",2.34625315697972e-06,0.999446285529449,1.03971348745913e-06,0.000550328503906317,2
"20171",0.0127512169843738,1.24446937245623e-05,0.987234044301904,2.29401999788818e-06,3
"20173",0.156353345470481,0.833515446828718,5.8248524564828e-05,0.0100729591762364,2
"20175",0.00297934919585132,0.0161486045032028,5.13209960316477e-05,0.980820725304914,4
"20177",0.974044179299896,0.00145512247489022,3.0148916273293e-05,0.0244705493089407,1
"20180",0.996900208893542,1.66998491225823e-09,0.00292107893373226,0.000178710502741144,1
"20182",1.5031054534702e-07,0.999496399201508,3.43225487973097e-05,0.000469127939148685,2
"20184",0.000390956510201227,0.939755640477244,9.42260768276545e-06,0.0598439804048724,2
"20187",0.330332238498932,0.207204256830716,8.18250095749975e-05,0.462381679660777,4
"20189",0.890217957532526,5.52220610805552e-05,1.55275985579749e-05,0.109711292807835,1
"20192",0.853420334888154,2.88475753079622e-05,0.131570521485487,0.0149802960510511,1
"20194",0.000308216487799376,0.844057540356556,9.07893216383388e-06,0.155625164223481,2
"20196",0.836755970358385,8.38775849662647e-07,0.16301353170802,0.000229659157745777,1
"20198",0.332278225581318,0.00149898790613001,0.00846552422816921,0.657757262284383,4
"20204",9.89481671981315e-05,0.559344771723926,3.51838116135726e-05,0.440521096297262,2
"20207",0.906243286511445,5.24048439615665e-05,0.093369921477599,0.00033438716699462,1
"20209",0.000946791398408868,2.70976826956308e-05,0.0491006507875422,0.949925460131353,4
"20211",0.00177417616871358,2.22110203041816e-07,0.998156188637076,6.94130840070259e-05,3
"20215",0.975350417388577,9.11826067028325e-05,0.00167335215782726,0.0228850478468927,1
"20218",1.25782452963941e-05,0.975855374828294,3.28411875825337e-06,0.0241287628076508,2
"20222",0.917709418360869,0.000149063930058968,0.074035618746478,0.00810589896259449,1
"20225",0.000497238105165256,0.0411230308861605,0.00125724953951441,0.95712248146916,4
"20229",0.0591472497473101,0.00215358054694424,0.147578137797945,0.791121031907801,4
"20232",0.858724363277815,6.31116090921239e-05,0.0269183618307033,0.11429416328239,1
"20234",0.895617140757156,1.57028984151211e-08,0.104378977164505,3.86637543974105e-06,1
"20238",0.997185720637037,2.27497048127076e-05,0.00200628605061581,0.000785243607534123,1
"20253",0.998500925348977,4.67132138293157e-06,0.00103785529878676,0.000456548030853394,1
"20255",0.000892602026934952,0.000787762639923141,0.00107680829853443,0.997242827034608,4
"20258",0.999548888894318,3.14568767012456e-07,9.71383741186419e-05,0.000353658162795883,1
"20269",0.912889194223238,0.0496927280101003,0.00017352687953097,0.0372445508871307,1
"20271",0.998388552072507,1.89143816120461e-06,2.98649961802144e-05,0.00157969149315181,1
"20285",0.0639981854223553,0.0337802546550486,0.00018553379257752,0.902036026130019,4
"20288",0.96796354665739,0.000195087816366763,0.00337348823250694,0.0284678772937361,1
"20291",0.757077823973462,6.94870003336448e-06,0.242500208149975,0.000415019176530001,1
"20295",0.808331311897783,0.0404147406034552,0.000282101670707179,0.150971845828055,1
"20298",9.35639772644769e-05,0.00799129090397356,1.22073521101848e-05,0.991902937766652,4
"20302",0.00186067441501261,0.649583520131269,1.46945219618221e-05,0.348541110931756,2
"20305",5.66831782577741e-05,0.00175078459866261,3.89599333900054e-06,0.998188636229741,4
"20307",0.999344668989477,1.25066834259766e-07,0.000607408127019501,4.77978166688689e-05,1
"20310",0.997631950140756,1.591806778328e-07,0.0023648652661074,3.02541245875901e-06,1
"20313",5.75403832277505e-07,0.998690458533196,8.28727996558232e-08,0.0013088831901726,2
"20315",0.998441520902463,1.97154434391579e-06,0.000166608955281602,0.00138989859791207,1
"20319",0.434819311931689,5.15914609006186e-07,0.564791565052563,0.000388607101139479,3
"20321",0.999671764043357,1.78930225334995e-05,0.000120128111484261,0.000190214822624933,1
"20327",0.99982201328133,1.03934761306463e-06,1.65389739014764e-05,0.000160408397155582,1
"20329",0.00209607741218575,0.302864918553827,3.92529410293362e-06,0.695035078739884,4
"20335",0.889977642747618,2.58217878709819e-06,0.109986865599849,3.29094737465588e-05,1
"20337",0.000134981259374326,0.309034756073168,3.05116199959688e-05,0.690799751047462,4
"20339",0.0121239834018138,1.18996144935214e-05,0.967296197624247,0.0205679193594461,3
"20341",0.0357377039001365,0.000480693322522471,0.963711396427761,7.02063495805081e-05,3
"20343",0.990083217666097,0.00012229416382368,0.00975511033801882,3.9377832060471e-05,1
"20345",0.00515812288387046,2.57597650089526e-05,5.92558822946984e-05,0.994756861468826,4
"20350",0.461036220490494,0.0374517219636382,0.318157212962307,0.18335484458356,1
"20352",9.09692801580257e-06,0.999008516089064,1.10711649496187e-06,0.000981279866424943,2
"20355",0.00708691590602133,0.947754233688754,0.000458130788493989,0.0447007196167305,2
"20358",0.000335281034614325,0.355401807572944,1.33522948316727e-06,0.644261576162959,4
"20363",0.999290667903208,1.24477135519008e-05,0.000116586509344158,0.000580297873895636,1
"20365",0.440910642318137,4.62787837810727e-06,0.526513194436023,0.0325715353674613,3
"20379",0.000808741852916451,0.00265669048655177,0.00116493835462323,0.995369629305909,4
"20387",0.99728863596561,7.21904753266039e-07,0.00184716199157301,0.000863480138064118,1
"20392",0.00422303746759948,2.72108853209615e-08,0.99574330228801,3.36330335052948e-05,3
"20395",0.029778760747396,0.00199074151538609,0.000647165585832041,0.967583332151386,4
"20397",2.25865725328729e-05,0.982269034006914,9.30460718212291e-07,0.0177074489598351,2
"20410",0.980701476632341,2.02039080060903e-07,0.00073556533567959,0.0185627559928995,1
"20414",0.00212592733365488,0.333717884706509,2.14832151937103e-05,0.664134704744643,4
"20417",0.143479757249942,1.14182963800841e-07,0.856518053761861,2.07480523307357e-06,3
"20419",0.99990821056352,3.96671397413213e-06,3.22149002922518e-06,8.46012324765394e-05,1
"20421",0.00834989267753503,0.669010921712031,0.031082756669822,0.291556428940612,2
"20423",0.000661705440607072,0.413159507071673,0.000321141504302383,0.585857645983418,4
"20425",0.00167589258995888,0.60749045627409,0.00113559532654133,0.38969805580941,2
"20427",0.0674386343009763,0.000621207465524072,7.90626897858923e-05,0.931861095543714,4
"20429",0.994806707200807,0.000387964187554456,0.0043997030225339,0.000405625589104845,1
"20432",0.000105221015539156,0.816815849679726,1.15842818762762e-06,0.183077770876548,2
"20435",0.78476426105721,2.6913773280753e-05,0.0276616252471322,0.187547199922377,1
"20438",0.998614631626527,0.000535776699511968,2.9527209467704e-05,0.000820064464493644,1
"20440",0.999569569925795,4.17597161020381e-05,4.06681967117311e-05,0.000348002161391719,1
"20443",0.000525586154809273,0.996256063221192,8.48830330244183e-05,0.00313346759097421,2
"20446",0.546210070438926,0.00575334060527018,0.00186935812481951,0.446167230830984,1
"20449",0.792142764865178,4.88290600830153e-05,0.016541980445345,0.191266425629394,1
"20537",0.729044185641338,0.000254700493006296,0.262563978351956,0.00813713551369959,1
"20540",0.0131611585500435,2.65022476202671e-08,0.98681544077068,2.33741770288378e-05,3
"20543",0.269372431587374,0.00558989238300983,0.00131190609637213,0.723725769933244,4
"20545",0.00186271653706525,6.67630852794656e-07,0.99808699912592,4.9616706161944e-05,3
"20549",0.098416726386362,0.021625056728728,0.00927481882259011,0.87068339806232,4
"20551",0.978203581686361,0.000153358417752108,0.00226800975043937,0.0193750501454476,1
"20554",0.993529400273082,2.56487281179973e-05,0.00016176499350792,0.0062831860052925,1
"20556",0.280284343130419,0.00206187946982481,0.188097672058578,0.529556105341179,4
"20558",0.999631348473749,6.83992170873548e-07,0.000245060040093153,0.000122907493986729,1
"20560",0.979053491613447,0.00368631901474723,0.000137539646720451,0.0171226497250855,1
"20563",0.999648256494135,2.10695916588604e-06,0.000326725051103177,2.29114955960269e-05,1
"20565",0.881511797258496,0.0224961551022338,0.00181499044480983,0.0941770571944608,1
"20567",0.000177892147047614,0.876184335414979,5.32184194573736e-06,0.123632450596028,2
"20571",0.96865409195051,9.99651161852059e-05,0.0285708274743622,0.00267511545894319,1
"20573",0.957129454235557,0.00068783445312663,0.00572496887798215,0.036457742433334,1
"20575",0.999799182727086,5.60086408640528e-07,0.000143747048310906,5.65101381945363e-05,1
"20577",0.135456589112952,0.000205437143604905,0.00275628670869261,0.861581687034751,4
"20579",3.9502787404788e-06,0.996614868369753,4.47076577749295e-08,0.00338113664384866,2
"20582",0.999815358079456,1.33254388589861e-07,0.000159632442655086,2.48762235007086e-05,1
"20585",0.109415927867472,2.78731048529265e-06,0.877202330154924,0.0133789546671193,3
"20588",0.0116274776473035,0.000232924790937453,0.978245224549244,0.00989437301251474,3
"20590",1.34979940838652e-06,0.99229245257804,3.03223766401635e-08,0.00770616730017487,2
"20592",0.999873405673067,2.40354234604765e-06,0.000112840712353199,1.13500722338562e-05,1
"20594",0.999554371313078,3.37064234475603e-08,0.000393795115376005,5.17998651227746e-05,1
"20596",0.982058661600663,0.000998868744977147,1.00159444805008e-05,0.0169324537098795,1
"20598",0.986737355025352,1.32381022776993e-05,0.000166995084738581,0.0130824117876315,1
"20600",0.101872391874374,0.0013758933578608,0.753487303066462,0.143264411701303,3
"20603",0.00136261215791452,0.00580730500354313,0.00531508168253396,0.987515001156008,4
"20605",0.998626388966156,1.01851026509585e-07,0.00058106729116985,0.000792441891647407,1
"20607",0.997384926093536,1.69058538776838e-06,2.09299158700121e-05,0.00259245340520579,1
"20609",0.97682591459481,6.69447095423617e-05,0.000186099951944863,0.0229210407437026,1
"20611",6.37183911642896e-05,0.000594010058749408,3.7412604826385e-06,0.999338530289604,4
"20613",0.435442599798191,2.89922197947603e-05,0.00389356011183433,0.56063484787018,4
"20615",0.379508822614457,0.00317028796445861,0.0925293513327877,0.524791538088297,4
"20617",4.53735376835708e-06,0.996069227722667,1.42807897237742e-06,0.0039248068445927,2
"20619",0.999887483586895,7.25068766959239e-06,5.35396767068706e-05,5.17260487281747e-05,1
"20621",0.979131523259073,6.11888808140844e-05,0.000527578023926597,0.0202797098361858,1
"20623",0.00290710248305263,0.981878165357774,6.90880200813739e-07,0.0152140412789729,2
"20625",0.00288830867355894,0.0539069826797453,0.0497137466451167,0.893490962001579,4
"20627",0.754043649406967,1.10483022886688e-05,0.00064409422834076,0.245301208062404,1
"20629",0.835258927156595,0.000968689834992474,0.00413043542121001,0.159641947587203,1
"20631",0.999781911796926,1.34618369662448e-05,0.000177779454210217,2.68469118975025e-05,1
"20633",3.294901858311e-07,0.999221931375039,3.62159868421196e-08,0.000777702918788079,2
"20636",0.0011811173955169,0.0349357821728662,1.24180472347679e-05,0.963870682384382,4
"20638",0.157262408071517,0.000355106597272014,0.0743127374948784,0.768069747836332,4
"20640",0.919378316398799,5.96318831583532e-08,0.0762784966445107,0.00434312732480737,1
"20645",0.995337612362142,9.47496399589736e-09,0.00465593042797827,6.44773491513985e-06,1
"20647",2.04824617648873e-06,0.999839820570333,9.28223426779173e-07,0.000157202960063543,2
"20649",0.966414165819365,2.07131431511112e-05,0.0122221248700021,0.0213429961674823,1
"20651",0.996772424787683,2.35494521623253e-05,0.0031805349096971,2.34908504578836e-05,1
"20656",0.961772175213558,8.42791926552613e-06,0.0361808584064824,0.00203853846069439,1
"20660",0.0799006818849957,1.15559198563612e-05,0.904534645058226,0.0155531171369216,3
"20662",0.000545801495745876,0.906255990670699,4.65150338661796e-06,0.0931935563301683,2
"20664",0.858422010374372,0.12163781733253,4.2652810822473e-05,0.019897519482275,1
"20666",0.00109245577855182,0.000187667711122375,0.0649877748396557,0.93373210167067,4
"20668",0.000182588877112475,0.474111055263595,2.02536654490362e-06,0.525704330492747,4
"20670",0.997398020942227,1.37760108858717e-05,0.000397098722994502,0.00219110432389233,1
"20672",0.000148475695534626,0.479989054535882,6.88750185499815e-05,0.519793594750034,4
"20674",0.906500677878148,0.000259698109692623,0.000230180842738958,0.0930094431694204,1
"20676",1.78737346449802e-05,0.0705150704840782,4.08939585228102e-06,0.929462966385425,4
"20678",1.75972612014177e-05,0.491276614106507,5.43424412179895e-07,0.508705245207879,4
"20680",0.00339003710364833,0.323505695570158,8.72648182635722e-05,0.67301700250793,4
"20682",0.00350258176361232,0.00139951244916117,9.70178709783509e-06,0.995088204000129,4
"20684",0.828760898369036,5.60356233141637e-05,0.00448453304056856,0.166698532967081,1
"20686",1.84893588151647e-05,0.974798177863673,3.61720854283675e-06,0.0251797155689691,2
"20688",9.11983335104883e-06,0.949760219312858,2.07940577107436e-07,0.0502304529132141,2
"20690",0.0511798642546823,3.07478095756542e-07,0.946292586787489,0.00252724147973328,3
"20692",4.61598254243482e-07,0.997817702637706,2.45322944287297e-08,0.002181811231745,2
"20694",5.27527880532836e-05,0.0246885436310563,4.8424662151758e-06,0.975253861114675,4
"20696",0.00115034453367446,0.00928759411794899,4.29508629678117e-05,0.989519110485409,4
"20698",0.905713489571577,0.00929753227674045,0.0108760100582487,0.074112968093434,1
"20700",0.993482869297702,0.0039405960036487,0.000489453493247699,0.00208708120540154,1
"20702",0.127843432748932,1.3059303217194e-07,0.871910773186228,0.000245663471807795,3
"20704",0.816531359381769,8.18952940479027e-05,0.00056275256350989,0.182823992760673,1
"20706",0.227543806527434,0.0216944739157497,0.00581620636447392,0.744945513192342,4
"20708",0.000124508664858993,0.00983990449240024,1.63053827692526e-06,0.990033956304464,4
"20710",0.567633260414935,3.40810203055556e-06,0.387165079766945,0.0451982517160895,1
"20714",5.66480196113334e-05,0.982832460952628,1.83391705651984e-07,0.0171107076360546,2
"20716",0.98896060400452,1.46332907136298e-06,0.000167091065602487,0.010870841600806,1
"20719",0.553756905529085,0.000511795015683467,0.000481332584991137,0.44524996687024,1
"20721",0.999861304211327,2.95222355480291e-06,0.000122600760800144,1.31428043180045e-05,1
"20723",0.773951104432708,0.00223543276629152,0.00661417556960025,0.2171992872314,1
"20725",0.00322383607352584,0.000243436218281567,0.000263909546404569,0.996268818161788,4
"20727",9.11249343217902e-06,0.991211830198245,0.000192740957670103,0.00858631635065263,2
"20729",7.41886258510252e-05,0.000427254947964828,4.96776650118143e-06,0.999493588659683,4
"20731",0.000840945560259481,3.75567912498958e-05,0.000197869677751664,0.998923627970739,4
"20733",0.864527199776782,2.94598621133316e-05,0.00449676926013975,0.130946571100965,1
"20735",0.402662134865686,1.99451939375265e-05,0.0187750825475901,0.578542837392787,4
"20737",7.03168861595028e-05,0.0608776917557094,6.14194162751111e-07,0.939051377163968,4
"20739",5.5184179879974e-07,0.99895455397978,1.26139353841852e-07,0.00104476803906701,2
"20741",0.0125603742056589,0.0458803504094368,0.000157416660705068,0.941401858724199,4
"20743",0.00609095668713825,0.000545159837425256,6.71497629795504e-05,0.993296733712457,4
"20745",0.999442699829694,5.68697590386214e-06,0.000357671676178947,0.000193941518223159,1
"20747",8.33417056800752e-05,0.000351534603119729,5.71440774331044e-06,0.999559409283457,4
"20749",4.13810732965469e-05,0.000806471486067185,6.76275911272097e-06,0.999145384681523,4
"20751",6.03532891279266e-05,0.000923045630052302,0.00349669082101353,0.995519910259806,4
"20753",0.000151204184674647,0.000402509477915156,7.03215463194216e-06,0.999439254182778,4
"20755",0.000512475176651474,0.0707807829745812,5.91032927039326e-06,0.928700831519497,4
"20757",0.209609358611958,0.565140569366498,3.96181749680369e-05,0.225210453846576,2
"20759",0.99938312186485,0.000309121228565533,3.88143587039591e-05,0.00026894254788048,1
"20761",0.0371677071660142,0.00262422038006915,0.000145788933710882,0.960062283520206,4
"20763",0.090806660736129,0.00966366856890209,0.00140908096616138,0.898120589728808,4
"20765",0.00489797063144484,0.0059825206447618,0.000131894286743364,0.98898761443705,4
"20767",0.935752902968214,6.8466067980054e-06,0.000433424746019823,0.0638068256789687,1
"20769",0.325064492210478,3.79653314111019e-07,0.612115066808399,0.0628200613278086,3
"20771",0.101061365376502,0.207741951205539,1.46999547770751e-05,0.691181983463182,4
"20773",0.0519685216226755,0.0363400176015107,0.000512578569079321,0.911178882206735,4
"20775",0.00256731833904773,0.000149582780947564,0.000282111703671985,0.997000987176333,4
"20777",0.0365141651827267,0.000847612184037549,0.357226846254368,0.605411376378868,4
"20779",0.00142811127736607,4.87020513582157e-05,9.86675772898306e-05,0.998424519093986,4
"20781",3.06414239724094e-05,0.0328998558503642,0.956370752021564,0.0106987507040996,3
"20783",0.0246142832430307,0.00452034230068644,2.36400556835473e-05,0.970841734400599,4
"20785",0.00144146261428587,0.799738316298964,3.4651082211558e-05,0.198785570004538,2
"20787",0.000369487600885028,0.0237594963436834,6.04689355024353e-07,0.975870411366077,4
"20789",0.352316919527849,2.73600745437992e-05,0.00107629827263619,0.646579422124971,4
"20791",2.22594155243997e-05,0.0691627950003905,2.06841806981804e-06,0.930812877166015,4
"20793",0.294236368416222,1.3198140759575e-05,0.000812699395013378,0.704937734048005,4
"20795",0.000364796184161022,0.191896041156697,5.22224682414172e-06,0.807733940412317,4
"20797",1.97035143405004e-06,0.993402451630155,0.00448028953927527,0.00211528847913606,2
"20800",0.000251169394868897,0.00394360143496859,5.88525564114827e-05,0.995746376613751,4
"20802",0.0120282599027709,0.00271466957773473,0.000106157239117371,0.985150913280377,4
"20804",4.57107690445616e-05,0.00553131542775481,9.06224865393366e-07,0.994422067578335,4
"20806",1.79560258313044e-05,0.28183814508052,1.4872768103823e-06,0.718142411616838,4
"20808",0.978089782597984,6.12880355698376e-07,7.71505716323083e-05,0.0218324539500283,1
"20810",0.00142578647255196,0.45235021351896,3.41137914400407e-05,0.546189886217048,4
"20812",0.00855728380223804,0.00852866166281031,0.0110738974871231,0.971840157047829,4
"20814",1.15015324909831e-05,0.549150801868195,3.44031454242646e-07,0.45083735256786,2
"20816",0.913404139355424,1.34490566770098e-05,0.0109039631019393,0.0756784484859596,1
"20818",0.0120203103731031,0.00484887173009242,0.000224365907064399,0.98290645198974,4
"20820",9.56119561672384e-07,0.999630294562773,4.01115141767249e-07,0.000368348202523492,2
"20822",0.00710391433652719,0.00211276356920399,3.87882924751135e-05,0.990744533801794,4
"20824",0.00157366794665829,0.619483415183519,5.25844042844132e-05,0.378890332465539,2
"20826",6.17213401907383e-06,0.992947465775379,1.73871744645059e-06,0.0070446233731556,2
"20828",1.9197117511252e-06,0.999848903845006,8.01351801439863e-07,0.000148375091441844,2
"20830",7.0278192129025e-05,0.000813851232707992,9.74163461957503e-06,0.999106128940543,4
"20832",0.407611905292077,0.0464738776602856,0.000358887656940427,0.545555329390697,4
"20834",0.961419271545855,3.20241473024559e-06,0.00170321827910435,0.0368743077603102,1
"20836",0.000679815708170008,7.26124746748221e-05,4.07756128360672e-05,0.999206796204319,4
"20838",1.80604216427574e-05,0.0639131803733627,8.28685045270355e-07,0.936067930519949,4
"20840",0.867804854781645,0.000195059674657847,0.000452674695915485,0.131547410847782,1
"20842",0.000508200264624749,0.000272612598451047,1.70864704304677e-05,0.999202100666494,4
"20844",0.0320220761221464,0.00269945377304856,8.99602216524548e-06,0.96526947408264,4
"20846",0.0138133285492381,0.731250210910299,7.23326198765608e-05,0.254864127920586,2
"20848",0.176146320864719,0.00125935358206913,0.000951943002409719,0.821642382550802,4
"20850",0.967650806713293,0.00634593549417629,5.47924896948358e-05,0.0259484653028359,1
"20852",0.948298492292379,0.0373721991858171,0.00101364105781251,0.013315667463991,1
"20854",2.94205375080854e-05,0.915164503762224,7.2366231726889e-06,0.0847988390770953,2
"20856",0.016476989346749,2.93615836110852e-05,0.957093613628868,0.0264000354407722,3
"20858",0.998116236947293,1.70191165665123e-05,0.000844912215270409,0.00102183172087018,1
"20860",0.0121686175275611,4.80659885761264e-05,0.000105909054511978,0.987677407429351,4
"20862",0.999575703670787,1.31127351138575e-07,3.17495021876772e-05,0.000392415699674596,1
"20864",4.70071209642133e-05,0.99349671192055,1.65123395630611e-05,0.00643976861892303,2
"20866",0.998928748790319,5.25065295909561e-08,0.00106942294321204,1.77575993905224e-06,1
"20868",0.98736792204209,0.000124961387584294,0.00261373363521962,0.00989338293510615,1
"20870",0.0276491475547963,0.00440591785510649,0.0011614269009094,0.966783507689188,4
"20872",0.000717918286886491,0.00614548445303615,3.24249406481235e-05,0.993104172319429,4
"20874",7.08162830645661e-07,0.99865453939275,3.52310710019297e-08,0.00134471721334832,2
"20877",0.970348237554575,9.73447590813321e-07,0.0165511725335908,0.0130996164642434,1
"20879",0.997178462363838,4.34235211656997e-08,0.0022811507344596,0.000540343478180908,1
"20881",0.000118454801116299,0.00370789355050857,1.53274357707582e-05,0.996158324212604,4
"20883",6.79413965958892e-05,0.0312021555722952,0.000165604745731007,0.968564298285378,4
"20885",0.000296541723300432,0.00199259958016343,7.11526787418062e-05,0.997639706017794,4
"20887",0.409759619674746,9.96363004400866e-06,0.0047103960402476,0.585520020654962,4
"20889",0.0017110320059504,0.000217284546824969,0.000824928177791911,0.997246755269433,4
"20891",0.996728160455656,1.51230515642187e-07,0.00301249689938635,0.000259191414441789,1
"20896",0.642955463343893,2.84633129322897e-05,0.0734432107922077,0.283572862550967,1
"20898",0.00649329771632133,0.000106392084089557,7.78706979927369e-05,0.993322439501596,4
"20900",1.8637050576539e-05,0.659433868884018,0.127110641916283,0.213436852149123,2
"20902",0.136241951200578,1.97325928934583e-07,0.821285505498815,0.0424723459746784,3
"20904",0.0118193040692885,0.981085135477314,0.000861358340107177,0.00623420211328998,2
"20906",0.974122402174954,1.52330728395518e-06,0.0169499153400139,0.00892615917774798,1
"20908",0.0277290038426271,0.308119538643677,0.000124337805811934,0.664027119707884,4
"20910",0.00894999009960197,0.00986941945367944,2.30262082747899e-06,0.981178287825891,4
"20912",4.30196364758112e-05,0.000282986240885797,0.952262606943282,0.0474113871793562,3
"20914",0.990952583431556,2.9521345628603e-09,0.00900728854557257,4.01250707367169e-05,1
"20968",0.000959405057643871,0.981933152352196,0.00105346622749596,0.0160539763626645,2
"20970",0.971592233297202,0.00138028886917932,0.000581036674071111,0.0264464411595479,1
"20981",0.982005912751449,0.000198490812597213,7.43451029306396e-06,0.0177881619256609,1
"20983",7.28571465378669e-07,0.991940026346259,6.05225091664252e-08,0.00805918455976627,2
"20988",0.997482600188509,0.000177883964965495,9.30355131946234e-05,0.0022464803333307,1
"20995",0.155223433377114,0.00428082906655853,0.784371839285853,0.0561238982704752,3
"21017",0.144272618825203,0.0516512918904399,3.55030371071787e-05,0.80404058624725,4
"21038",0.987641082694698,6.87657886826813e-07,0.00664733440582908,0.00571089524158657,1
"21072",0.972747344422019,0.000367731330126378,0.00470792064358202,0.0221770036042722,1
"21075",0.94461726105457,1.76306072476397e-08,0.0543000614342233,0.0010826598805995,1
"21223",0.0460083572934104,0.000568072893957358,0.00173127611046145,0.951692293702171,4
"21225",9.63492987994986e-05,8.19370952765982e-08,0.999871760581742,3.18081823634597e-05,3
"21230",6.79687227514023e-07,0.994779534750907,6.41737739843709e-08,0.00521972138809178,2
"21236",0.00421039316405304,0.00282106440443974,3.8619133788703e-05,0.992929923297719,4
"21238",0.0796936888385179,0.000148084062683496,0.463368744200306,0.456789482898492,3
"21241",0.998044044887823,0.00109912064301675,0.000296857953401445,0.000559976515758407,1
"21246",0.974651682234175,0.000272687301294565,1.58528247046866e-05,0.0250597776398255,1
"21253",2.80638963600191e-05,0.957185962728864,5.44948983524828e-06,0.0427805238849409,2
"21256",0.00515000692642357,0.197751501607905,0.000209107952823199,0.796889383512848,4
"21260",0.00473202143914565,1.33545548351046e-06,0.9952546279705,1.2015134870847e-05,3
"21266",0.981164594484473,1.70072797390742e-05,0.000226965747730729,0.0185914324880573,1
"21332",0.992059393849364,4.93941824304669e-05,3.63000214435396e-05,0.00785491194676225,1
"21334",0.0066292479462093,6.0801268427602e-05,0.002727992725954,0.990581958059409,4
"21375",0.999441367778874,1.45786524534747e-06,0.000399232512960903,0.000157941842919429,1
"21378",0.997759988516746,1.98750401604421e-07,0.00223408770125464,5.72503159804384e-06,1
"21381",0.990533654910801,1.24855021707402e-05,0.00920011092685575,0.000253748660172505,1
"21389",0.000362365718829475,0.0163156919936071,2.60312743885874e-06,0.983319339160124,4
"21391",0.958801630213961,0.0330078936861437,0.000438704896534416,0.00775177120336122,1
"21402",0.99683649851389,1.29207103871914e-05,4.07145337860916e-06,0.0031465093223441,1
"21404",0.664171706855197,4.52200981840308e-07,0.315685281466403,0.0201425594774189,1
"21409",0.89549554795245,3.56557625035323e-06,0.0406248774078336,0.0638760090634654,1
"21413",0.162302033699106,3.26013992704119e-06,0.0312896692890396,0.806405036871927,4
"21423",0.997242952476766,1.07625354248512e-06,0.00221869733173642,0.000537273937954752,1
"21425",0.750666155399993,5.23975148252663e-06,0.0240104879424189,0.225318116906106,1
"21430",0.00360592924478733,4.43800753087079e-05,0.988050694981276,0.00829899569862808,3
"21432",0.948223840573235,1.89087176702667e-05,0.000115726204481101,0.0516415245046135,1
"21438",0.997944015497581,0.000611004253286419,0.000547138681237939,0.000897841567894662,1
"21440",0.809817249951287,8.76131041004825e-05,0.00220108572730457,0.187894051217308,1
"21443",0.000248986747463454,0.00977543805558969,4.89485300479942e-06,0.989970680343942,4
"21445",0.000521282759978375,4.28493594692568e-06,0.998829436311128,0.000644995992946482,3
"21447",0.9974662334602,7.29161981491272e-07,0.00248539691289398,4.76404649246702e-05,1
"21449",0.99911930135149,1.36282830484469e-05,5.13879181259137e-06,0.000861931573648565,1
"21451",0.99911930135149,1.36282830484469e-05,5.13879181259137e-06,0.000861931573648565,1
"21455",0.999060138970228,1.59933993408228e-06,5.39354594257496e-06,0.000932868143895406,1
"21469",0.89462510172283,2.66880853695068e-08,0.105365149101958,9.72248712641769e-06,1
"21471",0.767490631167188,5.24036957629201e-07,0.231902931442094,0.000605913353760508,1
"21473",0.0583201086494635,0.478065060455633,0.00591830866525382,0.457696522229649,2
