"","V1","V2","V3","V4","V5","V6","best$classification"
"19811",2.76160534852452e-05,1.48904433592625e-07,0.941887343441004,0.0548911740546633,0.00213607916839275,0.00105763837802076,3
"19813",7.95428547162101e-07,1.8247979034429e-09,3.4853400895677e-05,0.999962009938368,2.22094718284437e-06,1.184602076832e-07,4
"19815",0.00108091612053095,0.000335550347782169,0.979573676575706,3.25145215893187e-06,0.0189928594783697,1.3746025452209e-05,3
"19817",9.18356530442481e-05,6.56383942080745e-06,0.996062913290381,1.0654657958951e-05,0.00325160675312348,0.000576425806071545,3
"19819",0.823707885310237,0.17621429021096,4.02724018515765e-05,6.88174418519206e-10,3.71709991711743e-05,3.80389605458796e-07,1
"19821",0.00099253637668757,2.39800469225839e-07,0.956765808028688,0.017135812605066,0.000738711907362751,0.0243668912817261,3
"19823",0.000344057322409706,0.0431850109298737,0.955510291521641,6.36908558905481e-06,0.00074593939486779,0.00020833174561865,3
"19825",0.102106560544385,0.000308255619146729,0.00230283104445207,0.00465698195094912,0.00626091973158212,0.884364451109485,6
"19827",0.000297945970547625,6.2978693702191e-05,0.654097674315571,9.86986518821898e-07,6.40200742125405e-05,0.345476393959448,3
"19829",0.989717533397856,6.92939700765751e-05,0.00214207174697817,4.60175107815072e-06,0.000426571617851766,0.00763992751615963,1
"19831",0.857786916083409,0.141860013726272,0.000254326688814954,1.20748861866196e-06,9.70510944512638e-05,4.84918434734459e-07,1
"19833",1.7471783277331e-05,0.997357035312252,1.48827963089704e-06,4.57457947094019e-06,0.00259494982060365,2.44802247648816e-05,2
"19835",0.00099253637668757,2.39800469225839e-07,0.956765808028688,0.017135812605066,0.000738711907362751,0.0243668912817261,3
"19837",0.000635683463599249,5.14090061195202e-06,0.975097529836294,4.95111120281006e-06,8.73689876563077e-05,0.0241693257006359,3
"19839",0.964631138665525,2.21054074021721e-05,0.00445212637262217,0.00178851468209346,0.0017419099486259,0.0273642049237312,1
"19841",1.28061933497935e-05,2.01786259975718e-08,1.65963446218023e-05,5.44351575950932e-05,1.21046813807987e-07,0.999916021078993,6
"19843",0.972857081620505,7.0608591048219e-05,2.85920139797752e-05,0.0204442528707904,0.00659941365975335,5.12439235902118e-08,1
"19845",2.22022485874934e-06,6.51169932958453e-08,0.0550118192007014,0.94472572497685,0.000240775200176117,1.93952804207595e-05,4
"19847",0.00454203217085821,5.58033321348564e-05,0.965142043326943,0.00910353022253054,0.0211385242210892,1.8066726444501e-05,3
"19849",8.30311393322437e-08,6.16957959794411e-10,6.60562893233313e-05,0.9999331420398,4.51822496105216e-07,2.66200283295937e-07,4
"19851",3.07672662539211e-05,8.7818030087619e-06,0.998747597401002,3.2727542574101e-05,0.00113982727130399,4.02987158575794e-05,3
"19853",7.1518092696079e-07,5.41310648228527e-05,0.9735494726565,0.0255854124376971,0.000240689394061328,0.000569579265991739,3
"19855",3.44373019913318e-06,2.06852669749653e-06,0.994877491597468,0.00127630818101113,0.00027474522697922,0.00356594273764534,3
"19857",0.00739927168529509,1.00580458047481e-06,0.948247040347934,0.0162133889373293,0.00994101391044912,0.0181982793144118,3
"19859",0.000759752651331725,5.40291387701355e-05,0.986899755386806,1.95436494356903e-05,0.00245947439341036,0.0098074447802458,3
"19861",2.60508083445683e-05,6.48379576408892e-07,0.833262307525184,0.165826250964506,0.000831918933247893,5.28233891404306e-05,3
"19863",9.63707774488085e-08,8.51363847118837e-10,3.1186824102072e-05,0.99014031122639,1.02892092221106e-06,0.00982737580644427,4
"19865",2.55649541145931e-06,1.96795893307957e-08,0.00252288602616071,1.99150884171609e-06,7.03317262054117e-06,0.997465513117376,6
"19867",0.000658195438852323,1.65690986289061e-05,0.977824662762231,0.00942532921742355,0.0120713207468302,3.92273603393521e-06,3
"19869",1.55022858152629e-07,1.56380877584952e-09,0.00641840698863665,0.993512351740635,2.79303249368744e-06,6.62916515679319e-05,4
"19871",0.00205459435907028,5.37821747698649e-05,0.965490969402277,3.01879875141725e-06,0.00086136676633678,0.0315362684987943,3
"19874",1.26072999412723e-05,4.4552900865343e-06,0.227004597340247,9.72774032494749e-06,0.000563290533018679,0.772405321796381,6
"19876",2.39860102843445e-06,1.24025064630398e-07,0.742654434730299,0.00051362223160994,3.46850242108744e-05,0.256794735387787,3
"19878",0.00374380112653716,5.33960257939464e-05,0.000704488193252341,8.51977138728639e-06,0.995485766878134,4.02800489521065e-06,5
"19880",8.89808913186907e-08,4.40524163852559e-09,0.00157286798645998,1.82872078606476e-05,2.10679188636308e-07,0.998408540740358,6
"19882",1.96159912481085e-05,1.59336302141683e-06,0.668346931804621,0.316529485327005,0.0135236608576019,0.00157871265650255,3
"19885",0.00422413694658967,4.2099207887164e-06,0.989022624751379,1.23898152060752e-05,0.00624091627545505,0.000495722290580903,3
"19907",0.000217918655871819,3.51148046733783e-06,0.892274114925607,0.0903783396829642,0.0171002427315484,2.58725235415721e-05,3
"19909",0.989746785406347,2.75585136916126e-05,0.0099830213168544,0.0001737347432198,6.29006650724336e-05,5.99935481456206e-06,1
"19911",0.951941616129943,0.00074325684344054,0.0266893397999971,2.62435792404512e-05,0.000582914850375423,0.020016628797003,1
"19913",3.2395700240152e-07,2.91735472849809e-08,2.14697649109435e-05,6.03091920433661e-07,6.2274191606783e-08,0.999977511738427,6
"19915",1.34041563979587e-05,3.35241927565258e-06,0.636211335822352,4.49382611960631e-06,0.000200321860746116,0.363567091915109,3
"19917",3.75330436462322e-05,6.65982282412483e-07,0.0151208485967896,4.3081598126743e-06,4.72827802273114e-05,0.984789361437242,6
"19919",0.000216740022741273,1.93141967337914e-05,0.877743328252151,2.67011028332589e-06,0.00409330534616223,0.117924642071928,3
"19921",0.000160067204813332,4.8582875812393e-06,0.993811446522934,0.000342816061886064,0.00566950480211746,1.13071206679699e-05,3
"19923",0.00211061736843396,0.000909202443512128,0.0209851922688973,3.61975714909115e-05,0.975958535829334,2.5451833193696e-07,5
"19925",1.03818441811589e-05,1.01468078809649e-06,0.0688325329311245,1.67691905890313e-06,0.000141548616572747,0.931012845008275,6
"19927",3.24432733705442e-05,3.75742762395513e-06,0.999448840601383,3.67860923656514e-05,0.000309969243223869,0.00016820336203313,3
"19929",2.59977768296351e-07,1.41332408978558e-09,0.000183243121491634,0.405630834615602,2.83657017328188e-07,0.594185377214796,6
"19931",0.000454664854140134,3.57943836428111e-05,0.99800107841906,1.52240378548578e-06,0.000816845010651935,0.000690094928719463,3
"19933",0.649252735635094,0.000761104916879722,0.348640358722302,9.43333730019763e-07,0.000439810477776303,0.000905046914218516,1
"19935",0.0704259505043587,4.70929199520265e-06,0.911086197637939,0.000914719323647368,0.0161007958527192,0.00146762738934032,3
"19937",0.000177884539060349,0.000114141168779482,0.996631876364137,4.50315532581885e-06,0.00305547398240909,1.61207902882788e-05,3
"19939",0.00041214490393737,3.70577468417785e-05,0.776857740742381,1.02093213729689e-05,0.221289409912837,0.00139343737263041,3
"19941",0.945147822949036,4.65207758704082e-05,0.00782113744068979,0.000283981791515315,2.38918213121897e-05,0.0466766452215762,1
"19943",7.84094325186422e-07,2.14576325556637e-07,0.000943345179038927,2.00134413335416e-07,1.84285346108775e-06,0.999053613162436,6
"19945",0.899192505866567,0.00187926533621103,0.0922322284950454,4.33361503764261e-07,0.00665577183142663,3.97951092465767e-05,1
"19947",0.108619756267289,0.000111506171242614,0.0198127715683557,0.0247832230570986,0.000721454493392636,0.845951288442622,6
"19949",0.0292558138464763,0.00268763340362075,0.0606816543351651,1.45424559845704e-06,0.907371687506514,1.75666262504731e-06,5
"19951",0.000968845867424239,1.47054152149037e-05,0.263010346425362,1.69951802275177e-05,0.0427399402351382,0.693249166876633,6
"19953",0.1193375146694,0.878273462271708,0.00088959724309825,6.82975944436009e-08,0.00149931568068953,4.18375093630145e-08,2
"19955",0.700633823932067,0.0325894153568583,0.00212902430539625,2.03353274334435e-05,0.264625000888253,2.40018999214305e-06,1
"19957",0.000858631143258169,0.00103596335826308,0.133139125164816,3.53786462658956e-05,0.000313894064616063,0.864617007622781,6
"19960",0.991440994371341,5.7884706494955e-05,0.00149335688340701,4.5675979852893e-05,0.00668347881497994,0.000278609243924423,1
"19963",0.000284933998986148,0.058086525774413,0.000491020176367733,7.10981601554594e-05,5.74493561295711e-06,0.941060676954465,6
"19965",0.871160187511791,0.000230477746752676,0.000120557277587525,6.47921175353797e-05,0.12842396176007,2.35862640893895e-08,1
"19968",0.00139175108605148,6.23429278208646e-09,0.0146133556101143,0.193571648253424,6.31242789291608e-05,0.790360114537188,6
"19971",0.000639290642933518,0.00185143238108194,1.92761405163512e-05,6.05519861744376e-07,4.06258860716743e-05,0.997448769429535,6
"19973",8.26996548480294e-05,3.44397112519324e-07,0.995541307738171,5.18240087112046e-05,0.000614038082581272,0.00370978611857565,3
"19975",2.8802171919657e-05,2.65000499592201e-08,0.0298081257684492,3.90557841008915e-05,5.70383054004421e-05,0.97006695147008,6
"19977",5.059005668716e-05,3.60268183092444e-05,0.000661650864911383,0.000146233872665496,0.00095542677384018,0.998150071613586,6
"19979",0.999761733535252,0.00022672858591735,1.51606509011425e-06,5.04385465959783e-10,9.36154711759765e-06,6.59762237302822e-07,1
"19981",0.011156555419816,1.06292810443464e-05,0.986474628903145,0.00095203384759902,0.00102227126496638,0.000383881283429419,3
"19983",0.0180095158751709,6.33738439308481e-05,0.685404375233592,0.000753092638732034,0.295736710224516,3.29321840582305e-05,3
"19985",2.83151640636365e-06,1.87987768363581e-07,0.207145226918399,6.00642726991239e-05,0.000148241958318686,0.792643447346409,6
"19987",0.0339828557824918,5.70255093085152e-05,0.933079905820411,6.57350918630552e-06,0.000296237391769962,0.0325774019868324,3
"19989",0.996539301430643,0.0033104797641023,1.99231282075708e-05,1.40205764749807e-09,0.000130290902498436,3.37249116631896e-09,1
"19993",0.156025218456845,0.000348218437763876,0.275988967692284,1.32803483900696e-06,0.550984766826133,0.0166515005521348,5
"19995",0.750436975455359,0.000218482977320175,0.207727739397002,1.01021268168972e-05,0.0358394716031882,0.0057672284403131,1
"19997",2.52051376232374e-05,1.54752909384088e-06,0.992822642628598,5.66371306599463e-05,0.000386038864925449,0.00670792870909985,3
"19999",3.96954138432891e-06,9.20090353961712e-08,0.960373623660035,0.00132786878708564,7.388420415331e-05,0.0382205617983059,3
"20002",0.000228793894904868,1.37548873946821e-06,0.000491776241399497,0.51002471405929,9.51706241337605e-07,0.489252388609425,4
"20004",0.874380952783403,4.11903263480071e-05,0.120411776762537,0.000370612675017958,4.8600773479255e-05,0.00474686667921508,1
"20006",0.511360460003703,0.00156290648549896,0.00700275933666618,0.00210778116109927,0.477279983920851,0.000686109092181216,1
"20008",0.179369249374697,0.00289363962622872,0.00429579545069263,8.64226349791122e-05,0.81325275336076,0.000102139552643222,5
"20010",0.626591546739195,0.0253720542015541,0.0160326691754181,2.71805390265327e-08,0.332000247815041,3.45488825209555e-06,1
"20012",3.76353429704118e-05,1.37505106551362e-07,0.163463552062128,0.011492136476592,0.00307821623357069,0.821928322379632,6
"20015",0.997395592652992,2.75764884111821e-06,1.01046977668847e-05,7.71051332289604e-07,0.00259074023854932,3.37105180464764e-08,1
"20017",1.49720106371762e-05,1.46712411929633e-07,0.980409944860622,0.00310170129270702,0.000108854972660233,0.0163643801509613,3
"20019",0.997311804331528,0.00214415021154561,2.20085748424925e-07,2.12430989513087e-10,0.00054381963087063,5.52787654524893e-09,1
"20022",0.98831900258923,0.00124976243456054,0.00369741003201331,2.83539415892029e-08,0.00673250323128532,1.29335896890683e-06,1
"20024",0.432621901970595,0.56687842727269,7.72169373794583e-06,1.38231429719591e-07,0.000491764262704072,4.65688434217886e-08,2
"20026",0.432621901970595,0.56687842727269,7.72169373794583e-06,1.38231429719591e-07,0.000491764262704072,4.65688434217886e-08,2
"20028",5.42953617244985e-06,5.34639815342206e-07,0.902812035993124,0.000184193130893588,2.45214397620918e-05,0.0969732852602331,3
"20030",0.999837085837557,4.78052860906745e-06,7.68996997611252e-05,4.25903935219967e-06,7.70478962299198e-06,6.92701050969583e-05,1
"20033",0.0008260419127293,2.97618263341463e-06,0.833303386703219,4.02644525165997e-05,0.000221886021039996,0.165605444727862,3
"20035",0.995766045249346,0.00325134103498957,6.94696166989386e-07,5.60737691221193e-10,0.00098191196353433,6.49522531161619e-09,1
"20037",0.997880515381457,0.000315664392745991,8.24440484553798e-07,1.77050248081583e-08,0.00180297788250152,1.97785566352025e-10,1
"20039",0.000155698810581727,0.999785144104508,8.48754401867728e-08,1.32286753562364e-10,5.90720264823242e-05,5.07013189529398e-11,2
"20041",0.00728420587587193,0.00126797009876315,0.0143020239157895,6.88436899614627e-06,0.977096099988418,4.28157521613429e-05,5
"20044",0.0500438498489443,0.0091269122358212,0.0674803342563019,3.24308404170552e-05,0.871170132331651,0.00214634048686488,5
"20047",0.993938287934119,0.00603799763396859,8.86555338127944e-08,1.32034995727146e-10,2.35611587244009e-05,6.44856192923116e-08,1
"20050",0.0695187163347778,0.478711024813023,0.00595633231556439,1.93360052999178e-09,0.445788090361441,2.58342415932017e-05,2
"20052",0.0114784815109627,0.000766834214974881,0.948564138320883,6.32787930179603e-07,0.0141788769933988,0.0250110361718505,3
"20054",0.999492009285668,1.15969240337561e-06,0.000245994124679213,1.53340930822695e-05,0.000241714204553645,3.7885996141329e-06,1
"20056",0.000118524811047133,1.87228961343357e-06,0.00204282185156033,6.04253433303671e-07,2.64507433170375e-06,0.997833531720014,6
"20058",0.998734452226587,0.000938704752991508,1.4673220792739e-05,1.67928222528532e-08,0.000312152181835689,8.24971357700167e-10,1
"20060",0.000538196509144112,1.13204355383902e-05,0.997747029440854,2.07403612340307e-05,0.00143084504845724,0.000251868204772298,3
"20062",0.00530703975785613,1.87072978404164e-05,0.814531938169251,3.53871564873541e-05,0.1799751616263,0.000131765992265432,3
"20064",0.975326486642756,7.19158013226241e-05,0.0240144799622889,1.98119075174329e-07,0.000410076727072063,0.000176842747484996,1
"20066",0.999969350146303,1.33457092472183e-05,5.27275746231518e-06,5.84409819637673e-07,4.58714165720543e-06,6.85983551050278e-06,1
"20068",5.11764857611317e-05,1.53970011711448e-06,0.986749222875654,0.00161521100112651,0.0115162173444456,6.66325928959478e-05,3
"20070",8.42330464361632e-05,0.000229506599009674,0.984092468973655,8.7892663082586e-05,0.0154709049057876,3.49938120291408e-05,3
"20072",0.980235326228175,2.55219396637494e-05,0.00029267151006787,0.00429679446168276,0.0151496615256331,2.43347775526152e-08,1
"20074",5.79924681196445e-08,2.86181552989639e-09,4.45899094567012e-05,0.000395251763314093,2.39221689329707e-07,0.999559858251256,6
"20076",0.0093660418877946,1.1236991142521e-07,0.0478440279297849,0.289590484106537,0.000500209338579026,0.652699124367393,6
"20078",0.960899656479183,0.00237264229476362,0.0332536937496311,1.07351790436312e-06,0.00336014815561549,0.00011278580290272,1
"20080",0.998882299524177,0.000863899789189707,1.88261601095438e-06,7.21645686894667e-11,0.000251900498791034,1.74996667771564e-08,1
"20082",0.00339897214695779,0.996584301646292,5.84518690194993e-06,2.29291734852267e-11,1.0846456020595e-05,3.45408985619776e-08,2
"20084",0.948370466046038,0.0119832012448794,0.0121539350339231,3.10228393613378e-07,0.000490985418563571,0.0270011020282023,1
"20087",0.923376342595883,0.000572282770965849,0.0179074854227497,4.18257848087118e-05,0.0581014606857994,6.02739792850459e-07,1
"20090",0.918389111005653,0.0221318830918798,2.46399650939124e-05,2.57440485530432e-10,0.0594542101391981,1.55540734564842e-07,1
"20092",0.0145444756856689,0.660362592122887,0.0470117687953633,0.000800400359564028,0.277280660749845,1.02286671451804e-07,2
"20096",0.00706162816181551,0.393456917944515,0.522500324476835,1.21355275325617e-05,0.0693045194560984,0.00766447443320338,3
"20098",0.000203085019421479,6.42922411280622e-06,0.834729329037187,5.89365535880556e-06,0.0003859347302972,0.164669328333623,3
"20101",0.998315806581889,0.00112721199249286,8.46486933134212e-05,2.19986759244874e-09,0.000368270396658792,0.000104060135778012,1
"20104",0.000106840298402227,0.0540174776434918,0.499656721703733,0.441879033513325,0.00294588662831654,0.00139404021273156,3
"20106",0.994127826585314,4.99696744450567e-05,0.000582884261978098,8.18790385443227e-09,0.00519056774468166,4.87435456776301e-05,1
"20108",0.000303418315153794,8.7322876830498e-07,0.987781105049263,0.000172933257732109,2.89067374355634e-05,0.0117127634116467,3
"20110",0.00404953965751724,0.164775618020127,0.372366712546129,4.10456137597284e-07,0.334735527315222,0.124072192004867,3
"20112",0.702792184912451,0.0113257271536778,0.010601938856526,3.70110642426241e-08,0.275255986974835,2.41250914461613e-05,1
"20114",0.856683055392132,0.0015854610689704,0.0733556437922294,2.35554284120787e-06,6.5451561120765e-05,0.0683080326427065,1
"20116",0.978216779352929,5.96116672628978e-06,0.00509332806078001,3.71988664080658e-05,0.00011426006840571,0.0165324724847514,1
"20118",0.0517602434180719,0.000206027098583252,0.89003541112206,2.95648880014078e-06,0.00059500448032455,0.0574003573921599,3
"20120",0.962004884900271,0.0252022519629926,0.00597113790567373,2.03628674715003e-09,0.00607105448659442,0.00075066870818189,1
"20122",4.16177168164035e-06,1.79551455665874e-08,0.00155734789650152,1.484933804563e-05,7.28280773463199e-07,0.998422894757852,6
"20124",0.996846933893514,0.00203431348588367,9.12484398369793e-06,1.23151546824243e-07,0.0011095027873695,1.83770272538869e-09,1
"20126",0.00499112920670819,0.994929315126136,1.47006145153631e-06,8.97513817682306e-08,7.78787225404822e-05,1.17131781989287e-07,2
"20128",0.175515546331805,0.824254270095321,2.48234377735935e-08,1.41800926445222e-09,0.000230156115317718,1.21610849942499e-09,2
"20141",5.96598655454606e-05,0.0172870526095405,0.924063784328447,0.000110590730305784,0.000176358527475934,0.0583025539386851,3
"20143",6.24020947037908e-08,4.03496164014994e-09,2.60735246653324e-05,7.88390581343048e-06,3.09906359489289e-08,0.999965945141829,6
"20145",0.982510162942199,0.00385946803708145,0.00712893778768785,1.98615656154457e-09,0.0064959829016448,5.4463452306482e-06,1
"20147",0.998163913697042,0.000101699483935062,0.00117785459944283,1.77009317438535e-08,0.000552751009625332,3.76350902303924e-06,1
"20149",4.43307935656728e-07,3.40516385302068e-08,0.00131358851930493,8.34972921798465e-06,1.0062060719023e-06,0.998676578185831,6
"20151",0.000249302102600055,2.79553565046465e-06,0.939742542593561,4.95253989837168e-06,0.000504730095771252,0.0594956771325185,3
"20153",0.00113645458641888,0.00771092222275677,0.424037900178358,7.7003307893272e-08,0.00303994289863846,0.56407470311052,6
"20155",0.95607326369207,0.000130616567382271,0.000123773255726247,5.68180858207358e-08,0.0436719273296574,3.62337078637299e-07,1
"20157",0.00011749278752425,8.79181093191869e-06,0.530988715302993,4.47966177225369e-06,6.49368241936421e-05,0.468815583612585,3
"20160",1.40469002433032e-07,1.05177412014335e-08,4.42701540223838e-05,1.24838143332575e-06,4.33971512021037e-08,0.999954287080649,6
"20162",1.80888688625911e-07,1.17491543609137e-08,0.00416397543477337,9.78785445960067e-06,5.10720317091201e-07,0.995825533352607,6
"20164",7.46774554950098e-05,1.37269008305878e-05,0.0563308703599065,3.988450977302e-06,0.000988502151101009,0.94258823468169,6
"20166",0.998935178638386,4.37394857710852e-06,6.17108268398423e-05,0.000135796213176757,9.37437418413757e-05,0.000769196631178586,1
"20168",0.00293218855761338,3.13656869947056e-07,1.94967984991934e-05,0.996132330425194,1.94162708401686e-05,0.000896254290983144,4
"20170",0.000157182059453657,2.69591869905142e-05,0.771382658312984,2.31514432125483e-06,0.000183070936818454,0.228247814359432,3
"20172",0.994798149647019,0.00101708808392989,0.00201420111161268,3.20177029088323e-08,0.00217050012994133,2.90097944366733e-08,1
"20174",5.51532516596788e-06,2.65282584602295e-08,0.592548742724037,0.196345064742927,4.85014837106964e-05,0.211052149195901,3
"20176",0.000137477696315105,1.68281018375136e-08,6.29928765701607e-05,0.99977496030678,1.91228668290824e-05,5.42942540354682e-06,4
"20178",1.56383969892672e-07,2.16332279594767e-08,2.39059521065347e-05,5.88606924549184e-07,5.45241610196498e-08,0.99997527289961,6
"20181",0.996938285833027,6.47264325334782e-06,9.58166792567695e-05,9.03070341522127e-07,1.46225864917763e-05,0.00294389918762961,1
"20183",0.00270315769387589,0.000633400889396847,0.992244779378558,4.98450156410951e-06,0.00440589089883498,7.78663776970484e-06,3
"20186",0.021277668270799,0.00378528056844127,0.869940920563734,0.00511751104809544,0.0998783590046762,2.60544254568798e-07,3
"20188",1.53473720129323e-07,2.40754801475132e-08,0.000291223183604434,8.8789227778207e-07,2.08383916936138e-07,0.999707502991001,6
"20190",0.999796821354504,1.32083317872506e-05,2.19435124115324e-05,2.22333426937415e-08,0.000167776086723631,2.28481230548909e-07,1
"20193",0.00142772760697809,7.57178299203428e-07,0.000207092651164562,0.0222252448577427,0.000280818530685157,0.97585835917513,6
"20195",0.00123796995034628,1.50704192895429e-05,0.219703005386043,4.18257714953911e-06,0.00381312199730752,0.775226649669864,6
"20197",0.979458295712701,0.000348993400949448,0.00120314670809417,8.4354898588304e-08,0.018989416283209,6.35401477915114e-08,1
"20199",3.56840978734594e-06,3.6473753435412e-06,0.081642704887694,1.90299304902794e-06,6.84866899958618e-05,0.91827968964413,6
"20205",0.000123375770642769,0.999027947923123,1.17096379736689e-05,1.49969874323895e-10,0.000836962969019482,3.54927129983012e-09,2
"20208",0.00132736227638642,5.76990409851625e-06,0.984955014916561,4.11345542904904e-05,0.00239807191730742,0.0112726464313565,3
"20210",7.13391895888001e-07,5.90266848453891e-08,0.0146141886627045,4.34136522916204e-06,2.45744156655715e-06,0.985378240111919,6
"20212",0.000108063767294147,3.02137542723691e-06,0.15441965480407,7.64249452658266e-06,0.000307456117754799,0.845154161440927,6
"20216",0.998138341447055,4.47770296622152e-05,0.00161474009158516,2.39152836010199e-07,0.000161741261942674,4.01610169188725e-05,1
"20219",0.327712227025713,0.654001941095035,0.00649919325472449,4.88924338143498e-09,0.0117328613774677,5.37723578165604e-05,2
"20223",0.989212753455613,0.000229572204349528,3.12491750582675e-06,0.00158083115846606,0.00897371738898814,8.75077823720831e-10,1
"20226",0.00389766254049595,0.00031179106694022,0.0543170855758151,2.77022577453155e-07,0.941266204442046,0.000206979352125788,5
"20230",0.99984482180702,7.05422074955975e-05,7.87462578093867e-06,1.64115293685143e-08,7.67192727468798e-05,2.56754270605917e-08,1
"20233",1.70926989256378e-06,0.997680615001086,0.0020485914863928,8.01530628678952e-07,0.00024771679390481,2.05659180947913e-05,2
"20235",0.828833788658929,0.0308637616329249,0.00012129720982423,0.000147351270975772,0.140033796313968,4.91337814627275e-09,1
"20239",0.781864095754365,0.000471989963763018,0.0053089843400272,0.00265981361824031,0.20969390181368,1.21450992506965e-06,1
"20254",0.00386003265767483,0.996086909763923,9.98215149094444e-07,4.06306747869364e-12,5.20565515688133e-05,2.80762160186588e-09,2
"20256",0.999392877406951,0.00022499726155576,3.2838667792168e-05,2.80488456332193e-07,0.000349002955762798,3.21948208961703e-09,1
"20262",7.84798820316234e-05,2.31488243470804e-06,0.42749832987682,3.14621245202187e-06,6.49171756566904e-05,0.572352811970605,6
"20270",0.979323871217234,1.79588409404856e-05,0.0146591480725576,0.00215871971914611,0.000416192368589179,0.00342410978153248,1
"20284",0.00912915532718066,0.357381444954158,0.590229745521835,5.26492518933943e-07,0.0432370273162546,2.21003880526994e-05,3
"20287",0.996950608874534,0.000107133527018603,3.14250549067331e-07,8.78131857399073e-08,0.00294185471312549,8.21587661592046e-10,1
"20290",0.00163624972289336,0.99197363481112,0.00232829544026138,4.21947173735715e-10,0.00404138322848002,2.04363752973614e-05,2
"20293",0.951456235576589,0.00202356621144492,0.045752145690468,9.8283637785903e-07,0.000759368658469707,7.70102665080729e-06,1
"20296",0.00747419761639359,8.31489664635884e-08,0.313030989033538,0.0184266704796393,0.000530194729954572,0.660537864991508,6
"20301",0.998365467050163,0.000389343669257021,3.25650276661547e-07,3.13764365289335e-08,0.00123444976358257,1.03824902843792e-05,1
"20304",0.00422902856318474,0.99574955181635,1.50955898032614e-05,7.82653083978958e-11,6.26781593728561e-06,5.61364589974063e-08,2
"20306",0.997762479339587,0.00196840555738712,1.19055609013559e-05,2.11009111352777e-08,0.000257187575754113,8.65458857291003e-10,1
"20309",0.488310028261364,0.0038344241086661,0.325348998081001,1.94098311934379e-06,0.182362245300276,0.00014236326557308,1
"20311",0.994334362771253,0.000759367175457056,0.00395442562725293,1.29172034310992e-06,0.00067065138190732,0.000279901323786412,1
"20314",0.00165170233919297,3.33604050379677e-05,0.981490191615499,5.9348151416679e-07,0.000654335245293863,0.0161698169134618,3
"20318",1.35867176517515e-05,6.90423116010476e-08,0.000108776099033546,9.02811292228358e-06,1.02448051641193e-07,0.999868437580029,6
"20320",0.000900871516342094,0.00180780155161036,0.507596105500711,2.17702798266596e-05,0.487870928258652,0.00180252289285723,3
"20326",0.00227839057748537,8.33506738129887e-05,0.960687273677514,1.38370413154697e-06,0.000302817106711487,0.0366467842603447,3
"20328",0.000831628352608946,0.00139525267678393,0.860286190877423,9.30018291242893e-06,0.137465653980869,1.19739294030576e-05,3
"20330",0.149794866882129,0.00391342181763408,0.00032046946050268,8.13359376648155e-07,0.845969751070208,6.77410149385574e-07,5
"20336",0.0109839590114121,0.960402265151313,0.0264967204841937,1.19082679007989e-08,0.00211648399922715,5.59445586586599e-07,2
"20338",0.0148880569690093,0.980389896244058,0.00124436073833242,4.39807458128067e-09,0.00339334481990798,8.43368306176361e-05,2
"20340",0.999431160886417,0.000403659746395246,2.32575247280271e-06,4.06204841350309e-08,0.000162796689240848,1.63049902058128e-08,1
"20342",0.000398539319302512,0.97845806772949,0.000108084626354747,4.28889662231017e-05,0.0207401882836057,0.000252231075023492,2
"20344",0.997916017748766,0.000527209459589562,0.00132381353198791,2.47181193181195e-07,0.000232478296002641,2.33782461005472e-07,1
"20349",0.999809045122401,0.000131089503856718,2.05238808682261e-05,1.10746979440805e-07,3.92286753504571e-05,2.07054464045423e-09,1
"20351",0.923471196185756,0.0134282310245121,0.0529660976252976,1.13940386507621e-06,0.00966763545800569,0.00046570030256348,1
"20353",0.268941414572536,0.0233305413220573,0.000192391748286594,1.33130340533287e-08,0.707535607515355,3.15287312858858e-08,5
"20357",0.000757859749285435,0.997010217423873,5.39602273924686e-06,1.50798268399496e-10,0.00222652643456996,2.18733943127754e-10,2
"20360",0.00457519634288018,0.275394271220944,7.79090828179025e-05,0.00024937184842874,0.719702600455707,6.51049222706563e-07,5
"20364",0.692283327366944,0.00238442583127009,0.0335929146424269,3.88354019712471e-08,0.271729557300595,9.73602336183453e-06,1
"20366",0.00091722108607396,0.991545461216435,0.0069074131889922,9.20219188823453e-09,0.000621843375245482,8.0519310613409e-06,2
"20381",1.02526056623859e-06,1.2427702953654e-07,0.00327392950509096,0.979980144829531,6.14105634018225e-06,0.0167386350714415,4
"20391",0.182287565263053,0.0169165632822578,0.0288237859905001,0.249806243771506,0.522165806211201,3.54814822837241e-08,5
"20394",0.000116126582286262,1.80294140179767e-06,0.980057831953494,0.00281491080452399,0.0161076858654242,0.000901641852869861,3
"20396",6.64817083791685e-07,1.13641658509473e-08,0.185399725619314,0.803195465915651,7.02734904635523e-05,0.0113338587933213,4
"20409",0.611959626703325,0.000887608842243636,0.238450209873763,6.78252093510335e-06,0.000159890298930985,0.148535881760802,1
"20411",0.857757386374036,0.115686585071235,0.000246921982131725,1.00878538579082e-08,0.0263090945652561,1.91948677464246e-09,1
"20416",0.0290358489117465,0.970782868396106,2.63168792404936e-08,1.30792174469301e-10,0.000181256224391022,2.00848388551777e-11,2
"20418",5.98100633577715e-07,5.95154793161902e-09,0.131109738198004,0.815169895900332,9.46862190944689e-06,0.0537102932275735,4
"20420",2.17353271207344e-05,0.972611670271095,0.026104261808842,1.06214078851395e-06,0.00106536364608938,0.000195906806064119,2
"20422",0.962349559846196,0.000274539675673105,0.000385047276553687,4.5133172033031e-08,0.0369492842656854,4.1523802719674e-05,1
"20424",0.872010483049341,0.0408500145866076,0.000169912192771832,4.62811102851743e-09,0.0869695791778633,6.36530493183799e-09,1
"20426",3.88800761638873e-06,0.999844481670174,9.02315510099292e-06,4.75685808267104e-10,4.18736416194348e-05,0.000100733049803315,2
"20428",0.824342102019437,1.4934982277774e-05,0.0422781688080718,0.00259344282338142,0.13076062093989,1.0730426941938e-05,1
"20431",0.0218940892275696,0.00409318018986103,0.659277292780043,1.90255861049249e-06,0.227601324900569,0.0871322103433466,3
"20433",0.999197702946012,1.29370858270837e-05,1.47839475578804e-06,0.000131866493177683,0.000656005946572381,9.13365518656399e-09,1
"20436",0.00753102731696929,1.47078930639613e-07,3.97696925919498e-05,0.992355628888258,6.53679092775953e-05,8.05911397252261e-06,4
"20439",3.16621705545814e-06,2.15501590035435e-08,0.484942414666731,0.306958443865641,4.8225621369019e-05,0.208047728079045,3
"20441",0.000687615109277741,0.984246801258992,6.31611384682229e-05,4.4606657805714e-10,0.0150022718539262,1.5019326901684e-07,2
"20444",8.23303210262676e-08,6.50198287864462e-09,0.000164058439901416,2.56791473584909e-06,7.69646969397504e-08,0.999833207848362,6
"20448",0.00934658775134926,0.00105781473327505,0.854419487780966,0.000208466229395839,8.82918303464187e-05,0.134879351674667,3
"20536",0.00013233910296949,3.53023638330311e-07,0.184835164144903,0.810444736184709,0.00457718217868626,1.02253650943594e-05,4
"20538",0.214458598009804,0.727714811794925,0.0575059403307765,8.19712394521594e-06,0.000311164260256002,1.28848029261198e-06,2
"20541",0.934340005701422,0.0618008365993999,5.01657020063065e-06,9.258889462169e-11,0.00385413663859313,4.39779540305238e-09,1
"20544",0.185512502116993,0.000682525549932493,0.808303491564314,3.32025890001482e-06,0.00223778104408263,0.00326037946577825,3
"20546",0.984274644675199,0.00602580905447597,0.000859089339840833,9.43545650735313e-09,0.00884043949185167,8.00317620053788e-09,1
"20550",0.0044533799745574,0.000248069750992191,0.00402139290785038,1.07187516409598e-06,0.991193193738099,8.28917533364738e-05,5
"20553",0.0215404595024338,0.978450922402833,5.60645777860133e-09,6.65210732059176e-10,8.43920520010972e-06,1.72617864484156e-07,2
"20555",5.82891865508624e-06,0.995016939910347,0.00137376730284361,4.70482024110041e-07,0.00360289791935281,9.54667768903294e-08,2
"20557",0.0106030475847723,0.0135541736109827,0.0274522175207692,3.00911433203391e-08,0.948108483440894,0.000282047751438035,5
"20559",0.999472194085682,4.62338344691507e-05,0.000231740133709597,3.68466360846704e-09,0.000248700810349342,1.12745112649057e-06,1
"20561",0.000742968240656821,2.74886063075393e-05,0.766554463205818,5.52270708938636e-06,0.00045830751740384,0.232211249722724,3
"20564",1.56383969892672e-07,2.16332279594767e-08,2.39059521065347e-05,5.88606924549184e-07,5.45241610196498e-08,0.99997527289961,6
"20566",0.79544319668215,6.26620196162511e-06,0.0698657450366439,5.80752901305244e-05,0.134544799523695,8.19172654189598e-05,1
"20569",1.21984170285021e-05,1.4506526376455e-07,0.888617953313344,0.000547667360141152,5.22596997293186e-05,0.110769776144493,3
"20572",6.88653027473847e-06,1.92674786275432e-08,0.0781979066822948,0.0007658474853306,2.75730657570664e-06,0.921026582728046,6
"20574",0.996089501984928,0.00176837435881883,0.000167736006149209,6.69726373023466e-10,0.00197194899618199,2.43798419522821e-06,1
"20576",1.18532335462243e-06,6.53998950272993e-08,0.000193579627394816,4.70358336970734e-07,2.387790113155e-07,0.999804460512007,6
"20578",0.76909428833373,0.000549907231408074,0.195106832770693,1.56971804955473e-06,0.0304860806759515,0.00476132127016795,1
"20580",0.837973499943937,4.85170109934003e-05,0.160048121783284,1.82107366084111e-05,0.00186171723741371,4.99332877632971e-05,1
"20583",8.46000094749863e-07,5.02176727600419e-08,9.79551643506924e-05,4.52095264035501e-07,1.53135949655606e-07,0.999900543386668,6
"20586",0.910282679636511,0.00159800716031065,0.0859963741079898,1.09359040016018e-06,0.00211957111638326,2.27438840489284e-06,1
"20589",0.994583319110373,0.000131082818645536,1.642585836713e-05,1.18674570993678e-07,0.00526905289686839,6.41174728378466e-10,1
"20591",0.00106667831311541,0.048188296103833,0.173879771295133,2.10750880644398e-05,0.776840527590315,3.65160953895168e-06,5
"20593",0.999512045028455,4.80523151007224e-05,8.75650128847494e-08,7.78920387121497e-09,0.000439795876914814,1.1425312301956e-08,1
"20595",0.996260920654273,0.000237753522185575,0.00321764287636452,4.51887216345619e-08,0.000250918489015358,3.27192694392752e-05,1
"20597",7.84048963343513e-08,8.1751402317343e-10,0.000726972320816434,0.99926781475735,1.06418965340751e-06,4.06950976988229e-06,4
"20599",2.13772662819774e-07,1.14012129787918e-08,3.81712471441338e-05,1.03077660661746e-06,3.13137090442528e-08,0.999960541488664,6
"20601",0.000202396917122232,2.27836948104373e-05,0.984464558153361,5.50143350099242e-06,0.0150996559933819,0.00020510380782295,3
"20604",0.999897089021148,4.66676362710092e-05,6.35993405566346e-06,1.93041415286077e-09,4.92453592379643e-05,6.36118872989318e-07,1
"20606",0.999317653477561,5.51050872893711e-05,5.32156094766186e-06,3.19882683111071e-09,0.00062190151757271,1.51578020505759e-08,1
"20608",0.973720544210042,7.1653950221555e-06,0.000312315759236817,1.55620314340662e-06,0.0259582154418706,2.0299068518809e-07,1
"20610",6.53443333349584e-06,3.42587102147735e-07,0.00120737592115872,7.71014858364515e-07,1.0718170160181e-05,0.998774257873387,6
"20612",0.239803407678759,0.156063064068668,0.00141420346783908,0.60135545171674,0.000331965390146375,0.00103190767784662,4
"20614",8.20712476679573e-07,2.08213967504498e-07,0.0077541905570138,8.02133823378575e-07,1.22475645623301e-05,0.992231730818156,6
"20616",0.00456486780593686,7.15169734892603e-05,0.994082796204437,4.79788872421967e-05,0.000818858867220922,0.00041398126167333,3
"20618",0.000165388580360904,0.997356082894014,0.000899018862558217,2.03363822189705e-09,0.00156560768313678,1.38999462922949e-05,2
"20620",0.999413309698075,2.97275675542517e-05,0.000400448012249001,3.09237143668947e-05,0.000105291701505637,2.02993062490468e-05,1
"20622",4.09222470375646e-06,1.0221519730491e-07,0.000583514808341596,2.89218041506034e-07,3.16717003143618e-07,0.999411684816713,6
"20624",0.971755153842501,0.0274074997390452,0.000338913420257628,2.91128399248617e-08,0.000498375704832072,2.81805237557436e-08,1
"20626",0.761159585850158,1.01053504681937e-06,0.0135696945481134,0.215880703914422,0.00831450576379217,0.00107449938846809,1
"20628",0.134589841468634,9.68823018230156e-05,0.132382656496841,0.158796427729747,0.573797884932506,0.00033630707044917,5
"20630",0.563387935028689,0.000147120782320222,0.0624459066038976,3.65074359709143e-06,0.362156124595481,0.011859262246015,1
"20632",9.84009153246e-08,2.65592655611678e-09,0.00880449493025258,0.000996828677263403,1.03259536447807e-06,0.990197542740278,6
"20634",0.998812257139809,3.64770436126493e-05,9.48214149554591e-06,7.26365321054062e-09,0.00114176519917108,1.12122589225769e-08,1
"20637",0.00684396640388398,0.99221200954336,1.91649127489749e-05,7.58838584498642e-12,0.000917676888029577,7.18224438925537e-06,2
"20639",1.10761859961872e-05,2.14546008365255e-06,0.451635315985366,4.76967933581739e-06,6.86879817228203e-05,0.548278004707496,6
"20644",0.319376258527219,0.679991971472261,2.72004392055743e-08,5.19311437998353e-06,0.000626529075309969,2.06103908967037e-08,2
"20646",0.639510380763027,0.011881005160885,4.78669687589369e-05,0.00132667201965518,0.34722485643434,9.21865333407935e-06,1
"20648",7.1989424702171e-05,1.59922975826372e-05,0.993832732917887,1.06363733163315e-06,0.000417337406809117,0.00566088431568737,3
"20650",0.678018969595493,0.320336661021584,7.98025325836324e-05,1.98300692712327e-08,0.00156452300552222,2.40147485678378e-08,1
"20653",0.00026144106989095,0.000288525417369708,0.960017033088069,0.000118458675997731,0.0366970093311678,0.00261753241750487,3
"20658",0.998888266038392,3.58897739209643e-06,5.10526208252225e-05,0.000154722470063923,0.00090235768673256,1.22065944485639e-08,1
"20661",0.0340890958928321,0.961164608030307,0.00419072515126856,0.000104433541058526,0.00045041818548459,7.19199048805341e-07,2
"20663",0.568959639058254,0.00158386022306677,0.408215769565386,4.31069322720309e-06,0.0212321780081085,4.24245195755575e-06,1
"20665",1.61215453168154e-06,2.98370625574231e-09,3.64038893775179e-05,3.33185085471929e-05,6.00106149176306e-08,0.999928602453222,6
"20667",0.00361568084069087,6.52494587301567e-05,0.0940726040134382,0.00593416048841086,0.896261734484234,5.05707144957942e-05,5
"20669",4.88673808098152e-07,3.1113915493154e-08,0.0264702147553242,0.97338740269098,5.39076431388783e-06,0.000136472001658426,4
"20671",0.147915697614391,0.845004641289726,0.00170379694847515,2.39312776231814e-10,0.0053090085303218,6.68553777732772e-05,2
"20673",4.43481343991967e-08,3.66372107438251e-10,0.000724101452557369,0.999253116349445,5.54285722819177e-07,2.21831977686848e-05,4
"20675",0.00711186457397036,5.22355489144388e-06,0.710446320936448,0.28114974827523,0.00127371948122614,1.3123178233211e-05,3
"20677",0.568402342803972,0.000229455158849335,0.410463174737443,0.000806478513407195,0.0200952604700536,3.28831627569304e-06,1
"20679",1.27209566934878e-07,1.19233876457828e-08,0.0288524128537051,0.970533220442097,1.3160637447e-05,0.000601066933796442,4
"20681",5.90405659816584e-05,2.29228237529365e-06,0.918287871177232,0.080234610612975,0.00140228801134767,1.38973500881098e-05,3
"20683",0.393156617835828,6.22064725335195e-05,0.453324662581164,0.00550633448007516,0.147939894040259,1.02845901401024e-05,3
"20685",7.18571691340276e-06,0.979308501985824,0.0122930996884807,1.89616306134075e-06,0.00833420493194903,5.5111513772313e-05,2
"20687",3.69962627769809e-06,6.97438481652828e-07,0.109373808038029,2.64519989888772e-06,2.45375007046894e-05,0.890594612196609,6
"20689",0.14618296393102,0.85373247689947,7.55659810048946e-07,1.2570788959324e-05,7.12244122574517e-05,8.30848354743049e-09,2
"20691",1.92545785279467e-07,2.61736376838502e-08,0.000259499441860057,4.67690137499712e-07,1.63663299181511e-07,0.99973965048528,6
"20693",0.998749154095579,0.00110482032909439,6.12668854380357e-06,3.66218569730905e-08,0.000139861205617897,1.05930822899695e-09,1
"20695",7.76289097204519e-05,4.44782896571101e-06,0.99792742489326,1.5642208351484e-05,0.000529203111382699,0.00144565304831949,3
"20697",0.999412165991066,0.000241170399699621,7.95703565516825e-05,6.24514926097768e-10,0.000240831001170565,2.62616269975812e-05,1
"20699",0.343382900920574,4.53476759367961e-06,0.631923060723879,0.0197273904344109,0.00488109100176304,8.10221517800677e-05,3
"20701",0.856744335801165,0.000122086726651194,0.0395483330995854,0.000744519046583781,0.102840531558845,1.93767169652861e-07,1
"20703",5.83467421607464e-06,0.000407252411800862,0.0120791255227777,0.982011679907215,0.00539165326454956,0.000104454219441269,4
"20705",0.977160311135605,0.00347200920266894,0.00092968039615824,6.34206831406289e-08,0.0184378648326844,7.10122004804875e-08,1
"20707",0.00268508091834963,0.000152831486732994,0.981627567551338,5.65994612184376e-06,0.0155220159408126,6.84415664494397e-06,3
"20709",0.0263135911980942,3.10799387905209e-06,0.086437219544714,0.000347164924053374,0.000664111758471904,0.886234804580788,6
