"","V1","V2","V3","V4","V5","V6","V7","V8","V9","V10","result$classification"
"19811",0.918792114743302,0.000279159859338651,0.000152030556891229,1.05567797567885e-05,6.21271253320904e-07,8.28492087783609e-10,0.05916694458763,2.05798211900894e-10,0.0215826424440833,1.59287234541122e-05,1
"19813",5.35173973338796e-05,5.93862731954715e-08,2.3559665230596e-07,2.84828164614757e-08,1.38180656725155e-08,5.39453946720266e-09,6.98040257056094e-08,1.34932681122533e-12,0.999946067251322,2.86762179831829e-09,9
"19815",0.968541487868771,0.00792935694794296,0.00229754975960965,0.000817188054447458,0.000193739335091064,1.68803921829344e-09,0.0202041446277579,1.62816672382171e-05,2.06975186452115e-07,4.30759156875789e-08,1
"19817",0.625763046237056,0.00290093034644364,0.00550101345329682,0.000111366520297201,7.64469756457754e-06,2.56459105616654e-10,0.365699131624238,2.46048176539011e-07,2.69654358846233e-06,1.39242728799741e-05,1
"19819",1.05480071701955e-06,1.29851910774507e-05,0.0393808501631104,4.81247037436012e-05,0.259704613437617,0.00596390229133916,3.13679915030268e-07,0.69488814852104,9.69493848331632e-12,7.20174525810062e-09,8
"19821",0.398677897096825,0.000226956569242707,0.00436933144305852,6.24565444911089e-07,9.0309464985601e-05,8.71296318206494e-08,0.58258330157237,4.79729850343326e-09,0.0123089788819074,0.00174250847923523,7
"19823",0.236131082332715,0.000150154577163497,0.00123163279362853,0.710824805333301,1.56781244209046e-05,4.61346242766883e-09,0.0505171629763712,0.00112769949448061,2.99047662614698e-07,1.48070679458467e-06,4
"19825",3.07813508953379e-05,0.00191393996943478,0.00480571510260362,1.9440491095192e-06,0.00344947879828664,0.243294022564532,0.00172624023282969,2.24556317917251e-05,0.000943001968479571,0.743812420332037,10
"19827",0.00465084439877779,7.80330522769091e-06,0.00145607557015418,4.52219113161959e-05,1.94328213862342e-06,8.31644939513732e-09,0.983967695303919,6.55388485467577e-07,2.50901932399667e-08,0.00986972743333881,7
"19829",1.2713744811145e-05,0.000125268168631191,0.956323609076219,2.36299058407915e-08,0.0400432223276492,0.00218660309032326,0.000388300291432745,3.854571081983e-05,3.02944388555339e-07,0.000881411015819913,3
"19831",4.56989411574175e-05,2.88796318783256e-05,0.684735328369997,0.00287040092773356,0.16723980382074,0.0177129475489093,7.644942715961e-07,0.127366070291702,8.92665108416291e-08,1.67071000892755e-08,3
"19833",6.9461489746996e-08,0.00280477412664263,4.53987255143361e-07,0.909166153753028,4.06617032961528e-07,0.00109152738113737,1.30369317046338e-07,0.0869209643830572,5.14715792875671e-07,1.50052052469854e-05,4
"19835",0.398677897096825,0.000226956569242707,0.00436933144305852,6.24565444911089e-07,9.0309464985601e-05,8.71296318206494e-08,0.58258330157237,4.79729850343326e-09,0.0123089788819074,0.00174250847923523,7
"19837",0.0530944741276968,2.31726272682552e-05,0.0211676781992356,7.73105888933957e-06,1.79597288241703e-05,3.43859110916648e-09,0.924890150033389,1.50307598948588e-07,5.33370831589933e-07,0.000798147107675349,7
"19839",0.000188223779302124,0.000660202998455185,0.463638064566061,2.43920746766139e-07,0.0462014585732032,0.478588243710992,0.000795945809115787,2.87755977551034e-06,0.000444092338875533,0.0094806467434735,6
"19841",9.83096071977276e-09,6.18604720248806e-09,5.95789540467471e-07,1.69974210057855e-10,2.37539289002019e-08,2.02781600492466e-05,0.000113943625576822,1.40792848629714e-10,4.69505388766548e-06,0.999860447289242,10
"19843",4.33614082132434e-05,0.0010253954147267,0.00503162283299491,1.99450855792458e-07,0.523458491271223,0.463894605769123,7.79064082390751e-09,1.22428112566869e-05,0.00653407182278321,1.42818288167478e-09,5
"19845",0.180173806321143,1.6848386338776e-05,2.69441169447406e-06,1.05701582319258e-05,8.33450237017628e-08,2.25547841931491e-10,0.000829185897086205,5.85214213910688e-11,0.818966539557783,2.71638628796707e-07,9
"19847",0.992158979001869,0.00130698519807178,0.00355525460224168,0.000101655620413117,0.000230773852127545,2.70933800962567e-08,0.00190894315345662,3.31060617660336e-07,0.000737015145801177,3.52720215525578e-08,1
"19849",0.000109465165837861,8.9786239477681e-09,1.74759696157997e-08,3.33177768740208e-08,1.28603163381039e-09,3.79586426146363e-10,3.03023523682741e-07,2.38829447139484e-13,0.999890164394109,5.97830206813351e-09,9
"19851",0.951166939597165,0.000260015419056357,0.000252682762910251,0.000219923089777947,2.08485605703644e-06,2.64888489388446e-11,0.0480940221206255,8.8298859792916e-08,4.05604980393545e-06,1.87779255304821e-07,1
"19853",0.83320533027565,2.081245718813e-05,5.14633065006349e-06,0.0861009371375132,9.66193750649677e-09,1.21961380388501e-11,0.073200744234697,4.60331590014567e-08,0.00745960266236984,7.37119463924068e-06,1
"19855",0.437840949578783,8.97998723197272e-05,0.000376853038336816,0.00054429531734206,6.77862004938787e-08,1.76378635826886e-11,0.560363476685692,1.01257674075568e-08,0.000639219820935845,0.000145327756985663,7
"19857",0.34966503298123,0.00547309777585065,0.370672216894956,2.9935905376427e-06,0.000364155457506704,5.86710078394707e-07,0.259696159429185,2.45151501980339e-08,0.0124619609813075,0.00166377166419742,3
"19859",0.206559210587488,0.00210064628306819,0.0733017296646662,0.000496432768592908,3.27884609859035e-05,2.37294320622249e-08,0.716867576673959,2.61259017116267e-06,4.49517585347438e-06,0.000634484065783698,7
"19861",0.965651565952335,2.69877686058274e-05,3.6248444692185e-05,3.49330759934153e-05,4.36754254214064e-07,1.54094147481522e-10,0.0047949102957961,4.08588218787841e-10,0.0294547679726563,1.49172985288199e-07,1
"19863",1.6004937358062e-06,5.06444258368875e-08,1.55445850851819e-08,9.53040908981574e-09,2.36539250423403e-10,2.94135594431544e-07,1.99500906525489e-05,3.69988952729547e-13,0.992571827493783,0.0074062518299044,9
"19865",2.10660939258016e-05,4.33900052324694e-06,1.28862046939205e-05,1.38779485719653e-08,2.56284401564406e-08,1.90497671949983e-08,0.110901953826099,3.81985092505374e-10,4.95833704713343e-07,0.889059200102913,10
"19867",0.998393903150624,0.000308500715319693,8.93739500144544e-05,2.94541434454134e-05,2.65470217503167e-05,6.34362898435865e-10,0.000746791782515766,3.27965039128722e-08,0.000405393769584092,2.03587878528461e-09,1
"19869",0.00574867597458438,9.50137309669666e-08,2.8231456104666e-07,2.81406298862288e-07,1.69196399529634e-09,5.52486958301217e-11,0.000301411968062751,5.657608647027e-13,0.993947144557652,2.10701733197796e-06,9
"19871",0.0398613526044567,0.000424487436102764,0.162815839473971,6.81141928441319e-05,4.66150544279583e-05,1.40590466347914e-08,0.795418772713971,2.57835547861328e-06,3.0292333111082e-07,0.00136192318637005,7
"19874",0.00307925260788219,0.000152704308635481,5.7534193852334e-05,1.52623208154205e-05,6.28441881267097e-08,2.97031089985614e-09,0.933021769949846,2.35736097064925e-08,6.11971065216454e-07,0.0636727752597944,7
"19876",0.0176917891193229,2.18728561834611e-06,2.01937407110922e-05,2.15488410703744e-06,6.96308056259495e-09,2.76387233497579e-11,0.97503588559001,1.06743377339255e-10,4.95525016003573e-05,0.007198229781168,7
"19878",0.000491708963015501,0.997801036763795,1.94670240116469e-05,5.98559076680776e-07,0.00161312044646255,5.57892420531244e-05,9.43561150295016e-06,8.05727586141462e-06,7.01517007636604e-07,8.45972138655409e-08,2
"19880",1.14513714295098e-05,4.84053945562617e-08,8.79029373932144e-07,3.85348909693795e-08,2.87645979087329e-10,6.72818698633167e-10,0.0722868497755453,1.57286909840634e-11,6.20298251015095e-06,0.927694528924662,10
"19882",0.809044395830033,0.00198454368762165,1.84142960117799e-05,0.000101324561450775,6.49558589232745e-07,2.13017252147956e-09,0.0397840790421715,2.25770991372681e-09,0.149035335651457,3.1252984782544e-05,1
"19885",0.623661212700124,0.0062381636520951,0.152869258466119,5.5597006662901e-06,0.000801637678460358,1.56999840121151e-08,0.216408014041243,4.79662821974467e-07,3.40633455666091e-06,1.22520639292846e-05,1
"19907",0.986926474565582,0.000680388844725181,3.75011938963779e-05,1.09490104356101e-05,9.37648196259224e-06,5.01907653729809e-10,0.00244832073324533,6.51058004036114e-09,0.00988694364305458,3.85146110202509e-08,1
"19909",0.00133701277445896,4.04544020467746e-06,0.889295309783229,1.53558046926104e-07,0.10925639839322,6.00208778788822e-05,2.7367770037936e-05,3.88118215252977e-06,1.57635224936646e-05,4.66982774345479e-08,3
"19911",0.000130236185684374,4.51569156504409e-05,0.988289048428193,3.57996157109904e-06,0.00868484293944019,0.0010816973347066,0.00110179999077138,2.98060165818626e-05,6.65681205377584e-07,0.000633166546195502,3
"19913",9.35524886972134e-09,6.13365977412296e-09,1.43103191154531e-07,3.3567364606439e-09,2.91527292935934e-10,8.76288081388989e-08,0.000497089849174541,1.24372408273145e-10,3.55927387749958e-08,0.999502624564543,10
"19915",0.0048884367528611,2.05269514939775e-05,5.5040349306468e-05,6.50382607952846e-06,4.21971375782691e-08,1.16994272816057e-10,0.987671327732055,8.99209932600952e-09,1.2501547610203e-07,0.00735798806649686,7
"19917",0.000244539142645086,3.87836898918598e-05,0.000502306440796941,1.50879054139039e-06,4.22662568751954e-07,4.91902538325069e-07,0.280884355253602,1.55650751299903e-08,1.01999940895999e-06,0.718326556552931,10
"19919",0.0200646827377157,0.00147884153280851,0.00230293163030958,2.51248354619274e-05,2.1170388257784e-06,3.63246989170692e-09,0.972604190400561,2.53001731735941e-07,1.22330280721202e-07,0.00352173285983566,7
"19921",0.992413721260723,0.000575042029162725,0.000329410858269324,3.16668811972548e-05,8.18579109154301e-06,8.98608185785116e-11,0.00661393562538805,2.34731401559577e-08,2.79954603538904e-05,1.85308133287121e-08,1
"19923",0.12284476186768,0.874753182887517,0.000131334220442965,0.000705907983771212,0.00140622146986593,8.51035030328263e-07,6.5744657506054e-05,8.77076457869654e-05,4.28685678186417e-06,1.37561862220814e-09,2
"19925",0.00078865654618564,6.77508757298533e-05,7.83856481401496e-05,2.1383640824615e-06,8.07626751064266e-08,4.79832939277755e-09,0.821113271240896,1.11010138227146e-08,1.64554253030461e-07,0.177949536108695,7
"19927",0.821262284786326,0.000118758371900066,0.00153292103015335,0.000168582895566258,2.2281799469015e-06,4.51185381512148e-11,0.176903331158456,6.43354397242424e-08,9.541557345751e-06,2.28763974741852e-06,1
"19929",2.1259625445154e-06,1.15350117417446e-08,1.17954130909815e-07,1.1328756376586e-08,3.18599948113911e-10,3.92182569874785e-07,0.000605792173181473,5.81230614960553e-13,0.29048442544983,0.708907123094794,10
"19931",0.537545022544369,0.000671416856416007,0.00948866100725111,0.000256067755757954,6.93128676192883e-05,4.52282138868551e-09,0.451949237386458,2.7696661708884e-06,2.54305307913472e-07,1.7253087828792e-05,1
"19933",0.0180984401478992,8.62098491975171e-05,0.872430932075902,7.63065931381196e-06,0.088085349425933,1.02263533753481e-05,0.0210512271000013,0.000220441053158908,3.37364787086831e-08,9.50959874042701e-06,3
"19935",0.787594039315303,0.00809456190962952,0.0942024999328829,1.29187903437732e-06,0.0231565286386146,8.21183122426481e-06,0.0865984506576759,3.71356039940674e-07,0.000301458680048844,4.25857995466016e-05,1
"19937",0.96503210891901,0.000995425381685865,0.00105602067909072,0.00096062085963221,2.21245479844498e-05,1.24573827952424e-10,0.0319299541650168,3.3073393538515e-06,3.79499008183061e-07,5.84846441071107e-08,1
"19939",0.381510353309016,0.336273423578722,0.00141456522727204,5.32762189837837e-05,6.53943902920636e-05,4.28470361788344e-09,0.28064495678476,2.85961471348508e-06,1.67877854902784e-06,3.34878129878849e-05,1
"19941",0.000136313931478102,3.68863426309061e-06,0.880369506706632,4.94765788430868e-07,0.0371387063889905,0.0686204559491043,0.00203068513597073,5.55613514813378e-06,4.66030833814649e-05,0.0116479892692429,3
"19943",2.85227462197923e-06,9.62381884337664e-07,5.8055299506285e-06,2.04496879389729e-07,3.5428706131178e-09,7.20071182806579e-09,0.0510943037221717,3.92933317154197e-09,2.6612966108606e-08,0.94889583030861,10
"19945",0.0170906389485114,0.0028082020900336,0.768094858315171,3.15160684819874e-05,0.209707244210507,9.15843674751244e-05,0.00146591607910058,0.000709666575630443,1.62327978745145e-08,3.57112291397733e-07,3
"19947",0.000149656414121143,0.000124394604522528,0.617982481750304,3.98202700815598e-06,0.000858393972242355,0.00142994219965091,0.00900287477240431,4.81401537638669e-06,0.00686839000157919,0.363575070242791,3
"19949",0.104959734520472,0.864458124772636,0.00141177591523775,0.000131255026406854,0.0276955969092284,2.83060281515102e-06,0.000439797499123072,0.000900800331312914,7.63828425972903e-08,8.03992617079822e-09,2
"19951",0.00969258205431151,0.0419103615646843,0.00104461791034211,5.5080902904279e-06,2.83774069190596e-05,1.90029680017417e-06,0.849247527188088,4.65076724756958e-07,1.80571864602656e-06,0.098066854693194,7
"19953",0.000552520700613748,0.000711362328941007,0.0118867222661848,0.0320633327043722,0.0910268427869313,0.000135628892656708,1.60409251767361e-06,0.863621983116678,2.78691098414789e-09,3.24193435970611e-10,8
"19955",0.00150104589562584,0.341466028584414,0.414894092909255,0.00144279618414993,0.204226216277731,0.0155332026756488,9.16324189047107e-06,0.0209246534438467,2.70529488299674e-06,9.54925555046969e-08,3
"19957",0.00204413986397675,0.000204596558514606,0.111140587919768,0.00640141837702582,5.85730995884736e-06,1.96527566652473e-06,0.494318544924794,3.7136956536759e-05,6.96359922518739e-06,0.385838789214534,7
"19960",0.000109827362270271,0.00505955366609602,0.769200080978295,7.03160871750008e-08,0.222383084706739,0.00305762384812101,9.09069760096032e-05,5.21386461462934e-05,1.12006181825805e-05,3.55128820528444e-05,3
"19963",1.21764785863822e-06,7.34570719795489e-07,4.08605389585739e-05,0.0467549380733608,8.88671772711538e-07,0.0049919090575389,0.00105683089951817,0.000916659328141431,4.51159436408598e-06,0.946231449617767,10
"19965",0.000202218850204061,0.0928791685407822,0.0163935444600267,5.27637892680703e-07,0.873088404959506,0.0172516761581217,7.23613261173974e-08,0.000173651347706818,1.07353394223449e-05,3.45011293898115e-10,5
"19968",0.00104603834295535,1.40135083458866e-05,0.00167549517636878,1.33977329410281e-09,4.81254138182711e-05,7.92428296281999e-05,0.0421709895236485,1.0211582399867e-10,0.264542008388107,0.690424085375239,10
"19971",4.07763526870241e-09,8.52383187521776e-06,2.77262874020549e-05,2.67436128652505e-06,1.50073221756884e-06,0.00192630297124216,7.14437158420932e-05,0.000138605809151516,1.39732991723568e-08,0.997823204240048,10
"19973",0.349733272655001,0.000289550723143459,0.0021544951717524,3.32833225817225e-06,4.71316936385747e-06,4.79560734059792e-10,0.647685844387015,5.84305558100127e-09,1.46083886013883e-05,0.000114180850248203,7
"19975",0.000765461977446434,3.41718816262112e-05,0.000365442072661424,3.78629920102264e-08,4.19547249491373e-07,7.03005434945948e-08,0.478318460483333,4.52061386737206e-10,1.43499145702163e-05,0.520501585507516,10
"19977",4.71575298419039e-06,0.000397068583432529,8.36376198709739e-06,1.0872774364933e-05,2.63855661742454e-07,0.000140921229279804,0.0027610303384829,4.83581534747957e-07,1.80486006503593e-05,0.996658231521622,10
"19979",4.031366372349e-08,9.97451920667027e-06,0.0789426198159968,4.96144884390383e-09,0.820695384805196,0.0960613540409537,8.14615261821576e-08,0.00429043535461011,3.10858584194682e-11,1.04696312386038e-07,5
"19981",0.366784410521653,0.000213206236061999,0.598897855851596,3.01342073073152e-05,0.000482298541677233,6.41155986919316e-08,0.0333592038201049,2.56907971074773e-07,0.000226940238199868,5.62955983000805e-06,3
"19983",0.712457315732644,0.13389545367522,0.145791996147754,5.30645232055853e-05,0.00200112287260663,6.78150093188175e-08,0.00566175909595347,2.70702065673642e-06,0.000136288306476763,2.24810473145119e-07,1
"19985",0.00318378915236525,2.83634458037885e-05,3.25308414600394e-05,1.64153244097046e-06,9.10990008569215e-09,2.65690493527941e-10,0.926226980518702,4.01296102342866e-10,6.57098968592382e-06,0.0705201137426551,7
"19987",0.0468883349821151,8.74822622672752e-05,0.431249273962039,8.63438765561929e-06,0.00200964718328641,8.96367985189185e-07,0.51839965687165,5.88310914696807e-06,6.16642635355526e-07,0.00134957423121902,7
"19989",2.67344095430525e-06,2.67036661564679e-05,0.0058565036144619,1.7856232631754e-07,0.98243708787306,0.00115554134304835,1.37887392715061e-08,0.0105212976821878,1.72289484511659e-11,1.18369697426038e-11,5
"19993",0.0199556081288387,0.783333736429089,0.029775687186352,1.60572786095368e-06,0.0399214640609088,3.35407316819068e-05,0.126153268011544,0.000180539160035351,7.52142004226864e-08,0.000644475349488078,2
"19995",0.0444826852324106,0.0462190967226995,0.514318764908885,4.84273381816631e-06,0.334658670932819,0.000953635849158961,0.0588142042814025,0.000111969255605758,1.69475261588734e-06,0.000434435330584901,3
"19997",0.286704064740878,0.000137009896391485,0.000444387995885872,5.26782928620525e-05,7.7493592107566e-07,5.84245730918896e-10,0.712434457101208,1.29588930085192e-08,1.13380733663666e-05,0.000215275420348806,7
"19999",0.112166259563698,9.91833634853174e-06,0.000136164988192564,5.14716768461184e-06,3.16357750971459e-08,3.39610899297843e-11,0.885949103020839,1.65808265786405e-10,0.000345903509794286,0.00138747157789881,7
"20002",1.2736702803464e-05,4.7534922461279e-08,1.00811888195264e-05,7.13126846132117e-07,2.58427204293268e-06,0.00598578150256192,0.000667832585168088,7.97892653283496e-09,0.308823092175093,0.684497122932816,10
"20004",0.00577273066982237,3.43293712413664e-06,0.929017316593242,5.78365125760195e-07,0.058528581289158,0.000286284733000836,0.00620792207391696,3.2033401310163e-06,3.72119696591012e-05,0.000142738028819213,3
"20006",0.00119062759577216,0.430135908604961,0.510266662110113,4.51340590768141e-05,0.0494629379616967,0.00773554355463716,0.000180309158520394,0.00028910056181671,0.000607788532969555,8.59878604372558e-05,3
"20008",0.00259501696135283,0.847547754828796,0.00109429145236902,5.804241596033e-05,0.0890349912327835,0.0589037066870418,9.82956210254809e-05,0.000652552067021721,9.7630562161002e-06,5.58567743324447e-06,2
"20010",0.00522459042273139,0.44564372439407,0.131779590234338,0.000124997399714164,0.382294210322629,0.000128117734808137,0.000159520846578485,0.0346452181557058,7.59225597596724e-10,2.97301999261323e-08,2
"20012",0.0141623733674539,0.00149239089945105,6.3442792686949e-05,3.48802041073079e-07,9.36916260805483e-07,5.19596373914857e-08,0.752400066569505,1.24184680350087e-09,0.00692900953490454,0.224951377916212,7
"20015",2.34114049364618e-06,0.000829283516374999,0.00318619764207655,6.2796140425046e-11,0.986243031711144,0.00973522166278556,1.38767442297132e-08,3.86199158870131e-06,4.79633924949681e-08,4.32603382829184e-10,5
"20017",0.249846428205594,2.42200767876446e-05,0.00128713478772352,9.5648525518715e-06,2.50723934038782e-07,1.405880998356e-10,0.746281975721074,5.9750724018348e-10,0.00166691652972129,0.000883508364518247,7
"20019",9.03900793908643e-09,0.000333446546886557,0.00194313461014813,7.97251175104806e-09,0.876012089359673,0.100774202366717,4.1503357807753e-10,0.0209371095650178,3.2062274171984e-12,1.21798496847948e-10,5
"20022",0.000512148878104536,0.00370765284608094,0.68275247786325,1.93296275702199e-06,0.311498611770728,7.335458559884e-05,2.1739214285129e-05,0.00143207078769997,8.38529795770975e-10,1.02529662081118e-08,3
"20024",5.50394214311992e-07,8.65138864554872e-05,0.00294481980639266,0.000168114788533196,0.121166247093705,0.0242810132146227,6.8612282269195e-09,0.851352730408259,2.80680801356129e-09,7.39782019837203e-10,8
"20026",5.50394214311992e-07,8.65138864554872e-05,0.00294481980639266,0.000168114788533196,0.121166247093705,0.0242810132146227,6.8612282269195e-09,0.851352730408259,2.80680801356129e-09,7.39782019837203e-10,8
"20028",0.0380680006143756,1.93570499913574e-06,4.8604648404395e-05,1.31175159412382e-05,2.88892034540183e-08,9.62167784204186e-11,0.959287767042007,8.22257605848779e-10,1.78181418253532e-05,0.00256272652476908,7
"20030",6.75760732659873e-06,3.97590014667861e-06,0.27976149471627,2.37883089174424e-09,0.558488901793131,0.161689922162724,1.08647261574746e-05,1.26407673849508e-05,1.39708378467085e-06,2.40428642433798e-05,5
"20033",0.0182062094821753,4.53055253934192e-05,0.0125563523503392,2.01703533890989e-06,1.03337298762593e-05,1.19232391977416e-08,0.962160906257666,5.11599994094415e-08,3.94145981135534e-06,0.00701487107616098,7
"20035",2.979848336164e-08,0.000467520364112751,0.0018481964284707,1.04100976661418e-08,0.954060409942384,0.0136158732130345,1.05040775066675e-09,0.0300079587000165,8.05962454747957e-12,8.49335590953411e-11,5
"20037",1.77212062092463e-07,0.000406813113630887,0.000767323217065975,3.76622730444431e-09,0.986198766370785,0.0119391078421925,9.74713194719249e-11,0.000687808072859737,3.07015789152177e-10,6.89544916850829e-13,5
"20039",7.98216293683517e-09,1.26027479596878e-05,1.51866268731479e-07,0.00144955986286852,4.36292470218503e-05,2.29982035403308e-06,3.51522435744673e-11,0.998491748437016,9.68643927307815e-13,2.277926716716e-13,8
"20041",0.00226774738636772,0.983979051076717,0.0128513967500762,0.00015740897083523,0.000386440057917897,9.49682265938142e-07,0.000245313905635115,0.000110451829363632,4.79676791650268e-07,7.60664029160658e-07,2
"20044",0.00424477803148617,0.88427047643005,0.10238922909472,0.000580700976842195,0.00254956247981349,1.0046381835443e-05,0.00454940240274543,0.00131532964346099,2.83863698810998e-06,8.76359220578804e-05,2
"20047",6.52238154549304e-10,8.75708643915864e-06,0.00305531819713912,2.00161974950992e-08,0.260098085938292,0.690322643689605,4.665159550596e-10,0.0465151706170102,1.47875369150089e-12,3.33508400876065e-09,6
"20050",0.000345926527977466,0.528252889228168,0.00118352302810409,0.00115416792415492,0.0198754472992547,4.88117237330636e-05,0.00017585807501439,0.448963137303127,1.70736712233916e-11,2.38873392724964e-07,2
"20052",0.0753409263994525,0.0165409000879895,0.130538037340965,0.000494773007920038,0.000729330701327625,1.20523755252991e-06,0.774994828170641,9.89780842321934e-05,4.61232103678896e-08,0.00126097484670953,7
"20054",4.14474408819414e-05,0.00010075806786806,0.630706969615097,6.92187207652164e-10,0.36697765338426,0.00216458659808218,3.42257111615231e-06,1.21351598932267e-06,3.73515765037471e-06,2.12956867331451e-07,3
"20056",1.35651710546207e-05,1.24556790301872e-06,7.80560471750278e-05,1.89071613096564e-07,3.21898908805826e-06,9.32035778433193e-06,0.0551685356159245,1.32585630895268e-07,8.84057992922916e-08,0.944725648188027,10
"20058",4.00030808637062e-06,5.12859729537184e-05,0.00576767134965266,6.05152455235966e-08,0.99115861626817,0.00103173608444862,3.46379236425239e-09,0.00198662573379411,3.01638471648504e-10,2.2184604251145e-12,5
"20060",0.853804574370734,0.000547967255056103,0.00159324463869047,2.86274636347813e-05,0.000122455654501217,2.64128392250511e-09,0.143896044090735,5.23498691639048e-07,3.5506324091068e-06,3.00975426401293e-06,1
"20062",0.819719600209081,0.134739607246026,0.00607515210352289,1.10435362977625e-05,0.00125896523503397,7.08987578132247e-08,0.0381886761667179,1.15568074129409e-06,4.57023814280687e-06,1.15868567874461e-06,1
"20064",0.000814489664531345,9.34464568341569e-05,0.887462320474013,1.1684362695251e-07,0.110703900716122,5.92502928963035e-05,0.000837416616212729,2.68023160283526e-05,6.01373040416739e-09,2.25060600498551e-06,3
"20066",2.44569319470575e-07,2.39183006046379e-06,0.0699706737933902,6.78807129907257e-10,0.769817474642984,0.160114097773197,3.91573857900374e-07,9.25521782976932e-05,1.35842640208654e-07,2.03711744641696e-06,5
"20068",0.980689498404465,0.00163167079775289,0.000181121724485573,2.4788193000604e-05,1.88097719851626e-06,8.31525898673428e-11,0.0172381498061713,4.78223927993715e-09,0.00023262866318386,2.56568350556674e-07,1
"20070",0.973176391702027,0.00332589890628495,0.000168819810299475,0.00730879324559186,3.96063776679546e-06,5.96726454044027e-10,0.0160081840720043,1.43677585340001e-06,6.39183261404882e-06,1.22420832522824e-07,1
"20072",0.000663359515107265,0.00363641357560519,0.0227199848670747,5.77887416399821e-08,0.968432523537681,0.0032307416990273,1.00028008754873e-07,1.08416613759068e-05,0.00130597707943464,2.47943397338606e-10,5
"20074",7.52060809297944e-08,1.43445911423603e-08,2.12421386564149e-08,3.51707472097955e-09,3.58402645292591e-11,3.23103523326941e-08,0.000459731878305734,2.10002938847628e-12,6.46588177775215e-05,0.999475462645739,10
"20076",0.00311159195579332,0.000160671983358263,0.110173773181154,6.08626921056762e-08,0.000174062909029652,0.000172528506371317,0.0572533581424675,2.01043295921193e-09,0.374421977301928,0.454531973146773,10
"20078",0.00268733439589251,0.0010615486966297,0.900141173345806,3.95867286264344e-05,0.0944952127789264,0.00051200615529587,0.000553662877196566,0.000507710268119339,3.96805276201131e-08,1.72507297959565e-06,3
"20080",7.81826739563425e-08,0.000178831675521626,0.00851224768713393,6.83921392865332e-09,0.973530186240072,0.00846092530013591,8.42702847944133e-09,0.00931771535153227,1.11773694603005e-12,2.95570101700315e-10,5
"20082",6.22360282585681e-08,1.67928260776231e-06,4.78001119923451e-05,0.000838928041414532,0.000281679781768307,6.16320794928828e-06,2.3442094005486e-08,0.998823663700276,7.71211529974588e-14,1.95792123938432e-10,8
"20084",4.6560356175354e-05,0.000111722770816959,0.971400329921834,4.76747784843776e-05,0.0155027809942645,0.00681618167084863,0.00197508035719326,0.00224818656941332,5.75662116257105e-09,0.00185147682434854,3
"20087",0.0415733816531247,0.0317237281799387,0.169562038860187,2.35004129966206e-05,0.755954854909601,0.000940158796914371,3.47683620325906e-05,0.000182108414384582,5.45521896503121e-06,5.1918548545419e-09,5
"20090",1.23276923734811e-06,0.0701121967500334,0.00319537941737331,3.89018518417623e-07,0.775871747902028,0.00422529864289631,1.28662216942346e-07,0.146593625083401,2.63574759240018e-12,1.75166015156199e-09,5
"20092",0.0332058946306526,0.0167542022847868,0.00192477932909832,0.942201857331768,0.000444429177120102,5.92433396112917e-07,3.14154840113581e-06,0.00544909093207838,1.60122664522511e-05,6.62464903295405e-11,4
"20096",0.0140359333741719,0.0138455458792845,0.0178774052312227,0.932381414090394,4.07828838292541e-05,2.20341003690579e-06,0.0177198321022809,0.00400463638624351,1.96438828088122e-07,9.20502037086669e-05,4
"20098",0.0105499630361883,6.60880444278421e-05,0.00140595650930558,3.57573472139838e-06,1.71991079743932e-06,1.15722787883183e-09,0.984069596167633,7.53741764577056e-08,2.60665206871995e-07,0.00390276340031555,7
"20101",2.52519984627882e-06,0.00106161485228122,0.330293889201411,3.56577575122297e-07,0.56542671394846,0.0915704543707825,3.36063097008628e-05,0.0115780490914363,1.90534464715843e-10,3.27902579721219e-05,5
"20104",0.00666028817762165,9.27976763274859e-06,3.40792688715939e-05,0.989218999293232,2.37748459773949e-08,3.31816652229198e-09,0.000316779934840153,3.79802837793024e-06,0.00375539069507551,1.35774133588536e-06,4
"20106",3.55106230316801e-05,0.0107190949027217,0.21946374635848,7.20604908579736e-09,0.767356471777329,0.00205894633723368,8.82282899386828e-05,0.000274221495215729,5.89414384317079e-10,3.77242058693097e-06,5
"20108",0.227329760709538,6.65894021357245e-06,0.006451290874598,8.08904981845562e-06,1.49747395771615e-05,9.29556013179723e-09,0.765585155957228,1.45422896620515e-08,5.27112628631443e-05,0.000551334628313559,7
"20110",0.0114656014972854,0.48371710695445,0.00557896763185819,0.120041966830952,0.00012410401292621,7.04273307645325e-06,0.356595851918493,0.0132706210525046,1.34973002432845e-08,0.00919872387115406,2
"20112",0.00168721929595121,0.399671682737165,0.0207628357655371,1.19091486843795e-05,0.554748329431258,0.000505832566146339,0.000326404957838347,0.0222854451154998,1.05250326220815e-09,3.39929416667327e-07,5
"20114",0.000134576343396536,3.16853690026651e-06,0.985717003932577,4.41872883853392e-06,0.00603447375544685,0.000189346320366576,0.00641407758158463,7.88657588995424e-05,2.8056108942989e-08,0.00142404098588115,3
"20116",3.04125311181601e-05,1.38968911853736e-05,0.975592779756571,4.47914369777314e-09,0.0199086959389108,0.00250639938317504,0.000616113625533167,8.18764558400713e-07,2.33435975038664e-06,0.00132854427005425,3
"20118",0.0105442816017568,0.000106490112540035,0.746209941028383,1.83889928588085e-05,0.000686069336198217,8.20759162631031e-07,0.241170942326421,9.6440417030761e-06,9.75066501464415e-08,0.00125332429432666,3
"20120",0.000142426865809839,0.0107112931718818,0.425519594923851,1.23221784882929e-05,0.409509515553885,0.000781872125550569,0.00215263973754792,0.151116824667379,6.46268598823854e-11,5.3510710979275e-05,3
"20122",7.09581949957149e-06,1.9178176485326e-07,8.72097921254325e-05,2.20832552923967e-08,1.34498950227716e-08,3.89527522826278e-08,0.0323020683037678,1.64390561039531e-10,4.07426886333508e-06,0.967599285383686,10
"20124",5.38306792212991e-06,0.000734792493731971,0.0691709293242327,1.97321740898905e-06,0.905725531174981,0.0188401637890378,5.14928310065207e-09,0.00552121228227557,9.47254928115511e-09,2.85774379499038e-11,5
"20126",9.47479439344941e-08,5.65564880249911e-05,0.0022476595331375,0.0407086189396166,0.000441346218984706,0.00181228551468257,1.11360861026076e-08,0.954733403187031,7.80995738344161e-09,1.64245349371117e-08,8
"20128",2.06159700575899e-10,2.26383200398522e-05,3.96083686410978e-05,8.65588023514674e-06,0.0137396802221625,0.133495522417784,3.5340933465022e-12,0.852693894567174,4.93415012465591e-12,9.33587628670088e-12,8
"20141",0.0137288377011694,1.45300760902652e-05,0.00238511157214755,0.768641232113906,1.20390763371787e-07,1.1507588598217e-09,0.213792650062341,5.11515986279594e-05,4.9879395736706e-06,0.00138137739462191,4
"20143",1.73285963166049e-08,2.0856930663725e-09,3.69467769571695e-08,1.60261085242287e-09,4.26489874376644e-11,1.03163762471008e-08,0.000568588991001072,6.86456078077122e-12,7.95776482619548e-07,0.999430546902949,10
"20145",0.000729038545968183,0.0063058744626434,0.34445748851894,3.30721038255501e-06,0.637298421291657,5.8512293549744e-05,0.000177065972057885,0.0109702344703025,4.77641674902575e-11,5.71867344674994e-08,5
"20147",7.37428978866904e-05,0.000288997744181449,0.738179877207794,6.53036622428574e-08,0.261100261215801,0.000197835420773148,1.86054274697657e-05,0.00014055336714946,6.76502473140273e-10,6.07387798414619e-08,3
"20149",6.47690509542254e-06,3.11429389506308e-07,6.42676938516455e-06,1.95901821115852e-07,1.05738263105199e-09,6.36302363128354e-09,0.0372262342891548,1.5493733981837e-10,2.05197614245762e-06,0.962758295153668,10
"20151",0.0332959059475171,0.00011055728680663,0.000813057823570804,1.87607004764396e-06,5.31930689815255e-06,2.5594858490369e-09,0.964474273120023,4.12635498200422e-08,2.81163541724917e-07,0.00129868545855964,7
"20153",0.00240983791303454,0.00113287459319359,0.000921932185057437,0.0012018452650613,1.60060576314913e-05,2.00455098837666e-07,0.970940446584891,0.000359302761961232,1.11597334997307e-09,0.0230175530680972,7
"20155",2.6092873374203e-05,0.0794554296022632,0.22178809434073,3.68202745038598e-08,0.696756039372383,0.00150375299080486,1.00504615724353e-06,0.000469533395916208,4.69769435345326e-09,1.08604027279084e-08,5
"20157",0.00438818238912156,6.08754900872858e-06,0.000186917144458835,3.45304709796848e-06,9.63044999027604e-07,2.84508747972016e-09,0.981981730965155,7.20005299219036e-08,1.43899404211537e-07,0.0134324471151374,7
"20160",3.15772200295749e-08,4.56534949568604e-09,1.32640495248556e-07,3.3872189387218e-09,1.46596781943201e-10,1.41300195023295e-08,0.00133190703295884,3.66553726297304e-11,1.11103741461451e-07,0.998667795379744,10
"20162",4.1916167157686e-05,1.62906933482852e-07,2.72589245479308e-06,1.20519695559201e-07,8.642721183995e-10,6.28827766908838e-10,0.202614919409116,6.45349861681052e-11,3.28369876727515e-06,0.79733686984824,10
"20164",0.00133908267068387,0.000979068148394264,0.00017436868802829,2.05341136158421e-05,1.70193343642746e-06,4.12547103199323e-07,0.655704967723685,3.95594702758929e-07,6.18649309552203e-07,0.341778849931041,7
"20166",1.98716678214883e-06,2.79567251157716e-05,0.0274343132299237,9.76999239104952e-10,0.207733611267931,0.764478603210042,6.54195791122767e-06,2.55219442087515e-06,3.50118323241686e-05,0.000279421438549875,6
"20168",1.95697818895098e-06,1.61504490898017e-06,9.90043762861105e-05,1.56734645451092e-08,7.91218564076879e-05,0.110521916151091,1.06370886151878e-06,5.30826455001974e-09,0.888625237646545,0.000670063255982347,9
"20170",0.00675218198476576,3.10875698837482e-05,0.00457013323983205,4.79337705552472e-05,6.70176644176045e-07,1.31689119356568e-09,0.981636039480863,2.29017050931685e-07,8.77029593181489e-08,0.0069616357405547,7
"20172",0.000712871137760087,0.000742413690537957,0.308409890681899,1.1452002958136e-06,0.688646074518423,1.44276417185888e-05,2.25560469258428e-06,0.00147092049419639,9.52566118406786e-10,7.79094970491686e-11,5
"20174",0.0779449646238576,4.87680585386066e-06,9.94175581437423e-05,1.6427027379866e-06,3.98544617694597e-08,5.44936122755688e-10,0.75894140175594,3.20817820294305e-11,0.141623638456392,0.0213840176655952,7
"20176",4.76887649697855e-05,1.25629447022989e-06,6.04010458074624e-06,8.18783170376242e-09,7.06419291257204e-06,3.88372224578025e-05,5.69838687988597e-07,1.1731976336879e-10,0.999898057127874,4.78148895035233e-07,9
"20178",1.10159647463802e-08,5.58961170807748e-09,8.92602475712972e-08,3.41243068485124e-09,1.41558280635237e-10,2.28225145617224e-08,0.00067781073110886,8.66339026365244e-11,3.86039441981051e-08,0.999322018335985,10
"20181",1.75429184658172e-06,1.26574569075032e-05,0.471951224654273,1.39265340644911e-09,0.289850684381395,0.235415694111719,9.37605878557176e-05,2.19148302248662e-05,2.41910373145848e-07,0.00265206638275181,3
"20183",0.960788327472202,0.00134069738512422,0.0229406520854887,0.00193461983830411,0.000431457539215146,2.01995850103932e-09,0.0125298891623155,3.39397293421009e-05,3.89734700210956e-07,2.50333490712475e-08,1
"20186",0.99346464230353,0.00203072230164082,0.00132427327822916,0.00187895325474055,0.00113474415497389,1.71912656833303e-08,5.56051304560338e-05,1.49086882381678e-05,9.61336505637201e-05,4.63622130506394e-11,1
"20188",7.62680342783657e-07,4.75267852484052e-08,2.48015906468853e-07,2.84903838877661e-08,4.6683468340111e-10,6.80777775257753e-09,0.0145100818191471,1.48132807818556e-10,1.19835027005225e-07,0.985488704209662,10
"20190",1.78354426747031e-06,7.06273077781168e-05,0.0164049082242896,3.07157143042675e-10,0.98087752834523,0.00259602541580719,1.80240950588557e-07,4.89406338210772e-05,1.11290139434568e-09,4.86779735294026e-09,5
"20193",1.519991796513e-06,3.81928391841896e-05,9.38729900152462e-06,9.92262897094764e-09,1.34385073236835e-05,0.0416911003119191,0.000260001245514366,8.11388989294888e-09,0.00454658977783135,0.95343975199091,10
"20195",0.00375665544081533,0.00237693845555426,0.00130202590620853,2.19526435870317e-06,3.27878099574686e-05,9.45030390795841e-07,0.903239663850379,6.78796837147461e-07,3.09025761007446e-07,0.0892878004197384,7
"20197",0.000595291214281083,0.0140536487590341,0.158356256098241,3.76896896204127e-07,0.826262796139119,0.000132405329876889,2.38436540893875e-06,0.000596836968665625,3.87804201874798e-09,3.50434923966413e-10,5
"20199",0.000720482736702892,2.42477280164969e-05,5.96971519772591e-05,2.38276336964416e-05,1.42784763998086e-08,9.91239757578384e-10,0.846821408562826,2.46724873550258e-08,1.56662697609204e-07,0.15235013958188,7
"20205",1.97836852374737e-06,0.000711888166528137,4.90224634943678e-06,0.043344550926906,3.07670190317215e-05,1.68772327581876e-07,5.1548322722338e-08,0.955905692922566,2.12168995098224e-12,2.73228331865222e-11,8
"20208",0.200493305000258,0.00152264188742463,0.0103545987917809,5.91906529351669e-06,0.000123554163149138,2.99916110080358e-08,0.787006954032136,3.99835075624719e-07,8.7084372060886e-06,0.000483888796064715,7
"20210",0.00016059163068415,9.42922078791329e-07,1.06708609165315e-05,3.59004789436125e-07,4.73654287421118e-09,7.00568321016633e-10,0.52892666120144,5.2287269823085e-10,1.01786275709841e-06,0.47089975055735,7
"20212",0.00199767460670649,0.000106449469488107,0.0002317321757904,1.32223871625977e-06,1.41042311466716e-06,4.06254119124691e-08,0.898778192561176,6.23759809672471e-08,6.29370904743149e-07,0.0988824861527106,7
"20216",6.99755242519249e-05,5.76308461938651e-05,0.734894790223706,1.80146775499593e-08,0.264598899756859,0.000247414861857608,6.81803002990772e-05,6.16676030430093e-05,1.65908306746968e-08,1.40627828078341e-06,3
"20219",0.000440672739794409,0.014177934110768,0.130011307236177,0.0102954390307763,0.0705774891742928,0.00121875438461205,0.000310776940584384,0.772965994648797,1.063376561047e-10,1.6316278599891e-06,8
"20223",3.4608248316625e-06,0.000742165456021399,0.00019280180965859,3.84412416304383e-08,0.733666853813267,0.265197072118599,1.12203895436104e-10,6.47581574708954e-05,0.00013284926174092,4.96501632368416e-12,5
"20226",0.00806903546558577,0.986915811740941,0.000583805631307961,9.81422007697978e-06,0.000531099039257903,3.07308240852296e-07,0.00384801025520782,3.98367085754582e-05,8.59575343479933e-09,2.27103505298106e-06,2
"20230",7.13306976208667e-07,1.93169804059793e-05,0.00465104857593329,1.35655052191202e-09,0.99042692291164,0.00466446944944746,1.82898111017624e-08,0.00023750832832099,5.13519303926712e-10,2.87395033796689e-10,5
"20233",3.90008873875673e-06,1.03015103567278e-06,1.00507077452155e-08,0.99979091296262,4.52612592459407e-10,1.39202310253857e-10,1.76191653239702e-06,0.000202375550629624,4.65757645803529e-10,8.22216268266357e-09,4
"20235",0.000349155311334537,0.0939438913420915,0.0234449434920231,0.000327181119684838,0.8228677423906,0.0280588788922741,2.79333829634574e-08,0.0309841466164115,2.40328400571826e-05,6.21401237505465e-11,5
"20239",0.0218259549620817,0.170364809997235,0.23467216351953,4.56118988573466e-05,0.55429996640442,0.0175228559348626,1.19893432053837e-05,0.000134665269048257,0.00112194086612098,4.18046386401681e-08,5
"20254",8.64039660533081e-09,7.95860453449559e-06,1.38427631104048e-05,0.000160204062290128,0.00034184374438933,4.45744978390039e-06,1.03559920030638e-09,0.999471683692306,7.48627601079455e-15,7.58246218236488e-12,8
"20256",1.77927432870155e-05,0.000150813356965091,0.279285588156518,2.42715706986521e-07,0.718579536422031,0.00152121626991325,2.08591448504332e-08,0.000444763767671208,2.56728971924425e-08,3.5865597517849e-11,5
"20262",0.00244997977922686,7.86108361007981e-06,0.000700376681809121,1.46808150794942e-06,3.25477144293689e-07,1.04980081964512e-09,0.97626431669424,1.53232035782642e-08,1.16957519506394e-07,0.0205755388719379,7
"20270",0.00549733243328852,0.000162145869778051,0.0432925955275622,1.26527133174001e-07,0.805799789811682,0.140367802392201,0.00315110895191182,1.01678549972798e-05,0.00101504763718189,0.000703882994264237,5
"20284",0.506368862571396,0.0280502573963625,0.00416414510502816,0.361171854030334,0.00407714677497914,2.55962975003181e-07,0.0150500243518572,0.0811172990081606,2.23554016930375e-08,1.32443506137435e-07,1
"20287",5.11098382202589e-08,0.000702626832872065,0.000316633386977567,5.19506587449786e-10,0.892167514794717,0.106567035744751,6.76838901741162e-11,0.000246135489405953,2.04776101963547e-09,6.4866983197753e-12,5
"20290",0.00010486716505446,0.00420908323867032,0.000183974952971044,0.0224376422344789,0.000366467854543319,4.26061172938777e-07,0.000266692520020796,0.9724304640826,6.10099637323336e-12,3.81884387591891e-07,8
"20293",0.00125561394103838,3.72987954973262e-05,0.970765094213969,7.38114767583569e-06,0.0277174709910668,2.61512523916121e-06,5.89021718405718e-05,0.000155603115556624,9.56664120146823e-09,1.09314753568287e-08,3
"20296",0.0390267862898264,0.000211714387862672,0.0799576258845974,7.58913239790428e-08,0.000301792972086135,2.81237850189113e-05,0.623005427941398,1.77321027445024e-09,0.0157301812395371,0.241738269835139,7
