"","V1","V2","V3","V4","best$classification"
"19812",0.515223598888218,6.1169138760759e-06,0.0106707315407191,0.474099552657187,1
"19814",0.573166987005341,0.296402610334875,0.00408912647302388,0.12634127618676,1
"19816",0.786928225375292,1.91363834354452e-17,0.0257590595544992,0.187312715070209,1
"19818",0.952127275813502,2.07617218083886e-07,0.00786530902079369,0.040007207548486,1
"19820",0.968238314286262,2.77848524271647e-40,0.0267769685954822,0.00498471711825541,1
"19822",0.00387835287109527,3.35969332058016e-58,0.99552173558842,0.000599911540485082,3
"19824",0.740401559975668,3.57355273965591e-32,0.259597340282638,1.09974169483972e-06,1
"19826",0.926608260178826,1.12127296586796e-09,0.0475944895857892,0.0257972491141124,1
"19828",0.867332418159087,3.11821234009961e-27,0.0108666762425367,0.121800905598376,1
"19830",0.338862956514356,8.8188617861716e-15,0.185941953316418,0.475195090169216,4
"19832",0.000144899722448905,1.0273295992297e-21,0.0458257834060771,0.954029316871474,4
"19834",0.476880900637185,5.99485181967433e-22,0.0238775946405513,0.499241504722264,4
"19836",0.955716197314309,7.44149804883197e-14,0.031148473506672,0.0131353291789446,1
"19838",0.0238093574577646,0.860543162641361,0.00240912899253004,0.113238350908344,2
"19840",0.800591319017596,2.45647552825364e-19,0.120459895096345,0.078948785886058,1
"19842",0.00364563999164663,0.988842937541179,0.00751141971918121,2.74799325199897e-09,2
"19844",0.000538344663932423,0.000132999644654732,0.999328655691413,4.85441734799054e-19,3
"19846",0.0199161928026337,0.979059380435925,0.00102382559601909,6.01165422238191e-07,2
"19848",0.00868628900260688,0.991044203187608,0.000244053810548126,2.54539992372476e-05,2
"19850",0.947026966185857,0.000709237434741299,0.0483908956239379,0.00387290075546392,1
"19852",0.847517403856973,5.6209369345942e-16,0.00917264620475204,0.143309949938274,1
"19854",0.0003688768074428,0.9995941624418,1.06813906374399e-05,2.62793601200812e-05,2
"19856",0.215339022903075,5.2418641350041e-17,0.784660902526236,7.45706891933317e-08,3
"19858",0.152171629234744,1.86668042573243e-23,0.847828288728613,8.20366432521944e-08,3
"19860",0.54383366998137,4.5519188665571e-13,0.0127037356318159,0.443462594386359,1
"19862",0.000839643531233173,0.999101127409871,5.90238788241759e-05,2.05180071506056e-07,2
"19864",4.60318518552174e-06,5.10849404548452e-12,0.999995396809706,3.39805192771819e-22,3
"19866",0.740939446186328,5.09548498047547e-33,0.259017282924567,4.32708891044435e-05,1
"19868",1.48557334646628e-18,1.82841839987049e-45,0.994565948334451,0.00543405166554911,3
"19870",0.971309808268318,9.77082642727923e-05,0.0217476847371404,0.00684479873026881,1
"19873",0.945692003202033,7.74340588237533e-16,0.0349684759489968,0.0193395208489694,1
"19875",0.572092927470018,1.91650550985158e-22,0.00877026067491709,0.419136811855065,1
"19877",0.928108191083625,1.47009544762405e-10,0.0100173660681361,0.0618744427012291,1
"19879",0.934038542481001,1.60850221894097e-24,0.0245256065842903,0.0414358509347084,1
"19881",0.95786286910027,3.67063041983506e-18,0.0406296087495638,0.00150752215016618,1
"19883",0.944931688263971,7.10013540088168e-05,0.0548284300556745,0.000168880326345199,1
"19899",0.832937136623386,1.3884147037358e-23,0.071583428498344,0.09547943487827,1
"19908",0.00018990266421737,2.19403295018397e-42,0.999810097333768,2.01436057607249e-12,3
"19910",0.949108507442165,9.30695801268488e-14,0.00778075187056208,0.0431107406871799,1
"19912",0.555082612017956,0.191888022957142,0.253028170744064,1.19428083750356e-06,1
"19914",0.75991460416385,2.98837482036994e-30,0.0266937369601765,0.213391658875973,1
"19916",0.0202607513775139,1.69179244338264e-43,0.979739248622273,2.13504290875805e-13,3
"19918",0.966050179983188,0.00221529125678556,0.0316154993143064,0.000119029445719871,1
"19920",0.0144887951833665,0.984082897148719,0.00142799225392507,3.15413989642536e-07,2
"19922",1.43638191566324e-09,1.33368348218197e-16,0.0190270704791594,0.980972928084458,4
"19924",0.97792165015967,1.37148819970555e-13,0.0156876166607064,0.0063907331794861,1
"19926",0.445828583873044,9.27679469791178e-33,0.242929050948598,0.311242365178358,1
"19928",1.21708468440467e-08,9.80228684539164e-05,0.999901964960699,1.33041328920245e-26,3
"19930",0.507826173486491,0.369676166959082,0.00482868625177467,0.117668973302652,1
"19932",0.00128993400859919,0.998227951149189,2.45907530539299e-05,0.000457524089157975,2
"19934",0.688217955622409,2.02147794294814e-22,0.0128156268666801,0.298966417510911,1
"19936",0.497726662535746,7.721378165027e-10,0.0210704047588202,0.481202931933296,1
"19938",0.564469800056884,5.33235622169678e-56,0.434711586760962,0.000818613182154456,1
"19940",0.982829467925108,1.6074332226334e-11,0.0161340000487858,0.00103653201003182,1
"19942",0.000392193439685072,0.000157492060120364,0.999450314500195,1.04586819377161e-19,3
"19944",0.936440977144913,3.15198597430451e-23,0.0200848060155749,0.0434742168395115,1
"19946",0.950669382657016,3.0018622620011e-18,0.0236666589151486,0.0256639584278351,1
"19948",0.000404253223877917,0.705159690322683,0.29443605645344,6.04751771490849e-19,2
"19950",5.83095393505205e-06,0.999964943383778,2.92256551088134e-05,7.17827704191197e-12,2
"19952",0.000404253223877917,0.705159690322683,0.29443605645344,6.04751771490849e-19,2
"19954",0.0270321635829324,0.96990921271064,0.000222007843416083,0.00283661586301203,2
"19956",0.0147165891256017,6.82377878320836e-13,0.985283284526853,1.26346863020364e-07,3
"19958",5.43778044925158e-18,3.31470271741814e-35,0.756273214900262,0.243726785099738,3
"19962",0.824029081312167,2.30824083255139e-24,0.17066635071683,0.0053045679710031,1
"19964",0.94322325630991,3.12127787489647e-17,0.0565725255566084,0.000204218133482035,1
"19966",0.71338548906967,1.63401916330586e-40,0.286599229367995,1.52815623354517e-05,1
"19969",0.95420442650269,2.69002624034122e-06,0.0325507903341091,0.0132420931369601,1
"19972",0.7753822537267,9.50701607689176e-08,0.22461721348258,4.37720559956604e-07,1
"19974",5.30602531769889e-05,0.999771154660952,0.000175785085866615,4.23800543621797e-15,2
"19976",0.970793394512307,8.67944245065179e-13,0.0247566987655293,0.00444990672129538,1
"19978",0.953149450150511,1.95944071864962e-13,0.0332843934105096,0.0135661564387831,1
"19980",0.000907662071879843,0.999053326560975,3.50103867394514e-05,4.0009804055991e-06,2
"19982",0.737755345886733,1.9230953906442e-10,0.261485612618092,0.000759041302866451,1
"19984",0.11441511434132,0.000262039913046818,0.885322845705101,4.05320686379658e-11,3
"19986",0.9353726571594,2.85679983166203e-47,0.0546063779017213,0.0100209649388783,1
"19988",0.852359332803909,5.77652747819938e-45,0.126295667375669,0.0213449998204214,1
"19992",0.933110178645782,6.55484878474509e-37,0.0447547896445721,0.0221350317096454,1
"19994",0.130080199677103,0.795195557194835,0.00163352646948017,0.0730907166585818,2
"19996",0.958553698124289,2.24371848466372e-32,0.01000025111708,0.0314460507586315,1
"19998",0.394263140506803,7.03515242438548e-29,0.605736636842031,2.22651166371682e-07,3
"20000",0.000300539618446128,7.34824003443178e-18,0.633968596435782,0.365730863945772,3
"20003",0.570510339133711,0.00158369842442215,0.0156831358722769,0.41222282656959,1
"20005",0.000953806438968137,0.998989448347266,5.65142085712334e-05,2.31005194697691e-07,2
"20007",0.810720246045652,1.5374484257056e-24,0.026707611421028,0.162572142533321,1
"20009",0.412115871144311,9.62683654219404e-51,0.587880647201036,3.48165465388831e-06,3
"20011",0.921150156657334,3.17968942011968e-11,0.0787904736681252,5.93696427439518e-05,1
"20013",0.964086733974495,0.00148402001587347,0.014701861459196,0.0197273845504357,1
"20016",0.265603891052978,2.59918148566541e-51,0.733979675275588,0.000416433671433674,3
"20018",5.14205047801211e-16,4.5882564765899e-69,0.997703960553277,0.00229603944672244,3
"20021",0.676508923406022,9.90107060069626e-20,0.00998647167581408,0.313504604918163,1
"20023",0.849375906786874,1.8537190147623e-32,0.0272743423483104,0.123349750864815,1
"20025",3.91956208863925e-07,7.36268770156386e-67,0.845592340939174,0.154407267104617,3
"20027",0.568966907610605,0.378755919657609,0.0520506158675019,0.000226556864284029,1
"20029",0.256453413100484,0.722987920746885,0.0205195671132841,3.9099039347272e-05,2
"20032",0.132902835417407,0.850360289299864,0.00572143491847838,0.0110154403642499,2
"20034",0.00597027856469814,0.473409408415996,0.520620313019237,6.88911493739188e-14,3
"20036",0.663042732663796,6.19213892780594e-17,0.3368352055288,0.000122061807403241,1
"20038",0.200771865522062,3.01716302478635e-30,0.010524353951009,0.788703780526929,4
"20040",0.000142894332600548,4.65854610780348e-61,0.999857078894521,2.67728781735481e-08,3
"20043",0.538884719505092,5.92314588623472e-22,0.00816236552448677,0.452952914970421,1
"20045",0.148626643854049,3.02530800325671e-43,0.713678473610749,0.137694882535202,3
"20048",4.871688416987e-07,0.999533629686714,0.000465883144444561,2.03822530455877e-16,2
"20051",0.32627422201324,9.47978325060453e-15,0.0387661222251586,0.634959655761592,4
"20053",0.927598972304521,1.33386904496165e-35,0.0681148980997721,0.00428612959570662,1
"20055",0.00827179750367383,2.63192849973157e-23,0.0194745996445329,0.972253602851793,4
"20057",4.27610002781402e-29,4.39696599619668e-47,0.999999623489728,3.7651027233378e-07,3
"20059",0.638403192429313,4.77019839616978e-40,0.341192776483137,0.0204040310875504,1
"20061",0.917553566989676,8.81600178531719e-33,0.0518366916435731,0.0306097413667508,1
"20063",2.4480401583918e-06,2.61633060747943e-22,0.999997551959842,2.33303360105876e-21,3
"20065",7.09043005011066e-10,7.33924677826764e-44,0.00990458121389312,0.990095418077064,4
"20067",0.599368592389771,4.22284419354336e-26,0.168594135150995,0.232037272459235,1
"20069",0.00164874189940685,0.998257371068453,8.76484663540329e-05,6.23856578645544e-06,2
"20071",0.579641017352172,1.92537153665067e-31,0.420321635227988,3.7347419840899e-05,1
"20073",0.859698142500858,2.51277211695943e-06,0.140297421331693,1.92339533236036e-06,1
"20075",8.16724328048351e-20,1.06269978132574e-41,0.0842603387264703,0.91573966127353,4
"20077",0.825904786012332,1.04676865457323e-22,0.147232283225304,0.026862930762364,1
"20079",0.551260027828733,1.12844726090388e-20,0.448563527934842,0.000176444236424767,1
"20081",0.0064489928513661,3.62461219149941e-26,0.0152480245845307,0.978302982564103,4
"20083",0.00804708790634101,2.95412992762023e-25,0.991952912058372,3.52866879863185e-11,3
"20085",0.307687571361252,2.45122016316954e-43,0.0778250110619975,0.61448741757675,4
"20088",0.580128784748614,1.10950971090513e-27,0.00876031807126614,0.41111089718012,1
"20091",1.46854431495776e-12,8.15497437355431e-42,0.0518469783334119,0.94815302166512,4
"20095",0.00416754225194943,9.06698952146918e-22,0.995832457747985,6.59934061613837e-14,3
"20097",0.0445983564854368,1.58686006505239e-42,0.0422954573691531,0.91310618614541,4
"20099",0.151303841288827,1.38439668036066e-20,0.84869615871053,6.42927274104444e-13,3
"20102",3.02781533864737e-07,1.66827008700919e-25,0.999967893755708,3.18034627581061e-05,3
"20105",0.901953366092834,9.99908205032674e-25,0.0300776696911792,0.0679689642159864,1
"20107",0.940650026598665,3.75344944756672e-32,0.0159523618411274,0.0433976115602077,1
"20109",0.841250887767329,2.09192173279866e-14,0.158748806874435,3.05358215198354e-07,1
"20111",1.16707946066158e-13,6.75468297337775e-21,0.172756030449122,0.827243969550762,4
"20113",0.885042038486564,5.94732990877259e-27,0.114631887918309,0.000326073595127568,1
"20115",0.00657773493250753,1.70526385997247e-12,0.674013164399514,0.319409100666273,3
"20117",2.12591299677727e-11,3.91429923893095e-53,0.999999996602986,3.37575440227814e-09,3
"20119",0.747386546964736,2.87703782799083e-29,0.252611401450659,2.05158460508844e-06,1
"20121",0.90747594943957,2.26335815218672e-40,0.021695094095657,0.0708289564647727,1
"20123",3.08353990054621e-13,3.91508235211121e-50,0.0318926871949237,0.968107312804768,4
"20125",0.371559399989106,0.595146307706777,0.0111247266398791,0.022169565664238,2
"20127",0.915226858232016,1.76209799663027e-36,0.0802139696171507,0.00455917215083319,1
"20140",0.0112697209754046,6.23259886979367e-30,0.24523959098422,0.743490688040376,4
"20142",0.000778594339421959,0.997733038281063,0.00148836116347908,6.21603580418696e-09,2
"20144",0.00163086138772125,1.33541491201756e-13,0.227305652943651,0.771063485668494,4
"20146",0.423471089030922,2.34766131007639e-20,0.566989589312248,0.00953932165683029,3
"20148",0.606732195727476,7.26485388646838e-08,0.0131015900553488,0.380166141568636,1
"20150",0.00111249048269344,0.998722981424774,0.00016452406784292,4.02468931624003e-09,2
"20152",0.803160402311687,3.87191531883956e-10,0.0118239951753118,0.18501560212581,1
"20154",6.71098656454897e-09,2.01490803178733e-36,0.191328390813554,0.808671602475459,4
"20156",0.67606624366223,6.26821363035578e-30,0.323228564702646,0.000705191635123776,1
"20159",4.91178715436755e-05,0.999939286327227,1.12008560096964e-05,3.94945219590931e-07,2
"20161",0.0741416029401104,6.44236702570107e-19,0.925858379114063,1.79458267599816e-08,3
"20163",0.222599950915737,2.21317573128995e-08,0.055102908236367,0.722297118716139,4
"20165",0.296326601465247,1.53017234763878e-09,0.703673329245309,6.7759271669835e-08,3
"20167",0.871062431182816,0.0339790805992058,0.0068685094560237,0.088089978761955,1
"20169",7.92673174400864e-06,0.999444152463495,0.000547920804654364,1.06302119785961e-13,2
"20171",3.44231750700721e-11,6.85037053541617e-42,0.956214103101971,0.0437858968636062,3
"20173",0.000627186513511048,3.51559243402151e-24,0.999372813486489,7.52646466650101e-20,3
"20175",0.97332435720133,4.5227074444597e-08,0.0159630706091155,0.0107125269624801,1
"20177",0.203917332585366,1.86301851449788e-30,0.796082667347581,6.70529684234473e-11,3
"20180",0.297118579313958,2.34442333512567e-32,0.0909684445250952,0.611912976160947,4
"20182",2.80075094331183e-14,3.14600868020324e-11,0.999999999968512,7.88256484486524e-20,3
"20184",0.888925476146872,0.000158501137433232,0.110888136175204,2.78865404904551e-05,1
"20187",0.00544523034824928,5.12396542733233e-23,0.99455476965175,1.0081294090097e-15,3
"20189",0.95709918429676,3.33762096563719e-16,0.040882454031286,0.0020183616719542,1
"20192",3.61137063270025e-06,4.33494294254611e-48,0.999389882363046,0.000606506266321644,3
"20194",0.0462566793356641,2.65093485971516e-07,0.953743055570232,6.18380501413246e-13,3
"20196",6.41761797814695e-05,1.61046952093779e-40,0.0584412035604266,0.941494620259792,4
"20198",0.643655534280374,9.8609672096334e-23,0.194293903640625,0.162050562079001,1
"20204",0.0322566557256301,0.962345354697664,0.00482700944506381,0.000570980131641808,2
"20207",0.0396371777144261,1.24364281769277e-32,0.150088456111877,0.810274366173697,4
"20209",3.25476624857464e-07,3.16409616783992e-15,0.520516866426005,0.479482808097367,3
"20211",3.39151408073477e-12,3.46958569733459e-33,0.0140434102425995,0.985956589754009,4
"20215",0.782590309109683,7.91326115326056e-27,0.0580338754888412,0.159375815401476,1
"20218",7.24139802646714e-05,0.999893649084866,3.39309522053045e-05,5.98266423190446e-09,2
"20222",0.0388621420219447,1.46885366843144e-26,0.0270536656481641,0.934084192329891,4
"20225",0.159783269779692,3.82221029450006e-13,0.760058054456805,0.0801586757631207,3
"20229",0.169374717683078,1.03841991493473e-24,0.632890054739143,0.197735227577779,3
"20232",0.564459185603974,1.5140668465577e-26,0.0594600833377724,0.376080731058254,1
"20234",1.73011468856053e-07,2.78639565538649e-52,0.988773434718374,0.0112263922701574,3
"20238",0.871410630441744,1.54504163458579e-41,0.10219959858393,0.0263897709743263,1
"20253",0.908750438097731,2.92978264536677e-32,0.0796745047346758,0.011575057167593,1
"20255",0.0384575013511204,0.491716162822984,0.00578126388376998,0.464045071942126,2
"20258",0.932546411128641,5.07543652332931e-28,0.01111438156937,0.0563392073019887,1
"20269",0.967423303931701,5.32813790755092e-14,0.0321237362130412,0.000452959855205091,1
"20271",0.814646075630818,1.51208700927204e-25,0.185350500798456,3.42357072630499e-06,1
"20285",0.0958156135181012,8.96776154813078e-34,0.90418438588534,5.96559064048025e-10,3
"20288",0.897669263652418,1.20305174217919e-27,0.0365563839325225,0.0657743524150595,1
"20291",0.000338419171507023,2.91195521182557e-50,0.386869561285017,0.612792019543476,4
"20295",0.390142488062616,3.23423722825568e-27,0.609857153046674,3.58890710526019e-07,3
"20298",0.00579134554143327,0.993536633166766,9.57116442347233e-05,0.000576309647566386,2
"20302",0.83253059418147,2.31199661262289e-14,0.167458708736666,1.06970818408661e-05,1
"20305",0.0138324087139154,0.985291505269011,0.000454174539664344,0.00042191147740953,2
"20307",0.760898020189923,1.44818932062432e-35,0.0115109723733658,0.227591007436712,1
"20310",0.0460404995751185,2.47828091167334e-52,0.953426984829497,0.000532515595384413,3
"20313",1.490352546667e-07,0.999992781704221,7.06926052392629e-06,2.1412518028935e-17,2
"20315",0.975367465611653,3.20783856138956e-35,0.0166636929391633,0.00796884144918347,1
"20319",2.25813796609358e-05,1.8045781989633e-41,0.076050851148931,0.923926567471408,4
"20321",0.793568058985648,1.07405801974939e-40,0.204763766504522,0.00166817450982973,1
"20327",0.972115877443545,3.1652873785935e-31,0.0277583420317144,0.000125780524740244,1
"20329",0.001633869494988,0.0358492690130051,0.962516861492007,3.32437782700847e-20,3
"20335",0.000868463682035141,3.28457367103825e-35,0.0597470483742016,0.939384487943763,4
"20337",7.06116034566416e-05,0.999922349759987,4.76085662401468e-06,2.2777799323175e-06,2
"20339",1.76622855476198e-07,1.02717087636095e-46,0.844779470417792,0.155220352959352,3
"20341",3.31110002567865e-08,2.12844319919025e-41,0.986138318962111,0.0138616479268882,3
"20343",0.15314732758505,6.68472256799038e-38,0.845820536802709,0.00103213561224039,3
"20345",0.920564143631345,1.01819655250371e-05,0.0297707199197965,0.0496549544833341,1
"20350",0.00174793301857705,1.42501969067445e-35,0.998242961211605,9.10576981808488e-06,3
"20352",0.000213899236772655,0.997669585322706,0.00211651541559392,2.49276660257283e-11,2
"20355",0.169110225878523,1.29482012939035e-23,0.830887488111277,2.28601020024997e-06,3
"20358",0.0650642797017204,0.000415764158272744,0.934519956139763,2.44123815485218e-13,3
"20363",0.874226506672615,3.84197403994028e-33,0.0565024875814801,0.0692710057459053,1
"20365",9.43300150256466e-05,1.02890176817426e-28,0.0111794166848081,0.988726253300166,4
"20379",0.0421278215806734,3.045189374529e-10,0.186988364011617,0.770883814103191,4
"20387",0.455664084544342,1.32619703999696e-25,0.0123290617207496,0.532006853734909,4
"20392",4.4265845246363e-13,4.15400648409532e-40,0.0138681168786721,0.986131883120885,4
"20395",0.794895658250607,8.97200416424967e-10,0.020248255164318,0.184856085687875,1
"20397",3.35223509319288e-10,0.999558571330265,0.000441428334511204,1.10620506202328e-31,2
"20410",0.795734954327763,6.31780840054182e-19,0.0213854189574828,0.182879626714754,1
"20414",0.954776510287378,2.41858133791018e-06,0.0406877957674822,0.00453327536380164,1
"20417",1.01727582628116e-14,2.11265791356116e-60,0.999999973405831,2.65941592100697e-08,3
"20419",0.839752523768192,5.97045625975341e-31,0.160220815366876,2.66608649314374e-05,1
"20421",0.0132956942739614,1.59360803661956e-15,0.81695227093974,0.169752034786297,3
"20423",0.203071285467746,0.725767891726315,0.0396213602639447,0.0315394625419946,2
"20425",0.793762752917979,0.0379019063744371,0.123950701819845,0.0443846388877392,1
"20427",0.622423894222719,4.67817414683756e-07,0.0155126737941696,0.362062964165697,1
"20429",0.0947869167408233,1.27953737285327e-57,0.905212780846784,3.02412392625538e-07,3
"20432",0.81324119837706,0.000510757619822416,0.186242100477801,5.94352531643461e-06,1
"20435",0.182026471261341,2.23512592595579e-34,0.139075177947356,0.678898350791303,4
"20438",0.300870858103657,2.47210599715126e-29,0.69912704624115,2.0956551932676e-06,3
"20440",0.963253069163884,5.24726872546716e-33,0.036678489426047,6.84414100692937e-05,1
"20443",0.0630187402663312,2.00101091610167e-09,0.936981254589377,3.14328055201097e-09,3
"20446",0.914483524718802,2.18999931464769e-26,0.0745785965096528,0.0109378787715455,1
"20449",0.592135486461309,1.38224008016316e-34,0.0332702848559881,0.374594228682703,1
"20537",0.000903626001644223,1.73270778524227e-40,0.150756877744434,0.848339496253922,4
"20540",1.58268101428314e-14,9.23676974328656e-48,0.0240932892224178,0.975906710777566,4
"20543",0.773692666003574,6.05389251704829e-16,0.0153763465309468,0.210930987465478,1
"20545",9.1298238611787e-14,1.63830368787255e-31,0.0203339073797906,0.979666092620118,4
"20549",0.405194844086235,7.70244995192143e-06,0.020210391415152,0.574587062048661,4
"20551",0.739178408666146,3.0133156888398e-20,0.00802368739473152,0.252797903939122,1
"20554",0.954715287985251,3.45521913801379e-21,0.006720026011215,0.038564686003534,1
"20556",0.0804664087072574,1.39745024437429e-16,0.0206051903761666,0.898928400916576,4
"20558",0.879569974325367,1.00742822297148e-29,0.00811429320246237,0.112315732472171,1
"20560",0.905313644894698,5.98280456052071e-16,0.0448991106870697,0.0497872444182318,1
"20563",0.892412306029011,3.01133026305186e-36,0.10101053945883,0.00657715451215886,1
"20565",0.915256916916766,6.53975727878522e-23,0.0554377213041586,0.0293053617790759,1
"20567",0.739283838588782,6.38279374381342e-06,0.260706233042417,3.54557505689144e-06,1
"20571",0.107289321670945,4.26393499752995e-38,0.892705379510471,5.2988185837579e-06,3
"20573",0.83600745173567,3.39020901384683e-28,0.0182862525220742,0.145706295742256,1
"20575",0.939991928579749,1.30543230320688e-40,0.0573147451296627,0.00269332629058824,1
"20577",0.710182396774444,2.37865066932841e-21,0.0234969863636782,0.266320616861878,1
"20579",0.000546202916727493,0.202440709278784,0.797013087804488,3.84495830231952e-22,3
"20582",0.951390335276127,1.23093428817986e-35,0.0157703815933929,0.0328392831304799,1
"20585",1.01507723119614e-05,1.35806545977004e-22,0.029155858993883,0.970833990233805,4
"20588",9.42709396508648e-08,8.47543889177049e-45,0.369570754705224,0.630429151023837,4
"20590",3.14436592612289e-05,0.999630798781679,0.000337757559059447,3.99708997146365e-17,2
"20592",0.970461211094943,5.72170750899461e-35,0.0284770328637376,0.00106175604131967,1
"20594",0.835518731428155,1.90249373202245e-35,0.0370405119204003,0.127440756651445,1
"20596",0.855672625093806,1.93402514429212e-23,0.144315352268406,1.20226377869025e-05,1
"20598",0.853722195125319,3.03568041253487e-21,0.00866519693826254,0.137612607936418,1
"20600",0.00161815307196401,6.76107188705993e-22,0.0337786735055903,0.964603173422446,4
"20603",0.0354515378665857,3.56858406724251e-12,0.114364924629292,0.850183537500554,4
"20605",0.918744789104494,4.26079712646997e-33,0.0184843297382306,0.0627708811572758,1
"20607",0.918449775149516,9.75691870353017e-28,0.0563353673757667,0.0252148574747177,1
"20609",0.939941634613647,2.14003738174539e-19,0.00619233609840403,0.0538660292879489,1
"20611",0.00656814800531507,0.993129559196026,0.000250461322346006,5.18314763125891e-05,2
"20613",0.432042744670131,6.03904223208807e-09,0.0149373596903728,0.553019889600454,4
"20615",0.191501329506408,1.91024167386303e-11,0.0185733626890398,0.78992530778545,4
"20617",1.95585418406145e-06,0.999987577470563,1.04666709923862e-05,4.26028104975266e-12,2
"20619",0.897161054969165,2.35433824593762e-35,0.102713518978758,0.000125426052077061,1
"20621",0.893126112482939,4.28102533304366e-31,0.0626474117530114,0.0442264757640495,1
"20623",0.178632748119652,1.41030094818285e-08,0.821367237648063,1.29275918551787e-10,3
"20625",0.00364188970928157,4.60948287929585e-10,0.169730895133772,0.826627214695998,4
"20627",0.834394212699087,1.79649049452141e-20,0.0111711184646583,0.154434668836255,1
"20629",0.769304007521287,2.72249091677295e-25,0.0155175739218269,0.215178418556886,1
"20631",0.922823635138178,4.93863626300103e-35,0.0763723009899559,0.000804063871866468,1
"20633",8.82605962657186e-08,0.999980087749829,1.98239895749019e-05,2.6503894613731e-20,2
"20636",0.795849123725014,2.23093937368972e-10,0.204144692184167,6.18386772464223e-06,1
"20638",0.109638637112956,2.37486441059417e-35,0.305374093574077,0.584987269312968,4
"20640",0.00277777723324328,7.56492030434775e-28,0.0142690558276596,0.982953166939097,4
"20645",0.14291247566512,1.12726341374674e-40,0.0341503043152234,0.822937220019657,4
"20647",1.5207610965137e-06,0.998766039372679,0.00123243986622462,3.68018721633128e-16,2
"20649",0.147255357402634,6.42648107134107e-19,0.0322955155269961,0.82044912707037,4
"20651",0.0522054698771225,7.37632392628605e-56,0.947794309525545,2.20597332651258e-07,3
"20656",0.0021027947986692,4.97279620227738e-35,0.0819518907426224,0.915945314458708,4
"20660",1.98625693754029e-10,1.64218812691346e-39,0.706292532106719,0.293707467694656,3
"20662",0.0495180346530819,3.66208592348194e-12,0.950481965342914,3.42744431032741e-13,3
"20664",0.306222664319759,2.31499550701437e-25,0.693777334531517,1.14872431300219e-09,3
"20666",5.67464919778806e-08,2.53965474746889e-10,0.0198467234416616,0.980153219557881,4
"20668",0.0103537373532157,0.98932430179759,0.000316949696945675,5.01115224834947e-06,2
"20670",0.680685367702823,7.9751136073915e-39,0.319035175975879,0.000279456321298226,1
"20672",0.00188243378766159,0.997683048546543,0.000291286515176793,0.000143231150618963,2
"20674",0.810691191408855,1.00842542824354e-27,0.0717387124574618,0.117570096133683,1
"20676",0.00136409154977405,0.931843328094094,0.0667925803499658,6.16681331015193e-12,2
"20678",1.14841674362532e-05,0.999650230487637,0.000338285344926268,1.33918568428516e-17,2
"20680",0.857917570271648,0.103880052962024,0.0182667515290351,0.019935625237292,1
"20682",0.933421616711532,3.64638293920077e-13,0.0662237233405314,0.000354659947571782,1
"20684",0.612838120236391,3.45133655434796e-41,0.384569402308976,0.00259247745463282,1
"20686",0.000114537227044237,0.99984586825358,3.95856515850281e-05,8.86779104245637e-09,2
"20688",1.39358051723744e-07,0.999601794132006,0.000398066509942326,4.44891846471224e-25,2
"20690",6.33455789442943e-08,1.00897908406315e-41,0.0524364328412554,0.947563503813166,4
"20692",1.76196067622389e-08,0.999960876994193,3.91053862000269e-05,5.18387987979689e-25,2
"20694",0.0195816905391234,0.979693115646334,0.000426043963277802,0.000299149851264687,2
"20696",0.919414178263473,4.98112378305648e-10,0.0646260259828461,0.015959795255569,1
"20698",0.837444661650576,1.01075794238293e-21,0.131874078129621,0.0306812602198037,1
"20700",0.363499540756195,7.9265332737179e-44,0.636499783959414,6.75284391353326e-07,3
"20702",1.30188770588416e-06,1.62737720350635e-44,0.0422107353634732,0.957787962748821,4
"20704",0.866101201041793,2.51442475453157e-19,0.0071554254704054,0.126743373487801,1
"20706",0.203095369138025,5.21023613146439e-36,0.796903830379372,8.00482602529224e-07,3
"20708",0.000172378113819211,0.9994437803021,0.00038384158192631,2.15498444515997e-12,2
"20710",0.00296812247569226,4.25601272429472e-21,0.025472687478239,0.971559190046069,4
"20714",0.0129743311241921,0.971317318180956,0.0157083502052518,4.89600118015591e-10,2
"20716",0.858042127501442,7.08959025179015e-29,0.0262832477158956,0.115674624782663,1
"20719",0.45652588046064,4.31432715409621e-27,0.543473521206952,5.98332408441497e-07,3
"20721",0.958922336122759,6.83793453281017e-35,0.0392606709066602,0.0018169929705812,1
"20723",0.0522156157350542,2.08421374997441e-30,0.947784380659756,3.60519015138889e-09,3
"20725",0.0835743703740569,0.780120184762966,0.0030614197192394,0.133244025143738,2
"20727",1.14158351972285e-05,4.22493496290871e-19,0.999988584135336,2.94665338152217e-11,3
"20729",0.000877298257594892,0.999051221291462,6.33624005162765e-05,8.11805042736233e-06,2
"20731",0.000699130743536567,0.997241957970563,8.08176018938957e-05,0.0019780936840063,2
"20733",0.597691188667273,4.80178177274971e-29,0.0743841966905387,0.327924614642188,1
"20735",0.321822199136757,3.58866190783535e-17,0.0182063710299617,0.659971429833281,4
"20737",0.0137926509495231,0.983338347730748,0.0028689944188466,6.90088249244537e-09,2
"20739",0.00010644393896725,0.986835220123462,0.0130583359375702,5.85461780134153e-16,2
"20741",0.649385074125156,0.254396234488211,0.00623163819903672,0.089987053187596,1
"20743",0.931666045057487,4.39993952395562e-08,0.0572043867062229,0.0111295242368949,1
"20745",0.851737054150866,3.96890325146093e-33,0.137676276020714,0.0105866698284204,1
"20747",7.33196895528793e-05,0.999915224343529,1.04841246535612e-05,9.71842264819809e-07,2
"20749",7.18422442878497e-05,0.999909554355246,1.63237355962201e-05,2.27966487028132e-06,2
"20751",0.000416861343702971,7.06069361559779e-07,0.0653828748545771,0.934199557732358,4
"20753",0.0306895026973708,0.966572839553941,0.00118293704797476,0.00155472070071392,2
"20755",3.63576114901109e-05,0.990619787274292,0.00934385511421762,1.6348998163977e-18,2
"20757",0.00479099644042356,1.37870094925892e-25,0.995209003559576,7.17333837509629e-17,3
"20759",0.63281778945454,7.6835085591542e-36,0.367181832819949,3.77725511210104e-07,1
"20761",0.859139784869285,3.38962818688668e-05,0.00549022915102923,0.135336089697817,1
"20763",0.4554786929844,7.48842901301888e-27,0.188035824727358,0.356485482288242,1
"20765",0.278936483825749,0.635366463088138,0.00213103717209368,0.083566015914019,2
"20767",0.949914894200638,9.44878509444331e-28,0.0460856921601324,0.00399941363923003,1
"20769",6.93784395860815e-05,4.82330118787164e-33,0.316526756389255,0.683403865171158,4
"20771",0.969886052834498,2.14421325042633e-08,0.0300624339884585,5.14917349113276e-05,1
"20773",0.00131363171402326,4.86273419682009e-18,0.998686368285977,1.49381922303806e-17,3
"20775",0.604043987058241,3.94400236201177e-09,0.0374502358133176,0.358505773184439,1
"20777",0.000517420901794989,9.95212401182779e-39,0.271666818188695,0.72781576090951,4
"20779",0.130163923975983,0.756385937912844,0.00326980986286672,0.110180328248306,2
"20781",2.14210182441054e-18,7.5012353272795e-43,0.999999994577433,5.42256659081879e-09,3
"20783",0.982633583771751,1.4507291696581e-08,0.0119016361043661,0.00546476561659171,1
"20785",8.78525071444858e-06,1.91341371101814e-09,0.999991212835872,7.21265553205519e-24,3
"20787",0.297038281250285,0.696017982321996,0.0069132904469538,3.04459807652489e-05,2
"20789",0.860248585807884,6.27715139479749e-16,0.0202029558626788,0.119548458329436,1
"20791",0.00287708276439214,0.997030033079661,8.85344885891979e-05,4.34966735822071e-06,2
"20793",0.796741576865585,2.79862575433896e-09,0.0178864123239339,0.185372008011855,1
"20795",0.964118567581768,0.000391458495629731,0.0349117571006937,0.000578216821909017,1
"20797",1.53558326972857e-14,8.60273252788079e-17,0.999999986037524,1.39624602517723e-08,3
"20800",1.71345274493257e-05,0.999965122149637,1.0758801002765e-06,1.66674428133202e-05,2
"20802",0.775937709799526,0.0722712344800444,0.0069856728913633,0.144805382829066,1
"20804",0.00145832989552742,0.998395984173499,0.000145642093911343,4.3837062326973e-08,2
"20806",0.0014426414512408,0.998469961122506,8.72279908268628e-05,1.69435426243792e-07,2
"20808",0.915681905685231,2.8685558778456e-17,0.00853042387495977,0.0757876704398092,1
"20810",0.841268373157291,6.38154068811867e-12,0.158699676238556,3.19505977707137e-05,1
"20812",0.199854754961236,2.86952521035139e-07,0.046189733098302,0.753955224987941,4
"20814",6.34155582617687e-06,0.999919911366962,7.37470772117873e-05,1.43399633740464e-16,2
"20816",0.039424768423558,2.46388935930211e-25,0.960575060529672,1.71046770395947e-07,3
"20818",0.925882445772999,1.31693849678431e-09,0.013546086013219,0.0605714668968434,1
"20820",3.06744919714027e-05,0.984900253825665,0.0150690716823641,1.12751149929328e-16,2
"20822",0.558698124611224,0.316675524795278,0.00389885688843264,0.120727493705066,1
"20824",9.36828519758153e-06,0.000688786090399469,0.999301845624403,2.16663199621287e-24,3
"20826",3.40370025856706e-05,0.999916447930176,4.9514830908214e-05,2.36330315056531e-10,2
"20828",4.871688416987e-07,0.999533629686714,0.000465883144444561,2.03822530455877e-16,2
"20830",0.82225512296246,0.111211377705321,0.0618282565106727,0.00470524282154606,1
"20832",0.938894169326978,2.78031253440972e-20,0.0382290950039154,0.0228767356691062,1
"20834",0.495940534738323,9.64083595274239e-22,0.00794100994921019,0.496118455312467,4
"20836",0.00895204234404918,0.987758717781031,0.000223642854134113,0.00306559702078534,2
"20838",0.000553687856932609,0.997816702766092,0.00162960937327216,3.70291572990801e-12,2
"20840",0.903745448347378,1.40725269278571e-22,0.0213899906228965,0.0748645610297257,1
"20842",0.863402855675242,6.88626301990567e-05,0.135978890777317,0.00054939091724179,1
"20844",0.110169612238218,6.53940037922449e-07,0.889829733775413,4.6331879838773e-11,3
"20846",0.945164192746458,1.03839380609383e-06,0.053941105288464,0.000893663571271856,1
"20848",0.769356538103942,2.55914125643228e-08,0.00795086235483364,0.222692573949811,1
"20850",0.964854881894003,3.34235223898831e-18,0.031766959604301,0.00337815850169581,1
"20852",0.743621378369428,8.30129599957714e-29,0.256367711120971,1.09105096010977e-05,1
"20854",6.49354391853397e-05,0.999920309587995,1.47141392102624e-05,4.08336098917058e-08,2
"20856",1.29089044231924e-12,3.31981504112551e-47,0.843847332076783,0.156152667921926,3
"20858",0.863474954231249,1.01075510703324e-29,0.0796544315727251,0.0568706141960256,1
"20860",0.465699640447301,0.00317903233313628,0.531111498725131,9.82849443180718e-06,3
"20862",0.952627371050661,6.00960019932339e-29,0.0468111031236608,0.000561525825678532,1
"20864",0.000281917106907503,0.999232604199309,0.00048544192032058,3.67734632240892e-08,2
"20866",0.12735298816525,3.45834108527164e-47,0.872346300276874,0.000300711557876237,3
"20868",0.924212492814007,6.19747853734082e-30,0.0257085161113332,0.0500789910746601,1
"20870",0.627932224750933,1.35722347229906e-06,0.0113467424654468,0.360719675560148,1
"20872",0.210754689115867,0.755923602945547,0.00166480388990625,0.0316569040486807,2
"20874",2.44484331375523e-06,0.999792755541286,0.00020479961540021,1.15767400870724e-18,2
"20877",0.226615293217032,1.41303169999313e-23,0.0106582616387031,0.762726445144265,4
"20879",0.567214235001011,1.6134957630634e-33,0.0145702721104415,0.418215492888547,1
"20881",0.820011598677142,0.113135015922045,0.0142599147901157,0.0525934706106971,1
"20883",0.000716419667878342,1.80935576137763e-08,0.999183954334471,9.96079040926245e-05,3
"20885",0.000355998992443607,0.999297693575739,1.13864647070348e-05,0.00033492096711018,2
"20887",0.748218570625806,7.75799030101537e-16,0.0346374851831446,0.217143944191048,1
"20889",0.485837220727557,5.88128327389899e-07,0.0323370663967003,0.481825124747415,1
"20891",0.327969448867511,2.95858025546126e-27,0.00672503811779631,0.665305513014693,4
"20896",0.00994231686858588,1.02219689197709e-21,0.0162493347994604,0.973808348331954,4
"20898",0.829211645165743,0.00607639863751834,0.0102735029354302,0.154438453261308,1
"20900",2.15116737699507e-15,7.8643203533348e-24,0.999992088389383,7.9116106148924e-06,3
"20902",1.76998507167065e-06,7.84434127357129e-20,0.0345796088510523,0.965418621163876,4
"20904",0.126928703494,1.03862224085235e-08,0.873006972626457,6.43134933203074e-05,3
"20906",0.577641800509402,8.57172331120408e-36,0.129516930663853,0.292841268826746,1
"20908",0.965392547617985,2.38504002224391e-12,0.0306763184408119,0.00393113393881813,1
"20910",0.569882279432194,1.54821158455124e-13,0.430117510830419,2.09737232601507e-07,1
"20912",3.81288533717478e-21,4.63165077862184e-35,0.999994325324833,5.67467516683921e-06,3
"20914",0.0169080575320111,6.69583219464225e-38,0.0223522282224533,0.960739714245536,4
"20968",0.000104107859051693,4.2990291520767e-21,0.999895892140948,2.39233074724198e-16,3
"20970",0.959365815899065,4.34598875937826e-29,0.0221719583358386,0.0184622257650969,1
"20981",0.491332649512798,1.0792214124382e-26,0.508614767674251,5.25828129509415e-05,3
"20983",1.56284674197952e-06,0.999983576040075,1.48611131819582e-05,7.23533286000317e-16,2
"20988",0.983570843606224,6.03573122855794e-28,0.0143108753876103,0.00211828100616581,1
"20995",3.40458460367829e-06,4.2261314432399e-46,0.999996434014368,1.61401027995968e-07,3
"21017",0.976858449214995,3.89405357165997e-08,0.0162889398124975,0.00685257203197223,1
"21038",0.311241260030708,1.72118582706927e-29,0.0453657870113143,0.643392952957978,4
"21072",0.751399551638531,1.92599939143969e-22,0.0292590799363614,0.219341368425108,1
"21075",0.00468229336911109,4.3101586993185e-27,0.0158709293861677,0.979446777244721,4
"21223",0.569844084937228,3.16212339887866e-10,0.0138371710519004,0.416318743694659,1
"21225",7.2832586292695e-25,2.2629452539795e-51,0.234053273186739,0.765946726813261,4
"21230",6.48042805238458e-06,0.999941023917419,5.24956545276188e-05,1.39888757864147e-15,2
"21236",0.166489277723613,0.782942595555299,0.0015723138017835,0.0489958129193047,2
"21238",0.0119468613235918,8.3947354080882e-23,0.887881464364295,0.100171674312114,3
"21241",0.818867183232734,1.35472437727865e-25,0.180962535968204,0.000170280799061967,1
"21246",0.717075564057568,2.52450545953949e-18,0.099851898121011,0.183072537821421,1
"21253",0.000362658490732982,0.999552678719885,8.45935587856178e-05,6.92305965107371e-08,2
"21256",0.926543383661101,0.00108341262370766,0.0459335832386118,0.0264396204765798,1
"21260",3.6422189988088e-12,4.18986589934476e-41,0.124451672176868,0.87554832781949,4
"21266",0.934316659238447,1.01576670589725e-32,0.0281031733599695,0.037580167401584,1
"21332",0.732912805067387,1.19162619607942e-20,0.037277207756607,0.229809987176006,1
"21334",0.1586809698217,0.0544299549736367,0.0195824656754329,0.76730660952923,4
"21375",0.66308726773545,5.34902639376282e-41,0.33680031653695,0.00011241572759999,1
"21378",0.123913708930073,5.88537343839679e-51,0.873805511320184,0.00228077974974352,3
"21381",0.170643940452295,1.92660206501646e-41,0.581924486625813,0.247431572921892,3
"21389",0.95381907988584,0.00418659274228672,0.0419493619024786,4.4965469394633e-05,1
"21391",0.310300183319654,2.63820622297875e-36,0.689699813551302,3.12904395255681e-09,3
"21402",0.746693433395188,1.26095306519851e-26,0.25310320684504,0.000203359759772149,1
"21404",0.000484730160162009,2.14163551379848e-17,0.0206406087207597,0.978874661119078,4
"21409",0.514722983080682,3.04598364255675e-31,0.0935649306746062,0.391712086244712,1
"21413",0.143337542633732,7.41542664658668e-19,0.343998147760798,0.51266430960547,4
"21423",0.00581198364809413,3.19606497133176e-36,0.994182088228686,5.92812321962575e-06,3
"21425",0.0652982486142749,1.95397937223352e-28,0.158863331369479,0.775838420016247,4
"21430",2.12191190356905e-08,4.98622429748556e-21,0.0356894272063937,0.964310551574487,4
"21432",0.710037393321673,1.32325942500065e-19,0.0194038836631167,0.27055872301521,1
"21438",0.000444552125927508,1.47558099568674e-36,0.999555447874072,1.01719115459797e-16,3
"21440",0.928384404709549,6.84583499118666e-29,0.0529457974007631,0.0186697978896879,1
"21443",0.515372471668831,0.472901650945915,0.00454061764838415,0.00718525973686967,1
"21445",1.54513962046875e-13,1.59408197509894e-32,0.0249796739397893,0.975020326060056,4
"21447",0.860697280076836,2.81686259882153e-39,0.0524375142657881,0.0868652056573759,1
"21449",0.930865899414803,5.06390990021349e-27,0.0690590368200913,7.50637651057757e-05,1
"21451",0.930865899414803,5.06390990021349e-27,0.0690590368200913,7.50637651057757e-05,1
"21455",0.948460388364973,2.96352877105642e-25,0.0374122090210585,0.0141274026139687,1
"21469",7.18844265361905e-06,5.09549058917798e-44,0.0391291437276976,0.960863667829649,4
"21471",0.00138196683851554,2.90779369264992e-30,0.0106366603561675,0.987981372805317,4
"21473",0.577373828467756,3.73667455435104e-13,0.368187789401133,0.0544383821307376,1
"21476",0.225146665617505,1.86168320871402e-20,0.0438714228421557,0.730981911540339,4
"21478",0.265142627256106,2.0944144125043e-20,0.734855989545913,1.38319798130617e-06,3
"21481",0.851550879539793,0.000119277977372047,0.0290138462849034,0.119315996197932,1
"21490",0.34908978009301,3.6048817898692e-22,0.0220439631718879,0.628866256735102,4
