"","V1","V2","V3","V4","V5","V6","V7","best$classification"
"19812",6.86491885352815e-05,0.000537554788428198,0.181861781351534,0.0558304863307615,0.000711128985750341,0.760988358081075,2.04127391543589e-06,6
"19814",2.25653148707076e-06,9.05449515205573e-06,0.0112874410018805,0.000999240412900443,4.61318464266566e-05,0.985040844922435,0.0026150307897186,6
"19816",3.37230511426641e-05,1.67502121061857e-06,0.859193272821907,0.00898702711408291,0.127926936849081,0.00385640496403382,9.60178541503735e-07,3
"19818",2.11834651331969e-05,2.44552395592173e-05,0.49102325716011,0.00053304932537842,0.00090040645918025,0.497940943118549,0.00955670523208951,6
"19820",6.4196110068311e-09,5.42004819690388e-06,0.0051371514629086,4.81916862749289e-05,0.994809219288033,1.05547945925081e-08,5.40180842352088e-10,5
"19822",2.2596169243287e-07,0.0098344334959214,0.00399737366812928,0.00942579689564439,0.976740624866028,4.24520253061569e-07,1.12059233156739e-06,5
"19824",0.000111560779885533,2.74444307846919e-05,0.754707961789201,9.68745753024946e-06,0.243539378283067,0.000161507357271796,0.00144245990225984,3
"19826",0.01109906556485,5.44928228773836e-06,0.101257975113119,0.147928876849749,0.0017597256133603,0.737905013046963,4.38945296711745e-05,6
"19828",1.44619811267396e-07,0.000192126256070309,0.436045949417857,0.000259605196974051,0.563347678605253,0.000152032605547644,2.46329848643963e-06,5
"19830",0.00133275157238824,0.000339948174665329,0.00382895174738735,0.090552257467329,2.51160709983592e-06,0.90381703911188,0.000126540319250511,6
"19832",3.914363407629e-06,0.697345434597942,0.102025284935694,0.0373648303420139,0.0224125587831737,0.140846134792325,1.84218544345961e-06,2
"19834",4.80585569211314e-07,0.00262807428868259,0.129987017882139,0.775501185142853,0.0811245683624518,0.0106487314074256,0.000109942330878673,4
"19836",0.0170610991415715,3.02938409863845e-05,0.933990199157323,0.00244439148747213,0.00122115737060101,0.0452524938338511,3.65168195309299e-07,3
"19838",3.69127813898421e-06,2.84284212640438e-05,0.000291764398891841,0.000708791628863609,4.59542477204643e-07,0.998637976124277,0.000328888606087378,6
"19840",0.000639598891225158,3.20983732514076e-06,0.159251088932386,0.782846516917957,0.0384002093905811,0.0188552227943614,4.1532361639156e-06,4
"19842",0.946684399340279,6.51124383935839e-08,3.81248887379771e-05,0.000492044309059133,7.51050872564578e-08,0.0527767446760166,8.54656838185961e-06,1
"19844",1.72134714424754e-05,1.75835619393733e-08,1.83827387577445e-06,1.99789475188579e-07,1.44988287365892e-06,9.03112807431035e-06,0.999970249870697,7
"19846",0.00327135223339764,6.3878435121759e-08,0.000242146613424753,8.39086578754556e-06,3.18331039901352e-08,0.925051367941058,0.0714266466347931,6
"19848",0.000161668419247343,2.39288736821494e-07,0.000252233999319067,2.09884148047725e-05,6.0394909140896e-08,0.973182238729876,0.0263825707531073,6
"19850",3.9784880282883e-05,1.59353017073169e-06,0.000823468237832982,0.000139457759983323,3.44069676549226e-06,0.789752172075109,0.209240082819856,6
"19852",2.21807071207679e-06,2.79671382877059e-05,0.962038882800865,0.00237551118694805,0.00708772264954423,0.0283511840156023,0.000116514138040817,3
"19854",3.55879210823225e-05,5.71960023282243e-07,0.000183020093041683,5.91982175635279e-05,6.71993684704965e-08,0.997276636539484,0.00244491806943731,6
"19856",0.000154256029739902,5.02116561099217e-06,0.000219344362223556,0.000517768086770586,8.44396806339524e-05,0.0143663690026656,0.984652801672355,7
"19858",1.36828401290452e-05,5.8408081530482e-05,0.00811327998567071,8.62561279566324e-05,0.00317634906163481,0.000910093592015293,0.987641930311063,7
"19860",2.03680680029608e-05,4.06727273994994e-05,0.523075548706934,0.187742123094167,0.0194569570810293,0.269626663507779,3.76668146884267e-05,3
"19862",0.0108442750164734,6.39123314346269e-08,0.000111763792137145,1.97444592282628e-05,1.24267034763955e-08,0.986386246627197,0.00263789376592962,6
"19864",0.999961340685651,3.69702200279103e-08,3.41507548116646e-05,5.99909058157246e-07,9.11364406861921e-07,1.81809473693822e-06,1.14222111594919e-06,1
"19866",0.0147912671783757,5.1735688092537e-06,0.777471703354196,0.0775623071293902,0.129584258692361,0.000584313391509627,9.7668535841591e-07,3
"19868",1.9784197495022e-07,0.996596801902536,3.62186354811642e-07,0.00331116335858308,4.16840553535823e-06,4.61229563585569e-05,4.1183348657028e-05,2
"19870",0.00110035310220429,1.68248721286743e-06,0.0148865332520678,6.22911245409848e-05,1.71750771119718e-06,0.98181539154514,0.00213203098112347,6
"19873",0.00149269991747099,4.08764804378662e-06,0.370940743003286,0.00162158486719599,0.000529882740657145,0.624673178846303,0.000737822977043117,6
"19875",4.76579394683088e-07,0.00016465136626177,0.165180474496592,0.0477057300529519,0.785893623152597,0.0010549818184813,6.25337214583018e-08,5
"19877",8.18289511302512e-05,1.8539369987531e-05,0.119701222093515,0.00664471930767108,3.81849941133774e-05,0.87083930570032,0.00267619958326312,6
"19879",3.12184333100503e-05,0.00024845972536884,0.918785977166477,0.00779688500792377,0.00182695224657853,0.069855617251686,0.00145489016865601,3
"19881",0.0218484967320413,5.95120796001255e-06,0.0940426552885157,0.00524753543080443,0.00024289758157861,0.877277103074587,0.00133536068451291,6
"19883",0.308846606809197,6.12860345167892e-07,0.0428233768313237,0.0023141645935854,6.47491309189722e-05,0.645881438699036,6.90510755936278e-05,6
"19899",0.000119039252621693,0.000308962124256649,0.0740131131479681,0.910349989983354,0.00179577636307291,0.0134100703894638,3.04873926264426e-06,4
"19908",0.0181164282585498,0.00075585485999558,0.000859964096514301,0.978336436831105,0.00159600697673744,9.33015733063272e-05,0.000242007403791955,4
"19910",3.33945644483773e-05,6.66664035472047e-06,0.956722100178653,0.000329609741846023,0.00118195985700004,0.0416772763369688,4.89926807291212e-05,3
"19912",0.53837368177412,1.92643513878694e-07,0.000102980338610431,0.00424986369191051,1.78842939845975e-07,0.456804643292683,0.000468459416223085,1
"19914",3.62303086296344e-05,0.00172790336849216,0.456801027186617,0.375346818259772,0.00365344620829011,0.161766376802605,0.000668197865593903,3
"19916",0.27084533609113,3.77521297651737e-05,0.485245993102169,0.000573321257848265,0.242806618729341,8.48090392365979e-05,0.000406169650510879,3
"19918",0.00208723147415142,1.10523437496883e-07,0.00992229030914358,4.94418805932949e-05,2.81519082615442e-06,0.897562427103413,0.0903756835184347,6
"19920",2.88662997879143e-05,5.28970587956809e-08,0.000125544067646272,8.14148750960423e-05,3.36288663705775e-07,0.121772226001404,0.877991559570343,7
"19922",3.11688793122782e-06,0.845206133329073,0.0379287393126548,7.09597317514908e-05,0.000548730047499495,0.116235287020442,7.03367064821154e-06,2
"19924",0.000171923043344825,6.45998201353344e-06,0.130130344110655,0.00844934027667048,0.000170078379644815,0.823335256713733,0.0377365974939381,6
"19926",0.00309883790068867,0.00338085623932786,0.439182012802754,0.526871532668223,0.00624182524888141,0.0212247195545624,2.15585563032382e-07,4
"19928",0.999998937453154,1.97414668674488e-09,4.687496672942e-08,4.76372588574291e-08,1.76688527006493e-09,4.31280764837616e-07,5.33012823455957e-07,1
"19930",4.18502743147553e-05,6.40824121420376e-06,0.0197942387883234,0.000149963500845167,6.38849506759298e-06,0.97988536013574,0.000115790564494719,6
"19932",9.73013900352936e-06,2.46796009101352e-06,0.000398026609258421,8.70885720957458e-05,1.89323974901102e-07,0.998632384599155,0.000870112796421121,6
"19934",6.6541241450361e-07,0.00160298787910052,0.411469793662922,0.057084132918017,0.513158439132576,0.0165398285418513,0.000144152453118218,5
"19936",1.89039151007983e-05,0.00033273136085183,0.0496795437150867,0.070506876953208,0.000337377888364221,0.878964829303862,0.000159736863526927,6
"19938",6.90718691110164e-06,0.00119631266888015,0.114615541354113,0.163912187378224,0.720160987094876,5.86092524350533e-05,4.94550645608627e-05,5
"19940",0.006515703805528,1.77114383465357e-06,0.851417779291379,0.000135832462091657,0.000321626543028972,0.141462693367449,0.000144593386688232,3
"19942",0.999988816473888,7.61791210026155e-10,6.84073844892119e-07,5.8538885485628e-06,4.16305817839354e-08,4.43750078585442e-06,1.65670560011145e-07,1
"19944",0.000149244907385062,7.18787016177194e-06,0.97569298652912,0.00325458860163913,0.00568047041879673,0.0152100159855651,5.50568733215858e-06,3
"19946",6.60908984003516e-05,2.6767752866662e-05,0.666981250404564,0.00532284541172396,0.00162062766655221,0.311594124172488,0.0143882936934045,3
"19948",0.999976549002486,2.90068928178855e-10,2.77670988377671e-06,8.00327009603265e-08,2.09434772039333e-08,1.98776944443369e-05,6.9532693857126e-07,1
"19950",4.5046907262828e-07,5.8413479875512e-08,1.26017036609477e-06,6.06554429565301e-07,1.22400556236739e-08,0.0014941755769055,0.998503436575691,7
"19952",0.999976549002486,2.90068928178855e-10,2.77670988377671e-06,8.00327009603265e-08,2.09434772039333e-08,1.98776944443369e-05,6.9532693857126e-07,1
"19954",4.00434657132258e-05,1.4703405096312e-06,0.00372895520397557,7.16510667953872e-05,8.25512482670675e-07,0.995664004342594,0.000493050067929908,6
"19956",0.0112523863203966,4.3499847514187e-05,1.55138278284094e-05,0.104390539039328,2.94355325520939e-07,0.251991130507199,0.632306636102408,7
"19958",3.16665096779001e-07,0.999083300338658,7.72765341961196e-05,3.2167459749744e-07,4.80403806743336e-06,0.000661671423753581,0.000172309325630586,2
"19962",0.000284210477054632,0.0018431540022894,0.206408741551998,0.021432045056919,0.0251469028816613,0.501561120676481,0.243323825353597,6
"19964",0.010077881213597,8.36098907113617e-06,0.718544976507243,8.42767629624993e-05,0.000304200954260431,0.264615909013138,0.00636439455972685,3
"19966",0.00457389778758846,2.91195698537433e-05,0.205141124760831,0.0421991321146764,0.74803328904568,2.3406790423132e-05,2.99309466391275e-08,5
"19969",0.00789656348265808,1.00912083030276e-06,0.00485978909178035,0.00528404586399667,7.46668063917179e-06,0.981876371662951,7.47540971445613e-05,6
"19972",0.164413259959446,1.56339215016055e-06,0.048976241024944,0.00010445228870246,4.23460874565191e-06,0.713837855982901,0.0726623927431109,6
"19974",0.042868508576058,7.86386976814977e-09,2.09239228425285e-05,2.44418892249561e-06,4.7043991426011e-09,0.111060989069309,0.846047121674599,7
"19976",0.000225350056207933,9.36426800742419e-06,0.323194665725502,0.00377024892369348,0.000204224474760132,0.61923555686938,0.0533605896824493,6
"19978",0.000128191920179163,6.15820172484487e-07,0.976685026443996,0.00021033902907506,0.00612929978964668,0.0167684275249979,7.80994719333048e-05,3
"19980",3.11016712525207e-05,5.33636980177029e-07,0.00012686192048512,2.84306787983987e-05,6.23638612640073e-08,0.857113647162904,0.142699362565718,6
"19982",1.10517321174614e-05,1.08471280876916e-05,0.000256641188083073,0.00112400224059044,7.49305464540844e-06,0.149221288337053,0.849368676319423,7
"19984",2.62301317277532e-06,2.56431930514931e-08,7.36153804183211e-06,1.26967317123402e-06,5.80081809834685e-07,0.00020574437841889,0.999782395672193,7
"19986",1.97645289823074e-07,8.72934405339842e-05,0.0445685805829133,0.00510055818939631,0.950243204005592,1.6429335088707e-07,1.84292357868669e-09,5
"19988",2.30740377307666e-09,4.81884475185523e-05,0.00347918075398758,0.000239194712323659,0.99623342971801,3.68901163224797e-09,3.71744672775123e-10,5
"19992",1.82290874843976e-09,4.34434423806463e-05,0.00317262720333148,0.00610752999780599,0.990676230069954,1.24691223825798e-07,4.27723950503512e-08,5
"19994",2.96038867881762e-05,2.48233514735764e-05,0.0250323490466325,0.000652832105262703,8.78365757899008e-06,0.974224704426907,2.69035253574228e-05,6
"19996",2.73984791163797e-09,1.12694450954769e-05,0.0269945478826589,0.000370195659547626,0.972623441864801,4.93443098490969e-07,4.89649509182965e-08,5
"19998",0.395068768647532,2.93863578919825e-05,0.0172739882252202,0.481278325678635,0.00300295394486284,0.0974368655705385,0.00590971157531955,4
"20000",0.00268396007171145,0.00839096759450305,0.000148835244784605,0.187049320558282,1.74061879325386e-06,0.801459056898066,0.000266119013859074,6
"20003",0.000557114639626038,0.000147826153724163,0.0864224209920558,0.0107216392395434,0.00012725501951227,0.90202213725248,1.60670305838859e-06,6
"20005",0.0015614715149014,7.36460443663288e-08,0.000236244614930543,2.13488856604829e-05,1.97810810495906e-08,0.974073145994183,0.0241076955631994,6
"20007",7.69120664368202e-06,0.000667595463041147,0.65480066460198,0.274036634188999,0.0218801193462662,0.0481631385878055,0.000444156605263473,3
"20009",0.000274045354381226,0.000448386813181522,0.312011775201385,0.00128224606236832,0.685514385101744,0.000125590584306045,0.000343570882633729,5
"20011",0.0310487529169319,5.05719295786327e-06,0.212415526169473,0.00111914111641647,4.67598462516025e-05,0.744468932035198,0.0108958307227707,6
"20013",1.19094649601344e-05,6.55469551471287e-06,0.00326013943644293,0.0165500922958339,9.53951080584156e-06,0.877367635761304,0.102794128835139,6
"20016",4.20151950722489e-07,0.00221600500597023,0.0722471124512521,0.00450191081256843,0.921027152536304,1.17630360553938e-06,6.22273834927734e-06,5
"20018",5.57956038807183e-09,0.939101030036314,2.26297791233809e-05,1.39005055582389e-05,0.0608624323013919,1.12004768067254e-09,6.78004190517343e-10,2
"20021",3.11636227223652e-06,0.000160298174364707,0.877000155275166,0.000500996769228065,0.120558036248391,0.00177735380175987,4.33688181309767e-08,3
"20023",7.71640084079635e-06,0.000453839937539921,0.886619201847468,0.0450728492981294,0.0567423987422911,0.0110545715423965,4.9422231333841e-05,3
"20025",3.55907074231835e-07,0.293516156540802,0.0158792800825609,0.000445765022357132,0.690156398138881,2.01285467435626e-06,3.14536502450719e-08,5
"20027",0.332754311062336,1.26754219903934e-06,0.00217153997528557,0.0130278108416964,1.39251969088792e-06,0.65202796056635,1.57174924414872e-05,6
"20029",0.00816754698942358,3.15705098689526e-08,0.000371395220130768,0.000486786907729952,2.59733675179622e-07,0.982178196393847,0.00879578318468383,6
"20032",0.00462928231802335,3.82203498407604e-06,0.00282844570262438,0.000450375075540122,9.66071522660545e-07,0.992076683976177,1.04248211289341e-05,6
"20034",0.999887454724751,2.8940819526359e-09,3.19229442137828e-05,2.7854029541173e-07,7.25637724219098e-08,8.01158270388478e-05,1.52505846955424e-07,1
"20036",0.000150249706009556,1.98748568665697e-05,0.000274933083279233,0.962998380790008,0.000421896533086218,0.0228545433094352,0.0132801217213151,4
"20038",1.451587573344e-07,0.00273662190029168,0.0859438941103154,0.23136319970805,0.679917169834348,3.89677569001659e-05,1.53133769241332e-09,5
"20040",8.03148115831617e-05,0.00935052913624735,0.130040784806287,5.06340739190375e-05,0.860474357113282,4.23455578365814e-07,2.95660310313017e-06,5
"20043",4.54885401482718e-08,0.000265772598322264,0.0655440582473105,0.00937404676737756,0.924251386208818,0.000564384907132756,3.05782498902449e-07,5
"20045",2.0191411403108e-10,0.000795302883337108,0.00273215554886943,2.70273723116171e-05,0.996445491230167,5.60370479697664e-09,1.71596964818664e-08,5
"20048",2.29965729223144e-07,2.72835623761334e-08,1.26232129031862e-07,9.5982043685702e-08,1.02484415908245e-08,2.38762126350684e-05,0.999975634075459,7
"20051",7.69768290293711e-07,0.014073114586934,0.107773860334699,0.13922451640113,0.131114361084936,0.594161445842207,0.0136519319818036,6
"20053",2.05498137351364e-05,1.54648196818438e-05,0.957001859677623,0.00107075475232735,0.0408788505660327,0.000942534124194615,6.99862464049775e-05,3
"20055",7.29475409872535e-06,0.0163715597124153,0.0391520085072245,0.901624197688497,0.0405987832083551,0.00224614862743331,7.50197611218885e-09,4
"20057",1.31943727674753e-05,0.99961967843745,1.39879415167285e-07,8.13395067774871e-07,4.14023084196561e-08,3.78479639126829e-05,0.00032828454907878,2
"20059",7.52890616847053e-05,0.000683072435544564,0.968610560236974,0.0005813897910672,0.0294140183460221,0.00063024765892609,5.42246978163471e-06,3
"20061",5.07375144129747e-05,4.71317130167867e-05,0.979687102654732,0.00259024642069707,0.0118404107568948,0.00576000701184944,2.43639283971797e-05,3
"20063",0.00041628819842452,8.12894278004724e-05,8.80252050284294e-05,0.000202164512925356,0.015692702984275,4.82720118703289e-06,0.983514702470359,7
"20065",1.29580104131149e-09,0.786405457252251,0.00226805023495424,0.000642014336312763,0.210684070224098,4.06625341050542e-07,3.12418377665249e-11,2
"20067",2.55320658907873e-09,0.00565936773037282,0.064690698592922,0.00175069374113542,0.927675642015371,3.61586345611449e-05,0.000187436732431286,5
"20069",1.184415447322e-05,1.04974656456996e-06,0.000129686662934813,5.37428803949435e-05,1.51558704266686e-07,0.608689851357396,0.391113673639533,6
"20071",0.00118325507155693,1.64701622729333e-05,0.00341754582800999,0.994158017990349,0.000245015596740331,0.000963853517168247,1.58418339031974e-05,4
"20073",0.00035950778966171,4.22687934119326e-07,0.00633818990728959,3.90567494654567e-06,1.46578170074156e-05,0.0895069682906088,0.903776347832552,7
"20075",1.86756818483437e-08,0.999428087601712,3.76363356827219e-07,0.000511250566310898,1.0593621963199e-06,5.8933436102359e-05,2.73994639530007e-07,2
"20077",3.04876623088345e-06,1.01289884041162e-05,0.0966049836321702,0.725392071537685,0.176471319455856,0.00127085240889069,0.000247595210763795,4
"20079",1.68101262386556e-05,0.000438018703596106,0.00748173223340283,0.0109868655986636,0.103494209115525,0.0349082055980986,0.842674158624475,7
"20081",1.92821703629906e-08,0.166216715664163,0.310550505767511,0.0778125531216025,0.443598681556917,0.00181570359708255,5.8210105538402e-06,5
"20083",0.00139471605507075,0.000119846041057059,0.000132163475578822,0.14288536079097,0.000737203685544526,0.00355135096369266,0.851179358988086,7
"20085",5.80599983455176e-10,0.000212534988587277,0.00168549829271933,0.000339066006236291,0.997762893323665,6.74271703160662e-09,6.54752089059809e-11,5
"20088",1.60311394491657e-08,0.000412820294163111,0.0947996254644862,0.00464468003966345,0.900090316635172,5.24694740979252e-05,7.20612774311095e-08,5
"20091",3.89044297757367e-10,0.999332591379712,0.000337667325210037,0.000132673391699923,0.000188039219085596,8.20000869113804e-06,8.28286556706347e-07,2
"20095",0.0299572327132333,0.000105158368051104,0.162409724337996,0.000589539168675721,0.00308503936869024,0.00304618033491622,0.800807125708437,7
"20097",2.64437628242234e-10,0.000934664926819323,0.00136126065025812,0.00119361252910851,0.996510447731308,1.38044611372694e-08,9.36069387803514e-11,5
"20099",0.0775088005424991,6.58054170865395e-07,0.761921179068456,9.97156168054075e-05,0.157498866084943,0.000331200878150083,0.0026395797549756,3
"20102",1.63687164289889e-07,0.0470511900463728,0.000413333964197539,0.000115385945002583,0.000131473271645106,0.000606236288012219,0.951682216797605,7
"20105",1.60951630084859e-07,0.000145608348642492,0.193897009813566,0.00126760479366241,0.802820253844757,0.00140318087164161,0.000466181376101002,5
"20107",7.05583919494945e-07,4.73710908599148e-05,0.378516125677239,0.0947634149597979,0.526614367443857,5.76010723517077e-05,4.14171975778523e-07,5
"20109",0.000372920953375377,4.65064118422238e-06,0.775459239053395,1.14619823639888e-05,0.0648198368181327,0.00550766298319199,0.153824227568357,3
"20111",1.81722759565772e-05,0.651674861461755,0.000372253311099527,4.19824130992972e-05,1.69612993684208e-06,0.343227176840217,0.00466385756793529,2
"20113",0.00342323282940982,1.49718139804329e-05,0.169371842734976,0.782732444903767,0.0438525113848485,0.000604786809923379,2.09523095557991e-07,4
"20115",0.00359665178396091,0.000216663598480902,0.00330551155256748,1.74761586524795e-05,4.7858410823863e-07,0.992645618919101,0.000217599403128383,6
"20117",0.310491020399701,0.592824934784716,0.050482082088957,0.0156267752766456,0.0303641662246134,0.000208329679813661,2.69154555358301e-06,2
"20119",0.0207697165111735,1.06554451370875e-05,0.158662224564787,0.0528514212196329,0.767679616386987,2.63522080907713e-05,1.36641909193419e-08,5
"20121",3.03890152096743e-07,0.000126060726999673,0.12520426500214,0.053391096547779,0.821273520591772,4.74274280569038e-06,1.04983516936008e-08,5
"20123",1.17051792164314e-09,0.998930413301924,3.63346109827735e-05,0.000618213208394273,0.000412902654967844,2.1324195884972e-06,2.63362465617574e-09,2
"20125",6.90735198441196e-06,6.96202719681354e-06,0.0012035459391362,0.00103207766063755,1.29022474556785e-06,0.923497781686294,0.074251435110006,6
"20127",4.7661424848202e-09,2.08452854499031e-05,0.00351238572615213,2.63652158257159e-05,0.996439951569826,1.88974991939404e-07,2.58461612349409e-07,5
"20140",1.72893154595461e-05,0.00478807677708502,0.00282622704231926,0.990518584101025,0.00118000862331747,0.000669796603149524,1.75376445558534e-08,4
"20142",8.99455670466209e-07,1.44335175725131e-07,2.43963734167732e-06,5.92556359619039e-06,1.93702214738252e-08,0.00478845763295611,0.995202114005038,7
"20144",3.86115604553571e-05,0.00418316330636018,0.000481979843629912,0.0174326085183387,8.76340864054613e-07,0.972895389403365,0.0049673710269868,6
"20146",2.90700175849143e-05,0.000701304629241319,0.00197937532774186,0.369194894048266,0.00028656984879155,0.278624861715797,0.349183924412577,4
"20148",1.21294888686564e-05,3.73364050477621e-05,0.0160820167589479,0.0414778603626308,0.000290806244810523,0.941948308541139,0.000151542198555099,6
"20150",0.00250196942414193,4.49835506489473e-08,4.85831183514114e-05,7.65520335310043e-06,1.03612739098923e-08,0.661538962863373,0.335902774045956,6
"20152",6.65050803538328e-05,7.08474637035378e-05,0.101369990629326,0.045919045936636,0.001465209333739,0.850989792563109,0.00011860899313264,6
"20154",9.50702554686228e-11,0.915122899233625,0.000206340532685021,0.000334713652921617,0.0843306460053809,1.61732159373301e-06,3.78315872347288e-06,2
"20156",5.04169387018118e-05,0.00306978109491628,0.413556662867514,0.512130240936512,0.0229278262388979,0.0128246487010645,0.0354404232223934,4
"20159",7.33633776293935e-06,2.03507178316444e-06,0.000106652520685259,0.00014262512179385,1.67423660163074e-07,0.490102211479681,0.509638972044634,7
"20161",5.97693323536199e-05,8.52117958607751e-06,0.000133699769634482,0.00128338345863692,2.608153269631e-05,0.0036441568171005,0.994844387909992,7
"20163",0.000709089509048187,0.00092160360322883,0.131588786022563,0.00174155122510279,0.00296112562258887,0.862074892444391,2.95157307747783e-06,6
"20165",4.48697382103646e-07,4.68102660438495e-06,0.00133130025459369,5.2967424595001e-06,0.0019855696929507,0.000234301984395163,0.996438401601614,7
"20167",8.09144058454071e-06,2.37072436148771e-06,0.0215427073454384,0.000625362895181791,8.41339200928528e-05,0.971321335665987,0.00641599800835337,6
"20169",2.76350964923957e-07,3.45779716580855e-08,2.47172483011366e-07,3.84374592747589e-07,8.44078703459874e-09,0.000129675624659469,0.999869373458541,7
"20171",5.74009105810119e-11,0.965389640177074,2.59056676752135e-05,0.000252145485986274,0.0343266881042913,7.53738399288196e-08,5.54513373222376e-06,2
"20173",0.724084174839469,4.02582766188243e-06,0.0180075156394065,2.55679341848182e-05,0.0197546833830448,0.000363914967269782,0.237760117408963,1
"20175",0.000249184894622814,8.79553218173031e-06,0.042641465870224,0.00300875392211814,1.14783873236886e-05,0.946102906444858,0.0079774149486719,6
"20177",0.390838590409043,1.99790644002668e-06,0.520751021214125,0.000759370111370059,0.0868755790506142,0.000664240657978879,0.000109200650429411,3
"20180",2.37898516380393e-06,0.00111464503160215,0.107783997204174,0.00420179611078489,0.886894271310005,2.91132485437217e-06,3.34156055941992e-11,5
"20182",0.00272828353506842,1.17296410471768e-05,5.20519577370317e-08,4.47048493533772e-08,7.94153660435463e-10,0.000204511272568914,0.997055378000355,7
"20184",4.3305996852235e-06,4.61485642100197e-07,0.000259988286300642,0.000192996269855332,1.7395223928695e-06,0.0290837134684871,0.970456770367637,7
"20187",0.989868821274148,7.69448870025094e-08,0.00504074453388188,0.00347447338011736,0.00018820073986654,0.0004787926294343,0.000948890497665157,1
"20189",0.002809615826646,7.31636056919573e-07,0.96887054430898,0.000174692687034861,0.02347072031141,0.00467218825689754,1.50697297521261e-06,3
"20192",0.0155921042166126,0.186715802620734,0.395431886684911,0.000173925363213084,0.400821150047077,0.00126308642301552,2.04464443651548e-06,5
"20194",0.148153428746462,3.29286516785638e-07,3.80134137038975e-05,0.114280816421891,5.00556415438936e-06,0.0533269940720481,0.684195412495223,7
"20196",1.26044430810055e-08,0.0828924222361116,0.0134413984402964,0.00162311963682167,0.902036621445168,6.36803169973148e-06,5.76054592463965e-08,5
"20198",0.000274828138335099,0.00290073667524329,0.50546558631764,0.17769292063357,0.0187766810802833,0.294364562072751,0.000524685082177308,3
"20204",1.37634183684561e-05,4.04220865517656e-06,0.000233772468276662,1.71254294614891e-05,1.81483321211115e-07,0.637411258605301,0.362319856386617,6
"20207",1.1765430875944e-09,0.0311312169744941,0.0133429041977849,0.0143761120781458,0.941113969555959,1.75981599675513e-05,1.81978571052161e-05,5
"20209",0.0633966240429051,0.0741607824526446,0.00519361634213859,0.0286617314935703,9.19185111791475e-06,0.828575496538979,2.55727864429065e-06,6
"20211",2.30884701440271e-11,0.998116021965039,2.84742599910636e-05,0.00148287935747733,0.000366184491126516,6.41079589407572e-06,2.91073828496678e-08,2
"20215",7.78557114231899e-07,4.09862048282121e-05,0.00739564924748722,0.83575423853027,0.156098948072663,0.000703240392681082,6.15899495652038e-06,4
"20218",1.25804882060811e-06,1.9920095888582e-07,8.66167303793581e-06,3.32584776947267e-06,3.07214282529471e-08,0.0209534931317523,0.979033031376233,7
"20222",1.1812772664274e-08,0.0220479952942773,0.0154328246023707,0.0263647406439223,0.934669724779407,0.0014454822590146,3.92206082353653e-05,5
"20225",0.000202618016589463,0.000150622335724658,0.000153405258364145,0.0316396444179117,4.24114607658226e-06,0.951887776451631,0.0159616923737027,6
"20229",7.63068924633883e-06,0.000233881802878956,3.97355773993547e-05,0.998065343123021,2.67403372553009e-05,0.00162140403392569,5.26443627328926e-06,4
"20232",7.21639595851251e-06,0.00350579658556557,0.345832106708102,0.617959268035379,0.0263777974022935,0.00631304077150882,4.77410119178342e-06,4
"20234",1.21234364718787e-07,0.0217117492321113,0.00246478337871626,6.74154640388695e-06,0.97581659928175,5.23066787244825e-09,9.59853225906069e-11,5
"20238",4.21281709803977e-07,0.000765024014569856,0.42277949808344,0.0121041389100001,0.564290876731018,5.10174288222244e-05,9.0235504395103e-06,5
"20253",1.91394877747873e-07,3.31336509517108e-05,0.00286703941805603,0.383997017252603,0.613097532008993,4.77425614221547e-06,3.12018376084246e-07,5
"20255",1.63691423524967e-06,0.000199039285885237,0.00192521490596057,0.00269430742630029,2.55376945352594e-06,0.995044891902814,0.000132355795350922,6
"20258",4.37732965056347e-07,2.22456113994992e-05,0.246636493607566,5.62507116506751e-05,0.753269336537081,1.52154731245524e-05,2.0326212473373e-08,5
"20269",1.01032913405269e-05,2.56742172547305e-05,0.891710043945223,1.6763800290348e-05,0.0834746095723418,0.005945739849391,0.018817065324159,3
"20271",0.00707533536107482,5.31193036506189e-06,0.472202016078178,0.00014780405042911,0.520523582973979,4.58674881727635e-05,8.21178018622928e-08,5
"20285",0.969721336346063,1.89685006149484e-06,0.00319726039210413,0.00932906460398994,0.000242452819735912,0.0168345796584776,0.000673409329567464,1
"20288",1.25907479478627e-06,0.000194814291069298,0.0697704883569243,0.837520907789408,0.0912181517510982,0.00126957301356123,2.48057231442176e-05,4
"20291",1.611889324715e-07,0.344105456397528,0.352047670139707,0.0048096094139918,0.299015541806228,1.97237161033304e-05,1.83733750942207e-06,3
"20295",0.0391224215965066,3.51051610483054e-05,0.913563663376758,6.6597222380657e-06,0.032633696117612,0.0106788295768012,0.00395962444903555,3
"20298",3.36466399572387e-05,7.38953304772432e-07,0.000214121151875904,0.000251992579153128,9.86139254306041e-08,0.998022229744769,0.00147717231701497,6
"20302",0.00184024469799659,2.48183369739043e-06,0.00871924719468837,5.2577392275892e-05,1.5232974320072e-05,0.361129248846219,0.628240967060803,7
"20305",0.000930770283471081,2.91875634480097e-07,0.000247847661980616,5.69916871910462e-05,6.3003582273144e-08,0.998576544680242,0.000187490807898346,6
"20307",3.75080258794635e-09,0.000138333279770963,0.0803086694375523,0.000970150831296178,0.91858175922809,1.07029093523057e-06,1.31815529814963e-08,5
"20310",1.62175786605307e-08,0.00010989161559381,0.00136724052749759,2.10513557626587e-05,0.998501795152675,3.34729311521504e-09,1.78359921916228e-09,5
"20313",1.04465769138483e-05,3.15300052364777e-09,2.64622788248194e-07,9.26994870650249e-08,1.19386006829836e-09,0.000596125201223133,0.999393066552727,7
"20315",7.68879156397264e-06,3.78109847867343e-05,0.340084151411784,0.0140683366363207,0.645719359351691,8.23800933104947e-05,2.72730543119165e-07,5
"20319",2.72060028714731e-08,0.277615818513186,0.00186985220705762,0.0142812429646975,0.706217986917338,1.5036276690124e-05,3.59150276083952e-08,5
"20321",1.64620537261347e-07,5.87787376625469e-06,0.0117832214043265,0.00274708004065048,0.985458292295586,3.20877545132097e-06,2.15498968246495e-06,5
"20327",1.0143905449614e-05,2.71126495004537e-06,0.414883089839604,2.58380416419911e-05,0.585074749610576,3.39436581410725e-06,7.29719641652395e-08,5
"20329",0.999915600987139,1.04081888752121e-10,1.95214941086827e-06,2.1626829884556e-06,7.22511728960129e-09,5.09385671507156e-05,2.93382841112326e-05,1
"20335",1.06363302539413e-10,0.0450169339419609,0.0142188215122987,0.000274062620078175,0.940489201503782,6.27089716530526e-07,3.53225800239901e-07,5
"20337",6.749739667919e-06,2.24532852762589e-06,0.0002239841848934,6.21832803916326e-05,2.11561997717482e-07,0.854684798166501,0.14501982773802,6
"20339",0.000200581962414884,0.632521250254932,0.000443608740885888,0.362730689647415,0.00156619617023886,0.00253654612883995,1.12709527302186e-06,2
"20341",2.67098007368099e-09,0.980690153988111,0.00115503735083762,0.00219164681459343,0.0155581687152508,4.06545524687515e-06,0.000400925004980363,2
"20343",7.36564860039224e-09,0.000929022971393737,0.00271226034559999,0.000153041263211022,0.996188786797619,3.5148845910499e-07,1.65297680689333e-05,5
"20345",0.0243646781044505,2.15397328678356e-05,0.0744897828694847,0.0130282901378793,5.75915041222424e-05,0.888034644661413,3.47298978253268e-06,6
"20350",0.000176360318213635,0.00384455977028229,0.00107727295454793,0.986897810866485,0.00569915182405656,0.00133347057693639,0.000971373689478119,4
"20352",2.22731523659286e-07,4.65328109897787e-08,1.27357993853477e-06,1.6173481400634e-07,5.58126623961705e-08,0.00030919535491635,0.999689044253334,7
"20355",6.19938563199626e-05,5.95142167993798e-05,0.00257395498937922,0.000406178174925296,0.000143147140141562,0.012508445229291,0.984246766393144,7
"20358",0.970245892247542,5.01013198969082e-09,1.70165937097397e-05,1.95780895372664e-05,2.28562783607964e-07,0.0229674508921802,0.00674982860411563,1
"20363",6.97200455431241e-08,1.03770951900848e-05,0.0382671281839159,0.00502625863301333,0.956666196089139,2.75192932645323e-05,2.45098543218201e-06,5
"20365",1.28069616206764e-07,0.613629675990664,0.139235107347067,0.129851674833062,0.107935412344752,0.00934721090982054,7.90505018495485e-07,2
"20379",0.000196955847899841,0.000489143664314162,0.0133242891949864,0.000323256235169678,1.478624387657e-06,0.985077247278816,0.000587629154425902,6
"20387",2.37009544864256e-08,0.00102349418536196,0.408135705119121,0.000292243613491561,0.59046148266969,8.69437327562055e-05,1.06978624993976e-07,5
"20392",2.50413063609169e-11,0.998517091842073,5.21112293794443e-05,0.000164673861289904,0.00126440126154806,1.72028743610207e-06,1.49323244956477e-09,2
"20395",2.16323095141819e-05,7.83488583623733e-05,0.039515249199454,0.395781116394229,0.000427688740257025,0.563464811223044,0.000711153275139363,6
"20397",0.997724697836757,4.81768340430737e-10,1.16923191471944e-07,5.48996807669047e-08,1.14401286503625e-09,1.99941584881573e-05,0.00225513455610125,1
"20410",8.16464741047976e-05,0.000186571238091279,0.887745224329789,0.000896243696318435,0.110054134219889,0.00103617534357282,4.6982348282501e-09,3
"20414",4.69322892200815e-05,2.35436479620767e-06,0.00461377294264051,1.84929186875049e-05,1.68989688344985e-05,0.81925132620792,0.176050222307901,6
"20417",8.82091681454009e-06,0.361424729340053,5.44108912665044e-05,0.000116920105179492,0.638395112606638,4.36344492781144e-09,1.77660338965658e-09,5
"20419",3.95032141198611e-06,1.86030801031443e-07,0.0698438028442736,0.000114705306747524,0.93003576674881,1.22480623094039e-06,3.63941724499448e-07,5
"20421",3.59895889187764e-06,0.0149877634324838,0.0237735550219747,0.000645676825013529,5.95490514581124e-05,0.196568080186816,0.763961776523362,7
"20423",4.24414888758996e-06,5.27442330488188e-05,0.00240253532398019,0.000135955469363793,1.64490430460789e-06,0.692050691104959,0.305352184815456,6
"20425",1.32539375313817e-06,0.000103247995634286,0.000287332113212363,0.0275844098148535,2.01344337023024e-05,0.342693467756407,0.629310082492437,7
"20427",3.68654078740857e-05,1.24704963757672e-05,0.283128664836434,0.00729536756248566,0.00143135019247993,0.7079355686956,0.000159712808750553,6
"20429",6.36217426263931e-05,0.00161717414992429,0.153069363179022,0.0209137613662006,0.824094350798406,1.28734533189425e-05,0.000228855310502324,5
"20432",0.000396358143457581,9.01548621777532e-08,0.000172734667017863,8.77195899615567e-06,7.01463530902933e-07,0.274753082343604,0.724668261268532,7
"20435",4.8417521355928e-05,0.00871779288103142,0.855249991307708,0.068983981461764,0.0431076200342868,0.0238899039088154,2.29288503789737e-06,3
"20438",1.77292284195286e-05,1.48245237678583e-06,0.0283584811442359,0.0362086724335813,0.93517663527298,2.81334734214451e-05,0.00020886599498492,5
"20440",4.59480274042565e-06,8.26354646590603e-06,0.298759961732951,2.19452718548814e-05,0.701182431489928,1.52401539791974e-05,7.56300208107243e-06,5
"20443",1.40452629483303e-06,3.4056576147371e-06,4.68568049014416e-05,0.000534987650119694,5.24225818905433e-06,0.000311684460527309,0.999096418642353,7
"20446",0.00153537139283604,0.000977025638023508,0.511662700297824,0.00975389566244521,0.132185051040647,0.340710463010447,0.00317549295777654,3
"20449",1.74146505621415e-05,0.0015449186030545,0.178057235130043,0.792341152206226,0.0179379915534387,0.0100982109415538,3.07691512161211e-06,4
"20537",4.0291339601439e-07,0.351497177940575,0.499524589946367,0.000527146390282378,0.147040619342764,0.00131798823422335,9.20752323925357e-05,3
"20540",4.954138081541e-10,0.997829660638593,0.000598569118035598,5.11492232457864e-06,0.00156627592368804,3.78283650218518e-07,6.18294406517811e-10,2
"20543",8.20762641332885e-06,0.000176183976155548,0.837260339033578,0.000898119302579921,0.00193838178310053,0.15879260749882,0.000926160779352808,3
"20545",9.23771472449959e-12,0.999597943808077,2.62361732032257e-05,3.48771859473578e-05,0.000336687105241104,4.18224874382223e-06,7.34695500839535e-08,2
"20549",6.33184279217902e-07,0.00312530611465169,0.343149926628081,0.00266214849696076,0.00124069864197349,0.638635347003402,0.0111859399306518,6
"20551",8.74024784623715e-08,0.000749385755202967,0.661546594496957,0.0964928619979092,0.235858240933232,0.00525765853806005,9.51708761610046e-05,3
"20554",1.00177208715752e-06,2.60425145541661e-05,0.906553307360404,2.68911245501655e-05,0.0929952866958513,0.000395450043723897,2.02048882905748e-06,3
"20556",8.92056607524568e-08,0.00502178398495175,0.00490431530658155,0.966375876949066,0.00206439833058736,0.0215459684535912,8.75677695614783e-05,4
"20558",6.03230979710728e-09,3.98018521414628e-05,0.0709174564908124,0.000279039327945649,0.928759628891828,3.99702410573052e-06,7.03808571387127e-08,5
"20560",5.81120329818311e-07,2.91122514824098e-05,0.462641930115784,0.0148715272358571,0.510910441039287,0.0065993507999658,0.00494705743729428,5
"20563",1.1030746896726e-08,2.83339391795778e-05,0.0129324771926488,9.80765491253497e-06,0.987029065397869,1.96803880016422e-07,1.07980763183705e-07,5
"20565",2.75928909501877e-06,0.000335255439086747,0.0985253275427164,0.226012129220314,0.599479144761285,0.0497118176185806,0.0259335661289224,5
"20567",0.000134285014567442,3.28817124692468e-07,0.000266313147691131,0.000260290507145628,6.57362156371243e-07,0.0889657489864424,0.910372376164872,7
"20571",8.50256455789399e-06,0.000120206400293939,0.000153575602759527,0.93834835685153,0.0613660491006014,2.63502575438914e-06,6.74454503364306e-07,4
"20573",4.84692860058017e-07,0.00134935395345382,0.813074426186197,0.109452253495981,0.0707388468363879,0.00506985957319714,0.000314775261923014,3
"20575",3.57885660212274e-07,2.51175836717482e-05,0.0832813294707491,0.000187708509127264,0.916504610752476,8.30229725428654e-07,4.55685898811489e-08,5
"20577",0.000122570475607164,0.000262421760962254,0.0503496243888909,0.798947424619539,0.00228775342138115,0.148010796042337,1.94092912824551e-05,4
"20579",0.145451273665222,1.98401734481599e-09,5.25998617915474e-06,2.10238281810583e-06,1.31820385593976e-08,0.000807338925048428,0.853734009874676,7
"20582",5.5721506279117e-09,7.33198459325701e-06,0.00431247469660532,9.70423244737374e-05,0.99558299144898,1.50753484010898e-07,3.21971342369807e-09,5
"20585",6.63947183882398e-09,0.927187526644638,0.0110195097622212,0.0288908838328072,0.0288639431245311,0.00403769076755473,4.39228776223438e-07,2
"20588",4.09149747603021e-07,0.940843525934008,0.00373082921558527,0.0529814161372681,0.000481370042767913,0.00187719598530298,8.52535353204345e-05,2
"20590",0.00158972961888494,1.21703271819247e-09,2.28249613713736e-06,9.75149150218815e-07,2.37287403027151e-09,0.00458346963713407,0.993823539508787,7
"20592",2.41797151886730e-09,5.23965894672688e-06,0.00661895785992001,0.000193218700429726,0.993182321918435,6.73553680506237e-08,1.92088928581825e-07,5
"20594",7.73897618696587e-08,4.64337176465063e-05,0.0165127672870901,6.88036930886895e-05,0.983371441773671,4.75495363172859e-07,6.43378424709436e-10,5
"20596",0.000494552399505732,5.75682928203927e-07,0.9148583964981,0.000618009727552103,0.0830581531277402,0.000831762904040552,0.000138549660133197,3
"20598",1.19509017319161e-06,3.58163776892617e-05,0.760070248349865,0.00309786391423745,0.234606385737087,0.00218603436297962,2.45616796783586e-06,3
"20600",7.5200097056226e-08,0.22904877596992,0.0205706379405349,0.720345332477897,0.00234049943248592,0.0272827478367853,0.000411931142279886,4
"20603",1.16525623571372e-05,0.00146086885703629,0.00337950015184425,0.00897947326522547,5.51251439260125e-06,0.984189699368084,0.00197329328105991,6
"20605",3.31830958820699e-06,0.000176485959126512,0.440749818348132,0.038651064068126,0.520387221020771,3.20835614734418e-05,8.73278283376174e-09,5
"20607",2.2651789052463e-05,2.6729571381344e-06,0.333077824112945,0.0565375547504568,0.610170985609569,0.000188046755051215,2.64025787175446e-07,5
"20609",3.113225286073e-06,3.11268365570053e-05,0.87450918613486,0.000118591655393478,0.12251991547873,0.00281127612587156,6.79054330191398e-06,3
"20611",0.0070881666600075,3.63555403600869e-07,0.000373612714331447,0.000401877003620154,9.29157775796916e-08,0.99206785016014,6.80369907200113e-05,6
"20613",1.42409236435931e-05,0.000849320428576616,0.892298038434255,0.000549607141088763,0.0069516645250561,0.0993359860869055,1.14246047445091e-06,3
"20615",9.72465041888573e-08,0.00813554094388702,0.030293320994702,0.872684962579132,0.00865033033689679,0.0797042327502672,0.000531515148610865,4
"20617",4.72945199210945e-07,6.25240330378224e-08,1.37151246533879e-06,8.57725613486994e-07,1.19367067657384e-08,0.00193066281430022,0.998066560541682,7
"20619",1.23112598778336e-07,2.15663837062353e-06,0.00909450612189836,0.00657318716308789,0.984328657204488,4.73825253640342e-07,8.95934302367428e-07,5
