"","V1","V2","V3","V4","V5","V6","V7","best$classification"
"19811",0.1654019090015,5.20083750936437e-13,0.000570347486320948,1.04082309748992e-08,0.0204322986544294,5.43266592029391e-07,0.813594891182406,7
"19813",4.73140342983845e-23,1.21290008974671e-26,0.0700911413784742,2.36735867767484e-22,2.25952472244608e-06,1.41273950388759e-29,0.929906599096803,7
"19815",0.931968162845071,6.2825218790892e-05,3.84222154682644e-05,0.00746199752508318,0.0604685921864758,3.58284329131367e-22,9.11053480659936e-12,1
"19817",0.98729589829948,1.65233199800746e-07,1.4141284923549e-06,0.000749005848968274,0.0119531261179898,2.54836171785196e-08,3.64888252806389e-07,1
"19819",2.47756758863788e-42,0.372549408314332,0.0317352697018181,0.592073103969651,0.00364221801419884,8.68661135513386e-42,1.17894442631598e-66,4
"19821",0.069103313677916,1.52794745661048e-08,0.470672479267599,2.78328698014332e-11,0.416362291809173,1.60839249803007e-05,0.0438458160130233,3
"19823",3.48031721255389e-06,4.71699535498037e-12,0.0106817182148349,0.989291293438706,2.35080245292584e-05,3.49078436485932e-29,1.05557777795688e-25,4
"19825",1.02883918303141e-47,1.96046720801453e-21,0.999750087099002,5.10390983246068e-20,0.000249912900993622,4.73001325573293e-15,6.14805482998572e-26,3
"19827",0.688832379276415,1.48307312899953e-08,0.00167739574540028,0.0029419763449437,0.0227916743034416,0.283756559499067,2.93674999079343e-16,1
"19829",1.46720861663809e-21,0.0151698750251862,0.00199401666197251,2.08555498947107e-07,0.982835899401133,3.56209335656123e-10,3.99830725536231e-24,5
"19831",1.59198503662676e-31,0.0408477898379117,0.00375877282809492,0.924223489920082,0.0311699474139117,6.9118165682846e-56,2.21806541682975e-42,4
"19833",1.85393741242482e-96,1.895489609624e-39,0.999997119408632,2.88059136809457e-06,2.09712713463552e-16,5.43595481656271e-69,5.87131522322176e-67,3
"19835",0.069103313677916,1.52794745661048e-08,0.470672479267599,2.78328698014332e-11,0.416362291809173,1.60839249803007e-05,0.0438458160130233,3
"19837",0.970898874146154,1.12014415138913e-06,2.62944452898511e-05,4.50953512062499e-05,0.0100858134058,0.0189428015025743,1.00482369194746e-09,1
"19839",2.39470285783967e-22,8.17302401791174e-06,6.76880194269755e-05,9.87309502817063e-13,0.999923333780591,8.05171907594105e-07,3.06965980237798e-12,5
"19841",2.94286490017351e-33,1.7582051238479e-27,0.298945874082442,1.75321728871848e-23,2.73345972234314e-07,0.701053852571528,5.76879009071013e-14,6
"19843",8.70222419652355e-54,1.3269221410711e-05,0.564101313434252,6.80673172181019e-18,0.435885417344337,4.11507225035825e-52,1.065470943246e-17,3
"19845",0.00058855619551336,5.48453376542833e-24,0.0194093869886421,5.01823395403029e-14,1.89699567619032e-05,2.63964483212253e-30,0.979983086859032,7
"19847",0.147448010197409,3.39341156348626e-07,0.00523076820903479,0.000207805712943678,0.842715945294686,2.65122224677867e-27,0.00439713124477028,5
"19849",5.32525358087114e-19,1.41860129738349e-33,0.00172274494767355,1.08025505699213e-23,2.30665937219003e-09,1.48115852922307e-30,0.998277252745667,7
"19851",0.995300472925118,1.16405970911523e-10,5.48890531355076e-05,0.000548494933011678,0.00409267689803507,1.08137206492026e-11,3.46606347966988e-06,1
"19853",6.71254264671655e-05,3.47515260078218e-30,0.98872868723444,0.0110585000455418,2.15720150807999e-07,5.96034273045663e-22,0.000145471573400353,3
"19855",0.995068692615245,3.75779258283257e-17,0.00324464814085195,0.000462185563787955,0.000671593084893255,6.6920337423278e-08,0.000552813674883972,1
"19857",0.550988810916074,9.68901811229176e-05,0.000359440828496694,1.05950883545952e-08,0.446066471724742,1.91488406770213e-05,0.00246922691379876,1
"19859",0.926301983299655,9.43218350152415e-07,1.69692360208557e-06,0.00893815861652148,0.0647555391863933,1.67499428589024e-06,3.76119259127321e-09,1
"19861",0.039135792565122,3.21659680582417e-16,0.00181524803887578,6.51082167157524e-08,0.00239257990742278,1.56021362336351e-15,0.956656314380361,7
"19863",4.07245613487588e-30,7.63767373389118e-48,0.0359917128703342,1.01815285423647e-30,8.0501576944944e-11,4.66322999501326e-08,0.964008240416864,7
"19865",2.7663829528964e-05,1.47306406317328e-18,0.000646222850022557,1.83145301623067e-12,1.92432836607824e-05,0.999306870017546,1.74099398334779e-11,6
"19867",0.812555411731139,2.7127335453656e-09,0.011573192040468,3.12492102916472e-05,0.144137020195686,4.92920947959958e-30,0.0317031241096821,1
"19869",3.95261934838181e-11,7.90556504360366e-33,0.00551515681249877,8.9183075469663e-19,3.57290818392819e-08,1.13497657428745e-11,0.994484807407543,7
"19871",0.967800575930936,6.54117424763241e-05,3.67579429929391e-06,0.000990775969299565,0.0299781772314998,0.00116138333105436,4.34681616176775e-13,1
"19874",0.994677454571488,9.01673325615083e-16,0.000495902938301776,0.000126484328389301,0.00327391891203826,0.00142623921742449,3.23573941643884e-11,1
"19876",0.99979632566758,3.2929316891128e-19,0.000130698651209459,6.15644122162847e-09,1.63512727341612e-05,5.47041310761848e-05,1.91412095876999e-06,1
"19878",1.50798281554608e-26,6.60360656616792e-07,0.0335971507349373,2.52270248880799e-07,0.966401936634157,3.35228214246077e-27,1.56477484326334e-18,5
"19880",9.47442205663279e-08,5.39672692226649e-29,0.000228648654859503,6.94934073041994e-15,8.15926024834412e-09,0.999771240977799,7.46385393840181e-09,6
"19882",0.000624782254375021,1.92477794643206e-21,0.348721959180036,1.1433740220992e-10,0.0038242714749719,6.48772217456106e-17,0.646828986976279,7
"19885",0.918165405572789,0.0141375600105892,2.79479803336751e-06,0.000122400141337754,0.0675707820816602,5.83161940686798e-08,9.99079396365005e-07,1
"19907",0.0152987379341808,7.52606799248022e-14,0.129150386657712,4.98406916112042e-08,0.0511842551335963,4.89861950069301e-25,0.804366570433744,7
"19909",1.01936212905383e-12,0.841801732087251,0.000405181053115427,7.56553587359763e-08,0.157793011202735,2.78808782906857e-25,5.20116245375798e-13,2
"19911",5.87451294924836e-16,0.00599603908664125,0.000372595381985651,3.84988272689738e-07,0.993630968321735,1.22213644026829e-08,6.57448922018448e-23,5
"19913",6.65578391565471e-19,8.42956015473797e-30,0.000641275994650839,4.86052952268703e-17,1.20524635789563e-09,0.999358722800103,1.00282742484704e-19,6
"19915",0.129163615026176,1.38551702136319e-14,7.66057801313061e-05,1.54519136020261e-05,0.000244036359047614,0.870500290847543,7.34865442903392e-11,6
"19917",1.18853179235742e-05,1.75879309106296e-12,5.66855018621166e-05,7.28613330039884e-08,0.00426015043856727,0.995671205870261,8.29411901076707e-12,6
"19919",0.931275173612926,6.54193989333507e-08,1.50605859330978e-06,0.00078406226260762,0.0100035661656095,0.0579356264473842,3.34802680255624e-11,1
"19921",0.989716394064363,2.08326802809296e-08,2.41006034079208e-05,2.57224187670665e-05,0.00952267980687002,2.1091684698327e-16,0.000711082273912075,1
"19923",1.34417089921488e-11,1.06622106893856e-06,0.0011737605360737,0.00308385811208729,0.995741315117151,1.84248874629853e-35,1.77139248358277e-13,5
"19925",0.00312442972585972,9.31738704877093e-15,9.16765003817306e-05,4.09435878421186e-07,0.000331586097081636,0.996451898238763,2.0263123273357e-12,6
"19927",0.993836178675156,2.0141993352929e-08,2.14591626909622e-05,0.000539047771150756,0.00560209722808386,1.92123337826776e-14,1.1970209059642e-06,1
"19929",1.46949233902655e-18,1.43464420334117e-43,0.426132874315991,1.69245312942127e-29,2.28066764550239e-10,0.00368572033518408,0.570181405120758,7
"19931",0.611428676641737,0.000223276016165203,9.79262721099182e-05,0.0125455669348956,0.375704554104061,2.18722658143215e-14,3.10097234131439e-11,1
"19933",7.86652596366827e-05,0.652139394278868,0.000470469093115218,0.00112687223833672,0.346184599129959,8.48017914385191e-14,4.03845443019309e-20,2
"19935",0.00129343269061024,0.00744527773351859,0.0141476437827261,6.46560266915789e-09,0.977105996402359,1.27092303367386e-13,7.64292505655224e-06,5
"19937",0.995794850002386,6.23036311378718e-08,1.57377343329237e-05,0.00117405433775273,0.00301529551538451,1.24968657509379e-20,1.0651319036216e-10,1
"19939",0.00805544032846691,2.90909902933276e-07,0.00208840434379715,0.00636579289264847,0.98349007133863,1.22736692042284e-11,1.74280415260516e-10,5
"19941",2.66211157507019e-23,3.45316432972835e-05,0.00438203355549456,1.01130875318722e-12,0.995582413190638,1.02160955846074e-06,3.15016760622226e-19,5
"19943",1.86983080791649e-06,5.61446705713584e-22,0.00088850205725617,4.18378903891847e-09,1.32238988562991e-06,0.999108301538261,2.32565386067297e-18,6
"19945",6.67233151363389e-06,0.914063493268312,7.02532134380052e-07,0.00358495655090166,0.0823441753171353,2.89561868970792e-15,5.35188826105851e-21,2
"19947",1.57865369235388e-22,9.78721952642923e-13,0.891036637644365,1.8418276888843e-12,0.108961395401862,1.96695090711706e-06,4.54044210027929e-14,3
"19949",1.57214129621095e-08,0.00362444743199772,0.00225706063154607,0.0113814158196737,0.982737060395369,1.69801356605863e-35,3.879947834158e-18,5
"19951",3.3245686565981e-05,5.18764537341957e-08,0.00262206452899871,1.63829671297715e-05,0.509346481067418,0.487981773735736,1.37697378983911e-10,5
"19953",5.29207332574107e-35,0.000167125204493834,0.0288638022307759,0.970935082926227,3.39896385035591e-05,1.09311405632018e-63,8.6641686452672e-53,4
"19955",7.68571377495337e-20,0.00879600329083166,1.67495648477379e-06,0.0087497717315988,0.982452550021085,4.35025622953291e-42,1.26610407192907e-22,5
"19957",2.62429940608554e-06,9.42152645152933e-11,0.00846540104452241,0.88607556709779,0.10526136308732,0.000195044376745895,1.32575566756617e-18,4
"19960",9.00898750999078e-26,0.000415659185804363,0.018339260215572,7.87467679672096e-12,0.981245080590749,6.07877654451675e-19,1.98690729956579e-21,5
"19963",9.38283878434499e-54,2.55963929141917e-34,0.999999921726478,7.82718361794757e-08,1.68593782172631e-12,9.36583875096893e-24,3.90779116987116e-49,3
"19965",2.448377304547e-37,0.0879675935994022,0.00150224240074529,2.57731330130598e-08,0.910530138226719,4.91283755828179e-41,2.78677785002863e-19,5
"19968",7.74045487832138e-13,1.72008430975668e-16,0.984595363687633,2.00910241127955e-25,0.000758209265535811,0.00544481976958179,0.00920160727647554,3
"19971",5.28351871234171e-56,1.97796394779018e-24,0.999999982350284,5.68539133228114e-10,1.58440171209159e-08,1.2371599339301e-09,2.75386421500806e-47,3
"19973",0.994048987127673,9.65459575495842e-08,8.74420659247051e-06,1.17577132139476e-06,0.0055692381234318,0.000320645521781009,5.11127032428072e-05,1
"19975",0.00128537379403462,4.69700248591307e-13,0.00207639892635507,3.64893536419892e-10,0.00674865194642257,0.98986641639005,2.31585777744962e-05,6
"19977",2.14519060462933e-37,1.18077483909636e-29,0.999533719289496,4.15750531299308e-10,0.000462296263405559,3.98403134842099e-06,4.29511934297415e-21,3
"19979",2.52848215857028e-44,0.898385180190298,0.00120092397375988,9.08527770478361e-06,0.100404810558237,1.07912512581223e-27,2.08407471490462e-52,2
"19981",0.595393848288601,0.0934283995751637,6.7371133203024e-06,0.000480701809602514,0.310638046959628,4.08997047820702e-13,5.22662532750958e-05,1
"19983",0.0512835047711319,0.000926198099968478,2.97118209266892e-05,0.000513481998569839,0.947238218295191,3.27134855091124e-18,8.88501421241537e-06,5
"19985",0.794008144132929,8.82852858399536e-18,0.000107449838125946,1.28146323136528e-07,0.000193015412485167,0.2056905860785,6.76391637158558e-07,1
"19987",0.0800936191642952,0.00116152294894502,0.00169398164952596,0.000909527366365337,0.915372833730072,0.000768515140124454,6.72160806220014e-13,5
"19989",1.47542653299364e-32,0.98978731099959,0.000918221668100874,0.0022671331935266,0.00702733413878239,2.85517280984846e-54,1.06067549407518e-46,2
"19993",5.27425136323229e-10,0.0237388461391671,0.0047000300724963,0.00131753144701933,0.970243562349735,2.94641573319693e-08,1.70807045584209e-19,5
"19995",6.93915636923182e-09,0.0710139621220213,0.00395596389088011,5.34762191362627e-07,0.925029531750334,5.35416159090638e-10,3.80531741371347e-16,5
"19997",0.992824399432346,2.73057458094599e-10,6.56442418217287e-06,6.43666831978264e-05,0.00710198470577567,9.15768393493826e-07,1.76871304720313e-06,1
"19999",0.0124858348864483,1.56953783757727e-17,0.000463176358049172,1.80531025443112e-07,0.000344550107746058,0.976864082051988,0.00984217606474297,6
"20002",8.40357756852412e-43,3.18223032883758e-38,0.999999995517411,6.03581614026887e-26,4.24601589150154e-09,3.26752324459685e-13,2.36245672733575e-10,3
"20004",4.84644023439755e-10,0.011167473613629,0.0152571437641977,2.85803505423136e-09,0.97357537927843,1.44300958545423e-14,1.05004862940205e-12,5
"20006",3.2007183662386e-32,2.48772975178415e-08,0.00826603216029623,5.75117522166249e-10,0.991733942387289,8.96054331735791e-21,6.75273985073654e-22,5
"20008",1.49466746203166e-31,4.75962642030996e-07,0.0108004517853789,5.61714505651911e-08,0.989199016080529,3.83862712692152e-27,5.34855361542111e-23,5
"20010",1.06415494447318e-10,0.872318489349155,7.30758193454302e-06,0.023419003747234,0.104255199215261,1.57000005227534e-25,1.10272949784267e-30,2
"20012",2.2898575998713e-08,1.48111616828716e-19,0.883477115998538,3.74959748229982e-14,0.00240791169115469,0.113570725594216,0.000544223817478238,3
"20015",7.12007670080248e-36,0.958357475875792,0.00744923228303747,8.97160432101221e-13,0.0341932918402733,3.97437679812199e-37,1.90169036641929e-22,2
"20017",0.99741514645298,3.07250579096261e-14,8.68625249241217e-05,2.28553555171589e-08,0.000428363518855884,3.92373389637592e-05,0.00203036730888968,1
"20019",3.15159011360577e-60,0.963876569290287,0.00440309167089342,3.02131477549301e-05,0.0316901258910649,5.30844897451644e-49,1.02162419867305e-62,2
"20022",1.41939951961854e-09,0.904153105798546,1.54925730481363e-06,0.00782880577926106,0.0880165377454888,2.25965335450917e-22,1.1371997406219e-26,2
"20024",6.10719575603584e-62,2.75396418522093e-08,0.996445587168816,0.00351926277328747,3.51225182546715e-05,6.24345819813005e-85,3.60283703160485e-63,3
"20026",6.10719575603584e-62,2.75396418522093e-08,0.996445587168816,0.00351926277328747,3.51225182546715e-05,6.24345819813005e-85,3.60283703160485e-63,3
"20028",0.997009963207878,1.73390200992828e-16,0.000153640977433996,1.6648056163689e-06,0.000209442598351044,0.00261985380590785,5.43460481238534e-06,1
"20030",9.44488650100215e-30,0.0264161885365215,0.0342530441155591,9.31360989823896e-12,0.939330767338606,9.00485888731953e-19,3.65831857120225e-24,5
"20033",0.10863291591285,5.86231019555335e-06,0.00129648097596392,3.54690442469575e-05,0.121584151234691,0.768445082546083,3.79759695183729e-08,6
"20035",1.4510518823866e-58,0.828004472940028,0.0957783099812741,0.000169175395753449,0.0760480416829439,1.27840935390463e-56,9.55525023159923e-60,2
"20037",1.48574839672032e-53,0.966055584168432,0.00178622905301746,5.69078173146115e-07,0.032157617700378,1.79908703700476e-55,2.93577618260504e-42,2
"20039",1.36081396828366e-78,4.44159433342335e-16,0.255697248709488,0.744302751290478,3.37128734706728e-14,3.35262432173864e-127,4.17745251114596e-86,4
"20041",2.62269666125807e-13,9.0614655490344e-05,4.28320961874674e-05,0.00894905093101602,0.990917502317044,4.04349801785556e-21,3.37231071803047e-19,5
"20044",1.09639297456127e-18,4.0795463521545e-06,0.038192919069978,0.00105742554542132,0.960745575838249,2.16699858694288e-18,1.48209603033539e-23,5
"20047",5.04689612048781e-69,0.881138527163242,0.0263732146782414,0.000259442175258022,0.0922288159832584,6.78453875151848e-42,1.09915568950461e-71,2
"20050",1.14384709767681e-23,0.00527676911676942,0.00636765967005282,0.965610326313666,0.0227452448995121,1.17253426455861e-27,9.01007740798936e-51,4
"20052",0.229515377496915,0.029205132151285,3.87647031533063e-06,0.0754503268395485,0.620765021604899,0.0450602654370367,1.48022825135589e-16,5
"20054",1.17638000231155e-18,0.772627227929695,0.000340864386793635,9.17431027543803e-11,0.227031907591692,3.64231504845319e-21,7.65361552175722e-14,2
"20056",2.69945895869098e-14,5.2464185112075e-15,0.157178752202626,7.53214765375323e-11,0.00131175009396968,0.84150949762805,1.02661877119448e-20,6
"20058",2.89219065073538e-32,0.98278107836575,0.00106487879651937,0.000199397310941395,0.0159546455267888,8.6174022346502e-61,7.9380149681302e-38,2
"20060",0.852447640321741,1.12309572939389e-07,0.00402433168419464,0.000178090267655557,0.143349668287406,7.41057495386311e-13,1.57128689127164e-07,1
"20062",0.10232999282458,0.0101865158134943,0.000139365789982907,0.000779625662949294,0.886560390444059,9.40740700565714e-10,4.10852419370059e-06,5
"20064",1.12881457775142e-07,0.926469397574485,5.68575010170596e-06,4.05269534169028e-05,0.0734842456592622,3.11812765032046e-08,1.46716432115212e-20,2
"20066",1.11668394276318e-49,0.275503536565485,0.279125336643214,6.44435370267093e-13,0.445371126790657,1.4172253893386e-28,1.21227317720919e-35,5
"20068",0.970122146161362,7.59737075542811e-11,0.000110679386052575,5.52263713486849e-06,0.0208091779085847,5.64819213308922e-15,0.00895247383088618,1
"20070",0.852342024334294,8.22224223185602e-09,0.000187168446671328,0.0414142263973668,0.106056568170741,3.07661469343533e-24,4.42868429626293e-09,1
"20072",1.87781162134556e-33,0.0963870078287936,0.152642040335631,1.46576256740078e-12,0.750970951775915,8.5695436756828e-52,5.81943668898639e-11,5
"20074",4.26967333250362e-19,3.76138336137124e-41,0.00542182260092184,3.67520018592477e-22,1.22754682089392e-10,0.994577982722874,1.94553449180209e-07,6
"20076",9.11867497041964e-08,4.11753444283773e-09,0.22715003301728,3.49580273426763e-18,0.260607211489934,0.449991424895199,0.062251235293303,6
"20078",1.72696214429968e-10,0.748736063308659,1.45389682117047e-06,0.00179072002297483,0.249471762598839,9.93266688625004e-15,7.89367506184981e-24,2
"20080",2.62678726813781e-44,0.990575654335619,0.000232718919416684,0.000146212754653654,0.00904541399031095,2.42462911471661e-35,3.90437954206281e-57,2
"20082",5.36263518938724e-47,2.27515535689957e-07,0.0181112365020837,0.981888534826637,1.15574415690923e-09,8.78757435952209e-70,2.46884770918604e-83,4
"20084",2.64890782265553e-18,0.0417824533479571,6.76885909981082e-05,0.0042395457447316,0.953909917034004,3.95282309649039e-07,1.79575904320165e-36,5
"20087",5.25974170266388e-11,0.766134908327369,1.57444266511188e-05,6.33934738160792e-05,0.233785953719483,8.42969191943833e-32,8.36559051951354e-14,2
"20090",2.27664614035045e-43,0.977342880394442,0.00103803478797115,0.00710204025295059,0.0145170445646362,2.56662652656974e-38,1.7271907406009e-57,2
"20092",1.77775819697967e-18,5.52709451740337e-08,0.00971996892648191,0.989919241261495,0.000360734541077687,5.00952856588801e-78,2.94694327797533e-23,4
"20096",8.0022661593487e-12,2.49351741819194e-07,1.98119826748978e-05,0.99486067769513,0.00511926096245086,1.42161985669081e-22,1.18559069854445e-30,4
"20098",0.735516181567896,4.42618935779855e-08,0.000723078038380362,0.000335292485643336,0.0243615310729353,0.23906387248786,8.53911225934298e-11,1
"20101",5.22697660736073e-33,0.619810392451733,0.000396082235706656,8.77531874497186e-05,0.3797057721247,4.10534429156676e-13,8.14325104675122e-46,2
"20104",1.19216941018937e-17,3.91758041973621e-28,0.880473241454966,0.119526756867994,1.67703865347935e-09,7.22949724983797e-54,1.25318102653273e-15,3
"20106",3.38383434207916e-20,0.971668353433421,6.32162422239486e-05,3.41639476341362e-06,0.0282650139292177,3.73755731825582e-13,1.05218875780706e-30,2
"20108",0.980642621901378,1.02775550930345e-07,0.000143440721614554,7.68800038468018e-07,0.0192054173035877,2.29100712147923e-06,5.35749070895985e-06,1
"20110",1.96850501569307e-12,1.6157213521807e-08,0.00329718260546069,0.94889599306664,0.0478068009773647,7.19135318013768e-09,6.0689102399504e-34,4
"20112",2.09171923318835e-19,0.453553491001434,0.00169852168375384,0.037332864452632,0.50741512286218,9.55976724493331e-23,3.97558908573616e-33,5
"20114",9.83190863600154e-14,0.0315572313745676,0.00202064027409977,0.000115609226125739,0.966252776438136,5.37426869723163e-05,2.7699194345224e-28,5
"20116",2.66845505861766e-14,0.0888226050729639,0.00031430333121446,1.32299997724004e-09,0.910827867013016,3.52232597748907e-05,4.62104053648412e-15,5
"20118",0.35460344507333,0.237896267492488,5.7301764242796e-06,0.0105617180180221,0.387180061070885,0.0097527781688446,5.91980605154062e-15,5
"20120",3.21757176553125e-21,0.142533191275848,0.0272339295537482,0.214617744427172,0.615615134743177,5.48469269825417e-14,2.5899037979777e-49,5
"20122",1.09800910710832e-07,4.02474365344679e-19,0.000118964976266666,5.63071071250086e-13,9.65934512415661e-06,0.999871265172259,7.04876470101711e-10,6
"20124",1.80188573742223e-39,0.736129396814019,0.000122675621432647,0.001084676176824,0.262663251387724,2.32521310362204e-45,6.99774968780411e-38,2
"20126",1.43105872897945e-69,4.93086044355135e-13,0.862521517821105,0.137478480268293,1.91010888642845e-09,1.04892724149664e-79,9.17109734923817e-69,3
"20128",4.26643787470568e-103,1.96008145465076e-05,0.996481365957624,0.00349590477912367,3.12844870541486e-06,8.86258728940183e-87,3.99308059349597e-88,3
"20141",3.17675250697852e-08,4.97695304030757e-19,0.0639754027881674,0.936024515563103,4.98812046201549e-08,1.71935250204175e-27,5.85188220234166e-24,4
"20143",1.64047610555396e-28,3.48580130071248e-35,0.784622553405277,5.01000855361254e-18,1.39604725046291e-08,0.215377432633987,2.63218070960589e-13,3
"20145",4.03675926616534e-11,0.956179284257653,3.18050945659984e-05,0.00814442458001587,0.035644486027397,2.45686351580225e-19,6.36692866827134e-35,2
"20147",1.57779477443465e-11,0.970608053972992,6.75915528803131e-07,0.000296254693403586,0.0290950154022977,3.33080435489363e-16,4.78906453630458e-25,2
"20149",1.70409426048211e-06,3.70999156825186e-22,0.00169596450893067,4.54732559098457e-12,3.49093983451766e-06,0.998298840444165,8.26216140524488e-12,6
"20151",0.949448839050157,3.18766879128943e-08,7.31013120249449e-05,8.77502726192392e-06,0.0093339354366809,0.041135315635462,1.66172544999137e-09,1
"20153",2.13482659817912e-07,1.34059942641606e-09,0.0873488181400122,0.66635715295344,0.0259328421150787,0.22036097196821,3.82087774750639e-31,4
"20155",8.70403076615645e-24,0.930252816921639,3.73988322361495e-06,4.68066991298373e-05,0.0696966364960079,2.6756301562133e-24,7.47754188002135e-28,2
"20157",0.65138838924229,1.55769375627809e-12,0.0592042539736065,0.000168867004577489,0.015262917055649,0.273975572717426,4.89298296245329e-12,1
"20160",2.3837740502819e-16,8.66954567376337e-31,0.00022931759029832,1.35036983228441e-17,3.12468745298655e-10,0.999770682097232,1.21191945791344e-16,6
"20162",0.000125725307360679,1.66577744672142e-25,0.000226222664907,1.42344037210409e-12,8.2512504552844e-08,0.999647968311449,1.20235513939395e-09,6
"20164",1.96896933965211e-08,1.64017600119193e-13,0.0447784032942656,9.11311800046659e-07,0.0182681401180915,0.936952525585984,1.30538850357038e-15,6
"20166",1.32498788642258e-44,5.38053935784308e-05,0.730216697654367,1.75135972600673e-22,0.269729496952054,9.82251620192174e-17,9.93565736055234e-21,3
"20168",1.63602768612725e-43,9.48481136541504e-26,0.999853466806341,2.1597804385084e-29,3.94602468283481e-05,1.90761452187355e-26,0.0001070729468309,3
"20170",0.00188602986091198,8.24097116981217e-10,3.01651307881468e-05,0.000753952462375135,0.00259357113172514,0.994736280590066,3.63343266402174e-14,6
"20172",1.44794635490742e-11,0.961997790892709,2.00374392630621e-05,0.00675587704167677,0.0312262946118711,1.954187716122e-35,1.40981398939642e-26,2
"20174",0.861131429654898,4.31582056741921e-22,0.0158897268370055,2.59512896126173e-13,2.77527084778048e-05,0.000575466083869632,0.12237562471549,1
"20176",3.09877428599217e-32,7.49722155779683e-20,0.893490525683659,1.90147227196886e-24,0.00329104881240367,1.72216981250317e-25,0.103218425503937,3
"20178",4.03074101755688e-18,1.20314796355132e-31,0.000621997031045451,3.31192191775302e-17,1.64545357075777e-10,0.999378002804409,2.1700408431144e-19,6
"20181",5.537733315405e-33,0.014447572671633,0.0479374051426457,7.44304917521157e-13,0.937615021939484,2.45493145803768e-10,1.06220442664705e-29,5
"20183",0.940414223588376,0.000117624544238054,0.000100161787644239,0.0152867158509615,0.0440812742233031,1.28383714038325e-21,5.47713221205962e-12,1
"20186",0.00482539576762795,7.41351635304956e-05,0.129677982563253,0.0501789388066851,0.815239682811222,2.57633448359002e-55,3.86488768162689e-06,5
"20188",3.30780242009501e-13,5.30985254503093e-29,0.000589910184678585,1.36894420019145e-13,1.30827228018833e-08,0.999410076732128,2.79783423579662e-15,6
"20190",1.43466527670917e-34,0.966070300599229,0.00183283172246348,9.51918984104941e-10,0.0320968667263889,8.41608597879228e-29,4.21398014579703e-33,2
"20193",1.54793363920877e-42,6.34138394113768e-26,0.999846502625132,7.11616727300845e-28,0.00013485716139323,1.86399181491638e-05,2.95325728732445e-10,3
"20195",1.16024418656307e-06,5.0541647125588e-08,0.00559419982454856,1.17187239001291e-05,0.223076493519036,0.771316377146608,7.32302606115767e-14,6
"20197",1.2100415624553e-15,0.979764723165616,9.32214145824845e-07,0.0017452688858447,0.0184890757343922,1.48362713307159e-26,1.25317045675545e-23,2
"20199",3.04684392288435e-05,1.42189971782996e-18,0.000199935287095521,4.03034988736615e-05,6.67912281604662e-05,0.999662501546596,4.55073819013682e-14,6
"20205",5.52411689553058e-43,1.49954663530748e-11,0.0398689208019714,0.960131078023074,1.15995951507069e-09,4.32169562239381e-81,7.28899971832754e-70,4
"20208",0.0198402267291508,2.13004654461659e-05,0.00288278566502942,0.00191383938829452,0.972320779998332,0.0030208290954667,2.38658280813161e-07,5
"20210",0.000233595096102233,1.24823917224383e-21,0.000138208148513975,3.51647128543632e-10,8.04716838956493e-07,0.99962739162797,5.89273987213358e-11,6
"20212",0.00379404318119832,7.13541019507059e-12,0.00357251668825927,2.19093653623283e-05,0.0156728328550975,0.976938697892596,1.03511871513543e-11,6
"20216",4.66660747393893e-17,0.19469465759324,0.00277263146778526,1.97904889887225e-06,0.802530731890076,5.06437559158445e-16,4.80672958080569e-27,5
"20219",3.07962822220204e-19,0.323163241273809,0.000114088869118142,0.637905510679924,0.0388171591771488,6.33744385663853e-25,1.94911559250176e-50,4
"20223",8.97513200753142e-71,9.63796747140255e-05,0.843101427779475,6.11892842656963e-16,0.15680219254581,1.0106057670027e-73,4.37167978418855e-25,3
"20226",7.48182931223145e-09,0.000273733326815558,0.000481318325596063,0.0172175670605067,0.982027373746649,5.86035914307646e-11,9.12299673203374e-19,5
"20230",3.37220998670975e-42,0.940312311230442,0.00545111974791837,3.65173567476798e-08,0.0542365325042833,3.41683675395899e-39,3.30434915850685e-38,2
"20233",4.17246887808082e-37,1.71784210333954e-32,0.10061081090477,0.899389189095229,2.48074713589209e-16,1.28802334513374e-60,6.23684747381571e-55,4
"20235",1.76637707411735e-45,0.00219496000521894,0.0201599395104319,0.000485874219269135,0.97715922626508,1.08237124982724e-67,1.66933154904239e-27,5
"20239",6.8761415093275e-18,0.00811945398852436,0.000100711159717289,1.91444759240648e-07,0.991779643392554,8.63793801332155e-36,1.4445408105594e-11,5
"20254",4.25711560365793e-60,4.6065496714248e-06,0.0374344260918382,0.962560964752966,2.60552463118293e-09,6.32395920733881e-70,6.64031811130304e-93,4
"20256",7.49375065078923e-24,0.953131895463342,5.63749295121681e-06,0.000167355376690426,0.0466951116670161,1.23729222929612e-45,1.2765355380131e-25,2
"20262",0.0860399683621499,1.71335542073494e-11,2.9786738905577e-05,3.55531043888576e-06,0.000463597745510154,0.913463091812429,1.3432578586971e-11,6
"20270",1.38525056188433e-26,1.66859094927498e-06,0.414466851722784,4.19826449294936e-14,0.585531479686225,2.12453431404282e-17,2.9671978939621e-16,5
"20284",1.23864699538978e-08,1.16918695194256e-07,0.0390822259560896,0.957849623454453,0.00306802128429223,8.71380647574518e-36,3.17977255061636e-32,4
"20287",4.40430685874119e-59,0.865423706129015,0.0104254442230111,1.67463795626098e-09,0.124150847973337,1.67186554942496e-58,4.24642492966169e-38,2
"20290",2.14920107492679e-29,4.58936097329448e-11,0.0615882782473095,0.938411482043245,2.39663552167843e-07,1.91850698303992e-37,7.13968638292952e-65,4
"20293",3.84446678099198e-08,0.930193928451676,4.75669031349204e-06,0.00751503887205857,0.0622862375412844,9.43145988782821e-19,2.49033901605653e-23,2
"20296",0.00380176258678196,5.70697619290083e-07,0.0180171965032319,6.50252814247474e-14,0.220461028935775,0.679562675640544,0.078156765635983,6
"20301",6.86328019801542e-82,0.00312247727230767,0.54640415696624,7.94823651642569e-13,0.450473365760657,2.67260229396143e-30,9.33299948128357e-54,3
"20304",6.89937059085262e-41,3.50224771561581e-07,0.00959434401239469,0.990405305065286,6.97548195826786e-10,2.67490654704882e-69,1.8901718943964e-77,4
"20306",6.02940072275836e-40,0.91995097826668,0.00668320094207825,0.000452237922025291,0.0729135828692164,6.16694114882026e-54,1.98802881419366e-42,2
"20309",4.93803353017851e-11,0.190033751217706,0.00045396523171329,0.119617752715147,0.689894530786053,3.79406741022463e-19,2.13590768729132e-21,5
"20311",5.28278333650006e-20,0.083456276614326,0.000262636374478124,5.39936078705682e-06,0.916275687650402,6.91927903512955e-15,9.11034191429969e-28,5
"20314",0.949588060188089,6.02438855639203e-05,1.8898024686621e-05,0.000946930334919674,0.0252845930390145,0.024101274527584,1.42801181177055e-13,1
"20318",2.71527152471322e-28,2.36790280098075e-24,0.72042776857449,1.24305949950855e-18,9.28966554939166e-06,0.27956294175996,5.63921206691112e-17,3
"20320",1.71760065912783e-07,4.22708044288328e-10,0.400954556275446,0.00915890579684717,0.589886365744933,3.44347166895073e-19,3.00299641043586e-16,5
"20326",0.871408832470566,0.000199818278073849,0.000169136844574977,0.00583501039906165,0.118955151168802,0.00343205083891442,6.76901496665632e-15,1
"20328",0.00184571367645115,8.22431684265883e-07,0.0518229402887854,0.0610351101351249,0.885295413467887,2.41681668821178e-38,6.75391224929461e-14,5
"20330",1.05720562764874e-27,0.0409513450416454,0.000149038790133703,0.000427710634437616,0.958471905533783,6.60130196507784e-34,8.96322224566467e-29,5
"20336",7.82603849450511e-12,8.28536694070312e-05,0.010363651043364,0.98948080222283,7.26930565726309e-05,2.2596333009428e-51,6.12249777268609e-44,4
"20338",7.31901036806061e-27,9.73393946265661e-05,9.52303716911638e-05,0.999715969280144,9.1460953538147e-05,1.74642746813587e-30,2.50573616308876e-57,4
"20340",5.97793116790115e-43,0.308293904729409,0.00642333791039822,5.64042278299818e-05,0.685226353132363,2.73528934856052e-48,8.37778611197347e-39,5
"20342",1.10463353528094e-72,4.00730226722934e-30,0.999971448096896,2.85500023916936e-05,1.90071185313803e-09,3.39161642406527e-53,1.65205396185678e-54,3
"20344",4.43800792812152e-19,0.612797722150647,0.00621980994708838,0.000405547970164482,0.3805769199321,2.45904322479591e-39,3.14491202394906e-26,2
"20349",6.91208980129394e-30,0.957353830585659,0.000448731597951724,4.13457082340157e-06,0.0421933032455656,2.6908006548366e-47,5.76850480462305e-31,2
"20351",3.88643451212863e-11,0.00302639866018966,0.000193777713231798,0.0496736690488872,0.947106154538827,1.74420642427356e-18,1.17359217250933e-28,5
"20353",4.52030137460045e-36,0.631431004064551,0.00236144048911724,0.113397297209718,0.252810258236614,9.66415960392023e-40,5.4580494696341e-42,2
"20357",9.99086213474726e-49,4.60951783236002e-09,0.0452769068041572,0.954723075333591,1.3252733669497e-08,3.1415304246606e-92,3.07774129398112e-72,4
"20360",2.23861845652808e-56,2.86351750896933e-16,0.976877523777281,0.00324206141463801,0.0198804148080812,7.80153364695346e-66,4.35258638961145e-33,3
"20364",5.88868381934877e-12,0.794913635903959,0.000315970774715765,0.0177798089134085,0.186990584402028,1.52284897954729e-22,1.13016194938693e-26,2
"20366",5.97983800439241e-19,3.91027161415775e-12,0.0469354382662259,0.953064493418958,6.83109059622521e-08,2.07909527493134e-55,7.86896480325731e-51,4
"20381",3.30238343001071e-15,4.13708806605902e-32,0.963341044189534,3.74246016042232e-14,2.82944816524569e-05,2.02666995019098e-10,0.0366306611261057,3
"20391",6.09443047484524e-21,3.03060148944237e-07,0.600801384274815,5.91572731947444e-05,0.399139155098898,2.61019445122457e-71,2.92943624462006e-10,3
"20394",0.783183916376999,5.92949726647822e-08,2.55848915882225e-05,2.96663775001276e-05,0.209098132657354,1.19332708683528e-10,0.00766264028225332,1
"20396",3.38219511279561e-05,8.84917469864595e-30,0.00391916100743086,3.43261275302383e-14,2.24006101086412e-06,5.64584898150996e-05,0.995988318490581,7
"20409",2.07634199998785e-09,0.00143744317142752,0.00283537107810554,8.22592889970429e-05,0.995642147942288,2.77644283976098e-06,1.74144351797208e-22,5
"20411",8.31310418988061e-26,0.706363778593545,8.04954907755907e-05,0.287628937998075,0.00592678791760456,4.08731407160839e-58,2.21365854168347e-42,2
"20416",1.46368086329804e-85,2.38888228868404e-05,0.362166819272318,0.637809223459591,6.84452045749127e-08,2.23513738439058e-112,2.201013489222e-87,4
"20418",1.84719930724808e-06,4.12672850925695e-32,0.00346183880191851,1.80123718844162e-17,5.18681822811218e-08,0.00267031737389454,0.993865944756697,7
"20420",1.58489877650368e-23,2.28972660754198e-26,0.0863881031103044,0.913611896889483,2.12310272805473e-13,1.77585426149827e-50,4.04805290299291e-45,4
"20422",6.29647760424305e-32,0.192842026961365,0.116880635679991,1.94924231076795e-06,0.690275388116334,5.91729388743604e-23,8.83594956143521e-37,5
"20424",2.26723314920035e-24,0.818883816086393,6.57333526971687e-05,0.139572884286485,0.0414775662744245,5.69441905089985e-51,9.53227655097661e-41,2
"20426",3.34686527862589e-63,6.51998964639367e-31,0.325944647143148,0.674055352856852,9.04952391176728e-18,1.69551601729572e-48,1.08912802616303e-85,4
"20428",3.77118096140136e-09,0.948516896872538,3.4314939862436e-06,2.24362266445204e-08,0.0514777568593401,1.30132878479869e-20,1.88856672803361e-06,2
"20431",3.64645408770844e-11,1.29283653974392e-06,0.0210342134686655,0.126647257313421,0.852314152788992,3.08355591739988e-06,1.21878811474067e-23,5
"20433",6.90780531190775e-67,0.000271118441278328,0.121005615770554,1.5692554615431e-17,0.878723265788168,4.52164352675023e-44,3.62135365157647e-28,5
"20436",1.49468820204756e-43,1.65117923393603e-13,0.989785232766255,1.39126976022151e-27,0.0101493171893917,1.31048767382608e-25,6.5450044188246e-05,3
"20439",0.947998370356399,4.67996293133481e-23,0.0102062427402094,7.2581901186748e-13,0.000121105157304908,1.28207686764609e-05,0.0416614609766843,1
"20441",6.32930405965166e-38,1.25351722605484e-09,0.00463162889940436,0.995365882986753,2.48686032522541e-06,4.56310652610063e-53,1.29283318886188e-64,4
"20444",8.1758458851611e-10,4.34534816486098e-30,0.000760147810103569,5.84603533211279e-16,1.84509872802786e-09,0.999239849527097,1.15805589236214e-13,6
"20448",4.10239969590664e-09,1.38311240472533e-09,0.982266026091501,0.000204188833225525,0.0175297794099834,1.79777700364581e-10,6.71626391586213e-18,3
"20536",0.00109350612919008,5.75077825557668e-14,0.00110898207581853,5.15708946722222e-11,0.0029177686677684,4.72323737079422e-22,0.994879743075595,7
"20538",4.20075837716168e-18,0.00013328627991766,0.00311532749980069,0.996737772372619,1.3613847662738e-05,2.96682034492241e-57,9.32881972861356e-37,4
"20541",1.65434629632531e-44,0.96537301083896,0.000305371272224612,0.0306579353248712,0.00366368256394388,9.20317988777466e-50,2.6479905876528e-65,2
"20544",0.00352608644613668,0.745918865213807,1.15950529140873e-06,0.00691512506438668,0.243638763769856,5.21796151493302e-13,1.15754564719373e-16,2
"20546",4.91934199789088e-18,0.963826332882226,0.000438505299069635,0.0116057443870687,0.0241294174316361,5.10094983759982e-46,6.25959311402136e-35,2
"20550",6.46652749258027e-18,3.29390051759899e-06,0.00168916648899537,0.000123283433471428,0.998184256177016,1.50849943370173e-17,6.8018189465691e-22,5
"20553",1.93944476051931e-137,6.33452447233416e-15,0.999996313803677,3.68618881428554e-06,7.50256251585461e-12,2.20644805689497e-74,9.72838551323532e-114,3
"20555",9.15862344677451e-34,5.69313717780046e-26,0.0597883383229655,0.94021166167688,1.55004850050993e-13,1.44227585224701e-79,7.63708735145879e-49,4
"20557",4.16632154185546e-14,0.000671711723159837,0.00035299260205493,0.72441762540707,0.274557670267673,1.51404052592236e-17,1.0358960766003e-31,4
"20559",3.45337663678512e-16,0.966313583427773,2.0909127969058e-05,4.23893949684355e-05,0.0336231180492892,2.84571292963065e-19,4.32832975043437e-29,2
"20561",0.00110876094560246,9.67715813029371e-09,7.44647331192357e-05,0.000258155643543639,0.0116565846220552,0.986902024378442,7.94004111352211e-14,6
"20564",4.03074101755688e-18,1.20314796355132e-31,0.000621997031045451,3.31192191775302e-17,1.64545357075777e-10,0.999378002804409,2.1700408431144e-19,6
"20566",3.456185222483e-10,0.967551812904185,0.000123226527742281,1.91988953925909e-07,0.0323247677082454,8.52980265773732e-14,5.25169716271681e-10,2
"20569",0.094804192074856,6.56459023826569e-17,0.00340319286418547,4.11674380502135e-08,0.000688123702025685,0.900083120472461,0.00102132971903323,6
"20572",4.08433681647954e-08,2.69112042545731e-21,0.015445705032837,6.62865172218162e-14,6.33731288668153e-05,0.98427721387635,0.000213667118511474,6
"20574",3.29296293410624e-24,0.947426732594778,6.60318749636088e-05,0.00248771630269132,0.0500195192275663,1.25855894869869e-21,5.32098126354971e-42,2
"20576",2.56350637880107e-14,5.85746849172908e-23,0.000275220286128242,4.72699303563343e-13,1.09940129401543e-07,0.999724669773244,1.9378592696537e-18,6
"20578",5.00315671424167e-05,0.757441531431541,2.1194399850762e-06,0.000434092297592652,0.242072019038487,2.06225251551134e-07,8.57340154337208e-19,2
"20580",2.35503475511905e-05,0.739740498746122,0.000100404276521658,1.08396303666355e-05,0.260124706986455,7.55828107808428e-15,1.29761880008704e-11,2
"20583",5.80614683789685e-14,1.0123411815328e-24,0.000183330386795385,2.17023864785805e-14,1.54651053521134e-08,0.999816654148019,4.14256907956029e-19,6
"20586",7.70204638837541e-07,0.769053674029433,0.000805419550595463,0.00453767714153863,0.225602459073794,6.44865124802768e-33,8.3430061540041e-20,2
"20589",6.68373335411073e-29,0.975925399840094,3.34730417955977e-05,1.62208411632626e-05,0.0240249062769476,1.90844159446059e-49,3.59764163053686e-26,2
"20591",2.23883742258152e-11,2.12723864695394e-11,0.0114858366950045,0.974999666334617,0.0135144969267179,1.53202322310879e-40,9.7545961920423e-21,4
"20593",4.64364817665122e-68,0.795028493188373,0.00398597574489228,1.54074818018078e-10,0.20098553091266,9.4185761844079e-39,1.83577071742428e-47,2
"20595",3.47892934337436e-14,0.921663748330505,1.5664061224828e-05,0.0012293038252611,0.0770912837829743,1.5302490890294e-17,1.68847106862935e-27,2
"20597",5.78513682005844e-09,2.69627769921522e-32,0.00307984693106047,2.88787138433246e-21,5.19564099929199e-09,1.65750574909159e-30,0.996920142088162,7
"20599",6.26090414784824e-19,1.20497823012428e-30,0.00037567680718767,6.34679203748058e-18,4.09474958301479e-10,0.999624322783337,3.61209450578427e-17,6
"20601",0.965849980003775,6.27222087906508e-06,3.52292513722233e-06,0.000912430394510285,0.0332277714015532,5.5419893360127e-10,2.24999468113666e-08,1
"20604",1.34505942589825e-40,0.964318045181231,0.00149602684229107,2.02187705541665e-08,0.0341859077577071,9.29647570073364e-27,2.0590891264077e-43,2
"20606",6.169334168146e-34,0.983376264860215,0.000100774814329509,7.40310278992943e-07,0.0165222200151762,4.60542091145243e-33,3.75501774271334e-37,2
"20608",6.21311939146887e-25,0.988113922914223,3.92466552473493e-05,2.61572663872975e-08,0.0118468042732638,5.88783081599376e-25,1.74367970421244e-19,2
"20610",5.63041762413524e-13,1.4661087629288e-18,0.00200643606174164,2.8269459720742e-09,2.27905477771434e-05,0.997970770562972,1.63177292289254e-17,6
"20612",2.67701182564913e-57,4.50642646183915e-26,0.999999993458266,9.36109438479851e-12,6.53237276331762e-09,1.46737779899813e-66,3.9477523825899e-27,3
"20614",6.84609096230228e-05,7.22452299304319e-21,0.000192545964653248,4.36606295563134e-09,3.43339027802371e-06,0.999735555369355,2.80689588461344e-14,6
