"","V1","V2","V3","V4","V5","best$classification"
"19811",0.785717491997799,1.99978954253041e-25,0.124007314926989,0.00098894576811265,0.0892862473071001,1
"19813",1.38479878330602e-13,1.2972286734599e-19,0.112704537748501,3.38339773537211e-17,0.88729546225136,5
"19815",0.974734945287277,5.63246505975695e-17,0.0248361816841078,0.000428612775465709,2.60253149421192e-07,1
"19817",0.908430921317168,2.2763942268462e-22,0.00911136133481462,0.0810391437987644,0.00141857354925302,1
"19819",4.90318896653555e-05,0.35072866240025,0.649222305710085,7.46119298483465e-51,9.31737603576747e-23,3
"19821",0.675386276301629,6.59470069532779e-17,0.32460813933687,3.9705802936384e-11,5.58432179486672e-06,1
"19823",0.00109040210082052,2.85728159517634e-19,0.998909596963943,5.86028506169348e-10,3.49207464476366e-10,3
"19825",8.71833404616915e-13,2.01670955342842e-10,0.999999999797457,8.44554538973886e-71,2.11063829856467e-30,3
"19827",0.50610524533145,3.94361723546693e-19,0.0698259377736091,0.418415063266394,0.00565375362854757,1
"19829",0.214495891420886,0.0111437995367615,0.774360309020899,2.20142555048173e-34,2.1453463184047e-11,3
"19831",2.95773128359991e-06,0.0223040993560121,0.977692942912704,6.69891028635314e-62,1.79230380589217e-25,3
"19833",8.58198061252045e-39,1.80095657276377e-24,1,1.05202092606948e-79,9.32067692367774e-27,3
"19835",0.675386276301629,6.59470069532779e-17,0.32460813933687,3.9705802936384e-11,5.58432179486672e-06,1
"19837",0.947177607919794,1.28656052002697e-17,0.0102419682815632,0.040553368386311,0.0020270554123316,1
"19839",0.000962734317754023,9.3991484528347e-05,0.998943274197718,6.37484998101778e-50,3.32501374891591e-19,3
"19841",1.56704597641917e-16,6.16721575919599e-16,0.832768909037565,3.65165881387299e-19,0.167231090962435,3
"19843",1.61857583445614e-08,0.0130540538323226,0.986945929981919,4.82648865111475e-57,2.07570514348831e-18,3
"19845",3.52829451528866e-07,2.52137388323264e-28,0.00358227304926985,0.000240500095839682,0.996176874025439,5
"19847",0.871700610514386,5.55732260857468e-15,0.128299389463455,7.69935602815789e-19,2.21536552647023e-11,1
"19849",1.15681693185856e-16,1.18165820581836e-26,0.00081414763239374,3.56753515849882e-12,0.999185852364039,5
"19851",0.0015721226788152,2.99695085299635e-26,3.11267279248279e-05,0.99839184502891,4.90556435033678e-06,4
"19853",3.11719789305824e-07,4.20262829822914e-35,0.641304133574188,0.0044396912646504,0.354255863441372,3
"19855",0.473641133018969,6.67867092573731e-29,0.30732465600545,0.0558098382611908,0.163224372714389,1
"19857",0.944254029013667,1.35719110123473e-15,0.0553459341109128,1.83528178474578e-13,0.000400036875235675,1
"19859",0.96953437480743,5.57583107003981e-19,0.0304651591939176,2.19080969518943e-12,4.65996461730318e-07,1
"19861",0.00138694034242875,1.29928027094788e-26,0.0016526586827973,0.921969113152393,0.074991287822381,4
"19863",1.06280222496922e-22,3.43803963327487e-29,0.934120470050693,2.96084660867995e-25,0.0658795299493069,3
"19865",1.0266285749489e-05,1.56161533467849e-23,0.000899872781501515,0.00369498229278247,0.995394878639967,5
"19867",0.906630470321731,1.38915427802845e-17,0.0891251253243076,0.00418411606854923,6.02882854118732e-05,1
"19869",8.41872713599633e-12,1.66833460919573e-32,0.00011897764262156,3.8008986316936e-06,0.999877221450328,5
"19871",0.988726344455281,1.46034159043561e-16,0.011018468091125,1.1316652022174e-06,0.000254055788391597,1
"19874",0.289633768049761,3.87000597425514e-26,0.297452853281418,0.0089933908290568,0.403919987839764,5
"19876",0.000151619694032558,2.32870761006138e-33,8.27283278153096e-05,0.963047858401059,0.0367177935770933,4
"19878",0.217023797105715,5.33623284463554e-07,0.782975669271001,3.29235496611333e-39,5.82743559286518e-22,3
"19880",7.44736052693804e-10,6.43549115895065e-31,0.00028150326737595,5.64265652601075e-05,0.999662069422628,5
"19882",0.00358716692202802,2.7890798816958e-26,0.993392067645835,1.64041178056493e-09,0.003020763791725,3
"19885",0.974209872304832,5.01084606879755e-15,0.0163416933055283,0.000545541134231377,0.00890289325540335,1
"19907",0.484768788438792,3.3389436414764e-19,0.513477729451628,0.000790994342866779,0.000962487766713877,3
"19909",0.825822545319421,0.0656760589753461,0.108501395695454,8.93468282278012e-30,9.77855855496508e-12,1
"19911",0.168837999297474,0.00083181245609979,0.830330188246426,7.71038794349553e-43,1.78492599393048e-16,3
"19913",4.67686028469105e-16,4.51041820327777e-25,0.000166970928507171,1.85659678409205e-12,0.999833029069636,5
"19915",0.000202361738733802,2.10306867478157e-29,1.84071866643621e-05,0.999262706144386,0.000516524930215583,4
"19917",0.105615506169018,1.26107319425036e-18,0.892362305328427,7.82809941912096e-11,0.00202218842427373,3
"19919",0.970183156656475,1.01442002933693e-21,0.0201779736546244,0.00471457499115888,0.00492429469774184,1
"19921",0.0623484087064053,1.17223325668255e-21,0.000760106992347423,0.936527466703431,0.000364017597816074,4
"19923",0.586012087533961,1.98696102904797e-11,0.413987912446167,2.60854774727227e-23,2.3860723946529e-15,1
"19925",0.058750338215801,6.37144442652919e-24,0.034174448232791,0.308531683845803,0.598543529705605,5
"19927",0.0913686041599898,2.24361787041936e-24,0.00102404141693553,0.907322752188379,0.00028460223469605,4
"19929",1.48684533436509e-23,2.14023754553616e-32,0.00180118902325201,8.07880310394708e-20,0.998198810976748,5
"19931",0.83988896996779,1.41454939066107e-19,0.0104394663793553,0.149422619043874,0.000248944608980474,1
"19933",0.987753861548496,4.99736663750037e-06,0.0122411406979328,2.76249484999019e-16,3.86933008955439e-10,1
"19935",0.967185161443296,1.59689523116026e-11,0.0328039767819396,1.66957514980163e-12,1.08617571262115e-05,1
"19937",0.060151797646704,1.32833810601747e-20,0.00175143294939711,0.938094187661784,2.58174211541583e-06,4
"19939",0.985651726928959,4.34565612747869e-20,0.014347925614955,1.45420659761652e-07,2.02035426075557e-07,1
"19941",0.00115925851154693,0.00137746740844337,0.997463274079902,2.07325018353809e-38,1.0782593006061e-13,3
"19943",2.62620805462343e-08,5.79883132055397e-26,0.000266953501028324,7.57130062967703e-05,0.999657307230594,5
"19945",0.976462827271735,1.05162594602262e-05,0.0235266564687827,4.10630983974605e-27,2.20432113705123e-14,1
"19947",4.57333270456318e-08,5.32302694641944e-11,0.999999952414733,4.51372648127362e-35,1.79870990859424e-09,3
"19949",0.932616562003247,3.32442995426171e-09,0.0673834346723226,1.5015507120394e-22,2.50977327190852e-16,1
"19951",0.844315848350643,6.05098896676705e-18,0.155679949693801,1.5578857405439e-10,4.20179976772024e-06,1
"19953",3.75350186463769e-06,0.0014711583881107,0.998525088110025,4.07423120294446e-42,5.63100629587878e-21,3
"19955",0.0242934067490129,0.000326816696380207,0.975379776554607,8.89514015252012e-63,1.2493941716233e-26,3
"19957",0.000815359543923527,1.71814352961765e-17,0.99918463801432,4.26379159396272e-25,2.44175631079729e-09,3
"19960",0.126006832610366,0.00343958861050855,0.870553578779083,3.84767267924811e-42,4.29964445075484e-14,3
"19963",4.7941301128426e-29,3.13212903422903e-23,0.999999999999973,1.94812888118749e-50,2.72950269279984e-14,3
"19965",0.0801195298734175,0.100454112854961,0.819426357271621,1.57514689831875e-64,1.8531189038833e-28,3
"19968",4.56094016642681e-06,4.17931552085291e-13,0.998561756948971,4.80423311946934e-14,0.00143368211039627,3
"19971",2.7320164758414e-21,5.9179892043128e-15,0.999995760079151,1.73867215206063e-35,4.23992084340154e-06,3
"19973",0.0673949363360731,1.69315527191355e-23,0.000632551763790763,0.923797947065059,0.00817456483507706,4
"19975",0.00991990117512115,5.75857910860291e-21,0.017782995528851,0.00227741992268863,0.970019683373339,5
"19977",4.63787792433738e-13,2.10284068949347e-20,0.999999999870736,2.35648704114827e-35,1.28800718592731e-10,3
"19979",0.00127469987873687,0.968039663756672,0.0306856363645908,4.26142682793718e-53,2.37961136195437e-19,2
"19981",0.989561518452968,1.15715713095892e-13,0.0104381015771191,9.78874222423635e-15,3.79969787512348e-07,1
"19983",0.988718209084113,7.29702105074467e-14,0.0112816350283256,5.67250042469825e-15,1.5588748301796e-07,1
"19985",0.014411349281181,1.07101952340304e-29,0.0087042399869175,0.142663539675006,0.834220871056895,5
"19987",0.97830350417202,2.77071382261293e-11,0.0216964955830316,4.1037371665542e-16,2.17241328315452e-10,1
"19989",0.0220061003864186,0.946296937936925,0.0316969616766564,2.14072373734545e-47,3.08835066237022e-22,2
"19993",0.971675327264832,5.21324388824493e-09,0.0283246674993526,2.09286156848654e-17,2.25720628344432e-11,1
"19995",0.954466732457227,5.6714833343677e-07,0.0455327003785023,3.61824069230869e-25,1.59378123876218e-11,1
"19997",0.944833910832979,6.84249803721089e-26,0.0192284226643311,0.0340248650023138,0.00191280150037598,1
"19999",0.000487636928356651,2.55640152535874e-32,5.55071703070997e-05,0.950796389450432,0.0486604664509045,4
"20002",5.63044719711606e-25,9.66580836227781e-21,0.999999999589445,2.91714113202827e-39,4.10554820199487e-10,3
"20004",0.609063940440383,0.000538645549018283,0.390397414010328,1.78469192242776e-29,2.70123530335742e-13,1
"20006",0.00121157930841025,4.03934390946761e-07,0.998788016757199,2.24759418748432e-53,4.70586818292638e-20,3
"20008",0.00603571670160673,1.35640655171881e-06,0.993962926891842,1.45537922277285e-48,1.67404696116619e-24,3
"20010",0.911356001812195,0.000328128565537581,0.0883158696222673,2.99702538612931e-34,6.01971916136364e-19,1
"20012",0.0024232625639312,7.21096296024738e-23,0.997522006147935,3.02466095144215e-12,5.47312851094147e-05,3
"20015",0.0578871938963797,0.917516884886028,0.0245959212175918,2.36904425209014e-47,5.5947097397299e-18,2
"20017",0.251064711770131,3.49782878137454e-26,0.0202996624253656,0.103004422223779,0.625631203580724,5
"20019",0.000459058566640962,0.89154771519294,0.107993226240419,1.16073782275337e-68,1.68732843745069e-27,2
"20022",0.96223127418185,0.00774175775286627,0.0300269680652836,2.47615170327763e-36,7.62708661820656e-17,1
"20024",3.52252734447527e-13,8.88671131678015e-05,0.99991113288648,2.15626415561841e-85,9.77133331264237e-38,3
"20026",3.52252734447527e-13,8.88671131678015e-05,0.99991113288648,2.15626415561841e-85,9.77133331264237e-38,3
"20028",0.00473344272405007,3.1870469361426e-30,0.00130209463575083,0.987317407254205,0.0066470553859937,4
"20030",0.00185212265831199,0.790945375743427,0.207202501598261,2.27867290606916e-47,6.83672856176646e-18,2
"20033",0.963678120516845,1.26913060386647e-17,0.0363190880655688,9.07683024830829e-10,2.79050990273754e-06,1
"20035",0.000302434522898907,0.855855143827386,0.143842421649715,4.06656687258328e-66,1.36752065543144e-27,2
"20037",0.00405960239726989,0.956915635872165,0.0390247617305655,1.58450028763243e-61,7.28996049159524e-25,2
"20039",3.43597733350284e-23,3.78151144284669e-09,0.999999996218489,2.16462694046708e-52,4.87262118458106e-23,3
"20041",0.795637726015995,2.18715325550139e-11,0.204362273962134,9.70243977711927e-38,3.29571865624867e-18,1
"20044",0.106033682342999,1.39874547611364e-10,0.893966317517127,2.09808882602134e-39,1.37614239812675e-17,3
"20047",8.98844432371104e-07,0.232610908631676,0.767388192523892,6.82800128447066e-68,1.97767052576642e-23,3
"20050",0.101108880873048,5.33899269707762e-05,0.898837729199981,5.3256337635737e-26,2.7484741107549e-17,3
"20052",0.970873472921025,1.06657463740565e-14,0.0291265151755194,3.09466744238961e-13,1.19031350241368e-08,1
"20054",0.699069707119703,0.183494129707445,0.117436163153309,1.61529393867428e-36,1.95426825112735e-11,1
"20056",5.05287503522773e-05,4.09969649993697e-14,0.999114143135929,2.96236461034654e-11,0.000835328084053795,3
"20058",0.0174390258427714,0.956719380849842,0.0258415933073869,1.65255095741571e-52,1.41532260683289e-23,2
"20060",0.979347406491867,6.09142975784238e-18,0.020652593115692,2.49002759146463e-10,1.43438632544169e-10,1
"20062",0.981596974812724,2.63717526926591e-15,0.0184029769855915,2.74610636525808e-10,4.7927070982515e-08,1
"20064",0.983852675459795,0.000763309346508214,0.0153840147647257,6.93001946118224e-23,4.28970883254468e-10,1
"20066",5.39000746091166e-06,0.826751452274043,0.173243157718496,5.91712694980823e-55,2.14940287182056e-19,2
"20068",0.971349516240958,1.23809827260868e-23,0.0169076117676529,0.010239469472426,0.00150340251896276,1
"20070",0.880162591719166,5.82159654312627e-23,0.11983738360373,7.94975992460033e-09,1.67273434497537e-08,1
"20072",0.00898005936309465,0.183326594532553,0.807693346104352,1.16006611487615e-43,5.48886022036802e-16,3
"20074",1.92522050210033e-18,2.56106017182514e-30,0.00993795002096693,8.3492002567174e-17,0.990062049979033,5
"20076",0.000302586177499056,2.61404607346707e-12,0.999431028638587,3.74351003583151e-20,0.000266385181299429,3
"20078",0.947637378023218,9.35451669564352e-05,0.0522690768098257,1.17510470228019e-41,3.77270654279808e-20,1
"20080",0.0161492556102956,0.97434204333462,0.00950870105508464,8.4039570700503e-53,6.70668691324592e-22,2
"20082",7.63486197620619e-12,7.84530226398058e-05,0.999921546969725,3.33683057770521e-38,6.06202166423721e-19,3
"20084",0.142826192105545,0.00125191405813779,0.855921893836316,1.22213476997251e-39,1.92959722915297e-16,3
"20087",0.954842749936786,0.000114157805443328,0.0450430922577704,1.56498143828566e-37,3.97432664947564e-18,1
"20090",0.0207944192878228,0.947816370171262,0.0313892105409154,5.79954404797571e-48,5.87532486063136e-23,2
"20092",2.92377785954156e-06,1.84846657986667e-11,0.999997076203656,2.2204326970293e-40,8.70453366031744e-21,3
"20096",0.00254664134534132,1.15844856659811e-15,0.997453358654658,9.47184001153863e-44,2.42092348107068e-23,3
"20098",0.968699781894414,3.07764232821288e-20,0.0302671723106185,0.00075226397959536,0.000280781815372209,1
"20101",0.180121529427543,0.502194681963212,0.317683788609245,1.37282237533389e-47,1.66462510823945e-19,2
"20104",1.28177272223586e-15,1.3374299283529e-28,0.999999999999454,5.63042174953717e-36,5.44854060404476e-13,3
"20106",0.889444647537865,0.0855547691959366,0.0250005832651389,2.74100263042187e-31,1.05942918773471e-12,1
"20108",0.964025247588959,2.07443682628627e-19,0.0217346821774346,0.0120734338556986,0.00216663637790819,1
"20110",0.0387025753585513,9.44937899064182e-16,0.961297424640751,2.98472682120659e-21,6.96876948092699e-13,3
"20112",0.92529059700989,0.000440275645715983,0.0742691273443943,2.75674194211224e-35,1.48588428913354e-20,1
"20114",0.540459346438291,0.000535243989072651,0.459005409128249,1.75286068086338e-25,4.44387734168501e-10,1
"20116",0.410632328038576,0.016817558813914,0.57255009840865,1.3118039473986e-28,1.47388594535318e-08,3
"20118",0.984970377490142,3.06641239126145e-11,0.0150291303742705,4.5840457536446e-13,4.92104464658424e-07,1
"20120",0.711572265397896,0.0200791768459989,0.268348557756103,8.07943459504435e-30,1.63399732737102e-15,1
"20122",6.96045035957885e-06,1.15946114250899e-20,0.0293825793087881,1.27595704768777e-08,0.970610447481282,5
"20124",0.0216732785023064,0.565361279416507,0.412965442081187,6.91196552331932e-70,3.60428333411383e-29,2
"20126",9.60906439082381e-22,1.32826691639891e-10,0.999999999867173,6.9360877191176e-75,9.75569575701166e-27,3
"20128",9.95967182529111e-19,4.08803607361731e-06,0.999995911963926,1.13762912826698e-86,3.67735107243297e-31,3
"20141",2.9357654123624e-07,2.16748101113125e-25,0.999997848491185,9.10747235530437e-15,1.85793226473593e-06,3
"20143",8.18499790316853e-19,2.06846970495786e-29,4.25580003062052e-05,1.12432864849317e-12,0.99995744199857,5
"20145",0.956466466026124,0.0125064264697471,0.0310271075039597,1.55339678701296e-25,1.68693580967875e-13,1
"20147",0.961915672239739,0.0227798661460884,0.0153044616141647,1.13825380235116e-35,7.34379857448327e-15,1
"20149",2.42712080200047e-06,3.81766122070701e-25,0.280407122773971,1.49888469672496e-10,0.719590449955338,5
"20151",0.133245269638692,2.8854905798875e-21,0.00196091741154807,0.864052022530625,0.000741790419134898,4
"20153",0.091550545262766,5.49564184934191e-17,0.421557080833457,0.485525740904935,0.00136663299884127,4
"20155",0.943209097223619,0.0291981292846258,0.0275927734917555,9.07538075941188e-46,2.96723973945548e-18,1
"20157",0.669205990378381,4.66468360385999e-20,0.330791187194276,1.41386094337457e-06,1.40856639956767e-06,1
"20160",3.01600682134304e-15,7.29011718142218e-27,0.000102159865848415,2.31660966122513e-10,0.999897839902488,5
"20162",4.61336544304237e-08,1.92613655399101e-30,0.000285855499625771,0.00305203315713938,0.996662065209581,5
"20164",0.0438173312032318,1.69109402776944e-19,0.956112753291086,2.66265000115002e-11,6.99154790557658e-05,3
"20166",5.84006611264979e-07,0.0763605231759405,0.923638892817376,1.62266371180364e-47,7.18567833975317e-14,3
"20168",1.72373253981284e-20,2.09150461504371e-12,0.999999999987013,1.90124148158596e-49,1.08949360099382e-11,3
"20170",0.464905302841978,2.01518670020322e-21,0.022132805010948,0.356790539110414,0.15617135303666,1
"20172",0.891017650216832,0.0897122452382703,0.0192701045448762,3.58698726404798e-30,2.1361617967037e-14,1
"20174",4.96124743054767e-05,4.26118545150508e-30,0.00973957384385457,0.000753301188419408,0.989457512493421,5
"20176",4.77117177812272e-13,4.56270210485875e-13,0.999999999998968,3.10681906397487e-40,9.83787549231767e-14,3
"20178",5.21283226268763e-17,3.58610591879246e-27,3.01860107489781e-05,1.37699345178331e-11,0.999969813975481,5
"20181",0.00213717424292962,0.691347607968795,0.306515217784355,5.89163895964084e-38,3.91982032389803e-12,2
"20183",0.964628871250808,3.38818988099284e-14,0.0353591442172754,1.15762287945789e-05,4.08303087962713e-07,1
"20186",0.557675895751189,4.44900702199588e-11,0.442305983321966,2.44802079742634e-06,1.56728615580329e-05,1
"20188",2.46855592797644e-10,8.54361328919591e-27,0.00322719533232665,5.92972484568877e-06,0.996766874695972,5
"20190",0.0358200813417584,0.957832472547922,0.00634744611031961,1.14595757535565e-46,4.28373707383574e-19,2
"20193",2.33636591034999e-16,7.62197522148886e-15,0.999999999959315,1.0717734759433e-36,4.06768077581274e-11,3
"20195",0.819097316009872,2.14774986468309e-16,0.180901402799347,3.37702111051275e-10,1.28085307844717e-06,1
"20197",0.953979423960786,0.0194902020035093,0.0265303740357052,1.15802049761671e-39,1.70100682050461e-18,1
"20199",0.0146118007658566,1.13128777181417e-26,0.0788646025204271,0.0677455639025246,0.838778032811192,5
"20205",1.45745929184354e-12,3.68833361953308e-09,0.999999996310209,6.37255115857777e-38,6.0881281680241e-22,3
"20208",0.976001706128398,3.23820805292539e-17,0.0239982845040868,1.50998388294616e-11,9.35241525552693e-09,1
"20210",1.66680964221925e-05,4.37720942464755e-28,0.00150187947063999,0.225975284411701,0.772506168021237,5
"20212",0.504029771745669,1.5811363735207e-19,0.495152352350665,9.9679332936557e-06,0.000807907970372358,1
"20216",0.865296029790009,0.0884170982228556,0.0462868719871351,9.94324343267967e-39,5.94801634961961e-17,1
"20219",0.09550366307858,0.000570737272269388,0.903925599649151,1.14720208378122e-39,5.00029094671539e-21,3
"20223",1.06433754028644e-09,0.0205173601154975,0.979482638820165,4.40990957092854e-57,6.51847945677835e-19,3
"20226",0.963667776316992,2.63387469268362e-12,0.0363322236800814,1.27129050872707e-18,2.92448852091768e-13,1
"20230",0.006509305687765,0.978224420914453,0.0152662733977817,1.56052933769301e-53,8.15262613638358e-23,2
"20233",2.96521182866438e-21,5.44968814739741e-28,0.999999999999954,4.43070229862323e-29,4.56021660638904e-14,3
"20235",3.81144993810035e-06,0.00184274717270868,0.998153441377353,3.6394869344281e-70,4.21202885250853e-30,3
"20239",0.167833543294315,0.00127497013432009,0.830891486571365,6.78279491238494e-52,4.38888411866103e-22,3
"20254",1.9820078536392e-11,0.00160317555914255,0.998396824421037,1.22641614938083e-42,3.37263665352409e-20,3
"20256",0.285987638755999,0.64327161961854,0.0707407416254607,7.26960970708238e-53,1.69311195910255e-20,2
"20262",0.00450339764162121,2.78639638466557e-23,0.000246386506996279,0.985727639849949,0.00952257600143348,4
"20270",0.00210967175942646,0.000106550473851743,0.997783777766721,7.2710341152936e-34,7.58689389902012e-16,3
"20284",0.0297899310350718,2.12588766561476e-12,0.970210068962802,2.42638962709508e-17,1.97334137112522e-16,3
"20287",0.000322464278014074,0.899197756890444,0.100479778831542,9.73328883422841e-66,2.30778192816434e-25,2
"20290",6.10154614939915e-07,5.6688668318912e-09,0.999999384176518,2.48669634014985e-22,1.72703910990575e-16,3
"20293",0.97991142591467,0.000550791082482294,0.0195377830023562,1.6100072599382e-27,4.91124080290845e-13,1
"20296",0.243716061519748,4.99714876825835e-13,0.695695910608358,2.07843743576464e-09,0.0605880257929577,3
"20301",1.73001210131665e-08,0.137073310244735,0.862926672455144,1.33366924500086e-62,9.48038910518013e-22,3
"20304",4.44083429556225e-11,9.11011542626105e-05,0.999908898801329,7.10731034535972e-36,5.88570485055838e-17,3
"20306",0.0113334637151063,0.883452475959308,0.105214060325585,2.03537885560692e-51,1.62598162269448e-22,2
"20309",0.96937780543902,7.68604666225805e-07,0.0306214259563134,1.73265604075375e-27,1.25455917793426e-16,1
"20311",0.508317962912559,0.0251812540014374,0.466500783086003,1.13122479601086e-48,4.71749667103976e-21,1
"20314",0.745902119345585,1.60436228611582e-16,0.0091953644665528,0.244317649317075,0.000584866870786794,1
"20318",5.94344215972344e-12,3.38403464517529e-16,0.997060388832738,1.19805107911849e-16,0.00293961116131777,3
"20320",0.372880583695458,1.89523845131051e-17,0.627119416283504,1.50607726090445e-18,2.10380686815419e-11,3
"20326",0.978336847502295,5.0057492951152e-16,0.0216626816260172,8.82015887579438e-08,3.82670098894994e-07,1
"20328",0.915053703560068,6.40554077272906e-18,0.0849251966962161,1.98840072452096e-05,1.21573647126399e-06,1
"20330",0.289288474766712,0.00642753302730184,0.704283992205986,1.05122817690936e-58,1.00972917617705e-27,3
"20336",0.00169859463239194,3.50572622421486e-07,0.998301054794715,6.21867579443426e-16,2.70517809223633e-13,3
"20338",1.0743771172523e-05,6.0424325183798e-08,0.999989195804502,3.9868369439216e-53,5.7215462139794e-27,3
"20340",0.000742333120823938,0.814433413431688,0.184824253447489,1.07398202543992e-63,5.34685441263415e-24,2
"20342",9.79095533196822e-26,1.12687408898343e-19,1,5.92892052931912e-71,3.13825200744086e-29,3
"20344",0.825132040985637,0.0821758340288275,0.0926921249855358,2.39457850469994e-37,1.58424686182717e-18,1
"20349",0.0382126707482377,0.937604869121264,0.0241824601304983,3.6566541779574e-47,1.92754039920284e-19,2
"20351",0.900058054823308,1.3654720472578e-05,0.0999282904561609,6.20730355236335e-31,5.86154417224927e-14,1
"20353",0.447064564433234,0.0947780789363551,0.458157356630411,3.54610779781534e-49,1.0398766988893e-24,3
"20357",6.73565629851721e-11,1.80387376862972e-05,0.999981961194957,1.83241247196081e-39,8.62093327542898e-23,3
"20360",2.06307553963239e-16,1.76929036170887e-12,0.999999999998231,2.33711135443803e-77,1.07631729121175e-32,3
"20364",0.972666227352661,0.000246536908460853,0.0270872357388486,6.59556733854625e-24,3.01214343540719e-14,1
"20366",1.86603763470025e-07,1.2625300285086e-11,0.999999813383157,7.02380441714672e-20,4.54514682557693e-13,3
"20381",1.26994424161489e-14,2.00669084569398e-29,0.999999999976762,1.63556890293094e-37,2.3225220486806e-11,3
"20391",2.37554013283867e-05,2.68341606938742e-07,0.999975976235591,7.55327198950209e-29,2.14741747824772e-11,3
"20394",0.966140020933964,1.62843637612882e-23,0.0338580683030084,2.98366192597689e-11,1.91073319148142e-06,1
"20396",7.00096311176692e-07,1.34294625392457e-34,0.00355261254632984,0.000227694817569224,0.99621899253979,5
"20409",0.705530710591489,1.54438343972254e-06,0.29446774412674,2.71366883159688e-19,8.98330997946521e-10,1
"20411",0.136874243847865,0.540452698632872,0.322673057519263,1.37649322676848e-46,1.21448264889248e-22,2
"20416",3.88795161584692e-16,0.000133806760608871,0.999866193239391,1.37327904792945e-67,8.78492844725334e-26,3
"20418",2.65223024072994e-09,8.40140265376093e-35,0.000692184390076014,4.02673162273912e-05,0.999267545641466,5
"20420",4.15137794910179e-14,1.89939092419576e-23,0.999999998356671,1.23533284568472e-17,1.64328796535785e-09,3
"20422",0.512227916027248,0.280379290190071,0.207392793782681,7.75454019568353e-51,1.86757293043847e-25,1
"20424",0.487481095493184,0.357485621504285,0.155033283002531,2.19167518445238e-44,2.08645459361861e-20,1
"20426",6.42782767169449e-27,2.14489524134273e-20,0.999999999799883,6.84202667332361e-29,2.00116621250273e-10,3
"20428",0.948786728193496,6.82298908642754e-06,0.0512064488173117,2.55604941123931e-34,1.06222821560808e-13,1
"20431",0.734882688993454,1.13727646728716e-12,0.265117311004188,3.26584436122219e-17,1.22061468794596e-12,1
"20433",1.30608743908578e-06,0.100392373024575,0.899606320887986,4.56333561164009e-60,4.32521909357315e-20,3
"20436",3.29892705638213e-13,2.3737552007087e-08,0.999999976262117,8.62295977263664e-51,1.24669303460088e-15,3
"20439",1.00957153437964e-05,6.08389218418737e-33,0.00436076325096561,0.000354991671849416,0.995274149361841,5
"20441",2.95779178472764e-08,8.62260900463519e-09,0.999999961799473,1.51361260900331e-36,1.61853480033671e-19,3
"20444",7.54870505522711e-14,3.52160975527027e-30,1.56251082217738e-05,8.58728859377458e-08,0.999984289018817,5
"20448",0.000975350644397049,4.95152948329752e-14,0.999024649355553,8.70229096755285e-29,1.42759876962658e-16,3
"20536",0.0129406125977389,7.67088198663129e-20,0.0362979962934286,0.000341048937547542,0.950420342171285,5
"20538",0.000105812311258117,3.54907189878527e-05,0.999858696969729,4.46722993145269e-26,2.533787282533e-14,3
"20541",0.00260716099102733,0.955054972027649,0.0423378669813235,4.17860752630552e-56,1.14807517565176e-25,2
"20544",0.986202460539059,3.94769630430593e-10,0.0137975389827149,4.83455288093966e-21,8.34566485052081e-11,1
"20546",0.564455081028956,0.390356290737259,0.0451886282337854,1.83363980080845e-35,1.18538495162485e-18,1
"20550",0.79724582165216,1.58456891231489e-09,0.202754176763271,3.36034832096029e-34,1.61097999484415e-17,1
"20553",4.52296831486431e-32,3.04529271677429e-11,0.999999999969547,3.11574145113883e-77,6.11377643201306e-21,3
"20555",2.58784259621946e-16,2.4043388236701e-21,0.999999999999583,4.09606904128346e-21,4.16331686146294e-13,3
"20557",0.806025084916443,8.46760507884324e-10,0.193974914236793,1.27988836503205e-23,3.55495763296444e-15,1
"20559",0.767727664855111,0.218997819404746,0.0132745157401262,7.50715456834558e-35,1.7192392256704e-14,1
"20561",0.927092093191798,1.63986389050624e-18,0.0299427784748133,0.00051841067721314,0.042446717656175,1
"20564",5.21283226268763e-17,3.58610591879246e-27,3.01860107489781e-05,1.37699345178331e-11,0.999969813975481,5
"20566",0.936430950004913,3.11803820009529e-05,0.0635378678742329,6.92534621542382e-21,1.73885320565947e-09,1
"20569",0.0261538356933619,2.6699180123008e-27,0.00687013508159873,0.958908530677361,0.00806749854767876,4
"20572",0.000109378932603073,1.91864382338291e-25,0.0164413898788305,0.00551852045992374,0.977930710728643,5
"20574",0.698341697485775,0.250194972018905,0.0514633304953194,2.47838864111638e-43,7.72337272621105e-20,1
"20576",8.92431046726075e-10,8.24155771655677e-22,0.00222172228098463,5.21631718588629e-09,0.997778271610267,5
"20578",0.985279277173221,2.64547222177875e-07,0.014720457712178,3.37335092653655e-24,5.67379131132626e-10,1
"20580",0.984529942881781,5.12713296304976e-06,0.0154649297251448,3.16068048191866e-19,2.60110887616454e-10,1
"20583",1.3045874044884e-11,7.3546242840948e-23,0.000562927981067022,3.33446564345163e-10,0.999437071672441,5
"20586",0.975066355148984,0.000297145431175015,0.0246364994198405,2.03709739244129e-26,7.24571506250214e-16,1
"20589",0.370351920748378,0.600291260982156,0.0293568182694656,2.34245104785531e-50,4.85365826566656e-20,2
"20591",0.0176741062973335,1.12544600955952e-15,0.98232589369141,9.41829249759052e-17,1.12551543761063e-11,3
"20593",0.000359513370576236,0.791313348338731,0.208327138290692,2.16944372362102e-68,3.30530321472397e-24,2
"20595",0.951583455033668,0.0264181862169221,0.0219983587494013,7.82186350459794e-33,8.48494341035469e-15,1
"20597",2.70311179520947e-14,9.69770603730702e-31,0.000126915246798682,9.48569647324397e-09,0.999873075267478,5
"20599",5.120883024882e-15,5.57262645987466e-25,0.000365832320520813,3.71601849263319e-10,0.999634167307872,5
"20601",0.986111121882607,1.00086922402584e-20,0.0133810572215789,0.000457207543258105,5.06133525560684e-05,1
"20604",0.0087475731737713,0.983438959620947,0.00781346720528199,2.96341913275874e-49,1.72867382166728e-19,2
"20606",0.105911447587888,0.88322003568361,0.0108685167285023,7.43244420056045e-53,4.02639818952744e-22,2
"20608",0.811957910813872,0.151164087016545,0.0368780021695832,5.4582805825933e-39,3.06714290395885e-16,1
"20610",9.13229684558248e-05,1.73562244537743e-18,0.831857624125207,1.8257425960804e-08,0.168051034648911,3
"20612",3.83408930975191e-27,2.73628634764809e-14,0.999999999999973,3.39370392727881e-69,8.69118905492562e-20,3
"20614",3.68312388887358e-05,3.06139431661231e-27,0.00308409619973411,0.0672513303542783,0.929627742207099,5
"20616",0.909028741627848,6.16853577054523e-14,0.0909712583720906,1.22289031308042e-26,3.43187874634696e-19,1
"20618",9.19168079114685e-09,1.85680927650559e-13,0.999999990808134,2.85100145313385e-37,2.83785720682668e-21,3
"20620",0.0196482409621555,0.00825300112897606,0.972098757908868,1.45438361619428e-44,7.52695660696372e-18,3
"20622",3.60683444942466e-07,1.49926504073755e-19,0.0042882589573965,3.75152376221208e-06,0.995707628835396,5
"20624",0.0295413662939207,0.692939805688766,0.277518828017314,2.76580158020062e-47,1.71132168489371e-22,2
"20626",0.00305241943191456,4.73994353832257e-05,0.996900181132701,8.54151971314175e-39,1.090871630496e-15,3
"20628",0.0636863077518535,2.56674523567972e-10,0.936313691991437,6.61853390918735e-35,3.50831084614616e-14,3
"20630",0.928218892303364,2.03563982886519e-05,0.071760751298321,7.09630004481511e-26,2.66156000037497e-14,1
"20632",2.33082409069344e-09,2.87997412802116e-34,0.000545927648969085,3.21110557434382e-05,0.999421958964464,5
"20634",0.201507299249197,0.786870032004953,0.0116226687458501,7.16259227764245e-49,1.29931949558059e-20,2
"20637",3.55672703720347e-08,0.000211794698549126,0.99978816973418,3.16482812811116e-33,4.89904800159423e-17,3
"20639",2.23187388415628e-06,2.78977028559198e-31,5.2083722364106e-07,0.999239855467411,0.000757391821481633,4
"20644",1.18908755106096e-31,1.13131584383186e-11,0.999999999988687,2.40409137250668e-97,1.68034200288116e-28,3
"20646",4.80236053038282e-12,3.96263243563839e-06,0.999996037362762,5.19799301541527e-82,1.26441939685354e-31,3
"20648",0.00209104241459979,8.84099918121408e-25,3.02942146535721e-05,0.997837670851267,4.0992519480139e-05,4
"20650",7.97791746351388e-06,0.128859758510364,0.871132263572173,2.85319055203577e-52,2.17023625841881e-24,3
"20653",0.315235843857625,1.138817077199e-20,0.684764156142364,1.93254286375169e-22,1.08194569209083e-14,3
"20658",0.0187737695725545,0.890725192355318,0.090501038072105,1.06469538398445e-41,2.25395208390095e-14,2
"20661",4.06367605659981e-12,3.35763325355286e-09,0.999999996638303,2.89881291525549e-40,5.40868358064978e-16,3
"20663",0.982953916750171,1.56002862866819e-06,0.0170445175499891,4.4396423725541e-16,5.67121094823919e-09,1
"20665",4.58747910967674e-14,7.39591524775384e-21,0.0053765222847195,4.44975543875619e-14,0.99462347771519,5
"20667",0.384885253588657,1.84054445640518e-14,0.615114746411324,7.79042133145288e-38,1.13377466089974e-20,3
"20669",1.92490570974137e-10,1.85685912581199e-31,0.00169125602750626,4.88717316092466e-08,0.998308694908272,5
"20671",0.015644914223051,0.00260253866711215,0.981752547109755,1.42895673689316e-27,8.13163758798045e-14,3
"20673",1.47016527632609e-14,7.75454774179008e-32,0.000318156168713153,2.18594659322377e-09,0.999681841645326,5
"20675",0.452977873059796,3.43776826694304e-12,0.545330854767739,3.15912555673245e-05,0.00165968091346046,3
"20677",0.978874775286389,1.13951193459278e-06,0.0211240851954768,1.44629165764054e-22,6.19964096670711e-12,1
"20679",1.88641174126713e-09,4.41953555964585e-35,0.00580255057431654,3.58732674097625e-08,0.994197411666004,5
"20681",0.000919322465395046,1.90966358056034e-24,0.000508124302807741,0.981020743108947,0.0175518101228505,4
"20683",0.95243882178422,1.02734438939145e-07,0.0475610753190555,1.97193367893124e-18,1.62285344642376e-10,1
"20685",2.3581007464481e-14,5.99097193477005e-26,0.999999999999952,2.38054779502995e-27,2.48353625200751e-14,3
"20687",3.8937605033103e-05,1.48184984187142e-29,3.81796682790633e-05,0.977746141529247,0.0221767411974406,4
"20689",6.67793795674222e-28,1.53794724946424e-10,0.999999999846205,1.04728267631283e-78,3.7166732009887e-24,3
"20691",7.42096932655917e-12,2.90163490516388e-28,2.28657199008561e-05,4.761134093051e-06,0.999972373138585,5
"20693",0.00717646153831791,0.874945192080435,0.117878346381247,2.93555194028821e-56,1.44051230485301e-23,2
"20695",0.979392529928225,5.95709032121025e-22,0.0165804630207756,0.00401464117214955,1.23658788493665e-05,1
"20697",0.267846403581804,0.704914787342754,0.0272388090754393,6.66646573823933e-37,2.90506437239499e-15,2
"20699",0.977575878272305,1.08561045013018e-07,0.0223919525427362,2.04060665457466e-13,3.20606237099958e-05,1
"20701",0.970323143303169,9.02188523881982e-05,0.0295866378443808,3.21395527265208e-29,6.14861224869883e-14,1
"20703",1.52144777992678e-19,3.99407995456415e-31,0.999999999936356,3.92763383096474e-31,6.36438638966911e-11,3
"20705",0.843260490731669,0.0521207608996924,0.104618748368639,1.02860214831394e-41,4.21251516664892e-22,1
"20707",0.966379080896361,4.26639116945949e-15,0.0220994953502651,0.0115104466847305,1.09770686392697e-05,1
"20709",0.10081601772443,2.1903083386579e-09,0.899183623452181,4.70019445862561e-20,3.5663308072767e-07,3
"20713",0.000296661203485321,4.68040427679901e-27,0.999703336355852,2.59019557111308e-19,2.44066313390778e-09,3
"20715",1.67760147766585e-19,2.00214526033643e-07,0.999999799784956,7.69297276262571e-54,5.181748871638e-13,3
"20717",0.000740613617533076,5.99843190303355e-26,1.34648030027382e-05,0.999237075356154,8.84622330999414e-06,4
"20720",0.907537566031356,0.000290574794835857,0.0921718591738077,2.35169728946118e-56,4.987637614982e-27,1
"20722",0.972092545090632,0.00273919837499314,0.0251682565155666,4.23434132709473e-24,1.88087170736717e-11,1
"20724",0.00544804857848228,2.79765318235686e-29,0.000121016520159932,0.989381003240367,0.00504993166099039,4
"20726",0.042437903628103,0.881224379561183,0.0763377168107135,1.70270159934013e-61,1.92181280397376e-25,2
"20728",0.000371948387471142,1.55532201684067e-28,5.49859123096695e-05,0.998978996550105,0.000594069150113947,4
"20730",0.917281064179877,1.39476269997631e-19,0.0186994166853072,0.0221204171761678,0.041899101958648,1
"20732",0.000558329498640746,1.85130092019953e-09,0.999441668650058,2.87856771441674e-42,7.39621500553759e-21,3
"20734",0.969863344366252,1.13953684303886e-08,0.0301366441727517,2.34324631398737e-17,6.56275262910023e-11,1
"20736",0.000733597662114857,1.43255842402219e-26,0.000264395334298884,0.958281414629571,0.0407205923740151,4
"20738",7.67900596979634e-17,7.76058078854382e-12,0.999999999992239,4.66209960010814e-84,1.42939706959798e-39,3
"20740",0.000171885517589013,0.000382611774805443,0.999445502694032,1.09260744910589e-22,1.3573543360563e-11,3
"20742",0.351473007709436,1.72719290003119e-22,0.428701734962128,0.219784094167091,4.11631613452451e-05,3
"20744",8.65568259787412e-08,2.48480161531704e-30,0.00140628624493395,3.97895757508213e-05,0.998553837622489,5
"20746",0.989862258585283,1.6224091910266e-10,0.0101340003495791,7.70044583760636e-09,3.73320245089255e-06,1
"20748",0.00111658822997378,2.91652553206062e-29,9.75595835211525e-05,0.99844765834919,0.000338193837314902,4
"20750",0.733362658902226,6.49756607290526e-20,0.0513286565749241,0.000192902753394996,0.215115781769455,1
"20752",0.977686435120242,0.000450741924432907,0.0218628229537012,6.44129747217736e-28,1.62339825095406e-12,1
"20754",1.48122640294729e-13,1.61695039669685e-27,0.00119805187417651,1.82194930601813e-11,0.998801948107456,5
"20756",0.971355148643102,5.25902746286754e-12,0.028640668671662,4.90421296582687e-15,4.18267997189083e-06,1
"20758",7.95772830520776e-09,1.24196089890441e-10,0.999999991854282,4.38586253603304e-34,6.37938505453404e-11,3
"20760",0.00325042415651447,8.87897517227125e-32,0.000518556202841813,0.906988106925875,0.0892429127147683,4
"20762",5.93666899747986e-13,7.51820687130543e-28,0.000538731629910464,7.67767646676407e-08,0.999461191592731,5
"20764",0.00166114426844614,1.536738720412e-30,0.148340822283513,0.00303963753898605,0.846958395909055,5
"20766",0.000578851266278527,1.55409092125881e-31,1.92874908325933e-05,0.999154493358358,0.000247367884531231,4
"20768",0.750256076654436,1.37927314556696e-18,0.0409614273802689,0.00535665545283917,0.203425840512456,1
"20770",0.00910440641823756,2.10247841254651e-10,0.983896789036172,2.70741716879958e-10,0.0069988040646007,3
"20772",0.082816646533775,0.905875719543343,0.0113076339228822,3.6014210482736e-47,3.05748406624417e-18,2
"20774",1.75852553631054e-11,0.00498787723977374,0.995012122742641,3.956897815185e-76,1.97021276068476e-26,3
"20776",0.950175732459659,2.5057897038162e-19,0.0461383636316375,0.00368119016234398,4.7137463590732e-06,1
"20778",5.58383258039219e-18,7.88390701851189e-06,0.999992116092982,1.60754425551737e-83,4.83706904931884e-29,3
"20780",1.01132624652583e-17,4.06313084099707e-24,0.986529186761392,1.4266052441412e-21,0.0134708132386078,3
"20782",1.1450604170787e-13,1.03648970093261e-30,0.0793882946879299,2.79316836047606e-14,0.920611705311928,5
"20784",3.45156773159416e-11,1.09587842779773e-25,0.00112790847475376,2.56968327983315e-07,0.998871834522403,5
"20786",5.64074337833284e-16,1.24219032667361e-25,0.102090429815239,6.56410106788754e-16,0.89790957018476,5
"20788",0.973720698283745,1.89567126981797e-13,0.0242788202250818,0.00199477833045693,5.7031605267692e-06,1
"20790",0.0157696220139851,2.43727088961472e-27,0.153111685040898,0.000734228281083197,0.830384464664034,5
"20792",0.85813337115784,2.83077481756914e-13,0.141866626994022,1.13728015844133e-13,1.84774089402859e-09,1
"20794",5.76849077101131e-05,5.63183059362023e-31,0.00365076283781931,0.000296615600873751,0.995994936653597,5
"20796",0.492080177350509,0.483168179828008,0.0247516428214828,9.30592906521995e-42,8.81796871678974e-20,1
"20798",5.21283226268763e-17,3.58610591879246e-27,3.01860107489781e-05,1.37699345178331e-11,0.999969813975481,5
"20801",4.01607069148064e-06,7.67956987574139e-20,0.998575766890902,7.89615751471012e-14,0.00142021703832819,3
"20803",0.962640300064041,3.93548043864076e-12,0.0373596904464619,3.81849270406784e-12,9.48174320816403e-09,1
"20805",0.977383435777683,9.33039876004778e-09,0.0226165547436893,6.16846232589534e-19,1.48228771643035e-10,1
"20807",5.21283226268763e-17,3.58610591879246e-27,3.01860107489781e-05,1.37699345178331e-11,0.999969813975481,5
"20809",0.0740507868675616,2.15064184180927e-17,0.925949210500183,1.95654525157957e-13,2.63205962203905e-09,3
"20811",2.57645414636164e-06,1.05150336842763e-13,0.999997423545748,4.11731584952501e-34,3.27800394923342e-19,3
"20813",0.469049396776792,4.49413841688994e-10,0.530950602773794,1.25787674649848e-37,4.85130529213667e-18,3
"20815",1.45017336773463e-23,2.96465750662209e-33,0.00112152499597884,4.54776905435e-18,0.998878475004021,5
"20817",0.00904222095669326,1.02395292757717e-27,0.000159095627551203,0.990724676265503,7.40071502524645e-05,4
"20819",0.970057194802633,1.12368118472629e-07,0.0299426908235173,6.89064674400122e-12,1.99884118982215e-09,1
"20821",1.89769794219891e-18,4.29357340261001e-09,0.999999995706427,2.12923697667624e-61,1.79253375108698e-21,3
"20823",0.987512043246913,5.88019808142273e-12,0.0124879468819083,2.6899478086232e-17,9.86529866235901e-09,1
"20825",0.000781114674762776,8.38826467437459e-33,2.72817912297875e-05,0.994960987266336,0.00423061626767164,4
"20827",0.233990343889809,3.63589970084117e-22,0.765806301088955,5.49919169125317e-07,0.000202805102066978,3
"20829",0.00761867016608629,0.0413722612709803,0.951009068562933,5.69731927121181e-68,1.05020130605878e-32,3
