"","V1","V2","V3","V4","V5","V6","V7","V8","best$classification"
"19811",0.0119226404699372,6.07737627562801e-22,0.00503174816771414,2.81004028298966e-10,0.000611405061336043,0.982434102912262,1.6155276319759e-08,8.6952470621943e-08,6
"19813",0.999993891801686,1.18177263895897e-30,3.03348832956861e-11,2.3364289113731e-25,4.00130046417521e-47,4.57872803805614e-06,1.52943994079751e-06,4.01005849168417e-32,1
"19815",0.000309100434140726,3.84678887125009e-10,0.0505850245402382,0.00818432958099949,8.97247368809551e-09,0.940920443226426,1.0928610426052e-06,4.06179064175676e-26,6
"19817",0.000349294023977412,6.81107388347666e-13,0.0385202924983424,0.000764887253136616,0.41345671103087,0.546908769655801,4.49670527281584e-08,5.7013934748733e-10,6
"19819",2.79705101159654e-05,0.393995331948932,8.76500981722347e-07,0.464416262783093,1.59089676929924e-68,1.1779103033489e-45,0.141559558256877,2.15541089762779e-46,4
"19821",0.103353305284604,1.11628436439271e-14,0.032921345094216,1.13412126188129e-12,7.39246428495155e-07,0.863598870083155,0.000125536113961071,2.04176489717451e-07,6
"19823",0.0337414110376255,4.65510475208246e-19,8.40991821947924e-06,0.966250162585346,5.43860910082446e-13,1.06022840707393e-08,5.85598156630132e-09,4.78728431181777e-34,4
"19825",3.49627593237858e-07,1.62507425229719e-13,6.69502394874743e-13,6.42439233782515e-21,1.5992051333387e-57,1.02606970560899e-43,0.999999650371349,2.26180158034267e-13,7
"19827",7.24806166626316e-05,1.89524048085943e-11,0.00921536515522526,0.000747850156690718,0.987643995340262,5.33089217292848e-07,1.68870654174917e-05,0.00230288855757192,5
"19829",0.00287880716721813,0.291272324485054,0.184472963910173,4.94539985448635e-09,1.50200392881631e-33,4.43322476390705e-22,0.521375899358116,1.340397067679e-10,7
"19831",0.000299913099486786,0.3793542325487,4.29874186497532e-07,0.0890013667189397,1.26642318520315e-77,1.3078044839328e-31,0.531344057758687,1.20782008208203e-62,7
"19833",0.999999027565945,3.23433519618662e-40,5.56001446064824e-30,9.69626820812493e-07,1.85889698962622e-136,5.08650811986805e-91,2.80723394192475e-09,2.93233887431262e-71,1
"19835",0.103353305284604,1.11628436439271e-14,0.032921345094216,1.13412126188129e-12,7.39246428495155e-07,0.863598870083155,0.000125536113961071,2.04176489717451e-07,6
"19837",1.49352137404057e-06,2.73462959868514e-09,0.00758150259241547,1.00091975757685e-05,0.992044605515005,0.000188796865611019,7.82227985856431e-06,0.000165767293530036,5
"19839",0.431385907214951,0.000351631333617088,0.0180179298682441,5.90225504357712e-17,6.1261091270818e-38,1.76550604599828e-19,0.550244517578299,1.40048889763325e-08,7
"19841",0.136109533676622,9.20906799475708e-23,8.0142581427167e-15,6.41951477874512e-27,1.0549576588873e-34,2.9068454745442e-33,0.00010497673616123,0.863785489587209,8
"19843",0.000306439161418719,0.000297982085108923,3.80866115941821e-07,1.60107146349451e-20,3.94632682049464e-110,2.88464827773762e-30,0.999395197887356,3.13762115821828e-55,7
"19845",0.30360129682474,1.45861393696723e-32,1.02868099119065e-06,2.37593662558042e-14,1.31565381917084e-22,0.696397668209827,6.28441752145911e-09,7.96038109017331e-32,6
"19847",0.00111318710414235,4.15242186425082e-11,0.302951539231148,1.56229739885799e-05,8.76942459922432e-18,0.694588060928828,0.00133158972036828,4.64824753024231e-33,6
"19849",0.999472456411124,2.53113225127918e-38,1.48099006624083e-12,1.25215508693963e-24,1.96700661208527e-39,0.0005275412574968,2.32989821350963e-09,1.72654219246462e-31,1
"19851",9.90585657485905e-05,4.56777628766801e-18,0.00319398074408007,0.000329608611423317,0.95677210537383,0.0396052416992459,5.00565832193843e-09,1.35505872862834e-14,5
"19853",0.996011193053192,3.3369772275302e-43,2.49514990904576e-08,0.00329267486656554,2.31070588217172e-07,0.000695876058131552,2.37768858663501e-14,2.23930337773395e-25,1
"19855",0.0234450237757099,1.21281053179467e-26,0.0012796110428985,0.000120147396656868,0.760654163102488,0.214501050031975,1.48826184655962e-11,4.63538936390105e-09,5
"19857",0.00889084738713053,1.93430746868771e-08,0.243728410704241,5.36530445256695e-11,6.6372624213119e-06,0.743246545141705,0.0041251942835942,2.34582418018224e-06,6
"19859",0.00700709905633281,3.32956599931536e-09,0.769972857383735,0.00714950203850776,0.112914472188173,0.102941760529431,1.4218520672285e-05,8.69535824231179e-08,3
"19861",0.00539903821525702,6.63817635076588e-26,0.000319168819116365,2.88839499459754e-09,1.21655760504132e-06,0.994280572171209,1.34841792582428e-09,2.22338498561054e-18,6
"19863",0.999999971342896,4.03619456578626e-47,1.04395038598741e-18,6.34574589588602e-36,6.52999082987416e-41,9.99781465480794e-17,1.99948221411934e-12,2.86551047913034e-08,1
"19865",0.000944754178884124,1.91237523482704e-19,4.95891896058264e-06,8.63682907904571e-14,0.00109016815416812,1.40143589622075e-09,2.79355861755467e-07,0.997959837990603,8
"19867",0.000121900615937597,1.53526099263653e-16,0.0113371165520362,1.68076319419087e-06,2.86927653169094e-17,0.988535416291814,3.88577701763542e-06,5.01741035020194e-36,6
"19869",0.869054756613981,3.94635204078027e-40,3.45960345726335e-09,3.07105829341278e-19,3.0735943832995e-13,0.130945239790747,1.29202221810986e-10,6.15957208527682e-12,1
"19871",0.000121677634512726,5.42963034725311e-07,0.206814027107394,0.000884199626083907,0.790269865765875,0.00173482340262458,5.53448686380279e-05,0.000119518631836628,5
"19874",0.0063193819420044,1.03426489646717e-20,0.000955705920157925,4.67811912264437e-06,0.991013521151595,0.00166827711350944,1.1032320583117e-09,3.84346503789903e-05,5
"19876",0.000259153526569293,6.34282546293556e-26,1.83717010851185e-05,1.51264817458421e-09,0.71184475010895,0.287875667236413,3.65852316566019e-11,2.05587774958559e-06,5
"19878",0.00760624422479491,4.08398028526455e-09,0.977216380335238,6.28859824887011e-08,1.16810505334802e-46,2.15980437274056e-19,0.0151773084700046,7.26307311491852e-28,3
"19880",0.000336079315048812,3.00272580131021e-31,3.2481206628967e-10,1.48828534997651e-16,5.98232456668449e-07,3.66462761040335e-12,1.17472744156228e-11,0.99966332211227,8
"19882",0.518876700385836,1.39019061215792e-30,0.000505516240760032,4.98605626877259e-11,1.40842275369172e-12,0.480617686704157,9.66179776287394e-08,1.16615791234574e-17,1
"19885",6.53159203245647e-05,1.87639124343875e-05,0.0965138672273789,5.77086715517598e-05,0.00325104848720972,0.899885226035919,0.000208069394300948,3.50881163372606e-10,6
"19907",0.00477623211670686,8.89535281444929e-23,0.00229360054169615,2.99141635951771e-09,2.36993604551529e-16,0.992929793531708,3.70818472485581e-07,3.85276848293467e-29,6
"19909",9.27203653299529e-06,0.814543089648445,0.157658259316032,1.17053224736848e-08,1.39596376389651e-36,7.36515140620619e-09,0.0277893599285161,3.95932644922381e-29,2
"19911",2.65926631119489e-05,0.610009490121346,0.0377081391264412,8.43613328460569e-08,8.93607087249644e-26,2.3887517599619e-18,0.352255686844442,6.8833263209824e-09,2
"19913",0.000354070381962703,4.62265572610139e-27,2.98314420066863e-15,9.40133121429151e-20,9.6766876892796e-17,6.21262699432357e-27,3.53392322184813e-09,0.999645926084111,8
"19915",0.000378940952484988,1.02502749902575e-19,0.0018408073023676,1.81878852345518e-05,0.258116704027001,3.55640672365464e-06,2.21503682418199e-09,0.739641801211152,8
"19917",0.00807416669398252,2.97335415944366e-14,0.00102331095230469,1.04101902197993e-09,2.72713186343042e-07,4.20801327684101e-11,1.40576356710237e-06,0.990900842793831,8
"19919",0.000735326059771476,2.38278420695638e-12,0.0332256970421517,0.000235610363867592,0.946465882367735,0.000547329669250352,4.43916974513278e-08,0.0187901101031439,5
"19921",0.000203047681738925,8.15251179878666e-15,0.0139221755051953,2.96451852884438e-05,0.000454128984902568,0.985390754505921,2.48136945190172e-07,6.00055912223551e-19,6
"19923",0.0195007574009365,9.66847425909362e-13,0.979804019600849,0.000678036786247122,3.03652787195382e-30,1.23624924389345e-07,1.70625860763547e-05,1.30953722817665e-39,3
"19925",0.000519836815722662,5.85152328257818e-18,0.000729096142732321,1.14382039229761e-07,0.000979400488839551,8.47422262273782e-09,4.01153896438737e-08,0.997771503581054,8
"19927",0.000244712471916105,2.18720992027791e-15,0.00465862044816157,0.000298670160992964,8.90879858673961e-05,0.994708904789163,4.14389646135945e-09,1.31817414950213e-17,6
"19929",0.992848918588006,5.59967796413191e-42,2.56425308221505e-19,7.28342733809623e-35,2.29301618975915e-26,5.68641285581123e-14,1.21970484161227e-10,0.00715108128996669,1
"19931",4.60304653422726e-05,2.76695346292462e-09,0.033526488616222,0.00120315036599101,1.02336918281917e-09,0.965217567127582,6.7596345403785e-06,4.3051155316458e-20,6
"19933",2.26194885927272e-07,0.195964596359447,0.790292004520893,0.00193651433231681,3.22490957837764e-14,4.13209000416676e-06,0.0118025265024204,1.7856027447556e-17,3
"19935",0.000171925004253928,6.28364544030206e-05,0.664753006396262,3.30645957247135e-09,2.1699831485225e-15,0.0190967732979307,0.315915455540688,8.22150673577728e-16,3
"19937",5.24673413970017e-05,4.76605361399345e-13,0.0123056425287197,0.00408735462752891,3.68302615154916e-05,0.983517530721994,1.74518368746787e-07,1.5807335047401e-24,6
"19939",0.0167611258443315,1.3416599140309e-13,0.943381732227727,0.00311536579245009,9.41414671067095e-07,0.0367399583055426,8.764149312565e-07,2.11928229054583e-13,3
"19941",0.000313165724891174,0.0290923476581601,0.00114612123169748,4.34472715121215e-14,2.37824971808996e-32,6.27483301501938e-22,0.969447747671619,6.17713588775938e-07,7
"19943",0.00357148353382895,8.27807983595069e-22,1.37024588108306e-07,5.23493771733945e-10,0.00436964969241565,3.45221772603892e-13,4.34358062643067e-08,0.992058685789522,8
"19945",1.40591920380807e-05,0.297332483236333,0.686878312986301,0.00334050587971131,6.62908987016643e-17,2.50206466802955e-07,0.0124343884991497,4.48486220865906e-18,3
"19947",0.245414733043116,1.00862805048822e-10,3.71441357821466e-06,8.30054205795513e-16,3.36871248269924e-33,2.73512768771007e-21,0.754581181503307,3.70939134879724e-07,7
"19949",0.00010830469966224,3.40617170687974e-06,0.991728495529389,0.00584391968564857,8.18290501396736e-30,2.47092069933154e-07,0.00231562682152318,6.0047223413612e-40,3
"19951",0.157630348534357,1.64581961532483e-12,0.743467728491856,1.2444917955187e-06,1.19419371644369e-08,2.30369626965782e-08,2.13422398659829e-05,0.0988793012615792,3
"19953",5.44140924801038e-07,7.98431689940602e-05,3.72153877425011e-08,0.963523027831689,2.19410381077338e-66,3.5422038493122e-32,0.0363965476430046,1.44116232323567e-68,4
"19955",0.603760539218968,0.017887429311892,0.235844021103933,0.000619408199037292,3.49188970192032e-58,1.3586971254403e-19,0.141888602166169,6.44765544803955e-45,1
"19957",0.96896635912781,1.99421012771011e-11,0.00421835979098856,0.0265163417083739,1.05933294934065e-08,5.05359380765315e-13,0.000228971594007508,6.99571650433185e-05,1
"19960",2.36616291116882e-05,0.00104342873211749,0.0287509396702594,8.40546669625031e-13,4.62762542957363e-45,4.00270345925034e-21,0.970181969967671,1.92620871961938e-19,7
"19963",0.999998994640477,1.39186902837203e-30,1.02373625931829e-25,3.5123693248911e-09,4.58058926591935e-64,1.60351312190973e-60,1.00184715348178e-06,8.51311356884211e-25,1
"19965",0.141929300058918,0.0104011894851423,0.452025377748919,9.28537235808692e-11,4.30717455073657e-82,1.24320507896392e-23,0.395644132614166,8.20229107764848e-48,3
"19968",0.223431016509929,1.76592935880665e-13,1.91537121129837e-06,7.01790246395592e-28,2.76121836121799e-16,8.27700862154212e-07,0.607946009626142,0.168620230791679,7
"19971",0.999666343534662,3.06137792136707e-20,3.79775962068012e-18,2.01167378766496e-12,1.0841533566915e-64,1.09501878412591e-66,0.000333655372157819,1.09116874533579e-09,1
"19973",4.46678220473432e-05,1.61853796619243e-13,0.00370105410413761,3.0250371997481e-07,0.926751001209064,0.069488455935327,1.08445846071611e-07,1.44099796958301e-05,5
"19975",0.0120455765719299,1.1520626835337e-14,0.00216731726443435,2.11328186373662e-12,1.4295914625001e-05,3.6903383062352e-07,1.43954748477743e-05,0.985758045738208,8
"19977",0.999999980693429,2.88786898850776e-29,9.95099767689561e-11,1.29843359466363e-14,1.66765584346555e-45,1.82343792331932e-40,1.79895387997614e-08,1.21750916502604e-09,1
"19979",4.44321223217148e-09,0.999172499520239,2.54105857862188e-05,8.25780221372451e-07,1.5678400612604e-68,1.15969881919406e-45,0.000801259670541168,2.01772512037595e-29,2
"19981",0.00131696448502527,2.632266213599e-05,0.510143184434066,1.85894897312372e-05,4.11879033230477e-10,0.488012827091747,0.000482111425414203,1.13992419590733e-15,3
"19983",0.00100932691849828,4.92196485467895e-08,0.89423842276361,3.24950197336842e-05,1.34522928875262e-11,0.10396949608164,0.000750209983416687,8.63084264342999e-21,3
"19985",0.000507785123421767,2.54646434080506e-23,0.000132947335005403,3.43396182924487e-09,0.955961374843145,0.00113994260119212,1.22891775380609e-10,0.0422579465403823,5
"19987",7.89525055613668e-07,0.00272026457077281,0.890834052204745,0.000549944553654691,0.019169921706027,2.72533656333521e-05,0.0866914960665032,6.27800760796953e-06,3
"19989",5.40584598708708e-11,0.993176434765895,0.000356092423339662,0.00454431598254792,4.09193587376419e-74,4.30084805328537e-29,0.00192315677415888,1.6726891475059e-59,2
"19993",0.000703755649900677,7.79039316524727e-05,0.997071591846759,0.000245952063896662,1.88389279935632e-15,4.75846198935524e-11,0.00190079515602422,1.30418039580424e-09,3
"19995",2.21166036308412e-05,0.00743232385725878,0.887919730297151,3.02683586840595e-07,7.0307289080424e-18,5.1825256144826e-09,0.104625521348633,2.72137833212792e-11,3
"19997",0.00110247837700467,9.5803149490701e-17,0.0219356779963175,4.38669446059574e-05,0.125773971884084,0.851143925392814,6.69465920303452e-09,7.27105138697029e-08,6
"19999",0.00372401050191607,1.30319468276563e-24,0.000488197845533289,3.12067790176611e-08,0.0467368645948997,0.00025385815544034,5.85236774544053e-10,0.948797037110195,8
"20002",0.993968474219749,1.15201198635548e-29,6.66250511940429e-20,1.41784685434806e-27,1.20273703195789e-51,1.77359658337043e-30,0.00603152577974479,5.06020347728301e-13,1
"20004",4.8299542106998e-09,0.548406333136295,0.0430199511584192,3.84903089724575e-09,9.25672874700125e-24,1.10690815364554e-08,0.408573695957218,1.73047250237645e-17,2
"20006",0.00166466665848809,1.72985972709962e-08,0.00440924723869392,9.58783147084253e-12,3.00207608361066e-54,9.2424422927027e-26,0.993926068794633,4.86900347912362e-22,7
"20008",0.0930614643697123,1.34753279677369e-07,0.231671886039309,4.86071240725884e-08,1.82783759230047e-56,6.11467985006904e-24,0.675266466230575,1.24972504790366e-27,7
"20010",1.02860729531784e-05,0.570046234535097,0.375846851270068,0.0347293890233958,3.23241746250438e-24,8.96353573564563e-13,0.0193672390975896,1.41333077685229e-28,2
"20012",0.983956168669498,6.75361709243573e-27,0.000343459748718664,5.85007427733611e-16,4.31311356260059e-13,4.03470070723989e-06,4.8357369046746e-08,0.0156962885232754,1
"20015",1.33304848748263e-07,0.99223189212787,0.00320782287682857,3.30554184579847e-14,4.17702300016039e-77,7.10565349566385e-26,0.0045601516904195,1.11126099886378e-38,2
"20017",0.000399603873005969,3.52938498502692e-20,0.000532200745687028,3.60036273144822e-09,0.701629856514025,0.297435071828388,1.20194205628698e-08,3.2514191107474e-06,5
"20019",1.14535785693658e-10,0.999460402346311,1.43501031196216e-06,6.80851678798204e-06,4.34318864227489e-99,2.77941862484642e-56,0.000531354012052972,1.56519010573886e-50,2
"20022",1.07211169694791e-07,0.825996566146181,0.167344369071259,0.00229677590922563,3.21014077618029e-25,1.29344910409322e-11,0.00436218164923037,5.60686330392734e-26,2
"20024",4.72285383155954e-10,9.50696104711576e-06,7.46163690361795e-14,0.0034033411898943,1.48854138412239e-116,1.34745172730417e-57,0.996587151376699,3.05361287372692e-92,7
"20026",4.72285383155954e-10,9.50696104711576e-06,7.46163690361795e-14,0.0034033411898943,1.48854138412239e-116,1.34745172730417e-57,0.996587151376699,3.05361287372692e-92,7
"20028",0.00014409688748359,2.44876060596675e-23,0.000140103743168133,2.3444503047815e-07,0.992353106239861,0.0073065797079871,1.91446492772719e-10,5.58787850230945e-05,5
"20030",1.21525841078663e-08,0.967963572977106,5.84949338312397e-05,3.56632063812081e-14,1.46879125658815e-49,1.34468702831028e-26,0.0319779199364434,6.42134638349017e-20,2
"20033",0.0432155624358476,2.7557920550595e-10,0.545155457830884,9.66012327604846e-06,0.0583069506332566,0.000262056166820785,1.01081486277697e-05,0.353040204385708,3
"20035",8.72350954476675e-11,0.988778284909132,1.15374030384468e-05,0.000115545588300189,1.0449189990044e-101,3.21965661143593e-52,0.0110946320122939,2.94485907801456e-58,2
"20037",5.50928131884253e-07,0.996404433175508,0.000610807007110267,3.59896381914604e-08,1.23873640448652e-103,8.39388225068872e-40,0.00298417289961213,1.30636530966325e-60,2
"20039",6.73097146560145e-06,1.55461167519268e-16,1.77329141955528e-22,0.984369649553149,3.62134648076565e-146,1.64704345996361e-72,0.0156236194753854,9.77109209884067e-136,4
"20041",0.00497218712269586,1.24346356242524e-09,0.994277554094171,0.000445655517857041,5.2585348431661e-29,1.77149195685677e-13,0.000304602021635329,1.02794077908193e-22,3
"20044",0.184760177069164,2.81970044490171e-10,0.794583719269645,0.000299706549327715,1.71666492903581e-33,3.25582349055275e-18,0.0203563968298932,1.74109970244299e-19,3
"20047",1.89075961729463e-07,0.992683320175549,2.91795118938173e-09,6.28275503778424e-06,3.16478803327261e-107,6.42860381287776e-70,0.00731020507550029,4.27358349146117e-45,2
"20050",0.000280746574871072,6.93625567993623e-05,0.00789233591205465,0.985080305736621,1.78142424133157e-35,2.12095006862526e-28,0.00667724921965365,6.52218134934516e-30,4
"20052",0.0109532611272131,1.8334012772246e-05,0.950297006425437,0.0266489232308967,0.00842078782170756,2.80116634909849e-06,0.000150820651367611,0.00350806556425655,3
"20054",4.45442753501718e-05,0.845411800399719,0.10394254325856,3.03204289519958e-13,6.85902266877379e-47,1.53045744886538e-14,0.0506011120660525,2.08300621925435e-23,2
"20056",7.31629010903507e-05,3.83943603792883e-13,2.18642392047493e-06,6.52824570002998e-11,3.73442826973669e-12,5.5354006715563e-21,0.0247257724363384,0.97519887816925,8
"20058",2.04266910183158e-10,0.996703077825191,0.000626930623739809,0.000107951901651594,1.39604838900048e-82,1.00854584980791e-26,0.0025620394451504,7.51996460866153e-67,2
"20060",1.58292911192722e-06,1.01858940860894e-10,0.42622852706843,0.000707745151823553,0.000157890819475346,0.571309789057272,0.00159446487202826,2.33799757116791e-16,6
"20062",0.00819322654091953,9.54590356186889e-08,0.808160915159083,0.000252826891978689,3.38161987949579e-06,0.18329487938209,9.46749361539629e-05,1.08588682317121e-11,3
"20064",1.7764228655622e-07,0.735281197857531,0.261445295469934,1.65123134051234e-05,2.50484031740162e-13,2.94931735048041e-10,0.00325681562545176,7.96209160297623e-10,2
"20066",6.61928962795992e-09,0.988587574606192,4.92155771734952e-07,5.68709814677955e-15,3.68710703486364e-78,9.58148648422598e-42,0.011411926618741,5.58748077881311e-30,2
"20068",0.000528839991807245,5.90243055837839e-18,0.021561353090138,2.61925063170536e-06,0.000167281375856676,0.97773972554449,1.80747076652383e-07,4.07630692164496e-17,6
"20070",0.0147598926584592,1.4654406191162e-17,0.0539866541708232,0.023367873884963,1.70152399621307e-09,0.907885572877136,4.7070943507745e-09,6.95858311551151e-27,6
"20072",0.0782162248635615,0.0101269448090719,0.0276273612703737,5.68405440743974e-15,7.99792994197341e-90,5.21103516502783e-19,0.884029469056987,6.18919646706371e-57,7
"20074",0.0106622784911577,5.9716011563274e-39,5.15378397721676e-17,1.87838465824128e-26,1.0272902476223e-19,1.1780222373519e-20,4.24740426058791e-12,0.989337721504595,8
"20076",0.909483793401152,2.75947956291118e-10,0.000504955938960428,2.09843599101864e-23,3.36831567019653e-16,2.05980067811252e-05,0.0546474840936742,0.0353431682834836,1
"20078",6.22538919634556e-05,0.423750890205612,0.547518575280863,0.000490808967856791,3.61165909330485e-24,3.97127736392288e-12,0.0281774716497338,1.08861335000684e-16,3
"20080",8.7620607250246e-10,0.999303971797974,0.000326411120129185,0.000132145913569735,1.17517220903596e-69,6.84776940271508e-43,0.000237470292121115,4.37572398124962e-37,2
"20082",1.03257193614094e-05,9.23167058597727e-08,6.56321891099564e-15,0.995765626506474,3.72902202787635e-81,3.83742101662317e-53,0.00422395545745152,5.29396503188831e-77,4
"20084",0.000893848352116562,0.774705426391262,0.00797091438842117,0.000389591439094723,2.29647755430244e-25,6.06172801085525e-27,0.216040189340187,3.00889193528323e-08,2
"20087",0.000148523608305286,0.0686573486659396,0.885726550744893,6.29030637245759e-06,2.09778374813669e-40,2.55374972281033e-08,0.0454612611369928,3.46725373413731e-35,3
"20090",2.22429692290823e-07,0.986395246809337,0.00184986823601224,0.00609422462954854,3.11824315249906e-69,1.44068935907047e-42,0.00566043789541048,3.20121134821882e-40,2
"20092",0.398350029615292,2.05008825946483e-13,7.00648103321472e-06,0.601597711228075,2.8653302807411e-62,3.07140446749669e-14,4.5252675363576e-05,3.24307338243504e-82,4
"20096",0.10127930289759,5.82747200960557e-11,0.000522180688346164,0.898189711678613,2.84730519092198e-21,1.25722031832033e-15,8.8046771746824e-06,5.46061320035953e-23,4
"20098",0.00573674450884899,3.76025364827201e-13,0.0922720428876313,0.000160501950736724,0.850154428176518,0.000850333953238775,2.04769856356429e-07,0.050825743752794,5
"20101",0.000460547248454012,0.92576957326932,0.0183947833394872,1.20417654969952e-05,8.68818052521756e-47,2.2674022940639e-38,0.0553630543772406,1.51050374057184e-15,2
"20104",0.985986201788466,3.32010651205283e-37,1.26075429653548e-13,0.0140137982113771,4.72805832326721e-42,9.20474208616223e-15,2.18800399106245e-14,1.38528464951046e-56,1
"20106",1.5734638025656e-07,0.956734577421223,0.0416716512045765,8.25642428653988e-07,2.48687721333368e-30,1.39498894871358e-21,0.00159278838531748,7.35775910394702e-14,2
"20108",0.000307631604450546,4.58304419990295e-11,0.0866299199921872,1.23228320857612e-06,0.00196387974321043,0.911040546601137,5.67447270766029e-05,4.50028993904103e-08,6
"20110",0.116980350789701,8.79758875166804e-12,0.014859433095135,0.868090657017902,2.75046271076313e-16,2.56835268353433e-21,6.95571675108792e-05,1.9209534704921e-09,4
"20112",0.00110781183528249,0.0231162590446062,0.933457515642712,0.0289582877575876,1.21697979517567e-35,3.9261061340848e-19,0.0133601257198115,8.19952909656388e-26,3
"20114",8.49699219010544e-06,0.824299432926107,0.0267279221373946,4.07126768736944e-05,2.3958706588549e-16,1.28885445328917e-20,0.148909829233116,1.36060343188342e-05,2
"20116",0.000721413542993488,0.789120033660218,0.0874409762202231,1.23675378005594e-12,4.99473934559451e-23,2.02598825233809e-15,0.122714187109157,3.38946616912226e-06,2
"20118",0.000568933989586249,0.00622106012483776,0.986706886017041,0.00164402891740147,0.00331094754145858,3.76306029366699e-05,0.0012208905482112,0.000289622258527477,3
"20120",9.31207972915868e-08,0.546982409460006,0.0519924389014086,0.193129844313544,1.45230495346917e-24,3.87553832376276e-30,0.207895214204189,5.52068756585462e-14,2
"20122",0.000592684046832354,3.46925308419427e-18,1.6890755866993e-07,8.9578176661658e-16,9.40638894228708e-08,7.49574423513079e-13,1.61959052478735e-07,0.999406891021917,8
"20124",0.00361258575850871,0.781061452177035,0.0126396474815656,3.05877252568946e-05,9.56059268114645e-82,1.48539539250205e-31,0.202655726857634,4.19201977181401e-52,2
"20126",0.14225208670383,6.16374587648275e-12,1.84598125421011e-19,0.10295374770528,2.32905897340728e-120,3.21398685508848e-68,0.754794165584725,2.09501668624402e-82,7
"20128",0.000843069974177279,0.000216506221619832,6.89874173189102e-18,0.000286321639371952,2.55786535526086e-171,1.00793796326838e-93,0.998654102164831,1.94158258996615e-92,7
"20141",0.141982717068203,3.92328244502099e-24,3.54888558797553e-09,0.858017275841361,2.13798426223851e-15,2.37873795868483e-10,3.30367422230552e-09,7.55687575650011e-30,4
"20143",0.971251068599173,5.44164088232551e-33,9.86457386469005e-14,1.24389765659189e-20,3.98967408287315e-32,5.6318306515388e-33,4.59195214366936e-08,0.0287488854812076,1
"20145",3.83769054215539e-09,0.928572126660971,0.0598622142645268,0.0100523137024428,4.41665384666364e-21,2.64483291961669e-14,0.00151334153434234,5.30654608168916e-22,2
"20147",2.53772404149578e-06,0.653324826263085,0.344904679744465,8.98655900456672e-05,1.81751629744193e-27,8.47443956195876e-13,0.00167809067751536,7.95669187176732e-19,2
"20149",0.00196177345495698,1.34575960425237e-24,1.30075245473212e-08,1.12264141709371e-14,6.68925891364485e-07,9.27456504617581e-12,1.42300435011817e-09,0.998037543179337,8
"20151",1.8672023034518e-05,2.88797749759679e-13,0.00624437766425736,1.99865637507992e-06,0.991770044776715,0.000782222369752419,2.14764767873916e-07,0.00118246974480874,5
"20153",0.0289877993405967,1.14952218230841e-12,0.0244897776497384,0.860368841460854,1.48357008742254e-06,6.22126697603342e-19,0.000128452949579749,0.0860236450279941,4
"20155",6.95181661918047e-05,0.505025854632011,0.48468499062973,2.96231608558045e-06,8.20023967925135e-48,2.71078350301577e-21,0.0102166742559822,1.31099146190249e-26,2
"20157",1.00845314262664e-05,3.14270577661432e-15,0.00501600834483392,4.02985763768829e-05,0.99422704439375,3.77198270971075e-06,5.01192585232069e-05,0.000652672912376517,5
"20160",0.000169391029217239,5.17152331720049e-29,1.39247317264483e-14,6.97242011188465e-20,5.63918644676893e-14,3.15226825872942e-23,3.91326785434055e-10,0.999830608579386,8
"20162",0.000451032731524629,3.51342252844646e-28,1.76511362330745e-08,9.82484634934227e-14,0.00578932947830475,7.30003344094954e-09,6.28584829553465e-11,0.993759612776044,8
"20164",0.069777965479553,8.29393124327278e-17,0.00836311847091006,4.78576931985992e-07,4.61213464264386e-11,1.16924896442073e-13,3.33995202547769e-05,0.921825037906112,8
"20166",2.75027305480209e-05,0.0261660464423986,9.07292722668795e-07,8.24532589715499e-24,2.86319506842971e-68,1.09530101669793e-33,0.97380554353433,1.67022225422414e-16,7
"20168",0.993900418600345,2.88280708255962e-18,2.01792174451414e-17,4.56031043895067e-36,2.54596499874683e-86,1.44198846676893e-31,0.00609958139965514,1.82221021276196e-27,1
"20170",0.000886517183121232,3.00237753066786e-13,0.00412461762926638,0.000259465748736617,5.6638620173604e-05,1.6380450600467e-10,2.35480544973622e-07,0.994672525174052,8
"20172",1.37943958035974e-08,0.889185072058629,0.104836566976654,0.0042763545604865,6.09606099957032e-36,1.20406411055981e-10,0.00170199248942883,1.18874078739765e-40,2
"20174",0.0129688843021821,5.46506981865437e-30,8.36981150950473e-07,9.87509245090651e-16,0.00499842398274438,0.981997837830277,6.85496212859052e-11,3.40168350947838e-05,6
"20176",0.999981764302103,1.63339939123376e-23,2.20324039333786e-09,1.83749065363752e-30,2.2814059970582e-67,4.50281274818658e-16,1.82334946564467e-05,7.7541183764613e-30,1
"20178",0.000314951489415186,4.36819628959998e-29,1.23476337535808e-15,1.66453573290824e-19,2.31372825363809e-15,7.88788839995139e-26,1.31926880819285e-09,0.999685047191312,8
"20181",4.44992889516008e-08,0.977996999527159,2.85458399692833e-05,2.83294601554137e-15,5.82552513784024e-42,1.05096069420076e-33,0.021974409518389,6.1519044626859e-10,2
"20183",3.70265252981448e-05,5.71576883287335e-07,0.342743393525532,0.0845617038572749,1.16935909736653e-05,0.571660890564165,0.000984720359873667,1.19527402738026e-25,6
"20186",0.00597366619446956,4.1277527400432e-09,0.466497686187346,0.0329198525692502,8.83138706846038e-36,0.477632460132296,0.0169763307888853,1.27511076627848e-62,6
"20188",0.000289064289349836,9.72188608202333e-29,6.05209431431631e-11,6.2238129606454e-15,2.30649978591881e-11,1.27493343773684e-20,8.88499934898969e-10,0.999710934738558,8
"20190",4.85532912181378e-10,0.99601488390841,0.00354188291446543,5.26187467373286e-10,9.44008067353743e-59,6.67620939463743e-28,0.00044323216540465,4.5198327362371e-30,2
"20193",0.999708508363045,4.24800433732146e-24,8.19983555949427e-13,7.24817602720296e-33,4.68709192917677e-58,5.04151978046683e-34,0.000291097048130015,3.9458800528769e-07,1
"20195",0.127652113018137,3.51166946580919e-12,0.698145435204601,4.400828600289e-06,5.6361067968219e-09,4.66060157119292e-11,3.34152192324646e-05,0.174164630043205,3
"20197",0.000270293273246273,0.624220703435818,0.370433317498391,0.000433337234916274,3.66606309777664e-37,2.23487809984007e-13,0.00464234855740579,5.48731632635408e-31,2
"20199",0.00204299112919669,2.18032610334739e-22,8.30647007367298e-05,6.50597942974786e-06,3.20710654154579e-07,5.24105612267231e-13,5.57626435102583e-10,0.997867116921832,8
"20205",0.0602751267072108,2.66413254301742e-15,5.34387522233265e-13,0.939720753254748,2.32394777440508e-80,8.99176464828584e-45,4.12003750446666e-06,1.71521184656397e-87,4
"20208",0.0330365372103914,3.26345576442873e-11,0.965626383113038,0.000173419691675108,0.000332958677647635,0.000738845612828605,2.35181211818477e-06,8.95038496669125e-05,3
"20210",0.000255203797796283,1.87158087107959e-25,7.7226361103963e-07,4.39913864370681e-11,0.000962518898472967,1.34235670995771e-09,7.57536736962295e-11,0.998781503578018,8
"20212",0.0600793177251533,2.44382513162811e-16,0.0527169610745004,5.35478690651393e-06,0.0109558075860129,2.79741702177193e-06,2.12300738751657e-07,0.876239549109666,8
"20216",1.95051196342542e-10,0.929534480376451,0.0583529292246527,6.77050890157582e-07,6.53084530107574e-27,1.35269031786627e-17,0.0121119131529549,6.88359482246718e-17,2
"20219",0.000397533130553728,0.156949734638316,0.00183925407717253,0.7405855627892,9.31057361612037e-33,2.93334383307846e-26,0.100227915364758,2.29329282339331e-27,4
"20223",0.00247968329565642,0.000193143752674663,2.87569995937544e-07,1.26030538509156e-18,2.04813903283599e-145,6.30568499748022e-41,0.997326885381673,1.67674039406148e-80,7
"20226",0.00124694646795322,3.72944945686977e-08,0.995409903899868,0.00325301284217738,7.42318355560043e-15,8.75034700231922e-11,9.00994064955173e-05,1.50015151535513e-12,3
"20230",1.38413656417829e-08,0.996102616424904,0.0017241460353325,1.73712618972577e-08,1.83098916260236e-76,2.86329396300533e-33,0.00217320632713626,2.20961248941219e-42,2
"20233",0.134856893560498,4.654165618682e-41,2.496667784335e-21,0.865143106439467,1.57438520930796e-50,5.97084595391732e-40,3.44556532772509e-14,1.04537103186984e-64,4
"20235",0.859468091427155,2.69193753759091e-05,0.00145997335215207,1.49924390517124e-06,5.5438754583115e-106,1.94934737710201e-32,0.139043516601412,6.40267508307567e-77,1
"20239",0.0138265205027455,0.0196048177971032,0.417318978597497,3.26173045259475e-09,1.56747747558785e-51,1.34220310407821e-11,0.549249679827502,1.50161080526798e-38,7
"20254",2.74343234776654e-06,2.4104927604256e-06,2.7967907079813e-14,0.982515770413867,1.10929886183132e-89,3.72747263567057e-64,0.0174790756609973,2.91505068920407e-74,4
"20256",3.10436453767446e-05,0.927624767595953,0.063689592933919,1.08423144296179e-05,7.55210471999982e-70,8.81251286917174e-20,0.00864375351032132,1.24711288382481e-50,2
"20262",7.17182616400701e-05,4.40398152876642e-14,0.0024301772332246,2.25216343848051e-06,0.286847419347449,7.01072966940544e-07,2.45139268842905e-07,0.710647486781968,8
"20270",1.06078591454934e-06,5.26935135064567e-07,0.000603020702913596,1.10863499207772e-15,2.47312913753885e-40,3.54340744901182e-19,0.999395391576036,4.40583103611343e-18,7
"20284",2.75567838383551e-06,1.07058598755441e-10,0.00324928437684857,0.993364716517817,2.91852149126415e-17,1.50100453817345e-10,0.00338324316979146,7.06854614221013e-42,4
"20287",4.3648671784612e-07,0.995661278274299,3.38776150121765e-05,9.46600193604063e-12,1.18205485063266e-119,1.18294389771362e-45,0.00430440761450521,4.19986398883179e-62,2
"20290",1.68280317067121e-06,1.40241429109731e-12,2.17579393611729e-08,0.997707107228393,9.35755095197221e-36,2.33042332066682e-37,0.00229118820909428,3.77027277797467e-40,4
"20293",5.84381133936498e-06,0.709927738259564,0.276159555870078,0.00591927117521036,1.20428213628161e-18,1.6766182919235e-09,0.00798758920718909,5.05383766116727e-22,2
"20296",0.0420707768194189,4.93628115469844e-07,0.0391719299711563,1.73308697611557e-16,1.24425095033248e-05,0.0151616709504509,0.306827110666634,0.596755575454721,8
"20301",7.50140043850574e-05,0.389537987774677,3.33454165461793e-08,8.13910891133523e-15,1.59179748982596e-115,2.28220212336516e-72,0.610386964875513,9.62131696653737e-32,7
"20304",5.50881073037228e-06,2.82314174929455e-07,8.42447218531158e-15,0.996756092871073,7.35030521762517e-74,3.74407085627697e-47,0.00323811600401261,1.74288058894524e-76,4
"20306",1.39416953459415e-07,0.976721307255933,0.00161229243118894,0.000193945823355304,3.40195451710205e-82,3.91174173430497e-31,0.0214723150725695,2.50301464557986e-59,2
"20309",0.00228507928356316,0.00073719977537179,0.972616834482001,0.0240025932924413,2.32231252679738e-23,1.56087910800297e-10,0.000358293010534881,9.53623092701566e-23,3
"20311",1.75251825567176e-07,0.941719731541694,0.0175444329418625,1.01871221444486e-06,1.3133660175295e-34,3.01371334293096e-21,0.0407346415524026,5.67112492956806e-16,2
"20314",1.55269736918634e-05,1.28220065285736e-08,0.0192321436245853,0.00024219447234149,0.980064033122612,3.39153391743791e-05,2.20541536866724e-06,0.000409968230219344,5
"20318",0.000936245155165349,9.37006167761261e-20,4.1844379830286e-12,9.22029549897254e-20,3.14534832210814e-26,1.43547750378663e-31,0.010123426234643,0.988940328606007,8
"20320",0.04842265383624,1.75476879694014e-15,0.93077746266243,0.0201762833532523,7.41257883702834e-15,2.99105059867194e-07,0.000623301043008704,4.33371165283063e-20,3
"20326",0.00322502450861762,5.70510029609217e-08,0.503085575968625,0.00699147493955148,0.486094291755858,0.000357850556693084,2.35187711159809e-05,0.000222206448534831,3
"20328",0.0163085893637169,7.7678746054784e-12,0.67357409247717,0.154542297985807,4.97802970725505e-21,0.154975020046349,0.000600000119189341,6.42288568471089e-43,3
"20330",0.00267233883654211,0.0496330115714659,0.667624450032177,0.000122886477205971,7.06191697881634e-55,1.90244785575745e-24,0.279947313082609,2.71492646556339e-35,3
"20336",2.21742788967362e-05,3.08801452851209e-06,2.28832348541464e-05,0.992647681951337,2.88393665896561e-30,1.7560347330572e-14,0.00730417252036591,3.19896158187548e-59,4
"20338",0.112825232993967,6.03719205133004e-07,5.68352780777928e-07,0.886850419500298,1.64928716935169e-43,1.9244731619903e-36,0.000323175433749153,1.91647403854789e-32,4
"20340",2.96922363216825e-06,0.956400991871954,0.000209344678657659,7.35589727917246e-07,5.28582438268291e-91,2.33416183988709e-38,0.043385958636028,7.67619774097352e-53,2
"20342",0.999976532565982,1.70063799850913e-30,4.58503445961208e-20,1.00184811543814e-05,4.84706916151114e-103,2.37519213150387e-66,1.34489528634117e-05,4.44612225209646e-55,1
"20344",3.40921690652249e-06,0.556073018798951,0.356824624831999,0.000653387068924861,5.65898136838364e-55,2.65608655512105e-15,0.0864455600832156,1.84436476003557e-44,2
"20349",6.46092853007425e-09,0.994467306637398,0.00386049753599232,1.29462906141493e-06,9.27439115276346e-73,7.24961346937664e-23,0.00167089473661964,2.81023119856875e-52,2
"20351",1.26281408944473e-05,0.00309369897051785,0.849793325817751,0.0236466535350586,1.25652817292983e-21,2.82317703491479e-14,0.12345369353575,4.57039893046225e-21,3
"20353",0.0407907662966849,0.10195072663324,0.640173138500394,0.0828461326471132,1.17749233070298e-64,1.33477928600027e-30,0.134239235922568,1.05564178767312e-44,3
"20357",1.48168809323714e-06,1.51938341148371e-10,8.6867407991461e-12,0.990324476919182,2.48230509763939e-88,1.58669229760951e-46,0.00967404123209988,1.04465651374691e-98,4
"20360",0.999998027733446,1.52934826271581e-21,6.97141206743076e-10,1.39590189707454e-06,2.16228302122721e-109,7.32935979279507e-48,5.75667515301624e-07,3.92117253399854e-73,1
"20364",6.23983686727239e-06,0.298928578516437,0.671346494889422,0.0228531280427474,5.42401057497904e-25,3.89649553309344e-11,0.00686555867556194,2.72454031535771e-25,3
"20366",0.000128858742059386,7.2566505321114e-14,2.274541671266e-09,0.999045627195292,2.6759573205202e-38,6.34677972437566e-23,0.000825511788034206,9.93869077835859e-63,4
"20381",0.999999997300685,7.8337052989118e-37,2.79794786804197e-11,5.77752512963926e-19,1.17046376832643e-25,2.55455414539338e-09,2.8454598926802e-11,8.8327094033703e-11,1
"20391",0.57320366796864,5.24450098333617e-10,0.00853830261161322,1.09462772958423e-05,9.60366344251784e-70,1.60586960919147e-09,0.418247081012131,5.53381723165683e-78,1
"20394",0.00957391711528556,2.29228507317953e-15,0.096488295163132,8.93784737887499e-07,8.3437324480306e-06,0.893928365320951,1.84869449607378e-07,1.39934328291148e-11,6
"20396",0.288145122385014,6.01102724557135e-38,2.14882170643993e-06,3.09277368253894e-15,9.8321976797384e-05,0.711588275666954,4.31101986139621e-12,0.000166131145214784,6
"20409",1.63326220425608e-05,0.00852067365531761,0.316778069136039,0.000111988529342325,1.76077644200853e-12,2.54797840261751e-13,0.674572722720941,2.13334301929041e-07,7
"20411",0.000567879987179496,0.63777137560499,0.00967106120142208,0.329045240461436,2.5659869337247e-65,3.48958110415158e-23,0.0229444427449731,5.26981291303368e-64,2
"20416",8.3114270462935e-06,7.00788480665926e-05,1.8896833542086e-16,0.585538013574737,4.10800275591596e-160,4.6506961537776e-78,0.41438359615015,3.8630981937332e-119,4
"20418",0.781525153725634,3.58111227344876e-38,7.2739060452156e-08,1.29908465976463e-17,8.26535370933691e-05,0.173659390980617,5.40505760388183e-11,0.0447327289635451,1
"20420",0.0216270547338454,3.15777937504e-32,2.9352261519217e-15,0.978372944849201,2.08222079740685e-33,3.55670928423908e-28,4.16950651934805e-10,7.93353023120157e-55,4
"20422",1.38072956556504e-09,0.866999262863897,0.0233709785587354,8.93974749833132e-07,5.58876133744772e-46,3.12415294780492e-30,0.109628863221888,8.0251498649558e-22,2
"20424",2.05826925714868e-05,0.668955797126381,0.112849900522642,0.183146348998277,8.41078879261896e-60,5.16822191675742e-23,0.0350273706601284,6.24235652402862e-55,2
"20426",0.0718772959271882,1.2827268821285e-32,2.78737824267764e-25,0.928122600499501,5.1836737964908e-73,1.11375691446987e-75,1.03573310557404e-07,6.5441862285261e-51,4
"20428",0.0145993033351382,0.0161715061520005,0.914809307486473,1.73937210627556e-10,1.24364663467302e-31,1.08020163716866e-05,0.0544090808360792,8.65307683985689e-23,3
"20431",0.0326077697549934,1.51130989945474e-11,0.939942914254893,0.0274408325677571,5.24071284373413e-15,2.59575842750654e-15,8.42447288967323e-06,5.89343456037576e-08,3
"20433",0.000839152768186379,0.00485363759019356,1.10966274503287e-05,1.20637236188437e-20,4.41806954387949e-115,1.27730258772168e-39,0.99429611301417,8.35484811483489e-50,7
"20436",0.952177572241775,3.35272192736352e-14,5.93727001097964e-10,1.13566856657704e-33,2.36740306297925e-83,9.12382570724169e-22,0.0478224271644646,4.66445203460159e-31,1
"20439",0.0232641052023587,6.86453067079478e-31,1.5717758307473e-06,1.00978688215476e-15,0.00015951109580271,0.976572524272287,3.16988882844821e-11,2.28762202106257e-06,6
"20441",0.0396482567157781,4.18448509154957e-13,2.56489026446248e-08,0.960292854835177,5.52701653979713e-60,1.43867441566625e-43,5.8862799723604e-05,4.59950000825023e-57,4
"20444",0.000894233216745336,1.15445369426016e-29,1.73627941575426e-12,8.68830357752479e-18,5.82069356316164e-07,5.26473033537698e-15,3.93956076966678e-10,0.999105184318201,8
"20448",0.996151102022716,3.19895626235659e-13,0.00320036735134672,0.000304793304067526,7.00825219827482e-14,9.86169044796754e-11,0.00034373721965099,3.21213406507491e-12,1
"20536",0.0062163419079228,2.06800201377011e-21,0.000290213762784902,5.71793948867523e-13,6.42209095047458e-16,0.993493124803426,3.19525293370436e-07,1.51648524725217e-24,6
"20538",7.91435950881393e-05,1.15073569349205e-05,2.75964276243191e-07,0.997317673772174,7.27520205834707e-47,2.27473200643853e-17,0.00259139931152692,8.24268256333777e-66,4
