"","V1","V2","V3","best$classification"
"19811",0.994849965352222,0.00499561555060977,0.000154419097168415,1
"19813",0.990987649925278,0.00413112562982624,0.00488122444489534,1
"19815",0.98946261112611,0.000168903525643639,0.0103684853482468,1
"19817",0.994709411527752,0.00391736845296026,0.00137322001928734,1
"19819",0.000215781675017412,3.51832732277203e-06,0.99978069999766,3
"19821",0.911087214583309,0.0862396893624127,0.00267309605427849,1
"19823",0.990015252283832,0.00161152675659799,0.00837322095956977,1
"19825",0.0202071769398471,0.792308750629673,0.187484072430479,2
"19827",0.416724974311904,0.579195895861761,0.00407912982633547,2
"19829",0.0106466594620222,0.0268257927663078,0.96252754777167,3
"19831",0.00222151719307182,7.41058270543809e-06,0.997771072224223,3
"19833",0.0743087294540983,0.0516388821031733,0.874052388442728,3
"19835",0.911087214583309,0.0862396893624127,0.00267309605427849,1
"19837",0.873963737841477,0.119734584227821,0.00630167793070188,1
"19839",0.0405514677247874,0.105231098047689,0.854217434227524,3
"19841",0.000188457628875851,0.999702012712922,0.000109529658202316,2
"19843",0.00350996649525593,4.21143695075752e-06,0.996485822067793,3
"19845",0.998544279337843,0.00134292921448243,0.000112791447674618,1
"19847",0.991665154483698,0.00014627344203145,0.00818857207427079,1
"19849",0.992896564773909,0.00642669117878964,0.000676744047301414,1
"19851",0.998973267193741,0.000495625148944633,0.000531107657314518,1
"19853",0.997198202681355,0.00277681997660852,2.49773420361035e-05,1
"19855",0.98341023348073,0.0165054751411921,8.4291378077933e-05,1
"19857",0.944321164808342,0.0453301377018924,0.0103486974897651,1
"19859",0.95971878730708,0.0333969122905743,0.00688430040234588,1
"19861",0.99934427697188,0.000509918048817841,0.000145804979301633,1
"19863",0.0261611806978827,0.973784438032946,5.43812691711063e-05,2
"19865",0.00648069206408413,0.993465222109665,5.40858262509107e-05,2
"19867",0.997980037148871,4.95270820341936e-05,0.0019704357690947,1
"19869",0.97607632380402,0.0238608456247162,6.28305712637259e-05,1
"19871",0.876038359339709,0.106094570831084,0.0178670698292067,1
"19874",0.22819454136819,0.771493860545095,0.000311598086714578,2
"19876",0.525347785442542,0.474605225829621,4.6988727836499e-05,1
"19878",0.315210059822608,0.00113205865595192,0.68365788152144,3
"19880",0.0037954810219989,0.996201415885249,3.10309275222825e-06,2
"19882",0.994123028677304,0.00571691341947289,0.000160057903223444,1
"19885",0.978927339359378,0.00380368949118207,0.0172689711494396,1
"19907",0.999032660125403,0.00021791795922647,0.000749421915370884,1
"19909",0.0709770465897466,0.000258315166012006,0.928764638244241,3
"19911",0.0636329274536839,0.049192372080586,0.88717470046573,3
"19913",0.000205958908130656,0.999780085626015,1.39554658546732e-05,2
"19915",0.448056333550322,0.551598252128706,0.00034541432097184,2
"19917",0.0286804102077607,0.970824467982017,0.00049512181022281,2
"19919",0.771608414382614,0.22493275772503,0.00345882789235608,1
"19921",0.998796218750242,0.000145468043273726,0.00105831320648434,1
"19923",0.879926488403805,3.48882758280751e-05,0.120038623320366,1
"19925",0.081399200305463,0.918353352641285,0.000247447053252246,2
"19927",0.997563639360476,0.00188096373158801,0.000555396907936213,1
"19929",0.00245303049346082,0.997542551462724,4.41804381473888e-06,2
"19931",0.9880947996601,0.00575703860847098,0.00614816173142848,1
"19933",0.261823688430192,0.0050063205610206,0.733169991008788,3
"19935",0.920766790917003,0.00722165375773164,0.0720115553252653,1
"19937",0.997073225542872,0.000226029020097364,0.00270074543703089,1
"19939",0.98863683566246,0.00580394279608494,0.00555922154145476,1
"19941",0.0368197249217802,0.185252579256575,0.777927695821645,3
"19943",0.00319991091741737,0.996761028440041,3.90606425414277e-05,2
"19945",0.114938121478345,0.000276116555679275,0.884785761965976,3
"19947",0.0606827058875036,0.826417330522937,0.11289996358956,2
"19949",0.572925168879042,7.10191688322985e-05,0.427003811952126,1
"19951",0.342324954521844,0.649621163266945,0.0080538822112105,2
"19953",0.012847480958064,2.17676875024691e-06,0.987150342273186,3
"19955",0.0185779333281642,2.06871248486774e-05,0.981401379546987,3
"19957",0.182849621203045,0.808541968361036,0.00860841043591981,2
"19960",0.0144250821260542,0.00206787270819422,0.983507045165752,3
"19963",0.00499955825183955,0.98745075790357,0.00754968384459025,2
"19965",0.00444337422889466,1.14333310296249e-06,0.995555482438002,3
"19968",0.0379140762358207,0.960637725130455,0.00144819863372423,2
"19971",0.000480745952604689,0.982953187733912,0.0165660663134834,2
"19973",0.976761566380754,0.022335413139353,0.000903020479892495,1
"19975",0.041941790066255,0.957835942835368,0.00022226709837686,2
"19977",0.00868493629082089,0.989933275734487,0.00138178797469181,2
"19979",3.40892178948234e-05,1.05585042923286e-05,0.999955352277813,3
"19981",0.976066807094459,0.00298844612328003,0.0209447467822613,1
"19983",0.963460422531992,0.000251712475066214,0.0362878649929419,1
"19985",0.19000360014069,0.809935465191432,6.09346678779747e-05,2
"19987",0.777332371059201,0.120746049460041,0.101921579480759,1
"19989",0.000240535091954669,1.4165886947283e-07,0.999759323249176,3
"19993",0.43833455012945,0.041133533029022,0.520531916841528,3
"19995",0.256451580201292,0.0155784615089697,0.727969958289738,3
"19997",0.96763170553686,0.0319183048579045,0.000449989605235677,1
"19999",0.869870852354643,0.130059055862509,7.00917828483639e-05,1
"20002",0.00637339831355422,0.992568625851685,0.00105797583476055,2
"20004",0.260354940695647,0.036919627492948,0.702725431811405,3
"20006",0.0828721855939977,0.00341715715642406,0.913710657249578,3
"20008",0.0837899502247544,0.00112029088687092,0.915089758888375,3
"20010",0.0327712437035519,2.05392218936003e-05,0.967208217074555,3
"20012",0.222559572494524,0.777169847777187,0.000270579728288388,2
"20015",0.000583912662792674,2.32168632175611e-06,0.999413765650886,3
"20017",0.933665010786262,0.0661707162218018,0.000164272991936424,1
"20019",9.41412474046958e-06,1.19012393818439e-07,0.999990466862866,3
"20022",0.0117471163555891,1.5560021534577e-05,0.988237323622876,3
"20024",0.000236908110213595,9.36801161613527e-07,0.999762155088625,3
"20026",0.000236908110213595,9.36801161613527e-07,0.999762155088625,3
"20028",0.721875628346306,0.278004446882115,0.000119924771579106,1
"20030",0.00180148741983542,0.00148189882852925,0.996716613751635,3
"20033",0.61295837597385,0.38202527456647,0.00501634945967987,1
"20035",2.09652380605956e-05,1.37614601836089e-07,0.999978897147338,3
"20037",5.49441620880733e-05,1.75717305375118e-08,0.999945038266182,3
"20039",0.0011773554840068,4.86525891196873e-07,0.998822157990102,3
"20041",0.600425144747126,0.00190308741651661,0.397671767836357,1
"20044",0.468470919944273,0.012703605294903,0.518825474760824,3
"20047",3.62498180251812e-06,8.13543382848216e-07,0.999995561474815,3
"20050",0.0340407565844159,0.000188031877994014,0.96577121153759,3
"20052",0.855263858337797,0.0630901295664803,0.081646012095723,1
"20054",0.00627663766953015,0.000170471245264198,0.993552891085206,3
"20056",0.00502499360112944,0.993797758384004,0.00117724801486657,2
"20058",0.000329221208425935,6.30544615331305e-08,0.999670715737113,3
"20060",0.993210389109777,0.00235556664848612,0.00443404424173665,1
"20062",0.97797865428084,0.000925116992989786,0.0210962287261709,1
"20064",0.0482900201778752,0.00154083713167161,0.950169142690453,3
"20066",0.000205305878903415,0.000175192475971317,0.999619501645125,3
"20068",0.999130702196568,0.000490755911201575,0.000378541892230043,1
"20070",0.99857274041368,0.000267622486162503,0.00115963710015778,1
"20072",0.0137385121973514,2.61719935293371e-06,0.986258870603296,3
"20074",0.00052107016910462,0.999476640483859,2.28934703676497e-06,2
"20076",0.118879534837309,0.872523117287503,0.0085973478751881,2
"20078",0.0619371360547715,0.000631293860475486,0.937431570084753,3
"20080",3.46913983065775e-05,3.69347798097611e-07,0.999964939253895,3
"20082",0.00149073503418829,1.21186957135296e-05,0.998497146270098,3
"20084",0.0175197908646973,0.0314677442256165,0.951012464909686,3
"20087",0.0961601925567863,1.45213171548594e-05,0.903825286126059,3
"20090",0.000178500684138168,9.29153054866427e-07,0.999820570162807,3
"20092",0.74393879303831,6.59398226268892e-06,0.256054612979427,1
"20096",0.887832655733417,0.0175635358743199,0.0946038083922631,1
"20098",0.629427120448168,0.367891185896663,0.00268169365516882,1
"20101",0.000461647648004405,0.000365966073336814,0.999172386278659,3
"20104",0.993927565796909,0.00456011244731263,0.0015123217557786,1
"20106",0.00289292635634641,0.000302696399079787,0.996804377244574,3
"20108",0.925288527530779,0.0725534706130994,0.00215800185612199,1
"20110",0.721293420945229,0.168760024852532,0.109946554202239,1
"20112",0.0201930327652591,9.42866169609243e-05,0.97971268061778,3
"20114",0.0737811634471511,0.121100437715568,0.805118398837281,3
"20116",0.0290230095131784,0.0884491041736489,0.882527886313173,3
"20118",0.683985453690971,0.158853952310066,0.157160593998963,1
"20120",0.00604425632205866,0.00102441991295746,0.992931323764984,3
"20122",0.00417339501930036,0.995774911172217,5.16938084827798e-05,2
"20124",0.000291257999824689,1.013314890334e-07,0.999708640668686,3
"20126",0.00135276678334657,3.15457241775597e-05,0.998615687492476,3
"20128",5.31978566811569e-06,5.62281431232834e-08,0.999994623986189,3
"20141",0.880997225295408,0.117125457983534,0.0018773167210581,1
"20143",0.000234255421879333,0.999762935883408,2.80869471281976e-06,2
"20145",0.0104024435681158,3.38825271969042e-05,0.989563673904687,3
"20147",0.0054977707168136,5.71088549323098e-05,0.994445120428254,3
"20149",0.00424803644336949,0.995737396889809,1.45666668211871e-05,2
"20151",0.802739157031138,0.194114847490551,0.00314599547831126,1
"20153",0.365077689530335,0.609453248343309,0.0254690621263561,2
"20155",0.00164665306388304,5.85685897532553e-06,0.998347490077142,3
"20157",0.327320293905468,0.671240488766346,0.00143921732818605,2
"20160",0.000311917946550917,0.999681913215919,6.16883752983814e-06,2
"20162",0.00756282319216731,0.992431159772047,6.01703578576257e-06,2
"20164",0.0945842097413123,0.90399571533457,0.00142007492411732,2
"20166",0.0021122414940188,0.00879379585651585,0.989093962649465,3
"20168",0.086901019486004,0.509094031101905,0.404004949412091,2
"20170",0.566837525845626,0.430612624702357,0.00254984945201706,1
"20172",0.00882120399953629,1.03817826353046e-06,0.9911777578222,3
"20174",0.581902851437653,0.418052187468857,4.49610934901549e-05,1
"20176",0.812427782364957,0.0466138590230276,0.140958358612015,1
"20178",0.00021709355905086,0.999774652689849,8.25375110022056e-06,2
"20181",0.00135746546762603,0.019205594025553,0.979436940506821,3
"20183",0.981766304653456,0.000117307480339802,0.0181163878662042,1
"20186",0.967583288575416,4.17154484413766e-06,0.0324125398797399,1
"20188",0.00123636321808823,0.998755863088236,7.77369367573215e-06,2
"20190",0.000459820121360879,8.36492529079838e-06,0.999531814953348,3
"20193",0.00309912553946297,0.992368009114399,0.00453286534613769,2
"20195",0.215323849680138,0.775640768779549,0.00903538154031318,2
"20197",0.00765071870916459,1.81598769297814e-06,0.992347465303142,3
"20199",0.0939065332693927,0.905958015775546,0.000135450955060696,2
"20205",0.0331642221072644,1.3800695839193e-05,0.966821977196896,3
"20208",0.943395538504117,0.0478933640217378,0.00871109747414483,1
"20210",0.0189765051252063,0.98100270905618,2.07858186138281e-05,2
"20212",0.138993226655136,0.859815920183377,0.00119085316148698,2
"20216",0.00861211798149261,0.000515765649340855,0.990872116369167,3
"20219",0.0143098646686364,0.000184769734353446,0.98550536559701,3
"20223",0.000547596741706158,1.19531122139269e-07,0.999452283727172,3
"20226",0.792692690177867,0.00498363941025853,0.202323670411874,1
"20230",0.000203013658811913,1.30063121724519e-06,0.999795685709971,3
"20233",0.969261383877144,0.00916895474953245,0.0215696613733239,1
"20235",0.00352957009843814,1.95269382826188e-07,0.996470234632179,3
"20239",0.0849293747361532,3.0523374910086e-05,0.915040101888937,3
"20254",0.0003846378382696,1.14585932215134e-06,0.999614216302408,3
"20256",0.000895331725194899,2.70144174090499e-07,0.999104398130631,3
"20262",0.258802867470704,0.740279295969933,0.00091783655936263,2
"20270",0.0924925027360643,0.0301892102498371,0.877318287014099,3
"20284",0.872047763603325,0.000221900696952412,0.127730335699723,1
"20287",3.63423172520295e-05,5.87059905417684e-08,0.999963598976757,3
"20290",0.144339608384517,0.00189678524552185,0.853763606369961,3
"20293",0.0792429140050107,0.000101431897745783,0.920655654097243,3
"20296",0.278831635840398,0.7149245399189,0.00624382424070148,2
"20301",1.76660083004798e-05,5.64205475825415e-05,0.999925913444117,3
"20304",0.00287167942858123,1.8494762947432e-05,0.997109825808471,3
"20306",0.000267293327862076,6.10934245878631e-08,0.999732645578713,3
"20309",0.303116393676386,0.000637204800067594,0.696246401523547,3
"20311",0.0159981074771102,0.00154587970491148,0.982456012817978,3
"20314",0.903459035570648,0.0776343127141863,0.018906651715166,1
"20318",0.000600176028779494,0.999267216827327,0.000132607143893209,2
"20320",0.978047576540819,0.00655611277692948,0.0153963106822519,1
"20326",0.833214327324089,0.143791589772986,0.0229940829029245,1
"20328",0.990895008695127,0.000111396621083724,0.00899359468378959,1
"20330",0.0128774075362692,1.80754610649593e-05,0.987104517002666,3
"20336",0.319203414481638,4.95916288345653e-05,0.680746993889528,3
"20338",0.0318905834504381,0.00173736110894937,0.966372055440613,3
"20340",9.6140070107237e-05,6.52912935274129e-07,0.999903207016958,3
"20342",0.187551806639982,0.0446879284264233,0.767760264933595,3
"20344",0.00730825999883562,7.78820587743923e-06,0.992683951795287,3
"20349",0.000578857205982034,2.41347840458092e-07,0.999420901446178,3
"20351",0.065101349291803,0.00131215456441926,0.933586496143778,3
"20353",0.00306578238582527,7.30266655658668e-07,0.996933487347519,3
"20357",0.00721921993604822,4.77098151157376e-07,0.992780302965801,3
"20360",0.0635799829752922,0.000122016645445666,0.936298000379262,3
"20364",0.0528684955802184,6.23802360326019e-05,0.947069124183749,3
"20366",0.453695504102201,0.00142386729176625,0.544880628606033,3
"20381",0.319293382371392,0.68050221305583,0.00020440457277804,2
"20391",0.531903488132698,2.48762086856148e-06,0.468094024246434,1
"20394",0.995810499651625,0.00352142987979245,0.000668070468582824,1
"20396",0.895785170147955,0.104192033383145,2.27964689000475e-05,1
"20409",0.175813229025464,0.230488488873242,0.593698282101294,3
"20411",0.00155074014065094,4.87807143562893e-08,0.998449211078635,3
"20416",1.66538067628938e-05,7.06470094767763e-09,0.999983339128536,3
"20418",0.600025406099664,0.399955115848747,1.94780515891006e-05,1
"20420",0.966143861419155,0.0105846997830752,0.0232714387977698,1
"20422",0.00246468704265895,0.000194242619367132,0.997341070337974,3
"20424",0.00117683236896222,1.0984022440901e-07,0.998823057790813,3
"20426",0.130148528374476,0.245534968884938,0.624316502740587,3
"20428",0.28507859488095,0.000226638686601906,0.714694766432448,3
"20431",0.706336131403144,0.131588483177448,0.162075385419408,1
"20433",0.000283501557512062,1.05884701169049e-06,0.999715439595476,3
"20436",0.183906967769583,0.0170327918497934,0.799060240380623,3
"20439",0.577745717508155,0.422223922814796,3.03596770486115e-05,1
"20441",0.0342352928485644,6.58676343077944e-05,0.965698839517128,3
"20444",0.000774521320862292,0.999221697848243,3.78083089489558e-06,2
"20448",0.65011001298849,0.309656957007535,0.0402330300039759,1
"20536",0.99886553539434,0.000283219600835652,0.000851245004824396,1
"20538",0.183558245151731,3.57526072374411e-05,0.816406002241032,3
"20541",5.86689368937924e-05,6.23383920968782e-08,0.999941268724714,3
"20544",0.642658631096875,0.0134829424034568,0.343858426499668,1
"20546",0.00395863152785611,2.35609832712281e-07,0.996041132862311,3
"20550",0.437836377714499,0.00600489221044407,0.556158730075057,3
"20553",5.29829261191852e-06,1.00991672767355e-05,0.999984602540111,3
"20555",0.948643381260238,0.00012824736112607,0.0512283713786361,1
"20557",0.376939096501449,0.00482353350215403,0.618237369996397,3
"20559",0.00166050300727092,2.26971790457232e-05,0.998316799813683,3
"20561",0.581286785467337,0.411919511439211,0.00679370309345145,1
"20564",0.00021709355905086,0.999774652689849,8.25375110022056e-06,2
"20566",0.247711780293637,0.000976847569450969,0.751311372136912,3
"20569",0.697986926209509,0.301847234185381,0.000165839605110534,1
"20572",0.062889244081901,0.937063740153327,4.70157647716222e-05,2
"20574",0.000741996631322549,1.70028828476362e-05,0.99924100048583,3
"20576",0.000919206636845717,0.999044255465011,3.65378981438669e-05,2
"20578",0.196719327487159,0.0110208909612664,0.792259781551574,3
"20580",0.290262148790806,0.000711715347209018,0.709026135861985,3
"20583",0.000571635489318342,0.999399931756276,2.84327544059731e-05,2
"20586",0.129961122620177,3.90116908135944e-05,0.86999986568901,3
"20589",0.000570469120326314,5.94355009917247e-08,0.999429471444173,3
"20591",0.963221150692228,7.6598591028542e-05,0.0367022507167433,1
"20593",1.03009385186002e-05,4.34618244463583e-07,0.999989264443237,3
"20595",0.0093450583102659,0.000313671558527868,0.990341270131206,3
"20597",0.988461313373911,0.0113910852561331,0.000147601369956268,1
"20599",0.000266642271072919,0.999725275430988,8.08229793916175e-06,2
"20601",0.995939552089641,0.00143493888666399,0.00262550902369485,1
"20604",0.000121143485653422,1.31326526594629e-05,0.999865723861687,3
"20606",0.000156962115394789,6.28728471107963e-07,0.999842409156134,3
"20608",0.00574152736865911,8.11927898195775e-06,0.994250353352359,3
"20610",0.00433072850035895,0.995495686976388,0.000173584523253041,2
"20612",0.0543024013701577,0.0119824505321667,0.933715148097676,3
"20614",0.0155774377994085,0.984384786221539,3.77759790524914e-05,2
"20616",0.976113618086193,0.00345649691170425,0.0204298850021032,1
"20618",0.370759941591518,0.0052946045738801,0.623945453834602,3
"20620",0.00680695598906119,0.000462074231479178,0.99273096977946,3
"20622",0.00178461846453918,0.998130358527348,8.50230081131065e-05,2
"20624",0.00177489067772877,6.78038416091289e-07,0.998224431283855,3
"20626",0.228580694230393,0.0194425681072692,0.751976737662338,3
"20628",0.761951834914922,0.00294756788653553,0.235100597198543,1
"20630",0.128857944039579,0.0261479899518464,0.844994066008575,3
"20632",0.0159619188601981,0.984035677738604,2.40340119828917e-06,2
"20634",0.000261187353563186,5.5302662540253e-07,0.999738259619811,3
"20637",0.00155758174235042,0.000256179546869329,0.99818623871078,3
"20639",0.291015631833273,0.708736574178776,0.0002477939879502,2
"20644",9.65715342720516e-06,5.32279392724241e-07,0.99998981056718,3
"20646",0.00233216795284162,7.19267330122415e-05,0.997595905314146,3
"20648",0.965533453716872,0.0325447600601855,0.00192178622294235,1
"20650",0.000678806888102507,4.24778215893942e-07,0.999320768333682,3
"20653",0.989618298100568,0.0074012093774162,0.00298049252201577,1
"20658",0.00331512709979269,1.91544163424154e-06,0.996682957458573,3
"20661",0.157821173214084,7.16661912536816e-05,0.842107160594662,3
"20663",0.418964160073943,5.37811680670566e-05,0.58098205875799,3
"20665",0.000298550013995141,0.99968108149608,2.0368489925007e-05,2
"20667",0.962085205787331,0.000916916434403497,0.0369978777782654,1
"20669",0.985228015731314,0.0147017549385897,7.02293300958625e-05,1
"20671",0.00605069404780083,0.000275052288273064,0.993674253663926,3
"20673",0.953569038161728,0.0463323000467177,9.86617915542706e-05,1
"20675",0.991538097124048,0.000206915494893931,0.00825498738105838,1
"20677",0.632334622198017,5.44371569178298e-05,0.367610940645065,1
"20679",0.961842999282857,0.0381326612734516,2.43394436909502e-05,1
"20681",0.999562122075196,0.000160360405782173,0.00027751751902212,1
"20683",0.749530286691237,0.000125374587374737,0.250344338721389,1
"20685",0.980348375430938,0.00442642221209764,0.0152252023569645,1
"20687",0.0910808066406618,0.908822379144948,9.68142143900853e-05,2
"20689",0.00015918007881166,7.22940173617334e-07,0.999840096981015,3
"20691",0.00106332854960621,0.998927268244076,9.40320631830313e-06,2
"20693",0.000200341909064558,8.13773211382537e-08,0.999799576713614,3
"20695",0.987794501709476,0.0109013026076839,0.00130419568284042,1
"20697",0.000468376660122956,0.000153576654508865,0.999378046685368,3
"20699",0.842264580834703,0.000910281592495656,0.156825137572801,1
"20701",0.226851634984549,8.45359687012137e-06,0.773139911418581,3
"20703",0.992715435754251,0.00593800191710539,0.00134656232864373,1
"20705",0.00531423832901858,1.40065799214645e-06,0.994684361012989,3
"20707",0.984149828870901,0.000100807988209613,0.0157493631408899,1
"20709",0.0963778880097984,0.869563781799037,0.0340583301911647,2
"20713",0.970309582545988,0.0286945149522856,0.000995902501726317,1
"20715",7.96925250239713e-05,0.0181927496144915,0.981727557860485,3
"20717",0.998760309253902,0.000572803202523564,0.000666887543574008,1
"20720",0.0332106633377441,0.000120315981839012,0.966669020680417,3
"20722",0.0440742392982147,2.12008309977944e-05,0.955904559870788,3
"20724",0.784372090730982,0.215335910337403,0.00029199893161543,1
"20726",0.000247584839551804,5.40691214768345e-08,0.999752361091327,3
"20728",0.999258921562088,0.000622640307950431,0.000118438129961437,1
"20730",0.614504910442924,0.381342118105232,0.00415297145184442,1
"20732",0.457515864409876,0.000324728944959702,0.542159406645164,3
"20734",0.611509373833772,0.000142193098492356,0.388348433067736,1
"20736",0.160364827478296,0.839477518385725,0.000157654135979522,2
"20738",0.0307917020023862,0.274397151399742,0.694811146597871,3
"20740",0.131190357779786,3.52992638639543e-07,0.868809289227575,3
"20742",0.998601666104538,0.000531592658801215,0.000866741236660312,1
"20744",0.0444594404449798,0.955531370439367,9.18911565323862e-06,2
"20746",0.923708914933112,0.000276496750812867,0.0760145883160751,1
"20748",0.722189360856273,0.277455608960327,0.000355030183400485,1
"20750",0.373976550407574,0.62487972485362,0.00114372473880602,2
"20752",0.0563903633688058,3.99243296870423e-06,0.943605644198225,3
"20754",0.974971919484303,0.0247066036639876,0.000321476851708833,1
"20756",0.603644762520669,0.265184993401588,0.131170244077743,1
"20758",0.384500627224369,0.468550459932576,0.146948912843055,2
"20760",0.800657662031331,0.199281984890877,6.03530777920298e-05,1
"20762",0.997009497220421,0.0027473598542454,0.00024314292533337,1
"20764",0.363644891117445,0.636314896362889,4.02125196659716e-05,2
"20766",0.896060683725785,0.103787196294095,0.000152119980121164,1
"20768",0.242097803505537,0.755212715151925,0.00268948134253854,2
"20770",0.97680978899081,0.00120907673812451,0.0219811342710656,1
"20772",0.000318293085694031,7.31916059242195e-06,0.999674387753714,3
"20774",2.81717385483624e-05,7.91323715147758e-08,0.99997174912908,3
"20776",0.995487297187292,8.95822214011142e-05,0.00442312059130639,1
"20778",4.88407116799435e-06,6.11918354004991e-07,0.999994504010478,3
"20780",0.745051688097896,0.253325989934173,0.00162232196793034,1
"20782",0.900539808433535,0.0993416005747417,0.000118590991723464,1
"20784",0.997916503266169,0.00167468196016306,0.000408814773668267,1
"20786",0.00158184443052776,0.998411882058742,6.27351072984252e-06,2
"20788",0.966043105991142,0.000231139399766743,0.0337257546090913,1
"20790",0.868358006587189,0.131547162725883,9.48306869280869e-05,1
"20792",0.53660098498744,0.386133930032986,0.0772650849795743,1
"20794",0.476674605535708,0.523283371617242,4.20228470502846e-05,2
"20796",0.00126031170624916,2.32993392866207e-07,0.998739455300358,3
"20798",0.00021709355905086,0.999774652689849,8.25375110022056e-06,2
"20801",0.00357092860918659,0.99630831547703,0.000120755913782963,2
"20803",0.942782831242472,5.13925247959793e-05,0.0571657762327322,1
"20805",0.688549019490893,0.000194019987242154,0.311256960521865,1
"20807",0.00021709355905086,0.999774652689849,8.25375110022056e-06,2
"20809",0.99470857989837,0.00185647686602169,0.00343494323560805,1
"20811",0.0561993835329722,0.907871868800902,0.0359287476661262,2
"20813",0.522623279358328,0.0680807519966754,0.409295968644996,1
"20815",0.00218758494486346,0.997810174037247,2.24101788983449e-06,2
"20817",0.958596635955141,0.0407490747337761,0.000654289311082556,1
"20819",0.63629458619446,8.83381071492598e-06,0.363696579994825,1
"20821",0.0147700786324311,0.0401462860406323,0.945083635326937,3
"20823",0.77630274998267,0.0135242889447761,0.210172961072554,1
"20825",0.918562134989509,0.0813534444955199,8.44205149710461e-05,1
"20827",0.249438558262914,0.749062079406783,0.00149936233030284,2
"20829",0.00556752629611052,7.09178170495463e-05,0.99436155588684,3
"20831",0.925377470075587,0.0742469672711077,0.000375562653304907,1
"20833",0.732754916136559,0.267049770478801,0.000195313384640026,1
"20835",0.968108524499606,0.0316369048009535,0.000254570699440934,1
"20837",0.996047916868422,0.00301894600059793,0.000933137130980245,1
"20839",0.982980841040994,0.016807959310615,0.000211199648391273,1
"20841",0.277466880388653,0.00010586747278995,0.722427252138558,3
"20843",0.997406634171912,7.52333437385275e-05,0.0025181324843498,1
"20845",0.494572335690886,0.502926982721207,0.00250068158790767,2
"20847",0.618425153328243,0.000525448446317468,0.38104939822544,1
"20849",0.533989143025597,0.0189411323620352,0.447069724612368,1
"20851",0.315185331575405,9.08734365413244e-05,0.684723794988054,3
"20853",0.0178396171158967,5.92821958646182e-06,0.982154454664517,3
"20855",0.00805515929682458,0.000579974418960826,0.991364866284215,3
"20857",0.435243203771826,0.000135266571306843,0.564621529656867,3
"20859",0.0506759434098611,0.00035968644695421,0.948964370143185,3
"20861",0.924793878625575,0.0368133533649467,0.0383927680094785,1
"20863",0.676404466074937,0.323378687665265,0.000216846259797741,1
"20865",0.996600677275469,0.00189889238484161,0.00150043033968917,1
"20867",6.14158903809108e-06,1.14733291299201e-07,0.999993743677671,3
"20869",0.514587575597819,0.484704669070479,0.000707755331702385,1
"20871",0.000405690100691626,0.00226613558963872,0.99732817430967,3
"20873",0.000373604727255013,0.000877880308532877,0.998748514964212,3
"20875",0.0507017464262698,6.39004037947869e-05,0.949234353169935,3
"20878",0.00555678636171248,0.994436170462978,7.04317530930416e-06,2
"20880",0.752418687926831,0.247243530650636,0.000337781422533025,1
"20882",0.000868398966568967,7.05740505063311e-06,0.99912454362838,3
"20884",0.993066493906608,0.00597007318949898,0.000963432903893068,1
"20886",0.314585618717882,0.682655085019091,0.00275929626302633,2
"20888",0.116695925534718,0.883299051206962,5.02325831977815e-06,2
"20890",0.768900059768208,0.230127112779218,0.000972827452574785,1
"20892",0.441044856137154,8.02246621478757e-05,0.558874919200698,3
"20897",0.857631350968043,0.015150286039839,0.127218362992117,1
"20899",0.860478663619943,0.0388074589133743,0.100713877466683,1
"20901",0.0329243907141406,0.000216706573362622,0.966858902712497,3
"20903",0.00010750077019896,0.00408097956017467,0.995811519669626,3
"20905",0.0664181304769776,0.0378920335051562,0.895689836017866,3
"20907",0.00333212351188205,3.21889755763819e-06,0.99666465759056,3
"20909",0.611598806094138,0.0293735318221675,0.359027662083695,1
"20911",0.00036541844533903,3.0818656951065e-06,0.999631499688966,3
"20913",0.977323157833093,0.00804770604986954,0.0146291361170371,1
"20962",0.167662210251064,0.000182229965240808,0.832155559783695,3
"20969",0.0056759660441013,0.0104908165024368,0.983833217453462,3
"20980",0.176232979511573,0.00158466289682597,0.822182357591601,3
"20982",0.0318544075075678,6.42722421265405e-06,0.96813916526822,3
"20984",0.990808422875419,0.00773677133877373,0.00145480578580718,1
"20994",0.0164446658658122,0.000748921180473377,0.982806412953715,3
"21015",0.268769347084621,0.731108697319944,0.000121955595434802,2
"21023",0.000218622035257086,2.22367320690685e-07,0.999781155597422,3
"21040",0.125595944624927,3.00732285852107e-05,0.874373982146488,3
"21073",0.283572664607252,0.00644504374974934,0.709982291642999,3
"21222",0.886756823767501,0.111835454512595,0.0014077217199045,1
"21224",0.937833579960017,0.0074262815388297,0.0547401385011533,1
"21228",0.423107198248243,0.532784818160915,0.0441079835908419,2
"21232",0.00336317959000238,6.28429762134542e-07,0.996636191980235,3
"21237",0.0328031812040399,0.00104042576922056,0.96615639302674,3
"21240",0.908380375703023,0.0912566601302539,0.000362964166723448,1
"21245",0.742435348059634,0.257390186553328,0.000174465387037618,1
"21252",0.00716582148360304,1.82919533786241e-07,0.992833995596863,3
"21254",0.0684563843119552,1.77330703946463e-05,0.93152588261765,3
"21258",0.905096548171536,0.0140290215837009,0.0808744302447635,1
"21264",0.864330945128132,0.123962611451737,0.0117064434201309,1
"21305",0.945637850254173,0.0380456188028927,0.0163165309429343,1
"21333",0.152225342963294,3.47890863848528e-06,0.847771178128067,3
"21366",0.956424809268586,0.000448052573570546,0.043127138157844,1
"21377",0.00305410993066023,0.996875733608278,7.01564610617888e-05,2
"21380",0.114583939871216,0.0432289892713287,0.842187070857455,3
"21387",0.00205586334264638,1.28317204641966e-06,0.997942853485307,3
"21390",0.00975744218330514,4.59664188773899e-06,0.990237961174807,3
"21392",0.739681237585572,0.000498578308617864,0.25982018410581,1
"21403",0.158597175478291,0.0528422359092852,0.788560588612424,3
"21408",0.00170684673371901,0.000132330748477284,0.998160822517804,3
"21412",0.0126679342476575,0.00300246424808944,0.984329601504253,3
"21421",0.993221101182649,0.00243822963436802,0.00434066918298316,1
"21424",0.000328459240261831,1.56125376503825e-07,0.999671384634362,3
"21429",0.00595741583716076,4.25492552837051e-05,0.994000034907556,3
"21431",0.977619123195398,0.00179330793950064,0.0205875688651013,1
"21436",0.995247213942911,0.00206270305202495,0.00269008300506435,1
"21439",0.0597408214686738,0.00620868467060421,0.934050493860722,3
"21442",0.754865991886727,0.157048931473205,0.0880850766400683,1
"21444",0.994550731328025,0.00539415324740395,5.51154245712084e-05,1
"21446",0.0129905206153413,0.986997735683914,1.17437007449544e-05,2
"21448",0.971801195882584,0.00933219414648106,0.018866609970935,1
"21450",0.559709830726154,0.030500688694615,0.409789480579231,1
"21452",0.0593558465656267,3.43011305153925e-05,0.940609852303858,3
"21466",0.000137266128470196,1.70685119809381e-08,0.999862716803018,3
"21470",0.206538171544672,0.00208083622235492,0.791380992232973,3
"21472",0.0211309862276237,3.65918423905143e-07,0.978868647853952,3
"21474",0.0315300074968252,0.000894858344873279,0.967575134158301,3
"21477",0.99498232099375,0.0048954212987593,0.000122257707490259,1
"21480",2.76325274499025e-05,3.58326958999925e-09,0.999972363889281,3
"21483",0.905828275340219,0.0937629197497484,0.000408804910032212,1
"21491",0.569013682442778,0.429982814497252,0.00100350305996943,1
"21494",0.000169513362289798,3.13875003595927e-05,0.999799099137351,3
"21499",0.00119251140433062,9.81081675994587e-06,0.998797677778909,3
"21501",0.0110342468101688,5.57031906548223e-07,0.988965196157925,3
"21506",0.0496493861165778,1.08189220993978e-05,0.950339794961323,3
"21511",0.087611619347469,0.000280554787428295,0.912107825865103,3
"21513",0.926263513082123,1.68898937569744e-05,0.07371959702412,1
"21521",0.899048863214579,0.000627069220696956,0.100324067564724,1
"21523",0.946666930434119,3.56384102654287e-05,0.053297431155616,1
"21525",0.995336398777212,0.00100164852689184,0.00366195269589561,1
"21531",0.000408685689245397,4.6755249702257e-06,0.999586638785784,3
"21536",0.151756728376235,0.000910690504227899,0.847332581119537,3
"21544",0.0912321486091172,0.0067225440079072,0.902045307382976,3
"21547",0.00531728811464279,0.000157380848251803,0.994525331037105,3
"21551",0.066320072803257,0.00460672265485451,0.929073204541888,3
"21556",0.0127043952504142,1.51119436459857e-05,0.98728049280594,3
"21559",0.952348400081677,3.19353754023734e-05,0.0476196645429202,1
"21563",0.00308315509526735,5.1252942174267e-06,0.996911719610515,3
"21565",0.000519482879463669,1.28190486345195e-06,0.999479235215673,3
"21568",0.00373943786946191,7.37237533684412e-06,0.996253189755201,3
"21572",6.36774581942163e-06,6.3424006194419e-08,0.999993568830174,3
"21575",0.0442555138425042,0.000688087248568516,0.955056398908927,3
"21577",0.867540261707016,0.112090166213734,0.02036957207925,1
"21579",0.703109032567968,0.000406125470903677,0.296484841961128,1
"21581",0.00021709355905086,0.999774652689849,8.25375110022056e-06,2
"21584",0.884719158220806,0.114968503850377,0.000312337928816636,1
"21586",0.967475591635019,0.00549160880736871,0.0270327995576125,1
"21588",0.768576686467389,0.142941911487901,0.0884814020447093,1
"21590",0.00560947222635036,4.88213871903099e-06,0.994385645634931,3
"21594",0.932816030084099,0.0623847280059067,0.00479924190999407,1
"21596",0.627364652938793,0.371908892798629,0.000726454262577277,1
"21598",0.00174771560538247,1.63017035155297e-05,0.998235982691102,3
"21600",0.999553286617718,0.00010173222147753,0.000344981160804481,1
"21602",0.125713175858604,2.32424338058138e-05,0.87426358170759,3
"21604",0.681886854071549,0.0233683323208435,0.294744813607607,1
"21606",0.0134616618886399,0.986320894353325,0.000217443758034601,2
"21608",0.728819008204941,0.0039594514046208,0.267221540390438,1
"21611",0.980485166337082,0.000582160250674553,0.0189326734122428,1
"21613",0.36282338065772,3.02737072794767e-05,0.637146345635,3
"21615",0.90352027940111,0.0563505288624104,0.0401291917364796,1
"21617",0.383090962761074,0.607885119235429,0.00902391800349679,2
"21619",0.979315518124834,0.000286959095601056,0.0203975227795648,1
"21621",0.872918087246354,0.123806192004355,0.00327572074929123,1
"21623",0.942465039815264,0.0565802563506004,0.000954703834135898,1
"21625",0.00174540609264182,0.998247667562924,6.92634443439978e-06,2
"21627",0.648396586366601,0.00458471755225954,0.347018696081139,1
"21629",0.99907404965906,0.000755513385715162,0.000170436955225194,1
"21631",0.0276642611190283,0.972145478687341,0.000190260193630842,2
"21633",0.000806016812972969,0.00419662490962948,0.994997358277398,3
"21635",0.00246453085770318,5.96616028754603e-06,0.997529502982009,3
"21637",0.204093371410628,0.264449624905736,0.531457003683636,3
"21639",0.00687327656567938,0.00088886423365486,0.992237859200666,3
"21641",0.995143780166713,0.00394195850786105,0.000914261325426217,1
"21643",0.722405090783276,0.0218138414409501,0.255781067775774,1
"21645",0.957929775856339,0.0413630453605518,0.000707178783109025,1
"21648",0.612877482832243,0.00021249942833031,0.386910017739427,1
"21650",0.00356373426872006,1.97398959032306e-05,0.996416525835377,3
"21652",0.321140661503297,8.06223289456177e-06,0.678851276263809,3
"21654",0.00515682233309743,6.59227948826444e-06,0.994836585387414,3
"21656",0.82802366460065,0.171768400346582,0.000207935052767629,1
"21658",0.00180534024882172,0.998193472689796,1.18706138209718e-06,2
"21660",0.0218604339222401,0.978067503190511,7.20628872485126e-05,2
"21662",0.975524892530638,0.0153897992199713,0.00908530824939026,1
"21664",0.893438561272487,0.106368285284846,0.000193153442667247,1
"21666",0.00419074351142141,0.65612989908581,0.339679357402769,2
"21668",0.994678604717369,0.00516514425522452,0.000156251027406073,1
"21671",0.743269466072444,0.000172562139381074,0.256557971788175,1
"21673",0.624077075964988,0.375755378624443,0.000167545410569301,1
"21675",0.990148716625184,0.00345766105424769,0.00639362232056792,1
"21677",0.000322179583103737,1.270152192643e-06,0.999676550264704,3
"21679",0.99257100998164,0.000710893306568746,0.00671809671179097,1
"21681",0.992816616774717,0.00611875617114818,0.00106462705413441,1
"21686",0.000345152332983238,8.95109229346684e-05,0.999565336744082,3
"21689",0.00062800232580096,4.46286760094676e-05,0.99932736899819,3
"21706",0.395942960788118,0.00218605967029853,0.601870979541584,3
"21708",0.00272696329948813,1.09638918736211e-06,0.997271940311324,3
"21711",0.975088305099875,0.00605263971261945,0.0188590551875057,1
"21716",3.69097008489972e-05,2.31935309142509e-07,0.999962858363842,3
"21719",0.900416019165466,1.36505070920443e-05,0.0995703303274419,1
"21722",0.320839367520655,0.00359337850632149,0.675567253973023,3
"21725",0.327202355195108,7.899292042342e-05,0.672718651884469,3
"21728",0.039391170281857,5.20296169196563e-05,0.960556800101223,3
"21732",0.00406803601255084,0.000226170022350062,0.995705793965099,3
"21734",0.00315799867620504,2.16640699871665e-06,0.996839834916796,3
"21737",0.997905731592104,0.000546801178142438,0.00154746722975387,1
"21740",0.823442859346127,0.133342319722353,0.0432148209315193,1
"21742",0.000165244700810828,3.06501044631529e-06,0.999831690288743,3
"21745",0.361404064930634,0.0186395022823999,0.619956432786967,3
"21747",0.0167541395377767,5.2974379536953e-06,0.98324056302427,3
"21749",0.250955804365358,0.744691623398559,0.00435257223608345,2
"21751",0.00164582352196827,9.52913411370164e-05,0.998258885136895,3
"21753",0.00190628459207813,4.3234290625941e-05,0.998050481117296,3
"21756",0.000188037777877386,1.30971317181691e-05,0.999798865090404,3
"21759",0.679013973818403,0.273249934314898,0.0477360918666985,1
"21761",0.113335764447555,0.001189416478923,0.885474819073522,3
"21763",0.996979070628507,0.000974290388757209,0.00204663898273532,1
"21765",0.116098473836535,2.92262564782751e-05,0.883872299906987,3
"21767",0.00256236994397074,1.41205298884791e-05,0.997423509526141,3
"21769",0.000154309236599473,1.99511360196983e-07,0.99984549125204,3
"21771",0.0018409276412852,3.23084951090683e-05,0.998126763863606,3
"21774",0.691970729357945,0.306962821348238,0.00106644929381686,1
"21776",0.0424841233027794,2.84393826488493e-06,0.957513032758956,3
"21778",0.0417523694479772,0.00162094286121198,0.956626687690811,3
"21780",0.561477635582246,0.413801792445082,0.0247205719726721,1
"21783",0.214472335290736,0.00705242900628096,0.778475235702983,3
"21785",0.747768212412649,3.50331784172383e-05,0.252196754408933,1
"21788",0.000875930937544315,8.37858291217576e-08,0.999123985276627,3
"21790",1.62251443072171e-05,3.67223879370415e-08,0.999983738133305,3
"21793",0.0163856908760281,0.000161554427417403,0.983452754696554,3
"21796",0.960221892320468,0.00138374877512422,0.0383943589044078,1
"21798",0.0165021547680877,0.000296620417402505,0.98320122481451,3
"21801",2.33994507013813e-05,4.22648526328397e-08,0.999976558284446,3
"21803",0.260137193359357,0.00465438390228294,0.73520842273836,3
"21805",3.9198802597553e-06,7.83033342918611e-07,0.999995297086397,3
"21807",0.82966217337273,0.0153152408638579,0.155022585763412,1
"21810",0.055593065812846,4.3972037394036e-06,0.944402536983415,3
"21812",0.000321651651589587,2.67044493056428e-05,0.999651643899105,3
"21816",0.0123271657403624,2.30300685925552e-06,0.987670531252778,3
"21819",2.46182615307395e-05,0.000509111716931001,0.999466270021538,3
"21821",0.66027996526407,0.323838654149924,0.0158813805860056,1
"21823",0.278352022802047,0.721531942235406,0.000116034962546998,2
"21825",0.0141529544608219,7.78054262909124e-05,0.985769240112887,3
"21827",0.00209962685591558,0.000400220489521934,0.997500152654563,3
"21829",0.0126572961889785,7.74938330346724e-05,0.987265209977987,3
"21832",0.00288856429601952,0.790523910491692,0.206587525212288,2
"21834",0.16574455039705,4.67295587566315e-05,0.834208720044194,3
"21836",0.16574455039705,4.67295587566315e-05,0.834208720044194,3
"21839",0.822269529633731,0.099812796350735,0.077917674015534,1
"21841",0.00780680539414105,0.771204530031511,0.220988664574348,2
"21843",0.619121717731553,0.380221534474502,0.000656747793945656,1
"21846",5.80581801552362e-05,0.000365431304515709,0.999576510515329,3
"21848",0.00407006780078066,0.00100794199302173,0.994921990206198,3
"21850",0.174138091465593,0.000700106703094301,0.825161801831312,3
"21853",0.0540808706063891,0.941121553501094,0.00479757589251678,2
"21855",0.000907191404281151,0.999083526494565,9.2821011535025e-06,2
