"","V1","V2","V3","V4","V5","V6","best$classification"
"19811",0.0534446156582089,0.00240254632673464,1.44906966421176e-07,2.85772370784693e-05,0.000870369533377898,0.943253746337634,6
"19813",0.999963843347751,2.22617876586488e-06,1.78739300748402e-09,7.98106937816539e-07,1.0769766859795e-07,3.30228814837517e-05,1
"19815",3.44281262352128e-06,0.0232362232639787,0.000345762931140885,0.00118318070641166,1.10478498571285e-05,0.975220342435988,6
"19817",1.04120478711075e-05,0.00379375374756309,6.3935153675274e-06,9.5700770751964e-05,0.000455411607096638,0.99563832831135,6
"19819",7.11947177433936e-10,3.92279054621898e-05,0.176905821786059,0.823017527240799,3.48441363216245e-07,3.7073914369336e-05,4
"19821",0.0158071704395527,0.000789950798272546,2.26290873682165e-07,0.000983565506746227,0.0201970431704606,0.962222043794094,6
"19823",6.31078374872824e-06,0.000907789171993235,0.0431057406136234,0.000359743215698221,0.000167568283890752,0.955452847931046,6
"19825",0.00429401863762783,0.00570998817605995,0.000287882934282769,0.0956970876562454,0.891737629264921,0.00227339333086299,5
"19827",9.10546773329311e-07,7.56610968627619e-05,6.10299040385116e-05,0.000302685406111389,0.295628044141071,0.703931668905143,6
"19829",4.54183740194298e-06,0.000432758063932988,6.83827331826258e-05,0.98996543546051,0.00738224897072115,0.00214663293425085,4
"19831",1.26679767838583e-06,0.000103044550087086,0.142516554853259,0.857150705882281,4.42984819666045e-07,0.000227984931875308,4
"19833",4.67142163086646e-06,0.00242198453008947,0.99752832030408,1.76212726486644e-05,2.59466616621815e-05,1.45580988891311e-06,3
"19835",0.0158071704395527,0.000789950798272546,2.26290873682165e-07,0.000983565506746227,0.0201970431704606,0.962222043794094,6
"19837",4.48704763102392e-06,9.96105298350023e-05,4.80723904888937e-06,0.00062583930944566,0.0191728753670521,0.980092380506987,6
"19839",0.00178631698714701,0.00174125587756444,2.18733916807159e-05,0.964474044113378,0.0275612243196585,0.00441528531057082,4
"19841",4.50049169905692e-05,1.09760366117693e-07,1.79522027095029e-08,1.14789673724624e-05,0.999926012138288,1.73762647805764e-05,5
"19843",0.0222828575303793,0.00612707740247255,7.10643998925212e-05,0.971494145705075,4.99475580882977e-08,2.48050146225044e-05,4
"19845",0.944606616805967,0.000267439369569088,6.47951220294297e-08,2.3227669360485e-06,1.64400098725421e-05,0.0551071162525333,1
"19847",0.00995268658288084,0.0254670063709132,5.87009480321923e-05,0.00500205904688686,1.54171678673198e-05,0.95950412988342,6
"19849",0.999933467842384,4.76676561498582e-07,6.15260348245052e-10,8.51499525722062e-08,2.43017036759702e-07,6.5726698804653e-05,1
"19851",3.27297775366273e-05,0.00137990814039743,8.73032474894761e-06,3.26319115061708e-05,3.13774684762688e-05,0.998514622377335,6
"19853",0.0239074051154923,0.000276683421269724,5.17771467608079e-05,7.24912529539443e-07,0.00044855149679131,0.975314857907156,6
"19855",0.00116568252442366,0.000308448594111447,1.93590821990481e-06,3.4428085729453e-06,0.00277866720400432,0.995741822960668,6
"19857",0.0158785885165837,0.0107549306373891,9.81726429669219e-07,0.00760288569046483,0.0157584470291112,0.950004166400022,6
"19859",1.87697660090577e-05,0.00281553236081411,5.21518816371668e-05,0.00077552403819585,0.00806368202637558,0.988274339926968,6
"19861",0.16741258610404,0.000973893054111988,6.491196985315e-07,2.75588622608723e-05,4.31512032740352e-05,0.831542161656615,6
"19863",0.98898080439543,1.07326283804583e-06,8.8432408320167e-10,1.02297264232534e-07,0.0109819183038507,3.61008562933243e-05,1
"19865",1.88395801690413e-06,7.87725118200859e-06,1.97836153763644e-08,2.69076096608966e-06,0.997006150227624,0.0029813780185952,5
"19867",0.0102424931740545,0.0146518154255032,1.73964999798226e-05,0.000727654469975571,3.24572725047418e-06,0.974357394703237,6
"19869",0.993032847944689,3.19151674134644e-06,1.59653563876298e-09,1.65374870208223e-07,6.03605402864284e-05,0.00690343302687768,1
"19871",2.81668371175622e-06,0.000974550335404699,5.11523052682441e-05,0.00206285945723559,0.0257206124778183,0.971188008740562,6
"19874",9.67136832355889e-06,0.000681670114083582,4.61314861452546e-06,1.38374841596062e-05,0.733847889798683,0.265442318086136,5
"19876",0.000453564776469573,3.90760425963547e-05,1.15647326932456e-07,2.37745246480536e-06,0.210848753039514,0.788656113041628,6
"19878",9.26342977628665e-06,0.995310453064574,5.42656146463441e-05,0.00395213940550524,3.76980678282022e-06,0.000670108678715105,2
"19880",1.69004353856291e-05,2.41312301452664e-07,4.42021413591034e-09,9.33280457909434e-08,0.998079047748243,0.00190371275581017,5
"19882",0.309646318727138,0.0147168955205769,1.55836032653572e-06,2.03263136313093e-05,0.00133481575991926,0.674280085318408,6
"19885",1.24906054571692e-05,0.00726725538075602,4.18892251745317e-06,0.00445962106384462,0.000404204463330936,0.987852239564094,6
"19907",0.0938608355255524,0.0195489385396795,3.56503595729407e-06,0.000233681572601533,2.13253905483397e-05,0.886331653935661,6
"19909",0.000175935095961422,6.76778222477713e-05,2.724682474098e-05,0.990486159100969,5.16554229932e-06,0.00923781561378144,4
"19911",2.57819854274366e-05,0.000620505218075148,0.000733044232081962,0.953285909730944,0.0188341066528852,0.0265006521805861,4
"19913",5.10792140597215e-07,6.13461704729114e-08,2.68122049783929e-08,3.04966797549186e-07,0.999975357547441,2.37385352453378e-05,5
"19915",4.12188745851144e-06,0.000232214696606983,3.22450215946006e-06,1.37127958678838e-05,0.308020322367046,0.691726403750861,6
"19917",4.20714964418928e-06,5.46191601659591e-05,6.81063102805552e-07,4.01443752311569e-05,0.982377010119175,0.0175233381326812,5
"19919",2.47473932889989e-06,0.00456372424497978,1.8255995532892e-05,0.000218152841325534,0.0973789939229776,0.897818398255855,6
"19921",0.000359824998984758,0.00686857594301817,4.97859401022418e-06,0.000174634500681872,9.07974435586897e-06,0.992582906218949,6
"19923",3.68434389286916e-05,0.979164702390226,0.000858310918568456,0.00209192285570698,1.98685008552452e-07,0.0178480217115614,2
"19925",1.68287996323412e-06,0.00017303189411578,1.06922481110506e-06,1.15712594899105e-05,0.916748608113137,0.0830640366284831,5
"19927",3.56265319132614e-05,0.000369554087795482,3.66216304454074e-06,3.37132571516876e-05,0.000130351789776695,0.999427092170318,6
"19929",0.369510127534131,2.87461939816332e-07,1.37859244544568e-09,2.59069078151194e-07,0.630280525776928,0.000208798779330696,5
"19931",1.4803477482315e-06,0.000974664302691295,3.49459316725894e-05,0.000469921073857058,0.000546833854453784,0.997972154489577,6
"19933",9.26662180873565e-07,0.000504400766911837,0.000748859591900957,0.657083452907082,0.00075424136596414,0.34090811870596,4
"19935",0.000929429623251447,0.018031941723794,4.7137455675731e-06,0.0735877986741109,0.00126184628592888,0.906184269947347,6
"19937",4.64382604405179e-06,0.0037672450601273,0.000115932732273112,0.00019218227722999,1.26723156798068e-05,0.995907323788646,6
"19939",9.93097411530576e-06,0.239127834650673,3.54625734743336e-05,0.000422538911993392,0.0011140580271277,0.759290174862616,6
"19941",0.000277690455684126,2.54985279621745e-05,4.64655711059967e-05,0.945244243814482,0.046370887733179,0.00803521389758644,4
"19943",1.86201905385454e-07,2.06819568203916e-06,2.13998959443506e-07,8.16210098341696e-07,0.998881238017425,0.00111547737592959,5
"19945",4.38779656973075e-07,0.0073524591161596,0.00183686890302985,0.906083027376592,3.29076208347612e-05,0.0846942982037273,4
"19947",0.0237170808414686,0.000722832376450058,0.000109307951062762,0.108115343729051,0.846727178218787,0.0206082568831801,5
"19949",1.44573184435284e-06,0.917126479447946,0.00250411439029981,0.0285341200308817,1.34556870387879e-06,0.0518324948303241,2
"19951",1.70242810395623e-05,0.0478098449768291,1.4948985482712e-05,0.0010410770516935,0.660338238264176,0.290778866440779,5
"19953",7.17929852300781e-08,0.00161361705399807,0.877139413493743,0.120462420135254,3.53579075534269e-08,0.000784442166111765,3
"19955",2.16014413979349e-05,0.262285059545112,0.032054897012187,0.703785399354004,2.1477988580836e-06,0.00185089484844143,4
"19957",3.53591744907458e-05,0.000370684347787606,0.00107298401867143,0.00092444040939273,0.847673446515563,0.149923085534094,5
"19960",4.62049292229989e-05,0.00650982348923748,5.69416355480614e-05,0.99170100200136,0.000262829573381857,0.00142319837124913,4
"19963",6.24886913796273e-05,5.67014821901233e-06,0.0541837684905939,0.000265509485997966,0.944976891586515,0.000505671597295115,5
"19965",7.05699978054504e-05,0.120653343474104,0.000228745794858459,0.878944901465417,2.13276287799274e-08,0.000102417940186098,4
"19968",0.185039539084941,6.55593639886126e-05,6.18308307920168e-09,0.00141421368035177,0.797407046015291,0.016073635672344,5
"19971",5.10932508447309e-07,3.50943147476702e-05,0.00163752056623671,0.000568133672615425,0.997739625417875,1.91150960169939e-05,5
"19973",4.82977209046908e-05,0.000694494645692886,3.25657345507966e-07,8.33698221166138e-05,0.00292224786923663,0.996251264284704,6
"19975",3.85531697939634e-05,6.64623377566126e-05,2.7368977264237e-08,3.12423993147303e-05,0.964718937790028,0.0351447769341296,5
"19977",0.000132704560835148,0.000906641396903972,3.35998045758378e-05,4.84505276752424e-05,0.998194354603884,0.000684249106125727,5
"19979",5.26691535875986e-10,9.39147773783504e-06,0.000229249917098968,0.999759269163924,6.53833381727531e-07,1.43508116594938e-06,4
"19981",0.000974037399157967,0.00120642236650887,1.07652900644272e-05,0.0118468914074011,0.00032314412560238,0.985638739411265,6
"19983",0.000797210497863295,0.328895109801242,6.38752146381254e-05,0.0192041092158347,2.72386327849665e-05,0.651012456637637,6
"19985",5.93408882182643e-05,0.000180127578125033,1.9488764846354e-07,3.12343521491913e-06,0.753712212680063,0.246045000530731,5
"19987",6.19101785323947e-06,0.000338626381882907,5.478114945462e-05,0.0338910879360593,0.0271279246090222,0.938581388905728,6
"19989",1.49817568683759e-09,0.000135443527636681,0.00331668953548677,0.996530471096625,2.95278545520549e-09,1.73913892905398e-05,4
"19993",1.28373835200899e-06,0.562933715408433,0.000330881152959952,0.155475133820544,0.0141591628271785,0.267099823052532,2
"19995",9.96975454929371e-06,0.0379112864962517,0.000212643497501346,0.755497585213689,0.00504487661950901,0.2013236384185,4
"19997",5.21998666820239e-05,0.000440106161624129,1.45436913779935e-06,2.52087576384487e-05,0.00529605041788648,0.994184980427031,6
"19999",0.00116636173819504,8.1402923666356e-05,8.39834760307577e-08,3.86046471389445e-06,0.0299642129102444,0.968784077979704,6
"20002",0.474280630577961,9.66301177604716e-07,1.35335023645059e-06,0.000223546384165153,0.524955501699241,0.00053800168721789,5
"20004",0.000362170678477296,5.42906326810711e-05,4.07658142917261e-05,0.875210518721613,0.00425096012608074,0.120081294026856,4
"20006",0.00220766139351232,0.464658953551378,0.00156348925891305,0.524265641048913,0.000662757446255344,0.00664149730102793,4
"20008",9.14416858634995e-05,0.808609711684633,0.00290400381995073,0.184254943954475,9.71872040077045e-05,0.00404271165106984,2
"20010",2.77575705114559e-08,0.341759566739958,0.0242564732075662,0.620068439197793,2.80360989476547e-06,0.0139126894872173,4
"20012",0.0113212347725558,0.00339463108842472,1.40382411786526e-07,4.05898384439057e-05,0.797390129018719,0.187853274899445,5
"20015",8.26666551114043e-07,0.00244757187570197,2.74345928803084e-06,0.997539899123447,3.14894118412835e-08,8.92738560028304e-06,4
"20017",0.00278649156424665,0.000120334779996016,1.35907990706234e-07,1.4734325870389e-05,0.0129568617813854,0.984121441640511,6
"20019",2.3174311779261e-10,0.000516170567621262,0.00216676251563562,0.997316866920416,5.41613153047495e-09,1.94348452074535e-07,4
"20022",2.92701996467331e-08,0.00709968275719076,0.00121859226050913,0.988403278575048,1.08039467756662e-06,0.00327733674237482,4
"20024",1.47636550312695e-07,0.000488165849933153,0.570702954682932,0.428801843424101,4.42326053889375e-08,6.84417387864849e-06,3
"20026",1.47636550312695e-07,0.000488165849933153,0.570702954682932,0.428801843424101,4.42326053889375e-08,6.84417387864849e-06,3
"20028",0.000160021777385263,2.75197652231501e-05,4.88378442909233e-07,5.25255790132457e-06,0.0767099261613923,0.923096791359655,6
"20030",4.34706769109309e-06,7.94559094365665e-06,4.82367890781812e-06,0.999838176485185,6.90230374373845e-05,7.56841398348864e-05,4
"20033",3.66492770260387e-05,0.000246363605348949,2.81067111806862e-06,0.00082223196054963,0.137828608026289,0.861063336459669,6
"20035",6.07197740628815e-10,0.000934708392010389,0.00327308328790217,0.995791587108282,6.19373850412773e-09,6.14410869026934e-07,4
"20037",1.95708490123246e-08,0.00169850333343276,0.000316661905985324,0.997984123584516,1.82114260190618e-10,6.91423102857765e-07,4
"20039",1.40955678983671e-10,5.82680491042321e-05,0.999786334563062,0.000155323146325076,4.57781944654316e-11,7.40547747350912e-08,3
"20041",7.04783730970752e-06,0.978136101284649,0.001230256528474,0.00744465841504024,3.67881564105482e-05,0.0131451477781162,2
"20044",3.24831729408639e-05,0.873632798222945,0.00888456917727447,0.0510046555278772,0.0018983099621199,0.064547183936842,2
"20047",1.41752312321349e-10,2.27225391146072e-05,0.00616782188009923,0.993809306692081,6.68920455505995e-08,8.18549071087008e-08,4
"20050",1.96532335841178e-09,0.45888089661242,0.465543889875757,0.070065811492175,2.20656699350938e-05,0.0054873343843893,3
"20052",6.1366826419059e-07,0.0160911462041478,0.000744789134707035,0.0117488175527833,0.0210209393187717,0.950393694121326,6
"20054",1.5817087517841e-05,0.000240987137339832,1.14742861136905e-06,0.999511064132014,3.49775269790478e-06,0.000227486461819132,4
"20056",5.6109623069295e-07,2.92210321586733e-06,1.85553684749142e-06,0.00012022751395315,0.997542305406185,0.00233212834356754,5
"20058",1.82176119186745e-08,0.000317847928517021,0.000940210678113675,0.998729402866348,7.20883516422442e-10,1.25195885256589e-05,4
"20060",2.04238300483119e-05,0.00168742152955708,1.11418844951575e-05,0.000558760373628166,0.000200227053903697,0.997522025328368,6
"20062",3.6464158269875e-05,0.202163488273764,1.86362813948205e-05,0.00562054157664979,0.000107847219531706,0.792053022490389,6
"20064",1.96542338170905e-07,0.000448104278308132,7.0243428448793e-05,0.976486592222237,0.000151443836439394,0.0228434196922285,4
"20066",6.02643073376522e-07,4.54933434148292e-06,1.35563325528596e-05,0.999969140255072,6.9930891025366e-06,5.15834585782755e-06,4
"20068",0.00165178241608585,0.0134576175131792,1.54374764623361e-06,5.48147406008978e-05,5.38284840675323e-05,0.98478041309842,6
"20070",9.14851744552559e-05,0.0186716948227859,0.000233767243555879,9.13318527970964e-05,2.84052051570167e-05,0.980883315701249,6
"20072",0.00460754570958206,0.0143605741790305,2.52638655123899e-05,0.980755926806862,2.16282407665786e-08,0.000250667810772208,4
"20074",0.000335381550126417,2.29491630605327e-07,2.61394336536567e-09,5.44953651831487e-08,0.999615550782727,4.87810662073856e-05,5
"20076",0.283632882015179,0.000522433302392057,1.12612792011103e-07,0.00967380142686244,0.654600042030378,0.0515707286123965,5
"20078",1.08133770408986e-06,0.00363308341897613,0.00232118555865864,0.96315088347894,9.7273972731278e-05,0.03079649223299,4
"20080",7.69033437913534e-11,0.000248594677293047,0.000864617736926233,0.998885090039788,1.63019474795387e-08,1.68116714203325e-06,4
"20082",2.35403714399297e-11,1.1619836168253e-05,0.996577467582138,0.00340546413261488,3.08906460540445e-08,5.41753489242278e-06,3
"20084",3.04749167005625e-07,0.000529709397589139,0.0118414077969978,0.94982905695909,0.025651653810057,0.012147867287099,4
"20087",4.37400251836467e-05,0.0600976093925052,0.000557777493841434,0.923876469215678,4.99798035593023e-07,0.0154239040747561,4
"20090",2.73502864312265e-10,0.0572812195019769,0.0218746276339642,0.920822181965665,1.41463277371188e-07,2.18291616138262e-05,4
"20092",0.00084829639832972,0.293078500892324,0.651036430724436,0.0148610234575529,8.23553474074384e-08,0.0401756661720101,3
"20096",1.22175777026217e-05,0.0783546464322103,0.391600848785203,0.00734616215408124,0.0067268513716807,0.515959273679122,6
"20098",5.31785682744959e-06,0.000429655118779041,6.02794680027631e-06,0.000201802607890244,0.134666422440345,0.864690774029358,6
"20101",2.22580022508557e-09,0.000371425571975039,0.00111822998820033,0.998328088715413,0.000100567120841396,8.16863777699936e-05,4
"20104",0.441861314987492,0.00333076177125469,0.0541685612555978,0.000111286252311853,0.00122533582903245,0.499302739904312,6
"20106",8.29736697113728e-09,0.00520526448067259,4.88508017910332e-05,0.994152281668353,4.4239231399836e-05,0.000549355520416352,4
"20108",0.000156738278469218,3.29788588685728e-05,8.18330786422183e-07,0.000298263278980386,0.00932599938438912,0.990185201868506,6
"20110",3.93858006297089e-07,0.358642034965941,0.158055592355052,0.00408368529944734,0.108223617125409,0.370994676396144,6
"20112",3.7482864865104e-08,0.277991757732869,0.0109347668334292,0.701435498219686,2.04380764922143e-05,0.00961750165465897,4
"20114",2.27278119137899e-06,7.3397894438546e-05,0.00156886052648434,0.860131319463553,0.0630483154416915,0.0751758338926409,4
"20116",3.6549866180611e-05,0.00011878997857966,5.88941947070376e-06,0.978713332922949,0.0159830169477814,0.00514242086503898,4
"20118",2.80692554663763e-06,0.000678085181902696,0.000199172940259658,0.0521595323826267,0.0485739868387207,0.898386415730944,6
"20120",2.02529047762899e-09,0.00641576071459853,0.0246808895276408,0.96245373879917,0.000669192398599414,0.00578041653470079,4
"20122",1.37618004400113e-05,8.05721675890591e-07,1.77747950696092e-08,4.27544721499136e-06,0.998179207479407,0.00180193177646742,5
"20124",1.33913281431845e-07,0.00108624820172439,0.00203043407948947,0.996875493206321,1.65865008998397e-09,7.68894053407434e-06,4
"20126",9.33349649223029e-08,7.60362582498125e-05,0.994957047357991,0.00496537294145132,1.14262533973342e-07,1.33584480935117e-06,3
"20128",1.53179346709382e-09,0.00020926993386547,0.827582179898383,0.172208526064736,1.22662175881525e-09,2.13445993934683e-08,3
"20141",0.000100220772050319,0.000200182802526439,0.0163195978477798,5.90036615822123e-05,0.0478774216306275,0.935443573285434,6
"20143",6.6585548074909e-06,3.06665739311253e-08,3.71914037379553e-09,5.90808044532425e-08,0.999964005129779,2.92428488943819e-05,5
"20145",2.01404649694264e-09,0.0069455823010801,0.00375483155993184,0.98281582974929,4.50862127191273e-06,0.0064792457543798,4
"20147",1.80293418139825e-08,0.000580034479920287,9.9583919683118e-05,0.998240367535232,3.25733818807331e-06,0.0010767386976343,4
"20149",7.71228192070508e-06,1.11750336097979e-06,3.37584576405142e-08,4.5908786917674e-07,0.998451955892747,0.00153872147564465,5
"20151",4.45856639544981e-06,0.000560380037666084,2.59545933369679e-06,0.000245167191562508,0.0475561445895211,0.951631254155521,6
"20153",7.53584480958613e-08,0.00361481606363626,0.0078199048850712,0.00120798293419551,0.515618138961685,0.471739081796964,5
"20155",5.99526267281015e-08,0.0419393021712693,0.000127801473920919,0.957823881770991,3.2345189781018e-07,0.000108631179293871,4
"20157",4.17949196817984e-06,7.69506338358599e-05,8.6490728567951e-06,0.000121190172256613,0.410556691413128,0.589232339215955,6
"20160",1.0723104261087e-06,4.42406964829461e-08,9.84446535854126e-09,1.35296299524324e-07,0.999948524956107,5.02133520059096e-05,5
"20162",9.25822658642921e-06,6.04195221182286e-07,1.20235889547852e-08,1.94125285651489e-07,0.994883833184837,0.0051060982444809,5
"20164",3.97376849952421e-06,0.00114760085667769,1.42401689687466e-05,8.13806842358842e-05,0.933125105327632,0.0656276991939866,5
"20166",0.000137669245527588,9.05685158291171e-05,4.40825840584967e-06,0.998895595276549,0.000809889867169338,6.18688365192004e-05,4
"20168",0.996094014453202,1.82759055208678e-05,3.12377554826024e-07,0.00289089328484988,0.000976945181153762,1.95587977188852e-05,1
"20170",2.11759389286645e-06,0.000210697587625813,2.56625513461508e-05,0.000158252892231559,0.190297408657372,0.809305860717532,6
"20172",3.34502992613388e-08,0.00230241476837959,0.000994814640350022,0.994969512172484,2.33219727753005e-08,0.00173320164651394,4
"20174",0.179295865357888,5.38099955853232e-05,2.54247471539713e-08,5.58051706450448e-06,0.182795678279923,0.637849040424792,6
"20176",0.999779031846057,1.84560566556468e-05,1.65326320261537e-08,0.000136741874395502,5.24481629482095e-06,6.05088739649296e-05,1
"20178",5.00249253625342e-07,5.42958463212364e-08,2.00111794529285e-08,1.48552883489804e-07,0.999972491268915,2.67856219224779e-05,5
"20181",9.01113742661334e-07,1.48436283279156e-05,6.50261267455282e-06,0.99684381899929,0.00303570759035337,9.82260556113932e-05,4
"20183",5.34644603440115e-06,0.00554065604015357,0.000662128155115663,0.00297997058163947,6.3032264122918e-06,0.990805595550645,6
"20186",0.00592151290895462,0.123122287240954,0.00412291799377526,0.024171797147313,2.19708044710336e-07,0.842661265000959,6
"20188",7.97107993321829e-07,2.27286661374634e-07,2.34316868472963e-08,1.54899852387393e-07,0.999657155263756,0.000341642010050208,5
"20190",2.31851174533545e-08,0.000166668616795136,1.31562053745556e-05,0.99979978813814,2.10773657923015e-07,2.01530809153358e-05,4
"20193",0.019182886683623,0.000238911260007587,6.7375569751244e-07,0.00128149253333717,0.979093280123635,0.000202755643699572,5
"20195",4.1861740102004e-06,0.00441436910564097,1.55474229369891e-05,0.00134345671327833,0.744057061751271,0.250165378832863,5
"20197",8.85127091184913e-08,0.0192630752704449,0.00033954868189641,0.979366887737341,5.24580235138054e-08,0.00103034733958458,4
"20199",1.9085043035822e-06,8.54455442193509e-05,3.8590066973002e-06,3.99520278391097e-06,0.900652270220944,0.0992525215210515,5
"20205",1.57974510833349e-10,0.000879055477577159,0.998983866875639,0.000126480528374997,3.05275238602825e-09,1.05939076822696e-05,3
"20208",3.8667637090023e-05,0.00265480083785229,5.48976514317642e-06,0.00133546295637704,0.00914665126820404,0.986818927535333,6
"20210",4.22545972885724e-06,3.00004192527256e-06,6.17511837515944e-08,7.85533305017262e-07,0.981881194283888,0.0181107329299692,5
"20212",7.62627010816511e-06,0.000368453599352869,3.1524795266133e-06,0.000118651772009661,0.817474235495388,0.182027880383615,5
"20216",2.40877465454855e-07,0.000170498459120404,4.42082317011485e-05,0.998208619991673,3.59954451942869e-05,0.00154043699484552,4
"20219",5.01099284244125e-09,0.0127385720501324,0.648716034278409,0.332419675881244,4.74548379435056e-05,0.00607825794127856,3
"20223",0.00176521902028017,0.0081417128846084,0.000232419567909113,0.989858017303159,8.44704525936034e-10,2.63037933858628e-06,4
"20226",2.68859236168384e-07,0.946007621267601,0.000290488779320362,0.003844584358551,0.00016692861365274,0.0496901081216387,2
"20230",1.73316505072212e-08,7.6361177749607e-05,7.07469368791352e-05,0.999845742004765,2.36889548385042e-08,7.1088600008803e-06,4
"20233",7.97309333038439e-07,0.000280087181422951,0.997649077678319,1.76951480654416e-06,1.81209039368232e-05,0.00205014741218176,3
"20235",0.000162584522639588,0.13319558789072,0.0308219268081234,0.835719115401009,4.39893853943754e-09,0.00010078097856924,4
"20239",0.00283750609652115,0.20769814284696,0.000464333543859681,0.78441610839582,1.07409853177729e-06,0.00458283501830764,4
"20254",4.25230244526324e-12,5.35509707753246e-05,0.996072598267018,0.00387294955622283,2.51980427863942e-09,8.98681926926394e-07,3
"20256",3.01412515160668e-07,0.000350746047961911,0.000223699436651935,0.999397316079263,2.82270528454095e-09,2.7934200902465e-05,4
"20262",3.0067617661331e-06,7.83474406988527e-05,2.32675048747014e-06,8.32654285603091e-05,0.514258492526744,0.485574561091743,5
"20270",0.00215396927480599,0.000435925624220822,1.78970035529113e-05,0.979493906497283,0.0032659596529565,0.0146323419471805,4
"20284",5.52281595324004e-07,0.0518807468743265,0.364778197992769,0.00971741360191925,1.80155710186169e-05,0.573605073678372,6
"20287",9.76219816537524e-08,0.00269582074560318,0.000108065177268197,0.997195747072365,7.97262832762982e-10,2.68585519500602e-07,4
"20290",4.27097501483616e-10,0.00446942201637343,0.991535144659948,0.0016878010049157,1.77170691277945e-05,0.00228991482253741,3
"20293",9.932745353643e-07,0.000840382981147488,0.00198092977284747,0.955572075632889,6.29667572230604e-06,0.0415993216628583,4
"20296",0.0181024988971875,0.000590462597075795,8.37108513594956e-08,0.00781199722342259,0.632846259058075,0.340648698513388,5
"20301",3.32544857982618e-08,0.0011173667081736,0.000395352844223618,0.998475486238813,1.14477983392284e-05,3.13155964670998e-07,4
"20304",8.00247292433784e-11,6.82298766649837e-06,0.995733699142574,0.00424543016440779,4.9608400937431e-08,1.39980169265422e-05,3
"20306",2.28159147135021e-08,0.000260153027689077,0.00197453068694845,0.997755117093539,7.6407675167754e-10,1.01756118315793e-05,4
"20309",1.95869682518867e-06,0.194983927824326,0.00373635581725968,0.49732773265176,0.000116055093568486,0.303833969916261,4
"20311",1.30261287117829e-06,0.000709680381211795,0.00075101744834074,0.994511395438124,0.000258453083653631,0.00376815103579881,4
"20314",5.49471299911304e-07,0.000745362236393588,3.15345137120381e-05,0.00164838039037137,0.0128934451590979,0.984680728229125,6
"20318",7.7764023162518e-06,1.02590678266452e-07,6.43038509238009e-08,1.27975094839685e-05,0.999860045850848,0.000119213342822301,5
"20320",2.09540734650541e-05,0.511210599756976,0.00171190554812809,0.000904038992293782,0.00146524416722748,0.48468725746191,2
"20326",1.26785674461965e-06,0.000343540444434588,7.86175912173454e-05,0.00225839305914413,0.0296052612357843,0.967712919812675,6
"20328",9.76988211684799e-06,0.161376126974508,0.00141564144775015,0.000896939128321191,9.56652604123113e-06,0.836291956041263,6
"20330",8.98346421696446e-07,0.839624977778448,0.00397141110337665,0.156113212901488,6.32250975741794e-07,0.000288867619289953,2
"20336",1.23395466754646e-08,0.00246827997995127,0.961686528533501,0.0113668780289716,4.46655261321579e-07,0.0244778544627678,3
"20338",4.48438566322758e-09,0.00363789101892334,0.979785363245128,0.0152969661004264,7.7030057702041e-05,0.00120274509343459,3
"20340",4.38494719331478e-08,0.000159383781498694,0.000407119375184219,0.999431372616989,1.55656252559938e-08,2.06481123095759e-06,4
"20342",4.38155749140388e-05,0.0203095129019653,0.978880778403571,0.00040277440971866,0.000257562389411827,0.000105556320418936,3
"20344",2.54887541770929e-07,0.000247455352392602,0.000521670960109645,0.998038894412756,1.98220375000009e-07,0.00119152616682549,4
"20349",1.18658413444702e-07,4.04525007501482e-05,0.000131584221321901,0.999810033707293,1.82814846253963e-09,1.78090840734431e-05,4
"20351",1.1366509543559e-06,0.0102800483613499,0.0130931155688577,0.926348845310213,0.000400193828505164,0.0498766602801203,4
"20353",1.4623529320429e-08,0.69794134204648,0.0234394403859255,0.278450848050985,2.77173521373091e-08,0.000168327175728025,2
"20357",1.62417972907178e-10,0.0022944707346216,0.996930538036132,0.000770318167709714,1.86194644920982e-10,4.67271292390693e-06,3
"20360",0.000282120254589092,0.706265244211168,0.288494128588182,0.00488510790686718,6.56250948884891e-07,7.27427882448422e-05,2
"20364",3.91286608657712e-08,0.2787563246499,0.00227923676518487,0.688975947321381,7.82257486556713e-06,0.0299806295600075,4
"20366",9.30832798165454e-09,0.000711379684070239,0.991641029940827,0.00094780960734377,6.76682480412723e-06,0.00669300463462735,3
"20381",0.979159148425832,6.87332809898281e-06,1.28563733511578e-07,1.09521049516685e-06,0.0171633960056116,0.00366935846622846,1
"20391",0.26409881244971,0.516378339756692,0.0163309964540521,0.179753418371616,2.87035920980174e-08,0.023438404264338,2
"20394",0.00282248428453789,0.0183415032431954,1.78126910570705e-06,0.000122207567327833,0.000750928177430663,0.977961095458403,6
"20396",0.785759460321811,8.12035910573968e-05,1.14581203976447e-08,7.08252452193725e-07,0.0102400166650391,0.20391859971152,1
"20409",6.54199203017928e-06,0.000181892708084294,0.000878814088499949,0.616224622840879,0.135882289302987,0.24682583906752,4
"20411",1.08415769435691e-08,0.0266048909689275,0.113687171733127,0.859503739791307,1.57585067488797e-09,0.000204185089211079,4
"20416",1.4286571431011e-10,0.000170230028759913,0.971220794726257,0.0286089531827849,1.87540074093805e-11,2.1900578736169e-08,3
"20418",0.797953214392897,1.11929266747173e-05,6.12389290541815e-09,6.46881525829703e-07,0.0506306208646822,0.151404318810327,1
"20420",1.05199599436165e-06,0.00122120520368885,0.97213976790811,2.26518626384453e-05,0.000168331262918228,0.0264469917666501,3
"20422",4.64761013314947e-08,0.0362005403466927,0.000270278301119793,0.96312830079022,3.86868191348618e-05,0.000362147266730955,4
"20424",4.97169724220159e-09,0.0861348694866937,0.0400293248448229,0.87369395150105,5.33185168691245e-09,0.000141843863884623,4
"20426",4.66451459958941e-10,4.3979870802121e-05,0.999843697076515,3.95267120413106e-06,9.89606795070545e-05,9.4092355201582e-06,3
"20428",0.00267784551626234,0.130765725010629,1.44944585842059e-05,0.829092097104122,9.11015228232583e-06,0.0374407277581209,4
"20431",1.81474723902094e-06,0.240639594275734,0.00391109354942491,0.02197318821102,0.074398520637935,0.659075788578647,6
"20433",0.000144886816861178,0.000606831283567149,1.31225368064048e-05,0.999233857190141,9.14469664809427e-09,1.29302792782512e-06,4
"20436",0.992545631659805,6.0015863495954e-05,1.43213918271747e-07,0.00734932163902067,7.94546129925776e-06,3.69421624605359e-05,1
"20439",0.28619429478896,5.46573038588095e-05,2.10109210944286e-08,3.25441568853022e-06,0.185181196529619,0.528566575950952,6
"20441",4.70142199373735e-10,0.0155185541365059,0.983712998536695,0.000710145386429947,1.32448915323465e-07,5.81690213112395e-05,3
"20444",2.27005059401236e-06,8.22986510311952e-08,6.25932933583554e-09,8.21608424700236e-08,0.999805915457654,0.000191643772929456,5
"20448",0.000190063098821755,9.8362017699269e-05,0.00100911172307153,0.00919410921190646,0.114846706516091,0.87466164743241,6
"20536",0.82035161437085,0.00495541621514839,3.46277235597828e-07,0.000136555511649028,8.3848488496054e-06,0.174547682776267,1
"20538",8.44446341998612e-06,0.000359381607285074,0.729085485850893,0.218144943046865,1.0543833953434e-06,0.0524006906481418,3
"20541",1.00201917480387e-10,0.00381302702814699,0.0616454405529498,0.934537217734967,3.96678219016893e-09,4.31061695202633e-06,4
"20544",3.32040982313583e-06,0.00260372054510419,0.000679690952045261,0.192282837854952,0.00276906417037846,0.801661366067697,6
"20546",9.98888299610788e-09,0.00922130590141819,0.00590857573184626,0.984141174995403,6.46728671664279e-09,0.000728926915162752,4
"20550",1.11061433830514e-06,0.991237719311491,0.000244538225242904,0.00460938074205716,7.44805456207828e-05,0.00383277056124983,2
"20553",6.85695179345866e-10,7.62866625478182e-06,0.979171463288782,0.020820713792549,1.88354069790876e-07,5.21264912765808e-09,3
"20555",4.86907243745536e-07,0.0039867942531992,0.994724518732787,6.05705236768869e-06,7.93359942629782e-08,0.00128206371840764,3
"20557",2.94369698925473e-08,0.95097575392887,0.0127933436379328,0.0105589638562208,0.000233120204311679,0.025438788935695,2
"20559",3.78946221919355e-09,0.000259169607500894,4.55959032394087e-05,0.999481662503124,9.95294126086034e-07,0.000212572902547316,4
"20561",5.12563007204342e-06,0.000520488881178648,2.63709819715245e-05,0.000751966389425459,0.196647037200754,0.802049010916599,6
"20564",5.00249253625342e-07,5.42958463212364e-08,2.00111794529285e-08,1.48552883489804e-07,0.999972491268915,2.67856219224779e-05,5
"20566",5.88934814951972e-05,0.136972970801173,6.05595334194005e-06,0.798760152664219,6.91382611547599e-05,0.0641327888386156,4
"20569",0.000477924460354361,5.75171909288122e-05,1.32716180246508e-07,1.18118511745167e-05,0.0883105227974342,0.911142090983928,6
"20572",0.000745842993047671,3.36203129640927e-06,2.00774215187957e-08,7.49424583314063e-06,0.904716510057707,0.0945267705946945,5
"20574",6.88089418624342e-10,0.00200249679601121,0.00173980065817784,0.996101771353693,2.18498699547649e-06,0.00015374551703274,4
"20576",4.19892564452583e-07,2.53362834792173e-07,6.29884719641664e-08,1.17954274836825e-06,0.999776268045935,0.000221816167445208,5
"20578",1.54822307940333e-06,0.0324083622255372,0.000532806029270472,0.775658718787945,0.00409284289460292,0.187305721839565,4
"20580",1.84279188105232e-05,0.00207299414843501,4.77670435848136e-05,0.848002640714993,4.15170146041673e-05,0.149816653159573,4
"20583",3.97451678475145e-07,1.58952899970575e-07,4.77198111751547e-08,8.28662967980973e-07,0.999887419881029,0.000111147331613812,5
"20586",1.11935631951591e-06,0.00238050877160631,0.00157197147032646,0.91822733563423,1.81667799030641e-06,0.0778172480895278,4
"20589",1.29245675718352e-07,0.00508394240639947,0.000129602292187356,0.994772678684418,5.56245837718628e-10,1.36468150737141e-05,4
"20591",2.08343153248358e-05,0.801459878991297,0.0452454493853018,0.00106107820935132,2.76689118017931e-06,0.152209992207545,2
"20593",8.50488090170187e-09,0.000400544288250863,4.86154291484988e-05,0.999550742027062,1.1690619926336e-08,7.80600379190945e-08,4
"20595",4.52652046976628e-08,0.000267418498546635,0.000233244885312573,0.996434045714166,2.84925393158958e-05,0.00303675309745437,4
"20597",0.999239597655631,1.17410909026449e-06,8.26130112612277e-10,8.22606938610495e-08,3.69789033493714e-06,0.000755447258120011,1
"20599",8.81633481465841e-07,3.18226793517434e-08,1.06398391080013e-08,2.04599885912844e-07,0.999955697580775,4.31737233391239e-05,5
"20601",5.54689945098873e-06,0.0177695413646153,2.26288077554395e-05,0.000215134004290601,0.000164009234343283,0.981823139689544,6
"20604",2.00380832847739e-09,4.89782873703871e-05,4.67536388325201e-05,0.999897685579696,6.08367399172975e-07,5.97212289368501e-06,4
"20606",3.43197325842213e-09,0.000611666863814157,5.49756193607735e-05,0.999328654998523,1.39770179466524e-08,4.68510931081536e-06,4
"20608",1.6397810947166e-06,0.0250940814714339,7.00791885110471e-06,0.974623288544031,1.77800282431007e-07,0.000273804484306642,4
"20610",7.19541911066056e-07,1.15847962612188e-05,3.39243234616202e-07,6.74241121780717e-06,0.998584770987705,0.00139584301967081,5
"20612",0.60627193110383,0.00033111618377346,0.155832457719748,0.235161668979248,0.0010490348923428,0.00135379112105709,1
"20614",7.77847091294847e-07,1.45051277246435e-05,2.15125709896332e-07,8.93539885481112e-07,0.9905565369368,0.00942707142278841,5
"20616",4.7618566464905e-05,0.000969557301772179,7.10144521758703e-05,0.00472480486303973,0.000336811674708355,0.993850193141839,6
"20618",2.06852946963261e-09,0.00173591124430914,0.99720667146488,0.000171070692685785,1.23400633047108e-05,0.000874004466290643,3
"20620",3.17979011712103e-05,0.000108370010560076,2.9782804180724e-05,0.999431445809841,1.94516289398812e-05,0.000379151845306764,4
"20622",2.64449318795266e-07,3.50476940846351e-07,1.00632737253861e-07,4.16266091861287e-06,0.999316449502615,0.00067867227746961,5
"20624",3.05120982912072e-08,0.000522138210754752,0.0271516581871924,0.972030217786619,2.38074805222371e-08,0.000295931495854818,4
"20626",0.217482000961364,0.00810650454877879,9.9171083141399e-07,0.760445457058596,0.00101702841453129,0.0129480173058989,4
"20628",0.163960205283097,0.571778162055143,9.59370509289836e-05,0.138708413365329,0.000299419622407526,0.125157862623095,2
"20630",3.60158914016662e-06,0.362350360469681,0.000142315576764853,0.565757641568433,0.0106223303180216,0.0611237504779589,4
"20632",0.000945836482899172,1.20747386483056e-06,2.71300648592916e-09,1.05569842902071e-07,0.988342596194315,0.0107102515660721,5
"20634",7.77778848345594e-09,0.00111702641413083,3.62299038428546e-05,0.99883844177554,1.01483997593531e-08,8.28398029847511e-06,4
"20637",7.7549133307674e-12,0.000952412816814595,0.992087195583717,0.00693503623762693,6.76512665055432e-06,1.85902274358599e-05,3
"20639",4.50138702136361e-06,8.26304883786791e-05,2.13821608784448e-06,1.17081402608824e-05,0.48614549268163,0.513753529086621,6
"20644",5.63866526295857e-06,0.00054424290690349,0.687584290330137,0.311865781840421,2.2504236927458e-08,2.37530388463028e-08,3
"20646",0.00147540802277801,0.323275834046439,0.0122845392529572,0.662909928699946,9.7638033608926e-06,4.45261745194041e-05,4
"20648",9.76598548670338e-07,0.000480058566858007,1.50145694617958e-05,7.19858224445833e-05,0.00438485723179463,0.995047107210892,6
"20650",2.11233180909943e-08,0.00160890636840204,0.320371202233446,0.677949945851178,2.12227468098519e-08,6.99032009086714e-05,4
"20653",0.000115573094500777,0.0410821134762075,0.000280627883477374,0.00026851161270511,0.00216162743570239,0.956091546497407,6
"20658",0.000165884428488598,0.000869774916788601,3.57546815738507e-06,0.998916356619273,1.10268990122702e-08,4.43975403935088e-05,4
"20661",0.00010799753840308,0.000487140653987591,0.961157978175285,0.0344522516229876,6.20814539992109e-07,0.0037940111947965,3
"20663",4.55756626430217e-06,0.0244572326021638,0.00159619195565747,0.59701885991835,3.40649279006897e-06,0.376919751464775,4
"20665",2.81765227088262e-05,5.78861208304648e-08,2.72173852913419e-09,1.49912445506551e-06,0.999930857310849,3.94064341277856e-05,5
"20667",0.00602999660836729,0.904342360286185,6.29403463093358e-05,0.00366902316293596,4.27295637460636e-05,0.0858529500324565,2
"20669",0.97158141706993,6.26854668560083e-06,3.17606361777954e-08,5.21673106145908e-07,0.000122071881950197,0.0282896890676923,1
"20671",2.44007482699403e-10,0.00571612563292191,0.841692681297869,0.150895553316535,5.97986914202815e-05,0.00163584081724557,3
"20673",0.999197845109594,6.20231117688862e-07,3.74594051918768e-10,4.71000115459462e-08,2.07915776703144e-05,0.000780695607012076,1
"20675",0.294873332563288,0.00148479784930251,5.36018374672216e-06,0.00755732868773511,1.1008047827864e-05,0.6960681726681,6
"20677",0.000862852593458714,0.022844123105723,0.000233185030129039,0.59694930956042,2.70771070348745e-06,0.379107821999566,4
"20679",0.96798180070324,1.52753160875536e-05,1.21824179776573e-08,1.36837929153738e-07,0.000547714240879124,0.031455060719446,1
"20681",0.0830777784043778,0.00166912484387907,2.33560762738502e-06,6.35641598632885e-05,1.13084446550339e-05,0.915175888539597,6
"20683",0.00585745424209362,0.161599253827383,6.27265277710792e-05,0.411332998562108,8.60073383426726e-06,0.421138966106809,6
"20685",1.91517495858185e-06,0.00933411464357964,0.978433658893743,7.52193131782952e-06,4.77654060009339e-05,0.0121750239503999,3
"20687",2.63709137815341e-06,3.09443293543065e-05,7.38666879940645e-07,4.14569813600127e-06,0.865638502536756,0.134323031677495,5
"20689",1.3325165854918e-05,6.66964300544917e-05,0.856843115063257,0.143076195927634,8.17025655210393e-09,6.59242942817979e-07,3
"20691",4.19965500027002e-07,1.78628470861065e-07,2.55118033122488e-08,1.94855097528811e-07,0.999694028071041,0.000305152968087053,5
"20693",3.98795385896011e-08,0.000141581017744059,0.0011135659409557,0.998739561906429,9.59178365192402e-10,5.25029615383402e-06,4
"20695",1.46537464203559e-05,0.000607528919126976,4.233299498399e-06,7.86110394886296e-05,0.00112561176928906,0.998169361226177,6
"20697",6.3603903583393e-10,0.000247042742897754,0.000239335866071049,0.999412590669819,2.47586541219296e-05,7.62714310513123e-05,4
"20699",0.0206292569468735,0.00548996891545769,4.61106557774944e-06,0.361732843097028,6.9269762584766e-05,0.612074050212479,6
"20701",0.000779093833232828,0.104758197487484,0.000118651360205002,0.860574431814742,1.55423196104219e-07,0.0337694700811402,4
"20703",0.982002993893026,0.00563094086903219,0.000402336116567064,5.94523293832801e-06,9.50236292233204e-05,0.0118627602592129,1
"20705",6.7108221866138e-08,0.0190164641775329,0.00341602798742916,0.976763021043131,6.00118421471632e-08,0.000804359671842735,4
"20707",6.1101693451832e-06,0.0192444136813327,0.000159593784894925,0.00296964255089433,5.54324150008118e-06,0.977614696572033,6
"20709",0.000343119962602026,0.000728139218723889,3.1786154032381e-06,0.027828301936264,0.874288299780261,0.0968089604867455,5
