"","V1","V2","V3","V4","V5","V6","best$classification"
"19811",0.00245152695756095,1.29331794208021e-07,2.79550411226869e-05,0.952410305412405,0.00102152083639426,0.0440885624207228,4
"19813",2.35464060250328e-06,1.73123911197097e-09,8.20669735724292e-07,3.73065327850168e-05,1.15271322906149e-07,0.999959401154315,6
"19815",0.0240658080839646,0.000320211230657609,0.00112582253876488,0.974471171596617,1.44582850187976e-05,2.52826497664906e-06,4
"19817",0.0041357599483436,6.04761983921389e-06,9.57233538300153e-05,0.99515853271106,0.000595566460278295,8.3699066486763e-06,4
"19819",4.4513240701763e-05,0.1949934881417,0.80492649780433,3.51069948272253e-05,3.93184377186234e-07,6.34063877614478e-10,3
"19821",0.00084968318947854,2.23324938983368e-07,0.00101622542923641,0.960420237370887,0.0236719984394502,0.0140416322460089,4
"19823",0.000971902148661721,0.0387432630862035,0.000343743160879605,0.95972504247604,0.000211044116552103,5.005011662714e-06,4
"19825",0.00629614173599143,0.000322170657764145,0.102105491794272,0.00217982696112732,0.884179749578093,0.00491661927275256,5
"19827",8.45810840890415e-05,5.84841439939921e-05,0.000306613198128386,0.647751540035083,0.351797985483477,7.9605522849013e-07,4
"19829",0.000481647675472858,7.49287189578009e-05,0.989871918975546,0.00189930810662913,0.0076678330275463,4.36349584806408e-06,3
"19831",0.000119908056284519,0.15173626833114,0.847912727129994,0.000229430884532529,4.9752461611356e-07,1.16807343378467e-06,3
"19833",0.00249349501775665,0.997457045891944,1.70533597749755e-05,1.47089056598685e-06,2.56641737189878e-05,5.27066623904455e-06,2
"19835",0.00084968318947854,2.23324938983368e-07,0.00101622542923641,0.960420237370887,0.0236719984394502,0.0140416322460089,4
"19837",0.000117839729543394,4.87832715835035e-06,0.000668179382992274,0.974383051464212,0.024822100223618,3.95087247589369e-06,4
"19839",0.00189128967818688,2.33651195789393e-05,0.965266865212317,0.00399381631203173,0.0270356700946582,0.00178899358322727,3
"19841",1.30462558558827e-07,2.0929906755995e-08,1.32746233887196e-05,1.68947921952233e-05,0.999910920471879,5.87587200713657e-05,5
"19843",0.00645162278225708,7.8777170243375e-05,0.971686314651195,2.63345372045692e-05,5.13359558386551e-08,0.021756899523144,3
"19845",0.000307213240721103,6.59537550685036e-08,2.61706760730849e-06,0.0681792561062856,2.16307498826578e-05,0.931489216881748,6
"19847",0.0255113645433245,5.29245430473532e-05,0.00466218773751624,0.962164312117464,1.82829871122505e-05,0.00759092807153608,4
"19849",5.02753349745378e-07,5.86580885665349e-10,8.85420284601437e-08,7.51926271661098e-05,2.65206997557772e-07,0.999923950283877,6
"19851",0.00141964012729058,7.72240547481454e-06,3.11032688832546e-05,0.99847699947851,4.01444225140994e-05,2.43902973270966e-05,4
"19853",0.000268999658288949,4.11982553789877e-05,6.65281659549261e-07,0.98023486294797,0.000513494888718383,0.0189407789679845,4
"19855",0.00032625084568707,1.70121952319509e-06,3.37808383171899e-06,0.99531552380466,0.00338225053467553,0.000970895511622317,4
"19857",0.0120056036470211,9.82938584200602e-07,0.00786725790267334,0.947196092681392,0.0186459283138494,0.0142841345164802,4
"19859",0.00323638721553728,5.15515444392515e-05,0.000801650785253852,0.985590926489498,0.0103030228327764,1.64611324953643e-05,4
"19861",0.00097957960368147,5.64876756467545e-07,2.64183707694186e-05,0.865728231991483,5.11126805004873e-05,0.133214092476809,4
"19863",9.42988841714643e-07,7.33486707436041e-10,9.07571353908204e-08,3.09070234194942e-05,0.00870858796334361,0.991259470533773,6
"19865",7.99735457572468e-06,1.85784941164716e-08,2.62420223356677e-06,0.00249831895886191,0.997489253335812,1.78757002239326e-06,5
"19867",0.0139952041760907,1.50488378964017e-05,0.000660996346465877,0.977944076939963,3.85441129151079e-06,0.00738081928829265,4
"19869",3.52589137633068e-06,1.53969151294453e-09,1.79235854605252e-07,0.00791378863427113,7.11925352710693e-05,0.992011312163535,6
"19871",0.0011656439718138,5.24322871899636e-05,0.00219376172051146,0.963154313257425,0.0334313345679177,2.51419514220126e-06,4
"19874",0.00066675747495874,4.00234533857417e-06,1.27733795463909e-05,0.224385846049268,0.774922470302953,8.15044793558814e-06,5
"19876",4.1723519547769e-05,1.04933421348858e-07,2.40546766994532e-06,0.75386625288281,0.245687916631462,0.000401596565088981,4
"19878",0.995311552987301,5.83950175388597e-05,0.0039359693987368,0.000681285375742074,4.3961146973571e-06,8.40110598389005e-06,1
"19880",2.51215005493925e-07,4.04599106421989e-09,9.31158255984662e-08,0.0016640904019353,0.998318771706854,1.67895143879815e-05,5
"19882",0.0148960772229824,1.42176439703146e-06,2.03126795040446e-05,0.713305822255235,0.00157227503212711,0.270204091045754,4
"19885",0.00815385320939897,4.21539276444365e-06,0.00456774856418082,0.986734846317692,0.000529202616516708,1.01338994470415e-05,4
"19907",0.0187915292493952,3.15334890213411e-06,0.000218919584629237,0.908890747563219,2.51389270102099e-05,0.0720705113268446,4
"19909",7.65759956507886e-05,2.86295887790124e-05,0.990609100902387,0.00912910132276519,5.87806245818009e-06,0.000150714127960211,3
"19911",0.000705245251266988,0.000759493259941911,0.954386423945575,0.0240837074677266,0.0200412005454594,2.39295300296308e-05,3
"19913",6.99212780978096e-08,2.82359298108242e-08,3.31153321634867e-07,2.16160126820844e-05,0.999977348880896,6.05795892841645e-07,5
"19915",0.000247740201724966,2.97991578112335e-06,1.36668101954731e-05,0.635633190777224,0.364098862385982,3.55990909179922e-06,4
"19917",5.57430085779675e-05,6.23293066387148e-07,3.81795084467811e-05,0.0145812959090524,0.985320329942104,3.82833875213961e-06,5
"19919",0.00517581550224057,1.82801092676898e-05,0.000227891238104579,0.870761931779123,0.123813865126468,2.21624479539183e-06,4
"19921",0.00687598601668742,4.39075350590117e-06,0.000163456801691245,0.992682561676296,1.1326010152289e-05,0.000262278741667068,4
"19923",0.978172420558988,0.000846227607915255,0.00200754985463837,0.0189439838966108,2.50442624856548e-07,2.95676392232767e-05,1
"19925",0.000167182495108072,9.20903955101347e-07,1.05369116874365e-05,0.0672977025382368,0.932522256199562,1.4009514510088e-06,5
"19927",0.000394902284549838,3.30673856830441e-06,3.29446478545306e-05,0.999374293394369,0.000166938902920593,2.7614031738216e-05,4
"19929",2.98999406799254e-07,1.31413346418852e-09,2.67752715426952e-07,0.000197642597561471,0.570875108575197,0.428926680760986,5
"19931",0.00109100834836057,3.39981570290793e-05,0.000477905879496323,0.997673646014479,0.000722244980767036,1.19661986816553e-06,4
"19933",0.000581089481113461,0.000788945092065627,0.670301086549749,0.327394273250415,0.000933835415632341,7.70211024420484e-07,3
"19935",0.0195225756594555,4.82576521692489e-06,0.07526549251563,0.902899135243793,0.00152873509876279,0.000779235717141792,4
"19937",0.00391040284629072,0.000104456433099146,0.000182508012321413,0.995782679232998,1.65548826367978e-05,3.39859265401006e-06,4
"19939",0.248267873522344,3.4606813020393e-05,0.0004188549358212,0.749841835134505,0.00142872530583863,8.10428847089633e-06,4
"19941",2.84826454709164e-05,4.83528826978796e-05,0.946881874576705,0.00715216764164343,0.0456205488623472,0.000268573391135663,3
"19943",2.13753356583311e-06,1.99036048139359e-07,7.93496133638229e-07,0.000931023499498837,0.99906566566998,1.80764773727708e-07,5
"19945",0.00831830426041449,0.00193880865774554,0.907247291859017,0.0824542505517445,4.09857474972294e-05,3.58923581650859e-07,3
"19947",0.000812975452530489,0.000114008297040333,0.110853222597513,0.0191702993537667,0.843879169060301,0.0251703252388483,5
"19949",0.918426489879924,0.00251345666453096,0.0271393127556249,0.0519179283759466,1.69642138130021e-06,1.11590259179859e-06,1
"19951",0.0469039907372116,1.39782907919631e-05,0.000981885369308518,0.249059828299279,0.703025719991917,1.45973114917829e-05,5
"19953",0.00174228936906431,0.883009612827511,0.114450124557181,0.000797872669068362,4.23116735069331e-08,5.82655024322994e-08,2
"19955",0.283320742473463,0.0337644336065485,0.681043511587525,0.00184947857820884,2.44655421367641e-06,1.9387200040983e-05,3
"19957",0.000392065000896082,0.00095727785790814,0.000862572896846587,0.12837322548542,0.869383034288345,3.18244705844314e-05,5
"19960",0.00707249440967579,6.23181008329392e-05,0.991209489891137,0.00133252315657738,0.000279894945099368,4.32794966775374e-05,3
"19963",6.58410243055844e-06,0.0562889406569668,0.00028172529995034,0.000493699556545411,0.942853691447452,7.53589366546532e-05,5
"19965",0.127759153063251,0.000256492471166066,0.871813546449835,0.000107181930251197,2.4274464103401e-08,6.36018110327374e-05,3
"19968",6.99448250923825e-05,6.39883177380726e-09,0.00148374645278828,0.0150618981960331,0.790217635086477,0.193166769040778,5
"19971",4.09991558707946e-05,0.001897627702235,0.000620151785642585,1.79071110668174e-05,0.997422662298226,6.51946958942101e-07,5
"19973",0.000767086050794832,3.14942555247372e-07,8.59492213288393e-05,0.995368460576276,0.00373782379384971,4.03654151951178e-05,4
"19975",6.65719495742591e-05,2.50604298371539e-08,2.98083631385314e-05,0.0293817028977967,0.970487409498469,3.44822305916104e-05,5
"19977",0.00096623561260267,3.48102953503368e-05,5.01085824141641e-05,0.000639372783815701,0.998157995336729,0.00015147738908779,5
"19979",1.0627476050275e-05,0.000270531590521406,0.999716855319237,1.29693363210444e-06,6.88177092010119e-07,5.03467403879781e-10,3
"19981",0.0013576511255442,1.03909362949039e-05,0.0118545323646395,0.98557947025027,0.000396460147791485,0.000801495175460403,4
"19983",0.338428454708309,6.02037444641851e-05,0.018161652706828,0.642701986905809,3.31796635600267e-05,0.000614522271030341,4
"19985",0.000176674472975275,1.66618821461857e-07,2.90750679269599e-06,0.209692436722478,0.790077635992197,5.01786867354693e-05,5
"19987",0.00040712317644894,5.83657243631226e-05,0.0364881584953985,0.928529098987506,0.0345116659342427,5.58768204108253e-06,4
"19989",0.000152127146249288,0.00382265157996525,0.99600774921492,1.74672313461106e-05,3.54395384762635e-09,1.2835654299123e-09,3
"19993",0.584005008508668,0.000349531804518144,0.153912800267072,0.244926030330254,0.0168055361485691,1.09294091844009e-06,1
"19995",0.041228047852289,0.000225093406066653,0.76325039632309,0.189401187877315,0.00588669497944437,8.57956179448267e-06,3
"19997",0.000482645021031269,1.37162702420919e-06,2.57426164153329e-05,0.992763229657599,0.00668270892585742,4.43021520724278e-05,4
"19999",8.87324188643887e-05,7.72569303425273e-08,3.95712749320874e-06,0.962572464964201,0.0363115998870122,0.0010231683454993,4
"20002",9.97047177296746e-07,1.33271292422482e-06,0.000225786249337211,0.000501009458052589,0.459323137315714,0.539947737216795,6
"20004",6.09818257578709e-05,4.18206486885666e-05,0.882335385220773,0.112597032631396,0.00464578135511065,0.000318998318274527,3
"20006",0.483803029218122,0.00160037082423962,0.505543574798087,0.00630528539016342,0.000690134648355878,0.00205760512103139,3
"20008",0.812755653247128,0.00305961884304914,0.180037080327478,0.003958306088532,0.000105880787080817,8.34607067325276e-05,1
"20010",0.364360720623967,0.0255502578007166,0.59670665113078,0.013378862112536,3.48617209065194e-06,2.21599090708916e-08,3
"20012",0.00327238302632241,1.28485117010456e-07,3.8989807433949e-05,0.168578751509108,0.817861510410968,0.0102482367610511,5
"20015",0.00258219426617528,3.2127582637577e-06,0.997405091173706,8.72106216819495e-06,3.43932213588606e-08,7.4634646578662e-07,3
"20017",0.000131685322611335,1.25284684364036e-07,1.50201056089921e-05,0.981809036088958,0.0156264156538775,0.00241771754425978,4
"20019",0.000568981383153217,0.00263497193378365,0.996795853509147,1.87011229128559e-07,5.94199111257989e-09,2.20695620523339e-10,3
"20022",0.00806806497802077,0.00133714768399019,0.987398824993937,0.00319459528241218,1.34273477940164e-06,2.43268604927701e-08,3
"20024",0.00050876857051732,0.601010915206421,0.39847357056144,6.56555943011279e-06,4.57937283265333e-08,1.34308463183488e-07,2
"20026",0.00050876857051732,0.601010915206421,0.39847357056144,6.56555943011279e-06,4.57937283265333e-08,1.34308463183488e-07,2
"20028",3.03280689119121e-05,4.52957674390125e-07,5.41446350983928e-06,0.907010073120269,0.0928118431080003,0.000141888281634412,4
"20030",8.7488161139305e-06,5.38339918792651e-06,0.999844628854319,6.82227536036776e-05,6.88356858811649e-05,4.18049089406586e-06,3
"20033",0.000282498467310784,2.83269588391405e-06,0.000863699073108366,0.830667039500446,0.168150722049014,3.32082142366303e-05,4
"20035",0.00102310597763715,0.00395441317948005,0.995021873615008,5.99708003131962e-07,6.95252349837933e-09,5.67347996946107e-10,3
"20037",0.00184488144953842,0.000378698806561489,0.997775689872088,7.11969838319087e-07,2.08451809486203e-10,1.76935217332493e-08,3
"20039",5.77454698545903e-05,0.999802430886937,0.000139749512550989,7.39580068742636e-08,5.00900335180886e-11,1.22560643583959e-10,2
"20041",0.979616988624631,0.00117419899911887,0.0068610380513183,0.0123001518284884,4.18485747220394e-05,5.77392172127721e-06,1
"20044",0.882884716812691,0.00854092363413924,0.0473892699394923,0.0590654480674755,0.00209217862880838,2.74629173942308e-05,1
"20047",2.56325939342979e-05,0.00745483052834706,0.992519391962621,7.58149640801198e-08,6.89573456236126e-08,1.42788458928626e-10,3
"20050",0.459570112388548,0.470511286430703,0.0648704882385876,0.00502210241090726,2.60089546551836e-05,1.57659833290582e-09,2
"20052",0.0189177625515133,0.000783939529461391,0.0124333451732843,0.94035790402823,0.0275065013462836,5.47371226764682e-07,4
"20054",0.000265501013510109,1.27737105741889e-06,0.999500405536343,0.000214735848655758,3.75939305191876e-06,1.43208373815293e-05,3
"20056",3.09228640949268e-06,1.83876520855878e-06,0.000120355137778292,0.00198989810291585,0.997884265752596,5.49955091416068e-07,5
"20058",0.000354185400672259,0.00108701162863277,0.998545897226404,1.28891555763956e-05,8.62769683776489e-10,1.57259454469306e-08,3
"20060",0.0017884787733743,1.06105971446846e-05,0.000555072219920078,0.99737390206304,0.000255940834006432,1.59955125144264e-05,4
"20062",0.209180044023548,1.82536304167807e-05,0.0055067720192258,0.785129677975763,0.000136759715322584,2.84926357245228e-05,4
"20064",0.000507547678832352,7.51213945052144e-05,0.978162559001445,0.0210763893501095,0.000178218375207726,1.64199900667068e-07,3
"20066",4.99085080084702e-06,1.56199180614282e-05,0.999967209650542,4.68908938830167e-06,6.89676121188073e-06,5.93729995559177e-07,3
"20068",0.0134205123020618,1.36018307205368e-06,5.18671838747255e-05,0.985205207064258,6.59769846673006e-05,0.00125507628206592,4
"20070",0.0187146248053021,0.000203611931953495,8.49871121444557e-05,0.980892829713262,3.53711453611233e-05,6.85752919767601e-05,4
"20072",0.0152110758271415,2.80741304783988e-05,0.980336887113287,0.000268159736521376,2.43055517029038e-08,0.00415577888702026,3
"20074",2.58712935251204e-07,2.72825632721538e-09,6.04802969797621e-08,4.7466190542789e-05,0.999534936026015,0.000417275861953406,5
"20076",0.000567129370493918,1.13827397182806e-07,0.00991813228345671,0.0479744387461966,0.654369261916857,0.287170923855599,5
"20078",0.0041361690285374,0.0024407038270673,0.96374937173714,0.0295576193071013,0.00011521201617151,9.24083982651166e-07,3
"20080",0.000277563757064206,0.00103271679019782,0.998688107588233,1.593181094562e-06,1.8614165176696e-08,6.9245174779426e-11,3
"20082",1.22169909893738e-05,0.996876700565506,0.00310605256006744,4.99568240110383e-06,3.41811420249355e-08,1.98938140464618e-11,2
"20084",0.000608739591801042,0.0124953294150812,0.948442151974787,0.0107982608830457,0.0276552318682102,2.86267074612664e-07,3
"20087",0.0653262541324758,0.000590610690534582,0.918091031320331,0.0159553647912079,6.09200201950244e-07,3.61298652493254e-05,3
"20090",0.0616745835245129,0.0256977458467183,0.912606497894845,2.10051110364026e-05,1.67379518472824e-07,2.43369090698621e-10,3
"20092",0.315439738116396,0.624265595946733,0.014330372157553,0.0452610729152971,1.04510713731862e-07,0.000703116353307156,2
"20096",0.0885618932116117,0.379392988364296,0.00733352255745521,0.51645189302031,0.00824872113931538,1.09817070112906e-05,4
"20098",0.000485619026961454,6.00693241111773e-06,0.000210600022764028,0.831598233553957,0.167694791400142,4.7490637644514e-06,4
"20101",0.000416704291647982,0.00127475552038468,0.998127463478873,7.2645839305494e-05,0.000108428776325107,2.09346349291459e-09,3
"20104",0.0035739555636869,0.0476560747648873,0.000108051800855456,0.536507824124034,0.00140029366431549,0.410753800082221,4
"20106",0.00567626250784904,5.56131350441147e-05,0.993722300695322,0.000495509720179996,5.03066460636775e-05,7.29554088840171e-09,3
"20108",3.75289779561444e-05,7.97266052517196e-07,0.000311616393218128,0.987991397102499,0.0115228213617046,0.000135838898569318,4
"20110",0.377073974575278,0.151835014871168,0.00394226834876391,0.340475380146027,0.126673017274629,3.44784132900461e-07,1
"20112",0.292372788801033,0.0119056577767769,0.686531833527866,0.0091649247549293,2.47639153084222e-05,3.1224086595407e-08,3
"20114",8.48000243138814e-05,0.00161800084291242,0.862739993154711,0.0669392916828997,0.0686158523577491,2.06193741416807e-06,3
"20116",0.000132343642661054,6.3195181596347e-06,0.979041174431544,0.00451270840188179,0.016272765309958,3.46886957952031e-05,3
"20118",0.00083064965656156,0.000212874995287389,0.0560840743330876,0.881043932692632,0.0618258986199707,2.56970246089325e-06,4
"20120",0.00715130650811457,0.0273128136485316,0.959514504290497,0.0052332848227108,0.000788088945420361,1.78472534755519e-09,3
"20122",8.74350428200561e-07,1.70896040003707e-08,4.32020595067804e-06,0.0015645651185225,0.998416281607837,1.39416276573298e-05,5
"20124",0.00123067759791576,0.00232375028915536,0.996437498189267,7.95085948109435e-06,1.92277502026514e-09,1.2114140607584e-07,3
"20126",8.1786426790369e-05,0.995299672836454,0.00461704567664478,1.28904981496232e-06,1.15742858693964e-07,9.02674368478641e-08,2
"20128",0.000202749262787712,0.851031315852456,0.14876591345557,1.89212617626422e-08,1.12704927112595e-09,1.38087487775841e-09,2
"20141",0.000226075845256224,0.0146161496084552,5.85587858896975e-05,0.92787200297734,0.0571370053376616,9.02074453966636e-05,4
"20143",3.48230071430343e-08,3.86203631828623e-09,6.47946229880963e-08,2.73226761844881e-05,0.999964566523611,8.00732053846783e-06,5
"20145",0.0078186463247005,0.00413438403349407,0.981861263366232,0.00618001667396007,5.68796255554712e-06,1.63905786033257e-09,3
"20147",0.000660365986106329,0.000110134840299742,0.99821600215229,0.0010096302802045,3.85147386730293e-06,1.52672321575725e-08,3
"20149",1.18479552257051e-06,3.1336194606594e-08,4.57917710964689e-07,0.00133972913955712,0.998650857139969,7.73967104584047e-06,5
"20151",0.000636695457537552,2.63814038579111e-06,0.000260432306780161,0.938146452338997,0.0609498346726307,3.94708366879254e-06,4
"20153",0.00372278531306447,0.0072747597343957,0.00114237650595702,0.406156340750179,0.581703674370246,6.33261580992592e-08,5
"20155",0.045944201714612,0.0001463643412633,0.953804182347483,0.000104821133638155,3.77538995272559e-07,5.29240084462095e-08,3
"20157",8.15298879859304e-05,8.10527125861546e-06,0.000119970275028385,0.530370454129493,0.469416339200325,3.60123590950914e-06,4
"20160",4.9581783516287e-08,1.00478979123456e-08,1.44817445436069e-07,4.54156327043874e-05,0.999953150140057,1.22978011198877e-06,5
"20162",6.15507328528966e-07,1.07188659832329e-08,1.88415628539993e-07,0.00435749556922152,0.995632955911218,8.73387773739527e-06,5
"20164",0.00111234973076288,1.26772209423171e-05,7.51144883739771e-05,0.0544656188964271,0.944330821502496,3.41816099800281e-06,5
"20166",9.58843011172014e-05,4.90199104009321e-06,0.998945834689177,5.55890160465347e-05,0.000758779508973739,0.000139010493645042,3
"20168",1.65598024854201e-05,2.86440575908979e-07,0.00254880114392925,1.65629296370782e-05,0.00075152683070463,0.996666262852668,6
"20170",0.000241720570819981,2.48628324918606e-05,0.000163042399288066,0.765416498691029,0.234151990630933,1.88487543804416e-06,4
"20172",0.00261998121356529,0.0010961046566627,0.994520147745585,0.00176370961387517,2.99872479864456e-08,2.67830639238595e-08,3
"20174",5.70323786574311e-05,2.32376942202588e-08,5.69217142274196e-06,0.629784248300416,0.203526366883372,0.166626637028438,4
"20176",1.84222974459618e-05,1.63432460097985e-08,0.000134231060282961,6.14722551529355e-05,5.04159176971999e-06,0.999780816452102,6
"20178",6.12239300691132e-08,2.07645679892341e-08,1.60088193342596e-07,2.4291813643947e-05,0.999974880081644,5.8602802109198e-07,5
"20181",1.63071548790635e-05,7.28417219641419e-06,0.996953430135103,8.41056059983235e-05,0.00293798196701573,8.90964807815551e-07,3
"20183",0.00587961066125127,0.000606941849899117,0.00282887217636932,0.990672485469754,8.19498319305855e-06,3.89485953315741e-06,4
"20186",0.117566020755291,0.00355816951893427,0.0213023595097027,0.85346843542492,2.61385066952032e-07,0.00410475340608571,4
"20188",2.40768249653248e-07,2.25020267268442e-08,1.57570282122936e-07,0.000298115278299849,0.999700633426126,8.30455015514931e-07,5
"20190",0.000181268709769505,1.52460751890002e-05,0.999784250603882,1.89806508417694e-05,2.33429571614247e-07,2.0530745908456e-08,3
"20193",0.000271296182426817,7.96544637944451e-07,0.00146224419141003,0.000205349220094113,0.973315663165786,0.0247446506956449,5
"20195",0.00435923774772165,1.44908344541412e-05,0.00125909599178786,0.20962534562587,0.784738292518452,3.53728171438585e-06,5
"20197",0.0213866313193341,0.000380036240000978,0.977195157570216,0.00103803612628962,6.57239062290727e-08,7.30202533502436e-08,3
"20199",8.30426209743945e-05,3.23816843098688e-06,3.60756235496893e-06,0.0808858331704548,0.919022686188513,1.59228927157593e-06,5
"20205",0.000918634234281559,0.998952278391514,0.000118305739603067,1.07777775826588e-05,3.72257780734549e-09,1.34440557233938e-10,2
"20208",0.00296662386685752,5.60492815356053e-06,0.00139361127300158,0.98397783225855,0.0116225123957997,3.38152776376496e-05,4
"20210",2.97195593623176e-06,5.37038429535871e-08,7.37069280737629e-07,0.0150097303017579,0.984982764418445,3.74255073688401e-06,5
"20212",0.000360834571853125,2.83874583961646e-06,0.00011010573249623,0.151546658283691,0.847973100901064,6.46176505630531e-06,5
"20216",0.000191125418294226,4.84950351911888e-05,0.998299888591678,0.00141977620596392,4.05042699065593e-05,2.10478965709477e-07,3
"20219",0.0138852176230471,0.663229928005777,0.317213683036373,0.00561576744221331,5.5399689576563e-05,4.20301248592618e-09,2
"20223",0.00845863945114315,0.000268775714974327,0.989550756550573,2.88153029729243e-06,8.94461640428286e-10,0.00171894585855015,3
"20226",0.949074418179271,0.000290112945013181,0.00368142602566421,0.0467505794354619,0.000203245753802823,2.17660786658301e-07,1
"20230",8.35190253760256e-05,8.24820225213941e-05,0.999827067353181,6.88973513652665e-06,2.64040024475237e-08,1.54597830022804e-08,3
"20233",0.000328956086043529,0.997262481306193,1.88837713233293e-06,0.00238200981479184,2.38540158029722e-05,8.10400036567679e-07,2
"20235",0.143202403820523,0.0340494115644036,0.822488530122504,0.000110264576905767,5.09986178099452e-09,0.000149384815801731,3
"20239",0.220592344691403,0.000488897200042993,0.771656717212462,0.00474525801338764,1.21804696281693e-06,0.00251556483574146,3
"20254",5.46201843963161e-05,0.996487666955325,0.00345688884172091,8.21257188907732e-07,2.75788033894913e-09,3.48835354425532e-12,2
"20256",0.000400689368834253,0.000252431716197657,0.999318014270116,2.85974682179021e-05,3.3142300622093e-09,2.63862404004689e-07,3
"20262",8.27109524526321e-05,2.13207894512538e-06,8.08154674411651e-05,0.423122746597952,0.576709045465373,2.54943783555108e-06,5
"20270",0.000455602652853452,1.9140345428566e-05,0.980460487267012,0.0137010502740526,0.00334959207655245,0.00201412738410098,3
"20284",0.0549806521272906,0.349942699469335,0.00937273816751487,0.585679828953556,2.36535207483854e-05,4.27761555725625e-07,4
"20287",0.00286416645409893,0.000131366396161464,0.99700410145737,2.71626300929306e-07,8.65353999008077e-10,9.32007146843741e-08,3
"20290",0.00471524588752605,0.991460060954003,0.00161511415162763,0.00218790201795465,2.16766302769287e-05,3.58611270612788e-10,2
"20293",0.000978964276314407,0.00207241694662503,0.955810080284831,0.0411298948088491,7.83042520125524e-06,8.13258178982068e-07,3
"20296",0.000631899120939167,8.25212734418138e-08,0.00791087824450496,0.310855089119594,0.663798090838597,0.016803960155092,5
"20301",0.00117030640997696,0.000480242155162211,0.998338195566718,2.82445551031589e-07,1.09379649977945e-05,3.54575938320774e-08,3
"20304",7.51271779820409e-06,0.996021131120154,0.00395807467221177,1.32250170183469e-05,5.6404419432207e-08,6.83980702934124e-11,2
"20306",0.000289213858980014,0.00226932998282635,0.997430908665334,1.05267940564216e-05,9.03254421729835e-10,1.97955489170796e-08,3
"20309",0.21062487005476,0.00391858249592831,0.489725011846529,0.295583542109983,0.000146403922820011,1.58956997941292e-06,3
"20311",0.000797274561770801,0.000800113386789934,0.994610798782711,0.00350660092064786,0.000284040361044219,1.17198703653789e-06,3
"20314",0.000877597403749554,3.28668933856958e-05,0.00176130166543013,0.980176045692021,0.0171517080192734,4.80326140380786e-07,4
"20318",1.1701063018335e-07,6.94431166934644e-08,1.40567674415389e-05,0.000110685996153549,0.999866036420528,9.03436212958007e-06,5
"20320",0.51815684590917,0.00162596036565501,0.000877514851559843,0.477530809114924,0.00179160698245599,1.72627762346671e-05,1
"20326",0.000406813397902357,8.13952597102789e-05,0.00240845523177783,0.958691627290884,0.0384105778555504,1.13096417503427e-06,4
"20328",0.161202505492633,0.00128179889636544,0.000836562810207972,0.836659737704575,1.22614640702208e-05,7.13363214751825e-06,4
"20330",0.848758869149834,0.00414077863617497,0.146821856752705,0.000277020818351943,7.03423945372171e-07,7.71218988758056e-07,1
"20336",0.00280372642912201,0.960513158594909,0.0111684037221281,0.0255141008539548,6.00556119342976e-07,9.84376613503582e-09,2
"20338",0.0040029777808081,0.980280800327526,0.014517710006438,0.00111062469996776,8.78831975602628e-05,3.98770029459012e-09,2
"20340",0.000177581192616724,0.000479264699905932,0.999341069223299,2.02626019520373e-06,1.70389639750888e-08,4.1585019622728e-08,3
"20342",0.0207694649461468,0.978418876845102,0.000394212965520761,0.000106997656604103,0.000264106848380295,4.63407382460502e-05,2
"20344",0.00027538534251298,0.00057410085588083,0.99796040207412,0.00118966096403115,2.37675041283621e-07,2.13088414130268e-07,3
"20349",4.54482253854735e-05,0.000148988327837153,0.99978734912025,1.81099232403176e-05,2.11723318730328e-09,1.02286053735127e-07,3
"20351",0.0118114291420065,0.013849297937226,0.926206786825036,0.0476516368059153,0.000479855434279093,9.93855537141081e-07,3
"20353",0.712727695646577,0.0251768739835909,0.261931027156744,0.000164358273505809,3.29886189145622e-08,1.19509638603961e-08,1
"20357",0.00232166242301584,0.996968281969721,0.000705309178855625,4.74607326716545e-06,2.23658856371891e-10,1.31481075966821e-10,2
"20360",0.703126138932769,0.291922394945363,0.00459966116337052,7.54859413177984e-05,6.97202475027652e-07,0.000275621814704157,1
"20364",0.295613986702098,0.00245497341458477,0.673191856184024,0.0287292768805061,9.87584138941213e-06,3.09773976636962e-08,3
"20366",0.000818353449531508,0.991327897551155,0.000946129173834209,0.00689882721208573,8.78452605693368e-06,8.08733711480933e-09,2
"20381",6.93161114397474e-06,1.11453527602542e-07,1.05382145271299e-06,0.00351629454925636,0.0162911645677468,0.980184443996873,6
"20391",0.548391034549081,0.0166122854709984,0.17833027584572,0.0274417434528257,3.51662526115034e-08,0.229224625515122,1
"20394",0.0189687745468362,1.628127217603e-06,0.000119482141196369,0.977693419168743,0.00090661084508828,0.00231008517091894,4
"20396",8.82227692281092e-05,1.08043809488961e-08,7.54392373973154e-07,0.22067012008689,0.0120447352086184,0.767196156738509,6
"20409",0.000205874890275503,0.000914732994863446,0.624702527674678,0.223436972457129,0.150733959819538,5.93216351665302e-06,3
"20411",0.0298035716232717,0.125804206599156,0.844178073286002,0.000214137552790659,2.01830161628319e-09,8.92047779473359e-09,3
"20416",0.000163301787978418,0.975488284581416,0.024348393419448,2.00736780152946e-08,1.85997202572645e-11,1.18879696139581e-10,2
"20418",1.20803674894063e-05,5.68620167991159e-09,6.82167613098804e-07,0.157954898713927,0.0567969281713607,0.785235404893408,6
"20420",0.00145083880631968,0.96872032231631,2.39549425017992e-05,0.0295785341933287,0.000225330968116081,1.01877342314283e-06,2
"20422",0.0380750911681661,0.000310430054558724,0.961236681577746,0.000334483130710359,4.32719458194314e-05,4.21229993938205e-08,3
"20424",0.0954860340028714,0.0448930789381201,0.859475743056788,0.000145133122794424,6.73446493279608e-09,4.14496121554599e-09,3
"20426",4.67768919650783e-05,0.999831839348192,3.87213715659831e-06,9.06813537395808e-06,0.000108443009255558,4.78057281665184e-10,2
"20428",0.140382127436877,1.51528760287664e-05,0.819750887261899,0.0375733687676599,1.05856656486987e-05,0.0022678779918868,3
"20431",0.256668222359906,0.00408621873406631,0.0222441467633324,0.626145813265941,0.0908539819660445,1.61691071004948e-06,4
"20433",0.000639641525164356,1.52238452237099e-05,0.999201400462109,1.3205639428495e-06,9.25120320568266e-09,0.000142404352356605,3
"20436",6.04964716096787e-05,1.44013178668815e-07,0.00710318655052717,3.61761100325768e-05,7.2783351537839e-06,0.992792718519498,6
"20439",5.77636214350151e-05,1.91187362234969e-08,3.32952357219222e-06,0.525674748742169,0.204603438574808,0.269660700419279,4
"20441",0.016253775800869,0.983028454834665,0.000661007671099453,5.66031789306184e-05,1.58110467556591e-07,4.03968264038845e-10,2
"20444",8.92536438228637e-08,6.09634301205026e-09,8.53013844312906e-08,0.000170350271615292,0.99982701652686,2.45255015349219e-06,5
"20448",0.000111815023344229,0.00100497610440264,0.00948748624495205,0.855333288391737,0.133887438673595,0.000174995561968838,4
"20536",0.00578615679141411,3.62147092638557e-07,0.00015248111015457,0.213622962921311,1.12764117190357e-05,0.780426760618309,6
"20538",0.000417108738355692,0.728403776889006,0.215690167531557,0.0554805924328285,1.32704087918267e-06,7.02736737453149e-06,2
"20541",0.00423721848483597,0.0719941944601446,0.923764325904544,4.25633447782145e-06,4.7275442259508e-09,8.845326832923e-11,3
"20544",0.00311068520507054,0.000713538614602112,0.200872682861644,0.79176582439673,0.00353439986133942,2.86906061403417e-06,4
"20546",0.0102869556675562,0.0066061428932111,0.98235284098458,0.00075404404215687,8.39535225952695e-09,8.01714440972498e-09,3
"20550",0.99167592839783,0.000246564704366277,0.00439349698194976,0.00359785437681414,8.52046430536161e-05,9.50895986743639e-07,1
"20553",7.21980073798045e-06,0.982258148654466,0.0177344715107513,4.27762340036504e-09,1.55085726234565e-07,6.70694863516148e-10,2
"20555",0.00450805646666904,0.993952841339611,6.28178634080683e-06,0.00153226050912126,1.09232093790941e-07,4.50666164408933e-07,2
"20557",0.954077050405649,0.0126703367167099,0.0098373503734938,0.023138280368861,0.000276958272042686,2.386324378527e-08,1
"20559",0.000290332338341704,5.1577284081297e-05,0.999459219257329,0.000197709237212401,1.15865806543988e-06,3.22496972436987e-09,3
"20561",0.00059965670133514,2.60759026685466e-05,0.000777669655670659,0.758367698858464,0.240224298638794,4.60024306827244e-06,4
"20564",6.12239300691132e-08,2.07645679892341e-08,1.60088193342596e-07,2.4291813643947e-05,0.999974880081644,5.8602802109198e-07,5
"20566",0.143797969856212,6.52243066614519e-06,0.79435928895412,0.0617054555017388,8.17464982070168e-05,4.90167590560853e-05,3
"20569",6.24282691447806e-05,1.25726049495077e-07,1.22216136047209e-05,0.893606631405533,0.105893036950201,0.000425556035466929,4
"20572",3.40924300048975e-06,1.78316597982505e-08,7.26389895546224e-06,0.0826320417576587,0.916689051363931,0.000668215904794837,5
"20574",0.00223806828653365,0.00199032817995783,0.995625598081802,0.000143442829939473,2.56201923688324e-06,6.02530437402621e-10,3
"20576",2.78715969062852e-07,6.23328558628907e-08,1.21120075393216e-06,0.000192336106168611,0.999805665402397,4.46241855674672e-07,5
"20578",0.0368704107288238,0.000564144886119111,0.783055956114291,0.174593269604941,0.00491488442774526,1.33423807933603e-06,3
"20580",0.00229062246207683,5.00331646823205e-05,0.851075774453467,0.146518327075211,5.02843679064406e-05,1.49584766564551e-05,3
"20583",1.77047890188768e-07,4.80928143989818e-08,8.64487113989753e-07,9.75537526973382e-05,0.999900920772391,4.35847093453377e-07,5
"20586",0.00267549868308419,0.00165418235448241,0.917128263934461,0.0785388476087576,2.32399410828721e-06,8.8342510663012e-07,3
"20589",0.00561875763321717,0.000150172430640679,0.994216798396111,1.41593102496576e-05,6.67181143449093e-10,1.11562599984219e-07,3
"20591",0.802862788139149,0.0413336591980453,0.000975574018080487,0.154808411053352,3.47685526513628e-06,1.60907361086564e-05,1
"20593",0.000432441116241498,5.9561355289876e-05,0.999507902911989,7.41637398482336e-08,1.20227188422814e-08,8.43002119815196e-09,3
"20595",0.000304315479666535,0.000256389397435892,0.996588730607898,0.00281721404400162,3.3311472797699e-05,3.89981999654071e-08,3
"20597",1.27148914173496e-06,7.92508329535765e-10,8.77331326471049e-08,0.00087122719375702,4.23786266590366e-06,0.999123174928794,6
"20599",3.58487832289946e-08,1.09915900716918e-08,2.20417086091411e-07,3.9122706230624e-05,0.999959591998933,1.01803737744219e-06,5
"20601",0.0190047128724412,2.12731934543016e-05,0.000212135271081214,0.980542516404262,0.000215039263637926,4.32299512331698e-06,4
"20604",5.4005808089099e-05,5.48334198464866e-05,0.999885040527841,5.46164192184765e-06,6.56766730669883e-07,1.83557121174324e-09,3
"20606",0.000670101903303267,6.47013322500464e-05,0.999260665127867,4.51275242746621e-06,1.58371832563914e-08,3.04696850097643e-09,3
"20608",0.0267358852435103,8.00419292308986e-06,0.972984990560423,0.000269496276191288,2.06907899836334e-07,1.4168190527199e-06,3
"20610",1.19772217957874e-05,3.27190988861759e-07,6.60774515440888e-06,0.00117655765963345,0.998803820320169,7.09862258599697e-07,5
"20612",0.000340454971428898,0.150792734147251,0.220847582791359,0.00130705294693559,0.000952759617516454,0.625759415525509,6
"20614",1.42309470963656e-05,1.88869916721138e-07,8.34513111899614e-07,0.0077368036938594,0.992247248622061,6.93353954875911e-07,5
"20616",0.00105273743857616,6.90170477744313e-05,0.00472412401840731,0.993692881674667,0.000422847537272514,3.83922833020822e-05,4
"20618",0.0019558214788072,0.996973445406413,0.000170104678318286,0.000885278643551869,1.53479045203329e-05,1.88838915580275e-09,2
"20620",0.000117579533491462,3.2505212683915e-05,0.999439917818255,0.000360266031589141,2.02046300828787e-05,2.95267738973032e-05,3
"20622",3.79139491133424e-07,9.77826748118352e-08,4.18185781628338e-06,0.00057440925385406,0.99942066569582,2.66270343931021e-07,5
"20624",0.000599132574182921,0.0302184697445574,0.968879629337122,0.000302712866392403,2.93612167674214e-08,2.61165279030937e-08,3
"20626",0.00852893742206536,1.06534892458491e-06,0.769415916838405,0.0126333557703182,0.00104689248263366,0.208373832137653,3
"20628",0.591090785864137,9.68720763038439e-05,0.135653488331951,0.12627444167361,0.000335063727740997,0.146549348326257,1
"20630",0.372086256230319,0.000154409469916094,0.56028448666012,0.05546066865082,0.0120110145068781,3.1644819470732e-06,3
"20632",1.22757538860909e-06,2.40766107519875e-09,1.041197078831e-07,0.00956520936086052,0.989516300223357,0.000917156313024797,5
"20634",0.00121616001311769,4.26350363917331e-05,0.998733117406186,8.06905552866347e-06,1.16667361286551e-08,6.82203938046795e-09,3
"20637",0.000955657488118987,0.992788684936771,0.00623262711802673,1.58547627925805e-05,7.17568767421953e-06,6.61653856166157e-12,2
"20639",8.56155379362874e-05,1.9100515090875e-06,1.12998516043442e-05,0.452813152202392,0.547084215123671,3.80723288748957e-06,5
"20644",0.000529304309481481,0.721994240634151,0.277470600544225,2.1966953418258e-08,1.92300408843242e-08,5.8133151480204e-06,2
"20646",0.333905676105874,0.0137041376517594,0.650787551475696,4.46030562472638e-05,9.79511901395289e-06,0.00154823659140896,3
"20648",0.000547542578898531,1.46472756738203e-05,7.47186841442493e-05,0.993534849920928,0.00582741948783729,8.22052517765622e-07,4
"20650",0.00172234331447805,0.349046126668847,0.649161962063267,6.95251813848455e-05,2.45158843722873e-08,1.82561383462085e-08,3
"20653",0.0421771576314842,0.000260790587394244,0.000263503604650889,0.954560347382607,0.00264291823546976,9.52825583942424e-05,4
"20658",0.000932921504690556,4.04647710138592e-06,0.99886844713175,4.57358912751197e-05,1.21840731225548e-08,0.000148836811109583,3
"20661",0.000565193726449323,0.96092550538647,0.0342775147859308,0.00413263589821188,7.43623253708143e-07,9.84065796845424e-05,2
"20663",0.0274635780519961,0.00162987995665855,0.589470857106014,0.381427718106581,4.45566403881368e-06,3.51111471167887e-06,3
"20665",6.78731306658827e-08,2.9658442860308e-09,1.68341342204576e-06,3.72291972865991e-05,0.999926439029173,3.45775211436571e-05,5
"20667",0.903381155494945,6.11776766197138e-05,0.00354804900424152,0.0878221120299234,4.980075458871e-05,0.00513770503968173,1
"20669",7.15791182688067e-06,3.05032512148761e-08,5.68217890518764e-07,0.0328450297382925,0.000148436075112922,0.966998777553626,6
"20671",0.00613432706948462,0.851984692559307,0.140373569238322,0.00143918486689801,6.82260633736913e-05,2.02613934891666e-10,2
"20673",6.5860206629857e-07,3.51140166600634e-10,4.93951595202774e-08,0.000865445333597718,2.28878834096873e-05,0.999110958434627,6
"20675",0.001561964150793,5.13644772876185e-06,0.00752791531213146,0.749926069685216,1.32795991544356e-05,0.240965634804976,4
"20677",0.0247297144842042,0.00023312099270976,0.584340145583009,0.39002046431421,3.35745037074646e-06,0.000673197175496267,3
"20679",1.6897985596927e-05,1.141453511614e-08,1.46410021379828e-07,0.0354106988168101,0.000648486218031587,0.963923759155005,6
"20681",0.00164235105731426,1.98273515260475e-06,5.89586001035726e-05,0.93557650560795,1.33282378072712e-05,0.0627068737616727,4
"20683",0.165426693716626,6.34214223102041e-05,0.399722318035107,0.430115024987221,1.03529347725163e-05,0.00466218890396383,4
"20685",0.0107933911416711,0.975251891738253,7.89877078201059e-06,0.0138810014379333,6.3934013708663e-05,1.88289765103892e-06,2
"20687",3.012496375449e-05,6.25335890676375e-07,3.7806515121548e-06,0.10986535207159,0.890097938443866,2.17853338706252e-06,5
"20689",6.76265510754275e-05,0.870875679566712,0.129043287671221,6.4174885750615e-07,7.72152164650213e-09,1.27567406125267e-05,2
"20691",1.90798701800125e-07,2.44924118317496e-08,1.97534410407825e-07,0.000263610555380652,0.999735541117095,4.35501999998586e-07,5
"20693",0.000158203210959614,0.00128191722810991,0.998554455591274,5.3873834690437e-06,1.10495557750589e-09,3.54812318082276e-08,3
"20695",0.000660660856943177,4.03208159879043e-06,7.94531762818178e-05,0.997793852075705,0.00145004036379045,1.19614456808546e-05,4
"20697",0.000274866251503256,0.000275547970917288,0.99935443692222,6.77888331055526e-05,2.73594450752455e-05,5.77178261726514e-10,3
"20699",0.00595165605561896,4.63270327312157e-06,0.360202088161715,0.616888704077746,8.18761477927489e-05,0.0168710428538542,4
"20701",0.112204137211392,0.000125191870567596,0.851226769371334,0.0358137675803436,1.92808646655293e-07,0.000629941157715391,3
"20703",0.00566826103050757,0.000378093506891418,5.99503009828567e-06,0.0134341259659462,0.000106356908612228,0.980407167557944,6
"20705",0.0206589098053754,0.00381493616404208,0.97470696599201,0.000819057933885821,7.41670190570734e-08,5.59376676417734e-08,3
"20707",0.0200059968600013,0.000148656770093571,0.00282504364609202,0.977008628777027,7.23884095632019e-06,4.43510582975396e-06,4
"20709",0.000757458719124043,3.1582706805533e-06,0.027159266670958,0.0834288743841123,0.888336660238178,0.000314581716947253,5
