"","V1","V2","V3","V4","V5","best$classification"
"19812",0.031604831584863,0.00172056271476847,0.965445135567901,1.02101078479693e-14,0.00122947013245772,3
"19814",0.880035885948196,0.000718793514802678,0.106369538779876,0.0128669070537997,8.87470332546427e-06,1
"19816",1.53894466376865e-10,0.0199479750269566,0.980052017495536,1.07501771248889e-15,7.32361197205871e-09,3
"19818",0.0123121479744035,0.00768686564777134,0.979323388369952,0.000676105755538111,1.4922523352765e-06,3
"19820",8.57367369167274e-50,0.026789134311957,0.973207436034677,3.07628222821784e-41,3.42965336638136e-06,3
"19822",9.80214126063299e-56,0.989201613348184,0.00314566752957277,1.49293769895514e-36,0.00765271912224252,2
"19824",7.23242222299592e-25,0.906565245972783,0.0934347474149727,1.94308633775816e-12,6.61030094458098e-09,2
"19826",0.216459255194851,0.128440963857014,0.655098938675865,5.21162329806517e-10,8.41751108155919e-07,3
"19828",8.809702156427e-24,0.00560580710632735,0.994362660045988,8.845190157707e-21,3.15328476846453e-05,3
"19830",0.29117868222259,0.168016783788245,0.512843596396503,2.12279967397499e-09,0.027960935469862,3
"19832",2.32721568692998e-10,0.000463767572346106,0.354802684977196,2.28488061868332e-31,0.644733547217736,5
"19834",2.53311112935871e-14,0.0520889261694849,0.947844693940995,3.63728144059784e-17,6.63798894947456e-05,3
"19836",3.66741604959669e-07,0.0333134020587792,0.966654264095044,1.71476772634795e-22,3.19671045718324e-05,3
"19838",0.995138509273745,2.36248767689443e-05,0.00473998018578537,4.81218942312301e-07,9.74044447581933e-05,1
"19840",3.8108968293637e-10,0.0291730937572429,0.970826895758391,2.71618244345338e-22,1.01032764885654e-08,3
"19842",0.745196915371021,0.254801994939078,8.28652178106726e-07,2.01802131138438e-11,2.61017543023075e-07,1
"19844",7.71086372748833e-21,0.108009970487505,2.12542636193561e-12,0.891990028492748,1.01762159469244e-09,4
"19846",0.887107983080905,0.00202225986727045,5.78064260614782e-05,0.11081191646186,3.416390347551e-08,1
"19848",0.0125969604146057,0.000476959517967519,0.00021878804718131,0.986706904161319,3.87858926421533e-07,4
"19850",0.979855530855285,0.0136396726637606,0.00348168850947718,0.00302118109102417,1.92688045353331e-06,1
"19852",1.8998074398534e-05,0.0119348739695775,0.988042060899244,1.27041916256352e-07,3.94001486413854e-06,3
"19854",0.00460092039056561,0.000260898735295456,0.00061361266878102,0.994520768229902,3.79997545602778e-06,4
"19856",4.3146514511712e-11,0.991939758756494,7.09178343525349e-06,0.0080529660897953,1.83327129051755e-07,2
"19858",5.41885778486238e-20,0.999835400777513,4.66636215343005e-05,0.000116205472455475,1.73012849719405e-06,2
"19860",0.000722228824245339,0.0168496426936926,0.982426112960729,1.87753745527855e-12,2.01551945567418e-06,3
"19862",0.999043411011875,0.000929537457189405,2.6932531919013e-05,2.06504103522106e-08,9.83486063347359e-08,1
"19864",8.57708829992758e-26,0.999999987699068,1.34275143471472e-13,1.93665216329634e-27,1.23007979230602e-08,2
"19866",2.21218781500323e-17,0.458147304781474,0.541852694692394,7.94383502991828e-24,5.26131321017574e-10,3
"19868",2.13912740971361e-39,1.23403186487521e-07,3.29229421807479e-15,1.95758854932909e-39,0.99999987659681,5
"19870",0.961665407449142,0.00318696389219153,0.0350988276079527,4.76570998453387e-05,1.14395086876833e-06,1
"19873",0.0247179966165288,0.100544439597411,0.874736894908695,6.40536962020808e-07,2.83404038832596e-08,3
"19875",1.69521866484156e-14,0.0118017297478076,0.988162903857927,1.74079223632316e-26,3.53663942488888e-05,3
"19877",0.0776870940921129,0.0109365109685188,0.911307252206238,4.59992286287774e-05,2.31435045020372e-05,3
"19879",3.16744001862513e-08,0.0252699175240421,0.974685252325676,3.0441374962359e-06,4.17543383859314e-05,3
"19881",0.00167393677832324,0.504729588444403,0.493595983937517,2.86231919088695e-07,2.04607837526051e-07,2
"19883",0.760679491508129,0.202982813549228,0.0363376839452861,6.21730972462613e-09,4.78004705864151e-09,1
"19899",4.38388326724328e-10,0.0840870501922354,0.914171094236564,1.84951218620516e-21,0.00174185513281189,3
"19908",4.6205121840424e-29,0.999998868171524,5.44248954482027e-10,1.21345494405157e-26,1.13128422696853e-06,2
"19910",0.000308308997367481,0.00839124449761558,0.991296215933614,2.92911513054107e-06,1.30145627279057e-06,3
"19912",0.893880703371188,0.106112362004392,6.87714741978911e-06,2.68410633256895e-08,3.06359368225242e-08,1
"19914",1.08291124829014e-07,0.058968588521367,0.940777390253453,5.77769646713285e-09,0.000253907156358754,3
"19916",5.68429663425934e-33,0.999994756827094,5.24137518189194e-06,1.09018396537883e-22,1.79772405509481e-09,2
"19918",0.741315644227448,0.0176061307571977,0.0211781748496007,0.219900048153648,2.01210601382064e-09,1
"19920",0.00427937894377573,0.00268748814106614,7.50810377909562e-05,0.992958048013687,3.86367976480614e-09,4
"19922",1.3271790992453e-11,1.27402248134485e-08,0.000416736919766371,2.16793384561e-28,0.999583250326737,5
"19924",0.0102009079642751,0.0258381151417775,0.93879142693534,0.0251664720461589,3.07791244816109e-06,3
"19926",5.99834095795932e-12,0.0417361118683113,0.941998519122699,9.58677437877212e-27,0.0162653690029909,3
"19928",3.04215831765556e-21,0.999999842047556,7.3409109532417e-21,3.79201082267065e-26,1.57952443806679e-07,2
"19930",0.950896232651313,0.000135283559363209,0.0489612097031792,2.25588939867173e-07,7.04849720501094e-06,1
"19932",0.997655665500981,2.32829357722131e-05,0.00220075240364872,0.000113242117013256,7.05704258488127e-06,1
"19934",1.13317452991881e-13,0.0315592247864389,0.968410636388337,4.64751153387812e-13,3.01388246458487e-05,3
"19936",0.00733629195437014,0.0157617633769899,0.963034966606132,5.9559945106532e-12,0.0138669780565522,3
"19938",5.76881255175787e-31,0.812204280066786,0.187653980046658,6.16981831107631e-19,0.00014173988655539,2
"19940",0.00254118784717523,0.0501018549737895,0.947347572719134,9.26941447050238e-06,1.15045430809576e-07,3
"19942",6.76419545399885e-14,0.999999999486841,1.57661930914472e-12,6.4646304043989e-25,5.11514539285243e-10,2
"19944",2.33315759534262e-06,0.0375632977620003,0.962433514598123,1.23973737270337e-09,8.5324254371277e-07,3
"19946",0.000992493575119109,0.0543258149518537,0.944271055579775,0.000409796490454379,8.39402797720907e-07,3
"19948",4.37870408649959e-09,0.999999995588477,4.76981728246145e-12,3.17099006202367e-18,2.80489597529298e-11,2
"19950",6.43063323081965e-09,0.00108859218252112,4.86319956707666e-09,0.998911259495684,1.37027962324505e-07,4
"19952",4.37870408649959e-09,0.999999995588477,4.76981728246145e-12,3.17099006202367e-18,2.80489597529298e-11,2
"19954",0.989471154075132,6.65679588582852e-05,0.0104228974389669,3.7766463722876e-05,1.61406332045286e-06,1
"19956",0.000136803753711677,0.999372569365962,3.36666330287237e-09,6.5658631988493e-07,0.000489966927343098,2
"19958",8.36052052139483e-29,1.24791697106628e-10,1.98732131453452e-13,9.65010464515102e-32,0.99999999987501,5
"19962",2.1482560628855e-08,0.941367202051709,0.0585002017094591,1.85476503408875e-05,0.000114027105930009,2
"19964",6.7085526795464e-06,0.112678552937579,0.887290807392856,4.6510928335229e-07,2.34660076021098e-05,3
"19966",2.59844838762224e-35,0.707874753672915,0.292124133690707,2.19951113764934e-39,1.11263637784536e-06,2
"19969",0.651525597793326,0.127298059913086,0.221176113824121,4.41270650341587e-13,2.28469025797966e-07,1
"19972",0.0472981915611959,0.818369311288938,0.00721024252585458,0.127121558284236,6.96339775401589e-07,2
"19974",0.0172328291627325,0.012777858095528,1.30034713091387e-09,0.969989310892629,5.48763570649249e-10,4
"19976",0.0222286562621037,0.0565223283327211,0.906198744800547,0.0150494993727593,7.71231869230863e-07,3
"19978",9.40530010974332e-07,0.0126717418787976,0.987327295366269,5.8876295614331e-10,2.16361594309158e-08,3
"19980",0.0516194749697976,0.000196864993887255,8.41407774709258e-05,0.948098843528861,6.75729983208429e-07,4
"19982",0.000751013737001314,0.312955190501265,0.0109270075154278,0.672268958470869,0.00309782977543724,4
"19984",1.58716571272084e-11,0.0184557328019177,2.87380611608607e-08,0.981544237313528,1.1306210229567e-09,4
"19986",2.07788847306192e-38,0.152644984522253,0.847345215424151,3.16178010903259e-35,9.80005359571101e-06,3
"19988",2.06788367031177e-54,0.120302529215211,0.879552251275198,3.68987263849316e-45,0.000145219509590506,3
"19992",1.11807980569071e-36,0.0989491118648569,0.901040235617801,4.0140846148027e-28,1.06525173418603e-05,3
"19994",0.919078460421384,8.23327549082838e-05,0.080760261063806,1.6443027424391e-08,7.89293168747354e-05,1
"19996",1.87254634218432e-32,0.0117290840823639,0.988270115773049,1.06925875165613e-24,8.00144586678357e-07,3
"19998",4.17789395621581e-11,0.999847608026498,0.000152389974823813,6.60413233136777e-15,1.95689265310057e-09,2
"20000",0.000458552332398199,0.0198089758756967,0.000222850776463163,1.5861953902594e-19,0.979509621015442,5
"20003",0.014136345437241,0.00253170641404253,0.982651182280702,5.07035048701107e-18,0.000680765868014722,3
"20005",0.000105306994225504,0.001070640679253,2.19688119819086e-05,0.998802015219275,6.82952648438863e-08,4
"20007",7.92594042145297e-10,0.0463054711624157,0.953682406707745,1.56824981295865e-13,1.21213370887674e-05,3
"20009",5.35905054258594e-33,0.994094165522483,0.00590532071951371,3.15252241312519e-18,5.13758002925132e-07,2
"20011",0.0113984946899795,0.781908896981226,0.184398835023799,0.0222931946924419,5.78612553205434e-07,2
"20013",0.558633101652237,0.0168447116270574,0.144712873387327,0.279803528112132,5.78522124611083e-06,1
"20016",7.01958011839707e-44,0.969846166103403,0.0301247663586118,1.77934003573799e-25,2.9067537985358e-05,2
"20018",6.19055024626857e-84,8.45271338750868e-06,1.04556575286956e-11,2.15815937088753e-78,0.999991547276157,5
"20021",2.17360999694638e-13,0.00602353198749589,0.993931241740887,5.38173280007363e-27,4.52262713999554e-05,3
"20023",7.93497778373974e-10,0.121418220949839,0.878467166728621,5.13581225240655e-10,0.00011461101446053,3
"20025",2.29060299676125e-50,0.040244597510448,0.000491246442220016,3.91146045283447e-61,0.959264156047332,5
"20027",0.96480806159364,0.03194891095182,0.00324034688313769,4.410825304664e-14,2.68057135848842e-06,1
"20029",0.828188947636909,0.165284883164842,0.00652614328153919,2.13177344962564e-08,4.59897602574259e-09,1
"20032",0.997512916676485,0.000153599967364059,0.00232769371122911,4.38122353831425e-10,5.78920679931851e-06,1
"20034",1.30029214927468e-06,0.9999986719778,8.54489164521895e-09,2.39103081267705e-18,1.91851591050204e-08,2
"20036",2.73211291421816e-07,0.996974843325048,0.00301956270274325,3.60396518921281e-09,5.3171569523852e-06,2
"20038",2.67674789961193e-26,0.00749368618065123,0.990248320689933,3.42123453825916e-39,0.00225799312941628,3
"20040",2.06080740866076e-55,0.999006735516134,1.65232115231235e-05,3.00549471093142e-35,0.000976741272343463,2
"20043",2.96515458778221e-16,0.00871450231228342,0.991229583822132,7.3681778216575e-22,5.59138655847407e-05,3
"20045",2.42481357532435e-55,0.452219375894851,0.531315175052183,3.1789488345935e-35,0.0164654490529663,3
"20048",1.44826444087223e-12,0.00595507724940521,5.29675945816851e-13,0.994044855386944,6.73616726243013e-08,4
"20051",8.78914796748658e-08,0.0401572932645742,0.95782725708922,3.29832085075811e-13,0.00201536175439631,3
"20053",1.22815526210577e-13,0.382026810512471,0.617973109039224,2.32748619835227e-08,5.71733200061996e-08,3
"20055",2.24716698991614e-22,0.00506156702797923,0.910633281364109,4.6743130099525e-47,0.0843051516079115,3
"20057",9.28865251386212e-45,3.84846863424591e-12,1.13618986719414e-27,2.06469751478861e-45,0.999999999996152,5
"20059",3.04453196309154e-16,0.502253303849095,0.493933339986458,4.83235312160237e-17,0.00381335616444701,2
"20061",1.50984052440173e-10,0.0898268247778712,0.910168844839384,3.15025358084935e-16,4.33023176074341e-06,3
"20063",1.02817316367695e-45,0.999999925399677,2.52926397847124e-15,6.10353509945246e-12,7.45942166689161e-08,2
"20065",1.84929218854642e-49,1.52830472269117e-05,0.00370433481838246,4.2714379887609e-73,0.996280382134391,5
"20067",5.47580310090785e-26,0.333753245825028,0.663877560779841,1.03765510217651e-12,0.00236919339409328,3
"20069",0.00987214517400838,0.000151577356383009,4.31240690179799e-05,0.989932351017334,8.02383256930167e-07,4
"20071",4.16368810388715e-15,0.980454054730692,0.019542966276407,5.37899083684496e-22,2.97899289642249e-06,2
"20073",0.000180649802907976,0.0780801184442988,0.00150252098810284,0.920236697596481,1.3168209557797e-08,4
"20075",7.36577364776656e-32,6.38856851627908e-10,1.12996741343641e-11,3.23277465555357e-49,0.999999999349843,5
"20077",3.12454654078798e-13,0.0418823786470954,0.958117588523156,1.12071630203809e-11,3.28182294123139e-08,3
"20079",2.23456089378892e-15,0.993681684830274,0.0063177295486882,3.14378136475221e-09,5.8247725417536e-07,2
"20081",5.86692652690581e-20,0.0025498296028491,0.736205239377276,5.4659587031297e-22,0.261244931019875,3
"20083",1.40762372562588e-19,0.999999241917696,8.36857061466591e-09,6.7404126824457e-09,7.42973320915079e-07,2
"20085",2.71474334655895e-51,0.036860475465249,0.962421406747286,2.28049890529629e-49,0.000718117787464589,3
"20088",3.69779380573507e-22,0.0222765821249123,0.977634878955822,1.30893865697557e-25,8.85389192650965e-05,3
"20091",1.88177494605884e-33,3.31415223562028e-07,3.25794920639944e-06,2.12103542178115e-32,0.99999641063557,5
"20095",7.26978857770071e-24,0.999999364858595,4.03210482009848e-07,7.66402911671667e-08,1.55290631824136e-07,2
"20097",4.95438695884264e-51,0.0512590517399009,0.936669303541375,1.99309256565022e-52,0.0120716447187236,3
"20099",1.93416550488128e-23,0.99688090050661,0.0031190994913457,1.98863141357723e-12,5.52310714648523e-14,2
"20102",7.84622000616622e-23,0.0645772794915765,1.56430170896556e-08,3.5437677104469e-08,0.935422669427729,5
"20105",3.97694485245785e-20,0.0312957705372957,0.968703990130623,4.76020067569576e-17,2.39332081278078e-07,3
"20107",2.24986140358756e-22,0.0233763312342838,0.976622800466675,8.13128034093767e-22,8.68299041125438e-07,3
"20109",5.0797480641557e-14,0.726112622609391,0.273598073816323,0.00028930281055623,7.63678780425749e-10,2
"20111",2.17703522953461e-13,5.68593216859395e-10,6.96922021988643e-10,5.37217840353271e-20,0.999999998734267,5
"20113",2.22945582497909e-16,0.199157186946702,0.800842385750917,5.15248270989386e-28,4.27302381324125e-07,3
"20115",0.507182640849392,0.00734928220476869,0.00886054654423676,1.10196235428652e-13,0.476607530401493,1
"20117",4.85590222770973e-45,0.00208989722019365,2.1532953340751e-10,3.20719795975535e-51,0.997910102564477,5
"20119",1.75383079744458e-28,0.80429015067528,0.195709839627453,2.35342961388033e-39,9.69726651265597e-09,2
"20121",9.24801058149592e-27,0.0606096587359773,0.93936912358652,5.11830751431139e-28,2.12176775026841e-05,3
"20123",1.63475036036622e-38,1.75886460161982e-06,4.19321141040803e-06,4.39481575099093e-54,0.999994047923988,5
"20125",0.99592513402262,0.000755379889909367,0.00301420893386782,0.000290497434848846,1.47797187536789e-05,1
"20127",1.45687721121146e-44,0.0724497464023258,0.927525230247006,9.60503883247423e-30,2.50233506680685e-05,3
"20140",1.45741526792695e-16,0.0715466348771131,0.548456052599959,3.33271227047993e-36,0.379997312522927,3
"20142",0.000232638449611118,0.00118170967022431,3.24206801207526e-08,0.998584949016942,6.70442542586882e-07,4
"20144",0.0356062552944699,0.0111455602712895,0.00159830778512504,2.9412719635161e-11,0.951649876619703,5
"20146",1.03817124462838e-05,0.997633613698969,0.00120178867933373,0.000111331569015432,0.00104288434023522,2
"20148",0.221398958187864,0.0166542781812097,0.761876311687858,8.776276262885e-12,7.04519342918366e-05,3
"20150",0.409040687606791,0.00261149817978529,1.99867137634967e-06,0.588345783603281,3.19387665082166e-08,4
"20152",0.105321278571934,0.0242112645995686,0.870406624985382,2.24736298427428e-08,6.08093694847838e-05,3
"20154",1.01622411270266e-46,0.000127194842511989,2.89243986366878e-05,1.51891535998162e-35,0.999843880758851,5
"20156",1.17606751200344e-13,0.92748393219385,0.0717819488548025,6.85866946261268e-08,0.000734050364535484,2
"20159",1.06836972418561e-07,0.0043463287203486,3.24142494062941e-05,0.995600522032071,2.06281612021973e-05,4
"20161",3.77578738350709e-10,0.99716871409717,3.21676708254411e-07,0.0028215590236106,9.40482493212609e-06,2
"20163",3.54259561329021e-05,0.00658898962657623,0.973112720156061,7.94281433345032e-26,0.0202628642612298,3
"20165",8.94710522409441e-18,0.963366527475964,0.00134511557485159,0.0352877631138339,5.93835350601468e-07,2
"20167",0.859069235274786,0.00162330410941554,0.137640621403634,0.00166659956127181,2.39650892932583e-07,1
"20169",5.81915737820559e-09,0.0012148033945042,1.390181934898e-11,0.99878512572216,6.50502763560332e-08,4
"20171",1.90547031312069e-59,0.00042738551092636,1.07186387862993e-08,3.65388769832748e-39,0.999572603770435,5
"20173",3.42312103325521e-29,0.999999999904894,8.77377125227889e-11,2.33205405189363e-13,7.13500623565896e-12,2
"20175",0.267597636395703,0.0276691937200715,0.702260166741591,0.00239254845054029,8.04546920941856e-05,3
"20177",5.32468535930564e-21,0.980082472312696,0.0199175129631598,1.61702914747634e-16,1.47241441960496e-08,2
"20180",7.42354376978854e-31,0.0269688212799022,0.970171554345873,1.53038513485742e-51,0.0028596243742247,3
"20182",1.17971497447107e-19,0.124648349310011,4.15035566919787e-24,1.51730645194841e-06,0.875350133383537,5
"20184",0.000376271584667609,0.00451646691973915,0.000214410504646642,0.994892738852166,1.1213878015222e-07,4
"20187",2.97546889741352e-12,0.999996672338871,3.32727809544336e-06,1.05478892615088e-10,2.74579305575065e-10,2
"20189",1.43084760709434e-11,0.0790093893677623,0.920990609624325,6.8374157307233e-20,9.93603911211333e-10,3
"20192",3.17533153021772e-31,0.260466596169549,7.01074905945815e-05,4.4305453380902e-47,0.739463296339856,5
"20194",3.15680512313475e-06,0.999976601849269,1.79569563292085e-08,2.02226816132154e-05,7.07038448690808e-10,2
"20196",1.48837872997789e-39,0.0131622300174769,0.359366109806906,2.45433023813029e-40,0.627471660175617,5
"20198",2.38168760194603e-05,0.506147333157334,0.474135160137636,1.43043326569056e-11,0.0196936898147059,2
"20204",0.856980458919429,0.000667079685720389,0.000310420379140808,0.142004133162473,3.79078532374996e-05,1
"20207",6.89627070391792e-34,0.191627557397893,0.571721922857789,8.59837717666541e-22,0.236650519744317,3
"20209",2.93666233462802e-10,1.47711730021853e-05,3.25480423764002e-05,4.6538440561894e-39,0.999952680490955,5
"20211",3.28457911449284e-29,1.13469699212214e-06,8.47345713392806e-05,1.97855151215301e-40,0.999914130731669,5
"20215",2.47001039958528e-17,0.048360341046604,0.951639015863615,4.52378708845534e-25,6.43089781272198e-07,3
"20218",0.00724102432286929,0.000449425708900063,7.3362482902501e-07,0.992308446917878,3.69425523438651e-07,4
"20222",3.29997016239172e-23,0.00801857858064361,0.957905849015466,6.65534543078197e-23,0.0340755724038903,3
"20225",0.05221516475032,0.809505743180272,0.00122860040509763,1.13139234151027e-10,0.137050491551171,2
"20229",6.02236793569368e-11,0.974884227117313,0.0163137607721449,1.08469197735118e-26,0.00880201205031824,2
"20232",2.74050211340022e-13,0.0473633883055501,0.949496973329819,2.69458149049865e-18,0.00313963836435724,3
"20234",1.60441701456961e-72,0.00614119296528937,0.00031641186263517,1.82012172100331e-73,0.993542395172075,5
"20238",7.67665724034676e-25,0.246279864940086,0.753686736192724,7.34632509042365e-21,3.33988671892302e-05,3
"20253",8.41684163194439e-33,0.139701490444474,0.8602968261122,6.03496866720263e-33,1.68344332584222e-06,3
"20255",0.957268550616926,3.56905253791641e-05,0.0414998079918746,4.59389158325809e-08,0.00119590492690425,1
"20258",4.01654686765179e-28,0.00924807873102092,0.990743292179312,9.938739925895e-33,8.62908966735839e-06,3
"20269",2.92023950208328e-15,0.0683917129055563,0.931607984564621,4.42754873724983e-09,2.98102270839485e-07,3
"20271",3.36201837235841e-31,0.553853081241009,0.446146473056599,1.85010187435259e-39,4.45702392151563e-07,2
"20285",3.51480574947559e-12,0.999947787472967,5.21013539185087e-05,9.68358666460735e-14,1.11169502335934e-07,2
"20288",8.05675729275612e-18,0.0541833060428717,0.945808216246047,6.65178155727432e-21,8.47771108076258e-06,3
"20291",3.27492538290052e-38,0.0155063106742781,0.0712743980368168,7.13978389650994e-30,0.913219291288905,5
"20295",7.18222702386543e-17,0.995275374106416,0.00472458747894829,1.30293093149333e-16,3.8414635184132e-08,2
"20298",0.996121086311567,0.000268200077385332,0.00360545004778171,3.22616402584587e-07,4.94094686363295e-06,1
"20302",0.000308341396765906,0.149392952948823,0.00327699397484633,0.847020392364581,1.3193149831385e-06,4
"20305",0.997180989901016,0.000813028148370305,0.00200280499262562,1.78568850915149e-11,3.17694013120978e-06,1
"20307",1.81109267588462e-33,0.0301751966042909,0.969616119712942,1.01196737414216e-28,0.00020868368276661,3
"20310",3.41855282456851e-60,0.851120145135415,0.148442079848804,3.77563153717445e-49,0.000437775015780923,2
"20313",4.54613290406051e-11,0.0215867954100222,2.0687642454888e-11,0.978413190888561,1.36352680248845e-08,4
"20315",2.89655045488313e-28,0.018109517013914,0.981888030688246,7.00394103515643e-29,2.45229784030855e-06,3
"20319",6.84835739475843e-38,0.0185851623372292,0.0673921068081232,8.55396974635023e-49,0.914022730854648,5
"20321",1.57264837168355e-31,0.1563617495766,0.843638169388511,2.43275370765901e-27,8.10348883989645e-08,3
"20327",1.33424593931058e-30,0.0347124944006205,0.965287484398715,1.20676324676567e-27,2.12006641536452e-08,3
"20329",7.73950528964481e-07,0.999999125053658,1.9796705364548e-11,1.00961182603624e-07,1.48339910453568e-11,2
"20335",4.98532912410943e-41,0.0339713643498536,0.636715287581607,1.50526773913443e-29,0.32931334806854,3
"20337",6.00089369531146e-05,0.00012747227985736,6.00305375141692e-05,0.999750247458924,2.24078675162158e-06,4
"20339",8.81012617323192e-22,0.0100752470236473,1.22925986758209e-06,2.35477467809763e-46,0.989923523716485,5
"20341",2.57428079800205e-43,0.00297338076488799,4.68517303667348e-07,6.38413705820071e-23,0.997026150717808,5
"20343",4.96393075834295e-44,0.985701997144435,0.013823854662335,1.39148447357547e-22,0.000474148193230003,2
"20345",0.00205048990504843,0.0425029126377663,0.955287143876736,1.64292808518733e-19,0.000159453580449471,3
"20350",1.7751005314575e-24,0.983039431467985,9.99651242950658e-06,2.31320771680795e-20,0.0169505720195856,2
"20352",1.37627650711201e-08,0.000943151090135972,1.31942145230388e-09,0.999056819303499,1.45241787210282e-08,4
"20355",2.93813774329018e-11,0.97820435891271,5.20874258471386e-05,0.0215867670662868,0.000156786565774443,2
"20358",0.00176179623958586,0.998237334233844,1.95801530473085e-09,8.67558406268009e-07,1.01483461064899e-11,2
"20363",1.1056421353829e-24,0.0345650127474702,0.96543494551176,3.36576639106419e-24,4.17407697513539e-08,3
"20365",4.75229544328462e-20,0.000130451867908265,0.245639351329685,3.37064649126133e-31,0.754230196802407,5
"20379",0.0795274935914781,0.00197030001403037,0.208306719977558,3.57735443323941e-06,0.7101919090625,5
"20387",3.37874697804962e-20,0.00916646102913268,0.989960290975187,3.24902673347258e-22,0.000873247995680374,3
"20392",5.5330531322926e-35,2.3365931806153e-07,7.89053587201125e-05,3.18029108603156e-52,0.999920860981962,5
"20395",0.231241675234423,0.0622258822008778,0.706235766479707,2.44933316847786e-05,0.000272182753307179,3
"20397",2.69645898848022e-14,0.999984804523455,4.26779656412104e-21,1.51954605077691e-05,1.6009979933308e-11,2
"20410",1.16924250670654e-15,0.0120173768132895,0.987921417024358,2.9033049839827e-34,6.1206162351887e-05,3
"20414",0.841091473641441,0.0526183077017152,0.0806675876904906,0.0256186365133136,3.9944530396158e-06,1
"20417",1.93510610463402e-94,0.0026156663666908,7.02561682428107e-13,2.68881894674922e-92,0.997384333632607,5
"20419",5.24736743425522e-36,0.0507949683398996,0.949205031646387,3.4945196737242e-27,1.37137960564263e-11,3
"20421",2.54598846260554e-06,0.0322434208289989,0.00743958426004325,0.00142440338441697,0.958890045538078,5
"20423",0.884773274413696,0.00170749866287882,0.00777200128513251,0.103598265056581,0.00214896058171138,1
"20425",0.157855623239057,0.416525858096005,0.107546365457252,0.314301914638015,0.0037702385696706,2
"20427",0.000262062851749638,0.0257614124301313,0.973967488235169,2.50533605298421e-15,9.0364829475679e-06,3
"20429",4.41555391199204e-38,0.999803358085336,0.000195191025460984,1.01661735512946e-23,1.45088920275389e-06,2
"20432",0.757622038743226,0.136690144459283,0.000216159902300859,0.105471491607634,1.65287555624048e-07,1
"20435",3.18458898525982e-09,0.17946143753325,0.806622622291301,7.15044940839881e-23,0.0139159369908606,3
"20438",1.59940231184206e-23,0.309131732681548,0.690868266621931,1.24220227282827e-13,6.96396874420864e-10,3
"20440",2.71121756542794e-32,0.0714844766853037,0.928515409150394,4.43366337979067e-20,1.14164302307638e-07,3
"20443",2.57825248357051e-13,0.547348328577322,8.11419768867564e-07,0.452642114781083,8.74522156775416e-06,2
"20446",3.81876385500755e-11,0.474634235302639,0.525351783804601,2.94947474258186e-12,1.39808516227969e-05,3
"20449",1.1989490748134e-12,0.0894179662972025,0.909996830373037,5.9652201818337e-20,0.000585203328561174,3
"20537",5.80331616437008e-24,0.0256217613749181,0.240752299316264,2.28549453782457e-21,0.733625939308818,5
"20540",1.52250108144066e-43,7.98155255217021e-08,6.59776359062595e-06,5.92825207473547e-56,0.999993322420884,5
"20543",2.10383650522225e-08,0.0174744824901664,0.982344549989316,2.30019664900562e-10,0.000180946252132758,3
"20545",2.96806790886393e-32,6.22891133891992e-08,7.30145927065833e-06,9.15239587851931e-39,0.999992636251616,5
"20549",0.0140905649993939,0.00284098599375204,0.969588175085522,0.00785682769686055,0.00562344622447109,3
"20551",2.4880241640125e-11,0.0252538561656914,0.974609349468918,2.94233800803601e-09,0.000136791398172511,3
"20554",1.96495186085635e-15,0.00626567230994956,0.993727762283148,1.89504026227328e-14,6.56540688130483e-06,3
"20556",6.54761702333352e-10,0.0169766911743798,0.936173499962951,2.90785107605265e-15,0.0468498082079047,3
"20558",8.1195856650246e-28,0.00758900196776403,0.992388758870339,2.57162108946361e-24,2.22391618973294e-05,3
"20560",4.1962050987379e-11,0.0416092014352025,0.958389776404259,1.00554242668703e-06,1.65761494004532e-08,3
"20563",1.82735137608909e-41,0.0687581758137428,0.931190174887782,3.75549529422469e-30,5.16492984754238e-05,3
"20565",1.71990914621425e-13,0.0778662177731238,0.922127072506343,3.36021883353269e-10,6.70938433968875e-06,3
"20567",0.0361985724436769,0.0531860643783103,0.000228007285060918,0.910382380168886,4.97572406636265e-06,4
"20571",4.74024171926062e-37,0.994660056173347,0.0052740434424054,4.99184679482673e-37,6.59003842474642e-05,2
"20573",6.57603106299968e-13,0.0622921911282558,0.937606731025778,2.93109222900199e-09,0.000101074914216841,3
"20575",2.07389174364367e-35,0.210544706176216,0.789455237188227,5.28971351576339e-29,5.66355563615219e-08,3
"20577",5.69081732936009e-08,0.0494290262313006,0.95052362689876,1.2839098064734e-16,4.72899617655078e-05,3
"20579",7.56379154954462e-09,0.105151767950431,2.31394003828557e-14,0.89484822448153,4.22473953333218e-12,4
"20582",2.88263480758904e-41,0.0181089301216191,0.981889271989753,4.8338929869618e-37,1.79788862824446e-06,3
"20585",8.44837313602512e-16,7.92270947547562e-05,0.149498609558606,3.71050061132396e-33,0.850422163346639,5
"20588",3.26603817531006e-22,0.000245253269254407,5.21460713710576e-05,1.74522416306778e-23,0.999702600659374,5
"20590",0.000489285300781415,0.00548774635541453,9.55858813636289e-11,0.994022968223624,2.45936864981567e-11,4
"20592",1.22923521259312e-40,0.0468627138262454,0.953137109540993,4.99987196747328e-24,1.76632761550846e-07,3
"20594",3.93685781649517e-40,0.0168076992094993,0.983168303234403,1.05809362326898e-42,2.39975560974687e-05,3
"20596",1.4050571231548e-15,0.0500364048807201,0.949963594734146,1.22143650888817e-11,3.72918162590261e-10,3
"20598",3.51400388987231e-11,0.0199052299606878,0.980080660986322,4.00497071451725e-13,1.41090174501376e-05,3
"20600",9.47221144349112e-10,0.0155946510775118,0.30355800213789,1.5997501686008e-11,0.680847345821379,5
"20603",0.531657955359105,0.0348784401054185,0.0749592282191764,3.12515623296202e-05,0.358473124753971,1
"20605",2.08022936659575e-25,0.0170471120501083,0.982854491018582,7.13703622016176e-33,9.83969313095989e-05,3
"20607",1.10778356138808e-17,0.0128262103146347,0.987173769046873,8.65837510203767e-21,2.06384925702048e-08,3
"20609",7.81883714081057e-14,0.00441370647796076,0.995578091506469,8.50065400829619e-17,8.20201549192268e-06,3
"20611",0.997598834832595,0.00172957163205354,0.000636578353641755,3.42856579805921e-05,7.2952372942371e-07,1
"20613",6.55569596034436e-06,0.00092625702497123,0.997969557374205,1.01308617605917e-18,0.00109762990486324,3
"20615",1.78007865358766e-06,0.0179985655636371,0.974868437969137,3.0536602586285e-08,0.00713118585196981,3
"20617",9.36423411547375e-10,0.0106547435311318,3.17886217499357e-08,0.989343809598107,1.41414571561358e-06,4
"20619",4.49669776952246e-35,0.0699679067808854,0.930032089235403,4.22231105717395e-22,3.98371134986434e-09,3
"20621",5.68007901844403e-13,0.157936350301591,0.842049404131483,1.17942503163623e-13,1.42455662401088e-05,3
"20623",6.32182164634302e-08,0.380953296657104,0.000211962231486611,0.618834677718719,1.74473889889675e-10,4
"20625",0.00270747769357848,0.0174179245771968,0.00533112606099821,1.55697971350817e-08,0.974543456098429,5
"20627",1.22225436942551e-07,0.0218246768783029,0.978151323750199,1.09243752435784e-16,2.38771460604085e-05,3
"20629",4.90832847988282e-10,0.0314479099148869,0.968429296049615,5.43048633075742e-10,0.000122793001616793,3
"20631",1.09834532474573e-39,0.195261036125373,0.804738846898879,3.34071878740704e-25,1.1697574852485e-07,3
"20633",3.51339285327614e-11,0.00327297450006251,3.07469460645661e-14,0.996727025288648,1.76124523608758e-10,4
"20636",0.00319426666074746,0.982678081972819,0.0141135825373059,1.33957419788329e-05,6.73087148926654e-07,2
"20638",1.63919840178062e-09,0.716859834222218,0.278801592642635,2.52262105573857e-28,0.00433857149594831,2
"20640",1.39923419604076e-22,0.000609525208427919,0.7115316426774,2.44813143339113e-38,0.287858832114172,3
"20645",8.17915028475259e-45,0.0196547566113446,0.979201025200837,5.34999505843572e-45,0.00114421818781859,3
"20647",3.58709801464381e-16,0.0117468775298643,8.94469717719338e-13,0.988252970456026,1.52013214678249e-07,4
"20649",2.21876078614959e-14,0.00463664373487729,0.970419677748811,5.03506726885184e-20,0.0249436785162897,3
"20651",1.13299289326225e-55,0.999677449374945,0.00032142149128673,1.4922109625372e-31,1.12913376816592e-06,2
"20656",1.06325656590735e-29,0.00815330578340641,0.656661810355046,1.15921489607038e-34,0.335184883861547,3
"20660",4.77361396142777e-29,1.03353647216673e-06,3.54470262748198e-06,4.17813437623736e-46,0.9999954217609,5
"20662",5.43123428802184e-09,0.942275539659834,1.83750736386552e-07,0.057724270923043,2.35152147783963e-10,2
"20664",3.28728809904144e-23,0.991925752384993,0.00807424758967042,1.44524195154149e-11,1.08840455608382e-11,2
"20666",4.97637122538058e-05,2.55558755108169e-07,0.00131057462935481,2.20908145774124e-26,0.998639406099636,5
"20668",0.997349167272816,0.000943135359070946,0.000487618730905638,0.00122007257609662,6.06111112591741e-09,1
"20670",1.4765436515906e-30,0.924747560185885,0.0752524235358633,3.4745670707739e-37,1.6278251327993e-08,2
"20672",0.627131038970889,0.000377396595851039,0.000441160783262305,0.371995081688132,5.53219618657755e-05,1
"20674",4.56913601670961e-10,0.0557357325848946,0.94426425480707,2.38701767683343e-13,1.21508835015988e-08,3
"20676",0.213892376852262,0.785951279384345,3.83918246387298e-09,0.000130432375489238,2.59075487216145e-05,2
"20678",0.300795038958399,0.697063346823344,9.16311889418318e-11,0.00214161329700816,8.29617998025285e-10,2
"20680",0.914767382959689,0.00316037677055712,0.0520501096818478,0.0300120237066938,1.010688121228e-05,1
"20682",0.0899674374978172,0.58505639932779,0.324972521306161,1.24200655629551e-09,3.64062622490714e-06,2
"20684",2.47222071936542e-15,0.961777793536344,0.0382198698255107,2.53759274992926e-29,2.33663814316829e-06,2
"20686",0.000585645327051975,0.00018955134458124,7.33423854475694e-07,0.999223943772317,1.26132195094014e-07,4
"20688",1.04848052603034e-05,0.990361127371601,3.65343057164253e-15,0.00962838761541847,2.07716447708265e-10,2
"20690",3.22817769025413e-26,0.000578963964539278,0.00556421148871634,4.7433759139804e-47,0.993856824546745,5
"20692",1.70097265855071e-09,0.0107521163696604,7.16644869448556e-17,0.989247881922331,7.03572066505576e-12,4
"20694",0.998478209846208,0.000366973169267296,0.00115132974192101,1.99082056566299e-06,1.49642203823805e-06,1
"20696",0.754354531155309,0.177098058557525,0.0685197134168362,2.69440833560974e-05,7.52786973760656e-07,1
"20698",2.2232152883326e-13,0.559039398898108,0.440917961412702,1.02371931376451e-12,4.26396879445354e-05,2
"20700",1.04070940570485e-24,0.996875420065995,0.00312451576889889,1.89573666404616e-11,6.41461484634543e-08,2
"20702",1.75215094631305e-41,0.00275970149736289,0.0190013681244882,7.49452754500105e-52,0.978238930378149,5
"20704",3.29321521183441e-09,0.00956971106685408,0.990416418248176,2.05746005948193e-14,1.38673917345e-05,3
"20706",7.56827305384258e-13,0.999702950589103,0.000295722165414337,3.52746927920614e-12,1.32724119867551e-06,2
"20708",0.887941782792306,0.112057751299129,2.40991840400808e-07,2.06456396429371e-07,1.84603277122215e-08,1
"20710",3.7729329149218e-15,0.0046991832165324,0.578052809299489,1.35928585787904e-31,0.417248007483975,3
"20714",1.00781729805295e-05,0.0408456392086959,1.81727362698781e-05,0.959126109673116,2.08938178242004e-10,4
"20716",3.09682793202814e-15,0.0435855075129129,0.95641330124023,3.3558660058061e-23,1.19124685340927e-06,3
"20719",3.51764015719404e-12,0.988700111910133,0.0112998563864691,1.33234025696223e-20,3.16998802858934e-08,2
"20721",5.08294771777339e-43,0.109132616894234,0.890866172292161,1.75635142597049e-26,1.21081360489057e-06,3
"20723",6.76459041622192e-22,0.999995140501063,4.84791861528938e-06,1.01330455355975e-28,1.15803214323621e-08,2
"20725",0.965462536641263,3.04073523399555e-05,0.0343860037820618,3.02052096331884e-08,0.000121022019125842,1
"20727",4.29180715836846e-10,0.966465959236186,1.06504786693525e-12,0.000356494144990157,0.033177546188578,2
"20729",0.999730382982485,0.000159878032230597,0.000109033676172876,4.09261056565675e-11,7.05268185080104e-07,1
"20731",0.996246603545321,1.80129656394507e-05,0.00362716422798749,2.06044942892905e-10,0.000108219055007081,1
"20733",6.07973665761664e-10,0.221828128839058,0.777964273140474,1.13507631183388e-24,0.000207597412494173,3
"20735",6.40320232102887e-06,0.00404627148236911,0.991119583998061,4.52031177118308e-18,0.00482774131724838,3
"20737",0.994185911460897,0.00571689167644983,1.84858910466336e-06,9.53473370995907e-05,9.36449049831786e-10,1
"20739",1.17661147002853e-07,0.00240317289791267,1.52090881183703e-13,0.997596706475089,2.96569948048951e-09,4
"20741",0.781429441597499,0.00340067290692501,0.213873612468317,0.00128541362044453,1.08594068143776e-05,1
"20743",0.357458468283165,0.087644968909616,0.554672100156324,1.2487159165236e-06,0.000223213934978395,3
"20745",3.74498213720789e-36,0.043003982562762,0.956915281173854,8.43487136091394e-31,8.07362633842986e-05,3
"20747",0.996964742672202,0.00272691859416604,0.000269145574337596,2.66229803191599e-05,1.25701789746904e-05,1
"20749",0.993901129162515,0.00426749207407816,0.000436765792153084,0.00128453495427372,0.000110078016980356,1
"20751",0.0929900870290507,0.00483984171691598,0.00508869512152831,5.3284557054139e-20,0.897081376132505,5
"20753",0.981505915128672,0.00344497450098385,0.015031479149848,1.92000649941135e-14,1.76312204766945e-05,1
"20755",0.000303796809115874,0.999696200668758,3.59168790630312e-11,3.29795885158232e-11,2.45322928023112e-09,2
"20757",5.58239055570225e-15,0.99999988743261,1.09667523432756e-07,2.89267586537708e-09,7.18513073950792e-12,2
"20759",1.24353976939767e-29,0.547401000993767,0.452598998790732,9.10727683349923e-14,2.15410274987189e-10,2
"20761",0.209402303767985,0.002074407234457,0.788490863874882,1.61485100978882e-05,1.62766125780722e-05,3
"20763",1.06936186680768e-05,0.224320219019,0.773762876523458,3.42803799790158e-10,0.00190621049607014,3
"20765",0.911962372740469,0.00032811538164808,0.0787127944567703,0.00896899470128171,2.77227198310433e-05,1
"20767",2.76440373004589e-16,0.133927548750209,0.866071479867297,2.67142137435581e-25,9.71382493364838e-07,3
"20769",2.20145452807555e-21,0.0240627582713887,0.0362712769404387,9.94015119320307e-57,0.939665964788173,5
"20771",0.00103267290016858,0.072428358804143,0.912041527967873,0.0144974248972435,1.54305717601272e-08,3
"20773",6.35228227057138e-15,0.999999983496072,8.76577569653466e-10,2.81553432208905e-19,1.56273437797001e-08,2
"20775",0.0811280389153577,0.0277236998500471,0.887298980655571,2.43256493752511e-14,0.00384928057900042,3
"20777",5.88823121628711e-12,0.275102571746297,0.0119511915119057,2.48252312082457e-32,0.712946236735909,5
"20779",0.952982555955782,0.000154731829374513,0.0468218574743804,2.60655485549225e-13,4.08547402024456e-05,1
"20781",3.95740744043223e-31,2.6198769788667e-06,1.98710172813299e-23,8.28597462784869e-34,0.999997380123021,5
"20783",0.0296745311933038,0.0258574190156338,0.934903517762493,0.00956235084532231,2.18118324724357e-06,3
"20785",3.84726487399186e-17,0.999999994950467,4.18794101211903e-16,1.2067298401982e-12,5.04832615525305e-09,2
"20787",0.993151643260934,0.00235949865342507,0.00268794031908562,0.00180091680779161,9.58764277024443e-10,1
"20789",1.07722608327299e-06,0.00586072477929839,0.9940693061849,7.216945950257e-19,6.88918097182145e-05,3
"20791",0.999277770083421,0.0002620394040213,7.0180410689707e-05,0.000389821525146874,1.88576721241601e-07,1
"20793",0.000523636876332664,0.0262611146647953,0.973042046736016,1.44438037115379e-19,0.000173201722856197,3
"20795",0.00334520855091149,0.00873652497454602,0.00436242333283442,0.983555486129825,3.57011882658287e-07,4
"20797",2.09213098987602e-20,3.33360912986368e-06,3.640076445569e-19,1.90789237636022e-10,0.999996666200081,5
"20800",0.00184723412435502,0.000282980715527256,0.0031210199027873,0.994612071320821,0.000136693936509821,4
"20802",0.805139330223014,0.00156427669660373,0.166910333969204,0.0263625055779914,2.35535331869606e-05,1
"20804",0.998488370162967,0.00150036361151696,1.12500517976162e-05,2.55044722324824e-09,1.36232712824572e-08,1
"20806",0.066977633094771,0.000968870971876582,1.44356136808844e-05,0.932038943464156,1.16855515298016e-07,4
"20808",2.63976840145985e-12,0.0148847446837497,0.98511403971779,1.03642862606282e-24,1.2155958203568e-06,3
"20810",0.0102340410972524,0.952651401908637,0.0355000094976143,0.00161349620436302,1.05129213306223e-06,2
"20812",0.773628795284057,0.025282664271978,0.172915475908666,8.63081329928917e-06,0.0281644337219989,1
"20814",0.795394036313697,0.204584115358643,8.81259007458888e-10,2.18443787536758e-05,3.06764668651507e-09,1
"20816",8.31400487142324e-32,0.999718509098203,0.000250236834052897,7.86139470547399e-54,3.12540677440957e-05,2
"20818",0.0153735882490101,0.0128211200444401,0.971098951240597,0.00014443562454291,0.00056190484141011,3
"20820",7.51395142643505e-14,0.0301780210748509,1.01667032835249e-13,0.969821962226656,1.66983167276231e-08,4
"20822",0.935692274444045,0.000481001993499489,0.0637860195569221,3.95933240041202e-05,1.11068152867873e-06,1
"20824",1.56211562978483e-15,0.999999999574272,3.14972232540706e-17,2.22292559082698e-13,4.25503872247007e-10,2
"20826",1.53057794377742e-05,0.000166006161055549,1.48080259987123e-08,0.999818624134829,4.91166511773751e-08,4
"20828",1.44826444087223e-12,0.00595507724940521,5.29675945816851e-13,0.994044855386944,6.73616726243013e-08,4
"20830",0.996495963086938,0.00325343671809324,0.000250146354285384,8.73957319914282e-09,4.45101109918151e-07,1
