"","V1","V2","V3","V4","V5","V6","V7","best$classification"
"19811",0.003280257406279,2.88802034939841e-09,0.365195664615674,1.33368605548334e-06,0.0250923929221427,1.17421869535755e-21,0.606430348481829,7
"19813",4.34333808254016e-09,7.13669649899532e-10,2.29296254811217e-07,5.9803136596616e-30,0.999999765646738,4.80502874039525e-31,1.29363489083266e-20,5
"19815",0.0101657056569294,8.72197056578876e-05,0.989744034030836,1.32402154857602e-19,3.03027473155027e-06,1.01507925805018e-08,1.81053061234948e-10,3
"19817",0.00650362727010829,1.8713985050154e-06,0.618099630202909,1.5095743282916e-07,5.15919440017386e-05,6.34475320482061e-12,0.375343128220698,3
"19819",0.0252534874300638,0.649007388180978,5.45900646712569e-17,4.07583272860543e-39,9.88499575606785e-06,0.325729239393202,5.88317367660011e-70,2
"19821",0.0386426132523065,1.25467899251424e-09,0.597904139001181,3.14969225617129e-06,0.363203123956399,1.18071675121324e-12,0.000246972841997716,3
"19823",0.00134179528760448,0.998558011438295,0.000100192119496865,4.53446921686547e-24,1.14679021715365e-09,1.05705283643233e-16,7.81304985433845e-12,2
"19825",2.21265885371547e-08,2.14888238607344e-13,1.97207698131654e-30,2.72072043041653e-20,0.999999977873196,3.44985359265154e-16,2.87937003370212e-39,5
"19827",0.0208894470767014,6.98683275634366e-05,0.00061523930805869,0.137372323610765,0.000109666693054845,2.05814883082984e-12,0.840943454981798,7
"19829",0.532063579979565,7.63156333492976e-07,1.88684821212604e-08,1.73521314301028e-10,0.305807137114505,0.162128500707593,2.14281021348967e-35,1
"19831",0.163753254388371,0.82125078357287,2.83055711018962e-12,3.257858674497e-49,0.000135273586339288,0.0148606884495893,3.27047520468619e-80,2
"19833",8.9236278286643e-18,0.999992482684082,2.35617667963378e-53,2.1650250752161e-60,7.51731591808857e-06,2.87718120672864e-35,2.56622261511923e-91,2
"19835",0.0386426132523065,1.25467899251424e-09,0.597904139001181,3.14969225617129e-06,0.363203123956399,1.18071675121324e-12,0.000246972841997716,3
"19837",0.00339975452813018,5.64582641128629e-08,0.00953858669272542,0.0174843162021806,3.48441214929094e-05,5.16671278366555e-10,0.969542441480536,7
"19839",0.0534405964987574,2.68110595389422e-09,3.33141084184499e-09,2.5134443494697e-10,0.946555960299046,3.43693833552686e-06,1.64960018457773e-34,5
"19841",4.66668856556518e-13,1.64995697516829e-09,3.00795877011208e-27,0.0227713601673047,0.977228638182272,3.01719693153692e-22,2.17968569347918e-26,5
"19843",0.00106931214026485,1.21018561242664e-10,1.26824893095459e-16,1.01675830735661e-57,0.998887685890836,4.30018478800129e-05,1.57625562639538e-77,5
"19845",6.32249646079257e-06,8.29710956163193e-09,0.796878855932223,1.50029399574185e-25,0.203114813220679,9.66792440983027e-30,5.35279594428165e-11,3
"19847",0.0749674057470046,5.44869650217772e-08,0.912960273001608,4.8530432495548e-24,0.0120722667365291,2.72984008164757e-11,5.94649525236587e-13,3
"19849",4.24067690482232e-10,2.73167300585723e-09,2.35021595881095e-06,4.29960068315211e-27,0.999997646628299,1.31273029993681e-36,1.40824691710657e-15,5
"19851",0.000407542974454066,2.58402062990554e-06,0.0184570096136486,4.39492111212684e-10,1.62082838877498e-06,2.84350738241149e-17,0.981131242123386,7
"19853",6.29315805408339e-06,0.712420072156404,0.000106078981511806,1.59662888667847e-17,4.88031131384e-05,1.20890250985541e-39,0.287418752590892,2
"19855",0.000105601316400403,7.89889482886712e-05,0.00792447983990976,9.6437232490973e-08,4.98510267215362e-05,2.16461344276937e-25,0.991840982431447,7
"19857",0.0330877502090667,1.4773729482004e-11,0.924582194742444,1.91765836446446e-06,0.0423224909120262,7.42422615364083e-10,5.64572090215462e-06,3
"19859",0.0357516604472486,2.0259746193942e-05,0.95366935030985,5.12311214029208e-06,0.000674724719839297,2.34601162515727e-10,0.00987888143012644,3
"19861",0.000772513782330833,2.7476881834698e-07,0.737383819001791,1.72529449112036e-13,0.00682564454953614,2.68154262106197e-24,0.255017747897351,3
"19863",1.88155118429802e-17,1.36992325966773e-11,6.58422473375776e-20,3.1504098222351e-09,0.999999996835891,4.24315524332377e-46,1.39078424655521e-18,5
"19865",7.12080155991925e-07,2.1756159530703e-11,6.37055455710305e-10,0.99792056182315,0.00187657468096798,7.30844014071687e-20,0.000202150756914098,4
"19867",0.00987824656979716,3.44921928845321e-08,0.989468813622958,4.11906503332571e-26,0.000652905251797938,8.84445506082132e-15,6.32456935332889e-11,3
"19869",5.41194697201345e-08,5.22223818211219e-09,3.82445529980105e-05,3.12897915892454e-10,0.976526719408124,8.31692470667585e-39,0.023434976384272,5
"19871",0.0856841264720095,1.76124032741858e-05,0.607381807619151,0.00429350062679954,0.000194776327901063,1.27937670398262e-07,0.302428048613194,3
"19874",0.000161417210158038,5.25966489350509e-07,0.000415263360142446,2.38296824352247e-05,0.000811033764502463,4.79027315938856e-20,0.998587930016273,7
"19876",9.82222262265908e-07,8.41054304098868e-10,0.00239508871565315,4.56600609615179e-07,2.07866711203824e-05,1.50070211791638e-25,0.9975826849493,7
"19878",0.614090805809613,1.7964856184453e-09,1.33677022641994e-11,6.67608898042984e-28,0.385908825030252,3.67350281403601e-07,2.84846243598081e-32,1
"19880",2.40930331859726e-10,2.38641796034165e-10,1.34635178012785e-13,0.999700218911458,0.000299510606588714,1.27110769480028e-31,2.70002246780941e-07,4
"19882",0.00147824915952424,7.22980361637458e-08,0.155426614285944,3.51040924275489e-14,0.843049146970235,6.33048581952971e-28,4.59172862258739e-05,5
"19885",0.0161601215990164,3.47035928666343e-09,0.983284476510342,4.80255567082819e-08,0.000408048471607342,1.84433287216306e-05,0.000128858594396819,3
"19907",0.00681605659449952,1.08391298917715e-08,0.976371189793213,6.01968039977863e-22,0.0168127126138497,3.22586089998514e-19,3.01593081405819e-08,3
"19909",0.344140012542773,1.6530632986424e-07,0.00230967013310227,1.41023268743334e-24,0.00350972313838476,0.65004042887941,1.06656576309418e-38,6
"19911",0.957155484339525,3.75861318543768e-07,5.27954164506797e-07,2.22801797619932e-09,0.0424541388105153,0.000389470806458232,7.20109976315534e-25,1
"19913",7.11649762638917e-14,2.00390949744844e-09,6.24252176706308e-23,0.99970529274016,0.00029470525582509,7.21474422615416e-28,3.46536380886083e-14,4
"19915",0.000309623882693866,4.66783195371578e-07,1.09900387212075e-05,0.985940170445987,4.6869120721103e-05,1.16820752575769e-19,0.0136918797286815,4
"19917",0.000496305932929735,8.35449794387666e-08,7.02002274259427e-08,0.986994705895048,0.0124915508795301,3.01441391833232e-16,1.72835472854386e-05,4
"19919",0.00927901886169626,1.27828704389988e-06,0.0145071749883587,0.0494754462087882,0.000297261609486216,4.19015704076487e-12,0.926439820040437,7
"19921",0.00499280871071861,2.70660925029862e-07,0.987873100902953,1.09354561103556e-13,0.000108545930108913,1.50098375144861e-13,0.00702527379503431,3
"19923",0.976987433780839,3.79221291803888e-05,0.00119873425497631,5.58791962820198e-32,0.0217759094202526,4.14751690327453e-10,7.85638569815696e-22,1
"19925",0.000177721633710271,2.38486162567619e-08,1.94416120227396e-07,0.998608544546444,0.00066794542447461,1.10104165620142e-18,0.000545570130634517,4
"19927",0.00117986335089312,1.71108730716444e-05,0.998510794492555,2.91574236235423e-14,3.53194737725503e-06,9.68759570202968e-14,0.000288699335976616,3
"19929",1.39202255153599e-17,1.39756722738738e-11,9.37810447361672e-18,0.00635317321008102,0.993646826774604,1.89753990035607e-42,1.33877688119171e-12,5
"19931",0.0196483972755616,1.33803146865126e-05,0.980305939447051,2.30779546056299e-15,3.22707801735626e-05,1.06710808545708e-08,1.51144348025754e-09,3
"19933",0.649298867639859,1.94071758000832e-05,0.0670861374214103,2.35587876026858e-12,0.000302271753668284,0.283293316006906,4.7110186455338e-18,1
"19935",0.75787581105988,4.23832022952251e-12,0.0872470887758106,1.48750991171639e-12,0.154830137639973,4.69625186100682e-05,1.22413964605593e-15,1
"19937",0.00337459613644018,9.76838410496106e-05,0.996469601438518,4.75807552707997e-17,5.76118508279048e-07,1.1789559186039e-11,5.75424536943247e-05,3
"19939",0.781072449661702,3.75234447770042e-06,0.211486234107031,7.86300598496077e-11,0.00743375618990826,8.68346404562307e-11,3.80753141550631e-06,1
"19941",0.223164988347612,2.04711565490361e-08,1.44036475707511e-10,1.51309400446248e-09,0.776800864716636,3.41248074649954e-05,2.59672776005091e-28,5
"19943",1.75006775233639e-07,4.23756739226664e-07,2.3640561824376e-11,0.997461758059167,0.00163876730572334,6.09078759401049e-22,0.000898875847954602,4
"19945",0.68516518787148,2.1952526379835e-05,0.179320099481998,5.72312564742464e-14,0.00253085745324398,0.132961902666841,2.15901051700296e-22,1
"19947",2.01398437701546e-05,1.18499738850493e-07,3.2489425591108e-12,1.23252368257822e-08,0.999979729327732,2.73728767979091e-13,2.20991593099768e-26,5
"19949",0.990018147941864,4.83885532627511e-06,0.00025703159987478,1.12078825093933e-29,0.00961793263245556,0.000102048970478829,2.97712886443556e-27,1
"19951",0.384075751483534,4.11870712481293e-07,2.48773505900146e-05,0.255992357920243,0.359900930276152,1.61411495835705e-11,5.67108262625998e-06,1
"19953",0.0277021066250005,0.972251610515224,7.07547419396394e-14,1.43878385224244e-53,1.99130357450548e-07,4.60837293473447e-05,1.93308301995177e-57,2
"19955",0.79429403435616,0.0013127579578757,8.7915964412309e-07,9.02126576604341e-38,0.201730623571629,0.00266170495469051,1.29671743109586e-60,1
"19957",0.115347428981604,0.818971417535642,4.70359518754923e-05,0.00134234204546314,0.0642914961183609,1.27999335313731e-13,2.79366925828508e-07,2
"19960",0.116359275740721,2.22659863940907e-10,4.72896371982075e-09,2.6142807385737e-19,0.88318117282971,0.000459546477946198,6.11283585740598e-40,5
"19963",9.44144987836079e-15,0.999612520785721,1.75141226016221e-38,2.95257280034216e-20,0.000387479214269518,5.49505877406607e-31,5.52165240356523e-47,2
"19965",0.557848535024232,2.07274977666723e-06,1.36391390900449e-09,9.54434134822399e-45,0.435783616983658,0.00636577387841902,9.80183876582037e-71,1
"19968",2.74043100542541e-06,6.0784255623267e-19,3.68162420205566e-09,0.000210055796721643,0.999787199611193,3.07759402550812e-15,4.79453001864023e-10,5
"19971",1.88474615617807e-12,0.451517824718878,8.62851695770259e-39,3.0347830522445e-08,0.548482144931407,1.59664857057072e-17,1.28051684041791e-52,5
"19973",0.000844319056336905,6.30244667401118e-10,0.0490319114155122,0.000118362737076053,7.13361454742065e-05,3.91822466424173e-13,0.949934070014964,7
"19975",0.000504043320040761,7.24482167408918e-12,8.28454845799076e-07,0.951270966154681,0.0482150081234088,3.99213803727561e-16,9.15393977860726e-06,4
"19977",5.25460964667694e-10,3.09664797144563e-06,2.89057160358161e-28,3.5980790488423e-13,0.999996902826208,4.63695325948616e-29,6.56794695591936e-31,5
"19979",0.00364486561331233,3.31441571029533e-06,1.23693996502947e-18,7.20388436924722e-31,0.00579908623017618,0.990552733740801,5.5457282357683e-70,6
"19981",0.0221333116044944,4.90555810850892e-07,0.977602253387524,5.58712197413687e-14,0.000262346555161756,1.59789691854857e-06,3.50042412879849e-14,3
"19983",0.0862939991876523,1.99685943373026e-08,0.911571993794392,4.00562248164533e-17,0.0021339355122239,5.15293558108437e-08,7.78152815749270e-12,3
"19985",5.46361326817014e-05,6.30293811778531e-09,0.000265822421020023,0.0825009470155175,0.00132170414143025,7.13590992411295e-23,0.915856883986412,7
"19987",0.95259322144183,1.9544358664509e-07,0.0327057237212594,0.000963571068385949,0.0106658536285099,7.88781657719657e-05,0.00299255653065664,1
"19989",0.0343482730661438,0.000136897356852476,1.3460283018713e-13,1.01036901248188e-48,0.000495277740898066,0.965019551835971,3.26565579671511e-76,6
"19993",0.94465935607389,1.05098359255716e-07,1.35121118428811e-05,3.426259534953e-08,0.0530463373087197,0.00228065514459025,2.91204538520335e-15,1
"19995",0.912095829731081,3.1350616368939e-09,0.000460218001025406,1.59707619241509e-09,0.0815374659358323,0.00590648159992329,1.16742813875884e-19,1
"19997",0.00539355514050734,8.88939589531411e-07,0.706783397749154,7.51533411875612e-07,0.000316646003225049,3.86178296232727e-16,0.287504760634112,3
"19999",2.86022804313577e-05,6.5245165947586e-09,1.04082408200409e-05,0.99850997509021,0.000552551587446348,1.14424259035021e-25,0.00089845627657527,4
"20002",2.2391647723512e-16,3.67818501284777e-11,1.4117328425119e-30,2.34877461921071e-17,0.999999999963218,1.70068980901798e-33,6.98800021744133e-32,5
"20004",0.938955689832756,2.47154077607412e-10,2.11226368319882e-05,4.50534785384058e-14,0.0521870782089755,0.00883610907423734,2.9874224045772e-23,1
"20006",0.0870702424904025,2.72037952387365e-08,2.29298838446496e-11,1.06958779862382e-24,0.912929729733241,5.4963173067002e-10,4.39040368291753e-36,5
"20008",0.263129373066554,9.29860168574404e-07,1.53941511994792e-13,6.67456648658169e-27,0.736869554431807,1.42641317081707e-07,8.7137584752272e-44,5
"20010",0.421756397527572,7.83483536897337e-05,0.00100094918493232,8.24435222458564e-23,0.00607727317665339,0.571087031757152,3.80091327263053e-26,6
"20012",0.000140784422423772,7.19742665175928e-10,9.72076810133699e-08,0.0250759002947791,0.974783216663128,1.19818551806203e-23,6.92245931111364e-10,5
"20015",0.00573886687452177,6.50089549534941e-14,2.36363691971197e-14,4.04484881929319e-38,0.0296535067177689,0.964607626407621,2.0964208455634e-71,6
"20017",2.64817262386269e-05,8.99724160608034e-10,0.0201270749866322,1.22627812109656e-05,0.000151660744005968,7.15764249171522e-21,0.979682518862188,7
"20019",0.00068031699603284,2.45249763383881e-06,1.4460794961867e-24,7.40058533446754e-52,0.0113269176547926,0.987990312851541,3.16191623536483e-90,6
"20022",0.232175084994691,1.79786297516278e-06,0.00695359334110292,4.29110536905841e-21,0.0017733587730265,0.759096165028204,2.46856682462222e-30,6
"20024",0.0026286980124378,0.982618153492063,2.2272048885665e-28,1.01761685565599e-73,0.0140832855301905,0.000669862965309289,1.73076235506641e-95,2
"20026",0.0026286980124378,0.982618153492063,2.2272048885665e-28,1.01761685565599e-73,0.0140832855301905,0.000669862965309289,1.73076235506641e-95,2
"20028",3.98044572694707e-05,8.96940997185972e-08,0.00189571778084314,0.000498477111559064,3.13730132783099e-05,2.31159993374826e-23,0.99753453794295,7
"20030",0.0250842390324804,1.59643867122487e-11,4.18434840898818e-14,5.87579615913458e-23,0.290915351085721,0.684000409865792,6.25396635165143e-46,6
"20033",0.184891465855746,1.49700305299267e-05,0.0174260153467547,0.770019679238076,0.00697393529100655,9.73642312895716e-10,0.0206739332642441,4
"20035",0.00496837607476325,3.45438601264584e-05,4.36992345233442e-24,1.63223259875209e-54,0.0429540058447749,0.952043074220335,4.54273157961282e-93,6
"20037",0.00480538414802884,8.14509055700822e-07,7.12436610486737e-17,4.18021998397435e-59,0.015130930088188,0.980062871254727,8.95248424621004e-93,6
"20039",1.019910213886e-09,0.999999998792132,2.48490833079634e-39,8.69811733028242e-103,1.77995093065368e-10,9.96293897271889e-12,5.06629663224232e-120,2
"20041",0.992024143141223,4.84360938028809e-05,4.59047944292582e-05,4.25474876675336e-20,0.00788151312428263,2.84626187828587e-09,1.72104716168933e-24,1
"20044",0.951601663575774,0.00107597731637564,4.32848828790031e-08,2.4230545916396e-17,0.0473223155569673,2.65999532100772e-10,5.55217509979515e-28,1
"20047",0.000118381522144198,0.00156830433418573,4.66010492799344e-29,1.30300125894847e-45,0.0162376447514728,0.982075669392197,4.42372745330464e-101,6
"20050",0.719767505074673,0.26173018787733,9.1726496895197e-11,2.57165037977319e-23,0.00154691272174389,0.0169553942345275,1.962069881179e-32,1
"20052",0.689761797043411,0.000536943682998409,0.251558397904969,0.0462464306688773,0.00460786162726117,8.9212271502111e-06,0.00727964784533311,1
"20054",0.212817040089249,3.71534177495506e-12,1.84723425631926e-06,1.0133063732396e-21,0.0566380824035143,0.730543030269265,6.87337126231293e-50,6
"20056",0.00014676030086163,8.28007959574579e-08,2.88298563972274e-15,0.710542878774136,0.289310278010245,2.0411518711199e-14,1.13938105108868e-10,4
"20058",0.0332738030526383,3.85268667910139e-06,1.90889819332418e-13,1.72804236218815e-55,0.00222353567634811,0.964498808584143,7.67380590716117e-81,6
"20060",0.231067878733187,7.1330953416214e-08,0.762372926386724,2.22031802013945e-10,0.00130414393486384,1.34747062190778e-10,0.00525497925749264,3
"20062",0.323693690605449,6.56114728023162e-08,0.667771282438195,1.29313828598426e-09,0.00853203398129023,1.21498516365934e-06,1.71108529168017e-06,3
"20064",0.287445292715433,3.52190370447107e-08,0.0144739495380484,4.12448235285647e-09,0.00336812766801565,0.694712590734983,4.4699346305806e-17,6
"20066",0.000173783081836159,1.62964722759561e-09,1.41968430053639e-21,8.11637414700144e-34,0.0730895206340159,0.926736694654501,4.20453336627806e-70,6
"20068",0.00484463480880124,5.08378921374691e-09,0.9869043449519,5.98275994470832e-13,0.000792096136686938,6.20132457710912e-17,0.00745891901822473,3
"20070",0.0134444744323334,0.000974977269693748,0.985561613700986,6.71411491702782e-22,1.89339640317754e-05,4.36143366378155e-16,6.32954579724881e-10,3
"20072",0.101025878917358,3.1618222233308e-08,1.13973046075929e-09,1.35566980715081e-50,0.87562640817241,0.0233476801522794,1.58921439221783e-78,5
"20074",2.96497012709913e-16,5.90120014576629e-11,1.20494115882655e-21,0.987046495883162,0.0129535040555445,6.16569538608448e-39,2.28124363855964e-12,4
"20076",0.000223822358592886,3.0129455652149e-13,7.95489307367135e-05,0.00575017062998552,0.993946458070125,1.34546660447301e-12,8.91318004135989e-12,5
"20078",0.988293791507113,1.37504696655691e-05,0.00206799098262986,1.18095057145728e-14,0.00179564047828381,0.00782882656229575,7.58452605913433e-29,1
"20080",0.00406295278603873,5.14418432635308e-06,2.38893911242215e-16,1.83319765476996e-38,0.00314465141747279,0.992787251612162,3.0191182826682e-68,6
"20082",7.18414292130227e-06,0.999949501252141,3.3297397166449e-24,1.10475787187535e-56,8.27845657463247e-11,4.33145221535016e-05,6.83239912616986e-78,2
"20084",0.973350230014343,0.000994460172894939,7.37777918990653e-09,1.77134855362701e-08,0.022569530655619,0.00308575406587894,2.47881329793182e-25,1
"20087",0.967804370266489,1.1129951091208e-07,0.00112489858896102,1.14489447920573e-29,0.0179837363088811,0.0130868835361576,5.74724606148885e-43,1
"20090",0.00385204204499733,5.48317286217275e-05,1.31180010384429e-17,2.47525097188233e-38,0.00256148977743562,0.993531636448945,1.20207458752679e-65,6
"20092",0.00321623347097048,0.996782329550508,7.70553002520948e-07,1.86376671643937e-65,6.664248535521e-07,6.65998629029031e-13,4.13333658373009e-59,2
"20096",0.0925447667810386,0.907408474664731,7.13317816202259e-06,4.52840293528977e-19,3.96253747993252e-05,1.2691871722071e-12,1.70860717632426e-18,2
"20098",0.0894294704223934,5.19744549704272e-05,0.0369303964255368,0.27632036097721,0.00126658024492383,2.67541974269357e-11,0.596001217448211,7
"20101",0.166472819477475,0.000182214380350567,5.55405881155586e-13,1.78414165942501e-16,0.0755292860923922,0.757815680049226,1.21068917393634e-46,6
"20104",2.44678338972601e-10,0.999999929183345,4.27508949681951e-11,2.10444689564182e-47,7.05292262040349e-08,2.43059064998956e-35,5.49518077852413e-34,2
"20106",0.0228966310642051,3.31778348839056e-10,2.02361956740247e-08,2.00817706607287e-15,0.00895160550203248,0.968151742865786,5.79276380586639e-32,6
"20108",0.0210041457063338,9.84865065421689e-08,0.975247346637883,2.48959288100532e-06,0.000819669071249551,1.06813960688771e-11,0.00292625049446413,3
"20110",0.679083732307499,0.315274993496498,3.34942937649139e-09,1.83132676187751e-07,0.00564108750743756,1.40300655603054e-11,1.92430191286773e-10,1
"20112",0.649308750414565,0.0005548402071084,1.78870855610361e-07,3.60656546777059e-21,0.0150441309039476,0.335092099603523,2.2443918799512e-38,1
"20114",0.989508645872761,3.86203072499688e-05,1.14396960651359e-07,1.40103464991605e-06,0.00766611373227228,0.00278510465610564,5.82610499858598e-16,1
"20116",0.44261236057708,7.29129565393302e-10,1.29346632090445e-05,4.28014167051796e-07,0.23073974259479,0.326634533421624,6.59889761306777e-25,1
"20118",0.359975053486541,4.55330918943004e-05,0.634834325143835,0.00372575946967331,0.000513300945065028,0.000900898551392006,5.12931159925128e-06,3
"20120",0.786672317021604,0.000914257030590785,2.33016442658299e-11,7.69584568158803e-16,0.0148145631566962,0.197598862767807,9.76045589049449e-25,1
"20122",9.86840012276941e-08,1.15585242367886e-10,4.67057073806071e-11,0.998137506051159,0.0018620712156816,1.12019324509688e-20,3.23886867164606e-07,4
"20124",0.749272635853295,0.00285526629915463,2.0594346024937e-09,6.55382596850563e-48,0.041511855257726,0.20636024053039,3.47393152318665e-77,1
"20126",1.13178036568431e-08,0.999999957229263,5.24623901058401e-32,6.41923268765885e-68,3.14527480392408e-08,1.84819918474126e-13,2.2228024608654e-103,2
"20128",4.13879924427629e-08,0.999155281612397,3.21442727557662e-42,6.70611663088555e-82,0.000163798896009623,0.000680878103600998,1.76898958111098e-145,2
"20141",1.56301925273622e-06,0.999998159947937,2.75418626129591e-07,2.07909532782286e-25,1.61411933120855e-09,8.69901314748687e-25,6.48232913634077e-14,2
"20143",1.95583499448042e-12,1.19217459579896e-07,6.86108557891749e-29,0.000439509021146971,0.999560371759438,9.97431111266329e-35,3.11763321991109e-26,5
"20145",0.0577088185809722,1.084714032969e-05,0.000292626006267341,1.09282365500381e-17,0.000292522957161224,0.94169518531527,7.32318277568105e-26,6
"20147",0.203983104728839,4.16224024289224e-07,0.00274106174443865,5.03360712438866e-16,0.00179899363798143,0.791476423664716,5.56048339097676e-37,6
"20149",9.3209533293717e-08,2.24205434253611e-07,1.78394252394496e-10,0.99069920868119,0.00910849050947182,1.81418279102685e-25,0.00019198321597608,4
"20151",0.0060225276457921,2.33067864227119e-08,0.010692582207816,0.0289627350817246,0.000160004468942429,4.93832917249465e-12,0.954162127284,7
"20153",0.342595932994796,0.149314499245143,2.17840339131696e-09,0.505934841305822,0.00215044539911694,4.38398284386851e-12,4.27887233468493e-06,4
"20155",0.380015478675324,2.7052320734112e-08,1.93664052428938e-06,7.65911404242179e-26,0.0352224342154521,0.584760123416378,9.98677116294848e-48,6
"20157",0.0425268793100492,1.65917104398097e-06,0.000181495456304361,0.347111967555609,0.0074944929701609,7.98325972102828e-15,0.602683505536824,7
"20160",1.51400192543591e-13,5.07894814787191e-10,4.49774092717827e-21,0.999822431950578,0.000177567532460189,1.20285390828173e-29,8.91536008180229e-12,4
"20162",1.12200422256075e-08,1.99173980413736e-09,3.52787264348444e-10,0.998165515527519,0.000370519250900518,3.69412121927763e-28,0.0014639516570108,4
"20164",0.00881008520916757,1.06530911182064e-05,1.4357088861664e-09,0.887389906568559,0.103789259355791,4.56696949897496e-17,9.43396549258861e-08,4
"20166",1.85328837559787e-05,1.48528216462391e-13,3.33382957232799e-20,1.01546934840704e-21,0.998663994008725,0.00131747310737047,8.30135616081162e-56,5
"20168",5.92281911987811e-14,4.96536857291197e-14,4.0059586875254e-25,3.9479647780645e-27,0.999999999999891,4.78237858985772e-20,2.05651233789873e-59,5
"20170",0.000749097024312859,1.05323014215339e-05,4.38823519153799e-07,0.999044605210894,2.61235344073348e-05,2.58298653420714e-15,0.000169203105442416,4
"20172",0.0474533812594647,8.31450281260529e-06,0.00165170408439529,4.57217471127223e-32,9.55726087221871e-05,0.950791027544605,9.87048034728195e-42,6
"20174",1.80393078956543e-07,1.13573569382043e-10,0.00409205426071643,3.00787721231736e-05,0.00560269081838403,9.31972334395102e-29,0.990274995642124,7
"20176",4.81427176637543e-08,7.72575098685638e-10,4.84652513173086e-13,1.01052860451935e-28,0.999999951084223,7.94716927167651e-22,7.03382586504063e-45,5
"20178",2.40283256343121e-14,1.52545688636986e-09,7.84579399180994e-23,0.999769009799247,0.000230988674795757,1.65337239225411e-29,4.76036863884882e-13,4
"20181",0.00500363118008067,1.65984688308172e-11,3.27251286399611e-16,1.8164211114046e-16,0.389891836260528,0.605104532542792,3.48878177439446e-38,6
"20183",0.0164888485577209,0.000315454687353053,0.983192699659237,1.06432715563684e-17,1.86869499132213e-06,5.72681546739928e-08,1.07113254261773e-06,3
"20186",0.189595907854328,0.000725830124209605,0.809280717738117,3.13888443794863e-46,0.000397536236759706,8.04658603048772e-09,2.65717990580404e-31,3
"20188",4.32798765006382e-10,3.77318364122172e-09,1.59281081160055e-18,0.998804320785932,0.00119567493218519,4.51212818255843e-29,7.59006337992117e-11,4
"20190",0.00468723050623064,9.49361331621056e-11,4.68331175247972e-13,1.49349390089771e-31,0.00720585125159544,0.98810691814677,7.35446477083867e-57,6
"20193",7.28710744077793e-12,2.07284277934673e-10,2.444179956169e-27,5.9950889298316e-08,0.999999939834539,1.16613248227714e-22,3.54285518904856e-39,5
"20195",0.315400235205634,7.97490238544831e-06,1.43194376047337e-06,0.562457881488498,0.122132427771882,7.1232904518133e-11,4.86166067792617e-08,4
"20197",0.129716237653799,4.72190470046964e-06,0.00111382199155109,4.72189110511065e-27,0.00434684680184694,0.864818371648102,1.02667007613579e-41,6
"20199",3.96911915695027e-05,3.91675887686508e-06,3.33495776837804e-10,0.999664403529868,0.000291842542610038,1.78467457640061e-23,1.45643579743214e-07,4
"20205",3.19905661690859e-05,0.999968007780797,1.92230695346181e-20,8.73396096490377e-65,8.87145427221442e-11,1.5643197729237e-09,1.08449879403429e-73,2
"20208",0.92291228974023,1.39539925103916e-05,0.0636471695682423,0.00178005384516649,0.0114121386718243,4.66225235182704e-09,0.000234389519773964,1
"20210",3.51241711401417e-07,1.01981346468127e-08,9.55649462371488e-10,0.999816150105699,0.0001239699016415,6.17416654114677e-25,5.95175971642162e-05,4
"20212",0.0205037795089713,1.02299012663167e-05,8.44746747471836e-05,0.959015800182242,0.0186617930068301,3.70690432663236e-14,0.00172392272590579,4
"20216",0.422756719361627,8.8931736970547e-10,5.25153980126851e-07,4.96099711240153e-18,0.0188194920613398,0.558423262533735,4.71656028395644e-27,6
"20219",0.739976198156931,0.232310031552926,4.33470390254315e-08,1.76329538380263e-21,0.000203781063043372,0.0275099458800604,4.5153479928037e-34,1
"20223",0.000113360944397528,1.42259297858495e-07,1.59836856251094e-22,2.50023407824283e-78,0.998987912400272,0.000898584396033101,3.03497454459708e-109,5
"20226",0.97722249860303,9.64909050776795e-07,5.01300291612044e-05,3.7310926054311e-11,0.0227245976312076,1.80878540859281e-06,4.83054387909234e-12,1
"20230",0.0068594560754449,1.9997075365168e-07,2.32306255072064e-15,8.68764088528056e-41,0.00714760092983374,0.985992743023965,2.50558463288168e-74,6
"20233",6.30473934721268e-10,0.99999999936764,5.64207980360598e-24,1.80553670144313e-47,1.88598059771508e-12,5.22850624668913e-35,4.73188645272912e-33,2
"20235",0.420087597123859,0.200035545195122,1.37919639374845e-12,2.54832793749022e-65,0.379090970430826,0.000785887248813624,1.26918841365206e-92,1
"20239",0.687200685802755,3.25079772683034e-09,4.07210606873411e-05,1.13987643187693e-35,0.312085608382675,0.00067298150308455,1.34818649172221e-43,1
"20254",1.95836816887178e-05,0.9998438731514,1.24550171417128e-27,2.88095303436267e-59,9.12563945951084e-10,0.000136542254347628,1.15528474254761e-78,2
"20256",0.366195645319809,1.89257673941018e-05,1.2979767494048e-06,7.43506789080446e-43,0.00311497429882594,0.630669156637221,9.03543417289027e-78,6
"20262",0.000362350036773011,3.75840865091529e-08,1.45072903539645e-05,0.981824433290835,6.11201491970149e-05,5.00136509374972e-15,0.017737551648749,4
"20270",0.0339346494820102,5.71814626161074e-12,1.98534303876462e-13,1.05060532555862e-21,0.966064357411841,9.93100232075753e-07,2.34379021752782e-31,5
"20284",0.654922425568743,0.344990434460164,8.56377122064049e-05,5.24731443449717e-28,1.50144289331495e-06,8.15873696476056e-10,1.18884094300705e-13,1
"20287",0.000324549314413793,2.74241268270463e-09,2.59998133804157e-23,6.45250930249913e-61,0.0362939991327056,0.963381448810468,4.06909106510461e-105,6
"20290",0.00409171114777252,0.995908262216462,2.34184031914363e-18,5.17857654882014e-30,2.63128079429655e-08,3.2295738067378e-10,7.51135758772713e-30,2
"20293",0.484801511262309,0.000499053249089327,0.225651477843314,1.71846291897862e-17,0.000104035267139933,0.288943922378147,2.97996592916129e-22,1
"20296",0.0494633876030882,5.40869295192303e-15,0.0108306724609188,0.254878466418954,0.684107404614814,1.81928779632976e-09,0.000720067082932282,5
"20301",4.31878323788718e-07,2.05998432259558e-07,2.10932932296894e-37,1.79918763980999e-40,0.706696478292453,0.293302883830792,3.02715993602656e-95,5
"20304",1.5073815975587e-05,0.999975708072844,1.72032261240739e-20,7.59790154342778e-56,2.18138213395735e-12,9.21810899897682e-06,3.21070008574522e-72,2
"20306",0.124348790916022,0.000397365784798179,8.66595731083413e-13,5.94275002785963e-53,0.00545731618207619,0.869796527116237,3.8768033557431e-78,6
"20309",0.985009953154278,0.000408468577917381,0.000597830976700569,6.67600172944155e-18,0.000462719656387434,0.0135210276347172,2.12702180560831e-25,1
"20311",0.984100461057067,8.27866857707986e-08,8.66848977373364e-09,3.179265469672e-16,0.0119117131243716,0.00398773436338559,6.34379288669897e-34,1
"20314",0.0270534011357782,4.78443478800058e-06,0.03846053223155,0.0521759002162361,6.81915050717788e-05,1.06216517885729e-07,0.882237084260058,7
"20318",1.9596360923144e-09,4.0895569908706e-10,5.88343248370987e-26,0.000106574013553982,0.999893423617854,2.66335274673422e-22,2.29479250811257e-20,5
"20320",0.980609446409218,0.000412284192161841,0.000340964248451796,6.1080274150511e-16,0.0186373051489046,1.01309435717505e-13,1.1616659071642e-12,1
"20326",0.477810521080673,0.00133696950157088,0.483429298119992,0.00672032158616383,0.000303157095509934,4.6932555729444e-07,0.0303992632905338,3
"20328",0.385736231441531,0.00225158687865052,0.611675452160962,5.04859003656819e-33,0.0003367291731224,3.45734075481517e-10,8.49016351860727e-22,3
"20330",0.888704776064796,1.82164080411938e-06,1.4983857678014e-09,4.94083715946318e-34,0.101251554193583,0.0100418466024308,2.5119831272324e-45,1
"20336",0.00624561313570684,0.993747963453487,3.77900698643977e-06,2.88916218996278e-41,6.93053406361836e-11,2.6443345142123e-06,9.10606687166042e-31,2
"20338",0.0211997179265888,0.97879522262521,1.71750786814276e-12,1.54489049653651e-25,4.39254741447194e-07,4.62019174254308e-06,7.31477959261275e-44,2
"20340",0.016307327528868,8.9271474298171e-06,2.2386618976737e-17,8.54831955810464e-48,0.0579740186732704,0.925709726650432,7.80794921286433e-88,6
"20342",5.44843395367991e-11,0.998587309747862,4.56039571269711e-40,4.63845248007001e-48,0.00141269019765339,8.58931457271443e-29,1.17744325624844e-65,2
"20344",0.475850327126219,9.51656351332237e-05,1.59812305751345e-07,2.76160333143409e-35,0.00230480206894611,0.521749545357396,2.05953228114087e-61,6
"20349",0.110071762627098,1.45572971794462e-06,4.62937472096743e-10,7.44586223442717e-46,0.00234820468884996,0.887578576491396,1.14829419672088e-73,6
"20351",0.998456579037319,0.000172295328741954,0.000689915380504879,6.88938720411435e-17,0.000236869399367591,0.000444340854066361,1.90150441076912e-24,1
"20353",0.760079794499654,0.00748069624186088,1.01447588140734e-10,2.91660409493233e-40,0.0266563543330349,0.205783154824002,1.57964739037935e-56,1
"20357",0.000248374777304729,0.999751473837429,3.92259536140668e-22,4.00961593704385e-75,3.9968070940359e-09,1.47388459448969e-07,3.48370273708973e-73,2
"20360",8.08909031850498e-06,0.852368081055685,1.25671098183039e-23,1.69187753928146e-61,0.147623829853997,1.52523747470801e-16,1.39962479895023e-81,2
"20364",0.2908622216752,5.61176852713331e-06,0.000243366017386295,5.39682900356291e-20,0.0038260756147511,0.705062724924135,1.00033746938753e-27,6
"20366",0.000229029186027218,0.999770970777609,3.01748193199939e-11,2.84485757160519e-44,5.09161901999671e-12,1.09690549350374e-12,2.37108763218238e-36,2
"20381",1.68514796210719e-10,2.5330298547082e-05,1.38255297941015e-10,2.37438899799462e-11,0.999974669370783,4.04677672934485e-40,1.56248911909138e-13,5
"20391",0.473398154215529,0.00266261340078807,0.000228578699237315,2.02211553729226e-63,0.52371065199639,1.68805563605545e-09,4.88445933683968e-50,5
"20394",0.0236684723701489,1.83769658836127e-08,0.966867860877404,1.21206240900143e-10,0.00938708145509315,1.35953908056282e-15,7.65667991807485e-05,3
"20396",1.27145166572699e-06,1.96389939022838e-09,0.00100508454249279,0.00125671970685282,0.369037332741199,8.010545974677e-37,0.62869958959389,7
"20409",0.977872291354399,4.44268859779703e-06,1.51715470682027e-06,1.09802663914722e-06,0.022004510371838,0.000116140403816165,3.2521652888421e-15,1
"20411",0.106683588742357,0.0695623368926281,6.00920868565098e-07,6.05526483816952e-51,2.97267665460058e-05,0.8237237466776,6.92358963940055e-71,6
"20416",3.65777085035967e-07,0.998939645322014,3.10623293631006e-36,1.91044427165637e-97,4.20288140852814e-07,0.00105956861276031,1.90525036147045e-141,2
"20418",8.66014757877235e-08,1.97284874955635e-09,2.35743065435981e-05,0.112227574696204,0.65590638643157,1.11794547355333e-37,0.231842375991359,5
"20420",9.31461921926289e-08,0.99999990685311,7.29814120435639e-17,1.07482226884582e-39,6.97666213270327e-13,1.85001506830482e-28,3.03551792629484e-24,2
"20422",0.118354994533019,1.55486101437434e-10,9.45569876623766e-16,6.43721941152823e-26,0.291149370625988,0.590495634685506,1.38837189126301e-40,6
"20424",0.327115027338687,0.00304930031558868,4.62781213769589e-07,1.67632374923861e-44,0.000760576215885977,0.669074633348625,2.74516070308892e-64,6
"20426",1.15387426887884e-12,0.999999999636349,5.59448994835583e-44,4.52099367689912e-39,3.62497039255879e-10,4.36900922505152e-26,4.17264208301268e-54,2
"20428",0.865157145860093,3.64730725059024e-10,0.0521977508088135,7.96053355503441e-21,0.0733314630854237,0.00931363988093929,9.04284614503528e-34,1
"20431",0.987260064529706,0.00115204377844083,7.63330976009632e-08,9.36143300077297e-07,0.0115868665511304,1.26643169117945e-08,7.74662376382841e-15,1
"20433",0.00155295842862657,5.31055198926869e-10,4.70504093511175e-20,1.08312481079986e-58,0.997038040796819,0.00140900024349897,5.19704565519163e-84,5
"20436",6.85473505042809e-08,7.22101728621876e-11,6.49205704183926e-15,3.42734283301983e-32,0.999999931380431,1.95241713109014e-15,6.68696846990507e-56,5
"20439",2.21475615559559e-06,6.52498974329745e-10,0.0632024633535801,4.02827206714919e-06,0.0892611742986952,5.27916861413611e-30,0.847530118667003,7
"20441",0.00371842778666166,0.996281537674574,1.610576351873e-17,3.17958391386466e-44,3.3346107472945e-08,1.19265732173965e-09,2.14188246119033e-51,2
"20444",6.62037823891238e-12,1.45889297683831e-09,1.79790794112051e-15,0.999195594807061,0.00079892136897902,9.06952033180812e-30,5.48235844490149e-06,4
"20448",0.236970910035577,0.760644297597234,2.24226207358967e-05,3.52369559179718e-09,0.00236236620089638,2.17192498124257e-11,1.41794265063832e-13,2
"20536",0.000487479283083474,3.78233976504745e-10,0.973154981026141,7.03550485390392e-20,0.0263573751311058,4.12094825433141e-20,1.6418143621634e-07,3
"20538",0.00198464944286905,0.998010532048069,8.2571269340402e-08,2.89966881951156e-48,3.72761731237322e-10,4.73556503098302e-06,3.85745455777605e-46,2
"20541",0.00612011275463971,0.00119425033043395,1.17518508278663e-16,5.4217932482371e-49,0.000480687379380579,0.992204949535546,8.64310899073121e-72,6
"20544",0.490746534415622,7.92833865121161e-05,0.504668776291011,1.90906891198481e-13,0.000330371902809246,0.00417503400385524,2.71424118669804e-22,3
"20546",0.0626184912294072,2.3903805878541e-05,1.88889075756905e-06,8.04352633346227e-41,0.000194448755423724,0.937161267318533,5.12680818988173e-48,6
"20550",0.929777351849714,1.4565572916446e-07,2.42785615494991e-08,1.76121622486711e-17,0.0702224140532232,6.41627722340391e-08,1.23127467553094e-23,1
"20553",8.24159278030585e-15,0.999902442262426,2.89988602214676e-67,1.15761631155659e-77,9.75522233057934e-05,5.51426014945238e-09,2.35236683126491e-135,2
"20555",2.87612114278921e-07,0.999999712385318,1.22530580490263e-18,1.75427515582044e-62,2.56764799839916e-12,4.39254535826699e-28,1.21469000387717e-37,2
"20557",0.990846731254668,0.00834320057773591,7.06193793745477e-07,1.19693657750099e-15,0.000792261495962782,1.71004778383183e-05,1.72866927616442e-24,1
"20559",0.0764142416168157,1.0803929399438e-08,2.38731402352539e-06,2.48309945600344e-19,0.00421292287501453,0.919370437390217,2.24450826870891e-40,6
"20561",0.0046248054057042,1.98138850675311e-06,2.22458756421102e-06,0.99501146335089,0.000289396328128072,6.67496354162499e-13,7.01289385390597e-05,4
"20564",2.40283256343121e-14,1.52545688636986e-09,7.84579399180994e-23,0.999769009799247,0.000230988674795757,1.65337239225411e-29,4.76036863884882e-13,4
"20566",0.515478091467611,1.99551132213486e-12,0.00111090766952595,1.79259237427711e-14,0.062409574998309,0.42100142586254,2.74043222966403e-20,1
"20569",0.000375120756111965,4.42798960548773e-09,0.000117858692549103,0.982235470999896,0.00218641218097535,1.66516582956427e-22,0.0150851329424775,4
"20572",2.51142207034322e-05,1.02769989573294e-10,2.57341534638448e-10,0.869431161685864,0.130543712269441,1.78709977865274e-25,1.14638805036932e-08,4
"20574",0.0734974075597919,7.87794334714375e-05,7.58991965539634e-09,3.89935792366741e-21,0.00359323383123606,0.922830571585581,4.8367005405048e-50,6
"20576",1.77699011746642e-09,8.68235126494629e-09,6.19517617351916e-18,0.999271118695961,0.000728870841677916,8.55326666926716e-23,3.0192076274979e-12,4
"20578",0.667691712711229,2.55777702433792e-07,0.296870841942847,2.65519128403605e-07,0.00441645244447727,0.0310204716046122,4.55527829321892e-15,1
"20580",0.881035440006403,2.41995383444178e-09,0.0402264667440375,2.44740522159757e-14,0.0122558359868835,0.0664822548426976,1.21947915889911e-19,1
"20583",4.23323414568894e-11,2.03786753701864e-09,4.71640918197087e-18,0.999795328423478,0.000204669418298921,6.88220525393583e-24,7.80234711227343e-11,4
"20586",0.545992509864223,4.57166815383888e-06,0.00305004452811073,4.47113333101892e-28,0.000438719951938368,0.450514153987574,5.99194918500665e-31,1
"20589",0.10135903661183,4.81125126239454e-07,2.05133988864588e-08,3.76324608035441e-47,0.0106264370939138,0.888014024655731,2.26799366406169e-79,6
"20591",0.41398327902042,0.585844355912843,0.000162688662452265,2.51110789795572e-33,9.67640427737309e-06,6.8159277599687e-15,2.43240626345567e-21,2
"20593",0.000161976045014833,1.0862644742412e-08,2.69172091945717e-24,4.06897800963386e-49,0.0503233189665069,0.949514694125833,4.13576143149432e-96,6
"20595",0.174187364454399,9.40676101310587e-06,3.17276866469162e-05,5.14729526087063e-17,0.000316622999957372,0.825454878097983,1.97075418976255e-37,6
"20597",1.13479040685027e-09,1.01245676151682e-09,0.00330910899340133,3.21479997653072e-25,0.996690888859278,1.71439982373543e-35,7.36736870607894e-14,5
"20599",4.99954728538592e-13,4.59852723939584e-10,8.87892992121583e-23,0.999233658692482,0.000766340847046576,1.79701438130389e-28,1.18945828107556e-13,4
"20601",0.0212266574559375,2.93121329405945e-06,0.919874433978797,1.29781186507072e-08,0.000100308229926298,1.51858280397258e-10,0.0587956559920683,3
"20604",0.0026331493620425,1.3731557435988e-08,3.26289941015907e-16,7.64502257534391e-30,0.00676250016428369,0.990604336742116,2.67184890270986e-62,6
"20606",0.014159336565879,8.74303320174208e-10,8.31016483758956e-13,5.64885029333589e-36,0.0105380187455686,0.975302643813418,5.61021179582932e-62,6
"20608",0.0780769334167279,3.67529242200598e-11,1.90996282008135e-07,8.37772671446909e-29,0.0177260995989579,0.904196775951279,1.67369256304793e-45,6
"20610",2.27767293553608e-06,1.04603235615572e-06,1.31889011807091e-14,0.993908075201033,0.00608860109361124,6.18577101061854e-19,5.08638069655872e-14,4
"20612",5.64295196985972e-12,0.0694628687784851,2.704263316843e-29,6.72333056543907e-58,0.930537131215872,1.50656510717553e-18,3.24177889527068e-87,5
"20614",1.41635121850748e-06,3.14197653614385e-08,3.32182295327356e-10,0.999473156119366,0.000355261698010071,1.26554540295516e-23,0.000170134079457813,4
