"","V1","V2","V3","V4","V5","V6","V7","V8","V9","V10","best$classification"
"19812",0.133307409948594,9.55635668031657e-05,3.71882619660912e-05,8.04307361047874e-05,0.783287258422858,0.000219148203093875,0.0349132897204172,3.17499093259543e-07,4.8867294430165e-08,0.0480593447737749,5
"19814",0.00777284776067275,9.14538075540587e-07,3.23758658356612e-08,1.28048811724889e-06,0.0309827928380572,1.54308761827994e-05,0.000503434260689694,4.31027144618651e-07,0.000182245517253917,0.96054059031794,10
"19816",0.832081052732328,7.02707255116586e-06,0.00167455252546708,4.00696076904468e-09,0.00361500170317839,0.156541840024356,0.00548978585944216,1.31348126383562e-07,6.79141658301225e-08,0.000590536813424598,1
"19818",0.447187825954673,3.45626332947198e-06,1.36322650816959e-06,2.04891005944611e-06,0.0162501654802686,0.000380134996828201,0.000209681204205557,4.27352527639946e-06,0.000976196051717098,0.534984854387135,10
"19820",0.00309721071238446,0.00017728183054861,6.87517504479818e-05,1.56102233019597e-10,1.4820045722792e-09,0.996642866431589,1.38865759322415e-05,1.65305472558474e-12,6.30616974680034e-11,9.96276087128506e-10,6
"19822",0.00355086650091687,0.115192558255963,0.00236771926132811,6.61469001174138e-06,3.77225032705701e-08,0.871912431572926,0.00696887139930831,2.56299777502749e-10,7.02957179146597e-07,1.9738356397688e-07,6
"19824",0.715839238919207,5.07336549814105e-05,0.0496920722866251,2.12570915206396e-07,1.19168800758087e-05,0.233190743021062,2.94213757779195e-06,2.66236135465375e-06,0.00101196043905773,0.000197517729143224,1
"19826",0.0246368956358452,5.30309338052183e-07,0.00522877381535401,5.85132547322401e-07,0.883258693159599,0.00048116586033197,0.0538460511968934,6.46459425257903e-05,1.26902713362693e-06,0.032481389920432,5
"19828",0.508260951858896,0.00119705812626547,4.56781989052578e-06,9.500383475886e-08,8.15456822546773e-06,0.490375831653192,9.37638119752314e-05,1.12025363963263e-09,2.42062040439744e-07,5.93339754266514e-05,1
"19830",0.00256567523949397,4.52091254639916e-06,1.41060454078746e-05,0.00321826717042957,0.773507034564928,5.6739597112262e-07,0.0953647076602416,0.000117951331444261,9.08600703119283e-06,0.125198083672506,5
"19832",0.120428835066745,0.714476166957374,0.000133118045486989,0.0377074174644042,0.0675701092049182,0.0086983448025438,0.0327371771662752,5.37808265571314e-09,1.26227972882271e-07,0.0182486996861968,2
"19834",0.150522816891605,0.00593135382056907,3.83076210550779e-06,8.49279816561321e-06,0.000452186923167266,0.0578722394936668,0.777258850068113,5.52439146381839e-09,1.5658200889986e-05,0.00793456551732637,7
"19836",0.61324953932807,3.37158887917146e-06,0.0348568407766142,1.24911875275008e-05,0.349300549274483,0.000479798582708901,0.00105416113930205,7.57670672175281e-05,1.18556395381837e-08,0.000967469199557742,1
"19838",0.000308132512425486,1.24168115517352e-06,1.66199702560754e-08,9.96205800579304e-05,0.170921319028496,1.57933941368996e-07,0.000821464835557952,1.47495067591426e-06,3.42570714136552e-05,0.827812314786306,10
"19840",0.118621666876774,4.60091614051391e-06,0.00180497004591641,3.91393338511645e-08,0.0291559655566963,0.043967584767106,0.804370953255934,7.09056000730723e-06,3.06327528185601e-07,0.00206682255456364,7
"19842",7.56498064828871e-06,2.915931348785e-10,0.000559572255395847,2.35032503805941e-06,0.682785023001617,1.43709999398503e-08,0.000240520156968768,0.315290486468025,4.31371413852344e-07,0.00111403677829933,5
"19844",2.08123961236926e-07,2.21457431426795e-10,3.21346675599804e-07,4.04669003645158e-09,1.35597469684406e-08,2.33865561422663e-07,2.48074270984161e-08,4.98965403390436e-05,0.99991543534455,3.38621435915132e-05,9
"19846",9.59117465990813e-05,2.18520988768483e-10,1.26535742948744e-06,2.08326552542649e-06,0.138482377061174,6.64799551628771e-09,3.4867651803303e-06,0.0120314146015817,0.0123080724177182,0.837075381918275,10
"19848",0.000100766392814843,1.32486566902137e-09,1.38197666671776e-07,2.49024791672267e-06,0.0674117926885271,1.10320089505053e-08,8.56422555752385e-06,0.000218124962873974,0.00320795926226849,0.9290501516655,10
"19850",0.000186839298493882,2.18762576978743e-08,3.48542209632401e-07,1.03999920811591e-06,0.00868699135032823,4.84688240035705e-07,3.37596070336653e-05,1.26826437849213e-05,0.025418889294908,0.965658942699536,10
"19852",0.976461827875585,1.40841867751826e-05,1.16441284527602e-05,4.13633544532381e-07,0.00158304607706267,0.0040126250567358,0.00113108727940497,2.83898603993263e-08,1.04515753747426e-05,0.0167747917972036,1
"19854",0.000120229278160385,7.08841619799287e-09,2.67372304869444e-08,5.08069420430429e-06,0.138045855406514,1.82246854122394e-08,4.14123855705035e-05,4.50463635871546e-05,0.00025879095763568,0.861483532863996,10
"19856",7.83988131797465e-05,5.08039737977228e-07,0.000109298029414426,1.51933064107469e-06,0.000271996637238401,3.25915210333155e-05,0.000271348045287302,6.35444670068681e-05,0.94033424332881,0.0588365517876508,9
"19858",0.00291777786081012,9.1740005854187e-06,0.000293662813522114,2.03140789864701e-06,2.82953422249247e-06,0.000961942084965119,2.11605420590439e-05,1.05087985433736e-06,0.991455069997746,0.00433530087833695,9
"19860",0.60761252372922,4.92910887536864e-05,6.04701358064422e-05,6.93524281559975e-07,0.0879677303581001,0.0182606357071492,0.192836469250227,2.53407631329096e-07,2.85901528753902e-06,0.0932090737835431,1
"19862",4.26798048402568e-05,1.79651243499497e-10,1.70419038458983e-06,4.21489729981663e-06,0.69687140794285,2.51258399099505e-09,9.87801381206263e-06,0.0258727681453429,0.000250958528015142,0.27694638578522,5
"19864",1.48144941083345e-05,6.07243338399558e-10,0.0269436563524777,6.82453716854982e-07,2.70940789228205e-05,4.83706411053029e-07,2.8486462542321e-07,0.973012445936721,4.59029451495633e-07,7.84763218344433e-08,8
"19866",0.220581288697373,2.84762681377341e-06,0.700241937907956,3.45715968588085e-08,0.00115495645096228,0.0560849969965992,0.0219017641933719,1.92451231200971e-05,5.23806063921689e-08,1.28760516008091e-05,3
"19868",1.30274055486904e-07,0.0271388304466686,1.85649451803101e-09,0.970588125252058,8.47287103580112e-07,4.33949393168861e-07,0.00224894400745222,2.68402973950943e-08,9.05768266903045e-06,1.36024038082547e-05,4
"19870",0.0162136868569421,3.45443423970451e-08,2.20929414896554e-06,1.32397351831348e-05,0.40318413456056,7.53926723413194e-07,4.38294685373616e-05,0.00156901525531647,0.00026325876889807,0.578709837589348,10
"19873",0.402494469725037,7.46123061242303e-07,0.000178575526556066,1.31632062381903e-06,0.336339378566039,0.000372488834469863,0.00112255688811689,0.000256266289809217,8.57244144817521e-05,0.259148477311805,1
"19875",0.153298731861209,0.00200595484238144,6.45894687509859e-05,7.20030586543537e-08,0.000431982943157115,0.811263464046865,0.0328219757643098,4.23972841397135e-10,3.12088011501364e-09,0.000113225525414731,6
"19877",0.136617033999354,8.7357692310782e-07,6.31019483971858e-06,2.21829945316321e-05,0.116872372711074,1.77093142930341e-05,0.00581478863987419,1.16622995825655e-05,0.000339503225615717,0.740297563043912,10
"19879",0.945002703073214,3.28449072604118e-05,2.28784396908343e-05,2.61799332519498e-05,0.00432832231229942,0.000740391872605741,0.00408451352905596,1.41398096196215e-06,0.000179330479186842,0.0455814214724726,1
"19881",0.0385928192119141,3.8310570350709e-07,0.0168020919919912,3.91404332133909e-06,0.781878934064838,7.65410208263198e-05,0.00226608024464995,0.000631137827827305,0.000132944811674163,0.159615153677254,5
"19883",0.00441944397498142,7.72786464020547e-09,0.00356085250354282,2.32360576122386e-07,0.976639189981538,6.05732430927074e-06,0.00026681362080604,0.00614056044019585,9.66056862207894e-07,0.00896587600932387,5
"19899",0.0597426499814602,4.55993212906382e-05,4.76629668943946e-05,4.54105727131517e-05,0.00864375212006488,0.000913220381616034,0.929386035569614,1.3275197057219e-06,1.6901347459628e-07,0.00117417255316679,7
"19908",0.000339762557484085,6.41539903699716e-05,0.0147559342772042,0.000317970860866836,4.60739258701683e-05,0.000701780489155132,0.982470380752533,0.00117447525257677,0.000115843422015154,1.36244719243387e-05,7
"19910",0.976777106116438,1.52060928263155e-06,5.12707590248132e-05,4.83139193337445e-07,0.00891009095019236,0.000626585409847111,0.000141662663273058,7.85575372477024e-07,3.67984672772633e-06,0.0134868149306482,1
"19912",1.14367810120692e-05,4.70687681146645e-10,0.000130673900816497,2.56824121807486e-06,0.815133669069937,1.77953712849755e-08,0.00122658040923937,0.168460326340382,1.7534357345457e-05,0.0150171926339909,5
"19914",0.502916223310117,0.000400689313453877,0.000305523815328257,0.000221961862280393,0.0215930898375391,0.0017870213328975,0.376435014320361,3.7225946606732e-07,0.000106387357486403,0.0962337165910709,1
"19916",0.00112069371334446,7.79247394552136e-08,0.997957923141621,1.42326879883968e-08,4.53053427431416e-07,0.000907222715384627,9.88825180434425e-07,1.1171451872841e-05,1.38068769507951e-06,7.42540461756698e-08,3
"19918",0.00425704952694955,1.60141558412143e-09,2.01846126493529e-05,2.76355711135994e-07,0.0850720471229296,7.79287277298604e-07,1.68549949977294e-05,0.00163492655738432,0.0145878084907513,0.894410071449934,10
"19920",5.76360767151339e-05,7.54203033265e-10,7.5558375591716e-08,1.28444827028985e-07,0.0014427224477023,1.13732698289352e-07,4.69029042911082e-05,0.000107047282672411,0.366094505564863,0.632250867233653,10
"19922",0.0811662968573602,0.200889967259779,7.03877909699334e-07,0.650514794807311,0.0377928945679711,0.000200359222549557,5.42223006795042e-05,1.41658194330564e-07,6.13542880654857e-07,0.0293800059053654,4
"19924",0.087256039687232,3.0140348613606e-07,4.18667239782155e-06,2.20261217718256e-06,0.0385880696182567,6.53206561604069e-05,0.00438741836833539,4.81548922626777e-05,0.00446277840786252,0.865185527681829,10
"19926",0.36654051384199,0.00065029026443667,0.0274160388012231,0.000992392125737074,0.130298843178581,0.0027608958577263,0.470804045315818,4.91006422045854e-06,9.56632190920492e-09,0.000532060983945149,7
"19928",7.64441900611927e-09,4.86417042809469e-12,0.00775412580699519,3.54149616812726e-07,7.67553126393928e-06,4.00718555718629e-10,1.76688295491129e-08,0.992237580550468,2.26214032053273e-07,1.20287928238254e-08,8
"19930",0.0282652019369382,4.733119830664e-07,9.70764428431655e-07,1.30491374477599e-05,0.463081096319378,3.42959245539413e-06,0.000135125682361563,9.74341270270995e-06,1.01097564476977e-05,0.508480800085857,10
"19932",0.000334441537076298,5.39407730604283e-08,2.1517184713691e-08,1.28847983686663e-05,0.136704665874665,5.77509636435688e-08,6.89019235762264e-05,6.26984626143148e-06,8.49825554645904e-05,0.862787720255666,10
"19934",0.483950618110665,0.00969736544664656,8.78621881277967e-05,2.32516487032634e-06,0.000976958223640385,0.447226823831792,0.0425772942167523,3.120174986444e-09,2.47615855175348e-05,0.0154559881118134,1
"19936",0.0784777269077238,6.38289197343836e-05,4.01147673186732e-06,0.000187844787705982,0.280824550880323,0.000252124766276024,0.112925730974442,1.03676723364109e-06,1.7037826275968e-05,0.527246106693554,10
"19938",0.109877141315041,0.00409159690904594,0.0103391648009034,3.54773658795885e-06,6.24991056598226e-06,0.731406027366572,0.144215047673044,1.81960541695481e-08,2.28166706344799e-05,3.83894215520195e-05,6
"19940",0.801476608428828,1.68495857669052e-07,0.00177196674469205,1.05502577467693e-06,0.167284946016358,0.000178995583948789,5.99033570251873e-05,0.000588773272548522,1.322045088644e-05,0.028624362624081,1
"19942",4.94578110732485e-07,3.46299912530614e-11,0.18847272614189,6.7639803200552e-08,0.000653524521862733,6.00797445907096e-08,1.21664888305851e-05,0.810860453414139,1.51448931311791e-07,3.5565205831965e-07,8
"19944",0.971417247202661,3.83395832706793e-06,0.00554064013636846,3.62429418266151e-07,0.0141381790249315,0.00418197311095226,0.00198946499435868,6.46680024299491e-07,5.00622571917459e-07,0.00272715184038626,1
"19946",0.582763602448941,3.94291691685503e-06,0.000131337324423835,3.34123194312873e-06,0.0150360152862934,0.00080839661686569,0.00296999737754416,3.13960025176262e-06,0.00274009491782345,0.395540132278997,1
"19948",7.12454691736641e-07,2.85206285976395e-12,0.00745451145269181,1.02608265890372e-08,0.0005264105617362,8.16823344873056e-09,3.04109928146893e-08,0.992017494974509,1.53216995864534e-07,6.68496470981019e-07,8
"19950",5.7020855771808e-07,5.20004698382744e-10,6.36969514421762e-10,2.34220757575022e-07,3.3606377310227e-06,3.0903773618151e-09,2.95143422265995e-07,5.7401375423723e-06,0.979202027523496,0.0207877678811412,9
"19952",7.12454691736641e-07,2.85206285976395e-12,0.00745451145269181,1.02608265890372e-08,0.0005264105617362,8.16823344873056e-09,3.04109928146893e-08,0.992017494974509,1.53216995864534e-07,6.68496470981019e-07,8
"19954",0.00421298349675035,4.8740066289028e-08,1.77794278386845e-07,6.22876227894003e-06,0.275386862869504,3.59517830421077e-07,5.91186786450765e-05,2.44302744409478e-05,4.84797436099221e-05,0.720261310122596,10
"19956",5.98713431047396e-06,1.93331865516952e-07,2.41138698676544e-05,0.00252087001511855,0.0294427543737404,7.89060381957299e-08,0.157348241663473,0.0254672572047746,0.434111809484265,0.351078694016547,9
"19958",1.62621830894385e-05,0.00579455805250193,7.90894139985401e-09,0.994065800210817,3.17476778750326e-06,1.46681660934372e-07,2.84567382467223e-08,1.1385263694647e-08,1.21765453518624e-05,0.000107833807847693,4
"19962",0.104385138848217,0.000450739055855902,0.00595614366060287,0.000136512837037554,0.0150679628591894,0.00930175222744393,0.00994563660581796,5.36934310380643e-06,0.0862551206035489,0.768495623959182,10
"19964",0.730811516823989,4.13381060818468e-07,0.00202811465593829,1.50356819775693e-05,0.113275520864971,0.000168079478901752,3.95891700388886e-05,0.00245088777434325,0.00121463513323882,0.149996207035541,1
"19966",0.0161378820257677,1.33704067908017e-05,0.874125296502933,2.01249113879696e-08,2.74545119384431e-05,0.106281972689622,0.00341354977259768,3.72521189012507e-07,4.83595654781576e-10,8.09606542909735e-08,3
"19969",0.00110955948426281,2.04947943772665e-08,4.7395019297413e-05,8.84148932103384e-07,0.947234860963473,1.2127255362401e-06,0.001684075372851,0.000459004965862786,2.00532703631335e-06,0.049460981497954,5
"19972",0.0263725243544983,7.40933472558504e-09,0.00012107290181904,2.56768344687507e-05,0.219507962684087,1.15971779082309e-06,3.89725125718977e-05,0.457712073483202,0.0112143197205442,0.285006230381683,8
"19974",3.76056278957332e-06,5.51919045814141e-12,1.64490554588886e-06,6.6317146454359e-07,0.00822700776845551,6.00222781770591e-10,6.09777749891112e-07,0.684967389141217,0.21500642739008,0.0917924966769555,8
"19976",0.239994422368367,3.83147644488607e-07,1.23647547011064e-05,3.97258609724508e-06,0.0237002561314662,7.89700487005532e-05,0.00186015310393187,5.56058031263166e-05,0.008114871167415,0.72617900088855,10
"19978",0.981744583335739,3.29040249905313e-07,0.00042835968782899,2.06210124636516e-08,0.00526620041133137,0.00563036856466265,9.63714911084476e-05,4.40467895385338e-06,8.86687505260776e-06,0.0068204952940604,1
"19980",3.15563214775332e-05,1.8071362270681e-09,6.69380554104271e-09,2.36254597021423e-06,0.0107505145665014,6.68292090612564e-09,7.30896047383316e-06,5.2459035082314e-05,0.0134288319167379,0.975726951469894,10
"19982",0.000141564533373763,2.86360876382529e-07,2.51428512259493e-08,1.18691581154565e-05,0.00112754068155285,2.61664615831541e-06,0.000771172526571998,2.96312744470161e-05,0.309389566534655,0.688525727141398,10
"19984",1.75215884021399e-06,5.34985333347604e-10,1.3515411707115e-07,1.00474177095855e-08,4.43818753596791e-07,1.33675524405638e-07,3.23223834940645e-07,5.07389773657052e-06,0.998365368463428,0.00162675902536236,9
"19986",0.03685687033677,0.00129955295170359,0.00330151956965182,1.75648903102425e-08,7.23255494847043e-08,0.955802400486527,0.00273955400912684,3.56662151331283e-11,2.58296949674678e-10,1.24618181957273e-08,6
"19988",0.00253138670150961,0.00144624702789337,4.32298585113557e-05,1.79544521827243e-09,3.85145555753627e-10,0.995884508992429,9.4624785362493e-05,4.51318460899834e-13,5.76875468913519e-11,3.95564392113722e-10,6
"19992",0.00203812845981597,0.00113988771348043,1.68966027529165e-05,1.63323543701868e-09,3.67530325955785e-09,0.9935859424057,0.0032190858217509,6.84338326114344e-13,9.14282756760451e-09,4.45444486859218e-08,6
"19994",0.0367829070310666,1.86164138781332e-06,8.4395468054538e-07,4.70136872549653e-05,0.64400905019416,4.3289428843201e-06,0.000650534163210788,3.40958947966477e-06,1.68591173900051e-06,0.318498364884136,5
"19996",0.020995804555943,0.000252918759494511,3.81282351927525e-06,3.98365279866556e-10,1.53056555804871e-08,0.978617956946717,0.000129326070199343,2.61982398874643e-12,6.05447337893235e-09,1.59083012694085e-07,6
"19998",0.0019325865165762,1.423519149569e-06,0.813707667855142,4.48691631495868e-06,0.0471954014557294,0.000483434923494916,0.125604072568808,0.00345402365453023,0.000659455756661604,0.00695744683359353,3
"20000",5.48890691232777e-05,8.48271896816827e-05,2.59477117026775e-05,0.121505156831995,0.624120762788169,2.2488521767815e-07,0.17441577700291,0.000178535295685876,2.31038566266156e-05,0.0795907753688885,5
"20003",0.0248203668776303,5.80867108151177e-06,4.61774811528331e-05,3.50603974783439e-05,0.955233017922986,1.54794224583437e-05,0.00267695339233472,2.07115152610143e-06,1.66920383378646e-08,0.0171650479913137,5
"20005",0.000118812685228191,2.48048364734892e-10,3.09032178012811e-07,3.03657333485574e-06,0.1764758157612,4.76696461767393e-09,1.18729238882027e-05,0.00647287826954763,0.00357933491993483,0.813337934819675,10
"20007",0.729279448918443,0.000338837191964392,9.1989617443599e-06,1.24379731621986e-05,0.00260897082904895,0.0136164068808071,0.225009333567326,2.1071689355781e-07,5.21715825161569e-05,0.0290729833780946,1
"20009",0.105885134937625,0.000482234666628761,0.632436328920969,1.56307798302554e-06,1.09612119281363e-05,0.260769821167844,0.000267939235980318,4.16244816935423e-07,0.000110121823006986,3.54787132182296e-05,3
"20011",0.214297173408984,1.29719987321692e-07,0.000158371170344479,2.09637221925056e-05,0.39326483742508,2.44134109501789e-05,0.000753254082193474,0.0384386672414876,0.00175602930238538,0.351286160516395,5
"20013",0.000966292836154435,1.08694758423743e-07,6.14625909656091e-08,2.00607798822352e-06,0.00775900914407079,1.48413535217194e-06,0.00608339318868964,2.76163637449627e-06,0.008802917760668,0.976381965063353,10
"20016",0.0833238528233261,0.0148902906961428,0.00176542608948931,1.90701641011993e-06,5.7780888507852e-08,0.897142120776877,0.00287168843033175,1.07513566878071e-09,3.84319053325423e-06,8.12120865233359e-07,6
"20018",2.22726127419969e-06,0.996455818923672,8.26837180253431e-06,0.000184099851772848,2.006834574921e-11,0.00334872311679537,8.62399553746875e-07,2.93840543179249e-13,4.10752956648899e-11,1.36921191010656e-11,2
"20021",0.912975094143182,0.000600214428324459,0.000384572536160609,4.26820919004102e-07,0.00145039725584179,0.0842580880215784,0.00020665597276838,3.10238275926336e-09,1.82904386130683e-09,0.000124545889799237,1
"20023",0.919073543169925,0.000467932598370173,0.00195936482200821,6.49945848009459e-06,0.00165112215092877,0.0389601129202628,0.0327255884223732,1.57267414940911e-08,7.63571501461385e-06,0.0051481850158958,1
"20025",0.00936208055641171,0.749060522107085,8.57936831680697e-05,0.000415733730253658,2.05476891282547e-07,0.240946159323536,0.000129394188822008,2.55036393700526e-10,3.18750048486643e-09,1.07491295697093e-07,2
"20027",0.000133566398848083,1.82120589099221e-09,7.29338636842087e-05,3.56022117702156e-06,0.985449740294875,6.11554375645708e-08,0.00150718992719088,0.00963579183889963,9.94831554027192e-08,0.00319705499552622,5
"20029",0.000156435177073049,3.99884079292622e-10,7.18641404916808e-06,2.61899920362085e-07,0.497088405919901,8.82171174686725e-08,0.00032320092732921,0.014313581180042,0.00119598727533721,0.486914852589346,5
"20032",0.000442806011511141,1.87319456631109e-08,6.31355621033399e-06,9.30432769239349e-06,0.981353687829036,6.84318168679515e-08,7.60051951743037e-05,0.000146698450897543,1.08379366804015e-07,0.017964989086349,5
"20034",3.38944813543893e-05,1.0110985547526e-10,0.0664492836722431,3.29673160541382e-07,0.011784807227152,8.68813467799073e-08,3.58374497564962e-07,0.921726160333942,6.38295640846439e-08,5.0154256297835e-06,8
"20036",8.63554076776325e-05,3.20180284906942e-06,0.000142952365447837,2.4400515696791e-06,0.00147778839255741,0.000185882822225721,0.972583013655685,7.77202413022035e-06,0.004718653385627,0.0207919400922298,7
"20038",0.102242549954471,0.0349959695052372,8.05443136821288e-05,1.38976124379596e-06,3.19120182502177e-05,0.646243759716776,0.216401788520569,4.11266642383062e-11,7.72886930713568e-11,2.08609135476612e-06,6
"20040",0.0665479610275383,0.0120868704253563,0.569594707156478,4.22378352796804e-05,6.54498465540561e-08,0.351716203419902,1.04955255245054e-05,8.58285719764446e-08,1.31951800213413e-06,5.38135016248598e-08,3
"20043",0.0631743313352293,0.00518895914403238,8.0060306221414e-06,5.26291596237189e-08,6.56512160644097e-05,0.925807496141215,0.00560740877563884,6.61897181656278e-11,2.27406365169753e-08,0.000148071921211607,6
"20045",0.00284550042021981,0.0257858294567658,9.02600636182012e-06,4.18649008073262e-08,9.55853324455304e-11,0.971348539277293,1.1052684519916e-05,8.82897781133057e-14,7.01153887091535e-09,3.18272655252162e-09,6
"20048",2.15225080154924e-08,1.29629809807319e-10,4.25133431181654e-10,3.34539849335331e-08,1.36609999672121e-08,1.24074155365162e-09,1.88640541768512e-08,1.8368746397208e-06,0.999784482508011,0.000213591320297497,9
"20051",0.0653238066506882,0.0172911488052101,3.22763548949404e-06,5.46919209758605e-05,0.00530217347138456,0.0504384230909971,0.0718949457694481,1.03113225486665e-08,0.00179674165093165,0.787894830693552,10
"20053",0.959355987144709,1.88042689380199e-05,0.00600613324454458,1.46934063628689e-07,0.000132529318828413,0.0333872847606146,0.000529778474590552,1.13939055676382e-07,1.76259281665379e-05,0.000551595986488558,1
"20055",0.0374529556476551,0.0277140653386342,2.57279074394506e-05,0.000168962456417563,0.00465657338130924,0.0223324085530125,0.907592913937165,1.11228031351447e-08,2.05426204255637e-10,5.63814501374603e-05,7
"20057",5.99925847165908e-10,3.07133819150794e-05,1.25810923035971e-09,0.999966843521388,1.93449258920035e-08,2.99711615929085e-11,3.88552791498187e-09,8.20128722203178e-08,2.18267387420648e-06,1.53291489932247e-07,4
"20059",0.960931372381156,0.000297927620262043,0.0212781174323281,3.73960401904817e-05,0.000245084184211381,0.0168248737832565,0.000269579752987359,1.63795302939402e-07,9.05893311497108e-07,0.000114579116993493,1
"20061",0.986809779437505,2.0853521887876e-05,0.000907530387354185,1.74849026347047e-06,0.00138062509441079,0.00787618612165328,0.00141971397400497,4.22032834127172e-07,3.02263432340736e-06,0.00158011830576321,1
"20063",5.50152931334514e-06,5.99444422759734e-06,0.00263282375406441,7.81576779665386e-07,8.56917247759006e-09,0.002048302581592,1.85666458134879e-05,2.72939376766116e-05,0.995256028174923,4.69878643778592e-06,9
"20065",0.0002662225533892,0.989267012971156,2.72036217056506e-07,4.79422056980745e-05,1.3838969137769e-08,0.0103802323092246,3.83026624676459e-05,1.36656026985538e-14,1.85881628621188e-13,1.42267906035331e-09,2
"20067",0.0882479819493536,0.0603161395984344,6.82287551304134e-06,1.9137841811461e-06,1.5378974751257e-07,0.850111929643467,0.00107543879825354,8.97209544020796e-12,0.000108529548927912,0.000131090003149531,6
"20069",2.94189101214024e-05,4.16271192733948e-09,3.22262067045077e-09,2.32099651692129e-06,0.00328339090028556,1.54692661771753e-08,1.27860436208978e-05,1.88202678128992e-05,0.0410772275568907,0.955576012470153,10
"20071",0.0015681760199429,1.46547119001255e-06,0.00100532057441418,4.2587566721172e-06,0.000697413984962245,0.000107520356062329,0.996483536143219,2.27361378024652e-05,2.33028767332448e-06,0.000107242268061677,7
"20073",0.00414243719896575,1.72295191229599e-08,4.61193557302847e-05,6.06680664442036e-07,0.00261891500996137,6.59626100857982e-06,1.55301080158341e-06,0.00047799858069813,0.586980046482915,0.405725710189735,9
"20075",1.87503223191624e-07,0.049149538283645,9.87772371786411e-10,0.950462903015222,3.99163454951005e-06,1.05582647170915e-07,0.000375370449571261,4.36709076566439e-10,2.89383005557152e-08,7.87316836010128e-06,4
"20077",0.0772810943071379,2.95742049732785e-05,0.000214725084325516,1.76769216488963e-08,6.60765272910135e-05,0.212406442969419,0.708651876699857,2.53519203486205e-08,6.48299275363599e-05,0.00128533725061863,7
"20079",0.0042706144489947,0.000804348967900601,0.00012044622957791,2.95159711675527e-06,0.000307719222811455,0.0748584828076433,0.00676781630254544,2.41719173483364e-06,0.728411316530286,0.184453886701389,9
"20081",0.37042520747579,0.36992821497277,2.01817855331427e-07,0.000226763493209631,3.44123611596082e-05,0.213532969833533,0.0451818654879844,6.43335159021764e-11,3.83185619277433e-07,0.000669981307744809,1
"20083",3.03163542475504e-05,1.07916736389768e-05,0.00184732358026328,2.48177131267191e-05,8.90128587132176e-05,0.000235262116210923,0.092612180364246,0.000228159691750028,0.898464413681187,0.00645772196661653,9
"20085",0.00139953324232033,0.0132040242235894,2.72502739055532e-05,5.56008615191884e-09,1.14714923944642e-09,0.985206976887691,0.000162208066127455,5.10939639073701e-14,8.36841991252509e-12,5.90711476257804e-10,6
"20088",0.103071850151656,0.00887286542442912,9.62260442788386e-05,8.1365077118382e-08,6.43071607996769e-06,0.885103670108646,0.00283439622099666,4.93693150835174e-12,8.21517232341562e-09,1.44717487268674e-05,6
"20091",0.00131086591550943,0.872781710573112,7.55565788732717e-09,0.125531271010008,2.25872587582636e-07,0.000119533808862761,0.000241230685908843,9.23310980177649e-12,4.61771713138055e-07,1.46927974070816e-05,2
"20095",0.145040240006783,4.46679014258875e-06,0.00137857586625962,0.000107094045687285,0.000154019130354082,0.00203258243478871,0.000307005948375378,0.0883105367361633,0.757247783662954,0.00541769537849241,9
"20097",0.00120680111322552,0.0491461031530043,8.48530202650383e-06,3.16749561306016e-08,1.64426602783585e-09,0.948948704459955,0.000689871249906075,2.20372250377989e-14,1.15081901481667e-11,1.39112994291851e-09,6
"20099",0.476214559186241,4.58764482366433e-07,0.32983512352026,1.45941258705323e-08,0.000147128252416515,0.176421416716803,3.01762417497098e-05,0.0160138673772158,0.00120646570292771,0.000130789643778699,1
"20102",0.000230606053526964,0.00193814015813385,6.28349905679732e-08,0.0105210718252162,3.47689578260333e-07,2.202529476537e-05,4.28246601970845e-05,5.81925841920152e-08,0.98283044223849,0.00441442105251739,9
"20105",0.200147627336252,0.00121800100581209,3.94271441951591e-06,5.49704146744363e-08,1.86457331599214e-05,0.795594807493255,0.000570395987723635,4.05345716642385e-09,0.000106833620964758,0.00233968708454163,6
"20107",0.376154950614771,0.000253524150198341,0.0001327092580763,2.71844259518816e-08,9.23646947575431e-06,0.558835339840705,0.0646023884258855,1.2322076882487e-09,4.24156328923024e-08,1.17804086211205e-05,6
"20109",0.783101084492084,3.93211615456555e-06,0.00400266160296478,1.10207832791766e-07,0.000192240373888388,0.0699029944896881,3.92103929710322e-06,0.000105458354059009,0.123296570612114,0.0193910267119174,1
"20111",2.20342666748681e-05,0.000318337694408355,6.4641095986382e-10,0.985584037673575,0.00100102246412939,1.37475409010109e-08,1.51684056717508e-06,1.3266205824734e-06,4.27778332600704e-05,0.0130289322128508,4
"20113",0.127739176351321,1.29663715638545e-05,0.0287682323666617,3.90277274302098e-07,0.00281986203919326,0.0455498194597364,0.795068766834029,1.74185942646642e-05,1.68307472712618e-08,2.33508752089016e-05,7
"20115",0.00221598563954414,1.28919993786385e-06,8.65979293447725e-06,0.00899713560733626,0.851369374662029,8.14196265274318e-08,8.1042289042543e-06,0.00123575944218884,1.6052177492472e-05,0.136147557830006,5
"20117",0.034322485212702,0.0587324820039918,0.252290892890186,0.625753762122853,0.001190362758283,0.0107181746771726,0.00886096660864632,0.00812616190495729,4.28432197028532e-07,4.28338901127638e-06,4
"20119",0.00431902999071296,2.34404728072177e-06,0.948572326904034,2.58840990453393e-09,2.55367374524354e-05,0.0454052128933194,0.00167474346802365,7.81423459976208e-07,7.60830808396825e-11,2.18712241051574e-08,3
"20121",0.113491015565117,0.00128211703367024,0.001804801046881,4.79871991741557e-08,1.91567952324989e-06,0.846259307644759,0.0371603192701606,6.46876382180661e-11,1.11929784236938e-09,4.74588703472621e-07,6
"20123",2.96202665317986e-05,0.977778655047676,5.26037786658596e-07,0.0216452378288766,2.46421781369764e-07,9.01463261952242e-05,0.000455336142620031,3.6172426468676e-13,3.3703694259938e-10,2.31591134279684e-07,2
"20125",0.000334403714107663,5.12622151620941e-08,2.3991760642465e-08,7.00012163820953e-06,0.0072223710144292,1.50640338886964e-07,0.000311952347612851,1.67319340437351e-06,0.00600505999087885,0.986117313723614,10
"20127",0.00226659032113894,0.00048880017144189,7.97058687585369e-06,1.11547076341816e-09,4.24281123574584e-09,0.997228657956729,7.81649538940093e-06,9.38857651990187e-12,6.22686896797237e-08,9.68320641655612e-08,6
"20140",0.00169325537533305,0.00105250056989815,2.04704218892145e-05,0.000452904679442699,0.00101161145804857,0.000411808516956131,0.995341430858961,3.45425848480475e-08,6.11795899771545e-10,1.59829650907011e-05,7
"20142",1.23214873232662e-06,1.24854751641283e-09,1.89988736550892e-09,8.50832806809822e-07,1.6077137272056e-05,5.49970132996707e-09,3.96930323720987e-06,7.37689360589455e-06,0.939952213459729,0.0600182715764804,9
"20144",0.000389097517588012,3.60111506968553e-05,6.15617177061346e-07,0.0973873520057382,0.0920288342328967,1.86504409258549e-07,0.0222786509681934,6.72886048005954e-06,0.000929489769827721,0.786943033372993,10
"20146",0.00086518367353585,3.85730618656815e-05,2.66415720422733e-06,0.000211444808747624,0.00272507306072198,8.61823942754847e-05,0.309872896871475,4.87864826484317e-06,0.113836572025249,0.57235653129866,10
"20148",0.0199626126153946,1.55207556385114e-05,5.03877948153098e-06,7.31174777983206e-06,0.289917138145414,0.00022946526681447,0.0611943251637871,5.77609595201553e-07,1.75634776840513e-05,0.628650446438411,10
"20150",1.56995319624364e-05,9.00901213712221e-11,2.08339660596242e-07,2.08831760700487e-06,0.0464013029266839,1.84980488666222e-09,3.07231599867735e-06,0.0239471485115052,0.0718546940616145,0.857775784055073,10
"20152",0.111937477833965,3.10420952153554e-05,0.000226045550102089,1.16025734090382e-05,0.462327008575905,0.00107080777665802,0.0524908029315251,9.64993119223926e-07,1.28201528561926e-05,0.371891427517245,5
"20154",2.86706023609916e-05,0.994680094178065,1.60968997217133e-08,8.62073142903127e-05,9.1495958979413e-10,0.0051765534421337,2.78510669896503e-05,2.60461757342442e-14,2.58347979091227e-07,3.4803629601583e-07,2
"20156",0.444152781003543,0.000507006466339333,0.000124112236445649,0.000295174872033375,0.000258019394273116,0.0147346240553952,0.502186522433617,3.28290328895516e-06,0.0153472435962984,0.0223912330387661,7
"20159",2.4856510462394e-05,8.07085368382938e-09,4.21029945391532e-09,4.73401319316996e-06,0.00206584108805021,1.74336567617266e-08,3.98209290186591e-05,8.38653593708134e-06,0.0658622637970605,0.931994067411468,10
"20161",3.77571557900073e-05,2.65013294473834e-07,5.18435869766639e-05,4.99834351323477e-06,2.76705505638703e-05,7.02767327942121e-06,0.000636587904576293,1.35134370130361e-05,0.985274546779757,0.0139457895552356,9
"20163",0.0507247842532017,0.000143287352003073,8.84562522397551e-05,8.90937677783823e-05,0.924503127623366,0.000618333773249641,0.000452099256876498,5.04179327522579e-06,4.65833513631598e-08,0.0233757293446582,5
"20165",0.000622583970835882,1.56834224107392e-06,3.23104880785378e-07,4.60884211440779e-08,2.10617324101878e-07,0.000932609387351293,1.30440152840191e-06,3.51155106019294e-07,0.995962460539173,0.00247854239313796,9
"20167",0.0122999374644627,2.54176856945809e-07,1.90800279179239e-07,2.37964730021115e-07,0.031043624916973,2.84748620038544e-05,0.000251335250563485,1.55136453321479e-06,0.00049540771879961,0.955878985480798,10
"20169",5.96888674679572e-08,1.82266769736011e-10,4.9783459000336e-10,7.90715654347852e-08,1.23494739520499e-07,1.34381003421889e-09,1.17321676606303e-07,2.27691395145363e-06,0.998614210622749,0.00138313086253933,9
"20171",5.51536852905626e-06,0.996175361217615,7.60929654705273e-09,0.000243324624400084,3.37898264589174e-11,0.00353581068163255,3.87879161618093e-05,6.15004912658424e-14,1.15659460222208e-06,3.59539114347552e-08,2
"20173",0.000276055134097185,3.29179005310147e-08,0.972283742925414,5.26474800426857e-08,4.01487270031067e-06,0.000628428986411174,3.47259082193161e-07,0.00658491380800412,0.0202071080130228,1.53034358875819e-05,3
"20175",0.0448192406799118,1.92882927832821e-07,1.1396915327182e-06,2.68578878872948e-05,0.113071795322104,5.14635574482625e-06,0.00253892011465877,0.000172215183452195,0.00103127536718393,0.838333216514597,10
"20177",0.0703766308489906,1.81124235835574e-07,0.903867610360614,4.54205630250411e-08,0.000424823542717439,0.0215269183129562,7.42667426675849e-05,0.00370439255719224,6.67838597611268e-06,1.84527040866651e-05,3
"20180",0.112390993131657,0.0151204459052461,0.00870388438680267,9.3426807205553e-07,1.5912907979019e-05,0.861149701476782,0.00261808738809033,2.50272910115884e-10,1.55865787846827e-12,4.0283540046586e-08,6
"20182",7.01312148031701e-09,3.19131938554583e-09,1.2003851596593e-07,0.00364448427439276,2.68761544680225e-06,4.38259468669804e-11,8.44979847901448e-09,0.0821878038909172,0.913930507675022,0.000234377807640031,9
"20184",0.000182273560891129,1.46951337282511e-08,1.10933199758975e-07,5.50505387640068e-07,0.000203244828758067,7.82017923606476e-07,0.000149217537452481,9.22614159370155e-06,0.708450339748078,0.291004240031582,9
"20187",0.00137370546542701,2.30172775185587e-09,0.893155427728403,1.09883972554296e-07,0.000681014155385565,0.000102044064792734,0.00173531408751491,0.102512330508835,0.000369374900730684,7.06769032103573e-05,3
"20189",0.861959229556926,9.87059311564955e-07,0.0954177446066104,1.87184919164795e-08,0.017273244532262,0.0248076626661523,7.91236465732257e-05,2.29303747778561e-05,1.4481124130483e-07,0.000438914027652808,1
"20192",0.071785913964421,0.0339708590784752,0.841515970223706,0.00535115257915391,0.000945270328913114,0.0463935127790629,1.58572881709356e-05,8.86988397265077e-06,8.90803504578679e-08,1.25047937736696e-05,3
"20194",9.50447153322632e-06,5.16476142724833e-09,0.00112024951743422,1.98241525541756e-06,0.0116012095130635,2.15219880747506e-06,0.121115299077171,0.304943684202619,0.505169395653942,0.0560365177854118,9
"20196",0.00775663341252698,0.699856806045675,3.06006134593851e-06,1.23100960973745e-05,2.76547229227888e-07,0.291938551000124,0.000431708353053102,7.93599974640534e-12,3.9466012519257e-09,6.50529411651495e-07,2
"20198",0.567017168449367,0.000818004533348937,0.00229576108929127,0.000653752642576162,0.0913287568605547,0.0134548865968668,0.19548518936287,3.02617177708977e-06,8.63553560396492e-05,0.128857098937308,1
"20204",5.60082101388065e-05,1.54260917707018e-08,1.21995785657407e-08,1.17131485579008e-05,0.00385335558681416,1.60132201996342e-08,3.53831431595884e-06,1.29918970787374e-05,0.0415805410220062,0.954481808182198,10
"20207",0.0142058599325665,0.294708026454945,1.22425420843317e-06,8.60202545435716e-06,1.02090636814836e-07,0.681530327808261,0.00951245019319282,2.19108299707225e-12,5.85810663260602e-06,2.75491319117876e-05,6
"20209",0.000293519086558033,5.54358905576824e-05,2.53130649573204e-05,0.296672966389069,0.699312551798129,1.33221477075687e-07,0.00213326691909503,0.00025119119329994,7.74230761951798e-09,0.00125561469454889,5
"20211",2.37490165834143e-05,0.993470537470879,3.51651868855881e-10,0.0054463765292519,6.589563353423e-08,7.00666580530565e-05,0.000987383355569326,3.29934700049078e-14,2.67376123079195e-09,1.81804858312072e-06,2
"20215",0.00467953627204914,0.000265220982902972,4.41173695344279e-05,3.22132887417759e-08,7.88895939651082e-05,0.157277041510948,0.837392963040307,2.78062361233e-09,9.09238687511031e-07,0.000261286997692973,7
"20218",5.60688687539304e-06,2.32127616599366e-09,1.6344205923028e-09,1.15558515405301e-06,0.000102085763094999,9.76972961061087e-09,2.22601830636424e-06,1.37214900874157e-05,0.741666489513012,0.258208701018044,9
"20222",0.0157592767233101,0.218420656824119,3.0284473729202e-07,1.00541237587631e-05,2.07033567364022e-05,0.745465389802226,0.0188659016532747,8.65366585167742e-11,6.15295247873419e-06,0.00145156163282234,6
"20225",8.85985008689504e-05,3.15261261798092e-06,8.71257631780739e-07,0.000996746455407268,0.102729876626861,1.47019358653107e-06,0.0409344804609174,0.000109649462153376,0.003432872564797,0.851702281865158,10
"20229",1.23261988382542e-05,2.13129400137452e-05,3.71585423765144e-06,4.25705628298428e-05,0.000332091987460561,6.09443715099508e-06,0.999381619171374,6.47528839966585e-08,5.2071687338555e-07,0.000199683378337255,7
"20232",0.404860798938714,0.00177560947111918,7.54500613563903e-06,7.71450084479103e-05,0.00122843936081789,0.0159217620182371,0.575090024985198,7.74463403226585e-08,3.09418602654132e-07,0.00103828834638815,7
"20234",0.00216767985317862,0.290031365091264,0.000556242776229305,1.22345020115792e-05,3.30592358854725e-09,0.707230215435801,2.25880287376723e-06,4.62252162480145e-11,1.51442690455232e-11,1.713483291751e-10,6
"20238",0.482245772975264,0.00238742862352748,8.49998445021652e-05,9.80463491281483e-07,1.99203660585145e-06,0.508021779222424,0.00722898755255476,1.65523040937317e-09,1.96544022118526e-06,2.60921861786334e-05,6
"20253",0.00155729737138754,0.000479599870423734,0.000267631170954851,6.026451385818e-09,5.75710978818174e-07,0.67191969201387,0.325773928050152,1.55009117146628e-10,6.32054393688977e-08,1.20642533239875e-06,6
"20255",0.00313961484344819,1.45413365093855e-05,1.48161241254011e-08,0.000437889917565143,0.176944044136835,1.14023964943073e-06,0.00398887051212634,4.27262221178302e-07,1.27504901750106e-05,0.815460706445346,10
"20258",0.228160734299234,0.000245249540835497,0.000239515544877886,7.88074047376665e-09,5.13249513607815e-06,0.771329593257519,1.81493548516957e-05,4.74968280083761e-10,1.50381042056558e-09,1.61564802736525e-06,6
"20269",0.910757698828712,2.72098632937077e-05,6.93096551151438e-05,1.97884455745925e-07,9.48280743387963e-05,0.0672364410727101,4.8898075583744e-06,1.17571781190195e-06,0.00671682760692211,0.0150914214890818,1
"20271",0.227702212544113,9.56907389019176e-06,0.340341479382517,2.71476010376838e-08,0.000186528299141813,0.431698605145957,3.66246581368343e-05,2.39211409810589e-05,5.74488778871493e-09,1.0268627746133e-06,6
"20285",0.00193444753576691,1.93281891940891e-07,0.699030347043989,6.89710510442572e-06,0.116641281923895,0.000222132174416868,0.0108545672020414,0.167335559946124,0.000291897821611317,0.00368267596516018,3
"20288",0.068140656041292,0.000368708954071507,4.25765828664358e-06,5.50811092820189e-07,8.08136366183743e-05,0.0850854924977519,0.845737544547048,1.97445374441489e-08,3.20735522096985e-06,0.000578748754080202,7
"20291",0.424979258525306,0.44853953305288,3.38426169327205e-05,0.00127185286143637,7.47434311099854e-07,0.123001900295461,0.00216746147392398,2.87331532429896e-10,2.94453992150506e-07,5.10899842557879e-06,2
"20295",0.568907029871191,1.00214947807206e-05,0.399987677695134,4.87837803579361e-06,0.00423976161965248,0.0190441389783039,1.57711159583134e-06,0.00264208287534387,0.00135225216916635,0.00381057980679617,1
"20298",0.000148311427366408,1.09244742143158e-08,7.32277007775468e-08,6.34833354758829e-06,0.176561890212083,3.00596320475335e-08,0.00022045182378899,2.21955231255227e-05,0.000165628960723471,0.822875059507558,10
"20302",0.00426155456904164,5.10079431876377e-08,0.00014030499118133,6.56040975485001e-06,0.0189684361214353,4.66924744820519e-06,2.02369524055543e-05,0.00117373658979166,0.238920329639686,0.736504120471312,10
