"","V1","V2","V3","V4","V5","V6","best$classification"
"19811",0.956701538555291,4.52903380817493e-05,7.97369281678552e-05,0.00171844412517605,0.0414549861877827,3.86550037596843e-09,1
"19813",6.72181431737633e-05,1.76739629823145e-07,2.13302922740516e-06,2.10339783546775e-07,0.999930261583167,1.65018318185791e-10,5
"19815",0.994446128877475,0.00340005495690383,0.00211033472340436,2.64156942635226e-05,2.30041809863511e-06,1.47653298551476e-05,1
"19817",0.998266656669232,0.000320985238145868,0.000263014249582657,0.00113999163881481,9.12238946056694e-06,2.29814763990746e-07,1
"19819",4.66546152400208e-05,0.000567839859198896,0.527798791483501,6.575108419103e-07,8.39005973912704e-10,0.471586055692212,3
"19821",0.934100768294757,5.61436713822234e-06,0.00233882112106497,0.0453473281342866,0.0182074105739903,5.75087629404785e-08,1
"19823",0.508910980819723,0.489814903006388,0.0005301367142156,0.00036974639217827,4.04351392001589e-06,0.000370189553574964,1
"19825",0.00438620281758084,6.0325538297701e-05,0.134485893642734,0.851872369830866,0.00763840225383575,0.00155680591668611,4
"19827",0.376914244807509,0.000523455729356526,0.000581355057804032,0.621975114519789,1.10369134585637e-06,4.72619419484822e-06,4
"19829",0.00251943947403604,2.50912584951926e-06,0.987459099414755,0.0096038384407123,5.97731277885729e-06,0.00040913623186833,3
"19831",0.000402970959016894,0.00713447556512072,0.901963036271585,1.13072732770027e-06,1.62203360308087e-06,0.090496764443347,3
"19833",4.10259359862271e-06,0.811919445338166,3.39073713085502e-05,2.35992229326245e-05,6.63608847875696e-06,0.188012309385515,2
"19835",0.934100768294757,5.61436713822234e-06,0.00233882112106497,0.0453473281342866,0.0182074105739903,5.75087629404785e-08,1
"19837",0.925461484758482,8.37509113831013e-05,0.00192872340301565,0.0725180734343722,7.33360230426257e-06,6.33890442617499e-07,1
"19839",0.00568903361196471,4.46687636541704e-06,0.964660376707142,0.0274352360329918,0.00213533527317808,7.55514983584764e-05,3
"19841",1.62068433291333e-05,1.63498313900893e-08,1.90015630894461e-05,0.999862441828323,0.000102268966317081,6.44491097443609e-08,4
"19843",0.000102072005477312,4.71695980583766e-06,0.975369507551439,6.9586180655924e-08,0.0240473801766242,0.000476253720473053,3
"19845",0.0865115322675525,3.3852305302603e-05,8.50781731246597e-06,4.4057991387383e-05,0.913402047876212,1.74223341848314e-09,5
"19847",0.987028494503361,0.000832214356202107,0.00700830351187572,2.65162895294138e-05,0.00510207062175974,2.40071727214315e-06,1
"19849",0.000104724232449497,1.45273271258667e-07,2.41900628162077e-07,5.10871653193364e-07,0.999894377690435,3.15626205796754e-11,5
"19851",0.999042447057525,0.000741504208292154,9.07090691364084e-05,9.80209146413422e-05,2.71483744329234e-05,1.70375972223787e-07,1
"19853",0.915166675396856,0.0598036411940778,3.0564695456459e-06,0.00148005393219985,0.0235464018990932,1.71108227497791e-07,1
"19855",0.988572829491497,0.000976616159819619,1.54867395099738e-05,0.00908822475582259,0.00134681870952098,2.41438302955114e-08,1
"19857",0.94703307138229,2.00005393371188e-05,0.0152450848718701,0.0245253711775407,0.013176319087054,1.52941907884773e-07,1
"19859",0.977462812960556,0.00126246241474679,0.00201468893746381,0.0192371942303909,2.00502352772695e-05,2.79122156538327e-06,1
"19861",0.876768379187553,0.000203565628088749,7.52124206403007e-05,0.000110209544585013,0.122842623009141,1.02099915940196e-08,1
"19863",3.43791874868474e-05,6.16719528060919e-08,1.92505765360186e-07,0.00748306096250162,0.99248230553217,1.40123679794755e-10,5
"19865",0.00192470298426549,1.7392262460499e-07,5.13995559194348e-06,0.998067542892492,2.43281920369578e-06,7.42582162609342e-09,4
"19867",0.993208090766552,0.0004764815514095,0.00113292394533264,6.43092320813785e-06,0.00517552156272979,5.51250767650681e-07,1
"19869",0.00752827170291633,1.08656169053857e-06,5.53940712598677e-07,0.000135632924036121,0.99233445482938,4.12642414630855e-11,5
"19871",0.919536021150407,0.000600013187396812,0.00568376742409757,0.0741709532507476,3.82308821250343e-06,5.42189913796151e-06,1
"19874",0.1577768247291,0.000139708584216113,2.76579616922731e-05,0.842046724828434,8.82738705411724e-06,2.56509503706973e-07,4
"19876",0.518194573826566,2.86648540983122e-05,7.98736045778179e-06,0.481215654433445,0.000553115874036091,3.65139642371888e-09,1
"19878",0.292708222846372,0.00277223142812261,0.68723505399676,0.000448555451119179,0.00101440083761331,0.0158215354400129,3
"19880",0.000806412431064743,1.88906972977621e-07,1.8459221515286e-07,0.999173962958758,1.925073244517e-05,3.78544077808987e-10,4
"19882",0.770704847960163,0.000368196146059739,5.39915355267618e-05,0.00212726537368467,0.226745654115108,4.48694586663336e-08,1
"19885",0.99042960440579,3.44948037856002e-05,0.00862605637122906,0.000898884619700055,1.03604617960126e-05,5.99337699691999e-07,1
"19907",0.947948270938646,0.000176564432847645,0.000426335821032682,3.77038898632447e-05,0.0514109781316433,1.46785967336561e-07,1
"19909",0.0101371245175259,4.7823417714401e-06,0.989644358120923,1.26669148711292e-05,0.000171237148478527,2.98309564303607e-05,3
"19911",0.0224588684683182,0.000147919266906774,0.950683368018867,0.0260561310220348,2.80603267210472e-05,0.000625652897152687,3
"19913",1.67338974214199e-05,1.08907180805885e-07,6.08458507887012e-07,0.999981516359991,1.01554922078253e-06,1.68276782769587e-08,4
"19915",0.42843830469587,0.000144084951953901,3.51104803068428e-05,0.571377713360528,4.62416993206386e-06,1.62341409241688e-07,4
"19917",0.0104134917527325,6.22204087992035e-06,6.74188208934823e-05,0.989508130101873,4.61635874518414e-06,1.20924875452644e-07,4
"19919",0.814342605172987,0.000397952099931849,0.000568393468215405,0.1846866332101,2.8104287129378e-06,1.60562005305857e-06,1
"19921",0.999125331482132,0.000266054577947949,0.000365852465959191,2.13702869927361e-05,0.000221261168237927,1.30018730094274e-07,1
"19923",0.878648706917257,0.0527741399898585,0.0653116150651477,5.91705168002318e-06,0.000459867636400727,0.00279975333965573,1
"19925",0.043929958305372,1.73734875672103e-05,2.06300499938467e-05,0.956030355210665,1.58329706603681e-06,9.96493360387539e-08,4
"19927",0.998957792835571,0.000403540747755142,0.000113533486918629,0.000487701564471109,3.73463814295913e-05,8.49838541241088e-08,1
"19929",0.000148842734405432,9.22291821669742e-08,5.32760101005836e-07,0.520359241818796,0.479491290208893,2.48622694792382e-10,4
"19931",0.996445172584913,0.000597741453316721,0.00118372021411134,0.00176941683868171,1.67163298993199e-06,2.27727598726318e-06,1
"19933",0.271064369393741,0.000155648742859155,0.726319121530027,0.00195162511950672,1.00531535300264e-06,0.000508229898512377,3
"19935",0.904012456777882,1.1453253709451e-05,0.0932633933443754,0.00200196917075158,0.000708512559198022,2.21489408322912e-06,1
"19937",0.996503635002624,0.00301116208862856,0.000440069081120391,3.8638519276653e-05,3.59086009913461e-06,2.90444825136062e-06,1
"19939",0.99677660982765,0.000447947725801304,0.00095467978900594,0.00180828533072834,7.93923521583672e-06,4.5380915980247e-06,1
"19941",0.0068127372364712,6.88260609292106e-06,0.920630062929796,0.072036641273722,0.00040480849336625,0.000108867460551768,3
"19943",0.000617112793441443,1.6323803659868e-06,1.54409860046541e-06,0.999379424437332,2.45667426956124e-07,4.06228330841265e-08,4
"19945",0.0951585124499323,0.000342364858160645,0.903340451236006,6.52250910549005e-05,3.7880506647645e-07,0.00109306755978002,3
"19947",0.0170815920875951,7.89848187365459e-05,0.132760272471971,0.824429297467963,0.0255679638505885,8.18893031455974e-05,4
"19949",0.736467447628312,0.00898046680621385,0.246509542004104,1.46223951902799e-05,6.88671928353434e-06,0.00802103444689681,1
"19951",0.301125683905143,8.93874283126973e-05,0.00194698260885472,0.696814142704624,1.79863476218735e-05,5.81700544282606e-06,4
"19953",0.0029374458482064,0.131108645629376,0.267294672726106,1.93562223416947e-07,1.49870159720497e-07,0.598658892363929,6
"19955",0.00565195018941745,0.00698164639971239,0.961767993198934,3.32813561780267e-06,2.13573125584846e-05,0.0255737247637596,3
"19957",0.0718149716069838,0.00773260763353999,0.00135565553206509,0.919028249914115,2.95050150519207e-05,3.90102982444272e-05,4
"19960",0.00237320422563425,3.02007440981107e-06,0.996959875912916,0.000307550373397284,4.82713507248139e-05,0.000308078062917991,3
"19963",0.000318368042218233,0.0532287494662953,0.000325637515313802,0.93826828252676,9.40623308399127e-05,0.00776490011857281,4
"19965",0.000426587150170071,1.50764962934615e-05,0.998262779866891,3.15202253677866e-08,6.81779704501511e-05,0.00122734699596952,3
"19968",0.0140600478300485,2.58932722391592e-08,0.0020239737126077,0.769363471608775,0.214552471301898,9.65339886145951e-09,4
"19971",2.85498723548555e-05,0.000182854434625315,0.000974887528194794,0.992661866192833,1.31494043634578e-06,0.00615052703155572,4
"19973",0.991521746496155,2.06838032951189e-05,0.000253919797092754,0.00814907095014284,5.45539815875165e-05,2.49717268402267e-08,1
"19975",0.021990008842503,3.63717053717581e-07,5.49664427596036e-05,0.977914760683067,3.98931020873988e-05,7.21252889254076e-09,4
"19977",0.0012394625883939,0.00015257094813203,0.000121682685843599,0.998202186449188,0.000258806118662362,2.52912097803454e-05,4
"19979",4.14266117170283e-06,3.11797752141176e-07,0.988170266655609,1.52166794856283e-06,1.26736299080536e-09,0.0118237559501563,3
"19981",0.972412700144813,0.000181079579835015,0.0255877016351855,0.000916321608427499,0.000901392572814777,8.04458924651273e-07,1
"19983",0.964053271457671,0.000548388427466498,0.0348494207082074,4.77379114827716e-05,0.000494622175713576,6.55931945887049e-06,1
"19985",0.131135846967934,1.65837327185059e-05,6.92170916258741e-06,0.868789078061928,5.15617044560788e-05,7.82380115656286e-09,4
"19987",0.855295650643537,0.000110993774476148,0.0649864853652704,0.0795782742037646,8.87412306238254e-06,1.97218898898697e-05,1
"19989",5.50998891454481e-05,1.29814440072356e-05,0.964143604306227,9.36221747362920e-09,2.42527211170505e-09,0.0357883025731305,3
"19993",0.634855976679004,0.000136885187458808,0.334860455834115,0.0289126703337295,2.12222140502372e-06,0.00123188974428842,1
"19995",0.218067473859866,5.07289833226775e-05,0.774747836763911,0.00679873525137047,9.25773610519548e-06,0.000325967405425215,3
"19997",0.984186275275447,0.000177226047413029,8.52227269468167e-05,0.0154873992098062,6.38198541954157e-05,5.68861917438106e-08,1
"19999",0.905620405688497,3.55696697537808e-05,1.68654198607924e-05,0.092725924474658,0.0016012321758372,2.571393139806e-09,1
"20002",0.000353932069814712,2.53382737895243e-06,0.000223980366942853,0.421014098172303,0.578404596794068,8.58769492115287e-07,5
"20004",0.0935166995993331,1.18440496047208e-05,0.896674044465805,0.00933354752424623,0.000422368272198526,4.14960888124421e-05,3
"20006",0.0203644042806728,0.000878744935068528,0.972496819175943,0.000911219657108102,0.00278839280398613,0.002560419147222,3
"20008",0.0470970860139867,0.00267480635511803,0.918889670766307,0.000435553100510924,0.000401731954758751,0.0305011518093184,3
"20010",0.0399974412566993,0.0025000536398545,0.921432092785453,6.36408745287017e-06,3.26937936665648e-08,0.0360640155367472,3
"20012",0.164183058854288,4.63957345207916e-06,8.93192351496782e-05,0.824637357642317,0.0110855903584313,3.43363622001363e-08,4
"20015",3.98039244384739e-05,2.09831547024664e-08,0.999810266469495,5.31365744337882e-08,1.1889399749665e-06,0.00014866654636216,3
"20017",0.955436828813778,4.04748182348417e-05,6.02698738920415e-05,0.0408481926258737,0.00361422921533364,4.65288759895134e-09,1
"20019",9.85096882766391e-07,1.4164020959614e-06,0.859503885371036,9.41074237474771e-09,4.28035748861334e-10,0.140493703291207,3
"20022",0.00579730570357847,5.67336669976768e-05,0.992146942706458,2.11089205826e-06,2.75513507509662e-08,0.00199687947955707,3
"20024",8.98189510989362e-06,0.00132579618320203,0.164101456175559,3.62217999337131e-08,8.72681346165047e-08,0.834563642256194,6
"20026",8.98189510989362e-06,0.00132579618320203,0.164101456175559,3.62217999337131e-08,8.72681346165047e-08,0.834563642256194,6
"20028",0.747943409407056,0.000106726592788882,2.06268769870646e-05,0.251680798462555,0.000248421788683975,1.68719298737119e-08,1
"20030",0.000143793316078009,6.78814502700599e-08,0.999601206559405,0.000140211649460844,8.51439158018547e-06,0.000106206202025352,3
"20033",0.66097834034654,4.11597794156602e-05,0.00206936422647609,0.336861246014992,4.94158961866935e-05,4.73736390278415e-07,1
"20035",2.73685752768703e-06,2.39982632368969e-06,0.835747100661312,1.08824528379453e-08,9.86643942008795e-10,0.16424775078574,3
"20037",4.12170258219089e-06,9.08008850006852e-07,0.988572562356326,3.93731110420769e-10,2.99428903613467e-08,0.0114223775956206,3
"20039",3.22362945750838e-07,0.017346625794547,0.000223640641231431,1.19096791162088e-10,2.22234199407106e-10,0.982429410859945,6
"20041",0.624834637235764,0.0583757212018007,0.309041913831423,0.00101179050985379,0.000122391380885492,0.0066135458402726,1
"20044",0.504984525085199,0.0477962168471148,0.420621878514026,0.011259062100832,0.000138311844366274,0.0152000056084619,1
"20047",2.54193346069404e-07,2.37076298612738e-06,0.683661934789248,1.00011046954968e-07,2.72083197932518e-10,0.31633533997129,3
"20050",0.0171816666233728,0.0404505737400864,0.127506148479657,4.95507521945965e-05,3.13563936094505e-09,0.814812057269049,6
"20052",0.933028063315768,0.00257558534164287,0.0224528234922519,0.0418190118448577,6.79591094382588e-07,0.000123836414384785,1
"20054",0.000447367835725671,4.49909357854938e-08,0.999516569255756,5.88358151801756e-06,1.87357291876514e-05,1.13986068775133e-05,3
"20056",0.00121548899599114,1.31630853468961e-06,0.000135576730234143,0.998645379426201,7.46396884876403e-07,1.49214215452817e-06,4
"20058",4.79009595619818e-05,5.41619527713044e-06,0.989945708038398,2.12274741553052e-09,2.6200104010323e-08,0.010000946483911,3
"20060",0.998140647194574,0.000135515049555273,0.00115251866013313,0.000551323325062121,1.89372090905723e-05,1.05856158482621e-06,1
"20062",0.9905303814153,0.000113948162806285,0.00915448066272045,0.000173403444426311,2.43665811519273e-05,3.4197335953586e-06,1
"20064",0.0238330093212553,5.88462977714629e-06,0.975708660269105,0.000314256967388181,2.17868308312358e-07,0.000137970944166335,3
"20066",1.27128003171042e-05,4.65017431555677e-08,0.999191642537734,1.50829980588147e-05,1.39138156960647e-06,0.000779123780577321,3
"20068",0.998639016916519,0.000167278299295966,0.000123306781747703,0.000100006280108453,0.000970357262804805,3.44595240110238e-08,1
"20070",0.983857567889579,0.0158181287775538,0.000201050825166797,6.14017792200724e-05,5.88732400083701e-05,2.9774884719536e-06,1
"20072",0.000782265374354858,2.16945617209068e-06,0.995165601920704,3.50509580599781e-08,0.0039312455765303,0.000118682621280416,3
"20074",4.64635810889133e-05,9.43274621160624e-08,1.52289491037964e-07,0.999304882892086,0.000648406020174892,8.89697107168461e-10,4
"20076",0.0443333889893811,7.17651898537845e-07,0.0148982962928742,0.651565492937359,0.289202029906946,7.42215410233242e-08,4
"20078",0.0342750586504536,0.000433890062322736,0.963683855941701,0.000172468214202448,1.01246589068676e-06,0.00143371466542973,3
"20080",6.48359723553376e-06,1.07752639680569e-06,0.962613393058158,3.69475024010356e-08,1.46978897617532e-10,0.0373790087237282,3
"20082",1.20439289310036e-05,0.0161526815481704,0.00472981985333124,1.03758826433192e-07,4.54906256353419e-11,0.97910535086525,6
"20084",0.0108187087993598,0.000949846081923481,0.938102013615133,0.0375115783758484,3.98296501060601e-07,0.0126174548312336,3
"20087",0.031020421751507,0.00015898188195607,0.968329604261751,8.97590880769663e-07,3.35382963583741e-05,0.000456556217547378,3
"20090",6.38555708223093e-05,4.24086626486428e-05,0.664942099089122,1.62562758255816e-07,2.85254319562022e-10,0.334951473829395,3
"20092",0.0200619703233646,0.969757450803931,0.00645044983470492,4.54011298879902e-08,0.000133342216452136,0.00359674142041737,2
"20096",0.141619257360442,0.848992040185452,0.00373809134061645,0.00299508247686905,2.92348505584361e-06,0.0026526051515644,2
"20098",0.677147852051935,0.000104896361812002,0.000543058080592925,0.322196322621436,7.10223751869274e-06,7.68646705315053e-07,1
"20101",0.000152051286102613,7.34704334973963e-06,0.983208745678693,0.000162339688182351,3.96197581213034e-09,0.0164695123416969,3
"20104",0.0428745991424435,0.924074822317991,2.77150246836479e-05,0.000239463784226519,0.0327663663556319,1.70333750238659e-05,2
"20106",0.00114208152868266,5.75150409204805e-07,0.997936590008705,6.60897719953711e-05,1.13127827601222e-08,0.000854652227424519,3
"20108",0.959550622003983,3.67356416066426e-05,0.000984685618928115,0.0391639555738671,0.000263913226943716,8.79346717658864e-08,1
"20110",0.419155330314118,0.420684914144544,0.00742002993311358,0.136204123899673,4.03435359719077e-07,0.0165351982731913,2
"20112",0.0244665972216369,0.000513443985950544,0.927334117041049,3.92222604808e-05,4.86626043418702e-08,0.0476465708282782,3
"20114",0.04631052630641,0.000224624522262816,0.839284566009546,0.113012009273777,2.81044374307066e-06,0.00116546344426083,3
"20116",0.00516680505362219,5.19603308633518e-07,0.972862512388801,0.0218955759320663,4.75449290371788e-05,2.70420931650553e-05,3
"20118",0.765846638213327,0.000459186082322985,0.102635131796723,0.131003113365603,3.91143539786135e-06,5.20191066258972e-05,1
"20120",0.00769551923695294,0.000300741792409752,0.895391877848747,0.0010545574670266,2.54275986459927e-09,0.0955573011121041,3
"20122",0.000909986627930879,1.94930690640566e-07,7.4120391909619e-06,0.999065848829286,1.65539585853031e-05,3.61431630187496e-09,4
"20124",2.68454770763553e-05,2.87488147168057e-05,0.990364774050881,3.48805432223221e-09,1.60161477285644e-07,0.00957946800779372,3
"20126",6.56445135034587e-06,0.123354466302392,0.0137447620777488,4.16211338928318e-07,2.70480520907308e-07,0.862893520476649,6
"20128",9.53616582490055e-09,8.65415041938572e-05,0.0141417430282149,1.84102758765482e-10,2.53584743801323e-10,0.985771705493738,6
"20141",0.29390749882565,0.640928433777389,8.80655456559417e-05,0.0649704839091379,5.69351549242197e-05,4.85827872437363e-05,2
"20143",1.94447706573095e-05,4.580884731204e-08,1.31788106303375e-07,0.999967970824086,1.24053787071045e-05,1.4295956632534e-09,4
"20145",0.0102602721859804,9.53429448446548e-05,0.98036416892763,9.64155384915675e-06,2.18524069278828e-09,0.00927057220245503,3
"20147",0.00169214017692157,3.07708293176896e-06,0.997922165028302,6.68909500944297e-06,2.10552460952048e-08,0.000375907561589451,3
"20149",0.000792308451567726,1.0204575921602e-06,9.57331967541556e-07,0.999196232072218,9.47835387853257e-06,3.33277612548144e-09,4
"20151",0.874055281861156,4.36771704552788e-05,0.000664283918689844,0.125230048671974,6.24864645074714e-06,4.59731274345475e-07,1
"20153",0.283334271706884,0.0127893225526626,0.00174741981886804,0.701125530836127,7.76791382844555e-08,0.00100337740631952,4
"20155",0.00033677645582788,2.33412429987757e-06,0.998478011624869,4.42984460046655e-07,6.24488565091028e-08,0.00118237236168691,3
"20157",0.299123027535918,6.83923976945977e-05,0.000207144969417244,0.700596015174754,4.46291848199649e-06,9.57003733732378e-07,4
"20160",2.99805061727965e-05,7.56994391062304e-08,2.71224757828346e-07,0.999967786562012,1.88226860499289e-06,3.73901336628522e-09,4
"20162",0.00200529616667385,4.56543218703384e-07,3.60398675009581e-07,0.997984321580525,9.56446442318947e-06,8.46483996214196e-10,4
"20164",0.0454577391068858,0.000101903135795777,0.000140146263473149,0.954293357488547,4.21553731383612e-06,2.6384679841518e-06,4
"20166",0.000128621413597435,8.10641718331122e-08,0.998362884314669,0.00109067844170465,0.000260743752796261,0.000156991013060777,3
"20168",2.72344448068365e-05,1.57548537282489e-07,0.00256388979864208,0.000637207963129188,0.996770792768576,7.17476308678104e-07,5
"20170",0.550465770975093,0.000624806785258536,0.000421451105647022,0.448483869988793,2.70601728121689e-06,1.3951279281118e-06,1
"20172",0.00335469077890145,3.63904324975439e-05,0.994957040041893,6.16611236368916e-08,3.10675760498275e-08,0.00165178601800842,3
"20174",0.450604854089971,9.01669852935473e-06,1.76566672263918e-05,0.355677634988552,0.193690836589729,9.65991818376588e-10,1
"20176",0.000106378045002402,8.8809824681536e-08,0.000207111202260457,6.51820972743288e-06,0.999679890911219,1.28219663480765e-08,5
"20178",1.80395162947656e-05,1.05024598098311e-07,3.06724178591534e-07,0.999980577301219,9.61238736447798e-07,1.01949736193267e-08,4
"20181",0.000158650861225553,6.49954661648106e-08,0.994793040916806,0.00483419857880083,1.90690578925847e-06,0.000212137741912213,3
"20183",0.988565740497542,0.00589358913939419,0.00549583117853886,1.89877208106019e-05,3.8641934374006e-06,2.19872702768197e-05,1
"20186",0.944321886237575,0.0251986617882175,0.0278967544023142,4.24594614426777e-07,0.00246754621997768,0.000114726757301131,1
"20188",0.000185689066734947,2.63174832874998e-07,2.97236065961118e-07,0.99981257534246,1.16995033968725e-06,5.2295662387595e-09,4
"20190",5.92189141995245e-05,6.14847793158982e-08,0.999399752524644,4.68230324181672e-07,3.98338961101833e-08,0.000540459012157245,3
"20193",0.000423870854384822,7.11960101252577e-07,0.00249215770278958,0.951703297502198,0.0453745653526468,5.39662787937931e-06,4
"20195",0.177958152838555,4.19978800045059e-05,0.00201502668791415,0.819974094032311,4.26090918945781e-06,6.46765202617933e-06,4
"20197",0.00244646667494655,1.38651087043632e-05,0.996532455782346,1.02641013968007e-07,8.01286948446486e-08,0.00100702966429475,3
"20199",0.0444236951545634,0.000111674378391521,7.3355146143101e-06,0.955455508573859,1.64974769326531e-06,1.36630878505472e-07,4
"20205",8.0649515205835e-05,0.419856306822464,0.000615800697576029,2.13816189563728e-08,5.47988766492537e-10,0.579447221035146,6
"20208",0.975573965115987,5.58055143431406e-05,0.00305830615682596,0.0212672436554208,4.35407454200737e-05,1.13881200266654e-06,1
"20210",0.00684775477290476,1.57123572724559e-06,1.34165982724809e-06,0.9931453765094,3.95157832932011e-06,4.24381130262916e-09,4
"20212",0.0983682713513804,1.93629509882274e-05,0.000181496738170986,0.901423113899331,7.15993209001915e-06,5.9512803913431e-07,4
"20216",0.002234369959267,1.12295931333121e-06,0.997434710055044,7.39689609578501e-05,3.16396502283442e-07,0.000255511668915155,3
"20219",0.0112348689907633,0.054475520668601,0.459193238841685,0.000109143882043988,7.21027647312208e-09,0.47498722040663,6
"20223",1.64659042383864e-05,3.94620383110367e-06,0.993616853582546,1.40023282298679e-09,0.00218730401950937,0.00417542888964217,3
"20226",0.930841479835293,0.00323263663146376,0.0622669913845702,0.00206946552691709,2.22643687829369e-06,0.00158720018487783,1
"20230",2.34372843314633e-05,2.41357248307424e-07,0.997327457779558,6.22918055434248e-08,3.20860059997893e-08,0.00264876920105053,3
"20233",0.000123884734229734,0.999525164682821,2.29182998746158e-07,2.07431903078779e-06,4.48964588883325e-08,0.000348602184461059,2
"20235",0.000414703714331752,0.00228564544572104,0.948450961169975,7.33608713754306e-09,0.000144399368397962,0.048704282965487,3
"20239",0.0139332767560513,0.000213949735020078,0.982986021776468,1.60518045224588e-06,0.0023899992495363,0.000475147302471732,3
"20254",1.52998673176992e-06,0.00446998933003407,0.00291424339417063,4.16591099972821e-09,4.38715191367925e-12,0.992614233118765,6
"20256",7.76652973432239e-05,4.99085779085054e-06,0.999085986376824,6.62663505265932e-09,3.33674291368973e-07,0.000831017167115435,3
"20262",0.224019886114986,3.05187095388327e-05,0.00014739418206252,0.775799130142372,2.88747890536278e-06,1.83372134832925e-07,4
"20270",0.0208930711516333,1.70490964129631e-06,0.970306596298944,0.00555238496301115,0.00311232179620491,0.00013392088056579,3
"20284",0.540894564832035,0.430634745811968,0.0115041871281423,3.58283440303885e-05,3.53160074611703e-07,0.0169303207237498,1
"20287",1.98435741446997e-06,2.16409329896363e-07,0.990865976094256,1.40045603022521e-09,1.66347826712314e-07,0.00913165539071709,3
"20290",0.00782899568071608,0.297438330047652,0.00571148730812692,8.49750243364937e-05,1.20112372967116e-09,0.688936210738045,6
"20293",0.0400976146994206,0.000367919852973131,0.958816331582279,1.48908213602927e-05,8.15520880203147e-07,0.000702427523086618,3
"20296",0.246987242657222,6.30687931814259e-07,0.0112965788946245,0.724546386562058,0.0171691211900066,4.00081569115556e-08,4
"20301",1.51408869384128e-06,3.50313876911926e-07,0.91252658459713,1.25626744944297e-05,8.14665534724927e-08,0.0874589068592515,3
"20304",5.43585764763056e-05,0.0709507858740741,0.013198970280451,3.78426916126517e-07,2.98872275606964e-10,0.91579550654321,6
"20306",3.69384391037831e-05,1.25340882296042e-05,0.980693065060633,2.26522221419776e-09,3.41585078127541e-08,0.0192574259883036,3
"20309",0.393216380011379,0.000893379136645848,0.6030044521312,0.0002056682398209,1.56930513107039e-06,0.00267855117582292,3
"20311",0.00506424755910228,5.7885637361599e-05,0.992960279193992,0.000438877506349649,1.62764918228106e-06,0.00147708245401291,3
"20314",0.955298861524846,0.000208090491322092,0.00419996674155618,0.0402862606476154,7.92976237048998e-07,6.02761842341595e-06,1
"20318",7.36612305102922e-05,6.84985995041693e-08,1.6903945438577e-05,0.999895665997111,1.36123454313308e-05,8.7982909240085e-08,4
"20320",0.972736031511502,0.0211764323463544,0.00265723525134607,0.00315217303328605,2.51118020383616e-05,0.000253016055472944,1
"20326",0.893280740415442,0.000559671893783165,0.00600213466090577,0.100141698689942,2.05467296552842e-06,1.36996669613101e-05,1
"20328",0.982873252673299,0.0154559589814345,0.00159426985437142,1.90368795237179e-05,5.90050624155858e-06,5.15811051295815e-05,1
"20330",0.00534338486792894,0.00199399565930961,0.950842419943119,3.58044249772084e-06,4.11795619086507e-06,0.0418125011309535,3
"20336",0.0537190504040405,0.81498248782226,0.0292057606248438,2.4880351105936e-06,1.9596729337634e-08,0.102090193517016,2
"20338",0.00381296363761997,0.441209445027684,0.0516872553498122,0.000307331037867325,1.24422128930605e-08,0.502982992504804,6
"20340",8.17922342319841e-06,1.4164924680467e-06,0.990404780076198,3.33924282404546e-08,7.45406603492776e-08,0.00958551627482255,3
"20342",0.000223611300943009,0.794327261573128,0.000567922450986794,0.000225166857717784,5.0350853115879e-05,0.204605686964109,2
"20344",0.00214555573495314,1.45418358534362e-05,0.995943038989842,5.7919234282596e-07,3.22856049745932e-07,0.00189596139095905,3
"20349",5.29579618415836e-05,1.44212488310586e-06,0.998822544304043,5.84066086746686e-09,1.76814415828245e-07,0.00112287295415593,3
"20351",0.049473769373855,0.00163032136334491,0.941861626580717,0.000618329331743251,9.32404008976419e-07,0.00641502094633058,3
"20353",0.00157255461171212,0.00154713316236659,0.80281165392461,1.03307060656859e-07,3.43877016452391e-08,0.194068520606549,3
"20357",3.26212333488592e-05,0.0902093887278421,0.00209120163976378,8.86381459252739e-10,3.62275958991713e-10,0.907666787150388,6
"20360",0.00102238916511651,0.589756947961173,0.0269923821884095,2.33896580500094e-06,0.000911490853918798,0.381314450865577,2
"20364",0.0688371238678008,0.000157605097608123,0.924266456417791,1.65463105485664e-05,4.27006916241597e-08,0.0067222256055597,3
"20366",0.00935273748055497,0.932130912029955,0.00201292690283503,2.21163469544693e-05,1.18986580980956e-08,0.0564812953410423,2
"20381",0.00295879314964054,3.85157959986358e-05,2.71856172508866e-06,0.020721352688094,0.976278616861671,2.94287065319036e-09,5
"20391",0.130047391589952,0.0738111919090481,0.477855445549523,1.06955815116187e-07,0.314233443395079,0.00405242060058292,3
"20394",0.996450525589871,0.000200967311817861,0.000275541364418503,0.0011927001870811,0.00188021280653097,5.27402799145221e-08,1
"20396",0.193812504506026,1.14430496200779e-05,2.53625710479918e-06,0.0197737860276986,0.786399729910688,2.48861993326221e-10,5
"20409",0.159383957456524,0.00016486554844816,0.597848334341891,0.24177524498719,8.16518070534664e-06,0.00081943248524152,3
"20411",0.000564708650290766,0.00246702043587109,0.854951370487726,3.5123944397713e-09,9.50541027822976e-09,0.142016887408307,3
"20416",2.0863425063206e-08,0.00030180516073034,0.0050706422353597,7.30713444039044e-12,4.00769020250003e-11,0.994627531693101,6
"20418",0.104784927824995,4.15290367934302e-06,2.00020981011167e-06,0.0897083381010462,0.805500580808036,1.52432763402515e-10,5
"20420",0.00208814900262377,0.997215515217488,4.49073640821993e-06,3.11938058332779e-05,8.37943520819721e-08,0.000660567443294357,2
"20422",0.00109353816202095,2.22379462121238e-06,0.991156958344058,5.28661388764133e-05,6.81613313723973e-08,0.0076943453990921,3
"20424",0.000464280427144699,0.000651895004229168,0.902805487827116,1.00264554091329e-08,4.60322957410445e-09,0.0960783221118249,3
"20426",2.95166432785417e-05,0.630594914903526,1.49981678725777e-05,0.00031134889831265,1.67550392565862e-09,0.369049219711506,2
"20428",0.0633981585092719,1.06912820387498e-05,0.934828624761006,1.19977231063726e-05,0.00173792721151937,1.26005130576215e-05,3
"20431",0.842725828751461,0.00337660687462984,0.0375758063489018,0.113603974212691,2.13967994505e-06,0.0027156441323706,1
"20433",6.92256072251504e-06,1.57848445804357e-07,0.999282693781793,1.53096914367049e-08,0.000228608611483711,0.000481601887863844,3
"20436",6.88669110388666e-05,1.35747140414249e-07,0.00876035108992947,8.64347636658991e-06,0.991161724524594,2.78250930640409e-07,5
"20439",0.376642815547638,1.13499358078533e-05,9.88978001985527e-06,0.325722419572188,0.297613524553781,6.1056527052859e-10,1
"20441",0.000372598266969668,0.419146000112716,0.00305401314689237,5.92418145451017e-07,1.28815097953138e-09,0.577426794767125,6
"20444",0.000100490815163537,1.00979639185512e-07,1.68020049738413e-07,0.999895856233266,3.38267049869302e-06,1.28138269982846e-09,4
"20448",0.628353158540334,0.00417101858092592,0.0188350926131922,0.348168686320748,0.000300609416094648,0.00017143452870523,1
"20536",0.317336426845244,5.91865081967377e-05,0.000418910112559022,2.13050062695183e-05,0.682164155768122,1.57596083741097e-08,5
"20538",0.0750550357345284,0.484384280925293,0.374503418629167,5.16578657257253e-06,1.07720259255729e-05,0.0660413268985137,2
"20541",1.09615684175759e-05,8.10196545475025e-05,0.544507031115832,5.12513570103159e-09,9.17810300422084e-11,0.455400982444287,3
"20544",0.698186948381782,0.000973695451751385,0.293976678912586,0.00671298225455458,3.49243319805015e-06,0.000146202566128806,1
"20546",0.00191207227496839,0.000112495002354674,0.982413991754229,1.69310942752273e-08,1.00083064445841e-08,0.0155614140290478,3
"20550",0.538757252822883,0.0103309709748344,0.434156945951841,0.00434957344466699,5.54638747396543e-05,0.0123497929310344,1
"20553",1.06072240108713e-09,3.99670657040379e-05,0.00103385486046256,1.42422368632436e-08,9.38042329809733e-11,0.99892616267707,6
"20555",0.00024376623684652,0.998664907309167,1.48731067173887e-06,2.01007694190502e-08,4.45305963181937e-08,0.00108977451194894,2
"20557",0.605597222031307,0.0692949617096045,0.225366984811288,0.00404978044745462,3.59836967623448e-07,0.0956906911633778,1
"20559",0.000442642737843683,5.12106127462993e-07,0.999025409579183,2.27074514187958e-06,5.55438103542302e-09,0.000529159277323059,3
"20561",0.578615425719839,0.000332877776797738,0.00179653393327627,0.419246573328889,6.1810491350082e-06,2.40819206224018e-06,1
"20564",1.80395162947656e-05,1.05024598098311e-07,3.06724178591534e-07,0.999980577301219,9.61238736447798e-07,1.01949736193267e-08,4
"20566",0.114597729111268,1.34914216105013e-06,0.885233111842472,9.75740336751779e-05,4.91626429659193e-05,2.10732274572736e-05,3
"20569",0.75316802183988,1.51826951141971e-05,4.00064601622367e-05,0.246098708324762,0.000678070794501986,9.88557955344104e-09,1
"20572",0.033396026333981,6.5397443732535e-07,1.09007868846802e-05,0.96597456702752,0.000617850379305037,1.49787204556031e-09,4
"20574",0.000337213663564713,1.2688627107041e-05,0.981638819815087,4.13634389131419e-06,1.00082896184145e-09,0.0180071405495203,3
"20576",0.000122021967324276,2.9363452836483e-07,2.12014418034443e-06,0.999874914515122,6.29414645999137e-07,2.03241993870504e-08,4
"20578",0.170822152960982,0.000143411265497224,0.823345055145289,0.00533118359342012,1.23154745024273e-06,0.0003569654873612,3
"20580",0.16140208661684,1.31501816136725e-05,0.838433734820731,8.86355914632144e-05,1.61046168034139e-05,4.62881725482012e-05,3
"20583",6.51717544484341e-05,2.05232831547061e-07,1.53715328433447e-06,0.999932423122177,6.44042845899728e-07,1.8694413037926e-08,4
"20586",0.0942837793217282,0.000207114896414406,0.904533016515613,4.82783027144196e-06,9.44518780184261e-07,0.00097031691719314,3
"20589",5.54649003000762e-05,1.63942071714238e-06,0.99875617417424,1.13406533532657e-09,1.37677315093348e-07,0.00118658269336192,3
"20591",0.409549619098197,0.58472855906268,0.00352890002192196,8.25485461166084e-06,2.07970194439661e-05,0.00216386994314538,2
"20593",4.90524780897384e-07,5.17029937331017e-08,0.99234648527373,1.88052580412477e-08,1.81969894413599e-08,0.00765293549624807,3
"20595",0.00381762594086427,6.90821307260961e-06,0.995322797446943,6.14307801620935e-05,5.57932000708547e-08,0.000791181825758067,3
"20597",0.000991965627272111,3.97246728683584e-07,2.64423857778158e-07,8.25786982511588e-06,0.998999114805245,2.70711768906671e-11,5
"20599",2.5381295968555e-05,5.36556192392331e-08,3.80716654312931e-07,0.999972604642825,1.57445424950317e-06,5.23468323805635e-09,4
"20601",0.998442691978482,0.000711458290757633,0.00049209436407987,0.000348825903314736,4.098087321999e-06,8.31376044057108e-07,1
"20604",1.72580834034292e-05,1.00692388596138e-07,0.99724140154339,1.36321306672461e-06,4.20987595992819e-09,0.00273987225787553,3
"20606",1.96574136186661e-05,2.05410229801468e-07,0.997920465625261,2.97003536196673e-08,5.75479096346179e-09,0.00205963609574578,3
"20608",0.000855096253943456,1.98627575120679e-07,0.999046270913795,2.73486143810116e-07,1.68151512260517e-06,9.64792034201278e-05,3
"20610",0.000970784505404706,1.24007842209988e-06,1.25821254509504e-05,0.999014223501813,1.01025290037992e-06,1.59536008737424e-07,4
"20612",0.0017931661800941,0.0470504951924191,0.226653049200546,0.00131054729815882,0.665764400445853,0.0574283416829291,5
"20614",0.00493286546780041,4.04460349443874e-06,1.73629663600441e-06,0.995060479147719,8.51827729219374e-07,2.26566212317843e-08,4
"20616",0.989968786767327,0.000329645974673347,0.008648085207631,0.000995995576306706,4.79385216877731e-05,9.54795237442582e-06,1
"20618",0.00103186687758433,0.955945475331082,0.000260106428537283,1.97366652759818e-05,1.97492535148018e-09,0.0427428127225951,2
"20620",0.0007338321080689,1.39452723467165e-06,0.998937637593335,3.81704696861448e-05,4.99356438639914e-05,0.000239029657811662,3
"20622",0.000319360175671171,3.05897651649665e-07,6.26138860407455e-06,0.999673688310163,3.51544634852978e-07,3.26832755362485e-08,4
"20624",0.000574107997434552,0.000464636856041352,0.951730736419154,6.5774265137669e-08,3.42092860120301e-08,0.0472304187438194,3
"20626",0.0196230059713849,4.44335684279223e-07,0.778950261159519,0.00110058233026105,0.200321817641507,3.88856164353579e-06,3
"20628",0.395388503929404,0.000423481788560256,0.392324571365647,0.000669422079475983,0.211109664601737,8.43562351762392e-05,1
"20630",0.134571327560115,1.53105975536495e-05,0.84827215291707,0.0157849254109955,5.21933201538212e-06,0.00135106418225017,3
"20632",0.00476630748591515,3.95093186604225e-07,2.29019382352269e-07,0.994308045474821,0.000925022801467306,1.25227982108159e-10,4
"20634",3.36238744792017e-05,1.75344696872093e-07,0.998725113577292,2.13697355400846e-08,1.19645237433959e-08,0.00124105386927285,3
"20637",1.76289139443558e-05,0.00433008452574872,0.0036837077854854,5.05564956054655e-06,5.76836853267412e-12,0.991963523119493,6
"20639",0.244022745704864,7.34681219679857e-05,2.4467899895989e-05,0.755874838782556,4.38444400686941e-06,9.5046708298217e-08,4
"20644",1.37028597734038e-08,0.000180949762360978,0.029462483555556,2.77820542009776e-09,1.04972343464444e-06,0.970355500477583,6
"20646",0.000232248653334156,0.000792670551176221,0.908344256961368,1.0538182045732e-05,0.00210238479374621,0.0885179008583294,3
"20648",0.983855730990971,0.000577273249364052,0.000245345812206547,0.0153195094680492,1.33859772180339e-06,8.01881687268617e-07,1
"20650",0.000116046163186527,0.00147905199494671,0.382260050283249,3.08949400554637e-08,1.65821102752856e-08,0.616144804081567,6
"20653",0.990104134724504,0.00575737608232008,0.00052416424474941,0.00351103486399648,8.9597433445593e-05,1.36926509849892e-05,1
"20658",0.000146613020173686,1.06226906120972e-07,0.999626342936394,2.1567570036202e-08,0.000182976730802482,4.39395181533236e-05,3
"20661",0.0056660593269671,0.888369454889548,0.0550548583906655,1.85364163491651e-06,0.000108709629189472,0.0507990641219948,2
"20663",0.38181423146976,0.000799844224968403,0.617075748567525,7.12890141013129e-06,2.71466667708957e-06,0.000300332169659326,3
"20665",2.92869862088392e-05,1.34285460949437e-08,2.84047794161574e-06,0.999913863884103,5.3992644375962e-05,2.57882438289524e-09,4
"20667",0.93682238501117,0.00380511454355216,0.0360555233039446,0.000290510183916731,0.0229642407644121,6.22261930047054e-05,1
"20669",0.0282831698045732,2.58148090162739e-05,1.88227822493815e-06,0.000320807353067002,0.971368325353358,4.01760935716621e-10,5
"20671",0.00254689987957262,0.0252936982822173,0.187208912349642,0.000116211007614275,3.26548785690505e-10,0.784834278154405,6
"20673",0.000869147671072002,2.02949123314535e-07,1.4651187199842e-07,4.08788406027759e-05,0.99908962401507,1.2260026423216e-11,5
"20675",0.77556843701348,7.53270901584278e-05,0.0121538696231504,2.84850676716183e-05,0.212173351892844,5.29312695541965e-07,1
"20677",0.418082496717017,0.000200117787362466,0.581194237469862,5.08374676440275e-06,0.000469351184320834,4.87130946738349e-05,3
"20679",0.0328173871015907,2.02371489174821e-05,5.48011079841729e-07,0.00120430252289841,0.965957525081125,1.34388621011524e-10,5
"20681",0.945236743029863,0.000437217354226578,0.000157768874401813,2.95449567443302e-05,0.0541386925600188,3.32247452771863e-08,1
"20683",0.581194943098847,5.6144487400513e-05,0.415311256587839,1.33145248675335e-05,0.00339077404568388,3.35672553622005e-05,1
"20685",0.000680025828744349,0.999015841363966,8.38681796021972e-07,3.83344936244564e-06,7.43134449042192e-08,0.000299386362686017,2
"20687",0.0515957569015234,1.83708102219038e-05,6.93646717909714e-06,0.948376693258732,2.20819335385789e-06,3.43689897811296e-08,4
"20689",9.98576924894384e-07,0.00419052794913391,0.068513852133118,7.72712549086821e-09,9.36847136536715e-06,0.927285245142332,6
"20691",0.000154663403979791,2.46476207480283e-07,3.69830022587862e-07,0.999844110730387,6.04091896845703e-07,5.4675059199057e-09,4
"20693",2.05330317335917e-05,7.39278332898632e-06,0.988243905432758,2.73741525760451e-09,6.30787206896353e-08,0.0117281029360439,3
"20695",0.995858029139501,0.000183550420342521,0.000241383199635404,0.00369932717334369,1.74450099220599e-05,2.65057255496832e-07,1
"20697",0.000166513601944213,1.00317703157112e-06,0.993632218261705,4.72453776652555e-05,1.20162240703637e-09,0.00615301838003183,3
"20699",0.577739099362333,9.13768148680964e-06,0.408908150366902,0.000126274321008717,0.013215750771272,1.58749699683299e-06,1
"20701",0.0646797235240207,5.01602507055885e-05,0.934685661297171,2.8841227548865e-07,0.000494937996582603,8.92285192443906e-05,3
"20703",0.0223597128211009,0.0402640501652307,1.53027393317889e-05,0.000147966715666216,0.937201348146574,1.16194120965483e-05,5
"20705",0.00237066695804211,8.25837260197328e-05,0.983398494488434,1.32139711819486e-07,7.54792506062736e-08,0.0141480472085413,3
"20707",0.994081138694145,0.00113626958430238,0.00475716222922523,1.31573046966109e-05,3.81336948423626e-06,8.45881814622488e-06,1
"20709",0.0628237024095215,2.20798278126721e-06,0.032326264033485,0.904501562920631,0.000342273487191127,3.98916639031631e-06,4
