"","V1","V2","V3","V4","V5","best$classification"
"19811",0.00233088577386113,6.54213548830572e-07,0.0474957834919899,6.5421411299588e-05,0.9501072551093,5
"19813",3.73619035120396e-07,9.70716117087444e-09,0.99989247938626,2.37874090867488e-06,0.000104758546634846,3
"19815",3.6708550466836e-05,0.000586974895589773,3.43063455234961e-06,0.00164266053795104,0.99773022538144,5
"19817",0.00149956222528861,2.08877993698379e-05,1.3658179275713e-05,0.000209278204616226,0.99825661359145,5
"19819",1.29816140615439e-06,0.147917051407515,2.13779696894131e-09,0.851966513944245,0.000115134349036795,4
"19821",0.0600444858983419,1.2285445483123e-06,0.0218572456395288,0.0021953388800636,0.915901701037517,5
"19823",0.000732148772857968,0.0531926616567243,1.00487048277862e-05,0.000727968096416434,0.945337172769174,5
"19825",0.817085553223467,0.000973051750322881,0.00812017212409573,0.16828757725451,0.00553364564760455,1
"19827",0.625616256134599,0.000129129828508497,1.6912909595396e-06,0.000532006270183684,0.373720916475749,1
"19829",0.0110459272794059,0.000143077100998138,8.02600921610068e-06,0.985571957199106,0.0032310124112735,4
"19831",1.65985168084273e-06,0.114159670546458,2.46438877276822e-06,0.885090980212921,0.000745225000167646,4
"19833",1.90779341462686e-05,0.999927536981284,7.21313450262369e-06,3.94914703984784e-05,6.68047966817741e-06,2
"19835",0.0600444858983419,1.2285445483123e-06,0.0218572456395288,0.0021953388800636,0.915901701037517,5
"19837",0.0861847237463585,1.96452799398304e-05,1.09744425907243e-05,0.00162267887174817,0.912161977659363,5
"19839",0.030732893951118,5.07497443259613e-05,0.00245465318173074,0.959213423773241,0.00754827934958409,4
"19841",0.999814518516535,9.32601478628245e-08,0.000131348207621686,3.10988684385869e-05,2.29411472566577e-05,1
"19843",1.06459609971714e-07,0.0001501183575242,0.02234971477986,0.977344241329808,0.000155819073198074,4
"19845",6.48990609362487e-05,3.55784138510763e-07,0.907650850487975,7.60951609300248e-06,0.0922762851508571,3
"19847",3.72058145995826e-05,8.99811120361839e-05,0.00569328831760646,0.00511790974324874,0.989061615012509,5
"19849",8.80503381230089e-07,3.35946124705642e-09,0.999847601490159,2.79597204767611e-07,0.000151235049793113,3
"19851",0.00014018944386071,2.4885678212683e-05,3.93400682086368e-05,7.3302655146917e-05,0.999722282154571,5
"19853",0.00185688814154509,0.000152675276294865,0.0280379017657533,2.65027540893679e-06,0.969949884540998,5
"19855",0.0111681826011359,8.90228529459322e-06,0.00173481405481958,1.24927426902616e-05,0.98707560831606,5
"19857",0.0299662643067587,3.78757318779751e-06,0.014828874219754,0.0114509507493168,0.943750123150983,5
"19859",0.0213327959582709,0.000137897183198163,2.7650784357662e-05,0.00151555745988706,0.976986098614286,5
"19861",0.000157357100487817,2.13223609174837e-06,0.13142285798685,5.86531752007295e-05,0.86835899950137,5
"19863",0.00898565435157998,4.55438826379328e-09,0.990963762569713,2.80484146584007e-07,5.0298040172712e-05,3
"19865",0.997877459066708,9.42307833755372e-08,3.54932427126087e-06,6.32781600368291e-06,0.00211256956223396,1
"19867",1.00233269194774e-05,3.238848796278e-05,0.00605147598755872,0.000901533165469877,0.993004579032089,5
"19869",0.000196664170041444,9.3815495657388e-09,0.991216536635773,5.53433325631471e-07,0.00858623637931037,3
"19871",0.0810156424719346,0.000158524431680939,5.58144391599801e-06,0.00433784929719099,0.914482402355277,5
"19874",0.839636850444238,1.31463410288278e-05,1.29981570327282e-05,2.80529473760752e-05,0.160308952110324,1
"19876",0.521647301178052,5.71575616018238e-07,0.000711208280351697,7.28476281008661e-06,0.47763363420317,1
"19878",0.000521303257175578,0.0186707866872385,0.00113490295319964,0.673223075565839,0.306449931536547,4
"19880",0.999056129522301,1.79626351035401e-08,2.66580903829056e-05,2.31000672428329e-07,0.000916963424008875,1
"19882",0.00274125834869475,6.48948004394428e-06,0.238937200314563,4.84898244250391e-05,0.758266562032274,5
"19885",0.00124545001998446,1.30135070810909e-05,1.52263519402675e-05,0.00673855748248775,0.991987752638506,5
"19907",5.81463300376726e-05,9.89193650596814e-06,0.0574781125619278,0.000368497972549569,0.942085351198979,5
"19909",2.33299003393259e-05,5.106606049642e-05,0.000254506293017103,0.984064897136715,0.0156062006094319,4
"19911",0.032177712572911,0.00119408733604954,4.11700743498591e-05,0.934634402626038,0.031952627390652,4
"19913",0.999972361675358,1.27725405693008e-07,1.61556670236872e-06,9.96072946658983e-07,2.48989595874656e-05,1
"19915",0.59198173822085,1.10650424960682e-05,6.92741072189152e-06,3.31835047269132e-05,0.407967085821205,1
"19917",0.987853574371088,2.11435143075822e-06,6.86997660794257e-06,7.34033324876477e-05,0.0120640379683859,1
"19919",0.196950224317975,6.31146714745931e-05,4.29643473553946e-06,0.000494746033986402,0.802487618541829,5
"19921",3.24196426850178e-05,1.26442072028822e-05,0.000293888995074891,0.000283567097256022,0.999377480057781,5
"19923",7.79145130266847e-06,0.0282164730331413,0.000540960760840986,0.0526982575206782,0.918536517234037,5
"19925",0.954460937318974,3.26103170674006e-06,2.42289883126502e-06,2.18804207272201e-05,0.0455114983297613,1
"19927",0.000668449131597382,1.28280238281132e-05,5.36968697106401e-05,8.89186913260348e-05,0.999176107283538,5
"19929",0.52971432953195,7.24120725252119e-09,0.470092889632771,7.17306306854102e-07,0.000192056287765053,1
"19931",0.00225381785942181,9.48961998110469e-05,2.60496068390605e-06,0.000972252782765519,0.996676428197318,5
"19933",0.00274248975585266,0.00116899647311143,1.65986871743617e-06,0.675076394367533,0.321010459534785,4
"19935",0.00280700919152174,1.35049666170917e-05,0.000902925311324885,0.0816205132633932,0.914656047267143,5
"19937",5.43266919057556e-05,0.000235701439795998,5.37784109639503e-06,0.000343941807109977,0.999360652220092,5
"19939",0.00235807351742525,0.000128449571668978,1.20644387263975e-05,0.000880975858479706,0.9966204366137,5
"19941",0.0803021835505359,8.55568038708534e-05,0.000488914013112096,0.910277511162296,0.0088458344701855,4
"19943",0.99921783579977,7.65440402601787e-07,4.09199478363268e-07,2.07549417307167e-06,0.000778914066175791,1
"19945",0.000102487586902417,0.00261319636674308,6.78146039377846e-07,0.86554112060248,0.131742517297835,4
"19947",0.82576689908943,0.000231541005381529,0.0270448826100709,0.125665445606552,0.0212912316885657,1
"19949",1.96365963217139e-05,0.0267588655456518,9.40976182638661e-06,0.213645318127787,0.759566769968413,5
"19951",0.698609975981768,5.64345706409769e-05,2.51696259050022e-05,0.00196039877602105,0.299348021045665,1
"19953",1.82409307523796e-07,0.831495282497759,1.50569427075795e-07,0.165584002557826,0.00292038196568039,2
"19955",4.97993070329749e-06,0.0518724126975022,3.17541245241678e-05,0.938546256865068,0.00954459638220225,4
"19957",0.905258406965309,0.00145022118420083,4.32196877441036e-05,0.00125144363384252,0.0919967085289033,1
"19960",0.000406804494279733,0.000139873020833386,6.09262481673e-05,0.99625298405321,0.0031394121835091,4
"19963",0.938554296641968,0.0601600973681789,0.000147796866232088,0.000528184310957351,0.000609624812663596,1
"19965",5.29779861445931e-08,0.000534229555958688,8.59247465726666e-05,0.998712843361238,0.000666949358244075,4
"19968",0.789714611448447,3.07421744748168e-08,0.194742664843235,0.00205517863106373,0.0134875143350796,1
"19971",0.993072813908496,0.00509535191918517,2.23849402770683e-06,0.00177600902742569,5.35866508653841e-05,1
"19973",0.0110477569255636,1.69080415789645e-06,8.06058856114387e-05,0.000222390452484948,0.988647555932182,5
"19975",0.97816723979731,1.13866517404193e-07,5.17542120926498e-05,5.56864261022816e-05,0.0217252056979775,1
"19977",0.997450982573035,0.000163210902496375,0.000364483482803152,0.000181259976980831,0.00184006306468431,1
"19979",1.72651379268129e-06,0.000360980330986658,1.7149077971562e-09,0.999631558834502,5.73260581122736e-06,4
"19981",0.00117151328266808,2.66013503310504e-05,0.0010697729067081,0.0167737174439124,0.98095839501638,5
"19983",6.52784497563069e-05,0.000151759597049718,0.000591136830139789,0.023862569054035,0.975329256069019,5
"19985",0.873606206509766,7.04275606588198e-07,6.97376382807062e-05,6.63351667411021e-06,0.126316718059673,1
"19987",0.0918961446285733,0.000143764413398929,1.26553698071899e-05,0.0542853907848702,0.85366204480335,5
"19989",1.45242802100966e-08,0.00404569675085055,3.77401410044481e-09,0.995872381718535,8.19032323205625e-05,4
"19993",0.0334127216750914,0.00154016682052829,3.16129640025756e-06,0.335091045239346,0.629952904968634,5
"19995",0.00863186617310085,0.000465775981004836,1.34030820814742e-05,0.747276991291175,0.243611963472638,4
"19997",0.0191111236481852,6.30582594858776e-06,9.19502683608525e-05,7.40940541960167e-05,0.980716526203309,5
"19999",0.11349736219952,5.49589609920709e-07,0.00210762867295532,1.48819991726588e-05,0.884379577538742,5
"20002",0.434357220332944,2.81822650641351e-06,0.564833046518108,0.000322421671539846,0.000484493250901853,3
"20004",0.0129711420261789,7.76663617321092e-05,0.000564668887716348,0.870912185323049,0.115474337401324,4
"20006",0.00119702475632519,0.00553755516976483,0.00344575623850962,0.960078901139052,0.029740762696349,4
"20008",0.000485601601288115,0.0245524300915054,0.000454458083424981,0.919923227141978,0.0545842830818031,4
"20010",9.44504675090619e-06,0.0468398113793075,5.81644636431981e-08,0.89875125906602,0.054399426343458,4
"20012",0.839208136241522,7.58473801743155e-07,0.0120393374874506,9.03986394595599e-05,0.148661369157766,1
"20015",7.76533166916368e-08,8.19827034592457e-06,1.37180352474271e-06,0.999939889976086,5.04622967266052e-05,4
"20017",0.0513318321081171,8.22453236364127e-07,0.00456286077545067,5.0120329722972e-05,0.944054364333473,5
"20019",1.26663631798294e-08,0.00317292963649858,6.26582143294571e-10,0.996825461939043,1.59513151344385e-06,4
"20022",3.55762884732775e-06,0.00191812786860099,5.11572511371047e-08,0.989216547479947,0.00886171586535314,4
"20024",1.30951225232108e-07,0.495277048256601,3.2114621013164e-07,0.504680541585729,4.19580602350944e-05,4
"20026",1.30951225232108e-07,0.495277048256601,3.2114621013164e-07,0.504680541585729,4.19580602350944e-05,4
"20028",0.282134001208411,2.44158704220464e-06,0.000336928253617784,1.87672485573182e-05,0.717507861702372,5
"20030",0.000165938625275859,1.06825953262923e-05,9.68687286203034e-06,0.999633711122755,0.000179980783780623,4
"20033",0.366394967350203,1.06671323008336e-05,6.72354368073669e-05,0.00174023323655341,0.631786896844135,5
"20035",1.55827980201857e-08,0.004770600739016,1.47456075128693e-09,0.995225033355421,4.34884820425212e-06,4
"20037",6.07367154943531e-10,0.000553240245008549,3.82391486633007e-08,0.999440467812048,6.25309642741911e-06,4
"20039",2.17174580146482e-10,0.999618383359373,4.64547907355202e-10,0.000380823657721309,7.92301183506394e-07,2
"20041",0.00114314133186214,0.0589077773000281,0.000153671321707256,0.234774883429942,0.705020526616461,5
"20044",0.0118929226067947,0.0876955731952491,0.00017211968449146,0.338796956618621,0.561442427894843,5
"20047",1.44710161610511e-07,0.007250832401358,4.85505527667964e-10,0.992748485966146,5.36436828773898e-07,4
"20050",5.64913438695482e-05,0.847650664872836,5.29233567091039e-09,0.13141276326272,0.0208800752282387,2
"20052",0.0437206684916078,0.00155722768400731,1.03134506388631e-06,0.0179332465823015,0.936787825897019,5
"20054",9.42582328339091e-06,3.29226544896347e-06,2.49370893563573e-05,0.999320959243633,0.000641385578278142,4
"20056",0.998352671527952,4.48217503203286e-06,1.13670009153318e-06,0.000183847352430512,0.00145786224449335,1
"20058",3.53276294900383e-09,0.00129947140572219,3.7921670399106e-08,0.998627865511247,7.26216285973003e-05,4
"20060",0.000794792127474871,3.28588083242101e-05,2.81326854370703e-05,0.00105360047182914,0.998090615906935,5
"20062",0.000244417640315483,5.22102638764838e-05,3.45995623287769e-05,0.00771314378764849,0.991955628745831,5
"20064",0.000476335671520835,0.000136991260167892,3.79596926176825e-07,0.967475084884287,0.0319112085870984,4
"20066",1.67950094644256e-05,2.8065892748618e-05,1.47545561160295e-06,0.999937920012356,1.57436298196381e-05,4
"20068",0.000146484253924341,4.83192057635334e-06,0.00124827033373119,9.95321535362391e-05,0.998500881338232,5
"20070",7.94055789716769e-05,0.000414760058537689,7.89664620190856e-05,0.000153939311966428,0.999272928588505,5
"20072",6.4484122978903e-08,5.99240363885434e-05,0.00442983143613625,0.994342073314985,0.00116810672836697,4
"20074",0.999110907833729,1.89051605637925e-08,0.000824460694948579,2.34956084342218e-07,6.43776100776415e-05,1
"20076",0.66983990660431,4.51483324762703e-07,0.271224331246098,0.0128138796347372,0.0461214310315296,1
"20078",0.000258726555744779,0.0033241547292318,1.75683609014784e-06,0.945063036371235,0.0513523255076979,4
"20080",4.85916401192064e-08,0.00134727637375679,2.2271207772277e-10,0.998643400061255,9.27475063580245e-06,4
"20082",1.74701743328539e-07,0.992565569691325,1.12071470735059e-10,0.00740676071883279,2.74947760276142e-05,2
"20084",0.0405217209218685,0.0141827459708051,6.35086153447771e-07,0.929985352957511,0.0153095450636619,4
"20087",1.63465250907431e-06,0.00101558157574246,5.16394416456871e-05,0.952365984575122,0.0465651597549806,4
"20090",2.78107683684492e-07,0.0327986058682217,6.0553334123546e-10,0.967083253929521,0.000117861489040331,4
"20092",3.6504634780803e-07,0.814925819536158,0.000917720002811388,0.0269252876836117,0.157230807731071,2
"20096",0.0101956734765176,0.390260809477046,1.42201139268543e-05,0.0100195141259485,0.589509782806561,5
"20098",0.350577907877192,2.31099068775189e-05,1.05324002285011e-05,0.000488221038928742,0.648900228776774,5
"20101",0.000174587461253936,0.00179416891377623,5.93030048548697e-09,0.997828422403752,0.000202815290917131,4
"20104",0.00275328394979664,0.062435590738659,0.364130845325253,0.00022896706602596,0.570451312920265,5
"20106",8.27053947174457e-05,0.000119376892025929,1.71573704746348e-08,0.998435693118414,0.00136220743747283,4
"20108",0.0490635142042695,3.86574982842396e-06,0.000357512279311465,0.00084312829912257,0.949731979467468,5
"20110",0.148729284166682,0.290708372374172,7.4563656528551e-07,0.00824084358611105,0.552320754236471,5
"20112",5.1158864300516e-05,0.022929819206616,7.83598817978137e-08,0.947567073005121,0.0294518705640801,4
"20114",0.130300735791757,0.00205493658004308,4.34820863191863e-06,0.807221069193484,0.0604189102260842,4
"20116",0.026732019782026,1.43479292890806e-05,6.32545213168994e-05,0.966484879964475,0.0067054978028925,4
"20118",0.139327448721311,0.000449853551570863,5.61487331808253e-06,0.0781664866736851,0.782050596180115,5
"20120",0.00123849942313757,0.032038437602823,4.47301720026251e-09,0.957028955520807,0.00969410298021562,4
"20122",0.998879842583371,6.49178072325905e-08,2.27718252819015e-05,8.46708333022633e-06,0.00108885359020913,1
"20124",5.94020622077047e-09,0.00273063683241088,2.4077926956158e-07,0.997219828107935,4.92883401779198e-05,4
"20126",3.21512769567536e-07,0.990436574995568,2.47122363290411e-07,0.00955429409669649,8.56227260303391e-06,2
"20128",3.05863488347833e-09,0.7692151546315,4.684740768512e-09,0.230784579423208,2.58201916488443e-07,2
"20141",0.154741361627659,0.0290314679788627,0.000187384372392112,0.00017064638500628,0.81586913963608,5
"20143",0.999954592321275,2.06439791655825e-08,1.78245479485668e-05,2.09468784076137e-07,2.73530180127623e-05,1
"20145",1.44390000403713e-05,0.0055956195298619,4.114864207243e-09,0.980659627087276,0.0137303102679574,4
"20147",1.06365543792604e-05,0.000189574516210673,3.75534453851166e-08,0.997281931363429,0.00251782001253608,4
"20149",0.998993912603381,1.35298581279382e-07,1.38695180863831e-05,1.17022991040735e-06,0.000990912350040998,1
"20151",0.14916086452395,1.17501260559997e-05,9.68624306963765e-06,0.000635386854636447,0.850182312252287,5
"20153",0.681388301391715,0.0116832384500396,1.34272002971338e-07,0.00185469594814225,0.3050736299381,1
"20155",6.83892659051053e-07,0.000299061928916973,9.71574529004658e-08,0.99920080966102,0.000499347359950794,4
"20157",0.72024366819638,2.07693674683165e-05,6.44958401978073e-06,0.000205353701796478,0.279523759150336,1
"20160",0.999954799743355,4.63564823301583e-08,2.89157786162636e-06,4.21382223458411e-07,4.18409400781026e-05,1
"20162",0.997778023115757,4.26948730380172e-08,1.35805819109917e-05,4.31254222110138e-07,0.00220792235323678,1
"20164",0.950007691123555,4.31564451500354e-05,6.32795832385923e-06,0.000158115022506514,0.0497847094504648,1
"20166",0.00110850502034169,1.22075612329858e-05,0.000242617292639945,0.99848940573263,0.000147264393155322,4
"20168",0.000863545286103036,8.23529854306234e-07,0.995401087902965,0.00368750074151377,4.70425395642965e-05,3
"20170",0.454131186598045,7.29493926258087e-05,4.04189427038154e-06,0.000349133143653767,0.545442688971405,5
"20172",1.20248381847327e-07,0.00149333785166517,5.78806970708537e-08,0.993211082294148,0.00529540172510742,4
"20174",0.390567846532742,1.37186107757416e-07,0.198950693519672,1.52922809275237e-05,0.410466030480551,5
"20176",1.04278661380711e-05,6.76018842372591e-08,0.999570983493734,0.000255378679217006,0.000163142359026713,3
"20178",0.999971596447012,9.77397263953322e-08,1.52648717260278e-06,5.01888166923168e-07,2.62774379218516e-05,1
"20181",0.0048258188944143,1.56030107061324e-05,2.17301200856035e-06,0.99497193758553,0.000184467497341077,4
"20183",2.61102663243918e-05,0.000974210964255557,5.45580319480747e-06,0.00386514152398707,0.995129081442238,5
"20186",6.35816727724736e-07,0.00370160402694688,0.00270483569544274,0.0190445682395641,0.974548356221319,5
"20188",0.999761923153688,9.6841591640286e-08,1.82587703666012e-06,4.37033158268834e-07,0.000235717094525123,1
"20190",6.41568046509975e-07,3.11622673107514e-05,5.20458750263787e-08,0.999894395787115,7.37483316522645e-05,4
"20193",0.947586575868645,4.5444393590034e-06,0.0481406371870883,0.00369699807544574,0.000571244429462341,1
"20195",0.82183460458271,4.43106941675035e-05,6.19304237435514e-06,0.0020619154209621,0.176052976259786,1
"20197",1.87030488031631e-07,0.000628689876250904,1.39832431041452e-07,0.995628755722261,0.00374222753856889,4
"20199",0.95151839273336,9.39240697280981e-06,2.60293806640755e-06,7.73474564294637e-06,0.0484618771759579,1
"20205",1.19635960991961e-08,0.999653594910053,4.14245611983231e-10,0.000289943390633412,5.6449321471802e-05,2
"20208",0.0268454020396816,2.06964232949632e-05,6.31360361229892e-05,0.00277118620461496,0.970299579296286,5
"20210",0.992764647176405,1.87326128622903e-07,5.78615805674128e-06,1.52438200569657e-06,0.00722785495740427,1
"20212",0.902941714240447,8.31646622797077e-06,1.02605961290346e-05,0.000188701602744411,0.0968510070944519,1
"20216",0.000105612076232435,9.0720850609769e-05,4.76853887750157e-07,0.99687403601025,0.00292915420901952,4
"20219",0.000108329757991528,0.613516451162205,1.06313920078743e-08,0.372964578076443,0.0134106303719682,2
"20223",2.11562536304018e-09,0.000430663373644297,0.00195218134615339,0.997592966946208,2.41862183690976e-05,4
"20226",0.00241326763572978,0.00734744362377114,3.25323326411201e-06,0.0568638487229167,0.933372186784318,5
"20230",8.61460542906993e-08,0.000132919431452327,4.11365709263977e-08,0.999836283300067,3.06699858549809e-05,4
"20233",4.89776191440414e-05,0.995908684346964,1.5064836816801e-06,5.42870633016442e-06,0.00403540284387964,2
"20235",1.26113020452351e-08,0.0412757019361558,0.000187035837945037,0.95779534055438,0.000741909060216706,4
"20239",2.7554859187858e-06,0.00105794858392003,0.00311651899777718,0.973862211362279,0.0219605655701049,4
"20254",1.17938482693965e-08,0.99254203561373,1.7613100480027e-11,0.00745211173477209,5.84084003675128e-06,2
"20256",1.25482683387028e-08,0.000354746588507651,5.27877684030772e-07,0.999503406530374,0.000141306455165865,4
"20262",0.786690395304864,5.86946714527677e-06,4.2247916342371e-06,0.000134306335931943,0.213165204100425,1
"20270",0.00623149357587577,3.99076288569039e-05,0.00311513714346899,0.969460771276104,0.0211526903756946,4
"20284",5.1765408811444e-05,0.313665482331935,6.24246139964992e-07,0.0114514049814981,0.674830723031616,5
"20287",1.88408581072031e-09,0.000214991563754875,1.80823404958853e-07,0.999782070616225,2.75511252969291e-06,4
"20290",4.20811890883451e-05,0.992783218286111,9.46459015944287e-10,0.00276854944456231,0.00440615013377894,2
"20293",2.72250948487187e-05,0.00261491044617641,1.55450692109888e-06,0.932267716028261,0.0650885939237933,4
"20296",0.747383627019687,3.0477227076297e-07,0.0174904018062597,0.00934840477328591,0.225777261628496,1
"20301",1.08240656231524e-05,0.000773189538670377,8.07790198506988e-08,0.999214079409335,1.8262073512628e-06,4
"20304",3.22553364354084e-07,0.990618707489003,3.62427083680185e-10,0.00931803392782533,6.2935667380247e-05,2
"20306",3.67268897246836e-09,0.00258188540017952,4.87537096088058e-08,0.997360916221734,5.71459516878725e-05,4
"20309",0.000290152194144584,0.00646103617142317,2.48832519898862e-06,0.542099499507016,0.451146823802218,4
"20311",0.000569849902257857,0.00121673141547107,2.42021789422588e-06,0.991070412195392,0.00714058626898521,4
"20314",0.0477070930157279,0.000105696363603162,1.28001789607092e-06,0.00367625518109409,0.948509675421679,5
"20318",0.999858617897458,2.23931552348773e-07,1.85752991705145e-05,2.60243705504073e-05,9.65585012687613e-05,1
"20320",0.00364326707814385,0.00617145570984088,3.46721585741086e-05,0.00245091739450617,0.987699687658935,5
"20326",0.110127910335835,0.000238990733870412,3.12875626316454e-06,0.00507277119995163,0.88455719897408,5
"20328",2.61253909788986e-05,0.00237278431036537,8.4585265360978e-06,0.00128307920980334,0.996309552562316,5
"20330",4.96346543530375e-06,0.0382397591608358,5.84607814922293e-06,0.953899863834159,0.0078495674614206,4
"20336",2.58425463333516e-06,0.926886269323822,2.57591803238614e-08,0.0188581087389116,0.0542530119234531,2
"20338",0.000158892381867725,0.973454447555929,1.03776309419735e-08,0.0235777187137484,0.00280893097082432,2
"20340",4.58738436349671e-08,0.000612865362698047,9.55665987352097e-08,0.999374609340999,1.23838558609739e-05,4
"20342",0.000210092117848853,0.998673982986512,5.99449424113399e-05,0.0007095883550828,0.000346391598144947,2
"20344",9.3746103849454e-07,0.000782460821250366,4.92223609752278e-07,0.996263898039955,0.00295221145414589,4
"20349",1.01305123884865e-08,0.000206342338769843,2.52250014446228e-07,0.99971015857907,8.32367016337032e-05,4
"20351",0.000892864084255208,0.0170238493727204,1.6208505366502e-06,0.909377309030799,0.0727043566616882,4
"20353",1.70717120192005e-07,0.103437152944068,6.08721620635351e-08,0.894014496787912,0.00254811867873849,4
"20357",8.22136980791585e-10,0.998461118952217,3.96120188378424e-10,0.00150437744886667,3.45023806590159e-05,2
"20360",2.08946933707179e-06,0.976568989503237,0.000788824112065379,0.0213898877707982,0.00125020914456255,2
"20364",2.4808539832015e-05,0.00538404503163275,7.37050085386172e-08,0.91204801083045,0.082543061893077,4
"20366",2.66018187350642e-05,0.985206500866727,2.04467423266351e-08,0.00186069793990907,0.0129061789278862,2
"20381",0.0228672191009191,4.32722145104298e-07,0.973247366574093,2.79160748590541e-06,0.00388218999535647,3
"20391",1.91021328045251e-07,0.0436111658193313,0.345256095010592,0.418765715277229,0.19236683287152,4
"20394",0.00153382035349594,5.68919573784596e-06,0.00231405230062275,0.000217188690021879,0.995929249460122,5
"20396",0.0237312331310306,6.76184316216646e-08,0.787458411435844,2.3060744920841e-06,0.188807981740201,3
"20409",0.256530219086243,0.00117774554845045,1.14300232210843e-05,0.566713735583438,0.175566869758647,4
"20411",6.60884608006823e-09,0.118376092148185,1.79044992390207e-08,0.880595974015196,0.00102790932327411,4
"20416",8.36572715514277e-11,0.951482986404005,4.88682027946846e-10,0.0485166769958399,3.36027815142496e-07,2
"20418",0.102996649035813,3.29734013636495e-08,0.795364069598223,1.88077796141669e-06,0.101637367614601,3
"20420",0.000424684820532012,0.964301868308761,1.6256732297363e-06,5.35947803887059e-05,0.0352182264170886,2
"20422",5.82461444092576e-05,0.000625876879625594,8.6014947458023e-08,0.998157300847318,0.00115849011369986,4
"20424",1.7911113611321e-08,0.0534426283131211,8.58070423525536e-09,0.94574965149968,0.000807693695381213,4
"20426",0.000143869598957632,0.999821650096575,1.43444088860156e-09,1.08158505454384e-05,2.36630194808581e-05,2
"20428",2.26396399985732e-05,4.24190079533247e-05,0.00252345058313847,0.902342547425404,0.0950689433435054,4
"20431",0.118284865768914,0.00961088452746603,3.20503981500718e-06,0.0379220144147253,0.83417903024908,5
"20433",2.12780563697331e-08,2.97960198135685e-05,0.000213144082074343,0.999747102349515,9.93627054067168e-06,4
"20436",1.39520825948354e-05,5.05743654610534e-07,0.989440816371807,0.0104285725009358,0.000116153301007643,3
"20439",0.350046921967693,1.05398199271542e-07,0.301250928998001,8.68366846071752e-06,0.348693359967646,1
"20441",2.9415597669565e-07,0.998481333090059,9.24144866537041e-10,0.00127807070370265,0.000240301126116877,2
"20444",0.999865341627488,2.86214378978513e-08,5.05099389219152e-06,2.41881858654163e-07,0.000129336875323775,1
"20448",0.350162034800346,0.00198078331054638,0.000372335650611136,0.0163474344848075,0.631137411753689,5
"20536",3.18288262180399e-05,1.56821666021569e-06,0.668335899193588,0.000317829253545817,0.331312874509988,3
"20538",7.15298683385901e-06,0.605810508671598,1.51432337495316e-05,0.290985839345731,0.103181355762087,2
"20541",1.16433683695747e-08,0.0664198027769879,2.45307793430772e-10,0.933551898795459,2.82865388770643e-05,4
"20544",0.00806561047442969,0.00115882073436282,5.18440634700742e-06,0.221924018969399,0.768846365415461,5
"20546",3.06192223149239e-08,0.00804066574590694,1.7567473714022e-08,0.989121965625297,0.00283732044209995,4
"20550",0.00476325189862788,0.037344909551941,7.05294155082195e-05,0.383089622773632,0.574731686360291,5
"20553",3.42150885148503e-07,0.963895124206735,3.04325022550697e-09,0.0361044791959308,5.14031983842624e-08,2
"20555",2.73216361833865e-07,0.996224541724103,7.12499647881592e-07,1.59220325355558e-05,0.00375855052735207,2
"20557",0.00373056016085595,0.266806272955027,4.74440750861322e-07,0.173137653883917,0.556325038559449,5
"20559",3.33739002554403e-06,9.26911518532314e-05,9.04016791898094e-09,0.999306913152976,0.000597049264977661,4
"20561",0.429022571441656,7.5412623797991e-05,8.8351296314139e-06,0.00145038268149202,0.569442798123423,5
"20564",0.999971596447012,9.77397263953322e-08,1.52648717260278e-06,5.01888166923168e-07,2.62774379218516e-05,1
"20566",0.000154651979499027,2.00728135166135e-05,6.98141527229877e-05,0.867348865223093,0.132406595831168,4
"20569",0.291533678384147,7.62936644911159e-07,0.000900416681510715,3.86070745424656e-05,0.707526534923155,5
"20572",0.968079814559792,5.67419212259074e-08,0.000720362298421508,1.080039071702e-05,0.031188966009148,1
"20574",5.37046126057024e-06,0.00275910912161306,1.66443780581406e-09,0.996775482552467,0.000460036200221405,4
"20576",0.999831183130405,2.36686731876551e-07,9.98174731627875e-07,2.92028873328746e-06,0.00016466171939864,1
"20578",0.00738418309013854,0.00103026766386501,2.11812173009824e-06,0.76767963586394,0.223903795260327,4
"20580",0.000145486193075853,9.17008074937677e-05,2.48588805721268e-05,0.799513366130103,0.200224587988755,4
"20583",0.999906008693172,1.92135536727163e-07,1.02372147081376e-06,2.20902504143214e-06,9.05664247793784e-05,1
"20586",8.56393961014423e-06,0.00212878475626583,1.62098277357555e-06,0.870668474367299,0.127192555954051,4
"20589",2.11386815220395e-09,0.000250045450067288,2.05688100753046e-07,0.999658407735266,9.13390126975016e-05,4
"20591",1.88478880023464e-05,0.176365613390548,4.96948767187157e-05,0.00480761043759522,0.818758233407136,5
"20593",2.19199073830023e-08,0.000103754023357732,2.01283394226802e-08,0.999895522077983,6.81850412210575e-07,4
"20595",8.99074776607094e-05,0.000395618025088803,9.52180824654719e-08,0.994220672895638,0.00529370638352981,4
"20597",1.3093089404217e-05,4.8514225498799e-09,0.998728636372709,2.83345509799776e-07,0.00125798234095437,3
"20599",0.999961705608871,4.77978490312766e-08,2.40875653597575e-06,6.02620629328869e-07,3.52352161151278e-05,1
"20601",0.000463014107676242,6.10528941832897e-05,6.16897801901883e-06,0.00038806826046346,0.999081695759658,5
"20604",1.63948068655682e-06,9.49738718983386e-05,5.54408934567572e-09,0.999881775321894,2.16057814318173e-05,4
"20606",4.20069055345143e-08,0.00011272216320415,7.94705552073064e-09,0.999860236175295,2.69917075394611e-05,4
"20608",4.49013812626776e-07,2.04299471860628e-05,2.32215659624479e-06,0.998843994265275,0.00113280461713006,4
"20610",0.998786981979593,1.35194838185046e-06,1.5811137268479e-06,1.65212676655249e-05,0.00119356369063301,1
"20612",0.00143865853933377,0.121394352355065,0.630535583491497,0.243760791102778,0.00287061451132655,3
"20614",0.994460590368446,7.7302068437648e-07,1.34837564205983e-06,2.12250794288953e-06,0.00553516572728479,1
"20616",0.00135735315834,0.000160684153457221,6.6143427978992e-05,0.00751841156813667,0.990897407692087,5
"20618",2.92317357595508e-05,0.997492824729424,4.7852249420496e-09,0.000360214416607124,0.00211772433298476,2
"20620",4.89462069342814e-05,5.94586063928719e-05,5.80932888466624e-05,0.998878638271707,0.00095486362611901,4
"20622",0.999586058808574,3.08265159272989e-07,5.58637703534747e-07,8.17421872641026e-06,0.000404900069836489,1
"20624",1.1234381028188e-07,0.0273116262667385,5.95461960204643e-08,0.971722052086714,0.000966149756540879,4
"20626",0.00152619187053767,3.30358702550058e-06,0.204264873038264,0.770335026374719,0.0238706051294533,4
"20628",0.000904980975659726,0.00049793463939468,0.220223810988034,0.324791515161212,0.4535817582357,5
"20630",0.0174684821498951,0.000547404378370887,6.87505151378073e-06,0.851730853550228,0.130246384869992,4
"20632",0.993928599829674,1.17396989299041e-08,0.00111425488338627,2.56868574428368e-07,0.00495687667866611,1
"20634",3.16632475425101e-08,7.83547370284338e-05,1.66419632991508e-08,0.999875750143467,4.58468142934823e-05,4
"20637",1.26498288567605e-05,0.989123779137854,2.55320018644639e-11,0.0108004461827475,6.31248250098834e-05,2
"20639",0.76717917633608,5.99529653060571e-06,6.47515475005697e-06,2.32765174993728e-05,0.23278507669514,1
"20644",3.27070135954667e-08,0.618320215733887,1.14703191053743e-05,0.381667987858164,2.93381830363668e-07,2
"20646",1.21740933981322e-05,0.0255807763372711,0.00216637561604746,0.971881464970682,0.000359208982601259,4
"20648",0.0185963334376135,5.71688072013404e-05,2.15943949194669e-06,0.000209912159048407,0.981134426156645,5
"20650",7.80467817651097e-08,0.274883038573298,4.46542973912495e-08,0.724797136430091,0.000319702295531767,4
"20653",0.00423461745427886,0.000661488013297579,0.000121001983482899,0.000488670417494908,0.994494222131446,5
"20658",3.86740532496148e-08,9.23833891716269e-06,0.000211411400536579,0.999565787491678,0.000213524094814815,4
"20661",3.24503322493048e-06,0.929741058596545,0.000179478680685379,0.058495377351901,0.0115808403376439,2
"20663",1.22231311967738e-05,0.00202397966270782,4.51046697426665e-06,0.505064662435872,0.49289462430325,4
"20665",0.999884219285428,1.47813112545803e-08,7.13210761518242e-05,4.14122572260061e-06,4.03036313859604e-05,1
"20667",0.000345876524390011,0.000869872998769782,0.0238507105335862,0.028203324054549,0.946730215888705,5
"20669",0.000438949766328576,1.44129237371116e-07,0.967649276197644,1.67169253400776e-06,0.0319099582142561,3
"20671",0.000128135191910518,0.815404420601654,5.89719776996549e-10,0.180947706454304,0.00351973716241136,2
"20673",6.16561776120722e-05,2.2766490158803e-09,0.998852290590299,1.61143239539335e-07,0.00108588981220058,3
"20675",4.37114247477307e-05,1.21526758264874e-05,0.214709242946077,0.00958017749787462,0.775654715455474,5
"20677",8.98658394260284e-06,0.000336188338583181,0.000642143605807303,0.479750323575495,0.519262357896172,5
"20679",0.00154518506423364,6.57924758485224e-08,0.962524491108277,4.96617624236082e-07,0.0359297614173893,3
"20681",4.36847851530636e-05,6.33016811249419e-06,0.05876006064684,0.000117774742072127,0.941072149657822,5
"20683",2.1544309033183e-05,0.000118195113302447,0.00411559101602105,0.360987870860417,0.634756798701227,5
"20685",9.49379661284545e-05,0.978169834165815,2.59694101989104e-06,1.87887999932731e-05,0.0217138421270431,2
"20687",0.948080861585246,1.84202884351588e-06,3.33414579267643e-06,7.17688542965326e-06,0.0519067853546878,1
"20689",2.88331836588633e-08,0.78173678044622,3.03913126894204e-05,0.218227235278024,5.56412988293339e-06,2
"20691",0.999798998863119,1.01581988725095e-07,9.63747587711032e-07,5.28285375821932e-07,0.000199407521928686,1
"20693",4.32985168788153e-09,0.00146275659342512,8.7018565197531e-08,0.998504483569191,3.26684889675456e-05,4
"20695",0.00492371414897452,1.6952830829527e-05,2.64485920161235e-05,0.000214042517178475,0.994818841911001,5
"20697",5.29087795642943e-05,0.000435381127170275,1.78617972954066e-09,0.999308371970153,0.000203336336932898,4
"20699",0.000206382777402665,1.05654979241988e-05,0.0159397413211942,0.329500245991374,0.654343064412105,5
"20701",5.9704539457314e-07,0.000257950854265999,0.00073283178093257,0.903732823873407,0.0952757964459997,4
"20703",0.000187525132024639,0.00100638300066164,0.969500623692493,1.81515099377008e-05,0.0292873166648825,3
"20705",2.05492949244878e-07,0.00510730007391676,1.15057246250808e-07,0.991698482768459,0.00319389660742862,4
"20707",1.91447502023094e-05,0.000264817666194924,5.56105759258297e-06,0.00360393571839718,0.996106540807613,5
"20709",0.907996035073928,8.61068203525997e-06,0.000396841032183087,0.0302741922195341,0.0613243209923198,1
"20713",0.0279941971346325,0.00985277247975918,0.000206691587454699,8.51348573654243e-05,0.961861203940788,5
"20715",0.0244683734248666,0.131359862062055,7.09302879683719e-07,0.844152233445246,1.88217649523201e-05,4
"20717",0.000164587589353133,2.09907054502682e-05,5.12323573233833e-05,0.000107148183517234,0.999656041164356,5
"20720",1.9015938903505e-05,0.000377737103878633,1.04891121815095e-05,0.985728824595399,0.0138639332496371,4
"20722",2.21733406963815e-06,8.1723676661304e-05,9.7660005727091e-07,0.977924904533338,0.0219901778558743,4
"20724",0.195209980507131,5.13384075128767e-06,3.09605795099436e-05,3.71136370208691e-05,0.804716811435587,5
"20726",2.5846156354284e-09,0.00123500934473447,1.47347818212302e-07,0.99872384120343,4.09995194016279e-05,4
"20728",0.000210911911532645,2.89002702167222e-06,0.00881245718284301,3.18027823090378e-05,0.990941938096294,5
"20730",0.384893578799625,4.83406208540495e-05,6.84405931288113e-06,0.000770397112878749,0.614280839407329,5
"20732",0.000117218456199246,0.118638501845174,0.0366173605678484,0.480993959165787,0.363632959964992,4
"20734",3.48101442833369e-05,0.00129719017222948,5.5652518920484e-06,0.265974633251057,0.732687801180538,5
"20736",0.888998270997266,5.57476724631277e-07,3.40566199556928e-05,2.48473928116942e-05,0.110942267513242,1
"20738",0.333470643797897,0.0807017230912805,0.00455483569535142,0.568540327022496,0.0127324703929753,4
"20740",3.08813729088142e-08,0.334417217933109,0.000336374083908736,0.595573026543155,0.0696733505584547,4
"20742",0.000189575795699401,0.000936394533567692,2.21343219804439e-05,8.11385100411529e-05,0.998770756838711,5
"20744",0.970635907050278,1.22949611902437e-08,0.0116925609798009,2.12092465000044e-06,0.0176693987503098,1
"20746",6.22463237974049e-05,8.05148947354767e-05,8.8535592042136e-05,0.0568706566789317,0.942898046510493,5
"20748",0.273809507578084,1.91549440289658e-05,1.47257157616892e-05,3.60784314806014e-05,0.726120533330645,5
"20750",0.666715786102439,1.06500701074871e-06,0.00023059561364857,0.000430991731801527,0.3326215615451,1
"20752",4.67307629562743e-07,0.000933891777780595,1.35794048669368e-06,0.961142745444847,0.0379215375292566,4
"20754",1.2045724081825e-05,1.82272762634252e-09,0.999542390246446,3.31038921198756e-07,0.000445231167823338,3
"20756",0.256077997563103,0.000208750532159546,2.29082674969952e-05,0.0790517261349438,0.664638617502297,5
"20758",0.00657262601096824,4.99159079831512e-07,0.980183913575217,0.0100874438269633,0.00315551742777171,3
"20760",0.186893331366374,3.44548400841414e-07,0.00332838536558499,1.38378598256519e-05,0.809764100859815,5
"20762",3.61612590412893e-06,1.58829012514384e-08,0.998108374467254,7.11573005601629e-07,0.00188728195093478,3
"20764",0.742336095836757,2.20837400330838e-06,0.00109402976879844,4.81314264239311e-06,0.256562852877799,1
"20766",0.0806212401600909,3.04268729058715e-06,8.03567190137322e-05,1.89400277125718e-05,0.919276420405892,5
"20768",0.811508056983602,1.78095642004105e-05,4.1509473840741e-06,0.000473941526928569,0.187996040977885,1
"20770",5.18683682864435e-05,1.85819204774617e-06,0.892046542022521,0.00772633735040364,0.100173394066741,3
"20772",4.53881106045068e-07,1.32333441608744e-05,6.41104682577867e-08,0.999946170340168,4.00783240967374e-05,4
"20774",2.34605186516514e-09,0.00112777652387912,1.50942268336299e-05,0.998855852616024,1.27428721115749e-06,4
"20776",1.91341164719744e-05,0.000715249449955106,9.49431036071414e-06,0.000609616486395736,0.998646505636816,5
"20778",6.22358587925742e-08,0.764444988440833,2.36120825778177e-09,0.235554660084021,2.86878078290525e-07,2
"20780",1.57558475984036e-05,7.04278952982396e-10,0.999958617395233,2.23063505464644e-07,2.54029893848757e-05,3
"20782",0.000109869129565478,3.69521358979422e-09,0.999204585485984,1.27658459728465e-07,0.000685414030776712,3
"20784",2.77827784598822e-06,2.43584851293665e-08,0.997274385292819,1.95464013814071e-06,0.00272085743071204,3
"20786",0.974061324248838,6.08184001155281e-09,0.0256821521144654,1.75110682925562e-06,0.000254766448027698,1
"20788",5.12883622103907e-05,0.000686210643203441,1.27458597360436e-06,0.0069783399161431,0.992282886492469,5
"20790",0.088591612515366,1.5364594258372e-07,0.279189485807724,3.92966536258989e-05,0.632179451377342,5
"20792",0.400204884769724,0.0014326807182616,3.4165778835048e-06,0.0188525468390768,0.579506471095055,5
"20794",0.501980852263738,6.97171481103519e-08,0.166807847479722,1.53595678986422e-05,0.331195870971494,1
"20796",2.61541082190136e-08,0.0032860855207124,1.35256507851361e-08,0.996073048911939,0.000640825887589496,4
"20798",0.999971596447012,9.77397263953322e-08,1.52648717260278e-06,5.01888166923168e-07,2.62774379218516e-05,1
"20801",0.999133706946028,8.71155409833243e-07,7.10355723414275e-06,1.28730455251463e-05,0.000845445295803052,1
"20803",1.03210234499854e-05,0.00232664043386433,1.34314181181701e-05,0.0185848987362304,0.979064708388337,5
"20805",4.82721603463713e-05,0.000738326645338658,1.06264317813871e-05,0.22989368793542,0.769309086827113,5
"20807",0.999971596447012,9.77397263953322e-08,1.52648717260278e-06,5.01888166923168e-07,2.62774379218516e-05,1
"20809",0.000884711081938823,0.000656757347674559,0.000831605723065756,0.00094587993442565,0.996681045912895,5
"20811",0.966132847499019,0.0016889451540891,6.24599942755092e-06,0.00685674467783356,0.0253152166696313,1
"20813",0.0597807536834328,0.00276663203868921,0.000386556427748747,0.383138175556839,0.55392788229329,5
"20815",0.758520544725692,7.18774531655531e-09,0.241236219750574,3.87181415510528e-07,0.000242841154573137,1
"20817",0.025111193264358,2.89693474603511e-05,5.79872014084117e-06,6.20998165649547e-05,0.974791938851476,5
"20819",1.39838831899389e-06,0.00499360621652481,1.21436595316132e-05,0.239766281631251,0.755226570104374,5
"20821",0.00320001343328055,0.000291057593272457,0.585496091568046,0.410551698880179,0.000461138525221604,3
"20823",0.0084059828180719,0.00278293798350501,5.8750793095967e-06,0.0913244147406197,0.897480789378494,5
"20825",0.0621952789589477,1.11204132134809e-06,0.000430621944581768,1.31887919851591e-05,0.937359798263164,5
"20827",0.824420512198864,0.000130117232181934,1.05990161900978e-05,0.000141065545074538,0.17529770600769,1
"20829",1.182884709081e-05,0.00146163276597448,1.5003889110931e-05,0.997043424448124,0.00146811004969978,4
