"","V1","V2","V3","V4","best$classification"
"19811",0.0158465512573038,0.984153447196188,1.54650755971847e-09,5.802309274476e-22,2
"19813",0.000574404310842987,0.999425595680766,8.3912643516787e-12,9.95141746561086e-26,2
"19815",0.00420034798474079,0.995799651947208,6.80517303061619e-11,5.48548272547951e-24,2
"19817",0.166840247292191,0.833159710752152,4.19556574420416e-08,7.68905814846409e-20,2
"19819",0.000146890001363707,2.37481951309588e-12,0.976515994047294,0.0233371159489677,3
"19821",0.11677990812716,0.883219750922181,3.40950658886055e-07,3.01125696148069e-18,2
"19823",0.831128814002447,0.168853927575711,1.72584218297656e-05,1.15407934675255e-14,1
"19825",0.00349350844687814,1.87316946585546e-09,0.994613203680214,0.00189328599973844,3
"19827",0.0823518365724223,0.917648075220464,8.82071137463708e-08,1.60574458403751e-18,2
"19829",0.00607231428539117,7.27738100860499e-09,0.993889185491492,3.8492945735714e-05,3
"19831",0.00111957066497095,3.31774398071673e-11,0.998121560232056,0.000758869069795878,3
"19833",0.00660117235845403,5.06763835294766e-09,0.983654401479303,0.00974442109460468,3
"19835",0.11677990812716,0.883219750922181,3.40950658886055e-07,3.01125696148069e-18,2
"19837",0.893195076261139,0.106792904229918,1.20195089407685e-05,1.75081784640925e-15,1
"19839",0.584836816755109,0.415104831175529,5.83520693573779e-05,4.86497082194173e-15,1
"19841",0.133812029014433,0.866182338514962,5.6324706045258e-06,8.05386837193448e-16,2
"19843",0.0584377132860846,0.941561913049364,3.73664551140211e-07,3.84886958574482e-18,2
"19845",0.0576801946439082,0.942319743900873,6.14552184999527e-08,2.54285818694557e-19,2
"19847",0.00132155641816941,0.998678443549454,3.23763568119255e-11,1.25870569922819e-24,2
"19849",1.9174879111899e-05,0.999980825120873,1.53715938324273e-14,1.60009556139446e-29,2
"19851",0.00169971488275907,0.998300285113482,3.75858089324307e-12,7.05230738196456e-26,2
"19853",0.253095943014513,0.746904025753255,3.12322321562249e-08,7.20597083802691e-19,2
"19855",0.993951197883806,0.00597499051083406,7.3811605132405e-05,2.27684179311834e-13,1
"19857",0.982005219831718,0.000166185628186347,0.0178285939099111,6.30185114567623e-10,1
"19859",0.0163279427092849,0.98367205364764,3.6430755613425e-09,2.62102660765105e-21,2
"19861",0.000697366545296967,0.999302633452138,2.56481602829449e-12,2.85489343607399e-26,2
"19863",3.59121182430916e-05,0.999964087881638,1.19251844980218e-13,7.58871542372547e-28,2
"19865",0.00963352385116922,0.990366471070145,5.07868573108551e-09,1.80765285849074e-20,2
"19867",0.0681580710528904,0.931841914424885,1.45222243607081e-08,1.03704003690593e-20,2
"19869",0.0293408030682682,0.970659176996739,1.99349926904164e-08,4.88651090998788e-20,2
"19871",0.046410354874043,0.953589633814279,1.13116778016392e-08,1.13316524040659e-20,2
"19874",0.000989688669048033,0.999010311322052,8.89991524008023e-12,1.28702102711316e-24,2
"19876",0.000280804352137578,0.999719195647283,5.79048685410527e-13,1.37374751992069e-26,2
"19878",0.908014180624902,0.000133962428744514,0.091851813942848,4.30035048762479e-08,1
"19880",8.75401610223148e-06,0.999991245983892,5.93721918516767e-15,1.57033579584986e-29,2
"19882",0.000325027150490121,0.999674972848099,1.41089793497979e-12,2.74994808522843e-26,2
"19885",0.367759150812777,0.632238670978741,2.17820848178673e-06,3.19808959590498e-17,2
"19907",0.0154989085910049,0.984501089665352,1.74364290341721e-09,6.69403440267951e-22,2
"19909",0.213845896974316,1.39148902541391e-06,0.786151536031747,1.17550491087119e-06,3
"19911",0.510114179491488,0.489857038136707,2.87823718031932e-05,2.04529493180637e-15,1
"19913",9.47630095751629e-06,0.999990523699022,2.01695415489456e-14,2.70693489671691e-28,2
"19915",0.000122233455370024,0.999877766544408,2.21754346504562e-13,3.913625517428e-27,2
"19917",0.000568094061171459,0.999431905924732,1.40959653797255e-11,1.26082912378686e-24,2
"19919",0.0253809326635819,0.974619062933406,4.40301184938798e-09,6.15679322677092e-21,2
"19921",0.26248707624899,0.737512815855675,1.07895335514012e-07,2.36168622814402e-19,2
"19923",0.963060316350755,0.0367288273859035,0.000210856263118897,2.22209063078267e-13,1
"19925",0.270169042184355,0.729830517845915,4.39969728945943e-07,3.88049782662497e-17,2
"19927",0.00964963779108888,0.99035036184952,3.59391698189739e-10,7.6380788346785e-23,2
"19929",2.34712202932521e-05,0.999976528779647,5.98957664036554e-14,3.87083193453904e-28,2
"19931",0.000935458428851116,0.99906454156123,9.91844296845144e-12,4.22826781862292e-25,2
"19933",0.646752142754739,1.4967540861598e-05,0.353232287880166,6.01824233938801e-07,1
"19935",0.990137651878965,0.00566865863006348,0.00419368942640268,6.45685336794655e-11,1
"19937",7.67064967138126e-05,0.999923293503233,5.29298188214938e-14,1.35528462977449e-28,2
"19939",0.944785581263208,8.39907938789769e-05,0.0551303761092043,5.1833709075461e-08,1
"19941",0.604723983322106,0.395188338538547,8.76781393320785e-05,1.46347990064057e-14,1
"19943",0.0116068914099106,0.988393098567151,1.00229387769742e-08,6.83681863480867e-20,2
"19945",0.0172343420969733,0.982765648064974,9.83805261764547e-09,7.81732480898624e-21,2
"19947",0.00885554075724644,0.991144445107213,1.41355407035486e-08,1.00190893668676e-20,2
"19949",0.981209829744737,0.0184996541885683,0.00029051606628976,4.05414310973129e-13,1
"19951",0.0953696884640737,0.904630074150873,2.37385053187965e-07,3.76249627261056e-18,2
"19953",0.0014328769945466,3.71589120968634e-11,0.991131657837553,0.0074354651307413,3
"19955",0.00318092195636625,0.996819077629954,4.13680087732755e-10,3.67842974328396e-23,2
"19957",0.286003460328625,0.713994452306262,2.0873651134481e-06,9.49186569008785e-17,2
"19960",0.128142992516996,0.871854759347721,2.24813528292244e-06,2.8520811473706e-17,2
"19963",0.0091931201136893,0.990806855975589,2.39107212881691e-08,1.58104111731382e-18,2
"19965",0.00155811332893483,4.33442222533536e-11,0.998058917426175,0.000382969201546427,3
"19968",0.00634744458157736,0.993652551336578,4.08184452266836e-09,4.11830515620433e-21,2
"19971",0.00923420432890588,0.990765765764279,2.99068150930307e-08,3.12362667624244e-19,2
"19973",0.011152998546914,0.988846999880971,1.57211483496267e-09,8.57478292179007e-22,2
"19975",0.0156902842229881,0.984309705547659,1.02293533749889e-08,2.35600542262082e-20,2
"19977",1.84738850289594e-05,0.99998152611493,4.09032677781959e-14,2.54353191472431e-28,2
"19979",1.71196869445827e-06,2.25111487320447e-15,0.908689352912841,0.0913089351184623,3
"19981",0.0331448485409539,0.96685514092651,1.05325361677024e-08,3.90113680157294e-21,2
"19983",0.922337295909597,4.69682331035467e-06,0.0776579967000306,1.0567062047654e-08,1
"19985",0.000808604576429543,0.999191395414023,9.54757553045518e-12,9.20382175708266e-25,2
"19987",0.653880576399466,0.346102200108479,1.72234920536572e-05,1.31579212104288e-15,1
"19989",9.73770145002462e-05,5.8113425737639e-13,0.982581705683507,0.0173209173014119,3
"19993",0.00357330148281857,1.34341036060523e-10,0.993357772597313,0.00306892578552773,3
"19995",0.619590016733129,1.28920649128032e-05,0.380396166506516,9.24695442390488e-07,1
"19997",0.0482798424454303,0.951720154461932,3.09263765852658e-09,2.85238407391463e-21,2
"19999",0.00035308458022952,0.99964691541847,1.29999159375674e-12,2.33619785186189e-26,2
"20002",0.959338113765739,0.0336296129067715,0.00703227305573285,2.7175716290256e-10,1
"20004",0.24877845624368,0.751216826949687,4.71680663313028e-06,8.88752705909621e-17,2
"20006",0.968237241079375,0.000756949928974081,0.0310058084707778,5.20872839227983e-10,1
"20008",0.849900802384416,0.149951855473369,0.00014734214213667,7.81621211265444e-14,1
"20010",0.000605973213950554,2.42718915075517e-12,0.990545585350328,0.00884844143329487,3
"20012",0.0180316897829489,0.98196829788926,1.23277910058142e-08,4.44893255781087e-20,2
"20015",7.71836201333413e-18,7.00715822700568e-34,3.97097328816787e-06,0.999996029026712,4
"20017",0.742417951455361,0.25757106113694,1.09874076982322e-05,1.18278916214693e-15,1
"20019",0.000127242633335197,3.22950959470381e-12,0.991457565472535,0.00841519189090073,3
"20022",0.0315263553212023,1.21255334180998e-08,0.968440413505467,3.32190477975828e-05,3
"20024",0.000882812957800769,1.19579610289746e-10,0.995823261712654,0.0032939252099662,3
"20026",0.000882812957800769,1.19579610289746e-10,0.995823261712654,0.0032939252099662,3
"20028",0.00126134759687283,0.998738652385659,1.74680303512975e-11,2.21705200204182e-24,2
"20030",4.16187367306923e-05,2.81839745592644e-13,0.983156036375278,0.0168023448877092,3
"20033",0.000983035856963552,0.999016964111446,3.15907607787091e-11,2.66122999431604e-24,2
"20035",7.77705132125061e-05,1.67799810608071e-12,0.987893630944453,0.0120285985406566,3
"20037",0.00314148287568134,7.40714114583504e-10,0.996436227345513,0.000422289038091921,3
"20039",0.000460548183751165,2.3483659742107e-11,0.967568525582973,0.0319709262097919,3
"20041",0.000734883815842965,1.31049357104858e-12,0.989677293572497,0.00958782261034902,3
"20044",0.698903754008664,2.43762859243677e-05,0.301071209713906,6.59991505073404e-07,1
"20047",2.9232398309457e-08,3.10322840395375e-18,0.177675207022489,0.822324763745113,4
"20050",1.90503760730809e-08,3.366269393842e-19,0.0202259113043405,0.979774069645283,4
"20052",0.0653926203521555,0.93460729574764,8.39002044916323e-08,4.50438664803972e-19,2
"20054",4.15262851275389e-09,1.19618042015432e-20,0.056557316089088,0.943442679758284,4
"20056",0.000239608417252795,0.999760391575204,7.54308243937299e-12,1.07201726576838e-24,2
"20058",2.06494010233502e-06,2.24309074310682e-16,0.813180774299258,0.18681716076064,3
"20060",0.148425924296789,0.851573937161273,1.38541937293402e-07,9.47694791832872e-19,2
"20062",0.961336233210844,0.0385452373764131,0.000118529412675988,6.64086991309733e-14,1
"20064",0.412047182318287,4.42001685684585e-06,0.587947496639769,9.0102508670394e-07,3
"20066",0.000656848417794379,7.41855626001236e-10,0.999209516662801,0.000133634177548638,3
"20068",0.500696487881626,0.499301730320043,1.78179833103521e-06,3.57852248898762e-17,1
"20070",0.790207157369867,0.209790033979585,2.80865054767436e-06,1.83233985194477e-16,1
"20072",0.0202283079562694,1.577685511185e-08,0.979752063070299,1.96131965766099e-05,3
"20074",4.68380543734094e-06,0.99999531619456,3.00313776826789e-15,4.17515887062309e-30,2
"20076",0.901825141412141,0.0976849331171158,0.000489925470205426,5.37795301233022e-13,1
"20078",0.735139277150594,0.26483029478956,3.04280598449206e-05,1.52148656431149e-15,1
"20080",2.88015277477311e-14,5.83716967876029e-28,0.000198754159604741,0.999801245840367,4
"20082",4.83099148402599e-15,1.84379167695144e-28,9.60925411442654e-06,0.999990390745881,4
"20084",0.138829408596223,9.93006781324372e-07,0.861146388566766,2.3209830229793e-05,3
"20087",0.60383168584041,2.89012932625116e-06,0.396165170357194,2.53673069205844e-07,1
"20090",1.79965605921058e-13,1.00682558393856e-26,0.000217383030842441,0.999782616968978,4
"20092",1.5150434897796e-06,1.44391127543718e-17,0.234850483097002,0.765148001859509,4
"20096",0.192531486669838,4.32436056973194e-07,0.80739774105799,7.03398361151499e-05,3
"20098",0.949705141915521,0.0501668275079688,0.000128030576233438,2.76898005780127e-13,1
"20101",0.343181970560603,2.26849877616198e-05,0.656793568158366,1.77629326974056e-06,3
"20104",7.81790564483437e-09,2.81283838609362e-20,0.0103874578613331,0.989612534320761,4
"20106",0.0128550410544542,1.01560944748834e-08,0.986989933633839,0.000155015155612687,3
"20108",0.0236699431565291,0.976330052676512,4.1669592149498e-09,3.52513016365131e-21,2
"20110",0.0113788037146801,5.52245724923133e-10,0.976494182169395,0.0121270135636795,3
"20112",0.721852396407489,5.56538156681325e-05,0.278091483481421,4.6629542200291e-07,1
"20114",0.486208444881677,0.513758997873265,3.25572450538509e-05,4.25994655438141e-15,2
"20116",0.966233598580192,0.00256433456317464,0.0312020663213827,5.35250659904638e-10,1
"20118",0.957802006964811,0.042023984299042,0.000174008736050636,9.62153540681763e-14,1
"20120",7.294622408056e-13,1.235807858875e-25,0.000224060249536984,0.999775939749733,4
"20122",0.0190401174559652,0.980959867718216,1.48258188435113e-08,5.66075293144668e-20,2
"20124",0.63600197325038,4.80910404708868e-05,0.363949802152618,1.33556531480962e-07,1
"20126",0.431241179432708,3.10012255689692e-05,0.568724185266331,3.63407539160208e-06,3
"20128",4.8057635521883e-07,1.86616610225543e-16,0.299261752042047,0.700737767381598,4
"20141",0.995102885227279,0.00453737742728501,0.000359737325285564,2.01509005693542e-11,1
"20143",3.61392464397152e-06,0.999996386075354,2.37849327899327e-15,6.46010569590746e-30,2
"20145",0.211687257514583,1.17226532889027e-06,0.788304011344412,7.5588756764071e-06,3
"20147",0.0207999822428911,7.14299033452765e-09,0.979177300960879,2.27096532397246e-05,3
"20149",0.00932867532751056,0.99067131910166,5.57082951321923e-09,1.63552761878363e-20,2
"20151",0.760428526598679,0.239561139585991,1.03338153275205e-05,2.37437154310725e-15,1
"20153",0.00672420536276719,1.15845699306362e-09,0.986690690744508,0.00658510273426796,3
"20155",0.0748332678580575,1.9752911047371e-07,0.925161352064334,5.18254849780746e-06,3
"20157",3.49701660581559e-05,0.999965029833873,6.88863991877862e-14,5.35453331177452e-28,2
"20160",7.06460938637723e-06,0.999992935390606,8.31097357061912e-15,5.9031201930584e-29,2
"20162",5.07298146281421e-05,0.999949270185285,8.67381748507577e-14,1.85542275287162e-27,2
"20164",0.000316978319510646,0.999683021676504,3.98511733832012e-12,3.52907575502368e-25,2
"20166",0.674495734869993,0.000278211193473427,0.325225854598454,1.99338079221977e-07,1
"20168",0.00031547740957435,0.999684522573608,1.68177094018899e-11,7.05128694678077e-25,2
"20170",0.00273862172779193,0.997261378179354,9.28540887210244e-11,2.06876655992859e-23,2
"20172",0.793068375147707,3.06821914560043e-05,0.206900922769316,1.98915211581051e-08,1
"20174",0.00400948514755609,0.995990514738896,1.13548401101038e-10,1.98618505144555e-23,2
"20176",0.825499029982696,0.000159301220170429,0.174341615611722,5.31854114718722e-08,1
"20178",3.10837585068087e-06,0.999996891624147,2.06422724540892e-15,6.98118245646074e-30,2
"20181",0.00729606677879047,2.38552814658042e-08,0.992650752943839,5.31564220895436e-05,3
"20183",0.622968275439936,0.377028865627775,2.85893228902359e-06,6.85684375698597e-17,1
"20186",0.0093562228810414,3.42272307853124e-10,0.989613584366373,0.00103019241031359,3
"20188",0.00054301030466124,0.999456989670801,2.4537422775196e-11,1.47772626009017e-23,2
"20190",1.12923350958904e-07,4.3577778307566e-18,0.329203888554001,0.670795998522648,4
"20193",0.915487687001842,0.0818772019980023,0.00263511097638643,2.37689227417973e-11,1
"20195",0.0685780874883054,0.931421764764616,1.47747078161707e-07,2.24982799338346e-18,2
"20197",0.00050363263535428,3.98967760113077e-12,0.995577550157543,0.00391881720311335,3
"20199",0.279032534072459,0.720965579105999,1.88682154269275e-06,2.25717713489042e-16,2
"20205",7.38261134582057e-05,1.57829054561372e-13,0.637330696602474,0.36259547728391,3
"20208",0.973759761167747,0.0260957234569215,0.000144515375182552,1.4857322074966e-13,1
"20210",1.95319016417523e-05,0.999980468098338,2.06984983067819e-14,1.10240734875119e-28,2
"20212",0.00612044655649919,0.993879552357056,1.08644460141824e-09,1.50523180256761e-21,2
"20216",0.000417705908564415,1.05176512647259e-11,0.995227125569319,0.00435516851159891,3
"20219",3.43110558563571e-08,2.16056578612232e-19,0.0345306941288797,0.965469271560064,4
"20223",0.11299091658607,1.51678450904131e-06,0.887005089104482,2.47752493930559e-06,3
"20226",0.000342175334926925,8.27048988742552e-13,0.939459712587434,0.060198112076812,3
"20230",0.000774043216166261,8.97338475700001e-11,0.998439032806055,0.000786923888045284,3
"20233",0.972339313727625,0.000154088305514442,0.0275059802541639,6.17712696352798e-07,1
"20235",0.000169541791403979,8.02834335554063e-13,0.987494945248693,0.0123355129591,3
"20239",0.93230910637174,9.83856994958944e-05,0.0675925055042832,2.42448083616563e-09,1
"20254",5.32386995125767e-15,2.067521899265e-28,1.11362119681897e-05,0.999988863788027,4
"20256",0.00368277852717815,2.84979767786752e-10,0.996273400173402,4.38210144403224e-05,3
"20262",0.0717712448131742,0.928228724493928,3.06928976089034e-08,2.37233499950169e-19,2
"20270",0.954227065468344,0.043485324813892,0.00228760971064645,7.11798987495304e-12,1
"20284",0.995148022183248,0.000806612991548595,0.00404536413138879,6.93814749862184e-10,1
"20287",1.63751127983375e-06,4.9881784838894e-16,0.903963240743805,0.0960351217449152,3
"20290",7.92961337930335e-15,2.36756699806848e-28,6.99493538943851e-06,0.999993005064603,4
"20293",0.995576409562514,0.00287242701325977,0.00155116342344153,7.8514795966081e-13,1
"20296",0.92833177811976,0.0713717013310769,0.000296520548946042,2.1690771844582e-13,1
"20301",1.4351893064193e-11,1.58059823249215e-22,0.00671597310853743,0.993284026877111,4
"20304",4.69843479095483e-11,9.61635067425161e-23,0.00131301609646671,0.998686983856549,4
"20306",1.25601491410045e-05,6.92270256012235e-15,0.948255701557981,0.0517317382928717,3
"20309",0.989196239710771,0.000917783035224673,0.00988597709295125,1.61052747069074e-10,1
"20311",0.970475746216744,0.00103726548929784,0.0284869870979673,1.19599058423819e-09,1
"20314",0.746411384726557,0.253572025628212,1.65896452277126e-05,3.09622776853155e-15,1
"20318",0.00364514561654536,0.996354849930874,4.45258096720868e-09,4.43987342831602e-20,2
"20320",2.19235971542684e-05,0.99997807640282,2.54867644143577e-14,8.0798782949185e-29,2
"20326",0.0690146351771142,0.930985305511921,5.93109648355551e-08,3.30639240124622e-19,2
"20328",0.000111078586246283,0.999888921413579,1.75251634818365e-13,1.00909993910071e-27,2
"20330",0.00295254911732947,6.91570357376319e-11,0.9963716241019,0.000675826711612808,3
"20336",0.000978161536858909,1.21540001163912e-11,0.977251428719525,0.0217704097314624,3
"20338",8.55726952280707e-11,4.41149148529036e-23,0.00134760139069191,0.998652398523735,4
"20340",8.00730231290186e-06,1.81837919053736e-14,0.996694105656876,0.00329788704079264,3
"20342",0.00587500705270527,0.994124989949522,2.99777285595645e-09,1.16187387005693e-20,2
"20344",0.431701048564441,8.84845908640092e-06,0.568289769620145,3.33356327481433e-07,3
"20349",0.00200415650353969,1.63889074229445e-10,0.997843749261829,0.000152094070742434,3
"20351",0.928243896088374,0.000231737187516801,0.0715243628180744,3.90603463192872e-09,1
"20353",6.7135597964537e-05,6.15086464358258e-14,0.962449111686646,0.0374837527153281,3
"20357",9.25668406233785e-06,4.50148574073736e-15,0.390217311590088,0.609773431725845,4
"20360",2.23924958850338e-05,1.5408159592475e-14,0.732663291423949,0.26731431608015,3
"20364",0.238931444120984,8.49909820256519e-07,0.761061731446652,5.97452254441832e-06,3
"20366",0.0132029995738441,2.43946535778218e-09,0.983394799169959,0.00340219881673131,3
"20381",0.319903199609428,4.15790023302776e-06,0.680077194050123,1.54484402161631e-05,3
"20391",0.0015955062811417,1.80894658165425e-11,0.996032526943211,0.00237196675755767,3
"20394",0.703567669906193,0.296430135087061,2.19500674544387e-06,4.40154685176163e-17,1
"20396",0.000130098670773798,0.999869901328963,2.6354378141976e-13,1.9315225822042e-27,2
"20409",0.862220302225416,0.000220850827801219,0.137558743031562,1.03915221060798e-07,1
"20411",7.5899122288497e-07,2.32600386982831e-17,0.355393817807944,0.644605423200833,4
"20416",1.4322975536718e-10,6.37723560375897e-22,0.00559628416275898,0.994403715694011,4
"20418",8.68695498877413e-06,0.999991313045007,4.43899680409936e-15,4.74934311106381e-30,2
"20420",0.965141325540501,0.0343736405037277,0.000485033944535504,1.12358459746144e-11,1
"20422",0.00469287753915504,2.44210733264761e-09,0.994951596859334,0.000355523159403641,3
"20424",1.84952491509206e-08,3.60138598820145e-20,0.0932626048755388,0.906737376629212,4
"20426",0.0064717786707515,7.20546267154674e-09,0.940193905022905,0.0533343091008808,3
"20428",0.884173657272238,8.81787051702527e-05,0.115738150497889,1.35247022410953e-08,1
"20431",0.954765567561459,0.0443274792642958,0.000906953167518226,6.72678290246675e-12,1
"20433",0.00177963057963114,0.998220368992607,4.27762182165846e-10,7.73366292354966e-23,2
"20436",0.0242704372027437,3.70501765843575e-08,0.975688542639185,4.09831078943904e-05,3
"20439",1.51292848384016e-05,0.999984870715148,1.34762567438279e-14,2.44044406731459e-29,2
"20441",1.6584613299334e-07,6.55958374678867e-18,0.0607265133896278,0.939273320764239,4
"20444",1.23168535429316e-05,0.999987683146442,1.52185942088648e-14,1.81644916908083e-28,2
"20448",3.52158792690132e-12,1.08203543728981e-24,0.000259041871137619,0.999740958125341,4
"20536",0.448401802099709,0.551597305272399,8.92627892258092e-07,2.99015703841444e-18,2
"20538",0.0058839256591564,8.67455897259968e-10,0.992696682621729,0.00141939085165849,3
"20541",4.14342502782073e-10,6.04494911064463e-22,0.0149087591371478,0.98509124044851,4
"20544",0.995335883943397,0.00420064763163756,0.000463468424500738,4.64888739226944e-13,1
"20546",0.000286353629688267,1.17603802962467e-12,0.992569101907611,0.00714454446152473,3
"20550",0.897007758225381,0.000123514207036326,0.102868663347703,6.42198801133713e-08,1
"20553",1.2341798407241e-13,3.03652191262632e-25,0.000119699516584586,0.999880300483292,4
"20555",0.874382597332703,1.15731162175304e-05,0.125597738432111,8.09111896847192e-06,1
"20557",1.48403716952878e-05,4.00125820466072e-15,0.495761424381003,0.504223735247297,4
"20559",1.77608610329332e-06,9.72913607272501e-17,0.805905282467264,0.194092941446633,3
"20561",0.00730751402481077,0.992692485516885,4.58304562517438e-10,1.41640123954626e-22,2
"20564",3.41175006239647e-06,0.999996588249935,2.66837199988901e-15,1.36113528697389e-29,2
"20566",0.000113151179124311,1.60507689366973e-13,0.978967288543528,0.0209195602771865,3
"20569",0.0768036030572159,0.923196373306098,2.36366855595881e-08,1.40300541497987e-19,2
"20572",0.428794058774663,0.571195888710959,1.00525143763746e-05,1.92034262137138e-15,2
"20574",0.0706970494955461,3.08228626201214e-07,0.929282586306557,2.00559692710281e-05,3
"20576",1.73986566232514e-05,0.999982601343337,3.92921122180706e-14,3.32592984267048e-28,2
"20578",0.990130629792128,0.00264643959323024,0.00722293052302352,9.16178821050217e-11,1
"20580",0.965193979941106,0.000290616077505314,0.0345154021821642,1.79922443792694e-09,1
"20583",7.64210819562707e-06,0.999992357891795,8.83546192114519e-15,2.86957153646705e-29,2
"20586",0.0911524686174997,0.908847266332519,2.65049981029722e-07,8.27038236667735e-19,2
"20589",8.61958911592801e-07,1.05107102378103e-17,0.922479398790748,0.0775197392503407,3
"20591",0.465508149435885,4.28614573790187e-07,0.534477287125324,1.41348242176538e-05,3
"20593",0.00173912345644987,1.07731108925242e-09,0.998154995496567,0.000105879969672351,3
"20595",0.000643781895291976,1.15648677886596e-11,0.998908654938283,0.000447563154860048,3
"20597",0.00230467505612782,1.16208193728603e-10,0.992041555623508,0.00565376920415561,3
"20599",9.93541620776247e-06,0.999990064583772,2.00744509801257e-14,2.37715344460464e-28,2
"20601",0.884534117730396,0.115463195079607,2.68718999628263e-06,1.17309638822899e-16,1
"20604",3.04059896564225e-11,3.58760715785005e-23,0.0102469101460252,0.989753089823569,4
"20606",8.16115650277391e-09,3.76580344634382e-20,0.0859101350119375,0.914089856826906,4
"20608",1.64668637889023e-06,5.89406475267858e-17,0.81675498029307,0.183243373020551,3
"20610",0.000158317814912655,0.999841682182443,2.64489426777398e-12,1.88036598864361e-25,2
"20612",0.000853013916317866,0.999146985986012,9.76703546950748e-11,1.84832590071648e-23,2
"20614",3.57258449015315e-05,0.999964274155034,6.43353590061689e-14,7.672216346672e-28,2
"20616",0.0178608795049333,0.98213911640495,4.09011704487672e-09,3.18948591877247e-21,2
"20618",0.0557262242363678,5.40357562517086e-08,0.943592646923542,0.000681074804333546,3
"20620",1.99520688025322e-05,2.16961114708215e-14,0.844104762173855,0.155875285757321,3
"20622",0.00102564356277903,0.998974356343214,9.40068963008145e-11,7.34759275336268e-23,2
"20624",5.28462637101996e-06,1.2961042328713e-15,0.731684613055363,0.268310102318264,3
"20626",0.0182094306237527,9.86738422955306e-09,0.981758197890237,3.23616186255858e-05,3
"20628",0.0240163252912284,5.07186833362009e-09,0.975953866437994,2.98031989089079e-05,3
"20630",0.0221880730393534,2.16038055261912e-08,0.977631765677018,0.000180139679822653,3
"20632",2.11252892215724e-05,0.999978874710756,2.25578465743594e-14,9.93680301196896e-29,2
"20634",0.0148146903735822,1.3368541699429e-08,0.985116053127704,6.92431301726494e-05,3
"20637",7.16939773419018e-20,2.52795138851926e-35,1.98080129826856e-08,0.999999980191987,4
"20639",0.000379315348566172,0.999620684650488,9.45368977618488e-13,5.50523942841853e-26,2
"20644",7.81321601479611e-05,3.32567672583202e-12,0.982683813830222,0.0172380540063042,3
"20646",0.95824023781441,0.0387759573393505,0.0029838048442201,2.01994162818207e-12,1
"20648",0.841376652891746,0.158616915566753,6.43154150022996e-06,1.2800754790985e-15,1
"20650",0.00903014093975105,6.58051767760553e-09,0.990789220862875,0.000180631616855943,3
"20653",0.945564247008952,0.0543199232148457,0.000115829775901503,3.00944846745474e-13,1
"20658",0.000328250168213799,5.87963555141043e-12,0.996698513382283,0.00297323644362313,3
"20661",0.689356405099393,0.310576854985208,6.67399153845808e-05,1.4223216154695e-14,1
"20663",0.877944159459749,0.122017151383882,3.8689156367743e-05,1.55069764461173e-15,1
"20665",0.110339877845498,0.889658379747931,1.74240657084437e-06,1.03327420709379e-16,2
"20667",0.987917927125475,0.0116682495724122,0.000413823301429147,6.8379690134447e-13,1
"20669",0.064780939555378,0.935218947838054,1.12606567886707e-07,7.35354361085481e-19,2
"20671",5.40125139081177e-05,1.62054487875275e-13,0.816249807690548,0.183696179795382,3
"20673",0.00010995847896994,0.999890041520887,1.42805379224333e-13,4.73028618229253e-28,2
"20675",0.949869897372355,0.0500788116669289,5.12909607114116e-05,4.38538966465761e-15,1
"20677",0.991158138359557,0.000419225128536587,0.00842263646016423,5.17424828991633e-11,1
"20679",0.00560110361215888,0.99439889611963,2.68211210089845e-10,6.42405550502021e-23,2
"20681",0.00199312522334549,0.998006874769459,7.19589806067576e-12,7.7988584004028e-26,2
"20683",0.10533486377225,0.894664751832313,3.84395437252182e-07,1.82279877168107e-18,2
"20685",0.988816271544631,0.000199981430372264,0.0109837043545418,4.26704552545027e-08,1
"20687",1.5484169112489e-05,0.999984515830876,1.1535050225832e-14,3.59013998905051e-29,2
"20689",2.42492826200988e-05,3.54351471817651e-13,0.965959167113012,0.034016583604014,3
"20691",3.08198762674865e-06,0.999996918012372,1.21933542867972e-15,1.08538496656055e-30,2
"20693",0.000565346536965809,1.42192611296509e-11,0.998978110101605,0.000456543347210198,3
"20695",0.00121744621725876,0.99878255377024,1.2501279637394e-11,7.1836352221994e-25,2
"20697",0.000122967369326201,1.65856080045696e-12,0.983961658938677,0.0159153736903385,3
"20699",0.166754282994394,1.68283886693287e-07,0.833241719789336,3.82893238270424e-06,3
"20701",0.974777628613918,0.000294831629667575,0.0249275394138409,3.4257319555046e-10,1
"20703",0.819839555469728,0.180027552416172,0.000132892113900618,1.99584002575238e-13,1
"20705",0.924057383749812,0.000274631771227049,0.0756679742012308,1.02777303914209e-08,1
"20707",0.204220161625621,0.795779717476788,1.20897591368391e-07,3.09283706501426e-19,2
"20709",0.018990433484102,0.98100952863843,3.78774684383305e-08,1.22322734332403e-19,2
"20713",0.948531775491525,4.45613688092217e-05,0.0514235238224576,1.39317208484061e-07,1
"20715",0.00943033715582416,1.5768490457912e-07,0.990266371154196,0.000303134005074961,3
"20717",0.00859468811100385,0.991405311842785,4.62109810220616e-11,2.57758785905654e-24,2
"20720",0.000117994316323873,1.78764781602647e-13,0.985585145713615,0.0142968599698822,3
"20722",0.300030632177951,1.66798078952856e-06,0.699965890029296,1.80981196313908e-06,3
"20724",0.000662895193596711,0.999337104802079,4.32400033801558e-12,2.16111149340939e-25,2
"20726",0.000128525567380608,3.023705934455e-13,0.998969834597232,0.000901639835084952,3
"20728",0.000728639034418381,0.999271360964419,1.1622294548642e-12,9.73767153471124e-27,2
"20730",0.175633072774325,0.824366853453334,7.37723409063474e-08,4.09318781771222e-19,2
"20732",0.925083489904899,0.0747314252519289,0.000185084843104953,6.74243031760715e-14,1
"20734",0.986469746473816,0.0130979727491461,0.000432280776523993,5.13628979931141e-13,1
"20736",0.000180954922959943,0.999819045075949,1.09067405536773e-12,2.7857863206893e-26,2
"20738",3.73174820362754e-06,0.999996268251794,2.33808762346806e-15,1.95665840571496e-30,2
"20740",0.990006477773874,0.00436075748233227,0.00563276466390054,7.98933465651141e-11,1
"20742",0.977067632175162,0.0228576488487396,7.47189759391659e-05,1.59296843383075e-13,1
"20744",0.0725285292809321,0.927471383244866,8.74742022258209e-08,8.49446428938007e-19,2
"20746",0.746969079270701,0.253019995051507,1.09256777918763e-05,2.36555907066617e-16,1
"20748",0.000699413599401455,0.999300586397114,3.48447978005208e-12,2.60870614029441e-25,2
"20750",0.459473204441004,0.540523632965731,3.16259326469907e-06,9.9162931645133e-17,2
"20752",0.0180321832424907,1.59733440766666e-09,0.981910707828453,5.7107331722007e-05,3
"20754",0.000604471309197265,0.999395528685404,5.39869998654062e-12,7.15163984135283e-26,2
"20756",0.78276932813067,0.217188731826566,4.19400427597995e-05,4.4357229966365e-15,1
"20758",0.00548552287786506,0.994514474791117,2.33101781399869e-09,1.11339626328093e-21,2
"20760",0.00175505102268052,0.998244948952458,2.48616684310956e-11,2.28489617207648e-24,2
"20762",4.42407158808929e-05,0.999955759284086,3.30435018348156e-14,4.16746871820915e-29,2
"20764",0.0157761586964244,0.984223837253021,4.05055463141001e-09,9.5944934368495e-21,2
"20766",0.000547006981935742,0.999452993016221,1.84341026581872e-12,6.60043734572355e-26,2
"20768",6.07827461047343e-05,0.999939217253714,1.81663324334571e-13,1.30591432672753e-27,2
"20770",0.319032005320535,0.680965055068923,2.93961054244385e-06,3.01227126238393e-17,2
"20772",2.04484363151697e-06,4.80606806201969e-16,0.858141120631255,0.141856834525113,3
"20774",0.470512702961905,8.36915053603994e-05,0.529403108220966,4.97311768838438e-07,3
"20776",4.26978266204124e-06,0.999995730217336,1.51922455645626e-15,8.18114124982392e-31,2
"20778",0.000117985202462411,8.38659706595361e-12,0.983712368864198,0.0161696459249531,3
"20780",0.00116400647313286,0.998835993458245,6.86222675436008e-11,5.43173335784684e-24,2
"20782",0.0112312959320429,0.988768702069703,1.99825409759115e-09,1.06099159680403e-21,2
"20784",1.39576409511627e-05,0.999986042359039,9.63671826801201e-15,9.24486780999054e-30,2
"20786",2.89039984967833e-05,0.9999710960014,1.0289801230769e-13,7.39091483420739e-28,2
"20788",0.770136425559374,0.229861590970573,1.98347005335443e-06,3.13144586895014e-17,1
"20790",0.0385379106315978,0.961462080218166,9.15023669031125e-09,9.60320958735687e-21,2
"20792",0.988300492185241,0.00661589268786439,0.00508361482411503,3.02779534426106e-10,1
"20794",0.00647316068892456,0.993526838740742,5.7033316751994e-10,2.3823586834698e-22,2
"20796",0.000507898886475273,5.40161193669605e-12,0.99866973939744,0.000822361710683049,3
"20798",2.35072818316784e-06,0.999997649271816,9.55632328148604e-16,9.41915642089304e-31,2
"20801",6.28036272386561e-05,0.999937196372346,4.1554222465448e-13,7.68917052786475e-27,2
"20803",0.70154423061993,0.298454686130753,1.08324931722083e-06,5.95997470987919e-18,1
"20805",0.904153162972649,0.0957463975797645,0.000100439447562243,2.42071711952367e-14,1
"20807",2.58015697068812e-06,0.999997419843028,1.23532074332058e-15,1.83647214580112e-30,2
"20809",0.438412144244472,0.561581253204008,6.60255151958909e-06,4.86311034238811e-16,2
"20811",0.000390879038700131,0.999609120941642,1.96577684200595e-11,3.92096518654676e-24,2
"20813",0.988817207825434,0.000391384034687132,0.0107914077184389,4.21439925241597e-10,1
"20815",5.40760805765445e-06,0.999994592391939,3.66677173653434e-15,6.59325310116392e-30,2
"20817",7.80953780893524e-05,0.999921904621815,9.53847377265057e-14,6.00026556699956e-28,2
"20819",0.779032407167759,4.27727045441535e-06,0.220963101737926,2.13823861236464e-07,1
"20821",0.205143055556078,0.794845675206105,1.12692378160955e-05,6.3762174093561e-16,2
"20823",0.945516768208491,0.0543956394372022,8.75923542890518e-05,1.76053696909909e-14,1
"20825",0.000366736566279365,0.999633263432624,1.09683904702468e-12,2.07608003952759e-26,2
"20827",0.461116102873738,0.538873723501457,1.01736248014878e-05,3.30129063317796e-15,2
"20829",0.0402121689476313,7.62658682142903e-08,0.959744580285815,4.3174500685701e-05,3
"20831",0.158858261738657,0.841141497178089,2.41083253625078e-07,4.66958099877786e-18,2
"20833",2.32333138717545e-05,0.999976766686109,1.96253552388706e-14,3.07628911716393e-29,2
"20835",0.0213758087748792,0.978624189848936,1.37618438265173e-09,1.5128659610491e-21,2
"20837",0.00142078388595161,0.998579216106184,7.86423995246145e-12,3.4288780023041e-25,2
"20839",0.169333528415102,0.830666387176809,8.44080892773306e-08,4.831537820113e-19,2
"20841",0.441233604562993,0.558757736041915,8.65939509228162e-06,3.0442923346615e-16,2
"20843",0.832992893012525,0.166999054595014,8.05239246074177e-06,3.41860949742534e-16,1
"20845",0.0944000331301216,0.905599864891218,1.01978660052268e-07,4.48381672264005e-19,2
"20847",0.99574828436956,0.000704730465562662,0.00354698514828617,1.65906601248159e-11,1
"20849",0.231457724017787,0.768539958932475,2.31704973720039e-06,3.23170877976497e-17,2
"20851",0.142891386767063,0.857107980586246,6.32646691416291e-07,4.59233287036102e-18,2
"20853",0.00274269952108092,1.4292966266865e-10,0.99345810611703,0.00379919421895921,3
"20855",0.00137288242144476,4.23631351614458e-11,0.998573379780976,5.37377552156459e-05,3
"20857",0.87724680042693,3.12047477786547e-05,0.122721954869114,3.99561769772571e-08,1
"20859",0.112922133164492,3.03656729414838e-07,0.887072854989891,4.7081888878068e-06,3
"20861",0.00818569564406971,4.63591636380256e-10,0.963851933732654,0.0279623701596846,3
"20863",0.0386675374270192,0.961332455803911,6.76906990031476e-09,4.53419236969283e-20,2
"20865",0.00610714599737607,0.993892853240369,7.62254616301992e-10,1.63818334827021e-22,2
"20867",1.95868457374478e-07,3.78771905544948e-17,0.451604311867016,0.548395492264527,4
"20869",0.00480258183835148,0.995197417846881,3.14767941166713e-10,9.07240157602612e-23,2
"20871",2.26020602844502e-06,5.47466136411838e-15,0.728364749629373,0.271632990164593,3
"20873",6.40857304314559e-06,1.56505486706168e-14,0.927761366074857,0.0722322253520843,3
"20875",0.365403088532568,5.19668150150619e-07,0.634595134937037,1.2568622447086e-06,3
"20878",0.00144515962851135,0.99855484013768,2.33808580821016e-10,1.47564770768318e-22,2
"20880",3.90812308069386e-05,0.999960918769122,7.0925695935409e-14,1.93157005982367e-28,2
"20882",0.830263685901173,0.169251898407778,0.0004844156906544,3.94582311090837e-13,1
"20884",3.07001415355153e-05,0.999969299858445,1.94658782469398e-14,4.46311293594046e-29,2
"20886",0.147554146139875,0.852445064728831,7.89131293629421e-07,1.69126998075283e-17,2
"20888",0.0201118413151617,0.979888152295355,6.38948351372591e-09,2.1880123212748e-20,2
"20890",0.983857798385813,0.0160555308520198,8.66707620857824e-05,8.10467388105022e-14,1
"20892",0.843042015325156,7.33017647138326e-06,0.156950504772003,1.49726369855445e-07,1
"20897",0.142540636911315,9.22526303729142e-08,0.857350527329794,0.000108743506260683,3
"20899",0.644214622347461,1.01146686340381e-05,0.355773664319657,1.59866424863928e-06,1
"20901",2.00878482722119e-07,1.47744529298561e-17,0.135036170484684,0.864963628636833,4
"20903",0.0039919879533383,2.24704855017997e-08,0.995308221638353,0.000699767937823121,3
"20905",0.884925567158695,0.114368044604036,0.000706388235571223,1.6986040864847e-12,1
"20907",0.000182726463777028,1.0380687402112e-12,0.999402893252058,0.000414380283126923,3
"20909",0.961319293453569,0.0383915269089856,0.000289179637325242,1.1975356812374e-13,1
"20911",1.64404280949056e-09,2.69580914718885e-20,0.0131085587563264,0.986891439599631,4
"20913",0.942113680960327,0.0576575989521348,0.000228720087272923,2.65036862301581e-13,1
"20962",0.369450829824219,2.15330857224576e-06,0.630546164903156,8.51964052729505e-07,3
"20969",0.000443508064193585,3.10772767298360e-11,0.989119114910812,0.0104373769939168,3
"20980",2.5606396428734e-05,1.32171080396242e-15,0.944170408934996,0.0558039846685736,3
"20982",0.00038392497611088,5.70042593758356e-13,0.999249642148785,0.000366432874534194,3
"20984",0.972684142194227,8.53071855922817e-05,0.0272305395016073,1.11185734166024e-08,1
"20994",4.1140397730808e-08,9.76262553891866e-19,0.0477661173765544,0.952233841483048,4
"21015",0.753092712139632,0.246895756792212,1.15310681350425e-05,2.08584520076542e-14,1
"21023",5.57299610353751e-07,2.51917104882117e-17,0.505557313059769,0.494442129640621,3
"21040",4.74855156495824e-16,7.91712760796496e-31,5.98298223286222e-06,0.999994017017767,4
"21073",0.0272850922364601,6.76652969308861e-09,0.972243584144579,0.000471316852431003,3
"21222",0.776545586330561,0.223438447161432,1.59665080038964e-05,3.28249945318696e-15,1
"21224",0.134402089147421,2.40663009402664e-07,0.865567057251627,3.06129379423329e-05,3
"21228",0.475467350369254,7.6827872314907e-06,0.524491202582009,3.37642615052201e-05,3
"21232",0.000410851005664448,1.97067354505687e-12,0.997863300621641,0.00172584837072393,3
"21237",0.696307415096882,0.303589578336885,0.000103006566197794,3.54095694355088e-14,1
"21240",0.213149669035771,0.78685020054565,1.30418579151167e-07,2.71703708368658e-18,2
"21245",0.200301822634659,0.7996976555711,5.21794241413939e-07,1.27260615555748e-17,2
"21252",0.961028242246874,0.000318957071361778,0.0386527983433668,2.33839778783583e-09,1
"21254",5.59691887309562e-05,2.38652896917564e-14,0.903136632396406,0.0968073984148396,3
"21258",0.146278045243513,7.18867158351446e-08,0.853711511090828,1.0371778943493e-05,3
"21264",0.672503820035749,0.327491373250551,4.80671369945655e-06,4.50940637637639e-16,1
"21305",0.941137026532171,0.0583360961471168,0.000526877319914083,7.97900167828508e-13,1
"21333",0.000294275545880225,2.58911117256799e-13,0.995354622280117,0.00435110217374376,3
"21366",0.826567765280141,0.173387668243296,4.45664765493446e-05,1.37785243316578e-14,1
"21377",0.0361572446555156,0.963842672994592,8.23498924904589e-08,1.21384924992409e-18,2
"21380",0.929497259776969,0.00146237274840474,0.0690403595343719,7.94025406341399e-09,1
"21387",0.628753959542161,0.000129134779371269,0.371114593658482,2.31201998597379e-06,1
"21390",0.303625432091171,6.5676484090365e-06,0.696365530462047,2.4697983724693e-06,3
"21392",0.925544664603721,9.45294399993358e-06,0.0744458527982666,2.96540120216317e-08,1
"21403",0.227339620061512,0.772657424821042,2.95511744573024e-06,2.93987772561926e-17,2
"21408",0.000641539900736793,5.15262333345841e-11,0.996380861283808,0.00297759876392908,3
"21412",3.27673602704573e-09,2.00327203869545e-19,0.00485519401296331,0.995144802710301,4
"21421",0.895621235282126,6.8639839407556e-06,0.10437173368293,1.6705100305851e-07,1
"21424",7.39065402031475e-15,1.337022065878e-28,1.68108390080685e-05,0.999983189160984,4
"21429",7.89271411695554e-09,3.34477279918614e-20,0.0349637266814488,0.965036265425837,4
"21431",0.965208756160614,4.94769513233237e-05,0.0347417586753254,8.21273719348053e-09,1
"21436",0.0741049743528468,0.925894948990911,7.66562419732074e-08,9.07989353129113e-20,2
"21439",0.000157768673522617,3.21601881947724e-13,0.984763445699012,0.0150787856271442,3
"21442",0.983356703210075,0.0156185588124656,0.00102473797407419,3.38565338762859e-12,1
"21444",0.00158178353788998,0.99841821645509,7.02040896874814e-12,4.80339015387138e-25,2
"21446",0.322207841653174,7.77164380092628e-06,0.677711820079173,7.25666238520613e-05,3
"21448",0.578745128340486,0.421241696632327,1.3175027134583e-05,5.18154010089459e-14,1
"21450",0.92369592002826,0.0761112320139273,0.000192847957644808,1.67653226899136e-13,1
