"","V1","V2","V3","best$classification"
"19812",0.00918921704247566,0.946933822243241,0.0438769607142833,2
"19814",0.00147684296074075,0.0939013991329724,0.904621757906287,3
"19816",0.0121103591033219,0.98786129437751,2.83465191683783e-05,2
"19818",0.00508708488635355,0.643613366848433,0.351299548265213,2
"19820",0.0226874239553713,0.977312576044629,4.68974650826868e-21,2
"19822",0.949666201822872,0.0503337981771277,2.40620595428052e-22,1
"19824",0.525670978919326,0.474328983174335,3.79063394157935e-08,1
"19826",0.0377280238270953,0.793827216758955,0.168444759413949,2
"19828",0.0100035231568359,0.989996476767417,7.57471602442208e-11,2
"19830",0.241039695839401,0.556445008811373,0.202515295349226,2
"19832",0.611057180220558,0.388942795182186,2.45972555065894e-08,1
"19834",0.0166293859760817,0.983370205027008,4.08996910726507e-07,2
"19836",0.0245371179754746,0.97500259634945,0.000460285675075492,2
"19838",0.00419688945427377,0.0390741497654906,0.956728960780236,3
"19840",0.0512420041075756,0.948737197566101,2.07983263231604e-05,2
"19842",0.344479744693498,5.89161956313605e-05,0.655461339110871,3
"19844",0.824627277084734,8.24537179875885e-09,0.175372714669894,1
"19846",0.00133658328402031,0.00020124582263103,0.998462170893349,3
"19848",0.00263488123102846,0.00175870825455511,0.995606410514416,3
"19850",0.00610799172589731,0.00408131972251584,0.989810688551587,3
"19852",0.0064036011484604,0.979838894354391,0.013757504497149,2
"19854",0.00622856908078077,0.00617523481858693,0.987596196100632,3
"19856",0.894890759899969,0.000452084449910956,0.10465715565012,1
"19858",0.998702066142421,0.00125410655485114,4.38273027283433e-05,1
"19860",0.0102112271697068,0.973324922699994,0.016463850130299,2
"19862",0.00660486106656508,0.000738374148574895,0.99265676478486,3
"19864",0.99999999749101,4.09099866024536e-10,2.09989051965613e-09,1
"19866",0.349630101572898,0.650369471255943,4.2717115941296e-07,2
"19868",0.999999999991976,8.0235170575583e-12,8.72874328891765e-22,1
"19870",0.00374220266766129,0.0336928454422804,0.962564951890058,3
"19873",0.0428060030912616,0.641836818546218,0.31535717836252,2
"19875",0.0140489647111476,0.985951019764456,1.55243962834356e-08,2
"19877",0.00569575387627871,0.690840645154581,0.30346360096914,2
"19879",0.0081998697174647,0.988117801913315,0.00368232836922028,2
"19881",0.0940914228432209,0.823152101240032,0.0827564759167472,2
"19883",0.0488376635701136,0.090547928017386,0.8606144084125,3
"19899",0.0448105658029875,0.955179815439921,9.61875709114631e-06,2
"19908",0.999999478132949,5.21740738532395e-07,1.26312504602192e-10,1
"19910",0.00495641651775494,0.957749487808464,0.0372940956737811,2
"19912",0.0768565168852623,0.000322915715879911,0.922820567398858,3
"19914",0.0209386383678483,0.97803508681023,0.00102627482192193,2
"19916",0.999666629446256,0.000333370513272508,4.04721925446553e-11,1
"19918",0.00349744396707586,0.0204292381113418,0.976073317921582,3
"19920",0.00279743522601907,0.000398213870468602,0.996804350903512,3
"19922",0.999174443418396,0.000825556397743783,1.83859838872537e-10,1
"19924",0.00706170176434383,0.718558854542229,0.274379443693427,2
"19926",0.0880565738776854,0.911943262492243,1.63630071988293e-07,2
"19928",0.999999975454339,1.57144688297903e-15,2.45456589247528e-08,1
"19930",0.00153825799501578,0.125586236926754,0.87287550507823,3
"19932",0.000609961451184091,0.00921048585124757,0.990179552697568,3
"19934",0.0152719471473166,0.984726438338823,1.61451386021067e-06,2
"19936",0.0294216164987182,0.928983805908371,0.0415945775929108,2
"19938",0.279422224910845,0.720577775061101,2.80541023494396e-11,2
"19940",0.0130553277814873,0.829819750531601,0.157124921686912,2
"19942",0.999991897931726,3.73057625429715e-09,8.09833769820851e-06,1
"19944",0.0116329331411459,0.985948315871896,0.00241875098695869,2
"19946",0.0169644245993059,0.823259024560368,0.159776550840326,2
"19948",0.998277615439441,5.65100177915304e-09,0.00172237890955749,1
"19950",0.00302895944465154,1.93403248315642e-07,0.9969708471521,3
"19952",0.998277615439441,5.65100177915304e-09,0.00172237890955749,1
"19954",0.000662715660160027,0.0326712719348845,0.966666012404956,3
"19956",0.7740874495414,1.37085395284949e-06,0.225911179604647,1
"19958",0.999999999978368,2.16314850824735e-11,1.47821603372863e-18,1
"19962",0.71343335820251,0.275414745910062,0.0111518958874283,1
"19964",0.0804009709621953,0.910574727698564,0.00902430133924033,2
"19966",0.448396856649971,0.551603143350024,4.90116604221905e-15,2
"19969",0.050910206014783,0.268154773225125,0.680935020760092,3
"19972",0.0320239694455579,0.00230478555666295,0.965671244997779,3
"19974",0.00361213593305786,3.67030263927631e-08,0.996387827363916,3
"19976",0.0128718127305468,0.428258298552578,0.558869888716876,3
"19978",0.00934670158180587,0.988473813146771,0.00217948527142293,2
"19980",0.000669239321716762,0.000306668801029968,0.999024091877253,3
"19982",0.0624453350139239,0.00626465141114215,0.931290013574934,3
"19984",0.0198315816289604,1.95964195580467e-06,0.980166458729084,3
"19986",0.0625695023800898,0.93743049761991,3.48992046291062e-16,2
"19988",0.0755927906246357,0.924407209375364,1.8039655302618e-22,2
"19992",0.0418601905304557,0.958139809469538,6.49426588412014e-15,2
"19994",0.00222135722976314,0.234524589753018,0.763254053017219,3
"19996",0.00860120318113533,0.991398796818772,9.26022331274033e-14,2
"19998",0.991927908542761,0.0079988752937603,7.32161634786747e-05,1
"20000",0.99763101994597,0.00223880947912196,0.000130170574907795,1
"20003",0.0138495075414317,0.944019180420601,0.0421313120379677,2
"20005",0.031154689549273,0.00191281998111876,0.966932490469608,3
"20007",0.0256555787863524,0.974172477410428,0.000171943803219838,2
"20009",0.863362568531589,0.136637431455724,1.26871800040862e-11,1
"20011",0.0522704199648868,0.0782893097665939,0.869440270268519,3
"20013",0.00359959489967336,0.108875494760492,0.887524910339835,3
"20016",0.609550827882216,0.39044917211778,4.1517585443401e-15,1
"20018",0.999999997627375,2.37262477054491e-09,2.01692032507547e-42,1
"20021",0.0138767878177595,0.986123130966104,8.12161359802434e-08,2
"20023",0.0382636146707408,0.961560677964106,0.000175707365152615,2
"20025",0.998581140445302,0.00141885955469756,2.35847394189525e-25,1
"20027",0.0645247345249729,0.039974094513344,0.895501170961683,3
"20029",0.115022118385158,0.037155167175219,0.847822714439623,3
"20032",0.00689764337709013,0.0392315239368633,0.953870832686047,3
"20034",0.996809375006985,1.5695531568372e-06,0.00318905543985809,1
"20036",0.910954485325916,0.064299061760571,0.0247464529135126,1
"20038",0.0197625133018271,0.980237486698137,3.56814547599928e-14,2
"20040",0.999685106909889,0.000314893090110628,2.56804484134776e-21,1
"20043",0.0220809918204662,0.977919005799652,2.37988143000423e-09,2
"20045",0.421583370534715,0.578416629465285,6.21194861708041e-22,2
"20048",0.334216839747255,5.93910553416845e-09,0.66578315431364,3
"20051",0.124550606740485,0.875175946558048,0.000273446701467496,2
"20053",0.118206203780234,0.881740756185581,5.30400341842298e-05,2
"20055",0.118221717548218,0.881778282451595,1.86489596697932e-13,2
"20057",1,7.59733138375955e-22,1.99903804191068e-27,1
"20059",0.212864829200108,0.787134823192993,3.47606898880386e-07,2
"20061",0.0305942349141483,0.969282145626556,0.000123619459296221,2
"20063",0.999999999644668,2.8402637353463e-11,3.2692939053629e-10,1
"20065",0.990412125053536,0.00958787494646371,5.43814213070523e-29,1
"20067",0.284910729901466,0.715089266447753,3.65078128701012e-09,2
"20069",0.000706380609510329,0.000237797186057322,0.999055822204432,3
"20071",0.791819835138923,0.208178394805249,1.77005582761669e-06,1
"20073",0.0361754545004608,0.0045673751244458,0.959257170375093,3
"20075",0.999999999355154,6.44846321001166e-10,1.7011585173698e-23,1
"20077",0.0498324729909876,0.950151065421367,1.64615876458269e-05,2
"20079",0.971778019524608,0.0281938469913541,2.81334840380023e-05,1
"20081",0.174899120649065,0.825100879182233,1.68702280367262e-10,2
"20083",0.999950085176577,9.58803807420516e-06,4.03267853490944e-05,1
"20085",0.0606110679211389,0.939388932078861,1.40235497141057e-23,2
"20088",0.0209908393484262,0.979009160601242,5.03319904376663e-11,2
"20091",0.999978169074878,2.18309251223481e-05,6.83842817705666e-19,1
"20095",0.999879764996817,2.81153636737681e-05,9.21196395091068e-05,1
"20097",0.105059863182632,0.894940136817368,8.88441902850047e-24,2
"20099",0.955172201536536,0.0448240680332301,3.73043023340027e-06,1
"20102",0.999999755548828,1.63494278778048e-07,8.09568931743281e-08,1
"20105",0.0355625529834894,0.964437439238254,7.77825680989963e-09,2
"20107",0.0116797623831152,0.988320236488856,1.12802850229677e-09,2
"20109",0.353485007916605,0.643854816647084,0.00266017543631108,2
"20111",0.999999981507914,1.79816932127219e-08,5.10392742859725e-10,1
"20113",0.145863187000741,0.854136729919439,8.30798200588989e-08,2
"20115",0.905112211753697,0.012631159479211,0.0822566287670916,1
"20117",0.999999970355315,2.96446847640884e-08,1.44472123658339e-23,1
"20119",0.601684288199226,0.398315711799377,1.3971292679939e-12,1
"20121",0.0279046652057861,0.972095334789713,4.50069858589654e-12,2
"20123",0.999982582488829,1.74175111705036e-05,8.24592489147036e-25,1
"20125",0.00406619683890418,0.0186148900957001,0.977318913065396,3
"20127",0.0552915546859919,0.944708445314008,4.71668935088717e-18,2
"20140",0.301091730794289,0.698908269099871,1.05839926106457e-10,2
"20142",0.00190065889019643,6.90665709289959e-07,0.998098650444094,3
"20144",0.907626449728206,0.0189547136808458,0.0734188365909484,1
"20146",0.496446274092797,0.0116479836725301,0.491905742234673,1
"20148",0.0106926212548101,0.664144310500138,0.325163068245052,2
"20150",0.00108019633296702,7.91777260677104e-06,0.998911885894426,3
"20152",0.0107598141917544,0.793645121892509,0.195595063915737,2
"20154",0.999821990797081,0.000178009202919076,1.08741456249446e-22,1
"20156",0.670352002362107,0.328273039142052,0.00137495849584051,1
"20159",0.186688962316351,0.00214628410305721,0.811164753580592,3
"20161",0.84327696183025,2.94003484019367e-05,0.156693637821348,1
"20163",0.144986059717307,0.854331031828086,0.000682908454607116,2
"20165",0.97594753233404,0.00877407521786785,0.0152783924480923,1
"20167",0.00183336328984015,0.142986382184255,0.855180254525905,3
"20169",0.0156428077027513,1.27258542745013e-08,0.984357179571394,3
"20171",0.999999344366408,6.55633592260313e-07,1.35424828769508e-25,1
"20173",0.999999935359685,4.90437413666988e-08,1.55965736847639e-08,1
"20175",0.011763252124913,0.351516074051145,0.636720673823942,3
"20177",0.918957820339058,0.0810420969402368,8.27207055618796e-08,1
"20180",0.100413568018354,0.899586431981646,7.3071439266311e-17,2
"20182",0.999998372577971,8.09838534105061e-20,1.62742202872323e-06,1
"20184",0.00306119154554249,0.00103211524482046,0.995906693209637,3
"20187",0.999249022814627,2.54467358487417e-05,0.000725530449524732,1
"20189",0.0373822924906024,0.962604537962098,1.31695472993513e-05,2
"20192",0.999831132054386,0.000168867945614512,1.75653628543911e-18,1
"20194",0.871126317994996,3.07855441913293e-06,0.128870603450584,1
"20196",0.73480208506601,0.26519791493399,2.29730425865876e-20,1
"20198",0.133681543982111,0.854353263844239,0.0119651921736497,2
"20204",0.00264565853076886,0.000571227384389083,0.996783114084842,3
"20207",0.473305321892762,0.526694678107184,5.44569828226648e-14,2
"20209",0.999469406086511,0.000530591779947785,2.13354085190314e-09,1
"20211",0.999777947727099,0.000222052272901232,7.09862808423289e-19,1
"20215",0.0446381594740207,0.955361829127067,1.13989122529611e-08,2
"20218",0.000868169240295659,5.5406978623007e-06,0.999126290061842,3
"20222",0.101622752981945,0.898377246996148,2.19062526095325e-11,2
"20225",0.132861946561159,0.00311506697641692,0.864022986462424,3
"20229",0.840604419325302,0.159393100365177,2.4803095206224e-06,1
"20232",0.0617322178560146,0.938267503548207,2.78595778702403e-07,2
"20234",0.998889434590747,0.00111056540925286,1.52542003342467e-35,1
"20238",0.110443602657896,0.889556395457639,1.88446577389468e-09,2
"20253",0.0978568892241188,0.90214311077584,4.12615148089204e-14,2
"20255",0.0100656081554239,0.207442613895299,0.782491777949277,3
"20258",0.0112151000020779,0.988784899997804,1.18022586774431e-13,2
"20269",0.0541177280904471,0.945872961980441,9.30992911142828e-06,2
"20271",0.400898713990064,0.599101286009831,1.05093236218341e-13,2
"20285",0.996692662494554,0.00323479957343492,7.25379320114605e-05,1
"20288",0.0278321349204763,0.972167836081746,2.89977782978587e-08,2
"20291",0.846778001781715,0.153221998218285,8.97344367699592e-17,1
"20295",0.95151617113325,0.0484833833813535,4.454853966004e-07,1
"20298",0.00273623597643878,0.0291663070063194,0.968097457017242,3
"20302",0.0652627273099127,0.0104925825183133,0.924244690171774,3
"20305",0.00526560374206175,0.0122590294546158,0.982475366803322,3
"20307",0.0231831200261152,0.976816879973866,1.84284461138873e-14,2
"20310",0.785368786109599,0.214631213890401,3.07927301196149e-25,1
"20313",0.0210077363132009,2.54306511466791e-09,0.978992261143734,3
"20315",0.0116355275143817,0.988364472484819,7.99099659093409e-13,2
"20319",0.938670575730499,0.061329424269501,3.08594954539681e-21,1
"20321",0.161277970265348,0.838722029733018,1.63372038801795e-12,2
"20327",0.0245562811028321,0.975443718896508,6.59788829517367e-13,2
"20329",0.951761496394087,1.09525429990614e-08,0.0482384926533703,1
"20335",0.597316448589306,0.402683551410694,5.2427115730911e-18,1
"20337",0.00724099131737974,0.00163532341752071,0.9911236852651,3
"20339",0.999944640221638,5.53597783323848e-05,2.90216659416328e-14,1
"20341",0.999988425420829,1.15745791711429e-05,7.0182447781371e-17,1
"20343",0.910331618150892,0.0896683818491064,1.39901192766148e-15,1
"20345",0.0346814663166625,0.936761090363558,0.0285574433197793,2
"20350",0.998839732123705,0.00116026403290253,3.84339227786493e-09,1
"20352",0.00784504420848759,2.27998323086676e-07,0.992154727793189,3
"20355",0.921882156931813,0.00113249421774337,0.0769853488504437,1
"20358",0.507111443017985,3.4285681580622e-07,0.4928882141252,1
"20363",0.0430970918912438,0.95690290801975,8.90057329693807e-11,2
"20365",0.502012410171051,0.497987589825992,2.957046798715e-12,1
"20379",0.439208945648867,0.35283582892156,0.207955225429573,1
"20387",0.02731201352921,0.972687986268141,2.02648475929666e-10,2
"20392",0.999863279710375,0.000136720289624647,4.40351971581731e-23,1
"20395",0.01479382411552,0.66631796565459,0.31888821022989,2
"20397",0.974023923825548,9.73021978186634e-16,0.0259760761744506,1
"20410",0.0293005223537074,0.97069947330549,4.34080217991253e-09,2
"20414",0.0131329145936708,0.0150218496487021,0.971845235757627,3
"20417",0.999999999720482,2.79518074240533e-10,4.32349321882129e-46,1
"20419",0.102890907339359,0.897109092660567,7.38586490948916e-14,2
"20421",0.948378344453798,0.0144038652270448,0.037217790319157,1
"20423",0.00501389908428949,0.00427460024872128,0.990711500666989,3
"20425",0.0373554166891773,0.0303674899515391,0.932277093359283,3
"20427",0.0185925661442006,0.962181192597233,0.0192262412585665,2
"20429",0.99412585432862,0.00587414566873617,2.6439406805444e-12,1
"20432",0.00807165906674863,8.26469534769011e-05,0.991845693979775,3
"20435",0.122610227859167,0.877359738506989,3.00336338431422e-05,2
"20438",0.555725975756512,0.444273973487105,5.07563839110007e-08,1
"20440",0.028025558995811,0.971974441002586,1.60321475962069e-12,2
"20443",0.342967064712712,3.21064588222794e-05,0.657000828828465,3
"20446",0.256343565439109,0.743633043967197,2.33905936950341e-05,2
"20449",0.0374185331353994,0.962580177087654,1.28977694682679e-06,2
"20537",0.84825644771076,0.151743552284954,4.28631466608776e-12,1
"20540",0.999985921730097,1.40782699030655e-05,4.5304420219072e-27,1
"20543",0.0248808282192435,0.974878738786081,0.000240432994675215,2
"20545",0.999987737987608,1.22620123923022e-05,1.1396389063835e-20,1
"20549",0.0224986148974704,0.583185015653815,0.394316369448715,2
"20551",0.0114503934218765,0.988493409326096,5.61972520274442e-05,2
"20554",0.00780979736744128,0.992189997274731,2.05357827599458e-07,2
"20556",0.0432205473666948,0.956772241907663,7.21072564219491e-06,2
"20558",0.00880971276212921,0.991190287237069,8.01337137060248e-13,2
"20560",0.0266049623152223,0.973067554603765,0.000327483081012554,2
"20563",0.0439514793924697,0.95604852060753,3.15987276960481e-17,2
"20565",0.0557638583581418,0.944218462623618,1.76790182399536e-05,2
"20567",0.00998165858371512,0.000321560623450067,0.989696780792835,3
"20571",0.887245742244425,0.112754257755573,2.31297461516482e-15,1
"20573",0.0192543908489536,0.980688616419855,5.69927311911828e-05,2
"20575",0.0570798055788908,0.942920194421096,1.33678479395881e-14,2
"20577",0.0128713768496177,0.987060336798367,6.82863520158828e-05,2
"20579",0.119959153376224,5.40743304410854e-11,0.880040846569701,3
"20582",0.0185507239130878,0.981449276086912,1.74706820288436e-18,2
"20585",0.793734162274869,0.206265837690028,3.5102808987259e-11,1
"20588",0.999636781846792,0.000363218150701864,2.50674830621221e-12,1
"20590",0.00391897610714792,1.17462819529674e-08,0.99608101214657,3
"20592",0.0223379011960754,0.977662098803921,3.47801305788958e-15,2
"20594",0.0360100254755778,0.963989974524422,1.97929099339796e-19,2
"20596",0.0573133850580217,0.94268162551007,4.98943190855222e-06,2
"20598",0.0113067857447198,0.988685052429396,8.161825884691e-06,2
"20600",0.496298803249957,0.50366094808084,4.02486692037299e-05,2
"20603",0.0716031102925531,0.0441283011264807,0.884268588580966,3
"20605",0.0177267704191186,0.982273229578345,2.53676134952765e-12,2
"20607",0.0176207377577336,0.982379252511959,9.73030692390464e-09,2
"20609",0.00807506631705039,0.991924534755343,3.98927606447072e-07,2
"20611",0.00521407499745511,0.0044296569115209,0.990356268091024,3
"20613",0.0173622990192879,0.982379386884912,0.000258314095799784,2
"20615",0.0325844309399588,0.966321180476587,0.00109438858345427,2
"20617",0.0157191354345396,5.8413081149818e-07,0.984280280434649,3
"20619",0.0549773621519058,0.945022637847433,6.61208246151221e-13,2
"20621",0.0569461536432825,0.943051899502371,1.94685434637266e-06,2
"20623",0.33719663876178,0.001077348869312,0.661726012368908,3
"20625",0.875064381659311,0.0320393122846729,0.0928963060560157,1
"20627",0.0107816543208108,0.988984421787623,0.000233923891566369,2
"20629",0.0119268154639462,0.988007101332287,6.60832037671352e-05,2
"20631",0.120705169129881,0.879294830870114,5.25629214656021e-15,2
"20633",0.00765681754068456,4.1303885825329e-11,0.992343182418012,3
"20636",0.649736311534027,0.12698976852097,0.223273919945003,1
"20638",0.659784412521818,0.340211630967382,3.95651079991227e-06,1
"20640",0.232904276375477,0.767095723624414,1.09800548478373e-13,2
"20645",0.0500012484747828,0.949998751525217,2.29155043845356e-21,2
"20647",0.0321605782266775,6.08306284705401e-10,0.967839421165016,3
"20649",0.0836882577041277,0.916311721331801,2.0964071532022e-08,2
"20651",0.981123971247614,0.0188760287523864,2.25666904903704e-19,1
"20656",0.598136177423332,0.401863822576667,2.90760570257861e-16,1
"20660",0.999973580209843,2.64197901572744e-05,1.13336109233352e-18,1
"20662",0.425250868362666,1.4421147366129e-05,0.574734710489968,3
"20664",0.965293210592896,0.0347065153328134,2.74074290446801e-07,1
"20666",0.995423448773773,0.00457204269203207,4.50853419462229e-06,1
"20668",0.00269438069958718,0.0030395175083697,0.994266101792043,3
"20670",0.841951179379069,0.158048820620925,6.27193322705955e-15,1
"20672",0.00142978352169146,0.000363492374485533,0.998206724103823,3
"20674",0.0344630863127065,0.965413673577979,0.000123240109314157,2
"20676",0.179359045580757,1.29542177323753e-07,0.820640824877066,3
"20678",0.0270408640578465,3.23754397915815e-09,0.97295913270461,3
"20680",0.0025415396329442,0.0276354223751981,0.969823037991858,3
"20682",0.124674855720136,0.517919242155148,0.357405902124717,2
"20684",0.814711854013367,0.18528811317261,3.28140226685179e-08,1
"20686",0.000577251289389404,7.8154291233223e-06,0.999414933281487,3
"20688",0.239061367167534,6.84426878975486e-12,0.760938632825622,3
"20690",0.987998782609668,0.0120012173903312,6.08486757168841e-16,1
"20692",0.0182578844548529,6.21990114851387e-13,0.981742115544525,3
"20694",0.00309233656016232,0.012212824988722,0.984694838451116,3
"20696",0.0346664133776291,0.0803151460388149,0.885018440583556,3
"20698",0.215579028750887,0.784399392132128,2.15791169843038e-05,2
"20700",0.960951543924642,0.0390478290273012,6.27048056946061e-07,1
"20702",0.868274703746842,0.131725296253158,2.78376780855334e-22,1
"20704",0.00810521294021868,0.991870732849562,2.40542102188282e-05,2
"20706",0.993497623631692,0.00623588133995675,0.000266495028351332,1
"20708",0.0608014309881711,8.50019574627063e-06,0.939190068816083,3
"20710",0.252907377379066,0.747092616742993,5.87794077303831e-09,2
"20714",0.0322925061168929,0.000106169636904551,0.967601324246202,3
"20716",0.021877218906556,0.978122278415053,5.02678391300905e-07,2
"20719",0.880315411193308,0.119678919050951,5.66975574092971e-06,1
"20721",0.0576131599091992,0.942386840090801,2.66429385542927e-16,2
"20723",0.998819289654355,0.00118070976340309,5.822423970315e-10,1
"20725",0.00515201507358794,0.163620553454127,0.831227431472285,3
"20727",0.987838839898223,5.44430064382671e-10,0.0121611595573472,1
"20729",0.00393771838965713,0.00257207214812943,0.993490209462213,3
"20731",0.0109915599993334,0.071641221937991,0.917367218062676,3
"20733",0.0429899379163409,0.956996706079065,1.33560045939095e-05,2
"20735",0.0164643911697963,0.982839168746986,0.000696440083217221,2
"20737",0.00411969485913018,2.25093923787438e-05,0.995857795748491,3
"20739",0.00609259247484635,1.43707551685681e-10,0.993907407381446,3
"20741",0.00412562560300711,0.15762141879378,0.838252955603213,3
"20743",0.0805068690838247,0.288159630119156,0.631333500797019,3
"20745",0.0801521765766794,0.91984782342332,1.89162776571598e-16,2
"20747",0.026192638505871,0.00195905450111608,0.971848306993013,3
"20749",0.0255497625279521,0.00111999773780043,0.973330239734247,3
"20751",0.93940400676939,0.0355046056096202,0.0250913876209899,1
"20753",0.0124718594742994,0.0496834016238657,0.937844738901835,3
"20755",0.777409079575855,2.76808419575828e-08,0.222590892743303,1
"20757",0.999819984504232,4.50982727046798e-06,0.000175505668497134,1
"20759",0.348278627939027,0.651721358086422,1.3974551527904e-08,2
"20761",0.00311348106441444,0.585293409494649,0.411593109440936,2
"20763",0.688012783674525,0.309557613470174,0.00242960285530122,1
"20765",0.00131998126103416,0.0849605309701257,0.91371948776884,3
"20767",0.0226361577276712,0.977363795260211,4.70121175389962e-08,2
"20769",0.937093079320552,0.0629069206794253,2.2938155522931e-14,1
"20771",0.0213207180070159,0.573305714533462,0.405373567459522,2
"20773",0.99998964757862,7.23848140264983e-07,9.62857323975918e-06,1
"20775",0.031083624272534,0.848871525462302,0.120044850265164,2
"20777",0.975451718698796,0.0245480613479916,2.19953212399402e-07,1
"20779",0.00540561592045584,0.195472560290706,0.799121823788838,3
"20781",1,3.90428020562397e-17,2.38366756524476e-17,1
"20783",0.0117165449245331,0.632776077824347,0.35550737725112,2
"20785",0.999915932506943,6.75487660855978e-12,8.4067486302379e-05,1
"20787",0.00187683223703685,0.00817928247307081,0.989943885289892,3
"20789",0.0124572865040486,0.986966043625378,0.000576669870573765,2
"20791",0.00115010837569719,0.000645586206975547,0.998204305417327,3
"20793",0.0299666384580832,0.967505442343884,0.0025279191980325,2
"20795",0.018469739986977,0.0337414827353624,0.947788777277661,3
"20797",0.999999973903566,4.51581901689569e-15,2.60964293217502e-08,1
"20800",0.0413232701463796,0.0357640693121787,0.922912660541442,3
"20802",0.00370016071492814,0.167484212332066,0.828815626953006,3
"20804",0.00571259530841757,0.00029739208898786,0.993990012602595,3
"20806",0.00133782150198364,7.84460290974762e-05,0.998583732468919,3
"20808",0.0121192650136638,0.98787913507887,1.59990746624671e-06,2
"20810",0.209214723357716,0.07158554856314,0.719199728079144,3
"20812",0.0285564882810557,0.155423032450969,0.816020479267975,3
"20814",0.0476169226902702,4.85349406102985e-08,0.952383028774789,3
"20816",0.995559781647044,0.00444021835295419,2.19649792029301e-15,1
"20818",0.0183204957783885,0.823256639801813,0.158422864419798,2
"20820",0.0486942286043993,1.57740847911011e-10,0.95130577123786,3
"20822",0.00108931424208435,0.148025965800505,0.85088471995741,3
"20824",0.999890483939789,1.2577194575847e-12,0.000109516058953543,1
"20826",0.000742005780529689,5.56213729605853e-07,0.999257438005741,3
"20828",0.334216839747255,5.93910553416845e-09,0.66578315431364,3
"20830",0.0142467285922331,0.00591791625508246,0.979835355152684,3
"20832",0.0282482694454955,0.909385188896974,0.0623665416575302,2
"20834",0.013326467198412,0.986673338792295,1.94009293329163e-07,2
"20836",0.00338920082685113,0.112645172178555,0.883965626994594,3
"20838",0.0715879670872771,2.51567530340936e-06,0.928409517237419,3
"20840",0.0154508381107787,0.984548550198771,6.11690450180522e-07,2
"20842",0.11600710982356,0.0314452519542627,0.852547638222177,3
"20844",0.980536425680979,0.00025436018988718,0.0192092141291335,1
"20846",0.0182997246868252,0.0405992410502727,0.941101034262902,3
"20848",0.0086568635998619,0.976306984696576,0.0150361517035626,2
"20850",0.0269450290131269,0.973030376218095,2.4594768778295e-05,2
"20852",0.20987942294224,0.789908820313496,0.000211756744263811,2
"20854",0.00181149020999814,3.29185833957047e-05,0.998155591206606,3
"20856",0.999998917434868,1.0825651323053e-06,1.50761584809312e-20,1
"20858",0.0443980616220948,0.955601938311467,6.64380576729513e-11,2
"20860",0.983372120657994,0.0112057745944552,0.0054221047475507,1
"20862",0.160040343100231,0.839959656898267,1.50125501456872e-12,2
"20864",0.00219746313457213,8.27141771937564e-06,0.997794265447709,3
"20866",0.476377042600008,0.523622957399992,3.58190885103389e-26,2
"20868",0.0141310776927033,0.98586878256628,1.39741017063486e-07,2
"20870",0.0117168699722466,0.786270728400503,0.20201240162725,2
"20872",0.000874259001078536,0.0544822236551777,0.944643517343744,3
"20874",0.00850803723860496,3.85496220681342e-10,0.991491962375899,3
"20877",0.0281196212482949,0.971880344648815,3.41028901147883e-08,2
"20879",0.021199762279649,0.978800237718487,1.86434512266817e-12,2
"20881",0.00259903102081451,0.0415884127978381,0.955812556181347,3
"20883",0.977629734887219,1.31998939049212e-05,0.0223570652188763,1
"20885",0.00168764975136853,0.0147623664122251,0.983549983836406,3
"20887",0.024923356053966,0.975075298407999,1.34553803510663e-06,2
"20889",0.030796146395941,0.716164741643617,0.253039111960442,2
"20891",0.0186026590345975,0.981397340962647,2.75567639572802e-12,2
"20896",0.122808804865823,0.87719109619644,9.89377371954533e-08,2
"20898",0.00403886437930456,0.307325405678402,0.688635729942294,3
"20900",0.999999999164337,8.69623361406877e-14,8.35575845017947e-10,1
"20902",0.881303026813255,0.118696973100449,8.62965786724252e-11,1
"20904",0.903972527058606,0.00610047842457187,0.0899269945168221,1
"20906",0.11741399943135,0.882586000393836,1.74813264990309e-10,2
"20908",0.0237444579142299,0.283765871348365,0.692489670737405,3
"20910",0.583837989991739,0.0316725017237633,0.384489508284497,1
"20912",0.999999999999999,9.82849782401358e-16,5.36445505413303e-20,1
"20914",0.111900492911458,0.888099507088542,6.65385883448424e-24,2
"20968",0.999955462556178,2.37775596253688e-10,4.45372060460666e-05,1
"20970",0.0234799023917843,0.9765189656111,1.13199711581669e-06,2
"20981",0.301916530266307,0.698082954284858,5.15448835003745e-07,2
"20983",0.0174077167331517,3.62102986349903e-08,0.98259224705655,3
"20988",0.0134629968617265,0.986537002383252,7.55021871837422e-10,2
"20995",0.999999438812762,5.61178236445388e-07,9.00137990707254e-12,1
"21017",0.0165808324212957,0.760562088515501,0.222857079063203,2
"21038",0.0555732871194753,0.944426712671305,2.09219355887913e-10,2
"21072",0.0747788841318665,0.925221112425553,3.44258060006937e-09,2
"21075",0.199738461441877,0.800261538558092,3.03699966618826e-14,2
"21223",0.0118063973980318,0.960557740687421,0.0276358619145476,2
"21225",0.999999999998833,1.16728888540892e-12,1.27354379450592e-34,1
"21230",0.00108737529862639,3.14139101437635e-09,0.998912621559983,3
"21236",0.0191914503591842,0.778591132816709,0.202217416824106,2
"21238",0.899724353783739,0.100275610032035,3.61842250937356e-08,1
"21241",0.315556951098863,0.684443048899676,1.46048278244446e-12,2
"21246",0.0167048209490074,0.983265531260641,2.9647790351884e-05,2
"21253",0.000550055661459497,1.62983717427533e-05,0.999433645966798,3
"21256",0.0277837336869727,0.0657086018665733,0.906507664446454,3
"21260",0.999988309497043,1.16905029569201e-05,2.12278971096112e-23,1
"21266",0.0184000325385716,0.98159977206545,1.95395978813293e-07,2
"21332",0.0190486360865611,0.980946869847023,4.4940664162991e-06,2
"21334",0.0169684092647076,0.697471790621312,0.285559800113981,2
"21375",0.249286538428784,0.750713461571216,1.5859396479416e-16,2
"21378",0.507373846025761,0.492626153974239,2.13027347957408e-23,1
"21381",0.381395162617801,0.618604837382193,5.6572586099566e-15,2
"21389",0.00686645636217685,0.00888842529591842,0.984245118341905,3
"21391",0.931097398149386,0.0688472637671027,5.53380835108438e-05,1
"21402",0.0766960343208347,0.92330370411553,2.61563635672982e-07,2
"21404",0.378758526327644,0.62124147363942,3.29360288966423e-11,2
"21409",0.0371540550677063,0.962845944878203,5.40907129225282e-11,2
"21413",0.27003757932818,0.729961252723208,1.16794861177696e-06,2
"21423",0.993414519522913,0.0065854804770869,1.040010466465e-19,1
"21425",0.225689585294855,0.774310414473925,2.31219783785132e-10,2
"21430",0.996471863490039,0.00352812071061954,1.5799341647428e-08,1
"21432",0.0106719703287272,0.989214355614428,0.000113674056844559,2
"21438",0.999976575693148,2.34243068503979e-05,1.14433037020361e-15,1
"21440",0.0397962237656873,0.960202909881888,8.66352424512165e-07,2
"21443",0.000999202454428806,0.0330501908381122,0.965950606707459,3
"21445",0.999990276059027,9.72394097242878e-06,8.05606553029036e-16,1
"21447",0.0745755485296031,0.925424451470396,1.10367209193653e-15,2
"21449",0.0724772673813452,0.927522732612272,6.38251327813137e-12,2
"21451",0.0724772673813452,0.927522732612272,6.38251327813137e-12,2
"21455",0.0201653304112795,0.979834669134591,4.54129423259778e-10,2
"21469",0.888528012375968,0.111471987624032,2.64842640089426e-28,1
"21471",0.144592846609199,0.855407153390801,3.65116026289216e-17,2
"21473",0.175221611165035,0.0657254670403778,0.759052921794587,3
"21476",0.028911427747479,0.969934887192729,0.00115368505979224,2
"21478",0.924432669106621,0.00173830789554659,0.0738290229978326,1
"21481",0.0123160687364461,0.043865494835652,0.943818436427902,3
"21490",0.0965711126292674,0.903428887189466,1.81266264276036e-10,2
"21493",0.995500631484871,0.00449936851512939,2.33314377686138e-25,1
"21495",0.00734724938746261,0.992514090299503,0.000138660313034889,2
"21500",0.0289730409260829,0.971026784241137,1.74832780420691e-07,2
"21504",0.426373004620049,0.573620988418423,6.00696152784004e-06,2
"21507",0.0591622433707136,0.940837756629286,4.99676770971454e-17,2
"21512",0.0211393077969535,0.978860691869224,3.33822242218443e-10,2
"21519",0.0975531157414768,0.841023230629054,0.061423653629469,2
"21522",0.999933886395155,6.6113421949328e-05,1.82895053864478e-10,1
"21524",0.0688610832205599,0.931138216132643,7.00646796494935e-07,2
"21528",0.016573944645389,0.983426055347323,7.28781938545508e-12,2
"21532",0.0519277491388469,0.948070492730299,1.75813085388623e-06,2
"21543",0.173465117178054,0.826533447829791,1.43499215453788e-06,2
"21546",0.0271577472457922,0.972807082009324,3.51707448843477e-05,2
"21550",0.0146694921047867,0.985330507895213,5.06810204637528e-16,2
"21554",0.0249468340036691,0.975053165996231,9.93105485851165e-14,2
"21557",0.798649942849065,0.107395125318538,0.0939549318323968,1
"21560",0.183471186247272,0.816528813752728,1.67344418272695e-18,2
"21564",0.0118811104638733,0.927089842338897,0.0610290471972293,2
"21566",0.0193063418088454,0.980693657424891,7.6626368081178e-10,2
"21569",0.0341000288471459,0.965891045583941,8.92556891351463e-06,2
"21574",0.00657215028523985,0.00277937272353249,0.990648476991228,3
"21576",0.00222599582522041,0.120551743096213,0.877222261078567,3
"21578",0.00165003875057688,0.0044205638366946,0.993929397412729,3
"21580",0.00816349466966256,0.359781087058627,0.632055418271711,3
"21583",0.0443980749638377,0.955601925036159,3.90031216800744e-15,2
"21585",0.181498856018002,6.96119366782302e-09,0.818501137020804,3
"21587",0.00423778288344025,0.0441220487687703,0.95164016834779,3
"21589",0.289061015500713,0.0209039939938499,0.690034990505437,3
"21593",1,2.752016092417e-21,5.38543743580833e-16,1
"21595",0.999988719632797,4.71792604304986e-06,6.56244115977872e-06,1
"21597",0.0712702580626356,0.898351572096278,0.0303781698410866,2
"21599",0.0140848168901198,1.16711900767361e-05,0.985903511919804,3
"21601",0.997908608642984,0.00209133379988918,5.75571265570854e-08,1
"21603",0.0184921704357513,8.99542720514654e-07,0.981506930021528,3
"21605",0.000868786625050268,0.000611937834614703,0.998519275540335,3
"21607",0.0802580423481748,0.785753869515102,0.133988088136724,2
"21610",0.135252756110135,0.860552469897081,0.0041947739927846,2
"21612",0.00216051832714167,0.023188270482847,0.974651211190011,3
"21614",0.0125916094765298,0.987165574597515,0.000242815925955292,2
"21616",0.0166415581494966,0.969059621430876,0.0142988204196275,2
"21618",0.580672134166355,0.419327865833554,9.04155814038006e-14,1
"21620",0.00417511070202695,0.00798956154832877,0.987835327749644,3
"21622",0.907474739940939,0.0925252600590596,1.02060824661902e-15,1
"21624",0.903873961589616,0.0957648989131098,0.000361139497274741,1
"21626",0.0838097630561288,0.8603147787642,0.0558754581796713,2
"21628",0.00912966046238104,0.990869942599871,3.96937748339633e-07,2
"21630",0.103286266156096,0.284269432184201,0.612444301659703,3
"21632",0.315358135567448,0.683490683945335,0.00115118048721707,2
"21634",0.021957721226255,0.977858769762804,0.000183509010941279,2
"21636",0.0100018938477198,0.163812642990173,0.826185463162107,3
"21638",0.011977720340632,0.000195203378933531,0.987827076280434,3
"21640",0.0265508255421893,0.970561855791183,0.00288731866662777,2
"21642",0.00551146937362238,0.000578681404810799,0.993909849221567,3
"21644",0.999998991648939,1.35925845498923e-09,1.00699180253698e-06,1
"21647",0.0150184798131103,0.0391027079268012,0.945878812260089,3
"21649",0.00689933357353186,0.192945241009753,0.800155425416715,3
"21651",0.263828634240466,0.271408492204669,0.464762873554865,3
"21653",0.999882055338395,0.000117806588200943,1.38073403609991e-07,1
"21655",0.00201542224112092,1.78160666373042e-06,0.997982796152215,3
"21657",0.00191322120909208,0.0685773490636258,0.929509429727282,3
"21659",0.99831652807279,1.53460010087349e-11,0.00168347191186367,1
"21661",0.0024495187820308,0.0275519569662047,0.969998524251764,3
"21663",0.036701042693941,0.00120983654823408,0.962089120757825,3
"21665",0.0460070965784981,0.0268289805152605,0.927163922906241,3
"21667",0.00513855085952341,0.994793776711419,6.76724290571853e-05,2
"21670",0.0142018505090602,0.985690519233737,0.000107630257203176,2
"21672",0.0160951936175136,0.659115289624699,0.324789516757787,2
"21674",0.0177016684245508,0.9822983315754,4.96113341415654e-14,2
"21676",0.0224791315330987,0.977520709248392,1.59218509256904e-07,2
"21678",0.999999561256736,4.38743254608255e-07,9.12388079115609e-15,1
"21680",0.0119199946994473,0.0441677046322761,0.943912300668277,3
"21685",0.0159473472542809,0.983985340557789,6.7312187930692e-05,2
"21687",0.959246404282406,0.0407493487994756,4.24691811882413e-06,1
"21690",0.00644535522221397,0.0563796853269215,0.937174959450865,3
"21707",0.0205779540989226,0.979422045900722,3.55286983302897e-13,2
"21710",0.983914851190383,0.0160851488096169,5.43251070761817e-16,1
"21713",0.0682789562207207,0.931721039424444,4.35483549199362e-09,2
"21718",0.295540774146936,0.704459225642848,2.10216297477238e-10,2
"21721",0.999999999863447,1.36469305360287e-10,8.41660125141771e-14,1
"21723",0.120461550270793,0.879538449729207,2.59761350141708e-18,2
"21726",0.0413661602146659,0.958633839785296,3.78461478577964e-14,2
"21729",0.995234075029935,0.000393001581291125,0.00437292338877352,1
"21733",0.00713645527612777,3.92633646114174e-05,0.992824281359261,3
"21735",0.999853664042948,0.000146335957010945,4.11327055025067e-14,1
"21739",0.0101100970885933,0.989886485394576,3.41751683017159e-06,2
"21741",0.00846064518832156,0.99153894444885,4.10362828653354e-07,2
"21744",0.930903663655772,0.0690956040815749,7.32262652902016e-07,1
"21746",0.036522008725223,0.963477991274777,1.47933461783919e-17,2
"21748",0.0308264637178063,0.969173534796679,1.48551453173186e-09,2
"21750",0.00226332641013093,0.0391728855919983,0.958563787997871,3
"21752",0.0318094477612188,0.968186014476038,4.53776274363252e-06,2
"21755",0.0183194067682572,0.973726968264638,0.00795362496710441,2
"21757",0.319402325707565,0.679824204102855,0.000773470189579891,2
"21760",0.999999438812762,5.61178236445388e-07,9.00137990707254e-12,1
"21762",0.991741462809773,0.00825853719022665,3.97115694268061e-21,1
"21764",0.0034561424147819,3.70453488715165e-08,0.996543820539869,3
"21766",0.0324661451432726,0.967533854856727,2.69755778599229e-16,2
"21768",0.028357197296674,0.964564147876174,0.00707865482715228,2
"21770",0.0368016337353947,0.960679196497869,0.00251916976673647,2
"21773",0.126051908121997,0.873948091878003,4.39811804665012e-23,2
"21775",0.858532486134753,0.073538897015751,0.0679286168494961,1
"21777",0.00256404187231016,0.0179818110704025,0.979454147057287,3
"21779",0.0353448332558936,0.964431425275967,0.000223741468138864,2
"21781",0.0466762881643709,0.953311738190727,1.19736449019132e-05,2
"21784",0.0203793557372997,0.979620644260827,1.87375519875831e-12,2
"21786",0.123016247148298,0.876831918529252,0.00015183432245027,2
"21789",0.0258413896953741,0.973165679372866,0.000992930931759398,2
"21791",0.0267743186044241,0.973225681205573,1.9000323865083e-10,2
"21794",0.0820124567856963,0.917941114083151,4.64291311529412e-05,2
"21797",0.985728339902186,0.0142716490104189,1.10873948021341e-08,1
"21800",0.996982742994769,0.00301725700523106,2.01382397908013e-21,1
"21802",0.0982722136279847,0.901727724698279,6.16737360487257e-08,2
"21804",0.999999999974984,2.50155051259175e-11,1.18489040726459e-16,1
"21806",0.999992651741752,7.34825224596007e-06,6.00155862828661e-12,1
"21808",0.999993072519423,6.80783822627004e-06,1.19642350339064e-07,1
"21811",0.894281078560276,0.105718921436452,3.27198376264235e-12,1
"21815",0.0568715275733028,0.943128472126033,3.00664428260653e-10,2
"21817",0.999999937735128,6.22648694546104e-08,2.270718397988e-15,1
"21820",0.742865797542887,0.257134202285709,1.71403699221069e-10,1
"21822",0.146561093116276,0.634287960824355,0.219150946059369,2
"21824",0.104327432057573,0.0211567920889733,0.874515775853454,3
"21826",0.0175834581726132,0.98241654182734,4.63742580101974e-14,2
"21828",0.590223335186108,0.409653208497882,0.000123456316010719,1
"21830",0.0095566464855447,0.313684619104695,0.67675873440976,3
"21833",0.0318031174807066,0.949875062408335,0.0183218201109588,2
"21835",0.0318031174807066,0.949875062408335,0.0183218201109588,2
"21838",0.390358293415482,0.609641706584507,1.11898467593497e-14,2
"21840",0.0869318888901113,0.913068111109889,2.23581587768676e-17,2
"21842",0.995006810364419,0.00499318963558105,6.18054386324827e-18,1
"21844",0.658596796296565,0.336412893037439,0.00499031066599603,1
"21847",0.00921552938597459,0.990784292261147,1.78352879041364e-07,2
"21849",0.348140366879233,0.651842884822421,1.67482983452364e-05,2
"21852",0.039750232984112,0.96024976695563,6.02579796119984e-11,2
"21854",0.00100690395659283,4.21294773390771e-06,0.998988883095673,3
"21857",0.0134699961233731,0.98653000387429,2.33717690173513e-12,2
"21859",0.00883372092068457,0.444398343662747,0.546767935416568,3
"21863",0.0187058295410178,2.5105667693097e-08,0.981294145353314,3
