"","V1","V2","V3","V4","best$classification"
"19812",0.972391603195233,0.0160931608436782,0.0115152359573182,3.77051973111367e-12,1
"19814",0.0907100217293846,0.879000777193722,0.00188868880893558,0.0284005122679576,2
"19816",0.986599213816003,8.12831485203718e-11,0.0134007861018252,8.88029402811452e-13,1
"19818",0.973645500778593,0.0147803024705165,0.00958569386308764,0.00198850288780327,1
"19820",0.977708105210665,6.35306998796646e-48,0.0222918947893351,1.69376496760383e-33,1
"19822",0.0955722973216466,1.27002168810837e-53,0.904427702678353,5.97883357228885e-29,3
"19824",0.479687208135203,5.34980507929932e-23,0.520312791562731,3.02066255292471e-10,3
"19826",0.766155691523171,0.168179466500811,0.0656648082941497,3.36818686102954e-08,1
"19828",0.992091907168645,1.45142370865746e-22,0.00790809283135551,4.077559501705e-17,1
"19830",0.448117419993677,0.0574058252480249,0.494476702278764,5.24795338787539e-08,3
"19832",0.333172262453857,8.17855366335854e-11,0.666827737464357,1.16434109570652e-26,3
"19834",0.957523552110164,1.15345975678755e-14,0.0424764478897651,5.89140504535596e-14,1
"19836",0.969038780006055,8.7421287694829e-08,0.0309611325726568,8.02906913029432e-19,1
"19838",0.00526260171023595,0.993641762389796,0.001092867612509,2.76828745865406e-06,2
"19840",0.946066591176105,1.91367574790528e-10,0.0539334086325273,6.60968035309418e-18,1
"19842",1.33660742769907e-05,0.814258222648347,0.185728396135509,1.51418667420523e-08,2
"19844",7.36861990543618e-10,1.76412781391605e-18,0.0299195651601905,0.970080434102948,4
"19846",0.000301141019914285,0.884127893255362,0.0018532278845956,0.113717737840128,2
"19848",0.000569552995144338,0.00739804137055144,0.000971512038109535,0.991060893596195,4
"19850",0.00707407810963164,0.976491439258884,0.0133537368726326,0.00308074575885154,2
"19852",0.991979999406965,1.84561307201761e-05,0.00800058339571102,9.61066603383932e-07,1
"19854",0.000793820737379646,0.00173488635321064,0.0013124536209071,0.996158839288503,4
"19856",0.001035935973995,8.50014330543773e-10,0.903647598585773,0.0953164645902178,3
"19858",0.00236644658751611,1.37207849451797e-18,0.996606632652668,0.00102692075981635,3
"19860",0.986731318244615,0.000484780751654544,0.0127839007999721,2.03758938155178e-10,1
"19862",0.000100110635817099,0.998651503685092,0.0012483057711138,7.99079765645118e-08,2
"19864",1.63124098883163e-10,2.18995234307552e-23,0.999999999836876,7.33371962304277e-21,3
"19866",0.604693625768349,1.43457567142016e-17,0.395306374231651,3.66729707985718e-19,1
"19868",3.18046658967203e-12,2.28270165995756e-36,0.999999999996819,1.05926618630626e-32,3
"19870",0.0501609200747972,0.94212541093317,0.00749901978508106,0.000214649206952078,2
"19873",0.921234115338061,0.0228849610628996,0.0558719530733066,8.97052573239455e-06,1
"19875",0.982914570952044,2.57051328659834e-14,0.0170854290479305,1.90028152519189e-21,1
"19877",0.929185602183968,0.0606576062308778,0.0100385188930904,0.00011827269206426,1
"19879",0.989059820899761,2.06289982894991e-08,0.0109220063021082,1.81521691324027e-05,1
"19881",0.890628010506909,0.000641419314915608,0.108726927954292,3.64222388264217e-06,1
"19883",0.0991154058603403,0.809344868759251,0.0915387382332842,9.87147124943782e-07,2
"19899",0.939160315229696,3.01075494366306e-10,0.0608396844692283,1.04582589192578e-17,1
"19908",2.06757373334923e-07,1.6422356807993e-27,0.999999793242627,3.94459149246478e-21,3
"19910",0.993357004432402,0.000325021146361982,0.00629865773178611,1.93166894495467e-05,1
"19912",0.000108570190691071,0.941888200467015,0.0580005672970051,2.66204528868906e-06,2
"19914",0.973448987506551,3.3708052288893e-08,0.026550897850795,8.0934601654476e-08,1
"19916",0.000266870411328805,2.0183331029333e-31,0.999733129588671,1.03146575537392e-18,3
"19918",0.0449900922937699,0.71063946141627,0.00642585241765429,0.237944593872306,2
"19920",0.000306960697097718,0.00256207972584417,0.00161481081172568,0.995516148765333,4
"19922",0.000467901949702745,5.83256573467309e-11,0.999532097991972,4.09678446345677e-24,3
"19924",0.954509369277073,0.0075319115193508,0.0032200673534985,0.0347386518500777,1
"19926",0.956063183502984,1.36893412839661e-12,0.0439368164956477,3.64880023148398e-22,1
"19928",4.30053816411736e-16,1.98814227213331e-19,1,2.01875833338795e-20,3
"19930",0.0448793025688421,0.954323779230814,0.000795737425739418,1.18077460377292e-06,2
"19932",0.002190872129112,0.997401880126961,0.000227321129555973,0.000179926614370834,2
"19934",0.988400169010826,7.60666695586276e-14,0.011599830874065,1.15032494531828e-10,1
"19936",0.949562789996603,0.00440641466245494,0.0460307951706687,1.70273609058409e-10,1
"19938",0.965238344253191,1.47638765361755e-29,0.0347616557468081,6.52787195140367e-16,1
"19940",0.979901479859691,0.00208406577409438,0.0179408302735011,7.36240927131088e-05,1
"19942",2.51074970402854e-09,5.45647395353711e-13,0.999999997488705,4.35441406629745e-19,3
"19944",0.987054720493379,1.7660697201275e-06,0.0129434833580896,3.00788111723259e-08,1
"19946",0.975990182127582,0.000799264570045956,0.0224571113970787,0.000753441905293424,1
"19948",3.38745706522027e-09,8.81752189393323e-08,0.999999908437124,1.9984298341377e-13,3
"19950",1.20236356189076e-07,5.14773858264878e-09,0.00115328675330871,0.998846587862597,4
"19952",3.38745706522027e-09,8.81752189393323e-08,0.999999908437124,1.9984298341377e-13,3
"19954",0.00962711787183461,0.990007070600535,0.000281636022443127,8.41755051873863e-05,2
"19956",8.59688351982946e-07,9.28151532779227e-05,0.999899940539202,6.38461916769908e-06,3
"19958",5.70039653100135e-12,8.26737412472625e-27,0.9999999999943,9.4073953156782e-28,3
"19962",0.268804460058658,5.49905972058938e-08,0.731029114260898,0.000166370689847327,3
"19964",0.970672818863575,2.41819422392551e-06,0.0293240325914046,7.3035079603088e-07,1
"19966",0.780682729272006,6.52562356789083e-36,0.219317270727994,1.943701381947e-31,1
"19969",0.384235298285391,0.490697398722074,0.125067302873933,1.18602095846973e-10,2
"19972",0.0314668465222323,0.0360955994337971,0.529317349430161,0.403120204613809,3
"19974",7.60448664345864e-08,0.0140671468862142,0.00595723593255661,0.979975541136363,4
"19976",0.932984866543806,0.0162487943812532,0.0286022652278451,0.0221640738470957,1
"19978",0.988851106580022,7.96620716704946e-07,0.0111480867952557,1.00040057241321e-08,1
"19980",0.000256893989677987,0.0395776857651743,0.000605385026461493,0.959560035218686,4
"19982",0.0365530408566372,0.00145003406230331,0.15058219119087,0.81141473389019,4
"19984",1.51656393931148e-06,1.19756669409901e-10,0.00397536095141246,0.996023122364892,4
"19986",0.920773418788105,4.60748199560866e-37,0.079226581211895,1.56850625810701e-28,1
"19988",0.911512466285795,2.87303329555878e-52,0.0884875337142049,1.15004377966889e-36,1
"19992",0.951635297378644,1.11973483986066e-34,0.0483647026213563,2.68206437767157e-23,1
"19994",0.0743508597343258,0.924575902600935,0.00107306244816688,1.75216572563318e-07,2
"19996",0.991217358192515,2.043791333272e-30,0.00878264180748541,2.06464441148963e-20,1
"19998",0.00471508929527189,3.10921951265084e-11,0.995284910667548,6.08780040575585e-12,3
"20000",0.000471222492726223,2.47032845664085e-05,0.999504074222707,5.95458019425603e-17,3
"20003",0.974868776093272,0.00433109014755463,0.020800133759169,3.81414958313011e-15,1
"20005",7.52466003404254e-05,2.16189120337662e-05,0.00162802965565512,0.998275104831971,4
"20007",0.971177908459382,6.01613615336906e-10,0.0288220909184095,2.05945793676144e-11,1
"20009",0.212105644759222,2.31309069236288e-31,0.78789435524076,1.85638160793163e-14,3
"20011",0.388250324159632,0.0101113556363374,0.488338655940052,0.113299664263979,3
"20013",0.198757217385372,0.409741598089745,0.00600489855126545,0.385496285973618,2
"20016",0.159500640919192,6.62834902520788e-42,0.840499359080808,1.71678351171723e-20,3
"20018",4.5277593566015e-10,1.1546167952175e-78,0.999999999547224,1.53824304525279e-63,3
"20021",0.986916221780799,9.82267363878283e-14,0.0130837782191025,1.71727238950043e-22,1
"20023",0.966829557417208,7.63462480535573e-10,0.0331704307463277,1.10730014521872e-08,1
"20025",0.00436215327441435,7.07049005787574e-48,0.995637846725586,5.68000311123836e-50,3
"20027",0.0101002135427176,0.962871262352075,0.027028524055657,4.95501301026295e-11,2
"20029",0.0292158042272007,0.850008073885559,0.12077561251331,5.09373929877011e-07,2
"20032",0.00337615777541529,0.995672220016169,0.000951599930769116,2.22776461932946e-08,2
"20034",9.10208414214667e-07,1.05627720494178e-05,0.999988527019444,9.231263811958e-14,3
"20036",0.0407667847339987,3.85022244322121e-07,0.959232670909597,1.59334160076572e-07,3
"20038",0.985404801332237,2.85825882472295e-26,0.014595198667763,2.38394216785368e-31,1
"20040",0.000123399046745273,2.25545750365196e-52,0.999876600953255,4.10077623520807e-29,3
"20043",0.973233514610916,1.89425457597555e-15,0.0267664853890819,1.18532906800907e-17,1
"20045",0.550003610340196,4.39087487142481e-52,0.449996389659804,4.46572544564898e-29,1
"20048",2.20650914632949e-10,4.64074700337212e-11,0.00671699791746334,0.993283001815478,4
"20051",0.864725482040807,5.48072951742678e-08,0.135274463134235,1.76631391031957e-11,1
"20053",0.85673070115507,4.03317971392831e-13,0.14326899766005,3.01184476764265e-07,1
"20055",0.896531053019885,2.28112854466001e-23,0.103468946980115,1.26539933434911e-37,1
"20057",4.28940767823481e-23,4.2425306909072e-42,1,6.18516036855627e-40,3
"20059",0.669126617079712,8.99228867433371e-16,0.330873382920275,1.20427696181948e-14,1
"20061",0.976185546817215,1.02064709898731e-10,0.0238144530806878,3.24278120119835e-14,1
"20063",1.50097505305201e-11,5.30930373258041e-41,0.999999998480992,1.50399831115747e-09,3
"20065",0.00999732633191379,3.62921659341961e-48,0.990002673668086,9.76612900443061e-60,3
"20067",0.736232969389643,4.0412834730444e-24,0.263767030501033,1.09324608619239e-10,1
"20069",0.000141515783166536,0.00745627738509318,0.000375788084094686,0.992026418747646,4
"20071",0.140679881666804,1.84860562968028e-15,0.859320118333194,1.32931970663259e-17,3
"20073",0.00593030507962668,0.000236717978624948,0.0285873371400734,0.965245639801675,4
"20075",2.85501688972304e-10,3.40581526274828e-31,0.999999999714498,5.65133617800148e-42,3
"20077",0.942782749174527,5.55056271515363e-13,0.057217250301865,5.23053502641113e-10,1
"20079",0.0222506558689327,1.2494075499457e-14,0.977749220992528,1.2313852644784e-07,3
"20081",0.904506124364974,1.36104159026295e-18,0.0954938756350262,3.39862287446628e-18,1
"20083",1.83988496855685e-05,6.10369549112595e-18,0.999980323877668,1.2772726468445e-06,3
"20085",0.932262110244477,1.30627093153328e-49,0.0677378897555227,9.14926847583026e-40,1
"20088",0.977361620938868,3.73472278423292e-22,0.0226383790611318,3.46065357251511e-21,1
"20091",1.99077895558766e-05,8.05281705017894e-32,0.999980092210444,1.01204146652865e-27,3
"20095",2.49042412480129e-05,9.02291891964094e-22,0.999973808916912,1.28684183980045e-06,3
"20097",0.888414052031749,8.12017802678721e-50,0.111585947968252,1.32156833696187e-42,1
"20099",0.0323096345497346,2.88592163803744e-21,0.967690364004302,1.44596396423527e-09,3
"20102",1.35493377782208e-07,4.4452498940516e-22,0.999999822895143,4.16114795299932e-08,3
"20105",0.958184217173338,1.40203750355001e-19,0.0418157828266327,2.89199659138383e-14,1
"20107",0.98669097112741,7.71146711413391e-22,0.0133090288725899,7.11985268903118e-18,1
"20109",0.730672643853516,1.17114779774079e-12,0.268033971365915,0.00129338477939711,1
"20111",6.66473389757622e-09,1.59107203308658e-12,0.999999993333675,1.5383679119864e-17,3
"20113",0.848918828226533,3.55090340107026e-16,0.151081171773467,2.95268856242247e-22,1
"20115",0.00941057304136498,0.14668454629079,0.843904880666027,1.81798489304006e-12,3
"20117",2.67403076635793e-08,2.66986976369455e-41,0.999999973259692,3.81290146623446e-41,3
"20119",0.356194629746063,2.28843647301297e-28,0.643805370253937,8.05796551399201e-31,3
"20121",0.975366581971618,4.92622358682642e-26,0.024633418028382,5.07581016381581e-23,1
"20123",1.31106801058617e-05,1.4301176408088e-38,0.999986889319894,3.95422769630579e-46,3
"20125",0.00436316617181575,0.9941714252778,0.00122186717811726,0.000243541372266633,2
"20127",0.949179371123412,4.60517587024057e-42,0.0508206288765881,1.62273161205061e-24,1
"20140",0.731028451423086,1.81227211528525e-16,0.268971548576914,1.60334280211929e-29,1
"20142",8.10845626489307e-07,0.000475181691897522,0.00166663687488734,0.997857370587589,4
"20144",0.00747940646258868,0.0207869066088233,0.971733686832576,9.60122769968065e-11,3
"20146",0.0210170996386304,1.79346219064292e-05,0.977785637958911,0.00117932778055189,3
"20148",0.826204684604925,0.152453899212002,0.0213414158090306,3.74043108214751e-10,1
"20150",2.08938311194927e-05,0.375986981377337,0.00273121255420362,0.62126091223734,4
"20152",0.913561872421868,0.068513614085115,0.0179241448920145,3.68601002844313e-07,1
"20154",0.000167920689079857,8.93868673926005e-44,0.99983207931092,1.83806583636579e-29,3
"20156",0.299665897669972,4.74589086781548e-13,0.700333064371863,1.03795769004991e-06,3
"20159",0.000107339030350717,7.44441472073012e-09,0.0115542514441002,0.988338402081134,4
"20161",2.99437847332987e-05,1.66848879841838e-09,0.990625094581458,0.00934495996532016,3
"20163",0.744151637051206,9.35041443982304e-06,0.255839012534354,1.11192844139941e-21,1
"20165",0.0119517249572044,1.55204129183244e-15,0.818737604141252,0.169310670901542,3
"20167",0.125118053694461,0.86905075412234,0.00198822798605095,0.00384296419714783,2
"20169",2.14565990285708e-09,5.80429543012259e-08,0.00151202609539498,0.998487913715991,4
"20171",3.29254449957058e-07,7.88097133035502e-55,0.99999967074555,2.16159232065093e-32,3
"20173",4.6967725394466e-08,7.71675101182409e-27,0.999999952978221,5.40534900937328e-11,3
"20175",0.775348590297901,0.187409396192203,0.0305859964607365,0.00665601704915987,1
"20177",0.254852073096134,8.39816404847209e-19,0.745147926903639,2.26577961940399e-13,3
"20180",0.903531315832134,4.31134980695531e-30,0.0964686841678661,4.71033936133442e-41,1
"20182",1.67217171486718e-20,1.70418874084446e-19,0.999999753891851,2.46108149421046e-07,3
"20184",0.0011051188362173,0.000460260944206871,0.00107923203217485,0.997355388187401,4
"20187",2.36104732047206e-05,2.64287770281573e-12,0.999976388203462,1.32069018967952e-09,3
"20189",0.960647406542971,3.61816946458581e-12,0.0393525934534107,1.18611046751265e-16,1
"20192",0.000131307633543101,2.39241573873521e-30,0.999868692366457,3.29740085294164e-39,3
"20194",3.01794454754357e-06,3.78751473388189e-06,0.999818837415118,0.000174357125600595,3
"20196",0.115882491985228,3.20197193402347e-38,0.884117508014772,1.41458880435117e-32,3
"20198",0.582037057423948,2.72131199726174e-05,0.417935729039088,4.16991138984927e-10,1
"20204",0.000895330323861994,0.926984283837655,0.00316517130656033,0.0689552145319228,2
"20207",0.804526863468861,2.21349696785515e-32,0.195473136531139,3.23288519249596e-18,1
"20209",0.000354773983431287,1.5801105801711e-10,0.999645225858558,7.99082578616306e-33,3
"20211",0.000179805124239004,2.2511201408406e-28,0.999820194875761,5.50009059048099e-34,3
"20215",0.950500903327585,1.21357380867053e-17,0.0494990966724152,1.46634072482528e-20,1
"20218",8.60880272018668e-06,0.016062597015501,0.000888808813714593,0.983039985368064,4
"20222",0.896128725886509,6.09173248812632e-22,0.103871274113491,1.07486229203898e-18,1
"20225",0.00420653934597695,0.0289429682080701,0.966850490677844,1.76810917282101e-09,3
"20229",0.0986202853182667,9.30308391725108e-12,0.90137971467243,4.62782010465941e-22,3
"20232",0.934635257125545,8.81123120510602e-13,0.0653647428735694,4.25888514799993e-15,1
"20234",0.000466123429834987,4.43436691209498e-68,0.999533876570165,1.93597003582232e-59,3
"20238",0.916018627787881,7.98832937372518e-24,0.0839813722121187,1.77906116072403e-17,1
"20253",0.88698503826857,4.52422403413235e-33,0.11301496173143,9.31150734548422e-27,1
"20255",0.0408984475466181,0.955677006415361,0.00342406954777716,4.76490243733059e-07,2
"20258",0.985645241092852,1.33688840133216e-27,0.014354758907148,3.85073108890307e-27,1
"20269",0.958990757077727,1.03127002619423e-14,0.041009215996434,2.69258288896023e-08,1
"20271",0.551535037444276,1.02664494570319e-30,0.448464962555724,6.92859100833031e-32,1
"20285",0.0413381756673865,1.62632299418345e-10,0.958661823678421,4.91559623797598e-10,3
"20288",0.969108459168058,1.62620236820008e-17,0.0308915408319425,4.72267554532262e-17,1
"20291",0.163223967835781,1.4015763838513e-36,0.836776032164219,7.94543123666583e-25,3
"20295",0.0732429627906718,1.47919114527761e-15,0.92675703720922,1.06860005900178e-13,3
"20298",0.0044515458134983,0.994907841587156,0.000639996273658325,6.16325686952995e-07,2
"20302",0.0206672808339681,0.000382373451313564,0.0336490586972521,0.945301287017466,4
"20305",0.0033842532081027,0.99406050379355,0.00255524281188141,1.86465419115931e-10,2
"20307",0.981140574500971,7.37532022720166e-33,0.0188594254990294,7.77775763593731e-24,1
"20310",0.184996336447808,8.82887875565008e-56,0.815003663552192,2.7424862715272e-39,3
"20313",3.17931625860253e-09,1.87607051377835e-11,0.0166501575988269,0.983349839203096,4
"20315",0.993590419366831,1.64452559796882e-27,0.00640958063316929,2.92238093783185e-23,1
"20319",0.0413291491295521,1.00691651449568e-37,0.958670850870448,2.64712864622531e-40,3
"20321",0.868354406809481,1.78521920924871e-30,0.131645593190519,8.66521470702539e-23,1
"20327",0.973384390336982,4.12172182696032e-29,0.0266156096630181,1.25615284354457e-22,1
"20329",1.17944932337456e-08,2.76942642519104e-06,0.999992025427374,5.19335170758976e-06,3
"20335",0.371101737679348,1.59105726166795e-38,0.628898262320652,1.73488547446441e-24,3
"20337",0.00012345347907165,1.67337341802549e-05,0.000634980471608389,0.99922483231514,4
"20339",2.33321022331076e-05,4.40045850887648e-22,0.999976667897767,1.34852183060177e-38,3
"20341",1.68462520217766e-05,4.08542068997035e-40,0.999983153747978,2.1922525736011e-19,3
"20343",0.0774716058161559,1.22387139545183e-40,0.922528394183844,1.72214449868663e-18,3
"20345",0.954539486748727,0.00032699230017613,0.0451335209510962,1.16934223987467e-16,1
"20350",0.000297638239958178,1.46653454047337e-22,0.999702361760042,2.72799088866562e-17,3
"20352",5.14660612848383e-08,1.16708809614616e-07,0.00101018748338203,0.998989644341747,4
"20355",0.00206032487307275,1.95820542231641e-10,0.906995638022867,0.0909440369082397,3
"20358",5.15415754401791e-07,0.00658576621955296,0.993355145496401,5.85728682913645e-05,3
"20363",0.963318701166915,2.14892103054728e-24,0.0366812988330853,2.70221490608897e-20,1
"20365",0.80146506526203,1.01984635231529e-19,0.19853493473797,1.76499832568746e-25,1
"20379",0.380984532088779,0.0634796410601776,0.555518337873586,1.74889774567765e-05,3
"20387",0.972872160896176,1.57187708085725e-19,0.0271278391038239,1.57739079025275e-18,1
"20392",0.00014117610866275,6.48194007182315e-34,0.999858823891337,1.15541669240509e-43,3
"20395",0.780617288615098,0.180353831995778,0.0388912473360732,0.000137632053050586,1
"20397",4.06807452766703e-16,1.28945987040809e-12,0.999068377084714,0.000931622913996479,3
"20410",0.968349057099246,3.70935164730431e-16,0.0316509429007535,6.77277174043933e-28,1
"20414",0.106229459293001,0.779632723526967,0.0810299385033588,0.0331078786766737,2
"20417",3.24313470241037e-11,6.42633934970815e-90,0.999999999967569,1.65135883617503e-74,3
"20419",0.888141024358801,1.91568527142969e-35,0.111858975641199,3.3446211889393e-22,1
"20421",0.0155257689538107,1.97275018370604e-06,0.983851253613524,0.000621004682481881,3
"20423",0.0137523575942936,0.904862212924118,0.0162309927310241,0.0651544367505643,2
"20425",0.194589289248134,0.103695537480455,0.228997030690109,0.472718142581302,4
"20427",0.971428741120893,7.46741429301177e-05,0.0284965847360949,8.23734125570715e-14,1
"20429",0.00537617328671645,2.93372536569513e-36,0.994623826713284,1.67903201218247e-19,3
"20432",0.0010074932587803,0.794453022172945,0.095109329978769,0.109430154589506,2
"20435",0.923014661759685,2.96238883591792e-09,0.0769853352779259,5.55055285477717e-19,1
"20438",0.452573614189612,1.6924288960286e-22,0.547426385807574,2.81362601282882e-12,3
"20440",0.988817780984038,7.49023407230157e-31,0.0111822190159616,8.27418453479159e-17,1
"20443",4.69011565953279e-05,1.26660535604129e-12,0.375046700925697,0.624906397916441,4
"20446",0.849082392006298,2.02172025506878e-11,0.150917607676568,2.96916742213022e-10,1
"20449",0.965494747677326,1.28021051812352e-13,0.0345052523225462,7.32178282481351e-17,1
"20537",0.14266171615116,9.59682865127183e-24,0.85733828384884,5.92551258579026e-19,3
"20540",9.76251378791949e-06,9.24352416327952e-42,0.999990237486212,1.57962142320939e-47,3
"20543",0.978529649834832,3.53602042454078e-09,0.0214703459976436,6.3150417256492e-10,1
"20545",9.92621954253577e-06,6.47703189351023e-31,0.999990073780458,2.4910638070901e-33,3
"20549",0.927951280376601,0.0176718941497031,0.0381342601808408,0.0162425652928546,1
"20551",0.992913779033302,6.40003733449267e-11,0.00708615119297439,6.97097237596483e-08,1
"20554",0.994012129519237,1.21938188855629e-14,0.00598787047763333,3.11765799086387e-12,1
"20556",0.970676674419956,5.64798013850669e-10,0.0293233250143057,9.39985436747848e-13,1
"20558",0.991115273583136,5.45176163534828e-26,0.00888472641686429,3.9733473761299e-20,1
"20560",0.971805695372514,1.55498684619233e-10,0.0281875258780176,6.77859397035661e-06,1
"20563",0.934673633705641,1.24366417127982e-38,0.0653263662943587,5.87455006442293e-25,1
"20565",0.929732034339103,1.10246721372595e-12,0.0702679516485888,1.40112057958914e-08,1
"20567",0.00166724191317161,0.041276504007846,0.031779460604292,0.92527679347469,4
"20571",0.0765305853717797,2.82693348868736e-34,0.92346941462822,2.069066457042e-29,3
"20573",0.978203247082024,6.94404394499184e-13,0.0217966927905841,6.01266971915666e-08,1
"20575",0.855844438776596,5.73347344660072e-34,0.144155561223404,2.62276970941121e-23,1
"20577",0.986027928859019,5.2004443223892e-09,0.013972065940396,1.404319051771e-13,1
"20579",4.80527853978776e-11,2.10965297431554e-08,0.0644955229548456,0.935504455900572,4
"20582",0.981639477781755,2.6904552673162e-40,0.0183605222182455,3.61126304400206e-30,1
"20585",0.218469031578929,9.98678165925002e-16,0.78153096842107,1.4245047534016e-27,3
"20588",0.00122232599333296,6.90941777480038e-21,0.998777674006667,3.10421202107325e-20,3
"20590",1.38127562783125e-08,0.000855253752372705,0.00225547469608767,0.996889257738783,4
"20592",0.979285020659481,2.2930935357286e-38,0.0207149793405195,6.6808959325791e-20,1
"20594",0.964361258171493,5.8752081152996e-39,0.0356387418285066,4.29809375060446e-34,1
"20596",0.955036115630266,1.90916732247573e-14,0.0449638837045555,6.65159057810586e-10,1
"20598",0.990303156390411,8.90535563007061e-11,0.0096968434778908,4.26441173491993e-11,1
"20600",0.506398307523239,9.61736238053442e-10,0.493601690673445,8.41579580029599e-10,1
"20603",0.15711075018766,0.281176598907137,0.561551802463353,0.000160848441849424,3
"20605",0.984084747319497,1.22774390970633e-24,0.0159152526805031,1.27118313905067e-26,1
"20607",0.98667123915707,5.5817846667205e-17,0.0133287608429303,3.71875629754224e-17,1
"20609",0.991262178044543,2.85214961989584e-13,0.00873782195512824,4.3436202271065e-14,1
"20611",0.00146950566919594,0.99447057635804,0.0037109078842179,0.000349010088546149,2
"20613",0.97795451066802,3.16896473937617e-06,0.0220423203672395,5.99679308712547e-16,1
"20615",0.965290160067578,2.49892984204111e-06,0.0347065756887788,7.65313800872944e-07,1
"20617",6.39472556489598e-07,2.77724807117325e-10,0.0112317562364,0.988767604013319,4
"20619",0.953923514948163,1.2141125161491e-33,0.0460764850518373,2.39601421872259e-18,1
"20621",0.96638135265296,2.63814355547813e-12,0.0336186473356997,8.70200881134678e-12,1
"20623",0.00189432658665094,3.43274601271251e-07,0.315988778023954,0.682116552114794,4
"20625",0.0202873445755346,0.0032651728503995,0.976447420793632,6.17804337012149e-08,3
"20627",0.989283024063317,3.88468829423862e-08,0.0107169370897381,6.16202152862507e-14,1
"20629",0.997101305134505,4.49602200589284e-10,0.00289867828043958,1.61354528710025e-08,1
"20631",0.866415112084181,3.68422418242504e-38,0.133584887915819,6.13594275000021e-21,1
"20633",1.89780804313872e-11,5.01363238591115e-11,0.00225355470456323,0.997746445226322,4
"20636",0.175134807312853,0.00634668338629107,0.81821914582629,0.000299363474566485,3
"20638",0.516589863706518,5.37043802693957e-10,0.483410135756439,5.15748451587908e-23,1
"20640",0.885166706021435,1.8144198754776e-22,0.114833293978565,2.9349214313504e-31,1
"20645",0.947902346586876,1.21143952509409e-42,0.0520976534131245,2.36844599313392e-36,1
"20647",2.8542346938997e-10,2.29209588539941e-15,0.009198496501432,0.990801503213142,4
"20649",0.8791125725712,1.41242127456853e-13,0.120887427428658,1.08753137198858e-16,1
"20651",0.00624723341601902,1.85525630229726e-53,0.993752766583981,2.67612535140493e-25,3
"20656",0.267559131055726,4.33385887720047e-28,0.732440868944274,1.41549590931081e-28,3
"20660",1.05619338854821e-05,4.53380003501709e-28,0.999989438066115,1.40248750102881e-38,3
"20662",1.69647897310839e-05,1.10634030708483e-08,0.805784881919677,0.194198142227189,3
"20664",0.0693368192075939,1.08716224387371e-21,0.930663177206311,3.58609547854527e-09,3
"20666",0.00216770658308079,3.88678672489253e-05,0.99779342554967,2.6858429210275e-23,3
"20668",0.000857929129303304,0.997365473291096,0.000666260949382133,0.00111033663021867,2
"20670",0.116866409923562,1.93937183798777e-30,0.883133590076438,5.45109811493049e-30,3
"20672",0.00105911732125328,0.714699116075724,0.00450512537176926,0.279736641231254,2
"20674",0.957188641236719,2.94246750710185e-10,0.0428113584390904,2.99438534797665e-11,1
"20676",3.27967911240041e-07,0.11668112742546,0.881932858065869,0.0013856865407606,3
"20678",2.76219345609843e-08,0.613759671436225,0.360112981894931,0.0261273190469094,2
"20680",0.0566928191369914,0.915269332174225,0.00488238358853532,0.0231554651002489,2
"20682",0.722092533958953,0.0449964424405849,0.232911005827303,1.77731587134638e-08,1
"20684",0.182614682802765,2.22648562421008e-15,0.817385317197233,1.32425695547461e-23,3
"20686",6.25382477448554e-06,0.000841874355002561,0.000303238516695942,0.998848633303527,4
"20688",2.44894690089731e-11,7.09077573250486e-05,0.896531768648642,0.103397323569543,3
"20690",0.0121786577031381,6.11100504082112e-26,0.987821342296862,4.54051042449904e-39,3
"20692",1.74694846847233e-13,4.50578907451855e-09,0.0042831274320119,0.995716868062024,4
"20694",0.00156308934761072,0.997865986878064,0.0005685104282674,2.41334605787804e-06,2
"20696",0.125249666650008,0.679394207411441,0.194874471275629,0.000481654662921153,2
"20698",0.688313457737626,6.4154236736476e-13,0.311686542162228,9.95049298795075e-11,1
"20700",0.0374343637381521,7.2584148146026e-23,0.962565634987402,1.27444574832204e-09,3
"20702",0.179952355671775,2.5215925680195e-40,0.820047644328225,2.19036665765311e-41,3
"20704",0.991794023750527,8.10384894710971e-09,0.00820596813607242,9.55159662511044e-12,1
"20706",0.00511802049030706,2.01465600050933e-12,0.994881978467754,1.03992418588151e-09,3
"20708",5.06206562991983e-06,0.936202304931899,0.0637840520718096,8.58093066102841e-06,2
"20710",0.707720681785909,1.31909153139113e-15,0.29227931821409,6.94583138397206e-27,1
"20714",0.000230912971441942,6.81543581108466e-06,0.0388847854555118,0.960877486137235,4
"20716",0.972104968977259,8.04139375558841e-16,0.0278950310227406,3.26481392197087e-19,1
"20719",0.193953517790738,8.15599627857586e-12,0.806046482201106,3.67379980560396e-16,3
"20721",0.934678695165836,1.34158182833525e-41,0.0653213048341639,3.4901008045997e-22,1
"20723",0.000440944248619577,3.58533567483543e-21,0.99955905575138,4.54471880235345e-22,3
"20725",0.028643236410306,0.969908017061968,0.00144840384407709,3.42683648588039e-07,2
"20727",3.47001624989252e-10,2.05476399964826e-10,0.999868757741546,0.000131241705975855,3
"20729",0.000243404192729257,0.999031548620498,0.000725045376398889,1.81037381800609e-09,2
"20731",0.00308226016083497,0.995881389140038,0.00103633819935819,1.24997685448092e-08,2
"20733",0.94264899809215,3.0634434822427e-10,0.0573510016015058,1.05551383644149e-20,1
"20735",0.978391208926599,3.57601169083693e-06,0.021605215061706,3.63276494339957e-15,1
"20737",1.44650533574664e-05,0.99624192413857,0.00333318227936049,0.000410428528712605,2
"20739",7.61692328476522e-11,3.70054382486921e-07,0.00218860727361042,0.997811022595838,4
"20741",0.213485468812161,0.777851233573224,0.00610996968330576,0.0025533279313095,2
"20743",0.531248055998998,0.230394042473432,0.238321673639801,3.62278877698684e-05,1
"20745",0.902794073179391,7.50221201744266e-34,0.0972059268206086,2.2184441027985e-25,1
"20747",0.000759357221285927,0.974603016014898,0.0239941299397917,0.000643496824024833,2
"20749",0.00148535519676785,0.898567904370537,0.0829110454883442,0.0170356949443514,2
"20751",0.0127832780104661,0.0323894536159428,0.954827268373591,2.25171720870668e-18,3
"20753",0.030829945054831,0.954593886885886,0.0145761680583709,9.12127145029686e-13,2
"20755",2.1000791688504e-08,0.0017403390321268,0.998259604875039,3.5092042020878e-08,3
"20757",5.13229628986053e-06,1.50043669793717e-14,0.99999483180853,3.58951650163321e-08,3
"20759",0.5658624389561,3.22357381801458e-28,0.434137561031983,1.19167507459676e-11,1
"20761",0.783896370544539,0.210859986443997,0.00518640106160672,5.72419498568744e-05,1
"20763",0.453705627838781,6.30840361405487e-06,0.546288047645734,1.6111869983582e-08,3
"20765",0.0653123723533215,0.91449357234775,0.00126893200951986,0.0189251232894091,2
"20767",0.977173229127458,1.58561476509722e-16,0.0228267708725423,8.25178251873377e-20,1
"20769",0.0425166190455549,9.87514849024995e-23,0.957483380954445,5.1321281339195e-47,3
"20771",0.954170860861883,0.00132835377060497,0.0243638265726852,0.0201369587948272,1
"20773",5.97848218368926e-07,4.8274884348355e-14,0.999999402151726,7.62314019711077e-15,3
"20775",0.907381293556966,0.0281113823177177,0.0645073241247082,6.08226539588398e-13,1
"20777",0.0381132428604496,2.45015072775356e-12,0.9618867571371,1.56097178953754e-26,3
"20779",0.0508532403257771,0.946562361474068,0.00258439815042264,4.97319921449661e-11,2
"20781",3.2565797137496e-18,5.54941356882081e-30,1,3.74533451254928e-29,3
"20783",0.934768070043473,0.0232130588887243,0.018531037641181,0.0234878334266214,1
"20785",6.84052805056663e-12,1.25164961626182e-14,0.999999997347172,2.64597461340546e-09,3
"20787",0.00525122518489781,0.989590445452173,0.00126699910974127,0.00389133025318781,2
"20789",0.983556027500512,5.28804260462877e-07,0.0164434436952263,9.23668288389796e-16,1
"20791",0.000178602171759353,0.998981784586543,0.000410194741054826,0.000429418500642892,2
"20793",0.940624475820008,0.000366065996997196,0.0590094581829937,1.02909397447768e-15,1
"20795",0.0106946475065109,0.00120388818541418,0.00551526119087696,0.982586203117198,4
"20797",1.50165195904369e-15,1.06917222313888e-18,0.999999998878757,1.12124157431708e-09,3
"20800",0.00216389346442661,0.000449162468453801,0.00473100705862669,0.992655937008493,4
"20802",0.139949672304575,0.80677865023509,0.00389655891009153,0.0493751185502425,2
"20804",5.32946628872326e-05,0.998430505990402,0.00151615291025838,4.64364525197261e-08,2
"20806",7.55407403021281e-05,0.0427340700514776,0.00147315320111057,0.95571723600711,4
"20808",0.98615245423058,1.52033574323216e-12,0.0138475457678994,5.14371840735969e-20,1
"20810",0.20592715188013,0.0147842656354028,0.770597400061775,0.00869118242269293,3
"20812",0.259316407153444,0.632075454685341,0.108570094249128,3.80439120868405e-05,2
"20814",7.31687840809814e-08,0.92377979147108,0.0761228670490473,9.72683110888334e-05,2
"20816",0.0057464729119437,1.36675337274946e-32,0.994253527088056,2.94275205723075e-42,3
"20818",0.962276876254278,0.0128043382173305,0.0241878622619606,0.000730923266431364,1
"20820",1.19979105918964e-10,1.66808919819053e-13,0.0290521136311583,0.970947886248696,4
"20822",0.0567340758027131,0.942491361872206,0.000653356859250831,0.000121205465830345,2
"20824",7.58412756571106e-13,1.72989455895411e-13,0.999999999435095,5.63973509901007e-10,3
"20826",2.85089096170876e-07,2.97514591608408e-05,0.000230850250136467,0.999739113201607,4
"20828",2.20650914632949e-10,4.64074700337212e-11,0.00671699791746334,0.993283001815478,4
"20830",0.00087797084145602,0.993772758190528,0.00534880167144068,4.69296575118634e-07,2
"20832",0.965061382631726,1.35274210429114e-05,0.0326084356823374,0.00231665426489384,1
"20834",0.979853231106205,5.91463864288181e-15,0.0201467688937896,9.20976993903321e-21,1
"20836",0.0177058326780302,0.98133872945732,0.000955437508757686,3.55891667582393e-10,2
"20838",1.00951113444174e-06,0.960528082446988,0.0394708708725502,3.71693273099953e-08,2
"20840",0.987286029702533,3.69985277438489e-14,0.0127139702974299,3.54413459148323e-19,1
"20842",0.0234037104523882,0.781719264823797,0.194877024708039,1.57749886964027e-11,2
"20844",0.000247048289806461,0.000325885142948201,0.999427065747669,8.19576338750238e-10,3
"20846",0.0542900819734606,0.000510252125839088,0.0119994777977055,0.933200188102995,4
"20848",0.98816712287714,0.000496913915696141,0.0113359582213049,4.98585960012395e-09,1
"20850",0.970717339077358,7.28172536391875e-13,0.0292825880266904,7.28952236140009e-08,1
"20852",0.563087802333031,1.59400403577193e-18,0.436895361426572,1.68362403975013e-05,1
"20854",9.66476477102049e-06,1.1095276263252e-05,0.000428021122048407,0.999551218836917,4
"20856",6.91443418776714e-07,3.18528001379205e-29,0.999999308556581,2.06428891969021e-37,3
"20858",0.884712348733564,5.55869647437785e-23,0.115287651266436,6.9582563527698e-19,1
"20860",0.00658490422278428,0.00704902436995566,0.98636607140726,3.12681040465396e-16,3
"20862",0.763152848771546,9.35882353217808e-25,0.236847151228454,7.06837289048783e-26,1
"20864",2.92785989339844e-06,1.4272362873426e-06,0.000428896004418224,0.999566748899401,4
"20866",0.384238046363548,1.6141535336935e-60,0.615761953636452,2.67021858839707e-38,3
"20868",0.987038706725142,1.11355432013533e-17,0.0129612932732022,1.65574496610599e-12,1
"20870",0.946283564840113,0.0383036408010363,0.0153459650464717,6.68293123791707e-05,1
"20872",0.016748983391314,0.98161895382623,0.000372145243496853,0.00125991753895895,2
"20874",2.82800503863725e-10,7.46251594926506e-10,0.00323484973074202,0.996765149240206,4
"20877",0.969358539831994,3.66743466861886e-15,0.0306414601680026,1.03511639251223e-19,1
"20879",0.977516394281728,3.31713442811692e-25,0.0224836057182716,5.20282795840431e-28,1
"20881",0.00968829907428671,0.989198534181343,0.00111005151555879,3.11522881183936e-06,2
"20883",5.2022430191454e-06,0.00234122642433168,0.997653569682,1.65064945854677e-09,3
"20885",0.0138912210766982,0.939687851659403,0.00284975118661578,0.0435711760772833,2
"20887",0.964086137173319,2.98946745663796e-11,0.0359138627967867,3.54314186624941e-25,1
"20889",0.652947384459426,0.283990066099693,0.0630625494361025,4.77767572813325e-12,1
"20891",0.98043553479992,1.96263099896143e-23,0.0195644652000804,7.37761191225309e-23,1
"20896",0.943922636477449,6.15391933053813e-13,0.0560773635219357,8.75752128724783e-19,1
"20898",0.0760420735802754,0.922237016243778,0.00172040795884812,5.02217098952952e-07,2
"20900",1.71716620121576e-14,2.49770299925018e-15,0.99999999999998,5.05296986777609e-17,3
"20902",0.120168133644122,1.33718206491017e-12,0.879831866354541,1.54268750337985e-32,3
"20904",0.00565251589083225,5.72850269343960e-12,0.575047220567946,0.419300263535493,3
"20906",0.875790770333761,2.21103892848399e-19,0.124209229666239,7.76181093440076e-25,1
"20908",0.663107542171385,0.0055777587334695,0.0158557824916916,0.315458916603454,1
"20910",0.0534885246258779,0.0185796288681809,0.927899268766452,3.25777394890851e-05,3
"20912",7.70191798127937e-17,1.17717710915041e-25,1,3.25411520192391e-42,3
"20914",0.899579466342958,4.81986019538151e-46,0.100420533657042,5.76971421080424e-47,1
"20968",1.17247775867628e-10,9.4164020210358e-19,0.999999997685881,2.19687091323427e-09,3
"20970",0.996423936940446,2.03277926075262e-15,0.00357606033557297,2.72397874937987e-09,1
"20981",0.678794641169513,4.9662921915737e-16,0.321205358830486,1.35531555865753e-17,1
"20983",2.70406717885389e-07,0.515094354951598,0.0773680444859308,0.407537330155753,2
"20988",0.989035733645755,4.49920373997859e-22,0.0109642663542213,2.40090416676372e-14,1
"20995",8.4786337947839e-08,3.59985745244496e-28,0.999999915213662,1.18930888372639e-32,3
"21017",0.970364297177024,0.00780404373369587,0.0185114716180854,0.00332018747119503,1
"21038",0.953909476788599,3.80293317126095e-18,0.0460905232114009,2.98752761075626e-22,1
"21072",0.92923243494597,3.16926633410712e-20,0.0707675650540302,4.41840836925023e-16,1
"21075",0.841512158087936,1.12971707669758e-22,0.158487841912064,8.3013395871883e-32,1
"21223",0.982607843408755,0.00145771089640412,0.0159344446943308,1.00051051816688e-09,1
"21225",2.43880983339451e-13,1.04339559639513e-47,0.999999999999756,2.11848535846851e-62,3
"21230",1.81327338909964e-09,3.30538428399546e-05,0.000389600810000865,0.999577343533886,4
"21236",0.947719512506308,0.0249169956996431,0.0273634764738231,1.53202251162378e-08,1
"21238",0.0449936242270551,6.83795125723399e-13,0.955006375772261,1.65251507337209e-25,3
"21241",0.701284677550514,2.68415352210984e-31,0.298715322449485,6.35841641894942e-16,1
"21246",0.983007631855867,3.25530461732004e-12,0.0169923647267421,3.41413580580262e-09,1
"21253",1.36510526500585e-05,0.00187766021845995,0.000291159221045872,0.997817529507844,4
"21256",0.0338366066235471,4.91243642129263e-05,0.0155339012460929,0.950580367766147,4
"21260",1.12682424416833e-05,5.33520422809594e-43,0.999988731757558,1.31265607692061e-34,3
"21266",0.993944870910332,9.16385135347787e-14,0.00605512908954312,3.35037676005088e-14,1
"21332",0.97505500392542,1.2259193903395e-13,0.0249449960718882,2.56938774587228e-12,1
"21334",0.520082056455109,0.451815329920822,0.0281026136229385,1.13099142680211e-12,1
"21375",0.654562384103033,9.74102543499645e-37,0.345437615896967,8.93694442398379e-30,1
"21378",0.461341056441676,2.69168885935548e-52,0.538658943558324,1.73797561007811e-38,3
"21381",0.820129761009819,1.02501701162821e-33,0.17987023899018,1.78154487062454e-21,1
"21389",0.0181016511677527,0.964166316123309,0.0159713802108284,0.00176065249810945,2
"21391",0.0632841394876542,7.38906190406794e-22,0.936714332520436,1.52799190937166e-06,3
"21402",0.917418861359944,4.9963659054575e-17,0.082581138640054,1.53215960497168e-15,1
"21404",0.631908009075071,2.28825892041295e-16,0.368091990924929,2.03968315871876e-29,1
"21409",0.979415707425616,2.31918230644148e-20,0.0205842925743839,4.05577583164809e-28,1
"21413",0.682927046560387,7.53352659147304e-12,0.317072953432079,2.30655300237168e-34,1
"21423",0.00428115379707404,1.83671725669219e-36,0.995718846202926,3.76169217210819e-35,3
"21425",0.857602042785365,1.42637063286141e-18,0.142397957214635,3.81274059438289e-27,1
"21430",0.00200810603833928,9.20791153338572e-13,0.99799189396074,1.88278554070679e-19,3
"21432",0.986687786646121,5.10845999423862e-09,0.0133122082309388,1.44798541545356e-11,1
"21438",1.63672860008924e-05,2.67719392648888e-41,0.999983632713999,1.25828474439962e-25,3
"21440",0.974714114003415,8.55855528013475e-12,0.02528588598802,6.30546624568552e-15,1
"21443",0.0181471977355334,0.97747542431752,0.000674077195690853,0.00370330075125627,2
"21445",6.01093541155895e-06,4.71038640833468e-23,0.999993989064588,6.46615614366638e-28,3
"21447",0.910696959627423,3.95716838295065e-37,0.0893030403725771,2.33364547056675e-26,1
"21449",0.926063990424676,2.75293624431674e-29,0.0739360095753237,2.05608261696963e-20,1
"21451",0.926063990424676,2.75293624431674e-29,0.0739360095753237,2.05608261696963e-20,1
"21455",0.977279118952076,5.15585809483516e-23,0.0227208810479238,1.17788333967973e-19,1
"21469",0.0997056309247037,7.77293489694112e-53,0.900294369075296,4.32208198423351e-45,3
"21471",0.842336413504702,8.99556057965114e-31,0.157663586495298,1.4548890201438e-32,1
"21473",0.154259462841916,0.00109887173501294,0.84387627260889,0.000765392814181312,3
