"","V1","V2","V3","V4","V5","best$classification"
"19812",0.000129225836513662,0.000857358933990732,0.0242880928877741,0.974720165856222,5.15648549994494e-06,4
"19814",6.02453934548354e-06,3.18149989411507e-05,0.0026814473214845,0.992258292661488,0.00502242047874134,4
"19816",0.000148527543175262,1.16242406806983e-05,0.975051194364687,0.0247852882690206,3.36558243679433e-06,3
"19818",6.36356751820864e-05,7.50323450103014e-05,0.0528988938317432,0.928595831047718,0.0183666071003462,4
"19820",3.0116976018255e-07,8.77446259161226e-05,0.999910432896046,1.51417892873697e-06,7.12934901760913e-09,3
"19822",6.1834650609809e-06,0.0582690260530874,0.941692094023957,2.75234521700274e-05,5.1730057241867e-06,3
"19824",0.000530946807066874,8.44819110070664e-05,0.995156385970936,0.00135611090177575,0.0028720744092142,3
"19826",0.0130544898849363,2.67265258640099e-05,0.0369529484779087,0.949878577354255,8.72577570364644e-05,4
"19828",8.32562904728207e-07,0.000374582302031516,0.998496498548292,0.00112252135548916,5.56523128244319e-06,3
"19830",0.00169627780008108,0.000727110455098407,0.000362816676894553,0.996985787008879,0.000228008059047321,4
"19832",1.74265893749569e-05,0.547471295201038,0.148846384651945,0.303658818097823,6.07545981908577e-06,2
"19834",6.45886095499898e-06,0.0161847252146325,0.865536257212573,0.117926230308318,0.000346328403521126,3
"19836",0.116619653792464,0.000344751384180202,0.274088920084774,0.608940032480662,6.64225792002009e-06,4
"19838",1.07297753253323e-05,0.000103078085699397,8.60329785742014e-05,0.998694880994879,0.00110527816552156,4
"19840",0.00430046715010554,7.74092835675452e-05,0.765910142667686,0.229685600031359,2.63808672821191e-05,3
"19842",0.890149388726906,9.66772021806087e-07,1.98002252777282e-05,0.109771504203095,5.83400727000894e-05,1
"19844",4.53700557956704e-05,1.92028840421097e-07,1.73726002482936e-05,3.62541315984241e-05,0.999900811183517,5
"19846",0.00439552329062379,5.11340331074048e-07,1.97636062533279e-05,0.793815805314695,0.201768396448097,4
"19848",0.00033592064698105,1.74204622262667e-06,3.08482477544896e-05,0.919336186962293,0.080295302096749,4
"19850",8.90622812999811e-05,8.64306962686347e-06,0.000310496712053509,0.664757692035639,0.334834105901381,4
"19852",3.71414474675824e-05,0.00030779690258194,0.642366398768486,0.356472086377795,0.000816576503669855,3
"19854",8.41980212009756e-05,3.86187124771361e-06,2.96146937025971e-05,0.990782935931526,0.00909938948232227,4
"19856",0.000368102938292875,3.00025562951818e-05,0.0010713138337489,0.0240229279431335,0.974507652728529,5
"19858",7.11605984740158e-05,0.000228503577983951,0.0263948554556927,0.00407071514787096,0.969234765219978,5
"19860",7.14932018568296e-05,0.000186769520110792,0.2974664434497,0.702191323086097,8.39707422345897e-05,4
"19862",0.0138243273535143,6.2388150041679e-07,1.05199353752022e-05,0.973985001245798,0.0121795275838122,4
"19864",0.999936901683708,3.34069591913901e-07,3.75050933902906e-05,1.94764759977851e-05,5.78267731170548e-06,1
"19866",0.0419143014148103,3.86097447384557e-05,0.951456986909121,0.006587259547448,2.84238388248982e-06,3
"19868",7.47544628951807e-07,0.999726749566054,1.74978766938457e-05,0.000182799220880047,7.2205791743456e-05,2
"19870",0.00141497755019705,5.75587692099924e-06,0.000472860258426187,0.992695083266853,0.00541132304760299,4
"19873",0.00240251701300717,1.5231335577001e-05,0.0303082014870222,0.965705141497938,0.00156890866645602,4
"19875",2.53272125031508e-06,0.000521333722132288,0.993525969594626,0.0059499863482998,1.77613691790602e-07,3
"19877",0.000141472281170936,4.5268418046049e-05,0.00444866364885475,0.992037616226732,0.00332697942519655,4
"19879",0.000325171766694313,0.00172062477880228,0.289489382888965,0.70150629416166,0.00695852640387776,4
"19881",0.025283028273974,2.06459374573146e-05,0.0124256977655387,0.959940143739285,0.00233048428374486,4
"19883",0.233843166983131,3.045664260421e-06,0.00466943992595798,0.761287677412231,0.000196670014419719,4
"19899",0.00309165632626891,0.0110247124026651,0.380244093318735,0.605578252983587,6.12849687434951e-05,4
"19908",0.736798536175683,0.0782300421884315,0.160443291913333,0.018814263330976,0.00571386639157643,1
"19910",0.000550445309465428,0.000106891905722133,0.344907337368814,0.653772032003225,0.000663293412774059,4
"19912",0.432125721816226,2.20697143436706e-06,4.01816146313931e-05,0.566207007227312,0.00162488237039668,4
"19914",0.000226393105896292,0.00665394267783203,0.199630706398307,0.79194357452727,0.00154538329069435,4
"19916",0.399866371519993,0.000109215339657173,0.5989176237344,0.000616623128618177,0.000490166277332243,3
"19918",0.00285887327365134,6.55696290805155e-07,0.000604299307296961,0.838370872803052,0.158165298919709,4
"19920",5.03762710910015e-05,4.20324011377611e-07,3.95090691322959e-05,0.110919554248462,0.888990140087303,5
"19922",1.7443537319813e-05,0.645567446181501,0.0207865274664441,0.333575631025755,5.29517889806649e-05,2
"19924",0.000262060984294363,2.16300713156846e-05,0.010946455371084,0.951459180944228,0.0373106726290779,4
"19926",0.0274019256042553,0.0277594090297729,0.558330483299194,0.386505512293238,2.66977353923271e-06,3
"19928",0.99999226453307,3.2874024149113e-08,1.61304073720489e-07,3.67530948249444e-06,3.86597934931433e-06,1
"19930",8.20388973103198e-05,1.78874758818028e-05,0.00104569340497991,0.998497617051703,0.000356763170125126,4
"19932",2.6197781387867e-05,1.21650103195686e-05,6.17654681468083e-05,0.99669346943254,0.00320640230760626,4
"19934",2.63747386667152e-06,0.00248856529374667,0.955830909559911,0.041520540258118,0.000157347414358085,3
"19936",3.71416541994995e-05,0.000708580111746347,0.0110074182335604,0.987996239311062,0.000250620689432034,4
"19938",3.82192109723721e-05,0.00347374831575236,0.995773757602111,0.000659947814439247,5.43270567254966e-05,3
"19940",0.0288977548398837,1.75084121218688e-05,0.0901407552959386,0.879750137289322,0.00119384416273367,4
"19942",0.999964610188976,1.7792288101922e-08,2.39473856393545e-06,3.19457635270703e-05,1.03151664445676e-06,1
"19944",0.00212588095749399,0.000121032622266226,0.72867943680368,0.269007215170403,6.64344461561525e-05,3
"19946",0.000273291254176453,0.000121802273207885,0.106165253959361,0.867578928815302,0.0258607236979524,4
"19948",0.999879338213009,5.92591436387349e-09,2.73533207219208e-06,0.000111717296371558,6.20323263319922e-06,1
"19950",1.15130762757805e-06,3.58624225053015e-07,1.15294987483273e-06,0.00189376585436686,0.998103571263906,5
"19952",0.999879338213009,5.92591436387349e-09,2.73533207219208e-06,0.000111717296371558,6.20323263319922e-06,1
"19954",8.20407644520198e-05,5.99890861260267e-06,0.000234751331815739,0.998075703475409,0.00160150551971017,4
"19956",0.0147474448640436,0.000312664993585103,2.7014581285222e-05,0.313342283706398,0.671570591854688,5
"19958",3.4116058451252e-06,0.994429000911665,0.000244681986823464,0.00394068275585094,0.00138222273981518,2
"19962",0.000638837013706999,0.00339184743062986,0.186167789955906,0.612269013619743,0.197532511980015,4
"19964",0.0275910086544083,4.52319490800599e-05,0.0562916070630989,0.890612300572896,0.0254598517605168,4
"19966",0.0108404852925652,0.000119102623845744,0.988753033430965,0.000287302561922908,7.60907007813966e-08,3
"19969",0.00847306243670582,5.28325789448056e-06,0.000742811774867184,0.990575093592721,0.000203748937811424,4
"19972",0.114773399811621,5.32835852528239e-06,0.00102198526987043,0.773362343959809,0.110836942600174,4
"19974",0.0205950861955622,4.88108074503368e-08,1.47328008263556e-06,0.0596731958107042,0.919730195902844,5
"19976",0.000426911974709983,3.12044579289065e-05,0.0173734153503671,0.924458438002922,0.0577100302140715,4
"19978",0.00163925885282373,1.44311927127163e-05,0.731324613814658,0.266111592995608,0.000910103144197697,3
"19980",6.45298139175912e-05,3.24076041745418e-06,2.16084091586061e-05,0.696511061601357,0.303399559415149,4
"19982",2.27911488836547e-05,5.2281594611261e-05,0.000290647409367179,0.163128679575963,0.836505600271175,5
"19984",8.56232136212459e-06,2.39942416684933e-07,1.98169059712787e-05,0.000524951653188091,0.999446429177062,5
"19986",3.00635542067502e-06,0.000452725251953988,0.999535686917451,8.57377210459447e-06,7.70307035198731e-09,3
"19988",1.5130229414309e-07,0.000717776434396133,0.999281251418544,8.16095410903572e-07,4.74935477521131e-09,3
"19992",9.79895565952615e-08,0.000748102781282089,0.99923922860294,1.22875672878036e-05,2.83058933764361e-07,3
"19994",5.59155219406486e-05,5.45101170686289e-05,0.00126516613019127,0.998544628041249,7.97801895502849e-05,4
"19996",6.39670289533709e-08,8.72957327792971e-05,0.999892246424961,2.0178278157047e-05,2.15597073925069e-07,3
"19998",0.656362181957729,0.000239301815776483,0.046532386070783,0.28674721551722,0.0101189146384923,1
"20000",0.0044073533982434,0.019743567057703,0.000144484328221254,0.975020662784554,0.000683932431278142,4
"20003",0.000780857075761458,0.000256011089410581,0.0072843213235116,0.991673890571397,4.91993991913521e-06,4
"20005",0.00227833041657599,6.23110955678185e-07,1.5749827634534e-05,0.924851124571073,0.0728541720737602,4
"20007",6.11880951038259e-05,0.00378957664376936,0.61934082864182,0.375619188356448,0.00118921826285863,3
"20009",0.000900160077647806,0.000865406867731526,0.997025901626701,0.00081987374910088,0.000388657678818756,3
"20011",0.0270868996942255,1.51222757061396e-05,0.00602869742717786,0.95082479371826,0.0160444868846303,4
"20013",2.627041022563e-05,2.98910049243211e-05,0.000818136163157466,0.8971960019189,0.101929700502792,4
"20016",4.73915118793125e-06,0.00577472746809079,0.994176006835924,3.42027671275628e-05,1.03237776699278e-05,3
"20018",1.1663135426257e-07,0.987908019022988,0.0120917946831977,6.57755373250416e-08,3.88692259079453e-09,2
"20021",2.3676175378261e-05,0.000503215432442116,0.984650415266598,0.0148223935760245,2.99549557292734e-07,3
"20023",6.25354931748853e-05,0.00188689148857842,0.917859222006794,0.0800564293644955,0.000134921646957034,3
"20025",4.57121705149423e-06,0.456276981404947,0.543661824665882,5.64513515105014e-05,1.71360608768633e-07,3
"20027",0.225474078723143,7.5091088827005e-06,0.000243648245233441,0.774222205601405,5.2558321335707e-05,4
"20029",0.00969157081241986,3.65639016829701e-07,7.13715374921738e-05,0.967386957607932,0.0228497344031389,4
"20032",0.00544164615433587,1.42130067257724e-05,0.000225840861160573,0.994270327390482,4.79725872960775e-05,4
"20034",0.999582304965381,3.57805394703232e-08,1.1605718276218e-05,0.000404610536925401,1.44299887779354e-06,1
"20036",0.00560302358545756,0.00254031316230471,0.0454356011310163,0.758239770461202,0.188181291660019,4
"20038",1.38066805551278e-06,0.00783959887532773,0.991506798971052,0.00065221528285429,6.20271015274743e-09,3
"20040",0.000561147292903469,0.0145647158560185,0.984853888704881,1.277797857629e-05,7.47016762080205e-06,3
"20043",3.95693620982456e-07,0.000931129042438669,0.995164635839265,0.00390283255466432,1.00687001075941e-06,3
"20045",1.98470998836985e-08,0.00730460217347417,0.992694117398051,1.07329249205546e-06,1.87288883210379e-07,3
"20048",7.96484022555258e-07,2.2567393650715e-07,4.93745298300308e-07,6.32695154130416e-05,0.99993521458133,5
"20051",2.5759548673564e-06,0.0196007138639493,0.309182711549001,0.659479766800353,0.0117342318318292,4
"20053",0.000228628982314488,0.000121346469970744,0.984853965603554,0.0145111172351356,0.000284941709024677,3
"20055",0.00014135963930971,0.160036509072365,0.76939720536691,0.0704247811524272,1.44768987713354e-07,3
"20057",6.25015481986086e-05,0.998113883315676,1.71305053418757e-06,0.000196551821604717,0.00162535026398641,2
"20059",0.000936815091991619,0.00363768487465865,0.982115138968243,0.0132708437290011,3.95173361060855e-05,3
"20061",0.000761684776771296,0.000572744633806414,0.883066618272354,0.115387685334556,0.000211266982511805,3
"20063",0.00192749766456186,0.000679814999470655,0.0146699222351256,5.69140288342142e-05,0.982665851072008,5
"20065",2.81408628004757e-08,0.860723429928478,0.139263727210711,1.28144458216095e-05,2.74126283865885e-10,2
"20067",4.18754814002753e-08,0.011660911631368,0.987646348980301,0.000428639174729088,0.000264058338120625,3
"20069",2.27619258636858e-05,5.11481887795135e-06,2.87393266234462e-05,0.438641452343866,0.561301931584769,5
"20071",0.197244864657358,0.00797833506050359,0.348876550648131,0.444194168861787,0.00170608077221981,4
"20073",0.000504554173312995,1.42459051426898e-06,0.000827687873092864,0.0812103416679085,0.917455991695171,5
"20075",1.31484678454188e-07,0.99969976284019,1.1397500913325e-05,0.000287446290049462,1.26188416866237e-06,2
"20077",3.05068391194243e-05,0.000148192171246458,0.982882182984318,0.0164419832760896,0.000497134729226272,3
"20079",6.17195463047485e-05,0.0017539344608598,0.158775632947019,0.0728940927915031,0.766514620254314,5
"20081",1.24953616655994e-07,0.151668167106299,0.838886448928003,0.00943656696215487,8.69204992635495e-06,3
"20083",0.00515257030778354,0.0012904381788853,0.00536118540745416,0.0171041290357041,0.971091677070173,5
"20085",5.54797383643114e-08,0.00308532565345236,0.996913076765718,1.54079174739529e-06,1.30934377399084e-09,3
"20088",1.87774728843121e-07,0.00111065568925686,0.998330327595386,0.000558616739003697,2.12201625115956e-07,3
"20091",8.7926350731245e-09,0.997499159720811,0.00235441367945774,0.000142837316190166,3.58049090542634e-06,2
"20095",0.0525325375876741,0.000401998452573177,0.0695659318445982,0.0176656452482258,0.859833886866929,5
"20097",2.78463154357781e-08,0.0125869354661728,0.987410111999278,2.92289511695944e-06,1.79311736773221e-09,3
"20099",0.140930409974227,4.66049162208432e-06,0.851243909593951,0.00280774656453289,0.00501327337566654,3
"20102",1.22035099015772e-06,0.0691687675545763,0.00165572920597266,0.00277570848939348,0.926398574399067,5
"20105",8.95846089319442e-07,0.000378782750750359,0.992812597756744,0.00617459583623792,0.000633127810178066,3
"20107",3.85935162989454e-06,0.000167820879798611,0.999168322729053,0.00065936422912289,6.32810395479412e-07,3
"20109",0.00144511889900072,2.41609042162962e-05,0.677273572505005,0.0268576429724156,0.294399504719363,3
"20111",5.27377974213509e-05,0.511751482625077,0.00018202804922214,0.470059963137232,0.0179537883910473,2
"20113",0.027647982718818,0.000344694763602453,0.951942976780515,0.0200625335728162,1.81216424856864e-06,3
"20115",0.00503457571209541,0.000380881813373586,0.000154759211245649,0.993435584887089,0.000994198376196108,4
"20117",0.369229143257673,0.517406946147312,0.111657087556723,0.00169994381174915,6.87922654362907e-06,2
"20119",0.0439896925995905,5.69865905673696e-05,0.955614195654496,0.000339083499306753,4.16560400525765e-08,3
"20121",2.65301816609615e-06,0.000461441494993648,0.999440047216399,9.583272873152e-05,2.55417102684268e-08,3
"20123",2.20450885860068e-08,0.998618101310563,0.00134969689943936,3.21646877648066e-05,1.5057144075118e-08,2
"20125",1.8168340012752e-05,3.04085709523158e-05,0.000217779031595361,0.891850749292328,0.107882894765111,4
"20127",2.12465660053364e-07,0.000313574076155233,0.999669630559829,1.40927201046397e-05,2.49017825091577e-06,3
"20140",0.00217885841875154,0.472017542528519,0.35957493935412,0.166226601604152,2.05809445812756e-06,2
"20142",2.38153996347398e-06,9.73627159309542e-07,2.13505288038963e-06,0.00600763735171497,0.993986872428282,5
"20144",8.85487452174209e-05,0.00798812376907767,0.000127735316992511,0.983385699962511,0.00840989220620164,4
"20146",0.000113417657117723,0.00397810831253297,0.00643909668399738,0.60441967617808,0.385049701168272,4
"20148",2.7938513058341e-05,0.000124700585421687,0.00738767727351088,0.992185734902079,0.000273948725929785,4
"20150",0.00237061584867234,3.09899724520933e-07,4.6512089173148e-06,0.399322390374514,0.598302032668172,5
"20152",0.00013656112491357,0.000189226617116709,0.0319602457216899,0.967509249295742,0.000204717240537334,4
"20154",2.17348586227115e-09,0.963699462370499,0.0362687144838334,2.29838414354773e-05,8.8371307461385e-06,2
"20156",0.000481803249426428,0.022263579474995,0.737831683293732,0.170182723556649,0.0692402104251978,3
"20159",1.54538470920603e-05,9.62050600158806e-06,2.81995468860874e-05,0.371348366410199,0.628598359689821,5
"20161",0.000222402150001949,6.62719309690262e-05,0.000595615386809422,0.0107964816965485,0.988319228835671,5
"20163",0.00104416952430701,0.00140922407562325,0.0446939305796129,0.952840895634438,1.17801860184427e-05,4
"20165",2.36994765193453e-06,2.35475511246636e-05,0.00879297296344405,0.000991347733556502,0.990189761804223,5
"20167",1.94043706972057e-05,9.91004039815342e-06,0.00453338781108972,0.984010406512674,0.0114268912651404,4
"20169",9.08603483381814e-07,2.87323935555907e-07,5.93037752793925e-07,0.000269936849544917,0.999728274185283,5
"20171",1.1952093039197e-09,0.991448950176279,0.00854083784103028,1.50445971911016e-06,8.70632776242429e-06,2
"20173",0.731121250344661,1.66894538997761e-05,0.0510452896615921,0.00121232653063654,0.216604444009211,1
"20175",0.000330134321474835,2.54880796785905e-05,0.00163662513154406,0.987933918956079,0.0100738335112237,4
"20177",0.497387668623746,1.1745037677861e-05,0.498128469055926,0.00423790556082331,0.000234211721826966,3
"20180",1.88253380466319e-05,0.0027945774781442,0.997115572353434,7.10245959487331e-05,2.34426340009958e-10,3
"20182",0.00187112203578558,2.27400079621797e-05,5.59123227586111e-08,0.000210582495643818,0.997895499548286,5
"20184",1.29317029367846e-05,3.2326180006134e-06,0.000147570741630532,0.0468641961926949,0.952972068744737,5
"20187",0.992443070746986,8.94275082094921e-07,0.0038820194726725,0.00239628098807106,0.00127773451718856,1
"20189",0.0190000824445073,1.07103706292306e-05,0.919535805954775,0.061435609695834,1.7791534254219e-05,3
"20192",0.0343885359246822,0.149586897155643,0.809820105803458,0.00619648095252436,7.98016369259631e-06,3
"20194",0.168232275814173,6.24148700516416e-06,0.000182352919583712,0.101859003887039,0.729720125892199,5
"20196",2.4878769393343e-07,0.170861058503794,0.82897362636892,0.000164736740858758,3.29598734001662e-07,3
"20198",0.000776180528957026,0.0073179370752645,0.287817463745949,0.703167669576149,0.000920749073680531,4
"20204",2.76945187305628e-05,1.35761064039844e-05,3.71990136587606e-05,0.441380754255204,0.558540776106003,5
"20207",2.89640111822649e-08,0.0925644005921609,0.907040415657031,0.000352152726436076,4.30020603610061e-05,3
"20209",0.0484777221246431,0.0633081207218417,0.000717223550921291,0.887487971889716,8.96171287808654e-06,4
"20211",5.09468914879099e-10,0.998838743044564,0.00108636181039056,7.47810116669908e-05,1.13623909095123e-07,2
"20215",2.28410475406954e-05,0.00145199768734634,0.976029452668257,0.022444194771977,5.15138248792499e-05,3
"20218",2.62562559350861e-06,9.63665464712383e-07,3.65140091813024e-06,0.0179578932213888,0.982034866086635,5
"20222",1.5537933472168e-07,0.0702694466112306,0.918779052295519,0.0108360305922364,0.000115315121678899,3
"20225",0.00038361451099423,0.00074695050559263,0.000225891416074733,0.97017241987101,0.0284711236963286,4
"20229",0.00350140415951077,0.152774643579836,0.0424404751100054,0.800060091782491,0.00122338536815655,4
"20232",9.13130421821288e-05,0.0262834137803019,0.850296172861316,0.123300444930615,2.86553855850409e-05,3
"20234",5.69211819801115e-06,0.119323000660863,0.880670228785235,1.07574627580577e-06,2.68942816467563e-09,3
"20238",2.67982637162925e-06,0.00165678306755767,0.997759868627968,0.000569147201810298,1.15212762928334e-05,3
"20253",6.04064956314555e-06,0.000924121962304991,0.998781215377005,0.000286649193425441,1.97281770134931e-06,3
"20255",4.41786666036837e-06,0.000430835709604143,0.000320820454688462,0.998903436727495,0.00034048924155207,4
"20258",2.97202223819228e-06,6.72600904777632e-05,0.999746837823177,0.000182844214321338,8.58497862776993e-08,3
"20269",6.41758919529e-05,0.000112849322705117,0.917191888583386,0.0342468100330085,0.0483842761689473,3
"20271",0.014482254495344,2.18302438144526e-05,0.985037653197577,0.000457930444392213,3.31618872592491e-07,3
"20285",0.949007623683389,1.56473033020026e-05,0.00519015274892124,0.044295907897189,0.00149066836719898,1
"20288",2.02904046637169e-05,0.00291793036920918,0.967284785934437,0.0296665308523747,0.000110462439315566,3
"20291",1.35255971897998e-06,0.260308215314025,0.739387475957641,0.000299700654570689,3.25551404394226e-06,3
"20295",0.155471433903016,0.000200999256807826,0.747496102090489,0.0748078939852012,0.0220235707644865,3
"20298",7.99306384621879e-05,5.01355130589079e-06,3.73220260533398e-05,0.995034314488751,0.00484341929542791,4
"20302",0.0023035463553473,7.98661622136724e-06,0.00114208694160535,0.30613388848792,0.690412491598906,5
"20305",0.0015246168633234,2.12458620869787e-06,2.98334422774582e-05,0.997492731806796,0.000950693301394349,4
"20307",6.43364490834278e-08,0.000467964026397727,0.999502817055399,2.91106277021157e-05,4.39540520036794e-08,3
"20310",1.1644356931487e-06,0.00211357253765419,0.997884247752627,9.76374636169634e-07,3.88993891688805e-08,3
"20313",1.55402202843856e-05,2.51762279094126e-08,1.66665386351947e-07,0.000672393816698292,0.999311874121403,5
"20315",2.68775938737986e-05,0.000124267211372198,0.999075415856622,0.000772882851222023,5.56486910302468e-07,3
"20319",5.21703196634712e-07,0.623971667640484,0.375762128391893,0.00026548693972626,1.95324700253172e-07,2
"20321",2.97056977437555e-06,8.80537166199154e-05,0.999793325093571,0.000107265158638117,8.38546139673212e-06,3
"20327",5.11066186210493e-05,1.07997337342967e-05,0.999879886565214,5.79517043477095e-05,2.55378083443069e-07,3
"20329",0.999607688639558,3.19852897423469e-09,1.57608609893879e-06,0.000255594172907541,0.000135137902906707,1
"20335",4.5474658919113e-09,0.10672147999228,0.893249214838131,2.77451051514064e-05,1.5555169713952e-06,3
"20337",1.69182305633289e-05,1.10712954846423e-05,4.92338042879389e-05,0.723276268575673,0.276646508093992,4
"20339",0.000738476545310829,0.981477949897541,0.00670889122470522,0.0110712235243386,3.45880810463193e-06,2
"20341",3.81773073815619e-08,0.973649879230611,0.0258452817681661,5.81203759913913e-05,0.000446680447924279,2
"20343",3.90581005780204e-07,0.00896915289896465,0.99091412770721,2.37752642317807e-05,9.25535485881058e-05,3
"20345",0.0224588966834691,5.3974724820001e-05,0.0046340864613821,0.97284302264268,1.00194876483953e-05,4
"20350",0.0112404366983057,0.385826523078317,0.418687554629022,0.15802263050437,0.0262228550899857,3
"20352",6.8681861626297e-07,2.93231630872218e-07,2.46550822275981e-06,0.000503840754182742,0.999492713687347,5
"20355",0.000209448458692221,0.0002283030795386,0.00344464607490174,0.0292996381073892,0.966817964279478,5
"20358",0.934406994770912,1.0459502426227e-07,2.56307006797003e-05,0.0397631310587477,0.0258041388746368,1
"20363",8.6340430818306e-07,8.1820349452302e-05,0.999492875009761,0.000418033824406871,6.40741207187548e-06,3
"20365",8.09459108331056e-07,0.553525970745529,0.404705649848514,0.0417654075565275,2.1623903204342e-06,2
"20379",0.000310583566270937,0.000695056327166365,0.000408745444645695,0.997171656903852,0.0014139577580652,4
"20387",2.12541354268772e-07,0.00144458840399497,0.997859910735872,0.000694983153250229,3.05165528210887e-07,3
"20392",6.98085851115428e-10,0.997265606570369,0.00270514367566388,2.92388160822881e-05,1.02397990813137e-08,2
"20395",6.11322431527199e-05,0.000334881481119849,0.0161220987713518,0.982429069449778,0.00105281805459716,4
"20397",0.990097836264349,1.19867439388987e-08,2.32688791788545e-07,9.49553855061145e-05,0.00980696367460891,1
"20410",0.000473440009483535,0.000616074490144729,0.988326471783556,0.0105839709966303,4.27201853175119e-08,3
"20414",9.39239874816139e-05,9.2634414447363e-06,0.00111495724379463,0.683526852274624,0.315255003052655,4
"20417",0.000117373186630257,0.907852477054635,0.0920298115728269,3.22570696530704e-07,1.56152114098799e-08,2
"20419",2.9930336768803e-05,1.94806190869907e-06,0.999936436848884,3.04780916230198e-05,1.20666081575255e-06,3
"20421",1.20991406404073e-05,0.0157972416438549,0.00366278820754716,0.291219920081099,0.689307950926858,5
"20423",1.00979503965874e-05,0.000125710913162913,0.00025430672263582,0.62013503712815,0.379474847285655,4
"20425",4.3137458190177e-06,0.000459598145749953,0.000624552618102352,0.410960355893817,0.587951179596512,5
"20427",8.50003951803362e-05,4.05178939140721e-05,0.0448514216716831,0.954709961262501,0.000313098776721793,4
"20429",0.000326360570031377,0.00427716254166906,0.99498396984126,0.000192102199828711,0.000220404847210728,3
"20432",0.000420977680610465,4.91024136372643e-07,5.02303389464167e-05,0.156581749700151,0.842946551256156,5
"20435",0.000317620715792023,0.0277982767511587,0.784257008105343,0.187615941800999,1.11526267073422e-05,3
"20438",0.000121973956906782,2.11979756847895e-05,0.999111806269642,0.000431376218329105,0.000313645579437676,3
"20440",2.1712195175711e-05,2.65987319938752e-05,0.999772590050513,0.000161993799862236,1.71052224556889e-05,3
"20443",8.4904489465527e-06,3.4379983621986e-05,0.000199158632731762,0.00184216022538769,0.997915810709312,5
"20446",0.00258305139151452,0.00165095222893339,0.553992809428946,0.437448616130384,0.00432457082022256,3
"20449",0.000324237295245925,0.0167393929441737,0.78321614082945,0.199695241446173,2.49874849573543e-05,3
"20537",3.67653681835018e-06,0.273579426480675,0.717838255144739,0.00837564518689104,0.000202996650876424,3
"20540",1.60563709546893e-08,0.991171522094311,0.00881486977247653,1.35845661717971e-05,7.51066908388906e-09,2
"20543",7.11825681278035e-05,0.000781780476959503,0.199314499588045,0.795839361383431,0.0039931759834374,4
"20545",2.91422905661827e-10,0.998754417003789,0.00119006426975277,5.50996624111091e-05,4.18772624231314e-07,2
"20549",2.51790954781748e-06,0.00393074508112024,0.0464998322243858,0.934801627956002,0.0147652768289439,4
"20551",5.7541713351564e-07,0.00175105166938935,0.972826495906735,0.0253050750866935,0.000116801920048721,3
"20554",9.91080151992429e-06,0.000108705154177676,0.995229875625587,0.00463996805475211,1.15403639632866e-05,3
"20556",4.76978011165463e-06,0.134012382863063,0.178025447936461,0.686680578750224,0.0012768206701413,4
"20558",8.64392990587824e-08,0.000172022494900005,0.999746284925136,8.13450456430054e-05,2.61095021666362e-07,3
"20560",2.43402098876374e-06,9.0430453480321e-05,0.976731591190835,0.0195022043195145,0.00367334001518159,3
"20563",3.21778613222385e-07,0.000241074521866765,0.999746899660664,1.08846528435853e-05,8.19386012934825e-07,3
"20565",9.78406481619249e-06,0.00137175285436946,0.852076568629867,0.123862729323839,0.022679165127109,3
"20567",0.00022674602223897,2.30121709628036e-06,7.93915123189116e-05,0.103458557177544,0.896233004070802,5
"20571",0.00129828920532056,0.0332153384210415,0.963991572398537,0.00145678904286223,3.80109322388976e-05,3
"20573",4.92667870121081e-06,0.00478310898644387,0.94930492259885,0.0453362986209466,0.00057074311505798,3
"20575",3.93128402613512e-06,0.000105866165892306,0.999866283319511,2.37506931632634e-05,1.68537406642904e-07,3
"20577",0.000829411186177744,0.0022140062857731,0.107918642016851,0.888939016048885,9.89244623138802e-05,4
"20579",0.105135598439591,2.40050609329888e-08,1.99132790162266e-06,0.00141716298799431,0.893445223239452,5
"20582",2.38631770693071e-07,0.000117653794501857,0.999870333258338,1.17340074452243e-05,4.03079442987478e-08,3
"20585",7.16085239893402e-08,0.89289923693874,0.0885238661183437,0.0185753173949261,1.50793946661556e-06,2
"20588",2.54808401828556e-06,0.98221478866259,0.00749228695003617,0.0101417122008712,0.000148664102484759,2
"20590",0.00135586373427101,1.21680050325823e-08,5.39918380679186e-07,0.00441356028183003,0.994230023897513,5
"20592",1.01677659142673e-07,7.96565781323938e-05,0.99991345827345,5.69708904290216e-06,1.08638171609606e-06,3
"20594",1.53709722857239e-06,0.000308793940849091,0.999667990416492,2.16712235856566e-05,7.32184485131651e-09,3
"20596",0.00208474853341201,6.27188685202893e-06,0.988022657269818,0.00944726655249362,0.000439055757424548,3
"20598",6.38359931833563e-06,0.000116930526720918,0.988395218862886,0.0114753295214568,6.13748961826431e-06,3
"20600",1.21704985281373e-06,0.696992726537774,0.0742940494574099,0.227499220912009,0.0012127860429546,2
"20603",2.67468921345818e-05,0.00261729034152997,0.000538873681225182,0.993598261536984,0.00321882754812673,4
"20605",1.54535864276003e-05,0.000482581850244209,0.999076762162031,0.000425179759705333,2.26415922288147e-08,3
"20607",7.23045414650537e-05,1.44719981346882e-05,0.998487892404919,0.00142484692373483,4.84131746222984e-07,3
"20609",1.93242392528005e-05,0.000125628637327313,0.980553968436689,0.0192703089772368,3.07697094939667e-05,3
"20611",0.00862158496761144,2.47194018187909e-06,3.89351874414575e-05,0.99103607658039,0.000300931324375261,4
"20613",0.000125975380837094,0.00304780317563172,0.396130739209296,0.600683272058691,1.22101755440041e-05,4
"20615",1.83198609237373e-06,0.0588253956103542,0.236873983287397,0.702084558404721,0.00221423071143615,4
"20617",1.21280808185703e-06,3.91055016062643e-07,1.19656607483921e-06,0.00239371674751812,0.997603482823309,5
"20619",2.57770838330491e-06,3.87326651417629e-05,0.999930859145138,2.46812080239909e-05,3.14927331313637e-06,3
"20621",6.78208232815567e-05,0.000430302488805998,0.982704364628723,0.0167662884900554,3.12235691343703e-05,3
"20623",0.00113294500757447,3.1545318043021e-07,0.00178292162386834,0.00889047955157394,0.988193338363803,5
"20625",9.31535425663784e-06,0.024928313635554,0.00106810005873165,0.935267465816164,0.0387268051352934,4
"20627",0.000695592437064582,0.000547297088881851,0.774184898417083,0.224567947803686,4.26425328542817e-06,3
"20629",1.34223099339527e-05,0.00332911098811361,0.786645068204135,0.209274467339309,0.00073793115850878,3
"20631",2.33633508781681e-07,0.000129173114324499,0.999848606849276,1.45770961689793e-05,7.40930672161369e-06,3
"20633",8.1368873272782e-05,1.23628110099847e-08,1.05029465951487e-07,0.000366130297108124,0.999552383437342,5
"20636",0.0525206205951393,9.37897326380393e-06,0.000858026348343821,0.922187968796866,0.024424005286387,4
"20638",0.00162778041880174,0.0748794432415988,0.127020405469824,0.79630433254711,0.000168038322665718,4
"20640",1.45308234908111e-06,0.0786616961064319,0.917636625324593,0.00370020906456422,1.64220618832953e-08,3
"20645",1.93195026174613e-08,0.00418019276074005,0.995816492546483,3.29280122416365e-06,2.57205062577474e-09,3
"20647",8.92779519223343e-07,2.65125068314281e-07,5.2876273098514e-07,6.72759641077739e-05,0.999931037368574,5
"20649",1.80333510137755e-06,0.0104938462568837,0.966363790349464,0.0231294464582192,1.11136003318268e-05,3
"20651",3.86284655157822e-05,0.00302356210422258,0.996918864284478,8.48627059151116e-06,1.04588751923157e-05,3
"20656",1.29267923068334e-06,0.0337107264648535,0.964653396817882,0.00163083101774669,3.75302028707238e-06,3
"20660",0.000876786345653136,0.932360032389233,0.0584791978070035,0.00828098389659099,2.99956151944568e-06,2
"20662",0.0957894793034948,3.19404345453153e-06,0.000384541442911281,0.0653329784776642,0.838489806732475,5
"20664",0.00903091385026557,3.12487350248308e-05,0.882432048710065,0.0115108294402247,0.0969949592644202,3
"20666",6.03736140976698e-05,0.0444652808374634,0.000520848493666583,0.954877249820815,7.62472339573229e-05,4
"20668",0.000140740841492283,8.01377115366359e-07,8.4650140659685e-05,0.533929611464314,0.465844196176419,4
"20670",0.000931824405480446,0.00033322561214067,0.997768744257696,0.000961702089690185,4.50363499219354e-06,3
"20672",1.20128768863374e-05,2.55210228244781e-05,5.38612854906978e-05,0.537072335583435,0.462836269231364,4
"20674",0.000240318154780231,0.000176691563008845,0.911313733240855,0.0881201717136108,0.000149085327745514,3
"20676",0.920237918467863,4.02177463220793e-07,1.36990595982838e-06,0.0747281507467459,0.00503215870196764,1
"20678",0.901818263626709,5.65847708581927e-08,1.62444154866242e-06,0.0464117746857105,0.0517682806612612,1
"20680",1.31737713700409e-05,3.26532439312966e-05,0.00149154678097801,0.704522694491951,0.29393993171177,4
"20682",0.136700812792992,7.83873150885887e-06,0.00301245976081678,0.85950147170863,0.000777417006053077,4
"20684",0.114070818394969,0.00442871439896035,0.79111623220918,0.0903664214193836,1.78135775067163e-05,3
"20686",2.45516538612553e-06,1.06082283758134e-06,5.49725788540376e-06,0.0189306561259817,0.981060330627909,5
"20688",0.939466634481794,1.22424837365945e-08,4.64202366158318e-07,0.00186287717934566,0.0586700118940099,1
"20690",2.67122763783792e-06,0.962851877650013,0.0353561870804283,0.00178918429229864,7.97496217771344e-08,2
"20692",0.016821212164183,1.25745992254493e-08,2.12757528388806e-07,0.00103800477687293,0.982140557726816,5
"20694",0.000251664190904083,2.06605778320804e-06,2.22577628489147e-05,0.982823283007787,0.0169007289806765,4
"20696",0.000825108566234288,2.37168585081843e-05,0.000643453194233317,0.992790167977108,0.00571755340391625,4
"20698",2.58376076610723e-05,0.0100431065303171,0.88726032324616,0.0932674493529412,0.00940328326292102,3
"20700",0.000417499842572461,0.000400083500129883,0.995066986172932,0.00118714485510133,0.00292828562926434,3
"20702",3.33969604687187e-07,0.907361846908782,0.092484723248242,0.000153061111672077,3.47616993991013e-08,2
"20704",8.10605681639553e-05,0.000423712451669283,0.806542978625318,0.192915716420074,3.65319347743426e-05,3
"20706",0.390609686589914,0.00465786191967851,0.166065679633816,0.42934502792389,0.00932174393270145,4
"20708",0.933679489964244,1.38666475509209e-07,9.80772277397516e-06,0.0658125577356955,0.000498005910811201,1
"20710",1.14064154679646e-06,0.407929341613678,0.531535250968302,0.0605326819059466,1.58487052702517e-06,3
"20714",5.79574006048889e-05,6.07117053401759e-08,2.22579931700528e-05,0.0112383273606519,0.988681396533868,5
"20716",0.000134588203323022,0.000131169707243306,0.9925619947156,0.00717179201483953,4.55358994137951e-07,3
"20719",0.852260502869436,9.27827071900038e-05,0.105284928500597,0.0423296286611944,3.21572615823974e-05,1
"20721",1.4115612636011e-07,8.48013740336219e-05,0.999907324152595,6.40046823481843e-06,1.33284901028477e-06,3
"20723",0.852346957538972,0.00128152003835393,0.12936223256484,0.0168679116049479,0.000141378252886239,1
"20725",3.19368853039213e-05,0.000126401887159256,0.00161451833296845,0.998124843624666,0.000102299269902317,4
"20727",0.000532871341506978,0.000108758380727528,3.34753995273214e-06,0.00519783149638105,0.994157191241432,5
"20729",0.0203798227349827,3.64387245126143e-06,5.01750093090061e-05,0.979360531013133,0.000205827370123709,4
"20731",0.000184397161441712,0.000117338229078761,0.000455101348954479,0.999229740509542,1.34227509833779e-05,4
"20733",0.000242825516648997,0.00420491099489546,0.869725175043473,0.125813615117785,1.34733271977906e-05,3
"20735",0.00010724244995027,0.0157345390058653,0.339753981903831,0.644396459168373,7.77747197972293e-06,4
"20737",0.193007549866005,3.87968342577225e-07,4.63662631697591e-05,0.764899583038457,0.0420461128640254,4
"20739",4.75438684300306e-05,4.29249172971349e-08,1.65471225606485e-07,0.000509991207209894,0.999442256528217,5
"20741",5.93595406892945e-06,5.68052567027425e-05,0.00550229546258126,0.961696031275426,0.0327389320512209,4
"20743",0.0157360536740808,5.39063947694029e-05,0.00525767692547661,0.978692801599271,0.000259561406402256,4
"20745",5.53047979047522e-06,0.000263029214799473,0.999637828377857,9.16224839706003e-05,1.98944358290078e-06,3
"20747",0.0212649492083059,4.25880147271686e-06,5.70760540296801e-05,0.978507625982419,0.000166089953772669,4
"20749",0.00926811636425546,4.59707865535671e-06,2.50702492686527e-05,0.990291989046019,0.000410227261802142,4
"20751",0.000132766570268058,0.00206591308789403,2.27839518717988e-05,0.997340004818879,0.000438531571087458,4
"20753",0.00322162338027006,4.44894526678737e-06,9.23977290340947e-05,0.99648599342991,0.000195536515518966,4
"20755",0.999157102677445,1.0222305752856e-08,7.69028419828882e-07,0.000784100302518281,5.80177693110407e-05,1
"20757",0.986888987071431,6.84576380398387e-07,0.00405378918949821,0.00184804485259572,0.00720849431009422,1
"20759",5.82812370805897e-05,2.69024619102835e-05,0.999620728869242,0.000127240397222691,0.000166847034544711,3
"20761",4.34016295379075e-05,6.73960963512487e-05,0.0219791191850482,0.976462001277787,0.00144808181127564,4
"20763",0.000164364368636056,0.00085331380129882,0.0639270325338686,0.92896982861735,0.00608546067884675,4
"20765",5.07121457984003e-06,4.72652900356676e-05,0.00202881941130515,0.994669556582279,0.0032492875018005,4
"20767",0.0102314225255453,0.000380003940874145,0.952074864749593,0.0373119617707835,1.74701320352422e-06,3
"20769",0.00588612177217118,0.706414727056117,0.254753841026428,0.0329452391976718,7.09476123412298e-08,2
"20771",0.00514684907538174,9.3820582238359e-06,0.0966467472676615,0.703099734101279,0.195097287497454,4
"20773",0.999802553515791,2.87615537522473e-07,2.3600626696908e-05,0.000167341489006619,6.2167529675878e-06,1
"20775",0.000610339335724456,0.000185246455886606,0.00153807028075862,0.997599495933249,6.68479943818258e-05,4
"20777",0.000288437965476692,0.334733353886612,0.023645023474459,0.640915568231421,0.000417616442031351,4
"20779",0.000200612095157328,5.65552240931172e-05,0.000808112007347721,0.99891708637462,1.76342987821589e-05,4
"20781",0.00589331530752444,0.968493003111113,1.18841334207496e-05,0.00544765889907085,0.0201541385488707,2
"20783",0.00212672339635445,1.44063946328372e-05,0.0195495341973216,0.975600145695474,0.00270919031621752,4
"20785",0.999005545020553,7.13458840171079e-08,2.40197812491498e-06,0.00015457606595582,0.000837405589482621,1
"20787",0.0118896855272852,3.47955092610915e-07,0.000258933028472259,0.970408621910875,0.0174424115782747,4
"20789",0.0068704208309166,0.00102063162103161,0.383182503684323,0.608916009941781,1.043392194822e-05,4
"20791",0.000799170875465612,9.4431654781253e-07,9.94477322960724e-06,0.945055471453318,0.0541344685814384,4
"20793",0.00149041070481139,0.000722432951937359,0.294963913330599,0.702818466249794,4.77676285819648e-06,4
"20795",0.000567832112007263,2.39557654059938e-06,0.000183841682435773,0.823070708284286,0.17617522234473,4
"20797",9.47281694829826e-06,0.00230708132073738,5.61320449369844e-07,0.00124839775826923,0.996434486783596,5
"20800",1.46089150966758e-05,2.23847820085792e-05,9.40196959328044e-05,0.997741508259149,0.00212747834781316,4
"20802",2.35232400923342e-05,4.54632196506174e-05,0.00619920840284538,0.992204045938496,0.00152775919891583,4
"20804",0.116552347727186,6.25975237901217e-07,3.0822280780332e-05,0.880229079801301,0.00318712421549484,4
"20806",0.001138884221453,6.96034034390328e-07,8.30552602497544e-06,0.735524834732325,0.263327279486162,4
"20808",0.000285706792731736,5.58695561574533e-05,0.986206355712637,0.0134519226035219,1.45334952309238e-07,3
"20810",0.00156336955254817,1.92500921157842e-05,0.000846482766493794,0.557236597145229,0.440334300443613,4
"20812",5.04021102806695e-06,0.00488134264978453,0.00325349610620576,0.986820369503612,0.00503975152937001,4
"20814",0.686037723012371,9.68720051032812e-08,2.97658501332197e-06,0.130141679276268,0.183817524254342,1
"20816",0.883368611867478,0.00168015299176457,0.111655693657404,0.00329523674307511,3.04740277887922e-07,1
"20818",0.000121379106241457,0.000112918017596744,0.00675135257764679,0.990431080459748,0.002583269838767,4
"20820",1.03839077668311e-05,1.31102747399747e-07,2.66117862373476e-07,0.000165088734548068,0.999824130137075,5
"20822",1.9684817700593e-05,1.54866660404856e-05,0.00345977954068448,0.995383760289614,0.00112128868595997,4
"20824",0.999760135606085,3.08863409694441e-08,7.03780168549104e-07,7.79499748671228e-05,0.000161179752537811,1
"20826",1.47344054398219e-06,4.82824166898107e-07,1.67587556124061e-06,0.00458347137964893,0.995412896480079,5
"20828",7.96484022555258e-07,2.2567393650715e-07,4.93745298300308e-07,6.32695154130416e-05,0.99993521458133,5
"20830",0.0131761699967374,6.9492619236026e-06,4.28303386889156e-05,0.986356431558852,0.000417618843798179,4
"20832",0.000196083721921055,0.000225176053696146,0.334806497277492,0.619981579563557,0.0447906633833345,4
