"","V1","V2","V3","V4","V5","V6","best$classification"
"19811",2.97122793902358e-05,0.00216706333670082,0.0513751002794398,1.31747634380003e-07,0.945370863557013,0.00105712879982168,5
"19813",8.41558490745517e-07,2.25198183992809e-06,0.999961151896438,1.72138314671268e-09,3.56343519762101e-05,1.18489871859969e-07,3
"19815",0.00113078821891026,0.0188796228487051,2.94362691151996e-06,0.000311829734404146,0.979660858654517,1.39569165523321e-05,5
"19817",9.77834106645615e-05,0.0032178152801416,9.80040142421255e-06,5.96071701155154e-06,0.996085305159386,0.00058333503137223,5
"19819",0.799010856862177,3.40183669892116e-05,6.68137310277189e-10,0.200915287960489,3.94462755188179e-05,3.89866688680538e-07,1
"19821",0.00107033462306012,0.000723098235778376,0.0164849746848,2.31354959103249e-07,0.957039103562852,0.0246822575385508,5
"19823",0.000345976485693948,0.000755051251012079,5.8309891824598e-06,0.0379811970404826,0.960703648837707,0.000208295395921522,5
"19825",0.102471656877168,0.00615298918378726,0.00472114830327549,0.00032260108976256,0.00226901483195958,0.884062589714047,6
"19827",0.000309250442417537,6.3445789922017e-05,9.32549701696656e-07,5.83959311070044e-05,0.65041263867678,0.349155336610072,5
"19829",0.989910736911388,0.000371454367212932,4.48779739522524e-06,7.69739082917647e-05,0.00203174241991969,0.00760460459579203,1
"19831",0.844193005396927,8.97107137961608e-05,1.18770994648244e-06,0.155463384798618,0.00025221576085495,4.95619857179534e-07,1
"19833",1.79331957795891e-05,0.00307439267629281,4.96059884588516e-06,0.996874846235855,1.64741906454403e-06,2.62198741623722e-05,4
"19835",0.00107033462306012,0.000723098235778376,0.0164849746848,2.31354959103249e-07,0.957039103562852,0.0246822575385508,5
"19837",0.00067758396147134,8.45820080429545e-05,4.69057346912081e-06,4.91138094924182e-06,0.974514355906576,0.0247138761694916,5
"19839",0.965521507232279,0.00156859063940948,0.00175092008935383,2.38457901512425e-05,0.00421025267638303,0.0269248835724235,1
"19841",1.30586722728946e-05,1.20034989462302e-07,5.67531631861049e-05,2.07063500182797e-08,1.64679113935141e-05,0.999913579511808,6
"19843",0.973500769455468,0.00613360194735472,0.02025789277919,7.97370738000922e-05,2.79473806081963e-05,5.13635788749865e-08,1
"19845",2.47961720843272e-06,0.000261937557224733,0.940929268959617,5.95170920380993e-08,0.0587860248486182,2.02295002395906e-05,3
"19847",0.00476487461827931,0.0207315831005007,0.0084602346708276,5.27143572389079e-05,0.965972379991717,1.82132614365302e-05,5
"19849",8.8459585875525e-08,4.71119826596313e-07,0.999930867757757,5.65775842790284e-10,6.83049862126579e-05,2.67110842254496e-07,3
"19851",3.23428022208685e-05,0.00114021694266109,2.9602193030241e-05,7.73097861737534e-06,0.998749721421689,4.03856617817638e-05,5
"19853",7.24686702280048e-07,0.000251437718227868,0.0231970322989966,4.23294020611252e-05,0.975958795924839,0.000549679969172871,5
"19855",3.61734547506682e-06,0.00027594190866244,0.001178183528972,1.7389805287557e-06,0.995020298710555,0.00352021952580665,5
"19857",0.00805574613915588,0.0095573140634465,0.0157090543156768,9.87513926748912e-07,0.948104927277391,0.0185719706904027,5
"19859",0.00080236116397436,0.00241369563569064,1.83996584614751e-05,5.04007218316371e-05,0.98675610089599,0.00995904192405204,5
"19861",2.78011376650716e-05,0.000846599114672975,0.154973690044212,5.71112897024772e-07,0.844098478972328,5.28596182243378e-05,5
"19863",9.72832073544164e-08,1.05202244923106e-06,0.990575482482918,7.58231736438922e-10,3.06997818130306e-05,0.00939266767138016,3
"19865",2.67580419869798e-06,7.05339300802654e-06,1.94667406757151e-06,1.85343729180151e-08,0.0024942747163424,0.99749403087801,6
"19867",0.000689744454645239,0.0120058423472838,0.00861251870448209,1.51808147318605e-05,0.97867278659746,3.92708139714521e-06,5
"19869",1.70208482157558e-07,2.96793102660845e-06,0.993197647707673,1.40349246277728e-09,0.00673158295786119,6.76297914642017e-05,3
"19871",0.00218354385446548,0.000831631450816993,2.86420765760528e-06,5.15098219613081e-05,0.964649993820754,0.0322804568443447,5
"19874",1.31683635985638e-05,0.000578174552028256,9.21895569236065e-06,3.97651712349568e-06,0.226450826359399,0.772944635252159,6
"19876",2.54977210034309e-06,3.52467396569346e-05,0.000484995682864042,1.07397126454078e-07,0.743661673096875,0.255815427311377,5
"19878",0.00377269437239672,0.995474578918745,7.923803765704e-06,5.38528891321703e-05,0.000686943024547428,4.00699141272382e-06,2
"19880",9.37257681614423e-08,2.17012757467455e-07,1.81526053823309e-05,3.96817609963696e-09,0.0015827851084117,0.998398747579504,6
"19882",2.10326866107289e-05,0.0143259811364605,0.300332034598542,1.39182316745902e-06,0.683734526481762,0.00158503327345734,5
"19885",0.00457723476713546,0.00599805807783455,1.16202300863154e-05,4.15525792409041e-06,0.988897691383418,0.000511240283601783,5
"19907",0.000230759686976764,0.0172559242685571,0.0837163319686117,3.18477039114929e-06,0.898767922584916,2.58767205469862e-05,5
"19909",0.990306150435575,5.37048941249015e-05,0.000163412538061403,2.95965599143011e-05,0.00944121648626037,5.9190860639982e-06,1
"19911",0.953283889055563,0.000524181748151805,2.52394102881054e-05,0.000775423139753499,0.0254976446714099,0.0198936219748332,1
"19913",3.31325648506238e-07,6.35885825987151e-08,6.15222163098199e-07,2.79348490154264e-08,2.14381386846544e-05,0.999977523790072,6
"19915",1.40982690310145e-05,0.000203212198912575,4.21310185209733e-06,2.97595687884693e-06,0.634874717450704,0.364900783022621,5
"19917",3.90360959382273e-05,4.70676695582704e-05,4.17460175993474e-06,6.26181071897804e-07,0.0148921493287025,0.985016946122969,6
"19919",0.000229610374180953,0.00409875115223146,2.50824705758168e-06,1.7860154706449e-05,0.875953108768815,0.119698161303008,5
"19921",0.000169879095278578,0.00562467747192713,0.000311808929689217,4.39845134096207e-06,0.993877859303297,1.13767484674526e-05,5
"19923",0.00211856386986432,0.976441860942502,3.24670607982352e-05,0.000853478625885019,0.020553378150789,2.51350161057422e-07,2
"19925",1.08532810056971e-05,0.000143441786540755,1.59388613097903e-06,9.2009385655556e-07,0.068206541990685,0.931636648961781,6
"19927",3.43411841642723e-05,0.000306045878586825,3.36768052064115e-05,3.33947201979857e-06,0.999453560431925,0.000169036228097872,5
"19929",2.69475398579742e-07,2.93320260092034e-07,0.417130890864416,1.29002159557141e-09,0.000183940440389292,0.582684604609515,6
"19931",0.000479715234342009,0.000807389528830416,1.40559239348841e-06,3.34818350345312e-05,0.99797438803411,0.000703619775289579,5
"19933",0.660990380052676,0.000397243209935884,8.80060968014403e-07,0.000796724730646108,0.336899751278026,0.00091502066774787,1
"19935",0.0757582863031587,0.0155255286864555,0.00087111494525847,4.82932666105341e-06,0.906331942152558,0.0015082985859083,5
"19937",0.000185661818747644,0.00303674712750626,4.06052386916726e-06,0.000102808548499973,0.996654468279929,1.62537014481452e-05,5
"19939",0.000435792610401081,0.222968036699094,9.37807514058954e-06,3.43532411520064e-05,0.775143513012231,0.0014089263619812,5
"19941",0.945844649844662,2.13435932610765e-05,0.00027969680122181,5.02061736458778e-05,0.00745811156179291,0.0463459920254168,1
"19943",8.08664114243494e-07,1.87127362050733e-06,1.96531257460645e-07,1.98188632033212e-07,0.000939072521275502,0.9990578528211,6
"19945",0.903814526329767,0.006031606867438,3.97151513398258e-07,0.00195865624687988,0.0881549216236977,3.98917807038565e-05,1
"19947",0.110992047636403,0.000668721029449588,0.0250552618701861,0.000114734940120481,0.0194433917563274,0.843725842767514,6
"19949",0.0301336381303094,0.906614665540365,1.33677224384737e-06,0.00271241887277147,0.0605361435472579,1.79713705253592e-06,2
"19951",0.00101384178871973,0.0431441593495033,1.60967695728677e-05,1.3972464445341e-05,0.259162429723882,0.696649499903876,6
"19953",0.114067859422811,0.00141554580611971,6.2655677313458e-08,0.883650952495812,0.000865538047819508,4.15717603529084e-08,4
"19955",0.709333418764999,0.253657599371348,1.96898318594865e-05,0.0348721292481173,0.00211470920243698,2.45358123931364e-06,1
"19957",0.000877481123585381,0.000308021572764596,3.43903526244716e-05,0.000958090705063787,0.132454527291599,0.865367488954363,6
"19960",0.992322670878131,0.00587981071707019,4.38273123703131e-05,6.31210729765044e-05,0.00141520718484132,0.000275362834610455,1
"19963",0.000277958600109673,6.06329346298669e-06,7.32641261647594e-05,0.0552831759198261,0.000500396028371606,0.943859142032065,6
"19965",0.880713937244795,0.118848022109952,6.21121287280402e-05,0.000258728771146105,0.000117175934645122,2.38107342526001e-08,1
"19968",0.00147374427838515,6.04545458271615e-05,0.194748783249375,6.35088719716951e-09,0.0143595306974125,0.789357480878113,6
"19971",0.000624326444751826,4.06264764487468e-05,6.2479694824442e-07,0.0019013887324913,1.91502741969031e-05,0.997413883275163,6
"19973",8.92723609359993e-05,0.000607164620711523,4.83727795086676e-05,3.1828433286489e-07,0.99548817681735,0.00376669513716112,5
"19975",3.04636400029296e-05,5.61256306583172e-05,3.78248072726656e-05,2.51247605761677e-08,0.0293265861519637,0.970548974645342,6
"19977",5.12599002513613e-05,0.00100416896680727,0.000147550510561573,3.44727502343937e-05,0.000664947716273481,0.998097600155872,6
"19979",0.999705084719273,8.33436740293362e-06,5.10185154236533e-10,0.00028440949505431,1.48310888879871e-06,6.87799195636799e-07,1
"19981",0.0119780507355869,0.000963984913989064,0.000906851261007604,1.04340737530816e-05,0.985748043151189,0.000392635864473983,5
"19983",0.0194405181142377,0.287790155454028,0.000710796033408213,6.2499743839751e-05,0.691962101271181,3.39293833055137e-05,5
"19985",3.00663355278111e-06,0.000151693192410323,5.72117465516364e-05,1.65640055150192e-07,0.207134781629909,0.792653141157521,6
"19987",0.0359588234603155,0.000280998086916212,6.32182908330561e-06,5.80511396756606e-05,0.930093572685463,0.0336022327985464,5
"19989",0.99589884910142,0.000119421104128259,1.35918755046444e-09,0.00396203262319823,1.9692292937479e-05,3.51912821185845e-09,1
"19993",0.165160633044199,0.541804612126524,1.27155490008758e-06,0.000369358723826673,0.275377918688438,0.0172862058621133,2
"19995",0.76278516178891,0.0330969502161887,9.37220800860401e-06,0.000225960701539215,0.19813416235037,0.00574839273498394,1
"19997",2.67459953916922e-05,0.000389503110075492,5.26032641680147e-05,1.38015527843795e-06,0.992782144706675,0.00674762276841082,5
"19999",4.24232837925205e-06,7.41869441144398e-05,0.00124606695804048,7.98674946921812e-08,0.960589437929345,0.0380859859726257,5
"20002",0.00022624612583641,9.48514529355181e-07,0.522267138808333,1.34356992497611e-06,0.000485084928709473,0.477019238052667,3
"20004",0.880151333249989,4.29190233617341e-05,0.000352434097215713,4.31679329598479e-05,0.114708298938393,0.00470184675808059,1
"20006",0.529590170356906,0.459002442837544,0.00208694030359707,0.00164958355414745,0.00697207562038605,0.000698787327419503,1
"20008",0.179746175787329,0.812864823516327,8.21645403575208e-05,0.00299782729879167,0.00420659569070243,0.000102413166492236,2
"20010",0.639263595368136,0.317688459116014,2.53758747368784e-08,0.0272078552799283,0.0158364985855215,3.56627452479875e-06,1
"20012",4.01551003906517e-05,0.00314667800258392,0.0111546961938591,1.26997085934284e-07,0.16369960114587,0.82195874256021,6
"20015",0.997706529720772,0.00227983871609286,7.38160074676504e-07,3.28963922519127e-06,9.56992256321847e-06,3.38412721045886e-08,1
"20017",1.60456064678622e-05,0.000107686899479895,0.00292266687405766,1.29612982245711e-07,0.980599988151166,0.0163534828558462,5
"20019",0.996776942453843,0.000505889372850316,2.14297291877681e-10,0.00271694317303102,2.18956427992307e-07,5.82955077285452e-09,1
"20022",0.989128262532648,0.0059787753281852,2.62161210924529e-08,0.00136034441274704,0.0035312879340003,1.30357629812199e-06,1
"20024",0.394125060300645,0.000442748642832717,1.29828350835936e-07,0.605424710491421,7.30563221740209e-06,4.51045335772249e-08,4
"20026",0.394125060300645,0.000442748642832717,1.29828350835936e-07,0.605424710491421,7.30563221740209e-06,4.51045335772249e-08,4
"20028",5.72821024688258e-06,2.48496370303151e-05,0.000172934775135291,4.65704301243678e-07,0.903028402599237,0.0967676190740496,5
"20030",0.999839976188838,6.72127096328443e-06,4.24448348895955e-06,5.65552880018811e-06,7.35248687324777e-05,6.98776591768528e-05,1
"20033",0.00088192453738659,0.000214675038556139,3.8611066684837e-05,2.86179028635372e-06,0.83034309529146,0.168518832275626,5
"20035",0.995029089130512,0.000910167894586516,5.60911586022989e-10,0.00406004409274386,6.91497394882899e-07,6.82385093433046e-09,1
"20037",0.997962686955497,0.00164861319179456,1.73202960519269e-08,0.000387873957783744,8.08369967943214e-07,2.0466041353864e-10,1
"20039",0.000141899424823753,5.82946618027834e-05,1.23527783860713e-10,0.999799722107012,8.36329682393177e-08,4.98654420258788e-11,4
"20041",0.00767078083713529,0.976570842816281,6.58672708909308e-06,0.00126027625595145,0.0144474604680797,4.40528954639544e-05,2
"20044",0.0526554269793786,0.867470879696484,3.15628545527207e-05,0.00919070117830483,0.0684356308505554,0.00221579844072398,2
"20047",0.992184458227098,2.20146926719495e-05,1.37779391037288e-10,0.00779336908171427,8.91869180089458e-08,6.86738184438671e-08,1
"20050",0.0682661084479403,0.440852270441636,1.77419855750898e-09,0.485022919662644,0.00583262366362125,2.60760099599576e-05,4
"20052",0.0120877828830549,0.0139956800920713,5.97657685186628e-07,0.000751071488173112,0.947423456168121,0.0257414117108942,5
"20054",0.999548025985245,0.000203160348085867,1.45931499453189e-05,1.31863318787673e-06,0.00022916942981788,3.73245371874301e-06,1
"20056",0.000120192597177226,2.61371378527413e-06,5.93028479775155e-07,1.84229018448479e-06,0.00200458318096283,0.99787017518941,6
"20058",0.998580680574783,0.000283163938142787,1.62388379881584e-08,0.00112170367012221,1.44347235867718e-05,8.54527272108534e-10,1
"20060",0.000567836064082645,0.00141664510999037,1.91069571688e-05,1.06220788968436e-05,0.997730161908899,0.000255627880962231,5
"20062",0.00569795350209517,0.178805360608319,3.28302687247724e-05,1.83157545521248e-05,0.815310267081628,0.000135272784681013,5
"20064",0.97686632718722,0.000355550089615287,1.82909373473083e-07,7.72454537553208e-05,0.0225250016803396,0.000175692679695931,1
"20066",0.999966821673898,4.02202896241204e-06,5.94994709261095e-07,1.64348720753007e-05,5.11257681006991e-06,7.01385354524964e-06,1
"20068",5.44758486817746e-05,0.0115713046435524,0.00147507030178283,1.36322600246978e-06,0.986831145091783,6.66408881970668e-05,5
"20070",8.71711882676654e-05,0.0158098348013302,7.92606793015383e-05,0.000199445151039058,0.983789414606236,3.48735738252305e-05,5
"20072",0.982117661133705,0.0134831387764142,0.00409043483350339,2.83357234139633e-05,0.000280405443393923,2.40895692443986e-08,1
"20074",6.05630752446076e-08,2.5283612678797e-07,0.00040883066385122,2.65344488793076e-09,4.53036906231627e-05,0.999545549592879,6
"20076",0.00994219834121617,0.000470346516220067,0.290206651880847,1.13756003870337e-07,0.0469185355383184,0.652462153967394,6
"20078",0.962551237324683,0.00305020703449013,9.99854408450657e-07,0.00247754183831778,0.0318071454309957,0.00011286851710453,1
"20080",0.998700318384372,0.000228273275175843,7.08653111457178e-11,0.00106954738066935,1.84261635018519e-06,1.82725676533766e-08,1
"20082",0.00306924616306943,9.97918473728771e-06,2.08768463307422e-11,0.996915203019333,5.53819559263514e-06,3.34163908850789e-08,4
"20084",0.947612809276366,0.00045318311964146,3.02234724934438e-07,0.0127994004601938,0.0117881594350973,0.0273461454739768,1
"20087",0.92883840985589,0.0533608915553832,3.8416178006847e-05,0.000599048144263422,0.0171626335656567,6.00700799854279e-07,1
"20090",0.917615562555658,0.0563474416753492,2.48244044233433e-10,0.0260125398389754,2.42939457844069e-05,1.61735988671055e-07,1
"20092",0.0152866852026008,0.292863815060794,0.000777759060177848,0.641285433698394,0.0497861994094659,1.07568567258959e-07,4
"20096",0.00737879582477266,0.0730072179760109,1.17881452684743e-05,0.369862003407801,0.541762842148024,0.0079773524981229,5
"20098",0.000215193839614227,0.000380196743079496,5.57682447268592e-06,6.01278527585942e-06,0.832457138057435,0.166935881750123,5
"20101",0.998161723916025,0.000334468120904607,2.16140439105047e-09,0.00131521956932038,8.1855079950503e-05,0.000106731152395413,1
"20104",0.000109216515666929,0.00312753802869293,0.429686701662838,0.0459671648248839,0.519713731041953,0.00139564792596476,5
"20106",0.994775118103668,0.00457047358071381,7.69269627905266e-09,5.680965535959e-05,0.0005486760712498,4.89148963122501e-05,1
"20108",0.000323865195793695,2.82293394232369e-05,0.000164197745759134,8.23212792323587e-07,0.987587140553343,0.0118957439528883,5
"20110",0.00409411098124916,0.347196960464467,3.84046627217392e-07,0.151695050333391,0.371850769908274,0.125162724265991,5
"20112",0.713551861071207,0.263692879927993,3.47416456650811e-08,0.0123279436908811,0.0104025188405711,2.47617277020751e-05,1
"20114",0.859213754881469,5.87722443790125e-05,2.26950895701698e-06,0.00166498948051162,0.0705259446699722,0.0685342692147112,1
"20116",0.978835284833081,9.78898618245306e-05,3.59363098364948e-05,6.5373625066477e-06,0.00476045497093878,0.016263896661812,1
"20118",0.05474934753278,0.000561730383769939,2.84927053153757e-06,0.000209396149026203,0.885261695198072,0.0592149814658199,5
"20120",0.960046524573913,0.00561117713082978,1.93992550230493e-09,0.0277631857714999,0.00581105664753982,0.000768053936291537,1
"20122",4.35548826546892e-06,7.14833354357808e-07,1.47939822997774e-05,1.70508499460666e-08,0.00154218375043794,0.998437934894792,6
"20124",0.996604898799412,0.00100843842387071,1.19986069274857e-07,0.0023775946362366,8.94626570433414e-06,1.88870662733393e-09,1
"20126",0.00462747658949572,7.3606003416288e-05,8.66933031609795e-08,0.99529728430834,1.43191681500993e-06,1.14488629398045e-07,4
"20128",0.146450891575163,0.000194293081893609,1.25970099721007e-09,0.853354791200475,2.17846319353491e-08,1.09813623470005e-09,4
"20141",5.99859257780995e-05,0.000178154288477319,0.000103677426610274,0.0144816718743832,0.92769217778115,0.0574843327036018,5
"20143",6.46205573218722e-08,3.20640635117261e-08,8.0955880452866e-06,3.78231926788551e-09,2.62750778896849e-05,0.999965528867125,6
"20145",0.983093709260003,0.00585691712981458,1.82842903109198e-09,0.00420800625634296,0.00683584002457308,5.52550083735815e-06,1
"20147",0.99829485792163,0.00047800510883634,1.64980260869824e-08,0.000113359446998834,0.00110998816949648,3.77285501257513e-06,1
"20149",4.64370686110458e-07,1.02766362826227e-06,8.28427327024529e-06,3.09845589100364e-08,0.00131500780736117,0.998675184900495,6
"20151",0.000265730880971654,0.000501820964124,4.66402662692896e-06,2.64081794231509e-06,0.93860248596392,0.0606226573464148,5
"20153",0.00114981699266893,0.00307734511236597,7.21085391862466e-08,0.00716957539542104,0.420594189998033,0.568009000392972,6
"20155",0.961024385811571,0.038708802945308,5.35940769141882e-08,0.000148579427790548,0.000117813167379411,3.65053874034634e-07,1
"20157",0.000122207725857309,6.47057663990706e-05,4.2379400521493e-06,8.13603118898876e-06,0.528036078154054,0.471764634382449,5
"20160",1.44855576553694e-07,4.44324708222419e-08,1.26811121008831e-06,9.90523416132727e-09,4.43342582660507e-05,0.999954198437242,6
"20162",1.90356861091995e-07,5.23700077210509e-07,9.61401393286894e-06,1.05484180577035e-08,0.00417885261978131,0.99581080876093,6
"20164",7.72349743403351e-05,0.00101174715038386,3.80665803694157e-06,1.26481121084244e-05,0.0558211687576538,0.943073394347477,6
"20166",0.998947564369703,8.38786364307895e-05,0.000136406078781127,5.07486395190252e-06,5.8932697404584e-05,0.000768143353728393,1
"20168",0.00283661503469312,1.79803149942891e-05,0.99627420286075,3.21027344354896e-07,1.84841854485396e-05,0.000852396576770363,3
"20170",0.000165185893622263,0.000180353662347372,2.18824942181777e-06,2.47025996870938e-05,0.768823352839841,0.23080421675508,5
"20172",0.995042915033459,0.00190833124938664,2.9420439339465e-08,0.00111895795855034,0.00192973703683926,2.93013255547902e-08,1
"20174",5.94404035415261e-06,4.91358669488112e-05,0.190474333790697,2.34428991518594e-08,0.598738047691203,0.210732515167898,5
"20176",0.0001411908185603,1.85345702320311e-05,0.999772613364055,1.7025379945633e-08,6.22892647006399e-05,5.35495707131007e-06,3
"20178",1.60346775160474e-07,5.59442267524384e-08,5.99562686258072e-07,2.04880800518531e-08,2.39423377891558e-05,0.999975221320443,6
"20181",0.996923025005666,1.27702641957174e-05,9.04326526076666e-07,7.62899274036107e-06,9.11756854449134e-05,0.0029644957254273,1
"20183",0.00282075550357802,0.00428693170969844,4.53662516475696e-06,0.000592746219755201,0.992287114881705,7.91506009838633e-06,5
"20186",0.0219030744670865,0.0981890735638017,0.00466443530710374,0.00355902885630956,0.871684125799712,2.62005986122787e-07,5
"20188",1.58643085113185e-07,2.1571176098578e-07,8.84039092030941e-07,2.21805752020254e-08,0.000291767563601334,0.999706951861885,6
"20190",0.999816455337413,0.000146578469107467,2.13869238515898e-08,1.58068096819167e-05,2.09063138314e-05,2.31683042573107e-07,1
"20193",0.00145944457736702,0.000284114879502904,0.0230225512989555,7.89204951172411e-07,0.000205297756812642,0.975027802282411,6
"20195",0.00128759706904497,0.00377339077388783,3.96941902825031e-06,1.45354433117054e-05,0.215713257061471,0.779207250233257,6
"20197",0.981647030083253,0.0168219940754128,7.75876909596413e-08,0.000386126136758481,0.00114470827660597,6.3840278421335e-08,1
"20199",3.71436749583794e-06,7.01385844038399e-05,1.81267939287332e-06,3.2208775342229e-06,0.0815584098931471,0.918362703598026,6
"20205",0.000121779393687435,0.000877156418862548,1.44072551674011e-10,0.998988911529624,1.21488262387162e-05,3.68751467992768e-09,4
"20208",0.00141749691955173,0.0023468864096153,3.8950136152324e-05,5.59833918922662e-06,0.984681443948827,0.0115096242466644,5
"20210",7.48699475905474e-07,2.49829066620771e-06,4.20755831393695e-06,5.31400815002847e-08,0.0145989614286976,0.985393530882765,6
"20212",0.000112523479337852,0.000305981515181112,7.29181879184925e-06,2.84069333125986e-06,0.152577380221618,0.84699398227174,6
"20216",0.998240439514529,0.000139580663055873,2.26918161613329e-07,5.01248812456387e-05,0.00152942258216534,4.0205440842058e-05,1
"20219",0.317062882757933,0.0110716825023321,4.50794198586546e-09,0.665553575522959,0.00625815247982514,5.37022290079681e-05,4
"20223",0.989669657449825,0.00847302139046542,0.00158252295786772,0.00027169462304245,3.10268653180605e-06,8.92267955389094e-10,1
"20226",0.0040345179880904,0.941797773957505,2.55095868164176e-07,0.000305888029140083,0.0536516803009752,0.000209884628421586,2
"20230",0.999838199735876,6.83508294438825e-05,1.60173264496788e-08,8.57754435897936e-05,7.63160305772872e-06,2.63707064283412e-08,1
"20233",1.99105497198193e-06,0.000328039485592752,9.05178699490907e-07,0.997108526142517,0.00253601070198343,2.45274362354135e-05,4
"20235",0.831659935671586,0.133845552497372,0.000143890220997433,0.0342292772444308,0.000121339340429568,5.02518392440172e-09,1
"20239",0.794627307346183,0.197151096810676,0.00253547570031887,0.000500290272625458,0.00518460976093733,1.22010925915986e-06,1
"20254",0.00343888991673338,4.73434847423446e-05,3.63051344499296e-12,0.996512832637445,9.31272834266263e-07,2.68461479152427e-09,4
"20256",0.999402894947113,0.000305436323811087,2.68696328270413e-07,0.000259736417066241,3.1660348436199e-05,3.26724560434582e-09,1
"20262",8.25140687223399e-05,6.37751875521213e-05,2.98229200956406e-06,2.14096351504323e-06,0.423593455072402,0.576255132415799,6
"20270",0.980062852784903,0.000380931399848766,0.00209345726727683,1.96795586891713e-05,0.0140425360877617,0.00340054290152046,1
"20284",0.00935440273904206,0.0447543956108969,4.88386484075304e-07,0.340508692799791,0.605359156531369,2.28639324162683e-05,5
"20287",0.997156136807174,0.00270908494482942,8.75664665568613e-08,0.000134381075568239,3.08755549597257e-07,8.50412395633339e-10,1
"20290",0.00165141492122421,0.0042319643305338,4.05340074950601e-10,0.991684376350563,0.00241083521630988,2.14087760288688e-05,4
"20293",0.953497716550649,0.000665686174737104,9.06780632009833e-07,0.00211217738628308,0.0437158177375589,7.69537014001151e-06,1
"20296",0.00800732089076117,0.000504978100793979,0.0180646171971513,8.33853813457038e-08,0.307437191224577,0.665985809201335,6
"20301",0.998316585443816,0.00117888765964593,3.27008360245476e-08,0.00049333585483337,3.22959366963192e-07,1.08353815016107e-05,1
"20304",0.00390574258546964,5.76633085822311e-06,7.24283417741972e-11,0.996073904825597,1.45310766535533e-05,5.51089927043726e-08,4
"20306",0.997409941501919,0.000236734487701783,2.0485080396334e-08,0.00234154417701471,1.17584503040471e-05,8.97979478092041e-10,1
"20309",0.50500415053504,0.170602574431765,1.81250776997165e-06,0.00401237598123144,0.320233552239373,0.000145534304820364,1
"20311",0.994488757178194,0.000611034814288021,1.23617546418872e-06,0.00081989954118068,0.00379761264283738,0.000281459648036,1
"20314",0.00175319647858071,0.000638628472885943,5.58725628357124e-07,3.23831932285193e-05,0.980959440918073,0.0166157922116036,5
"20318",1.38258397825646e-05,1.02388304493649e-07,9.18434584329893e-06,6.87555270699607e-08,0.000107762180646787,0.999869056489896,6
"20320",0.000913713715112468,0.496762034297548,1.96623727531949e-05,0.00161131085863287,0.498914886268736,0.00177839248721794,5
"20326",0.00240150546433129,0.00029520307244368,1.31162070041146e-06,8.06810089563943e-05,0.959683741311323,0.0375375575222451,5
"20328",0.000859568167386375,0.138907402496198,8.34421964402403e-06,0.0012606484956943,0.858952003046905,1.20335741730182e-05,5
"20330",0.154668395705545,0.84073051905129,7.91410246073012e-07,0.0042770476183581,0.000322541600502177,7.04614058438552e-07,2
"20336",0.0112723398195259,0.00213556553768345,1.13078426089921e-08,0.959122168321744,0.0274693260087884,5.89004415595141e-07,4
"20338",0.0146704448794448,0.0033124441076745,4.20985685964027e-09,0.980693838985373,0.00123761574373548,8.56520739150604e-05,4
"20340",0.999354553056979,0.000146922419344794,4.06911450158797e-08,0.00049617682785648,2.29009780016017e-06,1.69068753281388e-08,1
"20342",0.000409475380642264,0.0243471348483167,4.50650172710538e-05,0.974812779348641,0.00011741924811683,0.000268126157011748,4
"20344",0.997920075783529,0.000208206606413628,2.33147622081026e-07,0.000592238244557219,0.00127900903945286,2.37178425397553e-07,1
"20349",0.999790017225878,3.47920688231306e-05,1.06912594524843e-07,0.000155143683756773,1.9937987637041e-05,2.12131061145509e-09,1
"20351",0.92579316682783,0.00866824259014101,1.07199421454216e-06,0.0139510365233969,0.0511194583755985,0.000467023688818723,1
"20353",0.277907831783181,0.695587301543873,1.28581712288103e-08,0.0263099701762455,0.000194850414438078,3.32240908739562e-08,2
"20357",0.000721737348473127,0.00223955499215274,1.39384547533793e-10,0.99703331088897,5.39641042495122e-06,2.20594720639732e-10,4
"20360",0.00437030390802109,0.730006421561496,0.000237352738049834,0.265308481484012,7.68047461851025e-05,6.35562235400608e-07,2
"20364",0.710834091358922,0.253755969411078,3.59547158113948e-08,0.00258225664487299,0.0328176577764019,9.98885400920451e-06,1
"20366",0.000965169531037953,0.000660493955013114,9.17984729024014e-09,0.990922778808265,0.00744284609423762,8.70243159970916e-06,4
"20381",1.06721463580411e-06,6.40640623403462e-06,0.980170955724377,1.08949284081703e-07,0.00331896871180606,0.0165024929936628,3
"20391",0.188183906243718,0.524567016746008,0.240621827395087,0.0170991951605025,0.0295280181265332,3.63281509498615e-08,2
"20394",0.000124046266110694,0.0163126215491722,0.00261381139039698,1.61931856267175e-06,0.980042665475408,0.000905236000349499,5
"20396",7.3311545019343e-07,7.53134315389001e-05,0.794832973074596,1.00106907708807e-08,0.193531545872341,0.0115594244953829,3
"20409",0.618064390389161,0.000147766385254358,6.52537255711523e-06,0.000931463459485273,0.231031792708508,0.149818061685034,1
"20411",0.8484707045157,0.0241983343987866,9.39173206471255e-09,0.127089355590264,0.000241594145163271,1.95835459235645e-09,1
"20416",0.0241119204434469,0.000153159947157679,1.12840053186942e-10,0.975734896337631,2.31408289358301e-08,1.80955514685385e-11,4
"20418",6.53955019976782e-07,9.98570234660597e-06,0.809939618804835,5.24118437023923e-09,0.135707405652119,0.0543423306444957,3
"20420",2.5079004120411e-05,0.00131235520178146,1.16446648755305e-06,0.967163857922761,0.0312688356867693,0.000228707718079949,4
"20422",0.965110454432335,0.0341614096756676,4.32129348585423e-08,0.000314821780935154,0.000371072889042346,4.21980090846865e-05,1
"20424",0.873538663678071,0.0806306519839369,4.3503620961627e-09,0.0456637285296679,0.000166944907516398,6.55044611673921e-09,1
"20426",4.01086636462112e-06,4.93627097494423e-05,5.03701931746774e-10,0.999826801908874,1.00272829729377e-05,0.000109796728336851,4
"20428",0.841868517071329,0.115768570037602,0.00239497196058934,1.55096428365664e-05,0.0399418878411985,1.05434464445051e-05,1
"20431",0.0225787019378278,0.228480734132408,1.79563327774951e-06,0.00404857221724398,0.656144437307008,0.0887457587722346,5
"20433",0.999250049894637,0.000600623270158062,0.00013224242086242,1.56355870973551e-05,1.43955676505979e-06,9.27048053881014e-09,1
"20436",0.00760236082786186,6.01549193192918e-05,0.99229099486529,1.54825780409606e-07,3.84593720330384e-05,7.87518971516151e-06,3
"20439",3.41925547526774e-06,4.998511257843e-05,0.298995567950035,1.89319074305191e-08,0.49258473192691,0.208366276823094,5
"20441",0.000684293683729815,0.0153931409985485,4.27996593187733e-10,0.983857658414026,6.47511782640953e-05,1.55297435524615e-07,4
"20444",8.56448041349197e-08,7.91613304823869e-08,2.58277692549617e-06,5.99582140296646e-09,0.000164709355221093,0.999832537065897,6
"20448",0.00959472701473989,8.60315132220372e-05,0.00020121369189783,0.00101960317919882,0.852943701554863,0.136154723046078,5
"20536",0.000147961583999638,0.00476047633432825,0.800354503491628,3.37711017861742e-07,0.19472602675591,1.06941231154866e-05,3
"20538",0.213253681595964,0.000293921843999028,7.74901283745786e-06,0.7288558282652,0.0575875091234832,1.31015851633138e-06,4
"20541",0.923050282695592,0.00361152878738362,8.96312168570154e-11,0.0733332219110827,4.96193029077459e-06,4.58601920820197e-09,1
"20544",0.194760945027242,0.00209720305632933,3.15206878334925e-06,0.000697384573674914,0.799088730787644,0.00335258448632617,5
"20546",0.98439682538666,0.00805568027732249,8.72742296832684e-09,0.00671148001631125,0.000835997407813098,8.18446959997045e-09,1
"20550",0.00461746725515758,0.991050934718027,1.01418469985191e-06,0.000248910871701569,0.00399734858841162,8.43243820021393e-05,2
"20553",0.0173498447955239,7.14748550857733e-06,5.98138794085143e-10,0.982642849872629,4.86247677503283e-09,1.52385723245222e-07,4
"20555",6.66062920585221e-06,0.00459191191982283,5.0779244009583e-07,0.993743675977391,0.00165713207850075,1.11602639855119e-07,4
"20557",0.0109072406908667,0.94782051380861,2.81932904691682e-08,0.013561152546214,0.0274219283003866,0.000289136460632129,2
"20559",0.99950954575815,0.000216519571231189,3.46814634325807e-09,5.34045817797056e-05,0.000219386410796438,1.1402098966622e-06,1
"20561",0.000784552097522832,0.000444450727080487,5.2599961464009e-06,2.58946744588289e-05,0.763071399388968,0.235668443115824,5
"20564",1.60346775160474e-07,5.59442267524384e-08,5.99562686258072e-07,2.04880800518531e-08,2.39423377891558e-05,0.999975221320443,6
"20566",0.813851511296181,0.120116872104377,5.33241345713631e-05,6.68999395642879e-06,0.0658904382174924,8.11642534223864e-05,1
"20569",1.2977498419804e-05,5.25087521268848e-05,0.000517513960094523,1.29946244766712e-07,0.888501714969814,0.1109151548733,5
"20572",7.30198021329206e-06,2.76684475889721e-06,0.000745871929346429,1.76475733075152e-08,0.0780168687924105,0.921227172805698,6
"20574",0.996009362316842,0.00178756865151117,6.38420689912882e-10,0.0020387795777064,0.000161790836334107,2.4979791859034e-06,1
"20576",1.22087402760519e-06,2.37996073578117e-07,4.71150707699803e-07,6.21078218277086e-08,0.000192222457061195,0.999805785414308,6
"20578",0.782102519632528,0.0272275489991704,1.45428394865026e-06,0.000565686253353783,0.185360201811158,0.00474258901984082,1
"20580",0.846728940663058,0.00165446502629346,1.66595917547699e-05,5.07849306905048e-05,0.151499603470095,4.95463181084984e-05,1
"20583",8.6987284323623e-07,1.53164948981859e-07,4.55410723890325e-07,4.78555757485876e-08,9.73801865046054e-05,0.999901093509404,6
"20586",0.913700815476044,0.00189969424259357,9.99197918443769e-07,0.0016780869792928,0.0827181196509964,2.28445315545721e-06,1
"20589",0.995175389885954,0.0046557981937122,1.1228558931665e-07,0.000152918473131047,1.57805115897876e-05,6.50023761261684e-10,1
"20591",0.00108045369854722,0.781219141830204,1.91396465820286e-05,0.0433727423384532,0.17430487768938,3.64479683369989e-06,2
"20593",0.999539658536363,0.000398707383982684,7.89427901965341e-09,6.1528877638607e-05,8.54622850014566e-08,1.1845451531514e-08,1
"20595",0.996428321313308,0.000217717612753334,4.26066993200616e-08,0.000264547994549041,0.00305647821850012,3.28922541897525e-05,1
"20597",8.50640335262489e-08,1.12434920995997e-06,0.999235405063096,7.38253139381921e-10,0.000759261285472781,4.12349993386617e-06,3
"20599",2.1971103267948e-07,3.19181136123289e-08,1.04819139432452e-06,1.08432318246737e-08,3.81589844731626e-05,0.999960530351754,6
"20601",0.000215039458549041,0.0150905376515029,5.02100285010614e-06,2.0743279852836e-05,0.984460683654244,0.000207974953001456,5
"20604",0.999892572238729,4.3439644487333e-05,1.89838479612174e-09,5.72076522184744e-05,6.12510266852378e-06,6.53463511488244e-07,1
"20606",0.999371817412986,0.000556276937749027,3.08488915017051e-09,6.6767099290878e-05,5.11991827482788e-06,1.55468102610781e-08,1
"20608",0.977020646125088,0.0226763757849012,1.4465591627572e-06,8.12973661439393e-06,0.000293200153428907,2.01640805117206e-07,1
"20610",6.73897388059563e-06,1.06926205900467e-05,7.59941666920664e-07,3.27146452790747e-07,0.00119515363235984,0.99878632768505,6
"20612",0.22976288121852,0.000321399908224271,0.608998881762353,0.158498435903168,0.00140359860029964,0.00101480260743579,3
"20614",8.5556288981094e-07,1.26113004180667e-05,7.74379654184529e-07,1.87462471501629e-07,0.00773557170725149,0.992249999587315,6
"20616",0.0047720445518948,0.000794733784619461,4.48344993648799e-05,6.9131526319533e-05,0.993898077054282,0.000421178583519554,5
"20618",0.000175595298045167,0.00176761928818788,2.07058113002466e-09,0.997056942118169,0.000984613376243698,1.52278487726746e-05,4
"20620",0.999435938095482,9.54488043383426e-05,3.01671145130224e-05,3.36801879401818e-05,0.000384369302643924,2.03964950829675e-05,1
"20622",4.20877245151022e-06,3.1169007276415e-07,2.86575995430745e-07,9.78882030589159e-08,0.000575827490284757,0.999419267582992,6
"20624",0.968253262744217,0.00045150115291658,2.78818896095309e-08,0.0309613155723578,0.000333863663082791,2.89855362018908e-08,1
"20626",0.771585434877562,0.00742056631917727,0.207160699480264,1.07945879847106e-06,0.0127849127158435,0.00104730714835386,1
"20628",0.145544495769519,0.560490399547844,0.158211620207228,0.000101352921065561,0.135303553853255,0.000348577701087996,2
"20630",0.583178616701394,0.34373240111381,3.48392499155301e-06,0.000159784335337283,0.0608455709382219,0.0120801429862448,1
"20632",1.05000545904353e-07,1.07656581435181e-06,0.000987816178999083,2.34582727902879e-09,0.00892112535485464,0.990089874553959,6
"20634",0.998932183601819,0.00101484978754918,6.94021915057898e-09,4.3872479271405e-05,9.07575565152663e-06,1.14354894760549e-08,1
"20637",0.00625568482313508,0.000864853841205995,6.91688239817842e-12,0.992854387962531,1.81014488372379e-05,6.9719173735096e-06,4
"20639",1.16303267588303e-05,6.93189673264044e-05,4.4954721252686e-06,1.91095103897247e-06,0.450223342106963,0.549689302175787,6
"20644",0.274691793925091,0.00055542840716887,4.9384335081133e-06,0.724747795316323,2.48562504602394e-08,1.90616590703631e-08,4
"20646",0.641995642359226,0.343210124941719,0.00135355839671868,0.0133831869177403,4.80615768803254e-05,9.42580771543144e-06,1
"20648",7.60243523259246e-05,0.00041432816115093,9.83145302467536e-07,1.4505226719813e-05,0.993757857815359,0.00573630129914228,5
"20650",0.645144970623524,0.00144426241866787,1.86714965429087e-08,0.353333355870596,7.73683245732542e-05,2.40911424972904e-08,1
"20653",0.000269613612648217,0.0379391131154733,0.000108558453173122,0.000255344813098112,0.95881681968728,0.00261055031832743,5
"20658",0.999018029522484,0.000781248567801121,0.000148052847020949,4.14517292887138e-06,4.85117548722401e-05,1.21348933516299e-08,1
"20661",0.0343997739649343,0.00044319033410932,0.000103188183668679,0.960721574145284,0.0043315314336534,7.41938349608102e-07,4
"20663",0.583445841177452,0.0191828510230039,3.92889404194237e-06,0.0016176814440303,0.395745416793325,4.28066814705895e-06,1
"20665",1.67031136157463e-06,5.98951712453471e-08,3.43428942583566e-05,2.93552811719706e-09,3.61846380321642e-05,0.999927739325648,6
"20667",0.00373093613128007,0.89811513709045,0.00549644950492516,6.16218679459526e-05,0.0925457138103439,5.01415950545655e-05,2
"20669",5.351296116283e-07,5.70130953674044e-06,0.971964677176732,2.7590011689767e-08,0.0278894471927147,0.00013961160139374,3
"20671",0.140200468397915,0.0048480176311721,2.1824709235934e-10,0.853271012264786,0.00161473438496693,6.57671029128026e-05,4
"20673",4.79370285911641e-08,5.83674232135708e-07,0.999225578569083,3.27510812779479e-10,0.000751464579768058,2.23249123773043e-05,3
"20675",0.00760688408019463,0.00124942416641443,0.269251848737028,5.13402952065078e-06,0.721873297622444,1.3411364398297e-05,5
"20677",0.583087985552545,0.0182251520405256,0.000740317592751253,0.000233016951476255,0.397710239918786,3.28794391584782e-06,1
"20679",1.39997781630742e-07,1.42104399965532e-05,0.968930540299245,1.03747576942648e-08,0.03044112715031,0.000613971737908827,3
"20681",6.24494959213117e-05,0.00140132874592105,0.0741061258880724,2.01957741563891e-06,0.924414233319159,1.38429735106394e-05,5
"20683",0.410083435365981,0.139375084594998,0.00513930799330884,6.45889162961381e-05,0.445327185031123,1.03980982937352e-05,5
"20685",8.39147328026587e-06,0.0107463032800549,2.09987772710389e-06,0.974201580637268,0.0149765282022264,6.50965294432562e-05,4
"20687",3.87321758250515e-06,2.48729081896607e-05,2.51583051707011e-06,6.22603075306077e-07,0.108931272947451,0.891036842493185,6
"20689",0.127138973593899,6.20110354102471e-05,1.17117180430033e-05,0.87278660057679,6.95384851400415e-07,7.69100594523634e-09,4
"20691",1.99157044293809e-07,1.67200843535137e-07,4.65838540684461e-07,2.42251605016472e-08,0.000259311884241052,0.99973983169417,6
"20693",0.998537876426717,0.00012858590207239,3.59417951022968e-08,0.00132744460857216,6.05602017710687e-06,1.10066639796709e-09,1
"20695",8.22566588990162e-05,0.000525515048247641,1.44589106946206e-05,4.05968583390296e-06,0.997913152798821,0.00146055689750366,5
"20697",0.999395386337481,0.000215661998461945,6.06370719661114e-10,0.000285520295954004,7.64918327516146e-05,2.69389289812224e-05,1
"20699",0.361928412365564,0.00440991609823747,0.0185978941681127,4.68309270873735e-06,0.614977621024385,8.14732509917254e-05,5
"20701",0.869204291497897,0.0921721595635144,0.000680443542048624,0.000127546684911939,0.0378153667848976,1.91926729997468e-07,1
"20703",6.08428631786113e-06,0.00621773960617085,0.980413370350255,0.000361415103738893,0.0128947249522774,0.000106665701239879,3
"20705",0.977956768131053,0.0172641035175475,5.93241068407263e-08,0.00387221044099145,0.000906785985878138,7.26004230503776e-08,1
"20707",0.00282885832589053,0.0152282784885377,5.1476329081844e-06,0.000145243285432338,0.981785487816724,6.98445050723905e-06,5
"20709",0.0273870089246187,0.000615841159524942,0.000339450348000037,3.19453416097037e-06,0.0840429059644959,0.8876115990692,6
