"","V1","V2","V3","V4","V5","V6","V7","V8","V9","best$classification"
"19812",0.000566401151319453,7.0941992210465e-05,6.13046774472529e-05,0.230758433150285,0.727576496480196,0.040790027791102,0.000157616831116435,1.77986801211695e-05,9.7924620267499e-07,5
"19814",4.68063814691284e-05,9.34626499547276e-07,7.46913532975502e-08,0.0150139024652995,0.98225732433097,0.000634489193712238,2.1767380544725e-06,4.74335281369313e-06,0.00203954821982809,5
"19816",0.25503711789168,3.47581869542033e-09,0.0026415711042438,0.731344147178007,0.00396238122678886,0.00700323037259703,7.99989908045925e-06,2.92483093939804e-06,6.24020845378392e-07,4
"19818",0.00107895867218934,1.32576344580019e-06,2.55063075078664e-06,0.638030408278729,0.354153687378828,0.000221055567869729,6.80344802415939e-06,2.27478000241516e-05,0.00648246246013878,4
"19820",0.998455531276373,1.22095236653029e-10,0.00012511530601384,0.00126400177992658,3.60554851374786e-09,2.07269145667611e-05,0.000134620787082584,1.60441707613589e-11,1.92348496542813e-10,1
"19822",0.866449510543841,5.06097129112502e-06,0.00403484270577319,0.00201056659065547,2.91242678337918e-07,0.010436011581968,0.117062597683525,1.23905130976571e-09,1.11744121630548e-06,1
"19824",0.501165666913079,1.58187813811537e-07,0.0957492773288626,0.401179623258032,0.0001402750207132,4.59208291020952e-06,7.70827613982791e-05,5.16285611058145e-06,0.00167816159108054,1
"19826",0.00159672863027484,1.17834451535252e-06,0.0118973421763887,0.0672469873062594,0.79487782967505,0.121698893248885,1.51276068613972e-06,0.00265538214567367,2.41457122665987e-05,5
"19828",0.721712963774709,5.20652339855015e-08,8.3216312895182e-06,0.277021561741044,6.95706146190352e-05,0.000102216042810457,0.00108416928941942,8.28721763130599e-09,1.13655365678704e-06,1
"19830",1.42954978289885e-06,0.00345865717072393,1.59394278048377e-05,0.00852988836560295,0.893360016740504,0.0929134579151999,1.05273324844841e-05,0.00162274417427792,8.73393236190781e-05,5
"19832",0.0139196124655895,0.0161521991024028,0.000202292638576245,0.0877470405297641,0.141819791257296,0.0308110026104227,0.709346727240935,2.24867137333923e-07,1.10928787711703e-06,7
"19834",0.0749871834941035,4.64395732687299e-06,6.18420280467986e-06,0.177354120608472,0.00773350213227121,0.732374742005556,0.00745688060660618,6.06866945585248e-08,8.26823061646599e-05,6
"19836",0.00129055549599625,1.62652264620343e-05,0.0414142793789802,0.918388655857405,0.035523911808401,0.00129187672646682,5.18227570264243e-06,0.00206912602694077,1.47203644814994e-07,4
"19838",2.564056183695e-07,4.14032317487734e-05,1.62614254228068e-08,0.000415723862556419,0.998792768037258,0.000509898604515535,1.63588247790666e-06,1.13711387557923e-05,0.000226926575643958,5
"19840",0.048070085237672,3.66668215972156e-08,0.00185151781132604,0.147792983168897,0.0159650451116492,0.78620756259855,4.90721276810832e-06,0.000105624959283823,2.23723303166101e-06,6
"19842",1.44733042553412e-08,2.433235215381e-06,0.0002024312343501,1.10606204118166e-05,0.0175683940317399,0.00015188779233152,2.84338661873424e-10,0.982062257388225,1.52094008329864e-06,8
"19844",7.96401774445878e-07,8.08588590458843e-09,9.73841509925922e-07,4.77177459663441e-07,3.88001465691842e-06,7.39628524877167e-08,1.12770862808624e-09,1.19218485206973e-05,0.999981867539631,9
"19846",2.27343086394682e-08,2.21687280882277e-06,1.67598100112063e-06,0.000237960295110823,0.913608561281243,4.15814634195913e-06,6.62110616977014e-10,0.0261500661864033,0.0599953378406715,5
"19848",4.09798629521946e-08,2.4189854533584e-06,2.36201309040003e-07,0.000261158416964173,0.977073583843847,1.09625129443542e-05,4.29074301879134e-09,0.00087141159311459,0.0217801831757611,5
"19850",2.42645945225081e-06,1.32385109797952e-06,1.2017619804938e-06,0.000582144714818947,0.798119503483933,7.68613843484137e-05,1.0874047065225e-07,7.47128801744488e-05,0.201141716723724,5
"19852",0.00824212435794549,2.17936535417747e-07,1.90805450872696e-05,0.97254476727117,0.0181027266272834,0.00100533874774653,2.04734691806606e-05,2.77173713910223e-07,6.49938713371743e-05,4
"19854",4.43372633982835e-08,3.34736344518666e-06,3.2103215507876e-08,0.000231978302398697,0.997726400927555,3.53600731808789e-05,1.44195361631489e-08,0.000220167968855299,0.00178265450455017,5
"19856",3.99019622202322e-05,8.40978275527567e-07,0.000129329383608612,6.3739769758722e-05,0.0107430026876599,0.000285052264424023,8.10126234422985e-07,5.33258772649565e-05,0.988683996950554,9
"19858",0.00199875710568946,1.31597627074321e-06,0.000623239278831304,0.00244179368994776,0.000498298936016947,3.13118411138717e-05,2.11846797667347e-05,8.69557979957255e-07,0.994383228934383,9
"19860",0.0232448801770446,3.47331341118815e-07,7.12171254273775e-05,0.58176895488063,0.248972573094446,0.145864155619254,5.09575101319062e-05,4.38674945685707e-06,2.25275122679321e-05,4
"19862",7.36215521749173e-09,4.84582791231405e-06,1.74320857826065e-06,0.000112445275012128,0.906665746612313,1.04337138208881e-05,4.49619259762044e-10,0.0915706751703125,0.00163410238027655,5
"19864",1.30195884685915e-06,2.86654992769206e-06,0.0252113021694624,3.93453118967915e-05,1.5670658480204e-06,6.02367334109202e-07,1.49733753225844e-09,0.974741955254779,1.0578245678184e-06,8
"19866",0.0723868579248002,4.29841430322995e-08,0.663363494909703,0.238125429308837,0.000181257272757804,0.0257442311776743,3.22243995980652e-06,0.000195238644475032,2.25337649428555e-07,3
"19868",6.39143224980877e-07,0.946918975225579,2.83118162288917e-09,2.66908474480907e-07,1.56240378056959e-05,0.00284749721801338,0.0501955171969693,6.27893970245152e-08,2.14146493541042e-05,2
"19870",1.95334847997888e-06,9.71576046740063e-06,2.27550678247557e-06,0.0287656102483415,0.963695178322743,3.49026326046484e-05,6.26379374636908e-08,0.00587516515943731,0.00161513638320656,5
"19873",0.000655612990057281,7.91886787544576e-07,0.000173861158153512,0.456580068003792,0.539803142836779,0.000855705018535321,9.43921155927511e-07,0.00146495420652322,0.000464919978216091,5
"19875",0.867837289717448,4.10297671756843e-08,0.000100680693972971,0.0948470370826549,0.000740444868689868,0.0349096105661501,0.00156485437066228,1.4343059176644e-08,2.73275957012756e-08,1
"19877",3.8067958365025e-05,1.2691766633651e-05,7.11755949035606e-06,0.2194347154241,0.774385183114754,0.00405675803345188,1.5286332270666e-06,7.09981569768816e-05,0.00199293935300134,5
"19879",0.0012336240943425,1.22999695998242e-05,2.35888541540008e-05,0.965709353973626,0.0297508132892666,0.00257498832331151,4.11571272029233e-05,5.70944467228345e-06,0.000648464923824236,4
"19881",0.000191366389958135,4.04682283905517e-06,0.0227263295242096,0.0583813774327513,0.907883582969643,0.00303712877547832,7.65293472800274e-07,0.00688306274920421,0.000892340042444198,5
"19883",5.90506637923296e-05,1.37333356223836e-06,0.0153150538243871,0.0333229266264277,0.650280020601538,0.00146006002584523,5.54646268707437e-08,0.299524634074196,3.68253856242645e-05,5
"19899",0.00151813514661998,5.00434617641126e-05,5.55449600300836e-05,0.126752676604522,0.00858177234861274,0.86294929527221,7.13019620947009e-05,1.97494214264263e-05,1.48082271977249e-06,6
"19908",0.000650520614498245,0.000451912238583762,0.0105037075626338,0.000679753954926224,3.76696610266024e-05,0.985936704457864,9.63802543143595e-05,0.00150167808893016,0.000141673167222554,6
"19910",0.00139446824430544,2.8800004157356e-07,6.72559467113796e-05,0.971765712163893,0.0266198195986248,0.000119384191772053,2.08943110501975e-06,6.89871029629528e-06,2.40837132503406e-05,4
"19912",3.52911798679913e-08,4.39723357609383e-06,0.000103808767642235,3.5281280217997e-05,0.170887546657701,0.00146256908566038,1.01222097451181e-09,0.827398225473506,0.000108135198295093,8
"19914",0.0027736219661344,0.000112267005032532,0.000348188185483675,0.594672532668161,0.129245160876073,0.271807015021847,0.000556201982322138,3.56475171169379e-06,0.000481447543234482,4
"19916",0.0013085474480789,1.68981218966226e-08,0.997950682103979,0.000721146083905333,2.55393888074096e-07,1.3753486586848e-06,1.02492142329064e-07,1.6421479604901e-05,1.45275162037027e-06,3
"19918",2.83471083868016e-06,2.90483980213506e-07,3.43406566122451e-05,0.00912182060754998,0.90556517965619,2.32293287244156e-05,4.90897921123324e-09,0.00536407737109984,0.0798882222760251,5
"19920",2.42008717822886e-07,8.83666097609276e-08,1.0412819241116e-07,0.000107980317745268,0.101750815001696,4.52403104919206e-05,1.96309362679303e-09,0.000110111882056906,0.897985416021396,9
"19922",0.000684088097968661,0.421432223014169,1.53175729966533e-06,0.0960484442617075,0.161938905705745,6.81341255401555e-05,0.319816679614735,2.85589762858629e-06,7.13752520617741e-06,2
"19924",0.000205920310884228,2.27497850428236e-06,8.10317182546537e-06,0.207091894688127,0.753718587085352,0.00555206019211044,8.40657498353135e-07,0.0002547391824517,0.0331655797332473,5
"19926",0.00457086292756503,0.00105818076951862,0.0261297746575851,0.508560554201052,0.0156579468407407,0.443103590327354,0.000771555656330825,0.000147443220693356,9.13991601053453e-08,4
"19928",1.22484998893146e-09,1.99379847377761e-06,0.00765398542074843,2.75827829088365e-08,3.92327146791317e-07,4.92777216165402e-08,1.69634255017661e-11,0.99234307380301,4.76548303343813e-07,8
"19930",6.30980166548019e-06,5.66602881121169e-06,8.91624034461072e-07,0.0297105881001616,0.970045092883504,8.07959773437266e-05,5.53911492974769e-07,7.79855538775419e-05,7.21161191084593e-05,5
"19932",1.27057669332956e-07,6.79049121070663e-06,2.50239505575692e-08,0.00052573093064589,0.998766175240441,5.16846767406935e-05,9.24108558248009e-08,3.9588698164609e-05,0.000609785470321338,5
"19934",0.612127545835971,1.07489032563816e-06,0.000166211350541073,0.313319083314762,0.0165649538442631,0.0472377075306229,0.010455268521406,4.39280155301111e-08,0.000128110784092645,1
"19936",0.000300999671433718,7.55140959846945e-05,3.50145656641183e-06,0.0723163310465769,0.86712325014618,0.0600032620528844,6.14154158753479e-05,1.01790580909154e-05,0.000105547056407171,5
"19938",0.750622915373237,2.48350174732031e-06,0.0138825750017537,0.0741501265328876,4.20641568841816e-05,0.156830754544157,0.00442412608481748,8.28633366387431e-08,4.48719411788798e-05,1
"19940",0.000419624918685994,8.53323607698885e-07,0.00180810945052425,0.884921161473997,0.109208146379553,5.38489143154313e-05,2.35464638752776e-07,0.00350964375895061,7.83763157277072e-05,4
"19942",5.50499104572934e-08,1.29173055536347e-07,0.069073036730194,6.31412705566595e-07,7.7278451482835e-06,1.19080545210026e-05,3.74221898766956e-11,0.930906299766281,2.11930761549191e-07,8
"19944",0.00866336018933334,2.83118505473795e-07,0.0075446509428058,0.966105363911037,0.0155708749171278,0.00209534815655461,5.34184380613943e-06,1.10477978543222e-05,3.72912297486407e-06,4
"19946",0.00182750173419973,1.91089462616959e-06,0.000202343015881704,0.717211813396716,0.266094061399177,0.00274172542664476,7.46032884801056e-06,1.66582649112289e-05,0.011896525538995,4
"19948",1.19877217096077e-08,1.98445149206378e-08,0.00360574127538091,9.54138295022568e-07,1.10739821964213e-05,3.47534534914121e-08,3.74250771105191e-12,0.996381880049872,2.83964822955692e-07,8
"19950",5.5567601555139e-09,1.19697909224962e-07,7.98634110632174e-10,8.04081328280817e-07,0.000833508302335915,2.45328789377886e-07,1.21969921294069e-09,1.66142980686463e-06,0.999163653584737,9
"19952",1.19877217096077e-08,1.98445149206378e-08,0.00360574127538091,9.54138295022568e-07,1.10739821964213e-05,3.47534534914121e-08,3.74250771105191e-12,0.996381880049872,2.83964822955692e-07,8
"19954",7.54219196182457e-07,3.17574940028397e-06,1.78312852166465e-07,0.00569269258912778,0.993786073858321,3.94181093446191e-05,7.16420001470925e-08,0.000142950795396525,0.000334684724361311,5
"19956",9.6278381488353e-08,0.00213570921115524,1.72070436893667e-05,1.50718175004241e-05,0.21209732651761,0.120210843794475,4.1762018480222e-07,0.0235179279808033,0.6420053997362,9
"19958",7.98840026291818e-07,0.980120597305324,2.76127563056871e-08,2.92027345140005e-05,0.000158959012755809,5.98731357824282e-08,0.0196350316491771,4.90245601562672e-08,5.52739477506387e-05,2
"19962",0.0211111025481681,9.04689577195634e-05,0.0129896974800608,0.105137023537753,0.564527541201895,0.0147666765212527,0.000974115349149489,2.98741008613971e-05,0.28037350030314,5
"19964",0.000422714533307094,1.16230231778519e-05,0.0022446109470419,0.753629679587338,0.231852160002675,3.61746975847004e-05,6.61986318740916e-07,0.00701939928085795,0.0047829759416993,4
"19966",0.113883162765145,2.77028361227032e-08,0.869838877589356,0.0115054320534586,2.16162173041737e-06,0.00475359324225391,1.17575289130356e-05,4.98555463234054e-06,1.94167458546073e-09,3
"19969",5.39402542713725e-06,1.97056260688927e-06,0.000104483619263556,0.0049739808254646,0.978470268630028,0.00382489992401016,7.64604132464626e-08,0.0125776623068997,4.12636458861623e-05,5
"19972",3.05173969874305e-06,2.65207729057617e-05,0.000104643648618947,0.0539810771290887,0.360082913535492,3.31098805191227e-05,1.56272594280828e-08,0.549350354123952,0.0364183135424644,8
"19974",2.03539373320209e-09,1.04004809768138e-06,1.94671634774445e-06,1.25610408194536e-05,0.0611146811484277,8.28255858106347e-07,2.12904863696976e-11,0.403019906506893,0.535849034226873,9
"19976",0.000228923504654551,3.19145027210712e-06,2.01896210430195e-05,0.489633533697822,0.466051889827127,0.00189696283020565,9.72906735479016e-07,0.000207604280516418,0.0419567318816246,4
"19978",0.0130486833874495,1.69695585088618e-08,0.000678244644230946,0.970146132071609,0.0159249055373806,0.000111223940223941,5.03144540797465e-07,3.32604805160797e-05,5.70298244904192e-05,4
"19980",4.35595312489749e-08,3.81101617794814e-06,2.27526377906183e-08,0.00015779874850928,0.859832189397705,1.66469635382928e-05,1.12750801680035e-08,0.000260990065527987,0.139728486221293,5
"19982",5.20969233651833e-06,8.61000731181464e-06,4.11946465986249e-08,0.000256720780308788,0.118788264414826,0.000810185710324698,6.87044900073167e-07,3.70254032151649e-05,0.88009325575213,9
"19984",2.95332342942541e-07,8.42124800001511e-09,2.50399833269134e-07,2.50155203373486e-06,0.000108190667280945,4.69315985184188e-07,1.62108998059297e-09,1.85783320200948e-06,0.999886424856984,9
"19986",0.969116757640221,1.43639948077205e-08,0.00463734764135564,0.021783775595915,7.48183246604839e-08,0.00336615641503827,0.00109587220576251,4.77761081194284e-10,8.41627109470479e-10,1
"19988",0.997278128482959,1.46777967883885e-09,8.07344869222323e-05,0.00127972017575049,1.31540227068946e-09,0.000138353450293629,0.00122306045734737,4.30099560884621e-12,1.59244106036086e-10,1
"19992",0.992618301657285,1.17807199040308e-09,3.75081261399838e-05,0.00126874189674999,6.27584602970336e-08,0.00486352818301678,0.00121182959401653,6.8045260674193e-12,2.65994553436893e-08,1
"19994",8.12113411158979e-06,2.21908460905895e-05,7.94218386149812e-07,0.043142162762748,0.956371582106103,0.000395027995388398,2.18568298006108e-06,4.23833313853272e-05,1.55519228070631e-05,5
"19996",0.989976098031193,2.19289881449588e-10,7.01504662379566e-06,0.00966251433815483,1.69982719455178e-07,0.000149200369227544,0.000204982762676172,2.01743618229758e-11,1.92299408163409e-08,1
"19998",0.000637734058350988,5.23892084428138e-06,0.77871596192684,0.00268255973532983,0.0347159781683227,0.164924113239227,2.34142921049308e-06,0.0165899738933515,0.0017260986285227,3
"20000",4.50172700628476e-07,0.127697854677394,2.81193042270751e-05,0.000157948729978927,0.677163377136588,0.192435373914947,0.000180304867990141,0.00217783523278193,0.000158735963391868,5
"20003",9.78781751621351e-05,7.99158767026928e-05,0.000152657342909521,0.103528898206286,0.888617665533845,0.0072743400427238,2.23935890042934e-05,0.000225510820486054,7.4041288141922e-07,5
"20005",1.50614086266065e-08,3.05031857481679e-06,3.67794340247849e-07,0.000326401658594142,0.963969481090714,1.20589367049828e-05,7.06504041749698e-10,0.0159452830494167,0.0197433413837426,5
"20007",0.0169801997049641,5.85496832293263e-06,1.01068147516384e-05,0.814559586792742,0.0228368880980019,0.145004893498585,0.00038543022117727,1.23271541115583e-06,0.000215807186043637,4
"20009",0.271550717609722,8.34661951504033e-07,0.688610713679573,0.0389762196043892,3.597604911346e-05,0.000276860090291106,0.000428680739056571,9.89659645320592e-07,0.000119007906257172,3
"20011",5.18490192609897e-05,1.78026104906255e-05,0.000132666178203975,0.370859928231965,0.537058371031002,0.000566403035995998,2.13241872002904e-07,0.0841706231609428,0.00714214349026649,5
"20013",7.74485923319384e-06,3.22059733063084e-06,2.2846932623465e-07,0.00511981625319321,0.875252017385183,0.0136474614412531,6.33796629612136e-07,2.56700935693265e-05,0.105943207104282,5
"20016",0.931128785795464,1.13939970140777e-06,0.00245131191435816,0.0485256651631122,5.70721910636529e-07,0.00303808458085712,0.014849470734331,2.9825825711193e-09,4.96870768291071e-06,1
"20018",0.00411311136781097,0.000160186571415893,1.70860047162876e-05,1.1742209863386e-06,7.01754820007669e-11,1.67380006023747e-06,0.995706767899466,1.7903068513797e-12,6.35780188250927e-11,7
"20021",0.208700165291391,3.60251096723223e-07,0.00087352025818196,0.787578690998151,0.00174619897953893,0.000325644326190085,0.000775247129907854,1.4763176290671e-07,2.51337796467466e-08,4
"20023",0.0755533647358309,4.27648198026614e-06,0.00355830928158283,0.870772201128587,0.0118694044661563,0.037477716472825,0.00071991917987998,2.57871066583718e-07,4.45503820917284e-05,4
"20025",0.310558050209877,0.000286543910777053,0.000143570203996913,0.00550207532997896,5.10054514263917e-07,0.000164047202758199,0.683345192082927,1.99436015408419e-09,9.0108103313819e-09,7
"20027",6.74677059536252e-07,3.05907835609424e-05,0.000298517456580284,0.00204539100922072,0.437144412144544,0.00819552525178764,1.75085885697242e-08,0.552279458920743,5.41224791465214e-06,8
"20029",1.78249473117276e-07,2.57795217351844e-07,6.75117572120376e-06,0.000345138208915459,0.947121948987951,0.000313278451508575,8.18350972396869e-10,0.0460651602544121,0.00614728605845029,5
"20032",6.4558971880514e-07,3.57270870509692e-05,2.38157221287004e-05,0.00321590252740964,0.987463919272808,0.000284483185840437,1.17494114232807e-07,0.00897031228688437,5.07683404466576e-06,5
"20034",7.23924174145195e-08,2.95845886116329e-07,0.0166789494107672,2.22592688681445e-05,7.5957305762932e-05,1.91005440157673e-07,6.35509383197074e-11,0.983222184358883,9.03484238442684e-08,8
"20036",0.000175108020177864,1.78445146441752e-06,0.000155542434475964,0.000118135027604363,0.0171464895464827,0.972118490027269,5.01842090405798e-06,2.50432641936587e-05,0.0102543888074283,6
"20038",0.667908480872073,9.83563499134003e-07,0.000114969865971653,0.0771289459849337,2.46558677334268e-05,0.227966100279237,0.0268558611200236,1.77127837956521e-09,6.75249308818753e-10,1
"20040",0.383593447267615,2.71103291446738e-05,0.582695470058785,0.0237709491476377,9.09262228199265e-08,1.10823775702779e-05,0.00990074047648376,1.29380053770158e-07,9.80036487495247e-07,3
"20043",0.958709141107031,2.40604419504962e-08,1.43451900907382e-05,0.0308505613334238,0.000385087213056319,0.00614969133871312,0.00389099654087365,1.52218437252133e-09,1.51694185258306e-07,1
"20045",0.977906224758784,2.07417092184773e-08,1.87460905355402e-05,0.000967973920174589,2.25138663606685e-09,1.42531519038701e-05,0.0210927683075284,4.04429231924644e-13,1.07775731572827e-08,1
"20048",3.8394055892524e-09,3.85409573714557e-08,1.03500212638885e-09,5.43228861941285e-08,9.8781254020791e-06,3.4698374893526e-08,6.12117790692491e-10,4.19450640591637e-07,0.999989569375213,9
"20051",0.116151269371529,3.31695462841193e-05,1.08478409901377e-05,0.0834235911216451,0.628990256262485,0.121111715955587,0.0366678440412927,1.64403635669735e-07,0.0136111414565515,5
"20053",0.0742455605160293,1.14861571438556e-07,0.0110910882916995,0.912945528740855,0.000915345733121196,0.00070014498707468,3.21155279219552e-05,8.57723851717208e-07,6.92436178755107e-05,4
"20055",0.0267427299279926,0.000149033486193892,3.0560442699777e-05,0.0456955250886061,0.00133859052143853,0.901738221190015,0.0243048274300779,5.09279890356319e-07,2.63308618712289e-09,6
"20057",7.54328384685011e-11,0.999923816231222,1.73585569635238e-09,1.02674545330283e-09,1.87487362849967e-07,5.35611200609991e-09,7.31969995733613e-05,7.03728681739562e-08,2.72071482700543e-06,2
"20059",0.0438931480345924,3.48306284329099e-05,0.0383398838308241,0.916296867944832,0.000554035750020082,0.000365830473888094,0.00050937936625052,1.71680115572476e-06,4.3071700045539e-06,4
"20061",0.0148558929977268,1.16258762604703e-06,0.00120627446631664,0.978702962336195,0.00388194839745122,0.00130522588758571,2.88298430306967e-05,3.4379249401152e-06,1.42655591276988e-05,4
"20063",0.00700899956298419,2.506977024355e-06,0.012709502548529,1.28400413392524e-05,1.91016364103781e-06,0.000103797300685816,3.53228017719642e-05,1.54932242715154e-05,0.980109627379753,9
"20065",0.0172779097448591,3.82614123662247e-05,7.00823592545951e-07,0.000191445573140269,2.61136978480033e-08,6.5178408410627e-05,0.982426477921547,7.45941671847944e-13,1.64010350390357e-12,7
"20067",0.906558631824096,5.75235842626917e-07,1.32949671508429e-05,0.0348476176951373,2.11621302536287e-05,0.000992538845060748,0.0573948155379852,3.18712505201765e-11,0.000171363732601974,1
"20069",1.06366595684426e-07,3.9662881904783e-06,1.31496209149244e-08,0.000157994610345734,0.58785048324039,3.27449247289805e-05,2.93084144091035e-08,8.57354126170041e-05,0.411868926699097,5
"20071",0.000140475716971273,5.74380163493473e-06,0.000902051993840296,0.00382702420115023,0.000545566735335973,0.994438793045141,2.54829472428072e-06,0.000129084291700477,8.71191950146608e-06,6
"20073",1.37201925885045e-05,3.11186575991534e-07,5.61194883471925e-05,0.00349228425498902,0.0757023956035573,1.41181223023768e-06,3.11515799816269e-08,0.00039112902165011,0.920342597288482,9
"20075",2.18916658173652e-07,0.904535276691563,1.9255577491347e-09,3.86948131699881e-07,3.35730856138246e-05,0.000553406755790124,0.0948769657341527,4.80032314707245e-09,1.65142209099544e-07,2
"20077",0.217902993749549,1.16167454363419e-08,0.000308027481603255,0.0753585333468791,0.000980194786447613,0.705206216439552,3.73458655756986e-05,1.50392439886897e-07,0.000206526321208548,6
"20079",0.0700127268036105,1.1517824068763e-06,0.000181159948469177,0.00230180122034054,0.0273765028817832,0.00722652846129279,0.000907928614347131,3.44205563557128e-06,0.891988758232114,9
"20081",0.296372599042279,0.00010421431921175,3.77660495197248e-07,0.291760025083854,0.000705095164127687,0.0396530803863444,0.371402254625713,8.41352835915469e-10,2.35287662175324e-06,7
"20083",0.000260347627712763,2.40099198755934e-05,0.00230490655567393,4.12548398256675e-05,0.00231339037209564,0.127661650757422,2.15777781210095e-05,0.000206678790367666,0.867166183358906,9
"20085",0.98866751612929,4.08343684028296e-09,5.66078168200957e-05,0.000654549380080876,3.29383013052066e-09,0.000256555053176715,0.0103647642099199,1.05268236930664e-12,3.2392573699307e-11,1
"20088",0.946674872119205,3.41421638037419e-08,0.000169100994638144,0.0433112295325198,3.71080966228858e-05,0.00299398755698013,0.00681362672958638,1.18865158560221e-10,4.07094188733987e-08,1
"20091",0.000174661070621081,0.0453051341299857,1.10711662304857e-08,0.00104033786317275,7.30725696133437e-06,0.000170599170715125,0.953300826620985,4.06105625119529e-11,1.12277578236981e-06,7
"20095",0.00379080208854693,0.000117252553804326,0.00141479482776149,0.210390869022119,0.00147872356291229,0.000303327025894873,8.58719196429542e-06,0.0250319344493382,0.757463709277659,9
"20097",0.957535419548006,2.24040010846106e-08,1.87769725916627e-05,0.000622208708095264,7.20196191909174e-09,0.00106169482179183,0.0407618702935695,5.25619654137528e-13,4.94566205571965e-11,1
"20099",0.267356467783826,1.77441505514279e-08,0.351109038467874,0.365859497582649,0.000174817907743445,4.03296958273353e-05,5.75587370280528e-07,0.0136920516413873,0.0017672035891713,4
"20102",5.18911671703693e-05,0.00576107186750061,1.43509879882407e-07,0.00032346114603306,0.000252347442312764,5.14145292376165e-05,0.00534983773626999,3.52217816145279e-08,0.988209797379814,9
"20105",0.898829127523845,2.11074449506742e-08,6.91237976841222e-06,0.0984589549328097,0.000748118650375578,0.000560634173322811,0.0011033218809322,1.5783499290266e-08,0.000292893568001888,1
"20107",0.619420286895539,1.93093576463844e-08,0.000181321540662711,0.317857582306973,2.80582699039824e-05,0.0622645947247534,0.000247926918273756,1.3572259233388e-08,1.96462277611631e-07,1
"20109",0.176574712358103,8.73318231450994e-08,0.00852866294916979,0.569225617734797,0.00627399820799936,6.28923923373021e-06,7.43137125243963e-06,0.000131021696703472,0.239252179110918,4
"20111",6.43095437516144e-08,0.976845986622739,1.54047439775848e-09,5.88848521560818e-05,0.0217815724990921,2.28160767080513e-06,0.000988616325008349,6.42745914886491e-06,0.000316164784166337,2
"20113",0.0478054044323699,4.93763024394401e-07,0.0233885401120731,0.172566026798214,0.000370651488713717,0.755659094690564,1.31781925721803e-05,0.000196518475298966,9.20471691734139e-08,6
"20115",3.29579552325099e-07,0.00920556184171723,1.19661576150578e-05,0.00506977450190006,0.975485108711144,9.55992999527942e-06,3.17789297893291e-06,0.0100715064682254,0.000143014916871341,5
"20117",0.0108979407925148,0.752423955830158,0.138609364268841,0.029228662684705,5.65946252730507e-05,0.00748928123919236,0.044416673995572,0.0168767643949983,7.62168745256359e-07,2
"20119",0.0498892772821343,4.31752839008253e-09,0.943756091464331,0.00368056150818107,1.0463825102713e-06,0.00265830766300395,2.17320498887089e-06,1.25378249862015e-05,3.52335769496303e-10,3
"20121",0.880766239045609,3.52384096849038e-08,0.00255528237499834,0.0746864538939336,2.67636118532476e-06,0.040857472205503,0.00113183446810423,1.2750258768032e-09,5.137230741674e-09,1
"20123",0.000117649627744609,0.0105277021870147,8.56406249181177e-07,2.07077802390879e-05,1.1232449895032e-06,0.00048312017308742,0.988848839244525,7.85566583323587e-12,1.32829518991565e-09,7
"20125",9.39713132919168e-07,1.03485837427356e-05,9.40970304178485e-08,0.00165952350041729,0.924451173601057,0.000697738146618291,3.2258545809013e-07,1.53653087507589e-05,0.0731644944637929,5
"20127",0.99878467194564,6.41257450340354e-10,1.65329824860686e-05,0.000788744357265245,7.56910040711421e-08,1.12222911115095e-05,0.000398622444094751,3.95406458283073e-11,1.2960760020483e-07,1
"20140",0.000539687788331917,0.000527424973522428,2.24517225686689e-05,0.00302502558309908,0.000338366633597885,0.994268021675467,0.00127807176054075,9.43947018870491e-07,5.9158535023727e-09,6
"20142",8.53680769119189e-09,3.92963340498254e-07,2.05597771421742e-09,1.72763373779994e-06,0.00289816790153547,2.80610029779481e-06,2.67857647433923e-09,2.6639635747172e-06,0.997094228166152,9
"20144",3.66115320006273e-07,0.0543297176674069,6.68003859417573e-07,0.000755518702781814,0.924938805614112,0.0156894655359005,7.16581562088847e-05,3.66309451529034e-05,0.00417716925925726,5
"20146",0.000166257032108691,0.000168565524810404,5.07906479883762e-06,0.00205065988171833,0.240563690023714,0.379825938883494,0.000108470821817165,1.62267669450108e-05,0.377095112000594,6
"20148",0.000225948109901743,2.40404438489584e-06,4.19122446478713e-06,0.0157128390104237,0.951501754056844,0.0324377062313655,1.32910183886113e-05,6.16701891481339e-06,9.5699285312434e-05,5
"20150",6.98101531408207e-09,2.67072305306358e-06,3.16135614714701e-07,5.1684855833834e-05,0.644009414170293,4.2369622845232e-06,3.45451410870302e-10,0.0358723199033164,0.320059349923138,5
"20152",0.00120511926324799,4.44240833699118e-06,0.000202297178235951,0.0767926744648453,0.889354705747448,0.0323269774808459,2.73782560955316e-05,1.31610157509928e-05,7.32441851929224e-05,5
"20154",0.00577053990744745,3.08183657015244e-05,3.94462840236228e-08,1.25727621043418e-05,1.22308628518275e-07,3.47599174046328e-05,0.994150693937064,1.36537741781378e-13,4.53355228972291e-07,7
"20156",0.0199618993104945,0.000177771578284503,0.000143288320599095,0.582184077940923,0.00682364071989303,0.361057890855233,0.000806979637653799,5.73023169303369e-06,0.0288387214052262,4
"20159",1.04632289001137e-07,7.06731149018812e-06,1.5758569260029e-08,0.000126056461951164,0.456285037221411,9.03622694469434e-05,5.39550370711659e-08,3.48789659342378e-05,0.543456423423872,9
"20161",1.09315693222444e-05,3.48408359466608e-06,7.28787919933239e-05,4.86906238365985e-05,0.00229013315493101,0.000724817867212913,6.34706428056864e-07,1.04996619966026e-05,0.996837929540685,9
"20163",0.00282165024458249,0.000147564972736933,0.000270745005948359,0.107465142700017,0.887470029261251,0.00113218786026776,0.000355377610707143,0.0003358873258185,1.41501867142e-06,5
"20165",0.00174719376618225,2.73755650184163e-08,7.61064850426502e-07,0.00050665918178075,0.000111527062724492,1.85752784579711e-06,3.25527729221079e-06,1.51030661737795e-07,0.997628567713097,9
"20167",9.29985030039142e-05,1.94310097265492e-07,4.66689937257657e-07,0.0238371181033547,0.970580001427846,0.000359053513080935,6.58818672696913e-07,1.49417086935445e-05,0.00511456692531374,5
"20169",3.24836656315652e-09,6.58033858531516e-08,9.0978135146426e-10,1.25653513551139e-07,6.06430022954577e-05,1.52687774866962e-07,6.66449073164095e-10,5.92819682232961e-07,0.999938415208751,9
"20171",0.00316395556815821,9.18847461872022e-05,1.54734723263143e-08,2.63860130312996e-06,6.51646866574348e-09,4.24810937608711e-05,0.996697979086686,1.13234977051725e-13,1.03891385068648e-06,7
"20173",0.000853229832206493,5.50972028689505e-08,0.985879424076777,0.000157288815900572,1.12247244476661e-05,5.14481297880691e-07,4.83273269593144e-08,0.00233143347328782,0.0107667811715523,3
"20175",1.36503082531523e-05,2.20351127882799e-05,1.45948293995792e-06,0.104370423106388,0.885994377309419,0.00214190505358269,4.35647644046115e-07,0.000718136653839137,0.00673757732514649,5
"20177",0.0332966316777801,7.03743637268105e-08,0.900521107224705,0.0576287474158157,0.000110443934708924,0.000103618606392093,2.24198104776107e-07,0.00832281338900439,1.63431791254785e-05,3
"20180",0.916821432756051,7.70830527496942e-07,0.0104264784637077,0.060118954168229,1.63591659884989e-06,0.00300544738811946,0.00962526983047208,1.06349491230703e-08,1.13452920400056e-11,1
"20182",2.02036204759508e-10,0.00864957227462452,2.24855048567844e-07,2.93432954322084e-08,9.50555065790834e-05,2.00915231806543e-08,1.90737747165589e-08,0.015611115373266,0.975643963279852,9
"20184",1.10785901324808e-06,2.37933015524982e-07,1.16391480473812e-07,0.000208331746129505,0.020198801008919,9.90964490215191e-05,2.58887775226733e-08,6.11345854458925e-06,0.979486169265099,9
"20187",0.000183248137826881,2.46595209042782e-07,0.847607337709564,0.00281562475544262,0.000334477214022431,0.0026115480020619,5.39170668790057e-09,0.145741885249205,0.000705626944961581,3
"20189",0.0576160329534232,2.17829738199202e-08,0.146071073211986,0.789776624808501,0.00604574007674747,0.000123791747030624,1.36064759598506e-06,0.000364188723895397,1.16604784708006e-06,4
"20192",0.0665917770998347,0.00373097322758432,0.871684689504617,0.0304234323354753,0.000182680031951746,1.83250287308644e-05,0.0273067126989051,6.11867377822127e-05,2.23335119253781e-07,3
"20194",2.16985329555971e-06,2.31075882038108e-06,0.000786441181640065,2.00890137371167e-05,0.0414458557943686,0.118497200613932,1.0074801580775e-08,0.211101664505741,0.628144258203663,9
"20196",0.377690492362983,7.48277069002705e-06,6.49817191144401e-06,0.00446839473440375,1.81415105765289e-06,0.000618246424560179,0.617207053704285,1.1655140081296e-10,1.75635571610095e-08,7
"20198",0.0198629970690382,0.000374731839958192,0.00273511551694312,0.504998559375362,0.311770399137653,0.158795664981666,0.00101387218572048,2.92945373271039e-05,0.000419365356331839,4
"20204",1.17684485565933e-07,1.7709999868786e-05,4.98437911974298e-08,0.000247926486580477,0.619329021667143,8.96441333207608e-06,1.0361341655585e-07,6.27437120252659e-05,0.380333362579357,5
"20207",0.697357160809561,3.40715859374066e-06,2.59350271923163e-06,0.00696945477927239,9.13118453076273e-06,0.0100586098689306,0.285586157820309,1.2914393294238e-11,1.34848631681263e-05,1
"20209",6.97583059746958e-07,0.861007811244419,4.91970157064468e-05,0.00153305366881372,0.121867500318435,0.00468746467178687,0.000192312160057879,0.0106617626776115,2.0066010989747e-07,2
"20211",8.26518117109369e-05,0.00194691266827768,6.28169616737229e-10,1.93774105284589e-05,2.06040576157072e-06,0.00083901422361756,0.997109971908331,4.66745024816192e-13,1.09431361198227e-08,7
"20215",0.126101012461976,1.94103249862685e-08,6.08284719504685e-05,0.00394702246136253,0.000501798918355433,0.869129781516764,0.000255712319663743,3.33205318597947e-08,3.79111907105e-06,6
"20218",1.60244670618402e-08,4.79335301530782e-07,1.75551082396469e-09,7.04043825801112e-06,0.0141855059579537,1.50132427307469e-06,4.48808986541307e-09,6.19468887614433e-06,0.98579925598727,9
"20222",0.774389763616298,4.11587502041897e-06,6.46639080620068e-07,0.00854782501927185,0.000959904013007793,0.0209319210440829,0.1951392367788,8.40703279319537e-10,2.65861737349743e-05,1
"20225",2.15809044489599e-06,0.000666606212934976,9.29370007459756e-07,0.000160759695005515,0.951666891749217,0.0335237583292657,5.64863967279239e-06,0.000396137290315988,0.0135771106231353,5
"20229",6.92149093859597e-06,3.88250943135323e-05,4.05755366032673e-06,2.67825258095988e-05,0.000861653908970953,0.999023870338826,3.47585278947514e-05,7.22524524150245e-07,2.40803506224879e-06,6
"20232",0.0210079756695369,5.38671949401649e-05,8.50471237376041e-06,0.548274140547155,0.00288769743087705,0.42578253555485,0.00198247478919243,8.20789065840571e-07,1.98331200904895e-06,4
"20234",0.801090396509279,1.09382013530712e-05,0.000884078505711247,0.000816282728857523,1.84604229786642e-09,3.51824448020768e-06,0.197194783576511,3.50928323707237e-10,3.68376858157397e-11,1
"20238",0.629519994527178,5.5314991485231e-07,0.000126878527606743,0.361089723757356,2.26613690018361e-05,0.00662728709485145,0.00260772427726284,7.96010917734706e-09,5.16933671936082e-06,1
"20253",0.54436150866821,5.0317775756154e-09,0.000438374482136172,0.00124479230685443,3.15284426282262e-06,0.453458085430313,0.000493870767069846,1.78701617930885e-09,2.0868236026753e-07,1
"20255",1.76746395301422e-06,0.000163144951851867,1.40564342757824e-08,0.00405041090894469,0.993527747277733,0.00214279772437234,1.71337832966084e-05,3.94956402816956e-06,9.3034269386076e-05,5
"20258",0.915161160009127,4.37081621670923e-09,0.000349984704532195,0.0842964153259784,6.76307764873662e-06,1.93981061986824e-05,0.000166261750726009,5.7274344787736e-09,6.92753847997089e-09,1
"20269",0.204797240576099,1.5198125555018e-07,0.000199825551815738,0.765649643951432,0.00583581106743329,8.44673773293096e-06,5.57991789404414e-05,3.17165679486096e-06,0.0234499092984969,4
"20271",0.539063179909658,3.17413892784892e-08,0.339297056648939,0.121415568307542,1.70996971287978e-05,4.6921457519474e-05,7.4089572890685e-06,0.000152711726809596,2.15537258387044e-08,1
"20285",0.00027679595967643,9.44427484102769e-06,0.507679046137145,0.00220927349145184,0.0245110763092847,0.0125223508475435,2.54498982045359e-07,0.452052240060882,0.000739518420192866,3
"20288",0.098078843946498,4.110908088846e-07,6.17685612847776e-06,0.0917951200025432,0.000747457910619873,0.808892188293653,0.00046407621980103,1.49693792492358e-07,1.55759861553305e-05,6
"20291",0.191347149736416,0.000734501153376815,5.34976331196482e-05,0.3152625676801,6.28650037685666e-06,0.00205217182810448,0.490542999851822,1.68025915178114e-09,8.23936425199313e-07,7
"20295",0.0449138807176582,4.20364708586322e-06,0.574548991458897,0.363862216362862,0.00815139008670269,2.28870857314651e-06,1.48074164744722e-05,0.0055502244653787,0.0029519971363675,3
"20298",5.98737860673972e-08,3.63761314016706e-06,7.5201874574577e-08,0.000253795486206991,0.998427666755612,0.00016038949097503,1.93381753657005e-08,0.000120604550934007,0.00103375168929597,5
"20302",1.2814244348073e-05,5.14980068210857e-06,0.000210461740051197,0.00556187034964311,0.348817804772839,2.44358806461583e-05,1.23771338777438e-07,0.00197271753536651,0.643394621905085,9
"20305",4.01101988682026e-08,4.65220482370548e-06,8.00542378110838e-07,0.000264971210150944,0.9952847478516,3.33160798427853e-05,5.17905923075237e-09,0.00430333924087152,0.00010812758107443,5
"20307",0.960767451582486,6.90369495683682e-09,4.8466307616586e-05,0.0367522457566276,4.67015480418581e-07,0.000466327786972516,0.00196502882338206,1.46261678670681e-11,5.80911329326656e-09,1
"20310",0.99727527309458,7.06905091845301e-09,5.37003759756071e-05,0.000459596084908609,1.07760390930294e-09,1.10213587927895e-05,0.00220040007720856,8.79122233602514e-11,7.73967162103107e-10,1
"20313",5.39300713092955e-10,4.32384551550696e-08,3.97634806519637e-09,1.51482043571804e-07,0.000333148669680529,3.66104022596083e-08,2.75659673728459e-11,6.39026450931517e-05,0.999602712811111,9
"20315",0.764680985559388,2.95480451356332e-08,0.000227334876351313,0.227210865004239,3.569413883253e-05,0.00769888558740396,0.000145776741587147,3.25014043289316e-07,1.03530109391741e-07,1
"20319",0.100476861347741,2.26826799014515e-05,8.68625659479053e-05,0.000169093548995925,2.90148990931365e-06,0.00368042322696804,0.895561169148328,3.52687951549712e-11,5.95693939563073e-09,7
"20321",0.994654551563233,4.74258829953607e-10,0.00020185488649012,0.00353259376076449,1.44902262571554e-06,0.0015377796493334,7.06270156425343e-05,1.8757327758766e-09,1.14175191945427e-06,1
"20327",0.840159869481004,1.4696360129925e-09,0.00504319349596758,0.154774200923434,1.33370867316215e-06,8.31230390607978e-06,1.29127563832366e-05,1.49136557236647e-07,2.67244388034064e-08,1
"20329",4.09989248520026e-09,1.60716458977087e-08,0.00359821874076248,8.60878424984674e-07,3.28708741208601e-05,1.2711059687612e-06,7.64303577879281e-13,0.996350006388837,1.67518395833853e-05,8
"20335",0.520540124549696,1.21582881304016e-06,3.49755273425852e-07,0.00577514558478504,1.6637875253801e-07,9.42850219954806e-05,0.473588568765123,5.42873355258849e-13,1.44115018741654e-07,1
"20337",1.4955888490065e-07,6.20940210505091e-06,1.24502870541053e-08,0.000289076663640514,0.853235672232733,3.76192684874596e-05,7.63564214531359e-08,4.13521898384447e-05,0.146389831877602,5
"20339",0.000550884865918525,0.256363379443685,0.00674953405913521,0.000293884957795991,0.00238765334688416,0.528719598603324,0.204928041890662,6.23301576776568e-06,7.89816827885003e-07,6
"20341",0.00735191888630041,0.00424511185790521,6.1632263807772e-07,0.000911141102641426,1.61800981891823e-06,0.00143302449435718,0.985695798867112,4.42108075103993e-11,0.000360770415015749,7
"20343",0.982786044175984,9.58163594383128e-08,0.000377949953814751,0.000781037673061263,2.2406620204849e-07,0.000105363608414188,0.0159319437214971,3.3925304547187e-11,1.73409507416913e-05,1
"20345",4.50952965593216e-05,5.91542039425354e-05,0.00380381466677998,0.0781754703971029,0.898722326274111,0.00914441741162009,1.51970129822208e-06,0.0100465882616671,1.61378691936694e-06,5
"20350",0.00265041228570226,0.000625881750526926,0.000113881553045712,0.000659329323388467,0.000666496993810064,0.993970886240494,0.000703251750513049,1.70805810949803e-05,0.000592779521424033,6
"20352",2.59849645004799e-08,2.61988805295918e-08,2.21169731657131e-09,5.56138940681317e-07,0.000158321358842374,5.65213990812188e-08,1.91430769720368e-09,4.32136368702627e-07,0.999840577534599,9
"20355",7.62064646895196e-05,1.6925433063412e-05,0.00023908448148631,0.00104332693346785,0.00844699756227412,0.000187105950516476,5.69931741458877e-06,8.95748602441745e-06,0.989975696371063,9
"20358",5.13700961929955e-08,5.73981152401376e-08,0.00117066846587106,2.35165792446263e-06,0.00849806358931655,4.88271221276963e-06,4.08284383700301e-11,0.988361611814085,0.00196231295155058,8
"20363",0.983783596689212,5.84972522048559e-10,0.000103056676281623,0.0132122808280917,1.43821836898609e-05,0.00273940644603201,0.000145965445306973,9.59761959904101e-10,1.31018665109607e-06,1
