"","V1","V2","V3","V4","V5","V6","V7","V8","best$classification"
"19811",1.72111072265209e-21,0.474108614083198,0.00191445433500456,0.400786855716838,0.0001226062616003,5.83740034176948e-09,0.123058140578971,9.3231869877597e-06,2
"19813",9.05184577446878e-35,1.11963962646438e-08,0.0214239458351019,0.978576042321088,6.47414302056842e-10,2.67277058558998e-23,1.94628694252617e-32,2.38062055428172e-30,4
"19815",1.01101551217068e-08,0.986152664599868,4.04557995111308e-05,1.68925362915917e-12,0.00849124758026845,0.00509721114131046,0.000218410767198018,7.83588123625034e-19,2
"19817",3.29119239878151e-13,0.0473086094253618,1.95083973181915e-06,3.96564389397047e-08,0.000163130524931197,0.000223346597518917,0.952302669321939,2.53633749587426e-07,7
"19819",0.364735176488053,5.47082951263826e-17,0.00999108341682051,1.32542863559947e-35,0.00277236774533757,0.622501372349789,8.4364407916175e-68,4.68647334997817e-39,6
"19821",1.72269202354073e-12,0.243982264967329,0.641206466954879,0.00984200725672664,0.103675491716383,5.39574936674485e-12,0.00118495697314852,0.00010881212441569,3
"19823",1.41917656691777e-18,7.56930183047861e-05,0.0095369989393848,3.43943934605167e-24,5.28406306204738e-07,0.990386774845536,4.79046805217716e-09,7.42820754436744e-26,6
"19825",2.05853312432508e-22,5.86077999436028e-20,0.999953240954907,7.3802441538094e-12,4.67590377126356e-05,3.38802659220545e-21,1.04256975517774e-71,8.19700184389466e-17,3
"19827",2.24339551605889e-13,0.0105123169883354,0.00139621877972198,5.93697350037223e-12,0.00337557518289045,0.00117684911543279,0.546187179063397,0.437351860864061,7
"19829",0.0153174671679678,1.01992967870173e-07,0.00358085838449281,1.89522333421437e-12,0.981101513457469,5.84837836598198e-08,1.12112228113805e-36,5.11423551488803e-10,5
"19831",0.010938039321792,5.63201081104971e-13,0.00117743928236241,1.18776379734692e-26,0.0690234586338203,0.918861062761462,5.04052564810178e-70,7.84086956026013e-51,6
"19833",3.5317504979171e-48,1.15531656743942e-37,0.999998232049241,9.55838629925215e-43,3.62558030910695e-20,1.76795075948221e-06,6.88631422544446e-123,1.30626886728554e-66,3
"19835",1.72269202354073e-12,0.243982264967329,0.641206466954879,0.00984200725672664,0.103675491716383,5.39574936674485e-12,0.00118495697314852,0.00010881212441569,3
"19837",1.40464320843846e-10,0.00836490952059969,9.81309575034049e-06,1.88773331008282e-07,0.00109022187687683,5.90772962827312e-06,0.970712918070806,0.0198160407925433,7
"19839",3.69530427091438e-06,4.95581043165944e-07,0.000676893352795768,2.00232337157724e-06,0.999316442074241,1.05243111482473e-12,1.78670663557483e-39,4.71363224947545e-07,5
"19841",7.51768596751237e-28,1.9063380427483e-21,0.751118748817645,3.79513196415541e-05,3.96991634665742e-08,9.05406012358869e-25,8.45254780078078e-47,0.24884326016355,3
"19843",8.20461311676682e-06,2.20948184251879e-15,0.638813098758751,3.96766933582249e-07,0.361178299861196,2.67416052920816e-17,2.13605891708686e-93,1.23460600610398e-52,3
"19845",2.852571014252e-33,0.0097143040666485,0.0257552434104586,0.964530448935112,1.34612719315186e-09,8.94003390002855e-15,2.24164495968047e-09,1.18591883911835e-25,4
"19847",1.5583011986095e-12,0.992282392008059,0.00271149046873695,0.00114151020630019,0.00385809517633175,6.40867071626274e-06,1.03468298009057e-07,2.14198467125563e-23,2
"19849",2.30463844827712e-42,1.5030757224747e-09,0.00187847222707087,0.99812152626948,3.73695026722038e-13,1.91602064137958e-24,6.01979268353813e-25,3.83144803693693e-29,4
"19851",1.18842705816904e-18,0.00158833924935294,7.592157595095e-06,3.09718988093665e-07,4.27271234150407e-06,2.28908827613262e-05,0.998376595206003,7.29585457108137e-11,7
"19853",9.01779283668911e-45,0.000196222359443919,0.992236711186749,4.59973276588211e-06,3.63175953514036e-13,0.00331272074719175,0.00424974597348601,7.28258783284837e-20,3
"19855",1.67276581563038e-27,0.0124011078431685,0.00246263811492167,9.11077984696161e-05,1.12138588135991e-07,7.65892716264121e-05,0.984968149025049,2.95808176540697e-07,7
"19857",4.47642633944519e-09,0.973327680775121,0.000104273304501271,0.000541412672465945,0.0259240968219227,1.34686029376585e-09,7.57070754154008e-05,2.68235272870588e-05,2
"19859",2.45399908005564e-11,0.925788628945702,4.45490448590092e-06,3.02900710667224e-08,0.00146246110420526,0.00389206692299106,0.0688400017361076,1.23560718968688e-05,2
"19861",5.31194468900893e-25,0.309166812352019,0.00856274970134842,0.420562976496834,7.50865196147151e-06,3.32387450319447e-08,0.261699919558825,2.67116519745345e-13,4
"19863",5.78121562564548e-57,3.76199654494803e-16,0.00232228906348786,0.997677710119519,4.90462824061349e-17,9.5036178422425e-34,1.84071603412901e-42,8.16993343420781e-10,4
"19865",1.80745826932162e-23,1.69678613114742e-06,0.00106268790893408,2.1563761202612e-10,4.87753583921546e-07,1.20422079927337e-13,4.80203373678185e-08,0.998935079315255,8
"19867",1.64626295611706e-15,0.990801879195963,0.00539412729501617,0.00305160708320774,0.000698992002503915,1.58714274584969e-06,5.1807280561728e-05,1.29165688219501e-25,2
"19869",6.15516302653589e-44,2.17368647790137e-06,0.00839303999056015,0.991604786300576,5.45470191080136e-12,9.31385736720867e-20,9.75121362351879e-12,7.18005346791194e-12,4
"19871",6.31140100277528e-08,0.587485474763556,5.27993557901011e-06,4.46081953649502e-10,0.0136278469980395,0.00165722972384388,0.392423363840412,0.00480074117847753,2
"19874",1.14840161012771e-23,0.0198726825720497,0.000458284067711793,6.25665020016827e-13,1.10099826285955e-06,4.88972247261628e-06,0.979250500020738,0.00041254261813919,7
"19876",3.03136426867943e-28,0.000721368922133663,4.46647590058344e-05,5.20505096929241e-08,5.33309365421246e-09,1.40507073144249e-10,0.999207453704688,2.64550900616871e-05,7
"19878",5.53298722156007e-10,0.00694224055326088,0.301825968347706,1.28917152705367e-14,0.691231477658495,3.1288722662063e-07,1.99684087285961e-47,6.01002027065195e-25,5
"19880",1.18027723205046e-36,7.32585414988982e-10,0.000252259682085595,2.24416915431925e-06,2.60445813262596e-11,3.07287645506666e-16,2.37955664421136e-10,0.999745495152174,8
"19882",2.8103765254299e-31,0.511337234235432,0.396075093478905,0.0925868846267311,5.91505566575137e-07,3.82779120196066e-11,1.96115058210799e-07,2.99644495623661e-14,2
"19885",0.000106042419103867,0.869210559831921,3.6133287787645e-06,1.74640467735447e-07,0.0394093449222281,7.18804530835962e-05,0.0911974922689512,8.92135466167701e-07,2
"19907",8.1204694717932e-21,0.882236169600893,0.0870197410884963,0.0306242951714737,0.000110444678749243,3.58199749504948e-09,9.34587839041612e-06,1.24063578018358e-21,2
"19909",0.799778561223985,2.81321218730579e-05,0.000234343419761616,3.01188778610087e-07,0.19995860703956,5.5006041548961e-08,2.75995073838779e-29,1.0315623764451e-23,1
"19911",0.000350753517637517,2.24732392363971e-06,5.23631488741194e-05,2.55384517311053e-12,0.999594205855551,4.16564853729086e-07,1.52276466082333e-30,1.35866059186635e-08,5
"19913",1.28710090118922e-33,9.09381854891314e-18,0.000758679923343519,3.53680630225415e-14,8.36099219104702e-12,2.73241186744675e-18,1.6137411584044e-23,0.99924132006826,8
"19915",5.11334340749867e-22,0.000520802082581741,9.91877030929333e-05,8.36595035554545e-09,3.42470273364149e-06,3.94311186916679e-06,0.0214168993159973,0.977955734717775,8
"19917",1.25178451690842e-17,0.000346577840659169,0.000131908427095474,4.08657720023125e-09,0.000167912877313003,2.40315095710935e-08,2.73118986682344e-08,0.999353545424947,8
"19919",5.31893739724958e-13,0.1555251482662,8.31692006585152e-06,5.17499627305186e-10,0.000758915065911884,0.000787299758346345,0.689175139287324,0.153745180184121,7
"19921",8.27041837087078e-14,0.182443690751372,5.82794993590502e-05,0.000170947663474024,0.000439483864910126,1.92933057617373e-05,0.81686830491493,1.09867071232871e-13,7
"19923",3.55537412068681e-12,0.940084407256318,0.0034394998796018,1.06673912425744e-10,0.0551899286355835,0.00128616411826775,2.77058107241481e-21,2.37555501296138e-31,2
"19925",2.58870364819516e-21,0.00049111281073112,0.000151508630676887,8.14209601904939e-10,6.058088674186e-06,1.15794608425826e-07,5.4019132181503e-05,0.999297184728918,8
"19927",1.61998539027233e-13,0.926201990314382,0.0001031075413254,8.20572558275623e-08,0.000325725120671924,0.000933960910413692,0.0724351340523659,3.42279940425479e-12,2
"19929",2.81012963396558e-50,2.14585647218974e-16,0.215559887132789,0.770730886260412,8.58618350278216e-15,1.60718801095168e-31,1.25617748216065e-24,0.0137092266067893,4
"19931",4.42166810326923e-09,0.990592323024384,2.46102790177739e-05,2.98898408129573e-13,0.00813727166952842,0.00124470342122336,1.08718366279444e-06,2.16138279206134e-13,2
"19933",0.328352203922526,0.0114188352365335,0.000312237740150352,3.61991013031357e-13,0.658980813735792,0.000935909356315384,1.65166772327508e-13,8.15569230019598e-12,5
"19935",9.30669744913331e-05,0.100952658209746,0.0101651395153562,5.17859785545366e-07,0.888788615006605,2.41242421889539e-09,3.31837101966686e-12,1.82725728364664e-11,5
"19937",6.868612555127e-12,0.780961204582011,0.000157328886404573,1.09934710466252e-09,0.00103292960268037,0.00690898052715265,0.210939555295536,1.77634147185863e-16,2
"19939",4.03819375665315e-13,0.972555111088775,0.00250715740168519,2.24649078797848e-13,0.0236594822713977,0.00114312408804796,0.000135124793639529,3.55826731674786e-10,2
"19941",5.64351076178531e-06,3.10762814806039e-11,0.00239252249529971,1.48310775553996e-09,0.997601719549323,7.62222248213769e-13,7.56277552531517e-37,1.12929669262502e-07,5
"19943",2.74117574803078e-27,4.02488687615885e-08,0.00203975577846126,4.45888819465663e-15,1.10184616026531e-08,5.34241319708888e-10,2.62468392627524e-07,0.99795992995157,8
"19945",0.461527676537746,0.110573727654662,9.71813198109714e-07,3.96679372405794e-14,0.418135969004663,0.00976165498892868,1.33903223201061e-16,7.63251154155305e-13,1
"19947",3.44285320472271e-15,3.47557390382471e-09,0.967188604936182,0.000200122200842795,0.0326107934666545,2.58016562741746e-13,3.94203592129991e-34,4.7592048574539e-07,3
"19949",7.35102340965984e-06,0.116982506729872,0.00520226049469945,1.26390097203454e-15,0.872465384516514,0.00534249723550276,1.04700351428797e-18,2.37817844480776e-29,5
"19951",3.27198175111422e-13,0.311748496610644,0.00704698920183101,5.35790550787574e-09,0.0487877967720883,7.84660865457239e-06,3.44231319762598e-11,0.632408865414127,8
"19953",1.04016353174877e-05,1.61306363071543e-13,0.00889800768927939,3.18073187084381e-31,2.93609681603305e-05,0.991062229707081,9.64223874453354e-61,4.49559551932286e-58,6
"19955",0.000813562374856211,0.000251844884125824,1.16318083631094e-05,1.04408982821394e-15,0.989693268687296,0.0092296922453577,5.85138380052998e-47,3.33228206953599e-37,5
"19957",8.24959284750127e-16,0.0179739913269267,0.0261186467637454,3.78715841025243e-13,0.00439328458003649,0.950889644771963,1.21022551351465e-08,0.000624420454693525,6
"19960",4.25420663601967e-05,4.67900321504176e-08,0.0142220417521414,3.45067352591099e-12,0.985735369381738,6.2771610853534e-12,4.74164265666738e-45,1.29926063220978e-18,5
"19963",5.68340578124632e-39,6.79980599452161e-33,0.999999980541413,1.17059223559085e-36,8.21553472753972e-15,1.9458578352307e-08,6.40963927857665e-65,8.37534601286605e-23,3
"19965",0.00214410502506547,1.67766872477666e-07,0.00125606552131427,2.22736313378382e-11,0.996599622141266,3.95232078672911e-08,2.35686887636516e-68,1.18531241131431e-40,5
"19968",1.49572166459972e-18,4.30944225279649e-08,0.998938090796453,0.000150157219477387,0.000115632262382284,1.29135185799404e-27,6.6569927788259e-23,0.000796076627265046,3
"19971",1.5923250906997e-25,4.66139239338328e-29,0.999999998305986,3.16630815694736e-23,6.57494466658182e-10,6.68070974048117e-11,4.98800341010891e-76,9.697127317625e-10,3
"19973",2.84707713819136e-13,0.0122392175590982,3.51756249840004e-06,2.35709143020772e-06,0.000139112480546328,1.17262048437153e-07,0.987280052785209,0.000335625258884747,7
"19975",4.77397249412687e-18,0.00431644055942824,0.00424014764111289,0.000694228527061763,0.000211781175277847,1.84032457929658e-11,3.58389962554296e-09,0.990537398494816,8
"19977",1.475696303271e-36,1.26254199199864e-10,0.999999852553561,1.03340739180699e-07,2.73141859102865e-08,3.69390088420533e-12,2.23287380779824e-58,1.66615656368858e-08,3
"19979",0.987826557588134,1.72520902975299e-17,0.000507872429340819,3.11872239380282e-22,0.0116621009450345,3.46903749071891e-06,4.91686540894899e-74,1.41988397317184e-27,1
"19981",4.39525127169531e-05,0.978685622431308,7.71009918540556e-07,1.78482235634597e-06,0.0212122249798885,5.56394798416223e-05,4.76294608863516e-09,1.02442698784364e-12,2
"19983",3.17129131609886e-08,0.974613914272298,6.79593600155631e-06,2.90633677052264e-06,0.0253217171208902,5.43743233286153e-05,2.60297797709283e-07,1.41333504483406e-16,2
"19985",6.68846575147434e-26,0.0101350233245974,0.000382102322293224,3.51618899979501e-07,4.08054587692655e-07,2.63569201766319e-08,0.651809839489927,0.337672248832775,7
"19987",1.32107079115174e-05,0.087098644252312,0.00162883064896498,9.08561289972196e-07,0.906047051415837,0.000204840023446893,0.00124494804614339,0.00376156634409445,5
"19989",0.986310308127204,8.3261757893193e-14,0.000697050475601693,1.19365313010132e-23,0.0100340022895885,0.00295863910752231,7.02872873082005e-65,2.28288602529883e-48,1
"19993",0.000201738316331864,0.0109326445285695,0.00581458399252324,4.77718518325111e-17,0.982825150271587,0.000225783114602259,1.02085391848434e-18,9.97763865307958e-08,5
"19995",0.0103666537844837,0.00282134505613583,0.00183341242030243,1.23442199558916e-12,0.984977977257049,6.0295544530658e-07,3.14992506884668e-20,8.52534939366507e-09,5
"19997",3.04988612164286e-17,0.140831049237294,1.81858206796575e-05,6.82562932855283e-08,8.46579128760504e-05,2.13499735128764e-05,0.859040140132454,4.54866689018202e-06,7
"19999",5.04653148076801e-27,0.000249072015724279,0.000534829694367238,0.0193364589922199,4.89881298242248e-07,1.58783840874242e-08,0.000623531898284417,0.979255601639722,8
"20002",2.05410220548974e-40,1.93097593997207e-25,0.975881585414038,0.0241184145368658,4.90521343140855e-11,5.91990935876521e-28,1.18004491317754e-55,4.40325126834814e-14,3
"20004",0.00086272149999328,4.07024601371273e-07,0.00487185192816274,5.77224449366096e-07,0.994264442025939,2.96679237811414e-10,9.26748475347148e-25,1.75174072201807e-13,5
"20006",9.0055689181564e-12,3.77544171438378e-05,0.00887224991392341,1.64596267979909e-08,0.991089976949906,2.25039486084596e-09,4.46843620412905e-51,1.46377478568255e-21,5
"20008",2.30519405982007e-09,3.02392642136387e-07,0.0675377264512197,2.80921529637188e-15,0.932461702679871,2.66171070201847e-07,3.18986178230619e-54,2.67480060515603e-24,5
"20010",0.301285447844389,0.0819274568538243,1.77486964963597e-05,4.44177987206556e-18,0.567629133213004,0.0491402133922862,9.05199637649839e-23,1.37668215484982e-21,5
"20012",5.032596960656e-27,0.000294764036044331,0.905584227514017,9.22330114396156e-05,3.06255450874028e-05,3.41558700968732e-15,1.40407118333484e-17,0.0939981498934081,3
"20015",0.978654284126193,4.24438511865594e-13,0.00645884974749048,1.59533477100309e-16,0.0148868661254015,4.90772498355569e-13,5.8027721899584e-69,2.73228900532722e-35,1
"20017",7.30662544195198e-22,0.0105532424747125,5.28916892574528e-05,0.000435321518624386,8.60461312024924e-07,1.96484946880181e-09,0.988862138261968,9.55436292759072e-05,7
"20019",0.984634776890898,1.86143613152004e-19,0.00195178256046313,3.14803374583437e-27,0.0133927698770573,2.06706715818687e-05,5.01190282122198e-102,1.4120059564423e-47,1
"20022",0.821314014099927,0.0181064513500566,6.46752159087415e-07,1.48854085301967e-14,0.154799182010214,0.00577970578762751,5.30256431833098e-24,1.0025049890338e-19,1
"20024",5.98184770417876e-08,3.24681879879266e-26,0.998044807402726,6.29194403729795e-26,0.000126601608081989,0.00182853117071426,3.99666299631441e-103,2.89544735457213e-77,3
"20026",5.98184770417876e-08,3.24681879879266e-26,0.998044807402726,6.29194403729795e-26,0.000126601608081989,0.00182853117071426,3.99666299631441e-103,2.89544735457213e-77,3
"20028",2.08120595730784e-25,0.00146040359281039,6.02377256801834e-05,7.30550190345704e-07,2.70658652649161e-07,7.20741804745701e-08,0.99686664517951,0.00161164021897566,7
"20030",0.173129349030611,8.0630510609412e-14,0.0583902132167003,2.8912180421245e-10,0.768480437462543,9.43127841067138e-13,1.43380823681308e-51,3.40397147629602e-19,5
"20033",8.07921565776326e-10,0.0454500785356898,0.00156137601025072,1.86942906523471e-06,0.055418276253016,1.36909432961571e-05,0.00356928092402421,0.893985427096736,8
"20035",0.858062519731777,5.08190737938162e-20,0.0810918580497174,1.44556928827399e-27,0.0607054085032163,0.000140213715289248,5.29234109086752e-99,2.16728332896639e-53,1
"20037",0.987481195371003,1.13677664293997e-14,0.00121302405400106,4.43901862870936e-20,0.0113047668237544,1.01375123056445e-06,1.80729896435255e-93,2.35563174310386e-54,1
"20039",5.82851276311301e-17,1.09749120353527e-34,0.23394877098758,1.44582942482677e-44,7.33256843243718e-15,0.766051229012413,1.78682304571044e-120,6.81310036702342e-114,6
"20041",4.92748587802056e-10,0.409722222297033,8.05952103716964e-05,1.66676649983902e-13,0.562555208443143,0.0276419735565378,3.12529232792833e-24,2.63495363938122e-19,5
"20044",4.21441715461053e-11,0.00338055180830604,0.0433652243357399,1.30782035159729e-14,0.948919839188659,0.00433438462513816,5.40042883001764e-30,3.46307679987988e-17,5
"20047",0.987095729374769,3.09745171716476e-25,0.00622739698812449,3.70844351255356e-30,0.00657562662372227,0.00010124701338399,5.3419010927157e-112,1.8710724759194e-41,1
"20050",7.96673264739412e-05,6.01397999260174e-06,0.00397163366489516,1.44848357015653e-30,0.0303637241027602,0.965578960925878,1.5944696003999e-37,2.10902863468176e-24,6
"20052",8.88995986700948e-06,0.794342811653731,2.5962105773577e-06,3.26638451792991e-13,0.113379708923164,0.03444658014543,0.0028734319779482,0.0549459811289548,2
"20054",0.815766196330263,4.67122837575689e-07,0.000382799037310981,1.81004839039268e-09,0.183850535668834,3.07058042612441e-11,4.66085765266153e-40,6.69021175382639e-20,1
"20056",5.55994048993019e-18,1.87454027016971e-11,0.164764785405858,7.65829210634143e-11,0.00043387224479402,9.44481079615499e-12,9.34262856473465e-20,0.834801342244575,8
"20058",0.974495255844265,5.69294870389568e-13,0.000730453973486781,5.23863026036772e-19,0.0246655205094346,0.000108769672244824,2.86019914349979e-66,1.32924847131199e-54,1
"20060",8.77631451911935e-12,0.877654506854682,0.0129156315267423,3.60627572292161e-06,0.0542782780253901,8.78967696737378e-05,0.0550600798190808,7.19931999560806e-10,2
"20062",1.28823222804605e-06,0.835561962217809,8.32083807001142e-05,1.0667893048824e-07,0.164123958273547,0.000130056371721421,9.94112596866467e-05,8.58537676137209e-09,2
"20064",0.92051319976996,0.00407165441175622,2.17225964711381e-06,3.87676460836943e-11,0.0753816302258291,3.12542122689883e-05,1.65985796132725e-15,8.90817690298009e-08,1
"20066",0.804790379162489,4.0445830892305e-22,0.153594670382436,9.67926480062963e-15,0.0416149504550023,6.30770103838864e-14,1.04466023825288e-79,2.53763205420546e-30,1
"20068",7.52612248928407e-18,0.67804128169235,0.00035900342913043,0.000791520822036014,0.00011782269633227,2.91895616334705e-06,0.320687452400308,3.6798928645401e-12,2
"20070",1.13547677970893e-16,0.982479889179057,0.00019888699715716,3.07735989469601e-12,0.000253118711768637,0.0170305612514516,3.75438574876748e-05,2.89924981271705e-21,2
"20072",0.0284799872260735,6.44372101706218e-10,0.233247773300601,9.74551339675986e-07,0.738271264275654,1.95970995893742e-12,5.40028948838035e-64,5.27982114485669e-49,5
"20074",8.75599644971347e-48,2.23848820020508e-15,0.00413184269726078,2.24841227203082e-05,6.89835035111615e-15,3.09500922579091e-24,1.64438459564132e-25,0.99584567318001,8
"20076",4.640566287614e-12,0.000641882586291647,0.218601695462716,0.420698316604247,0.0645179196299121,5.39462665938134e-19,1.51337146038906e-15,0.295540185712192,4
"20078",0.147259365309454,0.00578181546263969,7.69374657206097e-07,1.62985928693668e-16,0.840650161337886,0.00630788851487984,6.9632828345007e-26,4.83446309452161e-13,5
"20080",0.99754438475741,4.86376253716924e-14,9.63997050896558e-05,1.07618559783289e-25,0.00220935052305769,0.000149865014394233,5.25498488704723e-74,1.18699770864225e-34,1
"20082",1.51980923740728e-07,2.32611722449178e-23,0.00912583605583281,3.16952313022145e-48,2.44488401080817e-09,0.990874009518359,2.11913027724439e-73,3.59635032976946e-62,6
"20084",0.00557189586449012,1.33772655936007e-06,2.67530536172893e-05,2.91490868156955e-20,0.990207134174989,0.0041921404001528,1.81610015251584e-29,7.38780191860433e-07,5
"20087",0.087070032667441,0.00408666345284485,2.06334736793489e-05,2.78830306609245e-10,0.9086962457637,0.00012642436350423,1.99052114252997e-32,9.41988229221602e-28,5
"20090",0.96599428819724,2.2372930008982e-11,0.000771355764185086,1.10723829108833e-29,0.0240716241257671,0.0091627318904344,3.04459643089776e-72,4.98677925315481e-36,1
"20092",7.77903561412321e-14,1.21944438233672e-06,0.0039927400988765,2.34579239606677e-24,6.72092071572919e-06,0.995999319535948,7.13858997275718e-45,1.67663728105962e-70,6
"20096",4.01475170825121e-14,7.75882752847157e-05,1.21984765258332e-05,1.65244232880465e-29,9.24419424503741e-05,0.999817771305699,4.50199066292883e-20,4.04355566500656e-21,6
"20098",2.21992812408877e-12,0.0903541029494381,0.00230468013558917,5.50676909799127e-09,0.00954697201003116,0.00026613506382334,0.206916715137534,0.690611389194595,8
"20101",0.824613789923403,4.58604593302698e-10,0.000283957121657732,3.39372432338457e-22,0.174942616667511,0.000159635828388597,4.98828356456477e-53,4.35946348138278e-13,1
"20104",9.51594104462021e-40,4.99465685935227e-10,0.947414575354784,1.93751970313541e-21,4.59290688476174e-15,0.0525854241457453,2.89927957988976e-28,7.49200013861561e-50,3
"20106",0.984132902905963,3.25127238181809e-06,3.72279490388452e-05,3.51484445128309e-18,0.0158250002084551,1.61766383560326e-06,3.05302066684834e-36,3.26283825361523e-13,1
"20108",3.65157688447363e-11,0.915322357413456,0.00120419211539317,2.30261043857684e-05,0.0331996583050807,1.58765596051298e-06,0.0501580622887739,9.11160804338131e-05,2
"20110",5.78744436866295e-15,0.0021671327053356,0.00311538842163009,1.0217992168294e-22,0.00131445345746479,0.993402966150887,1.60817773853208e-16,5.92646769935762e-08,6
"20112",0.109507914692154,8.1985305703491e-05,0.00163026078127674,1.10572873432704e-22,0.856341463561399,0.0324383756594668,1.08341898298351e-34,2.71062685666986e-20,5
"20114",0.00338046033417133,1.12545388972306e-06,0.000409747334638161,1.54118541297224e-13,0.996134077989474,5.20250529592635e-05,9.15069639017802e-20,2.25638347129529e-05,5
"20116",0.226846249076532,2.20935919299555e-05,0.000472838474424406,6.13457362276156e-07,0.772643836370209,3.04925265528393e-10,2.36300923127839e-26,1.43687246171153e-05,5
"20118",0.00439569356386803,0.77126651687888,2.19324020281378e-06,1.62212318330902e-11,0.211032056887501,0.00461389177516634,0.000192611815574918,0.00849703582258526,2
"20120",0.0219676105051774,2.24942015727971e-07,0.0114220414376957,3.55600204963943e-21,0.910051030905845,0.0565590922092008,3.21636773707505e-33,6.52518523053e-14,5
"20122",1.45987362905849e-23,1.84387429601012e-07,0.00018382337388998,3.07889081134811e-06,2.57092475579865e-07,3.2755901177696e-14,9.49376624248594e-11,0.999812656160423,8
"20124",0.307525987472879,1.24083590996091e-08,0.000115384977677072,2.30728415387726e-19,0.687998626816906,0.00435998832417912,7.42262078169514e-71,6.01773806338071e-44,5
"20126",4.0512813474084e-16,6.00323985744355e-29,0.719236565793789,6.56714387671331e-41,3.23281601251128e-09,0.280763430973395,1.26645052752451e-108,1.60229654788996e-74,3
"20128",4.43996449887359e-05,2.77576747960682e-36,0.989977172505888,4.09921292768607e-42,3.49948888964695e-06,0.00997492836023393,1.18426676013218e-158,6.16003691880105e-83,3
"20141",6.35184743011309e-28,3.40651695828909e-07,0.0643089387248816,4.00718440586434e-25,2.66487444882918e-11,0.935690720596773,3.35991460684843e-16,7.55547886060758e-26,6
"20143",1.60594827729086e-41,8.97852699006924e-17,0.970830195996285,0.00617951004838118,1.50801111085731e-10,1.9765638764876e-19,6.72225986697176e-41,0.0229902938045328,3
"20145",0.946668094663318,0.000764031920829427,8.07496524661244e-06,1.08718615963914e-19,0.0460649984701717,0.00649479998043417,7.91069679258558e-23,4.8357754182726e-17,1
"20147",0.979283872165032,0.000702992698184766,1.57736995299125e-07,1.13561594437165e-15,0.0197393859208443,0.000273591478935294,1.61443644190741e-28,7.1750608267269e-15,1
"20149",7.68134110718136e-29,7.55555094630985e-08,0.00343437899804214,1.28768343322011e-10,3.24042561534916e-08,1.65822605492348e-12,1.18599894050876e-07,0.996565394311872,8
"20151",1.05986805728331e-12,0.0261326950901977,0.000113701877189204,1.575434967962e-08,0.00237681556718706,2.68947781775595e-06,0.881358810636038,0.0900152715961606,7
"20153",6.14027748439387e-15,0.000129569428461553,0.0864486827796536,2.28359820181616e-17,0.00494202438431484,0.366500177016558,1.2450693548487e-09,0.541979545145936,8
"20155",0.661169990840994,0.000648619162048324,8.25762223350367e-06,2.22430047261851e-15,0.338043589605811,0.000129542768910823,8.62827581393298e-46,6.23272269100961e-23,1
"20157",5.67333465556172e-18,0.00319457663005056,0.0689625061896202,1.35386626021656e-07,0.00160376015859355,1.56405032357143e-05,0.0674112714834509,0.858812109648423,8
"20160",1.6891999583464e-35,2.845821053363e-16,0.000267849369664287,1.50623239656172e-11,2.56916300013305e-12,7.39912085342414e-19,5.95224226251387e-20,0.999732150612704,8
"20162",7.05711593546388e-33,5.68021003042755e-08,0.000285129321057289,4.86817361145994e-08,3.21453184941296e-10,8.90756972945355e-14,1.58832510638351e-05,0.9996988816225,8
"20164",1.25015349708855e-19,0.000211036136090079,0.0348385384632808,2.62157065656833e-11,0.000617153197744176,4.70505373362925e-07,1.48170388254393e-12,0.964332801669814,8
"20166",0.000673035932098256,5.70632356359671e-20,0.910504666717728,2.10065817312889e-09,0.088822295249516,2.59077365708404e-22,1.56320805144172e-73,3.98833507363646e-18,3
"20168",4.95139962688114e-25,1.56202740397787e-22,0.954653114070607,0.0453467687248778,1.17204515014637e-07,1.31268031617306e-31,3.99090605529724e-72,4.34025641046296e-25,3
"20170",9.03116275182765e-16,0.000174423589126361,2.04390599197011e-05,2.69350458536345e-09,0.000102263203979785,0.000257059459843824,0.00120289635601508,0.99824291563761,8
"20172",0.969877629679754,0.000614945551065119,3.24604248539245e-06,5.40026954470185e-15,0.0264277966288499,0.00307638209784038,1.85624985882598e-29,1.00584161609664e-31,1
"20174",1.57860886609617e-30,0.00631261594670565,0.025886868416616,0.0949899870178821,3.32311207356362e-08,1.56228663219142e-14,0.868030432550074,0.00478006283758539,7
"20176",5.45580936305162e-24,2.39754011648818e-12,0.667065717975071,0.332884538766552,4.97432559800229e-05,1.67832066623819e-25,9.19964135706436e-51,4.13099425906395e-26,3
"20178",5.73389941371378e-36,7.65115727045494e-18,0.000618146709304339,6.21588317859497e-14,7.70670417130393e-13,1.40852497721503e-18,3.20528927518928e-22,0.999381853289863,8
"20181",0.215304078477624,5.50981916416405e-14,0.0931808044423039,3.99156248909597e-11,0.691515117036138,1.71615714647643e-13,1.95689041552582e-52,3.79100947712123e-12,5
"20183",1.1321588792126e-07,0.959008693965953,0.000120618466571123,4.282751303624e-09,0.0121865267279398,0.0279018526671512,0.000782190673745401,5.02883253600673e-18,2
"20186",3.93317629828566e-09,0.958154908855531,0.0268939537836373,4.85896666071553e-06,0.00815881652411053,0.00678745793688426,6.05461838164171e-19,7.90870198003306e-48,2
"20188",2.84190956548741e-35,4.68867896750198e-12,0.000903292501635576,8.4076939245479e-09,1.14208237154246e-10,8.49890957696606e-15,1.34569121411361e-17,0.999096698971765,8
"20190",0.99544576690129,3.91998372024944e-13,0.000817122342845346,7.51335411301974e-18,0.00373711029252487,4.62947716904638e-10,1.11274891892836e-59,6.63349035247348e-29,1
"20193",5.1297822171313e-28,8.26174805135826e-21,0.999991615499794,4.22145552670197e-06,1.48893444914359e-06,9.47095284807166e-29,2.89503448010678e-64,2.67411023038845e-06,3
"20195",2.97600616387587e-12,0.00436104178276121,0.0105429495024433,1.04276849234921e-09,0.095852424270483,5.48994157810405e-06,5.13687662878268e-13,0.889238093456476,8
"20197",0.958460907240424,0.00241091022938569,8.5002527169266e-07,3.9046697233967e-14,0.0376611252151597,0.00146620728972023,5.69141886594588e-32,1.00330811103108e-24,1
"20199",4.3591209993794e-27,2.15785478111643e-05,0.0003317266263606,4.51095611950395e-09,1.80915683205045e-07,8.4754133566576e-06,7.22716532486303e-08,0.999637961714179,8
"20205",1.52393260571561e-14,2.21451960358932e-17,0.0278733337552737,3.11093460577582e-47,2.60505357974262e-10,0.972126665984206,3.10985986931564e-65,1.78487541077526e-72,6
"20208",2.59371553642835e-09,0.412012251114239,0.0091420843247587,4.06828484086524e-06,0.567068236658088,0.000597517745207073,2.17497479612514e-05,0.0111540895311894,5
"20210",9.74842415556429e-29,4.74342061552522e-07,0.000189303648915222,1.80927967086167e-08,9.61359314592281e-09,3.54852306535118e-11,2.72372353923978e-06,0.999807470543609,8
"20212",5.79295747783823e-17,0.0036672042492077,0.00676533228692593,3.8422618231393e-10,0.00110133530769048,2.63071035692255e-06,4.47422085753074e-06,0.988459022840735,8
"20216",0.185766748862044,1.13691752148e-06,0.00158452232454974,1.88618302160163e-12,0.812647102601007,4.89292991013304e-07,8.88684023106775e-30,5.67312793423346e-16,5
"20219",0.0132127925164966,2.99282181025903e-06,3.89280496675054e-05,3.18681996310329e-32,0.0725885519028879,0.914156734709138,2.46155128115955e-35,6.957028740019e-22,6
"20223",0.000104408412690263,1.72271442991137e-20,0.957277137117453,4.19091831020795e-11,0.0426184544279459,1.16924226042138e-15,9.35202676883748e-118,9.5017282760028e-74,3
"20226",1.66031784538908e-08,0.783642686123073,0.000799939040365791,1.65789807410843e-14,0.209903907739451,0.00565345001898503,4.09956053193e-18,4.74931068825682e-10,2
"20230",0.992228059936535,4.7598072971292e-16,0.0030900573883877,3.54298665648299e-19,0.00468185135030717,3.13247695014736e-08,2.95463603075088e-72,2.76301867115091e-38,1
"20233",2.93782950385674e-44,2.31901987387576e-20,0.135584731490559,7.27455686147318e-47,1.47445615629568e-20,0.864415268509441,5.88597880281022e-41,1.18136713478929e-55,6
"20235",2.8780927635337e-05,6.05996375801944e-10,0.0356512758326772,8.55257672672983e-16,0.963877077686765,0.000442864946924945,6.57027848011559e-80,1.57049476382387e-64,5
"20239",0.000489902060726086,0.00284974517763557,0.000438216433604067,1.7012683224745e-06,0.996220267598548,1.67461164058806e-07,1.84919357130171e-40,1.87702559545506e-32,5
"20254",2.08427283483993e-06,4.37171217591977e-24,0.0218363116961258,7.18743795665979e-48,8.09212152327883e-09,0.978161595938918,6.13235375176022e-86,1.84789339158897e-64,6
"20256",0.898825432837799,2.43092092742533e-07,3.2129747629671e-06,2.94313962331785e-14,0.100823227710331,0.000347883384985577,6.33893672685731e-58,9.35996768018805e-42,1
"20262",1.34874678560082e-16,0.000404904738864625,3.62386160328295e-05,2.57406174735297e-08,3.81039729369386e-05,6.83856854740909e-07,0.0204741248891584,0.979045918185535,8
"20270",3.83064876559018e-08,1.27069667521086e-12,0.441241549898862,9.21662436668171e-09,0.558758402576754,1.25376611282339e-15,3.82414079650096e-42,1.67502955256101e-18,5
"20284",2.30572112134589e-12,0.000554236537896451,0.0401147103878529,1.92142510827311e-19,0.000701435556741949,0.958629617515153,4.99368431071298e-14,2.60455181460442e-30,6
"20287",0.965547049686798,1.06553063183506e-18,0.0075663102189974,6.72714149778732e-20,0.0268866396684579,4.25746849282506e-10,3.94471853656758e-106,2.25023743991928e-56,1
"20290",2.60585106142921e-14,2.87667227068495e-13,0.0637723154048921,2.95050758050853e-33,2.26798238483063e-07,0.936227457796556,3.39206425817473e-38,1.74151048986563e-33,6
"20293",0.786289984752872,0.0430043753724542,1.41979482851106e-06,5.95581794922281e-13,0.155141761072005,0.015562459007244,2.82327186653656e-17,3.4756221528926e-17,1
"20296",1.03794556747175e-09,0.0538803074661098,0.0239139705743581,0.115168056999183,0.0663510770580124,6.12997404946806e-15,3.64218864306728e-07,0.740686222645521,8
"20301",0.071537924259692,1.21943887718948e-26,0.88554302880802,1.03742675648974e-22,0.0429190469315166,7.71011898913777e-13,1.65892229234199e-129,9.8449881679341e-33,3
"20304",7.17993390006968e-08,4.02854249427238e-21,0.00395876587150777,3.20909975323071e-46,1.73594311272113e-09,0.99604116059321,2.78909456917201e-68,3.2501221785412e-62,6
"20306",0.949750573253529,3.84385573184231e-13,0.00454844284798974,4.2844335602609e-21,0.0448520481070279,0.000848935791069398,4.69887408274617e-72,9.10361677922621e-51,1
"20309",0.00722626067347954,0.0104990072147552,0.000447267760674244,2.47201138482023e-15,0.93765864075647,0.0441688235946189,1.42419265897474e-19,2.22116093960518e-17,5
"20311",0.00841777645747967,1.914339848644e-07,5.201149269203e-05,5.03902806329114e-15,0.991522658579966,7.36203583061756e-06,9.16722903840712e-40,4.20285125480601e-14,5
"20314",4.95076316718381e-08,0.0420806419577886,2.21897026976422e-05,4.23684802504464e-10,0.0142728676392904,0.000485319567579576,0.873627874493724,0.0695110567076028,7
"20318",6.65899656655538e-27,1.44551704803093e-18,0.984180631593613,3.02084615563085e-05,2.59406034170817e-06,5.68506532204695e-20,2.50333887098674e-37,0.0157865658844892,3
"20320",3.71550958580146e-16,0.678904928041549,0.306051664939434,6.43967020750974e-15,0.00697406977246685,0.00806933724651466,2.8268562303774e-14,2.20335053441695e-16,2
"20326",4.98982425851219e-07,0.494749964762849,0.000477388489381074,2.82548987340726e-12,0.214504864111927,0.0114303398209818,0.258274678138053,0.0205622656915571,2
"20328",3.47348106579648e-12,0.979805688182679,0.00934448414428858,2.17839991503846e-16,0.00265456025116098,0.00819526741839406,3.32767898330488e-15,3.44112916560226e-33,2
"20330",0.000529727289700437,0.00058726894681325,0.000178874505137089,1.56104542318074e-16,0.998061417428813,0.000642711829535464,2.25093441197645e-52,2.55204626826394e-31,5
"20336",3.46673023422685e-07,5.67935845272262e-06,0.00317373869111744,1.73943418036455e-28,3.33094449210536e-05,0.996786925832485,1.79470338138835e-25,9.53614653868606e-45,6
"20338",9.55014136460862e-08,3.90388786151763e-10,4.54683217632408e-05,3.01086956174215e-42,0.000158679272920032,0.999795756513514,1.18346611055598e-41,3.15252669095023e-28,6
"20340",0.769857039902342,6.34203586258396e-15,0.00486123280032967,1.10363696061542e-17,0.225273140345779,8.58695154303234e-06,2.79165856728851e-79,2.91919436495888e-45,1
"20342",1.19982604603813e-37,3.05351189568672e-26,0.999977866706786,8.93423865883606e-36,6.75955739359734e-13,2.21332925382076e-05,9.87153024059577e-96,2.783211627013e-50,3
"20344",0.652475814595499,3.72453621706873e-08,0.00624925282323159,9.8625359922202e-17,0.340751008596177,0.0005238867397301,1.22039629305689e-43,1.36766267113386e-34,1
"20349",0.966944852908861,1.07182043416406e-11,0.000299790517467372,1.32229379486143e-15,0.0327481611507818,7.19541216986386e-06,4.43147466847119e-62,6.79195062686596e-44,1
"20351",9.85246106852123e-05,0.0113081369050915,7.94173426712644e-05,1.62072397909168e-14,0.958787488117762,0.0297264330237737,3.26039497719209e-21,9.62545670741729e-17,5
"20353",0.0301160540502893,2.49011443594641e-05,0.00177415419122619,2.06905913217582e-22,0.789341446831891,0.178743443782234,4.77994551745569e-60,3.52794372754839e-38,5
"20357",3.43779235942065e-11,8.54062111247019e-18,0.0285322929957524,3.7602478730664e-39,9.37161084782326e-09,0.971467697598259,1.17490404911887e-75,1.52585953724201e-82,6
"20360",1.05166256776661e-22,2.12438791224558e-13,0.999634165181897,1.21175652581779e-21,1.80703541463076e-05,0.000347764463744819,2.25274435709889e-87,1.64450266029401e-62,3
"20364",0.399603309336832,0.00675025995040002,0.000355924445473395,2.29914768871228e-19,0.580191963267784,0.01309854299951,3.85257810855237e-22,1.18606608210219e-19,5
"20366",3.05699826114714e-16,1.49052132298112e-10,0.0301550210477655,5.9708329794782e-34,4.74047961164873e-09,0.969844974062703,1.56496656081333e-34,9.66975089473662e-49,6
"20381",1.99599379864781e-43,6.28486735968044e-08,0.999929355345796,7.05812319535503e-05,4.16646048720582e-10,3.61156110033291e-15,1.74957875341771e-19,1.56927355232534e-10,3
"20391",5.72227576325612e-11,0.000633829419787868,0.976692668790893,1.6758397217456e-05,0.0226080181226587,4.87252122197878e-05,1.40041604287891e-42,8.18577155556611e-65,3
"20394",2.15728405305244e-15,0.994779584547176,6.52132998190341e-05,0.000162362211855998,0.00092356935854205,9.6365975297911e-06,0.00405963114956552,2.83550983614164e-09,2
"20396",4.59214786227083e-42,0.000534375213700831,0.00553067125479221,0.993816193463182,5.57298544579577e-11,1.05379945422745e-15,6.84844085851103e-07,0.000118075168508374,4
"20409",2.34849351257318e-05,3.13229019472706e-06,0.00175912341913546,1.62738845107303e-12,0.998190933388816,1.6033751795874e-05,1.7949149422604e-16,7.29221330428107e-06,5
"20411",0.537213092576254,1.65960325157788e-06,2.67685710159845e-05,1.33685955627878e-25,0.0189156591734391,0.443842820076039,9.111453209549e-54,1.81947945887905e-52,1
"20416",4.23804981539474e-05,6.30158399033566e-32,0.222033041281243,6.83937778614057e-42,1.14784689896636e-07,0.777924463435914,1.86193733939451e-139,3.03466314686716e-103,6
"20418",1.78452044132565e-43,2.22312760622318e-06,0.00254483341274623,0.995617235832745,5.84136994073093e-12,4.88754063287453e-19,9.95439354972532e-08,0.00183560807712568,4
"20420",3.46022915563142e-36,8.98251896661723e-15,0.113817050197081,3.74988136919356e-32,6.82091067040432e-17,0.88618294980291,3.82988251762614e-28,7.79401980572235e-46,6
"20422",0.0547492924124952,7.18093350992063e-10,0.0878638716682777,6.97334325231777e-23,0.857386580736637,2.54464496915787e-07,8.41374516166122e-56,4.64985260413999e-23,5
"20424",0.457585447018578,2.61157695637485e-05,3.39828476998934e-05,3.9750087980067e-23,0.215988894123435,0.326365560240723,5.78846328033081e-52,2.79826025627915e-45,1
"20426",1.8384336113279e-36,3.32831954818158e-32,0.448139166169759,1.45032116733862e-47,1.67728820017474e-19,0.551860833830241,1.17410940826056e-74,1.6009629107197e-44,6
"20428",0.204974711468153,0.0752604090512752,1.70267259835805e-05,5.14776422845754e-05,0.719696262360748,1.12751555820721e-07,1.68912440407759e-23,1.88707855119418e-18,5
"20431",2.31618496719074e-10,0.00652169597878289,0.0645535268940783,4.24821687361986e-15,0.853213349149041,0.0756955321732684,7.17260424755287e-21,1.5895573207221e-05,5
"20433",0.000412869365107316,3.1065434692378e-17,0.498528313741557,7.58789260754725e-12,0.501058816885747,7.52700393847044e-17,1.62085479214889e-106,2.9491909203581e-48,5
"20436",7.17164520066468e-16,2.67150003324993e-15,0.837256152746181,0.159707188402549,0.00303665885126661,2.91688464072887e-27,1.67490156097302e-68,3.46691399747638e-28,3
"20439",1.48341835749656e-32,0.0286397981548478,0.027038602400385,0.076844689411115,3.8323821328199e-08,4.43267893448622e-14,0.86731222336173,0.000164648348056165,7
"20441",2.35693186333943e-14,1.13553780699743e-11,0.00397622123724539,3.42208296924531e-37,1.37340355990752e-06,0.996022405347816,2.32987262153435e-53,1.00590414745345e-48,6
"20444",6.70952414952248e-36,8.73239536458036e-13,0.000836345484654906,1.83263262985335e-11,4.86633979168852e-12,2.38490547050585e-17,2.66402404340276e-11,0.999163654464639,8
"20448",6.91471480207374e-13,1.38071528568634e-06,0.99111283324943,6.35511675699942e-15,0.00873290304395406,0.000152881684692715,1.80782810373085e-13,1.30575947996239e-09,3
"20536",4.55256977254811e-21,0.205139310201545,0.00248297468287784,0.7923667658592,9.93213605736076e-06,1.427137563489e-11,1.01710604785639e-06,1.48748069362082e-19,4
"20538",3.20511527699592e-06,4.06044889518921e-09,0.00101333543796975,9.61448914623864e-27,1.37952358656659e-05,0.998969660150439,2.41495167454209e-37,7.73773314672451e-52,6
