"","V1","V2","V3","best$classification"
"19812",0.687715778038651,0.00924358557742432,0.303040636383925,1
"19814",0.987072212994561,0.000178791988620472,0.0127489950168184,1
"19816",0.0125169235384503,3.86091343737461e-05,0.987444467327176,3
"19818",0.903259361039635,0.00022760730227037,0.0965130316580943,1
"19820",8.10019325921307e-06,0.000282117726466822,0.999709782080274,3
"19822",0.000196802094086318,0.0719393537731104,0.927863844132803,3
"19824",0.0147719289936887,0.000246664480692169,0.984981406525619,3
"19826",0.813509744363053,0.000197507685370526,0.186292747951577,1
"19828",0.00190080860714356,0.000923540836680615,0.997175650556176,3
"19830",0.991656036150942,0.00389529471636034,0.00444866913269805,1
"19832",0.0702143980506602,0.611871931931847,0.317913670017493,2
"19834",0.0629471075995148,0.0221674209230125,0.914885471477473,3
"19836",0.272840046010926,0.00116356729529402,0.72599638669378,3
"19838",0.998326617668735,0.000658445817541591,0.00101493651372331,1
"19840",0.0895834752306083,0.000203041382513461,0.910213483386878,3
"19842",0.999016820476437,3.02503256078876e-05,0.00095292919795496,1
"19844",0.988477042872358,0.000179592292268584,0.0113433648353733,1
"19846",0.999943796241517,1.22579562514552e-06,5.49779628579647e-05,1
"19848",0.999881473717087,5.15388399480368e-06,0.000113372398918052,1
"19850",0.999209928260539,2.18548495141678e-05,0.00076821688994734,1
"19852",0.206992859450895,0.000745612642432698,0.792261527906672,3
"19854",0.999783388253948,1.83727475493525e-05,0.000198238998502959,1
"19856",0.989226662506626,0.000339493526194449,0.0104338439671796,1
"19858",0.662206579429776,0.00447077705278319,0.333322643517441,1
"19860",0.301495458664707,0.00078080464789614,0.697723736687397,3
"19862",0.999944031323247,2.22239274312054e-06,5.37462840102569e-05,1
"19864",0.749016510498526,0.00214960905029269,0.248833880451182,1
"19866",0.00731600050601123,9.94648209089378e-05,0.99258453467308,3
"19868",0.0013737668838157,0.998502787793788,0.00012344532239664,2
"19870",0.998013011170519,2.3551693800552e-05,0.00196343713568057,1
"19873",0.91300266706168,7.42542668754614e-05,0.0869230786714448,1
"19875",0.00200252456139702,0.00109626710401829,0.996901208334585,3
"19877",0.979428096693067,0.000221185948237268,0.0203507173586963,1
"19879",0.574955980017885,0.00326444631124958,0.421779573670865,1
"19881",0.963868658621164,7.98468699508726e-05,0.0360514945088846,1
"19883",0.973642560636861,2.3837357350607e-05,0.0263336020057886,1
"19899",0.23623071526302,0.0195439637955485,0.744225320941431,3
"19908",0.22098759754148,0.189384784591918,0.589627617866603,3
"19910",0.42594296008717,0.000338261159428026,0.573718778753402,3
"19912",0.999649750323343,1.25538285533999e-05,0.00033769584810387,1
"19914",0.536750188765564,0.0147029715948779,0.448546839639558,1
"19916",0.0126081248781401,0.000389824798315795,0.987002050323544,3
"19918",0.998894759817929,1.76546435531662e-06,0.00110347471771606,1
"19920",0.999701597579301,3.68250674934573e-06,0.000294719913950064,1
"19922",0.16302170127324,0.771826259367664,0.0651520393590954,2
"19924",0.97745994759324,6.43762234082512e-05,0.0224756761833515,1
"19926",0.0840050107154204,0.0339483265927432,0.882046662691836,3
"19928",0.990190266482962,0.00100935906492602,0.00880037445211228,1
"19930",0.990699714963156,0.000151506851661907,0.00914877818518253,1
"19932",0.999406069129436,7.057246584633e-05,0.000523358404717931,1
"19934",0.0301903384874765,0.00451942506519508,0.965290236447328,3
"19936",0.910268511370518,0.00459020139056153,0.0851412872389203,1
"19938",0.00232849401481194,0.00578357226352592,0.991887933721662,3
"19940",0.814155617641086,6.63002429908754e-05,0.185778082115923,1
"19942",0.962420815926518,0.000249012820688709,0.037330171252793,1
"19944",0.1209850992093,0.000292772720597837,0.878722128070102,3
"19946",0.837924178223118,0.000306196971056329,0.161769624805825,1
"19948",0.9882431057411,2.78758551625057e-05,0.0117290184037381,1
"19950",0.999792589047937,4.1443029102118e-05,0.000165967922960652,1
"19952",0.9882431057411,2.78758551625057e-05,0.0117290184037381,1
"19954",0.998201041496493,4.06246368793987e-05,0.00175833386662783,1
"19956",0.999384186615052,0.000499274637530941,0.000116538747416911,1
"19958",0.0214504290742593,0.977379722625192,0.00116984830054908,2
"19962",0.816096450333963,0.00396957131461095,0.179933978351426,1
"19964",0.933075022309421,8.28475637498883e-05,0.0668421301268292,1
"19966",0.00047508294482841,0.000265492675718319,0.999259424379453,3
"19969",0.993722699919521,4.46571314165784e-05,0.00623264294906266,1
"19972",0.998384616439828,9.05247762741375e-06,0.00160633108254475,1
"19974",0.999983993127236,4.25422432785089e-07,1.55814503318088e-05,1
"19976",0.97005880670538,7.90610755575667e-05,0.0298621322190621,1
"19978",0.227943557875625,4.45008544363636e-05,0.772011941269939,3
"19980",0.999912323232974,8.82315674836058e-06,7.88536102774555e-05,1
"19982",0.998327709948507,0.000218622542943441,0.0014536675085498,1
"19984",0.996525426701751,5.6213761417537e-05,0.00341835953683193,1
"19986",2.11581349414232e-05,0.0010201434573363,0.998958698407722,3
"19988",4.45868530234044e-06,0.0017188695246112,0.998276671790086,3
"19992",5.1105829059209e-05,0.00182896713804651,0.998119927032894,3
"19994",0.982785021573093,0.000592544897499835,0.0166224335294074,1
"19996",7.08063516584444e-05,0.000288664361019091,0.999640529287322,3
"19998",0.870146496596376,0.000788322438054817,0.12906518096557,1
"20000",0.949890021939774,0.0486567875508914,0.00145319050933444,1
"20003",0.878523308023474,0.00336680454772932,0.118109887428797,1
"20005",0.999940629338857,1.8006328486226e-06,5.75700282940806e-05,1
"20007",0.21713934494917,0.00653715669439928,0.776323498356431,3
"20009",0.00600590483141642,0.00174164452260425,0.992252450645979,3
"20011",0.988102474665516,3.72024309010256e-05,0.0118603229035825,1
"20013",0.997425934866377,8.8579438656138e-05,0.00248548569496655,1
"20016",0.000267774651303941,0.00994317395995463,0.989789051388741,3
"20018",1.11602638585301e-06,0.973988192144241,0.0260106918293727,2
"20021",0.00468609171185705,0.000989222139225029,0.994324686148918,3
"20023",0.0471988598263088,0.00308563349863725,0.949715506675054,3
"20025",0.000145284386721908,0.399437159528956,0.600417556084322,3
"20027",0.996663828732546,7.08343245780893e-05,0.00326533694287614,1
"20029",0.999746122901133,1.39270700692438e-06,0.000252484391860763,1
"20032",0.99666355146185,0.000138500768020675,0.00319794777012933,1
"20034",0.971045369770829,8.88568356974174e-05,0.0288657733934733,1
"20036",0.940770613892488,0.00301008888742184,0.05621929722009,1
"20038",0.000211016939008312,0.0108679699699315,0.98892101309106,3
"20040",0.000211055261572758,0.0200758808247546,0.979713063913673,3
"20043",0.00224216757918984,0.00199433987133354,0.995763492549477,3
"20045",1.13612453178762e-05,0.0139458345141623,0.98604280424052,3
"20048",0.999244949810803,0.000205420443561023,0.0005496297456364,1
"20051",0.507340520329377,0.0333453272104316,0.459314152460191,1
"20053",0.0250868563829131,0.000296792945338654,0.974616350671748,3
"20055",0.00887032153044284,0.134173987706239,0.856955690763318,3
"20057",0.00500324608390597,0.994978060203885,1.86937122085615e-05,2
"20059",0.0156637060311425,0.00500859636527098,0.979327697603587,3
"20061",0.08164251115742,0.00105366022686741,0.917303828615713,3
"20063",0.259553821677375,0.0420341573086821,0.698412021013943,3
"20065",1.03838416339628e-05,0.785133445098113,0.214856171060253,2
"20067",0.00193439774953744,0.0201655422662208,0.977900059984242,3
"20069",0.99986196051927,1.65562070707204e-05,0.000121483273658751,1
"20071",0.430912683493631,0.0119303183635885,0.55715699814278,3
"20073",0.996300993051922,1.0121591870501e-05,0.0036888853562072,1
"20075",0.000633717281831241,0.999275683702254,9.05990159143818e-05,2
"20077",0.0246082289815673,0.00037597028347591,0.975015800734957,3
"20079",0.674586882159021,0.00564831415510668,0.319764803685873,1
"20081",0.00487445120599288,0.15019531847212,0.844930230321887,3
"20083",0.941518689999653,0.00988609134490733,0.0485952186554395,1
"20085",4.31181949211916e-06,0.00604687655816836,0.99394881162234,3
"20088",0.00045109661707849,0.00231192920768366,0.997236974175238,3
"20091",0.000389901312136043,0.992250748186328,0.00735935050153618,2
"20095",0.745338679926517,0.00200133803357331,0.252659982039909,1
"20097",6.08165722481876e-06,0.0199875943593227,0.980006323983452,3
"20099",0.0421016435497575,2.03083335554837e-05,0.957878048116687,3
"20102",0.360337466051995,0.608852015321592,0.0308105186264131,2
"20105",0.0155201857950167,0.00100425414235185,0.983475560062631,3
"20107",0.000730312301538066,0.000418199684217582,0.998851488014244,3
"20109",0.283042258148665,8.44512074588816e-05,0.716873290643876,3
"20111",0.583794365341513,0.415428473462311,0.000777161196176145,1
"20113",0.0110662368989039,0.000621181155824656,0.988312581945271,3
"20115",0.99775645152732,0.00115028267845179,0.00109326579422812,1
"20117",0.00966726320129684,0.669467648751348,0.320865088047355,2
"20119",0.000517134673915431,0.000142518992824906,0.99934034633326,3
"20121",0.000105883294167636,0.000987079589871089,0.998907037115961,3
"20123",4.84655862003674e-05,0.995045312742908,0.00490622167089127,2
"20125",0.999133141573093,8.49612536675891e-05,0.000781897173239166,1
"20127",0.000123471019380455,0.000914802727527713,0.998961726253092,3
"20140",0.0370602011650894,0.392469450724512,0.570470348110399,3
"20142",0.999799353661919,5.00636064654058e-05,0.000150582731615007,1
"20144",0.98242710281933,0.0166580700029377,0.000914827177732114,1
"20146",0.981238998908504,0.00566759753415598,0.0130934035573404,1
"20148",0.939412130889723,0.00106380164888883,0.059524067461388,1
"20150",0.99998042464621,9.51843987435622e-07,1.86235098026096e-05,1
"20152",0.818123575715326,0.00128738271253671,0.180589041572137,1
"20154",0.000135730227684326,0.940584072628742,0.0592801971435738,2
"20156",0.295425591238039,0.0227596069227889,0.681814801839172,3
"20159",0.999828879956119,3.3010453624516e-05,0.000138109590256474,1
"20161",0.987347577480706,0.00117473526564569,0.0114776872536478,1
"20163",0.685033661598747,0.00880963537536242,0.30615670302589,1
"20165",0.686448033639126,0.00171449910353284,0.311837467257341,1
"20167",0.985172691502171,4.90478042165241e-05,0.0147782606936126,1
"20169",0.999598183506281,0.000109860813238175,0.000291955680481049,1
"20171",2.6805834713406e-05,0.982914778191871,0.0170584159734158,2
"20173",0.449685215009305,0.000383393140815405,0.54993139184988,3
"20175",0.99385602494985,9.28928869458082e-05,0.00605108216320362,1
"20177",0.0400713277257098,6.13431063406083e-05,0.959867329167949,3
"20180",3.54344350167266e-05,0.00424450312347179,0.995720062441511,3
"20182",0.997305357627402,0.00266792388968673,2.67184829107158e-05,1
"20184",0.998267369264437,4.20484755109808e-05,0.00169058226005171,1
"20187",0.72292654962547,0.000110539292290599,0.27696291108224,1
"20189",0.0466791490716316,3.33265701337149e-05,0.953287524358235,3
"20192",0.0102769723103993,0.12658323390501,0.86313979378459,3
"20194",0.999121281304116,2.61094011699783e-05,0.000852609294713876,1
"20196",0.000249923880318803,0.180058760679711,0.81969131543997,3
"20198",0.45703034620996,0.0134006856313881,0.529568968158652,3
"20204",0.999813681539456,3.7573938678817e-05,0.000148744521865554,1
"20207",0.0010026342386595,0.113214121787941,0.8857832439734,3
"20209",0.764832878720244,0.224181436779023,0.010985684500733,1
"20211",9.23951779036095e-05,0.996236581303961,0.00367102351813593,2
"20215",0.0169711874755157,0.00272620254794838,0.980302609976536,3
"20218",0.999853009926199,2.52635089160509e-05,0.000121726564885206,1
"20222",0.0110735740838876,0.0860339494234627,0.90289247649265,3
"20225",0.997653935245369,0.00142297690058455,0.000923087854046715,1
"20229",0.624026171942768,0.23804760745721,0.137926220600021,1
"20232",0.0418919667316697,0.0295271213110518,0.928580911957279,3
"20234",6.1298820759905e-06,0.126180586494578,0.873813283623346,3
"20238",0.00134262689253986,0.00316642996512682,0.995490943142333,3
"20253",0.000589571751399281,0.00195883314989893,0.997451595098702,3
"20255",0.992115671133199,0.00331245488475543,0.00457187398204528,1
"20258",0.00027704706489824,0.000198939716461619,0.99952401321864,3
"20269",0.153440506181472,0.000296903767007752,0.84626259005152,3
"20271",0.00114105240674789,6.4185429861165e-05,0.998794762163391,3
"20285",0.918897863253168,0.000289347446512949,0.0808127893003192,1
"20288",0.0231565392323842,0.004777597915764,0.972065862851852,3
"20291",0.000609964474895984,0.236612248225976,0.762777787299128,3
"20295",0.31231722790992,0.000389567206509334,0.687293204883571,3
"20298",0.999674297271453,2.7819301282337e-05,0.000297883427264878,1
"20302",0.997553770466414,2.05642664314409e-05,0.00242566526715516,1
"20305",0.999702788944055,1.41032119023599e-05,0.000283107844042344,1
"20307",5.4427407840965e-05,0.00113734457522929,0.99880822801693,3
"20310",1.04720201843603e-05,0.00449638006616431,0.995493147913651,3
"20313",0.999948536341881,5.6868881736701e-06,4.57767699459176e-05,1
"20315",0.000994981129282035,0.000316429386598308,0.99868858948412,3
"20319",0.000294853708772985,0.553281118555261,0.446424027735966,2
"20321",0.000549601579643679,0.000279959444099337,0.999170438976257,3
"20327",0.000228546016245979,4.04168923700837e-05,0.999731037091384,3
"20329",0.997485595098044,5.51670936911147e-06,0.0025088881925871,1
"20335",0.000100634890625885,0.133692613890758,0.866206751218616,3
"20337",0.999792526356675,2.9536196228888e-05,0.00017793744709638,1
"20339",0.0107878253502814,0.965867688260689,0.0233444863890299,2
"20341",0.000691802996874272,0.950382023880057,0.0489261731230692,2
"20343",0.000354399396123998,0.0165602495078834,0.983085351095993,3
"20345",0.94011639040233,0.000601842249640383,0.0592817673480295,1
"20350",0.28983057416274,0.264367648715121,0.445801777122139,3
"20352",0.99926259866937,7.80278566122635e-05,0.000659373474018,1
"20355",0.970172553879539,0.00185785697371881,0.027969589146742,1
"20358",0.999579521778997,1.88322440281749e-06,0.000418594996600579,1
"20363",0.00101779476459715,0.000260410628064943,0.998721794607338,3
"20365",0.010093620859747,0.471918348699063,0.51798803044119,3
"20379",0.994578316668452,0.00239797261306612,0.00302371071848201,1
"20387",0.000598820493488412,0.00284596387933775,0.996555215627174,3
"20392",3.28984795655902e-05,0.99203975724568,0.00792734427475483,2
"20395",0.911617597430754,0.0018088374757996,0.0865735650934463,1
"20397",0.999715303189772,1.06065979780829e-05,0.000274090212249431,1
"20410",0.0028417500266842,0.00107033141485653,0.996087918558459,3
"20414",0.997930010606757,2.17571469737288e-05,0.00204823224626944,1
"20417",6.36213671626001e-06,0.849225226367785,0.150768411495499,2
"20419",0.000221936154162536,1.0086115464256e-05,0.999767977730373,3
"20421",0.963064294909399,0.0258530161375637,0.0110826889530376,1
"20423",0.998934114376406,0.000268166542662153,0.000797719080931806,1
"20425",0.996557747782823,0.00118912580755733,0.00225312640961944,1
"20427",0.795010649451407,0.000299404011862072,0.204689946536731,1
"20429",0.00188140085053142,0.00697146090394688,0.991147138245522,3
"20432",0.999761269835381,2.69776271426718e-06,0.000236032401904583,1
"20435",0.0514187501352968,0.031418966384557,0.917162283480146,3
"20438",0.00347640947709613,7.69312174812991e-05,0.996446659305423,3
"20440",0.00110632463403386,9.50997007315752e-05,0.998798575665234,3
"20443",0.982652210044121,0.00238295487668203,0.0149648350791965,1
"20446",0.412485795799571,0.00265876390207907,0.58485544029835,3
"20449",0.0574479904815308,0.0205085359405678,0.922043473577901,3
"20537",0.0124637040709924,0.24587372781956,0.741662568109447,3
"20540",2.68418926173775e-05,0.97681908016432,0.0231540779430626,2
"20543",0.631682985256213,0.00202180729716447,0.366295207446623,1
"20545",0.000108238786926592,0.996123285131415,0.00376847608165814,2
"20549",0.869078016328774,0.00991997097968365,0.121002012691542,1
"20551",0.0180658391189847,0.00329518312497605,0.978638977756039,3
"20554",0.00599932320928914,0.000289581306371586,0.993711095484339,3
"20556",0.374443350335416,0.217367755253302,0.408188894411282,3
"20558",0.000171417079342156,0.000496133625198832,0.999332449295459,3
"20560",0.0433876021253611,0.000272902481005392,0.956339495393634,3
"20563",8.44808463598808e-05,0.00070024159986976,0.99921527755377,3
"20565",0.196353254199072,0.00259874751173423,0.801047998289194,3
"20567",0.999446062523853,1.52054918502366e-05,0.000538731984297147,1
"20571",0.00400765138970248,0.0381504832526225,0.957841865357675,3
"20573",0.0390150689646628,0.00737835806642454,0.953606572968913,3
"20575",9.49711433200699e-05,0.000315108162138613,0.999589920694541,3
"20577",0.5532186906128,0.00901214426440133,0.437769165122798,1
"20579",0.999838781008397,1.92062165958196e-06,0.000159298369943407,1
"20582",3.94826125342903e-05,0.000367897724451857,0.999592619663014,3
"20585",0.00554151438933756,0.837715878027477,0.156742607583186,2
"20588",0.0160346814631019,0.960977953166816,0.0229873653700822,2
"20590",0.999965406545902,7.27617717289259e-07,3.38658363803959e-05,1
"20592",5.23496297578363e-05,0.000281783242422575,0.99966586712782,3
"20594",4.25126158602826e-05,0.000778989440398739,0.999178497943741,3
"20596",0.0294658758766875,2.29596626797049e-05,0.970511164460633,3
"20598",0.00756430213693195,0.000299824081312483,0.992135873781755,3
"20600",0.133679191089136,0.713719029174762,0.152601779736101,2
"20603",0.987481746957063,0.00853333236746803,0.00398492067546926,1
"20605",0.000283768188666326,0.000948533855725616,0.998767697955608,3
"20607",0.00139839331968315,4.77154149477996e-05,0.998553891265369,3
"20609",0.0181839911448951,0.000323228606606789,0.981492780248498,3
"20611",0.999531592053436,1.92263460135121e-05,0.000449181600550388,1
"20613",0.178757708331733,0.00756789443270393,0.813674397235563,3
"20615",0.398536892950202,0.107181145095579,0.494281961954219,3
"20617",0.999809587508728,3.90873063861075e-05,0.000151325184886282,1
"20619",0.000177078395218987,0.000139110669381684,0.999683810935399,3
"20621",0.0143880533266333,0.000883704080158808,0.984728242593208,3
"20623",0.97773386164275,9.27428912617314e-06,0.022256864068124,1
"20625",0.956399363381091,0.0393045984748651,0.00429603814404357,1
"20627",0.0518930053474446,0.00108639261196022,0.947020602040595,3
"20629",0.116486995965641,0.00563946459223973,0.877873539442119,3
"20631",0.000150991724456712,0.000434148062073739,0.99941486021347,3
"20633",0.999957802686826,3.74271564935273e-06,3.84545975246024e-05,1
"20636",0.997758444100956,2.37114148276723e-05,0.00221784448421632,1
"20638",0.460913693583451,0.149130944853241,0.389955361563308,1
"20640",0.00075244828077484,0.0758204349801606,0.923427116739065,3
"20645",7.3898664180743e-06,0.00799768279569163,0.99199492733789,3
"20647",0.999205641940639,0.000228056461652326,0.000566301597708914,1
"20649",0.0124044227744694,0.0149599933566308,0.9726355838689,3
"20651",0.000144966687136967,0.00574225518938646,0.994112778123477,3
"20656",0.00222886660355512,0.0440243959447789,0.953746737451666,3
"20660",0.0101644244465921,0.854294719806367,0.135540855747041,2
"20662",0.99808879213992,1.72538966532667e-05,0.00189395396342654,1
"20664",0.137822950850214,0.000102937334475562,0.862074111815311,3
"20666",0.82518551882687,0.167923608799974,0.00689087237315631,1
"20668",0.999754918419655,2.63813738780551e-06,0.000242443442956814,1
"20670",0.00251848988931743,0.000775493192377116,0.996706016918305,3
"20672",0.999735015878502,6.51626617534706e-05,0.000199821459744156,1
"20674",0.0557792664993815,0.000405724154638256,0.94381500934598,3
"20676",0.999955151043276,5.68888088887617e-06,3.91600758352127e-05,1
"20678",0.999968118834172,8.00530291216558e-07,3.10806355372199e-05,1
"20680",0.996532923963708,8.24115578984399e-05,0.00338466447839394,1
"20682",0.986195527206682,3.95568493806469e-05,0.013764915943937,1
"20684",0.0565522854734461,0.00629248104614324,0.937155233480411,3
"20686",0.999804038745479,2.69736513343155e-05,0.000168987603186784,1
"20688",0.999937119458437,1.28758786412721e-06,6.1592953699496e-05,1
"20690",0.000994759270693365,0.912651662442835,0.0863535782864714,2
"20692",0.999970918248282,1.33290144996897e-06,2.77488502686005e-05,1
"20694",0.999861498881256,8.61076964953769e-06,0.000129890349094706,1
"20696",0.996976097901968,9.6495349036471e-05,0.0029274067489956,1
"20698",0.127161512600133,0.0143654320317744,0.858473055368093,3
"20700",0.0109545606061825,0.000910254367177177,0.98813518502664,3
"20702",0.000143621957805821,0.837075195938554,0.16278118210364,2
"20704",0.0703649998117126,0.000918167346402035,0.928716832841885,3
"20706",0.70665209731374,0.0072186134569195,0.286129289229341,1
"20708",0.99962574470719,4.1404027150039e-06,0.000370114890095398,1
"20710",0.0107820155325479,0.340625607594148,0.648592376873304,3
"20714",0.999383355093233,2.4897530617557e-06,0.000614155153705304,1
"20716",0.00320050647174944,0.00029291394542714,0.996506579582823,3
"20719",0.223213152731877,0.000977594836061216,0.775809252432062,3
"20721",6.26735510824996e-05,0.000292422324506201,0.999644904124411,3
"20723",0.170391038888925,0.0091980698859148,0.820410891225161,3
"20725",0.979511512480046,0.0011961476035163,0.0192923399164375,1
"20727",0.997484113684854,0.00231100720501908,0.00020487911012732,1
"20729",0.999424786714855,2.60183766234464e-05,0.000549194908521216,1
"20731",0.988398691358356,0.00156184449630115,0.0100394641453431,1
"20733",0.0416893384681456,0.00628037299442234,0.952030288537432,3
"20735",0.152650039797058,0.0331629045554986,0.814187055647443,3
"20737",0.999872254973457,1.00948413781871e-06,0.000126735542405586,1
"20739",0.999936424897724,1.01976939130878e-05,5.33774083627643e-05,1
"20741",0.984614096583071,0.00020129554221161,0.0151846078747173,1
"20743",0.970720864106667,0.000282470319738583,0.0289966655735941,1
"20745",0.000453825549592214,0.000698024308475629,0.998848150141932,3
"20747",0.999322302179401,3.13029979931928e-05,0.000646394822605257,1
"20749",0.99970400685407,2.83573572955807e-05,0.000267635788634088,1
"20751",0.990353939869866,0.00924827051454692,0.000397789615587181,1
"20753",0.998905987745,3.70559229281305e-05,0.00105695633207248,1
"20755",0.99914984093211,8.83365338417465e-06,0.000841325414505836,1
"20757",0.782161481326989,7.11137630833894e-05,0.217767404909928,1
"20759",0.00144884827203326,9.59574506937084e-05,0.998455194277273,3
"20761",0.912385068438657,0.000368899113499174,0.0872460324478438,1
"20763",0.872834574464279,0.00208019868706817,0.125085226848653,1
"20765",0.988282795723938,0.000280669350764029,0.0114365349252981,1
"20767",0.015413392749902,0.000691003433637553,0.98389560381646,3
"20769",0.00769495049520491,0.559853599252287,0.432451450252509,2
"20771",0.924488189294216,1.72434055478883e-05,0.0754945673002364,1
"20773",0.92479397591859,0.000765220504345658,0.0744408035770638,1
"20775",0.978511490699754,0.00159890907860986,0.0198896002216364,1
"20777",0.421524175268826,0.49575435291917,0.0827214718120046,2
"20779",0.984081283415824,0.000787958549907668,0.0151307580342678,1
"20781",0.0694959485837717,0.930400203515211,0.000103847901017686,2
"20783",0.945109090003571,6.21262609036914e-05,0.054828783735525,1
"20785",0.997064943798007,6.86831164291681e-05,0.00286637308556352,1
"20787",0.999251456424566,1.30644138941547e-06,0.000747237134044868,1
"20789",0.209131074913098,0.00261560026936208,0.78825332481754,3
"20791",0.999952802302053,2.97328474174887e-06,4.42244132055892e-05,1
"20793",0.220940906926634,0.0025532535251816,0.776505839548184,3
"20795",0.999506264897329,6.3993888459829e-06,0.000487335713825537,1
"20797",0.919171363116959,0.0807294042757755,9.92326072654106e-05,1
"20800",0.998990729387368,0.00014008924618795,0.000869181366443856,1
"20802",0.968149773917815,0.000280776331370879,0.0315694497508145,1
"20804",0.999828345365542,2.70440344119309e-06,0.000168950231016966,1
"20806",0.999969748912386,1.76707826807854e-06,2.84840093453363e-05,1
"20808",0.00425633631505524,0.000138266318169217,0.995605397366775,3
"20810",0.998160256667044,4.0282350189511e-05,0.0017994609827662,1
"20812",0.964700340117745,0.0164286047742703,0.0188710551079849,1
"20814",0.999977934223122,5.28666107856789e-07,2.15371107700601e-05,1
"20816",0.0194583979373541,0.0137021603674199,0.966839441695226,3
"20818",0.970036636924942,0.000498919130469666,0.0294644439445884,1
"20820",0.999763784619138,6.25619884570169e-05,0.0001736533924054,1
"20822",0.978243950690696,0.000123692116812887,0.0216323571924907,1
"20824",0.997602187392171,7.47703397749097e-05,0.00232304226805379,1
"20826",0.999830664659597,3.16287010888694e-05,0.000137706639314266,1
"20828",0.999244949810803,0.000205420443561023,0.0005496297456364,1
"20830",0.999489696083232,4.51455083130055e-05,0.000465158408454749,1
"20832",0.631447629394235,0.000467392105822411,0.368084978499943,1
"20834",0.00908227534044227,0.00246408339793483,0.988453641261623,3
"20836",0.992808019886887,0.000303320950688909,0.00688865916242403,1
"20838",0.999959160510434,1.36514953735501e-06,3.94743400283007e-05,1
"20840",0.0744597784594101,0.000700336817846659,0.924839884722743,3
"20842",0.995974280564429,0.00010821806139849,0.00391750137417255,1
"20844",0.91647808439743,3.20825694858181e-05,0.0834898330330845,1
"20846",0.982344787107585,0.000117932855478326,0.0175372800369365,1
"20848",0.646162030393503,0.00204052109590242,0.351797448510595,1
"20850",0.0696888111268599,0.00011253363199911,0.930198655241141,3
"20852",0.0654655396181704,0.00165919539888389,0.932875264982946,3
"20854",0.999854913134329,2.32383427682976e-05,0.00012184852290259,1
"20856",0.0198657227076114,0.945639196545081,0.0344950807473074,2
"20858",0.00167384615000244,0.00148637302269779,0.9968397808273,3
"20860",0.892987682073092,0.000886737558551769,0.106125580368357,1
"20862",0.000216145046914364,7.23345830278097e-05,0.999711520370058,3
"20864",0.998783941855641,0.000278751204155017,0.000937306940203475,1
"20866",5.37974849668716e-06,0.00215836704450777,0.997836253206996,3
"20868",0.0101730361070953,0.00385619670438366,0.985970767188521,3
"20870",0.936802495109815,0.00222369873160424,0.0609738061585808,1
"20872",0.997862810260895,7.81602539380476e-05,0.00205902948516763,1
"20874",0.999943169979776,2.54678642030588e-06,5.42832338034946e-05,1
"20877",0.00332878970810962,0.0193009043976933,0.977370305894197,3
"20879",0.000173016898486092,0.00336984166153592,0.996457141439978,3
"20881",0.999472579215609,4.44213974411938e-05,0.000482999386949636,1
"20883",0.99965948469052,0.000192582114832564,0.00014793319464777,1
"20885",0.998568860820199,0.000201402204369364,0.0012297369754321,1
"20887",0.133775082494392,0.0107116697632174,0.85551324774239,3
"20889",0.982876815208115,0.00421244326803649,0.012910741523848,1
"20891",0.000168078988621963,0.00478706178705168,0.995044859224327,3
"20896",0.0788961522736932,0.0817804372246299,0.839323410501677,3
"20898",0.952920510926294,0.000504162542229079,0.0465753265314764,1
"20900",0.906682251702128,0.0932678695189152,4.98787789571043e-05,1
"20902",0.00592163863985915,0.777118124231295,0.216960237128846,2
"20904",0.863452629444265,0.0100542782634746,0.12649309229226,1
"20906",0.00278217745837697,0.0209670246529051,0.976250797888718,3
"20908",0.976380988311085,0.000130805025895625,0.0234882066630193,1
"20910",0.981490231658647,6.49077672809218e-06,0.0185032775646245,1
"20912",0.0573767101504733,0.942452011967422,0.000171277882104517,2
"20914",1.6695956518914e-05,0.0130642325882681,0.986919071455213,3
"20968",0.980543697258093,0.0094133554512497,0.0100429472906573,1
"20970",0.0453101488148887,0.000938995087371111,0.95375085609774,3
"20981",0.0201125764789451,1.81519890722891e-05,0.979869271531983,3
"20983",0.999980689602351,1.26086738216005e-06,1.80495302663902e-05,1
"20988",0.00552696200273384,0.000195520604793476,0.994277517392473,3
"20995",0.084906387754094,0.715170930645456,0.199922681600449,2
"21017",0.87069406777663,4.95173349089152e-05,0.129256414888461,1
"21038",0.00176222515660719,0.00797612183997386,0.990261653003419,3
"21072",0.0262444536711027,0.00700847402007023,0.966747072308827,3
"21075",0.000220102946821912,0.0578105403293313,0.941969356723847,3
"21223",0.83149912040366,0.00524071125987443,0.163260168336465,1
"21225",5.15168513775708e-05,0.999653268723094,0.000295214425528037,2
"21230",0.999975953223124,1.77870907596717e-06,2.22680678003269e-05,1
"21236",0.987669939161313,0.000111033522727318,0.0122190273159595,1
"21238",0.192182271902381,0.636150506098444,0.171667221999174,2
"21241",0.00396850238087808,0.000602633571803633,0.995428864047318,3
"21246",0.0261813795724084,3.64821487796585e-05,0.973782138278812,3
"21253",0.999794328200985,2.79939207956574e-05,0.00017767787821976,1
"21256",0.994528540681045,0.000189367832583876,0.00528209148637148,1
"21260",4.62763562785345e-05,0.991653060490738,0.00830066315298368,2
"21266",0.00955648536812786,0.000391511206328995,0.990052003425543,3
"21332",0.00789441037792668,7.95098468595502e-05,0.992026079775214,3
"21334",0.92781859271692,0.0156584322474479,0.0565229750356325,1
"21375",0.00023798352689952,0.00080871025007278,0.998953306223028,3
"21378",1.65647188383006e-05,0.00413662475227749,0.995846810528884,3
"21381",0.000585707105625751,0.0126886226994692,0.986725670194905,3
"21389",0.999151034830951,5.48919154804262e-06,0.000843475977500446,1
"21391",0.0442068057114918,0.000756513651684109,0.955036680636824,3
"21402",0.00295077024964346,1.05019280174149e-05,0.997038727822339,3
"21404",0.00381691954495808,0.281856683595842,0.7143263968592,3
"21409",0.0119321989881749,0.0446669773585828,0.943400823653242,3
"21413",0.207378888891814,0.0998224127697374,0.692798698338448,3
"21423",0.000492172285859213,0.00341571397290996,0.996092113741231,3
"21425",0.0395345057656459,0.0285585819788646,0.931906912255489,3
"21430",0.00960702676491835,0.982516252282033,0.00787672095304874,2
"21432",0.0186682619223896,0.000208632979834896,0.981123105097775,3
"21438",0.00374871500902714,0.000979602875191178,0.995271682115782,3
"21440",0.0690169155931261,0.00300642792055045,0.927976656486324,3
"21443",0.999309805080378,1.12119351901884e-05,0.00067898298443112,1
"21445",0.000977885807867573,0.997665631713964,0.00135648247816815,2
"21447",8.46001306295032e-05,0.00447024351485021,0.99544515635452,3
"21449",0.00141710953087097,1.42352121974099e-05,0.998568655256932,3
"21451",0.00141710953087097,1.42352121974099e-05,0.998568655256932,3
"21455",0.000784946530191739,1.44063494626121e-05,0.999200647120346,3
"21469",1.32626705857434e-05,0.128050387540539,0.871936349788875,3
"21471",0.000388074023176126,0.247279835296432,0.752332090680391,3
"21473",0.944761658002074,0.00479738591446575,0.0504409560834597,1
"21476",0.622889852264554,0.0176609989790884,0.359449148756358,1
"21478",0.938179905693558,0.00656501797211761,0.055255076334324,1
"21481",0.998484638366105,7.44730480666118e-05,0.00144088858582812,1
"21490",0.00289205742898034,0.00440602291384937,0.99270191965717,3
"21493",1.55388019370626e-05,0.0255474985108723,0.97443696268719,3
"21495",0.239076999561241,0.00752568055096686,0.753397319887792,3
"21500",0.0128725465783085,0.00125632198036016,0.985871131441331,3
"21504",0.129398014228555,0.00165429343854983,0.868947692332895,3
"21507",8.20384126073761e-05,0.0184280673064158,0.981489894280977,3
"21512",0.00197246126241567,0.00233547431818182,0.995692064419402,3
"21519",0.965751656886241,0.000171407281888809,0.0340769358318699,1
"21522",0.119305555553391,0.877229625596658,0.00346481884995168,2
"21524",0.00370414081977006,0.000199719801143693,0.996096139379086,3
"21528",0.000152740657248499,0.00163224182960315,0.998215017513148,3
"21532",0.0651576256979251,0.090016675146848,0.844825699155227,3
"21543",0.853576780532238,0.026769789809162,0.1196534296586,1
"21546",0.0793918297219671,0.0423093528453006,0.878298817432732,3
"21550",0.000120305308228235,0.00407085965686429,0.995808835034908,3
"21554",0.000354205474835719,8.62915498612628e-05,0.999559502975303,3
"21557",0.943469779701997,0.0480765450712221,0.00845367522678087,1
"21560",4.55983054966803e-05,0.0192873298372702,0.980667071857233,3
"21564",0.514633787404749,0.000130060143045181,0.485236152452205,1
"21566",0.000220180302299058,0.000653511826618943,0.999126307871082,3
"21569",0.0909894827486928,0.0189671700766447,0.890043347174662,3
"21574",0.995513085219145,0.00157098983220349,0.00291592494865151,1
"21576",0.985689062254903,6.08967613962133e-05,0.0142500409837005,1
"21578",0.999690498103362,2.73562259376853e-05,0.000282145670700737,1
"21580",0.981771613234665,9.38989257767941e-05,0.0181344878395583,1
"21583",5.60765325179001e-05,0.00136606792387542,0.998577855543607,3
"21585",0.999527896970153,3.85730136392725e-06,0.00046824572848365,1
"21587",0.996921780960262,0.000523609918583839,0.00255460912115411,1
"21589",0.99467097641411,0.00265899282639823,0.00267003075949132,1
"21593",0.588000684768824,0.409783020955888,0.00221629427528783,1
"21595",0.967307797509458,0.0320468927943765,0.000645309696165363,1
"21597",0.804651979410771,0.000167408580078021,0.195180612009151,1
"21599",0.999977331710661,5.14295480069161e-07,2.21539938587662e-05,1
"21601",0.313577381502288,0.0799142805758608,0.606508337921851,3
"21603",0.999934607720397,1.08388398724902e-06,6.43083956161473e-05,1
"21605",0.99968419694013,3.23100693927495e-05,0.00028349299047715,1
"21607",0.871693177965699,0.0411094495559259,0.0871973724783755,1
"21610",0.753393272639328,0.00505231544249737,0.241554411918174,1
"21612",0.999492166324151,1.81302462378592e-05,0.000489703429611492,1
"21614",0.432809182916523,0.0236819658574689,0.543508851226008,3
"21616",0.915699392268226,0.0101140551493934,0.0741865525823803,1
"21618",0.0025334513707498,0.209562761601347,0.787903787027903,3
"21620",0.999484114016888,1.25673957006806e-05,0.000503318587411229,1
"21622",0.000503271003745885,0.0212086130540146,0.97828811594224,3
"21624",0.984245081067393,0.00326532669659561,0.012489592236012,1
"21626",0.678772886153967,2.96157722379723e-05,0.321197498073795,1
"21628",0.12609130626345,0.0138689771652759,0.860039716571274,3
"21630",0.956158025803678,0.000353862797694669,0.0434881113986275,1
"21632",0.15545355578167,0.00340903106373269,0.841137413154597,3
"21634",0.0418120954698424,0.000907759040581535,0.957280145489576,3
"21636",0.996425549323397,0.000899735156868279,0.00267471551973414,1
"21638",0.99985154275731,6.00906802164236e-05,8.83665624740179e-05,1
"21640",0.699461360920486,0.00569455783105203,0.294844081248462,1
"21642",0.993830455867273,0.000187899162488301,0.0059816449702386,1
"21644",0.932308672810426,0.0676416085824807,4.97186070933585e-05,1
"21647",0.999671985231626,4.49723116552483e-05,0.000283042456718479,1
"21649",0.993917241358559,0.000326339332998192,0.00575641930844265,1
"21651",0.977127626434659,0.00345185248887046,0.0194205210764707,1
"21653",0.441931980926177,0.556585258510267,0.00148276056355562,2
"21655",0.999941577621692,7.04516279565638e-06,5.13772155123947e-05,1
"21657",0.995162059237763,0.000272791782023814,0.00456514898021312,1
"21659",0.998127265232338,9.21003159282026e-05,0.00178063445173367,1
"21661",0.996843598087286,0.000490329481838101,0.00266607243087575,1
"21663",0.99857187896914,6.06490969653897e-05,0.00136747193389444,1
"21665",0.998361746625635,0.00103325122210412,0.00060500215226089,1
"21667",0.0838652167693442,0.000358414786361181,0.915776368444294,3
"21670",0.237837771013482,0.00530665612342835,0.756855572863089,3
"21672",0.955764117413577,0.00263396326571411,0.0416019193207089,1
"21674",0.000391246955926739,0.000566629047590368,0.999042123996483,3
"21676",0.012352398907007,7.04568885728625e-05,0.98757714420442,3
"21678",0.0330875030078735,0.961864671683947,0.00504782530817977,2
"21680",0.996803236036863,0.00187821495254396,0.00131854901059257,1
"21685",0.0209917378290851,0.00602004468983831,0.972988217481077,3
"21687",0.287102679004187,0.652843113000404,0.0600542079954081,2
"21690",0.99850128826852,0.000210148994265416,0.00128856273721494,1
"21707",0.000137167833217521,0.000562276045860144,0.999300556120922,3
"21710",0.00160678520508412,0.933174790680974,0.0652184241139414,2
"21713",0.00246640376066402,0.00129208581091781,0.996241510428418,3
"21718",0.0254440955184525,0.809456169411564,0.165099735069983,2
"21721",0.142455476297214,0.855337142353266,0.00220738134951963,2
"21723",3.30959678924269e-05,0.022114272611815,0.977852631420293,3
"21726",7.62644456315995e-05,5.60427184598909e-05,0.999867692835908,3
"21729",0.995801720344579,0.00368578603680944,0.000512493618611785,1
"21733",0.999755842312928,5.66055933333352e-05,0.000187552093738299,1
"21735",0.0529168220191183,0.809620119805844,0.137463058175038,2
"21739",0.0142857392215698,0.000596493730036933,0.985117767048393,3
"21741",0.00406203339399601,0.000668411887266475,0.995269554718737,3
"21744",0.0297998247897675,0.000417584675600152,0.969782590534632,3
"21746",2.60716425379491e-05,0.00302362855657556,0.996950299800886,3
"21748",0.00099504234155925,0.00872589758295055,0.99027906007549,3
"21750",0.997937878540712,1.60705356005477e-05,0.00204605092368749,1
"21752",0.0155953033988264,0.00253277311804414,0.981871923483129,3
"21755",0.301884129303614,0.00124720323285738,0.696868667463529,3
"21757",0.876802602498607,0.0114620282721848,0.111735369229208,1
"21760",0.084906387754094,0.715170930645456,0.199922681600449,2
"21762",3.67279831257446e-05,0.000835306584155142,0.999127965432719,3
"21764",0.999630448384156,2.16007233412615e-05,0.000347950892502681,1
"21766",7.94087516451256e-05,0.00226525475311465,0.99765533649524,3
"21768",0.560918279122422,0.00501781528404748,0.434063905593531,1
"21770",0.446545395106055,0.00132827774778579,0.55212632714616,3
"21773",1.29841597599542e-05,0.0405791762255715,0.959407839614669,3
"21775",0.929960097718564,0.000493381852986013,0.0695465204284498,1
"21777",0.999395766779372,7.05719880844479e-05,0.000533661232543232,1
"21779",0.438617346618707,0.0383206793573387,0.523061974023954,3
"21781",0.0553016827919874,0.00051503380598989,0.944183283402023,3
"21784",0.00173972342998031,0.00181185761883549,0.996448418951184,3
"21786",0.753438348663587,0.000201552020830139,0.246360099315583,1
"21789",0.119043231811158,0.00596492822160483,0.874991839967238,3
"21791",0.00123531029039523,0.0045578157386137,0.994206873970991,3
"21794",0.932862172083603,0.00370273412276792,0.0634350937936286,1
"21797",0.0332087045647068,0.939726408717762,0.0270648867175309,2
"21800",6.75479591805267e-05,0.87656597010619,0.123366481934629,2
"21802",0.0387266464066426,0.0353673297228567,0.925906023870501,3
"21804",0.00287859691306044,0.99708222454374,3.91785431999978e-05,2
"21806",0.1155955678884,0.874630435945092,0.00977399616650828,2
"21808",0.411299228470972,0.552556944552298,0.0361438269767299,2
"21811",0.0131876317309864,0.78508993205845,0.201722436210563,2
"21815",0.00341781939852363,0.000523548531084804,0.996058632070392,3
"21817",0.0183555491356643,0.971797448792055,0.00984700207228118,2
"21820",0.00469856752649857,0.0760633734402009,0.9192380590333,3
"21822",0.975564944556842,0.000636110454193882,0.0237989449889637,1
"21824",0.969083790325766,3.39789103526163e-05,0.0308822307638812,1
"21826",0.000176132899421331,0.000641510746221071,0.999182356354357,3
"21828",0.49938055762791,0.000115098162722716,0.500504344209367,3
"21830",0.985490782471891,6.03818686347523e-05,0.0144488356594746,1
"21833",0.855435362879274,6.59312760490811e-05,0.144498705844677,1
"21835",0.855435362879274,6.59312760490811e-05,0.144498705844677,1
"21838",0.00129783542193833,0.179382558564016,0.819319606014046,3
"21840",4.41958297597443e-05,0.00994566416279707,0.990010140007443,3
"21842",0.00298167888626495,0.335564004111236,0.661454317002499,3
"21844",0.834072338487519,0.000105325481894137,0.165822336030587,1
"21847",0.0332789590777015,0.00171931233425095,0.965001728588048,3
"21849",0.780335035958531,0.00124169256078047,0.218423271480688,1
"21852",0.0926436721356352,0.104122429198225,0.80323389866614,3
"21854",0.999645400393175,5.5079431796628e-05,0.000299520175028127,1
