"","V1","V2","V3","V4","best$classification"
"19811",1.05416492304073e-06,6.891180708984e-05,0.997173762551809,0.00275627147617821,3
"19813",2.1269068187891e-05,0.00374674175702158,0.994152691605792,0.00207929756899834,3
"19815",0.00176833471988325,0.00448085630876652,0.993635317276549,0.000115491694801007,3
"19817",7.36609447756132e-05,0.000583659879747777,0.99627312008023,0.00306955909524668,3
"19819",0.125775422946818,0.874130206117376,9.1497332769186e-05,2.87360303707231e-06,2
"19821",2.10567889865561e-06,0.0021722723265241,0.938219943336321,0.0596056786582559,3
"19823",0.114947286769407,0.00201666528268817,0.881320100160818,0.00171594778708713,3
"19825",0.00108935227812467,0.159331297303659,0.0106407725034188,0.828938577914797,4
"19827",0.000435580853082816,0.00152676565327583,0.30144984764737,0.696587805846271,4
"19829",0.00020674211544228,0.981660430729209,0.00372142284771743,0.0144114043076309,2
"19831",0.101657916118697,0.897253408792669,0.00108338339580679,5.29169282705645e-06,2
"19833",0.999821429522915,9.7701207538604e-05,2.29474943994381e-05,5.79217751470779e-05,1
"19835",2.10567889865561e-06,0.0021722723265241,0.938219943336321,0.0596056786582559,3
"19837",7.19109535803401e-05,0.00416344056021468,0.868783409526939,0.126981238959266,3
"19839",8.04470592768559e-05,0.933234220855264,0.0149782636032152,0.0517070684822438,2
"19841",2.31567906216387e-07,5.66565487570514e-05,7.16370386014272e-05,0.999871474844735,4
"19843",0.000202724736299733,0.998678722988908,0.00111768910473351,8.63170058214728e-07,2
"19845",2.57253588512001e-06,4.10230954967288e-05,0.999333662395064,0.000622741973553841,3
"19847",0.000115947366786942,0.00497478327027101,0.99483447454673,7.47948162124965e-05,3
"19849",6.11398729935934e-06,0.000369076861628708,0.996393308604161,0.00323150054691098,3
"19851",7.05597245156887e-05,0.000174651912729841,0.999440034018208,0.000314754344546139,3
"19853",0.000196955023815543,3.8677667480576e-06,0.997554202889507,0.00224497431992899,3
"19855",1.94132720571462e-05,2.34247086347206e-05,0.986302359749957,0.0136548022693514,3
"19857",6.14008330226372e-06,0.0108465538723959,0.956614434427948,0.0325328716163534,3
"19859",0.000423210724775525,0.00378469636261096,0.959636908247413,0.0361551846652005,3
"19861",2.80623505932187e-06,5.54567355629753e-05,0.999704854955099,0.000236882074278758,3
"19863",6.14655829706937e-07,2.82501932124331e-05,0.021095224791732,0.978875910359226,4
"19865",4.02268710504392e-07,1.94163877782839e-05,0.00339605676472041,0.996584124578791,4
"19867",4.23563087902575e-05,0.00090266130123112,0.999033964737529,2.10176524497224e-05,3
"19869",6.36335787276738e-07,2.56733753104342e-05,0.986684163845209,0.013289526443693,3
"19871",0.000555379583233883,0.0119229384573737,0.85999079890531,0.127530883054082,3
"19874",4.45234455334161e-05,8.16029320778653e-05,0.154670889918099,0.84520298370429,4
"19876",1.7559467157779e-06,1.6119560536112e-05,0.512503256702759,0.487478867789989,3
"19878",0.0200949489152849,0.655089587601629,0.323828554098267,0.000986909384819838,2
"19880",7.82055194043683e-08,7.66283365262329e-07,0.00195121330956037,0.998047942201555,4
"19882",8.90178296400685e-06,5.30498199655823e-05,0.99649990088466,0.00343814751240986,3
"19885",4.26478253235928e-05,0.0142844347045695,0.983047398928015,0.00262551854209213,3
"19907",1.14559520154919e-05,0.000317901324148309,0.999577784281768,9.28584420681098e-05,3
"19909",8.17265989340728e-05,0.971306030878928,0.0285404302809827,7.18122411550928e-05,2
"19911",0.0015801537708944,0.92795545446126,0.0320100130997857,0.0384543786680601,2
"19913",4.6737904728857e-07,3.20970209520049e-06,6.24402917128125e-05,0.999933882627145,4
"19915",4.21812369309557e-05,0.000104527018384016,0.365995315980918,0.633857975763767,4
"19917",7.15152818004723e-06,0.000188224156805071,0.0150282077669013,0.984776416548114,4
"19919",0.000248506614742377,0.0015818517277643,0.722185506400062,0.275984135257432,3
"19921",2.6834961170756e-05,0.000455162068741716,0.999445926336312,7.20766337757172e-05,3
"19923",0.0333726992414425,0.063856390313017,0.902748784905418,2.21255401227078e-05,3
"19925",1.28445089340075e-05,6.98629146196924e-05,0.047996021964296,0.95192127061215,4
"19927",3.80079079882989e-05,0.000209085247175191,0.998441074584939,0.00131183225989761,3
"19929",2.75869827505069e-08,1.93107552494813e-06,0.00155062993844136,0.998447411399051,4
"19931",0.000374724883845584,0.00307353511813862,0.991340393362234,0.00521134663578204,3
"19933",0.00192961526216176,0.798025908794175,0.196165118130783,0.00387935781288027,2
"19935",2.52025024926862e-05,0.0870463386124366,0.908532786450188,0.0043956724348831,3
"19937",0.000721041829970937,0.000963743415071226,0.998160723722427,0.000154491032530491,3
"19939",0.000415118398729718,0.0024202359643575,0.992352492897821,0.00481215273909199,3
"19941",0.000130609397102434,0.876041285643315,0.0143697981714566,0.109458306788126,2
"19943",3.229121708257e-06,7.87255645122726e-06,0.00120752704717517,0.998781371274665,4
"19945",0.00362545120636042,0.918119355972396,0.0780759505778664,0.000179242243376881,2
"19947",0.000282327190081212,0.116981214985433,0.0377604722334881,0.844975985590998,4
"19949",0.0429983665573078,0.326235370181203,0.630710610127362,5.56531341272854e-05,3
"19951",0.00015595473953983,0.00417356408606961,0.268879025272645,0.726791455901746,4
"19953",0.780248623710283,0.216668178821756,0.00308256277466842,6.34693292690767e-07,1
"19955",0.0502708322315681,0.937598757797691,0.0121157780364356,1.46319343049586e-05,2
"19957",0.0029077859528086,0.00256605075338932,0.0919118150220087,0.902614348271793,4
"19960",0.000197952369847758,0.993630592284766,0.00535075342534723,0.000820701920038604,2
"19963",0.0674374542307832,0.000899621023873114,0.00106340633457154,0.930599518410772,4
"19965",0.000665349686697606,0.997551179059353,0.00178317362663501,2.97627314181295e-07,2
"19968",7.50529565833211e-08,0.00244299066404716,0.0389126146407475,0.958644319642249,4
"19971",0.00777301262678281,0.00355507232384381,9.93363029044803e-05,0.988572578746469,4
"19973",5.65343305504913e-06,0.000486269243599635,0.982794240525241,0.0167138367981042,3
"19975",4.21183337330465e-07,0.000128047334949883,0.0301612002692475,0.969710331212465,4
"19977",0.000288611823332403,0.000335110437768885,0.00329135296885309,0.996084924770046,4
"19979",0.00042924551679337,0.999559408354771,7.28675851049449e-06,4.05936992507283e-06,2
"19981",4.85631120289802e-05,0.0199565729177366,0.977999572169777,0.00199529180045718,3
"19983",0.00024674224022356,0.0288686263144694,0.970742944957007,0.000141686488300416,3
"19985",2.60310539799133e-06,1.85721960651157e-05,0.146685704568038,0.853293120130499,4
"19987",0.000408654204260637,0.104921341007455,0.76059289450523,0.134077110283054,3
"19989",0.00430241463437584,0.995608448183392,8.90825939683062e-05,5.45882635087826e-08,2
"19993",0.00322915858923261,0.532559976581704,0.419867534133531,0.044343330695532,2
"19995",0.000743876211150935,0.808330510842851,0.17979023191894,0.0111353810270582,2
"19997",2.05337829218774e-05,0.000180334561810144,0.971328855876282,0.0284702757789856,3
"19999",1.43791327886006e-06,2.68383973934653e-05,0.887689472549058,0.112282251140269,3
"20002",7.34091660984034e-06,0.000648828544157391,0.00357611097048893,0.995767719568744,4
"20004",0.000124827186723464,0.835176925063101,0.144866587672867,0.0198316600773082,2
"20006",0.00617358004522069,0.938461239583598,0.0529402203799539,0.00242495999122711,2
"20008",0.0261012876426171,0.904339398538805,0.0685709947281324,0.000988319090445118,2
"20010",0.0494473071017011,0.924742124525512,0.0257936324666668,1.6935906120518e-05,2
"20012",1.77998463806862e-06,0.000145092878684146,0.21758364041974,0.782269486716938,4
"20015",1.31103914072006e-05,0.999857584768831,0.000128942672176634,3.62167585272358e-07,2
"20017",1.81955437715781e-06,7.4703432470467e-05,0.948003905140353,0.0519195718727989,3
"20019",0.00308790716919187,0.9969096850176,2.36170029267072e-06,4.61129156116885e-08,2
"20022",0.00238411785580369,0.991778886397198,0.005829479425295,7.51632170313297e-06,2
"20024",0.409769485366043,0.590147006404436,8.29603914676295e-05,5.47838054161949e-07,2
"20026",0.409769485366043,0.590147006404436,8.29603914676295e-05,5.47838054161949e-07,2
"20028",7.31005636271458e-06,4.20452508449465e-05,0.708369919695598,0.291580724997194,3
"20030",1.78401053404524e-05,0.999186805447964,0.000394907325305431,0.000400447121390478,2
"20033",3.1456865972296e-05,0.0034835628375817,0.584382158784396,0.412102821512049,3
"20035",0.00456262243348671,0.99543112777973,6.19373782831627e-06,5.60489548260946e-08,2
"20037",0.000623537927953512,0.999362018821355,1.44393694861152e-05,3.88120547473221e-09,2
"20039",0.999108127245273,0.000890079387001561,1.79191679603388e-06,1.45092948926453e-09,1
"20041",0.0746652491689917,0.307441746557146,0.615862924332089,0.0020300799417736,3
"20044",0.102363819269638,0.415653886167167,0.465896042755647,0.0160862518075478,3
"20047",0.00658182153217209,0.993416940085274,8.15116110391672e-07,4.23266443136181e-07,2
"20050",0.820480829716005,0.171019302745392,0.00842223800884053,7.76295297623832e-05,1
"20052",0.00583805515342657,0.0570169960655585,0.851830853669308,0.0853140951117069,3
"20054",5.97477963166337e-06,0.998516151779578,0.00144759147227726,3.02819685131422e-05,2
"20056",1.40388878497752e-05,0.000458416096459206,0.00209628528777826,0.997431259727913,4
"20058",0.00147939000291282,0.998407645052409,0.000112947035254261,1.79094234950123e-08,2
"20060",9.45153728438908e-05,0.002267863020755,0.996011501108741,0.00162612049766011,3
"20062",0.00013944459007538,0.0146288409178432,0.984656770655402,0.000574943836679637,3
"20064",0.000216896006675428,0.977949566535138,0.0211362661093744,0.000697271348811995,2
"20066",4.05682013638294e-05,0.999871407892419,4.05998155983733e-05,4.7424090619227e-05,2
"20068",9.58089355462572e-06,0.00014729333935232,0.999586791759361,0.000256334007731961,3
"20070",0.000929468846090783,0.000340601227745755,0.998538987604493,0.000190942321669896,3
"20072",8.76784295205974e-05,0.994864090753142,0.00504776931171706,4.61505621026794e-07,2
"20074",5.74362102808751e-08,5.81757419917712e-07,0.000221291244610423,0.999778069561759,4
"20076",9.70552466123469e-07,0.014621972185683,0.117306977309918,0.868070079951933,4
"20078",0.00425554921319903,0.958641779272135,0.0366747765654575,0.000427894949208226,2
"20080",0.00146140388605078,0.998529191860491,9.26496720639554e-06,1.39286251742006e-07,2
"20082",0.98668368783386,0.0132918316949064,2.39960047579132e-05,4.84466475652794e-07,1
"20084",0.01597120189355,0.936953649946143,0.00934532046811453,0.0377298276921921,2
"20087",0.0013514621458334,0.939543009381322,0.059099959282722,5.56919012242247e-06,2
"20090",0.0297621042314052,0.970155701929627,8.15738503615887e-05,6.19988606096396e-07,2
"20092",0.738484450657481,0.0346359988071561,0.226878027464366,1.52307099726554e-06,1
"20096",0.548455901793389,0.0185892873819671,0.418337903113697,0.0146169077109472,1
"20098",8.14671955501438e-05,0.00131198705255952,0.57750647412546,0.42110007162643,3
"20101",0.00207759542947697,0.997529903149463,0.000151615411588607,0.000240886009471158,2
"20104",0.0620424316651924,0.000323747848388767,0.932584390458512,0.0050494300279071,3
"20106",0.000172883587541499,0.998735772133462,0.000966979121738299,0.000124365157258526,2
"20108",1.02968358808797e-05,0.00143587530265983,0.935904666026571,0.0626491618348885,3
"20110",0.511129759435922,0.0189156193224591,0.310533121529443,0.159421499712177,1
"20112",0.0247855465419871,0.960186431524079,0.0149484797293356,7.95422045979195e-05,2
"20114",0.00278756702290596,0.835160616361909,0.0411341905234851,0.1209176260917,2
"20116",2.49899143462193e-05,0.953975889739726,0.00919495314146735,0.0368041672044599,2
"20118",0.00125911961058307,0.159042358522221,0.64153964285755,0.198158879009646,3
"20120",0.0329465166778637,0.962173751731872,0.00370271617691024,0.00117701541335364,2
"20122",2.38451778815138e-07,2.17829084183169e-05,0.0020866182165741,0.997891360423229,4
"20124",0.00289803827508742,0.997005914576062,9.60155079854888e-05,3.16408652492956e-08,2
"20126",0.982036851623321,0.0179377065150768,2.40190301952155e-05,1.42283140739299e-06,1
"20128",0.660223844407585,0.339775344670943,7.91453145077283e-07,1.94683268387592e-08,1
"20141",0.051464016606041,0.000405117455517693,0.763552882396701,0.18457798354174,3
"20143",7.65465330768187e-08,6.50850726866563e-07,8.3341814917317e-05,0.999915930787823,4
"20145",0.00657446162078249,0.987455363459296,0.00594810528167317,2.20696382485724e-05,2
"20147",0.000271023629869131,0.997781982840778,0.00192601948911487,2.09740402378069e-05,2
"20149",5.21895219169511e-07,3.67520271773252e-06,0.00192188458637039,0.998073918315693,4
"20151",4.57782351276491e-05,0.00174911716604771,0.79245770154695,0.205747403051875,3
"20153",0.0340235606623121,0.00602132844391543,0.200756345425669,0.759198765468103,4
"20155",0.000386917254392302,0.999051034288751,0.000560160922006834,1.88753484972912e-06,2
"20157",6.94692903239718e-05,0.00054420454436309,0.250371721992304,0.749014604173009,4
"20160",1.83701380786593e-07,1.41282290441513e-06,0.000106247626987197,0.999892155848728,4
"20162",1.88754564178257e-07,1.46841694417405e-06,0.00401244147975709,0.995985901348735,4
"20164",0.000128847830085064,0.000418263839592145,0.05283951017351,0.946613378156813,4
"20166",1.97264819137649e-05,0.996917727086394,0.00047830402254472,0.00258424240914713,2
"20168",0.000185058807971037,0.566426063597209,0.0544810034696017,0.378907874125218,2
"20170",0.000257192439660972,0.00103274314043982,0.46435885878887,0.53435120563103,4
"20172",0.00184866261822796,0.993847627983475,0.00430333627195747,3.73126339546035e-07,2
"20174",3.03557709560623e-07,2.16377382882499e-05,0.631471945839687,0.368506112864315,3
"20176",7.94603928220615e-05,0.192253428362134,0.77924554938981,0.0284215618552332,3
"20178",3.75025775920467e-07,1.72519173191191e-06,6.69535934929166e-05,0.999930946188999,4
"20181",2.52360657384866e-05,0.992472699876554,0.000299211454033572,0.00720285260367439,2
"20183",0.00253447779517281,0.00908899858775551,0.988296201631289,8.03219857827155e-05,3
"20186",0.00359356554940391,0.0172712650445509,0.979133308709022,1.86069702265841e-06,3
"20188",4.12619169868105e-07,1.58613929474719e-06,0.000476532247809535,0.999521468993726,4
"20190",4.61581498791768e-05,0.99984092481653,0.000110985431299485,1.93160229148522e-06,2
"20193",6.50183647984363e-06,0.00380553320113049,0.00165988264442222,0.994528082317968,4
"20195",0.000130616880836812,0.00462335066379023,0.152417077204816,0.842828955250557,4
"20197",0.000820564689439079,0.995763769489351,0.00341507257748356,5.93243725890953e-07,2
"20199",3.55062356699524e-05,2.68512298294476e-05,0.0505593747432439,0.949378267791257,4
"20205",0.999330115037104,0.000617115379698098,5.27284416276142e-05,4.11415706941711e-08,1
"20208",6.30040215591598e-05,0.0058325788343135,0.951646550258718,0.0424578668854093,3
"20210",8.1485896971538e-07,5.2011134679917e-06,0.0105181532904098,0.989475830737153,4
"20212",2.68543807728549e-05,0.000467339817940751,0.0943045821850673,0.905201223616219,4
"20216",0.000136175848196519,0.996724140255848,0.00294855006589883,0.000191133830056554,2
"20219",0.567080631937154,0.426844593144474,0.00592822920740031,0.000146545710971697,1
"20223",0.000504765199896996,0.999321462103742,0.000173749701930953,2.29944302176386e-08,2
"20226",0.0193061125563,0.13776189759583,0.83756842621472,0.00536356363315049,3
"20230",0.000174585585523887,0.999772976477548,5.21121700786751e-05,3.25766849357237e-07,2
"20233",0.996009201869882,1.24360213037794e-05,0.00389389212275492,8.44699860596831e-05,1
"20235",0.0377564373623366,0.960216329261319,0.00202714884005764,8.45362872867014e-08,2
"20239",0.00134767358127099,0.949511225871184,0.0491296469092282,1.14536383170726e-05,2
"20254",0.985917097675386,0.0140770330263968,5.82847211062525e-06,4.08261062990672e-08,1
"20256",0.000445064722719599,0.99928458757011,0.000270283609657776,6.40975122715348e-08,2
"20262",2.18876111743677e-05,0.000374368110831861,0.19192936345308,0.807674380824914,4
"20270",6.65900848151049e-05,0.945431934029704,0.0417975244305371,0.0127039514549432,2
"20284",0.517788675741402,0.0244135650111896,0.457673449583459,0.00012430966394974,1
"20287",0.000254349597699582,0.999737287726206,8.35050383208374e-06,1.21722625061602e-08,2
"20290",0.993317444875378,0.00472133495436253,0.00190712828940489,5.40918808542959e-05,1
"20293",0.00337129671923796,0.948355401682089,0.0482173876175207,5.59139811524763e-05,2
"20296",6.3427239584429e-07,0.00963133567736734,0.296355482590439,0.694012547459798,4
"20301",0.000842849503793742,0.999126322643937,3.98980968299215e-06,2.68380425860907e-05,2
"20304",0.983607772476652,0.0163352178265475,5.61440806881271e-05,8.65616112605043e-07,1
"20306",0.00279216991017204,0.997113312659633,9.44984808045328e-05,1.89493903414493e-08,2
"20309",0.00998505375479994,0.701917442204847,0.287565819882385,0.000531684157968895,2
"20311",0.00158030648761866,0.990424110972168,0.0070656454374967,0.000929937102716261,2
"20314",0.000462102335773408,0.0121797507234851,0.898941883016044,0.0884162639246979,3
"20318",6.48360654992454e-07,5.67415503069327e-05,0.000235854169970499,0.999706755919068,4
"20320",0.0135752089906415,0.00572895164435346,0.973930891458176,0.006764947906829,3
"20326",0.000873914869901496,0.0146319725879421,0.806476386544657,0.178017725997499,3
"20328",0.0057304659777986,0.00317598070734104,0.991016446290619,7.7107024240982e-05,3
"20330",0.0374593188389132,0.95395085573482,0.00857709014079014,1.27352854762524e-05,2
"20336",0.944977564287601,0.0280273316089716,0.0269897746962785,5.32940714874203e-06,1
"20338",0.962147434423179,0.0360116567672,0.00161586943201248,0.000225039377608627,1
"20340",0.000704558768546282,0.999270149481721,2.50938588137454e-05,1.97890919061798e-07,2
"20342",0.997333912298064,0.00135469799507797,0.000802297669161016,0.000509092037697373,1
"20344",0.00101690976537047,0.995722107967479,0.00325812382355104,2.85844359926753e-06,2
"20349",0.000270125149188937,0.999564742035287,0.000165079670890802,5.31446331433604e-08,2
"20351",0.0191231092407737,0.934009023324204,0.0456594729031797,0.00120839453184242,2
"20353",0.091877441998261,0.90612377469728,0.00199830320098098,4.80103477637457e-07,2
"20357",0.996961525108733,0.00299790282502787,4.05680745992356e-05,3.99163989135312e-09,1
"20360",0.961995512563473,0.0342848258669812,0.00370968709752572,9.97447201975895e-06,1
"20364",0.00673123878348224,0.95377021540695,0.0394573461183456,4.11996912227535e-05,2
"20366",0.989729930132793,0.00319301579279861,0.00703566602774654,4.13880466623068e-05,1
"20381",1.61708335085991e-05,8.64838035114285e-05,0.283249935739908,0.716647409623072,4
"20391",0.041914271940598,0.404659142533424,0.553425385372456,1.20015352225868e-06,3
"20394",1.14105304757834e-05,0.000311931009479202,0.997390039122813,0.00228661933723234,3
"20396",3.52306043676243e-07,8.13750564752028e-06,0.926989388405497,0.0730021217828114,3
"20409",0.00183101533273944,0.631159015496374,0.11920753144984,0.247802437721046,2
"20411",0.103220435518789,0.895890978087139,0.000888560584307418,2.58097638221272e-08,2
"20416",0.912516858081182,0.0874822164867382,9.24713062693736e-07,7.19017210467533e-10,1
"20418",2.18993157101162e-07,8.22069262233801e-06,0.659772682113655,0.340218878200566,3
"20420",0.974777688338967,0.000107694310360404,0.0245585961324759,0.000556021218196544,1
"20422",0.000799262150295842,0.99808855738978,0.00101307074405168,9.91097158728088e-05,2
"20424",0.0484066839202032,0.950948732251301,0.000644524716164512,5.91123316833443e-08,2
"20426",0.999765720195441,2.69761521887087e-05,2.14254344030227e-05,0.000185878217967692,1
"20428",6.60781608548761e-05,0.839930215014997,0.159935531092187,6.8175731960631e-05,2
"20431",0.0260688073636802,0.0971938416999042,0.690491854660937,0.186245496275478,3
"20433",4.21547787979386e-05,0.999897293591509,6.03835726036917e-05,1.6805708922073e-07,2
"20436",6.98941517909049e-05,0.910643953914568,0.0837783788528552,0.00550777308078546,2
"20439",2.61458643594568e-07,1.37344267026162e-05,0.622405398415185,0.377580605699469,3
"20441",0.997344014338722,0.00247355642588843,0.000181711588600323,7.17646789556918e-07,1
"20444",1.21822001510577e-07,8.44633070285391e-07,0.000305804966643138,0.999693228578285,4
"20448",0.00338134119134677,0.0244136775312867,0.581601587135357,0.390603394142009,3
"20536",3.51175763085152e-06,0.000481207757178734,0.999400621282784,0.000114659202406503,3
"20538",0.572056445621925,0.333461576328454,0.0944624732248052,1.95048248160007e-05,1
"20541",0.05626784658005,0.943708491999217,2.36248513588739e-05,3.65693736442326e-08,2
"20544",0.00266771413622608,0.378763968785581,0.604649669266886,0.0139186478113066,3
"20546",0.00869227800879138,0.989109858886182,0.0021977616812198,1.01423806427414e-07,2
"20550",0.0486113028124059,0.485696307379157,0.458661071219947,0.00703131858849087,2
"20553",0.931682793591941,0.0683155069616092,1.86260143011669e-07,1.51318630645551e-06,1
"20555",0.995858157765584,3.54463326900226e-05,0.00410560002975048,7.95871975297894e-07,1
"20557",0.401276875419648,0.300365039058298,0.293021590299263,0.00533649522279086,1
"20559",0.000135471171604335,0.999361172978729,0.000496189849626405,7.166000040414e-06,2
"20561",0.000239449646553812,0.00364753057984505,0.496982995036125,0.499130024737476,4
"20564",3.75025775920467e-07,1.72519173191191e-06,6.69535934929166e-05,0.999930946188999,4
"20566",3.59828860145176e-05,0.861701223406651,0.137936165861784,0.000326627845550348,2
"20569",2.15044904865824e-06,7.30055600006052e-05,0.714349228665376,0.285575615325575,3
"20572",1.92363479439036e-07,2.31144662372871e-05,0.0511956966049079,0.948780996565376,4
"20574",0.00313301344856533,0.996568026485137,0.00028945479925902,9.50526703812254e-06,2
"20576",9.23563495405872e-07,9.61969223540064e-06,0.000325281527112276,0.999664175217157,4
"20578",0.00158024838671667,0.857890608506322,0.131880366731394,0.00864877637556697,2
"20580",0.000156416801323205,0.817512255708408,0.182027990353084,0.000303337137184627,2
"20583",7.41318481978767e-07,7.28112154463491e-06,0.000192388754440979,0.999799588805532,4
"20586",0.00289411442945347,0.904331009901688,0.0927547754675383,2.01002013198889e-05,2
"20589",0.000314748703710372,0.999511680402854,0.000173558755742736,1.21376924855815e-08,2
"20591",0.242822197270602,0.00891527646332443,0.748212006017952,5.05202481208872e-05,3
"20593",0.000125762386225576,0.999872335629417,1.80296236027099e-06,9.90219971043099e-08,2
"20595",0.000546690500840397,0.995539108175879,0.00376619473559512,0.000148006587685528,2
"20597",1.58533905425067e-06,6.55554245644927e-05,0.994018466219098,0.00591439301728307,3
"20599",1.87081433051179e-07,1.9691168831767e-06,8.99593274767792e-05,0.999907884474207,4
"20601",0.000212090050802488,0.0011179318746953,0.997584135048452,0.00108584302605017,3
"20604",0.000127091478974667,0.99984134696388,2.75586681284596e-05,4.0028890167194e-06,2
"20606",0.000149987886117449,0.999811526248454,3.83328777445138e-05,1.52987684205537e-07,2
"20608",3.28123926872435e-05,0.998165275354489,0.00180028334303634,1.62890978728558e-06,2
"20610",4.826756011805e-06,4.98558556989374e-05,0.00181473087297612,0.998130586515313,4
"20612",0.283386004552882,0.671875382057502,0.0327623115134652,0.0119763018761508,2
"20614",3.34399774585769e-06,7.89024206316036e-06,0.00749003681028505,0.992498728949906,4
"20616",0.000371915318242705,0.0132536294060908,0.983733142064091,0.00264131321157513,3
"20618",0.998094356786864,0.000681680729363631,0.00118146017592151,4.25023078510787e-05,1
"20620",9.19606196142414e-05,0.997676209059825,0.00208881464246866,0.000143015678091939,2
"20622",1.24018403003809e-06,2.61856776592451e-05,0.000683979836412881,0.999288594301898,4
"20624",0.0264470617779045,0.972631189569011,0.000921381186028738,3.6746705568372e-07,2
"20626",7.56472520606122e-06,0.897794908984997,0.0968480895031986,0.00534943678659885,2
"20628",0.000546200379285543,0.263271612399998,0.734387987852775,0.00179419936794144,3
"20630",0.000818311243488018,0.892454515545389,0.0872214404187819,0.0195057327923405,2
"20632",4.46303887561591e-08,6.93845904965816e-07,0.0109412081056315,0.989058053418075,4
"20634",0.000107936734038213,0.999825552775826,6.6387327274124e-05,1.23162861443484e-07,2
"20637",0.981236090192162,0.0187098375415001,3.5247276497474e-05,1.88249898406738e-05,1
"20639",2.28578797144525e-05,7.21870036957035e-05,0.216988855088245,0.782916100028345,4
"20644",0.49533737713374,0.504660389527908,1.9824760770698e-06,2.50862274863547e-07,2
"20646",0.0241239372980313,0.974656374906815,0.00117224733527742,4.74404598764842e-05,2
"20648",0.000252660711058989,0.000778613754908734,0.964208481684411,0.0347602438496208,3
"20650",0.232152863061424,0.767505669806844,0.000341190218747068,2.76912985023343e-07,2
"20653",0.00143595072354715,0.00102600860597865,0.990602269063455,0.0069357716070193,3
"20658",1.4972353263678e-05,0.999130547148973,0.00085422115377088,2.59343992628408e-07,2
"20661",0.895633111431854,0.0823435928136695,0.0220109659048185,1.23298496575567e-05,1
"20663",0.00325144205152188,0.62348816717324,0.373228977034299,3.14137409391283e-05,2
"20665",4.74032026646157e-08,9.27523909162719e-06,0.000121568512313086,0.999869108845393,4
"20667",0.000931533777841378,0.0247846643969637,0.973685640454444,0.000598161370751512,3
"20669",2.84322932464939e-06,2.53162382101879e-05,0.990906317572656,0.00906552295980956,3
"20671",0.764622272593122,0.233831866717225,0.00139518066140174,0.000150680028252227,1
"20673",9.09358095151302e-07,4.43674339401489e-05,0.972702226166607,0.0272524970413571,3
"20675",1.29316816403957e-05,0.00650818691107561,0.993395296681315,8.35847259685429e-05,3
"20677",0.000446501312950532,0.433043682594394,0.566485603555662,2.42125369934011e-05,3
"20679",1.3155532475864e-06,7.58233578518873e-06,0.974326384502834,0.0256647176081328,3
"20681",7.59235428442415e-06,0.000106967745948204,0.999814776054057,7.06638457103125e-05,3
"20683",0.000151301991293944,0.292464580406276,0.707330733300034,5.33843023965229e-05,3
"20685",0.983114012847163,3.96521836026787e-05,0.0166972350634563,0.000149099905777846,1
"20687",7.56852352056744e-06,2.41021787904439e-05,0.0556346630734676,0.944333666224222,4
"20689",0.68863774263021,0.311332107781465,2.99200306844223e-05,2.29557640143532e-07,1
"20691",4.44329374787122e-07,1.97480637723542e-06,0.000395343314148572,0.999602237550099,4
"20693",0.00163705380791931,0.998300306269325,6.26164129813022e-05,2.35097746033457e-08,2
"20695",5.70670332818997e-05,0.000555780515427375,0.990510385936906,0.00887676651438534,3
"20697",0.000558945401120427,0.999221738156756,0.00014149370893559,7.7822733187827e-05,2
"20699",1.40044598814128e-05,0.234869929746268,0.764728893316302,0.000387172477549386,3
"20701",0.000356442805859587,0.849219796081144,0.150421292698625,2.46841437183053e-06,2
"20703",0.0133130821470976,0.000304605136369282,0.98100178549322,0.00538052722331283,3
"20705",0.00581126060548859,0.991286593796799,0.00290150418241813,6.41415294674909e-07,2
"20707",0.00074877239802848,0.00840056196046779,0.990789744839118,6.09208023856507e-05,3
"20709",1.79784522739688e-05,0.0394185242455381,0.0753670424350514,0.885196454867136,4
"20713",0.0198035244040638,0.00021876373744572,0.938830580248133,0.0411471316103573,3
"20715",0.106115946703586,0.866163616244686,2.84995548566892e-05,0.0276919374968715,2
"20717",5.79262404023074e-05,0.00024030540319857,0.999340409490532,0.000361358865867523,3
"20720",0.000527500068946063,0.983888207920933,0.0155368618667345,4.74301433863469e-05,2
"20722",0.000129908200708994,0.979672088058998,0.0201919954308126,6.00830948084305e-06,2
"20724",1.91573928555783e-05,0.000106991957209928,0.766972027714393,0.232901822935542,3
"20726",0.00138017414264186,0.998540575361353,7.92358771253556e-05,1.46188796157949e-08,2
"20728",4.72835811609442e-06,3.93045896071869e-05,0.999638298396437,0.000317668655839301,3
"20730",0.000166103453590003,0.0020878155626121,0.538981739947423,0.458764341036374,3
"20732",0.0951544560344276,0.41564350660268,0.488936585635195,0.000265451727696798,3
"20734",0.00255521332358596,0.394078526880326,0.603274180555642,9.20792404465243e-05,3
"20736",2.0709610499924e-06,6.38004117961505e-05,0.123312094870549,0.876622033756605,4
"20738",0.0710993723150746,0.526358388250551,0.0195952924847642,0.382946946949611,2
"20740",0.29135071211621,0.601145995389098,0.107503123992159,1.6850253304185e-07,2
"20742",0.00237098282285624,0.000221528733665674,0.996956563815695,0.000450924627782847,3
"20744",3.95324030473069e-08,4.25982621350758e-06,0.0376813983191011,0.962314302322282,4
"20746",0.000165051340731167,0.0769130136318933,0.922766140265589,0.000155794761786478,3
"20748",7.09058556102503e-05,0.000112434629795916,0.66964804340517,0.330168616109424,3
"20750",3.17714481990428e-06,0.000798722779072669,0.343648848678946,0.655549251397161,4
"20752",0.00124652781396703,0.965987916827679,0.0327641200862403,1.43527211402127e-06,2
"20754",1.48615033668846e-06,0.000181588589144972,0.986232125389878,0.01358479987064,3
"20756",0.000517793497330496,0.13679659654617,0.549058446625547,0.313627163330953,3
"20758",2.3152245350955e-05,0.263259501649485,0.352437840059153,0.384279506046011,4
"20760",8.97380547097068e-07,2.40300048072594e-05,0.824646927731322,0.175328144883324,3
"20762",3.29776017877989e-06,0.000108213438832756,0.99859673261995,0.00129175618103842,3
"20764",6.12834929530817e-06,1.09260973468942e-05,0.30378495147844,0.696197994074918,4
"20766",1.0660764395026e-05,5.08256388215145e-05,0.8997737174482,0.100164796148583,3
"20768",5.96578915542069e-05,0.00121666953802617,0.166517887107655,0.832205785462764,4
"20770",1.01287339196478e-05,0.0248364348187887,0.974611925461201,0.000541510986090937,3
"20772",2.05212403683797e-05,0.999910395936721,6.76211771487143e-05,1.46164576237164e-06,2
"20774",0.00114676857668113,0.998846004643542,7.20727958795482e-06,1.95001894621096e-08,2
"20776",0.0018851327572339,0.00155233034640883,0.996503419706439,5.9117189918409e-05,3
"20778",0.656254197464633,0.343744818779746,7.12745626360558e-07,2.71009994192137e-07,1
"20780",5.75789660789867e-06,0.00124940643466227,0.811430967935953,0.187313867732777,3
"20782",2.13796819028991e-06,5.37564978702395e-05,0.930351378421974,0.0695927271119656,3
"20784",3.59796229000142e-06,0.000204700169274506,0.999033442598901,0.000758259269534136,3
"20786",1.62004779124162e-08,3.09542274374916e-06,0.000942502694809253,0.999054385681969,4
"20788",0.00222103872041406,0.0193453092046505,0.978268449324366,0.00016520275056919,3
"20790",3.13931059818079e-07,4.86641609678838e-05,0.905751514594489,0.0941995073134838,3
"20792",0.00391440576008023,0.0448356163623108,0.461013858352152,0.490236119525458,4
"20794",1.66621921766091e-07,2.23539158180468e-05,0.525608655880665,0.474368823581595,3
"20796",0.00359539176713307,0.995823005696673,0.00058151448664443,8.80495496103822e-08,2
"20798",3.75025775920467e-07,1.72519173191191e-06,6.69535934929166e-05,0.999930946188999,4
"20801",2.91532123929691e-06,3.57526250874833e-05,0.00152887574926067,0.998432456304413,4
"20803",0.00485507138349474,0.0348702363018304,0.960241991943209,3.2700371465652e-05,3
"20805",0.00145579605316912,0.330133476721644,0.66828705610214,0.000123671123046459,3
"20807",3.75025775920467e-07,1.72519173191191e-06,6.69535934929166e-05,0.999930946188999,4
"20809",0.00107840403990579,0.00143811344503855,0.995912456616131,0.00157102589892504,3
"20811",0.00331894163825117,0.0128154202643404,0.0256826748301019,0.958182963267307,4
"20813",0.00412788205594061,0.438188217402787,0.479588817203537,0.0780950833377356,3
"20815",2.14914550609552e-08,8.42377535836462e-07,0.00136030498003669,0.998638831150972,4
"20817",0.000122314825683578,0.000221603950805704,0.956892645653585,0.0427634355699254,3
"20819",0.00802115934039281,0.32438383113319,0.667590131135578,4.87839083940275e-06,3
"20821",0.000877978872711478,0.969556192762878,0.00646355079299911,0.0231022775714117,2
"20823",0.00688725910600409,0.190579022730729,0.786964229673781,0.0155694884894856,3
"20825",3.37969620646038e-06,2.9099133853793e-05,0.928591835987785,0.0713756851821548,3
"20827",0.000380312055927087,0.000391120449185572,0.164531940827114,0.834696626667774,4
"20829",0.00177680318554769,0.995666380415594,0.00252362358128673,3.31928175718769e-05,2
"20831",2.4450043877518e-05,0.000138858784667991,0.928420904254091,0.0714157869173632,3
"20833",1.78783999306223e-06,0.000109889608078862,0.798235613083651,0.201652709468277,3
"20835",9.74929042278416e-05,7.34727368890136e-05,0.967147254900052,0.0326817794588308,3
"20837",0.000136274451794795,0.000321584557438088,0.997146757332228,0.00239538365853909,3
"20839",5.4479909125213e-06,8.12969053621517e-05,0.987395283164172,0.0125179719395534,3
"20841",0.352512017242659,0.435845729837605,0.21156051232727,8.17405924655006e-05,2
"20843",3.49699214712491e-05,0.00122937091359117,0.998702239063331,3.34201016064176e-05,3
"20845",4.58264162865576e-05,0.00140028680962535,0.440602048443374,0.557951838330714,4
"20847",0.00208655885351786,0.424427582928767,0.573117593611137,0.00036826460657868,3
"20849",0.000320973961851057,0.572247036940479,0.413790792183305,0.0136411969143643,2
"20851",0.00616536618143088,0.695837071430451,0.297938719237479,5.8843150639343e-05,2
"20853",0.516453190967293,0.473440448106348,0.0101026155042752,3.74542208424968e-06,1
"20855",0.000646745231261659,0.996097608118635,0.00299113407101705,0.000264512579086278,2
"20857",0.0013391494636932,0.62053980677354,0.378044155835504,7.68879272622985e-05,2
"20859",0.000104207259040687,0.977702160571251,0.0220711410840145,0.000122491085694242,2
"20861",0.962990300407759,0.000313409858918506,0.0335262392339152,0.00317005049940709,1
"20863",5.53911267181052e-05,6.16114662626795e-05,0.618831376653947,0.381051620753072,3
"20865",1.16279490436775e-06,0.0011043909305895,0.998059998058799,0.000834448215707029,3
"20867",0.00099284089940792,0.99900591444962,1.2133238168095e-06,3.13271553543024e-08,2
"20869",1.51423858520208e-05,0.000330458633468589,0.467982080359654,0.531672318621025,4
"20871",0.000605840159403488,0.997983067559771,0.000126295876876784,0.00128479640394902,2
"20873",0.000342468962483093,0.999120768872557,0.000104159272933409,0.000432602892026654,2
"20875",0.0314000053020157,0.929992366446968,0.0385574784475948,5.01498034214533e-05,2
"20878",2.49797674757555e-07,2.14115756624552e-06,0.00333789474515833,0.996659714299601,4
"20880",3.17882108317976e-06,0.000200165011431655,0.811126832521582,0.188669823645904,3
"20882",0.00170386382103422,0.997964524556306,0.000328622279914089,2.98934274564453e-06,2
"20884",0.000176717568261761,0.000333758743299429,0.994231031647365,0.0052584920410739,3
"20886",6.96747518918784e-06,0.00196902400113198,0.273376045066912,0.724647963456767,4
"20888",1.1453650679371e-07,1.75686519656719e-06,0.108889488104196,0.891108640494101,4
"20890",4.48727166205903e-06,0.000609894998548283,0.776381128353611,0.223004489376179,3
"20892",0.0496213832718698,0.475309106633062,0.475000903344469,6.86067505997388e-05,2
"20897",0.0193339444748738,0.0787224925317431,0.883618954227553,0.0183246087658299,3
"20899",0.00143790096621475,0.0864109476819057,0.869543864137563,0.0426072872143165,3
"20901",0.967407167569725,0.0311637674571201,0.00141311664140861,1.59483317466805e-05,1
"20903",0.0287456242214651,0.966564898144715,4.10266780259226e-05,0.00464845095579346,2
"20905",0.0180753336359096,0.902376503328523,0.0435722145566696,0.0359759484788983,2
"20907",8.15642490393276e-05,0.99899152102115,0.000926303982378576,6.10747431810614e-07,2
"20909",0.00135031783432525,0.41645904663282,0.555028692366904,0.0271619431659503,3
"20911",0.974122066632309,0.0258695781653038,8.20669909153754e-06,1.48503295585468e-07,1
"20913",0.000348888082610424,0.00871156869188206,0.984131546537896,0.006807996687612,3
"20962",0.000143038243118229,0.910111051965194,0.0896834786157307,6.24311759567479e-05,2
"20969",0.0197586643686388,0.964053889829583,0.00311315416111948,0.0130742916406586,2
"20980",0.000211313722105954,0.902991068257309,0.0960839913148848,0.000713626705699902,2
"20982",0.000137883808554697,0.986856838119653,0.0130037678348546,1.51023693819409e-06,2
"20984",0.00069881928084342,0.000554404762273733,0.991050672355556,0.00769610360132651,3
"20994",0.0111189936800331,0.977637390876416,0.0105915633067939,0.000652052136757269,2
"21015",0.000721546282699098,1.51504973333399e-05,0.151961152602265,0.847302150617702,4
"21023",0.0291083446448502,0.970798022291212,9.3505994082702e-05,1.27069855416524e-07,2
"21040",0.00497552275991482,0.907142723267668,0.0878681574085085,1.3596563908184e-05,2
"21073",0.216833464803145,0.535981545447001,0.238538532761651,0.00864645698820383,2
"21222",8.92590204263982e-05,0.000620151571916316,0.874870293578695,0.124420295828962,3
"21224",1.36226249573973e-05,0.0673366910160941,0.928284719449387,0.00436496690956117,3
"21228",0.107883133947957,0.0109701817054133,0.257622555623949,0.62352412872268,4
"21232",0.0326701317331807,0.965214011676297,0.00211549353449586,3.63056026402876e-07,2
"21237",0.412902827965472,0.564930643602776,0.0211762559012179,0.000990272530534145,2
"21240",8.51395154069634e-05,0.00011305137993705,0.898778839917591,0.101022969187065,3
"21245",5.7157332438727e-06,6.90592435436591e-05,0.736479063472595,0.263446161550618,3
"21252",0.127862400403306,0.867041114944687,0.0050963749686293,1.09683377245051e-07,2
"21254",0.116110178563794,0.831337279960161,0.0525389435028278,1.3597973216645e-05,2
"21258",8.4069687384314e-05,0.0918799403556027,0.898762402326869,0.00927358763014406,3
"21264",0.00036724831869177,0.00683136046972188,0.849379810805813,0.143421580405773,3
"21305",7.63765613880655e-06,0.0153913167827873,0.962510551173874,0.0220904943872002,3
"21333",0.00135087233450709,0.887792181384001,0.110855731797319,1.21448417233372e-06,2
"21366",0.00283293685593833,0.0243986521795035,0.972438042559235,0.000330368405322862,3
"21377",1.71018930458341e-06,1.97991762145162e-05,0.00120605613547228,0.998772434499009,4
"21380",0.000338358519955266,0.917532638515108,0.062264041532906,0.0198649614320305,2
"21387",0.999847327094716,0.000152026024864762,6.45995127096543e-07,8.8529222575054e-10,1
"21390",0.00993483772580762,0.984290427121283,0.00577235584296499,2.37930994430806e-06,2
"21392",0.0565678618935763,0.174511965198404,0.768433880754877,0.000486292153142904,3
"21403",0.00021583308215909,0.890927156720604,0.0786873602309113,0.0301696499663255,2
"21408",0.000543288983913656,0.998752137395561,0.000643127081590357,6.1446538935549e-05,2
"21412",0.976293886059414,0.0229758893870081,0.000437629291346105,0.000292595262231806,1
"21421",4.47268274082924e-05,0.00242223243147125,0.995973869327911,0.00155917141320932,3
"21424",0.960035364281134,0.0399517096174923,1.29146299662278e-05,1.14714078123664e-08,1
"21429",0.00527889289167707,0.991478255127579,0.00321586973165914,2.69822490845943e-05,2
"21431",0.000213892865260622,0.0136047209941562,0.984983076186936,0.00119830995364674,3
"21436",4.72765286701768e-06,0.00198261816350657,0.997123547930378,0.000889106253248312,3
"21439",0.000828682948050052,0.964855295467039,0.0303529040138572,0.00396311757105378,2
"21442",0.00112346400367657,0.0770306169553685,0.732776747095042,0.189069171945913,3
"21444",2.82235313115997e-05,1.26332059191384e-05,0.995715437667388,0.00424370559538146,3
"21446",4.85282020042733e-05,1.23877307448258e-06,0.0056703631543178,0.994279869870604,4
"21448",0.995315144136797,1.17275545176893e-05,0.00458128122043484,9.18470882505723e-05,1
"21450",0.0287737518503223,0.344004299087991,0.588121017067655,0.0391009319940316,3
"21452",3.56033455606247e-05,0.977103911441648,0.0228536630363194,6.82217647199327e-06,2
"21466",0.021495130006076,0.978450458211572,5.44047681465115e-05,7.01420554092186e-09,2
"21470",7.13433022228884e-05,0.900642731684875,0.0985372022055389,0.00074872280736325,2
"21472",0.000736987210076969,0.988682689478162,0.0105802344404454,8.88713153086539e-08,2
