"","V1","V2","V3","result$classification"
"19811",0.000166533708290912,0.995591148278239,0.00424231801346974,2
"19813",0.00592019200904056,0.988960354776911,0.005119453214048,2
"19815",0.0108090023424934,0.989073825059619,0.000117172597887808,2
"19817",0.00137639772478746,0.995891263095846,0.00273233917936635,2
"19819",0.999783234546857,0.000213707121128037,3.05833201461341e-06,1
"19821",0.00274236828445563,0.924223626931474,0.0730340047840705,2
"19823",0.0082959473644851,0.990580210203635,0.00112384243188034,2
"19825",0.17014703932836,0.0187684749263322,0.811084485745308,3
"19827",0.00445546013814237,0.512015556905546,0.483528982956312,2
"19829",0.963299398629787,0.0109311237652776,0.0257694776049352,1
"19831",0.997966582377836,0.00202666305873712,6.7545634271049e-06,1
"19833",0.87126440826175,0.0717942655099794,0.0569413262282708,1
"19835",0.00274236828445563,0.924223626931474,0.0730340047840705,2
"19837",0.00613981004295696,0.90770138779726,0.0861588021597831,2
"19839",0.851096010928192,0.0389062135224516,0.109997775549356,1
"19841",9.27721568675259e-05,0.00017969926018534,0.999727528582947,3
"19843",0.997193714012019,0.00280173088815457,4.55509982698573e-06,1
"19845",0.000128234807866263,0.998584840781131,0.001286924411003,2
"19847",0.00920613674986092,0.990669314198877,0.000124549051262111,2
"19849",0.000798059608005161,0.991671510630661,0.00753042976133381,2
"19851",0.000548779756896219,0.999104557908424,0.000346662334680205,2
"19853",2.594987064723e-05,0.99778479730592,0.00218925282343273,2
"19855",8.46940532470103e-05,0.987549799481664,0.0123655064650885,2
"19857",0.0109243223170716,0.949109583411028,0.0399660942719002,2
"19859",0.00680411092207308,0.96848196784043,0.0247139212374972,2
"19861",0.000162770604055027,0.999397942216317,0.000439287179627483,2
"19863",4.56568884352857e-05,0.021151425400939,0.978802917710626,3
"19865",5.88257620390935e-05,0.00805757540261955,0.991883598835341,3
"19867",0.00222920480148286,0.997730040819463,4.07543790543623e-05,2
"19869",6.91567402566853e-05,0.976042508841372,0.0238883344183709,2
"19871",0.0174675275906303,0.905401406369786,0.0771310660395839,2
"19874",0.000355034274151663,0.288223520025933,0.711421445699915,3
"19876",5.010100651032e-05,0.600410035990714,0.399539863002776,2
"19878",0.70306760526175,0.295912810777067,0.00101958396118349,1
"19880",3.29203798177851e-06,0.00460211075710943,0.995394597204909,3
"19882",0.000173043445197775,0.994753764883935,0.0050731916708671,2
"19885",0.0176119437763299,0.979621589812234,0.00276646641143621,2
"19907",0.000839837556410358,0.998973866566089,0.0001862958775007,2
"19909",0.934810174532518,0.0649655800067903,0.000224245460691494,1
"19911",0.890365894473918,0.0642347664836058,0.0453993390424759,1
"19913",1.30383394625352e-05,0.000225964057712378,0.999760997602825,3
"19915",0.000376224539568864,0.543734307615803,0.455889467844628,2
"19917",0.000549570789344816,0.035298121703104,0.964152307507551,3
"19919",0.00344877285280778,0.82860991068901,0.167941316458182,2
"19921",0.0011501581946306,0.99874013493473,0.000109706870639436,2
"19923",0.135056539460958,0.864913680199408,2.9780339634065e-05,2
"19925",0.000291913581559628,0.108476283939776,0.891231802478664,3
"19927",0.00056373085575647,0.99811768237963,0.00131858676461312,2
"19929",3.73705650429707e-06,0.002131536303473,0.997864726640023,3
"19931",0.00602618283362942,0.990068199410261,0.00390561775610916,2
"19933",0.729708886574039,0.266519992306988,0.00377112111897285,1
"19935",0.0756077698549016,0.918389602106455,0.00600262803864319,2
"19937",0.00278540976264291,0.997060791826368,0.00015379841098861,2
"19939",0.005550298650252,0.990293192017677,0.00415650933207075,2
"19941",0.776422203574754,0.0370501262083753,0.186527670216871,1
"19943",4.24671225564654e-05,0.0040958195266479,0.995861713350796,3
"19945",0.88856073117726,0.111228846080968,0.000210422741772309,1
"19947",0.107965195859264,0.0586492314948723,0.833385572645864,3
"19949",0.446244899329739,0.553700997215076,5.41034551854203e-05,2
"19951",0.0087864580176789,0.399691313896536,0.591522228085785,3
"19953",0.988198289114589,0.0117999851398899,1.72574552132197e-06,1
"19955",0.98361893486932,0.0163626125603419,1.84525703378495e-05,1
"19957",0.00942075350687081,0.215867960083569,0.77471128640956,3
"19960",0.984285205125095,0.0137408321486153,0.00197396272628936,1
"19963",0.00683210714521153,0.00499198028209399,0.988175912572695,3
"19965",0.996336493045387,0.00366244419873892,1.0627558743109e-06,1
"19968",0.00137742982105619,0.0363434225967957,0.962279147582148,3
"19971",0.0144541023084151,0.000481732759329761,0.985064164932255,3
"19973",0.000897427678810264,0.982950319939751,0.0161522523814388,2
"19975",0.000247511402024798,0.0510732694081854,0.94867921918979,3
"19977",0.00128988347009302,0.00870964956921337,0.990000466960694,3
"19979",0.999955775329262,3.39493813922904e-05,1.02752893458513e-05,1
"19981",0.0223156728686883,0.975248521688696,0.00243580544261566,2
"19983",0.040281014544751,0.959510407397135,0.000208578058114187,2
"19985",6.99689258020471e-05,0.238766620429744,0.761163410644454,3
"19987",0.100330550008114,0.807936391418711,0.0917330585731749,2
"19989",0.999778105943011,0.000221775513883379,1.18543105189334e-07,1
"19993",0.515609191860778,0.452321633868885,0.0320691742703365,1
"19995",0.730355526832193,0.256840458920209,0.0128040142475988,1
"19997",0.000443790788673291,0.976399876811917,0.0231563323994102,2
"19999",7.04016622433748e-05,0.898986745859357,0.1009428524784,2
"20002",0.000869589212015097,0.00534682510093843,0.993783585687047,3
"20004",0.707822396976717,0.259470386624926,0.0327072163983572,1
"20006",0.920770526718347,0.0758923110884957,0.00333716219315682,1
"20008",0.921320032973006,0.077637966828661,0.00104200019833292,1
"20010",0.968754086270176,0.0312304752956525,1.54384341713036e-05,1
"20012",0.000290537001228062,0.248852640182144,0.750856822816627,3
"20015",0.999485156348294,0.000512630068922969,2.21358278303499e-06,1
"20017",0.000166091776234893,0.94778393043144,0.0520499777923252,2
"20019",0.999991128912879,8.75590523719128e-06,1.15181884409238e-07,1
"20022",0.988894720454444,0.0110931474860191,1.21320595363657e-05,1
"20024",0.999781318748807,0.00021777603204502,9.0521914783232e-07,1
"20026",0.999781318748807,0.00021777603204502,9.0521914783232e-07,1
"20028",0.000121813937347745,0.782221633853112,0.21765655220954,2
"20030",0.99673009582334,0.0017573989298089,0.00151250524685125,1
"20033",0.00522378295352143,0.682204275000352,0.312571942046127,2
"20035",0.999980303256378,1.95677027453325e-05,1.29040876438448e-07,1
"20037",0.999953237387866,4.67462546892525e-05,1.63574449402148e-08,1
"20039",0.99890614421818,0.00109342528834671,4.30493473329593e-07,1
"20041",0.415026473729837,0.583367609245328,0.00160591702483471,2
"20044",0.526508395032684,0.462709850103956,0.0107817548633607,1
"20047",0.999995634616668,3.5224508964445e-06,8.42932436072945e-07,1
"20050",0.965222778304546,0.0346339390385665,0.000143282656887324,1
"20052",0.0793535526811428,0.875132598225687,0.0455138490931704,2
"20054",0.994118978581217,0.00572015189684844,0.000160869521934392,1
"20056",0.00124153661853626,0.00613721466789733,0.992621248713566,3
"20058",0.999710028603836,0.000289917366064085,5.40300995870298e-08,1
"20060",0.00446166968637867,0.993867528222266,0.0016708020913555,2
"20062",0.022233611478197,0.977064540933542,0.000701847588261011,2
"20064",0.95050804835555,0.0482608034736483,0.00123114817080206,1
"20066",0.999615177161937,0.000200146581270141,0.00018467625679317,1
"20068",0.000409021440959098,0.999208777059128,0.000382201499912586,2
"20070",0.0012317190698108,0.998569960678191,0.000198320251998194,2
"20072",0.988843292326758,0.0111542213666413,2.4863066005941e-06,1
"20074",2.03376656922228e-06,0.000511776665497779,0.999486189567933,3
"20076",0.00842494599727564,0.113900762493264,0.877674291509461,3
"20078",0.939725087772254,0.059760736220522,0.000514176007223453,1
"20080",0.99996647006851,3.32007840200154e-05,3.29147469760454e-07,1
"20082",0.998471381025875,0.00151855908999573,1.00598841295976e-05,1
"20084",0.953072057816582,0.0185029685346291,0.028424973648789,1
"20087",0.915736636809136,0.0842514522710378,1.19109198266861e-05,1
"20090",0.999827128689341,0.000172079193598476,7.92117060414431e-07,1
"20092",0.291872564151769,0.708121587487716,5.84836051432867e-06,2
"20096",0.0949211497534676,0.891196853460975,0.013881996785558,2
"20098",0.00276367724386306,0.710061791222276,0.287174531533861,2
"20101",0.999186089871153,0.000476142008194964,0.000337768120651837,1
"20104",0.00163684980905402,0.994098111861434,0.00426503832951219,2
"20106",0.99683151418984,0.00290947296962757,0.000259012840532542,1
"20108",0.00214222317624879,0.942729659661522,0.0551281171622287,2
"20110",0.107915045644957,0.762212902020704,0.129872052334338,2
"20112",0.980047889934066,0.0198782050601789,7.39050057545219e-05,1
"20114",0.813890884340524,0.0793688460475365,0.106740269611939,1
"20116",0.884607439131002,0.0293962896805059,0.0859962711884921,1
"20118",0.156586569311426,0.720858722677036,0.122554708011538,2
"20120",0.992687017187475,0.00648359067314742,0.00082939213937788,1
"20122",5.34104711856094e-05,0.00482950474613346,0.995117084782681,3
"20124",0.999751699742977,0.000248208086179579,9.21708438344727e-08,1
"20126",0.998709652370772,0.0012587409238893,3.16067053391367e-05,1
"20128",0.999995133085184,4.80748545275455e-06,5.94293636133296e-08,1
"20141",0.00183329580332858,0.908620642536279,0.0895460616603921,2
"20143",2.59032344021065e-06,0.000249880326459375,0.9997475293501,3
"20145",0.989616625107015,0.0103580613283999,2.53135645846133e-05,1
"20147",0.994649451334733,0.0053039366713681,4.66119938989541e-05,1
"20149",1.52885619803086e-05,0.00503310891935293,0.994951602518667,3
"20151",0.00310411122859672,0.854442641877589,0.142453246893814,2
"20153",0.0278963275823315,0.460290906275346,0.511812766142323,3
"20155",0.998492825147306,0.00150209020611533,5.08464657922216e-06,1
"20157",0.00160858245320836,0.412655568734409,0.585735848812383,3
"20160",5.91362573131371e-06,0.00035048966398878,0.99964359671028,3
"20162",6.6315178275326e-06,0.00955024223121922,0.990443126250953,3
"20164",0.00161480690063575,0.119430010925172,0.878955182174192,3
"20166",0.988178058159789,0.00203749419497081,0.00978444764523964,1
"20168",0.356123033667356,0.0692430252446725,0.574633941087972,3
"20170",0.00267724106264427,0.655143313025736,0.34217944591162,2
"20172",0.991983879570221,0.00801533794575145,7.82484027690475e-07,1
"20174",4.73474198216994e-05,0.619008981122933,0.380943671457246,2
"20176",0.158923609606222,0.78317320376863,0.0579031866251481,2
"20178",7.80339763712754e-06,0.000242307186374415,0.999749889415989,3
"20181",0.978608362848693,0.00140486699701952,0.0199867701542877,1
"20183",0.0190855242463128,0.980831856774151,8.26189795362555e-05,2
"20186",0.0381625303596534,0.96183393297719,3.53666315644004e-06,2
"20188",8.01025741120219e-06,0.00149633950890217,0.998495650233687,3
"20190",0.999557836647483,0.000434585272207161,7.57808030991445e-06,1
"20193",0.00372050905811597,0.00260135024606448,0.99367814069582,3
"20195",0.0101939682975771,0.267703340767425,0.722102690934998,3
"20197",0.993133667789462,0.00686490279333699,1.42941720046647e-06,1
"20199",0.000160238888840247,0.126153854040703,0.873685907070457,3
"20205",0.967952088551278,0.0320371063616827,1.08050870393397e-05,1
"20208",0.00856851717814457,0.955878002299146,0.0355534805227099,2
"20210",2.39331965201828e-05,0.0250996475750475,0.974876419228432,3
"20212",0.00137063679567672,0.178823242701259,0.819806120503064,3
"20216",0.991032765048399,0.00852242104982734,0.000444813901773959,1
"20219",0.985407160220547,0.0144462064094007,0.000146633370052728,1
"20223",0.999570633732486,0.00042923868551331,1.27582001032153e-07,1
"20226",0.203419550423851,0.792823352019469,0.00375709755668,2
"20230",0.99981075097204,0.000188061530445554,1.18749751427313e-06,1
"20233",0.0214030468531591,0.971230774452856,0.00736617869398536,2
"20235",0.997144432694467,0.00285538591655327,1.81388979864097e-07,1
"20239",0.928147307798963,0.0718245807334778,2.81114675592085e-05,1
"20254",0.999617973207982,0.000381074328150128,9.52463868191961e-07,1
"20256",0.999232400589266,0.000767362049226642,2.37361507179199e-07,1
"20262",0.00105649649445257,0.334188191815201,0.664755311690347,3
"20270",0.880117379628964,0.0903623681652819,0.0295202522057539,1
"20284",0.129175288566751,0.870670635502543,0.000154075930705897,2
"20287",0.99996887290545,3.10679420133747e-05,5.91525364571857e-08,1
"20290",0.845754140352574,0.152837702824223,0.00140815682320298,1
"20293",0.924735383756808,0.0751866585641417,7.795767905029e-05,1
"20296",0.00660139256322481,0.296199617218661,0.697198990218114,3
"20301",0.999918274315202,1.73121264030449e-05,6.44135583949543e-05,1
"20304",0.997087759277273,0.00289706660092842,1.5174121798271e-05,1
"20306",0.999765546585636,0.000234400327491201,5.30868729929264e-08,1
"20309",0.700603049812081,0.298922039278548,0.000474910909371541,1
"20311",0.982976022967112,0.0156426405437424,0.00138133648914519,1
"20314",0.0180688076615184,0.928591189130944,0.0533400032075379,2
"20318",0.000122976613041125,0.000637165912372488,0.999239857474587,3
"20320",0.0155123843182049,0.979521796519203,0.00496581916259222,2
"20326",0.0223419632062575,0.874142723821376,0.103515312972366,2
"20328",0.00951502840557136,0.990405244787105,7.97268073232819e-05,2
"20330",0.988507318072135,0.0114767621988537,1.59197290112283e-05,1
"20336",0.685997470118792,0.313967919438726,3.46104424820929e-05,1
"20338",0.965807776895541,0.0327577128984919,0.00143451020596714,1
"20340",0.999912356651093,8.70107643243919e-05,6.32584582649979e-07,1
"20342",0.771429901935046,0.182032792820401,0.0465373052445529,1
"20344",0.99319275392085,0.00680090070155397,6.34537759553898e-06,1
"20349",0.999493407867696,0.000506380025985315,2.12106318928684e-07,1
"20351",0.934165852061688,0.0647740998981877,0.00106004804012442,1
"20353",0.997235416371111,0.00276399393612262,5.89692766342414e-07,1
"20357",0.993333217612252,0.0066664082456371,3.74142110788181e-07,1
"20360",0.944482048726663,0.0553958051526172,0.00012214612071985,1
"20364",0.948371703447673,0.0515823538629998,4.59426893278791e-05,1
"20366",0.538964341042425,0.459994978970078,0.00104067998749715,1
"20381",0.000201759337685495,0.299897252859775,0.699900987802539,3
"20391",0.530303285410125,0.469694293994904,2.42059497113504e-06,1
"20394",0.000712793397471159,0.996416937178868,0.00287026942366079,2
"20396",2.39856997704714e-05,0.904120167360885,0.0958558469393443,2
"20409",0.605885939956812,0.192331892869499,0.201782167173689,1
"20411",0.998639275253338,0.00136068687648109,3.78701809042919e-08,1
"20416",0.999985199254411,1.47940587914576e-05,6.68679800245251e-09,1
"20418",2.04182165095216e-05,0.621343038250713,0.378636543532778,2
"20420",0.0226191051527154,0.969473600687946,0.00790729415933857,2
"20422",0.997376149640297,0.00245052036791073,0.000173329991792111,1
"20424",0.998950886439257,0.00104902685658134,8.6704161338122e-08,1
"20426",0.628058694621321,0.146230584074902,0.225710721303777,1
"20428",0.744566648069249,0.255232025971565,0.000201325959185694,1
"20431",0.158160507387764,0.741729346701605,0.100110145910631,2
"20433",0.999765839870801,0.000233000539138724,1.15959006075012e-06,1
"20436",0.820772695695814,0.158969365692024,0.0202579386121617,1
"20439",3.19923263268405e-05,0.608367642343812,0.391600365329861,2
"20441",0.966354273735748,0.0335934172238078,5.23090404442665e-05,1
"20444",3.78924329900994e-06,0.000904925945520858,0.99909128481118,3
"20448",0.0407392360992559,0.699903356472068,0.259357407428676,2
"20536",0.000999773000139921,0.998727335366324,0.000272891633536383,2
"20538",0.82756708683601,0.172405149242135,2.77639218551593e-05,1
"20541",0.999945353519023,5.45932728762354e-05,5.32081006602655e-08,1
"20544",0.343554427255829,0.646261917225234,0.0101836555189369,2
"20546",0.99641935790018,0.00358046462763123,1.77472188772605e-07,1
"20550",0.566265633636654,0.428664078857661,0.00507028750568436,1
"20553",0.999982874179889,5.27951984555358e-06,1.18463002657923e-05,1
"20555",0.0543545730401392,0.945542494059006,0.000102932900855164,2
"20557",0.613742847478168,0.382641971455076,0.00361518106675621,1
"20559",0.998368939079313,0.00161215169097938,1.89092297080804e-05,1
"20561",0.00710474803305409,0.660143510993836,0.33275174097311,2
"20564",7.80339763712754e-06,0.000242307186374415,0.999749889415989,3
"20566",0.764929085498024,0.234260549596854,0.000810364905122575,1
"20569",0.000169681647289501,0.757581902759398,0.242248415593312,2
"20572",5.22773341093287e-05,0.0760600917821403,0.92388763088375,3
"20574",0.999249586776443,0.000736194242427492,1.42189811294224e-05,1
"20576",3.69804881437612e-05,0.00108789048205062,0.998875129029806,3
"20578",0.793049751154415,0.198186507470853,0.0087637413747321,1
"20580",0.720717256305428,0.278718199657618,0.000564544036954034,1
"20583",2.81358999114929e-05,0.000662980553453075,0.999308883546635,3
"20586",0.876835674959695,0.12313538926587,2.89357744351028e-05,1
"20589",0.999519286190062,0.000480662355029185,5.14549088325627e-08,1
"20591",0.0397068731470072,0.960233761400939,5.93654520536214e-05,2
"20593",0.999990250437807,9.28975502101956e-06,4.59807171604537e-07,1
"20595",0.990396441906232,0.00934590002069027,0.000257658073078012,1
"20597",0.00016779495396919,0.987624034798653,0.0122081702473777,2
"20599",7.69957980470649e-06,0.000299020435123568,0.999693279985072,3
"20601",0.00267500762040717,0.996323534376984,0.00100145800260838,2
"20604",0.999868716744465,0.000119029029789324,1.22542257458517e-05,1
"20606",0.999856050244793,0.00014338276627463,5.66988932243827e-07,1
"20608",0.994896556236928,0.00509638562147347,7.05814159872589e-06,1
"20610",0.000184509356381842,0.00531956443098141,0.994495926212637,3
"20612",0.936591028649069,0.0496135903052381,0.0137953810456926,1
"20614",4.33790215913935e-05,0.0206785208800842,0.979278100098324,3
"20616",0.0205657855429154,0.976885817943662,0.00254839651342232,2
"20618",0.618497263973761,0.377380953432239,0.00412178259399955,1
"20620",0.993224836478867,0.00632302775905464,0.00045213576207831,1
"20622",8.93347416191127e-05,0.0021983340673556,0.997712331191025,3
"20624",0.998366052059535,0.00163339925285168,5.48687613318867e-07,1
"20626",0.770719877000863,0.209097271186983,0.0201828518121536,1
"20628",0.257952896262135,0.739152022085521,0.00289508165234327,2
"20630",0.845417771061754,0.132468895413718,0.0221133335245279,1
"20632",2.5624033019068e-06,0.018652063617645,0.981345373979053,3
"20634",0.999763439682235,0.000236069934458342,4.90383306852286e-07,1
"20637",0.998100037050886,0.00168333357754792,0.000216629371566179,1
"20639",0.000283236955402628,0.373963796147429,0.625752966897168,3
"20644",0.999990968242503,8.36960851176033e-06,6.6214898515872e-07,1
"20646",0.997893946537145,0.00202635890116752,7.96945616872377e-05,1
"20648",0.00182827680927658,0.976601860878018,0.0215698623127052,2
"20650",0.999370604062907,0.00062903283378014,3.6310331244559e-07,1
"20653",0.0030008899411829,0.991402647092534,0.00559646296628289,2
"20658",0.99723563566505,0.0027625385241707,1.82581077883224e-06,1
"20661",0.856065743211752,0.143871986853644,6.22699346035047e-05,1
"20663",0.600797256369405,0.399163295254118,3.94483764770971e-05,1
"20665",1.81820683779016e-05,0.000298997184206564,0.999682820747415,3
"20667",0.0417307666198073,0.957408042748789,0.000861190631403531,2
"20669",7.69092596516826e-05,0.985728253234099,0.0141948375062496,2
"20671",0.993395388405709,0.00638748882369927,0.000217122770591434,1
"20673",0.000109200923928729,0.950585888385082,0.0493049106909894,2
"20675",0.00944186161780069,0.990369196946601,0.000188941435598592,2
"20677",0.398479009763999,0.601476119745644,4.48704903565481e-05,2
"20679",2.6296912386847e-05,0.963295918581219,0.036677784506394,2
"20681",0.000313016190308919,0.999551451309421,0.000135532500270339,2
"20683",0.275591580301935,0.724299541952251,0.000108877745814046,2
"20685",0.015266236724988,0.98126440643062,0.00346935684439161,2
"20687",0.000115664769281649,0.124113789666302,0.875770545564417,3
"20689",0.999860569376467,0.000138645475520048,7.85148012696431e-07,1
"20691",9.74538117587267e-06,0.00130049362577739,0.998689760993047,3
"20693",0.99982544562913,0.000174480848561704,7.35223082374157e-08,1
"20695",0.00127851648927502,0.991155076285837,0.00756640722488823,2
"20697",0.999379784958782,0.000483835954773671,0.000136379086444515,1
"20699",0.172661389870628,0.826526890539512,0.000811719589859894,2
"20701",0.802293044864702,0.197699983075906,6.97205939166101e-06,1
"20703",0.00149830411692706,0.992246301619773,0.0062553942633,2
"20705",0.99516893727094,0.00482993987979653,1.12284926381396e-06,1
"20707",0.0166983589004915,0.983230311848731,7.13292507773761e-05,2
"20709",0.0363173357493065,0.109399509541356,0.854283154709337,3
"20713",0.000985440168222459,0.977166140214086,0.0218484196176921,2
"20715",0.978323179657758,8.59916502866901e-05,0.0215908286919552,1
"20717",0.000690025649273307,0.998905842603653,0.000404131747074138,2
"20720",0.969462001100017,0.0304356591208443,0.000102339779138142,1
"20722",0.959424502213701,0.0405590727748889,1.64250114097271e-05,1
"20724",0.000291273887670217,0.839912327466195,0.159796398646135,2
"20726",0.999790770640766,0.0002091803022948,4.90569395085528e-08,1
"20728",0.000127465789414173,0.999383012634324,0.000489521576261811,2
"20730",0.00430541407007771,0.695232160277262,0.30046242565266,2
"20732",0.578390382599623,0.421297933862191,0.00031168353818525,1
"20734",0.406322185952335,0.593571074855615,0.000106739192050466,2
"20736",0.000183096217448628,0.206533572047334,0.793283331735217,3
"20738",0.676092810946011,0.0308989272275861,0.293008261826403,1
"20740",0.888943010196109,0.111056710691065,2.79112826644589e-07,1
"20742",0.000884237455171616,0.998748300661459,0.000367461883369204,2
"20744",9.7701120958733e-06,0.0501305705436622,0.949859659344242,3
"20746",0.0816851304165521,0.918101292740143,0.000213576843304604,2
"20748",0.000356183333063387,0.793403718000892,0.206240098666044,2
"20750",0.00125485962216145,0.43437060030926,0.564374540068579,3
"20752",0.949942561915053,0.0500544185432744,3.01954167289937e-06,1
"20754",0.000367451365291446,0.971833754212877,0.0277987944218311,2
"20756",0.13424645029443,0.645607535816898,0.220146013888671,2
"20758",0.144107269243153,0.342928456557489,0.512964274199358,3
"20760",6.14757839586756e-05,0.83999636168683,0.159942162529212,2
"20762",0.000282800243683897,0.99677113325171,0.00294606650460596,2
"20764",4.41408679040126e-05,0.429669728039403,0.570286131092693,3
"20766",0.0001483979128737,0.925436224375552,0.0744153777115745,2
"20768",0.0030831568991276,0.30784608489706,0.689070758203812,3
"20770",0.025400098969531,0.973368572405099,0.00123132862537007,2
"20772",0.999697137112176,0.000296026835017497,6.83605280618405e-06,1
"20774",0.999976668354948,2.32428081114463e-05,8.88369400412968e-08,1
"20776",0.00469227662210123,0.995244161015887,6.35623620113758e-05,2
"20778",0.999994716902308,4.61447386242183e-06,6.68623829475469e-07,1
"20780",0.00172194925724204,0.699237378434107,0.299040672308651,2
"20782",0.000129884021658316,0.892107815498699,0.107762300479642,2
"20784",0.000481087454067818,0.997713195340335,0.00180571720559724,2
"20786",5.58468140545461e-06,0.00149870051495215,0.998495714803642,3
"20788",0.0347636014888785,0.96507859569772,0.000157802813401042,2
"20790",9.89702531421568e-05,0.882939154145029,0.116961875601829,2
"20792",0.0794290862658909,0.607412969296376,0.313157944437733,2
"20794",4.47244488125005e-05,0.509904405844333,0.490050869706854,2
"20796",0.99886414992866,0.00113566426657828,1.85804761705474e-07,1
"20798",7.80339763712754e-06,0.000242307186374415,0.999749889415989,3
"20801",0.000122032748178131,0.00406560854138742,0.995812358710434,3
"20803",0.0622521296982174,0.937709497108499,3.83731932835056e-05,2
"20805",0.327583397047028,0.672269790765405,0.000146812187566948,2
"20807",7.80339763712754e-06,0.000242307186374415,0.999749889415989,3
"20809",0.00355242378310726,0.995015630890847,0.00143194532604609,2
"20811",0.0387224157079649,0.0684642573983235,0.892813326893712,3
"20813",0.415967145765466,0.523785362397196,0.0602474918373384,2
"20815",1.94747049536109e-06,0.00199050875149991,0.998007543778005,3
"20817",0.000625586887596804,0.971824166647,0.0275502464654026,2
"20819",0.391316529453252,0.60867690280745,6.56773929792019e-06,2
"20821",0.936296859915192,0.0132345856345549,0.0504685544502536,1
"20823",0.209654146169915,0.780225637715506,0.0101202161145792,2
"20825",8.33647517882424e-05,0.939816002655237,0.0601006325929745,2
"20827",0.00167611040576942,0.306631798181689,0.691692091412542,3
"20829",0.994841011022622,0.00509163056199644,6.73584153814648e-05,1
"20831",0.000362660103350079,0.947551806046236,0.0520855338504141,2
"20833",0.000206243749713099,0.700772886162551,0.299020870087736,2
"20835",0.000245052380117917,0.978234407084832,0.02152054053505,2
"20837",0.000923607700073707,0.997036309708929,0.00204008259099737,2
"20839",0.000209458800761755,0.987654085081495,0.0121364561177437,2
"20841",0.740720575016639,0.259193929871519,8.5495111842593e-05,1
"20843",0.00281056119697154,0.997129762775932,5.96760270966433e-05,2
"20845",0.00266153316895304,0.543422356234982,0.453916110596065,2
"20847",0.402131667103915,0.597440997402256,0.000427335493828283,2
"20849",0.454258438481379,0.529799651404828,0.0159419101137928,2
"20851",0.696239733177076,0.303693542707261,6.67241156638059e-05,1
"20853",0.983175673969007,0.016819760815652,4.56521534069431e-06,1
"20855",0.991873517428508,0.00758015850434681,0.000546324067145558,1
"20857",0.582824803415421,0.417073260033759,0.000101936550820685,1
"20859",0.950999379699086,0.0487114226178143,0.000289197683099443,1
"20861",0.0366714488817939,0.936254129162097,0.0270744219561089,2
"20863",0.000220289851134965,0.753367017023116,0.246412693125749,2
"20865",0.00166684844193761,0.996607132878935,0.00172601867912728,2
"20867",0.999994438837424,5.43683862640673e-06,1.24323949348557e-07,1
"20869",0.000755645672952662,0.586210437337639,0.413033916989408,2
"20871",0.997097648173854,0.00040489552768093,0.00249745629846506,1
"20873",0.998723424520827,0.00037400436905657,0.000902571110116454,1
"20875",0.952998078481503,0.0469508433355748,5.10781829226299e-05,1
"20878",6.30403942177762e-06,0.00524907526148152,0.994744620699097,3
"20880",0.000359654201966343,0.7130294208394,0.286610924958634,2
"20882",0.99916760943885,0.000826150132621314,6.24042852929705e-06,1
"20884",0.000936243579538859,0.995114008855191,0.00394974756527043,2
"20886",0.00308827486615644,0.384757760810592,0.612153964323252,3
"20888",5.28056280813452e-06,0.126640585710986,0.873354133726206,3
"20890",0.000987805952136198,0.819228690173644,0.17978350387422,2
"20892",0.576923499196448,0.42301647037188,6.00304316719977e-05,1
"20897",0.126480391647292,0.862028140166763,0.0114914681859453,2
"20899",0.0984585853678098,0.873231005541638,0.0283104090905524,2
"20901",0.970102641729015,0.029680678815801,0.00021667945518391,1
"20903",0.995161398961826,0.000112693847814306,0.00472590719035962,1
"20905",0.896855304259251,0.0629383286108822,0.0402063671298667,1
"20907",0.997178716883141,0.00281821024381699,3.07287304192677e-06,1
"20909",0.373380193197287,0.599406476142115,0.0272133306605972,2
"20911",0.99967531663041,0.00032126591809752,3.417451492286e-06,1
"20913",0.01474661160673,0.97918485151789,0.00606853687538013,2
"20962",0.84340293506998,0.156453544826565,0.000143520103455167,1
"20969",0.984694943595034,0.00627447356948605,0.00903058283548022,1
"20980",0.831196145100291,0.167485193288931,0.00131866161077823,1
"20982",0.972343632079707,0.0276510943450032,5.2735752901353e-06,1
"20984",0.00151088085903361,0.992328848051454,0.00616027108951271,2
"20994",0.982768412295865,0.016607965509932,0.000623622194202929,1
"21015",0.000137515363370206,0.339485171749261,0.660377312887368,3
"21023",0.999793524389236,0.000206293381231254,1.82229533146992e-07,1
"21040",0.888569233406079,0.111404818384302,2.59482096188335e-05,1
"21073",0.703323602839355,0.291855043649673,0.00482135351097166,1
"21222",0.00137748749626188,0.917299378551592,0.0813231339521458,2
"21224",0.0571172918282418,0.936804677244242,0.00607803092751629,2
"21228",0.0452149908971928,0.445099482057349,0.509685527045458,3
"21232",0.996966912891376,0.00303258397660774,5.03132016475127e-07,1
"21237",0.968235399954463,0.0307657554498348,0.000998844595702698,1
"21240",0.000347933192489231,0.937036325585924,0.0626157412215866,2
"21245",0.000176687427415177,0.801847631085633,0.197975681486952,2
"21252",0.9936449997223,0.0063548622193883,1.3805831200079e-07,1
"21254",0.938275847551531,0.0617098563266638,1.42961218049369e-05,1
"21258",0.0884777921503685,0.897956739194893,0.0135654686547381,2
"21264",0.0113673038277967,0.89959639881359,0.0890362973586134,2
"21305",0.0174656124356298,0.945477401766985,0.0370569857973847,2
"21333",0.867106641302394,0.13289062683338,2.73186422651893e-06,1
"21366",0.0437746510647255,0.955915467922464,0.000309881012810729,2
"21377",7.3656622406719e-05,0.00368619809291967,0.996240145284674,3
"21380",0.847226260392418,0.0982911337138944,0.0544826058936879,1
"21387",0.998142647686891,0.00185612934549542,1.22296761373563e-06,1
"21390",0.990968321583793,0.00902801042438229,3.66799182435216e-06,1
"21392",0.267681284453435,0.731952004600463,0.000366710946102535,2
"21403",0.794164622226414,0.157178403611921,0.0486569741616643,1
"21408",0.998171817043672,0.00171145056325262,0.000116732393075691,1
"21412",0.983722405765409,0.0137113468599886,0.00256624737460271,1
"21421",0.00456331224944818,0.993537662896461,0.00189902485409102,2
"21424",0.999685364769415,0.000314509765873601,1.25464711106292e-07,1
"21429",0.994046492981596,0.00592019325098737,3.3313767416401e-05,1
"21431",0.0220578223409147,0.976470856831781,0.00147132082730408,2
"21436",0.0032362525404205,0.994389948994067,0.00237379846551254,2
"21439",0.933828584491213,0.0611517798698477,0.00501963563893925,1
"21442",0.0884640136990152,0.784545202133121,0.126990784167863,2
"21444",5.5077271213136e-05,0.996117291892672,0.00382763083611453,2
"21446",1.13834530886747e-05,0.0137397710321339,0.986248845514778,3
"21448",0.01900576948453,0.973052365984821,0.00794186453064924,2
"21450",0.411117484730534,0.563470053591315,0.0254124616781506,2
"21452",0.949702020413648,0.0502668077180314,3.11718683205508e-05,1
"21466",0.999878911189766,0.000121074446806177,1.43634280670759e-08,1
"21470",0.804489256980465,0.193699894503126,0.00181084851640952,1
"21472",0.982813697827329,0.0171859955368947,3.06635775973565e-07,1
"21474",0.966215118416227,0.0330994965041396,0.000685385079633058,1
"21477",0.000131160987486891,0.995463439115857,0.00440539989665632,2
"21480",0.999976215337108,2.37812684705961e-05,3.3944214122513e-09,1
"21483",0.000395700206514337,0.933651428149532,0.0659528716439536,2
"21491",0.00105243773129219,0.648262969694392,0.350684592574315,2
"21494",0.999809052702681,0.000152254011589182,3.8693285730278e-05,1
"21499",0.998936069708691,0.00105383808261192,1.00922086972577e-05,1
"21501",0.989975521534568,0.0100240490119092,4.29453523053537e-07,1
"21506",0.955439333650153,0.0445522676901106,8.39865973633356e-06,1
"21511",0.913341326520478,0.0864388269213342,0.000219846558188088,1
"21513",0.0853515531539511,0.914633503132051,1.49437139976456e-05,2
"21521",0.104402249093451,0.895124469944264,0.000473280962285719,2
"21523",0.0603139183414384,0.939656682603939,2.93990546225777e-05,2
"21525",0.00371272642994686,0.995586463039329,0.000700810530723934,2
"21531",0.999612001694712,0.000383760379350628,4.23792593762348e-06,1
"21536",0.849219061960998,0.150081702488028,0.000699235550974019,1
"21544",0.900792688554272,0.0939509311769309,0.00525638026879727,1
"21547",0.994994290575644,0.0048570139896603,0.000148695434695473,1
"21551",0.926024860647343,0.0703830191341441,0.00359212021851249,1
"21556",0.987899511850695,0.0120883564642366,1.21316850684512e-05,1
"21559",0.052752759447532,0.947220625534295,2.66150181727651e-05,2
"21563",0.997008572944874,0.00298729026764352,4.13678748287307e-06,1
"21565",0.999518243858795,0.000480656612373225,1.09952883185751e-06,1
"21568",0.996684460523839,0.00330890001310705,6.63946305381121e-06,1
"21572",0.999994212941512,5.72234320652446e-06,6.47152816830295e-08,1
"21575",0.959968409806952,0.0393222005714063,0.000709389621641764,1
"21577",0.0200205018104361,0.896930318296763,0.0830491798928014,2
"21579",0.306846512952526,0.692855520502199,0.000297966545274439,2
"21581",7.80339763712754e-06,0.000242307186374415,0.999749889415989,3
"21584",0.000345074949334967,0.86937849222742,0.130276432823245,2
"21586",0.0275199015547247,0.96836762700366,0.00411247144161534,2
"21588",0.0901216457951686,0.784644665719648,0.125233688485184,2
"21590",0.995095327974148,0.00490032056110135,4.35146475049406e-06,1
"21594",0.00537817241857183,0.914904406017188,0.0797174215642403,2
"21596",0.000755730824443459,0.704456789884162,0.294787479291395,2
"21598",0.998301302684551,0.00168434029233272,1.435702311611e-05,1
"21600",0.000383186690947761,0.999535880080651,8.09332284008859e-05,2
"21602",0.882774719679754,0.117208072849454,1.72074707923858e-05,1
"21604",0.292135776462484,0.690169323919265,0.0176948996182511,2
"21606",0.000247995832103342,0.0177870305865459,0.981964973581351,3
"21608",0.294830040658433,0.701129554996932,0.00404040434463442,2
"21611",0.019879404322118,0.979654842196092,0.000465753481790448,2
"21613",0.658220164579624,0.341757282186507,2.25532338687132e-05,1
"21615",0.0417308732830919,0.909042582009926,0.0492265447069825,2
"21617",0.00992581602762791,0.461145728464478,0.528928455507894,3
"21619",0.0221433932976454,0.977631704052494,0.000224902649860362,2
"21621",0.00365474147781504,0.847054459722925,0.14929079879926,2
"21623",0.000965448306785593,0.954546738043247,0.0444878136499675,2
"21625",7.24144909222626e-06,0.00212043907970352,0.997872319471204,3
"21627",0.339965179145596,0.656844899861367,0.00318992099303683,2
"21629",0.000179058118186469,0.999260516045966,0.000560425835847468,2
"21631",0.000225468374597281,0.0382904538301016,0.961484077795301,3
"21633",0.994715399763628,0.000807073900248237,0.00447752633612374,1
"21635",0.997828066596042,0.00216627873709287,5.6546668646675e-06,1
"21637",0.544221952728931,0.225890355338372,0.229887691932697,1
"21639",0.992733365154765,0.00640128020988237,0.0008653546353523,1
"21641",0.000991168189620139,0.995530821804941,0.00347801000543915,2
"21643",0.253136649140096,0.730548123590246,0.0163152272696583,2
"21645",0.000673799855750231,0.971611185377185,0.0277150147670649,2
"21648",0.401874297364468,0.597968144511047,0.000157558124485545,2
"21650",0.997137269698451,0.00283817534256258,2.45549589864023e-05,1
"21652",0.710650374843409,0.289343360813928,6.26434266344651e-06,1
"21654",0.995039619593475,0.00495476709969046,5.61330683462816e-06,1
"21656",0.000215752529311639,0.851058247209605,0.148726000261083,2
"21658",1.15781844804136e-06,0.00196156405162793,0.998037278129924,3
"21660",7.85127543529183e-05,0.0275705901854244,0.972350897060223,3
"21662",0.0087104177674021,0.980177340163398,0.0111122420692001,2
"21664",0.000187822667080374,0.924153356349979,0.0756588209829402,2
"21666",0.292156779044992,0.00362329911346849,0.704219921841539,3
"21668",0.000157689641604154,0.996116858937276,0.00372545142111937,2
"21671",0.284769183360143,0.715074286065433,0.00015653057442392,2
"21673",0.000175593021573456,0.617716001698565,0.382108405279861,2
"21675",0.0065407678990706,0.990824960370287,0.0026342717306424,2
"21677",0.999703576429118,0.000295302404167979,1.12116671396918e-06,1
"21679",0.00798540326077868,0.991251226409405,0.000763370329816514,2
"21681",0.00109616279639882,0.994114576123565,0.00478926108003589,2
"21686",0.999572173966694,0.00034330617524242,8.45198580633624e-05,1
"21689",0.999345156179729,0.000614384811095441,4.04590091758693e-05,1
"21706",0.610083772871595,0.388198629542861,0.00171759758554386,1
"21708",0.997627694108867,0.00237134698825844,9.58902875023371e-07,1
"21711",0.0195825584807386,0.975716970246268,0.00470047127299296,2
"21716",0.999969445889641,3.02723611777293e-05,2.81749181568169e-07,1
"21719",0.110399852496104,0.889589745127541,1.04023763543011e-05,2
"21722",0.681183622715098,0.315999196703803,0.00281718058109975,1
"21725",0.685362809117323,0.314579809748871,5.73811338061256e-05,1
"21728",0.962475715424555,0.0374834954704839,4.07891049614984e-05,1
"21732",0.995851981220924,0.00394975600678057,0.000198262772295348,1
"21734",0.997074943724349,0.00292327473061853,1.78154503193139e-06,1
"21737",0.00161152160167377,0.997999746451566,0.000388731946760227,2
"21740",0.0421026905509901,0.848346428692815,0.109550880756195,2
"21742",0.999841704742141,0.000155126820883024,3.16843697558819e-06,1
"21745",0.635848684835615,0.347075208675719,0.0170761064886664,1
"21747",0.983842856558851,0.0161531571769998,3.98626414918995e-06,1
"21749",0.00488260402754364,0.306730043005294,0.688387352967162,3
"21751",0.99827630726275,0.00164187385819484,8.18188790550489e-05,1
"21753",0.997964743631317,0.00200104342738388,3.42129412992483e-05,1
"21756",0.999802370999879,0.000185973621733898,1.16553783871593e-05,1
"21759",0.0492439164124264,0.70847465135923,0.242281432228343,2
"21761",0.890923716475028,0.108065331672439,0.00101095185253347,1
"21763",0.00214006460640773,0.997115893401031,0.000744041992560828,2
"21765",0.888438155827725,0.111539384750857,2.24594214186453e-05,1
"21767",0.997632088869876,0.0023553715090916,1.25396210327277e-05,1
"21769",0.99985876092178,0.000141057225162793,1.81853056869165e-07,1
"21771",0.998239407456468,0.00173196620475287,2.86263387789525e-05,1
"21774",0.00109514375278546,0.754398390286846,0.244506465960369,2
"21776",0.963503828138623,0.0364938059292923,2.36593208416607e-06,1
"21778",0.954862889777751,0.0438960202166333,0.0012410900056155,1
"21780",0.0244641165563896,0.564242592463906,0.411293290979705,2
"21783",0.782822405403857,0.211404666418301,0.00577292817784256,1
"21785",0.270530457184191,0.729442942571573,2.66002442355813e-05,2
"21788",0.999215884397432,0.000784049223463537,6.63791048684766e-08,1
"21790",0.999984873239641,1.5093295556088e-05,3.34648026322153e-08,1
"21793",0.98464391019425,0.0152146207611299,0.000141469044619995,1
"21796",0.0395692044033697,0.959407258633862,0.00102353696276844,2
"21798",0.982535053037607,0.0172268260276629,0.000238120934730507,1
"21801",0.999979282834643,2.06761780033592e-05,4.09873535316834e-08,1
"21803",0.742766082181719,0.253402598020761,0.00383131979751986,1
"21805",0.999995337999671,3.82670448119461e-06,8.35295847710976e-07,1
"21807",0.151511181794917,0.836686627334472,0.0118021908706111,2
"21810",0.94986024540405,0.0501364136743241,3.34092162622521e-06,1
"21812",0.999668338122247,0.000304276343044082,2.73855347090501e-05,1
"21816",0.988759222689462,0.0112390242585296,1.75305200827166e-06,1
"21819",0.999381607555114,2.53133327746852e-05,0.000593079112111711,1
"21821",0.0162274601979697,0.62829977642086,0.35547276338117,2
"21823",0.000132032522026439,0.356881891975263,0.642986075502711,3
"21825",0.986571085990145,0.0133650704242246,6.38435856299336e-05,1
"21827",0.997564945663803,0.00204036358877626,0.000394690747421117,1
"21829",0.988932466035133,0.0109909886396419,7.65453252248808e-05,1
"21832",0.192712258328217,0.00297165879548917,0.804316082876294,3
"21834",0.859293732923353,0.14066339245031,4.28746263374889e-05,1
"21836",0.859293732923353,0.14066339245031,4.28746263374889e-05,1
"21839",0.0738633074337259,0.857798575258255,0.0683381173080193,2
"21841",0.210489172503206,0.00803316590529437,0.7814776615915,3
"21843",0.000675736751431934,0.708950267351443,0.290373995897125,2
"21846",0.999528193892153,5.79066909818436e-05,0.000413899416865401,1
"21848",0.995028583163745,0.00399489600126401,0.000976520834990772,1
"21850",0.829873854598025,0.169592894083451,0.000533251318524738,1
"21853",0.00422267804127362,0.0467016125774498,0.949075709381277,3
"21855",9.53214525575608e-06,0.00109945666450164,0.998891011190243,3
