"","V1","V2","V3","V4","best$classification"
"19811",7.11196818962736e-05,1.05819003491076e-06,0.997563806498452,0.00236401562961712,3
"19813",0.00401719889449406,2.2428726649508e-05,0.993938866154127,0.00202150622472933,3
"19815",0.00465455333867629,0.00180263124851293,0.993448293037531,9.45223752800177e-05,3
"19817",0.00059025622245103,7.2728622847519e-05,0.996824042413044,0.00251297274165705,3
"19819",0.872293079565626,0.127613938644069,9.03073779004241e-05,2.67441240485169e-06,1
"19821",0.00218130291133586,2.08608534044878e-06,0.945963007038362,0.0518536039649616,3
"19823",0.00203396357490281,0.112846400252726,0.883700217969846,0.00141941820252464,3
"19825",0.152826164802572,0.0010564211047625,0.0105615762126313,0.835555837880035,4
"19827",0.00163201938632544,0.000456576732392629,0.341279515339493,0.656631888541789,4
"19829",0.981987563168706,0.000210011258102257,0.00380510965971969,0.0139973159134716,1
"19831",0.896813232052304,0.102146093790357,0.00103579063286767,4.88352447166134e-06,1
"19833",9.81763346146473e-05,0.999818177219216,2.30027533395527e-05,6.06436928300088e-05,2
"19835",0.00218130291133586,2.08608534044878e-06,0.945963007038362,0.0518536039649616,3
"19837",0.00413677481717715,7.01367544704689e-05,0.888744386277885,0.107048702150467,3
"19839",0.933511797425625,8.12615550610133e-05,0.0149867700146085,0.0514201710047051,1
"19841",5.21160692351307e-05,2.13835367501384e-07,7.23472878495768e-05,0.999875322807548,4
"19843",0.998777141061216,0.000206660146548002,0.00101537295811225,8.25834124077531e-07,1
"19845",4.31712551107426e-05,2.63307763086865e-06,0.999404288715687,0.000549906951571039,3
"19847",0.00529810161060603,0.000121351700363952,0.994515802654132,6.47440348980168e-05,3
"19849",0.000390122693484332,6.322458164972e-06,0.996542256601841,0.00306129824650947,3
"19851",0.000179439666195323,7.05169389278668e-05,0.999495449276618,0.00025459411825911,3
"19853",3.92714414553816e-06,0.000191955373418998,0.997930487883442,0.00187362959899303,3
"19855",2.3451280985132e-05,1.87868709903525e-05,0.988660394070586,0.0112973677774386,3
"19857",0.0110703962425966,6.18164896687867e-06,0.960033396141744,0.0288900259666924,3
"19859",0.00378621775369722,0.000414477261741429,0.965120787969473,0.0306785170150886,3
"19861",5.8306914005603e-05,2.86468455554537e-06,0.999736977983475,0.000201850417964049,3
"19863",2.74690306583068e-05,5.88714905868291e-07,0.0209627763856181,0.979009165868818,4
"19865",2.00766771709985e-05,4.11250590919664e-07,0.00380679992284087,0.996172712149397,4
"19867",0.000965567790413396,4.44091400903268e-05,0.998972228050584,1.77950189122271e-05,3
"19869",2.63668930222859e-05,6.34926155477836e-07,0.988052016607424,0.011920981573398,3
"19871",0.0119053039629364,0.000544814880534752,0.87861901382584,0.108930867330689,3
"19874",8.81842971440225e-05,4.70641331275005e-05,0.176377495878746,0.823487255690983,4
"19876",1.6835057036839e-05,1.78027668859036e-06,0.558478452181315,0.44150293248496,3
"19878",0.66573452708577,0.0205929882058525,0.312764304396142,0.000908180312235472,1
"19880",7.91025871891402e-07,7.90361636409687e-08,0.00219908686194506,0.99780004307602,4
"19882",5.47168521535151e-05,8.94677265717973e-06,0.996927527351712,0.00300880902347778,3
"19885",0.0145531705786506,4.28687385548154e-05,0.983216425137336,0.00218753554545883,3
"19907",0.000336485610496311,1.18873975496075e-05,0.99957215023729,7.9476754664159e-05,3
"19909",0.972440384991313,8.22739676422835e-05,0.0274142333899907,6.310765105415e-05,1
"19911",0.92948918769677,0.00158650312954546,0.0324445722088568,0.0364797369648277,1
"19913",3.04535413868994e-06,4.39842042721777e-07,6.58935438355735e-05,0.999930621259983,4
"19915",0.000111360616318712,4.38582101013435e-05,0.41126914774398,0.588575633429599,4
"19917",0.000197464434289646,7.39413874873046e-06,0.0167832771286016,0.98301186429836,4
"19919",0.00160499078816345,0.000247223680742888,0.756115872937963,0.24203191259313,3
"19921",0.000478748312377723,2.75649316624136e-05,0.999434170930178,5.95158257817768e-05,3
"19923",0.0687079098529521,0.0356381231772806,0.895634297614566,1.96693552011895e-05,3
"19925",7.567111029917e-05,1.36537326505147e-05,0.0554780510420986,0.944432624114952,4
"19927",0.000212181845684286,3.74992891361517e-05,0.998688568827739,0.0010617500374401,3
"19929",1.85505678259333e-06,2.60702202189486e-08,0.00157457328667657,0.998423545586321,4
"19931",0.00307733301191152,0.000367550242580885,0.992296820586937,0.00425829615857058,3
"19933",0.797751073617826,0.00192898637719245,0.196989727903354,0.0033302121016271,1
"19935",0.0891395581031549,2.56872498124813e-05,0.906998192570893,0.00383656207614027,3
"19937",0.00099414338509197,0.00072622960186931,0.998154872018347,0.000124754994691499,3
"19939",0.00244810827798377,0.000413905386596205,0.993102041879612,0.00403594445580786,3
"19941",0.877261970300776,0.000131689659169578,0.014735952797509,0.107870387242545,1
"19943",8.03871261184651e-06,3.24973777703882e-06,0.00135488972962649,0.998633821819985,4
"19945",0.92022333762986,0.0036375261115806,0.0759857229745038,0.000153413284055553,1
"19947",0.116907773370573,0.000282376379165295,0.0388323016394659,0.843977548610796,4
"19949",0.338210089940879,0.0445606723118304,0.617181507272805,4.77304744861448e-05,3
"19951",0.00440274178907473,0.000162985670875821,0.29371390578902,0.701720366751029,4
"19953",0.216446235616956,0.780637478601733,0.00291573641852657,5.49362784082003e-07,2
"19955",0.93812047262849,0.0505465227707988,0.011319734045279,1.32705554316512e-05,1
"19957",0.00271296874208354,0.00301408663015932,0.101710956280462,0.892561988347295,4
"19960",0.993758408801609,0.000201178702682655,0.00526217446284334,0.000778238032865109,1
"19963",0.000850731594074997,0.0631157098654301,0.0010825313067866,0.934951027233708,4
"19965",0.997702496256293,0.000677226276340924,0.00162000838422097,2.69083145110125e-07,1
"19968",0.00247818517940883,7.60878529167729e-08,0.0407808587103599,0.956740880022378,4
"19971",0.00322025399564684,0.00710332108647634,9.84967339669006e-05,0.98957792818391,4
"19973",0.000486095425008602,5.5282347469528e-06,0.985700614404676,0.0138077619355687,3
"19975",0.000136131124970587,4.41985632177878e-07,0.0339455237298315,0.965917903159566,4
"19977",0.000323151836908938,0.000276733303683529,0.00335300946417125,0.996047105395236,4
"19979",0.999545966717042,0.000442740178745191,7.28642327047712e-06,4.00668094252998e-06,1
"19981",0.0205932777738291,4.92474006360917e-05,0.977648901631107,0.00170857319442842,3
"19983",0.0306668306715532,0.000258940327726932,0.968951308531835,0.000122920468884878,3
"19985",2.01946439079849e-05,2.75951137287548e-06,0.168012496392768,0.831964549451951,4
"19987",0.10475727289982,0.000404453319577773,0.778401937149627,0.116436336630976,3
"19989",0.995514589197751,0.00440074510261737,8.46169100866232e-05,4.87895448167221e-08,1
"19993",0.532825948783023,0.00325096441196941,0.424517038272104,0.0394060485329035,1
"19995",0.809779615384255,0.000748704677799647,0.17950843589113,0.00996324404681503,1
"19997",0.00017959102191865,1.99038253330265e-05,0.976154587762575,0.0236459173901737,3
"19999",2.68121165517955e-05,1.39314261140505e-06,0.904970833405233,0.0950009613356038,3
"20002",0.000610761833530504,6.8893949248968e-06,0.00353779890355179,0.995844549867993,4
"20004",0.836169268002548,0.000125212788039178,0.145685332863975,0.0180201863454374,1
"20006",0.940487729644962,0.0062236965084907,0.0509882141283377,0.0023003597182099,1
"20008",0.906657002258117,0.0264025806652748,0.0660147859723868,0.00092563110422166,1
"20010",0.925474191724386,0.0498197973453746,0.0246914927144702,1.45182157693089e-05,1
"20012",0.00015325865160563,1.85469528993756e-06,0.237912554621355,0.761932332031749,4
"20015",0.9998650689594,1.35194023022991e-05,0.000121073585124192,3.38053173238312e-07,1
"20017",7.46978156320187e-05,1.76786436145828e-06,0.95611638413806,0.0438071501819461,3
"20019",0.996798095007957,0.00319959389950548,2.26609001789995e-06,4.50025195228383e-08,1
"20022",0.991996928564939,0.00240752689643824,0.00558903731887431,6.50721974863345e-06,1
"20024",0.585630600466893,0.414290033082913,7.88447730268531e-05,5.21677166947585e-07,1
"20026",0.585630600466893,0.414290033082913,7.88447730268531e-05,5.21677166947585e-07,1
"20028",4.26615960034784e-05,7.1984835750769e-06,0.746120306826892,0.25382983309353,3
"20030",0.99919190760818,1.82476802392465e-05,0.000395607474751716,0.000394237236829283,1
"20033",0.00359306692490038,3.19292709375e-05,0.62500364521195,0.371371358592212,3
"20035",0.995271029045654,0.00472297433195372,5.94297882908076e-06,5.36435628221306e-08,1
"20037",0.999343397405366,0.000643340008574601,1.32590001796242e-05,3.58587953582711e-09,1
"20039",0.000880995285992733,0.999117313225452,1.69015879011467e-06,1.32976525514129e-09,2
"20041",0.31602512533879,0.076328535460269,0.605821629642431,0.00182470955851014,3
"20044",0.419799734807005,0.103067185699479,0.462540862818851,0.0145922166746638,3
"20047",0.993183990706417,0.00681477155367501,8.05258775034193e-07,4.32481132860018e-07,1
"20050",0.170130854639117,0.821516383868766,0.00828436262558743,6.83988665297908e-05,2
"20052",0.0569056934822748,0.00575253605325658,0.863862123664004,0.0734796468004647,3
"20054",0.998572990826607,6.09089661249696e-06,0.00139284773409575,2.80705426845146e-05,1
"20056",0.000461802810951633,1.40972358142018e-05,0.00230536682099565,0.997218733132238,4
"20058",0.998380963218777,0.00151395770983399,0.0001050631453255,1.59260630114658e-08,1
"20060",0.00229540918004777,9.40578076972424e-05,0.996273559110729,0.00133697390152622,3
"20062",0.0151880650014052,0.000143258112684965,0.984180852887472,0.000487823998437452,3
"20064",0.978137670649583,0.00021854416735441,0.0210288078412818,0.000614977341780865,1
"20066",0.999869912921643,4.18209913601453e-05,4.06679569685904e-05,4.7598130027758e-05,1
"20068",0.000153923108544627,9.75962200032788e-06,0.999621948247241,0.000214369022214015,3
"20070",0.000354877256967396,0.00094167507550812,0.998544566271002,0.000158881396523102,3
"20072",0.995332427639619,8.92400024240317e-05,0.00457791942359786,4.12934358579332e-07,1
"20074",5.54072018112997e-07,5.39299508910658e-08,0.000229112577422574,0.999770279420608,4
"20076",0.0150161598295009,9.92124569317279e-07,0.122290386103559,0.86269246194237,4
"20078",0.959508731491981,0.0042648318085543,0.0358475732519305,0.000378863447534377,1
"20080",0.998483193566575,0.00150769133888128,8.98402432210782e-06,1.31070221530064e-07,1
"20082",0.0131962736868057,0.986779535302843,2.37483795298019e-05,4.42630821833786e-07,2
"20084",0.93806565757476,0.0160544392033996,0.00963540204075836,0.0362445011810818,1
"20087",0.943770825190376,0.0013629776807858,0.0548614268044345,4.77032440317441e-06,1
"20090",0.969362727755517,0.0305578756012579,7.88226435552297e-05,5.73999670045309e-07,1
"20092",0.0358538711759521,0.751378317099667,0.212766511489061,1.30023531975713e-06,2
"20096",0.0188910339390268,0.545546513364349,0.422489471799497,0.0130729808971278,2
"20098",0.0013533210955571,8.25316359119598e-05,0.622249269862187,0.376314877406344,3
"20101",0.997488827140852,0.00212292797010996,0.000153891829991847,0.000234353059046645,1
"20104",0.000333737551319304,0.0617696212074988,0.933345269819815,0.00455137142136718,3
"20106",0.998744668672303,0.000176751816758937,0.000963472264815959,0.00011510724612212,1
"20108",0.00142704204811189,1.00183039284841e-05,0.945804668116126,0.0527582715318343,3
"20110",0.0191855706271523,0.511354118253322,0.32347057665294,0.145989734466586,2
"20112",0.96021238157105,0.0251081523875501,0.0146093376851579,7.01283562417852e-05,1
"20114",0.840445834595333,0.00280756692201939,0.0429397134660241,0.113806885016624,1
"20116",0.954980286998056,2.53147978232128e-05,0.00937926857014072,0.0356151296339801,1
"20118",0.160345616923834,0.00125632145142816,0.663469757588912,0.174928304035825,3
"20120",0.961727176983846,0.0334039592416995,0.00378693421065949,0.00108192956379429,1
"20122",2.21796076606584e-05,2.39409742698225e-07,0.00229547533273437,0.997682105649862,4
"20124",0.996958833127246,0.00295275499794288,8.83830592889982e-05,2.88155220290611e-08,1
"20126",0.0178642888405742,0.982111118590238,2.32016114972245e-05,1.39095769047733e-06,2
"20128",0.333453403181118,0.66654583756815,7.39884228003043e-07,1.93665038003813e-08,2
"20141",0.000406183317787543,0.0498739310400705,0.788302650840877,0.161417234801265,3
"20143",6.21314426922299e-07,7.21851910438965e-08,8.81761660161389e-05,0.999911130334366,4
"20145",0.987497987766229,0.00664947245082462,0.00583348278408016,1.90569988657237e-05,1
"20147",0.997828148649703,0.000274683303042406,0.00187852015157911,1.86478956752043e-05,1
"20149",3.75649849942439e-06,5.22995730620182e-07,0.00212889056904944,0.99786682993672,4
"20151",0.00175239186145449,4.50985702455354e-05,0.821799745275556,0.176402764292744,3
"20153",0.00642344398964939,0.0358214909470356,0.227932403112552,0.729822661950763,4
"20155",0.999072186873009,0.000395125677302982,0.000530973126488134,1.71432319974787e-06,1
"20157",0.000584567976216922,7.33532153438912e-05,0.285881295833124,0.713460782975315,4
"20160",1.36447141262973e-06,1.75365912947251e-07,0.00011400151179341,0.999884458650881,4
"20162",1.54153781468207e-06,1.93869199895677e-07,0.004587008561819,0.995411256031166,4
"20164",0.000444469819977357,0.000135052746812618,0.0594822582648102,0.9399382191684,4
"20166",0.996847844874648,2.02267754197826e-05,0.000480663882414354,0.00265126446751835,1
"20168",0.554306735242535,0.000182707605617381,0.0526725694291228,0.392837987722725,1
"20170",0.00108381413455266,0.000263809810929664,0.510307548563333,0.488344827491184,3
"20172",0.994091003162656,0.00186891694388297,0.00403976718389255,3.12709568221479e-07,1
"20174",2.22646467584445e-05,3.03816432164858e-07,0.664915111423781,0.335062320113028,3
"20176",0.199819456547571,8.2506724707283e-05,0.771798406097753,0.0282996306299681,3
"20178",1.64673658118671e-06,3.54558062744198e-07,7.12354147672079e-05,0.999926763290589,4
"20181",0.992344544800143,2.58546178768657e-05,0.000309180352173186,0.00732042022980676,1
"20183",0.00947738750698904,0.00259085831525014,0.987865915546417,6.58386313440209e-05,3
"20186",0.0189544766067523,0.00388035514244492,0.977163565387797,1.6028630056947e-06,3
"20188",1.58626096795284e-06,4.06541800266378e-07,0.000526620463005815,0.999471386734226,4
"20190",0.999842890270742,4.74958691580842e-05,0.000107817392800801,1.79646729963655e-06,1
"20193",0.00352059297735877,6.0675201142274e-06,0.00160621274430343,0.994867126758224,4
"20195",0.00493825533332516,0.00013842493347438,0.171129334311365,0.823793985421836,4
"20197",0.995974791319879,0.000832011648571296,0.00319268948569032,5.07545859456676e-07,1
"20199",2.91981234333462e-05,3.76858335797398e-05,0.0588089523123839,0.941124163730603,4
"20205",0.00061851005555558,0.999330480532972,5.0973171104643e-05,3.62403675427716e-08,2
"20208",0.00580582673430129,6.18850022807575e-05,0.958263053761096,0.0358692345023217,3
"20210",5.56579026504968e-06,8.53810341014677e-07,0.0122081936351253,0.987785386764269,4
"20212",0.000504009628245082,2.85843011143415e-05,0.107969843674748,0.891497562395893,4
"20216",0.996755998420646,0.000138321689309001,0.00293118643181894,0.000174493458226271,1
"20219",0.426312216549495,0.567686284310459,0.00586981832829945,0.000131680811746472,2
"20223",0.999325842282772,0.00051850383750221,0.000155632052918475,2.18268076545793e-08,1
"20226",0.140009492126189,0.0195743734397116,0.835733085224066,0.00468304921003358,3
"20230",0.999769879729471,0.000179704875904365,5.01127327310258e-05,3.02661893356621e-07,1
"20233",1.28042110475366e-05,0.995898302125708,0.00401153561742059,7.73580458239983e-05,2
"20235",0.959957529247894,0.0382218326451091,0.00182056214617441,7.59608224150293e-08,1
"20239",0.953490822562053,0.00136055793764484,0.0451383663992446,1.0253101057269e-05,1
"20254",0.0139065977488366,0.986087719827103,5.64528610364259e-06,3.71379567617376e-08,2
"20256",0.99929789781746,0.000452524877843834,0.000249520256415412,5.70482806326585e-08,1
"20262",0.000407239488404082,2.33533863895216e-05,0.221468360494579,0.778101046630627,4
"20270",0.945980232461748,6.75565467169021e-05,0.0418540088442517,0.0120982021472839,1
"20284",0.0248926625956467,0.520584099230246,0.454419823478011,0.00010341469609691,2
"20287",0.999728534973097,0.000263728261488448,7.72506422880044e-06,1.17011853233587e-08,1
"20290",0.00473225905899857,0.9932802023784,0.00193961030012164,4.79282624798878e-05,2
"20293",0.950003618719052,0.00337561290417526,0.046573287607931,4.74807688416062e-05,1
"20296",0.0100834623432203,6.58879158659701e-07,0.316408947371096,0.673506931406525,4
"20301",0.999090191184487,0.000877098449332914,3.99384436831492e-06,2.87165218114824e-05,1
"20304",0.0162975077034587,0.983646054332767,5.56524040030766e-05,7.85559771343553e-07,2
"20306",0.997057100963188,0.00285496176904688,8.79202946472734e-05,1.69731182044313e-08,1
"20309",0.706815007972409,0.0100799997490799,0.282653496371741,0.000451495906770086,1
"20311",0.990535191258277,0.00159310033357419,0.00700477684869105,0.00086693155945726,1
"20314",0.0120389931721551,0.000450141558115355,0.91363163639157,0.0738792288781593,3
"20318",5.42018329892993e-05,6.18411024326663e-07,0.000247795777314551,0.999697383978672,4
"20320",0.00580707055299158,0.013560989604671,0.974787613484655,0.00584432635768233,3
"20326",0.0146005612270608,0.000858621358909588,0.832092613211611,0.152448204202419,3
"20328",0.00332359776019915,0.00588434999763565,0.990728050041921,6.40022002438518e-05,3
"20330",0.954076420767715,0.0378824454078439,0.00802952700360223,1.16068208388647e-05,1
"20336",0.0283528770372763,0.945229272233162,0.0264134248423363,4.42588722508951e-06,2
"20338",0.0361416886412597,0.962021637561731,0.00162889641596733,0.000207777381042359,2
"20340",0.999251395496637,0.000724528937394292,2.38868662490813e-05,1.8869971954805e-07,1
"20342",0.00136177728406609,0.997322878088172,0.000800438042468173,0.000514906585293579,2
"20344",0.995842372824857,0.00103100632562028,0.00312412877051143,2.49207901095456e-06,1
"20349",0.999570158560961,0.000275697605539923,0.000154096348986766,4.74845120247813e-08,1
"20351",0.934501998218855,0.01917546777289,0.0452495828894726,0.0010729511187828,1
"20353",0.904915497071742,0.0932211118653553,0.00186296973873198,4.21324170823813e-07,1
"20357",0.00298406471758861,0.996977919816107,3.80119998798326e-05,3.46642505912807e-09,2
"20360",0.0342527953532989,0.96228297562868,0.0034547542630498,9.47475497131899e-06,2
"20364",0.954893258932697,0.00681225037384846,0.0382595151567371,3.49755367170756e-05,1
"20366",0.00323683629671426,0.989615827171772,0.00711128296591813,3.60535655956058e-05,2
"20381",8.89208732140513e-05,1.61670000501753e-05,0.293063579922406,0.70683133220433,4
"20391",0.432834856468509,0.0445748068083703,0.522589256570848,1.08015227276366e-06,3
"20394",0.000322438283262018,1.1504046990215e-05,0.997703720598855,0.00196233707089237,3
"20396",8.23248658278896e-06,3.45342789118063e-07,0.935438609952712,0.0645528122179156,3
"20409",0.639764773370122,0.00185751062598616,0.125617892681233,0.232759823322659,1
"20411",0.894862982129486,0.104320362403622,0.000816633507321027,2.19595707344152e-08,1
"20416",0.0855840860092748,0.914415067760283,8.45559809990655e-07,6.70632624116969e-10,2
"20418",8.4323205614939e-06,2.1788377571401e-07,0.68827605513406,0.311715294661602,3
"20420",0.000110568140581402,0.973975321173176,0.0254173889818675,0.000496721704375534,2
"20422",0.998082504723964,0.000819966382289071,0.00100406640692558,9.34624868209649e-05,1
"20424",0.950286669312319,0.0491162169027621,0.000597062619442022,5.11654769073895e-08,1
"20426",2.71634356349404e-05,0.999765173243432,2.27490176223689e-05,0.000184914303310715,2
"20428",0.849635234796606,6.70860859979604e-05,0.150238037443058,5.96416743378473e-05,1
"20431",0.0973339363608329,0.026034277727268,0.710644112927756,0.165987672984143,3
"20433",0.999900866317592,4.33983983032379e-05,5.55710535249933e-05,1.64230579609993e-07,1
"20436",0.914734960218351,7.07410133955625e-05,0.079743218977632,0.00545107979062164,1
"20439",1.41555426105877e-05,2.61521860113578e-07,0.653703510671594,0.346282072263935,3
"20441",0.00247732521020197,0.997344994139971,0.000177039101720964,6.41548105829949e-07,2
"20444",8.38081212764856e-07,1.18990137560964e-07,0.000335395942937181,0.999663646985713,4
"20448",0.0248752584062154,0.003398549350684,0.615271974439757,0.356454217803343,3
"20536",0.000517475507850627,3.69383669065593e-06,0.999377068497533,0.000101762157925916,3
"20538",0.336829876532822,0.57200634588293,0.0911472211164373,1.65564678112984e-05,2
"20541",0.942358115557414,0.0576194361941518,2.24146990921106e-05,3.35493418347643e-08,1
"20544",0.380167226980024,0.00265336993004523,0.605219832373968,0.0119595707159626,3
"20546",0.98913233652362,0.0088161300711249,0.00205144802018309,8.53850719617329e-08,1
"20550",0.492247583644412,0.0493639903680409,0.451996202111444,0.00639222387610293,1
"20553",0.0664772606754734,0.93352094284043,1.82945843116724e-07,1.6135382530229e-06,2
"20555",3.63122280694849e-05,0.995939858526691,0.00402314064885463,6.88596385265869e-07,2
"20557",0.301141773346555,0.402228812360448,0.291954624243073,0.00467479004992352,2
"20559",0.999369938376893,0.000138217257272172,0.000485381155268022,6.46321056691017e-06,1
"20561",0.00380415487800322,0.000245175950077161,0.539620276058531,0.456330393113388,3
"20564",1.64673658118671e-06,3.54558062744198e-07,7.12354147672079e-05,0.999926763290589,4
"20566",0.86660288814729,3.65695918045227e-05,0.133075797702488,0.000284744558418178,1
"20569",7.40058090482099e-05,2.12740982088147e-06,0.750486652269204,0.249437214511927,3
"20572",2.48527060505245e-05,2.02630144091901e-07,0.0584423458777806,0.941532598786025,4
"20574",0.9965081586971,0.00319773724508507,0.000285386244653663,8.71781316143961e-06,1
"20576",9.51445696916959e-06,9.03495960306499e-07,0.000354897846369386,0.999634684200701,4
"20578",0.859065864092687,0.00158453475394923,0.131697101686271,0.00765249946709204,1
"20580",0.822408178775485,0.000157778094142488,0.17717453302636,0.000259510104012739,1
"20583",7.11526892095144e-06,7.17215781728633e-07,0.000207988171154332,0.999784179344143,4
"20586",0.907920152509094,0.00291303745277209,0.0891500852578401,1.67247802935916e-05,1
"20589",0.999519885137687,0.000321949740316033,0.00015815440431115,1.07176854726681e-08,1
"20591",0.00934535776373006,0.25011672408859,0.740494876787085,4.30413605947757e-05,3
"20593",0.999867390483208,0.000130789224064978,1.72080641307562e-06,9.94863135012909e-08,1
"20595",0.995566888561156,0.000553619562383291,0.00374687115919999,0.000132620717261018,1
"20597",6.82436553825321e-05,1.60754203386851e-06,0.994507389685855,0.00542275911672893,3
"20599",1.89325469094664e-06,1.7814523024664e-07,9.63226192976792e-05,0.999901605980781,4
"20601",0.00114320964381426,0.00021208046332676,0.997752122318718,0.00089258757414144,3
"20604",0.999837756179056,0.000131084381772623,2.73192105492557e-05,3.84022862139504e-06,1
"20606",0.999809023021998,0.000154396648741703,3.64383272141723e-05,1.42002046411523e-07,1
"20608",0.998276405859642,3.35468066974815e-05,0.00168859505550185,1.45227815915661e-06,1
"20610",5.06115032900306e-05,4.8595194259843e-06,0.00200684003817086,0.997937688939113,4
"20612",0.672066355782868,0.283694807970531,0.0320943934317829,0.0121444428148178,1
"20614",8.34929153021219e-06,3.47243880151153e-06,0.00859908059369929,0.991389097675969,4
"20616",0.0133852932305713,0.000370667252361484,0.98403586397428,0.00220817554278749,3
"20618",0.000691716166386715,0.998070199132935,0.00119943978394993,3.8644916728739e-05,2
"20620",0.997733936898417,9.34415690816588e-05,0.00203641624308817,0.00013620528941283,1
"20622",2.63542042041039e-05,1.23551517388173e-06,0.000757893984222734,0.999214516296399,4
"20624",0.972354668369933,0.0267705792757495,0.000874431821927914,3.20532389553999e-07,1
"20626",0.901271242421298,7.6754793951912e-06,0.0936587874574747,0.0050622946418325,1
"20628",0.274004024718251,0.000567931046187099,0.723775044516138,0.00165299971942378,3
"20630",0.893202246496998,0.000830835445789279,0.088079526320527,0.0178873917366857,1
"20632",7.31349350514684e-07,4.58487852734225e-08,0.0123480961359292,0.987651126665935,4
"20634",0.999826108022461,0.000111047030479477,6.27322479731635e-05,1.12699086646802e-07,1
"20637",0.0184909651975138,0.981455571930941,3.57000186566913e-05,1.7762852888776e-05,2
"20639",7.84953449148676e-05,2.42636285282435e-05,0.250554681377583,0.749342559648974,4
"20644",0.497549728196292,0.502448154327081,1.85151903970344e-06,2.65957587553518e-07,2
"20646",0.974282996736789,0.0245637217206779,0.00110563611935109,4.7645423181894e-05,1
"20648",0.000767312634031465,0.000243117866884466,0.970689071078851,0.0283004984202334,3
"20650",0.764525177860636,0.235150811121604,0.000323761643875591,2.49373884449882e-07,1
"20653",0.00103599793283742,0.00142097069883368,0.991625478498112,0.00591755287021713,3
"20658",0.999199288209993,1.53158178192881e-05,0.000785160997104793,2.349750832637e-07,1
"20661",0.0832517209945466,0.895649825272207,0.0210874955963823,1.09581368638473e-05,2
"20663",0.636359509898625,0.00330390133581589,0.360310666168573,2.59225969868651e-05,1
"20665",8.77650674668342e-06,4.45893189012367e-08,0.00012586663871231,0.999865312265222,4
"20667",0.0263558794732058,0.000980701584268072,0.972115918007281,0.000547500935245526,3
"20669",2.59872507027591e-05,2.82490734021296e-06,0.991942075845383,0.00802911199657424,3
"20671",0.232766566576116,0.765691949241509,0.00140489466963182,0.000136589512742882,2
"20673",4.55914411684913e-05,9.09680743480404e-07,0.974896239761794,0.0250572591162936,3
"20675",0.0069252889363609,1.35703417483152e-05,0.992988200294772,7.29404271191946e-05,3
"20677",0.450725157534563,0.00046290915662941,0.54879132062969,2.06126791173502e-05,3
"20679",7.73901140993016e-06,1.29659854221428e-06,0.977156224357063,0.0228347400329853,3
"20681",0.000113438702085636,7.82710218423944e-06,0.999818970997153,5.97631985772263e-05,3
"20683",0.307024091746477,0.000158901228650338,0.692770453957771,4.65530671017285e-05,3
"20685",4.07877860380311e-05,0.982817622728273,0.0170078190620817,0.000133770423607303,2
"20687",2.63932636454122e-05,8.10099481166544e-06,0.0653771674933128,0.93458833824823,4
"20689",0.307683856761388,0.69228798709363,2.79310631157572e-05,2.25081865722283e-07,2
"20691",1.97689902996726e-06,4.38319232443521e-07,0.000438203481649222,0.999559381300088,4
"20693",0.998267414309805,0.00167434099991668,5.82232563437673e-05,2.14339347422292e-08,1
"20695",0.00055382713200728,5.56069496901339e-05,0.992150773548436,0.00723979236986685,3
"20697",0.999209709792399,0.000572956701658238,0.000143119811100761,7.42136948413633e-05,1
"20699",0.244645202642923,1.45314197388182e-05,0.755001845862832,0.0003384200745053,3
"20701",0.860686814632902,0.000362826568402933,0.138948286202104,2.07259659048261e-06,1
"20703",0.000316834996927937,0.0135254181050775,0.981077313887557,0.00508043301043735,3
"20705",0.991370003528489,0.00590081381085243,0.0027286245973857,5.58063272754782e-07,1
"20707",0.0087970767255879,0.000771063815181277,0.99038183181115,5.00276480806416e-05,3
"20709",0.0411882197830997,1.88176518980841e-05,0.0823289170279346,0.876464045537067,4
"20713",0.000218924591484491,0.01916009082922,0.94527137794344,0.0353496066358551,3
"20715",0.860607156670612,0.108538568194743,2.99849433388767e-05,0.0308242901913064,1
"20717",0.00024674743034716,5.78847896373443e-05,0.999402497181636,0.000292870598379613,3
"20720",0.984602974513394,0.000532632992384544,0.0148223103103205,4.20821839006585e-05,1
"20722",0.980714041479185,0.000131576697441697,0.0191492935588417,5.0882645317687e-06,1
"20724",0.000107856541985778,1.88059205913933e-05,0.799991582688573,0.19988175484885,3
"20726",0.99851475186502,0.00141283687529626,7.23979555932503e-05,1.33040907077876e-08,1
"20728",4.07732709139599e-05,4.75769934331109e-06,0.999691323250465,0.000263145779278189,3
"20730",0.00216739754800959,0.000169078575965794,0.583494948237417,0.414168575638608,3
"20732",0.430983712465154,0.0990697652132494,0.469699073847326,0.000247448474271303,3
"20734",0.40672798000318,0.0026289920319774,0.59056523564323,7.77923216130815e-05,3
"20736",6.96601575961899e-05,2.21098327551464e-06,0.142920262631232,0.857007866227896,4
"20738",0.517412194378666,0.0707916655779612,0.019882657826038,0.391913482217335,1
"20740",0.608266638468424,0.293771856093608,0.0979613662451455,1.39192822366334e-07,1
"20742",0.00022615762716026,0.00234322837441576,0.997065595041482,0.000365018956942464,3
"20744",4.53507753216362e-06,4.10462766911716e-08,0.0423173092827824,0.957678114593409,4
"20746",0.0803177278853536,0.000170352609402472,0.919380914692966,0.000131004812278092,3
"20748",0.000114472445370019,7.01957128267288e-05,0.712590993735631,0.287224338106172,3
"20750",0.000848739964130612,3.31173352118158e-06,0.378686596442066,0.620461351860282,4
"20752",0.968344982065441,0.0012567026647592,0.0303971234179754,1.19185182486766e-06,1
"20754",0.000189259984748652,1.5124119424041e-06,0.98707322340365,0.012736004199659,3
"20756",0.139795588177739,0.000525257854053101,0.573107433806247,0.286571720161961,3
"20758",0.265823083123139,2.33877782743572e-05,0.349810007434739,0.384343521663847,4
"20760",2.41883580884788e-05,8.76745026618619e-07,0.84896753742979,0.151007397467095,3
"20762",0.000114209047178722,3.39312045156495e-06,0.998700420663726,0.00118197716864395,3
"20764",1.1712899622345e-05,6.35028994963435e-06,0.34179293478054,0.658189002029888,4
"20766",5.03734013738365e-05,1.02698259322098e-05,0.916655082649527,0.0832842741231671,3
"20768",0.0013196913640121,6.35474332161377e-05,0.190646287027242,0.80797047417553,4
"20770",0.0262932709883095,1.05928848293244e-05,0.973205478702865,0.000490657423996322,3
"20772",0.999912219174701,2.11653668882305e-05,6.52376228175599e-05,1.37783559337323e-06,1
"20774",0.998803801150891,0.00118956369002612,6.61564425692427e-06,1.95148255907141e-08,1
"20776",0.0016265890640496,0.0019315916311696,0.996393206254874,4.86130499070378e-05,3
"20778",0.337071463104579,0.662927576722853,6.81628706821801e-07,2.78543860403839e-07,2
"20780",0.00128574053982078,5.84690618273956e-06,0.813217292447219,0.185491120106778,3
"20782",5.51642603010726e-05,2.13291214100585e-06,0.934908948754347,0.0650337540732108,3
"20784",0.000217507584266611,3.73042566899796e-06,0.999083380194459,0.000695381795605141,3
"20786",3.0119292784426e-06,1.55467480885093e-08,0.000982363292581767,0.999014609231392,4
"20788",0.0199913427220777,0.00226020011382123,0.977613632004654,0.000134825159447404,3
"20790",4.91617919501069e-05,3.08763961558132e-07,0.917186418643264,0.0827641108008246,3
"20792",0.0462557061324371,0.0040271093338623,0.4959534682997,0.453763716234,3
"20794",2.32723418504267e-05,1.68937899847312e-07,0.558857957210934,0.441118601509316,3
"20796",0.995783746442289,0.00367324455540508,0.000542932519959208,7.64823465250618e-08,1
"20798",1.64673658118671e-06,3.54558062744198e-07,7.12354147672079e-05,0.999926763290589,4
"20801",3.54946422204571e-05,2.87217003337242e-06,0.00163795373072961,0.998323679457017,4
"20803",0.0369754006665296,0.00507010734262853,0.957927043586907,2.74484039351891e-05,3
"20805",0.341344420676177,0.00149556650340989,0.657055675508836,0.00010433731157656,3
"20807",1.64673658118671e-06,3.54558062744198e-07,7.12354147672079e-05,0.999926763290589,4
"20809",0.00146470129021171,0.00106876336876695,0.996148818880981,0.00131771646004091,3
"20811",0.0131468689792751,0.0033984773653261,0.0282214077454484,0.95523324590995,4
"20813",0.442033487937519,0.00414815536217756,0.481687762474166,0.0721305942261374,3
"20815",8.17117157185496e-07,2.04770238702849e-08,0.00140609896128644,0.998593063444532,4
"20817",0.000218674408244746,0.000117592547501589,0.964627021748974,0.0350367112952802,3
"20819",0.341311281205732,0.00839801669278489,0.650286645946561,4.05615492199638e-06,3
"20821",0.968024495550694,0.00089474160440024,0.00632205291158432,0.0247587099333209,1
"20823",0.191751198902028,0.00685750459191942,0.788015555564641,0.0133757409414118,3
"20825",2.89031179774664e-05,3.25580196858399e-06,0.940566054984176,0.0594017860958778,3
"20827",0.000416612213641279,0.000399371746946911,0.183720951215539,0.815463064823873,4
"20829",0.99574072108657,0.00181034446250665,0.00241753006668682,3.14043842364262e-05,1
"20831",0.000136966893106868,2.34939069273431e-05,0.941042547745366,0.0587969914546,3
"20833",0.000112505876059545,1.7888390301264e-06,0.805674220312366,0.194211484972545,3
"20835",7.26000097451319e-05,9.33868928479671e-05,0.973202491955681,0.0266315211417257,3
"20837",0.000323667487222798,0.000133821440903025,0.997604057040167,0.00193845403170739,3
"20839",8.10343518768815e-05,5.28085667720741e-06,0.989669088862912,0.0102445959285343,3
"20841",0.442010377825135,0.354999201694569,0.202919571298923,7.08491813726743e-05,1
"20843",0.00131097519783968,3.66172452395707e-05,0.998624245237812,2.8162319108811e-05,3
"20845",0.00146419948362925,4.70622692452769e-05,0.471196531889655,0.527292206357471,4
"20847",0.43673756046228,0.00212934277835362,0.560814711883245,0.000318384876121273,3
"20849",0.574988757864435,0.000320853200479902,0.412642404413253,0.012047984521832,1
"20851",0.704488825495286,0.00625902035041295,0.28920315150206,4.9002652241265e-05,1
"20853",0.470846297642953,0.51960725753191,0.00954320819873215,3.23662640415018e-06,2
"20855",0.996177512785028,0.000654215381058547,0.00291919684607817,0.000249074987834956,1
"20857",0.632416167399987,0.00136369800823898,0.366155580952558,6.45536392158543e-05,1
"20859",0.978279335100854,0.000105456260089006,0.0215085545794329,0.000106654059624627,1
"20861",0.000321426782889544,0.961671024374932,0.0351425181211063,0.00286503072107251,2
"20863",6.31593648317684e-05,5.52003765972224e-05,0.663979172695344,0.335902467563227,3
"20865",0.00115199888158414,1.19101899039167e-06,0.998121228355201,0.000725581744224824,3
"20867",0.998969624630171,0.00102919138398006,1.15247246390726e-06,3.15133845795618e-08,1
"20869",0.000346580634094023,1.5541795576406e-05,0.508590043960165,0.491047833610165,3
"20871",0.997895842010347,0.000626715817221972,0.00012746578339502,0.0013499763890357,1
"20873",0.999102362138346,0.000353044918842504,0.000104769389940291,0.000439823552870973,1
"20875",0.931734167315354,0.0316094068912067,0.0366125400522946,4.38857411443985e-05,1
"20878",2.09828289511913e-06,2.4038977554369e-07,0.00348574771086604,0.996511913616463,4
"20880",0.000205828953204759,3.19967909526104e-06,0.815162474398501,0.184628496969199,3
"20882",0.997935418015472,0.00174235188255953,0.000319469053395154,2.76104857355819e-06,1
"20884",0.000332621911940448,0.000171616826684697,0.995263621254841,0.00423214000653333,3
"20886",0.00211091569168679,7.36143652859726e-06,0.307776220778547,0.690105502093238,4
"20888",1.87084438151189e-06,1.18277413950953e-07,0.120899090284112,0.879098920594093,4
"20890",0.000616432707213185,4.43684626594183e-06,0.806118664055528,0.193260466390993,3
"20892",0.487989443975642,0.0508630843832596,0.461089097192893,5.83744482056354e-05,1
"20897",0.0794667763667671,0.0193979039564353,0.885048157362049,0.0160871623147483,3
"20899",0.0861376771660064,0.00142106138221045,0.876050250959419,0.0363910104923638,3
"20901",0.0312713741608515,0.967355397667221,0.00135799636967097,1.52318022570912e-05,2
"20903",0.965210331045553,0.029678059878642,4.25794158747164e-05,0.00506902965993004,1
"20905",0.902869729125277,0.018164157247013,0.0433747997515682,0.0355913138761415,1
"20907",0.999057378812801,8.28032360383009e-05,0.000859261652942921,5.56298217733663e-07,1
"20909",0.423477565218877,0.00136830142368661,0.549970916097642,0.0251832172597947,3
"20911",0.0255663415258464,0.97442581776599,7.69217491907709e-06,1.48533244733015e-07,2
"20913",0.00881945082115873,0.000348704483292179,0.985030318773917,0.00580152592163229,3
"20962",0.913893993761959,0.000144205252481531,0.0859089279912948,5.28729942649398e-05,1
"20969",0.964263090285874,0.0200400115850985,0.00325714737445197,0.0124397507545759,1
"20980",0.905944825128939,0.000212830661188923,0.0932123762862905,0.000629967923581033,1
"20982",0.987814891889028,0.000139251267018119,0.0120445687876609,1.28805629313402e-06,1
"20984",0.000565318720593626,0.00069079808445622,0.992139150172622,0.00660473302232838,3
"20994",0.977571806972173,0.0112774246601332,0.0105537932571296,0.000596975110564059,1
"21015",1.63882428120828e-05,0.000756699113425978,0.174293571974967,0.824933340668795,4
"21023",0.970243369289345,0.0296670505464867,8.94664141485843e-05,1.13750020080599e-07,1
"21040",0.912213837477838,0.00501071485242072,0.0827636721004444,1.17755692971651e-05,1
"21073",0.536262732858758,0.214898306143213,0.241336532931705,0.00750242806632455,1
"21222",0.000618691208699874,8.69872145991942e-05,0.893678813424332,0.105615508152369,3
"21224",0.0686850425371987,1.3815267135567e-05,0.92753336216237,0.00376778003329566,3
"21228",0.0111763779363022,0.109273236240271,0.266740675199339,0.612809710624088,4
"21232",0.964808536816525,0.0332193245698495,0.00197182194807025,3.16665554862394e-07,1
"21237",0.562264331818765,0.416456322908836,0.0203293054988164,0.000950039773582151,1
"21240",0.000111715684220394,8.18411269492137e-05,0.916272029433404,0.0835344137554268,3
"21245",6.9923664525323e-05,5.62689639256585e-06,0.772419046837474,0.227505402601608,3
"21252",0.86622495750386,0.129084709547534,0.00469024064848562,9.23001202966366e-08,1
"21254",0.834409025386854,0.116115497967717,0.0494637277384974,1.17489069310585e-05,1
"21258",0.0953826143412524,8.68726548113122e-05,0.895976593620937,0.00855391938299989,3
"21264",0.00680601775859948,0.000360444957174451,0.87043893809831,0.122394599185916,3
"21305",0.0157625140345223,7.81324428730182e-06,0.963924737874971,0.0203049348462192,3
"21333",0.896459232165018,0.00137290176569428,0.102166856079409,1.00998987813601e-06,1
"21366",0.0249783923603909,0.00286749089948969,0.971882721664511,0.000271395075608543,3
"21377",2.00243223973155e-05,1.70478023428175e-06,0.00133080866232117,0.998647462235047,4
"21380",0.919493961901164,0.000344605811396928,0.059506139566544,0.0206552927208953,1
"21387",0.000151208552343712,0.999848182689541,6.07920077501629e-07,8.38037382329044e-10,2
"21390",0.984451807659708,0.010056535877256,0.00548959931162305,2.05715141277595e-06,1
"21392",0.179825649050119,0.0578202657056422,0.761939339961156,0.000414745283082661,3
"21403",0.892565505959101,0.000216414665248137,0.0791935993229831,0.028024480052668,1
"21408",0.998744093275112,0.000557307561247457,0.000641068713640046,5.75304500004886e-05,1
"21412",0.0228184665207764,0.976456862206615,0.000448535296443384,0.000276135976165233,2
"21421",0.00250082568644857,4.54785084964674e-05,0.996123368428591,0.00133032737646353,3
"21424",0.0394005314799715,0.960587246757975,1.22115962712353e-05,1.01657818652937e-08,2
"21429",0.991453068166523,0.00536371262824575,0.00315933974761595,2.38794576152577e-05,1
"21431",0.0142064880802718,0.000221277405046863,0.984519163331381,0.00105307118330001,3
"21436",0.00212982141850673,5.00182614423771e-06,0.99702359917735,0.000841577577999292,3
"21439",0.965003478409574,0.000833112086368606,0.0306202622733339,0.00354314723072376,1
"21442",0.0778179798125478,0.00112472748439308,0.751829312736686,0.169227979966373,3
"21444",1.26679771713549e-05,2.73076306734036e-05,0.996519209266776,0.00344081512537946,3
"21446",1.23231929841082e-06,4.72275570569499e-05,0.0060349846634047,0.99391655546024,4
"21448",1.20200397646165e-05,0.995235606883667,0.00466745234828846,8.49207282795376e-05,2
"21450",0.34610963964237,0.0289733805440358,0.589490502254516,0.0354264775590785,3
"21452",0.978896466679027,3.60623767647384e-05,0.021061442014651,6.02892955724543e-06,1
"21466",0.978020471969202,0.0219290470147895,5.04747967713255e-05,6.21923721462971e-09,1
"21470",0.90375839199159,7.16595565528941e-05,0.0955071664637292,0.000662781988128356,1
"21472",0.989789457157174,0.000746656034773605,0.00946381110850927,7.56995429583062e-08,1
"21474",0.848864744861358,0.124629049117059,0.0254925528545101,0.00101365316707346,1
