"","V1","V2","V3","best$classification"
"19811",7.2791921505307e-16,0.999936400960643,6.3599039356287e-05,2
"19813",1.35605931597912e-18,0.999997769063472,2.23093652835982e-06,2
"19815",1.92947972201514e-17,0.999990336356367,9.6636436325297e-06,2
"19817",3.02816557589594e-14,0.999370964956553,0.000629035043416389,2
"19819",0.911360905986725,6.19918933915966e-10,0.088639093393356,1
"19821",6.49838259469844e-13,0.998531982877859,0.00146801712149104,2
"19823",7.47126120478224e-10,0.949725347072392,0.050274652180482,2
"19825",0.289938464899157,3.23667712468923e-07,0.710061211433131,3
"19827",2.52284260858002e-13,0.999366583452449,0.000633416547298222,2
"19829",0.0378338348269513,9.9031775893566e-07,0.96216517485529,3
"19831",0.336768878573819,1.70696491962141e-08,0.663231104356532,3
"19833",0.36510135053029,4.47165669873205e-07,0.63489820230404,3
"19835",6.49838259469844e-13,0.998531982877859,0.00146801712149104,2
"19837",2.96370953235706e-10,0.941515116474967,0.0584848832286624,2
"19839",5.31406224528049e-10,0.950349236443074,0.0496507630255196,2
"19841",5.27745506735018e-11,0.994344081985834,0.00565591796139182,2
"19843",9.94527644617658e-13,0.998690447529042,0.00130955246996363,2
"19845",8.63438567169323e-14,0.99947219265696,0.000527807342954035,2
"19847",8.68382859378991e-18,0.999995025806847,4.97419315328488e-06,2
"19849",1.41477555696153e-21,0.999999958761719,4.12382813295955e-08,2
"19851",5.35539085022675e-19,0.999998207584957,1.79241504330145e-06,2
"19853",6.94221611398174e-14,0.999408938420029,0.000591061579901608,2
"19855",3.34630252356678e-08,0.421618774065604,0.57838119247137,3
"19857",4.42897135390087e-06,0.00301558873721598,0.99697998229143,3
"19859",2.64373825627048e-15,0.999905578401286,9.44215987108751e-05,2
"19861",3.55723253704925e-19,0.999998774358743,1.22564125745743e-06,2
"19863",2.53066294444701e-20,0.999999873737638,1.262623620583e-07,2
"19865",9.34861174872133e-15,0.999911154238322,8.88457616691163e-05,2
"19867",7.6107222954395e-15,0.999730274017088,0.000269725982904418,2
"19869",2.37827623426856e-14,0.999755003096024,0.000244996903952504,2
"19871",7.42938081083848e-15,0.99977734521687,0.000222654783122779,2
"19874",4.39315073875526e-18,0.99999776843451,2.23156548962978e-06,2
"19876",1.34951768584819e-19,0.999999573042515,4.26957485403139e-07,2
"19878",5.38392842247881e-05,0.00125240803753265,0.998693752678243,3
"19880",1.04142984685607e-21,0.99999998024185,1.97581502045895e-08,2
"19882",3.1049974627067e-19,0.999999232256408,7.6774359213002e-07,2
"19885",5.70986495757447e-12,0.993424929660088,0.00657507033420164,2
"19907",8.49932937595057e-16,0.999936677635983,6.33223640161077e-05,2
"19909",0.000799223224712667,2.18945962336779e-05,0.999178882179054,3
"19911",2.16037281614067e-10,0.968806056428769,0.0311939433551939,2
"19913",8.35359207202877e-21,0.999999965032753,3.496724696083e-08,2
"19915",5.68097716214512e-20,0.999999777743399,2.22256601193393e-07,2
"19917",6.82511110904099e-18,0.999997346903639,2.65309636126225e-06,2
"19919",3.870001595499e-15,0.999885769517525,0.000114230482471132,2
"19921",8.64436560019523e-14,0.998746271131251,0.00125372886866207,2
"19923",2.63031224967778e-08,0.604186130604874,0.395813843092004,2
"19925",2.34698016171855e-12,0.997773080996705,0.0022269190009477,2
"19927",1.36793508472781e-16,0.999973935678548,2.60643214517928e-05,2
"19929",1.36609252828497e-20,0.999999920869895,7.9130104976968e-08,2
"19931",2.85337521857517e-18,0.999997514121944,2.48587805637225e-06,2
"19933",0.000319485810560137,0.000158384296821021,0.999522129892619,3
"19935",1.33252969137845e-06,0.0845755908039475,0.915423076666361,3
"19937",5.65961138412497e-21,0.999999895025671,1.0497432880474e-07,2
"19939",5.65964859559433e-05,0.0012173777792843,0.99872602573476,3
"19941",1.1779487667826e-09,0.939821424442643,0.0601785743794084,2
"19943",2.59357942479911e-14,0.999869875963639,0.000130124036335508,2
"19945",8.25182174062582e-15,0.999838824948649,0.000161175051343224,2
"19947",1.25376866740169e-14,0.999838372982066,0.000161627017921001,2
"19949",5.48330396773304e-08,0.449168486045214,0.550831459121747,3
"19951",6.47311403489704e-13,0.998803716173096,0.00119628382625603,2
"19953",0.584775565977357,1.17013584757987e-08,0.415224422321285,1
"19955",1.58180601086856e-16,0.999976002038171,2.39979618284865e-05,2
"19957",9.44409334316432e-12,0.994505384697513,0.00549461529304291,2
"19960",6.05861154704639e-12,0.995834854637797,0.00416514535614418,2
"19963",2.33235998036631e-13,0.999816404060749,0.000183595939017412,2
"19965",0.195638898546944,2.12487151104473e-08,0.80436108020434,3
"19968",4.60067166327247e-15,0.999924450335781,7.55496642139232e-05,2
"19971",1.14798488228418e-13,0.999783469007239,0.000216530992646065,2
"19973",1.01713917481682e-15,0.999943932545797,5.60674542020029e-05,2
"19975",1.39752029413251e-14,0.99985155856721,0.000148441432776373,2
"19977",1.04523806005609e-20,0.999999936651657,6.33483430193869e-08,2
"19979",0.996508641500111,4.49802726160724e-13,0.00349135849943894,1
"19981",4.6513193023182e-15,0.999794934686367,0.000205065313628657,2
"19983",2.20095709861292e-05,9.96172182432238e-05,0.999878373210771,3
"19985",4.02316748156565e-18,0.999997706416924,2.29358307612753e-06,2
"19987",1.57414419178082e-10,0.971523148795399,0.028476851047187,2
"19989",0.921572475000243,2.17861962480481e-10,0.078427524781895,1
"19993",0.359694758911968,4.2728349041499e-08,0.640305198359683,3
"19995",0.000347482534844736,0.000122222332397957,0.999530295132757,3
"19997",1.75483274857677e-15,0.9998886928472,0.000111307152797738,2
"19999",2.66161065363463e-19,0.99999928997792,7.10022080048993e-07,2
"20002",2.82480133834857e-06,0.250250293519955,0.749746881678706,3
"20004",1.50250161097619e-11,0.992787121269408,0.00721287871556678,2
"20006",3.7857715972827e-06,0.00607537564457326,0.993920838583829,3
"20008",6.32755575255805e-09,0.836380219798904,0.16361977387354,2
"20010",0.727296374752775,1.27787322532387e-09,0.272703623969352,1
"20012",1.95007097898564e-14,0.999833301053843,0.000166698946137773,2
"20015",0.999999999337775,4.79943234899252e-28,6.62224978501224e-10,1
"20017",1.25720282930523e-10,0.968948947596144,0.0310510522781357,2
"20019",0.863691445888461,1.17474575189327e-09,0.136308552936793,1
"20022",0.0142382931822106,9.10405680414542e-07,0.985760796412109,3
"20024",0.577831530532612,3.51433519013374e-08,0.422168434324036,1
"20026",0.577831530532612,3.51433519013374e-08,0.422168434324036,1
"20028",7.78961061480503e-18,0.999996668536525,3.33146347481494e-06,2
"20030",0.948928198218701,1.09043369495665e-10,0.0510718016722555,1
"20033",1.30343852347373e-17,0.999995574823582,4.42517641803551e-06,2
"20035",0.912491309845395,5.4560748612317e-10,0.0875086896089977,1
"20037",0.164727569114872,1.74129208623701e-07,0.835272256755919,3
"20039",0.863056961478821,4.1527939273181e-09,0.136943034368385,1
"20041",0.646881797447949,8.368080702879e-10,0.353118201715243,1
"20044",0.000230190215314904,0.000192691479041007,0.999577118305644,3
"20047",0.999875654849071,7.23186195971153e-16,0.000124345150928554,1
"20050",0.999897482521411,4.01092902104184e-16,0.00010251747858871,1
"20052",1.41314312814918e-13,0.9993503915848,0.000649608415058756,2
"20054",0.99995603934504,1.22379660196647e-17,4.39606549604357e-05,1
"20056",5.86076844267903e-18,0.999998554980304,1.44501969571984e-06,2
"20058",0.997379842573624,6.13492709293308e-14,0.00262015742631475,1
"20060",2.21424595326395e-13,0.999016814170261,0.000983185829517438,2
"20062",1.06413058316982e-08,0.678100610736879,0.321899378621816,2
"20064",0.000485118630798461,5.07230130795023e-05,0.999464158356122,3
"20066",0.234231155745679,2.73292957640631e-07,0.765768570961363,3
"20068",5.71401464650534e-12,0.992377919208995,0.00762208078529125,2
"20070",2.86031109665998e-11,0.979742065110552,0.0202579348608446,2
"20072",0.0125773858644372,1.20553193120187e-06,0.987421408603632,3
"20074",4.53598498689132e-22,0.999999987490337,1.25096628432616e-08,2
"20076",3.36951017764901e-08,0.685059737945558,0.314940228359341,2
"20078",2.77711700679425e-10,0.94377566186113,0.0562243378611579,2
"20080",0.999999944820313,1.81622794124042e-23,5.51796867263461e-08,1
"20082",0.999999979619423,2.4056492450307e-23,2.03805768287457e-08,1
"20084",0.0048440328181035,1.83521986655508e-05,0.995137614983231,3
"20087",0.000178725905880609,3.53186551014431e-05,0.999785955439018,3
"20090",0.999999836276477,2.67659808918824e-22,1.63723522997357e-07,1
"20092",0.998482418177899,7.92924017772048e-15,0.00151758182209292,1
"20096",0.00676485848085865,9.20196716086894e-06,0.99322593955198,3
"20098",1.93954787625928e-08,0.740418726143032,0.25958125446149,2
"20101",0.000737493300113191,0.000164444143008676,0.999098062556878,3
"20104",0.999931478082792,7.45108720888746e-17,6.85219172075821e-05,1
"20106",0.0502810876296115,1.02248170382637e-06,0.949717889888685,3
"20108",2.84326157115427e-15,0.999895522707607,0.00010447729239059,2
"20110",0.344015753529934,8.47225926857967e-08,0.655984161747474,3
"20112",0.00023814304401862,0.000419474898105682,0.999342382057876,3
"20114",3.33497207492493e-10,0.970823124261503,0.0291768754050002,2
"20116",4.94809856969173e-06,0.0188918633176449,0.981103188583785,3
"20118",1.46045579605592e-08,0.658625344112884,0.341374641282558,2
"20120",0.999999672767096,2.85826430390504e-21,3.2723290432058e-07,1
"20122",2.37527749578952e-14,0.999819465370505,0.00018053462947104,2
"20124",0.000123467844984243,0.000297817453219192,0.999578714701796,3
"20126",0.000897963898961192,0.000210704983309181,0.99889133111773,3
"20128",0.999271702294452,3.23797152154773e-14,0.000728297705516153,1
"20141",5.17840406451317e-07,0.212724118070844,0.787275364088749,3
"20143",5.16381243561259e-22,0.999999990104445,9.89555465675845e-09,2
"20145",0.00226458564110554,1.96690917339442e-05,0.997715745267161,3
"20147",0.013949223098416,6.49731918684254e-07,0.986050127169665,3
"20149",9.63936062434496e-15,0.999901853711596,9.81462883942989e-05,2
"20151",1.8792656279007e-10,0.970555844362751,0.0294441554493225,2
"20153",0.364261500778375,1.8234965665983e-07,0.635738316871969,3
"20155",0.0029167706647381,5.47761157212096e-06,0.99707775172369,3
"20157",1.65728015029262e-20,0.999999909396678,9.06033224008363e-08,2
"20160",2.56417687316619e-21,0.999999978871078,2.11289217680425e-08,2
"20162",2.86187416423738e-20,0.999999893622498,1.06377501729786e-07,2
"20164",2.09246917008431e-18,0.999998769680119,1.23031988112968e-06,2
"20166",0.000149694878602098,0.00130207490112301,0.998548230220275,3
"20168",6.9370365239786e-18,0.999997495473274,2.5045267263882e-06,2
"20170",4.90282425349351e-17,0.999990354994774,9.64500522633621e-06,2
"20172",4.37184959002634e-05,0.000279334787439778,0.99967694671666,3
"20174",4.26637233069201e-17,0.99998888078669,1.11192133099838e-05,2
"20176",6.37797539819469e-05,0.00111730152480682,0.998818918721211,3
"20178",5.23124836500788e-22,0.999999991214803,8.78519694309511e-09,2
"20181",0.0428901939418302,2.39073155697375e-06,0.957107415326613,3
"20183",1.25815566859727e-11,0.987552174313603,0.0124478256738153,2
"20186",0.145222365760874,8.11713969787396e-08,0.854777553067729,3
"20188",3.14939074507815e-17,0.999997004907979,2.99509202138043e-06,2
"20190",0.999701115067348,1.22806163319741e-15,0.000298884932651019,1
"20193",4.45872029272847e-07,0.470922681386105,0.529076872741866,3
"20195",4.12649798437255e-13,0.999182142068594,0.000817857930993426,2
"20197",0.64437764646367,2.46458389990739e-09,0.355622351071746,1
"20199",1.36418099080577e-11,0.995287387626417,0.00471261235994117,2
"20205",0.984366600627035,2.18483685055986e-11,0.0156333993511171,1
"20208",2.10864780270766e-08,0.621474112917008,0.378525865996514,2
"20210",4.3810289561874e-21,0.999999955965817,4.40341832685833e-08,2
"20212",1.3159755941693e-15,0.999963828087721,3.61719122774957e-05,2
"20216",0.694736196370963,5.04992948775975e-09,0.305263798579108,1
"20219",0.999857217841568,2.40477969937415e-16,0.000142782158432094,1
"20223",0.00165168636821492,2.4194665568077e-05,0.998324118966217,3
"20226",0.905164967092732,2.53044309040704e-10,0.0948350326542236,1
"20230",0.396372723668352,3.98170177334648e-08,0.60362723651463,3
"20233",0.000204764865869676,0.00274840672988347,0.997046828404247,3
"20235",0.855862857540692,3.9264439385415e-10,0.144137142066664,1
"20239",1.10880731232156e-05,0.00101739578949988,0.998971516137377,3
"20254",0.99999997562775,2.52768489738163e-23,2.43722498698074e-08,1
"20256",0.0495985033197166,8.21636986045755e-08,0.950401414516585,3
"20262",5.19355364076933e-14,0.999648697999304,0.000351302000643943,2
"20270",3.25900036366776e-07,0.388854147528649,0.611145526571314,3
"20284",5.93254167220763e-06,0.0239921042126295,0.976001963245698,3
"20287",0.996397070236785,1.40453120849926e-13,0.00360292976307421,1
"20290",0.999999969200223,4.50601989030329e-23,3.07997769201698e-08,1
"20293",1.26772655852582e-07,0.0725555930686092,0.927444280158735,3
"20296",2.0202203293587e-08,0.690299665594565,0.309700314203232,2
"20301",0.999998294803151,2.2595709041868e-19,1.70519684854202e-06,1
"20304",0.999996680613774,5.52272086066767e-19,3.31938622633282e-06,1
"20306",0.984356398031119,2.52396317281806e-12,0.0156436019663566,1
"20309",2.6346319093239e-06,0.0157984453573331,0.984198920010758,3
"20311",7.28053979751311e-06,0.00940196437450946,0.990590755085693,3
"20314",2.79574116117106e-10,0.963555233243823,0.0364447664766031,2
"20318",1.83862061388797e-14,0.999942147323016,5.78526769652445e-05,2
"20320",4.25471059993499e-21,0.999999944819207,5.51807933362336e-08,2
"20326",9.5369099935596e-14,0.999481279121535,0.000518720878369571,2
"20328",2.72385172847524e-20,0.999999785613365,2.14386635445271e-07,2
"20330",0.187475127247207,2.52882300240533e-08,0.812524847464563,3
"20336",0.76638940620246,3.51582597630544e-09,0.233610590281714,1
"20338",0.999994019296028,3.90831298741324e-19,5.98070397213791e-06,1
"20340",0.956573175411907,1.60143280926683e-11,0.0434268245720784,1
"20342",7.12198107780654e-15,0.999931584241201,6.84157587915626e-05,2
"20344",0.000310499064192234,8.78623844852534e-05,0.999601638551323,3
"20349",0.138178734257594,6.50702067248829e-08,0.8618212006722,3
"20351",1.50784692903448e-05,0.00204927984250083,0.997935641688209,3
"20353",0.944586297575146,2.63360270136462e-11,0.0554137023985177,1
"20357",0.996281878260994,7.82272845800937e-13,0.00371812173822357,1
"20360",0.98918821315979,3.07535018831615e-12,0.0108117868371345,1
"20364",0.00186415715616082,1.54187408075872e-05,0.998120424103032,3
"20366",0.217760568778934,3.12615323693692e-07,0.782239118605742,3
"20381",0.00229131106646473,5.03216166365018e-05,0.997658367316899,3
"20391",0.413474467587545,9.27734184365643e-09,0.586525523135114,3
"20394",9.36146878984612e-12,0.985825666248549,0.0141743337420901,2
"20396",4.20066109157235e-20,0.999999745042022,2.54957978072528e-07,2
"20409",0.000104073588625824,0.0017636849255127,0.998132241485861,3
"20411",0.99902087423674,7.48176801006465e-15,0.000979125763252439,1
"20416",0.999993582645352,1.43486687598309e-18,6.41735464802053e-06,1
"20418",4.92385632801522e-22,0.999999982127139,1.78728606084085e-08,2
"20420",2.63578470525049e-07,0.513957100099123,0.486042636322406,2
"20422",0.138848368348405,4.41378187401535e-07,0.861151190273407,3
"20424",0.999893170921856,3.08852836214527e-17,0.000106829078143847,1
"20426",0.650244462299624,4.28505744926879e-07,0.349755109194631,1
"20428",2.74272201146524e-05,0.000762497358889894,0.999210075420995,3
"20431",2.29865517558608e-07,0.491311108138697,0.508688661995785,3
"20433",2.72950934867631e-16,0.999980420969611,1.95790303890119e-05,2
"20436",0.0154927015447244,2.20060098277371e-06,0.984505097854293,3
"20439",1.79008643293799e-21,0.999999964356275,3.56437250447179e-08,2
"20441",0.999635899125921,3.96167317049886e-15,0.000364100874075338,1
"20444",5.21143640946705e-21,0.999999968205976,3.17940236661315e-08,2
"20448",0.999999088237683,2.4787901240818e-20,9.11762316741566e-07,1
"20536",1.03163610924915e-12,0.994785508133008,0.00521449186596015,2
"20538",0.214635961036333,1.73147536045718e-07,0.785363865816131,3
"20541",0.999989030592861,1.06948660703052e-18,1.09694071385609e-05,1
"20544",7.96102926086596e-08,0.163543757676675,0.836456162713033,3
"20546",0.789734473810878,7.03764671291158e-10,0.210265525485357,1
"20550",6.17666327538322e-05,0.00107160110519984,0.998866632262046,3
"20553",0.999999868106479,4.38172636863359e-21,1.31893520795564e-07,1
"20555",0.000896635869881971,0.000187567082470687,0.998915797047647,3
"20557",0.993998893503396,9.16759886509533e-13,0.00600110649568765,1
"20559",0.997423974903254,3.24042777507773e-14,0.00257602509671339,1
"20561",2.29325665730961e-16,0.999972659732705,2.73402672950787e-05,2
"20564",8.11579374294341e-22,0.999999989997772,1.00022278127762e-08,2
"20566",0.913484953159723,8.81755716183918e-11,0.086515046752101,1
"20569",3.2898497151308e-14,0.999698382752399,0.000301617247568257,2
"20572",1.04053420592816e-10,0.986252068968073,0.0137479309278734,2
"20574",0.00670420359017009,8.48244502060397e-06,0.993287313964809,3
"20576",1.13013728175702e-20,0.999999940982264,5.90177363162217e-08,2
"20578",1.63662377811748e-06,0.0357892645462237,0.964209098829998,3
"20580",1.02130577945264e-05,0.00371158959382138,0.996278197348384,3
"20583",1.86636496162239e-21,0.999999976447753,2.35522470004113e-08,2
"20586",3.53116504681428e-13,0.998771213479658,0.00122878651998896,2
"20589",0.996760298347733,7.06806273457518e-15,0.00323970165225978,1
"20591",0.00173201373050082,8.84406631290266e-06,0.998259142203186,3
"20593",0.116135649607303,2.64149849128851e-07,0.883864086242848,3
"20595",0.364119919800847,9.73414481960511e-09,0.635880070465008,3
"20597",0.474216172994924,3.40773152667462e-08,0.52578379292776,3
"20599",7.69965613774399e-21,0.99999996527371,3.47262898752986e-08,2
"20601",3.22089995562369e-11,0.967541922510199,0.0324580774575918,2
"20604",0.999997531420279,7.62636508630508e-20,2.46857972105047e-06,1
"20606",0.999939684794957,2.5993084985895e-17,6.03152050428636e-05,1
"20608",0.997189162814428,2.36348126744706e-14,0.00281083718554825,1
"20610",1.48771644503647e-18,0.999999211585648,7.88414351723686e-07,2
"20612",7.22238428369891e-17,0.999992480315097,7.51968490291055e-06,2
"20614",1.83549739276815e-20,0.999999909627182,9.0372818382578e-08,2
"20616",3.08871538975527e-15,0.999908590397698,9.14096022986789e-05,2
"20618",0.0456546651237408,2.47687587711807e-06,0.954342858000382,3
"20620",0.987822757349959,4.73913718201072e-12,0.0121772426453016,1
"20622",1.21814017639478e-16,0.999993215050211,6.78494978908677e-06,2
"20624",0.995879740884614,2.94064044617579e-13,0.00412025911509178,1
"20626",0.016923528679074,9.03132492859674e-07,0.983075568188433,3
"20628",0.0125480213040252,4.85355140547272e-07,0.987451493340834,3
"20630",0.0417584007615666,1.71411381607096e-06,0.958239885124617,3
"20632",4.20072382452141e-21,0.999999952619587,4.73804131643129e-08,2
"20634",0.0313169286824327,1.18911532984945e-06,0.968681882202237,3
"20637",0.999999999950417,1.62258850638518e-28,4.95835441964138e-11,1
"20639",3.30884217583769e-19,0.9999994332791,5.66720900140677e-07,2
"20644",0.918692626098039,7.81087028126822e-10,0.0813073731208743,1
"20646",1.62741175962308e-07,0.276992775507195,0.723007061751629,3
"20648",1.39681566544741e-10,0.966471817405308,0.0335281824550102,2
"20650",0.0808102239668127,8.40707267425048e-07,0.91918893532592,3
"20653",1.91716474977415e-08,0.747043737356174,0.252956243472179,2
"20658",0.667085217003024,3.56055168378316e-09,0.332914779436425,1
"20661",1.17396049054734e-09,0.933195763866543,0.0668042349594963,2
"20663",5.11562661417682e-10,0.893409160245237,0.106590839243201,2
"20665",1.00644033685849e-11,0.996859391414859,0.00314060857507637,2
"20667",7.62472099856514e-08,0.304828962463807,0.695170961288983,3
"20669",2.00559601399213e-13,0.999276487641247,0.00072351235855229,2
"20671",0.980350052687281,2.69941189395291e-11,0.0196499472857248,1
"20673",1.46188432020896e-20,0.999999818368836,1.81631164489804e-07,2
"20675",1.62213318442435e-09,0.809484459272106,0.190515539105761,2
"20677",1.38291829147968e-06,0.00892949516152663,0.991069121920182,3
"20679",1.19193870144598e-16,0.999980312735988,1.96872640120678e-05,2
"20681",7.46717244179678e-19,0.999997323672825,2.67632717513894e-06,2
"20683",6.0140761708782e-13,0.998441901395269,0.00155809860412911,2
"20685",4.64459418606581e-05,0.00494622353802782,0.995007330520111,3
"20687",1.9689521011917e-21,0.999999968048543,3.19514565717141e-08,2
"20689",0.971164093678589,7.49864124225481e-11,0.0288359062464245,1
"20691",1.59858178577908e-22,0.999999992738184,7.26181566442809e-09,2
"20693",0.382060766804783,1.02764293505763e-08,0.617939222918787,3
"20695",3.74397731596437e-18,0.999997106624894,2.89337510557242e-06,2
"20697",0.904030138747272,5.5308101607807e-10,0.0959698606996473,1
"20699",0.00161781160198193,4.68762146187674e-06,0.998377500776556,3
"20701",3.70698286715966e-06,0.00388394294308295,0.99611235007405,3
"20703",8.5247090766531e-09,0.876229805414539,0.123770186060752,2
"20705",2.77732628643318e-05,0.00237939829996697,0.997592828437169,3
"20707",1.13981443378248e-13,0.998836066926815,0.00116393307307084,2
"20709",6.28850017738041e-14,0.999701973410057,0.000298026589880368,2
"20713",9.31914868805117e-05,0.000777436746010639,0.999129371767109,3
"20715",0.0834242861676004,8.62578541164066e-06,0.916567088046988,3
"20717",8.08795457818255e-18,0.999990788427646,9.21157235451235e-06,2
"20720",0.88589840307182,1.12004064725927e-10,0.114101596816176,1
"20722",0.000855835358154122,2.44850274519215e-05,0.999119679614394,3
"20724",1.33482641580702e-18,0.999998501452477,1.49854752297453e-06,2
"20726",0.639643041197407,4.28486643410612e-10,0.360356958374106,1
"20728",1.28115807760445e-19,0.999999180311632,8.1968836823052e-07,2
"20730",9.10461091175023e-14,0.999201038766357,0.000798961233552279,2
"20732",9.02578316149824e-09,0.715725175322505,0.284274815651712,2
"20734",7.07411579565485e-08,0.329066824113218,0.670933105145624,3
"20736",3.35216054517294e-19,0.999999460722741,5.39277258642676e-07,2
"20738",3.02315519286361e-22,0.999999989356996,1.06430042098509e-08,2
"20740",1.63531927256394e-06,0.0607170655666847,0.939281299114043,3
"20742",1.82120081102488e-08,0.657075019404429,0.342924962383563,2
"20744",1.70498680781577e-13,0.99939222694304,0.000607773056789179,2
"20746",6.21627797970326e-11,0.966770604459355,0.0332293954784823,2
"20748",1.28313252951783e-18,0.999998696103651,1.30389634930927e-06,2
"20750",1.24623194769493e-11,0.9911063985142,0.00889360147333744,2
"20752",0.0239432270746698,2.18035972440356e-07,0.976056554889358,3
"20754",8.50798652333674e-19,0.999998266936129,1.73306387090603e-06,2
"20756",6.05892820910331e-10,0.931018833212679,0.0689811661814285,2
"20758",1.85628860314892e-15,0.99994185249539,5.81475046080804e-05,2
"20760",8.4855394558988e-18,0.999995531773094,4.46822690586004e-06,2
"20762",2.63853309535732e-21,0.999999926849618,7.31503820906662e-08,2
"20764",5.15427518069452e-15,0.999908492110339,9.15078896558615e-05,2
"20766",4.77206650310469e-19,0.999999088552304,9.11447696337825e-07,2
"20768",3.74232738597903e-20,0.999999819743527,1.80256473465976e-07,2
"20770",6.40433354897718e-12,0.993190227232661,0.00680977276093465,2
"20772",0.996456180803074,1.3400463841257e-13,0.00354381919679206,1
"20774",0.000306356302346847,0.000437247302028901,0.999256396395624,3
"20776",1.45578662963617e-22,0.999999990879434,9.12056654812758e-09,2
"20778",0.895511857895318,1.73021137655181e-09,0.104488140374471,1
"20780",2.59945092656328e-17,0.99999315199448,6.84800551970282e-06,2
"20782",1.21907369687854e-15,0.999937242561508,6.27574384907041e-05,2
"20784",9.3179643198266e-22,0.999999969654911,3.03450893753457e-08,2
"20786",2.46585993993284e-20,0.999999889946651,1.10053348980181e-07,2
"20788",9.31666325880424e-12,0.984148241499623,0.0158517584910607,2
"20790",6.03247489222418e-15,0.999820999418948,0.000179000581046165,2
"20792",3.2637686328831e-06,0.0966705068852269,0.90332622934614,3
"20794",3.35373337732492e-16,0.999970702111615,2.9297888384538e-05,2
"20796",0.445339786055826,4.44014997473344e-09,0.554660209504024,3
"20798",1.40096844795367e-22,0.999999994047275,5.95272446952039e-09,2
"20801",1.44714147266485e-19,0.999999730610886,2.69389113903317e-07,2
"20803",2.42703575009331e-12,0.989128673750336,0.0108713262472365,2
"20805",3.75655519097924e-09,0.818288306786267,0.181711689457177,2
"20807",2.17347183216905e-22,0.999999993222633,6.7773672758686e-09,2
"20809",4.45143633001841e-11,0.98810242617769,0.0118975737777953,2
"20811",1.72114758016577e-17,0.999997396329148,2.60367085205637e-06,2
"20813",4.09489300283516e-06,0.00750736826395852,0.992488536843039,3
"20815",5.75092866085295e-22,0.999999986150143,1.3849857547145e-08,2
"20817",1.62943611611912e-20,0.999999863763708,1.36236291934789e-07,2
"20819",0.000150735347481949,6.61191162347855e-05,0.999783145536283,3
"20821",6.81917657280931e-11,0.989626662150132,0.0103733377816761,2
"20823",3.93489829679103e-09,0.749292640851862,0.25070735521324,2
"20825",2.27128139247867e-19,0.999999346077712,6.53922287720476e-07,2
"20827",1.44067250574935e-10,0.98452479971871,0.0154752001372225,2
"20829",0.0139733059511511,3.44506647030501e-06,0.986023248982378,3
"20831",6.35660203141541e-13,0.998674235842078,0.00132576415728583,2
"20833",1.99517093248577e-21,0.999999953160503,4.68394972736413e-08,2
"20835",1.01257706110797e-15,0.999939745614145,6.02543858539486e-05,2
"20837",1.91942811652086e-18,0.999997589098438,2.41090156171575e-06,2
"20839",1.1072624126232e-13,0.999192335015657,0.000807664984232141,2
"20841",4.12115802018471e-11,0.984221309836499,0.0157786901222897,2
"20843",7.97487935959061e-11,0.960316727112647,0.0396832728076036,2
"20845",1.31381567198012e-13,0.99916468026972,0.000835319730149031,2
"20847",6.60565480803286e-07,0.0182695970927969,0.981729742341722,3
"20849",6.14562855658507e-12,0.994903199347143,0.00509680064671117,2
"20851",1.21223285049062e-12,0.997821305794017,0.0021786942047713,2
"20853",0.409547188136756,3.90930997287741e-08,0.590452772770145,3
"20855",0.0860296664356981,2.37127523680076e-08,0.913970309851549,3
"20857",5.777981430993e-05,0.000382471720097914,0.999559748465592,3
"20859",0.00241475402928756,7.93105116598892e-06,0.997577314919546,3
"20861",0.508098034025245,6.54611379398227e-08,0.491901900513617,1
"20863",1.16009899706245e-14,0.999858011806095,0.000141988193893887,2
"20865",3.53978141621345e-16,0.999966604790657,3.33952093429411e-05,2
"20867",0.999516839325257,6.74853139547196e-15,0.000483160674736049,1
"20869",1.69324908884139e-16,0.999979826961569,2.01730384308812e-05,2
"20871",0.997365738786938,6.90575963221436e-13,0.00263426121237166,1
"20873",0.990002396568491,3.59064899000221e-12,0.00999760342791885,1
"20875",0.000479681164535866,7.76093018597283e-06,0.999512557905278,3
"20878",2.73257218738977e-16,0.999987729960187,1.22700398125639e-05,2
"20880",9.16656895798421e-21,0.999999897434711,1.02565288966747e-07,2
"20882",2.43922127255062e-08,0.774675516050804,0.225324459556984,2
"20884",2.42410735407827e-21,0.999999949650491,5.03495088288617e-08,2
"20886",2.476830815427e-12,0.997644233426199,0.00235576657132455,2
"20888",8.85859015654108e-15,0.999880567995844,0.00011943200414711,2
"20890",1.48698483941448e-08,0.582461028577718,0.417538956552433,2
"20892",0.000117469146478045,0.000111760763827677,0.999770770089694,3
"20897",0.0109474092115733,3.23519168535301e-06,0.989049355596741,3
"20899",0.000473413680384813,0.000112033422488531,0.999414552897127,3
"20901",0.999589714011784,5.45629262072329e-15,0.00041028598821046,1
"20903",0.190110371405838,2.28282227128409e-06,0.809887345771891,3
"20905",6.72362496946443e-08,0.673689267857792,0.326310664905958,2
"20907",0.507424422450673,1.54879698736378e-09,0.49257557600053,1
"20909",2.04568239301293e-08,0.565647835224997,0.434352144318179,2
"20911",0.99997410395426,3.50557488260532e-17,2.58960457398716e-05,1
"20913",2.40433617669785e-08,0.693080932400395,0.306919043556243,2
"20962",0.000463614684019889,2.801979247439e-05,0.999508365523506,3
"20969",0.793557866448737,8.24731154558322e-09,0.206442125303952,1
"20980",0.973710121166001,9.68799580380941e-13,0.02628987883303,1
"20982",0.359692379131231,9.78055230825779e-10,0.640307619890714,3
"20984",2.1662256016916e-05,0.00154986308918255,0.9984284746548,3
"20994",0.999843989623651,7.26349165673077e-16,0.000156010376348103,1
"21015",5.87161577382537e-10,0.969870801132248,0.0301291982805904,2
"21023",0.999216550471334,6.14134174420286e-15,0.00078344952866007,1
"21040",0.999999993378629,2.89644983985343e-25,6.62137045515461e-09,1
"21073",0.0606706071000217,6.47774049737015e-07,0.939328745125929,3
"21222",3.00212259384584e-10,0.959384274877471,0.0406157248223163,2
"21224",0.00577979487283063,6.87343269749611e-06,0.994213331694472,3
"21228",0.00243326728613101,7.6578343735332e-05,0.997490154370134,3
"21232",0.574537635927773,1.6841720448854e-09,0.425462362388055,1
"21237",2.35890002738868e-09,0.912247622821568,0.0877523748195323,2
"21240",3.24944964021384e-13,0.998900303541557,0.00109969645811816,2
"21245",1.56612766157133e-12,0.997824162891713,0.00217583710672099,2
"21252",1.1531169222576e-05,0.00340515029259136,0.996583318538186,3
"21254",0.971362523926615,8.12076366385352e-12,0.0286374760652643,1
"21258",0.00228769491125876,2.17754628225252e-06,0.997710127542459,3
"21264",4.51221503844606e-11,0.983681695316275,0.0163183046386031,2
"21305",5.53431663402879e-08,0.610067325674213,0.38993261898262,2
"21333",0.731731751429722,2.82085045618759e-10,0.268268248288193,1
"21366",1.32913049858009e-09,0.923438901457286,0.0765610972135833,2
"21377",2.59711477745066e-13,0.999493816006181,0.000506183993559666,2
"21380",2.07482813509108e-05,0.00855966293304507,0.991419588785604,3
"21387",0.000622549888553764,0.000719500739104576,0.998657949372342,3
"21390",0.000995147912177655,6.93128145145305e-05,0.998935539273308,3
"21392",4.06730508594512e-05,0.00017681341591475,0.999782513533226,3
"21403",6.61435438678315e-12,0.994090069787691,0.00590993020569467,2
"21408",0.614580380983376,1.95029871825535e-08,0.385419599513637,1
"21412",0.999965224188506,3.32560738918594e-16,3.47758114940135e-05,1
"21421",0.000102780014156128,0.000130753655369711,0.999766466330474,3
"21424",0.999999970800935,1.66391668862237e-23,2.9199064976686e-08,1
"21429",0.999939046779567,3.92474801874794e-17,6.09532204333419e-05,1
"21431",1.94801063372049e-05,0.000918339309327349,0.999062180584335,3
"21436",5.28226872700117e-14,0.999318444674387,0.00068155532556021,2
"21439",0.875611294573201,1.85503573050851e-10,0.124388705241296,1
"21442",2.1362984773646e-07,0.283198579515785,0.716801206854367,3
"21444",1.99756620439339e-18,0.99999770183258,2.29816741965716e-06,2
"21446",0.00550985325584245,8.90315944922399e-05,0.994401115149665,3
"21448",7.91762358457883e-10,0.978999326670738,0.0210006725375,2
"21450",1.52621941297356e-08,0.744929959482957,0.255070025254848,2
"21452",0.820622984265606,4.33042816295917e-11,0.17937701569109,1
"21466",0.965720201510909,1.23128144773978e-11,0.0342797984767781,1
"21470",0.0158209520807883,1.60752670274466e-07,0.984178887166541,3
"21472",0.00057424301728301,9.7914501749956e-06,0.999415965532542,3
"21474",0.987295266397736,8.18097196136359e-12,0.0127047335940828,1
"21477",0.447304501271788,4.31325605872826e-08,0.552695455595651,3
"21480",0.999999999985555,1.46368485845526e-30,1.44446727755954e-11,1
"21483",2.02660547645347e-19,0.999999442984481,5.57015519344492e-07,2
"21491",0.841656032427763,1.69240564849081e-09,0.158343965879831,1
"21494",0.99997293630927,7.43802693513257e-17,2.70636907297567e-05,1
"21499",8.62921229722518e-05,0.00139742626262986,0.998516281614398,3
"21501",0.991277973833639,1.90621363198192e-12,0.00872202616445472,1
"21506",0.00164693584439624,3.84485986059576e-06,0.998349219295743,3
"21511",0.999980394695126,3.7177031791378e-18,1.96053048739024e-05,1
"21513",0.988435842358023,2.39274281092135e-12,0.0115641576395845,1
"21521",1.15310833148204e-05,0.00145487399344775,0.998533594923237,3
"21523",3.21375267364349e-08,0.468371488636145,0.531628479226328,3
"21525",4.20018423647e-16,0.99994734245029,5.2657549709618e-05,2
"21531",0.0457063756875833,1.17575220492845e-06,0.954292448560212,3
"21536",0.000122882898537248,0.00044649954088523,0.999430617560577,3
"21544",0.939281607097214,4.33193089809157e-11,0.0607183928594669,1
"21547",0.999999579892947,3.4360588847257e-22,4.20107053012555e-07,1
"21551",0.999937137633869,1.02363582411084e-16,6.28623661314437e-05,1
"21556",0.989619179268158,5.16445278416056e-12,0.0103808207266773,1
"21559",0.0179719975751413,1.27256095761872e-06,0.982026729863901,3
"21563",0.999955819260706,6.6599883103718e-17,4.41807392938783e-05,1
"21565",0.999386485071531,4.5881667054175e-15,0.000613514928464321,1
"21568",0.00158059800811206,5.9679475108509e-06,0.998413434044377,3
"21572",0.999059229805933,1.18305980577601e-14,0.000940770194054801,1
"21575",0.000329961340649096,0.000425579466578431,0.999244459192772,3
"21577",1.87960188210732e-18,0.999998498257365,1.50174263514112e-06,2
"21579",7.66256068947681e-06,0.00211516986140412,0.997877167577906,3
"21581",7.01060955917571e-22,0.999999990421114,9.57888579111825e-09,2
"21584",9.7384002220526e-18,0.999995105710225,4.89428977467265e-06,2
"21586",7.94314979236032e-12,0.992491458396989,0.00750854159506749,2
"21588",4.13591626892649e-07,0.221300920471119,0.778698665937254,3
"21590",1.67015394386506e-07,0.290089516628155,0.709910316356451,3
"21594",3.43866139655319e-20,0.999999867489079,1.32510921082461e-07,2
"21596",1.11756785865393e-15,0.9999403294975,5.96705024990558e-05,2
"21598",1.415115403541e-06,0.1110134409015,0.888985143983096,3
"21600",3.65118270808068e-17,0.999968391953535,3.16080464647732e-05,2
"21602",2.60708584545617e-08,0.53768230807171,0.462317665857432,2
"21604",0.00461182356601904,3.76525468140394e-06,0.9953844111793,3
"21606",4.37303400637548e-16,0.999982417289108,1.75827108918703e-05,2
"21608",5.93320433956603e-08,0.503362796946296,0.496637143721661,2
"21611",1.53274611153546e-07,0.425800108755757,0.574199737969632,3
"21613",3.99228548916251e-06,0.00399552567601456,0.996000482038496,3
"21615",1.01357861090407e-09,0.907049855631849,0.0929501433545721,2
"21617",3.69891684874492e-16,0.999973609775036,2.63902249635938e-05,2
"21619",9.69216012414155e-12,0.987942635707292,0.0120573642830163,2
"21621",3.40383821866131e-14,0.999606127354517,0.000393872645448511,2
"21623",3.83271934447413e-10,0.910577072788002,0.0894229268287256,2
"21625",9.17223682466351e-20,0.999999830732897,1.69267102522797e-07,2
"21627",0.126471566522588,2.24578241561439e-07,0.87352820889917,3
"21629",2.7464260629963e-21,0.999999937245644,6.27543564143615e-08,2
"21631",7.29121534907655e-15,0.999921077122313,7.8922877679595e-05,2
"21633",1.6455534864146e-09,0.944193557007845,0.055806441346601,2
"21635",4.60076354812929e-06,0.0134920539256004,0.986503345310852,3
"21637",0.746998810988161,6.87377436849347e-09,0.253001182138065,1
"21639",1.12529851232981e-05,0.00368143260490716,0.996307314409969,3
"21641",1.94643383002854e-15,0.9999014770235,9.85229764984107e-05,2
"21643",5.20557437508167e-05,0.00144195174218727,0.998505992514062,3
"21645",3.73224068684916e-22,0.999999984859748,1.51402521820646e-08,2
"21648",8.19078916374873e-12,0.993194254323961,0.00680574566784826,2
"21650",0.0410795677156915,1.77486030207024e-06,0.958918657424007,3
"21652",9.53720138370209e-09,0.578189674847951,0.421810315614847,2
"21654",0.925686711204364,8.15666777780165e-10,0.074313287979969,1
"21656",9.61046723991688e-17,0.999984826673237,1.51733267629733e-05,2
"21658",5.05677946808479e-21,0.999999959784761,4.02152385603312e-08,2
"21660",5.37979953302635e-12,0.999063209060108,0.000936790934512577,2
"21662",0.143771496379704,1.07428583574446e-06,0.85622742933446,3
"21664",2.79562633084689e-20,0.999999809729734,1.90270266189459e-07,2
"21666",1.14779938207031e-07,0.60923611905634,0.390763766163722,2
"21668",4.67542759752033e-16,0.999924768971745,7.52310282547401e-05,2
"21671",0.0697793598963154,7.83151877619148e-08,0.930220561788497,3
"21673",1.80186436469587e-16,0.999979818944345,2.01810556544512e-05,2
"21675",2.54286960748849e-14,0.999562603448013,0.000437396551962059,2
"21677",0.999997823393315,8.81452559785822e-21,2.17660668458676e-06,1
"21679",1.34410938774301e-17,0.999992663020416,7.33697958422539e-06,2
"21681",7.91965268830879e-07,0.0536728766468707,0.94632633138786,3
"21686",0.999999669095363,1.53182781676349e-21,3.3090463721475e-07,1
"21689",0.0350922263117597,8.24159092652618e-07,0.964906949529148,3
"21706",7.5971424716921e-05,0.000160705213712715,0.99976332336157,3
"21708",0.664285136333307,1.29156884774834e-09,0.335714862375124,1
"21711",2.96213411249649e-09,0.729063600273392,0.270936396764474,2
"21716",0.997658830323027,2.30385530243085e-13,0.00234116967674271,1
"21719",0.00248206856483661,4.67152412629748e-06,0.997513259911037,3
"21722",1.69738857941482e-07,0.0868220854181269,0.913177744843015,3
"21725",6.83029854029465e-09,0.731984968733739,0.268015024435962,2
"21728",0.569462425820894,4.59741175245757e-09,0.430537569581694,1
"21732",0.000239541267860208,0.000107679916788918,0.999652778815351,3
"21734",0.842560672739747,9.38993570472675e-10,0.15743932632126,1
"21737",4.29417085145979e-18,0.999995199288183,4.80071181667912e-06,2
"21740",0.999958164322174,1.61280133680052e-16,4.18356778253849e-05,1
"21742",0.999381877346532,1.48689433681301e-13,0.000618122653319641,1
"21745",1.09267864772811e-07,0.293381914114854,0.706617976617281,3
"21747",3.29033855238738e-06,0.0680896730915298,0.931907036569918,3
"21749",3.74414862753179e-16,0.999971456732876,2.85432671239054e-05,2
"21751",0.937061707872582,6.50747516174524e-11,0.0629382920623435,1
"21753",0.960282033695185,1.63910039192607e-10,0.0397179661409047,1
"21756",0.860133239981719,4.37589208579592e-10,0.139866759580692,1
"21759",1.84104162078056e-14,0.999762700192417,0.000237299807564276,2
"21761",0.906483733071711,1.33361968856707e-10,0.0935162667949267,1
"21763",1.02367314679453e-12,0.998234032927541,0.00176596707143579,2
"21765",0.993720780924016,1.93035906014953e-12,0.00627921907405347,1
"21767",3.6779782722813e-07,0.150516133617414,0.849483498584759,3
"21769",0.999820427259297,9.3915684842871e-16,0.00017957274070229,1
"21771",0.0673661232004947,3.19436172287361e-07,0.932633557363333,3
"21774",1.21346849737818e-08,0.688985789746929,0.311014198118386,2
"21776",0.0336472310031537,1.05116146254036e-06,0.966351717835384,3
"21778",0.990801120489805,3.14103489083751e-12,0.00919887950705442,1
"21780",2.64974908857052e-13,0.999529414362637,0.000470585637098119,2
"21783",2.12410875276995e-06,0.0155523421882607,0.984445533702987,3
"21785",2.03713102042968e-06,0.00506785584934575,0.994930107019634,3
"21788",0.197484575785747,2.30350780894475e-08,0.802515401179175,3
"21790",0.99998740985604,5.00163162190995e-18,1.25901439601067e-05,1
"21793",5.39362739739431e-08,0.337862627869399,0.662137318194327,3
"21796",0.998289129235234,3.94911434503016e-14,0.00171087076472697,1
"21798",0.792298088498222,9.82645806180494e-09,0.20770190167532,1
"21801",0.94255222751097,7.98812566364085e-11,0.0574477724091488,1
"21803",0.996048171342284,6.8459286891927e-14,0.00395182865764788,1
"21805",0.988062310014329,3.37085494360351e-11,0.0119376899519627,1
"21807",0.00142906538332445,0.000169089453320856,0.998401845163355,3
"21810",0.00589285539259461,3.94525997629673e-07,0.994106750081408,3
"21812",0.989623500621996,7.68343593499842e-12,0.0103764993703209,1
"21816",0.0504043723353049,9.02530200023949e-08,0.949595537411675,3
"21819",0.992603734378311,7.60553941363822e-12,0.00739626561408351,1
"21821",1.15221903044819e-06,0.231411373468468,0.768587474312502,3
"21823",7.65353990954999e-13,0.99905961448151,0.000940385517724292,2
"21825",0.000841815776132202,4.06757372950974e-05,0.999117508486573,3
"21827",0.000275315594775727,0.000765596115508372,0.998959088289716,3
"21829",0.976929372232663,8.07566169778579e-12,0.0230706277592611,1
"21832",2.3167356741815e-10,0.9889227352414,0.0110772645269263,2
"21834",0.000236302881318295,2.50667998552346e-05,0.999738630318827,3
