"","V1","V2","V3","V4","result$classification"
"19811",1.04729997367548e-06,0.997290646671063,7.05603368201443e-05,0.00263774569214351,2
"19813",2.12900694159517e-05,0.99413921661839,0.00383381185720913,0.00200568145498469,2
"19815",0.00179709232820218,0.993497856759388,0.00459283285635212,0.000112218056057278,2
"19817",7.4048005950916e-05,0.9963570919967,0.000596591647605931,0.00297226834974343,2
"19819",0.131133799272451,8.90837521346947e-05,0.86877423720913,2.87976628480467e-06,3
"19821",2.13729808877139e-06,0.94003241682519,0.00222154238377416,0.0577439034929475,2
"19823",0.112926237126933,0.883374631211279,0.00203506545879812,0.00166406620298915,2
"19825",0.00111405187651042,0.0105384091905999,0.158231020216816,0.830116518716073,4
"19827",0.000438796161812006,0.306031947935932,0.00155848891214077,0.691970766990116,4
"19829",0.000216630826284634,0.00363267991382043,0.981798839718316,0.0143518495415792,3
"19831",0.104122135164751,0.00105094782828719,0.894821680287555,5.23671940666684e-06,3
"19833",0.999820270283306,2.32746387719512e-05,9.72376497211929e-05,5.92174282010915e-05,1
"19835",2.13729808877139e-06,0.94003241682519,0.00222154238377416,0.0577439034929475,2
"19837",7.26751616690911e-05,0.871441461990415,0.00425233882753459,0.124233524020381,2
"19839",8.33883727710037e-05,0.0145731523086154,0.934128770345435,0.0512146889731788,3
"19841",2.33456634584168e-07,7.17423185931159e-05,5.6220134979127e-05,0.999871804089793,4
"19843",0.000211687054200605,0.00107603443215314,0.998711434182121,8.4433152535985e-07,3
"19845",2.52239959007695e-06,0.999365568454751,4.17523166000314e-05,0.00059015682905843,2
"19847",0.000118175553877491,0.994681015810322,0.00512826733701832,7.25412987825471e-05,2
"19849",6.01482108882527e-06,0.996536155298856,0.00037517236578895,0.00308265751426601,2
"19851",7.01449269852779e-05,0.999449969269324,0.000178278473973177,0.000301607329717517,2
"19853",0.000186093170377276,0.997697920900344,3.87136120566837e-06,0.00211211456807285,2
"19855",1.88803893497203e-05,0.986941987913431,2.36996558957678e-05,0.0130154320413239,2
"19857",6.31568358066842e-06,0.956910120266269,0.0111906969488283,0.0318928671013221,2
"19859",0.00042663664964401,0.960298036622559,0.00386231243952749,0.0354130142882697,2
"19861",2.77149733855726e-06,0.99971530916688,5.67675045222338e-05,0.000225151831258991,2
"19863",6.18145005146225e-07,0.0217222753505441,2.89930110942091e-05,0.978248113493357,4
"19865",4.07747434197125e-07,0.00345252039975822,1.97094954448916e-05,0.996527362357363,4
"19867",4.27876145749629e-05,0.999008897074039,0.000928152364191317,2.01629471949399e-05,2
"19869",6.18556428570407e-07,0.9873893721915,2.60167483994516e-05,0.0125839925036723,2
"19871",0.0005638122971283,0.861650375445137,0.0121801424266662,0.125605669831069,2
"19874",4.48123073383101e-05,0.158108740719095,8.34865682452723e-05,0.841762960405321,4
"19876",1.74341980753163e-06,0.523682606892967,1.65546885314823e-05,0.476299094998695,2
"19878",0.0209378777403029,0.31900915887988,0.659078223605771,0.000974739774045571,3
"19880",7.81805317431756e-08,0.00201101603813107,7.83340669167778e-07,0.997988122440668,4
"19882",8.74323099300378e-06,0.996658967835431,5.37485980459114e-05,0.0032785403355298,2
"19885",4.40950677529914e-05,0.982638487335061,0.0147458212237642,0.00257159637342162,2
"19907",1.14957563995049e-05,0.99957460374367,0.000325246959358145,8.86535405719133e-05,2
"19909",8.39688103763755e-05,0.0274392904391845,0.972407642495583,6.90982548566298e-05,3
"19911",0.00161858705136143,0.0312500996582449,0.929099507336414,0.0380318059539801,3
"19913",4.63741837973337e-07,6.28822942536429e-05,3.18672571684189e-06,0.999933467238192,4
"19915",4.22988240721374e-05,0.373476712904857,0.000107012666430243,0.62637397560464,4
"19917",7.23708424948113e-06,0.0151928856049623,0.000191310649853038,0.984608566660935,4
"19919",0.00025093798739953,0.726293192941675,0.00161110297796156,0.271844766092964,2
"19921",2.70574058691719e-05,0.999435444186222,0.0004682445370755,6.92538708332074e-05,2
"19923",0.0344670135142034,0.900159915263652,0.0653513522513493,2.17189707948969e-05,2
"19925",1.29807798709515e-05,0.048982795643727,7.13937361967359e-05,0.950932829840205,4
"19927",3.77808215151392e-05,0.99848977220047,0.000213520284555635,0.00125892669345943,2
"19929",2.75797811753157e-08,0.00159664959262573,1.97455860576164e-06,0.998401348268987,4
"19931",0.000378017702329272,0.99141017501532,0.00313786297888651,0.00507394430346414,2
"19933",0.0019811339845382,0.1918294148099,0.802405872115917,0.00378357908964404,3
"19935",2.62549573584517e-05,0.905959304586551,0.0897006138612894,0.00431382659480085,2
"19937",0.000723194340475362,0.998142939636031,0.000984839482783248,0.000149026540710352,2
"19939",0.000422409321448581,0.992424119764748,0.0024625098783987,0.00469096103540447,2
"19941",0.000134241968876002,0.014053347902829,0.877419137624189,0.108393272504106,3
"19943",3.22525907943094e-06,0.00122551693762098,7.91542351061048e-06,0.998763342379789,4
"19945",0.00373119113726598,0.0755591516416651,0.920535051608718,0.000174605612351357,3
"19947",0.000289635054172022,0.0376378235416618,0.118133412430775,0.843939128973391,4
"19949",0.044684974037264,0.623934233879274,0.331326162449301,5.46296341614632e-05,2
"19951",0.000159897086748688,0.271036459981774,0.00424901293835935,0.724554629993118,4
"19953",0.783685495876447,0.00297173034034888,0.213342158038344,6.1574486048874e-07,1
"19955",0.0518491560010077,0.0117097412086801,0.93642670280784,1.43999824725427e-05,3
"19957",0.00291063014459894,0.0927427147223902,0.00260186115882386,0.901744793974187,4
"19960",0.000207263483198512,0.00519512246804682,0.993787766386991,0.000809847661763283,3
"19963",0.0656737614787961,0.00106590678906648,0.000883245526206391,0.932377086205931,4
"19965",0.000699649596447626,0.00170890399577793,0.997591155849214,2.90558560647806e-07,3
"19968",7.81039562272743e-08,0.0394949469502804,0.00251786700426093,0.957987107941503,4
"19971",0.00772144826173177,9.75011318529609e-05,0.00342792478724215,0.988753125819173,4
"19973",5.68985107809613e-06,0.98333652837284,0.000497367837470569,0.0161604139386116,2
"19975",4.3134662527246e-07,0.0306960645407772,0.000131516300561645,0.969171987812036,4
"19977",0.000288272227809819,0.00329689436013697,0.000332580429487611,0.996082252982566,4
"19979",0.000461565529784369,7.08843455623536e-06,0.999527224968453,4.12106720666046e-06,3
"19981",4.98544985617356e-05,0.977339824313855,0.0206593030548828,0.00195101813270072,2
"19983",0.000256350168898173,0.969700624446808,0.029904087928669,0.00013893745562506,2
"19985",2.62364350006404e-06,0.150859952624341,1.91651120374463e-05,0.849118258620122,4
"19987",0.000419691527294834,0.760021602859705,0.10714074603704,0.132417959575959,2
"19989",0.00455951345141647,8.61011960416893e-05,0.99535433117866,5.41738816393276e-08,3
"19993",0.00337540748830299,0.415478305109241,0.537222241309232,0.0439240460932241,3
"19995",0.000769917178387534,0.175760978524827,0.812542543154582,0.0109265611422034,3
"19997",2.03636637749269e-05,0.972320515318005,0.000183380230863577,0.0274757407873565,2
"19999",1.41334275329492e-06,0.892156319978517,2.73051726580289e-05,0.107814961506071,2
"20002",7.37561351793087e-06,0.00362832648672635,0.00065378467372207,0.995710513226034,4
"20004",0.00012760362883597,0.141464576652633,0.83909957064566,0.0193082490728709,3
"20006",0.00636468301931373,0.0516141364468788,0.93962917919441,0.0023920013393974,3
"20008",0.0270109575300367,0.0672017829793027,0.904809279410277,0.000977980080384005,3
"20010",0.0513255860365499,0.0249763633789146,0.923681418964104,1.66316204314053e-05,3
"20012",1.81915686718851e-06,0.223060613020386,0.000149430852797624,0.776788136969949,4
"20015",1.40751965635092e-05,0.000123601786745611,0.999861966025027,3.56991663854695e-07,3
"20017",1.79690864578872e-06,0.950082180231254,7.61342773246966e-05,0.049839888582776,2
"20019",0.00334827218014465,2.29317880466843e-06,0.996649387662451,4.69785993189066e-08,3
"20022",0.0024866676663264,0.00560900461618605,0.991896964351991,7.36336549681522e-06,3
"20024",0.420994910513434,8.01436866662811e-05,0.57892440248322,5.43316679546912e-07,3
"20026",0.420994910513434,8.01436866662811e-05,0.57892440248322,5.43316679546912e-07,3
"20028",7.20164596790834e-06,0.717121611699217,4.28496980617556e-05,0.282828336956753,2
"20030",1.88213554906324e-05,0.000383278840119854,0.999199732732247,0.000398167072142363,3
"20033",3.20704479427856e-05,0.589956727519699,0.00357385488932558,0.406437347143032,2
"20035",0.00493427164460331,6.02593502734747e-06,0.995059645623609,5.67967602122516e-08,3
"20037",0.000670611733034396,1.38622086241904e-05,0.999315522198016,3.86032586551587e-09,3
"20039",0.999136226800438,1.73701881427416e-06,0.000862034755631566,1.42511556183489e-09,1
"20041",0.077001556572238,0.609147746866492,0.311842624168775,0.00200807239249485,2
"20044",0.104950100200069,0.46062720063248,0.418520077668361,0.0159026214990896,2
"20047",0.00711688110468924,7.96595629318961e-07,0.992881886092391,4.36207290452558e-07,3
"20050",0.82583989182918,0.00808071852659608,0.166003991783962,7.53978602615487e-05,1
"20052",0.00597574512962015,0.851306808680467,0.0580984053873658,0.0846190408025471,2
"20054",6.29507729655099e-06,0.00138614323466792,0.998578005203317,2.95564847186661e-05,3
"20056",1.41802852533556e-05,0.0021080186151384,0.000458994537189006,0.997418806562419,4
"20058",0.00156865055303949,0.000108644840624838,0.998322686946152,1.76601831857161e-08,3
"20060",9.54950886242327e-05,0.996017155539767,0.00231426265534699,0.001573086716262,2
"20062",0.000144592720443068,0.984219307744403,0.0150729904414636,0.000563109093690321,2
"20064",0.000224936016973788,0.0204093343767584,0.978684819423705,0.000680910182562842,3
"20066",4.33111716802211e-05,3.95602977820801e-05,0.999869515911171,4.76126193667678e-05,3
"20068",9.59388458656994e-06,0.999593533032121,0.000151032099028719,0.000245840984263278,2
"20070",0.00092296232797102,0.998545846266647,0.000347226821212159,0.000183964584169828,2
"20072",9.17049577013558e-05,0.00483345730295051,0.995074392929608,4.44809740561675e-07,3
"20074",5.70227304295118e-08,0.000225861012083465,5.85731837033116e-07,0.999773496233349,4
"20076",1.00844917246763e-06,0.118271491991132,0.0150857643485667,0.866641735211129,4
"20078",0.00436889312040857,0.0354997580567214,0.959712342874983,0.000419005947886787,3
"20080",0.00157614721650099,8.97019568225831e-06,0.998414741991742,1.40596074984042e-07,3
"20082",0.987092125701109,2.31708171004473e-05,0.0128842274127354,4.76069055372998e-07,1
"20084",0.0164316242428373,0.00916520921914797,0.93659848548029,0.0378046810577254,3
"20087",0.00139342209416115,0.0567696442220102,0.941831557538889,5.37614493942467e-06,3
"20090",0.0318820065744335,7.93835647715101e-05,0.968037984566088,6.25294706484763e-07,3
"20092",0.740773697591247,0.224122873435771,0.0351019488538277,1.48011915354004e-06,1
"20096",0.547895527085839,0.418783611535059,0.0188118593442995,0.0145090020348029,1
"20098",8.24814075228316e-05,0.583848287488419,0.00134011850738777,0.414729112596671,2
"20101",0.0022058735966947,0.000148014772390526,0.997402361347054,0.000243750283860787,3
"20104",0.0595543107791454,0.935254613562284,0.000325391457365418,0.00486568420120511,2
"20106",0.000184040677397398,0.000936498277403478,0.998755683722953,0.000123777322246389,3
"20108",1.03273209700191e-05,0.937777928120114,0.00146730930505013,0.0607444352538664,2
"20110",0.512197262333701,0.310251589540402,0.0189303756439308,0.158620772481965,1
"20112",0.0259584591259491,0.0145719922640907,0.959390934964694,7.86136452667842e-05,3
"20114",0.00285106347794441,0.0403872399698237,0.836910116014354,0.119851580537877,3
"20116",2.60219037945546e-05,0.00892931831025433,0.954702772608447,0.0363418871775036,3
"20118",0.00129362375357454,0.639860635200147,0.162387550310435,0.196458190735843,2
"20120",0.0345293570464413,0.00363597172774603,0.960654005550759,0.00118066567505404,3
"20122",2.40655656836166e-07,0.0021172837206585,2.21458663786994e-05,0.997860329757306,4
"20124",0.0030559566015475,9.20494186460918e-05,0.996851962708715,3.12710913006402e-08,3
"20126",0.982433520799477,2.33216603357575e-05,0.0175417449095639,1.41263062390309e-06,1
"20128",0.674468518315704,7.4729604139826e-07,0.325530715141862,1.92463923048912e-08,1
"20141",0.0497059166647398,0.769934742211743,0.000407538113684552,0.179951803009832,2
"20143",7.58989778346601e-08,8.47520472447876e-05,6.51748542274997e-07,0.999914520305235,4
"20145",0.00687538790786463,0.00576135993506954,0.987341512149081,2.17400079848314e-05,3
"20147",0.000284271871491127,0.00185082314676407,0.997844303576025,2.06014057198588e-05,3
"20149",5.21062605913726e-07,0.00196134297029619,3.73382069590491e-06,0.998034402146402,4
"20151",4.63111099855616e-05,0.796762676007421,0.0017824034037527,0.201408609478841,2
"20153",0.0342262223963192,0.20256328799082,0.00605729637114379,0.757153193241717,4
"20155",0.000411534568792263,0.000537828981174427,0.999048770312125,1.86613790840219e-06,3
"20157",7.02498661874333e-05,0.255585021100629,0.000556677363243083,0.743788051669941,4
"20160",1.82433636703608e-07,0.000107720272501109,1.41282435043501e-06,0.999890684469512,4
"20162",1.89053417277269e-07,0.0041357903119464,1.50357771089841e-06,0.995862517056925,4
"20164",0.000130194386163321,0.0536081591991949,0.000424343608493966,0.945837302806148,4
"20166",2.08308805521129e-05,0.000466800968733142,0.996929458775472,0.00258290937524259,3
"20168",0.000189946505672385,0.053975735722987,0.569167965987975,0.376666351783365,3
"20170",0.000258687914491247,0.470059427249767,0.0010557062846429,0.528626178551099,4
"20172",0.00192787478519461,0.00412408079507315,0.99394768230229,3.62117441799792e-07,3
"20174",3.01210774071472e-07,0.642578121399267,2.2218623257906e-05,0.357399358766701,2
"20176",8.15055566465043e-05,0.77616544565149,0.195942238639396,0.0278108101524667,2
"20178",3.7172086733955e-07,6.7658888869251e-05,1.71575893272444e-06,0.999930253631331,4
"20181",2.67400905344334e-05,0.000292261301510995,0.992436477946008,0.00724452066194668,3
"20183",0.00257469475178448,0.988004797857724,0.00934236939572109,7.8137994770606e-05,2
"20186",0.00367173779731525,0.978493117511072,0.0178333416592708,1.8030323416598e-06,2
"20188",4.10546795108402e-07,0.000485872167747305,1.59605203910877e-06,0.999512121233418,4
"20190",4.93916359547182e-05,0.000107059056619871,0.999841634284751,1.91502267387346e-06,3
"20193",6.64101731953454e-06,0.00165368396088392,0.00379209953652234,0.994547575485274,4
"20195",0.000134124817602916,0.153907032931563,0.00470633539619358,0.84125250685464,4
"20197",0.000861944293908628,0.00326811828025796,0.995869359845444,5.77580389673113e-07,3
"20199",3.55407608141375e-05,0.0517979610252917,2.74354423811676e-05,0.948139062771513,4
"20205",0.999342010683862,5.16622196582041e-05,0.000606286640012931,4.04564667099082e-08,1
"20208",6.42539689808617e-05,0.952532008524343,0.00595165540767387,0.041452082099002,2
"20210",8.19487911193524e-07,0.0108274633870983,5.32997527267586e-06,0.989166387149718,4
"20212",2.73964813249705e-05,0.0960690347204318,0.000477669606869203,0.903425899191374,4
"20216",0.00014268127991143,0.00285420825628545,0.996814989631339,0.000188120832464245,3
"20219",0.574117137681539,0.00572638248217134,0.42001228609151,0.000144193744779643,1
"20223",0.000534351635935424,0.000167455579776925,0.999298170183355,2.26009324186145e-08,3
"20226",0.0200600725572692,0.834649201913995,0.139971312161382,0.00531941336735377,2
"20230",0.000186679114053127,5.03366275119294e-05,0.99976266070326,3.23555174879543e-07,3
"20233",0.995804874745031,0.00409582073119557,1.28753427769276e-05,8.64291809966525e-05,1
"20235",0.0392625271046593,0.00195274473875192,0.958784645456033,8.27005560357874e-08,3
"20239",0.00138931772678943,0.0472670555085137,0.951332519223792,1.11075409046092e-05,3
"20254",0.986473095836132,5.55829228967397e-06,0.0135213059799213,3.98916570142957e-08,1
"20256",0.000467700974673584,0.000257992954501891,0.999274243370691,6.27001332434465e-08,3
"20262",2.22186393017569e-05,0.195770714474986,0.000384644777276341,0.803822422108436,4
"20270",6.90930218774705e-05,0.0409173311137349,0.946554350897039,0.012459224967349,3
"20284",0.519739591152464,0.455548847901555,0.0245902230474999,0.000121337898480777,1
"20287",0.00027555320187653,8.04482067410069e-06,0.999716389782061,1.21953883451751e-08,3
"20290",0.993423072516755,0.00188078778779974,0.00464283277365929,5.33069217861153e-05,1
"20293",0.00345224148402133,0.0464969529879088,0.949996640421963,5.41651061069734e-05,3
"20296",6.58750890397002e-07,0.299280223979112,0.00996898390214111,0.690750133367856,4
"20301",0.000917216491663588,3.92463857690182e-06,0.999051133230636,2.77256391230972e-05,3
"20304",0.983977539766159,5.44732649984862e-05,0.0159671344416952,8.52527147284311e-07,1
"20306",0.00295277974045221,9.10195391740825e-05,0.996956182009189,1.87111851523603e-08,3
"20309",0.0103654519229697,0.281781584749481,0.707333250295831,0.000519713031717485,3
"20311",0.00163342905017,0.00686361732816486,0.990582905931432,0.0009200476902331,3
"20314",0.000470323908817608,0.900271727493787,0.0124114730775406,0.0868464755198544,2
"20318",6.51156619105518e-07,0.000237447641977039,5.66114698344543e-05,0.999705289731569,4
"20320",0.0136579597686155,0.973938655304779,0.00578748144938124,0.0066159034772242,2
"20326",0.000886631546223968,0.808963187762404,0.0149024569908092,0.175247723700563,2
"20328",0.00579019137969749,0.990892847531226,0.00324213035271079,7.48307363654687e-05,2
"20330",0.0390430317402399,0.00830723479619684,0.952637134046574,1.25994169895724e-05,3
"20336",0.945541356211389,0.0264903106455071,0.0279631446146445,5.18852845874977e-06,1
"20338",0.962848386118839,0.00157133770318031,0.0353580722952907,0.000222203882689614,1
"20340",0.000753321366234935,2.42562803112799e-05,0.999222224235064,1.98118390067762e-07,3
"20342",0.997326092386156,0.000808923349844324,0.00135002240197952,0.000514961862020773,1
"20344",0.00106072365211562,0.00314583571937512,0.995790652827144,2.7878013654062e-06,3
"20349",0.000284599333973858,0.000158210008648599,0.999557138594704,5.2062673079896e-08,3
"20351",0.0196674681497284,0.0444971107767581,0.934646894736966,0.00118852633654739,3
"20353",0.0963977741486474,0.00192797212008884,0.901673780366421,4.73364842259149e-07,3
"20357",0.997043652777605,3.91094781700774e-05,0.00291723386154209,3.88268241446058e-09,1
"20360",0.962774607213326,0.00360033639993786,0.033615300250909,9.75613582678003e-06,1
"20364",0.0070453767923875,0.0382874830412881,0.954626825839602,4.03143267225866e-05,3
"20366",0.989726151863903,0.00703097663138428,0.00320188162087502,4.09898838378264e-05,1
"20381",1.60251221724464e-05,0.290410352736493,8.9040337217973e-05,0.709484581804117,4
"20391",0.0429124688462418,0.544645197872952,0.412441169573898,1.16370690800409e-06,2
"20394",1.14531386303175e-05,0.997457579974554,0.000319883056825989,0.00221108382999009,2
"20396",3.4232230560203e-07,0.930531251131978,8.24642941239412e-06,0.0694601601163042,2
"20409",0.00187798056860239,0.117799980599131,0.634697511200419,0.245624527631848,3
"20411",0.107433952733205,0.000852003333355456,0.891714018681421,2.52520184383173e-08,3
"20416",0.9170413156778,8.63039389322924e-07,0.0829578205867188,6.96091515372977e-10,1
"20418",2.14949861644982e-07,0.671681006281949,8.41805823336058e-06,0.328310360709956,2
"20420",0.973824282988475,0.0255028360044267,0.000110740997582968,0.000562140009515215,1
"20422",0.000853005209831341,0.000988972490788273,0.998058759751368,9.92625480121909e-05,3
"20424",0.0508512000900093,0.00061955916139629,0.948529182481579,5.82670149205882e-08,3
"20426",0.999760559317895,2.19619075990584e-05,2.68824283679445e-05,0.000190596346138011,1
"20428",6.84894951917792e-05,0.153716489644905,0.846149393854292,6.56270056115776e-05,3
"20431",0.0267684941203356,0.690546159947901,0.0979234169650085,0.184761928966755,2
"20433",4.48708484536329e-05,5.80382557886754e-05,0.99989692467742,1.66218337527341e-07,3
"20436",7.15802361225623e-05,0.0815391587605898,0.913037480884453,0.00535178011883491,3
"20439",2.58506790283557e-07,0.633501954598658,1.41072250117888e-05,0.36648367966954,2
"20441",0.997403918345518,0.000176583599414183,0.00241879341194134,7.04643126621663e-07,1
"20444",1.21215042859563e-07,0.00031221717073149,8.517553835974e-07,0.999686809858842,4
"20448",0.00340592377744416,0.586513622466947,0.0247932095122649,0.385287244243344,2
"20536",3.53906364701012e-06,0.999390248930883,0.000496225645120759,0.000109986360349355,2
"20538",0.57332092622695,0.0924654563302043,0.334194684899603,1.89325432426407e-05,1
"20541",0.059899599350731,2.28533867045246e-05,0.940077510485452,3.67771126970595e-08,3
"20544",0.0027422249568515,0.597635360893788,0.385913535850416,0.013708878298944,2
"20546",0.00910668342856776,0.00211474419660851,0.988778473316697,9.90581264031658e-08,3
"20550",0.0503915376516083,0.453070748477158,0.489564867944898,0.00697284592633538,3
"20553",0.935496504649908,1.76877696590787e-07,0.0645018125886255,1.50588376990666e-06,1
"20555",0.995734991465033,0.00422788042749578,3.63305547773693e-05,7.97552693552024e-07,1
"20557",0.409616237873756,0.286886885250829,0.298258768880557,0.00523810799485737,1
"20559",0.000143497370259064,0.000477571911296062,0.999371851931366,7.07878707925946e-06,3
"20561",0.000242828120058901,0.501594138139755,0.00373093230332771,0.494432101436859,2
"20564",3.7172086733955e-07,6.7658888869251e-05,1.71575893272444e-06,0.999930253631331,4
"20566",3.77029373944365e-05,0.133242360534049,0.866403633979538,0.000316302549018665,3
"20569",2.13990018913094e-06,0.722940521394289,7.45002911789177e-05,0.276982838414343,2
"20572",1.95164128211506e-07,0.0528860301637038,2.39719753529717e-05,0.947089802696815,4
"20574",0.00332568817799172,0.000280809117299228,0.996383994844099,9.50786060990505e-06,3
"20576",9.22580089690064e-07,0.000328422551411214,9.63538344184096e-06,0.999661019485057,4
"20578",0.00163244346082555,0.128322468828956,0.861557206182086,0.00848788152813311,3
"20580",0.00016146977391341,0.176369634267784,0.823175712825658,0.000293183132644309,3
"20583",7.39270924086528e-07,0.000194030667855935,7.27350512622479e-06,0.999797956556094,4
"20586",0.00297709181508502,0.0897753286403326,0.907228162446122,1.94170984599507e-05,3
"20589",0.000334524697835406,0.000165498106000456,0.999499965313869,1.18822948252533e-08,3
"20591",0.244672901168136,0.746237489406783,0.00904039358733044,4.92158377505757e-05,2
"20593",0.000137079564500725,1.74183987474082e-06,0.99986107810094,1.00494684224033e-07,3
"20595",0.000571842740594582,0.00364513200881247,0.995637363291083,0.000145661959509638,3
"20597",1.54664814766506e-06,0.994322433709835,6.64848511291221e-05,0.00560953479088837,2
"20599",1.85977187956879e-07,9.10954226885606e-05,1.96595554891314e-06,0.999906752644575,4
"20601",0.000214219555995479,0.997586492958734,0.00114471847907073,0.00105456900620026,2
"20604",0.000136615619387987,2.67273556603573e-05,0.999832636086269,4.02093868292935e-06,3
"20606",0.000161012964155843,3.68419228031369e-05,0.999801992698152,1.52414889267699e-07,3
"20608",3.48676158631037e-05,0.00172208542768412,0.998241458456452,1.58850000079012e-06,3
"20610",4.87233353993892e-06,0.00183341933012598,5.00904441449391e-05,0.998111617892189,4
"20612",0.285086169551267,0.0325118374490008,0.670494470559779,0.0119075224399536,3
"20614",3.35353893990022e-06,0.00766209930000164,8.02005663757046e-06,0.992326527104421,4
"20616",0.000377556769076232,0.983529893604334,0.0135233071533342,0.00256924247325525,2
"20618",0.99808937873909,0.00118472202097914,0.00068328121903205,4.26180208989603e-05,1
"20620",9.59164896815459e-05,0.00202218853625216,0.997741042904717,0.000140852069349058,3
"20622",1.24495274550031e-06,0.000690397005587733,2.63050212240946e-05,0.999282053020443,4
"20624",0.0275729499464135,0.000890684365542305,0.971536004473065,3.61214978912749e-07,3
"20626",7.84906257863108e-06,0.0937615607271918,0.901045623677896,0.0051849665323332,3
"20628",0.000568088163740551,0.728512715991071,0.269160359611095,0.00175883623409326,2
"20630",0.000859696036444845,0.0855969608372218,0.894253644453037,0.0192896986732965,3
"20632",4.47714048619831e-08,0.0113714520224397,7.17870277584161e-07,0.988627785335878,4
"20634",0.000115828848713822,6.3692431182117e-05,0.999820356665161,1.22054942733415e-07,3
"20637",0.982006587959251,3.38558785082587e-05,0.0179409984703611,1.85576918798799e-05,1
"20639",2.2994291986506e-05,0.222458809365125,7.41639537666276e-05,0.777444032389122,4
"20644",0.5101646285145,1.90458653741689e-06,0.489833215206437,2.51692525351506e-07,1
"20646",0.0253098520052684,0.00114603360722371,0.973496519064174,4.75953233339629e-05,3
"20648",0.000251967175605777,0.965219498431838,0.000790316560736036,0.0337382178318202,2
"20650",0.2407725806155,0.000330021627391923,0.758897124339788,2.73417320028736e-07,3
"20653",0.00142617301992693,0.99081438302486,0.00103608320006458,0.00672336075514812,2
"20658",1.58072802969348e-05,0.000816069813978995,0.99916787163244,2.51273283749624e-07,3
"20661",0.895590694706893,0.0217172723244769,0.0826799505840252,1.20823846043912e-05,1
"20663",0.00335649274896467,0.363793103857736,0.632819958172726,3.04452205726925e-05,3
"20665",4.75771443105729e-08,0.000122469248451102,9.29667691243258e-06,0.999868186497492,4
"20667",0.000960435361612892,0.972999856515415,0.0254520637184255,0.000587644404546699,2
"20669",2.7475411364962e-06,0.991387974175707,2.56391233448245e-05,0.00858363915981137,2
"20671",0.770979205830404,0.00134069840417627,0.227532143487908,0.000147952277511326,1
"20673",8.84465937810927e-07,0.974081536750381,4.49138577399243e-05,0.0258726649259411,2
"20675",1.31851107635995e-05,0.99319307631772,0.0067132651304692,8.04734410472358e-05,2
"20677",0.000462867765905301,0.55619449373211,0.443319160605445,2.34778965403454e-05,2
"20679",1.26591158783986e-06,0.975685259612298,7.66484691655819e-06,0.024305809629198,2
"20681",7.53217289198386e-06,0.999815528906665,0.000109711681179107,6.72272392634863e-05,2
"20683",0.000158542467618341,0.699383407386221,0.300406063042242,5.19871039192975e-05,2
"20685",0.982471184128101,0.0173371250166849,4.07930732721889e-05,0.00015089778194211,1
"20687",7.62214245581438e-06,0.0571839381304052,2.47462479416107e-05,0.942783693479197,4
"20689",0.697019202903546,2.87622468838998e-05,0.302951809163903,2.25685666901637e-07,1
"20691",4.42480300604471e-07,0.000402323680667087,1.98600658724012e-06,0.999595247832445,4
"20693",0.00173196703069529,6.02453067105943e-05,0.998207764387572,2.32750223641263e-08,3
"20695",5.7056355557452e-05,0.990815950368165,0.000565290784393259,0.00856170249188399,2
"20697",0.000596632186461347,0.000137776287108049,0.999187155907074,7.84356193567394e-05,3
"20699",1.46301431184581e-05,0.757020923202128,0.242587518094185,0.000376928560568621,2
"20701",0.000369160560225596,0.144620050098897,0.855008427934275,2.36140660176334e-06,3
"20703",0.0128368238905516,0.981697772019926,0.000303453859844426,0.00516195022967771,2
"20705",0.00609176808482002,0.00280213595705983,0.991105466278098,6.29680022257362e-07,3
"20707",0.00076713244525275,0.9905207842361,0.00865279351416681,5.92898044807891e-05,2
"20709",1.87188240393466e-05,0.0757406313083482,0.0402090471442012,0.884031602723411,4
"20713",0.0191861920624624,0.940693465951455,0.00021979209869114,0.0399005498873915,2
"20715",0.112198987946171,2.84102781516608e-05,0.858970361888302,0.0288022398873752,3
"20717",5.76807521023624e-05,0.99935017508097,0.00024559864445461,0.000346545522472986,2
"20720",0.000549289426060305,0.0149396280098043,0.984464864542268,4.62180218670398e-05,3
"20722",0.000135686128885432,0.0193529053974394,0.980505606671398,5.80180227719911e-06,3
"20724",1.90348785654134e-05,0.773295641770132,0.000108898420604661,0.226576424930698,2
"20726",0.00146849946478654,7.58958386626118e-05,0.998455590230262,1.4466289020483e-08,3
"20728",4.65504851271315e-06,0.999653696689678,4.01209627923877e-05,0.000301527299017233,2
"20730",0.00016802100664436,0.544370806912824,0.00213499653405832,0.453326175546474,2
"20732",0.0985721338038222,0.482419690808075,0.418746985162829,0.000261190225273925,2
"20734",0.00266226323807907,0.594455669640299,0.40279188640902,9.01807126022308e-05,2
"20736",2.09743539300859e-06,0.126689864269284,6.59358917562427e-05,0.873242102403567,4
"20738",0.0727877906980651,0.019537397758512,0.522056852896008,0.385617958647415,3
"20740",0.294464171769702,0.104077045971469,0.601458620888296,1.61370533261288e-07,3
"20742",0.00232048004264468,0.997022548120285,0.000224665131218029,0.000432306705852301,2
"20744",3.99507762738445e-08,0.0391148397673493,4.43746312405005e-06,0.96088068281875,4
"20746",0.000171257554747994,0.919990679355145,0.0796857261130222,0.000152336977085462,2
"20748",7.01543951134833e-05,0.677667710618768,0.000114367632716825,0.322147767353402,2
"20750",3.24069729785555e-06,0.348883911409264,0.000824949690796216,0.650287898202642,4
"20752",0.00129349946415441,0.0313242454435353,0.967380871936491,1.38315581879343e-06,3
"20754",1.46160716924852e-06,0.986841162787713,0.000184757353068748,0.0129726182520491,2
"20756",0.000535516458296248,0.547695292453939,0.139727577091111,0.312041613996654,2
"20758",2.38736289632123e-05,0.350892501452923,0.268430471028202,0.380653153889912,4
"20760",8.84999358165078e-07,0.831050291420459,2.45008782089832e-05,0.168924322701973,2
"20762",3.23195955633724e-06,0.998660843987905,0.00011003855946327,0.00122588549307532,2
"20764",6.066786504077e-06,0.313169747321187,1.12812238587258e-05,0.686812904668451,4
"20766",1.0496162362401e-05,0.903525575144186,5.15023551946764e-05,0.0964124263382569,2
"20768",6.06488155156736e-05,0.168926662923249,0.00124754013444432,0.829765148126791,4
"20770",1.03574856917564e-05,0.973804950748747,0.025660439396765,0.000524252368795784,2
"20772",2.20806509539953e-05,6.50418443323582e-05,0.999911425251922,1.45225279172891e-06,3
"20774",0.00123726331596734,6.99076633328632e-06,0.998755726290038,1.96276617299025e-08,3
"20776",0.00190052376628757,0.996453566582037,0.00158867787929749,5.72317723777245e-05,2
"20778",0.671424203400975,6.74632600334875e-07,0.328574851849946,2.70116478832219e-07,1
"20780",5.75400551421652e-06,0.816949888879451,0.00127027699894523,0.181774080116089,2
"20782",2.07972722489023e-06,0.933491149212904,5.44660281267661e-05,0.0664523050317443,2
"20784",3.54821051103482e-06,0.999065678975943,0.000208940401625222,0.000721832411920563,2
"20786",1.62925264715704e-08,0.000966392424855209,3.16123715260914e-06,0.999030430045466,4
"20788",0.00227846361866605,0.977671864561589,0.0198883119581084,0.000161359861636248,2
"20790",3.10643345342177e-07,0.909546413360715,4.96567707320376e-05,0.0904036192252073,2
"20792",0.00403060864779837,0.463084830182602,0.0453381092594834,0.487546451910116,4
"20794",1.66744159596026e-07,0.536543521168177,2.30714401520331e-05,0.463433240647511,2
"20796",0.00382228234574766,0.000559639145025258,0.995617991798823,8.67104043978497e-08,3
"20798",3.7172086733955e-07,6.7658888869251e-05,1.71575893272444e-06,0.999930253631331,4
"20801",2.93086781124967e-06,0.00154119238457607,3.58220908607624e-05,0.998420054656752,4
"20803",0.00499595538078353,0.958987620185841,0.0359844277139007,3.19967194742756e-05,2
"20805",0.00151211887928074,0.659731356949717,0.338635437525274,0.000121086645728659,2
"20807",3.7172086733955e-07,6.7658888869251e-05,1.71575893272444e-06,0.999930253631331,4
"20809",0.0010636085891679,0.995959642048146,0.00146250571055195,0.00151424365213397,2
"20811",0.00334976880140049,0.0258090023873555,0.0128032349315824,0.958037993879662,4
"20813",0.00424592176479734,0.474588454507378,0.443725568643507,0.0774400550843176,2
"20815",2.14497621200011e-08,0.00140649010528185,8.62468263246355e-07,0.998592625976693,4
"20817",0.000121146783074992,0.958295904099588,0.000224345918541589,0.0413586031987952,2
"20819",0.00834403926961589,0.659065768770146,0.332585439533194,4.75242704375296e-06,2
"20821",0.000916385817178804,0.0063878287739869,0.969475022223875,0.0232207631849595,3
"20823",0.00708908731881991,0.782866484228396,0.194646672540691,0.0153977559120934,2
"20825",3.31801097750901e-06,0.931509469686614,2.95296536765489e-05,0.0684576826487325,2
"20827",0.000384763659647241,0.167118545012358,0.000396666359111443,0.832100024968883,4
"20829",0.00186432358828546,0.00245608515860962,0.995646627711435,3.2963541669763e-05,3
"20831",2.41502640917528e-05,0.931069206548737,0.000140667482813054,0.0687659757043581,2
"20833",1.7517497000707e-06,0.805903441165986,0.000111612152082545,0.193983194932232,2
"20835",9.55574880222979e-05,0.968393457472158,7.43018932516e-05,0.0314366831465686,2
"20837",0.0001359328617254,0.99722869990253,0.000327029253127522,0.00230833798261674,2
"20839",5.38013048002334e-06,0.987931195141906,8.26397848566171e-05,0.0119807849427577,2
"20841",0.356706290180529,0.20649482857327,0.436719261704783,7.96195414176758e-05,3
"20843",3.5675104309344e-05,0.998664562275255,0.00126752461958982,3.22380008456994e-05,2
"20845",4.65269813731067e-05,0.445282165723613,0.00143511493352871,0.553236192361485,4
"20847",0.0021552826962022,0.563578502681191,0.433905604673204,0.000360609949402523,2
"20849",0.000328796388438338,0.406201992382055,0.580148596261701,0.0133206149678059,3
"20851",0.00639398967585391,0.291372539917229,0.702176340512125,5.71298947929495e-05,3
"20853",0.527715781803873,0.00967159090821202,0.462608995320303,3.63196761211626e-06,1
"20855",0.000674569762226743,0.00289208136276409,0.996172059956403,0.000261288918606491,3
"20857",0.00139061127128289,0.368946207065986,0.62958839975879,7.47819039418703e-05,3
"20859",0.000108867689120314,0.0212494468044425,0.978522770974059,0.000118914532378069,3
"20861",0.961778904105132,0.0346868187674153,0.000321698001476246,0.00321257912597636,1
"20863",5.47021455799965e-05,0.62783929997869,6.26529303710437e-05,0.372043344945359,2
"20865",1.17421042408676e-06,0.998062484541753,0.00113625360901908,0.000800087638804247,2
"20867",0.00107048696230897,1.17755278164031e-06,0.998928303715352,3.17695569669209e-08,3
"20869",1.53118637217146e-05,0.474722964782836,0.000339100891026327,0.524922622462416,4
"20871",0.000653542127146869,0.000124490199066139,0.997907091326677,0.00131487634710994,3
"20873",0.000368811273529846,0.00010183220067624,0.999089309460115,0.000440047065679177,3
"20875",0.0325656937676214,0.0372699630000755,0.930115107751659,4.92354806439414e-05,3
"20878",2.48117031703931e-07,0.00345796697879588,2.18697394769311e-06,0.996539597930225,4
"20880",3.12805714086524e-06,0.817648925572103,0.000203330683412401,0.182144615687344,2
"20882",0.00179859835294535,0.000319690502842083,0.997878738083894,2.97306031821986e-06,3
"20884",0.000175512919757008,0.994416733891394,0.000338884378775807,0.00506886881007264,2
"20886",7.14672431861158e-06,0.277547639563177,0.00202904745055167,0.720416166261953,4
"20888",1.14461936527535e-07,0.11372635143045,1.83290945403026e-06,0.88627170119816,4
"20890",4.5260347190687e-06,0.781546069993797,0.00062543998715352,0.21782396398433,2
"20892",0.0514988466606717,0.466870562785067,0.481563279190399,6.73113638623308e-05,3
"20897",0.0199392878644452,0.881963081605345,0.0799055256732152,0.0181921048569946,2
"20899",0.00147966097455163,0.868258826793155,0.0881796961312561,0.0420818161010372,2
"20901",0.967659931733207,0.00139195631845283,0.030932360289859,1.5751658481219e-05,1
"20903",0.0307844787421013,4.09851964792571e-05,0.964351911323255,0.00482262473816453,3
"20905",0.0184089475990835,0.0430427082156902,0.902911844962992,0.0356364992222345,3
"20907",8.49716201307779e-05,0.000886361289528069,0.999028073717729,5.93372612480972e-07,3
"20909",0.00139666548648447,0.548270880030099,0.423441400259985,0.0268910542234308,2
"20911",0.97486493234865,7.93774260253384e-06,0.0251269829477862,1.46960961523247e-07,1
"20913",0.000356834185995704,0.984082342607834,0.00889501882152279,0.00666580438464709,2
"20962",0.000147963293351118,0.086165921531591,0.913626049893253,6.00652818052485e-05,3
"20969",0.020671452281085,0.00307097623612486,0.963074684919452,0.0131828865633385,3
"20980",0.000218433988040174,0.0927399788474568,0.906347349252602,0.000694237911901382,3
"20982",0.000143278361628821,0.0123923727024151,0.98746289711825,1.4518177057525e-06,3
"20984",0.000689535242346246,0.991278938039515,0.000564827321795632,0.00746669939634355,2
"20994",0.0116417010484841,0.0103705011615612,0.977338763253352,0.000649034536602576,3
"21015",0.000711131467845482,0.156289550732359,1.54329707102349e-05,0.842983884829085,4
"21023",0.0307765360012818,9.04298053212178e-05,0.969132907434644,1.26758752757537e-07,3
"21040",0.00506415967317086,0.0852960269263871,0.909626722980245,1.30904201966563e-05,3
"21073",0.218709356092563,0.234953237771737,0.537837353663173,0.00850005247252801,3
"21222",8.93296681561641e-05,0.877872893115747,0.000630918028277618,0.121406859187819,2
"21224",1.41527548121733e-05,0.92629735431887,0.0694178170553578,0.00427067587095996,2
"21228",0.10886524520778,0.258416328339163,0.0109493481939311,0.621769078259126,4
"21232",0.0344584935500952,0.00204293858238203,0.963498209741618,3.58125904983716e-07,3
"21237",0.423954529115043,0.0205588333301174,0.554508471521666,0.000978166033173446,3
"21240",8.39395914062214e-05,0.902153549550208,0.000114336594046891,0.0976481742643391,2
"21245",5.66828673564317e-06,0.74413484766421,7.04835650411888e-05,0.255789000484013,2
"21252",0.132736343144593,0.00489709316399396,0.862366456701421,1.06989992097289e-07,3
"21254",0.117957488465942,0.0508007702034703,0.831228498588279,1.32427423088718e-05,3
"21258",8.74514894661776e-05,0.896296749171155,0.0944848278294513,0.00913097150992786,2
"21264",0.000373218421360186,0.851696798126956,0.00695410757539064,0.140975875876294,2
"21305",7.88106621965352e-06,0.962777735595319,0.0156964073958178,0.0215179759426432,2
"21333",0.00140343913753235,0.106674837736873,0.891920556652664,1.16647292995516e-06,3
"21366",0.00290259228903189,0.971836088641537,0.0249391301295906,0.000322188939840481,2
"21377",1.71005695248707e-06,0.0012196401842217,1.99514102882875e-05,0.998758698348538,4
"21380",0.000350864338130285,0.0612833869918015,0.918739881841673,0.0196258668283953,3
"21387",0.999850646614997,6.350792920805e-07,0.000148717425153416,8.80558087230182e-10,1
"21390",0.0103526594076794,0.00558885303006628,0.984056160512761,2.3270494932353e-06,3
"21392",0.058561381760675,0.762950161253868,0.178008483402226,0.0004799735832305,2
"21403",0.000220533933219795,0.0766204217926279,0.893672599559182,0.0294864447149706,3
"21408",0.000579231398508391,0.000627417340273091,0.998731971324515,6.13799367036725e-05,3
"21412",0.976975192765063,0.000427422010301212,0.0223080722972065,0.000289312927429589,1
"21421",4.57858992604552e-05,0.995949512297142,0.0024862604454318,0.00151844135816618,2
"21424",0.961819588112702,1.21553493449343e-05,0.0381682454488673,1.10890861619759e-08,1
"21429",0.00555681388239883,0.00312390481182636,0.99129255464007,2.67266657049055e-05,3
"21431",0.000221839463027654,0.984613100833157,0.0139866532841114,0.00117840641970434,2
"21436",4.77847849216104e-06,0.997102903774864,0.00203589967668402,0.000856418069959423,2
"21439",0.000856564389633792,0.0294704535577862,0.965783651540735,0.0038893305118448,3
"21442",0.00115751647441804,0.732669227198912,0.0786141455362195,0.18755911079045,2
"21444",2.73023821606602e-05,0.995931388319474,1.27579360883754e-05,0.00402855136227715,2
"21446",4.75046990058641e-05,0.00586959193560764,1.24953642946731e-06,0.994081653828957,4
"21448",0.995095263112412,0.004799244917138,1.2049667980035e-05,9.34423024695648e-05,1
"21450",0.0297887103327464,0.584365695644093,0.347065192665222,0.0387804013579389,2
"21452",3.70643821390864e-05,0.0218101417180596,0.978146236970395,6.55692940590656e-06,3
"21466",0.0227181975300269,5.23664747838633e-05,0.977229429044496,6.95069318292902e-09,3
"21470",7.31146880417006e-05,0.0949310920596331,0.90427289931731,0.000722893935014791,3
"21472",0.000768693014845781,0.0100900901524829,0.989141131271006,8.55616654742961e-08,3
