"","V1","V2","V3","best$classification"
"19812",0.95239480514676,0.00934160815749399,0.0382635866957459,1
"19814",0.0970943975590911,0.00145094277262297,0.901454659668286,3
"19816",0.98749131903264,0.0124831290897534,2.55518776064995e-05,1
"19818",0.644845511378044,0.00549251489991855,0.349661973722037,1
"19820",0.977840016734552,0.0221599832654481,4.10870836182423e-21,1
"19822",0.0548060643894099,0.94519393561059,1.20539778939841e-22,2
"19824",0.460943651968587,0.53905631090644,3.71249724515832e-08,2
"19826",0.802247612466517,0.0393794756822157,0.158372911851267,1
"19828",0.989989496805282,0.0100105031227558,7.19622943142487e-11,1
"19830",0.540909682531747,0.267574816860584,0.191515500607669,1
"19832",0.39998866598447,0.60001130948885,2.45266795800457e-08,2
"19834",0.978144361716611,0.0218552371794873,4.01103901947472e-07,1
"19836",0.974510996798327,0.0251076207282851,0.000381382473388197,1
"19838",0.0409305988764986,0.00432694071931805,0.954742460404183,3
"19840",0.954623298726801,0.0453594305124096,1.7270760789373e-05,1
"19842",6.52266645657488e-05,0.347714860510196,0.652219912825239,3
"19844",9.07254555360784e-09,0.821269529390799,0.178730461536655,2
"19846",0.000211138832374678,0.00132522160116324,0.998463639566462,3
"19848",0.00185613823999515,0.00261868672327522,0.99552517503673,3
"19850",0.00448535748417341,0.00615107941487622,0.98936356310095,3
"19852",0.980777984404699,0.00642235586625215,0.0127996597290485,1
"19854",0.00665791269170752,0.00625314245079264,0.9870889448575,3
"19856",0.000488158461703824,0.897070710317222,0.102441131221074,2
"19858",0.00124863303012111,0.998716370485487,3.49964843916722e-05,2
"19860",0.976259649554252,0.00918561930476647,0.0145547311409816,1
"19862",0.000807292300359195,0.00661280574334673,0.992579901956294,3
"19864",4.15537634016938e-10,0.999999997749608,1.83485471295067e-09,2
"19866",0.622948192680387,0.377051449102568,3.58217045470031e-07,1
"19868",1.10698352743514e-11,0.99999999998893,6.01167264753076e-22,2
"19870",0.0349434822779712,0.0039202528764752,0.961136264845554,3
"19873",0.664685961652323,0.0434310584645747,0.291882979883103,1
"19875",0.987363137859167,0.0126368463441512,1.57966823198021e-08,1
"19877",0.693201141477558,0.00601390902705411,0.300784949495388,1
"19879",0.986879667164368,0.00979459296209458,0.00332573987353792,1
"19881",0.824973721285026,0.100324462251508,0.074701816463466,1
"19883",0.0895052537201486,0.0548831103377497,0.855611635942102,3
"19899",0.954563613733322,0.0454281136392847,8.27262739302539e-06,1
"19908",4.70634531428631e-07,0.999999529247896,1.1757201695914e-10,2
"19910",0.959594230821038,0.00515772043858432,0.035248048740377,1
"19912",0.000332392402685685,0.0815679553167439,0.91809965228057,3
"19914",0.97572653926222,0.0234059634303698,0.000867497307409862,1
"19916",0.000315264949016218,0.999684735019959,3.10248380216611e-11,2
"19918",0.0206630709317064,0.00361509354744093,0.975721835520853,3
"19920",0.000430069402197514,0.00284130510188788,0.996728625495915,3
"19922",0.000909539375807544,0.999090460435768,1.88424854816837e-10,2
"19924",0.720045479589964,0.00681623837078029,0.273138282039255,1
"19926",0.916911346956743,0.0830885566151806,9.6428076826226e-08,1
"19928",1.77381263140675e-15,0.999999978536635,2.14633627666434e-08,2
"19930",0.130224182476224,0.00152155281249099,0.868254264711285,3
"19932",0.0096605495225122,0.000603669158485643,0.989735781319002,3
"19934",0.984104092007503,0.0158945549135851,1.35307891222935e-06,1
"19936",0.92945125279676,0.0323065748851095,0.0382421723181301,1
"19938",0.764211860933476,0.235788139050709,1.58147368694341e-11,1
"19940",0.833931862365584,0.0143946575680555,0.151673480066361,1
"19942",3.9225032390463e-09,0.99999302535557,6.97072192735011e-06,2
"19944",0.985705257317547,0.0121950040937261,0.00209973858872653,1
"19946",0.832100624221379,0.0175623196903917,0.15033705608823,1
"19948",6.24736179740711e-09,0.99822998200224,0.00177001175039786,2
"19950",2.07350314589195e-07,0.00300249598881624,0.996997296660869,3
"19952",6.24736179740711e-09,0.99822998200224,0.00177001175039786,2
"19954",0.0338767142264525,0.000659047845632883,0.965464237927914,3
"19956",1.50980923563446e-06,0.778626143371789,0.221372346818975,2
"19958",2.52082167696039e-11,0.999999999974792,1.59079981637738e-18,2
"19962",0.269036810678522,0.721310477770758,0.00965271155072068,2
"19964",0.91757546938376,0.0752014752769223,0.00722305533931742,1
"19966",0.568228231992304,0.431771768007694,2.76713118587084e-15,1
"19969",0.278976020145307,0.0551179333872638,0.665906046467429,3
"19972",0.00234728076595314,0.0346309006021141,0.963021818631933,3
"19974",4.03673411351072e-08,0.0036237607261193,0.99637619890654,3
"19976",0.437664095999766,0.0133275244182129,0.549008379582022,3
"19978",0.988719743114403,0.0092801573007107,0.00200009958488637,1
"19980",0.000327349974635988,0.00066275036162642,0.999009899663738,3
"19982",0.00699429604800097,0.0635351555691357,0.929470548382863,3
"19984",2.06144118220751e-06,0.01961407722199,0.980383861336828,3
"19986",0.932037735619236,0.067962264380764,2.7780521873179e-16,1
"19988",0.925839911375512,0.0741600886244883,1.5868185846296e-22,1
"19992",0.958402937150841,0.0415970628491529,6.23455771305246e-15,1
"19994",0.242474167849659,0.00227753490770388,0.755248297242637,3
"19996",0.991541120359821,0.00845887964008723,9.17206463727735e-14,1
"19998",0.00685400468859862,0.993089009471249,5.69858401523506e-05,2
"20000",0.0020793960922608,0.997817785225816,0.000102818681922985,2
"20003",0.949124624797396,0.0142330127909874,0.0366423624116165,1
"20005",0.00211374981439737,0.0319948829998731,0.96589136718573,3
"20007",0.973468516977452,0.0263713535216022,0.000160129500945846,1
"20009",0.136520938057732,0.863479061934284,7.98437915505172e-12,2
"20011",0.0752995658403742,0.0613662397663792,0.863334194393247,3
"20013",0.106665980456123,0.00363600296147422,0.889698016582403,3
"20016",0.318385678925335,0.681614321074662,2.93964656224559e-15,2
"20018",2.33644435728938e-09,0.999999997663556,2.64010657224166e-42,2
"20021",0.986881769015408,0.0131181507250445,8.02595480124841e-08,1
"20023",0.959757423223956,0.0401029816961481,0.000139595079895593,1
"20025",0.00203692154564105,0.997963078454359,5.33838278309092e-25,2
"20027",0.0431698236634238,0.0668007347571516,0.890029441579425,3
"20029",0.0381801108260407,0.121435187122586,0.840384702051373,3
"20032",0.0423438343578379,0.0072363646196561,0.950419801022506,3
"20034",1.69793761646001e-06,0.996849598500429,0.0031487035619541,2
"20036",0.0652123327909919,0.912183525853727,0.0226041413552814,2
"20038",0.980281667529668,0.0197183324703051,2.67268974396731e-14,1
"20040",0.000281631588210513,0.99971836841179,1.89306790942944e-21,2
"20043",0.979011717950944,0.0209882794374033,2.61165315575516e-09,1
"20045",0.576227839484653,0.423772160515347,5.57748766922113e-22,1
"20048",6.51622202928302e-09,0.334098779364448,0.66590121411933,3
"20051",0.887647560925526,0.11207448502721,0.000277954047264315,1
"20053",0.869341724328017,0.130610745713756,4.75299582275159e-05,1
"20055",0.883539043947345,0.11646095605252,1.34886929253001e-13,1
"20057",1.02443217423674e-21,1,1.14801834501752e-27,2
"20059",0.763466253202747,0.23653347073615,2.76061103420577e-07,1
"20061",0.972381379984597,0.0275100980775186,0.0001085219378848,1
"20063",2.90679059762459e-11,0.99999999960415,3.66782539081887e-10,2
"20065",0.0101374957986409,0.989862504201359,5.83965775721372e-29,2
"20067",0.706025276034687,0.293974720469912,3.49540111526091e-09,1
"20069",0.000253521111996013,0.000696058669423339,0.999050420218581,3
"20071",0.187219061695885,0.812779542586856,1.39571725885018e-06,2
"20073",0.00483397617500363,0.0374469155615543,0.957719108263442,3
"20075",8.54342312732205e-10,0.999999999145658,9.26775595435022e-24,2
"20077",0.949971003261231,0.0500144634268858,1.45333118831515e-05,1
"20079",0.0297789704967631,0.970189426541918,3.16029613189959e-05,2
"20081",0.836605914204629,0.163394085660005,1.35365686445714e-10,1
"20083",1.02051991961563e-05,0.999954450897942,3.53439028620439e-05,2
"20085",0.937950879363878,0.0620491206361222,1.30525716050932e-23,1
"20088",0.978596075342465,0.0214039246131887,4.43462176091989e-11,1
"20091",2.31771491772912e-05,0.999976822850823,3.77853546488893e-19,2
"20095",2.62335421705433e-05,0.999889316763362,8.44496944676341e-05,2
"20097",0.896187227958425,0.103812772041575,8.17468539271534e-24,1
"20099",0.0374653466078941,0.962531356098074,3.29729403190733e-06,2
"20102",1.65354554134327e-07,0.999999752127954,8.25174914573156e-08,2
"20105",0.963566814896087,0.036433176528784,8.57512896620041e-09,1
"20107",0.987834259092634,0.0121657399443985,9.62967561869568e-10,1
"20109",0.641209083604114,0.356155911569683,0.00263500482620336,1
"20111",2.20706580364806e-08,0.99999997750359,4.25752410068804e-10,2
"20113",0.857516204521807,0.142483724533158,7.09450341500255e-08,1
"20115",0.0151761661005147,0.893411759461295,0.0914120744381904,2
"20117",3.78511011414504e-08,0.999999962148899,7.07804731319692e-24,2
"20119",0.374118998873165,0.625881001125732,1.10361761996037e-12,2
"20121",0.971511811961319,0.0284881880353309,3.35042376616495e-12,1
"20123",1.85553876682615e-05,0.999981444612332,4.16358730506239e-25,2
"20125",0.0189235034873802,0.00413226482404643,0.976944231688573,3
"20127",0.945905412261553,0.0540945877384466,4.77969919301413e-18,1
"20140",0.704921074134176,0.295078925796178,6.96459546353992e-11,1
"20142",7.34959632975802e-07,0.00188535157158723,0.99811391346878,3
"20144",0.0180208946216504,0.922916315287587,0.059062790090763,2
"20146",0.0136423574995048,0.478094823910834,0.508262818589661,3
"20148",0.685648500036502,0.00981909457943491,0.304532405384063,1
"20150",8.60900392947759e-06,0.00107146374622376,0.998919927249847,3
"20152",0.805083367033825,0.0113419449922145,0.18357468797396,1
"20154",0.00019033837373669,0.999809661626263,9.75857289169199e-23,2
"20156",0.317424638534205,0.681335789794933,0.00123957167086138,2
"20159",0.00238482867239197,0.19242776618654,0.805187405141069,3
"20161",2.82784470410576e-05,0.859979526473805,0.139992195079153,2
"20163",0.864227946940545,0.135077969076859,0.000694083982596318,1
"20165",0.00956459380164583,0.97289177176814,0.0175436344302145,2
"20167",0.14992330563731,0.00183611833006517,0.848240576032625,3
"20169",1.37176769433603e-08,0.0154565015954467,0.984543484686876,3
"20171",6.85876892163982e-07,0.999999314123108,1.62641593819794e-25,2
"20173",5.00172548460479e-08,0.999999935035033,1.49477125224097e-08,2
"20175",0.355944161978033,0.0118085053921772,0.63224733262979,3
"20177",0.08638750501263,0.913612427687749,6.72996210576478e-08,2
"20180",0.901601552159521,0.098398447840479,6.96271692972856e-17,1
"20182",1.00525039315111e-19,0.999998507725764,1.49227423586516e-06,2
"20184",0.00103756575236327,0.0029677554908008,0.995994678756836,3
"20187",2.50076963167264e-05,0.999352368514489,0.000622623789194715,2
"20189",0.962623968028583,0.0373643894429661,1.16425284513651e-05,1
"20192",0.00019908653145514,0.999800913468545,2.79199403045077e-18,2
"20194",3.29301234533437e-06,0.877155438302117,0.122841268685538,2
"20196",0.22197574213872,0.77802425786128,1.84586392038495e-20,2
"20198",0.808739653177543,0.180255415729848,0.0110049310926086,1
"20204",0.000622448272649194,0.00268508280538739,0.996692468921963,3
"20207",0.558976677094347,0.441023322905616,3.70564638192565e-14,1
"20209",0.000621448895909462,0.999378549858814,1.24527696231422e-09,2
"20211",0.000231444851639304,0.999768555148361,6.61993620320784e-19,2
"20215",0.96078617409778,0.0392138157278872,1.01743325007507e-08,1
"20218",5.8939564125414e-06,0.000855046764886798,0.999139059278701,3
"20222",0.904854321997355,0.0951456779788163,2.38287803129674e-11,1
"20225",0.00334264337455391,0.141921726866231,0.854735629759215,3
"20229",0.16196448520067,0.838033333993963,2.1808053673322e-06,2
"20232",0.938211106955214,0.0617886467370418,2.46307744417469e-07,1
"20234",0.00116470843387965,0.99883529156612,1.8049659959483e-35,2
"20238",0.899257064317268,0.100742933850648,1.83208419058707e-09,1
"20253",0.903445317889846,0.0965546821101194,3.44500582769873e-14,1
"20255",0.214801690243327,0.0103649485668155,0.774833361189857,3
"20258",0.989060108158951,0.0109398918409309,1.18068784999081e-13,1
"20269",0.946810284960686,0.0531808246862918,8.89035302254874e-06,1
"20271",0.611493295081782,0.388506704918122,9.64668514630597e-14,1
"20285",0.00413498893528819,0.99580274994247,6.22611222421683e-05,2
"20288",0.97389720780237,0.026102765862483,2.63351467276581e-08,1
"20291",0.153929737398875,0.846070262601125,4.74490497477524e-17,2
"20295",0.0559978721105871,0.944001609425938,5.18463474570432e-07,2
"20298",0.0304890898434758,0.00274682928831694,0.966764080868207,3
"20302",0.0118626516320432,0.0668229213093844,0.921314427058572,3
"20305",0.0134878085104757,0.00520252550758097,0.981309665981943,3
"20307",0.977061477269156,0.0229385227308308,1.34695382764026e-14,1
"20310",0.237335075723594,0.762664924276406,5.19539027089123e-25,2
"20313",2.83246353912061e-09,0.0213456696103928,0.978654327557144,3
"20315",0.988943192025937,0.0110568079734161,6.46384868861686e-13,1
"20319",0.0612260803715206,0.938773919628479,3.10638774134305e-21,2
"20321",0.868617441762038,0.131382558236344,1.6178240675402e-12,1
"20327",0.97614855358439,0.0238514464149739,6.36207359449535e-13,1
"20329",1.14883569681277e-08,0.954632031536864,0.0453679569747791,2
"20335",0.391579191984234,0.608420808015766,5.47159824379518e-18,2
"20337",0.00177052847002976,0.00728581378933692,0.990943657740633,3
"20339",5.86772329894792e-05,0.999941322766981,2.91064532210371e-14,2
"20341",1.25750277883464e-05,0.999987424972212,4.41745186928826e-17,2
"20343",0.0863640005927557,0.913635999407243,1.3640130427511e-15,2
"20345",0.940712720605005,0.0352624962986901,0.024024783096305,1
"20350",0.000913424074929988,0.999086573347912,2.57715747989033e-09,2
"20352",2.41033443782357e-07,0.00755942370395344,0.992440335262603,3
"20355",0.00111487272839273,0.933254866978082,0.065630260293525,2
"20358",3.83277946423712e-07,0.509479350883017,0.490520265839037,2
"20363",0.962847176258587,0.0371528236583819,8.3031378554613e-11,1
"20365",0.54672213232828,0.453277867669989,1.73152042416012e-12,1
"20379",0.370773175148437,0.449876168544629,0.179350656306933,2
"20387",0.97230079121126,0.0276992086098027,1.78937223227289e-10,1
"20392",0.000148452364247562,0.999851547635752,5.39939174796466e-23,2
"20395",0.667747571576255,0.0158671026450312,0.316385325778714,1
"20397",1.03697615479016e-15,0.974000816854936,0.0259991831450633,2
"20410",0.970573314979136,0.0294266810382645,3.98259941327947e-09,1
"20414",0.0168230330533593,0.0123997731438377,0.970777193802803,3
"20417",2.93162129464214e-10,0.999999999706838,4.77825134005901e-46,2
"20419",0.896599734783095,0.103400265216838,6.69266625537949e-14,1
"20421",0.0142991923381272,0.953770517873223,0.0319302897886498,2
"20423",0.00445003269255688,0.00509019816850973,0.990459769138933,3
"20425",0.0317800166731044,0.0378493655269348,0.930370617799961,3
"20427",0.965349237838905,0.0174407105532807,0.0172100516078137,1
"20429",0.00574923346079084,0.994250766536934,2.27507844248705e-12,2
"20432",9.67876786104774e-05,0.00803628532141746,0.991866926999972,3
"20435",0.900016184049909,0.0999531984774327,3.0617472658718e-05,1
"20438",0.44111411454973,0.558885841064653,4.43856173033176e-08,2
"20440",0.973806223910561,0.026193776088148,1.29083489885794e-12,1
"20443",3.21827512530262e-05,0.347484972556993,0.652482844691754,3
"20446",0.757590905065287,0.242390616075618,1.84788590947862e-05,1
"20449",0.961113910549464,0.0388851903120334,8.99138502684336e-07,1
"20537",0.148653242771599,0.851346757225282,3.11883999717728e-12,2
"20540",1.46240725028263e-05,0.999985375927497,3.39979300653285e-27,2
"20543",0.974756945239414,0.0250586742543219,0.000184380506264295,1
"20545",1.31311993585041e-05,0.999986868800641,1.04737910435999e-20,2
"20549",0.59271403518597,0.0236497870536773,0.383636177760353,1
"20551",0.988604447548933,0.011346967456122,4.85849949448826e-05,1
"20554",0.99228676900129,0.00771304847843685,1.82520273492555e-07,1
"20556",0.959331411832884,0.0406625881918375,5.99997527839219e-06,1
"20558",0.991463189374738,0.00853681062445708,8.04850576410419e-13,1
"20560",0.973057237913956,0.0266368869364825,0.00030587514956166,1
"20563",0.955606719531583,0.0443932804684171,3.60334527956121e-17,1
"20565",0.952528885391672,0.0474545250034151,1.65896049128756e-05,1
"20567",0.000321785940794368,0.0103027033587347,0.989375510700471,3
"20571",0.128261653136758,0.871738346863239,2.43672858727071e-15,2
"20573",0.978749871910083,0.0212015177896946,4.86103002225797e-05,1
"20575",0.923835268685612,0.0761647313143733,1.43785986692813e-14,1
"20577",0.985813615935335,0.0141305895180552,5.57945466098646e-05,1
"20579",5.61075409205124e-11,0.122420265912313,0.87757973403158,3
"20582",0.98176381737099,0.0182361826290099,1.67450056283527e-18,1
"20585",0.215523127840004,0.784476872120165,3.98310298219443e-11,2
"20588",0.000422054383748552,0.999577945614998,1.25347702975359e-12,2
"20590",1.2246081862215e-08,0.00386873798850409,0.996131249765414,3
"20592",0.977670539334403,0.0223294606655939,3.22441161448325e-15,1
"20594",0.963169601394752,0.0368303986052484,1.90048084654929e-19,1
"20596",0.944589130199406,0.0554062831066873,4.58669390661211e-06,1
"20598",0.988503768127543,0.0114890262631981,7.20560925836243e-06,1
"20600",0.495773415379036,0.504194832615462,3.17520055016399e-05,2
"20603",0.0449646518661761,0.0699562258959803,0.885079122237843,3
"20605",0.982746004489059,0.017253995508935,2.00614673675286e-12,1
"20607",0.982824743389302,0.017175248329616,8.28108163474761e-09,1
"20609",0.992239409191496,0.00776019324745526,3.97561048569078e-07,1
"20611",0.0046463495452596,0.00531089156974046,0.990042758885,3
"20613",0.982428081624604,0.0173337943142503,0.000238124061145273,1
"20615",0.964769160945768,0.034202487729817,0.00102835132441529,1
"20617",6.36908315151265e-07,0.0158096746728599,0.984189688418825,3
"20619",0.944152359125453,0.0558476408739816,5.65839662290763e-13,1
"20621",0.940576978186872,0.0594214124258933,1.60938723443413e-06,1
"20623",0.0011444402420408,0.351486992728581,0.647368567029378,3
"20625",0.030387237763913,0.89612725614022,0.0734855060958668,2
"20627",0.988745399531468,0.011067322034929,0.000187278433603028,1
"20629",0.989263610096489,0.0106838817173133,5.25081861982421e-05,1
"20631",0.882597183977959,0.117402816022035,5.43007938763085e-15,1
"20633",4.55774953285249e-11,0.00767467529441959,0.992325324660003,3
"20636",0.136922334366467,0.648947262223177,0.214130403410357,2
"20638",0.405954671604024,0.594040870014988,4.45838098818102e-06,2
"20640",0.784898584093207,0.215101415906726,6.63239016017864e-14,1
"20645",0.951057918979116,0.0489420810208844,2.60597368185058e-21,1
"20647",6.37901621023156e-10,0.0311667218326214,0.968833277529477,3
"20649",0.912005232723472,0.08799474609631,2.11802179683001e-08,1
"20651",0.0147777739853999,0.9852222260146,1.38628476924003e-19,2
"20656",0.416038650539086,0.583961349460913,4.38780879337699e-16,2
"20660",2.62674595496503e-05,0.99997373254045,8.87009815300439e-19,2
"20662",1.27966759600812e-05,0.468395922483668,0.531591280840372,3
"20664",0.0373754611027702,0.962624259955846,2.78941383850226e-07,2
"20666",0.00506481579736697,0.994930851557749,4.33264488371535e-06,2
"20668",0.00323817653693109,0.00271037715793523,0.994051446305134,3
"20670",0.153000159952267,0.846999840047726,7.37489607976099e-15,2
"20672",0.000388226488726617,0.00141095278960018,0.998200820721673,3
"20674",0.963861679160828,0.036031623697434,0.000106697141738672,1
"20676",1.46944417795051e-07,0.18265563599207,0.817344217063512,3
"20678",3.49599263211872e-09,0.0279734484756545,0.972026548028353,3
"20680",0.0288252210650183,0.00253225207260827,0.968642526862373,3
"20682",0.533138433789839,0.132898619885918,0.333962946324243,1
"20684",0.178168441102162,0.8218315289874,2.99104375994859e-08,2
"20686",8.21224795221998e-06,0.000570897363944653,0.999420890388103,3
"20688",7.71295489124159e-12,0.242014859382359,0.757985140609928,3
"20690",0.012920746393942,0.987079253606057,5.38728941384166e-16,2
"20692",6.92049641415824e-13,0.0182749424475085,0.9817250575518,3
"20694",0.0127978536746435,0.00305819266512906,0.984143953660227,3
"20696",0.0765741454983868,0.043196047161008,0.880229807340605,3
"20698",0.798343521547616,0.201635580363268,2.08980891158051e-05,1
"20700",0.0376042875947637,0.962395143888157,5.68517079188325e-07,2
"20702",0.140772554421126,0.859227445578874,1.56988831716798e-22,2
"20704",0.992140681746536,0.00783694003891959,2.23782145444316e-05,1
"20706",0.00586812810312774,0.993892143260884,0.000239728635988431,2
"20708",9.06670703348742e-06,0.0631761379259115,0.936814795367055,3
"20710",0.745832757280402,0.254167237788569,4.93102932782115e-09,1
"20714",0.000118765670662409,0.0339183028909555,0.965962931438382,3
"20716",0.977276440956703,0.0227231584161692,4.00627127735962e-07,1
"20719",0.119000765703495,0.880994736878415,4.49741808977515e-06,2
"20721",0.942356194625826,0.0576438053741736,2.3917009604999e-16,1
"20723",0.000940704655275588,0.999059294913844,4.30879961129523e-10,2
"20725",0.167523798458414,0.00508563849015314,0.827390563051432,3
"20727",5.63658535686857e-10,0.988909858910861,0.0110901405254805,2
"20729",0.00278525193085962,0.00395740040457593,0.993257347664565,3
"20731",0.0748533042155872,0.0108231709097197,0.914323524874693,3
"20733",0.961350867371406,0.0386361638301087,1.29687984850046e-05,1
"20735",0.982565321187124,0.0168187267332962,0.000615952079579739,1
"20737",2.43365787403538e-05,0.00415073014871641,0.995824933272543,3
"20739",1.58506861127305e-10,0.00606981888171679,0.993930180959776,3
"20741",0.162983074799653,0.0040996899609357,0.832917235239411,3
"20743",0.292636254363818,0.0850721883864742,0.622291557249708,3
"20745",0.921614236728954,0.0783857632710461,2.13694534838094e-16,1
"20747",0.00212380994607155,0.0260574226659806,0.971818767387948,3
"20749",0.00122490507413883,0.0254264116256454,0.973348683300216,3
"20751",0.0380030210577663,0.939532718355245,0.0224642605869881,2
"20753",0.0544073860433708,0.0124804152071529,0.933112198749476,3
"20755",2.92440583209528e-08,0.785758198497694,0.214241772258247,2
"20757",4.3212086951324e-06,0.999848190297609,0.000147488493696456,2
"20759",0.619863935324467,0.380136052210423,1.24651097711803e-08,1
"20761",0.594217386902913,0.00314280521855439,0.402639807878533,1
"20763",0.401002616901222,0.595935329986523,0.00306205311225475,2
"20765",0.0870242270238053,0.0012978968230728,0.911677876153122,3
"20767",0.973820703389865,0.0261792573325417,3.92775935323771e-08,1
"20769",0.0626044144009305,0.937395585599052,1.76888705174944e-14,2
"20771",0.581597274280931,0.0216295313378434,0.396773194381225,1
"20773",6.75602162103067e-07,0.999991823237496,7.5011603418775e-06,2
"20775",0.859437866110534,0.0336314066007755,0.10693072728869,1
"20777",0.0379816607623039,0.962018002622843,3.36614852765673e-07,2
"20779",0.201068424143112,0.00545140589287952,0.793480169964008,3
"20781",4.49775623007749e-17,1,1.48973385170675e-17,2
"20783",0.636822418411867,0.0122155160920771,0.350962065496055,1
"20785",8.19641184473715e-12,0.999921909525275,7.80904665284013e-05,2
"20787",0.00844275968282975,0.00191506060624482,0.989642179710925,3
"20789",0.986422954743046,0.0130657693518046,0.000511275905149185,1
"20791",0.000691067510213624,0.00113311540941571,0.998175817080371,3
"20793",0.968202674214642,0.0293150095145174,0.00248231627084064,1
"20795",0.0333964847571962,0.0185247817990825,0.948078733443721,3
"20797",5.50124641248286e-15,0.999999976878842,2.31211525115959e-08,2
"20800",0.0383382664190045,0.0412774133733979,0.920384320207598,3
"20802",0.172409397225531,0.00374003914345404,0.823850563631015,3
"20804",0.000325626367504657,0.0057407946976724,0.993933578934823,3
"20806",8.53627823637882e-05,0.00133005357050901,0.998584583647127,3
"20808",0.988052234129851,0.0119463186603359,1.44720981300747e-06,1
"20810",0.0694419122533861,0.228833476144089,0.701724611602525,3
"20812",0.157608809779262,0.0302675367957838,0.812123653424954,3
"20814",5.4815189571828e-08,0.0483091926384965,0.951690752546314,3
"20816",0.00461424248444333,0.995385757515555,1.35762008536099e-15,2
"20818",0.828332595157251,0.0182193388306366,0.153448066012113,1
"20820",1.69687236777012e-10,0.0485663305901656,0.951433669240147,3
"20822",0.152883714590373,0.00109110801640279,0.846025177393224,3
"20824",1.45170722604648e-12,0.999895371375337,0.000104628623211515,2
"20826",5.91366273222562e-07,0.00072932775699255,0.999270080876734,3
"20828",6.51622202928302e-09,0.334098779364448,0.66590121411933,3
"20830",0.00615972403532539,0.0149821881782221,0.978858087786453,3
"20832",0.911293008712596,0.0303862625879645,0.0583207286994394,1
"20834",0.985009585526328,0.0149902347862024,1.79687469401618e-07,1
"20836",0.119163181761668,0.00348765295907777,0.877349165279254,3
"20838",2.89339922073491e-06,0.0725030218824313,0.927494084718348,3
"20840",0.985070178576458,0.0149292662050988,5.55218443762823e-07,1
"20842",0.0361483021887515,0.118034364559292,0.845817333251957,3
"20844",0.000295539884622334,0.980767501680241,0.0189369584351368,2
"20846",0.0426423971627801,0.0180439561581488,0.939313646679071,3
"20848",0.977041821546614,0.00858334846011339,0.0143748299932724,1
"20850",0.971412632414675,0.0285631113937148,2.42561916103588e-05,1
"20852",0.715697203456835,0.284096515143045,0.000206281400119938,1
"20854",3.54106265145296e-05,0.00180712541500137,0.998157463958484,3
"20856",1.33208659534876e-06,0.999998667913405,5.67092526191787e-21,2
"20858",0.947194837263993,0.0528051626657095,7.02974553419556e-11,1
"20860",0.0121417209135157,0.982728202085814,0.00513007700067027,2
"20862",0.822904119147749,0.177095880850613,1.63749196596273e-12,1
"20864",8.63790970305262e-06,0.0021555542265158,0.997835807863781,3
"20866",0.502401039080153,0.497598960919847,2.97230224455375e-26,1
"20868",0.9849749010311,0.0150249797640219,1.1920487775095e-07,1
"20870",0.792714449267724,0.0117505770345253,0.19553497369775,1
"20872",0.0555557368973432,0.000883170751267709,0.943561092351389,3
"20874",4.1483799797114e-10,0.00849845985051466,0.991501539734647,3
"20877",0.970359206438376,0.029640766478648,2.70829763301475e-08,1
"20879",0.978391652884917,0.0216083471135016,1.5808722237388e-12,1
"20881",0.0429153337650511,0.00260408010785045,0.954480586127098,3
"20883",1.4749550713343e-05,0.981010492904761,0.018974757544525,2
"20885",0.0154567069196297,0.00166460168643084,0.982878691393939,3
"20887",0.975378132228993,0.0246207032429951,1.16452801165982e-06,1
"20889",0.730082844075956,0.0314172328983767,0.238499923025667,1
"20891",0.981377127186537,0.0186228728106695,2.79378302939373e-12,1
"20896",0.888960287761697,0.111039654545512,5.76927906952726e-08,1
"20898",0.317967094276742,0.00422923641599712,0.677803669307261,3
"20900",1.06828259083394e-13,0.99999999933166,6.68233656155723e-10,2
"20902",0.12439925072484,0.875600749186726,8.84343771977041e-11,2
"20904",0.00614308463013133,0.902827870104093,0.0910290452657751,2
"20906",0.876899791532409,0.123100208337946,1.29645353271349e-10,1
"20908",0.29741591355468,0.022609674858595,0.679974411586725,3
"20910",0.0330721281603222,0.604672423038495,0.362255448801183,2
"20912",1.28041805025319e-15,0.999999999999999,2.83187170624927e-20,2
"20914",0.889404734114297,0.110595265885703,5.60022509028391e-24,1
"20968",2.58454068273251e-10,0.999954650610256,4.53491312898454e-05,2
"20970",0.980174923536127,0.0198242278543286,8.48609544480292e-07,1
"20981",0.727365038321742,0.272634501823396,4.59854862192927e-07,1
"20983",4.01031593749979e-08,0.0173656685087248,0.982634291388116,3
"20988",0.986854453572563,0.0131455456458274,7.81610012412208e-10,1
"20995",4.78160181766309e-07,0.99999952183316,6.65788197825291e-12,2
"21017",0.769405107215561,0.0164591805149356,0.214135712269504,1
"21038",0.945847630007122,0.0541523698334676,1.59410776779512e-10,1
"21072",0.92426615662477,0.0757338404821167,2.89311388477426e-09,1
"21075",0.80352176658166,0.196478233418317,2.3091533789547e-14,1
"21223",0.962155465271504,0.0118021176803731,0.0260424170481232,1
"21225",1.46523825373546e-12,0.999999999998535,8.49974962627149e-35,2
"21230",3.43554128888758e-09,0.00107858080981408,0.998921415754645,3
"21236",0.79062146710006,0.0192278220252485,0.190150710874691,1
"21238",0.103731187695642,0.896268781262701,3.10416569778022e-08,2
"21241",0.684510074229989,0.315489925768626,1.38540990935136e-12,1
"21246",0.982723805350546,0.0172495884997199,2.66061497341149e-05,1
"21253",1.7229181864715e-05,0.000540255158517783,0.999442515659617,3
"21256",0.0670947591475249,0.0293402699478683,0.903564970904607,3
"21260",1.28044714154234e-05,0.999987195528585,1.54102752201394e-23,2
"21266",0.982347287294567,0.017652560078631,1.52626801718774e-07,1
"21332",0.981211224196878,0.0187848418060495,3.93399707211047e-06,1
"21334",0.709349372223093,0.0176500778862686,0.273000549890638,1
"21375",0.728905468341171,0.271094531658828,1.38636895045072e-16,1
"21378",0.535865342686894,0.464134657313106,3.09578309346195e-23,1
"21381",0.636625914104148,0.363374085895849,3.34330768116441e-15,1
"21389",0.00922157832064873,0.00707949411563791,0.983698927563713,3
"21391",0.0609132379066771,0.939040587570988,4.6174522334896e-05,2
"21402",0.925349249659367,0.0746505260715498,2.24269083683523e-07,1
"21404",0.625326129600706,0.374673870365828,3.34667824962066e-11,1
"21409",0.96413977879663,0.0358602211684064,3.49637424389545e-11,1
"21413",0.733082005675093,0.266917058970523,9.35354384803805e-07,1
"21423",0.00657966792556353,0.993420332074436,8.57322096690001e-20,2
"21425",0.786761191089398,0.213238808788998,1.21604363314658e-10,1
"21430",0.00359503090238887,0.99640495354511,1.55525009168567e-08,2
"21432",0.989073421712648,0.0108253549496514,0.000101223337700521,1
"21438",2.16989700453334e-05,0.999978301029954,7.60384739426013e-16,2
"21440",0.961349711701568,0.0386496014377266,6.86860705075312e-07,1
"21443",0.0335039992534363,0.00101181135725526,0.965484189389308,3
"21445",1.09792737658564e-05,0.999989020726233,7.52769863985008e-16,2
"21447",0.923396793626285,0.076603206373714,9.6459384087876e-16,1
"21449",0.923562909462194,0.0764370905318478,5.95785504979292e-12,1
"21451",0.923562909462194,0.0764370905318478,5.95785504979292e-12,1
"21455",0.979425535873575,0.0205744637173732,4.09051917980634e-10,1
"21469",0.113181308641466,0.886818691358534,2.53010547706482e-28,2
"21471",0.858634711731476,0.141365288268524,3.96960132264493e-17,1
"21473",0.0638533442534053,0.17959127721996,0.756555378526635,3
"21476",0.968930252529894,0.0301711402645273,0.00089860720557865,1
"21478",0.00165416126612604,0.932473174045975,0.0658726646878987,2
"21481",0.0474366939634575,0.0118384432111015,0.940724862825441,3
"21490",0.903845481946951,0.0961545178568056,1.96243241799068e-10,1
"21493",0.00431016546959104,0.995689834530409,2.0288625843998e-25,2
"21495",0.99244585451169,0.00742854885356424,0.000125596634745755,1
"21500",0.972255691047784,0.0277441840784188,1.24873797221162e-07,1
"21504",0.574007489113165,0.425987475527733,5.03535910295513e-06,1
"21507",0.938657255675946,0.0613427443240534,5.19234330100563e-17,1
"21512",0.98142381085666,0.0185761889416328,2.01706748321398e-10,1
"21519",0.841384661305125,0.101452771235513,0.0571625674593621,1
"21522",6.73707483836651e-05,0.999932629133764,1.17852638174699e-10,2
"21524",0.932281722902205,0.0677176602608754,6.16836919939597e-07,1
"21528",0.983612127599972,0.0163878723943767,5.6513495031769e-12,1
"21532",0.948660938787028,0.0513375079327736,1.5532801987317e-06,1
"21543",0.842808047284375,0.157190856442015,1.09627360983178e-06,1
"21546",0.975817954194198,0.024149225063126,3.28207426759708e-05,1
"21550",0.985770808930236,0.0142291910697637,5.00833774627291e-16,1
"21554",0.976094991580288,0.0239050084196116,1.00591559434764e-13,1
"21557",0.0993442558887355,0.82333042438756,0.0773253197237047,2
"21560",0.803888047751181,0.196111952248819,1.8671166535528e-18,1
"21564",0.931633761546179,0.0120052232240853,0.0563610152297353,1
"21566",0.979567538888215,0.0204324603892796,7.22505764928283e-10,1
"21569",0.968342509238432,0.0316481806125953,9.31014897232786e-06,1
"21574",0.00286698873138486,0.00650834885394215,0.990624662414673,3
"21576",0.122555195259575,0.00229278327414845,0.875152021466277,3
"21578",0.00461180746998429,0.00164671848083957,0.993741474049176,3
"21580",0.375359932592403,0.00856197706067277,0.616078090346924,3
"21583",0.954424566669781,0.0455754333302163,2.54703698662353e-15,1
"21585",7.1176670463413e-09,0.190551880771036,0.809448112111297,3
"21587",0.0450685602294165,0.00447594511107819,0.950455494659505,3
"21589",0.0220888884250065,0.295276985036446,0.682634126538547,3
"21593",3.3934289123421e-21,1,4.99400387453272e-16,2
"21595",5.46541311687932e-06,0.999989466014735,5.06857214815514e-06,2
"21597",0.897927289729606,0.0735813166849265,0.0284913935854671,1
"21599",1.2722693563216e-05,0.0139435476186726,0.986043729687764,3
"21601",0.00225053640418842,0.997749417961,4.56348118487179e-08,2
"21603",9.80971267394998e-07,0.0188778760311208,0.981121142997612,3
"21605",0.000633510444795483,0.000858003392723024,0.998508486162482,3
"21607",0.785367248996848,0.0869309802892579,0.127701770713894,1
"21610",0.868993782731225,0.127739250185981,0.00326696708279438,1
"21612",0.0247025405881424,0.00220329980345221,0.973094159608405,3
"21614",0.985089802465934,0.0147080736287955,0.00020212390527061,1
"21616",0.969761881346235,0.0171055659806441,0.0131325526731211,1
"21618",0.401775890237306,0.598224109762645,4.95740819442775e-14,2
"21620",0.00859811440058971,0.00424286805144948,0.987159017547961,3
"21622",0.083212234684603,0.916787765315396,9.52811968038039e-16,2
"21624",0.0853804549667735,0.914325623332671,0.000293921700555759,2
"21626",0.866405833636098,0.0807978280304303,0.0527963383334719,1
"21628",0.991342752028246,0.00865688621090329,3.61760850703766e-07,1
"21630",0.30271793531606,0.105610944537128,0.591671120146812,3
"21632",0.661921988128726,0.337058742474101,0.00101926939717289,1
"21634",0.977181375213508,0.0226566010398887,0.000162023746602995,1
"21636",0.165776504404849,0.0107660768672137,0.823457418727937,3
"21638",0.000215004105341694,0.0120246580720169,0.987760337822641,3
"21640",0.971496403173021,0.0258858201711762,0.00261777665580285,1
"21642",0.000595401208953049,0.00551825930807482,0.993886339482972,3
"21644",1.62407897899608e-09,0.999999144281965,8.540939561177e-07,2
"21647",0.0418738602233167,0.0151675055185912,0.942958634258092,3
"21649",0.194083709395656,0.00735680520366487,0.798559485400679,3
"21651",0.266714522902457,0.28985443558037,0.443431041517173,3
"21653",0.000128697918931297,0.999871199960552,1.02120516953816e-07,2
"21655",1.91953420138444e-06,0.00199138260986409,0.998006697855935,3
"21657",0.0710509948843341,0.00195776745200667,0.926991237663659,3
"21659",1.783128432817e-11,0.998328961746844,0.00167103823532449,2
"21661",0.0287328431570369,0.00241213333970303,0.96885502350326,3
"21663",0.00130994451730063,0.0365645459474222,0.962125509535277,3
"21665",0.0283440610031412,0.0526365343460562,0.919019404650802,3
"21667",0.994417376019434,0.00552269142751482,5.99325530509956e-05,1
"21670",0.985527750059282,0.0143803720783851,9.18778623332889e-05,1
"21672",0.665672596215389,0.0169213328760162,0.317406070908595,1
"21674",0.982359055793067,0.0176409442068873,4.57836196034646e-14,1
"21676",0.97653684696945,0.0234629864122322,1.66618317327661e-07,1
"21678",4.60904501925182e-07,0.999999539095492,6.0653931710387e-15,2
"21680",0.0463715490192349,0.0123606817939894,0.941267769186776,3
"21685",0.983864457766767,0.0160736094741462,6.19327590871893e-05,1
"21687",0.0454369020514742,0.954559725820778,3.37212774763557e-06,2
"21690",0.0610449190985506,0.00638999600343073,0.932565084898019,3
"21707",0.978980637406859,0.0210193625928272,3.14023393666515e-13,1
"21710",0.0172044835413303,0.982795516458669,5.57054649927169e-16,2
"21713",0.925904127273638,0.074095868847954,3.87840755040694e-09,1
"21718",0.717994931937582,0.282005067882634,1.79784162486259e-10,1
"21721",1.49760278320684e-10,0.999999999850144,9.53858351203256e-14,2
"21723",0.880639664652457,0.119360335347542,2.51266974686027e-18,1
"21726",0.960181261614404,0.0398187383855665,2.91470668615387e-14,1
"21729",0.000395074088037137,0.995652385316119,0.00395254059584378,2
"21733",4.12068882006807e-05,0.0072259881213751,0.992732804990424,3
"21735",0.000163030329666391,0.99983696967028,5.29857955020575e-14,2
"21739",0.989688745897066,0.0103080019094554,3.25219347903221e-06,1
"21741",0.991473788429285,0.0085258561413667,3.55429347860449e-07,1
"21744",0.0648011064416969,0.935198372111951,5.21446352238879e-07,2
"21746",0.962262826886732,0.0377371731132684,1.36625514012123e-17,1
"21748",0.968773516935167,0.0312264817639794,1.30085323096037e-09,1
"21750",0.0416181275981911,0.00227652497712054,0.956105347424688,3
"21752",0.971054854990994,0.0289408320975345,4.31291147098778e-06,1
"21755",0.972633475743272,0.0197879856484556,0.00757853860827208,1
"21757",0.715990468469922,0.283508012009471,0.000501519520607044,1
"21760",4.78160181766309e-07,0.99999952183316,6.65788197825291e-12,2
"21762",0.00758662846183634,0.992413371538164,5.04506008357213e-21,2
"21764",3.82541301384649e-08,0.00346294143550882,0.996537020310361,3
"21766",0.967691919016599,0.0323080809834005,2.00849400081971e-16,1
"21768",0.963228816760238,0.0304421599623505,0.00632902327741152,1
"21770",0.959912150677472,0.0376798107723493,0.002408038550179,1
"21773",0.878248149071345,0.121751850928655,4.90759873071752e-23,1
"21775",0.0708311203912117,0.87070157129301,0.0584673083157781,2
"21777",0.0183559547839348,0.00257105434733112,0.979072990868734,3
"21779",0.96674926202153,0.0330549152300891,0.000195822748380581,1
"21781",0.939821220942129,0.0601673286219681,1.14504359032001e-05,1
"21784",0.978649576585407,0.0213504234126691,1.92376969597908e-12,1
"21786",0.88635334286635,0.11350985868802,0.00013679844562932,1
"21789",0.974153114046022,0.0249018904653408,0.000944995488637424,1
"21791",0.976674326831813,0.0233256730426489,1.25538130442431e-10,1
"21794",0.926821153208195,0.0731399350116255,3.89117801788798e-05,1
"21797",0.0147660953020784,0.985233897757277,6.94064452922176e-09,2
"21800",0.00307657395061031,0.99692342604939,2.2266714122945e-21,2
"21802",0.899199523570796,0.100800421148814,5.52803892607222e-08,1
"21804",3.02059941584703e-11,0.999999999969794,1.10832987368849e-16,2
"21806",7.59135586375661e-06,0.999992408640798,3.33769371983855e-12,2
"21808",7.38807102917677e-06,0.999992495941432,1.15987538465713e-07,2
"21811",0.0979005493582933,0.90209945064013,1.5765008449243e-12,2
"21815",0.943017581354596,0.0569824184002744,2.451295532813e-10,1
"21817",6.68412527965641e-08,0.999999933158746,1.14448794285641e-15,2
"21820",0.247100710222207,0.752899289652934,1.24859406048824e-10,2
"21822",0.665469480371908,0.124437815248284,0.210092704379809,1
"21824",0.0225954971093174,0.106031168795911,0.871373334094771,3
"21826",0.983210235947158,0.016789764052803,3.8566710198919e-14,1
"21828",0.371136792330623,0.628755523077381,0.000107684591995932,2
"21830",0.322785221846579,0.00978042465873011,0.667434353494691,3
"21833",0.948764065945926,0.0327925960612387,0.0184433379928359,1
"21835",0.948764065945926,0.0327925960612387,0.0184433379928359,1
"21838",0.596865016565447,0.403134983434545,8.18828363076185e-15,1
"21840",0.903750550460914,0.096249449539086,2.0984665243313e-17,1
"21842",0.00523651307279329,0.994763486927207,8.52461187873789e-18,2
"21844",0.345651053629407,0.649707447271351,0.00464149909924264,2
"21847",0.991958074497548,0.00804179773398149,1.27768470763495e-07,1
"21849",0.679301963171293,0.320683228221909,1.48086067986106e-05,1
"21852",0.96076790423521,0.0392320957111652,5.36251045036018e-11,1
"21854",4.41828125362765e-06,0.000986722819097117,0.999008858899649,3
"21857",0.98706416571829,0.0129358342795768,2.1335709587704e-12,1
"21859",0.454552514857808,0.0092284812678545,0.536219003874337,3
"21863",2.68258510552952e-08,0.0184531958983449,0.981546777275804,3
