"","V1","V2","V3","V4","best$classification"
"19812",0.0257262207959886,0.0122138634823296,0.96205991571863,3.0515200441772e-12,3
"19814",0.892338033162191,0.0019151274610678,0.0845238485361819,0.0212229908405598,1
"19816",3.16641865970832e-10,0.0145432755854409,0.985456724097277,6.39849266152889e-13,3
"19818",0.0212583351041208,0.00883288775726845,0.96857424884621,0.00133452829240022,3
"19820",3.06896170924622e-45,0.0242247574649823,0.975775242535018,2.64379593279338e-33,3
"19822",2.80802275445323e-50,0.895190244159727,0.104809755840273,1.92303138247094e-28,2
"19824",6.53496170510701e-22,0.486762784016781,0.513237215554892,4.28327564433022e-10,3
"19826",0.202288224180142,0.0714277455350845,0.726284004031891,2.62528824574612e-08,3
"19828",1.81762368483858e-21,0.00869977223742516,0.991300227762575,3.76402753189386e-17,3
"19830",0.0907339255786288,0.492600138710514,0.41666588909297,4.66178869006499e-08,2
"19832",3.60722145184625e-10,0.679402161088887,0.320597838550391,2.31046135702629e-26,2
"19834",9.86779747186459e-14,0.0361304219813819,0.963869578018468,5.17288996369035e-14,3
"19836",3.30073110422035e-07,0.0307116173793781,0.969288052547512,5.79455967117978e-19,3
"19838",0.993893840468825,0.00117510977700082,0.00492852662189411,2.52313228035162e-06,1
"19840",7.53046415922077e-10,0.0542355097060181,0.945764489540936,2.7681530794417e-18,3
"19842",0.796761006578561,0.203229890336295,9.08787391590093e-06,1.52112286183937e-08,1
"19844",1.06164303487703e-17,0.0286942746571568,5.05184525952494e-10,0.971305724837659,4
"19846",0.896556226805885,0.00190058275382522,0.000255588648826544,0.101287601791464,1
"19848",0.00926207691490462,0.00103498115850465,0.000494398780969581,0.989208543145621,4
"19850",0.97992073811956,0.0119684274548889,0.005917983519523,0.00219285090602799,1
"19852",4.48314478658068e-05,0.00751395878113989,0.992440619294572,5.90476422451356e-07,3
"19854",0.00242306944685187,0.00141805578583179,0.00068496346240773,0.995473911304909,4
"19856",1.35869116540719e-09,0.915196404927105,0.000800180282925521,0.0840034134312785,2
"19858",1.93808612699621e-17,0.996056301728137,0.00240709305932108,0.00153660521254153,2
"19860",0.000814960894144318,0.0121197182261165,0.987065320781112,9.86275426587976e-11,3
"19862",0.998524725996825,0.00138913407645509,8.60805873054593e-05,5.93394147066838e-08,1
"19864",3.94828067304068e-22,0.999999999881054,1.1894633102064e-10,9.86916766363323e-21,2
"19866",2.84396069939961e-16,0.39500972914271,0.60499027085729,3.40155797113504e-19,3
"19868",2.28545725640832e-35,0.999999999998762,1.23821698073711e-12,1.04960699245512e-32,2
"19870",0.949396075691352,0.00663993457591423,0.04384566208806,0.000118327644673837,1
"19873",0.0344879408116961,0.0589168150622875,0.906589578647742,5.66547827476477e-06,3
"19875",1.28854152679689e-13,0.0155926817375719,0.984407318262299,1.46282294946457e-21,3
"19877",0.085269070591657,0.00941962378958737,0.905243295543124,6.80100756313453e-05,3
"19879",8.07161401714435e-08,0.00834682548247762,0.991638403489019,1.4690312363267e-05,3
"19881",0.00120596848591224,0.10961325608281,0.889176539651879,4.23577939915169e-06,3
"19883",0.84514921577915,0.077337418718703,0.0775125676702579,7.97831888942072e-07,1
"19899",1.69401507387867e-09,0.0682903957524659,0.931709602553519,5.46631606779729e-18,3
"19908",9.3499431099119e-26,0.999999851030478,1.48969521680916e-07,4.8131333921854e-21,2
"19910",0.000606576240015558,0.00598503344169728,0.993394650621923,1.37396963639895e-05,3
"19912",0.939829373527312,0.0600922167669843,7.58021320701358e-05,2.60757363351228e-06,1
"19914",1.47306103597818e-07,0.0230785317413619,0.976921247846301,7.31062339531102e-08,3
"19916",1.796220317672e-29,0.999721216016837,0.000278783983163053,1.97511339169307e-18,2
"19918",0.753917403047993,0.00622099736191255,0.0431048327480751,0.196756766842019,1
"19920",0.00403872633138616,0.00163698072058846,0.000262637630207771,0.994061655317818,4
"19922",1.03502759273205e-10,0.999562215838926,0.000437784057571482,5.61285136061631e-24,2
"19924",0.0110108414369281,0.00419964775661442,0.953634774374273,0.0311547364321842,3
"19926",1.19236386112712e-11,0.0560368193380801,0.943963180649996,3.7839720797244e-22,3
"19928",1.51027960989086e-18,1,2.12078080667667e-16,4.36306583515579e-20,2
"19930",0.954054680072517,0.000815492431705826,0.0451290970606334,7.30435144069074e-07,1
"19932",0.997503559640496,0.000253114458479622,0.00209413174358338,0.000149194157441468,1
"19934",4.63859655061095e-13,0.0111216702509586,0.988878329612161,1.36415973721539e-10,3
"19936",0.00742073393354962,0.0627593198370558,0.929819946110621,1.18773899760313e-10,3
"19938",8.06373021256435e-28,0.0509432570792143,0.949056742920785,6.56934540488195e-16,3
"19940",0.00339486422273648,0.0170047800124904,0.979541610486295,5.87452784784112e-05,3
"19942",2.91052881748599e-12,0.99999999868036,1.31672930008114e-09,6.79846756170774e-19,2
"19944",4.34744331010912e-06,0.0132031889136483,0.986792438064376,2.5578665202793e-08,3
"19946",0.00166395167578656,0.0209022817728209,0.976899307172106,0.000534459379286778,3
"19948",1.77847811331599e-07,0.999999819857009,2.29493460390942e-09,2.45358872236103e-13,2
"19950",1.14455005685326e-08,0.0011016065188668,9.21220709338522e-08,0.998898289913562,4
"19952",1.77847811331599e-07,0.999999819857009,2.29493460390942e-09,2.45358872236103e-13,2
"19954",0.989915899144566,0.000302173629164828,0.00972347304247779,5.84541837912074e-05,1
"19956",0.000215369824556928,0.999777997151987,4.81032159677521e-07,6.15199129657521e-06,2
"19958",3.23657283423495e-26,0.99999999999535,4.64978010433452e-12,1.67663510705878e-27,2
"19962",1.16244421040062e-07,0.748369964886414,0.251424064511665,0.000205854357500491,2
"19964",6.00698920663811e-06,0.0371993655209991,0.962793933100486,6.94389308043934e-07,3
"19966",1.91889884235871e-33,0.288472956422076,0.711527043577924,3.88998588736554e-31,3
"19969",0.55530491203342,0.119778829072729,0.324916258826187,6.76641381845845e-11,1
"19972",0.0739101444895122,0.545769346482146,0.0329922151851363,0.347328293843206,2
"19974",0.0198143184476673,0.00633814934025379,6.13669453903667e-08,0.973847470845134,4
"19976",0.0323898797627388,0.026378047445768,0.927059364953639,0.0141727078378543,3
"19978",1.71027969953492e-06,0.0109005588034082,0.989097725630272,5.28662034232499e-09,3
"19980",0.0509513023135466,0.000656774179789069,0.000229491081603902,0.94816243242506,4
"19982",0.00243881731206461,0.20931341617084,0.0258990095789944,0.762348756938101,4
"19984",2.91616515769832e-10,0.00434851962364661,1.31633338040668e-06,0.995650163751356,4
"19986",1.04460973181097e-34,0.0751008883863602,0.92489911161364,2.25696743512239e-28,3
"19988",4.19782079411672e-49,0.088626401118097,0.911373598881903,1.84771604117749e-36,3
"19992",1.04199860599759e-32,0.0496543329412918,0.950345667058708,3.25308916365058e-23,3
"19994",0.925295524321037,0.00112096295664685,0.0735833976869532,1.15035362617924e-07,1
"19996",7.50156144694925e-29,0.00923267373684537,0.990767326263155,2.09882199865371e-20,3
"19998",1.68234099890302e-10,0.995701625277604,0.00429837454455637,9.60559177257911e-12,2
"20000",4.99843206919847e-05,0.999596052609423,0.000353963069885241,1.02227051061771e-16,2
"20003",0.00826583086047489,0.0216969563093092,0.970037212830213,3.33195062533142e-15,3
"20005",3.98845447153703e-05,0.00156110679138966,5.90345784531365e-05,0.998339974085442,4
"20007",3.11835627766693e-09,0.0282998450853486,0.97170015178544,1.08549906832247e-11,3
"20009",1.43402774097232e-29,0.774408056483791,0.225591943516168,4.04487386672948e-14,2
"20011",0.0209654344854766,0.466868267638825,0.408856944118761,0.103309353756937,2
"20013",0.487624218585812,0.00620883719874506,0.182688670764534,0.323478273450908,1
"20016",4.41719918212317e-39,0.788519349430957,0.211480650569043,3.77560165507192e-20,2
"20018",3.70638036162652e-75,0.999999999561902,4.38098151588772e-10,1.4531708924164e-62,2
"20021",5.33997788345589e-13,0.0127012747032612,0.987298725296205,1.54916614138815e-22,3
"20023",3.21963460427583e-09,0.0366115245901947,0.963388461139065,1.10511058119539e-08,3
"20025",2.88676252466233e-45,0.99543588330027,0.00456411669972997,1.31506196170482e-49,2
"20027",0.966626342755156,0.0260786398189536,0.00729501739534225,3.05485277210881e-11,1
"20029",0.862711722774266,0.113960600314385,0.0233274020796391,2.74831709669339e-07,1
"20032",0.995868455151097,0.00106413118623928,0.00306739332842256,2.03342409354498e-08,1
"20034",1.73435064040075e-05,0.999981983171823,6.73321669440439e-07,1.03821027075609e-13,2
"20036",1.142728600834e-06,0.97023840354094,0.0297603089114777,1.44818981527895e-07,2
"20038",1.20000957714239e-24,0.0160926119733266,0.983907388026673,2.51073301210899e-31,3
"20040",1.69215853467177e-49,0.999850903017675,0.000149096982324488,1.19555278504859e-28,2
"20043",7.55594359415239e-15,0.0274001598593264,0.972599840140666,1.23644047865429e-17,3
"20045",3.31147120283672e-49,0.442980790328779,0.557019209671222,9.08675514628727e-29,3
"20048",1.79948033272403e-10,0.00605309307213999,1.5592948759575e-10,0.993946906591982,4
"20051",1.57837712334782e-07,0.139671580057248,0.860328262087498,1.75425155208647e-11,3
"20053",2.44238101366232e-12,0.132480321121353,0.867519316487624,3.62388581167787e-07,3
"20055",7.14223421256781e-22,0.1221890400205,0.8778109599795,1.46775203359003e-37,3
"20057",8.11857816693522e-41,1,2.20633088751264e-23,2.93062970199364e-39,2
"20059",9.40694944162175e-15,0.309462757521986,0.690537242477992,1.27052500684888e-14,3
"20061",6.44057928529758e-10,0.0215412486133867,0.97845875074254,1.56590291872606e-14,3
"20063",4.0943133779401e-39,0.999999997399263,1.23896493462815e-11,2.58834743523084e-09,2
"20065",1.83651519461846e-45,0.989675131999572,0.010324868000428,4.23197109602517e-59,2
"20067",6.34577889819995e-23,0.255027539377932,0.74497246048709,1.34978305184267e-10,3
"20069",0.00995037180074183,0.000409357511501682,0.000120737497832296,0.989519533189924,4
"20071",3.6382302256487e-14,0.866021549484164,0.133978450515799,1.05004362722965e-17,2
"20073",0.000310152848300544,0.0273018644070348,0.00574597745713292,0.966642005287532,4
"20075",6.30091212264276e-30,0.99999999983972,1.60280474869741e-10,2.03065530244081e-41,2
"20077",4.0972745654505e-12,0.0612891387783395,0.938710860826301,3.91261857765917e-10,3
"20079",5.25143226113754e-14,0.978231209923107,0.0217686171656239,1.72911216481474e-07,2
"20081",1.13912073541896e-17,0.125172919860935,0.874827080139065,2.68790747440153e-18,3
"20083",4.74369374374887e-17,0.999987162934201,1.15043959733304e-05,1.33266982514919e-06,2
"20085",8.992540775467e-47,0.0663255013837393,0.933674498616261,2.17026529142649e-39,3
"20088",6.88122830466882e-21,0.0224010531930945,0.977598946806906,4.88827158173935e-21,3
"20091",3.42770736590722e-30,0.999979416368547,2.05836314531027e-05,1.66195819053647e-27,2
"20095",1.61478229081493e-20,0.999972957705831,2.56733971199174e-05,1.36889704905609e-06,2
"20097",7.88983396475284e-47,0.110471314556186,0.889528685443814,2.96486768146302e-42,3
"20099",4.76484292293246e-20,0.964655241778064,0.0353447566162558,1.60567999159758e-09,2
"20102",8.00611153796699e-21,0.999999825413757,1.21541065157981e-07,5.30451775502028e-08,2
"20105",1.29006238800508e-18,0.0405206485919209,0.959479351408052,2.66051257527165e-14,3
"20107",2.01845481685125e-20,0.0137360262512663,0.986263973748734,5.23808329643136e-18,3
"20109",3.70772166350938e-12,0.245639113196625,0.753004841378366,0.00135604542130184,3
"20111",2.04750539211413e-12,0.999999995331766,4.66618682397924e-09,1.73504972673471e-17,2
"20113",5.04950766031732e-15,0.159552592998676,0.840447407001319,1.81062193571336e-22,3
"20115",0.152449187964235,0.840087295848904,0.00746351618553355,1.3268738655287e-12,2
"20117",1.09278120670673e-39,0.999999981473198,1.85268020877079e-08,3.37911676803148e-41,2
"20119",1.65092518549786e-26,0.664465410435693,0.335534589564307,1.38394217236362e-30,2
"20121",2.34011327970246e-24,0.0264736055580136,0.973526394441986,5.16844023333326e-23,3
"20123",2.43564882929929e-36,0.99998860279765,1.1397202350367e-05,2.23816280840671e-45,2
"20125",0.994756754525159,0.0012420062566753,0.00383669728127019,0.000164541936895038,1
"20127",5.60811468567698e-40,0.0569715764698507,0.943028423530149,2.45620168517277e-24,3
"20140",1.9984795460083e-15,0.376763593202632,0.623236406797366,1.2734241576115e-29,3
"20142",0.000896396510054918,0.00179035005630442,6.67552241472607e-07,0.997312585881399,4
"20144",0.0363194146993086,0.958410199323264,0.00527038588320987,9.42174013183432e-11,2
"20146",6.91579920796982e-05,0.980507276740998,0.0183225378923557,0.00110102737456637,2
"20148",0.188663447018112,0.0199898116752856,0.791346741115926,1.90676571313435e-10,3
"20150",0.430660631162415,0.00282477380974328,1.68791691008504e-05,0.566497715858741,4
"20152",0.0900497725099243,0.0202369640840542,0.889712948141941,3.15264080844748e-07,3
"20154",9.71288875592013e-42,0.999845292464449,0.000154707535550577,5.20634835106136e-29,2
"20156",7.91738993903062e-12,0.707387720589617,0.29261142540954,8.53992925808892e-07,2
"20159",1.83911013554405e-08,0.00988104621987474,6.95057232618827e-05,0.990049429665762,4
"20161",7.58681671014876e-09,0.989593781068214,2.37151324687575e-05,0.0103824962125004,2
"20163",2.38372838232928e-05,0.247337160206787,0.75263900250939,1.03957997882887e-21,3
"20165",9.82381914392574e-15,0.799399630698114,0.0128082046792109,0.187792164622666,2
"20167",0.87420674930016,0.001976681682061,0.121252886830316,0.00256368218746309,1
"20169",1.59888887289691e-07,0.00151041794449323,1.63367190162834e-09,0.998489420532948,4
"20171",3.31712000302548e-52,0.999999721103896,2.78896103625041e-07,5.38350057375041e-32,2
"20173",1.30102643722965e-25,0.999999952867049,4.70272089269802e-08,1.05741713875174e-10,2
"20175",0.26649825086897,0.0288721821292191,0.700612948589504,0.00401661841230656,3
"20177",4.28970704843576e-18,0.843977365760559,0.156022634239286,1.54816749171331e-13,2
"20180",2.55545023863249e-28,0.0910043849105264,0.908995615089474,7.10162750212447e-41,3
"20182",6.42109214939117e-19,0.999999601502105,9.22692273382926e-21,3.98497895224888e-07,2
"20184",0.000750240521208038,0.00123130802393105,0.000966299776098676,0.997052151678762,4
"20187",2.38081144954233e-11,0.999978738373622,2.12603604427699e-05,1.24212696220237e-09,2
"20189",1.72672223277642e-11,0.0397811762166166,0.960218823766116,9.49216578568356e-17,3
"20192",4.22421080175404e-29,0.999855979526475,0.000144020473524636,1.1874023304647e-38,2
"20194",8.17891621810081e-06,0.999828293040876,1.76776895448666e-06,0.000161760273951754,2
"20196",2.82391849806393e-36,0.848566410967275,0.151433589032725,3.8880679785686e-32,2
"20198",7.0132816715171e-05,0.435774037925161,0.564155828898534,3.59589272331682e-10,3
"20204",0.931715186892804,0.00316980992916972,0.000747941699567755,0.0643670614784583,1
"20207",1.70911900179205e-30,0.266905056400369,0.733094943599631,4.51875622429715e-18,3
"20209",6.36821530804309e-10,0.999779247903127,0.000220751460051564,1.41563177721808e-32,2
"20211",5.41476552994869e-27,0.999851663635246,0.000148336364753721,1.11746622906579e-33,2
"20215",1.35131308314786e-16,0.050624672528315,0.949375327471685,1.12282252027578e-20,3
"20218",0.0226225653458285,0.000960623099550835,7.6524879736023e-06,0.976409159066647,4
"20222",6.49735258949244e-21,0.123027329087341,0.876972670912659,1.27943249625801e-18,3
"20225",0.0670512949890302,0.929337183517493,0.00361151999415333,1.4993238214747e-09,2
"20229",7.91116479710736e-11,0.924359946715855,0.0756400532050329,4.75688893614485e-22,2
"20232",5.26968436277646e-12,0.0726197119859034,0.927380288008824,2.91877197341153e-15,3
"20234",9.70969447020755e-65,0.999472567454738,0.000527432545262456,8.35981250836624e-59,2
"20238",3.80404652898236e-22,0.0799571629722994,0.920042837027701,1.39303019148786e-17,3
"20253",6.26665244226021e-31,0.126737537480226,0.873262462519774,1.11334529926316e-26,3
"20255",0.957101640810089,0.00364530117905877,0.0392526881394281,3.69871424580569e-07,1
"20258",3.4072000802867e-26,0.0131263980482007,0.986873601951799,3.57786982774333e-27,3
"20269",5.59031565634875e-14,0.0391687980353283,0.960831179526289,2.24383262998022e-08,3
"20271",5.53432256283918e-29,0.444725868211822,0.555274131788179,6.91338260963806e-32,3
"20285",3.27399122300102e-10,0.985041686436803,0.0149583129013494,3.3444881015719e-10,2
"20288",2.00930542905843e-16,0.0325692801151336,0.967430719884866,2.66980455496651e-17,3
"20291",2.94622678753784e-34,0.811299043063907,0.188700956936093,1.15440471907044e-24,2
"20295",6.22551629268023e-15,0.922862042891731,0.0771379571081343,1.28225777557523e-13,2
"20298",0.995028256797239,0.000745344524384864,0.0042259447076457,4.53970730100581e-07,1
"20302",0.000453085686073033,0.0372944889971439,0.0175735714370025,0.94467885387978,4
"20305",0.994379598216631,0.0026484057743591,0.00297199589806853,1.10941197306717e-10,1
"20307",8.04496430130916e-31,0.0209844855344628,0.979015514465537,9.40917590217171e-24,3
"20310",5.00148437956225e-53,0.802797034110969,0.197202965889031,5.36798228870524e-39,2
"20313",5.15453719444156e-11,0.0152826685777415,2.20722576655714e-09,0.984717329163487,4
"20315",5.64631476981929e-26,0.00878857267636335,0.991211427323637,2.26911072693741e-23,3
"20319",1.07845451372756e-35,0.959329281717788,0.0406707182822122,1.30641279889453e-39,2
"20321",9.74268313282868e-29,0.110508095915996,0.889491904084004,7.36683095057125e-23,3
"20327",1.44263056668703e-27,0.0257189349080631,0.974281065091937,1.18091372747525e-22,3
"20329",5.12468993634705e-06,0.999989624426397,7.14708699459451e-09,5.24373657918174e-06,2
"20335",1.52883888163434e-36,0.613816302747739,0.386183697252261,2.80458257451105e-24,2
"20337",2.65420959206645e-05,0.000619921626279123,9.77851884804689e-05,0.99925575108932,4
"20339",8.33914810049652e-21,0.999983573758264,1.64262417362466e-05,4.73003193375103e-38,2
"20341",6.63141084689503e-38,0.999986195572701,1.38044272989578e-05,2.62174275687491e-19,2
"20343",1.09172432675581e-38,0.920570063525758,0.0794299364742423,3.30738701388861e-18,2
"20345",0.000783151231878066,0.0515814356454164,0.947635413122705,1.02420850080863e-16,3
"20350",1.54295606839309e-21,0.99984812737607,0.000151872623929703,1.67320281450002e-17,2
"20352",2.49332239692488e-07,0.000985680469738959,4.45389610169965e-08,0.99901402565906,4
"20355",5.3094719900643e-10,0.910250339068639,0.00159323451730885,0.0881564258831048,2
"20358",0.0077616751195647,0.992170436924017,3.36427051896279e-07,6.75515293662201e-05,2
"20363",4.89287909561861e-23,0.0342335137443517,0.965766486255648,2.27671365874491e-20,3
"20365",1.54550438531039e-18,0.25297940164852,0.74702059835148,2.36230079570959e-25,3
"20379",0.0792285052959504,0.602581762114656,0.318175897838084,1.38347513101199e-05,2
"20387",1.48736357447575e-18,0.0269892956779672,0.973010704322033,2.06899038580224e-18,3
"20392",2.52731767171233e-32,0.999879284710829,0.000120715289170656,3.42993473766194e-43,2
"20395",0.258008987120233,0.0377969490375769,0.704101842362605,9.22214795850492e-05,3
"20397",2.46647245252339e-12,0.998938741150422,2.35083599067832e-16,0.00106125884711083,2
"20410",3.47771479244086e-15,0.0310034058889349,0.968996594111062,8.28814204419777e-28,3
"20414",0.815772006020224,0.0701892824179022,0.0916305196223291,0.0224081919395447,1
"20417",1.79590128001133e-85,0.999999999971204,2.87958875980827e-11,4.09785170161342e-73,2
"20419",2.02980089823298e-33,0.116131760316676,0.883868239683324,3.36619073658675e-22,3
"20421",6.95096415141276e-06,0.984450246991598,0.0149230036232178,0.000619798421032881,2
"20423",0.934804113213411,0.0133505626187136,0.0099200982768769,0.0419252258909989,1
"20425",0.156400493099458,0.246654807152333,0.162514348607753,0.434430351140455,4
"20427",0.000115362058451719,0.0266624330917792,0.973222204849742,2.70256827311726e-14,3
"20429",1.2068600655018e-33,0.994436207934342,0.00556379206565795,2.56686648181385e-19,2
"20432",0.844254084990979,0.0794012901739736,0.000776402452273789,0.0755682223827733,1
"20435",1.57185902308118e-08,0.0662208120516937,0.933779172229716,3.29289926471934e-19,3
"20438",2.65735538391876e-21,0.578449212224289,0.421550787772838,2.87355748848042e-12,2
"20440",2.91856264194117e-29,0.0140563733979332,0.985943626602067,1.02478880200497e-16,3
"20443",1.17973822767406e-11,0.361699531145175,3.78754348378457e-05,0.63826259340819,4
"20446",8.10028370665482e-11,0.170459083047724,0.829540916362242,5.09031825613581e-10,3
"20449",1.47196169455379e-12,0.0354448266492749,0.964555173349253,8.15183473460415e-17,3
"20537",2.04098596178948e-22,0.848686851255048,0.151313148744952,1.19930375407791e-18,2
"20540",1.01316714773162e-39,0.999990280536026,9.7194639736829e-06,4.51548053674511e-47,2
"20543",1.40443955925156e-08,0.0211866830579422,0.978813302351047,5.46615386382363e-10,3
"20545",1.39923185973656e-29,0.999991559188125,8.44081187540721e-06,6.28487010633795e-33,2
"20549",0.0269368656914992,0.0368495397727395,0.921987146509135,0.014226448026626,3
"20551",2.76419012260857e-10,0.00822324704238439,0.991776693554002,5.91271945622259e-08,3
"20554",5.35589722491293e-14,0.00647690877077048,0.99352309122619,2.98630349439606e-12,3
"20556",2.35615424218314e-09,0.0441825132357242,0.955817484407313,8.0864723476888e-13,3
"20558",9.35888153320839e-25,0.00949663490703102,0.990503365092969,3.57608303432272e-20,3
"20560",5.33252844638569e-10,0.0274716216086208,0.972521869767507,6.50809061903992e-06,3
"20563",8.50602623907236e-37,0.0571650922912049,0.942834907708795,7.43550162734486e-25,3
"20565",4.65925831551747e-12,0.0688800323789144,0.931119955569346,1.20470802400279e-08,3
"20567",0.0634029763188334,0.0387485139081204,0.00132427307383355,0.896524236699213,4
"20571",1.76572580294987e-32,0.945885449107549,0.0541145508924508,1.86121535313194e-29,2
"20573",6.40761328047482e-12,0.0195884973461957,0.980411450689264,5.19581329800304e-08,3
"20575",4.53347742397716e-32,0.125599837166211,0.874400162833789,4.63462716222415e-23,3
"20577",2.45006859025575e-08,0.0132840030673912,0.986715972431768,1.55184538067756e-13,3
"20579",5.52868679289085e-08,0.0603559228038029,3.28351287807061e-11,0.939644021876494,4
"20582",3.77801007489919e-38,0.0195280407701678,0.980471959229832,6.19521705629484e-30,3
"20585",6.92896211894623e-15,0.798689661014233,0.20131033898576,2.4897854652311e-27,2
"20588",6.50076258320573e-20,0.999402170454096,0.000597829545903886,2.00154026011776e-20,2
"20590",0.00133738435901342,0.00233794650586692,1.07691645787189e-08,0.996324658365955,4
"20592",2.89522972837863e-36,0.022097019873304,0.977902980126696,8.44312974709531e-20,3
"20594",6.29998550220209e-37,0.0372451753983666,0.962754824601633,8.63520126417296e-34,3
"20596",1.11432903863056e-13,0.0492882438034699,0.950711755686466,5.09952745937088e-10,3
"20598",2.71373525697441e-10,0.0120303019051307,0.987969697786936,3.65596043430258e-11,3
"20600",4.52826873112227e-09,0.511846954316456,0.488153040364505,7.90770290420119e-10,2
"20603",0.441293137596551,0.441768110601894,0.116837187775294,0.000101564026260919,2
"20605",4.02354723739789e-23,0.0179723662942644,0.982027633705736,8.60142309724961e-27,3
"20607",4.28997036960694e-16,0.0173862895520571,0.982613710447943,2.76744321953273e-17,3
"20609",1.07259621236219e-12,0.00889131567916126,0.991108684319736,3.05535207871133e-14,3
"20611",0.994445810845588,0.00398146480853528,0.00125822191603607,0.000314502429840319,1
"20613",7.031248388674e-06,0.0216668199040642,0.978326148847546,5.62857621712441e-16,3
"20615",5.00985352224901e-06,0.0375193455771817,0.962474973776,6.70793295563947e-07,3
"20617",7.35495884274551e-10,0.0104186639691463,4.61680841901743e-07,0.989580873614516,4
"20619",1.10453420072391e-31,0.0522311717067866,0.947768828293213,2.80533837317703e-18,3
"20621",8.8562065471435e-12,0.0533853040079436,0.9466146959753,7.90042211292832e-12,3
"20623",6.53051979545892e-07,0.321255961879157,0.00166193940225695,0.677081445666607,4
"20625",0.00556419459351759,0.982263869637824,0.0121718769946681,5.87739906966927e-08,2
"20627",1.32847717527092e-07,0.0115682514811266,0.988431615671101,5.52329961289997e-14,3
"20629",1.71795144421307e-09,0.00457436386795726,0.99542562043348,1.3980611327516e-08,3
"20631",4.75063027678128e-36,0.126739032974172,0.873260967025829,9.31352174313673e-21,3
"20633",1.20645324876209e-10,0.00211132897720169,1.32095523613668e-11,0.997888670888943,4
"20636",0.00767807969754515,0.891594991861076,0.100517066294469,0.000209862146910254,2
"20638",2.23856997803978e-09,0.571570098250246,0.428429899511184,4.65804250667009e-23,2
"20640",4.06721632724429e-21,0.134186347157597,0.865813652842403,4.01979261287628e-31,3
"20645",2.11303863993631e-40,0.0502274761183827,0.949772523881617,4.27364539545245e-36,3
"20647",9.90507544565402e-15,0.0093013659529033,2.22963873552055e-10,0.990698633824123,4
"20649",4.82753176277882e-13,0.123302739233911,0.876697260765606,1.23587991748806e-16,3
"20651",5.80362600531884e-50,0.991666076507814,0.0083339234921857,1.00131719874218e-24,2
"20656",5.48639798609151e-27,0.687335617874013,0.312664382125987,2.70155323542401e-28,2
"20660",9.46347864156284e-27,0.999989367686774,1.06323132255052e-05,2.37869765693028e-38,2
"20662",5.69021795981814e-08,0.769125248262959,1.66389666530118e-05,0.230858055868209,2
"20664",9.40334890608655e-21,0.94680502102259,0.0531949750752472,3.90216320465874e-09,2
"20666",5.92813740243561e-05,0.998150081802717,0.0017906368232591,3.68102311825848e-23,2
"20668",0.997735315779196,0.000696868038955603,0.000828321195452396,0.000739494986395245,1
"20670",5.90497379529755e-29,0.888093896428354,0.111906103571645,1.65606812046785e-29,2
"20672",0.742908152246895,0.00442403639741373,0.000910267095695781,0.251757544259995,1
"20674",1.60349034527041e-09,0.0410732280481267,0.958926770327768,2.06148978410535e-11,3
"20676",0.134562878038149,0.864182760510346,2.07322625801441e-07,0.00125415412887938,2
"20678",0.626862249325077,0.347524815919283,1.77808212426747e-08,0.0256129169748193,1
"20680",0.93655208070818,0.00398825662030157,0.0465630801892138,0.0128965824823041,1
"20682",0.0696067462605919,0.24312652717678,0.687266711392524,1.51701049102421e-08,3
"20684",1.81066941716008e-14,0.841274760096884,0.158725239903098,2.36084371378035e-23,2
"20686",0.00130138752393255,0.000313669260848494,5.56453209882521e-06,0.99837937868312,4
"20688",0.000103855049273993,0.88803275927169,1.48187973584164e-11,0.111863385664217,2
"20690",2.76196980764873e-24,0.988820419843466,0.011179580156534,4.80956978841534e-39,2
"20692",8.07849652895056e-09,0.00401609835115986,1.11696525603844e-13,0.995983893570232,4
"20694",0.997788492924138,0.000656093661879445,0.00155383762953342,1.57578444913368e-06,1
"20696",0.722062795752628,0.16873940186937,0.108812765133927,0.000385037244074682,1
"20698",3.50401001117493e-12,0.321081685919655,0.678918313971813,1.0502810038048e-10,3
"20700",1.97338774413051e-21,0.958718264785891,0.0412817334312202,1.78288904360425e-09,2
"20702",6.96718581593145e-38,0.847215006683869,0.152784993316131,3.93338743952023e-41,2
"20704",2.14944262162321e-08,0.00958969453947808,0.990410283960325,5.77099487236628e-12,3
"20706",2.37810824523066e-11,0.995269090395668,0.00473090865935179,9.21199496647098e-10,2
"20708",0.931780813993776,0.068206241377557,3.96341815400761e-06,8.98121051269287e-06,1
"20710",1.72580929382035e-14,0.291384637953527,0.708615362046456,5.09502610063488e-27,3
"20714",1.38403247123534e-05,0.0333605233463326,0.000165556883686616,0.966460079445268,4
"20716",1.04367836649608e-14,0.0273070119212841,0.972692988078706,2.31564800965023e-19,3
"20719",3.80521885063886e-11,0.865953785479064,0.134046214482883,3.76294609804731e-16,2
"20721",3.87378966194968e-39,0.0634424293945308,0.936557570605469,4.78802173964966e-22,3
"20723",5.94176349412361e-20,0.999607567579859,0.000392432420141201,1.01716736526928e-21,2
"20725",0.969480840788795,0.00152418696223149,0.0289947088768323,2.63372141691218e-07,1
"20727",1.33665816556746e-09,0.99985893857259,2.2651636951849e-10,0.000141059864235971,2
"20729",0.999000676034471,0.000787913959812823,0.00021140851017216,1.49554354700855e-09,1
"20731",0.99573593667234,0.00118502600982079,0.00307902618617464,1.11316644923624e-08,1
"20733",1.33870749048399e-09,0.0453576042080393,0.954642394453253,8.77315066192246e-21,3
"20735",1.08808540938658e-05,0.0207446120170445,0.979244507128859,2.14220082754475e-15,3
"20737",0.996099968269338,0.00351553199748154,1.2095482664378e-05,0.000372404250515649,1
"20739",9.14950199395845e-07,0.00218037010910339,5.26120143983169e-11,0.997818714888085,4
"20741",0.798994231239991,0.00604473648401561,0.19312986311574,0.00183116916025323,1
"20743",0.304722491116891,0.216961756046461,0.478292013589538,2.37392471099176e-05,3
"20745",2.09737835635674e-32,0.0912032705641299,0.90879672943587,3.04556021604051e-25,3
"20747",0.972742797730859,0.0260300380244683,0.000636283700067284,0.000590880544605505,1
"20749",0.899360757664804,0.0844994530016569,0.00115149760724819,0.014988291726291,1
"20751",0.0489529339547169,0.942175569633993,0.00887149641129042,2.11160885828015e-18,2
"20753",0.962078770277566,0.0132889257436927,0.0246323039782298,5.11794598199967e-13,1
"20755",0.0025767237394869,0.99742322641405,1.41658532033399e-08,3.56806097431746e-08,2
"20757",9.69498193500849e-14,0.999995425367956,4.52916434870592e-06,4.54675977805922e-08,2
"20759",2.67894794404951e-26,0.403796601260072,0.596203398726807,1.31210193211679e-11,3
"20761",0.242765762733426,0.00482029663423381,0.752380231513536,3.37091188044664e-05,3
"20763",1.06881736373764e-05,0.547912739047717,0.452076557617864,1.51607811528805e-08,2
"20765",0.92196433978656,0.00136521154795881,0.0619123466284376,0.0147581020370441,1
"20767",1.94364019637625e-15,0.0236649575578614,0.976335042442137,7.4782575043685e-20,3
"20769",4.25942325942875e-21,0.959718681346438,0.0402813186535615,1.94710785859386e-46,2
"20771",0.00217162660149526,0.0242720989386233,0.958313554058348,0.0152427204015336,3
"20773",4.08864781686074e-13,0.999999605652953,3.94346629273009e-07,8.85916781179274e-15,2
"20775",0.0476145580425445,0.071001702782476,0.881383739174478,5.01134656360702e-13,3
"20777",1.24993911597709e-11,0.971646350412255,0.0283536495752452,1.46073844567923e-26,2
"20779",0.950574858309772,0.0025848660951054,0.0468402755630421,3.2080570340468e-11,1
"20781",9.79920995997117e-29,1,1.36672010990354e-18,1.29194556962818e-28,2
"20783",0.035430047751699,0.0185853336924856,0.926870824510457,0.019113794045358,3
"20785",2.77585094073658e-14,0.99999999771039,2.6603035998767e-12,2.28692204365507e-09,2
"20787",0.991092806655078,0.00127054055152703,0.00489754946587735,0.00273910332751717,1
"20789",1.60018085032294e-06,0.0157251350003633,0.984273264818786,6.54123521159772e-16,3
"20791",0.999060758723491,0.000446497825338073,0.000155870715012661,0.000336872736158443,1
"20793",0.000631988774693881,0.0575789862440481,0.941789024981257,8.95690952978805e-16,3
"20795",0.00196195193286265,0.00544657678760747,0.00927496380393529,0.983316507475595,4
"20797",4.05061799089743e-18,0.999999998352434,9.37235412108256e-16,1.64756477527989e-09,2
"20800",0.000641249733640334,0.00507273901824645,0.00189545682631733,0.992390554421796,4
"20802",0.804258655323246,0.00438380391692316,0.144084076961723,0.0472734637981086,1
"20804",0.998332387956116,0.00162389269146838,4.36833753234993e-05,3.59770917801535e-08,1
"20806",0.0567476280043809,0.00160178257486228,6.46238834938128e-05,0.941585965537263,4
"20808",8.32248873917843e-12,0.013781816704605,0.986218183287073,3.31540675555485e-20,3
"20810",0.0327781313628537,0.751308086967788,0.210471720681131,0.00544206098822687,2
"20812",0.735517373358102,0.0854477747126727,0.179010502331943,2.43495972824428e-05,1
"20814",0.927517237985314,0.0724017633960268,4.73425325472048e-08,8.09512761262872e-05,1
"20816",2.5045068901451e-30,0.996732766927752,0.00326723307224805,6.10127421913843e-42,2
"20818",0.0208406066264394,0.0276399156534201,0.950978886554678,0.000540591165461969,3
"20820",6.94514407581576e-13,0.0278267190913042,7.86819262718152e-11,0.97217328082932,4
"20822",0.940929251195773,0.000690631261614655,0.0582989712691253,8.11462734870621e-05,1
"20824",3.28140744232227e-13,0.99999999947962,3.01255738723988e-13,5.19750693478552e-10,2
"20826",4.91558541039902e-05,0.000233489178512667,2.35693340252106e-07,0.999717119274043,4
"20828",1.79948033272403e-10,0.00605309307213999,1.5592948759575e-10,0.993946906591982,4
"20830",0.993557969613967,0.0057204605941146,0.000721141834087451,4.27957830988988e-07,1
"20832",3.60785844030041e-05,0.030621122345573,0.967409719445057,0.00193307962496732,3
"20834",5.28474866956703e-14,0.0195366773644319,0.980463322635515,6.74961979473863e-21,3
"20836",0.982458364015453,0.000983211250222863,0.0165584244756441,2.58679495597762e-10,1
"20838",0.961536194394505,0.0384631200128803,6.58383091442895e-07,2.72095232743464e-08,1
"20840",2.3035732366712e-13,0.0131106585817857,0.986889341417984,2.06898034727181e-19,3
"20842",0.826230425095358,0.159123809603687,0.0146457652922271,8.72724516666177e-12,1
"20844",0.000606911406312682,0.999177797601501,0.000215290262174914,7.30011580569167e-10,2
"20846",0.000705682372966454,0.0150208727384487,0.049885312288631,0.934388132599954,4
"20848",0.000809187628471289,0.0114897868464973,0.987701022903205,2.62182642499509e-09,3
"20850",2.67831380659203e-12,0.0269748898479288,0.973025037033164,7.31162286859395e-08,3
"20852",3.23683215475552e-17,0.340595065891036,0.659385481048906,1.94530600572193e-05,3
"20854",1.80416446629976e-05,0.000414541376470678,7.61069211105401e-06,0.999559806286755,4
"20856",9.43532259635458e-28,0.999999152567347,8.47432653097632e-07,7.94578702301394e-37,2
"20858",6.57189513306994e-22,0.099991077459143,0.900008922540857,8.10598779820807e-19,3
"20860",0.00852464263110719,0.987121198954443,0.00435415841444988,2.47159596835354e-16,2
"20862",1.57112626317219e-23,0.241075307803603,0.758924692196396,9.24540320223447e-26,3
"20864",2.8792583771861e-06,0.00044015863143363,2.49925359440782e-06,0.999554462856595,4
"20866",3.30674398762857e-57,0.594003236299371,0.405996763700629,7.28102585620841e-38,2
"20868",1.7476744357058e-16,0.0135763234969248,0.986423676501744,1.33085571596248e-12,3
"20870",0.0520288093033698,0.0161696926047643,0.931757088808842,4.44092830240752e-05,3
"20872",0.981960160111671,0.00041536284759544,0.0165746769665747,0.00104980007415949,1
"20874",1.50611100091437e-09,0.00315169715556936,2.12923645336963e-10,0.996848301125396,4
"20877",3.77610567476721e-14,0.029080608758676,0.970919391241286,1.21125212343351e-19,3
"20879",1.50354567187854e-23,0.0220146407940446,0.977985359205956,4.37431539751391e-28,3
"20881",0.989966800197631,0.00118282219090077,0.00884835185312325,2.02575834474097e-06,1
"20883",0.00260292195489044,0.99739367417271,3.40164356435609e-06,2.22883535195467e-09,2
"20885",0.947644515195469,0.00295709846638213,0.012308523669281,0.0370898626688683,1
"20887",1.75581339212789e-10,0.0456435264237729,0.954356473400646,3.093146261677e-25,3
"20889",0.395134950344971,0.062904875360017,0.54196017429165,3.36197910943526e-12,3
"20891",3.74016207363528e-22,0.0196244916377015,0.980375508362298,7.99393320655014e-23,3
"20896",4.32150421496629e-12,0.05973373872607,0.940266261269609,1.12927640041396e-18,3
"20898",0.923042477329273,0.00184339871468195,0.0751137346654315,3.8929061322606e-07,1
"20900",6.43867657232932e-15,0.999999999999984,9.39253384179928e-15,7.04309059466406e-17,2
"20902",6.18824176548964e-12,0.884891715454936,0.115108284538875,2.02403465441469e-32,2
"20904",2.88051895711955e-11,0.5501846949182,0.0057079158088419,0.444107389244153,2
"20906",3.672088369038e-18,0.141493485906774,0.858506514093226,1.17386874445131e-24,3
"20908",0.0083329577272232,0.0259291304921916,0.643464145371134,0.322273766409451,3
"20910",0.0279519440959476,0.923580805291557,0.0484396969677302,2.75536447648802e-05,2
"20912",6.33395947657672e-25,1,2.97243536018561e-17,9.00786345283944e-42,2
"20914",2.20398237722469e-43,0.107150396851065,0.892849603148935,1.26095148248756e-46,3
"20968",1.15165938323913e-17,0.999999997315659,6.44059428134241e-11,2.61993438060476e-09,2
"20970",1.03452246085924e-14,0.00545179207239288,0.994548204919701,3.00789582363128e-09,3
"20981",3.2843312124805e-15,0.266306077080232,0.733693922919764,9.18687447375002e-18,3
"20983",0.600929744878585,0.0713600477614446,1.880500972942e-07,0.327710019309873,1
"20988",4.34167197430795e-21,0.0119546704987617,0.988045329501217,2.16183964974755e-14,3
"20995",6.10539080672188e-26,0.999999924440557,7.55594425515528e-08,2.54588448928974e-32,2
"21017",0.0093186004300824,0.0198486340874927,0.968010416743793,0.00282234873863141,3
"21038",4.07567364275548e-17,0.0527039904663927,0.947296009533607,2.04210983411708e-22,3
"21072",6.1121098686379e-19,0.0749028675078048,0.925097132492195,6.8027410348405e-16,3
"21075",1.96154401494334e-21,0.174408616978987,0.825591383021013,8.96360288201686e-32,3
"21223",0.00249445699805634,0.0158275902148618,0.981677952294389,4.92692325673553e-10,3
"21225",6.48513077979801e-46,0.999999999999837,1.62463112203315e-13,9.47211883720708e-62,2
"21230",5.13378592940948e-05,0.000385424002186812,1.3775005437889e-09,0.999563236761019,4
"21236",0.035165584853622,0.029815290151153,0.935019114993302,1.00019233987067e-08,3
"21238",3.84554814562382e-12,0.972255548188351,0.0277444518078031,1.56828709101299e-25,2
"21241",1.00220177752987e-29,0.281883508992119,0.71811649100788,1.03067766286979e-15,3
"21246",1.53940883850773e-11,0.0183627354009375,0.981637262209005,2.37466346363686e-09,3
"21253",0.0026997090111052,0.000310604842271723,1.18161192409571e-05,0.996977870027382,4
"21256",0.000106325748130614,0.0139068656755883,0.0306743848239721,0.955312423752309,4
"21260",8.41980885263304e-41,0.999992011084984,7.98891501593898e-06,1.87955716685327e-34,2
"21266",4.1338599172466e-13,0.0110845714210495,0.98891542857851,2.71041696692929e-14,3
"21332",6.89984239717096e-13,0.0242564193475933,0.975743580649909,1.80810923502889e-12,3
"21334",0.530637687716455,0.0256812693700794,0.44368104291278,6.85189686687139e-13,1
"21375",6.87043115803463e-35,0.395342946462595,0.604657053537405,1.31153071815574e-29,3
"21378",1.61625175440885e-49,0.493841059530458,0.506158940469541,2.69928558293598e-38,3
"21381",8.38824693862052e-32,0.246376837942634,0.753623162057366,2.05461911912938e-21,3
"21389",0.970328800467974,0.0141348265893379,0.0144800425381793,0.00105633040450921,1
"21391",3.04988738209966e-20,0.926116532960478,0.0738816489041651,1.81813535637219e-06,2
"21402",4.73125413518473e-16,0.0778601398649188,0.92213986013508,1.17198638298426e-15,3
"21404",1.82535280935941e-15,0.371244463785715,0.628755536214283,2.6526702762961e-29,3
"21409",6.86595519959945e-19,0.0279867401152118,0.972013259884788,4.93777024400222e-28,3
"21413",7.99997062731834e-11,0.327441856093066,0.672558143826935,2.34847071746999e-34,3
"21423",4.38732222391668e-35,0.996172374530253,0.00382762546974662,8.12464423148496e-35,2
"21425",3.18263246180284e-17,0.139455816650285,0.860544183349715,8.79112412820021e-27,3
"21430",4.80154812622105e-12,0.998394435130583,0.00160556486461587,2.04367646014494e-19,2
"21432",1.81810963524757e-08,0.0143520194646248,0.985647962345881,8.39726300924221e-12,3
"21438",4.15873278280505e-39,0.999988319807432,1.16801925681361e-05,1.6041961023668e-25,2
"21440",4.10300856964338e-11,0.035106487279487,0.964893512679479,4.11848956870022e-15,3
"21443",0.978753692379521,0.000700029371067972,0.0176273312653662,0.00291894698404446,1
"21445",3.13861757439101e-22,0.999995963734514,4.03626548641054e-06,6.1971460018521e-28,2
"21447",9.9878530173838e-35,0.0886636458005135,0.911336354199486,3.50516751798557e-26,3
"21449",1.19816208169056e-27,0.0803307980389334,0.919669201961067,2.24330143398403e-20,3
"21451",1.19816208169056e-27,0.0803307980389334,0.919669201961067,2.24330143398403e-20,3
"21455",9.74687283263853e-22,0.0238084670402513,0.976191532959749,1.0166438518638e-19,3
"21469",3.42789132825319e-50,0.894129685208171,0.105870314791829,1.81384235191689e-44,2
"21471",4.16520622039988e-29,0.16656071336687,0.83343928663313,2.70064969945069e-32,3
"21473",0.00324873687016772,0.822562172272463,0.173492410514083,0.000696680343286959,2
