"","V1","V2","V3","V4","best$classification"
"19812",0.0222316847335567,0.967496881477562,0.0102714337822411,6.64074389259003e-12,2
"19814",0.89928271616252,0.0793023481374825,0.00179718706612532,0.0196177486338722,1
"19816",3.146082365057e-10,0.988425209532061,0.0115747901520752,1.25564177814088e-12,2
"19818",0.0272500805661866,0.963880282470019,0.00764970205752145,0.0012199349062724,2
"19820",4.33841401581811e-45,0.976316206549215,0.0236837934507852,2.67714131782932e-32,2
"19822",5.14359290333704e-50,0.144296700906473,0.855703299093527,1.33992701267987e-27,3
"19824",1.22463022066723e-21,0.570118327963828,0.429881671343753,6.92418256900593e-10,2
"19826",0.174682265663629,0.75785743386331,0.0674602607733787,3.96996825657885e-08,2
"19828",2.7369934142928e-21,0.992379972717551,0.00762002728244941,9.19319169649823e-17,2
"19830",0.102447306626374,0.451404862607865,0.446147761465382,6.93003783813561e-08,2
"19832",2.57361467064035e-10,0.302815371377734,0.697184628364904,1.37333631103284e-25,3
"19834",1.5000749465289e-13,0.973569183573736,0.0264308164259923,1.21810796404922e-13,2
"19836",2.68401632112307e-07,0.972814517659225,0.0271852139391433,1.85715357367896e-18,2
"19838",0.993799059465092,0.00508542953043316,0.00111251638369905,2.99462077567391e-06,1
"19840",9.29714892148238e-10,0.940791904191314,0.0592080948789707,6.86963182706906e-18,2
"19842",0.787738175993478,1.30740911725116e-05,0.212248721994659,2.79206900814776e-08,1
"19844",2.65107863372758e-17,5.53003730464624e-10,0.0256418146626552,0.974358184784341,4
"19846",0.911900431033951,0.000298618897289574,0.00170190490010496,0.0860990451686544,1
"19848",0.00990006525345965,0.00054487853732012,0.000975990166267599,0.988579066042953,4
"19850",0.981055553179607,0.00564950665343909,0.0116259074053725,0.00166903276158114,1
"19852",6.00743732141802e-05,0.992425882513747,0.00751338186112162,6.6125191752036e-07,2
"19854",0.00250253197526372,0.000693201074975203,0.00136000566433628,0.995444261285425,4
"19856",2.04261159051305e-09,0.001288869346698,0.911118065317869,0.0875930632928216,3
"19858",3.96791539166169e-17,0.00362742800207232,0.993800583571165,0.00257198842676252,3
"19860",0.000936063689839434,0.984978712538764,0.0140852236368623,1.34534466334578e-10,2
"19862",0.998530384308341,0.000101555610533702,0.00136800478847693,5.52926487393809e-08,1
"19864",7.12937855073723e-22,1.94916597259484e-10,0.999999999805083,5.66532844189913e-20,3
"19866",4.3413662884008e-16,0.669102126378814,0.330897873621186,1.0752364589939e-18,2
"19868",3.04869364004383e-35,9.82222758709501e-13,0.999999999999018,2.03778038152839e-32,3
"19870",0.953310969264105,0.0407355447655276,0.00586003906218886,9.34469081788049e-05,1
"19873",0.043676625347995,0.896383961797903,0.059934131124839,5.2817292628836e-06,2
"19875",1.35842307117296e-13,0.981727095461544,0.0182729045383197,4.97532800694878e-21,2
"19877",0.0962544477885083,0.89529013928818,0.00839390077288624,6.15121504252327e-05,2
"19879",1.25087544989215e-07,0.994467347704795,0.00551522792054574,1.72992871143714e-05,2
"19881",0.00091487659604141,0.930377174020999,0.0687029489446705,5.00043828884489e-06,2
"19883",0.830253058195887,0.106784717035172,0.0629609718509535,1.25291798727673e-06,1
"19899",2.24374752551837e-09,0.927458267033256,0.0725417307229969,1.77233805567708e-17,2
"19908",3.88280474458869e-25,1.88606341437172e-07,0.999999811393659,1.48670221773662e-20,3
"19910",0.000776316641499908,0.993869935243658,0.00533855511543671,1.51929994048738e-05,2
"19912",0.94408525600363,0.000111294998829605,0.055799482142605,3.9668549351406e-06,1
"19914",1.78560535959383e-07,0.983223847691982,0.016775873476942,1.00270539455986e-07,2
"19916",2.60053270872338e-29,0.000419206377951372,0.999580793622049,8.5759386086064e-18,3
"19918",0.783876475885868,0.0486094911813011,0.00503506427428133,0.162478968658549,1
"19920",0.00491278674127656,0.00026917743272398,0.00160166875890803,0.993216367067091,4
"19922",8.65864560709102e-11,0.000393149758984914,0.999606850154429,1.72232666245279e-23,3
"19924",0.0129670356940235,0.951594251182416,0.00327291192642905,0.0321658011971313,2
"19926",9.31074760440816e-12,0.953136699158387,0.0468633008323022,1.47542454315433e-21,2
"19928",1.70571499099908e-18,4.80998767160961e-16,1,2.84000438694282e-19,3
"19930",0.955071677328402,0.0441084794232394,0.000819147481307298,6.95767051036477e-07,1
"19932",0.9975230137048,0.00209185314679691,0.000244477031644669,0.000140656116758232,1
"19934",4.64903779992573e-13,0.992311129581896,0.00768887014761647,2.70022825574415e-10,2
"19936",0.00652926628304232,0.933711344177816,0.0597593893060807,2.33061098000207e-10,2
"19938",1.10203611415554e-27,0.962025712112538,0.0379742878874613,6.8265959030665e-16,2
"19940",0.00362344732667784,0.984160848872595,0.0121532891584263,6.24146423007853e-05,2
"19942",2.78428877729312e-12,2.79583942782863e-09,0.999999997201376,4.03025585601393e-18,3
"19944",4.20169101996286e-06,0.989136075294118,0.0108596870818228,3.59330396358068e-08,2
"19946",0.00219059701420782,0.977324918230328,0.0199837892783423,0.000500695477121264,2
"19948",1.79926537789622e-07,4.27171569751357e-09,0.999999815800991,7.5531523469691e-13,3
"19950",1.67831625332159e-08,9.10620197741465e-08,0.000986704828269265,0.999013187326548,4
"19952",1.79926537789622e-07,4.27171569751357e-09,0.999999815800991,7.5531523469691e-13,3
"19954",0.990060267567734,0.0095960008865747,0.000292554895986697,5.1176649704031e-05,1
"19956",0.00028332556479218,5.36738168747786e-07,0.999707266233816,8.87146322328671e-06,3
"19958",3.47536354980945e-26,4.52948590942898e-12,0.999999999995471,4.80607790366097e-27,3
"19962",1.17942247282534e-07,0.302811286204367,0.696915392726757,0.000273203126628937,3
"19964",5.2165322581474e-06,0.971715235743506,0.0282787099130539,8.37811181511008e-07,2
"19966",1.21627742584678e-33,0.775433571187741,0.224566428812259,5.63559613576559e-30,2
"19969",0.531502130137706,0.358907195949432,0.109590673825189,8.76728397097247e-11,1
"19972",0.107984571933026,0.0373529156327728,0.510328047725579,0.344334464708622,3
"19974",0.0252389195704188,8.72730441987611e-08,0.00665559272279765,0.968105400433739,4
"19976",0.0482549858866313,0.914030962327896,0.0257323880842867,0.0119816637011854,2
"19978",1.84268016881908e-06,0.989462638675955,0.0105355123641233,6.2797528260314e-09,2
"19980",0.057829691532804,0.000250622060543027,0.000673919713625006,0.941245766693028,4
"19982",0.00295918093511617,0.0221691711786134,0.190771860690276,0.784099787195995,4
"19984",5.57676740960797e-10,1.73728094521467e-06,0.00403218006768534,0.995966082093693,4
"19986",1.87622995345463e-34,0.938383713915144,0.061616286084856,9.41392629570709e-28,2
"19988",8.65411910136152e-49,0.910688489126449,0.0893115108735507,2.37571819278085e-35,2
"19992",2.06431068914497e-32,0.950311999141544,0.0496880008584558,8.55889494527436e-23,2
"19994",0.92436228018147,0.0745649614433676,0.0010726192039994,1.39171163431814e-07,1
"19996",1.52876608596353e-28,0.991195592420012,0.00880440757998839,4.72224036437359e-20,2
"19998",2.23980219838839e-10,0.00856226045635705,0.991437739293678,2.59846644282105e-11,3
"20000",5.21383745611704e-05,0.000472845859252064,0.999475015766186,3.34414982656026e-16,3
"20003",0.00681816441028382,0.975115044930284,0.0180667906594238,8.50316508596699e-15,2
"20005",4.02650037609613e-05,5.91512067448974e-05,0.00145013606545819,0.998450447724036,4
"20007",5.73591928368485e-09,0.971221853430486,0.028778140817057,1.65380845928082e-11,2
"20009",1.73282826574641e-29,0.334124591310875,0.665875408689018,1.07063424451242e-13,3
"20011",0.032882923706912,0.458403175233898,0.398475633884932,0.110238267174259,2
"20013",0.527364662474382,0.174087433967225,0.00488991826117174,0.293657985297222,1
"20016",2.14682447087697e-38,0.295674193572599,0.704325806427401,1.42230794111538e-19,3
"20018",5.25454822250411e-75,4.68064782337606e-10,0.999999999531935,4.53025733647548e-61,3
"20021",5.07370164026597e-13,0.98598913380075,0.0140108661987427,5.99433359700754e-22,2
"20023",3.01475540113054e-09,0.970083947392287,0.0299160344008438,1.51921142471139e-08,2
"20025",3.92331693501318e-45,0.00292757773936686,0.997072422260633,4.71606062844661e-48,3
"20027",0.965387191060207,0.00851700966347816,0.0260957992123457,6.39693123474978e-11,1
"20029",0.868037710072588,0.0294407166408468,0.10252134285932,2.30427245150411e-07,1
"20032",0.995527200861673,0.00349600770302631,0.000976760782096297,3.06532046981704e-08,1
"20034",1.59775190983893e-05,1.09997931686911e-06,0.999982922501297,2.88253495456636e-13,3
"20036",1.40270052511573e-06,0.0314454760771383,0.968552903985031,2.17237305485981e-07,3
"20038",1.18364268373967e-24,0.986204418339583,0.0137955816604172,2.04890165178764e-30,2
"20040",4.47230515376578e-49,0.00021504469829045,0.99978495530171,5.2632569144326e-28,3
"20043",8.03016140994331e-15,0.971769493699375,0.0282305063006173,2.7456901031872e-17,2
"20045",6.90095950982552e-49,0.579420641390831,0.42057935860917,4.48880597232982e-28,2
"20048",4.48437027506952e-10,1.72781192849045e-10,0.0056069487080969,0.994393050670685,4
"20051",1.83014100486549e-07,0.840465423354632,0.159534393599961,3.13062484254887e-11,2
"20053",4.50267275336426e-12,0.89368507287922,0.106314512163441,4.14952836286324e-07,2
"20055",6.25870499204648e-22,0.886187578538396,0.113812421461604,3.86358157758509e-36,2
"20057",1.05873620720261e-40,2.71747855094723e-23,1,1.86651102917118e-38,3
"20059",9.48753417680038e-15,0.707013630874609,0.292986369125357,2.43518258197664e-14,2
"20061",9.88353524044811e-10,0.972924797785284,0.0270752012263358,2.71328883433776e-14,2
"20063",1.52317326974803e-38,1.70476341838329e-11,0.999999995612375,4.37057737129086e-09,3
"20065",1.29351886508703e-45,0.00924285983415633,0.990757140165844,3.71557034436984e-57,3
"20067",1.23540825132944e-22,0.783280278543944,0.216719721300249,1.55807420363484e-10,2
"20069",0.0113956683183065,0.000124900977110362,0.000408634509669715,0.988070796194913,4
"20071",7.25547543309582e-14,0.164464514978764,0.835535485021163,4.13390928692482e-17,3
"20073",0.000372724800546217,0.00669634668472435,0.0234908416880852,0.969440086826644,4
"20075",5.58766188087223e-30,1.47057181506493e-10,0.999999999852943,2.30311784338078e-40,3
"20077",7.06789729608775e-12,0.941059545658262,0.0589404537702081,5.64462088514279e-10,2
"20079",8.60404416333613e-14,0.0229496881435374,0.977050042200478,2.69655898244493e-07,3
"20081",1.50565485574814e-17,0.884404823868544,0.115595176131456,5.04115779542741e-18,2
"20083",8.86631858818204e-17,1.89024708322053e-05,0.999979374904989,1.7226241791904e-06,3
"20085",1.18851909970302e-46,0.937572617379044,0.0624273826209562,2.91001480577068e-38,2
"20088",6.09283153423327e-21,0.979622625910008,0.0203773740899917,1.97011843801471e-20,2
"20091",6.26566069548878e-30,2.42808567233184e-05,0.999975719143277,5.31100127369434e-27,3
"20095",8.75770841686886e-20,3.00872243691331e-05,0.999968714222165,1.19855346559664e-06,3
"20097",9.57201263462255e-47,0.886912609081797,0.113087390918203,7.00120992265685e-41,2
"20099",1.44697927356353e-19,0.0547821117168985,0.945217885103328,3.17977329839068e-09,3
"20102",2.63466231212627e-20,1.34232043373561e-07,0.999999782591263,8.31766934093509e-08,3
"20105",2.41369608699396e-18,0.95895172768518,0.041048272314767,5.27588571997837e-14,2
"20107",3.96865891564218e-20,0.988317093678551,0.0116829063214492,1.30547342694749e-17,2
"20109",6.04788679983390e-12,0.793642518563339,0.204888230167074,0.00146925126353972,2
"20111",2.09145271994735e-12,4.1261516265375e-09,0.999999995871757,2.7513167702635e-17,3
"20113",7.96369893630607e-15,0.844062208689758,0.155937791310234,7.12664859909054e-22,2
"20115",0.134714714971906,0.00644947750468337,0.858835807521572,1.8395114178896e-12,3
"20117",1.39275767043835e-39,1.94803519738581e-08,0.999999980519648,6.63389175813913e-41,3
"20119",1.59979945656071e-26,0.42983075790911,0.57016924209089,1.41074947407856e-29,3
"20121",2.96729759885142e-24,0.977247422113526,0.0227525778864741,1.48276852370958e-22,2
"20123",1.66920456954012e-36,1.32543842489985e-05,0.999986745615751,5.04856349542758e-44,3
"20125",0.994973869765529,0.00372496506734656,0.00117265386148446,0.000128511305640001,1
"20127",8.55877551921434e-40,0.94131986245954,0.0586801375404597,1.26453208452462e-23,2
"20140",1.96019163314339e-15,0.612525605512174,0.387474394487825,8.46272533409494e-29,2
"20142",0.00142071796497969,7.36386724445135e-07,0.0019152675537307,0.996663278094565,4
"20144",0.0360006505862066,0.0055394989040164,0.958459850335047,1.74730226449555e-10,3
"20146",8.17887818162369e-05,0.013278793863788,0.985589804649496,0.00104961270490034,3
"20148",0.192873007648025,0.783231103815863,0.0238958882865424,2.49569347286795e-10,2
"20150",0.480964382486947,2.04175037387348e-05,0.00284950287335472,0.51616569713596,4
"20152",0.0762365513095874,0.905689768941178,0.0180732125266395,4.67222594741038e-07,2
"20154",1.33075350125148e-41,0.000172144410075254,0.999827855589925,2.44351348819554e-28,3
"20156",2.19107978216507e-11,0.290912562803913,0.709086359585447,1.07758872879905e-06,3
"20159",1.76198594434291e-08,5.76148360724e-05,0.00845837247054861,0.991483995073519,4
"20161",1.18796484510711e-08,3.00090226759356e-05,0.986890731887535,0.0130792472101405,3
"20163",2.13337769914185e-05,0.733475822172114,0.266502844050895,4.59400718104642e-21,2
"20165",2.58725978647362e-14,0.0119943212450058,0.784261166489023,0.203744512265945,3
"20167",0.881546422330586,0.114542086354632,0.00182175169931885,0.00208973961546316,1
"20169",3.39131585189522e-07,1.83560110234534e-09,0.00151532912867876,0.998484329904135,4
"20171",8.59272305805445e-52,2.82456626272731e-07,0.999999717543374,2.82422347556351e-31,3
"20173",2.00810651366822e-25,8.23411224922348e-08,0.999999917386383,2.72493978384069e-10,3
"20175",0.319147556249645,0.649439029346,0.0277159035350727,0.0036975108692825,2
"20177",4.63675937794036e-18,0.190301785492703,0.80969821450707,2.27499706075927e-13,3
"20180",2.21558750880025e-28,0.903906247403669,0.0960937525963314,1.10391866859477e-39,2
"20182",1.33149574260653e-18,1.37405224762654e-20,0.999999391671285,6.08328715293229e-07,3
"20184",0.0010644130936484,0.00104941099824632,0.00107818523278691,0.996807990675318,4
"20187",3.75935768048618e-11,2.68864739939777e-05,0.999973111523894,1.96451819048716e-09,3
"20189",1.43784138679428e-11,0.966191870573409,0.0338081294122126,2.16382600031969e-16,2
"20192",2.67700352179794e-29,0.000127159325310778,0.999872840674689,1.57512115996669e-37,3
"20194",1.2149671312057e-05,2.46287573777072e-06,0.999779363471729,0.000206023981221418,3
"20196",4.39259532458529e-36,0.186351293654355,0.813648706345645,2.50744059158754e-31,3
"20198",5.64225905398769e-05,0.57961460062266,0.420328976150308,6.3649205064233e-10,2
"20204",0.945339851402047,0.000745305118787931,0.002649761781151,0.0512650816980138,1
"20207",2.31148082048723e-30,0.757283564565062,0.242716435434939,1.36298899295923e-17,2
"20209",5.18083700156216e-10,0.000236605485921363,0.999763393995995,1.90056918965008e-31,3
"20211",5.86516460384586e-27,0.000150343701922054,0.999849656298078,8.41844115625902e-33,3
"20215",1.9789009178592e-16,0.940709676565434,0.0592903234345655,4.04253323946071e-20,2
"20218",0.0339172590909382,8.96293964526242e-06,0.00103567425424337,0.965038103715173,4
"20222",8.14373017773455e-21,0.866697142522956,0.133302857477044,4.22392211796602e-18,2
"20225",0.0682196322596477,0.00294648974019085,0.928833875272633,2.72752826937918e-09,3
"20229",9.30542360449376e-11,0.0757084823763818,0.924291517530564,2.66241127825181e-21,3
"20232",9.93319893628964e-12,0.92930772411333,0.0706922758767326,4.49936706748926e-15,2
"20234",1.07540768229545e-64,0.000472564417144027,0.999527435582856,3.88745605469768e-57,3
"20238",1.18332796840816e-21,0.906245113251058,0.0937548867489417,3.47130683448373e-17,2
"20253",9.25786129327775e-31,0.876362310031023,0.123637689968976,9.07059787270137e-26,2
"20255",0.956576217055795,0.0398408870384119,0.00358242150305583,4.74402737102389e-07,1
"20258",3.44818033115527e-26,0.986004333340846,0.013995666659154,2.18119113707416e-26,2
"20269",8.1314913900233e-14,0.964572001796193,0.0354279685008158,2.97029100831522e-08,2
"20271",5.11805317445188e-29,0.56132341293768,0.43867658706232,8.43306348118799e-31,2
"20285",2.80023951187488e-10,0.0231336003676903,0.976866398752793,5.99492549599696e-10,3
"20288",4.30616100528276e-16,0.964596325262391,0.035403674737609,7.21616278243105e-17,2
"20291",7.81848400283501e-34,0.230703478168493,0.769296521831507,4.0671108121553e-24,3
"20295",6.92210734014918e-15,0.0792060512969156,0.920793948702836,2.40984532717432e-13,3
"20298",0.994827897846076,0.00444099525062884,0.000730687000836976,4.19902458005237e-07,1
"20302",0.000490441870132655,0.0220008371655096,0.0309322069773427,0.946576513987015,4
"20305",0.994094945070247,0.00314552751520941,0.00275952729862787,1.15915713531594e-10,1
"20307",9.46660954351496e-31,0.981611335538722,0.0183886644612777,4.67633838577965e-23,2
"20310",1.51234017349143e-52,0.163948224790692,0.836051775209308,4.42564796618452e-38,3
"20313",7.12565644461932e-11,2.30790986055231e-09,0.0129427062146012,0.987057291406232,4
"20315",8.48616592245983e-26,0.992206200076075,0.00779379992392454,1.03338452318331e-22,2
"20319",7.68890153269734e-36,0.0418216124053542,0.958178387594646,2.34942553309418e-38,3
"20321",2.25482144796192e-28,0.851312900447606,0.148687099552394,2.9662364247213e-22,2
"20327",2.34593517326609e-27,0.974661960865415,0.0253380391345854,4.21848463953278e-22,2
"20329",6.11892261090874e-06,1.39543739391657e-08,0.999986289490026,7.57763298938973e-06,3
"20335",3.63873500766237e-36,0.413462511626947,0.586537488373052,8.36941218012254e-24,3
"20337",2.69372440440632e-05,9.09390600329102e-05,0.000560322602190284,0.999321801093733,4
"20339",6.16037704158404e-21,1.69488462545772e-05,0.999983051153745,7.97161516728099e-37,3
"20341",2.05995624148379e-37,1.68394487184707e-05,0.999983160551281,4.32569107750071e-19,3
"20343",1.9106471454071e-38,0.0915320064838131,0.908467993516187,7.25548078174259e-18,3
"20345",0.000575095023478457,0.957892146744453,0.0415327582320683,2.85585115420766e-16,2
"20350",2.27297846855657e-21,0.000133884670259503,0.99986611532974,1.67563624544893e-17,3
"20352",4.79139111615173e-07,5.0648145277493e-08,0.000999624346694616,0.998999845866049,4
"20355",7.57356648694266e-10,0.00224423835791644,0.901867838797189,0.0958879220875383,3
"20358",0.00828548334013386,6.20127263582441e-07,0.991612859084725,0.000101037447877512,3
"20363",8.57962782062634e-23,0.958136500797827,0.0418634992021728,7.10578897831063e-20,2
"20365",1.32936463599679e-18,0.771093088400267,0.228906911599733,1.49656511079281e-24,2
"20379",0.0870800498886898,0.325365923712875,0.587538315544346,1.57108540892331e-05,3
"20387",1.30803082969725e-18,0.975699731168711,0.0243002688312889,5.48319967336316e-18,2
"20392",2.14480066961221e-32,0.000109416781964314,0.999890583218036,5.37560703181194e-42,3
"20395",0.276628578798936,0.683923224529175,0.0393455161480307,0.000102680523859181,2
"20397",3.73452203865081e-12,5.36012324420875e-16,0.998818757574627,0.00118124242163834,3
"20410",2.69413669102757e-15,0.969834074748788,0.0301659252512094,5.82637918471674e-27,2
"20414",0.833858341303126,0.0804846722213018,0.0692428286469434,0.0164141578286284,1
"20417",1.75877638554602e-85,3.23930600530208e-11,0.999999999967607,1.01822071972381e-70,3
"20419",3.51657351687956e-33,0.897504911842024,0.102495088157976,1.48229553283486e-21,2
"20421",1.12231440183021e-05,0.0169318555708165,0.982350340613216,0.000706580671949675,3
"20423",0.947821878433373,0.00845962645831087,0.0114697309840967,0.0322487641242192,1
"20425",0.186598959989084,0.150824006563816,0.211247853207559,0.451329180239541,4
"20427",0.00010829934612114,0.970178500361945,0.0297132002919056,2.82857069155993e-14,2
"20429",4.00429900134707e-33,0.00610570785950132,0.993894292140499,9.64194703610502e-19,3
"20432",0.869096248978069,0.000730478465573571,0.075353901086285,0.0548193714700723,1
"20435",2.16769192695262e-08,0.901048762095072,0.0989512162280084,1.00227537216692e-18,2
"20438",4.62051562779518e-21,0.439763810186901,0.560236189809244,3.85488966886278e-12,3
"20440",3.91707655734651e-29,0.988353648858456,0.0116463511415436,2.7881552346584e-16,2
"20443",3.90124098991568e-11,4.06767799541513e-05,0.364698428642332,0.635260894538701,4
"20446",5.83478757718444e-11,0.876940774601664,0.123059224373917,9.66070809237696e-10,2
"20449",1.23563662812408e-12,0.972003799322822,0.0279962006759425,2.62267161792393e-16,2
"20537",2.30271767922661e-22,0.175375512795463,0.824624487204537,3.63896614576665e-18,3
"20540",8.85377681032163e-40,9.88079757304763e-06,0.999990119202427,6.74280580214177e-46,3
"20543",1.24979678602612e-08,0.983787163506701,0.0162128232557484,7.39582589843829e-10,2
"20545",1.32266612676166e-29,8.86487649951722e-06,0.9999911351235,3.90797619584692e-32,3
"20549",0.032503208224391,0.921410821828728,0.0318451672459499,0.014240802700931,2
"20551",3.76886949280882e-10,0.993606709207841,0.00639321680054932,7.36147232876631e-08,2
"20554",5.94769270228133e-14,0.994477730468207,0.00552226952687471,4.85873934690151e-12,2
"20556",2.79514786658182e-09,0.957267257872006,0.0427327393308676,1.97848096998613e-12,2
"20558",1.38951429985333e-24,0.990409724863489,0.00959027513651121,8.17301417405157e-20,2
"20560",8.60924546188202e-10,0.974679193908896,0.0253132109428447,7.5942873353536e-06,2
"20563",1.34058126889248e-36,0.938035756971801,0.061964243028199,3.13044900898502e-24,2
"20565",8.23696063333289e-12,0.910134035140391,0.0898659476558035,1.71955681610433e-08,2
"20567",0.0783388703258998,0.00140180678384052,0.037725076965213,0.882534245925047,4
"20571",3.82344996771777e-32,0.0443160389637928,0.955683961036207,6.86922594381197e-29,3
"20573",1.11801242145306e-11,0.985284421669631,0.0147155060534881,7.22657011346215e-08,2
"20575",9.4749646170031e-32,0.907003891481812,0.0929961085181884,1.59862289583353e-22,2
"20577",2.02722798381888e-08,0.991404036432241,0.00859594329507832,4.01402098511115e-13,2
"20579",9.74325645062727e-08,5.8699207318211e-11,0.0562421020843554,0.943757800424381,4
"20582",4.03265845681876e-38,0.98094592823741,0.0190540717625903,5.43239177278693e-29,2
"20585",5.67226169086544e-15,0.18738825909477,0.812611740905224,1.51692494435406e-26,3
"20588",8.0969689584987e-20,0.000639031372615824,0.999360968627384,3.34391303873613e-20,3
"20590",0.00209272366709223,1.62659571461379e-08,0.00240778193818241,0.995499478128768,4
"20592",6.58907132385932e-36,0.980108686727356,0.0198913132726442,2.22722843139378e-19,2
"20594",6.03294645224644e-37,0.966834410194373,0.0331655898056269,8.5263528315054e-33,2
"20596",2.19997103855532e-13,0.953542571497563,0.0464574278599771,6.42240151271537e-10,2
"20598",2.41806454869388e-10,0.989306778158469,0.0106932215419591,5.77651485535383e-11,2
"20600",6.57693514548712e-09,0.538599467743038,0.461400524578919,1.10110734379182e-09,2
"20603",0.430053504870206,0.0985853307563217,0.471250109211676,0.000111055161796746,3
"20605",5.61327207326849e-23,0.982525913998176,0.0174740860018243,4.15336503435925e-26,2
"20607",4.99075628283048e-16,0.984232336350795,0.0157676636492044,5.45743728272357e-17,2
"20609",1.25635064543142e-12,0.990962207724977,0.00903779227370718,5.95087999741869e-14,2
"20611",0.994499923749885,0.00142219857144114,0.00372435893595704,0.000353518742716304,1
"20613",6.11450474929938e-06,0.979197803821722,0.0207960816735276,1.35959228936917e-15,2
"20615",6.19571107212344e-06,0.970006002458914,0.0299870519901423,7.49839871510372e-07,2
"20617",9.86210367359125e-10,4.25814583772189e-07,0.00885929851045251,0.991140274688753,4
"20619",2.24938034328797e-31,0.956730548885717,0.0432694511142834,6.5156159950439e-18,2
"20621",7.3658863052549e-12,0.952449243556098,0.0475507564277057,8.83016218287687e-12,2
"20623",8.69345523070878e-07,0.00189283639348605,0.304634756020132,0.693471538240859,4
"20625",0.00583052409539044,0.0129442942683423,0.981225067865117,1.13771149962808e-07,3
"20627",1.01047752352239e-07,0.990476968565589,0.00952293038652313,1.34969443203305e-13,2
"20629",1.86021529948605e-09,0.996297564429256,0.00370241296265767,2.07478712978725e-08,2
"20631",1.02610775033863e-35,0.870635009490578,0.129364990509422,3.71173442203612e-20,2
"20633",1.92377645432383e-10,1.64331084430054e-11,0.00195146239339563,0.998048537397794,4
"20636",0.00845049473821168,0.105035046792061,0.886267056685902,0.000247401783825459,3
"20638",2.42807356701659e-09,0.34860039590436,0.651399601667566,1.91567654163862e-22,3
"20640",2.8020732349812e-21,0.879589679837351,0.120410320162649,3.25964894932452e-30,2
"20645",3.0145848710619e-40,0.947458073733073,0.0525419262669269,3.29410693010363e-35,2
"20647",2.55372795873932e-14,2.68521858297995e-10,0.00957904493030313,0.99042095480115,4
"20649",3.77682228160397e-13,0.879811199610808,0.120188800388814,2.97373701910249e-16,2
"20651",2.36416626614612e-49,0.0137208877680083,0.986279112231992,7.51112124529024e-24,3
"20656",5.0000074534273e-27,0.273248409283101,0.726751590716898,1.40080209828663e-27,3
"20660",1.1668392257082e-26,1.00312613460082e-05,0.999989968738654,2.20252764761297e-37,3
"20662",1.54933171466603e-07,2.36283572965415e-05,0.732049805222181,0.267926411487351,3
"20664",1.39675534998612e-20,0.0654113340720808,0.934588658023216,7.90470328069963e-09,3
"20666",4.98097680112933e-05,0.00162707008399595,0.998323120147993,1.28519794968037e-22,3
"20668",0.998146913218501,0.00080449537624368,0.000612910668137754,0.000435680737117863,1
"20670",6.2274660480125e-29,0.128415459563738,0.871584540436262,1.40624233798319e-28,3
"20672",0.782451936111579,0.000890559673239719,0.00409625225234269,0.212561251962838,1
"20674",2.50697313248327e-09,0.96204861457199,0.0379513828900498,3.09867615667057e-11,2
"20676",0.13924587470664,2.87085455712866e-07,0.859193668753422,0.0015601694544823,3
"20678",0.649073047417267,2.92781525641498e-08,0.321970190448747,0.0289567328558329,1
"20680",0.949535448022255,0.0388429255616578,0.00343803829038299,0.00818358812570398,1
"20682",0.0544482879099873,0.744036848610756,0.201514843580242,1.98990151203604e-08,2
"20684",1.78196531779655e-14,0.186429195797041,0.813570804202941,1.11160010309982e-22,3
"20686",0.00188663704651561,6.09488722609633e-06,0.000317916208564262,0.997789351857694,4
"20688",0.000128041774381576,2.87200337871755e-11,0.865344713622267,0.134527244574632,3
"20690",3.31548926088882e-24,0.00977403880149114,0.990225961198509,7.41159841909494e-38,3
"20692",1.23680568471689e-08,1.77918669058731e-13,0.00389702398593533,0.99610296364583,4
"20694",0.997729911063176,0.00159911734728258,0.000669792436203286,1.17915333810207e-06,1
"20696",0.749028705496721,0.116710157158428,0.133848139780515,0.00041299756433578,1
"20698",4.86512165051079e-12,0.638377865558627,0.361622134269589,1.66919636925425e-10,2
"20700",4.60470553586871e-21,0.0449329700441299,0.955067027685631,2.27023913453046e-09,3
"20702",9.30904109122104e-38,0.163682453599142,0.836317546400858,7.40358895810175e-40,3
"20704",2.88893666228535e-08,0.990773117115504,0.00922685398592595,9.20300700967684e-12,2
"20706",6.98004747871268e-11,0.00504910053078211,0.994950898138284,1.26113333714119e-09,3
"20708",0.933236058553259,6.4615416770532e-06,0.0667445589415696,1.2920963493939e-05,1
"20710",1.57358039738598e-14,0.705398691566143,0.294601308433841,3.54482781029012e-26,2
"20714",1.77708526599503e-05,0.000155685271496807,0.0284066859334803,0.971419857942363,4
"20716",1.01325686709676e-14,0.974769890546811,0.0252301094531784,8.30898238334541e-19,2
"20719",3.35352660426307e-11,0.204489972337825,0.795510027628639,9.88179660594944e-16,3
"20721",8.17777767276326e-39,0.940179442310915,0.059820557689085,2.36633338898435e-21,2
"20723",7.49517501633421e-20,0.000875846539399022,0.999124153460601,4.7387874375759e-21,3
"20725",0.96998434161572,0.0284938387736056,0.00152151262522764,3.0698544723378e-07,1
"20727",2.81940373090082e-09,2.73578867741743e-10,0.999807908045773,0.000192088861244391,3
"20729",0.998967505366473,0.000243193183418036,0.000789299280954956,2.16915385393395e-09,1
"20731",0.99571992960685,0.00307803519756103,0.00120201931885099,1.58767384532248e-08,1
"20733",1.27354641529494e-09,0.939406275648546,0.0605937230779081,3.34777830503295e-20,2
"20735",1.19161562332195e-05,0.979233771795834,0.0207543120479274,4.99137369943268e-15,2
"20737",0.996292248373548,1.60728761550352e-05,0.00331305980604462,0.000378618944252907,1
"20739",1.63429683553748e-06,6.33278608673706e-11,0.00220601503290169,0.997792350606935,4
"20741",0.804634286490632,0.18823095331922,0.00546419198831241,0.00167056820183614,1
"20743",0.355385809289033,0.451945388756314,0.19264258373249,2.62182221625488e-05,2
"20745",2.50830271757067e-32,0.904548742288579,0.0954512577114209,1.40450354458381e-24,2
"20747",0.97309085703703,0.000696588592796958,0.0255429437203114,0.000669610649861569,1
"20749",0.899887924365806,0.00123746068533168,0.0828347217021137,0.0160398932467482,1
"20751",0.0454980769853995,0.00851279104363818,0.945989131970962,6.0013875761803e-18,3
"20753",0.959108163270112,0.0268638318468806,0.0140280048822849,7.22858973669398e-13,1
"20755",0.00283682185602066,2.59563295326499e-08,0.997163082205995,6.99816545275271e-08,3
"20757",1.26607975515491e-13,7.94077583338658e-06,0.99999198094329,7.82807502802008e-08,3
"20759",1.17052231680741e-25,0.658718230555564,0.341281769421953,2.24822485519229e-11,2
"20761",0.263086993300253,0.732299192318456,0.00458281186160079,3.10025196903609e-05,2
"20763",1.05687519991743e-05,0.337913901108751,0.662075512100006,1.80392434014474e-08,3
"20765",0.925658675533342,0.0589278661092961,0.00125857207491444,0.0141548862824471,1
"20767",2.02498658936379e-15,0.98471313520145,0.015286864798548,2.62954190323183e-19,2
"20769",2.37471656085676e-21,0.041099577456157,0.958900422543843,9.2288927877735e-45,3
"20771",0.00279201304759399,0.962834858931758,0.0205221144689926,0.0138510135516556,2
"20773",6.3097887788529e-13,7.91202941877744e-07,0.999999208796402,2.50259770361058e-14,3
"20775",0.0388523772679358,0.896241334906742,0.0649062878243298,9.92754050232043e-13,2
"20777",1.09921867930971e-11,0.0171686047349399,0.982831395254068,8.72470851288017e-26,3
"20779",0.94848283992534,0.0488942540330135,0.00262290598836147,5.32849359297626e-11,1
"20781",1.33288157348272e-28,2.10636067589879e-18,1,6.62261335010536e-28,3
"20783",0.0457512742964975,0.919643113407473,0.0157934705514737,0.0188121417445557,2
"20785",3.54270540670015e-14,4.0183672474116e-12,0.999999996830708,3.16523829235916e-09,3
"20787",0.991266572013716,0.00538458629850439,0.00111636204329059,0.00223247964448942,1
"20789",1.6598877764904e-06,0.985492437261098,0.0145059028511238,1.50807492355983e-15,2
"20791",0.99913454730215,0.000165337270691614,0.000432148274616436,0.000267967152542001,1
"20793",0.0005270726111986,0.940118742935064,0.0593541844537352,2.51206926845841e-15,2
"20795",0.00222566040312815,0.00950742333581119,0.00481157214129808,0.983455344119763,4
"20797",7.8831408149808e-18,1.06099220804198e-15,0.999999997530948,2.46905097734295e-09,3
"20800",0.000682417178409619,0.00189180297399065,0.00506961311277502,0.992356166734825,4
"20802",0.80443294005591,0.144085852051531,0.00389972728075598,0.0475814806118031,1
"20804",0.998328630545952,5.52357954611624e-05,0.00161609001779241,4.36407944843494e-08,1
"20806",0.0634405726480356,7.56409566401719e-05,0.0016719848028434,0.934811801592481,4
"20808",8.242406106938e-12,0.986732422251965,0.0132675777397924,1.11789439670377e-19,2
"20810",0.0544268970898163,0.233870295093518,0.707149262706296,0.00455354511036987,3
"20812",0.733540941950829,0.177206270151249,0.08922190534954,3.08825483825229e-05,1
"20814",0.933683197397816,6.80914736030483e-08,0.0662357780506848,8.09564600259819e-05,1
"20816",1.92361027696523e-30,0.00449303108471658,0.995506968915283,4.18375622892476e-40,3
"20818",0.0267687910771484,0.944422297588371,0.0282092008889567,0.000599710445523674,2
"20820",1.543643574817e-12,9.71635936666269e-11,0.0280071950212592,0.971992804880033,4
"20822",0.941155258539296,0.0580816155011014,0.000687087511694085,7.6038447908218e-05,1
"20824",4.08377195525161e-13,5.35257531720327e-13,0.999999999359717,6.39339596123356e-10,3
"20826",7.50695400361148e-05,2.57587893406541e-07,0.000232675648963328,0.999691997223107,4
"20828",4.48437027506952e-10,1.72781192849045e-10,0.0056069487080969,0.994393050670685,4
"20830",0.993677811374854,0.000869282783388294,0.00545230571684459,6.00124913213848e-07,1
"20832",4.79273566984127e-05,0.973088063722869,0.0248785072132185,0.00198550170721414,2
"20834",6.14165521324138e-14,0.983096934082998,0.0169030659169408,2.48683995231214e-20,2
"20836",0.981291427019746,0.0177286930812305,0.000979879505026749,3.93996982932968e-10,1
"20838",0.961248249549837,9.03408323012898e-07,0.0387508122324337,3.48094060775736e-08,1
"20840",2.82222402739937e-13,0.986052304719242,0.0139476952804754,4.09965348716e-19,2
"20842",0.814645018944763,0.0153386990108325,0.170016282024195,2.02093357689258e-11,1
"20844",0.000607353390444767,0.000258530277637801,0.999134115166702,1.16521525222526e-09,3
"20846",0.000850148924560131,0.0508274970739416,0.0135084818521847,0.934813872149314,4
"20848",0.000869746000953015,0.987593061918073,0.0115371886633111,3.41766253194291e-09,2
"20850",3.72871142397924e-12,0.977538488305653,0.022461418822506,9.28681121807737e-08,2
"20852",1.3592148660178e-16,0.764723437280811,0.235253333822596,2.32288965931565e-05,2
"20854",2.05908699979612e-05,7.26235841055379e-06,0.000373889325961669,0.99959825744563,4
"20856",7.76231586184908e-28,1.03480168195784e-06,0.999998965198318,4.65259024368495e-36,3
"20858",5.72629908762811e-22,0.898975274323912,0.101024725676088,2.5474290834037e-18,2
"20860",0.0074935652422094,0.00528013614210611,0.987226298615684,7.05820628766839e-16,3
"20862",2.06387640626635e-23,0.794235342317935,0.205764657682065,3.38606522996017e-25,2
"20864",4.91553713061712e-06,2.55969632695963e-06,0.000427166661699371,0.999565358104843,4
"20866",6.99320769942085e-57,0.453735055237249,0.546264944762751,7.53122762104852e-37,3
"20868",3.49033080805603e-16,0.98944261358364,0.0105573864140634,2.29556884741916e-12,2
"20870",0.0607810044566452,0.923875778302166,0.0152934151816614,4.98020595273357e-05,2
"20872",0.981617205880217,0.0169976331628283,0.000370585846436566,0.00101457511051803,1
"20874",2.26814792874631e-09,2.90700096975195e-10,0.00284968551333563,0.997150311927816,4
"20877",3.39640652582639e-14,0.975895270670053,0.0241047293299132,4.48516217272024e-19,2
"20879",2.21924223549847e-23,0.979240657357331,0.0207593426426694,2.60238897506039e-27,2
"20881",0.989790546873632,0.00899595649773802,0.00121152492829227,1.97170033813371e-06,1
"20883",0.00261532771681438,4.53773279587653e-06,0.997380130710179,3.84021090043356e-09,3
"20885",0.94882705909959,0.0119299243670061,0.00284479900076809,0.0363982175326357,1
"20887",1.45434874707703e-10,0.954494824652841,0.045505175201724,2.45069229140624e-24,2
"20889",0.379748805892342,0.555431611483027,0.0648195826172285,7.40264014652423e-12,2
"20891",5.01171494416233e-22,0.981285086992856,0.0187149130071436,2.6383564783613e-22,2
"20896",3.50065654328995e-12,0.952441603055597,0.0475583969409028,4.16153949996658e-18,2
"20898",0.917715696923711,0.0804462839027102,0.00183749222837981,5.26945198804848e-07,1
"20900",8.78284519411949e-15,9.42634699662774e-15,0.999999999999982,1.62346714919935e-16,3
"20902",4.57341208054737e-12,0.103461057692916,0.896538942302511,1.53980709436376e-31,3
"20904",6.09001270860901e-11,0.00590374787232841,0.518866988553542,0.475229263513229,3
"20906",2.3887413549665e-18,0.876597407626968,0.123402592373032,4.71969683149153e-24,2
"20908",0.00912748629350355,0.634831443283096,0.0225130915807197,0.333527978842681,2
"20910",0.0315313068359996,0.0671390554226895,0.901295997877544,3.36398637664417e-05,3
"20912",5.19270150565689e-25,3.34526071211114e-17,1,8.97955311496869e-41,3
"20914",2.15281876957017e-43,0.895717890364572,0.104282109635428,4.70849879566502e-45,2
"20968",2.97839892160825e-17,8.41665927696278e-11,0.999999995400813,4.51502063182863e-09,3
"20970",1.05474542788851e-14,0.995570577686814,0.00442941779028263,4.52289269852115e-09,2
"20981",3.40304462315937e-15,0.703483727004931,0.296516272995065,2.15830387665843e-17,2
"20983",0.720901143346344,2.07881048108853e-07,0.060206118362587,0.218892530410021,1
"20988",7.40437062357728e-21,0.988628030673518,0.0113719693264386,4.30661470632559e-14,2
"20995",8.53716757213301e-26,7.88979849903373e-08,0.999999921102015,5.60527994669086e-31,3
"21017",0.00905044968335316,0.970570866746585,0.0175576691829775,0.00282101438708457,2
"21038",5.11021905069862e-17,0.949265495514871,0.0507345044851289,5.5458751336899e-22,2
"21072",6.18850290530538e-19,0.939494671291566,0.0605053287084316,2.54313792927277e-15,2
"21075",1.42082203763201e-21,0.833243029889709,0.166756970110291,5.37087580799336e-31,2
"21223",0.00287947662633005,0.981022829308637,0.0160976933796417,6.85391447788597e-10,2
"21225",5.5414467022419e-46,1.35850690204081e-13,0.999999999999864,4.73627149023608e-60,3
"21230",7.49444691039482e-05,1.77664475789189e-09,0.000389943566332005,0.999535110187919,4
"21236",0.0315005890121362,0.943422202629074,0.0250771985517888,9.80700047186936e-09,2
"21238",3.77549831355532e-12,0.0267542068529584,0.973245793143266,7.34100699854795e-25,3
"21241",1.36346177534289e-29,0.741488879400109,0.258511120599888,3.19353351365086e-15,2
"21246",1.88315295212315e-11,0.985603527385278,0.0143964690562344,3.53965616908103e-09,2
"21253",0.00371045947674445,1.26649847740509e-05,0.000313155329509754,0.995963720208972,4
"21256",0.00014661080931354,0.0282817711008935,0.0120795041156882,0.959492113974105,4
"21260",1.62379999200172e-40,8.11555527995232e-06,0.99999188444472,1.36353092881837e-33,3
"21266",3.79014493955597e-13,0.989948882416537,0.0100511175830423,4.23053185363967e-14,2
"21332",7.78274971611642e-13,0.976100271872039,0.0238997281239533,3.22990180982612e-12,2
"21334",0.502391029402263,0.469799165711854,0.0278098048843643,1.51916639956828e-12,1
"21375",5.61079126108383e-35,0.608392079461362,0.391607920538638,8.19589690488659e-29,2
"21378",4.39576607393387e-49,0.437264819356226,0.562735180643775,3.13268233750576e-37,3
"21381",1.09882810045246e-31,0.772364054066896,0.227635945933104,6.5778375026865e-21,2
"21389",0.972742312772087,0.0143220086435032,0.011989770115053,0.000945908469357218,1
"21391",1.70404486444144e-19,0.098555410857534,0.90144254912235,2.04002011616009e-06,3
"21402",5.67775572801474e-16,0.924312713008596,0.0756872869914005,2.48483811264196e-15,2
"21404",1.53892475412674e-15,0.625425554499528,0.37457444550047,1.97290606941318e-28,2
"21409",5.65272267938672e-19,0.976312674776354,0.0236873252236461,4.05937297174545e-27,2
"21413",6.19462425956242e-11,0.666387226096263,0.333612773841791,3.74115336246273e-33,2
"21423",2.4181476119547e-35,0.00472077694695067,0.995279223053049,4.24399455261403e-34,3
"21425",1.96842759332865e-17,0.895598782425599,0.1044012175744,7.24370211572181e-26,2
"21430",4.69355523548814e-12,0.00150495720863605,0.99849504278667,6.28166324446122e-19,3
"21432",2.08254316161308e-08,0.986690542450559,0.0133094367095693,1.44397864680455e-11,2
"21438",6.06755143080217e-39,1.46987675169838e-05,0.999985301232483,8.97318512569272e-25,3
"21440",5.7159748749423e-11,0.965829177347756,0.0341708225950769,6.9710842645099e-15,2
"21443",0.978494699170085,0.0184189326943587,0.000611580756815776,0.00247478737874099,1
"21445",3.70962397101771e-22,3.55113768390574e-06,0.999996448862316,2.0432351329898e-27,3
"21447",1.84355430823894e-34,0.917053186804406,0.0829468131955943,2.19127742929137e-25,2
"21449",1.43748256909614e-27,0.937228071420646,0.0627719285793541,9.04833045632217e-20,2
"21451",1.43748256909614e-27,0.937228071420646,0.0627719285793541,9.04833045632217e-20,2
"21455",1.12798191713474e-21,0.979687463318899,0.0203125366811008,3.2971919682853e-19,2
"21469",2.86366870204465e-50,0.107387485425671,0.892612514574329,3.31524804394193e-43,3
"21471",4.58638850258444e-29,0.829842687559044,0.170157312440956,2.55162882534644e-31,2
"21473",0.00365226158434964,0.15365540155837,0.841960548838197,0.000731788019083726,3
