"","V1","V2","V3","V4","V5","V6","V7","best$classification"
"19812",0.00122790036358933,0.52187806096773,0.000482717107826667,0.476171701077771,4.95978793277327e-05,0.000190022603755475,1.02579871960518e-16,2
"19814",1.09350883800135e-07,0.11389583379114,1.66646828840612e-05,0.885882980552006,2.05264385840038e-07,9.83371949916683e-05,0.000105869163708481,4
"19816",0.754193651960363,0.238810502771841,9.69062246150982e-09,1.40546201155578e-12,9.51792796134896e-07,0.0069948837829719,6.11171516747806e-17,1
"19818",0.000226361823735357,0.997013903830304,1.9130616593963e-06,4.07629527456077e-05,3.05284427175793e-06,0.00161529192827496,0.00109871355900841,2
"19820",0.987871625346339,1.70970875188111e-05,9.83105482392397e-06,1.71224386975416e-65,3.53731007504076e-29,0.0121014465113183,3.62314275514704e-45,1
"19822",0.00551645269833213,6.19670684061683e-08,1.66721094854718e-05,5.67102396375719e-70,2.42518586986154e-30,0.994466813225114,1.13772631243446e-41,6
"19824",0.0218182195336754,0.000330460279715385,4.32303627105709e-07,5.80351035913663e-37,1.73206363382001e-13,0.977850887882809,2.17509112217977e-17,6
"19826",2.20871980420205e-06,0.89171508805553,4.83375843988035e-05,0.00141376028226933,0.0674892738556779,0.0393313315022996,2.04843600594668e-14,2
"19828",0.983911584045795,0.00848536635455946,2.47338509389108e-06,9.68298645312193e-34,6.64218021075078e-20,0.0076005762145518,1.10105674328373e-23,1
"19830",6.81610269137144e-13,0.921169347122271,0.055506493501041,0.0186540090398655,0.00403647146678842,0.000633678869347002,5.59968821272252e-15,2
"19832",0.000269679095295389,0.126166191589591,0.873558213452212,5.0109944693487e-10,6.22083037779747e-24,5.91536180210277e-06,2.23761023620537e-40,3
"19834",0.0583753586616337,0.919451543519199,4.44437837546672e-05,1.0638509940286e-17,9.62041321581597e-18,0.0221286540354123,5.19406236891923e-16,2
"19836",0.000872583805322868,0.961379647234091,0.000204877978010122,3.76430692972292e-07,0.0336127513538153,0.00392976319806825,5.56358386755694e-21,2
"19838",1.31183103231555e-14,0.00593927960893861,5.37465352316841e-05,0.994006640114245,1.58140935708237e-08,2.95362640578955e-07,2.2564837583948e-08,4
"19840",0.00827535973834833,0.93673940345081,7.53115586906172e-05,1.43696655115844e-12,1.94104291490337e-06,0.0549079842077986,4.0177230935799e-19,2
"19842",1.70570289263303e-28,1.04513495289208e-06,1.13580034890957e-05,3.28267692874479e-07,0.99975308273445,0.000234185859414872,1.65543564808896e-25,5
"19844",3.07855780950069e-21,5.53846738038712e-15,6.21768720974977e-07,3.52533741009926e-41,6.50308040264262e-11,0.374881444479996,0.625117933686247,7
"19846",6.81571854939621e-21,0.000344992958023565,2.63654479015104e-07,0.682333158487255,0.062340634100528,0.000115584273879019,0.254865366525835,4
"19848",6.99364322927781e-19,0.000624521259242341,4.48426142576865e-07,0.99719257561351,0.00196639756210771,9.80181437448779e-06,0.000206255324622334,4
"19850",2.68368180974011e-14,0.0354086427651692,0.000246640899653647,0.0653066326108047,5.3590906439211e-08,0.00807863442009716,0.890959395713342,7
"19852",0.124196981133782,0.873097391745329,5.42504546202699e-05,4.58620018191715e-07,5.56081566329403e-08,0.00265042188878748,4.40549306715602e-07,2
"19854",1.25864991288442e-17,0.0052431119968547,1.3826032346029e-05,0.989237628912484,0.0054983727868501,6.99472668994623e-06,6.55447754745355e-08,4
"19856",4.37775280065037e-17,4.04374875690334e-05,2.28043283573473e-08,1.08059999645491e-12,3.80637587614169e-08,0.999955756273583,3.7453696805474e-06,6
"19858",1.92134014237317e-08,1.68561054266925e-06,1.18404947460139e-06,7.35221838078294e-32,3.57754452804767e-17,0.999982301862183,1.48092643978537e-05,6
"19860",0.0167967329359212,0.977326527102705,0.000455266042726868,0.000425438875200871,9.72359777145265e-08,0.00499593780214888,5.31997333010919e-12,2
"19862",1.4726501316902e-22,0.000583132430841244,4.39988308556576e-05,0.754716542247109,0.165200650702948,0.000122377045470368,0.079333298742776,4
"19864",4.67772994807835e-25,2.8835602302678e-17,3.35016590046102e-05,4.8738631912428e-55,0.966883277713844,0.0330832206271516,5.30822260450107e-32,5
"19866",0.0120656708393381,0.190550090557733,1.30008665304612e-06,1.39196975995734e-24,0.000166026008352538,0.797216912507923,3.21191384901014e-27,6
"19868",8.46456935525977e-28,4.36692140440255e-18,0.999999999272487,2.91916969156325e-54,4.04521782856355e-37,7.27512920299717e-10,2.2519189646884e-54,3
"19870",1.87012318252838e-11,0.392294147608364,9.13208492969539e-05,0.388921002429463,0.217761142083993,0.000418455268374207,0.000513931741807415,2
"19873",1.08123425012338e-06,0.980527178008009,6.11667349671318e-06,0.000152025098873829,0.00759893912820668,0.0117146593084759,5.48687482016242e-10,2
"19875",0.77709494539872,0.21555954670711,0.001277014107991,4.43496964972179e-19,2.11313650002522e-18,0.00606849378617877,2.24687199023135e-35,1
"19877",2.88380430658404e-05,0.945981135182009,0.000234114128788604,0.0187666189803839,0.00174240621154602,0.0016613495464505,0.0315855379077556,2
"19879",0.014409078313518,0.976559728119001,2.32612238171462e-06,1.5886338461539e-11,5.56324713231676e-06,0.00902079414089126,2.51004118959217e-06,2
"19881",2.64177663656618e-08,0.781794767376549,6.02812774461897e-08,0.00155330562389865,0.0364832183756606,0.180168605583333,1.63415142254143e-08,2
"19883",3.75998925964169e-11,0.0359286192574171,5.89015046792112e-09,0.00451403964014213,0.9437656762024,0.0157916589722779,1.26921837394177e-14,5
"19899",3.95444984262657e-05,0.981291501607028,0.0140393382970382,4.24704361254601e-15,1.91124585877519e-07,0.00462942447291772,3.40795805858595e-19,2
"19908",2.91822050371063e-19,3.31435098497887e-10,0.0208435271849545,4.34222325967043e-49,1.23801694497157e-10,0.979156472359809,1.14051889581008e-35,6
"19910",0.0499736425708527,0.94730421099108,4.64048851889586e-06,3.83613090455167e-06,0.000472772391668687,0.00224084310395459,5.43230213127583e-08,2
"19912",3.00838587654872e-26,6.35555832214158e-05,9.23586126817717e-07,0.00281970570330365,0.995163126127443,0.00195268899985883,4.66800896766498e-14,5
"19914",0.0165022605645803,0.96506319106783,0.000110800329266616,1.34896778344451e-07,9.38569900724599e-08,0.0183235171763454,2.10820915007567e-09,2
"19916",4.13269692229725e-07,5.3202402300302e-09,2.69818709522086e-05,1.22175693019888e-48,4.77428137757888e-08,0.999972551796302,2.73230827179674e-25,6
"19918",2.358149852351e-11,0.0366759554520256,1.02141443037901e-08,0.163611178552727,0.0651421252357588,0.00441428685876599,0.730156443662996,7
"19920",6.37173138538059e-17,0.000669057548965542,3.987813584214e-07,0.0684372665859671,0.000267015112815083,0.00159212454056114,0.929034137430333,7
"19922",8.90434012970869e-08,4.64622754931465e-06,0.999995264702468,1.03914721214903e-14,3.26204764538642e-23,2.65711502503709e-11,1.39108973291026e-42,3
"19924",8.44459289897233e-05,0.933780154228309,2.89199607626321e-07,3.48695925971562e-05,0.00175009537491626,0.0164787538130445,0.0478713918625356,2
"19926",0.0012165744613326,0.986177377225622,0.00255812353037105,5.03191158889162e-14,3.39982719250321e-05,0.010013926510699,5.04968550711073e-31,2
"19928",1.28858473804591e-42,4.92094990263884e-25,0.000182859445445121,9.76215613351819e-46,0.999505143629116,0.00031199692543893,1.14585852153143e-32,5
"19930",8.37961374046996e-09,0.0281637375511479,2.63723180343617e-05,0.971761471688316,4.55228351206602e-05,2.60917790261309e-06,2.78049864746863e-07,4
"19932",5.03113370541402e-15,0.00186435839769178,6.85862094666103e-06,0.998085040944327,1.52825308204163e-06,2.74688040837504e-07,4.19390959062484e-05,4
"19934",0.29306192230167,0.657415669640678,3.63982223752583e-07,5.06700733928814e-14,9.14081015965684e-17,0.0495220440753743,3.12337399464968e-15,2
"19936",2.90773718042049e-05,0.97645323991882,0.0168255315243088,0.00548273806567326,1.13933385337353e-08,0.00120895363473779,4.48091317609697e-07,2
"19938",0.03986431074692,0.00346143382805401,5.18739559552348e-07,1.76355415641055e-39,1.02926091277949e-14,0.956673736685456,2.14115006156366e-22,6
"19940",0.000506376138591926,0.872828601071856,5.97382424154353e-08,8.5158125162069e-06,0.11676900183247,0.00988742143430612,2.39720174223718e-08,2
"19942",3.9102369389828e-30,1.02261280509244e-14,8.52307206290781e-07,8.9607189935933e-30,0.983566566581141,0.0164325811116426,9.61251713788959e-29,5
"19944",0.126714415178593,0.855672287124304,2.2489626649137e-06,9.23576603120745e-08,0.000674104133937277,0.016936852241012,1.82841656635421e-12,2
"19946",0.00153461264069879,0.982993001476808,3.00357179097466e-05,5.49191319945324e-05,1.52960272635718e-05,0.0137137820994758,0.0016583529058498,2
"19948",1.02421679066064e-29,6.40806836901882e-15,6.02824529158141e-08,6.00945147218467e-25,0.998548008030084,0.00145193168745692,6.37743444596632e-26,5
"19950",4.13554208511726e-24,9.29676017095111e-08,9.74706931838424e-07,2.25061553395841e-07,2.68989528021319e-08,0.000631003683761228,0.999367676681199,7
"19952",1.02421679066064e-29,6.40806836901882e-15,6.02824529158141e-08,6.00945147218467e-25,0.998548008030084,0.00145193168745692,6.37743444596632e-26,5
"19954",1.16618070825554e-11,0.00651109976841331,4.06559980028608e-06,0.993321878934623,0.000101361407500243,1.22451806334212e-06,6.03697599384191e-05,4
"19956",2.67457036068687e-31,1.22747369168998e-06,0.89768400448357,1.61953908484732e-07,7.45449651904448e-06,0.102196683533286,0.000110468059025635,3
"19958",2.17653861190307e-20,3.68364921001099e-17,0.999999999999983,3.50360154574321e-37,1.59484696536215e-38,1.65503421721258e-14,2.09671354656947e-46,3
"19962",2.78406615803798e-07,0.152913078595931,0.000199666914424344,2.68760622553645e-09,3.54789156181212e-11,0.846886968393143,4.96680109867014e-09,6
"19964",0.000247611790957946,0.916865766388452,3.83398212002182e-06,1.63385510260713e-09,0.0122443803501645,0.0704586515079406,0.00017975434651051,2
"19966",0.00590712527729804,0.00424788626720929,2.7268555613502e-07,5.00573916419029e-42,2.21030373865796e-08,0.989844693666899,1.09699530909603e-38,6
"19969",1.80605182225384e-12,0.118670628985896,1.27747009763852e-05,0.818755769471472,0.0571716627332247,0.00538916383608819,2.70537545531e-10,4
"19972",4.52070590561771e-16,0.00171144572363665,3.15234378024264e-06,3.23110661576322e-07,0.996377239959539,0.00178751318622372,0.000120325676158469,5
"19974",1.04183310103844e-31,4.87733922510763e-09,1.1246865336659e-07,1.7016119226474e-05,0.30868834219549,0.000175859805281109,0.69111866453401,7
"19976",4.56170409789014e-06,0.930122820097929,4.0437608031664e-05,9.363450264757e-05,0.00223658657187149,0.00868863562948359,0.0588133238859385,2
"19978",0.228423902082682,0.759602538294163,1.30981777134878e-06,2.93551110065749e-09,2.83793819381804e-05,0.0119437123435221,1.55144412170979e-07,2
"19980",6.16625612100047e-20,0.000395135311297775,1.29940420746281e-06,0.970931721712536,3.70430133333929e-05,6.49747609921531e-06,0.0286283030825268,4
"19982",4.62702655402013e-14,0.0194885735442172,0.00117853033827443,3.15194355652515e-10,1.29274383487735e-09,0.0983167011524414,0.881016193357082,7
"19984",4.34054659724459e-18,1.54737157234468e-08,8.76606803590114e-10,1.42604211994229e-16,2.08477548186783e-08,0.0135183484609841,0.986481614340939,7
"19986",0.913385033536342,0.00322766354634624,5.27169277188737e-05,7.4233640648554e-51,2.47459774317601e-18,0.0833345859895925,2.89366551229764e-45,1
"19988",0.972541411262722,1.01731417051103e-05,0.00125209208814601,2.45965319527575e-72,9.60002345144617e-33,0.0261963235074269,9.01812023491313e-50,1
"19992",0.994111922943854,0.000212127923646343,7.77239311641973e-05,1.06052529057951e-49,1.38190585616742e-29,0.00559822520133523,5.40397322094585e-36,1
"19994",1.18838986486204e-07,0.0232788373634489,5.22995618107781e-05,0.976611983964706,5.57422387149424e-05,1.01338749478927e-06,4.64483814136584e-09,4
"19996",0.990648777556073,0.00190582433819578,4.13387946400365e-06,2.01028207748677e-45,1.32470742809543e-24,0.00744126422626683,1.50380656768621e-30,1
"19998",6.54114053229876e-14,0.000548224723445241,5.28526053781587e-08,3.09483323175575e-14,5.64326300489143e-05,0.999395289793804,3.0507244189295e-18,6
"20000",6.86208380160126e-22,0.00545220056751695,0.994390584492645,6.50222358916968e-05,2.47684123182375e-08,9.21679355341756e-05,7.36822340846021e-26,3
"20003",3.23647985399986e-06,0.129378020396807,9.65387529980598e-05,0.870255379571044,0.000230490080470849,3.6334718826321e-05,8.68810691589826e-17,4
"20005",1.51287000420998e-21,0.00071347310510852,8.01664154476457e-06,0.855963933166474,0.143228687070051,5.29201137803462e-05,3.29699030412537e-05,4
"20007",0.00034810078309322,0.994340116197155,0.000283073526033506,2.41392131071925e-14,1.05236448373232e-11,0.00502870946592067,1.72497790604364e-11,2
"20009",0.00015718476899991,4.05137120827109e-05,2.31769561312318e-08,1.77505843409963e-40,2.79614307179586e-14,0.999802278341933,7.01985394250369e-23,6
"20011",7.79535779467542e-11,0.187481996974192,2.12224660245489e-06,9.81421322449364e-07,0.796682087124163,0.0158323021052353,5.10050531478658e-07,5
"20013",2.72659498350772e-09,0.266603552845045,6.906454243351e-06,0.0652136527057569,2.97070777196078e-05,0.00517457899086481,0.662971599199775,7
"20016",0.15466126906031,5.16533734120599e-05,4.73236611991591e-05,8.43763380183595e-60,7.51122737558358e-23,0.845239753905078,1.14991279183721e-30,6
"20018",2.17094621831942e-08,3.77383128112064e-24,0.999999819007557,5.62621449783668e-113,2.80015038194399e-62,1.59282981254541e-07,1.38117819500845e-111,3
"20021",0.711554607702429,0.286067359809564,0.000394271517764586,9.89138565243024e-15,2.99573025111304e-14,0.00198376097020274,1.50342180701578e-31,1
"20023",0.308312704240642,0.645536366096806,7.45580800675772e-05,1.87648576256643e-10,7.94070885057772e-09,0.0460763634536999,4.27645514832117e-13,2
"20025",8.04972824606128e-05,6.77361816932074e-10,0.999762818121635,3.25127773255848e-69,8.96700196157884e-49,0.000156683918542823,2.31896142755181e-72,3
"20027",1.095811878264e-17,0.00693485083537142,0.000148564990960925,0.00512812102567323,0.987198588804536,0.000589874343458,4.48593333809663e-16,5
"20029",2.9782575398465e-17,0.0128882859754511,5.63376481822075e-07,0.00185812745435088,0.207442923550123,0.0398618732883626,0.737948226355231,7
"20032",1.6950815953501e-13,0.0292773776617689,2.76713539897295e-05,0.769248031735968,0.201429608127419,1.73111206826445e-05,1.63884373181544e-15,4
"20034",7.51223727276145e-24,9.95674413190603e-11,3.45397370270102e-06,4.96772250659298e-20,0.998563453157693,0.00143309276903658,2.03135525133581e-30,5
"20036",7.78028719673866e-12,0.0424933469964245,0.0034617231898022,1.81982479708002e-09,1.62550026341258e-09,0.954044925412439,9.48228742185033e-10,6
"20038",0.968429740772542,0.0284847569578653,0.000284142853999394,9.26949750554656e-31,8.54597749861651e-20,0.00280135941559299,1.10918762526957e-45,1
"20040",0.000969716669831706,2.73386872904217e-11,0.0306646038205882,1.83200061030789e-78,5.74785142435216e-21,0.968365679482241,1.35436769437407e-48,6
"20043",0.892400368015779,0.0963686370398828,0.000248651616973054,1.0797913036492e-21,2.63608395705995e-22,0.0109823433273648,1.6523059883154e-34,1
"20045",0.965916104984058,4.71145852160756e-08,0.00474256763820368,5.39484206871806e-74,8.29451889763069e-42,0.0293412802631531,1.17917267415312e-43,1
"20048",4.54124310298173e-26,1.16373766999571e-12,8.46732592430525e-06,2.44046695493473e-33,2.63073580247742e-15,0.0303864760507639,0.969605056622145,7
"20051",5.68815565620329e-05,0.974110397915366,0.0147664847656726,2.62994238805571e-09,2.2830030315336e-27,0.0110662331302487,2.20864482939037e-12,2
"20053",0.0968970429456898,0.569266442473585,1.74591147645012e-06,1.46816685063742e-18,3.34926246482714e-07,0.333834433742995,7.077927904625e-15,2
"20055",0.0575326675876988,0.814922806956367,0.119471032120642,1.60826484845169e-22,8.5037215104341e-17,0.0080734933352928,1.51855066056702e-43,2
"20057",2.04532903709373e-44,3.2033462146996e-33,1,9.27944675125315e-63,4.28943606521089e-39,1.1204541528135e-17,4.0282917149301e-56,3
"20059",0.41460725870581,0.375444361739953,0.0751825392279824,6.35917351156562e-22,1.41419882401074e-08,0.134765826184266,2.38240878246161e-22,1
"20061",0.00828393823229599,0.981348010883463,0.00140912686224014,5.04589497577667e-14,5.22264461040688e-09,0.00895891879926446,4.15386347548507e-14,2
"20063",3.63614335517531e-19,4.20126531658452e-22,0.000534921462014549,5.24037890911636e-73,7.55135266398053e-24,0.999465078537985,5.42816125440423e-16,6
"20065",0.158410314233786,2.83319195485143e-08,0.841589352309114,4.58680814267163e-56,8.59696758466881e-52,3.05125181131869e-07,8.04718772723359e-86,3
"20067",0.824654341173269,0.00215746287329292,0.000905316603667611,1.36001003695911e-32,1.73648116165495e-29,0.17228287934977,4.22473734085807e-19,1
"20069",1.35396843806203e-18,0.00119707739164683,5.43303705676084e-06,0.741066930242093,6.00813248494776e-06,5.1356690194521e-05,0.257673194506524,4
"20071",2.77276164301226e-08,0.0542548363079764,0.00141552270403364,1.45811561860834e-21,1.9152023686927e-06,0.944327698058005,2.51408609223564e-17,6
"20073",3.75761886426306e-11,0.0100111955196385,2.48412737514661e-07,2.02698158688412e-05,0.000437309147748443,0.170756265651758,0.818774711414673,7
"20075",8.62966588675975e-22,1.57282675724946e-14,0.999999999999214,5.45930748146953e-39,1.36708334885442e-41,7.70136579042534e-13,5.85813877425534e-59,3
"20077",0.776598714762369,0.210677363565468,5.11021047512624e-06,2.30379160144938e-18,2.47570978401764e-11,0.0127188114177709,1.91599900048613e-11,1
"20079",2.0931135052118e-09,0.00103551558351781,9.17538295824436e-06,4.91744109861533e-23,1.77879406653222e-24,0.998955306938633,1.77705935402596e-12,6
"20081",0.883499347410751,0.0193039615256989,0.0952706742890915,3.48547638445925e-27,8.04011976121126e-25,0.00192601677445889,1.45527015195572e-27,1
"20083",2.16848970265434e-19,1.20037429561472e-08,2.81922297726553e-07,1.4914283996576e-28,5.5930440550089e-12,0.999999705991807,7.65595923569701e-11,6
"20085",0.995119226880884,6.64111296396508e-06,0.000335043646316624,6.26283943275924e-64,8.44819462757977e-37,0.00453908835983545,5.70700715829941e-61,1
"20088",0.925708674518898,0.0664168142268657,9.80305921475438e-05,3.83312425439453e-23,3.06804526259049e-24,0.00777648066208862,2.02545893983598e-30,1
"20091",1.07508586051647e-05,1.98248589471671e-09,0.99998923785493,3.68888433712684e-42,8.41570816055939e-38,9.30397931548535e-09,4.09926122983539e-39,3
"20095",2.53572469678757e-14,2.12917992444476e-08,4.23404038922252e-05,1.50196443576783e-41,0.000458023476645506,0.999499614660191,1.67446469274221e-10,6
"20097",0.989252100366525,1.15147409908442e-05,0.00826187979863538,1.96139555401939e-61,1.2140252312575e-42,0.0024745050938489,2.72512565046742e-59,1
"20099",0.000159927845598968,9.22596631602586e-06,2.74117307378155e-11,3.39751153670521e-44,0.000279614883904535,0.999551231276764,5.09389977690434e-15,6
"20102",2.58888942648427e-15,2.90068019538437e-10,0.997334480899532,2.76171560978439e-38,2.71003570195954e-32,0.00266551754607351,1.26432391512401e-09,3
"20105",0.416563747597555,0.38740292587394,1.82503231790841e-05,1.5422514794164e-27,1.56060847941065e-25,0.196015076205326,2.01527489651978e-16,1
"20107",0.76106623224194,0.221227406363006,6.70173564431025e-06,1.55620001321851e-30,5.92547599898346e-13,0.0176996596588173,7.65984180232483e-23,1
"20109",0.00737265202666893,0.00651123735471796,1.00760658340999e-08,4.52244131142246e-23,6.38743231887638e-09,0.986109525165458,6.56898965659158e-06,6
"20111",2.16388763009213e-23,4.82271705559128e-11,0.999999999951696,7.80100110101802e-17,2.60754709365309e-21,7.7068253242857e-14,9.14124132115472e-31,3
"20113",0.00175962078119172,0.561265995844374,0.000535441780136871,1.80632547681513e-26,3.52004725709708e-05,0.436403741121726,1.70691425976252e-30,2
"20115",1.62644630455381e-17,0.00692508998231262,0.990972105914068,0.00204491122239199,5.75618797069778e-05,3.31001520507109e-07,2.62913926733141e-17,3
"20117",2.11314195583781e-14,1.90913685969051e-14,0.998441836195373,1.07132783509215e-73,3.29556394331171e-10,0.00155816347503065,1.079728375999e-72,3
"20119",0.00520345914391517,0.00176051489724037,3.70165203293354e-07,8.1058582205116e-40,6.18031066586126e-07,0.993035037762575,2.51501671810708e-48,6
"20121",0.938028747513815,0.0416385349383323,4.40337368448357e-05,3.70480836283912e-34,3.07899413424136e-15,0.0202886838110048,7.02563923423594e-35,1
"20123",2.95620106576e-06,4.2939304800986e-09,0.99999701424912,2.74022630489793e-39,6.00310089617325e-45,2.52558840177088e-08,4.17529274963075e-64,3
"20125",1.89462823964178e-12,0.0149720682348961,0.00028465075393881,0.0141383041425095,2.44362594106934e-08,0.000183969339221055,0.970420983091281,7
"20127",0.963508201869274,2.00571009393902e-06,1.69225239212659e-05,8.35842361677677e-62,3.72743323759655e-36,0.0364728698967105,5.16155597127937e-33,1
"20140",3.1280535765592e-05,0.594390288914796,0.400598709961566,9.71847270955484e-24,8.77682597193511e-12,0.00497972057909545,7.53009617263047e-42,2
"20142",2.26140858578652e-23,1.84774026387864e-07,7.27109638263238e-06,1.04046777930425e-09,6.15970759300967e-11,0.000202858650164491,0.999789684377362,7
"20144",1.12493851151541e-16,0.00648895089147222,0.983857126471308,0.00964862139146257,7.86647900572378e-12,5.06172923680569e-06,2.39508653982976e-07,3
"20146",8.14112699822746e-14,0.0448890897383253,0.800030688612689,3.20343675682509e-06,4.34179397634824e-13,0.155076239912032,7.78299681252535e-07,3
"20148",3.83230136581265e-07,0.383053060989422,0.00208890057917415,0.614312672462056,5.91179392890608e-10,0.000544969599816783,1.2548215128708e-08,4
"20150",5.63647739512521e-26,1.52438083019606e-05,6.22330908297744e-07,0.126422848096137,0.031780463296501,6.72277775671878e-05,0.841713594690585,7
"20152",8.10925580094069e-05,0.768004710780537,7.8330493205808e-05,0.227207870054855,6.52921387442883e-06,0.00462146424545877,2.65405948227393e-09,2
"20154",0.000362410037291951,1.36647961684229e-10,0.999329408032851,2.11215682872183e-56,3.42629793548497e-59,0.000308181793208699,1.82770111680396e-45,3
"20156",0.000220781571044851,0.252229677151589,0.108727850987682,1.25597467372701e-21,1.69007217100395e-09,0.638821423521424,2.65078187847134e-07,6
"20159",7.38197387519851e-20,0.000903450519371138,0.000216162572828058,0.998402560270631,5.85604999927732e-05,0.000340597234332283,7.86689028447217e-05,4
"20161",5.65047794188761e-16,1.18199102894665e-06,0.0022393189973737,1.5545650130606e-15,3.74695927676541e-11,0.992433465962155,0.00532603301197041,6
"20163",6.39258780282511e-06,0.851452750369136,0.147743861930172,0.000192943515726691,9.11304413013176e-11,0.00060405150603185,4.34318954462321e-26,2
"20165",4.8944547948634e-08,2.0934816573334e-06,1.18988546529327e-05,1.84473335817144e-32,4.5085306228668e-21,0.998476695930757,0.0015092627883845,6
"20167",7.43093919935525e-07,0.329535307002715,3.01459031744622e-06,0.659139659469255,1.4310436188602e-06,0.000854856513159982,0.0104649882870142,4
"20169",8.13458317112702e-26,6.75094451184747e-11,3.41543469154524e-06,4.03738232208993e-22,1.29575106306074e-13,0.00166969848531099,0.998326886012358,7
"20171",2.50955575691838e-07,2.73462026541848e-16,0.999955648651955,3.11537255361187e-79,8.64905906078881e-68,4.41003924687672e-05,7.44946524602532e-50,3
"20173",2.4167636568869e-15,2.74485997148862e-15,5.79489509911581e-07,1.10939598751853e-48,1.64796242129399e-09,0.999999418862521,1.92930496790775e-15,6
"20175",1.13874556262335e-08,0.969386989204282,0.00102528059052963,0.00488341485755549,0.013869114448128,0.001445495040764,0.00938969447128518,2
"20177",0.000101373741937639,5.75744399474684e-05,7.63652290977725e-08,2.88614368078322e-38,0.000452816564713421,0.999388158888172,1.40516209523074e-21,6
"20180",0.974902629108501,0.00430944151486985,0.0123205378693304,7.3449404067887e-42,1.39762644293905e-18,0.00846739150729917,4.93434835614435e-70,1
"20182",1.0410737478453e-52,3.86390995334313e-27,0.99999648617746,8.19078753921645e-41,1.31055444205404e-09,3.50935281042496e-06,3.15917563074441e-09,3
"20184",1.66141050463054e-12,0.00136694432323373,1.14281432088746e-07,1.42290116791698e-06,1.24016495542109e-06,0.00689550564451953,0.99173477268303,7
"20187",2.1283233915863e-13,1.59367989043992e-07,0.000430772779905806,1.45681579072379e-24,0.371739528055402,0.627829539793099,3.39134595379476e-12,6
"20189",0.15202009734613,0.695752849538761,1.61659444070401e-07,9.77480063596078e-13,0.000136233572946136,0.152090657881741,2.96106246382112e-18,2
"20192",3.3373320410611e-08,3.83924779974818e-10,0.999733203420803,2.29590980034429e-48,6.45031313855524e-24,0.000266762821951627,7.96204603679631e-71,3
"20194",1.9692943265407e-26,3.31168222736271e-07,2.57791796825787e-05,9.755434928437e-12,0.0550260505145665,0.944921188273903,2.6650853870048e-05,6
"20196",0.987117893142355,3.69189478939466e-06,0.00588071031183593,6.32145853911611e-51,1.3453680466593e-34,0.00699770465102031,1.58132255535274e-56,1
"20198",0.000416672506698236,0.874223860101259,0.097604800207436,3.92686922050235e-07,1.31229898036312e-08,0.0277542613743363,3.58682150996447e-13,2
"20204",1.88436292341176e-17,0.000987979257357802,1.19940770953439e-05,0.00193259557895367,4.69012358771137e-08,5.75413094980618e-05,0.997009842875859,7
"20207",0.858764275813152,0.000432706163714033,0.0105192521355526,1.3427176319061e-42,3.04720114083131e-37,0.130283765887582,3.9080322253006e-23,1
"20209",5.01363128257927e-18,5.55190142791873e-05,0.999944286600105,1.23435767263348e-10,1.858752482825e-07,8.38693188584615e-09,1.85675084706054e-37,3
"20211",2.28593646912374e-05,2.03803076773173e-07,0.999976928431259,2.72360220851547e-33,5.48864069880056e-51,8.40097337502192e-09,2.60263752161567e-51,3
"20215",0.0869658550309708,0.864698208768679,0.000885071002707659,2.78060715995321e-20,1.0157420565026e-20,0.0474508651976425,8.53972381618473e-24,2
"20218",1.0311263155904e-21,2.6749211151869e-06,4.98448469056731e-07,3.24080563790185e-08,2.58448664536885e-10,5.56349255211295e-05,0.99994115903839,7
"20222",0.479429577359392,0.0907633316319975,0.269129896811542,5.26275585577659e-29,1.34285881963178e-36,0.160677194197069,7.61551732282292e-27,1
"20225",7.45402831225539e-21,0.0052737265545066,0.992838914883688,0.000771006896129997,7.06146173529786e-13,0.00111193581587701,4.41584909223736e-06,3
"20229",3.5966063941057e-11,0.24518768806454,0.647150076834815,8.07984980663827e-12,1.59135257053701e-15,0.107662235056597,9.45602077978095e-22,3
"20232",0.00341051858191088,0.967074043153611,0.0129497211268907,4.40187370387315e-22,1.22437179873899e-09,0.016565715913216,2.85085235294161e-25,2
"20234",0.033219929461327,2.22427568314663e-15,0.966218747756552,1.48080615735724e-102,3.7543269389196e-44,0.00056132278211845,6.49000272879818e-95,3
"20238",0.211831051665242,0.411180826801189,0.0348096345951594,1.16864832284505e-35,3.43972232344938e-19,0.34217848693841,8.1786615163997e-23,2
"20253",0.959271527458874,0.0137784155953779,5.4843973209746e-05,8.52367575893726e-40,5.21117368098507e-25,0.0268952129725385,1.17453659856937e-30,1
"20255",1.04126966873359e-10,0.0222738216998852,0.000720694384939566,0.977005252341006,3.5230464190606e-09,2.24432704068535e-07,3.51429241838319e-09,4
"20258",0.990628275185012,0.00337138189833793,4.62741251816293e-05,1.739732265084e-35,3.16098714639969e-22,0.00595406879146794,1.72914762818616e-34,1
"20269",0.406176798091993,0.158504985496468,2.78316933062088e-06,1.24126825560032e-24,9.81766278617366e-16,0.435314615638469,8.176037384123e-07,6
"20271",0.175627067928815,0.00020299297942693,7.47155914307307e-05,9.03705721018357e-45,4.03633870069445e-11,0.824095223459964,1.09863054499239e-38,6
"20285",7.77482602564175e-16,8.19022898018797e-05,9.19601521357656e-09,9.20301025561582e-20,0.0261052698328329,0.973812818681349,8.97872799496763e-17,6
"20288",0.00536990860099433,0.945809365927101,0.00112443181614866,2.98739514495952e-26,3.75998081643179e-16,0.0476962936557559,9.26630873447001e-19,2
"20291",0.822042958691774,0.000132133041955984,0.168404899213372,1.50304688285519e-50,1.7821197778194e-23,0.00942000905289841,1.52839271979618e-34,1
"20295",3.94509313919207e-06,6.29216053467374e-05,0.000100554832721072,2.83652301255013e-27,3.46139226272978e-10,0.999832578122654,4.66178235077311e-20,6
"20298",3.41909606946656e-15,0.0150489341233956,0.000110843104471189,0.804475688828649,2.44337441878552e-05,3.61248408254917e-05,0.180303975358467,4
"20302",1.4173239927172e-11,0.0718895522605895,5.41201620310624e-07,0.000864661361019268,0.0139421784840226,0.576456945470392,0.336846121208183,6
"20305",9.71018137151964e-19,0.00101534836413479,4.99256071845774e-05,0.998625647611443,0.000260792973562414,3.61184999278432e-06,4.46735936823191e-05,4
"20307",0.974645534459993,0.0123921913629879,0.000136152256806212,3.91670006023215e-39,1.52744704226455e-24,0.0128261219202128,1.9969896972838e-29,1
"20310",0.399678123700741,7.86495969408373e-10,0.0367212013622589,5.2814060228697e-92,1.57736265157947e-37,0.563600674150504,5.99073074124584e-67,6
"20313",7.30680677426845e-31,4.38225220007441e-10,6.41235784767985e-07,1.53217651447018e-07,0.00158081819606439,0.00382232652263321,0.994596060389641,7
"20315",0.856751281483168,0.0686688787663864,1.28060844831235e-06,1.19008144479644e-40,2.55192589916711e-13,0.0745785591417422,2.44295483330015e-28,1
"20319",0.0138469519687993,3.31493666797118e-05,0.979168881463627,3.22800784444502e-42,2.00085469318061e-44,0.00695101720089405,2.7252529954338e-64,3
"20321",0.915796450286477,0.00178089268717903,0.00113079394645663,3.970004085098e-44,7.51835939404164e-28,0.081291863079887,1.37988877847182e-28,1
"20327",0.965859648300011,0.00113873683576753,8.49357354953493e-07,7.41899493984219e-46,2.7031055709432e-14,0.0330007655068389,1.52161534986688e-32,1
"20329",6.29097819798994e-30,2.47299961006635e-12,5.02579905787376e-07,9.74759771370233e-18,0.973699845655978,0.0262996517610862,5.56676275126777e-13,5
"20335",0.943563442565391,3.03128380892915e-06,0.0523698491445189,6.28214470872347e-55,1.57794436946077e-43,0.00406367700628126,4.08606914021212e-40,1
"20337",1.9821152794072e-18,0.0005882095134276,3.96669233262546e-06,0.999340676556623,6.70238310346909e-06,7.21192579447163e-06,5.32329287187866e-05,4
"20339",2.51230797895325e-15,6.49766712664374e-07,0.999987978235148,2.45825206727805e-26,4.21471994142346e-26,1.13719981365079e-05,7.74102310825182e-62,3
"20341",1.12571235684427e-05,6.68197961028184e-11,0.998449873913374,1.5238220416735e-57,3.27270029973552e-40,0.00153886889623816,1.69427971219125e-26,3
"20343",0.0905905129699119,1.58317224941788e-07,0.00230024568828685,2.51499100631849e-57,6.59866292998675e-37,0.907109083024576,6.20669606907506e-31,6
"20345",4.87847090974692e-08,0.302466227542048,0.000151314150929576,0.63208513690822,0.0638423613510704,0.00145491126290692,1.15414858197167e-13,4
"20350",3.26410600204954e-12,4.99299787835659e-06,0.71270651067089,8.46049678117451e-37,1.75456837450974e-14,0.28728849632795,4.68067305415935e-28,3
"20352",3.29094279726612e-22,2.10887722672964e-09,2.00674714495343e-07,2.39526598828482e-18,1.49644301563944e-14,0.00113573567699997,0.998864061539393,7
"20355",9.57763802866469e-12,8.22070467030733e-05,0.000192925058676015,7.64987422924244e-13,2.96515214946191e-09,0.999015618644797,0.000709246274328942,6
"20358",1.00891458411388e-30,7.04055357574563e-10,5.1877003576616e-09,7.49446254844954e-10,0.986889343398209,0.0131106491548433,8.05745405680359e-10,5
"20363",0.949953190561245,0.0367222337666788,4.53686107078951e-05,6.17521969575469e-31,1.04506517338472e-25,0.0132792070613687,2.301897982452e-24,1
"20365",0.73838932194282,0.0292992977731552,0.231900838816835,1.49598609154821e-20,3.33127796284231e-24,0.000410541467189661,2.42427037472842e-32,1
"20379",1.23678499714968e-09,0.494829631503188,0.467978107945039,0.0352735143880801,0.00191090425320656,7.84010045849329e-06,5.73242480134102e-10,2
"20387",0.975060373539171,0.021209385806416,0.000309542786250053,1.17890033592427e-23,5.61815349681716e-22,0.0034206978681635,2.7519610295505e-30,1
"20392",0.000251633237284284,1.50963195581687e-08,0.999748350518153,7.4982013390699e-40,9.82352107531585e-57,1.1482427864581e-09,1.73398455959859e-67,3
"20395",3.90352901011146e-05,0.928183159119319,0.00861332140737711,0.0573251971406709,2.21663701866172e-05,0.00581650142078416,6.19251561408456e-07,2
"20397",5.77694579100886e-48,4.36518413996823e-24,8.27810541812407e-09,1.67640257467384e-31,0.99992824152325,7.17501986422307e-05,1.80167028491138e-15,5
"20410",0.656449771582089,0.33485728471679,0.000362088250024836,3.43350193790998e-17,6.14783391114371e-10,0.00833085483631267,2.86369092224663e-41,1
"20414",2.33603949234352e-11,0.736924207583227,0.000610347630301568,0.0777194743323441,1.31736795329681e-07,0.045584008521831,0.139161830172141,2
"20417",1.31293779280862e-11,5.34853979734558e-28,0.999940885228171,3.97460189185257e-130,1.02752130753897e-53,5.91147586994883e-05,2.58950906267144e-117,3
"20419",0.991733773859261,0.00035443140734039,7.73579957985933e-10,1.86691827069505e-50,6.92251121218163e-17,0.00791179395981835,1.49373530583134e-26,1
"20421",8.71453078713111e-09,0.0156310602268535,0.976355421320642,4.92961230055769e-11,1.48042852901785e-14,0.00146766016634252,0.00654584952232032,3
"20423",7.88007494414821e-13,0.0141567436657569,0.00233751835426414,0.00165364661738059,1.51266198338196e-09,5.02591576532282e-05,0.981801830691495,7
"20425",6.8574947268812e-13,0.201918491379194,0.000545730382319009,1.63948225122199e-06,2.39230688342279e-13,0.0340955438811695,0.763438594874141,7
"20427",0.000907663762780017,0.952946117212947,0.00145329337265688,0.0382822497729566,1.80374479853198e-08,0.00638350476598195,2.71530752297552e-05,2
"20429",0.000966669963106846,2.82513533136922e-06,0.00901039850670379,4.405517988342e-53,1.35317693242839e-19,0.990020106394858,1.10712614321297e-25,6
"20432",7.86054877733444e-20,0.000106047911801448,1.05373579201978e-05,0.000156917724876083,1.5154288061703e-06,0.00628104915957972,0.993443932417016,7
"20435",0.000345989791754397,0.817418081159429,0.181424960038183,2.70491188736165e-15,3.33398005552321e-13,0.000810969010298076,1.74851314562488e-31,2
"20438",0.94557300356296,0.00217472214742749,8.10971302844412e-07,5.63848722961411e-35,1.15884345319956e-12,0.0522514633171505,8.74173131195408e-17,1
"20440",0.945903491997436,0.000313175141785774,3.11442197449737e-09,3.79320042311488e-47,1.51509123239069e-16,0.0537833297463563,2.3615720238315e-21,1
"20443",1.89423400703495e-15,1.17448234885419e-06,0.000830444591641365,3.1047786219588e-20,5.06730539011477e-10,0.337069654000836,0.662098726418441,7
"20446",2.65831351544663e-06,0.390669438194189,1.85480168025822e-07,2.23174250515248e-12,3.97192212778235e-10,0.609327717612703,3.28965264105479e-16,6
"20449",0.0726161896168064,0.899403129268286,0.000302584658799908,2.43308010968463e-10,3.75022748337261e-10,0.027678095837777,5.21071667188678e-19,2
"20537",0.538774118035095,0.00460482321608137,0.451279580566523,1.43827253095006e-27,1.31664471044121e-26,0.00534147818229989,1.27942720892542e-26,1
"20540",0.00157896097342759,3.47436953036379e-11,0.998421038858607,6.59771489977936e-53,4.30012826309443e-46,1.3322124675835e-10,5.84778086654957e-71,3
"20543",0.045347277075143,0.947109672489647,3.47689153019598e-05,1.1232631430733e-08,1.63059351400722e-09,0.00746676391831726,4.15047383657104e-05,2
"20545",5.36832382458159e-06,5.91330275426654e-10,0.999994630223706,7.22581215952921e-37,2.38842929329457e-57,8.61138947439913e-10,2.45468142527951e-50,3
"20549",0.00322431957193899,0.987914322207345,0.00309091738501214,0.00507581594918359,5.82064100255416e-11,0.000559603213560034,0.000135021614753672,2
"20551",0.889030511590591,0.105089491654872,6.7179310208602e-06,1.48217223689804e-14,2.2063107117471e-14,0.00587327879865131,2.48282120916162e-11,1
"20554",0.957388331512965,0.0383403818449143,6.20647186576591e-07,3.0662246908902e-21,1.11612629369684e-12,0.00427066599381838,4.49975102605077e-19,1
"20556",0.0005238935290614,0.970505395333536,0.0245840531244227,1.45996414840325e-13,9.24152185550066e-19,0.00438665801261262,2.21436754043436e-13,2
"20558",0.990928874630474,0.00261889760607959,4.7728064565639e-05,3.71952612522116e-39,1.35556547572787e-24,0.00640449969888097,1.20221337192542e-30,1
"20560",0.526291324491328,0.44595145820025,4.41662849693758e-07,1.74423704694356e-14,9.61693423053796e-15,0.0277567485959493,2.70495952561246e-08,1
"20563",0.980298713683193,1.60485915634059e-06,0.000188577791582015,2.17166104586697e-59,1.51079088462863e-33,0.019511103666069,7.64484050236401e-37,1
"20565",0.00347178289899224,0.687917218230337,0.00312709438057759,1.83989701043838e-19,4.25416726748367e-20,0.305483904489244,8.49394811788211e-13,2
"20567",2.12710600809482e-15,0.000725076847041804,8.60424283918403e-05,1.50683502033246e-05,0.000297060102790536,0.0205570110166511,0.978319741254919,7
"20571",2.08932714890612e-06,9.68018765868697e-06,0.0321955513044731,1.70366085093126e-59,3.70422456869724e-21,0.967792679180719,5.70648502016573e-47,6
"20573",0.619499046858328,0.365181104976886,3.30409973027774e-05,3.99515756095679e-16,8.55990427198562e-13,0.0152868058752523,1.29137474653703e-09,1
"20575",0.846585699455514,0.00196267295683627,1.92701280539611e-07,3.34191784890397e-48,6.56081900351499e-19,0.151451434886369,3.11622339167612e-39,1
"20577",0.000252890133594763,0.970492526265679,1.5634876155411e-06,3.24399615578946e-06,2.03361968497004e-07,0.0292495727549845,1.69762518637154e-15,2
"20579",1.63634489818845e-33,9.89205582691019e-15,2.11095864170991e-08,8.24468698471794e-19,0.760608308935413,0.0072327857867995,0.232158884168191,5
"20582",0.989702608541983,0.000180608346952391,3.14212968047861e-06,1.17832465987155e-50,3.09661235879623e-31,0.0101136409813846,1.30800223787261e-40,1
"20585",0.00859033891203911,0.00970047622344537,0.981707345820173,7.17375080725493e-16,1.62562094223673e-37,1.83904434200191e-06,2.97601321434327e-42,3
"20588",2.35114261239247e-07,1.26023205730421e-05,0.999974321367951,3.93372060246181e-27,3.61879096972531e-22,1.28411972146482e-05,9.5355278910936e-27,3
"20590",4.40008106699308e-30,2.51808980813855e-10,2.85973563726719e-09,1.68311595588802e-11,0.0146891004736041,0.0004819749811591,0.984828921416861,7
"20592",0.993369402464462,7.5924720472008e-05,2.85877451423101e-07,3.12650414697524e-56,8.64394705214959e-28,0.00655438693761426,7.58764011082537e-28,1
"20594",0.985778907958997,5.65105912129192e-05,1.76588683392057e-06,3.98321544830062e-51,1.64559924964372e-25,0.0141628155629563,4.72158796536375e-53,1
"20596",0.462417037546944,0.223587118446891,1.57794230800954e-07,4.6394506542639e-28,1.85820089903606e-05,0.313977104202714,2.29708677971506e-13,1
"20598",0.810681186474773,0.178489189224101,5.57504850912796e-06,1.06093619268502e-14,1.97568698691975e-11,0.0108240492328494,4.29116760530648e-17,1
"20600",0.0067778858216789,0.383084715155314,0.607782730815854,1.15673755911322e-10,1.48999530737916e-18,0.00235466809147681,2.74994825582896e-15,3
"20603",1.16277981592178e-12,0.200530649245466,0.519121890537819,0.280337966531012,5.10853019782674e-09,9.48668149864245e-06,1.89451204690857e-09,3
"20605",0.743404108376873,0.219503585613411,0.000855390688823503,2.21317779216418e-35,1.07205526773985e-12,0.0362369153198204,5.10873530898491e-36,1
"20607",0.921145893630918,0.0710452488070411,1.44195500558331e-07,1.27712032866169e-26,3.4953545296613e-09,0.00780870987118581,3.85657322641477e-25,1
"20609",0.883921470427945,0.108994431027558,2.1275605956545e-05,1.0900730996143e-19,2.37944636811236e-14,0.00706282293851651,1.05709591300034e-18,1
"20611",8.36452152637642e-19,0.00709878463244659,2.52686302543232e-05,0.362331112391097,0.630497619762273,4.72145834463518e-05,4.83232459749992e-13,5
"20613",0.134435211134128,0.863464206521151,0.00185233221246286,4.38332922833989e-05,1.23067600795857e-09,0.000204415609299246,1.41627947268113e-21,2
"20615",0.0090814395966632,0.98053104752899,0.00180051135151523,2.07744132997724e-07,5.9113196207796e-15,0.00858679377858643,1.06435813137792e-13,2
