"","V1","V2","V3","V4","best$classification"
"19811",0.622326501397389,0.278204238937054,0.0994692565244773,3.1410793881488e-09,1
"19813",0.99999999997547,2.4530032212953e-11,2.64529663769239e-25,2.38868226464987e-50,1
"19815",0.0320884418558229,0.702476436360835,0.265435121783342,3.11213971418389e-41,2
"19817",0.00286382156463589,0.122660671009167,0.87447550687789,5.48306415222543e-10,3
"19819",0.94719533040469,0.05280466959531,3.7579874420285e-117,2.31772070381183e-118,1
"19821",0.758461576397657,0.241538423507307,9.50352236871527e-11,1.0487918452356e-16,1
"19823",0.999593692123485,0.000406307876514985,4.73893238274769e-22,7.17441354322613e-71,1
"19825",0.999999995931389,4.0686106132992e-09,1.95344716570278e-123,8.68092364571873e-42,1
"19827",0.334546902976067,0.660576143124767,0.00258861246088247,0.0022883414382828,2
"19829",0.282574515226473,0.717425484773527,8.24884144769877e-76,1.64759910872131e-27,2
"19831",0.993619301730764,0.0063806982692363,4.84093963861969e-108,6.45500754831435e-113,1
"19833",1,3.11323625155093e-29,2.63068026556325e-199,5.25426511368304e-148,1
"19835",0.758461576397657,0.241538423507307,9.50352236871527e-11,1.0487918452356e-16,1
"19837",0.0209878527064472,0.667557076564057,0.307705104388963,0.00374996634053222,2
"19839",0.96581286436378,0.0341871356362195,2.32875519768478e-71,5.01839635892276e-23,1
"19841",0.999917947032195,2.63898402527768e-13,8.25757001703684e-66,8.20529675406768e-05,1
"19843",0.999745875569044,0.000254124430956021,2.38889850376417e-121,3.13748277852469e-127,1
"19845",0.921769724387468,1.34249214253834e-06,0.0782289331203899,1.3637572007496e-36,1
"19847",0.281836206505535,0.718163793490254,4.21160584100662e-12,2.44930514379292e-45,2
"19849",0.99999999999937,6.27751394718981e-13,2.50642380318557e-15,5.27303043854542e-48,1
"19851",2.52518748009591e-05,0.000124966110403536,0.999849782014795,6.446093491055e-27,3
"19853",0.999999990564844,4.04361044857897e-09,5.39154557081424e-09,1.27800041772559e-49,1
"19855",0.926527720959898,0.0233905297331043,0.050081749300718,6.27975455609084e-12,1
"19857",0.0938133730967738,0.906186453725183,2.87751192361021e-10,1.72890291562588e-07,2
"19859",0.0558377002094939,0.944097022355712,6.43991027839928e-05,8.78332009825816e-07,2
"19861",0.000582044235529407,1.66174985612988e-05,0.999401338265909,3.20607923376064e-29,3
"19863",0.999999960631907,8.931148133658e-21,7.49185874258713e-36,3.93680931930747e-08,1
"19865",0.0083765237794482,8.67847346439218e-06,3.92204096981886e-11,0.991614797707867,4
"19867",0.40415023397466,0.568827178872154,0.0270225871531861,1.347325839428e-55,2
"19869",0.0831032537556668,2.57977274306138e-10,0.916896745986356,1.1495973999625e-18,3
"19871",0.0184812547850154,0.977352265242474,0.000962144925772664,0.00320433504673811,2
"19874",0.00123620401446461,5.46798429579994e-05,0.0187978151936178,0.97991130094896,4
"19876",1.77172103815235e-05,6.69695550622466e-07,0.994773190040031,0.0052084230540365,3
"19878",0.762201826053958,0.237798173946042,5.76601773040513e-63,8.81800910523047e-74,1
"19880",0.000138250456687516,4.4793917679866e-11,2.31960148716819e-07,0.99986151753837,4
"19882",0.999937898656837,6.20997594509213e-05,1.58371163212601e-09,4.21120727682621e-27,1
"19885",0.0122343850742774,0.984936917912807,0.00282869686088788,1.52027441848801e-10,2
"19907",0.965792283436397,0.0341812499344193,2.64666291831783e-05,8.37598104344644e-50,1
"19909",0.0284878098251485,0.971512190174851,3.27031996664915e-45,7.62032355108844e-57,2
"19911",0.188025019730221,0.811974980269779,6.4737607173767e-57,1.35610826676114e-20,2
"19913",5.88687984974023e-06,9.96041437976701e-17,1.35272592822723e-39,0.99999411312015,4
"19915",7.7702500262275e-05,6.42542951742022e-05,0.96221703253095,0.037641010673614,3
"19917",0.162504493243293,0.00753155420657251,3.62046165328889e-12,0.829963952546514,4
"19919",0.005444776988288,0.0967092028721698,0.633288270571285,0.264557749568257,3
"19921",0.000215155959559234,0.00304639976120915,0.996738444279232,1.98535198546552e-31,3
"19923",0.431217281810242,0.568782718189757,2.52946687319676e-20,1.73431206444919e-83,2
"19925",0.00189097380353377,0.000353000992237364,0.000250874428687522,0.997505150775541,4
"19927",0.00220896274774421,0.0280045584101506,0.969786478842105,2.95187438375134e-18,3
"19929",0.025709170617243,3.28870154065421e-21,1.14117734660041e-29,0.974290829382757,4
"19931",0.000933563675221053,0.0359047018800487,0.963161734444724,6.43034463155634e-15,3
"19933",0.0137902363095025,0.986209763690497,1.89799468029969e-22,3.47411916878312e-34,2
"19935",0.068008860596261,0.931991139403739,1.22433611606822e-18,1.39083663173446e-26,2
"19937",0.000149828368373538,0.00142863060698343,0.998421541024643,4.14421545244899e-39,3
"19939",0.0699766985225306,0.930023301343207,1.34262235711189e-10,7.17682006574786e-22,2
"19941",0.823990844211961,0.176009155788039,4.2172660745022e-66,4.95816073880712e-20,1
"19943",1.03734391448517e-05,1.05424057527954e-10,2.39527054162483e-16,0.999989626455431,4
"19945",0.0231934659496526,0.976806534050347,9.62977684906681e-28,1.16022194271238e-38,2
"19947",0.999992119774396,7.88022036479885e-06,5.51929428593353e-61,5.23942839741933e-12,1
"19949",0.0573989008513149,0.942601099148685,7.99221512279619e-26,4.50796335825456e-78,2
"19951",0.457507988916273,0.542491472169283,6.5311148939527e-14,5.3891437972721e-07,2
"19953",0.999188948956991,0.000811051043009104,5.01566729519818e-85,3.59994845409149e-159,1
"19955",0.607776883748907,0.392223116251093,7.66788644871564e-69,4.69817898654867e-73,1
"19957",0.998233934008756,0.00176606594272412,9.71798055662788e-29,4.85194521110394e-11,1
"19960",0.447304710684734,0.552695289315266,8.09302864247101e-80,3.84053607505610e-46,2
"19963",1,4.31441184675248e-22,1.08597292862831e-127,2.06098742555442e-55,1
"19965",0.321742561121668,0.678257438878332,1.19548564899545e-103,3.27295450837084e-120,2
"19968",0.999990945904738,9.05409489472839e-06,4.13633827035416e-36,3.67801777398266e-13,1
"19971",1,3.33327084766141e-16,5.929640162267e-127,1.39659181559755e-22,1
"19973",0.00298154465630012,0.113143372714328,0.883795375399112,7.97072302599879e-05,3
"19975",0.711024820015577,0.0601827068309813,1.72285147124226e-05,0.228775244638729,1
"19977",0.999999972910679,6.35593945717248e-12,6.63111081819128e-51,2.70829647921768e-08,1
"19979",0.102531497185114,0.897468502814886,5.3166690740321e-133,2.60456013497352e-79,2
"19981",0.0129473287675407,0.987052670386967,8.45491552757571e-10,6.73372885890895e-16,2
"19983",0.0184878442963662,0.98151215569002,1.36134015688194e-11,8.67937574110106e-31,2
"19985",0.000676637600677248,4.93230770675325e-05,0.281050763411022,0.718223275911233,4
"19987",0.0365148222504671,0.963485177746217,1.99221436300674e-17,3.31575974620307e-12,2
"19989",0.055682884053597,0.944317115946403,3.94170091401974e-99,1.25923115435176e-140,2
"19993",0.0460109310950921,0.953989068904908,2.30563618966061e-37,2.12839025906528e-33,2
"19995",0.0458685479595798,0.95413145204042,2.46522681837945e-37,3.73329075334092e-31,2
"19997",0.00567102390507713,0.0560332667549355,0.938272610848129,2.3098491858794e-05,3
"19999",4.79986879771003e-05,8.94593268596335e-06,0.958402271086898,0.0415407842924383,3
"20002",1,3.02721472713474e-19,8.14134803176416e-82,1.07002836030421e-30,1
"20004",0.0880033579590084,0.911996642040992,1.72271685276135e-44,2.6423016662444e-33,2
"20006",0.968235574290695,0.0317644257093051,6.63156557106228e-76,5.84407024595157e-46,1
"20008",0.94523568360741,0.0547643163925901,1.25832009977148e-77,1.53637197696605e-74,1
"20010",0.0527311258825327,0.947268874117467,3.64506941351066e-37,1.44736179441008e-62,2
"20012",0.999911888584656,8.81113646326778e-05,4.06618826936611e-19,5.0710928367728e-11,1
"20015",0.114782674246139,0.885217325753861,3.70621526569331e-114,6.05378186312771e-109,2
"20017",0.00272381773256283,0.00203155806916214,0.993459817896972,0.001784806301303,3
"20019",0.220423796008979,0.779576203991021,3.06573107746565e-164,6.6311484972181e-134,2
"20022",0.0243273961352244,0.975672603864776,6.98767132390944e-43,5.48527365894036e-52,2
"20024",0.999999064131365,9.35868634717752e-07,1.37792259829745e-172,8.8434157910728e-189,1
"20026",0.999999064131365,9.35868634717752e-07,1.37792259829745e-172,8.8434157910728e-189,1
"20028",0.00221902480504266,0.000481252921607394,0.995775646647537,0.00152407562581312,3
"20030",0.528803189088939,0.471196810911061,1.3686239776118e-103,5.89645827775732e-54,1
"20033",0.0878580122958046,0.912098273096819,8.21043938863075e-09,4.37063969369409e-05,2
"20035",0.364024166042892,0.635975833957108,1.35305519332046e-164,2.21489762414098e-151,2
"20037",0.0698137256299207,0.930186274370079,1.76687404635451e-136,5.36480125030495e-162,2
"20039",0.999999999999998,2.42293703433843e-15,4.09415002647982e-171,4.94949375828807e-285,1
"20041",0.152588635295854,0.847411364704146,3.40912747369838e-43,7.27106521697351e-44,2
"20044",0.878630482703634,0.121369517296366,3.08909787891617e-56,1.18028592176578e-44,1
"20047",0.942393788781894,0.057606211218106,7.26170438313416e-185,2.0459272718152e-115,1
"20050",0.623386372583673,0.376613627416328,1.85347882033e-53,3.47766375969393e-80,1
"20052",0.0400214405218492,0.95997833868405,2.10292821147008e-08,1.99764818331283e-07,2
"20054",0.0690930396054099,0.93090696039459,4.34228585073865e-73,8.04576575318375e-52,2
"20056",0.999761219887766,0.000229007247905607,1.12942550177784e-34,9.7728643286115e-06,1
"20058",0.0582265156404885,0.941773484359512,1.36274932574406e-102,4.24473605549746e-148,2
"20060",0.0621160593423909,0.937883939903552,7.54056759937789e-10,3.28762547254705e-28,2
"20062",0.0214814378302255,0.978518561513699,6.56075632102075e-10,1.44012534842923e-28,2
"20064",0.0168946814021913,0.983105318597809,9.23214743603516e-32,1.32422099845845e-26,2
"20066",0.850363349356047,0.149636650643953,4.84499302445934e-142,8.53885609339978e-84,1
"20068",0.0875714145776157,0.59852920179857,0.313899383623814,7.41032191749205e-20,2
"20070",0.359039656172859,0.640947793743573,1.2550083568509e-05,8.93330325811078e-39,2
"20072",0.842137938481772,0.157862061518228,8.79149344108657e-93,3.87780177473329e-131,1
"20074",0.000125546196600322,7.18098713368186e-20,1.59152873465903e-31,0.9998744538034,4
"20076",0.998981941010008,0.00101791853785768,3.37031108871551e-27,1.40452134088884e-07,1
"20078",0.0227274202645921,0.977272579735408,1.92189833480212e-46,3.62799200264939e-37,2
"20080",0.0279685474116299,0.97203145258837,4.50390253527303e-121,8.653945190063e-108,2
"20082",0.999999893832907,1.06167092762684e-07,2.71850113024429e-119,6.43013333663926e-168,1
"20084",0.377258782603442,0.622741217396558,7.02118847547336e-61,4.78299005736371e-20,2
"20087",0.0248243093826314,0.975175690617369,1.64479855233737e-42,2.2728028506193e-72,2
"20090",0.084422450932443,0.915577549067557,6.59456970431262e-112,5.07130431334582e-114,2
"20092",0.999956961124601,4.3038875399366e-05,1.20223550003573e-62,2.87507426522749e-147,1
"20096",0.991097012501944,0.00890298749805627,6.45624509056267e-49,9.59242704236555e-46,1
"20098",0.131529421766628,0.867025909105507,0.000509551129265546,0.000935117998599608,2
"20101",0.0942478635196407,0.905752136480359,1.2969421203194e-96,1.81641044646352e-46,2
"20104",0.999999999999992,7.89780733103636e-15,7.9903188569601e-62,1.34027935878078e-95,1
"20106",0.0273884410755268,0.972611558924473,6.45475031618691e-69,6.64250066892597e-47,2
"20108",0.0619590258666671,0.91570432373515,0.0223342742497991,2.37614838420069e-06,2
"20110",0.97234290597059,0.0276570940294102,7.40227960650983e-28,2.87681838056816e-24,1
"20112",0.0407305942427544,0.959269405757246,6.85043678210294e-60,3.24939825133166e-76,2
"20114",0.143885951838312,0.856114048161687,7.23939917538766e-41,1.19998715793407e-15,2
"20116",0.151884495203238,0.848115504796762,3.71468361298994e-55,4.01526234796216e-17,2
"20118",0.0149844982798842,0.985006602467342,3.0744426850625e-12,8.8992496996792e-06,2
"20120",0.127017257261689,0.872982742738311,8.78047812997364e-63,8.8427377175153e-47,2
"20122",0.00229696690256119,3.99821221652533e-07,1.27841944735505e-13,0.997702633276089,4
"20124",0.187328672367192,0.812671327632808,6.01001691789157e-114,3.17939755431321e-122,2
"20126",0.999999999999954,4.61994454481659e-14,3.12754291702652e-183,1.28481238972517e-163,1
"20128",0.999999998345286,1.65471409800173e-09,7.42667713278246e-244,4.26424822446054e-215,1
"20141",0.999999932736075,6.72639252111637e-08,2.2170875156939e-33,1.41969726495562e-47,1
"20143",1.48927160187778e-05,4.00241517121712e-18,1.27240775608484e-30,0.999985107283981,4
"20145",0.0338939748832539,0.966106025116746,9.52086741735666e-40,2.44224103495787e-55,2
"20147",0.0138338722900876,0.986166127709912,3.72108348262946e-50,7.75957836726717e-43,2
"20149",0.0258810979916105,6.0926269225128e-08,3.86657747846248e-15,0.974118841082116,4
"20151",0.0220204681750393,0.463713531330312,0.513080637709041,0.00118536278560783,3
"20153",0.944360165679256,0.0556398321156053,1.73974478107271e-09,4.65394568050325e-10,1
"20155",0.0154649656565165,0.984535034343483,5.63938169007921e-79,1.09770638222924e-67,2
"20157",0.738115116539222,0.261879748372487,1.45060813547839e-08,5.12058220935885e-06,1
"20160",1.12092669151164e-05,9.4580211119067e-16,1.7709338641447e-29,0.999988790733084,4
"20162",0.000103532792129005,1.15312631754346e-09,2.28616772997551e-05,0.999873604377445,4
"20164",0.98886868396968,0.0109944125424226,1.63232624320489e-18,0.000136903487897068,1
"20166",0.998242519300748,0.00175748069925176,2.50715825261089e-118,1.55354778344536e-55,1
"20168",0.999999999999998,1.52143737239118e-15,9.30459033544951e-104,3.61602429597894e-42,1
"20170",0.00648189697676728,0.0148211055871145,0.270803958358985,0.707893039077133,4
"20172",0.0226698079778917,0.977330192022108,3.70262413465074e-43,9.41364962437604e-86,2
"20174",0.0117457862388642,9.74784312033122e-07,0.984212022468284,0.00404121650854024,3
"20176",0.999999999771042,2.28958107774348e-10,2.42015701405433e-69,2.09748940053827e-62,1
"20178",3.34510798224295e-06,1.87382121235748e-17,1.80626539636917e-36,0.999996654892018,4
"20181",0.550134160648497,0.449865839351503,9.09176520956456e-99,2.29037434597476e-33,1
"20183",0.0858310873782413,0.901744551244167,0.0124243613775912,5.07316332651036e-44,2
"20186",0.624760123871342,0.375239867378622,8.75003647167154e-09,3.45241896977485e-102,1
"20188",0.000355866189991014,1.44300566620469e-11,8.37224046168054e-18,0.999644133795579,4
"20190",0.019670117822302,0.980329882177698,1.94271140960733e-103,4.14951744553889e-93,2
"20193",0.999999999999752,2.4808713898661e-13,6.93216469797565e-90,2.28268636997279e-22,1
"20195",0.37300381882777,0.626995556271877,6.57475275213147e-16,6.24900352034883e-07,2
"20197",0.0244972707993103,0.97550272920069,2.04942513492174e-54,1.04984223901681e-79,2
"20199",0.012323310770612,0.000119939965852239,0.014213479308928,0.973343269954608,4
"20205",0.999999997800874,2.19912598885341e-09,1.13531375645148e-103,5.11560607311703e-188,1
"20208",0.0564956691839605,0.943504330815939,9.90629050242052e-14,9.94396743507166e-16,2
"20210",0.00017182271703084,1.35629497768064e-07,0.000334867731248378,0.999493173922223,4
"20212",0.85629873428084,0.141436624729217,3.30865629364633e-10,0.00226464065907638,1
"20216",0.0181840353990004,0.981815964601,3.65445975175868e-66,3.16584449897849e-46,2
"20219",0.584104317520107,0.415895682479893,3.70513859040226e-61,1.60383084892125e-63,1
"20223",0.999860810094286,0.000139189905713652,1.53554935020096e-152,4.87560736465247e-196,1
"20226",0.0567923055052979,0.943207694494702,6.67664685730329e-23,2.95367473940626e-33,2
"20230",0.0337858796234291,0.966214120376571,2.78999800857204e-118,4.20455355881236e-123,2
"20233",1,1.07835949741124e-18,8.81650169687119e-85,1.90767152660929e-143,1
"20235",0.996048028228892,0.00395197177110762,9.79075297277573e-122,5.61368484420812e-167,1
"20239",0.388885985073852,0.611114014926148,4.04353681885095e-55,1.85137805696494e-71,2
"20254",0.999999527343136,4.72656864191644e-07,1.74183336840783e-131,1.11824422027774e-182,1
"20256",0.0244973050906224,0.975502694909378,1.13481726044296e-84,1.48806702107253e-100,2
"20262",0.000345108394402131,0.00105595211979538,0.120039716312238,0.878559223173564,4
"20270",0.915239578895079,0.0847604211049207,1.40791687979013e-76,4.75573286709384e-60,1
"20284",0.950549552484813,0.0494504475151874,9.40240794974482e-22,1.66753997540113e-91,1
"20287",0.425606503270705,0.574393496729295,5.49517113699874e-162,2.76375737070817e-158,2
"20290",0.999977864016588,2.21359834117005e-05,7.28914329588529e-58,3.27756441584183e-104,1
"20293",0.0235909533110111,0.976409046688989,2.53782404650052e-30,7.61140335307666e-46,2
"20296",0.774903042466315,0.225096234888486,3.60482829293608e-15,7.22645194779711e-07,1
"20301",0.998908163290111,0.00109183670988854,1.13030804335836e-196,9.02050394602805e-100,1
"20304",0.999999838413281,1.61586718735883e-07,2.58839980907775e-109,6.28535983792113e-155,1
"20306",0.0903588387917226,0.909641161208277,3.03702695242491e-106,1.52486110306794e-154,2
"20309",0.0307919523630275,0.969208047636973,3.9488591699697e-41,7.14344109745748e-58,2
"20311",0.0805557182946507,0.919444281705349,4.9957817252645e-70,4.27919581604065e-41,2
"20314",0.0180504812357432,0.721401583081859,0.260542323080469,5.61260192900357e-06,2
"20318",0.99999220828477,1.39640845465243e-09,2.95504917289286e-49,7.79031882112125e-06,1
"20320",0.896976612616738,0.103023387383262,6.12023591623914e-24,2.75633472854517e-40,1
"20326",0.0416238363332912,0.958375986863027,1.70070009328479e-07,6.73367275346515e-09,2
"20328",0.377916206243206,0.622011183399286,7.26103575086906e-05,6.85491006430881e-55,2
"20330",0.200610243409996,0.799389756590004,1.06685165525538e-76,2.36314965041025e-79,2
"20336",0.99381305436864,0.00618694563136012,1.10581499498385e-33,1.59041751425293e-115,1
"20338",0.999495128805702,0.000504871194298388,2.94364345892125e-92,2.5342663306753e-71,1
"20340",0.472285131202056,0.527714868797944,1.60324678584464e-136,8.21364026849629e-118,2
"20342",1,3.35733081500166e-19,2.29184545583853e-146,1.27669495949206e-121,1
"20344",0.0327879871332964,0.967212012866704,5.00111274220724e-66,5.88491163600925e-102,2
"20349",0.0242106002439087,0.975789399756091,1.99275047580758e-91,4.03317392098009e-124,2
"20351",0.0438728368720152,0.956127163127985,1.53785809347836e-43,4.36954266262792e-37,2
"20353",0.159091561805243,0.840908438194757,1.60205217130214e-87,6.96468221929472e-120,2
"20357",0.999999542241899,4.57758100955462e-07,6.53270466735117e-102,1.6073431898599e-219,1
"20360",0.999999999990798,9.20248445825875e-12,3.78537657633145e-130,2.2789337048574e-143,1
"20364",0.0272858506722293,0.972714149327771,9.70444655901677e-42,5.3701942303015e-66,2
"20366",0.999998277250204,1.72274979574006e-06,1.77922348400653e-51,2.00781771250342e-109,1
"20381",0.999999999999872,1.28233043235637e-13,2.14764977203504e-36,3.49615675204348e-17,1
"20391",0.99916871941881,0.000831280581190136,1.59822436087201e-43,3.66589006578822e-145,1
"20394",0.101020904620186,0.898714681025747,0.000264414321256563,3.2810348268156e-11,2
"20396",0.00155400937570289,2.98309089672973e-09,0.998443657427798,2.33021340820545e-06,3
"20409",0.142862134896204,0.857137865103796,1.67718678159956e-36,2.54381288503827e-20,2
"20411",0.232426066360498,0.767573933639502,4.3136676662424e-78,1.78126512751652e-141,2
"20416",0.999999983435019,1.65649809830435e-08,1.39689259521101e-202,2.58650566861355e-261,1
"20418",0.000822163220956043,6.35064504592704e-11,0.998955521645817,0.000222315069720468,3
"20420",0.999999999999673,3.27047458807768e-13,1.43852286587392e-55,5.50598784590741e-111,1
"20422",0.0975726339436332,0.902427366056367,4.52795323377151e-108,2.75286109462712e-76,2
"20424",0.0578905981723168,0.942109401827683,1.12789213064587e-74,1.4967080004625e-117,2
"20426",1,4.67894753683583e-21,5.38637607689557e-121,1.00070570101688e-123,1
"20428",0.0399508879743521,0.960049112025648,1.2585520739524e-39,6.08020180548455e-48,2
"20431",0.322588757701313,0.677411242298687,6.3644208202804e-29,4.99742116391219e-28,2
"20433",0.987731771595143,0.0122682284048573,8.91922523597102e-143,4.54049217340423e-131,1
"20436",0.99999999412184,5.87815971263689e-09,2.2149814645776e-93,3.16672304857511e-64,1
"20439",0.00601394478581372,2.95054284183367e-07,0.97418766552258,0.019798094637322,3
"20441",0.999994923958292,5.07604170820494e-06,2.27063590697641e-87,2.57189712892485e-124,1
"20444",3.99640104920074e-06,4.61368664598938e-15,6.03067825679346e-19,0.999996003598946,4
"20448",0.996690656176175,0.00330934382382555,1.77040416435446e-34,1.63451261652789e-32,1
"20536",0.895787499236457,0.022382122668216,0.0818303780953272,2.16825791006105e-32,1
"20538",0.998274838221694,0.00172516177830558,1.25569433377738e-54,7.85169492554106e-128,1
"20541",0.212260792991306,0.787739207008693,3.6732592022784e-115,4.63789750590191e-135,2
"20544",0.0126470072044234,0.987352992795574,3.45588183022684e-18,2.15180980893096e-15,2
"20546",0.0374083079341536,0.962591692065846,2.39275693084325e-57,2.32363652654531e-118,2
"20550",0.220579788457755,0.779420211542245,3.63236430754577e-49,2.28862290680682e-43,2
"20553",1,5.73904661767707e-18,1.71294755122905e-278,1.6420075455094e-187,1
"20555",0.999999999999968,3.24284283997156e-14,3.6961834339277e-65,9.85489704969817e-181,1
"20557",0.190524850839265,0.809475149160735,1.69627878752026e-40,1.13199734044879e-46,2
"20559",0.0175002360658229,0.982499763934177,1.72240283102386e-63,7.39613165207389e-57,2
"20561",0.00251537079675197,0.0127464747490551,0.00110762415812452,0.983630530296068,4
"20564",3.34510798224295e-06,1.87382121235748e-17,1.80626539636917e-36,0.999996654892018,4
"20566",0.0878170717597751,0.912182928240225,2.37633557936377e-42,7.20256356619185e-49,2
"20569",0.0137918089905104,0.00243625767428336,0.965475796462264,0.0182961368729419,3
"20572",0.00360003623282655,2.57285191373015e-06,0.000152494073748132,0.996244896841512,4
"20574",0.028340833329873,0.971659166670127,2.59429398026843e-80,3.05464191467683e-68,2
"20576",8.68832456367662e-05,7.33201312253156e-11,9.66131958261114e-25,0.999913116681043,4
"20578",0.0102060585688791,0.98979394143112,1.89727227186767e-26,9.03401941668384e-16,2
"20580",0.0169208190107525,0.983079180989248,8.92296963638915e-27,1.68793089753428e-41,2
"20583",1.80378615928377e-05,8.32470255007995e-13,2.75122309552272e-29,0.999981962137575,4
"20586",0.0249710057425212,0.975028994257479,1.19586494171548e-33,8.3848410439494e-73,2
"20589",0.0209117162028122,0.979088283797188,1.47051066898356e-91,7.9077964682843e-124,2
"20591",0.991839209203561,0.00816079079643899,9.92785488200529e-28,2.87406758991868e-87,1
"20593",0.334117683174827,0.665882316825173,1.24523235266786e-174,5.79461422740363e-119,2
"20595",0.0162069146538137,0.983793085346186,3.34537765286301e-56,8.34766206911749e-47,2
"20597",0.999989028429296,1.87915297148732e-11,1.09715519127272e-05,1.06707874757037e-33,1
"20599",7.32314576730208e-05,7.92728411325967e-15,1.30017423527878e-31,0.999926768542319,4
"20601",0.0171231183506309,0.832528691951374,0.15034818969799,5.05156533558802e-15,2
"20604",0.0275810422431633,0.972418957756837,1.01523553048186e-117,5.52520397597936e-86,2
"20606",0.0227267483330628,0.977273251666937,7.98934993908324e-106,9.72513511144739e-99,2
"20608",0.0381754616544838,0.961824538345516,9.89924699746e-78,9.31615094526086e-85,2
"20610",0.461502392380785,2.57504257414827e-05,7.66294549406298e-25,0.538471857193474,4
"20612",1,8.96765094536102e-19,5.14285345116783e-143,1.00650122626883e-121,1
"20614",0.000225297048451115,1.80923939460024e-07,3.03689320536585e-07,0.999774218338289,4
"20616",0.230965753877189,0.76903424612281,2.69517282506289e-25,4.24505212071009e-40,2
"20618",0.999999553842323,4.46157677403086e-07,5.57830785725009e-75,3.4625213876644e-94,1
"20620",0.502430816320752,0.497569183679248,1.61343696569022e-84,7.05933087189813e-61,1
"20622",0.000295958004607544,3.10241764268891e-08,1.54489060953399e-19,0.999704010971216,4
"20624",0.407756085656849,0.592243914343151,2.02675238146108e-88,5.79744348187136e-130,2
"20626",0.97405148629185,0.0259485137081502,4.86634829438995e-68,6.61881236218856e-53,1
"20628",0.984260055369502,0.0157399446304982,5.33064983644393e-57,2.60887927947498e-59,1
"20630",0.0803705046041231,0.919629495395877,4.03186094279648e-62,7.1599025237161e-48,2
"20632",0.000378725796681084,6.38343481282167e-11,0.00286590034131843,0.996755373798166,4
"20634",0.0182052031382645,0.981794796861736,8.4906441760336e-100,4.03904177247172e-104,2
"20637",0.999961523695956,3.84763040443479e-05,9.06939552711946e-104,4.58050629961751e-100,1
"20639",4.27371298257751e-06,4.5332867345387e-07,0.863785708750623,0.136209564207721,3
"20644",1,1.16365097379428e-17,2.31678886723498e-283,1.05565805144195e-214,1
"20646",0.999999830683015,1.69316984649262e-07,1.33895357742703e-150,4.72135035122879e-107,1
"20648",2.12402388346645e-05,0.000244276544730677,0.999734457302112,2.59143224723557e-08,3
"20650",0.986715274828333,0.0132847251716668,7.98869542992889e-114,1.13261761337461e-168,1
"20653",0.899354867264741,0.10064513273526,9.91715396041648e-24,8.39818116423914e-36,1
"20658",0.262219428138793,0.737780571861206,3.49142299723491e-96,6.51202432267472e-118,2
"20661",0.999999991493431,8.50656917481541e-09,2.80520096047182e-87,1.64352431513828e-151,1
"20663",0.0202334792430801,0.979766520756756,1.63736191308908e-13,1.17620395818975e-47,2
"20665",0.000901384401053005,1.53307670564339e-13,1.61907407952637e-36,0.999098615598794,4
"20667",0.742976981459262,0.257023018540738,1.02061936271983e-33,4.35920106215654e-50,1
"20669",0.998566905377193,2.84955655273802e-09,0.00143309177325023,2.5953115957922e-26,1
"20671",0.850020599200003,0.149979400799997,1.93009888123933e-62,3.69136643075629e-62,1
"20673",0.999944302819241,5.58787256764175e-12,5.56971751714385e-05,4.34595338591499e-23,1
"20675",0.792202781475197,0.207797216500084,2.02471950913116e-09,3.43246991191768e-59,1
"20677",0.0298473947583995,0.970152605241601,4.84011110827338e-23,5.45564600970458e-59,2
"20679",0.912182683496923,5.39116204573065e-09,0.0878173111118581,5.70449382367579e-14,1
"20681",0.000615333085915305,4.41698177606389e-05,0.999340497096324,2.58558165372311e-41,3
"20683",0.0709283897896783,0.929071610210322,6.34519463281502e-29,5.77742057754895e-69,2
"20685",0.999999999999686,3.14410975407312e-13,3.3886961552879e-61,6.78936833663273e-113,1
"20687",9.02730552118314e-05,4.79461131907065e-06,0.137646904222002,0.862258028111467,4
"20689",1,2.87576847076658e-17,1.05447936417449e-231,1.73215046970109e-246,1
"20691",3.95160818889518e-06,2.56497912431996e-13,1.60819671758869e-18,0.999996048391555,4
"20693",0.11486303588895,0.88513696411105,5.62160680658374e-111,2.92797426687644e-142,2
"20695",0.088938955201533,0.793968089889839,0.117092954908168,4.60861635970234e-13,2
"20697",0.0322559869769695,0.967744013023031,8.56402594319482e-86,3.40678178795036e-51,2
"20699",0.0394001793077529,0.960599820692247,2.24313535832738e-17,3.08214993258554e-37,2
"20701",0.0415287284466834,0.958471271553317,5.17039896884787e-41,3.11134184725035e-91,2
"20703",1,9.52987315078706e-18,1.49211591098032e-40,1.23090469323978e-91,1
"20705",0.0447734127600531,0.955226587239947,4.134627963855e-66,2.72440980171928e-107,2
"20707",0.00172528379118948,0.0310768525696125,0.967197863639198,7.69460999312768e-39,3
"20709",0.935453825307252,0.0645461746927386,1.20501964475269e-36,9.68439901382554e-15,1
"20713",0.999943089571517,5.69104284825175e-05,3.81375418203483e-22,2.60711305566749e-35,1
"20715",0.999999999969041,3.09595457548917e-11,2.86697437551002e-198,5.7469051165378e-63,1
"20717",1.58072843568924e-05,6.13207139479669e-05,0.999922872001695,2.25994527326884e-25,3
"20720",0.0324513916636489,0.967548608336351,1.24052786637702e-68,7.10294052026476e-60,2
"20722",0.048594916721664,0.951405083278336,5.98440478549867e-38,1.08450803635456e-62,2
"20724",0.000158807280341165,0.000731792156563112,0.97404521077687,0.0250641897862263,3
"20726",0.0728464724223995,0.927153527577601,5.19379236382089e-105,6.41878774440913e-126,2
"20728",9.80827145475308e-05,2.1456060415865e-05,0.999880461225037,5.64089461539702e-29,3
"20730",0.0134900808111439,0.177722711550787,0.0779759829093681,0.730811224728701,4
"20732",0.998552041677579,0.00144795832242068,2.3203854958246e-75,1.30849296510828e-98,1
"20734",0.0264525027442686,0.973547497255729,2.89273431079558e-15,2.15864813351535e-44,2
"20736",0.000253523866479343,6.32377584515016e-05,0.176094572521564,0.823588665853505,4
"20738",0.999999999987593,1.24069816448894e-11,4.76264013183285e-146,8.14407812556179e-80,1
"20740",0.995231467402771,0.00476853259722872,5.76306087327759e-51,3.98700090508125e-187,1
"20742",0.926542744771528,0.0734560475724032,1.20765606924891e-06,3.15412348191831e-46,1
"20744",0.00170322634381994,9.62985824642574e-09,0.0174821408033789,0.980814623222943,4
"20746",0.0137799148624473,0.986218623111892,1.46202566071047e-06,9.6774474280659e-33,2
"20748",0.000440511454571025,0.000437148358727767,0.998972593704439,0.000149746482262013,3
"20750",0.00527014808220633,0.0287029417646368,0.00209447238276851,0.963932437770388,4
"20752",0.0205238097983665,0.979476190201634,4.73058051825494e-30,1.6709527784006e-64,2
"20754",0.999999992503374,6.07550800655917e-11,7.43587086478544e-09,5.10817798118829e-25,1
"20756",0.0282749728486821,0.967765720273701,2.6326708498402e-13,0.00395930687735337,2
"20758",0.999999393859205,6.06140795233308e-07,1.26695770201706e-51,2.49692604976758e-23,1
"20760",0.000266502060357972,7.47750013791673e-05,0.971917811899067,0.0277409110391959,3
"20762",0.999997793515317,3.0017884897996e-10,2.20618450417647e-06,3.79675498572541e-44,1
"20764",0.972010866670884,0.000396196696005177,0.0270365831249406,0.000556353508170409,1
"20766",5.70195159439631e-05,9.42427759921979e-05,0.99965400134128,0.000194736366783776,3
"20768",0.000439016438134618,0.00256033686527981,0.00017024824054433,0.996830398456041,4
"20770",0.982496137590195,0.017503862409805,1.01787415293043e-16,1.60218152318005e-49,1
"20772",0.0341120875000561,0.965887912499944,1.92058116211602e-109,4.31366472037862e-89,2
"20774",0.999977484076461,2.25159235385265e-05,1.73001238077468e-213,1.21787619352724e-200,1
"20776",0.00084352410840077,0.00622969848976444,0.992926777401835,3.93590906496826e-47,3
"20778",0.999999995458019,4.54198150737458e-09,9.98004741076543e-237,3.56248321149719e-165,1
"20780",1,1.9538022813706e-16,2.92004066430958e-36,1.45408933990215e-32,1
"20782",0.999999999995852,3.61304543246427e-13,3.78692783513941e-12,3.220647759805e-21,1
"20784",0.999998656898925,1.26956099162084e-08,1.33040546480483e-06,1.68312428862469e-43,1
"20786",0.0312714658360459,2.30053826891991e-15,2.99567709527416e-26,0.968728534163952,4
"20788",0.0134933643364,0.303668787290145,0.682837848373456,8.3460892991746e-36,3
"20790",0.704210055544739,0.00262184046997734,0.292840507892717,0.000327596092566273,1
"20792",0.445389252522205,0.554610747477795,4.99300947862889e-29,3.69682096102187e-19,2
"20794",0.0536251462733724,1.69718874509393e-05,0.872286797184086,0.0740710846550904,3
"20796",0.0223901019157488,0.977609898084251,1.08803823608591e-81,4.41932357040689e-119,2
"20798",3.34510798224295e-06,1.87382121235748e-17,1.80626539636917e-36,0.999996654892018,4
"20801",0.996578382294883,1.11914933226471e-06,1.85068466949765e-28,0.00342049855578478,1
"20803",0.094491941261221,0.905508036725007,2.20137722867328e-08,1.43012181957941e-50,2
"20805",0.0160316072492531,0.983968392750744,2.89824641361295e-15,3.79464102154534e-38,2
"20807",3.34510798224295e-06,1.87382121235748e-17,1.80626539636917e-36,0.999996654892018,4
"20809",0.974428999046885,0.0255710009531141,5.15235708848605e-16,9.95903397759186e-51,1
"20811",0.99994160947918,5.83905208196189e-05,2.49054021307866e-61,1.39375968165077e-33,1
"20813",0.490082364787345,0.509917635212655,7.93761767284129e-34,2.27163053484161e-19,2
"20815",0.0084876711550492,4.26659878527315e-21,2.56363301692238e-25,0.991512328844951,4
"20817",3.78590279704577e-05,0.00038648831141923,0.999575587085348,6.55752626807368e-08,3
"20819",0.0427403710332565,0.957259628947125,1.9618865669211e-11,1.02443897322626e-78,2
"20821",0.999999999999475,5.24685629848211e-13,4.64772015711567e-144,2.64780332945429e-74,1
"20823",0.012132427836574,0.987867572163387,2.06243587206768e-14,1.81722645749214e-14,2
"20825",5.9167414639159e-05,7.13971572150831e-05,0.999525192863845,0.000344242564301002,3
"20827",0.978552333137574,0.0214270082271358,4.00116710478224e-13,2.06586348899239e-05,1
"20829",0.753089012100489,0.246910987899511,1.03260421604934e-113,1.51055463060228e-94,1
"20831",4.21895196983921e-05,5.34463521803537e-05,0.999904356520467,7.60765433473866e-09,3
"20833",0.999999999999998,3.8737053364394e-17,1.7436079677468e-15,9.94515286315047e-23,1
"20835",0.00177000040449851,0.00367013588627363,0.994559809190721,5.4518507278676e-08,3
"20837",0.000363973236458562,0.00325163694674109,0.9963843898168,5.4237190618259e-17,3
"20839",0.000554969350548119,0.00198475784664403,0.997460265131447,7.67136102763396e-09,3
"20841",0.803523485280962,0.196476514719039,5.35220514713876e-47,6.95600784742039e-80,1
"20843",0.05829313640639,0.865311731034862,0.0763951325587477,2.00887653044827e-40,2
"20845",0.587732886917754,0.355662402359909,6.3844845655031e-11,0.0566047106584922,1
"20847",0.0190619130271287,0.980938086972871,4.56843737769437e-26,9.59709411651382e-34,2
"20849",0.0275192618413294,0.972480738158671,8.11824302719592e-28,1.33229422911388e-23,2
"20851",0.0267012046303588,0.973298795369641,5.68109878212722e-32,4.71793913801779e-77,2
"20853",0.287664328923232,0.712335671076768,2.64954984098607e-67,8.40821297997589e-116,2
"20855",0.22167451124137,0.778325488758629,3.35368271062822e-91,3.02033777200349e-48,2
"20857",0.0430209503419182,0.956979049658081,5.68557583518815e-16,5.41040423201458e-43,2
"20859",0.0149299893663082,0.985070010633692,3.87941206425516e-47,2.98920791908573e-49,2
"20861",0.999999999433156,5.66843892217343e-10,8.76177655405532e-56,5.82062650668197e-89,1
"20863",0.0014743420552869,0.000225918877887866,0.997696100554137,0.000603638512688625,3
"20865",0.875767044777826,0.119315616523563,0.00491733869861091,1.54368493282934e-29,1
"20867",0.997275366038029,0.00272463396197114,1.07138218519708e-203,1.07399673562864e-163,1
"20869",0.00430924459239895,0.00557643811646047,0.00194204567044385,0.988172271620697,4
"20871",0.997957013893323,0.00204298610667723,3.39226496286141e-158,1.11522852896759e-73,1
"20873",0.581838718285162,0.418161281714838,8.19585093946489e-127,2.28490232872112e-54,1
"20875",0.0208822270869323,0.979117772913068,1.18360189450881e-49,1.43538724394633e-53,2
"20878",0.99999999998889,1.42082354549724e-19,6.45584125537939e-37,1.11098157630066e-11,1
"20880",1,5.33730447027942e-17,2.66509417523027e-19,3.93409024482241e-21,1
"20882",0.119592178803881,0.880407821196119,1.31235143229756e-106,7.04942565972855e-114,2
"20884",1.59280693402635e-05,0.000120215996241044,0.999863855934417,1.72492641406482e-15,3
"20886",0.00586870892190281,0.0431881906059415,0.0036334537534442,0.947309646718711,4
"20888",0.0921651605320975,6.37792556370011e-11,0.022476438806087,0.885358400598036,4
"20890",0.000679596432113036,0.0143005158171539,0.543761046287093,0.44125884146364,3
"20892",0.0410421316724073,0.958957868327593,8.83912624978144e-20,4.0421713649847e-59,2
"20897",0.0799689572309889,0.920031042769011,5.30516691568774e-16,2.46673009827452e-22,2
"20899",0.0243024368906041,0.975697563109325,2.64399386120513e-16,7.04198378629783e-14,2
"20901",1,4.44851232973081e-17,2.71222288805391e-175,2.49439004158814e-179,1
"20903",0.999999998479519,1.520480924273e-09,1.59481262084616e-207,3.80667461138156e-91,1
"20905",0.999999999106992,8.93007811727002e-10,3.2231908866085e-135,5.19570915542319e-81,1
"20907",0.295264396928129,0.704735603071871,2.40276846247513e-85,2.84442297663192e-97,2
"20909",0.50302068283754,0.49697931716246,2.78288324474609e-28,1.36290477576334e-17,1
"20911",1,3.43808377320798e-20,5.8850567990062e-225,9.15104462951606e-239,1
"20913",0.107502191157656,0.892497808839931,2.41338405023641e-12,3.06711717959895e-19,2
"20962",0.0135326174792886,0.986467382520711,1.54382888268527e-28,8.63846352026334e-42,2
"20969",0.250368984841327,0.749631015158673,2.90832517757272e-67,7.07255230683398e-35,2
"20980",0.0274825469468902,0.97251745305311,6.25033731846981e-36,1.3149265465589e-29,2
"20982",0.0128379928557806,0.987162007144219,8.76541976713004e-45,2.36779276760484e-67,2
"20984",0.735302291720462,0.264697708279538,3.29605478033261e-20,1.37937598438479e-22,1
"20994",0.0835206877967686,0.916479312203231,2.28511761417628e-63,4.3851325207478e-60,2
"21015",0.999981409540634,1.82703776593001e-05,3.11412344104454e-07,8.66936222628819e-09,1
"21023",0.149654966422463,0.850345033577537,8.48132146975065e-93,1.9277203102748e-117,2
"21040",0.954938316488984,0.045061683511016,4.38201245002382e-58,8.8734213478517e-116,1
"21073",0.409279764820294,0.590720235179706,2.22363355129498e-34,1.77061270361294e-45,2
"21222",0.00910020775980576,0.0993002773326126,0.871524718705324,0.020074796202258,3
"21224",0.0353485317995253,0.964651468200474,9.10132286084083e-16,7.92689025208019e-26,2
"21228",0.999999837094438,1.62905561501614e-07,3.66818704136266e-62,4.12537261200587e-35,1
"21232",0.0403474354784856,0.959652564521514,3.01900127895765e-77,1.46224390756074e-110,2
"21237",0.999687084638352,0.00031291536164785,9.36224561934018e-106,1.0265123220982e-84,1
"21240",2.80867106288804e-05,7.59315832510047e-05,0.999895272171046,7.09535073852951e-07,3
"21245",6.75779541200263e-05,0.000109587012465089,0.988079219686989,0.0117436153464259,3
"21252",0.0880862000390235,0.911913799960977,2.21390372993268e-56,2.4705123973748e-126,2
"21254",0.329206294080311,0.670793705919689,8.53383344143459e-54,2.31031605811203e-81,2
"21258",0.802392766019248,0.197607233980753,8.65298663688279e-43,1.81198912250371e-37,1
"21264",0.0357812049754016,0.964163249393612,5.48359269972281e-05,7.0970398962639e-07,2
"21305",0.998907627196623,0.00109237280337685,7.60920447245397e-45,3.05789245531657e-48,1
"21333",0.0337147928426363,0.966285207157364,1.42381512483094e-37,2.87160159197199e-98,2
"21366",0.0661013379191686,0.933898660643926,1.4369052301758e-09,2.00742678482306e-49,2
"21377",0.00595050366669914,3.79872784849326e-07,1.01243007940258e-18,0.994049116460516,4
"21380",0.99999999999992,8.00928940124799e-14,5.18579259775341e-121,6.33192476419725e-82,1
"21387",1,9.98823568370459e-22,1.53426544500786e-197,3.81641453607365e-300,1
"21390",0.119904374644769,0.880095625355231,9.78639864206211e-71,1.21567636572857e-103,2
"21392",0.047570829905107,0.952429170094893,5.76668161287699e-20,3.3347911012065e-39,2
"21403",0.124869252959495,0.875130747040505,1.04871203052885e-49,9.75653869533996e-24,2
"21408",0.0611723118322859,0.938827688167714,5.49189931759004e-96,3.30096335485424e-83,2
"21412",0.999998985570642,1.01442935819486e-06,8.04119638289145e-95,5.91084274864477e-102,1
"21421",0.0400827313978994,0.959917268360249,2.41851390768953e-10,4.91148096711612e-23,2
"21424",0.999659866087439,0.000340133912561298,4.59586627537532e-113,2.04850934835904e-178,1
"21429",0.0348452444806482,0.965154755519352,8.84837381732741e-57,2.76550733705395e-65,2
"21431",0.0527093504842117,0.947290649515743,4.49934114495627e-14,1.22601836433739e-26,2
"21436",0.999999807404549,1.92595450808499e-07,1.87890962014417e-20,2.92021940609538e-47,1
"21439",0.0122168498806787,0.987783150119321,3.2025110267802e-36,2.75186020721942e-24,2
"21442",0.0883961611643292,0.911603838820138,2.4162178456673e-22,1.55324553287295e-11,2
"21444",0.00704921252573242,0.000590364976342867,0.992360422497925,4.54751214730332e-19,3
"21446",1,5.69061858551755e-21,1.68209927166453e-39,6.38763825114318e-18,1
"21448",1,4.88757290127999e-22,1.22859959386416e-86,4.21708949811337e-150,1
"21450",0.574525933795444,0.425474066204556,3.51018887909731e-54,1.47501647592463e-45,1
"21452",0.154585923492362,0.845414076507638,3.14742404211449e-61,5.1337480851921e-74,2
"21466",0.285030903615502,0.714969096384498,2.67459646989487e-109,3.65607412030931e-159,2
