"","V1","V2","V3","V4","V5","best$classification"
"19812",0.00109697177417739,1.76730566926627e-14,0.944754551039186,0.0527584643358785,0.00139001285074042,3
"19814",0.000495053517306866,0.0169825345034312,0.109802143756205,0.872708849757417,1.14184656398371e-05,4
"19816",0.0216212414886949,2.20602791181682e-15,0.978378748124097,5.19761907522154e-10,9.86744429121073e-09,3
"19818",0.00609151426555583,0.00100860875142652,0.981720707214487,0.0111777500311087,1.41973742169177e-06,3
"19820",0.0264265302077364,6.69886324842074e-41,0.973569472283358,6.99200561284114e-48,3.99750890535084e-06,3
"19822",0.988943170269321,2.0434619650174e-36,0.00359848731798178,1.71671382586045e-53,0.00745834241269759,1
"19824",0.913210298561294,1.97986796946614e-12,0.0867896956243548,2.02992352273895e-24,5.81237166324031e-09,1
"19826",0.118521599943722,7.11035740507796e-10,0.590294941164887,0.291181903133358,1.55504699773319e-06,3
"19828",0.00415328844278342,1.7869040038116e-20,0.995818787974514,3.79048386414569e-23,2.79235827028359e-05,3
"19830",0.127887161009032,3.15530864627897e-09,0.551398418382798,0.28846172565091,0.0322526918019509,3
"19832",0.00026028870045737,2.84078957358957e-31,0.347167862183659,7.4845856786605e-10,0.652571848367425,5
"19834",0.0415451852842032,7.80543841020874e-17,0.958387401074478,5.36453357452457e-14,6.74136412650393e-05,3
"19836",0.0314609054406846,3.54891573793289e-22,0.968500374526068,1.24120912503924e-06,3.74788241228156e-05,3
"19838",1.31742647707315e-05,6.87697822460281e-07,0.00481129202950266,0.995063126743364,0.000111719264540153,4
"19840",0.0318375335895016,9.94513455909742e-22,0.968162443346751,7.8353905782084e-10,2.22802084958522e-08,3
"19842",0.221800036873505,2.65474180269009e-11,8.25511443907028e-07,0.778198697571942,4.40016561868241e-07,4
"19844",0.117065129986185,0.882934868224567,2.57590767342062e-12,7.54088185015531e-21,1.78667201319214e-09,2
"19846",0.00182796834117891,0.125320638490071,5.69589938636197e-05,0.872794388116495,4.60583906305011e-08,4
"19848",0.000392046738233852,0.986288638954681,0.000217334705471171,0.0131014758835537,5.03718060012164e-07,2
"19850",0.0127664740962,0.00412920951286762,0.00360337283095647,0.97949778052677,3.16303320625416e-06,4
"19852",0.01098939645125,2.03716171375667e-07,0.988982045436984,2.387403521346e-05,4.48036038081905e-06,3
"19854",0.000181017574199955,0.993767084388473,0.000649243499126694,0.00539780922387873,4.84531432136765e-06,2
"19856",0.991809935019066,0.008183005659252,6.79267243149006e-06,5.1699533551004e-11,2.66597551093154e-07,1
"19858",0.999862116981553,9.3632983382788e-05,4.23299408295683e-05,2.28678398940831e-19,1.92009423481255e-06,1
"19860",0.0149093697456814,4.35503019436069e-12,0.984187764333562,0.000899713887135022,3.15202926641998e-06,3
"19862",0.000765954354301562,3.38943511801618e-08,2.69657265139025e-05,0.999206898726542,1.47298291382197e-07,4
"19864",0.999999986630913,3.18329036322553e-27,1.48122886132003e-13,2.94628196228386e-25,1.33689390852409e-08,1
"19866",0.508085147329347,1.69876308911919e-23,0.491914851934217,9.53269837364101e-17,7.36435576126532e-10,1
"19868",6.6063814107695e-08,5.38030782714033e-39,7.46000285570524e-15,4.88561049344933e-39,0.999999933936178,5
"19870",0.00262445461851199,8.3769616442577e-05,0.0390887097726985,0.958201773661962,1.29233038527612e-06,4
"19873",0.088554954831453,1.14670488499967e-06,0.890321247206927,0.0211226200107196,3.12460158726605e-08,3
"19875",0.00977811460553662,4.18655094024377e-26,0.990171505298537,5.06915517666138e-14,5.03800958752787e-05,3
"19877",0.0094684981680665,7.01315954309349e-05,0.910047789413829,0.0803857943715658,2.77864511080955e-05,3
"19879",0.0224179148198376,3.98503056754419e-06,0.977542570672879,3.73362900836397e-08,3.54921404259034e-05,3
"19881",0.528024306062697,3.27445020198478e-07,0.468512363659837,0.0034627305967488,2.72235697139375e-07,1
"19883",0.162101957090308,7.18409308612393e-09,0.0284631745619775,0.809434856072904,5.09071746944881e-09,4
"19899",0.0637734193002722,4.7582346341524e-21,0.933771215634702,8.40578445238935e-10,0.00245536422444728,3
"19908",0.99999827532882,2.03324423776174e-26,6.8423466444769e-10,5.70107877752543e-29,1.72398694554904e-06,1
"19910",0.00765786398060466,4.13751307710499e-06,0.991994243989999,0.000342421277070753,1.33323924850149e-06,3
"19912",0.0926149736982207,3.37737870623085e-08,6.67930878083306e-06,0.907378263417392,4.9801819841307e-08,4
"19914",0.0568828350374366,7.15790358673583e-09,0.942841312470144,2.04749435010255e-07,0.000275640585080579,3
"19916",0.999995801195017,1.08184113689053e-22,4.19620885293111e-06,1.24415638118699e-31,2.59613013616465e-09,1
"19918",0.0164755613344325,0.244758951657116,0.0193179908556885,0.719447493671074,2.48168916176041e-09,4
"19920",0.00268602202054027,0.993441918314556,7.95632148295975e-05,0.00379248973282004,6.71725397182944e-09,2
"19922",4.68481490285379e-09,2.86170035443863e-28,0.000440529310726035,1.87191985786833e-11,0.99955946598574,5
"19924",0.0223984181610431,0.0286597383939099,0.93910227293946,0.00983582623592682,3.74426966025908e-06,3
"19926",0.0342218229811156,1.76412852811447e-26,0.947528082739861,3.36703009154412e-11,0.0182500942453535,3
"19928",0.999999773585671,3.43837111149765e-26,6.44893890089478e-21,1.14440640762237e-20,2.26414329171776e-07,1
"19930",9.00475158972096e-05,3.7190348922143e-07,0.048103302274854,0.951798269224976,8.00908078377549e-06,4
"19932",1.49454843841261e-05,0.000152386803532537,0.00222999420123427,0.997593853882953,8.81962789568528e-06,4
"19934",0.0264337714891051,5.91361607866386e-13,0.973536456591976,4.97076035191879e-13,2.97719178308408e-05,3
"19936",0.00954533438511485,9.80212736352023e-12,0.960026431319815,0.0123560472596426,0.0180721870256254,3
"19938",0.81424286562443,9.35509128424877e-19,0.185591165465229,7.71017479438259e-30,0.000165968910340801,1
"19940",0.0485302980622333,1.28196058703008e-05,0.948312667197407,0.00314410320286073,1.11931628296869e-07,3
"19942",0.999999998930978,8.39189718498295e-25,1.28192577532332e-12,3.05845856513412e-13,1.06743394659747e-09,1
"19944",0.0399057800581688,1.64567153315365e-09,0.960087738357471,5.42364956292949e-06,1.05628912575025e-06,3
"19946",0.0559682538472767,0.000549285817228539,0.942329614202133,0.00115179783262712,1.04830073426672e-06,3
"19948",0.999999992558498,4.14297316627934e-18,4.21211118192568e-12,7.39538904850022e-09,4.19009094366802e-11,1
"19950",0.00112102526733865,0.998878781176764,6.07058295688008e-09,4.26035048355423e-09,1.83224963600092e-07,2
"19952",0.999999992558498,4.14297316627934e-18,4.21211118192568e-12,7.39538904850022e-09,4.19009094366802e-11,1
"19954",4.60473908134881e-05,5.65327436600117e-05,0.0105433749926094,0.989352091596808,1.9532761092277e-06,4
"19956",0.998901163466189,8.24085135320389e-07,3.90452001285029e-09,0.000153092644348337,0.000944915899807851,1
"19958",8.36139142701207e-11,6.56892357002198e-32,2.59922779545538e-13,8.58246560920118e-29,0.999999999916126,5
"19962",0.946033737602397,1.75001941973931e-05,0.0538011557486475,4.38668839771901e-08,0.000147562587874139,1
"19964",0.104624928687166,5.64019529095045e-07,0.895332242313084,1.67013942678495e-05,2.55635859529826e-05,3
"19966",0.737888799557602,4.05164051845747e-39,0.262109718900318,3.97985959274102e-33,1.48154207977199e-06,1
"19969",0.103004852513589,1.00616887261395e-12,0.207609460234159,0.689385374366054,3.12885192057272e-07,4
"19972",0.790089708596496,0.166034646942722,0.0081064563466459,0.0357684435023438,7.44611792310404e-07,1
"19974",0.0119661377553494,0.973568384311932,1.28000411283933e-09,0.0144654758722881,7.80426184275173e-10,2
"19976",0.0535522617016985,0.0204925198725244,0.908695349971315,0.0172589286007758,9.39853686133252e-07,3
"19978",0.0126375803938537,1.04912216449674e-09,0.987360638419588,1.75115225599471e-06,2.89851803005434e-08,3
"19980",0.000149338153788796,0.950081624279551,8.48496313834374e-05,0.0496833530155538,8.34919723116838e-07,2
"19982",0.23861104834576,0.743678498271541,0.0125389105991073,0.00073108073659069,0.00444046204700073,2
"19984",0.0190123155928583,0.980987654020213,2.87690727236599e-08,1.17739318395546e-11,1.60608219185255e-09,2
"19986",0.163803372312311,6.09091825837862e-35,0.836185803491314,4.39124780279052e-37,1.0824196375201e-05,3
"19988",0.115156485151569,8.57715208898901e-45,0.884677307591653,1.53814902756207e-52,0.000166207256778279,3
"19992",0.103910094884457,6.69866178853016e-28,0.896074391551817,1.0670998235061e-35,1.5513563725696e-05,3
"19994",4.74186846115663e-05,2.55829139073007e-08,0.0757829841868612,0.924085388036216,8.41835093976355e-05,4
"19996",0.011590535153261,2.00714514362713e-24,0.988408532583346,1.03157867657006e-31,9.3226339275664e-07,3
"19998",0.999874559475313,6.71953056874725e-15,0.000125437034806642,1.43498670211701e-10,3.34637537402116e-09,1
"20000",0.0125610085622715,1.82296281952854e-19,0.000218050756353836,0.000585234578223326,0.986635706103151,5
"20003",0.0017188103299693,9.81732207287309e-18,0.971705232104925,0.0257888866868002,0.0007870708783057,3
"20005",0.000957998267677275,0.998878936463615,2.48231146030631e-05,0.000138144290267813,9.78638363552253e-08,2
"20007",0.0389339002750797,3.81278772308754e-13,0.961052057767776,8.80448431831337e-10,1.40410763144898e-05,3
"20009",0.995001922724661,2.56261667889223e-18,0.00499758142208047,1.60553147330557e-31,4.9585325824123e-07,1
"20011",0.748374421335261,0.0295882562804962,0.213892414142609,0.00814431854542587,5.89696208230581e-07,1
"20013",0.0150075497941669,0.32418772001271,0.153862672238197,0.506933787377227,8.27057769862113e-06,4
"20016",0.969995324238727,2.34195969524115e-25,0.0299813208284511,7.31992493648097e-43,2.33549328219029e-05,1
"20018",8.37323720783625e-06,2.18289569580802e-78,1.59746702554539e-11,4.94596531908302e-82,0.999991626746817,5
"20021",0.00481311118425774,1.16789372874914e-26,0.995140552360779,8.44325178414848e-13,4.63364541191633e-05,3
"20023",0.125578284353732,6.06246169204472e-10,0.87428273150235,2.72126532191046e-09,0.000138980816406161,3
"20025",0.0291246294695089,6.93975833668886e-61,0.000610878010902859,2.82655028603846e-49,0.970264492519588,5
"20027",0.0237652221195318,7.83958742502016e-14,0.00300090608588519,0.973229957775993,3.91401851177879e-06,4
"20029",0.149653167652839,4.54366483703674e-08,0.00651008684328321,0.843836692352798,7.71443158559637e-09,4
"20032",0.000102187911540706,5.88235466392771e-10,0.00220360955747169,0.997687457494772,6.74444798033817e-06,4
"20034",0.999997892888951,3.01964709620554e-18,7.58475699736495e-09,2.07368137838418e-06,2.58449136073946e-08,1
"20036",0.997085912130542,4.46471959285515e-09,0.00290091419166949,4.30648015029814e-07,1.27385650543067e-05,1
"20038",0.00554880648468091,1.10258455072402e-38,0.991952990393493,4.03690151169063e-25,0.00249820312182639,3
"20040",0.999231226759507,2.55102044289444e-35,1.47484821286567e-05,5.03557799496273e-54,0.000754024758364196,1
"20043",0.00666163144705007,1.26896306423236e-21,0.99326995700345,7.81073903957146e-16,6.84115494986054e-05,3
"20045",0.41765915234714,4.23415312993043e-35,0.566076605710753,9.92009479153873e-54,0.0162642419421071,3
"20048",0.00633933791370534,0.993660570551995,6.88385184042249e-13,1.14837452341559e-12,9.15324629305255e-08,2
"20051",0.028704909161369,5.35234659370951e-13,0.968777613701579,1.34952719919285e-07,0.00251734218379719,3
"20053",0.406867962941896,2.42642101247321e-08,0.593131955104563,1.63077721112922e-13,5.76891680059876e-08,3
"20055",0.00249315578202705,2.40908801814055e-46,0.907718901009001,2.61784130779105e-21,0.0897879432089718,3
"20057",4.23168854746806e-12,1.35786695404999e-45,2.12533341458947e-27,2.66700640732887e-44,0.999999999995768,5
"20059",0.515504178465433,5.35506918272679e-17,0.480447765940087,1.29821493170684e-15,0.00404805559447957,1
"20061",0.0879060675462167,6.51730966187187e-16,0.91208859064661,2.94230108032045e-10,5.34151294223268e-06,3
"20063",0.999999865510728,5.12164561606659e-12,2.71829598659724e-15,2.9316995406095e-45,1.34484147369008e-07,1
"20065",7.77109726670417e-06,9.37890357009824e-73,0.00425930381550639,1.25202525122537e-47,0.995732925087227,5
"20067",0.312190055368149,1.12310469796768e-12,0.685482319547403,1.28096839953147e-25,0.00232762508332418,3
"20069",0.000119149072298282,0.99060748353143,4.57021690504868e-05,0.00922662639761023,1.03882961112335e-06,2
"20071",0.980961150981311,1.23206418922021e-21,0.0190339297118743,1.08049778302508e-14,4.91930680386537e-06,1
"20073",0.0770497928570392,0.92142056631121,0.00136252215402305,0.000167103294377879,1.53833499320842e-08,2
"20075",2.57187205747146e-10,5.59379957704492e-49,1.80823921377234e-11,4.00556273118177e-31,0.99999999972473,5
"20077",0.050578094212527,1.77519648561402e-11,0.949421836741432,6.63431975276746e-13,6.90276254403398e-08,3
"20079",0.992926564000281,3.61451468948127e-09,0.00707259806051921,3.19900751065208e-15,8.34324681614821e-07,1
"20081",0.00122184838107865,1.16228413529342e-21,0.742463541316732,1.42240095945055e-19,0.256314610302189,3
"20083",0.999998721767321,6.96807953868334e-09,8.41202803170436e-09,3.75595024506709e-19,1.26285257127382e-06,1
"20085",0.0328598191344658,4.71343021521841e-49,0.966406472419278,2.13139057918282e-49,0.00073370844625657,3
"20088",0.0201544718801531,1.97007217705407e-25,0.979746956740937,4.34305393952657e-21,9.85713789096795e-05,3
"20091",1.8902994127011e-07,3.46319110830478e-32,4.23813210880388e-06,6.27585093552074e-33,0.99999557283795,5
"20095",0.999999207216378,9.4717455618587e-08,5.4382692607273e-07,2.02764939684801e-24,1.54239240123199e-07,1
"20097",0.0417084440933385,4.46408772760797e-52,0.945120300823384,4.86685544300803e-49,0.0131712550832773,3
"20099",0.99707597964263,2.9568303824932e-12,0.0029240203543616,4.39827822608808e-23,5.16872308725211e-14,1
"20102",0.0699907092182192,3.45756734624521e-08,2.18804232309691e-08,6.68377975653859e-23,0.930009234325684,5
"20105",0.0267893300866939,9.73985497277055e-17,0.973210435894867,8.75734861746997e-20,2.3401843865977e-07,3
"20107",0.0248105481180544,1.93780246601141e-21,0.975188324875669,9.08580254208362e-22,1.12700627661249e-06,3
"20109",0.733858944254587,0.000307848679000921,0.265833206298585,6.41557003523913e-14,7.67762778135287e-10,1
"20111",2.38789876331194e-10,6.75214064185137e-20,9.64406757512476e-10,1.99394331468436e-13,0.999999998796604,5
"20113",0.209033806619424,1.59243719920368e-27,0.790965449215611,6.45420929123265e-16,7.44164964311669e-07,3
"20115",0.00487806018623756,1.46965015568707e-13,0.00867638837016114,0.512935056294953,0.473510495148502,4
"20117",0.00191182395657137,1.32948626863518e-50,3.7731604700363e-10,4.32103331763391e-44,0.998088175666113,5
"20119",0.838721752664504,4.70678774801162e-39,0.161278234271323,4.84205098843268e-27,1.30641731737167e-08,1
"20121",0.0651572612305825,9.77172291310987e-28,0.934815268298138,1.16613214202172e-25,2.74704712794959e-05,3
"20123",1.1673931874936e-06,4.16155334898101e-54,4.96458600415324e-06,6.54835678837826e-37,0.999993868020808,5
"20125",0.000610565823424136,0.000389566176563144,0.00306747601088664,0.995911602325891,2.07896632352211e-05,4
"20127",0.0631840444759902,1.41741005904566e-29,0.936787177629641,3.72168529249677e-43,2.87778943686529e-05,3
"20140",0.0378978939664029,9.21539109671933e-36,0.550548534823639,6.4017452067198e-16,0.411553571209957,3
"20142",0.00110905660400089,0.998721567407811,3.54124054558861e-08,0.000168379840681861,9.6073510103511e-07,2
"20144",0.00673805835228074,2.91109292237355e-11,0.00143942083739957,0.043533159170492,0.948289361610717,5
"20146",0.996413202117074,0.000141530104783126,0.00145640169667893,9.5600761410977e-06,0.00197930600532302,1
"20148",0.0120568771893027,1.88256957607959e-11,0.735692108654734,0.252142060024976,0.000108954112161197,3
"20150",0.0022240445351207,0.618078455244534,1.97167583686261e-06,0.379695485635251,4.29092578831172e-08,2
"20152",0.0193914780556874,2.84955596811803e-08,0.815379971151636,0.165145141567238,8.33807298782794e-05,3
"20154",9.10201406205705e-05,1.65139039727774e-35,3.69302372103249e-05,1.40119819266427e-45,0.999872049622169,5
"20156",0.922918905365551,9.19433658703576e-08,0.0760996592080195,1.06810026415898e-13,0.000981343482957107,1
"20159",0.00403241834386319,0.995895714960421,4.02786000100583e-05,1.35991914801547e-07,3.14521037913612e-05,2
"20161",0.997373063926951,0.0026108168195258,2.81205930155684e-07,5.62079548750336e-10,1.58374855130598e-05,1
"20163",0.00371197797910613,1.68594583257161e-25,0.971259130049349,6.82138827605858e-05,0.0249606780887845,3
"20165",0.963344527184378,0.0351215280402775,0.00153321491981455,6.09273314181043e-18,7.29855529457414e-07,1
"20167",0.00130041004020163,0.00249093834414326,0.140693235493731,0.855515097139211,3.18982713624177e-07,4
"20169",0.00125484911477424,0.998745053814771,1.68564841684245e-11,4.02479454469851e-09,9.30288039826287e-08,2
"20171",0.00033323232398434,4.07883895215001e-39,1.55897923536166e-08,1.47310643823701e-58,0.999666752086223,5
"20173",0.999999999912606,2.11996250053602e-13,7.39260261008516e-11,2.2055149234521e-28,1.32560404426629e-11,1
"20175",0.0221314399648583,0.00340873895111098,0.746072726099705,0.228283775882818,0.00010331910150831,3
"20177",0.981234492164368,2.30225039203277e-16,0.0187654857612735,2.81390920805789e-20,2.20743579383893e-08,1
"20180",0.0223169541707439,3.8854372139865e-51,0.974687111449997,1.50572154638617e-29,0.00299593437925947,3
"20182",0.155716921224622,1.22721430758288e-06,6.55065561653463e-24,8.29757192497848e-20,0.84428185156107,5
"20184",0.00453821825402492,0.994923775733536,0.000224677950554413,0.000313166520303204,1.61541581163006e-07,2
"20187",0.999997207696971,1.35464572219103e-10,2.79140970284921e-06,5.58056353432467e-12,7.52280656231474e-10,1
"20189",0.0858569885719407,1.47492332607597e-19,0.914143010116761,6.57762918774959e-11,1.24552240059413e-09,3
"20192",0.248356333094561,3.21207587665059e-47,7.06809134859459e-05,2.09859418758665e-30,0.751572985991953,5
"20194",0.999974235674826,2.24777353289239e-05,1.76485620158498e-08,3.26688050428096e-06,2.06077871302592e-09,1
"20196",0.00930994730173105,5.48308880423369e-40,0.445273079544375,2.14630747560309e-38,0.545416973153894,5
"20198",0.462982268867215,1.83208101689029e-11,0.508847825078609,5.64880733103537e-05,0.0281134179625449,3
"20204",0.000571316986942674,0.160938221332568,0.000336315848780618,0.838107238675982,4.69071557260403e-05,4
"20207",0.142093699729208,1.21884616502889e-21,0.61181724270945,1.17200301933201e-32,0.246089057561342,3
"20209",7.03562203732167e-06,8.12358987444823e-39,3.52618223295497e-05,9.132187110805e-10,0.999957701642414,5
"20211",4.8929163662935e-07,3.41074947785265e-40,0.000103448323172631,1.41867463618107e-28,0.999896062385191,5
"20215",0.0491001214161286,1.21819036484273e-24,0.950898571553811,8.42110141959839e-17,1.30703006027067e-06,3
"20218",0.000382966194372165,0.994292069299644,7.75552554234184e-07,0.00532373771659943,4.51236830015573e-07,2
"20222",0.00436641968967097,1.12121996526985e-22,0.958493253660607,1.17772180889977e-22,0.0371403266497219,3
"20225",0.662808954190445,2.01267663157253e-10,0.00157452800906936,0.0722217364636399,0.263394781135578,1
"20229",0.962218022450494,2.86669333946528e-26,0.0205926549407236,2.09343750891476e-10,0.0171893223994383,1
"20232",0.0309406048094269,5.58120528068625e-18,0.965648189709145,2.47404867790318e-13,0.00341120548118095,3
"20234",0.00500923122360507,3.22851159648915e-73,0.000423707921415124,2.22568340799201e-70,0.99456706085498,5
"20238",0.233095452818359,1.39577152427484e-20,0.766866223300881,1.49944310988983e-24,3.83238807595517e-05,3
"20253",0.153167625112547,1.48832044469264e-32,0.846829102229513,2.13934048697738e-31,3.27265793979978e-06,3
"20255",1.72677786165414e-05,7.30511327983831e-08,0.0409500547074522,0.957752149517225,0.00128045494557322,4
"20258",0.00798486755187886,2.11387768996293e-32,0.992005555462683,5.14553230949038e-27,9.57698543793311e-06,3
"20269",0.0617260521574288,6.04866536547188e-09,0.938273652643587,7.7695228963121e-15,2.89150311386548e-07,3
"20271",0.55184873268666,4.75119380916007e-39,0.448150676310973,8.33475307532436e-30,5.91002367134898e-07,1
"20285",0.999952168108854,1.21778873456689e-13,4.7633808987276e-05,1.61146385476461e-11,1.98065922758561e-07,1
"20288",0.0475018914971053,1.95571350454226e-20,0.952485267155624,1.45633042351552e-17,1.28413472710186e-05,3
"20291",0.0140126841519987,1.51384509295515e-29,0.0919941071719704,3.31286577149863e-37,0.893993208676031,5
"20295",0.99561294452459,1.5161639415195e-16,0.00438701482447724,1.55176621715725e-16,4.06509323813004e-08,1
"20298",0.000193526784001259,5.11461068007907e-07,0.0036275465643488,0.996171181264289,7.23392629309564e-06,4
"20302",0.147292828316999,0.849339286345611,0.00300430916336642,0.000361967240237551,1.60893378679291e-06,2
"20305",0.000580555622172502,3.52216125978937e-11,0.00197047254302077,0.997444266974759,4.70482482633448e-06,4
"20307",0.0279734246184781,1.84407275181603e-28,0.971804263614046,5.48656222899247e-32,0.000222311767476074,3
"20310",0.813138525488261,8.83281098566635e-49,0.186375674914186,3.91564149029408e-59,0.000485799597552937,1
"20313",0.0233495492876284,0.976650431039373,2.61517490962677e-11,3.16632960720755e-11,1.96151837568124e-08,2
"20315",0.0158924873061325,2.19797616368932e-28,0.984104733344964,2.73312009616982e-27,2.77934890358438e-06,3
"20319",0.0131977950156796,9.09713195887977e-49,0.0695397682866099,2.16207589348861e-36,0.91726243669771,5
"20321",0.166486980253073,5.18774789970863e-27,0.833512870020677,8.25481934636199e-31,1.49726249993825e-07,3
"20327",0.0351712042318239,2.45618400331645e-27,0.964828773564528,1.06602814197708e-29,2.22036481811011e-08,3
"20329",0.999998895740315,1.13471319619601e-07,1.6772487218813e-11,9.90737218119769e-07,3.43743812333759e-11,1
"20335",0.0242856689031543,2.29580891056166e-29,0.686709321973292,2.56228087238599e-40,0.289005009123554,3
"20337",0.000102802895982091,0.999756043509098,6.93310642282868e-05,6.88717928696419e-05,2.950737821904e-06,2
"20339",0.00748680597531824,2.14752415909499e-46,1.16219477240033e-06,5.64491644909458e-21,0.992512031829909,5
"20341",0.0026601935776464,8.65644802611597e-23,6.21361846726052e-07,1.17770634723348e-42,0.997339185060507,5
"20343",0.985443861489376,1.30849087168915e-22,0.0140185999389648,6.24524994074538e-43,0.00053753857165896,1
"20345",0.0363013917209183,3.22890855619317e-19,0.958699489984121,0.00477631636532776,0.000222801929633083,3
"20350",0.969428220528098,4.58579266757502e-20,1.51656646117129e-05,3.61295796964135e-24,0.03055661380729,1
"20352",0.000954775681275193,0.999045194728405,1.51760348042411e-09,9.10185397449474e-09,1.89708621772848e-08,2
"20355",0.979033539134428,0.020728351341591,4.43425508238647e-05,4.08657376444493e-11,0.000193766932291093,1
"20358",0.997935468134353,9.74934352341305e-07,1.69024052938221e-09,0.00206355522003559,2.10181843030827e-11,1
"20363",0.0370411605735097,7.54281480942607e-24,0.962958772917641,5.53352609304779e-24,6.65088493877244e-08,3
"20365",5.32857592071122e-05,7.82812711701238e-31,0.257458078472587,4.02716822034332e-19,0.742488635768206,5
"20379",0.00118914137259665,4.16918433940305e-06,0.212444972470463,0.0746362165397303,0.711725500432871,5
"20387",0.00749199381600997,4.19560295317075e-22,0.991669734542352,2.32808916386217e-19,0.000838271641638016,3
"20392",9.96254173932826e-08,4.90190147818158e-52,9.35282128159762e-05,3.94376930519648e-34,0.999906372161767,5
"20395",0.052980202609522,3.31003510533499e-05,0.711815911594794,0.234728299832779,0.000442485611851884,3
"20397",0.999985595585684,1.44043909217179e-05,4.45575577443965e-21,2.02972822462569e-14,2.33742954516992e-11,1
"20410",0.0103649635668013,6.23657037590449e-34,0.989572626976016,8.83791483342074e-15,6.24094571739646e-05,3
"20414",0.0484311473824049,0.0382679826232868,0.0926873403350594,0.82060790027296,5.62938628855134e-06,4
"20417",0.00264242922599822,2.61821272750358e-92,9.86577772019698e-13,1.99492444137879e-91,0.997357570773015,5
"20419",0.059558811044964,8.87505946147164e-27,0.94044118893619,1.18211219754648e-34,1.88463865511459e-11,3
"20421",0.0293445810888266,0.00147335475002978,0.00817907335715997,2.65545423231903e-06,0.961000335349751,5
"20423",0.00137761010871084,0.130248404413583,0.00906700075299372,0.856607995565346,0.00269898915936602,4
"20425",0.32931977105665,0.393162763757932,0.123732992228482,0.148576971638349,0.00520750131858647,2
"20427",0.0211681581463084,7.62088923213722e-15,0.978380170843317,0.000438195755504964,1.34752548620754e-05,3
"20429",0.9998226953109,1.16077384095698e-23,0.000175520825238584,4.36288374003321e-37,1.78386386136138e-06,1
"20432",0.138882807980219,0.145163356004101,0.000236102218665719,0.715717424124155,3.09672858977766e-07,4
"20435",0.132269194468555,1.40355318504251e-22,0.851229571425407,4.22039026091535e-09,0.0165012298856481,3
"20438",0.363166081982888,1.5730444341927e-13,0.63683391628008,6.86936568578923e-23,1.73687517670819e-09,3
"20440",0.0673474535529029,6.73004171720529e-20,0.932652439223175,4.3092306041971e-31,1.07223921706015e-07,3
"20443",0.566462915296035,0.433523232851284,9.27511827128253e-07,1.14637660493474e-13,1.29243407398188e-05,1
"20446",0.46533109162656,3.03714755606225e-12,0.534651834691462,1.93334900317991e-10,1.70734856068573e-05,3
"20449",0.0867001882246618,8.67040436737186e-20,0.912574259061784,8.60501272170314e-12,0.000725552704949219,3
"20537",0.025323582393608,2.0655837863376e-21,0.263109185514434,4.5053879703907e-23,0.711567232091958,5
"20540",4.37058977031976e-08,6.58632113696239e-56,7.79754212702297e-06,2.29484273854431e-42,0.999992158751975,5
"20543",0.014739118935754,3.06535969142133e-10,0.985085537958321,7.5264727402925e-08,0.000175267534661333,3
"20545",2.7796391912356e-08,1.01517973115566e-38,8.68478784555818e-06,1.45993922358917e-31,0.999991287415762,5
"20549",0.00198824510490471,0.00911303665370705,0.970809752513092,0.0127115172339012,0.00537744849439476,3
"20551",0.0221167968830231,4.17552106009511e-09,0.977728145866334,4.73697090022787e-11,0.000155053027752505,3
"20554",0.00535311887509091,2.63655031980755e-14,0.994640829576169,6.27105329108728e-15,6.05154870755866e-06,3
"20556",0.00898875102641241,5.79261619935003e-15,0.935454367900666,1.2225937973276e-09,0.0555568798503221,3
"20558",0.00646212267407612,4.72072313325986e-24,0.993512693632713,3.88411580119472e-27,2.51836932109984e-05,3
"20560",0.0445611381336006,1.1946804503422e-06,0.955437644431556,5.76552175748381e-11,2.26967379514132e-08,3
"20563",0.060187476717738,5.1226159767774e-30,0.939754979275502,2.12797162399826e-40,5.75440067599274e-05,3
"20565",0.0663650623417217,4.44625773679333e-10,0.933623709074583,1.73885219612691e-13,1.12281388955571e-05,3
"20567",0.0503369635990569,0.917093069089018,0.000227005184582955,0.032334643612189,8.31851515263711e-06,2
"20571",0.993252762282494,1.36959311098886e-36,0.00660458910226942,2.33408330886975e-36,0.000142648615237121,1
"20573",0.0600567296487118,4.00716655427879e-09,0.939838644090629,1.26809986903125e-12,0.000104622252224241,3
"20575",0.215558859090899,8.73634725446432e-29,0.784441095858686,1.78735372104249e-34,4.50504147797398e-08,3
"20577",0.0425075458934027,1.99937994121577e-16,0.957434724480517,1.78320197776792e-07,5.75513058823129e-05,3
"20579",0.105291567384129,0.894708426426007,2.13884647577366e-14,6.18216423869166e-09,7.67883861580731e-12,2
"20582",0.0175714606257794,9.25090479717668e-37,0.982426340481069,1.43015028744067e-39,2.1988931517904e-06,3
"20585",3.60089415588757e-05,6.31788997931516e-33,0.153208890020457,2.74768964516164e-15,0.846755101037982,5
"20588",0.000154491184861065,3.03045843805139e-23,6.6318981991707e-05,1.04782852986002e-21,0.999779189833147,5
"20590",0.00544149215337463,0.994183207695122,9.57307414068015e-11,0.000375300016717941,3.90545799127726e-11,2
"20592",0.0498661128384219,7.99328925300787e-24,0.950133669337986,1.78280867959815e-39,2.17823592194333e-07,3
"20594",0.0143533143950477,2.32675485004693e-42,0.985624415124651,1.66354749186088e-38,2.22704803007615e-05,3
"20596",0.0520288266118253,1.87452115546205e-11,0.947971172879359,1.83517549381615e-15,4.90068759988397e-10,3
"20598",0.0181338812651297,5.67695108960974e-13,0.981848570315411,1.17402970449915e-10,1.75483014887298e-05,3
"20600",0.00974555588171112,2.2398124705308e-11,0.316101170486687,1.10405386565903e-09,0.67415327250515,5
"20603",0.0215530970293911,3.66949848213709e-05,0.076163569139818,0.499377020198873,0.402869618647097,4
"20605",0.0148719568404978,2.15461234306101e-32,0.985009686866011,1.62334420789803e-24,0.00011835629349084,3
"20607",0.0149348808265335,1.75608702144984e-20,0.985065082931017,5.16819967313021e-17,3.62424496084367e-08,3
"20609",0.00337965348957631,1.53382366829634e-16,0.996611627483323,1.88167712747773e-13,8.71902691272188e-06,3
"20611",0.00133697912622807,4.1483486689999e-05,0.000630954778599058,0.997989570687487,1.01192099547545e-06,4
"20613",0.000632945947940307,1.69409913063311e-18,0.99825886868635,1.52252230520709e-05,0.00109296014265775,3
"20615",0.011273167150037,4.07745915397875e-08,0.980981935089999,1.7375973728425e-06,0.00774311938799972,3
"20617",0.0109644123341788,0.989033608135714,4.01295365240922e-08,6.55676166281164e-10,1.93874489453978e-06,2
"20619",0.0833736514690517,6.98919151762544e-22,0.916626341956062,6.55738492164623e-34,6.57488604913798e-09,3
"20621",0.161070936136408,1.64666743304031e-13,0.838906325105769,2.09245107682682e-12,2.27387555658348e-05,3
"20623",0.382693651178709,0.617113539613364,0.000192742537064166,6.6327501283628e-08,3.43361473855731e-10,2
"20625",0.00926720687259899,1.51322226417142e-08,0.00497280351935692,0.0034591485501041,0.982300825925717,5
"20627",0.0205137778697733,1.67001395599558e-16,0.979456522386687,5.09744831228099e-07,2.91899987087241e-05,3
"20629",0.0268969633455454,7.82418177830454e-10,0.972942969728593,1.30141320343079e-09,0.000160064842029747,3
"20631",0.205394109586962,4.93379485324322e-25,0.794605731508738,1.63223305027137e-38,1.58904299417739e-07,3
"20633",0.00360634461329684,0.996393655101761,3.81263807988465e-14,2.2764386132032e-11,2.6214011524015e-10,2
"20636",0.980910389996454,1.77021367637184e-05,0.0154110912283761,0.00365904831117415,1.76832723152711e-06,1
"20638",0.625700212946864,8.27578626269478e-28,0.366495749903596,3.14578189527786e-09,0.00780403400375863,1
"20640",0.000322121435834316,5.34028435302172e-38,0.722247340446505,2.255541293117e-21,0.277430538117661,3
"20645",0.0161760417223952,1.06970476618873e-44,0.982616922212565,1.73676217562398e-43,0.0012070360650399,3
"20647",0.0126107004767634,0.987389098645141,1.15236685898192e-12,1.51047344548961e-16,2.00876942946459e-07,2
"20649",0.00286307220320658,6.23016657103069e-20,0.970821887778479,7.12570648555273e-14,0.0263150400182433,3
"20651",0.999699577544397,1.5407604280216e-31,0.000299442794436524,7.30887463358489e-54,9.7966116639677e-07,1
"20656",0.00455203861265106,1.42089942110153e-34,0.670874928893868,4.108238521241e-29,0.324573032493481,3
"20660",7.66571251816865e-07,7.96736659348031e-46,4.88599716731929e-06,1.94956015020757e-28,0.999994347431581,5
"20662",0.944604117122419,0.055395668398717,2.11731614046496e-07,2.46194542732089e-09,2.85304611842502e-10,1
"20664",0.992686712415113,1.65862869362234e-11,0.00731328754911951,1.63992506677634e-22,1.9181652012135e-11,1
"20666",1.01276745986615e-07,3.24943043079328e-26,0.00130945375580132,6.86477537519118e-05,0.998621797213701,5
"20668",0.000891511256163384,0.00198859288309381,0.00054666508655506,0.996573221549496,9.22469126566233e-09,4
"20670",0.928293664476102,5.11922358542774e-37,0.0717063161464832,1.75952022180371e-29,1.93774146822139e-08,1
"20672",0.000295588495977534,0.421317072605618,0.000475487918736121,0.57784579691876,6.6054060907933e-05,4
"20674",0.0623339905347868,4.4170090715576e-13,0.937665990037709,8.1609265430801e-10,1.861096954756e-08,3
"20676",0.782119497435508,0.000149789911808979,4.05946620931577e-09,0.217693202062071,3.75065311452017e-05,1
"20678",0.704059245622578,0.0024767069676273,9.2559027431467e-11,0.293464046037946,1.27928928247382e-09,1
"20680",0.00287298259310149,0.0448475159755129,0.0593566230744096,0.892909495735492,1.33826214834747e-05,4
"20682",0.567900529388188,1.58624439592893e-09,0.278484824482784,0.153609322414504,5.32212827928234e-06,1
"20684",0.965047739985449,3.27863863926125e-29,0.0349494118543041,1.15352806476247e-14,2.84816023551711e-06,1
"20686",0.00017051724545291,0.999395811788698,8.13414823867321e-07,0.000432702251303046,1.55299722680204e-07,2
"20688",0.990585759353789,0.00940421606981853,3.27896835723177e-15,1.00242244851166e-05,3.51903580218089e-10,1
"20690",0.000297961965117451,1.37694854683881e-46,0.00654481760605352,1.7452579736413e-25,0.993157220428829,5
"20692",0.0117050928217896,0.98829490593709,8.24210108289242e-17,1.23000710391336e-09,1.11131737712758e-11,2
"20694",0.000287061758298796,3.28057966898867e-06,0.00118438827266026,0.998523035881775,2.23350759653466e-06,4
"20696",0.157116419702972,4.21538518908829e-05,0.0820031946661222,0.760837270953351,9.60825664880133e-07,4
"20698",0.549225735127615,1.35166684049814e-12,0.450688939163542,3.60753575630441e-13,8.53257071306108e-05,1
"20700",0.997310800149541,1.8287653039648e-11,0.00268911285970452,2.02901145156556e-24,8.69724671368286e-08,1
"20702",0.00151414682191697,2.61402313596292e-51,0.0221392975469033,5.17304883987613e-40,0.97634655563118,5
"20704",0.00733551141664828,4.34988744209278e-14,0.992646786498018,4.41995659455837e-09,1.76976653338973e-05,3
"20706",0.999661410877857,5.16388418146802e-12,0.000336826456898465,4.22347942589775e-13,1.7626596578342e-06,1
"20708",0.103844708760934,2.37329159167262e-07,2.16582174245285e-07,0.896154813445567,2.38821655157782e-08,4
"20710",0.00234626947125456,3.5169415769052e-31,0.567039622448596,1.90774353179905e-14,0.43061410808013,3
"20714",0.0479775990667005,0.951992778070929,2.11923031437995e-05,8.43010303796747e-06,4.56188691712767e-10,2
"20716",0.0484238699028751,7.27416102332486e-23,0.951574370749694,2.45831266669304e-14,1.7593474061086e-06,3
"20719",0.990967248811326,1.71537096883656e-20,0.0090326906131046,1.9016789841316e-11,6.05565524088841e-08,1
"20721",0.10899829025898,2.83261464684725e-26,0.891000434399439,1.54764599001052e-41,1.27534158022656e-06,3
"20723",0.999995636781552,1.21280993453247e-28,4.3462969462783e-06,5.69465708436781e-21,1.69215017382435e-08,1
"20725",1.74567024416105e-05,4.4975039429035e-08,0.0340000676488882,0.965853613617875,0.000128817055755533,4
"20727",0.96056518292836,0.000310101458965819,1.13510428628182e-12,3.66519251527057e-10,0.0391247152450197,1
"20729",0.000115110837776101,6.26980674557082e-11,0.000105842954062979,0.999778129614508,9.16530954346237e-07,4
"20731",1.0012913540983e-05,3.00474063942776e-10,0.00372255537649641,0.996136827211466,0.000130604198022425,4
"20733",0.204922639628052,2.14253083368269e-24,0.794740860519494,1.7042980100073e-09,0.000336498148155665,3
"20735",0.00274241959895686,9.5735432853042e-18,0.992040779686759,1.08307483259319e-05,0.00520596996595799,3
"20737",0.00526327117556776,0.0001214239036448,1.80977639338105e-06,0.99461349385744,1.28695430748759e-09,4
"20739",0.00254293203992053,0.997456979578144,1.72422426992711e-13,8.31560551100807e-08,5.22570747853628e-09,2
"20741",0.00240511124309175,0.00167575662919504,0.201795614016677,0.794110357184637,1.31609263996809e-05,4
"20743",0.070542726645402,2.00313856455639e-06,0.624714349600206,0.304509192146741,0.000231728469087028,3
"20745",0.0342970702967496,1.15058802602505e-30,0.965624365420462,3.8152744535821e-35,7.85642827886191e-05,3
"20747",0.00196587571097313,3.11606327941756e-05,0.000278099611758043,0.997708710708984,1.61533354903244e-05,4
"20749",0.00286026988524618,0.00138664189323216,0.000438041865937523,0.995183405640771,0.000131640714813678,4
"20751",0.00214639143921318,7.52631857443224e-20,0.00427329355882434,0.102310399439802,0.89126991556216,5
"20753",0.00231661252591919,3.62469913765419e-14,0.0134584830637397,0.984200779987115,2.41244231898409e-05,4
"20755",0.999642837719933,4.13339345669568e-11,3.30148535080699e-11,0.000357158713218248,3.49249998084733e-09,1
"20757",0.999999911615279,3.23223585881941e-09,8.51352777538125e-08,2.04377833909396e-14,1.71873843352306e-11,1
"20759",0.580118996892652,1.27894191431308e-13,0.419881002850126,3.63191503576771e-29,2.57094884779646e-10,1
"20761",0.00156550752382398,2.52706055292408e-05,0.782401377757634,0.215990626814339,1.72172986741417e-05,3
"20763",0.151755095630179,4.75444634207542e-10,0.845961078478811,8.76347678810372e-06,0.00227506193877752,3
"20765",0.000211864116274589,0.0116185049311733,0.080703904349599,0.907431383487961,3.43431149917805e-05,4
"20767",0.132051255738493,6.87753837097888e-25,0.867947634287741,1.38499052855995e-15,1.10997376475905e-06,3
"20769",0.0174338041472708,1.33398444117175e-56,0.0334339909945923,4.39710838997119e-20,0.949132204858137,5
"20771",0.0685756201488982,0.0183529011152358,0.912049647486306,0.00102181472558286,1.65239770208351e-08,3
"20773",0.999999974496773,3.9918740993046e-19,7.81968945447895e-10,1.66899247262346e-14,2.4721241568295e-08,1
"20775",0.0204777968775903,3.56457126357371e-14,0.835838223166025,0.138713485328645,0.00497049462770448,3
"20777",0.131896805837684,6.11881030454204e-32,0.0120955931163607,9.19335880191106e-12,0.856007601036762,5
"20779",8.34083075849831e-05,5.02264124404371e-13,0.0429793875427801,0.956892401312087,4.48028370461863e-05,4
"20781",3.05860138871408e-06,6.42094773906257e-34,2.88162142343122e-23,1.29444591007031e-30,0.999996941398611,5
"20783",0.0221424046191694,0.0114140657554719,0.942936749868345,0.023504480050824,2.29970618965021e-06,3
"20785",0.999999991145927,1.48415557581241e-12,4.94936523840604e-16,5.51263246009796e-17,8.85258846830588e-09,1
"20787",0.00220402047454049,0.00252881835655551,0.00271894645288556,0.9925482134197,1.29631857095573e-09,4
"20789",0.00488673892969266,1.43095573421938e-18,0.995044825712763,2.22328516472227e-06,6.62120723796962e-05,3
"20791",0.000213051576627435,0.0005321371517758,7.22774259943957e-05,0.999182256537658,2.773079446696e-07,4
"20793",0.0198861404250728,2.5811685576855e-19,0.978882925524266,0.000980583912931268,0.000250350137730387,3
"20795",0.00853826670181507,0.983884720651467,0.00436360406251894,0.00321289212758516,5.16456613692244e-07,2
"20797",3.66709409211409e-06,1.65919697507473e-10,6.20857137355031e-19,1.50724041463415e-20,0.999996332739988,5
"20800",0.000175208632532919,0.994167600375119,0.00335990034719084,0.00213104809504591,0.000166242550110643,2
"20802",0.00116881517554673,0.0292388220600849,0.165614446233384,0.803950219310478,2.76972205063024e-05,4
"20804",0.00123997505682465,3.95777228497361e-09,1.07557661181973e-05,0.998749245718725,1.95005597119032e-08,4
"20806",0.000779248851975804,0.931952120415372,1.41779394971305e-05,0.0672542980689543,1.54724201109584e-07,2
"20808",0.0139500598739619,2.76767878093624e-24,0.986048497990851,1.02318776917586e-11,1.44212495523129e-06,3
"20810",0.948845975760629,0.00276896670403127,0.0402417902389449,0.00814186146562422,1.40583077086177e-06,1
"20812",0.0161251141907264,1.00062655468565e-05,0.15890712150097,0.791738353974222,0.0332194040685346,4
"20814",0.199712878289148,2.86858011232899e-05,8.65267499876706e-10,0.800258430275973,4.76848845989373e-09,4
"20816",0.999703640608892,2.1589259769825e-53,0.000240231585811169,6.8439343520922e-30,5.61278052971309e-05,1
"20818",0.00846009267190349,0.000187896211177066,0.978079270230712,0.0126198235110439,0.000652917375163195,3
"20820",0.0336148007765373,0.966385170321226,1.30422527930536e-13,4.08148240305512e-14,2.89020652254389e-08,2
"20822",0.000361049861919837,5.83719999527272e-05,0.0619528804200973,0.937626193752913,1.50396511741789e-06,4
"20824",0.999999999169153,2.74038380928401e-13,3.58255283295225e-17,1.93426178349706e-15,8.30570617008653e-10,1
"20826",0.00015917232559716,0.999829929401394,1.71589347441377e-08,1.08173751173752e-05,6.3738956348691e-08,2
"20828",0.00633933791370534,0.993660570551995,6.88385184042249e-13,1.14837452341559e-12,9.15324629305255e-08,2
"20830",0.00251336533234685,1.22326784113389e-08,0.00025050483988299,0.997235464248961,6.5334613051872e-07,4
