"","V1","V2","V3","V4","V5","best$classification"
"19811",0.12352597037539,0.745735730067838,6.57434177868272e-94,0.130066220715148,0.000672078841624237,2
"19813",0.015575047116691,0.98442495288316,3.6364870588699e-101,1.48623813942316e-13,6.86438119530194e-17,2
"19815",0.0249085054286889,2.98865734964112e-05,5.33799810715853e-128,0.975033454674402,2.81533234132112e-05,4
"19817",0.0111780155131841,0.00801461647545523,2.42365984852052e-50,0.886507558372242,0.0942998096391187,4
"19819",0.950420832012661,3.70303883188029e-15,0,0.0495791679873357,1.29290862982721e-71,1
"19821",0.668900338769972,0.0204669515799816,2.32858610832116e-187,0.310632709635955,1.40908141391703e-11,1
"19823",0.995951846895305,1.14485192423753e-06,1.4039919217637e-233,0.00404700809271113,1.60059550288068e-10,1
"19825",0.999999999798215,5.72047277011801e-13,0,2.01213298403141e-10,6.77521717717481e-83,1
"19827",0.14537791413292,0.254558966584093,5.41375331918877e-44,0.493160847702489,0.106902271580498,4
"19829",0.497754589101983,3.65493893435703e-07,1.4696370558479e-126,0.502245045404124,1.05165810230829e-48,4
"19831",0.997424385402186,2.44372460334148e-16,1.09907604484582e-307,0.00257561459781331,8.46565865417962e-79,1
"19833",0.999999999999992,7.98968856052392e-15,0,6.66751661888966e-31,1.45418079743368e-73,1
"19835",0.668900338769972,0.0204669515799816,2.32858610832116e-187,0.310632709635955,1.40908141391703e-11,1
"19837",0.0157227383124255,0.0772349986334354,1.09974289939546e-53,0.885994103449409,0.0210481596047299,4
"19839",0.997503824042474,2.30745972806865e-10,0,0.00249617572677961,8.00476230388709e-66,1
"19841",0.533865198817792,0.466134801182207,5.38696907146107e-38,8.10393855789792e-16,2.6108055257454e-21,1
"19843",0.999966767792613,6.5437944544196e-12,5.72829295041716e-210,3.32322008433407e-05,3.22191040585248e-77,1
"19845",0.00495262836906696,0.97469334283885,4.32041481317015e-86,9.40827952494222e-08,0.0203539347092877,2
"19847",0.183104948338462,0.000285242734229227,1.18081689356058e-321,0.816609808927309,7.1455942799757e-19,4
"19849",0.00117826513922152,0.998821707279594,1.03068507889528e-70,6.92003924568504e-16,2.75811839030044e-08,2
"19851",4.33847060691188e-05,1.70000742873843e-05,1.5530291995605e-59,0.0013230563617813,0.998616558857862,5
"19853",0.25466170152428,0.0896803681784339,1.59109924650665e-63,5.80261074725794e-08,0.655657872271178,5
"19855",0.396047082999391,0.39707703163778,1.46190262787413e-59,0.0717525579137731,0.135123327449056,2
"19857",0.111366453046083,0.173474220576019,3.26494696240107e-102,0.715159326377889,7.88513270032439e-15,4
"19859",0.0616593802357334,0.00223941838787578,7.77961871074967e-121,0.936101201373381,3.00978909015156e-12,4
"19861",0.00123571084765078,0.0512885708341927,6.08665475126782e-71,0.000234637197446664,0.94724108112071,5
"19863",0.152475441568629,0.847524558431371,4.16395712127501e-92,1.3941778021794e-23,4.89015913887911e-19,2
"19865",0.00200465057945919,0.993163928631822,9.56018100192983e-13,1.2426935185226e-06,0.00483017809424468,2
"19867",0.127808274066775,0.0196147788963408,1.52921723364259e-142,0.849004572110452,0.00357237492643124,4
"19869",0.000425105838719735,0.985811666760455,4.461408615669e-54,3.84949229941117e-12,0.0137632273969758,2
"19871",0.0177402493013965,0.0151195514630895,2.72889969636487e-50,0.967140031893996,1.67341518386278e-07,4
"19874",0.0614677553560823,0.929150215750969,1.72088454745251e-62,0.00478995243823565,0.00459207645471294,2
"19876",4.46545827897509e-05,0.00449614311368028,2.26861295310292e-19,5.57785460933511e-06,0.995453624448921,5
"19878",0.735635843839963,2.24921621998147e-11,0,0.264364156137545,4.04210245868136e-43,1
"19880",9.45323780781769e-05,0.0687308474217449,0.92955106265109,8.05637227972799e-12,0.00162355754103036,3
"19882",0.741343881583949,0.258370307122154,2.47942660391649e-155,0.000285767145284798,4.41486117733434e-08,1
"19885",0.0103483782523428,0.0490475891443287,2.69084241740178e-36,0.940474045828282,0.00012998677504602,4
"19907",0.693314193610493,0.0614498653165757,4.87073831314653e-129,0.244113852829103,0.00112208824382868,1
"19909",0.0345414239228601,1.01703915062353e-07,5.65960607499356e-157,0.965458474373225,1.08529582851333e-41,4
"19911",0.593346172632481,1.77924331942166e-09,8.4329090656108e-211,0.406653825588276,5.93184320103033e-55,1
"19913",0.000521782127438824,0.999478217819308,1.47295855309481e-11,6.3707982410152e-16,3.85234011949654e-11,2
"19915",2.00832621524134e-05,0.000364983857998545,9.01268972921976e-17,4.04168247350932e-05,0.999574516055114,5
"19917",0.679119983918583,0.311238471629237,3.06740007713492e-114,0.0096415444516751,5.05164574905761e-13,1
"19919",0.0417591513770277,0.0833955402723806,1.00306593134612e-46,0.870779211474492,0.0040660968760997,4
"19921",0.00128465821916428,0.00164721939280614,1.23860379193909e-64,0.0677278300493485,0.929340292338681,5
"19923",0.412879753768889,7.67500494720507e-09,8.38581790534424e-270,0.587120238556106,1.03977887766202e-25,4
"19925",0.025082630101244,0.838370187243372,6.30482519032926e-22,0.00494060077752908,0.131606581877854,2
"19927",0.00209683149070515,0.00120259847523166,7.90454433411731e-70,0.100702689820025,0.895997880214038,5
"19929",0.00140042218245834,0.998599577817485,3.12280623182614e-35,3.90323641803108e-24,5.7235641293041e-14,2
"19931",0.0155034253719278,0.0120438252364556,2.91034334704013e-61,0.901999851809571,0.0704528975820457,4
"19933",0.011643608553432,2.75691541139188e-06,7.23997069710004e-87,0.988353634531157,3.85853676839774e-22,4
"19935",0.0548515008689265,0.0245442986825627,6.25157467640409e-115,0.920604200448503,7.94311992022122e-15,4
"19937",0.00279140630515136,3.64830412588116e-05,1.64611492569668e-66,0.0883112768983691,0.908860833755221,5
"19939",0.0262594609610674,5.1948534609094e-05,2.54031643321523e-113,0.973688506837234,8.36670900653836e-08,4
"19941",0.986201290432756,5.21818840957221e-08,5.33814813505276e-206,0.0137986573853601,8.95058999746435e-53,1
"19943",0.00062949639380517,0.998906830948205,1.13683245696337e-11,4.740540238164e-09,0.000463667906081226,2
"19945",0.02928779304019,1.28032965989869e-08,1.21139073797936e-178,0.970712194156513,1.00469247487865e-35,4
"19947",0.999825321691506,0.000174340845150918,1.02673277113182e-158,3.37463343151881e-07,8.15797535312125e-42,1
"19949",0.0668996563989108,4.44588523854612e-09,8.70645987042714e-232,0.933100339155204,7.74483774387592e-25,4
"19951",0.480549453123304,0.0115615747406041,5.10782955298332e-147,0.507888972118381,1.77101115899471e-11,4
"19953",0.998199148897304,3.17794062328212e-14,4.04995100314869e-240,0.00180085110266454,3.20731330363069e-53,1
"19955",0.906653930083691,5.17231230504052e-15,0,0.0933460699163041,4.24834903817728e-75,1
"19957",0.99915930084747,0.000390771104059515,9.07435823861575e-175,0.000449928048470879,4.3606154774977e-26,1
"19960",0.595791117572539,5.99076792009128e-08,1.2757925563436e-180,0.404208822519782,7.1009318477612e-56,1
"19963",0.999999762321377,2.37678622684616e-07,0,1.17301501300838e-23,1.45890780946953e-49,1
"19965",0.548720630442589,2.07861834982362e-15,0,0.451279369557409,3.15353962835899e-84,1
"19968",0.664756689798559,0.335242225515325,2.86122299974563e-153,1.08468611540658e-06,4.63917384170167e-17,1
"19971",0.998422841314585,0.00157715868541499,6.34360830753973e-136,4.76419923946889e-18,2.07154294369279e-39,1
"19973",0.000594882012031575,0.0104335526359762,3.66990138628362e-38,0.0405604475657303,0.948411117786262,5
"19975",0.00804830896541544,0.991155020978369,3.79120062068207e-28,0.000449435037927239,0.000347235018288275,2
"19977",0.999632315750714,0.000367684248933861,8.98364106434553e-246,3.51990962628235e-13,1.31356967694035e-33,1
"19979",0.179580454160906,3.11333199593499e-13,4.01928276764236e-62,0.820419545838783,3.58350603655311e-78,4
"19981",0.0154823237614605,0.000912128441548054,1.9150301068148e-176,0.983605547796991,5.77936010114305e-17,4
"19983",0.0151986059315241,0.000265661527500907,7.37341943277412e-120,0.984535732540975,9.44209764649681e-17,4
"19985",0.00982164232457294,0.707157491379702,1.38131468414193e-20,0.000962836456466928,0.282058029839258,2
"19987",0.0263394354589677,0.000358528702105671,1.15357694115315e-232,0.973302035838927,5.20001516686392e-18,4
"19989",0.0562969712375817,1.87546228278628e-14,2.40567096219678e-122,0.9437030287624,2.76434140940688e-66,4
"19993",0.0346010465420704,5.29600003142679e-07,2.65772156100466e-124,0.965398423857926,2.10540429261805e-21,4
"19995",0.0635499546868746,4.62673135548905e-06,3.66795754901794e-173,0.93644541858177,1.55293597964017e-31,4
"19997",0.0515389276417112,0.0586684843175132,4.42062614911384e-76,0.868053109937307,0.0217394781034688,4
"19999",4.79037311120243e-05,0.0116478878131537,1.34938933275564e-25,4.21119821283021e-05,0.988262096473606,5
"20002",0.999066348221299,0.000933651778701312,4.31083964424966e-269,1.87532366438003e-21,1.16069057591917e-37,1
"20004",0.161918506963325,2.03076874132722e-06,1.07324859743021e-262,0.838079462267933,2.13174131484002e-38,4
"20006",0.994390436845031,1.67416799728292e-10,1.29554804110897e-303,0.00560956298755257,9.59991473117434e-64,1
"20008",0.970647605276877,9.01682104948563e-14,0,0.0293523947230332,1.38376443699713e-59,1
"20010",0.086291731152795,8.61022695925118e-11,2.383985674869e-207,0.913708268761103,8.22007824299031e-41,4
"20012",0.980675670575611,0.0192510968243774,1.16916281526035e-135,7.32325679461386e-05,3.2065176334113e-11,1
"20015",0.0618917776494299,1.83520423472699e-11,1.42287010013752e-100,0.938108222332218,5.12770991513465e-67,4
"20017",0.0216159618507027,0.826565059243438,1.32810551717988e-47,0.0402783603653847,0.111540618540475,2
"20019",0.347968567469084,9.99366859464772e-18,4.34709212718655e-174,0.652031432530915,1.37100357796104e-95,4
"20022",0.0332418910380107,9.84769620820329e-10,3.50905805267536e-144,0.96675810797722,8.94484407994103e-46,4
"20024",0.999999755692627,1.02841361999912e-19,0,2.4430737317162e-07,4.15851635922591e-101,1
"20026",0.999999755692627,1.02841361999912e-19,0,2.4430737317162e-07,4.15851635922591e-101,1
"20028",0.00135240573316858,0.0132205719391352,1.15021831445476e-36,0.000744674019886341,0.98468234830781,5
"20030",0.764594929626236,2.02978473313276e-09,1.88119638927105e-180,0.23540506834398,3.79826212449319e-64,1
"20033",0.102627914315726,0.00803377314667607,1.31015960197057e-216,0.889338312506062,3.15361505695176e-11,4
"20035",0.455862155154506,3.49922471603957e-17,9.24803054097543e-213,0.544137844845494,4.12292738681455e-90,4
"20037",0.115019073630757,8.70993230710587e-17,2.74824260655474e-233,0.884980926369243,7.18485585327296e-88,4
"20039",0.999999999999994,5.0483279273594e-17,2.42728191227787e-232,6.44832121349425e-15,1.84670477339185e-58,1
"20041",0.269720562555978,1.51064883848779e-09,1.25986739689518e-320,0.730279435933373,1.69619997469842e-41,4
"20044",0.906853337973385,1.95178347051621e-08,0,0.0931466425087803,8.645672226535e-43,1
"20047",0.984775977838901,3.19075819827252e-17,4.26248511784112e-135,0.0152240221610991,3.85450650601239e-100,1
"20050",0.611896428384986,2.597546632407e-11,2.78247966682967e-203,0.388103571589038,5.13140044616516e-33,1
"20052",0.0379910330868116,6.77696111802121e-05,1.37868766792666e-176,0.961941197302008,2.97084555789833e-16,4
"20054",0.0545231376726687,9.46552807322308e-08,1.07556527555734e-88,0.94547676767205,3.26992444139883e-53,4
"20056",0.612850304229562,0.387109108525187,7.19430086248763e-118,4.05872452427127e-05,9.35951703779901e-15,1
"20058",0.0670828447386862,3.19929995506814e-14,1.17470517859911e-176,0.932917155261282,3.84289435005679e-70,4
"20060",0.0252410444641466,7.61830252786846e-05,2.08145340524627e-279,0.974682772412448,9.81265020590137e-11,4
"20062",0.0164761942252069,6.48798167578463e-05,1.00013312427785e-177,0.983458925948453,9.5818308810977e-12,4
"20064",0.0169646611126193,3.13365954013377e-06,2.49198305805285e-72,0.983032205227841,4.82596158599089e-32,4
"20066",0.97329087677071,1.90895729567362e-12,6.55038565353807e-91,0.026709123227381,4.17640665609354e-78,1
"20068",0.0369157703480174,0.0441035290418998,2.44499526224929e-103,0.906147676275416,0.0128330243346669,4
"20070",0.191714140721906,3.45053121952347e-05,9.70183212614498e-208,0.808251353637601,3.28298329038945e-10,4
"20072",0.813013996855073,1.72822594292874e-09,0,0.186986001416701,3.43570681656126e-60,1
"20074",0.00364661245321552,0.996353387545669,4.08757632409203e-34,6.84326054059815e-20,1.11577434895965e-12,2
"20076",0.857534653924647,0.142398678685369,1.57530223200108e-152,6.66673899840309e-05,7.08028683537579e-24,1
"20078",0.0437126097861349,4.67268682965393e-12,3.13787686878411e-302,0.956287390209192,4.50105914527125e-54,4
"20080",0.0304207381772227,3.83202111186367e-15,1.07822590946639e-83,0.969579261822774,1.68680803921444e-76,4
"20082",0.999999715349944,3.00131408835035e-14,3.03720111394292e-169,2.84650025688079e-07,4.36655333241427e-48,1
"20084",0.589389481415806,7.92355064602241e-10,2.89894409222695e-233,0.410610517791839,3.07122556276291e-53,1
"20087",0.0420865457129292,5.77953871203764e-11,4.67526059916716e-259,0.957913454229275,2.73751675323796e-49,4
"20090",0.104381755736989,3.71379479591392e-15,3.25156735771096e-156,0.895618244263007,4.15621133971524e-65,4
"20092",0.999910168446642,3.81688621640707e-12,0,8.98315495415035e-05,9.86020482863416e-45,1
"20096",0.994554470780735,4.49159532914579e-13,0,0.00544552921881583,2.29640612569291e-48,1
"20098",0.089574261924928,0.0169583013173181,1.76902315507728e-102,0.893325081035108,0.000142355722646177,4
"20101",0.193676248529109,5.04635680789251e-12,0,0.806323751465845,7.0636219897256e-69,4
"20104",0.999996629431678,3.37056829067008e-06,0,3.11437492640156e-14,2.47411610956697e-30,1
"20106",0.0207311300926471,2.06765730476748e-08,8.62188859125349e-54,0.97926884923078,1.47218453505522e-44,4
"20108",0.0434620317116872,0.135279615419082,6.54154151788817e-75,0.817641491056286,0.00361686181294464,4
"20110",0.959154137699358,1.49324694606354e-07,1.47685842038593e-179,0.0408457129759476,9.90872391463706e-24,1
"20112",0.0464377903096612,1.48607097970953e-12,0,0.953562209688853,1.01504011646369e-46,4
"20114",0.234958578256274,6.05690860067277e-06,1.05538270124793e-114,0.765035364835125,3.56109739224296e-35,4
"20116",0.408797519039245,2.7265436562388e-05,8.69498582003384e-114,0.591175215524193,1.71463841118788e-41,4
"20118",0.0204714102127115,0.000576325360309873,3.8171913437167e-134,0.978952264426978,1.47012679345414e-16,4
"20120",0.108892694579528,9.89402360400234e-09,3.27921967209949e-177,0.891107295526449,1.71341345872812e-39,4
"20122",0.00993555355986216,0.990064236939798,3.42216171617518e-29,2.08322111087105e-07,1.17822913165044e-09,2
"20124",0.351654982967883,6.36457969415153e-18,0,0.648345017032117,1.53175150975661e-95,4
"20126",0.999999999999989,2.18367939171667e-17,0,1.09035736004662e-14,2.4240888626846e-85,1
"20128",0.999999999828133,2.08653290493091e-22,0,1.71866826308741e-10,5.57714864188544e-115,1
"20141",0.99895997486922,0.00103935696540514,1.61246044446722e-116,6.68156799513794e-07,8.57574492977556e-12,1
"20143",5.42555600576507e-08,0.000275942784133854,0.999724002958569,2.23001326521103e-22,1.73722880128383e-12,3
"20145",0.0322536749192031,1.52091005363345e-08,5.53105043992278e-68,0.967746309871696,1.8221921532407e-34,4
"20147",0.0152452510668302,1.66473030280675e-09,3.79730238527033e-185,0.98475474726844,8.56821648113925e-50,4
"20149",0.0156173904984912,0.984382603561892,1.08282714634986e-84,5.7750780998837e-09,1.64539146650905e-10,2
"20151",0.00596533518094829,0.0149517017134924,1.67814518414176e-41,0.197638277123965,0.781444685981594,5
"20153",0.743755535976328,0.0675802172236731,4.54292425638287e-49,0.126222196459434,0.0624420503405652,1
"20155",0.016969896802286,6.20729792979828e-12,9.37266358607846e-173,0.983030103191507,8.79210260610769e-62,4
"20157",0.533432177196646,0.0481930588126635,2.22980841996674e-219,0.418374160744241,6.03246448765738e-07,1
"20160",2.3361557575268e-05,0.0479770875821088,0.951999548172825,1.41583336744012e-16,2.68749123801062e-09,3
"20162",0.000147110497481672,0.0967659095179011,0.866595495562863,8.56708158172966e-10,0.036491483565046,3
"20164",0.930711849569142,0.0625070672307194,3.47911363566461e-128,0.00678108319053077,9.60823272614741e-12,1
"20166",0.999902307427122,7.0792056705251e-09,2.74503062831251e-139,9.76854936725052e-05,1.85665196770001e-66,1
"20168",0.999991473034071,8.52696592876179e-06,9.15271518672056e-235,2.76525006116729e-17,1.58924182734908e-55,1
"20170",0.0254959164400788,0.652754199199702,7.2324800009316e-31,0.152903157448948,0.168846726911271,2
"20172",0.0213296272535165,1.65371478723458e-09,8.72301338000849e-75,0.978670371092769,7.3477497214852e-41,4
"20174",0.0170376201601471,0.958496904916494,1.92838363887493e-40,3.03793276749118e-06,0.0244624369905917,2
"20176",0.999995266451547,4.73354033810057e-06,0,8.11513798031826e-12,1.84502325218946e-45,1
"20178",3.71298645545261e-09,1.90235996417638e-05,0.999980972687288,2.13010386980212e-21,8.37346883079754e-14,3
"20181",0.866479898209687,3.42856131536392e-07,4.46515125239844e-69,0.133519758934181,6.39641428938242e-56,1
"20183",0.0371084472680577,0.000118780069670155,1.07230887400632e-107,0.962771126232334,1.64642993809872e-06,4
"20186",0.319475066965051,0.00118526365097634,8.26344673535882e-127,0.679339655861103,1.35228696684117e-08,4
"20188",0.00303662251188435,0.996839035049694,8.00669700933225e-23,2.65711170245453e-11,0.000124342411850335,2
"20190",0.0238192168785863,2.42242716581258e-12,8.48151859362687e-92,0.976180783118991,6.39512700542725e-66,4
"20193",0.999980758158752,1.92418412462565e-05,0,1.82470752303453e-15,1.44677634312832e-41,1
"20195",0.474108829600237,0.0104735811072385,1.63936042089143e-225,0.515417589290618,1.906650602518e-12,4
"20197",0.0271711496651444,1.78218233779879e-11,0,0.972828850317034,6.30358251913411e-54,4
"20199",0.0291946445054829,0.920561853407025,1.63566857111826e-29,0.000492060356841204,0.0497514417306512,2
"20205",0.999999993679419,1.21670674211791e-15,0,6.32057947830903e-09,1.30761650002674e-42,1
"20208",0.0462121495559986,3.26616926007635e-05,1.06257175148888e-210,0.95375518875134,6.06367828296385e-14,4
"20210",0.00109395480128238,0.164403912827539,6.04636514397204e-06,6.37166592068817e-07,0.834495448839442,5
"20212",0.799250380729014,0.0844138381078071,6.24979438113448e-125,0.116335351562195,4.29600984136415e-07,1
"20216",0.0196041998849161,2.46005930910927e-09,2.72390860595785e-220,0.980395797655025,1.33813446051195e-51,4
"20219",0.584664270993519,1.83713842376893e-13,5.92694119562244e-255,0.415335729006297,6.98289454681803e-52,1
"20223",0.999981747325059,8.53709120027588e-13,7.42287489531556e-241,1.82526740872262e-05,1.1309356373324e-79,1
"20226",0.0443533785692266,1.32537316598466e-07,1.68641999767168e-184,0.955646488893457,9.86061621884943e-20,4
"20230",0.0596480410162103,7.89812696489042e-15,2.64878610105738e-195,0.940351958983782,2.59545809910963e-76,4
"20233",0.999999999199902,8.00097815156242e-10,2.80007115299445e-245,2.52881156453732e-17,3.51594981915869e-23,1
"20235",0.999286722613611,6.18446400566893e-17,0,0.000713277386389376,3.59315517241259e-89,1
"20239",0.6317283633362,4.70407283580957e-12,2.32245438140595e-319,0.368271636659096,3.80160061973626e-63,1
"20254",0.999998969849999,1.22747029882569e-15,4.36205836061497e-149,1.03015000013794e-06,2.17825660678826e-55,1
"20256",0.0343835183577304,9.00843037629551e-14,2.83923042217459e-278,0.96561648164218,4.79651083262249e-74,4
"20262",0.000539226392053166,0.0280423533049425,4.48364556752999e-17,0.00249476202197432,0.96892365828103,5
"20270",0.977987454730941,1.29794439769336e-07,3.9947535056539e-198,0.0220124154746194,2.48087260894449e-43,1
"20284",0.858601040373428,5.58750705451245e-09,1.39030072739727e-320,0.141398954039065,1.17498047319999e-18,1
"20287",0.561806680614535,3.23977141719934e-16,2.53177492993636e-170,0.438193319385465,3.67092423609963e-91,1
"20290",0.999922601238836,1.03954219832275e-10,1.23262771150468e-243,7.73986572101964e-05,4.59923237720491e-25,1
"20293",0.0180652686903118,2.7303709385056e-08,9.26101607049114e-152,0.981934704005979,3.06277801284837e-36,4
"20296",0.263191952775403,0.707149593637613,9.21664287592585e-61,0.0296584535857002,1.28349783387354e-12,2
"20301",0.99991030777335,3.21524009967882e-15,7.94139108141462e-156,8.9692226646912e-05,9.99437088349559e-91,1
"20304",0.999999199862223,4.58839957805146e-13,1.87568114734752e-123,8.00137318387387e-07,2.17643972095933e-44,1
"20306",0.128791176693534,3.79541766203869e-15,8.584325704295e-227,0.871208823306462,3.66361992737471e-74,4
"20309",0.0270361918102675,8.07715709092368e-11,2.65157696166594e-274,0.972963808108961,5.30542621774326e-35,4
"20311",0.19409412934652,7.78632954872958e-13,1.70706496425414e-236,0.805905870652701,1.60573667971915e-64,4
"20314",0.0143042907218181,0.0104264071247832,1.38589369496882e-40,0.937692042717475,0.0375772594359235,4
"20318",0.488759402726242,0.511240597253564,1.77984013482801e-128,2.01945052002666e-11,2.10101185153364e-19,2
"20320",0.77112092979434,4.0557961296259e-06,3.95472814834831e-235,0.228875014409531,1.6562254015031e-18,1
"20326",0.0342313483962301,0.000561394700563365,6.50570252680365e-190,0.965207256394993,5.08213309313818e-10,4
"20328",0.127514066714484,0.000330619672637421,6.2803555424751e-136,0.872143337131517,1.19764813617565e-05,4
"20330",0.396217079248619,2.25236164964546e-16,0,0.603782920751381,3.4382050848185e-71,4
"20336",0.975736138800302,2.01741803648056e-09,1.42014119146287e-136,0.0242638591822802,1.16693017757127e-18,1
"20338",0.999679395786836,1.48585630752692e-14,0,0.000320604213149079,1.87161713375202e-62,1
"20340",0.656796782093771,1.42730924547251e-14,6.27341745528409e-202,0.343203217906215,4.12167551321016e-85,1
"20342",1,1.44844310540398e-17,0,4.57336779797692e-20,2.0489004827309e-73,1
"20344",0.0254713726985843,6.33022285646171e-12,2.46424901815182e-269,0.974528627295086,2.98289169515462e-53,4
"20349",0.0314507008868,3.05299301638327e-13,2.96816727080676e-144,0.968549299112895,1.46084815060468e-68,4
"20351",0.0535403737088849,3.20217245253506e-08,3.05061732039915e-156,0.946459594269391,3.76595280405592e-39,4
"20353",0.194893436284452,2.25521607820508e-15,0,0.805106563715545,3.04692610347107e-63,4
"20357",0.999999231716937,3.75826134930021e-16,7.69797161979276e-253,7.68283062711717e-07,3.06193781029559e-46,1
"20360",0.999999999999642,1.06561363904417e-17,0,3.58381484007102e-13,8.74231462173561e-83,1
"20364",0.0242996216687982,2.77185145685136e-09,3.65673389934987e-111,0.97570037555935,1.18826532008416e-30,4
"20366",0.999982662734044,5.24204423620246e-09,1.41792200933092e-184,1.73320239120336e-05,6.21571139019864e-21,1
"20381",0.999773226993041,0.000226773006954407,0,4.88118732078379e-15,1.74536880083332e-34,1
"20391",0.999115347949739,1.42663454218195e-06,2.8208875705766e-219,0.000883225415718881,1.0897778749572e-34,1
"20394",0.093684060072565,0.00233010969719351,3.63709450559822e-130,0.903985830223742,6.49987295078671e-12,4
"20396",0.00559131260748234,0.970252193155246,1.10224792734155e-47,3.14004416956605e-08,0.0241564628368298,2
"20409",0.189211566043051,4.26644070698836e-05,2.28968896590243e-117,0.810745769549879,9.72275414746669e-27,4
"20411",0.240422969160812,4.59979895529926e-15,0,0.759577030839183,6.7597450055015e-63,4
"20416",0.999999991625691,6.74695362802238e-20,7.90625823846574e-166,8.37430889515159e-09,5.28470730374173e-89,1
"20418",0.00226166108826819,0.956652577864329,1.09340610131478e-33,2.60988775222208e-10,0.0410857607864143,2
"20420",0.999999698760298,3.01229557660692e-07,2.52957387288652e-132,9.87067356818851e-12,2.73476627170671e-13,1
"20422",0.0919878315534141,7.54614105359044e-13,0,0.908012168445831,1.88525893596276e-63,4
"20424",0.0791694526552035,4.6219446189324e-14,3.70035518225861e-173,0.92083054734475,2.55277779565712e-59,4
"20426",0.999999967446243,3.25537568061718e-08,2.7375106381251e-108,8.95282144137719e-21,5.85989717856522e-24,1
"20428",0.05074736221476,3.36524123024336e-07,0,0.949252301261117,1.71386152686792e-43,4
"20431",0.369718697891083,1.64381889885718e-07,6.20568344184329e-226,0.630281137727027,6.72050111128869e-21,4
"20433",0.998483461351568,2.42973099552695e-13,4.02435706223527e-252,0.00151653864818933,4.11061314478401e-87,1
"20436",0.999999763141339,2.36795182832599e-07,0,6.34781441263933e-11,7.39933394627279e-61,1
"20439",0.0060653019522785,0.985800807716885,5.27742986430242e-44,4.22430080596735e-07,0.00813346790075604,2
"20441",0.999995632688992,2.62232122479309e-13,2.86966852677405e-267,4.36731074560119e-06,5.2881521158715e-41,1
"20444",8.9982460835195e-10,6.76210925587103e-06,0.999993236435365,2.70915879849164e-19,5.5555407119735e-10,3
"20448",0.997488206716792,1.58422180744936e-07,0,0.00251163486102758,7.9875240291662e-32,1
"20536",0.0154326019365696,0.982961028007031,2.33542673655639e-82,0.00152224085186001,8.41292045392161e-05,2
"20538",0.991724191552772,9.04244638994055e-10,3.47691339251034e-189,0.00827580754298313,9.68450221493727e-32,1
"20541",0.262102793171155,7.66074761599476e-17,4.88051781131888e-159,0.737897206828845,2.37438548990135e-76,4
"20544",0.0195463373080798,8.299598094797e-06,2.61071235500662e-233,0.980445363093825,2.5091614452692e-26,4
"20546",0.0424513290068194,1.21253641206083e-11,7.7053997294971e-144,0.957548670981055,8.24008525751338e-47,4
"20550",0.259427642668233,2.00937277732532e-09,6.50930341216431e-275,0.740572355322394,4.46314693665164e-38,4
"20553",1,7.85806013507158e-17,3.71525166892348e-103,5.45981853986043e-20,9.78472169154214e-99,1
"20555",0.999999999809817,1.89276864589236e-10,1.2127738718998e-174,9.06600034034227e-13,3.25040553591141e-17,1
"20557",0.194430689651666,1.71787672048315e-09,4.994614565212e-278,0.805569308630458,3.89314455338168e-28,4
"20559",0.0142256993413736,1.64785737072085e-09,9.13741403206482e-58,0.985774299010769,5.15830906186472e-50,4
"20561",0.0343355175768344,0.633023617644335,1.90222634112527e-42,0.332561775732956,7.90890458747175e-05,2
"20564",3.71298645545261e-09,1.90235996417638e-05,0.999980972687288,2.13010386980212e-21,8.37346883079754e-14,3
"20566",0.0524457362071834,1.14278375167807e-05,1.66893519425062e-101,0.9475428359553,5.78253574854453e-27,4
"20569",0.00587098843317433,0.032817330351774,7.99207774283146e-56,0.00300317578766175,0.95830850542739,5
"20572",0.00360160643338002,0.994128814987914,9.33878095149613e-69,1.92688253716525e-06,0.00226765169616876,2
"20574",0.0281171641272304,7.382787390232e-13,3.15760909771502e-308,0.971882835872031,8.58542639062905e-62,4
"20576",0.00298876449182607,0.997011189436455,4.09401749224303e-08,2.32580227047092e-10,4.89896449429798e-09,2
"20578",0.0164940125184266,8.55556901702682e-06,1.79577025342242e-121,0.983497431912556,1.96241134559859e-30,4
"20580",0.0179891454779777,1.06893227034724e-05,4.47361389099148e-93,0.982000165199319,1.05603128318371e-25,4
"20583",0.00114374409818658,0.998854182243523,2.07296453903915e-06,5.87000743330037e-12,6.87881441067043e-10,2
"20586",0.0231071956919818,3.27907050014289e-08,3.03252797891828e-214,0.976892771517313,5.74664307279968e-32,4
"20589",0.0187354673979032,1.04785453924818e-13,7.37528617798521e-230,0.981264532601992,4.22983841629825e-71,4
"20591",0.974719676801999,7.51538611047781e-08,6.57555408927483e-199,0.0252802480441402,1.94836393305382e-17,1
"20593",0.636852128706222,1.09570428952614e-16,1.15774024239292e-183,0.363147871293778,6.95642517513653e-100,1
"20595",0.0144415764779787,8.07818455840116e-10,1.07674947967537e-190,0.985558422714203,2.6866394659028e-46,4
"20597",0.000452074379920135,0.999406394218113,1.3646490559867e-61,4.65537034113634e-14,0.000141531401920537,2
"20599",0.00114365327503221,0.96150095694804,0.0373553721105566,6.71694163376429e-15,1.76663641570912e-08,2
"20601",0.0133895124151556,0.00110752474408349,2.15914834120868e-69,0.985205189224254,0.000297773616507231,4
"20604",0.0428296839540902,4.9771525244277e-13,1.38222255456832e-80,0.957170316045412,1.58884036708638e-71,4
"20606",0.0204374001460672,2.90868750207396e-14,4.89026042320622e-118,0.979562599853904,3.18332655108089e-74,4
"20608",0.0291240100048205,1.60498611616472e-10,2.81226728692646e-201,0.970875989834681,4.51965439094219e-54,4
"20610",0.340475321388321,0.659521141636713,1.88509203964995e-78,3.5363875481723e-06,5.87417343032533e-10,2
"20612",0.999999999774461,2.25538862568625e-10,0,3.06304107865527e-20,1.00230627364475e-71,1
"20614",0.00419172764816416,0.660003351565669,1.96260202169571e-10,2.84034497272535e-06,0.335802080244934,2
"20616",0.085517094195042,3.22549799870026e-07,0,0.914482583255158,5.00580044100408e-28,4
"20618",0.999998937638077,9.4312243830046e-14,0,1.06236182841954e-06,6.05833810298423e-41,1
"20620",0.774102902247594,2.27656742204969e-10,2.09316901895287e-293,0.225897097524749,2.41481628764018e-64,1
"20622",0.00360883806755257,0.996390862073457,2.00718519251514e-16,6.99120031639183e-08,2.29946987425149e-07,2
"20624",0.316905773377825,1.21346120718754e-14,0,0.683094226622163,1.72893986743368e-64,4
"20626",0.994148222202639,1.16749545667583e-07,0,0.00585166104781483,2.28626548521917e-51,1
"20628",0.95807539818758,7.64017798944801e-07,0,0.0419238377946207,4.2349753531509e-41,1
"20630",0.0770404795508925,9.46775718274736e-09,3.02815175910913e-147,0.92295951098135,4.71663721967133e-33,4
"20632",0.00217461443602099,0.974638267656859,3.41441441394647e-06,1.4372846460779e-10,0.0231837033489775,2
"20634",0.0168453191118716,8.67073734571203e-14,1.12571722152467e-158,0.983154680888042,3.12792792068703e-70,4
"20637",0.999958374327394,9.53716006882193e-12,3.23013223404091e-149,4.16256630687643e-05,1.20049007719632e-42,1
"20639",4.55343634737572e-07,0.000214446469517849,2.41959624391608e-13,2.27989832782999e-07,0.999784870196773,5
"20644",1,1.61392078746218e-20,0,3.83071163632152e-20,3.32984447046014e-122,1
"20646",0.999999996996702,1.27426480126015e-17,0,3.00329819562813e-09,6.18613919747619e-99,1
"20648",3.81553517951634e-05,9.37090438511652e-05,1.35361645034558e-28,0.0015860586783709,0.998282076925983,5
"20650",0.994581013386402,9.56529235498984e-16,7.44370225405801e-275,0.00541898661359746,1.80447644278723e-67,1
"20653",0.777274401925563,1.08468512328795e-06,0,0.222724513389314,1.67810003884176e-24,1
"20658",0.209937162385825,2.00439099378054e-09,1.24082866229282e-116,0.790062835609784,4.46308451581388e-60,4
"20661",0.999999971273505,1.14645886436548e-10,1.12104742343448e-206,2.86118491523395e-08,2.12410175698832e-44,1
"20663",0.0204246822604136,9.60416609016155e-06,8.90689784725758e-74,0.979565713573496,3.81345533865339e-20,4
"20665",0.00798552056728641,0.992014479432673,1.83206042938142e-18,2.75429289429505e-14,1.30232548836329e-14,2
"20667",0.80766410934063,1.40543478080889e-09,0,0.192335889253936,1.06713758780388e-42,1
"20669",0.00256880025869425,0.997372249115297,3.17506840192082e-69,6.48496334041623e-11,5.89505611596236e-05,2
"20671",0.820693473876654,1.89652464522753e-09,5.18796459329708e-98,0.179306524226821,9.89056993607288e-37,1
"20673",0.000882463163175638,0.999052092449906,7.12150920209389e-55,1.16054069362789e-14,6.54443869062883e-05,2
"20675",0.377170992166709,0.248131926377372,7.10019996775619e-121,0.374696258822296,8.22633622169294e-07,1
"20677",0.0215571046013912,9.37223488062967e-06,2.65343648240263e-236,0.978433523163728,2.94474912195945e-27,4
"20679",0.00642239851692376,0.993540317085652,1.04703597589563e-52,1.0892339492476e-10,3.72842885010571e-05,2
"20681",0.000390197977582941,0.00735213350243648,7.29164616139161e-68,0.000249485127686504,0.992008183392294,5
"20683",0.0544899527740231,5.9522739177014e-06,1.1732935249701e-172,0.945504094952059,4.86398826666345e-23,4
"20685",0.999999998564777,1.43325968873869e-09,2.08683842201728e-263,1.96358836180957e-12,1.05643816866595e-22,1
"20687",2.66382557194264e-05,0.00467446634250715,2.42226677441384e-07,2.46774228192956e-06,0.995296185432814,5
"20689",1,6.59105309819862e-17,0,6.961977200163e-18,2.377631508012e-95,1
"20691",7.24078637591109e-10,4.03642204360427e-06,0.999995960421702,1.86391077772324e-17,2.43217570763474e-09,3
"20693",0.177068041053863,1.43505203376226e-15,2.73713759826917e-189,0.822931958946136,1.19651004689551e-79,4
"20695",0.0337721329542429,0.00120152512996039,3.47812529754315e-127,0.964125263501814,0.000901078413982479,4
"20697",0.0288163789686609,6.24296569945907e-10,4.868454284697e-53,0.971183620407043,7.6599757027775e-54,4
"20699",0.0250198620439044,0.00510265112436695,7.65464237316566e-110,0.969877486831729,4.12856910661093e-18,4
"20701",0.0260616844449701,3.6103939524131e-08,0,0.97393827945109,3.82116636578706e-39,4
"20703",0.9999568360238,4.31639762005286e-05,2.30071709984794e-263,1.40777769458134e-17,1.56391764639669e-24,1
"20705",0.048114456137984,7.60905568851114e-13,8.58897592162755e-228,0.951885543861255,3.11060381503262e-54,4
"20707",0.0225113747268691,0.000662123391152008,7.22049403870989e-73,0.973746303348412,0.0030801985335669,4
"20709",0.957863251198836,0.00133967021564104,7.21327871769728e-157,0.0407970785855228,2.31653543586189e-25,1
"20713",0.999844013736294,4.23519160208764e-05,3.04900548795053e-181,0.000113634347684728,9.64302294123132e-18,1
"20715",0.999999999163871,8.36015010542365e-10,3.42773980523978e-73,1.14296801255757e-13,1.01735771950476e-72,1
"20717",2.37155388285123e-05,3.64694316226393e-05,2.80739110869598e-60,0.000714292245655912,0.999225522783893,5
"20720",0.0716039301508407,7.98393345981003e-14,0,0.92839606984908,1.30077217861406e-72,4
"20722",0.0317634927661601,1.55835825454011e-06,3.81571870434496e-72,0.968234948875585,3.55026682385941e-32,4
"20724",0.000152076608914892,0.00363644485718746,2.80626713739476e-22,0.00155509857751875,0.994656379956379,5
"20726",0.127935893198203,1.54299939847822e-16,2.48413323248235e-313,0.872064106801797,1.65074574542202e-84,4
"20728",4.67455724827532e-05,0.000310559104098442,3.65403626326488e-61,8.86436900634205e-05,0.999554051633355,5
"20730",0.0353998042961733,0.337913829838808,3.41853741026705e-30,0.616251641323329,0.0104347245416898,4
"20732",0.999071785185786,1.3064175718412e-11,0,0.000928214801150198,1.23323347364599e-45,1
"20734",0.0324865389751116,2.28512948831873e-06,7.05765641067782e-120,0.9675111758954,5.00975382988074e-21,4
"20736",0.000298145185269147,0.0550297685466205,2.93147240574539e-21,0.000110697034833685,0.944561389233277,5
"20738",0.999999999999117,2.88567896623451e-15,0,8.80455859922497e-13,1.42283784782558e-88,1
"20740",0.98560637640337,1.93741555659184e-08,1.15566013028888e-166,0.0143936042224747,2.79756339633206e-30,1
"20742",0.473467453174171,0.000729120908413603,5.35670003284807e-110,0.344614737509252,0.181188688408163,1
"20744",0.0029184514124116,0.994308084583001,1.39046736115742e-21,5.69573715991784e-09,0.00277345830885059,2
"20746",0.011750080638179,0.000829951615369307,5.65552209428485e-81,0.987419967716983,2.94683480484319e-11,4
"20748",0.000129754604503927,0.000555218767189178,3.63062939444089e-31,0.000349296833220084,0.998965729795087,5
"20750",0.02669157285859,0.875216312171891,4.13668566478105e-38,0.0980720812059125,2.00337636061601e-05,2
"20752",0.0277929975856102,6.81008588293309e-08,2.74177628285593e-128,0.972206934313531,3.35219823486249e-36,4
"20754",0.00141832912977486,0.998581647829093,5.49272599887267e-65,8.27572104988882e-14,2.30410494822939e-08,2
"20756",0.0468824412733382,0.00559446832326177,1.05388866813397e-90,0.9475230904034,1.14417152375313e-17,4
"20758",0.999994868217271,5.10091391619119e-06,1.39366994713677e-208,3.08688131199039e-08,1.53179107801e-41,1
"20760",0.000390389420106365,0.0220893779044033,3.17913692174153e-25,0.000230816055978839,0.977289416619512,5
"20762",0.00130183749724503,0.998450160406156,6.73579044142663e-69,1.39564517389446e-12,0.000248002095202907,2
"20764",0.0693526285335754,0.906607808579039,2.8743323464316e-41,5.68352949110044e-05,0.023982727592475,2
"20766",2.47278137849336e-05,0.000174077907279023,1.56244835402799e-27,0.000152858036200491,0.999648336242736,5
"20768",0.034437778173147,0.787161044069511,6.25987579278474e-27,0.177820282962739,0.000580894794602735,2
"20770",0.599713049336964,0.388207862681361,1.03038848007796e-146,0.0120790879815823,9.29117143512425e-14,1
"20772",0.0278357846857908,3.77908711489608e-12,2.73846636091386e-106,0.97216421531043,3.87927887501214e-68,4
"20774",0.999997306068118,4.77639272890132e-18,3.42239272874231e-320,2.69393188234682e-06,4.66032202884681e-105,1
"20776",0.0633640943964545,0.000464602919981747,2.76146909437909e-106,0.932625381357358,0.00354592132620553,4
"20778",0.999999999775694,3.48454011022194e-21,2.6960751731446e-252,2.24305689535924e-10,5.51370932987863e-111,1
"20780",0.287348340178351,0.712651659821649,8.24112599180395e-164,3.2865754883242e-18,2.66403562896157e-17,2
"20782",0.0082549487930285,0.99174505098745,2.16628685914761e-116,2.22215425509274e-15,2.19519794803652e-10,2
"20784",0.00152955580864567,0.998425953307757,4.48472239133296e-79,4.402124036396e-11,4.44908395765123e-05,2
"20786",0.0173749308057378,0.982625069193925,2.29719269331765e-82,1.45586586112642e-17,3.37695894300783e-13,2
"20788",0.0224562007287463,0.000222355285844561,7.46118035607163e-62,0.976962454435962,0.00035898954944673,4
"20790",0.0488904438222375,0.950090607160314,6.88753739963916e-108,0.000271480526629144,0.000747468490819486,2
"20792",0.272739784347999,1.10281883902011e-05,2.05887682771452e-120,0.727249187463611,1.40314739093332e-16,4
"20794",0.00448727217608418,0.986260892189446,3.07588851330702e-58,1.78063275014206e-06,0.00925005500172028,2
"20796",0.0207426502400756,1.57032983124698e-13,5.86731383023657e-147,0.979257349759767,1.12749762277651e-56,4
"20798",3.71298645545261e-09,1.90235996417638e-05,0.999980972687288,2.13010386980212e-21,8.37346883079754e-14,3
"20801",0.458860926461329,0.541138874415444,6.42031035080232e-142,1.9912322326333e-07,3.68381117698267e-15,2
"20803",0.0450555620686057,1.48560571528487e-05,1.82308442810487e-140,0.954929581874197,4.48446668749549e-14,4
"20805",0.0284638648151546,1.18509909978022e-05,1.36369055950427e-136,0.971524284193848,1.96854003967353e-22,4
"20807",3.71298645545261e-09,1.90235996417638e-05,0.999980972687288,2.13010386980212e-21,8.37346883079754e-14,3
"20809",0.887907079467554,0.000287924039809744,4.29694006107218e-234,0.111804996492133,5.03715349677844e-13,1
"20811",0.999952028567511,6.2264977349881e-07,0,4.73487827159486e-05,4.50854603656621e-38,1
"20813",0.66303776497479,4.28544720737699e-09,0,0.336962230739762,3.36303617614547e-46,1
"20815",0.00161542380020085,0.998384576174828,1.15660744484871e-15,6.85553931966154e-24,2.49701789624434e-11,2
"20817",0.000215246995417197,0.000241233576370175,1.01640379803124e-38,0.00548082609566499,0.994062693332548,5
"20819",0.0339135334790095,3.2630196838743e-06,7.14953025987164e-103,0.966083203501304,2.18573879053233e-15,4
"20821",0.999999999991219,8.76852618427244e-12,0,1.26807991261749e-14,1.53056470283444e-72,1
"20823",0.0161833270361081,4.59346218975931e-05,7.83298778031341e-102,0.983770738341994,3.82237459959551e-20,4
"20825",3.5048271867346e-05,0.00165484202578971,5.28136607238505e-26,0.000153877402883822,0.998156232299459,5
"20827",0.939431867432194,0.0324542567094952,2.55828330096124e-95,0.0281118551372684,2.02072104244255e-06,1
"20829",0.825916385898671,1.79656119364901e-16,0,0.174083614101328,2.07323805174061e-84,1
"20831",0.000250667149050648,0.00125669687131484,6.15261867503951e-49,0.00192845264783736,0.996564183331797,5
"20833",0.000733350418016768,0.999266646074041,4.40966068848386e-51,1.27953510180088e-20,3.50794195818478e-09,2
"20835",0.000412784747251256,0.000606416161835646,2.94107208596438e-30,0.00378682315844314,0.99519397593247,5
"20837",0.00175405102114534,0.000177474107559926,3.24121717442148e-62,0.0645560128700645,0.93351246200123,5
"20839",0.000181207636811827,0.000596883355005064,1.27310479451214e-47,0.00255087057225106,0.996671038435932,5
"20841",0.817177476920217,1.52635642766142e-09,6.67152652041054e-244,0.182822521553426,5.45546894432164e-42,1
"20843",0.0222206398390795,0.00382968718191833,1.58041806722524e-92,0.964539628101185,0.00941004487781665,4
"20845",0.619287222595565,0.178003847880891,5.31126668499722e-124,0.202708929523543,4.28786572245997e-16,1
