"","V1","V2","V3","V4","V5","V6","V7","V8","V9","V10","result$classification"
"19811",0.000213579983461169,0.000180279988661977,2.26213354894174e-07,0.913225474025978,0.0624376605893434,1.02215095429114e-09,0.0239152602409962,2.54077468025471e-10,1.10896064470344e-05,1.64280755285792e-05,4
"19813",4.91408998918897e-08,3.97412254370291e-07,5.85871741496617e-09,5.08212396145917e-05,7.78766860428053e-08,8.77237298054928e-09,0.999948610333249,1.71213219636927e-12,2.63994956334692e-08,2.96499791105185e-09,7
"19815",0.00656914444000832,0.00271865142707623,8.29573756954279e-05,0.969683708110055,0.0201995434978723,1.20126803654015e-09,2.19345737063491e-07,1.77692830201841e-05,0.000727963053513343,4.22657537965352e-08,4
"19817",0.00268349763289176,0.00429538990753461,3.17233101260588e-06,0.606672655251235,0.386216647117197,1.86897162768659e-10,2.98309558925019e-06,2.8412875591885e-07,0.000111048872045011,1.43214768409356e-05,4
"19819",1.81692296199415e-05,0.0549820529290335,0.23129446641269,1.02923186844647e-06,3.46307361340999e-07,0.00417242784127821,9.10581860243795e-12,0.709497519751911,3.39808964682856e-05,7.39066367218128e-09,8
"19821",0.000216015670229526,0.00482122497679688,4.49793369682155e-05,0.363042842147161,0.616523890342926,7.6317234693386e-08,0.0135491383408938,5.45777544203467e-09,6.16118986177518e-07,0.00180121129102835,5
"19823",0.000140104308222881,0.00142569422245129,6.82792681803812e-06,0.249236949473449,0.0540876900326461,5.32878333054056e-09,3.37013550027792e-07,0.0014932558648245,0.693607559891979,1.57593727598762e-06,9
"19825",0.00210711979136339,0.00416400361164152,0.00420348875970411,3.13605006733861e-05,0.00184495683771213,0.209520343202001,0.000923372535633189,2.04969453302533e-05,2.07747827434247e-06,0.777182780337667,10
"19827",7.64998190562596e-06,0.00102624346248071,9.96751462916135e-07,0.0042825228408166,0.984672938834399,7.64425727644268e-09,2.68903458235932e-08,7.30298326486711e-07,4.63463597093281e-05,0.00996253693629648,5
"19829",0.000262848334072306,0.948786061064282,0.047434309894945,1.47874758164401e-05,0.000598430546398983,0.00161224225995038,3.95424868853105e-07,5.11452904767757e-05,2.5813300763994e-08,0.00123975389588864,2
"19831",2.94033723297403e-05,0.787343863068021,0.0778122384133357,3.43276960611162e-05,7.04586015934905e-07,0.0148386937867386,6.48393228844457e-08,0.118353276489006,0.00158741399434346,1.37548254757372e-08,2
"19833",0.00257398490173929,3.28840831160859e-07,4.75863984676143e-07,8.06391576985975e-08,1.21673804602069e-07,0.00129303597695654,4.43578819782162e-07,0.0806840299227292,0.915433496707284,1.40018946932946e-05,9
"19835",0.000216015670229526,0.00482122497679688,4.49793369682155e-05,0.363042842147161,0.616523890342926,7.6317234693386e-08,0.0135491383408938,5.45777544203467e-09,6.16118986177518e-07,0.00180121129102835,5
"19837",2.31463778405036e-05,0.0154501321392921,7.59222169147955e-06,0.0448078588302716,0.938913778809989,2.56323724241656e-09,5.56006428639447e-07,1.66298347093262e-07,7.10778936921984e-06,0.000789658963533428,5
"19839",0.000675602249601251,0.470604299994148,0.0286967408261231,0.000156669320611039,0.00076924629583053,0.490272640918124,0.00036797766250412,2.64256042058172e-06,1.82064145553829e-07,0.00845399810849244,6
"19841",6.91113886418829e-09,4.28042944899812e-07,2.437654431322e-08,8.95911314142433e-09,0.000113764356845547,2.47419097277514e-05,4.59487759896446e-06,1.38775302352754e-10,1.8509866782397e-10,0.999856430242213,10
"19843",0.00118889690087431,0.0135258321370736,0.478175289116256,4.97508278367283e-05,9.99634781114279e-09,0.50039348590949,0.0066528905384736,1.36755080584422e-05,1.67424921620727e-07,1.64066817219402e-09,6
"19845",1.13672623714151e-05,3.75653125943584e-06,2.96184174610142e-08,0.166067978524136,0.000816099855737321,2.81152838328554e-10,0.83309031366703,6.8707191187539e-11,1.01933122560235e-05,2.60878932958217e-07,7
"19847",0.00107949969967811,0.00529012445906184,8.95291605379603e-05,0.990585777039799,0.00208212585283741,2.6368317636741e-08,0.000781070454767167,3.96587143813064e-07,9.14140582209265e-05,3.63196362829954e-08,4
"19849",6.51795156808494e-09,3.10341087457295e-08,4.96935077156816e-10,0.000101944865843379,3.16510022424779e-07,6.90463741253186e-10,0.999897662320411,3.02462827246642e-13,3.16130540111336e-08,5.95090731227612e-09,7
"19851",0.000214257888741354,0.000280244086736615,7.81862557817706e-07,0.948907529307418,0.0503746900347361,2.31068955133394e-11,4.58197910148181e-06,1.07503934480836e-07,0.000217613434532688,1.93879134812352e-07,4
"19853",1.50969242709109e-05,5.35565790080855e-06,3.36384450786513e-09,0.82429603918648,0.0737686913795864,1.69636930767355e-11,0.00825979915682754,6.10537964423338e-08,0.0936474512227374,7.50203759244355e-06,4
"19855",8.1012643557282e-05,0.00026903776078914,2.50639426541924e-08,0.405859275600692,0.59234925739806,1.68123294582796e-11,0.000713869669784604,1.28217921352079e-08,0.000576734353025622,0.000150774671543467,5
"19857",0.00631625547176374,0.321583404761908,0.00018047386397138,0.339894327079132,0.315882925250732,4.96995255519092e-07,0.0142502136673598,3.02197440688628e-08,3.07412439745646e-06,0.00188879856573664,4
"19859",0.00206402357421959,0.0503383152231354,1.38533894696919e-05,0.192226576465562,0.754230467084605,1.97883732137312e-08,4.70761238318379e-06,2.99840513499983e-06,0.000477265354513063,0.000641773102604033,5
"19861",2.02427148729829e-05,5.54537137075565e-05,1.43136409423836e-07,0.96180713604931,0.00516851604620344,2.09536641802688e-10,0.0329134705096324,5.41529006918377e-10,3.48813224683241e-05,1.55756330174098e-07,4
"19863",4.0811585852549e-08,1.56718052686309e-08,1.52838907025985e-10,1.59142752683385e-06,2.03405328550981e-05,6.09787766893558e-07,0.992512215756394,4.25510201304509e-13,1.12277012139626e-08,0.00746517463109996,7
"19865",4.31436188410518e-06,6.88900259702689e-06,1.93789988737637e-08,1.98323938047774e-05,0.108929766598711,1.64529361567831e-08,5.23340086182585e-07,3.77159796186347e-10,1.63124873977095e-08,0.891038621781334,10
"19867",0.000229416543040013,0.000154674454050925,1.01009785252758e-05,0.9983670114847,0.000776854984504815,5.95951745223247e-10,0.00043525722770541,3.85402862213123e-08,2.66431447307303e-05,2.04650483121228e-09,4
"19869",6.65096806875808e-08,3.49751541176865e-07,5.78799507948813e-10,0.00496487274793386,0.000295289316193501,8.23621157411336e-11,0.994737135409714,6.84651029432589e-13,2.74833431854457e-07,2.01076965808312e-06,7
"19871",0.000484803791433842,0.0994028284049704,2.20923841287092e-05,0.0357301309991589,0.86287266784609,9.659285265605e-09,3.24918244434753e-07,2.93402795458134e-06,6.50772530900079e-05,0.00141913071564367,5
"19874",0.000136775313501807,3.49272636007078e-05,3.69597444353537e-08,0.00315613450460599,0.931606221477211,2.94686555266292e-09,6.75550646153078e-07,2.57334691914218e-08,1.824744177694e-05,0.0650469528085782,5
"19876",1.86799011950471e-06,1.42966714654981e-05,2.9619040067304e-09,0.016172420095701,0.976454945202055,2.95803474500155e-11,5.51177048969215e-05,1.26258264920048e-10,2.43333113140166e-06,0.00729891588688787,5
"19878",0.997055188428992,3.33772449947621e-05,0.0020915188599332,0.000753778263023142,1.17102870554326e-05,4.42214845260059e-05,8.8044658803485e-07,8.46295913192341e-06,7.57940212997347e-07,1.04085542150252e-07,1
"19880",4.56696170272659e-08,4.77053458046415e-07,1.76222394964384e-10,1.03290526289736e-05,0.070651946250336,7.92363320293912e-10,6.56915164251076e-06,1.71882829054698e-11,4.61654537235909e-08,0.92933058567109,10
"19882",0.00138051234013242,2.07152081567156e-05,2.93891723325207e-07,0.80199723075096,0.0389160870852087,2.20813109190828e-09,0.157546173299596,2.47836484671318e-09,0.000108353598608924,3.06291391175899e-05,4
"19885",0.00664926679519774,0.142249979958559,0.000375834028019886,0.605471985842753,0.245230016509269,1.01905182094632e-08,3.85167190560173e-06,5.51825772670242e-07,5.29202528402325e-06,1.32111527204017e-05,4
"19907",0.000521414580842776,5.68739206267405e-05,4.09565580588484e-06,0.986002822023786,0.00255444097481725,4.34527322613295e-10,0.0108496817871411,7.49932429026938e-09,1.0623896772979e-05,3.9226355394381e-08,4
"19909",3.74280875435116e-06,0.96142322034083,0.0377198011163397,0.000783434836091704,2.28362857480316e-05,3.27170350646432e-05,1.09286023864033e-05,3.20907840293946e-06,7.5298597229178e-08,3.45977842250804e-08,2
"19911",6.79863615503203e-05,0.990084830177985,0.00643563026087394,0.000132742938939318,0.00143600638970528,0.00103844378213086,7.45473007057484e-07,3.6848463341764e-05,3.44731809739783e-06,0.000763318834368897,2
"19913",6.53867729052266e-09,7.42442225521742e-08,2.62339386762514e-10,8.77974559094886e-09,0.000485978575275243,1.06487249243327e-07,3.57485214587741e-08,1.25674252837432e-10,3.96105598534186e-09,0.999513785277239,10
"19915",1.89083316789348e-05,3.42044660453667e-05,2.22756749318384e-08,0.00472755021343329,0.987688755907252,1.01356906070914e-10,1.39947299405533e-07,9.98072947861502e-09,7.4313825694199e-06,0.00752297739396041,5
"19917",3.79289612218833e-05,0.000302025208968561,2.61643056536414e-07,0.000234833421617285,0.280450750106829,5.36592781359964e-07,1.05441812875513e-06,1.64087270514224e-08,1.66699089469402e-06,0.718970926247775,10
"19919",0.00139721641954926,0.00138159010949211,1.10200334574836e-06,0.0194534157622414,0.974223812152291,2.74906351406729e-09,1.30714734657811e-07,2.6760436169293e-07,2.65121137660848e-05,0.00351595037115433,5
"19921",0.000468881267414892,0.000427249234045354,3.06023559626691e-06,0.992001294599957,0.00703829018555122,7.63409118467009e-11,3.11428899315843e-05,2.8107913893423e-08,3.00342961930647e-05,1.91070558902683e-08,4
"19923",0.811943172544631,0.000275565088760262,0.00108762709842143,0.185660458197122,8.3526376198392e-05,8.66715784502815e-07,5.5608227754235e-06,0.000110928070446118,0.000832293376154447,1.70970649156302e-09,1
"19925",6.41485579063664e-05,4.39603639527833e-05,5.18165211252345e-08,0.000781623113711277,0.817550635526534,4.23804529133545e-09,1.80094550790862e-07,1.16071494873318e-08,2.53698460540154e-06,0.181556847697023,5
"19927",0.00011102916296988,0.00151479038199046,8.24641634567524e-07,0.803196514442884,0.19499380850966,4.09979972973155e-11,1.10899025957389e-05,8.32794869343209e-08,0.000169402372851289,2.45726492965544e-06,4
"19929",9.96823094262412e-09,9.79974004571415e-08,2.00466251978511e-10,1.95825930901284e-06,0.000607376113152065,7.82543891898821e-07,0.29007798870433,6.66201327977713e-13,1.32958570089887e-08,0.709311772916697,10
"19931",0.000601691711096246,0.00942874863842432,2.9190696463465e-05,0.523474975974699,0.466199610015747,3.83532902254974e-09,2.78041986485239e-07,3.19117753295083e-06,0.00024476932914078,1.7540579581398e-05,4
"19933",9.10748372221531e-05,0.922130772682867,0.0430177535007335,0.0142151506916982,0.0203119189929311,6.05984711099083e-06,3.09613141545369e-08,0.000213188761537628,5.35949582084934e-06,8.69022876404166e-06,2
"19935",0.0074834915392851,0.13102974153595,0.012287292142521,0.756610044290426,0.0922176143521513,6.30903659870732e-06,0.000320309619771065,3.90306852821723e-07,1.1725983731152e-06,4.36345780705189e-05,4
"19937",0.000851297237875126,0.00118468926237418,8.87432439290011e-06,0.963856697806546,0.0331924761927102,9.47529096393908e-11,4.20217572793473e-07,3.88124032137962e-06,0.000901603898535249,5.97249195286653e-08,4
"19939",0.304596438312223,0.00111111153725167,4.12697169066691e-05,0.406986373912597,0.287168859146943,2.36841408421512e-09,1.8740039705004e-06,2.87464097912345e-06,5.69550784811266e-05,3.42412822344645e-05,4
"19941",3.98575939939061e-06,0.899324657224783,0.0204958155484126,0.000100739949898581,0.00194543209932532,0.0677261938625992,3.84058346594427e-05,5.26526401783004e-06,3.46504664194791e-07,0.0103591579522401,2
"19943",1.00371285914536e-06,2.6000802140618e-06,2.72585298039347e-09,2.68170953020991e-06,0.0499485587153202,6.50968442060202e-09,2.77177341247818e-08,3.9720040594092e-09,2.41552912876698e-07,0.950044873303888,10
"19945",0.00255616997111702,0.885054750185119,0.0961632191934711,0.0141573565371195,0.00134732591034299,5.89825381709203e-05,1.38117569754243e-08,0.000640898385397811,2.09758624938139e-05,3.07605011073076e-07,2
"19947",0.000230330960136745,0.478733426784016,0.000825928888012174,0.000162801435806531,0.0133837573419432,0.00145530680125623,0.00863198171100679,6.75588093318568e-06,4.69518303810738e-06,0.496565015013852,10
"19949",0.831237353682787,0.00252600490630963,0.0229139543628955,0.141666840211174,0.000518680037556016,2.0080845469862e-06,9.28636110659298e-08,0.000995487313824842,0.000139569219426502,9.31786826969454e-09,1
"19951",0.0384873415802429,0.00075842584304457,2.17124926126675e-05,0.0105182379122509,0.850245953447937,1.54412710014518e-06,1.96444415052144e-06,4.54730760024669e-07,6.37994912871249e-06,0.0999579854727725,5
"19953",0.000738093625341601,0.0193701391874332,0.0609412009740806,0.000560956515489068,1.68889785603397e-06,0.000101083595008201,2.63117667425374e-09,0.894579124908091,0.0237077093424222,3.23101831769982e-10,8
"19955",0.353629451886514,0.479432316201164,0.131048947937262,0.00154484153057871,9.7665671843871e-06,0.0125330365667351,2.41103887166381e-06,0.0206995510028559,0.00109958486626621,9.24025685436755e-08,2
"19957",0.000241990535246193,0.0545535092808433,3.12411422681276e-06,0.00187552372871585,0.535410978907693,2.03693490067551e-06,7.09465659450926e-06,4.40039442584686e-05,0.00648879382749423,0.401372944070027,5
"19960",0.00818053383619528,0.755367375858277,0.234494636442093,0.000112291395572454,0.000118854266915842,0.0016162340778238,1.23248092131392e-05,5.54153036031179e-05,6.52902065511431e-08,4.22687201003435e-05,2
"19963",7.45831699432778e-07,3.37684397994779e-05,7.39312796687237e-07,1.23279031289159e-06,0.00103613631583771,0.0101344531616101,4.25537344136637e-06,0.00103812151367852,0.0486744411874147,0.939076106073409,10
"19965",0.117861620889691,0.0364764891762734,0.831123521263784,0.000254598246020603,9.45717991501882e-08,0.0140760063792847,1.17897417472006e-05,0.000195419610086095,4.59713589159628e-07,4.07724855844271e-10,3
"19968",1.37662052517915e-05,0.00157460479550651,3.22252904505963e-05,0.000899225802184432,0.0436791722985117,7.94278099575971e-05,0.263768580834482,1.03030571606805e-10,1.34705404129128e-09,0.689952995513571,10
"19971",1.14282943100773e-05,1.32551766200509e-05,2.20102315318104e-06,4.03500776994121e-09,7.16978813442689e-05,0.00160404673783902,1.3103379611926e-08,0.000125873642848979,2.83086518353178e-06,0.998168649240314,10
"19973",0.000260020137462658,0.00186983986272924,1.97085583572925e-06,0.3262112831548,0.671520933380377,3.85576611491686e-10,1.61633816607766e-05,6.65060179925144e-09,3.35028535827824e-06,0.000116431905597793,5
"19975",3.28388627633092e-05,0.000221891854136647,2.54519358975121e-07,0.000703844158950246,0.479177739920556,6.37600835696698e-08,1.50227676989431e-05,4.63066100576726e-10,4.19391856858588e-08,0.5198483017542,10
"19977",0.000368142862308086,5.41738285192296e-06,2.59916296675635e-07,5.2146776554832e-06,0.00272359590186505,0.000179292374751948,1.79373541583536e-05,4.74123886889089e-07,1.31376821445075e-05,0.996686527724081,10
"19979",1.4391767852226e-05,0.0861547189221221,0.863305047513492,3.43217003217947e-08,8.46542617370649e-08,0.0469503328752138,2.61079754802208e-11,0.00357528789098105,3.22342798766762e-09,9.88048407359131e-08,3
"19981",0.000243143674811755,0.624912093073145,0.000177226811135498,0.33452439277797,0.0398608770792527,5.9294438739985e-08,0.000249273618327683,3.38186512613979e-07,2.64226601335789e-05,6.17282427226748e-06,2
"19983",0.138170063227864,0.143479197093226,0.000953232397523414,0.710701284490513,0.00649816950146677,4.18586442583471e-08,0.000146610730885835,3.04942729129123e-06,4.81122391584219e-05,2.39033427789956e-07,4
"19985",2.52168281473008e-05,1.83762501852873e-05,4.74697926085294e-09,0.00305751825889644,0.92535676707288,2.58421053663261e-10,7.21131378925652e-06,4.42691974386056e-10,1.95108534247237e-06,0.0715329537426674,5
"19987",9.97753128567346e-05,0.381387646956027,0.0010388546417312,0.0421973676536308,0.573828851217958,6.7516153726018e-07,6.66049411951917e-07,6.68407310552296e-06,7.95972979111975e-06,0.00143151920395105,5
"19989",3.72273422242895e-05,0.0136104296506386,0.974015515998936,3.07933204558502e-06,1.74190404450263e-08,0.000784930745393636,1.86316506465838e-11,0.0115486600991169,1.39380210626409e-07,1.37620746732784e-11,3
"19993",0.792915880195528,0.0253658689136898,0.036250251394099,0.0204734277825323,0.124192921261376,1.53645429308843e-05,7.73895755256784e-08,0.000154525977267276,1.53625669578628e-06,0.000630146286305304,1
"19995",0.0485155419054857,0.60015987214604,0.244433823225557,0.0439101060919102,0.0618003331853176,0.000624638116452627,1.74142266380474e-06,0.000107530925946534,4.32879864575174e-06,0.000442084181980194,2
"19997",0.000111852385738872,0.000406491873258515,3.03420698986759e-07,0.27951475753107,0.719682176204836,6.31814288110265e-10,1.24682605810242e-05,1.53644764840802e-08,5.49632065427197e-05,0.000216971120983509,5
"19999",8.39283173084355e-06,0.000100034774225433,1.17428659290086e-08,0.100078077859548,0.898035983489679,3.48011704303054e-11,0.000377556482240387,1.98520803631067e-10,5.48722177075714e-06,0.00139445536461758,5
"20002",4.2314931023403e-08,1.37769033667432e-05,1.92395431830906e-06,1.20206003001618e-05,0.000676694546517424,0.0130325626793219,0.298898047722469,9.00904310927119e-09,7.434374156572e-07,0.687364178832317,10
"20004",3.14200020505827e-06,0.966508053813394,0.0240089691191128,0.0037290832368021,0.00540607315044131,0.000197202482098703,2.89187467450759e-05,2.80081751423439e-06,3.55910351811221e-07,0.000115400723334889,2
"20006",0.526744883557863,0.423599178615613,0.0424018720345711,0.00120279165829737,0.000207731710749417,0.00483710660010092,0.000591538949735592,0.000283033616792939,4.09565300721096e-05,9.09067262046711e-05,1
"20008",0.826447334376995,0.00221726910506781,0.101103909329422,0.00370418104924372,0.000116237908614097,0.0656300240504334,1.13360834968553e-05,0.000697561624376908,6.56182541725955e-05,6.52821817690014e-06,1
"20010",0.489200509502716,0.164357953263925,0.305798706799842,0.0060249268504761,0.000178889710736423,7.26458337729703e-05,7.97702166840025e-10,0.0342564086601591,0.000109926944275521,3.16363949420312e-08,1
"20012",0.00134739407748583,4.54922620126422e-05,6.60634353659002e-07,0.01381571336262,0.74988954369381,4.20603970772748e-08,0.00754505909903539,1.25670830942243e-09,4.0820420532589e-07,0.227355685349372,5
"20015",0.000934973853958504,0.00561315862546878,0.988805087432467,2.23493657853066e-06,1.46308437970993e-08,0.00464135089449324,4.27508679497283e-08,3.13641595907117e-06,4.39890482654728e-11,4.15374462147965e-10,3
"20017",2.19116671957829e-05,0.000954527492135271,9.12863444580655e-08,0.216705119603622,0.77960896648237,1.32857048536827e-10,0.00180207192940881,7.219646867805e-10,9.71772025108399e-06,0.000897592963850766,5
"20019",0.000345746703622994,0.00214346520597901,0.948925337446355,7.29158176851390e-09,3.49197304088744e-10,0.0355394364542938,2.18943607107539e-12,0.0130460020590305,4.39384949181996e-09,9.39011213082027e-11,3
"20022",0.00459907351568608,0.785882797109324,0.207520913455151,0.000499976916431558,2.46788402120787e-05,3.91022329394943e-05,8.24945151105268e-10,0.00143198069203237,1.46579879357293e-06,1.06144839819973e-08,2
"20024",0.000110159107537222,0.00443258424929772,0.129395018790129,5.84515085558033e-07,7.85780030804883e-09,0.017307109756375,2.60607320933836e-09,0.848625557792514,0.000128974546372337,7.78815688902505e-10,8
"20026",0.000110159107537222,0.00443258424929772,0.129395018790129,5.84515085558033e-07,7.85780030804883e-09,0.017307109756375,2.60607320933836e-09,0.848625557792514,0.000128974546372337,7.78815688902505e-10,8
"20028",1.61432883121936e-06,4.03016796359505e-05,1.14652969561025e-08,0.0353655631893518,0.961958974506053,1.16128043340026e-10,1.97763137120697e-05,1.00217713950686e-09,1.43195031873111e-05,0.00259943789562664,5
"20030",5.43754747841751e-06,0.400673294591178,0.47070413671503,5.99101808615423e-06,1.25096561875066e-05,0.128559409438738,1.32648868951132e-06,1.27735607971533e-05,1.8028917320025e-09,2.51191809232249e-05,3
"20033",4.74356290290474e-05,0.00842339872609453,4.85914981682403e-06,0.0153544330174313,0.969275646736112,9.02519117678041e-09,4.07622533372782e-06,5.57382012910935e-08,1.88012908501053e-06,0.00688820562370475,5
"20035",0.000462788461165004,0.00180493742544795,0.976699060810808,2.17876518583183e-08,8.23113372343955e-10,0.00370666999534701,5.21914113937802e-12,0.017326515290721,5.33935776456665e-09,6.11682481991732e-11,3
"20037",0.000459235501123553,0.00154869974813425,0.991391252498015,1.75744571652631e-07,1.0122576822323e-10,0.00603641267676134,2.6026229150433e-10,0.000564221082273592,2.38698536564423e-09,6.46974677841016e-13,3
"20039",1.45021105403429e-05,2.28295878497473e-07,5.58819161299464e-05,9.83603758430287e-09,3.84917748431531e-11,1.5413669252809e-06,9.54231255902578e-13,0.998682375945323,0.0012454604894773,2.41610364531909e-13,8
"20041",0.988809666217918,0.0082126171633227,0.000257838118014354,0.00223448712403748,0.000246419579411363,4.68679038354732e-07,4.47328601587926e-07,9.97867314813639e-05,0.00013754815847211,7.20899702543498e-07,1
"20044",0.933334179158407,0.0551432678867147,0.00181938806754029,0.00372559243055286,0.00430355945017775,4.27153914799757e-06,2.50656044603267e-06,0.00111008837593655,0.00047829083967429,7.88556914020747e-05,1
"20047",1.61528714094066e-05,0.00486296120912622,0.444460034864794,8.01525410062518e-10,6.30596324518364e-10,0.501412280466797,1.57828275078812e-12,0.0492485478102677,1.72262413921528e-08,4.11766428618477e-09,6
"20050",0.561059264211768,0.00128878790684632,0.0227340793817407,0.000433037247987032,0.000184516976259832,2.6318743461122e-05,1.83375870660455e-11,0.413129386565269,0.00114435723589155,2.51712438670079e-07,1
"20052",0.0167250873555769,0.10166274334121,0.000398219384053467,0.0758847615792774,0.803459417149594,9.56265870751673e-07,4.88747046568595e-08,0.000106339300750557,0.000479913004008036,0.00128251374495479,5
"20054",0.000132204861869655,0.750887549642475,0.247755130290913,3.39079899490414e-05,3.78752760858713e-06,0.00118272570892131,3.34314625006811e-06,1.14230876981262e-06,4.69421961995832e-10,2.08053822093583e-07,2
"20056",1.26315104246964e-06,5.93983295674629e-05,2.77252984876264e-06,1.28185858919846e-05,0.0537979423389317,9.22474411005797e-06,9.08308955658206e-08,1.29507950155171e-07,2.05402003864433e-07,0.946116154579758,10
"20058",7.41475284180296e-05,0.014878562621634,0.981977025327899,4.86332888321389e-06,4.72191976013438e-09,0.000740433774267055,3.41274600885654e-10,0.00232491318837806,4.91645945209471e-08,2.73118325569124e-12,3
"20060",0.000473429955646506,0.00194415425257947,5.85096774320803e-05,0.846647782257252,0.150840138660318,1.98802417737778e-09,4.00484990247978e-06,5.87997436151012e-07,2.82598327567537e-05,3.13052865218869e-06,4
"20062",0.113237092622028,0.00705049945532367,0.000651105138743157,0.840550080130388,0.0384937621871927,4.67216477647285e-08,4.83439243929727e-06,1.16648402234315e-06,1.02715124231582e-05,1.14135579185007e-06,4
"20064",0.000108054050885448,0.936592247440931,0.0617117030078825,0.000670215122511684,0.000855741564503568,3.43123196619048e-05,5.54178878858179e-09,2.55068739687878e-05,8.28354315058243e-08,2.13124243428423e-06,2
"20066",3.59600649789466e-06,0.0897132622388918,0.820350113990905,2.05356036131522e-07,4.3538871818565e-07,0.0898459700490702,1.21903724162989e-07,8.42464097353137e-05,4.73843928252237e-10,2.04818257754858e-06,3
"20068",0.00127434370827023,0.000196918546443487,7.31910711461311e-07,0.980228648094502,0.0180181312324124,7.01946905954093e-11,0.000255983075356764,5.52838914600090e-09,2.49763264153295e-05,2.61507304160018e-07,4
"20070",0.00233133747294393,0.000194044227359918,1.43220616475568e-06,0.975520169451375,0.015186429817562,5.97891619991043e-10,6.50999828036929e-06,1.61044862823896e-06,0.00675835062859933,1.15151195060574e-07,4
"20072",0.00549819234199312,0.063989997840502,0.925111918977966,0.000856394652599444,1.53021909716372e-07,0.00288075523700048,0.00164786825865661,1.46648891192906e-05,5.44431164370934e-08,3.37136651757992e-10,3
"20074",1.32144095552457e-08,1.24415057979103e-08,2.82153592345015e-11,7.24175119260761e-08,0.00045077594111591,4.92429299178925e-08,6.54614350264727e-05,2.2197039236979e-12,4.40776529780855e-09,0.9994836108693,10
"20076",0.000185070537321884,0.0862800247841268,0.000101118629007332,0.00267335389816237,0.0637554742139362,0.00017402569300795,0.37540396868427,2.22032466062353e-09,5.83749338401923e-08,0.471426902964909,10
"20078",0.001016156311525,0.950386281971286,0.0450197290634369,0.00219986841952118,0.000516489272598782,0.000369739898012551,3.30616568457603e-08,0.000463682873141793,2.65218398949204e-05,1.49728892547231e-06,2
"20080",0.000208944090537256,0.00998086259657886,0.980003147664339,6.63699201405358e-08,7.78930455630433e-09,0.00314587546743656,8.67786028067371e-13,0.00666109169186904,4.07771703882083e-09,2.51429096547505e-10,3
"20082",2.05264627136705e-06,5.45285209617226e-05,0.000259047977098634,6.38082351849426e-08,2.40844722868442e-08,4.25617163182781e-06,7.1786619003744e-14,0.999041382656961,0.000638643940681541,1.93615059835862e-10,8
"20084",0.000174910957909037,0.971406254551696,0.0132374095054157,5.23323903820947e-05,0.00259175273873413,0.0073594107085981,6.64813820207631e-09,0.00284407200502094,4.81352692531558e-05,0.00228571522485237,2
"20087",0.0363211719833511,0.405829008087052,0.503974181281875,0.052587998766976,4.62068734658286e-05,0.000980569576529305,6.50075337900786e-06,0.000232357893151495,2.19984098741223e-05,6.37434629466665e-09,3
"20090",0.0672705005351502,0.002972209389986,0.837946983010087,1.06998300274518e-06,1.05007423001828e-07,0.00125649530509382,1.94127895953792e-12,0.0905523944452455,2.40961651585171e-07,1.36041852156193e-09,3
"20092",0.0180036905375459,0.00351046182086617,0.000241365435952883,0.0436024654920176,4.13182605683985e-06,7.44461235023291e-07,1.90241779793665e-05,0.0079412841971936,0.926676831969967,8.11853246928629e-11,9
"20096",0.0135445324950892,0.0140418344335119,2.13996969200303e-05,0.015344452957782,0.0189126824313403,2.52721375612649e-06,2.03780396707231e-07,0.00474768036685085,0.933288899699576,9.57869247768785e-05,9
"20098",6.71637661144023e-05,0.000885471000752205,8.96296413111087e-07,0.00947710794573638,0.985670898645914,8.21795820603307e-10,2.79978893975892e-07,8.1154848992147e-08,3.60627218211811e-06,0.00389449411734941,5
"20101",0.00152336847319575,0.324423142445719,0.609487229700885,2.47638564862293e-06,3.66544557356049e-05,0.0539004007833353,1.81358190691612e-10,0.010592898813122,2.82873289333236e-07,3.35458877119505e-05,3
"20104",8.37985096808748e-06,3.36904882487953e-05,9.0027574648211e-09,0.00681012893461287,0.000348504792211244,5.97370527742106e-09,0.00393646775112361,5.49087809237684e-06,0.988855890394966,1.431933314453e-06,9
"20106",0.0137630910046539,0.209426351394922,0.775621855533231,3.36277907142846e-05,9.29280116308192e-05,0.00083068404168173,5.61466452616713e-10,0.000227728001685764,5.69274498936438e-09,3.72796726934328e-06,3
"20108",6.09099151944774e-06,0.00679716122404204,5.66688797008149e-06,0.199422131801526,0.793145871913127,9.98981636526817e-09,5.67596013375102e-05,1.75866974404363e-08,7.61256808881946e-06,0.000558677435875517,5
"20110",0.462539609837775,0.00364939137052013,9.96657130922651e-05,0.0133644419086455,0.360940128751604,5.66363454422104e-06,1.44645797096832e-08,0.0133731970297706,0.136521918833609,0.00950596845586061,1
"20112",0.42070201101625,0.0259101402145396,0.531538328629541,0.00182978073170624,0.000328608013463959,0.000251059756413341,1.04706382695218e-09,0.0194297203130921,1.00166131021696e-05,3.33664827298162e-07,3
"20114",4.98593853815174e-06,0.985260037045637,0.00427716387163497,0.000133248643937891,0.00830737641548875,0.000183401567676815,3.23293025860101e-08,0.00010153530553022,4.21790220599185e-06,0.0017280009800469,2
"20116",2.22639831733815e-05,0.979826622284346,0.0156790623064945,2.89139671130492e-05,0.000792237552687408,0.00209503013585282,2.53977216506543e-06,9.59579724974052e-07,4.04048217612067e-09,0.00155236637796031,2
"20118",0.000155397843759433,0.668213774034806,0.000402539193763304,0.0112348107387276,0.318391766899721,7.73241759701795e-07,1.2272103447065e-07,1.33267577677702e-05,1.9543162208192e-05,0.00156794540645262,2
"20120",0.0155677429915953,0.372078777487267,0.461797561500363,0.000152699100256857,0.00249849446500121,0.000366588073967998,7.02328257900049e-11,0.147467010566482,1.14404587313301e-05,5.96852861026681e-05,3
"20122",2.08005982443781e-07,4.35474032881684e-05,8.16190239313596e-09,6.08028242982238e-06,0.0328120011903074,4.06110707713034e-08,4.10330009482167e-06,1.76135264708712e-10,2.37431716943073e-08,0.967133987125617,10
"20124",0.00113045269763258,0.149858293093811,0.825451112782426,6.62086404108271e-06,7.20761912362274e-09,0.0167314230598185,1.04362714486618e-08,0.00682048139751496,1.59842547079563e-06,3.53940942267005e-11,3
"20126",7.36367033284594e-05,0.001870098158889,0.00037913157666698,9.04523774680328e-08,1.18777288948414e-08,0.00146415017557843,6.58539916557075e-09,0.966025086689965,0.0301877717359047,1.60441621114971e-08,8
"20128",3.49685225660227e-05,6.72043768812877e-05,0.0225248404895058,2.59409287779181e-10,4.39643064617416e-12,0.106385420247678,4.81591602404221e-12,0.870980512636375,7.05344768584493e-06,1.06869882215107e-11,8
"20141",1.48278478547844e-05,0.00133719219259949,4.92391896906223e-08,0.0122941234849623,0.221348580152482,1.24671497666479e-09,5.15458057262193e-06,6.5064885954621e-05,0.763531155920116,0.00140385044955347,9
"20143",2.12642061492188e-09,1.92365189631901e-08,3.52970115923888e-11,1.58722032515182e-08,0.00055543032311157,1.31259333158014e-08,8.06337979095293e-07,7.11292201518813e-12,1.93640715518918e-09,0.999443710999016,10
"20145",0.00851436485155537,0.430753631177912,0.548301713864374,0.000793509489545135,0.000211640026986152,2.96263178001466e-05,5.28699898421751e-11,0.0113925982755176,2.85147536158807e-06,6.44680774383112e-08,3
"20147",0.00037833585290954,0.825268309835031,0.174023820161668,6.60276266346565e-05,2.04599779741062e-05,0.000106650933800712,6.39620350719773e-10,0.000136287839322884,4.6398846128776e-08,6.07341927594795e-08,2
"20149",3.11098814516583e-07,3.16263221757024e-06,6.60647932212041e-10,5.90471845767289e-06,0.0368496368074041,7.38048200902375e-09,2.11414241428666e-06,1.67313543913497e-10,2.27418353005782e-07,0.963138634973895,10
"20151",0.000102466086095702,0.000659870669546532,2.77537894002383e-06,0.031552257446875,0.966370364548812,1.98956925851862e-09,3.09409331022992e-07,4.43195398079633e-08,1.93932745896162e-06,0.00130997082383171,5
"20153",0.0011459584811735,0.000615249641125592,1.23218059527851e-05,0.00256452377298313,0.970148602547649,1.56314545105618e-07,1.23129778828635e-09,0.000371831466664018,0.00134563615713697,0.0237957185814719,5
"20155",0.105884873348814,0.23213153461997,0.660911618341896,2.63589281731634e-05,1.14197937121493e-06,0.000628080102373063,4.47976394522888e-09,0.000416348794239836,2.82553882523554e-08,1.11500101099843e-08,3
"20157",5.78492106884776e-06,0.000138321712423782,5.62344214338491e-07,0.00410628280422739,0.982027104487022,2.37076653453588e-09,1.5877141062538e-07,7.77951345279265e-08,3.75510499337837e-06,0.0137179496887383,5
"20160",4.75847631656886e-09,6.79347517319075e-08,1.20496382390413e-10,2.89976377851635e-08,0.00130012303328534,1.68908451026575e-08,1.13041191958524e-07,3.77471505707787e-11,4.02277820511087e-09,0.99869964116279,10
"20162",1.5421349049014e-07,1.47817697948308e-06,5.16229620174608e-10,3.80813569859332e-05,0.198580468121659,6.98159910772801e-10,3.51374466945527e-06,7.06850828999609e-11,1.4344835030184e-07,0.801376159652791,10
"20164",0.000916047723638529,0.000114931814024918,1.30569406570407e-06,0.00139815882350362,0.64836452760868,3.72645934599763e-07,6.7070106591831e-07,3.97927314350184e-07,2.43484294513718e-05,0.349179238632321,5
"20166",4.43112617299109e-05,0.0443779676116538,0.275176341130281,2.1790659447262e-06,8.75019414859056e-06,0.680000805757131,3.96081409136326e-05,2.82621692107061e-06,9.62192015328201e-10,0.0003472096590843,6
"20168",1.61665844131179e-06,0.000146631864890224,6.21753707105191e-05,1.87608426988333e-06,1.16184436667778e-06,0.186371779615043,0.812736729971344,5.70995735708121e-09,1.43183130963925e-08,0.000678008562663942,7
"20170",3.16018229435827e-05,0.00248388109332075,3.05239789115837e-07,0.00592356894762346,0.984623177464107,1.05740609245352e-09,9.12519462239143e-08,2.53894260006848e-07,4.75700239234817e-05,0.00688954920468025,5
"20172",0.00104008790718362,0.516982545936483,0.479503830321891,0.000761859315957315,2.90623768287433e-06,8.13406227623336e-06,1.05653576199617e-09,0.00169973676253883,8.98308772218532e-07,9.06796567693339e-11,2
"20174",4.1367549379661e-06,7.69580234244776e-05,1.57841466804789e-08,0.0664410020340497,0.762396170042325,6.21598041492729e-10,0.14989469039403,3.80683562397313e-11,1.73666851986032e-06,0.0211852896388996,5
"20176",1.16136618279327e-06,1.20463618775721e-05,4.16852201770367e-06,4.76710669279405e-05,6.3568498469419e-07,6.50170804752552e-05,0.999868795663657,1.40927166718998e-10,7.43631050697489e-09,4.96676639024325e-07,7
"20178",5.95349783249895e-09,4.35850552439301e-08,1.27741238217596e-10,1.02439113680114e-08,0.000660201372807591,2.59258951084469e-08,3.90424497364516e-08,8.71209211989901e-11,4.08326196230652e-09,0.999339669578259,10
"20181",2.05125915690217e-05,0.507399341771707,0.324350454185442,1.66002429438422e-06,0.000114941830258694,0.165094151724433,2.4925714616978e-07,2.23542823746634e-05,1.2166297622924e-09,0.00299633311614525,2
"20183",0.00128880104215344,0.0274047402465584,0.000175216230985189,0.95543627085178,0.0139218167258784,1.49461354274155e-09,4.32781400392734e-07,4.12069197888951e-05,0.00173148709225642,2.66145856544646e-08,4
"20186",0.0016032364522982,0.0025446511563373,0.000434994959683875,0.993735823111796,5.87686716918035e-05,1.49869358070561e-08,9.80222732726998e-05,1.73750349462141e-05,0.00150711330685099,4.61871064145835e-11,4
"20188",4.52264151209434e-08,1.37601388504815e-07,3.61697319558161e-10,7.2888185385768e-07,0.0139614430683666,7.94541571207072e-09,1.25630749489394e-07,1.52608177944769e-10,3.49440556436741e-08,0.986037476187449,10
"20190",9.14046657792555e-05,0.0241070585726168,0.974618993606261,1.60907655888386e-06,1.92469666680732e-07,0.00113923716153045,1.02036920964744e-09,4.14984396622129e-05,2.13222221615243e-10,4.77433252873666e-09,3
"20193",3.62034999186394e-05,1.00438666499955e-05,1.49013962697254e-05,1.56698030285763e-06,0.000255704739527439,0.0576954276700128,0.00436206282601759,7.59007778242946e-09,1.07407739183555e-08,0.937624070690449,10
"20195",0.00236403605630691,0.00095676949604979,2.45815897052136e-05,0.00383072981630822,0.902171690350532,7.38981440515643e-07,3.3537543739703e-07,6.7708384227711e-07,2.40190350353739e-06,0.0906480393468736,5
"20197",0.0201884332439189,0.288025594624101,0.690257617520794,0.000728453371778696,3.23069142265044e-06,8.59868200342432e-05,4.59113429373305e-09,0.000710348280344577,3.30424785168924e-07,4.31686781778704e-10,3
"20199",2.3063550534325e-05,3.0111603017308e-05,8.25308783334525e-09,0.000703063531577144,0.844118757688513,9.52064032171432e-10,1.70270917358332e-07,2.70796114999315e-08,2.82130392392209e-05,0.155096584031438,5
"20205",0.000748501940745128,5.28452800255301e-06,2.77639685777741e-05,2.30276077063897e-06,5.24207926150903e-08,1.11473230911266e-07,2.07118518993660e-12,0.962091226265329,0.0371247566132594,2.72212603487647e-11,8
"20208",0.00147896933472939,0.0090625770263967,6.2445399346186e-05,0.18670566732545,0.802191421008226,2.18258950233074e-08,9.34462459794326e-06,4.32974941882651e-07,5.64095011787721e-06,0.000483479530299042,5
"20210",9.14450225079254e-07,5.82904048294181e-06,2.86541309347412e-09,0.000148385041494701,0.522665024918977,6.93702078360341e-10,1.10745839739479e-06,5.70444170045937e-10,4.22883570852565e-07,0.477178312077293,5
"20212",0.000104820134985936,0.000158119153008531,9.36893347491045e-07,0.00196019925828311,0.897421526184933,3.51469896046316e-08,6.87571101014507e-07,6.57267991756075e-08,1.46919364375067e-06,0.100352140736908,5
"20216",8.36219128515466e-05,0.789591153324005,0.209994040437277,6.25571822015783e-05,8.03087248684173e-05,0.000124703242051246,1.67460771602626e-08,6.20734073776921e-05,1.40726304063289e-08,1.51095065934827e-06,2
"20219",0.0158372771610953,0.139195627031491,0.0544301629126248,0.000477230701614845,0.000328914533132324,0.000934683165534185,1.04696039223499e-10,0.780041199991814,0.00875324002045644,1.66437754034269e-06,8
"20223",0.000810958651968325,0.000615496377811086,0.759914352603942,3.95745272819125e-06,1.32691866115363e-10,0.238463392191359,0.000126615677109828,6.51980978366305e-05,2.88092680853911e-08,5.28528183722062e-12,3
"20226",0.984339670841276,0.000570958984768129,0.000488590023539668,0.010262842216387,0.00428430468312613,1.7662890058414e-07,1.01116569407743e-08,3.96793448334109e-05,1.1243210717114e-05,2.52395479510789e-06,1
"20230",2.50513698731425e-05,0.0086164268841481,0.988692841573327,6.74430131475799e-07,1.99187563591605e-08,0.00245145740147301,4.76281669620095e-10,0.000213526735660331,9.23101071437495e-10,2.87248110191692e-10,3
"20233",7.84166190736828e-07,8.91511758110337e-09,2.56108832700602e-10,4.24802522693669e-06,1.61242782240078e-06,1.87941966783403e-10,4.49169320845706e-10,0.000228404716010361,0.999764933112349,7.7440629216812e-09,9
"20235",0.12602746079103,0.0560105390989716,0.748863425063868,0.000468567206487451,3.86904589113154e-08,0.0285734643314731,2.71305737694214e-05,0.0397419611166289,0.000287413050277542,7.70349881270206e-11,3
"20239",0.171564197697878,0.434605026372204,0.350389915640878,0.0245752726408115,1.43211382983336e-05,0.017528786864684,0.00113383423321792,0.000149709402113948,3.88907665887148e-05,4.5243325683927e-08,2
"20254",1.08075734293366e-05,1.67499140975313e-05,0.000412713945035483,9.97842389989625e-09,1.16199408284853e-09,2.58667274564267e-06,7.51161253955349e-15,0.999424430404422,0.000132700341664461,8.17998026027598e-12,8
"20256",0.00021760199941379,0.497731719980339,0.500450003531537,1.80615798301551e-05,2.6703664321215e-08,0.00107640880883699,2.56222881539225e-08,0.000505980775151876,1.70958907620566e-07,4.00309767540949e-11,3
"20262",7.89164232158981e-06,0.000408815485991736,1.67931206490351e-07,0.00217530244684132,0.976805590996504,8.34477215346983e-10,1.24943761527582e-07,1.6578730129061e-08,1.53304736648039e-06,0.0206005560927996,5
"20270",0.000188815391966828,0.0994115505196036,0.72021843703449,0.0061105430426316,0.00385722189781401,0.168202228226003,0.00117302112318986,1.19885274607634e-05,1.24414721619941e-07,0.000826069822119639,3
"20284",0.0232578558388392,0.00531126932135337,0.00230175392410167,0.541407669647939,0.0148635463436468,1.86172131617532e-07,2.3266451332958e-08,0.0850690646931075,0.327788499856273,1.30936157230831e-07,4
"20287",0.000703591694573132,0.000551806816282353,0.949303715202585,4.66006379387721e-08,6.28763062836867e-11,0.049267446157307,1.5414943388547e-09,0.000173391608570088,3.1022098896572e-10,5.4532704139152e-12,3
"20290",0.00478782841254215,0.00016228951381954,0.000394674508175136,0.000123344224633104,0.000283822343640134,2.3105742330187e-07,6.72054547883857e-12,0.971217715577807,0.0230296817357653,4.12619473554465e-07,8
"20293",4.24450202613677e-05,0.987068431113468,0.0116987640450936,0.00096812035594379,5.97778147554267e-05,1.51415096625538e-06,8.33238825425636e-09,0.000156272939315104,4.65622065216422e-06,1.000715628497e-08,2
"20296",0.000202042437584461,0.0707256359485872,0.000151165110408748,0.0333147965977759,0.641732843096042,2.77721405339896e-05,0.0156475402747226,1.85341898061412e-09,7.20563117706151e-08,0.238198130484614,5
