"","V1","V2","V3","V4","V5","V6","V7","V8","V9","best$classification"
"19812",2.4031842913353e-05,0.990282051210194,0.000986893528646494,6.17600227168865e-05,0.00855014708012943,7.80733209649878e-05,2.38838403829313e-22,3.54781938771712e-29,1.70429944349677e-05,2
"19814",5.62789141945592e-08,0.03762306284862,1.84165667528722e-06,3.14364102856158e-11,0.000735576211462372,0.0187771040008397,0.942861683916451,6.68766288725198e-07,6.2893128574615e-09,7
"19816",0.774870701669092,0.224612722114876,4.21150038754567e-08,7.7018077639738e-13,0.000511093774186658,5.84521227292186e-29,1.06344759258706e-34,5.58730529070078e-25,5.44032607108139e-06,1
"19818",0.000169359694603343,0.988734346527434,6.27866524106648e-06,1.02863511321408e-11,0.0109841660813449,7.87740200766328e-08,0.000102388342897825,6.60777732554356e-09,3.37529639514165e-06,2
"19820",0.999808044932402,1.89862041939455e-06,4.8409222112195e-15,5.17725842146151e-07,0.000189538721331404,1.83855814800785e-156,3.39299690616386e-132,2.82168712063064e-55,7.3830054969185e-26,1
"19822",6.51189618251075e-05,5.86823888407453e-11,0.000631735799033057,0.00149210090429143,0.997811044276168,1.46042023426266e-188,1.75676215195556e-160,4.72526629787846e-45,2.71043294808699e-28,5
"19824",0.00441952461105272,1.682555123339e-05,0.0091884085455788,1.1109926091705e-16,0.986375241291182,8.09597106899795e-68,2.43568926133715e-73,2.45560396162085e-19,9.52899742649091e-13,5
"19826",2.30148836127692e-07,0.913865272193393,0.00500246819124801,3.14566297951441e-13,0.0362749253528154,0.00283458438168625,1.51938021272815e-21,6.08577521569337e-19,0.0420225197317062,2
"19828",0.99581854348342,0.00258711600267935,8.72756850269638e-16,6.61519340321592e-06,0.00158772532049599,1.59063226974269e-71,2.97567539122346e-54,2.00123422167042e-29,3.76443223074434e-18,1
"19830",4.84099372572179e-19,0.460118702599456,0.535955999234847,1.93798616685072e-07,0.00340011476242685,0.000465399752316694,3.55609696639529e-21,3.80033654375935e-24,5.95898523365994e-05,3
"19832",1.27711146396711e-05,0.11094504723436,0.451418981198799,0.115395615424468,0.322227585027733,4.1993857601771e-21,5.6841486785233e-54,7.88270126136559e-62,2.93763826752831e-26,3
"19834",0.135480893545994,0.734130703563727,0.000165065414438401,7.17492477169407e-08,0.130223265726593,4.93338859437885e-44,3.56301518486031e-35,2.0021187306454e-25,1.21637763806891e-17,2
"19836",1.51391569490106e-06,0.948298084693428,0.000559396745557867,2.1284722191508e-08,0.0111357373450292,3.81166982884881e-19,1.40486457315229e-46,4.23134712843824e-46,0.0400052460155676,2
"19838",1.46639812955587e-17,0.0125261120511981,0.000663946165468789,4.17082326985023e-09,2.3147246990007e-05,0.986786582565552,2.05865109766037e-07,8.86570719908302e-16,1.93485687109394e-09,6
"19840",0.0894119738009099,0.897165597078684,1.90653202075341e-06,2.33722795852549e-15,0.0134155607355716,1.08306034538283e-27,4.85135239015294e-40,8.70772559375987e-36,4.961852811925e-06,2
"19842",1.61731614943409e-34,5.69713698026308e-07,0.00487303473050505,2.14370103083836e-17,1.2797082802786e-05,0.00163201108873962,1.17160363342019e-33,2.98114728386094e-30,0.993481587384254,9
"19844",5.1801134435305e-26,2.49639423429685e-22,0.000272872402401577,1.24221266435264e-21,2.57651841893794e-05,1.57946754784862e-74,1.9182842642963e-44,0.999701360589425,1.82398419205953e-09,8
"19846",1.83684055668121e-27,4.69838139405596e-05,0.000193793919486764,1.54618162444763e-18,1.91513565276674e-07,0.12240234397889,0.865697742220713,3.48070075874791e-05,0.0116241375458171,7
"19848",2.16164289923556e-23,0.000293322069470733,0.000168254865549315,9.83489002672749e-16,8.26861816075534e-07,0.000218904108549211,0.990592655034578,0.00868165488841907,4.43821716165063e-05,7
"19850",4.09818816489496e-16,0.00549491250731798,0.0262536834387173,3.63153542810531e-17,0.000735734675931191,0.026252834795127,0.941256709966363,5.68257155882167e-06,4.42044984545298e-07,7
"19852",0.0883861357678229,0.909721007473593,2.54515243275171e-05,3.62857894712601e-10,0.00186734987870547,4.95911710195344e-12,3.70568874856806e-13,1.24426084052956e-13,5.49872392582864e-08,2
"19854",1.86647146660108e-22,8.38171002453447e-05,1.16658526793534e-05,4.36603322129285e-14,7.12446638072803e-07,1.91103883819153e-06,0.999866748100708,3.49724143695038e-05,1.7304647783282e-07,7
"19856",1.00126753922675e-20,1.30945688359199e-07,0.996592847207329,2.05426633784155e-17,0.00230157931878322,1.00547072640056e-25,8.83162860189574e-38,0.00110542403795727,1.84902425883408e-08,3
"19858",7.19092058933175e-11,1.40070094159192e-08,0.971808969965195,8.87926456699849e-15,0.0277146484301264,7.11640405348585e-64,3.50916805862891e-42,0.000476367525577628,1.74230932482882e-13,3
"19860",0.115117781634263,0.88020953583078,7.86415738770847e-05,6.82168360751429e-12,0.0045937518050152,2.3573518861892e-07,1.17015489833894e-14,3.5389910516986e-23,5.34140431202798e-08,2
"19862",4.52931020828594e-30,6.34190703087691e-05,0.000301477103609698,5.2377770393287e-17,2.92090919053279e-07,0.952785509077782,2.33072295309172e-13,5.04434847429268e-18,0.0468493026571476,6
"19864",1.09748268737313e-32,1.63080916774116e-21,5.99847066912297e-05,1.42274306722451e-14,7.47401907531083e-05,8.98964980742636e-104,2.32261341726656e-112,3.187346366371e-51,0.999865275102542,9
"19866",0.00481031561158459,0.426666913768056,0.0165754935087007,2.95742782097029e-17,0.55151546154937,5.56566628045177e-55,1.09878630577691e-77,8.51758504825375e-43,0.000431815562289179,5
"19868",1.1571725159761e-39,2.09862263356172e-27,2.8192173141187e-05,0.999971789012492,1.88143672660573e-08,2.06005146048321e-107,5.93236060972123e-108,2.72943682820267e-56,2.79456492363729e-41,4
"19870",4.4963297325432e-14,0.483218460294801,0.000972952925256231,9.34214378725113e-13,0.00403615226868148,0.414676593312918,0.000486651207081157,3.79605422022285e-14,0.0966091899902452,2
"19873",1.51077902955332e-06,0.921199713762775,0.00126443991288385,9.29075822804549e-18,0.0757338517749724,4.13832759386781e-05,4.91201737632063e-10,1.95026770050725e-19,0.00175910000319899,2
"19875",0.953771374595789,0.0457320100620536,4.09356334894517e-10,6.66602107380662e-08,0.000496548272590173,3.96736473330491e-36,5.44115888820182e-49,9.45832582934449e-46,2.81499765476992e-19,1
"19877",1.15499818085281e-07,0.985015034008702,0.00404492329877919,6.57827131753825e-10,0.00558252274411297,0.00229607532387134,0.000190431164030411,1.32881670010719e-09,0.00287089597404191,2
"19879",4.08296068320685e-05,0.969694441157026,0.000237874600255713,1.37353254010866e-07,0.030021268996775,1.72251642342176e-22,1.53331075535121e-21,4.33799874588423e-10,5.44785205755293e-06,2
"19881",8.10228607659416e-12,0.726528544884541,0.112341869296332,1.38989403117784e-15,0.0120334679555153,1.87225980956518e-08,1.04878283473053e-18,2.36846797429881e-14,0.149096099132886,2
"19883",3.83063680454097e-14,0.0615486901081359,0.00793139085256966,3.32509607799644e-17,0.00543808254266959,4.69065423467894e-05,4.92049624878153e-21,4.12979634713367e-22,0.92503492995424,9
"19899",2.68264215198087e-06,0.980255828695917,9.90548218960785e-08,1.50339032413623e-05,0.0197260691780802,1.47945520374698e-29,3.78291935771834e-44,1.03844711983692e-33,2.8652578767113e-07,2
"19908",2.13220997311531e-22,3.63929773139253e-13,0.69191984014023,3.76916007348019e-14,0.308080159858151,1.89228939575823e-95,7.09498517165709e-119,4.84238506604008e-45,1.21706303772497e-12,3
"19910",0.00688231390820084,0.98866728024715,2.17667795199602e-05,3.40800348133824e-10,0.0041909255697521,2.03742972734206e-08,3.85921164159795e-14,3.91453479952157e-13,0.000237692779849259,2
"19912",1.29259790782518e-32,5.33804967968374e-05,0.0225856637976703,3.10474422955539e-18,2.13107993122129e-05,0.00476235568111785,1.01394816887216e-21,9.29294788378905e-19,0.972577289225103,9
"19914",2.30040644655137e-05,0.931665484814872,0.0336506799111438,1.23102940243761e-07,0.0346606739320021,7.35428033319587e-18,1.58866438480327e-25,6.13750365531272e-14,3.41745151991909e-08,2
"19916",5.60302529162842e-10,4.21147380150592e-10,0.415131915865925,2.656506868145e-18,0.584867617934309,5.74828201105201e-103,1.37480553768716e-112,4.29061616877961e-35,4.65218316429904e-07,5
"19918",7.87003584878713e-14,0.117722188279158,0.0115612480740618,2.86748222847802e-19,0.00137132879399446,0.266626035776885,0.231265712028413,0.00478638168344728,0.366667105363962,9
"19920",7.31779842471147e-19,0.000176834607859615,0.000574633769648247,1.30956111877798e-20,9.49982934848999e-05,1.54165857427009e-05,7.70342354793629e-05,0.998966029203489,9.50533042965775e-05,8
"19922",1.05965005380739e-11,1.96594243527031e-07,0.000889820518488817,0.99885992707647,0.000250055800201324,3.41454201530649e-23,1.46179082666707e-44,3.74655961609396e-58,6.99549059687357e-27,4
"19924",5.57398936229668e-07,0.966674818695441,1.12251238291641e-05,9.27277805113229e-10,0.0191797204852568,2.86967143616077e-07,2.50780103263472e-08,0.00929260013464451,0.00484076518946071,2
"19926",7.58982757769546e-08,0.939687227385124,0.000558928846626358,0.00395683562342184,0.0557437750786634,1.60982267295402e-35,3.32129862943722e-69,1.74597223887132e-43,5.3157167889124e-05,2
"19928",1.40618572619831e-56,3.00559498707234e-31,0.0463723451608402,5.39380216467453e-18,3.80551088535846e-11,1.89415017562518e-84,3.06105476186637e-114,3.34585984318445e-50,0.953627654801105,9
"19930",3.35485465544571e-10,0.0438676154350284,4.47510623772284e-05,8.47212166336517e-11,0.000158789779439512,0.955913723391169,2.66198433197928e-06,9.01684680271341e-19,1.2457927447723e-05,6
"19932",1.58768833208795e-17,0.00770384926466829,0.000102826387063254,5.21705637327229e-11,9.76119544717432e-06,0.989337597859137,0.00284491314215443,8.407657830159e-11,1.05201528277937e-06,6
"19934",0.411716257005498,0.470076012959203,0.000338825759320967,4.68788333214309e-07,0.117868435487644,7.3772900907222e-39,1.31270128850529e-35,2.07539538958962e-17,8.47816396037646e-16,2
"19936",2.20422635577029e-07,0.991038315753799,6.2642247319673e-06,0.000140547855672626,0.00881384212063993,3.08095058952655e-07,5.69553105817264e-18,9.69759043443161e-18,5.01527461860598e-07,2
"19938",0.00060783438402091,0.00507886598346536,0.000100857089911605,8.13140633921881e-06,0.994204311136142,1.43556973361738e-95,1.20608990633626e-111,4.16014348212918e-21,1.20741067471402e-13,5
"19940",1.6990601598953e-06,0.883665158586512,0.000114893247785456,1.95191036784214e-12,0.0137024761271428,1.25973060271926e-08,9.22029557550242e-17,5.86987716727125e-14,0.102515760379083,2
"19942",1.49295837553062e-38,1.80496373521683e-17,0.0154265515928625,2.41782316228983e-21,3.8924362399054e-06,4.20829370445371e-61,2.45309813457098e-97,2.99532922217005e-45,0.984569555970898,9
"19944",0.00638361110249527,0.98286783418599,0.00125035399906274,1.99658559813619e-10,0.00816602325229849,6.24240371093385e-13,2.27432550425086e-29,1.13084453317599e-16,0.00133217725987019,2
"19946",0.000128557489945351,0.979265367589756,0.00999525318925275,2.48801832372509e-14,0.0105963435933386,8.290956856548e-08,5.57062206191795e-10,1.81934026582349e-07,1.42127370249915e-05,2
"19948",1.12877310957366e-36,8.07078680555331e-18,0.000469262559887588,1.08186909306163e-24,6.23623479255229e-07,3.27711240200929e-39,5.88574216646218e-67,2.44232379058148e-42,0.999530113816633,9
"19950",2.44518434882177e-28,1.71080470760084e-10,0.000384919190282017,9.61090302602171e-18,6.94869165033012e-07,9.00468695772498e-17,7.85690962782128e-18,0.999614385279581,4.89891858077496e-10,8
"19952",1.12877310957366e-36,8.07078680555331e-18,0.000469262559887588,1.08186909306163e-24,6.23623479255229e-07,3.27711240200929e-39,5.88574216646218e-67,2.44232379058148e-42,0.999530113816633,9
"19954",1.72726886558045e-13,0.0184971538484727,2.48055384996759e-05,7.58615129256802e-12,4.15691187396721e-05,0.979442440479913,0.00193302926233473,9.13415536985011e-13,6.10017433674425e-05,6
"19956",3.27169964606491e-40,2.43089225216396e-09,0.999993761843678,1.16325382222869e-15,4.73617184145149e-06,5.98192761254044e-14,1.58350615442426e-22,2.05376174941241e-11,1.49953299004322e-06,3
"19958",1.31744625598024e-30,1.62486948880111e-23,0.222398700972314,0.777601298831399,1.96286727416185e-10,2.16631627810051e-59,6.88424195984387e-71,3.94762361428283e-56,8.04844238745714e-44,4
"19962",4.36280334105526e-09,0.0430023697751533,0.850363989377799,1.05189707505221e-11,0.106633525951788,7.80832185654128e-18,1.30398234159689e-27,1.10501862557246e-07,2.00745393574786e-11,3
"19964",1.33990729684928e-08,0.797306408800497,0.000453291275531688,1.97636859319373e-08,0.0298310900964797,1.34896999915887e-18,2.1350798704015e-17,2.38238074346353e-11,0.172409176640909,2
"19966",0.000847503111614035,0.00588021499355723,1.28703467390135e-05,2.68601480379829e-08,0.993255467445751,2.29798993610802e-122,3.25843106775934e-132,4.86884017308702e-54,3.917242190579e-06,5
"19969",9.66930313590855e-14,0.684337816701658,0.0899008972330918,3.99420746827384e-17,0.0216556993014659,0.00938480709230663,4.83965238641209e-22,5.89874231467187e-30,0.194720779671381,2
"19972",1.25731907203143e-20,0.00155293456923702,0.00030224054356655,6.15368220213532e-16,0.00116442977308132,5.53909915496014e-08,1.73153322426245e-09,9.09313782196777e-09,0.996980328898452,9
"19974",4.20301027980851e-39,5.31281883860175e-10,0.00104588388233247,1.70062049835049e-23,3.90212406845431e-08,1.78685653041159e-05,0.00988645532585706,0.0176327190739843,0.9714170336,9
"19976",2.47663485997587e-07,0.984891699558455,0.000948606542786289,2.39898334281956e-14,0.0125132885224176,1.36383479311216e-06,2.62188237866958e-05,7.20867732036928e-06,0.00161136637693063,2
"19978",0.178081829131157,0.817212277965229,4.06489682121034e-07,4.27513457798565e-13,0.00429671525973474,1.2788526185158e-16,2.75989650675297e-17,3.98580568033178e-16,0.000408771153768764,2
"19980",2.69831124331469e-24,3.37295858780445e-05,2.33121637236845e-05,5.4240797189539e-16,2.59169551510961e-07,0.000303534962151935,0.995380518016455,0.00425785337911655,7.92723123133804e-07,7
"19982",9.31142317762937e-17,0.00117740287805657,2.14937735417333e-05,3.1156443813407e-08,0.0716374808803653,2.70829136355121e-15,4.02361143395134e-06,0.927159215224971,3.52475184639552e-07,8
"19984",4.73965412492637e-21,2.22140445203337e-10,0.0210390452060357,4.18392224689545e-20,0.000121564713430246,4.24703897333863e-30,2.08797884534366e-34,0.978838990769298,3.99089095752969e-07,8
"19986",0.966358641055189,0.0168797910066995,9.74026614748828e-07,6.67579813848339e-07,0.0167599263316827,1.6761223714226e-117,4.99734725591724e-137,4.44035168477412e-53,1.01781157521014e-18,1
"19988",0.999451491904528,9.68126673150184e-07,3.87384401535108e-13,1.25599207026119e-05,0.000534980047708475,1.98601400949133e-173,5.18933283595944e-150,3.63910440046632e-63,4.98887883782357e-31,1
"19992",0.999721322824973,7.97672383081135e-05,1.21996313097438e-09,1.03004890330398e-08,0.000198898416267062,7.80891913875929e-110,1.16347208907942e-111,6.07392743476972e-38,3.35074381328786e-30,1
"19994",1.117602215135e-09,0.0443499847902957,2.08518733862422e-05,1.07682480388874e-07,0.000126810596860098,0.955488021005741,7.99228939111786e-09,4.3700664985083e-20,1.42149413451904e-05,6
"19996",0.997712978056517,0.00221808409348026,3.4083493343367e-14,6.85657293645877e-08,6.88692842396483e-05,1.314958153093e-94,8.59607262334975e-87,7.60731057450386e-33,9.65822470559913e-24,1
"19998",2.33033889363497e-17,0.000191934890937993,0.974877409430984,3.83265169756482e-21,0.0241557759176556,8.38980249937756e-33,6.97468442930287e-55,1.46523146905951e-23,0.000774879760422678,3
"20000",1.38704130447824e-32,5.51667054385748e-05,0.999930875274233,1.24860106325725e-05,1.47194037456149e-06,6.73484604168272e-13,1.73905503194515e-46,3.07926524448124e-40,6.86475295000674e-11,3
"20003",2.12698193086589e-08,0.991729127375803,0.00332935571390559,2.40522091574398e-06,0.00395612786347415,5.11761458569498e-06,1.08289101428231e-29,2.30514751971908e-37,0.000977844941496914,2
"20005",1.6574319913049e-26,0.000227429898208451,0.000370257449028592,6.40801910642817e-17,5.11062229033574e-06,1.64765459019472e-06,0.951235892217245,0.0461335823952189,0.00202607976341806,7
"20007",0.000617958613253862,0.98392558554664,1.01240383843025e-05,2.06450182203714e-10,0.0154463315867243,2.4286214352283e-27,3.32652178006542e-23,2.50692902089588e-23,8.54776555939713e-12,2
"20009",2.77307684098112e-06,1.08439456416953e-05,0.285368417140669,3.05448234448752e-11,0.714617965800593,1.26197360820437e-96,1.31199139319395e-104,6.96222960362348e-23,5.71009893495874e-12,5
"20011",2.20821712213105e-13,0.420909552847935,0.000481581066956058,7.63754647584585e-14,0.0841860245618977,2.63480710712465e-07,6.61441529852049e-12,5.18850362670106e-09,0.494422572847085,9
"20013",7.3783559334465e-11,0.670156946805363,0.0087620426378664,5.3813530790628e-12,0.0101011261076498,0.0268139103653523,0.076450326342215,0.207664310751097,5.13369112916632e-05,2
"20016",0.0152332587134978,3.92187975888492e-06,0.00162844696372217,7.82295979455005e-08,0.983134294213423,4.14605519953297e-141,2.52975441212017e-128,2.50175653691371e-36,1.34731410650746e-23,5
"20018",1.11897314249133e-11,7.27319862928899e-34,0.000130769982933593,0.999778325807558,9.09041983183897e-05,2.98783183401668e-245,9.45128272364674e-262,5.2672588938486e-128,3.35521224657327e-68,4
"20021",0.86317008652071,0.131377583030294,1.08703476136177e-06,1.23202711726816e-07,0.00545112021149908,8.11724032046585e-31,2.59759934360494e-46,1.60183096904143e-52,2.41451936698593e-14,1
"20023",0.0104359633187653,0.970862136526186,0.00447485686896162,1.86972865016136e-07,0.014226853018232,2.71012154943573e-22,1.05732462953474e-39,4.37647328658916e-14,3.29494622364322e-09,2
"20025",3.55727106635661e-05,2.62614189360653e-14,5.25636965237905e-07,0.0256739025164049,0.97428999913594,1.58901830203176e-141,7.58892502704461e-151,2.25002810174219e-110,6.18098126095891e-49,5
"20027",2.7124764842982e-22,0.0155017776987332,0.00122388346628476,2.57487964710245e-12,0.000951559618856696,0.00161646745733333,3.66535888698024e-31,2.83348019224884e-31,0.980706311756217,9
"20029",7.63009920133881e-21,0.0109151928905541,0.0300465460385516,6.51395941583343e-21,0.00170815554217375,0.00280250258023799,1.49991273298532e-11,3.99777928812103e-15,0.954527602933479,9
"20032",2.95381852232982e-19,0.00782912313067912,0.000204753268090309,8.05755000431427e-10,1.28123685852873e-05,0.988666327536024,6.85526293776932e-16,4.15930742325114e-24,0.00328698289086599,6
"20034",4.20964744664753e-31,2.30932124374256e-12,0.000879147918746736,1.2054688049843e-18,5.74237281705589e-06,6.86048402111913e-27,4.11893602787168e-65,5.01635660585261e-45,0.999115109706127,9
"20036",1.31432519765182e-13,0.0015126640874934,0.880054417680055,2.20036515606004e-16,0.118432917930203,4.79042014394949e-22,2.00428403446771e-31,6.13126319329277e-12,2.95985326895186e-10,3
"20038",0.949991925058785,0.047268014015412,2.32047872679501e-11,0.00162933324622658,0.00111072765637175,3.52758078633014e-80,1.78491451834464e-93,1.38562675629058e-59,8.07980700360348e-20,1
"20040",8.17496305878067e-07,6.87532660873676e-14,0.0575486645825044,2.47418717894971e-06,0.942448043733942,1.33257068020191e-165,3.35906682932917e-182,1.98779075702496e-55,2.67125968187298e-22,5
"20043",0.985328392895121,0.0101207230745965,3.31248456747176e-10,6.84276575373572e-07,0.00455019942245893,1.40798543517541e-40,8.52016645410752e-47,1.55308743508222e-35,4.31831591946875e-24,1
"20045",0.985623252247024,9.69917674224948e-10,1.06871609916774e-09,0.000936436319429876,0.0134403093949128,1.68926416917955e-170,5.13865057353045e-147,8.7790995300815e-48,8.69582765031816e-41,1
"20048",8.99122505130123e-33,1.73635328239915e-19,0.00182032935099739,2.46662949653412e-19,8.72557479707253e-08,1.66701753589872e-50,1.37312092187363e-13,0.998179583391114,2.00359571900294e-12,8
"20051",0.00120739828980385,0.124628385738412,0.0285149514745538,8.2469932712417e-09,0.845649256250235,2.04853625626301e-19,1.87411535834812e-15,2.7224910639187e-21,8.60187752511145e-26,5
"20053",0.00451569690036065,0.863817281501872,0.0101310470814225,2.56126852070186e-14,0.121535945062828,2.85100101418525e-28,2.22286692708003e-57,1.04537068473735e-13,2.94533861945559e-08,2
"20055",0.00431987431048468,0.32102891196354,5.72586548653453e-10,0.233902173284308,0.440749039869078,4.05855157748225e-70,2.9881762479658e-92,4.54093072513941e-74,2.51819981569701e-15,5
"20057",4.52208876645141e-68,2.47880296125486e-46,0.545047349479051,0.454952650520949,1.24907187241031e-22,2.4708513869798e-117,9.0521974482819e-123,1.86488350343469e-71,5.69228009092403e-41,3
"20059",0.00107265868185618,0.776839709835799,0.0144231713837553,2.04110371930005e-05,0.207644047348871,5.83611333938387e-40,3.30721019603731e-64,1.69584121294507e-28,1.7125255625866e-09,2
"20061",0.00161641531615416,0.982325499728075,0.000417297572268405,5.87347030898866e-12,0.0156407796353944,1.42897705664289e-25,1.20202150135846e-31,1.22050114065623e-30,7.74223428966383e-09,2
"20063",7.33384968345122e-22,2.37583578085253e-31,0.997640497178157,2.07067772727788e-18,0.00235950282175875,7.89108390888784e-147,8.25352716435288e-120,8.42231827141815e-14,1.30096255827171e-22,3
"20065",0.00841495733470351,4.29871178352527e-11,6.59328034024224e-10,0.983502845879938,0.00808219608304392,1.31928489435674e-138,1.7264109752721e-161,9.13691318665553e-123,8.03105557785933e-53,4
"20067",0.877313717616166,0.000427740021779452,0.000238939241251517,8.79501617346403e-06,0.12201080810463,3.81257839386003e-70,3.82545025831438e-78,5.39090953310686e-17,3.7002648546379e-32,1
"20069",4.19661526158639e-22,0.000168528549695595,0.000116540988470571,3.3811955144474e-14,5.94114631820923e-06,0.000270761675520246,0.682770542393589,0.316667249740017,4.35506355173116e-07,7
"20071",2.61986115944616e-11,0.0146971832388832,0.16142241979229,9.0902551088523e-13,0.823879507899634,5.4387420237989e-53,1.13247257549943e-62,9.5619442770317e-33,8.89042085022063e-07,5
"20073",4.88358225145887e-14,0.000937381290801364,0.0647012710373615,2.83658558505254e-19,0.00266472196935077,1.50639260837765e-09,4.40278754431812e-13,0.931093668273786,0.000602955921818627,8
"20075",1.86841802838579e-34,3.95009973985034e-21,0.00273205964923737,0.997267937762001,2.58876127006644e-09,1.39207388211263e-89,3.64836760554544e-107,1.66008421809197e-75,4.14119152363566e-43,4
"20077",0.800399401124032,0.198582675954706,1.4503910186701e-05,1.22627447641751e-14,0.00100341898608529,1.95954123720296e-39,1.14053693546271e-41,1.67160137960056e-13,2.48103899916119e-11,1
"20079",1.15086035108792e-08,3.62603292355673e-08,0.342822316138668,4.70727305235982e-18,0.657177636092188,2.59799267169341e-46,1.23147454058839e-31,2.11043064200019e-13,2.07125573446076e-23,5
"20081",0.598997841096425,0.01426658356679,8.46110116139121e-14,0.361468585511066,0.0252669898256348,5.22113121559961e-55,9.26785015999329e-52,7.12767320903817e-31,7.63512184870727e-26,1
"20083",4.49015961987085e-25,1.03082148783613e-12,0.9993154974781,9.95597799404429e-16,0.000684502061766098,7.30387323249624e-65,7.46900148667064e-64,4.39164559731993e-10,1.99375878946265e-11,3
"20085",0.999178436648737,3.59772253392971e-07,5.70601332868745e-11,9.35824469543812e-05,0.000727621074995282,9.59662678911103e-158,4.66881526086035e-153,2.01669123223255e-73,1.37698936754729e-36,1
"20088",0.962071749560708,0.0359176007857533,3.10590347838267e-06,1.21278786700214e-06,0.00200633096219322,2.02637746191143e-58,2.0782228423783e-63,2.64140169612733e-38,7.97563617063512e-24,1
"20091",9.87791114637071e-11,9.6789388002988e-12,7.90421326209396e-05,0.999289906781344,0.000631050977576979,2.26720451210915e-92,1.85466140878455e-83,2.56882690366714e-48,5.0218124207675e-41,4
"20095",8.86080664009507e-17,1.90769274168466e-09,1.06396385896566e-06,8.80814578053397e-12,0.999671520226468,5.79037066662221e-64,6.14794123614354e-75,4.9223648093079e-10,0.000327413400935785,5
"20097",0.997755967089435,5.42042209497388e-07,1.1304352399083e-11,0.00143896977832007,0.000804521078730638,5.01197534067241e-156,4.89203776844158e-145,2.08233689658769e-76,2.64465899748933e-41,1
"20099",2.53605407167294e-05,2.68761967144789e-07,3.43261719907534e-07,1.06442436655029e-21,0.998975807294115,1.27260360383335e-85,3.02117903829762e-72,8.00913403971387e-20,0.000998220141480655,5
"20102",3.44643808553537e-20,2.92870566706661e-15,0.999495070803056,5.3015995445452e-06,0.000499627596841519,1.20780615137569e-70,1.06376789320682e-44,5.55360306739524e-13,1.05757712455321e-32,3
"20105",0.914118342271506,0.00184329616079317,6.73254997296171e-08,2.0099602343906e-12,0.0840382942401915,4.49734845310163e-59,6.14264161852873e-32,5.76325694214268e-25,1.13328131438985e-23,1
"20107",0.51865341113543,0.481079249889301,1.83360098839174e-10,1.67424723845151e-08,0.000267322048599509,1.07579619210691e-67,4.34982428856291e-66,5.26483964605488e-30,8.36805246399128e-13,1
"20109",0.00446120817945921,0.000420159764515219,0.000627183703649762,6.5492470330524e-18,0.994475751443073,4.6346239712227e-41,3.55773806269e-42,1.55738697505964e-05,1.23039552525908e-07,5
"20111",4.87636388091587e-34,1.28985804172438e-14,0.0204849474182275,0.979515051410268,1.17149164925976e-09,3.98473215091543e-25,3.59333893868753e-34,2.05952108207925e-36,1.46595562647014e-24,4
"20113",0.00279316694727694,0.880466334259882,3.51314479377734e-07,8.77715587633061e-11,0.116703122281252,7.56401897150514e-54,3.20408264513341e-77,2.76343072827551e-46,3.70251093375942e-05,2
"20115",3.39479245786129e-24,0.00221642253196599,0.987973788649468,7.83422287294709e-07,5.39560858795358e-05,0.00975133875623672,2.68012253789154e-25,1.31126228263787e-39,3.71055416241607e-06,3
"20117",1.95694999679511e-24,4.32370079609267e-20,5.59348912507781e-08,0.999926016224636,7.39278371969581e-05,5.12696900415576e-146,9.22660957633665e-182,4.03843904130822e-79,3.27585747859081e-12,4
"20119",0.00746765392372993,0.00251081741409659,0.000713602651871301,7.25227020234846e-13,0.989297803949983,2.34198254663914e-99,2.6385318502024e-133,3.880342568053e-65,1.0122059593869e-05,5
"20121",0.663834381662352,0.334794547369015,1.77346965089292e-07,1.53170559965187e-06,0.00136936191606565,6.21457185028729e-78,1.74624974205978e-100,9.33571316217605e-40,2.55925364688372e-15,1
"20123",2.52585305012895e-12,4.02771099392343e-12,0.00517350370591928,0.994596842365565,0.000229653921962037,4.96631036822207e-104,5.88848758186357e-130,8.50969496776667e-85,8.43582084174123e-48,4
"20125",3.10602448470385e-15,0.0215592669950485,0.00394899244957918,1.02646106730619e-11,0.000143134326496294,0.652681967002748,0.321660738126561,4.9624501023567e-06,9.38639197033684e-07,6
"20127",0.995039907623879,4.67079990918778e-09,4.47716155567092e-15,4.63077852136562e-07,0.00495962462746424,8.61587812143879e-139,6.81538269016891e-100,5.3482004723797e-36,5.21054453715762e-31,1
"20140",1.02550662305403e-07,0.329205565095561,4.57564427932637e-08,0.136705685130843,0.534088601461971,1.46333669120281e-50,8.378936697548e-86,1.89832312637241e-55,4.51931684738450e-12,5
"20142",5.02715860364862e-27,7.73845989131121e-09,0.00192733567031526,7.57647067821263e-17,1.90238514996722e-06,1.38361578327628e-12,0.00213008258817516,0.99594066765363,3.96288594950154e-09,8
"20144",6.1158395977084e-25,0.00767365591651364,0.991498358732497,0.000767589212413781,3.96704795955132e-05,2.07256241833456e-05,5.87012361292361e-19,7.4615209055549e-20,3.47963239102146e-11,3
"20146",8.69361485518234e-15,0.00205426506297551,0.871613207259642,1.69109725488538e-13,0.126332520800212,2.43206356526906e-13,6.23380975102145e-16,6.87674710015669e-09,7.06453384898395e-16,3
"20148",1.77509146573714e-06,0.934848607142626,0.00573241547910217,1.33357760049741e-11,0.0172120825866542,0.0422051171882077,1.34189905661199e-13,7.14184436506022e-23,2.49847404038523e-09,2
"20150",5.78734191185743e-33,3.80049637403968e-07,5.57375706044784e-05,2.4209681653478e-20,2.07666705432079e-08,0.00615069478028265,0.990059338202806,0.000348057405289572,0.00338577122470951,7
"20152",7.51254387652033e-06,0.984538450019353,0.00440477563111089,4.46320534461695e-09,0.00868826979010374,0.00235277683682271,3.88519223244013e-13,1.37382025096003e-14,8.2107151256932e-06,2
"20154",2.24854472947331e-06,2.49287674195921e-16,5.67019614510493e-05,0.977224252943992,0.0227167965498278,1.22360933716609e-133,1.04871057852225e-110,1.07702391360849e-48,7.08280263744497e-61,4
"20156",4.30316122810856e-06,0.300172846499954,0.00104110193455078,3.22699603520947e-07,0.698781425077996,1.42734513605852e-41,1.19023760838617e-37,3.72317087852244e-10,2.54350762528064e-10,5
"20159",3.87552896582995e-23,8.10641338291768e-05,0.00247292688437787,7.26403392587532e-14,4.60851802368325e-05,9.97835338140036e-12,4.48110940133205e-09,0.997399916684476,2.625919822424e-09,8
"20161",2.39341796014014e-20,9.92155683009718e-09,0.997502925198059,2.3616165514394e-17,0.00109145202659413,7.85139736854441e-31,2.44072100380977e-26,0.00140561265260039,2.01189812204627e-10,3
"20163",6.50802355439945e-07,0.506944385632906,9.58771343740937e-05,9.01406191188016e-05,0.492868944804808,9.05324309813443e-12,1.71680896090075e-41,1.94002825431339e-53,9.97384368723332e-10,2
"20165",5.19066004182367e-07,7.61289392160001e-10,0.000352239145665962,8.47240458878038e-16,0.95611902752642,7.71805685059519e-59,3.13990038249056e-36,0.0435282135006197,2.66288438795323e-18,5
"20167",4.9146299314954e-07,0.0682367149158365,1.3958297733925e-05,1.08632142536487e-14,0.0012401141019556,0.0235038246126652,0.907004359514211,1.07094057555392e-07,4.3000053640699e-07,7
"20169",3.33538835542687e-31,2.93650461707902e-15,0.00078519103456249,5.17599261166493e-19,1.16921627681476e-07,8.83563118727313e-32,9.75636808558785e-10,0.999214691043756,2.44136365274923e-11,8
"20171",5.31346959234527e-09,1.50208333070161e-23,8.5795167420784e-06,0.983464562175722,0.0165268529940661,4.55538929793595e-174,1.68120750379592e-139,1.8805547630069e-54,5.20968844480234e-70,4
"20173",1.05194921776749e-18,4.24034248062762e-20,0.992460117648832,5.74802808618731e-26,0.00753977618868616,8.43862296537497e-93,2.28434708108104e-83,4.21280588986209e-19,1.06162481631962e-07,3
"20175",7.8262951427749e-11,0.979183398868867,5.61523707932201e-05,1.83010607275335e-09,0.00848793844186989,0.00112349572137744,0.00302852088057295,6.70130200065359e-08,0.00812042479513024,2
"20177",1.97650582871857e-06,3.95419135376897e-05,6.65011658544725e-09,1.17810042614277e-11,0.97988083494678,1.87733578286088e-68,5.52993186740528e-90,6.40786926750357e-22,0.0200776399719564,5
"20180",0.992333602122333,0.0020342643118751,2.57886891391813e-09,0.000489373385611367,0.00514275760131157,4.97300881336715e-90,6.88958506263248e-134,1.28257421139078e-92,6.69495019811978e-20,1
"20182",1.70291679271726e-73,1.25469476972006e-39,0.9999999992781,1.1388240835252e-10,1.02455949666491e-18,1.67913315952262e-66,6.79659392857724e-46,1.55668056663668e-14,6.08001825509666e-10,3
"20184",1.85427479775583e-15,0.00055339021822367,0.00188808871161448,4.46954344178797e-15,0.000437476988614428,1.81106249825831e-10,1.59485921999333e-10,0.997113979305355,7.06443559377054e-06,8
"20187",1.14063175268838e-16,8.28042093286027e-08,0.440825347592298,5.89319874848539e-23,0.293660264565715,1.03072798886215e-42,7.46574737508144e-62,1.01766874355628e-17,0.265514305037778,3
"20189",0.135162497095147,0.702885161763766,0.000263009116202391,1.31924820206023e-15,0.159766921568664,4.81201381965504e-30,7.36750522170752e-40,1.13298709380773e-36,0.00192241045621991,2
"20192",1.93827266153048e-10,3.86461424345486e-13,0.552601038208414,8.27804037734104e-05,0.447316181193599,5.93916405321013e-78,4.44408906483829e-128,5.81916306924765e-95,2.15067683063828e-25,3
"20194",4.33835504105728e-31,1.16301119579229e-09,0.978106156369321,5.02383431322179e-26,0.00104964972234096,1.92736745982814e-21,2.71346987722657e-28,4.50987140302571e-07,0.0208437417581869,3
"20196",0.319269802811729,1.02808456388331e-08,2.20115551053265e-07,0.268852626588764,0.41187734020311,9.80224954098017e-125,7.51712292784442e-117,1.82066387793194e-63,1.13953752639742e-36,5
"20198",3.10296122739375e-06,0.965519895217001,0.00275605232665608,2.02812120406279e-05,0.031700660365388,6.24567875244714e-14,4.70929073426963e-29,3.45158183502046e-18,7.91762461765885e-09,2
"20204",3.12486162606636e-23,3.85796445089702e-05,0.00046104763088977,5.67010316357719e-13,3.0552165062353e-07,0.00102569531048073,0.998257812798764,0.000216458750887414,1.00342252004708e-07,7
"20207",0.519177142618954,4.42168595752049e-05,1.98066861658424e-08,0.102320042410896,0.378458578303889,4.00882045542966e-107,8.63956841114289e-79,1.10889556752663e-23,5.3795082432712e-34,1
"20209",2.62652662995135e-30,6.05160521437452e-06,0.0219326414582558,0.978059404561805,1.11749289911165e-06,3.58920935652905e-30,4.08995606934139e-84,1.22865125331051e-70,7.8488182598508e-07,4
"20211",1.64823953373174e-08,1.23066270649704e-10,7.92981145241894e-05,0.994976570639635,0.00494411464037955,3.2042314792604e-78,6.61210233429558e-86,6.06769891993708e-67,2.05692464398238e-56,4
"20215",0.864241550419532,0.106628145919631,7.46330360126199e-05,2.11995391608318e-13,0.0290556706246119,2.01999766729269e-49,4.5341838674732e-50,1.48248452096433e-35,4.70813967779204e-20,1
"20218",6.85466453058801e-25,2.83526442281401e-07,0.000662412061718594,3.26970134867101e-16,2.2531228621383e-06,9.79433731794791e-09,0.465982165255265,0.533352842217881,3.40214925126525e-08,8
"20222",0.125395808025874,0.000113034444820678,8.24146387206581e-12,0.0114120931053605,0.863079064415703,1.49566368563933e-65,2.15132811634855e-47,2.50571355412792e-30,2.71159868884129e-35,5
"20225",2.20756408583357e-23,0.00507251879959735,0.937334680144711,2.85088360384851e-08,0.0575910911102386,1.68115768265803e-06,9.5655844521373e-22,5.64472711313771e-19,2.78934245380006e-10,3
"20229",1.04584484670956e-14,0.00631040878416606,0.873219976079308,3.45729534097989e-09,0.12046961167922,9.85222401113704e-36,8.99030757735138e-63,1.13018596025439e-42,2.23730809420021e-16,3
"20232",0.00161329841850828,0.950861896879442,1.68702707283637e-10,0.000846478687589218,0.0466783258338544,3.87466330899607e-34,1.58723227576667e-45,8.67942699512544e-30,1.19031503855403e-11,2
"20234",0.0183067906363854,2.73746315413769e-20,9.38116296539846e-14,0.950444532931377,0.0312486764321439,3.91428789751789e-221,4.32613904280563e-223,9.28776928869573e-118,4.9605413861438e-43,4
"20238",0.374924773369853,0.492223141723423,2.15013280071634e-06,8.79155741380991e-08,0.132849846858349,2.59306844689716e-71,7.29698300630037e-65,7.11204672721068e-33,9.19645666101637e-20,2
"20253",0.995320120097369,0.000497424548560918,7.92663616458201e-07,2.26748511732367e-11,0.00418166266777843,1.00389807294666e-107,9.5631362024861e-93,2.50529097632966e-41,2.66015815757506e-23,1
"20255",1.0393343477216e-12,0.0920700558744485,0.000469048490817952,3.34092938170786e-06,0.00045132856167867,0.907006180807179,4.4907440447462e-08,4.28377543926672e-18,4.2801454216925e-10,6
"20258",0.998897471165525,0.000750043930906163,1.22448928086765e-13,1.83902348765463e-07,0.000352301001097975,4.74503000540391e-78,2.69532293910571e-72,7.1711572123428e-51,3.03133745498647e-19,1
"20269",0.4895887473086,0.0094373015860359,2.22247855573933e-06,1.28546880139933e-11,0.500971728589861,2.43238541669886e-47,5.30013369103194e-23,1.56710601164459e-11,8.42138327739062e-12,5
"20271",0.554949943675035,2.94701066917432e-05,1.27691971240229e-11,1.21488446640059e-09,0.445020562681591,4.50191116972881e-101,2.82011851095323e-103,3.59924089496544e-64,2.23090288256877e-08,1
"20285",3.67610484498741e-22,1.56932519961487e-05,0.008520763727065,3.60274566622271e-12,0.0557571895071603,1.04336381233728e-41,6.66460010688591e-60,1.14045370060096e-16,0.935706353510176,9
"20288",0.0778424981216573,0.903256615713812,6.34102863577459e-10,6.70977115121159e-09,0.018900878820655,7.36002958135066e-54,6.10140338842423e-43,8.31576808891464e-29,1.96601700747759e-15,2
"20291",0.00277774965299357,2.42305838518614e-05,4.54851298916868e-07,0.757134674680141,0.240062890231715,8.74017191077129e-118,4.68494647229022e-107,6.85982469821862e-43,1.39271749337768e-24,4
"20295",1.27745255983082e-07,3.14191933535875e-07,0.0435940350971644,4.83162925358916e-18,0.956405519817813,1.51159011803397e-43,2.87245106663829e-48,1.81867533734565e-32,3.14783297204768e-09,5
"20298",4.84332340111511e-20,0.0025827730341983,0.000118228599699661,3.85241579316835e-13,3.31738051747464e-06,0.997270838460802,1.21584169222034e-09,1.17223410648806e-13,2.48413084380621e-05,6
"20302",3.0948204965924e-17,0.00679992726490017,0.143892548752984,1.2354622874314e-13,0.00117366779898261,2.17592898196715e-08,1.51254532069436e-14,0.836196796644691,0.0119370377790134,8
"20305",5.52846900165225e-23,0.00163511516539881,0.000209075191295516,1.49728723233958e-14,4.59837018924607e-06,0.997135095452463,3.40583294015832e-20,1.63009735978783e-25,0.00101611582063888,6
"20307",0.957883101625465,0.0414111191182464,2.01545645278217e-10,0.00015893185900252,0.000546847195740926,4.88065182885412e-99,1.66654447968971e-86,4.47196297045022e-37,4.38688914699323e-22,1
"20310",0.936953179394906,3.15155910357618e-14,1.15724592312431e-14,5.39247422096332e-06,0.0630414281308296,7.511583563745e-187,2.72524266252576e-170,3.574145854055e-79,5.30964611783807e-38,1
"20313",1.57182032192885e-37,7.25091725901636e-14,0.000721278224426878,4.31925689332911e-22,4.47425847491646e-08,2.28165122505626e-18,1.73890977054954e-24,0.999272082994589,6.59403832700992e-06,8
"20315",0.949353018524684,0.0481074352567889,1.19938321869067e-17,2.4267725637727e-06,0.00253711941363166,2.37024374899557e-91,1.62487065499949e-75,7.7382503296312e-38,3.23315179859801e-11,1
"20319",0.000924871085913654,9.15756559782206e-09,0.00268770322803612,0.160061526293175,0.83632589023531,7.51214061440119e-106,2.77679640639724e-124,6.25136332310296e-78,2.41271635417929e-46,5
"20321",0.997570471508293,1.04827439809532e-05,3.63725394928816e-08,2.84681840401126e-15,0.00241900937518328,6.01451686134837e-94,3.2091236762614e-75,5.21202812991366e-39,3.32610076384749e-26,1
"20327",0.997827806933117,0.000530725817512739,7.159578626528e-13,6.7873940542703e-11,0.00164146717968305,1.70907834840297e-92,1.60264287828809e-88,6.5185535564556e-44,1.09730180674531e-12,1
"20329",1.1599913234612e-38,3.94823661919393e-14,0.00964437830708524,1.97131963368474e-26,4.64611401008219e-06,7.74770376940243e-25,1.12623597963254e-48,1.13657092769023e-16,0.990350975578865,9
"20335",0.927682550224802,5.00503120065497e-08,2.44612241799693e-09,0.0371646210291788,0.0351527762495844,7.21859991219203e-121,2.12239455183751e-104,1.79245196343637e-44,5.03268392739167e-46,1
"20337",1.26837408384048e-20,0.000617163535882205,0.000606113362187779,5.39796426507955e-13,2.61557411701915e-05,6.09247293436776e-07,0.00460144530012464,0.994148496537973,1.62748286220516e-08,8
"20339",5.51087858377873e-21,2.1438943686351e-09,0.996681990266338,0.00138468886166683,0.00193331872810111,1.56228283513883e-56,9.72781474252802e-120,5.45955491186119e-86,9.02094273434279e-30,3
"20341",4.13222030527938e-09,9.80870112433574e-14,0.00051801048279638,0.957717298296586,0.0417646870882997,3.4057620896632e-129,7.61830352854594e-106,9.08333797838736e-28,8.76751829718832e-42,4
"20343",0.0966102745363676,2.66514990126006e-10,0.00217850887337872,7.89688993790776e-07,0.901210426634745,6.55987196594729e-127,4.00823506658963e-123,2.15380379221411e-28,7.16944556051437e-37,5
"20345",4.12880754220557e-12,0.745248567376273,0.00852462368602741,1.7415483823749e-08,0.00352561335372024,4.0316845609714e-09,4.1269687343807e-38,5.29802100286326e-38,0.242701174132682,2
"20350",1.89110948471502e-14,5.07644120887703e-08,1.15306928646002e-07,6.21400538474914e-05,0.999937693874792,4.45797649221182e-61,3.52908161013084e-79,1.64627926552327e-26,5.69881986373148e-16,5
"20352",2.23480284712559e-25,2.79541682939751e-13,0.000685277792178247,5.859705423679e-20,1.07344635611662e-06,2.25550844323336e-27,3.84742225273065e-11,0.999313648720714,1.99800791237305e-12,8
"20355",1.90838165586235e-16,8.22065535587267e-06,0.982018447618112,5.47278814335015e-12,0.00353134657541874,1.74818102174673e-26,3.6411919465464e-36,0.0144419823693585,2.77628169472688e-09,3
