"","V1","V2","V3","V4","best$classification"
"19812",0.0361602108971994,0.00128861463058367,0.962537321663537,1.38528086799817e-05,3
"19814",0.0060456687290104,8.60452574769658e-05,0.986080292731444,0.00778799328206817,3
"19816",0.965790761823905,1.76756359997523e-05,0.0341824825605569,9.0799795383271e-06,1
"19818",0.0802986833214186,0.000154292552509401,0.895552859304014,0.0239941648220576,3
"19820",0.999879647536021,0.00011606394461321,4.25906740757644e-06,2.94519586270167e-08,1
"19822",0.947250154920621,0.0526821107790199,5.68373137736792e-05,1.08969865849706e-05,1
"19824",0.992885631748227,0.000119633626868965,0.00268664011237268,0.00430809451253126,1
"19826",0.0390362431281297,3.22897236636668e-05,0.960754971065208,0.000176496082998312,3
"19828",0.997975526426483,0.000523465944343871,0.00148937622616338,1.16314030099949e-05,1
"19830",0.000651327907872685,0.00100559600317764,0.997881282409326,0.000461793679623235,3
"19832",0.188046808935763,0.549761103289371,0.262179818378895,1.22693959711629e-05,2
"19834",0.890734249484406,0.0182160116918084,0.0906139774636365,0.000435761360149559,1
"19836",0.242867092477199,0.000338802255169045,0.756774074699052,2.00305685793974e-05,3
"19838",0.000235205657343248,0.000251301840774849,0.997535739811285,0.00197775269059699,3
"19840",0.728735911608816,9.43864460984034e-05,0.271103057384845,6.66445602407771e-05,1
"19842",0.000164457082486263,6.62410832793296e-06,0.998837111843247,0.000991806965938683,3
"19844",3.94012105686033e-05,4.59511493939863e-07,9.65602861536828e-05,0.999863578991784,4
"19846",3.6107744027741e-05,9.76887482455887e-07,0.791642629994866,0.208320285373624,3
"19848",6.77321724892176e-05,3.95556733844036e-06,0.909155363220364,0.090772949039808,3
"19850",0.000676078825123778,2.05338158580605e-05,0.676859549742377,0.322443837616641,3
"19852",0.692803178761834,0.000457595306967537,0.305654821203673,0.00108440472752642,1
"19854",7.22862702380088e-05,9.39079215695212e-06,0.986653207457208,0.013265115480397,3
"19856",0.00220762940552561,6.21836204747674e-05,0.0390372236917409,0.958692963282259,4
"19858",0.0497683637791283,0.000483026007569005,0.00793103502592863,0.941817575187374,4
"19860",0.36136097849497,0.000292565270854604,0.638187833819599,0.000158622414575918,3
"19862",1.84642061900389e-05,1.04801512579492e-06,0.982800544216598,0.0171799435620864,3
"19864",0.303031674175546,0.00231658252237941,0.524377559156325,0.17027418414575,3
"19866",0.983952484645947,5.01341647136022e-05,0.0159855922644833,1.17889248567192e-05,1
"19868",3.99023893630264e-05,0.999558943918554,0.000268067745264042,0.000133085946819037,2
"19870",0.000767088203881279,1.04959835587349e-05,0.990876042750102,0.00834637306245848,3
"19873",0.0361061601068664,2.37963802002949e-05,0.961320480624785,0.00254956288814819,3
"19875",0.992291430555008,0.000658372163516176,0.00704969651438988,5.00767086215528e-07,1
"19877",0.00792917036805819,9.15990114033894e-05,0.986897981437272,0.00508124918326585,3
"19879",0.343172162401151,0.00240503291039412,0.645472799874514,0.00895000481394044,3
"19881",0.0138473111796704,2.60189563399257e-05,0.982810776375298,0.00331589348869167,3
"19883",0.00540810495650872,4.04017505392799e-06,0.994115857154843,0.000471997713594438,3
"19899",0.39571333943343,0.0109082102758284,0.593239480202997,0.000138970087744069,3
"19908",0.615086022407767,0.213571878572119,0.12828449285603,0.0430576061640838,1
"19910",0.367724890758179,0.000157147169251923,0.631060192152641,0.0010577699199276,3
"19912",8.39106618361428e-05,3.94009422153831e-06,0.995355373463927,0.00455677578001502,3
"19914",0.261603180081756,0.00887796364033541,0.72735729617446,0.00216156010344825,3
"19916",0.994165415263846,0.000205171813715986,0.00344387039584343,0.00218554252659417,1
"19918",0.000925019736813225,1.27074362761658e-06,0.839162051966111,0.159911657553449,3
"19920",0.000102087844422151,1.23850650134309e-06,0.138439165514686,0.861457508134391,4
"19922",0.0288971324157103,0.686096544124328,0.284906451983541,9.987147642059e-05,2
"19924",0.0174783886196895,4.31795110083559e-05,0.935790613040238,0.0466878188290642,3
"19926",0.520938475987508,0.0226306580666198,0.456422579210041,8.28673583106117e-06,1
"19928",0.0076906409599918,0.00105707767186675,0.504372078655897,0.486880202712244,3
"19930",0.00195988699663281,3.77273923238858e-05,0.997320444727593,0.000681940883450659,3
"19932",0.000157223974644243,3.0642253784474e-05,0.994680665813329,0.00513146795824215,3
"19934",0.961051731083585,0.00308819875957735,0.035664478373765,0.000195591783072579,1
"19936",0.0203232377835456,0.00131386186895974,0.977857447535298,0.000505452812197089,3
"19938",0.995136102319016,0.00370074031788811,0.00106768556797973,9.54717951159573e-05,1
"19940",0.0838047979745894,2.18694700525084e-05,0.914194425248922,0.00197890730643634,3
"19942",0.0261804305325607,0.000156684174582683,0.936943566959627,0.0367193183332297,3
"19944",0.697824755207421,0.000152776460164774,0.301892193878876,0.000130274453538297,1
"19946",0.143058373414428,0.000211251622189617,0.827752278231138,0.0289780967322445,3
"19948",0.00929492132897553,1.88170222261118e-05,0.929884558590065,0.060801703058733,3
"19950",4.47482527739771e-06,1.35598344411491e-06,0.00342733661286105,0.996566832578417,4
"19952",0.00929492132897553,1.88170222261118e-05,0.929884558590065,0.060801703058733,3
"19954",0.000489723612557254,1.38107975081387e-05,0.996780097139987,0.00271636844994766,3
"19956",5.31797843710106e-05,0.000406529924350732,0.341948952930395,0.657591337360883,4
"19958",0.000425919344490071,0.993521493539169,0.00437296153378873,0.00167962558255202,2
"19962",0.234794625224888,0.00454204461735556,0.591308207368118,0.169355122789639,3
"19964",0.0561529354485434,5.67885742756177e-05,0.912080256308976,0.0317100196682044,3
"19966",0.998938424052644,0.000135624458556119,0.000925516914295928,4.3457450396015e-07,1
"19969",0.00102167925851517,7.60815857175234e-06,0.998568756252698,0.000401956330214398,3
"19972",0.0012804794167815,7.43086942062545e-06,0.857218692279041,0.141493397434757,3
"19974",2.85941785602214e-06,9.27583389899708e-08,0.0804325391022598,0.919564508721545,4
"19976",0.0261785764520172,5.94425731165971e-05,0.906521598105133,0.0672403828697329,3
"19978",0.698921519404452,2.15313971306396e-05,0.299545764169075,0.00151118502934241,1
"19980",5.49728179778782e-05,8.33693332335176e-06,0.689546272550951,0.310390417697748,3
"19982",0.000685827537918291,0.000121501198594719,0.180412927138757,0.81877974412473,4
"19984",5.80301194200721e-05,7.75463313776806e-07,0.00116408740038751,0.998777107016879,4
"19986",0.99945361279202,0.000524316870239338,2.20378929963077e-05,3.24447445193564e-08,1
"19988",0.999162205373009,0.000835547452074268,2.2281030203548e-06,1.90718964666624e-08,1
"19992",0.999081999013651,0.000895412902605279,2.19456778754953e-05,6.42405868467267e-07,1
"19994",0.00241980993126552,0.0001101742612842,0.997292996940666,0.000177018866784746,3
"19996",0.999838869334999,0.000125018582645553,3.55771031814319e-05,5.34979173664044e-07,1
"19998",0.105189919421246,0.000514089594820986,0.861304814693173,0.0329911762907605,3
"20000",0.000270509488222716,0.0216318491194605,0.976855905070075,0.00124173632224222,3
"20003",0.0100823290511125,0.000349736207057047,0.989554647596263,1.328714556709e-05,3
"20005",3.09893444875981e-05,1.2571035367714e-06,0.913856212680044,0.0861115408719321,3
"20007",0.679781374105931,0.00483388936123952,0.313751926741097,0.00163280979173224,1
"20009",0.996625884647641,0.000992235594790109,0.00171235282544782,0.000669526932121464,1
"20011",0.00704418378604902,2.0728307716161e-05,0.969971798915986,0.0229632889902492,3
"20013",0.0019102177162934,7.51263817650307e-05,0.881945624612283,0.116069031289658,3
"20016",0.993727579664867,0.00618355962352767,6.85079026737137e-05,2.03528089322339e-05,1
"20018",0.0202389130592815,0.979760789240687,2.7788452300874e-07,1.98155082783472e-08,2
"20021",0.980065690379834,0.000647761817059892,0.019285645411574,9.02391532084584e-07,1
"20023",0.919100563662064,0.00222160076272071,0.0784834321112784,0.000194403463937023,1
"20025",0.594824470964745,0.405057722548315,0.000117215637481304,5.90849459323021e-07,1
"20027",0.000350012026292071,9.60818182104509e-06,0.999484465895649,0.00015591389623786,3
"20029",0.000115453256512024,6.45352496383598e-07,0.970053292910682,0.0298306084803094,3
"20032",0.000335136695564931,1.98008598957315e-05,0.999535645011639,0.000109417432900361,3
"20034",0.0121659918948167,3.47487908510954e-05,0.982601905946239,0.00519735336809342,3
"20036",0.0598964033601941,0.00300611790192174,0.748164614553697,0.188932864184187,3
"20038",0.990928668569386,0.00813538937557765,0.000935917969840397,2.4085195923392e-08,1
"20040",0.986075484194302,0.0138602280456956,4.26669172210738e-05,2.16208427814138e-05,1
"20043",0.994635374355894,0.00119343000696948,0.00416908917543954,2.10646169695381e-06,1
"20045",0.991971322009694,0.00802595981099809,2.2962963633778e-06,4.21882944506995e-07,1
"20048",1.91253416476393e-06,8.0445686370672e-07,0.000155175563607988,0.999842107445364,4
"20051",0.450266197312662,0.0307937587111318,0.507059564805086,0.0118804791711208,3
"20053",0.979476547357565,0.000165936446593343,0.019905309542993,0.00045220665284858,1
"20055",0.782646114843194,0.139414484769562,0.0779388613690683,5.39018175872833e-07,1
"20057",4.48998882800024e-06,0.996789439436943,0.000399684416775734,0.00280638615745305,2
"20059",0.975692744867231,0.00395354243601032,0.0202688986767749,8.48140199832615e-05,1
"20061",0.867350175402622,0.000705603891701352,0.131571235409384,0.000372985296292075,1
"20063",0.0197221687740894,0.000811250426949077,0.000153723267371118,0.97931285753159,4
"20065",0.179982914800468,0.819992041429323,2.50423888537371e-05,1.38135507887932e-09,2
"20067",0.985700959574664,0.0136165256609384,0.000436044190429312,0.000246470573968103,1
"20069",7.8066701004291e-05,1.40730925872146e-05,0.451286354659674,0.548621505546734,4
"20071",0.385045392085782,0.00781580226834112,0.603528046740271,0.00361075890560641,3
"20073",0.00156206232666876,3.39952697473041e-06,0.115283621418806,0.883150916727551,4
"20075",2.60662844631625e-05,0.999602692723033,0.000368388895059724,2.85209744395979e-06,2
"20077",0.981227132231794,0.000196269070099704,0.0179051494376723,0.000671449260434123,1
"20079",0.237838477491907,0.002951714961935,0.0887731320070375,0.670436675539121,4
"20081",0.839972651978227,0.152630135388061,0.00738390758377232,1.33050499393958e-05,1
"20083",0.00866100727493502,0.0016928425951488,0.0277214609934431,0.961924689136473,4
"20085",0.996651149992572,0.00334519580991574,3.64891079922742e-06,5.28671283862163e-09,1
"20088",0.997920153878639,0.00137458884660608,0.000704795196239131,4.62078516089658e-07,1
"20091",0.00361760525581857,0.996224563449253,0.000152366590587304,5.46470434153321e-06,2
"20095",0.0665385841554178,0.000417990886922021,0.0258766940130954,0.907166730944565,4
"20097",0.98727323547851,0.012720854995208,5.90300741243252e-06,6.51886977960575e-09,1
"20099",0.976955167586961,8.12854980325951e-06,0.00907737201785115,0.0139593318453847,1
"20102",0.00436482320492008,0.136839931072042,0.00445708051979908,0.854338165203239,4
"20105",0.992447452332558,0.000543615905631806,0.00626168012339166,0.000747251638418141,1
"20107",0.998780255924936,0.000220907838058141,0.000997151262898087,1.68497410810962e-06,1
"20109",0.672216929601943,3.74883535032263e-05,0.0382502521893597,0.289495329855194,1
"20111",0.000352650612089803,0.587581406137897,0.39029974619429,0.0217661970557232,2
"20113",0.960781811288309,0.000385536243215937,0.0388248677856567,7.78468281862602e-06,1
"20115",0.000251022291287834,0.000498033294245123,0.997502311602649,0.00174863281181812,3
"20117",0.24950342710294,0.7406257773265,0.00980314644092726,6.76491296331804e-05,2
"20119",0.998680130468918,6.82459952173288e-05,0.00125133054066584,2.92995198572108e-07,1
"20121",0.999274961395537,0.000544767174459292,0.000180183372115258,8.80578888594046e-08,1
"20123",0.00240222154560011,0.997546115384522,5.16192296202914e-05,4.38402572331829e-08,2
"20125",0.000562900093729174,7.96223840546802e-05,0.879163700623652,0.120193776898564,3
"20127",0.999552884537042,0.000414029411886843,2.77671254114291e-05,5.318925659991e-06,1
"20140",0.408836022773631,0.39167211376336,0.199484815421653,7.04804135509806e-06,1
"20142",8.04434465106184e-06,3.43764400349202e-06,0.00984190945066666,0.990146608560679,4
"20144",0.000327178200325847,0.0137416787778195,0.973797715393199,0.0121334276286557,3
"20146",0.0126940166910406,0.00682435010798676,0.600042497346185,0.380439135854788,3
"20148",0.0140542593176377,0.000257411939836395,0.985164849715892,0.000523479026633632,3
"20150",9.7171991376238e-06,6.43882725373563e-07,0.42126868145964,0.578720957458496,4
"20152",0.0481270799774909,0.000318407438711305,0.951182862442841,0.000371650140956791,3
"20154",0.0480686272179784,0.951892290749749,2.8030387983013e-05,1.10516442898854e-05,2
"20156",0.756076701845429,0.0232293911131226,0.154588867466072,0.0661050395753766,1
"20159",8.17373116344712e-05,2.70205981017705e-05,0.392303287451263,0.607587954639001,4
"20161",0.00137332313552092,0.000139419569897073,0.0189085972683763,0.979578660026206,4
"20163",0.0526133261512262,0.00168327129859481,0.945672984416255,3.04181339239104e-05,3
"20165",0.0184395004270612,6.3621762067555e-05,0.00192820221930553,0.979568675591566,4
"20167",0.00893967894677715,2.54986068569247e-05,0.975176808864551,0.0158580135818148,3
"20169",2.36771553174658e-06,1.0581026807292e-06,0.000583604798411706,0.999412969383376,4
"20171",0.0127627592299126,0.987222955881751,2.39864675778798e-06,1.18862415783054e-05,2
"20173",0.147514777730356,5.4762281220753e-05,0.00944797892448086,0.842982481063942,4
"20175",0.00291527438853429,5.03078852384566e-05,0.982008754226044,0.0150256635001839,3
"20177",0.974504570180842,2.98919097442315e-05,0.0239416222434127,0.00152391566600121,1
"20180",0.996940722345415,0.00288440863110664,0.000174867399501987,1.62397688545535e-09,1
"20182",1.41019573255417e-07,3.24788867536817e-05,0.000444143558273176,0.9995232365354,4
"20184",0.000405850117529332,9.83811813217722e-06,0.0651316239191034,0.934452687845235,4
"20187",0.329052472103414,8.15397688574e-05,0.450421725552771,0.220444262574958,3
"20189",0.891306314069923,1.53843338165938e-05,0.10862393737904,5.43642172206029e-05,1
"20192",0.854732992246375,0.130570973240245,0.0146668854334826,2.91490798974576e-05,1
"20194",0.000299277864435344,8.88621190188647e-06,0.151631823937177,0.848060011986485,4
"20196",0.838055302407755,0.161709701239818,0.000234203239525664,7.93112901624716e-07,1
"20198",0.329149608168866,0.00837633740670066,0.661069225298744,0.0014048291256889,3
"20204",0.000100248990387599,3.58189768049765e-05,0.465120842380303,0.534743089652505,4
"20207",0.906595117510904,0.0930064992415541,0.000349802935535778,4.85803120060825e-05,1
"20209",0.000971204283702255,0.0503630453097794,0.948638425344225,2.73250622931077e-05,3
"20211",0.00177398402237055,0.998153851753949,7.19623063254983e-05,2.01917354675422e-07,2
"20215",0.974902377774183,0.00166761152456173,0.0233437717912551,8.62389099998239e-05,1
"20218",1.30870758549969e-05,3.4399622014223e-06,0.0263788181348247,0.973604654827119,4
"20222",0.917822042091617,0.073595741436874,0.00844573493060473,0.000136481540903744,1
"20225",0.000488311333072931,0.0012424569960475,0.959620342697189,0.038648888973691,3
"20229",0.058799491978001,0.147569221071922,0.791563562314985,0.00206772463509095,3
"20232",0.8575232673732,0.0267992102768236,0.115617880179638,5.9642170339117e-05,1
"20234",0.896938613722662,0.103057559669052,3.81075099159792e-06,1.58572941615238e-08,1
"20238",0.997178180832442,0.00199589938857972,0.000804118773771432,2.18010052061631e-05,1
"20253",0.99849979040286,0.00103311994658124,0.000462569751220818,4.51989933820845e-06,1
"20255",0.000867345050930974,0.00104842434884885,0.99738617395971,0.000698056640510165,3
"20258",0.999548199559012,9.58089698090358e-05,0.000355690275443185,3.0119573553688e-07,1
"20269",0.913552153069818,0.000172326613804769,0.0386677364848601,0.0476077838315173,1
"20271",0.998432840613673,2.94489924740987e-05,0.00153577107258111,1.93932127201807e-06,1
"20285",0.065208358571921,0.000188732320367037,0.898896075475051,0.0357068336326603,3
"20288",0.967328430805906,0.00336242874298942,0.029124122440246,0.000185018010858056,1
"20291",0.758069774461178,0.241499606863258,0.000423965577663542,6.65309790054467e-06,1
"20295",0.808033143640969,0.000279738091953248,0.150838764374085,0.0408483538929926,1
"20298",9.14848836892601e-05,1.19817278779733e-05,0.992562386339647,0.00733414704878571,3
"20302",0.00187322761297478,1.48152228098974e-05,0.359958007927708,0.638153949236508,4
"20305",5.64515310283099e-05,3.88558021373292e-06,0.998265085454912,0.00167457743384573,3
"20307",0.999349655646698,0.000601427375094563,4.87992976269348e-05,1.17680579916633e-07,1
"20310",0.997661399609228,0.00233541041485898,3.03039812492836e-06,1.59577788062092e-07,1
"20313",5.70947871078622e-07,8.2851733770945e-08,0.00134715304339263,0.998652193157003,4
"20315",0.998439756454924,0.000164870205818474,0.00139345648221673,1.91685704107382e-06,1
"20319",0.436316365931799,0.563288184598187,0.000394962252196689,4.87217817532904e-07,2
"20321",0.999669239026245,0.000119244181537505,0.000194114051761446,1.74027404562659e-05,1
"20327",0.999822819341126,1.63133491689787e-05,0.000159833973882965,1.03333582170776e-06,1
"20329",0.00208990387210889,3.92069806666046e-06,0.666869266108344,0.33103690932148,3
"20335",0.890718140748337,0.109245141341069,3.4315889859678e-05,2.40202073437528e-06,1
"20337",0.000133657028732185,3.0356706463474e-05,0.713384288507111,0.286451697757693,3
"20339",0.0121002849921794,0.967589535359221,0.0202985602100491,1.16194385502779e-05,2
"20341",0.0356783489203848,0.963790469183689,7.33756335402746e-05,0.000457806262386325,2
"20343",0.990141502726476,0.0096993900203055,4.07496474068114e-05,0.000118357605811216,1
"20345",0.00524579650630171,6.01001820845318e-05,0.994668771059195,2.53322524188647e-05,3
"20350",0.459958159963402,0.318248825668931,0.184536862220896,0.037256152146771,1
"20352",9.28758212778306e-06,1.13674688596705e-06,0.00105574770395422,0.998933827967032,4
"20355",0.00723919321106377,0.000470018058871499,0.0473577077828983,0.944933080947166,4
"20358",0.000333113941366573,1.3282224708906e-06,0.628943321208061,0.370722236628101,3
"20363",0.999276502700895,0.000115722426204715,0.00059597765321781,1.17972196829072e-05,1
"20365",0.441883114555549,0.524735818569544,0.0333768433463963,4.22352851106837e-06,2
"20379",0.000797544040392461,0.00115075942573263,0.995573240345608,0.00247845618826717,3
"20387",0.997287399630531,0.00182825118072901,0.000883682867202051,6.6632153789184e-07,1
"20392",0.00423810449880088,0.995727193010912,3.46775501853032e-05,2.49401021966754e-08,2
"20395",0.0290562638727485,0.000632886208333488,0.968506206971254,0.00180464294766429,3
"20397",2.02126008029406e-05,8.35373879430414e-07,0.0153803838771907,0.984598568148127,4
"20410",0.980994346590441,0.00072707432933377,0.0182783851935147,1.93886710277517e-07,1
"20414",0.00211114742008632,2.13297994305104e-05,0.684529523218721,0.313337999561762,3
"20417",0.144663140374463,0.855334705935392,2.03261144772051e-06,1.210786973716e-07,2
"20419",0.999907940981689,3.18215256815647e-06,8.49177058252293e-05,3.95915991781223e-06,1
"20421",0.0085854169719636,0.0321285105361539,0.31494273194078,0.644343340551102,4
"20423",0.000661541393775241,0.000322576152110716,0.613667177016558,0.385348705437556,3
"20425",0.0017116867985029,0.00116750201922902,0.419074880008862,0.578045931173406,4
"20427",0.0661005008352023,7.7255110958644e-05,0.933258588608789,0.000563655445049638,3
"20429",0.994808013209824,0.00439058622166795,0.000409981809375136,0.000391418759133316,1
"20432",0.000106726285848527,1.17840219116076e-06,0.19134052846385,0.808551566848111,4
"20435",0.784121450552693,0.0275248909290176,0.188328225807215,2.54327110751492e-05,1
"20438",0.998603913653158,2.93919420430838e-05,0.000833888700317905,0.000532805704481527,1
"20440",0.999566217966144,4.01647210443831e-05,0.000352524859711512,4.10924530996158e-05,1
"20443",0.000532087455435529,8.66322432924338e-05,0.00332414489421694,0.996057135407055,4
"20446",0.543083611941532,0.00184890041492032,0.449594650820572,0.00547283682297555,1
"20449",0.790819676028888,0.0164935890172846,0.192640846637487,4.58883163408323e-05,1
"20537",0.72964478085125,0.261715993110432,0.00840124080080294,0.00023798523751589,1
"20540",0.0132452938675478,0.986730858254205,2.38227846629873e-05,2.50935842446393e-08,2
"20543",0.263421459286477,0.00127935293824782,0.730240428662633,0.00505875911264231,3
"20545",0.00186567233462796,0.998081901928474,5.18195761331102e-05,6.06160764591411e-07,2
"20549",0.094546429618022,0.00890825998700052,0.877737317342713,0.0188079930522644,3
"20551",0.977444873907574,0.0022571173738667,0.0201578418108446,0.00014016690771437,1
"20554",0.993416022439863,0.000159936146893354,0.00639980606034529,2.42353528988991e-05,1
"20556",0.274851951770477,0.184719313762862,0.538578073280447,0.00185066118621447,3
"20558",0.999631126918309,0.00024227395961369,0.000125955946806042,6.43175271871982e-07,1
"20560",0.978530379142971,0.000136885464956841,0.0179007255996362,0.00343200979243562,1
"20563",0.999651826921467,0.000322764151724966,2.33665696542361e-05,2.04235715417471e-06,1
"20565",0.879164526225363,0.00180486109200524,0.0980039656486818,0.0210266470339503,1
"20567",0.000180930798649995,5.44657387616567e-06,0.130072717112414,0.869740905515059,4
"20571",0.968724305405944,0.0285093417644809,0.00266514589895852,0.000101206930616678,1
"20573",0.955873448512888,0.00570889567310864,0.0377799154993372,0.000637740314666093,1
"20575",0.999800446982915,0.000142131031762011,5.68738821728901e-05,5.48103149832607e-07,1
"20577",0.134577887557805,0.00273607052416272,0.862493729854186,0.000192312063846393,3
"20579",3.6781160466082e-06,4.19046651596241e-08,0.00314891918194194,0.996847360797346,4
"20582",0.99981706324324,0.000157623967945444,2.51848970915786e-05,1.27891723102242e-07,1
"20585",0.109680342446485,0.876488719996987,0.0138284305107387,2.50704578949958e-06,2
"20588",0.0115871906394256,0.978072890838036,0.0101209242790928,0.00021899424344563,2
"20590",1.31445887705278e-06,2.97380413508194e-08,0.00765371337377498,0.992344942429307,4
"20592",0.999874244796468,0.000111772159392098,1.16613559903109e-05,2.32168814959071e-06,1
"20594",0.999560259063517,0.000387995033645697,5.17132844998625e-05,3.26183372915837e-08,1
"20596",0.981950753136713,9.92652298638623e-06,0.0170453496144639,0.00099397072583739,1
"20598",0.986484095795451,0.000165483004251028,0.0133380779215969,1.23432787006841e-05,1
"20600",0.10098108252322,0.749674859635159,0.148101556594783,0.00124250124683759,2
"20603",0.0013255288802611,0.00519683463568355,0.988231457369038,0.00524617911501753,3
"20605",0.998635466533168,0.0005755042471051,0.000788930817429729,9.84022970505292e-08,1
"20607",0.997385604410911,2.07376841119669e-05,0.0025920174212765,1.64048369999248e-06,1
"20609",0.976411446174945,0.000183978941209193,0.0233414565666256,6.31183172198601e-05,1
"20611",6.41353643297308e-05,3.77203178542642e-06,0.999350778978733,0.000581313625151384,3
"20613",0.433120880543195,0.00384252900577692,0.563009959268247,2.66311827809647e-05,3
"20615",0.370869997108683,0.0905047532114803,0.535821539905592,0.00280370977424462,3
"20617",4.66587484647651e-06,1.47962437373719e-06,0.0042454974538676,0.995748357046912,4
"20619",0.999887092189823,5.31486625222781e-05,5.26433118965131e-05,7.11583575835699e-06,1
"20621",0.978858044354379,0.000524643381678092,0.020559121570631,5.81906933124322e-05,1
"20623",0.00289088634699788,6.86907140458577e-07,0.0155521357225875,0.981556291023274,4
"20625",0.00279808331177018,0.0484643283582453,0.900510469920121,0.0482271184098638,3
"20627",0.754034939311864,0.000639990953582042,0.245314658930179,1.0410804375142e-05,1
"20629",0.830928694314863,0.00410108922591065,0.164078867945685,0.000891348513540768,1
"20631",0.999783015757688,0.000176319742686883,2.76588720679207e-05,1.30056275575216e-05,1
"20633",3.20299819716948e-07,3.5467192252519e-08,0.000777624752169163,0.999222019480819,4
"20636",0.0011804002814657,1.24594003953939e-05,0.963968627222312,0.0348385130958267,3
"20638",0.156734436810402,0.0741456424854946,0.768781661636971,0.000338259067132104,3
"20640",0.920045481700291,0.0755885071318923,0.0043659560280006,5.5139816176122e-08,1
"20645",0.995389023602343,0.0046044290212571,6.53839190458932e-06,8.98449562306756e-09,1
"20647",2.03985859054767e-06,9.3174871316904e-07,0.000164289712931878,0.999832738679764,4
"20649",0.966007572021783,0.0121041142494041,0.0218693026876811,1.90110411314598e-05,1
"20651",0.996790651573833,0.00316181115760445,2.36722875811671e-05,2.38649809817412e-05,1
"20656",0.962138147750314,0.0357757004282498,0.00207822883532017,7.92298611635829e-06,1
"20660",0.080367995911843,0.904154023695764,0.0154665418078067,1.14385845861326e-05,2
"20662",0.000528691721516472,4.52629226262979e-06,0.0909874239207118,0.908479358065509,4
"20664",0.856983202936512,4.23062617793718e-05,0.0201530527871412,0.122821438014567,1
"20666",0.00108221711851187,0.0643328329327847,0.934412313127924,0.000172636820779554,3
"20668",0.000182982951091049,2.03610761521425e-06,0.545727286306584,0.45408769463471,3
"20670",0.997418187065085,0.000393078845594291,0.00217503352631929,1.37005630017707e-05,1
"20672",0.000149564580216753,6.96866594063871e-05,0.547489589711121,0.452291159049255,3
"20674",0.905095544081309,0.000229225959544613,0.0944286176084486,0.000246612350697607,1
"20676",1.82195368776901e-05,4.18679307622769e-06,0.924656831734706,0.0753207619353402,3
"20678",1.7270342184481e-05,5.35350016808588e-07,0.490675031792325,0.509307162515473,4
"20680",0.00335654865068251,8.66127338265593e-05,0.698634133719599,0.297922704895892,3
"20682",0.00354112426665959,9.80325646584842e-06,0.995050999086876,0.00139807338999855,3
"20684",0.831495767580661,0.00447963613941363,0.163968672010615,5.59242693102622e-05,1
"20686",1.92604783169284e-05,3.79229111728751e-06,0.0275854082430256,0.97239153898754,4
"20688",8.41737915379328e-06,1.92775959745024e-07,0.0454290938337629,0.954562296011124,4
"20690",0.0512977269487644,0.946161217156244,0.0025407637783138,2.92116677409545e-07,2
"20692",4.33170707692459e-07,2.31647193051429e-08,0.00205796147148426,0.997941582193089,4
"20694",5.17058702221231e-05,4.76772515606877e-06,0.976921568107598,0.0230219582970234,3
"20696",0.0011331222810236,4.24009895180819e-05,0.990061134350988,0.00876334237847024,3
"20698",0.903747188736703,0.010856553743637,0.0766543788600756,0.00874187865958428,1
"20700",0.993460156572086,0.000488156543127474,0.00212807394252264,0.00392361294226416,1
"20702",0.128216231384135,0.871535285866888,0.000248358254263202,1.24494713091623e-07,2
"20704",0.814316349783938,0.000557575580997369,0.185049318687388,7.6755947677171e-05,1
"20706",0.228469615880313,0.0058533196908978,0.743573090688845,0.0221039737399438,3
"20708",0.00012816950687032,1.67802082643014e-06,0.989335905461426,0.0105342470108777,3
"20710",0.567786983649982,0.385985374367886,0.0462245418650829,3.10011704935422e-06,1
"20714",5.73828478383168e-05,1.86803383762324e-07,0.0180107545978821,0.981931675750896,4
"20716",0.988970295186952,0.000165991469386421,0.0108623125068495,1.40083681168123e-06,1
"20719",0.561030186956103,0.000486341481501581,0.437951581318552,0.000531890243843463,1
"20721",0.999862323669569,0.000121327364084309,1.34963298746892e-05,2.85263647177127e-06,1
"20723",0.778427771275192,0.00663654571766584,0.212600951416473,0.00233473159066908,1
"20725",0.00316636061482871,0.000258598471522026,0.996354934544449,0.000220106369200389,3
"20727",8.96061905567507e-06,0.000191811184613399,0.00865142524505085,0.99114780295128,4
"20729",7.51035498302823e-05,5.027312265077e-06,0.999496350104907,0.000423519032997557,3
"20731",0.000839122124437137,0.000197127518276338,0.998928771893254,3.49784640321554e-05,3
"20733",0.863783194631435,0.00447273538572435,0.131716314704114,2.77552787262433e-05,1
"20735",0.400427487578975,0.0186127814372505,0.580941366595736,1.83643880381606e-05,3
"20737",7.06813418584515e-05,6.17523533265982e-07,0.938172261980032,0.0617564391545767,3
"20739",5.40799594203585e-07,1.24789394699595e-07,0.00105676208351935,0.998942572327492,4
"20741",0.0120881345775882,0.000151481784064692,0.947354433235595,0.0404059504027525,3
"20743",0.00612379836539144,6.73016135056894e-05,0.993275052421152,0.000533847599951377,3
"20745",0.999445873671958,0.00035265275849072,0.000195929939104476,5.54363044682128e-06,1
"20747",8.44354483283856e-05,5.78643617154992e-06,0.999561093892409,0.00034868422309125,3
"20749",4.16873707900327e-05,6.81690850569715e-06,0.999159700943235,0.000791794777469447,3
"20751",5.96918831833611e-05,0.00348176048478796,0.995598837828113,0.000859709803916063,3
"20753",0.000151677500199635,7.05314957393042e-06,0.999453053687864,0.000388215662362658,3
"20755",0.000529387533583667,6.10735752659194e-06,0.920104067264845,0.079360437844045,3
"20757",0.202665939889704,3.82827554282319e-05,0.214047088880879,0.583248688473989,4
"20759",0.999378478586913,3.8592691999886e-05,0.000273872757667104,0.000309055963420688,1
"20761",0.0361741877972532,0.000141465833580639,0.961324309826101,0.00236003654306578,3
"20763",0.0888745935121591,0.00137229225281831,0.900874910234808,0.00887820400021437,3
"20765",0.00472328403759839,0.000127130784704591,0.989880487442234,0.00526909773546359,3
"20767",0.936759506642164,0.000430725279353862,0.0628030069331628,6.76114531870413e-06,1
"20769",0.326569845373538,0.612064336445159,0.0613654467712092,3.71410094474383e-07,2
"20771",0.100040174097212,1.44843710980833e-05,0.699895660476343,0.200049681055347,3
"20773",0.0540080510922962,0.000533214071786114,0.904147472635765,0.041311262200153,3
"20775",0.00255628064237694,0.000281201671888473,0.997022324082725,0.000140193603009099,3
"20777",0.0362378262591335,0.355370687308555,0.607592556721935,0.000798929710375804,3
"20779",0.00142290933803518,9.81103865596656e-05,0.998433613993847,4.53662815585303e-05,3
"20781",3.02904931306334e-05,0.955937023560529,0.0105569082262904,0.0334757777200504,2
"20783",0.0243098709639489,2.32749129948239e-05,0.971390160856858,0.00427669326619862,3
"20785",0.00133266573161308,3.20497545592458e-05,0.177205516076568,0.82142976843726,4
"20787",0.000367152054369162,6.00622663991224e-07,0.976511096480614,0.0231211508423527,3
"20789",0.354085279751223,0.00107434260171146,0.644814065151206,2.63124958596627e-05,3
"20791",2.19256555209552e-05,2.04643841896225e-06,0.934312562657765,0.0656634652482955,3
"20793",0.295364268866354,0.000809699829059778,0.703813540227212,1.249107737463e-05,3
"20795",0.000359339941130375,5.16889354514779e-06,0.818390266049072,0.181245225116252,3
"20797",1.97210854868712e-06,0.00452481737894137,0.00219472671560641,0.993278483796904,4
"20800",0.000244234576123108,5.73389952313073e-05,0.996158573541152,0.0035398528874933,3
"20802",0.0116843316056022,0.000102908945951884,0.985790812565923,0.0024219468825226,3
"20804",4.62568244573702e-05,9.17521871649013e-07,0.9943526837421,0.00560014191157068,3
"20806",1.78153276875046e-05,1.4829461680452e-06,0.728144836311457,0.271835865414688,3
"20808",0.978272670224021,7.63105846209342e-05,0.0216504320179628,5.87173395079702e-07,1
"20810",0.00141971476841265,3.41542709159193e-05,0.558861006370603,0.439685124590069,3
"20812",0.00824473059434436,0.010722315779536,0.973534432326673,0.00749852129944638,3
"20814",1.1279013696594e-05,3.38633348813217e-07,0.437299653806445,0.562688728546509,4
"20816",0.916713377266874,0.0108925330469081,0.0723799455931405,1.41440930776079e-05,1
"20818",0.0117475435769197,0.000219232288825393,0.983578820909415,0.00445440322484,3
"20820",9.39094309444727e-07,3.97964835856004e-07,0.000375745590797309,0.999622917350057,4
"20822",0.00690057147268557,3.76457743906675e-05,0.991175335162395,0.0018864475905287,3
"20824",0.00148970064411871,4.98736703719358e-05,0.343777888587162,0.654682537098348,4
"20826",6.37612429804298e-06,1.80896303893461e-06,0.00765409243968362,0.992337722472979,4
"20828",1.91253416476393e-06,8.0445686370672e-07,0.000155175563607988,0.999842107445364,4
"20830",7.082132152292e-05,9.84798868901583e-06,0.999117119431166,0.000802211258621702,3
"20832",0.400778669118259,0.00035298812252825,0.555919001086514,0.0429493416726982,3
"20834",0.960967047736579,0.0016917884844809,0.0373381899073668,2.97387157313641e-06,1
"20836",0.000680566888155924,4.07529298089629e-05,0.999209988730294,6.86914517404716e-05,3
"20838",1.8335009302089e-05,8.4475839300484e-07,0.932788663638733,0.0671921565935721,3
"20840",0.866545679643102,0.000448261941496159,0.13282075600708,0.000185302408322529,1
"20842",0.000519454387101264,1.74797022402331e-05,0.999185033083953,0.0002780328267059,3
"20844",0.0333321055209012,9.32803009492582e-06,0.963682916389817,0.00297565005918674,3
"20846",0.0142316761684044,7.46567397953007e-05,0.275257080115027,0.710436586976773,4
"20848",0.172397480973292,0.000927317105691556,0.825535773323067,0.0011394285979495,3
"20850",0.967100175204254,5.43404553567916e-05,0.026818645955071,0.00602683838531858,1
"20852",0.948701584108181,0.00101192087014583,0.0137735324777757,0.0365129625438974,1
"20854",3.0663525659878e-05,7.58935598000983e-06,0.0927129590817648,0.907248788036595,4
"20856",0.0165508871159429,0.957261699284936,0.0261583419473939,2.90716517271821e-05,2
"20858",0.998103421374267,0.000837041759767475,0.00104336348069583,1.61733852697516e-05,1
"20860",0.0127355676701043,0.000110344544601012,0.987102282481263,5.18053040317138e-05,3
"20862",0.999583523638814,3.13049051642936e-05,0.000385040505693126,1.30950328714938e-07,1
"20864",4.92223642775986e-05,1.73992910049315e-05,0.00714968613008669,0.992783692214631,4
"20866",0.998943359504286,0.00105482084911745,1.76670229408772e-06,5.29443029762198e-08,1
"20868",0.987106555743927,0.00260758355833913,0.0101678244157479,0.000118036281985372,1
"20870",0.0267738614980109,0.00112310673564554,0.968177072543778,0.00392595922256523,3
"20872",0.000697004933579034,3.15601211148018e-05,0.993752861579107,0.00551857336619881,3
"20874",6.89563941021404e-07,3.45289181660884e-08,0.0013440882862475,0.998655187620893,4
"20877",0.970192785791122,0.0164450140806535,0.0133613127962867,8.87331938045555e-07,1
"20879",0.997196318294481,0.00226168198035062,0.000541958540806504,4.11843617566921e-08,1
"20881",0.000116459146750401,1.51435024853584e-05,0.996422780465027,0.00344561688573763,3
"20883",6.85150365254631e-05,0.000167284354848044,0.968242739266697,0.0315214613419297,3
"20885",0.00028902996131211,6.94513895886578e-05,0.997850362957216,0.0017911556918832,3
"20887",0.41282032135942,0.00472158554257816,0.582448471636812,9.62146118985579e-06,3
"20889",0.00169700022606608,0.00082129093920458,0.997279330628255,0.000202378206474622,3
"20891",0.996747556614439,0.00298617864513775,0.000266125685504527,1.39054918685275e-07,1
"20896",0.640356675832958,0.0726645206744323,0.28695278386626,2.60196263498333e-05,1
"20898",0.00645363290721921,7.71792968485489e-05,0.993370278837894,9.89089580387585e-05,3
"20900",1.85187943394261e-05,0.127400310822253,0.214667215391101,0.657913954992307,4
"20902",0.13688666159937,0.820318633321987,0.0427945231767122,1.81901931072244e-07,2
"20904",0.012353335328859,0.000901646304775399,0.00690279186367075,0.979842226502695,4
"20906",0.974224627050403,0.0168755690638076,0.00889834394601535,1.45993977415053e-06,1
"20908",0.0274735880812334,0.000123294318062356,0.684892551545952,0.287510566054752,3
"20910",0.00910409530715348,2.33879308385716e-06,0.980653120651965,0.0102404452477975,3
"20912",4.29034755115766e-05,0.953933000082702,0.0457314825442667,0.000292613897520081,2
"20914",0.991070911574006,0.00888915661132755,3.99289860830594e-05,2.82858341370384e-09,1
"20968",0.000914863381221417,0.00101445103826276,0.0154156080647265,0.982655077515789,4
"20970",0.970936381895716,0.000575770055488984,0.0271834198549493,0.00130442819384581,1
"20981",0.9821018808495,7.36507876561258e-06,0.0176922401147513,0.000198513956983261,1
"20983",7.20781755079132e-07,6.02920739021206e-08,0.00819043618435416,0.991808782741817,4
"20988",0.997436440434981,9.19831710583718e-05,0.00230053379679126,0.000171042597168995,1
"20995",0.154730266944346,0.785483168588883,0.0554239213245481,0.00436264314222275,2
"21017",0.141318565852559,3.46137778479017e-05,0.810833528132242,0.047813292237352,3
"21038",0.9876817880105,0.00658715231673329,0.00573040768241485,6.51990352251108e-07,1
"21072",0.972057183045605,0.00468525696326106,0.0229166383840905,0.00034092160704355,1
"21075",0.945135434785806,0.0537748957712017,0.00108965314299445,1.62999976216542e-08,1
"21223",0.0450680410804024,0.00169321070811631,0.952723117554829,0.000515630656651903,3
"21225",9.67219246908094e-05,0.999871443720433,3.17539470906913e-05,8.04077856456181e-08,2
"21230",6.72901736500132e-07,6.39845620099526e-08,0.00532084987354173,0.99467841324016,4
"21236",0.00409426535504781,3.75036538652562e-05,0.993340029491528,0.00252820149955864,3
"21238",0.0800162132183596,0.466803319400162,0.453034366628455,0.000146100753023012,2
"21241",0.998060363289714,0.000293917430865922,0.000576518997795152,0.00106920028162457,1
"21246",0.974061206071615,1.57379920698665e-05,0.0256651114604297,0.000257944475885408,1
"21253",2.92754872079061e-05,5.71935858443057e-06,0.0468955377947949,0.953069467359413,4
"21256",0.00504271183913534,0.000205135058263276,0.813330016143018,0.181422136959583,3
"21260",0.00473553427700882,0.995250729352881,1.24844474502192e-05,1.25192265947416e-06,2
"21266",0.981042137930715,0.000225186586316887,0.0187164095687204,1.62659142479906e-05,1
"21332",0.991856542029147,3.60299464259554e-05,0.00806112785581455,4.63001686123102e-05,1
"21334",0.00651746566396782,0.0026815398095922,0.99074647237043,5.45221560096212e-05,3
"21375",0.999446770989623,0.000395118773923622,0.000156649858414741,1.4603780386515e-06,1
"21378",0.997786115970188,0.00220794149362149,5.74461621871373e-06,1.97919971811999e-07,1
"21381",0.990605345442136,0.00912299109800372,0.000259709778443607,1.19536814165405e-05,1
"21389",0.000362217737966158,2.60148313571981e-06,0.98349143690294,0.0161437438759581,3
"21391",0.958291358473621,0.000437434134546188,0.00787611851038876,0.0333950888814438,1
"21402",0.996859025377718,4.03032964635516e-06,0.00312405746916504,1.28868234708655e-05,1
"21404",0.665614822634775,0.313818148518648,0.0205666196045702,4.09242006926586e-07,1
"21409",0.896054620847102,0.0405448357336652,0.0633971102556094,3.43316362344277e-06,1
"21413",0.166060309014742,0.0319314201909562,0.802005015508719,3.25528558241586e-06,3
"21423",0.997289868908215,0.00218886451699531,0.000520158004445417,1.10857034432077e-06,1
"21425",0.753406051496718,0.0238967484418556,0.222692143869696,5.05619173083235e-06,1
"21430",0.0035928660240184,0.987752301487702,0.00861481275533289,4.00197329463407e-05,2
"21432",0.947570882037544,0.000114974999550599,0.0522963668506755,1.77761122302125e-05,1
"21438",0.997923666183023,0.00054276421424665,0.00087206260445891,0.000661506998271041,1
"21440",0.810135741774484,0.00218955203096106,0.187589682756635,8.5023437919974e-05,1
"21443",0.000244447126471382,4.8137350011457e-06,0.990650528168193,0.00910021097033493,3
"21445",0.000520181955867972,0.998811616148123,0.000664250051435698,3.95184457353581e-06,2
"21447",0.997479632310553,0.00247094479833909,4.87279066838365e-05,6.94984424298023e-07,1
"21449",0.999119378353693,5.07158715967505e-06,0.000862012489960258,1.35375691872428e-05,1
"21451",0.999119378353693,5.07158715967505e-06,0.000862012489960258,1.35375691872428e-05,1
"21455",0.999057604012859,5.32756906194282e-06,0.000935515545779686,1.55287229890367e-06,1
"21469",0.895812959369736,0.10417716231007,9.85293091563632e-06,2.53892789746253e-08,1
"21471",0.768597585313949,0.230778599443072,0.000623333368013576,4.8187496596063e-07,1
"21473",0.058859317721491,0.00598875000116734,0.484609387698808,0.450542544578534,3
