"","V1","V2","V3","V4","V5","V6","V7","result$classification"
"19811",0.00205520614856007,0.965433443243177,8.07746077666799e-08,0.0316125450933141,1.27549183618022e-07,0.000363503895699841,0.000535093295457522,2
"19813",9.72384558160614e-07,1.714715007256e-05,1.431058239815e-08,0.999980469117408,7.5722963816901e-10,1.35415812945421e-06,4.21220193756636e-08,4
"19815",0.0330689684749388,0.954785754949529,1.26604060423496e-05,1.62500838761882e-06,0.00062233341272743,0.0114997418245112,8.91592386412762e-06,2
"19817",0.00438412811578435,0.992580710868628,2.81468455898341e-07,5.10952559462125e-06,1.04371739097406e-05,0.00260661050672321,0.000412722340904827,2
"19819",3.24894233022841e-05,7.82994671335005e-06,0.565278709403809,3.89560618455765e-10,0.170939393518385,0.263741256463024,3.20855205407914e-07,3
"19821",0.000669344989785181,0.964265997513067,7.29769136632131e-06,0.010935455917011,1.76686116404462e-07,0.00705646064254221,0.0170652665601118,2
"19823",0.000894355303295882,0.894777236616133,3.45206757531606e-06,2.78323533791484e-06,0.100579765110238,0.00361022000386231,0.000132187663558262,2
"19825",0.00396943029587676,0.000897622114357419,0.0742529986842702,0.00354575756160342,0.000122324247415854,0.0133042297558336,0.903907637340643,7
"19827",7.35286753205273e-05,0.645267968873334,2.13238161627172e-06,3.91570424617305e-07,9.08089123807167e-05,0.00335036125615435,0.35121480833077,2
"19829",0.000199034587720668,0.000385549370608762,0.066602437826471,2.31351904686811e-06,2.65874446372306e-05,0.927011542184272,0.00577253506724372,6
"19831",6.2186577956566e-05,3.93716357302229e-05,0.128062516894577,8.02710209268066e-07,0.120007244122838,0.751827582782347,2.95276341867674e-07,6
"19833",0.00162981448517301,5.14937740753999e-07,6.3937826619657e-05,3.29638471846165e-06,0.998281461725204,1.04518581952233e-06,1.99294547242747e-05,5
"19835",0.000669344989785181,0.964265997513067,7.29769136632131e-06,0.010935455917011,1.76686116404462e-07,0.00705646064254221,0.0170652665601118,2
"19837",0.000107271877062031,0.95963466665084,2.18162712112792e-06,2.49407813591158e-06,7.55242600965857e-06,0.0168462999593227,0.0233995333815086,2
"19839",0.00155908167933067,0.00148084938289656,0.153500438733663,0.00190194043532289,1.0742433509183e-05,0.809030046186402,0.0325169011488757,6
"19841",4.88009194156832e-08,7.94234273851844e-06,1.92989847993488e-06,3.12559080857554e-05,5.97023054029949e-09,3.15490821242366e-06,0.999955662171333,7
"19843",0.00321693667952257,4.00352551273414e-06,0.913408713175988,0.0192519678380451,1.71355128873661e-05,0.0641012236330739,1.96349700166266e-08,3
"19845",0.000242519777568434,0.0808219117393525,1.80751079072786e-08,0.918907506942382,6.81548582801668e-08,1.75686797166581e-05,1.04066310142498e-05,4
"19847",0.0325730880632665,0.912442327520884,5.72088740049849e-05,0.00814835848157451,8.04018947279634e-05,0.0466867351792246,1.18799863169773e-05,2
"19849",2.3290562399836e-07,5.2017603629304e-05,1.19105790163911e-09,0.999947469140277,3.1289009322414e-10,1.7684321481434e-07,1.02003306533616e-07,4
"19851",0.00131781513163487,0.998061435455716,8.594289245525e-08,1.31196514433619e-05,1.26254288064428e-05,0.000575551396526591,1.93669929799904e-05,2
"19853",0.000138825442703978,0.990836880753964,1.42650148011356e-09,0.00877401624138522,6.25525858715396e-05,7.84821587166408e-06,0.000179875333702692,2
"19855",0.000203207301183676,0.997331878854955,3.95262771890002e-09,0.000532768446130683,2.57454090455555e-06,0.000113746709886895,0.0018158201943111,2
"19857",0.011931040800251,0.799826862520311,4.59249508825959e-05,0.0156109391803648,1.06330281272508e-06,0.153909895323516,0.0186742739218622,2
"19859",0.00371638122023983,0.96283582450065,3.8767425119306e-06,1.27001684496373e-05,0.000101143024888088,0.0227924779220509,0.0105375964212102,2
"19861",0.000779313365719983,0.893274805964556,7.75786276142376e-08,0.105570647091074,6.50400053273049e-07,0.000351970643054809,2.25349569137852e-05,2
"19863",4.79049148119024e-07,2.5275621141864e-05,5.48994001531527e-09,0.992978656141088,3.08213040953426e-10,5.98939958497206e-08,0.00699552349647306,4
"19865",5.13044143745896e-06,0.00205671174357913,4.56790791476273e-08,8.10753411188495e-07,1.18110513946211e-08,6.35336015786145e-06,0.997930936211284,7
"19867",0.0153912045459804,0.973900470112598,6.65576897964889e-06,0.00617487126390489,1.95427197324873e-05,0.00450548796325361,1.76762555112476e-06,2
"19869",2.14092670659674e-06,0.00928953840725924,7.97312477410351e-10,0.990669141933472,1.3200790783376e-09,1.39162418615525e-06,3.77849909850561e-05,4
"19871",0.00121976885752934,0.88857735995251,9.85932153818524e-06,1.83184596325219e-06,0.000101560226143064,0.0715803232416872,0.0385092965546287,2
"19874",0.000625573868475287,0.253597357444568,1.19883935216303e-07,4.06090875562364e-06,5.07749837800986e-06,8.89528292408663e-05,0.745678857566647,7
"19876",2.53206732738229e-05,0.843247618619408,3.9915877348993e-09,0.000185824807614645,1.09720132856145e-07,3.88341085454767e-05,0.156502288079437,2
"19878",0.996678779201491,0.000247540868958243,0.00270695809096578,3.85968523773387e-06,2.18018354859326e-05,0.000339188742497045,1.87157536418314e-06,1
"19880",1.3693917346737e-07,0.00174085968394743,7.22216281101264e-10,8.58700274318008e-06,3.19890272793489e-09,4.39575860648564e-07,0.998249972877156,7
"19882",0.0122590260023701,0.797406644812309,2.00792422195344e-07,0.189479671229246,1.35664249568204e-06,8.50702240155434e-05,0.000768030297141581,2
"19885",0.0101612709457224,0.889185320789073,2.47682965060885e-05,8.03355165673859e-06,6.18829282184342e-06,0.100157572149463,0.000456845974757262,2
"19907",0.0169934059542467,0.92522462912394,2.20988832412461e-06,0.056675480373616,3.19392231300494e-06,0.00109028384108911,1.07968964710201e-05,2
"19909",1.16550064424383e-05,0.000738654889592081,0.00611322749101507,3.70786395556023e-05,4.77185443991572e-06,0.993093609472961,1.00264599390963e-06,6
"19911",0.00017557086895749,0.00309173480884057,0.016338581183523,6.69590966376304e-06,0.000213841178346374,0.97232153025018,0.00785204580048831,6
"19913",2.81431551791105e-08,1.1831062562022e-05,1.62845206646572e-08,2.41167403798722e-07,1.29822393532088e-08,2.27726814501282e-07,0.999987642633304,7
"19915",0.000200199057805756,0.704204897482264,5.70771692004466e-08,1.53678596933912e-06,3.95383555157326e-06,0.000159550142097219,0.295429805619143,2
"19917",3.92212142242928e-05,0.0102067946550922,5.15238664012119e-07,1.83154868323417e-06,4.84214036929971e-07,0.000146391670888698,0.989604761458411,7
"19919",0.00564778484311536,0.871303952620132,1.50043650025483e-06,1.20125705371899e-06,2.76232697475301e-05,0.00313532453948433,0.119882613033966,2
"19921",0.00746993174837105,0.989763636233552,6.93473641940086e-07,0.000186042070128316,6.57962579230406e-06,0.00256737286201945,5.74398649442292e-06,2
"19923",0.989813534484299,0.0082841448111457,0.000210712209600365,1.39607559457759e-05,0.000608210865252702,0.00106935590086002,8.09728966877387e-08,1
"19925",0.000142223034132702,0.0678421651599747,1.08219493206638e-07,6.40153992095715e-07,9.91372660639553e-07,6.03675105274573e-05,0.931953504549219,7
"19927",0.000338305609351362,0.998473611912462,5.64182680991997e-08,1.61841421424028e-05,5.6452641041463e-06,0.00107151266833714,9.46839853346036e-05,2
"19929",1.472939587071e-07,0.000187661729013373,9.2665746994581e-09,0.409118540257866,6.4279463439377e-10,3.25850654028376e-07,0.590693314959138,7
"19931",0.00125266936467522,0.990432948705566,2.54209317515642e-06,6.9111981769223e-07,5.96415778792317e-05,0.00771355166156057,0.000537955477325734,2
"19933",0.000145216088444736,0.0495953063290697,0.0042512443423798,1.40896899376599e-07,0.000241588952200778,0.945543239072296,0.000223264318709552,6
"19935",0.0222081241479739,0.69537875200851,0.00167114014308522,0.00063552754466796,3.85765542655512e-06,0.278954399804245,0.00114819869609087,2
"19937",0.00437961902103435,0.992443679619359,9.42308149943783e-07,1.97814709227705e-06,0.000209582406025955,0.00295506763681183,9.13086152613412e-06,2
"19939",0.295193430630119,0.701703593132794,6.83526670480697e-06,4.26672382624781e-06,4.25418053020066e-05,0.00212343999557491,0.000925892445678692,2
"19941",1.22151212733736e-05,0.0018530336345964,0.0485625366499405,0.00016707152125416,1.8159490148188e-05,0.91298312257762,0.0364038610051673,6
"19943",1.17288869385406e-06,0.000681879550359615,1.37595574606357e-08,7.02138285114983e-08,1.54095749030565e-07,2.05144861564276e-06,0.999314658043196,7
"19945",0.00326255317331751,0.012389663102623,0.014465227421871,8.44861905240984e-08,0.000704800828832107,0.969166525061506,1.1145925659642e-05,6
"19947",0.00029602936564888,0.00590498641859168,0.00349544931293902,0.0184843252553851,5.41548463497535e-05,0.234521299758805,0.737243755042281,7
"19949",0.959810448206986,0.0217927640339922,0.00332864258690178,4.53930036733269e-07,0.00174707140936028,0.0133199918123219,6.28020401107728e-07,1
"19951",0.0555646665100759,0.228309521345036,4.14801685777392e-05,7.95283693429482e-06,1.23112166618473e-05,0.00200646000075057,0.714057607921964,7
"19953",0.00120805205649308,0.000202660712481711,0.031184376138044,2.90284946214942e-08,0.915578918043548,0.0518259452770603,1.87438782061606e-08,5
"19955",0.270709998088784,0.000466456214127803,0.168623971512983,1.59320379768632e-05,0.026650255684777,0.533531738398379,1.64806297233495e-06,6
"19957",0.000236091792140201,0.0733977904497202,6.89619762003058e-06,1.86457792146564e-05,0.00134378787289364,0.0106196216637926,0.914377166244619,7
"19960",0.00479255827873346,0.000392553935359755,0.173247072370253,3.78102698087975e-05,3.019362431674e-05,0.821250536723774,0.000249274797754072,6
"19963",2.97488725679524e-06,0.000228695210715686,8.30678104629489e-05,3.95181648641521e-05,0.0477277923672736,8.29655303089683e-05,0.951834986029118,7
"19965",0.126773977686127,2.58229558206635e-05,0.686887279436801,6.44002425875455e-05,0.000113611762652997,0.186134894024428,1.38915823209431e-08,3
"19968",4.45911527947972e-05,0.0112853796928929,4.99235495678462e-05,0.186260336941113,2.43920126067839e-09,0.00217546573670106,0.800184300487729,7
"19971",1.50408111019279e-05,4.94509528627838e-06,0.000444355858146999,2.57742960639083e-07,0.000781574865702073,6.51833248774033e-05,0.998688642301925,7
"19973",0.000692634909753784,0.99513396513782,2.19952933679373e-07,2.31399361430461e-05,3.7473833448169e-07,0.00165426384373624,0.0024954014812781,2
"19975",4.9637438790323e-05,0.0252120874989222,2.78747865977746e-07,1.93681684869415e-05,1.74037206013252e-08,0.000151256811507434,0.974567353930707,7
"19977",0.000664059666425969,0.000369349217967763,1.17959712839381e-05,8.31522256578177e-05,1.94834675016365e-05,1.56431944314984e-05,0.998836516256731,7
"19979",5.19622075066667e-06,1.64582968527437e-07,0.879810241575657,2.56152656734033e-10,8.42949291969352e-05,0.120099614277246,4.88158028445187e-07,3
"19981",0.0010619457668391,0.607112974192091,2.98902820810991e-05,0.000688803662941303,1.31287884814501e-05,0.390812462903567,0.00028079440399896,2
"19983",0.372219357159774,0.406443048002715,0.000185268983738274,0.000541403645743253,7.52872186112154e-05,0.220514353812045,2.12811773726735e-05,2
"19985",0.00014839138471954,0.256329668011026,1.24118373854925e-08,2.73376568820488e-05,1.99082961263351e-07,3.61909493852018e-05,0.743458200503189,7
"19987",0.000323330902178834,0.601611274465947,0.000276302210833664,3.27978233449291e-06,6.34954414361814e-05,0.367684054856018,0.0300382623412524,2
"19989",0.00012255241443402,3.46352378043441e-06,0.823897307331483,7.71584210549743e-10,0.00212248931092649,0.173854184692714,1.95507769471424e-09,3
"19993",0.68924991188058,0.148677977599474,0.0183923223209867,5.47327038014887e-07,0.000243279259685514,0.12979846504111,0.0136374965711262,1
"19995",0.0377300328055716,0.0850707904081231,0.0543408333488346,4.65730504995832e-06,0.000134210068499684,0.818412510482751,0.00430696558116999,6
"19997",0.000414489718233744,0.99503327051232,6.80036290788396e-08,2.2245116471138e-05,1.74204835889313e-06,0.000402988658383185,0.00412519594260385,2
"19999",5.41617760285463e-05,0.978426807506149,4.38903869914246e-09,0.000518727330434184,8.27474582163513e-08,9.7396815505252e-05,0.020902819435386,2
"20002",5.09450814949714e-07,0.000354578263174388,5.03045956119387e-05,0.531703193983289,5.69727459110902e-07,5.75238852890721e-05,0.467833320094361,4
"20004",1.30157599286126e-05,0.0172104950451288,0.00692996604548671,8.67981666458964e-05,9.47828025705701e-06,0.974443405308503,0.00130684139405008,6
"20006",0.411972273706791,0.00217155944701881,0.107258785336761,0.0020586354658597,0.00107670170395737,0.474840226113445,0.000621818226166938,6
"20008",0.803419992884153,0.0013590438709284,0.180419275295847,4.41208878263869e-05,0.00123488822154944,0.0134667727623842,5.59060773112675e-05,1
"20010",0.411297485069682,0.00419658667177079,0.103559147189598,1.07608515253368e-08,0.0217892054313768,0.459155531156536,2.03372018477153e-06,6
"20012",0.00292602485535486,0.215920562626407,8.55087345135929e-07,0.00766535196281133,9.94540916516963e-08,0.000113742116813613,0.773373363897176,7
"20015",0.00162965843600422,1.33704446653451e-06,0.931047880497429,4.52417907960099e-07,6.24569196310874e-07,0.0673200316302167,1.5404779545227e-08,3
"20017",8.6097319794018e-05,0.987826968491452,1.80369882074703e-08,0.00153722342432868,1.49399611980911e-07,0.000489897444114307,0.0100596458837108,2
"20019",7.23946610506816e-05,4.09339540154361e-09,0.994281649280334,2.1886906174727e-11,0.000151749753207833,0.0054942015266333,6.63492114231512e-10,3
"20022",0.00408311796833175,0.000466634527959917,0.0443440460233474,8.23459324440585e-09,0.000582461944236144,0.950523233640959,4.97660572491595e-07,6
"20024",0.000236792265545165,8.9089838338511e-07,0.680530977357068,6.89189438222684e-08,0.292480666950155,0.0267505830386659,2.05712390705839e-08,3
"20026",0.000236792265545165,8.9089838338511e-07,0.680530977357068,6.89189438222684e-08,0.292480666950155,0.0267505830386659,2.05712390705839e-08,3
"20028",1.89173577104359e-05,0.943887250743468,9.5112269796153e-09,6.24190585850218e-05,5.07035444781284e-07,8.27974834230395e-05,0.0559480988101424,2
"20030",8.06120770343761e-06,2.62458596384587e-05,0.422692089943348,5.58191248546478e-06,2.85840728847218e-06,0.577167195271502,9.79673980338032e-05,6
"20033",0.000241795846142373,0.810883794833845,3.87478835011905e-06,2.27255840326761e-05,3.61838654555522e-06,0.0159945351329753,0.172849655428109,2
"20035",0.000161402477688823,1.93457162567166e-08,0.990553679714154,7.29121561068551e-11,0.000321983706136916,0.00896291374347032,9.39921089300379e-10,3
"20037",0.000478185058669669,3.30520179164672e-08,0.983487425854262,4.12870276432297e-09,3.97083752661593e-05,0.015994643497859,3.32222383036434e-11,3
"20039",3.80819962312429e-05,1.66851676094349e-08,0.000667959023760178,5.88110820120121e-11,0.999287771366151,6.17084801371301e-06,2.18655392606505e-11,5
"20041",0.97617024353591,0.00513913903516117,0.000426144309024779,3.74904216229772e-06,0.00121470938163995,0.0170173722039051,2.86424921964095e-05,1
"20044",0.838412218772323,0.0293687114960195,0.00384597028382826,1.98880780061495e-05,0.00975073574479026,0.116750838028016,0.00185163759701763,1
"20047",2.73673795490182e-06,1.57886499038327e-09,0.993120412756297,1.50527618097058e-11,0.000468742124746314,0.00640809680772626,9.97935735430795e-09,3
"20050",0.50994703455435,0.0018768308418295,0.0410843240421471,5.59011513961508e-10,0.433137463699337,0.0139388237736369,1.55225296876825e-05,1
"20052",0.0264861124890515,0.821217878805338,0.000219610991758149,3.57554889995752e-07,0.00137046813921492,0.119260117580807,0.0314454544389401,2
"20054",0.000148511523455637,4.35622423112547e-05,0.0870522115174286,1.17644609866742e-05,4.12281403906936e-07,0.912741065643901,2.47233051286675e-06,6
"20056",1.85897960135796e-06,0.00129649284659806,8.08715641590917e-06,2.31139226096725e-07,1.05595353623336e-06,8.3830649392264e-05,0.99860844327523,7
"20058",0.000298491538090427,2.54098449112841e-06,0.802492677643544,1.1709889886844e-08,0.000568845627623722,0.196637432034295,4.620649822407e-10,3
"20060",0.00183307789707152,0.993873994559532,4.51801570245731e-06,9.05421760819284e-06,1.36632842794261e-05,0.00411664464499667,0.000149047380809627,2
"20062",0.295626931158308,0.677431859746252,0.000109245224769806,1.94130200616138e-05,2.04384832449562e-05,0.0267019326509917,9.01797163716814e-05,2
"20064",0.000142991888684603,0.00255448362611146,0.0115319265908209,3.52664534659307e-08,1.83415923510784e-05,0.98570201939531,5.02016402682334e-05,6
"20066",2.68571723748745e-06,9.96096099985699e-07,0.832813031581884,5.29514119516311e-07,5.02882052269835e-06,0.167171297510856,6.43075928028849e-06,3
"20068",0.0134085585065253,0.984986654871315,1.98083150213594e-07,0.000838979162210947,1.76289659507749e-06,0.00073106321036675,3.27832698365691e-05,2
"20070",0.0216771291590751,0.977022709446605,6.3878217849351e-07,4.12511843722119e-05,0.000376656168945566,0.000863166066044528,1.84491927794248e-05,2
"20072",0.0163927151523494,0.000100782637341996,0.499625033535571,0.0071117689599249,1.56096049321673e-05,0.476754072521236,1.75886448390074e-08,3
"20074",1.19739629464943e-07,3.67916863840653e-05,2.47088769255785e-09,0.000242345805519961,1.29274905214218e-09,5.26371945844707e-08,0.999720686367635,7
"20076",0.000321041434832374,0.0259052703190165,0.000144846090930416,0.283345591806338,5.3137895820359e-08,0.0410401775837059,0.649243019627281,7
"20078",0.00156321085727386,0.0042153859484349,0.0208579678748712,2.53064851806421e-07,0.000900259150103078,0.972425064384966,3.78587194996579e-05,6
"20080",0.000113351132939268,1.30342578852268e-07,0.951354310152716,1.97312966832332e-11,0.000222996664017925,0.048309205058298,6.62971854962309e-09,3
"20082",6.62097502828968e-06,1.03283810418405e-06,0.00197152008298354,7.11952811117062e-12,0.997378805822523,0.000642002547858582,1.77263825984017e-08,5
"20084",0.000256377203742827,0.00198142257939193,0.0472494757073229,9.90790236946376e-08,0.0061307215620634,0.926338420196863,0.0180434836715925,6
"20087",0.0635500417322012,0.00492839535017963,0.0904144894007736,2.57051474474944e-05,0.000364511694287672,0.8407165578771,2.9879801012075e-07,6
"20090",0.0220288542728562,1.52676432770823e-06,0.952062775196432,4.14161437204613e-11,0.00458864457809452,0.0213181604764891,3.86703844946115e-08,3
"20092",0.20397462571895,0.013593205958187,0.00060150664575904,0.000403824326750698,0.753921941789351,0.0275048632310753,3.23299269903894e-08,5
"20096",0.0729769996418288,0.252692900472797,0.000161899138789403,5.2529249705819e-06,0.632669770647,0.0358020282646912,0.00569114890992242,5
"20098",0.000414338443415948,0.84387141861567,1.04014300610994e-06,2.54009186508498e-06,8.0139542247181e-06,0.00298167497575005,0.152720973776067,2
"20101",0.000373829973417346,1.92959812781556e-05,0.66096335030366,1.38129832324562e-09,0.000761423618415004,0.337754319180058,0.000127779561872998,3
"20104",0.00248753175515607,0.475974661242149,1.11632024546948e-06,0.40357350916603,0.115673597111307,0.00134471459200556,0.000944869813108039,2
"20106",0.00713677773910547,0.000188285510944542,0.417372870554067,5.64823018332838e-09,3.4814420694867e-05,0.575208181238911,5.90648880465798e-05,6
"20108",3.0005624693466e-05,0.985434562338457,8.68494405142613e-07,8.87620583706284e-05,9.64639729520782e-07,0.00571022770709754,0.00873460913724612,2
"20110",0.423366099352465,0.228668108085832,0.000310169820418201,1.4178841060599e-07,0.229396817627462,0.00660066685212833,0.111657996473283,1
"20112",0.392904507766335,0.00401255861412471,0.351871509534846,1.77652447672932e-08,0.00948196159330153,0.241710509251594,1.89354745546688e-05,1
"20114",1.47467575541509e-05,0.00722066365859081,0.00656309997720854,3.63894368923349e-07,0.000400208561257244,0.965180994495709,0.0206199226553111,6
"20116",3.83819224460085e-05,0.000680514420769787,0.0225185822038537,1.38207941565925e-05,1.40299902870967e-06,0.968258613009313,0.00848868465043255,6
"20118",0.000460529484947951,0.352581580310327,0.000243455833844888,1.07726889598132e-06,0.000183292768856566,0.604393953496269,0.0421361108368584,6
"20120",0.00714498937816662,0.00200017664884664,0.277969812301765,9.38155270888106e-10,0.0252281046072166,0.686843318285,0.000813597840849253,6
"20122",4.09776144169296e-07,0.000978827409060447,3.33887842848784e-08,7.18046988245119e-06,1.06556545050329e-08,2.16634543347284e-05,0.998991874846139,7
"20124",0.00102303107225398,1.35479384042314e-06,0.67355593441471,1.10082001023469e-07,0.0013513604279098,0.324068207993619,1.21566501254569e-09,3
"20126",3.90420367999201e-05,2.23877129941187e-07,0.00372614109951931,6.16242766325209e-08,0.994818585141867,0.00141586639942163,7.98209855210236e-08,5
"20128",4.37147442726559e-05,7.80663509934804e-10,0.850030452113591,3.22947449207499e-10,0.148963320507899,0.000962511273432377,2.57193701451456e-10,3
"20141",0.000154506086377485,0.902175957965652,2.34546432463881e-07,5.83083164836601e-05,0.0439451429650124,0.00182216328920146,0.0518436868308408,2
"20143",1.38883580834683e-08,1.86531831056214e-05,2.1041521042598e-09,3.72094161618468e-06,1.87362349882894e-09,6.40460489491854e-08,0.999977543963096,7
"20145",0.00629101214964084,0.00158839945139764,0.0992514616205357,6.62355967104167e-10,0.00282271964751778,0.890043170711468,3.23575708362952e-06,6
"20147",0.000310994709893483,0.000147353122069862,0.0450216619469856,5.66385914005558e-09,4.04735348450624e-05,0.954477791235068,1.71978727832561e-06,6
"20149",6.17992068731293e-07,0.00103366669211185,4.23834331001519e-09,3.72804270649353e-06,2.39648234710835e-08,2.03628692371968e-06,0.998959922783022,7
"20151",0.000588435514858675,0.949039911559043,1.59849715193622e-06,1.92729626535793e-06,2.98912118515552e-06,0.00230069186483385,0.048064446146662,2
"20153",0.00391719165025467,0.376885150628478,4.63844814589518e-05,2.61807198244215e-08,0.0116172329160176,0.00316662753323836,0.604367386609833,7
"20155",0.0503092634241414,2.60915045174045e-05,0.414343723203952,4.46902716230062e-08,8.41382454620336e-05,0.535236420206353,3.18725302370253e-07,6
"20157",6.61136512794743e-05,0.582384654079803,1.05719026144562e-06,1.69793963689803e-06,9.79118259479136e-06,0.000762217613745252,0.416774468342679,2
"20160",2.05801848683101e-08,2.94292221901525e-05,4.22833709669861e-09,5.16567647859095e-07,5.19500711230255e-09,1.6325919352294e-07,0.999969860947439,7
"20162",3.63350690974209e-07,0.00471940110983223,1.26039619870175e-09,4.34883011107162e-06,9.52098520084642e-09,1.11617118019177e-06,0.995274759756804,7
"20164",0.0010145081020732,0.0502559503383788,2.64896266953026e-06,1.61502180189219e-06,1.22418240707382e-05,0.00015259245006234,0.948560443300944,7
"20166",6.01760831311731e-05,1.5924897369551e-05,0.863963880954361,0.000135034328373789,1.37567134717985e-06,0.135041978161226,0.000781629904191231,3
"20168",6.55177048792782e-06,4.60422676161407e-06,0.000904099577699717,0.998263727618183,6.07958574320138e-08,0.000323585888901413,0.00049737012210893,4
"20170",0.00021181471279565,0.75005724066517,5.62338223227879e-07,1.05956164952731e-06,4.42652927284143e-05,0.0043039324147676,0.245381125014665,2
"20172",0.0012858058921913,0.000258146086408136,0.0454719455708917,9.9974870091677e-09,0.000500463007815073,0.952483620092206,9.35300038265247e-09,6
"20174",3.31820030123548e-05,0.739991260668974,1.1404069433633e-08,0.120373696534794,2.09800677879584e-08,9.1581288203765e-05,0.139510247120879,2
"20176",8.33878064927054e-06,2.3555995656593e-05,1.16253971910557e-05,0.999901873105287,4.54022648890856e-09,5.2280496829615e-05,2.32168416008896e-06,4
"20178",2.46576401894593e-08,1.45121831347135e-05,6.7876187922858e-09,2.33387428091209e-07,1.02510767713828e-08,1.28958820796499e-07,0.999985083774281,7
"20181",1.40653936093763e-05,3.21727926664619e-05,0.476400195441202,1.0063279777827e-06,3.65969461903819e-06,0.518544644168704,0.00500425618122045,6
"20183",0.007683557220801,0.931696422391959,2.10222691285572e-05,3.0589190337695e-06,0.00146647029600095,0.0591237378962976,5.73100677872424e-06,2
"20186",0.155591804233725,0.707876857171343,0.000561060986792807,0.00437188741752634,0.00644767096627078,0.125150585812788,1.33411554240328e-07,2
"20188",1.29632458827988e-07,0.000253096914343553,3.87221387790513e-09,3.45824674703609e-07,1.48736006489547e-08,2.36109299106171e-07,0.999746172773409,7
"20190",0.000161474742105195,4.9994504116582e-06,0.781557462073793,1.68304192366614e-08,6.3892170647325e-06,0.218269464097159,1.935890479614e-07,3
"20193",0.000164232866526849,0.000102977799857299,0.00104118988797705,0.018674481639932,2.05047932383004e-07,0.000117088169356768,0.979899824588418,7
"20195",0.00441870530889723,0.186626382808869,4.11828195800193e-05,1.81695617819075e-06,1.290222798914e-05,0.00303447191040894,0.805864537968078,7
"20197",0.0197622598706294,0.000246789098626623,0.136145089479084,4.64895012523861e-08,0.000224879961775291,0.843620899711081,3.53893014876263e-08,6
"20199",6.54669431814839e-05,0.084379199219372,2.38926840302195e-08,7.30014274200634e-07,4.43504502041817e-06,3.42158053916509e-05,0.915515929080076,7
"20205",0.000495221302598765,2.29134199216483e-06,5.05747762113158e-05,3.77356405158422e-11,0.99942860558381,2.33057567129045e-05,1.20093940350389e-09,5
"20208",0.00304336315053423,0.973399251003682,1.13899356049897e-05,2.24729347701386e-05,6.66450710807343e-06,0.0138362990106256,0.009680559457675,2
"20210",1.95153571278243e-06,0.0165636773728596,4.85774649036828e-09,1.80270283957471e-06,5.36438167160094e-08,5.07340962606164e-06,0.983427436477399,7
"20212",0.000315371476248762,0.153371663448912,1.72538985744943e-06,3.34804156953168e-06,2.77688363629751e-06,0.000456182689370904,0.845848932070405,7
"20216",8.95424268049133e-05,0.000280779711588703,0.0580864606806334,1.00450092542714e-07,1.88526594921401e-05,0.941501334406533,2.2929664854988e-05,6
"20219",0.0124389195148347,0.00162893357123699,0.0658407957319078,1.79341576971575e-09,0.698081362636724,0.221970943437624,3.90433142564425e-05,5
"20223",0.00136236679031587,1.1809512203128e-07,0.99183569179327,0.000436488677794549,1.57958093766695e-05,0.00634953874617555,8.79457528803956e-11,3
"20226",0.974427207915241,0.0221267112773926,0.000290218032653214,7.80935698399743e-08,0.000201383296169785,0.00285280742193295,0.000101593963040957,1
"20230",5.09471467216512e-05,1.17897415842611e-06,0.89859499636599,9.12252089402936e-09,2.55690944515122e-05,0.101327285223016,1.40731410868788e-08,3
"20233",9.77616861875252e-05,0.000689619450498082,6.8880004585891e-08,1.45223150934128e-07,0.999206091040681,9.87053335802179e-07,5.32666614260616e-06,5
"20235",0.116454254578295,2.24110258564619e-05,0.682207492585709,0.000144912447920701,0.0197785453121198,0.181392381630725,2.41937364297096e-09,3
"20239",0.243531513441522,0.00160230164102431,0.160881349925487,0.00280397134965623,0.000312229388678463,0.590867850665631,7.83588001709962e-07,6
"20254",3.56151654419565e-05,1.59886876853238e-07,0.00565660903193586,1.36040195387627e-12,0.993894059701861,0.000413554706427122,1.50609690119842e-09,5
"20256",0.00028255471012992,4.87086628260126e-06,0.195545170008362,2.32504694415349e-07,0.000140107502875137,0.804027062476823,1.93083337859705e-09,6
"20262",6.62434625839304e-05,0.427730499785294,3.4767144503003e-07,1.30024652598103e-06,2.74944827384525e-06,0.00118256754025524,0.571016291845622,7
"20270",0.000671064071931545,0.0125174801365397,0.478545731640512,0.00317514411951997,1.35669148887449e-05,0.500115325452394,0.00496168766421441,6
"20284",0.0542405600575639,0.359744924580329,0.000444596695491932,1.71705223089722e-07,0.568597442496502,0.0169615082469974,1.07962178923914e-05,5
"20287",0.000364551139063129,6.12284120602521e-09,0.995841159989834,1.15342044669072e-08,5.16439632967941e-06,0.00378910674404924,7.36779693379171e-11,3
"20290",0.00276430621206376,0.000702462102636371,0.000338435434023913,8.29531694824608e-11,0.995674938705498,0.000510724055283469,9.13340754170683e-06,5
"20293",0.000104864451143078,0.00190695177635994,0.0024568777407941,8.3686973223311e-08,0.00032462672916008,0.995205815794085,7.79821484302247e-07,6
"20296",0.000520894579005807,0.242355873799735,8.53419995902928e-05,0.0150927198341327,5.08385598791943e-08,0.0461146243114587,0.695830494637518,7
"20301",4.8456120934963e-05,2.67822091331919e-09,0.999429161871845,1.28156814366102e-09,5.77300983193811e-06,0.000516048121765358,5.56915833671005e-07,3
"20304",2.96545686780886e-06,2.16337856463763e-06,0.000729102937962356,2.23855493286035e-11,0.997207494668689,0.00205824821766465,2.53178653907327e-08,5
"20306",0.000193493617922239,1.66662329546694e-06,0.886814227911665,1.1572510915153e-08,0.000939961576462383,0.112050638314729,3.83414582721534e-10,3
"20309",0.120019865794856,0.0817378914189711,0.0128968493036164,5.50514131346065e-07,0.00223565243013444,0.783052379296405,5.68112418853439e-05,6
"20311",0.000599859057058942,0.00100628106837,0.122000096087638,7.45199438254451e-07,0.000489253263901678,0.875671078530213,0.000232686793380075,6
"20314",0.000961243541096155,0.95744350979444,1.24958559534681e-05,2.78098432197358e-07,5.19312001199864e-05,0.0250659806844326,0.0164645608255252,2
"20318",5.32004323548576e-08,6.60258057799127e-05,1.34065932616773e-06,4.33827466640779e-06,2.77037088644452e-08,5.27778631002949e-06,0.999922936569776,7
"20320",0.592265488607735,0.403129830107613,4.61307446076816e-05,8.34192973102077e-06,0.00199910954648732,0.00146320281345199,0.00108789625037483,1
"20326",0.000416713542667029,0.925033087390133,1.79936944640953e-05,6.96273183084857e-07,0.000134105084963299,0.0348721313296967,0.0395252726848934,2
"20328",0.213333718645641,0.779825104288109,1.68907176202306e-05,4.19333917988624e-06,0.00232615003451388,0.00448733591068853,6.60706424824473e-06,2
"20330",0.866500424735632,6.62293215442873e-05,0.100998913195034,4.60448226767662e-07,0.00226267352274716,0.030170901761805,3.97015010630854e-07,1
"20336",0.00115922702472205,0.0053414392862075,0.000226909872326174,2.27410345721815e-09,0.973675442533487,0.019596823612462,1.55396691520433e-07,5
"20338",0.00206794616018741,0.000230543981937952,0.00134092010205135,1.3251357083004e-09,0.980749762361744,0.0155599129492483,5.09131196952049e-05,5
"20340",8.9100691012524e-05,2.36130062388778e-07,0.897102079616665,2.43583204161209e-08,0.000139723227010764,0.102668827560676,8.41625242224126e-09,3
"20342",0.0205371092717594,5.50802822474635e-05,0.00138403511698468,3.03694465369498e-05,0.977758161205882,2.25355243900209e-05,0.000212709152199436,5
"20344",0.000270620712293315,0.000440240751414548,0.209631257031743,1.79925619907347e-07,0.000443379886647865,0.789214150045501,1.71646780713623e-07,6
"20349",4.60502453297229e-05,4.95806824301156e-06,0.539770180185422,1.16084313744213e-07,0.000100332802942738,0.46007836098293,1.63081828022531e-09,3
"20351",0.0018537068867642,0.00344448452039974,0.00692778608488439,1.447110225975e-07,0.00328759368074459,0.984397315687069,8.89684291157284e-05,6
"20353",0.707630902251785,3.64770215505329e-05,0.227979046752849,6.17379664521304e-09,0.0155773165257762,0.0487762348670804,1.64071625299301e-08,1
"20357",0.0017188135614178,1.07762132595064e-06,0.000912534220726091,4.76125535030961e-11,0.997295595149666,7.1979321140831e-05,7.81107960773506e-11,5
"20360",0.728714300001693,2.66933584474766e-05,0.00937207367938564,0.000254259569911875,0.261020921067852,0.00061129676828456,4.55554426006564e-07,1
"20364",0.324991962575532,0.0109600042097072,0.0961902275153488,1.53631101575434e-08,0.00184177233647149,0.566010059406771,5.9585930595429e-06,6
"20366",0.000259035488999813,0.00141225717597108,1.97223041459609e-05,1.64606566178162e-09,0.996802554086222,0.00150393905573396,2.49024286162082e-06,5
"20381",3.99162769845226e-06,0.00308761051093031,1.16019211658739e-08,0.983759108451259,9.57602756193648e-08,5.01649459542145e-06,0.0131441655533204,4
"20391",0.526677414628258,0.0111691405296182,0.0267458480618849,0.263986338852109,0.0149886054883971,0.156432638283686,1.41560463032235e-08,1
"20394",0.0213378770274047,0.974909794764857,6.25541247754103e-07,0.00169661670945205,2.01437706578942e-06,0.00147484199154893,0.000578229588424079,2
"20396",6.62596930601904e-05,0.317587788065355,2.43420287035775e-09,0.674468063401499,1.1005859811518e-08,8.99391323848478e-06,0.0078688814867841,4
"20409",9.68861319940279e-05,0.0706082163155228,0.0156789308911281,2.1839388486585e-06,0.000451819199260644,0.820270834772267,0.092891128750979,6
"20411",0.029023277670664,4.67724293029477e-05,0.317588851895651,6.07621017551504e-09,0.121958043317121,0.531383047522703,1.08834804274831e-09,6
"20416",0.000122812709169043,2.96660900553427e-09,0.261224899721353,8.11698336468049e-11,0.737807803212476,0.000844481298489685,1.07330600787936e-11,5
"20418",8.07800786311996e-06,0.238869148469863,2.08714240639917e-09,0.718518212682021,5.70882272524587e-09,8.73046154510687e-06,0.0425958225827426,4
"20420",0.000356568828088957,0.00750371624124052,2.51728573378296e-07,1.76147204072222e-07,0.992044679587824,4.24925112165918e-05,5.2114955852063e-05,5
"20422",0.0288608641938489,7.65932065052125e-05,0.89361212075541,1.76676985758703e-08,9.3397032807627e-05,0.0773317776895892,2.52294541400866e-05,3
"20424",0.10044681214743,3.14656264884717e-05,0.449361526661955,2.72150027381403e-09,0.0382607509219145,0.411899437924168,3.9965432188591e-09,3
"20426",2.13742361118825e-05,3.06694321142053e-06,3.30957147720493e-06,1.14990026167315e-10,0.99991385982672,3.47159337187709e-07,5.80421481521445e-05,5
"20428",0.0497331385453141,0.00517492519265416,0.0119165815406199,0.000890361110369915,3.46398956877851e-06,0.932278900666597,2.62895487607415e-06,6
"20431",0.331712083971935,0.547688195573831,0.00234549199807842,8.5204677079378e-07,0.00458774235388244,0.0278080951976214,0.0858575388578803,2
"20433",0.000151161352408081,7.54296017911104e-08,0.986731776134972,5.10435865021494e-05,1.14584508210047e-06,0.0130647959197262,1.73170738434538e-09,3
"20436",2.14930132727944e-05,8.11475652829317e-06,0.0009152646685054,0.99689732060534,3.13326965743036e-08,0.00215432591123606,3.44971242082578e-06,4
"20439",3.86492474353419e-05,0.659175174180842,8.59518555357678e-09,0.198631494096479,1.70425530393519e-08,4.01587698214207e-05,0.142114498067684,2
"20441",0.00921521901329894,1.14809939841135e-05,0.000177969103190187,1.21442269753798e-10,0.990335668394607,0.000259597716402026,6.46570750758152e-08,5
"20444",4.13276620643202e-08,0.000135564399217836,1.43992888084502e-09,1.08993196755209e-06,3.78252475233929e-09,1.72545230590688e-07,0.999863126573468,7
"20448",8.70602875005615e-05,0.803140462734624,0.000163455399210879,0.000130141996115016,0.00145659112378445,0.0591172597745956,0.13590502868417,2
"20536",0.00475480962915396,0.176518707401203,8.65542523535723e-07,0.817187892478881,3.47767584650576e-07,0.00153198487654759,5.39230410599375e-06,4
"20538",0.000116420333994396,0.00867113999568017,0.00258113503178512,2.12249711237092e-06,0.52873498069849,0.459893888497063,3.12945874492223e-07,5
"20541",0.00164243637436065,2.93736170993109e-07,0.945290319959874,1.97623598174932e-11,0.0179426500020928,0.0351242986932369,1.21450194399509e-09,3
"20544",0.000969509643394771,0.141449544969638,0.000624109578661829,6.41624091164956e-07,0.000312362760627803,0.855580517922275,0.00106331350131116,6
"20546",0.0123932626528259,0.00023957787670881,0.322417373336555,5.81534273185104e-09,0.0061808308287665,0.658768944327188,5.16261298076214e-09,6
"20550",0.994968432343711,0.00145933522422709,0.000781992905838514,4.71213957347383e-07,0.000164693124441025,0.00257226070948795,5.28144783364769e-05,1
"20553",3.55091797794113e-06,5.82680883707462e-10,0.531148206330001,4.00279803800173e-10,0.468675247656926,0.000172860125111187,1.33987023276181e-07,3
"20555",0.00165843075498101,0.000410660599363671,3.63163318819922e-07,9.09620671750191e-08,0.997927800783768,2.63406382877388e-06,1.96726726142801e-08,5
"20557",0.96654861061191,0.0102682829383531,0.0012145775103947,9.43333260004988e-09,0.0123467391332467,0.00944396990766467,0.000177810465097759,1
"20559",0.000301173296505468,5.87982298271095e-05,0.241140088495533,2.39534105878851e-09,3.21219532598433e-05,0.758466755418348,1.06021118565679e-06,6
"20561",0.000541316225532031,0.702200989645026,3.41317380139319e-06,3.0229857209206e-06,4.41149576442815e-05,0.020483564607394,0.276723578404881,2
"20564",2.46576401894593e-08,1.45121831347135e-05,6.7876187922858e-09,2.33387428091209e-07,1.02510767713828e-08,1.28958820796499e-07,0.999985083774281,7
"20566",0.13043841878818,0.0230037294605944,0.0485889616718863,3.06281475301451e-05,2.69551731941581e-06,0.797890144972157,4.54214423333265e-05,6
"20569",3.88082345024249e-05,0.936983918681748,2.97995450973261e-08,0.000197300216002957,1.12001401732722e-07,0.000126830152539425,0.0626530009142603,2
"20572",2.38070972665557e-06,0.102081156336994,4.13808180418743e-08,0.00044036529068396,1.58147931018704e-08,5.47007094543868e-05,0.89742133975753,7
"20574",0.00247585743187237,4.1533612137666e-05,0.598947377884888,3.90827637974912e-10,0.00141533865140631,0.397117434305823,2.45772304489096e-06,3
"20576",1.16921199174055e-07,0.000108028933703142,2.19392059554899e-08,1.81539869470373e-07,3.69305663031017e-08,2.57340292488143e-06,0.999889040332531,7
"20578",0.00711687600025813,0.0153192560016614,0.0040830268093384,1.87393130490339e-07,0.000114004019880557,0.972362844767459,0.00100380500827209,6
"20580",0.00092806998188828,0.0289025302418542,0.0111510500991297,4.56878002619962e-06,1.53035411915474e-05,0.958984420661546,1.40566943645948e-05,6
"20583",7.12299285468349e-08,5.285199847814e-05,1.93035237773797e-08,1.75405906845839e-07,2.64828813397735e-08,1.43738043822646e-06,0.999945418198843,7
"20586",0.000898607116242974,0.011814816400479,0.0126282412823756,2.1474381140995e-07,0.00059758574704122,0.974060036689085,4.98020964488293e-07,6
"20589",0.00573221793890782,2.96413288838288e-06,0.633234490495282,1.1023799876685e-07,8.16854465125034e-05,0.360948531330988,4.17422375166463e-10,3
"20591",0.818602068957774,0.097796792644105,2.93555436953336e-05,9.96676870642486e-06,0.0787757479297734,0.00478430707739878,1.7610785471203e-06,1
"20593",4.82482211748401e-05,1.45760728713539e-09,0.995768178738983,9.81121186778939e-10,2.16043446564691e-06,0.00418140883080381,1.33584383317175e-09,3
"20595",0.000107980725660023,0.000400019017047698,0.0307443640644531,1.21900542873459e-08,8.63929270656646e-05,0.968647866355038,1.33647206811742e-05,6
"20597",6.77105165779718e-07,0.000823825626815237,6.10555351192123e-10,0.999173203161768,5.58055745965567e-10,3.84301976286726e-07,1.90863566356736e-06,4
"20599",1.4702613662436e-08,2.48821916641138e-05,7.80994431985377e-09,4.23849239059322e-07,5.38483813781795e-09,2.01310597310209e-07,0.999974464751103,7
"20601",0.0236392837947241,0.972507945898296,1.14851665375405e-06,2.61546852278996e-06,3.76640735397584e-05,0.00366541586048521,0.000145926387778758,2
"20604",3.34425985534168e-05,9.56453330663642e-07,0.872437685457355,1.03689064903633e-09,1.76345833990775e-05,0.127509809531022,4.70339449824763e-07,3
"20606",0.000436178882530396,5.94872189316242e-07,0.918016976789137,1.46085356604065e-09,1.69362896767843e-05,0.0815293042480273,7.45758566418391e-09,3
"20608",0.0371555618466765,0.000100799617254994,0.461145489897968,1.61699573754907e-06,4.33743550709478e-06,0.501592012107274,1.82099581936109e-07,6
"20610",6.63515114908514e-06,0.000771694756027023,1.83787813968543e-07,3.03497104450675e-07,2.0971033484951e-07,1.17308639223371e-05,0.999209242233648,7
"20612",0.00017083047881215,0.00043467041227759,0.105237517952243,0.7271390427026,0.101265788053425,0.0650068573946082,0.000745293006033602,4
"20614",1.02315938220649e-05,0.00777735329336167,1.09702138420687e-08,2.95105428883185e-07,1.80147380836261e-07,3.14908992933519e-06,0.992208779799863,7
"20616",0.0010968590176911,0.959215185410275,5.40167996651753e-05,2.78022524301298e-05,0.000101113184629838,0.0391996968648439,0.000305326470464956,2
"20618",0.000894954136121525,0.000202830742717062,1.31233633188003e-05,3.95982447728015e-10,0.998784301625841,9.93264377633425e-05,5.46329825553523e-06,5
