"","V1","V2","V3","V4","V5","V6","V7","V8","result$classification"
"19812",4.78476077509676e-05,0.000444077811917363,0.046910585638443,0.000202639020479253,0.198556349578597,1.85163937180621e-06,0.753744993230776,9.16554726642327e-05,7
"19814",1.59873280207727e-06,3.0452627172915e-05,0.00081999750674914,3.60399889675072e-06,0.0127169880770754,0.00296344393444274,0.983462444340786,1.47078207475414e-06,7
"19816",3.78297059609002e-05,0.180996162314415,0.00909852553600537,1.25076279420702e-05,0.805837522265583,9.19661287953626e-07,0.00401652655003425,6.33877066503818e-09,5
"19818",1.62408355678206e-05,0.000765303459448221,0.000389970305920985,1.20866431071048e-05,0.551175515765534,0.0100650067150054,0.437573465240524,2.41103489170229e-06,5
"19820",4.54159481342737e-09,0.996592673634386,3.98977525120091e-05,0.000227528452673826,0.00313988923340516,3.03221674842343e-10,5.70003775045796e-09,3.82168419040022e-10,2
"19822",1.98306592293823e-07,0.870815643886742,0.0131258984392818,0.112052447355557,0.00399476164250097,1.02996391595255e-06,3.19319103551328e-07,9.70108630691083e-06,2
"19824",0.000116511498173093,0.419649900001781,7.74308996636482e-06,7.34044131626887e-05,0.578710433449206,0.00132276902591656,0.00011896911144103,2.69410353552459e-07,5
"19826",0.0104880135544988,0.0018547127883641,0.132599969188853,2.28844523624044e-06,0.0786347741870936,4.03610506655592e-05,0.776378208239968,1.67254532150095e-06,7
"19828",1.14687129103471e-07,0.549069127352615,0.000229325011033806,0.00220729642057989,0.448373720915283,2.15728275686677e-06,0.000118109851933425,1.48478669392359e-07,2
"19830",0.000968306723790975,1.38928268053069e-06,0.081505112786014,1.10550782231184e-05,0.00488480510194983,0.000133209784931356,0.909491305605627,0.00300481563678358,7
"19832",2.46208948825416e-06,0.0113778821789922,0.037881027029032,0.666293410091009,0.123706314949,1.77096032670809e-06,0.136696845155603,0.0240402875465487,4
"19834",3.12182105670501e-07,0.0424200431353683,0.786995196309649,0.0102331849126482,0.152007368027528,9.91851815713762e-05,0.00823660562767181,8.10462345788466e-06,3
"19836",0.0176789299932871,0.00162273132730128,0.00199490752971916,6.98292392017805e-06,0.93163681193395,3.29705435674855e-07,0.0470376432526579,2.16633337290799e-05,5
"19838",2.26968231651307e-06,2.09528705621101e-07,0.000567926056188102,2.2297107294244e-06,0.00033296792858159,0.000361998437430924,0.998682738476065,4.96601799830316e-05,7
"19840",0.00064466496969717,0.0418142919811804,0.798787922070513,8.54883573629149e-06,0.140311280004432,3.66262345007444e-06,0.018429569494222,6.0020768923162e-08,3
"19842",0.945379803082426,7.37478107992542e-08,0.00036641810453367,9.66283591965944e-10,2.54944048464913e-05,7.66510459545728e-06,0.0542154350160179,5.10957348601188e-06,1
"19844",1.43654340744974e-05,1.68380575972826e-06,1.50075686963755e-07,2.18318392970287e-09,1.08533174029357e-06,0.999976961355905,5.73366407089249e-06,1.81495784818791e-08,6
"19846",0.00277875062089957,2.90978927383604e-08,5.5778772339837e-06,9.58148428649841e-10,0.00020439350407529,0.0823707555153021,0.914638071136476,2.42128997173075e-06,7
"19848",0.000123275518756753,4.58123003587339e-08,1.48081182885705e-05,6.42860623923485e-09,0.000235106795890062,0.0307668416247581,0.968856938112276,2.97758912406778e-06,7
"19850",3.00802625901179e-05,2.65968648125606e-06,0.000110244610244646,1.72042646050802e-07,0.000731113102037012,0.245287208696378,0.753836328903868,2.19269575448242e-06,7
"19852",1.52400106857956e-06,0.00586082413611811,0.00173041746225593,3.4423646689682e-05,0.970760115895226,9.9564820203811e-05,0.0215126723438018,4.57694635765575e-07,5
"19854",2.47784509505129e-05,4.16394526862441e-08,4.23397084237448e-05,2.14060607664378e-08,0.00018153970491374,0.00273401865503759,0.997013376262326,3.88417283521048e-06,7
"19856",0.000117833374140206,6.64669156349617e-05,0.000437894469259843,1.25701506132662e-06,0.000138382156743408,0.988314654976762,0.0109218402491349,1.67084326301995e-06,6
"19858",1.06067951580171e-05,0.00320016870747969,7.27723816429333e-05,3.36731899862892e-05,0.00617755426076221,0.98988809659115,0.000613500567220517,3.62750660020485e-06,6
"19860",1.64984213137861e-05,0.0159620763215161,0.175032961498696,8.47690991637208e-05,0.547381743936922,3.57956416545465e-05,0.261485527363715,6.27717018253263e-07,5
"19862",0.0089103907112934,1.03217934678182e-08,1.27048815463666e-05,6.56163884146716e-10,9.05343720899343e-05,0.00277360685989022,0.988208014724203,4.73747301940057e-06,7
"19864",0.999978000772736,1.37046776476119e-06,3.42576764352025e-07,7.21954601919109e-10,1.73731677034926e-05,7.35836992140007e-07,1.12114087813156e-06,1.0553152065003e-06,1
"19866",0.0192448751857971,0.222011556350495,0.0815599811484099,1.10226071697549e-05,0.676616653334874,8.52857863446808e-07,0.000554888390232334,1.70125158298042e-07,5
"19868",6.13678115696395e-08,7.5640620770004e-07,0.00249596850060741,0.0445566922989214,3.07258833405073e-07,2.7268058624481e-05,2.20355083871865e-05,0.952896910600607,8
"19870",0.000930986398414933,1.54167021787305e-06,4.27572227486334e-05,8.01766563317386e-08,0.0163163389068184,0.00235726517227719,0.980341400975398,9.62947746902314e-06,7
"19873",0.00142713738979819,0.000567139950311009,0.00125220808200935,1.50270919178138e-06,0.375632006943428,0.000760620358768022,0.620358202196463,1.18237003081343e-06,7
"19875",4.40255270432714e-07,0.761819852362174,0.0570416812436535,0.00321818941944883,0.176828562000787,5.9327791177123e-08,0.00109109856698031,1.16823895131389e-07,2
"19877",6.34579363815255e-05,3.07631745633025e-05,0.00543996187407049,2.26608040632192e-06,0.150992695455955,0.00295499103008196,0.840498197399502,1.76670490395953e-05,7
"19879",1.92236608500332e-05,0.0012022338970646,0.00519639962203945,7.63242895606366e-05,0.945186467397453,0.00119034429919834,0.047103914845273,2.50919885605825e-05,5
"19881",0.0214989857962787,0.000265613081523785,0.0043351977761428,1.06206018001237e-06,0.0754503608964294,0.00134868520814023,0.897094230618853,5.86456245256862e-06,7
"19883",0.31739336108111,7.39080912343595e-05,0.00166241332603769,7.31047285690908e-08,0.0301189921814649,6.15774462370032e-05,0.65068824205567,1.43271351744342e-06,7
"19899",8.97829411539018e-05,0.00135409700379508,0.896055425862006,0.000107121365226472,0.0904474077784248,2.71691142043449e-06,0.0118761756795902,6.72724583828445e-05,3
"19908",0.014618823880186,0.00119180801869641,0.982524141920245,0.000119715444704648,0.000720205408707162,0.000186552473996779,6.03953136149765e-05,0.000578357539849103,3
"19910",2.66025333996991e-05,0.0012112234280449,0.000229696956910148,3.60652658109737e-06,0.963554922808632,4.3899999695064e-05,0.0349294983751821,5.49371554651403e-07,5
"19912",0.518988778956113,1.54587563158582e-07,0.00337520130263854,3.52868372375666e-09,7.52367696116853e-05,0.000462431877429729,0.477088530626114,9.66235184586452e-06,1
"19914",2.44665862811676e-05,0.00232030252182583,0.337882992152795,0.000689872881947395,0.526417738694231,0.000622041961392692,0.131869856779423,0.000172728422104639,5
"19916",0.283048891256222,0.459223354481174,0.000420327442706166,1.94064397640856e-05,0.25695084704003,0.00027937092205183,5.27656244725051e-05,5.03679358025195e-06,2
"19918",0.00196138418738599,3.15746848204427e-06,3.51403139105678e-05,7.63263708536407e-09,0.00859728113400316,0.10349819040449,0.885904437759749,4.01099342578446e-07,7
"19920",1.9598329688777e-05,2.39912862253014e-07,5.51430586409398e-05,3.17088846317643e-09,9.68090260838612e-05,0.905573638061587,0.0942544425940718,1.25846176663246e-07,6
"19922",2.99965649319514e-06,0.000450574806370725,9.4066541089399e-05,0.273666798556113,0.0890488069467309,1.20184423352687e-05,0.178898743215747,0.45782599183512,8
"19924",0.000145275008281008,0.000157416525278091,0.00719895044277031,1.37546446510239e-06,0.149049969647053,0.0435377983650026,0.799905977959846,3.23658730363749e-06,7
"19926",0.00249794812224859,0.0052177398314077,0.498897574388707,0.000877642519561777,0.471741403078113,1.78144732835466e-07,0.0195229492809698,0.00124456463425936,3
"19928",0.99999853659132,2.43224802541064e-09,2.88294979634035e-08,8.4703229996283e-12,1.99002010673631e-08,3.62648464999308e-07,2.87042545360302e-07,7.62547252000787e-07,1
"19930",3.07434068460473e-05,4.7193424291556e-06,0.000105963432383456,7.57591743893235e-07,0.0216089407692683,0.000120055492862613,0.978121863063687,6.95690077979553e-06,7
"19932",6.43809106736958e-06,1.09547472583442e-07,6.36421366932161e-05,1.34048543737969e-07,0.000422107796643892,0.000965211183484592,0.998534056228225,8.30096786916335e-06,7
"19934",5.7690731545643e-07,0.423707554725986,0.0682739551173747,0.015276474128639,0.475997827100778,0.000160567986525106,0.0165806312079809,2.41282540039836e-06,5
"19936",1.28159352638504e-05,0.000219781912279399,0.0643417501851906,8.64347185798508e-05,0.0590136755085123,0.000165564353082301,0.876058787464215,0.000101189922876823,7
"19938",5.80198461465411e-06,0.697728436464112,0.190035712753853,0.00509234323266474,0.107046447181536,4.33245385720586e-05,4.33905154773231e-05,4.54332917140216e-06,2
"19940",0.00700390113467628,0.000466114936576801,0.000100701383540824,3.83909087507146e-07,0.848221229537505,0.000149342537726444,0.14405703010256,1.2964583274495e-06,5
"19942",0.999992786420587,5.4410918850008e-08,3.69027107423776e-06,1.33896833138421e-11,2.65838387911769e-07,1.03143353963639e-07,3.06558334455538e-06,3.43189436608156e-08,1
"19944",0.000147533188943495,0.00743245652334597,0.00290160521404736,6.78993161739449e-06,0.974574425687014,5.26606438705032e-06,0.0149314867421278,4.36648516431936e-07,5
"19946",5.33865598686057e-05,0.00155539834242731,0.00432455265110169,1.11776239351378e-05,0.707373098509672,0.0149260897317641,0.271752815283691,3.48129754040696e-06,5
"19948",0.999984769634023,2.99406224892483e-08,4.05534776197538e-08,4.20652222349345e-12,1.08394451154166e-06,4.4296328074846e-07,1.36169569098329e-05,1.60029682195888e-08,1
"19950",2.51919406718324e-07,6.82761179331493e-09,3.80174114470932e-07,2.01862414626351e-09,9.46331971001965e-07,0.999045172317357,0.000953043801866094,1.96609048253609e-07,6
"19952",0.999984769634023,2.99406224892483e-08,4.05534776197538e-08,4.20652222349345e-12,1.08394451154166e-06,4.4296328074846e-07,1.36169569098329e-05,1.60029682195888e-08,1
"19954",2.91948877598549e-05,5.92956151790158e-07,4.99919160457594e-05,1.01892102080087e-07,0.00398193528358902,0.000532042762479405,0.995402403500411,3.73680146084338e-06,7
"19956",0.00789009334783616,1.61155290749969e-07,0.0973803879705595,4.91201989072366e-07,1.3668796448478e-05,0.679201989492698,0.213418597685784,0.00209461034939423,6
"19958",5.49449391084274e-08,7.48342503229325e-07,8.64336790421747e-08,0.0126149263768022,3.50418141708578e-05,6.30732552954502e-05,0.000170454297128837,0.987115614535481,8
"19962",0.000244060146957101,0.0240371198681847,0.0219471784432082,0.00118554745505996,0.192142705339066,0.281403780843936,0.478866566012938,0.000173041890649892,7
"19964",0.0103091150031242,0.000452869365953069,6.29142191713847e-05,9.14952441646469e-07,0.719518051869475,0.00705995629797692,0.262580582088656,1.55962032016875e-05,5
"19966",0.0038010386880809,0.861555752081235,0.031930054333769,7.75920616122285e-05,0.102621114643571,1.58916431420078e-08,1.41939633258304e-05,2.38336762026734e-07,2
"19969",0.00678671047066493,5.86484089127627e-06,0.00397473430789864,1.06429587442707e-07,0.00399424850412218,6.97045891164395e-05,0.985166468280708,2.16257701100535e-06,7
"19972",0.169335156551717,5.42784140067638e-06,7.2962375581256e-05,3.37653088114342e-08,0.0514264577502113,0.083439149107532,0.695679350364261,4.14622439876611e-05,7
"19974",0.0359055700693408,4.56208909960709e-09,1.42913107173506e-06,4.15329318462327e-11,1.40985208813885e-05,0.873679606203975,0.0903979139738384,1.37749727076904e-06,6
"19976",0.000188241713037539,0.000198373522780785,0.00298275199844488,1.6590171631517e-06,0.378498472647052,0.0591425546681131,0.558982663687166,5.28274624271261e-06,7
"19978",0.000142142749322173,0.0102433014884436,0.000179222746509446,8.07312366340729e-07,0.972238317839963,8.24156417676132e-05,0.0171137624573281,2.97643001651901e-08,5
"19980",2.21014016642778e-05,4.13432427869405e-08,2.07826512639325e-05,1.65902548759353e-08,0.000127692955688569,0.173810764865622,0.826013973693975,4.62649828806411e-06,7
"19982",6.57142599651574e-06,4.29285603981269e-06,0.000859254885898447,1.01689811915344e-06,0.000225436159983365,0.884663672434095,0.114228409586942,1.1345752925132e-05,6
"19984",1.88022111681892e-06,4.97586714009975e-07,9.09240620251453e-07,3.06367808389158e-09,4.77260045921321e-06,0.999857399654353,0.000134518808277534,1.88247806263365e-08,6
"19986",1.60096156975553e-07,0.956517234011372,0.00512964445740238,0.00144930474376375,0.036903517216157,1.20538493008012e-09,1.04573554927004e-07,3.3696208209151e-08,2
"19988",1.76643285038297e-09,0.994949840046796,0.00025064564939155,0.00191525369575838,0.00288425190587442,2.43943769637065e-10,2.21246978033814e-09,4.47933279828254e-09,2
"19992",1.57896174485104e-09,0.986368647304049,0.00827604303432436,0.00223412875071391,0.00312104346221461,3.70301792983329e-08,9.46542656432379e-08,4.1852911450091e-09,2
"19994",2.04760097817944e-05,5.78022165066965e-06,0.00047702212447189,2.85422542195382e-06,0.0289575421862014,2.70816341762563e-05,0.970483795863205,2.54477350904555e-05,7
"19996",2.15281431912503e-09,0.975268223917714,0.000367572532821484,0.000510449553890763,0.0238533793159269,3.73144113908863e-08,3.34279427243065e-07,9.32993644639764e-10,2
"19998",0.412096425240518,0.00319152271083904,0.478741938516681,7.72827378588695e-06,0.0113758265752805,0.00546651202583528,0.0891004657763667,1.95808806936331e-05,3
"20000",0.00158926595685749,6.45579205548497e-07,0.165911232990589,0.000177147189458877,0.000147483832070513,0.000250038603350199,0.716940684212637,0.114983501635832,7
"20003",0.000410500244533748,8.67707324920054e-05,0.00828729117578834,2.69411084761109e-05,0.0863087120444683,1.43186294882868e-06,0.904788313749762,9.00390815308558e-05,7
"20005",0.00127534923122538,1.66540166171356e-08,1.44205964552016e-05,1.00754446795826e-09,0.000222004112411735,0.027735611978568,0.970749534966265,3.0614535133716e-06,7
"20007",4.84444151084255e-06,0.0132618503616959,0.22196070530453,0.000726576919123007,0.729379868321402,0.000369822099547775,0.034284003431824,1.23291203667337e-05,5
"20009",0.000228838407547095,0.804611866449313,0.00105366842988568,0.00100581766919942,0.192763032695545,0.000253890130325249,7.91558281612472e-05,3.73039002274742e-06,2
"20011",0.0305649896349726,5.28187859724495e-05,0.000829186626439593,3.34736495170166e-07,0.235636493861481,0.0119129878281432,0.720982036063351,2.11524631454948e-05,7
"20013",8.77327051443243e-06,6.12885055814359e-06,0.015342041339185,1.01348960388873e-06,0.00387685318231903,0.125580098115694,0.855180439856932,4.6518951936079e-06,7
"20016",3.57704776838465e-07,0.900218410905685,0.00505958439225824,0.0178417575503951,0.0768711603026097,5.33448239196223e-06,7.79636937803537e-07,2.61502494522595e-06,2
"20018",7.57349082520923e-10,0.00770788136960883,3.51285529619708e-06,0.991875653294296,4.65378075809914e-06,1.06777441675897e-10,1.43105961713713e-10,0.000408297692808587,4
"20021",2.70419833145447e-06,0.126667288241028,0.000436951512068331,0.000847578262964856,0.870403571503451,3.69820553383263e-08,0.00164129727696195,5.72023139479844e-07,5
"20023",5.90168017781389e-06,0.0513067977796941,0.0426854517921956,0.000734008741037496,0.895982724742462,4.47366210149846e-05,0.00923385259672592,6.52604669229682e-06,5
"20025",1.39371067875078e-07,0.30053737636329,0.000256466125669391,0.688914348501148,0.00974077847910112,1.38172321232332e-08,7.80911901764843e-07,0.00055009643058984,4
"20027",0.305300654711622,1.24009444896782e-06,0.00999081105366042,3.13337879719774e-08,0.00183991177795326,1.44471495503375e-05,0.682818806551813,3.40973271639491e-05,7
"20029",0.00729753823913885,2.24204679413885e-07,0.000353544550771007,1.34916260819764e-09,0.000287742087764385,0.0092501978930978,0.982810455753616,2.95921769803226e-07,7
"20032",0.00351141194576302,6.92692051939562e-07,0.000304828255796327,1.4186198427114e-07,0.00243215877124967,9.51320186628321e-06,0.993708790958297,3.24623129916823e-05,7
"20034",0.99992504533062,1.04631839053786e-07,1.47222343849285e-07,4.30437654286288e-11,1.48491393234115e-05,1.00605120308592e-07,5.96037498907307e-05,1.49277819102175e-07,1
"20036",0.000104898434300336,0.000257331898141293,0.969870163423906,8.13647923993043e-06,0.000191032839733376,0.0118050197642395,0.0177601647908266,3.2523696127429e-06,3
"20038",1.2375483914417e-07,0.542559215846867,0.306212240174272,0.0417262549820295,0.109462949162487,1.36279155908989e-09,3.70661324525595e-05,2.14858426099728e-06,2
"20040",5.57766886616473e-05,0.904886684727652,3.51008219606321e-05,0.0138287827128958,0.0811102520027709,1.70260138867228e-06,1.96527247381266e-07,8.15039174228904e-05,2
"20043",4.41109727447987e-08,0.900462733354297,0.0125617621264421,0.00920597381475045,0.0771409369194035,3.37600333358953e-07,0.000628124939164298,8.7134636828643e-08,2
"20045",1.53613299581413e-10,0.966776020363213,3.16472174876229e-05,0.0304313990599294,0.00276084305021425,1.40516350050282e-08,3.60934988898472e-09,7.24945575467841e-08,2
"20048",1.38442622492883e-07,6.57774123239249e-09,6.47318881628075e-08,1.11715733244238e-09,8.90590553409756e-08,0.999985605946219,1.40170832050747e-05,7.70421114695221e-08,6
"20051",5.3946873908269e-07,0.0773499143533235,0.155127939273615,0.0521960081051527,0.123678019550039,0.0157153798296134,0.575860583179672,7.16162398462129e-05,7
"20053",2.01753393364227e-05,0.054812748206017,0.00097751748973113,3.45963758003284e-05,0.943300789918749,6.64644578454375e-05,0.000787518153069967,1.90059450608008e-07,5
"20055",4.70465023789157e-06,0.0207392746349677,0.902005605927541,0.0321578935247443,0.0429996691882255,5.65255149360641e-09,0.00188726591947509,0.000205580502257227,3
"20057",7.82139026060896e-08,1.80824367056321e-10,8.24128377843672e-09,5.49565980718433e-05,1.85699269118442e-09,3.99038257228795e-06,3.09085128497258e-07,0.999940655441224,8
"20059",6.32985491044443e-05,0.0367523940922469,0.000489839050164788,0.000431760727309472,0.961716546327602,4.64096027488619e-06,0.000495494062538606,4.60262307594562e-05,5
"20061",4.15330723155048e-05,0.012828942332349,0.00204451606057237,3.96151870904694e-05,0.980468459292483,2.08084104109219e-05,0.0045540591092667,2.06653551254095e-06,5
"20063",0.000404469510588245,0.0207407732779231,0.000220627913285197,6.11468253099999e-05,5.39687583110492e-05,0.978508415396262,3.16158000180417e-06,7.436738318445e-06,6
"20065",1.00771261641159e-10,0.0145395882292728,9.70173162448855e-05,0.984914955940525,0.000371333095322431,3.12649268148734e-12,3.99322913578046e-08,7.70653824460837e-05,4
"20067",2.05979763975677e-09,0.8125552145626,0.00228850982579272,0.0989800179826415,0.0859288900492104,0.000215032992752766,3.01779539725066e-05,2.15457323226526e-06,2
"20069",7.74015061154625e-06,9.20455367765462e-08,3.89207218929364e-05,4.22703217177611e-08,0.000126691182711558,0.458639427889638,0.541182172914405,4.91282488288396e-06,7
"20071",0.000987611784256822,0.000192645866069443,0.99476668439105,3.71022525688146e-06,0.00327156998329234,1.32232052159569e-05,0.00075677820888774,7.77633597081595e-06,3
"20073",0.000290868442260134,1.58090409381987e-05,2.46849123765219e-06,4.3253465623672e-08,0.00450901286278434,0.925434904457566,0.0697463948950197,4.98556727843496e-07,6
"20075",7.8580477137028e-09,2.44455895080151e-07,0.000528909569790096,0.0772066511102483,4.82023786664243e-07,2.53232581350928e-07,4.40668198140938e-05,0.922219384929837,8
"20077",2.45599027977941e-06,0.15885359008216,0.756158733773564,6.00937245828761e-05,0.0837487999688053,0.000212254515495851,0.000964047814739637,2.41303725660253e-08,3
"20079",1.31315052402632e-05,0.0771208461240675,0.0110140746548844,0.00148415313816549,0.00545589499857682,0.877031115584995,0.0278778443475767,2.93964649388191e-06,6
"20081",7.18378572397137e-09,0.151452779853147,0.0524744555164184,0.505625762956527,0.289330762145776,3.48341143041342e-06,0.000914730828515428,0.000198018104398962,4
"20083",0.00111142918448122,0.000533338834213926,0.154695578695237,3.18017266522074e-05,8.91644008612704e-05,0.840849781044525,0.00264461345778749,4.42926562421976e-05,6
"20085",5.1297024083745e-10,0.982389763483002,0.000458290641104852,0.0154253012128852,0.00172662601009472,5.30274542460783e-11,5.25087944474128e-09,1.28360368049047e-08,2
"20088",1.42841895461056e-08,0.876545434015018,0.00585787553616973,0.011867810556446,0.105678638996199,7.04739009883134e-08,5.00431074205931e-05,1.13030656661937e-07,2
"20091",3.61321803238413e-10,0.000133698558398006,0.000267506712403225,0.924950370405351,0.00116290090138442,1.59520560935821e-06,1.10543100256209e-05,0.0734728735455066,4
"20095",0.0285181240397021,0.00416369470411011,0.000455181964143886,1.13094347571736e-05,0.160555174997022,0.804016656864646,0.00213255219358406,0.000147305802034813,6
"20097",2.33105082078061e-10,0.934408293911539,0.00182746674342122,0.0621272937665244,0.00163686145087051,8.40559163484454e-11,1.17797834991895e-08,7.20306999717608e-08,2
"20099",0.106009126875089,0.368081724896067,7.97072938423277e-05,9.95957724248576e-07,0.523172886481484,0.00239229381226056,0.000263231006275624,3.36772575571023e-08,5
"20102",8.2610627747555e-08,6.00510764959407e-05,9.68092259414411e-05,0.0065719774535012,0.000485539060728116,0.98071943016898,0.000355795789064666,0.011710314614661,6
"20105",1.44523085494969e-07,0.785482464474721,0.00134310713594533,0.0026970894024379,0.208730222080768,0.000502843340604551,0.00124405026557566,7.87768626493407e-08,2
"20107",5.87531863146163e-07,0.509586533593121,0.0974131996125817,0.00047360448281931,0.392482165819688,3.32093073217751e-07,4.35283170190742e-05,4.85498344670627e-08,2
"20109",0.00045403768606503,0.129214900269383,1.0015607596247e-05,8.40717661978003e-06,0.682475367408241,0.182770565711206,0.00506656597379112,1.40167098510281e-07,5
"20111",9.26465445184878e-07,6.41533964293475e-08,3.23048717017111e-06,0.000981577721427115,5.36503854284943e-05,0.000538986790130421,0.0298907377688526,0.96853082622815,8
"20113",0.00347899472520229,0.0521057117836217,0.790316582360019,2.0115701198963e-05,0.153555357995048,1.63913865136729e-07,0.000522364636973098,7.08884071576579e-07,3
"20115",0.00265793897106781,3.45658237710312e-07,1.17246848402219e-05,2.91481946881949e-06,0.00364202632279447,0.000230253154206434,0.985850171727851,0.00760462466153369,7
"20117",0.18079156245574,0.0189722753655924,0.00976501224689467,0.0417060006847568,0.0334562536350559,1.45100704208016e-06,0.000105744730967333,0.715201699873951,8
"20119",0.0177649620155044,0.87410176100333,0.0375499658358485,3.22121344636415e-05,0.0705355324897172,6.68294555109256e-09,1.54798394580709e-05,7.99987324214344e-08,2
"20121",2.53751965575699e-07,0.819999387560878,0.0592966667465576,0.00167465819577635,0.119025369687072,7.89719780241037e-09,3.57191646032435e-06,8.42440920502495e-08,2
"20123",6.26635165940987e-10,0.000160468025753021,0.000774350192312811,0.977854961644151,4.98311100492582e-05,2.41886759388975e-09,1.7010186685125e-06,0.021158684963562,4
"20125",4.79784548999625e-06,8.34379185710065e-07,0.000882914058790422,4.90308356746726e-07,0.00142564677395127,0.0919652943027826,0.905704996088397,1.50262430461272e-05,7
"20127",3.48158940855646e-09,0.996850980875223,2.40479937368281e-05,0.000752079134781558,0.00237258480168025,1.85263937017007e-07,1.16164328946057e-07,2.28472374047771e-09,2
"20140",1.0522212618971e-05,0.000612413497500802,0.993327917598216,0.00177277699280515,0.00303438498895106,1.31033147196103e-08,0.000532019253044576,0.000709952353548394,3
"20142",4.94580196666515e-07,1.03857724084693e-08,3.90465056323914e-06,4.3039729240212e-09,1.90932672282522e-06,0.996839962414091,0.00315309465016897,6.19688511854332e-07,6
"20144",2.22079027851975e-05,3.9639948930816e-07,0.0159697848760143,7.5878341337198e-05,0.000633169005754892,0.00567854181373644,0.919987984479352,0.057632037181531,7
"20146",1.91534512331198e-05,0.000160386904898135,0.378396081442928,0.000148397776782687,0.00212128997290134,0.384212428428324,0.234677801483534,0.000264460539398996,6
"20148",8.66642584148184e-06,0.00018436303843096,0.0374233889928789,2.11171355582058e-05,0.0163796261052137,0.000153198953132223,0.945825658776687,3.98057225760613e-06,7
"20150",0.00198863284324076,8.47753911362162e-09,4.97721838990896e-06,4.77095091477873e-10,3.96015183509328e-05,0.384069892174315,0.613894246362409,2.64092866019239e-06,7
"20152",5.1097649305991e-05,0.00113571073112282,0.041536753367853,4.11778997329629e-05,0.0961103315713028,0.000117187783104278,0.861000220045992,7.52095158611725e-06,7
"20154",6.53603417988562e-12,0.00471836994275231,5.36422576850559e-05,0.995121047385487,3.15571971902941e-05,4.66799544558474e-07,1.4297973841049e-07,7.47734310669471e-05,4
"20156",3.32745547045641e-05,0.0169774488118034,0.461196022025233,0.00113375358048434,0.479552596272389,0.0321918304410353,0.00861645233926394,0.00029862197508632,5
"20159",4.51939220591605e-06,9.42160459061285e-08,0.00010521090537009,7.64479930634199e-08,0.000104697311759415,0.582984251937921,0.416792042429569,9.10735913536542e-06,6
"20161",4.26010947743999e-05,2.04070763071127e-05,0.0011301357957101,9.89197864199978e-07,9.76700251453875e-05,0.996113399701343,0.0025874931980496,7.30391080600072e-06,6
"20163",0.000539841818749017,0.00231268009904841,0.00133904352654053,0.000413392415331707,0.116956916315945,2.64108416178332e-06,0.878258363589669,0.00017712115055489,7
"20165",3.27437347356043e-07,0.00188681449021897,4.10100854193854e-06,6.31710104702833e-06,0.00101569389787226,0.996936661610626,0.000150006229647237,7.82246988894038e-08,6
"20167",6.32112752426584e-06,6.61475036630213e-05,0.000502230122668628,1.14636342245948e-06,0.0222065027815392,0.0072472769149301,0.969970046129524,3.29056728571667e-07,7
"20169",1.59396971128348e-07,5.02246783398501e-09,2.5717873787343e-07,1.18299352329438e-09,1.80483815546164e-07,0.999920482831547,7.87911065662353e-05,1.22796901151184e-07,6
"20171",5.74230463056858e-12,0.00288969369247553,6.28300553635373e-05,0.996820847084575,6.19950090819494e-06,1.00221870413483e-06,8.87855672476265e-09,0.000219418563675027,4
"20173",0.76999766453449,0.0377353710496828,1.75455052126697e-05,1.07623472323545e-06,0.00770115207500333,0.18431640010706,0.000228974820576506,1.81567325224122e-06,1
"20175",0.00020003815641591,9.78783835005964e-06,0.00242074395830904,6.09155355215884e-07,0.0550513800728931,0.00921220207390435,0.93308083759104,2.44011537325566e-05,7
"20177",0.483315483341942,0.194832111485212,0.000607451305066363,1.22924426394186e-06,0.320611316827399,8.88452270631904e-05,0.00054316430553632,3.9826351806588e-07,1
"20180",2.01330040779837e-06,0.887680686150748,0.00421457859383842,0.011325436032705,0.0967735591818809,2.25406770120048e-11,2.29959568296894e-06,1.42712219611697e-06,2
"20182",0.00171022747626052,4.91449968126444e-10,2.76089528215951e-08,1.81890215033068e-08,3.65944392653115e-08,0.990662248833685,0.000127137855949607,0.007500302950241,6
"20184",2.70423740579058e-06,1.12896575271884e-06,0.0001377658645112,4.29121816865317e-08,0.000214802952147871,0.979032407750442,0.0206107496383524,3.97679206657843e-07,6
"20187",0.993653630775514,0.000299286794153399,0.00243811405389495,5.82221914394701e-09,0.00261997600232274,0.00067082172295236,0.000317917484204816,2.4734473866668e-07,1
"20189",0.00430153814063839,0.0539059403946136,0.00017955015750487,1.72636783357268e-06,0.935753139669513,1.69518690828783e-06,0.00585637748297069,3.26000176988496e-08,5
"20192",0.0148617994514915,0.515356037834515,0.000154842065313197,0.111567866421299,0.330272729186119,1.74708898731305e-06,0.0010966010455817,0.0266883769066932,2
"20194",0.141003489214301,4.48742229226609e-06,0.110210104196274,1.64163205271342e-08,2.48697170905589e-05,0.702371466371476,0.0463825917660305,2.97489621495288e-06,6
"20196",4.45904548082338e-09,0.274394737080825,0.0009408653798952,0.71686884087711,0.00777734573530588,2.53369583072222e-08,2.46369625975964e-06,1.57174346000811e-05,4
"20198",0.000209369999793968,0.0168480719659408,0.172058186778055,0.00114126757350473,0.531815654670107,0.000519529870184547,0.276894049052846,0.000513870089567235,5
"20204",8.98660501635678e-06,1.12275228336442e-07,1.21979030711529e-05,1.37737364310185e-07,0.000231398803861488,0.43053801131263,0.569186505632238,2.26497305905598e-05,7
"20207",6.92722838065502e-10,0.541057866033607,0.0167058667800866,0.427508151779268,0.0146898658447428,1.6262214531067e-05,1.19959308968334e-05,9.99072414493773e-06,2
"20209",0.0104672407242296,1.20312868098531e-06,0.00579008345365949,0.000224747244973352,0.00147244925895405,5.79873739377169e-07,0.203033563058632,0.779010133257131,8
"20211",5.90918779264903e-12,5.86605835029436e-05,0.00103038175145281,0.995398657445954,2.66518037545177e-05,1.59369240918088e-08,2.74665654707507e-06,0.00348288581595512,4
"20215",5.60679619215945e-07,0.102461277206739,0.890808567179302,0.000424444154136407,0.00576441013483807,4.82025903053445e-06,0.000535877236859577,4.31494750342962e-08,3
"20218",6.91179117965561e-07,1.62279226339582e-08,2.05326262661975e-06,6.82265710435133e-09,6.84841847798133e-06,0.985727163661252,0.0142625305271617,6.89900783759899e-07,6
"20222",8.31247776854332e-09,0.581692363786402,0.0336435636832107,0.364940724155726,0.0183283211786581,4.24537547914051e-05,0.00134048540978052,1.20797189526674e-05,2
"20225",0.000137448552261109,2.42456475553772e-06,0.0304518287565915,7.56248938504545e-06,0.000158143964911908,0.0181919630758767,0.950260847320231,0.000789781275987012,7
"20229",4.34303397900361e-06,1.05555677922498e-05,0.998630316579103,5.33164115678884e-05,3.52970140109526e-05,4.14578588395675e-06,0.00119802944071994,6.39961669426101e-05,3
"20232",4.53523151217501e-06,0.0158432637788335,0.549881229326421,0.00332245123081405,0.426180848454843,3.83956989885251e-06,0.00467255994835419,9.12724593227254e-05,3
"20234",7.78160299480669e-08,0.8252402184243,5.55862696591713e-06,0.172973854235689,0.00176103212196373,5.39598966784211e-11,2.77873604973207e-09,1.92559423554341e-05,2
"20238",3.15733222084921e-07,0.517205498458249,0.0115762588429649,0.00421269965582588,0.46696179767234,7.41848983872942e-06,3.46080980865448e-05,1.40304947205001e-06,2
"20253",1.57841556616362e-07,0.510860918970265,0.486108956062543,0.000761950725900118,0.00226418345598724,2.44263564642926e-07,3.57655865982112e-06,1.21215236782668e-08,2
"20255",9.83146622586048e-07,1.14669462621908e-06,0.00225147775632476,2.18075975378519e-05,0.00260252981221148,0.000146520495033905,0.99479002477484,0.000185509722802908,7
"20258",3.28159084626948e-07,0.828735494372324,4.10464692336234e-05,0.000292135803829456,0.170920851285435,1.32144498786558e-08,1.01186341633502e-05,1.20614795309501e-08,2
"20269",9.7020144928644e-06,0.119829970235209,1.37584690145795e-05,6.75780313424418e-05,0.85441729383837,0.0205954957933544,0.00506593714055254,2.64477664673165e-07,5
"20271",0.00609671062314834,0.76973308932879,8.74888360836236e-05,1.20492040320272e-05,0.22404299757195,4.39370749816029e-08,2.75588408899798e-05,6.16580314737838e-08,2
"20285",0.975206735267535,0.000302277449332461,0.00762811472635907,1.83216055244675e-07,0.0017771726612604,0.000562908880149422,0.0145166475907526,5.96020855579673e-06,1
"20288",8.99929421961096e-07,0.0624590449569182,0.859069154172771,0.000776083696351953,0.0767122291969456,2.11911766862532e-05,0.000960637102587009,7.59768318086827e-07,3
"20291",7.20773956523833e-08,0.141116053784127,0.00333274026805619,0.509453591295952,0.344795373564602,1.09368789756196e-06,9.11899177977076e-06,0.00129195633019007,4
"20295",0.0579256575361779,0.0806577082605071,6.23175163884268e-06,2.3116699816313e-05,0.844575702793215,0.00491420283492337,0.0118880055832622,9.37454045926331e-06,5
"20298",2.308370703713e-05,6.01666154209354e-08,0.000188367227004193,2.93288230882483e-08,0.000211807515576048,0.00161868184185397,0.997953513310662,4.45690242782056e-06,7
"20302",0.00152622410531739,1.56282074622177e-05,3.72058457473304e-05,1.60353253776594e-07,0.00675528033345546,0.679493206411893,0.312165190835291,7.10390758009246e-06,6
"20305",0.00069129699940659,4.48122014864603e-08,3.76282732270584e-05,7.126974143099e-09,0.000210415971154811,0.000186641170266009,0.998869245601529,4.7200452413546e-06,7
"20307",2.95516183038037e-09,0.912006702009158,0.00104730750155893,0.00377560802381318,0.0831695520351958,1.06503323633977e-08,7.92180957776661e-07,2.46438220680962e-08,2
"20310",1.23971286119747e-08,0.995822359695645,1.9623787653511e-05,0.00314618076869742,0.00101180168705436,1.13531156639203e-09,1.88040076579776e-09,1.86481086958144e-08,2
"20313",6.81323917073753e-06,8.46444425586905e-10,5.53343514951531e-08,4.44503108163569e-11,1.74518223719967e-07,0.999603595697789,0.000389299355950676,6.09636195197451e-08,6
"20315",6.59400228809339e-06,0.685009404164957,0.0128331346709554,0.000297579950195855,0.301790820259628,2.07071355543312e-07,6.21915498620777e-05,6.83307579635204e-08,2
"20319",4.67908602659056e-09,0.102059085547064,0.00476920042838778,0.892654470507861,0.000464211921725836,7.88396264047096e-09,3.14983767774053e-06,4.9869194235254e-05,4
"20321",1.27007981226024e-07,0.989574827104544,0.00252959585147831,0.00013439378529886,0.00775756585322767,1.49655546051413e-06,1.99233003726521e-06,1.51197183064445e-09,2
"20327",7.89136942486806e-06,0.762693890737826,1.57895444029557e-05,1.94749185942275e-05,0.237261043704101,4.08118520586971e-08,1.86569542985552e-06,3.21836936302275e-09,2
"20329",0.999942037598511,1.02120418559125e-08,1.24067748902925e-06,8.71381799806533e-13,8.29711294144158e-07,2.05376059490223e-05,3.53315445454671e-05,1.26492975521695e-08,1
"20335",3.94886639335139e-11,0.350145978690145,0.000184373570628112,0.638653488898113,0.0110121200265576,1.87610727812649e-07,2.49297745266202e-07,3.60186659421838e-06,4
"20337",4.57106597539655e-06,1.29215719224202e-07,4.78310906607835e-05,1.1315037508468e-07,0.000242510639178587,0.179508023628025,0.82018864041314,8.18079692604699e-06,7
"20339",0.000157341624937987,0.000906839141489392,0.507153349790425,0.168841204551386,0.000520586199782626,1.17244048164499e-06,0.00262405405202524,0.319795452199473,3
"20341",1.20476513804435e-09,0.00641975707672923,0.00216220523190675,0.981226256957304,0.00139115450731529,0.000337059063259078,2.13199734435173e-06,0.00846143396137664,4
"20343",5.82516794532104e-09,0.978904429621563,0.000181023647670537,0.0186103638514175,0.00228878444252531,1.48773498768918e-05,2.38354721823311e-07,2.76907056958432e-07,2
"20345",0.0205830302055619,5.09785842221088e-05,0.00987624787943672,1.79439423779714e-06,0.0652317303597541,3.04086594109135e-06,0.904193683908729,5.9493802116701e-05,7
"20350",0.000109338147350252,0.00360929699342591,0.991701335998859,0.00101337525122513,0.000897452642040403,0.000789925193288917,0.000914700651098366,0.000964575122711972,3
"20352",1.32910298593849e-07,3.58688376162201e-08,1.04373219135211e-07,3.41148655516202e-09,8.88877621066541e-07,0.999805520051811,0.000193261258602146,5.3248124438138e-08,6
"20355",4.33064672682536e-05,0.000119113349535492,0.000329614005140061,7.95136390290399e-06,0.00199891817268802,0.98852152701456,0.0089454256418445,3.41439850606123e-05,6
"20358",0.974568995812328,2.68331561393948e-07,1.27117367443443e-05,1.28350889919431e-10,7.67796744338504e-06,0.00584712435640954,0.0195630828130536,1.38854108152162e-07,1
"20363",5.87194318929587e-08,0.963463341130657,0.00521547243945957,0.000315885424716577,0.0309825089721199,2.01638568238541e-06,2.07147776740466e-05,2.15025839961032e-09,2
"20365",3.83794623201095e-08,0.0255996978645996,0.0716203837539223,0.795908119904819,0.100787233735474,3.81576468543009e-07,0.0042195945106825,0.00186455027457178,4
"20379",0.000133104202308061,9.9722893291713e-07,0.000244142807252081,9.20620890986895e-06,0.0181508199000451,0.000661493287361787,0.97323131990313,0.00756891646205999,7
"20387",1.81928909677831e-08,0.55441308381858,0.000284717776634921,0.0137653080777045,0.431464428807769,9.35069706121846e-08,7.17928620096509e-05,5.56957440764667e-07,2
"20392",3.98424335138876e-12,0.000139539082826855,6.38859670015262e-05,0.998770235074246,2.62169145709868e-05,4.48936602554007e-10,4.33652016604547e-07,0.000999688856417115,4
"20395",1.58452831041041e-05,0.000298083223760023,0.394193839824168,2.74645828506978e-05,0.0467989857446404,0.0007579133931114,0.557891241870111,1.66260782541821e-05,7
"20397",0.998166135578498,1.50702004020467e-09,3.15612985550139e-08,1.88203988301119e-12,5.19891128265847e-08,0.00182010979040932,1.34702061361484e-05,1.9936564251658e-07,1
"20410",8.26678637661809e-05,0.137890976559833,0.000833651177024693,0.000639705477903664,0.859511072144981,3.99210841467986e-09,0.00103997633368026,1.94645070271693e-06,5
"20414",3.77665623414883e-05,1.47979036838424e-05,1.35973212021665e-05,4.35379170568983e-07,0.00426425060425211,0.208615505553947,0.787052113727844,1.53294755884616e-06,7
"20417",3.39300455390746e-06,0.260846048177728,6.6644728792356e-05,0.738153801447082,1.80023467384825e-05,5.85120172101659e-10,1.33051646634622e-09,0.000912108379468769,4
"20419",2.61597161976955e-06,0.972594457271543,6.24557687520269e-05,2.80534520785902e-06,0.0273369702891343,1.64266348134902e-07,5.31040292039121e-07,4.7102829990062e-11,2
"20421",1.88922892282635e-06,3.05263073481459e-05,0.000478446214232046,0.000851021557245545,0.0302552080168075,0.813588899480052,0.138076657323802,0.0167173518715896,6
"20423",2.69169540303427e-06,1.01571629834894e-06,0.000104992255309619,2.53264871225385e-06,0.0030802443261134,0.377401108108816,0.619254369969953,0.000153045279394203,7
"20425",7.55466195276429e-07,8.5568986045116e-06,0.0249861695214776,2.18402183288363e-05,0.000297201677411816,0.697243478300993,0.277413463597943,2.8534319046143e-05,6
"20427",2.98412456114486e-05,0.00127081253706647,0.00604567071030686,9.31595271308614e-06,0.287388877420844,0.000159975466148625,0.705094594986333,9.11680976603197e-07,7
"20429",4.93993394656506e-05,0.859308293997761,0.0191185320162991,0.00326945840594665,0.118068873510351,0.000165056422062663,7.2827635162061e-06,1.31035445976295e-05,2
"20432",0.000305027720009682,6.18861392981755e-07,5.75161312829394e-06,5.0225970325577e-09,0.000118126539638296,0.766889883219242,0.23268023051534,3.56508652398384e-07,6
"20435",3.08779764437275e-05,0.0296718906513891,0.0546600711238443,0.00624841371073673,0.891011210809835,1.73722030510544e-06,0.0180062345116547,0.000369563995790891,5
"20438",1.29569489002533e-05,0.957907520924522,0.0285651968093532,1.22881123888664e-05,0.013361101438934,0.000125951616678527,1.4982708031257e-05,1.4411914098094e-09,2
"20440",3.40689228475211e-06,0.827745911739133,1.39261783893036e-05,5.83331390073884e-05,0.172165151544903,4.76602156898172e-06,8.49533662413686e-06,9.14809008646219e-09,2
"20443",8.81557331357642e-07,3.40065463862369e-06,0.000449983308335659,3.85590055360205e-07,4.32657699303372e-05,0.999306832594687,0.000193229738022536,2.02078699875681e-06,6
"20446",0.00160668908819951,0.155089506733163,0.0103962507258907,0.00155834091897283,0.450248903808287,0.00364296481278676,0.37741752282013,3.98210925698923e-05,5
"20449",1.2347046434186e-05,0.0122248105931595,0.795617462455294,0.0016403369476821,0.182035206997943,2.58103597646177e-06,0.00842469520898538,4.25597145252353e-05,3
"20537",2.124782733453e-07,0.086022289796155,0.000398022259932867,0.422151074517531,0.487597217329409,7.12647081933055e-05,0.000802328041009176,0.00295759086949682,5
"20540",2.2838875973566e-10,0.000685104082854637,4.40882657641141e-06,0.987394703240262,0.000770357035107278,4.57591587341082e-10,2.33046939154656e-07,0.0111451930822801,4
"20543",5.57500876570075e-06,0.00151544362435694,0.000650956731043164,8.41606980595111e-05,0.868887825278525,0.00086690306204722,0.127976932960132,1.22026370705615e-05,5
