"","V1","V2","V3","V4","V5","V6","V7","V8","V9","V10","best$classification"
"19811",0.896023943293618,1.05417223848355e-09,1.69021955265928e-34,1.82445354040949e-15,0.00191169733743798,0.00179262060234669,6.24937313330809e-08,4.42651019927663e-23,0.0381035876194938,0.0621680875991986,1
"19813",0.992901944225638,1.58231588398213e-17,2.00202406140237e-52,2.28267916217793e-39,3.16867367266926e-08,0.00709802408724421,3.61194989415221e-70,2.92029252638975e-90,3.79248020155299e-41,3.80939482493387e-13,1
"19815",4.68537464939728e-13,0.00191407046055595,9.25132795162395e-13,0.0103901726764692,0.000428496862838784,2.11207024008215e-07,2.71797803810821e-16,5.66395497694707e-74,0.018546542479785,0.968720506311933,10
"19817",1.8546064088833e-07,9.16691770687158e-07,8.17129776463656e-21,3.78977483850558e-06,7.3824654195833e-05,1.21276925141581e-05,5.84424177889206e-06,1.30989738179783e-25,0.976748375576453,0.0231549359078078,9
"19819",7.02402622379635e-80,0.0197922809224736,0.103059330940672,0.875282493294851,0.00186589483961405,2.34243178808788e-12,8.28866439188603e-57,7.37814000221446e-129,1.61189355892605e-99,4.65766214243088e-14,4
"19821",0.834476742032746,3.94017431828863e-05,8.28036149741275e-21,2.68395598973453e-18,0.124541548433118,0.000721378343398723,1.57370987030027e-08,1.5132070788372e-17,1.57252238881566e-09,0.0402209121379332,1
"19823",9.05391396491327e-40,2.37403892658792e-09,6.8318996478185e-28,0.991035554651502,0.00894375098257193,1.08687467888092e-05,9.55411259990876e-31,2.65420984046804e-88,4.0369442504014e-09,9.81920815462824e-06,4
"19825",3.07404543754437e-16,7.38597547866993e-09,1.1058844436498e-33,2.74140575282679e-38,7.45308390722187e-06,0.999992539530117,5.96784960164913e-34,3.03551211959559e-42,1.52634526065551e-103,3.47040542218576e-24,6
"19827",1.2920720559563e-17,5.36178074534277e-06,3.22704814060291e-22,2.41733543919865e-06,0.00218772715919249,0.000808492836120901,0.992104270095665,5.23655329983988e-11,0.00298857036222796,0.00190316037824338,7
"19829",2.35180816513337e-20,0.97516824510562,0.000587670059586822,1.03980849317327e-12,0.0241867386380102,1.96479998758369e-05,2.9640864355945e-21,2.72029065001358e-27,5.37836321156122e-60,3.7698195867513e-05,2
"19831",1.72952512605255e-51,0.733282116313984,0.000479708234607999,0.0971768800700751,0.166892390936104,0.00216890444468906,1.75896505521599e-85,5.87916115561221e-177,3.97756111531456e-81,5.39349024987758e-13,2
"19833",4.5548444120862e-84,1.1897124501102e-31,2.67391437107663e-81,2.11843796996832e-09,6.09360120246498e-05,0.999939061869537,5.56175562638774e-155,3.79002604493353e-158,1.52743323658516e-162,1.71849059054346e-44,6
"19835",0.834476742032746,3.94017431828863e-05,8.28036149741275e-21,2.68395598973453e-18,0.124541548433118,0.000721378343398723,1.57370987030027e-08,1.5132070788372e-17,1.57252238881566e-09,0.0402209121379332,1
"19837",1.81089150662697e-09,9.57515937147033e-05,1.04741147496843e-15,2.71040392770209e-08,0.000104352090779594,0.000122844291721389,0.839451711465304,9.30130210116675e-12,0.146755024299394,0.0134702873348537,7
"19839",2.23906819211718e-12,0.585651326690358,5.33999457964175e-11,5.65976314864406e-20,0.413221253769419,1.62911383525597e-05,5.34747282186282e-13,2.76232254464403e-21,4.03413454430282e-65,0.00111112834569671,2
"19841",1.29085616445702e-12,6.86415132449328e-14,3.56546884841442e-45,4.22263821952972e-41,0.00811000990279836,0.0551138525479196,4.3770143707058e-10,0.936776137110221,1.27462928427023e-91,9.75116018461561e-25,8
"19843",1.9209643776385e-12,0.053858590064465,6.31498830111641e-09,9.56135706671963e-27,0.0556122140986782,0.890529189519936,1.50338708177813e-103,3.54280658107941e-177,6.19221291512535e-129,1.13734177759439e-14,6
"19845",0.998898547182057,1.4599542695139e-17,1.19123889083263e-50,3.47226275802201e-25,3.45538388497499e-06,0.00109091544986649,7.923353818623e-50,8.81517084539674e-93,1.19789066809771e-12,7.08198299421618e-06,1
"19847",0.000890195569669962,0.000502994368416793,5.50725209856016e-17,2.9576337687885e-10,0.0477632792581847,0.0211143329593805,7.03693623468253e-31,1.17696618546821e-98,5.93566975865931e-09,0.929729191612915,10
"19849",0.999308031420158,8.28129820291531e-22,2.71350607647686e-62,9.12909095598908e-40,2.60241462165228e-08,0.000691942555687601,1.16828928219629e-64,2.40633860918939e-89,7.88390785869058e-33,8.05231982846069e-15,1
"19851",1.44631196534103e-09,1.61341914855934e-08,1.28861346893532e-26,1.61146045004561e-06,3.19539823696253e-05,1.85493527921173e-06,2.26702366096174e-09,1.09966797333154e-45,0.998071290102827,0.00189326967154679,9
"19853",1.44904960980882e-08,5.46412087819799e-23,6.38950384907122e-68,1.30110070817358e-06,0.0003477117055644,0.951203471021472,8.80417545884952e-33,2.83269252757545e-66,0.0484417491126587,5.75256910009866e-06,6
"19855",3.25300062870735e-05,7.06123500958522e-14,1.2363466180157e-43,9.39817822678585e-09,0.00043793217539852,0.00361665715154427,2.17772175740187e-11,1.70997270057974e-22,0.988111783137553,0.00780108810919097,9
"19857",0.304793050893954,0.000339396162701627,3.80843125770729e-16,6.32897222526808e-17,0.00141717313431289,0.0528496436805229,4.06370858920392e-09,2.42537276108639e-18,1.67584651744766e-05,0.640583973599625,10
"19859",4.20800690643172e-10,3.82594239939265e-05,1.64070889527856e-18,1.0540264146422e-05,0.00263665157138189,0.00333951157223476,4.1194351560031e-05,4.8957098717901e-19,0.143676509151967,0.850257333243915,10
"19861",0.471531953045856,5.02157060443369e-10,1.49089329568036e-36,2.78773460220375e-13,0.0073975855608775,0.00307197740781813,1.64700423136961e-18,1.15323882722988e-51,0.431292937633766,0.0867055458492464,1
"19863",0.959860407189819,6.21255550260892e-29,4.21273701994951e-88,6.70292640221947e-58,6.12015418343152e-08,0.0401395316086386,3.01161724041708e-33,2.5656585985057e-16,1.3743211557461e-60,2.05913820597666e-23,1
"19865",2.01153651279434e-07,3.42236908061054e-12,1.99655300392911e-38,2.74734229779285e-23,0.000338485890733249,0.00140820366951705,0.11963595172376,0.87861709551427,6.86099392382656e-17,6.20446465754639e-08,8
"19867",0.0101576906802428,3.88707252662974e-05,5.06460057956711e-21,4.29565945422362e-09,0.034336240303558,0.000605021813585702,5.33147939504079e-32,1.00336762172808e-107,5.97772766846658e-05,0.954802394905003,10
"19869",0.997574386994972,1.05533750716915e-20,1.97180097061344e-64,1.21750274165884e-32,6.5396511434632e-07,0.00242495612270948,2.72004821201707e-24,3.40582858219942e-31,2.54149996069204e-13,2.91695051130133e-09,1
"19871",1.95486760032384e-11,0.00080603979241459,4.54023280197989e-14,2.27785842182801e-05,0.00043416949249469,0.00290192964388162,0.0109391303312929,7.98576610588551e-11,0.446148021032105,0.538747931024142,10
"19874",8.52583201550848e-09,7.17575584507469e-11,8.58034730209587e-38,2.12548498343698e-10,0.0438596948203008,0.0108180159293124,0.00339911721724861,0.000126022018443868,0.931660511505412,0.0101366296991447,9
"19876",0.000214898146849332,5.91849363521634e-15,4.38975031179945e-44,3.19035228226307e-17,1.03132183571402e-05,2.97866265974284e-05,4.83177065544132e-06,2.10851927684089e-07,0.99970619694901,3.37624365972124e-05,9
"19878",1.09527433325635e-15,0.0154802788059465,1.24034599806625e-15,1.17335711148805e-11,0.962897510775353,0.00465273590587919,5.12505387761699e-42,2.0942106505096e-88,2.82279579616714e-66,0.0169694745010859,5
"19880",3.57225133107886e-07,3.0397008340412e-19,6.60346131138701e-58,5.3571383178962e-27,4.75203614941618e-06,0.000824200236656759,0.474146842568974,0.525023847923236,1.15472514076727e-17,9.85107450046616e-12,8
"19882",0.990410693519579,3.45693209183909e-16,3.63894268177697e-50,2.83844445614377e-20,1.00701888386147e-05,0.00852619794281795,7.81333675366358e-29,8.75266300007522e-55,3.76447586073204e-10,0.00105303797231601,1
"19885",0.000339397515548007,0.0123416337057175,8.64997385659981e-08,1.52720599841773e-06,0.000236900842746878,5.98827806697026e-05,0.000171313076514491,1.64071618910846e-26,0.663941329709175,0.322907928663891,9
"19907",0.796655782500907,4.2482185361136e-08,4.01495012407273e-30,1.15870635340926e-13,0.0479724694804941,0.00279892739647752,5.28985607951647e-34,5.73660343385344e-87,5.44505477610655e-07,0.152572233634343,1
"19909",5.85931404470098e-12,0.263217955654353,0.734614491395903,1.87395772375493e-10,0.000748827752902834,2.76737594623347e-06,4.07126471816234e-34,5.08040291090858e-85,4.99351016856088e-38,0.00141595762763927,3
"19911",6.35890189173306e-19,0.943948280435632,8.75226708891641e-08,1.09889698964121e-11,0.00164952889504339,0.0543544959778603,1.38690111798941e-14,1.6731675602442e-29,6.3353783501324e-40,4.7607157790569e-05,2
"19913",2.31946050989381e-18,2.17386560555889e-20,1.76463249748516e-56,6.51540955325249e-32,7.72150664572165e-07,5.24969757898145e-05,1.45718354538109e-09,0.999946729416362,4.76703033003175e-45,2.1794209435033e-22,8
"19915",1.47652161306107e-11,3.58602991515915e-11,2.09622268408916e-35,8.92685850731235e-10,7.38594628413289e-05,4.10884516282649e-05,0.999702087414947,8.26205843717976e-07,3.00968410656473e-05,0.000152040680363262,7
"19917",6.60967596478279e-12,7.26784451457768e-09,1.92735257835815e-31,8.91953493012014e-15,0.00405950739472075,0.000717593737279804,0.995095653498895,2.74008030648587e-05,3.03220927960711e-15,9.98372915732802e-05,7
"19919",4.26836743204317e-11,8.10595709624303e-07,1.55531645210634e-22,2.58066507822869e-06,0.000596745847232865,6.44689639156991e-05,0.918566783953861,9.23917399773784e-07,0.0339912457955563,0.0467764402185629,7
"19921",0.000149719272716233,2.80978229562223e-06,1.93970749234412e-20,2.14844236162714e-07,0.000218414330919624,1.08982868881916e-05,3.38465224923215e-14,2.51850985714692e-58,0.942728662972766,0.056889280510144,9
"19923",6.79804689324546e-17,0.00146007046118263,2.40826048229521e-17,0.000106586677852762,0.0424335411696107,2.11333618141985e-06,8.74823159719712e-45,2.54914313982098e-122,1.00474437401319e-25,0.955997688355172,10
"19925",8.4678844942604e-11,4.48461916408224e-11,9.62763147741008e-36,5.1572305690719e-13,0.000218997916121095,0.000471958650276148,0.999047794167453,0.000177058116937019,6.52355083896758e-09,8.41844956215787e-05,7
"19927",9.69909999629136e-06,2.04899746495944e-06,3.01705489020208e-21,5.95636862973901e-05,0.00127779015923661,7.56312580175853e-05,6.12708196894376e-11,3.17048348429189e-39,0.432151982856429,0.566423283881287,10
"19929",0.94491982544334,1.65725706462202e-27,1.24646802515005e-81,7.46749158322097e-57,7.17417171197465e-08,0.055080102060787,4.15967438908098e-24,7.54156433593905e-10,5.15001209563301e-42,1.12922444771534e-24,1
"19931",1.51728952401924e-10,0.0015573547494466,1.39611332277789e-13,0.000269981507073633,0.000725094263476908,2.46063400043653e-05,1.16176962110269e-07,9.62683957826159e-42,9.63462548368956e-05,0.997326500556331,10
"19933",3.35468677293132e-19,0.794181369802708,0.0984196459451116,0.000416996447252559,0.000166018248572833,6.51404440307325e-08,2.05977702024349e-09,7.78466379322632e-50,4.72544761958175e-17,0.106815902356134,2
"19935",0.00461156170848976,0.319613466834915,3.13588262890088e-07,1.5802095616016e-13,0.0902161810673179,0.00497282919358257,6.32991072963238e-11,1.02898096579686e-48,7.42935968952457e-14,0.580585647543901,10
"19937",7.33085745355175e-12,1.70676160851868e-05,5.00747351109749e-18,0.0013910592289559,0.000346138018691804,8.69187126101487e-06,2.93827072910417e-15,5.74710462176971e-69,0.811198861299247,0.187038181958426,9
"19939",1.54292087905918e-07,4.56210061480359e-05,2.19720370060445e-21,2.37664916359758e-05,0.0191940533508063,4.19688618827059e-05,7.26463300955734e-13,6.60823140326049e-36,2.7145736754702e-05,0.980667290259958,10
"19941",1.73797857079009e-17,0.935170696726167,2.52906507645206e-09,2.49997348327479e-19,0.0633681344736917,0.00146115445440386,1.61783833479545e-10,1.50556755575312e-23,4.08042086099366e-59,1.16548882373179e-08,2
"19943",7.00926254904526e-16,1.69276562510511e-16,4.83009587591321e-47,6.95540406658293e-20,1.22938292225544e-05,0.000105261689891946,8.78388686455703e-07,0.999881566086266,3.07723969263017e-16,5.93144742034822e-12,8
"19945",2.68487404013693e-23,0.357010759876647,0.142972739957897,0.00541106068085348,1.04416539585821e-05,2.96245745671573e-09,4.75301332072775e-11,4.03374622170676e-62,2.34057774383455e-20,0.494594994820656,10
"19947",1.03808621098026e-11,1.54747529572442e-06,2.30175814520282e-26,9.61599172629169e-27,0.000757547261444042,0.999240905233814,2.23318831934502e-29,2.926091620363e-21,1.03375402145231e-52,1.90658867173648e-11,6
"19949",3.12164893284349e-18,0.532906749607123,5.6977101068796e-08,0.00149785213542508,0.00461471229622361,2.08889994684079e-07,3.8562359463146e-36,6.78401810397329e-126,1.22391521731465e-22,0.460980420094132,2
"19951",3.79852899461905e-09,1.38894399121382e-05,7.45054862954065e-24,1.17698584252177e-09,0.152408297781011,0.00112529875020145,0.390031304974078,1.73933537791383e-08,9.25146930921934e-21,0.456421186685929,10
"19953",4.79904848441452e-60,3.20825386527268e-05,1.11771558277279e-07,0.975449094451699,0.0235154247139019,0.00100328652416011,6.0589902457919e-86,3.14836774120945e-212,3.30181299073687e-70,2.80395846923523e-14,4
"19955",2.17958453713266e-27,0.948905740174793,4.60476661565758e-07,4.21952421164443e-05,0.047106228621193,0.000153144878949568,3.0157252423551e-66,6.32277260055259e-133,1.44590128139374e-54,0.00379223060628666,2
"19957",2.78265145016261e-23,3.92263195248356e-08,7.96696919490813e-32,8.86724736645249e-07,0.0437608216992456,0.956164620682915,1.06975135163963e-12,1.32169707660164e-11,5.72182003150604e-12,7.36316467751204e-05,6
"19960",3.11348653265233e-13,0.650903599869528,1.24279592214824e-06,5.50298950348264e-18,0.0107568965569372,0.338328515395663,5.5733838561127e-40,5.87618753493222e-61,4.22288846203514e-66,9.74538163839821e-06,2
"19963",7.43807864096344e-65,3.53245553848378e-21,1.46485262881472e-62,8.97230160276478e-13,0.254957303195068,0.745042696804035,3.21652562989451e-52,8.93544951001243e-51,5.01722465652564e-95,1.21207266876134e-37,6
"19965",6.34786074919171e-21,0.989189235623914,2.00988265018541e-05,6.36403111458591e-10,0.00673759395864319,2.22387711039363e-10,1.13158461551252e-70,3.87664450866288e-128,4.62478574467551e-100,0.00405307073214997,2
"19968",0.0226941053936665,1.12468666764681e-07,1.79772061893902e-28,1.40316891107244e-47,0.00791586111802875,0.969389876460837,2.83736217788256e-08,1.60720266235252e-08,2.75460806138391e-40,1.13152951585997e-10,6
"19971",4.44122522299881e-49,2.06510138214966e-14,1.59018989504837e-43,8.69375964030165e-18,0.90821809466266,0.09178190533732,5.28830748339791e-41,1.25878634665818e-17,2.21946778870979e-126,2.91900232233295e-30,5
"19973",0.000583407889684728,1.11683307126102e-06,2.04324187911118e-20,2.32549110630612e-10,6.61587201653089e-05,8.10137893403269e-06,0.0214369603040052,2.89052261920373e-13,0.969963702809253,0.0079405518320484,9
"19975",0.000917693838824763,6.20050574992975e-08,2.04010560312677e-29,1.13555814393562e-20,0.0268147214807505,0.04744995867077,0.923101714738063,0.000306603113201925,7.8714711831008e-15,0.00140924615332439,7
"19977",2.17755877354936e-25,1.9679505321126e-16,2.10833905197826e-59,1.13683644290584e-23,0.264867780967998,0.735132193961815,1.02742060710082e-14,2.50701518533192e-08,4.03950427640631e-84,2.46478311365181e-14,6
"19979",2.02150131113212e-50,0.0116921506983191,0.988252697038751,9.52457435469009e-08,5.50569648364387e-05,5.21471964984195e-11,2.09369414600859e-43,4.98206236640363e-84,2.37696579845844e-119,2.02021069806949e-13,3
"19981",4.70513025129476e-05,0.00648569064884779,4.21166792519466e-09,1.51985995672855e-07,0.000241488533453442,0.000224618226031712,2.03889139769679e-14,8.0529807850257e-41,2.08822256622875e-08,0.993000974209244,10
"19983",3.56930867096707e-05,0.00228064645324218,1.08347638544627e-12,1.02298989334173e-07,0.000456566644952534,0.00160700382522456,1.17442620212284e-24,2.49745421232745e-64,7.64350132523278e-07,0.995619223339666,10
"19985",0.000211103766326586,3.51014286929597e-13,8.45922076681224e-43,2.01477776291225e-15,0.000567828603492728,0.00255662467832891,0.516424382571215,0.293475251130814,0.185659818945019,0.00110499030445048,7
"19987",3.28056798292522e-11,0.666115718378075,5.58878680864072e-08,1.65978594542356e-07,0.0108249258173105,0.0246839611932673,0.192271281986528,1.37295361167911e-20,5.92594577836675e-07,0.106103298130974,2
"19989",7.16646384668593e-48,0.0056723239951996,0.991214573328776,0.0031047839485774,8.31870581161134e-06,1.35163017460945e-12,1.37401544261096e-65,2.46183239677236e-189,5.7253568877818e-88,2.02837922306639e-11,3
"19993",2.17201849918953e-16,0.554068526810976,4.51735594809413e-07,1.62403183367236e-05,0.00233406411562891,1.37216962548972e-08,4.55125693048944e-10,2.66369322067415e-26,4.11232048527174e-34,0.443580702842641,2
"19995",1.59809677858485e-11,0.712742568545596,0.000203598372972898,4.725327251046e-09,0.0289054715136513,0.000143839666598262,5.4042238843195e-09,5.59700327955865e-39,9.43546462162668e-29,0.258004511755649,2
"19997",1.77387477337626e-06,5.52624103317409e-08,4.88655312581461e-27,3.31962738432214e-08,0.00050091730988648,1.58894852891942e-05,0.00278625221734494,1.75773043950338e-17,0.943373757560535,0.053321321093487,9
"19999",0.000410064257956015,1.51402298562088e-12,1.25654128845797e-41,1.08885067375895e-14,0.000126231253480296,0.000577081500742643,0.998345429618242,1.70395820134726e-05,0.000314915972935776,0.000209237813105531,7
"20002",2.88189164239349e-10,2.17914880073941e-18,9.23019962908258e-60,1.18677147013672e-49,0.000174549236557597,0.999825450475253,5.2315212223319e-36,1.69944054788556e-35,1.10997045154176e-91,3.12917437237782e-35,6
"20004",3.70933397731139e-09,0.979363495046032,7.48185286938307e-05,2.81564556437029e-16,0.00587652111520859,0.0146844188801699,7.54245910877703e-16,1.15071009393061e-55,4.41850166070717e-33,7.42720560814967e-07,2
"20006",6.86510923255677e-16,0.00112160268409726,4.79286643736781e-20,2.4841488421656e-17,2.73266769650385e-05,0.998826258135621,6.07027279497764e-46,2.22909627850041e-57,6.02366126944572e-66,2.48125033161994e-05,6
"20008",9.57296875542102e-23,0.0377818652759258,2.26427498156065e-14,1.74580230070811e-10,0.962138854370796,2.366582008873e-05,1.25948813443398e-38,8.84492374284279e-92,6.10456271789613e-79,5.5614358586451e-05,5
"20010",2.34994829078547e-31,0.733408800312644,0.127545873052793,0.0309276695958075,0.000138818527625872,7.92466204870827e-07,1.31902483509107e-26,1.16854956842605e-95,7.18506678837846e-29,0.107978046044924,2
"20012",0.259854656185322,1.64638089817533e-11,1.85222708684209e-43,8.90139457044784e-24,0.257263461667933,0.481575980671247,2.24936485682549e-05,0.000971685123593732,1.98746154243862e-29,0.000311722686871313,6
"20015",3.48959035446172e-17,0.0299976968302757,0.967987210617,5.67852477730387e-17,0.00201501709914685,5.51232905806566e-08,1.627728740963e-58,6.14856672382179e-129,7.22913867584899e-104,2.03302869825574e-08,3
"20017",0.0168913691832269,2.91102139364528e-11,2.75377184154666e-34,5.71865911855279e-16,1.05186023985235e-05,0.000233501793884341,3.07579716696398e-06,1.4595446792758e-12,0.979913233216634,0.00294830137611943,9
"20019",4.25897186196415e-57,0.0307640895486063,0.968096274908611,1.16760504913442e-06,0.00113843124043206,3.66973018032492e-08,5.73809682904177e-79,5.06152830392288e-159,4.18022956775999e-151,2.52566235913579e-16,3
"20022",2.05250190640408e-25,0.147159346125201,0.810605334377583,0.00122877187907162,1.11497404108171e-05,2.63006631460727e-06,1.7002021883534e-24,4.54856321863259e-85,9.64925045100929e-30,0.0409927678114186,3
"20024",6.5864115122903e-63,7.40501659545246e-05,3.35878131338081e-10,1.93149328078762e-06,0.80465042564585,0.195273592359036,1.74039992504718e-142,6.96339044564716e-277,4.53545896170101e-135,1.13867196792981e-30,5
"20026",6.5864115122903e-63,7.40501659545246e-05,3.35878131338081e-10,1.93149328078762e-06,0.80465042564585,0.195273592359036,1.74039992504718e-142,6.96339044564716e-277,4.53545896170101e-135,1.13867196792981e-30,5
"20028",2.35789109080578e-06,1.05484048418074e-11,1.86359863978247e-38,4.20476074707819e-12,0.000169739753578204,0.000107725818043563,0.0316319048572994,2.73816946046795e-09,0.967331922799402,0.00075634612766316,9
"20030",9.79506538075765e-20,0.849812259248482,0.13097676033682,3.89300630320325e-20,0.019146090103153,6.48903091536352e-05,3.36638350898678e-29,1.46218268466796e-61,9.53281720334129e-86,2.39180431689884e-12,2
"20033",8.2674686499436e-09,0.000132436176252407,2.05437522536213e-17,2.03246645524195e-08,0.00530500577809246,1.47000619443484e-05,0.905370545548287,0.000159184617652993,2.21611002261697e-09,0.0890180970095269,7
"20035",3.63211323312618e-52,0.211190218300531,0.741206723893521,2.13572809104874e-05,0.0475807559775703,9.44547466708729e-07,7.96201799673686e-93,1.06822085102787e-184,2.71675534580372e-145,1.01071779073327e-16,3
"20037",4.02787165931198e-41,0.0202806368203076,0.979498235244352,2.32539351871286e-07,0.000220894113917276,1.11741227631264e-12,4.79494394015067e-87,1.86755106969389e-180,1.15742046733437e-138,1.28095414799255e-09,3
"20039",5.23291916125171e-98,2.57082397731036e-16,6.87718678001561e-24,0.779007191966961,0.220814179311777,0.000178628721261554,1.71680743766741e-215,0,6.1794095634407e-149,2.57302035176664e-40,4
"20041",2.90972781151478e-17,0.00128839094671944,8.113040836239e-19,0.000206973003416255,0.00289396132410727,0.0184738424017027,8.29408208837569e-37,3.02443536935169e-60,1.51714976620068e-28,0.977136832324054,10
"20044",1.40224212043856e-19,0.000923554837290231,7.22049163666877e-20,4.05990439237414e-05,0.0451844049779406,0.838263861378375,2.04894282949257e-37,3.00427738166179e-49,5.69946892295119e-40,0.11558757976247,6
"20047",2.44355183883406e-73,0.11208558139181,0.87580536930117,2.808959626154e-05,0.012080959388684,3.2207358119728e-10,1.47431220156431e-72,7.12689944197678e-126,7.14095857527374e-172,2.67541629872047e-20,3
"20050",8.54470678307657e-55,0.0154809726620265,4.42780199288599e-08,0.981081214072913,0.00339348476026518,7.20225446774711e-09,3.65491701433392e-33,1.68584295272356e-94,1.57176917202113e-55,4.42770245206067e-05,4
"20052",9.57035585900917e-21,0.00803361868437771,5.18222932065023e-11,0.0091661513715557,0.000465515026711004,1.18100811155102e-06,0.481981703835969,1.71746237604348e-16,1.50299186470545e-06,0.500350327029588,10
"20054",1.00037274423247e-09,0.22506524534358,0.772531149088104,1.46628578634277e-16,0.00202397873550663,9.48203916198617e-06,5.17336785313077e-35,8.61124342259727e-74,7.75708132570476e-57,0.000370143793273682,3
"20056",1.07533893893432e-16,9.38169408041607e-07,1.23506185522018e-27,1.42916021692983e-18,0.112207043679938,0.215187749185783,0.672603636847438,6.32109963193349e-07,6.73807884767065e-38,7.47018944857173e-12,7
"20058",1.26272884714048e-37,0.00960361483559908,0.99035891192803,1.83297819485156e-05,1.91433106607907e-05,1.08378296946338e-10,5.53725741725834e-80,3.20105107298192e-213,3.67073701324343e-88,3.5383456321339e-11,3
"20060",9.7711876633847e-06,0.00504790128498867,9.64165416458618e-17,5.02260534545851e-07,0.0256479158281108,0.00356495646411058,1.16877084719709e-07,1.57685224489213e-51,0.00703527687720577,0.958693559220301,10
"20062",6.4000719852352e-06,0.0223722987702192,3.11844910816054e-10,2.39395893513393e-05,0.00178213077143359,2.60446554761051e-07,6.57554428052771e-08,8.59571763328603e-39,1.1689026980596e-06,0.97581373538047,10
"20064",5.13990414295931e-19,0.086813392333075,0.791456920254006,6.05223323620557e-06,1.12787649824465e-05,2.56175666163339e-08,2.0638060249914e-06,1.05852285821229e-34,3.11447571820512e-25,0.121710266991109,3
"20066",4.16630687784056e-30,0.125282308628969,0.803303586184681,4.52387768343729e-19,0.0714122455620539,1.85962429645391e-06,7.91670524465083e-53,2.43351899625459e-83,2.35939694747859e-133,2.12476649482008e-18,3
"20068",0.0817327151429663,9.60583574110959e-08,4.89649896099066e-27,4.74038033779877e-10,0.00121167336092751,0.00148423740510403,2.23792383595501e-14,9.17121308279032e-50,0.282232375130557,0.633338902428027,10
"20070",3.00163606991284e-12,4.6481157265722e-07,5.9689464248631e-26,0.00763304762076641,0.0123535132272875,7.69139377680886e-05,1.18052766427168e-21,2.80903814449629e-74,0.000103590086189803,0.979832470313414,10
"20072",5.21010190244563e-10,0.766529161944337,0.00180063154770262,3.79370578645173e-16,0.231667385884069,1.80172709954546e-07,1.25278911259681e-93,1.99402696967944e-170,1.26988327134223e-89,2.63993017089459e-06,2
"20074",1.05078222603096e-06,8.68166340996497e-27,4.8768760909516e-78,1.59817283474715e-44,1.35744773184505e-07,0.00180772450725565,2.23075887449253e-11,0.998191088943437,6.6007036780296e-43,3.01429191027505e-22,8
"20076",0.611820253534694,3.79176695633626e-06,9.23937789377574e-24,7.88479703816149e-35,0.00523248786911378,0.38292542390394,1.04117253131048e-09,1.32422221010989e-08,1.17069741672917e-27,1.80286419017179e-05,1
"20078",6.14135744778343e-26,0.902427535193253,0.00187968814042539,0.000662738905740243,0.000391612042194896,5.57231223077181e-07,1.6458376477132e-14,1.67706259758596e-56,5.69829010033979e-32,0.0946378684871473,2
"20080",1.09200201507226e-54,0.00193489898322952,0.997961471323797,9.81383654809902e-05,5.49081613774984e-06,1.14705545895694e-12,2.57981962704838e-49,2.79317043404135e-113,2.43708796955651e-116,5.10208183354786e-10,3
"20082",1.49477188825837e-103,1.20521096418734e-08,2.88900703955279e-10,0.998618090254402,0.00138189727263647,1.31951090051095e-10,1.65447352016919e-101,2.88506365254025e-204,2.68383428066941e-93,4.82164055605323e-25,4
"20084",7.25449406887095e-41,0.990069674860726,9.28654772871708e-07,4.14789497830072e-05,0.00984621348133363,2.59924470293399e-05,9.1614504695782e-10,1.20452293371841e-26,1.58463270013771e-44,1.57106902101221e-05,2
"20087",1.04901360545978e-14,0.789011090841302,0.0222625345849013,3.52304043375788e-06,0.00145423524726309,3.24380769054658e-07,2.31814009077277e-35,2.7484761518731e-119,2.43392040178648e-38,0.187268291905321,2
"20090",9.66968344172017e-55,0.119305567121822,0.863801859498742,0.0167215654487195,0.000170910738648021,2.6859122265497e-11,3.16333896005733e-55,7.03999030146854e-121,6.73302168146678e-110,9.71652102440856e-08,3
"20092",2.5342568312899e-33,8.53765290031873e-08,2.43142628474887e-22,0.931179043488371,0.0491670657205434,0.0196534074623407,2.27157236284892e-117,2.12431920293911e-232,2.82235355472312e-47,3.97952215873427e-07,4
"20096",7.7640520735049e-41,5.14683748385034e-07,1.32583734908043e-26,0.931008877708139,0.0557351107123346,0.0132056681476297,6.55152693523293e-30,5.42666229522611e-59,3.40726511218442e-21,4.98287481482141e-05,4
"20098",5.33854765750784e-10,1.17010611294483e-05,4.84398778319598e-21,1.66254852176152e-06,0.00745330681729758,3.03026627822142e-05,0.872508293678915,0.000105565489151926,2.22923413070197e-05,0.11986687486704,7
"20101",1.95696532182535e-47,0.892370441990594,0.106682879646087,7.74398542399671e-05,0.000765281176227589,1.25953416402957e-11,8.45004701737106e-18,3.17869199481869e-37,6.37326951929575e-94,0.000103957320255814,2
"20104",1.72972548509152e-27,3.26700256869177e-24,8.31031766414466e-65,5.51558275187728e-06,0.00441423959671005,0.995580244820516,4.30993168643762e-98,1.69834205018766e-135,9.54672272626316e-31,2.21368433693269e-14,6
"20106",3.44028359444647e-25,0.0191329869399639,0.978873560543749,7.09311344448731e-08,1.32609292594122e-05,1.99150189289381e-09,5.31948804239529e-17,5.41070808944395e-41,1.98078645429357e-62,0.00198011866439162,3
"20108",0.000449351546665341,0.000918215887467187,3.16224723576118e-17,8.64418600800979e-10,0.00967765497024429,0.000544673876591261,0.0314801501958573,3.39754268806937e-17,0.104246055391293,0.852683897267464,10
"20110",5.04240020155227e-38,9.10255246866405e-07,6.38583067654797e-27,0.562843911434326,0.347915695535203,0.0875598390920126,2.9708325318382e-10,1.58205340597907e-31,6.94921006033293e-21,0.00167964338612736,4
"20112",1.22992766790848e-34,0.891175163580671,0.00874680715909777,0.0302359587007467,1.78651808081399e-05,5.52857574213246e-15,1.83164224062748e-26,8.20070426405274e-76,1.89979356420882e-56,0.0698242053786705,2
"20114",4.59898843390848e-29,0.991982362274373,1.06814484609511e-05,1.43487751443622e-07,0.00635673542452964,0.00162671864391727,9.31157782853666e-06,1.4843143862457e-21,5.19645472092969e-32,1.40471431392197e-05,2
"20116",2.7302806270144e-12,0.974896637480528,0.0116437860151852,2.35938914379208e-16,0.0102154391646469,6.8163503126647e-05,9.21064079697458e-09,1.30874638762857e-15,6.0722755393397e-46,0.00317596462313997,2
"20118",1.35458772370056e-16,0.0554961450673681,1.12549289723369e-06,0.000171787208491652,0.000185458206856342,6.84050713044238e-06,0.147721716266506,5.33920041485575e-12,1.46216907667842e-06,0.796415465076334,10
"20120",7.22466845796138e-49,0.983777862268619,0.0019227860502685,0.0118810798202465,0.00241348811460746,2.36419177686093e-06,8.88181081779648e-17,1.4393023729235e-48,1.70507499733387e-58,2.41955448156176e-06,2
"20122",4.95769242142586e-08,3.72562312702046e-12,7.68334969253559e-39,1.45090941141105e-25,9.79439557654918e-05,0.0030108214603195,0.498323506991151,0.498567670102294,3.81126576156924e-18,7.90982043389048e-09,8
"20124",8.21796736875732e-44,0.985110183945373,0.0130837876622225,0.000868469441006075,0.000911512158109945,1.26726392306566e-10,4.31147304781511e-71,2.99880078096112e-144,4.823767003617e-99,2.60466665620128e-05,2
"20126",1.10620404052549e-80,7.41692233515043e-12,2.55832020510754e-27,0.00216413779139513,0.00310646071032599,0.994729401490862,4.53263272760125e-166,3.91627464273239e-218,1.65834213533149e-132,1.95531360586891e-32,6
"20128",7.4222258216512e-99,1.06613416315726e-05,7.87820937359975e-09,0.0025544400812589,0.997434542061969,3.486369308583e-07,2.7980824571998e-163,1.57631191137555e-248,6.59805021574863e-222,2.35644901451593e-34,5
"20141",8.39905936705181e-29,6.81148130183193e-18,2.6043437115592e-47,0.00292816942957023,0.000225661370531004,0.99684616748589,2.41570169778865e-50,2.72574578873013e-63,2.2653496326377e-16,1.71400832582739e-09,6
"20143",4.75930225141238e-15,1.50502940529373e-21,2.82641546217263e-68,5.65168715260205e-35,1.22099921991774e-05,0.111794720327692,0.888183777953691,9.29172641277846e-06,3.42745411354221e-68,8.15734557673324e-21,7
"20145",4.05131007813379e-33,0.0587280355569248,0.923215454523848,0.0113518592511672,4.55708160823698e-06,5.47877807632291e-09,1.42831942922499e-17,3.24498344588454e-75,2.91138031169193e-32,0.00670008810767368,3
"20147",1.83441651213325e-23,0.01869051195212,0.830542878365513,0.000166538139634855,1.28180521017912e-06,2.42677953635884e-10,4.81067442164215e-17,8.8052169523735e-58,2.99810127635498e-38,0.150598789494844,3
"20149",1.10285017656594e-09,4.99745397132221e-17,9.44807079301486e-52,2.36440216502209e-23,1.04895373382377e-05,0.00159285870332634,1.99459735948753e-05,0.998376704539356,5.57299617427831e-15,1.43528358920022e-10,8
"20151",2.12303057035675e-08,1.75039087986778e-05,1.29807741824172e-19,1.47437521324685e-08,0.000362678393333892,2.5846727151353e-06,0.975299821984722,2.21335337606006e-09,0.000850004849170383,0.0234673680038487,7
"20153",3.90403855382594e-37,5.09063778675008e-06,9.77053770146388e-25,0.0298439921543872,0.111409048570589,0.000849361072650091,0.85777658097382,6.22869274824617e-19,1.0505659748803e-20,0.000115926590766943,7
"20155",3.15899218938424e-23,0.458913613833572,0.284955000855361,4.75464372011183e-06,0.000142194554287173,2.86442063686074e-07,1.21814431658843e-38,2.21228996685016e-77,3.54850634530336e-65,0.255984149670996,2
"20157",3.02422051014105e-11,4.30531381931321e-07,7.14716417578661e-28,1.56743916781258e-10,0.00681322066776185,0.00534404598462689,0.987692093400638,1.43355935337796e-11,5.51933941251204e-07,0.000149657280328185,7
"20160",3.264028015451e-15,2.34242310363343e-21,1.01398205042992e-58,1.92027774268746e-32,1.25723381215047e-07,3.27341874306153e-05,4.59573690614242e-07,0.999966680515494,1.76355805155357e-38,1.06726590191106e-20,8
"20162",7.01797509310397e-08,4.80955244127269e-18,4.63605635812942e-53,1.09161480782274e-23,4.31184858046714e-06,0.000165026788490878,0.0201677146781516,0.979662876231298,3.14044057173509e-11,2.42323344257985e-10,8
"20164",3.35618442892589e-13,6.06689110417761e-09,5.73317415360807e-34,4.69352092296451e-11,0.0435490602055995,0.110417525991255,0.845571270719027,2.43904097603597e-07,2.59475128818525e-21,0.000461893065859079,7
"20166",4.7742385870681e-13,0.170339832761016,9.08015225385108e-06,1.16071693742866e-31,0.564720536017632,0.264930551068619,1.35542750778984e-35,3.03345884940141e-52,1.55096502731028e-122,8.66706631969392e-16,5
"20168",8.68027659241471e-05,1.24574700986931e-11,2.23940534985101e-38,3.64592380251923e-56,0.0045961759858737,0.995317021235745,6.28205227950132e-74,2.19397085825272e-87,2.59816878692535e-108,1.39005414290144e-28,6
"20170",6.85979966828398e-18,1.15759452999629e-07,5.51521585104225e-26,1.37326614461023e-06,0.000337592781899049,0.000592704492703649,0.998658074880311,1.22485344465613e-08,3.03214240937018e-06,0.000407094428544897,7
"20172",1.80822906396778e-26,0.0137978510914599,0.979583893875806,0.00339729504208002,1.77179968458998e-06,4.0546747261018e-09,1.52353573847388e-39,1.8461323182269e-130,4.44111192549451e-35,0.00321918413629459,3
"20174",0.975455592845784,6.34239126049553e-16,6.94048617336758e-49,4.05618745620067e-26,7.51704498590437e-05,0.00190978650844534,3.59581241239254e-09,3.05806342409965e-09,0.0225466135256251,1.28300164100239e-05,1
"20176",0.0189512302094888,4.36934874062991e-08,7.02254312769203e-36,2.68001564771279e-37,0.979206713989654,0.00184201210322749,5.62098885924027e-60,3.41744497204231e-72,3.2699125737873e-79,4.14194902182102e-12,5
"20178",2.54199321942485e-17,2.53541135456293e-22,4.59350265790163e-60,1.0023393415235e-32,9.1850547400295e-08,3.54028440663796e-05,6.30210336692924e-11,0.999964505242365,1.8487168950689e-42,3.88804998255518e-23,8
"20181",2.60467648571005e-23,0.917759479536488,0.0334859974961889,5.79172553961063e-21,0.0481135495526293,0.000640973403919338,6.06251151129201e-17,9.99976390901222e-27,1.39710372327674e-95,1.07741051050378e-11,2
"20183",2.8365558685914e-13,0.00667729307670985,3.68333399258522e-11,0.0199176882518132,0.00180755712674622,0.00298600628982928,1.24836661496356e-17,1.96730156542074e-81,0.00796709480843584,0.960644360409349,10
"20186",6.27740406239712e-08,0.00227450178008268,1.76067291460746e-12,0.000780014607819029,0.175812356722025,0.0219063489172956,4.53129122593339e-66,1.38383998794236e-194,5.98908674911496e-19,0.799226715196977,10
"20188",8.20901286350339e-14,6.79598231425541e-18,1.84725021486362e-55,9.58082904603438e-25,4.58964061345166e-05,0.00292468811533815,0.970456129565564,0.0265732859128566,3.13079887278734e-31,2.44216752104966e-14,7
"20190",2.30201897035731e-27,0.00305788405229917,0.996874615133593,8.89536424646428e-12,6.74895809257939e-05,1.47788394923137e-10,5.8394320931272e-41,5.47503442136155e-92,8.61119271654594e-98,1.10764986186532e-08,3
"20193",9.24936174540936e-09,6.75867948457364e-11,6.25417132775096e-45,4.61726889794909e-43,0.828992026160657,0.171007964522167,8.58868544391256e-21,2.28337811909637e-13,2.94569365942367e-116,9.56701603719226e-20,5
"20195",7.09184224339413e-14,0.000318399154699774,1.09589090995972e-20,3.7486010951766e-08,0.0734576598286534,6.05761625413029e-06,0.780850996797486,1.80918769483306e-08,2.98686111134515e-29,0.145366831024948,7
"20197",3.04565103592776e-26,0.0179235366040477,0.77462491870787,0.00190164949484475,9.19519204332756e-08,8.87160765429859e-15,2.02543153449952e-32,4.1530409070094e-91,6.9660888572592e-46,0.205549803241309,3
"20199",1.78169026619006e-16,8.48381929123135e-14,1.41088892911922e-44,8.08118591366974e-11,0.000266800007559005,0.00124371423733728,0.998484563105658,6.54780802315618e-07,3.9588786199947e-11,4.26774815744225e-06,7
"20205",2.84468926699762e-91,5.8080818356983e-11,1.04775500582357e-21,0.967833588708869,0.0321664093159673,1.91708268163355e-09,3.20698130002063e-124,6.12403320126862e-229,1.32176024235016e-77,2.35672046519912e-18,4
"20208",1.13898420930921e-08,0.00500771373612669,3.81013351627027e-15,8.72363327563329e-06,0.00547442874189305,6.48713442732418e-08,0.00726744628790258,6.45897499801651e-12,7.79991500615576e-12,0.982241611325353,10
"20210",1.42843292575397e-09,8.09137795857958e-15,1.31326173991978e-45,7.77136335492652e-18,8.27145927099195e-05,0.000269192443646532,0.944472193416361,0.0551758038343885,3.01818632383388e-12,9.42814349869788e-08,7
"20212",6.09685525007145e-11,9.79376758952377e-07,3.96336549318031e-27,1.43734143195159e-09,0.0386407871440706,1.35231274899501e-05,0.931976624604536,0.0165708214116047,1.40330396991821e-14,0.0127972628372163,7
"20216",2.97887783956206e-21,0.824462725662068,0.173290089278311,3.5863381407487e-10,0.00153849291186616,0.000691996594694924,2.17005145803737e-20,3.02225797102454e-56,6.62863389445097e-48,1.66951944257962e-05,2
"20219",2.31189242772268e-59,0.136007003906853,3.25892487428273e-05,0.86080113503548,0.00315461553789339,4.76506092862609e-07,2.47364154936867e-28,2.31780833990837e-87,1.65178630207513e-44,4.17976493795701e-06,4
"20223",7.86989171468775e-24,0.0867476054336367,7.79050047963738e-07,2.79201179531147e-20,0.913250923664064,6.91852251281257e-07,2.71598028362379e-139,1.28063790377405e-234,4.4089188689774e-173,3.08099605099632e-17,5
"20226",2.43167864904673e-18,0.00709117213333723,1.2248425538162e-13,0.000305917466816313,0.00598188020513104,1.30598570305571e-05,4.03944421391618e-13,1.18045376905386e-40,7.30325973705814e-26,0.986607970337159,10
"20230",3.81954174950804e-36,0.00649549906712321,0.993426585724133,8.83981722829881e-09,7.79061019845601e-05,3.67061034171986e-14,5.66105349764031e-56,4.05513161133435e-124,5.7376340614661e-116,2.66905804073921e-10,3
"20233",7.52574952134902e-79,2.28957764174028e-29,3.28416667020321e-69,0.879535253054698,0.00129017215901513,0.119174574786287,3.55377241138758e-94,4.55096251245848e-157,1.41677773246207e-45,8.59819992370472e-26,4
"20235",2.7709357004373e-37,0.926275874599982,1.67655362258441e-08,4.97403830919024e-05,0.0736739167246666,1.02934271030889e-10,4.24649762615792e-118,2.16482562862257e-203,7.256180808244e-107,4.51423788761942e-07,2
"20239",3.77073343073164e-10,0.807865233462441,6.73326560297478e-06,2.79419258520997e-13,0.13849367910891,0.0396656845627436,4.23179749128046e-56,2.15863963694097e-126,5.82519260712866e-49,0.0139686692229496,2
"20254",6.44669081613889e-107,3.55282852251194e-08,7.05956554077572e-09,0.972324427276984,0.0276752711563835,2.58978781944601e-07,1.56051248578652e-105,5.35381711735963e-208,2.79403561610076e-114,1.28865846794336e-24,4
"20256",1.89588057516667e-26,0.158821058685888,0.840747824443799,5.88754603825181e-05,6.74236600310678e-05,9.06077785604895e-09,1.67764014853548e-67,8.49182106442226e-155,6.26493386014113e-71,0.000304808689121221,3
"20262",1.24270095873535e-11,2.26611597700321e-08,2.53667080386106e-26,6.60874066501591e-11,7.92201845519311e-05,4.77054966091189e-05,0.999625611139496,3.90744970256726e-05,6.6555013153199e-06,0.000201710441327286,7
"20270",6.86092036632279e-15,0.962817364704653,7.39841561633739e-10,3.71491955926086e-22,0.0371824395410399,1.94944183362857e-07,1.49475596458727e-25,6.51913531085385e-55,3.91161333155824e-78,7.02752691309945e-11,2
"20284",1.51261265508014e-37,0.000135364702617964,3.85734938327057e-17,0.882798301220009,0.112299156799426,0.00469452776230801,1.92089725135023e-34,3.21552434458509e-133,2.61464790343644e-15,7.26495156372236e-05,4
"20287",3.3013128184752e-35,0.116802969585637,0.882030759093037,9.19273483621458e-13,0.00116627124242697,7.79064449174215e-11,1.17096577927867e-100,4.11681961716249e-192,4.48817462886692e-157,7.30134984165276e-14,3
"20290",1.51835266872201e-70,8.10319891633013e-09,4.42643988823758e-21,0.933380772328519,0.0653720513820856,0.00124716818617846,9.64901565365493e-50,1.39036045393474e-121,7.0618512260708e-52,1.86789946331891e-14,4
"20293",1.22335391092818e-25,0.496066479200979,0.265728994199403,0.0179325479475853,6.52361221659635e-05,5.80826310464764e-06,6.36870453238461e-20,2.6813171703745e-67,7.19899190377538e-21,0.220200934266762,2
