"","V1","V2","V3","V4","best$classification"
"19812",0.963818407887266,7.09414225467396e-12,0.00960237091617486,0.0265792211894645,1
"19814",0.0805233921670487,0.0258690731811005,0.00178834755228255,0.891819187099568,4
"19816",0.989790730431459,2.14356433647189e-12,0.0102092692757738,2.90623326817422e-10,1
"19818",0.971956851766693,0.00241781646301984,0.00640002344163724,0.0192253083286495,1
"19820",0.976652932509047,1.17065891399442e-32,0.0233470674909525,1.09029978259192e-45,1
"19822",0.1699526172091,6.4274083099387e-28,0.8300473827909,7.72506503747561e-51,3
"19824",0.580094565023079,9.29284668964146e-10,0.419905434047636,2.46835487886058e-22,1
"19826",0.722478898966715,4.44846548041207e-08,0.0698269285059862,0.207694128042644,1
"19828",0.993319015411886,1.05704046846748e-16,0.00668098458811424,1.20919652342313e-21,1
"19830",0.49239081669777,1.1670188765399e-07,0.410443928658661,0.0971651379416807,1
"19832",0.282018890292758,6.10908314830468e-26,0.717981109411949,2.95293350812649e-10,3
"19834",0.981993272760725,1.86154213044624e-13,0.0180067272390033,8.50792165250066e-14,1
"19836",0.973228636978175,3.1489714303287e-18,0.0267710904909696,2.72530855580756e-07,1
"19838",0.00461958603191785,3.65840457684253e-06,0.000973231864142806,0.994403523699362,4
"19840",0.938304554324723,1.89282878072221e-17,0.0616954448443582,8.30918799145702e-10,1
"19842",1.16419406811161e-05,3.42686837771281e-08,0.198638543374496,0.801349780416139,4
"19844",5.70589765732794e-10,0.969163415755535,0.0308365836738751,4.68099117364773e-18,2
"19846",0.000283395405418564,0.117672458435824,0.00165647741794632,0.880387668740811,4
"19848",0.000514650903512474,0.989276227989507,0.000950556370568106,0.0092585647364127,2
"19850",0.00556773067825266,0.00315577054192453,0.0131868075450109,0.978089691234812,4
"19852",0.99257455459771,1.28337022569486e-06,0.0073837018720629,4.04601600014536e-05,1
"19854",0.00068001183093183,0.995679446772425,0.0013197766018549,0.00232076479478838,2
"19856",0.00112797884664061,0.115209914530803,0.883662105374959,1.24759768766416e-09,3
"19858",0.00363656760891982,0.00206804890633536,0.994295383484745,9.07050579997932e-18,3
"19860",0.983611295182526,3.31269757222793e-10,0.0154538618393784,0.000934842646826347,1
"19862",8.72979431785515e-05,1.21570751460548e-07,0.00128309354194835,0.998629486944122,4
"19864",2.14474883433633e-10,7.12910817033438e-20,0.999999999785525,1.4973966605851e-22,3
"19866",0.703112959476229,2.93467282842886e-18,0.296887040523771,1.79343152668699e-16,1
"19868",9.28149513467175e-13,1.47366558219484e-32,0.999999999999072,1.24478861152714e-35,3
"19870",0.0467992416502287,0.000281222363793962,0.0061241947490696,0.946795341236908,4
"19873",0.908759860661008,1.78414123194173e-05,0.0591494613691144,0.0320728365575587,1
"19875",0.980192660748805,5.75403033682907e-21,0.0198073392510592,1.35929189109823e-13,1
"19877",0.910810731472432,0.000123599691088816,0.0077887206055996,0.0812769482308798,1
"19879",0.996327158887229,2.63352155624136e-05,0.00364645063244818,5.52647606735238e-08,1
"19881",0.936087888530283,7.14150745303024e-06,0.0629476155357487,0.000957354426514677,1
"19883",0.106380343428973,2.0505260669839e-06,0.0514759878522075,0.842141618192752,4
"19899",0.928227986823884,1.86676251647605e-17,0.0717720115973597,1.57875683659721e-09,1
"19908",2.28091285358725e-07,2.72618811413731e-20,0.999999771908715,4.72384022951764e-26,3
"19910",0.994610610371385,2.76951931575667e-05,0.00483026187735903,0.000531432558098701,1
"19912",0.000105011179115081,4.90455650007468e-06,0.048877164620834,0.951012919643551,4
"19914",0.986458724225349,1.2518955110989e-07,0.0135410295933537,1.20991746347197e-07,1
"19916",0.000399756469408988,6.95770214605729e-18,0.999600243530591,5.26126458666302e-30,3
"19918",0.0480883857086867,0.240551895112824,0.00455693137812287,0.706802787800366,4
"19920",0.000270108952089815,0.994207305161013,0.00164262101550519,0.0038799648713922,2
"19922",0.000398849331852347,1.13690510801694e-23,0.999601150579022,8.91257436506242e-11,3
"19924",0.950292676158567,0.0367979061420937,0.00293950062283342,0.0099699170765062,1
"19926",0.953679094351448,1.06896710846135e-21,0.0463209056390858,9.46634419592123e-12,1
"19928",4.02578856217988e-16,1.3975041658237e-19,1,7.4533990118149e-19,3
"19930",0.0420837731672027,1.47992090268848e-06,0.000799529065883965,0.957115217846011,4
"19932",0.00195566397524272,0.00019271513321164,0.000237364148403196,0.997614256743143,4
"19934",0.993833383382677,2.43957236487997e-10,0.00616661637299256,3.73666524720204e-13,1
"19936",0.929227870446703,1.5017289411514e-10,0.0632120315517765,0.00756009785134813,1
"19938",0.960544941655298,1.20468585544649e-15,0.0394550583447008,3.72059019939514e-28,1
"19940",0.987380245994209,0.000112403467521127,0.00985305374255149,0.00265429679571863,1
"19942",2.50355568934986e-09,2.5994215243052e-18,0.999999997494466,1.97811390549222e-12,3
"19944",0.989530121822286,5.01918789091645e-08,0.0104659700158934,3.85796994190281e-06,1
"19946",0.977892884390244,0.000876960981053014,0.0197456134008898,0.00148454122781281,1
"19948",3.99160237666656e-09,1.03131943706221e-12,0.999999867702473,1.28304893630923e-07,3
"19950",9.84567184302914e-08,0.998942109148232,0.00105778335902478,9.03602441385366e-09,2
"19952",3.99160237666656e-09,1.03131943706221e-12,0.999999867702473,1.28304893630923e-07,3
"19954",0.00922978956339685,9.32013692055161e-05,0.000281179335975368,0.990395829731422,4
"19956",4.61555912257674e-07,8.39775376429553e-06,0.999793325677489,0.000197815012834734,3
"19958",4.40307120321899e-12,2.19360709905971e-27,0.999999999995597,1.90640683498803e-26,3
"19962",0.281787446488625,0.000282802395797006,0.717929646586155,1.04529423020245e-07,3
"19964",0.970890975499103,1.02500158970147e-06,0.0291034765210762,4.5229782314592e-06,1
"19966",0.77516477266828,1.92205495838513e-30,0.22483522733172,7.20686747110836e-34,1
"19969",0.341194600239567,3.19499110229776e-10,0.0993151535319579,0.559490245908976,4
"19972",0.0347779483991848,0.534943277483809,0.382453813932637,0.0478249601843688,2
"19974",6.91065962179619e-08,0.979019133058332,0.00533249796438266,0.0156482998706891,2
"19976",0.926406649554591,0.0226046749109024,0.0240024741156637,0.0269862014188429,1
"19978",0.989533942081499,1.28914561215705e-08,0.0104645392660211,1.50576102403866e-06,1
"19980",0.000222724462358756,0.950312796370207,0.000611705795560625,0.0488527733718738,2
"19982",0.0230142921249935,0.741163817165318,0.233578189329011,0.00224370138067775,2
"19984",1.59286076862695e-06,0.996070047458043,0.00392835948784942,1.93338729808337e-10,2
"19986",0.947271429922818,1.33749892617423e-27,0.0527285700771823,4.15911798607228e-35,1
"19988",0.913114992815205,1.06087395909862e-35,0.0868850071847954,1.22628101926542e-49,1
"19992",0.950281075403155,8.96187439051478e-23,0.0497189245968447,5.76153927334426e-33,1
"19994",0.0697509556704473,2.14169813334444e-07,0.000974254849852967,0.929274575309886,4
"19996",0.991740755177005,6.55565356949994e-20,0.00825924482299462,4.29536659374266e-29,1
"19998",0.00969764462977297,3.6832893626155e-11,0.990302355141923,1.9147102600595e-10,3
"20000",0.000505349406821009,3.02259492135107e-16,0.999432115551705,6.25350414731854e-05,3
"20003",0.974602669343744,1.10298178956205e-14,0.0171726455928819,0.00822468506336327,1
"20005",6.47801941115181e-05,0.998354920001586,0.00154316551511605,3.71342891866081e-05,2
"20007",0.973449645988884,4.55687463284067e-11,0.0265503512517272,2.71382034720678e-09,1
"20009",0.346031798266842,9.3716649288268e-14,0.653968201733064,5.66590988016632e-30,3
"20011",0.495402063203667,0.19276314357283,0.29604116260993,0.0157936306135732,1
"20013",0.181897345401933,0.34697899416665,0.00448235934357908,0.466641301087838,4
"20016",0.3953251738402,2.23293465063849e-19,0.6046748261598,1.52750554302772e-39,3
"20018",5.08609468586847e-10,8.16241208610293e-62,0.999999999491391,5.027538715125e-76,3
"20021",0.98492292918559,9.52816548024291e-22,0.0150770708139343,4.7575265131018e-13,1
"20023",0.969756237049624,1.62013570287739e-08,0.0302437440089491,2.74006984439256e-09,1
"20025",0.00212086737618065,8.96683024794666e-49,0.997879132623819,6.08472329869194e-46,3
"20027",0.0079015934530628,9.4227994082491e-11,0.0244318713823592,0.96766653507035,4
"20029",0.0277794190671055,8.31650413844824e-07,0.0877372184494081,0.884482530833072,4
"20032",0.00320796287536465,3.606701152229e-08,0.000890033185384118,0.99590196787224,4
"20034",1.03359702257868e-06,4.00576274195818e-13,0.999985641032191,1.33253703857225e-05,3
"20036",0.0274426809610371,2.06292334835267e-07,0.972555977489256,1.13525737168064e-06,3
"20038",0.987991571778736,1.39384305234979e-30,0.0120084282212644,9.51757289741041e-25,1
"20040",0.000243748778728836,5.78552309517772e-28,0.999756251221271,2.66955680778928e-50,3
"20043",0.972045450294016,2.95190862762559e-17,0.0279545497059768,7.46673473363988e-15,1
"20045",0.594673896836673,2.1499165351572e-28,0.405326103163327,7.29015615377266e-50,1
"20048",1.92298610164256e-10,0.993676275145082,0.00632372456616873,9.64509495059126e-11,2
"20051",0.824241844485677,3.67727393180352e-11,0.175758003208479,1.52269070837442e-07,1
"20053",0.906550956800399,6.33609206384479e-07,0.0934484095887984,1.59641151510398e-12,1
"20055",0.89712254279249,1.2564850116632e-36,0.10287745720751,6.85783625090305e-22,1
"20057",2.44450117898862e-23,2.97310912830779e-39,1,2.91482439615529e-41,3
"20059",0.702453299680565,2.46966690289852e-14,0.297546700319405,5.61822030404721e-15,1
"20061",0.968331868306003,7.52834134237516e-14,0.0316681311728884,5.21033378091318e-10,1
"20063",1.47469836394165e-11,3.34932608951222e-09,0.999999996635927,1.01637222550123e-39,3
"20065",0.00942029687143121,2.27139834425217e-58,0.990579703128569,7.497149806062e-46,3
"20067",0.803181374423335,1.95772575766943e-10,0.196818625380892,3.22798375603561e-23,1
"20069",0.000118401378008861,0.98974398456445,0.000400663300403241,0.00973695075713804,2
"20071",0.195479737765214,6.68286531279887e-17,0.804520262234754,3.20595234509862e-14,3
"20073",0.00614096561943528,0.971735932951671,0.0218799347249581,0.000243166703935508,2
"20075",1.45918809936082e-10,2.39734425630094e-41,0.999999999854081,3.92164517976955e-30,3
"20077",0.942625081915987,7.58337902102596e-10,0.0573749173219954,3.67962021047917e-12,1
"20079",0.0223221025619394,2.89864151876501e-07,0.977677607573871,3.76446307228558e-14,3
"20081",0.893040406741833,5.02579304077212e-18,0.106959593258167,8.54175534220722e-18,1
"20083",1.73297367694638e-05,1.85219985067375e-06,0.99998081806338,3.14782929753786e-17,3
"20085",0.942457482367898,1.28133711019903e-38,0.057542517632102,3.33678132867213e-47,1
"20088",0.98029037700518,1.32175534964199e-20,0.0197096229948199,4.86506946086592e-21,1
"20091",3.33760976948951e-05,4.05296244524934e-27,0.999966623902305,1.91762075643144e-30,3
"20095",4.20831015921511e-05,3.66025299105596e-06,0.999954256645417,6.22948238661847e-21,3
"20097",0.888935959118424,1.39166950201952e-41,0.111064040881576,3.11622392626565e-47,1
"20099",0.072681037602342,7.86073502516815e-09,0.927318954536923,2.71783259562467e-20,3
"20102",1.47369907347397e-07,6.16151847424374e-08,0.999999791014908,2.92747507839867e-21,3
"20105",0.961844990621761,9.01969776057873e-14,0.0381550093781484,9.68651354301627e-19,1
"20107",0.990093500729313,2.21139178972657e-17,0.00990649927068753,1.37967161973696e-20,1
"20109",0.802923113481364,0.00172603518396884,0.195350851332686,1.98095565508145e-12,1
"20111",4.122391359021e-09,2.2235349865592e-17,0.999999995875835,1.774183454469e-12,3
"20113",0.852461529423894,1.41429596379695e-21,0.147538470576102,3.89677249230907e-15,1
"20115",0.00525457949227509,3.38117626402557e-12,0.873499058529675,0.121246361974668,3
"20117",2.125378980707e-08,2.29601326879926e-40,0.99999997874621,3.37892135166384e-40,3
"20119",0.464953479969768,1.60816237073221e-29,0.535046520030232,9.48098443185226e-27,3
"20121",0.978646884500085,1.78647900849777e-22,0.0213531154999155,1.4730508320038e-24,1
"20123",1.44810457654489e-05,4.03986277446718e-45,0.999985518954234,1.22051503186241e-36,3
"20125",0.00369216124480732,0.000208916688952855,0.00122226698734766,0.994876655078892,4
"20127",0.938982126538552,4.44867838115671e-24,0.0610178734614477,2.25057352220867e-40,1
"20140",0.603364051369584,3.65102645015087e-29,0.396635948630414,1.92094137819873e-15,1
"20142",6.51879566778142e-07,0.997430038718017,0.00182104032645472,0.000748269075961824,2
"20144",0.00499493962220753,1.06584450729935e-10,0.95847201736219,0.0365330429090181,3
"20146",0.0105247484842516,0.00104501110526375,0.988382050654244,4.81897562405667e-05,3
"20148",0.757203098816389,5.2831621203856e-10,0.0271163518657147,0.21568054878958,1
"20150",1.72704558457268e-05,0.602697968846605,0.00251041630395288,0.394774344393596,2
"20152",0.889139025502068,4.55486882669437e-07,0.0189481101415634,0.0919124088694862,1
"20154",0.000188420361365877,6.33506986654755e-29,0.999811579638634,3.55093872155867e-42,3
"20156",0.306312564587508,1.34256181554636e-06,0.693686092846159,4.51733436975426e-12,3
"20159",6.6327404876202e-05,0.98992037189015,0.0100132838212904,1.68836836559529e-08,2
"20161",2.61993824892956e-05,0.0120282664742934,0.98794552870322,5.43999761394506e-09,3
"20163",0.709753955580208,3.43991596183569e-21,0.29022190928886,2.41351309317511e-05,1
"20165",0.0118918940150313,0.196257328172334,0.79185077781263,4.53767167955368e-15,3
"20167",0.115774052288271,0.00372271419223052,0.00179651351295795,0.878706720006541,4
"20169",1.82285526921337e-09,0.998427554180649,0.00157233728545799,1.06711038443066e-07,2
"20171",3.02948789693477e-07,6.85256642016054e-32,0.99999969705121,8.16178154116453e-53,3
"20173",7.1687233516649e-08,2.13498245614726e-10,0.999999928099268,4.50635337831152e-26,3
"20175",0.714881275570528,0.00681868263344343,0.0285791126409221,0.249720929155107,1
"20177",0.167414650686565,2.92727260202569e-13,0.832585349313142,2.30240092587635e-18,3
"20180",0.902970741654728,7.85541479598296e-40,0.0970292583452724,1.5975946629789e-28,1
"20182",1.17851238978829e-20,4.17429414758406e-07,0.999999582570585,2.85080021993708e-19,3
"20184",0.00107597022520873,0.997157517136987,0.00109615129927839,0.000670361338526249,2
"20187",2.58484553745077e-05,2.54687332460838e-09,0.999974148983218,1.45344311036712e-11,3
"20189",0.966880531813896,5.19704888857168e-16,0.0331194681732729,1.28302737597678e-11,1
"20192",9.90933904480885e-05,5.38781161443749e-38,0.999900906609552,1.58116318707874e-29,3
"20194",2.36254559207736e-06,0.000236968609940817,0.999752617717235,8.05112723255342e-06,3
"20196",0.256693978511703,2.73355485271858e-31,0.743306021488297,2.14325223377483e-36,3
"20198",0.572548388224722,4.05914813311475e-10,0.427381610622449,7.00007469142051e-05,1
"20204",0.00079185272395527,0.0709276488751259,0.00294360237850955,0.925336896022409,4
"20207",0.754104989396529,4.71736183479941e-18,0.245895010603471,7.51951802913412e-31,1
"20209",0.000217381622129116,4.11162460585226e-32,0.999782617791274,5.8659643332249e-10,3
"20211",0.00016941780220862,2.27005453674515e-33,0.999830582197791,3.80859662582669e-27,3
"20215",0.93483582145937,5.36341188833382e-20,0.0651641785406295,1.49326981873207e-16,1
"20218",7.71319738063023e-06,0.979464366635494,0.000908876210738492,0.0196190439563871,2
"20222",0.862536241192955,1.71575157087141e-18,0.137463758807045,5.37793379620142e-21,1
"20225",0.00248323087028972,2.08581221108497e-09,0.929791798033683,0.0677249690102151,3
"20229",0.0702780291903395,1.7497180504879e-21,0.929721970732553,7.71070534617429e-11,3
"20232",0.939426932423242,1.00623004698208e-14,0.06057306757252,4.22788104433865e-12,1
"20234",0.00047948644129742,5.32411242737071e-58,0.999520513558703,1.80850229432869e-65,3
"20238",0.898983488262425,6.00013276161546e-17,0.101016511737575,1.91468325715098e-22,1
"20253",0.877512386447034,4.55162745663189e-26,0.122487613552966,4.13504211507679e-31,1
"20255",0.0362204346067343,5.96604185691731e-07,0.00305886640694942,0.960720102382131,4
"20258",0.985630770875856,1.52046456038292e-26,0.0143692291241444,2.14144056827727e-26,1
"20269",0.965751015613212,3.83702538026295e-08,0.0342489460165016,3.28832162855269e-14,1
"20271",0.552417636046663,5.62859919599268e-31,0.447582363953337,2.78272998592145e-29,1
"20285",0.0158474102953719,3.83847004702064e-10,0.9841525891147,2.06080629340876e-10,3
"20288",0.965930849827768,1.23604251380892e-16,0.0340691501722317,1.82601503498237e-16,1
"20291",0.294391839646715,5.20920223108022e-24,0.705608160353285,1.21335404990002e-34,3
"20295",0.0667672123832211,3.67536404020422e-13,0.933232787616409,2.87763404124259e-15,3
"20298",0.00394058371803286,7.13225583920523e-07,0.000699957577056926,0.995358745479326,4
"20302",0.019242973648098,0.949840080451643,0.0305261018434162,0.00039084405684249,2
"20305",0.00266501967296337,2.79555673246795e-10,0.00267672887711704,0.994658251170364,4
"20307",0.982578634239903,2.53302823693094e-23,0.0174213657600969,3.8144884856205e-31,1
"20310",0.155349992419668,4.40912817994109e-38,0.844650007580332,1.16251138590361e-53,3
"20313",2.66427317470692e-09,0.985314664881478,0.014685332415117,3.91319145467203e-11,2
"20315",0.992980149602389,1.13429005796175e-22,0.00701985039761067,3.83077086685051e-26,1
"20319",0.0417043634272026,3.48767958375858e-39,0.958295636572797,5.52197606537505e-36,3
"20321",0.826080189431504,3.6015243658603e-22,0.173919810568496,6.2648529838219e-29,1
"20327",0.975216718028881,6.62706545943227e-22,0.0247832819711189,6.6373381103804e-28,1
"20329",1.34529447207228e-08,9.30495276872833e-06,0.999986546608789,4.13498549736022e-06,3
"20335",0.456909840900889,7.75180800202802e-24,0.543090159099111,5.9664408262254e-37,3
"20337",0.000100153195793552,0.999262733760448,0.000610947940371236,2.61651033867623e-05,2
"20339",1.37812062690661e-05,1.56902201263596e-37,0.999986218793731,5.89064681251043e-21,3
"20341",1.94204313176734e-05,3.39992873400576e-19,0.999980579568682,1.93303238009317e-38,3
"20343",0.0903076737626104,5.33823417367058e-18,0.90969232623739,3.58478334705348e-39,3
"20345",0.956952231381291,3.50961940376376e-16,0.042338836266749,0.000708932351959326,1
"20350",0.000123846327608411,2.75694097825283e-17,0.999876153672392,1.4411067630376e-21,3
"20352",4.78536840049941e-08,0.99901271728978,0.000987063144745566,1.71711790546703e-07,2
"20355",0.00191235450933679,0.104995081367369,0.893092563710754,4.12540425300877e-10,3
"20358",5.43630215177617e-07,0.000125428254176761,0.99249704453286,0.00737698358274824,3
"20363",0.9528369698953,1.07043021531552e-19,0.0471630301047,3.77476402568873e-23,1
"20365",0.784270761009311,4.47824448204539e-25,0.215729238990689,1.28539607928317e-18,1
"20379",0.325731859448511,1.85747066138084e-05,0.593349679363827,0.0808998864810486,3
"20387",0.976567313028357,4.3698626059438e-18,0.0234326869716434,9.91296661870825e-19,1
"20392",0.000111177503565983,8.39946478816097e-43,0.999888822496434,1.36165768287404e-32,3
"20395",0.680187643426499,0.000118079341223476,0.0416021315898523,0.278092145642425,1
"20397",5.39626548742106e-16,0.00152576586446465,0.998474234134014,1.52037668850324e-12,3
"20410",0.969654889320163,6.88205044705687e-27,0.0303451106798345,2.73442163015963e-15,1
"20414",0.0860677403767925,0.0338686822390695,0.0830663230869756,0.796997254297162,4
"20417",3.1055611317471e-11,2.27414156746968e-72,0.999999999968944,1.87686559645149e-86,3
"20419",0.905874524520411,2.01098077578729e-21,0.0941254754795894,8.68758637872633e-34,1
"20421",0.0181336683147646,0.000735217213379326,0.981125846622012,5.26784984367201e-06,3
"20423",0.0102930290696534,0.0495587866693265,0.0140660900544359,0.926082094206584,4
"20425",0.160590513229278,0.477524976141556,0.212245892675936,0.14963861795323,2
"20427",0.96733217308384,1.20403989529786e-13,0.0325406093746667,0.000127217541373218,1
"20429",0.00593975713707201,8.12856720323994e-19,0.994060242862928,2.95737784885819e-34,3
"20432",0.000714629562412461,0.105029858022168,0.0868307550269383,0.807424757388481,4
"20435",0.872877627189536,1.66495421102491e-18,0.127122357800979,1.50094848517558e-08,1
"20438",0.428046784988285,5.06860006055532e-12,0.571953215006646,1.7392818955234e-21,3
"20440",0.988500546413394,2.19703331266392e-16,0.0114994535866056,1.2073735950766e-29,1
"20443",4.2206248785231e-05,0.653196975270047,0.346760818474498,6.66897636946097e-12,2
"20446",0.87048790309689,7.55556395084672e-10,0.129512096090853,5.67012085679005e-11,1
"20449",0.973683818127567,1.91391631890469e-16,0.0263161818712553,1.17790135295849e-12,1
"20537",0.183836838413424,2.29117744508365e-18,0.816163161586576,1.06215888840321e-22,3
"20540",1.11139752963386e-05,1.15069098128605e-46,0.999988886024704,3.93274477439036e-40,3
"20543",0.985516010633161,1.10060247862885e-09,0.0144839771294685,1.11367679877668e-08,1
"20545",9.81371342901092e-06,7.24357300406772e-33,0.999990186286571,8.01880686460373e-30,3
"20549",0.930880289752983,0.0172010474807243,0.0281513918935976,0.0237672708726947,1
"20551",0.99440603150074,9.04078286011151e-08,0.0055938778543139,2.37117474459226e-10,1
"20554",0.994792306853326,6.02107935525905e-12,0.00520769314061508,3.81949889431609e-14,1
"20556",0.958028051862953,1.20476568128077e-12,0.0419719457315794,2.40426239395456e-09,1
"20558",0.990517324472869,8.95070037886933e-20,0.00948267552713132,6.12428146953146e-25,1
"20560",0.976177612895921,9.7423602334097e-06,0.0238126442938273,4.50018733126524e-10,1
"20563",0.936750577810731,1.72948068482435e-24,0.0632494221892688,3.51419775848121e-37,1
"20565",0.902389067626858,2.09568420638344e-08,0.0976109114113543,4.94557002756623e-12,1
"20567",0.00129224375938349,0.901853957374627,0.03918560851966,0.0576681903463295,2
"20571",0.0415502041626152,7.33816277750608e-29,0.958449795837385,1.22921742633955e-32,3
"20573",0.988406669476685,9.11978544941375e-08,0.0115932393210943,4.36578137937736e-12,1
"20575",0.931053834761622,3.03777234479495e-22,0.068946165238378,1.79036544865482e-32,1
"20577",0.993262221616554,3.9937129100664e-13,0.00673775700029973,2.13827472143475e-08,1
"20579",5.7895904724214e-11,0.946206986598641,0.0537929796952028,3.36482606349206e-08,2
"20582",0.980996104830119,2.04805310830534e-29,0.0190038951698808,1.82126461958896e-38,1
"20585",0.18203428851795,6.34462701629564e-27,0.817965711482044,5.58275588769994e-15,3
"20588",0.000606971530452671,2.10178429906554e-20,0.999393028469547,4.0266290862891e-20,3
"20590",1.40878499396307e-08,0.996917789780313,0.00205178338846589,0.00103041274337159,2
"20592",0.981380892354734,2.09857704877996e-19,0.0186191076452658,1.13657626496667e-36,1
"20594",0.96976363274067,4.59398265874346e-33,0.0302363672593304,3.12487664691344e-37,1
"20596",0.957797942100356,1.28164670675712e-09,0.0422020566179267,7.07305547392787e-14,1
"20598",0.989065497168713,5.69108515654798e-11,0.0109345025334448,2.40931749790427e-10,1
"20600",0.588638088773284,1.23245474577484e-09,0.41136190566667,4.3275910152088e-09,1
"20603",0.0924781444457341,0.000122766472988328,0.506476648343544,0.400922440737733,3
"20605",0.983407957503877,4.83709237835533e-26,0.016592042496123,2.72530744204966e-23,1
"20607",0.984475675689067,7.89383335021734e-17,0.0155243243109323,3.71329941807899e-16,1
"20609",0.990978695615235,7.43618696508651e-14,0.00902130438378888,9.01623516329165e-13,1
"20611",0.00139288190694551,0.000478441706290291,0.00363198932625983,0.994496687060504,4
"20613",0.979359510454601,1.84045338761726e-15,0.0206336759981383,6.81354725922138e-06,1
"20615",0.976102599528321,9.69942404455345e-07,0.023891236533076,5.19399619827617e-06,1
"20617",4.64412371359288e-07,0.990440627030189,0.00955890799597529,5.61464300736566e-10,2
"20619",0.960556350531587,7.2996140673108e-18,0.0394436494684128,5.23024717110161e-32,1
"20621",0.945949263428772,1.13696863937771e-11,0.0540507365512081,8.65014382184695e-12,1
"20623",0.001646901500649,0.698669887976969,0.299682744981398,4.65540984354316e-07,2
"20625",0.0115261606090652,4.64982514081907e-08,0.983227623582941,0.00524616930974244,3
"20627",0.990652996140812,1.35176784391782e-13,0.00934688283673733,1.21022315425029e-07,1
"20629",0.99625516359189,1.93295106829545e-08,0.00374481544116003,1.6374397842073e-09,1
"20631",0.869272612201941,2.71435200532333e-20,0.130727387798059,1.90746827969778e-36,1
"20633",1.79521715048471e-11,0.997866205020634,0.00213379487105311,9.03605950534788e-11,2
"20636",0.0952233044226212,0.00026635626837894,0.896683053042163,0.00782728626683693,3
"20638",0.279964481384868,2.79625455487834e-22,0.720035516591449,2.02368293165649e-09,3
"20640",0.886624647123532,1.13774176135692e-30,0.113375352876468,3.03189849045942e-21,1
"20645",0.948167394056142,2.13145781682615e-35,0.0518326059438575,1.04484452814449e-40,1
"20647",2.41080703422584e-10,0.991404364498254,0.00859563526066033,5.47684232499111e-15,2
"20649",0.878963333022036,1.51680602697548e-16,0.121036666977575,3.89609549910687e-13,1
"20651",0.0190385694652356,6.77643685851908e-24,0.980961430534764,1.41067162768145e-50,3
"20656",0.26421056358709,4.7998913535533e-28,0.735789436412911,3.28399515089355e-27,3
"20660",1.13322610183765e-05,2.11319693549999e-37,0.999988667738982,4.41715100736612e-27,3
"20662",3.25377250920257e-05,0.350724748419176,0.649242674789615,3.90661173567108e-08,3
"20664",0.0591271360195135,5.93031229660475e-09,0.940872858050174,5.29079211725393e-21,3
"20666",0.00150038277279031,9.49969603611468e-23,0.998443384938576,5.62322886334192e-05,3
"20668",0.00084627709382091,0.00113846150725511,0.00063523025632936,0.997380031142595,4
"20670",0.126448620097313,1.38639734650692e-28,0.873551379902687,3.27626235237912e-29,3
"20672",0.000889087162921818,0.272557532221313,0.00426096246670383,0.722292418149062,4
"20674",0.964611051323123,7.18242806499076e-11,0.0353889471391364,1.46591687255579e-09,1
"20676",2.71155627358883e-07,0.00204960200778368,0.872560520573788,0.125389606262801,3
"20678",3.13670327723739e-08,0.0434687686901433,0.340740452022613,0.615790747920211,4
"20680",0.0478555654179875,0.0184886086085809,0.00423258158785925,0.929423244385572,4
"20682",0.726095799157451,3.26811794626388e-08,0.21143488179968,0.06246928636169,1
"20684",0.176524810636135,1.72459781500678e-22,0.823475189363852,1.30837271477307e-14,3
"20686",5.85576214606837e-06,0.998551714730261,0.000299512221768704,0.00114291728582399,2
"20688",2.56785505525843e-11,0.14617007791054,0.853751944151652,7.79779121297841e-05,3
"20690",0.00976157385845448,2.84567508472181e-38,0.990238426141545,1.58837923894911e-24,3
"20692",1.73548194125475e-13,0.996098584696919,0.00390140958997715,5.71293043363908e-09,2
"20694",0.0014169362066682,2.66763184621351e-06,0.000638670859677144,0.997941725301808,4
"20696",0.130835142988947,0.000845192711862023,0.107978090282587,0.760341574016604,4
"20698",0.607899824493083,1.71587857245778e-10,0.392100175331732,3.59737450018223e-12,1
"20700",0.0421735637813267,2.8525592864883e-09,0.957826433366114,8.44900511429212e-22,3
"20702",0.192824131659554,2.01419470407373e-40,0.807175868340446,4.64523751622448e-38,3
"20704",0.99154371813615,1.62035201271346e-11,0.00845626077229742,2.10753490533743e-08,1
"20706",0.00601055402448908,3.02718403017018e-09,0.993989442933928,1.43987829590847e-11,3
"20708",6.25726384607143e-06,1.84166794120414e-05,0.0645882345714318,0.93538709148531,4
"20710",0.705195557858517,1.49030101659335e-26,0.294804442141469,1.38648040314464e-14,1
"20714",0.000192382788835631,0.964968715500986,0.0348259997832407,1.29019269377429e-05,2
"20716",0.975131589465829,1.0007533126456e-18,0.0248684105341625,8.37110058577481e-15,1
"20719",0.198217945790566,1.04000310798091e-15,0.801782054174239,3.51935078778344e-11,3
"20721",0.942804219128952,1.47793619049844e-21,0.0571957808710484,1.1330766968797e-39,1
"20723",0.00111425333869979,6.36404130274713e-21,0.9988857466613,6.27132906256599e-20,3
"20725",0.0272233305865368,4.8005324469166e-07,0.00145634412384174,0.971319845236377,4
"20727",2.61121212980337e-10,0.000158455015287783,0.999841543914694,8.08897396212959e-10,3
"20729",0.000214908655359318,3.28271233901655e-09,0.000750672951303775,0.999034415110625,4
"20731",0.00289191374003981,1.85999444592972e-08,0.00117680811864996,0.995931259541366,4
"20733",0.925149897315789,3.59596827339905e-20,0.0748501012279126,1.45629804384045e-09,1
"20735",0.979817544237026,7.16598911908052e-15,0.0201720593319563,1.03964310101416e-05,1
"20737",1.51295373491131e-05,0.000602542235538897,0.0032248001785632,0.996157528048549,4
"20739",5.6389324355598e-11,0.997836796442199,0.00216254971869642,6.53782715174655e-07,2
"20741",0.190099113581766,0.00239423978582909,0.00555168442980283,0.801954962202602,4
"20743",0.532167504279547,6.74265348558719e-05,0.194812730517356,0.272952338668241,1
"20745",0.901212053855911,7.49720516107433e-25,0.0987879461440893,1.00547858444442e-32,1
"20747",0.000693457369097559,0.000892750613101578,0.0262484130371225,0.972165378980678,4
"20749",0.0012224862362877,0.0203865041566149,0.0850617492483902,0.893329260358707,4
"20751",0.00718723417770389,4.46199271918731e-18,0.944635823967786,0.04817694185451,3
"20753",0.0226848023054146,1.55662608111425e-12,0.0136961841416909,0.963619013551338,4
"20755",2.61581379445033e-08,1.08443727998873e-07,0.997864911020149,0.00213495437798528,3
"20757",7.29594701235394e-06,8.76358560655935e-08,0.999992616417074,5.79909261604363e-14,3
"20759",0.711513053915835,4.00556852820736e-11,0.288486946044109,9.67903541197895e-27,1
"20761",0.751566957988897,6.67208829235133e-05,0.00452786223838466,0.243838458889794,1
"20763",0.273181049601919,2.64235939428675e-08,0.726811443280069,7.48069441803106e-06,3
"20765",0.0593083111142475,0.0172265431243272,0.00123641746472199,0.922228728296703,4
"20767",0.989213906381408,4.10344216675832e-19,0.0107860936185908,1.38182941260465e-15,1
"20769",0.0374437037057115,1.3867649556939e-45,0.962556296294288,2.79523113839139e-21,3
"20771",0.958424504491353,0.0214752009067744,0.0184290968010873,0.00167119780078539,1
"20773",9.23592909265083e-07,3.36091591503874e-14,0.999999076406788,2.69516355542172e-13,3
"20775",0.882872409426789,1.00024930812653e-12,0.0691510148042258,0.0479765757679848,1
"20777",0.0113398950244549,4.75212960129803e-26,0.988660104967037,8.50774096725174e-12,3
"20779",0.0431748751262254,9.08222685089740e-11,0.00230266965358505,0.954522455129367,4
"20781",1.83768882910446e-18,1.63963312545609e-28,1,5.27558525627509e-29,3
"20783",0.928960852178936,0.0280324902446798,0.0135269456900344,0.0294797118863498,1
"20785",3.24207830242901e-12,3.54534835914285e-09,0.999999996451393,1.68281828659365e-14,3
"20787",0.00557213026037206,0.00444660216729407,0.00107773305367658,0.988903534518657,4
"20789",0.986461719430622,3.50942684169805e-15,0.0135368852471643,1.3953222100842e-06,1
"20791",0.000151295914092338,0.000468924295228601,0.000426397157139612,0.998953382633539,4
"20793",0.935772220880006,2.19449712984055e-15,0.0635793274612913,0.000648451658700502,1
"20795",0.0101327765159584,0.982911191253255,0.00502137849478301,0.00193465373600364,2
"20797",9.89038476679034e-16,1.56860033815701e-09,0.999999998431399,2.13193438306028e-18,3
"20800",0.00183113594643052,0.992735419322925,0.00482837599178899,0.000605068738855337,2
"20802",0.139475230601727,0.0525863844837639,0.00376026374858208,0.804178121165927,4
"20804",4.8096930521698e-05,8.03831299347957e-08,0.00151160759935102,0.998440215086997,4
"20806",6.33516112262956e-05,0.945958343144753,0.00146138121310873,0.052516924030912,2
"20808",0.987079565886372,2.09733328563737e-19,0.0129204341062768,7.35163554109372e-12,1
"20810",0.285696614165524,0.0134273226111824,0.669415396700987,0.0314606665223063,3
"20812",0.162634370256452,2.65697215459285e-05,0.0899782090702295,0.747360850951772,4
"20814",6.98955352156896e-08,0.000165852893839474,0.0733075407023159,0.926526536508309,4
"20816",0.00422262421274986,5.02463778079363e-41,0.99577737578725,1.37582358918559e-30,3
"20818",0.95290039469772,0.000858217043073608,0.0267414877953573,0.0194999004638486,1
"20820",9.44031782115475e-11,0.972571836674867,0.027428163230258,4.72356249752086e-13,2
"20822",0.054529720365507,0.000119590990571278,0.000664941278495078,0.944685747365427,4
"20824",4.82664472776794e-13,9.32594908055046e-10,0.999999999066693,2.29273768479328e-13,3
"20826",2.53840494232066e-07,0.999725822664346,0.000232047931483769,4.18755636761444e-05,2
"20828",1.92298610164256e-10,0.993676275145082,0.00632372456616873,9.64509495059126e-11,2
"20830",0.000796618405138604,8.43926890810625e-07,0.00482029489137479,0.994382242776596,4
"20832",0.974738774008281,0.00265186413755941,0.022578921114914,3.0440739245598e-05,1
"20834",0.985455842485132,5.40083389153138e-20,0.0145441575148152,5.24884706788522e-14,1
"20836",0.0158287959477681,5.62029511555234e-10,0.000905559201219119,0.983265644288983,4
"20838",7.76049141265005e-07,6.5136405422468e-08,0.0385407490086138,0.96145840980584,4
"20840",0.985353874597841,1.7638694327298e-18,0.0146461254019721,1.8674694435306e-13,1
"20842",0.0127722352815083,2.15611227865753e-11,0.164570204952338,0.822657559744593,4
"20844",0.000240366851870301,1.98384913977226e-09,0.999297395667202,0.000462235497078827,3
"20846",0.0479039035091742,0.937661584338092,0.0137774924068049,0.000657019745929088,2
"20848",0.987872388770842,5.47386875424508e-09,0.0113436649845067,0.000783940770782338,1
"20850",0.980034417592216,1.44166293401299e-07,0.0199654382396327,1.85734673748832e-12,1
"20852",0.853695536766017,3.65749470118499e-05,0.146267888286971,1.42734840771141e-17,1
"20854",7.92627629151597e-06,0.999568057265987,0.000407018835319571,1.69976224023931e-05,2
"20856",1.20314380952346e-06,2.68010334284338e-36,0.999998796856191,5.37092831979996e-28,3
"20858",0.898975821760951,1.14658943771593e-18,0.101024178239049,4.27586816592694e-22,1
"20860",0.00496345586714338,8.0537877626525e-16,0.98652799630613,0.00850854782672542,3
"20862",0.822492319267702,8.16548754044225e-25,0.177507680732297,9.85742492522038e-24,1
"20864",2.69201924605683e-06,0.999554459822893,0.000440546713517111,2.30144434426172e-06,2
"20866",0.501584612078869,5.66919090143059e-37,0.498415387921132,6.68655618019957e-58,1
"20868",0.991637131002172,3.06406782489983e-12,0.00836286899476382,1.25078474986509e-16,1
"20870",0.93597628233776,7.49684420649669e-05,0.0139922234525319,0.049956525767643,1
"20872",0.0159862185714438,0.00133818011588666,0.000340298754091729,0.982335302558578,4
"20874",3.10970725705242e-10,0.996899751755603,0.00310024674591318,1.18751340700552e-09,2
"20877",0.978901758506746,3.88219070493507e-19,0.0210982414932225,3.17414407223291e-14,1
"20879",0.980974302550256,3.35778211188386e-27,0.0190256974497436,1.0374155407344e-23,1
"20881",0.00803791571767397,3.24644061356968e-06,0.00117788553118956,0.990780952310523,4
"20883",3.48852069233471e-06,2.76613490261839e-09,0.997348026164586,0.00264848254858728,3
"20885",0.0117568439256052,0.0424632956584407,0.0028511847820556,0.942928675633898,4
"20887",0.950859007820916,9.99768966028108e-25,0.0491409919930979,1.859857659977e-10,1
"20889",0.506814150324527,6.90916756171702e-12,0.0659847539312355,0.427201095737328,1
"20891",0.982414806982452,2.88748797264947e-22,0.0175851930175478,2.9330045475219e-22,1
"20896",0.958225038434744,2.46850234678842e-18,0.0417749615616235,3.63223936087247e-12,1
"20898",0.0721986402188365,5.84376470734104e-07,0.00171995252339081,0.926080822881302,4
"20900",8.90795742662889e-15,9.94662576389277e-17,0.999999999999986,4.6391711745294e-15,3
"20902",0.102176160172678,8.89550944471715e-32,0.897823839822038,5.28450465083006e-12,3
"20904",0.00620039810201224,0.453690885965101,0.540108715918005,1.48818475539808e-11,3
"20906",0.871284013915004,2.77110423215459e-24,0.128715986084996,2.97528500895084e-18,1
"20908",0.633566937057657,0.332827932688581,0.025423416299515,0.00818171395424736,1
"20910",0.067776391505784,6.72126450368887e-05,0.906294134121478,0.0258622617277008,3
"20912",2.73832349763814e-17,1.5664490119327e-41,1,4.64247256092723e-25,3
"20914",0.904612076637913,1.14471832092855e-45,0.0953879233620871,1.138205261877e-43,1
"20968",7.81196461820777e-11,4.15942286813722e-09,0.999999995762457,7.46643120188869e-18,3
"20970",0.99518970540349,3.81920544488578e-09,0.00481029077729703,7.45382687911224e-15,1
"20981",0.678219813561249,4.01953522013665e-17,0.321780186438748,2.38307039591217e-15,1
"20983",2.24950696775761e-07,0.427473719029789,0.0680198949145209,0.504506161104994,4
"20988",0.989342083173267,5.26961310838497e-14,0.0106579168266803,2.86417221900652e-21,1
"20995",7.30612836955596e-08,6.78058449722642e-32,0.999999926938716,4.04826813184989e-26,3
"21017",0.969426668241913,0.00358026411325542,0.0182069012403931,0.00878616640443835,1
"21038",0.952522086397131,7.20575443704527e-22,0.0474779136028687,2.81965799325e-17,1
"21072",0.945233079950485,1.47835911751615e-15,0.0547669200495133,4.21105564248119e-19,1
"21075",0.839802281159565,2.39274239741196e-31,0.160197718840435,1.46067846975578e-21,1
"21223",0.982193302698394,1.34993700876512e-09,0.0153712927857762,0.00243540316589321,1
"21225",1.38205821528368e-13,1.86612415113551e-61,0.999999999999862,3.13665186613768e-46,3
"21230",1.66059631042403e-09,0.999582656078742,0.000374465511605346,4.28767490566041e-05,2
"21236",0.940345617507692,2.21807037467012e-08,0.0241168085916944,0.0355375517199097,1
"21238",0.0241438194549218,3.93817521830831e-25,0.975856180540784,4.29375691374826e-12,3
"21241",0.738443883556848,1.73349163224303e-15,0.26155611644315,3.35333962676576e-30,1
"21246",0.987609642071407,5.70056877458692e-09,0.0123903522146914,1.33329618384185e-11,1
"21253",1.21178299484179e-05,0.997230427986678,0.000301710821344499,0.00245574336202921,2
"21256",0.0294079241273901,0.96020735921389,0.0103079890359615,7.67276227584166e-05,2
"21260",9.26501986223034e-06,2.67678119814281e-34,0.999990734980138,3.27222075852787e-41,3
"21266",0.988707688330633,4.58981062745616e-14,0.0112923116689471,3.73655292825032e-13,1
"21332",0.975877513031012,4.79428188330651e-12,0.0241224869636081,5.85629307329888e-13,1
"21334",0.422872462379424,1.19105073080908e-12,0.026706361220921,0.550421176398464,4
"21375",0.587936826598069,2.73517596232462e-29,0.412063173401931,3.71796155308018e-35,1
"21378",0.413436236428174,1.89369060236267e-37,0.586563763571826,4.67863521855369e-50,3
"21381",0.766427847325226,2.93737277845524e-21,0.233572152674774,2.96901754156824e-32,1
"21389",0.0171347754168051,0.0021929403162329,0.0128292158668201,0.967843068400142,4
"21391",0.124749442077833,4.21475680279705e-06,0.875246343165365,1.27658218606177e-20,3
"21402",0.923073442050654,4.47668023493814e-15,0.0769265579493409,3.00728135544426e-16,1
"21404",0.636761424989527,1.09640994211101e-28,0.363238575010472,1.63718081371255e-15,1
"21409",0.976934887585625,1.67624790581621e-27,0.0230651124143746,5.70743328686228e-19,1
"21413",0.64340992419836,2.51653550657961e-33,0.356590075729748,7.18917980613127e-11,1
"21423",0.00423201999155673,2.45541738568044e-34,0.995767980008443,1.82513136412317e-35,3
"21425",0.907304781808185,3.46645302091604e-26,0.0926952181918153,2.14779023985995e-17,1
"21430",0.00149310072979635,2.20738266612656e-19,0.998506899266206,3.99771816265376e-12,3
"21432",0.987095102719126,2.09748902471158e-11,0.0129048797983922,1.74615069399921e-08,1
"21438",1.34451913894156e-05,4.0636086039198e-25,0.999986554808611,1.06613405015497e-39,3
"21440",0.967068933315353,1.13339376979488e-14,0.0329310666522718,3.23641756828718e-11,1
"21443",0.0180507718891029,0.00399795168374087,0.000576922476890692,0.977374353950266,4
"21445",3.8939775753397e-06,1.12649420961545e-27,0.999996106022425,2.46665719103483e-22,3
"21447",0.921664662478302,1.3794813811261e-25,0.0783353375216977,4.82645583958427e-35,1
"21449",0.945154034306313,1.14792226020918e-19,0.0548459656936869,6.11460793886602e-28,1
"21451",0.945154034306313,1.14792226020918e-19,0.0548459656936869,6.11460793886602e-28,1
"21455",0.981575471345528,5.56745793713652e-19,0.0184245286544724,6.60097285227585e-22,1
"21469",0.113362310162152,5.24979736561295e-44,0.886637689837848,1.02898771480379e-50,3
"21471",0.836551726364239,8.4697586275013e-32,0.163448273635761,3.21469395787007e-29,1
"21473",0.14204119234002,0.000749649040487213,0.854706723301627,0.00250243531786617,3
