"","V1","V2","V3","best$classification"
"19811",0.0727316554885863,0.0310468876922326,0.896221456819181,3
"19813",2.86776660116148e-07,0.99999763231576,2.08090757944541e-06,2
"19815",0.912958012638279,0.0096978304408826,0.0773441569208381,1
"19817",0.138543363528514,0.00130874855835953,0.860147887913126,3
"19819",0.238500324788424,0.761499675211557,1.88431400351973e-14,2
"19821",0.15565842272713,0.0669973132316115,0.777344264041258,3
"19823",0.00768236725123781,0.991598538213163,0.00071909453559889,2
"19825",2.97717989775417e-07,0.999999702281963,4.68170365554902e-14,2
"19827",0.0121656222830866,0.00353748148432878,0.984296896232585,3
"19829",0.818337825808626,0.181649125211277,1.30489800969921e-05,1
"19831",0.0383744376401372,0.961625562359848,1.48345908728266e-14,2
"19833",7.43455575565912e-16,0.999999999999999,2.70771263224885e-22,2
"19835",0.15565842272713,0.0669973132316115,0.777344264041258,3
"19837",0.0380461184593642,0.00109184335912375,0.960862038181512,3
"19839",0.069801635994824,0.930192262229032,6.1017761445821e-06,2
"19841",8.6551782502497e-10,0.705976958754194,0.294023040380288,2
"19843",0.0203634254970346,0.979636574502965,5.09601758930924e-18,2
"19845",0.00119179986208744,0.935804986345434,0.0630032137924784,2
"19847",0.919451882002231,0.077354800861361,0.00319331713640825,1
"19849",5.88351126308638e-08,0.999780601839254,0.000219339325633794,2
"19851",0.0453202252495655,0.0038438024360862,0.950835972314348,3
"19853",2.09405798391725e-05,0.963403800278477,0.0365752591416841,2
"19855",0.0111639314676036,0.0401298365052997,0.948706232027097,3
"19857",0.670727698086139,0.0332828060347591,0.295989495879102,1
"19859",0.174471551318498,0.00863075800943748,0.816897690672064,3
"19861",0.0277003373022645,0.109682288369251,0.862617374328484,3
"19863",4.39566786570556e-14,0.995180969563967,0.00481903043598922,2
"19865",4.57166360465389e-06,0.00157677774984464,0.998418650586551,3
"19867",0.865955286030119,0.0842238849836587,0.0498208289862217,1
"19869",1.19436162164545e-06,0.975977514679268,0.0240212909591107,2
"19871",0.173647535571459,0.00207139556755936,0.824281068860982,3
"19874",0.00144422863127588,0.00976742305402468,0.988788348314699,3
"19876",0.000749350455901909,0.00229371674363164,0.996956932800466,3
"19878",0.695814104019628,0.304185895972892,7.47936298991703e-12,1
"19880",8.19394953661657e-09,0.000629937784673688,0.999370054021377,3
"19882",0.0114445423276633,0.826856933205197,0.16169852446714,2
"19885",0.706263638726089,0.00178488514438142,0.29195147612953,1
"19907",0.339532863057763,0.483834256548523,0.176632880393714,2
"19909",0.992470779249467,0.0075291338566747,8.68938583627946e-08,1
"19911",0.947288405907937,0.0526705995316133,4.09945604496881e-05,1
"19913",1.77018820064936e-10,0.00718935061545206,0.992810649207529,3
"19915",0.000617410451844881,0.000476316154870576,0.998906273393285,3
"19917",0.000658263635118694,0.00905155383035557,0.990290182534526,3
"19919",0.0247690289445827,0.00104882849341462,0.974182142562003,3
"19921",0.235020303679686,0.00426058430316356,0.760719112017151,3
"19923",0.890675815338952,0.109323162321298,1.02233974930784e-06,1
"19925",0.000256747399733483,0.000820786125353874,0.998922466474913,3
"19927",0.305339834380956,0.00482059391867028,0.689839571700374,3
"19929",7.92401385308485e-14,0.566600356348342,0.433399643651578,2
"19931",0.967244903451196,0.012605613531866,0.0201494830169381,1
"19933",0.995214313229968,0.00468027881257972,0.000105407957451876,1
"19935",0.976104529186857,0.0238595207272675,3.59500858752042e-05,1
"19937",0.337421643428249,0.00826431293164186,0.654314043640109,3
"19939",0.963739674678443,0.016336625866014,0.019923699455543,1
"19941",0.619145554701448,0.380838248334172,1.61969643799287e-05,1
"19943",5.27772279251426e-07,0.00264645234363295,0.997353019884088,3
"19945",0.989645628038164,0.0103167732132073,3.75987486283594e-05,1
"19947",0.000350987528285293,0.997409515930545,0.00223949654116937,2
"19949",0.978733903275455,0.0212659986501364,9.80744088970042e-08,1
"19951",0.195626444768894,0.0794145928937661,0.72495896233734,3
"19953",0.0122784620982853,0.987721537901706,8.23491112852566e-15,2
"19955",0.340208497222784,0.659791499117592,3.6596245985934e-09,2
"19957",0.0104601223699328,0.82758203375503,0.161957843875037,2
"19960",0.76511616630083,0.23488378092938,5.27697904791668e-08,1
"19963",1.97507281593963e-13,0.999999999167296,8.3250687916486e-10,2
"19965",0.952071057407525,0.0479289425924731,1.66673326053718e-15,1
"19968",1.57024301179428e-05,0.996615320049178,0.00336897752070436,2
"19971",4.88321972153292e-10,0.999956654565802,4.33449458761445e-05,2
"19973",0.0466352938686862,0.000397796712032556,0.952966909419281,3
"19975",0.000291178486075162,0.00912979120494581,0.990579030308979,3
"19977",4.50861230864218e-09,0.99999824878992,1.74670146718957e-06,2
"19979",0.965456177296541,0.0345438227034445,1.42912066017887e-14,1
"19981",0.989780501827,0.00445801082323543,0.00576148734976503,1
"19983",0.98472003533603,0.00963012235733972,0.00564984230663058,1
"19985",0.000157999315362351,0.000802232748340517,0.999039767936297,3
"19987",0.92967616200681,0.0417910168883436,0.0285328211048462,1
"19989",0.949115155569141,0.0508848444308593,4.6023299424405e-17,1
"19993",0.978824143885813,0.0210646181854209,0.000111237928766555,1
"19995",0.991669693295967,0.00832127702675749,9.02967727514296e-06,1
"19997",0.0804616857683166,0.00320104324128099,0.916337270990403,3
"19999",0.00198618840622399,0.0163287457051272,0.981685065888649,3
"20002",9.31387300542358e-13,0.999999928674122,7.13249466457351e-08,2
"20004",0.949347650274243,0.05065221821491,1.31510846907585e-07,1
"20006",0.143690816919659,0.856309181088173,1.99216827889789e-09,2
"20008",0.293636030087928,0.706363969843544,6.85279849959233e-11,2
"20010",0.970273903118509,0.0297259700950466,1.26786444880831e-07,1
"20012",0.000621684695005521,0.388213413574091,0.611164901730903,3
"20015",0.944564566659094,0.0554354333409054,1.44233283344756e-16,1
"20017",0.00387396734170941,0.00153041309617943,0.994595619562111,3
"20019",0.924066441410881,0.0759335585891192,6.90891314817787e-22,1
"20022",0.987615466830322,0.0123843397681546,1.93401522823808e-07,1
"20024",0.00113244056308058,0.998867559436919,5.385573667179e-25,2
"20026",0.00113244056308058,0.998867559436919,5.385573667179e-25,2
"20028",0.000979294987052387,0.00105517162083503,0.997965533392113,3
"20030",0.693999716133843,0.30600028386065,5.50688372218845e-12,1
"20033",0.200741762611889,0.0122582575236894,0.786999979864421,3
"20035",0.879628771184278,0.120371228815722,1.0238932171448e-22,1
"20037",0.981223685611411,0.0187763143885895,1.26661011361443e-20,1
"20039",5.93216015497142e-09,0.99999999406784,5.99259480404546e-28,2
"20041",0.962881059041058,0.0371185910399467,3.49918994814116e-07,1
"20044",0.761634284172306,0.238365018639083,6.97188611807803e-07,1
"20047",0.515007099130565,0.484992900869435,6.98678212837466e-19,1
"20050",0.736041865146625,0.263958126222408,8.63096705858613e-09,1
"20052",0.588676090079752,0.0175008070872393,0.393823102833009,1
"20054",0.9637533767647,0.0362466200056642,3.22963558877058e-09,1
"20056",0.00104855962920534,0.681393825375765,0.31755761499503,2
"20058",0.95919405270012,0.0408059472998797,5.61222578974612e-18,1
"20060",0.94560422356323,0.027448796912796,0.0269469795239735,1
"20062",0.976544185335667,0.00387997843350512,0.0195758362308281,1
"20064",0.996477494310565,0.00344386423504434,7.8641454391056e-05,1
"20066",0.66577483147431,0.334225168525685,5.27183527477071e-15,1
"20068",0.376115288838842,0.0123314248533008,0.611553286307857,3
"20070",0.890268192581721,0.0633314656678413,0.0464003417504375,1
"20072",0.680015406884555,0.319984593115284,1.61123999654026e-13,1
"20074",2.23850896097068e-13,0.0121386981001329,0.987861301899643,3
"20076",0.00442645686940388,0.643859328842204,0.351714214288392,2
"20078",0.991740451927725,0.00825862775152045,9.20320754621786e-07,1
"20080",0.98732329290625,0.0126767070937505,8.11011461518842e-17,1
"20082",1.93688554689102e-05,0.999980631144531,5.30689777974436e-17,2
"20084",0.719915350533859,0.280031763956214,5.28855099273209e-05,1
"20087",0.982458412997927,0.0175415797427547,7.25931813487024e-09,1
"20090",0.969951935008858,0.0300480649911414,3.1867923871771e-16,1
"20092",0.00532592087943703,0.994674079119271,1.29191952830604e-12,2
"20096",0.0720525213903252,0.927944747779582,2.73083009291663e-06,2
"20098",0.0259512886385848,0.00203707110983655,0.972011640251579,3
"20101",0.979986788528924,0.0200132095809231,1.89015324346647e-09,1
"20104",1.36362260553908e-08,0.999999986231892,1.31881707743922e-10,2
"20106",0.992673502626796,0.00732648263978584,1.47334179714824e-08,1
"20108",0.369936706169151,0.00809418789284045,0.621969105938009,3
"20110",0.144829441303593,0.85206446658606,0.00310609211034685,2
"20112",0.985779962083725,0.0142200311114427,6.80483193573189e-09,1
"20114",0.903325840378406,0.0959970709025557,0.000677088719038565,1
"20116",0.89432088236668,0.105380594087837,0.000298523545483477,1
"20118",0.828618698721011,0.00713160038934527,0.164249700889643,1
"20120",0.828484479499814,0.171515515117173,5.38301338952721e-09,1
"20122",1.08484609921735e-06,0.00190436352256555,0.998094551631335,3
"20124",0.92230996724333,0.0776900327566694,1.94956758921183e-16,1
"20126",2.80807095503496e-08,0.99999997191929,1.32599966001491e-21,2
"20128",5.5114476616259e-05,0.999944885523384,7.79219055802642e-28,2
"20141",9.98520439733551e-05,0.999887998096722,1.21498593041769e-05,2
"20143",9.96889203980465e-11,0.895582796830457,0.104417203069854,2
"20145",0.989097107090553,0.0109025690229332,3.23886513995292e-07,1
"20147",0.997685168731093,0.00231465900762916,1.72261278201894e-07,1
"20149",1.39343578079551e-06,0.00724072436846205,0.992757882195757,3
"20151",0.0204787719645169,0.00056628660659255,0.978954941428891,3
"20153",0.0287108717558794,0.346074208591389,0.625214919652732,3
"20155",0.99453850089806,0.00546149903437523,6.75650249775835e-11,1
"20157",0.0262045618711172,0.0488841940085903,0.924911244120292,3
"20160",1.12255980400253e-10,0.00141421959721301,0.998585780290531,3
"20162",9.28308880524483e-08,0.000359128463017789,0.999640778706094,3
"20164",0.00549187742136176,0.0423672307052826,0.952140891873356,3
"20166",0.0755076734501277,0.924492326292591,2.57281592209005e-10,2
"20168",9.77573439836854e-11,0.999999998541657,1.36058520190737e-09,2
"20170",0.0214448382340404,0.0251359180001854,0.953419243765774,3
"20172",0.989557749101536,0.0104422443203832,6.57808044365396e-09,1
"20174",2.37416841680305e-05,0.00833176922925903,0.991644489086573,3
"20176",8.1132096521938e-07,0.999999183620859,5.05817550424837e-09,2
"20178",5.90813291950904e-11,0.00434953945963217,0.995650460481287,3
"20181",0.56794687929261,0.432053114053316,6.6540741445416e-09,1
"20183",0.815366610464552,0.0322765071322896,0.152356882403159,1
"20186",0.796833616612222,0.203131641292831,3.47420949471082e-05,1
"20188",6.49387017913164e-09,0.002779588031736,0.997220405474394,3
"20190",0.9942926902709,0.00570730972907696,2.24991242050969e-14,1
"20193",2.20476398215651e-09,0.9999491221007,5.08756945357428e-05,2
"20195",0.150429225274506,0.05680497270074,0.792765802024754,3
"20197",0.991460295571653,0.00853970112983076,3.29851628684299e-09,1
"20199",0.000198784163288006,0.0149220917378826,0.984879124098829,3
"20205",3.45949091239571e-06,0.999996540509087,6.14544481299219e-17,2
"20208",0.653994974104677,0.0378218375659741,0.308183188329349,1
"20210",1.77644245309699e-06,0.000360508443468141,0.999637715114079,3
"20212",0.00261283066340884,0.0071050693553783,0.990282099981213,3
"20216",0.982295750310669,0.0177042479191549,1.77017612503695e-09,1
"20219",0.488472392431806,0.511527552916718,5.46514761018273e-08,2
"20223",0.0396974100705806,0.96030258992942,1.8813931859095e-22,2
"20226",0.979113026934191,0.0208642511181798,2.2721947629216e-05,1
"20230",0.991799199636958,0.00820080036304222,2.15631641758825e-16,1
"20233",2.75156742145596e-11,0.999999999972436,4.79026288530332e-14,2
"20235",0.0664008003144956,0.933599199685504,5.10669161772495e-18,2
"20239",0.673543540212669,0.32645645799276,1.79457098820427e-09,1
"20254",6.00984745123477e-05,0.999939901525488,1.07002570181566e-19,2
"20256",0.98404550671622,0.0159544932832826,4.96887425875063e-13,1
"20262",0.00108131298546915,0.000483838585585123,0.998434848428946,3
"20270",0.12986868325855,0.870131316598054,1.43396052052844e-10,2
"20284",0.200479281516423,0.79951831542343,2.40306014709606e-06,2
"20287",0.881587185562353,0.118412814437647,5.54056230918214e-22,1
"20290",0.000719848374208996,0.999280151577664,4.81269966202732e-11,2
"20293",0.987905538627329,0.0120800633830234,1.43979896478242e-05,1
"20296",0.0506425074234795,0.256583981634696,0.692773510941824,3
"20301",0.0750818276302691,0.924918172369731,1.22623552272242e-18,2
"20304",1.75373761932542e-05,0.999982462623807,2.48619143511436e-16,2
"20306",0.953080696976677,0.0469193030233231,2.93189086038757e-17,1
"20309",0.98092731001558,0.0190665735735526,6.11641086703441e-06,1
"20311",0.95682443789872,0.0431755530433329,9.057946981885e-09,1
"20314",0.0673187841576612,0.00121661213421904,0.93146460370812,3
"20318",1.16918000943999e-07,0.986512440991247,0.013487442090752,2
"20320",0.733534423053694,0.266314363652626,0.000151213293679464,1
"20326",0.378806135023966,0.00775445329833529,0.613439411677698,3
"20328",0.885069382353679,0.114923134773737,7.48287258386741e-06,1
"20330",0.889565496936243,0.11043450306108,2.67633748195035e-12,1
"20336",0.019717526800507,0.980282423092304,5.01071888210148e-08,2
"20338",0.00831326816379935,0.991686731798311,3.78896139681006e-11,2
"20340",0.830252687097301,0.169747312902699,1.2298659831426e-16,1
"20342",6.54505416414025e-11,0.999999999934549,1.22523330071698e-17,2
"20344",0.980784949523326,0.0192150504680567,8.61750787817971e-12,1
"20349",0.988127937527994,0.0118720624720041,2.17776683488441e-15,1
"20351",0.943107402407087,0.0568728180851659,1.97795077473178e-05,1
"20353",0.958753632392725,0.0412463676072713,3.81656331279627e-15,1
"20357",0.000127799844383822,0.999872200155616,2.55893744002116e-20,2
"20360",1.72357242943309e-06,0.999998276427571,1.41519054626793e-17,2
"20364",0.992281833432548,0.00771802774255809,1.38824894119878e-07,1
"20366",0.000104085760897332,0.999895914042349,1.96753774468099e-10,2
"20381",7.13385577511412e-09,0.999876891724359,0.000123101141784845,2
"20391",0.0442525911869743,0.955747408749104,6.39219850971625e-11,2
"20394",0.750442959072115,0.0294928533920219,0.220064187535863,1
"20396",2.06419729308247e-05,0.263999493315431,0.735979864711638,3
"20409",0.848092389987937,0.151414736624993,0.000492873387069985,1
"20411",0.830606454713623,0.169393545286039,3.38691425612416e-13,1
"20416",4.13818891032402e-05,0.999958618110897,2.18804364559005e-28,2
"20418",8.23616785400943e-07,0.122809608449924,0.877189567933291,3
"20420",2.52224623651539e-08,0.999999974395865,3.81672963610816e-10,2
"20422",0.931487781752452,0.0685122182475476,5.67376509475186e-16,1
"20424",0.952942160859453,0.0470578391399625,5.84577625173502e-13,1
"20426",2.05841733115032e-12,0.999999999997931,1.03610386839457e-14,2
"20428",0.990967191811191,0.00903215568849596,6.52500312790409e-07,1
"20431",0.77082894667034,0.224812165939251,0.00435888739040888,1
"20433",0.139029836005203,0.860970163994797,5.87304989668077e-21,2
"20436",3.63943351755893e-05,0.999963605583182,8.16426180025821e-11,2
"20439",8.62747199351883e-05,0.0536234847538271,0.946290240526238,3
"20441",0.000454092751677507,0.999545907248278,4.47968663941399e-14,2
"20444",8.64887307855183e-10,0.00206152392750916,0.997938475207603,3
"20448",0.142971233480382,0.850083322976758,0.00694544354285948,2
"20536",0.152957907949895,0.594481525337466,0.252560566712639,2
"20538",0.0115735736479685,0.988426426102551,2.4948062096898e-10,2
"20541",0.844799227724111,0.155200772275889,9.12942378188402e-18,1
"20544",0.994675922478792,0.00530553076164107,1.85467595670074e-05,1
"20546",0.973725180900032,0.0262748190982328,1.73507867741227e-12,1
"20550",0.917752812343239,0.0822471187862829,6.88704775419947e-08,1
"20553",5.27324152089923e-10,0.999999999472676,3.40001092988756e-30,2
"20555",1.66825202524369e-08,0.99999998331746,2.01706338224859e-14,2
"20557",0.949730106598852,0.0502653096202512,4.58378089707647e-06,1
"20559",0.99543227508244,0.00456772389229922,1.02526055538018e-09,1
"20561",0.049415300702829,0.0353091299926971,0.915275569304474,3
"20564",5.90813291950904e-11,0.00434953945963217,0.995650460481287,3
"20566",0.975781653827887,0.024215486552173,2.8596199396486e-06,1
"20569",0.000851550751115531,0.00521817317740683,0.993930276071478,3
"20572",5.09009139657596e-05,0.11174605498179,0.888203044104244,3
"20574",0.993148502236074,0.00685149746802795,2.95897585511411e-10,1
"20576",4.04380913798148e-08,0.00171034794260998,0.998289611619299,3
"20578",0.99595300921023,0.00248369355163772,0.00156329723813231,1
"20580",0.993929847887042,0.00606021126169223,9.94085126545577e-06,1
"20583",7.56524611839837e-09,0.00157226677280823,0.998427725661946,3
"20586",0.986510995691286,0.0134889931905561,1.1118158087446e-08,1
"20589",0.99001580876549,0.0099841912344983,1.14395202895787e-14,1
"20591",0.130510334482564,0.869488201297993,1.46421944340674e-06,2
"20593",0.947808637147056,0.052191362852944,1.78397917889268e-20,1
"20595",0.992180777661206,0.00781901233238233,2.10006411502698e-07,1
"20597",6.51669564744251e-07,0.987152571225563,0.0128467771048727,2
"20599",1.54504029543174e-10,0.00247986987171148,0.997520129973784,3
"20601",0.51706027960885,0.00237335822674593,0.480566362164404,1
"20604",0.99260895884685,0.00739104115312878,2.11055419696477e-14,1
"20606",0.988280509984214,0.0117194900157853,4.03777576884131e-16,1
"20608",0.988188104553041,0.011811895437109,9.85034379182038e-12,1
"20610",1.32143057478746e-05,0.0238067777176237,0.976180007976629,3
"20612",1.08070749154308e-10,0.999999999891928,1.77567543510396e-15,2
"20614",3.73889199912707e-06,0.000576027815801484,0.999420233292199,3
"20616",0.781107722368322,0.218856784735366,3.54928963123585e-05,1
"20618",8.56891165767494e-05,0.999914310779723,1.03700067849609e-10,2
"20620",0.547210661361266,0.452789338631896,6.83812503614998e-12,1
"20622",1.45801127876767e-06,0.0045226979656206,0.995475844023101,3
"20624",0.663253355896507,0.336746644103052,4.41118910850214e-13,1
"20626",0.150318950126947,0.849680873944949,1.75928103950316e-07,2
"20628",0.143528821464678,0.856471021868337,1.56666984380201e-07,2
"20630",0.951685960141952,0.0483137884263106,2.51431736942744e-07,1
"20632",2.51974907727667e-08,0.00527682496226577,0.994723149840243,3
"20634",0.993030630430185,0.00696936956980674,7.83564564951403e-15,1
"20637",0.00165277402819996,0.998347225971602,1.97674994929799e-13,2
"20639",0.00308900720827314,0.163253650192388,0.833657342599339,3
"20644",3.50265087012548e-09,0.999999996497349,1.36085457381043e-29,2
"20646",0.000155504573197155,0.999844495426802,3.96956316187925e-16,2
"20648",0.0147461571038195,0.00119265050748659,0.984061192388694,3
"20650",0.0858678913225153,0.914132108677485,6.42524417926834e-17,2
"20653",0.459770188899759,0.540016662591953,0.0002131485082878,2
"20658",0.914728257326945,0.0852717426730185,3.61185420440734e-14,1
"20661",1.18387044336219e-05,0.999988161295553,1.35002333108972e-14,2
"20663",0.992379521205184,0.00687355717301376,0.000746921621802734,1
"20665",6.04952735085445e-10,0.0138438278458695,0.986156171549178,3
"20667",0.67668506054698,0.323312842392323,2.09706069752473e-06,1
"20669",1.94005535502011e-05,0.933825425082544,0.0661551743639061,2
"20671",0.254888394709953,0.745111488724079,1.16565968292889e-07,2
"20673",1.65330418549806e-07,0.88280867757869,0.117191157090892,2
"20675",0.658659730625713,0.336850566565394,0.00448970280889301,1
"20677",0.98119119072968,0.0188032928539625,5.51641635802317e-06,1
"20679",5.54424645117311e-06,0.564350141200939,0.43564431455261,2
"20681",0.103900754297466,0.0755912212948388,0.820508024407695,3
"20683",0.956216889130942,0.0437745230332931,8.58783576504357e-06,1
"20685",7.67324528416428e-08,0.999999923145305,1.22241734301587e-10,2
"20687",0.000182403984803873,0.00083360497787824,0.998983991037318,3
"20689",1.27214260003102e-09,0.999999998727857,6.67170419151071e-28,2
"20691",1.37780307617727e-08,0.00196126249090705,0.998038723731062,3
"20693",0.910114350279201,0.0898856497207992,1.203833172136e-17,1
"20695",0.0726847141017583,0.00590305937043429,0.921412226527807,3
"20697",0.980988474667471,0.0190115250485767,2.83952380277071e-10,1
"20699",0.989460441227507,0.0100388671880251,0.000500691584467625,1
"20701",0.984385554305156,0.0156144148433217,3.08515227003759e-08,1
"20703",1.03485562678268e-09,0.999999974319028,2.46461165291726e-08,2
"20705",0.95889076460778,0.0411092353921203,9.95199055901122e-14,1
"20707",0.638735623105004,0.0155458484175435,0.345718528477452,1
"20709",0.185835955681954,0.621591070006149,0.192572974311896,2
"20713",0.00481976312388814,0.989855297337759,0.00532493953835271,2
"20715",9.43419998170055e-07,0.999999056580002,3.32664424786074e-16,2
"20717",0.052122235015173,0.010521200629661,0.937356564355166,3
"20720",0.985516856180256,0.0144831424983913,1.32135318019136e-09,1
"20722",0.988375727019501,0.0116242171437631,5.58367358930846e-08,1
"20724",0.00744253328974937,0.000578945839362443,0.991978520870888,3
"20726",0.950958484059678,0.0490415159403213,4.1751160611257e-16,1
"20728",0.0232772259217771,0.00756967315766653,0.969153100920556,3
"20730",0.029915897427663,0.00146365780902908,0.968620444763308,3
"20732",0.206155476825624,0.793844523172631,1.74504881584888e-12,2
"20734",0.993535969887736,0.00624889447081718,0.00021513564144693,1
"20736",0.000316991832372296,0.00245765977056962,0.997225348397058,3
"20738",4.4968830374789e-07,0.999999550311696,1.89141368899809e-19,2
"20740",0.046740344595125,0.953259655398899,5.97596359942411e-12,2
"20742",0.383656476218735,0.32366141420492,0.292682109576345,1
"20744",4.49916500855143e-07,0.00912010975961768,0.990879440323881,3
"20746",0.979467693471594,0.00413093232432136,0.0164013742040846,1
"20748",0.00216707831199551,0.000605679934490585,0.997227241753514,3
"20750",0.00617896667723538,0.00149409725938361,0.992326936063381,3
"20752",0.993054930442863,0.00694419980585426,8.69751282568258e-07,1
"20754",5.07866293972482e-07,0.978712860237216,0.0212866318964903,2
"20756",0.368325238066807,0.0130886898804797,0.618586072052713,3
"20758",9.26919839657476e-06,0.999987021446121,3.70935548287717e-06,2
"20760",0.00097977691519708,0.000975159019508305,0.998045064065295,3
"20762",2.87531534582404e-06,0.99228065914568,0.00771646553897432,2
"20764",0.000124056291576923,0.0193924753154456,0.980483468392978,3
"20766",0.00160207504239864,0.000420939923229647,0.997976985034372,3
"20768",0.00490682046530849,0.00104305192438325,0.994050127610308,3
"20770",0.247055703858194,0.751394641833286,0.00154965430852012,2
"20772",0.991628744521001,0.00837125547896589,3.32343988975896e-14,1
"20774",0.0291892273051094,0.970810772694891,2.0111441982373e-25,2
"20776",0.957933050637779,0.0378650332351475,0.00420191612707309,1
"20778",6.47705651610423e-05,0.999935229434839,1.66864421555879e-25,2
"20780",8.08941898596517e-11,0.999992961121063,7.03879804240919e-06,2
"20782",3.2346913338972e-08,0.980592654398926,0.0194073132541603,2
"20784",1.67551700381734e-05,0.997764312009333,0.00221893282062855,2
"20786",5.03730265253254e-11,0.0706912871427128,0.929308712806914,3
"20788",0.61440334021467,0.00831263421385224,0.377284025571477,1
"20790",0.00177391227907829,0.0467035817585621,0.95152250596236,3
"20792",0.720449933212135,0.241830217842154,0.037719848945711,1
"20794",0.00020216637452193,0.0312456550560327,0.968552178569446,3
"20796",0.990428294818043,0.00957170518187585,8.12485110911036e-14,1
"20798",5.90813291950904e-11,0.00434953945963217,0.995650460481287,3
"20801",1.99166082000641e-06,0.998924521526688,0.00107348681249204,2
"20803",0.961011393834001,0.0275382424395749,0.0114503637264236,1
"20805",0.993412248901965,0.00656961577023322,1.81353278019534e-05,1
"20807",5.90813291950904e-11,0.00434953945963217,0.995650460481287,3
"20809",0.269710703397925,0.720990598554271,0.00929869804780369,2
"20811",0.000422945081220849,0.999577033971397,2.09473818524657e-08,2
"20813",0.371205197322542,0.627849144756815,0.000945657920642928,2
"20815",1.21612384976102e-13,0.604311954099102,0.395688045900777,2
"20817",0.0314544742598696,0.000986734447770547,0.96755879129236,3
"20819",0.982256534031998,0.0175719386040256,0.000171527363976622,1
"20821",7.40026973290533e-09,0.99999999259973,2.77650268446207e-16,2
"20823",0.971199903882525,0.00872740812897756,0.0200726879884973,1
"20825",0.019608884598925,0.00350631927573076,0.976884796125344,3
"20827",0.0287852424227378,0.164430180810519,0.806784576766743,3
"20829",0.283468268819865,0.716531731180135,5.14872901826213e-19,2
"20831",0.253478302252237,0.0312912638993229,0.71523043384844,3
"20833",8.13296609252583e-11,0.98876447859728,0.0112355213213901,2
"20835",0.00945409926670764,0.00158338911380764,0.988962511619485,3
"20837",0.0627253822006422,0.00434803074934498,0.932926587050013,3
"20839",0.00667808137312983,0.000850987892089489,0.992470930734781,3
"20841",0.378310521809517,0.621689431269657,4.69208255763786e-08,2
"20843",0.873127646176262,0.0122476603407275,0.11462469348301,1
"20845",0.0664525581055944,0.0853694436829145,0.848177998211491,3
"20847",0.987989133696693,0.0119528739074215,5.79923958852836e-05,1
"20849",0.981718362352874,0.0182218505726485,5.97870744771779e-05,1
"20851",0.982727192648429,0.0172675851290122,5.22222255840642e-06,1
"20853",0.926010748350505,0.0739892516492336,2.61551754182568e-13,1
"20855",0.845606684529007,0.154393315425611,4.53819583702783e-11,1
"20857",0.98578775746232,0.013640832135132,0.000571410402548359,1
"20859",0.996324606578938,0.00367409585039802,1.29757066444469e-06,1
"20861",1.50145914308785e-06,0.999998487127327,1.14135300565606e-08,2
"20863",0.000817718970971778,0.00344941675753717,0.995732864271491,3
"20865",0.226527533092486,0.22228856766898,0.551183899238534,3
"20867",0.438899476232671,0.56110052376733,9.646958126233e-23,2
"20869",0.0127104349648346,0.0211785173750662,0.966111047660099,3
"20871",0.026090192189959,0.973909807810041,4.93520033242655e-17,2
"20873",0.712393691929979,0.287606308042366,2.76544926694682e-11,1
"20875",0.993184852622413,0.00681511851902816,2.88585592909631e-08,1
"20878",2.91882823487165e-13,0.99688966842572,0.00311033157398777,2
"20880",3.34223780503851e-11,0.999489326621291,0.00051067334528692,2
"20882",0.927078298052406,0.0729217019475934,1.2191287012428e-17,1
"20884",0.0186432721853189,0.0015824968552984,0.979774230959383,3
"20886",0.0105761411752062,0.00380205002628054,0.985621808798513,3
"20888",1.64479667656483e-07,0.225775749377074,0.774224086143258,3
"20890",0.0126269949298532,0.000407583332046362,0.986965421738101,3
"20892",0.981393415431591,0.0185635981553408,4.29864130682328e-05,1
"20897",0.961523938814307,0.0347561668954747,0.00371989429021833,1
"20899",0.960857933155699,0.020048858006503,0.0190932088377982,1
"20901",3.37947994662644e-10,0.999999999662052,1.04161889437721e-22,2
"20903",2.78413798006604e-05,0.999972158620199,1.34708456301735e-17,2
"20905",0.000343501013882274,0.999656498985407,7.10880391392365e-13,2
"20907",0.883053376194618,0.116946623804774,6.0785328395434e-13,1
"20909",0.426183113233855,0.565167746724984,0.00864914004116062,2
"20911",3.73924907540958e-11,0.999999999962607,1.0879425659644e-29,2
"20913",0.760554148417259,0.0335076200206074,0.205938231562134,1
"20962",0.997549030259165,0.00240705727709542,4.39124637400639e-05,1
"20969",0.797809446005832,0.202187489763003,3.06423116521348e-06,1
"20980",0.989656202958241,0.0103395237821949,4.27325956392228e-06,1
"20982",0.995212183629295,0.00478776439611421,5.19745904637772e-08,1
"20984",0.667077168459943,0.315771982051037,0.0171508494890199,1
"20994",0.963163752553735,0.0368362445151588,2.9311063777089e-09,1
"21015",9.7546833225717e-05,0.0451397606395162,0.954762692527258,3
"21023",0.840928247230478,0.1590717527693,2.2199885570446e-13,1
"21040",0.272611672497817,0.727388327496582,5.60097344002876e-12,2
"21073",0.799700944444995,0.200281903626976,1.71519280284033e-05,1
"21222",0.0183755056934383,0.00119216124000097,0.980432333066561,3
"21224",0.986316164183873,0.011675975720442,0.0020078600956846,1
"21228",0.000501771466516109,0.999498008841971,2.19691512495623e-07,2
"21232",0.979885241085522,0.0201147589143371,1.40552981343768e-13,1
"21237",0.0792224603276734,0.920777539672279,4.78438379615596e-14,2
"21240",0.0414291251111792,0.00315192993253326,0.955418944956288,3
"21245",0.00138637508252415,0.000347191477732438,0.998266433439744,3
"21252",0.925752736514657,0.0742472634832133,2.12930422160494e-12,1
"21254",0.621911283598526,0.378088707965867,8.43560640506442e-09,1
"21258",0.82574909187287,0.174247350095671,3.5580314594599e-06,1
"21264",0.151299468723297,0.0035465645947281,0.845153966681975,3
"21305",0.0107561707262558,0.989224577505245,1.92517684998093e-05,2
"21333",0.98127307774222,0.0187268885355893,3.3722191066767e-08,1
"21366",0.953994860706334,0.0329964395095994,0.0130086997840672,1
"21377",2.5574209295997e-06,0.00437589368125029,0.99562154889782,3
"21380",4.53409078514047e-09,0.999999995465907,2.42327674910481e-15,2
"21387",2.31803012430968e-12,0.999999999997682,6.68640434557748e-30,2
"21390",0.89129174770916,0.108708252286252,4.58808761930405e-12,1
"21392",0.962970874599693,0.036957984632793,7.11407675141212e-05,1
"21403",0.96952152422084,0.0304720831464358,6.39263272404507e-06,1
"21408",0.961993242697405,0.0380067573005686,2.02623138699606e-12,1
"21412",0.000298032302484647,0.999701967684228,1.32874427527977e-11,2
"21421",0.974717039850046,0.00707210736233848,0.0182108527876156,1
"21424",0.00254367288474024,0.99745632711526,2.26507321665881e-19,2
"21429",0.988880664339871,0.0111193325738204,3.08630892362524e-09,1
"21431",0.981555825897591,0.0170291812428401,0.00141499285956912,1
"21436",0.000141215379743692,0.99964246621118,0.000216318409076371,2
"21439",0.998306540794349,0.00164632105839491,4.71381472565398e-05,1
"21442",0.822352770411548,0.0947187032600291,0.0829285263284227,1
"21444",0.0181983715083476,0.00896819333597484,0.972833435155678,3
"21446",8.15384998153179e-13,0.985938600692391,0.0140613993067939,2
"21448",4.91454925085769e-12,0.999999999994988,9.78183963870173e-14,2
"21450",0.659087076275186,0.340907808576313,5.11514850087528e-06,1
"21452",0.913391735011976,0.0866082634001209,1.5879027299435e-09,1
"21466",0.78783711314423,0.21216288685577,1.72112071498448e-16,1
"21470",0.995818170625697,0.00417916003263263,2.66934167023751e-06,1
"21472",0.976736113788241,0.0232638861995825,1.21769931092575e-11,1
"21474",0.931186061435571,0.0688135668839329,3.71680496208736e-07,1
"21477",5.87748811770759e-06,0.998704760831952,0.0012893616799298,2
"21480",7.22764152524969e-05,0.999927723584748,2.91958510306441e-29,2
"21483",0.057580366247448,0.00280782331464355,0.939611810437909,3
"21491",0.0536647031309136,0.0191594694754016,0.927175827393685,3
"21494",2.13252961781112e-11,0.999999999978675,2.31045900405556e-27,2
"21499",0.00425003844570993,0.99574996155429,1.28918318165197e-18,2
"21501",0.0104184326104337,0.989581567389564,1.98354486171857e-15,2
"21506",0.995522320767279,0.00447667474520511,1.004487516376e-06,1
"21511",0.0163677103027611,0.983632289647951,4.92880041953991e-11,2
"21513",0.314783469295481,0.685216246337867,2.8436665156937e-07,2
"21521",0.82628482081253,0.173638058875804,7.71203116658692e-05,1
"21523",0.962107635558148,0.0336864623485372,0.00420590209331421,1
"21525",0.781388049718684,0.0180821295205469,0.200529820760769,1
"21531",0.986960324375516,0.0130396756244842,2.10579830265056e-17,1
"21536",0.989687019703455,0.010312247821807,7.32474738177877e-07,1
"21544",0.995690890685675,0.00370606258412225,0.000603046730203097,1
"21547",0.96604795310824,0.0339520467450191,1.46740299864946e-10,1
"21551",0.0313315076415587,0.968668035974154,4.56384286866615e-07,2
"21556",0.904656452107344,0.0953435478926556,5.04794660268106e-17,1
"21559",1.98735583187679e-07,0.99999980126438,3.73670500923908e-14,2
"21563",0.514355710457424,0.485644289542574,1.5343993170749e-15,1
"21565",0.995091367987314,0.0049086320125638,1.22413037791528e-13,1
"21568",0.944486660833754,0.0555133391347282,3.15174618152114e-11,1
"21572",0.918289200336237,0.0817107996637636,3.32264635231866e-23,1
"21575",0.00572973610886585,0.994270263891134,3.95000060053056e-21,2
"21577",0.236571870531718,0.00284481102478015,0.760583318443502,3
"21579",0.985643712222238,0.00845897669488502,0.00589731108287645,1
"21581",5.90813291950904e-11,0.00434953945963217,0.995650460481287,3
"21584",5.220137640178e-08,0.995876115856464,0.00412383194215927,2
"21586",0.8852691610491,0.00536645789414963,0.109364381056751,1
"21588",0.542387542760527,0.457461336383983,0.000151120855490338,1
"21590",0.960092708417554,0.0399072915817509,6.95179984352382e-13,1
"21594",7.28371080293897e-20,0.999999999999954,4.54478716634337e-14,2
"21596",0.00622599215766832,0.0002966793774566,0.993477328464875,3
"21598",0.00145033951290778,0.998549660487074,1.82008036579613e-14,2
"21600",0.41855160652962,0.0461192689355024,0.535329124534877,3
"21602",0.989245576165903,0.0107539261199087,4.97714188137762e-07,1
"21604",0.97405572875352,0.0186982737173843,0.00724599752909594,1
"21606",3.92846552490998e-05,0.000906777563147392,0.999053937781603,3
"21608",0.210474102003918,0.789525516395584,3.81600498335239e-07,2
"21611",0.0634833802388802,0.936516489492009,1.30269111068765e-07,2
"21613",0.986537265959566,0.0134567483282387,5.98571219555966e-06,1
"21615",0.877110936120324,0.0405745466868034,0.0823145171928729,1
"21617",0.0205471098496239,0.00113118701289842,0.978321703137478,3
"21619",0.964872338564342,0.00640990656624483,0.0287177548694133,1
"21621",2.64084574213633e-08,0.999546675239829,0.000453298351714116,2
"21623",0.0180307504358593,0.00173408975633708,0.980235159807804,3
"21625",2.93514602737227e-08,0.00190705699262363,0.998092913655916,3
"21627",0.854120740916954,0.145670012364724,0.000209246718322119,1
"21629",0.787341098044805,0.0770260595989674,0.135632842356228,1
"21631",3.04888354605556e-05,0.000534373628703317,0.999435137535836,3
"21633",0.0525489841803442,0.947451015579018,2.40637626806084e-10,2
"21635",0.328168331090952,0.671831668909033,1.48686551332937e-14,2
"21637",0.391699718486776,0.607594285553342,0.00070599595988201,2
"21639",0.966988808358369,0.0330111221871554,6.94544753204015e-08,1
"21641",0.113736325576889,0.885855779245626,0.00040789517748505,2
"21643",0.992517004065185,0.00743912970820309,4.38662266122049e-05,1
"21645",0.00663335441968208,0.00108478155718915,0.992281864023129,3
"21648",0.990868499263842,0.00884089403260947,0.000290606703548474,1
"21650",1.50973074041194e-10,0.999999999849027,1.46134611423788e-26,2
"21652",0.993311245225286,0.0066883013836971,4.53391016993184e-07,1
"21654",2.68091115132317e-07,0.999999731908885,1.9104482467438e-19,2
"21656",0.00576615467514741,0.0490170175072891,0.945216827817563,3
"21658",2.98781364017316e-11,0.00182695637325184,0.99817304359687,3
"21660",1.45437289223834e-10,0.996459364484531,0.00354063537003136,2
"21662",1.18049260725512e-06,0.999998668689582,1.50817810835935e-07,2
"21664",0.00156994132317909,0.000366860172924615,0.998063198503896,3
"21666",2.90929214101667e-08,0.999999962553486,8.3535926836226e-09,2
"21668",0.0247623990474975,0.00145458333562196,0.973783017616881,3
"21671",0.888746723786388,0.11125323997451,3.62391014023373e-08,1
"21673",1.16212684698651e-05,0.917643286844429,0.0823450918871011,2
"21675",0.902853948282564,0.0777598532987612,0.0193861984186744,1
"21677",0.994045354078747,0.00595464592124048,1.21809165327427e-14,1
"21679",0.00273209471142351,0.997263414033396,4.49125518021523e-06,2
"21681",0.80247135968636,0.182472018655036,0.0150566216586033,1
"21686",0.92243075309638,0.0775692469034063,2.14027499878798e-13,1
"21689",0.98779060784568,0.0122093920507811,1.0353865014185e-10,1
"21706",0.985825396369139,0.0141442580852934,3.03455455677754e-05,1
"21708",0.983604123086668,0.0163958769131591,1.73382264459603e-13,1
"21711",0.964213301000128,0.00292793904307424,0.0328587599567972,1
"21716",1.15175131919535e-07,0.999999884824868,4.75046721285345e-29,2
"21719",0.970932755407002,0.0290502360862019,1.70085067963296e-05,1
"21722",0.996500363519009,0.00284832044892626,0.000651316032064736,1
"21725",0.990618090726037,0.00936525115179781,1.66581221651741e-05,1
"21728",0.919788496470606,0.0802114925570493,1.09723445231324e-08,1
"21732",0.992225932895967,0.00777395442011189,1.12683920942247e-07,1
"21734",0.974315137325605,0.0256848626743798,1.49964143923576e-14,1
"21737",0.98185651312322,0.00969682776016744,0.00844665911661283,1
"21740",8.96682857540001e-08,0.999999908306051,2.02566374175923e-09,2
"21742",7.32636954957865e-10,0.999999999267363,1.61758878644849e-27,2
"21745",0.802114167185651,0.197432339450705,0.000453493363643988,1
"21747",0.00622505133288001,0.993774948666318,8.01569720008092e-13,2
"21749",0.00995846058307473,0.0117971925568876,0.978244346860038,3
"21751",0.963889870205727,0.0361101296164846,1.77788461063374e-10,1
"21753",0.0523247008305007,0.947675299073087,9.64121351125983e-11,2
"21756",0.991984259575106,0.00801574037380679,5.10872672771977e-11,1
"21759",0.411720899741064,0.483760835510432,0.104518264748505,2
"21761",0.931344926105027,0.0686550701772351,3.71773755898473e-09,1
"21763",0.0562018253453787,0.943577434067619,0.0002207405870028,2
"21765",3.08976246534053e-05,0.99996910237534,6.95007807609776e-15,2
"21767",0.969970425881038,0.0300295741155126,3.44965056287021e-12,1
"21769",0.0598771303620582,0.940122869637942,2.88245702462465e-22,2
"21771",0.991611292008036,0.00838870797745721,1.4507111416685e-11,1
"21774",0.00342965639407821,0.00062384135215523,0.995946502253766,3
"21776",0.91725146423864,0.0827485357613207,3.9498058582316e-14,1
"21778",0.821425926895774,0.178570166602715,3.90650151016812e-06,1
"21780",6.54260030374555e-18,1,3.27192807894143e-17,2
"21783",0.988716767810967,0.011231337864643,5.18943243896016e-05,1
"21785",0.936703956406846,0.0632952021033147,8.41489839467469e-07,1
"21788",0.973873583918284,0.0261264160817065,9.27112520982791e-15,1
"21790",0.756015503725579,0.243984496274421,3.65389669200267e-22,1
"21793",0.974290543806428,0.0257093288425745,1.27350997684984e-07,1
"21796",0.974815691248723,0.0139420333003504,0.0112422754509269,1
"21798",7.13331720084616e-06,0.999992866682774,2.52167325005983e-14,2
"21801",0.731436692370267,0.268563307629733,2.07925598567589e-22,1
"21803",0.992310004137934,0.0076835959270984,6.39993496761643e-06,1
"21805",6.35858768946483e-05,0.999936414123105,1.3507992634848e-25,2
"21807",1.73785696933568e-05,0.999982616593495,4.8368114005354e-09,2
"21810",0.969887453955558,0.0301125005184511,4.55259905947825e-08,1
"21812",0.00025252310530433,0.999747476894696,7.7336803774312e-19,2
"21816",0.9805039405566,0.0194960019692262,5.74741740343759e-08,1
"21819",0.000113736990542686,0.999886263009457,2.40059816519577e-19,2
"21821",1.92863877115835e-08,0.999999980537641,1.75971631705963e-10,2
"21823",0.000105826488080348,0.00401898664264471,0.995875186869275,3
"21825",0.995007758365071,0.004992118159533,1.2347539578704e-07,1
"21827",0.0215407911792641,0.978459208820286,4.49721166410711e-13,2
"21829",0.500750639936888,0.499249360063107,4.9989928758488e-15,1
"21832",0.000348580651278617,0.999651303615376,1.15733344909903e-07,2
"21834",0.959804065445633,0.0401959328357418,1.71862579104208e-09,1
"21836",0.959804065445633,0.0401959328357418,1.71862579104208e-09,1
"21839",0.791655879409873,0.0438018232891033,0.164542297301023,1
"21841",0.000201251790738153,0.999785919333781,1.28288754808991e-05,2
"21843",0.0531626594225844,0.0256782816214402,0.921159058955975,3
"21846",0.0281439256252225,0.971856074374777,1.16897899357156e-16,2
"21848",0.0964484494559808,0.903551550523998,2.00207792779875e-11,2
"21850",0.996813682347275,0.00274383877061795,0.000442478882106625,1
"21853",5.14762403499540e-10,0.999291990948831,0.000708008536406498,2
