"","V1","V2","V3","V4","V5","V6","V7","result$classification"
"19811",0.964173014875254,0.00262025017314416,1.18899831785426e-07,0.000599674153513917,0.000358633723418232,8.80091796718748e-08,0.0322482201656583,1
"19813",1.73748112253734e-05,1.29858875168285e-06,7.25597776830883e-10,4.43490338559627e-08,1.51485915790134e-06,1.4318558597927e-08,0.999979752347675,7
"19815",0.954743438244121,0.034267043275585,0.000586282920894671,1.00405878674259e-05,0.0103790397180529,1.26945146616063e-05,1.46073881764985e-06,1
"19817",0.992421328486349,0.0047316433656971,9.92428694489834e-06,0.000466199798899998,0.00236562339674296,2.98732686880997e-07,4.98193267889292e-06,1
"19819",8.66479878004427e-06,2.72539259436235e-05,0.201912763589661,3.48019905342053e-07,0.266626717517315,0.531424251792759,3.55635689427441e-10,6
"19821",0.962035415708836,0.000740329372164063,1.81163513190673e-07,0.0186588970451913,0.00695328997199809,7.99168036211204e-06,0.0116038950579352,1
"19823",0.907251882358846,0.000934720754159294,0.0884033294597873,0.000145685373187122,0.00325845653793511,3.24396888030498e-06,2.68154720496393e-06,1
"19825",0.000891884652236848,0.00387474338592265,0.000136742139070979,0.896184277649664,0.0133130889829571,0.0819131631513911,0.00368610003875778,4
"19827",0.626024999646629,7.21702693420807e-05,8.52096143661173e-05,0.370912959648512,0.00290204550617869,2.20592660976377e-06,4.09388362539355e-07,1
"19829",0.000400223355028175,0.000171180720989313,3.25100373610786e-05,0.00600808652304659,0.923830825679559,0.0695548743101625,2.29937385381963e-06,5
"19831",4.16852686094166e-05,5.85099439838996e-05,0.126104240419961,3.05649407107609e-07,0.763139481188006,0.110655085825063,6.91704969499938e-07,5
"19833",5.51907942038402e-07,0.00165527577282112,0.998252665134538,2.06021119833477e-05,1.05408561960446e-06,6.65400239540713e-05,3.31096314207596e-06,3
"19835",0.962035415708836,0.000740329372164063,1.81163513190673e-07,0.0186588970451913,0.00695328997199809,7.99168036211204e-06,0.0116038950579352,1
"19837",0.958758440131874,0.000110203677167465,7.41927312668614e-06,0.0257455268019849,0.0153735408471328,2.28533438337963e-06,2.58393433107979e-06,1
"19839",0.0014626192865419,0.00151335748727536,1.20746326458497e-05,0.0321144925363764,0.806614532546262,0.15647448559062,0.00180843792027914,5
"19841",8.0039175218327e-06,4.90334652722426e-08,6.80530746779926e-09,0.99994817860959,3.20060748437882e-06,2.23379183038462e-06,3.83272348008137e-05,4
"19843",4.27328102385106e-06,0.00347800103908243,2.02571894816205e-05,2.06386947140662e-08,0.0742566280048757,0.905473761453846,0.0167670583929955,6
"19845",0.0792243174652809,0.000316441562024733,6.05093208644499e-08,1.12584244780928e-05,1.78113321669627e-05,1.85192274085398e-08,0.920430092187501,7
"19847",0.909430565472357,0.0376721575992301,7.60284706802882e-05,1.30795729542361e-05,0.0454382356722143,5.59661918921952e-05,0.0073139670206711,1
"19849",5.02824764021552e-05,3.0779122134265e-07,2.7906459497239e-10,1.03960394136585e-07,1.87690611950821e-07,1.15481689281316e-09,0.999949116647489,7
"19851",0.997932765987051,0.00149110774447194,1.14806385727204e-05,2.20180957943138e-05,0.000529902232334884,8.79379027609514e-08,1.26373638729306e-05,1
"19853",0.990320519122496,0.000176401862045852,5.12782148173955e-05,0.000199792160874641,7.48424201857292e-06,1.43231180304202e-09,0.00924452296543603,1
"19855",0.997060241290131,0.000238304040872242,2.30397895247615e-06,0.00202880675590589,0.000106525877557798,4.16686101098679e-09,0.000563813889719455,1
"19857",0.799890001297825,0.0131819217792474,1.08922353583514e-06,0.0202738408590102,0.15103417962829,4.96512984271532e-05,0.0155693159136654,1
"19859",0.963613643913676,0.00393308148000684,9.72374938601454e-05,0.0115906193752277,0.020748851362568,4.03736327993789e-06,1.25290113813463e-05,1
"19861",0.894044554693093,0.0010084709766255,5.85766243013262e-07,2.52154387867254e-05,0.000352108475492548,7.90841189413257e-08,0.10456898556564,1
"19863",2.13674703489727e-05,5.28199044176725e-07,2.6147191992759e-10,0.00603798519058192,5.4782295446777e-08,5.30143909315433e-09,0.993940058794819,7
"19865",0.00191913858836209,4.96977337954292e-06,1.17222435026266e-08,0.998069387126367,5.5479999694922e-06,5.17539429724248e-08,8.93035735355556e-07,4
"19867",0.971787624164462,0.0181570382052899,1.81938004305602e-05,1.97973261643424e-06,0.00439982141549135,6.59751132937508e-06,0.0056287451703804,1
"19869",0.00848355025122176,2.66296178409628e-06,1.10165757266973e-09,3.74970491921507e-05,1.34007122576246e-06,7.6930931456478e-10,0.991474947795609,7
"19871",0.891894858643023,0.00121075301362652,0.000100247499633725,0.0421723544843954,0.0646096221689279,1.0318012982807e-05,1.84617741010212e-06,1
"19874",0.235723467732296,0.000630053990903762,4.62931333758948e-06,0.763562696640774,7.48332908737983e-05,1.29295737150952e-07,4.18973607742607e-06,4
"19876",0.828224989889759,2.92853128348802e-05,1.01560486190634e-07,0.171499748379303,3.58830071553291e-05,4.44172976512145e-09,0.000209987408731852,1
"19878",0.000247945353267208,0.996340867916572,2.41407868953226e-05,2.01750210387485e-06,0.000326758577056854,0.0030549010860402,3.36877806473479e-06,2
"19880",0.00163244775122717,1.438617997503e-07,2.99124283486087e-09,0.998356985251561,3.93068346299488e-07,8.00555263450038e-10,1.00262752674974e-05,4
"19882",0.789361394212364,0.0153693094817996,1.24388737925587e-06,0.00084759899124557,8.38466962523057e-05,2.20626563596721e-07,0.194336386104396,1
"19885",0.895678169663056,0.010500236311932,6.32169084770815e-06,0.000513767804443513,0.0932675541421221,2.63105214907946e-05,7.63986610748321e-06,1
"19907",0.92424004958866,0.0202568309810987,3.02950592900539e-06,1.20931622816337e-05,0.00108301387484618,2.29680059657869e-06,0.0544026860865879,1
"19909",0.000737591459198198,1.09349603323406e-05,5.09109859234938e-06,1.0242800658472e-06,0.99375999484465,0.0054527015660996,3.2661791061106e-05,5
"19911",0.00322683398391336,0.000170188574340564,0.000236531286748049,0.00829769610263584,0.971350131676083,0.0167119641217176,6.65425456120803e-06,5
"19913",1.16415940361349e-05,2.80652575232266e-08,1.34817894203723e-08,0.999987792810272,2.13405068844873e-07,1.87288784927924e-08,2.91914697335129e-07,4
"19915",0.681379266413672,0.00020692047416084,3.69134897958021e-06,0.31826976178042,0.000138645613547348,6.28054835029632e-08,1.65156373646384e-06,1
"19917",0.00958609166417034,3.88122645190536e-05,4.65864770440978e-07,0.990244698746516,0.000127452977010882,5.58221709182219e-07,1.92026130429944e-06,4
"19919",0.860023480453645,0.0057577048705148,2.69872460257278e-05,0.131430919386214,0.00275801942585931,1.66194980042704e-06,1.22666794018056e-06,1
"19921",0.98879700389755,0.00858855024667546,6.11320898624258e-06,6.50736322498454e-06,0.00242808697424338,7.07916712238896e-07,0.00017303039260747,1
"19923",0.00778754774581576,0.990488529636658,0.00056198978218692,8.38399395753003e-08,0.00094876771374641,0.000202181089032206,1.09001926214118e-05,2
"19925",0.0623163449682711,0.000137448513075542,9.14012172911431e-07,0.937494325140717,5.01869985230874e-05,1.17356845848379e-07,6.63010395030019e-07,4
"19927",0.998507001534416,0.000377423543617867,5.17226128067425e-06,0.000106715710175989,0.000987638592188935,5.75497662947579e-08,1.5990808554128e-05,1
"19929",0.000168515461131859,1.66980956199422e-07,5.81249546682571e-10,0.540384374570474,3.10606623177987e-07,9.60657953877782e-09,0.459446622192986,4
"19931",0.991074749662958,0.00131536194626817,5.68829309464687e-05,0.000602397936029535,0.00694731776515726,2.61987075392897e-06,6.69887886668478e-07,1
"19933",0.053615869469406,0.000140390300155872,0.000274361971011291,0.000256127120809708,0.941318715965145,0.00439439403255303,1.41140919388272e-07,5
"19935",0.69925361164045,0.0237012397808447,4.09118738010672e-06,0.00126525245448439,0.273370519423643,0.00179708528052478,0.000608200232672344,1
"19937",0.992449434473591,0.0046735923294194,0.000191939063261987,1.03255426967369e-05,0.00267193805839488,9.38926997303692e-07,1.83160563944386e-06,1
"19939",0.698074052393006,0.298921764069983,4.27643007115863e-05,0.00104165282962092,0.00190798323136233,7.68725512005416e-06,4.09592019554876e-06,1
"19941",0.00185588780928575,1.17137902093646e-05,1.99069154005655e-05,0.0362258782686624,0.914168520253608,0.0475509784270416,0.000167114535792672,5
"19943",0.000644839244514087,1.11438973379545e-06,1.49499538167055e-07,0.999352032984416,1.76988556140861e-06,1.52722816792471e-08,7.87239547211058e-08,4
"19945",0.0134385125691153,0.00326279671651169,0.000797526816272527,1.28425774893023e-05,0.967514689404262,0.0149735536294259,7.82869229069933e-08,5
"19947",0.00592083578130947,0.000284734694843614,5.87188409556543e-05,0.735659916110614,0.235071970654535,0.00358527230478402,0.0194185516129582,4
"19949",0.0224919922952947,0.959491748707166,0.00186377152434489,7.15204480367923e-07,0.0126205584782349,0.00353082256490109,3.91225577566073e-07,2
"19951",0.21365989807608,0.0533209447662173,1.21855386177607e-05,0.731232507872578,0.00172011256582988,4.65399095045462e-05,7.81127117272706e-06,4
"19953",0.000213422034145671,0.00111957328364122,0.920423991433836,2.01466198569154e-08,0.0503420075481652,0.0279009611291351,2.44244564700689e-08,3
"19955",0.000490971355200118,0.26860044233938,0.0291166933397909,1.76953040626666e-06,0.536046942057759,0.165729800352895,1.33810245689185e-05,5
"19957",0.0708798269744107,0.000229837005869606,0.00123753955580624,0.918276334117603,0.00935071176222051,6.80851347097279e-06,1.89420706187816e-05,4
"19960",0.000396310672791251,0.00419401442459076,3.54414203370284e-05,0.000255024025743171,0.817228050989348,0.177856384972736,3.47734944531218e-05,5
"19963",0.000236894686901932,3.05684343503994e-06,0.0467027214029607,0.952846499827747,8.15285116547055e-05,8.40322969332621e-05,4.52664303672126e-05,4
"19965",2.68676378630586e-05,0.121735451754599,0.000132869798458199,1.47007147546818e-08,0.195350311474132,0.68270221553019,5.22691040437208e-05,6
"19968",0.0106305511129292,4.73423201323227e-05,2.58737554326125e-09,0.787292194156571,0.00215057946707866,5.46183416128264e-05,0.1998247120143,4
"19971",5.13022576758967e-06,1.30300369812462e-05,0.00089874440863226,0.998522498576836,6.30893068452977e-05,0.000497212966181449,2.94478756124112e-07,4
"19973",0.994853380817683,0.00076876511272778,3.65932184342482e-07,0.00281273208467455,0.00154075012745729,2.41562113173073e-07,2.37643631597185e-05,1
"19975",0.0233151887099281,4.9761347161288e-05,1.70287111268329e-08,0.976481546317466,0.000132798192048136,3.07569725072033e-07,2.03808349601345e-05,4
"19977",0.000361166609281275,0.000680766711181541,1.99840738077399e-05,0.998820405637638,1.4647121641705e-05,1.33732770967152e-05,8.9656569353263e-05,4
"19979",1.78180984607965e-07,4.14957826044716e-06,0.000110742824517009,5.12405835267666e-07,0.123601380409565,0.876283036365373,2.35465591702137e-10,6
"19981",0.616679546119521,0.00115975750142726,1.29462584781828e-05,0.000308948219275077,0.381151967113782,2.95386188289036e-05,0.000657296168688317,1
"19983",0.402787483530753,0.388530902122734,7.43820944578744e-05,2.32525730214387e-05,0.207925524811021,0.000187156814130845,0.000471298053882237,1
"19985",0.237274806018055,0.000155960688056755,1.79628169419243e-07,0.762509098928339,3.09940585937299e-05,1.35602789886194e-08,2.89471185062479e-05,4
"19987",0.617728751713805,0.00032432211866367,6.69749562933826e-05,0.0332769635992926,0.348310385491592,0.000289242064396382,3.36005595751213e-06,1
"19989",3.91974304787352e-06,0.000110387058281352,0.0026825898591218,2.23049405101026e-09,0.185767193413732,0.811435907016798,6.78524590392494e-10,6
"19993",0.162716369010153,0.66916606980171,0.000303241213900406,0.0162685840312394,0.128685561392037,0.0228596067232302,5.67827729043067e-07,2
"19995",0.0892938184409414,0.0370817789749675,0.000154736474207114,0.00482127671662403,0.807885129550261,0.060758696884735,4.56295826407564e-06,5
"19997",0.994492621199935,0.000477070407031549,1.63443273102951e-06,0.00463335437928736,0.000372164651215211,7.37015996315693e-08,2.30812281998488e-05,1
"19999",0.975897153117046,6.4859263509638e-05,7.71269791940565e-08,0.0233728038564821,9.22322487568536e-05,4.85396151555317e-09,0.000572869533264478,1
"20002",0.0003272833582913,5.45057707409635e-07,5.45623773599982e-07,0.425920224733227,5.66923406825292e-05,4.8712690293864e-05,0.573645996196024,7
"20004",0.0173844123160033,1.2884414223996e-05,1.01677193045567e-05,0.00136362061807352,0.974445016770477,0.00669860812675017,8.52900351674812e-05,5
"20006",0.00221652501816098,0.403369550422603,0.00118566946559114,0.000646739588463128,0.478133535377712,0.112576595481433,0.00187138464603621,5
"20008",0.00135110597665467,0.792809012758222,0.00132946624806376,5.79922865895232e-05,0.0129959031416441,0.191418050314537,3.84692742889622e-05,2
"20010",0.00466303446464357,0.398882673802059,0.0258046907267184,2.41426707099069e-06,0.457575531294845,0.113071645814391,9.63027158601066e-09,5
"20012",0.201245322181464,0.00303057096328054,9.71792219913603e-08,0.787463749548693,0.00010341074310848,9.68951015428626e-07,0.00815588043321586,4
"20015",1.3388442231442e-06,0.00139704693427282,7.7541686607443e-07,1.56521614238375e-08,0.0682962041488013,0.930304250418418,3.68585256961406e-07,6
"20017",0.986590393588197,0.00010187845667005,1.39995577933656e-07,0.0111791500484552,0.000469389798737565,1.94958961317788e-08,0.00165902861646622,1
"20019",4.41729621894772e-09,5.78813152671138e-05,0.000198253937450202,6.98241252624476e-10,0.00564239390578427,0.99410146570767,1.82910869928958e-11,6
"20022",0.000506451111303997,0.00380318474024253,0.000688188849115249,5.65902610385846e-07,0.949677377437886,0.0453242247082557,7.25058650996215e-09,5
"20024",9.78232782176395e-07,0.000213835423016989,0.338796039989379,2.1900304098323e-08,0.0282050820032863,0.63278398183033,6.06209017248113e-08,6
"20026",9.78232782176395e-07,0.000213835423016989,0.338796039989379,2.1900304098323e-08,0.0282050820032863,0.63278398183033,6.06209017248113e-08,6
"20028",0.937934686439685,2.20385580659431e-05,4.67103744205015e-07,0.0618965044866583,7.68005170089965e-05,1.03447923015259e-08,6.94925500457106e-05,1
"20030",2.65565112189281e-05,7.13533768861931e-06,3.45494622221983e-06,9.7817678522581e-05,0.590223469691618,0.409636338707802,5.22712692715351e-06,5
"20033",0.799597513959791,0.000241607276297656,3.61973280795416e-06,0.185534685407548,0.0145945420441399,4.12341721938098e-06,2.39081621968483e-05,1
"20035",2.09010251156445e-08,0.000127311539940803,0.000420027718693387,9.992543086012e-10,0.00919516580562903,0.99025747297382,6.16370583047266e-11,6
"20037",3.64160333741493e-08,0.000424672900923654,5.16107606462592e-05,3.63373222990235e-11,0.0174157030300224,0.982107973469038,3.38699949224774e-09,6
"20039",1.71686117606999e-08,3.12703111919699e-05,0.999385621808902,2.21616282790798e-11,5.79252936419872e-06,0.000577298112062148,4.77063791282564e-11,3
"20041",0.00538336230315608,0.976416600704377,0.00129862164323018,3.20823430116604e-05,0.0163971867754552,0.000468733696256912,3.41253451339004e-06,2
"20044",0.032150223860285,0.83268549818362,0.0110591654787334,0.00213444730497371,0.117534778340452,0.00441596908781282,1.99177441226695e-05,2
"20047",1.76319608275167e-09,2.19524292369372e-06,0.000627259709056158,1.0523111625084e-08,0.00679314591181533,0.992577386836278,1.36194065731256e-11,6
"20050",0.00201663346601785,0.450566132012293,0.489349111161445,1.77044103481002e-05,0.012966312258733,0.0450841061812709,5.09892198202871e-10,3
"20052",0.830881060430191,0.0260182145052326,0.00138992488810403,0.0347215918099033,0.106753867741379,0.000234992883690718,3.47741499535853e-07,1
"20054",4.32430522181654e-05,0.000130873374134861,4.86498660147275e-07,2.48474596946993e-06,0.916020525701121,0.0837922082930119,1.01783348847161e-05,5
"20056",0.00124679493405052,1.74236274850835e-06,1.08471394752162e-06,0.998665792636289,7.55173413441676e-05,8.81265846914786e-06,2.55353150746969e-07,4
"20058",2.85956114922288e-06,0.000277991104922451,0.000719450020461353,5.24851783290006e-10,0.214391141178916,0.784608547581593,1.00281065081296e-08,6
"20060",0.994010512598256,0.00196968767094781,1.32636885582668e-05,0.000167842781173138,0.00382514685449461,4.72521251816969e-06,8.82119405172784e-06,1
"20062",0.669659716095668,0.305542422212136,2.06430456800517e-05,0.000100225272941163,0.0245422434608018,0.000117207848601619,1.75420641714008e-05,1
"20064",0.00273533285037424,0.000134532546388836,2.17234822615972e-05,5.63645497921442e-05,0.985007860728287,0.0120441519758368,3.38670590155248e-08,5
"20066",1.04841763309855e-06,2.24136197117147e-06,6.51005455026048e-06,6.53715087946073e-06,0.17760451767877,0.822378638337714,5.06998481861321e-07,6
"20068",0.982473606184574,0.015986537251681,1.63967110490782e-06,3.7196321837903e-05,0.000696114686704898,2.11076671170629e-07,0.000804694807425691,1
"20070",0.973988963539752,0.0248266453747938,0.000334160527817412,2.06859082371996e-05,0.000790714320151246,6.44696503349064e-07,3.81856327446691e-05,1
"20072",0.00010214152095059,0.0157997138422602,1.78553351777594e-05,1.81052479911993e-08,0.507807520379312,0.470442314595381,0.00583043622167125,5
"20074",3.58285597561043e-05,1.34511380674837e-07,1.29611237126062e-09,0.999667615684219,5.12403672472969e-08,2.88811209641474e-09,0.000296365820052347,4
"20076",0.0247615925073026,0.000336764255549642,5.53893372878037e-08,0.641446447937023,0.0404898235074408,0.000153388312946344,0.2928119280904,4
"20078",0.00451872314003396,0.00155424764721799,0.00100124635025503,4.22162236806726e-05,0.971632192229447,0.0212511392407787,2.35168586801338e-07,5
"20080",1.40202028982421e-07,8.963380218116e-05,0.000287735683046238,7.09028841977728e-09,0.0484336102142367,0.951188872991451,1.67677147522586e-11,6
"20082",1.04357370076203e-06,5.1210122451611e-06,0.997746986819513,1.77540978456808e-08,0.000569756831808715,0.00167707400263074,6.00350442784627e-12,3
"20084",0.00214925294264787,0.000242109701426214,0.00705987267835239,0.0196846272691591,0.921244599147984,0.0496194372814041,1.00979026180173e-07,5
"20087",0.00506040957686968,0.0651105694613351,0.000390689899639756,3.24379871782132e-07,0.841244898598856,0.0881718095327387,2.12985506889246e-05,5
"20090",1.55793830498559e-06,0.016718587434184,0.00551895242093025,4.0205579193856e-08,0.0197125218302886,0.958048340137334,3.33790693667584e-11,6
"20092",0.0148583427818801,0.235435657886564,0.720257264978687,3.71705041577811e-08,0.0285257457574257,0.000571328556827959,0.000351622868111158,3
"20096",0.270236425355045,0.0795608614296931,0.609556317555812,0.00644413580271055,0.0340277644329471,0.000169306876973375,5.18854681934072e-06,3
"20098",0.831152300673158,0.000409684794661008,7.90889097980985e-06,0.165773434386448,0.00265285632601993,1.12893243458525e-06,2.68599629923057e-06,1
"20101",2.00295952694199e-05,0.000298108374001241,0.000929299546058421,0.00013193432279163,0.322895144075509,0.675725482816874,1.26949649792404e-09,6
"20104",0.489158572332504,0.0030476447677601,0.0976113628685501,0.00101430519683127,0.00133382350829047,1.04420179181823e-06,0.407833247124272,1
"20106",0.000192831276611144,0.00582886283583466,4.33285326948457e-05,6.27383619830909e-05,0.546555318287143,0.447316915642533,5.06319945648718e-09,5
"20108",0.984854079215286,3.34261706166732e-05,9.29757842723275e-07,0.00960092635784533,0.00541638342364358,9.0202100109194e-07,9.33530537646494e-05,1
"20110",0.233039098998814,0.412145851077211,0.226169625019527,0.122491156008366,0.00581050640446621,0.000343622614739571,1.3987687537289e-07,2
"20112",0.0043687197475104,0.353934477826108,0.0115713937039688,2.18507750560277e-05,0.237480373272628,0.392623168279364,1.63953654212466e-08,6
"20114",0.00773224728841257,1.40552607772021e-05,0.000451244940291503,0.0224586223302334,0.962604062137004,0.00673938598843176,3.82054850183561e-07,5
"20116",0.000691537529828166,3.50178742366238e-05,1.66113734213275e-06,0.00869760889011421,0.967434141711252,0.023126346945569,1.3685911658271e-05,5
"20118",0.372391930848831,0.000460880569373979,0.000197321665309824,0.0475017493629183,0.579187891960968,0.000259105686159122,1.11990644073816e-06,5
"20120",0.00217231719840951,0.00598221247939834,0.0309857764452047,0.000915313743135286,0.6583717061344,0.301572673086878,9.12574450259614e-10,5
"20122",0.000935924786703736,4.15635782820658e-07,1.05707805790841e-08,0.999035686378662,1.98191021275131e-05,3.65134168217087e-08,8.10701252683834e-06,4
"20124",1.50396768816195e-06,0.000962692900864337,0.00163969262037415,1.33456991948545e-09,0.351227898536772,0.646168118646744,9.19929881487222e-08,6
"20126",2.33011614288491e-07,3.408257311268e-05,0.995335985671137,7.88599616613766e-08,0.00138676285863909,0.00324280343729624,5.35882387650068e-08,3
"20128",8.87243110665674e-10,3.70501169074619e-05,0.184752528313492,2.72115422809564e-10,0.00104552157918269,0.814164898549786,2.81273376495257e-10,6
"20141",0.905520680563399,0.000164770094583917,0.0373259411592996,0.0552831391017459,0.00164398070698246,2.25820153339213e-07,6.12625538361872e-05,1
"20143",1.82323587011326e-05,1.45400265690826e-08,1.90111043353535e-09,0.99997708120546,6.09203187050895e-08,2.43171250924064e-09,4.60664267011441e-06,4
"20145",0.00176156909552567,0.00566313058958444,0.00344641613125152,3.79126978447381e-06,0.882854615588548,0.106270476712721,6.12585333899139e-10,5
"20147",0.000157887162505602,0.000277813689582805,4.89453589663624e-05,1.90238454772379e-06,0.953585336056128,0.0459281102345011,5.11376862474304e-09,5
"20149",0.00098114311024889,6.3866345820763e-07,2.26584197228439e-08,0.999012122068338,1.82381691132918e-06,4.69133078750725e-09,4.24499129294581e-06,4
"20151",0.944009536540519,0.000606581797749856,2.99311634973092e-06,0.0532947644579864,0.00208232217156112,1.77392880780401e-06,2.02798702620168e-06,1
"20153",0.359423107798613,0.00346457872037592,0.0109700008581565,0.623493664704779,0.00260046476118659,4.81571099002898e-05,2.60469886352392e-08,4
"20155",2.71359971615684e-05,0.0429769949492419,0.000103246666162336,3.40855176638894e-07,0.527568207320989,0.429324036989476,3.72217923120192e-08,5
"20157",0.559577882170491,6.53626407871325e-05,9.35063339771795e-06,0.439678532561155,0.000665933991337395,1.12448649800151e-06,1.81351633328444e-06,1
"20160",2.86454930350877e-05,2.08171323280524e-08,5.26195561311399e-09,0.999970545022298,1.51688888329034e-07,4.83401626857516e-09,6.26882673765223e-07,4
"20162",0.00439307031198573,3.74288997544905e-07,8.79694439845285e-09,0.995600601605755,9.77814719175824e-07,1.38012588804788e-09,4.96580147231309e-06,4
"20164",0.0467395686183738,0.000968997984257947,1.15408682617895e-05,0.952145912912399,0.000129429907962146,2.89448178889597e-06,1.65522695614689e-06,4
"20166",1.55002674958495e-05,5.20200637884035e-05,1.62737034472677e-06,0.000743513549662269,0.136354198520196,0.862706429191796,0.000126711036716991,6
"20168",4.49977408774076e-06,7.20243474093789e-06,6.57699113780218e-08,0.000471478186316565,0.000350586915279091,0.000901841261790323,0.998264325657874,7
"20170",0.733526364258238,0.000211716431742992,4.1606216543742e-05,0.262464284877544,0.0037543365583321,5.89153039251393e-07,1.10250455922654e-06,1
"20172",0.000277155531766033,0.0011708231874052,0.000578168668661722,1.05238586885259e-08,0.954286015451604,0.0436878182243271,8.41237722510457e-09,5
"20174",0.716640116856526,3.97987839696772e-05,1.94138369960552e-08,0.148287111237327,8.83860003821712e-05,1.23691732899103e-08,0.134944555338784,1
"20176",2.37957965912185e-05,9.95718181148918e-06,4.8307949649795e-09,2.37618568946214e-06,5.82502322224128e-05,1.18425361012896e-05,0.999893773236789,7
"20178",1.42084455724307e-05,2.45127271120163e-08,1.05286742098558e-08,0.999985344855934,1.19919119862826e-07,7.81589814154497e-09,2.83922074287534e-07,4
"20181",3.2206655742942e-05,1.16646353370767e-05,4.50164725968739e-06,0.00492532826559398,0.512518284559468,0.482507035681895,9.78554703457202e-07,5
"20183",0.936502851752525,0.00800518104940494,0.00135929136165739,6.41260599100856e-06,0.0541033737397949,2.01601816995277e-05,2.72930892735045e-06,1
"20186",0.6989095813427,0.171236578448123,0.0058106001970118,1.44630754326143e-07,0.119944766841236,0.000505884161655255,0.00359244437851976,1
"20188",0.000240546044663238,1.30748856256198e-07,1.44512842897714e-08,0.999758688886225,2.10588757692532e-07,4.3726190344841e-09,4.04907594539352e-07,4
"20190",5.15435518791494e-06,0.00013242556452388,8.03800279364113e-06,2.01674802334765e-07,0.219371814171978,0.780482351588342,1.46423722866289e-08,6
"20193",0.000103259222131352,0.000172745581942421,2.36339681374158e-07,0.977345318149183,0.000122028179925923,0.00122238738176603,0.0210340251453694,4
"20195",0.174697232929717,0.00403965541926725,1.28615305068228e-05,0.818618894260275,0.00258473051926697,4.48078418459592e-05,1.81749912145308e-06,4
"20197",0.000262869869965961,0.0180164847579948,0.000267374766340187,3.95086058370973e-08,0.844801548272642,0.13665164401774,3.88067116796268e-08,5
"20199",0.0778448935377148,6.4297220910802e-05,3.94275903643308e-06,0.922057776373135,2.83017521896686e-05,2.52575918262885e-08,7.63099422025739e-07,4
"20205",2.43407976631253e-06,0.000433621428103684,0.999494992070224,1.3079277789991e-09,2.15542063750444e-05,4.7396875061316e-05,3.25423634637248e-11,3
"20208",0.973354842331011,0.00309672314602045,6.83636274226935e-06,0.0107035905561085,0.0128029249457495,1.23054104305681e-05,2.27772479377184e-05,1
"20210",0.0153093642970017,1.93546119397093e-06,4.93935259162194e-08,0.98468231382547,4.33659206041133e-06,5.24885061016822e-09,1.99518189714324e-06,4
"20212",0.142800650279954,0.000296665729721626,2.68613648589506e-06,0.856506214022228,0.000388473673725862,1.84753272037571e-06,3.46262516435248e-06,4
"20216",0.00029383659017471,7.85846281210771e-05,2.26942057623711e-05,2.46110509568672e-05,0.940916143519745,0.0586640359929759,9.40122642660858e-08,5
"20219",0.00167146145032866,0.0108470350267641,0.723613591474989,4.13236785666214e-05,0.20036674591439,0.0634598408987096,1.55625205135629e-09,3
"20223",1.30672422901455e-07,0.00141483627076169,1.9956651931893e-05,9.52471300248183e-11,0.00756500275357314,0.990625704250924,0.000374369305138869,6
"20226",0.0232410849016151,0.973389294028142,0.000224723438076202,0.000118321864227329,0.00268280056773582,0.00034370114059728,7.4059606301065e-08,2
"20230",1.27095156018227e-06,4.33041029706035e-05,3.28976986080968e-05,1.51353455060749e-08,0.106818882618213,0.893103621420265,8.07303820631703e-09,6
"20233",0.000848127376566031,0.000125205368932988,0.999018504600984,6.8370931979825e-06,1.07616302825576e-06,7.82363278690621e-08,1.71160962795647e-07,3
"20235",2.47599238340313e-05,0.11799935395174,0.0229889891929271,2.67133579029934e-09,0.200058623128018,0.658807644984905,0.000120626147239702,6
"20239",0.00158462979858129,0.25236792313371,0.000325189635342967,8.0379267226962e-07,0.59070894889337,0.152764804563496,0.00224770018282705,5
"20254",1.58618000389394e-07,2.61537669839944e-05,0.994803755431316,1.47935911706619e-09,0.000360102939827716,0.00480982776343277,1.07933436911748e-12,3
"20256",5.07830977007355e-06,0.000253472547854148,0.000160483271508988,2.0160077528789e-09,0.823435103873346,0.176145673945107,1.86036406355918e-07,5
"20262",0.405323736263918,6.45220834476127e-05,2.59610965883791e-06,0.593593411729519,0.00101400289468784,3.67177558296974e-07,1.36374121049978e-06,4
"20270",0.0122927602752572,0.000645731017730564,1.53240652205425e-05,0.00499590156328469,0.501276784216025,0.477727573077057,0.0030459257854245,5
"20284",0.378028954461309,0.0553405128921086,0.550440361576375,1.24428447902805e-05,0.0157332720886462,0.000444297930454415,1.58206316795899e-07,3
"20287",6.51353388960917e-09,0.000315753867773304,6.76040734181392e-06,7.71419897805996e-11,0.00406363287620449,0.995613836903725,9.35427938557683e-09,6
"20290",0.000718879685904377,0.00231585903461147,0.996173959075425,9.85191920647771e-06,0.000445380517933384,0.000336069690592888,7.63265974450204e-11,3
"20293",0.00204668656058012,0.000100762289292897,0.000355772961472582,8.73109747327159e-07,0.995144152220605,0.00235167682415705,7.60341456035757e-08,5
"20296",0.230912484545169,0.000558644209074576,5.20891475942392e-08,0.708884046551094,0.0440766851483772,9.19759852538514e-05,0.0154761114718838,4
"20301",2.59796299954577e-09,3.59419830041958e-05,7.20706956032138e-06,5.17096594067947e-07,0.000492940173738925,0.999463389989689,1.08945026155882e-09,6
"20304",2.25311517257421e-06,2.4064966942834e-06,0.997483327367807,2.60804377043444e-08,0.00188881791515668,0.00062316900523682,1.94954632827297e-11,3
"20306",1.90202450062977e-06,0.000183079813609478,0.00118616580264465,4.38103721083246e-10,0.124229128934377,0.874399712891611,1.00951538034265e-08,6
"20309",0.0896941720948455,0.113828666333215,0.00264700724156525,6.71983501490577e-05,0.779625689285326,0.0141367374131015,5.29281797115815e-07,5
"20311",0.00105238012367942,0.000575336594535447,0.000550050570476848,0.000247797361978056,0.874031865863907,0.123541872284287,6.97201135784637e-07,5
"20314",0.95839425014534,0.000939043092072409,5.22247829017958e-05,0.0182143563644051,0.0223865875805684,1.32576442818481e-05,2.80390430932902e-07,1
"20318",6.51264980500193e-05,5.36384697647303e-08,2.95460714701477e-08,0.999922989040349,5.11927925494777e-06,1.50739011421447e-06,5.17460769070147e-06,4
"20320",0.395641270957858,0.599911933564805,0.00190136437044902,0.00118433602783079,0.00130318461694596,5.00845771643224e-05,7.82588494753471e-06,2
"20326",0.925098973788556,0.000405940276355829,0.000133064679912261,0.0430745298422709,0.0312681144749027,1.86670091325843e-05,7.09928869299454e-07,1
"20328",0.77220181472178,0.221603185143203,0.00214262182812697,7.37336056258709e-06,0.00402421859980568,1.7077301387358e-05,3.70904513501382e-06,1
"20330",7.10185687833724e-05,0.85675328320922,0.00263030748609487,4.42073668411546e-07,0.0306157532970982,0.10992880090986,3.94455274839761e-07,2
"20336",0.00584939994745166,0.00112684330883277,0.97408297616609,1.80742546910492e-07,0.0187246398989997,0.000215957864146374,2.07193261737372e-09,3
"20338",0.000236056628544929,0.00174581775555151,0.982865028350664,5.27773267529327e-05,0.0138290094027934,0.00127130934902726,1.18666616072595e-09,3
"20340",2.6189250138799e-07,7.92141492883359e-05,0.000182362994455688,9.14015749610018e-09,0.111731881616876,0.888006248730842,2.14758788418011e-08,6
"20342",5.85863437866243e-05,0.0223046732306184,0.975883379336197,0.000225180291324236,2.27533681266445e-05,0.00147514855072934,3.02788792176925e-05,3
"20344",0.000465480151777139,0.000245142761281559,0.000513122956114966,1.86819539871509e-07,0.799538750053777,0.199237158778305,1.5847920480796e-07,5
"20349",5.38660683880092e-06,4.29099691970021e-05,0.000121124406750575,1.77487191226643e-09,0.495367446723575,0.504463031636543,9.88822238595547e-08,6
"20351",0.00376598691395911,0.00172260085277289,0.0037868489763976,0.000100762996317444,0.98345476272023,0.00716889769060962,1.39849712743343e-07,5
"20353",4.24878411901748e-05,0.669314208320818,0.0200229492772517,1.98814809883027e-08,0.0519707407601642,0.258649588397133,5.52196145404412e-09,2
"20357",1.12242074729354e-06,0.00148984562771126,0.997609589866006,8.35597233207908e-11,6.67231752583947e-05,0.0008327187885463,3.81715340747665e-11,3
"20360",2.71871098934217e-05,0.727005851176643,0.263032454453002,4.64874247268001e-07,0.000602991918407533,0.00911696188408086,0.00021408858372525,2
"20364",0.0122956625934861,0.303434859365997,0.00231571653183907,7.22126851142405e-06,0.571813358863591,0.110133166930087,1.44464883086196e-08,5
"20366",0.00155872359060153,0.000249289924444929,0.996733698250616,2.87578522748258e-06,0.00143593409833649,1.94767356752299e-05,1.61509823156823e-09,3
"20381",0.00275206797899665,4.72140844485645e-06,7.77540232179298e-08,0.0121422360550421,4.64078195226772e-06,1.09124525391698e-08,0.985096245109088,7
"20391",0.0110509040740153,0.586900549288718,0.0140195252277066,1.46629542136434e-08,0.158926391408254,0.0234147386982098,0.205687876640142,2
"20394",0.970465533634088,0.0258302062360992,1.89181889983133e-06,0.000646367318618013,0.00140502020401929,6.79070172582171e-07,0.00165030171810259,1
"20396",0.29223641974277,8.23629456576056e-05,9.34486769965141e-09,0.00801110899298288,8.40911718974128e-06,2.5050814287297e-09,0.69966168735145,7
"20409",0.0743492326396639,9.47581299876168e-05,0.00050645562676592,0.101385059750414,0.807280750697377,0.0163814485308325,2.29462495913534e-06,5
"20411",5.12025890142214e-05,0.0258680895352608,0.139254228161441,1.22170460054765e-09,0.53448610486497,0.300340368732938,4.89467170694179e-09,5
"20416",2.99436573039305e-09,9.26694769294997e-05,0.783759727201942,1.03522424369455e-11,0.000797257316464784,0.215350342939831,6.01150196132635e-11,3
"20418",0.211435335547418,9.45962587205834e-06,4.70254539641864e-09,0.0412195153204488,7.89593612368886e-06,2.06428865737708e-09,0.747327786803303,7
"20420",0.00888868741376254,0.000411826713082632,0.990589883932506,6.50950894873147e-05,4.40281932855118e-05,2.77762306350218e-07,2.00895569778304e-07,3
"20422",7.29040804201276e-05,0.0223626058754944,0.000108676063389807,2.48993305607046e-05,0.0692189974564052,0.90821190250098,1.46927492624161e-08,6
"20424",3.46410674572619e-05,0.0890345698385504,0.0455348176647578,4.53631852869555e-09,0.41504932213419,0.45034664253153,2.22719601650102e-09,6
"20426",3.28501333917125e-06,1.9441190969402e-05,0.999911199184729,6.22874860654806e-05,3.21540102407228e-07,3.46546291788368e-06,1.21876801893225e-10,3
"20428",0.00516996005599287,0.0500159680367094,3.76890155530639e-06,2.77582338314769e-06,0.932169963288404,0.0118830838657702,0.000754480028185268,5
"20431",0.561867154187315,0.309252214314307,0.00502682006687029,0.0958374725053867,0.0253382013320126,0.00267727646875894,8.61125349361284e-07,1
"20433",8.08448189446193e-08,0.000150643311005811,1.4524412719719e-06,1.80690091571843e-09,0.0149961594417827,0.984807605227858,4.4056926361771e-05,6
"20436",8.52256913885835e-06,2.466280872514e-05,3.58975141853715e-08,3.56423448708649e-06,0.00251530695962013,0.000942097251228774,0.996505810279286,7
"20439",0.630971665971884,4.84708972061269e-05,1.53268697009526e-08,0.149534548545527,3.85439304492479e-05,9.28069225102984e-09,0.219406746047372,1
"20441",1.18326355929121e-05,0.00773115727423175,0.991855541785284,6.85682394141534e-08,0.000230941469779271,0.000170458163982993,1.0288923966089e-10,3
"20444",0.000129775142339076,4.22720680460321e-08,3.70368706649587e-09,0.999868715869113,1.57091900369704e-07,1.63110367713387e-09,1.30428978902957e-06,4
"20448",0.800836976481556,8.51814371639476e-05,0.00141499355026432,0.142206882886464,0.0551592281993664,0.000159986860135206,0.000136750585049934,1
"20536",0.184044882250769,0.00628283154064012,3.40547332720796e-07,6.19116108962256e-06,0.00164154826444802,9.19089229213377e-07,0.808023287146491,7
"20538",0.00942621244050101,0.000118186267541911,0.523265443106823,3.49247552059216e-07,0.464925305137154,0.00226257062146252,1.93317896601229e-06,3
"20541",3.24561899335814e-07,0.0013723822207971,0.0223145755290377,1.34315791703272e-09,0.0354601760933141,0.940852540235382,1.64121250430117e-11,6
"20544",0.152793645653316,0.00100057795836423,0.000339754858444537,0.00122706865148884,0.843979966898318,0.00065834473365508,6.41246413065124e-07,5
"20546",0.000260709771236481,0.0112610846915073,0.00726061579904856,5.89488283079163e-09,0.664252686843081,0.316964892153218,4.84702580465768e-09,5
"20550",0.00155236333283251,0.994746934868854,0.000188713821242372,6.04970376340144e-05,0.00251888139504862,0.000932162600670653,4.46943718278728e-07,2
"20553",5.94577306185398e-10,2.62832803885923e-06,0.527921431390944,1.24200809386009e-07,0.000167548366711997,0.471908266768906,3.50011924514949e-10,3
"20555",0.000495995992478254,0.002048370748442,0.997452272796648,2.52442256584756e-08,2.84108245591707e-06,3.98256020764398e-07,9.58797298236356e-08,3
"20557",0.0119697275581114,0.96146103886882,0.0152497033625583,0.000224139202892778,0.00957075539013993,0.0015246258141741,9.80330302403864e-09,2
"20559",6.22711164168007e-05,0.00025974191117876,3.97536489268598e-05,1.15559514555233e-06,0.753814501626308,0.245822573972641,2.12938235364261e-09,5
"20561",0.68707572832663,0.000527918616159324,4.2693711818786e-05,0.294276317812117,0.0180706616289779,3.57580309903073e-06,3.10410119833287e-06,1
"20564",1.42084455724307e-05,2.45127271120163e-08,1.05286742098558e-08,0.999985344855934,1.19919119862826e-07,7.81589814154497e-09,2.83922074287534e-07,4
"20566",0.023645511134696,0.1270894742819,3.21884534519175e-06,5.04491034570738e-05,0.795887835081055,0.0532957461539731,2.7765399573555e-05,5
"20569",0.930196280859896,4.43416061489217e-05,1.07880980702998e-07,0.0694191674114546,0.000119349328975135,3.31879040846167e-08,0.000220719724640424,1
"20572",0.0949792140033092,2.57190348390612e-06,1.4622872660125e-08,0.904481040019845,4.95325225451897e-05,4.40819268211715e-08,0.00048758284601788,4
"20574",4.39171834728368e-05,0.00201701230145579,0.00173171071136496,2.65127996849325e-06,0.38221723552335,0.613987472656276,3.44112627545129e-10,6
"20576",0.000104629550518652,1.12670562674335e-07,3.73484967120837e-08,0.999892653566633,2.33136069458451e-06,2.44653364402672e-08,2.11037758406377e-07,4
"20578",0.016720493121749,0.00688085563075051,0.000134911348550448,0.00116016273447949,0.970531455754125,0.00457193501083052,1.86399515007061e-07,5
"20580",0.0299979416330232,0.000937373081932194,1.7002642458745e-05,1.56112578797855e-05,0.957782835218744,0.0112450342040011,4.20196196108768e-06,5
"20583",5.14635095572479e-05,6.89467680360828e-08,2.70491328925357e-08,0.999946897508312,1.31487201345124e-06,2.17053476609003e-08,2.06408868678201e-07,4
"20586",0.0126127426002119,0.000878341413719493,0.000661306520415256,5.67444603751939e-07,0.973538639073669,0.0123082102727642,1.92674615882456e-07,5
"20589",3.17544060587933e-06,0.00516051333628281,0.000100238782318563,4.54312000180922e-10,0.379142798311121,0.615593185438923,8.82364368112516e-08,6
"20591",0.0994667010268527,0.822088355631785,0.0740212543402808,1.96094026956388e-06,0.00438399079367278,2.9031247213966e-05,8.70601992500593e-06,2
"20593",1.51824502526694e-09,3.86034295307926e-05,2.85089924565873e-06,1.34277187715326e-09,0.00433502596280462,0.995623516035147,8.12254897666621e-10,6
"20595",0.000430837886819463,9.4609206725035e-05,0.000105210150156785,1.48018277066336e-05,0.968082339806087,0.031272189579985,1.15425200986461e-08,5
"20597",0.000770334913874262,8.66049787774806e-07,4.77345126008684e-10,1.9165636181381e-06,3.86087913118104e-07,5.89446725257611e-10,0.999226495318015,7
"20599",2.42816231932201e-05,1.4774674521422e-08,5.51747390402172e-09,0.999974985075901,1.8800664860741e-07,8.92075584690721e-09,5.16081353267263e-07,4
"20601",0.971099366246245,0.0253882128833958,3.56317064077099e-05,0.000165103055279613,0.00330799639216092,1.22165458983105e-06,2.46806192090476e-06,1
"20604",9.96644701719372e-07,2.62667323120853e-05,2.26136543507613e-05,4.86530609703795e-07,0.127244471389581,0.872705164125004,9.23441129596241e-10,6
"20606",6.22883601363459e-07,0.00037075827590195,2.12843880788343e-05,7.88191624381227e-09,0.0824477446743328,0.91715958068847,1.20769839611521e-09,6
"20608",0.000101762662651527,0.0326563561715295,5.26975297654166e-06,1.91649660370622e-07,0.497720942169279,0.469514147355644,1.33023825853485e-06,5
"20610",0.000734926544633576,6.10825349038728e-06,2.13878084196418e-07,0.999247903685904,1.03063233865285e-05,2.05478595015027e-07,3.35835906601631e-07,4
"20612",0.00045960896169847,0.000187683620254171,0.105033316002512,0.000751608835021856,0.0716464909870148,0.0963848032483719,0.725536488345127,7
"20614",0.00718399879848824,9.94570228917983e-06,1.6717403957341e-07,0.99280290665686,2.64886245580647e-06,1.21198671525622e-08,3.2068599992913e-07,4
"20616",0.961492499188946,0.00114600246043354,9.92196415820891e-05,0.000337493711590392,0.0368438248311984,5.40977439331708e-05,2.68624223169124e-05,1
