"","V1","V2","V3","V4","V5","V6","V7","V8","V9","V10","best$classification"
"19812",0.000297452930145748,0.0368608725760309,0.029650515298066,0.70536596748098,6.84805273423081e-06,0.00180108737117304,0.22582759960734,5.0248458743246e-08,6.16153870387927e-05,0.000127991048033292,4
"19814",1.11811916584613e-05,0.000399724469053316,0.923022167621914,0.0663906348430395,9.20935598236165e-08,0.000156331524702403,0.00986278962913506,0.000154867642670293,8.9923614022469e-07,1.31174812685029e-06,3
"19816",0.159621988449938,0.0035581036918741,0.000579883069899481,0.0034123781911495,1.85851813944818e-05,0.354817872543137,0.477980795965886,8.00620488778252e-08,3.68465240130657e-09,1.03091600198143e-05,7
"19818",0.000184301738445309,8.19553634292097e-05,0.514011804663914,0.0301001617249531,1.65350969311101e-06,0.0099231022818138,0.444819671064616,0.000871049660311557,1.3990115868133e-06,4.90098123726944e-06,3
"19820",0.947055001950766,5.96248895584083e-06,1.52478681396995e-09,1.14606801286628e-09,6.79142316401147e-09,0.0520554663643856,0.00063115445469484,5.41665780560957e-11,1.87865929032252e-10,0.000252405036886568,1
"19822",0.926158845152999,0.00251851070236349,1.51121785984548e-07,1.56130041955808e-08,1.95150007588984e-07,0.00779836657047673,0.000513671226827929,1.979148433131e-07,3.57616795983229e-06,0.0630064703797317,1
"19824",0.00494210052385292,1.08757689276051e-07,2.3331213705508e-05,1.42678979346146e-06,1.08674161683542e-05,0.990848844643035,0.00409657937593408,7.12228623982975e-05,1.68273880551217e-08,5.50159003450938e-06,6
"19826",0.000744287664277745,0.0972659601665729,0.0247672261052322,0.843709789256601,0.00202335349612052,0.00360689594989271,0.0278792431823877,1.94320121581398e-06,5.6497848010593e-07,7.35999218947747e-07,4
"19828",0.27634169968289,3.2731497589138e-05,8.98633252057623e-05,1.25981797765203e-05,4.10881515859705e-08,0.515694014720039,0.20569331867708,2.31850875430528e-07,9.92710578513227e-08,0.00213540170733421,6
"19830",1.83626287658346e-06,0.112495940992533,0.0759303007236778,0.782284104811607,0.000226668715945933,2.01677004027355e-06,0.0263597582758958,1.30552871315874e-05,0.00268021588162628,6.10227866528056e-06,4
"19832",0.00776583834490922,0.0406512198444857,0.0118947170774456,0.0592556418694952,5.11429741034752e-07,0.0261248651698342,0.0481019817341131,6.86553950382074e-08,0.0270173491844802,0.779187806690101,10
"19834",0.16827017613404,0.381227162379439,0.00871076541220048,0.00052277173465118,9.40476779621167e-08,0.00177198646657429,0.432080629283567,9.64037300684595e-06,6.40862149872009e-06,0.007400365547344,7
"19836",0.000404853040294124,0.000845753374786873,0.000562364613192257,0.230259814437802,0.00849936311735261,0.041024196455551,0.718386433319982,2.32325104901898e-08,1.21693494333112e-05,5.02905909516417e-06,7
"19838",1.91183661508556e-07,0.00115415270623149,0.654123711359925,0.343863314186456,2.50502282176278e-07,2.08008243472348e-06,0.000745228190757362,3.47695975329608e-05,7.45160161205025e-05,1.78617459748269e-06,3
"19840",0.101872992037235,0.539783381061917,0.00152237364736808,0.0199491414949835,0.000358460422880086,0.00503404866483276,0.331473502535769,4.13163306959036e-07,3.25758831232551e-08,5.65439582426989e-06,2
"19842",2.26142726059896e-08,0.00052998438464287,0.000585847408272004,0.630856574237302,0.367996211435696,3.79280404701284e-07,2.67515460409465e-05,1.68607746393293e-06,2.5425997181751e-06,4.16185836728878e-10,4
"19844",9.62304176191362e-08,1.87904615652682e-08,6.06078392542961e-05,3.66835483197761e-08,3.18821472963121e-06,9.249738186217e-07,5.2294605271153e-08,0.999935070858722,3.86342928523173e-09,2.51013490630583e-10,8
"19846",3.28465201097573e-09,4.5045881310176e-06,0.667687054278985,0.312225522508918,0.000326268284973849,3.42216301993025e-06,9.99842752766758e-05,0.0196516214348342,1.61888290201068e-06,2.98307254727341e-10,3
"19848",6.90059908502527e-09,1.21572883078305e-05,0.828730000743731,0.166973774553817,9.81764611713777e-06,2.57718840210704e-06,0.000118036739070622,0.00415165821943924,1.96880528653676e-06,1.91522862695145e-09,3
"19850",2.72520289379034e-07,4.46391802806669e-05,0.959708041547066,0.0205966651213884,1.36017203217524e-06,2.1335381520222e-05,9.74175114401186e-05,0.0195295250074829,7.1780722428924e-07,2.57512758803411e-08,3
"19852",0.0031064293349681,0.000459642066449863,0.0160964344532167,0.00192715938923271,3.23060108423458e-07,0.0270571034570547,0.951326407234459,7.46606752366184e-06,2.97183300239437e-07,1.87377536860451e-05,7
"19854",1.420685289081e-08,5.46846589259679e-05,0.690576261137999,0.308799771026331,2.28834913456192e-06,1.32202205108818e-06,0.000227650502433684,0.000334132853569464,3.86487296835935e-06,1.03697331871285e-08,3
"19856",3.78744559012905e-05,0.000670193020636529,0.112151271162316,0.000829639582125281,5.91920183511799e-05,0.000225077002706443,2.25343079252025e-05,0.886001781408027,1.71714441089351e-06,7.19897600249568e-07,8
"19858",0.000992223737055464,3.35518548746579e-05,0.0144219551385675,1.14918623917439e-05,7.33921304074877e-06,0.0176549039280429,0.000706539858780285,0.966149650323533,3.31478025700034e-06,1.9029303457015e-05,8
"19860",0.0193432482886501,0.0952517851540678,0.0550728235790425,0.0654826425820172,3.0786619430271e-06,0.0111573710424329,0.753640577154493,1.79769170356755e-06,3.70002984138256e-07,4.63058426659258e-05,7
"19862",1.16266102737101e-09,1.0558083620883e-05,0.125897561964428,0.872771618745285,0.000877910645968811,5.84296915371286e-07,5.76046325067531e-05,0.000381697846702039,2.46244090683803e-06,1.81005453909049e-10,4
"19864",6.29638257879275e-08,3.32758769294343e-08,1.04266716925117e-08,3.64767254945182e-06,0.999989124865615,1.94935310855975e-06,4.5416614085127e-06,4.50617757671855e-07,1.78994483384444e-07,1.68702607494355e-10,5
"19866",0.230687204675285,0.026896348025479,2.03173150818705e-05,0.00123193595227336,0.0293684203755638,0.0918357797711622,0.619952443912921,1.77934626437367e-07,7.13522216093254e-08,7.30068538609668e-06,7
"19868",1.24810665207393e-06,0.00252242978124531,1.37412253481134e-05,1.12931748684956e-06,1.88679336699529e-08,3.50879273784418e-09,5.83188780178024e-07,7.4956436234357e-06,0.966052663792812,0.0314006865673259,9
"19870",3.61835785164582e-07,2.39045759381326e-05,0.360850660495613,0.607266674678681,0.000151806275892324,0.000113833488385278,0.0311933444695572,0.000390463429041632,8.90416579461162e-06,4.65853116562215e-08,4
"19873",0.000214507776963883,0.000525393489304783,0.162522278893692,0.370647633955163,0.000326866636569132,0.00997774422140816,0.455684450869007,9.94118392786526e-05,8.28406105765561e-07,8.8391250794556e-07,7
"19875",0.827424983444127,0.0184810512774614,8.74752288030119e-05,0.000294289514945603,1.10029248428493e-07,0.0769272595955457,0.0746116855998922,2.03914304447448e-09,5.11216259736146e-08,0.0021730921492075,1
"19877",1.80073517975596e-05,0.0029972312519685,0.497316738791492,0.132846087565455,1.04741915172078e-05,0.000268893341922296,0.366251603902337,0.000276576232510384,1.3395192811166e-05,9.92178189244189e-07,3
"19879",0.000403381382573395,0.000745050990818557,0.0206203246626126,0.00260131110474637,2.64921255754962e-06,0.00243327699374114,0.97308976993049,7.34646345859821e-05,9.39882177705558e-06,2.13722660974837e-05,7
"19881",6.48941049016078e-05,0.00335670624388058,0.112916739402166,0.853115260785976,0.00556116925281618,0.00723761124019591,0.0175914819464908,0.000152678570582003,3.02034201679679e-06,4.38110974802399e-07,4
"19883",5.13892758930353e-06,0.000353309818584039,0.00534489134502987,0.961482917057796,0.0280510180587173,0.000572973474137264,0.0041873527013715,2.18378021248863e-06,2.04359956173908e-07,1.04766064030993e-08,4
"19899",0.00264759725585131,0.431013943188055,0.000711597078463103,0.00476622519277323,3.37086875250693e-05,8.96192850399822e-05,0.560649833641329,1.88836360947935e-07,3.49031197281504e-05,5.23837148739055e-05,7
"19908",0.00680214907820528,0.933010626849505,1.74364070708134e-05,4.05876094208217e-05,0.0536045595844446,7.12943300993535e-06,0.00561994099609802,0.000281272041234683,0.000512558217133068,0.000103739783877831,2
"19910",0.000393172115588746,6.83952689448524e-05,0.0125523213864599,0.0116378132526564,7.24390476257807e-06,0.0368706911100876,0.938463336957975,4.19999568431251e-06,4.09883384063987e-07,2.41612445694306e-06,7
"19912",3.43189312495549e-08,0.00260754798459643,0.0088315835956742,0.916921580425713,0.0715416487172832,2.47001130781448e-07,4.50804716952356e-05,4.98369181699308e-05,2.43994405780787e-06,6.22748188964621e-10,4
"19914",0.00270085608268518,0.175261063234521,0.0532926136662897,0.0134367098515672,6.10757089391832e-06,0.00174745519460516,0.753108205428329,4.44626052156561e-05,0.000104834754654305,0.00029769161123849,7
"19916",0.0229033558633664,3.08786268265471e-05,3.33777921804853e-06,1.34142278745211e-05,0.273532981491459,0.696052984383294,0.00737566590641685,8.28855208745776e-05,7.06810660321549e-07,3.78939000995796e-06,6
"19918",3.83153754420142e-07,1.62978324740028e-05,0.804374375330075,0.173853655799329,0.000250549877522137,0.00027070936192502,0.00283184033522413,0.0184019790826103,2.07088539895168e-07,2.13854584308156e-09,3
"19920",8.86040735199034e-08,4.25472999546262e-05,0.677020010386064,0.00352055897986043,2.63163611288539e-06,1.40737646127699e-06,7.47630762768727e-05,0.319337904783748,8.69873907815301e-08,8.70057660010239e-10,3
"19922",6.64544975916795e-05,3.91507629600126e-05,0.022064588772136,0.0588463465169255,3.29194513617323e-07,0.0105314598819437,0.0420553974125353,5.73915888085275e-07,0.550783885910214,0.315611813135292,9
"19924",5.88036700817061e-05,0.0023030723702194,0.766021945488281,0.0577361321477469,1.68138538022356e-05,0.000577294543057273,0.169195741022682,0.00408834568940146,1.4786846302312e-06,3.72530097672922e-07,3
"19926",0.00425150650739668,0.273758137259522,0.000197190597624302,0.0402384172282669,0.00124494840334778,0.00326478055092122,0.675918206318077,8.33215664540703e-09,0.000601692539766444,0.000525112262920396,7
"19928",8.73337764957653e-11,8.08326574356714e-09,2.01388659902842e-09,1.47634093428898e-06,0.99999806733909,4.66594670801657e-09,2.07090518330896e-09,3.05908861359717e-07,1.33488169119079e-07,1.60711983601185e-12,5
"19930",1.75282022770202e-06,9.63049360469801e-05,0.31544984874203,0.64962291584708,4.53037264444724e-06,0.000342885221159266,0.0344618534683812,1.08306251111865e-05,8.45560057424989e-06,6.22366745088999e-07,4
"19932",4.50112478069724e-08,8.81832496197041e-05,0.700584830072732,0.298628808140026,6.09661749806425e-07,3.64160430695293e-06,0.000586527908105965,9.74783198856709e-05,9.79546110590589e-06,8.05712199019928e-08,3
"19934",0.518181430343961,0.0349680745275591,0.0198035270552943,0.0013906313857505,1.55562830081894e-07,0.255314147140529,0.158079336802373,1.30977388872551e-05,1.85975375643429e-06,0.0122477396890587,1
"19936",0.00031982705674219,0.102387834552753,0.397384460296553,0.320432862507845,3.08250365809632e-06,0.000647148505674432,0.178589863816642,1.44055170063671e-05,0.000138949526711514,8.15657164144589e-05,3
"19938",0.885795550145752,0.0501886180575657,2.73898861261579e-05,2.66350967776096e-06,4.8625332495977e-06,0.0259825861376437,0.0356074697277272,7.43824184916088e-06,1.81502037102228e-06,0.00238160674003748,1
"19940",9.33033930520939e-05,3.82409397594313e-05,0.0245895219258709,0.225989086666019,0.00283078440696585,0.0659299966221047,0.680502105286992,2.56419748974469e-05,1.02652691125452e-06,2.9225742754608e-07,7
"19942",6.15190747403427e-09,1.709581705342e-06,1.47249924663522e-08,2.70275330220221e-05,0.999971101258284,4.19070375503479e-08,4.58563151736131e-08,4.68526273817606e-08,6.13122733492255e-09,2.88159979308785e-12,5
"19944",0.0051133939566528,0.00195137447494759,0.00302099679713766,0.0162695472134251,0.000103003366691105,0.145209918127396,0.828323775934141,6.94824749165131e-07,4.17327026536583e-07,6.87797783273694e-06,7
"19946",0.000711157713357534,0.00180831617417734,0.399099347699725,0.0219267280933937,1.25187043832207e-05,0.0157140892540128,0.558686313100647,0.00203403822340328,2.45231378933994e-06,5.03872311077486e-06,7
"19948",1.81061474031186e-09,1.7937950204028e-08,1.73283400476562e-07,0.000196426797565288,0.999802144809604,6.76909858934459e-07,2.14947841992232e-07,3.38060553507384e-07,5.44091026659748e-09,1.70012969931458e-12,5
"19950",2.41882873169853e-09,3.16486716306216e-07,0.0369103704952635,1.47492041090542e-05,4.89609437442202e-08,4.07669906276966e-08,6.85060731231064e-07,0.963073565996239,2.19819044954643e-07,7.91132595971532e-10,8
"19952",1.81061474031186e-09,1.7937950204028e-08,1.73283400476562e-07,0.000196426797565288,0.999802144809604,6.76909858934459e-07,2.14947841992232e-07,3.38060553507384e-07,5.44091026659748e-09,1.70012969931458e-12,5
"19954",2.08260535430278e-07,4.97197656488978e-05,0.508143292802842,0.484978962792075,3.69063613869342e-06,4.01613015983552e-05,0.00672062235043352,5.89038573236287e-05,4.36877837048718e-06,6.9455034023202e-08,3
"19956",2.59305287042859e-07,0.261223587196021,0.249020740189118,0.0352221323153235,0.0031548407959675,2.65467248513665e-08,3.75114516232471e-05,0.449508572655878,0.0018321577029005,1.71841156077502e-07,8
"19958",4.06304206150464e-08,2.51809902906109e-08,0.000114840658440298,7.00287570464923e-06,7.15062475589531e-09,9.0166382136969e-06,5.32753194997062e-06,9.62194739860985e-06,0.991245992183114,0.00860812520314251,9
"19962",0.00583422341924764,0.012772561126652,0.792242953643994,0.0212786208202693,4.98324576178208e-05,0.112743257970247,0.0153844081299023,0.0391835324551434,9.27231476921384e-05,0.000417886829234869,3
"19964",7.39193627151382e-05,3.25819756975125e-05,0.176368979666937,0.218754362457327,0.00529356634796704,0.13746378020767,0.459647326319156,0.00234715823551636,1.75129618974795e-05,8.12465116137359e-07,7
"19966",0.749751140846283,0.0124149282651868,2.86371220748167e-07,5.0334291187665e-05,0.0089498914761585,0.197578696280392,0.0311871131292294,3.11675452341642e-09,9.87057999077248e-08,6.75075177874101e-05,1
"19969",1.49453836303326e-06,0.00204738423516871,0.0267316249039078,0.968249957600403,0.00062811428593437,1.99433053135378e-05,0.00231758171434229,3.23645562427147e-06,6.38226305876801e-07,2.47346366818695e-08,4
"19972",9.04448084199735e-07,2.80665046313115e-05,0.308568328547884,0.495732786635183,0.0565056169674121,0.000371333577513714,0.101756665893224,0.0370045542006624,3.17269740440043e-05,1.62513600067447e-08,4
"19974",5.78532460124616e-10,1.21062455733328e-06,0.138758555638371,0.0333408520051356,0.0092900336012293,2.6263954452738e-07,1.07587241852013e-05,0.818597327352131,9.98823399139908e-07,1.29146249411178e-11,8
"19976",5.47453471838319e-05,0.000641595755542229,0.522310162065936,0.0283712699199656,2.29307051142988e-05,0.000981378497672596,0.441502162110857,0.00611315341848483,2.20439111558372e-06,3.97788127501223e-07,3
"19978",0.00335785156765316,6.28400942102229e-05,0.0089868222462827,0.0088344260160168,6.63699151539768e-05,0.339320447372386,0.639355847885659,1.47066083868505e-05,2.39542714487815e-08,6.64339979576042e-07,7
"19980",4.43808301760737e-09,8.55670477879956e-06,0.954382779961638,0.0307356634836132,8.01286231210856e-07,4.79344109821094e-07,4.80627649836573e-05,0.0148218854509577,1.76401965305138e-06,2.54595113424249e-09,3
"19982",2.08923983026296e-06,0.000616895579147464,0.764016567617377,0.00257211727104429,7.74958064451983e-07,3.88202483436925e-06,0.000206037396500746,0.232573101641694,8.20930621753689e-06,3.24965289900446e-07,3
"19984",1.08445273112683e-07,4.19770820753307e-07,0.00368056523485713,1.75628914231749e-06,5.37896473062655e-07,1.66808691350917e-06,7.79494193705509e-07,0.996314152738807,1.12263492450725e-08,8.17170327093842e-10,8
"19986",0.972663145310998,0.000537422035778659,6.52138016960241e-09,1.72689585723388e-08,1.56453200095178e-07,0.0146387404387734,0.011424975036438,9.65990479303318e-11,8.63081424758105e-09,0.000735528207059897,1
"19988",0.991754272380496,2.1297453701007e-05,3.69919243806096e-10,1.57757424229536e-10,1.89477474010254e-09,0.00629360202041516,0.000709260822751483,2.73281494988827e-11,1.33831296281235e-09,0.00122156353454403,1
"19992",0.996515072229277,0.000717797179201539,3.12752397154355e-08,1.31523180472732e-09,5.63127542582749e-10,0.00173047462601239,0.000447713795696296,2.08761158697356e-09,7.21415499152577e-10,0.000588906207186595,1
"19994",2.87219131689947e-06,0.000461465050440452,0.180293496999905,0.755673253955106,2.93993216470807e-06,0.000207478520707514,0.0633244542709308,1.73075121224737e-06,2.99354208507218e-05,2.37290736558218e-06,4
"19996",0.954447182206005,3.98820497858448e-05,2.34653998750734e-07,1.46069749821009e-08,1.13592224897091e-09,0.0376780577762779,0.00750346809290781,3.7553619090424e-09,3.67522092225998e-10,0.000331155355243359,1
"19998",0.0025329037700834,0.575519163482894,0.0123006088494771,0.0867724130909819,0.31606575420094,0.00199396556725664,0.00305300827901755,0.00175020072940494,8.89393457568825e-06,3.08809536873991e-06,2
"20000",6.54888134074073e-07,0.346880841116667,0.0384665755924778,0.530113525560591,0.00028506016433698,2.51055817920822e-07,0.000221464112154829,2.3078891528515e-05,0.0839291434495593,7.94051687334855e-05,4
"20003",1.86294629674209e-05,0.00352787870983539,0.0105227737101284,0.944591446409718,3.267733173767e-05,0.000541888431109046,0.0407252103959101,2.43771529680537e-08,3.06898903976014e-05,8.78128104364867e-06,4
"20005",3.20862362316101e-09,1.31122539836209e-05,0.620384566380522,0.372961645378077,0.000158919847155143,1.032169592336e-06,0.000279513716499225,0.00619881607009594,2.39061651617931e-06,3.58935213995616e-10,3
"20007",0.00792758674457656,0.0222760053534683,0.00777543735071767,0.000795444857100509,4.14722182659165e-07,0.000717453614118683,0.960367338002684,1.17952708154903e-05,2.61538517236272e-06,0.000125908699163819,7
"20009",0.102322290463947,0.000133228468003283,2.66236732043908e-05,6.06988902556468e-06,0.000130356997843979,0.892031901671286,0.00500787329626668,4.28821969558453e-05,8.7895233224985e-07,0.000297894391134863,6
"20011",1.21757174213663e-05,0.000216344528241406,0.170055076655622,0.350327682402844,0.00675603383649944,0.000804719519435172,0.469575218249559,0.00224146625761228,1.11555072257666e-05,1.27325539442438e-07,7
"20013",2.5280352114307e-06,0.00515831290418418,0.970115719569021,0.0148933663854749,3.9759191563111e-07,3.0428228441561e-06,0.00315902541775016,0.00666612349242942,1.35147110124295e-06,1.32310068337653e-07,3
"20016",0.934564302672336,0.000545953047299721,6.73758221443891e-07,2.76721577727886e-08,3.86340957615002e-07,0.0245772202722651,0.030328399279989,1.35258003672499e-06,1.06823319745792e-06,0.00998061614353889,1
"20018",0.00324737559725484,5.3694647054958e-07,1.52284259355791e-11,1.24259499668494e-11,9.36042622714115e-10,6.22091340887521e-05,3.37645792119838e-07,2.28968232312672e-11,0.000203443238349034,0.996486096451451,10
"20021",0.0403092494358181,0.000108850427177159,9.24556348720004e-05,0.00114330946483848,8.06587046571888e-07,0.719851923704765,0.237714170746647,1.56672995067618e-09,3.34810450653486e-07,0.000778897621654831,6
"20023",0.0716571598730125,0.0361991025834697,0.00736800355943817,0.00214538736849208,4.22861101267474e-06,0.154279810355067,0.727553126793696,6.37519514437168e-06,7.47088218134625e-06,0.000779334778486529,7
"20025",0.153376788748063,4.34306607662871e-05,9.1814432634158e-08,1.2526007241871e-07,1.21718782289091e-07,0.0183768776963326,0.00376034780521926,2.22373308716914e-09,0.000376423010219631,0.824065791062379,10
"20027",1.32217877999298e-07,0.00254703520631499,0.00190340755855582,0.975243136583156,0.0192991810170109,1.08124656229203e-06,0.00100162247580594,3.58087953817414e-07,4.0424939228374e-06,3.11283956648717e-09,4
"20029",7.84755951655063e-08,0.000371555716266851,0.294982811164636,0.70146907677281,0.00110439071721813,2.61443144184145e-06,0.000278041804335534,0.00179126074408655,1.69736002698869e-07,4.37607537421375e-10,4
"20032",5.10888801969609e-08,0.000100541217445897,0.00860231186721935,0.990456472251428,0.000157827074845145,8.2837369730119e-06,0.000667414279472537,1.85933745951683e-07,6.88874216088987e-06,2.38078284808313e-08,4
"20034",6.86399276215346e-09,7.10267227276511e-08,4.11322973203991e-07,0.00132799720004325,0.998662087757792,5.24387041705358e-06,4.07392609172961e-06,4.69108151963416e-08,6.10990019986694e-08,2.21501191758007e-11,5
"20036",0.000376424414653223,0.985105786830466,0.0116403759694527,0.000914829242684537,2.41924714150319e-05,4.39692942700147e-06,8.20410418849113e-05,0.0018492331627065,1.07259545171942e-06,1.64734185830787e-06,2
"20038",0.84152283259146,0.0565220095644449,8.72750047425948e-07,8.44166017924024e-06,3.62904122981825e-08,0.00513173069174208,0.0755136353282494,2.92787231738729e-11,6.14509075888161e-07,0.0212998265851105,1
"20040",0.175555539294843,3.79398395461883e-06,5.71217227492495e-08,3.93185702032788e-08,0.000147443688159475,0.804592806958642,0.00750267220718643,9.88163564555611e-07,4.20521308682261e-05,0.0121546071324892,6
"20043",0.850398710601855,0.00396671919018518,0.000171378696939925,7.47565352111102e-05,9.22564570155408e-09,0.120344821036774,0.0182202498896201,1.42476934069114e-08,4.43666032905014e-08,0.00682329620947216,1
"20045",0.928276678948021,4.37058676104531e-06,6.28878965283665e-09,9.94867753478125e-11,2.06565083377276e-10,0.0362291628834854,0.000475968116347792,3.5091906149836e-09,4.89229309626172e-08,0.0350137604384218,1
"20048",1.00796033932745e-09,1.83135580572489e-08,0.000457402683975367,5.96135631175167e-08,2.24627517901283e-08,5.47028975645199e-09,2.02028763182569e-08,0.999542434937059,3.51181267677191e-08,1.89840034736139e-10,8
"20051",0.0433184963839208,0.0625554016793159,0.8258759269396,0.0086672493037357,3.60866664297097e-08,0.0175868418268631,0.0237709584274159,0.000677322500386444,3.32085861331444e-05,0.0175145582659626,3
"20053",0.0407597017582751,0.000369786905262077,0.000868691086796633,0.000191290645786442,2.05480266498944e-05,0.398717378199496,0.559019715850734,1.91308041641581e-05,1.76990075912186e-07,3.35797327608153e-05,7
"20055",0.075136432468159,0.703002705568943,4.2145003370265e-05,0.00305395081566392,2.29748196562756e-06,0.000775875680485395,0.175452514103657,2.76477422578224e-10,0.000175901108423953,0.042358177492854,2
"20057",1.90815218165832e-11,5.38348821095046e-09,1.27781620076467e-07,2.9408054310327e-08,2.51182439975042e-08,1.84040182975585e-10,4.36453096285241e-10,2.10612155001467e-06,0.999964195213587,3.35103338812706e-05,9
"20059",0.0139332992393002,0.00019928881266324,0.000138422330716812,0.00024660468689278,7.69497179146904e-05,0.505467674132038,0.479386172278487,1.04400849687404e-06,4.70436028715906e-05,0.000503501190619285,6
"20061",0.00607071823890544,0.000540988564419411,0.00121209755870093,0.00108704782416178,1.92361295938356e-05,0.0469788195817665,0.944062811526963,2.55428310235509e-06,1.28552764087398e-06,2.44407647454385e-05,7
"20063",0.00204703383958645,2.40845249759465e-05,1.20800077088915e-05,1.83829692807039e-08,0.000218133039474681,0.000402967761868153,9.76847288401285e-07,0.997285911951005,1.14988057542175e-06,7.64376454798679e-06,8
"20065",0.00953931045365415,1.71570722202008e-05,1.00239291355403e-09,6.53284917347755e-09,3.61860387141976e-11,0.000278211754077362,9.70260724212682e-05,8.98926003080697e-14,3.81940125601804e-05,0.990030093063549,10
"20067",0.794507447179209,0.00049379833524654,0.000237576697581697,2.36401417236407e-07,8.42179640711198e-10,0.115175040668335,0.0188196287179296,3.54881551181094e-05,1.57707634881779e-06,0.0707292059266345,1
"20069",1.00840046996856e-08,1.27908901376291e-05,0.954507427401656,0.00912028165197393,2.38253823801317e-07,4.35594991326786e-07,4.11611042235696e-05,0.0363160663499686,1.58338698153561e-06,5.28223874655124e-09,3
"20071",0.000986186483218483,0.96993042858448,0.000109252897534038,0.000555831852780316,0.00131835995143544,5.54088926432679e-06,0.0270822980514894,4.4554179392987e-06,5.37670858114019e-06,2.26916327822379e-06,2
"20073",1.7686122184182e-06,1.35077003989213e-06,0.47062833859206,0.00651205415097911,7.87517316425809e-05,0.00296542764384084,0.000757034424680279,0.519054799344814,4.53679920137235e-07,2.10498041710074e-08,8
"20075",2.59316773544343e-07,0.000602086893478343,6.82705881297039e-06,5.05624539693749e-06,1.41232542473444e-09,6.71285499244125e-09,4.9270256186819e-07,2.24660358229626e-08,0.938118950271782,0.0612662969199776,9
"20077",0.527206047651492,0.354925367662803,0.00139676275238989,5.4853578748338e-05,1.40507740120658e-06,0.00455417418062441,0.111795873734359,3.65317254800645e-05,1.25438949992414e-08,2.89710928079278e-05,1
"20079",0.0725997150168398,0.0105617644174244,0.382542135379777,0.000945926481863677,5.08593613714886e-06,0.0380150558445054,0.000826653868720765,0.493377881544305,3.01768314580322e-06,0.00112276382728053,8
"20081",0.197469478820678,0.0111755722028326,0.000545294590668978,2.73377789760093e-05,1.30846546461368e-09,0.00789112666217688,0.420965511613276,1.4862953682265e-07,0.000131389862131981,0.361794138531257,7
"20083",0.000769828744878955,0.20797960410959,0.0103223714944045,0.000151716989048969,0.000844481319646609,2.40248012598001e-05,2.60245264688592e-05,0.779843374268977,2.68206412724537e-05,1.1753104453504e-05,8
"20085",0.983790940133072,4.96383420075102e-05,4.84399938808933e-10,4.47775727866514e-10,3.55049301175378e-10,0.00585741282436335,0.000239987296361584,3.1460749460826e-12,3.7074430572423e-09,0.0100620164063818,1
"20088",0.796597138188175,0.00166874613116555,1.41033075652008e-05,4.79200733578613e-06,4.99632791489117e-09,0.175049539423197,0.0178698786722649,3.30541867008089e-09,5.72585328669831e-08,0.00879573671001624,1
"20091",0.000138798462012587,7.74057383761091e-05,1.34364401532281e-05,2.24759536732515e-07,1.07533422714292e-10,1.47327493200221e-05,0.00199945406757011,1.75756777482494e-07,0.0869042091694398,0.910851562749281,10
"20095",0.000802913366299232,4.44819739967813e-05,0.00402231923695326,0.000136283755045184,0.0192169089584855,0.00443621507766763,0.190564000388913,0.780708054185083,6.49495856472852e-05,3.87347190873917e-06,8
"20097",0.965184912711076,0.000192268470889689,9.79519060837112e-10,5.53370363220223e-10,1.10292768517581e-10,0.00229309581467239,0.000252053230899176,3.37764140674493e-12,1.80536695294233e-08,0.0320776500722339,1
"20099",0.0280425778792696,4.12869155809556e-06,6.45751516798941e-05,7.05434439247269e-05,0.0671221438976153,0.845080173238594,0.0586073593445735,0.00100822159906403,6.40696505369836e-09,2.70346755560948e-07,6
"20102",4.26430086141697e-05,4.58705763486501e-05,0.0154651515007483,1.85088007758836e-06,3.67647331030552e-08,3.35051648616454e-05,0.000464518953742322,0.960563177382155,0.0185039730934048,0.0048792726753142,8
"20105",0.575913214430398,0.000280764731045035,0.00439815324719148,4.28937091869128e-05,3.87004715990628e-08,0.346955344058314,0.0702549563497872,8.16341336959005e-05,5.46354424501802e-08,0.00207294600446746,1
"20107",0.618930621559274,0.0101041292635525,6.12298038709566e-06,3.0998207074559e-06,2.0434256764554e-07,0.0089192163246266,0.361879591053659,1.67938949720383e-08,1.15661413302312e-08,0.000156986295189302,1
"20109",0.00186699945531086,2.44900493071036e-07,0.00412093101163914,5.75167177813514e-05,3.36530643154701e-05,0.968728591553199,0.00912384047393939,0.0160674506028166,1.3633047488659e-08,7.58587457687505e-07,6
"20111",7.25546367556412e-09,1.55609021027253e-06,0.0124551611528424,0.00266061692960802,6.2902239210495e-08,5.39418779964615e-07,3.84837326525793e-05,5.34944412800757e-05,0.984228364325474,0.000561713751450097,9
"20113",0.119670017932158,0.321492288700225,1.27670781894537e-05,0.00101274894496184,0.00418356126056531,0.00226049479301195,0.551354678913862,2.42011628623169e-08,3.090369300338e-07,1.31091389331546e-05,7
"20115",2.60781580852951e-08,6.45380550256598e-06,0.0583405555441192,0.933542726627804,0.000297858221971564,4.31245256251206e-05,0.00211529010925056,2.07333731776397e-05,0.00563179902477771,1.4326896134361e-06,4
"20117",0.00812781219776235,0.00305944742567622,1.88119334768103e-06,0.000405871986677015,0.385682138577012,0.00511605057973717,0.0407841540946242,6.62193856821735e-07,0.506338408756457,0.0504835729948496,9
"20119",0.790328813865734,0.0135175378019564,1.54209665862121e-07,9.6273092273394e-05,0.042304072575631,0.130819597632378,0.0229071890287095,1.33614144018847e-09,2.81849011767471e-08,2.63322726093046e-05,1
"20121",0.931185308444381,0.00854207657030947,2.2272478431206e-07,4.59890652529419e-07,1.40584087161661e-07,0.0147862497388715,0.0448043119181011,3.57832202560422e-10,2.07162413907637e-08,0.000681209054739059,1
"20123",0.000171810192456568,0.000543090427049964,1.96200924086722e-07,1.7541334332424e-07,2.44504718622784e-10,8.49719402296546e-06,1.61421362410523e-05,1.38379878546169e-10,0.0188434622930443,0.980416625760033,10
"20125",1.63554865417607e-07,0.000326250432455441,0.978442386770459,0.0158840110476064,1.79831557176234e-07,2.07576870064674e-06,0.000699320734248942,0.00464056467886216,4.9807442544307e-06,6.64369911741411e-08,3
"20127",0.836749440080233,6.12280119862437e-06,2.83232468364742e-07,8.72054821156927e-09,4.01683283231148e-09,0.161838466904029,0.000349246313810887,6.38565834413018e-08,1.9189032885126e-09,0.00105636215539288,1
"20140",0.0021476444837203,0.978425937467161,1.17858620146339e-05,0.000575576445170362,6.39705378277325e-06,1.08082162662391e-05,0.0167894485470637,8.80532313711047e-10,0.000513677513460174,0.00151872353082806,2
"20142",6.07427247271101e-09,4.87886498934132e-06,0.100084541519446,6.18327049854459e-05,1.1283127164144e-07,4.10505854546044e-08,2.26356338123023e-06,0.899845520360808,8.01167507422402e-07,1.86275269962321e-09,8
"20144",4.33075736035737e-07,0.0414851493605507,0.70882526731056,0.155749320384391,4.69862384636518e-06,1.15012043805689e-06,0.00190952367833033,0.000891994062411381,0.0910806315232742,5.18318604617997e-05,3
"20146",0.000211570040544356,0.316506838182503,0.605910411801938,0.00423485087269861,3.12709382023232e-06,1.03121415646411e-05,0.00274297014392553,0.0701842939767833,0.000154868625100344,4.07571211211571e-05,3
"20148",0.000324592256688133,0.0745889766099186,0.502397303771068,0.390618384947353,1.90498937186707e-06,0.000507100326747686,0.031521757979584,1.47209809246631e-05,5.35792417021985e-06,1.990021417365e-05,3
"20150",1.07103196919392e-09,4.00178755553304e-06,0.756009469352995,0.122166919797559,0.000213049912174466,4.09424359269126e-07,2.41237695096624e-05,0.121580335226155,1.68953226712646e-06,1.26393264725933e-10,3
"20152",0.00121687678542196,0.0746918807429636,0.299567533760059,0.536053023192594,1.48119307790039e-05,0.0093373353395169,0.0790610249549559,1.028177931476e-05,8.90238828180062e-06,3.83291261123579e-05,4
"20154",0.00477679888234027,1.98301057042008e-05,5.34990563002923e-07,1.25570425149102e-09,2.37248086264225e-12,0.000121665618402815,4.2542090079349e-06,6.85151436084569e-08,7.05273041340074e-05,0.995006319116627,10
"20156",0.0140488918818192,0.0716224070855692,0.0105670867193363,0.000110682776783888,9.01003837134786e-06,0.00073552365413611,0.898047316683622,0.00451047172380874,9.9842555736564e-05,0.000248766880816988,7
"20159",1.45935130175026e-08,4.18250313823146e-05,0.943208852288092,0.00538187417283569,1.64274521247553e-07,2.53943450116852e-07,4.23673950412331e-05,0.0513214355418655,3.2029925659691e-06,9.7667329109226e-09,3
"20161",1.52433682243585e-05,0.00145002100262254,0.0302033354451912,7.86440829332449e-05,2.58427706970131e-05,1.85234945948658e-05,3.51063311425551e-05,0.96816621598595,6.65129232217208e-06,4.1622632262288e-07,8
"20163",0.000239239181354512,0.000500246948405562,0.0134674710378674,0.941875833268298,4.28567681114716e-05,0.0243280171870208,0.0192843801795801,5.93836241370964e-08,7.02129347446432e-05,0.000191683110993453,4
"20165",0.000495874541718971,9.432078796926e-07,0.00819060263704256,1.06542992616132e-06,1.17175531097699e-07,0.00332726158935042,0.000183311847705865,0.987797527478134,6.2863325194412e-08,3.23322938577702e-06,8
"20167",1.72725941870701e-05,0.000192982788065632,0.92263103737651,0.0656758664815312,3.81170145675404e-07,0.000509009081345707,0.0105448249210841,0.000428113051307216,1.63070614105e-07,3.49465210152847e-07,3
"20169",1.32393111626243e-09,1.29963532446495e-07,0.0028149339604172,5.33352650462526e-07,2.95075176331986e-08,6.63972131039076e-09,7.86294689451976e-08,0.997184204198636,8.2148924387428e-08,2.75200819120438e-10,8
"20171",0.00456147714876062,1.97271299559477e-05,6.0676443569423e-08,4.28537306208856e-11,3.79061984806189e-12,1.07505030614534e-05,1.97572905972148e-06,3.4201492134509e-07,0.000219016219650787,0.995186650531502,10
"20173",0.00109279046861473,2.2319171889401e-06,0.000120690502928227,3.17719385099125e-05,0.614676738908107,0.214653480005247,9.29355143289331e-05,0.169328785965759,3.56730738736982e-07,2.18048578321423e-07,5
"20175",4.98485776781203e-06,0.00121686194125524,0.625440596827562,0.15851874247826,3.22772333899069e-05,6.73707065927708e-05,0.213464599914097,0.00123538872723364,1.89157926299844e-05,2.61521210693039e-07,3
"20177",0.0160716022519594,7.29997044613128e-05,2.78972067448962e-05,0.000518804169541206,0.394070838887019,0.556604234269207,0.0326102907584132,2.28628179090083e-05,8.34137457792897e-08,3.86520999397203e-07,6
"20180",0.820125519596964,0.00109339153493155,2.21129724653708e-08,4.90416681164256e-06,2.27273781582413e-06,0.119591106965665,0.0445147698705382,1.30804488289327e-12,7.38185664207882e-07,0.0146672748273298,1
"20182",1.23758148026337e-11,6.2991237092334e-09,0.000154581648248091,4.33294994210497e-06,0.000262571787375188,1.32553429185099e-09,4.0832626751456e-09,0.997250120212697,0.00232837928156247,2.39987901197539e-09,8
"20184",8.96685347103356e-07,0.000141023264764213,0.434539613091587,0.000575216437266232,7.16091106321204e-07,4.83191733339232e-06,0.000259529701162766,0.564477700131891,4.52975031370423e-07,1.97045102521327e-08,8
"20187",6.38371940538999e-05,0.000602435348236666,2.38433874444458e-05,0.000186198301000755,0.997727385038102,0.000130659070688409,0.00093615590065887,0.000329436123973405,4.8574384443954e-08,1.06145775059465e-09,5
"20189",0.00496645509354419,2.61221610873476e-05,0.000163311837341897,0.00706754950729294,0.00125247940128604,0.896690240692278,0.0898330719359739,1.07284450073826e-07,8.2049299770921e-09,6.53881816095844e-07,6
"20192",0.00518268721948493,6.31905454204394e-06,3.74854858988268e-06,0.000277114083086459,0.00186819671278168,0.970532268671493,0.00246753657166922,4.60336685135181e-08,0.00239443009345017,0.0172676530112341,6
"20194",6.0976853942419e-06,0.191311951234917,0.0447366627265315,0.0128172024495272,0.0845295241285519,4.29102388869924e-07,2.83290321614593e-05,0.666568273476001,1.52568794636731e-06,4.47658003726791e-09,8
"20196",0.25293421721012,0.000173556454627752,6.47397973691418e-07,2.2923751588388e-07,1.74363083583745e-09,0.0116584908212055,0.00201085599571463,1.92146434677455e-09,9.32571256846092e-06,0.733212673505178,10
"20198",0.0150771373035205,0.206292472962173,0.114912939425579,0.0892846554617239,0.000102728080822383,0.048930804245887,0.523731167814735,6.98462847869538e-05,0.000575475127224188,0.00102277329354782,7
"20204",7.99042110910997e-09,3.9790080942451e-06,0.955425959299569,0.0109607187579497,2.9275925433344e-07,1.81661773735068e-06,4.20349458995352e-05,0.0335571051371975,8.06604032125055e-06,1.94435553988271e-08,3
"20207",0.726088369450905,0.00394926475806717,3.53888046343823e-05,9.86559246286321e-08,2.1986116400671e-10,0.00894480643273735,0.00388707562199676,1.51896062156806e-06,5.6688145066613e-06,0.257087808280746,1
"20209",2.42542960333738e-07,0.00390723294608528,0.000694462983185809,0.632070065694823,0.00147716142805991,2.52482814685065e-06,0.00166979492468856,2.0887190513971e-08,0.360082049345573,9.64444192867046e-05,4
"20211",0.000144581139170683,0.000583105072231562,1.63873937456744e-06,6.2162568041112e-08,1.21549178851169e-12,6.27476086476354e-07,3.67689062589144e-05,8.70597402312565e-10,0.0038043386317501,0.995428877000747,10
"20215",0.404504235022803,0.589026470658083,0.000230580944014258,5.73838399818628e-05,2.28084110210127e-07,0.000825206960878296,0.00511904304848565,4.91704770585164e-07,2.15032185140287e-08,0.000236338233654284,2
"20218",6.67899051946211e-09,2.21531040153394e-06,0.354882714471788,0.000374320592355486,1.12723901241393e-07,1.89522214656801e-07,6.71670393823245e-06,0.644732817944519,9.02893051913428e-07,3.15883891607767e-09,8
"20222",0.68057315035067,0.0133131704028949,0.00205857438350389,3.29071496155031e-05,1.39327857658337e-09,0.022131165290903,0.00549606457164452,2.90270598607952e-06,8.35248555957684e-06,0.276383711265944,1
"20225",2.60751085646671e-06,0.0754305907647983,0.747428874908014,0.17213347460572,2.67232237167523e-05,1.56910373744609e-06,0.000303781187560317,0.00379412641845532,0.00087418338546312,4.06889167802613e-06,3
"20229",3.1327204727296e-05,0.999604233661331,9.7737052351815e-05,0.000161318199790608,1.00644673773527e-06,4.27922240454079e-08,6.63259324393588e-05,2.93215990281491e-07,2.34700177652846e-05,1.42454766425301e-05,2
"20232",0.0118152320235622,0.0537265054125709,0.000242223245546309,0.000261958166072308,5.17679497926357e-07,0.000249100631083126,0.932995700593017,8.85409219064909e-08,1.83424450197695e-05,0.000690331262708339,7
"20234",0.406471397976467,1.09200091671035e-06,2.25616710486370e-10,2.33859142578117e-09,2.39868717484862e-07,0.123282810117479,0.000369474113507345,1.89269274727377e-11,1.89446669557834e-05,0.469856038672821,10
"20238",0.500260407898237,0.00131671001712813,2.19673154269251e-05,1.20310549936421e-06,1.63372566627066e-07,0.0275890610048617,0.468676332798151,9.3790021193036e-07,6.0129807336318e-07,0.00213261528984416,1
"20253",0.908148929921839,0.0907378647397996,5.28131865029579e-07,1.38658308181634e-07,5.51290838220733e-08,0.000435896112073436,0.000501445512633645,1.38549789111444e-08,1.97579317553304e-09,0.000175125963624411,1
"20255",1.62498366523034e-06,0.00403778158513891,0.657126775087699,0.325503928544495,1.3273446953003e-07,7.46013135286964e-06,0.0129486308184101,1.28531587339831e-05,0.000338190620359897,2.26223356749066e-05,3
"20258",0.145599649430729,3.75038126236951e-06,8.61802070329517e-07,2.23288008528899e-06,1.08100215119413e-07,0.837242791694435,0.0169779384972916,6.92624452977424e-10,3.76000341372347e-09,0.000172662761283728,6
"20269",0.0044094604930366,5.98010340536803e-07,0.00738066626229401,6.77847049033649e-05,8.41559708538587e-07,0.951367154061268,0.0350549790148431,0.00170557249114406,5.41635402660203e-08,1.28892389218172e-05,6
"20271",0.0507477892932749,5.63753276254201e-06,2.67782488352501e-07,3.64564840910833e-05,0.00321344269257262,0.930715892152968,0.0152762149830777,3.79196898426753e-09,9.79470982216033e-09,4.28549208546484e-06,6
"20285",0.00011060409231265,0.00887912333060103,0.00123613575099045,0.04294378112902,0.945207079709585,0.000898287686059732,0.000475703178020336,0.000246083500252629,3.10688697029779e-06,9.47361879167492e-08,5
"20288",0.280813114882696,0.319707039490316,0.000648201472047292,7.71876420782947e-05,4.15337433049316e-07,0.000670204460228969,0.397582889304212,2.8422512755535e-06,4.80254307202687e-07,0.000497624905405613,7
"20291",0.125889698003354,0.000445118111318203,4.6112013288254e-06,4.81990608455304e-07,4.95478043116046e-08,0.0179334691488908,0.396620042439805,1.41857007337912e-07,0.000922743652335406,0.458183644047547,10
"20295",0.000242954789482735,8.51130883351694e-08,0.000314219384778203,0.000487732919537111,0.00256669484707965,0.993103802269943,0.00312947043268146,0.000153536974252295,3.87271443764394e-07,1.11599771357008e-06,6
"20298",3.15848506702205e-08,0.000333789662703254,0.651152168812265,0.347973409525473,2.70868044383382e-06,1.2420510920713e-06,0.000333240557771693,0.000198506165885452,4.88752700635135e-06,1.54325089703541e-08,3
"20302",1.78133707217757e-06,2.28267934094348e-05,0.743017240828619,0.0385983192053256,0.000319160534204169,0.00143509302401261,0.00109081940924941,0.215509808357238,4.891592159708e-06,5.89187102970342e-08,3
