"","V1","V2","V3","V4","V5","best$classification"
"19812",0.974401574596004,0.000832442190078545,0.0246150687292481,4.86190797744378e-06,0.000146052576691717,1
"19814",0.992605980888439,3.01485641196732e-05,0.00264070729919972,0.00471624021703907,6.92303120243161e-06,1
"19816",0.0246452105713916,1.10070448673648e-05,0.97518225606174,3.22015053426493e-06,0.00015830617146632,3
"19818",0.930292380886719,7.16823058012664e-05,0.0521204732358377,0.0174440656803265,7.13978913149923e-05,1
"19820",1.51562005983367e-06,8.38302832411265e-05,0.999914362299172,6.99431170642092e-09,2.84803215868558e-07,3
"19822",2.76588243842495e-05,0.056373227711369,0.943588325004993,5.11594596742141e-06,5.67251328636556e-06,3
"19824",0.00137312875784682,8.34469488691611e-05,0.995141464482082,0.0028708279965112,0.000531131814691388,3
"19826",0.94790765096601,2.59135623273395e-05,0.0376131785032056,8.40339611921742e-05,0.0143692230072647,1
"19828",0.00113781191202447,0.000360629461746273,0.998495282192522,5.40038986144183e-06,8.76043845898473e-07,3
"19830",0.996815440417418,0.000716133847071311,0.000369521740570003,0.000217709183023696,0.00188119481191676,1
"19832",0.307094772576382,0.541584178083409,0.151296347736595,5.78707646325404e-06,1.89145271507047e-05,2
"19834",0.119413386933282,0.015313245881896,0.864934674603381,0.000331901203682552,6.79137775903653e-06,3
"19836",0.597272268780078,0.000338472285929416,0.277287692574066,6.32404893480898e-06,0.125095242310992,1
"19838",0.998764115526999,9.96762788489022e-05,8.58341945741972e-05,0.00103789974325674,1.24742563214256e-05,1
"19840",0.22700202449203,7.28806721110564e-05,0.768374867181215,2.51918723740789e-05,0.0045250357822701,3
"19842",0.0988263832599444,8.87887517682659e-07,1.8678593453328e-05,5.20328555217655e-05,0.901102017403563,5
"19844",3.61574576501384e-05,1.8598822358464e-07,1.69509100629738e-05,0.999902390239678,4.43154043855447e-05,4
"19846",0.798472778231989,5.08029982767238e-07,1.99262590189915e-05,0.196409470121548,0.00509731735746116,1
"19848",0.922515383514701,1.70614824627333e-06,3.08257257050233e-05,0.0770625867541081,0.000389497857239405,1
"19850",0.674873392288941,8.42163774990155e-06,0.000310047191898719,0.324707250631157,0.000100888250253231,1
"19852",0.359719301086117,0.000294071612502426,0.639165509960716,0.000780779317433242,4.0338023231983e-05,3
"19854",0.991231327343138,3.75685569962585e-06,2.95781407827342e-05,0.00863665036022524,9.86873001541642e-05,1
"19856",0.0245132430392711,2.94646952645554e-05,0.00107698070117013,0.973994224258887,0.000386087305407274,4
"19858",0.00415301470239265,0.000223527809308706,0.0261779736349779,0.969374602530934,7.08813223872436e-05,4
"19860",0.702645206806972,0.000176422205349268,0.297020343332832,7.94693060438789e-05,7.85583488034855e-05,1
"19862",0.972085101690952,6.21573034526238e-07,1.06709486751604e-05,0.0117703691168566,0.0161332366704818,1
"19864",1.9487143672544e-05,3.49841091745463e-07,3.93599877967692e-05,5.96629739996721e-06,0.999934836730039,5
"19866",0.0064252018040578,3.68574659396225e-05,0.952402176579254,2.7425943934712e-06,0.0411330215563551,3
"19868",0.00018445307758832,0.999726570925624,1.77209233652582e-05,7.05116375119355e-05,7.434359109094e-07,2
"19870",0.992700361073055,5.66050178409757e-06,0.000474874040681516,0.0051818202351048,0.00163728414937492,1
"19873",0.965382103284272,1.47666317607031e-05,0.0303982235977103,0.00150454035686169,0.00270036612939604,1
"19875",0.00594090805118096,0.000492130326995768,0.993564135558412,1.68699533943402e-07,2.65736387698e-06,3
"19877",0.992217834890166,4.3455694545586e-05,0.00442571752884375,0.00315558003249775,0.000157411853946877,1
"19879",0.703571076797793,0.00165407758473904,0.287769792966911,0.00665638274405795,0.000348669906499369,1
"19881",0.957395581289632,2.0233508930401e-05,0.0125591613241275,0.00225471271473165,0.0277703111625786,1
"19883",0.738101991182372,2.94457520976997e-06,0.00466475802177307,0.000186342980841305,0.257043963239804,1
"19899",0.60227680155071,0.0105686781078018,0.38387147584713,5.84516515348215e-05,0.00322459284282414,1
"19908",0.0196402342321965,0.0806980062979995,0.171447885999494,0.0059786837717602,0.72223518969855,5
"19910",0.654478135107433,0.000103196641620948,0.344179464940878,0.000633666803481052,0.000605536506586944,1
"19912",0.536537865575795,2.09831290658665e-06,3.94274360795302e-05,0.00151391745025485,0.461906691224964,1
"19914",0.79289936922603,0.00636161048406738,0.199029560915754,0.00147146477571825,0.000237994598430165,1
"19916",0.00062502960836572,0.000111170213983056,0.617833539108747,0.000504616695151106,0.380925644373753,3
"19918",0.842623339372161,6.41246541919271e-07,0.000604625541914339,0.153519187930577,0.00325220590880557,1
"19920",0.114773917096004,4.14258329082996e-07,4.00874629204697e-05,0.885128190375327,5.73908074190315e-05,4
"19922",0.333826008646264,0.645261452094198,0.0208431557315175,4.99263970926012e-05,1.94571309287568e-05,2
"19924",0.953163489284673,2.06266419328451e-05,0.0108546659301549,0.0356704854577347,0.000290732685504583,1
"19926",0.37930670108436,0.0269944408138406,0.565501596702126,2.53289581369507e-06,0.0281947285038603,3
"19928",3.68893245179456e-06,3.50945783451733e-08,1.71263420900362e-07,4.03729619859609e-06,0.99999206741335,5
"19930",0.998502991478952,1.74136215626398e-05,0.00104696375954484,0.000337053496892563,9.55776430482487e-05,1
"19932",0.9968712170433,1.1797713185969e-05,6.15472810571778e-05,0.0030247682813866,3.06696810700766e-05,1
"19934",0.042160718163776,0.00237259311102309,0.95531230626675,0.000151577317823968,2.80514062677284e-06,3
"19936",0.988044323597068,0.000677981137691716,0.011000198516064,0.00023618803076412,4.13087184120223e-05,1
"19938",0.00066287826452976,0.00332152230376214,0.995925839722798,5.33301350677722e-05,3.64295738417864e-05,3
"19940",0.875942256290964,1.71948661723532e-05,0.0907666028719348,0.00115151372781444,0.0321224322431147,1
"19942",3.13990935700778e-05,1.81695067201714e-08,2.49200839937292e-06,1.04308898271455e-06,0.999965047639541,5
"19944",0.267522013355162,0.000116512042990818,0.730038993987841,6.35789002564177e-05,0.00225890171374986,3
"19946",0.869925464835543,0.000116324309423663,0.104921824225072,0.0247421133610846,0.000294273268876905,1
"19948",0.000105153407367484,5.82910024091476e-09,2.70704079085777e-06,5.97659605507019e-06,0.999886157126686,5
"19950",0.00195760690377825,3.55381572605902e-07,1.15738241293862e-06,0.998039611190958,1.26914127788251e-06,4
"19952",0.000105153407367484,5.82910024091476e-09,2.70704079085777e-06,5.97659605507019e-06,0.999886157126686,5
"19954",0.998147904013782,5.8336988379181e-06,0.000234564466762615,0.00151562555809153,9.6072262526192e-05,1
"19956",0.317746261701546,0.00031085076244592,2.75999293583805e-05,0.666341296045486,0.015573991561164,4
"19958",0.00388381821603177,0.99456602724199,0.000239047203861725,0.00130762764241291,3.4796957037346e-06,2
"19962",0.618569183489972,0.0032897019742453,0.185242777174985,0.192230381278195,0.000667956082602359,1
"19964",0.888669878457076,4.45777346864637e-05,0.0563655427730081,0.0246856059568349,0.0302343950783949,1
"19966",0.000278200559785902,0.000113902265926824,0.989387077836834,7.34848103753043e-08,0.0102207458526425,3
"19969",0.989340250005113,5.18670415429005e-06,0.000757656231403267,0.000195928752522986,0.00970097830680687,1
"19972",0.765098107452051,5.25311501968798e-06,0.00102090568120876,0.107262794038226,0.126612939713495,1
"19974",0.0602106464446792,4.91477928169618e-08,1.49494155247795e-06,0.916642101295661,0.0231457081703147,4
"19976",0.926995955487568,2.98970227605703e-05,0.0172033209001371,0.0553032119827225,0.000467614606811598,1
"19978",0.266555675802383,1.39031799730619e-05,0.730767548745241,0.000878996528544953,0.00178387574385783,3
"19980",0.70662913236925,3.17908873831003e-06,2.16420313440744e-05,0.29327088043027,7.51660803969746e-05,1
"19982",0.169098011982765,5.15053344755728e-05,0.000295004969846192,0.830529884252529,2.55934603845767e-05,4
"19984",0.000534340716615335,2.33872386023431e-07,1.96295179511196e-05,0.999436912186855,8.88370619210835e-06,4
"19986",8.5053531657659e-06,0.000431149945069556,0.999557537618699,7.48269199076639e-09,2.79960037403964e-06,3
"19988",8.17475087903342e-07,0.000685400243959644,0.999313638413411,4.65871070670418e-09,1.39208830771595e-07,3
"19992",1.24544866638106e-05,0.000707015354581488,0.999280159456906,2.78072110428524e-07,9.26297377516268e-08,3
"19994",0.998535210117565,5.30735438087726e-05,0.00127155021160802,7.51329576058655e-05,6.50331694123758e-05,1
"19996",2.0496109893514e-05,8.29176844805242e-05,0.999896311661685,2.11193520968958e-07,6.33504195849947e-08,3
"19998",0.28255901792257,0.000231941467451712,0.0468230044417705,0.00988346150401296,0.660502574664195,5
"20000",0.974703366429545,0.0196930109640096,0.00014788969612423,0.00065721547842715,0.00479851743189458,1
"20003",0.991410769008494,0.000252175302392159,0.00743929660960312,4.67108461693005e-06,0.000893087994893221,1
"20005",0.927018873039804,6.14645592737996e-07,1.58393547131996e-05,0.0703180376888038,0.00264663527108639,1
"20007",0.378165846439757,0.00359702023361388,0.617035786644879,0.00113649262353518,6.48540582153949e-05,3
"20009",0.000821248622997564,0.00084653721567004,0.997085021159583,0.000385699847564122,0.000861493154185147,3
"20011",0.948250831271987,1.48397072659017e-05,0.00606353077193579,0.0155193501879474,0.0301514480608644,1
"20013",0.902063093051916,2.83379454167843e-05,0.000808947831432742,0.0970703774080887,2.92437631460639e-05,1
"20016",3.45435238666725e-05,0.0055836035845386,0.994367214414025,1.02254296450582e-05,4.41304792500939e-06,3
"20018",6.55463060758986e-08,0.987851551929636,0.012148276088113,3.83534081771843e-09,1.02600604010861e-07,2
"20021",0.0147331737531006,0.000485110171786534,0.984756191455803,2.84176550493197e-07,2.52404427593405e-05,3
"20023",0.0805204974048639,0.00180801744269994,0.917477138110026,0.000129709840338301,6.46372020720993e-05,3
"20025",5.664948562686e-05,0.452000798199925,0.547938030492885,1.67477924359976e-07,4.35434363885258e-06,3
"20027",0.750932664394648,7.31268510711474e-06,0.000245811380845211,4.96895486660855e-05,0.248764521990734,1
"20029",0.96667238506718,3.57164687542311e-07,7.20886254559759e-05,0.0221117090805363,0.0111434600621404,1
"20032",0.993351936408862,1.418820690263e-05,0.000231624985194603,4.59780716748675e-05,0.00635627232736545,1
"20034",0.000376776262886836,3.48910703799884e-08,1.13930527739673e-05,1.36365271115046e-06,0.999610432140558,5
"20036",0.762452293754724,0.00242307771772495,0.0455958795469328,0.183807832919261,0.00572091606135684,1
"20038",0.000645422286961166,0.0073961689233746,0.991957024886854,5.86408112722614e-09,1.37803872926963e-06,3
"20040",1.26959596150619e-05,0.0144998400667559,0.984976739393309,7.45019976637842e-06,0.000503274380553599,3
"20043",0.00393970001119748,0.000882718733615066,0.995176198537095,9.6410591062599e-07,4.1861218230216e-07,3
"20045",1.0940791766824e-06,0.00707915343262674,0.992919548198265,1.85899029987546e-07,1.83909011455672e-08,3
"20048",6.43811697968486e-05,2.21202906393167e-07,4.87272818917237e-07,0.999934089942712,8.20411765745639e-07,4
"20051",0.665980624292183,0.0185119013626378,0.304370004560518,0.0111346929295595,2.77685510170943e-06,1
"20053",0.0146149614000355,0.000117227243018743,0.984756106460571,0.000278134686079959,0.000233570210294877,3
"20055",0.0695008583779771,0.153277010194939,0.777074563245415,1.36177071178347e-07,0.00014743200459844,3
"20057",0.000188541393546736,0.99821303746957,1.6609017613233e-06,0.00153769189764515,5.90683374768708e-05,2
"20059",0.0132100901504482,0.00356233397406734,0.982255229367301,3.82539753478856e-05,0.000934092532835624,3
"20061",0.115467098822715,0.000553331828367848,0.882982460353309,0.000203518856014715,0.000793590139593847,3
"20063",5.60327802116018e-05,0.000653030857912689,0.0142334230975,0.983361409927116,0.00169610333725987,4
"20065",1.3019021813851e-05,0.857283884285175,0.14270306866308,2.66213683772208e-10,2.77637168521511e-08,2
"20067",0.00044410605637909,0.0112621432630257,0.988032548617305,0.000261160238530152,4.18247596481137e-08,3
"20069",0.450830917805303,5.04522064496446e-06,2.89957026419393e-05,0.549108534080579,2.65071908316173e-05,4
"20071",0.440968499352388,0.0076817617070039,0.353540848501548,0.00166001878466886,0.196148871654392,1
"20073",0.0833038968905197,1.42082151338087e-06,0.000834223350057109,0.915299510492222,0.000560948445687665,4
"20075",0.000288105954138638,0.999699022358681,1.15292470802428e-05,1.20763294923251e-06,1.34807150835538e-07,2
"20077",0.0166489705001828,0.000139011825240428,0.982696325387261,0.000484814433631592,3.08778536842673e-05,3
"20079",0.0750718102000028,0.00170312085653026,0.159286035651948,0.763874187291426,6.48460000928436e-05,4
"20081",0.0096559425181838,0.146124121449022,0.844211446534277,8.35800259980478e-06,1.31495916947942e-07,3
"20083",0.0172487804095343,0.00125383222086924,0.0053820164832615,0.971082919699764,0.00503245118657124,4
"20085",1.54079028152476e-06,0.00294327412440734,0.997055132025858,1.27217528245351e-09,5.17872783665487e-08,3
"20088",0.000564054306625384,0.00105776210336159,0.998377788538964,2.04146124031268e-07,1.90904924670095e-07,3
"20091",0.000147013438194537,0.997464423134092,0.00238506486660203,3.48963855419904e-06,8.92255735407287e-09,2
"20095",0.0177340967704839,0.000397267314125102,0.069537624691437,0.859927996623637,0.0524030146003175,4
"20097",2.9312849470301e-06,0.0119921259104262,0.988004915021743,1.73725724248678e-09,2.60456261251028e-08,3
"20099",0.00278814913099568,4.5561286826718e-06,0.851634591201019,0.00501037141894264,0.14056233212036,3
"20102",0.00287855776872121,0.0690835863261732,0.00165707661247542,0.926379549449958,1.22984267206889e-06,4
"20105",0.00634024237349299,0.000363446238449869,0.992674602965136,0.000620754359566775,9.54063354842204e-07,3
"20107",0.000660868896879915,0.000158175134459928,0.999176490925318,6.10804660048718e-07,3.85423868193798e-06,3
"20109",0.0273769705692577,2.37774728205043e-05,0.676536489790852,0.294542110768874,0.00152065139819651,3
"20111",0.468963733276949,0.513781817115475,0.000181226620110421,0.0170148215095299,5.84014779359239e-05,2
"20113",0.0195127221783315,0.000325969014270068,0.952884887646699,1.72987944850123e-06,0.0272746912812508,3
"20115",0.992734378140678,0.000386613513271952,0.00015726097697776,0.000954147644845012,0.005767599724227,1
"20117",0.00167723074354229,0.528650427362543,0.114902211534319,6.81874244155505e-06,0.354763311617154,2
"20119",0.000326905717749156,5.44994673336435e-05,0.958042970661817,4.02199238872736e-08,0.0415755839331761,3
"20121",9.53273178322972e-05,0.000436282412827999,0.999465814625215,2.46020670202679e-08,2.55104205783298e-06,3
"20123",3.26445691443775e-05,0.998591693324988,0.00137562582661551,1.4581439904922e-08,2.16978117206418e-08,2
"20125",0.897123407446398,2.91531579115095e-05,0.000215286835371547,0.102611734681792,2.04178785270041e-05,1
"20127",1.43394703029785e-05,0.00030184938741711,0.999681134471078,2.46916229384735e-06,2.07508907807294e-07,3
"20140",0.166371494652329,0.461662474979579,0.369726099137274,1.98053476647507e-06,0.00223795069605219,2
"20142",0.0062280504715682,9.65046534327582e-07,2.15460638991595e-06,0.993766200718405,2.62915710249875e-06,4
"20144",0.98398172566365,0.00781766655466333,0.000127784952895783,0.00797647705385283,9.63457749378737e-05,1
"20146",0.61496988258201,0.00382769166070417,0.00644095336771184,0.374642077370119,0.000119395019454707,1
"20148",0.992224970859473,0.000118596315689454,0.00736699005329414,0.000258073978437977,3.1368793105426e-05,1
"20150",0.406517517450063,3.10858931064747e-07,4.73104690640208e-06,0.590712970162987,0.00276447048111264,4
"20152",0.967460372319326,0.000181320647589562,0.0320129597306212,0.000194084283754627,0.00015126301870913,1
"20154",2.41059757510974e-05,0.962956522877102,0.0370105196254612,8.84936987317002e-06,2.15181270298592e-09,2
"20156",0.172689105553025,0.0214139283745409,0.737648989646781,0.0677651034120452,0.000482873013607436,3
"20159",0.38312322480132,9.49492408704432e-06,2.85083850063239e-05,0.616820975768611,1.77961209758443e-05,4
"20161",0.0110140370994925,6.49180759659064e-05,0.00059703409553022,0.988099289523286,0.000224721205725438,4
"20163",0.951951249490503,0.00139446229511691,0.0454513017592392,1.1216181743119e-05,0.00119177027339829,1
"20165",0.00101748935708872,2.28275354904957e-05,0.00867238244631946,0.990284865728412,2.43493268893665e-06,4
"20167",0.984706847927473,9.39944567826554e-06,0.00446593329183083,0.0107956013314964,2.2218003521486e-05,1
"20169",0.000276580063531397,2.82486110546921e-07,5.89707010306148e-07,0.999721589553202,9.58190145244996e-07,4
"20171",1.57558047116039e-06,0.991296964496063,0.00869266110158916,8.797694043492e-06,1.12783309299482e-09,2
"20173",0.00124567208850034,1.72187278262876e-05,0.0527700770736524,0.227563101916925,0.718403930193096,5
"20175",0.988374242625011,2.45876035117005e-05,0.00163127766647384,0.00959951181698976,0.000370380288014013,1
"20177",0.00417785774954263,1.15391441907716e-05,0.50253253879639,0.00023246668266326,0.493045597627213,3
"20180",6.9178560397227e-05,0.00267776217430035,0.997234882762958,2.22067649795022e-10,1.81762802767895e-05,3
"20182",0.000209268541420386,2.32964169561666e-05,5.57772424426115e-08,0.997879500993163,0.0018878782712177,4
"20184",0.0486670349423564,3.17668022773269e-06,0.000149354744261054,0.951166104293734,1.43293394207538e-05,4
"20187",0.00243453498102783,9.04365576712186e-07,0.00404668921777539,0.0013150798232057,0.992202791612414,5
"20189",0.0603943191545792,1.03559451702081e-05,0.919468663348633,1.70983648074393e-05,0.02010956318681,3
"20192",0.00604983297478534,0.150049368859174,0.810426168737541,7.71331359695735e-06,0.0334669161149031,3
"20194",0.101718428435891,6.06563804453762e-06,0.000184226176897448,0.72527705972434,0.172814220024828,4
"20196",0.000166516138703285,0.166207836228507,0.833625079474728,3.19758517169476e-07,2.48399544987979e-07,3
"20198",0.703145758872236,0.00706110843082,0.288097088954105,0.000881098235846774,0.000814945506992387,1
"20204",0.453441220387486,1.35001754557682e-05,3.75224779965153e-05,0.546475622443824,3.21345152377663e-05,4
"20207",0.000363465014535279,0.089098433731533,0.910495774659295,4.22979162694186e-05,2.86783672457146e-08,3
"20209",0.881038713090303,0.064620793448049,0.000742918239608049,8.59050657442089e-06,0.053588984715466,1
"20211",7.80399255208161e-05,0.998803909696259,0.00111793867695012,1.1117296865433e-07,5.28300896567597e-10,2
"20215",0.0225520103396567,0.00135979526725982,0.976015299313118,4.96549666946042e-05,2.32401132705324e-05,3
"20218",0.0187017080655118,9.61049517147161e-07,3.70183561009985e-06,0.981290634161496,2.99488786447735e-06,4
"20222",0.0111167534243918,0.0673537052696849,0.921417585611856,0.000111791856678577,1.63837388532772e-07,3
"20225",0.971365498074773,0.000724609542248718,0.000226282156762065,0.0272642224233838,0.000419387802831896,1
"20229",0.804164576231897,0.147844933128381,0.043222011616179,0.00118370400055898,0.00358477502298454,1
"20232",0.123109622483334,0.0250337593838572,0.851734514524988,2.72482104408588e-05,9.48553973798259e-05,3
"20234",1.06053161819845e-06,0.117937658618415,0.882056102144995,2.62825381910554e-09,5.17607671871377e-06,3
"20238",0.000576622149529952,0.0015890964253627,0.997820384094941,1.12556470557484e-05,2.64168311120017e-06,3
"20253",0.000287103957086682,0.000865502367290718,0.998839698279569,1.92142175660726e-06,5.77397429683316e-06,3
"20255",0.998942554144516,0.000414785760229845,0.000319579685709468,0.000317977992559179,5.10241698504352e-06,1
"20258",0.00018279688371118,6.47986110781023e-05,0.999749284349726,8.30254987230326e-08,3.03712998541656e-06,3
"20269",0.0351185235086844,0.000110614932458827,0.916761823372938,0.047940023740605,6.90144453134561e-05,3
"20271",0.000445781218618074,2.11999597929258e-05,0.985241979719108,3.21930001862058e-07,0.0142907171724788,3
"20285",0.0426311862990455,1.5066375969247e-05,0.00515026666420743,0.00143518251553177,0.950768298145246,5
"20288",0.02988818923498,0.00274600290808688,0.96723859318129,0.000106406585334076,2.08080903088163e-05,3
"20291",0.000303933371933115,0.255582863422222,0.744108706666584,3.17846715211845e-06,1.31807210896892e-06,3
"20295",0.074150876781468,0.000199696189032589,0.743974296410031,0.0216470015568857,0.160028129062583,3
"20298",0.995272760433866,4.86038769525728e-06,3.73162389529145e-05,0.00459233144623581,9.27314932504078e-05,1
"20302",0.312135553073684,7.95668222123897e-06,0.00115378666249998,0.684146775481925,0.0025559280996695,4
"20305",0.997264641919632,2.10314820435148e-06,3.02618709813565e-05,0.000909992864870557,0.00179300019631117,1
"20307",2.94216781900671e-05,0.00044610548358273,0.999524366988111,4.2668412837857e-08,6.31817035144021e-08,3
"20310",9.76135577861252e-07,0.00204611230118303,0.997951799084548,3.84477684854656e-08,1.07403092212331e-06,3
"20313",0.000684421827649513,2.49788603454069e-08,1.66514426251984e-07,0.99929854030497,1.6846374093764e-05,4
"20315",0.000768102222284809,0.000117968207173531,0.999086161527955,5.36612962532479e-07,2.72314296243156e-05,3
"20319",0.00027111824702864,0.615857518289654,0.383870656659152,1.91680683468307e-07,5.15123481155867e-07,2
"20321",0.000108601818384157,8.36550601852125e-05,0.999796570686276,8.28017114536094e-06,2.89226400911295e-06,3
"20327",5.76314360854892e-05,1.04460570780666e-05,0.99988100328753,2.49998928448282e-07,5.06692203776048e-05,3
"20329",0.000245989161973498,3.15885198295278e-09,1.58223145459427e-06,0.000132963600969536,0.99961946184675,5
"20335",2.86089867358315e-05,0.103753917843386,0.896215939084174,1.52962209047342e-06,4.46361355881704e-09,3
"20337",0.733934124344661,1.07832106128992e-05,4.90654785035857e-05,0.265986433703,1.95932632222193e-05,1
"20339",0.0110595207814754,0.981331658015295,0.00687483930987308,3.35749590188073e-06,0.000730624397455048,2
"20341",6.08413379697177e-05,0.973198539535826,0.0262903911668315,0.000450191237786364,3.67215860612034e-08,2
"20343",2.43788972003334e-05,0.00872031164561611,0.991162180048118,9.27626002582406e-05,3.66808807729165e-07,3
"20345",0.969841740793543,5.36231735478989e-05,0.00476558670493954,9.62126554545645e-06,0.025329428062424,1
"20350",0.159975870915896,0.377034017820545,0.425954978043645,0.0259808298917443,0.0110543033281703,3
"20352",0.000518181936336995,2.88821322299849e-07,2.45259686801346e-06,0.999478338237972,7.38407500291201e-07,4
"20355",0.030040907811726,0.000225830519192962,0.00346168683721212,0.9660554425112,0.000216132320668676,4
"20358",0.0366430536459495,9.73416341511239e-08,2.42631692051422e-05,0.023868027100197,0.939464558743014,5
"20363",0.000424609698286889,7.75017438886202e-05,0.999490748059457,6.27124827272917e-06,8.69250094850271e-07,3
"20365",0.0428054687907565,0.543447093367674,0.413744480510051,2.0805843269321e-06,8.7674719151253e-07,2
"20379",0.997205577882053,0.000689009561827543,0.000411033388285606,0.00134321773784052,0.000351161429993508,1
"20387",0.000702823291465641,0.001393972332579,0.997902691241981,2.93686776563359e-07,2.19447197948589e-07,3
"20392",3.0168225349341e-05,0.997202384585311,0.00276743653128463,9.94260803326183e-09,7.15447298232784e-10,2
"20395",0.982569747921536,0.000316797067760891,0.0160513325548903,0.000995657948020147,6.64645077925321e-05,1
"20397",9.2547632016407e-05,1.21383099920532e-08,2.3454160855653e-07,0.00986356783961393,0.990043637848451,5
"20410",0.0103458571602489,0.000595237102964532,0.988566341496719,4.03210051583443e-08,0.000492523919062346,3
"20414",0.693369536307423,9.05477433946001e-06,0.00111026549457311,0.305403137152342,0.000108006271322679,1
"20417",3.15569987962483e-07,0.907319036339646,0.0925796601117312,1.54710308708452e-08,0.000100972507603902,2
"20419",3.04991653449319e-05,1.86053638254769e-06,0.99993711564944,1.19351289950363e-06,2.93311359334077e-05,3
"20421",0.301894846659475,0.0157889383133217,0.00369403021280667,0.678609040170746,1.31446436502978e-05,4
"20423",0.63322830353715,0.000123116469312668,0.000253684611752548,0.366383418497248,1.14768845369685e-05,1
"20425",0.424255952404221,0.000444701164155887,0.000628573927159387,0.574665960853199,4.81165126534951e-06,4
"20427",0.954886853934062,3.86596668878579e-05,0.0446828297583074,0.000296233311052187,9.54233296907594e-05,1
"20429",0.000192999120923207,0.00415472292956736,0.995134406863882,0.00021960149865373,0.000298269586973883,3
"20432",0.16073467862934,4.89425042256946e-07,5.09192416170058e-05,0.838731779976736,0.00048213272726405,4
"20435",0.186590130323509,0.0268681379060061,0.786199981443439,1.05836002273422e-05,0.000331166726818892,3
"20438",0.000435196475444805,2.00765986257371e-05,0.999115293332254,0.00031235619133213,0.000117077402343107,3
"20440",0.000163227547200286,2.58268474124833e-05,0.999772132809922,1.6909460249183e-05,2.19033352163939e-05,3
"20443",0.00189016497071331,3.3376519542488e-05,0.000198678979043999,0.997869205536118,8.57399458198555e-06,4
"20446",0.437407474861473,0.00160552751461697,0.554054441966302,0.00418323838625234,0.00274931727135566,3
"20449",0.198641680121881,0.0159702318545939,0.78503309706516,2.37617345412626e-05,0.000331229223824038,3
"20537",0.00854478729319997,0.271169019139327,0.720084573813156,0.000197887993989299,3.73176032739221e-06,3
"20540",1.36578921291306e-05,0.991126970045415,0.00885934910907799,7.21093677827005e-09,1.5742441145311e-08,2
"20543",0.798145774599341,0.000751840245937521,0.197229096599871,0.00379558838751633,7.77001673341975e-05,1
"20545",5.71346707897994e-05,0.998733942094322,0.00120851538261662,4.07551252899086e-07,3.0101837132792e-10,2
"20549",0.936988653804553,0.00373380996257562,0.045430517013141,0.0138442479007809,2.77131894979299e-06,1
"20551",0.0258467695415124,0.00165986248882602,0.972380170884422,0.000112588873309082,6.08211930053384e-07,3
"20554",0.00467988801207056,0.000105509300347027,0.995192888636483,1.11771875862783e-05,1.05368635133447e-05,3
"20556",0.694344779332741,0.126685912605794,0.177752689240173,0.00121152556240593,5.09325888544806e-06,1
"20558",8.25313786967554e-05,0.000164124159269147,0.999753002689159,2.54020309155495e-07,8.77525663983037e-08,3
"20560",0.0200651261098175,8.6034494069798e-05,0.976237651418513,0.00360861514365356,2.57283394600953e-06,3
"20563",1.10419698895847e-05,0.000233387017624571,0.999754446619404,8.10713823597608e-07,3.13679258243552e-07,3
"20565",0.126680919846005,0.00129862055723251,0.849888594885791,0.0221214549390907,1.04097718807155e-05,3
"20567",0.106512324470558,2.27533190956295e-06,8.05554643853088e-05,0.89315410107327,0.000250743659876744,4
"20571",0.00144051242342928,0.0313852100393597,0.965929692629242,3.71310175677645e-05,0.00120745389040136,3
"20573",0.0461704415859046,0.00456374285331646,0.948708856596686,0.000551856798846602,5.10216524577512e-06,3
"20575",2.37672547895552e-05,0.000101815800220825,0.999870431722885,1.65055733917313e-07,3.82016637051605e-06,3
"20577",0.887871756917547,0.00212413512521864,0.109015993900183,9.43005886532587e-05,0.000893813468397676,1
"20579",0.00139694672125917,2.37460237265361e-08,1.98117699272012e-06,0.892333474768076,0.106267573587649,4
"20582",1.17979816111222e-05,0.000112155426384042,0.99987577388501,3.93870329574277e-08,2.33319961902632e-07,3
"20585",0.0193541766975469,0.889289548390362,0.0913547303897534,1.46634482329422e-06,7.81775144326321e-08,2
"20588",0.0104413906140088,0.981741409098297,0.00766884252803154,0.000145741666747912,2.61609291519536e-06,2
"20590",0.00445547428199412,1.20911783697191e-08,5.42824802939068e-07,0.994070149710625,0.00147382109139917,4
"20592",5.80641447758921e-06,7.58731450388457e-05,0.999917144042989,1.07894315763423e-06,9.74543364595344e-08,3
"20594",2.15151563821279e-05,0.000296544544911383,0.999680414156314,7.07823099175532e-09,1.51906416141808e-06,3
"20596",0.00944874650108388,6.02619842207174e-06,0.987953787395259,0.000430782252151148,0.00216065765308419,3
"20598",0.0115540899683167,0.000111586648977587,0.988321659864978,5.89849770700482e-06,6.76502002097644e-06,3
"20600",0.237186540578507,0.685503016983896,0.0761242855313032,0.00118484998758482,1.30691870889022e-06,2
"20603",0.993866187211507,0.0025348854016446,0.000536031653699539,0.00303337004654057,2.9525686608321e-05,1
"20605",0.000419800974988474,0.000457701961094324,0.999107171711126,2.1617783757213e-08,1.53037350076687e-05,3
"20607",0.00141251309305122,1.36140595032067e-05,0.998500376373602,4.66383994340154e-07,7.30300898494803e-05,3
"20609",0.0194187041200795,0.000121368649151832,0.980409281747319,2.96812104827559e-05,2.09642729664328e-05,3
"20611",0.989624019029468,2.4577361016334e-06,3.98366097414607e-05,0.000289345668745022,0.0100443409559435,1
"20613",0.599473502833824,0.00297276402842565,0.397401830342077,1.15289442245675e-05,0.000140373851448821,1
"20615",0.708272184664823,0.0552157593811626,0.234420919078213,0.00208917173283171,1.96514296934947e-06,1
"20617",0.00247683579020676,3.87596399040393e-07,1.20260813386309e-06,0.997520233950511,1.34005474939327e-06,4
"20619",2.49160826463351e-05,3.65729677608026e-05,0.999932943044554,3.1196001226816e-06,2.4483049160395e-06,3
"20621",0.0167846835151164,0.000408376257655611,0.982707702367767,3.01334663892549e-05,6.91043930711309e-05,3
"20623",0.00899552410330062,3.07356589172864e-07,0.00177459478299962,0.98804224448626,0.00118732927085054,4
"20625",0.938358453852071,0.0239524353349417,0.00105636146748693,0.0366226894269744,1.00599185263361e-05,1
"20627",0.222301611573204,0.000524664745412463,0.776429706622909,4.03903694169832e-06,0.000739978021532762,3
"20629",0.211468190299449,0.00313949597748091,0.784671266640182,0.000706876966598253,1.41701162900819e-05,3
"20631",1.48935115146519e-05,0.000123427116388099,0.999854070171715,7.38470664244534e-06,2.24493739696254e-07,3
"20633",0.000369105914025698,1.22650381506163e-08,1.04568646832762e-07,0.999544177585591,8.65996666984773e-05,4
"20636",0.918366230627553,9.04651241564363e-06,0.000868317039168959,0.0237415550510673,0.057014850769795,1
"20638",0.797006906363651,0.0722951350094958,0.128827038442939,0.000161107792909246,0.00170981239100447,1
"20640",0.00367761296757632,0.0757952889204085,0.920525581226185,1.54690925274405e-08,1.50141673754785e-06,3
"20645",3.31120898109724e-06,0.00398352450175158,0.99601314341777,2.49471874286856e-09,1.83767781763703e-08,3
"20647",6.84491101966513e-05,2.5975331495603e-07,5.21960969722274e-07,0.999929852155026,9.17020492894397e-07,4
"20649",0.0233768394190559,0.0101730132684876,0.966437574429742,1.06398707932727e-05,1.93301192090619e-06,3
"20651",8.51295620136265e-06,0.00294044782032382,0.997005846537125,1.04578301237467e-05,3.47348562265041e-05,3
"20656",0.0016460731325447,0.0329828705644169,0.96536608368915,3.62960903767458e-06,1.34300485067956e-06,3
"20660",0.00808497314789059,0.932753292978158,0.0582766736129345,2.84136866879698e-06,0.000882218892348014,2
"20662",0.0654637831225253,3.15061448576945e-06,0.000387135235479986,0.833618873613683,0.100527057413826,4
"20664",0.0115900652760883,3.01639987825625e-05,0.882105605896414,0.0971591856750938,0.0091149791536212,3
"20666",0.954726428978879,0.0446061885231734,0.000526284774429019,7.18134004142281e-05,6.92843231037752e-05,1
"20668",0.544668814174095,7.86438515327477e-07,8.50966514617778e-05,0.455081568729814,0.00016373400611406,1
"20670",0.000949778061800387,0.00032168960542277,0.997804459699377,4.39160115328044e-06,0.000919681032246712,3
"20672",0.550271476656433,2.52081491990113e-05,5.40371428696091e-05,0.449635312364448,1.39656870496518e-05,1
"20674",0.0883057839444538,0.000166962181663591,0.911134910067403,0.000143520155421803,0.000248823651057638,3
"20676",0.0674760147250962,3.74757823574694e-07,1.28181242617719e-06,0.00452333024561731,0.927998998459037,5
"20678",0.0421129036037663,5.2399514686894e-08,1.5164206591225e-06,0.0470440073659628,0.910841520210097,5
"20680",0.715886862472661,3.15474102736543e-05,0.00147740153417328,0.282589258656669,1.49299262220948e-05,1
"20682",0.847116991388956,7.70776847895125e-06,0.00303873630598171,0.000747078814130869,0.149089485722452,1
"20684",0.0882178884119392,0.0042992268952071,0.793970054045594,1.70884891779765e-05,0.113495742158081,3
"20686",0.0197287835209099,1.05731321678018e-06,5.57140292824098e-06,0.980261787965651,2.79979729450132e-06,4
"20688",0.00176048082882395,1.19020096973318e-08,4.50894809058887e-07,0.05644631726589,0.941792739108467,5
"20690",0.00181985945538402,0.961784491398669,0.036392845590458,7.72731613236732e-08,2.72628232752898e-06,2
"20692",0.00102909795245112,1.25571393861562e-08,2.12220249371771e-07,0.981334015995598,0.017636661274562,4
"20694",0.983567439997153,2.01435880360698e-06,2.22688250474742e-05,0.0161166738913279,0.000291602927667913,1
"20696",0.992924260197499,2.29318476962032e-05,0.000646611463293841,0.00547243487887185,0.000933761612639224,1
"20698",0.0948674857194615,0.00948102218610489,0.886458355130671,0.00916683994989328,2.62970138697169e-05,3
"20700",0.00120173188184617,0.000388815349167002,0.995085787892004,0.00292526486403378,0.0003984000129487,3
"20702",0.000158543039406204,0.903273689856879,0.0965673990340871,3.45001763940679e-08,3.33569451321089e-07,2
"20704",0.192868986703661,0.000401497138781407,0.806606883181003,3.47444683284425e-05,8.78885082254683e-05,3
"20706",0.426253730394828,0.00454610671330026,0.167723806069281,0.00910005043271308,0.392376306389877,1
"20708",0.0585475787257481,1.26958852383543e-07,9.07230013823975e-06,0.000440744355735584,0.941002477659526,5
"20710",0.0617948827108819,0.397442110645655,0.540760277622444,1.51541599041257e-06,1.21360502857657e-06,3
"20714",0.0115315170112793,5.93156330719172e-08,2.23800941543804e-05,0.988382529130037,6.35144488960063e-05,4
"20716",0.00709300925740512,0.000124162401068229,0.992646408103096,4.34587294802586e-07,0.000135985651135887,3
"20719",0.0416112217556347,9.02468190009017e-05,0.107409513849664,3.14918089371186e-05,0.850857525766763,5
"20721",6.52941995554723e-06,8.17080786735982e-05,0.999910301111863,1.32505752783024e-06,1.36331979739082e-07,3
"20723",0.0169357780346155,0.0012791533690386,0.134462859033311,0.000142378122356848,0.847179831440678,5
"20725",0.998125497620687,0.000123295913361735,0.00161783287892901,9.61695543902571e-05,3.7204032632627e-05,1
"20727",0.00527975051057833,0.000109270618145997,3.37826258781108e-06,0.994064976523653,0.000542624085035122,4
"20729",0.975872922210388,3.65675457756178e-06,5.14177917825563e-05,0.000198066709134191,0.0238739365341177,1
"20731",0.999192742656727,0.000115768296203569,0.000463054790918097,1.26864398679571e-05,0.000215747816283345,1
"20733",0.12514056494685,0.00401875896925953,0.870575964741155,1.28342614347564e-05,0.000251877081300672,3
"20735",0.64307469422851,0.0151622932204292,0.341639859209174,7.32287804417666e-06,0.000115830463842812,1
"20737",0.743045662625111,3.79657141467154e-07,4.59251974203042e-05,0.0400871653402424,0.216820867180084,1
"20739",0.000516140171500822,4.24003063437148e-08,1.65040613226095e-07,0.99943369174302,4.99606445593295e-05,4
"20741",0.963668734879507,5.37076672730142e-05,0.00539315307737183,0.0308776933664294,6.71100941911393e-06,1
"20743",0.97650368957841,5.36052023841107e-05,0.00534612713524909,0.000249493827265362,0.0178470842566912,1
"20745",9.21522096088593e-05,0.000257162582935671,0.999643155645323,1.95451284212515e-06,5.57504929073987e-06,3
"20747",0.974882220132887,4.27527386794538e-06,5.85199861976891e-05,0.000159797625825582,0.0248951869812215,1
"20749",0.988669826191159,4.6180499464497e-06,2.56473183807227e-05,0.000394489098728215,0.0109054193417852,1
"20751",0.997371059732188,0.00204090176423607,2.30761330518907e-05,0.000415228880684156,0.000149733489840053,1
"20753",0.995944132701282,4.42430248057945e-06,9.42297862651977e-05,0.000187386014251153,0.00376982719572067,1
"20755",0.000725201837653628,9.8495838544822e-09,7.45041909548992e-07,5.44537435204715e-05,0.999219589527333,5
"20757",0.00188083127140175,6.98023747105755e-07,0.00420794936495414,0.00746079717385869,0.986449724166038,5
"20759",0.000128717156340208,2.57809214834829e-05,0.999623006014974,0.000166640294479287,5.58556127231774e-05,3
"20761",0.97675021696624,6.47342938589051e-05,0.0217688468183617,0.00136699342815119,4.92084933885194e-05,1
"20763",0.929771703910098,0.000826774445189563,0.0634177954718939,0.00579959794404424,0.000184128228774564,1
"20765",0.994902036638978,4.4904947305874e-05,0.00200044519121178,0.00304677531931819,5.83790318575424e-06,1
"20767",0.036359873030896,0.000360570967907361,0.952852965468754,1.65993210180529e-06,0.0104249306003406,3
"20769",0.0324061247816286,0.701405963277182,0.260290852741811,6.77053232731582e-08,0.00589699149405489,2
"20771",0.707742993506151,9.14801752793365e-06,0.0962867691117583,0.19025393921343,0.00570715015113302,1
"20773",0.000166835100992344,2.94393482364555e-07,2.47324287292811e-05,6.32482270957471e-06,0.999801813254086,5
"20775",0.99751041645979,0.000181595572308645,0.00156047480817035,6.35705625265203e-05,0.000683942597204219,1
"20777",0.647955894879028,0.327230691346025,0.0241031723849381,0.000402578736650429,0.000307662653357486,1
"20779",0.998872291670468,5.54414102790188e-05,0.000820860149288996,1.6675686016147e-05,0.000234731083948289,1
"20781",0.00531708612219452,0.969596176827699,1.18182719610352e-05,0.0194917313029755,0.00558318747517028,2
"20783",0.975411099683393,1.4015859715498e-05,0.0195849591993868,0.00259661305720029,0.00239331220030484,1
"20785",0.000150694074394539,7.18275478769252e-08,2.4360955756456e-06,0.000838905342072735,0.999007892660409,5
"20787",0.969129947323385,3.42573925081094e-07,0.000260769781300105,0.0168609099418963,0.0137480303794931,1
"20789",0.604038934498931,0.00100281280748183,0.387450797995507,9.93480371386428e-06,0.00749751989436665,1
"20791",0.947031850460766,9.28576497874373e-07,9.98377597000916e-06,0.0520250867929645,0.000932150393801839,1
"20793",0.698834767908623,0.000700655274934508,0.298810431085932,4.5389891238044e-06,0.00164960674138681,1
"20795",0.828993259981797,2.32998793413677e-06,0.000183681461605524,0.170181788155071,0.00063894041359162,1
"20797",0.00127890292278165,0.00237599257671725,5.65635785693582e-07,0.996334586574693,9.9522900220533e-06,4
"20800",0.997866316700839,2.16530222862254e-05,9.35658995056517e-05,0.00200139187367983,1.70725036888951e-05,1
"20802",0.992347370124786,4.36305037969544e-05,0.00614190777900398,0.00144022730833195,2.68642840810909e-05,1
"20804",0.863515857801183,6.19188345438053e-07,3.10402823798035e-05,0.00305131827290913,0.133401164455183,1
"20806",0.742588356539411,6.89495669586421e-07,8.37341143447817e-06,0.256075437594225,0.00132714295926038,1
"20808",0.0132292322266481,5.33304218300252e-05,0.986416489065292,1.37729443341386e-07,0.000300810556786607,3
"20810",0.565896761755457,1.8804655620555e-05,0.000852777332507627,0.431513022297061,0.00171863395935385,1
"20812",0.987427661516602,0.0046280400943595,0.0032096917429211,0.00472913496960917,5.47167650809615e-06,1
"20814",0.120052809336192,9.09282849672497e-08,2.80927783594832e-06,0.168946479075855,0.710997811381833,5
"20816",0.00332398132098084,0.00170496385951909,0.118678721974857,3.08706191665251e-07,0.876292024138451,5
"20818",0.990583098205414,0.00010841733825063,0.00672372609482403,0.00244866867253682,0.000136089688974656,1
"20820",0.000167082464966831,1.28262579107428e-07,2.64010007515479e-07,0.999821897438538,1.06278239086e-05,4
"20822",0.995476104247653,1.47470147902011e-05,0.00343073391392869,0.00105588180768576,2.25330159427497e-05,1
"20824",7.62934048761172e-05,3.12245626085214e-08,7.21296905290407e-07,0.000162404948250685,0.999760549125405,5
"20826",0.00475409006146058,4.7974726298847e-07,1.68929714871227e-06,0.995242092237122,1.64865700554542e-06,4
"20828",6.43811697968486e-05,2.21202906393167e-07,4.87272818917237e-07,0.999934089942712,8.20411765745639e-07,4
"20830",0.984427453082875,6.88031010627282e-06,4.38830237090582e-05,0.000402297471111726,0.0151194861121983,1
"20832",0.624950446849498,0.000213834123284577,0.331477367144324,0.0431508440809791,0.000207507801914425,1
