"","V1","V2","V3","V4","best$classification"
"19812",4.82644134979174e-07,0.986478022467526,0.0135214941600122,7.28326395061812e-10,2
"19814",1.04285225291616e-09,0.991032493379246,0.00756245936614078,0.0014050462117609,2
"19816",0.0671806735694161,0.917961105502861,0.0148582209277225,4.88702995979259e-22,2
"19818",2.63739089684419e-06,0.992976077628199,0.0070212849673088,1.359564129517e-11,2
"19820",0.945656551078198,0.000104735739887363,0.0542387131819153,3.80962692165842e-53,1
"19822",0.0521557195228816,2.49186751188206e-10,0.947844280227932,5.94571368266231e-68,3
"19824",0.753484563894098,0.000749850574535875,0.245765585531366,6.8757305981485e-41,1
"19826",3.8622435913426e-07,0.977018028970177,0.0229815848050416,4.21688779660469e-13,2
"19828",0.969450945083114,0.0177395147726347,0.0128095401442512,1.81881435435578e-38,1
"19830",1.42348833063967e-12,0.906654818063676,0.0933451819349008,1.30946745954784e-21,2
"19832",0.000347089074031129,0.0198519997656833,0.979800911160286,4.79504547072071e-26,3
"19834",0.00712362196474074,0.890844496828094,0.102031881207166,4.67200351072526e-29,2
"19836",0.000231265060222153,0.964328176705565,0.0354405582342125,2.97378499371681e-19,2
"19838",6.82837963322803e-15,0.431473643097641,0.00624508745394609,0.562281269448406,4
"19840",0.00228389454435093,0.961376259040415,0.036339846415234,7.09932141612534e-29,2
"19842",9.19083528053155e-15,0.00575406437938231,0.101100633235911,0.893145302384697,4
"19844",2.42741648797812e-09,3.07145897547294e-10,0.999998055793979,1.94147145871053e-06,3
"19846",6.14525085462193e-18,0.0337692760290475,0.000776964404923087,0.965453759566029,4
"19848",1.02122806547944e-17,0.0487390642414946,0.000340519525404599,0.950920416233101,4
"19850",3.61998313851867e-13,0.981659373048142,0.0183403680596015,2.5889189470632e-07,2
"19852",0.00113836440690423,0.982935339987075,0.015926295606021,1.6147711487238e-21,2
"19854",3.66060267521512e-19,0.00241889041014696,1.20558634445119e-05,0.997569053726409,4
"19856",3.97046870384348e-09,0.0135424279118475,0.986457568117684,2.84675103531427e-24,3
"19858",0.000165177021712537,0.000973678418597967,0.99886114455969,1.43001714651231e-28,3
"19860",0.000183376032920227,0.961912534383929,0.037904089583151,2.64936650374652e-20,2
"19862",1.16754795642455e-20,0.00101704558178105,2.7753041809663e-05,0.998955201376409,4
"19864",3.03218325380609e-09,2.27826351999146e-18,0.999999996967817,3.10925648214711e-16,3
"19866",0.284426301502749,0.433759313833858,0.281814384663393,5.40873333879209e-41,2
"19868",1.05157771883203e-15,1.69567042961307e-26,0.999999999999999,3.12265831836188e-26,3
"19870",2.22433717688746e-11,0.989094542948197,0.0109054389503817,1.80791784689729e-08,2
"19873",9.89139505683943e-07,0.982177907467452,0.0178211033930428,3.45570421253148e-24,2
"19875",0.532600676212927,0.441348122410493,0.0260512013765797,5.29892639096757e-37,1
"19877",1.99272154526719e-09,0.988921438675854,0.0110785593313463,7.85742543640107e-14,2
"19879",4.68380828923922e-05,0.969235081962645,0.0307180799544629,8.0702822771422e-31,2
"19881",2.79509715335672e-08,0.970871989653038,0.0291279823959909,7.57549396140743e-23,2
"19883",1.33423190990489e-08,0.971356980618983,0.0286413595968677,1.64644182973587e-06,2
"19899",6.43035778526424e-05,0.89516828889174,0.104767407530408,1.26317714538648e-33,2
"19908",9.56060714279822e-07,9.15068145017208e-12,0.999999043930135,1.72419841694662e-55,3
"19910",0.000216820806749742,0.991465220763456,0.00831795842979379,1.07921868995827e-17,2
"19912",4.04429118113872e-15,0.569464604122499,0.424841062076231,0.00569433380126572,2
"19914",1.21920102745631e-05,0.956590256073023,0.0433975519167023,2.80813091842104e-38,2
"19916",0.0178376717919425,4.44949915750954e-08,0.982162283713066,4.70363155175083e-53,3
"19918",1.2534587403896e-11,0.980010117385661,0.00946440617954167,0.0105254764222626,2
"19920",3.11297359760259e-16,0.0084902938077439,0.000151145131122213,0.991358561061134,4
"19922",2.48177794489656e-06,1.14898416411761e-06,0.999994643785065,1.72545282619199e-06,3
"19924",1.15158703596133e-08,0.986955171492768,0.0130448169913605,7.92668377715399e-16,2
"19926",0.00100808744741585,0.529447273494821,0.469544639057763,3.68266214597613e-44,2
"19928",2.58370802691156e-15,4.44178720945297e-23,0.999945668944912,5.43310550853103e-05,3
"19930",2.90905978427269e-10,0.9942659361064,0.00502993428445747,0.000704129318237051,2
"19932",1.11555401905688e-16,0.0158415920974354,8.4498142289593e-05,0.984073909760275,4
"19934",0.0353608993396032,0.908644898848364,0.0559942018120328,3.48383584153592e-29,2
"19936",1.56089085062249e-08,0.974162820492915,0.0258371638981752,1.22064019398736e-15,2
"19938",0.273198295120935,0.00577739566643737,0.721024309212628,2.55324498147708e-68,3
"19940",1.69226513690823e-05,0.988165890024511,0.0118171873240442,7.57367146882369e-14,2
"19942",1.21441557935112e-10,7.34241323208933e-11,0.999999976628581,2.31765533469771e-08,3
"19944",0.00167983078999604,0.97683103915139,0.0214891300586141,2.57659024196896e-27,2
"19946",4.72156411896336e-06,0.980433258311869,0.0195620201240117,1.33967391504341e-22,2
"19948",1.90764934171305e-10,4.35373880083464e-10,0.987145143412189,0.0128548559616726,3
"19950",6.87682393568269e-19,5.35429494849006e-07,1.26550329819942e-05,0.999986809537523,4
"19952",1.90764934171305e-10,4.35373880083464e-10,0.987145143412189,0.0128548559616726,3
"19954",8.91936628214247e-13,0.504826895723303,0.00199727011622249,0.493175834159583,2
"19956",2.39635930317009e-18,0.000969861863203111,0.999030138136797,1.70032750368061e-18,3
"19958",2.13175288898442e-12,9.18324294682918e-22,0.999999999997663,2.05750738014957e-13,3
"19962",1.2135508040234e-05,0.687817141086266,0.312170723405693,2.18159588869916e-33,2
"19964",5.34192605320587e-06,0.92483636750908,0.0751582905648663,4.33440558023236e-22,2
"19966",0.444199949995227,0.00364892732176242,0.552151122683011,1.98918396111518e-50,3
"19969",1.92708448312194e-11,0.986751973017188,0.0132480265406082,4.22933467000243e-10,2
"19972",4.98785795530162e-10,0.557904812414153,0.442095187076792,1.02694585020223e-11,2
"19974",4.74904289967153e-21,9.83844559748208e-06,0.000236414476427565,0.999753747077975,4
"19976",4.52257015971438e-08,0.986401680510428,0.0135982742638706,1.12135334680277e-16,2
"19978",0.00313497454673648,0.983211830588282,0.0136531948649818,5.10250689881417e-17,2
"19980",2.43195199245469e-19,0.00294274003490719,3.11280690263105e-05,0.997026131896067,4
"19982",1.75054520505274e-11,0.575238205026299,0.424761794956184,1.19174538819329e-14,2
"19984",2.21547529175585e-09,0.0063239880919038,0.993659820193466,1.61894991554025e-05,3
"19986",0.918777130073967,0.00150290925348343,0.0797199606725496,1.18100216519713e-57,1
"19988",0.805682106639768,6.19693596028309e-06,0.194311696424272,7.67874400760381e-57,1
"19992",0.976159736389236,0.0014891845444926,0.0223510790662708,1.52797014263505e-48,1
"19994",4.35169150134791e-10,0.980141508490073,0.0056350682050795,0.0142234228696784,2
"19996",0.977936121977415,0.0128907145511799,0.00917316347140554,1.54047814642493e-44,1
"19998",1.48665400344034e-06,0.0928207477989864,0.90717776554701,9.53274317267147e-38,3
"20000",2.5061991758246e-15,0.00115701810402059,0.998842981895977,1.38018423838745e-20,3
"20003",2.84025514355804e-08,0.989890287223949,0.01010896769765,7.16675849437884e-07,2
"20005",5.89587911167299e-20,0.00333645462750222,3.60930135969479e-05,0.996627452358901,4
"20007",0.000351474588615674,0.9543223447759,0.0453261806354846,2.86657801637547e-35,2
"20009",0.202452505149642,0.000141115841641495,0.797406379008717,4.94137503331469e-62,3
"20011",1.32591593783718e-08,0.934881338078538,0.065118648662302,1.90510406444218e-16,2
"20013",1.76639059038721e-12,0.990589688440001,0.00896682933067714,0.000443482227555692,2
"20016",0.508420302530167,1.9580289761071e-06,0.491577739440857,2.94447346443825e-60,1
"20018",2.49719896397017e-07,1.0632982651863e-34,0.999999750280104,1.50413363623278e-51,3
"20021",0.376576322155081,0.59672560319537,0.0266980746495487,4.4290922610673e-31,2
"20023",0.00706869332390714,0.940970330850471,0.0519609758256222,1.98253696259885e-40,2
"20025",0.00550413576371475,6.84597637280093e-16,0.994495864236285,9.85278657476515e-79,3
"20027",1.66416295974712e-12,0.927662382801811,0.0623749112143204,0.00996270598220454,2
"20029",6.10266559863155e-16,0.437149687232544,0.00592717948625873,0.556923133281196,4
"20032",1.64881156511745e-12,0.904098128898405,0.0111417711373087,0.084760099962638,2
"20034",6.33459865107e-09,2.07477255602405e-07,0.975689292807813,0.0243104933803325,3
"20036",4.40045519311354e-08,0.619118291921479,0.380881664073969,1.27169574146701e-23,2
"20038",0.911168619861737,0.0473500726823534,0.0414813074559098,2.70828146983486e-39,1
"20040",0.00650365724140336,8.81076837547372e-16,0.993496342758596,2.59966125305052e-68,3
"20043",0.727988819470902,0.242606404821898,0.0294047757071998,3.20027947924653e-35,1
"20045",0.542650219332446,1.87212162462214e-08,0.457349761946338,5.73404984841361e-50,1
"20048",5.90282935279279e-18,1.39132570463714e-11,5.48242839633209e-05,0.999945175702123,4
"20051",7.29251373032515e-05,0.813528424416407,0.18639865044629,5.9400149352952e-24,2
"20053",0.0581750249159996,0.882190201236259,0.0596347738477412,1.09497862989484e-42,2
"20055",0.0629422468011567,0.0817188962988854,0.855338856899958,7.60097127452453e-29,3
"20057",2.99310951871688e-23,4.71609629935392e-42,0.999999999998364,1.63623471077712e-12,3
"20059",0.346026253781385,0.0700797097138643,0.583894036504751,3.91842034206701e-52,3
"20061",0.0129936394191554,0.90788067191281,0.0791256886680349,1.0412867335496e-45,2
"20063",2.02439591253891e-07,1.30842912937664e-19,0.999999797560409,6.05638764732876e-26,3
"20065",0.0711482873060187,2.17049422774076e-12,0.928851712691811,4.47375150595971e-39,3
"20067",0.785688467293568,0.0089488682963856,0.205362664410047,1.31637203095927e-31,1
"20069",3.70555999750681e-18,0.00686972577811929,0.0001130917546119,0.993017182467269,4
"20071",4.12693813989551e-05,0.235232678297455,0.764726052321147,5.79396532186306e-41,3
"20073",1.83305540717143e-08,0.869926319620073,0.130073608760286,5.32890866901655e-08,2
"20075",2.10652554754221e-14,3.2262117702816e-21,0.999999999999979,3.58018954668393e-19,3
"20077",0.027935700568545,0.934873778228539,0.037190521202916,8.51758311955274e-27,2
"20079",0.000158015465343597,0.0126432110494078,0.987198773485249,9.45484992210071e-32,3
"20081",0.43745757159488,0.0383215293179105,0.52422089908721,6.80926322531253e-32,3
"20083",4.91135890623647e-09,1.63828365135664e-06,0.99999835680499,2.07581771272586e-34,3
"20085",0.900986070050268,3.7751671218894e-06,0.0990101547826101,4.00771714434947e-54,1
"20088",0.821522159052703,0.155988117762966,0.0224897231843311,4.08879476709265e-38,1
"20091",1.16749473831885e-05,9.17064053721661e-13,0.9999883250517,1.84185381788771e-34,3
"20095",4.07273881979649e-06,2.38578856931161e-08,0.999995903403295,6.74223954844921e-30,3
"20097",0.903893154253594,2.2060933817886e-06,0.0961046396530242,4.46619817778008e-53,1
"20099",0.221402387719955,0.000122824963045933,0.778474787316999,1.16302443609809e-27,3
"20102",4.42469973976192e-09,8.04558437471631e-12,0.999999995567255,3.59008771000585e-24,3
"20105",0.740743417112847,0.174421205527213,0.0848353773599403,5.00452386465644e-39,1
"20107",0.467729025434823,0.50580902500292,0.0264619495622565,1.64823904410757e-40,2
"20109",0.2861612159072,0.196973560583812,0.516865223508988,2.8779893929824e-18,3
"20111",8.9784198197518e-16,1.04889954682314e-12,0.999654360068463,0.000345639930487242,3
"20113",0.0980673732182545,0.604171792080651,0.297760834701094,1.83124543714085e-36,2
"20115",2.94663684911395e-12,0.0303446948857695,0.969655305111277,7.2868879038283e-15,3
"20117",2.97478959032977e-08,4.23729066869957e-24,0.999999970252104,2.42536048808471e-57,3
"20119",0.692744201415216,0.00208721172852593,0.305168586856258,8.01077718771343e-38,1
"20121",0.852334070487209,0.112455545697878,0.0352103838149128,1.27373948190278e-49,1
"20123",2.74984476715168e-05,1.09323387008352e-13,0.999972501552219,1.18198397312763e-44,3
"20125",2.83752770462102e-14,0.971143013232015,0.00929854137934133,0.0195584453886153,2
"20127",0.969519975562693,6.10695498003959e-06,0.030473917482327,6.32670514886618e-51,1
"20140",0.000724110395984476,0.00820858746219194,0.991067302141824,5.01823100359739e-39,3
"20142",4.80417960605486e-17,0.00111142899856178,0.00321030623142397,0.995678264770014,4
"20144",5.68473185185134e-15,0.221503757679672,0.778496242320322,4.82579245458756e-19,3
"20146",6.30676782578587e-10,0.41529681323549,0.584703186133833,3.14580540144662e-30,3
"20148",9.60962155900412e-09,0.975781505379532,0.0242184850108118,3.4689639968726e-14,2
"20150",5.2759799619353e-21,0.00100640603129983,9.53345049243531e-05,0.998898259463776,4
"20152",3.52093359628223e-07,0.978224664462969,0.0217749834436581,1.29109806215301e-14,2
"20154",0.00180475763969609,4.80394162967232e-14,0.998195242360256,3.96744119874914e-29,3
"20156",0.000752491678358669,0.292982677865963,0.706264830455678,6.96379580543434e-39,3
"20159",8.52990064620588e-20,0.00102982326127812,2.27501064177405e-05,0.998947426632304,4
"20161",2.42604074924028e-09,0.00490773846279434,0.995092259111165,2.20171104284118e-25,3
"20163",2.92951636654655e-05,0.825498120663608,0.174472584172661,6.6033063447357e-14,2
"20165",0.00156154861491996,0.000454130181077821,0.997984321203989,1.29113240549592e-14,3
"20167",5.067134371112e-09,0.992011094416466,0.00783460208056522,0.000154298435834186,2
"20169",1.1135819854194e-17,3.51576648649087e-08,0.000228248702460001,0.999771716139875,4
"20171",3.79854377855563e-05,1.85497060111272e-21,0.999962014562214,1.05198459584203e-29,3
"20173",2.12387339655556e-05,1.28957558297939e-11,0.999978761253139,2.15508786718612e-31,3
"20175",8.48546204689075e-11,0.990433572805577,0.00956642710789441,1.6742201391054e-12,2
"20177",0.0590768389390929,0.000321031748859524,0.940602129312048,7.80409722620575e-39,3
"20180",0.923338985334756,0.000330381081323781,0.0763306335839202,9.2190191156422e-44,1
"20182",7.75024451111952e-25,4.24136315134653e-28,0.563476267618843,0.436523732381157,3
"20184",1.62614888352696e-11,0.954157040338588,0.0458165002118561,2.64594332943686e-05,2
"20187",8.54390986273885e-06,0.00020025979586277,0.999791196294275,1.1476890304569e-27,3
"20189",0.0421124620005353,0.929819973240708,0.0280675647587572,5.60143643661875e-22,2
"20192",0.00107861938975714,6.49252949591028e-14,0.998921380610178,3.19544708755584e-56,3
"20194",1.74505431747748e-13,0.00723113201235931,0.99276886794278,4.46859891046457e-11,3
"20196",0.400254554937369,1.1053463060697e-08,0.599745434009168,2.1429425348101e-43,3
"20198",6.75072331043754e-05,0.807683383231603,0.192249109535292,4.1096715051923e-33,2
"20204",1.71285454090974e-15,0.491859092943637,0.0220280898061799,0.486112817250181,2
"20207",0.569263164374946,0.000286110962454616,0.430450724662599,1.88659542942066e-38,1
"20209",9.02566937512778e-13,2.45374974703836e-06,0.999997546249295,5.58381129303497e-14,3
"20211",3.99174943546355e-05,5.36284858798215e-11,0.999960082452017,2.65073985440027e-21,3
"20215",0.0974816356954359,0.79525461934427,0.107263744960294,1.26146224599893e-40,2
"20218",8.73696209252226e-19,5.57287198867114e-05,2.31153002101628e-05,0.999921155979903,4
"20222",0.553883469913853,0.00458708793648882,0.441529442149659,1.30494103412062e-35,1
"20225",1.61033517543403e-14,0.290718363599377,0.709281636400607,8.68354000978223e-19,3
"20229",9.3445164892295e-08,0.0820761307370963,0.917923775817739,1.81725608837398e-33,3
"20232",0.00637069138182335,0.77796439887747,0.215664909740707,7.3048381270066e-37,2
"20234",0.00106138318463582,6.53349056123629e-22,0.998938616815364,3.47431870059868e-51,3
"20238",0.811740482613048,0.0242570511621002,0.164002466224852,4.64268387371547e-57,1
"20253",0.920316215191756,0.0284963132324681,0.0511874715757761,1.31816999333923e-43,1
"20255",1.9528318568213e-12,0.920419558833348,0.0166670082650399,0.0629134328996589,2
"20258",0.98221341424411,0.00990475865344171,0.0078818271024477,1.4977706899588e-42,1
"20269",0.29454221459012,0.55289279759461,0.15256498781527,1.4821886818182e-19,2
"20271",0.79938523361892,0.000163794417195931,0.200450971963884,7.48529493887553e-38,1
"20285",1.26841740726275e-07,0.000725133724089179,0.99927473943417,4.06014685221403e-47,3
"20288",0.0462871184697242,0.830706052440983,0.123006829089293,6.4317259248169e-40,2
"20291",0.109730938052397,2.74945010335664e-07,0.890268787002592,5.62198726972274e-57,3
"20295",0.0374693044566325,0.000241317056633364,0.962289378486734,3.60994410356761e-38,3
"20298",1.37457821989821e-17,0.0518610936482273,0.000276352346202029,0.947862554005571,4
"20302",7.25531405387308e-10,0.809482262627239,0.190517736647229,2.7658707371145e-19,2
"20305",1.19557951852606e-16,0.206742475470138,0.00172639439130864,0.791531130138553,4
"20307",0.939172482000634,0.0371425961383238,0.0236849218610422,9.93206997662764e-45,1
"20310",0.171604908169854,9.91893302994239e-13,0.828395091829155,1.05068559390448e-68,3
"20313",1.52742270545164e-21,3.85243697874941e-09,6.13735489459945e-06,0.999993858792669,4
"20315",0.906727432680708,0.0571215577221439,0.0361510095971479,6.37292851084159e-48,1
"20319",0.0980604081726202,1.37389585056847e-08,0.901939578088421,1.26971723041718e-46,3
"20321",0.947968429412812,0.00365132890581556,0.0483802416813729,7.69758403858748e-62,1
"20327",0.97356024298423,0.00257007017429402,0.0238696868414764,2.21252048570507e-43,1
"20329",3.49618710658163e-12,7.63293565294877e-07,0.99931083347218,0.00068840323075888,3
"20335",0.692826307644832,2.07321460234251e-07,0.307173485033708,4.77156919522414e-38,1
"20337",2.62814012221225e-19,0.000503234298648943,5.34220524756169e-06,0.999491423496104,4
"20339",9.89833110890873e-08,1.29745715708877e-10,0.999999900886943,1.04951418748023e-52,3
"20341",0.000109537449898952,9.83291734878483e-14,0.999890462550003,2.19325181060592e-39,3
"20343",0.457166038091178,1.4051690995205e-07,0.542833821391912,3.73832659048466e-46,3
"20345",3.71346243346059e-09,0.985936503451061,0.0140634904012018,2.43427523464161e-09,2
"20350",4.02709886093182e-06,5.36874354562891e-07,0.999995436026784,1.04601381656388e-46,3
"20352",3.0571310530381e-14,5.69889394224783e-06,0.00276262874083835,0.997231672365189,4
"20355",1.39225087009727e-07,0.0182353501128201,0.981764510662093,2.37114234857072e-31,3
"20358",1.31310132684612e-13,0.000764130571759248,0.999235786334291,8.30938187218697e-08,3
"20363",0.856121773942651,0.11665657542476,0.0272216506325884,3.42692530849128e-50,1
"20365",0.0275927704085474,0.0112702572525588,0.961136972338894,1.49838936286358e-32,3
"20379",1.95396528825874e-11,0.800507312617157,0.199492687363303,5.19437159621951e-16,2
"20387",0.896562151357509,0.0819928034269864,0.0214450452155048,5.77310352601206e-35,1
"20392",0.000409871433357587,6.07617759843218e-13,0.999590128566035,5.5642181187975e-28,3
"20395",2.12239533412501e-08,0.974247553993454,0.0257524247825377,5.55421073422774e-14,2
"20397",3.24930919324175e-19,5.36574056217141e-19,0.0148462409183695,0.98515375908163,4
"20410",0.544125842122708,0.394913951368492,0.0609602065087995,1.00170597687071e-27,1
"20414",2.32583709580097e-10,0.971577430299857,0.028422569453698,1.38607903617872e-11,2
"20417",1.29735953646693e-08,9.53720666571867e-40,0.999999987026405,5.03488860538236e-46,3
"20419",0.952792785137183,0.0145170041913313,0.0326902106714853,9.28586772434273e-43,1
"20421",8.38746676149489e-09,0.0319376840915776,0.968062307520956,2.14994047383029e-20,3
"20423",6.82019391621115e-13,0.948143633275521,0.0408029903627535,0.0110533763610439,2
"20425",1.96784987751156e-12,0.914463202196154,0.0845363332030711,0.00100046459880739,2
"20427",1.24336981665017e-06,0.974429530388713,0.0255692262369051,4.56558939296347e-12,2
"20429",0.190742534582528,1.29909457792979e-06,0.809256166322894,1.38284565920838e-71,3
"20432",2.54133274858437e-13,0.857049709674288,0.142949770509964,5.19815494260777e-07,2
"20435",0.0172330304619925,0.37093813336973,0.611828836168277,3.57145612842296e-51,3
"20438",0.735132100639252,0.102288401618189,0.16257949774256,7.85395040335738e-36,1
"20440",0.96755330160603,0.00115798098529839,0.0312887174086717,2.73336077438126e-43,1
"20443",6.74539792557583e-09,0.00226530836277871,0.99773468488845,3.37368033963221e-12,3
"20446",0.000863732645206881,0.638680784033417,0.360455483321376,1.28468653264518e-36,2
"20449",0.00170200010163674,0.912790714081452,0.0855072858169115,3.14319785559511e-44,2
"20537",0.158277208985892,0.000135342335238365,0.84158744867887,4.19604776290144e-48,3
"20540",0.00072800328306544,2.36748152675955e-16,0.999271996716934,3.08202202862585e-36,3
"20543",1.42930798708871e-05,0.985086746425356,0.0148989604947734,7.31042438051466e-21,2
"20545",2.40483371968921e-05,3.75571433313076e-13,0.999975951662427,5.85859186342411e-16,3
"20549",1.13759472166725e-06,0.978236176655732,0.0217626835904431,2.15910306218977e-09,2
"20551",0.0262687847359616,0.948209681865067,0.0255215333989712,1.02389546780723e-24,2
"20554",0.633923532450102,0.351517792606883,0.0145586749430159,1.34859139302074e-28,1
"20556",1.47692285329637e-05,0.791544824457907,0.20844040631356,1.71509115470761e-21,2
"20558",0.980215242547763,0.0131969849482959,0.00658777250394105,5.54977999377251e-43,1
"20560",0.0324571353870337,0.945850728072966,0.02169213654,3.02366191472925e-21,2
"20563",0.967265728195562,5.8986041765953e-06,0.0327283732002617,3.95423358750895e-51,1
"20565",0.0142416628268245,0.811302065922646,0.174456271250529,1.47342246571279e-36,2
"20567",4.12612146457089e-13,0.875846224163085,0.124153721107625,5.4728877234188e-08,2
"20571",0.130868565778391,1.95965240558968e-07,0.869131238256368,2.20746015023505e-52,3
"20573",0.0103968219371606,0.946767608991946,0.042835569070893,6.67210097948791e-34,2
"20575",0.950120441809816,0.000682897818644276,0.0491966603715393,9.81694540933507e-53,1
"20577",2.52027614318271e-06,0.966146433265167,0.0338510464586898,9.62636675632462e-28,2
"20579",4.2469147142092e-15,2.25779219690755e-07,0.993182322237154,0.00681745198362155,3
"20582",0.986467109677681,0.000708951305446248,0.012823939016873,1.22686969379436e-50,1
"20585",0.00432745971361419,0.000891030453267539,0.994781509833118,2.05400475851142e-23,3
"20588",3.38383206734576e-07,1.61949039369967e-07,0.999999499667754,8.23153369086705e-54,3
"20590",1.00921238156536e-19,4.44155934594128e-06,0.000370966023514038,0.99962459241714,4
"20592",0.973952622352622,0.00164726726030643,0.0244001103870712,1.16383362367371e-44,1
"20594",0.977781000215363,4.44455005925605e-05,0.0221745542840446,7.78390988393322e-49,1
"20596",0.357181996220525,0.538582597275147,0.104235406504328,3.65063870535629e-31,2
"20598",0.136521326701611,0.846599856789764,0.0168788165086252,1.45045519975095e-28,2
"20600",1.64016046519075e-05,0.175502741102862,0.824480857292486,1.00326379674496e-25,3
"20603",3.55123633266811e-12,0.815348667997308,0.184651331999141,1.21604181064633e-18,2
"20605",0.834866714213581,0.117089888904281,0.0480433968821382,2.32868500948178e-44,1
"20607",0.412726974883751,0.566721628305822,0.0205513968104273,1.90816311758066e-35,2
"20609",0.525721834937772,0.456123090344585,0.0181550747176426,3.74227664149755e-30,1
"20611",5.70055472912627e-17,0.0510653722072043,0.000476807986977273,0.948457819805818,4
"20613",0.00157250851969696,0.977069879710454,0.0213576117698442,5.3101781702585e-15,2
"20615",1.54686871428671e-05,0.925428794399657,0.0745557369131934,6.95848540618131e-15,2
"20617",9.72507193504042e-20,3.7267945481034e-07,4.48654695135674e-06,0.999995140773594,4
"20619",0.957370237135486,0.0132695996937343,0.0293601631707794,1.59877558009615e-43,1
"20621",0.0467606886075,0.867662373335857,0.0855769380566434,3.1084427879489e-40,2
"20623",3.35948513929159e-06,0.150927091679362,0.849069548621342,2.141563516572e-10,3
"20625",2.40298694814934e-12,0.212672045688068,0.787327954309206,3.22689625234204e-13,3
"20627",0.0024659592440285,0.977069192489517,0.020464848266455,1.97401066488365e-26,2
"20629",0.000948700592018596,0.957868684909498,0.0411826144984834,2.14110836920258e-31,2
"20631",0.962580622944531,0.000608353761255089,0.0368110232942135,1.06373772681854e-48,1
"20633",2.96941645350398e-21,2.39885918094621e-10,3.37986914748725e-05,0.999966201068639,4
"20636",2.01664326512479e-12,0.904944665256534,0.0950553347414015,4.7828754537988e-14,2
"20638",6.95467176467785e-06,0.060173040065295,0.939820005262941,3.02949237195548e-50,3
"20640",0.735908166668222,0.0158925682536203,0.248199265078157,5.40661633664509e-34,1
"20645",0.951588222919559,9.85721144602726e-06,0.0484019198689951,2.72167844913153e-53,1
"20647",3.5689336141329e-17,5.74395306433128e-11,0.000181913328114181,0.999818086614446,4
"20649",0.639177886891538,0.154829883137523,0.205992229970939,6.2508007337011e-28,1
"20651",0.13150944838343,1.08936864023018e-09,0.868490550527202,1.3930593332494e-64,3
"20656",0.733519847635226,4.65595153848413e-07,0.26647968676962,1.54667421972096e-45,1
"20660",2.12163476705353e-05,1.61313735624746e-14,0.999978783652313,3.12812397918956e-35,3
"20662",5.36852269619428e-11,0.00224121896675396,0.997758780979561,3.88357846352072e-18,3
"20664",0.0759581385005513,0.00263302179180642,0.921408839707642,3.00653798324968e-37,3
"20666",2.27054232468297e-11,0.000613932307658199,0.947910099389801,0.0514759682798359,3
"20668",6.07490462841458e-16,0.0295816121445148,0.000242581680459711,0.970175806175025,4
"20670",0.566363292684897,0.000102795489658332,0.433533911825444,2.02276628424946e-57,1
"20672",1.37902050368722e-16,0.0149949551643505,0.000644478155711697,0.984360566679938,4
"20674",0.00716726781476577,0.952618425957509,0.0402143062277257,1.41375554995326e-34,2
"20676",1.97324201371047e-18,0.000120569803215697,0.598829299856609,0.401050130340175,3
"20678",2.86008476926893e-20,3.89033988319783e-07,0.00284016642542755,0.997159444540584,4
"20680",1.01402321431565e-10,0.99047226467194,0.00925327166983681,0.000274463556820706,2
"20682",1.75927844928583e-09,0.960375474889877,0.0396245233508446,4.71524101233421e-17,2
"20684",0.0202008089264975,0.031862376058358,0.947936815015144,1.35165911121234e-55,3
"20686",6.88000980308051e-18,0.00011029695370373,3.05468789126224e-05,0.999859156167384,4
"20688",1.40728793560943e-19,1.78581657209699e-11,0.00621042099145239,0.993789578990689,4
"20690",0.000749214538112685,8.00981450379072e-08,0.999250705363742,2.15829811717382e-45,3
"20692",1.66220743815015e-21,2.60594697169095e-12,0.00028474092042522,0.999715259076969,4
"20694",9.33425420867575e-18,0.206327449976028,0.00118137455495572,0.792491175469016,4
"20696",5.01576021607936e-12,0.971896087987256,0.028103912007726,1.90842811474933e-15,2
"20698",0.00604903112527355,0.655764961521157,0.33818600735357,1.53972552797776e-32,2
"20700",0.32708796801113,0.00473941473903853,0.668172617249831,2.91641084297972e-54,3
"20702",0.0297561745104004,1.18653838863735e-08,0.970243813624216,2.76011172797535e-46,3
"20704",0.0050159561496678,0.979384248632144,0.0155997952181884,2.49532973765919e-28,2
"20706",4.22785324292671e-06,0.00725155115121188,0.992744220995545,7.36960274959535e-50,3
"20708",1.97825759569378e-16,2.10694740688222e-05,0.00101849564814917,0.998960434877782,4
"20710",0.0257403640813104,0.277186255138487,0.697073380780203,6.03607296943565e-28,3
"20714",1.36649649749772e-14,0.00355004399039736,0.000460880114359883,0.995989075895229,4
"20716",0.0969671874616731,0.874555533419145,0.0284772791191823,9.26454664372864e-36,2
"20719",0.000519490469858855,0.118961147883812,0.880519361646329,1.13032142987715e-34,3
"20721",0.944061210482622,0.00119870659574013,0.0547400829216382,9.67531505812549e-45,1
"20723",0.000124945757911358,3.64662745853367e-06,0.99987140761463,1.33975873000786e-41,3
"20725",1.33536862692661e-09,0.986710614551533,0.00826851842945086,0.0050208656836475,2
"20727",1.67366341453594e-17,4.3853537189487e-09,0.999999995614646,2.82151094102204e-25,3
"20729",4.75430914618554e-17,0.0023228522301843,6.6936088600827e-05,0.997610211681215,4
"20731",1.39844194282271e-12,0.0922005956060695,0.00110645794867521,0.906692946443857,4
"20733",0.0177737859310965,0.781171580792541,0.201054633276362,6.38111820425838e-45,2
"20735",0.000175601341917153,0.966506988266191,0.0333174103918921,1.8782967464229e-25,2
"20737",7.31290896358214e-16,0.0129436147035357,0.00611993338039882,0.980936451916065,4
"20739",6.20116678696425e-18,5.2203603680931e-06,0.0815965470109313,0.9183982326287,4
"20741",2.48837194308899e-09,0.989303275338981,0.00896924257867363,0.00172747959397349,2
"20743",2.85344123751668e-08,0.963856919506769,0.0361430519586043,2.14013636910958e-13,2
"20745",0.975264661284002,1.51233597554747e-06,0.0247338263800226,1.39638392033071e-47,1
"20747",4.55283092210818e-18,0.000298820934464011,9.23746460067851e-06,0.999691941600935,4
"20749",1.69063284450307e-19,0.000201193850176831,7.68465875633855e-06,0.999791121491067,4
"20751",2.83629614821204e-17,0.367659955187793,0.632339117496482,9.27315724623201e-07,3
"20753",3.09095470627314e-14,0.703594383265379,0.00715652811358044,0.289249088621009,2
"20755",2.78760554353424e-14,3.26165139795552e-08,0.202915759786538,0.79708420759692,4
"20757",9.67620233279783e-06,2.13088918334433e-05,0.999969014905834,1.91448514007527e-30,3
"20759",0.806183609576466,0.0158103551982567,0.178006035225278,1.18088479275978e-42,1
"20761",6.16000959040828e-07,0.993402243966196,0.00659713472012628,5.31271878183932e-09,2
"20763",2.62266063149014e-05,0.414277865676558,0.585695907717128,4.51953143523301e-42,3
"20765",5.05406894227601e-10,0.97841704022079,0.00715846705306561,0.014424492220737,2
"20767",0.0560843229149332,0.800939424606844,0.142976252478223,2.62566480069236e-35,2
"20769",0.00141453742921817,4.74715329627024e-06,0.998580715417486,4.03685916261512e-39,3
"20771",2.77841606750047e-05,0.981467749149141,0.0185044665265891,1.63595135044533e-10,2
"20773",2.3227587657405e-09,1.02357263494004e-08,0.999999987441515,1.53730848922929e-25,3
"20775",9.35651806357815e-11,0.980800868319247,0.0191991315871845,3.81658053483066e-15,2
"20777",1.01078752614855e-08,0.000105943662346418,0.999894046229778,2.31255384290766e-49,3
"20779",1.0245798977819e-10,0.979992768513628,0.0076419191931452,0.0123653121907692,2
"20781",6.20371033610311e-22,7.10926268449367e-28,1,2.30960348789302e-34,3
"20783",2.01792580779728e-07,0.993066917706566,0.00693288046947144,3.1381664003284e-11,2
"20785",5.98360846364846e-14,1.27326388209639e-15,0.999999999999933,5.66098044303259e-15,3
"20787",3.59355240004338e-13,0.168008990908985,0.00141808557126218,0.830572923519393,4
"20789",0.000717024073067143,0.976599636921015,0.022683339005918,9.13621148723529e-23,2
"20791",2.07166750962084e-20,0.005829511648175,5.2706041005269e-05,0.99411778231082,4
"20793",0.000218095540208682,0.97610279587182,0.0236791085879713,2.71075591456031e-17,2
"20795",5.19763213067484e-14,0.98990813587744,0.0100149705085228,7.68936139854079e-05,2
"20797",2.946836661063e-21,1.64436788776539e-21,0.968732289215106,0.0312677107848939,3
"20800",4.49998153400257e-18,0.00059032241869773,3.71253007467187e-06,0.999405965051228,4
"20802",1.22573952729235e-08,0.992077857163029,0.00762723891779645,0.00029489166177945,2
"20804",4.61504215907744e-18,0.00116811980409555,0.000108379276925201,0.998723500918979,4
"20806",7.47461383021405e-21,0.00215004609032587,4.36918511051841e-05,0.997806262058569,4
"20808",0.135548271463681,0.852175535630377,0.0122761929059416,1.79905335771912e-25,2
"20810",7.43388855841972e-12,0.924421882678066,0.0755781173145005,3.80056004929319e-17,2
"20812",1.51508618035038e-10,0.94310824653946,0.0568917533055487,3.48233628076818e-12,2
"20814",8.91886938362626e-22,1.90846472683328e-07,0.000120303198369144,0.999879505955158,4
"20816",0.000739190272722417,1.37507540156683e-06,0.999259434651876,1.62198368288405e-34,3
"20818",6.03125449278286e-09,0.989422585299935,0.0105774086688055,4.62722307337623e-15,2
"20820",8.51566716670463e-17,2.54438821855754e-07,0.0820913900835298,0.917908355477648,4
"20822",3.73098122539e-09,0.972848953283259,0.0121631359963945,0.0149879069893655,2
"20824",6.75679856718513e-15,7.40839848529477e-15,0.999999980357708,1.9642277924329e-08,3
"20826",1.46817174823638e-18,7.96408327947905e-06,2.78032665450779e-05,0.999964232650176,4
"20828",5.90282935279279e-18,1.39132570463714e-11,5.48242839633209e-05,0.999945175702123,4
"20830",7.07125047670073e-16,0.973442989948152,0.0247636081917642,0.00179340186008324,2
"20832",3.475384525083e-05,0.973265896810837,0.0266993493439119,2.71291586263489e-22,2
"20834",0.0482037093501293,0.922207653999429,0.0295886366504421,6.30172087590363e-31,2
"20836",7.99640842502808e-12,0.509421476774269,0.00323557536775953,0.487342947849976,2
"20838",4.96106427455026e-20,0.000254755633327255,0.00425713164196394,0.995488112724709,4
"20840",0.0429000041188706,0.91061175492574,0.0464882409553895,4.21862281731243e-33,2
"20842",2.59580488218663e-12,0.880043443247727,0.119956530678791,2.60708862541373e-08,2
"20844",6.80755299023176e-07,0.00827637736126849,0.99172294175507,1.28362060159934e-10,3
"20846",1.28862081319313e-08,0.972658504561483,0.0273414806757656,1.87654346816498e-09,2
"20848",2.74586639948439e-05,0.989796666337637,0.0101758749983487,1.94400378336711e-14,2
"20850",0.134687515843626,0.83153261221805,0.033779871938325,5.81506667186692e-26,2
"20852",0.114755191576194,0.131762214165178,0.753482594258629,1.86910306664447e-34,3
"20854",3.6197773839545e-19,0.0001324430505753,1.09294236795748e-05,0.999856627525745,4
"20856",5.01560830444711e-08,6.10821254095431e-16,0.999999949843916,2.87403935750156e-46,3
"20858",0.943776530751538,0.00609938114176573,0.0501240881066965,8.1806616992368e-44,1
"20860",1.68200615611668e-07,0.0354678088877387,0.964529847230702,2.17568094347901e-06,3
"20862",0.955557043295298,0.00324085033487119,0.0412021063698312,2.36220370722461e-42,1
"20864",6.96545723324155e-15,4.5060982083835e-05,0.000254533502772067,0.999700405515137,4
"20866",0.116974214087202,1.86591455692542e-11,0.883025785894139,1.81999265072815e-55,3
"20868",0.0575585665708156,0.883231175846166,0.0592102575830189,5.74250199486796e-36,2
"20870",8.9820626152239e-08,0.988547502623569,0.011452407533737,2.20681312867727e-11,2
"20872",3.11792656516401e-13,0.59064589474097,0.00410102601671573,0.405253079242003,2
"20874",6.61872343652946e-19,4.19304901119648e-08,0.000613433304400381,0.999386524765109,4
"20877",0.211507856740856,0.717829876559593,0.070662266699551,5.60955587944107e-31,2
"20879",0.872726322249829,0.0891846900322105,0.0380889877179604,1.03663805187697e-44,1
"20881",6.81319294529274e-16,0.991323808551559,0.0069536187330153,0.00172257271542498,2
"20883",4.52594844883835e-16,3.86480945252925e-05,0.999961351055172,8.50302186809225e-10,3
"20885",6.21342658984716e-16,0.0106307926925935,6.71884121399541e-05,0.989302018895266,4
"20887",0.000516212683377367,0.909819965042228,0.0896638222743943,3.16933725622663e-24,2
"20889",4.58799190190298e-12,0.978968545723722,0.0210314542554407,1.6249356387621e-11,2
"20891",0.948493316791696,0.0372162736957297,0.0142904095125747,1.65204370026269e-38,1
"20896",0.00917557854603795,0.647355891286238,0.343468530167724,1.97872797379636e-27,2
"20898",8.50171518561346e-09,0.992087499827706,0.00790909348664684,3.39818393183218e-06,2
"20900",2.92834578715407e-23,1.58832690115644e-19,0.999999999951507,4.84926253943345e-11,3
"20902",0.00434492084015169,0.000861280749640184,0.994793798410208,8.73445018797914e-19,3
"20904",6.6744060754987e-05,0.00169277934655364,0.99824047643115,1.61541136491929e-10,3
"20906",0.388768579714291,0.145086126381735,0.466145293903974,2.18573578653554e-47,3
"20908",1.8660454412777e-08,0.977732079727475,0.0222679016120708,3.02664820622087e-16,2
"20910",7.56816942111514e-08,0.767564403727581,0.232435520590724,6.3087657908008e-16,2
"20912",1.50570975772023e-21,6.25294102636173e-29,0.999999999999999,1.36269356501591e-15,3
"20914",0.925969256213011,2.36344361037652e-06,0.0740283803433783,2.0155521712919e-47,1
"20968",1.78843558219289e-12,7.83377414545846e-11,0.999999999919874,1.09992543036788e-28,3
"20970",0.314525479754109,0.543718385171481,0.14175613507441,3.44335377015555e-38,2
"20981",0.4562651451506,0.312030337799626,0.231704517049774,9.29203045630572e-40,1
"20983",1.8462568559641e-22,1.99929726132225e-07,1.60234357360848e-05,0.999983776634538,4
"20988",0.978730077276927,0.00884268109755988,0.0124272416255128,1.75355211374075e-41,1
"20995",8.79319053442342e-08,6.81111144367376e-12,0.999999912061284,3.32957825867704e-58,3
"21017",1.37926525291229e-05,0.990344233223745,0.00964197409985481,2.38710097782705e-11,2
"21038",0.683044798727072,0.138855874378977,0.178099326893951,1.22473610929994e-39,1
"21072",0.0436976674475342,0.806361985764378,0.149940346788088,6.25767361023418e-31,2
"21075",0.894474215808142,0.00409530874981525,0.101430475442042,2.72049226921805e-34,1
"21223",3.60548075137403e-07,0.985757485136613,0.0142421543153117,6.21985276367541e-17,2
"21225",7.19722208831842e-12,4.65664349744008e-32,0.999999999992802,7.60064398608729e-16,3
"21230",4.36962635976778e-21,4.786528518103e-07,6.72746831841598e-05,0.999932246663964,4
"21236",2.67225172113521e-10,0.879377376179349,0.00642962145441649,0.11419300209901,2
"21238",5.33552199558998e-07,0.000376556112068319,0.999622910335732,6.1267373526422e-29,3
"21241",0.874364263882407,0.000111175734571237,0.125524560383021,2.04884557006226e-34,1
"21246",0.0460786110578911,0.930058621892213,0.0238627670498962,1.00189041337882e-20,2
"21253",1.93955006112448e-17,0.000507455766695016,8.32714159824462e-05,0.999409272817323,4
"21256",2.41852712169383e-10,0.98650235696959,0.0134974086154142,2.3417314351317e-07,2
"21260",5.16209009591981e-05,7.12533729385897e-16,0.99994837909904,7.05074666669819e-31,3
"21266",0.11388225523868,0.829971962388041,0.056145782373279,2.94192843109663e-42,2
"21332",0.147679750362032,0.83096105320044,0.0213591964375278,2.06810374233265e-27,2
"21334",1.79295732770145e-09,0.975320013760585,0.0246695758863876,1.04085600698417e-05,2
"21375",0.858662644527935,5.95521372841834e-06,0.141331400258337,1.9495287128858e-57,1
"21378",0.430460431495864,1.08450492483894e-10,0.569539568395685,8.11270292431205e-69,3
"21381",0.6749066199604,5.69083268062814e-05,0.325036471712793,1.69027191049148e-51,1
"21389",4.06463388064123e-12,0.964985084893675,0.0349874237753527,2.74913269079357e-05,2
"21391",0.051943525796433,0.00276217484268781,0.945294299360879,1.8487990194468e-42,3
"21402",0.56764932995097,0.376935090085749,0.0554155799632809,1.37968842309514e-33,1
"21404",0.353716288421439,0.0231987162141048,0.623084995364456,5.38241146203981e-20,3
"21409",0.0391456425011162,0.502514493921844,0.45833986357704,2.09256337440767e-40,2
"21413",6.48496605994656e-05,0.292297448519943,0.707637701819458,9.70029551554612e-27,3
"21423",0.0389512040461586,1.35646088117004e-11,0.961048795940277,4.20077562962287e-45,3
"21425",0.0212279514193411,0.0865790318054478,0.892193016775211,1.15388311125247e-36,3
"21430",2.07687439510277e-07,1.06592878008356e-05,0.99998913302476,4.43613180817184e-17,3
"21432",0.0219137554373179,0.950689565954569,0.0273966786081133,1.31299869461262e-23,2
"21438",0.000782603405450317,1.25131255861382e-14,0.999217396594537,1.20995134541803e-45,3
"21440",0.00719709342748116,0.829841886758794,0.162961019813725,3.33891129376884e-39,2
"21443",9.39608219742193e-14,0.847058383173247,0.00368167960309905,0.14925993722356,2
"21445",1.05586692716091e-08,3.21273127769293e-12,0.999999989438118,2.79299597407758e-19,3
"21447",0.965646804321314,0.00228878121057493,0.0320644144681106,1.52015615313642e-50,1
"21449",0.94668595726789,0.0272172581571341,0.0260967845749757,1.3052231761485e-38,1
"21451",0.94668595726789,0.0272172581571341,0.0260967845749757,1.3052231761485e-38,1
"21455",0.690189811608168,0.299088004601872,0.0107221837899601,4.35738052346601e-35,1
"21469",0.293456726465512,1.44106674997361e-11,0.706543273520078,3.26402038379317e-45,3
"21471",0.81354212955185,8.12003164291594e-05,0.18637667013172,1.5198857243759e-36,1
"21473",5.95315543669571e-07,0.641537172734666,0.35846223194979,8.82813105087629e-21,2
