"","V1","V2","V3","V4","V5","best$classification"
"19812",0.00924006625464912,1.95635590629187e-16,0.0006667039437145,0.961727060031417,0.0283661697702193,4
"19814",0.0148776788010284,0.195556811815454,0.382584641731437,0.405088453895335,0.00189241375674552,4
"19816",0.0950725334609279,2.25352836658873e-11,7.93535175472583e-18,0.904379311814105,0.000548154702431801,4
"19818",0.0681632230433652,3.79777804325941e-10,6.16552125605157e-05,0.928958417144256,0.00281670422004017,4
"19820",0.227551987699407,3.82763686512491e-27,2.82672291286747e-56,0.755868289697042,0.0165797226035511,4
"19822",0.192990982391367,1.40215657126593e-88,2.07965072071942e-51,0.00020843537559802,0.806800582233035,5
"19824",0.995406396649734,2.0154334994082e-46,2.25525918736489e-31,0.000167233980468509,0.00442636936979763,1
"19826",0.48845166067621,1.29319761110701e-19,0.000232382863886647,0.507581746327508,0.00373421013239512,4
"19828",0.0117889050969433,5.71448288197034e-24,5.76030563188626e-31,0.984412809117329,0.00379828578572776,4
"19830",0.106097227310907,8.44589169144859e-41,0.000838848686102796,0.541629589638819,0.351434334364171,4
"19832",1.54589860181248e-05,1.51004245189107e-51,3.85358682171507e-15,0.248957980331942,0.751026560682036,5
"19834",0.0385782564885582,3.49806684460463e-42,6.13972444187761e-16,0.941958379326334,0.0194633641851069,4
"19836",0.298311288047722,2.34026156920657e-25,9.27353233044316e-09,0.683654656717306,0.0180340459614393,4
"19838",7.28552400165971e-05,5.62501202757627e-08,0.980059011758553,0.0183557238178116,0.00151235293349806,3
"19840",0.211752286275393,1.58816684660486e-26,3.07316569355603e-14,0.786093500054714,0.0021542136698628,4
"19842",0.197070893247191,0.000243304004990991,0.800852643801621,3.24214482375193e-08,0.00183312652474939,3
"19844",0.997519190319354,1.21246983539883e-09,2.91955369248593e-14,3.77353066504846e-20,0.00248080846814686,1
"19846",0.0157761864006064,0.749751881494278,0.234265939333554,8.86043311071198e-06,0.000197132338450301,2
"19848",0.00248862128796383,0.0937391284960079,0.903481879905316,0.000218973901372213,7.13964093396889e-05,3
"19850",0.217360000854461,3.35714574976164e-12,0.768193961303938,0.00820736776331477,0.00623867007492922,3
"19852",0.0637953080676704,1.197765880999e-23,1.16910265592369e-11,0.934039616163063,0.00216507575757535,4
"19854",6.15084435992955e-05,0.585025262347692,0.414692091315418,0.000212473493331782,8.66439995980249e-06,2
"19856",0.996268567338798,8.79346876054373e-30,9.8304014580957e-11,7.43492964944665e-09,0.0037314251279683,1
"19858",0.988742122674966,5.90193775757999e-42,7.4012810696315e-19,2.21368668959984e-08,0.0112578551881674,1
"19860",0.069954592715642,5.03375965476998e-21,9.5719594129277e-09,0.927236964435788,0.00280843327661007,4
"19862",0.000148581174465039,0.985507190205726,0.0143356070044533,4.54616909023145e-07,8.16699844624149e-06,2
"19864",0.987265989665836,1.78447300497103e-13,2.00158990379478e-19,4.65811768395354e-22,0.0127340103339854,1
"19866",0.987218406572126,2.59077678620854e-48,9.83909346108631e-26,0.00937974064158187,0.00340185278629203,1
"19868",1.946780775593e-11,2.33911611475038e-65,1.04661048936121e-21,4.52573921541876e-13,0.99999999998008,5
"19870",0.20523812410244,1.13238007489756e-09,0.382105008353086,0.39494273048123,0.0177141359308649,4
"19873",0.300097148178679,5.42169312704624e-33,9.63661865957583e-07,0.696564809378424,0.003337078781031,4
"19875",0.0322290738631417,1.52040476922522e-24,8.94533357522304e-25,0.962048911909406,0.00572201422745249,4
"19877",0.104743711981131,1.04031554570769e-21,0.00090764411331609,0.888475581218563,0.00587306268698949,4
"19879",0.132908647649036,3.3934336731786e-45,2.25680449057241e-12,0.855767130124933,0.011324222223774,4
"19881",0.929794698176895,1.17945092379774e-36,7.82007038529478e-07,0.0641047561778679,0.0060997636381989,1
"19883",0.885492239199242,2.03887647481634e-10,0.0971785301262754,0.014836884167007,0.00249234630358776,1
"19899",0.137331078665615,3.68909479576307e-42,1.03143704352976e-13,0.828711900033982,0.0339570213003,4
"19908",0.932211831817403,2.37420103019986e-75,3.01263585033946e-27,4.66558066474996e-14,0.0677881681825507,1
"19910",0.0691087878315612,1.01124583154609e-19,3.81489998540422e-09,0.92966758213894,0.00122362621459932,4
"19912",0.387502398443665,2.0338890349483e-10,0.609356206214121,7.2939504749689e-07,0.00314066574377758,3
"19914",0.0940701167857331,1.04642480469865e-66,7.94952636114411e-14,0.891851459559533,0.0140784236546541,4
"19916",0.99535668602359,9.908368492951e-71,4.61730538705552e-37,1.72645505657719e-12,0.00464331397468325,1
"19918",0.398235733137377,1.07599333492173e-06,0.59436808020827,0.00629178955871913,0.00110332110229865,3
"19920",0.0259895561073369,0.710204854187117,0.263721963919866,5.40038921605645e-06,7.82253964639387e-05,2
"19922",5.42770313480192e-10,2.16822691828119e-23,1.73287257058554e-10,0.00736491192359768,0.992635087360345,5
"19924",0.406655153249846,2.69452618366261e-22,2.53301573820819e-05,0.589062639986303,0.00425687660646857,4
"19926",0.0877823659413082,5.7957130388464e-72,2.16298418477229e-17,0.779859439786886,0.132358194271806,4
"19928",0.966080776121912,0.000113203446248174,7.14842690425739e-12,2.15507126427938e-31,0.0338060204246912,1
"19930",0.00340306584907302,1.57734132836317e-05,0.774075402679313,0.220777220830782,0.0017285372275488,3
"19932",0.000128109036501221,0.0582196692381915,0.936168462377228,0.00533124277594647,0.000152516572133211,3
"19934",0.0446405673298574,1.18017495106739e-32,2.96072472532011e-19,0.946950394660214,0.00840903800992818,4
"19936",0.0251748093161715,3.25156211989744e-30,0.000489416286626342,0.936839781920325,0.0374959924768777,4
"19938",0.943823505885325,3.0961152610967e-99,1.28003105763017e-39,0.0107604595052388,0.0454160346094365,1
"19940",0.517044640656362,2.03665612837269e-17,5.06887140213066e-06,0.480259464563401,0.00269082590883475,1
"19942",0.997734891292721,1.21242645199173e-10,1.59961654583143e-10,6.54842432604572e-21,0.00226510842607468,1
"19944",0.161734561796755,2.6585305963066e-40,4.39543774780711e-14,0.836567853556957,0.00169758464624431,4
"19946",0.341215367260194,1.00915237823832e-36,1.9210297506975e-08,0.654530786998098,0.0042538265314104,4
"19948",0.527968506597623,0.471211723445775,4.64437537437154e-08,1.1415223826157e-18,0.000819723512849103,1
"19950",1.52761483966433e-05,0.999924649237531,5.98674037988085e-05,1.77031056634833e-13,2.07210096225037e-07,2
"19952",0.527968506597623,0.471211723445775,4.64437537437154e-08,1.1415223826157e-18,0.000819723512849103,1
"19954",0.000691973986644584,0.102846314319406,0.875601734147624,0.0206870278159151,0.000172949730410519,3
"19956",0.863798927160403,1.81224557474977e-34,0.000703209844318075,3.73573753672897e-11,0.135497862957922,1
"19958",7.38738662885022e-13,6.34683372528899e-52,3.37313210978438e-16,5.81563935457197e-10,0.999999999417697,5
"19962",0.955822899365253,5.37655756681896e-49,4.55922180125632e-13,0.0153542143153021,0.0288228863189886,1
"19964",0.904617028678754,3.9568363251501e-35,6.52273024385942e-08,0.0770776492132914,0.0183052568806521,1
"19966",0.984291567617146,7.50288665262807e-58,7.97008063327117e-38,0.00195635200286715,0.013752080379987,1
"19969",0.29875951446135,1.13641522260568e-19,0.513597460426695,0.179331866577955,0.00831115853399964,3
"19972",0.993401051288745,9.7342579798436e-14,0.000156813957117178,3.75054522305342e-05,0.00640462930180968,1
"19974",0.000441034434928451,0.99954703260194,1.04598946051538e-05,2.42108259139417e-15,1.47306852403671e-06,2
"19976",0.580333981267471,2.53967809994457e-21,2.06823156920931e-05,0.413980592495518,0.00566474392131859,1
"19978",0.189073687304687,7.6202747614199e-13,3.61170469350801e-11,0.809846870265137,0.00107944239329721,4
"19980",0.000104780622666673,0.952874171958771,0.0470060275064225,7.92673328993162e-06,7.09317885018692e-06,2
"19982",0.929896370131966,1.08191613620063e-25,5.16330163196558e-05,0.0018193515380749,0.0682326453136394,1
"19984",0.998372229728659,7.45109474873289e-10,4.8575534828393e-07,9.86661142640415e-12,0.0016272837610167,1
"19986",0.382361369731132,5.73409131484783e-56,5.08177248565847e-50,0.596688835645626,0.0209497946232421,4
"19988",0.293100049621366,3.00949636201043e-37,2.17523161008441e-59,0.618167748656966,0.0887322017216679,4
"19992",0.355022557508819,7.13713564788134e-36,3.76446553117533e-46,0.627838065899851,0.0171393765913296,4
"19994",0.00145888133862669,0.00091246927028535,0.779426837621656,0.215143612722028,0.00305819904740413,3
"19996",0.0644568792228371,4.42537196955815e-21,9.65672442454467e-44,0.933540886909454,0.00200223386770858,4
"19998",0.996385199643467,4.4896801723101e-59,1.07829088154064e-14,1.39093760564344e-07,0.00361466126276207,1
"20000",0.000762395629411447,8.88429820063854e-49,0.000158664974723797,0.000348897609395162,0.99873004178647,5
"20003",0.0095642535046337,1.67639369523109e-12,0.0459067684251601,0.919070881281566,0.0254580967869634,4
"20005",0.000232010514156344,0.96974288116492,0.0300214876149322,1.12567286101023e-06,2.49503313021336e-06,2
"20007",0.0733280824717085,2.69490148521394e-40,2.420000663511e-15,0.917790936794863,0.00888098073342639,4
"20009",0.985143321748209,7.4881836210678e-83,1.25989119313704e-39,2.04112671868852e-05,0.0148362669846043,1
"20011",0.978219289198735,1.05242085595328e-19,5.30916417505162e-05,0.0153129889384728,0.00641463022104179,1
"20013",0.0896639675041561,4.74602199968791e-09,0.835278271166853,0.0729929661902184,0.00206479039275009,3
"20016",0.869859767607817,1.90132375066574e-76,3.43966917318323e-47,0.00220687833072804,0.127933354061455,1
"20018",2.24039881827755e-09,4.27520695960951e-71,5.55757912457312e-66,3.08406187028231e-11,0.999999997728761,5
"20021",0.014785437210877,1.9750935838327e-24,2.65432778941596e-21,0.975938790863308,0.0092757719258151,4
"20023",0.133044132276037,1.46321808393809e-64,5.01975744572891e-20,0.859994956476499,0.0069609112474646,4
"20025",2.22123192279436e-05,2.73722225601858e-101,1.16200745217057e-51,0.000348106348297197,0.999629681332475,5
"20027",0.0974694939579323,7.20849902492626e-06,0.898782789583486,0.000987248479305264,0.00275325948025157,3
"20029",0.0306806709565575,2.10675657572502e-05,0.968986245159438,9.86926500444846e-05,0.000213323668202463,3
"20032",0.00102665511415602,1.48381338787797e-05,0.990486155809203,0.0079388238427984,0.000533527099963753,3
"20034",0.67457715864483,0.323308430151288,8.48811243799134e-06,1.63610330159353e-13,0.00210592309128031,1
"20036",0.986207460509529,7.42130010441359e-40,4.62865496641233e-08,6.8057058932219e-05,0.0137244361449891,1
"20038",0.00397004865638886,1.10160491958902e-36,7.70331460768338e-33,0.979462675086351,0.0165672762572603,4
"20040",0.501476749619892,1.33538208147357e-86,8.57119670648298e-56,1.19054751883854e-08,0.498523238474632,1
"20043",0.0204113673311716,4.79798944161907e-19,1.02982650656818e-26,0.973464105813018,0.00612452685581069,4
"20045",0.170284420815389,3.81806369621604e-38,3.6005672319167e-58,0.259981848120553,0.569733731064058,5
"20048",1.79491586901307e-05,0.999981553198608,1.69360202271803e-08,1.95227087234121e-20,4.80706681242111e-07,2
"20051",0.0316236138546195,8.10495414973317e-30,4.35251872916771e-11,0.904742124978794,0.0636342611230617,4
"20053",0.690365402289797,3.83738629813267e-60,3.6392021617479e-24,0.306945438233608,0.00268915947659505,1
"20055",0.000503906655760303,1.98458450393424e-35,1.29578290006191e-19,0.824338174582661,0.175157918761578,4
"20057",1.22562355645185e-15,4.98447299598295e-47,2.16881221036069e-19,4.41873301095498e-25,0.999999999999999,5
"20059",0.665210967098657,7.72625323940806e-84,1.07374861657453e-25,0.228506739368213,0.106282293533131,1
"20061",0.25566085529845,3.18586211918829e-60,3.00791219752358e-19,0.733191444790111,0.0111476999114395,4
"20063",0.988416002480833,2.31995271601274e-24,4.68901683491823e-32,3.19837563652103e-25,0.0115839975191668,1
"20065",1.03374814703518e-08,3.0543516492536e-50,1.69404250330198e-46,0.0157083136865211,0.984291675975998,5
"20067",0.250395739749353,3.34439451423516e-31,2.09452655792888e-31,0.668868600346623,0.0807356599040238,4
"20069",0.000524527795122933,0.864135384671106,0.135287847710977,2.06102956872547e-05,3.16295271070416e-05,2
"20071",0.976127416795244,3.24917853995517e-61,1.75862769925085e-16,0.000236543398333201,0.0236360398064224,1
"20073",0.997087170999913,1.40580719920773e-13,0.000417782511166011,4.0998174257755e-05,0.00245404831452296,1
"20075",1.26626992861702e-14,1.58740795997779e-61,1.38160340855927e-18,3.32009137943459e-09,0.999999996679896,5
"20077",0.41654289572728,7.13474865320585e-28,1.52325465132919e-19,0.578979351983172,0.00447775228954823,4
"20079",0.979661227258926,1.1487774886999e-31,3.06093190586658e-17,0.000185114006996291,0.020153658734078,1
"20081",0.000526145596682053,9.0491580917336e-32,3.83585598443521e-25,0.830909671972005,0.168564182431313,4
"20083",0.987798734277039,1.48241677977946e-50,3.58212049775186e-16,1.07185834692524e-13,0.0122012657228533,1
"20085",0.0154083085940368,8.32963151384259e-38,5.32496817925475e-58,0.94091644185487,0.0436752495510937,4
"20088",0.0188401485161219,4.01736812374433e-31,1.11195554547515e-32,0.974045479927702,0.00711437155617577,4
"20091",1.03510548184505e-09,1.0156382387578e-62,1.55442480676534e-27,0.000163316787199331,0.999836682177695,5
"20095",0.99592108235499,7.92557767940301e-30,2.06191407427584e-21,3.9606890731993e-12,0.00407891764104912,1
"20097",0.00523000310309722,6.31069358743096e-41,2.38478505718853e-55,0.91491244180183,0.0798575550950729,4
"20099",0.99936634717633,1.23529396242435e-26,5.71020055750466e-28,1.35802739842878e-08,0.00063363924339636,1
"20102",0.00286636688140074,4.8235334207949e-43,7.33083611885359e-15,1.97578342323496e-09,0.997133631142808,5
"20105",0.122828732072064,9.25380908474038e-33,2.15230865438818e-25,0.868334692938636,0.00883657498929977,4
"20107",0.0835953496089179,3.45706800889472e-33,1.18360657476798e-31,0.914544350610374,0.00186029978070846,4
"20109",0.998423234081979,1.37208414799089e-16,5.2795066083262e-18,0.000276652206798455,0.00130011371122273,1
"20111",1.60790452525376e-11,1.30751359348085e-24,6.14566469809015e-08,1.01653817920955e-06,0.999998921989095,5
"20113",0.910906850555112,4.66716223305373e-34,3.3883253050516e-22,0.081018420441926,0.0080747290029623,1
"20115",0.00190516258345791,2.68851411804435e-33,0.00353594367887815,0.0163928837342036,0.97816601000346,5
"20117",5.86877018929116e-05,1.78119400966576e-81,2.55320902289077e-36,1.89411610077537e-12,0.999941312296213,5
"20119",0.995998002628977,7.62578906043885e-32,5.70207287340065e-34,0.000346882505396811,0.00365511486562635,1
"20121",0.0845897364409356,5.41548975159865e-53,1.12545237231542e-39,0.910999795541267,0.00441046801779743,4
"20123",5.96480496169962e-10,5.48299367120258e-91,1.51618143461725e-33,0.000120849029731751,0.999879150373788,5
"20125",0.00222831059757219,6.05953215686471e-10,0.995187188006552,0.00226942249542354,0.000315078294499476,3
"20127",0.526045468470374,3.41336387199256e-29,8.56853221921665e-49,0.420944838086508,0.0530096934431181,1
"20140",0.00952296299550797,3.0440177741017e-64,2.6680275672352e-18,0.491368115325491,0.499108921679001,5
"20142",0.120326925494356,0.0651197764857014,0.811189287525639,1.52874221163596e-08,0.00336399520688101,3
"20144",0.00320713241893267,3.91048985056042e-48,0.0107599595804476,0.0126368949943494,0.97339601300627,5
"20146",0.892061919774084,1.15499509121775e-53,2.45905902297425e-06,0.00200497398431281,0.105930647182581,1
"20148",0.0437143811844103,5.47735926558631e-23,0.00391547866176406,0.942235584486381,0.0101345556674451,4
"20150",0.000185618448627502,0.99914372532489,0.000668191361068799,1.816565516423e-09,2.46304884765607e-06,2
"20152",0.0751208019831541,8.80962230828933e-24,3.91947488234192e-05,0.918564966002182,0.00627503726584032,4
"20154",9.73399295850999e-07,2.89001636696068e-39,6.60079401514044e-38,0.000436562171049854,0.999562464429654,5
"20156",0.952660774830226,3.29131141779732e-51,1.40221214529709e-18,0.00616877160458863,0.0411704535651851,1
"20159",0.00017302034416993,0.00550611226282707,0.994313550930475,1.5670784265615e-06,5.74938410119078e-06,3
"20161",0.987401066974833,4.49120643887008e-44,1.07677504239455e-09,1.53040612017154e-10,0.0125989317953514,1
"20163",0.00325794652725907,4.73577497485831e-16,1.82647220956013e-06,0.896855829740228,0.0998843972603032,4
"20165",0.994162386150864,3.1103101254482e-11,2.88882984507819e-16,3.69327922071638e-07,0.00583724449011058,1
"20167",0.0634116097230822,0.0361323188469832,0.228870045562739,0.669917755587316,0.00166827027987979,4
"20169",0.000861036067892605,0.999079120269493,4.12621287545259e-05,8.96446500184735e-16,1.85815338593558e-05,2
"20171",9.2615630547576e-07,2.07249583376903e-44,9.0059367674184e-43,1.23533541737429e-07,0.999998950310153,5
"20173",0.997796164479774,5.60746827439302e-34,3.88087888656306e-27,5.01500295531217e-20,0.00220383552022586,1
"20175",0.295286439203457,2.52600903447585e-11,0.00415096176721678,0.687501049439482,0.0130615495645842,4
"20177",0.998417068674892,3.3006376167933e-51,1.4902210977407e-28,1.56937771559582e-07,0.00158277438733645,1
"20180",0.0119150343625216,3.42050474784875e-33,2.3073170041764e-40,0.946871281011545,0.0412136846259331,4
"20182",0.000800501420931577,0.017199482520696,2.82231934108216e-08,9.23114612488093e-31,0.981999987835179,5
"20184",0.966224390573396,4.15234004040334e-11,0.0279995582337574,0.000165524821942159,0.00561052632938084,1
"20187",0.995377563866077,1.1061552607558e-43,1.8800991013284e-16,1.06216444063975e-13,0.00462243613381659,1
"20189",0.549701781528028,7.79308988640983e-15,1.54972672267597e-15,0.44833646600248,0.0019617524694834,1
"20192",0.00172595530532868,3.39224496027918e-81,5.07505858657654e-33,5.97578958974042e-06,0.998268068905082,5
"20194",0.997058420056761,1.71209001351352e-21,8.63831487318305e-06,4.29760696165716e-14,0.00293294162832317,1
"20196",7.43111999046506e-05,4.96145287735107e-52,4.4567223330923e-40,0.225040510714216,0.774885178085879,5
"20198",0.362577145531257,1.07518419551006e-67,4.75390634447823e-10,0.516621695537763,0.12080115845559,4
"20204",0.00355127842843631,0.000806658349778549,0.994051051580915,0.000236802837975588,0.00135420880289481,3
"20207",0.0253831440383891,2.16629941836287e-43,4.67118694127602e-35,0.619832362660821,0.35478449330079,4
"20209",1.02113730872716e-06,5.39937544787667e-34,6.16723624828284e-06,0.000186101920881881,0.999806709705561,5
"20211",2.64559551307197e-10,2.37530414444267e-52,5.86616161180845e-25,0.00111566054695536,0.998884339188485,5
"20215",0.177415842559359,1.62271393414382e-43,2.84650990372414e-22,0.815313578115804,0.00727057932483661,4
"20218",3.31007767931867e-05,0.998436765122494,0.00152866218642383,8.60823828985197e-10,1.47105346479054e-06,2
"20222",0.00290564610455562,2.09002203966891e-32,3.60599594821886e-27,0.904733121605903,0.0923612322895412,4
"20225",0.249550693534085,3.18021168686598e-46,0.104506677631337,0.00544374066802938,0.640498888166549,5
"20229",0.317091319708858,3.89240497439728e-64,2.44679424918169e-09,0.0317692485859276,0.65113942925842,5
"20232",0.021786545232677,2.83622940229791e-35,1.12267796109563e-19,0.962933560486251,0.0152798942810717,4
"20234",3.50878574886812e-05,6.81667469603648e-42,1.16607110800544e-64,5.75240072078567e-05,0.999907388135304,5
"20238",0.324646132868346,4.01876179126865e-57,1.90160316095665e-35,0.641658984517719,0.0336948826139355,4
"20253",0.62677400717668,5.79468065205881e-40,1.01979244462773e-34,0.349987930480902,0.0232380623424178,1
"20255",0.000147441951793838,6.49967024023851e-08,0.848106370579355,0.139131589422024,0.0126145330501257,3
"20258",0.0293569232200064,1.32666730043358e-21,6.23764480465056e-36,0.967191277830609,0.00345179894938462,4
"20269",0.72047326161697,4.63836760883873e-13,7.70994684449848e-17,0.269298499368553,0.0102282390140135,1
"20271",0.987280816641352,2.14684260641319e-21,6.00961007751102e-33,0.00375855638990028,0.00896062696874792,1
"20285",0.994925045103544,2.37101067780443e-73,3.75675318243202e-18,2.84994858195493e-09,0.00507495204650774,1
"20288",0.130275405554598,1.34177754605557e-36,1.74069362795021e-22,0.861515703452305,0.00820889099309686,4
"20291",0.00116061658477567,2.3978995413335e-74,1.70356334657307e-40,0.137560734214727,0.861278649200498,5
"20295",0.988221681923338,1.92858249432694e-47,1.50097299663695e-20,1.28706989151145e-05,0.0117654473777471,1
"20298",0.000370997451015628,0.000295072097786133,0.997336868421596,0.00189818839647151,9.88736331311198e-05,3
"20302",0.993501794154207,1.2594367612631e-31,5.98226641461067e-06,9.89752550739711e-05,0.00639324832430495,1
"20305",0.000788310627073214,0.000209946055167672,0.997661447188497,0.00112645358572761,0.000213842543534112,3
"20307",0.020707685414861,5.18888489013816e-36,7.14997683335541e-43,0.973508546717962,0.00578376786717723,4
"20310",0.388886256376926,2.73568950135998e-47,5.44418595818762e-64,0.0101498536790528,0.600963889944022,5
"20313",4.97734463097697e-06,0.999994311901052,6.95460933580375e-07,2.81945703302756e-19,1.52933831557345e-08,2
"20315",0.110129932675671,9.27567119982876e-38,1.73438139862207e-34,0.88638647507214,0.00348359225218854,4
"20319",0.00013458319845529,1.05934172261515e-55,7.73307029288536e-40,0.0976573874950644,0.90220802930648,5
"20321",0.859969366455261,4.93292987710536e-51,1.00218974993421e-40,0.119967592270938,0.0200630412738015,1
"20327",0.637540538901457,5.1622425158549e-22,2.60972050212174e-39,0.357186882880658,0.00527257821788482,1
"20329",0.999171448865364,6.21071192487162e-08,3.24314562066715e-07,3.84404754788866e-20,0.00082816471295513,1
"20335",0.000936791995014571,2.20488219550762e-32,4.76365748235973e-44,0.567073631995637,0.431989576009348,4
"20337",2.22103373593069e-05,0.866435134188219,0.13353239383836,8.0455856324292e-06,2.21605042919061e-06,2
"20339",4.92599598258759e-05,5.64388860868125e-101,2.56781555577996e-22,8.01140287797887e-06,0.999942728637296,5
"20341",0.000138583073135539,1.57168171008296e-63,1.34690624409797e-33,2.49710260167727e-06,0.999858919824263,5
"20343",0.84151214552201,2.60786765503883e-40,2.42879428767033e-46,0.000990272568737287,0.157497581909253,1
"20345",0.178858911836673,2.77190709432393e-17,0.126635565472932,0.666562655930635,0.0279428667597599,4
"20350",0.702707236684362,7.74729834909093e-89,5.61701156832779e-20,1.2947194784793e-06,0.297291468596159,1
"20352",0.00240531534622927,0.997516652199258,4.27128827020665e-05,1.23681239666055e-12,3.53195705741651e-05,2
"20355",0.983498489051331,3.43307722113636e-54,5.23226414621298e-12,1.7479350155159e-07,0.0165013361499347,1
"20358",0.998837366397272,3.54786744078107e-08,1.2021874588928e-05,6.68020242786913e-14,0.00115057624939737,1
"20363",0.192242551092459,4.98722259969483e-39,3.17906926831168e-34,0.802961339376348,0.00479610953119382,4
"20365",9.48297913782248e-06,1.56138135398264e-46,1.79726873485077e-21,0.28562629538682,0.714364221634042,5
"20379",0.00683103289348696,8.46477173537119e-30,0.00547875052264721,0.528317277940916,0.45937293864295,4
"20387",0.00753360108636522,2.56892930868908e-29,3.33087079544772e-31,0.980113739032136,0.0123526598814992,4
"20392",2.27395224971504e-11,1.23930922406569e-59,1.64446199257404e-32,0.000680215956916677,0.999319784020344,5
"20395",0.124193277953913,1.37749886271447e-27,0.00231368666173848,0.86552495124096,0.007968084143389,4
"20397",0.000761219655074242,0.999237183474927,5.27555967012069e-12,7.67565949533567e-35,1.59686472302412e-06,2
"20410",0.0236985045735929,1.28588545224297e-21,9.63012301757162e-22,0.964515076352607,0.0117864190738004,4
"20414",0.722215578976815,1.23462623426007e-14,0.0553605231592009,0.192612596247034,0.0298113016169379,1
"20417",6.89430145341329e-07,3.20935447396512e-46,3.27416802831592e-67,7.55321903669753e-16,0.999999310569854,5
"20419",0.926742610312559,6.86884658941101e-20,1.17304736042061e-41,0.0694402120617118,0.00381717762572898,1
"20421",0.0363439311425182,4.94216838171079e-39,2.91464993363244e-06,0.00950650060821515,0.954146653599333,5
"20423",0.0058295731029948,6.40291318419812e-07,0.980898673367113,0.00682156495138045,0.00644954828719341,3
"20425",0.0892419400535191,1.25182715129836e-09,0.881326012007158,0.00886271327461688,0.0205693334128785,3
"20427",0.0739494210968513,1.33715396400778e-14,0.000928743450443433,0.919668329185646,0.00545350626704629,4
"20429",0.967577100926631,5.92591103886731e-95,1.05945901749115e-44,3.3988383007192e-07,0.0324225591895387,1
"20432",0.931157825041449,1.17537958702117e-10,0.0619536292192064,2.16734376345777e-05,0.00686687218417215,1
"20435",0.0226907540343383,3.9255514229193e-72,2.00442815555514e-19,0.885161113735261,0.0921481322304013,4
"20438",0.99303508627956,4.65698233394216e-31,2.11248719952972e-32,0.0006593954802284,0.00630551824021197,1
"20440",0.80292860647171,9.76165770540004e-33,8.28137556110874e-38,0.187744099458498,0.00932729406979231,1
"20443",0.992465413134509,1.99200898785417e-18,1.20191660310923e-08,2.17729854939644e-10,0.00753457462859545,1
"20446",0.665995982501403,2.32259228640318e-39,6.42650300419128e-17,0.295496501904158,0.0385075155944382,1
"20449",0.0549587078954815,2.08554761282917e-74,1.96029765015719e-19,0.928075314089706,0.0169659780148126,4
"20537",0.00193201083286772,8.41908580237602e-78,2.41358831459725e-29,0.291868430550017,0.706199558617116,5
"20540",2.64559726048996e-11,1.01689148022973e-68,4.60989989227534e-39,0.000161656097961435,0.999838343875583,5
"20543",0.0413008471163119,1.02111407918466e-33,6.46154578941178e-09,0.948028717735573,0.0106704286865697,4
"20545",1.87348778431271e-11,4.31386864627093e-44,5.11871372530963e-26,0.000193931054102354,0.999806068927163,5
"20549",0.00994838457177769,1.35807520360654e-14,0.000166031988976912,0.95912302587297,0.0307625575662618,4
"20551",0.0582289100482869,5.03381767984519e-25,1.162861286435e-18,0.936815735234376,0.00495535471733754,4
"20554",0.0283188029660761,1.29079892556691e-19,7.68316335398329e-24,0.970050258851515,0.00163093818240848,4
"20556",0.00579882869382389,1.13166590207e-32,1.21796773728248e-10,0.922056549237869,0.07214462194651,4
"20558",0.024164939509154,3.84214228980882e-21,4.35128004077582e-39,0.973414868787417,0.00242019170342952,4
"20560",0.335868175001596,1.08825667491548e-13,6.87946375915729e-18,0.662282656985261,0.00184916801303443,4
"20563",0.418683306135225,3.16407779193154e-31,4.71706392918671e-48,0.527894295908522,0.0534223979562535,4
"20565",0.451284302449995,3.34170729684622e-35,1.14893650710159e-18,0.540222322861813,0.00849337468819273,4
"20567",0.97001597300426,5.04364736114091e-20,0.0211724519575551,8.18360745915575e-06,0.00880339143072623,1
"20571",0.942524465716453,3.70007340748484e-61,6.79516091928625e-36,1.82493634376765e-05,0.0574572849201095,1
"20573",0.0891359905172236,6.72715613717321e-47,5.73566057866165e-20,0.903303538578544,0.00756047090423266,4
"20575",0.573566674585312,5.69481195498409e-49,1.16229985232814e-44,0.409891526209675,0.0165417992050139,1
"20577",0.0717538333906945,1.13694703229923e-48,2.01660637329945e-09,0.915198024195933,0.0130481403967659,4
"20579",0.998673320050139,1.7723605916049e-06,1.99273133351341e-07,1.71106494513053e-23,0.0013247083161365,1
"20582",0.0783006928280574,6.75737579533293e-24,8.91766052025867e-49,0.915408424793847,0.00629088237809611,4
"20585",8.61443581937208e-07,6.84987329976485e-45,1.93436788801047e-19,0.087625578742262,0.912373559814156,5
"20588",1.15365901562338e-05,4.94206696686421e-99,6.14503016180329e-22,0.000838237458621577,0.999150225951222,5
"20590",0.011540202931633,0.988392133493238,4.37248169700337e-05,2.38574979574208e-16,2.39387581584857e-05,2
"20592",0.650420614450938,7.66918990838199e-24,1.5931189015058e-48,0.339236705687193,0.010342679861869,1
"20594",0.0198886993416085,2.28806219183098e-26,6.64770632233897e-47,0.967314500118621,0.0127968005397702,4
"20596",0.933254212398492,5.3271776683218e-21,1.02385072607244e-23,0.0653145121641724,0.00143127543733543,1
"20598",0.0669450412230703,5.89411064205188e-24,3.01960083073761e-21,0.930958644976883,0.0020963138000467,4
"20600",0.00140964160931868,5.19013983966554e-48,6.34076135714563e-12,0.598037482936236,0.400552875448104,4
"20603",0.0155801020147557,1.34765139370244e-41,0.0228052713941214,0.491798711081769,0.469815915509354,4
"20605",0.0448761119285827,2.51052931801885e-34,2.27702186330195e-34,0.950126309576044,0.00499757849537359,4
"20607",0.164148786930194,2.86857406311345e-26,2.45656867954075e-28,0.834836591252465,0.00101462181734065,4
"20609",0.023977336404137,1.47835069609587e-16,4.21939643924757e-21,0.974307386826906,0.00171527676895702,4
"20611",0.000750926638522053,0.000166736109732991,0.998855669306444,0.000187057971385996,3.96099739149723e-05,3
"20613",0.00381685756041058,1.78425158466557e-16,2.00982932456995e-09,0.961540431547187,0.0346427088825726,4
"20615",0.0133653023573864,5.74489689976493e-24,5.84798183356534e-08,0.950116780787893,0.0365178583749019,4
"20617",7.80650045237835e-06,0.999879277975216,0.000112832250323652,1.43925072521501e-13,8.32738642604084e-08,2
"20619",0.943474338573497,2.56914758972553e-32,4.40216594437557e-43,0.0499051297280752,0.00662053169842733,1
"20621",0.33424500423481,1.05742408879912e-53,3.41151567475901e-23,0.659648505598481,0.00610649016670877,4
"20623",0.998699104742352,5.15656243585578e-15,8.01950885768824e-10,6.14528701874212e-09,0.00130088831040463,1
"20625",0.0054296303964249,4.57616762455618e-38,0.0458736926196157,0.0537557883746695,0.89494088860929,5
"20627",0.0662354546844205,2.53246235689732e-36,2.17657050678116e-14,0.929597996925559,0.0041665483899987,4
"20629",0.0772794282634486,4.18481080926527e-44,3.93495298742937e-16,0.916700200148862,0.00602037158768859,4
"20631",0.906111478360962,6.71728643938137e-29,4.14936880423951e-46,0.0765872858981649,0.0173012357408736,1
"20633",2.45024681190027e-05,0.999975371651272,6.216293976198e-08,2.79361078270618e-22,6.37176687244937e-08,2
"20636",0.996039063389057,5.24537700143453e-27,8.96474264034185e-05,8.90504483372141e-05,0.0037822387362021,1
"20638",0.0831014374212824,7.94353130090728e-84,4.21110111678985e-15,0.485769450620592,0.431129111958121,4
"20640",0.000127784546691693,9.9504303947492e-39,2.76160998141473e-28,0.642950910010619,0.356921305442689,4
"20645",0.00551427812219725,4.5851347806771e-35,1.08463281609707e-54,0.969131858221079,0.0253538636567238,4
"20647",0.000153845621754992,0.999844716759618,7.47382198198659e-08,9.97585198536389e-20,1.36288040732702e-06,2
"20649",0.00321783279826261,1.24781274712832e-25,2.03697882217889e-21,0.933198805535948,0.0635833616657898,4
"20651",0.940568537988595,1.96746503493182e-79,4.97230758740437e-55,3.67121443469632e-07,0.0594310948899616,1
"20656",0.000420275642342534,1.55673987095586e-40,3.99401690587815e-35,0.657712967041226,0.341866757316432,4
"20660",1.30240640311483e-08,2.05341609014363e-55,1.52176622257239e-25,3.7783803392138e-05,0.999962203172544,5
"20662",0.998580641751113,1.41627833470124e-25,2.06156700146181e-09,2.30694066849741e-12,0.00141935618501302,1
"20664",0.998709486283025,3.69075158370669e-29,6.7586890296484e-29,2.56939675013394e-07,0.00129025677729968,1
"20666",1.12297980682378e-08,3.95222281813528e-22,0.000433971849861363,0.0101533084473332,0.989412708473007,5
"20668",0.00243027571399143,0.833266919987281,0.16421708402573,5.51916652698602e-05,3.05286077275153e-05,2
"20670",0.968566435303548,1.11723518664005e-49,2.50672138723109e-37,0.00532786933428586,0.026105695362166,1
"20672",0.000623412743948409,0.0404242126236631,0.958205185163463,0.000268057035978999,0.000479132432946264,3
"20674",0.192697612401398,1.08723642891678e-45,5.99970228494394e-18,0.805202049655656,0.00210033794294598,4
"20676",0.763561415856919,0.162914566479839,0.0506832139529893,2.16657174180619e-12,0.022840803708086,1
"20678",0.0376919418373345,0.961929854658589,0.00025260695475633,1.25807237653672e-16,0.000125596549319897,2
"20680",0.0703404241457777,4.92092941945995e-06,0.818407898351624,0.106237050698656,0.00500970587452378,3
"20682",0.978952490450576,2.21464079812933e-32,0.000586458522515179,0.0111630657266829,0.00929798530022552,1
"20684",0.951337453004704,1.26947995093739e-81,3.01332829757185e-24,0.00858023365368559,0.0400823133416104,1
"20686",4.89261836220549e-05,0.99827735554611,0.00167217613772454,2.53309254619819e-09,1.5395994514079e-06,2
"20688",0.00257771759350313,0.997417295638287,3.72102989667928e-08,1.79611820828454e-26,4.9495579113221e-06,2
"20690",9.24040381325747e-07,2.37078785115956e-67,9.00098304861265e-28,0.0217298433947652,0.978269232564854,5
"20692",0.000141725527446902,0.999857979677922,2.88172957693353e-09,9.70402930793329e-27,2.9191290177681e-07,2
"20694",0.00217945819755465,0.000903210551031603,0.995381112287073,0.00129144712246142,0.000244771841879282,3
"20696",0.614747959034246,5.24399343261835e-33,0.163879302672114,0.189336572081854,0.0320361662117869,1
"20698",0.817496007052818,3.10565983870392e-38,3.11014790535042e-17,0.157933147222073,0.0245708457251091,1
"20700",0.99460455904202,7.02396513992581e-74,5.1039398852337e-34,7.05653480724999e-06,0.00538838442317263,1
"20702",1.82314788315359e-05,1.22144092054989e-68,7.97707001888483e-36,0.0666978911033265,0.933283877417842,5
"20704",0.0418384255322458,4.20981169759882e-19,6.16735473565926e-16,0.956540183555595,0.001621390912158,4
"20706",0.98621514382891,1.44376796206043e-63,6.083920665063e-19,4.04319515377423e-06,0.0137808129759358,1
"20708",0.00734741493422358,0.977629927590268,0.0149803830489576,3.89858561714338e-11,4.22743875649791e-05,2
"20710",0.000255315682114862,4.55218628515021e-41,6.58165784215031e-18,0.452057326781266,0.547687357536619,5
"20714",0.216423668939427,0.761730663747395,0.0216199685661232,2.26921141611631e-08,0.000225676054940431,2
"20716",0.100385212967968,9.00391500973908e-42,1.16920541178842e-23,0.89711759937854,0.00249718765349185,4
"20719",0.996783133663189,7.36746004386745e-52,1.60152913097498e-17,8.06003584825611e-06,0.00320880630096283,1
"20721",0.56459453644343,7.61940174146961e-26,1.66766243957985e-47,0.413147303844377,0.022258159712193,1
"20723",0.992114770169659,2.91753000870227e-59,3.85057681869602e-22,1.40064333204759e-09,0.00788522842969715,1
"20725",0.000836236863683476,6.7904320217177e-06,0.695955432546741,0.294759646748954,0.00844189340859918,3
"20727",0.520880301633206,1.36556473008494e-39,1.53978259767834e-07,2.65214040088417e-16,0.479119544388534,1
"20729",0.000369148982859489,0.375846075338759,0.623556590212141,0.000127477094914226,0.000100708371326263,3
"20731",5.16291020642992e-05,1.71554625213679e-05,0.985195362356867,0.013993400995212,0.000742452083335559,3
"20733",0.110401609855556,1.8720201847864e-61,1.40460821214573e-18,0.862527641249587,0.0270707488948575,4
"20735",0.00675917671484872,1.25602652721543e-34,1.53258771309729e-11,0.95661895505007,0.0366218682197556,4
"20737",0.067397232854028,0.796307193122492,0.135845991781081,3.74109046156604e-07,0.000449208133353377,2
"20739",0.926066268831306,0.0644841309808751,0.00321629739838482,8.89129056052486e-17,0.00623330278943356,1
"20741",0.0399951953645604,0.319338863624597,0.199451867483216,0.43750252261054,0.00371155091708608,4
"20743",0.269784313633169,6.48679968277432e-13,0.00344948470660075,0.693240069206662,0.0335261324529195,4
"20745",0.187068298070247,6.33339241050511e-29,2.25017304327248e-41,0.750325850075393,0.0626058518543601,4
"20747",6.47290068447125e-05,0.435479958598372,0.564427857931637,1.70830341655583e-05,1.03714289809408e-05,3
"20749",6.23285575083925e-05,0.380892498556795,0.618995677468345,2.36426920832186e-05,2.58527252687756e-05,3
"20751",0.000143010706052587,1.18569886923792e-28,0.577380642286192,0.0132373995897703,0.409238947417985,3
"20753",0.000542799260184376,1.2780687052943e-06,0.997904906426881,0.00136875332120376,0.000182262923026033,3
"20755",0.146390559311222,0.853120655352092,5.13381778846698e-05,5.91064844609513e-18,0.000437447158800815,2
"20757",0.997687115038386,1.3729897952353e-46,7.24192205883104e-19,8.91953075194612e-16,0.00231288496161344,1
"20759",0.996098896177995,2.44834978337972e-41,5.00904930077015e-38,0.00032695140988973,0.00357415241211524,1
"20761",0.0257495218023268,3.15840396244682e-09,0.00222657195979053,0.968492197231506,0.00353170584797288,4
"20763",0.0427544253724081,6.58643403633788e-57,1.65182223965885e-12,0.88741350531826,0.0698320693076804,4
"20765",0.0042630882888184,0.445593148052533,0.35862060190724,0.190241881522596,0.00128128022881262,2
"20767",0.527800796845952,5.19267051403755e-43,4.37689289902352e-20,0.463991871315887,0.00820733183816106,1
"20769",0.000290335837476266,2.96916314836683e-70,2.80347890492719e-22,0.0230357550490369,0.976673909113487,5
"20771",0.906901669937629,1.90287360736164e-09,1.83273470413396e-06,0.0908519324844728,0.00224456294032067,1
"20773",0.996941429443134,6.55541280094038e-38,7.97294231501659e-15,7.94202045134051e-18,0.00305857055685775,1
"20775",0.0503368106350974,3.13157736611053e-34,0.0338733586271443,0.861791882857224,0.0539979478805345,4
"20777",0.0011084500342843,2.39887601331387e-89,3.94158175670006e-15,0.0290654234228642,0.969826126542847,5
"20779",0.000836740492066784,4.97745573455992e-06,0.871270900799679,0.125012812238987,0.00287456901353299,3
"20781",3.69619026972998e-08,1.71589345600739e-67,5.35120924253567e-16,2.65193002046898e-23,0.999999963038097,5
"20783",0.235404194618906,1.9753466317824e-10,0.000482706992195636,0.762091644800841,0.00202145339052315,4
"20785",0.996567242556809,2.45022467239753e-25,8.36027232575679e-15,2.79092737724056e-25,0.00343275744318228,1
"20787",0.0257348226193832,0.567022030769624,0.406333000691354,0.000808530119684776,0.00010161579995363,2
"20789",0.028849789952201,6.23925627085165e-29,8.49195345591685e-11,0.961276583447891,0.00987362651498833,4
"20791",0.000658603165246024,0.919877757766731,0.0794017436357805,2.22611243586198e-05,3.9634307884185e-05,2
"20793",0.0506819702035153,2.35100459475091e-14,6.9913965132437e-09,0.939031128747919,0.0102868940571455,4
"20795",0.217123831911335,8.15073959232252e-12,0.777540057333679,0.00410017113254454,0.00123593961429074,3
"20797",5.34852099919602e-07,1.07589518310202e-13,6.78856643035397e-07,9.91874380090219e-19,0.999998786291149,5
"20800",6.6860264148609e-06,0.0463753491352606,0.953335964078199,0.000275783778718057,6.21698140778253e-06,3
"20802",0.0276336711563616,4.56293816642538e-05,0.298497054676613,0.670639578434577,0.00318406635078424,4
"20804",0.000370569245131547,0.983297566248791,0.0163230595036098,1.98209521250175e-07,8.60679294596594e-06,2
"20806",0.000161692263927558,0.994593870533654,0.00524090513178908,1.67572655174121e-07,3.36449797460121e-06,2
"20808",0.0684165820686423,6.19682354890464e-12,1.60737571612905e-19,0.929865925446505,0.00171749247865627,4
"20810",0.986411632234586,8.0363577457208e-24,4.86730500526983e-05,0.000419135215405681,0.0131205594999556,1
"20812",0.0292977372653032,3.15205885932354e-31,0.0902956337284279,0.761502612793047,0.118904016213222,4
"20814",8.9390719417371e-05,0.999906933130067,3.11054656568315e-06,2.58350764978752e-17,5.65603950261576e-07,2
"20816",0.94418563881258,6.61266320929142e-47,5.21084797942365e-23,2.54789016745949e-07,0.055814106398403,1
"20818",0.0612943812713616,9.01573740978055e-14,8.18915600221799e-05,0.931565755830402,0.0070579713381236,4
"20820",0.649757329368406,0.347210971092015,0.00050870647923488,3.00888516591315e-18,0.00252299306034432,1
"20822",0.0172126935824971,0.00363663595138518,0.671635676048313,0.306468947930762,0.00104604648704336,3
"20824",0.997963021430268,7.51172883526059e-14,9.56494413058832e-12,1.86501772822552e-26,0.00203697856009195,1
"20826",3.64931316315915e-05,0.999672838559787,0.000289749486473329,1.36140289495132e-11,9.1880849463727e-07,2
"20828",1.79491586901307e-05,0.999981553198608,1.69360202271803e-08,1.95227087234121e-20,4.80706681242111e-07,2
"20830",0.00934922687174991,1.68120849615908e-12,0.98945876374673,0.000479377905627576,0.000712631474211664,3
"20832",0.483767482779197,7.72913231343876e-37,1.39365879703678e-10,0.512390081658237,0.00384243542320008,4
"20834",0.026917438474241,6.19281251961142e-34,6.35708268054874e-19,0.966199204151106,0.00688335737465306,4
