"","V1","V2","V3","V4","V5","V6","result$classification"
"19812",0.0365760644379462,0.946809376860756,0.000114783118644751,0.000466595727964363,0.0160304263627342,2.75349195418614e-06,2
"19814",0.000814605501309286,0.995100540117959,4.48963962669539e-06,9.98999228613184e-06,0.00121168322194492,0.00285869152687357,2
"19816",0.009768485701296,0.0141823141830449,7.24271791061447e-05,4.19929730269999e-06,0.975970998277306,1.57536194424545e-06,5
"19818",0.000537512752080763,0.952684495694298,4.34306839446489e-05,3.02350523183039e-05,0.0365513408135807,0.0101529850037773,2
"19820",0.000203955102893279,2.61999167389467e-07,3.92078657406986e-08,4.46623860576071e-05,0.99975107892999,2.37402571118803e-09,5
"19822",0.0392927443839097,7.52944540895613e-06,1.31024296078773e-06,0.0588531912571361,0.901840664335735,4.56033484924264e-06,5
"19824",1.15489349108986e-05,0.000562970501791884,0.000131192481312376,3.95595135888343e-05,0.998203348683286,0.00105137988511039,5
"19826",0.109253762463414,0.851064788585421,0.0140774547521999,7.68470770190288e-06,0.0255368525150398,5.94569762229854e-05,2
"19828",0.000221337598800616,0.000490186764142093,2.39244006150611e-07,0.000247499557322013,0.999038556839748,2.17999598091098e-06,5
"19830",0.0685440320706407,0.929016682715223,0.0018835180703841,0.000249288506538763,0.000133689032639474,0.00017278960457444,2
"19832",0.0363174219742145,0.225633086496006,8.90525640653181e-06,0.630611260373262,0.107426305873833,3.02002627860787e-06,4
"19834",0.702441284825412,0.0302051911635504,1.14942986749736e-06,0.00391823318186122,0.263291347983212,0.000142793416097113,1
"19836",0.0123234791276227,0.571483782203323,0.123933336538979,0.000184536637971907,0.292071859115932,3.00637617079143e-06,2
"19838",0.000811723717370965,0.998514120999513,9.86951080434933e-06,3.40631289798478e-05,2.55754217002927e-05,0.000604647221632053,2
"19840",0.736576406371855,0.048146801084665,0.00108548574263586,7.20073946410798e-06,0.214177131750198,6.97431118183656e-06,1
"19842",0.000565445374904304,0.0468943779775028,0.952519720033658,9.38857017305794e-08,3.60367238559746e-06,1.67590558475706e-05,3
"19844",4.26263525512178e-07,1.88520173223935e-05,2.43112374282639e-05,4.18090956526293e-08,7.48989564817697e-06,0.99994887877698,6
"19846",1.17755573813485e-05,0.88950389232274,0.00564824620127207,9.14001594510813e-08,5.97023816788439e-06,0.10483002428028,2
"19848",2.81124653652061e-05,0.959124826244358,0.000340527870625465,3.34999786964068e-07,8.70388757997563e-06,0.0404974945322843,2
"19850",0.000165861477351129,0.747612224191175,7.74018116787232e-05,2.26277460319133e-06,0.000128119495831217,0.252014130249361,2
"19852",0.00933647194263625,0.33340018964987,2.00443329405462e-05,0.000154374719285111,0.656542496698836,0.000546422656431986,5
"19854",7.72979503473582e-05,0.995472880645508,8.59136282720719e-05,8.04642359806193e-07,7.94728618536691e-06,0.00435515584732802,2
"19856",0.0006330540366443,0.016463990433487,0.000222368289222543,8.71927142338074e-06,0.000450646148782096,0.982221221820441,6
"19858",0.00014589347778028,0.00268299910269993,2.66075212348918e-05,0.000111314276614006,0.019789941508022,0.977243244113649,6
"19860",0.173908819876902,0.588056090977571,4.67605848094626e-05,7.01190547350702e-05,0.237859813468958,5.83960370242979e-05,2
"19862",3.01298777586365e-05,0.97470221243415,0.0200130007062668,9.9234414846959e-08,2.73998570933366e-06,0.00525181776170001,2
"19864",1.49209367538115e-06,7.43335857841377e-06,0.999968468654523,8.19233398407249e-08,2.01428282178773e-05,2.38114166577968e-06,3
"19866",0.0877129943293471,0.00267931208178641,0.0200118775914274,1.13820778524658e-05,0.889582901254602,1.53266498451783e-06,5
"19868",0.00570530617070048,8.01136653789411e-05,4.52045939243255e-07,0.994126331576146,5.0050843758326e-06,8.27914574591559e-05,4
"19870",5.36116413637957e-05,0.996116952406991,0.00144449375603289,1.42503755819371e-06,0.000192549122732976,0.00219096803532128,2
"19873",0.00143678193157417,0.973834996988775,0.00216652986895419,4.97369252200572e-06,0.0217358094721885,0.000820908045986232,2
"19875",0.0397393635380702,0.0027692143794338,9.29618505813868e-07,0.000284146654459174,0.957206257561862,8.82476690940859e-08,5
"19877",0.00404164948053696,0.991391846052957,0.000107410941468399,1.31174516052485e-05,0.00227134946362731,0.0021746266098053,2
"19879",0.0269399630897594,0.712473034509435,0.000224262936407368,0.000986212746833414,0.253605986261106,0.00577054045645925,2
"19881",0.00410832755958601,0.961250783490363,0.0252978904755802,6.86352148369379e-06,0.00790028090606064,0.00143585404692675,2
"19883",0.00188669018882468,0.682990613110824,0.312411353542885,7.78618263961514e-07,0.00262178080614039,8.87837330618204e-05,2
"19899",0.931161317065004,0.0413332684450207,0.000243691752182937,0.000435390543409507,0.0268207048177536,5.6273766295912e-06,1
"19908",0.980408853729126,0.000233448099159942,0.0153204254284873,0.000886153689155924,0.0028808023519455,0.000270316702125436,1
"19910",0.00192428077344157,0.656665050917221,0.000379080775428543,5.00403371504559e-05,0.340637037423471,0.000344509773287242,2
"19912",0.00463590822963504,0.377881858412386,0.616630925009203,2.85801503536528e-07,9.31453507048058e-06,0.000841708012201186,3
"19914",0.412130478969962,0.483461771346352,9.38763322242469e-05,0.00242033302007767,0.100840694655858,0.00105284567552554,2
"19916",0.000643322285397771,0.000287401160131315,0.191365753986925,5.24536742378743e-05,0.807324014120788,0.00032705477252001,5
"19918",4.70666766288512e-05,0.910220369273368,0.00278837632076788,1.33102527321649e-07,0.000268542104692814,0.0866755125220146,2
"19920",8.97326592705198e-05,0.11854152235182,4.74284746039581e-05,7.59248349709403e-08,1.43467089728443e-05,0.881306893880497,6
"19922",0.00011265617543452,0.238334981391383,9.40281966668063e-06,0.750857959317789,0.0106708252250431,1.41750706839458e-05,4
"19924",0.00545203208778533,0.959125088888043,0.000222948137700314,5.92868926367549e-06,0.00596498375270455,0.0292290184445031,2
"19926",0.735016898341404,0.0910963753757901,0.00777354061736582,0.00583221663440378,0.160280368664296,6.00366740829929e-07,1
"19928",1.4730001170544e-07,1.13505947460823e-06,0.999997225648245,4.97150182192258e-09,4.47140645890237e-08,1.4423067027546e-06,3
"19930",0.000121241707635314,0.999202363318663,6.94152152319986e-05,5.57803203246381e-06,0.000466556562526519,0.000134845163911037,2
"19932",0.000103270508829822,0.998384057855656,2.39166702115389e-05,3.05190083272398e-06,1.80530139154692e-05,0.00146765005055496,2
"19934",0.0379494965307186,0.0294847820109098,1.11811784610648e-06,0.00191716990367526,0.930522386271166,0.000125047165684485,5
"19936",0.04652613730594,0.946937283216501,3.12965749225178e-05,0.000284139998199255,0.00604057173031829,0.000180571174119387,2
"19938",0.150104009111957,0.000234246273776472,1.04607746064907e-05,0.00186720017067092,0.847734227521167,4.98561478221578e-05,5
"19940",0.00040706025384184,0.894120809298087,0.0277441170601251,6.6198834258732e-06,0.0772099722786392,0.000511421225881232,2
"19942",1.25104707371133e-05,1.03125222975306e-05,0.999975993993278,2.16612224041462e-09,7.48036221923417e-07,4.32811342824493e-07,3
"19944",0.0156042832705007,0.22159925739588,0.00133220341200162,5.37175506450769e-05,0.761373545555249,3.69928157229439e-05,5
"19946",0.00696741820413221,0.888791836139862,0.000169215944838853,4.58319956732051e-05,0.0838377913592294,0.0201879063562647,2
"19948",1.80993569944385e-07,4.16358406844281e-05,0.999955744488124,7.28671980887974e-10,8.59610099746862e-07,1.57833884930362e-06,3
"19950",9.09848944196667e-07,0.00167978016361407,8.35145032080643e-07,8.19334520398631e-08,3.43191454562024e-07,0.998318049717503,6
"19952",1.80993569944385e-07,4.16358406844281e-05,0.999955744488124,7.28671980887974e-10,8.59610099746862e-07,1.57833884930362e-06,3
"19954",6.76490441128087e-05,0.999131388724242,7.4173666770193e-05,1.48930338463289e-06,8.44586598109796e-05,0.000640840601679787,2
"19956",0.0997739624543204,0.171549798937246,0.0119966953070037,4.1923438496645e-05,4.55112577236003e-06,0.716633068737161,6
"19958",9.65259628974917e-07,0.00179700179961716,1.10352052609719e-06,0.997741326317949,7.56156130657685e-05,0.000383987489213117,4
"19962",0.0184909857961753,0.618315308818908,0.000400607672950093,0.0020392153160421,0.156430953456298,0.204322928939627,2
"19964",0.000164448012157112,0.918595145036807,0.0254506743576867,1.73254474786705e-05,0.0436651664838064,0.0121072406620636,2
"19966",0.0344125759710444,8.27097468403496e-05,0.00415869977423334,4.77891501045705e-05,0.961298189885406,3.54723717558318e-08,5
"19969",0.0047337306721454,0.983682106304425,0.0111272684892618,1.32410071776465e-06,0.000340179188341648,0.000115391245108484,2
"19972",9.01178551679903e-05,0.795224672320757,0.145182849798708,1.23439857133258e-06,0.0004973159399733,0.0590038096868226,2
"19974",3.08159802313086e-06,0.0848051685881585,0.0433749817179416,9.37194823697656e-09,5.71037001026895e-07,0.871816187686927,6
"19976",0.00291508314821929,0.942783521834449,0.000315310096392512,8.75026207286841e-06,0.0107248463487678,0.0432524883100979,2
"19978",0.00107654891196575,0.225315654628231,0.0010644531479796,5.08417808017846e-06,0.772096082664636,0.00044217646910779,5
"19980",3.75222442663763e-05,0.80045044132383,6.78259619300869e-05,7.10403117337568e-07,6.30453995247479e-06,0.199437195526904,2
"19982",0.00116831446727332,0.143185748674621,1.89141178942622e-05,1.33564604293428e-05,0.000100609421510838,0.855513056858272,6
"19984",2.12969655731697e-06,0.000351517492248151,4.57809720858959e-06,5.20794541944629e-08,7.6399541745842e-06,0.999634082680357,6
"19986",0.00795634146715226,1.78608379780511e-06,4.84665940604148e-07,0.00024150323239519,0.991799880991144,3.55957040491142e-09,5
"19988",0.00123567721036711,1.31938766022525e-07,1.77501832780653e-08,0.000423957541077268,0.998340213553591,2.00601519481379e-09,5
"19992",0.0270290850103462,2.92518584080034e-06,1.50873806302241e-08,0.000402337554118181,0.9725654265875,2.10574813909321e-07,5
"19994",0.000476474718833701,0.998846631494132,4.93128857509147e-05,1.94358221527074e-05,0.0005758454428948,3.22996362356935e-05,2
"19996",0.000719683307566277,5.23315226761381e-06,1.02393221808225e-08,4.38413653132139e-05,0.999231132784571,9.9150959584426e-08,5
"19998",0.446805651181244,0.131288861610151,0.395771994698782,4.76594826430404e-05,0.0188703217272489,0.00721551129993098,1
"20000",0.215808263648239,0.770258555463849,0.00493328356939259,0.00839771473885979,3.93649493917074e-05,0.000562817630267627,2
"20003",0.00736228109299267,0.987277217613298,0.000814892723408122,0.000124410425913933,0.00441898034552165,2.21779886530399e-06,2
"20005",2.81160350340024e-05,0.96076136986672,0.00277804020385949,9.73992757102282e-08,4.25192693555568e-06,0.0364281245681748,2
"20007",0.396675893721729,0.219589485459327,2.55490159126895e-05,0.0013565053668897,0.381507133606143,0.000845432829998505,1
"20009",0.00105495221506736,0.000325260899217849,0.000248557673441862,0.000515534062207103,0.997627227072397,0.000228468077668773,5
"20011",0.000849338226696023,0.955727655697461,0.0308094868065671,4.18122117908678e-06,0.00343908415525424,0.00917025389284246,2
"20013",0.0128785199752911,0.885496685034796,2.08902957156838e-05,7.06828398424552e-06,0.000302136148729055,0.101294700261484,2
"20016",0.00647845269684837,9.59839742295244e-06,8.44329835412678e-07,0.00417753872423124,0.989326048669123,7.51718253914713e-06,5
"20018",2.19942276204094e-05,5.63821705904415e-09,8.30433599186074e-09,0.995013037451649,0.00496495348085644,8.97321568489389e-10,4
"20021",0.000692354162590841,0.0076925198876432,8.52004688405116e-06,0.000317092065724022,0.991289427889462,8.59476955957898e-08,5
"20023",0.0690533275189507,0.0551351470165797,2.61537101170768e-05,0.00103962301134916,0.874646008185337,9.97405576667351e-05,5
"20025",0.000955796021305731,1.44193675239929e-05,9.12475276128013e-07,0.503765676289862,0.495263130608819,6.52372126628889e-08,4
"20027",0.0113827880929145,0.62479011591836,0.363712130708334,1.4166895003924e-06,8.70727714887599e-05,2.64758194018157e-05,2
"20029",0.000588800068053891,0.971510488481834,0.0134500557847355,5.60825702491347e-08,2.28737672840049e-05,0.0144277258155224,2
"20032",0.000450908165429664,0.991976094574438,0.00746051847711874,4.25551336740322e-06,8.93582326613137e-05,1.88650369844244e-05,2
"20034",5.26085878337032e-07,0.000168547683305727,0.999826336223091,5.59298806614476e-09,4.25337123852878e-06,3.31043498260062e-07,3
"20036",0.952476333408616,0.0283884956344219,0.000231811139042724,3.67447959197423e-05,0.00117405141803577,0.0176925636039633,1
"20038",0.228011210447773,0.000189466173685027,3.49806309996499e-07,0.00484273731453024,0.766956233393643,2.86405894730026e-09,5
"20040",7.37454812964355e-05,2.80934483687999e-06,9.08389377241104e-05,0.0116448737217213,0.988184936035443,2.79647897860025e-06,5
"20043",0.0112644765469107,0.00191861433387753,1.32938821151001e-07,0.000646873804655126,0.986169364182954,5.38192781170491e-07,5
"20045",0.000167782597915263,1.98426737906065e-07,1.9170365526449e-09,0.00640378813327204,0.993428144699817,8.42252216400955e-08,5
"20048",1.8344275602828e-07,3.70210979157428e-05,4.04856438904576e-07,4.61566584042749e-08,1.32003087977719e-07,0.999962212443143,6
"20051",0.0995466781665949,0.628316454038438,1.3878755055438e-06,0.0146376850516845,0.245569994760384,0.011927800107393,2
"20053",0.00246041538030841,0.00812479128769132,7.61737898728844e-05,5.24502653577664e-05,0.989128320704846,0.000157848571923333,5
"20055",0.865888660411923,0.00653575123844701,1.61174409445449e-05,0.0227592363007187,0.104800218352802,1.62551647543261e-08,1
"20057",2.86263516222828e-06,8.25907264057093e-05,3.3481081597843e-05,0.999028377833429,3.79303938971819e-07,0.000852308419465966,4
"20059",0.00180800502287143,0.00688753795833278,0.000329297281610631,0.00213616329612767,0.988821587658296,1.74087827618203e-05,5
"20061",0.0114021598499906,0.0818765804594281,0.000372599044289596,0.000260495768315284,0.905965746639585,0.000122418238391017,5
"20063",0.000433030349660553,1.46754325160639e-05,0.000502449727745808,0.000204032299575359,0.00728959606411486,0.991556216126387,6
"20065",0.00085111606587415,2.05232160799581e-06,3.30652040505066e-09,0.921927995037556,0.077218833208005,6.04360402050216e-11,4
"20067",0.00240672410177225,0.00018540144969642,7.52089760766629e-09,0.0104268499775784,0.986769032947337,0.000211984002718681,5
"20069",6.35582431209163e-05,0.534801173034014,2.39713304472457e-05,1.28348777930275e-06,9.44294089943168e-06,0.465100570963739,2
"20071",0.99320291488586,0.00275962771894397,0.00167679336027121,2.54549763833357e-05,0.0023105530956193,2.46559629217108e-05,1
"20073",5.34841895029927e-06,0.128566485877834,0.000573325353838948,6.34256101602001e-07,0.000713904015532532,0.870140302077743,6
"20075",0.000935001522462917,0.000108063797530295,5.81032291431996e-08,0.998953532201014,2.60661451897803e-06,7.37761244562967e-07,4
"20077",0.616630453799561,0.00386626838123965,5.39520385972407e-06,2.06046127108268e-05,0.379208752113446,0.000268525889182704,1
"20079",0.0132010814624783,0.0491475142851148,2.91550421081034e-05,0.000870370976697825,0.106048361907791,0.83070351632581,6
"20081",0.0638069892634649,0.00539943695685948,4.45890942346971e-08,0.160939175297961,0.769847904796297,6.44909632352212e-06,5
"20083",0.153918787340649,0.00448779659504049,0.00157830687857641,0.000196653357007449,0.0011113975957627,0.838707058232964,6
"20085",0.00229449810560724,2.73112861884569e-07,6.82998362470727e-09,0.00248379026403663,0.995221431147997,5.39513828068572e-10,5
"20088",0.00485082391960158,0.000213540476362503,3.98835958373841e-08,0.000781722007807538,0.994153771907165,1.01805466861068e-07,5
"20091",0.000241451498152089,4.22517002857017e-05,1.50995097385404e-09,0.998850434388566,0.000864315799913957,1.54510313168104e-06,4
"20095",0.00106750796883059,0.0130216143418317,0.042694774443283,0.000171436317334434,0.0609821412809037,0.882062525647817,6
"20097",0.00864916508392051,5.64865396461806e-07,3.6528904943395e-09,0.0110537192409234,0.980296546284621,8.72248062698736e-10,5
"20099",0.000136115485192521,0.00132339883120405,0.0767478891392876,1.45412025022965e-06,0.919302298737467,0.00248884368659845,5
"20102",0.000200597797247686,0.00156509296630444,3.7499332849558e-07,0.0476819163249086,0.00073023803984355,0.949821779878367,6
"20105",0.00118534537127001,0.0035024296460778,2.92738921847796e-07,0.000234229658425197,0.994676914534029,0.000400788051275982,5
"20107",0.0682445051510411,0.000237041722037095,1.06598688843463e-06,6.84061351946341e-05,0.931448572746322,4.0825851656584e-07,5
"20109",2.1630712834169e-05,0.0214225371569836,0.000741446082565496,1.17386701923491e-05,0.804956115550015,0.17284653182741,5
"20111",8.03643998318007e-05,0.470442184304737,5.16292854998129e-05,0.520072106806184,6.30698733663531e-05,0.00929064533038117,4
"20113",0.771184022398245,0.00237964303979623,0.0047379192825029,2.84486496771446e-05,0.221669612341694,3.54288084353484e-07,1
"20115",2.10852328484685e-05,0.993962921698661,0.00547461787933421,0.000158967153890349,5.86570437206726e-05,0.000323750991545596,2
"20117",0.0212762422512889,0.000733473580330107,0.312961913252852,0.571685260877437,0.0933389201500757,4.18988801637795e-06,4
"20119",0.0472386912565859,9.52152400928218e-05,0.0185187817887665,2.05020702781879e-05,0.934126791210509,1.84337673891394e-08,5
"20121",0.0488932905604076,2.64518650971221e-05,5.51118161390363e-07,0.000224002837383551,0.950855689606669,1.40122807941421e-08,5
"20123",0.000896464922355149,7.07375520531603e-06,3.38219608322195e-09,0.998630640272176,0.000465812229252664,5.43881487403345e-09,4
"20125",0.000992158466489697,0.915090375759988,1.39194664490127e-05,7.30961822373244e-06,7.29314729542895e-05,0.083823305215895,2
"20127",0.000134744280904268,3.54005872734171e-06,3.53625729422572e-08,0.000190314158390849,0.99967025302879,1.11311061463171e-06,5
"20140",0.987304640892602,0.00183885673094229,3.38989080054599e-05,0.00597977679900824,0.00484278856917214,3.81002698502425e-08,1
"20142",7.895259450148e-06,0.00490591870842548,1.60835782975236e-06,1.85649975276672e-07,5.58127866329527e-07,0.995083833896453,6
"20144",0.0183366931334806,0.9707662419022,7.96345394530938e-05,0.00324522818743147,4.00398612798981e-05,0.00753216237615463,2
"20146",0.335065104571309,0.305975472182647,4.68180203307277e-05,0.00077383885527567,0.00174056325196166,0.356398203118476,6
"20148",0.0313690596779692,0.9643473167276,2.23813476305318e-05,4.35998097266088e-05,0.00402233967053821,0.000195302766535216,2
"20150",1.05845062642947e-05,0.544392525601023,0.00396189401368379,6.13475195478659e-08,1.51468854085027e-06,0.451633419842969,2
"20152",0.0318675465721663,0.946548304287779,0.000107840088215582,7.81382853201645e-05,0.0212593317289726,0.000138839037546332,2
"20154",0.000404955239071267,4.6602206992842e-06,2.22847127873664e-10,0.983847141854565,0.0157392015713796,4.04089143812208e-06,4
"20156",0.637798989737968,0.0525096335680037,0.000108195954415275,0.00439439564759152,0.26180630631141,0.0433824787806116,1
"20159",0.000159767528424063,0.424472338424441,1.44397581527719e-05,2.31159593868559e-06,8.83966265469063e-06,0.575342303030389,6
"20161",0.00166433982718395,0.00537854316727944,8.90328876354258e-05,1.30503629504829e-05,0.000192695798226001,0.992662337956725,6
"20163",0.0015864100162609,0.960737220416581,0.00112594187789682,0.0009716549815448,0.0355742272594172,4.54544829924121e-06,2
"20165",1.02596401135014e-05,0.000694898404420931,9.98122517976151e-07,1.09713759791111e-05,0.00703523441737384,0.992247638039595,6
"20167",0.00050391898568678,0.990843288331976,1.43667307148782e-05,2.80696176619556e-06,0.00223784817364985,0.00639777081620619,2
"20169",6.46559041684444e-07,0.000172177438281101,4.92364934755808e-07,5.33055823436198e-08,1.48754880900776e-07,0.999826481577279,6
"20171",0.000340995979060306,2.6628310985013e-07,1.18851997438498e-10,0.995829213044054,0.00382397881156371,5.54576336000508e-06,4
"20173",4.95760032045705e-05,0.00100921287506859,0.677455999136183,9.43432386797617e-06,0.0772707535993459,0.24420502406233,3
"20175",0.00198249173152519,0.990379923426739,0.00030544299497062,6.29356991351488e-06,0.000742119075805807,0.00658372920104558,2
"20177",0.000997625179289379,0.0023586545979373,0.395414087358554,4.25909573071073e-06,0.601090436701486,0.000134937067002522,5
"20180",0.00497405346855832,1.73064284221348e-05,4.467948586331e-06,0.00195951169085846,0.993044660397694,6.58810014514379e-11,5
"20182",8.55299862083438e-08,0.000176288199771305,0.00251268281623429,9.67941644839153e-06,1.59495945560171e-08,0.997301248087965,6
"20184",0.000222312761069441,0.0394009340859735,8.20589459789945e-06,6.69488339034297e-07,5.21655449165488e-05,0.960315712225103,6
"20187",0.00516317128228341,0.00146623065341433,0.988918078116846,1.74158591772289e-07,0.0030992207395878,0.00135312504927673,3
"20189",0.000531956212743219,0.0371937609507878,0.0109583739082556,3.85212530858694e-06,0.951306372806252,5.68399665239924e-06,5
"20192",0.00020206428453396,0.00269072607633554,0.0145916164334949,0.157236040373097,0.825277282701856,2.2701306823174e-06,5
"20194",0.108279953265247,0.0429662962192297,0.12683619623052,5.23971171091354e-07,3.57968032522344e-05,0.72188123351058,6
"20196",0.00387696117507585,5.43322163759664e-05,5.78483773814645e-08,0.241599472719769,0.754469013720465,1.62319936387615e-07,5
"20198",0.17764907333232,0.588700027283328,0.000526545320288097,0.00362473567582907,0.228761941656424,0.000737676731811486,2
"20204",2.10852480822149e-05,0.577043942923149,2.81531874730869e-05,4.47722369182265e-06,1.35369669040463e-05,0.4228888044507,2
"20207",0.0328637399367574,0.000146316229955965,6.30807073153275e-09,0.0992766903481849,0.867670811376216,4.24358008148042e-05,5
"20209",0.0269893755995994,0.843626911916618,0.0826716412575989,0.0463834885833681,0.000323758192433136,4.824450382929e-06,2
"20211",0.002039228835854,2.01987488413719e-05,8.39644337695714e-11,0.997574426028954,0.000366090978390031,5.53239956362268e-08,4
"20215",0.861566412087939,0.00191775056110258,1.7031612088116e-06,0.000102507733906937,0.136401772930512,9.85352533018475e-06,1
"20218",4.28635232015591e-06,0.0199236925263499,2.34157090744769e-06,2.47223085233706e-07,1.20336745653064e-06,0.980068228959881,6
"20222",0.0562979797615665,0.00649444713493869,6.11655936735204e-08,0.0731971632935975,0.863907626428396,0.000102722215907527,5
"20225",0.0419282092036654,0.927600084283513,0.000433539125952425,0.000212677285899905,7.65618700434637e-05,0.0297489282309252,2
"20229",0.996930777134945,0.00262130118740153,1.40668524043852e-05,0.000324592854638683,9.95685818837359e-05,9.69338872690647e-06,1
"20232",0.717263847659841,0.0278097468856793,1.9047377333292e-05,0.00535157766836394,0.249546967327554,8.81308122829595e-06,1
"20234",4.90524504104139e-05,1.64794404667359e-07,8.29183327318288e-07,0.141135237602095,0.858814715329925,6.39837286944307e-10,5
"20238",0.01023379555467,0.000215107899050631,6.23673836722986e-07,0.000877099162665338,0.98866582384337,7.54986640695364e-06,5
"20253",0.675689464573674,3.28109980379018e-05,6.1623427228692e-07,0.000148514967429646,0.324127817284545,7.75942040986765e-07,1
"20255",0.00233228493005246,0.99718906503188,3.73474446327918e-06,0.00017120081930113,0.000112388160843863,0.000191326313459284,2
"20258",5.21509530689253e-05,5.5358408442173e-05,6.46267755878793e-07,3.37910132455159e-05,0.99985803221943,2.11380571263505e-08,5
"20269",3.04540717235127e-05,0.0244507038661661,2.58726117331091e-05,5.94604365494751e-05,0.952212737223657,0.0232207717901711,5
"20271",0.000134648725546214,0.00013779331069235,0.00566424813270101,7.81603194994123e-06,0.994055411871851,8.19272598977422e-08,5
"20285",0.0104796676740444,0.0244292138876043,0.961639706250926,3.45703946179142e-06,0.00247442109224661,0.000973534055716834,3
"20288",0.780768930457678,0.00429717109182485,2.56613583315932e-06,0.000334061795740192,0.214564626591343,3.26439275806362e-05,1
"20291",0.0049849538385769,0.000110166277210401,3.04299996798915e-07,0.303240658375216,0.691662023807704,1.89340129622715e-06,5
"20295",2.02541242043248e-05,0.0541148884372518,0.0930454792034877,0.000108101961053529,0.844495323145459,0.00821595312854397,5
"20298",0.000305917492583472,0.996962411928505,8.00566695296247e-05,1.02291652471116e-06,1.03983510588021e-05,0.00264019264179861,2
"20302",5.78268078722787e-05,0.407447413046172,0.00255232554770001,3.02652681138593e-06,0.000727576596025565,0.589211831475419,6
"20305",7.74378916314558e-05,0.997595668111273,0.00193012472812179,4.26213291996915e-07,8.89540126053365e-06,0.000387447654420732,2
"20307",0.00117845893856072,7.76532782381739e-06,9.72903826905728e-09,0.000286943825393011,0.998526803463987,1.87151972603767e-08,5
"20310",0.0001991996866948,1.58350598447835e-07,1.63187385708743e-07,0.00145465731652489,0.998345807192243,1.42665527496736e-08,5
"20313",1.49389139242644e-07,0.00061739952268568,1.51099271438217e-05,4.66180701229316e-09,4.84802772112284e-08,0.999367288018947,6
"20315",0.0109852379668683,0.000293971323853236,1.02771303439405e-05,5.73326002747074e-05,0.988652896346556,2.84632103460871e-07,5
"20319",0.0289857435190736,7.41184906649476e-05,1.02566625330464e-07,0.705957936060307,0.264981999457731,9.99055979083839e-08,4
"20321",0.00738825943648864,3.21597516405225e-05,6.4769655388106e-07,3.38704193210353e-05,0.992539413768294,5.64892770147987e-06,5
"20327",2.34182044928278e-05,1.47460084786604e-05,1.07569239033268e-05,4.01840388790546e-06,0.9999469987621,6.16971376176918e-08,5
"20329",4.3060561585548e-06,0.000101796883093803,0.99983431249877,2.63009627358399e-10,4.19855944562151e-07,5.91644430231181e-05,3
"20335",0.000753068880319859,8.12939223842233e-06,6.14944598418637e-10,0.134184898844639,0.865053047573232,8.54694626194475e-07,5
"20337",7.62920595128991e-05,0.810101945059707,1.54178993349772e-05,2.78550503239675e-06,1.50341876831213e-05,0.18978852528873,2
"20339",0.396325456928646,0.00381488645444785,0.0002979000948469,0.597099636149067,0.00246007840501136,2.04196798107492e-06,4
"20341",0.00307035337220353,1.81735462281734e-05,6.35766847286693e-09,0.982010762458289,0.0144815975267782,0.000419106738832858,4
"20343",0.000866888318606493,6.70109961349619e-06,5.72956672055799e-08,0.00737977383738076,0.991679989744279,6.65897044526793e-05,5
"20345",0.00927080503523459,0.959200005864026,0.0287097424943138,1.96075099240518e-05,0.00279500790490813,4.83119159328154e-06,2
"20350",0.984078975892892,0.00240473346326434,0.000227282844834235,0.00482317358939003,0.00727621752175836,0.00118961668786122,1
"20352",2.80296614741417e-07,0.000419747921835852,4.29281779941196e-07,7.8210600976109e-08,8.95785149941245e-07,0.999578568504018,6
"20355",0.000544453331831824,0.0218820201727614,0.000105219997194093,8.37384662692051e-05,0.00181017479870675,0.975574393233237,6
"20358",2.96809014296026e-05,0.0206079904694217,0.968742825907846,1.07623879343966e-08,6.12838974419583e-06,0.0106133635691706,3
"20363",0.00764374873628181,0.000152776835418713,1.98210103116088e-07,3.50445395796169e-05,0.992164139137753,4.09254086335625e-06,5
"20365",0.112263154074737,0.0223971428684643,3.20530821356235e-07,0.59400934250141,0.271328870515727,1.16950884090739e-06,4
"20379",0.000263676808776854,0.998368534938814,0.000290627034846953,0.000277487823066698,0.000157811072410744,0.000641862322084933,2
"20387",0.000232259101217395,0.000272511002954726,4.21268073663775e-08,0.00113028475550579,0.99836480283052,1.00182994578026e-07,5
"20392",0.000236506465572512,5.91041013057905e-06,8.47383882298608e-11,0.998837187912705,0.000920392240096553,2.88675686838874e-09,4
"20395",0.276055438923168,0.715950669869343,3.72865420464206e-05,8.25450163412479e-05,0.00705705171858768,0.000817007930513057,2
"20397",1.52675096828757e-07,3.62458985426242e-05,0.995663652174531,1.1946973628598e-09,4.89926019233728e-08,0.00429989906453004,3
"20410",0.00130885813324845,0.00489966202136752,0.00019619409033409,0.000385203095490282,0.993210071702827,1.09567323703736e-08,5
"20414",2.15804896030117e-05,0.814722221359084,8.37819389315573e-05,3.06839449693136e-06,0.000574878738519348,0.184594469079365,2
"20417",0.000357673396280567,3.42829711331695e-08,1.70856577852968e-05,0.945296802040122,0.054328399784468,4.83837302520412e-09,4
"20419",0.000152460338528922,7.51287298136843e-06,6.24819798743605e-06,5.80935339201428e-07,0.999832752655277,4.44999886132124e-07,5
"20421",0.000705391369582652,0.317490054836811,7.1254579855381e-06,0.0104934643118701,0.00202964875487923,0.669274315268872,6
"20423",0.000133924759778163,0.712503738487598,8.00935553180418e-06,4.2941216667019e-05,9.87783334045782e-05,0.287212607847021,2
"20425",0.025321363713423,0.317026227079979,2.65724619439634e-06,0.000122913883780155,0.000178381713136727,0.657348456363486,6
"20427",0.00552755511421461,0.961426327799257,6.31429507018375e-05,1.45795341848623e-05,0.0327889416055448,0.0001794529960969,2
"20429",0.022461919230376,6.0548248470674e-05,7.26466729101637e-05,0.0021617630725134,0.975052203199545,0.000190919576184775,5
"20432",1.11145288517271e-05,0.2249264590527,0.000583574029233435,1.33910406817373e-07,2.59105954745467e-05,0.774452807883333,6
"20435",0.12954656678029,0.126249949114208,0.000172094080504901,0.0177370973374556,0.726287877295893,6.41539164823668e-06,5
"20438",0.0557591612511979,0.000150053117374674,3.5561249804076e-05,5.90110736691365e-06,0.943741515231425,0.000307808042831499,5
"20440",2.00641799395413e-05,5.28277563211847e-05,5.2602759171566e-06,1.23355923269946e-05,0.999903932762031,5.57943346380988e-06,5
"20443",0.000777321340567633,0.000714255553388044,2.59436403470799e-06,5.33598563693794e-06,5.04039193360609e-05,0.998450088837037,6
"20446",0.00807840101966937,0.422801584575901,0.0019845661617722,0.00123114065760028,0.562826774355784,0.00307753322927375,5
"20449",0.805780468163505,0.0325789066028589,4.1159264367215e-05,0.00239370485437791,0.15920030694974,5.45416515070208e-06,1
"20537",0.00064091991532392,0.00454480505481191,8.93907784801812e-07,0.333148629256655,0.661565134419186,9.96174462381171e-05,5
"20540",9.83339068936152e-06,2.3001660655116e-06,1.64057743652763e-09,0.996547210250562,0.00344065326999647,1.2821088165866e-09,4
"20543",0.00202876765697264,0.82532725986461,4.1283081187061e-05,0.000457485427076057,0.169765125544873,0.00238007842528177,2
"20545",5.57390476426604e-05,1.29260934187346e-05,3.53428405628705e-11,0.999570459587136,0.00036074379683986,1.31439620523277e-07,4
"20549",0.00208339540298119,0.956399082766684,1.30722080887268e-06,0.00238881208432949,0.0294644897194571,0.00966291280573966,2
"20551",0.0788310297282166,0.0162878435185647,2.04576679270216e-07,0.00104791464133196,0.903732825880992,0.000100181654215196,5
"20554",4.47921680964671e-05,0.00228038025158454,2.97187663217014e-06,6.04300826221372e-05,0.997608017573522,3.40804754240565e-06,5
"20556",0.938674076841271,0.0454215458452371,2.57906666080799e-07,0.00686767993907219,0.00889407844623186,0.000142361021521698,1
"20558",0.00037399734854874,2.48177668375782e-05,1.62885331088522e-08,9.55403900198347e-05,0.999505525183726,1.03022335043701e-07,5
"20560",0.0100378606214522,0.0128170532887282,8.44918445323443e-07,4.00319112642702e-05,0.973851317200392,0.00325289205971811,5
"20563",3.06911701309204e-05,2.51097706470217e-06,4.69569222607915e-08,0.000136339080589148,0.999830138035841,2.73779452254294e-07,5
"20565",0.20195332310724,0.0847632075496277,4.98876133390402e-06,0.00058599715974222,0.687536977021633,0.0251555064004236,5
"20567",0.000284461997671218,0.0969538837851938,0.000201250980434668,4.17595321304278e-07,2.82973097122994e-05,0.902531688331667,6
"20571",0.986996176905676,8.05082676823998e-06,1.10728997056076e-05,0.00025234490544068,0.0127313683855048,9.86076904962802e-07,1
"20573",0.152430987243598,0.0285653410156856,1.69538651914752e-06,0.00266865431396361,0.815816208494436,0.000517113545797382,5
"20575",0.000250664634945197,5.84351539250764e-06,6.77428573451979e-07,5.76284270211394e-05,0.999685125974411,6.00196565532694e-08,5
"20577",0.70085035957569,0.272445506966718,0.000249030977188657,0.000393271003210692,0.0260291068828889,3.27245943033926e-05,1
"20579",3.33999038663642e-06,0.00105374557369011,0.126425226442919,3.20321197177066e-09,6.83640544625078e-07,0.872517001149248,6
"20582",0.000409945462928223,2.69929071305636e-06,3.89024762052428e-08,6.60816920165714e-05,0.999521219430822,1.52210437558687e-08,5
"20585",0.0290173724319782,0.008467843001005,1.92350111780664e-08,0.915228966592038,0.0472850931797544,7.05560213131247e-07,4
"20588",0.074581489583311,0.00613355526865678,1.19898270742277e-06,0.915156565287893,0.00397561087125942,0.000151580006172584,4
"20590",1.35470423655443e-06,0.00440830442779376,0.0017963216504697,1.77692013765816e-09,1.68958781527875e-07,0.993793848481798,6
"20592",0.000684839028595804,1.29218164438501e-06,1.39694227627467e-08,3.84848485648237e-05,0.999274769924114,6.00047658252968e-07,5
"20594",0.000177491413098947,5.17188383701221e-06,3.06754464346901e-07,0.000215647692154077,0.999601380225503,2.03094281352361e-09,5
"20596",0.00104813494001658,0.00487413174242651,0.00103801532706999,1.77935879275379e-06,0.992816571871365,0.000221366760329706,5
"20598",0.00270756748020362,0.0063419995292187,2.30723702526083e-06,5.75001229183518e-05,0.990887785970923,2.83965971096546e-06,5
"20600",0.698923734084462,0.0657349195367076,2.16106825765274e-07,0.218434531321603,0.0163344462664075,0.000572152683993263,1
"20603",0.00778784464906614,0.988553586554463,2.15201095661592e-05,0.00102944767138139,0.000208682267435784,0.00239891874808706,2
"20605",0.0296705996552768,0.000138666671094675,4.74494941592877e-06,0.000232110678445,0.969953867689824,1.03559437532969e-08,5
"20607",0.0378719154092233,0.000543384026681372,2.69904837898389e-05,4.53242492073985e-06,0.961552912504473,2.65150911970868e-07,5
"20609",0.00016992959036849,0.0112874834291457,8.01594498305974e-06,6.60866754952178e-05,0.988457868648,1.06157120076454e-05,5
"20611",0.000482007777605131,0.986821535654225,0.0125435979439951,5.07845483913355e-07,1.2280292977802e-05,0.000140070485712852,2
"20613",0.00151862037899817,0.589786613401723,8.55288744596569e-05,0.00263196521035541,0.405972541001964,4.73113250020923e-06,2
"20615",0.785414624504746,0.161622891468449,2.78657441983193e-07,0.0107266709894539,0.0414955406915184,0.00073999368839104,1
"20617",1.25616300637099e-06,0.00211648579800808,8.75472889686807e-07,8.62217850793285e-08,3.47260367280837e-07,0.997880949083943,6
"20619",0.0176619297772622,6.42328449767804e-06,5.10327694050188e-07,1.46629745960165e-05,0.982314009792238,2.46384371180219e-06,5
"20621",0.126771568180749,0.00855884687299857,2.76837688533788e-05,0.000180453411790268,0.864438826993394,2.26207722152597e-05,5
"20623",2.21244273996014e-05,0.00814937148717648,0.000934412471170661,7.96583583498904e-08,0.0013140092413446,0.98958000271455,6
"20625",0.05030751012439,0.895772230572115,7.01705225304008e-06,0.0121971409452649,0.000393166505948543,0.0413229348000286,2
"20627",0.0580791885982941,0.169937040570365,0.000429919558414844,0.000292932199663666,0.771258668552876,2.25052038574986e-06,5
"20629",0.608191481677237,0.0766745673414244,3.48404196625004e-06,0.000847336883778421,0.313886804230504,0.000396325825090119,1
"20631",0.00089925296304942,3.67978020536759e-06,3.43917502394913e-08,6.37026381168523e-05,0.999028793913992,4.53631288549266e-06,5
"20633",8.96906860986726e-08,0.000323315931589611,8.75284405425245e-05,2.14074584869789e-09,3.0879345250287e-08,0.999589032917091,6
"20636",0.277850895591146,0.635169731558799,0.0637934941861843,1.19964256541357e-06,0.00026054962161274,0.0229241293996927,2
"20638",0.968328660666563,0.0261530019654208,6.18588985591408e-05,0.00183910452342291,0.003608762815839,8.61113019563188e-06,1
"20640",0.0176656665751535,0.00170157901316108,4.99812294932153e-07,0.0923000220235056,0.888332226004795,6.57109030926103e-09,5
"20645",0.00240823237884778,6.51771425289667e-07,2.4711432585903e-09,0.00345920081467817,0.994131911468469,1.09543692184652e-09,5
"20647",2.57265540497083e-07,3.79765597770131e-05,4.39863792300346e-07,5.19857455180466e-08,1.36949718815636e-07,0.999961137375426,6
"20649",0.000888735904057608,0.0144215962465148,6.76795138446803e-07,0.00992977025543251,0.974754623674946,4.59712391100813e-06,5
"20651",0.00246267653606833,1.91993263974008e-06,6.22845570606248e-06,0.00200465838863002,0.995517560867217,6.95581973892197e-06,5
"20656",0.000147445130600443,0.00070555014425097,3.82834638224879e-07,0.0380942553453713,0.961051087204323,1.27934081588099e-06,5
"20660",0.000141327248974686,0.00331533769929287,0.000337460995563687,0.962337261587861,0.0338679053472276,7.07121080572648e-07,4
"20662",0.000942148805096944,0.0527037268725081,0.105836597242256,5.82506543685683e-07,0.000167165386085998,0.840349779187509,6
"20664",0.00405218389762116,0.00672021368182259,0.00550596592906838,1.16977630836468e-05,0.894802348945947,0.0889075897824573,5
"20666",0.000220773388271212,0.961530436355943,5.66742212855915e-05,0.0379504148062191,0.000213550961136157,2.8150267144721e-05,2
"20668",3.52219870415373e-05,0.661782016177926,0.000154986277899669,1.75909726619454e-07,3.32068109355138e-05,0.337994392836471,2
"20670",0.0025537294340137,0.000350022891002453,0.000334271681948141,0.000191827924486498,0.996568119929936,2.02813861327863e-06,5
"20672",2.51531299709715e-05,0.671231952511362,1.11689825099132e-05,8.6603905515607e-06,1.90936622000227e-05,0.328703971323405,2
"20674",0.385336473429774,0.0392739371685632,8.04455807385675e-05,4.36578099508736e-05,0.575173150065731,9.23359452421837e-05,5
"20676",6.19998091549895e-06,0.0365633872763092,0.962052954885168,3.50767076910785e-08,2.04324670686495e-07,0.00137721845622858,3
"20678",3.86392115648003e-06,0.0227671543262762,0.960456746306094,4.3241285917751e-09,2.5086629936367e-07,0.0167719802560457,3
"20680",0.000159769932607642,0.791219499806693,9.33281068578349e-06,1.03187387601389e-05,0.000710296729898143,0.207890781981355,2
"20682",0.0014720677815226,0.839299627464321,0.157104843119809,2.0153971490164e-06,0.0017197183732985,0.000401727863900102,2
"20684",0.205018699139047,0.0480344165498384,0.0655698709424465,0.00227871020631035,0.679088383392358,9.91976999949679e-06,5
"20686",4.53631920105974e-06,0.0212685694279145,2.14316956297566e-06,2.79988239078602e-07,1.91639619037398e-06,0.978722554698892,6
"20688",3.79105400819691e-07,0.000882064365556046,0.975063191522754,1.02293906464714e-09,8.96828825665261e-08,0.0240542743004676,3
"20690",0.0592538383822065,0.000703141257610052,9.3038431812263e-07,0.918388067205735,0.0216539801404875,4.26296426012163e-08,4
"20692",2.27437298069343e-07,0.00101389319941046,0.0278833610338615,2.17629505364335e-09,7.31760028005924e-08,0.971102442977132,6
"20694",0.000108715210317173,0.99075333574938,0.000262568471662925,3.56504162357643e-07,5.94787237454909e-06,0.00886907619210368,2
"20696",0.00975707173496374,0.9846404870027,0.00093668692805606,6.41259277286693e-06,0.000256004540685782,0.00440333720082146,2
"20698",0.896019925884744,0.00784634125006422,1.64779809213129e-06,0.000639134546140791,0.0935049114728358,0.00198803904812266,1
"20700",0.00404639688631653,0.000486351083504484,0.000107192807860993,0.000163174122090165,0.992904460576648,0.00229242452357966,5
"20702",0.516036068526874,2.16473281143428e-05,4.57626268849207e-08,0.455738984960567,0.0282032395560099,1.3865808710333e-08,1
"20704",0.124154604746785,0.141463521150758,5.4297442826367e-05,0.000189600730619569,0.734113663302297,2.43126267147726e-05,5
"20706",0.739259555535816,0.100766222415646,0.117161373042659,0.000527182596226578,0.0387789965184809,0.00350666989117247,1
"20708",4.38792095809155e-06,0.0330991293195355,0.966781510928762,1.45231485014438e-08,2.01030901391525e-06,0.000112946998582073,3
"20710",0.307560384706864,0.0300264695551454,3.69606655062809e-07,0.311195270193076,0.351216660217865,8.45720395241854e-07,5
"20714",2.67612199876405e-05,0.00925479863679376,4.46691458463142e-05,8.53255506891745e-09,7.74277829443621e-06,0.990666019686523,6
