"","V1","V2","V3","V4","V5","result$classification"
"19811",6.3805148364546e-05,0.943874868913767,0.00250422947629731,0.0535564410494276,6.55412143395688e-07,2
"19813",2.20414754900315e-06,9.74925630771539e-05,3.91556536257394e-07,0.999899902470641,9.26219636973709e-09,4
"19815",0.0016392388436687,0.997757234734743,3.75843541738632e-05,4.16640738479415e-06,0.000561775660029905,2
"19817",0.000206870208806145,0.998213619836576,0.00154330155512118,1.59049757871864e-05,2.03034237095697e-05,2
"19819",0.871991649092757,0.000118224794417718,1.26718182233751e-06,2.41269272140606e-09,0.12788885651831,1
"19821",0.00209933922834317,0.911356650425429,0.0629280219349328,0.023614857187515,1.13122377991546e-06,2
"19823",0.000749428843286705,0.940311064939096,0.000751880015963945,1.15800302797991e-05,0.0581760461713738,2
"19825",0.168504927263813,0.00551098409715332,0.817142471175972,0.00798991939089761,0.000851698072164617,3
"19827",0.000526806063494919,0.373448446671781,0.625894179359108,1.81960973899039e-06,0.00012874829587699,3
"19829",0.985272553048387,0.00338603183069618,0.0112150997222863,8.62988625327094e-06,0.000117685512377331,1
"19831",0.894019867120876,0.000757029542484582,1.66871164158889e-06,2.76154303001805e-06,0.105218673081968,1
"19833",4.11875533116692e-05,6.12457179166466e-06,1.7818663625161e-05,6.78134276247098e-06,0.999928087868509,5
"19835",0.00209933922834317,0.911356650425429,0.0629280219349328,0.023614857187515,1.13122377991546e-06,2
"19837",0.00156669603572264,0.911221407643043,0.0871810159876088,1.21193508957191e-05,1.87609827295859e-05,2
"19839",0.957352907996197,0.00791647096755111,0.0320706255239329,0.0026170111016193,4.29844106991845e-05,1
"19841",3.05367408490614e-05,2.26334756311508e-05,0.999828207853738,0.000118537212380934,8.47174005834977e-08,3
"19843",0.97464178919613,0.000159147479442023,1.12754986068048e-07,0.025075205937219,0.000123744632222715,1
"19845",6.83980249312686e-06,0.0826029091268468,6.50950180177434e-05,0.917324814977145,3.41075497577207e-07,4
"19847",0.00503637439859363,0.988095309194571,3.93746428117351e-05,0.00674247184750128,8.6469916522799e-05,2
"19849",2.61610560010012e-07,0.00014110420281466,9.35277886837281e-07,0.999857695543454,3.36528410086139e-09,4
"19851",7.31048227393031e-05,0.999707229341034,0.00014739509367941,4.68572321790355e-05,2.54135103684114e-05,2
"19853",2.76312880016001e-06,0.966068943662768,0.00204418704978042,0.0316985466549386,0.000185559503713287,2
"19855",1.25687261182994e-05,0.9860969434832,0.0119387838743647,0.00194203990059129,9.66401572572792e-06,2
"19857",0.01090753649943,0.941761843787522,0.0310786298497462,0.0162485910199259,3.39884337544837e-06,2
"19859",0.00149552111031872,0.976674986398319,0.0216646381823041,3.10511033296549e-05,0.000133803205728029,2
"19861",5.69306932590819e-05,0.850775433898024,0.000169538423660495,0.148995901888391,2.1950966654977e-06,2
"19863",2.9788128422794e-07,5.23971189044717e-05,0.0102999860895197,0.989647313953068,4.95722342030535e-09,4
"19865",6.23277286679387e-06,0.00209689898831857,0.997893252682805,3.52754549340776e-06,8.80105164605351e-08,3
"19867",0.000892735898455058,0.991781042218885,1.07610937275078e-05,0.00728362097664625,3.18398122866856e-05,2
"19869",5.13852588733686e-07,0.00799571773383475,0.000206562736204651,0.991797196133345,9.54402690515357e-09,4
"19871",0.0042310023681937,0.914487017829825,0.081125824520981,6.18517066015106e-06,0.000149970110339861,2
"19874",2.79978629898865e-05,0.158195491302346,0.841749851579744,1.36496758426987e-05,1.30095790781578e-05,3
"19876",7.02357091369813e-06,0.464211631392671,0.535040821823327,0.000739938877445469,5.84335643203386e-07,3
"19878",0.679454698744736,0.30355470936118,0.000518587708364688,0.00129628570835158,0.0151757184773684,1
"19880",2.23249005711962e-07,0.000883665767726478,0.999090889911211,2.52031133377858e-05,1.7958718740245e-08,3
"19882",4.76435609558487e-05,0.735413207513035,0.00290674566888941,0.261625824471625,6.57878549442233e-06,2
"19885",0.00645684772047925,0.992251470205034,0.00126246704305124,1.7698144644313e-05,1.15168867906742e-05,2
"19907",0.000363546979557123,0.932651955270665,6.25868036546266e-05,0.0669122256040755,9.68534204711109e-06,2
"19909",0.982940164249718,0.016688155438577,2.53192440933178e-05,0.000300829612281425,4.5531455330725e-05,1
"19911",0.932688602216812,0.0332479675848917,0.0329435705779627,4.5020126162188e-05,0.0010748394941715,1
"19913",1.00502793819382e-06,2.47582461682553e-05,0.999972608725892,1.50251078902957e-06,1.25489213192393e-07,3
"19915",3.2844647666445e-05,0.403457994576996,0.596490670902867,7.41582456548207e-06,1.10740479051687e-05,3
"19917",7.24662360236646e-05,0.0120381516779893,0.987880374492353,7.00140990169023e-06,2.00618373220828e-06,3
"19919",0.000491219356111652,0.802062535804718,0.197381369920211,4.75214639694262e-06,6.01227725629839e-05,2
"19921",0.000279505700004782,0.999320163344068,3.43188064257899e-05,0.000353621573380983,1.23905761208398e-05,2
"19923",0.0541152695227582,0.919512938490005,8.04001952308084e-06,0.000661786581695307,0.0257019653860182,2
"19925",2.17753023508237e-05,0.0452410376954666,0.954731490342637,2.52936548367602e-06,3.16729406214431e-06,3
"19927",8.77910555070088e-05,0.999135766421407,0.000700828501437057,6.25513020243323e-05,1.30627196244995e-05,2
"19929",7.11925084726171e-07,0.00018927940820702,0.566880464694368,0.432929536464432,7.50790788707199e-09,3
"19931",0.000955904950168888,0.996662372684907,0.00228708984672364,3.02494846222416e-06,9.16075697378568e-05,2
"19933",0.664306882889966,0.331868512906082,0.00278616372239025,1.92640056198527e-06,0.00103651408099951,1
"19935",0.077780289797888,0.918292876109243,0.00288377691332513,0.00103149037664719,1.15668028969276e-05,2
"19937",0.000344141409421649,0.999357261890316,5.62500277707837e-05,6.49541342648312e-06,0.000235851259065081,2
"19939",0.000885819525781375,0.996586841859805,0.00239560136457203,1.40689347838335e-05,0.000117668315057377,2
"19941",0.905830795568605,0.00932954682381243,0.0842429526624374,0.000519780704235293,7.69242409100517e-05,1
"19943",2.10423261023435e-06,0.000778519418652644,0.999218211764486,4.05106072172386e-07,7.59478178781792e-07,3
"19945",0.861071990468132,0.13656032853075,0.000103826587251776,8.14489559808273e-07,0.00226303992430641,1
"19947",0.121634295787094,0.021054377185495,0.830747216418688,0.0263571444575254,0.000206966151197786,3
"19949",0.215943701558959,0.761025503017799,1.96818886038928e-05,1.14864472387448e-05,0.0229996270873987,2
"19951",0.00195833821378889,0.300024714982022,0.697939132091403,2.71511917016996e-05,5.06635210846758e-05,3
"19953",0.177791905163064,0.00306173527795571,1.90066922261257e-07,1.85847672353853e-07,0.819145983644386,5
"19955",0.946098146258455,0.00959062017427373,4.96451128237443e-06,3.64063066590424e-05,0.0442698627493302,1
"19957",0.00125704932683566,0.0914601451775204,0.905761134656884,4.44377517932708e-05,0.00147723308696691,3
"19960",0.996133349257689,0.00326703795480009,0.000418218026818662,6.75953541130519e-05,0.00011379940657919,1
"19963",0.000552698700533233,0.000598432794502764,0.933274748696946,0.000138186957723997,0.0654359328502945,3
"19965",0.998797784631593,0.000682286903360971,5.44583016865374e-08,0.000101031042121412,0.000418842964622638,1
"19968",0.00188943201444154,0.0130388783798259,0.79881899982593,0.186252663810731,2.59690722320151e-08,3
"19971",0.00192122418762988,5.5179873454276e-05,0.993131095276885,2.1507490352047e-06,0.00489034991299534,3
"19973",0.000215608692167498,0.988257087722207,0.0114343100601288,9.1381712496404e-05,1.6118129998977e-06,2
"19975",5.34076164403174e-05,0.021404034542009,0.978490128226373,5.23262009640228e-05,1.03414213551121e-07,3
"19977",0.000187223852281184,0.00182088773228144,0.99748059730673,0.000354662063252651,0.000156629045454457,3
"19979",0.999715907383226,5.96198641146566e-06,1.68238384756986e-06,1.87812321368531e-09,0.000276446368392014,1
"19981",0.0159940249316285,0.981550479201376,0.00121485405238759,0.0012158627790551,2.47790355526333e-05,2
"19983",0.0233220428176266,0.975773009052059,6.74309198397069e-05,0.000702088960726572,0.000135428249748286,2
"19985",6.44321597186453e-06,0.122776197365528,0.877145048637228,7.1617018364791e-05,6.93762907186696e-07,3
"19987",0.0521166569254095,0.855968055636364,0.0917711063844652,1.39392352778697e-05,0.000130241818483685,2
"19989",0.996687257407483,8.40775215447249e-05,1.43230017766274e-08,4.47393914349316e-09,0.0032286462740311,1
"19993",0.331855135832989,0.6342313759627,0.0326684251525679,3.56994216093733e-06,0.00124149310958262,2
"19995",0.739534953077554,0.251306785100071,0.00875089454981741,1.54007069983765e-05,0.000391966565559082,1
"19997",7.31594132726886e-05,0.979960779412365,0.0198561432549715,0.000103565734664229,6.35218472709076e-06,2
"19999",1.45509658954304e-05,0.877967009493302,0.119729547325301,0.00228832365255209,5.685629500994e-07,2
"20002",0.000326819351866455,0.00048825904642402,0.465310255093761,0.533871793719073,2.87278887468655e-06,4
"20004",0.863332626723857,0.122114443770803,0.0138435801993021,0.000638000513114972,7.13487929226545e-05,1
"20006",0.9603840650595,0.0299235447062499,0.00121343944866114,0.00376103431070036,0.00471791647488856,1
"20008",0.924326628863389,0.0542566252504399,0.000482202571497955,0.000506226295595511,0.0204283170190777,1
"20010",0.906090505380324,0.0551933824614682,9.2270382167246e-06,7.03839627114259e-08,0.0387068147360283,1
"20012",8.6540118585441e-05,0.142769346269883,0.845104814470279,0.0120386094188202,6.89722432389393e-07,3
"20015",0.999939040975629,5.3230689593618e-05,8.01442688191972e-08,1.61796922488117e-06,6.03022128391311e-06,1
"20017",4.88248382236399e-05,0.940533080497646,0.0544227997067656,0.00499445347329776,8.41484066819897e-07,2
"20019",0.997679981591957,1.61219382018239e-06,1.20013668413695e-08,7.00008710586486e-10,0.00231839351284697,1
"20022",0.989211064543047,0.00920743414208573,3.56278671974942e-06,6.19008460894096e-08,0.00157787662730131,1
"20024",0.545305554724321,4.39196054898712e-05,1.34385389596584e-07,3.70586182041467e-07,0.454650020698618,1
"20026",0.545305554724321,4.39196054898712e-05,1.34385389596584e-07,3.70586182041467e-07,0.454650020698618,1
"20028",1.83453735487618e-05,0.70747189085251,0.292147156566541,0.000360058704333501,2.54850306655192e-06,2
"20030",0.999615542633105,0.000191959806389667,0.000173144642038289,1.0624879264372e-05,8.72803920274169e-06,1
"20033",0.00167439425940601,0.628347216008115,0.369896673378215,7.17847811658883e-05,9.93157309764689e-06,2
"20035",0.99648025487845,4.38024680264814e-06,1.48314115626734e-08,1.65524602588147e-09,0.00351534838808942,1
"20037",0.999583546754455,6.4048323917513e-06,6.03089523449568e-10,4.50202110379781e-08,0.000410002789852593,1
"20039",0.000430091098167874,8.12300725484476e-07,2.20307485635162e-10,5.45770552525978e-10,0.999569095835029,5
"20041",0.239074211495752,0.70748407237685,0.00114791612743528,0.000177757852731294,0.0521160421472313,2
"20044",0.345320014849347,0.564207023733203,0.011916524081624,0.000192673293836457,0.0783637640419894,2
"20047",0.994525136856717,5.41761433235591e-07,1.3604140093906e-07,5.15152297781241e-10,0.00547418482529633,1
"20050",0.154019758056494,0.0235716787203541,6.08588738599216e-05,6.96849085396382e-09,0.822347697380801,5
"20052",0.0176994290561756,0.937853379858154,0.0430248853453454,1.16191521211392e-06,0.00142114382511251,2
"20054",0.999267065868319,0.000691211112855399,1.00504145604283e-05,2.90467610889447e-05,2.62584317676876e-06,1
"20056",0.000184195196898414,0.00147152498533684,0.998338909785954,1.13862899161935e-06,4.23140281872482e-06,3
"20058",0.998897126288223,7.4782493069321e-05,3.54327824100470e-09,4.54317633931841e-08,0.00102804224366595,1
"20060",0.00103523780686531,0.998079722552418,0.000820705949367254,3.29172315629141e-05,3.1416459786651e-05,2
"20062",0.00754195578545578,0.992122477641206,0.0002488895442996,4.10791412483437e-05,4.55978877897887e-05,2
"20064",0.965422481422711,0.0339699753352624,0.000491119303247395,4.50181778173466e-07,0.000115973757001422,1
"20066",0.999942548326941,1.65708644088779e-05,1.71675587014837e-05,1.58250517457786e-06,2.21307447745916e-05,1
"20068",9.87132323061689e-05,0.99826121438301,0.000156061841538062,0.00147921901509914,4.79152804693666e-06,2
"20070",0.000156627708661646,0.999235099201565,8.33960722439274e-05,9.45949417564483e-05,0.000430282075773144,2
"20072",0.993516698820034,0.00121336276060452,6.91613390896935e-08,0.00522141699013821,4.84522678842752e-05,1
"20074",2.29205997238187e-07,6.14803931417096e-05,0.999201883012209,0.000736388799038608,1.85896138108923e-08,3
"20076",0.0118451008741978,0.0449114149108099,0.678638345788999,0.264604752162994,3.8626299845339e-07,3
"20078",0.943522187640914,0.0532917499061025,0.000262643420429955,2.05588580630219e-06,0.00292136314674673,1
"20080",0.998989895925724,9.53461128135379e-06,4.66599844085514e-08,2.55988722502874e-10,0.00100052254702168,1
"20082",0.008256255880626,2.90872485635159e-05,1.77357186957261e-07,1.32298011913897e-10,0.991714479381326,5
"20084",0.931792939632146,0.0157275575842638,0.0398755803373931,6.83460721500771e-07,0.0126032389854759,1
"20087",0.950879434494829,0.0481903728208128,1.70276211073897e-06,6.32717182901059e-05,0.000865218203957089,1
"20090",0.975471889397886,0.000118259955753174,2.61107184965479e-07,6.95983814643741e-10,0.0244095888431922,1
"20092",0.0273864421087904,0.153131842697085,3.73540673666681e-07,0.00108298220941184,0.818398359444039,5
"20096",0.0102415975914137,0.58102978440662,0.010092517770556,1.57786142794913e-05,0.398620321617131,2
"20098",0.000478738068264329,0.646514850607527,0.35297300275222,1.13905352916728e-05,2.20180366978563e-05,2
"20101",0.998213760259761,0.000209188715990357,0.000168534093974674,6.47180642548742e-09,0.0014085104584667,1
"20104",0.000232118677590732,0.543956804826636,0.00286512241026693,0.380634545523214,0.0723114085622916,2
"20106",0.998398632480641,0.00142897780808766,8.18974223692028e-05,1.9846073548158e-08,9.04724428289864e-05,1
"20108",0.000808912317151612,0.947928574261398,0.0508660697512616,0.000392663310140747,3.78036004829233e-06,2
"20110",0.00869595717062837,0.557308283259399,0.146932309913578,8.37526096647261e-07,0.287062612130298,2
"20112",0.951923516490885,0.0297701389262341,4.96193437917256e-05,9.15784774134528e-08,0.018256633660612,1
"20114",0.803206025074578,0.0628706210361338,0.132035194206448,4.73005743885682e-06,0.00188342962540224,1
"20116",0.964729963532584,0.00717342061279335,0.0280154076716268,6.91299076991084e-05,1.20782752965707e-05,1
"20118",0.0753815779814594,0.786072838229487,0.138132028520614,6.15371143757334e-06,0.000407401557001713,2
"20120",0.962743707437254,0.00985653035300579,0.00118171716081368,5.01270705029076e-09,0.0262180400362192,1
"20122",8.17627111270662e-06,0.00107051976322191,0.99889934452986,2.18976553717654e-05,6.17804332431379e-08,3
"20124",0.997758781599516,5.05162323421793e-05,5.95824943291913e-09,2.8195773083155e-07,0.00219041425216133,1
"20126",0.0103098306518261,8.68585303638604e-06,3.23822162691436e-07,2.67368768814221e-07,0.989680892304206,5
"20128",0.273953752954118,2.92275501605851e-07,3.31896280982085e-09,5.71921765332752e-09,0.7260459457322,5
"20141",0.000175894693470365,0.806485603765505,0.159367616300999,0.00020055657470146,0.0337703286653237,2
"20143",2.06927942294748e-07,2.66121810489712e-05,0.999957008715141,1.61517048892944e-05,2.04709788514681e-08,3
"20145",0.981240138185011,0.0141826279146834,1.41739823798401e-05,4.94980803296017e-09,0.00456305496811794,1
"20147",0.997166577400789,0.00266894130677884,1.08059856916184e-05,4.4802996397117e-08,0.000153630503744174,1
"20149",1.14708447782059e-06,0.000967558195307182,0.999017841782382,1.33182474714624e-05,1.34690360923006e-07,3
"20151",0.000620068685121425,0.848728705129726,0.150629512611807,1.06865577245135e-05,1.10270156214348e-05,2
"20153",0.00193204929280925,0.309961922078006,0.676494047372857,1.47890494518128e-07,0.0116118333658328,3
"20155",0.999256187817181,0.000517637714032401,6.80535696141349e-07,1.146713901773e-07,0.000225379261699727,1
"20157",0.000202065584417781,0.277137637354049,0.722633110125765,6.84041211539301e-06,2.03465236526343e-05,3
"20160",4.1992337730529e-07,4.12152862508859e-05,0.99995563697113,2.68193579359095e-06,4.588344791422e-08,3
"20162",4.18386821854422e-07,0.00213832233272381,0.997848121634443,1.30949340494922e-05,4.27119615744227e-08,3
"20164",0.000159433705700201,0.049663414920812,0.950129042486037,6.62108335302902e-06,4.1487804097633e-05,3
"20166",0.998423809387218,0.00015504751693598,0.00115527958906289,0.000256031314295385,9.83219248764362e-06,1
"20168",0.00376074344637507,4.86346478536299e-05,0.000944434715255026,0.995245426344419,7.60846096793528e-07,4
"20170",0.000344529144168968,0.543855581768055,0.455723042180478,4.36625686530961e-06,7.24806504334416e-05,2
"20172",0.993240337903594,0.00552382813087696,1.22424256092591e-07,7.20168688532947e-08,0.00123563952440465,1
"20174",1.44223096371886e-05,0.393555641125132,0.406266151779996,0.200163647205764,1.37579471807128e-07,3
"20176",0.000242364153183265,0.000157903119136574,1.0983754894486e-05,0.999588689163638,5.98091477603105e-08,4
"20178",5.06376337845851e-07,2.60342940637619e-05,0.999971945166191,1.41730817604703e-06,9.68552309741583e-08,3
"20181",0.994864801464403,0.000195939236956219,0.00492444336195643,2.30558599200255e-06,1.25103506919521e-05,1
"20183",0.0038250931046969,0.995190753588391,2.68137031340181e-05,6.61677839418979e-06,0.000950722825384145,2
"20186",0.0190602254484988,0.973966266972005,6.76116049872182e-07,0.00334511266994824,0.00362771879349819,2
"20188",4.36594977448978e-07,0.000232077303005133,0.999765644030546,1.74531332813016e-06,9.67581429058247e-08,3
"20190",0.999897723766478,7.79221628614383e-05,6.51906602229298e-07,6.06062516868716e-08,2.36415578066692e-05,1
"20193",0.00362367918160449,0.000560038986964461,0.951128903223005,0.0446834810712332,3.8975371931142e-06,3
"20195",0.00205412522935958,0.177327343027975,0.820571919232626,6.62800444112357e-06,3.99845055979146e-05,3
"20197",0.995603808468858,0.00389843802686464,1.89554463526938e-07,1.72119133338467e-07,0.000497391830680043,1
"20199",7.75538600244914e-06,0.0478748625650447,0.95210511254418,2.69576278949945e-06,9.57374198335739e-06,3
"20205",0.000318875809225418,5.69700448173789e-05,1.18853923470851e-08,4.88994943053978e-10,0.99962414177157,5
"20208",0.00269872308442693,0.969905917408101,0.0273061693380769,7.0331777249309e-05,1.88583921458643e-05,2
"20210",1.49031191123278e-06,0.00706175692542365,0.992930830946388,5.73584646311695e-06,1.85969813588886e-07,3
"20212",0.000186603734735017,0.0963645797955891,0.903430324631327,1.07034837809285e-05,7.78835456793846e-06,3
"20216",0.996712627725897,0.0031035597658469,0.000108484688431978,5.51338498880639e-07,7.47764813258395e-05,1
"20219",0.403973167106529,0.0143425170494126,0.000110583670968484,1.29298251891287e-08,0.581573719243265,5
"20223",0.997433633116057,2.44172298095757e-05,2.19719665522764e-09,0.00220388692504753,0.000338060531889378,1
"20226",0.0575047812061388,0.933855720883242,0.00237761163954257,3.81128201231429e-06,0.00625807498906457,2
"20230",0.999865774396126,3.20510856236357e-05,8.6929230318405e-08,4.76223732302712e-08,0.00010203996664627,1
"20233",4.91420860751559e-06,0.00326442167748813,4.12339578297011e-05,1.36286105510348e-06,0.996688067295019,5
"20235",0.964728435426195,0.000739329869463253,1.27598435885696e-08,0.000215678654228687,0.0343165432902689,1
"20239",0.972982916940856,0.0224439819829814,2.87807671506605e-06,0.0036702825434845,0.000899940455963423,1
"20254",0.00866749471190923,6.41819605652807e-06,1.23439288006755e-08,2.20035457846095e-11,0.991326074726102,5
"20256",0.999563190809159,0.00014783458150645,1.29253419548731e-08,6.32788724430487e-07,0.000288328895268642,1
"20262",0.000131141723299772,0.211825459535287,0.788033253391464,4.46988031310363e-06,5.67546963569199e-06,3
"20270",0.96778211959806,0.0221655265988666,0.00659614442285113,0.00342216181568603,3.40475645364586e-05,1
"20284",0.0118489868881337,0.674220854695615,5.20780468018477e-05,7.53250662193989e-07,0.313877327118788,2
"20287",0.999842133664731,2.8117842987759e-06,1.86472069627964e-09,2.06485617223454e-07,0.000154846200632145,1
"20290",0.00303596351106788,0.0045357653176127,4.19574294948865e-05,1.1162647577393e-09,0.99238631262556,5
"20293",0.929613138906847,0.0680147378920337,2.81008107141499e-05,1.86789988873474e-06,0.00234215449051635,1
"20296",0.00860435774814282,0.220726018842264,0.752895632510735,0.0177737294836134,2.61415245489819e-07,3
"20301",0.999432972590065,1.83618090856253e-06,1.02614338454178e-05,8.25884093033166e-08,0.000554847206771245,1
"20304",0.0100222282628536,6.47892627261789e-05,3.21012083009223e-07,4.16190967533076e-10,0.989912661046146,5
"20306",0.997874838009287,5.86269380241778e-05,3.67969563518498e-09,5.78889366113397e-08,0.00206647348405712,1
"20309",0.537803026650367,0.456494711913012,0.000288714810139987,2.92144052539205e-06,0.00541062518595519,1
"20311",0.990936901306066,0.00742866805973782,0.000578003832086898,2.73789375419069e-06,0.00105368890835519,1
"20314",0.00358514307268784,0.94879024790355,0.0475253736219359,1.43543347100917e-06,9.77999683548937e-05,2
"20318",2.55860948781498e-05,9.55339684538039e-05,0.999861306291307,1.73623797708182e-05,2.11265590064032e-07,3
"20320",0.00252639719807362,0.987758589016594,0.00371333247323208,4.02548626682554e-05,0.00596142644943182,2
"20326",0.00495847272057676,0.884825740731341,0.10998659886292,3.44896992575794e-06,0.000225738715235583,2
"20328",0.00130564446732267,0.99633782342646,2.69285975655956e-05,1.03474504727962e-05,0.00231925605817875,2
"20330",0.961306753912358,0.0078357787499288,4.85806499971964e-06,6.76276792328341e-06,0.0308458465047899,1
"20336",0.0195344093851398,0.0544511918340062,2.57360683373161e-06,3.10489935339274e-08,0.926011794125027,5
"20338",0.0259090287795727,0.00296712917552637,0.000161459050410201,1.20655015295175e-08,0.970962370928989,5
"20340",0.99951430999773,1.2726407234763e-05,4.55073776014985e-08,1.07635674975942e-07,0.000472810451983101,1
"20342",0.000742041207891363,0.000327452706381639,0.000202497669284477,5.99406631580622e-05,0.998668067753284,5
"20344",0.996260422972305,0.00308287251888819,9.6354378495122e-07,5.8766139075651e-07,0.000655153303631488,1
"20349",0.999744138981962,8.74321845705555e-05,1.04786982684227e-08,3.02584718169362e-07,0.00016811577005123,1
"20351",0.909841604353046,0.0743286622344139,0.000890381300386765,1.84484171592117e-06,0.0149375072704379,1
"20353",0.915569536342454,0.00257583644818787,1.66626179970915e-07,7.31538686931638e-08,0.0818543874293099,1
"20357",0.0017104759021274,3.63236489596934e-05,8.51311869784634e-10,5.01675997651077e-10,0.998253199095925,5
"20360",0.0242787219541485,0.00131250019795836,2.2471561290371e-06,0.000921685520921432,0.973484845170843,5
"20364",0.911409990990251,0.0842842539823077,2.4413984213927e-05,8.90757597680113e-08,0.0042812519674672,1
"20366",0.00187970063001915,0.0123370775154404,2.52535148359961e-05,2.24611533511797e-08,0.985757945878551,5
"20381",2.81376215791787e-06,0.00385409582366758,0.0249407082780748,0.971201903198306,4.78937793669098e-07,4
"20391",0.39551358049581,0.179207678013218,1.90675210517622e-07,0.386808241006865,0.0384703098088958,1
"20394",0.000214390016657547,0.995493805758317,0.00161809797144841,0.00266813973706716,5.5665165097621e-06,2
"20396",2.17492197083908e-06,0.178273553457519,0.0248081907156449,0.796916011771468,6.91333976072791e-08,4
"20409",0.559582177618045,0.180723346514788,0.25861821968899,1.24055157784952e-05,0.00106385066239818,1
"20411",0.900002926030052,0.00105098759452419,6.56878325984787e-09,2.20803661336331e-08,0.098946057726274,1
"20416",0.059272200783374,3.87485892682072e-07,9.30670067127401e-11,6.39837165410436e-10,0.940727410997829,5
"20418",1.78863606901988e-06,0.0973142075929627,0.109086311346466,0.793597657995387,3.4429114941856e-08,4
"20420",4.9876959019792e-05,0.0299878270897658,0.000372128857135506,1.55519874025519e-06,0.969588611895339,5
"20422",0.998289590764586,0.00118414822419771,5.66794540941379e-05,9.72051035633747e-08,0.000469484352018358,1
"20424",0.956485281825086,0.000818559470879427,1.74601792905397e-08,1.04306102192305e-08,0.0426961308132453,1
"20426",1.10779667696412e-05,2.14866784197532e-05,0.000128423450683643,1.36366147018295e-09,0.999839010540466,5
"20428",0.896976152663188,0.0999238272548802,2.42562337737927e-05,0.00304030911113524,3.54547370231042e-05,1
"20431",0.0384971262796249,0.836628712905708,0.116366945757931,3.56356260692343e-06,0.00850365149412935,2
"20433",0.999726897766575,1.03066876426893e-05,2.22404001681056e-08,0.000239733417919371,2.30398874624139e-05,1
"20436",0.00987707359114149,0.000113865851675863,1.46167458427613e-05,0.989994015645188,4.28166151926309e-07,4
"20439",8.19075655917496e-06,0.333299499757709,0.364189074022079,0.302503128550637,1.06913015646742e-07,3
"20441",0.00144643996570165,0.000252251937776524,3.0007040921565e-07,1.12091234647692e-09,0.9983010069052,5
"20444",2.38723747528161e-07,0.000126376659408399,0.999868631412624,4.72468323889954e-06,2.85209809902984e-08,3
"20448",0.0160603640025908,0.626493889035374,0.355095051821103,0.000390720507055666,0.00195997463387629,2
"20536",0.000283110465254184,0.300164033609648,3.17063919131657e-05,0.699519742064119,1.40746906518099e-06,4
"20538",0.291704849575316,0.10294308905626,7.25617898306522e-06,1.75211815472324e-05,0.605327284007894,5
"20541",0.94833735902317,2.86272130803153e-05,1.10714874033801e-08,2.87445983310024e-10,0.0516340024048161,1
"20544",0.214602086969393,0.776303256575177,0.00804933874640027,5.89041761858116e-06,0.00103942729141183,2
"20546",0.990567162640849,0.00290671026998905,3.04731593403729e-08,2.17765197684385e-08,0.0065260748394832,1
"20550",0.389181948933728,0.574569858436878,0.00470745077841718,8.05748765817721e-05,0.0314601669743943,2
"20553",0.0436363173578476,5.79281396391857e-08,3.67161869359891e-07,3.43487855561794e-09,0.956363254117265,5
"20555",1.51614915786922e-05,0.00321370723299897,2.43862684309183e-07,7.24328735528587e-07,0.996770163084002,5
"20557",0.183901031210122,0.575098720034717,0.00373407177525183,5.65152318649267e-07,0.237265611827591,2
"20559",0.999290667666503,0.000633239038228366,3.36772761976101e-06,1.07689081254205e-08,7.27147987411919e-05,1
"20561",0.0014213265044487,0.568606227797315,0.429890518448037,9.53362225158328e-06,7.23936279474561e-05,2
"20564",5.06376337845851e-07,2.60342940637619e-05,0.999971945166191,1.41730817604703e-06,9.68552309741583e-08,3
"20566",0.860526720713565,0.139211680855675,0.000161659049809852,8.40448696788148e-05,1.58945112709205e-05,1
"20569",3.73794789832113e-05,0.697090654296966,0.301913128580234,0.000958077340121034,7.60303695777758e-07,2
"20572",1.00775522363418e-05,0.0298125915381831,0.969474560582314,0.000702715673057487,5.46542087323869e-08,3
"20574",0.997379276131177,0.000473982386760764,5.19816412758198e-06,1.9199781017739e-09,0.00214154139795678,1
"20576",2.92344289461532e-06,0.000164298574084289,0.999831589063173,9.57472701225323e-07,2.31447147145394e-07,3
"20578",0.760209990601637,0.231500013755169,0.00741448811400366,2.43859300454498e-06,0.000873068936185644,1
"20580",0.789297765861894,0.210440313832039,0.000152799359841603,2.99986771380362e-05,7.91222690868991e-05,1
"20583",2.216451071077e-06,9.03480520122576e-05,0.999906274218255,9.73291322056496e-07,1.87987340008633e-07,3
"20586",0.866201417781368,0.13191791165773,8.82151045360415e-06,1.98843113572226e-06,0.00186986061931274,1
"20589",0.999713480789209,9.49141042433105e-05,2.15193640347998e-09,2.50567089998446e-07,0.000191352387520553,1
"20591",0.00504546066539595,0.818781097150551,1.943041320727e-05,6.00050596076597e-05,0.176094006711238,2
"20593",0.999925550184827,7.02111542428644e-07,2.14330044472231e-08,2.22282058255631e-08,7.37040424205003e-05,1
"20595",0.994004442637941,0.00557761600877717,9.10582603634837e-05,1.10547719700925e-07,0.000326772545198368,1
"20597",2.63871231992256e-07,0.00116998740582591,1.3827583950528e-05,0.998815916221851,4.91714061396006e-09,4
"20599",6.00636807934017e-07,3.47873195025603e-05,0.999962331373193,2.23361603475776e-06,4.70544615022584e-08,3
"20601",0.00038522229549193,0.999074308703147,0.000474460814023383,7.32395686692097e-06,5.86842304711685e-05,2
"20604",0.99990404960811,2.26563172894475e-05,1.6256327814599e-06,6.25394151433509e-09,7.16621878782632e-05,1
"20606",0.999887686620229,2.81959880356089e-05,4.18173763535302e-08,9.387414822181e-09,8.40661869442987e-05,1
"20608",0.998786511475091,0.00119486199025255,4.64316083591613e-07,2.80432241035596e-06,1.5357896162792e-05,1
"20610",1.66910963652869e-05,0.00119742102272306,0.998783043112246,1.56752253336921e-06,1.27724613228525e-06,3
"20612",0.247988866056354,0.00283101000084822,0.00148868336747511,0.626355955791594,0.121335484783728,4
"20614",2.12645065322207e-06,0.00547666451737261,0.994519081191463,1.36114021830715e-06,7.66700292180464e-07,3
"20616",0.00736155200674669,0.991013313004841,0.00139579374881696,7.62291388667634e-05,0.00015311210072866,2
"20618",0.000369207058328718,0.00201620412971353,2.73677339583796e-05,5.16345029563951e-09,0.997587215914549,5
"20620",0.998826890974347,0.00100648911146227,5.13044868152026e-05,6.53900104791806e-05,4.99254168962147e-05,1
"20622",8.14645693235309e-06,0.000406209629602071,0.999584799226033,5.46439677258615e-07,2.98247754998395e-07,3
"20624",0.975932437408957,0.000986639500901533,1.11858571422135e-07,7.00370083899136e-08,0.023080741194562,1
"20626",0.750415588698467,0.0247313072186555,0.00163207865547602,0.223218327980661,2.69744674113042e-06,1
"20628",0.313447786222856,0.445292823303138,0.000926915331923689,0.239911637523514,0.000420837618568242,2
"20630",0.849051435845364,0.133192632752437,0.0173201643691992,7.7231560163922e-06,0.000428043876983603,1
"20632",2.42330720441507e-07,0.00467252774751388,0.99428114244696,0.00104607576699836,1.17078076967412e-08,3
"20634",0.999893815324685,4.801364240889e-05,3.17644398390845e-08,1.98417264377009e-08,5.81194267398354e-05,1
"20637",0.0128269699947967,7.06967537527459e-05,1.32437399469099e-05,3.14401029211216e-11,0.987089089480064,5
"20639",2.28969190312866e-05,0.229381726266691,0.770582554072184,6.82022463093269e-06,6.0025174628539e-06,3
"20644",0.431519294558381,3.1334583871112e-07,3.45671392934267e-08,1.25717244116249e-05,0.56846778580423,5
"20646",0.976855129617374,0.000352607403425714,1.1981930087165e-05,0.00225745581034846,0.0205228252387648,1
"20648",0.000208092477606019,0.980847519001882,0.0188852026581662,2.45455212403424e-06,5.67313102221978e-05,2
"20650",0.760545607468899,0.000330214908685924,7.83420207708569e-08,5.28121180564725e-08,0.239124046468276,1
"20653",0.000499277518147892,0.99430044843223,0.00439133685319484,0.000139809948975974,0.00066912724745161,2
"20658",0.999515691345991,0.000225988165269973,4.15284870800066e-08,0.000250982742884961,7.29621736739923e-06,1
"20661",0.057753733137598,0.0110705253727994,3.20959252140358e-06,0.000193502499422211,0.930979029397659,5
"20663",0.495038340165861,0.503170642904285,1.24729351192597e-05,5.52430782378741e-06,0.00177301968691043,2
"20665",4.01020548665015e-06,3.94869936973351e-05,0.999891557098706,6.49318690609692e-05,1.38330488069983e-08,3
"20667",0.0282182999339232,0.943125218968618,0.000359500472373549,0.0275139757815029,0.000783004843582466,2
"20669",1.55476224538838e-06,0.0295868282921077,0.000457589642598119,0.969953876353222,1.50949826151278e-07,4
"20671",0.204729121696519,0.00389560191213067,0.000133379259205752,7.31097309118939e-10,0.791241896401047,5
"20673",1.52646145380906e-07,0.00102844812606288,6.61849668532614e-05,0.998905211901928,2.35901028812365e-09,4
"20675",0.00895839185894353,0.750482306609796,4.58089501862541e-05,0.240502233289607,1.12592914671842e-05,2
"20677",0.468351106003565,0.53056009546693,9.452458471125e-06,0.000780967485217887,0.000298378585815855,2
"20679",4.68084683769792e-07,0.0335270021013162,0.00161904507205811,0.964853415182317,6.95596250782241e-08,4
"20681",0.000115625577963243,0.931481079968735,4.7410405408337e-05,0.0683493338979433,6.5501499503277e-06,2
"20683",0.351764041421566,0.643201457857329,2.25775403993156e-05,0.0049119163278154,0.000100006852889795,2
"20685",1.7758878030029e-05,0.018491182820534,8.35481248506055e-05,2.51575398244234e-06,0.981404994422603,5
"20687",7.07740478715873e-06,0.0511024128993359,0.948885233712259,3.43689481122421e-06,1.83908880644334e-06,3
"20689",0.240404488074997,5.84782006536559e-06,3.06474822624781e-08,3.37946240229033e-05,0.759555838833433,5
"20691",5.28287599905773e-07,0.000197231030970041,0.999801216910721,9.22548364269351e-07,1.01222344601196e-07,3
"20693",0.998793181350798,3.36131688036168e-05,4.35110453435078e-09,1.02445906717169e-07,0.00117309868338761,1
"20695",0.000211168256483487,0.994653737011642,0.00508824996788061,3.02178922932036e-05,1.66268717011845e-05,2
"20697",0.999402087967906,0.000211799773901583,5.14117397848122e-05,2.00761363948228e-09,0.000334698510794447,1
"20699",0.313970639723743,0.667290323598706,0.000219102700630756,0.018510784723795,9.14925312467219e-06,2
"20701",0.89983708291351,0.0990372092466515,6.36736796048544e-07,0.000907700509016726,0.000217370594026264,1
"20703",1.78694401410399e-05,0.0267294861841696,0.000189476548006137,0.972008463519334,0.00105470430834939,4
"20705",0.992623548672847,0.00325913324685061,2.04299824854512e-07,1.39320774920381e-07,0.00411697445970241,1
"20707",0.00355019280171222,0.996175600003781,1.96190136237065e-05,6.78783746739835e-06,0.000247800343416216,2
"20709",0.0290297594806973,0.0612617338149838,0.909297171918004,0.00040401448869842,7.32029761686683e-06,3
"20713",8.900084389214e-05,0.959450688728505,0.0291042550119723,0.000229718799756217,0.0111263366158745,2
"20715",0.869548611852775,1.87949978205343e-05,0.023077329155291,6.75311288551095e-07,0.107354588682825,1
"20717",0.000106243151112475,0.999638589726517,0.0001730492146943,6.07669839206963e-05,2.13509237552321e-05,2
"20720",0.985193421337733,0.0144658747753682,1.9556422165384e-05,1.23413327690704e-05,0.000308806131964153,1
"20722",0.976650035393434,0.0232802749687161,2.30937650142442e-06,1.21838181605805e-06,6.61618795326224e-05,1
"20724",3.66482986929e-05,0.799960000314348,0.19996426386385,3.39362534883405e-05,5.15126962095472e-06,2
"20726",0.999012900670218,4.1922046443722e-05,2.57361070128513e-09,1.74735548191578e-07,0.00094499997417979,1
"20728",3.15423882911845e-05,0.989478617619145,0.000229088305594903,0.0102577053770561,3.04630991331583e-06,2
"20730",0.000755125922353915,0.612873270481866,0.38631749726785,7.40843571474905e-06,4.66978922159777e-05,2
"20732",0.49673811708341,0.360457060298842,0.000119424852856978,0.0419473411247708,0.100738056640121,1
"20734",0.260185555852338,0.738669886876351,3.50179173912625e-05,6.77404643986346e-06,0.00110276530748001,2
"20736",2.37786852981408e-05,0.108337564230662,0.891603236830411,3.48757706846849e-05,5.44482943620372e-07,3
"20738",0.580884731425649,0.0125900697781305,0.329700719855905,0.00452624538968161,0.0722982335506333,1
"20740",0.608697202170459,0.0704668407609799,3.24857486187282e-08,0.000414893815969624,0.320421030766843,1
"20742",8.26467946712891e-05,0.998663317590094,0.000199182454822863,2.61634344744625e-05,0.00102868972593757,2
"20744",1.95144854546865e-06,0.0165694804271476,0.972431484908058,0.0109970712244143,1.19918344118535e-08,3
"20746",0.0542657211327864,0.945492903815676,6.4009401852327e-05,0.00010491451323699,7.24511364479728e-05,2
"20748",3.5783037381794e-05,0.720519712262186,0.279408694591031,1.59903110168294e-05,1.98197983845616e-05,2
"20750",0.000408608944827526,0.327449764077025,0.671899861149812,0.000240769217819826,9.96610514999224e-07,3
"20752",0.959748742438232,0.0394777344380887,4.80794815492606e-07,1.70422166106858e-06,0.000771338107202871,1
"20754",3.10445667317759e-07,0.000419982680544675,1.2843404450111e-05,0.99956686164162,1.82771786508159e-09,4
"20756",0.0766574898456386,0.668905049433262,0.254229361365268,2.49476074006221e-05,0.00018315174843145,2
"20758",0.009597352000493,0.00312220464251498,0.0068643631248778,0.98041564319742,4.37034694616402e-07,4
"20760",1.34569136172418e-05,0.800130699192087,0.196281980829751,0.00357351137842268,3.51686121745874e-07,2
"20762",6.51276449591479e-07,0.00172260079672097,3.74761713540865e-06,0.998272984604695,1.57049989893975e-08,4
"20764",4.61407544320266e-06,0.245621633443349,0.753273164959999,0.00109823364983261,2.35387137642757e-06,3
"20766",1.87766164051563e-05,0.916059419175574,0.0838297036633594,8.89822935499933e-05,3.11825111133149e-06,2
"20768",0.000464023775969469,0.187910500083086,0.811603968780598,4.39573527488799e-06,1.71116250719507e-05,3
"20770",0.00671581841331418,0.091247857911337,5.14102756754762e-05,0.901983301815854,1.61158381916762e-06,4
"20772",0.999947306529561,4.24234736201215e-05,4.60480299726792e-07,7.45980990673667e-08,9.73491842023788e-06,1
"20774",0.999153130056179,1.27048849048244e-06,2.32191480985109e-09,1.63535688546771e-05,0.00082924356456038,1
"20776",0.000615731766145576,0.998645062432558,1.98041320098308e-05,1.16044557277123e-05,0.000707797213559119,2
"20778",0.282800240540814,3.27430745489844e-07,6.70957927113352e-08,2.83606960556514e-09,0.717199362096578,5
"20780",2.21308317171942e-07,2.50679818224606e-05,1.7419113146216e-05,0.999957290895193,7.01521225527134e-10,4
"20782",1.23533182516931e-07,0.000659475366755609,0.000119374824720087,0.999221022349799,3.92554282835310e-09,4
"20784",1.76504781719119e-06,0.00246642883589851,2.84801684286142e-06,0.997528934552771,2.35466706590994e-08,4
"20786",1.63632398550855e-06,0.000240192194742741,0.977081155363419,0.0226770103242393,5.79361356363832e-09,3
"20788",0.00686623697219568,0.992442162213913,5.19085174929743e-05,1.54192965090389e-06,0.000638150366747018,2
"20790",3.73734745584183e-05,0.615194736093622,0.0934569399435986,0.291310798412431,1.52075790243088e-07,2
"20792",0.0190251042057412,0.583734543213057,0.395967754191591,3.74407820982096e-06,0.00126885431140138,2
"20794",1.43777940724715e-05,0.316037574601386,0.516996184542933,0.166951795208668,6.78529400308641e-08,3
"20796",0.996856180936311,0.000653470154606067,2.56589283173675e-08,1.64002209601097e-08,0.00249030684993406,1
"20798",5.06376337845851e-07,2.60342940637619e-05,0.999971945166191,1.41730817604703e-06,9.68552309741583e-08,3
"20801",1.29941550941245e-05,0.00084218952038526,0.999136981514049,7.0140774791318e-06,8.20732992685142e-07,3
"20803",0.0183924092586153,0.97940523214645,1.05667874317411e-05,1.64401821739802e-05,0.00217535162532934,2
"20805",0.223036239732703,0.776256861472013,4.89127504678421e-05,1.28358547765367e-05,0.000645150190038969,2
"20807",5.06376337845851e-07,2.60342940637619e-05,0.999971945166191,1.41730817604703e-06,9.68552309741583e-08,3
"20809",0.000944249633565512,0.996461546897209,0.000935064085768087,0.000948836580557253,0.000710302802899582,2
"20811",0.00700540133463047,0.0255667310298951,0.965790354542521,6.47956555511802e-06,0.00163103352739824,3
"20813",0.378619261619456,0.558477458547927,0.0600348747934425,0.00042455411186144,0.00244385092731337,2
"20815",3.72358610569967e-07,0.000231213458728974,0.784788443598503,0.214979963273247,7.31091066782963e-09,3
"20817",6.20946904840386e-05,0.974191536519569,0.0257105788369329,6.57526193392589e-06,2.9214691079815e-05,2
"20819",0.236330404648556,0.759276844882508,1.42604396578397e-06,1.51480830268134e-05,0.00437617634194376,2
"20821",0.413093795915614,0.000460957601461759,0.00328741825241146,0.58291632998738,0.000241498243132843,4
"20823",0.0894543042062706,0.899676528092013,0.00834984910014637,6.6646244824212e-06,0.00251265397708785,2
"20825",1.30160886210303e-05,0.934107529381775,0.065402535021244,0.000475767629285117,1.1518790746771e-06,2
"20827",0.000144526408361284,0.174721830173938,0.824998417467412,1.13399742732899e-05,0.000123885976015242,3
"20829",0.997305909656056,0.00148915649053076,1.18377006452375e-05,1.69656557210187e-05,0.00117613049704713,1
