"","V1","V2","V3","V4","V5","best$classification"
"19812",0.0250973191613982,4.79207879846917e-06,0.000732940959037876,0.000223628714490219,0.973941319086275,5
"19814",0.00260929758377273,0.00449483169145386,2.58580204423136e-05,9.71853639012551e-06,0.992860294167941,5
"19816",0.975424125811408,3.23823505158218e-06,9.15043020485061e-06,0.000237140642929828,0.0243263448804052,1
"19818",0.0516393030319844,0.0170779361847208,6.34335994678449e-05,0.000100008182909777,0.931119319000917,5
"19820",0.999926166220258,6.84420372562959e-09,7.19604381032964e-05,3.74288307954974e-07,1.49220912676956e-06,1
"19822",0.949444983937004,4.88583003233516e-06,0.0505162130845325,6.56771890085396e-06,2.73494295302591e-05,1
"19824",0.994916056527649,0.00296420653190667,8.09725426433943e-05,0.000661536966172684,0.00137722743162798,1
"19826",0.038225197628977,8.65889675816018e-05,2.24232254386429e-05,0.0201340701304839,0.941531720047519,5
"19828",0.998541303514765,5.23636778399292e-06,0.000315140911368756,1.23971805907235e-06,0.00113707948802274,1
"19830",0.00037953428376862,0.000218603482293759,0.000653995013436913,0.00244712793740286,0.996300739283098,5
"19832",0.15906515751131,5.64427001861757e-06,0.521692506086148,2.82129390785053e-05,0.319208479193445,3
"19834",0.867244221600009,0.000309556804205775,0.0125779476449344,9.32648156091072e-06,0.11985894746929,1
"19836",0.269605895690098,6.37266080699757e-06,0.000300364771658136,0.171653303615989,0.558434063261448,5
"19838",8.60273205723996e-05,0.000995448973226311,8.92220170574476e-05,1.68736265718391e-05,0.998812428062572,5
"19840",0.77112753547568,2.53358260481802e-05,5.86714900214792e-05,0.00620718899400107,0.222581268214249,1
"19842",1.69589088118004e-05,5.06918256890901e-05,7.44585274676262e-07,0.915072993999529,0.0848586106806957,4
"19844",1.63490694692066e-05,0.999908521812184,1.74868577882972e-07,3.97246307470442e-05,3.52296190225386e-05,2
"19846",1.98411371644003e-05,0.203315889966192,4.82305546044029e-07,0.00611770283648832,0.790546083754609,5
"19848",3.07440239022391e-05,0.0776033452874917,1.58697129472293e-06,0.000491209379892668,0.921873114337419,5
"19850",0.000307582455203225,0.318890070688981,7.66810686998057e-06,0.000125975060490146,0.680668703688455,5
"19852",0.637156743262435,0.000758166255536787,0.000253549343468,5.95951866984549e-05,0.361771945951862,1
"19854",2.96225960716337e-05,0.00858615371426003,3.42392922344057e-06,0.000129083599405984,0.991251716161039,5
"19856",0.00107922664249028,0.973687212652638,2.73733840648712e-05,0.000425737174251649,0.0247804501465548,2
"19858",0.0264081295001929,0.969018271388083,0.000215876104805314,8.06742931903259e-05,0.00427704871372829,2
"19860",0.297421120341666,7.71118320454925e-05,0.000145216108825862,0.000116867683404585,0.702239684034058,5
"19862",1.08397121483985e-05,0.0124870355347743,5.96173816870271e-07,0.01981700189815,0.967684526681111,5
"19864",4.21203827224734e-05,7.19772089138156e-06,3.78233390235194e-07,0.999930844769895,1.94588931005015e-05,4
"19866",0.941266900274966,2.82313132241778e-06,3.12664322595528e-05,0.0525833304253337,0.00611567973611864,1
"19868",1.8694902616724e-05,6.75323961062149e-05,0.999723739140054,7.3940030051064e-07,0.000189294160922278,3
"19870",0.000479515941213924,0.00535525762199124,5.31147204535342e-06,0.00218107355791505,0.991978841406834,5
"19873",0.0306135200913245,0.0015462503590528,1.32491581091974e-05,0.00377775010750545,0.964049230284008,5
"19875",0.99370820165336,1.61164080976732e-07,0.000403217298916431,3.94196619374377e-06,0.00588447791744898,1
"19877",0.00442366479027657,0.00310215075120797,3.81575058789921e-05,0.000218979856030824,0.992217047096606,5
"19879",0.288192347431684,0.00652055443987161,0.00146687392323085,0.000481514701922347,0.703338709503291,5
"19881",0.0126425736586284,0.00233340112889685,1.85326485705692e-05,0.0373609166602391,0.947644575903665,5
"19883",0.00442433978266234,0.000187388417045628,2.52755351414823e-06,0.320417223415116,0.674968520831662,5
"19899",0.390583723513677,5.77270184520812e-05,0.00891596205834981,0.00430172078991795,0.596140866619603,5
"19908",0.178760510385023,0.00626725573550596,0.0745030607783226,0.720869367581844,0.0195998055193047,4
"19910",0.344700201479555,0.000636959052761446,9.22190888350409e-05,0.000894049410166286,0.653676570968682,5
"19912",3.79698193315639e-05,0.00153570817992426,1.82753201667219e-06,0.503527436170139,0.494897058298589,4
"19914",0.199744054314208,0.00141111554908343,0.00550542106877235,0.00032963814486518,0.793009770923071,5
"19916",0.596273475144423,0.000523234848998705,0.000104646228729175,0.402512887902865,0.000585755874983503,1
"19918",0.000599625920236944,0.157802777101126,5.89689746708616e-07,0.0041683374554291,0.837428669833462,5
"19920",3.99497679084687e-05,0.883604322494576,3.70654323928242e-07,6.76487963708207e-05,0.116287708286821,2
"19922",0.0210615586308977,4.76537243778938e-05,0.64614650610439,2.65665172987602e-05,0.332717715023036,3
"19924",0.0108270316386383,0.0353181703574747,1.78231781198303e-05,0.000390147586201013,0.953446827239566,5
"19926",0.571167787690475,2.5285214336828e-06,0.0238253890160478,0.0385700099401674,0.366434284831876,1
"19928",2.01645918065736e-07,5.39350011773397e-06,4.31695985184397e-08,0.999990328246983,4.03343738250194e-06,4
"19930",0.00105168467160613,0.000336128878212576,1.58617493330662e-05,0.00013797957632658,0.998458345124522,5
"19932",6.14984944212644e-05,0.00295846852545858,1.06919228995049e-05,4.13967753148924e-05,0.996927944281906,5
"19934",0.955364720332007,0.000142925310361666,0.00201364320930973,4.04499761008404e-06,0.0424746661507119,1
"19936",0.0110551767761631,0.000226662342008682,0.000581798064107831,5.84210040009856e-05,0.98807794181372,5
"19938",0.996401445627688,5.1455797977883e-05,0.00284643943546568,4.49738916879826e-05,0.000655685247180326,1
"19940",0.0910787664953557,0.0012097057391096,1.59427135168733e-05,0.0450004014730854,0.862695183578932,5
"19942",2.60524872440374e-06,1.22252876423087e-06,1.82135443826764e-08,0.999965594467409,3.05595415578871e-05,4
"19944",0.731744343578491,6.42361379770578e-05,0.000102402639009054,0.00332385057988306,0.26476516706464,1
"19946",0.103904753549435,0.0241951444872838,0.000102131095941944,0.000405120099887549,0.871392850767451,5
"19948",2.70886703171719e-06,6.82907865588491e-06,5.85018574323177e-09,0.999891662728548,9.87934755781333e-05,4
"19950",1.17049204800844e-06,0.997972581431574,3.40680964140536e-07,1.36664989797581e-06,0.00202454074551598,2
"19952",2.70886703171719e-06,6.82907865588491e-06,5.85018574323177e-09,0.999891662728548,9.87934755781333e-05,4
"19954",0.000235137447659851,0.00151360443659001,5.31037869168633e-06,0.000133708877314583,0.998112238859744,5
"19956",2.79397956715193e-05,0.667496328873418,0.00028544465998276,0.015567159105854,0.316623127565074,2
"19958",0.000219861765370069,0.00113375629099351,0.995089515830773,3.48661684255922e-06,0.00355337949602124,3
"19962",0.184716164451099,0.186760580427593,0.00302128595770028,0.000848640445250777,0.624653328718357,5
"19964",0.0563136430741551,0.0257143249815482,4.23993163390497e-05,0.0398573922630153,0.878072240364942,5
"19966",0.986816310658982,7.57415449156852e-08,9.86919146988561e-05,0.0128205816122236,0.000264340072549914,1
"19969",0.000774608244603698,0.000204870436941565,4.67429130779642e-06,0.0131452036763976,0.985870643350749,5
"19972",0.00100559844544157,0.112173362328211,4.95078493481828e-06,0.147628147245993,0.73918794119542,5
"19974",1.40347874008167e-06,0.921529341671425,4.50665589407658e-08,0.0226304529190252,0.0558387568642506,2
"19976",0.0170871498530519,0.0548391064281393,2.63138392755201e-05,0.000620685916654141,0.927426743962879,5
"19978",0.73072154553991,0.00090214462024462,1.2284691735929e-05,0.00256657245646575,0.265797452691643,1
"19980",2.15361106592543e-05,0.28989503042824,2.9279387091627e-06,9.2190103158771e-05,0.709988315419233,5
"19982",0.000301953655080942,0.8242622936487,4.69425121366832e-05,3.01683635683461e-05,0.175358641820514,2
"19984",1.94413792071812e-05,0.999431294512805,2.18673607667911e-07,9.25913170759303e-06,0.000539786302673008,2
"19986",0.999621824644392,7.28873425913686e-09,0.000366186566139614,3.68411247062928e-06,8.29738826399344e-06,1
"19988",0.999413727550167,4.4725144272507e-09,0.000585287384678435,1.76774780181805e-07,8.0381786033845e-07,1
"19992",0.999407283967472,2.61316457547304e-07,0.000579885793043789,1.19401172778655e-07,1.24495218540706e-05,1
"19994",0.00128410189260128,7.44388317914798e-05,4.79210791475259e-05,9.57585175199086e-05,0.99849777967894,5
"19996",0.999910031449151,2.02338963288473e-07,6.91518948287761e-05,8.73148927127194e-08,2.05270021641818e-05,1
"19998",0.0430334784430831,0.00935503051790249,0.00019003775185782,0.69496378072735,0.252457672559807,4
"20000",0.000152965235997201,0.000654557404953693,0.0186989666884372,0.00569370702108554,0.974799803649526,5
"20003",0.00763967848063569,4.74516576283196e-06,0.000229907792088686,0.00134363819606624,0.990782030365447,5
"20005",1.59002717879412e-05,0.0727415943786147,5.76556011449488e-07,0.00324503135593415,0.923996897437652,5
"20007",0.617349902819908,0.00108663989802982,0.00301006903064962,8.88134981255205e-05,0.378464574753287,1
"20009",0.996956591431607,0.000389357168435511,0.000796411361707759,0.00104441142749238,0.00081322861075699,1
"20011",0.00611900821915469,0.0162969108547611,1.37389352044349e-05,0.0384309739484849,0.939139368042395,5
"20013",0.000803314547169992,0.0929029596365621,2.40525720530157e-05,3.76434074728713e-05,0.906232029836742,5
"20016",0.994973825112038,9.86617954898155e-06,0.00497675826598057,5.29077863068968e-06,3.4259663801717e-05,1
"20018",0.012193339927595,3.59596771957617e-09,0.987806486851812,1.0593897208272e-07,6.36856529696039e-08,3
"20021",0.98498890347961,2.79729002828505e-07,0.000430775922533186,3.85870167008256e-05,0.0145414538521528,1
"20023",0.917670980611686,0.00012505244517132,0.00156502974957792,9.24663279016615e-05,0.0805464708656636,1
"20025",0.561570316046212,1.63390819795731e-07,0.438367462058087,5.2554673774586e-06,5.68030375042247e-05,1
"20027",0.000240491290777765,5.07953976709232e-05,6.37041577700299e-06,0.299480812183548,0.700221530712226,5
"20029",7.28885567374991e-05,0.0231903985464439,3.22420277797979e-07,0.0138655827611956,0.962870807715345,5
"20032",0.000238592784417147,4.83205597826632e-05,1.34087903322886e-05,0.00882439325818123,0.990875284607287,5
"20034",1.06224530803411e-05,1.43580593012745e-06,3.25645257799806e-08,0.999658685993341,0.000329223183123147,4
"20036",0.045989808136538,0.179439197554136,0.00204604313324202,0.00653228531653717,0.765992665859547,5
"20038",0.993332084634281,5.50910483787827e-09,0.00603667664171777,1.97560786527573e-06,0.000629257607031465,1
"20040",0.984912002707151,7.55052618515723e-06,0.0145120985539854,0.000555971931029254,1.2376281648818e-05,1
"20043",0.995322231049799,9.09024198090926e-07,0.000733351356574766,6.153627594487e-07,0.00394289320666847,1
"20045",0.9936396202426,1.74608013202951e-07,0.00635908594866889,2.28965366212168e-08,1.09630418097635e-06,1
"20048",4.88421615307302e-07,0.999932667354394,2.14961788479351e-07,7.88287231255045e-07,6.5840974971019e-05,2
"20051",0.300971924216657,0.0101681208762105,0.0157733594101664,3.77107999348822e-06,0.673082824416972,5
"20053",0.984680858199109,0.000278585032929798,0.000104652909935326,0.000322290380403348,0.0146136134776225,1
"20055",0.800080395231197,1.3236036491808e-07,0.130961372591629,0.000208361445259706,0.0687497383715493,1
"20057",1.48191234031076e-06,0.0013140411248187,0.998475986904205,4.55498561537286e-05,0.000162940202481989,3
"20059",0.982344434910643,3.82310743681098e-05,0.0033405710887745,0.00124554308175417,0.0130312198444599,1
"20061",0.883359510791672,0.000203090559385709,0.000492268394813138,0.00110027417762981,0.114844856076499,1
"20063",0.0140155496386927,0.983848445370055,0.000625781694317837,0.00145505805238533,5.51652445493395e-05,2
"20065",0.15467006192668,2.62599883035561e-10,0.845316163528164,3.96021615654064e-08,1.37346803943477e-05,3
"20067",0.989367362522297,0.000241026146880042,0.00993605399997284,5.52914492101306e-08,0.00045550203940153,1
"20069",2.90742843486147e-05,0.541185998007379,4.64016767582607e-06,3.23492243189049e-05,0.458747938316277,2
"20071",0.348424590388626,0.00162901296922211,0.0063278909793442,0.223878704560894,0.419739801101914,5
"20073",0.000809654783542862,0.916472504554084,1.33690007681515e-06,0.000662604156032722,0.0820538996062635,2
"20075",1.20428770833977e-05,1.1323237844842e-06,0.999694506147793,1.49697452015828e-07,0.000292168953887251,3
"20077",0.982662421331563,0.00046745014162051,0.000110657769951961,4.08817868399122e-05,0.0167185889700244,1
"20079",0.163415046890197,0.756371859374008,0.00156268865908748,7.78155731190907e-05,0.078572589503588,2
"20081",0.86334839256786,7.76285796489208e-06,0.126757051452,1.88117423833152e-07,0.00988660500475124,1
"20083",0.00546026852136153,0.970986102631425,0.00113932444866559,0.00504264762682986,0.0173716567717186,2
"20085",0.997486163306555,1.19910461715859e-09,0.00251225269529779,6.8386498642237e-08,1.51441254413076e-06,1
"20088",0.99853809586754,1.92018374799712e-07,0.000896538282931122,2.81864227967286e-07,0.00056489196692623,1
"20091",0.00251963319689381,3.29273317608346e-06,0.997322396803477,1.13789176962847e-08,0.000154665887535272,3
"20095",0.0669128840491137,0.86396306033995,0.000365870492063319,0.051938512183076,0.0168196729357967,2
"20097",0.98984271329232,1.61138787209032e-09,0.010154356781612,3.43590144241432e-08,2.89395566588991e-06,1
"20099",0.833831952019408,0.00533884853781121,4.16117640556356e-06,0.158156823266457,0.00266821499991801,1
"20102",0.00176930803997773,0.922527354662768,0.0725599084278843,1.36230833968623e-06,0.00314206656102978,2
"20105",0.992641125806478,0.000595788065142345,0.000313680907037413,1.3032280532143e-06,0.00644810199328881,1
"20107",0.999212772784233,5.90416986122044e-07,0.000128142267883092,5.35670685848162e-06,0.00065313782403905,1
"20109",0.668315351754309,0.302400653796209,2.24582950231268e-05,0.00187517336895127,0.027386362785507,1
"20111",0.000180159636917008,0.0160001523540151,0.523346535325198,6.57655426892037e-05,0.460407387141181,3
"20113",0.946711261297141,1.74657488811241e-06,0.000266463790277626,0.0344585125698295,0.0185620157678638,1
"20115",0.000160617465546426,0.000988934965830613,0.000396465498540697,0.00736641038514543,0.991087571684937,5
"20117",0.115236642737883,7.00090561431498e-06,0.522647609552526,0.360541039431484,0.00156770737249265,3
"20119",0.948479755951411,4.17321739957008e-08,4.66945620048133e-05,0.0511669653339082,0.000306542420502159,1
"20121",0.999542850055841,2.36634635424205e-08,0.000360041741071457,3.53300803096839e-06,9.35515315933734e-05,1
"20123",0.00146289316333207,1.38615130224452e-08,0.998503037175227,2.81303506091803e-08,3.40276695774828e-05,3
"20125",0.000213137070297225,0.0981090909718908,2.57295439977335e-05,2.61313016430953e-05,0.901625911112171,5
"20127",0.999717978828288,2.3861167913732e-06,0.000264986801964108,2.63440486111154e-07,1.43848124700798e-05,1
"20140",0.402619500701657,2.0457201220958e-06,0.420862497796116,0.00306272578019157,0.173453230001913,3
"20142",2.19576822213619e-06,0.993509992449324,9.15156808924228e-07,2.88873949800482e-06,0.00648400788614739,2
"20144",0.000128622478986916,0.00757715892157884,0.00725204788844787,0.000117154281592779,0.984925016429394,5
"20146",0.00652856088649067,0.359198878063623,0.00335765175046035,0.000139747853128137,0.630775161446298,5
"20148",0.0073577175460547,0.000247392654066623,0.000100211989769673,4.4655774802955e-05,0.992250022035306,5
"20150",4.63501298318762e-06,0.599996595454493,2.90222245465136e-07,0.00309067625252811,0.39690780305775,2
"20152",0.0321300051039235,0.000189270219233551,0.000156457902408328,0.00022047676389265,0.967303790010542,5
"20154",0.0397977753382763,8.42797313433461e-06,0.960167581324676,2.73750224652393e-09,2.62126264113843e-05,3
"20156",0.74141743124591,0.0654363753292405,0.0185909573046317,0.000581923531296873,0.173973312588921,1
"20159",2.87858646189135e-05,0.606372659435015,8.7417025849767e-06,2.16319649114614e-05,0.39356818103287,2
"20161",0.000605075841050505,0.987793278801918,6.078267383708e-05,0.000240699512723385,0.0113001631704712,2
"20163",0.0464531605162076,1.13901487257996e-05,0.00130767220923372,0.00173360444289853,0.950494172682934,5
"20165",0.00877959491544442,0.990134131823246,2.16437623580006e-05,2.74924872315327e-06,0.00106188025022821,2
"20167",0.00440886117649126,0.0104537820358874,8.09424452094576e-06,3.10648220102334e-05,0.98509819772109,5
"20169",5.95322603516453e-07,0.999712899298535,2.71807089203893e-07,9.63730774820561e-07,0.000285269840997688,2
"20171",0.00930732034817484,8.34293135137429e-06,0.990682633622438,1.27576025882821e-09,1.70182227539295e-06,3
"20173",0.0520996926747334,0.245129117241573,1.72530318996869e-05,0.701543194860852,0.00121074219094166,4
"20175",0.00163638116205666,0.00958151947717788,2.18191163079398e-05,0.000489469045956067,0.988270811198502,5
"20177",0.464123052830247,0.000232789662394897,9.85671301566685e-06,0.531916226606852,0.00371807418749055,4
"20180",0.99757228074047,2.17631763710489e-10,0.00233605496332048,2.53012801435155e-05,6.63627984344007e-05,1
"20182",5.37025966941351e-08,0.998312808637852,2.47236264501093e-05,0.0014650608185756,0.000197353214525824,2
"20184",0.000151808577719153,0.949362891516872,2.88893418037857e-06,1.72128133719567e-05,0.0504651981578568,2
"20187",0.00387303326321649,0.00136720373051513,7.87804112184178e-07,0.992511792247379,0.00224718295477704,4
"20189",0.912965622023591,1.78849096280162e-05,9.29683558219623e-06,0.0284176627835423,0.0585895334476563,1
"20192",0.801845080554674,7.79419295067688e-06,0.153270916673862,0.0391026164591783,0.00577359211933586,1
"20194",0.000180928086498123,0.735334513985899,5.2158423083261e-06,0.166599054454753,0.0978802876305411,2
"20196",0.848770791315868,3.02005391498662e-07,0.151061483512654,3.29327954485332e-07,0.000167093838131949,1
"20198",0.289542088172457,0.000858035838321637,0.00624809387774849,0.00109895460843009,0.702252827503043,5
"20204",3.76066543647744e-05,0.538648016232624,1.2828082993567e-05,3.95705090188563e-05,0.461261978520999,2
"20207",0.922201900726625,3.8708252273555e-05,0.0773863474982044,3.74460175742643e-08,0.00037300607687952,1
"20209",0.000774899397214784,8.88299813728616e-06,0.064506695282983,0.0670127800107826,0.867696742310882,5
"20211",0.00124705612361709,1.07364045947584e-07,0.998666009928458,7.34975073562656e-10,8.6825848904373e-05,3
"20215",0.976363376656631,4.70893386864702e-05,0.00107953689052204,3.06060343611537e-05,0.0224793910797989,1
"20218",3.75923374814435e-06,0.980586275754112,9.13759891528516e-07,3.4361630249045e-06,0.0194056150892234,2
"20222",0.930858360850931,0.000102879767884189,0.0576809961692937,2.20811715506214e-07,0.011357542400176,1
"20225",0.000227607443806341,0.0264472213427022,0.000648152641452913,0.000486934564268368,0.97219008400777,5
"20229",0.0451508176370806,0.00116460835977118,0.128944266511355,0.00434420349946362,0.82039610399233,5
"20232",0.857319873170977,2.6071140737357e-05,0.0209088469912337,0.000128573792914259,0.121616634904137,1
"20234",0.885503768906111,2.5786687559116e-09,0.114489218620046,5.98602707889833e-06,1.02386809560397e-06,1
"20238",0.99804183807962,1.08099547300967e-05,0.00136727730660212,3.45257428039509e-06,0.000576622084767523,1
"20253",0.999018002772405,1.82662205317098e-06,0.000688963992313938,7.25600355398406e-06,0.000283950609673321,1
"20255",0.000320305956903947,0.00030105004442201,0.000366241289929765,7.1212001743287e-06,0.99900528150857,5
"20258",0.999757447606782,8.25010030661477e-08,5.73335796986737e-05,4.35532361781547e-06,0.000180780988898579,1
"20269",0.915897604641991,0.0481943854840866,0.000103383329610477,9.16305171702823e-05,0.0357129960271415,1
"20271",0.9815196785681,3.41635609341259e-07,1.93719104290558e-05,0.0180344166685424,0.000426191217319344,1
"20285",0.00467130117883116,0.00138124807148958,1.24910239955539e-05,0.956853733904562,0.037081225821122,4
"20288",0.967944684292601,0.00010104977966017,0.0021973951956272,2.72281260354833e-05,0.0297296426060763,1
"20291",0.760817786780396,3.04473426273802e-06,0.238870710104127,1.7127283483691e-06,0.000306745652866249,1
"20295",0.718582616381018,0.0223148116180523,0.000195343651675772,0.18805946945504,0.0708477588942138,1
"20298",3.73827974931276e-05,0.00453721406069109,4.36168675051059e-06,0.000122340140523169,0.995298701314542,5
"20302",0.00113221438976422,0.687952485649408,7.48192258200025e-06,0.00305304632864874,0.307854771709597,2
"20305",3.07656708454353e-05,0.000943112047693835,1.97210810069189e-06,0.00236384844261163,0.996660301730748,5
"20307",0.999592718577561,4.04290407035503e-08,0.000377807567871838,9.00414075076268e-08,2.93433841191495e-05,1
"20310",0.998161857940863,3.76405389302714e-08,0.00183589671399952,1.25214003686695e-06,9.55564561581666e-07,1
"20313",1.62183992415345e-07,0.999309602178344,2.36571818337188e-08,1.63463243858215e-05,0.0006738656560956,2
"20315",0.999113801017076,5.31628089926502e-07,9.82564562060011e-05,3.68583350388621e-05,0.000750552563589168,1
"20319",0.410335474482801,1.87379559179883e-07,0.589377543623632,6.98844400935255e-07,0.000286095669607161,3
"20321",0.999809404226968,8.07957670094471e-06,7.00409647776406e-05,3.64920537760214e-06,0.000108826026175609,1
"20327",0.999865895314354,2.57733809228003e-07,9.38967308038884e-06,6.79392181878545e-05,5.65180605683194e-05,1
"20329",1.62601168424353e-06,0.000154039071476333,3.12165543962369e-09,0.999604659699251,0.00023967209593293,4
"20335",0.906483845667737,1.40426411306981e-06,0.0934855186627843,5.89320844929953e-09,2.9225512156933e-05,1
"20337",4.88388634246167e-05,0.258493249478643,9.83854354128224e-06,2.4515922804367e-05,0.741423557191586,5
"20339",0.00739247213944287,3.40887382609355e-06,0.980260178301017,0.00088165768107741,0.0114622830046367,3
"20341",0.0281780742327244,0.000434255475198854,0.971321811619829,4.31693365435026e-08,6.58155029116178e-05,3
"20343",0.991939371527383,8.78569021942352e-05,0.00794763932745915,4.34509210277535e-07,2.46977337532764e-05,1
"20345",0.00488859264172683,1.00790641360479e-05,4.93056615616321e-05,0.0361248106511925,0.958927211981383,5
"20350",0.450887589026744,0.026415428260048,0.344408429594045,0.0122911881370493,0.165997364982114,1
"20352",2.46970923164082e-06,0.999460651034853,2.79370150581965e-07,7.81393003508177e-07,0.000535818492760986,2
"20355",0.00350545850226847,0.965161033120205,0.000217063161034336,0.000247937352427582,0.0308685078640646,2
"20358",2.33753222353863e-05,0.0251660399736686,8.99722166630577e-08,0.94065295381475,0.0341575409171298,4
"20363",0.999500738875517,6.04084446719335e-06,6.42111412650309e-05,1.18550415497629e-06,0.000427823634595831,1
"20365",0.447155115504633,2.04503482272472e-06,0.507160378863135,1.34800188371548e-06,0.045681112595526,3
"20379",0.000416589115151621,0.00133798099699537,0.000662425865974661,0.000465884919895747,0.997117119101983,5
"20387",0.998057278114659,2.79102259636739e-07,0.00123753882688888,3.29792112918652e-07,0.000704574164079579,1
"20392",0.00300570550273491,9.4724488428444e-09,0.996961763818003,9.93567538137564e-10,3.25202132453142e-05,3
"20395",0.0160471496626105,0.000950973552869904,0.000263018721035886,9.13814204294745e-05,0.982647476643054,5
"20397",2.75893581599347e-07,0.013132159229804,1.47593107906308e-08,0.986763867352686,0.000103682764617264,4
"20410",0.988715140740774,4.05654733570148e-08,0.000535746794556417,0.00073111759101233,0.0100179543081835,1
"20414",0.00109685711504644,0.302266760168374,8.38226739362215e-06,0.000137343615530584,0.696490656833655,5
"20417",0.0927517231265876,1.5194244888426e-08,0.907151337002089,9.66250561571427e-05,2.99620920846662e-07,3
"20419",0.999928851548789,1.22659280558222e-06,1.59866637646192e-06,3.81994843097866e-05,3.01237077196713e-05,1
"20421",0.00381461432506037,0.662623156293211,0.015663011282168,1.64641134616527e-05,0.317882753986099,2
"20423",0.000254045500643152,0.353847309084342,0.000114378229215106,1.44462373290601e-05,0.645769820948471,5
"20425",0.000647286007818445,0.554004390272521,0.000393945069172143,5.93503731860093e-06,0.44494844361317,2
"20427",0.0445785188921076,0.000290593065697036,3.31860213575907e-05,0.000141404577212658,0.954956297443625,5
"20429",0.9954785325848,0.00021737650145317,0.00377718422581039,0.000335647456584474,0.000191259231352318,1
"20432",4.97487406288041e-05,0.840609104121541,4.51696657669844e-07,0.000548870312275401,0.158791825128897,2
"20435",0.791048674983798,1.02849377416051e-05,0.0238098676978784,0.000459416231444401,0.184671756149137,1
"20438",0.999094944601086,0.000312196689775798,1.66751512595617e-05,0.00014134897423509,0.000434834583643547,1
"20440",0.999768482124313,1.71935480575198e-05,2.34630534866595e-05,2.8727637954935e-05,0.000162133636187836,1
"20443",0.000204593540149831,0.997776053474995,3.08633426589075e-05,9.08803911651438e-06,0.00197940160307977,2
"20446",0.554980359949937,0.0041733009519494,0.00147857318056032,0.00368607052040876,0.435681695397145,1
"20449",0.78937250642834,2.27800056739235e-05,0.0135649450983683,0.000465424515775846,0.196574343951842,1
"20537",0.727047799740005,0.000187776492556844,0.264069348331282,5.03002172210076e-06,0.00869004541443428,1
"20540",0.00899333332375131,6.68329271602787e-09,0.990993023569049,2.01299500454527e-08,1.36162939570728e-05,3
"20543",0.195931611992811,0.00367404995080435,0.000676581350151249,0.000112849745500296,0.799604906960733,5
"20545",0.00128235395995158,3.76784337142328e-07,0.998656274755259,3.99965455222154e-10,6.0994100486869e-05,3
"20549",0.044650605160404,0.0127838209774949,0.00329843434289153,3.89726112735808e-06,0.939263242258082,5
"20551",0.972370326742789,0.000105033365615633,0.00136743522485071,8.86700520649292e-07,0.0261563179662242,1
"20554",0.995202503945545,1.1120126427848e-05,9.5557649981468e-05,1.54856546969467e-05,0.0046753326233487,1
"20556",0.181995190971515,0.00112558620468296,0.105501869292856,6.9082792547254e-06,0.711370445251692,5
"20558",0.999777934696019,2.43157805618721e-07,0.000139024267138999,1.2448413505663e-07,8.26733949009714e-05,1
"20560",0.975920422953585,0.00346970102541733,7.21513814263922e-05,3.58365545097351e-06,0.0205341409841204,1
"20563",0.999778462061069,7.91712702838686e-07,0.000209291194886947,4.04555077801105e-07,1.10504762635093e-05,1
"20565",0.849164088571504,0.0209855148599501,0.00107038365676625,1.33702955528028e-05,0.128766642616227,1
"20567",8.02338761100133e-05,0.892524962394154,2.05780118105332e-06,0.000285388639675938,0.107107357288879,2
"20571",0.971638917552871,3.60628428249128e-05,0.0256357275541383,0.00128693289204826,0.00140235915811743,1
"20573",0.94903526494069,0.000519670174332341,0.00385493727845114,7.12889910123004e-06,0.0465829987074251,1
"20575",0.999881660332292,1.63799990642114e-07,8.96752191520336e-05,5.08008169053224e-06,2.34205668745041e-05,1
"20577",0.110931996453399,9.26434057133469e-05,0.00181146523905686,0.00126205240790174,0.885901842493929,5
"20579",1.8413945286465e-06,0.907578670312775,2.18098325913898e-08,0.091146021879367,0.00127344460349622,2
"20582",0.999892318111733,3.81272830662617e-08,9.56158702497393e-05,3.16898401751995e-07,1.1710992332692e-05,1
"20585",0.10215959522978,1.46089402895031e-06,0.876202910225613,1.2297249026452e-07,0.0216359106780874,3
"20588",0.00840364652207227,0.000145491686527159,0.98012814590073,3.39635812328436e-06,0.0113193195325474,3
"20590",5.12922386310104e-07,0.994400945355489,1.09743630988839e-08,0.00140266938045457,0.00419586136730741,2
"20592",0.999928960073193,1.03888841546321e-06,6.40435580029031e-05,1.25963635856005e-07,5.83151675291482e-06,1
"20594",0.999716570264757,6.95062512665666e-09,0.000260315610216709,2.08529917766322e-06,2.10218752237882e-05,1
"20596",0.98740621953728,0.000448505669380666,5.24547785886661e-06,0.00280930923088848,0.00933072008459199,1
"20598",0.988334856551885,5.74793638476771e-06,9.50469637995071e-05,1.01404636039206e-05,0.0115542080843269,1
"20600",0.084402323317713,0.00117652239514441,0.650060698986006,1.90183789286926e-06,0.264358553463243,3
"20603",0.000535804184124972,0.00287035810575455,0.00229045511268905,3.79674788000306e-05,0.994265415118631,5
"20605",0.999190194945141,2.11365594933307e-08,0.00038052368648619,2.12802862806624e-05,0.000407979945532636,1
"20607",0.998501429982091,4.6626665172704e-07,1.10367204443454e-05,0.000102223058289454,0.0013848439725231,1
"20609",0.980438485092291,2.95015121027543e-05,0.000107795788571107,3.04617811611704e-05,0.0193937558258741,1
"20611",4.08607417009793e-05,0.000304942829599394,2.29719419285247e-06,0.0132338184598342,0.986418080774673,5
"20613",0.400064235394444,1.1351237747183e-05,0.00273365002956564,0.000216974709654264,0.596973788628589,5
"20615",0.235269603305943,0.00190269693703492,0.0454835115359201,2.72598505302001e-06,0.717341462236049,5
"20617",1.21814399664954e-06,0.997431016091693,3.70754612887905e-07,1.45200530379731e-06,0.0025659430043939,2
"20619",0.999939065735166,3.04868012234608e-06,3.00019173366704e-05,3.08111014924489e-06,2.48025572250146e-05,1
"20621",0.9828554181877,2.92951463647978e-05,0.000341483920354188,9.51995647117741e-05,0.0166786031808693,1
"20623",0.00169790481308585,0.98831974986683,2.74285124495311e-07,0.00127256596874282,0.00870950506621719,2
"20625",0.00105367786426388,0.0336933313378587,0.0214067094080696,1.23213028990065e-05,0.943833960086909,5
"20627",0.779462783235213,4.00779160524351e-06,0.000453862007443585,0.00111749591539407,0.218961851050344,1
"20629",0.784536025316143,0.000664342688328021,0.00256216044695897,1.98835866138204e-05,0.212217587961956,1
"20631",0.999871917045182,7.1136006270078e-06,0.000105644886173867,2.83524019177566e-07,1.50409439982588e-05,1
"20633",9.9956430331645e-08,0.999566818315123,1.1569684357846e-08,7.89876557341145e-05,0.000354082503027659,2
"20636",0.000879872610482793,0.0245302616720763,7.74050978046471e-06,0.0659665215338861,0.908615603673774,5
"20638",0.132653564426949,0.00015767412135946,0.0626894364349884,0.00217931060883977,0.802320014407863,5
"20640",0.92963642837019,1.45863062283524e-08,0.0667337322685225,2.2509743310495e-06,0.00362757380065051,1
"20645",0.996619503505994,2.32575959595176e-09,0.00337719150034423,2.4733404027812e-08,3.2779344983661e-06,1
"20647",5.23784240068183e-07,0.999928282317602,2.52055395997956e-07,8.79916734789521e-07,7.00619260270747e-05,2
"20649",0.967346296576463,1.00935961828704e-05,0.00916586313546503,2.82848758263666e-06,0.0234749182043066,1
"20651",0.997246015169775,1.03300968130307e-05,0.00269613352034768,3.91365105367436e-05,8.38470252748114e-06,1
"20656",0.967619040534728,3.46442506341786e-06,0.0307303751956766,1.79905377567711e-06,0.00164532079075631,1
"20660",0.0571784802829514,2.7419585189284e-06,0.93415455667248,0.00104513904317475,0.0076190820428745,3
"20662",0.000368807328466573,0.839060296269201,2.78987491956677e-06,0.09930028898938,0.061267817538033,2
"20664",0.877968657602104,0.100161194692602,2.68411587822285e-05,0.0103333010570192,0.0115100054894922,1
"20666",0.000536556674429742,6.98543088235179e-05,0.0444721154095037,9.33225122630698e-05,0.95482815109498,5
"20668",8.41686385486557e-05,0.45460150002812,7.12564020307713e-07,0.000201983909107345,0.545111634860204,5
"20670",0.997626753220213,4.45132574477406e-06,0.000290127104233865,0.00115024901404407,0.000928419335764752,1
"20672",5.41249884906995e-05,0.438767568575447,2.37940169404095e-05,1.73959221540374e-05,0.561137116496968,5
"20674",0.911438042522074,0.000140692369924957,0.000137213260990294,0.000347214635918812,0.0879368372110914,1
"20676",1.24415406541515e-06,0.0047796706609987,3.62583656926356e-07,0.93259304215356,0.0626256804477192,4
"20678",1.50316836801301e-06,0.0513187355240455,5.11153127990983e-08,0.908468161650805,0.0402115485414688,4
"20680",0.00146431025652172,0.273002934025521,2.84255887648573e-05,1.95245722916675e-05,0.7254848055569,5
"20682",0.00296939164198973,0.000765472095161339,6.9841662353948e-06,0.189953964686133,0.806304187410481,5
"20684",0.772872711095249,1.69100718023133e-05,0.00380062077352858,0.140457372968888,0.0828523850905323,1
"20686",5.6579199218003e-06,0.979503050308325,1.00359498301159e-06,3.24267762892332e-06,0.0204870454991406,2
"20688",4.835913414448e-07,0.0678599790143647,1.29970448183443e-08,0.930321163600304,0.00181836079694458,4
"20690",0.0404568532699703,7.91722477760879e-08,0.957576349002562,3.82876164847254e-06,0.00196288979357109,3
"20692",1.95467489490779e-07,0.984260415793156,1.16858149323768e-08,0.0148069838511019,0.000932393202437136,2
"20694",2.23158296321815e-05,0.0161902634264588,1.83916968376263e-06,0.000373057010163878,0.983412524564061,5
"20696",0.000654237426915915,0.00550802452792216,2.02499116090493e-05,0.00120049090924879,0.992616997224304,5
"20698",0.887558290760127,0.00858162009003061,0.00775367447877079,3.26876689238575e-05,0.0960737270021475,1
"20700",0.995033709043384,0.00293313620653234,0.00035440325357873,0.000473113634565131,0.00120563786194033,1
"20702",0.112672871956525,3.63229951616255e-08,0.887147162985023,4.76122856182965e-07,0.000179452612600918,3
"20704",0.808406255183773,3.39489151883492e-05,0.000331063388593933,0.000126870447591166,0.191101862064853,1
"20706",0.161773509165708,0.0089262822180033,0.00388662511198036,0.427153738377933,0.398259845126375,4
"20708",8.15044338602854e-06,0.000435499293817672,1.11925430917531e-07,0.949384800434327,0.0501714379030388,4
"20710",0.574603376613837,1.46531011620676e-06,0.360259019699313,1.85845180508945e-06,0.0651342799249292,1
"20714",2.19706087477044e-05,0.988408108953291,5.24083993907793e-08,6.95517532854234e-05,0.0115003162762768,2
"20716",0.99274258785395,4.29146331485782e-07,0.000103123682762685,0.00019677025214533,0.00695708906481022,1
"20719",0.0929181789210894,2.83811745604714e-05,6.72175721335276e-05,0.872670190526966,0.0343160318052501,4
"20721",0.999919997232167,1.28969668823375e-06,7.19637240834183e-05,1.78786178163514e-07,6.57056088363211e-06,1
"20723",0.125423496711167,0.000136934941520079,0.00105548670126299,0.858346597863783,0.0150374837822672,4
"20725",0.00162798203093686,9.44636995339072e-05,0.000112983048394855,5.46859149566232e-05,0.998109885306178,5
"20727",3.39760726859776e-06,0.994093990209465,0.00010770638084644,0.000510014960840494,0.00528489084157907,2
"20729",5.27541330587643e-05,0.000211293538502198,3.51919282686441e-06,0.0312953999883437,0.968437033147268,5
"20731",0.000473368244175316,1.27439959935187e-05,0.000106681435333569,0.000312340978556092,0.999094865345942,5
"20733",0.872108421221733,1.24296987795386e-05,0.00345047281415386,0.00035124227836331,0.124077433986971,1
"20735",0.346029354821928,7.074325713079e-06,0.0131981137176616,0.000173146231834306,0.640592310902863,5
"20737",4.49571978110011e-05,0.0422404395420269,3.60140028738231e-07,0.248163035687319,0.709551207432814,5
"20739",1.60716165272158e-07,0.999447299829946,3.97734212580173e-08,4.64348899904059e-05,0.000506064790477026,2
"20741",0.00529683340630121,0.0291481226956727,4.62818846479332e-05,9.20420002510337e-06,0.965499557813353,5
"20743",0.00546182101509552,0.000263050980652966,5.08386964832459e-05,0.0244068895372194,0.969817399770549,5
"20745",0.999659458789213,1.95530735171886e-06,0.000239832289604956,7.29822940524971e-06,9.14553844251976e-05,1
"20747",6.0061722137134e-05,0.000170452913111911,4.11406940145813e-06,0.0327180502036924,0.967047321091657,5
"20749",2.63289070034538e-05,0.000418109582384547,4.4826263644425e-06,0.0141790061048949,0.985372072779353,5
"20751",2.35096178604326e-05,0.000403030477669081,0.00190230711848206,0.000186959502521698,0.997484193283467,5
"20753",9.6265066936772e-05,0.000195690975312135,4.17186056548501e-06,0.00510841691086844,0.994595455186317,5
"20755",7.42398427657376e-07,6.11900696750537e-05,9.81071761852001e-09,0.99925651402283,0.000681543698350099,4
"20757",0.00402279850117969,0.00781787473538877,6.39435259191114e-07,0.9864095828333,0.00174910449487268,4
"20759",0.999613571212728,0.000167937634209853,2.22533899148741e-05,6.78814675554632e-05,0.000128356295591714,1
"20761",0.0216438207366281,0.00133751544209602,5.76928986380919e-05,7.20460799480929e-05,0.97688892484269,5
"20763",0.0631459864336894,0.00568927509362089,0.000760020941730377,0.000246078053357685,0.930158639477602,5
"20765",0.00198002199033631,0.00289889350853478,3.87520620790095e-05,8.23542714930728e-06,0.995074097011901,5
"20767",0.950909276554945,1.67546644309688e-06,0.000300502029240843,0.0140010636114935,0.0347874823378777,1
"20769",0.275616156159633,6.94521635854845e-08,0.683732138431842,0.00800546492306858,0.0326461710332938,3
"20771",0.0951374489239688,0.195603724759339,8.39436508467881e-06,0.00744645468758526,0.701803977264023,5
"20773",2.51236010076776e-05,7.05125227281117e-06,2.79763328413492e-07,0.999809105226431,0.00015844015695967,4
"20775",0.0015882966462,6.35469180946074e-05,0.000164629971837095,0.000965863784339123,0.997217662679529,5
"20777",0.0255691117842858,0.00039812445221634,0.298723085494933,0.000384163386537646,0.674925514882027,5
"20779",0.000838313585551618,1.68049485909484e-05,5.01218891555245e-05,0.000341910991401005,0.998752848585301,5
"20781",1.15015605112896e-05,0.0182428584193457,0.972098534973917,0.00465728644502355,0.00498981860120213,3
"20783",0.019736705120575,0.00267510057879739,1.27458736235462e-05,0.00336325646753233,0.974212191959472,5
"20785",2.75923021163682e-06,0.00106123683847561,8.03863599338317e-08,0.998774647763823,0.00016127578112997,4
"20787",0.000262634014872342,0.0178810468208407,3.2029782131979e-07,0.0178564552072047,0.963999543659261,5
"20789",0.39257713876676,1.01871940117369e-05,0.000927404491906222,0.011099891565591,0.595385377981731,5
"20791",1.0016732044194e-05,0.0531130065715004,8.66395625770861e-07,0.0011494532293782,0.945726657071452,5
"20793",0.30348221657276,4.56944218254896e-06,0.000617425741775186,0.00245093755717004,0.693444850686112,5
"20795",0.000182586071539666,0.170546802828468,2.10292270463056e-06,0.000803108461026971,0.828465399716261,5
"20797",5.83113745641013e-07,0.99603887263874,0.00263059118410125,9.32311673002726e-06,0.00132062994668319,2
"20800",9.33812115994482e-05,0.00193994159654097,1.95009895894393e-05,2.33309934375238e-05,0.997923845208833,5
"20802",0.00609632256527131,0.00139604738441126,3.87681848138647e-05,3.90837570131554e-05,0.992429778108491,5
"20804",3.10173339706202e-05,0.00324582626739173,5.86812446269129e-07,0.160660109466281,0.83606246011991,5
"20806",8.33322500019349e-06,0.260891201708655,6.4495522864999e-07,0.00156805702921261,0.737531763081903,5
"20808",0.986612290337587,1.39075524816095e-07,4.56977653812141e-05,0.000451646031084099,0.0128902267904231,1
"20810",0.000851269218855652,0.432568746565181,1.67198820814734e-05,0.00202519391271123,0.564538070421171,5
"20812",0.0031790945586621,0.00433057373063228,0.00395731074336882,7.20416088872383e-06,0.988525816806448,5
"20814",2.71472784032143e-06,0.178848982433084,8.71020138365038e-08,0.708616141765152,0.11253207397191,4
"20816",0.108598525354459,2.91858005346588e-07,0.00134961444544462,0.887215372790648,0.00283619555144251,4
"20818",0.00674959576165367,0.00241065163689667,9.48525455219737e-05,0.000186001850418414,0.990558898205509,5
"20820",2.61896148892815e-07,0.999822339850798,1.20497837448568e-07,9.81631563243659e-06,0.00016746143958329,2
"20822",0.00340685928282771,0.00102239286076795,1.26791055424235e-05,3.25884638228651e-05,0.995525480287039,5
"20824",8.2686563653671e-07,0.000207669371862968,3.46438840232662e-08,0.999709370730873,8.20983877439825e-05,4
"20826",1.71172131355361e-06,0.995069901425339,4.58404383301223e-07,1.82311109648013e-06,0.00492610533786748,2
"20828",4.88421615307302e-07,0.999932667354394,2.14961788479351e-07,7.88287231255045e-07,6.5840974971019e-05,2
"20830",4.51266942725227e-05,0.00042128939064646,6.3145071830525e-06,0.0191613439813274,0.980365925426571,5
"20832",0.328893985116615,0.0418412844732308,0.000183098596137293,0.000283549853231168,0.628798081960785,5
