"","V1","V2","V3","V4","V5","V6","V7","V8","best$classification"
"19811",1.08586013922391e-32,0.186176432436274,0.00389772165227428,4.41512668883799e-48,0.110548662420996,0.673959503738568,0,0.0254176797518873,6
"19813",1.80363089706293e-24,2.29381292016941e-12,6.10280271825797e-16,5.87765338860689e-85,0.503160705425176,0.496839294571432,6.15799933125075e-255,1.09809842106727e-12,5
"19815",3.49233469723609e-20,0.878820191271365,0.102700829217171,1.85910052616669e-54,0.0142104876916218,0.000625588978381673,2.46535095725358e-258,0.00364290284146053,2
"19817",8.86270836957696e-28,0.595635676197418,0.0295323585778738,3.47523314793866e-34,0.00409752550758648,0.00789040286648529,4.89329677673561e-59,0.362844036850636,2
"19819",0.574285195046603,6.33108268072917e-21,0.00286767639164171,4.82152412829616e-55,0.422847128561755,3.56058060534182e-25,0,4.26957567066928e-42,1
"19821",2.85064849915178e-22,0.28150616482704,0.0697956921697448,9.0894022206626e-41,0.648200363077909,0.000348013689308464,0,0.000149766235997523,5
"19823",2.99142187559582e-20,0.00303211999502513,2.01309822657688e-05,1.71526140649684e-54,0.996928150736572,1.63732178272796e-05,0,3.22506831014375e-06,5
"19825",1.30825185119497e-12,2.03797938567863e-17,2.17664692210971e-11,9.70432194854987e-48,0.999999999976925,3.26011851390165e-28,0,2.63408442286623e-38,5
"19827",3.63665539678157e-22,0.403533641895169,0.00581180517887038,1.0685839460735e-12,0.015207721567431,0.00506051397259358,1.20520704810524e-80,0.570386317384868,8
"19829",0.000407751848788793,8.42085240249727e-10,0.496802904471308,4.57036591063519e-25,0.502789342837818,2.93918244828209e-18,0,2.81827152025449e-22,5
"19831",0.0184948918412529,3.01905958610202e-17,0.000275079770965301,3.11096804512658e-86,0.981230028387782,9.68266050000371e-25,0,5.98501637486154e-46,5
"19833",6.9888043150268e-24,1.21002191042763e-38,1.56062420937343e-38,6.17626643600102e-69,1,8.08820131065727e-22,0,8.99004848628084e-61,5
"19835",2.85064849915178e-22,0.28150616482704,0.0697956921697448,9.0894022206626e-41,0.648200363077909,0.000348013689308464,0,0.000149766235997523,5
"19837",1.09643140865337e-21,0.509861135642155,0.0812387729297493,1.30436436268555e-19,0.00606474102982926,0.00274949405972799,1.3275609062359e-98,0.400085856338538,2
"19839",1.25238872867007e-06,4.24821147736455e-10,0.0130901165329732,1.1170581928836e-45,0.986908630653477,1.46084073734841e-18,0,2.64210815626603e-30,5
"19841",2.8293135566767e-17,2.91761936401874e-15,2.31758509473982e-16,1.71692392843688e-06,0.997277558956693,0.0027207241193753,3.2097904289124e-152,4.94809655138143e-16,5
"19843",0.00668559913307422,9.55549087079303e-19,4.83231609062373e-07,6.1204778387875e-104,0.993313917635317,8.12697322569747e-19,0,9.0180508012671e-43,5
"19845",5.22596312382219e-36,5.39884567666156e-08,8.7920889096229e-12,5.02196426494401e-72,0.00120610654663308,0.998788557250754,8.36667894669317e-25,5.28220536389104e-06,6
"19847",3.94508685308907e-19,0.816344229601562,0.0683493507003147,2.13694938874914e-76,0.115272027381348,3.43831394220059e-05,0,9.17735339013946e-09,2
"19849",3.03223068271879e-32,9.51420638780976e-16,3.27876248586449e-20,1.26022535191884e-79,0.00208807961286328,0.997911920384569,9.61675525433217e-94,2.56699940522646e-12,6
"19851",3.93205367179653e-32,0.000134597303145972,1.50527008626054e-06,3.72739253152089e-53,1.71187730370926e-06,4.38128081887904e-05,0.992589553914525,0.00722881882675027,7
"19853",2.9993669345167e-42,6.02637664552961e-11,7.70013406952587e-15,2.56023746044023e-56,0.00947724578510497,0.990518367197087,1.81435305744053e-15,4.38695753459107e-06,6
"19855",7.74579025143173e-37,0.00103793058805906,1.32110672888558e-05,8.81530001184917e-35,0.0294907329600926,0.00201720154893545,2.5083164659899e-174,0.967440923835624,8
"19857",1.88713043892244e-21,0.646337349404878,0.266929754327975,7.32785479179309e-33,0.0864641389282423,8.77527890420017e-06,0,0.00025998206000066,2
"19859",2.22645154662977e-23,0.952279465775672,0.034628082187338,4.70022104690253e-32,0.0129596575001568,0.000131899338587458,7.16296064212084e-190,8.9519824559126e-07,2
"19861",1.02599515786261e-32,0.00247386454057225,3.79688857148409e-06,2.8500667860614e-65,0.0038828847094541,0.600697083988415,1.9447744931408e-87,0.392942369872987,6
"19863",4.0476023037177e-35,1.23087139849551e-22,2.75119743745886e-27,9.12712303232996e-36,0.042494844547176,0.957505155452824,2.70969458070019e-234,2.61320710120346e-25,6
"19865",7.44278614625918e-28,5.7435538297518e-05,9.50142555957969e-08,0.943271117170514,0.000413728949291125,0.0547462371160297,3.10496522927305e-33,0.00151138621161245,4
"19867",1.18028403647271e-22,0.798371915763296,0.00959226254358809,3.56039809966329e-77,0.0348067368433061,0.00608960574276344,2.24662798915379e-168,0.151139479107046,2
"19869",1.05306499754649e-39,1.5207912408795e-12,3.00239604321782e-16,6.56478281084759e-58,0.000272242421503251,0.759290519798081,0.240436923427829,3.14351065886088e-07,6
"19871",1.50432340066239e-20,0.788959514939687,0.178565582895806,6.4427274430907e-19,0.0102200399259922,2.1035438900519e-05,1.75635834940141e-171,0.0222338267996146,2
"19874",6.14101201156365e-32,0.0254212240971511,1.1801391771986e-05,3.15505165450027e-11,0.0035698546846986,0.97059586458242,4.19995846271148e-52,0.000401255212408209,6
"19876",2.87538075106534e-42,2.71653257412659e-08,2.36114236164287e-10,2.25192522034272e-18,1.67443005322769e-07,3.74167941150175e-05,0.999573002638047,0.000389385723392288,7
"19878",5.33139636171691e-09,0.0023873827428014,0.135631583642505,2.50251651156547e-67,0.861981028282712,5.85550538130191e-13,0,1.90865480228406e-35,5
"19880",2.41969561042507e-35,2.1422051034642e-09,8.58537442958217e-13,0.732543231862951,0.00044560143726948,0.260911405702318,0.00590932902642095,0.000190429827976692,4
"19882",7.72700579049702e-34,0.000194108447935971,1.26975447632921e-07,4.94515663101419e-59,0.170284074586985,0.829521688905288,3.57740385004735e-129,1.08434357589726e-09,6
"19885",1.22625205540045e-19,0.443042339377136,0.513042310999264,6.22280365665212e-32,0.0117216383538697,0.00810786067879588,4.51483482495204e-57,0.0240858505909344,3
"19907",4.167569680298e-25,0.294803633929668,0.00249743058950608,5.60928377221655e-76,0.659017997131582,0.0272360838605609,2.4097249885082e-145,0.016444854488683,5
"19909",0.00150082744517287,1.10111343635801e-08,0.927393056412082,8.60699204303965e-61,0.0711061051312773,3.33828383341958e-13,0,1.05328258929006e-21,3
"19911",1.06641615188821e-05,1.34227438541758e-07,0.458004983505897,3.61563360623334e-48,0.541984218105146,6.58401915069015e-17,0,1.69078965486648e-26,5
"19913",3.64110137607719e-28,1.13430796108995e-14,7.66280285820117e-19,0.998251476993185,8.86062149849653e-06,0.00173966238296982,1.05874710564982e-136,2.33515161260433e-12,4
"19915",8.61188590731427e-34,0.000154101139826413,9.57797035253607e-07,1.86626975848435e-12,1.44714636703879e-05,0.00121545378059418,0.863106618463546,0.135508397353461,7
"19917",2.74415752179721e-22,0.357177299630475,0.00574685156643199,1.28814245252126e-09,0.626991366366028,0.0100415824131136,0,4.28987358094984e-05,5
"19919",3.01735155601891e-26,0.893685904043009,0.0190061371414482,2.97913820637635e-15,0.00670503864490522,0.0571163313540944,2.33607184965956e-137,0.0234865888165398,2
"19921",1.596837513401e-26,0.306148539413042,0.00590750318802614,2.77404226795104e-60,0.00151284457624834,0.052218041436114,9.95783030277317e-22,0.63421307138657,8
"19923",1.07119854564158e-13,0.423294837597691,0.0743073138187996,1.10670917101164e-83,0.502397483580931,3.65002471879941e-07,1.25527688404453e-301,2.32970059228754e-20,5
"19925",2.59492677160036e-28,0.0941864194726497,0.000289522849138311,5.05641111612261e-05,0.0125111074596486,0.645665063168833,2.00581553353218e-67,0.247297322938569,6
"19927",8.28574208739319e-30,0.0431562416381741,0.00107391558419006,2.1412505544665e-43,0.000489907996352023,0.00237357341874896,6.14284317547506e-182,0.952906361362535,8
"19929",3.26050163690448e-37,3.1199611348979e-22,4.76724778563299e-27,1.58242428676815e-17,0.0007490912650791,0.999250908734921,7.13634219993267e-209,5.49456606197166e-19,6
"19931",2.587443194945e-23,0.85893855653891,0.021650849427967,9.8002585478097e-32,0.00224939650814475,0.00851265966811556,1.65765433853607e-50,0.108648537856863,2
"19933",2.03153919097428e-07,1.59857520597606e-05,0.990885124458173,3.63414124764936e-35,0.00909868614263951,4.93068635656479e-10,7.62438094912736e-76,1.39530041452066e-13,3
"19935",4.94169239504376e-15,0.279439119438089,0.679138459654146,3.11107558819519e-43,0.04057730573454,0.000845106790210206,5.85906377948216e-119,8.38301012884979e-09,3
"19937",6.44041492344904e-26,0.0019335266920713,5.43477483445811e-05,2.81461800183364e-56,2.07248075739489e-05,4.20814289464118e-05,0.994869197462879,0.00308012186018525,7
"19939",1.03320912802404e-24,0.931778690115925,0.0553478453679853,1.24831180388645e-39,0.0128486634713535,2.45431002823788e-05,3.80277618334639e-154,2.57944454322962e-07,2
"19941",0.000131604642544392,5.14827722504989e-10,0.0119438608121785,7.08920596296277e-38,0.987924534030427,2.24101883385209e-14,0,5.23775271960531e-26,5
"19943",4.41208558303474e-30,7.01597001928116e-08,7.74122312126645e-12,0.996587065060544,1.703393406293e-05,0.00336914215594114,8.44447564177606e-39,2.66886820106503e-05,4
"19945",4.63062821410103e-07,6.15084157218712e-07,0.981630329640352,1.48618889507068e-48,0.0183685922119227,7.46913303659271e-13,0,1.63869349011638e-19,3
"19947",4.24745148570485e-14,2.04943217228913e-10,1.90650481851173e-08,6.68736200884805e-18,0.999999980729966,5.59355857083862e-18,0,1.6424790385157e-16,5
"19949",1.69542110581189e-10,0.0235730042269847,0.838375677167031,9.61318805416432e-67,0.13805131305356,5.38288180256147e-09,1.58769168992612e-198,1.26548147596793e-18,3
"19951",3.70960984850623e-22,0.923081626147037,0.0295530505543852,1.26614687437042e-15,0.0468996110686624,0.000465708400859685,0,3.82905431080546e-09,2
"19953",0.00516440424719571,1.47631993015649e-13,8.34996193978478e-05,3.76413685168314e-92,0.994752096133259,4.21878458817483e-17,0,3.33190799703232e-34,5
"19955",1.82138754692944e-05,5.65861736218849e-09,0.0736798616527627,1.70553218045145e-89,0.926301918813151,4.46340602753469e-21,0,4.9020247215346e-42,5
"19957",1.12244102991578e-20,0.00185546704785429,3.1520844293803e-05,1.90756605209686e-23,0.998113011502633,5.96373679027601e-10,0,8.84535385467928e-12,5
"19960",7.28983690029096e-05,1.75353626833936e-09,0.275080890844378,7.19910189936833e-40,0.724846209033083,4.23983744495261e-20,0,2.26753102045422e-25,5
"19963",4.1348932550164e-22,3.58377586495829e-27,2.75653576860774e-28,4.02844929717636e-32,0.999999999999987,1.34376926042002e-14,0,1.73497559870353e-36,5
"19965",0.00321366320158998,1.75184954654765e-13,0.336334745093424,7.32821763908815e-93,0.660451591704811,1.13184658582425e-26,0,1.67523322113699e-41,5
"19968",2.05176114600345e-17,1.90312850488597e-06,1.99573800677129e-06,2.42231133781489e-22,0.994278221405243,0.00571781432982096,0,6.53984239074151e-08,5
"19971",9.52968060521435e-15,6.96918807007632e-22,1.39776988758586e-20,1.60024969855331e-12,0.999999999955335,4.30555364230826e-11,0,9.10309537030158e-29,5
"19973",3.86166211600296e-29,0.0678355133590658,0.00529416148243297,2.68662183646025e-27,0.000568400127876148,0.0340949356707248,1.80719881658623e-55,0.8922069893599,8
"19975",8.42498638953163e-26,0.0327603279343062,0.000559661544818811,0.000250965386501898,0.0150880414809103,0.913951246371393,6.89567646422496e-63,0.0373897572820698,6
"19977",1.18176716728693e-21,1.74217509325617e-10,1.40999343627393e-14,2.72531517132236e-29,0.99826945353147,0.0017305462942988,6.81101682013108e-292,6.26058077883627e-29,5
"19979",0.97084548515081,3.65848936903436e-24,0.0140401435610451,1.77683361241617e-38,0.0151143712881451,2.5063957539989e-25,8.82039180063398e-102,8.68289461143621e-46,1
"19981",4.29086096448007e-18,0.311642401604424,0.664831512406346,2.26895667578408e-47,0.0235228637066281,4.25656022333648e-07,0,2.79662657978042e-06,3
"19983",1.23359232274194e-18,0.476040192174163,0.506766530774387,6.68913932697514e-56,0.0171916173308448,4.18252497489594e-09,2.45357374195718e-262,1.65553808025136e-06,3
"19985",1.35761619659666e-35,0.00377035015364551,2.29454311792731e-05,2.94587926444463e-07,0.00588583361542537,0.72999868530051,2.7226676519585e-51,0.260321890911313,6
"19987",7.38624040665379e-14,0.0195984408764457,0.945625448399284,2.63541578880477e-25,0.0347759803091283,2.19007974761418e-08,0,1.08514271012006e-07,3
"19989",0.847198268855385,4.03427479911687e-20,0.132389494009247,7.34213445824396e-66,0.0204122371353684,1.9929803118234e-23,4.23149519517579e-67,2.4991631130806e-40,1
"19993",3.12902260768795e-11,0.00274400126273589,0.967306345821572,1.3357389427773e-33,0.0299496523325221,5.51878753878446e-10,4.13057410163816e-214,6.62761081860874e-16,3
"19995",7.94620777059923e-09,0.000311606343536066,0.961328249648163,1.16353333864931e-37,0.0383601268550721,9.20702128684089e-09,3.40934797638416e-264,8.30203767012411e-19,3
"19997",4.82761007973318e-31,0.61962994253683,0.00960474307783698,8.16806913458696e-27,0.0105529394746845,0.0354392572395038,2.33368524897404e-218,0.324773117671145,2
"19999",8.93274399935881e-39,9.55981041224609e-05,1.50617427360651e-06,8.36779882300892e-23,0.000153749100269924,0.048193015346435,3.1555493387373e-13,0.951556131274584,8
"20002",1.06634785011356e-21,7.30827670366508e-23,1.23547135355566e-24,4.37905747972964e-30,0.999999977550294,2.24497061672889e-08,0,8.14076977395949e-29,5
"20004",4.17163780305369e-06,1.71945604565079e-06,0.767554225871875,8.31124932680495e-43,0.232439883033175,1.10165270286791e-12,0,5.99317967891396e-19,3
"20006",6.30681695784925e-10,4.4480431069328e-08,0.00167401466833666,1.59945583073803e-57,0.998325940220551,4.06629572733918e-24,0,2.73727579109211e-29,5
"20008",4.82748681992368e-08,6.46642122549865e-07,0.0180328801698688,5.35295981702615e-67,0.98196642491314,1.49495798627612e-20,0,2.88347872571812e-37,5
"20010",5.18746073584912e-05,1.85273519353795e-07,0.933174415771093,1.47762876010828e-58,0.0667735243473458,6.8347394011776e-13,1.75580403944321e-283,1.20014591401427e-26,3
"20012",3.79461789749854e-29,0.000281263804350213,6.27952911910281e-06,7.98568171782994e-27,0.998746100315953,0.000966351382877446,0,4.96770055822212e-09,5
"20015",0.812140199961811,6.20228500164695e-17,0.166688015098427,1.16595647524729e-63,0.0211717849397618,5.30643849241984e-19,1.00068658369539e-80,7.44813295711262e-40,1
"20017",3.28428994661204e-34,0.00422940007135464,0.00011066397095097,3.25604764758423e-28,0.00247481964892742,0.00797194854711573,1.02146425911374e-66,0.985213167761651,8
"20019",0.928790226907217,3.25344473000299e-27,0.0107401859301619,1.46844802679784e-59,0.0604695871626214,3.58819188563964e-30,0,1.61389808918205e-57,1
"20022",0.000553445300412347,2.52781227896741e-10,0.980318547882298,4.8600545508475e-52,0.0191280065645072,1.49088880212863e-15,2.17261161558558e-272,3.3847739998987e-26,3
"20024",9.81485568139163e-05,1.10665074981966e-27,5.29899006237555e-10,8.22824397240809e-85,0.999901850913287,1.32962870260252e-33,0,1.64155970092521e-56,5
"20026",9.81485568139163e-05,1.10665074981966e-27,5.29899006237555e-10,8.22824397240809e-85,0.999901850913287,1.32962870260252e-33,0,1.64155970092521e-56,5
"20028",2.06294639764704e-35,0.0010952517629364,7.9167149843597e-06,3.675035118136e-18,0.000916116138883024,0.00800442504457891,7.73490220283036e-39,0.989976290338617,8
"20030",0.707279496717139,5.37406757761712e-16,0.0341399316825105,3.19580120194205e-40,0.25858057160035,1.55525274910122e-17,4.93837848370993e-292,3.27737850313953e-34,1
"20033",1.06752417107104e-21,0.535944980498828,0.319854853436491,2.10451471399999e-19,0.120109748274164,1.46041442908163e-05,0,0.0240758136462264,2
"20035",0.888067460430465,8.38994199146692e-26,0.00941492123021052,6.92398750468192e-64,0.102517618339325,1.31942323593608e-31,0,1.55133518039751e-53,1
"20037",0.963264144937148,1.20133338874024e-23,0.0186999894681924,1.03814252609159e-81,0.0180358655946598,7.34637884655283e-27,0,6.75044138704745e-52,1
"20039",1.13605166560502e-07,6.23264558114127e-31,2.12903042172081e-20,2.92983262943153e-90,0.999999886394833,2.80808248171332e-20,9.27630624406527e-297,1.52712431573919e-48,5
"20041",9.04918755528066e-15,0.032653203457523,0.5341714844359,9.17908966948054e-52,0.433175312106568,1.71150327787576e-18,0,5.21452502126425e-20,3
"20044",9.08812976156607e-14,0.00128837516721956,0.0255448714832249,1.14650634929793e-43,0.973166753349465,2.14560246629606e-18,0,4.85588907893666e-20,5
"20047",0.440556085990581,7.83764079678692e-31,0.000295032066703697,1.09500602698401e-47,0.559148881942716,7.67486178315595e-30,0,3.25979774699041e-59,5
"20050",8.8961673163854e-05,2.23724361671085e-06,0.11194344959791,3.93713773372667e-50,0.887965351464937,2.03722019338805e-11,3.79223438776305e-186,4.19488011626904e-25,5
"20052",6.66206531671736e-17,0.365285821683189,0.58277269328742,4.85682508819876e-26,0.0519311979577174,1.01394964136809e-05,0,1.47575259791408e-07,3
"20054",0.0151846883863544,5.19019794877944e-12,0.908950995555634,6.91005591127654e-46,0.0758643160528206,8.76723725888655e-16,6.98643415009375e-291,2.21630971684291e-25,3
"20056",1.17594966922152e-15,0.000177615040437215,2.07952069488742e-05,6.83151967421848e-05,0.999718911688319,1.39336785019558e-05,0,4.29189049281398e-07,5
"20058",0.89466490073774,1.12078178080595e-19,0.0874106513968563,1.3870654740164e-78,0.0179244478654037,1.23537029055119e-22,1.25375251480778e-170,7.0331578685177e-42,1
"20060",1.66729367088255e-21,0.537347509575719,0.403326529559717,3.6616288155534e-46,0.0553893516240121,1.1484218082327e-07,0,0.00393649439837079,2
"20062",1.97165086021269e-19,0.515470384017975,0.466920836939539,4.04536015058316e-46,0.017554372277944,5.43612560241403e-05,0,4.55085177589558e-08,2
"20064",3.74370217445247e-05,2.61188537099259e-08,0.987084027328143,3.22655429050029e-31,0.0128785094065399,1.24718587210741e-10,2.28940080323709e-170,3.68560224417303e-18,3
"20066",0.899586189211226,2.94161147383884e-23,0.000172368994555139,1.65777272250759e-48,0.100241441794219,2.6375120345927e-25,2.6788244066789e-219,5.99337028410787e-43,1
"20068",5.27331906210982e-30,0.81462832028301,0.0160319940636483,1.03700004497674e-54,0.0164910870069273,0.060291792683999,1.33258684148263e-157,0.0925568059624154,2
"20070",4.65195085800337e-27,0.921135925627845,0.00658398347410684,6.94429393963294e-60,0.0720072000988335,0.000182769683731555,0,9.01211154829655e-05,2
"20072",0.012645981368326,1.57547255149613e-12,0.0278211243950012,3.81508248047931e-97,0.959532894235097,2.30648618776061e-18,0,1.32941442625038e-29,5
"20074",1.57649136314116e-34,3.73754644528227e-17,5.3065126630507e-22,4.60039084092664e-06,0.00192085758148785,0.998074542027671,2.75245792768906e-76,3.89344898626439e-16,6
"20076",4.79950798244149e-17,5.31641205489685e-05,8.6558126133266e-05,4.03280232520244e-24,0.999838036461459,2.22346901536427e-05,0,6.60170510795026e-09,5
"20078",1.60433744345919e-06,2.15361923531104e-08,0.977488187819961,7.61728071788184e-60,0.0225101863064028,7.09112525948497e-19,0,6.62788641220587e-27,3
"20080",0.945838305981543,1.72167990691616e-23,0.0491862613527185,1.44787019600779e-50,0.00497543266573849,2.78305017497584e-25,2.78862983221972e-87,4.28337031899471e-47,1
"20082",0.00276740092814077,1.58689998117712e-20,1.72155165727358e-09,9.59852267341453e-63,0.997232597350308,1.07980818038649e-17,9.94420030977884e-230,4.2462681112868e-37,5
"20084",0.000126257306298812,9.55506725206019e-09,0.480709893057814,1.38229206541541e-38,0.51916384008082,6.06564512710189e-17,0,1.13059172524045e-26,5
"20087",1.5224345183993e-06,1.69124877186425e-07,0.971805276787199,1.58002037698246e-81,0.0281930316534051,3.80238737289951e-16,0,7.62226749931327e-26,3
"20090",0.916247461863746,1.45407095203019e-17,0.0651931604342523,2.56125696056864e-56,0.0185593777020017,1.9031052736031e-22,1.24831827276499e-137,8.91740669285426e-45,1
"20092",1.25940507217048e-13,7.1685296749395e-08,7.99388300473739e-07,7.74680138578811e-115,0.999999128926276,7.09570646154561e-16,0,5.700868629148e-23,5
"20096",1.31694122230389e-17,0.000135480779685758,0.000458107244120674,9.55998391246389e-72,0.999406411976194,2.27554185355945e-17,0,2.96511248990746e-23,5
"20098",1.36518903483232e-24,0.338708534948577,0.0381779416902564,4.56085475216104e-18,0.025579346403098,0.000236109415952385,0,0.597298067542116,8
"20101",0.119975774839654,1.63771804532663e-15,0.716863932741159,2.20890123231359e-32,0.163160292419185,5.83556865361343e-22,0,8.29616150365872e-35,3
"20104",2.83872934642175e-32,1.48096051191649e-15,8.98431212301434e-20,2.20357659460891e-74,0.999999997803797,2.19620124096404e-09,0,2.75866236841174e-23,5
"20106",0.0125818959454365,8.46636344943814e-12,0.971326213030748,1.57799199302589e-29,0.0160918910153377,1.12213753040019e-14,2.97804659179235e-71,4.23350811392507e-27,3
"20108",4.32310289677501e-24,0.656002165804934,0.0291358614764577,5.91723344377642e-26,0.00895607813029298,0.0015725907510369,3.05794467449025e-129,0.304333303837278,2
"20110",7.3728960164018e-17,0.0552722801834571,0.0023877276068358,3.7229388419094e-39,0.942339639872413,3.52337289304878e-07,0,4.56132869199859e-15,5
"20112",3.23094667556236e-05,1.59274187940613e-08,0.957206240627051,2.51562708670892e-51,0.0427614339787747,3.5888111081009e-18,0,1.46970686507046e-27,3
"20114",3.18805200132901e-05,2.38658739278363e-06,0.703471079631169,2.54887421463418e-27,0.296494653203466,5.79588806704858e-11,6.86042096366266e-285,3.39430867627608e-19,3
"20116",0.000353782608874814,2.25900647911856e-08,0.68758946214294,1.46384489617396e-22,0.312056732631307,2.68138223445317e-11,0,1.44057813328201e-19,3
"20118",1.09213089165423e-13,0.0423007624800804,0.934030360132202,5.97040184764824e-21,0.023667347820555,1.43792370631415e-06,0,9.16433474807968e-08,3
"20120",0.00356439650031185,3.59333662106919e-10,0.871357256027485,1.06885807442315e-31,0.12507834711287,1.36916226631935e-16,0,4.73961682970543e-23,3
"20122",4.34643611743144e-24,0.000236325609735197,8.07682830672141e-07,0.627414120665468,0.129565909575178,0.241190120257869,7.59296402764369e-126,0.00159271620891939,4
"20124",0.198172979131122,1.26357630665577e-19,0.329334346315147,4.74755075339552e-88,0.47249267455373,2.08925148571093e-30,0,1.96688148266976e-47,5
"20126",8.18380118401831e-11,1.65505763060812e-29,1.0141816515403e-18,5.28272511304816e-75,0.999999999918162,1.12896747913613e-32,0,7.85665816271397e-52,5
"20128",1.64590080502816e-05,3.2388709681383e-39,3.31712906010537e-14,6.42312387796067e-80,0.999983540991916,2.2652609200496e-35,0,5.76346388871964e-72,5
"20141",2.31397018977903e-28,1.43439128922023e-06,2.06850605972259e-10,1.87165547571067e-34,0.999990588167352,7.96655145539744e-06,0,1.06830526323579e-08,5
"20143",4.75862911335111e-33,1.36448050295229e-17,3.35747525198408e-22,0.990819888619106,6.50631289798066e-06,0.00917360506663933,8.85011917490742e-27,1.35696051948143e-12,4
"20145",0.00263215283986917,3.21198531381118e-10,0.977402689443171,3.95401911818011e-41,0.019965157395156,6.05699224880649e-13,9.71284396098661e-63,1.65056811389657e-22,3
"20147",0.00211887087221901,4.70634555497093e-12,0.987291106312483,1.08689223235918e-40,0.010590022810591,3.20570437046026e-16,0,1.12418995254015e-26,3
"20149",1.53037006063338e-29,1.3846961685825e-05,5.65252967561071e-09,0.00500938054374699,0.207451497257934,0.787446887719424,0,7.83818646800766e-05,6
"20151",1.6605904166795e-25,0.102344577547068,0.00728700959618898,7.4284138659368e-17,0.00109476173956411,0.000870316756474617,2.33795917743799e-46,0.888403334360704,8
"20153",8.78322123201266e-18,0.419828362414234,0.00348337729183275,1.54898397546751e-13,0.421189712235956,0.0622322076260383,1.76405071859734e-22,0.0932663404317837,5
"20155",0.00248707797415738,6.72038396288831e-13,0.983129201698993,3.71572418664213e-50,0.0143837203261776,1.13715633177178e-21,0,5.15327937696051e-34,3
"20157",1.88585121944465e-23,0.235043070613905,0.0181129330332538,7.21342043664524e-15,0.277206400021995,5.53104098539765e-06,0,0.469632065289854,8
"20160",4.03764176028339e-31,7.98098161945886e-15,5.1533025277666e-19,0.999147142704978,1.87154409232902e-06,0.000850985703917144,2.61858315630593e-59,4.70048017139594e-11,4
"20162",4.37845955072914e-35,7.19295887607612e-08,3.93376675824471e-11,0.302766543447107,0.000246007407230764,0.140255960878079,0.553371721224527,0.00335969507412969,7
"20164",1.30380719262279e-22,0.304401334802095,0.000704107695354907,2.62827364988306e-15,0.651688004547369,0.0432064913861689,7.5282759158383e-279,6.15690095155321e-08,5
"20166",0.106557049569837,6.13102223832829e-17,2.41000283470147e-05,1.69416054693516e-43,0.893418850401771,4.45119167061453e-14,2.30720810006258e-118,3.47249792877172e-37,5
"20168",5.56170006132343e-13,5.00848692331645e-21,2.76492721027975e-19,1.96592837284957e-60,0.999999416501649,5.83497795070348e-07,8.20347327351755e-217,2.42848354396949e-38,5
"20170",2.10734324812167e-26,0.090045603343286,0.000600453996144745,1.4515509628407e-12,0.00133584087370853,0.00948925059300801,2.16182316852265e-141,0.898528851192401,8
"20172",0.0127678032601297,1.21219970485086e-11,0.976604023808397,4.03261482592638e-64,0.0106281729193449,6.26430545262862e-15,7.35308530105077e-55,1.08246999004209e-24,3
"20174",5.57223600884514e-37,5.70801548163059e-06,7.51352251383557e-08,2.88923370629578e-25,0.0648582554706445,0.891185116817042,1.8087813402415e-76,0.0439508445616067,6
"20176",5.37505637223473e-17,6.52483816137578e-15,1.42079999328182e-13,8.10923566926926e-79,0.999999999999777,7.48534523754263e-14,0,1.80633499620111e-25,5
"20178",5.29069357779623e-31,3.2283760175645e-16,9.92479800334503e-21,0.999642773241704,5.60809519178178e-07,0.000356665947365684,3.54869280674605e-31,1.4107757481407e-12,4
"20181",0.554825055763656,4.771543275802e-15,0.0406684222142573,1.53312310835373e-21,0.404506522022081,1.27262593959887e-15,1.24377457402931e-160,1.66518424384095e-28,1
"20183",3.84411087587937e-17,0.711897113851058,0.255976031244105,1.74628695175644e-60,0.0304002008930204,0.00033777226405346,4.6373491247583e-180,0.00138888174776373,2
"20186",4.44474951170312e-14,0.615384661729644,0.0456273614797657,3.06298968217293e-96,0.325969492811653,0.0127901603745204,3.7762247486968e-88,0.00022832360437318,2
"20188",3.67551876214742e-31,2.18106123934561e-10,2.92975046507019e-14,0.995361697372566,8.08534445258196e-05,0.00455701752826778,5.54178488173231e-64,4.31436504804222e-07,4
"20190",0.866685930749849,2.63724127981155e-18,0.127446778289522,6.41065060585621e-54,0.00586729096062826,2.59976422608171e-21,2.45644849243156e-94,1.5871584117716e-38,1
"20193",9.38513462162592e-17,6.11935852110967e-16,1.88793636353576e-15,2.8123483870766e-23,0.999999999975187,2.48110730674544e-11,0,9.48169036624341e-28,5
"20195",1.3108174175524e-19,0.660752537810848,0.133492039374144,4.5992722885535e-12,0.205684648175168,1.51029989430139e-05,0,5.56716362978478e-05,2
"20197",0.00122194506353283,8.06735035533984e-12,0.981583955333439,1.25769417003819e-64,0.0171940995949607,2.35514289751411e-18,0,2.65363828527509e-29,3
"20199",3.22832464137283e-31,0.00656189550582584,5.17134147938819e-06,2.16773108592249e-06,0.0133637192888974,0.766647785936738,7.37801128170555e-79,0.213419260195973,6
"20205",5.12843056343989e-08,1.47443789825659e-16,7.7466087087457e-12,4.02334447132696e-82,0.999999948707947,5.5192555370677e-16,0,3.90880956108631e-32,5
"20208",4.41393701723733e-21,0.299720344010451,0.615935136946068,6.74471044381654e-36,0.0843181749808856,8.61331731138333e-08,0,2.62579294219902e-05,3
"20210",3.9114396370173e-32,5.02642235775851e-05,7.44281359731149e-08,0.0359583859635887,0.0033192069228046,0.344113958236336,1.83318058444584e-19,0.616558110225557,8
"20212",3.17340377807229e-23,0.529504664450033,0.0158161197564865,5.78347431641106e-13,0.446092799708083,0.000816447968831337,0,0.00776996811598777,2
"20216",0.00225012839601547,5.28826028407835e-12,0.978364505142641,1.34444056514996e-38,0.0193853664560547,7.20605981768674e-20,0,2.37121658532441e-25,3
"20219",0.000465250840263639,3.81726739166563e-09,0.345553460691777,2.93204097759585e-59,0.653981284650692,6.12826902464706e-18,0,4.46806115176729e-29,5
"20223",0.0305126484899055,2.52747505770023e-23,5.30824596804168e-08,1.79185725145032e-105,0.969487298427635,3.82265990189043e-21,0,1.23734289101312e-47,5
"20226",1.96253248185798e-14,0.372598518381663,0.556464845215521,5.57215984941034e-42,0.0709360948141407,5.41588655826257e-07,7.9282957491548e-172,1.09669708136888e-17,3
"20230",0.936300806562137,3.63432089475543e-21,0.0512478167446279,7.3306248386863e-64,0.0124513766932348,1.07781845162495e-25,0,2.71921325707336e-43,1
"20233",1.37940475304654e-26,1.39611971554347e-19,4.06654512002711e-24,8.00211499040831e-66,0.999995967255589,4.0327444110625e-06,0,1.94828108163054e-23,5
"20235",0.000107469736529702,2.61717462756828e-17,4.4623413551194e-05,2.28082275862907e-111,0.999847906849919,1.34852543498171e-29,0,2.33586363779071e-46,5
"20239",1.69362880870712e-05,2.56695584701385e-07,0.309683079777184,1.19363810947008e-98,0.690299727239144,2.42617101571261e-16,0,5.149733705401e-34,5
"20254",0.0317375747573838,1.50252756388736e-22,5.34312775836603e-09,1.82717742873949e-67,0.968262419899489,2.73330338741659e-19,1.1516438603802e-163,3.5838912677115e-41,5
"20256",0.137541619824628,1.43916045525832e-16,0.816195813269303,2.9052427478771e-77,0.0462625669060693,1.34036915244142e-23,0,7.27414534127535e-38,3
"20262",1.79508089218164e-27,0.00529428585829424,8.75867293351001e-05,8.99681643621019e-09,0.000149734078970968,0.00244421302989739,7.72328257166278e-20,0.992024171306686,8
"20270",3.20012131823373e-06,3.56072050481109e-09,0.018063555457597,3.29993626454548e-41,0.981933240860364,1.29383043936753e-17,1.846800626436e-314,2.71881839783816e-21,5
"20284",8.91142631372725e-13,0.00254746672158182,0.00926925626693453,6.57180209414638e-65,0.988183274715683,1.89376633031837e-09,0,4.01143475376626e-10,5
"20287",0.96861822459202,1.11907444540418e-24,0.00200636064222799,6.92819861545855e-79,0.0293754147657518,1.40484348242403e-26,3.59324560726867e-146,5.84204558235646e-57,1
"20290",3.04597611177057e-08,9.24598666209007e-10,7.38656263244421e-07,6.30435629764444e-54,0.999999229954647,4.73027843782938e-12,0,1.07698237882927e-19,5
"20293",1.49467651999806e-05,1.22737704881583e-07,0.987387427638368,3.35280812855596e-54,0.0125975028586159,1.11092817379484e-13,0,3.69914581568217e-20,3
"20296",8.46671943275481e-18,0.123056857686309,0.123759618540233,2.61006951094669e-21,0.589400281743588,0.163685555724072,5.35546405557302e-190,9.76863057978441e-05,5
"20301",0.385128070557177,2.59673142592443e-26,5.65406779374132e-06,1.14862132854063e-41,0.614866275375029,1.27784499620171e-25,5.49656874773447e-317,4.22670444005293e-57,5
"20304",0.00126368124599876,1.04024505681679e-18,9.1583179302256e-09,1.31719911702025e-60,0.998736309595683,1.17640677418988e-17,1.74432135638925e-190,2.95715496333268e-34,5
"20306",0.818585205606844,3.7688062231733e-20,0.102494571498137,2.6078670422123e-77,0.0789202228950195,1.60674473767002e-24,0,7.87483668296992e-42,1
"20309",3.42993244060437e-09,6.80096287588879e-06,0.981699820306633,1.94201412846457e-61,0.0182933753005587,2.35024489058587e-17,0,1.43172302942351e-18,3
"20311",0.000608080116091104,1.56531078169033e-10,0.870203231469517,1.26750456918845e-61,0.129188688257861,7.26597179307704e-21,0,4.32728904812531e-33,3
"20314",1.68612553928471e-19,0.490059299867587,0.179542760759099,1.79151361257223e-19,0.00892881933208038,0.00293089541302098,1.73797727696855e-64,0.318538224628212,2
"20318",1.03180902260394e-17,9.52872545397496e-11,4.42923381243092e-12,0.000322561082743054,0.999650726266603,2.67125388855085e-05,0,1.2052276147534e-11,5
"20320",7.18809911495404e-21,0.780795900984222,0.00227635434943259,6.28593987427288e-53,0.216734172633645,0.000193572032700153,1.92690721016946e-230,2.19245939310605e-16,2
"20326",1.51017224193437e-18,0.564392555145089,0.388577999787642,5.2938107632897e-21,0.0415868453819894,8.70371876146157e-06,0,0.00543389596651767,2
"20328",5.47201141789186e-22,0.972574939849715,0.00244486050142172,3.99518391107172e-63,0.00651319511644536,0.0184653632157673,4.50331317398355e-72,1.64131665028737e-06,2
"20330",0.000216722841915171,1.0100295464408e-08,0.582178878558366,2.18091974202101e-83,0.417604388499423,4.16325271742686e-22,0,7.35420422930662e-43,3
"20336",6.75315529537221e-07,6.69803164335506e-06,0.00513231599063711,1.49394204215973e-68,0.994860302689567,7.97258004194942e-09,6.73065267985086e-177,4.2573786107788e-14,5
"20338",1.07250193269253e-08,2.66831566892483e-11,6.73188420809312e-05,4.47239908457362e-55,0.999932670406217,1.03389965988233e-24,0,1.06321621236371e-29,5
"20340",0.925317133224433,4.38752114308722e-22,0.00559973639830761,4.14655347208433e-69,0.06908313037726,1.15667737903779e-24,3.95391322300935e-153,5.11219283849231e-51,1
"20342",6.1073684116257e-19,9.61100175414721e-26,3.47483917543176e-25,2.38664121260312e-84,1,6.44637390449886e-23,0,9.02640580315992e-55,5
"20344",0.00652792006524235,1.22394192060065e-12,0.963539589032185,1.64488438497484e-62,0.0299324909013492,1.70926366141148e-20,0,7.20589033163302e-28,3
"20349",0.79149465461952,8.18469520603637e-19,0.188672598406331,5.43818206601342e-74,0.0198327469741499,9.63651157957686e-22,4.17760755332537e-284,3.28730168582888e-38,1
"20351",6.42635121033927e-08,1.09451339402933e-06,0.950096813959809,2.32843470229881e-34,0.0499020272632849,1.85126917302318e-20,0,3.10969816301739e-17,3
"20353",0.0195839690110857,3.53800766800067e-11,0.683930775328362,1.57174837861441e-74,0.296485255625173,3.40444807990628e-21,0,1.49882478043771e-38,3
"20357",0.000241159181098746,3.06078134887688e-17,1.84969553203353e-09,5.41745689118865e-91,0.999758838969205,3.58250981274892e-16,4.94065645841247e-324,8.98563262911318e-36,5
"20360",1.50202211492094e-13,2.28888619637717e-19,2.35138658076699e-16,4.96994668352712e-103,0.99999999999985,1.72060464120353e-24,0,3.76282712706187e-57,5
"20364",1.12901505432648e-05,1.84255851865577e-07,0.983800132078925,1.00424315475727e-51,0.0161883935142786,4.00880039174879e-13,1.09909215821306e-148,2.68089045732425e-21,3
"20366",8.75793510599825e-12,2.46593665409764e-08,1.86730872574992e-07,2.33131098399574e-54,0.999999788598806,2.18773595007814e-12,0,9.01220753042861e-15,5
"20381",4.55528957634208e-35,2.374829574699e-15,4.83579458191243e-18,3.34756648502108e-53,0.999999996049432,3.95056573927123e-09,0,3.8828812041204e-23,5
"20391",2.70392131721506e-09,5.20973854907909e-07,6.95969394727715e-06,6.98508076090517e-123,0.999992410033659,1.06594617886409e-07,4.07919792800759e-289,1.11586205871368e-20,5
"20394",1.52591854482938e-29,0.929606887963983,0.033633880220285,2.02932736589854e-50,0.0357869167461302,0.000971891221351879,0,4.23848249897656e-07,2
"20396",9.26698746475229e-43,3.61958466009476e-09,1.49757780678341e-11,1.37556024210179e-38,0.00215977421984497,0.997833840602322,3.13619511222638e-17,6.38154327218584e-06,6
"20409",1.02001017261658e-07,8.72095136541744e-05,0.814189414280361,5.43612817955604e-20,0.185723274102406,1.02494033676653e-10,2.98848380184006e-155,6.69781936469611e-14,3
"20411",0.189418304926705,1.96006077994629e-14,0.625689540869013,5.06149850906354e-84,0.184892154204263,4.50875067809362e-22,0,5.83892669688009e-35,3
"20416",0.000911345508468445,4.28439153486016e-34,2.52935938509322e-12,8.77505665026521e-87,0.999088654489002,1.29460386288975e-28,9.28765940650352e-218,4.23318210332595e-61,5
"20418",1.04307076344216e-43,1.62071673183248e-12,4.75781517167165e-15,1.07377201570488e-32,5.19658877352681e-05,0.0263063023468588,0.973641374832802,3.56930978356308e-07,7
"20420",3.70825762225625e-24,6.50017885623498e-13,1.09119700153158e-16,1.93001188253443e-50,0.999999912750599,8.72485811581999e-08,2.76541154769877e-250,1.69796469704364e-13,5
"20422",0.0117018506001437,4.80645100082427e-13,0.912327853123853,9.15150791840057e-47,0.0759702962755227,1.26689265971186e-23,0,1.34914512485583e-36,3
"20424",0.0757618925584366,1.33677841366633e-13,0.862284421095503,1.63877197003432e-72,0.061953686345927,5.49557280954769e-21,0,2.23756043655258e-35,3
"20426",8.75147705267452e-18,1.16787401231348e-25,2.79338972567308e-27,1.10400345335065e-39,0.999998344936075,1.65506392537352e-06,1.28745967684944e-41,1.52024703998897e-30,5
"20428",2.82240643467635e-09,6.67875526041066e-06,0.964492640429512,1.93107975198921e-66,0.0355006779927846,3.69353590771859e-14,0,3.82883166656698e-19,3
"20431",2.48229968054842e-14,0.0695783105631388,0.314375894058059,3.5214256648208e-36,0.616045794930665,4.46995277502344e-10,0,1.11740365482601e-12,5
"20433",0.168828144861293,2.93064010309705e-22,5.43075274549754e-05,1.29127585220751e-83,0.831117547611252,1.0054598361233e-22,0,9.41945873003539e-48,5
"20436",1.12957963678379e-10,8.05076746385601e-18,8.88590066955457e-13,1.4110264605691e-77,0.999999999886152,1.49548582298434e-15,0,1.89016324825679e-30,5
"20439",5.51083994645943e-40,1.06016046136812e-06,4.689187277438e-09,3.86723021362375e-25,0.00649690691934828,0.993056440304734,1.48911847861853e-167,0.000445587926268933,6
"20441",9.9615181589235e-09,9.4206604464056e-12,6.22899866296724e-08,1.89510115050808e-62,0.999999927739075,3.31609115675111e-18,0,4.83622804032911e-28,5
"20444",2.73984888359654e-35,6.94911782297585e-14,2.42234409498965e-18,0.999045949016383,2.80341399153746e-07,0.000953767095370652,2.37127235073463e-14,3.5467539047456e-09,4
"20448",2.4832806382435e-16,3.39661968873456e-05,0.000118454355112703,1.14190056284585e-37,0.999847579447619,8.84807554746171e-14,0,2.92775294337613e-13,5
"20536",2.66364640596621e-26,0.0460364143733238,0.000122746240442445,8.45926984199975e-75,0.0874786585715875,0.811449128030338,5.46712929162033e-90,0.0549130527843079,6
"20538",3.22625822204626e-05,1.73512421591397e-08,0.000582807363253097,1.25926838035202e-79,0.999384912696202,7.0828094782428e-12,0,5.36153935781362e-23,5
"20541",0.959487169873017,4.87552617075836e-22,0.0186975575861449,2.31435060303745e-67,0.0218152725408383,2.57562828908787e-25,3.40933154154116e-189,6.54259945892768e-49,1
"20544",2.06921311733094e-12,0.00350923018395552,0.978383856704342,4.67463528469764e-36,0.0181069107415959,2.36401821968353e-09,0,4.01860026928365e-12,3
"20546",0.111054764586457,4.65654021906222e-13,0.864595259120782,2.59168138955269e-72,0.0243499762922958,5.05159542510748e-17,1.43382416881926e-236,5.19758111044405e-29,3
"20550",4.86731725872953e-12,0.0364758132426129,0.587725877395126,5.18120650364248e-48,0.375798309357345,4.83933764505634e-14,0,2.17488729056003e-25,3
"20553",4.95207467017955e-10,4.50283107898701e-48,4.70142157100586e-26,1.03917807156171e-49,0.999999999504793,9.44129616798671e-29,1.20732130529813e-171,9.31501592952232e-72,5
"20555",1.17963109649562e-20,8.28889491072563e-15,1.49558417761309e-18,1.98035483696152e-86,0.999731477871718,0.000268522128273854,2.30843766025921e-156,3.9944317265029e-20,5
"20557",3.53229596714803e-11,0.0106207029765248,0.586559569003306,1.16664934118058e-43,0.402819727980406,4.44082589788239e-12,0,2.20860741520683e-18,3
"20559",0.0798148967120063,2.70279715294739e-14,0.907832109912002,3.05181382490096e-38,0.012352993375964,6.14749063594399e-16,3.50481288591244e-67,2.63496483783422e-29,3
"20561",1.81194477285206e-23,0.260119760479202,0.00692281965216719,2.12373725571867e-11,0.00488284339952321,7.15502245617824e-05,2.63918494528532e-133,0.728003026223308,8
"20564",5.29069357779623e-31,3.2283760175645e-16,9.92479800334503e-21,0.999642773241704,5.60809519178178e-07,0.000356665947365684,3.54869280674605e-31,1.4107757481407e-12,4
"20566",6.13370998894786e-08,8.74877427401614e-06,0.967930169524882,7.82251489116113e-48,0.0320610157878103,4.57593383621926e-09,8.59856386623939e-185,1.47143183668326e-17,3
"20569",1.2213152185021e-33,0.000850817064033556,2.23587649521555e-05,1.86889387034181e-21,0.00151278621927634,0.000983912294758727,1.67953962948851e-84,0.996630125656979,8
"20572",4.0537995217195e-30,0.000438342338194222,1.10332029006072e-06,3.62681720048943e-09,0.0371630540904733,0.717851929171062,1.49612988076087e-151,0.244545567453163,6
