"","V1","V2","V3","V4","V5","V6","V7","V8","V9","V10","best$classification"
"19811",0.0572171094124655,0.000376513720756694,0.921302965253978,1.5150796028178e-09,0.0208922315602352,1.63230425213294e-05,2.88039310396852e-07,1.05319934578444e-05,2.01295249742328e-10,0.000184035260900362,3
"19813",7.0771684615738e-08,7.83487664068171e-08,5.67147312186584e-05,1.40025619959946e-08,0.999942648277508,3.0350880397042e-09,5.59299378846494e-09,2.86554637099067e-08,1.46892583755345e-12,4.36583245453329e-07,5
"19815",0.0232542848865441,0.00960370863063393,0.962933348983603,2.0623315045631e-09,2.02937187795468e-07,4.89064395192473e-08,0.000138308972708334,0.000885004737278098,1.60245936164361e-05,0.00316906528965695,3
"19817",0.390767378869507,0.00341307085328732,0.600884073005276,3.32097780813462e-10,2.59250045401438e-06,1.49611075984497e-05,4.75101548045549e-06,0.000114196655339145,2.40820567895975e-07,0.00479873484039193,3
"19819",4.09894382648095e-07,9.98685333774021e-06,8.45372482043685e-07,0.00562438660031347,8.43269892941757e-12,7.93290568801503e-09,0.246381569408503,5.04618571563498e-05,0.695692923372083,0.0522394087004041,9
"19821",0.570088726970542,0.000242311280450029,0.411171378820815,1.41304853950411e-07,0.0119515298581932,0.00178982777194612,5.27340995747766e-05,6.341132704646e-07,4.57506124970728e-09,0.00470271120529379,1
"19823",0.0520455041717269,0.000174744294939169,0.224397307970949,5.78286123441784e-09,2.78637404871207e-07,1.51474603789978e-06,9.00373517234427e-06,0.7209505673508,0.00108966644144925,0.00133140686866046,8
"19825",0.00181059954540303,0.00180381377159296,2.65815165779664e-05,0.227531477596794,0.000876286038085496,0.760165654916445,0.0037882230578179,1.84530376414395e-06,2.35510342071499e-05,0.00397196721931227,6
"19827",0.984815303637706,8.38244120891175e-06,0.00427180142630472,9.64141119712832e-09,2.36158909820726e-08,0.00991048781662523,1.30053991480106e-06,4.58270708913411e-05,6.29110952728689e-07,0.000946234699093426,1
"19829",0.000613289264634418,0.000122036558011071,1.4018893996211e-05,0.00329813851001703,3.58323460494801e-07,0.00124172151240619,0.0459296437773695,3.12707288728647e-08,5.16686098896464e-05,0.948729093279487,10
"19831",7.95295228043118e-07,2.12007021218594e-05,2.90155775952572e-05,0.0214719678135689,6.22077784779741e-08,1.46204204775526e-08,0.0760528109506055,0.0023830150536783,0.106919125884002,0.793121991895001,10
"19833",1.49278904091163e-07,0.00323592212978191,6.18328113658761e-08,0.000680647396906907,5.14182498009835e-07,1.6534690016156e-05,6.20693306700041e-07,0.884336965341028,0.111728171769772,4.12684974968903e-07,8
"19835",0.570088726970542,0.000242311280450029,0.411171378820815,1.41304853950411e-07,0.0119515298581932,0.00178982777194612,5.27340995747766e-05,6.341132704646e-07,4.57506124970728e-09,0.00470271120529379,1
"19837",0.935185840439019,2.36742660227448e-05,0.0485658083461047,4.74365752680015e-09,4.89213565927933e-07,0.000803225103383213,9.88608943599228e-06,7.74662061736908e-06,1.38630819109205e-07,0.0154031865473745,1
"19839",0.00071506716699226,0.000485192133110685,0.000119456038303919,0.583114823027699,0.000310179477353602,0.00764880132083473,0.0239591013692331,1.89985228292933e-07,2.35441881829366e-06,0.383644835062426,4
"19841",0.000112176787876818,5.98732467085967e-09,9.66086288428826e-09,2.56638207248212e-05,4.73332676258157e-06,0.999857006272866,2.26428900851364e-08,1.70491776457054e-10,1.56654456887709e-10,3.81173546393498e-07,6
"19843",8.60372266738776e-09,0.000887164600331762,3.34481416540808e-05,0.646241414681077,0.00524437204270652,1.4213429516353e-09,0.336043411347784,1.7884648977086e-07,1.1417160805162e-05,0.0115385831540861,4
"19845",0.00076609473402411,2.29894504911678e-05,0.194216053612871,4.52137855774977e-10,0.804979955645887,2.75749414426992e-07,3.6690813586152e-08,1.03657981350698e-05,5.7507994878711e-11,4.22780871843514e-06,5
"19847",0.00216029949000578,0.00168651147598332,0.989247171104154,5.10607772975236e-08,0.000715470085073235,3.9215043225231e-08,0.000116279028637037,0.00010751287619862,3.31601768497169e-07,0.00596633406235893,3
"19849",2.8420373230244e-07,1.23241191381507e-08,0.000120328976461659,1.01214102603141e-09,0.999879301249958,6.06451413364165e-09,4.92669175201578e-10,3.30540213892078e-08,2.50076769225109e-13,3.26221332561714e-08,5
"19851",0.0491828611988849,0.000323271329364892,0.949967709405742,3.79291585230172e-11,3.88009650753356e-06,1.97876697653818e-07,1.13770715894046e-06,0.000224997001121744,8.31437887073778e-08,0.000295862202804388,3
"19853",0.0624403126752035,2.78425061903973e-05,0.850171105147434,1.84968317108768e-11,0.00702279232252818,6.98036145872832e-06,4.23646032268934e-09,0.0803256104467967,4.34004424513801e-08,5.30888498930248e-06,3
"19855",0.544318788817539,0.000112036587808741,0.45393726589633,2.73134004385173e-11,0.000635919156041053,0.000150701880227016,3.43913521296802e-08,0.000548026429690588,1.02169403950452e-08,0.00029721659675705,1
"19857",0.29381693631718,0.00619979573672134,0.342099370732322,1.00271433105855e-06,0.0124610434911634,0.0018691467822838,0.000207783655435004,3.1766459638178e-06,2.60173995735972e-08,0.3433417179072,10
"19859",0.760522925203153,0.00234417440973422,0.182410756042696,3.168935263144e-08,4.13790383619061e-06,0.000654193881106553,1.87264322258116e-05,0.000492676577227411,2.56473297360239e-06,0.0535498131276943,1
"19861",0.00445710935402613,3.55487657907536e-05,0.968029268781394,3.1703165410296e-10,0.0273900969680909,1.46918955938403e-07,1.67323425620645e-07,3.37924474936538e-05,3.79229387930798e-10,5.38687445616514e-05,3
"19863",1.76181953574314e-05,6.54271701422951e-08,1.63083438089179e-06,5.5291342458815e-07,0.992897780282041,0.00708232851915752,1.37452891283364e-10,8.93042946273495e-09,4.12991213976926e-13,1.47601731873742e-08,5
"19865",0.10702643870968,4.59456992532184e-06,2.0025513901021e-05,1.93876659498664e-08,4.88729810143737e-07,0.892941728994154,2.38459689420519e-08,1.36806159764616e-08,3.93844221104319e-10,6.66617443420605e-06,6
"19867",0.00075861114904917,0.000381988587352385,0.998275508847394,1.07179238634378e-09,0.00037659966466492,2.11855722191154e-09,1.32128239507712e-05,2.94048515538647e-05,2.9987899001197e-08,0.000164640897785871,3
"19869",0.000268815887353992,1.29243150903259e-07,0.00633990958188358,1.32316181617163e-10,0.993388402778123,2.08721406722597e-06,6.56223949223087e-10,2.76419476221933e-07,5.69731011860527e-13,3.78086835201933e-07,5
"19871",0.858760405143511,0.000428592597834689,0.0355022568745106,1.70444179267854e-08,2.81741783866219e-07,0.00142953060018321,2.91421807358973e-05,6.9016259311258e-05,2.5218324494022e-06,0.103778235725262,1
"19874",0.931167357545443,0.00018665872818022,0.00296265143404647,3.20111780811104e-09,6.09101828570329e-07,0.0656324248678683,5.17358512671504e-08,1.54026737242853e-05,2.4518428135431e-08,3.48161935116114e-05,1
"19876",0.972359795609209,2.92876572313538e-06,0.0197829612066325,4.4975097047569e-11,5.3464391193626e-05,0.00778326734766749,4.20528155979051e-09,2.34350977401102e-06,1.13940917190946e-10,1.52348056020439e-05,1
"19878",9.88159733095507e-06,0.997407766553579,0.000393424108126997,3.67779366293107e-05,5.92576711493825e-07,8.52029753858692e-08,0.00211584081330512,5.30939721559692e-07,7.38977348104378e-06,2.77104981387144e-05,2
"19880",0.0673245778392951,5.70943233972362e-08,1.18535223548126e-05,8.93284283530565e-10,6.4422550959937e-06,0.932656567533065,2.11002518957431e-10,3.91025646418082e-08,1.69823413351702e-11,4.61532032295033e-07,6
"19882",0.0358476013846619,0.00256635765392672,0.819035099392529,2.91575219350007e-09,0.142401490752305,3.10517976471124e-05,3.81582079971327e-07,9.56607080092382e-05,2.15391435334336e-09,2.23516591743467e-05,3
"19885",0.248255582516359,0.00674994105404667,0.591554415201642,2.16198353349018e-08,3.27167092238124e-06,1.36764427750635e-05,0.000514212945300126,5.90470101046282e-06,4.68590444328694e-07,0.152902505257665,3
"19907",0.00227734293701914,0.000785993300068257,0.987849626999075,7.48658526505947e-10,0.00901273671532709,3.81531921371873e-08,5.01989827064464e-06,1.03048693224779e-05,5.77958107882273e-09,5.89305994861328e-05,3
"19909",2.34366161276381e-05,2.45869685695256e-06,0.000851760067214044,8.65279788419116e-05,1.00272424018591e-05,3.60022397131551e-08,0.0363416452761795,1.15057631248566e-07,2.65387547037918e-06,0.962681339187037,10
"19911",0.00154103694020079,4.83316495244994e-05,0.000126265191571288,0.00170188981658918,7.1203434283869e-07,0.000801786344250339,0.00668459266943518,4.35192236661786e-06,3.61500927323555e-05,0.989054883338987,10
"19913",0.000483770179643229,6.47197934045517e-09,8.92223336808302e-09,9.2715779854047e-08,3.60439978546602e-08,0.999516013687047,2.83050976176378e-10,3.35165646600281e-09,1.39747952771312e-10,6.82048643534488e-08,6
"19915",0.987336837605761,2.44122135980357e-05,0.00489344040684147,1.31466238172452e-10,1.25955349483259e-07,0.00770380769201203,3.22726198250791e-08,6.73736431512022e-06,9.11354077667063e-09,3.45972444965894e-05,1
"19917",0.281136129660976,4.3050475482183e-05,0.000216056392989336,5.58668278369534e-07,9.71286753460711e-07,0.718318046658514,3.22093646096725e-07,1.48932808220415e-06,1.61237064831668e-08,0.000283359311571778,6
"19919",0.975940905441693,0.00159830986138836,0.0175040661885992,3.64340229238536e-09,1.11882461042578e-07,0.00352567528132592,1.57409285886271e-06,2.42257926012644e-05,2.41948303996085e-07,0.00140488586736631,1
"19921",0.00696215511320082,0.000716515202998741,0.991790982041171,1.391043661251e-10,2.67734183520085e-05,1.99357635732608e-08,4.35783043546799e-06,3.26002612796906e-05,2.22285433931337e-08,0.000466573829150575,3
"19923",6.32122419203051e-05,0.90403186040087,0.0939354526324325,7.05556714597901e-07,3.33132727000859e-06,1.27566917025858e-09,0.00109001151199611,0.000591296374318589,7.27294406400889e-05,0.000211399238169282,2
"19925",0.816139405088068,7.77644245828928e-05,0.000744919642165843,4.7378228518667e-09,1.62555189653015e-07,0.182992260402806,7.09140014073157e-08,2.15121451790776e-06,1.1395144854583e-08,4.3249625700396e-05,1
"19927",0.181030111998034,0.000141629482159122,0.817105754261406,6.97652779958361e-11,9.15132929722728e-06,2.39951595643377e-06,1.12011459156833e-06,0.000173205800296606,6.14263058108958e-08,0.00153656600218764,3
"19929",0.000545854183494218,1.47195074201042e-08,2.25243514069543e-06,7.60296182132828e-07,0.303610507521075,0.695840507640255,1.86698109290386e-10,1.11931207428028e-08,6.66316916821342e-13,9.18238610510596e-08,6
"19931",0.484720667993769,0.000779261516887254,0.504692327325012,5.98666058576845e-09,2.3971569567758e-07,1.82455759756405e-05,4.20704561021764e-05,0.000266714470147493,2.62678361438783e-06,0.00947784017613574,3
"19933",0.022667778770649,7.06271450231403e-05,0.0149604556746003,1.27292978856807e-05,2.82434842187109e-08,9.43631479326434e-06,0.0529118808053762,7.49943660711484e-06,0.000189050554419996,0.909170513757161,10
"19935",0.0955914303676595,0.00874718722235744,0.74806849301198,1.19789305201214e-05,0.000285168522194799,4.62883329925534e-05,0.0152281744202841,1.35459244405297e-06,3.52173596358125e-07,0.132019572425971,3
"19937",0.0348172569127384,0.00120406133631252,0.961639133079039,1.62037882424522e-10,3.66868634853515e-07,6.41264775777818e-08,1.37031145404427e-05,0.00101358276144012,3.17000219450767e-06,0.00130866163658429,3
"19939",0.288300909591508,0.357535364083103,0.352780184519953,3.55636370084663e-09,1.55730215192649e-06,3.50357618486457e-05,6.30213665502311e-05,5.13160314556522e-05,2.68439281573753e-06,0.00122992339425012,2
"19941",0.00218063959593644,3.15042356769447e-06,0.000109816780299563,0.112678587033526,4.00893197612672e-05,0.0114115479145978,0.0198435039175186,4.86028195555658e-07,5.34418845028529e-06,0.853726834798147,10
"19943",0.0496554853636704,1.01354667738213e-06,2.67141877415325e-06,6.73443065547786e-09,2.62925745844795e-08,0.950338047744444,3.39663427940686e-09,2.01192656200952e-07,4.17211867121203e-09,2.54013802022198e-06,6
"19945",0.00151993198067649,0.00229425531020728,0.0118741721902362,9.7865433243148e-05,1.20566618287477e-08,3.28301433702664e-07,0.119508929748699,2.78480988621624e-05,0.000568868475235508,0.864107788404745,10
"19947",0.0124195736880901,0.000135906190926422,0.000169587538792335,0.00254013500838186,0.00820117239914052,0.479667741432496,0.000741577426139438,4.94603200837869e-06,6.6307791228466e-06,0.496112729504903,10
"19949",0.000483509139375164,0.880687279235116,0.0879667430373645,2.28476915732681e-06,6.52515686342832e-08,8.35525772598116e-09,0.0276879716173916,0.00012437768758298,0.000798593360911079,0.00224916754627425,2
"19951",0.847305591226301,0.0449677898424618,0.00842874131873537,1.57193278624667e-06,1.6698579186329e-06,0.098538358454928,2.90860709644967e-05,5.26141499284777e-06,4.54141904963418e-07,0.000721475739006132,1
"19953",2.03236039873493e-06,0.000694076349692783,0.000476848585235578,0.000133323705381803,2.52444117631686e-09,3.68521517798481e-10,0.0764032965834303,0.0338790749889857,0.867312323962288,0.0210990205716242,9
"19955",1.05630775017953e-05,0.307846210830083,0.00104062425587498,0.0156620781950439,2.11437294210456e-06,9.46738020685585e-08,0.144860894107557,0.00127815316500106,0.0198920719452398,0.509407195376954,10
"19957",0.533768796124259,0.000220348582892536,0.00179262649042734,2.46482760682177e-06,6.66975126706535e-06,0.401066635676873,3.72238499045676e-06,0.00643137855007472,4.08417547356045e-05,0.0566665158568732,1
"19960",0.000113893523217316,0.00406101472540017,9.70301222282869e-05,0.00327854000736803,1.05049417927358e-05,4.06933360769351e-05,0.218891272500861,7.25878183648342e-08,5.47068383243026e-05,0.773452271416913,10
"19963",0.00108166244626175,8.24306273659709e-07,1.11117626312198e-06,0.00566294621004346,4.44264898900348e-06,0.945053664613591,7.39372170312962e-07,0.0470891153523242,0.00107607921224535,2.94146618386234e-05,6
"19965",9.91335778151668e-08,0.0900939570125109,0.000178558202934443,0.0207622653178074,1.00880781439574e-05,4.16323268190136e-10,0.851383610171803,5.64092372045788e-07,0.000189181705647729,0.0373816758688797,7
"19968",0.041330365866553,1.45099172940717e-05,0.00103623251478065,0.000140198268167584,0.258455959926672,0.69746497904927,3.08917556300578e-05,1.332053047976e-09,1.03855803073317e-10,0.00152686126572416,6
"19971",7.49392273555096e-05,6.97913765452947e-06,3.45676077340067e-09,0.0012660992084291,1.31407180924705e-08,0.998477313659983,2.22881560362788e-06,2.51413230355395e-06,0.000157021595963665,1.2887625228131e-05,6
"19973",0.656322458516164,0.000334949047662491,0.341270917234425,6.81113531723318e-10,1.40203187650668e-05,0.000119126498232266,2.74432958620385e-06,3.3970761929648e-06,5.55434219637635e-09,0.00193238074351642,1
"19975",0.472543410747451,3.76534708905634e-05,0.000717227321295868,8.85312013097921e-08,1.39433842165618e-05,0.526468385467061,3.13081623159829e-07,3.76116546086462e-08,4.5946381017192e-10,0.000218939925141396,6
"19977",0.00277373794611491,0.000453787618609344,4.17426574272271e-06,0.000128533159407061,1.74585784756889e-05,0.996605904481249,2.92426082910611e-07,1.02961553503334e-05,5.45178410643046e-07,5.27019055716476e-06,6
"19979",1.00266394854634e-07,6.28470951862315e-06,2.89342910187501e-08,0.084566612790929,2.46889846137826e-11,1.06652420734802e-07,0.827226375207204,4.71273538854639e-09,0.00396255477873102,0.0842379319230867,7
"19981",0.0369203381664664,0.000226582088326107,0.33423150802121,1.23880263467575e-07,0.000208744485159115,5.96880960175058e-06,0.000200387771316215,3.09619649687611e-05,2.50345296632122e-07,0.628175134467392,10
"19983",0.00673657931601903,0.148963682938275,0.666684959379464,9.21815765342705e-08,0.000130211797325044,2.5747418222589e-07,0.00130681778038928,5.50649477050882e-05,2.75383299840048e-06,0.176119580352065,3
"19985",0.922252634515058,3.6068761283862e-05,0.00324093084735902,3.33993615864625e-10,6.80508286726872e-06,0.0744423942814002,6.71808864021e-09,1.69908324077095e-06,4.27951406987924e-10,1.94599487575118e-05,1
"19987",0.584612023952618,8.82682181493861e-05,0.0435012139497301,1.31442628879048e-06,5.84729209154124e-07,0.00145187796558032,0.00123396001635331,9.20276106328309e-06,5.71829984858414e-06,0.36909583568116,1
"19989",1.94388179818056e-08,2.25224518982484e-05,2.30375976812549e-06,0.00127625998839352,1.56238039734608e-11,1.40505712172249e-11,0.975760687473113,1.9815046929646e-07,0.0105188728793332,0.0124191358285322,7
"19993",0.149272086681138,0.746902535894043,0.0185605956393545,2.55926209569636e-05,7.27826243102776e-08,0.000730063645293473,0.0555412266093276,1.68356228923207e-06,0.000180552996592322,0.0287855895683809,2
"19995",0.064930726671849,0.0420715662807934,0.0370693154840993,0.000936502372338099,1.48812178994676e-06,0.000452080423181606,0.290221460705084,4.79691244923057e-06,0.000102739840928808,0.564209323187487,10
"19997",0.717473472741543,0.000175981080604367,0.281653645475873,8.79312999040199e-10,1.10513717257697e-05,0.00022309043017789,4.31687994745981e-07,5.4279267896047e-05,1.2736865049477e-08,0.000408034328006298,1
"19999",0.87772861147699,1.30388050080709e-05,0.12031333084537,5.94173947387742e-11,0.000358206232167056,0.00147209343038946,1.64129339638571e-08,5.42813504036718e-06,1.71157300528599e-10,0.000109274431526156,1
"20002",0.000641493343850733,5.6082536096597e-08,1.31411883192137e-05,0.0122597152150547,0.312206156243304,0.674865557858901,1.5677516363416e-06,7.23908917474734e-07,8.84907847251933e-09,1.15795584012603e-05,6
"20004",0.00593982967673757,2.69229291804367e-06,0.00446626242086884,0.000460150122422237,2.89389445619473e-05,0.000127696790107658,0.0249499737345379,5.18894608846253e-07,2.58930636442549e-06,0.964021347816873,10
"20006",0.000225802100030022,0.420056363090307,0.00103102157720532,0.00794519335747879,0.000580689191080773,9.97642309399902e-05,0.0479861814920373,4.58542478799961e-05,0.000324722090951442,0.52170440862209,10
"20008",0.000103906333805824,0.852216750844931,0.00201917768548329,0.0460588385415907,8.18014479972551e-06,5.54549823451914e-06,0.0972129446094381,5.28422913651278e-05,0.000608540680251619,0.00171327337010071,2
"20010",0.000196205283340536,0.40824505884341,0.00400219096218139,0.000100215663991361,6.3850049362033e-10,3.20847558089143e-08,0.389956641922384,0.00012196949105457,0.0321829447503973,0.165194740359985,2
"20012",0.735969733632583,0.001723430724631,0.0153164862982807,6.0090566837385e-08,0.00727455594737068,0.239664976121783,8.72877058458984e-07,3.5585601614778e-07,1.3184044211871e-09,4.95271333056492e-05,1
"20015",1.63954206544579e-08,0.000599718941347675,1.78187728363281e-06,0.0093676427027995,3.84101097089946e-08,4.47010984498637e-10,0.984272592678907,5.83193241910041e-11,3.412929003385e-06,0.00575479555979776,7
"20017",0.737715388405114,2.9789523940964e-05,0.258607169959972,2.50238240294202e-10,0.00166909544381911,0.000924700309888759,1.19896712287206e-07,9.84654539510499e-06,6.01498850257269e-10,0.00104388906341992,1
"20019",4.13152396945443e-10,0.000173078117863461,4.88114611349774e-09,0.0509517602517882,1.9547638633579e-12,9.95929811082316e-11,0.93159886128908,5.7509296369604e-09,0.015123966581815,0.00215232261267783,7
"20022",2.57696168464589e-05,0.00291694826377276,0.000366741172007883,7.16301778012336e-05,6.56960472461415e-10,1.04209610029734e-08,0.227885070848682,1.8034460642989e-06,0.00124968486297499,0.767482340533929,10
"20024",8.59021493181823e-09,7.03160167873374e-05,4.32726588493363e-07,0.0222489380078615,2.37286268801276e-09,7.91460403040211e-10,0.118912364029118,0.000162496184660756,0.854131944536078,0.00447349674436784,9
"20026",8.59021493181823e-09,7.03160167873374e-05,4.32726588493363e-07,0.0222489380078615,2.37286268801276e-09,7.91460403040211e-10,0.118912364029118,0.000162496184660756,0.854131944536078,0.00447349674436784,9
"20028",0.956178820133575,2.59615491962754e-06,0.0410284457601467,1.62666371125761e-10,1.86287680401803e-05,0.00271691011945322,1.58916458139396e-08,1.41719417611074e-05,8.52603540614932e-10,4.04102151883238e-05,1
"20030",1.30505571264268e-05,3.10266784924717e-06,5.61432776960722e-06,0.253337356722918,1.21999358051594e-06,2.51905153157503e-05,0.390329661101658,2.42190256300304e-09,1.23149499519671e-05,0.356272486741929,7
"20033",0.967246817496907,4.48004614439829e-05,0.0170742235197601,1.59864984300724e-08,3.69745933088418e-06,0.00708566589241375,6.33177419225816e-06,2.02071337229271e-06,4.91138808402794e-08,0.00853637758220078,1
"20035",9.45247252536463e-10,0.00021498893108095,1.55788268495132e-08,0.00610889193844159,4.58661178032935e-12,6.42658470738238e-11,0.972171196484069,6.91399666009997e-09,0.0196393716866322,0.00186552745285345,7
"20037",1.16519805772441e-10,0.000277643408035202,1.22988507957316e-07,0.00968635750876936,2.29224297673782e-10,6.91352020591431e-13,0.987876445488665,3.3493746407679e-09,0.000592478512766826,0.00156694839744577,7
"20039",4.15017215486899e-11,1.0630562854297e-05,6.56641250730931e-09,1.30928896526846e-06,8.30453168866228e-13,2.41801810172968e-13,6.09101591191316e-05,0.00135883067048164,0.998568077226868,2.35482725159841e-07,9
"20041",0.000290207946182323,0.985965757807572,0.00188111428150942,7.38255915223319e-07,4.3767695619512e-07,8.46211850433136e-07,0.000397527981263425,0.000152116500422928,0.000115481163864768,0.0111957721744636,2
"20044",0.00584600040692537,0.898427350552915,0.00406951886711316,8.22962486669468e-06,2.93353775445015e-06,0.000107824865530969,0.00314212725918666,0.000629642139054816,0.0015322636437574,0.0862341091028953,2
"20047",6.84398121692284e-10,6.4858315051169e-06,5.16874866677516e-10,0.573802545814522,1.34387613411368e-12,3.96055277554743e-09,0.37020351841611,2.16529938701258e-08,0.0517886631164749,0.00419876000522507,4
"20050",0.000219546792995494,0.507703092463425,0.00029494886644187,2.59762829988729e-05,1.58597692017185e-11,2.7336657622259e-07,0.0337939795224498,0.0011911558583629,0.455419428698079,0.00135159813281068,2
"20052",0.823303613357874,0.0167602070904568,0.0611829442117671,1.18044926079923e-06,4.03268161933692e-08,0.00126734838339612,0.000537670863470363,0.000479693195982602,9.26189179533259e-05,0.0963746832030222,1
"20054",3.92733362878662e-06,7.20727381054791e-05,3.17742052460929e-05,0.00302887335173472,3.00705618296641e-06,2.14093244299847e-07,0.230366038504965,6.46621921707427e-10,1.09172700142456e-06,0.766493000343269,10
"20056",0.0547117845579472,1.24567319485296e-06,1.25969042524684e-05,9.41354532431607e-06,8.53270608829684e-08,0.945210282783907,3.06747432960234e-06,1.90894472884553e-07,1.33400923810706e-07,5.11994385871946e-05,6
"20058",5.34087052305581e-09,4.80639616409577e-05,3.75464574191886e-06,0.00139148492412092,2.96120278312263e-10,2.87345593326559e-12,0.981746244611571,7.20956108805199e-08,0.0021739987829815,0.0146363753384689,7
"20060",0.149322136497002,0.000627330887222643,0.847987913067664,3.47673161814217e-09,3.37891145815812e-06,3.18619546348092e-06,7.9076529880369e-05,2.95673950515527e-05,4.80134088274334e-07,0.00194692690543849,3
"20062",0.0436943715496886,0.156934416456498,0.790193405359905,8.18591595951025e-08,4.43322078784868e-06,1.30675334278388e-06,0.0010330305719297,1.16747516181822e-05,1.13664989733088e-06,0.00812614282717242,3
"20064",0.000965213347553688,7.51718694065889e-05,0.000639504795642056,7.29523641370324e-05,5.01092475757785e-09,2.30299257234404e-06,0.0720275959814443,1.15790665232946e-07,2.38236290905381e-05,0.926193314218564,10
"20066",4.86685362284413e-07,1.63827860859008e-06,2.09845206759684e-07,0.199937545411586,1.20878252776682e-07,2.20887639722763e-06,0.710902385299436,6.97009002727459e-10,9.23675537770117e-05,0.0890630364743649,7
"20068",0.0176586295895664,0.00211110674220867,0.979755723517156,1.22973332220611e-10,0.000224704677951743,2.73818220126458e-07,1.05193558513879e-06,2.50016389732201e-05,4.61488809588362e-09,0.000223503342477459,3
"20070",0.0173269236079814,0.00460790988457673,0.970123339305226,8.16725364769252e-10,6.30659080089457e-06,1.34351189102986e-07,2.41502475152137e-06,0.00770198019755836,1.45646727697665e-06,0.000229533753913736,3
"20072",1.62176091247016e-07,0.00415610148430656,0.000788454134352626,0.00648669164533834,0.00153831982156906,3.64686591098352e-10,0.915871534777336,7.67643075745301e-08,1.41698158032784e-05,0.0711444890162085,7
"20074",0.000429556318377884,1.74912182717042e-08,7.66555890932807e-08,4.32160267248345e-08,6.78216460644954e-05,0.999502469155213,2.97659710000247e-11,3.48418490112197e-09,2.43986241768513e-12,1.20011193665793e-08,6
"20076",0.060736525905989,0.000165240563303157,0.00296031818815022,0.000317764585572498,0.367349269202169,0.479192852610134,0.000100086237940284,6.18526235785643e-08,2.17525560580582e-09,0.0891778786788634,6
"20078",0.00058863470709394,0.000885066670987978,0.00186513110488716,0.000566269284948969,3.02216962907363e-08,1.61943001372877e-06,0.0536446775265253,3.56084842256606e-05,0.000431533712852154,0.941981428856769,10
"20080",8.76605283268365e-09,9.68323708916769e-05,4.56573366418849e-08,0.00485725229706141,7.23944552636623e-13,2.54889293920928e-10,0.978805278552539,5.33336470367798e-09,0.00689839641145477,0.00934218035568629,7
"20082",2.87174900842754e-08,1.37554940900871e-06,5.05889560632616e-08,4.48079361261726e-06,6.69873409517774e-14,2.08728790984232e-10,0.000310623676249102,0.000840327637746423,0.99878816737858,5.49454491608067e-05,9
"20084",0.00307456283856942,0.000128512623213969,4.68671170192436e-05,0.00982496442266139,6.59018509802447e-09,0.00252375657166781,0.0152656057520796,6.30433481746521e-05,0.00299201777864011,0.966080662957789,10
"20087",4.72253419834095e-05,0.0364711921173925,0.0381273430512093,0.00144114482813887,5.27553469061984e-06,6.31028526393742e-09,0.544736595531267,2.66253307777624e-05,0.000192922079159876,0.378951669875096,7
"20090",1.07131399003896e-07,0.0333061122307489,5.99687579130622e-07,0.00142121298391146,1.42608686896345e-12,1.24974541752648e-09,0.872544436853921,2.42972991508086e-07,0.0900686487920807,0.00265863809619678,7
"20092",3.69347746045487e-06,0.0199919838892251,0.029261907778979,7.44130350515506e-07,1.45729592287384e-05,7.31014501589633e-11,0.000264959219683136,0.941339015077057,0.00567873599919643,0.00344438739571858,8
"20096",0.0199588048708361,0.0165966122944738,0.0116793044399394,2.22729109879153e-06,1.81681985942173e-07,9.7702551395394e-05,2.90723484946222e-05,0.932877868218395,0.00427700010077096,0.0144812262026102,8
"20098",0.98497436769429,6.7496562243117e-05,0.0100707849879725,1.30784596757992e-09,2.48612455123813e-07,0.00398066030758757,1.2456457142263e-06,3.59051839293439e-06,7.26688174655348e-08,0.000901531694681098,1
"20101",4.03036154649274e-05,0.000746637608345837,1.83778816766684e-06,0.0701237401243457,1.56592501765561e-10,3.3630671062487e-05,0.626267617022786,3.42551365881478e-07,0.0109978593558591,0.29178803110601,7
"20104",0.000322199597211716,1.26040363817063e-05,0.0066750346010169,5.96833580143113e-09,0.00371747295007833,1.40767617210393e-06,1.04988282154206e-08,0.989230779516654,4.27645356035363e-06,3.62087017611617e-05,8
"20106",9.39752129870624e-05,0.00686154693562199,2.39988341097458e-05,0.00138407381887119,4.35776302709089e-10,3.52611442939311e-06,0.80224990300658,6.16259552719907e-09,0.000221665135884789,0.189161304343144,7
"20108",0.76862083515353,7.64671971713084e-06,0.224363797008766,1.70127207671612e-08,5.05135747719641e-05,0.000563362978616516,6.96522359230261e-06,8.44246712782357e-06,1.38106453940051e-08,0.0063784060505117,1
"20110",0.358481895416395,0.499064161534816,0.00883888163078256,4.16442298579371e-06,1.15909970835935e-08,0.00895293899833972,0.0001353346554996,0.108439401854904,0.0126566134442785,0.00342659645100186,2
"20112",0.000346184385670706,0.300953317752117,0.00123011322509589,0.000303092834354126,8.1398563404553e-10,3.26453183138712e-07,0.654894787059322,1.04862633237185e-05,0.0184917504750738,0.0237699407378744,7
"20114",0.00948742281828798,3.49747258376457e-06,0.000143895545293427,0.000331258830483323,3.22977368766712e-08,0.00190648698077818,0.00478831510716195,5.88134385321086e-06,9.97720337407572e-05,0.983233437570081,10
"20116",0.000853868365097312,1.32168653325105e-05,2.98930365066968e-05,0.00451220578681653,2.46108576941315e-06,0.00164472596812852,0.0154511996795198,5.37018594635884e-09,9.70254416542574e-07,0.977491453588227,10
"20118",0.330541543284517,0.000124255686587326,0.0111038880467692,1.3623596896377e-06,1.08648613459696e-07,0.00160239160565365,0.000496932067125213,2.31728402584936e-05,1.15040394558182e-05,0.65609484142133,10
"20120",0.00257090697160113,0.0080189150336583,0.000111963447271341,0.000528530746691926,5.52591755684385e-11,5.64982268112486e-05,0.508881037061774,1.20745220982419e-05,0.140887038585414,0.338933035349421,7
"20122",0.0318123112985495,2.02342217167583e-07,6.63015255289976e-06,5.35784166905479e-08,3.99722592910981e-06,0.968134051815765,9.08496311945078e-09,2.19510707374343e-08,1.75619648540579e-10,4.27223749163925e-05,6
"20124",8.03438414733286e-09,0.00070549316088761,4.74582247265984e-06,0.0256565830115354,9.21804397445391e-09,3.6941946356708e-11,0.816136108460567,2.30591109303138e-06,0.00644575324265556,0.151048993101419,7
"20126",1.23356022083718e-08,4.34287923260785e-05,6.62368364468104e-08,0.0013717807183092,6.15410916865596e-09,1.59066941324e-08,0.000361580786444181,0.0351496576853869,0.961089329567272,0.00198412181702015,9
"20128",4.59674471870579e-12,1.65036152030437e-05,1.4954260100074e-10,0.0856065461861513,4.07147838033952e-12,1.00579859027729e-11,0.0188550284093956,8.1962877365102e-06,0.89545307300309,6.06523301542103e-05,9
"20141",0.214621882185904,1.69254996888013e-05,0.0130657800666952,1.47229270111475e-09,4.83888990078355e-06,0.00141400837537847,6.44750531003531e-08,0.769378909422692,5.40392994800159e-05,0.00144355031291494,8
"20143",0.000535678326134164,2.30778452619274e-09,1.74689056936636e-08,1.23290155889851e-08,8.2709988218403e-07,0.999463442642573,3.76813291409906e-11,1.60395567641705e-09,7.78076040260805e-12,1.81762865138728e-08,6
"20145",0.000211559109823833,0.00488125927165919,0.000553325410353635,4.66507695039633e-05,3.901895446899e-11,5.98227828449468e-08,0.604881500415124,3.21410395509991e-06,0.00959087888342043,0.379831552174358,7
"20147",2.24576858698293e-05,0.000216964538763172,5.4713126376337e-05,0.000211995802646635,5.47429855269444e-10,6.2902345705214e-08,0.19159337792616,6.34545779530804e-08,0.000126329179299441,0.807774034836531,10
"20149",0.0356321306262897,3.54089460194007e-07,6.17597085282107e-06,7.59669462875371e-09,2.0573563412973e-06,0.964355988279407,7.8993057043235e-10,1.94542349936776e-07,1.68676750871485e-10,3.09057999705303e-06,6
"20151",0.966064248112331,0.000119539178434058,0.031844123630987,2.9863158575094e-09,2.67440491303133e-07,0.00132834108850293,3.83580401541008e-06,1.9031942454162e-06,3.88119765715595e-08,0.000637699752700411,1
"20153",0.971897993978789,0.00113262627289545,0.00208507734022377,1.43727647884089e-07,1.01710118249532e-09,0.0228115704013755,1.66259166227895e-05,0.00116256871014225,0.000341798056895884,0.000551594578306526,1
"20155",1.19113913805982e-06,0.0556215075808611,1.80159063720589e-05,0.00112980031143423,3.61440366525498e-09,1.102403160515e-08,0.701996056551615,3.26760435801244e-08,0.000416969004409758,0.240816412191691,7
"20157",0.981548763872204,6.73176450741491e-06,0.00440828881073095,3.34135621530487e-09,1.42752474655017e-07,0.0138996472955025,7.38396944084753e-07,3.59231562485255e-06,7.04327532198302e-08,0.000132021017901537,1
"20160",0.0012733679037941,4.92247245242294e-09,3.10084342361542e-08,1.58947129684703e-08,1.13727462288432e-07,0.998726399690182,1.32495075407317e-10,3.39757691047019e-09,4.08259300263489e-11,6.32820437706573e-08,6
"20162",0.191380085010257,1.92059619984444e-07,4.32267704693359e-05,8.09810580547304e-10,3.40319049239841e-06,0.808571528128134,6.41730240640507e-10,1.23188601233864e-07,6.90778807411563e-11,1.44013180798801e-06,6
"20164",0.648659431875781,0.0010865292609133,0.00123069049254398,3.47446888501651e-07,5.99838393337423e-07,0.348890891246901,1.72614220427131e-06,2.02952089486273e-05,4.02804200674994e-07,0.000109085683225607,1
"20166",6.51951918299886e-06,1.87981328079101e-05,1.47551302014279e-06,0.803994435259558,2.73415871105063e-05,0.000255783493940009,0.166188116167666,8.47005655420454e-10,2.22224652514899e-06,0.0295053072331838,4
"20168",1.05173774687511e-06,1.6056822301927e-06,1.68691089207762e-06,0.213082941986604,0.786104037826527,0.000634335823710552,4.46294601248222e-05,1.42660406576063e-08,5.53625197230334e-09,0.000129690769871949,5
"20170",0.984395907466184,3.27588986480151e-05,0.00602687740307258,1.53935836220029e-09,8.13410786793355e-08,0.00696898065823247,4.16807414088239e-07,4.72694759664142e-05,2.22256914891477e-07,0.00252748415313022,1
"20172",2.92802549514433e-06,0.000613560924521628,0.000581707643130585,1.68598026130168e-05,8.13076455041545e-10,8.72127376946281e-11,0.504027685265631,1.18208957449874e-06,0.00135909913783749,0.493396976210908,7
"20174",0.735713084656891,6.40028817120223e-06,0.0892064157485899,1.10925373051661e-09,0.152228043274126,0.02275852347245,2.02237946427414e-08,1.7457645366842e-06,3.45420929670551e-11,8.57654276446946e-05,1
"20176",6.08235726262474e-07,1.47337449986529e-06,4.98110246568768e-05,9.29638761738574e-05,0.999838944911074,5.09679129879583e-07,3.77658845185757e-06,8.450492831558e-09,1.29960788934017e-10,1.19037298333056e-05,5
"20178",0.000651286976912396,5.8801251646315e-09,1.06845295423471e-08,2.34384685530412e-08,3.93503729532288e-08,0.999348589189234,1.40115739520945e-10,3.3961419979493e-09,9.69777020678964e-11,4.08471217504059e-08,6
"20181",0.000114943293824141,9.50165008062705e-06,1.4820554850524e-06,0.292237553561912,2.20405757144679e-07,0.00286874317785433,0.266661445179239,1.44815048552829e-09,2.24189217772879e-05,0.43808369030592,10
"20183",0.0148931933348359,0.0015993518129066,0.950260889407515,2.88403909771927e-09,3.82363172206832e-07,2.89003001346797e-08,0.000255683819178711,0.00213129195722724,3.37445665935202e-05,0.0308254309542314,3
"20186",6.43681175710727e-05,0.00253118070099441,0.991683230978537,2.85342165262751e-08,9.17170874847198e-05,5.24618388173511e-11,0.000602313661196146,0.00199288786832401,1.45769752287718e-05,0.00301969602398532,3
"20188",0.0137461754325719,5.41449207300378e-08,7.55990449715764e-07,7.35386640381434e-09,1.2251001480982e-07,0.986252727969956,4.27637901282193e-10,2.86638336621502e-08,1.60157664006039e-10,1.27346591133634e-07,6
"20190",2.14004405926142e-07,4.7431877180374e-05,1.38535380843664e-06,0.00240289202165353,9.03469806417039e-10,5.04384218396953e-09,0.97393807818486,2.94236180030292e-10,4.29750342787572e-05,0.023567017282265,7
"20193",0.000256602295016024,3.91949006194839e-05,1.41019995301206e-06,0.0481467811466451,0.00440418283513247,0.947128853074241,1.40224012303498e-05,9.56837503514652e-09,8.88801654152497e-09,8.93469077111284e-06,6
"20195",0.903659315735019,0.00237498393293073,0.00337142124525213,8.34893818198005e-07,2.8804871640629e-07,0.0896744696773691,3.22211771912797e-05,2.14676275884926e-06,6.56114114096389e-07,0.000883662412830105,1
"20197",3.18243714915212e-06,0.01218650658745,0.000490076346004409,0.000145535927352171,3.40647183694745e-09,4.0237811368864e-10,0.722993109182864,3.94207321682372e-07,0.000581563918931784,0.263599627584077,7
"20199",0.842370861606719,2.88727092544998e-05,0.000689432532589894,1.04170362227038e-09,1.5663460072439e-07,0.156856069863456,1.14658113358083e-08,2.40799993897791e-05,2.6008188710727e-08,3.04881382854967e-05,1
"20205",6.00005691373269e-08,0.000650229331556682,1.62532453251151e-06,9.81296731196422e-08,1.84389783259792e-12,2.89463580597374e-11,3.85555305175202e-05,0.0412101637770665,0.958093444540183,5.82333511154776e-06,9
"20208",0.799536249830876,0.00154432572206976,0.189222692009295,3.76950364373754e-08,8.07199249837436e-06,0.00049188963524548,8.3927602343981e-05,5.88225006969708e-06,3.73496218055893e-07,0.00910654976634674,1
"20210",0.51361730762439,1.09303170598819e-06,0.000165583589116479,8.44466890587122e-10,1.05544271438932e-06,0.486208826645297,3.74616572441789e-09,3.71730067649119e-07,5.55640366515062e-10,5.75679043566887e-06,1
"20212",0.896993461611717,0.000113280149546965,0.00193111511804509,4.34036548237445e-08,6.15318667270717e-07,0.100808127080194,1.23585569208369e-06,1.3343588011839e-06,6.26754570580302e-08,0.000150724428224334,1
"20216",8.47925774043287e-05,4.44534502486847e-05,5.91909005014306e-05,0.000299742491508637,1.4732771971359e-08,1.54808680203856e-06,0.211222919166061,1.86761370103544e-08,5.90343469428117e-05,0.788228285571622,10
"20219",0.000384444548026818,0.0133669397594429,0.000338540882724115,0.000959873807284379,9.2401479769201e-11,1.76307629302195e-06,0.0696413606490796,0.0104185645480734,0.769084882663755,0.135803629972919,9
"20223",1.39581927968157e-10,0.000654538070321386,2.98557537422037e-06,0.348407843974207,0.00011611002978143,5.47650545563581e-12,0.650136767552094,3.78556645492068e-08,6.54944507639641e-05,0.000616222346735668,7
"20226",0.0041625235939803,0.987899774341418,0.00667442128099821,1.98120831518441e-07,7.55129159871398e-09,2.36726326018668e-06,0.000658970051724951,9.20127175705336e-06,3.69426272342257e-05,0.000555593897503466,2
"20230",2.28587950824352e-08,1.36582130753176e-05,5.81164845888936e-07,0.00471394762865618,4.33091725590597e-10,3.10120064459774e-10,0.986709631973965,1.3653700401033e-09,0.000218952418963219,0.00834320363311755,7
"20233",1.82565396730991e-06,1.36083916935373e-06,3.73176777470376e-06,1.20302341584516e-10,4.58009592334480e-10,8.62498317841268e-09,3.87948102920865e-10,0.999768893498365,0.000224168642120424,1.00073596331037e-08,8
"20235",4.11129583043342e-08,0.099656199800634,0.000328632914088733,0.0383346102849244,2.38941997371523e-05,7.91927432288266e-11,0.764623372075816,0.000369084286873117,0.0370427579888447,0.0596214072569305,7
"20239",1.427427742847e-05,0.178121896221495,0.0172790334335568,0.0252314132441832,0.000954538794770743,4.43735974320158e-08,0.345734789514405,4.38302329207366e-05,0.000132222051917016,0.432487957855725,10
"20254",1.30739196571273e-09,6.24204578564394e-06,6.81827617577448e-09,2.50375239516638e-06,6.45092815649173e-15,8.31642458652358e-12,0.000473416466013856,0.000158657239935935,0.999342609832462,1.65625294158442e-05,9
"20256",2.89118817774596e-08,0.000126622499319888,1.44073216902806e-05,0.00220402114197097,2.24315000590532e-08,4.14813575306594e-11,0.485901485541947,2.56260621821462e-07,0.0004534426098402,0.511299713239747,10
"20262",0.976292421734064,8.39218853274896e-06,0.00232612379830692,1.25803374278184e-09,1.12891813194488e-07,0.0209642480059038,2.25438959530192e-07,1.4888046599029e-06,1.50493041735595e-08,0.000406970830421797,1
"20270",0.00385497556559438,0.000170100099990103,0.00576517688953123,0.258108927685495,0.0010439857097468,0.000811957943936963,0.648474465454762,1.46052932115511e-07,1.08491384245689e-05,0.0817594154595867,7
"20284",0.0173346269756858,0.032677220376272,0.480092522095548,2.40529377221257e-07,2.12656702284773e-08,1.47446344678965e-07,0.00357831206567254,0.381578691987294,0.0788936177477747,0.00584459951036094,3
"20287",7.40263578745757e-11,0.000442634959969046,3.27921740442176e-08,0.0791246066017475,1.41866241436493e-09,5.94907010580887e-12,0.919658221072187,4.19074809876995e-10,0.000199600475948615,0.000574902180261172,7
"20290",0.000309922109968394,0.00393061438667714,9.37198781362293e-05,2.29676068455067e-07,5.70867748146356e-12,4.21738498819048e-07,0.000547794274157958,0.0227561570315574,0.972194491427137,0.000166649472090299,9
"20293",6.19962877507521e-05,2.76159170424901e-05,0.000883125539744221,3.23566926165823e-06,7.07894287352644e-09,1.01301164733264e-08,0.0128629725186512,6.5221965144756e-06,0.000125950837115472,0.98602856382486,10
"20296",0.633806457053351,0.000228301910856846,0.0358843366294251,4.94466545967809e-05,0.0148263885477078,0.245522758795775,0.000165066520617528,7.60378874849834e-08,1.75108788427912e-09,0.0695171660986941,1
