"","V1","V2","V3","V4","V5","V6","V7","V8","best$classification"
"19812",0.99357570225295,0.000429351185754236,0.00556635205975018,3.06939104571037e-20,1.54048772532903e-05,3.67024888267824e-05,0.000376487135465319,1.96882208449211e-24,1
"19814",0.0341573277538086,5.46876576659186e-09,0.000191232273376212,0.948508302427424,5.88690609407665e-05,7.99081875151641e-09,0.0170820038322405,2.25119262520387e-06,4
"19816",0.139957470741345,0.856921395703529,0.00297749208826523,2.03058807394816e-40,0.000113852376082579,2.97890907784354e-05,3.1790262531141e-27,1.80171171942079e-22,2
"19818",0.993385859664689,4.21707851880038e-05,0.00080127957519643,3.98089712128421e-06,0.00576333672098931,3.23517296035988e-06,1.04958238127252e-07,3.22256178598537e-08,1
"19820",2.51640422005178e-05,0.985224737325277,0.0136021215257458,2.05980408470016e-158,0.00114797710677661,3.49501522039256e-25,4.77002229539831e-152,3.02833838867969e-53,2
"19822",4.53973620586231e-10,7.58444173393293e-05,0.862034089792257,3.71898271505623e-203,0.13789006533643,3.8727789724679e-29,2.94573808641262e-181,2.44560048424642e-41,3
"19824",0.00719320514167736,0.0203555145105937,0.190203397311196,8.90803576245312e-100,0.782247882994579,4.19539973324295e-11,7.03970610518002e-67,6.52004982871402e-16,5
"19826",0.868341098967691,2.13855918008508e-07,0.00738459602506243,1.08923851496764e-21,5.69202387974049e-08,0.117079965466755,0.00719406876433182,2.77849917020757e-15,1
"19828",0.0083713322780018,0.973564850798183,0.00593330559134014,3.42807418152238e-64,0.0121305113324746,3.35057909494047e-18,3.78998252629961e-69,4.00035572371969e-30,2
"19830",0.19087458550987,7.25500342131342e-18,0.793219985501318,2.07862048164238e-20,0.0142135578880634,6.52997529321754e-05,0.00162657134781568,2.78551215257879e-18,3
"19832",0.125769924662344,2.82054574175424e-05,0.861135567210274,2.28080007538626e-52,0.0130663026699648,1.92900420664344e-25,1.48213652288534e-20,1.81444122484478e-51,3
"19834",0.637232551142059,0.0870369830018967,0.198127827834779,3.30108744815647e-43,0.0776026380212658,7.79248355293861e-18,1.01036462042853e-40,1.6744640841574e-21,1
"19836",0.915386674587192,6.6328416965565e-05,0.00765275228493945,6.21515984752618e-44,4.32935439053467e-05,0.076850951166998,1.97330331584462e-18,1.91510329864405e-38,1
"19838",0.00497898907104181,3.69264226993429e-18,0.000450580877833754,3.74319672856385e-07,8.76153691576943e-05,1.4836625069004e-09,0.994482438878256,3.74932574681038e-13,7
"19840",0.889928478264427,0.0212162971907828,0.087895597779013,1.34233696318451e-40,0.000945587308979194,1.40394567982965e-05,7.2055208861644e-26,1.78553398395181e-30,1
"19842",4.48005775407363e-08,1.35636596804662e-37,0.000513992614439851,8.31770187164773e-33,0.0017756699649747,0.994451581837027,0.00325871078298083,1.42881971954891e-25,6
"19844",1.32259299388902e-18,1.11945763731236e-30,3.13878747644941e-07,1.0145134316236e-57,0.0168937752680441,6.06639276705432e-10,4.23016800041026e-74,0.983105910246569,8
"19846",1.50687088941589e-05,9.76875289432569e-29,1.12339689135897e-05,0.892832323800055,5.38890702883002e-05,0.00897573247358462,0.0979882214025034,0.000123530575761307,4
"19848",0.000103011785869179,1.34675305954747e-24,3.52730325960597e-05,0.986141608916965,7.56092657491423e-06,3.20314361541817e-05,0.000200205830656873,0.0134803080711839,4
"19850",0.00767136622297556,3.36049635312451e-18,0.00401422034126082,0.969959491612855,0.000106534043708195,5.04487409573087e-07,0.0181711515468387,7.67317449518312e-05,4
"19852",0.748098198764081,0.250836606041278,0.00101843767334801,1.83319173458418e-17,4.65326532900772e-05,2.24817333947148e-07,1.22048411884031e-11,3.84644443073423e-11,1
"19854",1.98462652417137e-05,3.81832755053697e-24,4.84988551423066e-06,0.999918140897888,2.08213452809338e-06,9.51887953704592e-08,9.81248104556229e-07,5.40043799274735e-05,4
"19856",3.01579785301037e-05,1.49354477142716e-22,0.891268304101634,2.42817468729191e-51,0.0883324489829378,1.07526849377137e-07,2.30196562330156e-24,0.0203689814100491,3
"19858",3.87364440771782e-06,5.04842321944901e-11,0.947131443187953,7.32492358558323e-60,0.0163198366984592,4.9702749929409e-13,3.23837601580515e-63,0.0365448464181995,3
"19860",0.923072100824727,0.0732117543615308,0.00361387861115305,7.65216691465112e-15,0.000100940588405986,3.03507363068592e-07,1.02210681237207e-06,9.12519732855827e-19,1
"19862",1.73569960719289e-05,3.64721536513437e-31,2.94299525307475e-05,4.22007136087515e-14,0.000141230395416864,0.0527678879035899,0.947044094752345,3.63910651744753e-15,7
"19864",4.87466842647206e-22,4.48003256740545e-37,3.24854025264936e-09,1.9154391853239e-121,0.122210590552088,0.877789406199372,4.12547094118764e-101,7.64282135788369e-48,6
"19866",0.306276147386043,0.00800088838948872,0.672887719924921,2.13171916303564e-94,0.0116539685620617,0.00118127573748564,1.74595632067372e-52,9.10853609044148e-35,3
"19868",3.45361856207393e-28,2.93218828882523e-43,2.60161284877792e-06,1.84406511177973e-118,0.999997398387151,2.36701585786569e-45,1.01245685617707e-103,1.00211743677941e-56,5
"19870",0.326521530528301,7.555207856859e-15,0.000959221085209329,0.0022299171028398,0.0273503263968448,0.117461923902646,0.525477080979783,4.3673278797786e-12,7
"19873",0.957971030429978,1.6834579541491e-07,0.00340440732959278,1.13837461248174e-11,0.03516630479018,0.00339016348591612,6.79256071532956e-05,5.05121991371561e-16,1
"19875",0.106879326281055,0.889101463878365,0.00372362892355836,3.9232438711074e-54,0.000295580917022513,4.26756638887847e-18,1.32099845175059e-34,1.05823749360457e-41,2
"19877",0.988261329468957,1.97040036345238e-06,0.00540434274553104,0.00036944353951263,3.00599966512955e-05,0.00335750513807901,0.00257506851927,2.80191635004013e-07,1
"19879",0.967218401249524,0.000910490211847114,0.0283989189147038,2.28312064014083e-29,0.00346857764170986,3.60331162265019e-06,1.60240994294818e-21,8.67059214978347e-09,1
"19881",0.68408910238569,3.14259190925465e-11,0.111700154722716,2.02291489712699e-20,0.000115966801143862,0.204094740616728,3.51859750719285e-08,2.56320853792861e-10,1
"19883",0.0241579692016546,1.83878318413318e-14,0.00995389541078815,2.97067723758671e-21,0.00280122291879963,0.962933912708381,0.00015299976035829,2.81381605251973e-18,6
"19899",0.980501972150705,5.91400395770412e-06,0.019489911629533,2.83918530767311e-44,1.72651476741481e-06,4.75701036479124e-07,7.36207881667228e-28,1.07346310729906e-29,1
"19908",2.47103065031289e-14,5.68641633054902e-27,0.00320381547282209,8.91192341399465e-152,0.996796184526673,4.8053862079992e-13,9.40774993563156e-92,5.46071911919712e-39,5
"19910",0.955356922804198,0.041809930720713,0.00200789326288877,3.60306808579958e-18,0.000184859096916055,0.000640359404193485,3.46810438870208e-08,3.00468113806485e-11,1
"19912",4.80605658447582e-06,4.87370932712712e-35,0.00260094264959298,4.84179059089008e-21,0.00384940508369433,0.978299422500105,0.0152454237100181,5.20222193085762e-15,6
"19914",0.980115352684916,0.00202229679194154,0.0178577056368075,9.4591463345171e-34,4.60170949996117e-06,4.26645122715057e-08,4.74881667423209e-17,5.12322150707132e-10,1
"19916",3.47452990652041e-08,1.09922828742612e-09,0.997661111419745,1.79931001476011e-141,0.00233497412082994,3.87861489705871e-06,2.15647951260619e-102,7.08293761587349e-28,3
"19918",0.113008472045277,3.91316205866907e-14,0.00597661131933013,0.0600502441898191,0.00186640583204209,0.497561504386784,0.292396417128796,0.0291403450979122,6
"19920",0.000298986605350441,2.10114851688719e-21,0.000408112876978833,1.63093877247431e-06,6.43470894524361e-05,8.47243435167696e-05,2.21963868160259e-05,0.999120001759113,8
"19922",1.94838931160852e-07,3.40902330418898e-11,0.0609793608915445,1.04164337622688e-44,0.939020444235434,9.12121679306885e-28,1.82420950181578e-22,1.65227328241391e-54,5
"19924",0.97911669786012,1.5432028977799e-06,0.00934619010582687,9.43529625179571e-11,0.000155568604340028,0.00463097171049101,4.69740695209418e-07,0.00674855868127669,1
"19926",0.983038213004214,1.7654066232169e-05,0.0168843806448642,8.59747394423042e-73,3.21240615196303e-07,5.94310440740121e-05,1.65234633752989e-33,4.10063933290693e-38,1
"19928",1.70397564343852e-31,7.67347151958104e-62,1.61675536172343e-09,3.21507554569586e-120,0.0451512984864219,0.954848699896823,4.33669056450729e-83,4.42277961038754e-44,6
"19930",0.0355697150088877,3.63957973139804e-10,0.000135554422632222,1.05221209623598e-05,6.32025446917348e-05,2.16692054105714e-05,0.964199336333457,7.05401588411118e-16,7
"19932",0.00458507426612639,5.26255050021245e-18,0.000102181591167581,0.00123243961448151,1.60283600028725e-05,1.28809427867591e-06,0.994062984299684,3.77425843540478e-09,7
"19934",0.576380131392342,0.246911661353181,0.174114608125662,1.53519457812443e-45,0.0025935991288092,1.76448683031362e-15,1.53724663030595e-36,3.98379931012187e-15,1
"19936",0.998181305632562,2.15730955541077e-06,0.00181464329744435,7.94190396099575e-17,1.03759989134546e-07,8.6077238708076e-07,9.29228060657244e-07,1.44643709021898e-15,1
"19938",0.0343182196464508,0.00513815840576363,0.96049343162158,1.01395600038964e-150,5.01903259056472e-05,3.00026897845721e-13,1.62499527681124e-91,1.16436490361634e-19,3
"19940",0.829396860243127,1.38988538854031e-05,0.00563389689668929,9.50320636499055e-20,0.00310086693452531,0.161854455619994,2.14493187151433e-08,2.46059118272534e-12,1
"19942",1.20462133591871e-17,5.30265603717412e-42,8.28586174662217e-05,5.93690354470901e-101,0.00241308370554143,0.997504057676992,2.72237475832781e-59,1.64036147209288e-38,6
"19944",0.909691715158081,0.0842360476242515,0.000900265249726244,7.52662393891271e-37,1.67291298951569e-07,0.00517180467463948,1.71167056040362e-12,2.9076048466566e-13,1
"19946",0.994031446782536,0.000551420914012094,0.00532383519623736,3.74048745860875e-15,1.56625865177292e-05,3.5607777212584e-05,8.79655201189147e-08,4.19387779601007e-05,1
"19948",5.33709058187993e-18,5.25780725776934e-41,6.31507380452669e-09,7.13892673010253e-69,0.00374285647305682,0.996257137211869,1.53461712409851e-38,2.67130253738213e-37,6
"19950",9.81333047698031e-10,1.54812116223353e-32,1.45866378574065e-06,1.59151187267221e-22,0.000592958323728933,1.12652494176708e-10,1.08188910319911e-16,0.9994055819185,8
"19952",5.33709058187993e-18,5.25780725776934e-41,6.31507380452669e-09,7.13892673010253e-69,0.00374285647305682,0.996257137211869,1.53461712409851e-38,2.67130253738213e-37,6
"19954",0.0134023312098822,1.04087810811906e-13,6.9558013485635e-05,0.00215974176931661,3.54801134168799e-05,8.63411009336046e-05,0.984246547732883,5.99778385870577e-11,7
"19956",2.9783147165572e-09,2.51871187799796e-43,0.97110492036771,1.02731730645382e-23,0.0288875530418736,6.40794461068347e-06,8.07067364464369e-13,1.11566668389339e-06,3
"19958",6.00190238689616e-23,5.08559512401932e-31,0.000257939999847853,1.15338506484807e-75,0.999742060000152,1.44588708181329e-45,1.09211943864544e-58,1.25519181346036e-52,5
"19962",0.421795316793044,1.20801282678154e-09,0.57817720101145,1.35921058277245e-37,1.22799250644803e-05,1.28581000990389e-10,1.04772829739869e-17,1.52009338481491e-05,3
"19964",0.782634479289288,3.41016725133266e-07,0.0317507190297649,9.1755215613762e-19,0.00159589933720876,0.184018561250064,1.63604158082125e-18,7.69497076032853e-11,1
"19966",0.0173028461161422,0.0013934454657528,0.981137682786531,2.58823956065416e-147,0.000146712926547032,1.93127050269607e-05,4.66866437928827e-117,4.53084770000998e-48,3
"19969",0.456303341135781,1.42902574259183e-14,0.0661808738870511,3.65753518370939e-19,0.0235855507048082,0.417366714855169,0.036563519417177,5.89341451419283e-23,1
"19972",0.000627908890407434,5.80066844633579e-22,7.80536110381826e-05,4.18033338615499e-11,0.0345448279345411,0.964749061341363,7.83073729255016e-08,6.98734738563765e-08,6
"19974",1.94395379900855e-10,6.40533437716486e-43,6.59660449084365e-07,0.00479641674249332,0.00418502413631347,0.937101231201657,2.43154943089912e-05,0.0538923525703823,6
"19976",0.990920226224544,3.08574885306846e-07,0.00635919011986424,2.19858415330527e-08,0.000654414050748806,0.00193716679103153,1.70483820044791e-06,0.000126967414884475,1
"19978",0.657614085652782,0.338564376662448,0.00218808962830258,2.89612080476896e-19,0.000173248824356401,0.00146019923209224,2.48621296118336e-16,1.84862561278599e-14,1
"19980",1.43542212221155e-05,2.07086205451533e-26,2.80950081868994e-06,0.994512936759845,5.60096714039829e-06,4.28113890577331e-07,0.000246907916855478,0.00521696252022763,4
"19982",0.0114503415507003,1.65162110760977e-18,0.102332992395112,3.14684007006744e-06,0.0171235265263466,1.82440163918223e-07,9.68555847415964e-15,0.869089810247598,8
"19984",8.08413865654789e-09,5.94029470407246e-24,0.00039255314384266,5.86241010981097e-48,0.00233964761522076,1.28502034568019e-07,4.48063386213626e-30,0.997267662654763,8
"19986",0.00885881396047755,0.900127586770334,0.0901733794247433,4.99776345288038e-178,0.000840219844445285,4.41528076423942e-18,3.45415970416822e-113,8.26736381855091e-48,2
"19988",7.28421073988589e-06,0.954019980525627,0.0431858284267203,4.46663170555924e-183,0.00278690683691271,2.11877283902388e-30,3.33153641935734e-168,5.05165819862852e-59,2
"19992",0.00065188036043602,0.990350318920599,0.0089690110505599,3.15092112733021e-149,2.87896684056822e-05,3.07204986492002e-29,2.19676107910756e-106,1.99012620231736e-35,2
"19994",0.0344159279311026,5.74558519875372e-09,0.000224631254352864,5.09808078998068e-08,1.67219036897866e-05,1.7907339811494e-05,0.96532475484465,2.35255101969059e-17,7
"19996",0.00482891636525384,0.982694873278657,0.00973800852973926,6.93901038743197e-114,0.00273820182634981,2.67304258325318e-23,7.22293622012455e-92,1.11649156764236e-32,2
"19998",0.000100446938723567,7.16928772658796e-19,0.999024022156913,2.15449476940475e-67,0.000549111221819911,0.000326419682543986,6.37485620902466e-32,3.86083434732611e-17,3
"20000",4.89235161287829e-06,4.05675129143425e-32,0.805975034990696,6.3307532082601e-44,0.194020072542434,9.86302078253199e-11,1.66276376996243e-11,2.78638994679451e-31,3
"20003",0.987508273521718,5.5237508634311e-07,0.0103187144759947,3.98269643992262e-26,9.96359170240169e-05,0.0020493340494211,2.34896607560237e-05,7.73469784116154e-31,1
"20005",5.82467360951152e-05,1.55150199217309e-28,9.06102508690932e-05,0.910790599270479,0.000261161603001631,0.00145554775971146,1.88812268160079e-06,0.0873419462571624,4
"20007",0.987334040354571,0.000272655634442356,0.00844013699319729,1.51156037943938e-27,0.00395316700774398,1.0044740834908e-11,7.81515703140744e-26,1.17784823000245e-19,1
"20009",0.000266593031527634,3.72991638933499e-06,0.998751180425432,8.66558417724436e-139,0.000978496606429512,2.02218015242934e-11,7.29676169900067e-95,7.34167213632172e-19,3
"20011",0.265434870751482,2.45682380981716e-14,0.00361833962417643,1.91091029597171e-15,0.222063460935787,0.508882793105065,5.03728532821676e-07,3.18549304590258e-08,6
"20013",0.478034780442944,1.69468012305426e-11,0.0177107540812277,0.00170818674814939,0.000181151257685455,2.69895342122647e-05,0.0275862902265775,0.474751847692256,1
"20016",6.35707370847511e-06,0.0393403508521044,0.371269814989397,8.89669983069956e-177,0.58938347708479,9.2074884701019e-24,2.74963182893084e-136,1.06275387037228e-31,5
"20018",2.47220044327585e-31,1.78467871432919e-12,5.34024610741179e-05,7.60700933849891e-308,0.999946597537141,4.54179308239994e-69,1.78382418626078e-239,3.89360409308148e-118,5
"20021",0.205134592109632,0.791289367555807,0.00207000994306397,2.06753948359703e-48,0.00150603039122279,2.73754814274606e-13,5.65925529691063e-30,7.60571669316509e-46,2
"20023",0.91384736878744,0.0857830331897654,0.000369577943511787,1.49184246357224e-53,1.81682561083686e-09,1.82253290789759e-08,1.12586627578852e-21,3.71285242303755e-11,1
"20025",5.85993117142347e-13,6.78949869588943e-07,0.0205668071451396,7.6313456769071e-164,0.979432513904405,2.90085998591759e-49,7.56480349203925e-140,2.00915581506757e-99,5
"20027",0.00355014325227781,5.84652357289508e-23,0.0128138191282152,2.36987854384144e-28,0.000328380991408984,0.979012996438958,0.0042946601891405,3.49865376841222e-26,6
"20029",0.00460202271066567,1.40624155776326e-22,0.00618976405270236,1.39140956293422e-10,0.0171728428313834,0.965614320311621,0.00642104995074044,3.74626563142103e-12,6
"20032",0.00273244574504983,1.22810195803643e-18,0.000343508083309551,5.48113804501999e-15,2.55439987676331e-05,0.00313461957866441,0.993763882594203,6.23715115048963e-21,7
"20034",8.61656822470752e-13,2.7647898902493e-33,4.09392411925807e-06,5.87402164025102e-67,0.00444467170070207,0.995551234374317,1.68799699191845e-26,1.57468866253e-39,6
"20036",0.00553055128230781,4.57527133317398e-16,0.994467032821601,7.98648616924669e-40,2.41069493803239e-06,4.05270826526444e-10,2.7300013395377e-21,4.79588214370014e-09,3
"20038",0.0154181211050919,0.97219393500167,0.0122975624897159,1.05617000197397e-104,9.03814035218112e-05,1.00714053187969e-19,1.4879824895141e-75,1.56074130456081e-55,2
"20040",1.7470755961011e-12,2.24054860647799e-06,0.278457564907221,1.23312851431625e-236,0.721540194542425,6.40154919206978e-22,2.3642657018281e-163,4.08578152217864e-49,5
"20043",0.0496780240663245,0.919675782281187,0.0258182221491169,3.44911414364978e-56,0.00482797150337145,3.77934702710735e-23,5.39195905052227e-39,3.99509615351458e-34,2
"20045",3.40430050001795e-08,0.892696879127873,0.099944634676008,1.76673622005612e-189,0.00735845215311351,1.03134172404153e-40,6.48652870374404e-167,2.18035591405275e-45,2
"20048",1.63408833625041e-17,2.17020931245022e-37,2.33158277828906e-08,6.59659285033774e-19,0.00367130397682842,1.67375327727711e-13,5.18454054300095e-50,0.996328672707176,8
"20051",0.809509989043146,4.16750683472269e-05,0.170203327061521,5.83460087136612e-17,0.0202450088269858,2.46615149109137e-25,5.5540282305974e-19,1.75723856870177e-17,1
"20053",0.94020676434925,0.0128133776760946,0.0466610467011665,3.64313013424921e-86,0.000318708001226688,1.03240986473595e-07,4.70804632505916e-28,3.12757596605528e-11,1
"20055",0.0644879784006331,0.00195532987876588,0.913622810331913,6.31160594072572e-89,0.0199338813886881,3.10444869749232e-16,1.19030835423824e-65,9.6714927431275e-69,3
"20057",4.09777265482161e-47,2.10461268038779e-69,4.92302917936228e-11,4.76900075070793e-129,0.99999999995077,6.533874148166e-44,9.42632935480805e-115,1.39013847886731e-66,5
"20059",0.907434782119722,0.0236835741093276,0.0688806361722804,7.47962495361481e-81,9.98967943093995e-07,8.63072714053484e-09,6.94544224610881e-40,6.72074560477932e-24,1
"20061",0.987127685502876,0.00795395004762121,0.0048644326713668,4.23208062405255e-36,5.38912789951321e-05,4.04991412113708e-08,3.25269798832779e-25,2.84003782997819e-24,1
"20063",2.60210896806935e-25,1.20425056364473e-26,0.000385484366117605,2.69449051406541e-160,0.999614515632144,1.56744722819054e-22,9.34881268447483e-146,1.7387006676382e-12,5
"20065",5.93095145283621e-10,0.0497650675292368,0.665573754098365,3.32173805106519e-168,0.284661177779303,1.10599457884321e-52,9.66717830630128e-134,6.47166572280172e-112,3
"20067",0.00413595242608447,0.670116244419699,0.317707794702648,2.27647883986379e-112,0.00804000845156756,8.21739774164458e-32,1.26127435142833e-68,1.30955058694422e-15,2
"20069",0.00011993650362682,2.3701976475331e-24,3.69157999875088e-05,0.732575023632616,4.25718775007438e-05,2.01154886897572e-07,0.000234855284869095,0.266990495746512,4
"20071",0.00546532567877687,3.45185124021019e-11,0.993478547780812,6.51407012829312e-70,0.00105523504028598,8.91465606133778e-07,7.40945353724921e-50,1.50540952685095e-25,3
"20073",0.00356381523070837,2.20736988441727e-15,0.00590449934542815,7.16137560235576e-18,0.00569647225343537,0.00058963967022656,8.74875444600846e-10,0.984245572625324,8
"20075",4.23507530741686e-22,4.27010888556926e-34,0.00138866975717843,3.09012137690604e-108,0.998611330242822,2.96756824417432e-46,2.38336871337538e-85,3.73796085211294e-71,5
"20077",0.26303265765908,0.726002311821552,0.0109633657746653,5.3954813273444e-59,1.66462911042318e-06,1.02766556003476e-10,1.53493901637269e-37,1.28254035805468e-11,2
"20079",3.63434761044526e-05,1.63256069605699e-11,0.0374843344211676,8.60095073870218e-43,0.962479322063105,4.74697915251285e-23,4.40104357229373e-45,2.32968520113507e-11,5
"20081",0.0139001595470096,0.549330178221102,0.42240185187682,5.86304144491272e-61,0.0143678103550678,8.97537465775018e-27,6.69552901535818e-53,1.11975276298797e-31,2
"20083",3.78510416546316e-10,9.42140077577068e-27,0.905829673645804,1.30426874983889e-85,0.0941701024784918,8.72537169239916e-11,1.58745151071081e-61,2.23409939890541e-07,3
"20085",2.23519319506515e-06,0.982045486895396,0.0163168646429061,1.09890363695955e-185,0.00163541326850238,5.91688383221192e-36,3.12013241238469e-152,6.16374261916475e-68,2
"20088",0.102652663368058,0.893591771587004,0.00373412920306992,8.67159223243507e-77,2.14358418683452e-05,2.50330965590465e-22,4.33341040749064e-56,4.63698947476226e-33,2
"20091",1.80769522082053e-12,1.3792267881977e-09,0.384617399411327,7.80539092982425e-98,0.615382599207638,8.75082868989937e-44,4.58199524464847e-89,6.84010613925232e-46,5
"20095",1.22697354300594e-09,4.92898856853068e-21,1.39456175867786e-05,7.0233085774793e-102,0.999956135971388,2.99171552635578e-05,8.85457487900636e-64,2.87880023316216e-11,5
"20097",3.68353901269054e-06,0.981691797614596,0.0179013107319049,5.26827947726867e-169,0.000403208114486883,9.5762279566862e-41,6.39319000365625e-151,3.78171218580986e-70,2
"20099",7.87422576731628e-06,2.79318018726624e-06,0.000152303246503157,3.77260334427249e-93,0.995793595663388,0.00404343368415408,3.1855927129212e-83,4.90870966941155e-19,5
"20102",1.21785574093518e-14,1.75442264666415e-22,0.00143322414437221,2.27010314284847e-61,0.998566775822333,1.46657421492352e-34,4.58658068385166e-70,3.32822621585559e-11,5
"20105",0.0871474572037859,0.426285304203357,0.00845683747696696,1.64778919618054e-40,0.478110401115891,2.46629014813242e-23,4.87586037565663e-57,7.10117116201439e-23,5
"20107",0.247829216716643,0.740038676050662,0.0118955372833295,2.78331783755478e-85,0.000236569946900129,2.46512099017034e-12,2.55112744581708e-64,7.06565636936274e-28,2
"20109",0.0704161501621429,0.00262036980887036,0.0273461202434521,2.49013376122504e-56,0.899527360905044,1.12073345720832e-06,1.53881467251056e-40,8.88781470328179e-05,5
"20111",3.193719961879e-15,8.91920328745854e-35,0.000104632376371746,8.59097214128405e-35,0.999895367623625,1.43986760499707e-26,3.53985198016695e-24,2.50242089468204e-35,5
"20113",0.546947812263863,0.000810661549678125,0.451082759964892,2.13388472044402e-86,0.00105291395555487,0.000105852266011642,8.36104962003063e-51,6.19198104653638e-41,1
"20115",0.00060056159449049,2.47113279427435e-24,0.0286493812470344,5.17514358396787e-24,0.956044431740674,5.17040270229531e-06,0.0147004550150984,7.18374754392439e-33,5
"20117",1.60246181281315e-21,3.10813378891238e-26,1.52465708595974e-05,3.53727486267981e-206,0.999984753429102,3.88558753174688e-14,6.73571333916091e-141,3.62799395373228e-80,5
"20119",0.00332150891865179,0.00178741841279817,0.983472415974597,1.94304473117905e-153,0.0113856368709748,3.30198229780089e-05,5.35529708005226e-95,7.11243821460596e-57,3
"20121",0.142387587053148,0.855065490153095,0.00254650649429902,1.61550119294982e-129,4.16299442663716e-07,1.6013675125501e-14,9.34189112280107e-75,7.42917467452042e-36,2
"20123",1.28174735260053e-11,6.21207467792077e-10,0.9915793206523,3.51102445307209e-138,0.0084206787136753,6.05493889921858e-48,4.90740107085606e-100,9.62650025876555e-74,3
"20125",0.01051906124276,1.12292534575858e-15,0.00085086894081537,0.643394721828053,1.71214633882256e-06,5.54736600058855e-07,0.345164322477087,6.87586283451966e-05,4
"20127",1.37278527930631e-06,0.981394296360811,0.0139746012969512,7.85099767886142e-120,0.00462972955695838,5.70362269422557e-31,3.33418250711401e-136,1.11822358352902e-36,2
"20140",0.296372953120174,3.16023464628693e-07,0.703611767498123,9.07391148420374e-88,1.49633547891649e-05,3.44884415551585e-12,1.28217425190513e-47,1.23846981953142e-51,3
"20142",2.56669239142085e-08,2.56590729978119e-30,6.75530653053409e-05,2.24890900103181e-05,0.000144535996793526,1.13610084749531e-09,1.41013326157354e-12,0.999765395043456,8
"20144",0.00996664978356236,1.02119162902022e-22,0.989938213944435,2.13441730894132e-16,1.71330630625235e-05,8.10091318116475e-11,7.80031279155112e-05,1.53851920210082e-14,3
"20146",0.00833117210043311,1.70580224277882e-17,0.990933289691699,1.59041739316667e-22,0.000730975942776959,2.2055509625595e-15,6.85536669802836e-13,4.56226440287468e-06,3
"20148",0.937869806204684,3.23383085475084e-07,0.0045202192488757,1.17098468052359e-11,1.6787564759049e-05,9.50626927769889e-09,0.0575928540806171,1.13844604172487e-17,1
"20150",1.24124056974032e-07,9.62662772854091e-36,6.34437588172979e-07,0.990260412919324,5.21405246690993e-05,0.00256360369670498,0.00627965431751212,0.000843429980144206,4
"20152",0.993356171284565,2.01844838515452e-05,0.000676150877530786,1.02632488772139e-12,2.16032142297033e-08,3.93350005908849e-05,0.00590813672953554,1.96854048113454e-11,1
"20154",9.47728875253069e-14,5.11320495712307e-06,0.571931894542876,5.52255729634472e-134,0.428062992252072,5.86202104937609e-62,7.69654350867878e-130,1.57258806172135e-45,3
"20156",0.326986108885093,4.68463624174469e-06,0.672697178402547,3.75826332128202e-55,0.000312016463072712,1.90332115355813e-10,1.33779224243548e-40,1.1422713265872e-08,3
"20159",0.000124003578771608,1.28013366535813e-25,0.00213081035224194,1.90666315010857e-10,0.000205615840972798,2.71572911703692e-09,2.95416865398262e-11,0.997539567292077,8
"20161",3.25253645631807e-07,5.26717147285621e-22,0.911846621844243,2.22278449587238e-38,2.21327695421316e-05,3.79768680223033e-10,9.02313890914732e-31,0.0881309197528005,3
"20163",0.85949467635884,2.39175542592604e-07,0.0754599689500164,9.09563046167389e-41,0.0650451140225551,1.48418014311368e-09,8.86554591207317e-12,4.66961136703471e-48,1
"20165",8.05518257962167e-07,1.1132511104344e-09,0.000682914650476152,1.09320727533802e-49,0.9677719794598,7.24302879017409e-19,9.43219373239142e-59,0.0315442992582151,5
"20167",0.0777312857463151,4.11234097820503e-08,0.000230967297228246,0.892998852539689,0.000165397641673576,7.95227333387285e-07,0.0288717165637538,9.43860597445319e-07,4
"20169",7.02859721699054e-14,2.07379462607526e-35,5.42354141024769e-07,4.75717368704342e-14,0.000541082373603514,3.76499727927402e-12,1.44034636347317e-31,0.999458375268373,8
"20171",1.12088631944448e-20,4.37198587414703e-10,0.0434415175106064,1.49656656597806e-172,0.956558482052195,4.96056757149906e-72,1.67877025358036e-170,1.27640162776135e-51,5
"20173",4.19964797106968e-15,2.46215887480898e-20,0.0266723638579819,2.25292383133256e-104,0.973324247847313,3.38829469490055e-06,3.31641855214259e-92,5.70871778961663e-15,5
"20175",0.976680766800266,5.90911730288331e-11,0.00928277218438047,0.00356873228092084,0.000691732468363503,0.00829978227903476,0.00147538269744062,8.31230502695934e-07,1
"20177",0.00122407640787391,2.45783237238495e-06,0.73162081206413,8.27732045061317e-107,0.0103317613273191,0.256820892368304,1.3961186064296e-66,7.90920481110851e-22,3
"20180",0.00378227981989838,0.964796147273206,0.0297967094463364,4.1001719529245e-148,0.00162486346055936,1.03727196492302e-18,1.56456846733827e-86,8.8825147682227e-84,2
"20182",7.47724157877859e-39,6.58070065782701e-80,1.43814308752042e-14,2.24477099212074e-50,0.999999999834089,1.64917458407672e-10,6.9947779842396e-65,9.79353090613209e-13,5
"20184",0.00136102171192249,1.90085069697082e-16,0.00268876419363173,2.14036898306816e-15,4.92602290700897e-05,3.78099737001441e-06,2.35677591856017e-10,0.995897172632326,8
"20187",6.02425898134318e-08,1.60715523475333e-18,0.865518995863963,5.05744850215642e-79,2.40558321902674e-05,0.134456888061206,9.45150687323204e-43,5.10970255986717e-14,3
"20189",0.881814435696492,0.0903649799134031,0.017174673795409,4.00456215706398e-42,0.00560654406538435,0.005039366529312,1.64658702988185e-29,1.71706653233806e-31,1
"20192",1.60036146496084e-11,9.94149542606822e-12,0.0526424756718499,1.40754533017823e-138,0.947357524302205,1.0194966056511e-24,1.11827363851292e-78,8.87969821018761e-84,5
"20194",1.07088327213981e-08,2.07506989385277e-35,0.765961998089726,2.04207456125028e-35,0.123353717414081,0.110315928095208,1.27410075582113e-19,0.000368345692152498,3
"20196",1.30182923751859e-08,0.195322156179751,0.173292139224576,3.93998773706858e-140,0.63138569157738,3.81184538667146e-38,2.93359677065581e-119,6.20009606396307e-61,5
"20198",0.998544633919433,2.31540113762704e-05,0.00143217734319239,5.93952447957775e-32,1.35410537126038e-10,3.45904746047939e-08,1.0903462813218e-13,3.70137700706305e-15,1
"20204",3.70551050980819e-05,3.96337557025496e-24,4.11344222838236e-05,0.99843461741851,4.07072511610677e-05,5.83962001140126e-08,0.000996468098444974,0.000449959308301722,4
"20207",0.000198650557579773,0.387234938364636,0.611524425094462,1.77037622428216e-99,0.00104198598332206,5.98391525161154e-35,7.24449813369828e-104,1.65682854004427e-23,3
"20209",2.79741951301633e-06,3.17118532383399e-27,0.655113639362117,5.03383660220225e-79,0.344882825951434,7.37266935877894e-07,1.18061317586821e-27,7.35717465413119e-63,3
"20211",1.55958538156856e-10,5.61929480242955e-08,0.736132963683021,1.10849351686104e-93,0.263866979968072,8.27936807898457e-58,1.19670567631087e-74,1.89410439022745e-60,3
"20215",0.626249372255872,0.15625500790621,0.21597872766349,1.95892414801697e-57,0.00151689217442815,2.74141967550612e-19,7.74328918711011e-47,7.91858976034458e-30,1
"20218",1.20535307001912e-06,1.34708747311111e-27,1.94604593212451e-05,0.216163772642664,0.000691768592224492,1.71164975189662e-08,1.80875515775436e-08,0.783123757748671,8
"20222",0.00443653617469118,0.0952431937811858,0.78816781552241,5.0240076114817e-53,0.112152454521713,7.30401592185608e-36,1.00225525407767e-63,1.05598766869916e-30,3
"20225",0.00270540208020016,2.74362702512567e-26,0.997080876817972,3.52845182158686e-21,0.000213032260245883,1.11933057840656e-10,6.8872964416048e-07,4.98342489343654e-15,3
"20229",0.00347859997816061,1.39447602069716e-15,0.996380283297704,4.25370615575456e-62,0.000141116724133239,3.58112712918012e-16,1.73700946139021e-33,2.66014772576825e-32,3
"20232",0.843131722129335,0.000466196034220413,0.152121809564494,1.06124502994144e-55,0.00428027226472276,7.22704187882601e-12,2.0314276000117e-32,2.9036115662623e-29,1
"20234",6.67861231335395e-18,0.00220209925115526,0.0112747867507024,6.87944443936596e-250,0.986523113998142,1.04761162507685e-43,7.38704817715424e-217,8.36432073568196e-114,5
"20238",0.531278818631783,0.183362522519212,0.236644120406942,8.60535546456534e-87,0.048714538442063,2.18339391615172e-19,1.34816342437471e-69,5.80034704653746e-29,1
"20253",0.0067606884461989,0.871493167213342,0.121689868544769,4.35918001600418e-110,5.62757956901764e-05,2.21742961953792e-22,1.40889688319094e-102,1.44052705839861e-35,2
"20255",0.0472258072968484,7.00564254097221e-13,0.00257166460805479,2.28083375445926e-07,0.000361213329192408,2.28419631463203e-10,0.949841086453407,1.8856315003404e-15,7
"20258",0.00413793705494521,0.993156217990965,0.00164974682841455,2.13410406200993e-79,0.00105609812567497,2.1186399620834e-18,1.32937826463667e-76,3.14212889196234e-48,2
"20269",0.301116025615731,0.321177041318355,0.0227322096466218,4.41381405813223e-28,0.354974723352777,1.95386871946866e-11,7.22755758291752e-47,4.69767098916827e-11,5
"20271",0.000992590523001605,0.313266143457502,0.15875860272076,1.25391718582357e-107,0.526982516033813,1.47264922997359e-07,1.00447030914162e-98,3.98099091487405e-60,5
"20285",4.26498114879301e-05,1.26117408573866e-22,0.221573044951416,2.12092464891633e-67,0.0001044939455088,0.778279811291587,3.68280727313142e-40,5.27983527945733e-16,6
"20288",0.90415155454233,0.00620195452265999,0.0782923000183363,1.37268845493574e-50,0.0113541909166718,1.3680921283043e-15,3.39167254762064e-51,1.27509061517664e-26,1
"20291",3.4384036707304e-06,0.00907209182763666,0.860639198027421,5.32228329951293e-135,0.130285271741272,3.28302105816299e-26,5.54673761776188e-114,3.03131553115566e-41,3
"20295",6.64643492570197e-05,3.05444205366621e-08,0.00657974552270953,3.2269262408818e-56,0.993353727051237,3.25323758863281e-08,7.96287896481238e-44,7.61209722543424e-28,5
"20298",0.00160825057238232,3.37407872696665e-20,7.77841923568584e-05,5.76646144422219e-10,8.00810438275895e-07,3.37086555560947e-05,0.998279455158073,3.45477401071158e-11,7
"20302",0.0139773502680437,2.51395735919648e-17,0.0484110242088384,6.9118254869732e-19,0.000705982966234239,0.00939913926595461,1.60476108773268e-08,0.927506487243318,8
"20305",0.000838705266884328,1.17164582071346e-23,0.000100570458878133,2.55497779127786e-21,3.2528192861547e-05,0.00152671297964424,0.997501483101732,4.21274721556377e-21,7
"20307",0.029887896805349,0.960389036408696,0.00968350563286265,7.66322933229027e-107,3.95611530924374e-05,2.17768879821419e-21,9.16268198211129e-96,2.76985561422215e-34,2
"20310",8.15315155756294e-12,0.069363060510861,0.00138911334318231,1.24865519484631e-207,0.929247826137804,3.88754090453048e-38,7.78351578711835e-183,5.04320190684994e-77,5
"20313",2.43898409948588e-13,3.02606706795359e-43,5.48186544300471e-08,1.07884230458604e-30,0.00233625626970509,1.90279670625627e-06,2.37280610695208e-18,0.99766178611469,8
"20315",0.0817404056900343,0.81722833731678,0.0857828604926378,2.87540986382823e-85,0.0152483964334125,6.71356545728094e-11,5.78085987222902e-87,3.08405899639974e-38,2
"20319",5.25257907051689e-07,0.000393536904590988,0.97833203254451,4.38426963820887e-139,0.0212739052929915,1.48357628864997e-45,1.01639281038131e-102,7.40949169284411e-69,3
"20321",0.0014358602732761,0.920121551337206,0.0606150592877394,8.49821668996445e-94,0.0178275291017782,6.55244026808293e-25,7.88417710049859e-92,1.94653257356002e-34,2
"20327",0.00312642049094476,0.982152514656762,0.0037819852229128,1.85513249940337e-106,0.0109390796220615,7.31911147800983e-12,1.54761653912973e-90,5.42157511211526e-42,2
"20329",1.79446718243527e-14,6.33852612895171e-42,0.000345728143248819,1.73254744041951e-56,0.00183445717417067,0.997819814682417,2.22101245977432e-24,1.45975487148584e-13,6
"20335",2.53487030572205e-07,0.698869666041766,0.130872334890864,9.27986580703157e-136,0.17025774558034,6.15954452311112e-47,1.29379672713069e-117,9.15754300999949e-43,2
"20337",0.000490061223855478,1.07828541294129e-22,0.000257151967288728,0.0050711308646258,0.000222017267878902,1.15993461046571e-08,7.94901543941606e-07,0.993958832175461,8
"20339",1.68465464769338e-09,1.38031977381446e-21,0.998278142223937,1.3258467186024e-123,0.00172185609140826,4.91650323895323e-29,2.91356526173481e-55,5.67711634595866e-70,3
"20341",4.14025442799808e-13,6.69005093893863e-09,0.888703586597918,2.21967615390491e-140,0.111296406711617,5.26886688540562e-44,2.7160476827407e-126,1.24587477546103e-26,3
"20343",2.52321105367275e-07,0.021711749438207,0.969139384778925,2.98402398230001e-166,0.00914861346176289,3.64499637621304e-36,3.62081257143085e-125,3.4489998445149e-26,3
"20345",0.656977473922915,2.60483441895185e-10,0.00868790707722701,1.51091983649797e-33,4.92489827321162e-06,0.334329680135921,1.37051801486154e-08,7.61754857588475e-31,1
"20350",4.38231486833898e-07,4.5648668925166e-17,0.999997269923746,1.30691205357221e-94,2.29184476687393e-06,3.34396411291553e-16,3.06896539197808e-60,1.8462058935644e-26,3
"20352",1.95462106835372e-11,2.59851574550116e-29,4.34889814890259e-07,3.81879870085819e-15,0.000853691361163138,5.29620805149924e-13,3.33563290801664e-27,0.999145873728942,8
"20355",0.000163157475223576,1.19881648924934e-16,0.921777479610473,1.0388645645113e-51,2.10862539287035e-05,4.3241126892565e-09,1.58759641881448e-26,0.0780382723362615,3
"20358",3.77472720527387e-12,1.84117844802119e-41,1.06101695316351e-05,1.19806307765819e-24,0.00546324556717698,0.994526144258727,4.03109134925878e-14,7.49549568299096e-13,6
"20363",0.0257533463728959,0.96169582912704,0.0102106156984144,1.04915306181726e-69,0.00234020880164959,6.38351874549351e-23,5.40976488574765e-67,7.33974899419202e-30,2
"20365",0.00296978606987529,0.0254938185909716,0.957256802443659,1.04751582237674e-60,0.0142795928954939,2.18725296187478e-24,4.25008490151986e-55,3.73176890130065e-43,3
"20379",0.392154619652531,2.95241502197272e-14,0.587553373611259,6.22977503850564e-09,0.00591751729244771,5.00211520407303e-05,0.014324462059728,2.1891915614498e-12,3
"20387",0.0421855027335558,0.953109197461222,0.0046127190298411,2.01429839509375e-74,9.25807753809197e-05,3.34427104306468e-21,7.09528453594379e-49,7.32559172726429e-32,2
"20392",1.00671492636333e-11,2.03458112112888e-06,0.523249775918322,1.36540966956954e-114,0.47674818949049,5.87060740405384e-63,1.47873255824818e-86,5.20504249462279e-82,3
"20395",0.970298320227911,1.22105371956812e-05,0.00219767502264906,3.30815079487508e-10,1.48702931254917e-08,3.22166493795453e-06,0.027487931326438,6.26019759753327e-07,1
"20397",2.19555966980653e-30,3.58045167038736e-68,4.02223232679798e-14,7.52998335266074e-71,0.00188919123519755,0.998110808763772,2.37991491581959e-43,9.90316747290933e-13,6
"20410",0.398348186946074,0.586390014837119,0.0127342356370062,3.24014059381871e-72,0.0025275575559799,5.02382016171368e-09,4.83326986461088e-39,4.23319864978238e-58,2
"20414",0.0510873775158035,8.6833255730528e-15,0.0008485059676866,0.902427199301531,0.0452661434543654,1.10952722193416e-07,0.000367421265930109,3.24154195227849e-06,4
"20417",1.24116886576572e-36,6.96814889501774e-18,1.13404735244018e-06,0,0.999998865952648,4.03296657981961e-54,1.00422993032218e-298,4.15987067435539e-135,5
"20419",0.000342507204662965,0.96842287503399,0.0080888730720521,4.09233445612306e-103,0.0231457446891453,1.49245602554428e-13,1.43737815307212e-114,1.40965307857857e-34,2
"20421",0.00222816970353467,2.82937491059458e-13,0.960102776715117,1.76030577081675e-15,0.0376212583844024,3.66662200459673e-15,4.96667415956602e-19,4.77951966572324e-05,3
"20423",0.00392234364139934,4.29231488865187e-17,0.00107402653858511,0.99408864656479,0.000215134360433819,2.66353637564016e-09,0.000175420540512932,0.000524425690741784,4
"20425",0.139413939328511,3.18229383097632e-16,0.268344385051651,0.000267398332418063,0.0711185942094387,2.89238752500351e-12,2.40284549757858e-09,0.520855680672243,8
"20427",0.995315117288633,0.0013970441597613,0.00315095189350869,1.01693957944167e-12,0.000109785371921731,1.0482047513192e-05,1.66192376453621e-05,6.9798058172154e-21,1
"20429",2.14707694179553e-06,6.34796052921148e-05,0.996953946470034,7.94519966905756e-152,0.0029804268477323,3.4902251736334e-19,1.83168214575319e-115,6.12040323387883e-27,3
"20432",3.68630202145487e-05,6.03651950191751e-25,0.000517237620080211,0.993873776495597,0.00517544693243764,8.26092479746104e-05,3.71195535429707e-05,0.00027694713015304,4
"20435",0.931323994652106,0.000256665154857132,0.0675138423965519,3.85223761837007e-48,0.000905497796468956,1.64262549853503e-14,1.59409693944571e-20,5.28579425490072e-42,1
"20438",0.0156519978229537,0.233336925257186,0.75097580217989,6.41395117002027e-118,3.52746906079104e-05,4.93498492166952e-11,5.40538962251376e-71,1.21405401570574e-14,3
"20440",0.00107513493734523,0.972770416079178,0.0122896306871958,1.45723316396113e-95,0.0138648182943123,1.96863141806521e-12,2.57908017878954e-102,3.57764086504221e-25,2
"20443",5.41064394870602e-07,1.37108080970903e-20,0.0590740496788197,1.60406617669586e-56,0.0453160671519975,2.77914884966896e-11,1.61553500283878e-37,0.895609342076996,8
"20446",0.599177078562425,2.77571861289701e-08,0.399097500058988,5.17906048699299e-41,0.00172531793122401,7.56901761133564e-08,1.63294802434491e-29,8.61414865452974e-16,1
"20449",0.983259626465583,0.0155884605584062,0.00115190450289622,6.53910629286061e-56,6.18616927463357e-09,2.28694537516901e-09,8.78738648632651e-32,1.80543440340369e-22,1
"20537",0.000819953662716662,0.0125803317223963,0.981604299211076,3.20875957057781e-81,0.00499541540381168,6.15194564407529e-28,1.92045257115615e-59,5.00623386121467e-29,3
