"","V1","V2","V3","V4","V5","V6","best$classification"
"19812",2.53725022160359e-06,0.0168967518789434,0.0463034290497437,0.000126312366406464,0.000467601099920478,0.936203368354764,6
"19814",0.00254464335341175,0.00119783749281829,0.000989024112866731,4.21154511991392e-06,9.65297320304232e-06,0.99525463052258,6
"19816",1.4819622470912e-06,0.976025045365631,0.00991644889930374,9.03520152479101e-05,3.66315115205025e-06,0.0139630086064181,2
"19818",0.00904996784863809,0.0344762194131334,0.000612683387725232,4.26585000986557e-05,2.79605932115086e-05,0.955790510257193,6
"19820",2.23612008595358e-09,0.999815468414385,0.000149070632193282,5.35652461674881e-08,3.5166142276594e-05,2.39009779010735e-07,2
"19822",4.28781929852243e-06,0.922311413524054,0.0279549840937821,1.61353918148099e-06,0.0497210584632836,6.64256040022408e-06,2
"19824",0.00109649902063125,0.99805986584892,1.11358809425191e-05,0.000173834368257493,3.73831161356782e-05,0.000621281765113176,2
"19826",5.57764666667353e-05,0.0254873629703401,0.129008717462678,0.0154364114573469,7.46021283382115e-06,0.830004271430134,6
"19828",2.00908687051092e-06,0.999108078182968,0.000199867068048895,2.84440809927788e-07,0.000208740567715713,0.000481020653587038,2
"19830",0.000162937192794222,0.000139523266066297,0.0911839312587412,0.00180073472438692,0.000273389598107492,0.906439483959904,6
"19832",2.75993411316949e-06,0.116629718215991,0.0410627809818252,1.00692480655251e-05,0.625717203340053,0.216577468279952,5
"19834",0.000133103649862026,0.282699701842518,0.685083320628679,1.27554138464287e-06,0.00361348574405388,0.0284691125935023,3
"19836",2.79777697528587e-06,0.280757628649503,0.0147754980419264,0.143334575506864,0.000177245844517187,0.560952254180213,6
"19838",0.000544694666619534,2.62588596659992e-05,0.00107912661559224,8.77905002601156e-06,3.5810950931056e-05,0.998305329857165,6
"19840",6.42924101335877e-06,0.211938969148932,0.742657382408306,0.00120764994026778,6.36463325732153e-06,0.0441832046282239,3
"19842",1.7668508248625e-05,3.7977417687904e-06,0.000806562312819615,0.948346126061865,1.09794562015009e-07,0.0508257355807361,4
"19844",0.999950913985744,6.93131547067639e-06,3.89561855082814e-07,2.22608501246957e-05,4.10422423437395e-08,1.94632445630394e-05,1
"19846",0.0939408939703721,5.32924501501609e-06,1.53161108636904e-05,0.00464587202940882,9.35408964031545e-08,0.901392495103444,6
"19848",0.0359379690256411,8.01091174840054e-06,3.65655895086979e-05,0.000285766268891592,3.42101126826826e-07,0.963731346103083,6
"19850",0.232813654541802,0.000123919499402883,0.000202957197645817,7.06942328549118e-05,2.31180553615545e-06,0.766786462722758,6
"19852",0.00050700646649675,0.654893918081918,0.0103698852618515,2.30636525163734e-05,0.000143857018660854,0.334062269518557,2
"19854",0.00386146022190781,7.58309294947437e-06,0.000102830720478067,7.24316973127366e-05,8.27212615279916e-07,0.995954867054737,6
"19856",0.981481543024497,0.000457096165366916,0.000654939629435551,0.000223519302625413,8.94582998587349e-06,0.0171739560480888,1
"19858",0.977337476963868,0.0195869227386375,0.000137945236393867,2.96122098320748e-05,0.000109199889288258,0.00279884296198007,1
"19860",5.33010448364808e-05,0.241950665012109,0.193519214906612,5.18631345815845e-05,6.46293586308683e-05,0.56436032654323,6
"19862",0.00472928616603248,2.49444140357374e-06,4.11112103058733e-05,0.0164558918284416,1.03752933833863e-07,0.978771112600883,6
"19864",2.41607357008025e-06,1.8160568471335e-05,1.51543173383253e-06,0.999970427452787,8.15763813325186e-08,7.3988970564174e-06,4
"19866",1.5228017070965e-06,0.885717752349987,0.0858629873420951,0.0258246743592027,1.03962877119087e-05,0.00258266685929551,2
"19868",7.2896495747408e-05,5.17517673196944e-06,0.00510016212628887,3.58408271942046e-07,0.994753542955581,6.78648373783166e-05,5
"19870",0.00194296552290063,0.000175677105774095,6.90503093449958e-05,0.00127599739714127,1.40473202867848e-06,0.99653490493281,6
"19873",0.000750625287928223,0.0205489476876365,0.00170898096071441,0.00220242179736739,4.69686044973167e-06,0.974784327405904,6
"19875",7.7580918084422e-08,0.961167150258166,0.0361208949686624,1.09778630650042e-06,0.000233871699587373,0.00247690770635958,2
"19877",0.00199845149498869,0.00223244936229374,0.00509410827193925,0.000107567400583305,1.3239044446598e-05,0.990554184425748,6
"19879",0.00537853559658882,0.251820817457487,0.0301672678089594,0.000241745805474785,0.000952305544559035,0.711439327786931,6
"19881",0.0013362406410611,0.00754648035488738,0.00486534501918178,0.0267053953008443,6.72612824680205e-06,0.959539812555778,6
"19883",8.2337555121545e-05,0.00245579771936376,0.00230256877818785,0.315369524860783,7.54505054742438e-07,0.679789016581489,6
"19899",4.82148656570206e-06,0.0253968420208649,0.938979113450564,0.000240578563402491,0.00038889379955798,0.0349897506790448,3
"19908",0.000300898507317023,0.00325563466587026,0.977731984947597,0.0175001628402029,0.000978882565479,0.00023243647353339,3
"19910",0.000318640700512005,0.328943734876923,0.00224767053926753,0.000427319155700125,4.70666861593195e-05,0.668015568041438,6
"19912",0.000868301992787602,9.75632014576735e-06,0.00646960070480482,0.588725985826285,3.29620128906979e-07,0.403926025535848,4
"19914",0.000952779242322732,0.100912805638369,0.445165150074995,0.000101316494379442,0.00231758737714554,0.450550361172789,6
"19916",0.00033370521190395,0.753178152530472,0.000573317956011864,0.245580606699735,4.86466338265725e-05,0.000285570968049749,2
"19918",0.0777633580068381,0.000239233254047636,5.72162935290296e-05,0.00253509984868001,1.28928570785555e-07,0.919404963668335,6
"19920",0.87168253915896,1.44231862307888e-05,0.00011283060270518,4.36534549376113e-05,8.20403064495849e-08,0.12814647155686,1
"19922",1.25793761489518e-05,0.01092911332341,0.000134610490202541,9.20622988848288e-06,0.75180206028573,0.23711243029462,5
"19924",0.0268061072154444,0.00575011078891677,0.00637556288612339,0.000216756345815657,5.75260288221093e-06,0.960845710160818,6
"19926",5.17794754905018e-07,0.151754636632146,0.756375797384574,0.00837010619997471,0.0052654003403671,0.0782335416481834,3
"19928",1.57960319372862e-06,4.32208816697782e-08,1.6774406235852e-07,0.999997004986652,5.66537062025507e-09,1.19877983939804e-06,4
"19930",0.000119127451504046,0.000446285906708723,0.000158472021072383,6.57822915304192e-05,5.49444749167334e-06,0.999204837881693,6
"19932",0.00129824737537692,1.75364674271106e-05,0.000137591309661864,2.07913914141501e-05,3.13201044258933e-06,0.998522701445677,6
"19934",0.000110956427267359,0.935949778624708,0.0348081125315988,1.26519791509811e-06,0.00164163482783122,0.0274882523906796,2
"19936",0.000166843289994614,0.00632535038109191,0.057624447220054,3.21982781697022e-05,0.000288691356314348,0.935562469474375,6
"19938",4.81438801333072e-05,0.873775174751016,0.124279210691141,1.30863242456178e-05,0.00166676833885194,0.000217616014612419,2
"19940",0.000464298433182471,0.0699591862919221,0.000478754392297285,0.0291611919675251,6.15054189446772e-06,0.899930418373179,6
"19942",4.3732875314591e-07,6.92296929544194e-07,1.33153217346677e-05,0.999975585607304,2.21295549738455e-09,9.96723232268532e-06,4
"19944",3.52232898729388e-05,0.757537741561609,0.0176670644269804,0.00164785938543857,5.08989715662692e-05,0.223061212364533,2
"19946",0.0187657791778643,0.081386663216286,0.00795826352474189,0.000182910276779517,4.42004339069567e-05,0.891662183370421,6
"19948",1.63155884691289e-06,7.94601513400102e-07,2.13441540558214e-07,0.999953417517084,7.65114810298618e-10,4.394211590012e-05,4
"19950",0.998164304620283,3.46310716150554e-07,1.07851709107583e-06,7.28247288036597e-07,9.04066329499591e-08,0.0018334518979884,1
"19952",1.63155884691289e-06,7.94601513400102e-07,2.13441540558214e-07,0.999953417517084,7.65114810298618e-10,4.394211590012e-05,4
"19954",0.000564065222667733,7.97844510455487e-05,8.92087290746253e-05,6.65307372896316e-05,1.48311463393229e-06,0.999198927745288,6
"19956",0.704706742121243,4.66659850088634e-06,0.119102236751112,0.0101588848268794,4.78127398702932e-05,0.165979656962394,1
"19958",0.000330769672784394,7.16043854845268e-05,1.00454313785683e-06,9.42639241094109e-07,0.997910350877894,0.00168532788145818,5
"19962",0.195293356009012,0.157913044514298,0.0195701671733684,0.000442885377776037,0.00201358999473635,0.624766956930809,6
"19964",0.010911816021213,0.0387189803611158,0.00018895388027143,0.0255459531700533,1.62674213444223e-05,0.924618029146002,6
"19966",3.49709340004038e-08,0.964132615395679,0.0301327666660901,0.00561502840699045,4.20621928378883e-05,7.74923674686119e-05,2
"19969",0.000107832788056451,0.000336425880915232,0.00613009297158911,0.0108418383728478,1.34740973542509e-06,0.982582462576856,6
"19972",0.0549455802749598,0.000445022632907326,0.000112884301719972,0.129599603729235,1.24848265388216e-06,0.814895660578525,6
"19974",0.870731747137932,5.35507717087241e-07,4.12783809896132e-06,0.0364026452190417,1.05532132761874e-08,0.0928609337439967,1
"19976",0.0399417700802744,0.0102025891868618,0.00344764644318217,0.000313030962161057,8.55138236369346e-06,0.946086411945157,6
"19978",0.000429648905573833,0.758040464576139,0.00123110630237863,0.00127451854000685,4.78688146495975e-06,0.239019474794437,2
"19980",0.180632190899898,5.99449841107547e-06,4.87109386449976e-05,5.60732688956861e-05,7.42377308206689e-07,0.819256288016842,6
"19982",0.845962499913925,0.000105832569215021,0.00139345084482457,1.72763857884655e-05,1.44390390355919e-05,0.152506501247211,1
"19984",0.99961265908724,7.4206612289707e-06,2.19252223139906e-06,4.35475102121629e-06,5.33565240990914e-08,0.000373319621754078,1
"19986",3.32755914107987e-09,0.993705216622137,0.00609562329345711,6.57809669481871e-07,0.000196927873162219,1.57107401529413e-06,2
"19988",1.86009864989104e-09,0.998803497577093,0.000863643915668057,2.37711225740191e-08,0.000332718069659258,1.14806358979851e-07,2
"19992",1.91965887122796e-07,0.980453597218607,0.0192254814884618,1.91002646113609e-08,0.000318196426092932,2.51380068695498e-06,2
"19994",2.88411187448429e-05,0.000569546057199227,0.000633655709450877,4.79614487898802e-05,1.95294110561868e-05,0.998700466254759,6
"19996",9.12544894544267e-08,0.999404552924101,0.000555763490122649,1.30884185297665e-08,3.47763064899194e-05,4.80293637793829e-06,2
"19998",0.00678901997512744,0.0179432450207741,0.442305813053163,0.41200137362588,4.52517017565533e-05,0.120915296623298,3
"20000",0.000519448691437309,4.12166110485854e-05,0.267484110982609,0.00437032222677428,0.00923814862796795,0.718346752860163,6
"20003",2.04431757393083e-06,0.00454389647522005,0.00964294719082956,0.000872629635776822,0.00012617902910387,0.984812303351496,6
"20005",0.032606834496814,3.84994541854615e-06,3.75239294247316e-05,0.00226844294811267,1.00695474555068e-07,0.965083247984756,6
"20007",0.000769320760135843,0.38320778637753,0.409406008692921,2.70463246754071e-05,0.00124769022230278,0.205342147622435,3
"20009",0.000229084246464001,0.997720306360224,0.000922985893383675,0.000327327449062772,0.000473714249873644,0.000326581800991747,2
"20011",0.00843613028128213,0.00315389582008387,0.00102850201822575,0.0287716678165648,4.08800386977705e-06,0.958605716059974,6
"20013",0.0945420211588978,0.000307289500477388,0.0156366883967456,1.94414147629634e-05,7.27790520283391e-06,0.889487281623913,6
"20016",7.17174661605537e-06,0.991491690893077,0.00492622373482387,1.06107047492967e-06,0.00356510310588758,8.74944912019106e-06,2
"20018",9.62304529670161e-10,0.00591475201791833,1.74105133985413e-05,1.13839758370709e-08,0.994067819557477,5.56492529580776e-09,5
"20021",7.84689953536147e-08,0.991503931286086,0.000715947585048013,1.06424901762492e-05,0.000278306384122704,0.00749109378557176,2
"20023",9.18659347180468e-05,0.876710504719609,0.0698364830855476,3.16302120134088e-05,0.000954445478603477,0.0523750705695088,2
"20025",6.38747163077546e-08,0.532292038153118,0.00082887719624313,1.14103824674458e-06,0.466864207899848,1.36718378271096e-05,2
"20027",2.57577525205699e-05,8.78307442043459e-05,0.0156669007618513,0.352198609188424,1.53868177261556e-06,0.632019362871227,6
"20029",0.0132865073827251,2.14464299890763e-05,0.000751576744975006,0.0116936325590795,5.69747869817215e-08,0.974246779908444,6
"20032",1.71460703521065e-05,8.69253998325458e-05,0.000614416946858692,0.00703353241761527,4.3969845966185e-06,0.992243582180745,6
"20034",3.24032184418287e-07,3.80927902943341e-06,6.21714871485658e-07,0.999825222674486,5.65765806840831e-09,0.000170016641770284,4
"20036",0.0170438427476039,0.00122158708262234,0.954984988441225,0.000232429585631709,3.66248124085415e-05,0.0264805273305083,3
"20038",2.55273329906059e-09,0.799454540925744,0.19633448676895,4.30687126437101e-07,0.00404646353088144,0.000164075534565298,2
"20040",2.86419470171368e-06,0.989094934581089,5.98473996736721e-05,0.000124042320254501,0.010715536424148,2.77508013279856e-06,2
"20043",4.68083091538641e-07,0.98799065319704,0.00975780873364333,1.53281975895399e-07,0.000522394563096516,0.00172852214115266,2
"20045",7.76601548888816e-08,0.99477703897245,0.000115470788523878,2.50181005429761e-09,0.00510723324934049,1.76827720684858e-07,2
"20048",0.999960221372387,1.28844195985159e-07,1.90415879554041e-07,3.47812165832275e-07,4.91154801100722e-08,3.90624398911666e-05,1
"20051",0.0109380805780351,0.260529037217424,0.102487499933857,1.46361941164073e-06,0.0137913202373515,0.612252598413921,6
"20053",0.000154723217579701,0.988946125184647,0.00248958652224123,9.78711882807811e-05,4.87570953795115e-05,0.0082629367918724,2
"20055",1.46207642678657e-08,0.111752309697295,0.861730831239539,1.7803644839311e-05,0.0206991734726454,0.0057998673249174,3
"20057",0.000708597048684325,3.37991364196867e-07,2.63527285068439e-06,2.39821695258751e-05,0.999195035755318,6.94117622567331e-05,5
"20059",1.69588973731729e-05,0.988707298378718,0.00189010967768187,0.00042318742855202,0.00205744096695594,0.00690500465071896,2
"20061",0.000117709508565693,0.904731319890099,0.0125004463547611,0.000449959605627682,0.00024836469386556,0.0819521999470807,2
"20063",0.992093406153022,0.00687169260101192,0.000319082395457687,0.00051409393561763,0.000187832575937795,1.38923389531749e-05,1
"20065",6.13014338878456e-11,0.0940379134041792,0.000799724253389878,4.60907693618921e-09,0.905160334864922,2.02280713084396e-06,5
"20067",0.000191220169662343,0.988985185489729,0.001904571801508,8.87039878422954e-09,0.00874869962912305,0.000170314039578499,2
"20069",0.43656058374503,9.35920014596575e-06,8.23801632839468e-05,2.05141751334337e-05,1.37738225206197e-06,0.563325785334154,6
"20071",2.34528175763116e-05,0.00231296842189252,0.993414289262512,0.00176090800551878,2.46398862362699e-05,0.00246374160626428,3
"20073",0.856358456443631,0.000681579956262977,6.38381289966751e-06,0.000578111117206714,6.53462801743063e-07,0.142374815207198,1
"20075",6.3093043781179e-07,2.72226423870609e-06,0.000902949451940869,4.82751302129232e-08,0.999001939798065,9.17092801876534e-05,5
"20077",0.000268685090889589,0.409074667668795,0.586841823042025,6.70363966077905e-06,1.92168121905121e-05,0.00378890374643829,3
"20079",0.82402278751482,0.112026255965542,0.01244361284975,3.11144713480671e-05,0.00083541393916457,0.0506408152593755,1
"20081",5.63780300199412e-06,0.796912742407818,0.0581319681907174,4.83712655801777e-08,0.140082366515198,0.00486723671199895,2
"20083",0.85026022450623,0.00115737373172718,0.142430461279511,0.00158503325930493,0.000201551416403407,0.0043653558068242,1
"20085",4.80667901649621e-10,0.996514630545542,0.0015823310075503,8.95564650875281e-09,0.00190279898856496,2.30022028193762e-07,2
"20088",8.96500232296402e-08,0.995095011467507,0.0040785520492112,5.00761251955033e-08,0.000635499179772688,0.000190797577360487,2
"20091",1.43176698904027e-06,0.000945166663103799,0.000233447271061038,1.5918991511345e-09,0.998780192269225,3.97604377222042e-05,5
"20095",0.885461740678607,0.0573453185016779,0.00105643945445726,0.0425609387461292,0.000168713335274938,0.013406849283854,1
"20097",7.6325437934003e-10,0.98552540227216,0.00597655032288062,4.64390233027478e-09,0.00849757756846183,4.64429340736136e-07,2
"20099",0.00267202550817504,0.900236373236468,0.000132119218967997,0.095491416084319,1.37013895546077e-06,0.00146669581311444,2
"20102",0.946352000031318,0.000773669908729897,0.000200635380946003,3.66643056696299e-07,0.0510672586487785,0.00160606938717107,1
"20105",0.000369007135200115,0.994959685851906,0.00104922810506294,3.29340409471626e-07,0.00019790370091814,0.00342384586650385,2
"20107",3.78435857210568e-07,0.940402099896843,0.0593230316082242,1.32171044250789e-06,5.76715815832003e-05,0.000215496767050412,2
"20109",0.179262751508884,0.795351395282784,2.23662258573161e-05,0.000894368314670996,1.12911555019524e-05,0.0244578275123011,2
"20111",0.00796562849989295,6.09928443039493e-05,9.58463361437131e-05,3.99100361058585e-05,0.542608734774406,0.449228887509147,5
"20113",3.46385373338836e-07,0.226655414230191,0.765386716084876,0.00571732060094826,2.63234076497215e-05,0.00221387929096138,3
"20115",0.000289401564587163,5.49503164098149e-05,2.87267528104815e-05,0.00482130597928623,0.000167799695652249,0.994637815691254,6
"20117",4.06398373807184e-06,0.0925566554531597,0.0196899985360406,0.330860733556389,0.55620545539447,0.000683093076202381,5
"20119",1.82790462679874e-08,0.933482499840261,0.0415485842610121,0.0248620706224617,1.79409595150841e-05,8.88860377044522e-05,2
"20121",1.28716960016893e-08,0.959695381897383,0.0400949338818642,7.26787385398939e-07,0.000185708319354313,2.32362423173796e-05,2
"20123",5.08192741560779e-09,0.00052721003057633,0.000844159179984,3.92440856086865e-09,0.998622203726228,6.41805687582908e-06,5
"20125",0.0768335629096498,7.23681233577848e-05,0.00125829659827913,1.25815859096326e-05,7.64715392456698e-06,0.921815543628879,6
"20127",1.04576584980586e-06,0.999742024519981,0.000100329403185269,4.4470549657033e-08,0.00015321600606952,3.33983436438531e-06,2
"20140",3.41264722649851e-08,0.00502233647736899,0.987730523650923,3.54589319534105e-05,0.00563932031609558,0.00157232649718716,3
"20142",0.994709150129324,5.70721294433864e-07,9.57475619066891e-06,1.41664447663423e-06,2.07825701900288e-07,0.00527907992301265,1
"20144",0.00712796630173488,4.27076087860005e-05,0.0244988869481476,7.34638888262699e-05,0.00373196776802208,0.964525007484483,6
"20146",0.339077398175162,0.0018142791054686,0.365228518150283,4.43015582015051e-05,0.000801282475911415,0.293034220534974,3
"20148",0.000181348212785605,0.00422656468276858,0.0386569678498087,2.32228316252581e-05,4.37040246152963e-05,0.956868192398397,6
"20150",0.423845454025361,1.41056897725273e-06,1.41775369566823e-05,0.00322754187763639,6.62487915267245e-08,0.572911349742277,6
"20152",0.000128722045553225,0.021917843217186,0.0381715127923176,0.000118621162244296,7.69555348156106e-05,0.939586345247883,6
"20154",4.11619522579008e-06,0.018965206683949,0.00034966810519597,2.78353188311425e-10,0.980676299928914,4.70880836199825e-06,5
"20156",0.0419027798769553,0.26683088005986,0.636596164403759,0.000116881481753427,0.00430929359012259,0.0502440005875495,3
"20159",0.550874565235263,8.99205281152143e-06,0.000208586751418798,1.26801926674341e-05,2.54576767983419e-06,0.448892630000159,1
"20161",0.992572159178846,0.000194200239464162,0.00171629806526077,8.94258101407062e-05,1.37055537235658e-05,0.00541421115256437,1
"20163",4.1279298183113e-06,0.0358049802032733,0.00194028105519628,0.00118225922250652,0.000940004002826103,0.960128347586379,6
"20165",0.992244490947284,0.00699117109526367,9.54162500411234e-06,1.03570286851769e-06,1.04514896110979e-05,0.000743309139968342,1
"20167",0.00568777449111395,0.00215237667121084,0.00059732369915912,1.3617457669464e-05,2.65128607020337e-06,0.991546256394776,6
"20169",0.999816070677882,1.47634014770706e-07,7.10305097542869e-07,4.25286136071117e-07,5.79156078198e-08,0.000182588181261685,1
"20171",5.71084012097426e-06,0.004555262572782,0.000273711423312034,1.4271424807028e-10,0.995165054508198,2.60512872549464e-07,5
"20173",0.230723586768864,0.0645154127228864,4.08484917742567e-05,0.703751340111567,8.2231704273156e-06,0.000960588734480208,4
"20175",0.00603491304926675,0.000715800069973412,0.00251557208397778,0.000284320092472659,6.38135429468397e-06,0.990443013350015,6
"20177",0.000129917133521233,0.539704295602712,0.000919826104773758,0.456940902949238,3.74042356624172e-06,0.00230131778618856,2
"20180",5.95941717523042e-11,0.994123290045353,0.00423808854149476,5.88410950495817e-06,0.00161758322704463,1.51540170078038e-05,2
"20182",0.997897230115818,1.50405798463338e-08,9.63595986690898e-08,0.00190739770868385,1.12333022649267e-05,0.000184027473054237,1
"20184",0.957349595460763,5.35823164323416e-05,0.000263051327435657,7.91512638224202e-06,7.18408652237697e-07,0.0423251373603343,1
"20187",0.00125443406775615,0.0026289534261928,0.00478008458165078,0.990030969753712,1.56736421363576e-07,0.00130540143426678,4
"20189",5.66749452231379e-06,0.945581135372705,0.00059629541810436,0.0141976175096492,3.61182414388374e-06,0.0396156723808753,2
"20192",2.23096196626044e-06,0.826452579298211,0.000203101155097049,0.018019801137145,0.1526251709238,0.00269711652378129,2
"20194",0.726526588790036,3.56074616441367e-05,0.116952015170696,0.11451095395465,5.5587230266027e-07,0.0419742787506725,1
"20196",1.47249981590658e-07,0.793117409410815,0.00309716621477393,6.81674729376851e-08,0.203735783117158,4.94258397982586e-05,2
"20198",0.000685680852562679,0.231558947024583,0.197190538479107,0.000583772349748307,0.00354947719038409,0.566431584103615,6
"20204",0.392261661657012,1.32176800070078e-05,2.72242097353354e-05,2.43914868163336e-05,4.78663119056231e-06,0.607668718335239,6
"20207",3.77149422724351e-05,0.891581377288643,0.0251840412129223,7.21226762572445e-09,0.0830676925487747,0.000129166795120504,2
"20209",4.57876141885779e-06,0.000342496101349279,0.036631852969948,0.0789952828586259,0.0523517435807425,0.831674045727916,6
"20211",5.14434333855075e-08,0.000427964784365995,0.00195515904029483,9.07968245368057e-11,0.997598251973962,1.85726671473036e-05,5
"20215",1.00894961045637e-05,0.157815159102283,0.840173521464012,2.14463736679021e-06,9.86275298528479e-05,0.00190045777037994,3
"20218",0.9779524451881,1.2365007311995e-06,5.4290556919808e-06,2.07143949129174e-06,2.77023641366812e-07,0.0220385407923441,1
"20222",8.91818675973583e-05,0.885645476998566,0.0472073489857501,6.39169337127597e-08,0.0612390250816298,0.0058189031495235,2
"20225",0.0283981637329524,8.05085606372992e-05,0.0527456031327357,0.000387568823257976,0.000234164358829832,0.918153991391587,6
"20229",8.76000861449041e-06,0.000103070878728092,0.997324951271494,1.3480311220462e-05,0.000317553911830924,0.00223218361811204,3
"20232",7.92599850669753e-06,0.253042402450092,0.717015293835163,2.02673014568031e-05,0.00487098255679112,0.0250431278579904,3
"20234",6.14971003984181e-10,0.880145998204412,3.67350412598312e-05,1.09005423885937e-06,0.119816024314844,1.51770274591603e-07,2
"20238",7.07035347250444e-06,0.99015130490481,0.00888048145741326,7.55815055424757e-07,0.000761388355619479,0.000198999113629108,2
"20253",8.48118761014629e-07,0.393593280298893,0.606227101625445,8.82963520982556e-07,0.000144627760613749,3.32592327665368e-05,3
"20255",0.000173230097132627,0.000117839976837867,0.00310624515802969,3.4496017983066e-06,0.000179954316956177,0.996419280849245,6
"20258",1.99472206216758e-08,0.999868982657375,4.72429383497898e-05,8.52428919382882e-07,2.84395849751982e-05,5.4462443160229e-05,2
"20269",0.0231109409764695,0.949667318829924,3.14592960630856e-05,3.0566836302475e-05,5.57853346468657e-05,0.0271039287265939,2
"20271",8.38680644503865e-08,0.992128760728349,0.000130470706590639,0.00759070393393192,7.07963215966814e-06,0.00014290113090453,2
"20285",0.00091764117097432,0.0022845320050788,0.0106691209154816,0.96299998478168,3.29323245488575e-06,0.0231254278943302,4
"20288",3.19365471983075e-05,0.234345387805054,0.761181746237463,2.96284341083429e-06,0.000313426103889741,0.00412454046298392,3
"20291",1.77837912627169e-06,0.719335749165577,0.00436155105506394,3.68562908914012e-07,0.276197588160033,0.000102964677290688,2
"20295",0.00846819181430528,0.817843137419179,2.22450193482074e-05,0.112911262367608,0.000106834538597466,0.0606483288409624,2
"20298",0.00237850313015721,1.01649906733039e-05,0.000411266315851307,7.01526076787154e-05,1.07079350453252e-06,0.997128842162135,6
"20302",0.563473819252647,0.000689182884571497,6.892867344554e-05,0.00249213809847919,3.10775337329536e-06,0.433272823337483,1
"20305",0.000347604690365078,8.41491032477558e-06,0.000106520381497631,0.00167624939139412,4.42509027223849e-07,0.997860768117391,6
"20307",1.69157310677754e-08,0.99882438125114,0.00093745902368601,1.27556721447293e-08,0.000231146916229487,6.98313754062649e-06,2
"20310",1.35887990902406e-08,0.998695484026541,0.000139576210455095,2.07687957137465e-07,0.00116457521351574,1.43272731586378e-07,2
"20313",0.999317485154559,4.65730002716601e-08,1.76767750417758e-07,1.2608918020178e-05,5.13470617870936e-09,0.000669677451963752,1
"20315",2.66483958694892e-07,0.98995142631127,0.00971116608964897,1.24009129005125e-05,4.83356215730544e-05,0.000276404580649025,2
"20319",9.80396194235134e-08,0.30750851175211,0.0253406172613458,1.33948801557683e-07,0.667080287227478,7.03517706449172e-05,5
"20321",5.3740921083641e-06,0.994130726997644,0.00580544900132309,8.06059270351473e-07,2.79753287263829e-05,2.96685209278832e-05,2
"20327",6.19617591557409e-08,0.99994521514142,2.12395720258267e-05,1.48273753124113e-05,3.48840132733167e-06,1.51675481548465e-05,2
"20329",6.27294041255107e-05,3.97013790198326e-07,5.16866134317773e-06,0.999824542694204,2.88812269146813e-10,0.000107161937724494,4
"20335",7.66011855864331e-07,0.888923200659418,0.000568055208289944,7.34634473051507e-10,0.110500681498392,7.29588740966967e-06,2
"20337",0.171900520240817,1.45861328299485e-05,9.74768405701816e-05,1.301141203407e-05,2.89982954424588e-06,0.827971505544205,6
"20339",1.88231726513556e-06,0.00259905486257068,0.392325359979931,0.000311308488681209,0.601446259817038,0.00331613453451425,5
"20341",0.000415162312647131,0.0161305781199485,0.00262517541585286,7.24279652417958e-09,0.980811585769952,1.74911388025404e-05,5
"20343",6.26371342438451e-05,0.993151663195246,0.000621430368789841,7.14539440213108e-08,0.00615804339006947,6.15445770624605e-06,2
"20345",4.51826276779475e-06,0.00278820261749531,0.0122026821281031,0.0306435706081382,2.00953502212832e-05,0.954340931033274,6
"20350",0.00122822791360036,0.00811145177598937,0.982971966824732,0.000245088473721715,0.00510466892254522,0.00233859608941117,3
"20352",0.999541336651507,8.9073324232613e-07,3.09517209953506e-07,3.85380859883494e-07,8.33224236021606e-08,0.000456994394757013,1
"20355",0.974526094390715,0.00182643555181407,0.000581826632607704,0.000111156128888314,8.78392445375347e-05,0.0228666480514374,1
"20358",0.0114704854502009,6.21937651370095e-06,3.83665494838067e-05,0.965154451132029,1.22552568270928e-08,0.0233304652365157,4
"20363",3.78634783639147e-06,0.99355509467825,0.0062713680469985,2.45062434381883e-07,2.87298566816605e-05,0.000140776007799623,2
"20365",1.06912385741697e-06,0.301013196457112,0.115055055511016,3.62008429536764e-07,0.562663849883187,0.0212664670163983,5
"20379",0.000577838111030988,0.000153504636420066,0.000355146009496575,0.000265850276676594,0.000294780208201838,0.998352880758174,6
"20387",8.97882758704806e-08,0.998583797595754,0.000209451913984504,5.38440664219426e-08,0.000949615162738918,0.00025699169518046,2
"20392",2.75088126057602e-09,0.0010912927377643,0.000228990805285258,9.91455686135717e-11,0.998674096760977,5.61684594622764e-06,5
"20395",0.000739101934164146,0.00714399547223978,0.319221193176472,3.75902475622756e-05,8.07124933454604e-05,0.672777406676217,6
"20397",0.00515548450982075,5.10381502974004e-08,1.97111546149011e-07,0.99480042731592,1.50454288626176e-09,4.38385200196452e-05,4
"20410",1.01685064381847e-08,0.993294298240144,0.00136290406376549,0.000251979118581548,0.0003428898153466,0.00474791859365587,2
"20414",0.165285417332356,0.000532107657894146,2.54908935362508e-05,7.45954508115951e-05,2.95923137296083e-06,0.834079429434029,6
"20417",5.33688639420053e-09,0.0634540684580166,0.000275443011883737,2.35513116955542e-05,0.936246897883305,3.39982123803575e-08,5
"20419",4.47773042338815e-07,0.999856503918314,0.000126469439720443,8.54458358359739e-06,4.86449645176546e-07,7.54783569492802e-06,2
"20421",0.650223444150708,0.00211892920659633,0.000852928525976528,7.0512072733982e-06,0.0115380766555544,0.335259570253892,1
"20423",0.264354592217817,9.73936893415817e-05,0.000169907183526485,7.06694746134314e-06,4.53610409785984e-05,0.735325678920875,6
"20425",0.642409992661172,0.000195480527206662,0.0296537046262314,2.45875255529329e-06,0.000132500973629722,0.327605862459205,1
"20427",0.000164189454885656,0.0326557064219627,0.00665629682957801,6.80858165774952e-05,1.3926828650963e-05,0.960441794648345,6
"20429",0.000191122919420094,0.979265748688079,0.018414521842978,9.28326840976445e-05,0.00197886765962383,5.6906205801009e-05,2
"20432",0.75470081628281,2.50896884318158e-05,1.39826610830912e-05,0.000528589616270312,1.42057926744222e-07,0.244731379693478,1
"20435",5.81089128073201e-06,0.728251409885299,0.138402872731121,0.000192904478661959,0.0165360983632357,0.116610903650402,2
"20438",0.000307575424508072,0.954198522603412,0.0452997680729553,4.53551900028852e-05,5.13003267249482e-06,0.000143648676449327,2
"20440",5.56570198150219e-06,0.99990366669783,1.77918598415006e-05,6.87858017816883e-06,1.07415395825396e-05,5.53556205863315e-05,2
"20443",0.998444252121455,5.11294553472558e-05,0.000780519743765044,2.45888136279537e-06,5.56195347700747e-06,0.000716077844593163,1
"20446",0.0028875197519247,0.55982473432747,0.00835053100703207,0.00225065900338204,0.00115005380468195,0.42553650210551,2
"20449",4.90516034662403e-06,0.161188393441012,0.807450366265544,4.76796149686165e-05,0.00220152322880946,0.0291071322893189,3
"20537",9.30220875556111e-05,0.679653049114018,0.000621991978545862,1.08251475284529e-06,0.31516913773947,0.0044617165656576,2
"20540",1.23671148767362e-09,0.00386579771704953,9.61145615944128e-06,2.029157794118e-09,0.996122342247539,2.24531338254988e-06,5
"20543",0.00216079746300148,0.165598721890934,0.00231480527904842,4.52902151909547e-05,0.00043438910669446,0.82944599604513,6
"20545",1.22457248520725e-07,0.000414806767888922,5.36373796643863e-05,3.8743723494193e-11,0.999519097220977,1.2336135477839e-05,5
"20549",0.00867380820929152,0.0296403190726311,0.00241402800286189,1.32042934092776e-06,0.00232465730688024,0.956945866978994,6
"20551",8.90598357297873e-05,0.910775717296301,0.0731924624923984,2.32279886711447e-07,0.00090335668354901,0.0150391714121354,2
"20554",3.24863860698662e-06,0.997520653334808,4.53344563343145e-05,3.7738926680737e-06,5.38737691339343e-05,0.00237311590844865,2
"20556",0.000125462170313583,0.00937412912627025,0.943526587452486,2.50055059580148e-07,0.00642951791552108,0.0405440532803498,3
"20558",9.39289385545625e-08,0.999591683614945,0.000307884802860481,2.04363624797939e-08,7.71527455630832e-05,2.31644713307573e-05,2
"20560",0.0030371712111598,0.975170377016739,0.00921484507540178,9.86102620684864e-07,3.47611811242638e-05,0.0125418594129541,2
"20563",2.61332275206192e-07,0.999861057724116,2.40064947957606e-05,6.12646522541016e-08,0.000112189881120902,2.42330303984362e-06,2
"20565",0.023443512335372,0.706843222196348,0.187657619113679,5.210404504207e-06,0.00052261611262066,0.081527819837476,2
"20567",0.896289111203532,2.83072808820514e-05,0.000351889559088031,0.000187868892480607,4.56575770089041e-07,0.103142366488247,1
"20571",1.21744529118255e-06,0.0171303973536348,0.982557818682414,1.55229281856504e-05,0.000286182272499096,8.86131797574975e-06,3
"20573",0.000471730675285634,0.824084910609365,0.146356386877009,1.93960099841681e-06,0.00240733073479205,0.0266777015025502,2
"20575",5.74845894814625e-08,0.999744057582514,0.000201834855335784,9.05144013310265e-07,4.75859522597993e-05,5.55898128771809e-06,2
"20577",2.85592658923408e-05,0.025661227929801,0.731001427533502,0.00025672011645678,0.00035872394497645,0.242693341209372,3
"20579",0.887789483971653,6.16927966281498e-07,3.76527482421253e-06,0.111105159111478,3.45748793999925e-09,0.00110097125658998,1
"20582",1.4001155783546e-08,0.999637752590821,0.000307882979132153,5.10224598819303e-08,5.18391945811428e-05,2.46021184985968e-06,2
"20585",6.60891740861787e-07,0.0548591680707306,0.030691645316,2.22170191070365e-08,0.906270278032632,0.00817822547187709,5
"20588",0.000136152408101088,0.00413201456160474,0.0746637810921991,1.18152589031616e-06,0.91557082850089,0.00549604191131468,5
"20590",0.993746828045721,1.58031117383566e-07,1.65832585946887e-06,0.00151775623324586,1.95102635196562e-09,0.00473359741302989,1
"20592",5.6563534245906e-07,0.999472549277585,0.00049510181414542,1.82249544440861e-08,3.05760170699114e-05,1.18903090251477e-06,2
"20594",1.86833797175626e-09,0.999682228408735,0.000140656854627292,3.99447274029824e-07,0.000171925299120693,4.7881219050298e-06,2
"20596",0.000226106462301356,0.992222825174676,0.00106827886184364,0.00127996943110198,1.64618526323003e-06,0.00520117388481424,2
"20598",2.60973347284684e-06,0.991119571104822,0.00265566234578567,2.85600369109986e-06,4.99461336995491e-05,0.00616935467852833,2
"20600",0.000507023479216981,0.017291163077369,0.711401482214006,2.15559144329265e-07,0.211791118261972,0.0590089974082918,3
"20603",0.00223938764772401,0.000219135922709339,0.0103073692316992,2.02991248626526e-05,0.00112975011091855,0.986084057962086,6
"20605",9.52487873504197e-09,0.973252281269814,0.0264205285377549,5.95019042037736e-06,0.000196283385297656,0.000124947091834314,2
"20607",2.51159439134801e-07,0.965134919234496,0.0343160887859809,3.44043339314609e-05,3.84598309095652e-06,0.000510490503061034,2
"20609",1.00116790359459e-05,0.988090342986188,0.000175715350505853,9.56908203695358e-06,5.88626660398536e-05,0.0116554982361931,2
"20611",0.000128770543797302,1.18798094090893e-05,0.000667968209637115,0.0113137689105021,5.37409861831393e-07,0.987877075116792,6
"20613",4.26781443285379e-06,0.406549077232575,0.0017828415715753,9.79699388490114e-05,0.00246846930206957,0.589097374140498,6
"20615",0.000658264737489676,0.0440093870415037,0.79672594509501,2.8116762692695e-07,0.0100146974114057,0.148591424546964,3
"20617",0.997689778653187,3.51436219985848e-07,1.50090425039193e-06,7.64223668939943e-07,9.549529314148e-08,0.0023075092873806,1
"20619",2.35997828533261e-06,0.986923127198829,0.0130560982492591,6.60909288730571e-07,1.19033278366749e-05,5.85033650106765e-06,2
"20621",2.10321900093565e-05,0.873400974132202,0.118371234510456,3.36186427925826e-05,0.000159548328038794,0.00801359219650203,2
"20623",0.989066426432651,0.00123854431344701,2.2965875241175e-05,0.000955701979610248,7.79513037951916e-08,0.0087162834477466,1
"20625",0.038753723404114,0.000425415592504172,0.0611221370629183,6.55377884705448e-06,0.0133303592100117,0.886361810951605,6
"20627",2.06515157507047e-06,0.772553657995629,0.0636123278401234,0.000523864599162173,0.00026939494638247,0.163038689467128,2
"20629",0.00036328045770133,0.326267266808935,0.600460919610834,3.88894269761866e-06,0.000773802251848063,0.0721308419279836,3
"20631",4.29147607131432e-06,0.999287315285268,0.000653747792359504,4.4138788805904e-08,5.120088429886e-05,3.40042321326532e-06,2
"20633",0.999580734709455,2.89102614510585e-08,1.03866995870282e-07,7.18779093811535e-05,2.34022614324245e-09,0.000347252263681031,1
"20636",0.0214999504357538,0.000253186851766134,0.318939696031604,0.0568968328977685,1.20747949765422e-06,0.60240912630361,6
"20638",7.63682895727997e-06,0.00367548834048212,0.971975205627366,6.01802611376102e-05,0.001715889822801,0.0225655991192561,3
"20640",5.66094199345653e-09,0.903569426477925,0.0163708529684325,5.92702680227399e-07,0.0785557482878241,0.0015033739021964,2
"20645",9.61711758506978e-10,0.995669780112624,0.00168803172951311,3.14973159123626e-09,0.0026416362718291,5.47774590421807e-07,2
"20647",0.999959266815799,1.3381440499031e-07,2.66621742690112e-07,3.78324624262081e-07,5.53867341995979e-08,3.98990366947675e-05,1
"20649",4.06777380139986e-06,0.976687746797523,0.00086293114957878,7.80385082228798e-07,0.00864439477156164,0.0138000791224527,2
"20651",6.87635486874194e-06,0.9964630242264,0.00179640792689849,8.21741278106795e-06,0.00172369516263725,1.7789164144921e-06,2
"20656",1.14908664971532e-06,0.966806518377278,0.000129728905472222,4.38045375135907e-07,0.03239053267495,0.000671632910275217,2
"20660",6.61304946044325e-07,0.0340329207997574,0.000153590074358536,0.000362744377463904,0.962215839948573,0.00323424349490153,5
"20662",0.846887235249647,0.00015880871554265,0.00108917880072341,0.0971326833510044,6.16818309542441e-07,0.0547314770647728,1
"20664",0.0908688441231507,0.892117915707393,0.00358274756096754,0.00639115591439389,1.06191021064269e-05,0.00702871759198808,2
"20666",2.51639809554061e-05,0.000220098187607903,0.000295709818192048,5.17964127329222e-05,0.0405733753466394,0.958833856253872,6
"20668",0.311268007114106,3.12684302625802e-05,4.43597804058268e-05,0.000134123288850484,1.79120883422787e-07,0.688522062265492,6
"20670",1.9523733693611e-06,0.996913330840775,0.00216687907585941,0.000418441370957352,0.000164146359036478,0.000335249980002706,2
"20672",0.300803642661783,1.86658058694302e-05,3.2072511952252e-05,9.55245860172797e-06,9.11638466075484e-06,0.699126950177132,6
"20674",8.66776399969901e-05,0.579519925613402,0.383267004833876,9.52897680789034e-05,3.94219639185248e-05,0.0369916801807273,2
"20676",0.00157672095928115,2.21529630892416e-07,1.01106984593103e-05,0.953940334170056,4.67431391106511e-08,0.0444725658994334,4
"20678",0.0196439871158852,2.72700889433101e-07,5.96728061053541e-06,0.951918387207798,5.6450690264359e-09,0.028431380049748,4
"20680",0.189070631484582,0.000683935199363084,0.000193471339596876,8.5826361404455e-06,1.02972442023413e-05,0.810033082096115,6
"20682",0.000373726536667347,0.00160172743566164,0.00185936516236865,0.161881296924541,2.03318125109255e-06,0.83428185075951,6
"20684",9.37223527404456e-06,0.669988884161588,0.204904792303094,0.0783416963299292,0.00211916494264752,0.0446360900274682,2
"20686",0.976432470603961,1.96576617570907e-06,5.7362722507379e-06,1.91196579973221e-06,3.12325178372749e-07,0.0235576030666341,1
"20688",0.0283174175412172,9.32501919192544e-08,5.34466938159391e-07,0.970600757549955,1.30856179427844e-09,0.00108119588313586,4
"20690",3.99594539270283e-08,0.0238305248105411,0.0610864848353223,1.04479981928468e-06,0.914439672170768,0.000642233424095574,5
"20692",0.976228171964242,6.61332631941465e-08,2.66516154494871e-07,0.0226907429280862,2.38049711037536e-09,0.00108075007775738,1
"20694",0.00796659153627975,5.62481347447653e-06,0.00014725516253113,0.000222627250530899,3.73493222857237e-07,0.991657527743961,6
"20696",0.00411232161724591,0.00025751473960376,0.0120730876716068,0.000859502948552611,6.54873354947596e-06,0.982691024289441,6
"20698",0.00206003099718214,0.10902902066632,0.880312249073347,1.98192591816151e-06,0.000641142954348634,0.00795557438288445,3
"20700",0.00232687367534278,0.993295970997872,0.00360103349304951,0.000138296975403417,0.000152215282092012,0.000485609576240519,2
"20702",1.45389204004562e-08,0.0357570755984513,0.491755435553513,5.93171254324919e-08,0.472466273523932,2.11414680578882e-05,3
"20704",2.2084446856016e-05,0.73573182523931,0.129387313789005,5.93782278114208e-05,0.000168856298847848,0.13463054199817,2
"20706",0.0032480019875506,0.0362680739566133,0.754398316015842,0.114939729331481,0.000504371334790847,0.0906415073737229,3
"20708",0.00011946779638036,2.02062168222422e-06,6.44264819177686e-06,0.96213829396119,1.70313490521914e-08,0.0377337579412068,4
"20710",7.44868631647504e-07,0.37065875863367,0.314837442543202,4.11405202817562e-07,0.287595021055585,0.0269076214937089,2
"20714",0.990021534767368,7.58699745977972e-06,3.10513782076165e-05,4.1381175420507e-05,8.96856155870367e-09,0.00989843671298222,1
