"","V1","V2","V3","V4","V5","V6","V7","V8","V9","V10","best$classification"
"19811",1.11839301881778e-05,0.0234669516672836,0.000209758458119313,1.99085054803225e-07,2.54320486842056e-10,0.908433197673378,1.0666894808628e-09,0.000174092145322751,0.0676869032371829,1.7712482460666e-05,6
"19813",2.64814329620437e-08,0.999943534559721,4.63169822567265e-08,5.68363569641342e-09,1.73536400974314e-12,5.59121829791686e-05,8.44357167603084e-09,3.78021021956008e-07,8.52885968173948e-08,3.02032304965643e-09,2
"19815",0.000748786359980756,2.17190526405454e-07,0.00672558578639465,7.47604434835942e-05,1.81695290924224e-05,0.966192171382846,1.23153968379668e-09,0.00289577677302603,0.0233444835310042,4.77721057556226e-08,6
"19817",0.00011204375814902,2.90404071687148e-06,0.00268501537812356,2.71865284926959e-06,2.82963219617071e-07,0.576219188572467,1.97797954049377e-10,0.00416102926937513,0.416801083678577,1.57334887242357e-05,6
"19819",3.38706175734018e-05,9.07151138371317e-12,1.85928708158373e-05,0.217160987848701,0.717030898086492,1.0081278903384e-06,0.00436360688411802,0.0613906606520815,3.67383482538857e-07,7.519773963639e-09,5
"19821",6.16477164767353e-07,0.0132365416428454,0.000212088439063725,3.89779613921687e-05,5.38893092152536e-09,0.342363016240717,8.13406406982413e-08,0.00482827595836982,0.63741572729882,0.0019046692520554,9
"19823",0.701624913832555,3.29120175509668e-07,0.000142901543636189,5.7897519816238e-06,0.00150971774574028,0.235837261819043,5.86844228108639e-09,0.00146999256900782,0.0594073695320141,1.71821740428275e-06,1
"19825",2.09458584540508e-06,0.00094761093598436,0.00215794647997622,0.00424440887314671,2.06458113841128e-05,3.0936622613489e-05,0.226010134411336,0.0042366082165693,0.00176412128170937,0.760585492781435,10
"19827",4.70822183773668e-05,2.65888961059957e-08,7.99989246755835e-06,8.19716772962947e-07,7.31431229097513e-07,0.0037794447594125,9.43542134739988e-09,0.00103327166283971,0.984478510548498,0.0106521037460856,9
"19829",2.57681383642843e-08,3.96429484323375e-07,0.000263261966304982,0.0437232196129679,5.08689929055458e-05,1.41036674445322e-05,0.00173835012445916,0.952368912649448,0.000589590607292871,0.00125127018155376,8
"19831",0.00155064083686493,6.34423022888742e-08,2.86236379421184e-05,0.0710331120212253,0.118226894650316,3.49926287349981e-05,0.0153299240739521,0.79379498269067,7.52428042464428e-07,1.35899506491995e-08,8
"19833",0.914299353208844,4.54623336326913e-07,0.00267548500012663,5.17485027264362e-07,0.0818091957453754,8.29272528344431e-08,0.00120070343616133,3.26943606644106e-07,1.20146448587683e-07,1.37604838216899e-05,1
"19835",6.16477164767353e-07,0.0132365416428454,0.000212088439063725,3.89779613921687e-05,5.38893092152536e-09,0.342363016240717,8.13406406982413e-08,0.00482827595836982,0.63741572729882,0.0019046692520554,9
"19837",7.00414179816076e-06,5.30481398335886e-07,2.28715354408567e-05,6.06539175809759e-06,1.61544603392698e-07,0.0396121296449539,2.93997141072816e-09,0.0148093875418638,0.944713213109639,0.000828633668572785,9
"19839",1.71385418891502e-07,0.000351866759391093,0.000641429305503944,0.0252541696168206,2.50358012976554e-06,0.00014724144163066,0.513161031602514,0.451785610441859,0.000719375166896616,0.00793660069983584,7
"19841",1.90998905602396e-10,4.82494096059019e-06,7.35207314947915e-09,2.27965660815436e-08,1.4196820171122e-10,8.2858315559264e-09,3.12810458594966e-05,4.4627680637174e-07,0.000103670845845139,0.999859738123091,10
"19843",1.69742610313195e-07,0.00686192452891511,0.00116066662767884,0.52638364805536,1.41809584445587e-05,5.83754033964311e-05,0.450843207466002,0.0146778142064788,1.13580817345374e-08,1.6530320401016e-09,4
"19845",1.03603401439992e-05,0.825467901406391,1.10095269966542e-05,2.74350659550617e-08,6.96878199106238e-11,0.173594243770297,2.79159026261952e-10,3.68455265331549e-06,0.000912492506438802,2.80113166578935e-07,2
"19847",8.84605467331718e-05,0.000734303972714407,0.00100663317851424,7.76216825007538e-05,3.84752768497756e-07,0.990679122356899,2.56070295799601e-08,0.00512183880707708,0.00229157148960439,3.76061585327927e-08,6
"19849",3.19143944440463e-08,0.999889814786883,6.21118504719661e-09,4.69338279347096e-10,3.0766456584777e-13,0.000109762880956739,6.94632481557665e-10,3.03202552277063e-08,3.46583126804008e-07,6.13891961474893e-09,2
"19851",0.00022579377684547,4.55873663571598e-06,0.000218717581579139,6.87313816051688e-07,1.10528516979806e-07,0.941445145161268,2.48092619242441e-11,0.000288346231387344,0.0578164203153745,2.20329767771278e-07,6
"19853",0.0962746199666179,0.00818733262315171,1.51800929515587e-05,2.95815334127146e-09,6.24253853461055e-08,0.813870773553354,1.81825595430918e-11,5.20706583033964e-06,0.0816385673536743,8.25394269887449e-06,6
"19855",0.00057609946231289,0.00068852907416504,7.92989889988779e-05,2.09813477183765e-08,1.26347439716502e-08,0.379082321176636,1.78595695586515e-11,0.000246206783671502,0.619165458790263,0.000162052090001095,9
"19857",3.13200916878371e-06,0.0142736467141073,0.00627267530013189,0.0001633509978761,3.04927009937874e-08,0.339166409239071,5.23501690654017e-07,0.303398301486385,0.334698828844736,0.00202310141413159,6
"19859",0.000470857816670856,4.5234966476368e-06,0.00203750455069825,1.15038495425089e-05,2.93130249919809e-06,0.177416191886849,2.17044472733953e-08,0.0469459108057504,0.77243545752285,0.00067509706404497,9
"19861",3.45788153499676e-05,0.0315835192037681,1.92602924467349e-05,1.23247989602424e-07,5.35805369429097e-10,0.962593800216445,2.12389016212306e-10,5.3636864975224e-05,0.005714914886729,1.65724101896492e-07,6
"19863",1.1070059980416e-08,0.992765389062068,3.96877615749872e-08,1.42630539449724e-10,4.19599251127545e-13,1.56278335303547e-06,6.63375461372161e-07,1.46424451028733e-08,1.9067074872544e-05,0.00721325216092857,2
"19865",1.61384274636116e-08,5.13891697908597e-07,4.40494300718543e-06,1.65927660837682e-08,3.65567907491247e-10,1.71061019890947e-05,1.92647865296937e-08,6.5985604780906e-06,0.0989670862112106,0.901004237930069,10
"19867",2.59417671286916e-05,0.000408917418160463,0.00021477572210129,8.83158293952567e-06,3.75164648202943e-08,0.998312824863162,5.63681792433998e-10,0.000155100005378814,0.0008735684015614,2.15942111251569e-09,6
"19869",2.80470985539584e-07,0.994589390734317,6.47213722811166e-08,5.22189320440469e-10,6.96480114913294e-13,0.00508925656186189,8.79214975448805e-11,3.37393657951059e-07,0.000318537833879952,2.13167311840168e-06,2
"19871",6.46443946164934e-05,3.14038575546159e-07,0.000484451859451565,1.8289336417424e-05,2.87508873314975e-06,0.0322347453227002,1.07376001442516e-08,0.0930593482197633,0.872634702091802,0.00150061891034036,9
"19874",1.87659327620967e-05,6.81354631686257e-07,0.00014472625827829,3.21942079135157e-08,2.6021590018381e-08,0.00287765515831263,3.52327642723784e-09,3.47223664907194e-05,0.926667164190858,0.0702562229995924,9
"19876",2.46000722486752e-06,5.4070523903709e-05,1.8900614643178e-06,2.44310206037289e-09,1.25297009606255e-10,0.0145542366496578,3.47779904404438e-11,1.3668669019311e-05,0.977560669954201,0.00781300153135188,9
"19878",7.50968082197465e-07,8.72016595272422e-07,0.996915313482684,0.00220179912502943,8.38913942110045e-06,0.000785143640105925,3.88393598840794e-05,3.62560753306002e-05,1.25286552041479e-05,1.07537663619281e-07,3
"19880",4.57408183777506e-08,6.44393745959013e-06,4.63124509241591e-08,1.46109176539516e-10,1.670942220478e-11,8.85194560799474e-06,9.64712909118994e-10,4.44548443004102e-07,0.0638355905248928,0.936148575862796,10
"19882",0.000108795792380664,0.154354576563097,0.00135048891393331,2.72526134889788e-07,2.46763431225343e-09,0.802326622429608,2.15226014505451e-09,2.01601864644474e-05,0.0418064830296895,3.25959387978193e-05,6
"19885",5.35739848777056e-06,3.77792900369838e-06,0.00664807166781018,0.000327839164027321,5.52079784140069e-07,0.584606704262464,1.07188915703582e-08,0.141314610300595,0.267078602040399,1.44744385375348e-05,6
"19907",1.04286094685555e-05,0.0103068754820941,0.000490514486052557,3.6864385984833e-06,7.32253161756492e-09,0.98630405357418,4.02770442039708e-10,5.65521307517775e-05,0.00282784003787618,4.15156761629227e-08,6
"19909",7.36413379889978e-08,1.05502957284232e-05,3.53594113407281e-06,0.0328807254817658,3.16123180791517e-06,0.000778816784448537,3.36058799912867e-05,0.966264993513717,2.45022016863718e-05,3.50283825421157e-08,8
"19911",3.52433405423993e-06,7.61584968501028e-07,7.01418643572397e-05,0.0059092236777278,3.77237195424366e-05,0.000130369709915432,0.001187510520013,0.990398114975496,0.00147379704255558,0.0007888325713698,8
"19913",4.02122447975031e-09,3.66247804994987e-08,6.95290790979091e-09,2.33550186655902e-10,1.25892453583668e-10,7.7181180490774e-09,1.34954586081868e-07,7.29383311958378e-08,0.000431876943752913,0.999567859486856,10
"19915",7.57160216157131e-06,1.38531368474841e-07,1.96998723060872e-05,1.87376993744115e-08,9.96898468607997e-09,0.00420516505045153,1.19656145531584e-10,3.37112448851061e-05,0.987586759038716,0.00814692583377067,9
"19917",1.6640805333231e-06,1.04594584763696e-06,3.92223179201917e-05,2.23257941979985e-07,1.61632452488516e-08,0.000208477843677712,6.4212624956292e-07,0.000289967555062417,0.263069664040591,0.736389076668931,10
"19919",2.65051107160753e-05,1.27456796178102e-07,0.0014265001258102,9.33095481493719e-07,2.63190561950669e-07,0.0175139680829512,3.07294415338676e-09,0.00133207055324218,0.975946370463851,0.00375325884764538,9
"19921",3.02412881971625e-05,3.01712090548519e-05,0.000459021451729361,2.69561050582378e-06,2.81239203234983e-08,0.991041448149542,7.59752208482535e-11,0.000428486654640434,0.00800788639330969,2.10431252755713e-08,6
"19923",0.000827593413094689,5.42914039832752e-06,0.801263134780029,0.00107854104348661,0.00011089132152157,0.196322482397542,7.67247802303141e-07,0.000295471712851234,9.56871130870799e-05,1.83018671017544e-09,3
"19925",2.62308233684269e-06,1.8298755903735e-07,6.85928336919219e-05,4.55479797958275e-08,1.17682653133465e-08,0.00070612180644914,5.10987272955197e-09,4.38122662317773e-05,0.803201463390224,0.19597714120739,9
"19927",0.000174862215201571,1.09945803704748e-05,0.000112736031021342,7.05638514055524e-07,8.50419516938891e-08,0.779886250205109,4.50576029958088e-11,0.00151339789511108,0.218298201510702,2.76683696110738e-06,6
"19929",1.34714423637502e-08,0.297329518022693,1.00833399962982e-08,1.83084410283784e-10,6.71523369343724e-13,1.87380564863589e-06,9.37793165433559e-07,9.31493181393526e-08,0.000564318931296091,0.70210323455934,10
"19931",0.000246561403004708,2.70203535425311e-07,0.000609642407119062,2.44024243848206e-05,3.18433010504658e-06,0.487826006100863,4.28529401288272e-09,0.0095987578274381,0.501672037813737,1.91332045192401e-05,9
"19933",5.09879605365946e-06,2.87300063726932e-08,8.70673641896705e-05,0.0346706715898327,0.00020204226166531,0.0125938043843941,6.46009214270161e-06,0.931936768479216,0.0204893250754567,8.73322704205142e-06,8
"19935",1.17816139259888e-06,0.000314904616542513,0.0074265594242111,0.0110934090655021,3.89587068459371e-07,0.744764980650091,6.53616353540816e-06,0.136765098642653,0.0995805276289827,4.64160600213892e-05,6
"19937",0.000935745621749374,4.18062943350961e-07,0.000873950243938106,7.8833588195716e-06,3.99799938163585e-06,0.958416815635766,1.00217425936039e-10,0.00124240365640927,0.038518717232591,6.8088184317492e-08,6
"19939",5.71008024922443e-05,1.82484492119111e-06,0.306352785220043,3.78333362323489e-05,2.83517614063284e-06,0.38716125159202,2.30001533236754e-09,0.00111803812040516,0.30523100145102,3.73271567105803e-05,6
"19941",3.36736193110038e-07,3.75373405472317e-05,3.9065145619179e-06,0.0175748434923428,5.14097996320529e-06,9.35946041582345e-05,0.0782566845886941,0.892165941539759,0.00186415172844156,0.00999786247533859,8
"19943",2.38738836788498e-07,2.72162373682079e-08,1.03381363090998e-06,2.30624955368121e-09,3.85202949041573e-09,2.2733059895328e-06,7.79406936513721e-09,2.44881502077663e-06,0.0446992465113536,0.955294717646583,10
"19945",2.00260174735163e-05,1.29527163866175e-08,0.00246149089364363,0.0815761315168616,0.000614091566034232,0.0132660602937734,6.00135427804983e-05,0.900596625225394,0.00140523711096134,3.10880361028754e-07,8
"19947",4.9011736745729e-06,0.00908289695075523,0.000237704757104211,0.000796813872104339,7.02682966768052e-06,0.000163871520803214,0.00165046325480924,0.46005556799498,0.0134162212163944,0.514584532429707,10
"19949",0.00013879816222278,9.03199230023267e-08,0.829412834007597,0.0221586971125962,0.000990370819362908,0.143923086639322,1.85008030777521e-06,0.00278958423831481,0.00058467862536561,9.99498754763775e-09,3
"19951",6.46990364777933e-06,1.97131122570156e-06,0.0403908904490796,1.99457233110157e-05,4.53939614191638e-07,0.00974875006944608,1.68844625660355e-06,0.000775546495812338,0.842814553401407,0.1062397302602,9
"19953",0.0233928594655368,2.56048650010031e-09,0.000732281716043473,0.0581670152897049,0.896247755446983,0.0005703779153903,9.56151708389811e-05,0.0207922036039091,1.88849882139866e-06,3.32285401986206e-10,5
"19955",0.00109146728315872,2.40493393317779e-06,0.349992643296392,0.1304567227664,0.0208687522521399,0.00165556314246607,0.0117986432993005,0.484123022273276,1.06861174963913e-05,9.46354379229794e-08,8
"19957",0.00657999308051548,7.13196581987117e-06,0.000250156104530888,2.69212225002504e-06,4.43348195697732e-05,0.00173303891580012,2.42441550066088e-06,0.0500623571059561,0.523848368023285,0.417469503446772,9
"19960",6.54666474418216e-08,1.24021346024943e-05,0.00808914302734271,0.232951926594974,5.54512841649764e-05,0.00011370317942899,0.00155900684161314,0.757052672589868,0.000122602410137602,4.30264712199488e-05,8
"19963",0.0498853357800379,4.43097575571168e-06,8.05768596482826e-07,6.83185853478086e-07,0.00107265860582916,1.1548539701366e-06,0.0127846782944605,3.49045807305022e-05,0.000977719449824915,0.935237628504941,10
"19965",4.35710455310182e-07,1.12664194902653e-05,0.109599298443939,0.840942556732513,0.000188028590316002,0.000270354899550682,0.0114145756144373,0.0375733814899353,1.01699531561877e-07,3.99831043528168e-10,4
"19968",1.35012204467336e-09,0.264813602997412,1.35961572968243e-05,2.92231098001329e-05,1.02243337017117e-10,0.000860398949998221,9.0277807298118e-05,0.00155110882070954,0.0420127744393479,0.690629016265771,10
"19971",2.91774072645037e-06,1.38432220479286e-08,1.24430059016474e-05,2.19881784060477e-06,0.000129148699332706,3.75776922321988e-09,0.00186354293885436,1.36676640099157e-05,6.53545484310789e-05,0.997910708983912,10
"19973",3.32601699646793e-06,1.551481303e-05,0.000256313842961492,1.64105621084194e-06,6.50077905239542e-09,0.299889349981837,4.14713240168518e-10,0.00180679657776792,0.697902311127001,0.000124739668703702,9
"19975",4.23341209993465e-08,1.50003379650555e-05,3.3723215006726e-05,2.19890693893025e-07,4.5917449518851e-10,0.000636319302760037,7.57283301224804e-08,0.000214623459274006,0.458185651747969,0.540914343524705,10
"19977",1.32566882417247e-05,1.83795729709797e-05,0.000386498429460169,2.49962093425681e-07,4.76471779535305e-07,4.94626631796988e-06,0.000203769223471834,5.39160585641917e-06,0.00253929000929964,0.996827741770508,10
"19979",3.25845011713757e-09,2.67075649598779e-11,1.4822018262317e-05,0.849643434267045,0.00364802278642535,3.43985269168078e-08,0.0499755694510445,0.096717926318584,8.7685886051733e-08,9.97890683239062e-08,4
"19981",2.74308449674173e-05,0.000252030426292319,0.000245174889028279,0.000155948209372712,3.5001926776601e-07,0.340868799109266,6.55432174239058e-08,0.613530319006163,0.0449130466145401,6.83533788495892e-06,8
"19983",4.76204123717556e-05,0.000141561465602657,0.132378959710808,0.000877250335746586,3.00546149750215e-06,0.723238416566608,3.86445097335232e-08,0.13611635733063,0.0071965350733605,2.54998864934025e-07,6
"19985",2.0107916494479e-06,7.27504346060349e-06,2.63999697187948e-05,4.11309034216991e-09,4.47347064390324e-10,0.00279936489938575,3.07507258427436e-10,1.77102869764213e-05,0.91974049116835,0.0774067429725143,9
"19987",7.88000807947702e-06,6.42572102467981e-07,9.9108059572631e-05,0.000850512497241253,6.55534257382777e-06,0.038151313568633,7.8441598956315e-07,0.377424413340854,0.581970496237868,0.00148829395708536,9
"19989",1.4252481980308e-07,1.8946714433438e-11,3.82227897903122e-05,0.970929073190691,0.0119897590020228,3.26180461714973e-06,0.000792353005459265,0.0162471676178637,2.00312505202746e-08,1.45388734140508e-11,4
"19993",1.50475905641327e-06,7.47046461020119e-08,0.795545253642582,0.0333269433288948,0.000149265037130246,0.0187969053778442,1.51300209077009e-05,0.0267969184179416,0.124713130812444,0.000654873898551746,3
"19995",4.24370579892163e-06,1.68691547420221e-06,0.048295628242847,0.220692815963358,0.000104798443692659,0.0412365886385436,0.000637425244350691,0.625570879412455,0.0630029896751766,0.000452943758302919,8
"19997",5.45470028948362e-05,1.198317822331e-05,0.000111320248352439,2.48884308901031e-07,1.50700865397727e-08,0.255764477582612,7.06782880949915e-10,0.000395042940249636,0.743430884994473,0.000231479392015796,9
"19999",5.44666968691319e-06,0.000362939728175729,8.22781019361026e-06,9.56884337795428e-09,1.93884515264043e-10,0.0909248354751054,3.90276895077104e-11,9.24796155886289e-05,0.907130949866882,0.00147511103261223,9
"20002",7.58268655831717e-07,0.309557311830881,4.33412538973965e-08,1.78158029661377e-06,9.24701767065805e-09,1.17813154366734e-05,0.0163751952702566,1.4493643372421e-05,0.000648779912879166,0.673389845589951,10
"20004",3.47172476012298e-07,2.7814651625934e-05,3.02384445937282e-06,0.0200823645763355,2.73481946898577e-06,0.00348892368552107,0.0002230201252767,0.970578266671246,0.00547862764756785,0.00011487680602253,8
"20006",4.19730126882198e-05,0.000611257216163698,0.533069931549728,0.0447850484571389,0.000290931261867228,0.00129620559476726,0.00455058640065991,0.41503775317202,0.000221829155782125,9.44841791849308e-05,3
"20008",6.43768581312563e-05,1.11914768598982e-05,0.829305054047971,0.102610814905132,0.000689535705126592,0.00377917311350546,0.0609802431965607,0.00243160729541286,0.000121430954486642,6.57244681284412e-06,3
"20010",0.000108899325460613,7.79234535631154e-10,0.491925245135224,0.291710772748182,0.0340527338553452,0.00603321010250113,6.96576886613065e-05,0.175903300966359,0.000196146108644399,3.3290388104734e-08,3
"20012",4.13639016341539e-07,0.00754985919364666,0.00136708181298327,6.0927733282622e-07,1.24856174137306e-09,0.0129256260920141,4.45178651920208e-08,4.49560308771504e-05,0.73837903929721,0.239732368890493,9
"20015",4.18425749343809e-11,4.09993599092499e-08,0.000877256836476859,0.989056924133429,3.00911528195315e-06,2.29022760405528e-06,0.00401545642996678,0.00604500655725664,1.5255911198168e-08,4.02871260648025e-10,4
"20017",9.63636535538376e-06,0.00173190040970748,2.1259132447734e-05,7.51678685150842e-08,7.0556776718765e-10,0.200128465844773,1.45212409454794e-10,0.000870456046662384,0.796291060675506,0.000947145506899491,9
"20019",4.11829035577603e-09,2.08570968517579e-12,0.000329851145164911,0.953898973486356,0.012412460955593,7.22860002373127e-09,0.0310581494698533,0.00230055315512918,3.50707389428962e-10,8.82195213028703e-11,4
"20022",1.43049823827343e-06,7.9498993559291e-10,0.0044857242297904,0.18924693041794,0.00140412066562441,0.000493513172253217,3.83244586309917e-05,0.804303433883934,2.6510986513229e-05,1.08920850928008e-08,8
"20024",0.000126201313225374,2.57053379418172e-09,0.000107781093096268,0.130283531892213,0.84827816857282,6.09334470780571e-07,0.0164638756665338,0.00473982042277095,8.37445069693875e-09,7.59886038250025e-10,5
"20026",0.000126201313225374,2.57053379418172e-09,0.000107781093096268,0.130283531892213,0.84827816857282,6.09334470780571e-07,0.0164638756665338,0.00473982042277095,8.37445069693875e-09,7.59886038250025e-10,5
"20028",1.43070213807168e-05,1.91419683291144e-05,1.62077890291341e-06,9.21535363235684e-09,9.86708086364382e-10,0.0315310246852736,1.37814107406003e-10,3.88810655355641e-05,0.965639196310605,0.00275581783009782,9
"20030",1.77723468628603e-09,1.3187108931076e-06,5.33666518348209e-06,0.430591664821703,1.26917209619788e-05,5.87687105290153e-06,0.142739931230532,0.42660605841839,1.25517706940898e-05,2.45680133545905e-05,4
"20033",1.88693639646839e-06,3.99132967944849e-06,4.78700308348447e-05,4.02904931119644e-06,5.50473927161557e-08,0.0137872868076717,1.03391455472128e-08,0.00820041544317495,0.970627345042533,0.00732710997385982,9
"20035",4.99298292444356e-09,4.92968676293838e-12,0.00043650465277074,0.978097434823006,0.0163868904639881,2.14081250867412e-08,0.00314845503928138,0.00193068772569037,8.31397910495985e-10,5.78279996612104e-11,4
"20037",2.21144218123124e-09,2.43600518772919e-10,0.000422735190336112,0.992495363827978,0.000532527868983329,1.80490340823518e-07,0.00488479988196249,0.00166439017824168,1.06501650360539e-10,6.12733408793205e-13,4
"20039",0.00122159775207772,9.36160422763079e-13,1.44480918516863e-05,5.86156389175453e-05,0.998703740591991,1.01775227702802e-08,1.33566601286331e-06,2.52038448578581e-07,4.19999057965142e-11,2.42031603485345e-13,5
"20041",0.000137687961079722,4.44203262734566e-07,0.989089640988344,0.000257698701211037,9.95308676540893e-05,0.00228596188761928,4.19325557902201e-07,0.00786394332343183,0.000263908723747215,7.64018092311869e-07,3
"20044",0.000477532237306432,2.48479971853337e-06,0.935615296683386,0.00179070072193167,0.0011001630240534,0.00367095625706139,3.90271108160333e-06,0.0528021652168092,0.00445420703404206,8.25913146095788e-05,3
"20047",1.68744002327796e-08,1.58253940305399e-12,1.63195659493989e-05,0.450723675858414,0.0490867555491523,8.04057366829967e-10,0.49477301517614,0.00540021156207153,6.35360663344151e-10,3.97287179494525e-09,7
"20050",0.00111666651481124,1.7693479456626e-11,0.572380073576731,0.0219526189972777,0.402520487878267,0.000408454447334194,2.44053110337044e-05,0.0014054980533588,0.00019153517690971,2.60026583226646e-07,3
"20052",0.000472480278297295,4.70882160885242e-08,0.0169290029334713,0.00033585127347748,0.000103744026025698,0.0685653940011951,1.04721512488348e-06,0.100459025472292,0.811787078987066,0.0013463287248341,9
"20054",4.62618722741497e-10,3.30255635704418e-06,0.000126976877352098,0.233698716366248,1.13105403102113e-06,3.45799367534182e-05,0.0011684131332379,0.764962697378396,3.97305957551132e-06,2.09175430638518e-07,8
"20056",2.05398457358067e-07,9.04767913290086e-08,1.32100682696008e-06,2.39711685632993e-06,1.27863333261145e-07,1.11246330187724e-05,1.14025550329918e-05,6.14879343352062e-05,0.0495677619909623,0.950344081024386,10
"20058",4.92288406372157e-08,3.4048256621945e-10,7.33298234088514e-05,0.979732643780863,0.0023691518654838,5.23014982914772e-06,0.000707487664038357,0.0171121017280094,5.4162221839805e-09,2.82241565928626e-12,4
"20060",2.92496805366709e-05,3.99006921843928e-06,0.000485258269292654,5.19184034646321e-05,6.02227326024669e-07,0.827775897068623,2.17839135460184e-09,0.00207801603494837,0.169571567514567,3.49855363177285e-06,6
"20062",1.03908735256228e-05,4.75784938093406e-06,0.114060098694314,0.000600639292548643,1.16967162180606e-06,0.83515597132584,4.59878516652263e-08,0.00739984312441634,0.0427658277437545,1.2554367471432e-06,6
"20064",7.9466610800393e-08,5.23841841632212e-09,0.00010427187100502,0.0519088081096946,2.4431296701775e-05,0.000614409659728297,3.61847997704963e-05,0.946444180378793,0.000865491223894335,2.13795538326884e-06,8
"20066",4.77915160999442e-10,1.24514690587602e-07,3.60788187250113e-06,0.805427552871399,8.55885247529321e-05,2.07175001276573e-07,0.095284567733703,0.099195864892418,4.45885040696196e-07,2.0400432063244e-06,4
"20068",2.50999626500225e-05,0.000248399096685919,0.00124469879207672,6.52789939292037e-07,5.50707737094046e-09,0.978232818594094,6.94272814060118e-11,0.000191509436113724,0.0200565303535239,2.85398411177656e-07,6
"20070",0.00686749247577014,6.39252585598267e-06,0.00235585054354659,1.27716396787263e-06,1.63195354754874e-06,0.973362388541434,6.12202872642179e-10,0.000197941262884679,0.0172068973126912,1.27608098627057e-07,6
"20072",5.21948497521518e-08,0.00158335516503372,0.00502859812019426,0.923882786243702,1.4256152153696e-05,0.000923622744565049,0.00238884746412842,0.0661783133901841,1.68191687161379e-07,3.33502117990939e-10,4
"20074",4.48639530484398e-09,6.73554119706932e-05,1.37807335195412e-08,2.57849068801087e-11,2.2337713339625e-12,6.66275521187081e-08,6.03378002580834e-08,1.19252495921021e-08,0.000408009869145718,0.999524477533134,10
"20076",5.8555683975931e-08,0.377913911156338,0.000182356963165879,9.18469868815291e-05,2.2114490134546e-09,0.00260442546716761,0.000191113334996017,0.0804771570339509,0.0622059521829447,0.476333176107423,10
"20078",2.57111287624416e-05,3.17394796583969e-08,0.000996753877403969,0.0392928678472141,0.000452110293552959,0.00210233150244284,0.000384363723902574,0.956208750448483,0.000535567310439604,1.51212831879497e-06,8
"20080",4.00959665235600e-09,8.58515706563525e-13,0.000209567166111049,0.978951283033758,0.0066137351836539,6.65711975723737e-08,0.00298289707226169,0.0112424384934125,8.21680885245371e-09,2.52341545422022e-10,4
"20082",0.000630335479483879,7.03983821555679e-14,2.09722073180415e-06,0.000242232995541273,0.999060964396458,6.11367183229601e-08,4.34091830157733e-06,5.99423138576606e-05,2.5342220761268e-08,1.9661610896614e-10,5
"20084",4.75046350311515e-05,6.57185544570745e-09,0.00017872086713381,0.011561734335504,0.00281561027757955,4.83124054222562e-05,0.00848721308822192,0.972047341750698,0.00252969639898583,0.00228385966956781,8
"20087",2.16635297457936e-05,6.33470167682725e-06,0.0353048606855269,0.477475617172586,0.000231493342696482,0.0552135365244216,0.000927541358190145,0.430766924176088,5.20219003184689e-05,6.60875011974778e-09,4
"20090",2.29652151487006e-07,1.85701396212118e-12,0.0660212314918158,0.842916771218657,0.0867322941470055,1.03968069563746e-06,0.00108210380025138,0.0032462211051013,1.07560346180247e-07,1.34211847759648e-09,4
"20092",0.92324778532075,1.86400347312988e-05,0.0175249585888808,0.000235809730427463,0.008044499656167,0.0474373128318493,6.56007871729286e-07,0.00348549530633616,4.84243683271019e-06,8.61538416605004e-11,1
"20096",0.933242124211241,2.01060639323661e-07,0.0139105603586543,1.91665816088637e-05,0.00475978083173437,0.0147665002597956,2.68894463842114e-06,0.0134865956782961,0.0197117685316767,0.000100613541715292,1
"20098",3.62885474788317e-06,2.73918041041436e-07,6.85378542477917e-05,7.47898211520622e-07,8.01325650616492e-08,0.00841081661506338,9.3682677694521e-10,0.000871270528822847,0.986464217647416,0.00418042561405836,9
"20101",2.81554627965118e-07,1.82075522640713e-10,0.00157419404564589,0.579522323282439,0.0105704594695481,2.35975777003293e-06,0.0568448940760245,0.351415033128244,3.65804367572425e-05,3.38740668676436e-05,4
"20104",0.98884102487947,0.00387329026615691,8.20524742782158e-06,8.00394705050859e-09,5.53957802446073e-06,0.00686627552599117,6.19865620415245e-09,3.0965601400359e-05,0.000373192808907975,1.49189001799778e-06,1
"20106",5.73763255199358e-09,5.64948040290595e-10,0.0141341589135959,0.75516843060501,0.000228491985195734,3.29305059598544e-05,0.000841133828418399,0.229494273577212,9.6685198789581e-05,3.8890832372854e-06,4
"20108",7.52957288287046e-06,5.4411245262872e-05,5.99114104036038e-06,4.525234826043e-06,1.72195905706195e-08,0.180393011161027,1.15825416956996e-08,0.0066677102395955,0.812280254643243,0.000586537959990159,9
"20110",0.133450153533533,1.39632500797968e-08,0.475115763537693,8.96467126418913e-05,0.0129681505604132,0.0120347990575955,5.84239372855334e-06,0.00356983697448188,0.353007385312966,0.00975840795369624,3
"20112",9.9881048098785e-06,1.0337388878614e-09,0.43111649923764,0.517829323760758,0.0193429351200951,0.00178912418671138,0.000238949786599156,0.0293205645620686,0.00035226145124825,3.52756331074449e-07,4
"20114",4.20609280071992e-06,3.19610077524761e-08,5.06231988795502e-06,0.0036131041108765,0.000101101401759103,0.000121757709011497,0.000219273687980415,0.985953987593119,0.0082269859630324,0.00175448916052483,8
"20116",4.03144432539224e-09,2.54380872887627e-06,2.22105894020705e-05,0.0139680429605217,9.56095952702453e-07,2.76477603510117e-05,0.00237979059908392,0.98125501175631,0.000782151271781876,0.00156164112642283,8
"20118",1.97646154685094e-05,1.2150857587453e-07,0.000159112629852159,0.000336095494523862,1.33639751442496e-05,0.0103335602829123,9.1152836785133e-07,0.660742840477709,0.326723264942688,0.00167096454475817,8
"20120",1.14865937251759e-05,6.98502023881302e-11,0.0161436632305169,0.429858856352882,0.147323359305418,0.00014278052962701,0.000390852408074819,0.403510517204572,0.00255634196037982,6.21423449541943e-05,4
"20122",2.36071264242024e-08,4.0662105035265e-06,2.10835834145607e-07,6.85496585800062e-09,1.7251688915656e-10,5.34261897299443e-06,4.96334413433839e-08,4.00287112499586e-05,0.0298676126030622,0.970082658752327,10
"20124",1.55434905637788e-06,1.0225880425223e-08,0.00108972537715691,0.819232389189399,0.00677393145960584,7.06576526672465e-06,0.0150174291738737,0.15787788649647,7.92799187388751e-09,3.52994971614223e-11,4
"20126",0.029606348569866,6.55364752637308e-09,7.29631020007488e-05,0.00038216521192249,0.966769883714212,9.29024610541301e-08,0.00136412381089943,0.00180438827620082,1.22156471146926e-08,1.56431426498644e-08,5
"20128",6.94943694462448e-06,4.87350628353140e-12,3.5298865438679e-05,0.0247170094740492,0.880984906730791,2.7728106677711e-10,0.0941815088969596,7.43262986528039e-05,4.63704897187248e-12,1.03729386452837e-11,5
"20141",0.762448260047709,5.0131722490042e-06,1.49029012176e-05,4.08715524989998e-08,6.45843210047733e-05,0.0111810980268881,1.40481572193305e-09,0.00120634078991857,0.223608552799617,0.00147120566502771,1
"20143",1.96559211470213e-09,8.24126236875428e-07,2.23257508592618e-09,3.13605801804163e-11,7.1140565185186e-12,1.4043092061401e-08,1.64632448034035e-08,1.85367714087806e-08,0.000494735234295632,0.999504387359717,10
"20145",2.8555177926139e-06,5.20371462960372e-11,0.00867001068434785,0.507987877742748,0.0113989264654948,0.000770097511679186,3.00895545593311e-05,0.470910461646328,0.000229612482916329,6.83420969894486e-08,4
"20147",4.49039185521287e-08,6.14093691725715e-10,0.000368004743099646,0.154929021510591,0.000132251137838093,6.31398587781348e-05,0.00010671995223293,0.844379551586773,2.12043424802093e-05,6.13501944102898e-08,8
"20149",2.25175733095843e-07,2.08442281520215e-06,3.17365344315455e-07,5.58244404073846e-10,1.62992827214181e-10,5.12217817171747e-06,8.80001690388334e-09,2.8918488234878e-06,0.0332552795800663,0.966734069907792,10
"20151",1.92590059144843e-06,2.98170041715598e-07,0.000103321070563254,2.2934961823986e-06,4.32497014053589e-08,0.0279073698131529,2.2438987428875e-09,0.000661401331735152,0.969932295677073,0.00139104904706024,9
"20153",0.00137663785740241,1.23342897494755e-09,0.00123357144343418,1.08006886631637e-05,0.000374986108344653,0.00227676865893037,1.84424637936558e-07,0.000648309114575185,0.968462646740864,0.0256160937297195,9
"20155",2.7498222636342e-08,4.37270017519131e-09,0.10278698023734,0.659153349710388,0.000406695992020072,2.68901757847108e-05,0.000554382127039313,0.237070454069017,1.20454743373167e-06,1.12700551031695e-08,4
"20157",3.82986723852019e-06,1.57433652572773e-07,6.02629289817413e-06,4.71337289712323e-07,7.79533973100713e-08,0.00364041632309594,2.8933921084469e-09,0.000141883385080766,0.981515174689628,0.0146919598243271,9
"20160",4.05824442539301e-09,1.14529904496443e-07,4.99640959399084e-09,1.05134491011355e-10,3.74955095655304e-11,2.5219400039752e-08,2.12552484647994e-08,6.56428563672531e-08,0.00115456490570699,0.9988451992496,10
"20162",1.42907229125466e-07,3.45351074787361e-06,1.57436814826614e-07,4.27334852161936e-10,6.90430250027385e-11,3.26941894793339e-05,8.51885350730344e-10,1.3904826781406e-06,0.182040642720451,0.817921517404337,10
"20164",2.47897103684443e-05,6.75351144117343e-07,0.00097144483268332,1.18033343604422e-06,3.98595244351681e-07,0.00126462382582748,4.25044131982248e-07,0.000116156716225796,0.629335250250129,0.368285055340809,9
"20166",9.35321778073396e-10,3.921148573212e-05,4.31148373545522e-05,0.266369904840494,2.75880010984043e-06,2.12469575049742e-06,0.686968285340846,0.0462355247787879,8.42820777938322e-06,0.000330646077824514,7
"20168",1.38003421504828e-08,0.805244999693547,1.52478293598148e-06,5.96823542667607e-05,5.5847348633269e-09,1.91985218606655e-06,0.193921146631973,0.000142687596429053,1.10799725626743e-06,0.000626911706328231,2
"20170",4.8104169320545e-05,8.98226667977192e-08,3.2541407239145e-05,2.51607877801462e-07,2.52741857689903e-07,0.00528210037208988,1.25453121679271e-09,0.00236562168778129,0.984887229563224,0.00738380737341196,9
"20172",8.8908238422141e-07,1.02643218667801e-09,0.00101375575284673,0.445330391490017,0.00169462116059031,0.000777554040378152,7.76394774494475e-06,0.551171732311444,3.29109287449717e-06,9.52879231719657e-11,8
"20174",1.75082012705433e-06,0.147623641620985,4.07436485616354e-06,1.33748644344071e-08,3.78102274856193e-11,0.0622190486734481,7.01647103608304e-10,7.18897502873552e-05,0.767746861163782,0.0223327194921928,9
"20176",7.36518069007674e-09,0.999866508485744,1.10569267117031e-06,4.03072152648044e-06,1.41173066581324e-10,5.072443763477e-05,6.4212181702938e-05,1.22521524539308e-05,6.64968723118867e-07,4.93853189890248e-07,2
"20178",4.13433017012869e-09,3.97979163070731e-08,6.29850961169751e-09,1.13305003394513e-10,8.68707326869696e-11,8.9380818544325e-09,3.25168176700228e-08,4.2400020357137e-08,0.000584773503680966,0.999415092210467,10
"20181",1.18183676407603e-09,2.45110945834369e-07,2.01700503944726e-05,0.293709182632399,2.17235815058917e-05,1.54136582509704e-06,0.18197194537122,0.521294783446992,0.000108366417688678,0.00287204084119222,8
"20183",0.00176676362678254,4.24418217714169e-07,0.00129324261295356,0.000154324868831505,4.19102824346081e-05,0.952667896899825,1.54715012646224e-09,0.0279984608045217,0.0160769453312034,2.96080795989843e-08,6
"20186",0.00141211221628159,8.88766314971801e-05,0.00144105153054856,0.00037915701979541,1.64169362404916e-05,0.994124443179486,1.29483202827249e-08,0.00247199419422784,6.59352967736209e-05,4.68289006812994e-11,6
"20188",3.47941084681938e-08,1.24635772653463e-07,4.69424594476667e-08,3.07732701191935e-10,1.49368240789546e-10,6.22780587779662e-07,9.84897003807927e-09,1.33346066757848e-07,0.0124688824601752,0.987530144734759,10
"20190",2.14507938493585e-10,1.02752698821694e-09,9.1842046410499e-05,0.971330069845733,4.19208739510614e-05,1.6420102414328e-06,0.00111610928907213,0.027418202735147,2.07043300897473e-07,4.91410914521722e-09,4
"20193",1.09662451435011e-08,0.00457274740308865,3.7967109778438e-05,1.50105080686837e-05,7.74024881411347e-09,1.54362200132287e-06,0.064828152127592,1.0753585705549e-05,0.000240878948825789,0.930292927988446,10
"20195",2.45819720642099e-06,3.38540939265983e-07,0.00250763031080592,2.20457692052709e-05,6.81363626237774e-07,0.00348684751815314,8.45589357883717e-07,0.00100433344226513,0.895666825463436,0.0973079938050044,9
"20197",3.2878445897275e-07,4.52320116023074e-09,0.0199504528881075,0.666062335902374,0.000711812129852008,0.000756484103857146,8.01293686839141e-05,0.31243481491158,3.63693192900779e-06,4.55956869598752e-10,4
"20199",2.92369657009504e-05,1.73064311779969e-07,2.46691293201195e-05,7.14689978249488e-09,2.75584645039263e-08,0.000634490400345143,1.16940245072106e-09,2.9376994805467e-05,0.831392411651358,0.167889605919392,9
"20205",0.0367446383717112,2.02809780236725e-12,0.000760998508937955,2.7457832363763e-05,0.962458774777401,2.29553432846568e-06,1.00933276905535e-07,5.67677014848098e-06,5.72413786724798e-08,2.84253076720531e-11,5
"20208",5.56001197944551e-06,8.9595270720605e-06,0.00145875330686537,5.23379245686257e-05,4.20874258907715e-07,0.169596407186744,2.33445768482997e-08,0.00904631891592976,0.819319605159792,0.000511613748212807,9
"20210",4.31128202615028e-07,1.10965144161059e-06,9.57186679590447e-07,2.42094822203496e-09,5.69627404856674e-10,0.000129919614698125,8.55013027284599e-10,5.67460791233946e-06,0.496330470797754,0.503531433167723,10
"20212",1.5129149978441e-06,6.95869490836378e-07,0.000111039647804543,8.18512546600991e-07,6.64920757149434e-08,0.00177317331164223,4.20501862188368e-08,0.00016387258935648,0.889663439041846,0.108285339570054,9
"20216",1.38203927828048e-08,1.63065257120293e-08,8.15646347646631e-05,0.189208497144201,6.09104074242215e-05,5.99454809399722e-05,0.000129631312358761,0.810375368428328,8.25285247290528e-05,1.52394033615997e-06,8
"20219",0.00865058985161605,1.0268374091041e-10,0.0162905442917969,0.050059119264761,0.776184961741782,0.000456588450450466,0.000971342213730866,0.147041490970126,0.00034365100170623,1.71211134643757e-06,5
"20223",2.72641895279164e-08,0.00012202335968791,0.00074107398125953,0.808343404258181,6.33042382520949e-05,4.40558837210551e-06,0.190058029092936,0.000667732067661506,1.44443911956858e-10,5.01554483780125e-12,4
"20226",1.10185246911556e-05,9.73727865057761e-09,0.984656822552838,0.000462282732842507,3.84927657903612e-05,0.00978468423661733,1.64648912227214e-07,0.000587856403104757,0.00445601584485942,2.65255306573934e-06,3
"20230",9.25013497710112e-10,4.78370929918198e-10,2.50955060848408e-05,0.987354279550581,0.000216106074741301,6.95369001695195e-07,0.00237699353542334,0.0100268065489046,2.17176898736488e-08,2.94188996902408e-10,4
"20233",0.999763317805102,4.41861661708531e-10,8.08724481314495e-07,2.35958014850088e-10,0.000230082438783213,4.07948329810079e-06,1.93557554892579e-10,8.94415706315691e-09,1.69365069426234e-06,8.08210736937143e-09,1
"20235",0.000274500309825754,2.61146745631201e-05,0.117525254690929,0.761806887103804,0.0388412710246304,0.00051124514468872,0.023320661401009,0.0576940227429799,4.28315441380604e-08,7.60255155353424e-11,4
"20239",3.83460632541079e-05,0.00111967198685375,0.164842762165788,0.348280308078075,0.000149972581255776,0.026966874940027,0.0162022127754683,0.442383849208592,1.59562579852878e-05,4.59427009192243e-08,8
"20254",0.000131037839728308,7.39517827557713e-15,1.10513384542564e-05,0.000410236296828576,0.99942682463805,9.80712993609141e-09,2.42332458394516e-06,1.84155089437573e-05,1.23796001139334e-09,8.31411273090627e-12,5
"20256",1.67526805805661e-07,2.51133674102659e-08,0.0002083858817763,0.482339208350678,0.000504464924194128,1.92056171851999e-05,0.000997919816307005,0.51593059302712,2.97020765985666e-08,4.04897541255897e-11,8
"20262",1.57397111732599e-06,1.24997466656237e-07,8.26090680310618e-06,1.40626869886374e-07,1.6701918661314e-08,0.00194342196004776,1.02112697891959e-09,0.00040431300443215,0.975350948743728,0.0222911980664893,9
"20270",1.27702075488657e-07,0.00120296142454977,0.000193406519537294,0.677932883294511,1.23579841783794e-05,0.00616968375772297,0.193644380909105,0.115903042533808,0.00408519207543903,0.000855963799072551,4
"20284",0.332963269375536,2.28491275767555e-08,0.0239122164088526,0.00210453476625926,0.0864544118633388,0.531892967237726,1.91660814273367e-07,0.00580723910164875,0.016865003414249,1.43322447758231e-07,6
"20287",2.83119600507866e-10,1.43294573446584e-09,0.000637771989368041,0.959006847305259,0.000161242320249822,4.75715181658371e-08,0.0396074715089428,0.000586617519815874,6.37709502097214e-11,5.01017413730912e-12,4
"20290",0.0231085321271542,6.61015105310609e-12,0.00499849472575169,0.000375223132334387,0.970927837279395,0.000115265103307705,2.30539186518262e-07,0.000175830965627028,0.000298149932637504,4.36187995534703e-07,5
"20293",4.60588181696844e-06,8.07854195249905e-09,4.14487214668153e-05,0.0101793699970622,0.000155312447973743,0.000949419658704699,1.56788168642809e-06,0.988603054157259,6.52027249145083e-05,1.0450573618926e-08,8
"20296",7.25024073028778e-08,0.0156146750329597,0.000201751740990186,0.000132123143352126,1.84677187413952e-09,0.031746591300974,3.20618298231399e-05,0.0687591367664942,0.638092423556012,0.245421162280216,9
