"","V1","V2","V3","V4","V5","best$classification"
"19812",0.000807135623961533,0.975054490123929,0.0240006277006536,5.31447594691712e-06,0.000132432075509092,2
"19814",3.02461547321465e-05,0.992080102441027,0.00266938797230469,0.0052135686894383,6.69474249744262e-06,2
"19816",1.11130309187467e-05,0.0249801333460708,0.974860814505945,3.46786365890899e-06,0.000144471253406636,3
"19818",7.26572962244067e-05,0.927968870238811,0.0528645092648945,0.0190250402019138,6.89229981562585e-05,2
"19820",8.70052194342988e-05,1.55188205663305e-06,0.999911174925321,7.23124833111852e-09,2.60741939406847e-07,3
"19822",0.0576957442359541,2.8169985707424e-05,0.942265563185838,5.18714334771613e-06,5.33544915270901e-06,3
"19824",8.48772999108587e-05,0.00134409979130303,0.995172571563578,0.00289592534873026,0.000502525996478209,3
"19826",2.51390427505496e-05,0.949445170357474,0.0371374609449472,8.95841082702864e-05,0.0133026455465584,2
"19828",0.000372016508822687,0.00114455592094165,0.998476856886205,5.75643934286645e-06,8.14244688062904e-07,3
"19830",0.000683533559200179,0.996930694587244,0.000363271831769219,0.000232754755065471,0.00178974526672127,2
"19832",0.538898419530463,0.31208287074037,0.148994923546698,6.3560450665585e-06,1.7430137401398e-05,1
"19834",0.0154074338519032,0.120903148993863,0.863326606139337,0.000356467760011743,6.34325488488427e-06,3
"19836",0.000333896382374248,0.608238398601583,0.27566445566952,6.82428274949692e-06,0.115756425063774,2
"19838",9.79440900369383e-05,0.998657475070479,8.58879933274622e-05,0.00114657000968008,1.21228364769863e-05,2
"19840",7.20725561959842e-05,0.230924518327721,0.764787888451186,2.68046411627746e-05,0.00418871602373465,3
"19842",8.59386513857062e-07,0.100641315679484,1.8807493345669e-05,5.50054115070311e-05,0.899284012029149,5
"19844",1.92086107669541e-07,3.59368688483374e-05,1.77831864013416e-05,0.999898498576236,4.75892824071791e-05,4
"19846",4.98460192900865e-07,0.785694456632265,2.02180962331414e-05,0.209137850636602,0.00514697617470716,2
"19848",1.68853479266702e-06,0.915916851557406,3.14059915391618e-05,0.0836589266361267,0.000391127280135714,2
"19850",8.256884917739e-06,0.65649362340094,0.000310616009112875,0.343088539079232,9.89646257970979e-05,2
"19852",0.000295266564029496,0.359315598793537,0.639507840343923,0.00084387872172778,3.74155767825034e-05,3
"19854",3.71403299253654e-06,0.990369737894861,3.00050467231234e-05,0.00949835890385634,9.81841215664515e-05,2
"19856",2.8817391824332e-05,0.023593912297538,0.00107039669511636,0.974927755293851,0.000379118321670234,4
"19858",0.000224380860539174,0.00402456743064879,0.0263204893508006,0.969361185124958,6.93772330536183e-05,4
"19860",0.000174475054690749,0.705355917713694,0.294311301364056,8.62509556489482e-05,7.2054911910555e-05,2
"19862",6.08190222962538e-07,0.971003409087764,1.08339372883875e-05,0.0127011048102423,0.0162840439744823,2
"19864",3.40006865656656e-07,1.93688044165914e-05,3.90597471520708e-05,5.78362864858522e-06,0.999935447812917,5
"19866",3.68437199259291e-05,0.00659053264366937,0.955179107882496,2.85598643994113e-06,0.0381906597674689,3
"19868",0.999718982982026,0.000189069690505926,1.77985295248272e-05,7.3384023016959e-05,7.64774926127475e-07,1
"19870",5.62271412810068e-06,0.992255186249445,0.000481060731205153,0.00564360395084222,0.00161452635437989,2
"19873",1.4701429832105e-05,0.965232205421055,0.0305534844932516,0.00162417905852272,0.00257542959733866,2
"19875",0.000502103972241608,0.00611850793260519,0.993376777573199,1.84419063326506e-07,2.42610289053422e-06,3
"19877",4.2879984613011e-05,0.991927372855258,0.00444932533899414,0.00343001261899177,0.000150409202142574,2
"19879",0.00165158315344352,0.702623189790045,0.288271433086374,0.00712422405159534,0.000329569918542805,2
"19881",1.99438764331345e-05,0.958506937983375,0.0126128119536957,0.00240896607388418,0.0264513401126121,2
"19883",2.90661694518976e-06,0.747646442997963,0.00470057094159557,0.00020054622801558,0.24744953321548,2
"19899",0.0102569155810147,0.609462788533202,0.377231207635975,6.18665142037822e-05,0.0029872217356048,2
"19908",0.0797559218748391,0.0202034743953935,0.173109032171937,0.00598353785170764,0.720948033706123,5
"19910",0.000103312779296373,0.65399440531048,0.344651902218622,0.000685640765853686,0.000564738925747418,2
"19912",2.01827603360022e-06,0.539168310785835,3.95168283580861e-05,0.00159262521776996,0.459197528892004,2
"19914",0.00625270335433757,0.794420257230962,0.197533782727515,0.00157227284144986,0.000220983845735625,2
"19916",0.000112877703745639,0.000633381939973306,0.628766136311699,0.000504042600745379,0.369983561443836,3
"19918",6.37190497789259e-07,0.8320875665345,0.00061549809286037,0.164079477613637,0.00321682056850477,2
"19920",3.93004775942971e-07,0.107842950211075,3.91573796305285e-05,0.892061909106649,5.55902978704117e-05,4
"19922",0.645081114270238,0.334321788615881,0.0205239233490978,5.46752162768888e-05,1.84985485059038e-05,1
"19924",2.05676682933089e-05,0.950285062896343,0.0109916329643286,0.0384207539217261,0.000281982549308992,2
"19926",0.0264143606428662,0.389769221422697,0.557936274585679,2.71742199725979e-06,0.0258774259267598,3
"19928",3.28276741324596e-08,3.57923792230455e-06,1.66367054784101e-07,3.78720685728623e-06,0.999992434360492,5
"19930",1.72454231210233e-05,0.998469083566091,0.00104972404675095,0.000372513844431691,9.14331196050252e-05,2
"19932",1.16701456331071e-05,0.996550365473905,6.21715787746801e-05,0.00334564654149915,3.01462601881741e-05,2
"19934",0.00241280408846143,0.0424191305348529,0.955002124018005,0.000163346726036876,2.5946326441769e-06,3
"19936",0.000662933183215134,0.988161967274539,0.0108794473593423,0.000256976724390374,3.86754585128002e-05,2
"19938",0.00335390954438197,0.000670840642764822,0.995886536873052,5.46987052244573e-05,3.40142345772393e-05,3
"19940",1.71724651042178e-05,0.876854237432273,0.0913546913287051,0.00123751408562341,0.0305363846882947,2
"19942",1.75350430689027e-08,3.17452401985845e-05,2.49574428064115e-06,1.03313493810628e-06,0.99996470834554,5
"19944",0.00011595303684254,0.269457856497618,0.728285891850252,6.82723870524562e-05,0.00207202622823451,3
"19946",0.000116381728371718,0.867027645909323,0.10601563248054,0.0265602497964639,0.00028009008530135,2
"19948",5.6355008366862e-09,0.000104307638724431,2.69762025450462e-06,5.93421179975395e-06,0.99988705489372,5
"19950",3.43777088667234e-07,0.00184684925531709,1.14746277251513e-06,0.998150379841001,1.27966382039648e-06,4
"19952",5.6355008366862e-09,0.000104307638724431,2.69762025450462e-06,5.93421179975395e-06,0.99988705489372,5
"19954",5.7842458158231e-06,0.997989667157545,0.000236823060479539,0.00167413384404433,9.35916921155441e-05,2
"19956",0.000294120536425947,0.311829535667079,2.73827073600109e-05,0.672140998702375,0.0157079623867603,4
"19958",0.994553376895214,0.00383837513822048,0.00023708178841641,0.0013676868103767,3.47936777233119e-06,1
"19962",0.00327353419611647,0.609729060662486,0.1854258968496,0.200933758020726,0.000637750271070809,2
"19964",4.47973332040892e-05,0.886979169620995,0.0572153855673078,0.0263475984989466,0.0294130489795466,2
"19966",0.000114853751484168,0.000287914501555221,0.990159723436024,7.60106625341862e-08,0.00943743230027385,3
"19969",5.02958422045819e-06,0.989778781306197,0.000752940001300384,0.00021077890276435,0.00925247020551784,2
"19972",5.18903305698223e-06,0.759120916009289,0.00103572833057861,0.112758415112945,0.127079751514131,2
"19974",4.68217272171279e-08,0.0574452065553353,1.48678592129353e-06,0.919004637683617,0.0235486221533987,4
"19976",2.98110208594636e-05,0.922798280955566,0.0174362075062549,0.0592821104864519,0.000453590030867954,2
"19978",1.39536121356432e-05,0.265118093634244,0.732266472996603,0.000936076414485751,0.00166540334253113,3
"19980",3.10330422647813e-06,0.687748415439612,2.17182555394396e-05,0.312151788852269,7.49741483533049e-05,2
"19982",4.92097388639319e-05,0.160131163079721,0.000287369737645462,0.839507394447313,2.48629964562836e-05,4
"19984",2.32786658327308e-07,0.000515074654436437,1.99103454009241e-05,0.999455744976728,9.03723677607267e-06,4
"19986",0.000441730141807523,8.79753435797647e-06,0.999546914062316,7.78527101185343e-09,2.55047624788943e-06,3
"19988",0.000710125216837318,8.42479667392669e-07,0.999288899728584,4.799225594966e-09,1.27775685591259e-07,3
"19992",0.00072609064714504,1.27138199335218e-05,0.999260822891058,2.87471204284056e-07,8.51706596305359e-08,3
"19994",5.21068402190505e-05,0.998540196503406,0.00126331328354805,8.30388368566272e-05,6.13445359702796e-05,2
"19996",8.57240174633019e-05,2.07680382993269e-05,0.999893228835257,2.21042918217285e-07,5.80660621417759e-08,3
"19998",0.000231886563299957,0.290527862018328,0.0479797098883395,0.0103580356860648,0.650902505843968,5
"20000",0.0187217140917313,0.975795414068574,0.00014492805677751,0.000694321104850062,0.00464362267806759,2
"20003",0.000243783964585717,0.991668809928373,0.00726491479168285,5.09296562576093e-06,0.000817398349732348,2
"20005",6.04669146592431e-07,0.921481581088957,1.61429367086134e-05,0.0758222777127992,0.00267939359238886,2
"20007",0.00358290866437712,0.380017652896324,0.615123962801192,0.0012147069785861,6.07686595206616e-05,3
"20009",0.000856465503014425,0.000818294012179623,0.997126341841684,0.000389686134166248,0.000809212508956101,3
"20011",1.47184529405572e-05,0.947689100808305,0.00613259593791865,0.0165240357933546,0.0296395490074811,2
"20013",2.79456114123205e-05,0.894746895969475,0.000816350207491978,0.10438021088875,2.85973228705952e-05,2
"20016",0.00570584039095045,3.49072963842548e-05,0.994244751770123,1.0367011483589e-05,4.13353105929204e-06,3
"20018",0.988299829943824,6.55452074287021e-08,0.0117000053855212,3.75183010776838e-09,9.53736176180227e-08,1
"20021",0.00049528704148276,0.0150722923200897,0.984409077621689,3.11864258052237e-07,2.30311524800658e-05,3
"20023",0.00181118302262208,0.0812465814803539,0.91674395453227,0.00013884151182766,5.94394529266132e-05,3
"20025",0.459505374608475,5.7686001002558e-05,0.540432684297357,1.72545219923597e-07,4.08254794495837e-06,3
"20027",7.01827841637035e-06,0.759238029632801,0.000244268749164369,5.30420629223178e-05,0.240457641276697,2
"20029",3.50444728760857e-07,0.965105769077774,7.31851450316469e-05,0.0237025819044588,0.0111181134280066,2
"20032",1.37233810086631e-05,0.993649407791252,0.000229196943553186,4.99761946452348e-05,0.00605769568954073,2
"20034",3.43409156761136e-08,0.000383123510968796,1.15265581485802e-05,1.40365171539388e-06,0.999603911938251,5
"20036",0.0023539036327678,0.758374651281745,0.0454004995256949,0.188340679843287,0.00553026571650612,2
"20038",0.00756416037798975,0.000676722501020901,0.991757856623708,6.40001376560781e-09,1.25409726753317e-06,3
"20040",0.0148267615023019,1.28045351531935e-05,0.984675305129965,7.39563842672089e-06,0.000477733194153315,3
"20043",0.000907074240990397,0.00401973304546845,0.995071759258426,1.049067771456e-06,3.84387343373367e-07,3
"20045",0.00737626591842079,1.11012298287644e-06,0.992622416692347,1.90207822711864e-07,1.70584270948293e-08,3
"20048",2.2160906743777e-07,6.24451591561402e-05,4.99247978358027e-07,0.999935967661795,8.66322002819928e-07,4
"20051",0.0186793682929891,0.664741056633754,0.304535910335278,0.0120410337481788,2.63098979978811e-06,2
"20053",0.000117897918951391,0.0145745281838182,0.984800877874196,0.000290660471799588,0.000216035551234453,3
"20055",0.154068437865877,0.0728139176720853,0.772980859997474,1.49826423237956e-07,0.000136634638139919,3
"20057",0.998170712006141,0.000190793565612897,1.6792230217013e-06,0.00157404691530702,6.27682899175836e-05,1
"20059",0.00358205315091951,0.0133485583400043,0.982159773184189,4.02176673247888e-05,0.00086939765756233,3
"20061",0.000553030707846039,0.116073111136708,0.882419446806864,0.000216072470763102,0.000738338877818836,3
"20063",0.000694228298537171,5.78628725150172e-05,0.0151851366726387,0.982233849391436,0.00182892276487259,4
"20065",0.86201784351352,1.32911097963877e-05,0.137968840174437,2.80470173043075e-10,2.49217772469354e-08,1
"20067",0.0115751151650041,0.000442236431686593,0.987710690607124,0.000271918784287526,3.90118976650338e-08,3
"20069",4.84148430001554e-06,0.429503705240824,2.85467824057869e-05,0.570436933468759,2.59730237113966e-05,4
"20071",0.00748891131156648,0.450254316296891,0.353142652560126,0.00171654083076987,0.187397579000647,2
"20073",1.37491775530301e-06,0.0783324692678666,0.000819415513454742,0.920306673612772,0.000540066688151192,4
"20075",0.999689663353074,0.000297385233400663,1.15190738997566e-05,1.29740850397384e-06,1.34931121183743e-07,1
"20077",0.000138945338421739,0.0167241194436917,0.982603155248616,0.000505092593207238,2.86873760634916e-05,3
"20079",0.00168747643680764,0.0722368470470844,0.156995934649299,0.769017571642044,6.21702247649701e-05,4
"20081",0.149135205999232,0.00983709095858753,0.841018502537605,9.07812053044711e-06,1.22384045020799e-07,3
"20083",0.00124275236222908,0.0171923624499055,0.00545175982736059,0.971039442814354,0.00507368254615121,4
"20085",0.00306212367720654,1.60016950757381e-06,0.996936227581673,1.33513728869628e-09,4.72364754873864e-08,3
"20088",0.00108698051167455,0.00057690120726279,0.998335724711901,2.20391452031e-07,1.73177709140567e-07,3
"20091",0.997508447694861,0.000147140546269696,0.00234074057914553,3.66271887445215e-06,8.46084991424054e-09,1
"20095",0.000399440141857257,0.0175331704180345,0.0705842458558755,0.858394927145624,0.0530882164386084,4
"20097",0.0124504396181752,3.05240982325797e-06,0.98754648233943,1.83331505576253e-09,2.37992561524041e-08,3
"20099",4.60673922773303e-06,0.00275082970602096,0.856263185593191,0.00498469336692332,0.135996684594637,3
"20102",0.0685409214805252,0.00278122551050884,0.00164589293827676,0.927030733161775,1.22690891356187e-06,4
"20105",0.000372812119584903,0.00628574853201672,0.992686702852075,0.000653840250624955,8.96245698322329e-07,3
"20107",0.000160472580803622,0.00067575720879985,0.999159593257357,6.46355729317521e-07,3.53059731041304e-06,3
"20109",2.39757234020933e-05,0.0263311248316619,0.675250550143549,0.296938014928825,0.00145633437256159,3
"20111",0.51215265346867,0.4692088522842,0.000181653673070482,0.0183974490179982,5.93915560613773e-05,1
"20113",0.000324148885083323,0.0202136865450212,0.95398988608417,1.81997541116832e-06,0.0254704585103148,3
"20115",0.000379118102821922,0.992743880419642,0.000157330073082568,0.00103447919763519,0.00568519220681841,2
"20117",0.532132422328429,0.0017407655885606,0.115251393422935,6.9782206516212e-06,0.350868440439424,1
"20119",5.49976481178399e-05,0.000340130632566396,0.961063214331741,4.16460602632554e-08,0.0385416157415144,3
"20121",0.000444197180774387,9.85886826854577e-05,0.999454874893551,2.60378562368246e-08,2.31320513265546e-06,3
"20123",0.99861471527056,3.34678644701635e-05,0.00135178112902466,1.54841790208773e-08,2.02517659071263e-08,1
"20125",2.87662240634493e-05,0.888732358986324,0.000217753488319874,0.111000992834139,2.01284671539099e-05,2
"20127",0.00031319505502275,1.43938928432745e-05,0.999669682619067,2.53460798432402e-06,1.93825083033469e-07,3
"20140",0.456262479305533,0.173909627243523,0.367721274830712,2.13753233261621e-06,0.00210448108789935,1
"20142",9.235620101201e-07,0.00587454299806678,2.12311111138749e-06,0.994119788303306,2.62202550583965e-06,4
"20144",0.00756173100960526,0.98364245093382,0.000127298028327284,0.0085741284525863,9.43915756614483e-05,2
"20146",0.00370871830998734,0.603342711954936,0.00638234229346064,0.386450237073852,0.000115990367764265,2
"20148",0.000116366737789305,0.992260592009598,0.00731195459727838,0.000281706505150538,2.93801501836374e-05,2
"20150",2.97048308228346e-07,0.389011829436827,4.69224511586957e-06,0.608216358927932,0.00276682234181734,4
"20152",0.000178150735894377,0.967730798109466,0.0317401032211222,0.000210903479762769,0.000140044453754401,2
"20154",0.964163747896667,2.36163654428805e-05,0.0358036752552653,8.95848960835189e-06,1.99301603202747e-09,1
"20156",0.0211822885968359,0.17195267834842,0.736700829666509,0.0697018992720367,0.000462304116197879,3
"20159",9.04652469139467e-06,0.363795003245489,2.79331291581157e-05,0.636150678233875,1.73388667859641e-05,4
"20161",6.35290116074305e-05,0.010725433553797,0.000598996568692891,0.988388779027728,0.000223261838174698,4
"20163",0.00137259909089744,0.952917028806645,0.0445919168774368,1.22133054900448e-05,0.00110624191953038,2
"20165",2.31601682107618e-05,0.000978148557994458,0.00873128048484846,0.990264989756795,2.42103215106764e-06,4
"20167",9.47067286684166e-06,0.983551824472674,0.0045361081929687,0.0118810465884509,2.15500730389575e-05,2
"20169",2.78299134229585e-07,0.000265667265482693,5.96343499516947e-07,0.999732465306543,9.92785340755794e-07,4
"20171",0.991556634130601,1.54571575230499e-06,0.00843312942877236,8.68965795926278e-06,1.06691497287457e-09,1
"20173",1.73963202919112e-05,0.00122856833406478,0.0537437047661277,0.221703986700743,0.723306343878773,5
"20175",2.42779104918898e-05,0.987586516905481,0.00164633737567002,0.0103813539821231,0.000361513826233916,2
"20177",1.17812807762378e-05,0.0042680812766744,0.514093779484309,0.000239016271643663,0.481387341686597,3
"20180",0.00275071722859089,7.29081745080289e-05,0.997159856011161,2.39630955382753e-10,1.651834610947e-05,3
"20182",2.33145284954779e-05,0.000207889601540849,5.77415814663764e-08,0.997666786940646,0.00210195118773582,4
"20184",3.03167366420555e-06,0.0457943714221291,0.00014586151177871,0.95404294156923,1.379382319824e-05,4
"20187",8.99330328359684e-07,0.0024826032248428,0.0041518261278668,0.00132743467652681,0.992037236640435,5
"20189",1.04236572834955e-05,0.0608651490616392,0.920490394461717,1.81758329165513e-05,0.0186158569864436,3
"20192",0.152248708711542,0.00617565971187488,0.809595720065896,8.03486311577819e-06,0.0319718766475716,3
"20194",5.8367667387096e-06,0.100525488753709,0.000185247572044823,0.724233390737311,0.175050036170197,4
"20196",0.171627950888534,0.000170186816532487,0.828201292296724,3.38951053193575e-07,2.3104715554178e-07,3
"20198",0.00695252489514537,0.705397071765029,0.285950391006145,0.000938204796322126,0.000761807537358604,2
"20204",1.2987477382306e-05,0.431499470753248,3.69241118204812e-05,0.568419217196128,3.14004614214849e-05,4
"20207",0.0914158092070394,0.000366316123149604,0.908173552131277,4.42957536511491e-05,2.67848829246446e-08,3
"20209",0.0614098672454275,0.886879481113741,0.000720591706264292,9.14301517108675e-06,0.050980916919396,2
"20211",0.998826237028062,7.909671308892e-05,0.00109454701805281,1.18745885619461e-07,4.94911136822729e-10,1
"20215",0.0013662660865075,0.0229809523064181,0.975578571003225,5.25669672534187e-05,2.16436365960203e-05,3
"20218",9.12794756583442e-07,0.0174205651268712,3.60461302558321e-06,0.982571977598926,2.93986642025119e-06,4
"20222",0.0690770919044373,0.0112214893085211,0.919581380516962,0.000119883865809048,1.5440427084196e-07,3
"20225",0.000703820131114301,0.969691899563657,0.000226412129989749,0.0289614409380873,0.000416427237151271,2
"20229",0.141739967930907,0.811249267861346,0.0423891077359817,0.00123084933390877,0.00339080713785691,2
"20232",0.025009907210611,0.126049219904652,0.84882281590709,2.93316832253891e-05,8.87252944213689e-05,3
"20234",0.122561670791237,1.09630902607138e-06,0.877432367322853,2.69175365903497e-09,4.86288512993041e-06,3
"20238",0.00161532535795418,0.000583032933889629,0.997787450792866,1.17313487642677e-05,2.45956652596689e-06,3
"20253",0.000876174157613551,0.000294451984831161,0.998822035339578,1.99203075009732e-06,5.34648722757471e-06,3
"20255",0.00040676525488773,0.998918860055555,0.000317652124206866,0.000351838661585967,4.88390376425725e-06,2
"20258",6.68551538628663e-05,0.000185866285519213,0.999744406801571,8.84171269719956e-08,2.78334192021877e-06,3
"20269",0.000112458629538799,0.0340931788346814,0.916164119898475,0.0495646310407442,6.56115965605851e-05,3
"20271",2.15621578946677e-05,0.000454295628336783,0.98613966357712,3.32820435049431e-07,0.0133841458162133,3
"20285",1.50736298651914e-05,0.0437607808912146,0.00527872032299931,0.00149730504633723,0.949448120109584,5
"20288",0.00275648576746964,0.0303836634359482,0.966727680607946,0.000112635887047491,1.95343015890483e-05,3
"20291",0.260293704471286,0.000308614713390716,0.739393128482108,3.32277214724781e-06,1.22956106799695e-06,3
"20295",0.00020226122354102,0.073208788342576,0.749320649145847,0.022207244379858,0.155061056908178,3
"20298",4.77262144548543e-06,0.994827286685467,3.76986971656625e-05,0.00503893204826964,9.13099476524687e-05,2
"20302",7.71062804547182e-06,0.298171703100163,0.00114033977729269,0.698207057619837,0.00247318887466181,4
"20305",2.05317520905346e-06,0.997210852987573,3.04253867245979e-05,0.000993347034550094,0.00176332141594322,2
"20307",0.000460361896446872,3.00893370455925e-05,0.999509446149701,4.5265868528852e-08,5.73509377288447e-08,3
"20310",0.00212875247093559,9.98756136629948e-07,0.997869198894826,3.9000699543698e-08,1.01087740176623e-06,3
"20313",2.44037047458068e-08,0.000654742910028014,1.68149613690273e-07,0.999327533746068,1.75307905860591e-05,4
"20315",0.000120254219682105,0.000784764926427595,0.999069168635335,5.66893987728436e-07,2.52453245679941e-05,3
"20319",0.622526095573978,0.000276349438604228,0.37719688101724,2.013005087318e-07,4.72669668911921e-07,1
"20321",8.53212441681203e-05,0.000109310362598206,0.999794195615444,8.47878870367269e-06,2.69398908610178e-06,3
"20327",1.07238759215782e-05,5.81850077243703e-05,0.999884022165523,2.58735944533681e-07,4.68102148869847e-05,3
"20329",3.00485942702997e-09,0.000241921517689363,1.57455262399578e-06,0.000130142189786387,0.999626358735041,5
"20335",0.107666372608672,2.89047415730254e-05,0.892303115722971,1.60277878509802e-06,4.14799844325348e-09,3
"20337",1.05710131019501e-05,0.715442323848245,4.9226316483557e-05,0.284478436958133,1.94418640362878e-05,2
"20339",0.980732147770647,0.0116208536874431,0.00693191833675598,3.5981350773294e-06,0.000711482070075969,1
"20341",0.973633716639104,6.00041956435593e-05,0.0258545719209906,0.000451672161346927,3.50829146674458e-08,1
"20343",0.00897940596063526,2.43163112999485e-05,0.990902418731675,9.35135533789174e-05,3.45443010803414e-07,3
"20345",5.15282692160159e-05,0.971842415057041,0.00467261614838867,1.03488193569843e-05,0.0234230917059976,2
"20350",0.372867993011813,0.162593358214906,0.427084510392444,0.0265737412440692,0.0108803971367678,3
"20352",2.84507191627471e-07,0.000492305255512037,2.45908064463479e-06,0.999504199454809,7.51701842916498e-07,4
"20355",0.000220231329083647,0.0288563913275407,0.00342947879777067,0.967284208158225,0.000209690387380307,4
"20358",9.34176076480559e-08,0.0356909683980253,2.41515217036168e-05,0.023902402804184,0.940382383858479,5
"20363",7.91434916627237e-05,0.000427754562265234,0.999485740679203,6.56049484303186e-06,8.00772025631267e-07,3
"20365",0.547812382749504,0.0437087692648038,0.408475758235351,2.28161109681424e-06,8.08139244815572e-07,1
"20379",0.000675310807243202,0.99710870961747,0.000410855533498838,0.00146351440998972,0.000341609631798799,2
"20387",0.00143820762296049,0.000714936128380784,0.997846338390844,3.18212156342136e-07,1.99645658072489e-07,3
"20392",0.99728369743045,3.04623606403718e-05,0.00268582897969325,1.05702321795902e-08,6.58984718230537e-10,1
"20395",0.000308969070440419,0.982623222585082,0.015933191932679,0.00107227732220767,6.23390895913054e-05,2
"20397",1.11403320425033e-08,8.59814272632113e-05,2.24626616746426e-07,0.00902712087964199,0.990886661926146,5
"20410",0.000605599733667642,0.0106973369100817,0.98824760149803,4.40962119091926e-08,0.000449417762008355,3
"20414",9.00309692165799e-06,0.674248980190627,0.00111577904219338,0.32451991906363,0.000106318606628647,2
"20417",0.91001346932689,3.19208029389767e-07,0.089890688861447,1.49545693841026e-08,9.55076490639401e-05,1
"20419",1.90520137937369e-06,3.05889035827353e-05,0.999939186817541,1.21520664867135e-06,2.71038708487873e-05,3
"20421",0.0152185917966403,0.287382935319406,0.00359784544261167,0.693788057197291,1.25702440509776e-05,4
"20423",0.000120124674819077,0.61240561574007,0.000252146725268116,0.387210864104424,1.12487554181305e-05,2
"20425",0.000427274493593084,0.40679697200411,0.000614806121069216,0.592156305505583,4.64187564466994e-06,4
"20427",3.83609948015045e-05,0.954942103825883,0.0446067718196369,0.000323828741472643,8.89346182065588e-05,2
"20429",0.00417969497152197,0.000193816448063238,0.995125611734956,0.00021858932596868,0.000282287519490262,3
"20432",4.68286944050624e-07,0.151469311594962,4.99616563053279e-05,0.848008244285107,0.00047201417668181,4
"20435",0.0268088684195165,0.190750256295904,0.782121752747949,1.14481370632604e-05,0.000307674399566381,3
"20438",2.01857731145647e-05,0.00043375104903482,0.999123268526101,0.000313225568926663,0.00010956908282327,3
"20440",2.65588989644767e-05,0.000162331226591871,0.999773264870051,1.73701553890765e-05,2.04748490040243e-05,3
"20443",3.29527045876755e-05,0.001844056988016,0.00020053728194795,0.997913791640252,8.66138519625619e-06,4
"20446",0.00161496689342714,0.436674266007039,0.554674198939619,0.00443968424537643,0.00259688391453812,3
"20449",0.0158226264742265,0.203107058151235,0.780741150855185,2.55713327744241e-05,0.000303593186579148,3
"20537",0.275277563631059,0.00853936651558664,0.715970507657422,0.000209081275433413,3.48092049899986e-06,3
"20540",0.991405659923221,1.37192481345364e-05,0.00858059883350367,7.54015423208671e-09,1.44549868505887e-08,1
"20543",0.000756566871138943,0.796757930180231,0.198283578970395,0.00412888100864609,7.30429695882376e-05,2
"20545",0.99876735293058,5.68817920556545e-05,0.00117533446134326,4.3053495960426e-07,2.8106085466225e-10,1
"20549",0.00377264433270599,0.935204262386357,0.0458087593131236,0.0152116826818192,2.65128599406923e-06,2
"20551",0.00168277023231348,0.0260213006094332,0.972174085286312,0.000121283135195776,5.60736745789278e-07,3
"20554",0.0001081141704476,0.00468459702551165,0.995185614937823,1.19515589275121e-05,9.72230729039353e-06,3
"20556",0.124945831734235,0.698194042729372,0.175553218658409,0.00130212174218528,4.78513579868113e-06,2
"20558",0.000169740462403359,8.36779241009924e-05,0.999746231588282,2.69503714944613e-07,8.05214982388092e-08,3
"20560",8.71133153824317e-05,0.0198000344120946,0.976327343611794,0.00378311491832667,2.39374240235623e-06,3
"20563",0.000242176106252664,1.11025595253653e-05,0.999745594882798,8.34478261047777e-07,2.91973162466759e-07,3
"20565",0.00130932898412702,0.125651210183157,0.849829550394577,0.0231999801784337,9.93025970583664e-06,3
"20567",2.16481516690138e-06,0.101135417170712,7.91328094437213e-05,0.898538580840371,0.000244704364306101,4
"20571",0.0314232732342048,0.00148512829680153,0.965891344869011,3.76314443703953e-05,0.00116262215561264,3
"20573",0.00459145404774438,0.0463911283933495,0.948424982897086,0.000587700908245895,4.73375357383757e-06,3
"20575",0.000104941621255989,2.41365342820023e-05,0.999867236582039,1.71128549504094e-07,3.51413387376699e-06,3
"20577",0.00206303663749463,0.890117147764422,0.106900143792275,0.000100723454799946,0.000818948351008353,2
"20579",2.34176725629378e-08,0.00137883396083057,2.04404574966246e-06,0.885892872576894,0.112726225998854,4
"20582",0.000116296368721902,1.20330157129986e-05,0.999871415770832,4.1233048522365e-08,2.13611684661494e-07,3
"20585",0.890778474768576,0.0196109886693191,0.0896088629760129,1.60179017847823e-06,7.17959132796803e-08,1
"20588",0.98148291481318,0.0106728412663918,0.00768612634629631,0.000155578027870099,2.5395462619686e-06,1
"20590",1.17065176936313e-08,0.00428614091568579,5.47992441750958e-07,0.994189736863902,0.00152356252145272,4
"20592",7.83557763634012e-05,5.84067191038029e-06,0.999914611249732,1.10238200983109e-06,8.99199839919089e-08,3
"20594",0.000308242116056513,2.21349033038277e-05,0.999668221987564,7.49969019074278e-09,1.39349338594814e-06,3
"20596",6.06707246549541e-06,0.00937713710510821,0.988137313354795,0.000443127055297357,0.00203635541233433,3
"20598",0.00011344940551666,0.0116703592482514,0.988203638769525,6.36672992785953e-06,6.18584677879207e-06,3
"20600",0.6826289245832,0.240218073994068,0.0758702524399389,0.0012815102292731,1.23875351918189e-06,1
"20603",0.00247480568095778,0.993669269435546,0.000534599744092384,0.0032926935450102,2.86315943930967e-05,2
"20605",0.000465640434438935,0.000435332936805305,0.999084995864081,2.31159340757319e-08,1.40076487402033e-05,3
"20607",1.37589856327198e-05,0.00144302932196169,0.998475934374582,4.92926043434982e-07,6.67843917805807e-05,3
"20609",0.000124023239759913,0.0194467641244916,0.980377816662431,3.18861853119451e-05,1.95097880053705e-05,3
"20611",2.37153465059614e-06,0.989885713240768,3.97332119762929e-05,0.000312937264029232,0.00975924474857608,2
"20613",0.00297620627621273,0.603510731120831,0.393371823905766,1.27006723802974e-05,0.000128538024810649,2
"20615",0.0549151579054285,0.710341551340571,0.232480939474569,0.00226051247171312,1.8388077179518e-06,2
"20617",3.73918556977588e-07,0.00233451212990258,1.1901923951194e-06,0.997662576308613,1.34745053271925e-06,4
"20619",3.729674916978e-05,2.51384904990505e-05,0.999932134869233,3.16771506347061e-06,2.26217603537985e-06,3
"20621",0.000410632991452887,0.0170119775194017,0.982481682255684,3.1943777191859e-05,6.376345626996e-05,3
"20623",3.05139190851524e-07,0.00866974561333083,0.00178883997414846,0.988362093225348,0.00117901604798159,4
"20625",0.0235251705075196,0.93600367049288,0.00105588162671301,0.0394054276510832,9.84972180381385e-06,2
"20627",0.00052286844962657,0.226456110175571,0.772344129946521,4.39981367713322e-06,0.000672491614604004,3
"20629",0.00314206674337898,0.212972888951696,0.783113255294138,0.000758629730895724,1.31592798915406e-05,3
"20631",0.000127138118672605,1.49048703463015e-05,0.999850239510618,7.5090786681285e-06,2.08421694628706e-07,3
"20633",1.20904199195296e-08,0.000357040704967257,1.06863937447779e-07,0.999551029106733,9.18112339427439e-05,4
"20636",8.73831380738658e-06,0.918147319502414,0.000870345127558978,0.0247407440148077,0.0562328530414118,2
"20638",0.0699097987383475,0.80246752755282,0.12585606017469,0.000169455210281851,0.0015971583238602,2
"20640",0.0777089152747406,0.00383517051464503,0.918454527835136,1.71510943594235e-08,1.36922438374703e-06,3
"20645",0.00414795556698938,3.43137549780751e-06,0.995848593641032,2.63784440175436e-09,1.67786366099816e-08,3
"20647",2.60095531292799e-07,6.64697574314268e-05,5.34955111856177e-07,0.999931766849084,9.68342841680926e-07,4
"20649",0.0104361420910121,0.0236642243253678,0.96588622421422,1.16168517744811e-05,1.79251762545638e-06,3
"20651",0.00300323761208238,8.58397641567921e-06,0.99694511106999,1.03763293059837e-05,3.26910122062572e-05,3
"20656",0.0341764271677222,0.00166781186565107,0.964150610758606,3.88607108428317e-06,1.26413693674174e-06,3
"20660",0.933408329740292,0.0082094194398147,0.057536538125103,3.00216874176937e-06,0.000842710526048377,1
"20662",3.06044794741948e-06,0.0639426093808014,0.000389059201030293,0.834095058885453,0.101570212084768,4
"20664",3.03792668118736e-05,0.0113373765615055,0.883083689851256,0.0967369713330658,0.00881158298736052,3
"20666",0.0437096737459195,0.955626654575476,0.000518150397576595,7.89773447848087e-05,6.65439362426339e-05,2
"20668",7.64124968009109e-07,0.523549457625786,8.47425160489433e-05,0.476204032510427,0.000161003222769678,2
"20670",0.00032805021066513,0.000963805882049818,0.997842307294131,4.54537758167651e-06,0.000861291235572341,3
"20672",2.44607071417298e-05,0.527153173582749,5.3452868799712e-05,0.472755206475565,1.37063657449717e-05,2
"20674",0.000166347252493166,0.0891567005271966,0.91029525103579,0.000152217331765823,0.000229483852753918,3
"20676",3.51716088719363e-07,0.0655985954063852,1.26217026725587e-06,0.00456691800792016,0.929832872699339,5
"20678",4.90518778361762e-08,0.0402046849502329,1.48568810621322e-06,0.0464236352254596,0.913370145084323,5
"20680",3.12145437020801e-05,0.697139286916981,0.00148149140422754,0.301333455597247,1.45515378418391e-05,2
"20682",7.54545189599388e-06,0.852895622451912,0.00305840971178265,0.000799016129509493,0.1432394062549,2
"20684",0.00430239405239267,0.0910285394582998,0.797953128492582,1.81064488763417e-05,0.106697831547849,3
"20686",1.00489341112111e-06,0.0183664747868636,5.42247850849849e-06,0.981624357094685,2.74074653183911e-06,4
"20688",1.10183810595818e-08,0.00165092197517517,4.37601042030792e-07,0.0534036352884607,0.944944994116941,5
"20690",0.962070521755129,0.00188801637274182,0.0360388193689232,8.32950692984185e-08,2.55920813700807e-06,1
"20692",1.24002389055262e-08,0.00100909242105274,2.18657499382463e-07,0.980023350407276,0.018967326113933,4
"20694",1.9804016220377e-06,0.982095237095939,2.26212767581777e-05,0.0175890475132759,0.000291113712405103,2
"20696",2.25081172203538e-05,0.992531251953867,0.000648965279600386,0.00588539164467646,0.00091188300463535,2
"20698",0.00948474411427955,0.0951345249036966,0.885793868554602,0.00956194178249636,2.49206449258426e-05,3
"20700",0.00039033310177597,0.00118906784444985,0.99511853323331,0.00292612950825148,0.000375936312212223,3
"20702",0.904901148440674,0.000163897667031809,0.0949346085994477,3.63606749235058e-08,3.08932171113918e-07,1
"20704",0.000402747351120728,0.195346457088339,0.804131589405162,3.76281873765163e-05,8.1577968001303e-05,3
"20706",0.00447335323019529,0.433664855791847,0.168992274587548,0.00941024560832192,0.383459270782088,2
"20708",1.2280097404955e-07,0.0583208648853943,9.10746330256919e-06,0.00045911446144001,0.941210790388889,5
"20710",0.399595455572717,0.0636022105346288,0.536799546572901,1.67063609734117e-06,1.11668365585317e-06,3
"20714",5.72461024802771e-08,0.0109580298490021,2.22493244604254e-05,0.988956703487776,6.29600926593364e-05,4
"20716",0.00012474173867728,0.00728897057164849,0.992462339582506,4.66091174782844e-07,0.000123482015993168,3
"20719",9.26871454858353e-05,0.0446226513140548,0.112482926546855,3.40624872699438e-05,0.842767672506334,5
"20721",8.45632787174534e-05,6.53872719912788e-06,0.999907416273963,1.35587346430885e-06,1.25846656205618e-07,3
"20723",0.00130472436017361,0.0178740625723379,0.138856248875562,0.000149377595518421,0.841815586596409,5
"20725",0.000121832863501295,0.99812634976281,0.00160995089226565,0.000106659856071379,3.5206625352198e-05,2
"20727",0.000105859639849115,0.00517703344084138,3.40839243115473e-06,0.994149930308011,0.000563768218867792,4
"20729",3.54244461935941e-06,0.976439370089087,5.12894498715524e-05,0.000214399883814924,0.0232913981326069,2
"20731",0.000112117654498946,0.999216381790638,0.00045511279279632,1.39520537611983e-05,0.000202435708305463,2
"20733",0.00401998021750987,0.127789261579991,0.867944398401975,1.38364405604249e-05,0.000232523359964559,3
"20735",0.0148678050987072,0.649808374279032,0.335210602004449,7.97493414229071e-06,0.000105243683669299,2
"20737",3.73297137587357e-07,0.737732322809394,4.66468878760722e-05,0.0424862893871438,0.219734367618449,2
"20739",4.15668431447833e-08,0.000500803328827826,1.68330369242711e-07,0.999446361183889,5.2625590070352e-05,4
"20741",5.42162585027479e-05,0.960549429576167,0.00547559597393852,0.0339142359476699,6.52224372148649e-06,2
"20743",5.25602787436896e-05,0.977277615405561,0.00532425712932631,0.000268656006474191,0.0170769111798955,2
"20745",0.000266689316649755,9.24805670767693e-05,0.999633573559874,2.03212260017961e-06,5.22443379914992e-06,3
"20747",4.13903524079239e-06,0.97552575188351,5.83096069292234e-05,0.000172944626900015,0.0242388548474201,2
"20749",4.48320441726442e-06,0.988818338792413,2.56538219747412e-05,0.000428283522941731,0.0107232406582535,2
"20751",0.0019513956630795,0.997431026455748,2.27600395654648e-05,0.000449291937981359,0.000145525903625474,2
"20753",4.30030225817334e-06,0.996052707163402,9.40250238313945e-05,0.00020410235976943,0.0036448651507392,2
"20755",9.35480044549247e-09,0.000711747327337754,7.3743564604803e-07,5.4115684838168e-05,0.999233390197378,5
"20757",6.97351098301928e-07,0.0018925325198008,0.0043133637700706,0.00746410086270748,0.986329305496323,5
"20759",2.60867925439543e-05,0.000127883633113842,0.999627027975402,0.000166659299789652,5.23422991500112e-05,3
"20761",6.49723276523819e-05,0.976460547545519,0.0219224753455486,0.00150525875036591,4.67460309140477e-05,2
"20763",0.000837285752307934,0.928825408521561,0.0638639665908871,0.00629483811868242,0.000178501016561138,2
"20765",4.4941227060846e-05,0.994557622956649,0.00201804451722928,0.00337375686564928,5.63443341161458e-06,2
"20767",0.000360710432486389,0.0375110850811628,0.952455314437113,1.77028497239582e-06,0.00967111976426504,3
"20769",0.700906485253424,0.0341312923250482,0.259462549352075,7.35554623534089e-08,0.00549959951398996,1
"20771",9.21937974500094e-06,0.696115491644163,0.0975318068119478,0.200785458534245,0.00555802362989925,2
"20773",2.86188327980328e-07,0.000170330531800075,2.49667522695181e-05,6.33930811403162e-06,0.999798077219488,5
"20775",0.000175065668801422,0.997579817847057,0.00153765360579553,6.89018751154367e-05,0.000638561003230162,2
"20777",0.319341929079432,0.656188019234106,0.0237470936110996,0.000427438919091431,0.00029551915627122,2
"20779",5.38327251329243e-05,0.998899681869008,0.000808121778426315,1.83139696887768e-05,0.000220049657744239,2
"20781",0.968292937032226,0.00552058307695279,1.2176967550389e-05,0.0201937962166182,0.00598050670665238,1
"20783",1.39674071449049e-05,0.975127885731566,0.0197517312857143,0.00281132751034061,0.00229508806523455,2
"20785",6.71590494471141e-08,0.000144017580075267,2.36187188174938e-06,0.000788978062002336,0.999064575326991,5
"20787",3.40220063190376e-07,0.967831630536851,0.000266010209097385,0.0182231557890617,0.0136788632449271,2
"20789",0.000990852771888599,0.60928356705185,0.382835163480745,1.07526145806449e-05,0.00687966408093592,2
"20791",9.1385785872631e-07,0.942630892936249,1.01710505302031e-05,0.0564146782578106,0.000943343897551142,2
"20793",0.000689657814191735,0.7043722409718,0.293429590914581,4.92444669278564e-06,0.00150358585273385,2
"20795",2.28601347480444e-06,0.817721050208755,0.000185976763707592,0.181459191487434,0.000631495526628575,2
"20797",0.00232361406783132,0.00123251197699879,5.64737204060499e-07,0.996432828863087,1.04803548789706e-05,4
"20800",2.14214436405915e-05,0.99764983548463,9.43013664427729e-05,0.00221775734674055,1.66843585461761e-05,2
"20802",4.37050882313689e-05,0.992149602308064,0.00618892135482164,0.00159217752548033,2.55937234029448e-05,2
"20804",6.03888283846442e-07,0.863288338777536,3.1340832201751e-05,0.00326812464997391,0.133411591852005,2
"20806",6.71652163140929e-07,0.726925732701133,8.4503786769695e-06,0.271724323855147,0.00134082141288012,2
"20808",5.40046933585499e-05,0.0135873221273445,0.986084441403483,1.49814278564266e-07,0.000274081961535449,3
"20810",1.82078173312974e-05,0.55177577079198,0.000850346772789645,0.445667263701395,0.001688410916504,2
"20812",0.00454128014300501,0.987121519404733,0.00319892046016851,0.00513305147352347,5.22851856981368e-06,2
"20814",8.5756582561314e-08,0.114816794322788,2.76966882425868e-06,0.168578158635022,0.716602191616783,5
"20816",0.00175735770097807,0.00363410673086207,0.123858007785307,3.32307492032641e-07,0.87075019547536,5
"20818",0.000107177053492893,0.990364265881209,0.00673974989687801,0.00265796254206058,0.000130844626359469,2
"20820",1.27225279459577e-07,0.000163553586435825,2.71274476239437e-07,0.999824769124126,1.12787896827132e-05,4
"20822",1.46663340491403e-05,0.995349310880971,0.00344990929106159,0.0011646755640216,2.14379298966412e-05,2
"20824",2.90789878544822e-08,7.35494422601691e-05,7.0039721196473e-07,0.00015313481032511,0.999772586271215,5
"20826",4.60397048201035e-07,0.00445882604962001,1.66197148390654e-06,0.995537407689003,1.6438928452624e-06,4
"20828",2.2160906743777e-07,6.24451591561402e-05,4.99247978358027e-07,0.999935967661795,8.66322002819928e-07,4
"20830",6.59444385411162e-06,0.984815227249361,4.35836333140387e-05,0.000430697678982922,0.0147038969944882,2
"20832",0.000213378406845851,0.620412093309111,0.333417219124251,0.0457616141448792,0.000195695014913555,2
