"","V1","V2","V3","V4","best$classification"
"19811",0.0140184831409581,0.968369538030503,0.0175609030426412,5.107578589743e-05,2
"19813",1.44588928307151e-08,2.94444302417002e-10,0.999999985246663,1.97352061328248e-19,3
"19815",0.330842859465605,0.661870821146634,0.007286319387753,8.42456371456454e-15,2
"19817",0.0347537803149469,0.964394728712466,0.000849281462392182,2.20951019467441e-06,2
"19819",0.347183831594151,3.43727234187308e-32,0.652816168405849,2.63236623269439e-27,3
"19821",0.132046648317907,0.74512144894507,0.122794984119502,3.69186175211008e-05,2
"19823",0.00170211790932296,0.000165486597451995,0.998132395493225,1.59299282236409e-16,3
"19825",2.71367690621619e-07,8.19178663963034e-33,0.999999728630348,1.96161390272908e-12,3
"19827",0.0271344962529447,0.254572629805644,0.0132520317604101,0.705040842181001,4
"19829",0.858436702703396,2.70235880750798e-17,0.14156329227468,5.02192462280125e-09,1
"19831",0.0455415488758802,1.63320344608528e-27,0.95445845112412,3.06068072380851e-37,3
"19833",6.76123972169625e-17,7.40335626724971e-63,1,1.42848025100652e-45,3
"19835",0.132046648317907,0.74512144894507,0.122794984119502,3.69186175211008e-05,2
"19837",0.0366570038488605,0.806295153046177,0.00170763210429881,0.155340211000664,2
"19839",0.124791922591174,3.44777727334936e-18,0.875206367242205,1.71016662127854e-06,3
"19841",2.41092678565588e-10,6.44794138750171e-22,0.307653013854669,0.692346985904238,4
"19843",0.013839662674264,3.75507515136095e-33,0.986160337325736,6.84442384955441e-38,3
"19845",2.46068447714822e-05,0.38094923771697,0.619026155438259,3.92581197623877e-21,3
"19847",0.453864710675951,0.350495366493805,0.195639922830244,1.71916641602883e-17,1
"19849",1.1572927053e-09,9.27884395088784e-07,0.999999070958312,3.64100127109143e-18,3
"19851",0.00321203194457126,0.995331002469796,0.00145613490509479,8.30680537820822e-07,2
"19853",2.27773762252899e-07,0.00504342831701246,0.994956343908245,9.80890562953197e-13,3
"19855",0.00114075313601843,0.967564844992697,0.0312736947915208,2.07070797632216e-05,2
"19857",0.789589136539095,0.177643538359745,0.032757544272632,9.78082852802748e-06,1
"19859",0.253891091811851,0.722505939083855,0.0234831042134525,0.00011986489084216,2
"19861",0.000319829152167888,0.986124542886261,0.0135556262781419,1.68342926853226e-09,2
"19863",2.45020193438302e-15,2.5569892558217e-16,0.999972210847575,2.77891524228416e-05,3
"19865",1.77998290647697e-06,0.000214986784453878,0.000890331202389913,0.99889290203025,4
"19867",0.0183751370203591,0.966946568648669,0.0146782943309713,1.55801427183387e-19,2
"19869",2.84302595804322e-08,0.000303133241685424,0.999688495197938,8.34313011745689e-06,3
"19871",0.279806880308352,0.709252515630047,0.00324159258863862,0.00769901147296234,2
"19874",0.00038407823882998,0.989100014038777,0.00967436557222387,0.000841542150168798,2
"19876",2.08516447916493e-05,0.999562684941501,0.000381544612649293,3.49188010577331e-05,2
"19878",0.507048544107401,3.56868785940463e-19,0.492951455892599,9.82730656345877e-21,1
"19880",1.12627226908599e-09,1.00096117706549e-06,0.000234680010706272,0.999764317901845,4
"19882",0.000848299485779919,0.135483647703104,0.863668052807976,3.14086864555394e-12,3
"19885",0.429301556653217,0.569248330565039,0.00144951791543,5.94866314292444e-07,2
"19907",0.00765809017891302,0.824720855871591,0.167621053949495,1.1918605017749e-16,2
"19909",0.993080560949325,4.6365650680582e-11,0.00691943900430938,5.1465693803457e-19,1
"19911",0.977833399227288,1.19134237885711e-13,0.0221663678222644,2.32950328587423e-07,1
"19913",5.01070178305774e-12,1.67547826366351e-13,0.000367025049050396,0.999632974945771,4
"19915",0.000240701660525103,0.0168001908306536,0.000456226711361845,0.982502880797459,4
"19917",0.000492552597946166,8.3576751251536e-06,0.00464840396742216,0.994850685759507,4
"19919",0.0485633241852952,0.748331894454489,0.00310788512141532,0.1999968962388,2
"19921",0.00707843173288306,0.992436502057482,0.0004850661533854,5.62499000527855e-11,2
"19923",0.753654487502386,7.4563569588573e-08,0.246345437934045,1.36392078118554e-22,1
"19925",0.000173355664205749,0.00100299213087688,0.000753148990634065,0.998070503214283,4
"19927",0.0337968012916826,0.964302169914453,0.00190102872805318,6.58107153997895e-11,2
"19929",1.38457083968627e-14,3.29726214149067e-10,0.97506718473263,0.0249328149376295,3
"19931",0.819653189108405,0.154636167622985,0.0257106432559224,1.26885076566681e-11,1
"19933",0.995190521589108,1.96844582666503e-05,0.00478979370407905,2.48546569588534e-10,1
"19935",0.975799291812624,0.000406341632995895,0.0237943665510625,3.31749051260901e-12,1
"19937",0.0124610787267615,0.986394831425704,0.00114408984728443,2.49924389408252e-13,2
"19939",0.923867958932203,0.0282058204552705,0.0479262195330371,1.07948899197833e-09,1
"19941",0.818106385660879,6.0682116719711e-18,0.181882029573442,1.15847656786785e-05,1
"19943",2.68752407744525e-07,0.000110848069494991,0.00281656359871129,0.997072319579386,4
"19945",0.992244687085608,5.96356229918462e-07,0.00775471643650444,1.21658037568339e-10,1
"19947",0.000440311732983143,1.5420099922373e-16,0.999556483520151,3.20474686605216e-06,3
"19949",0.95718711697932,1.98018300197511e-07,0.04281268500238,2.91852862025112e-24,1
"19951",0.336289843391373,3.16515368994965e-05,0.118896388602515,0.544782116469213,4
"19953",0.0128419967338498,4.11025707756023e-24,0.98715800326615,4.84924957495756e-39,3
"19955",0.250129828526805,3.30340695799314e-18,0.749870171473195,3.70023301777263e-30,3
"19957",0.0124623019102806,1.53353509637578e-06,0.986767762671307,0.000768401883315915,3
"19960",0.807299798977174,1.80169776362551e-18,0.192700201022825,1.108622683204e-15,1
"19963",4.14013964959521e-14,9.88701986067135e-37,0.999999999999957,1.56430340012938e-15,3
"19965",0.970572191237306,5.18138941078076e-27,0.0294278087626941,3.1365292039394e-31,1
"19968",1.1349679811009e-05,1.23256279118234e-08,0.995517290176713,0.00447134781784805,3
"19971",3.1930056015603e-10,4.1823930103184e-38,0.999998899849144,1.09983155560892e-06,3
"19973",0.0131743182548587,0.985624303096227,0.000203150734595264,0.000998227914319263,2
"19975",0.000505271824961192,0.000102446733818446,0.015866585481107,0.983525695960113,4
"19977",1.59527229536778e-09,7.99616227192346e-30,0.999999957818362,4.05863654617655e-08,3
"19979",0.969739838134015,2.13313494729788e-34,0.030260161865985,2.19395927689086e-21,1
"19981",0.989460541075216,0.0063400565378827,0.0041994023629859,2.39156982180528e-11,1
"19983",0.969290940283677,0.0144016743192907,0.016307385396996,3.59074058834731e-14,1
"19985",0.000162920001901169,0.772076091579623,0.00214026242744883,0.225620725991027,2
"19987",0.907944408608248,0.0209494315882531,0.0569676455547105,0.0141385142487887,1
"19989",0.961624023649431,1.51099177756569e-25,0.0383759763505691,1.03729121801874e-35,1
"19993",0.968518112896834,1.75083232351648e-08,0.031481575396261,2.94198581614656e-07,1
"19995",0.995419417287014,2.63744963395539e-08,0.00458054832220781,8.01628212191512e-09,1
"19997",0.010579757251616,0.988227123618018,0.00117713338673016,1.59857436357595e-05,2
"19999",5.11043422276624e-05,0.0016287774160469,0.00183773275743476,0.996482385484291,4
"20002",9.61619350227768e-14,2.94602588676605e-26,0.999999996815335,3.18456833466653e-09,3
"20004",0.945433346058972,4.56141743053557e-09,0.0545666493577567,2.18542259569512e-11,1
"20006",0.159497438578207,6.69202182221542e-23,0.840502561421793,5.9203710236848e-17,3
"20008",0.374228692953408,2.75689573398387e-22,0.625771307046592,1.10063068134712e-19,3
"20010",0.961025798931218,4.05702962948803e-10,0.038974200663079,1.46038637580328e-17,1
"20012",0.000422137612751741,7.27572302546195e-06,0.816271074939501,0.183299511724722,3
"20015",0.943918937843151,2.77973239065741e-26,0.0560810621568486,2.70427640642293e-29,1
"20017",0.000646082122347553,0.998300073005863,0.000914201539627047,0.000139643332162878,2
"20019",0.928979628337588,4.22620301322783e-44,0.071020371662412,1.3743508791972e-35,1
"20022",0.985157497291402,4.27802810039789e-10,0.0148425022807948,2.94788159408751e-16,1
"20024",0.00129904945808646,3.46451880931595e-43,0.998700950541914,1.44833451226221e-53,3
"20026",0.00129904945808646,3.46451880931595e-43,0.998700950541914,1.44833451226221e-53,3
"20028",0.00028601074841507,0.983411715266891,0.00141861747239539,0.0148836565122984,2
"20030",0.700209808076774,6.48038631333933e-23,0.299790191923222,4.09526410269533e-15,1
"20033",0.156068083275321,0.0432815188339498,0.00910473548398039,0.791545662406749,4
"20035",0.891420332381229,3.97096493948319e-42,0.108579667618771,2.37689014705101e-40,1
"20037",0.984954391429623,5.51796852833418e-38,0.0150456085703773,4.56550743205363e-40,1
"20039",2.64291585397546e-09,7.95227043422796e-53,0.999999997357084,2.10079152803232e-78,3
"20041",0.965458530043091,8.83351978319054e-12,0.0345414699480756,5.56590610905315e-17,1
"20044",0.807123339156782,1.1631083546519e-14,0.192876660843186,1.99558192919352e-14,1
"20047",0.564687221046129,8.28224249265478e-51,0.435312778953871,1.59838863273347e-30,1
"20050",0.734996975449693,2.86594117981915e-18,0.265003024550307,4.26350909385186e-18,1
"20052",0.848711378457952,0.0125115557833001,0.021869602482145,0.116907463276603,1
"20054",0.964643529276374,2.48866625196904e-16,0.0353564707236259,2.2743396065408e-18,1
"20056",7.53234240569437e-05,4.75127207017659e-11,0.0587667741357253,0.941157902392705,4
"20058",0.961851581035971,3.75223968673782e-25,0.0381484189640287,1.90382600765552e-40,1
"20060",0.111113647044259,0.874040404279349,0.0148459237159332,2.4960458564881e-08,2
"20062",0.968275598504073,0.0270436994240565,0.0046806227254301,7.93464402672413e-08,1
"20064",0.997472472752597,4.84425688926613e-08,0.00252623938608209,1.2394187515211e-06,1
"20066",0.686108088537819,1.17941249722075e-34,0.31389191146218,1.02108404108653e-22,1
"20068",0.0150199070884146,0.982384828891759,0.00259526396014466,5.96820832588223e-11,2
"20070",0.281803606634476,0.657745313628587,0.0604510797369372,4.09406207096669e-16,2
"20072",0.635910590699062,2.89636087846785e-22,0.364089409300938,6.3001608340131e-38,1
"20074",1.676450257189e-14,1.0854031357198e-12,0.00428152605667186,0.995718473942226,4
"20076",0.012775148148444,7.4142011682096e-06,0.940389822928355,0.0468276147220332,3
"20078",0.996133470494195,4.60600028485727e-11,0.00386652942889127,3.08541125112331e-11,1
"20080",0.98885532168277,5.40428137816624e-34,0.0111446783172298,2.81144219303814e-26,1
"20082",2.00544234368269e-05,1.21865047716202e-34,0.999979945576563,1.03472266598556e-42,3
"20084",0.832303434457396,1.24483773874003e-16,0.167689171500142,7.39404246191935e-06,1
"20087",0.989012845139151,6.64677528752176e-11,0.0109871547943817,5.46288556696137e-23,1
"20090",0.971624440176327,9.56296570228191e-33,0.0283755598236729,7.22347574470561e-28,1
"20092",0.00327908129023403,9.66732824294804e-15,0.996720918709756,1.35966997362512e-50,3
"20096",0.0742036687625125,1.27292304787298e-09,0.925796329964561,4.01810683180623e-15,3
"20098",0.0484103703619917,0.584650126670017,0.00629435406792914,0.360645148900063,2
"20101",0.989149683901836,1.35362814002246e-27,0.0108503160841757,1.39878115691583e-11,1
"20104",6.1246849231415e-10,2.07081534320104e-14,0.999999999387511,7.05233944567248e-36,3
"20106",0.992749325780955,4.94645950045389e-17,0.0072506741944214,2.46240065207587e-11,1
"20108",0.0743371437481303,0.922541591759632,0.0030771630028151,4.41014894231357e-05,2
"20110",0.127142130504618,1.18612648312513e-10,0.87285467853031,3.19084645947372e-06,3
"20112",0.988235001963072,5.00732206637328e-16,0.0117649980369272,5.76407834789061e-17,1
"20114",0.947297172005558,1.8173182360532e-12,0.0524874335010041,0.000215394491620506,1
"20116",0.928599935553898,6.85048988053603e-13,0.0713835398148282,1.65246305887973e-05,1
"20118",0.968260744101939,0.0123613897316728,0.00612191100138522,0.0132559551650034,1
"20120",0.840539950866828,1.04418854352281e-18,0.159460049063963,6.92094182417027e-11,1
"20122",5.79541155341242e-07,4.56830635907621e-07,0.00086217838446604,0.999136785243743,4
"20124",0.947472008388779,2.44386671901722e-30,0.0525279916112214,1.71243854093077e-32,1
"20126",2.11151871257997e-08,5.39456544292753e-50,0.999999978884813,3.32515407879601e-53,3
"20128",6.38470961646104e-05,3.17638500351133e-70,0.999936152903835,5.0676005485974e-58,3
"20141",1.7246923759221e-05,1.66417692092899e-07,0.999982586658549,4.05597169150601e-20,3
"20143",6.35435291453741e-11,6.38511519129046e-23,0.943380103648468,0.0566198962879888,3
"20145",0.989469749931548,3.40024903114147e-10,0.0105302497281973,2.29531769767524e-13,1
"20147",0.998265646425408,3.63542736458472e-12,0.00173435357048398,4.722353696477e-13,1
"20149",5.12208557368213e-07,5.12738854571819e-05,0.002992420281579,0.996955793624406,4
"20151",0.0208393911359356,0.811608051632998,0.00104298201165962,0.166509575219407,2
"20153",0.016964951910203,5.24351199745947e-08,0.332861072212108,0.650173923442569,4
"20155",0.993674219704262,3.1547361117373e-20,0.00632578029573754,2.31147850335968e-20,1
"20157",0.00635096984544576,0.173436400638717,0.0423707685419594,0.777841860973878,4
"20160",6.0715586013438e-12,6.73861864038255e-12,0.000146311230998337,0.999853688756192,4
"20162",3.02596849588007e-08,0.000671782959285236,0.000330910990026702,0.998997275791003,4
"20164",0.00497154322365483,2.20864052397615e-07,0.0352966036421494,0.959731632270143,4
"20166",0.134322908873942,1.73214372537511e-29,0.865677091126012,4.68716449545854e-14,3
"20168",2.09758873472725e-11,9.10766369970187e-28,0.999999999979024,1.12783901234257e-19,3
"20170",0.00207826134426217,0.000114082326530843,0.00281214253127697,0.99499551379793,4
"20172",0.989466664042996,8.52778860566181e-11,0.0105333358717258,3.5563196862729e-24,1
"20174",3.72724153920942e-06,0.98953851513282,0.0101615537420644,0.00029620388357596,2
"20176",2.44254435604531e-07,5.34495074543206e-19,0.999999755745564,3.29361853086936e-19,3
"20178",2.02821616334546e-12,1.12852655650826e-12,0.000336906833177873,0.999663093163665,4
"20181",0.674824465799737,2.48821529173049e-25,0.325175533455346,7.44916554992084e-10,1
"20183",0.119792118669112,0.868892634551991,0.0113152467786398,2.5701095815279e-13,2
"20186",0.496201319913955,0.00440039502730329,0.499398285058742,1.32685739417813e-35,3
"20188",6.47686266013332e-10,6.46415420842432e-11,0.000630571169171374,0.999369428118501,4
"20190",0.99508141178394,1.70052767727154e-25,0.00491858821606032,1.30804065896349e-22,1
"20193",2.02549333030538e-09,2.69552818866909e-27,0.999961376126937,3.8621847569864e-05,3
"20195",0.102278000977181,7.10387917466307e-07,0.029938629161662,0.86778265947324,4
"20197",0.992255638145014,8.4848811306923e-14,0.00774436185490086,1.96113566225218e-19,1
"20199",3.13252718658933e-05,3.6763866013297e-06,0.00441816999442328,0.995546828347109,4
"20205",2.08819069528045e-06,3.418274813114e-31,0.999997911809305,2.899319330725e-50,3
"20208",0.853922725013954,0.0326626054183139,0.0886799402495281,0.0247347293182036,1
"20210",4.89352480327521e-07,0.000236859479012233,0.00023194391406919,0.999530707254438,4
"20212",0.00447805560111104,0.0110618633911642,0.0245219501866966,0.959938130821028,4
"20216",0.983063332932709,1.87501393125415e-14,0.0169366670667536,5.18570970725267e-13,1
"20219",0.600336193260824,1.97845738672837e-16,0.399663806739175,3.21791548174283e-16,1
"20223",0.0253767362268508,7.2617797566222e-43,0.974623263773149,3.66058929534629e-51,3
"20226",0.961590190277843,9.45660515609511e-09,0.0384097926193925,7.64615951068036e-09,1
"20230",0.99392388072262,1.50866493372121e-30,0.00607611927738043,4.98594929635116e-29,1
"20233",1.32148441768114e-12,3.04823953422651e-25,0.999999999998679,1.38095576294818e-36,3
"20235",0.0575444562064343,7.93827657893741e-32,0.942455543793566,7.03438436022886e-46,3
"20239",0.538495589233787,1.41086158256703e-13,0.461504410766072,9.0001753187402e-26,1
"20254",7.089219426337e-05,3.13205851083517e-42,0.999929107805737,1.33414990066763e-43,3
"20256",0.987333261058686,1.80315967570216e-21,0.0126667389413144,5.83490025815882e-33,1
"20262",0.000494609442920692,0.0126484879833419,0.00034249784125799,0.986514404732479,4
"20270",0.105077070292225,1.29746543522171e-18,0.894922929707541,2.33384088457249e-13,3
"20284",0.0740564809207046,2.67352631965813e-06,0.925940845552976,5.1539923776192e-20,3
"20287",0.853453436730017,3.16207193603866e-41,0.146546563269983,1.51385163875138e-42,1
"20290",0.000342243992659057,1.42950405539386e-21,0.999657756007341,1.52788657965887e-22,3
"20293",0.990714858583676,7.98692026051273e-08,0.00928506154618133,9.39650920241068e-13,1
"20296",0.110756491382894,0.0061236542769425,0.375089552599057,0.508030301741106,4
"20301",0.0876400130944752,4.65461416251164e-57,0.912359986905525,1.81705095180757e-25,3
"20304",1.91854454915145e-05,1.71999054874888e-31,0.999980814554508,2.31950093355712e-43,3
"20306",0.972042062583192,3.33604992775609e-29,0.0279579374168083,2.95606533986904e-36,1
"20309",0.974768428214689,2.37170749418518e-09,0.0252315694135734,3.05798270118804e-14,1
"20311",0.978391095118695,3.35843576568864e-17,0.0216089048722987,9.00632662182311e-12,1
"20314",0.1157824781601,0.559411264321732,0.00299897445940487,0.321807283058762,2
"20318",7.7952383108015e-08,1.23261970036294e-20,0.854784821125338,0.145215100922278,3
"20320",0.497218600809706,1.11076790152257e-05,0.502770291511256,2.29179314363037e-14,3
"20326",0.471409071320427,0.476259869194618,0.010778018310698,0.0415530411742573,2
"20328",0.684552676967203,0.000154720041593076,0.315292602991204,5.90868963691409e-29,1
"20330",0.868171306126265,8.46457752171962e-22,0.131828693873735,6.35820871632208e-26,1
"20336",0.0135481015025023,4.861635985424e-10,0.986451898011334,4.10126858398854e-31,3
"20338",0.0136741525627056,5.42825474757802e-22,0.986325847437294,4.53735795047513e-20,3
"20340",0.799956339119267,6.84852624730912e-33,0.200043660880733,2.52998614437461e-34,1
"20342",1.30711621566452e-11,1.28839134927038e-47,0.999999999986929,1.46358914564179e-35,3
"20344",0.985984467592809,6.99049480964242e-17,0.0140155324071913,5.91200077872149e-28,1
"20349",0.991860245879488,1.99446945419132e-23,0.00813975412051177,1.14942355118025e-32,1
"20351",0.952694239242759,1.29251798247217e-10,0.0473057606279073,8.25047471621847e-14,1
"20353",0.964343290418776,4.62438490063864e-28,0.035656709581224,3.42377291473252e-29,1
"20357",9.09421389030823e-05,2.59586350903056e-33,0.999909057861097,4.06700858912674e-56,3
"20360",4.13030205789588e-07,7.90677976221149e-39,0.999999586969794,3.40792837832121e-45,3
"20364",0.989783154251137,3.18475738110628e-10,0.0102168454303875,9.04182353112062e-17,1
"20366",4.97401194904876e-05,4.56705531454106e-16,0.999950259880509,3.05083853818447e-36,3
"20381",1.14648540856416e-09,3.88758730889489e-10,0.999999969696212,2.87685436400149e-08,3
"20391",0.010112934560717,2.15143026814263e-12,0.989887065437132,5.14789574941633e-45,3
"20394",0.322261274720454,0.65173866596267,0.0260000474502352,1.1866640958341e-08,2
"20396",3.36981550319881e-06,0.0844161875473192,0.805737620506174,0.109842822131004,3
"20409",0.860305006238355,8.41429979818455e-09,0.139479925812518,0.000215059534827072,1
"20411",0.886507850245967,9.10618839508528e-21,0.113492149754033,4.48359176976773e-38,1
"20416",5.04651636921087e-05,4.85174231044668e-59,0.999949534836308,9.50213373256604e-72,3
"20418",1.04899886181495e-07,0.00663276473117582,0.275512835819646,0.717854294549292,4
"20420",2.26219455107521e-09,2.27927676298729e-17,0.999999997737805,1.07746502547278e-31,3
"20422",0.922247043556586,5.09698009429441e-25,0.0777529564434141,1.02886280064515e-18,1
"20424",0.959628736138594,1.17762057519945e-20,0.0403712638614062,1.63779055688879e-35,1
"20426",2.74069786160465e-13,2.53144553858357e-43,0.999999999999726,4.3557531668372e-30,3
"20428",0.994230291401346,5.16407792267083e-09,0.00576970343457583,1.56802758690502e-17,1
"20431",0.653938245593074,1.44188333706716e-09,0.345903674709458,0.000158078255584089,1
"20433",0.148903342070365,1.11961233455376e-43,0.851096657929635,1.33232040459974e-34,3
"20436",2.96428286173732e-05,1.09319977912036e-25,0.999970357171383,3.01110659835755e-20,3
"20439",6.70518044897532e-06,0.970333716264163,0.0296389475770853,2.06309783033692e-05,2
"20441",0.000375982636049765,1.4844680458002e-28,0.99962401736395,4.55353487997047e-34,3
"20444",1.14896032438834e-10,1.02198603181765e-06,0.000788254701342273,0.99921072319773,4
"20448",0.0819108713518707,2.21363995606692e-06,0.918086119203182,7.95804991024468e-07,3
"20536",0.00313053745325468,0.902268216490687,0.0946012460560422,1.64520918870977e-14,2
"20538",0.00776650122967294,3.11838864030824e-14,0.992233498770296,1.67473427987135e-34,3
"20541",0.869371620710923,1.34169015074595e-33,0.130628379289077,1.39473712870247e-33,1
"20544",0.996398519798736,5.0390992688225e-06,0.00359644108986146,1.21337453758206e-11,1
"20546",0.974544011342162,1.12698585823689e-14,0.0254559886578273,3.01447293063951e-30,1
"20550",0.895818303791957,1.03896019227687e-14,0.104181696208014,1.78932632579039e-14,1
"20553",4.13284780015979e-10,1.24609276154348e-91,0.999999999586715,4.12717461219921e-51,3
"20555",9.36734086484051e-10,2.78809615579102e-22,0.999999999063266,2.64583394703065e-47,3
"20557",0.933451574489281,8.84975130428324e-12,0.0665484255015568,3.12579904288376e-13,1
"20559",0.995679573650223,5.15935677303632e-15,0.00432042634976645,4.98205665004283e-15,1
"20561",0.00810051536068546,7.49323671934857e-05,0.00564722117565415,0.986177331096467,4
"20564",2.02821616334546e-12,1.12852655650826e-12,0.000336906833177873,0.999663093163665,4
"20566",0.966472886608137,2.01309615434133e-08,0.0335270932478947,1.3006412390039e-11,1
"20569",0.000102943747392677,0.00978953838304958,0.00329727908412126,0.986810238785436,4
"20572",5.2673464427722e-06,5.05288567363937e-08,0.0255170663877194,0.974477615736981,4
"20574",0.995277746139646,1.2146932316136e-20,0.00472225386035397,1.98738579272871e-16,1
"20576",1.07342401767989e-08,6.68267633754556e-12,0.000411682139334997,0.999588307119742,4
"20578",0.998451681705267,3.8277113408807e-06,0.00154406005919802,4.3052419448525e-07,1
"20580",0.994421269936259,6.25390766400828e-06,0.00557247609412047,6.19561199747269e-11,1
"20583",9.09547619043506e-10,1.14308262810524e-10,0.00022089553361907,0.999779103442525,4
"20586",0.981835847729032,1.8766850001674e-07,0.0181639646024674,3.06384673424627e-22,1
"20589",0.990983992224275,2.68714926266737e-23,0.00901600777572539,3.56639575680483e-36,1
"20591",0.0368935972606531,1.04315103790758e-08,0.963106392307836,1.49809992284626e-25,3
"20593",0.944961391644015,5.55634282590031e-49,0.055038608355985,7.60431524699339e-32,1
"20595",0.992811788649307,3.1081270200387e-13,0.00718821135027437,1.07961049171263e-13,1
"20597",1.119549406795e-08,0.00549458024816544,0.994505408556341,2.35387869567863e-20,3
"20599",8.8434066094428e-12,4.79317082008164e-14,0.000256888128524968,0.999743111862584,4
"20601",0.131266848136151,0.867625373331239,0.00110757712131063,2.01411299103145e-07,2
"20604",0.994022616551893,2.26162276915443e-30,0.00597738344810702,3.65982127819653e-21,1
"20606",0.988548671342414,8.16049400576977e-27,0.011451328657586,4.52403273122767e-25,1
"20608",0.985869043377955,3.42700697732895e-19,0.0141309566220447,1.66509050626338e-20,1
"20610",3.20090092467818e-06,7.83781362514169e-11,0.00704244760896897,0.992954351411728,4
"20612",1.47295646358525e-11,2.01611304140815e-38,0.99999999998527,5.12637360929833e-42,3
"20614",1.48920411731125e-06,0.000193909595415348,0.000455599566908514,0.999349001633559,4
"20616",0.441974306355815,0.0115411943110285,0.546484346059776,1.53273379734204e-07,3
"20618",6.83784215219789e-05,3.08326898875394e-20,0.999931621578478,7.22982292085523e-26,3
"20620",0.7380949088127,8.17059210060568e-27,0.261905091187293,6.32778309764131e-15,1
"20622",7.82804824896816e-07,6.55691837077246e-11,0.00204000631675803,0.997959210812848,4
"20624",0.725808814651987,1.94746277434211e-22,0.274191185348013,6.63402908142134e-36,1
"20626",0.253767912444275,9.82774350153961e-15,0.746232087554539,1.17612331244241e-12,3
"20628",0.0859852756335412,2.33620607376605e-13,0.914014724366225,4.58882273775018e-23,3
"20630",0.941521654838969,2.15618198194356e-15,0.0584783444919994,6.69029865917298e-10,1
"20632",1.31714794929426e-09,3.06629185339316e-06,0.00122122706961902,0.99877570532138,4
"20634",0.993652873406216,1.51506642594e-25,0.00634712659378435,4.06358388322087e-25,1
"20637",0.00196025851700663,7.51285626845495e-34,0.998039741482993,5.30475035057603e-24,3
"20639",7.79449394604939e-05,4.9575983665006e-08,0.00884788025035528,0.991074125234201,4
"20644",1.48970475455398e-09,9.28738040234154e-83,0.999999998510295,1.29620232380307e-63,3
"20646",6.57573074577522e-05,5.58724218426004e-43,0.999934242692542,2.82354847672994e-33,3
"20648",0.0184885737800912,0.462466200174523,0.00336179364550962,0.515683432399876,4
"20650",0.0935818079545617,1.83734632381512e-31,0.906418192045438,2.24627291978645e-39,3
"20653",0.137563247230323,0.000430071074384403,0.862006681682995,1.22974732684067e-11,3
"20658",0.896152353630828,2.19376477769299e-22,0.103847646369172,1.69589330997103e-34,1
"20661",4.38142235462154e-06,4.20035020479204e-24,0.999995618577645,2.81733176129977e-49,3
"20663",0.990590590813437,0.00146340895285046,0.00794600023371192,2.04232449853968e-16,1
"20665",3.07784141921017e-11,1.62150921112114e-13,0.000749286972552091,0.999250712996507,4
"20667",0.666277897024062,6.29682471840398e-09,0.333722096678951,1.62907038496175e-13,1
"20669",4.69934078881895e-07,0.0478711274243576,0.952128402641564,7.67574850701808e-19,3
"20671",0.329546516366045,2.70322912739604e-18,0.670453483633955,1.57842872597394e-16,3
"20673",3.42618431543929e-09,0.0181208457194089,0.981879150854196,2.11018883203388e-13,3
"20675",0.118553258529469,0.455346823815303,0.426099917655227,3.68733735966899e-19,2
"20677",0.963172753442877,0.000881144643298149,0.0359461019138246,2.20491200206819e-18,1
"20679",2.358820858461e-07,0.195512663096731,0.804486686418929,4.14602253732348e-07,3
"20681",0.000457261276249764,0.995535568071795,0.00400717065195542,3.66181600572967e-18,2
"20683",0.916741654536498,6.67507753026093e-06,0.0832516703859718,1.54634393072657e-16,1
"20685",7.41941106539164e-09,2.07649674389919e-17,0.999999992580589,7.31581968234269e-33,3
"20687",6.52845255726747e-05,0.946057265351685,0.000843754005088789,0.0530336961176537,2
"20689",5.09409688090498e-10,4.44538601787554e-64,0.99999999949059,7.94394254831469e-75,3
"20691",2.21387221354875e-09,2.95058454070582e-06,0.000747280977734278,0.999249766223853,4
"20693",0.934526426670927,4.22986776294058e-29,0.0654735733290731,6.1013736590638e-37,1
"20695",0.0894469473243921,0.802436583438554,0.0204820893518047,0.0876343798852491,2
"20697",0.981553342760715,8.43267982240126e-22,0.0184466572377136,1.57112042533016e-12,1
"20699",0.988048516810194,0.00063208098531481,0.0113194022044866,4.66597274613403e-15,1
"20701",0.986048872679427,6.65276507688713e-10,0.0139511266552966,7.66981154739896e-28,1
"20703",8.15669963452871e-12,1.08786869785932e-16,0.999999999991843,1.75204858948739e-26,3
"20705",0.962434127713964,5.25750917641741e-18,0.0375658722860365,6.59651931259423e-25,1
"20707",0.0875903907078214,0.907630472912441,0.00477912905762373,7.32211370080526e-09,2
"20709",0.252643085484724,1.01307602611582e-06,0.745297723951148,0.0020581774881018,3
"20713",0.00100015390090354,0.000301914916963158,0.998697931181162,9.70988243034904e-13,3
"20715",1.27558852859426e-06,1.4774197783753e-68,0.999998724411471,1.14135942904138e-21,3
"20717",0.0114920994261519,0.977878501467319,0.0103527365150547,0.000276662591474604,2
"20720",0.991507821454506,3.960438261205e-15,0.00849217854548873,1.50525532855365e-15,1
"20722",0.987116117490623,2.0383079280203e-09,0.012883880470915,1.54197004385617e-13,1
"20724",0.000977230980208178,0.997745485778897,0.000208717607965283,0.00106856563292919,2
"20726",0.948509195806312,8.26166911826436e-29,0.0514908041936886,5.07939524538161e-34,1
"20728",0.000206771582309827,0.998993643382332,0.000799585035084116,2.73824789472423e-13,2
"20730",0.025787122509568,0.965339281358182,0.00166847322234295,0.00720512290990666,2
"20732",0.0665456116342455,1.25114767140732e-23,0.933454388365755,3.60635899082778e-30,3
"20734",0.992871063334311,0.000656208063456179,0.00647272860025697,1.97613290565315e-12,1
"20736",5.32303399833662e-05,0.0002236973383309,0.000749913924960363,0.998973158396725,4
"20738",1.96234735364731e-07,1.61269531918523e-39,0.999999803765265,4.05016527828222e-20,3
"20740",0.0268981983245289,1.64931884101869e-14,0.973101801675455,1.27356980798463e-52,3
"20742",0.0206529643321872,0.889824197403959,0.0895228382638525,1.3850107880525e-15,2
"20744",5.60421329615033e-08,0.000230530355083955,0.00383241179873948,0.995937001804044,4
"20746",0.890006807118578,0.105073342518688,0.00491985035786786,4.86651667074671e-12,1
"20748",0.000767737554569564,0.976282583262517,0.000668131314139112,0.0222815478687745,2
"20750",0.0143260456034332,0.404684103919492,0.00373925034180739,0.577250600135268,4
"20752",0.992707323869877,4.21114166426333e-08,0.00729263401870626,2.21068998552695e-22,1
"20754",1.95289724546323e-08,0.00097884073334286,0.999021139737455,2.29740001926726e-13,3
"20756",0.896189688150926,0.00952366167032442,0.0304737230831308,0.0638129270956192,1
"20758",7.10503817559678e-06,1.02084418375033e-15,0.999992891630018,3.33180514900827e-09,3
"20760",0.000255412351703567,0.982572078522018,0.000953676323137737,0.0162188328031412,2
"20762",4.93404287035366e-08,0.00291101463199867,0.997088936027572,1.4993686052166e-16,3
"20764",0.000106458360435799,0.309961182595843,0.087905561401068,0.602026797642653,4
"20766",0.00117230324588059,0.747071752516291,0.00129276448971702,0.250463179748112,2
"20768",0.00382581820926814,0.00585866000826186,0.000700573498816054,0.989614948283654,4
"20770",0.0916443075397626,0.00195787315477334,0.906397819305464,1.88346690374043e-17,3
"20772",0.992665931470426,3.22574213600392e-26,0.00733406852957361,4.6269226634003e-22,1
"20774",0.0227629337321031,5.17567679398573e-58,0.977237066267897,8.90274062794878e-54,3
"20776",0.855708938702991,0.0155176591438719,0.128773402153137,3.68056731685546e-24,1
"20778",7.0499045965089e-05,1.3554741163847e-72,0.999929500954035,1.84542788901088e-46,3
"20780",3.4096621124609e-12,6.58849732118286e-15,0.999999999992795,3.78889933888853e-12,3
"20782",1.03683762037271e-09,0.000227517677333081,0.999772481285153,6.76647467647089e-13,3
"20784",5.73429908075527e-07,0.000798533919651299,0.99920089265043,1.1159930913317e-14,3
"20786",4.82784859950417e-12,4.56503202923845e-11,0.0182036837965394,0.981796316152982,4
"20788",0.103922181649577,0.893545438080725,0.0025323793667936,9.02904508098001e-10,2
"20790",0.000237867150588154,0.971573428399423,0.028131319845929,5.73846040600865e-05,2
"20792",0.579609836988252,2.32689142464621e-05,0.420288552314521,7.83417829810036e-05,1
"20794",1.92552539685457e-05,0.989055237012073,0.0106983089272817,0.000227198806677093,2
"20796",0.989641480716892,8.65927293899586e-22,0.0103585192831079,1.85391846091142e-30,1
"20798",2.02821616334546e-12,1.12852655650826e-12,0.000336906833177873,0.999663093163665,4
"20801",2.20403089450516e-06,8.05321854221596e-22,0.999839697309992,0.000158098659113274,3
"20803",0.903760920454749,0.0632824362956549,0.0329566432479787,1.6172704219232e-12,1
"20805",0.992163368735243,0.000120164374314272,0.00771646689044234,9.12073749061176e-18,1
"20807",2.02821616334546e-12,1.12852655650826e-12,0.000336906833177873,0.999663093163665,4
"20809",0.0526749650880004,0.0112019191665164,0.936123115745483,5.57227286021461e-17,3
"20811",0.000217072680052939,1.4378484598098e-18,0.999778455930651,4.47138929636033e-06,3
"20813",0.418662259340032,8.47135249114849e-10,0.581311399969212,2.63398436212835e-05,3
"20815",3.90838918397593e-15,1.84422390113392e-15,0.200128147618948,0.799871852381046,4
"20817",0.00230826058742646,0.997420273880009,0.000258489501869547,1.29760306952246e-05,2
"20819",0.971365032731916,0.00428263651822794,0.0243523307498564,1.80470318329131e-19,1
"20821",2.75883010351134e-09,4.06894724244058e-42,0.99999999724117,7.37094282666056e-24,3
"20823",0.990969395214254,0.00147904861314167,0.00755155035826044,5.81434398317338e-09,1
"20825",0.000937819803205528,0.998137616856146,0.000924068276816393,4.95063832666252e-07,2
"20827",0.0292667945813773,2.49020041073322e-06,0.328589475835478,0.642141239382734,4
"20829",0.303068865253823,8.71758484657347e-30,0.696931134746177,2.04167055469867e-24,3
"20831",0.00640671103505787,0.989456209152608,0.00413707742795952,2.38437418066247e-09,2
"20833",1.23348444946782e-12,1.14637188792374e-06,0.999998853626071,8.07327147211444e-13,3
"20835",0.00342948228464344,0.990570703125373,0.00216503508154343,0.00383477950844027,2
"20837",0.0333468519731992,0.953360392384311,0.00888700913466314,0.00440574650782631,2
"20839",0.00114048175845139,0.997069279704587,0.000763005923284947,0.00102723261367677,2
"20841",0.338077648178155,2.85290663988849e-12,0.661922351818992,2.85853538124929e-31,3
"20843",0.127627314469009,0.8659633971046,0.00640928842636831,2.20615782178722e-14,2
"20845",0.271090901724982,0.328361997301283,0.398619764882506,0.00192733609122873,3
"20847",0.991736359019043,1.07769732788843e-05,0.00825286400609066,1.58757014286023e-12,1
"20849",0.984616708015953,5.6700212200247e-07,0.0153827240070684,9.74856897531673e-10,1
"20851",0.97600664898829,1.42718191307078e-07,0.0239932082935181,4.47167031466533e-16,1
"20853",0.90722606485971,7.29267299172513e-22,0.0927739351402903,4.48021451783132e-29,1
"20855",0.893632177975768,5.4123378914409e-23,0.106367822024178,5.3941556944072e-14,1
"20857",0.981815735180879,0.000721542327146762,0.0174627223743438,1.17630619375277e-10,1
"20859",0.99652891656403,2.44176735671953e-10,0.00347108319071038,1.0828839294149e-12,1
"20861",3.06319834370424e-07,2.74898341569954e-15,0.999999693680163,2.57091672622661e-24,3
"20863",0.000112007106319861,0.00164451707585005,0.00190923327474696,0.996334242543083,4
"20865",0.00596983947504509,0.962030012692133,0.0320001478262898,6.53192972867112e-12,2
"20867",0.47254148219974,5.82716376815562e-55,0.52745851780026,7.82537519339528e-44,3
"20869",0.00243724421002335,0.0014112009843944,0.00673139804637002,0.989420156759212,4
"20871",0.0270865452172711,2.87063220756618e-48,0.972913454782729,3.96774354353754e-21,3
"20873",0.716111206182812,2.04256224534605e-34,0.283888793817186,2.02743550287487e-15,1
"20875",0.994430272634421,1.67771603236327e-13,0.00556972736541102,4.52657344946904e-18,1
"20878",9.02642957470528e-15,1.10793799405562e-14,0.995757746116897,0.00424225388308224,3
"20880",7.06778816565214e-13,4.56767182222563e-10,0.999999999389895,1.52631160567125e-10,3
"20882",0.944504534428975,2.28895489004601e-27,0.055495465571025,1.36920201561774e-26,1
"20884",0.0118202000889593,0.970871088195166,0.00352271898229409,0.0137859927335807,2
"20886",0.0047456525690429,0.00157290777466507,0.00191857385786902,0.991762865798423,4
"20888",1.44616056934221e-08,0.630540795160477,0.369441508488187,1.76818897301552e-05,2
"20890",0.00831706537906616,0.93953481539025,0.000372836074690895,0.0517752831559932,2
"20892",0.972734242801934,2.5330332325243e-06,0.0272632241648333,2.14944205778497e-16,1
"20897",0.927419680648662,0.000118130438657566,0.0724621480240241,4.08886563759734e-08,1
"20899",0.941651655531337,0.0333663451775987,0.0249764314456996,5.56784536478225e-06,1
"20901",1.08850047996656e-10,1.26306263377985e-44,0.99999999989115,1.313234755468e-55,3
"20903",2.61232755275751e-05,4.70879692263781e-63,0.999973876724472,1.02899078043806e-24,3
"20905",0.000550669201837016,1.69918582922431e-30,0.999449330798163,7.71527913982121e-21,3
"20907",0.867527346634261,5.08066726670735e-21,0.132472653365739,1.56347242284727e-33,1
"20909",0.304902417768521,2.93978486902746e-07,0.695097244078278,4.41747139799775e-08,3
"20911",1.04142769533155e-11,4.62941190029697e-67,0.999999999989586,5.31678742501889e-69,3
"20913",0.733212181876095,0.162836655936678,0.103948280824585,2.88136264090677e-06,1
"20962",0.997995877990205,1.77580958199303e-06,0.00200234619485686,5.35628802603926e-12,1
"20969",0.827187475620891,3.30342195315652e-17,0.172812508269259,1.61098497466084e-08,1
"20980",0.99248709782837,6.73989903230964e-08,0.00751283458097883,1.91660646883256e-10,1
"20982",0.995439951785718,9.10454810658837e-11,0.00456004812323681,4.08493411204913e-22,1
"20984",0.556661329524636,0.0161595357657753,0.427179125723246,8.98634213694778e-09,1
"20994",0.973445637529284,1.13377280218957e-16,0.0265543624706682,4.74916127133482e-14,1
"21015",0.000259159380095105,0.255113142075274,0.73561219684543,0.00901550169920158,3
"21023",0.862249944456865,2.2073688773469e-24,0.137750055543135,5.01173220599297e-32,1
"21040",0.119102114780699,4.45253787970347e-14,0.880897885219257,6.00232851648029e-39,3
"21073",0.826525820243438,4.00749628191768e-08,0.173474139681579,2.03648402214296e-14,1
"21222",0.0142207565572305,0.971856683452268,0.00207233503019035,0.0118502249603113,2
"21224",0.96049978832611,0.0253311013609753,0.0141690891757151,2.11371993206714e-08,1
"21228",0.00018340958348562,1.10626146849379e-23,0.999816590388733,2.77808481281122e-11,3
"21232",0.972873586671206,2.45315673143573e-21,0.0271264133287937,2.45418186568864e-31,1
"21237",0.0364952404120462,3.56092176182222e-35,0.963504759587954,3.07749105587079e-26,3
"21240",0.00130645868369389,0.998271550738745,0.000421316189957402,6.74387603471865e-07,2
"21245",0.000409784777875061,0.983560585898963,0.000322322269154842,0.0157073070540073,2
"21252",0.921386036743778,6.81695284350225e-16,0.0786139632562212,3.76279552707665e-37,1
"21254",0.665666308908207,3.42732301421548e-13,0.33433369109145,3.46028624724824e-24,1
"21258",0.906620468179519,3.46040180825899e-11,0.0933795267382035,5.04767335661115e-09,1
"21264",0.258474037263793,0.571083012498534,0.00842599454689285,0.16201695569078,2
"21305",0.00195908883920702,1.14300469593641e-08,0.998040899729278,1.46817511070183e-12,3
"21333",0.975795242058901,1.33176833847715e-09,0.0242047566093307,1.58165618727875e-28,1
"21366",0.684412195733605,0.239571545346502,0.0760162587365719,1.83321654652739e-10,1
"21377",6.83825347426656e-07,1.09025331314915e-07,0.00114822452895538,0.998850982620366,4
"21380",1.32813785693877e-09,1.90167703028604e-41,0.999999998671862,2.84721811082439e-25,3
"21387",4.97831968811854e-13,4.50870405698045e-64,0.999999999999502,8.03712971731314e-77,3
"21390",0.873585487003675,6.1097587167456e-17,0.126414512996325,3.0968460553799e-32,1
"21392",0.950793142185211,7.80362697231101e-07,0.0492060773887176,6.33740675216325e-11,1
"21403",0.987731703667176,2.82244160284869e-12,0.012267605659475,6.90670526748041e-07,1
"21408",0.960604560154015,1.25442759355771e-22,0.0393954398459848,8.78380174529401e-19,1
"21412",0.000189331061185646,1.59256870156157e-28,0.999810668938814,6.02964196146952e-24,3
"21421",0.936882667171256,0.0538452367956336,0.00927206930173822,2.67313721885606e-08,1
"21424",0.00337617876381807,9.50570847810841e-38,0.996623821236182,2.02462004795508e-42,3
"21429",0.990764012655565,1.3969757370784e-16,0.00923598734440904,2.54972119997333e-14,1
"21431",0.966772224165241,0.000368513586444935,0.0328592603940951,1.85421917109642e-09,1
"21436",1.74574465299632e-05,9.13155168011029e-06,0.99997341100179,2.15237417931257e-18,3
"21439",0.999096443912926,1.7275234624627e-08,0.000903433117903797,1.05693935627688e-07,1
"21442",0.879435529781281,0.000183315582488092,0.119077608642582,0.0013035459936489,1
"21444",0.000376981227207383,0.997221323182021,0.00240169557017159,2.06001789829867e-11,2
"21446",1.48209498047574e-14,5.93910288442609e-17,0.999964217993361,3.57820066242267e-05,3
"21448",9.2372365949355e-14,5.86661271031952e-27,0.999999999999908,5.97188049909796e-43,3
"21450",0.565078636008294,1.10509237366837e-13,0.434921363324625,6.66970083191012e-10,1
"21452",0.927619448241065,1.42332185684613e-14,0.072380551758921,4.9218089155101e-25,1
"21466",0.829493049431901,4.09848693108527e-29,0.170506950568099,4.7086263485587e-43,1
"21470",0.997417795319336,1.86089654991949e-08,0.00258218607117009,5.286474907529e-13,1
