"","V1","V2","V3","V4","V5","V6","V7","result$classification"
"19812",0.000701388674028934,0.169780257334412,0.000537752937035701,6.92201667684175e-05,0.785993339665352,2.04910440172927e-06,0.0429159921180011,5
"19814",4.37659813485897e-05,0.00999899367674611,9.0164092082868e-06,2.59100711988498e-06,0.986719636077064,0.00257568412903201,0.000650312719481107,5
"19816",0.11476607132006,0.87614890301238,1.65674553440215e-06,3.02929543517341e-05,0.00403830909155454,9.2067718239414e-07,0.00501384619893772,2
"19818",0.000798987526845586,0.454561979214739,2.58674006312004e-05,2.50081992843885e-05,0.5344185081719,0.00984803053482625,0.00032161895177379,5
"19820",0.992821219423267,0.00714669024418899,5.9189902377167e-06,5.25883535330264e-09,1.30000590919329e-08,5.66042458223624e-10,2.61525173691298e-05,1
"19822",0.980061744137892,0.00474340405471769,0.00908975961794372,1.53246893399963e-07,4.43961064003121e-07,1.01216866396504e-06,0.00610348281282529,1
"19824",0.195386467317614,0.802829268761627,2.85318013048013e-05,0.000107839479042448,0.000177844116043245,0.00146434803923013,5.70048513807253e-06,2
"19826",0.00180562341313858,0.100090982229065,5.41011567814307e-06,0.0107707641153527,0.75010963669012,4.40612939959492e-05,0.13717352214265,5
"19828",0.504724364977107,0.494772394550773,0.000207181501072327,1.46089425007106e-07,0.000175350813547716,2.5305981989892e-06,0.000118031469876515,1
"19830",2.6723976258477e-06,0.00341759747197206,0.000329072965669532,0.00131988206076525,0.890410009313653,0.00012487713471611,0.104395888655598,5
"19832",0.0229993637421105,0.10374810769081,0.695231317124073,3.72904727671801e-06,0.149478917222412,1.86969942908273e-06,0.0285366954738896,3
"19834",0.11948845503435,0.188580964982903,0.00355494133359349,5.70876641705139e-07,0.0156898181367033,0.000144099592695861,0.672541150043112,7
"19836",0.00110367012319728,0.929920216299577,3.21400079105059e-05,0.0175125503029874,0.0492765029856776,3.89308627970748e-07,0.002154530972022,2
"19838",4.85182701754863e-07,0.000257333690555754,2.86582954105718e-05,4.3868686613444e-06,0.998755151488149,0.000334944668604751,0.000619039805916908,5
"19840",0.047866743851808,0.204420817625542,3.77352345431375e-06,0.00066345488194777,0.0234656832308771,4.79110869790414e-06,0.723574735777673,7
"19842",7.31636451725649e-08,3.31076208388458e-05,5.93318077305229e-08,0.953144207123284,0.0461710797398618,8.0080910594428e-06,0.000643464929503192,4
"19844",1.40157781238237e-06,1.94783194344111e-06,1.76748590707272e-08,1.83568695244207e-05,9.13827028431136e-06,0.999968951345115,1.86430461473082e-07,6
"19846",3.05407696995216e-08,0.000208017147407885,6.67218485556715e-08,0.00434408827572153,0.919718039778135,0.0757210120242118,8.74551190601681e-06,5
"19848",5.91037561083992e-08,0.000216699587372626,2.47252857760275e-07,0.000208300425485148,0.971898220267612,0.0276562177155865,2.02556473299465e-05,5
"19850",3.40717432298482e-06,0.000738272555742878,1.59674019475772e-06,4.66196931607857e-05,0.786713937017242,0.212373647925951,0.000122518893385832,5
"19852",0.00648647459726352,0.960078207584908,2.9572354756604e-05,2.27106324374679e-06,0.0318026404947868,0.000120673825135114,0.00148016007990658,2
"19854",6.78272526036015e-08,0.000158784274515742,5.89555254474204e-07,4.55570119471181e-05,0.99719225222064,0.00254798990752274,5.47592028667805e-05,5
"19856",9.10787141430029e-05,0.00022205948673659,4.98631263530045e-06,0.000158057675097636,0.0145241956269733,0.984511337927749,0.000488284256664907,6
"19858",0.00298284225469962,0.00837439199921734,5.86349970755524e-05,1.30835372068181e-05,0.000966523351254277,0.987537990288486,6.65335720608586e-05,6
"19860",0.0203795831083992,0.547548276908408,4.26740998229878e-05,2.03991448041133e-05,0.298674046522423,3.89451341380573e-05,0.133296075082005,2
"19862",1.24525034739231e-08,9.80575310230994e-05,6.72525583046914e-08,0.0144225079831831,0.982619581041883,0.00283671012623126,2.30636126175826e-05,5
"19864",8.08437773312265e-07,3.6610290263205e-05,3.76888594188122e-08,0.999958795327966,1.82759319231014e-06,1.16830101103579e-06,7.52360934532333e-07,4
"19866",0.117271825778568,0.809447036290402,4.86804869658029e-06,0.0112023964159865,0.00059127012967793,9.03851226636086e-07,0.0614816994854424,2
"19868",5.40127608155595e-06,4.23937245807155e-07,0.995955543064698,1.89736128000758e-07,4.83333741350365e-05,4.19027599383283e-05,0.0039482058517734,3
"19870",1.51256884322295e-06,0.0126760648384259,1.73034139084225e-06,0.00136780489368237,0.983716825693358,0.00218512746970078,5.09341945991157e-05,5
"19873",0.000480731762546296,0.343956846949645,4.23250649318386e-06,0.00166915027456245,0.651951765383366,0.000752782287272509,0.00118449083611441,5
"19875",0.785840733320097,0.186120454625546,0.000163829722437065,4.10214801574571e-07,0.00114193774806592,6.07474479412268e-08,0.0267325736216051,1
"19877",3.52210367105575e-05,0.104453355405197,1.84275818138756e-05,8.5597326929869e-05,0.887384963644305,0.0026549759964493,0.00536745900859402,5
"19879",0.00174839188062517,0.911520214018442,0.000268871105158865,3.31383292436483e-05,0.0792699804714454,0.00153997395070673,0.00561943024437796,2
"19881",0.000233376822917877,0.0863102663369009,5.95438451619975e-06,0.022594306746898,0.884693336197448,0.00134978796875308,0.00481297154256588,5
"19883",6.01808251437959e-05,0.0386518940685646,6.07392491840142e-07,0.331234601125467,0.62786671043594,6.86310893842239e-05,0.00211737506300851,5
"19899",0.00201156345858266,0.0832190088423717,0.000328721435619693,0.000111023598070328,0.015256117597207,3.23133602721656e-06,0.899070333732121,7
"19908",0.00138733493742156,0.000750227138272178,0.000536492093718993,0.0100634777542064,7.15690317535275e-05,0.000172177773964803,0.987018721270663,7
"19910",0.00106258737563098,0.950836167798007,7.38614812064084e-06,3.77270844888752e-05,0.0477801403552732,5.33302041217391e-05,0.000222661034358023,2
"19912",1.90148138195434e-07,9.21620128450514e-05,1.84030530494742e-07,0.573275692542202,0.420576673147093,0.000457449911915703,0.00559764820727573,4
"19914",0.00397934249320349,0.473822570040038,0.00183663951841067,3.47395856875928e-05,0.184607518379433,0.000708993959543954,0.335010196023684,2
"19916",0.213775410218903,0.557835875850565,3.85920612304211e-05,0.227287329754458,9.26225482283896e-05,0.000416757557140156,0.000553412009474822,2
"19918",2.5333913887006e-06,0.00852008000455565,1.12910572316646e-07,0.00252048565976363,0.896520159166454,0.0923947541069757,4.18747602905163e-05,5
"19920",3.37916133299706e-07,0.000112898273972376,5.28684876941418e-08,3.348852659157e-05,0.120618688555535,0.879159527423634,7.50064356454682e-05,6
"19922",0.000470836130654581,0.0345803565615663,0.846887320259576,3.57071121586016e-06,0.118005644797872,7.08982683353062e-06,4.51817122821591e-05,3
"19924",0.000158145804282568,0.11719505727354,6.49021552373023e-06,0.000185855634275555,0.838984500463311,0.0373088621521631,0.00616108845690458,5
"19926",0.006292868409893,0.455145186264953,0.00339081415252804,0.00267473279001895,0.0226482209494064,2.18263711722967e-07,0.509847959169488,7
"19928",1.73953161252568e-09,4.97921376507045e-08,1.96181669526309e-09,0.999998894874042,4.15158177043825e-07,5.50212424583042e-07,8.62618700279962e-08,4
"19930",5.69870044567357e-06,0.0168997632570938,6.475161058658e-06,4.94982108953517e-05,0.982810434422622,0.000117161716606168,0.000110968531278558,5
"19932",1.87743649210977e-07,0.000343426464771194,2.51819846019846e-06,1.21339392208836e-05,0.998669131435929,0.000897419543332952,7.51826746368294e-05,5
"19934",0.516037207057153,0.433044623616367,0.00160744940567692,6.09555979723316e-07,0.0178661582766353,0.000140720923513716,0.0313032311646743,1
"19936",0.000336622196578172,0.046701891525965,0.000328289170577114,1.91916776895442e-05,0.89638319812612,0.000158539290445792,0.0560722680126245,5
"19938",0.745374850120478,0.134179273845904,0.00118301131316151,5.22729194315736e-06,6.46960773444937e-05,4.79223610827027e-05,0.119145018990086,1
"19940",0.000285867711434562,0.832020960873311,1.99612068031406e-06,0.00792535008016668,0.15950051473235,0.000160777222139138,0.000104533259918175,2
"19942",4.64982794953912e-08,7.8620575929432e-07,8.02155478276535e-10,0.999984079730763,4.60366430691072e-06,1.79607320978358e-07,1.03034914148502e-05,4
"19944",0.00516896804314206,0.975591051477369,7.47686069998712e-06,0.000143493187915814,0.0166936050938089,5.68942327411565e-06,0.00238971591379022,2
"19946",0.00152445006083995,0.639268270323613,2.79395090174216e-05,6.882983034583e-05,0.340145428714488,0.0149178010420061,0.00404728051968999,2
"19948",1.74688197730771e-08,2.52675194662559e-06,2.67755581084835e-10,0.999979191810921,1.75130634040171e-05,6.53704320987166e-07,9.69328325303345e-08,4
"19950",1.22212628777099e-08,1.14933138315508e-06,5.8293167012299e-08,5.34358730724474e-07,0.00147592306242774,0.998521763256997,5.59476031582439e-07,6
"19952",1.74688197730771e-08,2.52675194662559e-06,2.67755581084835e-10,0.999979191810921,1.75130634040171e-05,6.53704320987166e-07,9.69328325303345e-08,4
"19954",7.5900880294956e-07,0.00317072162085855,1.49919884273284e-06,4.93649632184079e-05,0.996216591496835,0.000504244012644317,5.68196987979218e-05,5
"19956",3.45985627845713e-07,1.43684713624486e-05,3.93970212379579e-05,0.0103926879995745,0.23051628929617,0.594290934132615,0.164745977093411,6
"19958",4.23634927332349e-06,7.36924034180755e-05,0.99907054802147,3.5943302832277e-07,0.000673682215633965,0.000177210203444117,2.71373731721015e-07,3
"19962",0.0245728869147627,0.201316632937994,0.00179980526790894,0.000270661755955864,0.514252996653198,0.240509947611965,0.0172770688582155,5
"19964",0.000261918794777265,0.688226037408398,9.26423025183063e-06,0.0123779169916096,0.292042448853743,0.00701564823712516,6.67654840957655e-05,2
"19966",0.720833442298612,0.241887332564547,2.86051488515624e-05,0.00342176952641521,2.50005821268682e-05,2.90357906249517e-08,0.0338038208436574,1
"19969",7.72329852412731e-06,0.0044769123379093,1.01969762825152e-06,0.00871890392491225,0.98148104402777,7.60886069505866e-05,0.00523830810630598,5
"19972",3.50932378776388e-06,0.0413273353633348,1.56399407743894e-06,0.193463012884734,0.692702213130313,0.0724071340122337,9.52312915191329e-05,5
"19974",4.33287688919087e-09,1.75285965517947e-05,7.71888983530607e-09,0.0531452410698142,0.102777534315328,0.844056785151336,2.89881520323368e-06,6
"19976",0.00018562542574476,0.293911538175517,9.57033399385896e-06,0.000242846589463266,0.648835753127693,0.0539002638743588,0.00291440247322889,5
"19978",0.00522678292230959,0.975997806320456,6.56177227984537e-07,0.00013807426321835,0.0184239694503623,8.14263677907794e-05,0.000131284498634792,2
"19980",6.21208017524852e-08,0.000109503339438397,5.46936211776786e-07,4.00911186507216e-05,0.852206361904918,0.147617091000597,2.63435793828833e-05,5
"19982",7.83570178592982e-06,0.000245986921124416,1.0858314369911e-05,1.25965727378031e-05,0.149671187195429,0.849084528305129,0.0009670069894233,6
"19984",5.74720851642063e-07,7.21770209964077e-06,2.57244822546211e-08,2.83669573214617e-06,0.00020859446330837,0.999779619192441,1.13150108456091e-06,6
"19986",0.940419381995519,0.0562100414619551,8.81807017825964e-05,1.40516816284915e-07,1.89776120686511e-07,1.80585847734976e-09,0.00328206374194832,1
"19988",0.995048915201922,0.00476400055100602,4.99712547827931e-05,1.68449733494506e-09,4.41040745777289e-09,3.71151252688639e-10,0.000137106526233421,1
"19992",0.992689952922122,0.00388280051538708,4.05938573181896e-05,1.22342919390126e-09,1.34289606584639e-07,3.86618926260239e-08,0.00338647853024475,1
"19994",8.00097536020981e-06,0.0215014046533635,2.49038963996455e-05,3.3794043677193e-05,0.977913797662479,2.70618845279557e-05,0.000491036884192752,5
"19996",0.965029626625769,0.0347752865519598,1.21363254502062e-05,2.34810211621442e-09,5.95898246524161e-07,5.01996802496042e-08,0.000182302050792314,1
"19998",0.00321765702037915,0.0171909736482043,2.720768073538e-05,0.326762287101406,0.0936049815025313,0.00556201390604955,0.553634879140694,7
"20000",1.99831216195633e-06,0.00013385290485364,0.0076751542682144,0.00251714917967535,0.741672662712371,0.000252660435356254,0.247746522187367,5
"20003",0.000121907527210615,0.078289705180356,0.000147539219108667,0.000583039853042701,0.911998372827494,1.61840068594855e-06,0.00885781699210255,5
"20005",1.92542351620602e-08,0.000203069232932267,7.67981863388562e-08,0.00204667583918706,0.972242697854334,0.0254847937204642,2.2667300660502e-05,5
"20007",0.0234225892810473,0.716148090294528,0.00072249166970736,7.62034382176532e-06,0.0560137053171765,0.000468610549603851,0.203216892544115,2
"20009",0.642495135761017,0.355375483737172,0.000459248149412147,0.000232057494817869,0.00013973012862604,0.000348810715942434,0.000949534013011978,1
"20011",4.13236927192559e-05,0.190325730114253,5.23298517779359e-06,0.0359120360294136,0.761664479675555,0.0111125079655613,0.00093868953732049,5
"20013",1.00093122435919e-05,0.00294020189116902,6.46856504916856e-06,1.26855103777909e-05,0.881977110687081,0.100992529437556,0.014060994596523,5
"20016",0.906907092554535,0.0878987404922599,0.00224784973968587,3.17351934910049e-07,1.35333404553682e-06,6.1007083613703e-06,0.0029385458191778,1
"20018",0.0638649086770316,3.08466114153616e-05,0.936093396898099,4.11055879465359e-09,1.26839255503242e-09,6.75942013219866e-10,1.08417585608653e-05,3
"20021",0.102799529108828,0.894857582709993,0.000161700502017922,2.92550189185093e-06,0.00190820505472481,4.29571426417283e-08,0.000270014165401828,2
"20023",0.0538605410979588,0.901866342394721,0.000450378384132603,6.62567820365814e-06,0.0119451813300656,4.88441245728431e-05,0.0318220869903455,2
"20025",0.673551936383289,0.0203712345206081,0.305759093419481,3.0132794649467e-07,2.33282841898044e-06,3.25131150399096e-08,0.000315069007140806,1
"20027",1.42020155677626e-06,0.00198744840249904,1.24838411846692e-06,0.353914189685746,0.628207809932127,1.57780089509613e-05,0.0158721053850024,5
"20029",2.73802469122481e-07,0.000337526877983619,3.26348002064407e-08,0.00996523548033887,0.980030485252307,0.0091484206169104,0.00051802533519053,5
"20032",9.46781003294822e-07,0.0025162384807267,3.92574992419084e-06,0.00551443209369091,0.991507445870962,1.08908616706276e-05,0.00044612016202203,5
"20034",5.92101796227045e-08,2.87306090251249e-05,2.71207113421672e-09,0.999898413278885,7.23197696254754e-05,1.46077279718801e-07,3.28342933626803e-07,4
"20036",0.000460253317638722,0.000260324582977592,1.65381356251545e-05,0.000111715386640856,0.0201387464525655,0.0112171687187915,0.967795253405761,7
"20038",0.743802202853476,0.10592804374724,0.00283706873391187,1.16639120268432e-07,4.51720647845952e-05,1.54509986184232e-09,0.147387394416368,1
"20040",0.816431481869123,0.172928118085038,0.0105252076844302,6.95421428859864e-05,5.29281038557238e-07,3.29309107978984e-06,4.18278464048141e-05,1
"20043",0.920683976438893,0.0738085318274435,0.000265396157801289,4.05881066265712e-08,0.000611229550538672,2.96047352035562e-07,0.00463052938986483,1
"20045",0.995371686893261,0.00375823524429735,0.000855340206515925,1.60463591320318e-10,6.94671460933052e-09,1.78323227846507e-08,1.4712716425197e-05,1
"20048",1.04101558609666e-08,1.23639814147829e-07,2.72831329646467e-08,2.58477432750243e-07,2.39207665581189e-05,0.999975565127192,9.42957140890856e-08,6
"20051",0.140729522942425,0.111746170182186,0.0140694889617705,7.63853702192613e-07,0.631149701624409,0.0135332148358176,0.0887711375996895,5
"20053",0.0353147246475142,0.962874750989359,1.54487394064316e-05,1.79352335338054e-05,0.00101741627703327,6.85916768914043e-05,0.000691132436261286,2
"20055",0.0574221478053296,0.0567415139040679,0.021107206425832,8.11640486665396e-06,0.00311324137986587,9.53072626282696e-09,0.861607764549312,7
"20057",4.43359758505174e-08,1.45038288503111e-07,0.999601692528985,1.42710448297625e-05,3.81065678612326e-05,0.000344583831944189,1.15665211506817e-06,3
"20059",0.0241124789594516,0.974047410949863,0.000672746559947025,6.44695397023733e-05,0.000670903698591017,5.35950028150791e-06,0.000426630792164246,2
"20061",0.0103642525251949,0.981432477148078,4.76781533550904e-05,4.67413404497162e-05,0.00622990519479277,2.4410578945855e-05,0.00185453505918366,2
"20063",0.0168622705577067,0.000111067794305155,8.09527981088236e-05,0.000356804807104077,5.13321018086223e-06,0.982373389685027,0.000210381147567064,6
"20065",0.211756029921984,0.00281122577968243,0.785038281733797,1.01781214139281e-09,4.58340673474849e-07,3.09533798792458e-11,0.00039400317509764,3
"20067",0.917798061382523,0.0752389364554096,0.00580392188491694,2.17946244792027e-09,4.17052771380744e-05,0.000186604355928751,0.000930768464621168,1
"20069",1.51457406565712e-07,0.000112968164319351,1.06099299063875e-06,1.47944103982145e-05,0.602053632114241,0.397769600060168,4.77928004761308e-05,5
"20071",0.000235999168087702,0.00312000565238259,1.34996850734692e-05,0.000789459169741281,0.00084959720319334,1.29801641029536e-05,0.994978458957419,7
"20073",1.24010147604451e-05,0.00553886659297262,4.23273311198835e-07,0.000419205694995383,0.0887094710986401,0.905316647818915,2.98450640502941e-06,6
"20075",1.32451814766076e-06,4.16606580298671e-07,0.999372520512606,1.83077965127959e-08,6.17023399229089e-05,2.81212224214733e-07,0.000563736502722232,3
"20077",0.233199125359268,0.13392427816845,1.22546700414106e-05,2.99590614782889e-06,0.00169669777631252,0.000291900766320461,0.63087274735346,7
"20079",0.113341451896749,0.00823333866798758,0.000439281623094254,1.67139248019357e-05,0.0366247059513886,0.833663627245235,0.00768088069074376,6
"20081",0.441065912112424,0.345017394506057,0.169991198370918,1.75949852465069e-08,0.00203892528782929,5.77605189548728e-06,0.0418807760758919,1
"20083",0.000902651999193444,0.000146643172196045,0.000114781775173011,0.00119418376562605,0.00357381906734802,0.824036463052358,0.170031457168105,6
"20085",0.997411161481234,0.00219763281450072,0.000210004590513829,4.07670647143179e-10,7.67748561133176e-09,6.25485659067766e-11,0.000181192966046603,1
"20088",0.888077583281063,0.108948358155535,0.000415663444772622,1.31623165427027e-08,5.89565931942504e-05,7.09504170533372e-08,0.00249935441270119,1
"20091",0.000186969411794144,0.000358682880764493,0.999351258779274,3.49138751902081e-10,9.01248045693636e-06,8.22812532095819e-07,9.32532860396325e-05,3
"20095",0.00263984961759159,0.1657320605054,0.000107421644307808,0.0304913250425759,0.00318565797860656,0.79735642383656,0.000487261374958416,6
"20097",0.996726781552424,0.00173459129326767,0.000890942390748707,1.78300347870938e-10,1.52571886266559e-08,8.68094358887497e-11,0.000647669241261391,1
"20099",0.125025260161051,0.797870239267228,6.61415718506704e-07,0.0741527503614983,0.000341058829477843,0.00254733330083491,6.2696664191901e-05,2
"20102",0.000131874131027476,0.000424397107156637,0.0470055108986608,1.61346263925955e-07,0.000645356809382125,0.951694201193121,9.84985143882845e-05,6
"20105",0.778096235827368,0.219080870885457,0.00015425506371232,1.62972998558874e-07,0.00158878317216336,0.000471738804002977,0.00060795327429876,1
"20107",0.512918861028828,0.430864048705178,4.71491220659286e-05,5.51678554531807e-07,6.38843453578275e-05,3.96307462236306e-07,0.0561051088125541,1
"20109",0.0520661595056687,0.78439764189546,4.89513870144681e-06,0.000410708729438729,0.00593534028302625,0.157178812483574,6.44196413103603e-06,2
"20111",1.60515471239149e-06,0.000331879308692868,0.655820099446218,2.28497139398427e-05,0.338999324121483,0.00478704861492201,3.71936400318343e-05,3
"20113",0.0479722954017471,0.204404653913944,1.5779264358148e-05,0.00289501178842551,0.00068704804115901,2.17240676557892e-07,0.744024994349689,7
"20115",4.29657121477822e-07,0.00284499425976734,0.000223130192129961,0.0045248222369077,0.992158307404067,0.000230417692477719,1.78985575287029e-05,5
"20117",0.0297073100944379,0.0590513079951761,0.612218479156149,0.282548173346569,0.000223615520082379,2.7753724920304e-06,0.0162483385150933,3
"20119",0.752029697810802,0.188482042913559,1.04257983875696e-05,0.0154865228210194,2.78772056585705e-05,1.31815775811556e-08,0.043963420268996,1
"20121",0.816615628956217,0.148846952150076,0.000124082935382096,2.1766585266483e-07,5.30496021772867e-06,1.0086404484476e-08,0.03440780324585,1
"20123",0.000472766920935041,4.26743057492804e-05,0.998924922831155,9.53878360919245e-10,2.38074920030449e-06,2.69368227674753e-09,0.000557251545399651,3
"20125",1.29598210118224e-06,0.00105365215473121,6.90389289565794e-06,7.76151510976274e-06,0.923586419947054,0.0744188287038823,0.000925137804226276,5
"20127",0.99523189027368,0.00473137560313369,2.27645276563615e-05,4.33373859836216e-09,2.27866336804183e-07,2.71387853731264e-07,1.34660076003756e-05,1
"20140",0.00132895665117795,0.00314616216115019,0.00464159038753852,1.39355326922823e-05,0.000701891461029157,1.71337916818517e-08,0.99016744667262,7
"20142",2.00390789993804e-08,2.23751006314956e-06,1.42928891882881e-07,1.02713789533155e-06,0.00473669446944162,0.995253904273337,5.97364129219127e-06,6
"20144",9.53502669201761e-07,0.000436554588246232,0.00407197212439775,3.99086508270679e-05,0.969229439212228,0.00502689757463945,0.0211942743469918,5
"20146",0.000325436250626411,0.00197685751991873,0.000666731392795593,2.67265231496901e-05,0.279462036877564,0.336480136537167,0.381062074898779,7
"20148",0.000302131356123169,0.0151580202642517,3.65463042741595e-05,1.22776116047683e-05,0.951561849885814,0.000149084851970811,0.0327800897259614,5
"20150",1.01762063049451e-08,4.17444651690624e-05,4.63121889505244e-08,0.00332094246716576,0.645568562160268,0.351060318765712,8.37565329071713e-06,5
"20152",0.001458292787242,0.0956128856267921,6.96387922635194e-05,6.54953508016935e-05,0.866956785527193,0.000117518643945008,0.0357193832717629,5
"20154",0.0912009273697197,0.000251061178540758,0.908339951082616,7.90607174634935e-11,1.80402226020482e-06,3.71763818497576e-06,0.000202538629617887,3
"20156",0.0241848671421162,0.459845989182384,0.00321879744974604,4.5580959366516e-05,0.0146689269738604,0.0367201367488288,0.461315701543698,7
"20159",1.71345187815274e-07,9.37252355324942e-05,2.03153251135117e-06,8.72980437311557e-06,0.485001736244989,0.514758481705345,0.0001351241320612,6
"20161",2.85019366166496e-05,0.000137691522137631,8.34625905583743e-06,5.5955305644224e-05,0.00373668495106546,0.99456767344321,0.00146514658227046,6
"20163",0.00270116308764534,0.125339140912642,0.000927675355257547,0.000790118839472762,0.869007319210088,2.99320980377119e-06,0.00123158938509086,5
"20165",0.00182329250079487,0.00141673542372097,4.81482712484922e-06,4.81421040584828e-07,0.000250273128961815,0.996501187417175,3.21528118199241e-06,6
"20167",7.81621766575701e-05,0.0190917338521554,2.36928976144901e-06,9.29937148767313e-06,0.974089681390392,0.00632640886539535,0.000402345054150813,5
"20169",8.69041130539031e-09,2.36573286932448e-07,3.44159311309907e-08,3.11098089218265e-07,0.000129320177155693,0.999869700881741,3.8816338435616e-07,6
"20171",0.0385348303869741,3.37854129099515e-05,0.961248710875404,4.53456447303763e-11,8.56176382046853e-08,5.47424672387924e-06,0.000177113415004769,3
"20173",0.0179802206091483,0.0205046779489217,4.18833601328009e-06,0.711850839730238,0.000387609939616887,0.249246635060594,2.582837546718e-05,4
"20175",1.05027662576839e-05,0.0373011658912195,8.79424217629836e-06,0.000275977084707083,0.951959423869476,0.00794040277356079,0.0025037333726031,5
"20177",0.0729111106913584,0.563694967891371,2.0178532983437e-06,0.361996435446199,0.00068966867532772,0.000108764221713134,0.000597035220732658,2
"20180",0.862242515743686,0.133815258322883,0.00115011673068087,1.87874365745957e-06,3.33906335762916e-06,3.39423818974275e-11,0.00278689136179192,1
"20182",7.66204778581826e-10,4.79259941255974e-08,1.13348754232125e-05,0.00321731029202107,0.000188800892579055,0.996582440630301,6.46174763546546e-08,6
"20184",1.76529384898566e-06,0.000241371511970293,4.62880313961901e-07,4.73615129433007e-06,0.0295994197694045,0.969984033440096,0.000168210953072063,6
"20187",0.000212270453809848,0.00626528715496219,8.77296246817093e-08,0.986657872311073,0.000565397649715318,0.00109487410078018,0.00520421060003498,4
"20189",0.019574644757436,0.972582102948029,7.51407960558869e-07,0.00278939639372535,0.00493864315856269,1.52296078584532e-06,0.00011293837350077,2
"20192",0.348558073868022,0.443143738752983,0.191991440804553,0.0147931967471435,0.00136313315702611,2.14700173018356e-06,0.000148269668541929,2
"20194",5.95079860979468e-06,3.81866155338369e-05,3.07095231529789e-07,0.135763891417029,0.0500483548162685,0.649461078394499,0.164682230862829,6
"20196",0.900037651844994,0.0158848923051883,0.0832436406815822,1.06658098894777e-08,7.04686300518048e-06,5.57972514340733e-08,0.000826701842169401,1
"20198",0.0184364556561034,0.513595866085753,0.00288963527065393,0.000256078307364925,0.310834375307616,0.000530669231318217,0.153456920141191,2
"20204",1.74412318932305e-07,0.000199043703320221,4.08155824054532e-06,1.72762026262198e-05,0.629745892565499,0.370018552815236,1.49787427590839e-05,5
"20207",0.947161341229231,0.0153468153246418,0.0298119539644158,9.12499006734669e-10,1.90362055926886e-05,1.69742756874667e-05,0.00764387808793256,1
"20209",9.43573307420155e-06,0.00487309638597374,0.073809496997591,0.0675540211885987,0.818472751951426,2.6335622821464e-06,0.0352785641810546,5
"20211",0.000427160785190974,3.29027574385008e-05,0.998432313692787,1.98906122621748e-11,7.1529998181207e-06,2.91385412851092e-08,0.0011004406063337,3
"20215",0.228728656748726,0.010919558320231,5.01231398777833e-05,7.79896409608208e-07,0.000945721173098892,7.38712713445816e-06,0.759347773594523,7
"20218",3.04102301810472e-08,7.64785243780559e-06,1.98587940862383e-07,1.52412171886343e-06,0.0205768914115603,0.979410739828978,2.96778713429002e-06,6
"20222",0.947229104518087,0.0170481746130005,0.0210497600492629,1.04472166272204e-08,0.00149560264240798,3.64807437649453e-05,0.0131408669862598,1
"20225",4.89148282411784e-06,0.000150482784236983,0.000148221199714483,0.000216312048567903,0.945359875348927,0.0162020491943638,0.0379181679413658,5
"20229",2.74326925969264e-05,3.42241202715111e-05,0.000175472553766477,4.84393681705359e-06,0.00131021983867999,4.02920803421646e-06,0.998443777649834,7
"20232",0.0313135339376649,0.433990944522127,0.00414739551595447,7.46910707354355e-06,0.00808035453296981,5.51585754461647e-06,0.522454786526666,7
"20234",0.971595603786253,0.00365339620918678,0.0247463654068445,1.07403819440427e-07,6.63399947357148e-09,1.07382480243401e-10,4.52045251439293e-06,1
"20238",0.517882197962057,0.473985916701151,0.000756647739758667,3.35266991587697e-07,5.64571348117615e-05,8.6545139536689e-06,0.00730979068127615,1
"20253",0.718107885854173,0.00366556017628735,3.22016514472144e-05,1.35623394914151e-07,5.25306756485803e-06,2.96206382202584e-07,0.278188667420751,1
"20255",2.58893022305126e-06,0.00168476029310691,0.000197662074094859,1.85225563742454e-06,0.9958295166673,0.000131977278577128,0.00215164250106053,5
"20258",0.693375495417348,0.306550797661631,2.50518565190734e-05,4.34952414638105e-07,1.85011075647212e-05,2.21642615100942e-08,2.96968402611427e-05,1
"20269",0.0677780449132845,0.906302075075296,2.72981549082814e-05,1.13173851964636e-05,0.00653381430937696,0.019339063782544,8.38637939423827e-06,2
"20271",0.44021244977137,0.553026721956926,5.57450205712793e-06,0.00660677989611375,5.03312570338526e-05,8.43219387088455e-08,9.80582945606362e-05,2
"20285",0.000259667594293335,0.003439232012792,1.94973255591542e-06,0.967050751153176,0.0173472594179478,0.000702367356295901,0.011198772732939,4
"20288",0.130868279103119,0.105377007188101,0.000258773693973103,1.41081360215035e-06,0.00184655634105337,3.1872548443313e-05,0.761616100311708,7
"20291",0.268266925425856,0.386610125384332,0.342217266304196,1.29748466788992e-07,2.19421581416013e-05,1.77884589849134e-06,0.00288183213310887,2
"20295",0.0255995546417808,0.916158941163765,3.66721905392059e-05,0.0427983914768525,0.0112812836228307,0.00412044682373127,4.71008050057757e-06,2
"20298",1.02100098073798e-07,0.000187622993684736,7.52226497148994e-07,4.07475164681873e-05,0.997994087199302,0.00152915172845127,0.000247536235498744,5
"20302",1.35963007724612e-05,0.00765181183009108,2.48079129450706e-06,0.00210604928711595,0.357004903254866,0.633176220396074,4.49381397852344e-05,6
"20305",6.32344308839618e-08,0.00021886975719715,3.03119437146566e-07,0.00118620619920575,0.998335883833104,0.000198858117906238,5.98157387189034e-05,5
"20307",0.898941304846271,0.100394045737026,0.000147153984744022,3.07672975739158e-09,1.29061340386099e-06,1.35394353888742e-08,0.000516188202390246,1
"20310",0.997907360357337,0.00196125145040474,0.000119199276028501,1.34199345134369e-08,4.07446311416665e-09,1.85511280618087e-09,1.21695667198781e-05,1
"20313",1.16633122013943e-09,2.37982728541305e-07,3.13041327557277e-09,1.26103841593822e-05,0.000573857655735183,0.999413191623667,9.80569653548904e-08,6
"20315",0.60210294946199,0.390008149081043,3.84642364730961e-05,6.67268730541526e-06,9.03678523535976e-05,2.65332121811413e-07,0.00775313134871333,1
"20319",0.736172639039309,0.00214906974755488,0.252356712119225,1.95855740904432e-08,1.5322274855019e-05,3.27535736557909e-08,0.00930620447990798,1
"20321",0.983778222552312,0.0145692226856161,5.82271401505596e-06,1.29094862600052e-07,3.54261812968973e-06,2.06868948843709e-06,0.00164099164557616,1
"20327",0.498781912279814,0.501187424937874,2.96451542576949e-06,9.52318540192766e-06,3.99422523610032e-06,7.66622108818061e-08,1.41041940367526e-05,2
"20329",7.03548707256493e-09,1.90967268327221e-06,1.01854010706026e-10,0.999916796032121,4.84495703515688e-05,2.94507695525485e-05,3.38681795088809e-06,4
"20335",0.934578057738939,0.0178180803492064,0.0474678929177105,9.05266965673877e-11,7.51975686516746e-07,3.58339789057305e-07,0.00013485858814175,1
"20337",2.10821995905172e-07,0.000194097612488599,2.27913053567793e-06,8.45593598544737e-06,0.851573209649543,0.148168097057961,5.36497914903276e-05,5
"20339",0.00174889432465203,0.000460185467474693,0.554780384913615,0.000147040359663583,0.00240461790615201,1.03304913823865e-06,0.440457843979305,3
"20341",0.0163754233420958,0.00135989835323523,0.980218720575162,2.17118477052309e-09,4.58952469806034e-06,0.000397212119825565,0.00164415391379821,3
"20343",0.995540324297093,0.00341911414099463,0.000931952102805736,5.76695327849225e-09,3.98765220044696e-07,1.62702200659613e-05,9.19347068672993e-05,1
"20345",5.53953818053741e-05,0.0682861226669437,2.15751827467897e-05,0.0252206806194294,0.893537147187877,3.54196830705619e-06,0.0128755369928901,5
"20350",0.00592091932988579,0.00113539932098792,0.00332594977799934,0.000130105587636541,0.00124078794116838,0.000851163299763625,0.987395674742558,7
"20352",5.45693979394496e-08,1.20185822367367e-06,4.66053254132068e-08,2.6009028189218e-07,0.000308746625395241,0.99968955194529,1.3830608616227e-07,6
"20355",0.000140165515375682,0.00251381965847395,5.86024548278481e-05,6.04918249476039e-05,0.0128294360440265,0.98401447664485,0.000383007857498361,6
"20358",2.06546448480318e-07,1.43554314371285e-05,4.39256277545414e-09,0.974734057310625,0.0191745900244168,0.00605443984271788,2.23464517923712e-05,4
"20363",0.952114790508235,0.045071548174101,1.03159835630159e-05,5.66210465024309e-08,3.0371352860878e-05,2.35732408804518e-06,0.00277056003610535,1
"20365",0.114792550516045,0.153863547530732,0.640626434389694,1.2295180899338e-07,0.0105301245279362,8.11764328961668e-07,0.0801864083194551,3
"20379",1.32315163219782e-06,0.0113250656595275,0.000492386626775452,0.000228811888716499,0.987052502408913,0.000602501611115756,0.000297408653319178,5
"20387",0.537754728196391,0.460913809752515,0.00108217569493511,2.17577754811761e-08,0.00010113941700615,1.10514629339946e-07,0.000148014666747802,1
"20392",0.0013740791118766,6.07002883934302e-05,0.998452081914834,2.15539156374652e-11,1.91745112123302e-06,1.49536347224845e-09,0.000111219716856893,3
"20395",0.000467856907650134,0.0395111049805606,7.94880914278844e-05,2.12370248901302e-05,0.601100139990095,0.000725229572166134,0.35809494343321,5
"20397",9.92904645841641e-10,1.02914335287839e-07,4.29058179527036e-10,0.997928360914198,1.6857563746782e-05,0.00205459924794599,7.79378110782881e-08,4
"20410",0.0930277274434605,0.905085637433513,0.000184564826343276,7.28091474239817e-05,0.00108613142850691,4.59687402723684e-09,0.000543125123878275,2
"20414",1.52261507950067e-05,0.00407412474617271,2.39416383104458e-06,5.89244149281862e-05,0.817403598503647,0.178432648023246,1.30839973802041e-05,5
"20417",0.655925428640904,7.48137876374973e-05,0.343893289835341,6.20187625609991e-06,4.60730436783761e-09,1.69908839064648e-09,0.000100259553468586,1
"20419",0.9078998346231,0.0920282720100217,2.09013171513647e-07,3.64490065198567e-06,1.49530215270063e-06,3.90074350397986e-07,6.61540765512913e-05,1
"20421",5.43924548108844e-05,0.0212000132423856,0.0148190282675817,3.80030888780881e-06,0.202064650191451,0.761330950438446,0.000527165096437736,6
"20423",1.52418451451374e-06,0.00205935856124569,5.2640932692581e-05,5.02461816536674e-06,0.691642162450573,0.30612958136942,0.000109707883388039,5
"20425",2.3466507675008e-05,0.000280205306993192,0.000102941080542423,1.42249259946118e-06,0.350323933415354,0.625201406406891,0.0240666247899444,6
"20427",0.00132928462933737,0.262800282260491,1.24862886962077e-05,3.8350848909218e-05,0.730646527675852,0.000159102702005128,0.00501396559470861,5
"20429",0.799020487107882,0.181443270552713,0.00158335679798574,4.61031156925396e-05,1.42243788001864e-05,0.0002220139276668,0.0176705441192605,1
"20432",6.63973007686821e-07,0.000153811303182039,9.02275008771368e-08,0.000489444696883707,0.266433157159663,0.732914883636259,7.94900350439755e-06,6
"20435",0.040062312926435,0.873684575967308,0.00856689422160629,4.27990176159814e-05,0.0252573988528047,2.25538002448476e-06,0.0523837636342052,2
"20438",0.941138549626871,0.0334710771650259,1.41447449912264e-06,1.31734408915546e-05,2.96649716679004e-05,0.000194535044384336,0.0251515852766597,1
"20440",0.631421575497913,0.36852591182808,9.44022531155991e-06,4.77966862877072e-06,1.8510590750682e-05,8.26852659792021e-06,1.15136627177027e-05,1
"20443",5.72084718324332e-06,4.9184415851382e-05,3.42274431042855e-06,1.35430165787078e-06,0.000330130598461717,0.999065105880288,0.000545081212247262,6
"20446",0.125817034248586,0.510909790088083,0.000976342663441623,0.00153493509884174,0.350813376106415,0.00317270144590312,0.0067758203487307,2
"20449",0.0212714446785276,0.208179763111513,0.00169453316900479,1.57528818193528e-05,0.012129648461626,3.38723461347073e-06,0.756705470462895,7
"20537",0.129732102132726,0.514655610751676,0.353735736585975,3.64091500677362e-07,0.00145164738598732,9.26243202762722e-05,0.000331914731858526,2
"20540",0.00141437904011301,0.000666274438270346,0.997915575331515,4.26853315088302e-10,4.19125046652258e-07,6.2098910935309e-10,3.351017212498e-06,3
"20543",0.00180058171455472,0.816029443200071,0.000191983469494934,9.15787975829632e-06,0.180360268290278,0.000999557334085189,0.000609008111758103,2
"20545",0.000357825056610178,2.93369648477228e-05,0.999585158609217,8.43147413244186e-12,4.61132750868993e-06,7.37955923277105e-08,2.29942377926463e-05,3
"20549",0.00112615936580046,0.309520192228661,0.00316142431045159,6.84967402611241e-07,0.673387016551413,0.0111756918292161,0.00162883074705483,5
"20551",0.234340862440047,0.70558520871305,0.000762657759461414,7.82416308302974e-08,0.00586772758401719,9.37581860806526e-05,0.0533497070757126,2
"20554",0.0741703258169245,0.925353429205333,2.70167688820417e-05,1.0026408099971e-06,0.000433517828919316,2.02786834341115e-06,1.26798707872546e-05,2
"20556",0.00313003657317851,0.00681943498730368,0.00651410298986711,1.06949796870661e-07,0.0300748442587662,0.000112171906913167,0.953349302334174,7
"20558",0.909449984773912,0.0903639335549758,4.41077159059391e-05,5.64234754378378e-09,4.89523254234869e-06,7.46815653892661e-08,0.000136998398751009,1
"20560",0.490302757816199,0.489768759288184,2.91393623616126e-05,5.29226920286648e-07,0.00714977556714937,0.00478660424231343,0.00796243449687225,1
"20563",0.981811893205823,0.0181493047655174,3.30642459748005e-05,1.07379185459414e-08,2.5374646204252e-07,1.21574331382822e-07,5.35172397295612e-06,1
"20565",0.661756634790208,0.114596116840865,0.000350516676863716,2.7625812758709e-06,0.0552905701445318,0.0263407249062694,0.141662674059987,1
"20567",6.52548921393948e-07,0.000243027206580503,3.25575066465521e-07,0.00014778037423091,0.0881381464871684,0.911204880144028,0.000265187664004576,6
"20571",0.0786920858437107,0.000211126224753278,0.00011940118432413,6.31144538904557e-06,2.90006197743506e-06,6.59569742699817e-07,0.920967515670103,7
"20573",0.0700298917896509,0.85198946702143,0.00137193626538291,4.22927489692541e-07,0.00567814634374968,0.00031204617813845,0.0706180894741584,2
"20575",0.893865707989825,0.105999448937304,2.75371684422495e-05,3.11733056847295e-07,1.00746838824923e-06,4.78310308639378e-08,0.000105938871952599,1
"20577",0.00282829121226903,0.0564155781798463,0.000290081046644106,0.000124316891299361,0.172329522757837,2.14171144473375e-05,0.767990792797657,7
"20579",1.25226540097809e-08,4.84787655371756e-06,1.92712942812702e-09,0.155135716171348,0.000761535203239534,0.844094952363244,2.93393583150031e-06,6
"20582",0.994310859713811,0.00563169911178618,7.692292314231e-06,4.63407413767194e-09,1.7612983727593e-07,3.25639193166823e-09,4.9564861785285e-05,1
"20585",0.0315659679370659,0.0120162603207497,0.933023988812255,6.09707804555924e-09,0.00443994202368765,4.41513719898999e-07,0.0189533932954435,3
"20588",0.000518881183366315,0.0039779550596695,0.94306541500539,3.65964732979251e-07,0.00204416073630631,8.65859476142359e-05,0.0503066361029205,3
"20590",2.30009866340988e-09,2.0168089554019e-06,1.20394557290362e-09,0.00188127039927564,0.00435710405493738,0.993758448596022,1.15663676585353e-06,6
"20592",0.991232627507905,0.00866203330760209,5.49300980358811e-06,1.93427171455372e-09,7.99268735835969e-08,1.92170842041631e-07,9.95721427020608e-05,1
"20594",0.978139408624631,0.0217725477195468,5.13618253941904e-05,7.07801685419062e-08,5.74634115892147e-07,6.84558496373534e-10,3.60357315853313e-05,1
"20596",0.0669424720659851,0.931256594468548,5.70051900627078e-07,0.000462505173771199,0.000858715038576758,0.000131704166045086,0.000347439035172862,2
"20598",0.20744510228321,0.788532872804389,3.5787704560499e-05,1.08588557895798e-06,0.00234563174278143,2.39736397340537e-06,0.00163712221550672,2
"20600",0.003058125193013,0.0246384105140656,0.264570535872834,7.78494252270557e-08,0.0344832645563605,0.000474143302272603,0.672775442712029,7
"20603",5.5627341395149e-06,0.00302935326175726,0.00142401826334653,1.22218121539761e-05,0.984740164691447,0.00196897191912267,0.00881970731803324,5
"20605",0.478088921169479,0.498306545676492,0.000173271088054138,2.57737910621842e-06,3.48124772647484e-05,8.31790271857721e-09,0.0233938638917009,2
"20607",0.586597324879669,0.378399773956832,2.65190006033031e-06,1.83812763480248e-05,0.000202816663449221,2.53872523612941e-07,0.0347787974511179,1
"20609",0.10064008536453,0.89622745410663,3.22138221085415e-05,3.24774873602661e-06,0.0030336791107888,6.79221005908153e-06,5.65276371477195e-05,2
"20611",9.67552036522987e-08,0.000334155178072991,3.75222193308338e-07,0.00855977785560232,0.99057060898342,7.17802307615094e-05,0.00046320577474622,5
"20613",0.00628959552223384,0.881954231755672,0.000912915483457411,1.57967430440772e-05,0.110479101384026,1.22098975940418e-06,0.000347138121807247,2
"20615",0.013441384011951,0.0430387446581205,0.0111630792658605,1.24769913485722e-07,0.117780284593294,0.000715687807237535,0.813860694893623,7
"20617",1.19849334836777e-08,1.24874180736667e-06,6.23115429108729e-08,5.58797372267727e-07,0.00190645863713205,0.998090857683986,8.01843225601453e-07,6
"20619",0.985058009495427,0.0111171279010115,2.07628339553951e-06,8.77624565780576e-08,5.14465896850488e-07,8.28590842256125e-07,0.0038213555009707,1
