"","V1","V2","V3","V4","V5","V6","result$classification"
"19812",0.0177903043411401,0.0303402918773954,0.951308563398986,0.000112970412678142,2.85335737624467e-06,0.000445016612424618,3
"19814",0.00131231814687707,0.000687354307582075,0.995034403194013,4.03778719083962e-06,0.00295209753580709,9.7890285298475e-06,3
"19816",0.980177687374396,0.00526810759461044,0.0144659913496811,8.29089145559994e-05,1.58800755547111e-06,3.71675920147979e-06,1
"19818",0.0360184365158066,0.000363677908758881,0.953256504088022,4.13542039336631e-05,0.0102909841177981,2.90431656809998e-05,3
"19820",0.999869714877914,9.04430654637897e-05,2.74066789646184e-07,5.49572583087676e-08,2.35936108807678e-09,3.95106732126202e-05,1
"19822",0.92765886606661,0.0220782692907404,7.11912582741203e-06,1.59002466450723e-06,4.09736788233041e-06,0.0502500581242755,1
"19824",0.997887398962555,6.48409917238582e-06,0.00066881540659112,0.000188706057001826,0.00120532071735452,4.32747573255198e-05,1
"19826",0.0278554019236138,0.0957233053733593,0.862024289336175,0.0143282589139486,6.15726297149977e-05,7.17182318781635e-06,3
"19828",0.999136868642678,0.000108443403499031,0.000518160081712455,2.86258728171076e-07,2.25606483009098e-06,0.000233985548552606,1
"19830",0.000157984746917376,0.0836082311820381,0.914170464788939,0.00164299399658664,0.000176378887731095,0.000243946397787816,3
"19832",0.120763596614188,0.0299468511330751,0.226738270978386,9.48378645486158e-06,3.11038383838046e-06,0.622538687104058,6
"19834",0.366344586562997,0.59377648833971,0.0354788914856876,1.41721287314363e-06,0.000165785402238381,0.00423283099649451,2
"19836",0.281497281002641,0.00880059280292319,0.577886063085272,0.131641515994247,3.0871520730033e-06,0.000171459962843435,3
"19838",2.97662558239645e-05,0.000900233472022041,0.998392270534599,8.34828078967883e-06,0.000634691312955745,3.46901438099869e-05,3
"19840",0.285093877811157,0.655453171915987,0.0580665676635711,0.00137042446181751,8.39124326138764e-06,7.56690420535613e-06,2
"19842",4.46588075074113e-06,0.000827398747606361,0.0542436742016519,0.944904173323047,2.01835982847293e-05,1.04248659035398e-07,4
"19844",7.40423869488672e-06,3.941652209856e-07,1.91357451077223e-05,2.42322971979764e-05,0.999948791342122,4.22116561828534e-08,5
"19846",6.00451513673894e-06,1.28220879693534e-05,0.886319288603174,0.00468503603709982,0.108976755637463,9.31191576175343e-08,3
"19848",9.13136245458081e-06,3.04551648849212e-05,0.95740636975698,0.000286432986710974,0.0422672675958683,3.43133101157414e-07,3
"19850",0.000135734024269696,0.000165891563037276,0.741531315453418,6.92197930903721e-05,0.258095557924332,2.28124185291503e-06,3
"19852",0.660327560007889,0.00582714194758694,0.333133713278369,2.12732203112719e-05,0.000546582093651073,0.000143729452192102,1
"19854",8.6771486210829e-06,8.53846636105608e-05,0.995257946261809,7.10891629553968e-05,0.00457608314717108,8.19615833223271e-07,3
"19856",0.000487609152925002,0.000596079108068622,0.0164751855819259,0.000220818232910739,0.982211642440652,8.66548351787627e-06,5
"19858",0.0199728339352202,0.000107071577917147,0.00274467851642437,3.03289336624196e-05,0.977032832991235,0.00011225404554087,5
"19860",0.267829586911325,0.129201708077282,0.602793504534928,4.90476335876961e-05,6.05161674927572e-05,6.56366753835905e-05,3
"19862",2.84558820632479e-06,3.61030019430798e-05,0.978075336250268,0.0163358832282161,0.00554973098358594,1.00947780261908e-07,3
"19864",1.7970262935153e-05,1.32692123108707e-06,7.48469542908619e-06,0.999970764391284,2.3773748047485e-06,7.63543155688035e-08,4
"19866",0.916650596924584,0.0563361581098694,0.00277417782064532,0.0242273955098399,1.54479928764427e-06,1.01268357733885e-05,1
"19868",6.28931762315917e-06,0.00797301945221588,7.62010259650265e-05,3.90606053777576e-07,8.03096445862779e-05,0.991863789953556,6
"19870",0.000190616934760181,4.80922505714747e-05,0.996241759781109,0.00124736551412464,0.00227075751175816,1.4080076765512e-06,3
"19873",0.021426682275026,0.00104436241674073,0.97461711501983,0.00207320660887719,0.000833966838882959,4.66684064341322e-06,3
"19875",0.975282426043066,0.0218428679632601,0.00263625985179244,1.01088039848594e-06,8.34254764816383e-08,0.000237351836006107,1
"19877",0.00244274730697775,0.00359583733438558,0.991619747816877,0.000100907196547634,0.00222795462180397,1.28057234078882e-05,3
"19879",0.261985872545005,0.0189631656667744,0.712118850078655,0.000226874474379503,0.00576692475971224,0.000938312475473537,3
"19881",0.00803730941503525,0.00338350199038183,0.96186703508967,0.0252454992885858,0.00146010408097595,6.55013535073763e-06,3
"19883",0.00264104682846354,0.00159341752626056,0.695905188591592,0.29976708133848,9.25280998072395e-05,7.37615397088229e-07,3
"19899",0.0332240924176266,0.922073550961712,0.0440076798820686,0.000261560067122438,6.05887157720207e-06,0.0004270577998934,2
"19908",0.00305829120408002,0.981559946422583,0.000207198693493664,0.0142121279743547,0.000234376842973499,0.000728058862514329,2
"19910",0.329937344352694,0.00121291120089768,0.668050136386144,0.000399040738622789,0.000353022326074529,4.75449955673711e-05,3
"19912",1.15327060287222e-05,0.00664528504792514,0.418046220573474,0.574329372094354,0.000967282797205474,3.0678101298914e-07,4
"19914",0.121626704269557,0.363592816457506,0.511111696532899,0.000103821369883099,0.00111695775034432,0.0024480036198103,3
"19916",0.745510194624287,0.00041492967396321,0.000303386203447987,0.253389091437559,0.000332302897949285,5.00951627929955e-05,1
"19918",0.000262128897295193,4.05521066654279e-05,0.908518947995445,0.00252180088763083,0.0886564390737587,1.31039205311139e-07,3
"19920",1.52778161867259e-05,9.38793019952009e-05,0.116040489399457,4.04833680600705e-05,0.883809795202249,7.491205196979e-08,5
"19922",0.010533861638121,8.82376252839255e-05,0.234016005607134,8.76583615073988e-06,1.44614799619285e-05,0.755338667813349,6
"19924",0.00630306970942279,0.00450212521162386,0.959275128887484,0.000207599048266162,0.0297063755848632,5.70155834048638e-06,3
"19926",0.195877550826972,0.687218167207021,0.101595220942977,0.00930846322598472,6.76723319376653e-07,0.00599992107372665,2
"19928",4.40757402368424e-08,1.89240815247273e-07,1.18749742257582e-06,0.999997053234981,1.52091732127409e-06,5.03371996162742e-09,4
"19930",0.000476961519429193,0.000103545975969339,0.999211200332319,6.24154526418177e-05,0.000140384259022455,5.49246061866839e-06,3
"19932",1.97963320433042e-05,0.000109447458233463,0.998304820862417,2.01955538934491e-05,0.0015426309613162,3.10883209688902e-06,3
"19934",0.949249434661879,0.0211405024212319,0.0278268120189805,1.17555410795616e-06,0.000116578600197983,0.0016654967436031,1
"19936",0.00689378356882834,0.0440878937010936,0.948525043036719,2.97283104813068e-05,0.000187180219047028,0.00027637116383093,3
"19938",0.904626581631154,0.0934355047495505,0.000229601846526184,1.25611079792019e-05,4.7033101526958e-05,0.00164871756326357,1
"19940",0.0705394218711792,0.000265228999138042,0.900890200499706,0.0277777475957196,0.000521169136258585,6.23189799899021e-06,3
"19942",7.57222529130105e-07,1.43106962037291e-05,1.04885780100976e-05,0.99997399890538,4.42561471820225e-07,2.03640546477145e-09,4
"19944",0.761853990332663,0.0100087207978943,0.226538132970719,0.00151117630741892,3.78252677703645e-05,5.01543235348194e-05,1
"19946",0.0857973801103342,0.00515435371792969,0.88853546014495,0.000173701898408883,0.020295134723172,4.39694052051772e-05,3
"19948",8.15864463368382e-07,1.84719013943664e-07,4.42641135249805e-05,0.999953035756516,1.69882057022775e-06,7.25911216673164e-10,4
"19950",3.642439901951e-07,1.00437174664335e-06,0.00164844896316936,7.07203387888108e-07,0.998349390989995,8.42277109460342e-08,5
"19952",8.15864463368382e-07,1.84719013943664e-07,4.42641135249805e-05,0.999953035756516,1.69882057022775e-06,7.25911216673164e-10,4
"19954",8.76766696012992e-05,6.3078777199424e-05,0.999113939751055,6.42094770310997e-05,0.000669610130071788,1.48519504141258e-06,3
"19956",5.33886200003606e-06,0.15942540228506,0.156688514410244,0.0093779545620317,0.674463270822358,3.95190583058184e-05,5
"19958",6.92913583636275e-05,8.87047170447368e-07,0.00163778951348044,9.62439423866987e-07,0.000361288111217366,0.997929781530344,6
"19962",0.163781960062146,0.0147567950718406,0.615136942748141,0.000428433349482038,0.203898710849387,0.00199715791900366,3
"19964",0.0393940557296672,0.00011509907842316,0.922872939305856,0.0252628007230489,0.0123383159334027,1.67892296023851e-05,3
"19966",0.974089602949112,0.0204257815663171,8.50844120097991e-05,0.00535766144669507,3.53080838991056e-08,4.18343177820343e-05,1
"19969",0.000369309830462,0.00465567852534999,0.984867603896989,0.00998676836240131,0.000119377431045913,1.2619537518732e-06,3
"19972",0.000478068068533847,8.40072946580451e-05,0.808850226269224,0.129174083743418,0.0614123813916936,1.23323247179797e-06,3
"19974",5.58345912325976e-07,3.7275233722972e-06,0.0829777589775629,0.0345214726835051,0.882496473059384,9.41026362325771e-09,5
"19976",0.0110196666076336,0.00237433924787988,0.942520103811319,0.000300632045853388,0.0437768027683702,8.45551894418973e-06,3
"19978",0.755983734860859,0.000657418011746769,0.241664325969132,0.00121527093082289,0.000474291917763784,4.95830967613956e-06,1
"19980",6.76368069099845e-06,4.19843191860733e-05,0.793441588477583,5.54727138646788e-05,0.20645346105545,7.29753225102544e-07,3
"19982",0.000111548738157174,0.00125633218789531,0.140002028012122,1.61223020059377e-05,0.858600734086357,1.32346734622568e-05,5
"19984",7.89677489313639e-06,1.97687056820768e-06,0.000353233708742747,4.43488910787877e-06,0.999632405065544,5.26911441450359e-08,5
"19986",0.995904197086887,0.00389192857915313,1.74709986948783e-06,6.30747439327795e-07,3.31218282341088e-09,0.000201493174468331,1
"19988",0.999070351371286,0.000571081124890657,1.30873859437018e-07,2.38819760761777e-08,1.88269187559075e-09,0.000358410865295755,1
"19992",0.986257301830114,0.0134180996076488,2.69976450692361e-06,1.8148704694232e-08,1.85130112747193e-07,0.000321695518912582,1
"19994",0.000607768139571478,0.000419517546961047,0.998875430333677,4.45075204138805e-05,3.36892172686127e-05,1.90872421083544e-05,3
"19996",0.999634489820854,0.000322305115561746,5.24720956183797e-06,1.2903083667382e-08,9.51805485116012e-08,3.78497703900015e-05,1
"19998",0.0208483304329961,0.428403639279118,0.130528032150401,0.413037134094681,0.0071386489127194,4.42151300839497e-05,2
"20000",4.5468310581427e-05,0.292489828342602,0.695265448622917,0.00389274926910469,0.000529812426705416,0.0077766930280893,3
"20003",0.00472542735044402,0.00629874164402066,0.988074454206021,0.000780144863939972,2.30066076647695e-06,0.000118931274807736,3
"20005",4.41616415730095e-06,3.2270714902135e-05,0.95959713776238,0.00226855918888304,0.0380975170224417,9.91472354290125e-08,3
"20007",0.451498408352678,0.314031339355064,0.232221074949383,2.75984877413536e-05,0.00089120796751879,0.00133037088761492,1
"20009",0.997965818254249,0.00062004563223015,0.000345229548792674,0.000333629469735235,0.000233217557639967,0.000502059537352712,1
"20011",0.00337187905925186,0.000709875371264765,0.95871846173122,0.027838743176773,0.0093570241925668,4.01646892318841e-06,3
"20013",0.000353896958004193,0.0133461970237374,0.882836107089095,1.85475528441956e-05,0.10343826233508,6.98904123978943e-06,3
"20016",0.992912792155712,0.00342222457178097,9.35093251151662e-06,1.0470591571618e-06,6.92882077925034e-06,0.00364765646005946,1
"20018",0.00550000458501853,1.52887422638397e-05,5.95349646450833e-09,1.1433891017999e-08,9.09319275760557e-10,0.994484688376011,6
"20021",0.991198526225556,0.000376527406652774,0.008113707358277,1.02988081526208e-05,9.04716177820278e-08,0.000300849729744143,1
"20023",0.900505470367462,0.0446919492495614,0.0537343743165452,2.93665858797113e-05,9.65347670509049e-05,0.000942304713501491,1
"20025",0.514969056232115,0.000624325077156449,1.4941228632224e-05,1.1474650172179e-06,6.6169463818614e-08,0.484390463827615,1
"20027",9.97884960554615e-05,0.0139906547858901,0.655042799674916,0.330836402727642,2.89388206535275e-05,1.41549484292679e-06,3
"20029",2.46671947405134e-05,0.000641682866731879,0.973014963609819,0.0113526426503255,0.0149659888234322,5.48549510249557e-08,3
"20032",9.37475461683732e-05,0.000455780019783693,0.992884471469673,0.00654201736089247,1.98097564777987e-05,4.17384700501404e-06,3
"20034",3.93683267228438e-06,5.04776068318421e-07,0.000175587376915628,0.999819614519282,3.51030030360042e-07,5.46503108947867e-09,4
"20036",0.00127968929913385,0.958761192279452,0.0244342139486155,0.000199383532186418,0.0152952914566637,3.0229483948954e-05,2
"20038",0.860668443196656,0.134949717369059,0.000188288985034231,4.12383459206286e-07,2.79326382977105e-09,0.0041931352725283,1
"20040",0.987807964614896,4.32018395288731e-05,3.15871206818312e-06,0.000136432543136646,2.98412913875976e-06,0.0120062581612316,1
"20043",0.991856163221276,0.00578001310405245,0.00181798088328782,1.4383555935608e-07,5.04332961865324e-07,0.000545194622862546,1
"20045",0.994140551819815,7.77793268410602e-05,2.00526780496824e-07,2.64016996425503e-09,8.05353214498225e-08,0.00578138515107171,1
"20048",1.40372466714951e-07,2.03488569272997e-07,3.69452713512119e-05,3.63812827507864e-07,0.999962299007069,4.80477162625387e-08,5
"20051",0.277892175431234,0.0762192024756694,0.620011964271753,1.40198222905989e-06,0.0118798644277111,0.0139953914114029,3
"20053",0.989786239236108,0.00142663585297182,0.00848272011667433,9.36738310297055e-05,0.000160854653506559,4.98763097096518e-05,1
"20055",0.149116628525438,0.818151184062463,0.00790149237073371,2.03272506565429e-05,1.98012211476288e-08,0.0248103479894879,2
"20057",3.75281400441296e-07,3.84757141236322e-06,7.32727051691083e-05,2.69424578071049e-05,0.000779233427252622,0.999116328556958,6
"20059",0.988897308245625,0.00119953214712775,0.00733620218386196,0.000418064779833163,1.83607817388729e-05,0.00213053186181262,1
"20061",0.908010513111063,0.00757024292754269,0.0836280632690994,0.000421182415026037,0.000124443228837993,0.000245555048430719,1
"20063",0.00770938354317641,0.000385710373089098,1.52877198550924e-05,0.000601477220371476,0.99108334834934,0.000204792794167586,5
"20065",0.0894664440924718,0.000559309944492758,2.19208025651779e-06,4.34835087205301e-09,6.37106141465443e-11,0.909972049470717,6
"20067",0.989109271187353,0.00124533160454058,0.000176330786286828,8.76210477835869e-09,0.0001945813259753,0.00927447633373965,1
"20069",1.01886086328326e-05,7.01530401537632e-05,0.525017877650888,1.96149652850861e-05,0.474880859610755,1.30612428575492e-06,3
"20071",0.00269210417512771,0.992930026419634,0.00266566503151622,0.00166611144141252,2.36181213156521e-05,2.24748109941354e-05,2
"20073",0.000657743035676904,4.13453102257906e-06,0.127363272460689,0.000546566686855362,0.871427653905878,6.29379878142175e-07,5
"20075",3.21596054124715e-06,0.00120374664609386,0.000102396694760809,5.08668746931973e-08,7.21390106000405e-07,0.998689868441623,6
"20077",0.501715931072616,0.493471332225871,0.00448088028357702,7.08072120398565e-06,0.000303610321796739,2.11653749350989e-05,1
"20079",0.115671007395325,0.0100105407219966,0.0493548570434204,3.05368800707072e-05,0.824093883670911,0.00083917428827613,5
"20081",0.813605327151579,0.0391431747374064,0.00509739976330569,4.563242544444e-08,6.06278139101492e-06,0.142147989933893,1
"20083",0.00132788384906043,0.171875326368528,0.00445223043526444,0.00159989921079939,0.820554502176425,0.000190157959923242,5
"20085",0.996917244395093,0.00103439446601479,2.62245307307091e-07,8.87691393795456e-09,4.92944928849119e-10,0.00204808952372551,1
"20088",0.996736409195992,0.00239201061226509,0.000204272658527251,4.746831449166e-08,9.51604441013227e-08,0.000667164904457315,1
"20091",0.000977173688405661,0.000198944348731355,4.15696631968095e-05,1.57558026019606e-09,1.51794349667203e-06,0.998780792780589,6
"20095",0.0582529101948624,0.000836880978793015,0.0133055307637072,0.0433376420136097,0.884099996768637,0.000167039280390645,5
"20097",0.986944713785364,0.00414126425628411,5.23738105098918e-07,4.52397187148001e-09,7.74738673064682e-10,0.00891349292153577,1
"20099",0.896114313410793,8.0011590071396e-05,0.00153931923953084,0.0994776393456831,0.00278723256176952,1.48385215283212e-06,1
"20102",0.000811094531476457,0.00019772009446695,0.00157059447012558,3.77059038489751e-07,0.946994435160252,0.0504257786846412,5
"20105",0.995274516793856,0.000610868549154069,0.00350869895644262,3.23116218132514e-07,0.00039252001957817,0.000213072564750965,1
"20107",0.962886936230282,0.0368252393356173,0.000229114753712485,1.21858822341692e-06,3.82263499203515e-07,5.71088286655795e-05,1
"20109",0.780257645090755,1.26591650786383e-05,0.0246024346295647,0.000936133595698939,0.194178524393671,1.2603125232645e-05,1
"20111",6.51870666227296e-05,9.21016061821464e-05,0.448293641200284,4.08561143786017e-05,0.00932659250761659,0.542181621504916,6
"20113",0.292712949825338,0.698001085499444,0.00289913686194067,0.00635654348529294,4.25383739521985e-07,2.98589442448546e-05,2
"20115",5.82409436092909e-05,2.25390173324444e-05,0.994664513230676,0.00474871252713257,0.000341108096892222,0.000164886184357561,3
"20117",0.0949361867467647,0.0181910873452716,0.000748899453608033,0.338211226163297,4.2356425661897e-06,0.547908364648493,6
"20119",0.947954352664117,0.0282867046688221,9.82431886298241e-05,0.0236429489123011,1.83810284779881e-08,1.77321851018255e-05,1
"20121",0.974050022505562,0.0257392018034346,2.53006733576887e-05,6.74741716646102e-07,1.29297934285877e-08,0.000184787346135144,1
"20123",0.000562128998321774,0.000811674996094157,7.0851752613233e-06,3.90239840531616e-09,5.45894270166712e-09,0.998619101468982,6
"20125",8.26246973711181e-05,0.00108743398535999,0.912189437374245,1.22400125713429e-05,0.0866208108006544,7.45312979824052e-06,3
"20127",0.999755767776841,6.42111061632403e-05,3.69796770548703e-06,4.67062271512953e-08,1.11522899178235e-06,0.000175161214070889,1
"20140",0.00585075788443183,0.986881756258524,0.00180280878063012,3.42869478219011e-05,3.78845674553648e-08,0.00543035224402471,2
"20142",6.13229736597645e-07,9.42252149286926e-06,0.00479410505312912,1.36018800049214e-06,0.995194308935838,1.9007180272202e-07,5
"20144",4.88422882447245e-05,0.0261466979233201,0.962496560945824,6.9878931487925e-05,0.00783455821001123,0.00340346170111188,3
"20146",0.00201087547884497,0.377036084495575,0.284050198944142,4.11450192681413e-05,0.336143712501791,0.000717983560378874,2
"20148",0.00463360454676855,0.0289502382510088,0.966151120661187,2.1330743513501e-05,0.000201761126159259,4.19446713631527e-05,3
"20150",1.54086124761966e-06,1.25114272254882e-05,0.534127241826843,0.00313257717723898,0.462726066506838,6.22006065194736e-08,3
"20152",0.0234336064862135,0.0264952785185277,0.949744591786406,0.000109053452065234,0.000142764772137602,7.47049846499718e-05,3
"20154",0.0182445978726453,0.000283048458556925,4.73437347609736e-06,2.69423922763583e-10,4.01258719657707e-06,0.981463606438701,6
"20156",0.311341522820069,0.583297712220721,0.0555123617785698,0.00012088896843632,0.0453051606356526,0.00442235357655103,2
"20159",9.79021385455784e-06,0.000186040032617309,0.415220216945456,1.19529067746503e-05,0.584569644472738,2.35542855981891e-06,5
"20161",0.000217332667268121,0.00183206132762438,0.00538392648952291,9.05157874247883e-05,0.992463003377642,1.31603505178289e-05,5
"20163",0.0354451461787314,0.00121534578334109,0.961315788603657,0.00109098117838467,4.72331380083827e-06,0.000928014942084979,3
"20165",0.00690957997593692,6.94417265065505e-06,0.000709335105126762,1.05829922326219e-06,0.992362185320042,1.08971270203406e-05,5
"20167",0.00234346619486411,0.000398030893747517,0.990676770531843,1.31599448087591e-05,0.0065658518651678,2.72056956892237e-06,3
"20169",1.61100167879407e-07,7.50338876422852e-07,0.000170474240909855,4.32153756267971e-07,0.999828126933005,5.52332843717882e-08,5
"20171",0.00453083205297997,0.000267945968295389,2.69955674851146e-07,1.43827681735388e-10,5.4502826216985e-06,0.9951955015966,6
"20173",0.0610816162804456,3.1504264154536e-05,0.000930499109717701,0.719326828361709,0.218621363645088,8.18833888546334e-06,4
"20175",0.000790206298249709,0.00190127532807772,0.99024890584961,0.000271342356338683,0.00678209398733733,6.17618038667246e-06,3
"20177",0.536824366160448,0.00060974111778678,0.00242064430778602,0.460005713329338,0.000135673082413476,3.8620022270134e-06,1
"20180",0.995654643403857,0.00262849484031709,1.73757966367072e-05,5.68318488826396e-06,6.46660576861978e-11,0.00169380270963475,1
"20182",1.5935207667214e-08,1.27571863780855e-07,0.000172008444901923,0.00202985201915486,0.997787569157618,1.04268712539057e-05,5
"20184",5.69380804043725e-05,0.000219805513132451,0.0389372403879297,7.43336547055529e-06,0.960777916201094,6.66451968583545e-07,5
"20187",0.00287472450856722,0.0044738148122009,0.00137326256340932,0.990027894986968,0.00125015438954636,1.48739308360223e-07,4
"20189",0.943964537439359,0.000314622580628334,0.0418775419703473,0.0138331026113548,6.35705957189992e-06,3.83833873830355e-06,1
"20192",0.811629259710827,0.000146707137131314,0.00298413066855636,0.0191013296804021,2.51265966149558e-06,0.166136060143421,1
"20194",4.16385729342571e-05,0.145801082897959,0.0414422924032032,0.110286995305549,0.702427502024392,4.88795962136909e-07,5
"20196",0.78242892547026,0.00202973525279102,5.31545415935994e-05,6.6757868060899e-08,1.5430697851718e-07,0.215487963670509,1
"20198",0.24884850037395,0.154372117509418,0.591964564971637,0.000560152016818164,0.000754953664730811,0.00349971146344485,3
"20204",1.41875968593461e-05,2.22633236203209e-05,0.567537666200045,2.36393207010081e-05,0.432397616818788,4.62673998616438e-06,3
"20207",0.89664816691382,0.0184206096382905,0.000133911234796092,6.94627050824367e-09,3.77314189250021e-05,0.0847595738478977,1
"20209",0.000364904018952626,0.0343126986168612,0.845441181515118,0.0729504774963466,5.09328381909451e-06,0.0469256450689021,3
"20211",0.000465135367258717,0.00187247289610812,2.01736693655087e-05,8.9340699348613e-11,5.55472517181301e-08,0.997642162430675,6
"20215",0.20324146911675,0.794248278554256,0.00238299452237822,2.35177512046883e-06,1.20506344450163e-05,0.000112855397050826,2
"20218",1.27595156518622e-06,4.684527226369e-06,0.0193927433190397,1.93394023412953e-06,0.980599110389263,2.51872671717067e-07,5
"20222",0.89709745583747,0.0339299568902376,0.00597520161502712,6.10766583474787e-08,9.40256722980663e-05,0.0629032989083087,1
"20225",9.18757120478547e-05,0.0585987726090038,0.910174985585092,0.000368790326747847,0.0305523894612825,0.000213186305826148,3
"20229",0.000103638391253063,0.997625204265256,0.00201364586489498,1.06409148681402e-05,7.53968911877142e-06,0.000239330874609085,2
"20232",0.325829605614685,0.636649857843005,0.0318724756091689,2.25163300991875e-05,1.00968343821288e-05,0.00561544776865961,2
"20234",0.862101504485567,2.64864493450749e-05,1.80242322369515e-07,1.19313905385909e-06,6.73378946103514e-10,0.137870635010333,1
"20238",0.99323178735831,0.00578422281540767,0.000209245591210753,7.2185336268749e-07,7.11399492306163e-06,0.000766908386785365,1
"20253",0.460723998473318,0.539080127628066,3.95267717169742e-05,9.09123171795355e-07,9.00240435112585e-07,0.000154537763291296,2
"20255",0.000131256612458665,0.0024512593337253,0.99704120109693,3.21842031676779e-06,0.000200264452982887,0.000172800083586334,3
"20258",0.999879549631504,2.54105235199296e-05,6.14062248913417e-05,8.76888468263157e-07,2.29324166290382e-08,3.27337991995881e-05,1
"20269",0.945963022097438,1.73933377325322e-05,0.0278566536165736,3.20459119182814e-05,0.0260672613876908,6.36236486471566e-05,1
"20271",0.991862706246759,7.81289973867202e-05,0.000161506887148116,0.00788969785506435,9.39449222662861e-08,7.86606871949295e-06,1
"20285",0.0025248297550796,0.00983115036558745,0.0242868918316456,0.962380184417003,0.000973737575941573,3.20605474236075e-06,4
"20288",0.301530492295616,0.692897180076634,0.00517109428008278,3.27147851070274e-06,3.87043644882783e-05,0.000359257504668551,2
"20291",0.714124831051203,0.00294680353957835,0.000109771790375417,3.60646263840425e-07,1.83219072873765e-06,0.282816400781851,1
"20295",0.806017864967813,1.3416462551588e-05,0.0634811215422722,0.120814974927335,0.00955290044398222,0.00011972165604636,1
"20298",1.16882215399262e-05,0.000351922445684194,0.996794638963022,6.76795343458233e-05,0.00277303273699101,1.03809841732638e-06,3
"20302",0.00070166229052881,4.96815971095802e-05,0.403269096665487,0.00239880488161818,0.593577740271012,3.01429424450985e-06,5
"20305",9.42366826514309e-06,8.72049132107868e-05,0.997878126178504,0.00161578809760233,0.000409028993383512,4.28149034591566e-07,3
"20307",0.99919840532019,0.000545230263605257,7.68640306732697e-06,1.24419106188704e-08,1.78382973198945e-08,0.000248647732929083,1
"20310",0.998588397717267,9.73682616364661e-05,1.65928323280314e-07,2.21302494052991e-07,1.41713590457015e-08,0.00131383261892047,1
"20313",4.9538410764053e-08,1.74658780602544e-07,0.000605767481328276,1.25223333913347e-05,0.999381481208542,4.77954687406507e-09,5
"20315",0.993830016973892,0.00581316858184413,0.000295281622867264,1.17453064867743e-05,2.78760656621159e-07,4.95087542534845e-05,1
"20319",0.308452426872232,0.0202114267918261,7.54793246389938e-05,1.28639802388671e-07,1.0010080148639e-07,0.671260438270699,6
"20321",0.995993919119807,0.00393998758335036,3.13527514618048e-05,7.7921414066675e-07,5.29171955550662e-06,2.86696116850858e-05,1
"20327",0.999951679560336,1.14599187204401e-05,1.72062461962813e-05,1.55634300431355e-05,6.9378799008936e-08,4.02146590486557e-06,1
"20329",4.3655971920474e-07,5.28972532414934e-06,0.000108669913918366,0.99982181424812,6.37892872203516e-05,2.65697802141525e-10,4
"20335",0.879325719996195,0.000371011738030593,7.88594030614005e-06,7.39966462576875e-10,7.97903818993159e-07,0.120294583681683,1
"20337",1.64112583985813e-05,8.28701174291827e-05,0.803688331056538,1.28290513875884e-05,0.196196693712755,2.86480349186947e-06,3
"20339",0.00284046487544221,0.445346746629773,0.00354414716347979,0.000296552876249022,1.92578882525207e-06,0.547970162666231,6
"20341",0.0166972321075016,0.00248218349442129,1.81747518507405e-05,7.33395538935231e-09,0.000408030213489519,0.980394372098781,6
"20343",0.992768824285341,0.000460145232901763,6.60702711533062e-06,7.42753547085147e-08,6.25668208008995e-05,0.00670178235848657,1
"20345",0.00292918440413888,0.00851425643592571,0.960935233127295,0.0275976800337818,5.01242231215203e-06,1.86335765468895e-05,3
"20350",0.00769121030722411,0.984965057557661,0.00209241161359234,0.000203329288344166,0.00103790502782781,0.00401008620535092,2
"20352",9.24539026452392e-07,2.79000387610443e-07,0.000416090388756182,3.84630176380362e-07,0.999582240966438,8.04752148574168e-08,5
"20355",0.00190094823619829,0.000502928900455587,0.0218869459390957,0.000109388372697869,0.975515004462364,8.47840891884984e-05,5
"20358",6.80548410337756e-06,3.68014485512716e-05,0.0229949992863706,0.964846540884722,0.0121148412422019,1.16540509789332e-08,4
"20363",0.995926298467712,0.00389298473942871,0.000147167355793767,2.32082454595298e-07,3.81246731220642e-06,2.95048872989444e-05,1
"20365",0.31843161077534,0.0819973962205487,0.0229129910523205,3.45830749420605e-07,1.2072494948734e-06,0.576656448871547,6
"20379",0.00016583945071,0.00027913568847354,0.998339736984345,0.000256431149718146,0.000672920988131027,0.000285935738622146,3
"20387",0.998542750639602,0.000113807120521879,0.000281679184897426,5.36886601188702e-08,1.01709478871259e-07,0.00106160765683998,1
"20392",0.00110470520961615,0.000190357103493329,5.98080038140147e-06,9.55320792843863e-11,2.9304287744012e-09,0.998698953860548,6
"20395",0.00838491689700419,0.273328310467935,0.717332779103164,3.61594676419555e-05,0.000838509605109941,7.93244591448406e-05,3
"20397",5.25112985009004e-08,2.14500777120521e-07,4.11060578811609e-05,0.995039061536944,0.00491956405180482,1.34129479059129e-09,4
"20410",0.993418522286621,0.000742499338810521,0.00523017210822314,0.00024349242707648,1.16639534988943e-08,0.000365302175315442,1
"20414",0.000564062391793902,1.79886105824675e-05,0.81039049021429,7.46621846069486e-05,0.188949730119327,3.06647939983471e-06,3
"20417",0.0595919645405131,0.00026198259726488,3.72138971980079e-08,2.41697476216663e-05,5.0354042004377e-09,0.940121840865299,6
"20419",0.999910606582232,7.1410391648289e-05,8.29935763501918e-06,8.67697300835024e-06,4.67898699717308e-07,5.3879677670935e-07,1
"20421",0.00216190180914271,0.000680893017328877,0.313469551807585,6.71366280289639e-06,0.67276581384223,0.01091512586091,5
"20423",0.000105699143891884,0.000138351744562302,0.705136917936167,6.88820903133119e-06,0.294567825793388,4.4317172959387e-05,3
"20425",0.000218260876942789,0.0284083037243038,0.311431883797775,2.29858076852647e-06,0.659816997540026,0.000122255480184067,5
"20427",0.034156672820485,0.0041152503191004,0.961468239245237,6.26519053489421e-05,0.000183444714535383,1.37409952925765e-05,3
"20429",0.983266288443644,0.0144640711582116,5.96602789955084e-05,9.11120580080163e-05,0.000179393130868714,0.00193947493027273,1
"20432",2.54874427546418e-05,1.10047024206642e-05,0.219628005137391,0.000498098905312582,0.779837271129069,1.32683052437415e-07,5
"20435",0.761225585371321,0.0975860038353267,0.124647304888738,0.000182525135408383,6.39761497802784e-06,0.0163521831542272,1
"20438",0.966644349040167,0.0328715550228906,0.000147142315010425,4.29846866945522e-05,0.000288942867858041,5.02606737956313e-06,1
"20440",0.999903020429227,9.83021479226017e-06,6.10467139332144e-05,7.32577276341832e-06,6.21804504640096e-06,1.25588242382375e-05,1
"20443",5.86900229138612e-05,0.000851867806142384,0.000720541990407774,2.52647252412225e-06,0.998360981970127,5.39173788443098e-06,5
"20446",0.562309983947423,0.00539336852816791,0.425851121776744,0.00216442252108116,0.00310676789357197,0.00117433533301185,1
"20449",0.214771100721686,0.744601681197509,0.0379819997742896,5.38971214988981e-05,6.34700879891474e-06,0.00258497417621671,2
"20537",0.663812303882394,0.000398780861939096,0.0045967411801243,1.07267104710572e-06,9.96430169979307e-05,0.331091458387498,1
"20540",0.00359291520520498,6.78726377801607e-06,2.32692885968545e-06,1.94965310437733e-09,1.293614807922e-09,0.996397967358889,6
"20543",0.16906343732718,0.00134758172727769,0.82669650853843,4.29898427664414e-05,0.00240620521102615,0.000443277353319896,3
"20545",0.000414797643496889,4.51279388680708e-05,1.26403736972669e-05,3.75691206001119e-11,1.2945438057014e-07,0.999527304551988,6
"20549",0.0312914150296686,0.00157394841744258,0.954931520682167,1.27158885742282e-06,0.00982211208153524,0.00237973220032912,3
"20551",0.938511960935474,0.0451350599985444,0.0153544128178338,2.14415105227318e-07,9.31539863902669e-05,0.000905197846651919,1
"20554",0.997338623161157,2.29956169716706e-05,0.00256904713091227,3.85906621094474e-06,3.78670739104933e-06,6.16883173568781e-05,1
"20556",0.0117427870893272,0.934504306255712,0.0468168878133808,2.58060654989197e-07,0.000148797318547507,0.00678696346237768,2
"20558",0.99971454080454,0.000174428024126724,2.5392774643999e-05,2.03497118017834e-08,1.02260781301387e-07,8.55157861966066e-05,1
"20560",0.978984541324601,0.00548874042098788,0.0124113578043282,9.23028394640381e-07,0.00307917110246432,3.52663192242008e-05,1
"20563",0.999850794438191,1.47443755724501e-05,2.74119803493273e-06,6.56639578884401e-08,2.87206078405313e-07,0.00013136711816558,1
"20565",0.750090977208215,0.142015066640258,0.0829030819241843,5.01895138077605e-06,0.024457247279,0.000528607996961833,1
"20567",3.01600100474647e-05,0.000315303908456709,0.0948986331308743,0.000176192353808804,0.904579296412487,4.14184325989512e-07,5
"20571",0.0174375014641005,0.982292382533571,8.95415442173896e-06,1.37500186683085e-05,1.06632075500751e-06,0.000246345508483653,2
"20573",0.872085734256722,0.0973553734819446,0.0276621331026954,1.82833353537075e-06,0.000492436175682282,0.00240249464942114,1
"20575",0.999825335658432,0.000114972803721066,6.18683741400992e-06,9.14867903865279e-07,6.04803901182244e-08,5.25293521391666e-05,1
"20577",0.0337892469197767,0.665263586892943,0.300228278607592,0.000278733344962861,3.64324153411598e-05,0.000403721819384556,2
"20579",6.80931280227403e-07,4.05039565675378e-06,0.00106238692374833,0.114587760569892,0.88434511794325,3.23617297704535e-09,5
"20582",0.999754240473177,0.000185149936007407,2.75179243521576e-06,5.14495744672219e-08,1.48933714645081e-08,5.77914554349116e-05,1
"20585",0.0574605250840347,0.0232159867820767,0.00865255062076406,2.10044898487287e-08,7.30141254845666e-07,0.91067018636738,6
"20588",0.0047172496951353,0.078050939945833,0.00601105393868782,1.20126592798039e-06,0.0001505197663464,0.911069035388069,6
"20590",1.70037922191689e-07,1.61219196359015e-06,0.00432087339197547,0.00148346331895753,0.994193879280221,1.77896002332708e-09,5
"20592",0.99965669522769,0.000308170309063267,1.29489757815505e-06,1.82730711134841e-08,5.68838858214143e-07,3.32524537388134e-05,1
"20594",0.999717507444284,8.06051245396066e-05,5.47637181831806e-06,4.09246034357949e-07,2.07643769468361e-09,0.000195999736886287,1
"20596",0.992499724889425,0.000612199505485167,0.00539126590449368,0.00125564967476602,0.000239435857427895,1.72416840197155e-06,1
"20598",0.992034782276797,0.00146108407859474,0.00644612560831309,2.70573017093581e-06,2.86188460457202e-06,5.24404215198466e-05,1
"20600",0.0210799871221483,0.691401900582795,0.0667767435373773,2.21232652448304e-07,0.000586412207904669,0.220154735317122,2
"20603",0.000244587608484964,0.00940543692314821,0.986768828932485,1.92123057408472e-05,0.00250279353468437,0.00105914069545627,3
"20605",0.98330824347526,0.0163529883213629,0.000136423143453123,5.54903922606584e-06,9.96240416069179e-09,0.000196786058293361,1
"20607",0.978728208851199,0.0206948871013025,0.00054110773832352,3.17060861318771e-05,2.57723810576074e-07,3.83249923226025e-06,1
"20609",0.987432792721919,9.28098819406418e-05,0.0123875488527441,9.58631141756826e-06,1.16037165632141e-05,6.5658515415141e-05,1
"20611",1.33394821053997e-05,0.000558171904477826,0.988634995586214,0.0106455631613209,0.000147426744669794,5.03121212236896e-07,3
"20613",0.398778744591949,0.000951302743763657,0.59765104443707,9.08998462731778e-05,4.8880118090427e-06,0.0025231203691354,3
"20615",0.0578009663023259,0.749349697849657,0.180534215854397,3.08600239843558e-07,0.000832671148843831,0.0114821402445358,2
"20617",3.70750218952076e-07,1.40652426586879e-06,0.0020744567912594,7.39367645724913e-07,0.997922937991747,8.85748633840269e-08,5
"20619",0.991257525908724,0.00872141974154488,6.17540624653348e-06,6.28829709724861e-07,2.24298896080783e-06,1.20071248143145e-05,1
"20621",0.910007843681862,0.0813570328689883,0.00842176180870629,3.16720186093305e-05,2.20106393710567e-05,0.00015967898246334,1
"20623",0.00124667413130931,1.72593542083364e-05,0.00818744504540934,0.000944790304401541,0.989603754105369,7.70593026356032e-08,5
"20625",0.000480412746473201,0.0627925491622044,0.881859572208357,6.28464036882924e-06,0.0423199346898217,0.0125412465527751,3
"20627",0.791512794158868,0.0376304535142698,0.170108750012961,0.000479214464412243,2.26498031132818e-06,0.0002665228691776,1
"20629",0.410623922450288,0.50126894619867,0.0867700881459082,4.20744122070499e-06,0.000446782211841762,0.000886053552070581,2
"20631",0.999509458174116,0.000427235539446522,3.65613394877191e-06,4.43774988092677e-08,4.27688343065107e-06,5.53288915589768e-05,1
"20633",3.10010499958826e-08,1.07112028152338e-07,0.000318017898915874,7.27701147369006e-05,0.99960907168203,2.19123870079326e-09,5
"20636",0.000290115674667601,0.327155934744381,0.597653365761232,0.0527425222947915,0.0221569875131104,1.07401181769748e-06,3
"20638",0.00426832045818248,0.969452588064801,0.024587380388651,5.73685670663905e-05,8.20734782650551e-06,0.00162613517347252,2
"20640",0.907189489228527,0.00998799984328786,0.00163928452499828,5.57950371406925e-07,6.3226341969774e-09,0.0811826621301815,1
"20645",0.996056305443531,0.00109660472317478,6.1928375281803e-07,3.10806397587622e-09,9.96487227255318e-10,0.00284646644499072,1
"20647",1.46643500562137e-07,2.89913019101476e-07,3.7895980223178e-05,3.96207676542454e-07,0.999961217149694,5.41058863736142e-08,5
"20649",0.975364042755741,0.000511060740767068,0.0146468410369215,7.7302015606215e-07,4.69390532343775e-06,0.00947258854109078,1
"20651",0.996864740510588,0.00131924540069128,1.93624880081544e-06,8.38641000547137e-06,6.58230631883919e-06,0.0017991091235958,1
"20656",0.961948810636112,8.28400460130871e-05,0.000739449803143958,4.5962639170832e-07,1.33489018960739e-06,0.0372271049981496,1
"20660",0.0326977093587728,0.000106794930598114,0.00336596829614096,0.000356812039430254,7.24903779784483e-07,0.963471990471278,6
"20662",0.000173621328422163,0.000996805252398654,0.0532162078286196,0.0953500290435244,0.85026276467696,5.71870074743215e-07,5
"20664",0.893267564068602,0.00256239391811011,0.00704805673158877,0.0064198106408545,0.0906911483706443,1.10262701999304e-05,1
"20666",0.000230278513396509,0.00023178753491713,0.959862729879096,4.95372556843948e-05,2.96891654322217e-05,0.0395959776514739,3
"20668",3.40753329039045e-05,3.43016921997676e-05,0.654520952655821,0.000130473562146152,0.34528002116875,1.75588179654408e-07,3
"20670",0.997611408137491,0.00143350601902276,0.000361688651170303,0.000417226612732197,2.03594191581016e-06,0.000174134637668151,1
"20672",2.02480656357363e-05,2.62921425439562e-05,0.662349870455359,9.36275044660528e-06,0.337585255185168,8.97140084783703e-06,3
"20674",0.677169448607083,0.28044550024531,0.0421496872625535,9.5938036915438e-05,9.75750228103113e-05,4.18508253274807e-05,1
"20676",2.48636603838783e-07,1.04176601863826e-05,0.0442341360724092,0.954011875670338,0.00174327876420239,4.31962600668347e-08,4
"20678",3.01971310829124e-07,5.97264665016219e-06,0.0275566758593309,0.951435572564698,0.02100147171576,5.24224984705906e-09,4
"20680",0.000738250944266759,0.000139992224525727,0.787013337414822,8.39569413975215e-06,0.212089654345533,1.03693767128082e-05,3
"20682",0.00171635956809872,0.00136597093481993,0.842789398620449,0.153711749258979,0.00041457353703771,1.94808061546568e-06,3
"20684",0.716866817606172,0.155726804653609,0.0489145650701566,0.0763689812625635,1.00198164626609e-05,0.00211281159103568,1
"20686",2.0199932377719e-06,4.81555222817033e-06,0.0207405514907401,1.78303171473999e-06,0.97925054509008,2.8484199909544e-07,5
"20688",9.87370614410001e-08,5.55130858003487e-07,0.00101802804946216,0.970618266976863,0.028363049919687,1.18606858233503e-09,4
"20690",0.0263203127316706,0.0547356700842001,0.000733497561535316,1.03836956666936e-06,4.47679556388589e-08,0.918209436485072,6
"20692",7.06872725127186e-08,2.81865626193043e-07,0.00100067570174703,0.023104435023029,0.975894534517717,2.20460869063289e-09,5
"20694",6.4902029396386e-06,0.000127494619865563,0.990338125322391,0.000218201622744216,0.00930932461124519,3.63620814934167e-07,3
"20696",0.000291652442687763,0.00999416104428106,0.984376203185193,0.000811557648885031,0.00452020755246593,6.21812648694986e-06,3
"20698",0.129859983048803,0.858296123691731,0.00892986682512357,2.04203457020502e-06,0.00223818556451564,0.000673798835257267,2
"20700",0.994388403865364,0.00255435223822809,0.00050000032738659,0.000137039370026493,0.00226627475575994,0.000153929443235305,1
"20702",0.040733962542743,0.479613622456903,2.47603327790367e-05,5.93152751061084e-08,1.559307250803e-08,0.479627579759227,6
"20704",0.777042355784668,0.0810580880287525,0.141649362508683,5.55245274387707e-05,2.44175574577912e-05,0.000170251593000094,1
"20706",0.0428683345416579,0.734603247813034,0.101193106497282,0.11733457327288,0.00350541263307459,0.000495325242072525,2
"20708",2.21948854221766e-06,5.54489135388647e-06,0.0382226864857469,0.961634116746084,0.000135415954302643,1.64339700812008e-08,4
"20710",0.420321292873799,0.244642187912842,0.0309529409977272,4.10710438577379e-07,8.81032696052797e-07,0.304082286472497,1
"20714",8.15880593930871e-06,2.71529602125813e-05,0.00915812466169642,3.97536335431471e-05,0.990766801558667,8.37994135071128e-09,5
