"","V1","V2","V3","V4","V5","V6","V7","V8","V9","best$classification"
"19812",0.000143794711708033,0.00058557197280852,0.000101513225199692,0.0395397740992517,8.27767863466009e-05,1.78580382225178e-05,0.236835172786464,0.722692615149724,9.23230275242312e-07,8
"19814",1.83171679275262e-06,4.82576334520118e-05,1.50272077810944e-07,0.000541133715810076,1.17688728719199e-06,4.03871137470551e-06,0.0155128107865046,0.981981312643173,0.00190928763352798,8
"19816",8.86649581198228e-06,0.273185728739545,0.0050386411173595,0.00637597648260222,4.62567973330042e-09,3.005340771962e-06,0.711255771271091,0.00413138515036807,6.20776770581867e-07,7
"19818",5.60478549192263e-06,0.00107880964194106,5.58721267812264e-06,0.00017576223376994,1.72193180094559e-06,1.91948879237528e-05,0.64048197111596,0.35215365916508,0.00607768902535371,7
"19820",0.000164868751030053,0.998410858044161,0.000190876688099776,1.67990162592089e-05,1.72609436575513e-10,1.7412894899681e-11,0.00121659351560742,3.60792057136237e-09,1.86899235225774e-10,2
"19822",0.135783759158711,0.848867168844133,0.00389394629412851,0.00945749039198613,6.36394808321556e-06,1.38007231022421e-09,0.00198991396946758,2.8597342088947e-07,1.07003999668619e-06,2
"19824",7.36892354067227e-05,0.479484746595819,0.183889560693848,4.00761330593554e-06,2.19270929738439e-07,4.93881411701065e-06,0.334752874544422,0.00014248348355308,0.00164747974859794,2
"19826",1.47378317842209e-06,0.00166284906198919,0.0154363571832469,0.13129354083012,1.25039107178413e-06,0.00270492889266651,0.061026472705068,0.787850046893282,2.3080259377544e-05,8
"19828",0.00110176639525212,0.718123667545934,1.91253500302534e-05,7.34468689277314e-05,7.6049561546213e-08,7.63386941332821e-09,0.28061097947862,6.98489097641713e-05,1.08176804047156e-06,2
"19830",8.93591269803305e-06,1.49632560920249e-06,1.5415988251064e-05,0.10217398118608,0.0034149298929561,0.00170021150316535,0.00947472773352406,0.883126521073548,8.37803841682626e-05,8
"19832",0.692816814900098,0.014397418545867,0.000331609787325686,0.0315419246005092,0.0214937065630696,2.47360186834207e-07,0.0937709103137582,0.145646288002597,1.07992658891406e-06,1
"19834",0.00837425942294631,0.0854184121936489,8.64742298874899e-06,0.671829124826039,6.53604537630486e-06,6.60829234192516e-08,0.225933985002612,0.00834419290939921,8.4776094066263e-05,4
"19836",5.00126517737492e-06,0.00137314729561763,0.0680720304651994,0.00140055435860511,1.87969782581448e-05,0.00231963842848337,0.889399521268317,0.0374111588903773,1.51049964351783e-07,7
"19838",1.34007756558075e-06,2.65367637248781e-07,2.54413263971659e-08,0.000493457545034687,4.68949998245668e-05,1.02941120461698e-05,0.000442897496405426,0.99879098438091,0.000213840579250004,8
"19840",5.49058362350783e-06,0.0523588328671981,0.00216728355738946,0.774215178186988,4.17884423926919e-08,0.000113752318499776,0.154963215877315,0.0161740052112271,2.19960931669091e-06,4
"19842",2.46498419183388e-10,1.41903095393289e-08,0.000162822031339339,0.000179678769202732,1.90945111439409e-06,0.982991246650508,9.4839692679696e-06,0.0166534126257138,1.43206604581618e-06,6
"19844",9.96565948132197e-10,7.91053103306577e-07,1.05366657246377e-06,7.05947035776194e-08,9.04239999579096e-09,1.0479511234763e-05,4.20711849669326e-07,3.94976810888218e-06,0.999983224655461,9
"19846",4.99351629852326e-10,2.29020331546041e-08,2.56816431369245e-06,4.29011040609716e-06,2.27377198282393e-06,0.0223555435963582,0.000212926050566618,0.919482238665516,0.0579401362394713,8
"19848",3.25626423970277e-09,4.14991037134445e-08,3.8375895224782e-07,1.09615147422383e-05,2.61233508785806e-06,0.000742621844220521,0.000243387245687445,0.978263130907212,0.0207368576387295,8
"19850",8.86458277217452e-08,2.48419558830857e-06,1.93095601018003e-06,7.66608049625201e-05,1.56443383776406e-06,6.50645010793886e-05,0.000546206836952257,0.806680966081866,0.192625033543876,8
"19852",1.78903301551729e-05,0.00823899420752154,3.7203773542823e-05,0.000825332208063499,2.89042968863031e-07,2.53207009017943e-07,0.973149840946931,0.017670061552064,6.01347317444325e-05,7
"19854",1.12437581113337e-08,4.54765989605566e-08,5.24272968062563e-08,3.44831015019662e-05,3.64168985395872e-06,0.000190226621215908,0.000229477594394285,0.997852456504152,0.00168960534122768,8
"19856",7.72970487886021e-07,4.13885766017839e-05,0.000152383118130827,0.000307912468909239,9.80025404901805e-07,5.05733795957313e-05,5.74885704146713e-05,0.0111837778988769,0.988204722991578,9
"19858",1.95018557727754e-05,0.00201680485568786,0.000890182013451984,3.05274593943009e-05,1.75712437193565e-06,8.28483295576666e-07,0.00222457566175466,0.00051790367571008,0.994297918870561,9
"19860",4.93816110283633e-05,0.0241360779214661,0.00011285173816956,0.130411365932052,4.2984389858178e-07,4.24494988631711e-06,0.600949022836462,0.244315633708499,2.09914585380942e-05,7
"19862",3.49973011992439e-10,7.54385997086941e-09,2.40194251763002e-06,1.13806222377264e-05,4.69219512435343e-06,0.0828053961329809,0.000103578757736084,0.915478366637187,0.0015941758183831,8
"19864",1.29489276664439e-09,1.16926862553411e-06,0.0181464086657888,6.14668936905724e-07,2.24739075012043e-06,0.981815907431092,3.12038011786575e-05,1.44506616565763e-06,1.00241256914971e-06,6
"19866",3.5455299738036e-06,0.0739539050395272,0.677554822413195,0.0265120916148362,4.6639433357773e-08,0.000222142487769082,0.221573779127197,0.000179446566886237,2.20581181355555e-07,3
"19868",0.0459032474018536,6.37229820306764e-07,1.87678057804509e-09,0.00275227103240068,0.951307901006056,6.60838137523267e-08,3.29305844367605e-07,1.51480725908625e-05,2.03979908397969e-05,5
"19870",4.86386350487598e-08,1.97028283102787e-06,4.04874799633029e-06,3.21505914659123e-05,1.07554303797501e-05,0.00516274830094705,0.0283044135299768,0.964935363368317,0.00154850110945081,8
"19873",8.41649638736008e-07,0.0006750774228296,0.000307694766753911,0.000794154275843205,9.46975107373864e-07,0.00137621138559684,0.448454060829355,0.547939512249397,0.00045150044547917,8
"19875",0.00171538766428087,0.873558925368772,0.000163277701115553,0.0291569748166879,5.37326711788184e-08,1.44515786630854e-08,0.0946897836967843,0.000715557440824443,2.51272855339434e-08,2
"19877",1.23164584309521e-06,3.91932903165808e-05,1.11683015178854e-05,0.00376602565039722,1.47532928873938e-05,6.5500656598399e-05,0.22854203128697,0.765679961087175,0.00188013478829387,8
"19879",3.33097641204362e-05,0.00118581931559706,3.70623503724284e-05,0.00207829754844727,1.45010316077131e-05,5.06281971028116e-06,0.968017743097589,0.0280444702649651,0.000583733807590468,7
"19881",6.86620042137083e-07,0.000192519554768807,0.0323593165002891,0.00329930805039514,4.3658764451567e-06,0.0067150530457123,0.0499305226542275,0.906642428769111,0.000855798929009231,8
"19883",5.13452400403969e-08,5.99839260762929e-05,0.0212173458772848,0.00157646539719791,1.37136633588551e-06,0.295215108359363,0.0288051457151663,0.653088676032554,3.5851980781324e-05,8
"19899",6.95835913970912e-05,0.00164367723652228,5.75309882499639e-05,0.840736222586178,5.46610728009007e-05,2.16768404567214e-05,0.148858386699132,0.00855681659622002,1.44438904303465e-06,4
"19908",9.13742126657377e-05,0.000601828960305686,0.00423660808339584,0.992240766276676,0.000366387117435569,0.00162578228517046,0.0006787393522525,3.28460927960946e-05,0.000125667619301631,4
"19910",1.85726811937704e-06,0.00145238599849685,0.000146987223224584,0.000106210766309892,3.82303968860863e-07,6.5992352749369e-06,0.970747078251367,0.027514794571382,2.37043818563821e-05,7
"19912",9.02575851750184e-10,3.63734382426277e-08,8.79673215688211e-05,0.00175208400890444,3.70430757308038e-06,0.829143520687739,3.24700754585222e-05,0.168875114062792,0.000105102259949191,6
"19914",0.000487577471718768,0.00278087296185419,0.000425541024705424,0.256605949463318,0.000130081850688194,3.53036843790452e-06,0.615273727732278,0.12385111661998,0.000441602507019169,7
"19916",1.00622775350679e-07,0.00122704753313937,0.998196223959516,1.45934790216693e-06,1.8122286384119e-08,1.78237015855384e-05,0.000555664142266573,2.47907163752936e-07,1.41466336528219e-06,3
"19918",3.89512218267424e-09,2.85014313662015e-06,5.96440741399674e-05,2.2698128936941e-05,3.24648906241759e-07,0.00459929218691647,0.0080262133308549,0.910638566444834,0.0766504071471527,8
"19920",1.63925546262984e-09,2.59736590590745e-07,1.46996328536268e-07,4.52368446243633e-05,1.022691035968e-07,9.66919889045811e-05,0.000108939997533302,0.106003705526712,0.893744915000948,9
"19922",0.241401757463731,0.000616102841537543,3.1675090495053e-06,5.38450293374905e-05,0.512353868444013,2.50636129461504e-06,0.0945040267819106,0.151058424627431,6.30094169612722e-06,5
"19924",7.03756749574792e-07,0.000213360704878004,1.3528881376805e-05,0.0048587739261885,2.66603795032814e-06,0.000222788794093775,0.210108441905635,0.7530454579894,0.0315342780037284,8
"19926",0.000721510039658614,0.00454326924587004,0.0277710262288725,0.450477354898428,0.0010698110668676,0.000162110729960558,0.500391109652492,0.0148637232071281,8.49307222440333e-08,7
"19928",1.37616181932123e-11,1.04998199676342e-09,0.00386184806110722,5.85023028932815e-08,1.32111009921945e-06,0.996135973301232,1.93861052399056e-08,3.44757416175303e-07,4.33817993075039e-07,6
"19930",4.44607480210381e-07,6.41000229968965e-06,1.80114212608278e-06,7.42142579923819e-05,6.72737033857946e-06,6.97462854464361e-05,0.0294685809885429,0.970303831551565,6.82437942091251e-05,8
"19932",7.23762409032845e-08,1.30285289952258e-07,4.37816382247296e-08,4.94311798401812e-05,7.69470328120238e-06,3.45071664714836e-05,0.000530077694667037,0.998802492795275,0.00057555001729633,8
"19934",0.0107921856681105,0.62065484661038,0.000298992502414596,0.0398325994541958,1.49196342965429e-06,4.18596981549703e-08,0.311755337887377,0.0165444545852601,0.000120049469133907,2
"19936",5.38187617221401e-05,0.000318048519101531,5.53609015334239e-06,0.0562934805498465,8.92972049104967e-05,9.75096430020733e-06,0.0776619477415156,0.865467960472601,0.00010015969584925,8
"19938",0.00479500950333873,0.762059948746686,0.0148223719292251,0.144676120706093,3.05092624782986e-06,8.87770312524725e-08,0.0735587554586723,4.1561370398796e-05,4.30925823073791e-05,2
"19940",2.20204360207597e-07,0.000460275143957435,0.00396291497901439,5.44192123916676e-05,1.09199177881747e-06,0.00357308061305845,0.870899904525187,0.120964635044366,8.34582858855871e-05,7
"19942",3.37640202571037e-11,4.95232075038547e-08,0.036643245271613,1.43628891440963e-05,8.898621988794e-08,0.963334728192362,4.5561064204537e-07,6.87631143968061e-06,1.93181607734878e-07,6
"19944",5.38673669407024e-06,0.00949741371108243,0.0140715802016863,0.00216985088603467,3.74455507167401e-07,1.20030544157053e-05,0.957479571057604,0.0167599675285981,3.85236837767128e-06,7
"19946",6.45236412506167e-06,0.00189203232344685,0.000347248672651978,0.00257086548746517,2.45880391182383e-06,1.5732824499742e-05,0.713916607125564,0.269762663999625,0.01148593839871,7
"19948",3.30467654668388e-12,1.11903579531893e-08,0.00306475305739285,4.02730931034836e-08,1.5757703451341e-08,0.996923589801894,7.07730234425657e-07,1.06066950704665e-05,2.75490949468565e-07,6
"19950",9.77327452408559e-10,5.81765317311304e-09,1.07330997220398e-09,2.36293823028448e-07,1.41394486005162e-07,1.4224029572517e-06,8.27375444389551e-07,0.000870146100819,0.99912721856418,9
"19952",3.30467654668388e-12,1.11903579531893e-08,0.00306475305739285,4.02730931034836e-08,1.5757703451341e-08,0.996923589801894,7.07730234425657e-07,1.06066950704665e-05,2.75490949468565e-07,6
"19954",5.60986817030311e-08,7.68803697096529e-07,3.41474331122114e-07,3.65049841664991e-05,3.65097731876223e-06,0.000124552085577425,0.00564337895749443,0.993873889433367,0.000316857185366536,8
"19956",3.5544625270347e-07,1.00330624600069e-07,9.76769430768468e-06,0.147264911577895,0.00186280713157883,0.0241149685917141,1.58281958475331e-05,0.207042867756843,0.619688393274936,9
"19958",0.0117687376411967,6.00860760969477e-07,3.578689039907e-08,4.39309466413189e-08,0.988035912870347,3.75937420280729e-08,2.43332793983039e-05,0.000127545844701138,4.27521920169238e-05,5
"19962",0.000896930803255124,0.0214614549012571,0.0194978410404544,0.0152995667179424,0.00011570982630437,2.90988683418675e-05,0.0953435547353909,0.575342035871334,0.27201380723572,8
"19964",5.84425564278953e-07,0.000460108766021369,0.0050232997712152,3.64735646422034e-05,1.49648457361801e-05,0.00690213549342427,0.7249790652735,0.257472767972454,0.00511059988744198,7
"19966",1.35542967541898e-05,0.112286245133104,0.873015445101641,0.00480961798294886,2.94004511845972e-08,5.72362165252183e-06,0.00986728839353833,2.094204976853e-06,1.8649323343523e-09,3
"19969",6.94768275250909e-08,5.59702316108694e-06,0.000131973672375163,0.00411937478207637,2.00260134490778e-06,0.0124009252587569,0.0047785689069229,0.978521736361791,3.97519167437177e-05,8
"19972",1.27709618435478e-08,3.24665393421142e-06,0.000161039883623964,3.36316056545749e-05,2.88902401391114e-05,0.523591331840798,0.0544848403459046,0.383788462688049,0.037908543970935,6
"19974",1.70688352467339e-11,2.17963037742712e-09,2.34973729634968e-06,9.50149149588091e-07,1.03287979973455e-06,0.372098148869067,1.18837762012387e-05,0.0654956624123264,0.562389969979461,9
"19976",7.85069193480407e-07,0.000232864342022389,3.21907255537407e-05,0.00167887058497223,3.79513568741655e-06,0.000185171641985592,0.497943319342565,0.460255383548159,0.0396676196098617,7
"19978",5.02841866534931e-07,0.0144908029048683,0.00160555737960007,0.000104938905408365,2.39614648247183e-08,3.348732190425e-05,0.966110868096063,0.0175935620555782,6.02565332463102e-05,7
"19980",8.56000899506383e-09,4.4622574101408e-08,3.63271590368631e-08,1.60078010471181e-05,4.24102288138289e-06,0.000218571069170457,0.000155948868730784,0.8660969781724,0.133508163556028,8
"19982",5.9162880393561e-07,5.62450179213264e-06,5.8066272464601e-08,0.000756330422004978,1.02079074853556e-05,3.27000652492683e-05,0.000278508961165429,0.123741137684545,0.875174840762681,9
"19984",1.40870392024131e-09,3.03482427046809e-07,3.18746529544355e-07,4.61629611713827e-07,1.00091206770652e-08,1.63599495756983e-06,2.3112580495785e-06,0.000112258637893172,0.999882698832707,9
"19986",0.00129382598466811,0.968660175655664,0.00517586271252506,0.00299060007025554,1.83870725960496e-08,5.53720860840805e-10,0.0218794426952354,7.31349103381114e-08,8.05947639921289e-10,2
"19988",0.00148970326690199,0.996975971797807,9.91087526495737e-05,0.000113259486439049,2.02790489135418e-09,4.8777893809681e-12,0.00132195321255544,1.2972237431142e-09,1.53640110142114e-10,2
"19992",0.00143827877644352,0.993197783632639,4.21545920084125e-05,0.00401907762268447,1.59612719805185e-09,7.27880230245763e-12,0.00130261857954353,6.04260769566045e-08,2.47671985686309e-08,2
"19994",1.77855811461513e-06,8.32920801403712e-06,1.53113779525239e-06,0.000364928086198361,2.60252897308854e-05,3.89397296733262e-05,0.0443029729255892,0.955240790226889,1.47048379954028e-05,8
"19996",0.000232507674232723,0.989830427570662,1.18298646779251e-05,0.000111271192266106,3.19010196858212e-10,2.00450077595272e-11,0.00981377792167001,1.67316363972972e-07,1.81210724519881e-08,2
"19998",2.80482950644266e-06,0.000756549128701883,0.697251000367044,0.236137258660955,5.88916509964252e-06,0.0211612804755431,0.00271364326272025,0.0400152370718539,0.00195633703857512,3
"20000",0.000156093092710466,4.54495305461817e-07,2.0846763363931e-05,0.228365366105225,0.115888922984431,0.00231811042473237,0.000166352146510346,0.652934869990264,0.00014898399745758,8
"20003",2.00857312847765e-05,0.000100770022349088,0.000250217654977826,0.00740281477805407,8.9389455210424e-05,0.000227999116092088,0.10229797561319,0.889610040393376,7.07235466018672e-07,8
"20005",5.30930887592579e-10,1.53873424089904e-08,5.36138731086209e-07,1.22801822187401e-05,3.10359214996239e-06,0.013830497286864,0.000310785566254679,0.96680653908201,0.0190362422334982,8
"20007",0.00032764600294922,0.0159973854275361,1.23389901320635e-05,0.110920601267007,6.6344880293497e-06,1.09544717020548e-06,0.852184707976274,0.0203651268828063,0.000184463518095076,7
"20009",0.000365421111601042,0.217025993918909,0.755432153438224,0.000225554180315243,8.70450424958637e-07,8.58012218478373e-07,0.0268236789714852,2.9755020844324e-05,9.57148959783697e-05,3
"20011",1.75784589120525e-07,5.30388528366331e-05,0.000200859537578437,0.000524462745708701,1.92423276021503e-05,0.0775756304167227,0.372008421621535,0.542619735412189,0.00699843330123878,8
"20013",5.369965687728e-07,8.23449419784524e-06,3.09264968819031e-07,0.0128741850283524,3.72695152938081e-06,2.301934370269e-05,0.00555675830643106,0.880476701635676,0.101056527978573,8
"20016",0.0163090433792211,0.927373571829785,0.00268165732395776,0.00263199891884502,1.5180655685678e-06,3.29030506950087e-09,0.0509968001417171,5.68775657859292e-07,4.83827494191702e-06,2
"20018",0.996415892361363,0.00338907256103634,1.32088996974925e-05,1.38389204765282e-06,0.000179375057350265,1.9345104978838e-12,1.06711157389948e-06,6.05783981183115e-11,5.44180633108104e-11,1
"20021",0.00081230832888506,0.216449179196331,0.00198013832540936,0.000292960769467005,5.16047263507585e-07,1.55772766807272e-07,0.778644206754337,0.0018205098826525,2.49228879161553e-08,7
"20023",0.000703125147209004,0.0788010118778257,0.00563354021677901,0.0361948807561379,5.65857738275174e-06,2.69100011765217e-07,0.866575554630276,0.0120427871442637,4.31725501138538e-05,7
"20025",0.700388068582812,0.293172126928656,0.000171220731140558,0.000138740911623301,0.000369988822435445,2.21251268308985e-09,0.00575935433127402,4.88986598766383e-07,8.4929467567831e-09,1
"20027",1.53021382213178e-08,6.92760689986746e-07,0.000291797955875362,0.00921588261428544,2.66466288035352e-05,0.562308170217828,0.00195625354634777,0.426195350846594,5.19012743801729e-06,6
"20029",6.97285930530097e-10,1.85138699194568e-07,8.45171750225326e-06,0.000332645099344953,2.54089175757677e-07,0.0417593114774799,0.000321935992689347,0.951630544511717,0.00594667127610612,8
"20032",9.85987404321138e-08,6.58896010726216e-07,3.61340216637729e-05,0.000301653156481841,3.61337729835029e-05,0.00864176300877645,0.00302512358738938,0.987953555059392,4.8798985614984e-06,8
"20034",5.37729544312668e-11,6.63700457425477e-08,0.0156346732379728,2.15859458759314e-07,2.37675646721535e-07,0.984276938314023,1.64961368957389e-05,7.12868080387469e-05,8.55441452191228e-08,6
"20036",4.58067050158547e-06,0.000165296374259334,0.000101045554072594,0.97582186040335,1.64014865461617e-06,2.32796373646403e-05,0.000106150025838148,0.0150332494479636,0.00874289773799545,4
"20038",0.0309956975393148,0.687601742007258,0.000147163086192623,0.196001394442418,1.24844728050625e-06,1.9794878506209e-09,0.0852286273034063,2.41245586770622e-05,6.35965154933739e-10,2
"20040",0.0095786616555129,0.33906362138883,0.631361434703861,9.8960685065784e-06,3.22616075532317e-05,1.38973580096304e-07,0.0199529864477838,8.520123709851e-08,9.13953135344475e-07,3
"20043",0.00428018069869293,0.959811387380447,2.66736811253324e-05,0.00489113028986513,3.37015796170409e-08,1.46708622500314e-09,0.0306134870509877,0.000376965886957838,1.39843258125653e-07,2
"20045",0.0244522765990456,0.974502676413827,2.80004202063756e-05,1.14516395272671e-05,3.20419093314593e-08,4.4253633181999e-13,0.00100555002970982,2.28383443792156e-09,1.05714975438055e-08,2
"20048",5.02247698399061e-10,3.92109022068207e-09,1.1296624879727e-09,3.33255168940352e-08,4.41115328172145e-08,3.64400047451206e-07,5.4391963545936e-08,1.01778367811271e-05,0.999989320381158,9
"20051",0.0358932615201919,0.12028048287468,1.83433866894841e-05,0.107343461032347,4.65336589893747e-05,1.54648558422806e-07,0.0885491906811725,0.635011685413685,0.0128568867836868,8
"20053",3.27052158158978e-05,0.0786902320424738,0.0190696508116727,0.000678288439800845,1.60400753459054e-07,9.14062775039063e-07,0.900486811354306,0.000970595954434572,7.06417179673947e-05,7
"20055",0.028479154369976,0.0301067213001233,3.83240912795547e-05,0.882673537757561,0.000183080949974178,6.11341554003891e-07,0.0570990133511123,0.00141955413934707,2.69907293611852e-09,4
"20057",5.74054534938084e-05,7.1908130473627e-11,1.37441418664053e-09,5.98960550689364e-09,0.999939604208569,7.52038019668583e-08,1.09041047419888e-09,1.88538874489909e-07,2.71806892244983e-06,5
"20059",0.000485082682552567,0.0453576035037632,0.0635649379087752,0.000367190549397495,4.62161365826681e-05,1.90534231175274e-06,0.889594956176262,0.000577733798879837,4.37390147515408e-06,7
"20061",2.65500770349115e-05,0.0151151623746822,0.0019120502488994,0.00120196879112611,1.47799690693243e-06,3.50825480017516e-06,0.977849666952345,0.00387584228056141,1.37730236440305e-05,7
"20063",3.66575151157705e-05,0.0068704914633385,0.00941066947083006,0.000107911724704294,2.81596458272192e-06,1.59190150941557e-05,1.12503657694826e-05,1.91949742991612e-06,0.983542364983135,9
"20065",0.984338920957344,0.0153667853123754,8.67325697562593e-07,5.06065785335401e-05,4.76961957564738e-05,7.90864620921459e-13,0.000195100375899454,2.32521904907234e-08,1.4119089993015e-12,1
"20067",0.0586785542214435,0.903918810717788,2.23251429412772e-05,0.00078779518580022,8.88830482442938e-07,3.10525484238929e-11,0.0364082484662951,2.11672852374214e-05,0.000162210118959292,2
"20069",2.28200107619261e-08,1.11006331670622e-07,2.09569729492311e-08,3.11776287730722e-05,4.57865387008174e-06,7.2345905119164e-05,0.000161637719736003,0.600837535774107,0.398892569535079,8
"20071",2.37599696861385e-06,0.000136247716690895,0.000525338846426806,0.994830741605589,5.03393781700872e-06,0.000135744879525908,0.00386953966379911,0.000487236130944491,7.74122223773045e-06,4
"20073",2.54616926976864e-08,1.38839486657827e-05,0.000107968762722107,1.37959447721315e-06,3.89023538453169e-07,0.000339607214665777,0.00303337447237604,0.0791000948873406,0.917403276634521,9
"20075",0.0821251294142375,2.07820940999007e-07,1.55468079420763e-09,0.00052753301766127,0.917315169154231,4.93450755748483e-09,4.45247874135942e-07,3.13593518007989e-05,1.49504065957811e-07,5
"20077",4.2730152085356e-05,0.243472806674804,0.000363987367581385,0.671361540119955,1.52551273266116e-08,1.61509253579283e-07,0.0835308813331134,0.00102074934388569,0.00020712824419454,4
"20079",0.000967256768315599,0.0731939467838866,0.000254745998515748,0.00691081232830089,1.56231775515647e-06,3.27978486970882e-06,0.00224053530320239,0.0287132180502854,0.887714642664869,9
"20081",0.347071410585409,0.29006494127325,6.29535025881969e-07,0.0282621132910595,0.000140831103430738,7.82899143875791e-10,0.333791627181239,0.000666339531842382,2.10671584467839e-06,1
"20083",2.2086329912024e-05,0.000268399594683099,0.00152178540509114,0.145359417847971,2.43220526241012e-05,0.00021402790589903,3.92825187536759e-05,0.00231177572922002,0.850238902615846,9
"20085",0.0129949488546636,0.986043355578015,7.26531948243421e-05,0.000215326334826003,5.75285009133477e-09,1.20988901728782e-12,0.000673706996626309,3.25596565288735e-09,3.10190167165499e-11,2
"20088",0.00750211674745641,0.947263887901388,0.000292765917781112,0.0025519581760072,4.91511616994258e-08,1.22930787365004e-10,0.0423525806099598,3.66033419835229e-05,3.80313313260795e-08,2
"20091",0.930452431695528,0.000192605807352341,1.62344856209398e-08,0.000156309221218945,0.0677370900597147,4.67964106119534e-11,0.00145229231190237,8.06502483541076e-06,1.18959816649266e-06,1
"20095",7.35710740068434e-06,0.00377308383707958,0.00163804216594685,0.000260972607881181,0.000129512362700924,0.0234566346692596,0.212736461926635,0.00148719813204351,0.756510737191053,9
"20097",0.0496338646155164,0.948805648884449,2.26440652602116e-05,0.000880462501920644,3.10958675082977e-08,5.98849068452707e-13,0.000657341810955659,6.97902421979014e-09,4.6407311123264e-11,2
"20099",5.25782153084686e-07,0.23630517692908,0.471569732847411,3.1608331709581e-05,1.86738479977647e-08,0.0117864742120271,0.278552889498815,0.000159902096123994,0.00159367162883252,3
"20102",0.00450784477462297,5.28272699937631e-05,1.67787632686063e-07,4.71197633942758e-05,0.00770441893332626,3.43217208870574e-08,0.000376960929572353,0.000261024714589232,0.987049601505148,9
"20105",0.00113789744840354,0.897952834523086,1.39760935142268e-05,0.000417840888658776,3.11830420361509e-08,1.4154889906219e-08,0.0994518302287661,0.000749256042134659,0.000276319437504995,2
"20107",0.000262060766767602,0.618134061241152,0.00022841669230948,0.0495115945589898,2.39531574971806e-08,1.37330053759682e-08,0.331837082221897,2.65670157737744e-05,1.79816947965224e-07,2
"20109",7.4167386826042e-06,0.189119602609524,0.0210364531270691,5.73811030780753e-06,1.32432863077498e-07,0.000124733628665819,0.524191663231917,0.00708137749191115,0.258432882629059,7
"20111",0.000635026563189475,5.51925673400344e-08,2.14273177193374e-09,1.80652302241489e-06,0.979848774065271,5.10959886540114e-06,5.76063973326597e-05,0.0191851088982723,0.00026651061874781,5
"20113",1.44834330995563e-05,0.050111586401704,0.0207298176879107,0.748709023163844,5.08762236088722e-07,0.000224655628772345,0.17984741449608,0.000362421091414372,8.9334938026083e-08,4
"20115",2.37087491343568e-06,3.23881345967857e-07,1.90912306256252e-05,9.93889567222666e-06,0.00978518637083498,0.0095840671367361,0.00488029067272695,0.975580587419169,0.000138143517975506,8
"20117",0.0462373287915501,0.0111776892901835,0.12319887071736,0.00784002603085196,0.759807207360276,0.0205590126958001,0.0311199663971687,5.90945215222829e-05,8.04195287017654e-07,5
"20119",2.83929088202733e-06,0.0537226422162353,0.939793512816307,0.00302486910964121,4.84616363917994e-09,1.61073117692851e-05,0.00343891873710755,1.10530114895444e-06,3.70745258291705e-10,3
"20121",0.00127497811189338,0.884562155013749,0.00299603576907458,0.0361009624017902,4.43030005583239e-08,1.41679763677821e-09,0.0750632439730338,2.57421123358032e-06,4.79942745801124e-09,2
"20123",0.986181644090276,0.000116294854475043,8.80299381022072e-07,0.00048835638668239,0.0131885218827533,9.2554935383436e-12,2.31960883430435e-05,1.10512675289326e-06,1.26208150435615e-09,1
"20125",2.54167272312056e-07,9.81548267819078e-07,1.40781212942555e-07,0.000674776122426173,1.20950354385572e-05,1.35940833790732e-05,0.00173603612681564,0.927956316510748,0.0696058056244393,8
"20127",0.000462859665948359,0.998746638020726,2.96582225854112e-05,8.7586410578488e-06,9.57460984956127e-10,3.92533415716398e-11,0.00075188148118376,7.68202352150635e-08,1.26151549349277e-07,2
"20140",0.00129949201424613,0.000564592951917524,1.88416851499004e-05,0.993754157777567,0.000536164063463772,1.08573035194952e-06,0.00349946622924685,0.000326193940012265,5.60804516592066e-09,4
"20142",2.16086653406629e-09,9.08051671573206e-09,2.51015464943433e-09,2.82530853622398e-06,4.55283986271858e-07,2.36047544782116e-06,1.82293142075505e-06,0.00301828924324439,0.996974233005827,9
"20144",5.6190779878582e-05,3.8220862986522e-07,7.05831679544526e-07,0.0172777237659575,0.0576450442066057,3.67932468833181e-05,0.000840233773474934,0.92014047566528,0.00400245052161087,8
"20146",9.87852175572164e-05,0.000177227455858783,4.64678239367902e-06,0.3930764367069,0.000192260432389844,1.62093085628608e-05,0.00231468260366175,0.240391431477205,0.363728320015471,4
"20148",1.23060094203495e-05,0.000238497046976316,6.35649367533202e-06,0.0317896826369725,2.89113438116084e-06,5.95913066349752e-06,0.0163690997592693,0.951484656865048,9.05509235932133e-05,8
"20150",2.62057425993414e-10,7.15726504127055e-09,4.38211583318379e-07,4.4193156322059e-06,2.70545760563343e-06,0.0307116122880805,4.82077060553337e-05,0.655535296066297,0.313697313535424,8
"20152",2.54247130179128e-05,0.00125642017411684,0.000331869437859378,0.0324486785397178,5.35359861241323e-06,1.28664356630616e-05,0.0739697274746407,0.8918801003854,6.95592409716094e-05,8
"20154",0.994507018904467,0.00540776760469594,5.10052271070283e-08,2.77625738434515e-05,4.36357253004534e-05,1.35075367410832e-13,1.32364032063489e-05,1.16651062254262e-07,4.11132062260763e-07,1
"20156",0.000694207909288558,0.0198316931077735,0.000141312374486864,0.309103129717738,0.000202242735624596,5.5285483850964e-06,0.637133246209626,0.0064171053606917,0.0264715340363848,7
"20159",4.25275619299516e-08,1.10834089735999e-07,2.28158626433287e-08,8.94218534930076e-05,8.20828364601198e-06,3.05005509217503e-05,0.000132849071711913,0.469013505497084,0.530725338565629,9
"20161",5.78793169355613e-07,1.14631715894586e-05,6.70007607522823e-05,0.00082009428467536,3.95569609907678e-06,1.05483533872028e-05,4.70767682613156e-05,0.00235130147914257,0.996687980692923,9
"20163",0.00032748588788057,0.0028408573970981,0.000546859243010623,0.00107899495207205,0.000176662545991224,0.000326886129095638,0.100902606729607,0.893798290541235,1.3565740101521e-06,8
"20165",3.02806445164252e-06,0.00177949129061679,1.34056647881232e-06,1.52377381685459e-06,3.91061323695383e-08,1.30821664587843e-07,0.000496431076190376,0.000116694112709699,0.997601321187939,9
"20167",5.59910911095708e-07,9.52141667263737e-05,9.52918839714482e-07,0.000309236502915775,2.44735168522463e-07,1.26393233305387e-05,0.0235017009811643,0.971279851046322,0.00479960041462159,8
"20169",5.42267028096755e-10,3.37455127880279e-09,1.01182556197723e-09,1.5008335591292e-07,7.53940010951996e-08,5.19429866746702e-07,1.28678599531765e-07,6.26986795403078e-05,0.999936422805992,9
"20171",0.996865426682049,0.0029725233013257,1.48699605795061e-08,3.39904611959538e-05,0.00012412307678479,1.16243773299577e-13,2.96463909811383e-06,6.15714425549824e-09,9.50812325716906e-07,1
"20173",4.30181518480639e-08,0.000748760168778814,0.986984143556642,5.18421367503282e-07,5.52233771126252e-08,0.00215853194481233,0.000106517543706092,1.04430310721089e-05,0.00999098709209254,3
"20175",3.43743593799575e-07,1.4143580180798e-05,2.22969354337077e-06,0.00193400332630885,2.46788706700697e-05,0.000645546360387791,0.111507060221769,0.879451327675358,0.0064206665281889,8
"20177",1.73826756453676e-07,0.0253971757933549,0.931931438430506,7.72598789140053e-05,5.81749869800516e-08,0.00649548800852079,0.0360005172791622,8.53482112400944e-05,1.254039655886e-05,3
"20180",0.0111939888378325,0.912658879788379,0.0139214593617289,0.00276447919537164,9.62310757160885e-07,1.26246915164109e-08,0.0594586105200121,1.60735032752749e-06,1.0899639049512e-11,2
"20182",1.39933004635891e-08,1.92886743669066e-10,1.75186820929844e-07,2.22261656113506e-08,0.00779296702111222,0.0144253216814082,2.73609492142981e-08,9.5242442392991e-05,0.977686229894964,9
"20184",2.20449674958217e-08,1.19292235380897e-06,1.63085757680079e-07,9.63904932135209e-05,2.88833347909036e-07,5.46958939995342e-06,0.000217125127704816,0.0211553803669876,0.978523967536267,9
"20187",6.70048168795254e-09,0.000239887035621905,0.786424400264256,0.00393098925621726,2.90016824513217e-07,0.204945387590991,0.00312935715544874,0.000423968489658008,0.000905713490500494,3
"20189",1.35157535129521e-06,0.0570711560859408,0.281131132480348,0.000116897528835706,2.64675401175809e-08,0.000361632548195946,0.655240395677058,0.00607627665307111,1.13098365901627e-06,7
"20192",0.0193364441540536,0.0457341077212323,0.912632166184429,1.4025377627749e-05,0.00326281299487469,5.03962779029263e-05,0.0188363946476845,0.00013349170941087,1.60932783991233e-07,3
"20194",9.5512838351978e-09,2.24680164037233e-06,0.00044571608995307,0.141357592419803,1.96991524470429e-06,0.211331299933535,1.88535628567597e-05,0.0403017606554311,0.606540551070252,9
"20196",0.647598467823327,0.347421746951744,9.40797680211469e-06,0.000457088439362379,9.84282875900698e-06,1.13813830611865e-10,0.00450173708928412,1.69314152597895e-06,1.56353817218991e-08,1
"20198",0.000923999693635273,0.0206530676349744,0.00390022223038961,0.158977602293819,0.000449882544110637,2.99645335407177e-05,0.503090395149422,0.311571240691947,0.000403625228160863,7
"20204",7.84384799048456e-08,1.20185497000717e-07,8.59753957240968e-08,8.64709101611121e-06,2.08418385310135e-05,5.29774200503821e-05,0.000243166490091851,0.632494176094967,0.367179906465971,8
"20207",0.296396571708243,0.688320430908969,3.69395195116281e-06,0.00778966836241387,4.87115376265888e-06,1.26054985369556e-11,0.00746351881746627,8.84304645055606e-06,1.24020381387561e-05,2
"20209",0.000173303660712703,7.55544404874526e-07,5.4812782939702e-05,0.00561228744548971,0.850949237212898,0.0124256226111362,0.00172380046727189,0.129059971634047,2.0864109958801e-07,5
"20211",0.996469562101744,8.53715615009106e-05,7.33766751228823e-10,0.000742184405266511,0.00267526816389294,5.16827353061744e-13,2.55338738212966e-05,2.06868328849181e-06,1.04762021931075e-08,1
"20215",0.00031390483904654,0.140223257189109,6.60333889497509e-05,0.85443812684495,2.50534898540307e-08,3.71374751404528e-08,0.00443538963572799,0.00051945531132191,3.77059993002151e-06,4
"20218",3.57543469696047e-09,1.69761574267612e-08,2.61858477531854e-09,1.45149829785468e-06,5.74204073684204e-07,5.30646457522492e-06,7.34419859238457e-06,0.0148915559383081,0.985093744525976,9
"20222",0.203347239978229,0.770714547549666,1.09130929848665e-06,0.0158929202275333,5.78937085409666e-06,7.75305275621154e-10,0.00908023483374092,0.000933850447945689,2.43255074272764e-05,2
"20225",4.85892917520148e-06,2.28766902456715e-06,9.24135238340668e-07,0.0364620770234573,0.000690019540988829,0.000387988955068873,0.000172484855933526,0.94918426124427,0.0130950976468435,8
"20229",3.1083457022757e-05,6.42660043774556e-06,2.15886680632193e-06,0.999166709927392,3.33903313118946e-05,7.25753570677408e-07,2.6934432215858e-05,0.000730570041309057,2.00058993439036e-06,4
"20232",0.00183994422846581,0.021074930019287,1.0000344502141e-05,0.342469469364547,6.12913035508046e-05,8.12837688877458e-07,0.631830913244836,0.00271083592567232,1.80273145046232e-06,7
"20234",0.228436175409209,0.769532570948715,0.00120854684273615,3.00392098678583e-06,1.4688247239324e-05,4.12230800020583e-10,0.000805012325328735,1.85688316893143e-09,3.66711333519706e-11,2
"20238",0.00254900550103868,0.611504455097219,0.000162586593225736,0.00519801332513967,7.19862636166453e-07,7.95446636767027e-09,0.380559068485712,2.14057166028827e-05,4.73746395886961e-06,2
"20253",0.000619192489755856,0.570765727931122,0.000391973653909097,0.426919860761884,6.17411228529238e-09,2.00994256643943e-09,0.0012999401136776,3.09762141876239e-06,1.99244178571308e-07,2
"20255",1.40475374298863e-05,1.84361696437862e-06,2.29398571834297e-08,0.00197421950605795,0.000191792425776434,3.63297321007869e-06,0.00458907798155322,0.9931377069427,8.7656076451147e-05,8
"20258",0.000181434233985575,0.919983363202992,0.000778459845921187,1.57626209160694e-05,6.35046677954402e-09,5.81394741946911e-09,0.0790340641724147,6.89698876226682e-06,6.77059408447630e-09,2
"20269",5.44255221579483e-05,0.218290345896526,0.000560205099522088,7.06668099516478e-06,2.41961823369455e-07,2.93489252509002e-06,0.749924843353129,0.00648319466795848,0.0246767419253637,7
"20271",6.85265891978268e-06,0.451329790419464,0.461314744957276,3.63953490829975e-05,3.18124306745263e-08,0.000137511736242796,0.0871600425219242,1.46123605057674e-05,1.81841541702575e-08,3
"20285",2.54695981754842e-07,0.000285574766325577,0.480802931825348,0.0148076993968532,8.85174644085835e-06,0.476605092375136,0.00185498768748159,0.0248917416312583,0.000742865875174897,3
"20288",0.000553598424825401,0.117106881921359,7.75348652193366e-06,0.758848886488227,5.68329222705774e-07,1.72123269746333e-07,0.122638485297097,0.000827005809633023,1.66481198439372e-05,4
"20291",0.462558765440796,0.184457263370215,7.30231772395379e-05,0.00160603656830366,0.000972064511614889,1.74370280932328e-09,0.350325998545802,6.07501356605297e-06,7.71628760079405e-07,1
"20295",9.05617887319057e-06,0.0291139673852677,0.764266334124873,1.49063834166723e-06,3.59113407601452e-06,0.00360471949960142,0.195343616489151,0.00566267302219491,0.00199455152762016,3
"20298",1.53808706598951e-08,6.22181090537505e-08,1.12638053540863e-07,0.000163059328991758,3.92742647045742e-06,0.000107976635539081,0.000253764644747152,0.998489229254627,0.000981852472590845,8
"20302",1.00590223286705e-07,1.29610021836413e-05,0.000359142160359852,2.47988179180603e-05,5.99860170664582e-06,0.00174488573913035,0.0048269270304652,0.359347468146942,0.633677717911071,9
"20305",4.13449530570421e-09,4.10705536356721e-08,1.20471933767402e-06,3.51926625093751e-05,4.74809418482838e-06,0.00393697739963925,0.000250412950716568,0.995667736884467,0.000103682084096206,8
"20307",0.00216246979412393,0.96009285133986,8.12607649247681e-05,0.000369791490950291,1.00091596050878e-08,1.52394695535198e-11,0.0372931513485946,4.59760911550935e-07,5.47623610521122e-09,2
"20310",0.00271610703310512,0.996727346976687,6.92698515818767e-05,8.90104330071577e-06,9.85822807246844e-09,9.88761246674433e-11,0.000478363272182917,1.09329166017836e-09,7.72746132633721e-10,2
"20313",2.15773060507017e-11,5.52663256216261e-10,4.62456967361274e-09,3.70510192490302e-08,4.59774248794935e-08,5.45423193366619e-05,1.44861943252898e-07,0.000343288553639997,0.999601936037826,9
"20315",0.000156774450684794,0.764764092266296,0.00034068884737244,0.00596001667001374,3.63432547950833e-08,3.20433058901043e-07,0.228743341320722,3.46324416832511e-05,9.72269142578869e-08,2
"20319",0.909256483369702,0.0873507574093361,8.94974325887719e-05,0.00312399983656485,2.65936761181616e-05,3.54360938530405e-11,0.00015014659527304,2.51668809986124e-06,4.95688100083649e-09,1
"20321",8.09753227745311e-05,0.994949532924142,0.000249636891696741,0.0012917007691413,6.29537777422601e-10,1.91649493294009e-09,0.00342566502378672,1.40963929522808e-06,1.07688313035862e-06,2
"20327",1.42292243453746e-05,0.847296745427802,0.00979171423630446,6.90940953014591e-06,2.03351749827816e-09,1.55125389964523e-07,0.142888842811274,1.37491464093436e-06,2.68171957051613e-08,2
"20329",6.544729836349e-13,3.90487732173853e-09,0.00233946009783227,1.54519743972131e-06,1.20689585910484e-08,0.997611347257468,6.58771437889362e-07,3.0941678706916e-05,1.60310226243633e-05,6
"20335",0.491224473757196,0.50229859400256,5.7401745565084e-07,6.78210183378628e-05,1.869745542211e-06,5.3980800538882e-13,0.00640637164688529,1.62116223422314e-07,1.33695260084511e-07,2
"20337",5.86406867636561e-08,1.53758045544326e-07,2.06944360186223e-08,3.51802680325012e-05,7.21698334146659e-06,3.46523116805457e-05,0.000293986494665195,0.860271951138017,0.139356779711095,8
"20339",0.184702875206251,0.000489629826661153,0.0039866924829655,0.578381102663193,0.230106835554691,6.84117366424257e-06,0.000269836693669022,0.00205551580309363,6.70595811342596e-07,4
"20341",0.983304355994193,0.00776802993254723,6.90680472924469e-07,0.00128626669243229,0.00612390473748351,4.8949470383575e-11,0.0011471824609634,1.7027375514318e-06,0.000367866715406977,1
"20343",0.0180539780120216,0.98056760973885,0.000517021033821248,9.34738234056827e-05,1.4263731755935e-07,3.59537308603668e-11,0.000750514801983058,2.28458700631751e-07,1.70314579463124e-05,2
"20345",1.36423286008414e-06,4.66271039058325e-05,0.00529644549328616,0.0101147451074444,6.07896797098923e-05,0.0104762605633807,0.0732445000990734,0.900757702757174,1.5649631659162e-06,8
"20350",0.000691814963538717,0.00273592067571207,8.04358017745389e-05,0.993921480743997,0.000633255629337966,1.81630315917379e-05,0.000712143121784456,0.000641252661872318,0.000565533370391435,4
"20352",1.57910164411411e-09,2.67662279995949e-08,3.12852530479247e-09,5.33952348744286e-08,3.22574536656514e-08,3.6797002455247e-07,5.47058387188655e-07,0.000165329232742272,0.999833638612302,9
"20355",4.98358206692261e-06,7.86168966162854e-05,0.000305502886798112,0.000199022215375162,2.07699878439469e-05,8.68118993079247e-06,0.000975326789863493,0.00876073933825691,0.989646357113248,9
"20358",3.85457124836353e-11,5.33357086762738e-08,0.00114786305057807,6.18832361921935e-06,5.25429370096575e-08,0.987955885930471,1.91618490075736e-06,0.00886677971331953,0.00202126087992017,6
"20363",0.000163653320548474,0.984570880777424,0.000149342639273748,0.00226425970056724,8.05909835275171e-10,9.54304414453504e-10,0.01283664061974,1.40012650478164e-05,1.21991718403247e-06,2
