"","V1","V2","V3","V4","best$classification"
"19811",0.294037121417215,0.612371661398081,0.0935912133485579,3.83614688979317e-09,2
"19813",3.74678853665841e-11,0.999999999962532,4.13119236602074e-25,2.81077788312722e-50,2
"19815",0.698695694352597,0.0317432978304055,0.269561007816997,2.17659657643725e-41,1
"19817",0.12143786256368,0.00277378155682898,0.87578835536809,5.11401038434479e-10,3
"19819",0.0538915384917951,0.946108461508205,5.85072338998756e-116,6.1829507500961e-119,2
"19821",0.247980454135957,0.752019545754988,1.09055447799167e-10,9.71420049734373e-17,2
"19823",0.000416924738495744,0.999583075261504,6.93649942967425e-22,1.19336997937622e-71,2
"19825",5.82357805218499e-09,0.999999994176422,8.17053291356199e-123,1.58598234264422e-41,2
"19827",0.659766901020375,0.335112506544394,0.00317242486644877,0.00194816756878292,1
"19829",0.731110021306852,0.268889978693148,3.48031612049005e-75,1.6012856521551e-27,1
"19831",0.0069944988680413,0.993005501131959,8.5790628027527e-107,1.59414829192816e-113,2
"19833",7.85656052307573e-29,1,1.22620536662457e-197,2.22610208992248e-148,2
"19835",0.247980454135957,0.752019545754988,1.09055447799167e-10,9.71420049734373e-17,2
"19837",0.652089962612177,0.0204549534281331,0.324158128525206,0.00329695543448304,1
"19839",0.0384263564732689,0.961573643526731,1.67136899704865e-70,4.80244338334187e-23,2
"19841",3.94529947161665e-13,0.999917524165215,4.40299971107654e-65,8.24758343905118e-05,2
"19843",0.000314165576858444,0.999685834423142,1.16857398169993e-120,6.84001224459197e-127,2
"19845",1.63969823451665e-06,0.926448152826523,0.073550207475243,1.47122237330763e-36,2
"19847",0.729080729836371,0.270919270159477,4.15200705632286e-12,2.13416622956942e-45,1
"19849",9.57319557369971e-13,0.999999999999039,3.34120406978375e-15,4.51042558949742e-48,2
"19851",0.000125323894069066,2.51211803950866e-05,0.999849554925536,4.46587175536104e-27,3
"19853",4.84754506199462e-09,0.999999988614322,6.53813330395022e-09,4.08280042787342e-50,2
"19855",0.0250690932685136,0.919686818396704,0.0552440883302608,4.52120848535116e-12,2
"19857",0.911410941746318,0.0885888492453287,2.88777677851137e-10,2.087195758952e-07,1
"19859",0.94622011507416,0.0537060727390391,7.30360573695501e-05,7.76129430915106e-07,1
"19861",1.77545399431315e-05,0.00057383035362902,0.999408415106428,2.49347689005359e-29,3
"19863",1.93133217187088e-20,0.999999955914406,1.73779279203568e-35,4.40855936097673e-08,2
"19865",1.0461227607791e-05,0.00889389211661765,5.44994096373789e-11,0.991095646601275,4
"19867",0.576230386681617,0.396646049097112,0.0271235642212716,1.04122405874788e-55,1
"19869",3.24914151312135e-10,0.0785768779985127,0.921423121676573,9.81715966294587e-19,3
"19871",0.977772719701897,0.0181111168430705,0.00114609026710545,0.00297007318792649,1
"19874",5.8755750816663e-05,0.00121420870540161,0.0197403092448822,0.978986726298899,4
"19876",7.08278581953427e-07,1.7724416399854e-05,0.99505811376117,0.00492345354384782,3
"19878",0.261008622568301,0.738991377431699,5.86540746083372e-63,2.89231444053985e-73,2
"19880",5.54841996962598e-11,0.000139831062554927,3.15691813255755e-07,0.999859853190148,4
"19882",7.29279043145128e-05,0.999927070963241,1.13244412723608e-09,7.23725247454261e-27,2
"19885",0.985095632377298,0.011881720065455,0.00302264739695771,1.60289510031294e-10,1
"19907",0.0367875978401516,0.963183913983987,2.84881758618199e-05,8.75453467130156e-50,2
"19909",0.972032448791842,0.0279675512081583,7.84761406308212e-45,4.73808350624494e-57,1
"19911",0.819975382899459,0.180024617100541,2.14562778182937e-56,1.52778068565307e-20,1
"19913",1.39941041919148e-16,5.92400529219771e-06,4.423236600325e-39,0.999994075994708,4
"19915",6.41812644865377e-05,7.58839523576896e-05,0.964868705165172,0.0349912296179837,3
"19917",0.00805360647980851,0.158467806460083,5.51341261582411e-12,0.833478587054595,4
"19919",0.0944390858208322,0.00516765529202255,0.637598559247068,0.262794699640077,3
"19921",0.00308261996558289,0.000213811101324879,0.996703568933092,1.8511666529236e-31,3
"19923",0.586269076873008,0.413730923126992,2.41133138082286e-20,2.68094268224412e-83,1
"19925",0.000355311694808247,0.00178846928101716,0.000245246123508817,0.997610972900666,4
"19927",0.0279175719400223,0.00219008899640059,0.969892339063577,2.03175040827202e-18,3
"19929",6.28537578563631e-21,0.0260201093155213,2.65668771983418e-29,0.973979890684479,4
"19931",0.0347354130357758,0.000900705086139905,0.96436388187808,4.7840301662433e-15,3
"19933",0.986295268179489,0.0137047318205113,3.01660964987087e-22,2.30067218688816e-34,1
"19935",0.932764720743714,0.0672352792562864,1.4873470323819e-18,1.5604670281459e-26,1
"19937",0.00143335876438497,0.000149879701217477,0.998416761534398,2.48547592440797e-39,3
"19939",0.932332455201323,0.0676675446631566,1.35520029094617e-10,9.61845331209535e-22,1
"19941",0.185523631726739,0.814476368273261,2.91805533813291e-65,4.64720888047448e-20,2
"19943",1.25549488082621e-10,1.03731737888294e-05,3.87220991233699e-16,0.999989626700661,4
"19945",0.977320861267342,0.0226791387326576,1.99000001305127e-27,9.04437641070237e-39,1
"19947",1.02066793285189e-05,0.999989793315174,2.72318696437612e-60,5.49704520254305e-12,2
"19949",0.943727178223812,0.0562728217761884,9.23523792626495e-26,5.62555806197785e-78,1
"19951",0.556342067636675,0.443657307655268,6.42019960716908e-14,6.24707992798643e-07,1
"19953",0.00083168741676938,0.999168312583231,1.78518733747529e-84,1.02539792555587e-159,2
"19955",0.420517499472784,0.579482500527216,3.20216466448944e-68,5.23856133775538e-73,2
"19957",0.0020508207523238,0.99794917921196,3.30432294265603e-28,3.57157418207568e-11,2
"19960",0.574337027713903,0.425662972286097,2.37336291329806e-79,5.03050658488298e-46,1
"19963",7.50571442341851e-22,1,4.62342701220062e-126,7.0897153597399e-56,2
"19965",0.693078101073101,0.306921898926899,4.30570828199257e-103,5.5397915491694e-120,1
"19968",1.11876919505187e-05,0.99998881230774,7.90042004963837e-36,3.09197455423419e-13,2
"19971",5.5505924176878e-16,1,1.3085122910336e-125,1.33837970807855e-22,2
"19973",0.111278264360467,0.00289976138278146,0.885741578276094,8.03959806576493e-05,3
"19975",0.0663480003393312,0.714227030205199,2.04445985881548e-05,0.219404524856882,2
"19977",1.02738895288619e-11,0.99999996857802,2.39872083885589e-50,3.14117058865976e-08,2
"19979",0.900630168568993,0.099369831431007,8.52508597581985e-132,1.89231361730793e-79,1
"19981",0.98733323879345,0.0126667600807524,1.12579657675645e-09,5.65752686504133e-16,1
"19983",0.982400034829621,0.0175999651566494,1.37296106591448e-11,1.31426028398165e-30,1
"19985",5.25794734792497e-05,0.000658560378569257,0.271618022401078,0.727670837746873,4
"19987",0.963901239134151,0.0360987608627734,2.5987316549985e-17,3.0751348325937e-12,1
"19989",0.944387062553291,0.0556129374467094,2.1169259136054e-98,5.66549367169483e-141,1
"19993",0.954899521750932,0.0451004782490676,3.59740588937525e-37,2.35809348481988e-33,1
"19995",0.954558129123883,0.0454418708761173,3.51136104679901e-37,4.38884891799098e-31,1
"19997",0.0545669339253745,0.00544181926542419,0.939971252920197,1.99938890041098e-05,3
"19999",9.41338537588276e-06,4.78520238992419e-05,0.960847841897524,0.0390948926932011,3
"20002",5.45745920594762e-19,1,4.56540318124521e-81,1.00954479109414e-30,2
"20004",0.913376034915317,0.0866239650846833,3.93667777167041e-44,2.29073987133684e-33,1
"20006",0.0381309680522342,0.961869031947766,1.11019348289012e-75,1.71153309401963e-45,2
"20008",0.0599501142049201,0.94004988579508,2.18227876444073e-77,3.23089238216833e-74,2
"20010",0.94878829393942,0.0512117060605805,5.87360077458707e-37,1.70916633197344e-62,1
"20012",0.000104281721296754,0.999895718220792,4.5104226355459e-19,5.7910666287783e-11,2
"20015",0.888568237863598,0.111431762136402,1.6920421753072e-113,6.99950531044406e-109,1
"20017",0.00210675231876491,0.00267597632566789,0.993495777916086,0.00172149343948143,3
"20019",0.78814407680089,0.21185592319911,4.61532003317685e-163,7.58949718011225e-134,1
"20022",0.976575066351116,0.0234249336488845,1.55940628749621e-42,5.35557318527327e-52,1
"20024",1.1327715499658e-06,0.99999886722845,2.56535421635315e-171,3.04711642577467e-189,2
"20026",1.1327715499658e-06,0.99999886722845,2.56535421635315e-171,3.04711642577467e-189,2
"20028",0.000483043068525184,0.00216950871361503,0.996070055696064,0.00127739252179539,3
"20030",0.487699348446522,0.512300651553478,8.92777035350632e-103,5.1270692297741e-54,2
"20033",0.912674612401484,0.0872828173529892,9.55698413350802e-09,4.25606885428985e-05,1
"20035",0.647179754196119,0.352820245803881,1.56373128255207e-163,2.27314241440913e-151,1
"20037",0.932170611522282,0.0678293884777182,1.39142893619461e-135,6.02573622590519e-162,1
"20039",3.28714559530214e-15,0.999999999999997,6.03550110706466e-170,4.22134842475692e-286,2
"20041",0.859399853043388,0.140600146956612,3.17912550988883e-43,1.71322189824883e-43,1
"20044",0.133328291411102,0.866671708588899,3.72287318044848e-56,2.24878337692266e-44,2
"20047",0.062470681736715,0.937529318263285,4.16973881559953e-183,1.3768182369337e-115,2
"20050",0.382507321387811,0.617492678612189,3.23989492995998e-53,3.73374296163862e-80,2
"20052",0.960563208596366,0.0394365722038369,2.91960348937352e-08,1.90003762323143e-07,1
"20054",0.933817317761543,0.0661826822384567,1.53793426535047e-72,7.08595522667455e-52,1
"20056",0.000249492485622478,0.999740584877212,2.61689891685004e-34,9.92263716513018e-06,2
"20058",0.942567306786762,0.0574326932132382,6.14247305382875e-102,2.40784968727672e-148,1
"20060",0.93782439992862,0.0621755991836291,8.8775097037354e-10,2.95140417680533e-28,1
"20062",0.978916496097116,0.0210835032206753,6.82209262271125e-10,1.87326010071425e-28,1
"20064",0.98359401219749,0.01640598780251,2.11903897041357e-31,1.11620339451847e-26,1
"20066",0.159790038127648,0.840209961872352,6.1507497685249e-141,6.60859130143496e-84,2
"20068",0.616862866075459,0.0862261701630202,0.29691096376152,9.5795966011879e-20,1
"20070",0.646667673729688,0.35331875925729,1.35670130214672e-05,5.99132468088469e-39,1
"20072",0.169653009841633,0.830346990158367,2.61697482894099e-92,4.18406270139081e-131,2
"20074",1.24188922486304e-19,0.00012566337295715,3.71430573425145e-31,0.999874336627043,4
"20076",0.00121001102496277,0.99878985322142,6.15785953899354e-27,1.35753617617064e-07,2
"20078",0.977686166343308,0.0223138336566924,5.83229474898164e-46,3.30953823816004e-37,1
"20080",0.972391984064227,0.0276080159357725,4.11928017574235e-120,7.64653060803875e-108,1
"20082",1.17377502235213e-07,0.999999882622498,2.93402895906717e-118,5.95577886435968e-169,2
"20084",0.633040664819483,0.366959335180517,5.17157575226462e-60,3.95533563728446e-20,1
"20087",0.975586514461761,0.0244134855382391,3.13712055090007e-42,2.67010352801009e-72,1
"20090",0.917525007428802,0.0824749925711983,2.87415434098797e-111,7.02076513067273e-114,1
"20092",4.8834576284814e-05,0.999951165423715,3.33181535501578e-62,9.05931675296423e-148,2
"20096",0.00976666794913072,0.990233332050869,2.03051665574588e-48,5.55180759318432e-46,2
"20098",0.867929699591183,0.130635790201939,0.000542365854642146,0.00089214435223554,1
"20101",0.90769645448193,0.0923035455180698,1.23954745946587e-95,1.58799970402051e-46,1
"20104",1.17947320147381e-14,0.999999999999988,3.86487370565399e-61,1.691938920709e-96,2
"20106",0.973365388505464,0.0266346114945362,2.00167036368962e-68,6.71343117644786e-47,1
"20108",0.913106597810393,0.0621812519812449,0.0247101179648107,2.03224355180513e-06,1
"20110",0.0298280532495549,0.970171946750445,8.98210997879389e-28,3.284740113841e-24,2
"20112",0.95967265188241,0.0403273481175899,1.46950475036073e-59,3.32843176884928e-76,1
"20114",0.858142743480226,0.141857256519773,2.82661283991216e-40,1.00125038788672e-15,1
"20116",0.85510682171203,0.14489317828797,1.41954747678157e-54,3.64678200501565e-17,1
"20118",0.985210533356112,0.014781587571481,4.99270337840684e-12,7.87906741396529e-06,1
"20120",0.874187314987738,0.125812685012262,2.92045299153425e-62,7.80792496331217e-47,1
"20122",4.71701965643429e-07,0.00227882025153465,2.26758660027969e-13,0.997720708046273,4
"20124",0.819237383807208,0.180762616192792,7.04509861679377e-113,2.32333338225325e-122,1
"20126",6.66812470762048e-14,0.999999999999933,2.14896221988041e-181,2.43768003485732e-164,2
"20128",2.14283247901118e-09,0.999999997857167,8.57295683201313e-242,1.70810168469144e-215,2
"20141",7.76783902657938e-08,0.99999992232161,5.68561285431861e-33,3.55571816087122e-48,2
"20143",6.07421822680649e-18,1.52117007015162e-05,3.72238926224241e-30,0.999984788299298,4
"20145",0.967075343731721,0.0329246562682795,1.96911174988649e-39,2.07412701869858e-55,1
"20147",0.986601905401603,0.0133980945983971,1.17294144591562e-49,6.52085661981685e-43,1
"20149",7.23588236906333e-08,0.0252327407801893,5.7197445912007e-15,0.974767186860981,4
"20151",0.441762387100649,0.0210403667846003,0.536115515405221,0.00108173070952968,3
"20153",0.0564131682027623,0.943586828869851,2.56580829295799e-09,3.61578675046692e-10,2
"20155",0.985153306046812,0.0148466939531885,1.58913529880385e-78,1.81515659165233e-67,1
"20157",0.263650780592865,0.736344521997182,1.73393862157448e-08,4.68007056749737e-06,2
"20160",1.29210662055814e-15,1.12660906242947e-05,4.42056578956213e-29,0.999988733909374,4
"20162",1.35879915198671e-09,0.000104565965096548,2.87626045905577e-05,0.999866670071514,4
"20164",0.0118574241131655,0.987969654745238,1.53784944349814e-18,0.000172921141596802,2
"20166",0.00199077162671434,0.998009228373286,1.99440309185055e-117,1.49677923522647e-55,2
"20168",2.79794331159208e-15,0.999999999999997,6.82661879254799e-103,4.06292301918939e-42,2
"20170",0.015562510016633,0.00669064840357017,0.348491477825714,0.629255363754083,4
"20172",0.977966035203651,0.0220339647963493,7.80604734003395e-43,6.32013538624909e-86,1
"20174",1.10868747021936e-06,0.0115373848686498,0.984615555387027,0.00384595105685305,3
"20176",3.32489670157428e-10,0.99999999966751,6.93485846581404e-69,2.06372462178567e-62,2
"20178",2.65883484068106e-17,3.37093550312667e-06,5.12125342078862e-36,0.999996629064497,4
"20181",0.46683525592905,0.53316474407095,8.00850974402972e-98,2.00988551826461e-33,2
"20183",0.902085761008023,0.0849667709508791,0.012947468041098,3.01912317045391e-44,1
"20186",0.381308931161495,0.618691059720724,9.11778036298415e-09,1.85756708622538e-102,2
"20188",1.82198472642405e-11,0.000358880911499439,1.49745757871708e-17,0.999641119070281,4
"20190",0.980630928399658,0.0193690716003415,1.04415759741487e-102,3.5315963073126e-93,1
"20193",3.87618574683331e-13,0.999999999999612,3.94417271315017e-89,2.11880765656634e-22,2
"20195",0.632421878978692,0.367577486225924,8.932514540676e-16,6.34795382654136e-07,1
"20197",0.976100988558145,0.023899011441855,5.05355227263367e-54,1.0161101131191e-79,1
"20199",0.000140548342042026,0.0132032525508153,0.0185179617582736,0.968138237348869,4
"20205",2.62740902303778e-09,0.999999997372591,6.44315379898504e-103,6.29841744248329e-189,2
"20208",0.943786903227454,0.0562130967724448,1.00390484772341e-13,9.87760004721717e-16,1
"20210",1.51438351261788e-07,0.000173814456109742,0.000404917221505224,0.999421116884034,4
"20212",0.14717791970819,0.850500241316878,3.9264569472794e-10,0.00232183858228673,2
"20216",0.98228536696248,0.0177146330375202,1.19570562792806e-65,2.93129626882293e-46,1
"20219",0.421323590556893,0.578676409443107,1.51583419067062e-60,1.00658109116616e-63,2
"20223",0.000171248418921013,0.999828751581079,1.33119566137404e-151,6.16890906484172e-196,2
"20226",0.945461273245232,0.0545387267547677,6.29575451771064e-23,5.35065646977551e-33,1
"20230",0.966518365516541,0.0334816344834584,1.97447164281887e-117,2.76908907832247e-123,1
"20233",1.54285953599864e-18,1,5.71772204678056e-84,1.06440862102293e-144,2
"20235",0.00459857082004863,0.995401429179951,7.36312113809203e-121,4.27984308468534e-167,2
"20239",0.636514688590073,0.363485311409927,7.8213627474138e-55,3.22259280801281e-71,1
"20254",5.14459162020126e-07,0.999999485540838,2.13981774705375e-130,1.92150025259398e-183,2
"20256",0.976195639122296,0.0238043608777045,6.64798490032157e-84,1.04157745314285e-100,1
"20262",0.0010861000165247,0.000349485961895102,0.134819884098202,0.863744529923378,4
"20270",0.0890168741201213,0.910983125879879,4.36284916157097e-76,3.92016063509068e-60,2
"20284",0.0494933737024219,0.950506626297578,1.18674804798157e-21,5.89967321890263e-92,2
"20287",0.594201135522636,0.405798864477364,5.31224690066369e-161,3.61351816259234e-158,1
"20290",2.32970775020927e-05,0.999976702922498,1.81243603134488e-57,1.20418536502165e-104,2
"20293",0.976951237763296,0.0230487622367043,6.11756378849216e-30,4.46099023876689e-46,1
"20296",0.239741582294116,0.760257736356568,4.70652269757391e-15,6.81349310575944e-07,2
"20301",0.00129276613058717,0.998707233869413,3.43943624130512e-195,1.07271187233529e-99,2
"20304",1.77425308319896e-07,0.999999822574692,3.31115122324275e-108,4.86896137521082e-156,2
"20306",0.910134299104682,0.0898657008953181,2.11514734948436e-105,7.64986373866419e-155,1
"20309",0.969792852240794,0.0302071477592064,5.17529517157055e-41,6.66019214498112e-58,1
"20311",0.921678473477056,0.0783215265229438,1.68730574395913e-69,5.12828363961616e-41,1
"20314",0.703770983556878,0.0176397214117976,0.278584452753815,4.84227750915839e-06,1
"20318",1.77620443726582e-09,0.999991986221254,1.08717646323953e-48,8.01200254199456e-06,2
"20320",0.107947680707258,0.892052319292742,3.50076870098603e-24,5.59868581286158e-40,2
"20326",0.958045702590301,0.0419540809741488,2.10879853397225e-07,5.55569677695785e-09,1
"20328",0.624563449394291,0.375375909481645,6.06411240642093e-05,7.07955328008166e-55,1
"20330",0.813779510705844,0.186220489294156,1.3970677385641e-76,7.69979950497243e-79,1
"20336",0.00628659157260362,0.993713408427396,2.24453528337775e-33,2.39643339278211e-116,2
"20338",0.000557884530718904,0.999442115469281,3.27876096920239e-91,9.92678358322602e-72,2
"20340",0.546444004723658,0.453555995276342,1.41655121418628e-135,6.42207762074512e-118,1
"20342",5.96557819961814e-19,1,1.82751929750773e-145,1.07483299139194e-121,2
"20344",0.967254920711559,0.0327450792884412,1.41969340553481e-65,2.71537749276445e-102,1
"20349",0.975963007154917,0.0240369928450826,1.16765079665927e-90,2.10791760824528e-124,1
"20351",0.957900051976458,0.0420999480235426,4.08843831282979e-43,3.54273802613848e-37,1
"20353",0.846794562073435,0.153205437926565,3.46692971543321e-87,1.3164893132631e-119,1
"20357",5.11479158232161e-07,0.999999488520842,2.56732846293544e-101,3.93446543605076e-220,2
"20360",1.51092379246774e-11,0.999999999984891,3.48822628883054e-129,2.32257007860565e-143,2
"20364",0.973413090647514,0.0265869093524861,1.5681140377405e-41,5.82580687634529e-66,1
"20366",1.87536029330267e-06,0.999998124639707,5.46555718165453e-51,3.01316473348024e-110,2
"20381",2.07283234220021e-13,0.999999999999793,6.58465450224711e-36,2.91559953992209e-17,2
"20391",0.000978919755977564,0.999021080244022,2.85837888964759e-43,2.86077318334921e-145,2
"20394",0.903410794678562,0.0963537339616338,0.000235471317345138,4.24589589470592e-11,1
"20396",3.73827646188216e-09,0.00154720042014572,0.998450460750385,2.33509119292228e-06,3
"20409",0.857644382765682,0.142355617234318,4.22177808763146e-36,2.15314533664863e-20,1
"20411",0.772135737863191,0.227864262136809,1.64940384676447e-77,9.6203870828804e-142,1
"20416",2.02104469959005e-08,0.999999979789553,5.31639744678614e-201,5.50500519691535e-262,2
"20418",7.74429638122727e-11,0.00079208487394223,0.999002847918285,0.000205067130330354,3
"20420",4.14781346154589e-13,0.999999999999585,5.26379688007242e-55,5.71903685516007e-112,2
"20422",0.905609783942558,0.0943902160574419,1.82189235575694e-107,3.65849007163583e-76,1
"20424",0.943671462780043,0.0563285372199574,3.06837860716557e-74,1.75199009946243e-117,1
"20426",7.30276811604005e-21,1,7.33889306129681e-120,1.59472434780217e-124,2
"20428",0.961489838493047,0.0385101615069533,2.05512560272587e-39,8.36886405910127e-48,1
"20431",0.682729007826721,0.317270992173279,8.73958001689873e-29,5.29579496807888e-28,1
"20433",0.0141642180742214,0.985835781925779,1.16742066412531e-141,5.8459947819403e-131,2
"20436",8.28157101499684e-09,0.999999991718429,1.21813511290674e-92,3.70701366411534e-64,2
"20439",3.33877545017119e-07,0.00577958684719911,0.975620711000584,0.0185993682746714,3
"20441",5.9766883005767e-06,0.999994023311699,1.2631154128538e-86,1.01680610891107e-124,2
"20444",6.08124793182963e-15,4.02644350909534e-06,1.07242745430721e-18,0.999995973556485,4
"20448",0.00338486179807406,0.996615138201926,3.05248169499704e-34,9.58925810226799e-33,2
"20536",0.0254271021067469,0.892975280560169,0.0815976173330838,2.76227428239181e-32,2
"20538",0.00176986443075169,0.998230135569248,4.31340046259584e-54,6.84637896378549e-129,2
"20541",0.79157980686672,0.20842019313328,2.78307920583125e-114,3.87634394917953e-135,1
"20544",0.987574507778103,0.012425492221895,6.12545187955832e-18,1.74809913717985e-15,1
"20546",0.963105036001387,0.0368949639986135,5.37474829114205e-57,1.74347244125119e-118,1
"20550",0.795866990048188,0.204133009951812,2.46256763160627e-49,7.16018217920007e-43,1
"20553",9.32561020077385e-18,1,8.06938647896514e-276,4.73231417999411e-188,2
"20555",4.21804285949289e-14,0.999999999999958,9.87052692071608e-65,9.05258090499019e-182,2
"20557",0.817174927051227,0.182825072948773,2.23666855152425e-40,1.57613693133734e-46,1
"20559",0.98296879930916,0.0170312006908404,6.13074311550384e-63,6.04802338058775e-57,1
"20561",0.0138221239788858,0.00265221158727476,0.00148361484619647,0.982042049587643,4
"20564",2.65883484068106e-17,3.37093550312667e-06,5.12125342078862e-36,0.999996629064497,4
"20566",0.914666464377735,0.085333535622265,4.02628965731135e-42,7.43434986356344e-49,1
"20569",0.00246931621346712,0.013574576336917,0.967031525285204,0.0169245821644116,3
"20572",2.73512874377329e-06,0.00350390406016156,0.000172368706299265,0.996320992104795,4
"20574",0.972056579004086,0.0279434209959144,1.18613193234609e-79,2.59503957340166e-68,1
"20576",9.09937139306644e-11,8.71967638359577e-05,2.29847694660579e-24,0.99991280314517,4
"20578",0.990159647291099,0.00984035270890054,2.99629446000782e-26,1.02705951185437e-15,1
"20580",0.983359422353134,0.0166405776468661,1.55619367562165e-26,1.33184044525382e-41,1
"20583",1.06568962803001e-12,1.80484035562123e-05,6.94234512250275e-29,0.999981951595378,4
"20586",0.975370920741022,0.0246290792589784,1.82589610430115e-33,4.94504841142719e-73,1
"20589",0.979574745513347,0.0204252544866534,5.62685478924325e-91,9.07136311050447e-124,1
"20591",0.0090865900944166,0.990913409905584,1.43156229103706e-27,1.89134189801046e-87,2
"20593",0.6834895602683,0.3165104397317,2.38425968254621e-173,7.27980180194579e-119,1
"20595",0.98412135639373,0.0158786436062698,8.70448925810871e-56,6.35955698614147e-47,1
"20597",2.65132273916727e-11,0.999988081986771,1.19179867157878e-05,9.25651654323614e-34,2
"20599",1.06886922892857e-14,7.32326418102175e-05,3.47950576853896e-31,0.999926767358179,4
"20601",0.846855772128535,0.0170649693460785,0.13607925852538,6.02423816063603e-15,1
"20604",0.972848787794949,0.0271512122050511,8.54235351734564e-117,4.36549123600309e-86,1
"20606",0.977710826325432,0.0222891736745676,4.59718137440691e-105,1.08238945850824e-98,1
"20608",0.962871828595675,0.0371281714043246,2.65994125673188e-77,1.14857001846883e-84,1
"20610",2.93388497954253e-05,0.444967042399476,1.39503590671682e-24,0.555003618750728,4
"20612",1.63707638692037e-18,1,9.76684836106826e-142,2.86299119295811e-122,2
"20614",1.99729673067652e-07,0.000221493243474827,3.45600668696495e-07,0.999777961426183,4
"20616",0.768989856071549,0.231010143928451,3.37183428848997e-25,3.22190366693185e-40,1
"20618",5.06843421105277e-07,0.999999493156579,2.71318897797162e-74,9.29339301407763e-95,2
"20620",0.50741257809392,0.49258742190608,1.26055881484615e-83,5.73994638683689e-61,1
"20622",3.53733578055145e-08,0.000293943936402098,3.23355996257045e-19,0.99970602069024,4
"20624",0.598361860372048,0.401638139627952,7.99883459922377e-88,1.78390921902382e-130,1
"20626",0.028397955866431,0.971602044133569,1.49528503746833e-67,5.69754388393844e-53,2
"20628",0.0181061690380635,0.981893830961936,8.50659748901288e-57,3.96241762651773e-59,2
"20630",0.921565825521738,0.0784341744782623,8.72143631254725e-62,7.52281975447898e-48,1
"20632",8.19361503346585e-11,0.00038498811438783,0.00339501406927669,0.996219997734399,4
"20634",0.982058475466962,0.0179415245330377,4.43087946343524e-99,3.95965927657792e-104,1
"20637",4.20198925444504e-05,0.999957980107456,6.78740254376364e-103,2.33542248178989e-100,2
"20639",4.41863836984042e-07,4.07264563292608e-06,0.880713434070734,0.119282051419796,3
"20644",2.16623628614599e-17,1,8.97513507599987e-281,4.74478022041269e-215,2
"20646",2.47100567293016e-07,0.999999752899433,1.83301718382378e-149,7.6003053268361e-107,2
"20648",0.000238874135761723,2.07362923614042e-05,0.999740368802263,2.07696135266763e-08,3
"20650",0.0140025120255437,0.985997487974456,4.39475288567088e-113,3.113889456796e-169,2
"20653",0.105126844872406,0.894873155127594,7.3833429569288e-24,1.35253920694895e-35,2
"20658",0.748201723231097,0.251798276768903,1.26309526158434e-95,5.96465534818039e-118,1
"20661",1.0169122449139e-08,0.999999989830877,2.5095905583289e-86,1.4806051199538e-152,2
"20663",0.980427545220195,0.0195724547795891,2.16026476391907e-13,8.46461818910993e-48,1
"20665",2.24888403092262e-13,0.000947317218584808,5.35635132057977e-36,0.99905268278119,4
"20667",0.276115981755078,0.723884018244922,1.22464756628363e-33,7.61682454689674e-50,2
"20669",3.70548641478934e-09,0.99838313891266,0.0016168573818532,1.78486375314912e-26,2
"20671",0.154856153058606,0.845143846941394,8.17917556115728e-62,2.19110573443744e-62,2
"20673",8.08119834335699e-12,0.999938351868791,6.16481231275314e-05,3.97521360812929e-23,2
"20675",0.214040705992476,0.785959291873811,2.13371258424112e-09,2.25474092109256e-59,2
"20677",0.970945691754443,0.0290543082455571,6.41894173635352e-23,5.11342223067482e-59,1
"20679",7.25635279939775e-09,0.901314120592442,0.0986858721511582,4.70983992419529e-14,2
"20681",4.69377446991965e-05,0.000612969211245806,0.999340093044055,1.85168950152788e-41,3
"20683",0.930432609390663,0.0695673906093373,7.59528179505398e-29,5.43622898748247e-69,1
"20685",4.32444287164038e-13,0.999999999999567,1.4629713280133e-60,8.41730867577225e-114,2
"20687",5.11994215448974e-06,9.12589895173299e-05,0.15173678936463,0.848166831703698,4
"20689",4.55859623333025e-17,1,8.69264310778219e-230,1.78617327844945e-247,2
"20691",3.18884071075464e-13,3.96897599759686e-06,2.83987218607971e-18,0.999996031023684,4
"20693",0.887254257119041,0.112745742880959,4.75241133892405e-110,1.57091537155131e-142,1
"20695",0.793086636448924,0.0890908280548473,0.117822535495853,3.76373306800934e-13,1
"20697",0.968331060131426,0.0316689398685741,4.91216404402632e-85,2.99098414753576e-51,1
"20699",0.96147948427019,0.0385205157298099,2.98216875028472e-17,2.66391665756035e-37,1
"20701",0.959298770229694,0.0407012297703059,8.07483671606151e-41,2.88635677576498e-91,1
"20703",1.69097241532813e-17,1,2.64009084829354e-40,6.70651810708709e-92,2
"20705",0.955573973188405,0.0444260268115948,1.06992013180993e-65,2.68931789353036e-107,1
"20707",0.0305856252910065,0.00167470015036366,0.96773967455863,5.87072964164347e-39,3
"20709",0.068923705894856,0.931076294105135,2.18037580135389e-36,8.93848698746782e-15,2
"20713",6.70338552781668e-05,0.999932966144722,8.12456969263739e-22,1.04579799087142e-35,2
"20715",4.51042549246541e-11,0.999999999954896,2.33337954210594e-196,5.70008470000249e-63,2
"20717",6.11652435354789e-05,1.56997936496621e-05,0.999923134962815,1.51756298667663e-25,3
"20720",0.968260098202275,0.0317399017977248,4.06164820683396e-68,7.02519520444776e-60,1
"20722",0.952943635114047,0.0470563648859526,1.13495119236841e-37,1.05509605958539e-62,1
"20724",0.000765730062607565,0.000161876179192128,0.973157637098484,0.0259147566597163,3
"20726",0.930017670252524,0.0699823297474762,3.24406688120089e-104,7.5657855057329e-126,1
"20728",2.22780381149502e-05,9.76564518469939e-05,0.999880065510038,4.12991493596745e-29,3
"20730",0.185304372810235,0.0137469729846405,0.0913444397688758,0.709604214436248,4
"20732",0.00185888972954672,0.998141110270453,2.67021661488492e-75,5.85227594787853e-98,2
"20734",0.97420979861855,0.0257902013814471,3.32540608174049e-15,2.59510251458725e-44,1
"20736",6.50660346430521e-05,0.00025276363657491,0.192780340602867,0.806901829725915,4
"20738",1.83401414413964e-11,0.99999999998166,4.13030118380279e-145,9.08166269042691e-80,2
"20740",0.00499002482573824,0.995009975174262,1.23529929069051e-50,5.6389344044609e-188,2
"20742",0.0741527034766547,0.925845888217761,1.40830558449182e-06,9.84519912170673e-47,2
"20744",1.17073900160289e-08,0.00171069624419101,0.0203208155705966,0.977968476477822,4
"20746",0.986441775059285,0.0135565249045577,1.70003615713945e-06,6.86303688800558e-33,1
"20748",0.000423877153888159,0.00042328881933994,0.999033972168769,0.00011886185800292,3
"20750",0.0289705861421221,0.00507409172156099,0.00229466850784179,0.963660653628475,4
"20752",0.980181412295394,0.0198185877046064,7.58798495813334e-30,1.81553573632962e-64,1
"20754",8.91554574615631e-11,0.999999991026238,8.88460621397494e-09,5.36541249651702e-25,2
"20756",0.968763538460137,0.0271443317358181,3.83316060242952e-13,0.00409212980366202,1
"20758",8.10162781499557e-07,0.999999189837218,4.20405049006117e-51,2.67393652297668e-23,2
"20760",7.84623891441209e-05,0.000264782097406411,0.972438972817189,0.0272177826962606,3
"20762",4.14182726621636e-10,0.999997543701253,2.45588456399916e-06,3.14029035846928e-44,2
"20764",0.000435235869523682,0.966932223211595,0.0322176044801841,0.000414936438697082,2
"20766",9.59107998063743e-05,5.6910862571527e-05,0.999666454523237,0.00018072381438525,3
"20768",0.00267912325398524,0.000446598078227438,0.000223694024065111,0.996650584643722,4
"20770",0.0188532113008236,0.981146788699176,1.34535034771242e-16,1.02932520792323e-49,2
"20772",0.966620252162646,0.0333797478373544,1.07578600640776e-108,3.98907096057366e-89,1
"20774",2.85672512053595e-05,0.999971432748795,3.31326991710315e-212,1.9311487126326e-200,2
"20776",0.00641883740735151,0.000854654421697329,0.992726508170951,2.67624386105295e-47,3
"20778",6.094052528939e-09,0.999999993905947,1.24705600986017e-234,2.52511242028765e-165,2
"20780",3.54964760646053e-16,1,4.89838279029173e-36,1.74588153546922e-32,2
"20782",5.60762403855981e-13,0.999999999994342,5.09703953956119e-12,2.68900764846728e-21,2
"20784",1.67916973861552e-08,0.999998428266493,1.55494180925323e-06,1.36323889863797e-43,2
"20786",3.61834566224993e-15,0.0319769732532196,6.92939343434107e-26,0.968023026746777,4
"20788",0.298949058649014,0.0130586902997159,0.68799225105127,5.96473217582704e-36,3
"20790",0.00291916383990736,0.698723598724718,0.29803693100324,0.000320306432135376,2
"20792",0.564089189230725,0.435910810769275,7.1536270417508e-29,3.88152863600785e-19,1
"20794",1.9550843097452e-05,0.0536392207631414,0.869953441210235,0.0763877871835262,3
"20796",0.978128866846603,0.0218711331533966,2.8121252750494e-81,5.6983156654854e-119,1
"20798",2.65883484068106e-17,3.37093550312667e-06,5.12125342078862e-36,0.999996629064497,4
"20801",1.42314331441104e-06,0.996104213981847,2.56741379857557e-28,0.00389436287483852,2
"20803",0.907497458815996,0.0925025202514925,2.09325118017924e-08,1.36535736303018e-50,1
"20805",0.984426405860494,0.0155735941395028,3.34722145119921e-15,4.07430461908852e-38,1
"20807",2.65883484068106e-17,3.37093550312667e-06,5.12125342078862e-36,0.999996629064497,4
"20809",0.0264229978384268,0.973577002161572,5.75452004244464e-16,3.0949474211634e-51,2
"20811",6.32464636411375e-05,0.999936753536359,7.36819713490541e-61,1.26757116100553e-33,2
"20813",0.52438453375835,0.47561546624165,2.02711842357364e-33,2.25574871992056e-19,1
"20815",7.87350614136611e-21,0.00853101085603983,5.52459701171174e-25,0.99146898914396,4
"20817",0.000388879673104875,3.77061285043473e-05,0.999573356982089,5.72163017616448e-08,3
"20819",0.957979096767662,0.042020903209847,2.24910697423652e-11,7.82933466397071e-79,1
"20821",9.05060444867691e-13,0.999999999999095,4.12630737150313e-143,4.23644177539719e-74,2
"20823",0.988286831287216,0.0117131687127376,2.91528703997656e-14,1.76195970548217e-14,1
"20825",7.35322191226991e-05,5.87924663769327e-05,0.999547008493242,0.000320666821258522,3
"20827",0.0238263030423666,0.976145801800028,3.52261418515567e-13,2.78951572536085e-05,2
"20829",0.262266518294945,0.737733481705055,2.77854790789129e-113,3.59224707433143e-94,2
"20831",5.42292502758708e-05,4.25016782355028e-05,0.999903262629077,6.44241148789998e-09,3
"20833",6.67097595032723e-17,0.999999999999998,2.3831981475495e-15,9.55680265728803e-23,2
"20835",0.00362127649652064,0.00170722074168002,0.994671460989165,4.17726344986641e-08,3
"20837",0.00326938744624064,0.000363837218898843,0.996366775334861,4.36628741380008e-17,3
"20839",0.00206001111173592,0.000570119028496547,0.99736986336129,6.49847703194516e-09,3
"20841",0.20921938965684,0.79078061034316,1.12671852182917e-46,5.67260881683345e-80,2
"20843",0.867040397194035,0.0568845870780637,0.076075015727901,2.32934911357955e-40,1
"20845",0.375441936683911,0.553535403905749,5.82120723909665e-11,0.0710226593521278,2
"20847",0.981387304524055,0.0186126954759452,9.38442832459261e-26,7.9989187983931e-34,1
"20849",0.972853694534861,0.0271463054651392,1.58971506520336e-27,1.00651590316386e-23,1
"20851",0.973511119799707,0.0264888802002933,7.33631550202359e-32,3.32292977865259e-77,1
"20853",0.720643434706023,0.279356565293977,3.94533561611918e-67,1.53437273410612e-115,1
"20855",0.788554715496329,0.211445284503671,2.58911755897575e-90,2.85550794944153e-48,1
"20857",0.958145674375407,0.0418543256245921,7.53305221870936e-16,4.93213844528484e-43,1
"20859",0.985442227666998,0.0145577723330017,7.42568368376651e-47,2.64527229514548e-49,1
"20861",6.57751932902779e-10,0.999999999342248,2.73691184423977e-55,9.52680961739e-90,2
"20863",0.000225416094273989,0.0014409606108817,0.997826382087985,0.000507241206859216,3
"20865",0.124672361956441,0.870182935595723,0.00514470244783595,1.24442233413374e-29,2
"20867",0.00309379579909576,0.996906204200904,4.55551716938129e-202,7.97691486937379e-164,2
"20869",0.00566616111269281,0.00411345736617409,0.00203979378810373,0.988180587733029,4
"20871",0.00246500056900598,0.997534999430994,3.16926768566018e-157,1.64509198725993e-73,2
"20873",0.44404915888947,0.55595084111053,5.90901931145198e-126,2.8477382125705e-54,2
"20875",0.98002566452605,0.0199743354739503,1.6646261982189e-49,2.95750001363311e-53,1
"20878",2.52759672561995e-19,0.999999999989343,1.48211944854228e-36,1.06574168295269e-11,2
"20880",9.94743918060795e-17,1,4.03572883807518e-19,4.36341248374677e-21,2
"20882",0.880280329352662,0.119719670647338,6.73612138135099e-106,6.27455554146769e-114,1
"20884",0.00011969646879566,1.58819707132031e-05,0.99986442156049,1.28299852724468e-15,3
"20886",0.0436013969885243,0.00587056011783189,0.00420156485758696,0.946326478036057,4
"20888",8.51816427956133e-11,0.0921810443935305,0.0240275305978716,0.883791424923416,4
"20890",0.01414028709714,0.000659117869950183,0.554423287541335,0.430777307491575,3
"20892",0.959996121517166,0.0400038784828335,1.04155795731129e-19,4.83678894135204e-59,1
"20897",0.923681009716871,0.0763189902831285,5.09158310361937e-16,3.61684800545417e-22,1
"20899",0.976350585667249,0.0236494143326708,3.03844951524468e-16,8.03444095731634e-14,1
"20901",7.0682652721093e-17,1,1.10317450444724e-173,2.50425647986038e-180,2
"20903",2.11266059778955e-09,0.999999997887339,5.56407073420506e-206,4.51241522906549e-91,2
"20905",1.12469732537059e-09,0.999999998875303,3.66562033674609e-134,3.57272852650834e-81,2
"20907",0.717775630444305,0.282224369555695,1.21122548471141e-84,1.75617338579192e-97,1
"20909",0.524435771761628,0.475564228238372,4.77677863966569e-28,1.71450028162048e-17,1
"20911",6.24815757800217e-20,1,7.44844140091564e-223,1.30436626823394e-239,2
"20913",0.896116573855941,0.103883426141783,2.27625883206624e-12,3.26095380880345e-19,1
"20962",0.986907693273238,0.0130923067267622,2.57892360858584e-28,7.82569601883407e-42,1
"20969",0.753983882230749,0.246016117769251,1.19084761322086e-66,5.89881653605467e-35,1
"20980",0.973499613371402,0.0265003866285981,9.44222639283471e-36,1.75735694147134e-29,1
"20982",0.987543215486693,0.0124567845133069,1.91093622560228e-44,2.29404214587464e-67,1
"20984",0.280511533109831,0.719488466890169,4.55320274459877e-20,1.13340516468769e-22,2
"20994",0.916634094769255,0.0833659052307448,5.40755247917626e-63,4.82596591906947e-60,1
"21015",2.13161629827006e-05,0.999978250457242,4.27193568067653e-07,6.18620729557569e-09,2
"21023",0.853366544894203,0.146633455105797,4.91479039651337e-92,8.88344261143989e-118,1
"21040",0.0471783402600214,0.952821659739979,1.04288433690437e-57,4.0178511888069e-116,2
"21073",0.591278132199038,0.408721867800962,6.07009272746772e-34,6.53699169992487e-46,1
"21222",0.0988052871635992,0.00879604337270161,0.873665881543635,0.0187327879200644,3
"21224",0.965020428729667,0.0349795712703318,1.24255505363806e-15,7.6164132147214e-26,1
"21228",2.29816513329842e-07,0.999999770183487,3.91632814571061e-62,1.03339674029643e-34,2
"21232",0.961260200545959,0.0387397994540414,6.70365904075605e-77,2.54097341877579e-110,1
"21237",0.000413058220274977,0.999586941779725,1.71520290355345e-105,4.3210640494092e-84,2
"21240",7.66966902298395e-05,2.79321793315088e-05,0.999894753627864,6.17502574388505e-07,3
"21245",0.000111723663466129,6.70281084253615e-05,0.988894980828288,0.0109262673998204,3
"21252",0.913923027708078,0.0860769722919222,4.20112760189619e-56,2.5022259877571e-126,1
"21254",0.679583273030776,0.320416726969224,3.28061618208158e-53,1.21685678966596e-81,1
"21258",0.213392504267048,0.786607495732952,8.53360663457611e-43,3.35036511510235e-37,2
"21264",0.964165658088582,0.0357717319152975,6.19427659677158e-05,6.67230152806241e-07,1
"21305",0.00125928466892214,0.998740715331078,1.20260700805e-44,3.52864590655671e-48,2
"21333",0.966936370996403,0.0330636290035968,1.99112110368392e-37,2.8453595478269e-98,1
"21366",0.933738267543089,0.0662617309584851,1.4984255858907e-09,1.28413478588629e-49,1
"21377",4.36656625846275e-07,0.00588083812781118,2.13624365569353e-18,0.994118725215563,4
"21380",1.43393966714015e-13,0.999999999999857,2.57557326672585e-120,1.17910824548234e-81,2
"21387",1.6723958327583e-21,1,6.68519858377143e-196,1.76699888035021e-301,2
"21390",0.883320952362631,0.116679047637369,2.60951257934796e-70,8.90999836759212e-104,1
"21392",0.954233351895635,0.0457666481043648,7.24236619848271e-20,3.96650243486906e-39,1
"21403",0.877528399297165,0.122471600702835,4.66298612485595e-49,7.69060505021914e-24,1
"21408",0.939338750454659,0.0606612495453408,2.41479372906654e-95,2.58670573233706e-83,1
"21412",1.11082540855184e-06,0.999998889174591,4.72121162285501e-94,2.19046708862402e-102,2
"21421",0.960857038106074,0.039142961663512,2.30413540346452e-10,6.81005600621631e-23,1
"21424",0.000361770672490659,0.999638229327509,3.92920305492509e-112,5.4833272051325e-179,2
"21429",0.965781925409431,0.0342180745905689,1.90970145443796e-56,3.171982834259e-65,1
"21431",0.950092148517457,0.0499078514825075,3.4979137289029e-14,2.43750082748311e-26,1
"21436",2.57257198954365e-07,0.999999742742801,2.20530254285078e-20,3.93895848155224e-47,2
"21439",0.988002738861651,0.0119972611383494,7.98950978337161e-36,2.25644145698727e-24,1
"21442",0.914815649712187,0.0851843502712444,3.23906473581414e-22,1.65689375052017e-11,1
"21444",0.000596956961557181,0.00686782365297872,0.992535219385464,2.72949956579961e-19,3
"21446",1.04039520374986e-20,1,3.43542518400221e-39,5.84380178418161e-18,2
"21448",8.45859164090949e-22,1,6.06845169905683e-86,4.40927691000652e-151,2
"21450",0.442410458672111,0.557589541327889,5.58379411533119e-54,1.90793238368725e-45,2
"21452",0.850868464079913,0.149131535920087,7.42862896747065e-61,5.61127797970631e-74,1
"21466",0.720766335859207,0.279233664140793,2.02933612939214e-108,1.3850738042792e-159,1
