"","V1","V2","V3","V4","V5","V6","best$classification"
"19812",0.969143628957438,0.0074438888041743,0.0195126093254074,0.00158458011107912,3.60485398549629e-16,0.00231529280190079,1
"19814",0.111480759293888,0.873945184590607,6.88498235222487e-05,7.14215700442015e-06,0.0114649694353628,0.00303309469961598,2
"19816",0.128002007125389,2.96090739092709e-13,0.000106231407912716,0.860365489591429,2.26038126165562e-15,0.0115262718749705,4
"19818",0.968456327921521,0.00565512489135678,0.000303444344649811,0.00695261984576785,0.0010689656913313,0.0175635173053734,1
"19820",2.99843634587913e-06,4.16138944818183e-69,8.41077602568539e-07,0.995430950263512,1.50569456324096e-45,0.00456521022253992,4
"19822",5.88256231399665e-07,1.9287371440604e-83,0.782920810164307,5.67946353698969e-05,9.48146279354037e-44,0.217021806944091,3
"19824",4.47877025236478e-05,1.06769031465473e-32,0.00109643917454801,0.0930199683343064,3.19849644382513e-12,0.905838804785423,6
"19826",0.884164814466692,0.0882370274516045,0.0261824471641811,3.80153700766889e-06,9.70431241680846e-10,0.00141190841008369,1
"19828",0.00466282665828361,9.36169383221884e-32,4.5296459823719e-06,0.983607303610866,4.50490565354578e-23,0.0117253400848681,4
"19830",0.806783236651354,0.0138504640281934,0.179364712082191,1.22952988229498e-13,2.85124480219639e-11,1.58720962617208e-06,1
"19832",0.00377455336400532,9.86523711703362e-16,0.00755378296810655,0.000623523051331682,1.09523460367765e-37,0.988048140616556,6
"19834",0.657837981121754,1.05015926530806e-19,0.00337358000908138,0.207229085304763,3.42586488610099e-18,0.131559353564402,1
"19836",0.987714998805606,3.35028924142752e-09,0.0113619050851809,0.000318197325445073,1.01538622759527e-23,0.000604895433479211,1
"19838",0.0148452726337136,0.984715497197446,0.00042144460682429,4.25784429991063e-13,1.01616912790318e-07,1.76839446770912e-05,2
"19840",0.777787845772027,6.22577201295669e-12,0.000399396689939202,0.0863091446422669,2.17337728520224e-20,0.135503612889541,1
"19842",0.00102597984463338,0.58354086748744,0.415433151879204,3.56086067159016e-29,7.47173406604156e-12,7.81250745125435e-10,2
"19844",5.0658176261884e-15,5.23802545130401e-29,0.0318586286542499,4.80208655405498e-23,0.968112292645593,2.90787001519865e-05,5
"19846",0.000664395100017927,0.835128247706948,0.00192692834086261,1.93828233652597e-20,0.162280409295746,1.95564256734317e-08,2
"19848",0.00146414077611691,0.0105923960899499,0.00114610107608952,1.98153205172301e-17,0.986797029121259,3.32936584840383e-07,5
"19850",0.00875670248843596,0.97222111996614,0.00270457098121421,1.14545882019755e-11,0.0111162590348516,0.00520134751790315,2
"19852",0.328337208389766,2.24052875432038e-06,0.000277751634637576,0.660647845418263,1.97428431706559e-07,0.0107347566001474,4
"19854",0.00395474063016508,0.00616720257008489,0.00172431419648088,2.23228098025931e-16,0.988151022255445,2.72034782430072e-06,5
"19856",0.000228952579144609,3.37888550161049e-14,0.940103076307307,2.52382467240664e-17,0.0570940417664458,0.00257392934706876,3
"19858",1.77358065090087e-06,1.03892863741894e-27,0.850138113589519,6.7746638419335e-08,0.000388418650002869,0.149471626433189,3
"19860",0.443019657951863,0.000256994228268298,7.97567047534669e-05,0.506872226830385,1.6121405233682e-11,0.0497713642686091,4
"19862",0.000293461620204954,0.998705756111819,0.00100065651260998,4.42088772217238e-23,1.23388757974003e-07,2.36660831001054e-09,2
"19864",4.79823766473657e-12,1.77802865871923e-36,0.999999999629301,4.41733219098234e-32,1.43879009423169e-30,3.65900947559349e-10,3
"19866",0.915200596855425,8.92928132765561e-23,0.0263023168462172,0.00587519223993054,1.10435081416311e-23,0.052621894058427,1
"19868",1.18630165747184e-18,2.9982310033775e-58,0.999999886874961,1.78377243996409e-37,1.94253053443772e-52,1.1312503848338e-07,3
"19870",0.119564634798734,0.879166982466926,0.00110877125395256,1.02132272982123e-10,8.51124064726392e-05,7.44989717826424e-05,2
"19873",0.932134260166131,0.00950396499628913,0.000256881511580283,0.000333714222151201,1.81288522014399e-06,0.0577693662186278,1
"19875",0.00991102673839117,2.62830905200371e-19,6.35372204106645e-08,0.984628701482129,2.57099554321452e-28,0.00546020824225913,4
"19877",0.88503407675333,0.103245063678918,0.0110485981799977,0.000133586587424342,0.000180181975087131,0.000358492825243328,1
"19879",0.986693895396864,1.21176708642204e-10,0.0114569923745256,0.00122080099164898,6.48087493401831e-07,0.00062766302829102,1
"19881",0.965587299277537,4.70020147886282e-05,0.0341570767732297,7.58768712331398e-09,3.6377772324342e-07,0.000208250569034326,1
"19883",0.632298287177843,0.303618348595296,0.0640435229300208,5.66582927034064e-11,1.82666919598979e-08,3.98229734903407e-05,1
"19899",0.976208060808496,6.24164973641174e-13,0.0234748466328336,6.80999274433562e-06,2.37273886471049e-23,0.00031028256530208,1
"19908",2.33008377455098e-07,1.86009311210753e-41,0.999994119443959,1.25391768130083e-22,8.34449310122916e-30,5.64754766378379e-06,3
"19910",0.816392806055852,0.000155142941254261,0.00124239774701594,0.176363186778742,4.52266713241962e-06,0.0058419438100039,1
"19912",0.00421114703113751,0.896153715006321,0.0996350780579873,1.56924460656387e-27,5.98148340433511e-08,8.97197780574809e-11,2
"19914",0.955905888325891,3.78624177547555e-10,0.0373730339377581,0.00587043986902978,2.27484952942046e-09,0.000850635213847794,1
"19916",2.00019125019653e-06,2.37406113636538e-44,0.833066189458463,8.99140186690307e-08,1.91431256148159e-22,0.166931720436268,3
"19918",0.0701952557163748,0.568844495076973,0.00462106369977474,3.64542027647944e-10,0.356298114140865,4.10710014704574e-05,2
"19920",0.00104476651923442,0.00339156424820865,0.00173089604030813,3.51851724490544e-15,0.993819051061645,1.37221306005261e-05,5
"19922",6.31906385971129e-07,5.51194122916588e-16,0.0300484276901392,3.52714717506881e-08,4.17980195228233e-36,0.969950905132002,6
"19924",0.938477015006325,0.00604199929891779,0.0217253963818963,9.52480081977851e-06,0.0336667890447757,7.92754672652087e-05,1
"19926",0.908445767007367,8.05253295308896e-17,0.0915404887523757,3.51336230765066e-06,3.47538269002652e-31,1.02308779498571e-05,1
"19928",2.21831468539339e-18,9.30346682008908e-32,0.999999999999999,8.40527901632032e-51,5.31625417273546e-30,1.2751409569358e-15,3
"19930",0.0427043040878306,0.956993044233522,7.35062329007618e-05,7.08377804347364e-07,1.98465800805136e-07,0.000228238602141122,2
"19932",0.00388028433035344,0.995967975886224,8.37251026431438e-05,2.59426363665939e-13,6.46003290279753e-05,3.41435149157944e-06,2
"19934",0.471322181096096,5.39691261943272e-19,0.00607006392845821,0.374161591289725,9.28712404065048e-14,0.148446163685628,1
"19936",0.972228975696207,0.000433949439047176,0.0262992220142053,4.54102644401188e-06,3.1802539239297e-13,0.00103331182377909,1
"19938",0.321831075381676,6.52985987864948e-44,0.667603138007572,0.000968730240141752,1.00710109149623e-20,0.00959705637060959,3
"19940",0.992286338790189,0.000418183799529542,0.00674789634734078,0.000138904220879016,6.07749105140737e-06,0.000402599351009641,1
"19942",1.59113043529681e-08,5.71017765094574e-20,0.999999984085555,6.44270956086727e-35,6.06042359241846e-26,3.14074955008525e-12,3
"19944",0.866444265974821,2.06236628472752e-07,0.0153419000596513,0.114011872373924,2.32684261128702e-09,0.00420175302813184,1
"19946",0.914211586163811,0.000331794433219491,0.00987816441687068,0.0523449922288102,0.00171526927497592,0.0215181934823133,1
"19948",1.02509996703332e-08,3.22319880853183e-12,0.999999959872499,3.85340647735954e-31,5.30075646038355e-18,2.98732778019587e-08,3
"19950",2.85616942782313e-08,6.95314111262769e-11,0.00102257428699298,9.95276679268142e-24,0.998976967718342,4.29363439091374e-07,5
"19952",1.02509996703332e-08,3.22319880853183e-12,0.999999959872499,3.85340647735954e-31,5.30075646038355e-18,2.98732778019587e-08,3
"19954",0.0120571881044197,0.98782184228354,6.48082979929428e-05,6.99327945884742e-10,4.15149818586173e-05,1.46456328611505e-05,2
"19956",5.56181932788825e-06,1.65030875564151e-06,0.99999207537588,6.1953276751131e-33,7.12056124334029e-07,4.39912021971032e-10,3
"19958",1.40397246639659e-20,2.7670349703133e-40,0.8490710643487,1.9173267372826e-22,1.76844422121233e-40,0.1509289356513,3
"19962",0.100788443978135,6.69798108956937e-11,0.506010765036095,1.24257238095617e-06,4.64385410642287e-05,0.393153109805345,3
"19964",0.935093020712348,9.48742958445947e-08,0.0647848211153231,2.25011102777231e-06,1.44734266583631e-07,0.000119668452738496,1
"19966",0.541419795671494,3.85975427863901e-49,0.441618702390465,0.000480422371413516,2.50848070733021e-42,0.0164810795666279,1
"19969",0.810470828806589,0.179502377675548,0.00947013300872499,4.9140237104363e-10,6.14817260894452e-12,0.000556660011587566,1
"19972",0.317006260218647,0.0184053488626645,0.398222760019192,1.97874118280713e-15,0.266352055424642,1.35754748528196e-05,3
"19974",1.7107053135491e-07,0.00440222557112319,0.00568330868427874,3.39833073572032e-32,0.989914294652647,2.1420022988863e-11,5
"19976",0.956233857326517,0.00767985308013547,0.00554595172427658,0.000108530144220649,0.0264733004854626,0.00395850723938696,1
"19978",0.414345737387917,1.59013412848276e-07,0.000257026182307558,0.565656379847442,6.41251186499614e-09,0.0197406911564084,4
"19980",0.000646252261224716,0.047281125135008,0.000394546744741252,4.47746649582342e-18,0.951677362826675,7.13032351078322e-07,5
"19982",0.0448531945449125,3.11342805060648e-05,0.37343745113826,1.34076383329839e-14,0.580642382444317,0.00103583759199067,5
"19984",5.23270836494838e-08,3.51470821224112e-15,0.00643762239487545,1.59257679140186e-18,0.993558378822063,3.94645597393539e-06,5
"19986",0.0140052640508404,1.28597244568347e-53,0.00655308673562424,0.872795147605976,3.90229585986745e-39,0.106646501607559,4
"19988",1.60927706026269e-06,7.23179232580092e-77,1.6821193065426e-05,0.975431172677437,3.60326119146153e-51,0.0245503968524377,4
"19992",6.37172706248914e-05,7.57133175327791e-52,2.05614656273704e-05,0.993300392529054,3.37631921915296e-31,0.00661532873469355,4
"19994",0.0527527314434697,0.946783649714709,0.000388331151498155,9.23574230165995e-07,3.35172569934065e-09,7.43607643674483e-05,2
"19996",0.000523444548756172,2.19899660864986e-43,6.06063470858088e-07,0.996378420999634,2.12860132328539e-26,0.00309752838813876,4
"19998",0.100628361335738,8.27854891417815e-15,0.899265299769239,2.39776718651925e-14,8.00020527158965e-14,0.000106338894910694,3
"20000",0.00472065489264026,2.64813122953075e-07,0.995278999000282,1.58865808676138e-24,1.08368101136975e-23,8.12939542298803e-08,3
"20003",0.979950214546667,0.00177500766287048,0.017497078259271,1.73723544287345e-05,2.47284027764201e-19,0.000760327176762347,1
"20005",0.000350015643545035,2.90088078789598e-05,0.00194173422812125,3.53040115755344e-21,0.997679218407782,2.29126730468433e-08,5
"20007",0.92539893188072,3.13698266157929e-12,0.000683148138883778,0.00698349144960097,1.52458830607733e-13,0.0669344285275053,1
"20009",0.00134119603776131,1.20215064757102e-45,0.56553028368339,3.8442961606225e-05,1.02780403253319e-18,0.433090077317242,3
"20011",0.934557454385133,0.00150298433278163,0.0563726007887072,3.24205732813672e-11,0.00748401268565633,8.29477753010613e-05,1
"20013",0.275743219358856,0.338431465622965,0.00762713066707493,7.87116687556514e-09,0.378147205211053,5.09712688847765e-05,5
"20016",0.000103532491722733,1.20873594430252e-62,0.200563591517537,0.0341649505169763,8.39947840190377e-29,0.765167925473764,6
"20018",2.89126076578518e-28,6.4421687898359e-127,0.000662952856283092,7.67454095051236e-11,4.30266462029594e-99,0.999337047066971,6
"20021",0.00772076646087852,1.22444658636042e-17,5.22366336391843e-07,0.987863690423833,3.66843087112844e-29,0.00441502074895175,4
"20023",0.805042006707874,6.10580310153052e-13,0.0681918626894461,0.117044064716433,1.93635506027955e-10,0.00972206569200062,1
"20025",6.28895061136197e-15,2.09228888236521e-73,7.30087493525045e-08,2.16328390503931e-05,7.52846183989178e-73,0.999978294152194,6
"20027",0.0509883384932008,0.916031172351691,0.0329804816864811,1.10208802977586e-18,4.05854055983933e-14,7.46858685085522e-09,2
"20029",0.0979132728621265,0.832202830368768,0.0698726890398897,5.70539825373619e-16,3.08121566412775e-06,8.12651355122879e-06,2
"20032",0.00502935743402037,0.993675029897607,0.00129554457166485,4.86135185888097e-15,4.40974885774951e-11,6.80526056867034e-08,2
"20034",6.32597462885434e-06,3.15907346101363e-09,0.999993577724689,1.17795559683587e-25,2.96674833338444e-19,9.31416089328704e-08,3
"20036",0.117608261814724,6.45265002211277e-10,0.879750328312561,1.13090586268771e-11,1.49240838062965e-08,0.00264139429205698,3
"20038",0.06042104531884,2.46792913133873e-37,0.00066814189688226,0.920782752184794,2.26008761054761e-45,0.0181280605994834,4
"20040",1.41460221036817e-11,2.46848617312119e-80,0.192700101828189,5.03421641546048e-06,1.48814622207546e-41,0.807294863941249,6
"20043",0.00304605918353827,8.90526884983548e-22,7.58889322242664e-08,0.99031281639061,5.95741569227934e-24,0.00664104853692005,4
"20045",1.53619211268537e-09,9.28101720252046e-81,0.000134623371316197,0.966026826187253,3.73237968142959e-42,0.0338385489052389,4
"20048",5.48041819998452e-14,6.91433676143541e-18,0.00906774336617332,3.04200742773762e-27,0.990931993071832,2.63561939466462e-07,5
"20051",0.0322043322799053,1.03979232464488e-10,5.87775426685402e-05,0.0123856261578162,2.84425667747687e-13,0.955351263915346,6
"20053",0.700697371378283,8.4140763575277e-17,0.0340998558963888,0.10735656162459,6.18254425711831e-08,0.157846149275295,1
"20055",0.843813599319619,2.28932794323176e-31,0.0311354551905216,0.00204590977334759,3.19920388005194e-54,0.123005035716512,1
"20057",6.55119797334397e-36,6.20168210522592e-67,0.999999999985262,8.98685431634156e-56,5.72949459117701e-61,1.47383961445109e-11,3
"20059",0.308947498296126,6.23117259668488e-22,0.410443248917359,0.121721354240721,1.49127398378114e-18,0.158887898545794,3
"20061",0.592990754947783,1.20956552437214e-12,0.00152533367893049,0.291523100167646,1.50554229003133e-15,0.11396081120443,1
"20063",1.95027596823029e-21,4.96116527126439e-65,0.901014977555952,3.76235835715053e-20,2.90377819344658e-12,0.0989850224411441,3
"20065",1.16075206525407e-10,6.22233312273923e-73,4.43730902534214e-05,0.037849693607476,6.82734078230158e-90,0.962105933186195,6
"20067",0.000163295217421696,3.4091380392449e-37,0.0043575372395269,0.87191593136015,1.728360558034e-14,0.123563236182885,4
"20069",0.000324720902751276,0.00824578017991062,0.000276264922614745,9.01688470686268e-18,0.99115227573802,9.58256703440631e-07,5
"20071",0.516723253241374,6.12968088851476e-20,0.48326670051146,1.55361867608665e-09,4.91564569881202e-22,1.00446935472869e-05,1
"20073",0.00205316762572633,1.98478084961838e-05,0.0119593291926036,2.73171954664917e-10,0.983127516658979,0.0028401384410231,5
"20075",1.93306813267959e-15,4.88327509626674e-49,0.999988883130791,1.5767035802055e-29,8.93395409027862e-66,1.11168692072439e-05,3
"20077",0.141030035399051,3.81854748348993e-17,0.00573392326116412,0.823074681471309,2.9664325457878e-11,0.0301613598388117,4
"20079",3.48849770388729e-07,3.51094113591189e-22,4.45316038603753e-05,1.09052833350719e-07,9.67213007548054e-10,0.999955009526323,6
"20081",0.150132591198588,1.45349567846723e-27,0.0134852405341355,0.178595632082683,9.87853945798293e-27,0.657786536184593,6
"20083",1.11583914518328e-06,3.39368039205736e-28,0.999997454171321,2.9138739222039e-22,8.10051726514059e-09,1.42188901640576e-06,3
"20085",3.67385406284267e-07,2.98868160557988e-74,2.84016645877486e-06,0.994228371980188,1.83164864434486e-57,0.00576842046794716,4
"20088",0.00673773516323187,1.69251392323082e-30,4.87702201137862e-05,0.985633498886851,8.12166546987062e-28,0.00757999572980308,4
"20091",1.82965033982044e-09,6.35983509086535e-50,0.906731157937886,1.94256478762779e-09,4.36224729172763e-43,0.0932688382898993,3
"20095",1.12757527977852e-05,2.01190954051091e-30,0.999665046342086,7.37054272996425e-18,2.30151528449646e-07,0.000323447753587809,3
"20097",2.76150102913487e-07,2.84253682548246e-74,3.34189573450468e-06,0.993007328783971,2.14378970804782e-61,0.00698905317019195,4
"20099",0.00423695047131955,8.56883929282566e-30,0.0583770428575495,5.39875278622379e-05,5.80236361101223e-11,0.937332019085245,6
"20102",7.09971472424309e-13,2.64298037563144e-35,0.921984457073239,1.39774562087088e-15,2.0544514040128e-11,0.0780155429055051,3
"20105",0.000191615754555345,1.59186383045261e-26,2.29465481429434e-08,0.973685786204122,7.62853707300306e-17,0.0261225750947746,4
"20107",0.296870299412374,5.49441255225746e-29,0.00111438870696186,0.67676198234538,9.7737163673836e-23,0.0252533295352845,4
"20109",0.00232340227076044,9.19944384857038e-18,0.0017362184184524,0.0626537773915152,0.00133043275061477,0.931956169168657,6
"20111",2.94485991097953e-12,4.87668983865132e-18,0.999965950810986,8.6537828178548e-28,8.49383530779285e-27,3.40491860692029e-05,3
"20113",0.983358878226507,2.02279800238378e-21,0.0115168054858077,0.000250119689262119,3.31582773941929e-29,0.00487419659842248,1
"20115",0.0126183415672105,0.0692736839917483,0.905489636800538,1.7332474480702e-15,1.1740750679371e-15,0.0126183376404999,3
"20117",6.90748075371863e-13,5.90776576351718e-67,0.999999996243337,2.58807658368131e-26,2.60756801066711e-65,3.75597221121555e-09,3
"20119",0.575329110667161,2.00130052426499e-39,0.142363289417633,0.00295961764503248,3.12179617110613e-41,0.279347982270173,1
"20121",0.114755688505401,7.50565784675732e-37,0.00649351827057837,0.86627071313436,8.26612979932892e-31,0.0124800800896605,4
"20123",1.9018387327315e-10,3.70615777792583e-59,0.694523593875042,2.59168592849662e-09,2.92694736223649e-69,0.305476403343089,3
"20125",0.00791024482823829,0.990626434788553,0.00090890717238755,1.39123486841987e-11,0.000541041813355505,1.33713835536456e-05,2
"20127",2.51620404305919e-08,1.5491258841328e-62,1.08960593066516e-07,0.99261617674742,3.6945955705687e-33,0.00738368912994614,4
"20140",0.72720318007011,6.21486025000586e-24,0.272599271339879,3.70714533743578e-08,1.20953082403634e-43,0.000197511518558177,1
"20142",2.05547474263977e-07,1.13410572789346e-05,0.00110131331621491,3.89100809375996e-22,0.998886771092927,3.68986105246502e-07,5
"20144",0.0254707995448329,0.00274812473365529,0.971775264700722,1.15250219492183e-17,3.8321110923594e-13,5.81102040657206e-06,3
"20146",0.0537764298846441,2.41140061470469e-07,0.531805791325389,4.00029566262649e-11,0.000506257437431212,0.413911280172472,3
"20148",0.864624666714214,0.0899238013903103,0.000415760028564898,0.00021016060029424,5.33672670020381e-11,0.0448256112132496,1
"20150",4.59840199774201e-05,0.289742001233551,0.00212161116558618,3.6726015302645e-25,0.708090399024356,4.55652950161401e-09,5
"20152",0.95389712704159,0.0300580604944967,0.0116556390064446,0.000215023333530308,1.73204428849982e-08,0.00417413280349533,1
"20154",4.88614292876687e-14,1.35160880731933e-70,0.00818237882341765,1.80807204119163e-05,4.37128584213938e-45,0.991799540456122,6
"20156",0.385141881903214,2.87588667745261e-18,0.59719184035253,2.60898127360984e-05,4.20976846943904e-08,0.0176401458338354,3
"20159",0.00045301187187384,1.30230767393112e-08,0.00875548320560757,1.04415490758358e-18,0.990777928802805,1.35630966368486e-05,5
"20161",1.73283850118394e-06,3.00118903760716e-14,0.992990485135006,4.58754605888061e-16,0.00668531679523861,0.000322465231223822,3
"20163",0.211869544393687,2.86973020210762e-07,0.000358615675361929,5.24186467035799e-05,4.68746558440432e-28,0.787719134311227,6
"20165",1.4345781772373e-08,6.95952236145019e-25,0.00019948855934075,3.09470534471748e-06,0.0286568862637269,0.971140516125806,6
"20167",0.122132878774264,0.866477683962195,4.18853668973195e-05,7.10275379903936e-05,0.0050251882819719,0.00625133607668174,2
"20169",1.33843426937566e-11,2.44428976487773e-12,0.00136445537041458,5.59587005707152e-26,0.998635457285554,8.73282027206894e-08,5
"20171",4.64381673390785e-20,1.40104160033689e-89,0.00463594026967563,1.2034600294018e-08,5.91064004859973e-50,0.995364047695724,6
"20173",7.31975170335738e-13,1.02944561641336e-38,0.604669101175404,3.17635984308452e-15,6.56223697351226e-12,0.395330898817299,3
"20175",0.821304376769264,0.166097013923265,0.00986911213822584,1.75363758446724e-08,0.00258678360142539,0.000142696031443421,1
"20177",0.0868274016113447,2.27453233905668e-27,0.907732900049321,1.04400355558929e-06,9.22597823183828e-17,0.00543865433577913,3
"20180",0.000991960295442261,4.81176045261607e-44,3.43919273981276e-05,0.931075358255328,1.08464365525316e-59,0.0678982895218314,4
"20182",2.67387243596661e-28,3.956531625742e-32,0.999999999995198,5.65874059484826e-62,4.7997817063519e-12,2.05052994922219e-15,3
"20184",0.00131380958552783,4.66377008144221e-05,0.00257399431133411,5.35086021671902e-13,0.996063648469977,1.90993181209242e-06,5
"20187",9.5215809297929e-05,7.71208206320533e-17,0.999901052405301,1.00221435151782e-15,1.5482694997473e-10,3.73163057270306e-06,3
"20189",0.543537972529089,8.22280036430599e-14,0.00035461252449772,0.322631924009141,1.59550100939907e-18,0.13347549093719,1
"20192",6.74384485964922e-14,8.26316848946627e-47,3.56405228272822e-05,5.15763049834328e-09,5.84836517387195e-57,0.999964354319475,6
"20194",2.7956947363249e-05,2.39702912903402e-08,0.999898896213986,3.17198139614581e-28,7.31154091996385e-05,7.45915972188321e-09,3
"20196",2.518020003462e-07,5.99046332975592e-60,0.00194832114517881,0.123635973461027,1.9415063616889e-50,0.874415453591794,6
"20198",0.735167651675655,7.93140420932038e-08,0.25623483189589,0.000118683349230279,5.64670869646165e-13,0.00847875376461751,1
"20204",0.00166376074883822,0.826320207337211,0.00532333175780471,3.32769383615276e-16,0.166682016929519,1.0683226627418e-05,2
"20207",0.000484848211109688,3.34599853676277e-50,0.095299886964355,0.305332144461242,1.48133911506918e-26,0.598883120363294,6
"20209",0.000104427812328893,1.22416682747902e-14,0.999895569630292,1.33713064413642e-24,6.62713899227592e-48,2.55736665547985e-09,3
"20211",3.99495919921374e-09,3.90448568698111e-45,0.0218013150993595,3.24053064701213e-07,6.34563946720178e-53,0.978198356852617,6
"20215",0.0770982130523629,6.23740782190058e-23,3.77874075761535e-05,0.665094496176399,2.22186590673536e-24,0.257769503363662,4
"20218",3.1337423063016e-06,0.00136667711208885,0.000486450750586735,5.33424220823762e-20,0.998142661264484,1.07713053422668e-06,5
"20222",0.000603480508239686,1.70117486556548e-32,6.72027726819019e-06,0.203354418267937,4.88924356419444e-26,0.796035380946555,6
"20225",0.0487672486310865,0.00548953405355067,0.936546811284778,8.8042410994888e-19,1.44278636244074e-10,0.00919640588630628,3
"20229",0.327855089518686,3.14617037926061e-16,0.671689995652665,2.13982229209166e-11,1.27921700411741e-28,0.000454914807250823,3
"20232",0.972885107931775,5.20597564758922e-17,0.00979719242625716,0.00012045932345614,3.62093187769175e-21,0.0171972403185116,1
"20234",1.57252640941345e-17,2.17251180507418e-106,3.69223625058547e-06,0.00216754089264984,5.42259960671299e-90,0.997828766871099,6
"20238",0.0280223349196177,7.44418168959328e-33,0.000489070004127131,0.300396471408439,8.60487821409898e-22,0.671092123667816,6
"20253",0.00450358940055013,4.74492862593751e-46,0.00114596026843028,0.920599939170921,2.51116403326534e-34,0.0737505111600983,4
"20255",0.0921562790449258,0.906523862340756,0.00109883901065152,1.57435801367419e-09,3.37808620256335e-09,0.00022101465122198,2
"20258",0.000138934283621705,2.22848945934349e-37,2.18263569411654e-08,0.998067813745281,5.17883604333595e-35,0.00179323014474015,4
"20269",0.00204480357466992,1.1132143945002e-19,6.08470368539646e-05,0.862287275408273,1.33100400263186e-08,0.135607060670164,4
"20271",0.0010099688904456,1.47706476840411e-41,8.54546257644651e-05,0.113106576573233,4.95841897263134e-41,0.885797999910557,6
"20285",0.0450734862621688,4.47365451153314e-16,0.954926499418233,3.02764921607562e-20,8.19663922379298e-14,1.43195153460557e-08,3
"20288",0.721453067618571,1.05882673302354e-22,0.000327191135166501,0.0147364777830796,4.41608112299106e-21,0.263483263463183,1
"20291",0.000338209743490959,1.1822369587648e-55,0.711595943487347,0.00286367554309072,1.10386145482023e-37,0.285202171226071,3
"20295",1.23531347377549e-06,5.14321254249453e-22,9.80322711999106e-05,3.25637076180938e-05,1.03749888320443e-16,0.999868168707708,6
"20298",0.00817804933040902,0.991388119959656,0.000431950542378297,1.30391689038638e-14,9.2059836219142e-07,9.59569181717494e-07,2
"20302",0.018605491553053,2.34731021551462e-05,0.0562242001389026,1.73553388762815e-13,0.925124310838033,2.25243676826438e-05,5
"20305",0.0108799386283327,0.988097807563093,0.00101895919994088,1.68654667210185e-16,1.39130756516372e-10,3.29446950234872e-06,2
"20307",0.00664011057186463,5.06197615480426e-46,0.000489689952701675,0.982707323572661,7.24739412596589e-32,0.0101628759027731,4
"20310",5.82051335417350e-12,3.75646631011468e-85,1.78870873111438e-08,0.199225704512402,2.01867150346032e-56,0.80077427759469,6
"20313",1.14931878912859e-09,2.69266342015834e-13,0.0212331506611652,1.61769998669892e-31,0.978766834600551,1.35886958592995e-08,5
"20315",0.443998755879781,1.18431637487904e-36,0.000997281495545119,0.46725750341498,1.68614012123327e-30,0.087746459209694,4
"20319",1.14228798830747e-08,1.32587364728246e-57,0.000510262154995602,0.00129245851954875,4.20410376700771e-59,0.998197267902576,6
"20321",5.5940361169625e-06,2.64683550874455e-42,6.36145946729472e-08,0.927200692313688,2.73359077718965e-27,0.0727936500356005,4
"20327",0.00092981126804543,5.57371488763058e-40,1.52042942497505e-06,0.974060185151228,7.99999700094859e-29,0.0250084831513011,4
"20329",3.40928685979524e-07,4.13473018445192e-09,0.999999448636385,4.53701829768428e-34,2.0629860228484e-07,1.59636086699706e-12,3
"20335",6.94335370196486e-08,2.60282560593679e-60,0.000129963237787373,0.888467715552593,1.26507586396412e-36,0.111402251776083,4
"20337",0.000472490569886368,3.84354437182461e-05,0.000468276823498505,9.20991367944122e-17,0.999016166841951,4.63032094527494e-06,5
"20339",1.05780998338229e-07,1.35886062337003e-33,0.979635748147,3.91371516646528e-16,1.06779795068573e-55,0.0203641460720015,3
"20341",2.09865301542598e-11,2.25423260476918e-65,0.963876083267998,6.20310072653996e-09,7.6933983571377e-30,0.0361239105079145,3
"20343",1.96490449694026e-09,4.11974310232423e-63,0.00498470814940981,0.10517779738001,4.35950339190578e-25,0.889837492505676,6
"20345",0.95496489407878,0.000132666088350506,0.0448855190858615,1.71158150247015e-08,4.07803218494091e-20,1.69036311932191e-05,1
"20350",6.56558917202346e-05,6.74331877981468e-33,0.999507086255264,2.10318538360968e-15,9.58463699262328e-23,0.000427257853013608,3
"20352",1.36105145357112e-10,1.48458469705958e-11,0.000293070864197271,1.10349963370138e-20,0.999695690309249,1.12386756022625e-05,5
"20355",0.000237069926716302,3.35399501989676e-15,0.928198643311282,1.64188223067169e-12,0.0702268857711406,0.00133740098921604,3
"20358",5.07732095652711e-06,0.00060539621123001,0.999366468184305,7.84457691272209e-30,2.23291618778584e-05,7.29121630304394e-07,3
"20363",0.000137232665116082,1.58383953005634e-32,6.65172906937906e-08,0.993384877219406,7.97861873712569e-24,0.00647782359818681,4
"20365",0.10919380729019,4.32936362132741e-29,0.288459274038101,0.0079044193517508,8.64334441264542e-39,0.594442499319958,6
"20379",0.274454406931643,0.028207706924132,0.697322511668809,3.57004137424993e-12,7.85949456032392e-08,1.52958768997553e-05,3
"20387",0.00367486551626637,1.11580616802785e-27,5.84218847894134e-05,0.990063234341235,3.23789375099123e-25,0.0062034782577091,4
"20392",6.48403621816577e-12,3.14328160099275e-53,0.000378781819218735,9.82619545995094e-06,4.5646395250815e-67,0.999611391978837,6
"20395",0.803846161103045,0.161505716211581,0.0325595583097868,0.000136571345754491,2.85855007650396e-05,0.00192340752906779,1
"20397",4.1224522102205e-17,1.02666107429805e-19,0.999997361794425,3.28736912591649e-53,2.63820557274574e-06,2.70016768599673e-15,3
"20410",0.0590007151492227,5.95533816058369e-21,7.28770287876876e-05,0.893195725504971,2.10701033877409e-37,0.0477306823170183,4
"20414",0.0306952835469647,0.519567035538495,0.000436984560509038,3.95201349833463e-08,0.0802327600877049,0.369067896746191,2
"20417",3.37708873687883e-30,5.86074248687035e-143,0.000959402695901065,4.88224966592204e-15,2.14465944557731e-114,0.999040597304094,6
"20419",0.000156688149451569,2.00561859514632e-47,2.96202310280981e-06,0.941832496381896,1.13784157009143e-26,0.05800785344555,4
"20421",0.00348078963241056,6.27867554450951e-10,0.984356117988092,2.55031973267921e-09,6.33324922791852e-05,0.0120997567090312,3
"20423",0.0548879113998497,0.775930488978583,0.0238104493116344,2.08140857908799e-11,0.144708763711728,0.000662386577390835,2
"20425",0.546480411252109,0.00400315257057821,0.214084427576401,1.25747132658749e-11,0.225911134637355,0.0095208739509815,1
"20427",0.827692296173685,0.000145021662306781,0.000774641311629082,0.0470636821300744,2.56426958876551e-13,0.124324358722048,1
"20429",2.40360151447574e-06,6.99530156454663e-53,0.392614044096641,0.000845089173139193,9.1369098088304e-25,0.606538463128705,6
"20432",0.000457430594330832,0.506223601882796,0.0107438913464165,7.68599242963987e-16,0.470274726670061,0.0123003495063955,2
"20435",0.251237783103672,1.1965783593955e-12,0.000663369535680089,0.0106719174397745,2.33342952317731e-25,0.737426929919677,6
"20438",0.0086449365513972,1.11769745395254e-31,0.0274139409414847,0.291773268844223,2.17146514506287e-13,0.672167853662678,6
"20440",0.00103636872551934,1.6109278841841e-43,0.000214851022346961,0.95394261843531,2.24697858289034e-21,0.0448061618168234,4
"20443",8.57915241697511e-06,2.17411280533349e-18,0.33266166167967,4.19030825676193e-16,0.667205298733385,0.00012446043452729,5
"20446",0.404494277273053,1.96570479008835e-15,0.0798359411752121,2.11022405485453e-06,8.73503603077714e-13,0.515667671326805,6
"20449",0.918067037204623,1.89797167490697e-17,0.0649080970210309,0.0154841538253578,1.39572724390706e-21,0.00154071194898825,1
"20537",2.92162501925739e-05,3.45692236214761e-35,0.103183002433934,0.0638577564405576,2.84818830763492e-26,0.832930024875316,6
"20540",1.4935320781873e-13,4.85283068324058e-65,0.0210643203757013,4.9720809846534e-06,1.81787324330991e-72,0.978930707543165,6
"20543",0.925569143194639,2.3188195068726e-10,0.0242918566126311,0.0311934434434148,2.01712415094473e-10,0.0189455563157204,1
"20545",1.24494770376637e-12,2.4361360443842e-49,0.0118004339790943,9.50782500996624e-08,2.89974501467109e-51,0.988199470941411,6
"20549",0.915746837031859,0.00185271222609051,0.0111251350391338,0.0165807123872532,0.00180653206229193,0.0528880712533718,1
"20551",0.293256930278473,3.06629928238594e-15,0.00313564724505532,0.691785781470026,2.73219126496225e-10,0.0118216407332234,4
"20554",0.0293067649926711,5.73034230392905e-20,3.58579810333787e-05,0.965828306140358,9.68710120871291e-16,0.00482907088593624,4
"20556",0.980454753149369,2.5782607516674e-14,0.0123487607461584,1.7669841283803e-05,3.4929279676085e-18,0.00717881626316321,1
"20558",0.000603861471707048,4.74605145937257e-37,1.73023868993487e-07,0.9975519859738,1.55793536667352e-26,0.00184397953062356,4
"20560",0.0258278208077685,3.81576127934233e-14,4.65825963433945e-05,0.942736618020113,1.96784897134058e-06,0.0313870107267655,4
"20563",1.39419185615471e-08,1.2641201100075e-57,1.13023647718184e-08,0.997719727942957,1.09551497132979e-33,0.00228024681275993,4
"20565",0.0178203510907516,4.39093696688627e-17,1.22520565197533e-06,0.0172376203706888,9.0256086010759e-10,0.964940802430347,6
"20567",0.00151313218446887,0.0103563235719491,0.0396772735236681,4.13734541928807e-16,0.948452588031175,6.82688738759854e-07,5
"20571",0.000684996438351813,1.66685110664382e-51,0.0183601195416031,3.07354148329968e-07,1.42322869923589e-40,0.980954576665897,6
"20573",0.502434479220261,2.24639591995514e-17,0.0178870674278898,0.464172135924339,5.06164771765624e-10,0.0155063169213459,1
"20575",0.000548682930798614,1.70772361979817e-48,6.45474641374711e-05,0.874955439440798,2.58311416330617e-31,0.124431330164266,4
"20577",0.980180913778809,2.06851815486814e-11,0.0195537257384522,3.22009827767499e-05,1.56410906933947e-17,0.000233159479276755,1
"20579",4.62177175573706e-11,8.24370616109116e-12,0.047984240426131,5.5847572776728e-37,0.952015759519147,2.60822599702088e-13,5
"20582",5.01140105238898e-06,5.10269365907395e-57,1.06092273467615e-07,0.996966228769144,5.21732448439403e-40,0.00302865373753001,4
"20585",0.000247933720726139,7.36878089356593e-24,0.000500547056166018,0.0238961021779622,1.41724120356342e-40,0.975355417045146,6
"20588",8.95280750830634e-05,5.71377735011524e-32,0.999829568625251,2.45194672958283e-12,5.19567614981367e-30,8.09032972142304e-05,3
"20590",1.20489303419854e-08,6.05268324560195e-05,0.00240466913048501,3.5396041264065e-31,0.997534791979991,8.13727750945889e-12,5
"20592",1.91902670143812e-05,3.00682972968742e-56,8.44452548769958e-06,0.993982424238321,6.95054152638556e-26,0.00598994096917681,4
"20594",8.28556074998881e-06,1.18612705913539e-56,5.39667018640963e-07,0.98912520298254,1.68859275916605e-48,0.0108659717896913,4
"20596",0.691196737652538,2.56410604075505e-18,0.000906273722240073,0.0992091934386452,9.77432692311005e-11,0.208687795088834,1
"20598",0.212997172779011,2.59880660979167e-14,0.000431055414578599,0.775846842147457,7.97048217088813e-14,0.0107249296588475,4
"20600",0.430064007215239,8.66333150064054e-15,0.53565176178436,0.00011812207189695,8.25306876194687e-15,0.0341661089284875,3
"20603",0.5408370954145,0.0777619737196,0.365467979272173,6.13371877757234e-11,2.73793659382949e-06,0.0159302135957966,1
"20605",0.439751171406066,2.50408025008132e-33,0.00143549042733233,0.517277700438337,5.36341373543786e-36,0.0415356377282652,4
"20607",0.204524334468185,2.10733246398135e-22,0.000537255486508876,0.78182150416227,4.17891795663168e-21,0.0131169058830359,4
"20609",0.0138023215496114,1.48250553493599e-17,4.03064498478093e-07,0.978493662275352,1.19291277580108e-17,0.00770361311053877,4
"20611",0.00417961779701548,0.992645579409701,0.00315440482832295,7.97864981902626e-19,2.03737989028358e-05,2.41660579475077e-08,2
"20613",0.337049403219393,1.92420121721392e-07,0.000604881850965291,0.597062036519162,1.58356677120522e-20,0.0652834859903578,4
"20615",0.954552976313997,2.60258394949231e-09,0.0135785681454028,0.00249606851888733,5.35855784911998e-10,0.029372383883273,1
"20617",2.70832337444283e-07,7.96258882822562e-12,0.00911490127335037,1.99636359946989e-23,0.990881818854179,3.00903217033933e-06,5
"20619",0.0020003527924319,2.02778092968104e-48,0.000916888963383532,0.953204692782598,5.44083885613589e-23,0.0438780654615861,4
"20621",0.914258419576994,6.79426328100434e-17,0.044690626699666,0.021104596977505,3.33153460245026e-14,0.0199463567458016,1
"20623",4.73451884408337e-05,3.997572032526e-10,0.0479452554804518,2.39040488386993e-10,0.908378230875534,0.0436291678167752,5
"20625",0.0420881202600481,1.9480308796977e-05,0.956752173098693,2.19237637440202e-14,1.31148103412428e-10,0.00114022620129253,3
"20627",0.885816241326589,1.01842186134527e-09,0.0130947108756954,0.0956910187754134,2.0906835183943e-17,0.00539802800388089,1
"20629",0.940391641445432,1.55563974084627e-13,0.0212260878567452,0.0344476488225895,8.8047234057617e-11,0.00393462178703107,1
"20631",1.38105102977094e-07,3.2992985644576e-55,5.61767270094818e-07,0.990805703683551,1.87351969910776e-26,0.00919359644407555,4
"20633",2.81400513938948e-12,1.23799922939028e-13,0.0033441498945614,2.57512485056141e-36,0.996655850030869,7.16318257476421e-11,5
"20636",0.371757136259244,0.00183402685974662,0.62636982042823,5.17655573559231e-18,3.85782432256511e-05,4.38209553907412e-07,3
"20638",0.248048450324125,4.34124975162542e-14,0.00233710134614143,1.29006844631354e-07,1.06704288681645e-30,0.749614319322846,6
"20640",0.0507625857705904,1.12382585077033e-32,0.0299402341704212,0.632764816069239,9.29560788871806e-47,0.286532363989749,4
"20645",2.09159707084391e-07,2.38950029392036e-64,7.5965374700806e-08,0.998456659170313,2.36616275484566e-52,0.00154305570460529,4
"20647",5.96511692142082e-13,1.47482079970532e-21,0.00773589653856409,1.45925117336255e-28,0.992263866797076,2.36663763768506e-07,5
"20649",0.0098089560688454,1.83223454324011e-19,0.000112135345066297,0.763179242134101,6.78392962580202e-23,0.226899666451987,4
"20651",5.30304055119754e-08,1.02886308007717e-79,0.306566463653689,0.00100724796876739,5.84566219247325e-35,0.692426235347138,6
"20656",5.9714446971983e-09,1.18715952597845e-41,1.44713179163548e-08,0.630749290764222,1.55742286831488e-40,0.369250688793015,4
"20660",3.2697585129029e-09,3.6671727098382e-41,0.796658279941956,6.11641118124671e-11,1.80390063829393e-57,0.203341716727122,3
"20662",0.000839469416352242,9.95397190534795e-11,0.758918378866553,7.80423220224568e-24,0.240242038600142,1.1301741305013e-07,3
"20664",2.92818590937915e-06,7.26049985791843e-32,0.000653140369574849,3.61586312231203e-06,3.70686014482758e-11,0.999340315544325,6
"20666",0.000893637785306882,2.14187891751377e-06,0.811953045048888,5.95734954571584e-13,1.5281929138612e-31,0.187151175286292,3
"20668",0.00137243265554214,0.99373749799927,0.00018954662114495,8.72599451085458e-14,0.00468067829015703,1.98444337986762e-05,2
"20670",5.18439165088034e-07,1.34312242032411e-42,1.09515825532838e-06,0.00202458215798892,4.37779838112174e-39,0.997973804244591,6
"20672",0.00154419521755205,0.594101457612292,0.00217854195744485,5.34348380409394e-15,0.401989610032503,0.000186195180201887,2
"20674",0.287443935589,1.98032281907454e-12,0.00239263813899544,0.677476967163004,1.54319904129128e-12,0.0326864591054768,4
"20676",2.6963706960442e-06,0.0290372985624996,0.970917262607988,9.11980660302424e-38,4.27424585270851e-05,2.89100558565907e-13,3
"20678",4.88997666887719e-07,0.151989716522896,0.837485262336931,5.98831842688236e-38,0.0105245321392415,3.26456067750321e-12,3
"20680",0.105446804020968,0.814910901306563,0.000987235356430839,6.12639683106003e-07,0.0725592447111782,0.00609520196517645,2
"20682",0.864479609405824,0.0197103289684588,0.115789853840348,4.62794555591991e-10,3.43329964010625e-09,2.02038892741673e-05,1
"20684",0.155151573181232,9.16517042187832e-21,0.12324809688335,2.71676850341038e-05,1.20247543495922e-30,0.721573162250383,6
"20686",4.20292167242722e-06,0.000107352279875258,0.000208830727056253,4.41541927211572e-19,0.999678849326504,7.64744892250856e-07,5
"20688",2.50701289366879e-11,1.05431752652684e-07,0.980710593002717,1.49281430936251e-43,0.0192893015403661,9.44976879995864e-14,3
"20690",0.000244028508920102,3.42999121880619e-38,0.110686755360371,5.41063022733114e-07,3.27973200931404e-58,0.889068675067686,6
"20692",4.67719631303506e-14,5.9189140370667e-12,0.00988326522611392,8.34236504744473e-44,0.990116734767803,1.16993602197265e-13,5
"20694",0.00312589663185182,0.996484982711961,0.000380627781780146,3.40984299945561e-16,8.24989875203402e-06,2.42975654111852e-07,2
"20696",0.803676274435861,0.178629501890277,0.0170578918779783,8.13346889968343e-12,3.02810066812132e-05,0.000606050781069005,1
"20698",0.0354181387426341,2.16221683651546e-18,0.0014732346310132,0.00506984604922511,7.84059941492723e-13,0.958038780576344,6
"20700",0.000301081291923677,9.32024184303733e-33,0.185545172290793,0.00373942383363635,8.81320797300974e-11,0.810414322495515,6
"20702",0.000615381278406593,9.62762395232204e-62,0.662136518205162,0.000165767998430505,5.62541469935171e-64,0.337082332518001,3
"20704",0.90264890547466,1.19773919130709e-10,0.000236678574509735,0.0676532163364986,6.80699431500759e-15,0.0294611994945505,1
"20706",0.194196704623094,4.62555225456849e-16,0.805599640696513,5.09596457527672e-14,2.58197898437484e-12,0.000203654677759061,3
"20708",0.000184562436456059,0.772401058765334,0.227414034415859,3.59812016345708e-28,3.44153570667209e-07,2.2878019119071e-10,2
"20710",0.402125124053905,2.82810583641242e-21,0.0253547934074721,0.0694187859820881,4.490920265328e-37,0.503101296556535,6
"20714",0.00100128849426474,4.10338674525399e-06,0.0672704781285043,1.0465541589e-15,0.931502365218961,0.000221764771523163,5
