"","V1","V2","V3","V4","best$classification"
"19811",1.04488574522293e-06,0.997304881205919,7.05874596433344e-05,0.00262348644869234,2
"19813",2.12469233616509e-05,0.994171514813317,0.00381587670905816,0.00199136155426272,2
"19815",0.00178994838612676,0.99345402103948,0.00464380203251025,0.000112228541882881,2
"19817",7.3753691706828e-05,0.996355307212774,0.000601553547568879,0.00296938554795017,2
"19819",0.127726673175089,8.83611853566178e-05,0.872182087622061,2.87801749363747e-06,3
"19821",2.10498358395977e-06,0.940303350127439,0.00221425642143814,0.0574802884675389,2
"19823",0.114528466042138,0.881747117581624,0.00206232571007246,0.00166209066616498,2
"19825",0.00109088732430121,0.0105284341694317,0.158309784055966,0.830070894450302,4
"19827",0.000438333963781072,0.305938938919602,0.00156898918131153,0.692053737935305,4
"19829",0.000209181334713309,0.00362992309324108,0.98177345672372,0.0143874388483257,3
"19831",0.10239769982336,0.00104319224259346,0.896553881580758,5.22635328914836e-06,3
"19833",0.999820828587729,2.28560159224168e-05,9.78602946791304e-05,5.845510166967e-05,1
"19835",2.10498358395977e-06,0.940303350127439,0.00221425642143814,0.0574802884675389,2
"19837",7.21120005237909e-05,0.871514417082285,0.00426706305576023,0.124146407861431,2
"19839",8.10753001098538e-05,0.0146141073017727,0.933880916744183,0.0514239006539338,3
"19841",2.30021895483676e-07,7.18677723516163e-05,5.61299802527116e-05,0.9998717722255,4
"19843",0.000205782867615176,0.00107797207693707,0.998715399055995,8.45999452490536e-07,3
"19845",2.5343299148531e-06,0.999370041997368,4.17340178706266e-05,0.000585689654846304,2
"19847",0.000117439027304185,0.994660717576631,0.00514948267754315,7.23607185217709e-05,2
"19849",6.03620507483109e-06,0.996564351467155,0.000373321155472875,0.00305629117229723,2
"19851",7.03292080264307e-05,0.999449073047619,0.000179725411064181,0.000300872333290603,2
"19853",0.000190934525360677,0.997704198180317,3.90839733613636e-06,0.00210095889698592,2
"19855",1.90539780220424e-05,0.986991861910586,2.38567455725392e-05,0.0129652273658191,2
"19857",6.20416865429503e-06,0.957001481862563,0.0111760900125766,0.0318162239562057,2
"19859",0.000424951993195317,0.960256696433777,0.00389314954427309,0.0354252020287545,2
"19861",2.78109345543455e-06,0.999716623475243,5.68244907983174e-05,0.000223770940503198,2
"19863",6.21763950649494e-07,0.0218673980468915,2.90580142394461e-05,0.978102922174918,4
"19865",4.03491418459004e-07,0.00345687516277263,1.97799505444102e-05,0.996522941395265,4
"19867",4.2635504178372e-05,0.999005406504765,0.000931876299247107,2.00816918096402e-05,2
"19869",6.2203035837559e-07,0.987498114398535,2.59114253583886e-05,0.0124753521457478,2
"19871",0.000559359396268202,0.86147359882423,0.0122617671979481,0.125705274581553,2
"19874",4.48112961906384e-05,0.158196147186186,8.42328488320597e-05,0.841674808668791,4
"19876",1.75224321428765e-06,0.524793505600764,1.66258723675094e-05,0.475188116283654,2
"19878",0.0202963082226571,0.317032348287979,0.661700846936243,0.00097049655312037,3
"19880",7.84686344580315e-08,0.00201790983742849,7.86823075350321e-07,0.997981224870862,4
"19882",8.76726322110185e-06,0.996677751171093,5.39162763853834e-05,0.00325956528930031,2
"19885",4.33274007155651e-05,0.98258436145689,0.0148019454447271,0.00257036569766712,2
"19907",1.14452006052904e-05,0.99957433529932,0.000326048305911142,8.81711941630951e-05,2
"19909",8.20402503610352e-05,0.0275360045023089,0.972312611098406,6.9344148924356e-05,3
"19911",0.00158385096748274,0.0311971196204411,0.929140898319049,0.0380781310930269,3
"19913",4.61678191757448e-07,6.29054228322582e-05,3.19742849895651e-06,0.999933435470477,4
"19915",4.23427579094435e-05,0.373767169260275,0.000107885325425724,0.626082602656389,4
"19917",7.1752639092771e-06,0.0151910154503295,0.000192084522639329,0.984609724763122,4
"19919",0.000249297131757071,0.726160212156539,0.00162535128329921,0.271965139428405,2
"19921",2.69618478436145e-05,0.999433126529774,0.000470866038932085,6.90455834502249e-05,2
"19923",0.0341231970134874,0.899665112292205,0.0661899642532641,2.17264410437219e-05,2
"19925",1.29259706942709e-05,0.0489988027990363,7.19022497463178e-05,0.950916368980523,4
"19927",3.78398259655343e-05,0.998491472516749,0.00021490272405582,0.00125578493322959,2
"19929",2.77457101824954e-08,0.00160710823088958,1.97579839049614e-06,0.99839088822501,4
"19931",0.000376407263829842,0.99138751092002,0.00316253206217165,0.0050735497539784,2
"19933",0.00193580801366236,0.191369195377104,0.802912865522096,0.00378213108713758,3
"19935",2.56348113000091e-05,0.906101837141696,0.0895660610929653,0.00430646695403889,2
"19937",0.000724149279028245,0.998131630478512,0.000995312813285566,0.000148907429174422,2
"19939",0.000417657975847632,0.992402803670156,0.00248920377200107,0.00469033458199519,2
"19941",0.0001315562700889,0.0141117933134832,0.876811711713213,0.108944938703214,3
"19943",3.2151748308181e-06,0.00122525552536572,7.96780160413979e-06,0.998763561498199,4
"19945",0.00362897142798767,0.0751243191108746,0.921072472647463,0.000174236813674676,3
"19947",0.0002847176238826,0.0376413238179453,0.11808026132187,0.843993697236302,4
"19949",0.0437617318980914,0.621772329794874,0.334411367963308,5.45703437268835e-05,2
"19951",0.000157397891163242,0.270920723547472,0.0042771973755437,0.724644681185821,4
"19953",0.780639094548164,0.00296842782848655,0.216391859363475,6.18259874431432e-07,1
"19955",0.0504168216181485,0.0115917059526787,0.93797714584922,1.43265799530923e-05,3
"19957",0.00291644020611528,0.09257708666251,0.00262261000606672,0.901883863125308,4
"19960",0.000200000525090187,0.00519040596598394,0.993798630558866,0.000810962950059781,3
"19963",0.0664796116424053,0.00106252932460262,0.000890594785372969,0.931567264247619,4
"19965",0.000672995299372133,0.00170082354737515,0.997625891194097,2.89959155760929e-07,3
"19968",7.64587703930948e-08,0.0396869841111116,0.00250416059759911,0.957808778832519,4
"19971",0.00762056825544412,9.70685388376136e-05,0.00345201159546657,0.988830351610252,4
"19973",5.64049313256114e-06,0.983377707549559,0.000498738006516619,0.0161179139507914,2
"19975",4.25721055368547e-07,0.0307530647308976,0.000131748591422316,0.969114760956625,4
"19977",0.000286646124825469,0.00329365312606434,0.000335194095619469,0.996084506653491,4
"19979",0.000441727869953863,7.05652477909146e-06,0.999547083933328,4.13167193922764e-06,3
"19981",4.92883382175023e-05,0.977323408834197,0.0206791521718411,0.00194815065574388,2
"19983",0.000252369504934428,0.969521122747023,0.0300876432468226,0.000138864501220011,2
"19985",2.62664024559109e-06,0.151176091445597,1.92976924370935e-05,0.848801984221721,4
"19987",0.000413225778462402,0.759776209430634,0.107351788168354,0.13245877662255,2
"19989",0.00438899654045149,8.54300122318212e-05,0.995525519372056,5.40752607663526e-08,3
"19993",0.00326353989445912,0.413678311842586,0.539210733382526,0.043847414880429,3
"19995",0.000747230192202056,0.175373443240283,0.812956821107317,0.0109225054601985,3
"19997",2.03599769979716e-05,0.97238429911792,0.000184362777488083,0.0274109781275945,2
"19999",1.41647118030536e-06,0.892603728567071,2.73653665759971e-05,0.107367489595173,2
"20002",7.37505835244109e-06,0.00364447472107155,0.000652891243459337,0.995695258977117,4
"20004",0.000125295916808229,0.142050829254086,0.838445877654326,0.0193779971747791,3
"20006",0.00619050358805274,0.0513245614087708,0.940100588680306,0.00238434632287089,3
"20008",0.0262455272332707,0.0667356744069846,0.906045224253644,0.000973574106100845,3
"20010",0.0495817863995302,0.0246859320498637,0.925715744340331,1.6537210275011e-05,3
"20012",1.8033027834622e-06,0.223817249763505,0.000150023539495984,0.776030923394216,4
"20015",1.34113408559088e-05,0.000123706429793662,0.999862523900677,3.58328673069757e-07,3
"20017",1.79659224063758e-06,0.95029726658427,7.62109544299247e-05,0.0496247258690595,2
"20019",0.00318697207147701,2.27044930146273e-06,0.996810710571186,4.69080352096859e-08,3
"20022",0.00239719837270027,0.00556399839083445,0.99203145930832,7.343928144835e-06,3
"20024",0.414465376204865,7.99513424513273e-05,0.585454126904116,5.45548567660789e-07,3
"20026",0.414465376204865,7.99513424513273e-05,0.585454126904116,5.45548567660789e-07,3
"20028",7.2435267879363e-06,0.717883211515705,4.30268500781473e-05,0.282066518107429,2
"20030",1.8198352706183e-05,0.000385192583271871,0.999195587134107,0.000401021929914812,3
"20033",3.17236134456581e-05,0.590271654719276,0.00358359380560723,0.406113027861671,2
"20035",0.00470077592574509,5.96544692724352e-06,0.995293201971075,5.66562530077738e-08,3
"20037",0.000639914774754643,1.3772474934861e-05,0.999346308893217,3.85709376927727e-09,3
"20039",0.999118478674537,1.72867814725273e-06,0.000879791218592381,1.42872327523567e-09,1
"20041",0.0756862293050334,0.607095900239224,0.315209677024164,0.00200819343157954,2
"20044",0.103114316222524,0.458802851758828,0.422193226243836,0.0158896057748119,2
"20047",0.00680928438821154,7.89216285048924e-07,0.993189490277703,4.36117800454126e-07,3
"20050",0.821010936186077,0.00814622333307075,0.170766298584728,7.65418961244212e-05,1
"20052",0.00590868012121184,0.850655767511188,0.0586446725703932,0.0847908797972075,2
"20054",6.0559694341469e-06,0.00139213050012674,0.998572081585094,2.97319453452419e-05,3
"20056",1.40137277025309e-05,0.00210733948258995,0.000459858918233149,0.997418787871474,4
"20058",0.00150863832691474,0.000107956832295829,0.998383387202929,1.76378600238382e-08,3
"20060",9.48045810320601e-05,0.996009388901027,0.00232578095650562,0.00157002556143528,2
"20062",0.000141988941621235,0.984126898469833,0.0151683216387319,0.000562790949814043,2
"20064",0.000217793198505983,0.020380940808109,0.978719135982045,0.000682130011340226,3
"20066",4.16911387436997e-05,3.96768121466971e-05,0.999870730503892,4.79015452177311e-05,3
"20068",9.56864422707465e-06,0.999593641017089,0.000151834402288836,0.000244955936395184,2
"20070",0.000929212784016473,0.998535741908483,0.000351315719032391,0.000183729588468438,2
"20072",8.86482798806276e-05,0.00483963041642272,0.995071276083006,4.45220690499251e-07,3
"20074",5.71541060052069e-08,0.000226661164280252,5.87854203788569e-07,0.99977269382741,4
"20076",9.87971779789379e-07,0.118631419734771,0.0150209143793775,0.866346677914072,4
"20078",0.00425795107206416,0.0353069127853079,0.960016759286245,0.000418376856383309,3
"20080",0.00150122206251976,8.89188202386838e-06,0.998489745575931,1.40479525768178e-07,3
"20082",0.986815398273651,2.31723590898997e-05,0.0131609493531279,4.80014131536096e-07,1
"20084",0.016042294815661,0.00910574158301658,0.937084657121139,0.0377673064801837,3
"20087",0.00135412163502614,0.0565394052388575,0.942101108193392,5.36493272444186e-06,3
"20090",0.0303835056547944,7.83321140189022e-05,0.969537540067959,6.22163227825781e-07,3
"20092",0.742110447892986,0.222460039333563,0.0354280408966212,1.4718768300118e-06,1
"20096",0.550073906544882,0.41640965453467,0.0190335326096553,0.0144829063107926,1
"20098",8.18848211650729e-05,0.584035027130825,0.00134820787008175,0.414534880177928,2
"20101",0.00211679989378987,0.000146976649366572,0.997492497352488,0.000243726104356016,3
"20104",0.0611115357233549,0.933712221434522,0.000329122383439784,0.00484712045868387,2
"20106",0.000175516746404481,0.000932215506257947,0.998768405208787,0.000123862538551022,3
"20108",1.02681503780302e-05,0.937956836141574,0.00146673716971961,0.0605661585383283,2
"20110",0.512077151305193,0.309619741086684,0.0192540364142568,0.159049071193866,1
"20112",0.024961186467986,0.0144162053818453,0.960544435610676,7.81725394923644e-05,3
"20114",0.00279558170040324,0.0403002942462791,0.836930687018419,0.119973437034899,3
"20116",2.52163373500057e-05,0.00896372036369619,0.954465881535238,0.0365451817637164,3
"20118",0.00127395750214482,0.639154263162848,0.162948828400153,0.196622950934854,2
"20120",0.0332869449762541,0.0035979257178178,0.96193886681782,0.00117626248810801,3
"20122",2.38956759383503e-07,0.00212049171412157,2.21772405915399e-05,0.997857092088527,4
"20124",0.00294578885451173,9.13538451043223e-05,0.996962826087005,3.12133794202327e-08,3
"20126",0.982177048900474,2.32194011787827e-05,0.0177983152417554,1.41645659156347e-06,1
"20128",0.666796731302482,7.51748323394231e-07,0.33320249740806,1.95411338853992e-08,1
"20141",0.0508233671380205,0.768996086914608,0.000412845163781033,0.17976770078359,2
"20143",7.59156248741734e-08,8.49509413066242e-05,6.53843302463211e-07,0.999914319299766,4
"20145",0.00661870086124385,0.00570645663525353,0.987653181681544,2.16608219586789e-05,3
"20147",0.000273504673566887,0.00184350673020828,0.997862367846703,2.06207495214351e-05,3
"20149",5.21614824562256e-07,0.00196452592784231,3.75181194094931e-06,0.998031200645392,4
"20151",4.58601527045888e-05,0.796947004217025,0.00179062543076576,0.201216510199505,2
"20153",0.0341221321552417,0.202059415430228,0.00612996437729716,0.757688488037233,4
"20155",0.0003923238882691,0.000533981192233391,0.999071831645778,1.86327371930857e-06,3
"20157",7.00484620302449e-05,0.255803302104327,0.000559891235146097,0.743566758198496,4
"20160",1.82093441678216e-07,0.00010786613278586,1.41770232098682e-06,0.999890534071452,4
"20162",1.89658980101093e-07,0.00414807850284507,1.51121576223649e-06,0.995850220622413,4
"20164",0.000129431243635698,0.0535913162575443,0.000427539301270685,0.945851713197549,4
"20166",2.01396892599478e-05,0.000469597546307033,0.996909207758694,0.00260105500573896,3
"20168",0.0001870340353383,0.0542514603067463,0.568123411716217,0.377438093941699,3
"20170",0.000258397231751482,0.46995443994728,0.00106375491590489,0.528723407905063,4
"20172",0.00186045134244086,0.00409508810693702,0.994044099361538,3.61189083994889e-07,3
"20174",3.01905791674988e-07,0.644127638213151,2.22086714873798e-05,0.35584985120957,2
"20176",8.0210036058489e-05,0.777326085182416,0.19489637947623,0.0276973253052954,2
"20178",3.70723397910269e-07,6.77062297023703e-05,1.72273390655442e-06,0.999930200312993,4
"20181",2.57702215328654e-05,0.000293325505934881,0.99238675783136,0.00729414644117284,3
"20183",0.00257020276899227,0.987917496812478,0.00943414425782576,7.81561607040568e-05,2
"20186",0.00366596764589848,0.978357058892735,0.0179751736097777,1.79985158826844e-06,2
"20188",4.10604534990639e-07,0.00048658525635526,1.60425638077749e-06,0.999511399882729,4
"20190",4.72022911290779e-05,0.000106995518565065,0.999843880706941,1.9214833652243e-06,3
"20193",6.50600075690575e-06,0.0016568344613434,0.00378757332164856,0.994549086216251,4
"20195",0.000131970705715887,0.153834130406142,0.00473179015605876,0.841302108732084,4
"20197",0.000827070713384407,0.00324525389427187,0.995927099250493,5.7614185084438e-07,3
"20199",3.56689712502936e-05,0.0518078232453699,2.76921539039509e-05,0.948128815629476,4
"20205",0.999330523452497,5.12749036018718e-05,0.000618161201409637,4.04424918588862e-08,1
"20208",6.33502893916239e-05,0.952563519297274,0.00597514253399871,0.0413979878793354,2
"20210",8.20330888278695e-07,0.010851403520504,5.36143616998619e-06,0.989142414712438,4
"20212",2.7139901392817e-05,0.0961314179069647,0.000480451802950747,0.903360990388692,4
"20216",0.000137712788601873,0.00285223191943221,0.996821442470441,0.000188612821524992,3
"20219",0.567649165089844,0.00571934297125464,0.426486402821539,0.000145089117362546,1
"20223",0.000516026224799095,0.000167249281834828,0.999316701895409,2.25979573280576e-08,3
"20226",0.0196524251615204,0.833356054243362,0.14166431790971,0.00532720268540726,2
"20230",0.00017885985984271,5.02288435450616e-05,0.999770587050666,3.24245946350897e-07,3
"20233",0.995948425693198,0.00395514483815265,1.27499008557047e-05,8.36795677934998e-05,1
"20235",0.0381106367707964,0.00193490444814694,0.959954376541828,8.22392289302329e-08,3
"20239",0.00135166315294217,0.0470969906444833,0.951540262257249,1.10839453252576e-05,3
"20254",0.986101188911741,5.58165209890242e-06,0.0138931890054691,4.0430691187258e-08,1
"20256",0.000451139704307883,0.000256907701474666,0.999291889875018,6.27191998929445e-08,3
"20262",2.21052465456183e-05,0.195883144178206,0.000386690859691075,0.803708059715557,4
"20270",6.73110864454422e-05,0.0411399065678474,0.946281579139116,0.012511203206591,3
"20284",0.520702249505013,0.454229731446546,0.0249466932246141,0.000121325823827001,1
"20287",0.000262160889214733,8.00420505922263e-06,0.999729822707206,1.21985203101721e-08,3
"20290",0.993331490053031,0.00187621353533146,0.00473878027899151,5.35161326454993e-05,1
"20293",0.00336970241951322,0.0462660170424721,0.950310204215637,5.40763223779677e-05,3
"20296",6.45114280514371e-07,0.29996910548862,0.00992397525054048,0.690106274146559,4
"20301",0.000873131342227771,3.90332611445493e-06,0.999095209663208,2.77556684498314e-05,3
"20304",0.983702527110895,5.43001620170842e-05,0.0162423161536513,8.56573436952704e-07,1
"20306",0.0028467709573253,9.04354888072437e-05,0.997062774869855,1.86840129281906e-08,3
"20309",0.0100566164352849,0.279968661626712,0.70945686566957,0.000517856268433768,3
"20311",0.00159007427777469,0.00684229086520393,0.990646889370882,0.000920745486139074,3
"20314",0.000465252229510354,0.90014795628516,0.012492512757521,0.0868942787278089,2
"20318",6.44966616003618e-07,0.000237811159377363,5.65753645195899e-05,0.999704968509487,4
"20320",0.013620458320002,0.973893407233829,0.00586612120924713,0.00662001323692158,2
"20326",0.000879494650490226,0.808800550631937,0.014994334957898,0.175325619759675,2
"20328",0.0057864951452752,0.990852883635778,0.00328578005006758,7.48411688793661e-05,2
"20330",0.0376702851630714,0.00821349735151509,0.954103692510568,1.25249748459631e-05,3
"20336",0.945304961583978,0.0263406661735672,0.0283491865412152,5.18570123929757e-06,1
"20338",0.96210163340078,0.00157154101776679,0.0361028597175957,0.000223965863857472,1
"20340",0.000722418163880537,2.41275328041579e-05,0.999253256104973,1.98198342555146e-07,3
"20342",0.997331995275656,0.000798527657018597,0.00135920409476943,0.000510272972555631,1
"20344",0.00102754570371794,0.00313594729332126,0.9958337200255,2.78697746049392e-06,3
"20349",0.000274920347065862,0.000157933644240017,0.999567093846007,5.21626868452902e-08,3
"20351",0.0191430719583745,0.044132298746402,0.935540456837978,0.00118417245724558,3
"20353",0.0926802131092557,0.00190481415867024,0.905414501946846,4.70785227490476e-07,3
"20357",0.996974510430765,3.90427945544046e-05,0.00298644287010638,3.90457399069578e-09,1
"20360",0.962098817281216,0.00360317343492152,0.0342882065811572,9.80270270515319e-06,1
"20364",0.00676395431218767,0.0379120663222894,0.95528388075948,4.00986060433775e-05,3
"20366",0.989778162944761,0.00694768085520916,0.00323343532674075,4.07208732887811e-05,1
"20381",1.62568274023492e-05,0.291556693390842,8.93423684402783e-05,0.708337707413316,4
"20391",0.0425440843199371,0.543132199796466,0.414322556467144,1.15941645339942e-06,2
"20394",1.14057846205113e-05,0.99746253312268,0.000321336013034345,0.00220472507966542,2
"20396",3.44227011106149e-07,0.931025784329852,8.23599714120237e-06,0.0689656354459959,2
"20409",0.001841211109907,0.117647784493575,0.634720425423834,0.245790578972684,3
"20411",0.104023903601961,0.000842448116006266,0.895133623142934,2.51390980391538e-08,3
"20416",0.91446441856843,8.71539108669088e-07,0.0855347091829811,7.09479953961385e-10,1
"20418",2.16587042075356e-07,0.673463615720761,8.40752439232346e-06,0.326527760167804,2
"20420",0.974512374053418,0.0248283925924241,0.000110369686252605,0.00054886366790522,1
"20422",0.00081382441243399,0.00098263232994112,0.99810442978444,9.91134731848704e-05,3
"20424",0.0488945714999,0.000611523681647199,0.950493846883476,5.79349764520067e-08,3
"20426",0.999763361726106,2.15279371997339e-05,2.70735386759782e-05,0.000188036798018461,1
"20428",6.63488358937341e-05,0.153760542146656,0.84610745535263,6.565366482046e-05,3
"20431",0.0263307109210873,0.689708100460826,0.0989780176941085,0.184983170923978,2
"20433",4.32041480251198e-05,5.81753944663478e-05,0.999898453549631,1.66907877476643e-07,3
"20436",7.03264295165527e-05,0.0821267808418227,0.912432453283868,0.00537043944479284,3
"20439",2.59748984161116e-07,0.635088037579219,1.41021193906581e-05,0.364897600552406,2
"20441",0.997343445031419,0.000176259229056788,0.00247958670311727,7.09036406292971e-07,1
"20444",1.21291054252897e-07,0.000312882355801172,8.55330795499339e-07,0.999686141022349,4
"20448",0.0034008304940719,0.586676956591557,0.0248947098045639,0.385027503109807,2
"20536",3.52170094638032e-06,0.999391116949858,0.00049600810093715,0.000109353248258107,2
"20538",0.5720405289838,0.0919110141033537,0.336029582447686,1.88744651606958e-05,1
"20541",0.057451966808906,2.25661025557714e-05,0.942525430443593,3.66449454856701e-08,3
"20544",0.002695753903911,0.596432064340813,0.387158524248438,0.0137136575068374,2
"20546",0.00877290626146814,0.00209397091882987,0.989133024217252,9.86024496044488e-08,3
"20550",0.0490962678900908,0.450600758087947,0.493343962405219,0.00695901161674343,3
"20553",0.933727446864793,1.78518277515392e-07,0.066270840472331,1.53414459863413e-06,1
"20555",0.995852176411127,0.00411078955115388,3.62564045765393e-05,7.77633142579131e-07,1
"20557",0.403577720473809,0.287140276999804,0.304011873728248,0.00527012879813873,1
"20559",0.000137528096274924,0.000476075619983274,0.999379303647879,7.09263586272365e-06,3
"20561",0.000241242367568672,0.501446043777417,0.00375409537683985,0.494558618478175,2
"20564",3.70723397910269e-07,6.77062297023703e-05,1.72273390655442e-06,0.999930200312993,4
"20566",3.62381937210019e-05,0.133256431010219,0.866390811415165,0.00031651938089502,3
"20569",2.13685848212359e-06,0.723845266282827,7.46407110908849e-05,0.276077956147599,2
"20572",1.95138106699725e-07,0.0531195824495233,2.40031283270967e-05,0.946856219284043,4
"20574",0.00318372434669493,0.00027826820764062,0.996528519989649,9.48745601545125e-06,3
"20576",9.17358402724717e-07,0.000328436141395557,9.6704893329338e-06,0.999660976010869,4
"20578",0.00158248204689305,0.127673612392854,0.862267712400057,0.00847619316019622,3
"20580",0.000157166868257443,0.176465211278703,0.823084106152449,0.000293515700590632,3
"20583",7.35094798354659e-07,0.000194040817493044,7.29894357460862e-06,0.999797925144134,4
"20586",0.00290150301063211,0.0893799027701092,0.907699217940835,1.93762784240734e-05,3
"20589",0.000320035538045069,0.000164570883648223,0.999515381706939,1.18713676028362e-08,3
"20591",0.245371094722593,0.745374881638269,0.0092047701294639,4.92535096738547e-05,2
"20593",0.000130099507587537,1.73438412060751e-06,0.99986806538067,1.00727622172387e-07,3
"20595",0.000551700867796416,0.00363120171329614,0.995671368347148,0.000145729071759735,3
"20597",1.55484865307849e-06,0.994372102634648,6.61950734582897e-05,0.00556014744324038,2
"20599",1.8539574648299e-07,9.12155245215239e-05,1.9714894094144e-06,0.999906627590323,4
"20601",0.000213262781100096,0.997576588025194,0.0011559062840895,0.00105424290961602,2
"20604",0.000130454619839466,2.66585370722849e-05,0.999838853950147,4.03289294107564e-06,3
"20606",0.000153537331181552,3.6681540552947e-05,0.999809628486502,1.52641763901956e-07,3
"20608",3.32630865217172e-05,0.00171948517152256,0.99824566128289,1.59045906585197e-06,3
"20610",4.82096927883639e-06,0.00183293242379445,5.03601705580326e-05,0.998111886436369,4
"20612",0.284534853205175,0.0324027112712361,0.671191575119472,0.0118708604041166,3
"20614",3.35066010638681e-06,0.00766814801706992,8.08059704319364e-06,0.992320420725781,4
"20616",0.00037456427098287,0.983481220111147,0.0135784877804838,0.00256572783738568,2
"20618",0.998099665619278,0.00116769134993933,0.000690356650445199,4.22863803372209e-05,1
"20620",9.32025287501313e-05,0.00202855521661914,0.997736743930162,0.000141498324468809,3
"20622",1.23510096574802e-06,0.000690320503702284,2.63783030037766e-05,0.999282066092328,4
"20624",0.0267317611279445,0.000882371961635727,0.972385507109407,3.59801012750865e-07,3
"20626",7.62019878799309e-06,0.0944343894705904,0.900349056580801,0.0052089337498208,3
"20628",0.000555198561073129,0.728018616266721,0.269671149478865,0.00175503569334129,2
"20630",0.000825104961443516,0.0852155134656486,0.894710246565807,0.0192491350071011,3
"20632",4.50927115660258e-08,0.0114300414775896,7.21066119732215e-07,0.988569192363579,4
"20634",0.000110356195663575,6.34432384062633e-05,0.999826078352306,1.22213623872638e-07,3
"20637",0.981447434279086,3.41099062005143e-05,0.0184995794561852,1.88763585277897e-05,1
"20639",2.30283314494268e-05,0.222705332926648,7.47220923194161e-05,0.777196916649583,4
"20644",0.502993007117533,1.90685301712419e-06,0.497004832283769,2.53745681247996e-07,1
"20646",0.0244919587974416,0.00113686754459312,0.974323780939833,4.73927181317914e-05,3
"20648",0.000251709474416052,0.965223366551431,0.000797314579273015,0.0337276093948802,2
"20650",0.235012174894764,0.000327956119004471,0.764659595573551,2.7341268036792e-07,3
"20653",0.00142900780697195,0.990808523766216,0.00104663127243868,0.0067158371543735,2
"20658",1.52182958804695e-05,0.000818867096725596,0.999165662356162,2.5225123179748e-07,3
"20661",0.895499904168587,0.0215037122580705,0.0829843858189637,1.19977543787964e-05,1
"20663",0.00327935961066819,0.362257413342969,0.634432840930468,3.03861158939706e-05,3
"20665",4.71313717286407e-08,0.000122729028549853,9.28643578470442e-06,0.999867937404294,4
"20667",0.000947854372341541,0.972835316869008,0.0256299271257529,0.000586901632897421,2
"20669",2.77827165660972e-06,0.99145393868534,2.56018199297662e-05,0.00851768122307337,2
"20671",0.765531858716789,0.00134658900291268,0.232971656878659,0.000149895401639529,1
"20673",8.8930858252148e-07,0.974309838458878,4.46926762337169e-05,0.0256445795563059,2
"20675",1.30575816054316e-05,0.993214039445935,0.00669286125404547,8.00417184135449e-05,2
"20677",0.000453491948569089,0.555776295936332,0.443746760652774,2.34514623253689e-05,2
"20679",1.28095341091428e-06,0.975869652716386,7.66241396567277e-06,0.0241214039162372,2
"20681",7.55705610128146e-06,0.99981561651885,0.000109971163353143,6.68552616956688e-05,2
"20683",0.000154486940380541,0.699247946698761,0.300545676373151,5.18899877074077e-05,2
"20685",0.982955175930188,0.0168569426034821,4.07060644646913e-05,0.000147175401864963,1
"20687",7.6305258704634e-06,0.057254173098113,2.49294399674578e-05,0.942713266936049,4
"20689",0.692961665340085,2.87844130537211e-05,0.307009323278415,2.26968447053654e-07,1
"20691",4.41968928077651e-07,0.000402736174211731,1.99589821275988e-06,0.999594825958647,4
"20693",0.00167077065809801,5.99140014648907e-05,0.998269292073902,2.3266535489575e-08,3
"20695",5.68449045045293e-05,0.990830530710971,0.000568705448431054,0.00854391893609388,2
"20697",0.000570521858886239,0.000136995427687489,0.999213972031242,7.85106821837878e-05,3
"20699",1.42758800692399e-05,0.757868991759025,0.241740398057786,0.000376334303120474,2
"20701",0.000358193416345471,0.144354875934742,0.855284573601978,2.35704693485768e-06,3
"20703",0.0130701581524884,0.981486382913872,0.000306329618151889,0.00513712931548773,2
"20705",0.00587202081491361,0.00277872554321555,0.991348626323748,6.27318122742749e-07,3
"20707",0.000761253912019575,0.990449656099402,0.00872980957218739,5.92804163915532e-05,2
"20709",1.82549816321515e-05,0.0758053730756217,0.040168664761954,0.884007707180792,4
"20713",0.0195472289532277,0.940330335879206,0.000223240191464593,0.0398991949761018,2
"20715",0.108723437740158,2.82285746531574e-05,0.86242420779038,0.0288241258948091,3
"20717",5.77873138649015e-05,0.999349239561209,0.000247315308150568,0.000345657816775568,2
"20720",0.000529949116039268,0.0148775732710324,0.984546310899542,4.61667133859653e-05,3
"20722",0.000130655125840345,0.0193141620806724,0.980549379368111,5.80342537625711e-06,3
"20724",1.90336607232679e-05,0.773648394361824,0.000109625884977156,0.226222946092476,2
"20726",0.00140652398615083,7.52961831709369e-05,0.998518165395013,1.44356651535337e-08,3
"20728",4.67646253638526e-06,0.999655188919833,4.02425637136899e-05,0.000299892053916535,2
"20730",0.000167098209483004,0.544319658991194,0.00214871582714493,0.453364526972178,2
"20732",0.0963969542827125,0.480603896942988,0.422738587774083,0.000260561000216144,2
"20734",0.00259902515331344,0.592719714422351,0.404591170257134,9.00901672019092e-05,2
"20736",2.09500635274219e-06,0.126974491892398,6.61860993288267e-05,0.87295722700192,4
"20738",0.0715765316161193,0.019481224449689,0.523724885802552,0.385217358131639,3
"20740",0.291770619995519,0.103515935527794,0.6047132837367,1.60739987284347e-07,3
"20742",0.0023538520923705,0.99698696934872,0.000227410081211155,0.000431768477698704,2
"20744",4.0131131532197e-08,0.0393361850687244,4.44435828148053e-06,0.960659330441863,4
"20746",0.000168639768537525,0.919841143643979,0.0798380122106912,0.000152204376791949,2
"20748",7.05060429965879e-05,0.678037630551214,0.000115250396489251,0.3217766130093,2
"20750",3.2116684243337e-06,0.34933318031828,0.000826057561380028,0.649837550451915,4
"20752",0.00124830983766047,0.0311131684412054,0.967637143030738,1.37869039642192e-06,3
"20754",1.46417703720118e-06,0.986949899420328,0.000183759583427702,0.0128648768192075,2
"20756",0.000524730222631866,0.547021031307505,0.140198449555962,0.312255788913901,2
"20758",2.34435904776308e-05,0.352170844843859,0.267192762327101,0.380612949238562,4
"20760",8.86040236161341e-07,0.831741554928866,2.45439036599978e-05,0.168233015127238,2
"20762",3.24856910000115e-06,0.99867158763656,0.000109666472651601,0.001215497321688,2
"20764",6.15152515191515e-06,0.314018631839397,1.13511910726483e-05,0.685963865444378,4
"20766",1.05156314874122e-05,0.903798513489103,5.17951617016216e-05,0.0961391757177082,2
"20768",6.02250340542013e-05,0.168867371461957,0.00125385251358843,0.829818550990401,4
"20770",1.02399875038582e-05,0.973978314357442,0.025490118308929,0.000521327346125627,2
"20772",2.10158415274784e-05,6.50149544149223e-05,0.999912511349463,1.45785459468545e-06,3
"20774",0.00118362184715807,6.95497107368289e-06,0.99880940357291,1.96088583306665e-08,3
"20776",0.00190196533766148,0.996432244205548,0.00160856974170061,5.72207150902836e-05,2
"20778",0.663112568725396,6.79311334263385e-07,0.336886477198601,2.74764669078332e-07,1
"20780",5.72954011917532e-06,0.818159372631393,0.00126452589701053,0.180570371931477,2
"20782",2.09570872463311e-06,0.934006937492677,5.42909979280744e-05,0.0659366758006704,2
"20784",3.56024286444394e-06,0.999072290407631,0.000208160690253631,0.000715988659250966,2
"20786",1.62874419749429e-08,0.000971682721295864,3.15962546665104e-06,0.999025141365796,4
"20788",0.00225966863997711,0.977496467300731,0.0200823858379524,0.000161478221339304,2
"20790",3.09834685460876e-07,0.910080680219222,4.9539138504859e-05,0.0898694708075874,2
"20792",0.00395644403933294,0.462511760968227,0.0457210304183556,0.487810764574084,4
"20794",1.6670204937106e-07,0.538153835958813,2.30686292429379e-05,0.461822928709895,2
"20796",0.00364733304975125,0.000553680060096301,0.995798900596107,8.62940458411358e-08,3
"20798",3.70723397910269e-07,6.77062297023703e-05,1.72273390655442e-06,0.999930200312993,4
"20801",2.90246078789331e-06,0.00154140257281961,3.59964149263249e-05,0.998419698551466,4
"20803",0.00496037680567973,0.95866480422602,0.036342804488397,3.20144799034399e-05,2
"20805",0.00148188672722736,0.658472226209013,0.339924846188533,0.000121040875226987,2
"20807",3.70723397910269e-07,6.77062297023703e-05,1.72273390655442e-06,0.999930200312993,4
"20809",0.00107440167936436,0.995942700198629,0.00147172987145667,0.00151116825054967,2
"20811",0.00332300293087384,0.0257736357277417,0.0128637139337433,0.958039647407641,4
"20813",0.00416416531880095,0.473468632800619,0.444967650681325,0.0773995511992549,2
"20815",2.16233951723921e-08,0.00141600418041946,8.63715554381097e-07,0.998583110480631,4
"20817",0.000121272343566016,0.958335761301331,0.000226393369780307,0.0413165729853228,2
"20819",0.00818707028728011,0.657192315273004,0.334615869162362,4.7452773534198e-06,2
"20821",0.000892868100231477,0.00639980890600778,0.969454725581323,0.0232525974124376,3
"20823",0.0069864647253283,0.781521506266618,0.196077784481811,0.0154142445262429,2
"20825",3.32653554552677e-06,0.931761798219857,2.96482684878441e-05,0.0682052269761099,2
"20827",0.000382299489404407,0.167051774420699,0.000401029557546342,0.83216489653235,4
"20829",0.00180095196850163,0.0024452640009787,0.9957208593272,3.29247033193214e-05,3
"20831",2.41662972863589e-05,0.931246816555497,0.000141432598868629,0.0685875845483474,2
"20833",1.7625916265653e-06,0.8073421595648,0.000111081280997749,0.192544996562576,2
"20835",9.61784695921406e-05,0.968441833066491,7.50108651731974e-05,0.031386977598744,2
"20837",0.000135837738353432,0.997228877786458,0.000330090991943309,0.00230519348324513,2
"20839",5.38164067650482e-06,0.987977259338017,8.2905624216344e-05,0.0119344533970898,2
"20841",0.353347504441055,0.205599230718206,0.440973694991972,7.95698487667352e-05,3
"20843",3.53550769361225e-05,0.998657952908764,0.00127454818627241,3.21438280272044e-05,2
"20845",4.61677433439812e-05,0.445477013914869,0.001442990668274,0.553033827673513,4
"20847",0.00211533382741734,0.562277836412505,0.435246450289416,0.000360379470661447,2
"20849",0.000323059466627397,0.406550368184423,0.579792521351534,0.0133340509974155,3
"20851",0.00621636715055741,0.289881255683873,0.703845437407225,5.69397583441914e-05,3
"20853",0.517907926601673,0.00968829297109628,0.472400119064044,3.66136318653656e-06,1
"20855",0.000652491259806973,0.00288230757078287,0.996203809217556,0.000261391951854366,3
"20857",0.00135291504935663,0.367653116545531,0.630919303809454,7.46645956576753e-05,3
"20859",0.000104807357987312,0.021220034416883,0.978556134944287,0.000119023280843015,3
"20861",0.962688284870468,0.0338450169013627,0.000320779205885023,0.00314591902228447,1
"20863",5.50517227111091e-05,0.628329276051232,6.31548208360879e-05,0.371552517405221,2
"20865",1.16327794192612e-06,0.998073526436097,0.00113040770482129,0.000794902581140349,2
"20867",0.0010270363773179,1.17221542305933e-06,0.998971759589822,3.1817437305374e-08,3
"20869",1.52292805859916e-05,0.475088793923342,0.000341036248091073,0.524554940547981,4
"20871",0.00062235720000082,0.000123887262255613,0.997938879867601,0.00131487567014233,3
"20873",0.000350743040970043,0.000101270871568748,0.999107744466831,0.000440241620629948,3
"20875",0.0314213273135074,0.036832476702376,0.931697265541921,4.89304421954004e-05,3
"20878",2.51319094465934e-07,0.00348030760788058,2.19292215952674e-06,0.996517248150865,4
"20880",3.14134817743301e-06,0.81891957735678,0.000202534752949031,0.180874746542094,2
"20882",0.00173581412198452,0.000318290287703223,0.997942922753935,2.97283637754618e-06,3
"20884",0.000175755858092499,0.994419348523144,0.000341968463955279,0.00506292715480853,2
"20886",7.05882967360961e-06,0.277823812363767,0.00203167623230452,0.720137452574255,4
"20888",1.16064257311875e-07,0.114455025194381,1.83939682555309e-06,0.885543019344537,4
"20890",4.49016002001701e-06,0.781959005972232,0.000626500878401491,0.217410002989346,2
"20892",0.0502870870941173,0.464247828781082,0.485397910102647,6.71740221536285e-05,3
"20897",0.0196301055402926,0.881213491470325,0.0809248396824446,0.0182315633069381,2
"20899",0.00145623284353079,0.867704101486585,0.0887188938387491,0.0421207718311349,2
"20901",0.967451672241158,0.00138085375311094,0.0311517962475445,1.56777581863554e-05,1
"20903",0.0295937794482046,4.06762306604913e-05,0.965550936468877,0.00481460785225768,3
"20905",0.0181722127081384,0.0430010211913013,0.903226298562718,0.0356004675378423,3
"20907",8.26181282550385e-05,0.00088839040525848,0.999028395892162,5.95574324237223e-07,3
"20909",0.00136607658299321,0.547231310171062,0.424525098213694,0.0268775150322512,2
"20911",0.974525977368259,7.91188815451995e-06,0.0254659634110815,1.47332504659827e-07,1
"20913",0.000352415915236779,0.984020438410102,0.00896268061959945,0.00666446505506222,2
"20962",0.000143350269366707,0.0860801823654404,0.913716374958676,6.00924065166542e-05,3
"20969",0.0199835963296947,0.0030446262756709,0.963819901025469,0.0131518763691655,3
"20980",0.000211796721561921,0.0926135533207326,0.906479895380492,0.00069475457721352,3
"20982",0.000138437950724507,0.0123703540842279,0.987489755706107,1.45225894039605e-06,3
"20984",0.000695826382021759,0.991273755236005,0.000570150593262509,0.00746026778871127,2
"20994",0.0112188118149191,0.0102832795750414,0.977851304907489,0.000646603702550447,3
"21015",0.000722221237400278,0.156325338505812,1.56501094042412e-05,0.842936790147383,4
"21023",0.0296076319179595,8.9369141590401e-05,0.970302872663926,1.26276524064183e-07,3
"21040",0.00498812316711382,0.0851644360439747,0.909834373003014,1.30677858978107e-05,3
"21073",0.216954931499774,0.233789854696534,0.540762832142383,0.00849238166130947,3
"21222",8.90514704595118e-05,0.877936965787677,0.000635702688074027,0.121338280053789,2
"21224",1.38352069756537e-05,0.926519321566115,0.0692059420660323,0.00426090116087751,2
"21228",0.10815680732482,0.258177185779932,0.0111227803675494,0.622543226527699,4
"21232",0.0330004215227426,0.00201601574303616,0.964983207059398,3.55674823395659e-07,3
"21237",0.414703451590203,0.020549706307825,0.563764263057018,0.000982579044954144,3
"21240",8.41919932231224e-05,0.902286638419539,0.000115355271111473,0.0975138143161268,2
"21245",5.6759288186416e-06,0.744744759607379,7.07813030802281e-05,0.255178783160722,2
"21252",0.12851561944989,0.00484371324256463,0.866640560821439,1.06486106535044e-07,3
"21254",0.115958288472137,0.0503845521756173,0.83364396797709,1.31913751565028e-05,3
"21258",8.5482726864598e-05,0.896263209630579,0.0945384625144497,0.00911284512810679,2
"21264",0.000369298517113822,0.851612374400964,0.00700293730056345,0.141015389781359,2
"21305",7.69213382558294e-06,0.962929707094463,0.0156492397965921,0.0214133609751193,2
"21333",0.00135739472541676,0.106136651620675,0.892504791540296,1.16211361142731e-06,3
"21366",0.00287454180783084,0.971640243595728,0.0251629881731305,0.000322226423310228,2
"21377",1.70361931322433e-06,0.00121981070154317,2.00201709046691e-05,0.998758465508239,4
"21380",0.000342323687863744,0.0615232885217518,0.918494749854113,0.0196396379362713,3
"21387",0.999848689426212,6.26820287514482e-07,0.000150682878437913,8.75062378927677e-10,1
"21390",0.0100105386276168,0.00554106605949567,0.98444607846574,2.31684714779019e-06,3
"21392",0.0576775881219285,0.761446217712113,0.180395356322623,0.000480837843335985,2
"21403",0.000216412435971031,0.0768531870402393,0.89334042681174,0.0295899737120494,3
"21408",0.000553922908770718,0.000624547691845301,0.998760158453417,6.13709459672418e-05,3
"21412",0.97646614493448,0.000428767781139725,0.0228129292695324,0.000292158014847896,1
"21421",4.51508460292672e-05,0.995937348865564,0.00250149552150836,0.00151600476689839,2
"21424",0.96055986651438,1.22650433931641e-05,0.0394278571448574,1.12973695783854e-08,1
"21429",0.00533211135973392,0.00309470452850885,0.991546554761212,2.6629350544792e-05,3
"21431",0.000217741189299389,0.984506804095128,0.0140973488753714,0.00117810584020106,2
"21436",4.73735219431583e-06,0.997117204959339,0.00202770148446758,0.000850356203998785,2
"21439",0.000831114602674065,0.0293794585242677,0.965898425091562,0.00389100178149659,3
"21442",0.00113833317630436,0.732110299912471,0.0790635634380823,0.187687803473142,2
"21444",2.76429425047428e-05,0.995946662889228,1.2857713376888e-05,0.0040128364548908,2
"21446",4.84512674785959e-05,0.00589069263441981,1.26425361843101e-06,0.994059591844483,4
"21448",0.995243045031442,0.00465416833832925,1.19938411842544e-05,9.07927890446007e-05,1
"21450",0.0291092967231042,0.582402287611621,0.3497452142609,0.0387432014043748,2
"21452",3.57974752203003e-05,0.0218431229827821,0.978114511485648,6.56805634970079e-06,3
"21466",0.0218848805911471,5.17909574876767e-05,0.978063321528112,6.92325269117404e-09,3
"21470",7.14462398691293e-05,0.0952038842615829,0.903999426382146,0.000725243116401592,3
"21472",0.000741188424208978,0.0100383747334891,0.989220351536002,8.53062995285961e-08,3
