"","V1","V2","V3","V4","V5","V6","V7","result$classification"
"19812",0.786029828008239,0.163591768262812,0.0492308067946446,0.000533874619160002,0.000556706024955732,2.61851622734485e-06,5.43977739610347e-05,1
"19814",0.982984201285175,0.0125883068125411,0.000952228439308378,3.342660791574e-05,1.0816685712672e-05,0.00342941984048479,1.60032886217294e-06,1
"19816",0.00378251309714262,0.898301369422162,0.00596371486122855,0.0919172514693947,1.61509245883482e-06,1.06213647306139e-06,3.24739211396692e-05,2
"19818",0.488601634215246,0.498845173879111,0.000432160328761234,0.000566822888642054,2.77361287425968e-05,0.0115097450266627,1.67275328345415e-05,2
"19820",1.09709142349911e-08,0.00814155740380197,2.98471137707344e-05,0.991823160142346,5.41348469930451e-06,5.67431838486754e-10,1.03170361630404e-08,4
"19822",3.56686797282542e-07,0.00540011568135927,0.00584555837866878,0.980397398092688,0.00835531877086332,9.5300821026695e-07,2.99381413196082e-07,4
"19824",0.000151905387276506,0.837724068184217,6.03464639660633e-06,0.16057706597864,2.65277924494088e-05,0.00137451196008145,0.000139886050939092,2
"19826",0.759122391346815,0.0924274989383903,0.137793152808236,0.00138778131188415,5.35426713958135e-06,5.27086671188401e-05,0.00921111266041642,1
"19828",0.000148341505974334,0.578066704840721,0.000161218234055152,0.42141968276708,0.000201174088198768,2.72080738099835e-06,1.57756588948411e-07,2
"19830",0.896663117043505,0.00290783395123174,0.0990051226475253,1.96606129884976e-06,0.000338161113746782,0.00015150515598034,0.000932294026711811,1
"19832",0.136687021588523,0.109818146831571,0.0310468160230396,0.0191893232561158,0.703252918786088,2.20836084566214e-06,3.56515381761343e-06,5
"19834",0.0114075116350335,0.191273120264938,0.708901545781754,0.0850359148190611,0.00323911623375298,0.000142284450158419,5.06815301633157e-07,3
"19836",0.0655110730880075,0.909133864955188,0.00263329498121022,0.00107096065626288,3.75764050418103e-05,5.73472978959218e-07,0.02161265644131,2
"19838",0.998480108293311,0.000283542616912904,0.000765290778483729,3.53892818500609e-07,3.24945931224923e-05,0.000435857417968466,2.35240738234679e-06,1
"19840",0.0217809864569779,0.190073997441939,0.749694644552641,0.03778398300509,3.56683233703655e-06,5.42748815533259e-06,0.000657394222859506,3
"19842",0.0801942336587245,3.66056593023524e-05,0.000790717244238124,8.31464579357972e-08,8.18149457275046e-08,1.40550008013622e-05,0.91896422347553,7
"19844",8.64183827627028e-06,2.49561040257632e-06,2.06029462659126e-07,1.2660154007539e-06,1.94260003994608e-08,0.999969349441054,1.80216394032096e-05,6
"19846",0.912893107793241,0.000190540256329,9.01593866532446e-06,1.97994345787023e-08,6.77777633960782e-08,0.0848229136203889,0.0020843348141781,1
"19848",0.966740100897141,0.000220043038813797,2.29192108220541e-05,3.9938414734287e-08,2.68491778237287e-07,0.0329115868305269,0.000105041592503345,1
"19850",0.748660555898958,0.000867174937023779,0.000145535457424905,2.4861074100812e-06,1.81594796570049e-06,0.250293924191776,2.85074594414197e-05,1
"19852",0.0264909120096672,0.967025688375957,0.00175194276386283,0.00456927205705741,2.9400934414009e-05,0.000130788756608914,1.99510243257254e-06,2
"19854",0.996597146697681,0.000162827025413184,6.46331952122507e-05,4.62323836481486e-08,6.43497457268403e-07,0.00315270777014984,2.19955817028888e-05,1
"19856",0.0126010213760104,0.000260958288411521,0.000482914928703627,7.13440653068811e-05,5.11285013465851e-06,0.986447214069739,0.000131434421693787,6
"19858",0.000831949727916049,0.0106446865198807,7.27957874451482e-05,0.00256956982592536,6.38636351502215e-05,0.985801329185589,1.58053180931869e-05,6
"19860",0.265685258881914,0.562743553562086,0.156372072660139,0.0150930857909768,4.32593629522612e-05,4.5701463956013e-05,1.70682779760936e-05,2
"19862",0.990218509761952,7.97127499589344e-05,2.1850322851379e-05,7.88361121487578e-09,6.42192119237503e-08,0.00317470999522582,0.00650514506718843,1
"19864",1.86434888993655e-06,2.255571695316e-05,5.13906494057417e-07,6.42693613315345e-07,2.80989326002888e-08,1.0297495800933e-06,0.999973365485537,7
"19866",0.000685001556943301,0.795785314946985,0.0652194007373602,0.118938614657057,5.20745290218362e-06,1.14058232463639e-06,0.0193653200664282,2
"19868",4.26965164350791e-05,4.71619525835972e-07,0.00382620765492726,5.15218160284134e-06,0.996081113102984,4.4184680016923e-05,1.74244508357463e-07,5
"19870",0.985211706982835,0.011418101138605,5.82539247445766e-05,1.01303964516463e-06,1.76322420020932e-06,0.00257519912509612,0.000733962564873846,1
"19873",0.659630396122998,0.336475570371276,0.00141241791986862,0.000354979538368977,4.43463042168766e-06,0.000912561758260119,0.00120963965880704,1
"19875",0.00109576882421754,0.227000109139291,0.0354680054340914,0.736261012265584,0.000174515165466813,7.63888525685721e-08,5.12782496380024e-07,4
"19877",0.882832791776621,0.107194625674206,0.00651643841455854,2.60392747384227e-05,2.09723925427908e-05,0.00334415957396491,6.49728933682926e-05,1
"19879",0.0718600819639285,0.918120535059948,0.00665413632786504,0.0013025938687325,0.000281802032559495,0.0017510675157141,2.97832312529043e-05,2
"19881",0.895323168632156,0.0798646721944719,0.00472384759184942,0.00017291192244326,5.96351302731347e-06,0.00155521056286431,0.0183542255831872,1
"19883",0.718536344822586,0.0336189615446394,0.00215880915060543,4.63813260047804e-05,6.04894568448871e-07,8.51800003542472e-05,0.245553718261242,1
"19899",0.0142145151433332,0.072891456773525,0.910850056370477,0.00160503692507962,0.000321109389443573,3.72240126197593e-06,0.000114102996879464,3
"19908",8.7755069183603e-05,0.000825747829536087,0.977281942034571,0.00170206499350137,0.000645347358207626,0.000222136524531857,0.0192350061904687,3
"19910",0.0464379193075888,0.95238122204356,0.000277835121934515,0.000798069944145757,7.78881911428151e-06,6.37908579891397e-05,3.33739056673952e-05,2
"19912",0.570719834351958,9.06578102484128e-05,0.00591647999763345,1.71367687527441e-07,2.16793452560637e-07,0.000658150140476846,0.422614489538544,1
"19914",0.164753386947632,0.47595287106745,0.353448681128687,0.00306186050898179,0.00193635999695285,0.000811176761600382,3.56635886955884e-05,2
"19916",8.20314044614939e-05,0.439362893653403,0.000409080074085571,0.180774500138367,3.14333978096953e-05,0.000356970828482106,0.378983090503391,2
"19918",0.884265554057806,0.00843808067511772,4.67706494258539e-05,1.72198228708204e-06,1.19191993020639e-07,0.105737722147741,0.00151003129562855,1
"19920",0.100940350871643,0.0001165551186062,7.88657629105111e-05,2.16172399407068e-07,5.37540105876823e-08,0.898846032032837,1.79262875937617e-05,6
"19922",0.112294372963078,0.0357899482109241,5.61700908935722e-05,0.000373361886536283,0.851475294545092,8.39386231419536e-06,2.45844116270991e-06,5
"19924",0.817254511656905,0.128915377487884,0.00790846223030338,0.000117462846367706,7.3081159576973e-06,0.0456619799816054,0.000134897680976221,1
"19926",0.0261639268551926,0.421992732001507,0.538526825371959,0.00599884228478208,0.00365316864743271,2.91948553585209e-07,0.00366421289057313,3
"19928",4.66471629779076e-07,3.16411579941187e-08,5.27895268745532e-08,1.48386678399179e-09,1.55240596092218e-09,5.08439298593233e-07,0.999998937622114,7
"19930",0.983036574560039,0.0166407201731963,0.000136480255467015,3.96730477992768e-06,6.90037127024526e-06,0.000146637622071569,2.87197131755678e-05,1
"19932",0.998395190966216,0.000364586045365128,9.25587479911807e-05,1.31036972408738e-07,2.8085454367283e-06,0.00113854142944872,6.18322856970415e-06,1
"19934",0.0147243881546033,0.529847242086535,0.0385571028095986,0.415081852826585,0.0016341699578979,0.00015462069661629,6.23468164473416e-07,2
"19936",0.878525697390384,0.0507913218085713,0.0698344555703306,0.000263517822911683,0.000366385684760034,0.000203790805390579,1.48309176516903e-05,1
"19938",5.69152589535206e-05,0.154478924411783,0.12578003541692,0.718416959846433,0.00120718466196354,5.06337537095289e-05,9.3466502374783e-06,4
"19940",0.181262192139021,0.81130284185161,0.000129844637421009,0.000228677706604844,2.17473671563654e-06,0.000206327107429712,0.00686794182119808,2
"19942",4.99740196139308e-06,5.03863695707934e-07,6.44968103744874e-06,3.78748176345685e-08,6.30653962577894e-10,1.71547142616185e-07,0.999987839000691,7
"19944",0.0171167415868473,0.975682197438172,0.00275188494793997,0.0042675511168671,7.95748662558634e-06,6.98608435449169e-06,0.000166681339193619,2
"19946",0.305838975041108,0.671425868110295,0.00466517587143362,0.00111288626149147,3.00457448175711e-05,0.0168666420579856,6.04069128692358e-05,2
"19948",2.47455324304357e-05,2.10782661331918e-06,8.8135185964122e-08,1.7014183700926e-08,2.71603338972357e-10,8.1029137914168e-07,0.999972230928604,7
"19950",0.00123080923999934,1.32272013410118e-06,6.12934431239754e-07,8.46013565395466e-09,6.19225108037857e-08,0.998766883263189,3.01459599678313e-07,6
"19952",2.47455324304357e-05,2.10782661331918e-06,8.8135185964122e-08,1.7014183700926e-08,2.71603338972357e-10,8.1029137914168e-07,0.999972230928604,7
"19954",0.996120383739548,0.00315391918669587,6.95947472889506e-05,5.17916842295129e-07,1.61454007246544e-06,0.000627824558624385,2.6145310928233e-05,1
"19956",0.21891329587839,1.34572410766885e-05,0.134937707208067,2.67643316693514e-07,4.08877848052165e-05,0.638572568390366,0.00752181585397801,6
"19958",0.000602531553448765,7.82646350350136e-05,2.9069645589581e-07,3.55794514157385e-06,0.999131692164986,0.000183379049434279,2.83955498089761e-07,5
"19962",0.458637557736795,0.238723858866719,0.0185786930280954,0.0199369358867351,0.00193984169591033,0.261909859901456,0.000273252884289317,1
"19964",0.309210833655753,0.671967261958108,7.93481825540873e-05,0.000201215853411077,9.79860306385538e-06,0.00830435189731273,0.0102271898497973,2
"19966",2.64867194956657e-05,0.22516650315975,0.0319587870246697,0.736166962819016,2.67787993197063e-05,3.25792360848667e-08,0.00665444889851295,4
"19969",0.985800428397671,0.0037804467893242,0.00507359011641789,5.32352563245622e-06,9.77094414102055e-07,8.90279407304025e-05,0.00525020613580963,1
"19972",0.753120355820609,0.0362700436060271,0.000104041914839263,2.5593417443775e-06,1.6302947145032e-06,0.084805070181618,0.125696298840448,1
"19974",0.101780509068994,1.5007189597488e-05,2.65849279427375e-06,2.85035457659171e-09,7.51412327756431e-09,0.871853492244873,0.0263483226392627,6
"19976",0.623114917169597,0.308720615492767,0.00357504025866487,0.000136786280319634,1.07411322376377e-05,0.0642527162599517,0.000189183406462959,1
"19978",0.017558189986706,0.978121649287666,0.000160507793389992,0.00393995842811433,6.60885099019793e-07,9.26519754354085e-05,0.000126381643589266,2
"19980",0.824037463247606,0.000119828517920621,3.15494573475377e-05,4.25256410871131e-08,6.13473766392566e-07,0.175790942861386,1.95599163316811e-05,1
"19982",0.122669471567538,0.000273890976034267,0.00108922667492348,5.39372711574218e-06,1.10673498942728e-05,0.875943845339826,7.10436466783134e-06,6
"19984",0.00018203515813092,8.87090903190468e-06,1.23035246914926e-06,4.48403365994109e-07,2.79038748082293e-08,0.99980508846992,2.29880320757535e-06,6
"19986",1.67219468931584e-07,0.0578029100861133,0.00335002740392975,0.938763834883227,8.27539100276934e-05,1.8797782332794e-09,3.04617455323829e-07,4
"19988",3.5193440301391e-09,0.00516759363354636,0.000144445299134287,0.994643350073052,4.46034933389872e-05,3.55773415848163e-10,3.62581067228955e-09,4
"19992",1.07408166084028e-07,0.00488230493345439,0.00384209512568095,0.991235143272672,4.03072723957998e-05,3.95899260195534e-08,2.39770470719979e-09,4
"19994",0.978582787332329,0.0207334363296287,0.000597076420415808,5.62629386182353e-06,2.63743048372135e-05,3.43348778913152e-05,2.03644410364998e-05,1
"19996",5.17524321032301e-07,0.0457738258692645,0.000249110733186603,0.95396379434076,1.26916816730854e-05,5.58891145987008e-08,3.96168077035932e-09,4
"19998",0.0998172465401732,0.0169522097521126,0.482899530934087,0.00289323187869501,2.82101166806499e-05,0.0063871907182305,0.391022380060021,3
"20000",0.770114581157309,0.000122953199704225,0.219637512023328,1.62044008242054e-06,0.00798221171516174,0.000307516510636603,0.0018336049537778,1
"20003",0.921784930428636,0.0682204615585933,0.00934598352372249,8.83779137539601e-05,0.000144376822905741,1.99493307333328e-06,0.000413874819315031,1
"20005",0.969514760166002,0.00018271595083835,2.37820955484254e-05,1.24534500830367e-08,7.90095812348258e-08,0.0293101426533982,0.000968507671182296,1
"20007",0.0457190857307488,0.708297501187847,0.227633117550871,0.0171290317925029,0.000711580144038783,0.000502823300878982,6.86029311252669e-06,2
"20009",0.000128151153494645,0.391098375180394,0.000937728907242979,0.606628600540267,0.000452250230546768,0.000351188355427897,0.000403705632626592,4
"20011",0.792031498306863,0.169421587836194,0.00105479776749042,2.98953162048286e-05,5.37159772457167e-06,0.0130721737495187,0.0243846754260045,1
"20013",0.850724545308261,0.00354557418522996,0.0179389558104348,7.58704892272495e-06,7.79453766292098e-06,0.127766923609511,8.61949997728613e-06,1
"20016",1.13942686609769e-06,0.0994781745117164,0.00309818910692427,0.895191505714476,0.00222428944946479,6.07071106812687e-06,6.31079484482938e-07,4
"20018",1.1835952420641e-09,3.74712940333647e-05,1.07713047741625e-05,0.0819495547983977,0.918002190540195,6.93240482240012e-10,1.0185764179903e-08,5
"20021",0.00179665065326738,0.912573877315185,0.000326249260628806,0.0851427059657704,0.000157242166432791,5.00239923402565e-08,3.22461472375509e-06,2
"20023",0.0100593253219638,0.914324186759994,0.0332835374063275,0.041828286204402,0.000444616434251136,5.21186993282867e-05,7.9291737332819e-06,2
"20025",2.05516247444209e-06,0.0215103399113094,0.000332304990607517,0.692165094938436,0.285989664882573,3.33200809093649e-08,5.06794518587501e-07,4
"20027",0.741252886237595,0.00158255820111485,0.0151192383207458,1.10041126218017e-06,1.25179548355745e-06,2.0249550531714e-05,0.242022715483267,1
"20029",0.983493797319047,0.000305365391500705,0.000521063373238085,1.83081777069769e-07,3.26548995796405e-08,0.0105321486726178,0.0051474095069197,1
"20032",0.994637933523307,0.0019692336046425,0.00042548694869183,6.21463731779932e-07,3.59431587161586e-06,1.25649536263958e-05,0.00295056519012863,1
"20034",9.93605624579999e-05,2.22732183986208e-05,2.92348532808815e-07,5.49120930817114e-08,2.6624828945521e-09,1.80246113475762e-07,0.999877836049921,7
"20036",0.0191658354551488,0.000310608366574423,0.966931887137521,0.000412824019678652,1.85479252793129e-05,0.0130411941134493,0.000119102982348722,3
"20038",4.1345069494525e-05,0.114605960205811,0.171845154152239,0.710705370611428,0.00280199009039451,1.82630517630449e-09,1.78044326775628e-07,4
"20040",4.71897400767544e-07,0.165372682012008,3.71120646754407e-05,0.825031426465941,0.00940092655831718,3.00860589437197e-06,0.000154372395763618,4
"20043",0.000578448672879485,0.102989546805516,0.00676210850657955,0.889373731570241,0.000295739800580828,3.75072937924542e-07,4.95712646737958e-08,4
"20045",5.25032680537087e-09,0.00461982036287195,1.64998491349648e-05,0.994565059274043,0.000798598336936999,1.65933547695381e-08,3.33331550097103e-10,4
"20048",2.09752284227731e-05,1.55097423811081e-07,1.03923021943263e-07,8.32490112908557e-09,3.03931598687557e-08,0.999978536282287,1.90750783298661e-07,6
"20051",0.561519093465586,0.161056006360462,0.122801913876112,0.121354935392308,0.0166147005174452,0.0166526709136281,6.79474458877871e-07,1
"20053",0.000893653067569983,0.970047709512564,0.000737615299431691,0.0282106535399245,1.52985174516927e-05,7.18745717055011e-05,2.31954913520913e-05,2
"20055",0.00276386430479158,0.0507290713467701,0.88049428117021,0.0472908441917709,0.0187137630417789,1.0699044564286e-08,8.16524563424752e-06,3
"20057",3.77585360839698e-05,1.44962571651905e-07,9.98883291053968e-07,4.25179327368877e-08,0.999595265194427,0.000352806537017654,1.29833686757185e-05,5
"20059",0.00067176292346331,0.9759717976935,0.000463661828453097,0.0220818692963886,0.000704608900002694,6.13511785285456e-06,0.000100164240339261,2
"20061",0.00602444615551651,0.983090220781365,0.00212613087347291,0.0086245500851005,5.0320919106717e-05,2.84591035517924e-05,5.58720818862949e-05,2
"20063",4.98913415558274e-06,0.000154451379305825,0.000213026194493038,0.0194544630888881,9.04263715494123e-05,0.979437119346768,0.000645524484840012,6
"20065",4.15280173176093e-07,0.00321419907301235,0.000455061154331302,0.228095239757612,0.768235082926004,3.52422648367177e-11,1.77362496888801e-09,5
"20067",3.38740594932061e-05,0.110739351678141,0.00125354039414307,0.881215400758609,0.00655544876269835,0.000202380941822449,3.40509373675293e-09,4
"20069",0.547052823823714,0.000125618753683888,5.67080346257021e-05,1.01942622514873e-07,1.16581910918229e-06,0.452756310127414,7.271498831195e-06,1
"20071",0.00094967927044608,0.00310717477102772,0.994536946107233,0.000233197919351839,1.53576912556245e-05,1.66357659070156e-05,0.00114100847477906,3
"20073",0.0785639381001324,0.00577374505836584,3.21246420790067e-06,8.45647680513492e-06,4.26668076898438e-07,0.915372848387842,0.000277372844569933,6
"20075",5.59511522952473e-05,4.49709082247962e-07,0.000555790530112614,1.22066987725468e-06,0.999386258387831,3.13643831269515e-07,1.59069699537465e-08,5
"20077",0.00133922742791266,0.145686479159398,0.667194282783267,0.185466063319294,1.1985037367853e-05,0.000298306943497913,3.65532926291594e-06,3
"20079",0.0301015678678683,0.0113106875067603,0.00891465769094613,0.0951669955807051,0.000460721098094902,0.854030304687399,1.50655682265167e-05,6
"20081",0.00162098230986476,0.405200225094291,0.0548791047358105,0.367603206967286,0.170690111628632,6.35059871664191e-06,1.86653986695176e-08,2
"20083",0.00324430245970313,0.000172878735847696,0.152929202292586,0.000825056677042585,0.000120554495130548,0.84132565521001,0.00138235012967979,6
"20085",6.10241646173102e-09,0.00246111624192408,0.000191555003292012,0.997159971945042,0.00018734981655428,6.13811171198602e-11,8.29389561029611e-10,4
"20088",5.30799242779227e-05,0.141351693185513,0.00322145462340467,0.854926162850203,0.000447504932836615,8.39725904345923e-08,2.05111738765984e-08,4
"20091",7.12223273120173e-06,0.00039541276426188,0.000103978625897416,0.000161794116027351,0.999330844827369,8.47036506326073e-07,3.97207262191794e-10,5
"20095",0.00303986171104103,0.160320375024837,0.000520999792534119,0.00221966455887461,0.000107003177231073,0.80201674906465,0.0317753466708325,6
"20097",1.18949243373249e-08,0.00197265196143435,0.000687917695959324,0.99653349987844,0.000805918127481022,8.58513601805781e-11,3.5591009534899e-10,4
"20099",0.000347859002866845,0.792926067182949,6.92700424542156e-05,0.111411779169682,6.31170387919028e-07,0.00263581195082279,0.0926085814808374,2
"20102",0.00052134173663053,0.000538323125597196,0.000109948726636839,0.000113359522844655,0.0521863491083157,0.946530514462278,1.63317696893587e-07,6
"20105",0.00138365164319095,0.308487942158212,0.000896637163251298,0.688523138498071,0.000169366967361298,0.000539091936566065,1.71633346780843e-07,4
"20107",5.67928326504144e-05,0.46995228939452,0.0669530164805,0.46298875120159,4.78660991293856e-05,4.47597031490345e-07,8.3639457903839e-07,2
"20109",0.00477685651436487,0.815059853432674,7.11089624524857e-06,0.0371775030415646,4.42880279423075e-06,0.142611619366614,0.000362627945743367,2
"20111",0.320538461688063,0.000339920448270832,4.265171605376e-05,1.22386054552726e-06,0.673629080812109,0.00543639099605008,1.22704789075178e-05,5
"20113",0.000739544347208513,0.186449728364825,0.762737924830915,0.0457718632441066,1.58657075819215e-05,2.65194676547922e-07,0.00428480831068628,3
"20115",0.994791249634485,0.00227582593777715,1.7266299386775e-05,2.9087025282053e-07,0.000211571617882868,0.00025888262749224,0.00244491301272382,1
"20117",0.00023463456517112,0.0461724142758554,0.0137679954059057,0.029169269618894,0.520782836516672,2.84351302169443e-06,0.38987000610448,5
"20119",3.00503119263289e-05,0.167145967745934,0.0397724626823071,0.76403153789582,9.49396062232435e-06,1.47358090167557e-08,0.0290104726675809,4
"20121",4.82260928094146e-06,0.161449360620012,0.0377867833832755,0.800634039353224,0.000124558280439141,1.13472671359044e-08,4.24406501725167e-07,4
"20123",2.06685874567807e-06,4.72600678958659e-05,0.000543359924395778,0.000468077764283697,0.998939231019514,2.93691413626676e-09,1.42825059876956e-09,5
"20125",0.903292564216245,0.0012520734157653,0.00116873107864559,9.68851635492339e-07,8.38005488244775e-06,0.0942722966310127,4.98575181316134e-06,1
"20127",1.90617254718557e-07,0.00639769875713597,1.74349752078476e-05,0.993561852010469,2.25386843790328e-05,2.77958012532749e-07,6.99754076314946e-09,4
"20140",0.000702683490041852,0.0029148582939355,0.990502447343207,0.0012352125256209,0.00462753855073075,2.09189283941875e-08,1.72388775356665e-05,3
"20142",0.00389618501191883,2.47821832805982e-06,6.23406012857841e-06,1.36634248521447e-08,1.50783398334708e-07,0.996094346695937,5.91566864658393e-07,6
"20144",0.966214546863518,0.000455658144928769,0.0223082352074052,7.55976629184157e-07,0.00470752821503577,0.00628391132830038,2.93642641829076e-05,1
"20146",0.236895454945113,0.00224496793002353,0.393190330064742,0.000254824072300476,0.000727125205537062,0.36666516596618,2.21318161035438e-05,3
"20148",0.941256261391601,0.0174115361429941,0.0408481681540168,0.00023820725657788,4.17111297936594e-05,0.000194943301501885,9.17262351401536e-06,1
"20150",0.619051235853765,3.82870631950488e-05,8.4159990367223e-06,6.48133917700519e-09,4.64473066570025e-08,0.379421245512122,0.00148076264323502,1
"20152",0.852283698428886,0.104369810688491,0.041923518878036,0.00114364683185658,7.60778250785884e-05,0.000147864144445396,5.53832032063867e-05,1
"20154",1.33600369242176e-06,0.000350120943855819,0.000233263774176019,0.0886507428207382,0.910760906202889,3.6301418922045e-06,1.12756445175994e-10,5
"20156",0.01185394940135,0.457869794232789,0.471022410828151,0.0189766419014817,0.00323642839011895,0.0369883077513325,5.24674947762147e-05,3
"20159",0.426806370392421,0.000103097274942022,0.000152930624965934,1.1512570640124e-07,2.22350084169528e-06,0.572930710236442,4.55284468122645e-06,6
"20161",0.00322402759360342,0.000156455008637326,0.00136514268223194,2.3197263934794e-05,8.91285079411488e-06,0.995165600827649,5.66637731492665e-05,6
"20163",0.875543083414898,0.119538125112588,0.00141304476235296,0.00206962159003248,0.000891202194437283,3.62112181332624e-06,0.000541301803877897,1
"20165",0.000207286725238387,0.00198729017630183,4.22391277391479e-06,0.00153550807905869,5.2628060069163e-06,0.996259976897028,4.51403591652448e-07,6
"20167",0.967486843103986,0.0236578164218556,0.000574597465395641,5.89449335226467e-05,2.79505368509476e-06,0.00821312847207988,5.87454947512814e-06,1
"20169",0.000110547624868218,2.8445564050146e-07,4.17737030788556e-07,6.55788815590933e-09,3.77711455001691e-08,0.999888495209459,2.10643967623893e-07,6
"20171",6.23605937850568e-08,4.62552364164692e-05,0.000192525539917544,0.0398081939155009,0.959947860854697,5.10201795251568e-06,7.49214061277625e-11,5
"20173",0.000302878813810509,0.0162006647670752,1.77152202947869e-05,0.0131297417205819,3.11400922656706e-06,0.183789631637182,0.786556253831829,7
"20175",0.949874742721981,0.0370557160706733,0.00305452862029212,7.60214365815424e-06,9.76541180538828e-06,0.00981496835012247,0.000182676681467774,1
"20177",0.000685173945467272,0.477362840289073,0.000556522311952575,0.0618296266859387,1.74901048944951e-06,0.000107882384680156,0.459456205372399,2
"20180",3.27933502136939e-06,0.12760967444947,0.00292119556044951,0.868403260730998,0.00105917261829685,3.87544900464701e-11,3.41726700911343e-06,4
"20182",0.000196398691464844,4.72584705043125e-08,5.70266222092741e-08,6.55421634860589e-10,1.16627282057817e-05,0.9975778495919,0.00221398404791532,6
"20184",0.0239025895739399,0.000263027470364008,0.000180129160331429,1.18025814490784e-06,4.7863862208228e-07,0.975649567402086,3.0274965121476e-06,6
"20187",0.000444900081416474,0.00381561211831619,0.00311683374023298,0.000138429017754184,6.22046066006399e-08,0.000844472737756282,0.991639690099917,7
"20189",0.00549905942880711,0.973980789139679,0.000133749844804753,0.0171496632460382,7.73218271525014e-07,1.88048215512616e-06,0.00323408464024376,2
"20192",0.00149106339989454,0.430110138766046,0.000145829779121925,0.360022370305678,0.185734304521713,2.405355232102e-06,0.0224938878723142,2
"20194",0.049845575680282,3.74146009960979e-05,0.139346729225926,4.87599745289456e-06,3.15450031924353e-07,0.697699094128238,0.113065994917072,6
"20196",6.1185651879061e-06,0.0199976647672881,0.00103623766424527,0.89645132831306,0.0825085742392739,6.12696601794374e-08,1.51812848716192e-08,4
"20198",0.289501041576638,0.526337936069472,0.165272058734362,0.0150020661650454,0.00300759124164565,0.000612183175246498,0.000267123037590042,2
"20204",0.579369058993747,0.000221530283679475,1.75787220174728e-05,1.18741666890861e-07,4.49971478159842e-06,0.420378303916641,8.90962746609631e-06,1
"20207",1.52862590722505e-05,0.022277162848433,0.01005371089538,0.935019490174624,0.0326159001691163,1.84482287102061e-05,1.42466428999803e-09,4
"20209",0.855301666339342,0.0035141351086634,0.0299715441475011,7.11815558661322e-06,0.0655666949626532,3.03140718034189e-06,0.0456358098790736,1
"20211",5.48286177646531e-06,3.89029265915746e-05,0.00121528705267163,0.000380628416831941,0.998359667830863,3.08890939812108e-08,2.21715147738604e-11,5
"20215",0.000760495784369836,0.0122334078366236,0.795963560127864,0.190985696163929,4.81666643039335e-05,7.78117983241662e-06,8.92243076939006e-07,3
"20218",0.0168065413218568,8.34457772477615e-06,3.22651113849438e-06,1.9660603830818e-08,2.04830208073056e-07,0.983180902134137,7.60964331346684e-07,6
"20222",0.00131946188765142,0.0263487290819784,0.0197769638834428,0.928458689906864,0.0240517771418384,4.43664824230425e-05,1.16158021375283e-08,4
"20225",0.938826062073855,0.000164862345798215,0.0408302536743675,3.93631961199316e-06,0.000166646415007146,0.0198626058413616,0.000145633329998906,1
"20229",0.00136466985241835,3.81248350196859e-05,0.998355970772857,2.68138901685356e-05,0.000203413966039399,5.20522830312313e-06,5.80145519366973e-06,3
"20232",0.00679611470124842,0.398546821454678,0.566554980919899,0.0241856158487558,0.00390301467267983,5.97711845265199e-06,7.47528428583716e-06,3
"20234",5.43661990343117e-09,0.00339659832460544,4.21154140257475e-06,0.977268744535505,0.0193302372349214,9.50552037198334e-11,2.02831891057271e-07,4
"20238",4.76774593229809e-05,0.52419557698375,0.00852939074416541,0.466448348762264,0.000769317981923233,9.17403274709979e-06,5.14035826791956e-07,2
"20253",4.4368059597809e-06,0.00437013436682192,0.291404575535603,0.70418838738778,3.19166492046672e-05,3.15091094143303e-07,2.34163536565184e-07,4
"20255",0.994921262653655,0.0018683066786721,0.00280297671142017,1.93503625691531e-06,0.000228348712407798,0.000176087131385953,1.08307620135628e-06,1
"20258",1.74973277244266e-05,0.351023540660948,3.87931174928211e-05,0.648894732813822,2.47952145218941e-05,2.52150041418228e-08,6.15650487346941e-07,4
"20269",0.00481161244367539,0.932756335338804,9.60815669061225e-06,0.0452123997318385,2.38149837284295e-05,0.0171773589687159,8.87037654677931e-06,2
"20271",5.69705768931147e-05,0.54254425678811,0.000111821512360906,0.447033325187527,5.37501530558963e-06,9.85845821006291e-08,0.0102481523352214,2
"20285",0.0184920677591077,0.00301049740875132,0.00960614572874977,0.000218675710037047,1.82109447481753e-06,0.000761008633232824,0.967909783665646,7
"20288",0.00138844735747275,0.102826645191984,0.797497121269095,0.0980212241372889,0.000233641170746754,3.15119518948194e-05,1.40892151759635e-06,3
"20291",1.85049380849218e-05,0.411223242434692,0.00326132143652944,0.24836561787237,0.337129255678427,1.85038626032751e-06,2.07253635950271e-07,2
"20295",0.0115626321626176,0.9162659141984,5.08211940257557e-06,0.0217838201269864,3.59205098427253e-05,0.00436288122797688,0.0459837496547736,2
"20298",0.997592682473906,0.000191734940645618,0.000283645701592628,7.08178322120952e-08,8.29976614455978e-07,0.00190952259888122,2.1513490527962e-05,1
"20302",0.327994173667785,0.0077489966957418,4.67146889626734e-05,9.44336398162395e-06,2.51270017308932e-06,0.662778138070717,0.00142002081263911,6
"20305",0.998954628165155,0.000187304144649625,6.03636739086186e-05,4.11142737634924e-08,2.96381146172725e-07,0.000232556776562581,0.000564809744303925,1
"20307",1.11729291879558e-06,0.123184774051791,0.000655154067674469,0.876007324035332,0.000151609899780059,1.50517364194659e-08,5.60076725989083e-09,4
"20310",3.26177076711244e-09,0.00208831640287971,1.27596806838261e-05,0.997797861646291,0.000101032573636764,1.6930574603307e-09,2.47416803950492e-08,4
"20313",0.000517129171686443,2.54871313583176e-07,1.00179493527441e-07,8.23524497619858e-10,3.27854279293300e-09,0.999475380382332,7.13129310728042e-06,6
"20315",8.69748121266163e-05,0.427958228070952,0.0098999043435842,0.562007138147227,3.84351419808117e-05,3.09063261914971e-07,9.01042086659428e-06,4
"20319",1.2884235939976e-05,0.00262079534115466,0.00961871739646821,0.743533991265787,0.244213545972496,3.46854108798759e-08,3.11027431503966e-08,4
"20321",3.10326916583833e-06,0.0186435127330356,0.0019771701063164,0.979367724705034,6.04437314032812e-06,2.22869606322823e-06,2.16117244534127e-07,4
"20327",3.89078352244183e-06,0.527448493826093,1.71501105539117e-05,0.472512454643707,2.85145081048729e-06,8.35356524632536e-08,1.50756496611907e-05,2
"20329",6.11916783556033e-05,1.51101743706239e-06,2.71804967972666e-06,6.23929527091577e-09,1.01045159869499e-10,3.36419876471382e-05,0.99990093092654,7
"20335",5.92660396340091e-07,0.0244521797279805,0.000179914530783106,0.925868501985876,0.0494984352848581,3.75661739746616e-07,1.48366197333332e-10,4
"20337",0.818679220924929,0.000227851374405372,6.81898891113745e-05,1.49377320401196e-07,2.65421798088983e-06,0.181017554450066,4.3797661863687e-06,1
"20339",0.0025892565443603,0.00048481639884318,0.394228487106871,0.00187796551441206,0.600602113683653,1.27671636407374e-06,0.000216084035496513,5
"20341",3.3467441576212e-06,0.00164947158509751,0.00172017336687898,0.015035665111914,0.98122245348711,0.000368886444821704,3.26001967644129e-09,5
"20343",3.0976442307251e-07,0.00460559600017621,0.000101115718248227,0.994350640546373,0.000926948015326621,1.53791099303726e-05,1.08455225849058e-08,4
"20345",0.916805171835988,0.05274743411402,0.0118821080753928,3.92072351590084e-05,1.99492606214276e-05,4.15253229135393e-06,0.0185019769465275,1
"20350",0.00116706102744794,0.00124755027455143,0.987221256099565,0.0057687651237373,0.0034855848450005,0.0009414631300525,0.000168319499645781,3
"20352",0.000260801228440833,1.49815569429252e-06,1.5789047110124e-07,4.04197220999567e-08,5.06858794107631e-08,0.999737283759169,1.67860622779561e-07,6
"20355",0.0109995633459451,0.0028455707915584,0.00038007855424494,0.000110310072156848,6.18468826641722e-05,0.985543090682003,5.95396714273918e-05,6
"20358",0.0311102366885151,1.84921875849773e-05,2.79742105214473e-05,2.34764749282255e-07,6.14453313482915e-09,0.00963540636003087,0.959207649644065,7
"20363",2.74311789665009e-05,0.0612421353833333,0.00364559232382862,0.93507064663174,1.13704801804394e-05,2.73624141031553e-06,8.77605407340745e-08,4
"20365",0.00886714243840413,0.169806506160153,0.0978506028130067,0.0949045363535066,0.628570167800463,9.25525094942904e-07,1.18909371566687e-07,5
"20379",0.988011626733842,0.0102687236292202,0.000331119986359594,9.40291956592982e-07,0.000517373337949042,0.000727153103085224,0.000143062917586957,1
"20387",8.54061018245788e-05,0.534788541358118,0.000184577959916979,0.463871625296529,0.00106969959614506,1.20466463534408e-07,2.92210028116741e-08,2
"20392",1.5566535847999e-06,7.25219980205917e-05,0.000127115641161402,0.00130362351837776,0.998495180531006,1.63113360032759e-09,2.67158783416265e-11,5
"20395",0.550846937211052,0.0415743054124258,0.406244078384017,0.000353619247100378,8.65703576268972e-05,0.000877024619983064,1.74647677939413e-05,1
"20397",2.42568486887483e-05,1.01170846754234e-07,7.37498550761931e-08,1.0401237498623e-09,4.92720361070028e-10,0.0025599145884215,0.997415652109344,7
"20410",0.00119883045124156,0.91007657550969,0.000648571274945893,0.087789992016449,0.000188585384284248,5.88967750559136e-09,9.74394737116876e-05,2
"20414",0.784698297908969,0.00484827793749002,1.71167669609125e-05,1.10297473173093e-05,2.67749879004964e-06,0.210389353317394,3.3246823079146e-05,1
"20417",3.90050383637643e-09,6.98002914636638e-05,7.50213478927169e-05,0.737027442781025,0.262814437352761,1.43208697900295e-09,1.32928942671051e-05,4
"20419",1.4259361423101e-06,0.107905585558113,8.1031191401976e-05,0.892005168884761,2.07823175910648e-07,4.23374710872184e-07,6.15723169473745e-06,4
"20421",0.166078586416219,0.0230267706020265,0.000588177088243758,3.91669883635444e-05,0.0159349845430184,0.794329429714237,2.88464789167995e-06,6
"20423",0.635972086343537,0.00236666870913829,0.000140079567107838,1.08585421623365e-06,6.08207165709109e-05,0.361456317997155,2.94081227442497e-06,1
"20425",0.286404164258279,0.000342055819386097,0.0279536179776857,1.68620964095008e-05,0.000112385591372542,0.68517005172055,8.62536316584953e-07,6
"20427",0.709171402348715,0.283284842598287,0.00630157347950944,0.000999711233160769,1.36263457937904e-05,0.000199099914410391,2.97440801243611e-05,1
"20429",1.24333695245943e-05,0.190995108999163,0.016418292255762,0.790686982412829,0.0015731332890203,0.000217190121180603,9.68595525198467e-05,4
"20432",0.238856849474047,0.00015894196516425,8.39146963850265e-06,4.40906171727527e-07,9.06336187806247e-08,0.760722483316189,0.000252802235170921,6
"20435",0.0249168958213625,0.870899575268779,0.0599286567833876,0.0351865079908941,0.00901563686977097,2.76077391716356e-06,4.99664918886818e-05,2
"20438",2.6884002200706e-05,0.0418790255477451,0.0278043167493836,0.930057391940962,1.48946125851701e-06,0.000207639213300676,2.32530851494935e-05,4
"20440",1.68586060770928e-05,0.427923173867535,1.46810854517243e-05,0.572020972464659,9.15430724590857e-06,8.64074184931495e-06,6.51892718127207e-06,4
"20443",0.000273225201506826,5.7532644596235e-05,0.000570398103847235,4.59878769587766e-06,3.75091718896393e-06,0.999089205854572,1.28849059306388e-06,6
"20446",0.323714865684802,0.562247838966337,0.00730761137962319,0.100875673667364,0.000960401432214309,0.0034558561655483,0.00143775270411184,2
"20449",0.0111674694840462,0.207622073168218,0.761471608314262,0.0179760747983557,0.00173841720665225,3.93622550138386e-06,2.04208029644727e-05,3
"20537",0.00114513109735958,0.552514504860048,0.000350491325554806,0.105588687231154,0.340309699424292,9.10309822019805e-05,4.55079389048278e-07,2
"20540",3.75130276397093e-07,0.000730901178733816,3.81419990558762e-06,0.00141849435285847,0.997846413804427,6.82191822423671e-10,6.51606511675814e-10,5
"20543",0.15652120335395,0.840180884521348,0.000717062753873686,0.00127081331948491,0.000196417961246912,0.00110605626061494,7.56182948196011e-06,2
"20545",3.49619079127003e-06,3.65246886759855e-05,2.65179066620502e-05,0.00031684530358314,0.99961653967976,7.62214291539575e-08,9.09822429405926e-12,5
"20549",0.601669146155742,0.377986504624754,0.00226164058179689,0.000849112753495973,0.00366062079627595,0.0135724558936637,5.19194270836668e-07,1
"20551",0.00426473871570088,0.764660417336564,0.0619418227215662,0.168318584284084,0.000720491197841583,9.38686137841868e-05,7.71304586371298e-08,2
"20554",0.000362204278429212,0.943638154133066,1.53982418972923e-05,0.0559564368616271,2.47140914045568e-05,2.07220971321599e-06,1.02018386277924e-06,2
"20556",0.0208393277389322,0.0066422865000063,0.964538571948174,0.00208773580935072,0.00578321624075109,0.000108785399942037,7.63628441420304e-08,3
"20558",4.36593212956038e-06,0.118719881407769,0.000195924520537443,0.881033112475228,4.66212128495661e-05,8.59857260795775e-08,8.46575998692312e-09,4
"20560",0.00550494635166369,0.604596215548339,0.00978361645582586,0.375195976399401,2.94942767269454e-05,0.00488920697963754,5.43988406454144e-07,2
"20563",2.17698882211949e-07,0.0231211911658684,6.86475319510843e-06,0.976838989979189,3.25930196896684e-05,1.25318097215077e-07,1.80650787242838e-08,4
"20565",0.0471366473584989,0.158658510526295,0.195060710789866,0.568694945198234,0.000386926845885865,0.030059687972879,2.57130834230175e-06,4
"20567",0.0752380873175436,0.000240364376483989,0.000264451878819356,4.35696018843964e-07,3.29312138582368e-07,0.924164297941125,9.20334778701875e-05,6
"20571",2.70738097581499e-06,0.000237059128904232,0.914838719079412,0.0847917149474534,0.000118526559239503,7.19424640039284e-07,1.05534793749446e-05,3
"20573",0.00424025307880734,0.867402436668636,0.075865007310887,0.0508679168593342,0.00131366730740418,0.00031026297852538,4.55796406558002e-07,2
"20575",9.23703247632595e-07,0.120924692502367,0.000124516337953631,0.878922226642678,2.70376937428256e-05,5.14012053847351e-08,5.51718805573982e-07,4
"20577",0.160656302608577,0.0551421025773183,0.781575971362233,0.00219649605136777,0.000290215422848609,2.51483834686357e-05,0.000113763594186358,3
"20579",0.00081805177291282,4.4219407567653e-06,2.5217660419756e-06,1.00508744396798e-08,1.98829732657352e-09,0.871571158941111,0.127603833540006,6
"20582",1.52426701739729e-07,0.00711153628727599,6.08964899179433e-05,0.992819942194968,7.46118482145803e-06,3.46695632786013e-09,7.94935833919254e-09,4
"20585",0.00358364560275758,0.0139441023341228,0.0220536824837139,0.0263180887149218,0.934099979991915,4.94962870808826e-07,5.90969805194304e-09,5
"20588",0.00168489341329532,0.00401557754810072,0.0505262005089289,0.000431120129483813,0.943250897597706,9.09137328999301e-05,3.97069584948925e-07,5
"20590",0.00411599998220088,1.87755877442811e-06,1.06967501676666e-06,1.56886511708574e-09,1.20223364137621e-09,0.994812569025721,0.00106848098718791,6
"20592",6.57535428987578e-08,0.0114324060941065,0.000124241357012989,0.988437536301793,5.54988169173544e-06,1.96970142573896e-07,3.64171048468365e-09,4
"20594",5.32194019305573e-07,0.0251851838003252,4.40700686847705e-05,0.974721791271995,4.8309278667339e-05,7.51516918653287e-10,1.12634791788668e-07,4
"20596",0.000813514597995191,0.943057464392135,0.000420215115962014,0.0550560570058648,5.54647759787161e-07,0.000142266001290494,0.000509928238993032,2
"20598",0.00195684810576871,0.83610197323125,0.00194087213471609,0.159962666231017,3.39190141254038e-05,2.55897276565855e-06,1.16231035741556e-06,2
"20600",0.0251831107339028,0.0252485960341325,0.689638072812518,0.00220689326254333,0.257241747006513,0.000481511848893958,6.83014967736502e-08,3
"20603",0.982031957781099,0.00328456679685459,0.0104582770638452,4.38781470137687e-06,0.001676050863303,0.00253595798504382,8.8016951528854e-06,1
"20605",3.39728703853556e-05,0.511214984108337,0.0278286000545746,0.460744592108048,0.000173671612093696,9.88169260819048e-09,4.16936486810137e-06,2
"20607",0.000198140441076193,0.413349947745957,0.0415716856866981,0.544850245676464,2.6969311830201e-06,3.00409463321043e-07,2.69831091577797e-05,4
"20609",0.00255043316328865,0.92269249459273,7.11745173073368e-05,0.0746464853341085,2.95065192769293e-05,7.08807358898204e-06,2.8177996998587e-06,2
"20611",0.994895489275923,0.000261429381110397,0.000422606577653167,6.24937531839775e-08,3.50275563159663e-07,8.21983933051569e-05,0.00433786360269151,1
"20613",0.107236846890253,0.886542011640108,0.000425564057757303,0.00485832288936359,0.000922335618984558,1.4829545171779e-06,1.34359490170886e-05,2
"20615",0.0808352486711168,0.0440963607461186,0.855407343204913,0.00881902861190214,0.010144612454725,0.00069731765925288,8.86519713995937e-08,3
"20617",0.0015833329205452,1.42625371538518e-06,8.71911465381569e-07,8.23615145289531e-09,6.60876347407397e-08,0.998413981308253,3.1328223470678e-07,6
"20619",4.40677412075795e-07,0.0138494285484228,0.00434736612697094,0.981799641270336,2.09305545296143e-06,8.62583427969891e-07,1.67737977656304e-07,4
