"","V1","V2","V3","V4","V5","best$classification"
"19811",0.928948889545412,0.00519552709543104,0.0658388603679702,6.65254258819741e-08,1.66564657604926e-05,1
"19813",6.70491085920988e-13,2.91370139845444e-11,0.999999985055257,1.49149350224703e-08,1.31893991332528e-26,3
"19815",0.564449279873256,0.433330884224951,0.00108961001457055,0.0011302258872142,7.65006917446585e-15,1
"19817",0.959228904997148,0.0404324449179408,0.000333058161812577,3.2329649333304e-06,2.35895816543338e-06,1
"19819",3.44124003802135e-38,0.151191909028926,0.000371722367065251,0.848436368604009,2.4388765429013e-33,4
"19821",0.0462697553900169,0.0582160536080516,0.895410186075556,7.9052957177633e-08,0.000103925873418338,3
"19823",0.000139701427711897,0.000638310405867171,1.67748015917696e-06,0.999220310686262,2.75438745141865e-18,4
"19825",3.9415276239489e-40,1.34334312002715e-09,0.999999998654366,2.29093907221881e-12,1.77978934568003e-18,3
"19827",0.211261279422475,0.0150429247645756,0.00221370552341364,0.000159095170777421,0.771322995118758,5
"19829",5.9536060510411e-22,0.799764559411275,0.200231275856957,4.16448841418685e-06,2.43353322128581e-10,2
"19831",1.252020724258e-28,0.0564729313760889,0.00267337525455434,0.940853693369357,1.46979993770302e-42,4
"19833",3.35791326575354e-70,1.57163077652258e-21,1.02191680675775e-06,0.999998978083193,1.59875533702303e-54,4
"19835",0.0462697553900169,0.0582160536080516,0.895410186075556,7.9052957177633e-08,0.000103925873418338,3
"19837",0.732950019091988,0.0347388042592375,0.00128055272207886,6.54365371218508e-07,0.231029969561325,1
"19839",5.75866384098757e-22,0.00901141704605396,0.990988477222396,1.0195181661783e-07,3.7797333153692e-09,3
"19841",5.05705459134355e-29,4.05668702739061e-13,0.965049158797092,8.12335466372778e-09,0.0349508330791478,3
"19843",1.28088738541484e-41,0.00105493722473097,0.998945045854893,1.69203756746267e-08,1.92762710783143e-51,3
"19845",0.090808579365853,1.59244519657054e-06,0.909189702107144,1.26081806233784e-07,1.21077891788487e-21,3
"19847",0.24504288725884,0.315230076177592,0.439725843998557,1.1925650123507e-06,3.35767247509323e-19,3
"19849",6.40665291221243e-09,1.87642131560868e-12,0.999999971452437,2.2139033904939e-08,1.82561621353016e-23,3
"19851",0.996548280035091,0.00325569940805585,0.000182006692898127,1.37502642818976e-05,2.63599673522168e-07,1
"19853",0.117120877682459,1.40024882881125e-07,0.0056956535344506,0.877183328758053,1.5477762711014e-13,4
"19855",0.997741275144381,0.000436573650712854,0.001529770904646,0.000283869297605361,8.51100265449863e-06,1
"19857",0.126733988800934,0.548649653573195,0.324601285008196,4.90591483312624e-09,1.50677117600849e-05,2
"19859",0.731403523854393,0.258625224159574,0.00980817572752426,7.70183302155302e-05,8.60579282934683e-05,1
"19861",0.986274395133331,0.000123475264638861,0.0136016211911601,5.08369417765151e-07,4.14520130697233e-11,1
"19863",9.17850152349737e-21,3.74955273626007e-20,0.999999984008872,1.19625615398281e-10,1.58715027866537e-08,3
"19865",7.16802291595979e-06,1.52110479630664e-07,0.001460477659412,1.69996513989411e-10,0.998532202037196,5
"19867",0.948988840712092,0.0282438129041052,0.0227668045682141,5.41815589206959e-07,1.15374668157055e-20,1
"19869",2.23140908550032e-05,2.45995589487814e-10,0.999977653513264,2.73847562353664e-08,4.76512949954692e-09,3
"19871",0.715354220874442,0.273984073960424,0.001533627740405,2.93858853786882e-05,0.00909869153935004,1
"19874",0.993946926366403,0.000188781426647094,0.00543028003006262,4.36529892644577e-06,0.000429646877961193,1
"19876",0.999657795532982,7.10533626932422e-06,0.000290919464771522,1.21530194409101e-08,4.41675129576825e-05,1
"19878",4.75225939487608e-24,0.430311871954904,0.569687927907121,2.00137975243228e-07,5.05573960675043e-25,3
"19880",6.31430827450662e-08,1.8482331608027e-11,0.000376997762974483,9.67539543638079e-10,0.999622938107921,5
"19882",0.0092419787525844,3.04792776283684e-05,0.990727044148004,4.97821184386366e-07,5.98254870666781e-13,3
"19885",0.621783655108972,0.37467329419755,0.00354161627933711,1.0241062157367e-07,1.33200351942256e-06,1
"19907",0.340489343472136,0.0121716740474969,0.64733796363069,1.01884967678007e-06,2.26269617977699e-17,3
"19909",5.59557084556466e-13,0.988756798786944,0.011241376771294,1.82444120285162e-06,2.35804579276562e-21,2
"19911",4.45648594788816e-15,0.737898597975082,0.262093243436956,8.14387200884138e-06,1.4715948728166e-08,2
"19913",1.75983120581562e-16,1.23575334951217e-14,0.000314230427785159,6.49850517819579e-09,0.999685763073697,5
"19915",0.0101284212350809,0.000108376767784385,0.000179169338489101,9.32171076453876e-07,0.989583100487569,5
"19917",2.39510038946722e-06,8.34770079530738e-05,0.0156852182261707,5.23079291044117e-07,0.984228386586196,5
"19919",0.738997993979247,0.0509936959129638,0.00253715014303488,1.09766605659112e-05,0.207460183304189,1
"19921",0.992206889099426,0.00735862409230598,0.000434079718548333,4.07072887356738e-07,1.68327072050514e-11,1
"19923",2.73286960353952e-09,0.613773365162982,0.385452219747157,0.000774412356991992,1.55258169287154e-26,2
"19925",0.00036283742678402,4.79079450936054e-05,0.00126789395867918,1.19860538704306e-07,0.998321240808904,5
"19927",0.955536074680932,0.0441839820712739,0.000219969205639956,5.99739588690967e-05,8.32851063748011e-11,1
"19929",2.70094563740964e-13,4.26675556345331e-19,0.992840040604584,1.09255130360013e-10,0.00715995928589065,3
"19931",0.130110338555056,0.864687834383119,0.0050369849020273,0.000164842144296186,1.55016165630948e-11,2
"19933",2.42730338426094e-06,0.997026221890078,0.00292321606070601,4.81344356773221e-05,3.10154496542817e-10,2
"19935",0.000159307689244869,0.830767201833921,0.169073490020256,4.29137532308331e-10,2.74408977718836e-11,2
"19937",0.982405698977107,0.0174400488888659,5.33156239849594e-05,0.000100936509827267,2.14616060354676e-13,1
"19939",0.00729174994317211,0.963034785015973,0.0296349334906424,3.85294804161628e-05,2.06979652778263e-09,2
"19941",3.61971064531369e-21,0.0567688391714931,0.943230836168359,3.07585919539865e-07,1.70742287585446e-08,3
"19943",1.18446473739492e-05,2.26848000138942e-08,0.00148861317717962,6.10739829905788e-07,0.998498908750816,5
"19945",2.07444602834377e-07,0.984966900530763,0.0149492019755261,8.36900398782074e-05,9.22983788347004e-12,2
"19947",1.21057106228248e-20,9.47036718444082e-06,0.999989900732404,6.10793023354826e-07,1.81073885742996e-08,3
"19949",7.02675803202944e-09,0.95406170252946,0.0459104003357586,2.78901080231391e-05,1.80317502598506e-25,2
"19951",1.3276772385152e-06,0.138379032054088,0.431414766185349,9.25479651294748e-06,0.430195619286811,3
"19953",2.73308966302991e-27,0.00464515996837924,6.44436207054099e-05,0.995290396410915,6.30829649682834e-46,4
"19955",1.19260987982351e-19,0.240329311977286,0.751824868118934,0.00784581990378006,6.37636417168563e-34,3
"19957",2.49325294105413e-05,0.0383670595189917,0.218334641482771,0.740033006431183,0.00324036003764388,4
"19960",7.90913307141531e-25,0.117887509722911,0.882112480296443,9.98064602542002e-09,9.07532865125945e-19,3
"19963",2.79141325978432e-39,1.49719397115784e-17,0.000192156286842102,0.999807843713158,1.08235923215158e-17,4
"19965",1.38146367051785e-34,0.476246796490482,0.523637496426549,0.000115707082969129,1.72367367519128e-39,3
"19968",1.53126794351253e-11,1.55322835309042e-06,0.999505362505564,1.45519190168396e-16,0.000493084250769931,3
"19971",3.05228714817956e-46,9.38565747193898e-12,0.33943777399357,0.660562084905377,1.41091666587181e-07,4
"19973",0.986132578032031,0.0115760346222107,0.000560801868880157,1.45416605646193e-08,0.00173057093521785,1
"19975",1.22921629352179e-05,0.000123956453356632,0.0344267659850064,1.3790582767342e-10,0.965436985260796,5
"19977",8.03579912432877e-35,1.72724828339057e-12,0.999984545125145,1.54548328971182e-05,4.02308434516548e-11,3
"19979",1.02347636160307e-42,0.965259131801023,0.0346806904506161,6.01777483614188e-05,3.68940908489646e-27,2
"19981",0.00723562731888582,0.98737210474646,0.00538324865415799,9.01926368812385e-06,1.68075597484937e-11,2
"19983",0.00954511681510584,0.94859476108303,0.0418587855729842,1.33652887403078e-06,5.62846410330599e-15,2
"19985",0.76090801499746,5.98703986243464e-05,0.0035609047650786,4.99029151455504e-08,0.235471159935922,1
"19987",0.0141373363065933,0.893185345680332,0.0855242591291864,8.23138463615141e-07,0.00715223574542456,2
"19989",1.18741505125276e-30,0.989418645570226,0.00974239687964813,0.00083895755012656,1.59188107269752e-41,2
"19993",8.0028610317641e-12,0.974819470259384,0.0251787593314306,1.65657918540698e-06,1.13821997045493e-07,2
"19995",2.99226388069193e-10,0.841675536251127,0.158324268500039,1.86041186226598e-07,8.90842207006006e-09,2
"19997",0.990514676644009,0.00866629586630217,0.000806290165391883,1.25565265831812e-06,1.14816716389047e-05,1
"19999",0.00163808666399061,2.49103903175125e-05,0.00228195042016691,3.89031770029491e-08,0.996055013622348,5
"20002",2.76113375558464e-32,1.39901442322434e-18,0.999999999873734,1.26261913626691e-10,3.77540272895536e-15,3
"20004",5.06662312988621e-10,0.830758594263502,0.169241402104314,3.12201888119396e-09,3.50252753235444e-12,2
"20006",3.11967168998575e-28,0.00471613846427389,0.995283042403381,8.19132344802122e-07,2.14356734904507e-23,3
"20008",1.49681633969396e-27,0.0498545782590519,0.950121530830688,2.38909102599054e-05,5.29312536060882e-24,3
"20010",1.50346215491564e-11,0.953901342797064,0.0458165748374765,0.000282082350425356,7.10509315939292e-20,2
"20012",2.60679269180019e-09,1.20463798177913e-05,0.964542260334173,2.92128338829608e-08,0.0354456614663828,3
"20015",1.69955877966511e-34,0.945486039935366,0.0545139599489643,1.15669364868873e-10,1.92166555190509e-34,2
"20017",0.998011048604135,0.000323640334057513,0.00143296197179836,1.17021177439525e-08,0.000232337387891463,1
"20019",1.00234834044135e-54,0.893444965748327,0.106465751665552,8.92825861205877e-05,1.33560900757672e-45,2
"20022",3.2910499995256e-11,0.976625737199246,0.0233543693278828,1.98934399610211e-05,2.21729320395583e-18,2
"20024",1.3999470120572e-48,0.00131950950618649,0.333939522279699,0.664740968214115,3.6269670505426e-64,4
"20026",1.3999470120572e-48,0.00131950950618649,0.333939522279699,0.664740968214115,3.6269670505426e-64,4
"20028",0.982410308145891,0.00011993537034996,0.000683256990905711,7.39280907433346e-07,0.0167857602119454,1
"20030",6.80588510787366e-28,0.373588756413358,0.626411242609119,9.77522091192254e-10,5.19001287036045e-20,3
"20033",0.00853976202648174,0.11411791440512,0.0114819490595438,4.01160458777052e-05,0.865820258462977,5
"20035",1.64335707983733e-53,0.891593384543386,0.108215932616642,0.000190682839970919,3.33290033603394e-49,2
"20037",1.26542884185912e-48,0.942029916617602,0.0579138562880153,5.62270943828754e-05,1.75110635822175e-51,2
"20039",5.89905619228132e-61,2.15789294608365e-10,5.6839915876217e-08,0.999999942944295,2.6023634663425e-89,4
"20041",1.97235812150101e-13,0.888978568016038,0.109268106227732,0.00175332575603307,8.62667279196673e-19,2
"20044",5.24136677991705e-18,0.285084127552034,0.682447227393504,0.032468645054462,4.17472800841912e-16,3
"20047",7.43341673148501e-62,0.616407888417317,0.332723036830129,0.0508690747525534,2.51377739395602e-39,2
"20050",1.82495868057851e-22,0.699974591824424,0.0145890805134141,0.285436327662162,1.40103167956265e-20,2
"20052",0.010463833516528,0.871111584427642,0.0197897425498561,0.00107349624195991,0.0975613432640138,2
"20054",6.52415030052271e-20,0.936502871343436,0.0634971279922682,6.6429586684962e-10,3.24252508298659e-20,2
"20056",1.66476364032333e-13,6.67643754571698e-06,0.261742089807504,2.45068115088796e-07,0.738250988686669,5
"20058",7.10200301347135e-30,0.964518558409355,0.0354174625699358,6.39790207091529e-05,1.88819677869045e-47,2
"20060",0.768154500970947,0.213883886933357,0.0179612427685929,3.20341717616481e-07,4.89853848061202e-08,1
"20062",0.00836711570310159,0.972011014936358,0.0196201509990978,1.67714071544194e-06,4.12207276513694e-08,2
"20064",2.08612671095947e-09,0.984538146802309,0.0154609603873599,7.93662987068488e-07,9.7061217698386e-08,2
"20066",2.13319661128717e-45,0.369955803079152,0.63004397351935,2.23401497397511e-07,8.68930806051642e-30,3
"20068",0.981766884766649,0.0141276476163157,0.00410543049721459,3.70784562854382e-08,4.13642946273687e-11,1
"20070",0.692922130031126,0.291134761976665,0.00562674636094942,0.0103163616312601,7.03837671654731e-17,1
"20072",7.3310473650227e-30,0.184709430171274,0.815287905051226,2.66477749952747e-06,4.62835626309506e-45,3
"20074",2.13328267408264e-15,9.88920164253305e-18,0.0130197887944625,2.95921883822749e-10,0.986980210909613,5
"20076",9.62311216000318e-09,0.000161428635646653,0.995960997332547,3.24492810741681e-11,0.00387756437624534,3
"20078",6.54995926786681e-12,0.985334753610392,0.014558848009888,0.000106398372341892,8.27718033626786e-13,2
"20080",5.84442641591604e-43,0.982509933937368,0.0173925522633756,9.75137992563173e-05,1.09736939574748e-33,2
"20082",6.01803172418866e-39,1.04946341991979e-05,3.76648498983197e-08,0.999989467700951,4.55421527336577e-48,4
"20084",7.55710074032711e-18,0.797230003802949,0.196740696020788,0.0060288979991408,4.02177122501292e-07,2
"20087",3.64508329665974e-12,0.955599799023531,0.0443980202994065,2.18067341723509e-06,6.04023173506176e-26,2
"20090",5.35386630558593e-42,0.970253043903031,0.0281932927808137,0.00155366331615525,7.12862009352071e-34,2
"20092",5.39638067099603e-16,0.000352138711987465,6.82834582936694e-05,0.999579577829718,1.71750650967778e-56,4
"20096",1.54031494472279e-09,0.0322286236441479,0.000995696225741126,0.966775678589796,7.674709802572e-17,4
"20098",0.27881112167855,0.0663374844289406,0.00356876474947946,0.000104022630639618,0.65117860651239,5
"20101",1.83299703340623e-34,0.898641581542982,0.100489914553426,0.000868503903580845,1.1069246308325e-14,2
"20104",3.18987111626345e-14,7.33515692131417e-12,1.22853413999337e-06,0.999998771458493,7.33680229270784e-40,4
"20106",2.00848959818211e-22,0.970707936845973,0.0292919905763893,7.25775130091792e-08,1.24932954841264e-13,2
"20108",0.946489315689894,0.0491797539386009,0.00424032390517588,3.98991939397888e-07,9.02074743899231e-05,1
"20110",7.16602992952343e-11,0.139768107250749,0.0833849882722791,0.77684543594477,1.4684605414547e-06,4
"20112",4.68760371916923e-21,0.980474975329566,0.0179002978363164,0.0016247268341172,8.4092512686074e-19,2
"20114",1.55822889481395e-13,0.908303785950443,0.0914479341360723,0.000233612208399562,1.46677049285875e-05,2
"20116",1.09899087225573e-15,0.768762690370053,0.23123614375286,2.16217339706841e-08,1.14425535263577e-06,2
"20118",0.0105473588408042,0.972062897532943,0.00391223824000001,0.000135308783117546,0.0133421966031347,2
"20120",4.40389770419055e-23,0.931292769811784,0.0673881255675759,0.00131910462060335,3.67317460221203e-14,2
"20122",4.03713582316806e-08,3.25060526785447e-08,0.00224010795705878,7.07781210511546e-10,0.997759818457749,5
"20124",6.71614270464329e-36,0.902730034713595,0.0849228311365611,0.0123471341498438,1.34266879969094e-41,2
"20126",6.92917973756698e-55,4.98679289959002e-10,1.66135658622345e-07,0.999999833365662,2.7020326828985e-61,4
"20128",2.10248643709116e-84,1.47719673847909e-06,0.000272228078933877,0.999726294724328,1.10281217170841e-72,4
"20141",2.1114444109175e-07,2.43250930278086e-06,3.97703618023667e-07,0.999996958642638,4.0819192115806e-21,4
"20143",1.67065831700266e-27,1.72875110428566e-14,0.99860378440312,4.99190231903074e-07,0.00139571640663042,3
"20145",2.05957547440661e-12,0.986925773381944,0.012871683731952,0.000202542884037211,7.17945499616469e-15,2
"20147",2.74455783414215e-14,0.989018767726299,0.0109701721589093,1.10601147309311e-05,3.332560490864e-14,2
"20149",9.15413939827209e-06,1.23291841100888e-08,0.00835256920698935,7.18804891505348e-07,0.991637545519537,5
"20151",0.587788675586318,0.0246606493135858,0.00200804149348691,5.1239410819008e-07,0.385542121212501,1
"20153",1.29989400507635e-08,0.0205136738912987,0.0207977164596173,0.137099013162211,0.821589583487933,5
"20155",1.73024996283785e-25,0.971939130118211,0.028059945246233,9.24635556508342e-07,3.0050587681173e-24,2
"20157",0.0562314545011171,0.00387648335906299,0.027446142782558,2.24586036235967e-06,0.9124436734969,5
"20160",1.53934124076844e-14,1.80925470220503e-14,0.00016968059686788,1.5113220031355e-09,0.999830317891777,5
"20162",0.000106422003112638,1.15642814885386e-09,0.000357659198011477,4.62753125903311e-09,0.999535913014917,5
"20164",7.60711944931189e-09,0.000529419164152291,0.172827690829861,6.93494467923778e-05,0.826573532952075,5
"20166",6.14290574989941e-41,0.000707251267573178,0.999292748702613,2.98136316221972e-11,4.92144185554851e-20,3
"20168",9.56082346313759e-34,1.08763390709437e-14,0.999999999999059,9.30509470383963e-13,5.62426702456899e-25,3
"20170",9.83437243661612e-05,0.0010632597868206,0.000366585915527015,2.93159794275639e-05,0.998442494593859,5
"20172",1.29776539573533e-12,0.992344957778908,0.00745717593944046,0.000197866280353872,5.02732910892281e-27,2
"20174",0.961237056217303,7.53855656964386e-07,0.0375923243008295,4.06919174479507e-09,0.00116986155701891,1
"20176",6.66930181630789e-25,9.91554135697023e-10,0.999999978848914,2.01595319711396e-08,3.86511669956736e-25,3
"20178",1.00483566774583e-15,4.25063595501535e-15,0.000220662170490684,4.1254825816596e-09,0.999779333704021,5
"20181",1.39951353718315e-32,0.209589518327871,0.790410480617654,1.0544570783944e-09,1.78944435025937e-14,3
"20183",0.849663447902423,0.149215600570018,0.000540212661177682,0.000580738866328449,5.25158410052466e-14,1
"20186",0.00291016889852885,0.882706831279442,0.108863286978607,0.00551971284342178,8.39720162339378e-38,2
"20188",1.02048592768299e-12,1.09782431787545e-11,0.00128975178636033,1.07420233676882e-08,0.998710237459618,5
"20190",4.16622887198108e-34,0.97381350795879,0.0261864670331544,2.50080553650228e-08,6.94321632753207e-28,2
"20193",1.35477804867876e-36,7.81665490377853e-13,0.999999827663256,2.20996131737104e-09,1.70126001284695e-07,3
"20195",6.99145111503402e-09,0.055641687420347,0.137435184556957,6.15684539593776e-05,0.806861552577286,5
"20197",4.61625088529342e-17,0.977122837260088,0.0227335933234692,0.000143569416442562,4.52053405498516e-23,2
"20199",2.07081817531513e-06,6.17496432260974e-06,0.00121447272685904,1.04595533035876e-05,0.998766821937339,5
"20205",1.91816232608308e-34,3.22122704446395e-06,3.65497032183427e-08,0.999996742223252,3.05715501261812e-55,4
"20208",0.00326868680810222,0.939204294088294,0.0393812863551341,0.000132563790076442,0.0180131689583929,2
"20210",3.62883008162535e-05,5.13805602620471e-08,0.00019337281426445,2.93066352747704e-08,0.999770258197724,5
"20212",0.000777322168160371,0.00226386178086381,0.012262051535139,1.95091400481972e-05,0.984677255375789,5
"20216",6.96319497349603e-18,0.953799609481515,0.0462003779540072,1.25644778775872e-08,2.78584311200436e-16,2
"20219",7.79897534818395e-18,0.65608286915438,0.00813682818845929,0.335780302657161,1.8339170041774e-18,2
"20223",2.19434947025699e-56,0.00134238342385424,0.998650720945042,6.89563110332819e-06,1.87118908593444e-68,3
"20226",1.0282189443941e-10,0.953246039937352,0.0467392197490255,1.47397487418484e-05,4.62058844094598e-10,2
"20230",2.573172605616e-40,0.978911904719554,0.0210802308204545,7.86445999143498e-06,1.12797103787054e-35,2
"20233",5.24805120296269e-24,9.79268195329047e-14,3.28182580236548e-10,0.999999999671719,3.73380708126791e-40,4
"20235",4.57977322626131e-38,0.0358631194381248,0.512488082515228,0.451648798046647,1.57969818408723e-56,3
"20239",2.66186622103938e-15,0.305015404134726,0.69498441909259,1.76772681028859e-07,1.73841155020395e-31,3
"20254",6.42942489907479e-49,3.48309068988533e-05,3.02503443263543e-07,0.999964866589658,1.71537428264798e-51,4
"20256",8.75293118200625e-25,0.985273253307337,0.0145015542093747,0.000225192483288219,6.17423134322309e-38,2
"20262",0.00591913605958216,0.000255200710828963,0.000225726272311443,1.08973557563845e-07,0.99359982798372,5
"20270",4.44977805313123e-24,0.0322312322206484,0.967768767463298,3.16053373657459e-10,1.78834725047608e-18,3
"20284",2.75255697870871e-06,0.281342250006254,0.00438640964633013,0.714268587790437,6.5516960152243e-22,4
"20287",9.80781297021082e-53,0.741785310261902,0.258213552209537,1.13752856058374e-06,2.48956951931907e-53,2
"20290",1.04796296051338e-24,0.000307401817101293,1.69621559706462e-05,0.999675636026928,9.28206500754208e-26,4
"20293",1.39591303204606e-08,0.996799936233425,0.00211815771055635,0.00108189209688263,5.6412033012726e-15,2
"20296",0.00167403820190325,0.0356954658258792,0.616009257892119,9.83618702560068e-13,0.346621238079115,3
"20301",4.64331289247894e-75,0.00668425968025688,0.99330827369734,7.46662240312906e-06,1.19769240294364e-35,3
"20304",6.31525729043285e-34,1.42367521821022e-05,3.2759619157363e-09,0.999985759971856,8.34031649901134e-48,4
"20306",5.12271418234976e-36,0.976764784119092,0.0216696564550814,0.00156555942582613,2.52215508833475e-45,2
"20309",3.54003069843794e-12,0.995511117607844,0.00254929154966738,0.00193959083894659,1.83633028015007e-15,2
"20311",3.95768681450308e-19,0.898223107409489,0.101773992865733,2.89972475023201e-06,2.77399414627872e-14,2
"20314",0.347949114326095,0.139699019942142,0.00154547220190771,3.64028667113992e-05,0.510769990663145,5
"20318",5.47845184949745e-26,6.94317739735088e-11,0.999591189558662,2.23383692486476e-09,0.000408808138068678,3
"20320",8.38693880911795e-07,0.356459158295707,0.634268059537819,0.00927194347255092,4.17399884075098e-14,3
"20326",0.337106072247175,0.59555904961975,0.0030019171698019,0.00222435886801424,0.0621086020952589,2
"20328",6.56394026265535e-05,0.952090206659004,0.0397594730652683,0.00808468087310117,4.64165224600286e-28,2
"20330",1.56314636821191e-25,0.749659319313987,0.250300432197897,4.02484881157052e-05,3.23303352573394e-31,2
"20336",1.44612434847849e-10,0.0105277050443362,1.11099316206542e-06,0.989471183817889,8.49553733219862e-34,4
"20338",7.63409331627475e-24,0.00795650699785286,1.25647325686272e-05,0.992030928269579,1.96564623922617e-22,4
"20340",1.30528992139362e-39,0.671455084960454,0.328338019488393,0.000206895551152867,1.01911784634809e-41,2
"20342",9.501616941904e-53,7.08008954500951e-15,0.00101884822842379,0.998981151771569,8.44093797553866e-43,4
"20344",1.63689453786848e-20,0.991017129428563,0.008673452505395,0.000309418066041952,4.57297521602381e-30,2
"20349",3.47534284349058e-28,0.989613220640184,0.010368708819158,1.80705406582095e-05,2.09959690128786e-39,2
"20351",6.60642886313331e-12,0.992700231577147,0.00675776245118085,0.000542005965061929,3.51654481217567e-15,2
"20353",2.64538669158557e-35,0.909529845150289,0.0614088391509977,0.0290613156987132,5.38754101307781e-36,2
"20357",5.57574208831748e-38,3.90756906625356e-05,4.06325096641886e-06,0.999956861058371,8.9078853043004e-65,4
"20360",2.06210421618493e-44,1.65246910777871e-08,0.0895454910670238,0.910454492408285,3.46075193239656e-54,4
"20364",2.37688116246206e-13,0.988527099353433,0.0114161884749129,5.67121714164917e-05,9.06082649556396e-18,2
"20366",2.08770811746674e-16,5.57420164871483e-05,4.40936956331146e-08,0.999944213889817,1.39789894956707e-37,4
"20381",1.1863986538078e-10,1.17679831835138e-12,0.999873450018501,0.000126549243010006,6.18671851940096e-10,3
"20391",6.95907078226871e-14,0.00454764501398528,0.992781059996447,0.00267129498949819,1.32728969835936e-54,3
"20394",0.676852981334458,0.257748980782321,0.0653973997423515,6.32674742555988e-07,5.46612676100998e-09,1
"20396",0.0217823202271231,9.69535926167446e-08,0.969949239622619,3.0286559339597e-08,0.00826831291010565,3
"20409",1.27917312775321e-09,0.738657271575046,0.261239873877921,5.12376682021973e-05,5.1615599657605e-05,2
"20411",1.00576757886615e-24,0.686384689139413,0.00296807530407151,0.310647235556516,8.1288354366476e-44,2
"20416",8.88430982357854e-70,4.97166918402036e-06,1.24588393832207e-05,0.999982569491433,1.18172210987352e-85,4
"20418",0.00211478888941307,2.80963762010661e-09,0.831953918243378,1.38385319358901e-08,0.16593127621904,3
"20420",1.3124594093104e-16,5.99529664859808e-10,1.09512337318441e-09,0.999999998305347,7.43185276299461e-34,4
"20422",1.52514307330235e-32,0.900818494613321,0.0991815020957938,3.2908856640222e-09,1.1243260945278e-23,2
"20424",1.42963702212865e-24,0.973667955881512,0.0140175526432873,0.0123144914752011,5.43523255608571e-40,2
"20426",6.63558485474434e-48,2.64929605253604e-15,4.7200691907325e-09,0.999999995279928,2.10986614300803e-34,4
"20428",1.15141223512949e-10,0.928535737905697,0.0714642096505472,5.23286147549968e-08,2.6150998993382e-19,2
"20431",9.33447841258444e-13,0.884631207018222,0.0981808470049051,0.0171545472427782,3.33987331613529e-05,2
"20433",1.13630914781942e-55,0.0217107256651881,0.978289194389488,7.99453240869798e-08,1.31263269874301e-50,3
"20436",6.49241640391754e-35,1.28614536415033e-08,0.999999980084846,7.05370056448013e-09,3.97875043868066e-29,3
"20439",0.941196592641987,5.49308531867303e-07,0.0587754586940854,2.70782151600496e-09,2.73966475745986e-05,1
"20441",1.63078336703303e-31,0.000278906870579279,3.26413210698887e-06,0.999717828997314,5.65140820660866e-39,4
"20444",1.76968678356925e-08,6.37935729110997e-13,0.000567420192189953,3.03220551495063e-09,0.999432559078099,5
"20448",7.20192515344488e-08,0.0333334752637222,0.031218471605515,0.935447399402952,5.81708559270216e-07,4
"20536",0.677143335451621,0.00143769784355939,0.321418925881769,4.08230507361505e-08,1.47396343625204e-16,1
"20538",6.01165078123046e-15,0.00250866481435725,7.06980156596596e-07,0.99749062820548,1.93585418133544e-39,4
"20541",2.56401015816491e-40,0.952319513208045,0.0287666345138107,0.0189138522781439,5.26988370120789e-42,2
"20544",4.53565142252686e-06,0.996324065295122,0.00345897950039171,0.000212419544805358,8.25822123404024e-12,2
"20546",9.6100751789061e-18,0.986958913909171,0.0127270441868327,0.000314041903996056,1.00557154458655e-34,2
"20550",7.03492448446923e-18,0.652665655557014,0.347323402399897,1.09420430893517e-05,1.52189946209651e-16,2
"20553",2.66591115787603e-108,2.21833913080091e-12,0.000109332639299718,0.999890667358482,2.26964417299881e-68,4
"20555",3.25932762681335e-22,1.64467300880478e-10,5.4381490425299e-09,0.999999994397384,5.4845976776759e-53,4
"20557",7.24997393263603e-15,0.956385838520715,0.00603761881583547,0.0375765426634063,3.58972871553952e-14,2
"20559",3.14210660979509e-18,0.982270718324143,0.017728735731806,5.45944050722347e-07,6.15430058065219e-17,2
"20561",5.55430436475252e-05,0.00630368419596576,0.00298140619839156,8.7427626929759e-06,0.990650623799302,5
"20564",1.00483566774583e-15,4.25063595501535e-15,0.000220662170490684,4.1254825816596e-09,0.999779333704021,5
"20566",5.62218995864044e-11,0.984454509174106,0.0155454904121415,3.57088432409529e-10,4.41948035487997e-13,2
"20569",0.00408699065813728,5.57827125524624e-05,0.00430999560335007,1.80176107380472e-08,0.991547213008349,5
"20572",1.59167209038334e-08,9.71069826409832e-07,0.272443076663042,1.55527974421816e-09,0.727555934795131,5
"20574",4.23566741847538e-26,0.979336025935854,0.019728661467878,0.000935312596267593,1.12476123216779e-18,2
"20576",6.01662083263378e-14,2.99139021212857e-10,0.000778345786401606,2.4058269662695e-08,0.99922162985613,5
"20578",3.65880208251113e-07,0.985589341316044,0.014406972892697,2.99094734245548e-06,3.28963708625392e-07,2
"20580",1.46409141757592e-06,0.983241163425433,0.0167573398781132,3.26003296372358e-08,4.70710937533753e-12,2
"20583",7.37579324955601e-13,1.19286533789021e-11,0.00022587425959891,5.75364034699625e-09,0.999774119974094,5
"20586",3.9829474586898e-08,0.990952044590982,0.00903637778385161,1.15377956919932e-05,1.76127601009046e-23,2
"20589",6.34574948596979e-29,0.96466219312914,0.0353127015600017,2.51053108586048e-05,4.85427913134806e-42,2
"20591",2.79574107149733e-09,0.0346151979679706,0.0014229979719523,0.963961801264336,1.99454847437077e-28,4
"20593",3.56975130138721e-63,0.779078979311765,0.220918128297328,2.89239090749553e-06,5.18853224961882e-43,2
"20595",5.42637360237281e-16,0.996927686666189,0.00295047686765962,0.000121836466141543,9.71727880373461e-15,2
"20597",0.000327502846475093,5.95281685558102e-11,0.999672491069345,6.02465162121746e-09,8.80070806428538e-22,3
"20599",6.14077270100881e-17,4.41836833736608e-14,0.00070018812733097,1.28816107289182e-09,0.999299810584464,5
"20601",0.85498590329052,0.143948552435444,0.00105641382372921,8.94282623727807e-06,1.87624069458125e-07,1
"20604",5.36638862614317e-40,0.972362850372991,0.0276361269237628,1.02270324614331e-06,1.87248863140223e-26,2
"20606",2.65744660707438e-33,0.975210007682293,0.0247899082855618,8.40321452672649e-08,1.51619045589229e-31,2
"20608",1.60154554540287e-25,0.98441997946046,0.0155800058852741,1.46542659857978e-08,1.61627805378615e-25,2
"20610",9.67784382898018e-14,4.75092436989499e-07,0.00647624763644353,4.10667416316205e-06,0.993519170596859,5
"20612",1.82945315969877e-41,1.07442668255876e-13,0.89798571346752,0.102014286532372,7.1460581087244e-50,3
"20614",2.98292359079847e-05,1.5503138406989e-07,0.000469945731124185,9.50135030505082e-08,0.999499974988081,5
"20616",0.00369871271718596,0.528342258775659,0.467954933556456,4.09213287536835e-06,2.81782354108396e-09,2
"20618",1.58318031850427e-20,2.84347322860773e-05,6.1779745637529e-07,0.999970947470257,2.5873864949085e-28,4
"20620",2.60007491679369e-32,0.151724043378179,0.848275687492357,2.69129464297519e-07,3.42957736989959e-22,3
"20622",1.68789645022558e-12,7.44244348167535e-08,0.00676927608127745,5.88015590041467e-08,0.993230590691041,5
"20624",1.58724641715967e-26,0.531497708436656,0.000477765179583414,0.468024526383761,2.86197602075197e-40,2
"20626",5.79404402674866e-20,0.0451326749717769,0.954867323992918,1.03530346623395e-09,1.90711314107431e-15,3
"20628",4.58535469069151e-17,0.0203264614710705,0.979653108994359,2.04295345706121e-05,5.64311279024837e-25,3
"20630",1.14306475199621e-21,0.954122235800978,0.0458776575821382,1.06606121282143e-07,1.07625338263157e-11,2
"20632",4.36461563242747e-07,2.32597564687488e-11,0.00280976301128579,3.85068983805132e-10,0.997189800118822,5
"20634",1.17380551319771e-32,0.981482116808532,0.0185174837062109,3.99485257100502e-07,4.60612441935477e-31,2
"20637",7.73518452457187e-40,0.000760137187158136,0.000142909523757208,0.999096953289085,2.22127373026488e-28,4
"20639",2.13111082681734e-08,2.9790601112155e-05,0.00350702132060302,8.6536169357728e-06,0.996454513150241,5
"20644",3.12429080073512e-98,4.78727105121965e-12,0.0143403518605475,0.985659648134665,2.64426814802813e-82,4
"20646",6.47849756451905e-53,1.87633462318222e-06,0.998979474497507,0.00101864916786989,7.63134958240667e-43,3
"20648",0.426683867460362,0.0177452953277515,0.000435133476809061,6.45836606409139e-05,0.555071120074436,5
"20650",1.87536346110311e-37,0.0676998754811099,0.0111693306889585,0.921130793829932,2.06579749145898e-48,4
"20653",0.000283965838621469,0.211566451299585,0.787990190787285,0.00015939205451709,1.99915679726147e-11,3
"20658",2.95591118660578e-29,0.793829936381482,0.206170049621383,1.39971342118541e-08,6.14722370188016e-41,2
"20661",5.76489894218089e-25,6.47623052880307e-07,1.34988785584967e-07,0.999999217388162,1.21101872330547e-55,4
"20663",0.000992007374054918,0.994497370245284,0.00435481259997643,0.000155809780684708,3.03536392604361e-17,2
"20665",1.75857714026651e-16,9.02763604528369e-14,0.00292021717360746,8.9345779896844e-12,0.997079782817368,5
"20667",5.53881086490466e-11,0.110628308631199,0.889231987023886,0.000139704289526681,1.38182637861137e-16,3
"20669",0.0580206039914461,3.27277350200531e-08,0.941968982381245,1.03808995738286e-05,7.17040704013487e-19,3
"20671",7.53581263753358e-21,0.355782075286982,0.000730702291940312,0.643487222421078,1.47598922195349e-18,4
"20673",0.000712695697113236,8.80104167631932e-12,0.99928730193695,2.35713089355814e-09,4.43377948810916e-15,3
"20675",0.13091498175109,0.110487429639675,0.758597414384339,1.74224896464588e-07,5.20894721288888e-21,3
"20677",0.000304159423553876,0.950376329635778,0.0493193790591184,1.31881549300187e-07,3.61420403448641e-21,2
"20679",0.137696246954927,4.77037476286661e-09,0.862299369592889,4.35914810215992e-06,1.95337065852138e-08,3
"20681",0.997261880859826,0.000298744810423867,0.00243885422563628,5.20104113665742e-07,5.09167675345732e-19,1
"20683",8.37248586249716e-08,0.891564449393117,0.108435311013397,1.55868627327368e-07,1.36992990115749e-19,2
"20685",9.89590204214638e-17,1.18296593169964e-09,2.25861497999417e-08,0.999999976230884,5.78697193088198e-36,4
"20687",0.953028567543751,2.99337978927947e-05,0.000482374753123183,8.38909592337688e-07,0.0464582849956405,1
"20689",7.50101566980745e-75,4.56146751741131e-12,2.19233194120502e-06,0.999997807663497,3.59045906266421e-88,4
"20691",8.89989338624289e-08,3.69287525223257e-11,0.000447826444419393,2.91294960756346e-08,0.999552055390222,5
"20693",3.33859984352084e-34,0.941926418725845,0.0578050606001361,0.000268520674018527,1.42908741464963e-45,2
"20695",0.694582893515322,0.168177585215209,0.00991877987347457,0.000638362558566047,0.126682378837428,1
"20697",2.28535333339151e-27,0.954802440203815,0.0451947447984177,2.81499776549455e-06,1.16823014803925e-15,2
"20699",0.000142791960265221,0.94100049458589,0.0588567054331494,8.02069294422975e-09,2.15798696482407e-15,2
"20701",3.67577344281603e-12,0.946195232249297,0.0537912923275035,1.34754195234072e-05,1.48899436842344e-30,2
"20703",2.00708375065187e-18,1.93417906555807e-14,0.993827268851673,0.00617273114830762,8.44790646809147e-33,3
"20705",1.65296110180551e-21,0.952163184008501,0.047827091330935,9.72466056368812e-06,5.54237192560009e-31,2
"20707",0.889514264485101,0.108441690249468,0.00198162109289959,6.24231903856796e-05,9.82145854326869e-10,1
"20709",7.11388566872561e-11,0.0224091600270541,0.976618079847466,1.54288392205882e-07,0.000972605765948817,3
"20713",0.00063967533111387,0.000351969908511481,0.000313971985320077,0.998694382775001,5.4215420092014e-14,4
"20715",1.81591658219028e-85,4.13155639900854e-08,0.972214085102799,0.027785873581637,1.1905831246249e-30,3
"20717",0.988655381081539,0.00986220144060807,0.00134544665985205,8.92996632435952e-05,4.76711547572392e-05,1
"20720",2.6867160305237e-18,0.966090850382785,0.0337470547028616,0.000162094914353776,5.43559199598506e-18,2
"20722",7.1272804277751e-12,0.963715095093211,0.0362848412495819,6.36500804312062e-08,4.13365292817971e-17,2
"20724",0.998062134781031,0.000697719410315888,0.000163690384476023,9.71025591471182e-08,0.0010763583216181,1
"20726",7.19246666195337e-35,0.875520248340957,0.124337975494428,0.000141776164614779,3.53598872204462e-43,2
"20728",0.999449118505442,0.000153192287211877,0.000397515260698942,1.73946472388337e-07,1.74369044433891e-13,1
"20730",0.968325166613609,0.0228098960528546,0.000623063747502378,5.94693707929273e-06,0.00823592664895438,1
"20732",2.1369081400136e-30,0.00804726305808907,0.991521550642788,0.000431186299122713,2.64294700036879e-36,3
"20734",0.000224530284323725,0.980698822870556,0.0190740622312803,2.58461364629207e-06,1.93933383214172e-13,2
"20736",0.000110439451613749,1.47576441823603e-05,0.00104609016819559,1.27134419232992e-08,0.998828700022566,5
"20738",1.70519815719088e-49,2.42217260208822e-11,0.999999989009959,1.09658192163532e-08,2.56506023546561e-31,3
"20740",3.16997434726444e-16,0.0240065438415366,0.00131893763202039,0.974674518526443,6.81038136143832e-60,4
"20742",0.858548170001592,0.018696595690172,2.78362639643296e-05,0.122727398044272,2.8294774589978e-16,1
"20744",6.8880214485775e-05,1.91458674103703e-09,0.0116018976960152,6.99361738297824e-11,0.988329220104976,5
"20746",0.116801242301861,0.877950304460045,0.00524331997487007,5.13326126844305e-06,1.95494790622261e-12,2
"20748",0.979159999432765,0.000452977122747424,8.60354627550888e-05,1.35481316127864e-05,0.0202874398501198,1
"20750",0.362084119433071,0.00693880769652704,0.00919605582180274,3.52482440819345e-09,0.621781013523775,5
"20752",5.37504943744668e-09,0.97889845596486,0.0210792234516246,2.23152084657106e-05,4.86165468685152e-24,2
"20754",2.48673029184603e-05,4.79892968087163e-11,0.999975131416046,1.23304569465414e-09,2.48362485676504e-16,3
"20756",0.00538644495352911,0.88040727225462,0.0455940742955131,3.84311431352718e-06,0.068608365382024,2
"20758",3.92141909798657e-18,2.87577787097825e-07,0.999999712416562,3.49480022556522e-12,2.15576822333431e-12,3
"20760",0.978414119857462,9.88557104626762e-05,0.00164486869202118,1.1702099873924e-08,0.0198421440379546,1
"20762",0.000124914067863284,4.32797822011499e-10,0.999874989170307,9.63290323142734e-08,1.76612217891591e-20,3
"20764",0.457885066002614,2.05492102119602e-05,0.009152147303004,0.000514456515495594,0.532427780968674,5
"20766",0.671302751735079,0.000783397335654946,0.000730886707162935,9.30717214938953e-07,0.327182033504888,1
"20768",0.00373370156633733,0.00202956465739571,0.000504700062025495,1.0906191106587e-06,0.993730943095131,5
"20770",0.000134063249373554,0.0147927630278567,0.985072692478102,4.8124466777179e-07,3.67658391750928e-20,3
"20772",8.82353238025273e-35,0.972687920611075,0.027312073897744,5.49118054271481e-09,1.32321641332832e-26,2
"20774",1.62909614936472e-76,0.000892665233994668,0.998974066485653,0.000133268280352381,3.7460478027887e-69,3
"20776",0.0103586176680841,0.977508767002391,0.00927125877427775,0.00286135655524691,3.21983674972597e-24,2
"20778",4.19908082087899e-86,4.8153368963169e-06,0.0071488763791548,0.992846308283949,3.11655155585656e-60,4
"20780",3.65236489084724e-20,7.37448962596102e-16,0.99999999952185,4.78149743505763e-10,2.38091376339471e-17,3
"20782",2.19712129216047e-05,2.37102875411585e-12,0.999977601179861,4.27604835829291e-07,1.07498299626084e-14,3
"20784",5.11673863753155e-05,7.54670696089379e-09,0.999948568473063,2.56593855331319e-07,2.30963537140671e-19,3
"20786",5.72811644782982e-14,5.00401457723154e-15,0.113124623028476,2.79741544553065e-10,0.886875376691721,5
"20788",0.849757913786522,0.14940972118323,0.000593375662521243,0.000238988769221257,5.9850516379938e-10,1
"20790",0.941980934775017,5.70362412731227e-05,0.0578901355599899,1.24621308915837e-08,7.18809615890446e-05,1
"20792",9.60938417480861e-08,0.844848298765845,0.154183275547517,0.000799287607570608,0.000169041985226151,2
"20794",0.945143214654233,2.46784131816417e-06,0.054247079578066,6.1625510873332e-10,0.000607237310128058,1
"20796",3.39351315241325e-28,0.982844053534113,0.0169777470021554,0.000178199463731474,1.40016421733043e-35,2
"20798",1.00483566774583e-15,4.25063595501535e-15,0.000220662170490684,4.1254825816596e-09,0.999779333704021,5
"20801",1.57060886867603e-25,1.61470549954727e-08,0.99999735056903,2.79112251439749e-08,2.60537268953225e-06,3
"20803",0.0418895817978149,0.937061626243036,0.0163418679888915,0.00470692397022442,3.3552470817483e-14,2
"20805",9.25825481955501e-05,0.987154185287641,0.0127521276866416,1.10447752205508e-06,8.90071707472491e-18,2
"20807",1.00483566774583e-15,4.25063595501535e-15,0.000220662170490684,4.1254825816596e-09,0.999779333704021,5
"20809",0.089438440450996,0.403741982159297,0.0719421218489037,0.434877455540804,3.41228346475032e-17,4
"20811",2.0443604084513e-21,2.32062942735683e-05,0.999960869763715,1.5914247638169e-05,9.69437333495554e-09,3
"20813",5.77777881613525e-11,0.09794694182271,0.901993964652526,5.82715891247586e-05,8.21877861317793e-07,3
"20815",4.37908609584286e-19,2.65487850522552e-19,0.974742177502356,3.30313752087453e-10,0.0252578221673302,3
"20817",0.997357408420075,0.00257119945729907,5.56963398151039e-05,2.20817803436251e-06,1.34876047761191e-05,1
"20819",0.000720634211388225,0.982952143803649,0.0159304868662899,0.000396735118673112,7.925054464124e-22,2
"20821",1.61147829743391e-52,1.48026257345044e-11,0.999999999981736,3.46173236438158e-12,5.00339740495822e-33,3
"20823",0.00100375291765973,0.996269912203561,0.00260028801554678,0.000126041810204617,5.05302759637084e-09,2
"20825",0.998651512741617,0.000723411380347975,0.000624442537197853,7.66750829107292e-08,5.56665754690941e-07,1
"20827",5.95896828079328e-08,0.00758684947424755,0.436252440292979,0.000356859244352464,0.555803791398739,5
