"","V1","V2","V3","result$classification"
"19812",0.296898505045349,0.695998285220408,0.00710320973424249,2
"19814",0.0125088249197164,0.987350982710598,0.000140192369685663,2
"19816",0.986657458018823,0.0133131910463925,2.93509347847425e-05,1
"19818",0.0932817205130041,0.906534159176929,0.00018412031006688,2
"19820",0.999755296455229,8.63676477605156e-06,0.000236066779994729,1
"19822",0.936610286875729,0.000205471843389517,0.0631842412808816,1
"19824",0.983979858074305,0.0157842470564251,0.000235894869270065,1
"19826",0.180401875835928,0.819454866541593,0.000143257622478125,2
"19828",0.997208996562507,0.00200097464458603,0.000790028792907391,1
"19830",0.00440532571997286,0.992565952631179,0.0030287216488482,2
"19832",0.342362959016221,0.0773493841371097,0.58028765684667,3
"19834",0.918377814010935,0.0647411214715336,0.0168810645175311,1
"19836",0.714129136665739,0.284922135718664,0.000948727615597051,1
"19838",0.00101245745411882,0.998452264008484,0.000535278537396962,2
"19840",0.906563119612976,0.0932944044177699,0.000142475969254222,1
"19842",0.000933828005476308,0.999042494799522,2.36771950017869e-05,2
"19844",0.0111973885525656,0.988638514279612,0.000164097167822242,2
"19846",5.40373753613081e-05,0.999944926160631,1.03646400795132e-06,2
"19848",0.000111858826261842,0.999883843097372,4.29807636668614e-06,2
"19850",0.000757444886801944,0.999224401867337,1.81532458605423e-05,2
"19852",0.784129654800829,0.215276969755083,0.000593375444087497,1
"19854",0.000196447915270088,0.999788580320936,1.4971763793554e-05,2
"19856",0.0103142543997539,0.989396015122277,0.000289730477969403,2
"19858",0.326612788468349,0.669331424494888,0.00405578703676296,2
"19860",0.689372260812319,0.310056048232054,0.000571690955627344,1
"19862",5.29152356439537e-05,0.99994524901432,1.83575003640066e-06,2
"19864",0.240740801888226,0.757334788751505,0.00192440936026934,2
"19866",0.992108486142546,0.00781507449531119,7.64393621431594e-05,1
"19868",0.000134944684986731,0.00144384185519564,0.998421213459818,3
"19870",0.00190576900737294,0.998074854195092,1.93767975346802e-05,2
"19873",0.0833815843575567,0.916560587705703,5.78279367399439e-05,2
"19875",0.997063034080687,0.00209850465793429,0.000838461261378725,1
"19877",0.0197428786672394,0.980087436774873,0.000169684557887844,2
"19879",0.412525572531034,0.584851858475704,0.00262256899326213,2
"19881",0.0346398779208805,0.965297167516288,6.29545628313474e-05,2
"19883",0.0252274076361623,0.974754221563304,1.83708005333747e-05,2
"19899",0.743015942905015,0.242681900339977,0.0143021567550078,1
"19908",0.611999235265611,0.232918565717487,0.155082199016903,1
"19910",0.560156364184594,0.439570263152288,0.000273372663117934,1
"19912",0.000333289028722485,0.99965704840218,9.66256909756741e-06,2
"19914",0.442365861506864,0.546265043830292,0.0113690946628441,2
"19916",0.98615160396455,0.0134904463269604,0.000357949708489623,1
"19918",0.00106682116286717,0.998931743216467,1.43562066589098e-06,2
"19920",0.000291764360651538,0.999705288585724,2.94705362444309e-06,2
"19922",0.0654757354597418,0.166529255283833,0.767995009256425,3
"19924",0.0218597539717781,0.978091255883024,4.89901451979912e-05,2
"19926",0.885391362633774,0.0878339050689593,0.0267747322972663,1
"19928",0.00857073035951007,0.990503983354391,0.000925286286098741,2
"19930",0.00887652232312299,0.991001167358491,0.000122310318386513,2
"19932",0.000517967789282493,0.999424320694039,5.77115166785029e-05,2
"19934",0.965061295070069,0.0312900451013282,0.00364865982860271,1
"19936",0.0837581712873839,0.912756776744233,0.00348505196838322,2
"19938",0.992927311318319,0.00242614541808084,0.00464654326360044,1
"19940",0.177196349845902,0.822749883875455,5.37662786435414e-05,2
"19942",0.0361013915520963,0.96369707667404,0.000201531773864063,2
"19944",0.872196006858445,0.127571227592784,0.000232765548770794,1
"19946",0.156098874737568,0.843660644239528,0.000240481022903704,2
"19948",0.0112381121888694,0.988737849565901,2.4038245228955e-05,2
"19950",0.000166578403037577,0.999796622800239,3.67987967230532e-05,2
"19952",0.0112381121888694,0.988737849565901,2.4038245228955e-05,2
"19954",0.00171757316825575,0.998249590898219,3.28359335258384e-05,2
"19956",0.000118438808345091,0.999480305825813,0.000401255365841926,2
"19958",0.00104576291497953,0.0191245018802918,0.979829735204729,3
"19962",0.175838012708543,0.820796457191002,0.00336553010045477,2
"19964",0.0638169688785613,0.936112871073399,7.01600480394706e-05,2
"19966",0.999282063115983,0.000506775017809917,0.000211161866207006,1
"19969",0.00605784248064679,0.993908424517868,3.37330014847048e-05,2
"19972",0.00155180918886103,0.9984406047985,7.58601263885937e-06,2
"19974",1.53977836511906e-05,0.999984234965849,3.6725049999585e-07,2
"19976",0.0288387228939201,0.971099863260472,6.14138456083497e-05,2
"19978",0.760870802727455,0.239093362551883,3.58347206615747e-05,1
"19980",7.84911186524133e-05,0.999914098714198,7.41016714981583e-06,2
"19982",0.00145904532995376,0.998361619979973,0.000179334690073013,2
"19984",0.00337510117130541,0.996575819047286,4.90797814087373e-05,2
"19986",0.999157178698146,2.25284896494102e-05,0.00082029281220406,1
"19988",0.998567825722314,4.7255962944686e-06,0.00142744868139128,1
"19992",0.998518023127209,5.34881326665705e-05,0.00142848874012439,1
"19994",0.0161753613036985,0.983353829921881,0.000470808774420343,2
"19996",0.999692455164972,7.49071826880976e-05,0.00023263765234053,1
"19998",0.125611052016421,0.873783200395393,0.000605747588186465,2
"20000",0.00147994362853493,0.957774659740723,0.0407453966307422,2
"20003",0.114644286150527,0.882726738935767,0.00262897491370579,2
"20005",5.67083368658401e-05,0.999941811738701,1.47992443305421e-06,2
"20007",0.771906470288621,0.223122647064038,0.00497088264734121,1
"20009",0.992063098579565,0.00635381660821876,0.0015830848122159,1
"20011",0.0114272360993628,0.988543018195408,2.97457052292317e-05,2
"20013",0.00246382646981447,0.997469040286881,6.71332433049825e-05,2
"20016",0.991112973656848,0.000281406253845291,0.00860562008930632,1
"20018",0.0251463979971869,1.10397920543535e-06,0.974852498023608,3
"20021",0.994175566515925,0.00498474789577392,0.000839685588300861,1
"20023",0.948136207898026,0.0493924621394528,0.00247132996252132,1
"20025",0.613131774772077,0.000154022508302286,0.386714202719621,1
"20027",0.00318752519524664,0.996759358137824,5.3116666929021e-05,2
"20029",0.000247819342768909,0.999751110515567,1.07014166450214e-06,2
"20032",0.00311731466799941,0.996771675997374,0.000111009334626909,2
"20034",0.027522004273042,0.972401752583962,7.62431429959856e-05,2
"20036",0.0560108377188062,0.941777687181364,0.00221147509983018,2
"20038",0.991482246546315,0.000220784268378732,0.00829696918530675,1
"20040",0.979646039312471,0.000224465942911075,0.0201294947446177,1
"20043",0.996078392700516,0.00233685487701971,0.00158475242246472,1
"20045",0.987316520480772,1.19535800821548e-05,0.0126715259391459,1
"20048",0.000552373975536595,0.99925842417147,0.000189201852992932,2
"20051",0.458457858454875,0.514275849848733,0.0272662916963923,2
"20053",0.973079561121288,0.0266722587951279,0.000248180083583836,1
"20055",0.884914296734093,0.00939319109046317,0.105692512175444,1
"20057",1.65751334493611e-05,0.00430850548157195,0.995674919384979,3
"20059",0.978921207906011,0.0166160806105034,0.00446271148348574,1
"20061",0.913162486083416,0.0859739129654154,0.000863600951169036,1
"20063",0.697071274788355,0.263475053585924,0.0394536716257211,1
"20065",0.230322740244897,1.14826391220395e-05,0.769665777115981,3
"20067",0.980337192527607,0.00201038483120334,0.0176524226411902,1
"20069",0.000121318394367377,0.999864803643963,1.38779616699513e-05,2
"20071",0.552603639276941,0.438820932774004,0.00857542794905534,1
"20073",0.00356493926450245,0.996426125780818,8.93495467959168e-06,2
"20075",9.71946982836396e-05,0.000658850424171717,0.999243954877545,3
"20077",0.974165275131006,0.025566018803006,0.000268706065987733,1
"20079",0.316738539988994,0.678468128858359,0.00479333115264619,2
"20081",0.868312250442522,0.0051280441545058,0.126559705402972,1
"20083",0.0486738999624047,0.943256833415739,0.00806926662185589,2
"20085",0.994931171580367,4.54988288196118e-06,0.00506427853675082,1
"20088",0.997640439460016,0.000474840499528016,0.00188472004045597,1
"20091",0.00775503541764863,0.000412395043892879,0.991832569538458,3
"20095",0.246261041756881,0.75198269960608,0.00175625863703914,2
"20097",0.983424073314399,6.38494637590153e-06,0.016569541739225,1
"20099",0.955070831460847,0.0449113483650916,1.78201740617223e-05,1
"20102",0.0313426502528189,0.365601214709557,0.603056135037624,3
"20105",0.982995207061115,0.0161618961470888,0.000842896791796184,1
"20107",0.998918022814728,0.000770075260125576,0.000311901925146869,1
"20109",0.705017749030408,0.294904858494192,7.73924754002546e-05,1
"20111",0.000781169205299065,0.577743383074806,0.421475447719895,2
"20113",0.98791934350029,0.0116313311625212,0.000449325337188574,1
"20115",0.00107089124716195,0.997871469685244,0.00105763906759358,2
"20117",0.333369644612841,0.010318031111298,0.656312324275862,3
"20119",0.999334813624621,0.000553198250824717,0.000111988124554035,1
"20121",0.999130847959718,0.000112111742837174,0.000757040297444665,1
"20123",0.00527428371556326,5.24281127215784e-05,0.994673288171715,3
"20125",0.000775681806699545,0.99915627115959,6.80470337099693e-05,2
"20127",0.999072732904022,0.000129702010262182,0.000797565085715542,1
"20140",0.632078901203915,0.0417255316240924,0.326195567171993,1
"20142",0.000151398837205664,0.999805548781707,4.30523810879379e-05,2
"20144",0.000923867158935323,0.985017606045669,0.014058526795396,2
"20146",0.0131218183776029,0.982445317577189,0.00443286404520807,2
"20148",0.0583231912230046,0.940882636356786,0.000794172420208954,2
"20150",1.84754251358686e-05,0.9999807150689,8.09505964029288e-07,2
"20152",0.175950460371677,0.823072603188847,0.000976936439476408,2
"20154",0.0620522295629413,0.000142994212523595,0.937804776224535,3
"20156",0.679761692167031,0.302314877473853,0.0179234303591156,1
"20159",0.000138245171965086,0.999834313102739,2.74417252965733e-05,2
"20161",0.0113698512948188,0.987644215862804,0.000985932842377659,2
"20163",0.299317100900134,0.69325968754725,0.00742321155261555,2
"20165",0.306615935803886,0.691836240089956,0.00154782410615729,2
"20167",0.0143957686908233,0.985565910255118,3.83210540584954e-05,2
"20169",0.000293723123251579,0.999607937327232,9.83395495159829e-05,2
"20171",0.0178220930913465,2.79842322753103e-05,0.982149922676378,3
"20173",0.537083221679285,0.462554072284845,0.00036270603586928,1
"20175",0.00590620608253547,0.994021804633499,7.19892839653686e-05,2
"20177",0.957329216723067,0.0426185527610968,5.22305158364628e-05,1
"20180",0.996435641281193,3.77389292275544e-05,0.00352661978957911,1
"20182",2.72187197603892e-05,0.997099758551655,0.00287302272858408,2
"20184",0.00167438947072125,0.99829161011339,3.40004158890818e-05,2
"20187",0.267461013781707,0.732454045621349,8.4940596943833e-05,2
"20189",0.949930525323076,0.0500416090884882,2.78655884354682e-05,1
"20192",0.859803958088332,0.0107801059803004,0.129415935931367,1
"20194",0.00085145523192656,0.999128918347667,1.96264204058379e-05,2
"20196",0.835381309566822,0.000262769063562072,0.164355921369616,1
"20198",0.523269952218714,0.46605516580582,0.0106748819754666,1
"20204",0.000148033797829196,0.999818980513976,3.29856881949558e-05,2
"20207",0.901774953779989,0.00104412054820304,0.0971809256718084,1
"20209",0.0112485424617152,0.788224900742447,0.200526556795837,2
"20211",0.00413889647908648,0.000103480170722619,0.995757623350191,3
"20215",0.980571798208497,0.0174677067956198,0.00196049499588332,1
"20218",0.000121977862626828,0.999856042370742,2.19797666307575e-05,2
"20222",0.91634756796301,0.011410412108313,0.0722420199286766,1
"20225",0.000931106673461008,0.997928434882503,0.00114045844403572,2
"20229",0.147330529210031,0.666027249533893,0.186642221256076,2
"20232",0.934090308346701,0.0434176308142814,0.022492060839017,1
"20234",0.87474776510934,6.45612671735385e-06,0.125245778763943,1
"20238",0.99600280094866,0.00141106911877669,0.00258612993256349,1
"20253",0.997960315857812,0.000611319302155521,0.00142836484003212,1
"20255",0.00454845964146456,0.992793974039036,0.00265756631949956,2
"20258",0.999532429928008,0.00029630454850194,0.000171265523489933,1
"20269",0.839297369979899,0.160431894758018,0.000270735262082879,1
"20271",0.998716277914521,0.00122805447030303,5.56676151765794e-05,1
"20285",0.0784840887150515,0.921287345193491,0.000228566091457924,2
"20288",0.972680755457768,0.0238496148666133,0.00346962967561836,1
"20291",0.780912876006463,0.000648761061173457,0.218438362932363,1
"20295",0.673477519767851,0.326145739210676,0.00037674102147249,1
"20298",0.000295130671677364,0.999682794800407,2.20745279153218e-05,2
"20302",0.00235909283141302,0.997623097656816,1.78095117705272e-05,2
"20305",0.0002782360742322,0.999710343347695,1.14205780726422e-05,2
"20307",0.999010876304551,5.76741058976955e-05,0.000931449589551718,1
"20310",0.995967430539513,1.10436412686847e-05,0.00402152581921815,1
"20313",4.58066213236076e-05,0.99994909018556,5.10319311591603e-06,2
"20315",0.998704869465963,0.00104909656346753,0.000246033970569179,1
"20319",0.47725644031533,0.000322551147272267,0.522421008537398,3
"20321",0.999200829801229,0.000577842404116556,0.000221327794654298,1
"20327",0.999718156122674,0.000246797650898018,3.50462264274556e-05,1
"20329",0.00242243784383923,0.997573123945007,4.43821115342432e-06,2
"20335",0.877309769179459,0.000105491573494013,0.122584739247047,1
"20337",0.000177392293255495,0.999797818263957,2.47894427871327e-05,2
"20339",0.0268707031220334,0.0124765113641619,0.960652785513805,3
"20341",0.0524193306190322,0.000745297858650318,0.946835371522318,3
"20343",0.984521167411795,0.000369208767051195,0.0151096238211541,1
"20345",0.0571440371135323,0.942394185556314,0.000461777330153218,2
"20350",0.472826813860685,0.3081252078644,0.219047978274915,1
"20352",0.00065813835596222,0.99927083642108,7.10252229573862e-05,2
"20355",0.0274489545840174,0.970924341104619,0.00162670431136362,2
"20358",0.000409090829787911,0.999589341144592,1.56802562022472e-06,2
"20363",0.998725427008476,0.00107082310152671,0.00020374988999737,1
"20365",0.562556165243622,0.0111639978611596,0.426279836895218,1
"20379",0.00297485464576574,0.994959522579829,0.00206562277440488,2
"20387",0.996880764643074,0.000634258446932819,0.002484976909993,1
"20392",0.00853661117773868,3.56123458261237e-05,0.991427776476435,3
"20395",0.0850352388658161,0.913657052096698,0.00130770903748594,2
"20397",0.00026913721761905,0.999721169235613,9.69354676789613e-06,2
"20410",0.996051419815489,0.00303651078168763,0.000912069402823161,1
"20414",0.00200298520326053,0.997978259199568,1.87555971710985e-05,2
"20417",0.148681619499,6.44789052163621e-06,0.851311932610478,3
"20419",0.999753195827189,0.00023858086382953,8.22330898192446e-06,1
"20421",0.0110058884030877,0.96534556160075,0.023648549996162,2
"20423",0.000792643760965632,0.998977116902442,0.000230239336592534,2
"20425",0.002277236561553,0.996778410731265,0.000944352707182413,2
"20427",0.198143504841661,0.801629532683613,0.000226962474726139,2
"20429",0.992014712887848,0.00197856482238867,0.00600672228976283,1
"20432",0.000232466888198428,0.999765227115755,2.30599604682827e-06,2
"20435",0.920471351312359,0.0537584169171688,0.025770231770472,1
"20438",0.996288062058261,0.0036533433682796,5.8594573459108e-05,1
"20440",0.998734732116501,0.00118055144052444,8.47164429743414e-05,1
"20443",0.0149304474084363,0.983110017202217,0.00195953538934652,2
"20446",0.575507545388612,0.422207627125975,0.00228482748541318,1
"20449",0.92449383099126,0.0597645364314751,0.0157416325772644,1
"20537",0.747364969983717,0.0130649816248386,0.239570048391445,1
"20540",0.0228868742951609,2.72146172002162e-05,0.977085911087639,3
"20543",0.356389102235707,0.641930579932265,0.00168031783202849,2
"20545",0.00391691389341229,0.000112223001432892,0.995970863105155,3
"20549",0.118639064850488,0.873036618831698,0.00832431631781399,2
"20551",0.978702033081385,0.0187517224320356,0.00254624448657954,1
"20554",0.993350954961029,0.00639358977011973,0.000255455268851486,1
"20556",0.432056122496757,0.396888186994153,0.171055690509091,1
"20558",0.999410382946613,0.000181102490063964,0.000408514563323117,1
"20560",0.954534055285249,0.0452507405954699,0.000215204119280781,1
"20563",0.999284554697146,8.95031351438604e-05,0.000625942167710476,1
"20565",0.798254785429762,0.199752211276267,0.00199300329397133,1
"20567",0.000533482168869732,0.999454240850442,1.22769806883859e-05,2
"20571",0.96763342434685,0.00411096357233654,0.028255612080814,1
"20573",0.953653953810563,0.0405364627954265,0.00580958339401017,1
"20575",0.999628946764776,0.000101477809630634,0.000269575425593387,1
"20577",0.432195991298455,0.561129535386484,0.00667447331506009,2
"20579",0.000156325296343571,0.999842013555143,1.66114851336408e-06,2
"20582",0.999652485919397,4.18125891888668e-05,0.000305701491413823,1
"20585",0.177722055680914,0.00636145461578477,0.815916489703301,3
"20588",0.0264321552737812,0.0184275143121305,0.955140330414088,3
"20590",3.35635554847813e-05,0.999965815940792,6.20503723156174e-07,2
"20592",0.99971380265652,5.531696322664e-05,0.000230880380253786,1
"20594",0.999282688556564,4.51627950217277e-05,0.000672148648413899,1
"20596",0.96866398657892,0.0313175220338746,1.84913872056812e-05,1
"20598",0.991766206258777,0.00799328273929314,0.000240511001930053,1
"20600",0.178096587963104,0.156452564808422,0.665450847228474,3
"20603",0.00397421258267997,0.989009571517764,0.00701621589955615,2
"20605",0.998968973536087,0.00030034301036664,0.000730683453545954,1
"20607",0.998480614079186,0.0014842652012615,3.51207195521835e-05,1
"20609",0.980507207257684,0.0192163706379705,0.000276422104345619,1
"20611",0.000440539169184779,0.99954434339989,1.51174309251898e-05,2
"20613",0.807186870622066,0.186273415050626,0.00653971432730841,1
"20615",0.505656627499666,0.411082777144842,0.0832605953554914,1
"20617",0.000151939186073751,0.999813574717793,3.4486096133113e-05,2
"20619",0.99970645721869,0.000186688296310218,0.000106854484999627,1
"20621",0.984290661518202,0.0150306823359274,0.00067865614587118,1
"20623",0.0215245862530629,0.978467653488415,7.76025852187054e-06,2
"20625",0.00437183899751564,0.962530553148645,0.0330976078538393,2
"20627",0.944486174975246,0.0546602631445611,0.000853561880192483,1
"20629",0.87626065954636,0.119532192655048,0.0042071477985921,1
"20631",0.999479474806917,0.00015894975783251,0.00036157543525012,1
"20633",3.84055276814631e-05,0.999958204265327,3.39020699120228e-06,2
"20636",0.00219863422768195,0.997784384739468,1.69810328502936e-05,2
"20638",0.402623171203734,0.480959154525934,0.116417674270332,2
"20640",0.934577033319235,0.000793763723800848,0.0646292029569644,1
"20645",0.99332286486748,7.77071677797756e-06,0.00666936441574168,1
"20647",0.000569369899506517,0.999221542953194,0.000209087147299432,2
"20649",0.97381246867386,0.0129361504526571,0.0132513808734833,1
"20651",0.994710961514647,0.000152984578295739,0.00513605390705722,1
"20656",0.956136475283584,0.00231944485050433,0.0415440798659115,1
"20660",0.133856582301345,0.0103865739094216,0.855756843789233,3
"20662",0.00185125796239943,0.998134778021669,1.39640159313227e-05,2
"20664",0.857059114243772,0.142854585131978,8.63006242502201e-05,1
"20666",0.00692982090190308,0.83467200698696,0.158398172111137,2
"20668",0.000238676278922464,0.999759157061491,2.16665958672288e-06,2
"20670",0.996672246060781,0.00265722906538212,0.000670524873836793,1
"20672",0.000199224390507638,0.999743506325653,5.72692838391941e-05,2
"20674",0.941322416855879,0.0583788535061013,0.000298729638019511,1
"20676",3.85285440882779e-05,0.999956559204008,4.91225190386445e-06,2
"20678",3.05954647226178e-05,0.999968719822083,6.84713194843827e-07,2
"20680",0.00331992864219656,0.996611696975991,6.83743818129695e-05,2
"20682",0.0131810654363749,0.986787728163312,3.12064003131537e-05,2
"20684",0.935402229692799,0.0593696513474486,0.00522811895975198,1
"20686",0.000168943437965876,0.999807655318749,2.34012432854324e-05,2
"20688",6.03906525636346e-05,0.999938464794316,1.14455312050886e-06,2
"20690",0.099891157100586,0.00117233595617531,0.898936506943239,3
"20692",2.75210002656856e-05,0.999971267797213,1.2112025219177e-06,2
"20694",0.000128384754998527,0.999864701038981,6.9142060199722e-06,2
"20696",0.00288659425262474,0.997039321687536,7.4084059839065e-05,2
"20698",0.859920042534893,0.12929449043065,0.010785467034457,1
"20700",0.987649851164051,0.0115655457325916,0.000784603103356875,1
"20702",0.195699466904349,0.000174462223319182,0.804126070872332,3
"20704",0.926188135511683,0.0731237973621865,0.000688067126130849,1
"20706",0.280185496735374,0.714265113326442,0.00554938993818345,2
"20708",0.000358696614136398,0.99963780868159,3.4947042740215e-06,2
"20710",0.694609449783835,0.0118462026372077,0.293544347578957,1
"20714",0.000605681592941212,0.999392330538849,1.98786820963237e-06,2
"20716",0.996380363871095,0.00339923963941194,0.000220396489492979,1
"20719",0.768598470636638,0.230673045490559,0.000728483872802563,1
"20721",0.999678956148495,6.67341482320198e-05,0.000254309703272783,1
"20723",0.817639934247793,0.175082185055112,0.00727788069709506,1
"20725",0.0187893427076813,0.980225618232023,0.000985039060295896,2
"20727",0.000206986766315576,0.997707845474897,0.00208516775878737,2
"20729",0.000536808990925337,0.999441903245594,2.12877634812433e-05,2
"20731",0.00983961938489536,0.988907103443242,0.00125327717186325,2
"20733",0.9516414727966,0.0434057471130836,0.00495278009031609,1
"20735",0.815159736562708,0.158710088252396,0.0261301751848952,1
"20737",0.000123549274264189,0.999875592626543,8.58099193177173e-07,2
"20739",5.35430197357516e-05,0.999937513177739,8.94380252522933e-06,2
"20741",0.0149048122483174,0.984933910579198,0.000161277172485104,2
"20743",0.0278750746111414,0.971895540267265,0.000229385121593501,2
"20745",0.998863810783254,0.000481975246119183,0.00065421397062698,1
"20747",0.000631582970436531,0.999342818177482,2.55988520810379e-05,2
"20749",0.000262853712944021,0.999713534023672,2.36122633839826e-05,2
"20751",0.000402462364201797,0.991917870215187,0.00767966742061077,2
"20753",0.00103223016095385,0.998937875578385,2.98942606607966e-05,2
"20755",0.000813564876239934,0.999178894140308,7.54098345175073e-06,2
"20757",0.208869063830403,0.791072062669668,5.88734999295954e-05,2
"20759",0.998383484341919,0.00153876348658056,7.77521715005321e-05,1
"20761",0.0841546431682331,0.915548473097581,0.000296883734185779,2
"20763",0.122007180408973,0.876199678933921,0.00179314065710579,2
"20765",0.0112366994172752,0.988541737488862,0.000221563093862996,2
"20767",0.983279665208194,0.016202710644371,0.000517624147435111,1
"20769",0.469354528571857,0.00863263119349862,0.522012840234644,3
"20771",0.07207772012235,0.927907963986689,1.43158909607356e-05,2
"20773",0.0720459218645887,0.927353192774449,0.000600885360962193,2
"20775",0.0194098570384219,0.979348290763291,0.00124185219828745,2
"20777",0.0928943313170462,0.470168965326214,0.43693670335674,2
"20779",0.0147806906210095,0.984603673641309,0.000615635737681837,2
"20781",0.000107237971636462,0.069547898570024,0.93034486345834,3
"20783",0.0525107524063407,0.947440265517652,4.89820760075177e-05,2
"20785",0.00281334122981343,0.997127145321482,5.95134487049823e-05,2
"20787",0.00072195076131569,0.999276997653839,1.05158484559384e-06,2
"20789",0.778979288173449,0.218835272951877,0.00218543887467364,1
"20791",4.38131233977992e-05,0.999953735579573,2.45129702879058e-06,2
"20793",0.76956605171231,0.228420092137838,0.00201385614985191,1
"20795",0.000477296303307794,0.999517618382545,5.08531414725419e-06,2
"20797",0.000101134455125357,0.912950068672362,0.0869487968725131,2
"20800",0.000860346427003124,0.999025303959899,0.000114349613097548,2
"20802",0.0306306787054831,0.969142870339998,0.000226450954518678,2
"20804",0.000165041676681575,0.999832734585946,2.22373737239933e-06,2
"20806",2.82587893755281e-05,0.999970260698711,1.48051191319649e-06,2
"20808",0.995340162129844,0.00455036032942867,0.000109477540726988,1
"20810",0.00176930007220142,0.998199250748507,3.14491792910795e-05,2
"20812",0.0188913481560663,0.968176356567909,0.0129322952760242,2
"20814",2.11828682472403e-05,0.999978358927743,4.58204009464038e-07,2
"20816",0.969300307058588,0.0202236836507276,0.0104760092906845,1
"20818",0.0287688112694424,0.970846665572287,0.000384523158270466,2
"20820",0.000175111200568218,0.999770344554723,5.45442447091927e-05,2
"20822",0.0210480385394039,0.978857213506985,9.47479536111035e-05,2
"20824",0.00228700809804847,0.997650531704898,6.24601970531241e-05,2
"20826",0.000138139851128092,0.999834013921532,2.78462273400894e-05,2
"20828",0.000552373975536595,0.99925842417147,0.000189201852992932,2
"20830",0.000460014507047972,0.999505286965857,3.46985270947574e-05,2
"20832",0.358690999726012,0.640949519022072,0.000359481251915259,2
"20834",0.988644567963081,0.00949750011544975,0.00185793192146947,1
"20836",0.00669773380426642,0.9930592168242,0.000243049371534229,2
"20838",3.87930573898735e-05,0.999960076179241,1.13076336863026e-06,2
"20840",0.92052943281685,0.078856148099111,0.000614419084039418,1
"20842",0.00384986516657317,0.996069946506316,8.0188327111316e-05,2
"20844",0.0795301576320435,0.920444863366666,2.49790012903425e-05,2
"20846",0.0172870591368222,0.982619130863129,9.38100000490312e-05,2
"20848",0.343093756955617,0.655251829826094,0.00165441321828935,2
"20850",0.926535521013188,0.0733674833704784,9.69956163337306e-05,1
"20852",0.930557649903746,0.068067672215843,0.0013746778804114,1
"20854",0.000121936687437741,0.999858075970213,1.99873423491419e-05,2
"20856",0.0336290665994376,0.0198152087516446,0.946555724648918,3
"20858",0.996955171962166,0.00175970536927416,0.0012851226685595,1
"20860",0.102841104247176,0.896479609014146,0.000679286738677833,2
"20862",0.999708565168849,0.000231968933541205,5.94658976095996e-05,1
"20864",0.000940134127843311,0.998815078259439,0.000244787612717437,2
"20866",0.998027019305332,5.72494682700399e-06,0.00196725574784078,1
"20868",0.986626552545599,0.0105369288242401,0.00283651863016048,1
"20870",0.059638789891633,0.938579260151494,0.00178194995687294,2
"20872",0.00203075873614934,0.997908735750089,6.05055137617512e-05,2
"20874",5.38709413736822e-05,0.999943819018731,2.3100398954638e-06,2
"20877",0.980939993646224,0.0034883196385892,0.0155716867151866,1
"20879",0.997208554168883,0.000182564942666985,0.00260888088845033,1
"20881",0.000478093172274367,0.999487950754551,3.39560731750588e-05,2
"20883",0.00014607546553263,0.999670367767197,0.000183556767270111,2
"20885",0.0012157775846645,0.99862032394559,0.00016389846974593,2
"20887",0.854737968441121,0.137414926927515,0.00784710463136446,1
"20889",0.0128321643438317,0.984059304464763,0.00310853119140525,2
"20891",0.99604413189655,0.00017587155591634,0.00377999654753356,1
"20896",0.846128008313483,0.0824728300186138,0.0713991616679029,1
"20898",0.0449942226026874,0.954609206336269,0.000396571061044125,2
"20900",5.08829592358145e-05,0.903178056287408,0.096771060753356,2
"20902",0.241381147901445,0.00675663988888996,0.751862212209665,3
"20904",0.124274343700293,0.866331547118514,0.00939410918119359,2
"20906",0.980753582015839,0.00290284315006286,0.0163435748340988,1
"20908",0.0231139218207896,0.976784560272389,0.000101517906821636,2
"20910",0.0175702395888625,0.982424661714956,5.09869618118627e-06,2
"20912",0.000172908671672747,0.0568474846530931,0.942979606675234,3
"20914",0.989053067258439,1.75636803296715e-05,0.0109293690612318,1
"20968",0.0101425532397334,0.982270126217433,0.00758732054283322,2
"20970",0.951800703760553,0.0473817820306364,0.000817514208810417,1
"20981",0.978485079607232,0.0215000489204051,1.48714723630545e-05,1
"20983",1.79941992216683e-05,0.999980892305714,1.11349506479362e-06,2
"20988",0.994004665851306,0.0058272434615215,0.000168090687172254,1
"20995",0.228806604056933,0.0979623559315218,0.673231040011545,3
"21017",0.124300187574585,0.875659332426789,4.04799986258085e-05,2
"21038",0.991526248878315,0.00185752469856458,0.00661622642312082,1
"21072",0.967428880093001,0.0270249003822185,0.00554621952478035,1
"21075",0.951041002886244,0.000232028417390619,0.0487269686963656,1
"21223",0.159297690864219,0.836592393188438,0.00410991594734296,2
"21225",0.000281289171983503,4.87514090669074e-05,0.99966995941895,3
"21230",2.22196429209331e-05,0.999976203615322,1.57674175688925e-06,2
"21236",0.0119057454521428,0.988006487695748,8.77668521090442e-05,2
"21238",0.20723738342363,0.231257951960924,0.561504664615446,3
"21241",0.995212079404131,0.00420695183451536,0.000580968761353683,1
"21246",0.972355403218879,0.0276172052815575,2.73914995635556e-05,1
"21253",0.000177789325866315,0.999798127477671,2.40831964623345e-05,2
"21256",0.0051754697045264,0.994667305802742,0.000157224492731368,2
"21260",0.00910548445602153,5.06200214777803e-05,0.990843895522501,3
"21266",0.989648009323832,0.0100500142299928,0.000301976446174639,1
"21332",0.9915793054937,0.00835881881605725,6.18756902421647e-05,1
"21334",0.0558443357412887,0.931934828210864,0.012220836047847,2
"21375",0.999084746447898,0.00025028754854418,0.000664966003557477,1
"21378",0.996353830060713,1.74555931898057e-05,0.00362871434609674,1
"21381",0.987927848294634,0.000615318985222294,0.0114568327201435,1
"21389",0.000818185546475647,0.999177342486636,4.47196688827976e-06,2
"21391",0.952777500420977,0.0465719571910301,0.000650542387992597,1
"21402",0.996804875442398,0.00318665555387671,8.46900372565004e-06,1
"21404",0.744891426782792,0.00410194803469555,0.251006625182513,1
"21409",0.954890019981289,0.0124092776509918,0.0327007023677197,1
"21413",0.702638297502674,0.217790753324934,0.0795709491723923,1
"21423",0.996174167660798,0.000524890512530126,0.00330094182667213,1
"21425",0.933568087478111,0.0415212863838734,0.0249106261380157,1
"21430",0.00921816216542904,0.0111213092763588,0.979660528558212,3
"21432",0.980191916567843,0.0196554728437416,0.000152610588415181,1
"21438",0.995136281502689,0.00397313393889699,0.000890584558414407,1
"21440",0.925575830703335,0.0720613442467561,0.00236282504990912,1
"21443",0.000662299260951513,0.999328629766328,9.07097272089464e-06,2
"21445",0.00153836773299038,0.00108933335326948,0.99737229891374,3
"21447",0.996417157623163,8.84023751824013e-05,0.00349444000165515,1
"21449",0.998468257305992,0.00151985700678529,1.18856872222845e-05,1
"21451",0.998468257305992,0.00151985700678529,1.18856872222845e-05,1
"21455",0.999145122689124,0.000843397193786644,1.14801170894707e-05,1
"21469",0.876094090340293,1.3950637281134e-05,0.123891959022426,1
"21471",0.790588538945755,0.000415473477845578,0.208995987576399,1
"21473",0.0496665559425495,0.946254293428586,0.00407915062886499,2
"21476",0.353002487181364,0.632432201017448,0.0145653118011878,2
"21478",0.054884454934851,0.939883100883724,0.0052324441814248,2
"21481",0.00142726993819095,0.998511503125771,6.12269360383974e-05,2
"21490",0.993234950439093,0.00302972199104652,0.00373532756986096,1
"21493",0.97590678807869,1.64038066599062e-05,0.0240768081146498,1
"21495",0.750201752908042,0.244418174796014,0.00538007229594462,1
"21500",0.985514528830007,0.0134941478966078,0.000991323273385345,1
"21504",0.863551660982435,0.135112272273756,0.00133606674380868,1
"21507",0.984530284921402,8.57380366298356e-05,0.0153839770419681,1
"21512",0.996011580023477,0.00206978251586969,0.00191863746065289,1
"21519",0.0332549912571804,0.966622869530748,0.000122139212071626,2
"21522",0.0038444009424937,0.132359074703714,0.863796524353793,3
"21524",0.99595920474753,0.00389025001117678,0.000150545241293407,1
"21528",0.998489359996389,0.00016139738573863,0.0013492426178725,1
"21532",0.865508515176699,0.0680197567126632,0.0664717281106378,1
"21543",0.119837164592664,0.860355145563126,0.0198076898442097,2
"21546",0.886214024790466,0.0821602466215888,0.0316257285879447,1
"21550",0.996777703985029,0.000124999396649329,0.00309729661832196,1
"21554",0.999553040604201,0.0003748708067932,7.20885890056956e-05,1
"21557",0.00864853999019151,0.953048592382129,0.0383028676276798,2
"21560",0.982910239789558,4.78859756599519e-05,0.0170418742347816,1
"21564",0.470577538337591,0.529320941965512,0.000101519696896526,2
"21566",0.999243353943648,0.000233652715844489,0.00052299334050678,1
"21569",0.889818441370059,0.0941521093535837,0.016029449276357,1
"21574",0.00291586079105644,0.995713254018641,0.00137088519030244,2
"21576",0.0138139826642535,0.986136857160287,4.91601754596798e-05,2
"21578",0.00027988275925608,0.999697668164142,2.24490766023179e-05,2
"21580",0.0174872550548557,0.982439313678304,7.34312668397625e-05,2
"21583",0.998794902912534,5.99618196209474e-05,0.00114513526784522,1
"21585",0.000454095193557794,0.999542387739373,3.51706706881301e-06,2
"21587",0.00253188237036482,0.997058638999548,0.000409478630086828,2
"21589",0.00267914715938724,0.995276905863364,0.00204394697724835,2
"21593",0.00220803769426277,0.584446328886455,0.413345633419282,2
"21595",0.000650711169872046,0.970414276654714,0.028935012175414,2
"21597",0.188030840170402,0.811839490532972,0.000129669296626345,2
"21599",2.18426155627268e-05,0.999977731008777,4.26375660657755e-07,2
"21601",0.617923642476746,0.320516611681373,0.0615597458418803,1
"21603",6.31129487559814e-05,0.999935998448013,8.88603231484704e-07,2
"21605",0.00028233923622786,0.999690677760311,2.69830034613987e-05,2
"21607",0.0866161238564501,0.881443228097946,0.0319406480456042,2
"21610",0.234663223747498,0.760975046428147,0.00436172982435572,2
"21612",0.000479640106741686,0.999505394337139,1.49655561189931e-05,2
"21614",0.539579575977828,0.441821123429161,0.0185993005930111,1
"21616",0.0729482989752612,0.919334612557421,0.00771708846731804,2
"21618",0.822693617493827,0.00274162838645437,0.174564754119718,1
"21620",0.000490668257480382,0.999499152376955,1.01793655646872e-05,2
"21622",0.97968772782761,0.000524520804386439,0.0197877513680032,1
"21624",0.0124281342517191,0.985149577486355,0.00242228826192614,2
"21626",0.311825661952808,0.688150947291798,2.3390755393934e-05,2
"21628",0.861848586597799,0.128208302252819,0.00994311114938184,1
"21630",0.0424637790586918,0.957256420989714,0.00027979995159412,2
"21632",0.836438155735622,0.160947466509827,0.00261437775455113,1
"21634",0.955449458781218,0.0438870620733307,0.000663479145451245,1
"21636",0.00267107421581851,0.996620762321354,0.000708163462827258,2
"21638",8.84740771648088e-05,0.999859640202946,5.18857198889607e-05,2
"21640",0.287904531478718,0.707656325979341,0.0044391425419417,2
"21642",0.00590750199507931,0.993935890759179,0.000156607245742246,2
"21644",5.08883455918086e-05,0.931244184285561,0.068704927368847,2
"21647",0.000281428396007806,0.999681310564668,3.72610393247162e-05,2
"21649",0.00565561836265727,0.994099166424012,0.000245215213331326,2
"21651",0.0192427125907909,0.978193596558089,0.0025636908511203,2
"21653",0.00157962480518348,0.464970767694768,0.533449607500049,3
"21655",5.1404758141677e-05,0.999942448776174,6.14646568391119e-06,2
"21657",0.00447185616698372,0.995316240889222,0.000211902943793948,2
"21659",0.00173450773104458,0.998186363052377,7.91292165785674e-05,2
"21661",0.00263042913347236,0.996974946768591,0.000394624097936695,2
"21663",0.00133122650759605,0.998618906487097,4.98670053074746e-05,2
"21665",0.000603414036306688,0.998496018924125,0.000900567039568442,2
"21667",0.911136741727553,0.0885619609647759,0.000301297307671106,1
"21670",0.749135634829386,0.246624518185145,0.00423984698546904,1
"21672",0.0409423263345643,0.957093830395773,0.00196384326966308,2
"21674",0.999058394726175,0.000418203784069219,0.000523401489755911,1
"21676",0.986806211099209,0.0131317985681834,6.19903326077614e-05,1
"21678",0.00491137844954329,0.032072547997855,0.963016073552602,3
"21680",0.00131814679125318,0.997123435776122,0.00155841743262475,2
"21685",0.973208199467713,0.0220141238221458,0.00477767671014147,1
"21687",0.0667944407517939,0.320566298206734,0.612639261041472,3
"21690",0.00127954572890125,0.998559186784309,0.000161267486790072,2
"21707",0.999412460515523,0.000145822078391923,0.00044171740608475,1
"21710",0.0748179718263868,0.0018597239759219,0.923322304197691,3
"21713",0.99645348603177,0.00256248986167969,0.000984024106550683,1
"21718",0.20816239954511,0.0320938488690672,0.759743751585823,3
"21721",0.00217812021025358,0.139315888454023,0.858505991335724,3
"21723",0.98126332155152,3.49068996894202e-05,0.018701771548791,1
"21726",0.99987401660357,8.13687966211852e-05,4.46145998093339e-05,1
"21729",0.000523559863780884,0.996511180489332,0.00296525964688754,2
"21733",0.000188957140756023,0.999765498635531,4.55442237134889e-05,2
"21735",0.135967147939418,0.0531063148105729,0.810926537250009,3
"21739",0.984291018700281,0.0151871652806766,0.000521816019042406,1
"21741",0.995109641662328,0.00432682150561987,0.000563536832051894,1
"21744",0.968120906898639,0.0315117145674686,0.000367378533892587,1
"21746",0.997471551191406,2.77003630339041e-05,0.00250074844556048,1
"21748",0.991688623373887,0.00103898518818053,0.00727239143793206,1
"21750",0.00198530733505595,0.99800203809188,1.26545730644749e-05,2
"21752",0.98146828788156,0.0164077283058408,0.00212398381259954,1
"21755",0.689415177858314,0.309583465272383,0.00100135686930266,1
"21757",0.108872468892055,0.880910779163549,0.0102167519443961,2
"21760",0.228806604056933,0.0979623559315218,0.673231040011545,3
"21762",0.99918800351223,3.94177156446673e-05,0.000772578772125446,1
"21764",0.000345556502968259,0.999635385677258,1.90578197741243e-05,2
"21766",0.998182223047686,8.31352127156208e-05,0.00173464173959788,1
"21768",0.422749280158626,0.573025735102395,0.00422498473897834,2
"21770",0.543797255067623,0.455212600258676,0.000990144673700764,1
"21773",0.965625749025179,1.35949517073263e-05,0.0343606560231132,1
"21775",0.0668474832177482,0.932771272901852,0.000381243880400268,2
"21777",0.000531161507366697,0.99941431312527,5.45253673636372e-05,2
"21779",0.523442488548017,0.44595455358176,0.0306029578702233,1
"21781",0.942083352126911,0.0575400153327001,0.000376632540389012,1
"21784",0.996668018536158,0.00180997398802703,0.00152200747581468,1
"21786",0.241110631327395,0.758741110495407,0.000148258177197072,2
"21789",0.872921730225981,0.122393961346737,0.0046843084272818,1
"21791",0.994906715792299,0.00129284043583916,0.00380044377186193,1
"21794",0.0633571594634942,0.93398745158102,0.00265538895548608,2
"21797",0.0324211064119892,0.0397126396955021,0.927866253892509,3
"21800",0.139778176025649,7.69748771447854e-05,0.860144849097206,3
"21802",0.931569308209063,0.0400905636697178,0.0283401281212189,1
"21804",4.19450273496032e-05,0.00296027926296601,0.996997775709685,3
"21806",0.00986696653801709,0.116828361399681,0.873304672062302,3
"21808",0.0409249093372935,0.465007152660611,0.494067938002095,3
"21811",0.221403510612691,0.0147505592411787,0.76384593014613,3
"21815",0.995994196150193,0.00360222568550277,0.000403578164304226,1
"21817",0.0103247010192544,0.0192725019621193,0.970402797018626,3
"21820",0.932008617523087,0.00489932597453135,0.0630920565023813,1
"21822",0.0233923458197556,0.976086196443529,0.000521457736715451,2
"21824",0.0301487237612253,0.969823659418982,2.76168197928291e-05,2
"21826",0.999255562015179,0.000187446910444535,0.00055699107437661,1
"21828",0.490911205720199,0.509007187343065,8.16069367353464e-05,2
"21830",0.0140745884812067,0.985881342194904,4.40693238890761e-05,2
"21833",0.140350288694506,0.859601651248249,4.80600572447948e-05,2
"21835",0.140350288694506,0.859601651248249,4.80600572447948e-05,2
"21838",0.842124429234565,0.00138689170371052,0.156488679061725,1
"21840",0.991457031088687,4.67459884214526e-05,0.00849622292289122,1
"21842",0.666044894982703,0.00314136006086763,0.33081374495643,1
"21844",0.16092100373567,0.838998528591503,8.04676728276264e-05,2
"21847",0.96416670941289,0.0345647622640281,0.00126852832308239,1
"21849",0.215534286044016,0.7835832128243,0.000882501131683388,2
"21852",0.826451083011911,0.0961091875095674,0.0774397294785214,1
