"","V1","V2","V3","V4","V5","V6","V7","V8","V9","best$classification"
"19811",1.60750598743291e-05,1.8476068254925e-09,4.40092360416791e-07,0.0012881960062152,0.955715240519518,0.000381184355658902,5.2380886139062e-10,0.000444871485989328,0.0421539901089688,5
"19813",4.32127768728671e-08,8.95787893950217e-09,1.07991398520739e-08,3.48153725735825e-07,6.68132133478676e-06,7.58525248482284e-07,2.85828553741302e-12,1.27613869440902e-08,0.99999213626565,9
"19815",0.00112707399231064,2.55803884556286e-09,0.0001486325339149,0.0242719932850324,0.968616558678425,0.00579684588744074,3.22658896690273e-05,5.74225502993804e-06,8.8492013853492e-07,5
"19817",7.2465664411405e-05,2.16440129615797e-10,2.82542776025858e-06,0.00337929024997841,0.992377702713075,0.00377589058676245,2.4881494439945e-07,0.000387730566475696,3.84576015272957e-06,5
"19819",5.54267471300824e-05,0.00507168927091986,0.28219160755245,1.4312477851807e-05,2.01122912275268e-06,0.0479774347175111,0.664687459215569,5.87585351527577e-08,3.09103975612364e-11,7
"19821",6.0622912974966e-07,8.91565375022164e-08,4.63089658101016e-05,0.000410899608587921,0.965996076520422,0.00456738373873785,6.55823838824732e-09,0.0154851184969226,0.0134935107256142,5
"19823",0.554952142534742,7.33614066381205e-09,8.5781571557013e-06,0.000329423603974134,0.441617280030853,0.00174568598752667,0.00128526258257857,6.08850321281199e-05,7.34734901233609e-07,1
"19825",3.87301896181484e-06,0.513214927255469,0.00790796623864565,0.0023367802526635,0.000353772144010286,0.00607055833199953,4.44923032011658e-05,0.468649002928822,0.00141862752622781,2
"19827",0.000188414176063255,7.31063046347793e-08,5.92852548448701e-06,4.56710921382565e-05,0.573340763750323,0.00452328388292243,3.81282460745952e-06,0.421891841380296,2.11261860837216e-07,5
"19829",5.49970764310239e-08,0.00304055358004403,0.0778546918310305,0.000167095686792985,0.000189755998835482,0.915453721705404,8.37833202707619e-05,0.00320955280614467,7.90074401530175e-07,6
"19831",0.00258589789119208,0.0147562331187919,0.110501778587017,4.77700769813992e-05,1.69064841896184e-05,0.766117817656812,0.105973334005952,9.08308682284756e-08,1.71348195097148e-07,6
"19833",0.89623513259146,0.00197190652239583,8.68938565532508e-07,0.00159368747569464,1.41295923419079e-07,5.72505198091183e-07,0.100187212808638,9.82916676463472e-06,6.48695360714282e-07,1
"19835",6.0622912974966e-07,8.91565375022164e-08,4.63089658101016e-05,0.000410899608587921,0.965996076520422,0.00456738373873785,6.55823838824732e-09,0.0154851184969226,0.0134935107256142,5
"19837",1.36337271445024e-05,9.03653815372189e-09,1.81829001843031e-05,6.95284435606402e-05,0.946467796468673,0.0283238688731324,3.6944400835569e-07,0.0251047878071815,1.82329957698733e-06,5
"19839",3.1923876656659e-07,0.523479825953296,0.0409789241187802,0.000840843533345357,0.000487295266033754,0.423179087478969,3.8473706920328e-06,0.0105436936843183,0.00048616335579927,2
"19841",1.18585167468269e-09,0.000225528292683781,1.87237555762442e-07,2.7701423412185e-08,3.80240270982998e-06,1.90359710433247e-06,1.08226091029982e-09,0.999751500392134,1.70481082767606e-05,8
"19843",3.57063955808233e-07,0.364708619233272,0.603506696872954,0.00301274728946142,2.20481080486176e-06,0.017636048274186,1.95204516053737e-05,4.94675859415309e-09,0.0111138010570014,3
"19845",1.15273270709625e-05,3.44703025844051e-10,4.47454325423556e-08,7.64213142788014e-05,0.0436165262618108,7.06807175636834e-06,1.04469924996997e-10,4.28696113210438e-06,0.956284124869345,9
"19847",0.000530408401050603,1.42924204260682e-07,0.000552059994664519,0.0237736202481758,0.930619527572848,0.0372871583907093,2.38253513471803e-06,6.98949759457823e-06,0.00722771043561789,5
"19849",4.88589319950185e-08,7.68555872689997e-10,9.45657814465531e-10,6.38590190026431e-08,2.07700656881241e-05,6.42665294476456e-08,5.20456099605769e-13,3.25108305571823e-08,0.999979018724267,9
"19851",0.00022278932752117,3.82414629073518e-11,1.08206876952696e-06,0.00076935342391332,0.998538209649356,0.0004436514451604,1.42282798333321e-07,1.4576880178598e-05,1.01948840614989e-05,5
"19853",0.073285870711713,2.7181234567134e-11,5.24388299644608e-09,7.29347085637081e-05,0.915313731494148,9.63050784036424e-06,7.104136340039e-08,0.000182796614548633,0.0111349596507584,5
"19855",0.000365951721978876,2.18109071154799e-11,2.74269468973894e-08,0.000141135808304664,0.996265672457574,0.000277078069716365,1.17811872167212e-08,0.00226799651958605,0.000682126192894661,5
"19857",3.47921943450591e-06,6.46010176458417e-07,0.00022347360154318,0.0093225296557234,0.633261442938517,0.326200891196316,4.00093475314984e-08,0.0147037509813555,0.0162837463875872,5
"19859",0.000496096369706356,3.53687409255609e-08,2.02530716522103e-05,0.00335322028258389,0.92513867455226,0.0595614898365198,3.80137277655102e-06,0.0114177445071428,8.684638616837e-06,5
"19861",0.000112991512391478,7.23451176626495e-10,6.05876784592927e-07,0.000411857302500193,0.861521677466473,0.000273491006356582,2.16776649641963e-09,1.52214371501418e-05,0.137664152507126,5
"19863",2.44619184668609e-08,1.44842375410345e-06,5.04767775326886e-10,2.19324836814942e-07,1.08554453782768e-05,4.20307397388304e-08,1.35471960047263e-12,0.00501811118072479,0.994969298626525,9
"19865",1.18267547833626e-08,2.86205205530456e-08,2.04166642547471e-08,2.53485063881836e-06,0.00108731997334186,5.19165261805897e-06,4.48669549205535e-10,0.998904491970445,4.00240346942683e-07,8
"19867",0.000206362025168093,4.4819631006857e-09,8.28598499818777e-05,0.00876265752731823,0.983501305599563,0.00169655132707487,3.33833848387943e-07,9.17134774613813e-07,0.0057490082203076,5
"19869",3.59491864454482e-07,1.19051964134115e-10,1.07504273670624e-09,5.13307006861968e-07,0.00396644371988556,6.74983687765062e-07,1.18544852172925e-12,1.5691355227719e-05,0.996016315947047,9
"19871",0.000129057942043062,3.67001637485254e-08,5.79244460399817e-05,0.000985651457081625,0.766327594145521,0.191692642118269,6.80539093085873e-06,0.0407991386424844,1.14915746648106e-06,5
"19874",3.49002341696364e-05,1.43450560207458e-08,1.19620128714046e-07,0.000373427572213558,0.175106058243647,9.40422827797076e-05,8.28647462240538e-08,0.824389312115409,2.04272185014138e-06,8
"19876",6.90189549843448e-06,1.93459597007602e-10,1.3912778938554e-08,1.35408374598259e-05,0.790355395319842,5.71949322433164e-05,5.70298614687284e-10,0.2093624036036,0.000204548734818922,5
"19878",7.76807746150919e-07,4.37770263453888e-05,0.00185812914090362,0.997869927232971,0.000171017773884245,4.23503214928107e-05,1.18044920443255e-05,7.7548269101712e-07,1.44172192143256e-06,4
"19880",3.71762769542987e-08,1.64230868912347e-09,2.4818923549297e-10,4.87276872016762e-08,0.000787265597627147,4.55602633956642e-07,2.28952166788542e-11,0.99920726335152,4.9276308618347e-06,8
"19882",0.000149582675616561,4.56452483455774e-09,5.76440352568861e-07,0.00730254781385884,0.72385826399543,5.20616283180448e-05,5.49985934251734e-09,0.000612239131771936,0.268024718250268,5
"19885",4.54225655358066e-06,1.15791007899885e-08,0.000333331993393046,0.00799202707314851,0.874101540784314,0.117214080601481,5.39530509802321e-07,0.000348180402020754,5.74577947926721e-06,5
"19907",4.94703593385885e-05,2.18375427528653e-09,2.10482784764952e-05,0.00979256180322977,0.920063846302277,0.000398110994833028,4.41906391743793e-08,6.49223415487964e-06,0.0696684236532975,5
"19909",1.55347553621197e-07,3.61548563625805e-05,0.0520113504886262,8.83903918132422e-06,0.000570239088666962,0.947344880886804,3.91325427203359e-06,4.60432234829823e-07,2.40066062986119e-05,6
"19911",5.94326346383738e-06,0.00185633353435459,0.0104066387591889,7.62555343020283e-05,0.000965795726543023,0.984025408473722,5.1895895976988e-05,0.00261016681276331,1.56199968568339e-06,6
"19913",1.20374365557203e-08,7.47084083646858e-07,1.28983204831702e-09,1.31956437217569e-08,4.54820162708905e-06,2.12826726207218e-07,5.66145942160606e-10,0.999994373019761,9.17787442776958e-08,8
"19915",3.11999840872634e-05,1.15185014396396e-09,1.52354753441846e-07,0.000122888885880526,0.618012164672785,0.00019726528465021,6.73958247167111e-08,0.381635227917204,1.03235296456737e-06,5
"19917",1.08413818732569e-06,6.99420748123498e-07,2.53811489800773e-07,2.43216475236871e-05,0.00592850236931285,0.000199062357649362,1.56395419833415e-08,0.993845226773365,8.33842182146085e-07,8
"19919",8.05419738735248e-05,1.84662157401015e-08,4.93290837540258e-06,0.00502912717115751,0.839352492106908,0.00520765101867171,1.21090101846716e-06,0.150323287627685,7.37826094927794e-07,5
"19921",8.33085840889128e-05,2.61952371076375e-10,9.96631607787358e-06,0.00463641695046535,0.993412084254762,0.00169082190638675,9.53696336842929e-08,3.61433655036504e-06,0.000163692020082675,5
"19923",0.000444715923861377,4.2075045851311e-07,0.000589425251911114,0.991236693892029,0.00742276977683459,0.000227386807293273,7.20442011881867e-05,3.62304467094317e-08,6.50716597708133e-06,4
"19925",2.78062238555727e-06,1.25541754147001e-08,9.10150332688205e-08,7.62075101797706e-05,0.0414498503968776,6.08920673193059e-05,2.14606994013852e-08,0.958409844504062,2.99869267850605e-07,8
"19927",0.000110653208395535,4.35427456782353e-11,7.43508652733807e-07,0.000209334460504669,0.998230796430206,0.0013514029374794,6.73683743698831e-08,8.31238106645744e-05,1.38782321798228e-05,5
"19929",4.25117839087376e-08,3.41630873904981e-06,1.01594603307243e-09,6.50685841454613e-08,8.79995974223435e-05,3.41704187964158e-07,3.11195328007573e-12,0.562985525933858,0.436922607856367,8
"19931",0.0001490312312744,3.84384706165547e-09,2.2256318925657e-05,0.000824826414587196,0.991733498650676,0.00681957492348094,2.31981536683945e-06,0.000448103624649654,3.85177192780123e-07,5
"19933",8.22236206365482e-06,9.71151994913743e-06,0.0541514899975634,0.000146192978834357,0.0639978571160312,0.881226266132536,0.000255489080120194,0.000204683060227014,8.77526754187185e-08,6
"19935",1.62015310197889e-06,8.35609767906992e-06,0.014202947491936,0.0181629733151678,0.813355597467807,0.152836408766135,5.81603296317004e-07,0.000828993517958762,0.0006025215869183,5
"19937",0.00103771350993238,1.72871927270231e-10,1.29972803063147e-05,0.00280290747657575,0.994129213641281,0.00200419763173893,5.35913616968037e-06,6.37162739064808e-06,1.23952373319305e-06,5
"19939",4.36836093430168e-05,3.37503301843308e-09,3.92497519997647e-05,0.278661116142506,0.719146160013503,0.00125197637154443,3.43777003319656e-06,0.000851481680783236,2.89128525421556e-06,5
"19941",7.00810813034352e-07,0.104118767877401,0.0340692151876673,6.86624901724641e-06,0.000920170372802149,0.842531461317771,7.76195208954555e-06,0.0182773550494593,6.77011829793393e-05,6
"19943",1.82041023173553e-07,1.42902181046801e-08,3.51466054918939e-09,5.43941121848377e-07,0.000293273666042103,2.20657259469436e-06,4.83788930452336e-09,0.999703745820161,2.53162894652161e-08,8
"19945",2.98873501815011e-05,7.06913105356852e-05,0.111161547027685,0.00415878198431752,0.0149788108459183,0.868863742579847,0.000728460481573195,8.03773973619585e-06,4.06802058253106e-08,6
"19947",8.03280638573528e-06,0.00283732058239001,0.00155763290045842,0.000190815885713156,0.0022637004665918,0.51573943813128,1.07363703751797e-05,0.467303529231343,0.0100887936254631,6
"19949",0.000105804553488365,1.5578565574191e-06,0.0153214917650948,0.959692557614531,0.021651610223478,0.00236943168697647,0.000857064317350247,3.05475625274853e-07,1.76506898894159e-07,4
"19951",9.30120072029412e-06,4.28532640802776e-06,4.09277124299313e-05,0.0502355018317723,0.191986471578107,0.0013133970027557,1.09067184602224e-06,0.756404732464625,4.29221133546446e-06,8
"19953",0.0321154170984324,0.000124231176280682,0.0753241869006311,0.00125826472657042,0.000161815375326087,0.0248117122760515,0.866204354362296,8.36804352571125e-09,9.71636790338031e-09,7
"19955",0.00132193258333447,0.00975996152150017,0.143072074308141,0.351303043747122,0.000261642754656218,0.474153596285057,0.0201225683111635,6.35109453336096e-07,4.5453795722447e-06,6
"19957",0.00522645501316118,3.39221479414299e-06,4.34790153524438e-06,0.000171451280554089,0.0373049071678599,0.0455469722504537,4.18452044704948e-05,0.911692644500626,7.9844665455234e-06,8
"19960",1.11580826613835e-07,0.00228054699258322,0.287302529756897,0.00488840513102371,0.0002314295034795,0.705069788729157,7.8746256719712e-05,0.000128249036186592,2.01930131266473e-05,6
"19963",0.111392658081685,0.039282766979897,3.04174409321969e-06,1.87806857251238e-06,9.20989044321214e-05,8.32226807898393e-05,0.00255231666122524,0.846580643445569,1.1373433736327e-05,8
"19965",7.36376588312766e-07,0.00883060867415804,0.814839873204548,0.137093840879381,1.36702874285561e-05,0.0389665478481922,0.000232939988339688,3.38218043793146e-09,2.17793591831314e-05,3
"19968",2.22072035932875e-09,0.000135574288352885,5.06323557122265e-05,2.82602754848767e-05,0.00884133743746923,0.00181004957666815,2.03648170427043e-10,0.750478763256078,0.238655380385866,8
"19971",1.52731288157231e-05,0.0163159898275909,1.66689488782891e-05,1.42986062743505e-05,1.87116540203948e-06,5.790808083754e-05,0.000799680826784793,0.982778242308899,6.71065178978735e-08,8
"19973",2.68288607050524e-06,5.13467897196299e-10,1.98399930206494e-06,0.000437754024505368,0.995410328687385,0.00178103631971593,7.26198539317087e-09,0.00234556984863529,2.06364589328369e-05,5
"19975",3.35362989260673e-08,9.79010042478985e-08,2.72411453556869e-07,2.81323782884421e-05,0.0163436249773865,0.000172710678938403,5.62612541474121e-10,0.983442839521017,1.22880330004611e-05,8
"19977",2.56713171976701e-05,0.000623729855632261,8.05210539324688e-07,0.000577148267173701,0.000188653734595607,1.282507287293e-05,1.44029573881799e-06,0.998535724280093,3.40019661564758e-05,8
"19979",5.7733105396832e-09,0.0516483017979052,0.888315398728106,6.53483613874826e-06,1.03483774019309e-07,0.056373858901589,0.00365556856893337,2.27850067924199e-07,6.01747986227581e-11,3
"19981",3.19666063872416e-05,7.03327699271282e-08,0.000229864558042002,0.000548870704525257,0.36100557522222,0.637641719267954,3.75493347460796e-07,0.000136459585563602,0.00040509822919034,6
"19983",8.79525900856464e-05,7.98327504518908e-08,0.00178241670490677,0.358439883777046,0.352299997283345,0.286946222685887,6.12516912724365e-06,1.26198530710685e-05,0.00042470210378074,4
"19985",3.80581209286632e-06,1.29594738049208e-09,1.58777294636425e-08,7.77277575805592e-05,0.171210919755039,5.02836522255901e-05,1.50829787252632e-09,0.828638623531643,1.86208094444516e-05,8
"19987",1.27255972810041e-05,1.6028968855854e-06,0.00172528265452214,0.00020137895445392,0.513842813995808,0.459739219991728,1.04766365378572e-05,0.0244647473049309,1.75196785253484e-06,5
"19989",2.48457306512041e-07,0.000752084669290436,0.974987103194399,4.6856524444533e-05,9.83878061295658e-07,0.0125640231373952,0.0116486998347676,2.37255577615318e-10,6.7080094525356e-11,3
"19993",2.62419167736166e-06,3.68586346480171e-05,0.0547183283004598,0.750694190222853,0.144372877770351,0.0388097217971215,0.000335954657814421,0.0110292096182902,2.34806784362379e-07,4
"19995",5.61569132731012e-06,0.000860000590519893,0.25706756634393,0.051963183209137,0.117521320160638,0.568145457766227,0.000143467411838513,0.00428981704345179,3.57178292977439e-06,6
"19997",4.43334153534204e-05,8.96615939165924e-10,3.57750875526203e-07,0.00026141756122695,0.995021284869528,0.000450251306385939,1.74931508472928e-08,0.004204907635652,1.74290712107103e-05,5
"19999",7.29027014108448e-06,9.20824325085447e-11,2.4699901554338e-08,3.17989595289192e-05,0.973003138211227,0.000184884584693169,3.96037055002326e-10,0.0261227678012748,0.000650094985113633,5
"20002",2.28617448903934e-06,0.0386015683502046,7.07683454546745e-06,2.96137574974943e-07,0.000242260208078374,3.44085093738686e-05,2.86453428367608e-08,0.455860226460887,0.505251848679504,9
"20004",6.62180638204183e-07,0.000309483941669655,0.0346936547992069,8.08435144034958e-06,0.0146511911381256,0.94944092067787,3.77358248383735e-06,0.000831869993937837,6.03593346276667e-05,6
"20006",6.19692077472585e-05,0.00677725243969513,0.0605111571991521,0.403324409182321,0.000962459364916383,0.526726428775486,0.000432154637574253,0.000263590858045139,0.000940578335062834,6
"20008",6.1703249209858e-05,0.0489002745480259,0.0810178567280172,0.866092252387813,0.00100703879744375,0.00213301604417902,0.000746029166760907,2.55450959686775e-05,1.62839825823508e-05,4
"20010",0.000137265796385642,9.01373253852818e-05,0.31612528713994,0.461654686105311,0.00321431923008998,0.179237482917965,0.0395399269625275,8.91927166199367e-07,2.59522874511224e-09,4
"20012",4.69588072222545e-07,8.82258516656959e-08,1.0129835242172e-06,0.00186224307259995,0.164629128200807,6.64776784308033e-05,2.48695487228158e-09,0.825506383212013,0.00793419455174703,8
"20015",9.38157333983967e-11,0.00418836297927417,0.989238703361299,0.000970232724303812,5.02603040361188e-07,0.00559741251449773,4.68771448523515e-06,2.51567610362751e-09,9.54936081024367e-08,3
"20017",9.39158747544417e-06,2.28886279529141e-10,1.30479265733406e-07,5.43926136091624e-05,0.98471976509237,0.00117384489633141,9.59951475742897e-10,0.0119025616512918,0.00213991249081867,5
"20019",8.0511481329015e-09,0.0368928935838946,0.946063348461992,0.000166360379962261,3.75190109239359e-09,0.00187402087264971,0.0150033645546692,3.37346595554381e-10,6.43699245568917e-12,3
"20022",2.29239057488843e-06,4.89131446232895e-05,0.236060264452986,0.00467878776419301,0.000369133665210304,0.757184707385725,0.00165566798091361,2.30631792191871e-07,2.5839821578658e-09,6
"20024",0.000202405263186415,0.0194205951559989,0.158993422452979,0.000113081295747112,2.12061138716326e-07,0.00479223477728947,0.816478038695693,3.23486607568768e-09,7.06310171707794e-09,7
"20026",0.000202405263186415,0.0194205951559989,0.158993422452979,0.000113081295747112,2.12061138716326e-07,0.00479223477728947,0.816478038695693,3.23486607568768e-09,7.06310171707794e-09,7
"20028",2.88700777876094e-05,4.96287006613059e-10,3.73712314281545e-08,1.00697119716591e-05,0.929439241742036,0.000111489410615814,2.95236750280534e-09,0.0703506290094566,5.96592282460669e-05,5
"20030",3.627634354785e-09,0.141690804364607,0.560787973584332,6.53967467006266e-06,1.69848747150143e-05,0.297433458520592,1.57193006918961e-05,4.62585946244458e-05,2.25745813410708e-06,3
"20033",6.29930975105074e-06,5.0261064096655e-08,2.03181605178845e-05,0.000180943460470622,0.766879350544399,0.0256466101293999,2.25004683761141e-07,0.207247965023315,1.82381063989975e-05,5
"20035",9.79756670712628e-09,0.00422323560351889,0.973537486372755,0.000218181535502398,1.16652192723035e-08,0.00167337659204106,0.0203476981063075,3.11488041054083e-10,1.56003886480585e-11,3
"20037",4.90238806012688e-09,0.00464637104378333,0.99259182683125,0.000453389402940638,1.51582374479669e-08,0.00161835780332885,0.00069003408358373,5.93894589599966e-12,7.68549580248939e-10,3
"20039",0.00161448547145296,2.11246185309047e-06,7.51139210782483e-05,1.34356903740268e-05,2.75634566752218e-09,3.64925937678071e-07,0.99829448476698,2.55015318679232e-12,3.42827837500933e-12,7
"20041",0.000230574082738124,1.02925293894937e-06,0.000504351896583393,0.979939609754583,0.00250451319721183,0.016596779553289,0.000208538475594038,1.32912432212986e-05,1.31254384104256e-06,4
"20044",0.000993522660912659,1.31891601873905e-05,0.00440190026118436,0.851613360193398,0.0152507306166551,0.123836981715418,0.00278833878897194,0.00109373312774177,8.24347553125934e-06,4
"20047",2.97128770439136e-08,0.490871534731292,0.458063325006261,6.13574834021792e-06,1.26002429989491e-09,0.00340583695612841,0.0476531306720795,5.90916512784003e-09,3.83236465312812e-12,2
"20050",0.00141645613705326,4.92451546916674e-05,0.028159219431904,0.382089291733108,0.000890936798382182,0.00184398684202945,0.585545341313145,5.52251803108715e-06,7.16546369561933e-11,7
"20052",0.000718758779907743,2.38514814093641e-06,0.000742668696347593,0.0264920820337125,0.784994106814833,0.155571532054797,0.000192252424204423,0.0312860563124806,1.57735576113052e-07,5
"20054",1.04908535901872e-09,0.00129026557008473,0.315628806815181,0.000151883693740985,3.00607050132879e-05,0.682889872937212,1.65686532825072e-06,1.0768358565562e-06,6.3755284981072e-06,6
"20056",1.85721816392704e-07,1.71688987715766e-05,3.1121398948126e-06,9.87573136326385e-07,0.000820171106098996,4.55334422266045e-05,1.5244230045054e-07,0.99911258852636,1.00149395090191e-07,8
"20058",9.1707645330601e-08,0.000622805489293584,0.982462971162271,0.000109568958463347,6.54234914166318e-07,0.0143963607583577,0.00240754654070011,4.64515931750526e-11,1.10190306536859e-09,3
"20060",2.1646676537954e-05,2.38021698473544e-09,4.95344747372904e-05,0.000976288485286856,0.997004599968826,0.0018382392761872,5.50417925284147e-07,0.000102862397798924,6.27592248348187e-06,5
"20062",1.44137870401823e-05,7.58710563751352e-08,0.000905496504345945,0.264295436879807,0.723061755520867,0.0116470424847783,2.08963742947051e-06,6.08846664807361e-05,1.28046481951258e-05,5
"20064",1.55996500211248e-07,5.48268679963235e-05,0.0838776170184339,0.000146952019202445,0.00253651961739132,0.913313641237377,3.60348813843267e-05,3.42357543899657e-05,1.66073247885073e-08,6
"20066",9.02151388743284e-10,0.0921149660612108,0.848674651571423,2.30155894551735e-06,5.50924407495599e-07,0.0591128559195505,9.17940494657386e-05,2.68882243289673e-06,1.90190412653956e-07,3
"20068",5.11513342417104e-05,2.0503025805195e-10,1.93214235044764e-06,0.0089002795922061,0.989501605888231,0.000636750993578714,1.59036700008532e-08,2.39832064361095e-05,0.000884280734255572,5
"20070",0.0122787155489082,1.57549824769451e-09,3.75982139835749e-06,0.0159751907165299,0.971077159723854,0.000620055652194185,3.87951567417458e-06,1.35186847055733e-05,2.77187612372941e-05,5
"20072",9.75143869736853e-08,0.00176510434440358,0.918882489154571,0.00946670097060134,3.9070452832948e-05,0.0672555423937225,1.72797993675054e-05,2.92019413663466e-09,0.00257371244991973,3
"20074",1.56663964746626e-08,3.53852965904057e-07,1.7484683820173e-10,5.40834608438023e-08,1.47428671707713e-05,5.12386912761398e-08,1.31268278186748e-11,0.999836819586316,0.000147962517024982,8
"20076",8.7097434352451e-08,0.000245768512428711,0.000155941239316061,0.000252214140671409,0.0171753986751535,0.0864092362413407,3.62890211850488e-09,0.573528453910065,0.322232896554688,8
"20078",3.97583640102102e-05,0.000463998105835683,0.0577695095591339,0.00148255935675154,0.00316586999439089,0.93651160783406,0.00054672952079923,1.98781160897518e-05,8.91489285300029e-08,6
"20080",7.46975898110688e-09,0.00354371216273185,0.980349136550352,0.000108471327270813,6.21417930025358e-08,0.0083455513471144,0.00765305725517823,1.74296921848964e-09,2.8312240540155e-12,3
"20082",0.000922407852537297,7.16500622826434e-06,0.000387038942231989,1.80561098292035e-06,1.61622321545513e-07,6.75897151101462e-05,0.998613828861776,2.3885126836263e-09,2.99848443473685e-13,7
"20084",8.06503465739287e-05,0.0139387075422031,0.0222801352647157,0.00015844314178679,0.000763448519911698,0.95082096880174,0.00385129290189184,0.00810633616602351,1.73151534448687e-08,6
"20087",3.00238862720108e-05,0.000741347634846008,0.491394013643166,0.0804749422256386,0.00537340045312972,0.421720969363749,0.000250320057316926,1.41979738744775e-07,1.48407561428663e-05,3
"20090",3.78153972069196e-07,0.00165279761066978,0.848803684879626,0.0284436760862445,8.9320759656628e-07,0.00313193798493257,0.117966618718026,1.33522152029823e-08,6.71757654909219e-12,3
"20092",0.939665035599642,6.27728962557875e-07,0.000305589042741869,0.0453413782074196,0.00200732973971914,0.00539878500591539,0.00723836425032575,2.91261725017209e-09,4.28875126562015e-05,1
"20096",0.912790331594725,4.31270385202109e-06,3.50949479321789e-05,0.018515557324655,0.0423937098281594,0.0195541402224521,0.00553962160744211,0.00116675680297046,4.74967811646329e-07,1
"20098",1.43609093830081e-05,6.87997752642078e-09,4.88056943231906e-06,0.00030309214198597,0.803103529628557,0.00382641660258244,4.39132417729913e-07,0.192745480159249,1.7939764155663e-06,5
"20101",4.39534816372547e-07,0.0700739350485451,0.678110464301048,0.000623890061342719,1.61077058879371e-05,0.238789058837408,0.0122895893091131,9.65147832508151e-05,4.18587754627905e-10,3
"20104",0.989114381596079,8.18640527931e-09,1.82780263867315e-08,3.1566282957976e-05,0.00519527783755548,6.13871078160539e-05,6.10896771617878e-06,1.36215716624808e-05,0.00557763017178094,1
"20106",9.44949266700529e-09,0.0012011087456597,0.813458689340289,0.00688476831447166,0.000115794501720759,0.177991471310881,0.000322434438512512,2.57224940786884e-05,1.40489337908457e-09,3
"20108",7.39731308813935e-06,1.38235969430254e-08,6.65229195563812e-06,1.61325539312831e-05,0.985183675171476,0.0064500430701659,1.9205425184275e-08,0.00825710786755895,7.89587028018988e-05,5
"20110",0.173555959776326,1.81774026203544e-05,0.000204496163550023,0.489961069022156,0.183027106666861,0.00709219236458443,0.0260261737383843,0.120114776153188,4.87123300771225e-08,4
"20112",1.49225814603133e-05,0.00035723240713554,0.599779611677308,0.337860131816154,0.00245555294845154,0.031326963965525,0.0281984783213351,7.10282590531764e-06,3.45672494143151e-09,3
"20114",7.78490967364251e-06,0.000401039234916596,0.00755106568886408,6.34998208548345e-06,0.00282367469761568,0.980041744534004,0.000143871601536929,0.00902438524813087,8.41031720894709e-08,6
"20116",9.48843607793570e-09,0.0036878232125539,0.0275581973600079,2.50502751960632e-05,0.000320446086586939,0.964282636295633,1.68116676936764e-06,0.00411920481780601,4.95129701087226e-06,6
"20118",3.18112857594473e-05,1.78052982940028e-06,0.000734266140416223,0.000232990434657998,0.181531291343243,0.793224935958292,2.08437305041712e-05,0.024221752241035,3.28336263179553e-07,6
"20120",1.50306849502526e-05,0.000667238876880117,0.504353378710274,0.00698852652332819,0.00134568747036134,0.316057998257189,0.170080472143392,0.000491667133004786,2.00620404311794e-10,3
"20122",2.66694806765063e-08,9.19969047063745e-08,1.3814471146142e-08,2.0213182192643e-07,0.000460812753314712,4.29138351156469e-05,2.70865312314192e-10,0.999491984900157,3.95362786877551e-06,8
"20124",2.65187607644149e-06,0.0111841114131832,0.848659160369721,0.00115116506706115,6.78483331684475e-07,0.132583052481621,0.00641915461571336,2.99712581408615e-10,2.53935792218322e-08,3
"20126",0.0423298953230411,0.00199968513982115,0.000643028994939174,4.84382170438098e-05,8.55193687176063e-08,0.00232746689779856,0.952651348581991,3.62362274930432e-08,1.50897687742275e-08,7
"20128",1.19392292685809e-05,0.101833242719405,0.0281027346300413,1.76587121495064e-05,8.62363958098477e-11,7.17127865466726e-05,0.869962711802412,2.05734270378809e-11,1.3367854995852e-11,7
"20141",0.808977378063157,3.46609293859231e-09,1.10857638842127e-07,2.92186437896216e-05,0.171302992270533,0.00222911571815084,8.49311367160628e-05,0.0173655547540463,1.06950898760478e-05,1
"20143",6.0198310976009e-09,9.60117223046997e-08,1.86163499683409e-10,5.61108864580498e-09,7.01115015486326e-06,6.16110994514318e-08,3.46465407657159e-11,0.999990981088049,1.83828724472514e-06,8
"20145",4.13221632440153e-06,4.32416578194891e-05,0.575885681070509,0.0068117693304113,0.00138728810006566,0.402665905402993,0.0132002853862072,1.69664945748299e-06,1.86212383316199e-10,3
"20147",8.94447273904884e-08,0.000144938082006998,0.223088419936417,0.000364366354515476,0.000119280796644663,0.776100130593791,0.000181880350918108,8.92455075333224e-07,1.98590320843962e-09,6
"20149",2.08577949577323e-07,1.65916658097691e-08,1.07240354206326e-09,2.81237109743331e-07,0.000445838264410294,3.28685222410214e-06,2.45045752711499e-10,0.999548466430309,1.90072888169046e-06,8
"20151",4.65006445996343e-06,9.25132769754703e-09,8.35729314470634e-06,0.000377821151752427,0.946469030823682,0.00175102983482771,1.46733972444527e-07,0.0513876693435745,1.28550325851816e-06,5
"20153",0.00388498108604917,1.24600877815298e-06,5.37280840556218e-05,0.00297145922988965,0.301465371021457,0.00224191845225331,0.00153160375630484,0.687849683620246,8.74096620360616e-09,8
"20155",4.84603735046463e-08,0.000699777337111364,0.715944545643504,0.057380850857698,1.32910381608871e-05,0.225396457978782,0.000564918061854994,9.95779657722183e-08,1.10445499198939e-08,3
"20157",1.45659634558566e-05,2.25303038953892e-08,3.03050290192744e-06,3.50075166974897e-05,0.51722681907386,0.000607773773934893,4.19659278054764e-07,0.48211131276208,1.04821748720666e-06,5
"20160",9.33410179493112e-09,9.54189190407541e-08,4.65021131215878e-10,8.57833963658813e-09,1.14194871464681e-05,1.56780838108161e-07,1.34077871808811e-10,0.999988088911699,2.20889857272452e-07,8
"20162",9.28280244563174e-08,1.20150289745437e-09,5.80897946635142e-10,1.32443573271257e-07,0.00224381138656887,1.1528060929623e-06,7.54808497919807e-11,0.997752433026191,2.37565166747275e-06,8
"20164",1.82004696203362e-05,6.80174997099501e-07,1.46387254395751e-06,0.000656420538159923,0.0329807805766263,0.000109247940794567,4.94364641944528e-07,0.966231938576827,7.73485788471998e-07,8
"20166",1.61707343152092e-09,0.686950221148827,0.281183901317609,3.25108640752859e-05,5.87816147334681e-06,0.0315384647942307,3.55348827839675e-06,0.000239965657989216,4.55029504432178e-05,2
"20168",3.18434099758469e-08,0.214690416513012,0.000123177319315401,4.97399604177502e-06,2.33738682714464e-06,0.000207651629214438,1.08748036282751e-08,0.000264872575827207,0.784706527861548,9
"20170",0.000198289240602175,1.04241044643239e-08,1.99285467487626e-06,0.000160769651265576,0.662735825438686,0.0116346360548061,1.40393942089383e-06,0.325266394046641,6.78349798275444e-07,5
"20172",1.45642598289985e-06,8.54994973053043e-06,0.498437314279579,0.00135032212911354,0.000218915756234208,0.49820732197692,0.00177611231439492,3.63505160457273e-09,3.53299413171762e-09,3
"20174",2.57329434404993e-06,1.53580721016751e-09,3.55265060983962e-08,1.73673595783069e-05,0.642197368671436,0.00014623533623763,8.27926725668344e-11,0.165821565841388,0.19181485235191,5
"20176",1.44947495275667e-08,5.66272495752713e-05,7.12319792627659e-06,5.41485722407097e-06,1.39779379273404e-05,1.87745155234895e-05,2.46839586793186e-10,1.05344681491496e-06,0.99989701405342,9
"20178",1.11325210211006e-08,1.78566011917317e-07,5.81844039648573e-10,1.07779607171578e-08,5.40867391236204e-06,1.18445041541808e-07,3.65788651275691e-10,0.999994180203277,9.12536431516897e-08,8
"20181",2.34076048016751e-09,0.238151565620449,0.401329289163708,1.29696323563966e-05,2.01179158120398e-05,0.357364857646274,3.02010455729677e-05,0.00309059731644115,3.99318625991625e-07,3
"20183",0.00296902912237569,3.5131464771182e-09,0.000344764523231377,0.00549144792778126,0.933149291260038,0.0579676569784462,7.22430827576048e-05,3.66319263962286e-06,1.90039958311996e-06,5
"20186",0.0277329468698105,2.21818264807042e-07,0.00789418728895581,0.124730142934138,0.772835129536525,0.0627802763140908,0.000293664114486299,6.34940686198595e-08,0.00373336762965997,5
"20188",3.86396087891042e-08,2.37565313970649e-08,6.79756461609024e-10,5.13048704199128e-08,0.000111798563889017,1.74449230149666e-07,2.78475620146212e-10,0.999887767615753,1.4471188474295e-07,8
"20190",4.24201696684113e-10,0.00126781160750385,0.978181163045898,7.14566178772991e-05,1.58713936495849e-06,0.0204238697423344,5.40765594259112e-05,3.23139685106151e-08,2.54942499336006e-09,3
"20193",4.85653907254329e-08,0.242726386654777,6.97174796707791e-05,0.000124042747396856,5.37186929024799e-05,3.52097306890609e-05,4.36615526651273e-08,0.74608554156071,0.0109052909069108,8
"20195",4.23416974669104e-06,2.43651766777878e-06,5.33015213384188e-05,0.00341113499550436,0.150761873468757,0.00172352342388284,1.74369499472161e-06,0.844040868986822,8.83221286754422e-07,8
"20197",5.30870774243461e-07,7.73237767529037e-05,0.697088264282255,0.0213829487682326,0.000173820663200118,0.28046124198561,0.000815844711075302,1.17721322633479e-08,1.31699683201746e-08,3
"20199",3.24994058182901e-05,3.27872477667571e-09,1.75450964238602e-08,3.2591305930118e-05,0.046256200382872,4.82937474146466e-05,5.20574793179572e-08,0.953630027621392,3.14655272608997e-07,8
"20205",0.0398089935360086,1.60349729111439e-07,3.77330323841252e-05,0.000614419706033656,1.41705126115211e-06,8.11995811541165e-06,0.959529155736583,6.22534249985942e-10,7.35069728697428e-12,7
"20208",6.28929764775628e-06,3.46175131792535e-08,7.8585733060404e-05,0.00229936476419143,0.978120516766219,0.0101709213766432,5.89571826884883e-07,0.00930792555356247,1.57723193358473e-05,5
"20210",2.9073514542561e-07,1.28823971276851e-09,3.31106398214506e-09,7.68374703685118e-07,0.00852791470852672,4.83119616886968e-06,6.38556787197357e-10,0.991465273859141,9.15888453585922e-07,8
"20212",2.5500986822633e-06,1.24386718624761e-07,2.22676070672908e-06,0.000189826914994976,0.110142288307639,0.000295794370831155,1.67339959874866e-07,0.889365376287795,1.64553267204107e-06,8
"20216",2.78221660802747e-08,0.000203780868636517,0.272527887418002,8.14148244493989e-05,0.00021278110574587,0.726875904163859,8.57298180416508e-05,1.24304541973214e-05,4.35249021508101e-08,6
"20219",0.00994749500889735,0.00129546247575791,0.0636322723007923,0.0126707742173819,0.0010195446103866,0.136934824152287,0.774479679596258,1.99473074035092e-05,3.30834945457701e-10,7
"20223",6.32888653020577e-08,0.141593431457038,0.855462593292777,0.00180281793214843,8.43858778244435e-08,0.000813678033161848,8.75147543770122e-05,2.34678982052612e-11,0.000239816832286511,3
"20226",1.36436049194004e-05,3.38655319331566e-07,0.00062931571755222,0.980400276050101,0.0179246568649413,0.000897790090590234,7.00399650873376e-05,6.39111726410855e-05,2.78788477857759e-08,4
"20230",1.85370041704019e-09,0.00234021678288297,0.989919352830237,2.35512315913705e-05,3.82831574565253e-07,0.0074636547367425,0.00025283627127603,2.19092974922969e-09,1.27106522104424e-09,3
"20233",0.999687502672915,4.39577706861119e-10,5.76873430519335e-10,1.97386167628921e-06,1.09538358658532e-05,2.15405135757928e-08,0.000299430411310007,1.15352918167193e-07,1.3083504491611e-09,1
"20235",0.000391124272465828,0.0149320288730146,0.732452654203901,0.157481738022251,1.29075607694492e-05,0.0589680252159339,0.0357127981316677,6.80181257753087e-10,4.87230398150154e-05,3
"20239",4.39873750073396e-05,0.0100654321993308,0.302013742463572,0.295234257085385,0.00125256313829842,0.389681683516954,0.000137958460715594,3.08568031813058e-07,0.00157006719270525,6
"20254",0.000181962187182288,4.17682186210225e-06,0.000540992914984468,6.35028816640458e-06,1.34386298134689e-08,2.05704257488681e-05,0.999245933824353,9.90410362527479e-11,3.19620680461203e-14,7
"20256",3.17362231817604e-07,0.000825802886640142,0.553019726794648,0.000269810270103275,2.51845682435155e-06,0.445369524431224,0.000512234727972263,4.84517292142074e-10,6.45858386117585e-08,3
"20262",6.09455876886461e-06,7.8974962409354e-09,9.72084496431077e-07,3.81400349239016e-05,0.334225824766554,0.00173093856900058,9.19229994280707e-08,0.663997155483363,7.7468239734104e-07,8
"20270",1.95352955831379e-07,0.159317445895287,0.741340568252737,0.000416321127408689,0.0100760599825518,0.0846593725325346,1.48399280043813e-05,0.00251321582531411,0.00166198110320753,3
"20284",0.35332383136731,3.3507650105608e-07,0.00303039105062075,0.0565428285234762,0.478115989503108,0.00858805554684437,0.100389195266383,9.28615470411197e-06,8.7511051835457e-08,5
"20287",6.62218236782102e-10,0.0377603487120193,0.960793727484977,0.000638578266628889,4.73758143988958e-09,0.00057629786649657,0.000231038434175538,2.39727403860515e-11,3.81193032937889e-09,3
"20290",0.0204020579052188,4.70675398797243e-07,0.000445229227379451,0.00280718268644242,0.000549945295185964,0.000195244273473458,0.975592831379014,7.03853691136958e-06,2.09757921068018e-11,7
"20293",7.68741817282935e-06,1.99853110799044e-06,0.0157070730079803,6.61716721078786e-05,0.00104089205187231,0.983003730009547,0.000172143713819114,2.78635227286664e-07,2.49601650339196e-08,6
"20296",9.63166869515456e-08,4.13726967619938e-05,0.00020522905915773,0.000386714370698767,0.222854863895978,0.0696550818061242,2.92252621219394e-09,0.689928496360287,0.0169281425717789,8
"20301",1.31451821635116e-10,0.942140514113254,0.0576513139381594,3.23120781078437e-05,6.69156155918823e-10,3.30700497750108e-05,0.000142678444623327,1.10444711877796e-07,1.30760542356383e-10,2
"20304",0.00439971741104115,3.23475713287025e-06,0.000372736536320917,1.45471761124367e-06,5.88517988744339e-07,0.000925243651557874,0.994297017858592,6.54766427244503e-09,2.09039039652106e-12,7
"20306",2.96667608471636e-07,0.00200746919188326,0.985569509414466,8.8754795608975e-05,5.28658305348881e-07,0.00839297591528044,0.00394046394084916,4.74937842643157e-11,1.36850448907892e-09,3
"20309",4.76258147851369e-05,3.89492165959664e-06,0.149162206922264,0.186460174476007,0.106873608535032,0.553010367686819,0.00438952492522237,5.22617637585998e-05,3.34954453024225e-07,6
"20311",8.53386213274868e-06,0.0158483444035428,0.178851807198579,0.000571659926742281,0.00073467478722552,0.803329576845921,0.000526455001625363,0.000128657843023946,2.90131207610972e-07,6
"20314",2.81684747587932e-05,2.67255172288721e-08,9.0451352167638e-05,0.000705919197901004,0.956706555955497,0.0256600277659125,5.5513712753037e-06,0.0168031465283542,1.52628616421638e-07,5
"20318",9.86395312374973e-09,4.79913964703767e-05,2.26771191145274e-07,2.53780599453828e-08,3.63303711517825e-05,2.982786330911e-06,2.71297835488887e-09,0.999910096883278,2.33383658649648e-06,8
"20320",0.00355223130701061,1.49147714368178e-07,0.000111730371976598,0.585062785351785,0.409405522243116,0.000751918996150002,0.000125007431137049,0.000985055665946404,5.59948516324018e-06,4
"20326",0.000110249296168531,1.22730480262478e-07,0.000101181794136512,0.000316066979653393,0.914469267466746,0.0417359567711521,1.30359267635913e-05,0.0432537272174308,3.91817469121609e-07,5
"20328",0.00588199050014133,3.3979599120779e-09,0.000144899149056665,0.175024966458366,0.816688643864168,0.00214757977832403,0.000104840830376542,4.43251188622886e-06,2.64350972206395e-06,5
"20330",2.23793918343597e-05,0.00152485517755587,0.0559708831376635,0.929971039255274,3.16627540353678e-05,0.0100295458307108,0.00244941116497088,1.17954983277474e-07,1.05332971707746e-07,4
"20336",0.299112952533115,1.57491975732591e-07,0.00262334993482085,0.00221234494398414,0.00919970291080017,0.0353429737040471,0.651508326318772,1.90689991721514e-07,1.4724933983953e-09,7
"20338",0.0654060383954383,6.97111089735768e-05,0.000953171593925223,0.00338131157359931,0.000156516309895267,0.0306984135860774,0.899290202360604,4.46347302676561e-05,3.41219558864839e-10,7
"20340",3.18410874124915e-08,0.024785740701858,0.940761448329562,9.7180806460362e-05,1.24590400800221e-07,0.0318407317756637,0.00251473401426639,2.48607247031377e-09,5.45462859509541e-09,3
"20342",0.904625550640569,0.0275481998265628,3.23215232133662e-05,0.0130708188184572,1.68574881913594e-05,4.65282252790007e-06,0.054617470857996,7.87581342156083e-05,5.36988826641245e-06,1
"20344",8.70604144983185e-07,0.000294531299740552,0.867992771128855,0.000158800815928302,0.000256005435486787,0.130190228287285,0.00110670126110684,4.67683426231021e-08,4.43991091523598e-08,3
"20349",5.53322790755618e-08,0.00149109920401889,0.941493934522714,1.90352998461324e-05,1.59910948729564e-06,0.0567084106100923,0.000285848353813414,2.11702285252591e-10,1.73560461858901e-08,3
"20351",2.59873718032278e-05,6.38720663270027e-06,0.0137616658524582,0.00101376147105764,0.0011940688567805,0.981896964437059,0.00207153048473428,2.96049087279121e-05,2.94107463241034e-08,6
"20353",1.59113835737508e-05,9.63266682372697e-05,0.241623446494628,0.693288321583865,1.5736443425194e-05,0.00751975119853231,0.0574405013384355,3.91040570439033e-09,9.78897285206683e-10,4
"20357",0.00647941133115038,7.06580258838792e-07,0.00050027482873652,0.00116612164215908,4.0757744318084e-07,9.05870794057427e-06,0.991844019309212,1.75097012606287e-11,5.59028021005759e-12,7
"20360",0.0741971190535641,0.00591030786576962,0.00103025136997975,0.852949993881477,1.03966125962361e-05,0.000200016006391535,0.0656408152778573,1.55007263200552e-07,6.09449251018632e-05,4
