"","V1","V2","V3","V4","best$classification"
"19811",0.0146581251493009,0.0159086049696069,5.20024438989883e-05,0.969381267437193,4
"19813",0.999999976736511,2.30511290739024e-08,9.08629745970577e-20,2.12360213783657e-10,1
"19815",0.00635930707320433,0.341137463343079,2.11046361207967e-14,0.652503229583696,4
"19817",0.000825100676760983,0.0336385907448994,2.72436058777056e-06,0.965533584217752,4
"19819",0.587000783957574,0.412999216042426,2.05940381221834e-27,1.53762585062639e-32,1
"19821",0.119359950667497,0.139938835341972,4.778948117908e-05,0.740653424509353,4
"19823",0.997735172550954,0.00213192370118136,5.74033082987572e-16,0.000132903747863549,1
"19825",0.999999709374929,2.90624728282431e-07,3.42568622219142e-13,3.95855729321245e-33,1
"19827",0.011993575897486,0.0264961301240176,0.749598452614013,0.211911841364484,3
"19829",0.141776001558934,0.858223993805067,4.63599873187681e-09,2.9339359863646e-17,2
"19831",0.945185199317206,0.0548148006827937,1.59107138539799e-36,1.82344928535576e-27,1
"19833",1,1.71896037758398e-16,8.22013344446731e-46,1.26548902574279e-63,1
"19835",0.119359950667497,0.139938835341972,4.778948117908e-05,0.740653424509353,4
"19837",0.00176448043237932,0.0364115233447108,0.18995299590702,0.77187100031589,4
"19839",0.80202736007297,0.197971586033875,1.05389315419129e-06,3.57591859689396e-18,1
"19841",0.461301143984377,4.86881508206828e-10,0.538698855528741,4.63048508114919e-22,3
"19843",0.978318895576203,0.0216811044237975,8.56090072738461e-39,3.0724121490737e-33,1
"19845",0.612621594823804,3.01120546002142e-05,1.87585341427131e-20,0.387348293121596,1
"19847",0.222675869204242,0.423064164375193,4.87990530195779e-17,0.354259966420565,2
"19849",0.999999294752528,1.75039752811506e-09,3.7704916836161e-18,7.03497074663997e-07,1
"19851",0.0014540240118339,0.00331736835786461,1.39186954430079e-06,0.995227215760757,4
"19853",0.996163405805091,2.58282497816013e-07,2.31958339987148e-12,0.00383633591009137,1
"19855",0.0331206383246045,0.00116600221908056,3.12436309482622e-05,0.965682115825367,4
"19857",0.0271354122018627,0.78435694980295,9.73749990945892e-06,0.188497900495278,2
"19859",0.0243092397024642,0.243777553296924,0.00013882269934921,0.731774384301262,4
"19861",0.0133284464475462,0.000369574908606663,2.43994747755884e-09,0.9863019762039,4
"19863",0.999987797467869,5.0619670046175e-15,1.22025321251098e-05,1.40705314956643e-16,1
"19865",0.000913517093162461,2.04447112075722e-06,0.998865570546807,0.000218867888910147,3
"19867",0.0146644244910008,0.0179292210703071,6.03558065299631e-19,0.967406354438692,4
"19869",0.999779603452227,3.60684360358061e-08,4.86435554302773e-06,0.000215496123793332,1
"19871",0.00297624137193598,0.264713928613424,0.0084539838918453,0.723855846122794,4
"19874",0.00921699491975461,0.00039160713872752,0.000605873178802697,0.989785524762715,4
"19876",0.000371758059868926,2.07024100843582e-05,3.3271763257351e-05,0.999574267766789,4
"19878",0.453880343393022,0.546119656606978,4.3569932857985e-21,3.28383813401694e-19,2
"19880",0.000242394539444672,1.26006576801588e-09,0.999756877724555,7.26475934414456e-07,3
"19882",0.853498533046667,0.00106031263216856,6.11913966301576e-12,0.145441154315045,1
"19885",0.00125508473943512,0.422036414819464,7.03964927406911e-07,0.576707796476173,4
"19907",0.166361325887059,0.00795107805805802,3.41037361317781e-16,0.825687596054883,4
"19909",0.00634223210407691,0.993657767841431,9.47885381764424e-19,5.44923474943659e-11,2
"19911",0.0182291322902333,0.981770651496958,2.16212692392595e-07,1.16623668639081e-13,2
"19913",0.000344611845158582,6.32101147021556e-12,0.999655388148384,1.36575653256767e-13,3
"19915",0.000429722155966413,0.000233118189209843,0.985295518841786,0.0140416408130379,3
"19917",0.00404816658185075,0.000600912276786622,0.99534354567397,7.37546739224168e-06,3
"19919",0.00300500923936448,0.0504958072781653,0.191341043118396,0.755158140364074,4
"19921",0.000434929435456451,0.00707997421371295,1.02023021080553e-10,0.992485096248808,4
"19923",0.222503155030112,0.777496781537652,1.46999541098919e-22,6.34322352277941e-08,2
"19925",0.000721649063678702,0.000188295295921571,0.99816698650454,0.000923069135859578,3
"19927",0.00175276544273521,0.0331365022815562,1.12226007431796e-10,0.965110732163483,4
"19929",0.970253242754354,2.42015818086596e-14,0.0297467569624277,2.83193802135106e-10,1
"19931",0.0231269742998261,0.819793293882606,1.78659144465104e-11,0.157079731799702,2
"19933",0.00424630976726251,0.995732443940165,5.04918542319346e-10,2.12457876533849e-05,2
"19935",0.0174106964465341,0.982195629273553,5.28480154120893e-12,0.000393674274628334,2
"19937",0.00109017886012948,0.0126040015363299,6.86802872862375e-13,0.986305819602854,4
"19939",0.0456971574234066,0.925127553257944,1.3248126126341e-09,0.029175287993837,2
"19941",0.139970537079889,0.860024471814939,4.9911051715804e-06,3.94826578309459e-18,2
"19943",0.00299649151140979,3.03592308440878e-07,0.99687993923642,0.000123265659861633,3
"19945",0.00585085418057032,0.994148538229463,1.68497728546073e-10,6.07421468545692e-07,2
"19947",0.999588727259851,0.000408870088985699,2.4026511628257e-06,1.24198412549693e-16,1
"19949",0.0452572359489401,0.954742560805433,1.00772820188827e-23,2.0324562676555e-07,2
"19951",0.0962595840157557,0.385860578384123,0.517847594722882,3.22428772393868e-05,3
"19953",0.982922967741317,0.0170770322586824,1.51527742823913e-38,2.6125666447653e-24,1
"19955",0.714646255010174,0.285353744989826,8.06253179528013e-30,3.6041093779563e-18,1
"19957",0.986216827212725,0.0128759689423115,0.000905874406604045,1.32943835952118e-06,1
"19960",0.182518780389479,0.81748121961052,9.83736552382296e-16,2.21262258108608e-18,2
"19963",0.999999999999912,8.62052549959221e-14,1.76139249235253e-15,2.90519353206552e-37,1
"19965",0.0198654343985163,0.980134565601484,7.61052050481189e-32,4.26247396661963e-27,2
"19968",0.997361111787468,1.40850309908255e-05,0.00262479380754974,9.37399189365797e-09,1
"19971",0.999999179364496,4.1930762996104e-10,8.20216196903236e-07,1.9179926679299e-38,1
"19973",0.000179969231175014,0.0131919757998511,0.00105504176672192,0.985573013202252,4
"19975",0.0148139509419327,0.000527372883606608,0.984576946082173,8.17300922874349e-05,3
"19977",0.999999989042302,2.41923090272162e-09,8.53846736090071e-09,1.97247564728112e-30,1
"19979",0.0282055786880199,0.97179442131198,7.25409898919033e-22,1.3834388401839e-34,2
"19981",0.00356340535071037,0.989147779907242,3.79446686353795e-11,0.00728881470410333,2
"19983",0.0147898750479082,0.969444190350179,5.74757818413626e-14,0.0157659346018555,2
"19985",0.00220914308757351,0.000177649643855049,0.202119315411574,0.795493891856998,4
"19987",0.0665365248105808,0.897416121158458,0.0163177915555663,0.019729562475395,2
"19989",0.0372396747261798,0.96276032527382,2.47671930806426e-35,1.423551755005e-25,2
"19993",0.029506083233832,0.970493606350915,2.93193577294263e-07,1.72216757700684e-08,2
"19995",0.00317768660132655,0.99682227490965,9.45852142553241e-09,2.90305025671805e-08,2
"19997",0.00107668728344814,0.0111723966184758,1.61092547707528e-05,0.987734806843305,4
"19999",0.00181443549987144,5.02624560334016e-05,0.996765758685185,0.00136954335891018,3
"20002",0.999999999229047,1.47976405120967e-13,7.70805474946483e-10,1.06360774472498e-26,1
"20004",0.0558785211924367,0.944121473459306,3.79097040672889e-11,5.31034733025168e-09,2
"20006",0.811329463469151,0.188670536530849,1.7815352316056e-17,6.20546655249325e-23,1
"20008",0.487242763574697,0.512757236425303,7.46329399051438e-20,2.57083918025934e-22,2
"20010",0.0399168605294895,0.960083139079821,2.0438160379551e-17,3.9068948341876e-10,2
"20012",0.838191909458417,0.000486987071769138,0.161314181438297,6.92203151720841e-06,1
"20015",0.0449423288011685,0.955057671198832,1.9898576069299e-29,3.1259901737669e-26,2
"20017",0.000915139420066857,0.000633058067538966,0.000172435433442362,0.998279367078952,4
"20019",0.067824071421619,0.932175928578381,2.72317340849185e-36,2.55799182785408e-44,2
"20022",0.0146843146113967,0.985315684912995,4.28423416206418e-16,4.75607284940316e-10,2
"20024",0.998937942501481,0.00106205749851862,3.69696586494493e-53,2.0693253998644e-43,1
"20026",0.998937942501481,0.00106205749851862,3.69696586494493e-53,2.0693253998644e-43,1
"20028",0.00144060195874679,0.000309191760332615,0.0175374648069846,0.980712741473936,4
"20030",0.311806501729261,0.688193498270738,1.24886750940929e-15,4.89492431163787e-23,2
"20033",0.00839358330799248,0.15228843430944,0.800884663609229,0.038433318773338,3
"20035",0.110001298277952,0.889998701722048,1.38855893999697e-40,3.17582290605e-42,2
"20037",0.0119603690193546,0.988039630980645,7.08713213580894e-41,3.63221158413663e-38,2
"20039",0.999999996226945,3.77305500996973e-09,8.98007050228534e-77,4.58851792481398e-53,1
"20041",0.0282227664114773,0.97177723357849,5.33343545029231e-17,1.00331780021211e-11,2
"20044",0.177442869547232,0.822557130452736,1.89563322065315e-14,1.28646980655193e-14,2
"20047",0.382935725050559,0.617064274949441,2.95046165735034e-31,3.53404155492982e-51,2
"20050",0.220786780563138,0.779213219436862,4.64745586523108e-18,1.92838976548064e-18,2
"20052",0.0168106808753537,0.856285748328909,0.115773247894298,0.0111303229014399,2
"20054",0.0299902443668339,0.970009755633166,2.95713074855572e-18,3.32813345997985e-16,2
"20056",0.0645253355330153,9.8750481812179e-05,0.935375913947242,3.79305807491329e-11,3
"20058",0.0421418926092964,0.957858107390704,4.71001131826264e-40,4.05515229272092e-25,2
"20060",0.0156806440247084,0.106017750259303,5.26785250574616e-08,0.878301553037464,4
"20062",0.00364146374372346,0.968456215769152,8.77235919934867e-08,0.0279022327635323,2
"20064",0.00202705943385121,0.997971774765553,1.11929160415176e-06,4.65089918023816e-08,2
"20066",0.319552550454671,0.680447449545329,2.11017533951521e-23,7.33726776354266e-35,2
"20068",0.00246018707629452,0.0151604104753697,1.01349547455526e-10,0.982379402346986,4
"20070",0.0523050116629999,0.315771554715887,8.88061317423844e-16,0.631923433621112,4
"20072",0.316511350304884,0.683488649695116,7.48334703720933e-38,2.99787030071693e-22,2
"20074",0.004479116576052,2.63806068332522e-14,0.995520883423089,8.32403493871505e-13,3
"20076",0.937622147370388,0.0167487831986646,0.045620431470176,8.63796077149285e-06,1
"20078",0.0025475338050996,0.997452466113324,3.55520335446704e-11,4.60244694215344e-11,2
"20080",0.00961526140639579,0.990384738593604,6.47047309339373e-27,3.23021237842237e-34,2
"20082",0.999972537774415,2.74622255848724e-05,8.37114657496299e-42,6.70036113095962e-35,1
"20084",0.128160137605975,0.87183459689896,5.26549506494744e-06,7.96222041735561e-17,2
"20087",0.00762555831636158,0.99237444161468,9.57341650984205e-23,6.8958277722606e-11,2
"20090",0.024869786148154,0.975130213851846,3.23856035205467e-28,6.72454498217631e-33,2
"20092",0.994936182416603,0.00506381758338735,1.84343351083433e-49,9.96471379338134e-15,1
"20096",0.888602268295587,0.111397730521302,6.75718521367626e-15,1.1831037971763e-09,1
"20098",0.00627350924130849,0.0492938174512532,0.381493437252971,0.562939236054468,4
"20101",0.00792525339525611,0.992074746599367,5.37721942179706e-12,7.89671444533992e-28,2
"20104",0.999999999122874,8.77106748162276e-10,5.73223389226087e-35,1.91441663276257e-14,1
"20106",0.00616264569259667,0.993837354292266,1.51369157900686e-11,4.75590712700138e-17,2
"20108",0.00267807782281639,0.0729210547455658,5.68477804890361e-05,0.924344019651129,4
"20110",0.835134984881823,0.16486158902482,3.42600127775505e-06,9.20789945662736e-11,1
"20112",0.00935932606510965,0.99064067393489,6.57696660040074e-17,4.48247772455399e-16,2
"20114",0.0473877131213222,0.952469933024538,0.000142353853008955,1.13117340228047e-12,2
"20116",0.0633895729587192,0.936598915184022,1.15118566124459e-05,6.4627942070335e-13,2
"20118",0.005251343174268,0.967266570678689,0.0147054160795166,0.0127766700675266,2
"20120",0.174851262876368,0.825148737096093,2.75385512859144e-11,5.12884607210423e-19,2
"20122",0.000883500059551228,6.23046821749679e-07,0.999115517662577,3.59231049498816e-07,3
"20124",0.0366787569141352,0.963321243085865,4.41972759637083e-33,1.53348459435971e-30,2
"20126",0.999999968808116,3.11918835482752e-08,1.71382665016413e-52,3.15435759414687e-50,1
"20128",0.999901710003102,9.82899968978018e-05,1.65132715888923e-58,9.21807875469187e-71,1
"20141",0.999981129695741,1.86812998819809e-05,1.50060142216024e-19,1.89004377328341e-07,1
"20143",0.976893118597192,8.25601139217842e-11,0.0231068813202476,1.58275673595461e-23,1
"20145",0.00914416693695171,0.990855832738751,3.08563420767211e-13,3.23988880028783e-10,2
"20147",0.00129134715511706,0.998708652839835,6.40406891547652e-13,4.40722453986593e-12,2
"20149",0.00336432768053592,7.13731865831357e-07,0.99657699342418,5.79651634184335e-05,3
"20151",0.000983156061821889,0.0215308458112348,0.182023956358311,0.795462041768632,4
"20153",0.344965195797131,0.0201480201282698,0.634886753143556,3.09310430349832e-08,3
"20155",0.00517419528158112,0.994825804718419,1.47400924917137e-20,3.62328824528979e-20,2
"20157",0.0412443436129563,0.00533809415676884,0.822265444631901,0.131152117598374,3
"20160",0.000145872106314496,7.43540450804319e-12,0.999854127881179,5.07106350132049e-12,3
"20162",0.000336940416102856,3.2693577236074e-08,0.999084934884451,0.00057809200586894,3
"20164",0.0329222820688094,0.00627013816521958,0.96080736814634,2.11619630467849e-07,3
"20166",0.833342890306533,0.166657109693451,1.50815605266717e-14,1.53924945604173e-29,1
"20168",0.999999999965696,3.43039421723959e-11,9.43114494184568e-20,8.06777622509497e-28,1
"20170",0.00250335525310459,0.00189153143925402,0.99552908129831,7.60320093314949e-05,3
"20172",0.00945282207942205,0.990547177826868,8.64880869440461e-24,9.37103965212516e-11,2
"20174",0.0106993303408244,4.00586064003458e-06,0.000388168461379522,0.988908495337156,4
"20176",0.999999594355902,4.05644097689807e-07,1.35628073426121e-19,3.91132343407892e-19,1
"20178",0.000311955848067233,2.31518525122001e-12,0.999688044148714,9.03544244560824e-13,3
"20181",0.317890161362354,0.682109838496293,1.41353828063806e-10,1.34789466307476e-25,2
"20183",0.0107832557257892,0.121426312089836,7.33742338130122e-13,0.867790432183641,4
"20186",0.477025846963754,0.518289723725329,1.88041154861635e-34,0.00468442931091706,2
"20188",0.00069808097909896,8.46740702752102e-10,0.999301918131825,4.23349438522041e-11,3
"20190",0.004334097945959,0.995665902054041,5.33152973428901e-23,1.46201145145823e-25,2
"20193",0.999980293355147,4.37256447883603e-09,1.97022722883138e-05,1.95991436922899e-27,1
"20195",0.026002061899043,0.114705140109687,0.859292182357539,6.15633731061495e-07,3
"20197",0.00608531281355838,0.993914687186358,1.61112293210089e-19,8.33897910846214e-14,2
"20199",0.00429554872482186,3.12099628432834e-05,0.995670822009045,2.41930329005622e-06,3
"20205",0.999996761696518,3.23830348227871e-06,3.16639949247734e-49,1.96944037082535e-31,1
"20208",0.0856425799584198,0.858216948291253,0.0262332359831276,0.0299072357672001,2
"20210",0.00023248123603152,5.03533327357976e-07,0.999579243308343,0.000187771922298602,3
"20212",0.0240765480461667,0.00481919121575903,0.960895384758114,0.0102088759799603,3
"20216",0.0184100360894855,0.981589963910191,3.07578599099996e-13,1.63428845691714e-14,2
"20219",0.311737335925817,0.688262664074182,4.66652802197056e-16,1.40927162643101e-16,2
"20223",0.964522815278148,0.0354771847218518,2.52065593056418e-52,4.2078302444446e-43,1
"20226",0.0372865991147614,0.962713384958578,6.4563407593679e-09,9.47031933622181e-09,2
"20230",0.00538521016006816,0.994614789839932,2.14378596680562e-29,1.1304822270519e-30,2
"20233",0.999999999997405,2.59549620943519e-12,6.19482685776733e-36,1.03577646808424e-25,1
"20235",0.922386159253591,0.077613840746409,3.87813161789555e-46,5.52801467430098e-32,1
"20239",0.420649009733755,0.579350990266115,6.95967369917851e-26,1.29504267479239e-13,2
"20254",0.999898803022088,0.000101196977911768,1.83234911403093e-43,9.54510429104786e-43,1
"20256",0.00998841983393276,0.990011580166067,1.2994618316535e-32,2.27979422388423e-21,2
"20262",0.000329900709896489,0.000457467316091291,0.989112567449839,0.0101000645241733,3
"20270",0.889553679881017,0.110446320118934,4.92237244495619e-14,7.56499782898398e-19,1
"20284",0.928358774357093,0.0716393212510451,1.6869426807362e-19,1.90439186234994e-06,1
"20287",0.136242912082075,0.863757087917925,4.05872578356189e-43,2.45509346399992e-41,2
"20290",0.999614763454275,0.000385236545724977,2.43796246053709e-22,6.15525012568228e-22,1
"20293",0.00766290716679695,0.992337019219387,1.1669165682622e-12,7.3612649178151e-08,2
"20296",0.353076207195779,0.140012582959092,0.500489041466379,0.00642216837875047,3
"20301",0.881573605165207,0.118426394834793,9.2651551860448e-27,1.95255307401893e-57,1
"20304",0.99997402680814,2.59731918596358e-05,3.131120504686e-42,1.27444466076478e-31,1
"20306",0.0228538231922518,0.977146176807748,1.43928967275257e-36,2.13955972889088e-29,2
"20309",0.0239993247577604,0.976000673016542,4.37188502859165e-14,2.22565407204504e-09,2
"20311",0.0158931930449709,0.984106806947962,7.06652141690679e-12,3.01804738373081e-17,2
"20314",0.00282869203724544,0.116671140927118,0.369068443319574,0.511431723716062,4
"20318",0.944760321081959,1.08439698920307e-07,0.0552395704783422,4.80993439054723e-21,1
"20320",0.447993642431538,0.551993954472557,4.09348161012735e-14,1.24030958638289e-05,2
"20326",0.00956717131005842,0.489804238164067,0.0473498413115154,0.453278749214359,2
"20328",0.275007843460847,0.724842712003267,3.16159948321764e-28,0.000149444535885935,2
"20330",0.107957244243096,0.892042755756904,3.74212350421689e-26,7.76386770677609e-22,2
"20336",0.984266223960565,0.0157337756165194,4.20352360091208e-30,4.22916148083458e-10,1
"20338",0.979273515002095,0.020726484997905,8.51223689432025e-20,4.02751011201656e-22,1
"20340",0.21380268819428,0.78619731180572,2.06618636999511e-34,6.37632147473748e-33,2
"20342",0.999999999966283,3.37166030447977e-11,8.67018379538753e-36,3.61749126998175e-48,1
"20344",0.0121509267297513,0.987849073270249,2.39514027772533e-27,8.04293746883403e-17,2
"20349",0.0068926162247619,0.993107383775238,1.31848748359912e-32,1.90000040410587e-23,2
"20351",0.0494344471475288,0.950565552703736,1.52381269259206e-13,1.48582792098924e-10,2
"20353",0.0277431235645732,0.972256876435427,1.05081822881383e-29,3.2772670666076e-28,2
"20357",0.99988330412867,0.000116695871329746,2.63628737381696e-55,1.31275107484728e-33,1
"20360",0.999999274040817,7.25959183272791e-07,2.26629177595053e-45,3.55834421255722e-39,1
"20364",0.00941597044986333,0.990584029221894,1.45629942417249e-16,3.28242896598514e-10,2
"20366",0.999942099570578,5.79004294215731e-05,6.1472839586505e-35,5.24966166657433e-16,1
"20381",0.999999972059886,2.15026654595846e-09,2.54995815043201e-08,2.90266022392229e-10,1
"20391",0.987732551463962,0.0122674485342522,1.20007753240548e-44,1.78620700642914e-12,1
"20394",0.0215124099077478,0.357614684289612,1.15913503225372e-08,0.62087289421129,4
"20396",0.828698982740989,4.22097729716835e-06,0.0984194330008938,0.07287736328082,1
"20409",0.12639511388966,0.87340669307873,0.000198186280968426,6.75064174231433e-09,2
"20411",0.086821350123212,0.913178649876788,1.16497310611455e-37,7.83602687965666e-21,2
"20416",0.999930968977648,6.9031022352175e-05,3.65868216294498e-71,2.37714930610811e-59,1
"20418",0.313034438456792,1.37382338619789e-07,0.681352233888294,0.00561319027257572,3
"20420",0.999999997145074,2.85492628671218e-09,9.18393786066537e-31,1.48560998672717e-17,1
"20422",0.0871023282763757,0.912897671723624,3.34399185042624e-19,4.09321583508386e-25,2
"20424",0.0330686818595706,0.966931318140429,4.36582174053868e-35,1.27522629310281e-20,2
"20426",0.999999999999521,4.79253508141868e-13,7.63635835917316e-30,5.17241945279754e-44,1
"20428",0.00394826247564073,0.996051731715288,1.68702576556952e-17,5.80907080003433e-09,2
"20431",0.330306798957215,0.669564106734219,0.000129093283456209,1.02510935363123e-09,2
"20433",0.777668180125554,0.222331819874446,1.47538252589294e-36,5.34230423847034e-44,1
"20436",0.999953656644167,4.63433558332509e-05,5.20732752475237e-21,7.8158639452277e-26,1
"20439",0.0291727602852385,8.42677739334021e-06,2.30935124696711e-05,0.970795719424899,4
"20441",0.999490104088621,0.000509895911378573,8.42983068744435e-34,7.59225863050862e-29,1
"20444",0.00076708237032436,1.29873145222663e-10,0.999231958519566,9.58980236427589e-07,3
"20448",0.914913096153783,0.0850841304530761,1.12530912527275e-06,1.64808401554409e-06,1
"20536",0.0911949602067497,0.00363384489148215,2.60626580220252e-14,0.905171194901742,4
"20538",0.990764601610907,0.00923539838906648,1.32941150763464e-33,2.68926523877176e-14,1
"20541",0.117298272306196,0.882701727693804,5.42044443842127e-34,7.26852162675814e-34,2
"20544",0.00258060363925909,0.997413402991223,1.44364337538512e-11,5.99335508133281e-06,2
"20546",0.0244723513038049,0.975527648696184,7.06960242813814e-30,1.11349603557945e-14,2
"20550",0.0928673771185557,0.907132622881419,1.34216476789624e-14,1.17681538376069e-14,2
"20553",0.999999999345042,6.54957723862831e-10,5.65754683462859e-53,6.02700022167891e-93,1
"20555",0.999999998494951,1.50504883446083e-09,2.37410546258786e-46,1.31363061956156e-22,1
"20557",0.0585725143229353,0.941427485668315,3.57727478151899e-13,8.39225211701901e-12,2
"20559",0.00355971928594139,0.996440280714047,5.74606411296361e-15,5.74359069629078e-15,2
"20561",0.00543627979752296,0.00733945668338628,0.987171605511158,5.26580079327726e-05,3
"20564",0.000311955848067233,2.31518525122001e-12,0.999688044148714,9.03544244560824e-13,3
"20566",0.0293545689772966,0.97064541128654,1.04292728213724e-11,1.97257337321331e-08,2
"20569",0.0033376517184549,0.000100390595259824,0.988620916088526,0.00794104159775882,3
"20572",0.034713803197152,7.87303469214843e-06,0.965278281529855,4.22383007823523e-08,3
"20574",0.00348775334120938,0.99651224665879,2.04486021182476e-16,1.14882308637729e-20,2
"20576",0.000452447487853535,1.21645704673037e-08,0.999547540343154,4.42170919533088e-12,3
"20578",0.00125879544973041,0.998735881599527,5.04683445272694e-07,4.81826729694859e-06,2
"20580",0.00472249213463451,0.995270916645805,8.43449181010621e-11,6.591135215231e-06,2
"20583",0.000220108024823713,9.72059997234722e-10,0.999779890907929,9.51873760813997e-11,3
"20586",0.0197880888345437,0.980211680113069,1.43285545740115e-21,2.31052387507157e-07,2
"20589",0.0071365954643026,0.992863404535697,5.22697513234684e-36,3.14496219066235e-23,2
"20591",0.958903033986447,0.0410969566679604,4.32466507140541e-25,9.3455922334162e-09,1
"20593",0.0425916198143765,0.957408380185623,3.52427174717896e-33,2.81318003006873e-49,2
"20595",0.00639378392296386,0.993606216076526,1.6209847362196e-13,3.48023846709487e-13,2
"20597",0.994448946080417,1.44971835034445e-08,1.10747692068139e-19,0.00555103942239953,1
"20599",0.000291301321491546,1.18847853500087e-11,0.999708698666591,3.21305463216725e-14,3
"20601",0.000935758569082836,0.129228357526847,2.43757270351732e-07,0.8698356401468,4
"20604",0.00532738307690058,0.994672616923099,1.23853305439944e-21,1.66032567144942e-30,2
"20606",0.00981675274296277,0.990183247257037,1.76084866262853e-25,7.32692513352941e-27,2
"20608",0.0115535040265279,0.988446495973472,5.76986209354455e-21,3.21191340061587e-19,2
"20610",0.0076238418553406,3.66286912243758e-06,0.992372495218997,5.65403211062556e-11,3
"20612",0.999999999981111,1.88888445071622e-11,2.10402429677104e-41,1.53914963037094e-38,1
"20614",0.000464670977812265,1.70703354251358e-06,0.999353300200882,0.000180321787763654,3
"20616",0.625946860002213,0.365130913978667,1.8160161984204e-07,0.00892204441750025,1
"20618",0.999882622153618,0.000117377846381937,2.11891190711191e-25,1.84694527444617e-20,1
"20620",0.183188030338089,0.816811969661911,5.33706953274886e-16,3.96837482019211e-27,2
"20622",0.00240889221361252,9.31317869873767e-07,0.997590176427589,4.09281380978685e-11,3
"20624",0.242680618219154,0.757319381780846,3.11675178421625e-35,1.99656014254422e-22,2
"20626",0.655680890964687,0.344319109034522,7.80295704165143e-13,1.06109691141548e-14,1
"20628",0.903712819857659,0.0962871801420449,8.64029460467207e-23,2.95663321759989e-13,1
"20630",0.0542348914007396,0.94576510818537,4.13888558257131e-10,1.87669251897098e-15,2
"20632",0.00130858092230046,1.6081499452924e-09,0.998689121223489,2.29624606006963e-06,3
"20634",0.00514165158652161,0.994858348413478,1.78052864549762e-25,1.38306592923626e-25,2
"20637",0.997607547997899,0.00239245200210061,5.39379969963623e-24,2.92603673304377e-34,1
"20639",0.00911430363271322,8.14767484537529e-05,0.990804188183387,3.14354458661979e-08,3
"20644",0.999999997291887,2.70811337135364e-09,1.17957921386279e-64,1.78932327772642e-83,1
"20646",0.999895414600353,0.000104585399646806,4.81637515546748e-34,2.86128625612525e-43,1
"20648",0.00315438795151632,0.0175637850169366,0.585451896242166,0.393829930789381,3
"20650",0.904602393395309,0.0953976066046914,1.69357672212516e-39,7.93715195912718e-32,1
"20653",0.853800409184458,0.145748709473163,2.58820428616797e-11,0.000450881316496723,1
"20658",0.0901963700890828,0.909803629910917,1.71576805303669e-34,2.35963707692951e-22,2
"20661",0.999994746944288,5.25305571223326e-06,4.94204281813106e-48,3.88410943278943e-24,1
"20663",0.00707016056398531,0.991288163059033,5.46002874883305e-16,0.00164167637698088,2
"20665",0.000792205917933376,4.54016145481233e-11,0.999207794036528,1.37236903391028e-13,3
"20667",0.23409082627496,0.765909167998957,9.35623289670339e-14,5.72598999569347e-09,2
"20669",0.948812006170936,5.11363583218277e-07,3.72298904977262e-18,0.0511874824654812,1
"20671",0.634132733390363,0.365867266609637,2.61063797481718e-16,1.93137557108564e-18,1
"20673",0.98330438277812,4.47779189814432e-09,5.10875717145379e-13,0.0166956127435772,1
"20675",0.420610295513659,0.117266804539222,1.32227614502523e-18,0.462122899947119,4
"20677",0.0371182681678805,0.961926766411292,4.49576571313925e-18,0.000954965420827361,2
"20679",0.82756070608586,2.99319358639797e-07,5.59926074826561e-07,0.172438434668706,1
"20681",0.00384913674011989,0.000468486901957886,1.31409158782706e-17,0.995682376357922,4
"20683",0.0809616798675324,0.919032058582703,1.52988256964224e-16,6.26154976448913e-06,2
"20685",0.999999988071393,1.1928607307951e-08,3.74031433656357e-32,1.20852363527954e-17,1
"20687",0.000824297594880576,6.67564921029476e-05,0.0444870683620069,0.954621877551009,4
"20689",0.999999999272617,7.27383544251627e-10,8.38546398806435e-74,2.99314858423139e-64,1
"20691",0.0007490096168411,2.52829416857542e-09,0.999248062236137,2.92561872773521e-06,3
"20693",0.0572243890640968,0.942775610935903,4.88535638276367e-37,3.28124335924288e-29,2
"20695",0.0205825301583371,0.0956259183868315,0.108278225356274,0.775513326098557,4
"20697",0.0170067714012569,0.982993228597958,7.85310207044431e-13,6.36262748571651e-22,2
"20699",0.00950003606132466,0.98981482975295,9.60006447324732e-15,0.000685134185715539,2
"20701",0.01124484155466,0.988755157740656,1.83727656963243e-27,7.04683864399501e-10,2
"20703",0.999999999985531,1.44692161065532e-11,1.81697648651952e-26,5.71828942852149e-17,1
"20705",0.0365931331120506,0.96340686688795,4.17054373094698e-25,4.25929017827556e-18,2
"20707",0.00446271696797517,0.0895010857090368,1.19901681880721e-08,0.90603618533282,4
"20709",0.748053238856973,0.24970749400282,0.00223818270312104,1.08443708606534e-06,1
"20713",0.998610893018476,0.00112175447958617,1.72931139936607e-12,0.00026735250020855,1
"20715",0.999998426427701,1.57357229880994e-06,2.52380977385807e-23,1.48097215653296e-69,1
"20717",0.0103217594687938,0.0124215954832602,0.000385403951689032,0.976871241096257,4
"20720",0.00617754067562652,0.993822459324368,1.24052400771869e-15,4.03944846535438e-15,2
"20722",0.0111584912727222,0.988841506804282,8.67954922377176e-14,1.92290927552117e-09,2
"20724",0.000199551950350452,0.000960308437207966,0.000947897448283776,0.997892242164158,4
"20726",0.0404868001752237,0.959513199824776,1.48166757549812e-34,6.10739575900851e-29,2
"20728",0.000777204066216629,0.00020950948776963,7.16143138558092e-13,0.999013286445298,4
"20730",0.00155430236436996,0.0233013308592673,0.00680669674029912,0.968337670036064,4
"20732",0.915094177114909,0.0849058228850906,1.85569469156178e-30,1.21206394415648e-23,1
"20734",0.00523965412670486,0.994067082459509,3.04716418404606e-12,0.000693263410739123,2
"20736",0.000728842316740628,5.3658596775012e-05,0.999050126642636,0.000167372443847787,3
"20738",0.999999831731797,1.68268202947313e-07,2.06543226445693e-21,3.16423065999985e-40,1
"20740",0.968975461145132,0.0310245388548519,2.30017634003263e-51,1.61083439544769e-14,1
"20742",0.0855353676140254,0.023177495491952,4.78467797132683e-15,0.891287136894018,4
"20744",0.0041277514292691,6.80141395438944e-08,0.995686041167435,0.000186139389156159,3
"20746",0.00428740062717588,0.882344616627599,1.07391774872134e-11,0.113367982734486,2
"20748",0.000678340935728201,0.000832068569119731,0.0251127472202555,0.973376843274897,4
"20750",0.00368796637143639,0.0149265183726982,0.572076013422563,0.409309501833302,3
"20752",0.00599872319830755,0.994001227352961,5.19579019087622e-22,4.94487311513311e-08,2
"20754",0.999137271883864,2.73912301982808e-08,3.42614680631868e-13,0.000862700724563826,1
"20756",0.0299051042847066,0.89413557587391,0.0659586361624562,0.010000683678927,2
"20758",0.999986241344482,1.37572562533129e-05,1.39926384975449e-09,8.72315952064087e-16,1
"20760",0.000931036047389463,0.000278111000694522,0.0165129648111928,0.982277888140723,4
"20762",0.997563899348678,6.46524453850359e-08,2.36007225408992e-16,0.00243603599887669,1
"20764",0.0876478893587308,0.000104366456978977,0.660857199219235,0.251390544965056,3
"20766",0.00128538611339153,0.00118443191991591,0.280838810575906,0.716691371390787,4
"20768",0.000645088008755052,0.00355578506567336,0.99092726929215,0.00487185763342125,3
"20770",0.892378211754163,0.105515099395691,4.50332637855176e-17,0.00210668885014607,1
"20772",0.00585509440438107,0.994144905595619,2.33527255179026e-22,3.29860591398191e-26,2
"20774",0.968944274720479,0.0310557252795213,1.28666620528505e-54,3.46466950474073e-58,1
"20776",0.125663566163725,0.859210046129547,1.62136067680309e-23,0.0151263877067278,2
"20778",0.99989146731669,0.00010853268330969,1.41941609693578e-47,2.65477313848893e-73,1
"20780",0.999999999992741,6.01298489505901e-12,1.24214838024476e-12,4.06026922334858e-15,1
"20782",0.999794026239208,1.46339724062641e-09,1.24937876872272e-12,0.000205972296145363,1
"20784",0.99934720222952,8.10970096574004e-07,1.00531331284158e-14,0.000651986800373968,1
"20786",0.022025628109892,8.01893131057238e-12,0.977974371844395,3.76942790156405e-11,3
"20788",0.00231643448946367,0.107009799712863,1.81281733294986e-09,0.890673763984856,4
"20790",0.0277953071722197,0.000283530889481185,6.41471482946066e-05,0.971857014790005,4
"20792",0.431359367763924,0.568518490469346,9.8217248744992e-05,2.39245179853714e-05,2
"20794",0.0103338260298726,2.36010881955332e-05,0.000214837668452654,0.989427735213479,4
"20796",0.00912636811274776,0.990873631887252,1.81668539064924e-30,8.39189235897422e-22,2
"20798",0.000311955848067233,2.31518525122001e-12,0.999688044148714,9.03544244560824e-13,3
"20801",0.999911242048391,2.93475223860145e-06,8.58231993704365e-05,3.69913212770046e-22,1
"20803",0.0258540361489611,0.912496506826683,2.54134722046394e-12,0.0616494570218141,2
"20805",0.00668788263618488,0.993178580201468,2.5287897331937e-17,0.000133537162346891,2
"20807",0.000311955848067233,2.31518525122001e-12,0.999688044148714,9.03544244560824e-13,3
"20809",0.942841090439846,0.0456744891968452,2.57192896470711e-16,0.011484420363308,1
"20811",0.999788000264688,0.000210294566537224,1.70516877421224e-06,5.52507006221533e-19,1
"20813",0.469370494118045,0.530609862327048,1.96428277786504e-05,7.27127970687792e-10,2
"20815",0.356572675905737,1.00982567971603e-14,0.643427324094252,1.4042978386843e-15,3
"20817",0.000251772400678811,0.00229702540666986,1.41517241375461e-05,0.997437050468514,4
"20819",0.0215574688836481,0.974198455556368,4.22452020038818e-19,0.0042440755599842,2
"20821",0.99999999455331,5.44668969308289e-09,6.46667770384045e-25,1.98505985988555e-42,1
"20823",0.00708663488059499,0.9910780565067,8.76132293721137e-09,0.00183529985138202,2
"20825",0.000908289556282093,0.000932440563386557,4.82228905652418e-07,0.998158787651426,4
"20827",0.326375187342212,0.0351617807312233,0.638460482374737,2.54955182791173e-06,3
"20829",0.668425080367244,0.331574919632756,3.17964529197553e-25,6.05906193238773e-30,1
"20831",0.00382216180886678,0.00608379311932502,2.63117287532719e-09,0.990094042440635,4
"20833",0.999999061394227,1.81850256343315e-12,1.38285565987694e-12,9.38602571814454e-07,1
"20835",0.00225116530925646,0.00354692283211716,0.00483286948259219,0.989369042376034,4
"20837",0.00920027391918937,0.0352386104934358,0.00596302179540461,0.94959809379197,4
"20839",0.00078854116872559,0.00115858514586676,0.00140490156880975,0.996647972116598,4
"20841",0.641107104515373,0.358892895480959,1.70426090462714e-30,3.66781887203205e-12,1
"20843",0.00580453754161275,0.13020003455471,4.43728562600103e-14,0.863995427903633,4
"20845",0.370706908149608,0.262654210974839,0.00161003631308604,0.365028844562466,1
"20847",0.00589706647585432,0.994091680842465,2.02849279340971e-12,1.12526796524488e-05,2
"20849",0.0128851338600325,0.987114202190448,1.5075695493866e-09,6.62441949346789e-07,2
"20851",0.0227187364437961,0.977281138799832,6.23446131916153e-16,1.24756370825421e-07,2
"20853",0.0856078391053051,0.914392160894695,4.78432434435311e-29,5.8872949095805e-22,2
"20855",0.0832839830258976,0.916716016974082,2.03297295669456e-14,3.78712072588032e-23,2
"20857",0.0159230879836079,0.98334416624656,1.44871633205087e-10,0.000732745624960386,2
"20859",0.00300797342085437,0.99699202632476,1.15849830907642e-12,2.53226806839864e-10,2
"20861",0.999999609727015,3.9027298322999e-07,1.1972184763072e-23,1.68100150129545e-15,1
"20863",0.00177084261330167,0.000109094954876968,0.996866290169125,0.00125377226269616,3
"20865",0.0309318913254284,0.00639668541845433,1.36381911742387e-11,0.962671423242479,4
"20867",0.481745810711163,0.518254189288837,1.13266057783465e-44,3.05250310976846e-55,2
"20869",0.00656319839078753,0.00227926760147066,0.9900077733564,0.00114976065134165,3
"20871",0.966252610917341,0.0337473890826586,1.86536060160422e-22,1.3099009282357e-48,1
"20873",0.253889784237011,0.746110215762989,4.51570481512182e-16,1.4740717244476e-34,2
"20875",0.00415355977305228,0.995846440226757,4.37782041935993e-18,1.90580631015232e-13,2
"20878",0.997500486471492,1.33271711083787e-14,0.00249951352848916,5.28820602617576e-15,1
"20880",0.999999999621153,1.20388547933706e-12,8.19546224963637e-11,2.95688809641375e-10,1
"20882",0.0515319552980088,0.948468044701991,7.46105598289473e-27,1.67250151633302e-27,2
"20884",0.00369213936681226,0.0127797111334375,0.0195746433227113,0.963953506177039,4
"20886",0.00184376793927964,0.00463288413038014,0.992294311073282,0.00122903685705835,3
"20888",0.363947709401576,1.63704803279182e-08,2.56620777906843e-05,0.636026612150153,4
"20890",0.000350775372759834,0.00829051038525102,0.0509612036320088,0.94039751060998,4
"20892",0.0250703094042975,0.974927293001574,3.09832888982852e-16,2.39759412817306e-06,2
"20897",0.0717758481674342,0.928108623638709,4.43318697221203e-08,0.000115483861987401,2
"20899",0.0259179106285948,0.935842223253069,8.28161168125526e-06,0.0382315845066551,2
"20901",0.999999999828824,1.71176473288675e-10,8.53220136168596e-55,7.4849486679792e-45,1
"20903",0.999969772439348,3.02275606523398e-05,5.65832316749038e-26,1.17249108324981e-63,1
"20905",0.999357098962969,0.000642901037031213,5.33289495412492e-21,9.83875776132705e-31,1
"20907",0.123068984504015,0.876931015495985,3.36977345430121e-33,6.51491156645275e-21,2
"20909",0.656997489710073,0.343002205044074,3.33491967585998e-08,2.71896655736229e-07,1
"20911",0.999999999984478,1.55214926595171e-11,2.41623818655561e-69,8.78539194702683e-68,1
"20913",0.122710733934147,0.716005792452098,3.79725947094754e-06,0.161279676354283,2
"20962",0.00162823380926333,0.998369841631517,6.16616034016442e-12,1.92455305308097e-06,2
"20969",0.18078672405139,0.819213262970414,1.29781962659982e-08,2.21352677318183e-17,2
"20980",0.00545694202951353,0.994542981629966,2.11977234209449e-10,7.6128543308112e-08,2
"20982",0.00368720779820259,0.996312792093673,6.21142258331667e-22,1.08124787044444e-10,2
"20984",0.378510124476204,0.605902308056196,1.13655947053133e-08,0.0155875561020056,2
"20994",0.0194319984102596,0.980568001589684,5.63822129881413e-14,1.07427426702221e-16,2
"21015",0.756943572569509,0.000308774730382562,0.010107448477614,0.232640204222494,1
"21023",0.125051305959218,0.874948694040782,1.30891982409215e-31,2.05769263904879e-24,2
"21040",0.887954155232914,0.112045844767029,6.95203150492667e-38,5.67030358164167e-14,1
"21073",0.141592286860031,0.858407673021368,5.84312712266534e-14,4.01185423631755e-08,2
"21222",0.00211860441214239,0.0143999116127495,0.0119532257155281,0.97152825825958,4
"21224",0.0117325573911869,0.962742520632902,3.27116502927234e-08,0.0255248892642605,2
"21228",0.999733528237866,0.000266471745710993,1.64224876446062e-11,9.46565074266074e-24,1
"21232",0.0273871073625118,0.972612892637488,2.60516215192782e-31,2.34940889892776e-21,2
"21237",0.953458801869373,0.0465411981306272,9.15159717562842e-27,2.75604240303338e-35,1
"21240",0.000397279173658371,0.00125988326890256,6.35690924152813e-07,0.998342201866515,4
"21245",0.000331185458743766,0.000409233277533068,0.0170195205808299,0.982240060682893,4
"21252",0.0794924564717263,0.920507543528273,1.54962339914161e-36,6.96214226932795e-16,2
"21254",0.274116076212477,0.725883923787238,5.62796125562171e-24,2.84983080759039e-13,2
"21258",0.0688398434945003,0.931160154178301,2.29124825397781e-09,3.5950600702011e-11,2
"21264",0.00762724982161975,0.27019715080969,0.169939482250847,0.552236117117844,4
"21305",0.997791833153968,0.00220815643288146,1.44770899002887e-12,1.04117025484319e-08,1
"21333",0.022614462892756,0.977385535726254,4.21464578969411e-28,1.38099028389511e-09,2
"21366",0.0840491751061389,0.687007261379106,4.0375501244164e-10,0.228943563111001,2
"21377",0.00112077227987595,8.6665923631656e-07,0.998878270214647,9.08462406756601e-08,3
"21380",0.9999999968189,3.18109951239301e-09,8.83870601490387e-27,9.3701900900108e-42,1
"21387",0.999999999999012,9.87872392046482e-13,1.32055590906541e-76,6.4512545042253e-65,1
"21390",0.130277819934327,0.869722180065673,1.37015275044378e-31,7.50929171648713e-17,2
"21392",0.0443908579998508,0.955608423911069,6.57820236845485e-11,7.18023298142542e-07,2
"21403",0.00915788600471396,0.990841614564815,4.99428135276263e-07,2.33573565234177e-12,2
"21408",0.0359928425997977,0.964007157400202,8.71696630264393e-19,1.1487783152318e-22,2
"21412",0.999727544858748,0.000272455141251857,1.81520511241818e-23,9.18523489970603e-29,1
"21421",0.00699771892536787,0.940934255454929,2.49702425293625e-08,0.0520680006494602,2
"21424",0.995687860462816,0.0043121395371842,1.35579537009051e-42,2.99210108018702e-38,1
"21429",0.00773633043859423,0.992263669561389,1.60143012339033e-14,1.15694441097749e-16,2
"21431",0.0275740799757696,0.972044008695113,1.65378845776915e-09,0.000381909675328985,2
"21436",0.999964697740721,2.64177058648352e-05,2.47077053484325e-18,8.88455341453074e-06,1
"21439",0.000698997392423516,0.999300847491506,1.35576750170049e-07,1.9539320259497e-08,2
"21442",0.115738602837343,0.882748153490518,0.00133232307083487,0.000180920601304426,2
"21444",0.00232989226920809,0.000371417456736793,4.08068519665555e-11,0.997298690233248,4
"21446",0.999962101810626,2.77939037693526e-14,3.78981893458588e-05,3.31740827477854e-17,1
"21448",0.999999999999832,1.68217241843165e-13,6.06348648707991e-42,3.08871139343204e-27,1
"21450",0.397931525907144,0.602068473586988,5.05779903275283e-10,8.76155760738419e-14,2
"21452",0.0535109328188371,0.946489067181147,6.86169144814719e-25,1.55787547150621e-14,2
"21466",0.147510962921662,0.852489037078338,9.93924596268029e-43,3.38565483888586e-29,2
