"","V1","V2","V3","V4","V5","V6","V7","V8","best$classification"
"19812",6.12265989756231e-05,0.000130238235003104,1.3619128147922e-06,0.250080784486987,0.703051326685446,0.0458720339188404,0.000628692820879265,0.000174335341054369,5
"19814",1.73133970527403e-06,2.37819160989148e-06,0.00218832273192355,0.0147792331733787,0.982248608275308,0.000735104424523692,4.20263965195802e-05,2.59546703120961e-06,5
"19816",4.62568919830529e-05,9.80563151651188e-09,7.55903087760844e-07,0.746634982284993,0.00380108115520095,0.00836306016611799,0.24113909287556,1.4760917425678e-05,4
"19818",1.67519297602893e-05,3.74374363987721e-06,0.00753287798239819,0.580889682538846,0.410160154716159,0.00030975425375988,0.0010783523244732,8.68251096362698e-06,4
"19820",5.39973892190341e-09,5.97513049555398e-10,2.86539324449642e-10,0.00212674677404137,5.29638742229431e-09,3.6559483324797e-05,0.997490925728986,0.000345756433469546,7
"19822",2.35692084673351e-07,1.42044872190521e-05,1.07239718736335e-06,0.00318922394830018,3.28979884108665e-07,0.013487362144694,0.830149622959199,0.153157949391432,7
"19824",0.000127440066994446,4.09720550179969e-07,0.00132202426296026,0.411742762791707,0.000123688800878421,6.66294221793798e-06,0.586598048686377,7.89627283144674e-05,7
"19826",0.0125951079449781,2.04196873297219e-06,3.27800568557293e-05,0.0860583822017297,0.762475646505684,0.13624570782958,0.00258806132734811,2.27216509108003e-06,5
"19828",1.28800678204822e-07,2.53869618386128e-07,1.7614291757335e-06,0.363504410691007,0.000108210554469594,0.000189955023381245,0.633839678167854,0.00235560146381571,7
"19830",0.00116662150589505,0.0035174814904621,0.00010935598098343,0.00795264596644353,0.902943223007545,0.0843003915665474,1.97901974994793e-06,8.30146237392628e-06,5
"19832",3.37762704026905e-06,0.0398587817567137,1.42539691802412e-06,0.139164635615396,0.137808682184044,0.0407223294384278,0.0146552305418096,0.62778553743965,8
"19834",3.72097428460074e-07,1.43331319168459e-05,8.36883095432445e-05,0.180614000894761,0.00823414092569531,0.753106348536866,0.0475927813969082,0.0103543347068812,6
"19836",0.0200771486887565,2.2165715298504e-05,2.4134230120978e-07,0.937895999952193,0.0380317711555831,0.0016785240465345,0.00228811269017633,6.03640915679961e-06,4
"19838",2.52449049378268e-06,6.9750012785176e-05,0.000264275317009511,0.000450061519172038,0.998662860641109,0.000548767751025907,2.86267337066567e-07,1.47400106723588e-06,5
"19840",0.000756073863824122,7.88479723986025e-08,3.05210707977252e-06,0.153964635180339,0.0172789356645579,0.778114238584719,0.0498730469977214,9.93875378601632e-06,6
"19842",0.950955400780415,3.70419721731165e-06,6.12927985565946e-06,3.01629503397503e-05,0.0486431386457226,0.000361368760281451,9.46033374987138e-08,7.82830508340058e-10,1
"19844",1.11225847251179e-05,1.87388438233722e-08,0.999980060144372,7.81298116681031e-07,6.09093307853105e-06,1.26900325131999e-07,1.7977225047141e-06,1.67803349260185e-09,3
"19846",0.00268151718803285,2.62193162699178e-06,0.0657493769207692,0.000236867074018073,0.931324571998175,4.99895662268133e-06,4.53416275337609e-08,5.89127819784499e-10,5
"19848",0.000121451321746013,3.57962392518707e-06,0.0234017540305556,0.000275359121243024,0.976184544960342,1.32384036388853e-05,6.86605971705161e-08,3.87795179040383e-09,5
"19850",2.99537823658475e-05,3.06657484944629e-06,0.196839201604542,0.000768729937531747,0.802253438710428,0.000101769807018561,3.72401445802034e-06,1.15568805834277e-07,5
"19852",1.66471348589637e-06,7.34272767044279e-07,7.44847108510677e-05,0.971164035697352,0.0194184637542937,0.00138772059185864,0.00792504529621986,2.78509631719835e-05,4
"19854",2.56707284893811e-05,4.92061591194737e-06,0.00202937017016437,0.000231069015157576,0.997669806509674,3.90886772166008e-05,6.08708067541585e-08,1.34125797639905e-08,5
"19856",0.000120486796579485,2.26891064231927e-06,0.986093504931529,0.000127447553009408,0.0131117461698113,0.00045932116190421,8.41037453542592e-05,1.12073116988248e-06,3
"19858",1.04816266157737e-05,5.38153138404827e-06,0.990263265350729,0.00488166873244423,0.000689105632688636,6.60311582771761e-05,0.00405510228618352,2.89636816780342e-05,3
"19860",1.87090053091538e-05,9.5906910357609e-07,2.61596547914981e-05,0.588008920799738,0.237064094235076,0.155020532204677,0.0197837421598159,7.68828714884714e-05,4
"19862",0.00908528272530193,4.75084376331432e-06,0.00219774271859263,0.00011536176770976,0.98858479978666,1.20456051190171e-05,1.61265753977327e-08,4.26278410405323e-10,5
"19864",0.999978463937996,7.02175956638573e-07,7.95783483344865e-07,1.68721880617966e-05,1.05675983515585e-06,3.2715432476828e-07,1.78123853294698e-06,7.61808976136443e-10,1
"19866",0.0219615253740562,1.8697557155616e-07,7.56870001393781e-07,0.633430866920576,0.000489177663012658,0.0737451516816495,0.270358903641114,1.34308740177657e-05,4
"19868",5.98787069546352e-08,0.963935776335803,2.37420206553921e-05,3.5736100035794e-07,2.10576258756096e-05,0.00258002749023933,6.01094623463108e-07,0.0334383781930963,2
"19870",0.00102059855637467,1.23099954832073e-05,0.00189273470374331,0.0213769708057132,0.975656553178815,3.82516096686917e-05,2.52536428223419e-06,5.57859197094954e-08,5
"19873",0.00154804346590307,1.59215337263758e-06,0.00058990557284397,0.416631049794686,0.579335174333168,0.00106603528616789,0.000826980470231475,1.21892362766477e-06,5
"19875",5.17009959645604e-07,1.84759512595477e-07,4.41948829038703e-08,0.150892513370799,0.000951617779463808,0.0515550459886485,0.792893413576963,0.00370666331977036,7
"19877",6.9280021519762e-05,2.44749254308234e-05,0.00225338276948677,0.194233176735587,0.79867684458155,0.00469540034408938,4.58781412027089e-05,1.56248113372868e-06,5
"19879",1.8349510122585e-05,3.1880819748982e-05,0.000826484307149735,0.955659447721695,0.0382132073413107,0.00374062344585703,0.00145893769454152,5.10691595742378e-05,4
"19881",0.0243045467364387,7.02530742353966e-06,0.00110604084936616,0.0785144096877688,0.891523393587874,0.00414608839470423,0.000397587201681377,9.08234743258405e-07,5
"19883",0.354500297552932,1.46873465208017e-06,4.93448011807975e-05,0.0327774792721769,0.610985984358688,0.00157616818924985,0.000109191345188716,6.57459314111375e-08,5
"19899",0.000106750412238281,8.20747260572314e-05,2.24450191470756e-06,0.121723451364889,0.0108195986020889,0.865506095257962,0.00165885478157,0.000100930353280796,6
"19908",0.0147092539146536,0.000505040568360897,0.000191687586726725,0.000843130239567201,5.71675887505692e-05,0.982438160327495,0.00112859772054921,0.000126962053896763,6
"19910",2.899799204581e-05,7.8024518279673e-07,3.25639742655424e-05,0.967174724236219,0.0308057037223845,0.000181530027129523,0.00177287231348985,2.82748928302764e-06,4
"19912",0.533220172012744,8.08656315363039e-06,0.000382940887626171,9.6583930161521e-05,0.462845443756569,0.00344656490646237,2.05128546613869e-07,2.81473638557643e-09,1
"19914",2.63319115413162e-05,0.000233262956292198,0.000462582011020342,0.592328343493092,0.116956517936061,0.28663407077363,0.00283754959390732,0.00052134132445603,4
"19916",0.278627251154474,4.66479745310647e-06,0.000275511019311281,0.170614574388121,4.77777332234589e-05,0.000356939393507808,0.550052071244808,2.12102691014505e-05,7
"19918",0.00197192332183968,5.02593372425454e-07,0.0839703606211945,0.00924325085214385,0.90477831123936,3.06155850699071e-05,5.03051810780435e-06,5.26891226773321e-09,5
"19920",2.10978800510866e-05,1.90449625584534e-07,0.882445337639501,0.000125619211983786,0.11735001668675,5.73552074395507e-05,3.80508022356097e-07,2.41662617180436e-09,3
"19922",3.18582001261e-06,0.592611541552278,7.9092369455482e-06,0.0861636730291431,0.146417304355019,7.62564647667008e-05,0.000524221610625733,0.17419590793121,2
"19924",0.000151037502017698,4.48078046669643e-06,0.0344457409299376,0.174557245929371,0.784406544476442,0.00620979131143211,0.000224150113187025,1.00895714497805e-06,5
"19926",0.00291237455842178,0.00125088914664963,1.32456195273564e-07,0.521309039683861,0.0157586689106081,0.45173087565842,0.00624417627371641,0.000793843312127429,4
"19928",0.999998798151631,4.38596039641484e-07,4.14790043487268e-07,1.97614762991243e-08,2.93985836513547e-07,3.1529478863103e-08,3.1768659936532e-09,8.62864532838468e-12,1
"19930",3.6304423961417e-05,1.01929925983405e-05,9.13880932595058e-05,0.0276436656219305,0.972112042150573,9.82268991041081e-05,7.62931163844066e-06,5.50506934472961e-07,5
"19932",6.93955036429649e-06,1.13039539482694e-05,0.000708751243432466,0.000541448492544843,0.998672115041759,5.91953311000058e-05,1.6106007354232e-07,8.53267775220479e-08,5
"19934",6.67065111533185e-07,4.30698815129252e-06,0.000127557178474426,0.42195746688643,0.0162258544541954,0.0624875898657843,0.483777522099234,0.0154190354626199,7
"19936",1.52656399153187e-05,0.000147345043653751,0.000127181494127706,0.0747135675783245,0.861524912824534,0.0631018302206461,0.000301124781749434,6.87724170494586e-05,5
"19938",6.42247653218616e-06,6.19484610202365e-06,4.01926916391311e-05,0.0906255035505131,4.17146558912196e-05,0.176979224652805,0.726478947226721,0.00582179989979666,7
"19940",0.00761923535086415,1.55860164777266e-06,0.000116567799825389,0.861603454397669,0.129840455841602,8.25443603527665e-05,0.000735874611649913,3.09036389006669e-07,4
"19942",0.999992768226871,2.08218441454789e-08,1.03854194320736e-07,2.55877140472809e-07,2.90648789691673e-06,3.87849002978669e-06,6.62276061075538e-08,1.44175153848723e-11,1
"19944",0.000177577421578784,6.07821438649928e-07,4.25109505736387e-06,0.972271078981381,0.0139042617880026,0.00259171654631834,0.011044039586219,6.46676000443083e-06,4
"19946",5.55437148642022e-05,5.11006220611889e-06,0.0115637963179025,0.726164071628263,0.256478430107033,0.00354081120211676,0.00218400203814325,8.23492947077372e-06,4
"19948",0.999985301377591,1.08009623341773e-08,4.38651821474838e-07,1.02370447378138e-06,1.31434448283892e-05,4.00656765226193e-08,4.19504772783309e-08,4.1697387517124e-12,1
"19950",2.45525426920567e-07,2.84897575556604e-07,0.99881187299567,1.11997107725374e-06,0.00118608800232442,3.77524486157646e-07,9.70498563565938e-09,1.3784543997206e-09,3
"19952",0.999985301377591,1.08009623341773e-08,4.38651821474838e-07,1.02370447378138e-06,1.31434448283892e-05,4.00656765226193e-08,4.19504772783309e-08,4.1697387517124e-12,1
"19954",3.26673032986467e-05,5.19861973575527e-06,0.000402597518858692,0.00514110433935102,0.994371599012605,4.58216921898672e-05,9.42375257202324e-07,6.91387037703814e-08,5
"19956",0.00781236168970173,0.00203587813590887,0.646720084580538,1.94251440615637e-05,0.236381785382352,0.107029917670778,1.91268692350541e-07,3.56127966624865e-07,3
"19958",4.58743871728149e-08,0.993544545105481,4.25142599633559e-05,2.73534285558872e-05,0.000133243958422946,6.30070078729613e-08,7.13249338317733e-07,0.00625152111684349,2
"19962",0.00027039115262929,0.000264247891466121,0.249623345690641,0.173112253210355,0.522125810389868,0.021506274533062,0.0320766663723048,0.00102101075967447,5
"19964",0.0112316929108633,1.92208693949559e-05,0.00598687604549734,0.724284906430579,0.257669858035409,5.42024861128605e-05,0.000752532602312846,7.10619830777934e-07,4
"19966",0.00418578536552417,2.30168101866275e-07,1.36085760630541e-08,0.0756410906677568,1.16714629764457e-05,0.0286940737540694,0.891365303952724,0.00010183102027178,7
"19969",0.00792692944433619,2.56213663906251e-06,5.62365605232163e-05,0.00522526539460751,0.98276591805446,0.00401435928230268,8.63778732428445e-06,9.13398070887539e-08,5
"19972",0.17228319742684,4.39532188944769e-05,0.0733562587210486,0.0643993918818891,0.689844962941597,6.33355870066111e-05,8.87644983680871e-06,2.37728873698346e-08,5
"19974",0.0350560885780883,1.38121064330389e-06,0.860246004808001,1.79250584840276e-05,0.104677168560399,1.42424872952467e-06,7.50709449917958e-09,2.85604527309768e-11,3
"19976",0.000187003512712644,7.15866116670928e-06,0.0457141797659007,0.430356210286466,0.521072078216583,0.00238113862469744,0.000281099936481729,1.13099599159459e-06,5
"19978",0.000171277083768871,4.66465038725677e-08,7.25771496638817e-05,0.96551725822738,0.0174681160545537,0.000162720310511383,0.0166071947041311,8.09823486712965e-07,4
"19980",2.15240169593169e-05,5.99114580181748e-06,0.135971285125909,0.000155820524123203,0.863826504960129,1.88044510785821e-05,5.9905353340897e-08,9.87064522326650e-09,5
"19982",7.1500735162789e-06,1.74222777499015e-05,0.85838895715653,0.00028811984984636,0.140369806639419,0.000921747574957933,5.99300079563467e-06,8.03427184633595e-07,3
"19984",1.70865905623715e-06,2.483450780693e-08,0.999835009382086,4.31352381553991e-06,0.000157456153568959,8.44335793781828e-07,6.40771237801911e-07,2.33993390718004e-09,3
"19986",1.90807675976753e-07,4.68907148193338e-08,1.09417023219503e-09,0.0295921876879564,9.17172068820461e-08,0.00461314764245291,0.963798426262061,0.00199590789776126,7
"19988",2.22885020760823e-09,7.31204928443726e-09,2.48867209034958e-10,0.002246710063878,2.1491722603243e-09,0.000244390670514438,0.994482726358452,0.00302616096821624,7
"19992",1.97551226687446e-09,7.66429381512511e-09,3.74985454272472e-08,0.00260990367115051,9.91200739136011e-08,0.00849286987926775,0.985540198824056,0.00335688136710054,7
"19994",2.52794561097855e-05,3.73427697920981e-05,2.05596979513195e-05,0.0395102607437728,0.959938626316094,0.000456518221797011,9.28350403021072e-06,2.12929045259053e-06,5
"19996",2.41514266532014e-09,1.62510304136329e-09,3.23083443306945e-08,0.0176598961629617,3.06470154785809e-07,0.000313065141794595,0.981375886667631,0.00065080920886817,7
"19998",0.421394905146378,1.89097314624342e-05,0.00481650832140375,0.0106766289909416,0.0862382273809422,0.473194237302495,0.00365303781504569,7.54531133108683e-06,6
"20000",0.00178416778441577,0.116156562092098,0.000200562682995257,0.000212342656006575,0.701757443522909,0.179758812061624,7.5726541237517e-07,0.000129351934539118,5
"20003",0.000542222259337295,0.000121233578522482,1.10731631305649e-06,0.11334857757493,0.877354504573048,0.00847462285943069,0.000134058755374151,2.36730830443696e-05,5
"20005",0.00125654131418357,3.36723792443494e-06,0.0218924125701746,0.000284389496309581,0.976550281476094,1.29813349292005e-05,2.5955999139036e-08,6.14386026286021e-10,5
"20007",4.80434876137034e-06,1.71708623748873e-05,0.000264767918129047,0.784979227142539,0.0284736150489822,0.171367372463237,0.0143289730764212,0.000564069139555421,4
"20009",0.000227647578163969,4.4550486567512e-06,0.000223483181059225,0.122410785027106,7.16159385622219e-05,0.000873717866877744,0.875159351792017,0.00102894356755789,7
"20011",0.031210772965616,2.37594085834421e-05,0.00968527824860946,0.28852580838013,0.669784675514543,0.000690298196976798,7.91632650763596e-05,2.44020464223532e-07,5
"20013",9.00069214481703e-06,6.73925111846007e-06,0.0992640458681174,0.0049958107319179,0.881649014696739,0.0140665637428474,8.12880430136794e-06,6.96212814196886e-07,5
"20016",3.93235644913314e-07,3.84982510320093e-06,5.19399161659214e-06,0.0635507513731617,7.36891626928133e-07,0.00441419177042564,0.911018721526719,0.0210061613857025,7
"20018",6.85141785152872e-10,0.000398727019919362,8.50241821154252e-11,2.58427386947326e-06,1.04732173372345e-10,2.77163343416933e-06,0.00484947314983443,0.994746443048044,8
"20021",3.62677106946662e-06,9.72873857493609e-07,3.04804718781595e-08,0.81868341182506,0.00156686181503554,0.00041335248673937,0.178365129271316,0.000966614476450092,4
"20023",7.14531182725015e-06,1.02769493570262e-05,3.73341923575792e-05,0.881882095225648,0.00900522357408316,0.0396757659865582,0.0686775237383486,0.000704635021820334,4
"20025",1.48675684588073e-07,0.000691988574516772,1.15867338145331e-08,0.00729456832964002,6.42253568397725e-07,0.000217852951838048,0.265404511736502,0.726390275891517,8
"20027",0.346845907059894,3.07123280213341e-05,1.17195497738994e-05,0.00256942583145666,0.640346645958104,0.0101937817947624,1.7812354579719e-06,2.62425296847984e-08,5
"20029",0.00729231971013148,3.18442344552442e-07,0.00736208458837111,0.000350754314865563,0.984662155483372,0.000332046659952654,3.19822141718914e-07,9.78820640734264e-10,5
"20032",0.00431846610105835,3.72860457226614e-05,7.55386940419781e-06,0.00329078664744373,0.992029687174441,0.000314989278307638,1.11778368774652e-06,1.13099935256507e-07,5
"20034",0.999933400343562,9.88430887487689e-08,8.92642562844959e-08,1.38428864099434e-05,5.22871525056223e-05,1.35336387558144e-07,1.46134703192158e-07,3.90867015243347e-11,1
"20036",0.000101513552515547,3.72567376136812e-06,0.00999352457785252,0.000191802730473045,0.017751631440359,0.971698598528574,0.000251966161896102,7.23733456879622e-06,6
"20038",1.57891746035698e-07,3.23600470710497e-06,1.0923364338163e-09,0.107592762570171,3.22747541221883e-05,0.293214932513247,0.546641725453964,0.0525149097197054,7
"20040",5.66317908326356e-05,8.86545671550504e-05,1.64354668080886e-06,0.0515611559889545,1.69534584169394e-07,2.84049644861178e-05,0.933152755013375,0.015110584593932,7
"20043",5.10074398119971e-08,1.52737653029011e-07,2.56016565818638e-07,0.061360581305174,0.00057352229126507,0.0113696337310629,0.916190384346114,0.0105054185647254,7
"20045",1.83950402556576e-10,1.30848523769991e-07,1.42216391053224e-08,0.00194295179542705,3.6184837315531e-09,2.95803893618992e-05,0.956458112935278,0.0415692060073357,7
"20048",1.16203347810944e-07,9.39721016968607e-08,0.999983484838425,8.63739135405899e-08,1.61515604362901e-05,5.85394358398615e-08,7.76698224525103e-09,7.45357103115801e-10,3
"20051",5.96306795455135e-07,0.000133223153313779,0.0122671329461715,0.118490839940996,0.591072769976162,0.146893578540081,0.0859441730339482,0.0451976861025318,5
"20053",2.49293872771739e-05,3.13756310874912e-07,6.32736422520583e-05,0.91613738292534,0.000822277883406861,0.000906181784400099,0.0820084183937928,3.72222272207127e-05,4
"20055",5.8947410947043e-06,0.000263767862499506,4.30966726646358e-09,0.050297943104576,0.0016126818732352,0.891453609463238,0.0212169838287214,0.0351491148169682,6
"20057",8.75816244149513e-08,0.999955217505051,4.39113963229037e-06,2.28454708527245e-09,3.59682818782259e-07,9.72678566423298e-09,2.12801355193172e-10,3.99318667389776e-05,2
"20059",8.1890942702335e-05,6.65083764294439e-05,4.453026406915e-06,0.942135591886133,0.000502049671181909,0.000472718846702529,0.0562883860446905,0.000448401205753949,4
"20061",4.66972160666436e-05,2.89515466701264e-06,1.6977225746405e-05,0.976556624771216,0.00411988095348723,0.0017158867295765,0.017505559481269,3.54784679709296e-05,4
"20063",0.000301858031623478,6.83754783144184e-06,0.982923343396894,3.01399064396215e-05,3.04231923097517e-06,0.000184706703314254,0.0164937005974224,5.63714972437526e-05,3
"20065",1.0982166027898e-10,9.86466181640665e-05,2.1729738330964e-12,0.00027017046592801,2.91478850973555e-08,7.96878356394702e-05,0.0112493589091207,0.988302106911268,8
"20067",2.21883690262781e-09,4.14517624946103e-06,0.00018662527994333,0.0657592699690258,2.97863269745701e-05,0.00195769685634972,0.83376458131635,0.0982978928562699,7
"20069",7.93118380825471e-06,7.05011137075483e-06,0.388317279543084,0.000161746628145933,0.611468271893881,3.75567483228488e-05,1.36817740193175e-07,2.7073646667815e-08,5
"20071",0.00110144559329098,8.12238619487024e-06,1.21823843942334e-05,0.00433002234352623,0.00071760719758087,0.993606883576753,0.000219982791792783,3.75372646697287e-06,6
"20073",0.000315625949743022,7.51883512518609e-07,0.911048538302205,0.00453873419735,0.0840667408413073,2.38482207218686e-06,2.71897377769859e-05,3.42660326773524e-08,3
"20075",7.88324708954492e-09,0.946730221804783,1.87351435737135e-07,5.32681885363961e-07,3.80687093355909e-05,0.000514023089773911,1.98195381769615e-07,0.0527167602841579,2
"20077",2.80444471161966e-06,3.92285282834426e-08,0.000194262411289749,0.08490533329491,0.00099212491048091,0.732821037363788,0.181014945654348,6.94526919439821e-05,6
"20079",1.40433089134829e-05,5.13479690047945e-06,0.862348605466009,0.00462762688917529,0.0334067229062467,0.011502750492487,0.0865392948811179,0.00155582125915084,3
"20081",8.59540158301875e-09,0.000356058004029476,2.77949487194648e-06,0.304957913950914,0.000853429402045287,0.0475786099827531,0.162928926604551,0.483322273965433,8
"20083",0.00103990949376782,4.75015050711399e-05,0.834988301395614,8.14647976159586e-05,0.00288814015370389,0.160405044233909,0.000519950321432044,2.96880988870798e-05,3
"20085",6.90082618024503e-10,2.26196205129966e-08,5.2752360703924e-11,0.00136899495593202,5.21663211991164e-09,0.000474107770522972,0.972969461872482,0.0251874068219755,7
"20088",1.65477521839168e-08,1.92237897176968e-07,5.38760766246256e-08,0.0792210922167256,4.42111935367047e-05,0.00509849593125208,0.902393652156012,0.0132422858407478,7
"20091",5.00264797744035e-10,0.137937915637748,1.62742290501636e-06,0.00159964664911212,1.25626686234317e-05,0.000293253728139405,0.000168542979373574,0.859986450413833,8
"20095",0.026164213431937,0.000155421586289607,0.806784203751459,0.159173957235345,0.00208308014463422,0.000371641317242421,0.00525812940848261,9.35312460989477e-06,3
"20097",3.14275466686739e-10,1.28939103602468e-07,8.22118742474702e-11,0.0013561539933639,1.16961972819906e-08,0.00192002042151057,0.899193734960763,0.0975299495925747,7
"20099",0.107448000921462,3.86821238792085e-08,0.00245252537349703,0.402048670811485,0.000260112308997508,6.78618720324619e-05,0.487721615040823,1.17498957850655e-06,7
"20102",8.17858189185239e-08,0.0181650171559278,0.976138673464492,0.000516705054023217,0.000398707621113367,8.93235053414245e-05,6.86382281293323e-05,0.00462285318515406,3
"20105",1.48764397297746e-07,1.43382081041294e-07,0.000406005460405221,0.161932031637772,0.00118489645585715,0.00110305693848505,0.832665061636043,0.00270865572495949,7
"20107",6.66472615887619e-07,7.25671815345546e-08,2.75736397049671e-07,0.370466766040468,3.82003930218981e-05,0.08345075663943,0.545496420913813,0.00054684123707282,7
"20109",0.000532666924235119,2.47693165807647e-07,0.201345920130114,0.577215235927899,0.00620401977012965,9.66301825457583e-06,0.214683028921628,9.217614573471e-06,4
"20111",8.10407308503987e-07,0.974708940020284,0.000353243344859823,5.62256860154387e-05,0.0244091965360811,2.52626715383439e-06,6.71033286473995e-08,0.000468990634968302,2
"20113",0.00411412234765955,7.73880138755202e-07,1.45771963115127e-07,0.172090636587002,0.000464178354638583,0.763056884996367,0.0602485062151654,2.47518470655515e-05,6
"20115",0.00309016860295992,0.00874289505132991,0.000187499380387987,0.00481422967422573,0.983151344335167,1.13553253244505e-05,5.68414893082888e-07,1.93921571199309e-06,5
"20117",0.228324599122645,0.64903753076745,1.60677367714023e-06,0.0382119610372839,0.00010529209931621,0.0108156799926175,0.0229424310602791,0.0505608991467309,2
"20119",0.0196586525050103,7.49764315769965e-08,5.78840381717337e-09,0.0531523583771515,1.26866213156653e-05,0.034223527588362,0.892907774133903,4.4920009422558e-05,7
"20121",3.00504265430293e-07,1.19754421286611e-07,6.63477370629239e-09,0.100914127976858,3.09396205729083e-06,0.0531211172881656,0.843864031934043,0.00209720194541602,7
"20123",8.23783022881461e-10,0.0311735385035523,2.13743390953022e-09,5.23328784127332e-05,1.67937557348675e-06,0.000850301709088445,0.000162294878260795,0.967759849693895,8
"20125",4.86292270679861e-06,2.12006914416966e-05,0.070789117120733,0.0017704837624705,0.926615325602461,0.000797544655417499,1.16236692260583e-06,3.02877846759622e-07,5
"20127",3.89875194813107e-09,3.92797609271926e-09,1.76349523524089e-07,0.00152847948238055,1.16462114877155e-07,2.22020944927429e-05,0.997429775383542,0.00101924240121843,7
"20140",1.24074245522933e-05,0.000751971589019506,1.02689711183949e-08,0.00373614126428947,0.000450500439027467,0.992693588895552,0.000616944126971095,0.00173843599161726,6
"20142",4.98416020146851e-07,8.9923791029287e-07,0.996044593195709,2.42116723302358e-06,0.00394755148617729,4.01861287173697e-06,1.49182830410865e-08,2.96579610375916e-09,3
"20144",2.39182098411944e-05,0.0684730476613332,0.00441016206700067,0.00088415986622239,0.910383946163561,0.015778431861377,5.13391167312899e-07,4.58207794976291e-05,5
"20146",2.02550960607006e-05,0.000383565159523502,0.347636145974602,0.00266761923339413,0.259227042541893,0.389759510999932,0.000187774345875768,0.00011808664871821,6
"20148",1.01533584529714e-05,6.14126382909382e-06,0.000115966658891941,0.0196626128167876,0.943118536201323,0.0368254048628956,0.000243592435664256,1.75924021554888e-05,5
"20150",0.00192855226200013,2.92085628656701e-06,0.329442831441868,4.93840672778774e-05,0.668571581853026,4.71599406212706e-06,1.32265930513435e-08,2.98886362614534e-10,5
"20152",6.13641854036772e-05,1.11129647326252e-05,8.9946273887453e-05,0.104897191636992,0.85248837422129,0.0408395064269585,0.00157674644760508,3.57578431310203e-05,5
"20154",7.24850347163581e-12,0.000132843019908807,4.15062280623117e-07,2.42731408294133e-05,1.43945841733414e-07,5.17721522759239e-05,0.00405642597743861,0.995734126694176,8
"20156",3.39801368283539e-05,0.000401923078353112,0.0285254345485599,0.545210063652577,0.00821541884134056,0.396966664660232,0.0197192325119497,0.000927282570159451,4
"20159",4.76980768651569e-06,1.35252622040922e-05,0.512897037721407,0.000140256806595927,0.486838603718587,0.000105615582278641,1.41076043454749e-07,5.00251971017912e-08,3
"20161",4.17569504665401e-05,9.24322747213803e-06,0.995711818577221,9.60497701191367e-05,0.00297670932599769,0.00113864777669324,2.49747189074089e-05,7.99653122853799e-07,3
"20163",0.000700610385687015,0.000249350291100322,2.08649781562394e-06,0.126288800520727,0.867616576980168,0.00138490367776127,0.00336315975435074,0.000394511892390701,5
"20165",3.07606197791026e-07,1.30466908543608e-07,0.996770804850227,0.000796685592677097,0.000171211169213862,3.59378122565291e-06,0.00225170855236691,5.55798118330699e-06,3
"20167",6.69835648962747e-06,5.23615068105783e-07,0.00542689409140348,0.0242016130492276,0.969829739933173,0.000440808333935898,9.28760280856133e-05,8.46592616617375e-07,5
"20169",1.42104381969285e-07,1.58958802509993e-07,0.999905581451681,1.93808411968003e-07,9.36728485058057e-05,2.43693137003291e-07,6.34364940668686e-09,7.91430267876623e-10,3
"20171",5.96815725406196e-12,0.000352207315370444,9.58970578869069e-07,4.87652463649245e-06,8.87919385527589e-09,6.00047370488407e-05,0.00225244242926119,0.997329501137942,8
"20173",0.738535115552276,1.80531106940402e-06,0.207676537158381,0.00501271854884892,0.00024936071636517,1.66262207358743e-05,0.0485066637427639,1.1727495597424e-06,1
"20175",0.000215255044142729,3.2269307400218e-05,0.00737189237651309,0.0752701379018359,0.914952215119249,0.00214299924995609,1.4810885711667e-05,4.2011519085291e-07,5
"20177",0.503631324382114,3.82297137834442e-07,8.51667807753657e-05,0.24178056543314,0.000504884609874165,0.000542626101494201,0.253453628836363,1.42155910114803e-06,1
"20180",2.49925468058529e-06,1.7747224844127e-06,1.79859118434764e-11,0.077657878587063,1.83860874113879e-06,0.00380705468346229,0.903664140715472,0.0148648134101106,7
"20182",0.00136551802350641,0.00562862938345152,0.992871560657922,3.68741736537134e-08,0.000134218425897651,2.55661600983307e-08,5.65102317976804e-10,1.05037856313308e-08,3
"20184",2.93638672677528e-06,6.35144866495255e-07,0.973908867221593,0.000270998103957532,0.0256731329525536,0.000141678638919402,1.7182556581922e-06,3.3295725332372e-08,3
"20187",0.993739217385792,2.07180704564096e-07,0.000690502790196369,0.00253005375219139,0.000312577228121166,0.00233761901952745,0.000389816587394803,6.05607245831856e-09,1
"20189",0.00579507478930736,4.8101019159491e-08,1.62334644836661e-06,0.897268067035442,0.00619357765652633,0.000182062649581897,0.0905573683624762,2.17805919829923e-06,4
"20192",0.0167709780871066,0.028037978025424,1.52354484672432e-06,0.234861698702008,0.000963866179688321,0.000141841818126713,0.605255968363063,0.113966145279737,7
"20194",0.133018206563729,2.73791042971153e-06,0.697417901540701,2.90022221734114e-05,0.0511121418045859,0.118414901618763,5.09367840759298e-06,1.46612102162456e-08,3
"20196",4.764639724442e-09,2.32587210612869e-05,1.94060562268213e-08,0.00575424752041681,2.04870389604027e-06,0.000785793694223613,0.231171937589917,0.76226268959979,8
"20198",0.000240497663464179,0.000685271527091103,0.000418907207913388,0.546922423867504,0.264862117673094,0.163994958966276,0.0218993552629017,0.000976467831755685,4
"20204",9.29145827340694e-06,3.24817460420419e-05,0.361210324156723,0.00028003620110553,0.638456010842078,1.15983401549772e-05,1.72063380735821e-07,8.51922418294159e-08,5
"20207",7.82389713915297e-10,1.84325330229317e-05,1.43249726671042e-05,0.0120657641074836,1.1965914370775e-05,0.0156201423946946,0.513945882506745,0.458323486788627,7
"20209",0.0140842977373691,0.773762280340793,5.05298519197134e-07,0.00233498559636153,0.20288004528746,0.00674689792882583,1.76733900607675e-06,0.000189220471664829,2
"20211",8.12743521593316e-12,0.00673060013047824,1.47523928564869e-08,3.45814785635989e-05,2.99412761807746e-06,0.0011777584381458,6.10790182101933e-05,0.991992972046464,8
"20215",6.38556590828275e-07,6.75722155204199e-08,4.10509284990844e-06,0.00554896787878808,0.000526591871088137,0.89351390087261,0.099893044991282,0.000512683164575708,6
"20218",7.3437846551982e-07,1.08641382628546e-06,0.981652751564935,8.97602701331106e-06,0.0183342752927313,2.14624512864699e-06,2.52987212722896e-08,4.77917858954545e-09,3
"20222",9.48698189937006e-09,2.27514965818753e-05,3.49523831235803e-05,0.0156732816889389,0.00135144704383983,0.0327752260182892,0.560166349478694,0.38997598240355,7
"20225",0.00013806838712131,0.000899180965509527,0.0144190695723702,0.000194357838159911,0.953651413985888,0.0306898670620562,2.81316140920817e-06,5.22902748524427e-06,5
"20229",4.50719373386161e-06,6.80301047659777e-05,3.25836290113881e-06,4.33066911617909e-05,0.00107921067534701,0.998746301987469,9.73616549095051e-06,4.56488191301575e-05,6
"20232",5.00539364624039e-06,0.00012052486980512,2.92760128921617e-06,0.506882311116237,0.003934522851799,0.468885258353155,0.0172103236481428,0.0029591261659249,4
"20234",9.14957213429523e-08,2.36944004892344e-05,5.17333200241524e-11,0.00115260997512132,2.4169313798384e-09,5.14907497719199e-06,0.758311557738304,0.240506894846722,7
"20238",3.44758048425382e-07,2.1802442589406e-06,6.44799379773769e-06,0.425626071671075,3.12234724471194e-05,0.0096249568348004,0.560328637533403,0.00438013749216921,7
"20253",1.89248653799771e-07,1.87926454161258e-08,2.35176781805949e-07,0.00202090857191477,3.64371619520618e-06,0.514937798392255,0.481922097497441,0.00111510860411379,6
"20255",1.15667270532971e-06,0.000281851872066683,0.00010856701874316,0.00379568544122838,0.993613080407687,0.00218312114001035,1.60786622995277e-06,1.49295813293565e-05,5
"20258",3.50958895949098e-07,1.71310104500577e-08,9.95808546875655e-09,0.11118714074738,8.21846183932505e-06,3.20506634272232e-05,0.888448474947061,0.000323737132300949,7
"20269",1.19584815090303e-05,5.31797244898446e-07,0.0215304299661855,0.775338207858752,0.00613125113508775,1.33103815567334e-05,0.196901896065564,7.24143141003871e-05,4
"20271",0.00620322874594579,6.02209404498723e-08,3.58436788425904e-08,0.144587058771614,2.17786221268153e-05,7.00347850676805e-05,0.849103535312727,1.42676978999748e-05,7
"20285",0.976268398750974,4.91595767666851e-06,0.000499898861800937,0.0015775934774066,0.0137839159408519,0.0075004901732753,0.000364609300078144,1.77537935880927e-07,1
"20288",1.06343521162856e-06,1.23166776095206e-06,1.90672212786612e-05,0.091937449594135,0.000957885917701471,0.837215834693242,0.0689948295450784,0.000872637925591748,6
"20291",8.47078839449765e-08,0.00195514079973348,9.76155784387593e-07,0.338464171007515,8.28556101897507e-06,0.00288411701089381,0.155899762864735,0.500787461892435,8
"20295",0.0753693030734775,1.41877562603921e-05,0.00564822641768307,0.757495638785306,0.0145428211097467,6.61278498386492e-06,0.146896044522258,2.7165550284237e-05,4
"20298",2.43752460155058e-05,5.63189580293102e-06,0.00120334924493717,0.000274462664638377,0.9983143334852,0.000177741504321843,8.71821028105417e-08,1.87769813192358e-08,5
"20302",0.00164152163663429,9.54722491705172e-06,0.633040527336015,0.0069960343803835,0.35825044653015,3.61891849408328e-05,2.56118460412551e-05,1.21860918385264e-07,3
"20305",0.000760624510221867,5.3893032767139e-06,0.000143592135767338,0.000273584077135323,0.998779965687215,3.67697626847663e-05,6.96019568418771e-08,4.92174207753448e-09,5
"20307",3.38247562112469e-09,4.06095154277787e-08,8.6747977618624e-09,0.0621053837809368,6.87386598257035e-07,0.000875114544698981,0.932591792996232,0.00442696862474495,7
"20310",1.54240667356108e-08,2.96169564184707e-08,1.25545825067242e-09,0.00077017951659778,1.92229744817633e-09,1.9764215862467e-05,0.994023345616122,0.00518666243263869,7
"20313",6.11328486251412e-06,7.10107853890282e-08,0.999530107366635,1.94656340808753e-07,0.000463459622153235,5.28426182991245e-08,1.18729689909865e-09,2.93080195823674e-11,3
"20315",7.28808240643903e-06,9.20191161333535e-08,1.70364666134275e-07,0.260717103339753,5.34733685140683e-05,0.0109244544774523,0.727944759863503,0.000352658484589398,7
"20319",4.86355819297367e-09,6.56038210154667e-05,5.71964477525278e-09,0.000305355551267932,2.55781022060339e-06,0.00422313347668004,0.0772633519671271,0.918139986790486,8
"20321",1.39755888073078e-07,2.43624598647838e-09,1.41512573887044e-06,0.00583624410834984,1.96986345012047e-06,0.0023522123259621,0.991628212795272,0.00017980358909338,7
"20327",8.09673479166903e-06,4.03952057258819e-09,3.34126092064436e-08,0.153914978993497,1.51343939491234e-06,1.19198432882128e-05,0.846040986329629,2.24672072697644e-05,7
"20329",0.999939493882807,8.77550111409459e-09,2.16536464939695e-05,8.99191170182938e-07,3.66401975095874e-05,1.28952012493478e-06,1.47855575193413e-08,8.35248508271988e-13,1
"20335",4.34729717169937e-11,6.68541036223532e-06,1.58727673554963e-07,0.00844469309814093,2.27043969339725e-07,0.000153968377412069,0.320815310476727,0.670578956822242,8
"20337",4.51629753795917e-06,1.1431711334345e-05,0.139245477599365,0.000294633563729061,0.860400432188606,4.32582689211303e-05,1.8253456759795e-07,6.78359380918982e-08,5
"20339",0.000174488110355641,0.314677471342278,9.44699373936744e-07,0.000524593606065611,0.0023175801703976,0.529281177828186,0.000831575611492986,0.15219216863185,6
"20341",1.45390399217748e-09,0.0151021427088076,0.00036955312144965,0.00149753013740919,2.46114899631711e-06,0.00227315147193038,0.00695565911411685,0.973799500843386,8
"20343",6.52869678668762e-09,4.8412669852547e-07,1.52769504124797e-05,0.0015197006065677,2.56000163201587e-07,0.000175443819887691,0.974823896788372,0.0234649351792018,7
"20345",0.0265558922213576,6.82414207501365e-05,2.46506544613614e-06,0.0846292452128132,0.878395416230158,0.0102656051681199,8.15175141002903e-05,1.61716725511524e-06,5
"20350",0.000108480136241659,0.000994314080826247,0.000715023086316628,0.000907480007775111,0.000871627619759768,0.992112844547023,0.0033392214621232,0.000951009059934047,6
"20352",1.23836704899432e-07,7.74975890309791e-08,0.99976275899139,8.94845767399765e-07,0.000235995012449285,9.94695888650518e-08,4.79335024014176e-08,2.41300821490393e-09,3
"20355",4.56091185932556e-05,4.81922038418172e-05,0.987002169276842,0.00192948659241133,0.0104737818518263,0.000328880999458977,0.000165470620395983,6.40933663004083e-06,3
"20358",0.972799023414638,1.20203443005614e-07,0.00568918367958573,7.64720968902036e-06,0.0214901200863825,1.35276494933525e-05,3.77640103949559e-07,1.16664880578816e-10,1
"20363",6.38268601361036e-08,3.64191284844852e-09,1.70579382757804e-06,0.0232842113454493,1.94899777331189e-05,0.004582038211177,0.971731276706338,0.000381210496702562,7
"20365",4.99688769990003e-08,0.00317696047865316,3.01183480257124e-07,0.114378400949359,0.00402659226648485,0.0713645181939945,0.0290066894154473,0.778046487543704,8
"20379",0.000155328627716738,0.0095035866805929,0.000526581188508054,0.0256055881466072,0.963970531371285,0.000230878073416981,1.61569665995517e-06,5.89021521281568e-06,5
"20387",2.19077288814333e-08,9.88774492631868e-07,7.32442723255888e-08,0.330198034855593,6.47938734029088e-05,0.000243588893984011,0.654958587661639,0.0145339107888868,7
"20392",5.25557055256299e-12,0.00179693027625028,3.84745916314562e-10,2.81736481284933e-05,4.28887796702219e-07,6.72845823186105e-05,0.000137503487687561,0.997969678727817,8
"20395",1.82667059788407e-05,2.42723662065491e-05,0.000598820865079779,0.0602865555379832,0.554375628204309,0.38428170121811,0.000392374468160046,2.23806341728265e-05,5
"20397",0.997709060384168,1.45886280565389e-07,0.00227443745184483,5.85131982652262e-08,1.62597550395303e-05,3.57442692740513e-08,2.26339245389495e-09,1.80725839059913e-12,1
"20410",0.000112791000046585,2.79200700014691e-06,3.33671739574722e-09,0.804216345787921,0.000957778843650842,0.000808976197936265,0.193124726112186,0.000776586714542065,4
"20414",3.77553526819781e-05,2.28097364943807e-06,0.167318671523147,0.00426826994315496,0.828339308114671,1.19683498397239e-05,2.14452697211327e-05,3.00473135459497e-07,5
"20417",2.90105232678627e-06,0.000680695733995144,4.76988544614166e-10,8.61482463501019e-06,9.41432786637193e-10,5.41627003106452e-05,0.15294009974406,0.846313524526251,8
"20419",2.58701071176354e-06,6.15417032414467e-11,1.40132787077805e-07,0.0168194300810196,4.52883647827854e-07,4.89080133079068e-05,0.983124901206643,3.58061034068534e-06,7
"20421",2.1747575217394e-06,0.0283292453662664,0.770395892490513,0.0399692412780335,0.160218522811032,0.000465369810912238,4.70714948451045e-05,0.000572481990876,3
"20423",2.85648292733817e-06,0.000236681304654806,0.317073618114426,0.00405017483366493,0.678536422601926,9.71371012633623e-05,1.54604543969566e-06,1.56351569804508e-06,5
"20425",8.33324511296838e-07,4.82180542044548e-05,0.638420218347747,0.000404979105093432,0.334266287269808,0.0268315311724902,1.08579120551084e-05,1.70748140901058e-05,3
"20427",3.45787881063244e-05,1.41741236379316e-06,0.000120339246565078,0.314537039735664,0.678005309458583,0.00546683298930766,0.00182670395213539,7.77841727462911e-06,5
"20429",5.07418504236065e-05,1.6184010029148e-05,0.000162654577697639,0.0934283948823051,6.81153941890279e-06,0.0166345970394328,0.886124256741327,0.0035763593593655,7
"20432",0.000316101630914459,4.8908927763274e-07,0.720570887334663,0.000129060377653114,0.278976656997031,5.82965774844357e-06,9.71125789131554e-07,3.7869230597067e-09,3
"20435",3.3787279471976e-05,0.000465708239421176,1.25035561389206e-06,0.900791135258441,0.0145499756583288,0.0453004290908512,0.0336110565652844,0.00524665755258755,4
"20438",1.31789246044046e-05,1.96209592785221e-09,0.000119947924148958,0.00957672012325965,1.47867309879767e-05,0.0262250227696378,0.964034699588172,1.56419770929294e-05,7
"20440",3.30745187367785e-06,1.22075979620768e-08,3.89538319400363e-06,0.104407050825394,7.23296812830358e-06,1.04417358002014e-05,0.895506131647374,6.19277806371577e-05,7
"20443",8.13443772692729e-07,2.67659233751907e-06,0.999312842390007,4.87763697575869e-05,0.000215106211740334,0.000415571340745093,3.92431035969208e-06,2.8934128069836e-07,3
"20446",0.00189106137167026,5.84803464726857e-05,0.0031532619444916,0.377300471266931,0.397483701141799,0.0104035665261965,0.208136113883375,0.0015733435190641,5
"20449",1.51912950582691e-05,5.91194452568475e-05,2.08347220095403e-06,0.201623792975478,0.0078457548293081,0.774002146325876,0.0148467397463495,0.00160517191047275,6
"20537",2.78887836086871e-07,0.00554136962440451,6.77563057758588e-05,0.465975869803605,0.000869439946932717,0.000392811464949863,0.119976808172617,0.407175665793879,4
"20540",3.07898754415664e-10,0.0179263514996487,4.17850964751723e-10,0.000775019375176693,2.25547396306988e-07,4.41818494589391e-06,0.000791165065952686,0.98050281960113,8
"20543",6.21052669419831e-06,1.92345800083578e-05,0.000656716302030996,0.875792441784773,0.120709529792703,0.000540572799724645,0.0022126560090806,6.26382049851821e-05,4
