"","V1","V2","V3","V4","V5","V6","V7","V8","result$classification"
"19811",0.96511141449647,0.00036591300816951,8.9295079679351e-10,0.0325739925483824,1.41132836325621e-07,0.000393901666791833,0.00153481651331657,1.98197410825657e-05,1
"19813",9.68018759786453e-06,9.46626678523473e-07,7.61555763081676e-12,0.999988632209335,2.03570226885172e-08,2.18595756608895e-08,6.3763122421695e-07,6.11209504046495e-08,4
"19815",0.957289510166482,0.0124215259120095,3.54840662633754e-05,1.05551545976998e-06,1.39281866743061e-05,5.97835073384215e-06,0.0287013044614403,0.00153121334093703,1
"19817",0.99317625314416,0.00321731782611873,2.61593482007743e-07,3.72434216620707e-06,3.18145411856482e-07,0.000305850735349244,0.00320190697830631,9.43672350057498e-05,1
"19819",2.66039259094783e-06,0.110171905579828,0.655831403389171,8.32743248867879e-11,0.233900962543817,1.15485238523667e-07,1.64227468813896e-05,7.65297791997121e-05,3
"19821",0.971005663121923,0.00525177739568394,9.86015871605638e-09,0.0107539872714079,1.40600575023926e-05,0.0125147874875364,0.000458861882773039,8.52923014380565e-07,1
"19823",0.423268948889257,0.00249704062776653,0.00110637008086636,9.41734615401457e-07,1.47705013249625e-06,5.75084648382462e-05,0.00037162489634135,0.572696088256182,8
"19825",0.000736564987232889,0.00822135864545519,0.000120358437950702,0.00295565364947204,0.0826355384933632,0.901969964610232,0.00335384296430159,6.7182119922112e-06,6
"19827",0.657411048276222,0.00336598567477007,4.47669207123779e-06,2.69816320658263e-07,2.43481426455708e-06,0.338928198617671,4.56068347962111e-05,0.000241979273883929,1
"19829",0.000352981812655082,0.893985777232039,0.000132336640553016,1.72869339126426e-06,0.0999758834701715,0.00535845476372442,0.000192717270651712,1.20116813800814e-07,2
"19831",2.13034661319175e-05,0.773424069912463,0.111134526097413,3.71829031081104e-07,0.112389925201725,1.80561180221326e-07,5.38325390230635e-05,0.00297579039303296,2
"19833",2.68811645451785e-07,1.00028005677584e-06,0.155978121310343,1.6838513525009e-06,1.52562604237267e-05,2.06325265927244e-05,0.0018034052127247,0.842179631746861,8
"19835",0.971005663121923,0.00525177739568394,9.86015871605638e-09,0.0107539872714079,1.40600575023926e-05,0.0125147874875364,0.000458861882773039,8.52923014380565e-07,1
"19837",0.963127059573544,0.0179654902063683,3.91955346538381e-07,1.85404949246961e-06,3.1469389812865e-06,0.0188180827524762,6.5895160566073e-05,1.80793632247266e-05,1
"19839",0.00132203618357523,0.655867532188294,1.4517402757763e-05,0.00155572561444074,0.308727460314907,0.0308829960833267,0.00162884427019074,8.87942508020814e-07,2
"19841",5.71892461312328e-06,1.41678961081386e-06,2.14841678428805e-09,2.37984118131505e-05,2.09297207481912e-06,0.999966941609295,2.75852956628313e-08,1.55888082485314e-09,6
"19843",1.66054836145097e-06,0.0254900665925605,2.39124296954199e-05,0.00976745111506001,0.962232601483361,7.13909611724612e-09,0.00248402514250347,2.75549361782683e-07,5
"19845",0.0615623505200491,1.3692761681413e-05,2.62962009423396e-10,0.938244228734864,2.51000772458017e-08,5.99608741933591e-06,0.000154987526382191,1.87190065646545e-05,4
"19847",0.907910421658571,0.0539679406765388,3.12991824313679e-06,0.00734929627147612,9.61034002249222e-05,8.04196230392266e-06,0.0299883099160426,0.000676756196599045,1
"19849",3.0146697945757e-05,1.07010068078191e-07,1.49587650812661e-12,0.999969485556833,1.67648862162199e-09,5.25758910261465e-08,1.34374191121102e-07,7.21070865743307e-08,4
"19851",0.998065991035158,0.000652933902418803,1.69081459663467e-07,1.01126962796966e-05,1.04543222796895e-07,1.32543525036638e-05,0.000958415238216654,0.000299019150740919,1
"19853",0.917960490522124,1.03844387486052e-05,8.86269712072077e-08,0.00903510165981105,1.39811048530856e-09,0.000152265168511066,9.6929392965664e-05,0.0727447387927576,1
"19855",0.997192167844586,0.000163741379745684,1.27336896233289e-08,0.000524363661923496,4.58356035450605e-09,0.00156384287385841,0.000139727034860294,0.000416139887775848,1
"19857",0.780070744348777,0.180360675258669,6.3044186359411e-08,0.0153722329606579,8.43317537536963e-05,0.0146216340463973,0.00948506550745925,5.25308009940171e-06,1
"19859",0.955709021408944,0.031695026664648,3.83526382602877e-06,9.36347255649633e-06,4.54742133022306e-06,0.00916559020579436,0.00282372284260598,0.000588892720294392,1
"19861",0.883517896386674,0.000379812730317742,3.62540261552734e-09,0.115330338089889,1.41100548405917e-07,1.57315640436986e-05,0.000609909162370694,0.000146167340754399,1
"19863",1.58874499704504e-05,3.15565500223255e-08,3.74452005143082e-12,0.994290291232283,6.13531320739354e-09,0.00569347675164583,2.78715945375577e-07,2.81545475351969e-08,4
"19865",0.00191345652931586,4.30700132416063e-06,9.60806782753617e-10,6.06716307672897e-07,4.73143915138228e-08,0.998078602578303,2.95761260552028e-06,2.12869451484176e-08,6
"19867",0.97622568519514,0.00435491292845605,4.93804694872849e-07,0.00564860287875375,1.09127603362264e-05,1.08997376852163e-06,0.0134689454890156,0.000289356969834794,1
"19869",0.00616806528522856,9.29721515986137e-07,3.35510873008687e-12,0.993808056292342,1.11205547001667e-09,2.12591236885333e-05,1.07614862785503e-06,6.12313186824593e-07,4
"19871",0.869614013905205,0.096059145544325,6.89664347251094e-06,1.30724343578281e-06,1.16374546654112e-05,0.0332811666485572,0.000852356506380393,0.000173476053958934,1
"19874",0.253531811378584,8.26567994195141e-05,1.35658241977062e-07,2.89445552098919e-06,1.09504264585993e-07,0.74592285776623,0.000407259324912566,5.22751128268801e-05,6
"19876",0.859625212141729,3.71570238486811e-05,8.06317018479847e-10,0.000172452656914967,5.31303397883324e-09,0.140142209416755,1.42591976829905e-05,8.70344371841959e-06,1
"19878",0.000186896417421543,0.000163173131178205,1.9152813014695e-05,1.97784518315371e-06,0.00198176096494837,1.08569515534846e-06,0.997644994879143,9.5825395575853e-07,7
"19880",0.00147401994419019,3.13236562589337e-07,5.39013217004211e-11,7.10005333479414e-06,7.35342209498605e-10,0.998518433845753,6.67470895984225e-08,6.53838257047792e-08,6
"19882",0.781964433289771,7.67829636451289e-05,1.00078225567486e-08,0.20755550963523,2.69574786240661e-07,0.000586129885995307,0.00963721962023153,0.000179645022518242,1
"19885",0.884981349581183,0.107011691297744,6.11771676687534e-07,5.76143321866374e-06,3.68748732176184e-05,0.000307376841649841,0.00764969691440854,6.63728690159376e-06,1
"19907",0.926424498903941,0.000965831345350211,6.85133128093432e-08,0.0581623894227041,3.45890939807974e-06,6.88340736953648e-06,0.0143678585697343,6.901092818985e-05,1
"19909",0.000619182745008762,0.985077640211698,4.66775287048126e-06,3.03993926702938e-05,0.0142568043553174,6.44534724688977e-07,1.04270224711611e-05,2.33985239506719e-07,2
"19911",0.00239696316772472,0.967877479967927,0.000131795631559284,4.47215918223608e-06,0.0230096170576943,0.00642906918598364,0.000135848281196112,1.47545487328354e-05,2
"19913",7.95355329286959e-06,1.24118543133686e-07,1.13214522720693e-09,1.49335360028033e-07,1.1694725784559e-08,0.999991729992208,1.35518038377036e-08,1.66219214668735e-08,6
"19915",0.723670670087852,0.000153715806658787,8.64216740563119e-08,1.12862676405589e-06,5.76555154378129e-08,0.27601211377159,0.000120714804741369,4.15128252047918e-05,1
"19917",0.00912316225077527,0.000121264879401226,2.91672817782499e-08,1.25675211557066e-06,5.48010331455874e-07,0.990727405288129,2.47336483731804e-05,1.60000359249553e-06,6
"19919",0.884717619068382,0.00340037140356906,1.31369173247149e-06,7.98703940364131e-07,1.48389701779769e-06,0.107800697222872,0.00397989880180156,9.78172106851565e-05,1
"19921",0.990903856538567,0.00280605883794817,1.26793981034415e-07,0.000154800760976797,1.00667569538316e-06,3.66303981452029e-06,0.00601439325531362,0.000116094097703464,1
"19923",0.00630874783629494,0.000761863636143326,8.3347452742277e-05,7.33526770335648e-06,0.000159748376309595,4.34124455959133e-08,0.99222726637734,0.00045164764102128,7
"19925",0.067181361848029,5.21484482662256e-05,3.97736665316456e-08,4.53262175594487e-07,1.0324024528546e-07,0.932673369682474,8.78746292920329e-05,4.64911585158021e-06,6
"19927",0.998197261660775,0.00133679029576756,7.50084912528931e-08,1.30667710819302e-05,7.38632072830455e-08,6.88134684187756e-05,0.000236951195037348,0.000146967737220791,1
"19929",0.000131762316839019,1.861308625287e-07,8.24990485569222e-12,0.437323577717229,1.196925923165e-08,0.562544332086235,7.93554405292416e-08,5.04158845378663e-08,6
"19931",0.990502787689768,0.00801702206305615,2.5777667005451e-06,4.49230658019097e-07,3.14122334079222e-06,0.000396002176522947,0.000880915909003093,0.000197103940950625,1
"19933",0.0528652670763066,0.93882598816271,0.000209347803263449,9.90021046615066e-08,0.00778585539959249,0.000178453304662215,0.000125281321892713,9.70792946748901e-06,2
"19935",0.757314238530999,0.218368708570428,8.50322916664955e-07,0.000556184973657337,0.00368477130822178,0.000815454196012278,0.0192576212927033,2.17080506158084e-06,1
"19937",0.991673096794483,0.00347596178070093,5.73742755159679e-06,1.38084799980418e-06,1.04300776458955e-06,6.21321476484906e-06,0.00343568094479254,0.0014008859819424,1
"19939",0.742070093859053,0.00203319910485665,3.87393150024302e-06,2.96086953725881e-06,6.25037554859525e-06,0.000705706035402817,0.255118675401692,5.92404224094622e-05,1
"19941",0.00181350903223942,0.838273963830094,1.95567400235616e-05,0.00015627702255721,0.12186869853974,0.0378552881131034,1.12620491761461e-05,1.44467306630589e-06,2
"19943",0.000541641406471906,1.4958804557814e-06,8.9059633805772e-09,4.36772347618622e-08,9.65755732684777e-09,0.999455893137385,6.05055711054744e-07,3.02279220617284e-07,6
"19945",0.011791923040912,0.962156284758382,0.000621714770677242,4.91824233307823e-08,0.022178449782024,8.01731500774077e-06,0.00321268213160041,3.08790189734126e-05,2
"19947",0.00458064673080854,0.256594368670294,2.00628873031475e-05,0.0172259840532358,0.00444984661233931,0.716882122857673,0.000232093724481934,1.48744638639294e-05,6
"19949",0.0191841499807197,0.00916720565859136,0.000921219478677739,2.30290379511211e-07,0.00288252216210637,3.62694312653254e-07,0.967717836541618,0.000126473193594908,7
"19951",0.2464627768905,0.00157169827063106,1.82313227269693e-06,5.64003342846117e-06,4.41320112172103e-05,0.705382334930176,0.0465185134829072,1.30812488669816e-05,6
"19953",0.00018162233429436,0.066673506794504,0.865161625334846,1.86969719775993e-08,0.0304960381746112,1.55519622285415e-08,0.00160611269086604,0.0358810604219436,3
"19955",0.000297356962296616,0.541683913115449,0.0225231381033139,7.78155819248667e-06,0.133129827919127,1.04457563461408e-06,0.300918828503173,0.00143810926281389,2
"19957",0.0561374731627132,0.0149064010506481,5.0773584014355e-05,1.2324281482124e-05,5.33998643809395e-06,0.922180624937282,0.000154621767362962,0.00655244123005878,6
"19960",0.000338609779425184,0.745867933418106,0.000113138144537012,3.0152141931599e-05,0.248493742068962,0.000194927322952982,0.00496130740083724,1.89723248308775e-07,2
"19963",0.000115163592661863,5.26496423425862e-05,0.00315084552510968,1.92051570781936e-05,3.79218019054306e-05,0.913501238443492,1.66261908195199e-06,0.0831213132183286,6
"19965",1.58744794991343e-05,0.114215166588937,0.00035698097918877,3.39248806365926e-05,0.736075151539188,6.77890146792408e-09,0.149301886890305,1.00786334399828e-06,5
"19968",0.0116891142087624,0.00137711827390339,4.67937055793524e-10,0.230607333944373,0.000126985400674513,0.756166935606487,3.25086757103062e-05,3.42215254485522e-09,6
"19971",2.73772300272222e-06,3.752764456166e-05,0.000896061024582783,1.20350637062044e-07,0.000173743782775408,0.998864799035868,9.72963130008839e-06,1.52808072719744e-05,6
"19973",0.996176595473391,0.00156978696215034,9.32145245854698e-09,1.81450499315664e-05,3.19222253915937e-07,0.0017866081028053,0.000444875186059491,3.66068195614499e-06,1
"19975",0.0262032173603522,0.00012288196617178,1.19038772892089e-09,1.66757162683784e-05,4.03526448015273e-07,0.97362453667323,3.22239231701361e-05,5.96439717827782e-08,6
"19977",0.000257429797418721,9.67660962200007e-06,2.35521590427045e-06,5.0041075258172e-05,7.01520147583477e-06,0.99918084295286,0.000466668825788088,2.59703216723817e-05,6
"19979",1.08040449231416e-07,0.0728405142270301,0.00314870985273683,1.12266273537668e-10,0.924005500823953,3.22599890075355e-07,4.83741983506999e-06,6.92383934325757e-09,5
"19981",0.507940501108674,0.490477415451067,5.87776789422519e-07,0.000536619989362354,4.98224683558897e-05,0.000181131117017916,0.000755635021692712,5.82870670405029e-05,1
"19983",0.369749080042208,0.280677848619111,7.05174888432964e-06,0.00041950431727148,0.000236804589978239,1.35906266264521e-05,0.348776055117088,0.000120064938832545,1
"19985",0.262297195195974,3.55286026458097e-05,2.81742455650194e-09,2.31156464613887e-05,1.36693905434028e-08,0.73754687867456,9.11098124265606e-05,6.15558111681716e-06,6
"19987",0.605781200826304,0.36923731478654,1.26274189608067e-05,2.35890732425463e-06,0.00044682534235512,0.024281508542916,0.000218414130427994,1.97500451719398e-05,1
"19989",2.32583823166662e-06,0.104185926790124,0.0264158077313894,3.19220213193815e-10,0.869273657982434,1.01695681871606e-09,0.000121512578339311,7.67743304825278e-07,5
"19993",0.170749122911897,0.0939455669312978,0.000432832072548143,3.4871121226403e-07,0.020774622654719,0.0116473089818149,0.702445910826589,4.28690992165283e-06,7
"19995",0.106290378193055,0.740170248737215,0.000168784242977402,3.89493121581863e-06,0.106563931812045,0.004105254410802,0.0426909457724435,6.56190024563286e-06,2
"19997",0.995990503128365,0.000402348994143536,2.27912502649804e-08,1.69398971942755e-05,8.85746015278483e-08,0.00326352604087851,0.000271951614995316,5.46189585713853e-05,1
"19999",0.982024197291014,0.000104734817792649,5.19224832730127e-10,0.000495636302045084,6.31410006131261e-09,0.0173346552223426,3.19360539449494e-05,8.83347953657048e-06,1
"20002",0.000265304107691746,2.86033777417002e-05,5.4261707194771e-08,0.536673071913769,7.93633434256811e-05,0.462951201078528,3.28483066679765e-07,2.07343407030614e-06,4
"20004",0.0187440138976371,0.960058304710175,5.9866009251486e-06,8.70847249663089e-05,0.0199336862565306,0.00115863589043015,1.11896167000399e-05,1.09830263578493e-06,2
"20006",0.00154367591554322,0.475789124854849,0.000729028149073873,0.00146439377413386,0.100664438954628,0.000457228585364815,0.419260561136742,9.15486296656931e-05,2
"20008",0.00100576484941342,0.00657554894672207,0.0011934660500097,2.29446648677306e-05,0.160860225537906,3.63295799620282e-05,0.830242917470429,6.28029006899425e-05,7
"20010",0.00362034328068794,0.416345266722653,0.0419763492421897,4.92998318770032e-09,0.0898438887421148,1.33968134226483e-06,0.448022493568028,0.000190313833001546,7
"20012",0.235471523929841,8.4794192142979e-05,5.1364925060256e-09,0.00810797559997523,1.1397887384952e-06,0.754114662035758,0.00221912931686008,7.70000191573273e-07,6
"20015",6.67752632360293e-07,0.0214314315723372,8.4693157553522e-06,1.74915075033737e-07,0.977341268213557,5.42885190334254e-09,0.0012179826283584,1.73432948571432e-10,5
"20017",0.98954849875122,0.000587031594790935,1.20880696379446e-09,0.00156807747812712,2.83723243109762e-08,0.00823104022539323,5.39186805894553e-05,1.14036887480638e-05,1
"20019",3.28594265143891e-09,0.00392943557624017,0.0116569258678709,1.10240268988316e-11,0.984305044482026,5.07440422279115e-10,0.000108582703990164,7.56546604364863e-09,5
"20022",0.000381282690679389,0.94163508914579,0.00153170725564909,4.14972020289755e-09,0.0524062028220136,3.12532606453576e-07,0.00404233757233589,3.06383120484587e-06,2
"20024",2.59081547853956e-07,0.0106523630107945,0.772768758030103,1.61012913859721e-08,0.216233375114166,6.70295703370329e-09,0.000123962091280184,0.000221259867860103,3
"20026",2.59081547853956e-07,0.0106523630107945,0.772768758030103,1.61012913859721e-08,0.216233375114166,6.70295703370329e-09,0.000123962091280184,0.000221259867860103,3
"20028",0.950899352449453,7.95380972925761e-05,3.94655780423361e-09,5.36198110685252e-05,1.29639013814361e-08,0.0489222713565507,1.07874033005799e-05,3.44139718757025e-05,1
"20030",1.71135490290214e-05,0.288661953782962,1.84828754565899e-05,3.1490038874974e-06,0.711235227630651,5.8356052827162e-05,5.71257156303453e-06,4.53362320014641e-09,5
"20033",0.830639869914097,0.0164685304002586,2.58698274351358e-07,1.83367052875517e-05,5.61865720733338e-06,0.152695489697338,0.000163197971644566,8.69795589331734e-06,1
"20035",1.63709155589318e-08,0.00665304017850184,0.0235632672557258,3.99223850364694e-11,0.969542346192534,7.12458457532546e-10,0.000241313402296857,1.58476449887397e-08,5
"20037",2.01213428221385e-08,0.00834032791591825,0.00103087597874979,1.80193203727702e-09,0.990044142959317,1.59249832862293e-11,0.00058462321764098,7.98917406324268e-09,5
"20039",4.18707856309821e-09,2.28894206590378e-06,0.997914958155502,1.05125465265607e-11,9.22059672096287e-05,6.56457020033287e-12,1.9833035847117e-05,0.00197070969521939,3
"20041",0.00383320358580154,0.0198428114806987,0.000290056460883725,2.11936429975392e-06,0.000270105073897244,1.9876675982016e-05,0.975389031744109,0.000352795614328535,7
"20044",0.0235692755868187,0.137214725860427,0.00360674903546224,1.27420156183369e-05,0.00260600825921843,0.00148413248059831,0.829983517281025,0.0015228494808325,7
"20047",1.19044983467742e-09,0.00489854019145249,0.0361116296762818,7.48432259036504e-12,0.958985917677822,8.88561901105623e-09,3.87576652041608e-06,2.66043697411195e-08,5
"20050",0.00106372051167424,0.00701441630871874,0.605694625702942,1.51604741161126e-10,0.0142322219954449,7.86551522872213e-06,0.370171615307219,0.00181553450716802,3
"20052",0.819101334634211,0.130501890209617,0.000201168706517092,2.0964878824483e-07,0.000231326687252793,0.0274813733577008,0.0216104582566519,0.00087223849926157,1
"20054",3.94755989077684e-05,0.797362179328207,2.46736514570134e-06,9.68124181438706e-06,0.202420480918083,1.76060014343879e-06,0.000163953061293749,1.886405353897e-09,2
"20056",0.00115744332213571,4.69512483865748e-05,2.67089887998892e-07,1.55327074377439e-07,8.97436490540734e-06,0.998784864591045,1.08484266927072e-06,2.59213895606047e-07,6
"20058",1.59110526034329e-06,0.11665065437157,0.00591041789817999,5.02188618384422e-09,0.877140497432934,2.1510847749248e-10,0.000296537539566719,2.96415494233722e-07,5
"20060",0.995215936728929,0.00340249311076182,6.97034804494642e-07,6.57909132672505e-06,6.1830741750956e-06,9.70103900580387e-05,0.0012401038375558,3.09967323888715e-05,1
"20062",0.704921383356704,0.0230294678827387,2.74465409963907e-06,1.34866494987844e-05,0.000146482607021084,6.03077878740597e-05,0.271806032358581,2.0094703481865e-05,1
"20064",0.00269382158080055,0.973761145643685,3.97976725413315e-05,2.43168370219952e-08,0.0233262108374003,4.03852360765213e-05,0.000138383391630363,2.31321028893263e-07,2
"20066",5.10374184105458e-07,0.0668554282186507,8.39760972554093e-05,2.43198551569309e-07,0.933054930743313,3.17305293992764e-06,1.7372964679122e-06,1.01863705202267e-09,5
"20068",0.987859791198896,0.000803960897589142,2.20315015283454e-08,0.000746699716799394,2.71306472038128e-07,2.20739720491064e-05,0.0105006062829647,6.65745937282618e-05,1
"20070",0.96544784658636,0.00104383197009687,4.832092357184e-06,3.04845508993463e-05,6.73234756813557e-07,1.38034224358319e-05,0.0191650125152753,0.014293515627819,1
"20072",6.06942037167383e-05,0.271294634089618,3.63828261132442e-05,0.00457264171467878,0.70749733777953,7.63887134335585e-09,0.0165380985855487,2.0316192321672e-07,5
"20074",2.54822348691128e-05,2.94646845908911e-08,3.21395426867129e-11,0.000195179084585066,2.08729389650551e-09,0.999779225474659,6.08150443619312e-08,2.08067240580945e-08,6
"20076",0.0241638152601763,0.0380794731630511,7.33562513184694e-09,0.325970995225098,0.000316628205899004,0.611214062765387,0.000254887360147638,1.30684615684369e-07,6
"20078",0.00352098449271523,0.965093032730457,0.000660736939950389,1.43993211133904e-07,0.0291975466471142,2.74936465771153e-05,0.0014493857425046,5.06758074704801e-05,2
"20080",9.91840774151408e-08,0.0316199386407055,0.0106468255584704,8.67065744303164e-12,0.957597147063847,4.36388208320889e-09,0.000135970661294087,1.45190525905095e-08,5
"20082",2.65603781191793e-07,0.000240393385937026,0.998022994601574,1.07934433958169e-12,0.000354854943641998,5.42451119871846e-09,2.58864863854151e-06,0.00137889739083675,3
"20084",0.00156120821668538,0.923008482287255,0.00701860774938111,5.30421158719276e-08,0.0514892955873906,0.0165522286939581,0.000213093750656775,0.00015703067255718,2
"20087",0.00448955698051992,0.760563982832885,0.000293587708259447,1.74560113681898e-05,0.15800797711898,1.91481280497735e-07,0.0765952130726715,3.20347940352507e-05,2
"20090",1.45993097166547e-06,0.0167497389866536,0.164563868163407,2.05594060101761e-11,0.784231193734664,3.18253403574261e-08,0.0344529895704056,7.17767997956718e-07,5
"20092",0.00215390759362073,0.00943136606680109,0.00772810041551038,5.92922328468726e-05,9.8737054366169e-05,4.78464256207931e-09,0.0545633534599095,0.925965238392303,8
"20096",0.0516662357961058,0.0137717111114774,0.00601813287930385,7.61349455133948e-07,2.67486586781276e-05,0.0013606145601303,0.0168055149946982,0.910350280650151,8
"20098",0.862324215974566,0.00293138907339979,4.74704652004382e-07,1.85417750199711e-06,1.1821475892039e-06,0.13445272324681,0.000268793388255535,1.93672872258294e-05,1
"20101",1.63598776717312e-05,0.260506255096087,0.0110301924168985,7.04793792042121e-10,0.727926001859168,0.000112325827289117,0.00040837607877663,4.88139314944464e-07,5
"20104",0.00672767933004682,4.56346682444691e-05,7.61981896366484e-06,0.00702622079498614,1.60287407533916e-08,1.68427941331495e-05,4.11076320073301e-05,0.986134878932878,8
"20106",0.000186275509562731,0.418022873134337,0.000512234575919613,3.25232858661786e-09,0.573369372875068,4.59827106690532e-05,0.00786323734294011,2.05991751302759e-08,5
"20108",0.98783872395228,0.00530565740151547,2.57081880404778e-08,7.53859686073681e-05,1.61951195615889e-06,0.00675034650918305,1.84300825997523e-05,9.8108656697494e-06,1
"20110",0.230745299117486,0.00793384350312794,0.0297592413401023,8.18808122302832e-08,0.000186598362188394,0.124982908002952,0.416097276427311,0.19029475136602,7
"20112",0.00380243166414484,0.166782487701409,0.0446159712006252,8.7698440576508e-09,0.324965611166417,1.37211008348759e-05,0.45978947011156,3.02982851646545e-05,7
"20114",0.00609649900410214,0.965865136210467,0.000284051038700439,2.3423760320779e-07,0.00968990942087263,0.0180353097206428,1.05458915207749e-05,1.83144760914076e-05,2
"20116",0.000681054397408011,0.939862480146607,3.79483451949621e-06,1.19584416305553e-05,0.0512173315058635,0.00818654320934004,3.68130632371231e-05,2.44013941355676e-08,2
"20118",0.308069570089607,0.658087420179875,3.25613708810029e-05,6.53102848862444e-07,0.000312943834210538,0.0331245817701597,0.000306409325083875,6.58603273335604e-05,2
"20120",0.00184272874657951,0.581200511664308,0.171547604452761,4.55277465518423e-10,0.237944178993302,0.000682253438031148,0.0067579123846232,2.48098651177536e-05,2
"20122",0.000806696723827084,1.80999682386399e-05,5.35508531137897e-10,5.70125261825789e-06,3.84083965699325e-08,0.99916919793138,2.21337515386166e-07,4.38425157065937e-08,6
"20124",8.35002755969663e-07,0.274496299449218,0.00787821472416077,5.29801368974516e-08,0.716369854397516,6.80298547349234e-10,0.00125119228009946,3.55048581444209e-06,5
"20126",1.35773086813493e-07,0.00223888460474322,0.952793938979243,3.63839392540972e-08,0.00184685273365042,7.76702136237228e-08,4.98448068093492e-05,0.0430702290483145,3
"20128",1.15645744296047e-10,0.000203416190727693,0.885048194085543,3.70247115255156e-11,0.114719273324254,5.22579399925909e-11,1.71406612190775e-05,1.1975533327562e-05,3
"20141",0.200518971183311,0.000899468498159878,7.54645935488766e-05,1.219676309218e-05,4.40055425018708e-08,0.0143436017003932,2.79070680285535e-05,0.784122346187923,8
"20143",1.28411359897672e-05,3.56832696282968e-08,7.80372649887703e-11,2.7099547750599e-06,1.67318274442056e-09,0.99998439623455,6.45521241824468e-09,8.78498283415243e-09,6
"20145",0.00160389215773643,0.856267887323038,0.0133498363400423,3.55340129477723e-10,0.121888363950602,2.42851667510473e-06,0.00688107510195731,6.51625460845841e-06,2
"20147",0.000133948707147071,0.927455128081555,0.000193951925370193,3.30600543070678e-09,0.0718873536944711,1.24006179235092e-06,0.000328240007473152,1.3421618568628e-07,2
"20149",0.000804500262981562,1.6251982463371e-06,5.19036915640254e-10,2.75491001305795e-06,3.75014474667291e-09,0.999190472448558,3.20631343370728e-07,3.22279676230859e-07,6
"20151",0.960138638623862,0.00182828781374813,1.77933422113243e-07,1.31836388737097e-06,1.99688739184014e-06,0.0376596235905982,0.000363685683675432,6.27110341496145e-06,1
"20153",0.37297597375425,0.00285026154531037,0.00168907438258965,1.43682869237275e-08,3.22482085828596e-05,0.614686907392703,0.00281199817989937,0.00495352216837754,6
"20155",2.13800909518656e-05,0.471980441243341,0.000856434740991437,2.46256455716409e-08,0.463940654150369,2.10368725433079e-07,0.0632007578534787,9.6926496741858e-08,2
"20157",0.613759792991471,0.00062628051403646,5.51511311449138e-07,1.27200696565507e-06,1.26118124952667e-06,0.385551071302941,3.89726779437214e-05,2.07978140818199e-05,1
"20160",2.07686006627926e-05,9.38509290084264e-08,2.84435530216993e-10,3.48045902040613e-07,3.30459567291023e-09,0.99997876229904,9.65959015295642e-09,1.39548451465036e-08,6
"20162",0.00416138442228872,8.4224332096429e-07,1.69955553595763e-10,3.51264109766524e-06,1.28333600911601e-09,0.995833909906553,1.81969173062375e-07,1.67364275131431e-07,6
"20164",0.0480663819900727,0.000116297522527842,8.80601150944792e-07,1.10653872385878e-06,2.34064327893222e-06,0.951090261033712,0.000697018156190427,2.57135143435457e-05,6
"20166",7.3828356342996e-06,0.0409936334165387,6.18780022612319e-06,6.32800383103731e-05,0.958538454756191,0.000358129780662338,3.29291424952405e-05,2.22994193316558e-09,5
"20168",3.11042095814554e-06,0.000185076135845966,2.47575274016402e-08,0.997836033388586,0.00155685547702271,0.000413114438795488,5.74921673837676e-06,3.61645263401572e-08,4
"20170",0.755093797579585,0.00554087869127419,1.47672001436709e-06,7.70012009842044e-07,6.06228206832461e-07,0.238975666500253,0.000138133412397817,0.000248670856258335,1
"20172",0.000213271384872336,0.935576912017257,0.00156679937407583,5.39748533914406e-09,0.0612917661663967,5.30630226580825e-09,0.00134920444893656,2.03590467372179e-06,2
"20174",0.734200912794189,8.84958002663515e-05,1.38054314775188e-10,0.143136553933806,1.94240671581822e-08,0.122550544588126,2.00855755317883e-05,3.38774596011121e-06,1
"20176",1.60916374862107e-05,2.94494215783024e-05,5.40126254517086e-10,0.999924512808488,2.12454214929673e-05,1.4962315786915e-06,7.18613613585024e-06,1.78031133155867e-08,4
"20178",9.85692098697405e-06,7.17230623038944e-08,7.41378425125294e-10,1.48235185865541e-07,4.68531810566405e-09,0.999989889958472,1.15842361201203e-08,1.61513602145057e-08,6
"20181",2.30238447189978e-05,0.277720845251198,3.62765310889688e-05,5.89148426212554e-07,0.71858329860589,0.00362571909881238,1.02443988411649e-05,3.12102359545109e-09,5
"20183",0.910579351698719,0.0790600140986474,7.13215039535775e-05,2.15835003430776e-06,2.59512732541683e-05,3.86044116523014e-06,0.00641298853206165,0.00384435410216464,1
"20186",0.65344843569331,0.148182878862312,0.000319418027621149,0.00363511667354719,0.000796828413262181,7.97141621853104e-08,0.163049691723977,0.0305675508918075,1
"20188",0.000199112851530584,1.38935360024557e-07,6.0174009374458e-10,2.33251387011392e-07,3.12758037337692e-09,0.99980038790638,6.27130035875735e-08,6.06130186976433e-08,6
"20190",3.04715001512029e-06,0.0915042428946982,0.000113160833286237,7.207966454565e-09,0.908254302922374,8.8216349517206e-08,0.000125149621777975,1.15353254155954e-09,5
"20193",8.11981835853649e-05,4.96185584231279e-05,1.16845164777222e-07,0.0157882040327641,0.00132183549557878,0.982622856980711,0.00013610684942264,6.30543505612101e-08,6
"20195",0.200837116684774,0.00228761364686588,2.76365988695313e-06,1.26194711513524e-06,4.64245871581975e-05,0.793384306086253,0.00343391934655273,6.59404139417056e-06,6
"20197",0.000221244039368255,0.783308985425256,0.00105913153584766,2.62010560778151e-08,0.190253590781459,2.22608359400026e-08,0.025156045562032,9.5419414466762e-07,2
"20199",0.0774414558124865,3.40056148626041e-05,8.84326592618953e-08,4.96574582032819e-07,1.90397244858302e-08,0.922433660863159,3.79378949842331e-05,5.23357675417207e-05,6
"20205",2.19401570083025e-06,3.68095268915753e-05,0.94546538952406,2.17346068180212e-11,2.37226708653425e-05,1.30132403552192e-09,0.000827759950593257,0.05364412298883,3
"20208",0.978531987856977,0.0119398920802233,6.6976678663914e-07,1.61788470410487e-05,1.51132645598469e-05,0.00729704149498437,0.0021902711773354,8.84551209245375e-06,1
"20210",0.0154630985621402,4.05407364636875e-06,1.32349565621532e-09,1.40286939864629e-06,4.88384247102485e-09,0.984529856075366,1.03999478736873e-06,5.42217323281589e-07,6
"20212",0.160869085396724,0.000359878328186458,2.76514945883138e-07,2.45223179841707e-06,1.91455908933706e-06,0.838545367829919,0.000216677460084925,4.34767925230342e-06,6
"20216",0.00027798016686299,0.891932695823493,0.000103670828661025,7.39675170682927e-08,0.107579097238369,1.81684715402931e-05,8.82642628312997e-05,4.92407262911061e-08,2
"20219",0.00114792895762512,0.200835127041413,0.734088430891474,6.88655813769172e-10,0.0418604626872073,2.82371932262182e-05,0.0111991263594095,0.0108406861809889,3
"20223",5.48002046333313e-08,0.00239417530126891,8.66347338720686e-05,0.00021944011426715,0.995895210861649,3.37673179068643e-11,0.00140443816018618,4.59947853214842e-08,5
"20226",0.0220402889909578,0.0022953300187708,9.47675108346056e-05,4.31258113288947e-08,0.000227060508383934,7.61220288043834e-05,0.975245757689471,2.06301269660122e-05,7
"20230",6.66012263518005e-07,0.0409690808063444,0.000475581384617483,3.64628532205216e-09,0.958513427595267,6.16321460640427e-09,4.12299720679183e-05,4.41993952810796e-09,5
"20233",1.62630555165857e-05,4.38050463120538e-08,0.000363272226393928,2.74297342961794e-09,8.11062467620222e-10,1.75240060534954e-07,2.85615156447353e-06,0.999617385967382,8
"20235",1.44270954425102e-05,0.166390507672729,0.0422297372468318,8.38295585896236e-05,0.620382471369972,1.42696117618848e-09,0.170444943195869,0.00045408243360478,5
"20239",0.00116380883763356,0.502179446095313,0.000180687086874603,0.00185174572682967,0.223514629231542,4.58867587116991e-07,0.27106428761959,4.49365346294501e-05,2
"20254",2.19051797553583e-08,8.27812658420244e-05,0.999157474831287,1.09149843105755e-13,0.000490035429147765,2.39077214112684e-10,8.48768788287158e-06,0.000261198641473898,3
"20256",3.16825297093146e-06,0.737319787796298,0.000626609704148177,1.24201491775684e-07,0.26173941375502,1.03429274263095e-09,0.000310407632488741,4.87623289505229e-07,2
"20262",0.448082971084513,0.00119695101535197,1.27330001975102e-07,9.90705177496662e-07,4.22252209598386e-07,0.550668490566016,4.04599350241812e-05,9.58711170596834e-06,6
"20270",0.00864279438666855,0.172399480198157,2.05612846571271e-05,0.00186168080788624,0.813955467578937,0.00269428756997731,0.000425500384250682,2.27789466598959e-07,5
"20284",0.443303908767594,0.0231458260459454,0.088120962393909,1.25252216556317e-07,0.000442980777547147,1.03686353836164e-05,0.0643505005131807,0.380625327614224,1
"20287",3.72314900501366e-09,0.00171146336467262,0.000214566294178064,5.22008154399748e-09,0.997621433062579,3.68837714453582e-11,0.000452527676621236,6.21834500453191e-10,5
"20290",0.000805964235101627,0.000669194238461141,0.965614117841087,5.1278279656586e-11,0.000196917729914359,1.06667508973628e-05,0.00350275793448007,0.0292003812187801,3
"20293",0.00125716942907965,0.995582224695083,0.000181125126118789,4.10730417232193e-08,0.00289211792527137,4.11084903509952e-07,7.49297906844634e-05,1.19808758174926e-05,2
"20296",0.274172995771939,0.0407746625921406,5.78528434535108e-09,0.0169076408355567,0.000226311386627628,0.667511044312529,0.000407196144915996,1.43171006647271e-07,6
"20301",2.11845190830808e-09,0.000237558291877126,0.000510062489052671,7.05038215451347e-10,0.999185152013452,4.95931611223301e-07,6.67280466843277e-05,4.03831975366589e-10,5
"20304",1.05755570139412e-06,0.00197490502688994,0.990833632144946,7.27918338028283e-12,0.000273900954661627,1.52684851058884e-08,2.14175160146502e-06,0.00691434729043481,3
"20306",9.86883630691573e-07,0.0605926928767761,0.00808451433401183,4.79363090982281e-09,0.931128839166537,1.76625944280048e-10,0.000192264500872534,6.97267915238197e-07,5
"20309",0.0807438840249981,0.778380425584664,0.00286966483658104,3.35192621225029e-07,0.0140689879496757,4.07220650245823e-05,0.123843971498828,5.20088476074106e-05,2
"20311",0.000891831521226593,0.801647083476634,0.00073608735206681,4.91371317247605e-07,0.195936548684645,0.000193666784160135,0.000583244352680016,1.10464572702878e-05,2
"20314",0.96230214333522,0.0240221067047966,5.5934411559232e-06,1.75216528941047e-07,1.49340649284094e-05,0.0129758361340401,0.00064123411525885,3.79769880711332e-05,1
"20318",5.22702487911888e-05,2.49264648145782e-06,5.45316123091146e-09,3.27246946863077e-06,1.59041301476478e-06,0.999940327738135,2.82676007804125e-08,1.27633472513599e-08,6
"20320",0.423012555386303,0.00142008947425521,0.000152813698347902,6.04842408600944e-06,3.79099898589347e-05,0.00093506007794045,0.570467387183995,0.0039681357652131,7
"20326",0.930109031596347,0.0355521386110912,1.31593640419322e-05,4.61155504408703e-07,2.23522072053893e-05,0.0338725697165102,0.000288203526177216,0.000142083823123023,1
"20328",0.787949242242807,0.00495903400122467,0.00011433588017836,2.88674609468772e-06,1.58804896565836e-05,4.59299939991253e-06,0.199795763105402,0.00715826453523678,1
"20330",4.14153438665011e-05,0.0212561466424728,0.0035807979150526,1.97406816762929e-07,0.0652158028839907,2.22519895242474e-07,0.909876522259367,2.88950285384829e-05,7
"20336",0.0108872927761148,0.0698737811174024,0.533905224301318,2.88017365172079e-09,0.000374951051937589,2.8171752788997e-07,0.00272947453737544,0.38222899161815,3
"20338",0.000245153925546431,0.0326336689139258,0.878776661678578,8.76409826406317e-10,0.000951613234746654,7.09225692117731e-05,0.00317897653273183,0.0841430022688499,3
"20340",1.45864522545283e-07,0.0657560500788767,0.00268912497123348,1.1283537976348e-08,0.931460260712613,4.7760140350227e-09,9.43587991346853e-05,4.3514067421999e-08,5
"20342",2.77085732255528e-05,1.30754650066573e-05,0.106907830887123,1.30310879162285e-05,0.000439273243969209,0.000164969673286366,0.0174822291725898,0.874951881896883,8
"20344",0.000411997431246277,0.619757101463633,0.00194751635653991,1.16268855445748e-07,0.37757687084041,1.15671377480652e-07,0.000304259115389898,2.02285254711049e-06,2
"20349",2.91008525363554e-06,0.26088444919513,0.00059194707902854,5.31346156511939e-08,0.738480120726935,7.21537886729175e-10,4.03852019862001e-05,1.33855512803463e-07,5
"20351",0.0021358222918504,0.988738050157065,0.00260282097659011,6.6082167564761e-08,0.00516163639591175,5.16932893033701e-05,0.00125687023777317,5.30405693386672e-05,2
"20353",2.22844871546794e-05,0.0324202662999148,0.0728035024425521,2.22886123132014e-09,0.119219829708341,8.20002198475858e-09,0.775508173159112,2.59334740416789e-05,7
"20357",5.51078525895046e-07,5.18637720456417e-05,0.990117089446889,1.48116636616737e-11,0.000268025246026447,3.94085494641912e-11,0.00159456984363483,0.0079679005586582,3
"20360",1.34841473356211e-05,0.000476750940038069,0.0857218159800564,0.000114507700008227,0.00343442365520414,2.91794437745486e-07,0.839747240119552,0.0704914856633681,7
"20364",0.0116751956712796,0.490254232123081,0.0074992382311637,8.7505814841604e-09,0.108055981490809,4.26378866200197e-06,0.382504346564643,6.7333797800998e-06,2
"20366",0.00265769962582101,0.00575877561907012,0.363792985581737,2.1133037417795e-09,2.30772182941586e-05,5.15878648359787e-06,0.000551984855681261,0.627210316199609,8
"20381",0.00211390682209547,4.54984386983352e-06,3.36506457276087e-10,0.986295170146055,1.40786526785946e-08,0.0115247396584572,2.51296754290628e-06,5.91061468206942e-05,4
"20391",0.00745445770469271,0.147864295944385,0.00165283559069239,0.192984142101487,0.0306736931879625,7.2587645456886e-09,0.59370060165455,0.0256699665574669,7
"20394",0.978932982905836,0.00160521050037595,2.6422411759157e-08,0.00146934343668614,9.08808699717008e-07,0.000438357344687534,0.0174495841934679,0.000103586387834352,1
"20396",0.270517921837778,7.34558210887898e-06,2.92449715998147e-11,0.723633784798267,3.56039082710293e-09,0.00579624579505501,3.79442508361013e-05,6.75414631948726e-06,4
"20409",0.0828189398788188,0.783328064308194,0.00038728486654422,1.75235488598483e-06,0.03240324284417,0.100938503845778,8.78113093516641e-05,3.44005922583158e-05,2
"20411",2.51286943259109e-05,0.428073520041504,0.352260237237962,2.07875566471993e-09,0.190950491843933,4.78136776428599e-10,0.028385310660537,0.000305308964846333,2
"20416",1.50737196846502e-10,6.62044549938435e-05,0.989418808443167,2.9431052084269e-12,0.0104749040375526,6.45962443798608e-13,1.58999273221521e-05,2.41829826377775e-05,3
"20418",0.192335121143503,6.53175668999658e-06,1.61469520623612e-11,0.776319177451334,3.09313456999568e-09,0.0313325187134637,4.04353171032926e-06,2.60429401716558e-06,4
"20420",0.000639279352196141,8.14636840043572e-06,0.00204633965921546,1.23006669094293e-08,1.09764271931145e-08,5.67635390838854e-06,3.27359883117553e-05,0.997267799000874,8
"20422",6.74294970350437e-05,0.0405615668100594,0.00153236770856974,9.14454268652609e-09,0.928018250718401,1.74015013607271e-05,0.0298029405331976,3.40868334695581e-08,5
"20424",2.08071232822057e-05,0.376904891170314,0.199813298331893,1.10217929701756e-09,0.306463450695707,2.14748036845945e-09,0.116743121725236,5.44277039076621e-05,2
"20426",5.09451755650746e-06,7.71160809713777e-07,0.645339655714908,1.25450756090346e-10,1.99426496683913e-06,0.000159590038301802,4.63689522398157e-05,0.354446525225767,3
"20428",0.00445793829745706,0.917985311315865,2.19299719476223e-06,0.000704494348553522,0.0223191976436763,1.62527785273269e-06,0.0545287141736707,5.25945730206165e-07,2
"20431",0.588094139989701,0.0212197413717049,0.00258608050423116,5.06828007230891e-07,0.00198399961931576,0.0786929580288684,0.306994363568525,0.000428210089645941,1
"20433",2.9246035068323e-08,0.00376993447549661,7.13463358432953e-06,1.998535412149e-05,0.99608985604515,5.78264687206729e-10,0.000113058083149087,1.58419834594916e-09,5
"20436",5.12688972658655e-06,0.00138622323012401,1.16561969951319e-08,0.996874314936187,0.00171228378267182,2.21555978947194e-06,1.98058309281719e-05,1.81143756133959e-08,4
"20439",0.647141271569584,3.57603926773569e-05,7.26838240206686e-11,0.226555726740688,1.52570060457702e-08,0.126236953590781,2.3670730695045e-05,6.60164588419776e-06,1
"20441",9.99207300878602e-06,0.000438030256481439,0.948071939990684,6.40336087341881e-11,7.17501486820376e-05,6.675122402541e-08,0.013622970094275,0.037785250621611,3
"20444",0.000102640227576232,1.07917685766205e-07,1.25590746128727e-10,7.88019621690831e-07,1.20519371999862e-09,0.99989642024347,1.94607926105851e-08,2.28000687356503e-08,6
"20448",0.805050919530816,0.0587948979657301,0.000148739184696328,0.000109568816629819,0.000234091683412677,0.133198368290036,6.58319546302115e-05,0.00239758257404925,1
"20536",0.147200928681027,0.00155741776338763,3.89636865682992e-09,0.847452774556318,1.44677134348595e-06,3.18523654448698e-06,0.00376059543582549,2.36476591859677e-05,4
"20538",0.00679558655754254,0.695559491573341,0.102007641955744,1.37733734685871e-06,0.00285194575990137,2.28928261883877e-07,0.000112373941251662,0.192671353946611,2
"20541",1.88904120722349e-07,0.0242413265363887,0.357138161781945,6.99856558092822e-12,0.616704849331925,7.07045379417556e-10,0.00191247037526269,3.00235631336134e-06,5
