"","V1","V2","V3","V4","best$classification"
"19811",7.06663932321738e-05,1.04056880972947e-06,0.00270051780551784,0.99722777523244,4
"19813",0.00375814643214369,2.09041002932194e-05,0.00197339959850659,0.994247549869057,4
"19815",0.00467045656236756,0.00178781366891982,0.000118474466852727,0.99342325530186,4
"19817",0.000608866640981279,7.40798860698158e-05,0.00312722866559336,0.996189824807355,4
"19819",0.872525881517195,0.127383957686402,2.9489427220999e-06,8.7211853680908e-05,1
"19821",0.00223120653477205,2.10872687031459e-06,0.0592244107241498,0.938542274014208,4
"19823",0.00208330779753022,0.115100070197535,0.00174554851566,0.881071073489275,4
"19825",0.16002342937445,0.00110202760569409,0.828377389404291,0.0104971536155656,3
"19827",0.00155536178032579,0.000431898461315528,0.702784405420767,0.295228334337591,3
"19829",0.981720719947996,0.00020808783950476,0.0145130637205524,0.00355812849194641,1
"19831",0.896762433653172,0.102192963114137,5.33823928002684e-06,0.00103926499341114,1
"19833",9.76022172368636e-05,0.999822086412172,5.76214184063905e-05,2.2689952184618e-05,2
"19835",0.00223120653477205,2.10872687031459e-06,0.0592244107241498,0.938542274014208,4
"19837",0.00432908917651924,7.26250782117188e-05,0.129978430516729,0.86561985522854,4
"19839",0.934050765642109,8.08731531939035e-05,0.0514243608837937,0.014444000320904,1
"19841",5.74833653540027e-05,2.35287992444036e-07,0.999870550783,7.17305636534672e-05,3
"19843",0.998698106106112,0.000205779035500837,8.5272559043165e-07,0.00109526213279701,1
"19845",4.13663329406832e-05,2.50338905890791e-06,0.000593988998485895,0.999362141279514,4
"19847",0.00512829379547113,0.00011632234909343,7.4853000886913e-05,0.994680530854548,4
"19849",0.000368265978636947,5.94805249977052e-06,0.00303666428330564,0.996589121685558,4
"19851",0.000180793583412832,7.02579013155959e-05,0.000316419033488811,0.999432529481783,4
"19853",3.91458440458018e-06,0.000190482015742222,0.00216547726528449,0.997640126134569,4
"19855",2.40922931523151e-05,1.91190157453366e-05,0.0134897716703427,0.98646701702076,4
"19857",0.0112606097978354,6.21223353249791e-06,0.0327812676944005,0.955951910274232,4
"19859",0.0039508721162988,0.000428306292283942,0.0370775899559162,0.958543231635501,4
"19861",5.65498900465445e-05,2.75410655643259e-06,0.000230099158262419,0.999710596845135,4
"19863",2.96860214365191e-05,6.35441374594622e-07,0.977706181954397,0.0222634965827919,3
"19865",1.97573736618799e-05,4.01107252972068e-07,0.99662392946308,0.00335591205600499,3
"19867",0.000925428887006883,4.21098866724481e-05,2.08054006186754e-05,0.999011655825702,4
"19869",2.57914443737142e-05,6.17303749111655e-07,0.0125733526604271,0.98740023859145,4
"19871",0.012444361413508,0.00056350109569379,0.13155188895978,0.855440248531018,4
"19874",8.34178558520108e-05,4.41317632241949e-05,0.846935313958995,0.152937136421929,3
"19876",1.66284715565358e-05,1.74201919779691e-06,0.484888803021769,0.515092826487476,4
"19878",0.661367232319168,0.0202258160729174,0.000990461261123781,0.317416490346791,1
"19880",7.89234969968995e-07,7.83956277434713e-08,0.998029297026591,0.0019698353428111,3
"19882",5.37965341327179e-05,8.71424701867329e-06,0.00332691352857821,0.99661057569027,4
"19885",0.0149731718211371,4.34812733940734e-05,0.00270616346786124,0.982277183437608,4
"19907",0.00032388700411747,1.131039903567e-05,9.07538233260721e-05,0.999574048773521,4
"19909",0.972407363945496,8.16208602089006e-05,7.1292797455334e-05,0.0274397223968399,1
"19911",0.929201593034368,0.00157761498762711,0.038561279259971,0.0306595127180337,1
"19913",3.25305262366629e-06,4.68735543783561e-07,0.999934268607527,6.20096043056113e-05,3
"19915",0.000107270516324919,4.18299708481855e-05,0.637248033677951,0.362602865834876,3
"19917",0.000191100463823069,7.10596251832091e-06,0.985086119870454,0.0147156737032048,3
"19919",0.00163949972015938,0.000249722708894918,0.281931465222224,0.716179312348722,4
"19921",0.000470885096798497,2.67834969895533e-05,7.22030808125052e-05,0.9994301283254,4
"19923",0.065754323354424,0.0337609200501975,2.24293260628144e-05,0.900462327269316,4
"19925",7.10776543944037e-05,1.27068658287872e-05,0.952777304049338,0.0471389114304383,3
"19927",0.000216954998592484,3.79232584964467e-05,0.00132121922715463,0.998423902515756,4
"19929",2.02275600868287e-06,2.83981152966241e-08,0.998372987232274,0.00162496161360211,3
"19931",0.00320892255587294,0.000379222653131611,0.00536124926320759,0.991050605527788,4
"19933",0.805428486985383,0.00192907036075594,0.00393029427958453,0.188712148374276,1
"19935",0.0900547362405864,2.56260702608942e-05,0.0044657428649601,0.905453894824193,4
"19937",0.0010018380923163,0.000723752424781848,0.000157298241149884,0.998117111241752,4
"19939",0.00251668782050933,0.000419277847874311,0.00491709424442147,0.992146940087195,4
"19941",0.876726378267558,0.000131171053327825,0.109268611720935,0.0138738389581789,1
"19943",7.97365729964208e-06,3.20345267935391e-06,0.998801476263995,0.00118734662602562,3
"19945",0.921832353585015,0.0036106807344277,0.000181027761222463,0.0743759379193348,1
"19947",0.118626259755402,0.000285071114357655,0.843883049509277,0.0372056196209629,3
"19949",0.33455460552783,0.0435489659151028,5.69392806960347e-05,0.621839489276372,4
"19951",0.00425288840261667,0.000155692209320544,0.731765691508478,0.263825727879585,3
"19953",0.216830845807979,0.780196165615255,6.4181502079299e-07,0.00297234676174604,2
"19955",0.938117688856051,0.0502666190788148,1.46589867855952e-05,0.0116010330783483,1
"19957",0.00260518083363647,0.00288364812788776,0.904760928412471,0.089750242626005,3
"19960",0.993836423963348,0.000199117472471554,0.000821252573238278,0.00514320599094225,1
"19963",0.000904540870560963,0.0676046156918291,0.930435568633537,0.00105527480407261,3
"19965",0.99761095026435,0.000671146958471738,2.96693890303502e-07,0.00171760608328844,1
"19968",0.00251843575844131,7.66364556699958e-08,0.958066677830445,0.0394148097746578,3
"19971",0.00352562977664171,0.00777727760885066,0.988600825518949,9.62670955587474e-05,3
"19973",0.000505230852015373,5.6723803328015e-06,0.0168939466602917,0.98259515010736,4
"19975",0.00013091608604401,4.20729985122989e-07,0.970037259260706,0.0298314039232645,3
"19977",0.0003396878308448,0.000290161737612212,0.99609704761992,0.00327310281162231,3
"19979",0.999548684428816,0.000440187429844236,4.18326570922182e-06,6.94487563056827e-06,1
"19981",0.0208248881379057,4.92979206408218e-05,0.00203062017023546,0.977095193771218,4
"19983",0.0300935908584451,0.000250712490155578,0.000144405189742335,0.969511291461657,4
"19985",1.91241339051398e-05,2.58795672466282e-06,0.853518109091274,0.146460178818097,3
"19987",0.108617538105431,0.000415249524038361,0.137982125053787,0.752985087316744,4
"19989",0.995542128132098,0.0043726741620482,5.58965250668622e-08,8.51418093287085e-05,1
"19993",0.542461058514505,0.00326199791280182,0.0453411395242347,0.408935804048458,1
"19995",0.814680708939309,0.000744902801739722,0.011230998001861,0.173343390257091,1
"19997",0.000186763816727674,2.04931455149886e-05,0.0286560757473126,0.971136667290445,4
"19999",2.76443641754348e-05,1.42175710149434e-06,0.111171015356466,0.888799918522257,4
"20002",0.000667615373696713,7.54956847023426e-06,0.995636987012213,0.00368784804561958,3
"20004",0.839615263612027,0.000124882401802157,0.019798337386824,0.140461516599346,1
"20006",0.940232209661342,0.00617284410730675,0.00240865021510748,0.0511862960162434,1
"20008",0.906098592964241,0.026207119619219,0.000988483678110003,0.0667058037384298,1
"20010",0.926150682730319,0.0493284588471306,1.72048057690025e-05,0.0245036536167816,1
"20012",0.000149644366236695,1.79026105551629e-06,0.779831368904425,0.220017196468283,3
"20015",0.999862308284347,1.33646054076034e-05,3.6542370436398e-07,0.000123961686541297,1
"20017",7.69916489102785e-05,1.80327508074716e-06,0.0514383819748539,0.948482823101155,4
"20019",0.996817801609367,0.00317989295862027,4.76749999250932e-08,2.25775701251217e-06,1
"20022",0.992095527035545,0.00238279306408707,7.61949060749695e-06,0.00551406040976006,1
"20024",0.585679173723523,0.414240354626314,5.54149139976866e-07,7.99175010223294e-05,1
"20026",0.585679173723523,0.414240354626314,5.54149139976866e-07,7.99175010223294e-05,1
"20028",4.33003455241708e-05,7.24698210495882e-06,0.290647735640823,0.709301717031548,4
"20030",0.999197583236297,1.81376514899397e-05,0.000403733091174266,0.000380546021038586,1
"20033",0.00359446284955869,3.15971697928109e-05,0.417183699241378,0.57919024073927,4
"20035",0.995306697872027,0.00468730779650958,5.77844834367774e-08,5.93654698005055e-06,1
"20037",0.999347769664113,0.000638370382663526,3.95335338402558e-09,1.38559998702959e-05,1
"20039",0.000880032374265224,0.999118233850015,1.46164229764842e-09,1.73231407724357e-06,2
"20041",0.316372310820078,0.0755726427417047,0.00207135124674615,0.605983695191471,4
"20044",0.424323189255654,0.103115068478518,0.0163215982514172,0.456240144014411,4
"20047",0.99319889838505,0.00679988302021097,4.38976498863096e-07,7.7961824032351e-07,1
"20050",0.171395907479692,0.820458400712836,7.9374570196496e-05,0.00806631723727539,2
"20052",0.0595403465429255,0.00595957076494179,0.0888345834540274,0.845665499238105,4
"20054",0.998578850241891,6.0256353102283e-06,3.02720600298062e-05,0.00138485206276859,1
"20056",0.000460047368521935,1.39742699265179e-05,0.997478780478966,0.00204719788258534,3
"20058",0.998388649037942,0.00150312303962978,1.82235601350565e-08,0.000108209698868221,1
"20060",0.00234652903760992,9.50145113878915e-05,0.00164945502233753,0.995909001428665,4
"20062",0.015249503481024,0.00014178620266759,0.000588978565225548,0.984019731751083,4
"20064",0.979024367672521,0.000216466602077665,0.000703807529353116,0.020055358196048,1
"20066",0.999871099362493,4.15693875110987e-05,4.81055402579578e-05,3.92257097383293e-05,1
"20068",0.000151906898911864,9.51261378757721e-06,0.000254775849491963,0.999583804637809,4
"20070",0.000352191726293932,0.000926382088803982,0.000192023899144281,0.998529402285758,4
"20072",0.995006691663677,8.83666690117105e-05,4.55365685421833e-07,0.00490448630162596,1
"20074",6.00773728774122e-07,5.83386012418514e-08,0.999772811999828,0.000226528887842215,3
"20076",0.0150641331723283,9.86908378472703e-07,0.867397708348196,0.117537171571098,3
"20078",0.960415204086908,0.00423920822544504,0.000430983845269034,0.034914603842378,1
"20080",0.998495556500525,0.00149549630150674,1.43898520463903e-07,8.80329944774906e-06,1
"20082",0.0131945312766442,0.986782059079182,4.9386051416572e-07,2.29157836595397e-05,2
"20084",0.936883242277452,0.0159754630730607,0.0382497703112329,0.00889152433825433,1
"20087",0.941891607523488,0.00134816637501654,5.55605491453916e-06,0.056754670046581,1
"20090",0.969652888113168,0.0302688394260831,6.39017606197982e-07,7.76334431423693e-05,1
"20092",0.0354117657276975,0.739706864885143,1.52752534655208e-06,0.224879841861813,2
"20096",0.0191758988275758,0.552046880593921,0.0149655453881504,0.413811675190353,2
"20098",0.00135189021862318,8.15200897870584e-05,0.42668878343691,0.57187780625468,4
"20101",0.997500628982566,0.00210829525245835,0.000247118818114957,0.00014395694686102,1
"20104",0.000328983762740077,0.0609542929343517,0.00492911642688999,0.933787606876018,4
"20106",0.998781942867261,0.000174499158179683,0.000126813831312012,0.000916744143247371,1
"20108",0.00148528489725285,1.03327566880342e-05,0.063134766598531,0.935369615747528,4
"20110",0.019353521128405,0.512511363775347,0.163458113397769,0.304677001698479,2
"20112",0.960817089253701,0.0248383676294648,8.08092021153499e-05,0.0142637339147193,1
"20114",0.836060486725484,0.00277892518660009,0.121859100412966,0.0393014876749494,1
"20116",0.954343892438627,2.50870881090664e-05,0.0368347943593781,0.00879622611388596,1
"20118",0.164439758140263,0.00127665752346794,0.204058028420944,0.630225555915324,4
"20120",0.962172208927267,0.0331032539706171,0.00120758169451327,0.00351695540760244,1
"20122",2.22535071150103e-05,2.38728229663475e-07,0.997908035907223,0.00206947185743204,3
"20124",0.996970619516306,0.00293766428464042,3.20230434636573e-08,9.16841760102773e-05,1
"20126",0.0177992216796104,0.98217623730047,1.42599607733776e-06,2.31150238424216e-05,2
"20128",0.332988188346034,0.667011041120914,1.96472646897642e-08,7.50885786507386e-07,2
"20141",0.000417032742243447,0.0511047917086924,0.185657609105571,0.762820566443494,4
"20143",6.66253494465832e-07,7.72047823371892e-08,0.999915136494845,8.41200468785337e-05,3
"20145",0.987775396927112,0.00657722767617879,2.25275626657564e-05,0.00562484783404373,1
"20147",0.997887280274191,0.000271859551592252,2.12712164444371e-05,0.00181958895777183,1
"20149",3.76601964812409e-06,5.21634188482772e-07,0.998077468441967,0.001918243904197,3
"20151",0.00181006483915052,4.60358889208903e-05,0.209440753980299,0.788703145291629,4
"20153",0.00606024886007458,0.0335515894183537,0.766277895228031,0.19411026649354,3
"20155",0.999076688760294,0.000390279155280224,1.91295482033013e-06,0.000531119129605963,1
"20157",0.000554390616369101,6.89426151692026e-05,0.75239828724573,0.246978379522732,3
"20160",1.43867642386791e-06,1.84321403389126e-07,0.999892253345788,0.000106123656384712,3
"20162",1.50922798912725e-06,1.88556852790464e-07,0.995968825539259,0.00402947667589948,3
"20164",0.000423920703565034,0.000127787368640122,0.947593008610431,0.0518552833173636,3
"20166",0.996924859944311,2.01061974606087e-05,0.00258996616625842,0.000465067691970394,1
"20168",0.572446344811464,0.000188644036920557,0.372623420961805,0.0547415901898101,1
"20170",0.00106199210483484,0.00025620090458615,0.54140729569564,0.457274511294939,3
"20172",0.994068679889807,0.00184896992453891,3.77332711814269e-07,0.00408197285294275,1
"20174",2.22660074599843e-05,3.01142687391367e-07,0.361350880085211,0.638626552764642,4
"20176",0.193492099525021,7.95698620649403e-05,0.0274492450337458,0.778979085579168,4
"20178",1.75131393930443e-06,3.76011307979065e-07,0.999931194896535,6.66777782175313e-05,3
"20181",0.992387570471015,2.56766080220543e-05,0.00729935961369525,0.000287393307267534,1
"20183",0.00948309352146545,0.00256568232302971,8.25216864591695e-05,0.987868702469046,4
"20186",0.0177710544877142,0.00360711722287293,1.86518048375713e-06,0.978619963108929,4
"20188",1.61544286467643e-06,4.12154989207067e-07,0.999522617980838,0.000475354421308503,3
"20190",0.99984486132037,4.69928084465834e-05,1.96498382229909e-06,0.000106180887361579,1
"20193",0.00387588794376439,6.65935009499673e-06,0.994444576772988,0.00167287593315237,3
"20195",0.0046837163761842,0.000129893832330075,0.846606986439599,0.148579403351886,3
"20197",0.99593923875293,0.000822255209791929,5.98833756507986e-07,0.00323790720352134,1
"20199",2.73740478070589e-05,3.50658339976296e-05,0.950119581712757,0.0498179784054383,3
"20205",0.000619842556730086,0.999328967338364,4.18759247585653e-08,5.11482289808164e-05,2
"20208",0.00605862233457627,6.3775269478892e-05,0.0432887946542119,0.950588807741733,4
"20210",5.32529167766253e-06,8.10560751526835e-07,0.989516112669173,0.0104777514783976,3
"20212",0.000475163185229431,2.66849477179203e-05,0.906813431560164,0.0926847203068892,3
"20216",0.99685801547031,0.000136924091910223,0.000193220891650368,0.00281183954612987,1
"20219",0.427470123592898,0.566737254752995,0.000149735951322157,0.00564288570278473,2
"20223",0.999313339116248,0.000516093202811106,2.28674129361829e-08,0.000170544813528477,1
"20226",0.142953814886893,0.0197126150588638,0.0055575298766482,0.831776040177595,4
"20230",0.999771446173477,0.000178216364888383,3.31808861530879e-07,5.00056527735928e-05,1
"20233",1.27634057433277e-05,0.995973903877264,8.55017732811606e-05,0.0039278309437113,2
"20235",0.959998916745401,0.0380401905152646,8.42383198082572e-08,0.00196080850101424,1
"20239",0.951149126195535,0.00134726989828303,1.13410747679263e-05,0.0474922628314137,1
"20254",0.0139239726462741,0.986070449773202,4.16345470975662e-08,5.53594597732418e-06,2
"20256",0.99929313608887,0.000449287555555329,6.46041678058093e-08,0.000257511751406808,1
"20262",0.000382064660958571,2.16934060018531e-05,0.8112100179227,0.18838622401034,3
"20270",0.946460732366893,6.71261351731773e-05,0.0126390222720044,0.0408331192259295,1
"20284",0.0250933054654115,0.521130065134204,0.000127618760560197,0.453649010639825,2
"20287",0.999730235351722,0.000261698984091824,1.23905448678231e-08,8.05327364151496e-06,1
"20290",0.00475869180791392,0.993334267528113,5.54699933824685e-05,0.00185157067059036,2
"20293",0.950741309901861,0.00334999291234751,5.62040747670617e-05,0.0458524931110241,1
"20296",0.00990411114190635,6.40640356872299e-07,0.695089941346949,0.295005306870788,3
"20301",0.999095802038818,0.000872760672670292,2.75765516255817e-05,3.86073688622958e-06,1
"20304",0.0162915930553059,0.983653810845989,8.82874298925143e-07,5.37132244062252e-05,2
"20306",0.997070471021321,0.00283880706827007,1.92692572812876e-08,9.07026411514807e-05,1
"20309",0.711692936678153,0.0100155126276153,0.000539997541693801,0.277751553152537,1
"20311",0.990722262243522,0.00158454534430955,0.000938019986187592,0.00675517242598137,1
"20314",0.0127054996739018,0.000469630712861257,0.0914748014081881,0.895350068205049,4
"20318",5.74097565535958e-05,6.53455282898882e-07,0.999707066134536,0.000234870653628117,3
"20320",0.00591455092597823,0.013667506416873,0.0068840607150081,0.973533881942141,4
"20326",0.0151905634567597,0.000884829557250915,0.183180023789701,0.800744583196288,4
"20328",0.00329402267043604,0.00576594590059223,7.85983244589298e-05,0.990861433104513,4
"20330",0.954204998044498,0.0375627668169794,1.2819940706884e-05,0.00821941519781528,1
"20336",0.0284982707009916,0.945242220326849,5.45699011802682e-06,0.0262540519820408,2
"20338",0.0362393064695373,0.96198271997401,0.000229825269422578,0.00154814828703021,2
"20340",0.999255467924152,0.000720266229215985,2.01642248114454e-07,2.4064204383792e-05,1
"20342",0.0013560110304436,0.99734268800558,0.000507237975818349,0.000794062988158158,2
"20344",0.995852564462498,0.00102267804104113,2.88401806409253e-06,0.00312187347839712,1
"20349",0.999567713172444,0.000273973462715595,5.37456811968159e-08,0.000158259619159324,1
"20351",0.936250807750746,0.0190380693964244,0.00121937979144048,0.0434917430613893,1
"20353",0.905777010955676,0.0923183084100194,4.87214450261859e-07,0.00190419341985411,1
"20357",0.00299259901496455,0.996968224738107,4.05396870451643e-09,3.91721929598194e-05,2
"20360",0.034283750606927,0.962075006293295,9.88602262593118e-06,0.00363135707715204,2
"20364",0.955693945713388,0.00672053322984116,4.17889795828895e-05,0.0375437320771877,1
"20366",0.00324881873944956,0.989826256629048,4.23527666707739e-05,0.0068825718648315,2
"20381",8.98527018232816e-05,1.63348873463492e-05,0.707916816935489,0.291976995475341,3
"20391",0.409560108212158,0.0419743428267157,1.18335570479976e-06,0.548464365605422,4
"20394",0.000322516669218084,1.13838781297104e-05,0.00228259148396676,0.997383507968685,4
"20396",8.25235127133599e-06,3.4353918008402e-07,0.0700164799453835,0.929974924164165,4
"20409",0.633561612572686,0.00182906496224951,0.2498181085608,0.114791213904264,1
"20411",0.895552169912319,0.103603695232704,2.62103018160021e-08,0.000844108644674248,1
"20416",0.0855523796550063,0.914446745143217,7.23699696638587e-10,8.7447807673931e-07,2
"20418",8.42308900764255e-06,2.16163624094723e-07,0.329871473213038,0.67011988753433,4
"20420",0.000110775941575828,0.974717183870516,0.00056547490991646,0.0246065652779912,2
"20422",0.99811781987326,0.000810250319146917,0.00010105452344065,0.000970875284152992,1
"20424",0.95071421534254,0.0486745204007419,6.02137081031822e-08,0.000611204043009944,1
"20426",2.70836646054993e-05,0.999762869998917,0.000188955291726628,2.10910447505608e-05,2
"20428",0.84573505131907,6.59628450183359e-05,6.75349705879388e-05,0.154131450865324,1
"20431",0.0998854790416317,0.0264170797830847,0.191504956528534,0.68219248464675,4
"20433",0.999897812434106,4.31920836419702e-05,1.68067589870303e-07,5.88274146624778e-05,1
"20436",0.911804738499465,7.02413212335294e-05,0.00533890440300024,0.082786115776301,1
"20439",1.4132138667484e-05,2.59203020859307e-07,0.369628705115141,0.630356903543171,4
"20441",0.00248870898746819,0.997335347139046,7.32441535350896e-07,0.000175211431949983,2
"20444",8.63885827660563e-07,1.22113924017043e-07,0.999692322229935,0.000306691770313514,3
"20448",0.0249795117271049,0.0033964178717638,0.394065482764116,0.577558587637015,4
"20536",0.000491097591086461,3.47073308886027e-06,0.000111461924460623,0.999393969751364,4
"20538",0.336930404164179,0.571182742798307,1.96636037238568e-05,0.0918671894337899,2
"20541",0.942698068166548,0.057279446275822,3.77382308112137e-08,2.24478193994865e-05,1
"20544",0.390945324729192,0.00270407379208337,0.0143222199741532,0.592028381504571,4
"20546",0.989180913568165,0.00872668117064114,1.03054262414198e-07,0.00209230220693172,1
"20550",0.495097214293548,0.0490381213132355,0.00714902724938784,0.448715637143828,1
"20553",0.0661359021339559,0.93386240729616,1.51435357542116e-06,1.76216308833809e-07,2
"20555",3.63217428018176e-05,0.995837886461787,8.05164925868653e-07,0.00412498663048575,2
"20557",0.306066654273659,0.403828167616608,0.00547640884479371,0.284628769264939,2
"20559",0.999385855438554,0.000136761985828461,7.30545877453362e-06,0.000470077116842663,1
"20561",0.00375394229848392,0.000239530938287364,0.506779930102156,0.489226596661073,3
"20564",1.75131393930443e-06,3.76011307979065e-07,0.999931194896535,6.66777782175313e-05,3
"20566",0.866948437721009,3.60287253434461e-05,0.000326752197794463,0.132688781355853,1
"20569",7.50866032593469e-05,2.13636455758317e-06,0.284107592063226,0.715815184968957,4
"20572",2.38573254505575e-05,1.93064146036667e-07,0.948273481668516,0.0517024679418874,3
"20574",0.996548046916325,0.00316808329179665,9.74950034888308e-06,0.000274120291529779,1
"20576",9.74655171118995e-06,9.21135016728054e-07,0.999668828954419,0.0003205033588534,3
"20578",0.864030616369682,0.0015748849001013,0.00874009998686167,0.125654398743355,1
"20580",0.824084439446783,0.000156426968932217,0.0003046042641123,0.175454529320172,1
"20583",7.37597448089633e-06,7.40352119349071e-07,0.999802046491897,0.000189837181502657,3
"20586",0.908163166233289,0.00288486784285269,2.02500538178463e-05,0.0889317158700406,1
"20589",0.999515788406313,0.000318685156665189,1.22602943728436e-08,0.000165514176727026,1
"20591",0.0092183593522428,0.244347177356732,5.13962553040804e-05,0.746383067035722,4
"20593",0.999868299732804,0.000129869189730833,1.0147941777924e-07,1.72959804695831e-06,1
"20595",0.995730122898306,0.000548220644057341,0.000149996024974846,0.00357166043266197,1
"20597",6.55957643327425e-05,1.53742710458e-06,0.00556808798078574,0.994364778827777,4
"20599",2.00145366479341e-06,1.87758181059808e-07,0.99990805568811,8.97551000436459e-05,3
"20601",0.00116730512264876,0.000213816806918109,0.00111064550818711,0.997508232562246,4
"20604",0.999839667458282,0.000129919170485281,4.10392905953887e-06,2.63094421727762e-05,1
"20606",0.999810334274639,0.00015297437604102,1.56415111435017e-07,3.65349342085486e-05,1
"20608",0.998246057752966,3.3088088372798e-05,1.63601212698365e-06,0.00171921814653421,1
"20610",5.04308285522237e-05,4.80564263410048e-06,0.99816403670782,0.00178072682099345,3
"20612",0.670972410884249,0.284811662744754,0.011777922621832,0.032438003749165,1
"20614",8.03396752120379e-06,3.31530425345556e-06,0.992583526613573,0.00740512411465245,3
"20616",0.0137033737346866,0.000375610728309063,0.00268843366999328,0.983232581867011,4
"20618",0.000692252969070823,0.99811066006592,4.35025674176971e-05,0.00115358439759113,2
"20620",0.997745087623421,9.29957924538495e-05,0.000143263694613348,0.00201865288951169,1
"20622",2.64573806609657e-05,1.23356059309549e-06,0.999302210186525,0.000670098872220434,3
"20624",0.972513309237662,0.0266076825224859,3.72822222159684e-07,0.000878635417629753,1
"20626",0.900294731447789,7.59487798034685e-06,0.00524997125178714,0.0944477024224437,1
"20628",0.269209261249197,0.000551516876294696,0.00178749962074024,0.728451722253768,4
"20630",0.895544403794144,0.000821102427809739,0.019682845970941,0.0839516478071052,1
"20632",7.21925775945364e-07,4.49684292845105e-08,0.98879623232503,0.011203000780765,3
"20634",0.999826687949352,0.000109907126442372,1.25528147416297e-07,6.32793960581894e-05,1
"20637",0.0185519327355275,0.981395284128904,1.92990056321456e-05,3.34841299363355e-05,2
"20639",7.39168319139962e-05,2.26355213094217e-05,0.785220269098577,0.2146831785482,3
"20644",0.496228031275433,0.503769803172189,2.50558229798326e-07,1.91499414780074e-06,2
"20646",0.974321119909495,0.0244894854344308,4.73493388069846e-05,0.00114204531726754,1
"20648",0.000811592298616805,0.000254297600221901,0.0356160906022591,0.963318019498902,4
"20650",0.765164229372028,0.234508066257802,2.81636407974861e-07,0.000327422733761888,1
"20653",0.00105449289828899,0.00143312899079037,0.00697807183403499,0.990534306276886,4
"20658",0.999158398892325,1.51635352766697e-05,2.57892148832982e-07,0.000826179680249555,1
"20661",0.0831706755703228,0.895238206300848,1.23417883626154e-05,0.0215787763404665,2
"20663",0.635553460177751,0.00326141945269483,3.19024411811403e-05,0.361153217928373,1
"20665",9.46943100486592e-06,4.79678557173792e-08,0.999868631038507,0.000121851562632558,3
"20667",0.025521513262015,0.000940311541412022,0.000599815028014206,0.972938360168559,4
"20669",2.55241727394764e-05,2.76045028661585e-06,0.00862527864994655,0.991346436727027,4
"20671",0.233866736061412,0.764655629183864,0.00015475832309572,0.00132287643162813,2
"20673",4.44288624038819e-05,8.82153154940128e-07,0.0256644027074291,0.974290286277012,4
"20675",0.00664133780876143,1.28958994317526e-05,8.21868669700778e-05,0.993263579424837,4
"20677",0.442976369507079,0.000450002963245474,2.44012615890308e-05,0.556549226268087,4
"20679",7.65142629571539e-06,1.27487785864527e-06,0.0243891681358138,0.975601905560032,4
"20681",0.000109317141761651,7.47182821717334e-06,6.89757056105859e-05,0.99981423532441,4
"20683",0.299511950066926,0.000153105614675079,5.36592701498563e-05,0.700281285048249,4
"20685",4.08152832903757e-05,0.983042185889285,0.000151265581178269,0.0167657332462464,2
"20687",2.46117925421511e-05,7.48901494925099e-06,0.944988493026907,0.0549794061656013,3
"20689",0.306816166022791,0.693154670838269,2.27790171746478e-07,2.89353487682451e-05,2
"20691",2.00871714056177e-06,4.43193132064179e-07,0.999604940448233,0.000392607641494297,3
"20693",0.998273049155202,0.00166682183783774,2.38991939333697e-08,6.01051077662297e-05,1
"20695",0.000576371302621374,5.71984975869814e-05,0.00898655794135382,0.990379872258438,4
"20697",0.999217903946096,0.000567774822553444,8.00374738352538e-05,0.000134283757514908,1
"20699",0.241684995800534,1.41842243934869e-05,0.000388860160756759,0.757911959814315,4
"20701",0.85427767272816,0.000355815222795084,2.44826942094357e-06,0.145364063779624,1
"20703",0.000303399261209396,0.0129512916979621,0.00513070798632831,0.9816146010545,4
"20705",0.99137327705395,0.00584869827879678,6.50456398212537e-07,0.00277737421085491,1
"20707",0.00876497158946914,0.000758895389917508,6.25528071080314e-05,0.990413580213505,4
"20709",0.039944338293506,1.80511630896953e-05,0.886268248882539,0.0737693616608652,3
"20713",0.000225886629241956,0.0196831703853738,0.041395549647009,0.938695393338375,4
"20715",0.862888524845605,0.108765675132569,0.028318204696166,2.75953256591136e-05,1
"20717",0.000248818899324724,5.77412800768736e-05,0.000363389000216651,0.999330050820382,4
"20720",0.984626284593992,0.000527169671675897,4.7461242895221e-05,0.0147990844914368,1
"20722",0.980616035965163,0.000129856182483284,6.03870470266124e-06,0.0192480691476511,1
"20724",0.000110661567393093,1.90819820274644e-05,0.234654181624376,0.765216074826203,4
"20726",0.998521687328674,0.00140256943250613,1.4823387014448e-08,7.57284154326085e-05,1
"20728",4.02297720598027e-05,4.64766587236607e-06,0.000311145067891012,0.999643977494177,4
"20730",0.00215179776918397,0.000166133521169481,0.465905576869402,0.531776491840245,4
"20732",0.421124159306359,0.0957637722931875,0.000264652172333543,0.48284741622812,4
"20734",0.40552440632639,0.00258869284071653,9.43653658396394e-05,0.591792535467054,4
"20736",6.54420257118417e-05,2.05919652365528e-06,0.877443205305001,0.122489293472764,3
"20738",0.525573837993037,0.0718384289218126,0.383267352853846,0.0193203802313038,1
"20740",0.604468614138139,0.290678474518511,1.67799318577014e-07,0.104852743544032,1
"20742",0.000229131923864982,0.00235731081794818,0.000454338336946144,0.996959218921241,4
"20744",4.44054343663992e-06,3.99296311930416e-08,0.961396671077092,0.03859884844984,3
"20746",0.0801353640161983,0.000168095948848151,0.000159644764368693,0.919536895270585,4
"20748",0.000115967242679203,7.04878093776995e-05,0.332655621590242,0.667157923357701,4
"20750",0.00082238405074359,3.1770834431582e-06,0.658686352607248,0.340488086258566,3
"20752",0.967647188322027,0.00124033694854549,1.43996487722e-06,0.0311110347645498,1
"20754",0.000182181042755253,1.44871310829443e-06,0.0128321504533274,0.986984219790809,4
"20756",0.140845966240082,0.000523544217953126,0.320904532990437,0.537725956551528,4
"20758",0.267901285322029,2.34839528310451e-05,0.379204457665059,0.352870773060082,3
"20760",2.47438024986013e-05,8.87888734308876e-07,0.173407718403088,0.826566649905679,4
"20762",0.000108364678348494,3.20287986460669e-06,0.00121873638241015,0.998669696059377,4
"20764",1.12982839889158e-05,6.09008029215571e-06,0.693652997136442,0.306329614499277,3
"20766",5.24664617405581e-05,1.05802469465656e-05,0.100276615463003,0.89966033782831,4
"20768",0.00123894876269458,5.91121337970205e-05,0.836345140202294,0.162356798901215,3
"20770",0.0253044579806245,1.01271063918509e-05,0.000530004864577266,0.974155410048406,4
"20772",0.999912986288992,2.09276486277018e-05,1.48636446927308e-06,6.45996979104461e-05,1
"20774",0.998808806550164,0.00118413463196784,1.96927413625557e-08,7.03912512660756e-06,1
"20776",0.00161321626288773,0.00189492736440851,6.02083365996841e-05,0.996431648036104,4
"20778",0.336672902501743,0.663326148657827,2.74443355252873e-07,6.74397075014924e-07,2
"20780",0.00125841635966991,5.69838562829602e-06,0.178279764121197,0.820456121133505,4
"20782",5.40710759555295e-05,2.08311112451417e-06,0.0658426933250626,0.934101152487857,4
"20784",0.000205534699168004,3.50754843223989e-06,0.000718538807149676,0.99907241894525,4
"20786",3.21869468233449e-06,1.65632176299442e-08,0.999025024127076,0.000971740615023743,3
"20788",0.0202480541725148,0.00226118829520294,0.000171081165210788,0.977319676367071,4
"20790",4.97915230117984e-05,3.09827686924841e-07,0.0918380878228864,0.908111810826415,4
"20792",0.0456945589456849,0.0039281118869274,0.498869962733809,0.451507366433579,3
"20794",2.30920883055984e-05,1.66080805551879e-07,0.467203619860958,0.532773121969931,4
"20796",0.99581892235251,0.00362796094050657,8.96018315868795e-08,0.000553027105151974,1
"20798",1.75131393930443e-06,3.76011307979065e-07,0.999931194896535,6.66777782175313e-05,3
"20801",3.62442328788076e-05,2.91419475685458e-06,0.998448533831796,0.00151230774056816,3
"20803",0.0363866150449963,0.00493458300327385,3.3635575620087e-05,0.95864516637611,4
"20805",0.340994455433777,0.00147678464493362,0.000126876590371316,0.657401883330918,4
"20807",1.75131393930443e-06,3.76011307979065e-07,0.999931194896535,6.66777782175313e-05,3
"20809",0.00148102678244874,0.00107550884690035,0.00157498061691281,0.995868483753738,4
"20811",0.0127953851079642,0.00329671899648426,0.958889145227518,0.0250187506680338,3
"20813",0.447016389805784,0.00416665164584892,0.0791424130074878,0.46967454554088,4
"20815",8.82489050822512e-07,2.20767980365465e-08,0.998572835029697,0.0014262604044539,3
"20817",0.000230068857426343,0.000122376295698457,0.0434505000148765,0.956197054831999,4
"20819",0.334030552432792,0.00812104010825876,4.98520041639424e-06,0.657843422258533,4
"20821",0.969851691556666,0.000895013364664078,0.0228315760699035,0.00642171900876604,1
"20823",0.198580262679135,0.00702453037327758,0.0161414919711824,0.778253714976405,4
"20825",3.00068821226901e-05,3.34455357109176e-06,0.0709923084051034,0.928974340159203,4
"20827",0.000397851965304564,0.0003774123785122,0.837131132181523,0.16209360347466,3
"20829",0.995724843234684,0.00179777403742056,3.34360728433723e-05,0.00244394665505131,1
"20831",0.00014348083685235,2.43459656443678e-05,0.0718045691780666,0.928027604019437,4
"20833",0.000110692540680583,1.75494390278653e-06,0.190991847821535,0.808895704693882,4
"20835",7.61869006302851e-05,9.70000780378462e-05,0.0329812891178864,0.966845523903445,4
"20837",0.000334022977000489,0.000136454358652631,0.0024310221851977,0.997098500479149,4
"20839",8.38559114888126e-05,5.40648267878334e-06,0.0124830290287235,0.987427708577109,4
"20841",0.441931209442326,0.352409789334303,8.24672497085529e-05,0.205576533973663,1
"20843",0.00126972579026795,3.50006561610129e-05,3.34539937415498e-05,0.998661819559829,4
"20845",0.00144255631656596,4.58921898727437e-05,0.5610112195301,0.437500331963461,3
"20847",0.436459303569638,0.00210874618607913,0.000374687976408549,0.561057262267875,4
"20849",0.582518968913299,0.000322794022562312,0.0137536514124789,0.40340458565166,1
"20851",0.70495834272859,0.00618473263721037,5.96020182154581e-05,0.288797322615984,1
"20853",0.473477733107201,0.5168407001516,3.80517177976796e-06,0.00967776156941916,2
"20855",0.996231722135844,0.000649662211962509,0.00026526819778077,0.00285334745441259,1
"20857",0.632009477430349,0.00134640098815043,7.80889563327908e-05,0.366566032625168,1
"20859",0.978773327326181,0.000104103695403935,0.000123004227036146,0.0209995647513787,1
"20861",0.000321953746021177,0.963048732476121,0.00323695356525037,0.0333923602126073,2
"20863",6.33986867071691e-05,5.49359430739372e-05,0.382509012299305,0.617372653070914,4
"20865",0.00112659603889647,1.15359645909644e-06,0.000815027119703373,0.998057223244941,4
"20867",0.998972372652811,0.00102642232945026,3.20200584386303e-08,1.17299767988872e-06,1
"20869",0.000340793345614279,1.5116355788335e-05,0.534819976514133,0.464824113784465,3
"20871",0.997948531175558,0.000621348533703612,0.00130776644686172,0.000122353843876038,1
"20873",0.999109406704027,0.000349539093042524,0.000441377642790972,9.96765601397516e-05,1
"20875",0.932058300127475,0.0312643188197875,5.05495152736519e-05,0.0366268315374637,1
"20878",2.23218574155243e-06,2.55819079272303e-07,0.99650084390455,0.00349666809062948,3
"20880",0.00020162166542202,3.12551525794287e-06,0.178817621534639,0.820977631284681,4
"20882",0.997949885962347,0.00173068357895315,3.04544846586075e-06,0.000316385010233819,1
"20884",0.000346909859723353,0.000177000942284074,0.00534945448790932,0.994126634710083,4
"20886",0.00201466307845657,6.95231180141432e-06,0.729159298572733,0.268819086037009,3
"20888",1.84037771626493e-06,1.15749566475915e-07,0.886917235556632,0.113080808316085,3
"20890",0.000632345358802226,4.49997162354298e-06,0.225214087159087,0.774149067510487,4
"20892",0.486307660119111,0.0500863483160705,7.02084229580249e-05,0.463535783141861,1
"20897",0.081845387080036,0.0197406764085131,0.0189997783503139,0.879414158161137,4
"20899",0.090020055397156,0.00146707734512459,0.0441552365321394,0.86435763072558,4
"20901",0.0311613228788824,0.967439349666474,1.58129251886397e-05,0.00138351452945458,2
"20903",0.965627469212264,0.0295797826615966,0.00475277936014126,3.99687659975826e-05,1
"20905",0.903474558695986,0.0181683245868406,0.0355739573514896,0.0427831593656838,1
"20907",0.999023627061239,8.23589938987413e-05,6.08271428798293e-07,0.00089340567343356,1
"20909",0.426127159137106,0.00136523847091009,0.0274419159956655,0.545065686396318,4
"20911",0.0254098540392246,0.974582056844727,1.46949061564226e-07,7.94216698621049e-06,2
"20913",0.00905800603419268,0.000353772613260039,0.00696428462597366,0.983623936726574,4
"20962",0.91417898032653,0.000142423578567729,6.24196798110477e-05,0.0856161764150907,1
"20969",0.96377609319861,0.0198741611699459,0.0133872584207667,0.0029624872106774,1
"20980",0.907145712607969,0.000210812219647181,0.000715454197243009,0.0919280209751408,1
"20982",0.987468280083404,0.000137622490452317,1.50511987564104e-06,0.0123925923062683,1
"20984",0.000574937061571366,0.000697997232724627,0.0077432668298419,0.990983798875862,4
"20994",0.978018561202635,0.0111746492544258,0.000662853112263887,0.0101439364306757,1
"21015",1.55094611086277e-05,0.00071242584621715,0.848035229378389,0.151236835314285,3
"21023",0.970433499585357,0.029477715420746,1.30575735139575e-07,8.86544181615514e-05,1
"21040",0.909442420296749,0.00496700445241641,1.3470576843639e-05,0.0855771046739912,1
"21073",0.543705129922209,0.216935779745401,0.00882691768150297,0.230532172650887,1
"21222",0.000644393001659544,8.96387764001603e-05,0.126622963179968,0.872643005041973,4
"21224",0.06963508954122,1.38369529662027e-05,0.00442733925708901,0.925923734248725,4
"21228",0.0111386501295416,0.108051605020893,0.625561269000698,0.255248475848867,3
"21232",0.965143399094733,0.0328412126011926,3.68650897603427e-07,0.00201501965317674,1
"21237",0.564243681708241,0.414250098380583,0.000992436142146756,0.0205137837690283,1
"21240",0.000117079507608346,8.4850316709752e-05,0.102156806756342,0.89764126341934,4
"21245",7.13387777377219e-05,5.68195863016516e-06,0.263808571373087,0.736114407890545,4
"21252",0.867159115518328,0.127983715168216,1.11257002464136e-07,0.00485705805645313,1
"21254",0.834046091765289,0.115581029785288,1.36569591534997e-05,0.0503592214902701,1
"21258",0.0946327165873673,8.5174228871968e-05,0.00929468019964512,0.895987428984116,4
"21264",0.00710023759972918,0.000371801008617669,0.14741908089828,0.845108880493373,4
"21305",0.0156414146661917,7.65609547273114e-06,0.0217253741592057,0.96262555507913,4
"21333",0.891833640110518,0.00134887730133707,1.2117105009887e-06,0.106816270877644,1
"21366",0.0253693049181599,0.00287761237529705,0.000340290326094383,0.971412792380449,4
"21377",2.00805540296016e-05,1.70256326613273e-06,0.998791345324275,0.00118687155842935,3
"21380",0.918156469398162,0.000342704044913089,0.0193299430506708,0.0621708835062539,1
"21387",0.000150446182460552,0.999848923545949,8.8604725972731e-10,6.29385542764033e-07,2
"21390",0.984522262942842,0.00995492974324905,2.40163586724782e-06,0.00552040567804214,1
"21392",0.181727670544104,0.0576916547912081,0.000504674618139708,0.760076000046548,4
"21403",0.893904045993236,0.000215625425965565,0.0300603986405933,0.0758199299402047,1
"21408",0.998769547684666,0.000551474615930864,6.26883811552191e-05,0.000616289318248473,1
"21412",0.022858804071653,0.976421923122251,0.000297872153515682,0.00042140065258021,2
"21421",0.0025148377545532,4.51032480269086e-05,0.00157865377274994,0.99586140522467,4
"21424",0.0395439531919892,0.960443816967109,1.17104704870861e-08,1.22181304313062e-05,2
"21429",0.9916162374457,0.00530250548629001,2.75448575651689e-05,0.0030537122104453,1
"21431",0.0141410429000971,0.000217124168889978,0.00122120686443598,0.984420626066577,4
"21436",0.00199973360708863,4.66059350519408e-06,0.000849621213381765,0.997145984586024,4
"21439",0.966354340842391,0.00082624605867192,0.00400165269062695,0.0288177604083098,1
"21442",0.0798308588292653,0.00114158825711945,0.194044529393368,0.724983023520247,4
"21444",1.29742124460168e-05,2.77217816886926e-05,0.00419494731894355,0.995764356686922,4
"21446",1.28005239697427e-06,4.90680420221134e-05,0.994077716737612,0.00587193516796839,3
"21448",1.20055717797469e-05,0.995257975973112,9.23677029021098e-05,0.00463765075220638,2
"21450",0.352070826970381,0.0291526386190277,0.0398689963156187,0.578907538094973,4
"21452",0.977975669482895,3.5630124707436e-05,6.73597216858029e-06,0.0219819644202289,1
"21466",0.978145404292996,0.0218027651669563,7.16377608704851e-09,5.18233762718005e-05,1
"21470",0.9045301540141,7.1118175041813e-05,0.000744735991332367,0.0946539918195264,1
"21472",0.989097531085376,0.000738140184921809,8.84195821454369e-08,0.0101642403101197,1
"21474",0.851128623439258,0.123608909235934,0.00116702480817672,0.0240954425166316,1
