"","V1","V2","V3","V4","V5","V6","V7","V8","V9","V10","best$classification"
"19811",4.96072809863646e-07,1.85191406017027e-05,2.06610059051207e-10,0.000147166136576993,0.00030027440615062,0.0700698789802902,0.0215811047598367,9.24449222804114e-10,0.907871735884602,1.082348807301e-05,9
"19813",1.29564444081864e-08,3.00235581600318e-09,1.38178551317969e-12,2.20820967194612e-07,6.02933094716175e-08,8.37132812853462e-08,0.999935454363169,5.97069549248138e-09,6.41300685956395e-05,2.88097998549921e-08,7
"19815",0.000160132995306183,5.47896614697435e-08,1.67480751683528e-05,0.00266026558231548,0.00852776481618894,0.0268221096551709,2.07064695232107e-07,1.604319327639e-09,0.960934529940737,0.000878185476437245,9
"19817",5.8661550449362e-06,1.67153425995418e-05,2.42023873644866e-07,0.00539434913563579,0.00287490738218468,0.425167722376193,2.64628889425205e-06,2.4281477856907e-10,0.566422532637367,0.000115018415392086,9
"19819",0.244531897460834,7.69868223108387e-09,0.701948694919932,0.0479580694830413,1.17494213780693e-05,3.51414950817659e-07,9.32396868709789e-12,0.00549782853254434,1.0770600662253e-06,5.03239992468314e-05,3
"19821",7.17332357012943e-05,0.00193210709363582,4.64893706866317e-09,0.00430200540102031,0.0002213005640136,0.61792870954641,0.0120721667812541,9.00994016015323e-08,0.363471249696859,6.32932766859477e-07,6
"19823",1.16607826778898e-05,1.72045811394719e-06,0.00108919477371857,0.00128331425100531,0.000154220043867107,0.0594848886358828,2.87921644576572e-07,4.90014547120552e-09,0.210487896237609,0.727486811995336,10
"19825",0.00370182128723569,0.72697112246825,2.33241623210065e-05,0.00502851673408279,0.00190288521038354,0.0015826422226203,0.000968713968736073,0.259789273414129,2.97452916723817e-05,1.95524056809326e-06,2
"19827",1.46437759611409e-06,0.0112842307282847,6.47558954434265e-07,0.00145053359093238,7.98784740340283e-06,0.983448592354096,2.54970187252239e-08,9.85853591432719e-09,0.00375912571997037,4.73824672082026e-05,6
"19829",0.0367311212217837,0.000905687246453138,3.81404440597492e-05,0.959898897084574,0.000103027835170823,0.000370924687803639,2.96435719097545e-07,0.00193977821161749,1.21025876298812e-05,2.42451884753116e-08,4
"19831",0.148240842874147,1.69800413202039e-08,0.125218919469889,0.706513111056897,2.50495236941757e-05,8.72554422571234e-07,8.31606144509451e-08,0.0170607150339165,5.0153799996214e-05,0.00289023554638157,4
"19833",4.72115182837717e-07,1.49853707622789e-05,0.0929577143918627,5.06396416175622e-07,0.00310283082664585,1.31678039095261e-07,5.28353021484107e-07,0.00114930822539339,7.01208316291733e-08,0.902773452521844,10
"19835",7.17332357012943e-05,0.00193210709363582,4.64893706866317e-09,0.00430200540102031,0.0002213005640136,0.61792870954641,0.0120721667812541,9.00994016015323e-08,0.363471249696859,6.32932766859477e-07,6
"19837",1.27046354038459e-05,0.000883538801529509,1.40234933361335e-07,0.0193918190787605,2.12117504333218e-05,0.936118637834231,5.07599662437267e-07,3.48066147425906e-09,0.04356370112359,7.73546079491153e-06,6
"19839",0.0396105378507774,0.00878479459625977,2.70055399339363e-06,0.441132943785563,0.000576379905001409,0.000719450034620485,0.000406149221695403,0.508589359942135,0.00017745593492504,2.28175028554718e-07,8
"19841",2.32286007931324e-08,0.999871142527472,1.48304854810636e-10,6.1868396961999e-07,6.46424256341082e-09,9.4526580992704e-05,5.14417479911021e-06,2.85294119798139e-05,8.59994808033537e-09,1.79690857051512e-10,2
"19843",0.580312040537363,1.40670191263139e-09,1.25552943245088e-05,0.00569075037595129,0.000957174809768405,9.41055240445709e-09,0.00615234714120716,0.406818890876402,5.60340181924781e-05,1.96129536767962e-07,1
"19845",7.00678687022083e-08,3.04950417981451e-07,5.83089430244792e-11,2.60031180241747e-06,1.80043661796892e-05,0.00101317987324862,0.809757867868701,2.42037437422521e-10,0.189197313653156,1.06586082791788e-05,7
"19847",0.000178271355113813,3.82026339151582e-08,3.07565174104257e-07,0.00343420009297144,0.00122636859706212,0.00231069788314807,0.000662261309386249,2.42870647414654e-08,0.992090584638737,9.72460687081912e-05,9
"19849",1.14523680250476e-09,6.29781816734478e-09,2.41092148704133e-13,1.66261167115869e-08,9.50159627325565e-09,3.58654906163239e-07,0.999875487682042,4.53123266511119e-10,0.000124086071231029,3.35676878431202e-08,7
"19851",1.66389211910713e-06,2.40391291920701e-07,9.12691938200379e-08,0.000272361793663316,0.0002838439479604,0.0629501129129524,4.16446069074793e-06,2.73880428091461e-11,0.936248071665659,0.000239449639081237,9
"19853",7.74582271776629e-09,8.93073883899029e-06,4.73477575135593e-08,5.05686157570341e-06,2.37996816511471e-05,0.0906948099732499,0.00778982317147189,1.44854693402201e-11,0.809685318696222,0.091792205768925,9
"19855",4.99347659203573e-08,0.000166680116081208,9.71908558533629e-09,0.000330807895879906,8.78159272030511e-05,0.613581995533686,0.000626886824969441,1.78883686386055e-11,0.384656017981436,0.000549736049004566,6
"19857",0.000307089994547387,0.00189220796447697,2.48663226511249e-08,0.342184059027216,0.00516758120694572,0.287478245961816,0.0125745190233895,5.74337247916742e-07,0.350392573538322,3.1240797148908e-06,9
"19859",2.42128846757132e-05,0.000703006393115354,2.47354883213366e-06,0.0664713206503554,0.00195342869850797,0.751966693136416,4.26455508176305e-06,2.32964516556917e-08,0.17838254271803,0.000492034118534729,6
"19861",3.322266051267e-07,1.68467552008779e-07,3.93152942837302e-10,3.45322758290377e-05,2.78397601448523e-05,0.0058621241980466,0.0280908355497846,1.64050924683939e-10,0.965949443393333,3.47235715012336e-05,9
"19863",2.15656263692663e-10,0.00689780150775713,3.62954184709847e-13,1.37700309232972e-08,5.29440014543981e-08,1.76610112205299e-05,0.993082565168625,3.94661469820925e-07,1.501669343036e-06,9.05153218999543e-09,7
"19865",2.07187567975741e-08,0.907642435942519,3.65075458042784e-10,1.19193137824183e-05,4.26128211933071e-06,0.0923249748934329,4.92207791553941e-07,2.16427436797216e-08,1.58601068382883e-05,1.35269405398601e-08,2
"19867",2.06261609775292e-05,2.28352071432455e-09,3.07273855208021e-08,9.15162910251832e-05,0.000304894240795742,0.000945897068175098,0.000368187626374794,5.69932182914141e-10,0.9982403289532,2.85160786131726e-05,9
"19869",1.37667108159891e-09,2.27598951762082e-06,5.58081989702133e-13,2.55823142623225e-07,9.95011065518723e-08,0.000338717961150817,0.993841829441227,6.57979688018012e-11,0.00581653675842952,2.8308239913917e-07,7
"19871",3.47765779896936e-05,0.00153528737964535,2.47337506290106e-06,0.148044696729792,0.00038485083895212,0.816127619581862,2.93854255018855e-07,1.34820006079828e-08,0.0338006869319708,6.93012484693213e-05,6
"19874",5.12961249795124e-08,0.0732907542834077,2.40074155983216e-08,5.79470196948764e-05,0.000166993694188079,0.923939842908275,6.39489042510653e-07,3.56775433405338e-09,0.00252779368206453,1.5950052032322e-05,6
"19876",5.14857475066975e-09,0.00814764836639952,1.03906616750595e-10,1.84793327328583e-05,2.26877007751955e-06,0.977261444480338,5.02018514946971e-05,3.28730722574975e-11,0.0145177475648336,2.20434876896157e-06,6
"19878",0.00160307670345375,8.50918405331879e-08,7.64207839158931e-06,2.27304158445457e-05,0.997844151765852,1.0146092890634e-05,6.20539075701232e-07,4.28946686964095e-05,0.000468113147151097,5.3949680355467e-07,5
"19880",2.21600317446231e-10,0.940263516277179,1.49858867784395e-11,7.64051948681887e-07,4.84097877033905e-08,0.0597207808225649,6.25123049354822e-06,8.57232688387308e-10,8.60031230757057e-06,3.7801900535414e-08,2
"19882",5.6611731062167e-07,3.58231239973429e-05,2.2875342624226e-09,1.84856182471453e-05,0.00219737047285195,0.0469011385362493,0.150034387113798,2.2305896665445e-09,0.800709438501839,0.000102785997583024,9
"19885",0.000632240172978225,1.45492847260103e-05,4.73121581191795e-07,0.153438651315052,0.00590979872865606,0.252348580152723,3.31645833456939e-06,1.41568212101699e-08,0.58764660696444,5.76964468727879e-06,9
"19907",7.69011420310332e-06,4.35358370358496e-08,6.23747129954492e-09,3.83221928705839e-05,0.000683939779563276,0.00302808224009079,0.00927869338903714,4.48708896930859e-10,0.986952460500161,1.0761562056473e-05,9
"19909",0.0923087688778861,5.06423669874852e-08,3.83090557041496e-06,0.906106221699392,3.42189856515695e-06,3.21761546241827e-05,1.51003475525586e-05,5.55674257318061e-05,0.00147470124027359,1.60808037454031e-07,4
"19911",0.00786338455364429,0.000686864361191604,3.10631181226082e-05,0.988931145577114,4.19294617817844e-05,0.0011482509964409,6.83687961558824e-07,0.0011611941930818,0.000131651773620422,3.83227704053191e-06,4
"19913",2.58628610876349e-10,0.999604214110741,1.26083202310132e-10,1.36667763020247e-07,6.3736653389241e-09,0.000395473235806087,3.78412999821834e-08,1.2061760858202e-07,7.34352729288969e-09,3.42487657171948e-09,2
"19915",3.23739168822132e-08,0.0085326330087942,8.90505881379216e-09,5.38961430839858e-05,2.15389706182791e-05,0.987483848196642,1.27792621182892e-07,1.32784346374086e-10,0.00390116651476946,6.74796171028302e-06,6
"19917",3.3617489078513e-07,0.751087898181986,1.51928272141381e-08,0.00046867210095556,3.91534990529275e-05,0.248206016717157,1.01987958446905e-06,6.00188373317087e-07,0.000194789795005927,1.49827016641734e-06,2
"19919",1.61838852531532e-06,0.00398082430515603,2.44389233579408e-07,0.00221498841622841,0.00146361545009592,0.976039616424848,1.19453667067263e-07,3.69610535756585e-09,0.0162737862820808,2.51831940593092e-05,6
"19921",6.45534435906848e-06,2.2427174614397e-08,2.3214059468876e-08,0.000341267318148365,0.000591242437354089,0.00853595842826337,2.71012206107069e-05,8.44580818806453e-11,0.990465309099126,3.26204264458591e-05,9
"19923",0.0012251854650631,1.46272383455872e-09,8.15097877785753e-05,0.000147810744880547,0.877282517227434,7.99273263150681e-05,3.7123787200778e-06,6.70058683383868e-07,0.120535471559296,0.000643193989104759,5
"19925",6.74431524635524e-08,0.205296912317983,1.14506898251795e-08,7.90590862853092e-05,7.37086540411929e-05,0.793904736378139,1.74791598637994e-07,5.75656972116021e-09,0.000643061021669382,2.26309987179953e-06,6
"19927",1.69884101728095e-06,2.85069793147508e-06,6.5028743142226e-08,0.00154409539208213,0.000122765961182653,0.218397641814774,9.68629525317337e-06,4.68417470763147e-11,0.77973984519611,0.000181350726064311,9
"19929",2.87327770457779e-10,0.691043229511758,5.92200951080394e-13,1.05516238998755e-07,1.23949232219464e-08,0.000525091147202593,0.308429024845894,5.85928206752922e-07,1.93896471857339e-06,1.14031385188606e-08,2
"19931",5.13443002770555e-05,2.03179817815601e-05,2.68398489272927e-06,0.0097639536425856,0.000676742152097737,0.516981236399386,2.45656796353844e-07,4.63709839601113e-09,0.472240901215452,0.000262570029633084,6
"19933",0.0658624609055879,1.01980280440886e-05,0.00020358040928282,0.895683045007385,7.43587079269859e-05,0.0222148543084199,3.0786138065663e-08,9.35474349282131e-06,0.0159345491452901,7.56795843256528e-06,4
"19935",0.0194345405477402,4.79803026713938e-05,3.66919765373678e-07,0.1006906469555,0.00800189640047991,0.0994027278946821,0.000290885973616835,7.9500302805092e-06,0.772121692308177,1.31266708653787e-06,9
"19937",1.79037633437077e-05,7.53328372862229e-08,3.41827352972579e-06,0.00117873484232145,0.00107099105298184,0.0425419265620795,3.86091278226514e-07,1.22040684461745e-10,0.954138727476375,0.00104783648321304,9
"19939",5.56609800680556e-05,3.96234863656231e-05,2.82352651262298e-06,0.00152017961468891,0.341677946332848,0.318510614603315,1.63155190390213e-06,3.61577840793057e-09,0.338137792147316,5.37241412027891e-05,5
"19941",0.0320093525451699,0.0116862883880183,5.54504798597649e-06,0.871866416965354,3.36675190940626e-06,0.00195307941624104,4.62804781755801e-05,0.0822960052747792,0.000133155910556902,5.09221810183007e-07,4
"19943",2.8208612553785e-09,0.958682287842124,3.7364136989e-09,5.23143921297116e-06,9.34541340766494e-07,0.0413092297042771,2.64581308518487e-08,8.32043553990183e-09,2.07602654077818e-06,1.99110663097689e-07,2
"19945",0.164382855650115,3.81752587521324e-07,0.00066420811090281,0.814633305744447,0.00251866123797999,0.00163208377292762,1.45507054566151e-08,8.2337627809227e-05,0.0160554973364713,3.06542160534698e-05,4
"19947",0.000856816833171485,0.393919094517436,5.22662543345553e-06,0.586889035470903,0.000114482648845827,0.0089734493298691,0.00753736507038315,0.00154350176244379,0.000156613614011866,4.41412750236418e-06,4
"19949",0.0247219829555266,8.99755858153564e-09,0.000865282689014044,0.00171473573877309,0.870467589644245,0.00053928262532938,6.88683255450578e-08,2.22510140731016e-06,0.101562622406282,0.000126200973538256,5
"19951",2.48973484256612e-05,0.109682081771678,4.70827122780217e-07,0.00112116674318067,0.045160722917257,0.835846379525535,1.82684691071391e-06,2.0404691721029e-06,0.0081548361939977,5.57735671950999e-06,6
"19953",0.0848458423132115,3.57775477565367e-10,0.866991349764722,0.014047813103802,0.000687203900653841,2.02709286554026e-06,2.62503932709718e-09,0.000117461080287363,0.000593066162488184,0.0327152335991546,3
"19955",0.197501438428211,1.005448372992e-07,0.0210591614737414,0.447811910106617,0.317163729908653,1.07845785758165e-05,2.5271443101241e-06,0.01335679234156,0.0016693686687783,0.00142418680471583,4
"19957",4.74334652595911e-06,0.419093252130881,3.74022850247588e-05,0.0981230738773643,0.00019502323727851,0.474083998591586,7.16310207265759e-06,2.26147942006856e-06,0.00178307407768919,0.00667000787215814,6
"19960",0.218687542721111,3.63487498788766e-05,5.16156442919217e-05,0.774475169188292,0.00417880422459483,9.29764282232513e-05,1.07122723600117e-05,0.0023545259809382,0.000112234483293811,7.03070160531434e-08,4
"19963",8.27503889721333e-07,0.941743764697962,0.000958360854453944,4.25000482683043e-05,8.13175225461498e-07,0.000941391756636881,4.81416158333479e-06,0.00767528349121431,1.07689430694858e-06,0.0486311674164593,2
"19965",0.884607799686682,3.49500319749171e-10,0.000169551972200649,0.0188488335782244,0.0831593894931162,8.61199325402303e-08,9.563336554696e-06,0.0129706661262704,0.000233608960558787,5.00376959643797e-07,1
"19968",4.28624500372136e-05,0.691420456265218,1.01189508837817e-10,0.00158054220302823,1.34538982211669e-05,0.0387308453045903,0.267145417461649,9.1898451451508e-05,0.000974522521973854,1.34264136318913e-09,2
"19971",1.60470644786118e-06,0.997522490866115,0.000147383347862654,2.98095449755053e-05,8.51956642049026e-06,5.9190581247032e-05,1.51070964074434e-08,0.00222817905477387,3.51874960556865e-09,2.80370631189264e-06,2
"19973",3.4600131549744e-06,0.000130104307984576,5.5435966817798e-09,0.00203864373851496,0.00028165231738103,0.69723067327136,1.39759160289771e-05,4.75300373936386e-10,0.300298164230967,3.32018571159624e-06,6
"19975",3.42577215185107e-07,0.560784320601691,4.48418581220853e-10,0.000344700389992483,3.44094587863512e-05,0.438189447079393,1.46442401680892e-05,8.22710389085128e-08,0.000632014464104026,3.84691925259837e-08,2
"19977",2.57460809583525e-07,0.996927088747851,4.96834032533641e-07,8.59289323106956e-06,0.000431286796672729,0.00242349898951189,1.86584731318727e-05,0.000175250653393966,4.08077589439039e-06,1.0788375471804e-05,2
"19979",0.820682260843446,1.05622587741766e-07,0.00429685340445222,0.09288863437657,8.34135336173526e-06,8.29155565238155e-08,2.96617389701382e-11,0.0821236752093361,4.11628666504117e-08,5.08216172705046e-09,1
"19981",0.000383001630460097,6.72331415465573e-06,2.62542827337501e-07,0.573851630591646,0.000201547937898361,0.0407322741181088,0.000229505372979497,6.53469529121759e-08,0.384562377105697,3.26120392754495e-05,4
"19983",0.00167923266721373,2.55707056968079e-07,2.62806000860157e-06,0.140785151246292,0.121190812773735,0.00687851039684444,0.00012719395109362,5.27769511897555e-08,0.729283473652244,5.26887685604863e-05,9
"19985",7.35006455212579e-09,0.0814338793511612,4.0941039535277e-10,3.09751089089735e-05,3.05670411089137e-05,0.915844317442186,6.93534160235117e-06,3.19595834134803e-10,0.00265159321020135,1.72442576020368e-06,6
"19987",0.00151998592689411,0.00149232905744414,5.64302046329447e-06,0.419271533173299,7.96803695109473e-05,0.536723072591336,5.96141107327124e-07,9.08919168825234e-07,0.0408974021117522,8.84868902379852e-06,6
"19989",0.980358114432991,1.31512099583114e-11,0.0108326775712752,0.00780063975921869,2.49204887489184e-05,1.7409723903079e-08,1.64772075185564e-11,0.000980420582524158,3.02114032275475e-06,1.88585566722192e-07,1
"19993",0.0367226361806116,0.000731688349415943,0.000180303618725342,0.0354572137118268,0.775841512629067,0.133441015011626,7.328271394624e-08,2.85603660324094e-05,0.0175953675150501,1.62933493086654e-06,5
"19995",0.289140472725119,0.000467523995027018,0.000108948193451889,0.56280159431495,0.0440234596544185,0.0617532439137289,1.6016877730195e-06,0.000880557624144952,0.0408177975758005,4.80031558661132e-06,4
"19997",5.55015692682102e-07,0.00024233600516601,1.22569940210238e-08,0.000422421908894212,0.000139610517262814,0.75806838543331,1.08409485463715e-05,6.43185706589505e-10,0.241063736030072,5.21012408753708e-05,6
"19999",2.25921949075474e-08,0.00153842345321046,1.56410422151242e-10,0.000118422543423786,9.74485730539664e-06,0.904209307529688,0.000336262089950381,3.72320901842705e-11,0.0937827113038095,5.10543677516385e-06,6
"20002",2.45950978374549e-06,0.661831872488634,8.27715736537215e-09,1.04011373592688e-05,5.19014781384262e-08,0.000612658570245874,0.328129455989928,0.00939992938729611,1.24260945920959e-05,7.36643525924305e-07,2
"20004",0.0482651022103541,0.000152954018206865,3.17392754625816e-06,0.938783628847367,3.10546565128162e-06,0.00667764111915484,3.66860656552338e-05,0.0003093090619099,0.0057677918783472,6.07405807741222e-07,4
"20006",0.0538055840038362,9.3691874138396e-05,0.000310973705710431,0.529822842997789,0.407143768234966,0.000203559477574093,0.000622541084321452,0.00659901606690518,0.00135077310602836,4.72494487311172e-05,4
"20008",0.0849297457676554,5.41558100138861e-06,0.000615786340998905,0.0012704504097953,0.85749716860748,0.000101783501183146,8.61637205339275e-06,0.0530573893918224,0.00246140422773152,5.22398002787814e-05,5
"20010",0.361244879473093,3.43664114976651e-08,0.0353234695777431,0.161241409400614,0.436415330339137,0.000196275222829892,7.24348916520467e-10,0.000104213558237109,0.00534594483925196,0.000128442498333217,5
"20012",8.29857292502493e-07,0.247207676783474,1.24824141720504e-09,6.33369529915334e-05,0.00156046627452603,0.731804840912843,0.00712029348622752,5.51138203171029e-08,0.0122421454890062,3.53881577059387e-07,6
"20015",0.988669574454459,4.17782510749268e-10,3.63897771628997e-06,0.00369609202009843,0.000691827386444533,1.49675715433239e-08,4.17484373661819e-08,0.00693631192969664,2.49803940923567e-06,5.8384938910802e-11,1
"20017",1.8185837822412e-07,0.000979749258021889,5.65821139072073e-10,0.00109926238337146,2.29897620295136e-05,0.778640353784616,0.00161756888581767,1.46596960793723e-10,0.217630354340514,9.53901483366719e-06,6
"20019",0.908658952681873,1.13140723819645e-10,0.0195972514428109,0.00230153020506581,0.000269790321443039,4.22427573616211e-10,2.75203818730798e-12,0.0691724583551977,9.13957922478105e-09,7.31571030181384e-09,1
"20022",0.26730988608906,1.0952375382119e-08,0.00136411599296992,0.72760433608061,0.00312897915895554,2.4686449845129e-05,7.54100559559771e-10,5.64050213523623e-05,0.000509682700279562,1.89680045118278e-06,4
"20024",0.127034181641878,7.36037101848011e-10,0.849405181689063,0.00343558129760424,7.6542892952564e-05,7.80595604277009e-09,2.61627908859455e-09,0.019880925830109,6.08747178388105e-07,0.000166966742942768,3
"20026",0.127034181641878,7.36037101848011e-10,0.849405181689063,0.00343558129760424,7.6542892952564e-05,7.80595604277009e-09,2.61627908859455e-09,0.019880925830109,6.08747178388105e-07,0.000166966742942768,3
"20028",2.04318867630947e-08,0.00285296582560059,7.81844006631838e-10,4.46881454940645e-05,1.99246557489543e-06,0.966208889965542,1.75348417654652e-05,1.16429096013941e-10,0.0308607383439982,1.31690818654641e-05,6
"20030",0.528282583259064,2.41627046548975e-05,1.26942486263666e-05,0.307460517956289,3.45767603520441e-06,1.10577256226818e-05,1.36478896052623e-06,0.164197075213627,7.08396600023126e-06,2.46112053996794e-09,1
"20033",7.79951428182344e-06,0.00792376136427099,4.97141818402071e-08,0.0119272722391371,4.28763441018712e-05,0.964745348314928,3.92457464710715e-06,1.26273833369371e-08,0.0153468702266851,2.08508038267355e-06,6
"20035",0.961825626138786,7.82298356266692e-11,0.0272041463323236,0.00213318678724169,0.000360955650605986,1.05963369411638e-09,6.74217168507582e-12,0.00847604546007895,2.91239431046806e-08,9.3624152557453e-09,1
"20037",0.990095853995274,6.52405291177082e-13,0.000635986924939786,0.000916481078330768,0.000333471127573575,1.09454366271492e-10,2.56585533936576e-10,0.00801800976007654,1.93331615817595e-07,3.4154970517847e-09,1
"20039",4.72248511761326e-05,2.36499240189263e-13,0.998512522961217,1.936752862993e-07,1.21317747490674e-05,4.21320762292671e-11,9.0034259386611e-13,1.74290152549525e-06,8.4069041804199e-09,0.00142617538587285,3
"20041",0.000392680120826852,9.03602852484506e-07,0.000118455296206056,0.0139046740989069,0.982705351558411,0.000296519042215509,4.89577976111936e-07,7.67607742349954e-07,0.00241386773056752,0.000166291364295149,5
"20044",0.00263172686682193,0.000104424424070263,0.00142920435686669,0.111373150546348,0.874157981702713,0.00526722735668046,2.98890781771443e-06,8.35371795113996e-06,0.0043949173694976,0.000630024751232913,5
"20047",0.306856076064017,3.53320292162179e-09,0.0512055250496292,0.00409951236605591,8.22070459920411e-06,5.16447648676532e-10,1.51979971500588e-12,0.637830639175531,7.47640311976673e-10,2.18413568273078e-08,8
"20050",0.0190118434243828,2.64663056776226e-07,0.443614699781516,0.00149897570498272,0.534196915947351,0.000195065497607215,1.59612010582592e-11,3.89429922106068e-05,0.000309403873131514,0.00113388809979986,5
"20052",0.000551623950136678,0.00138754903908274,9.36713260889018e-05,0.130099457207309,0.0158360814390082,0.789250959921648,4.32569378092571e-08,1.18616434309511e-06,0.0622938088693468,0.000485618826099621,6
"20054",0.343045213990485,2.19897649610096e-07,1.19777703671994e-06,0.655024849661685,8.24511833892514e-05,3.71892162467457e-06,3.52584540224309e-06,0.00179353593460809,4.52860869831838e-05,7.01135805984874e-10,4
"20056",2.68583488759911e-06,0.953218940207954,1.28782041431785e-07,7.93656706167674e-05,1.25978951150765e-06,0.0466752960888893,8.85658756121483e-08,1.15546181202708e-05,1.0492300972589e-05,1.88141130867328e-07,2
"20058",0.989780548034235,2.39197544133759e-12,0.00200175201291404,0.00734773915842306,4.59494368962922e-05,4.40744760624828e-09,2.79887317480058e-10,0.000819273305221543,4.6713240985007e-06,6.20384842608623e-08,1
"20060",0.000100578357277813,3.71928156518998e-06,5.34960058361227e-07,0.00178263177517965,0.000584517202559243,0.178919821847934,3.60381092076507e-06,2.67086234776104e-09,0.818573796264421,3.07938292208563e-05,9
"20062",0.00108225533097679,1.40099100842702e-06,1.17150077416289e-06,0.00692523768174373,0.141360664471609,0.0471562801630314,4.47840123449454e-06,6.45839033454759e-08,0.803457017331786,1.14295439320401e-05,9
"20064",0.0874744902160946,2.3698086330314e-06,2.51198553272795e-05,0.910744880686731,7.90592347387448e-05,0.000872386986467106,5.48710585448638e-09,5.26669097675514e-05,0.000748905398018451,1.15417116261406e-07,4
"20066",0.77902633520096,2.01309352720381e-06,9.26584744689664e-05,0.078993248932647,1.97668760773506e-06,3.92370480509085e-07,1.31707341711707e-07,0.141882985337424,2.57496997615704e-07,6.98545248634298e-10,1
"20068",1.53380106087834e-06,3.09084733498472e-07,4.79735921377108e-09,0.000182533740191495,0.00171095947051926,0.0216767418115714,0.00022953677033538,7.94065449441483e-11,0.976172834937586,2.55455072365219e-05,9
"20070",3.23048680194981e-06,1.51958612028563e-07,1.47654336117351e-06,0.000185428066911158,0.00375701957255819,0.0208994830928607,6.4158358316556e-06,6.31951349389304e-10,0.967437335583653,0.00770945822745852,9
"20072",0.967094165914855,2.53255895816419e-10,1.05825704386301e-05,0.0253676124221045,0.00312446778576612,1.22482536682775e-07,0.00118107043323487,0.00242158236951292,0.000800339566637027,5.62016580686745e-08,1
"20074",3.28610483804791e-11,0.999548393839158,2.16266749369115e-12,1.97481697503912e-08,1.55907709318681e-08,0.000381767777975819,6.96898115826548e-05,4.63284207165363e-08,6.32899041257658e-08,3.57899487146387e-09,2
"20076",0.000152985187478496,0.465213664815394,2.01689824353442e-09,0.0975643651381604,0.000147485369909786,0.0542723645060749,0.379426557718549,0.000190936779971461,0.00303157662274879,6.18448150813742e-08,2
"20078",0.0762380108961106,1.80048774059061e-06,0.000481810140705417,0.918647254752887,0.000949764186779559,0.000594864552793763,3.61312906838329e-08,0.000482421966531716,0.00256543657462992,3.86003105305095e-05,4
"20080",0.974123152971105,2.98760756015672e-10,0.00904340336704412,0.0104648119203138,0.000150651826579177,9.049438864686e-09,1.00758802478283e-12,0.00621788469401193,7.91903165836479e-08,6.68142255970123e-09,1
"20082",0.000264603463293537,2.1114213945687e-10,0.998805117555001,5.87077101332237e-05,1.58543824420647e-06,2.64023287881434e-08,7.38694009031194e-14,5.54694552554396e-06,5.99925595695565e-08,0.000864352281698525,3
"20084",0.0130287071428932,0.00189337342278363,0.0022022198398224,0.973527015512099,0.000100631989595592,0.00188414466810212,5.55172678424695e-09,0.00727399626863442,4.18783765922463e-05,4.80272277509828e-05,4
"20087",0.714208682262508,5.973012736512e-09,0.000189725317356704,0.20383818779784,0.0322065330021149,4.6058077431398e-05,5.2849643526882e-06,0.000880831879862291,0.048600134901988,2.45558235327662e-05,1
"20090",0.792016158655923,1.77284368026414e-09,0.139930761846134,0.00399663447392366,0.0612313745764951,1.36721290072387e-07,2.32318390516418e-12,0.0028233897775784,1.17635934535678e-06,3.65814144231132e-07,1
"20092",0.000399143356612029,7.44530706918021e-11,0.00544367135390897,0.00202952699296167,0.0166414880421802,4.25148653731349e-06,1.49315692272134e-05,5.09467206810118e-07,0.037868595329835,0.937597882327078,10
"20096",3.34071928193769e-05,0.000101589943706507,0.0039729456365568,0.0175239555641471,0.0141081860799443,0.0192339053310248,1.90559693534857e-07,2.32401832346123e-06,0.0127972599024307,0.932226235771353,10
"20098",1.30531591733533e-06,0.00446951327812005,7.3186198616736e-08,0.0013706034201693,6.43081287346886e-05,0.985535305638973,2.59747665646967e-07,1.19805735541841e-09,0.00855494776276674,3.6823233974335e-06,6
"20101",0.530525751974833,3.33002374311259e-05,0.0113811543419122,0.375392985760139,0.000929092677281405,3.2485940926527e-05,1.80102106503606e-10,0.0817025354090518,2.33783206019967e-06,3.55646262581922e-07,1
"20104",1.90300937279568e-08,1.46063059108801e-06,3.72588565560472e-06,3.03065570386418e-05,9.35978672438609e-06,0.000361073677685545,0.00367539303431953,3.76620500232277e-09,0.00663223612172133,0.989286421509965,10
"20106",0.733289470662145,4.02473508461123e-06,0.00027122643402174,0.255285146738549,0.00940363799904091,9.13655352338707e-05,5.57228035611142e-10,0.00162135971965575,3.37603737460528e-05,7.24529436510141e-09,1
"20108",1.04974387489676e-05,0.00060667894431067,1.36370077272884e-08,0.00601833442575945,6.41080368570387e-06,0.798659971637842,5.03783646209896e-05,1.05047225714903e-08,0.194639605042529,8.09920077371525e-06,6
"20110",0.000104922776337689,0.00988435254022101,0.0128259340229946,0.0057671530144316,0.49687229938953,0.349796593712573,1.28395552314008e-08,6.79410853325647e-06,0.00920486472028404,0.115537072875539,5
"20112",0.543723162102359,3.91900680068087e-07,0.022863882488209,0.0274604486329705,0.403485431405857,0.000382135598453701,1.02068585577211e-09,0.000421484938335076,0.00165074999203988,1.23119204092106e-05,1
"20114",0.00498456824139702,0.00154198573084901,7.94422064487264e-05,0.98661696232106,2.86921848913446e-06,0.00643436947387167,2.83448212758748e-08,0.000210154258567797,0.000124906376363438,4.71382813151948e-06,4
"20116",0.0177401511939194,0.0013888640078137,8.27436000241312e-07,0.977637796105291,1.20238381164265e-05,0.000604838675702396,2.33977114702587e-06,0.00258307026180122,3.00840054091607e-05,4.70479924705146e-09,4
"20118",0.000531316021813406,0.00144068486778836,9.63341059444988e-06,0.734304423079863,9.93211944063453e-05,0.254121294562053,9.80017439785638e-08,8.72856696860497e-07,0.00947277491557951,1.95810894610338e-05,4
"20120",0.364488028958754,5.64744308326412e-05,0.144701367694963,0.478574458732308,0.00927861272551617,0.00214237211437119,6.01831463098673e-11,0.000623637195778541,0.00012282560098767,1.2222486305333e-05,4
"20122",1.06127739723356e-08,0.97307405930065,1.58358062414274e-10,7.42304708651138e-05,1.79879599550875e-07,0.0268417158223825,4.10029618129873e-06,4.73184227265916e-08,5.63422542522578e-06,2.19153421142019e-08,2
"20124",0.89865927305107,2.96203914580262e-11,0.00552491781997718,0.0799806013779003,0.000641580842268627,6.25684616561485e-09,8.6734565256679e-09,0.0151852884611341,6.35775551232605e-06,1.96573221425588e-06,1
"20126",0.000448490884986947,1.60977430236055e-08,0.955578611301886,0.00225268519334107,4.92914896333615e-05,1.17894746232086e-08,7.41656127753062e-09,0.00155305992880632,1.00718718260015e-07,0.0401177251788486,3
"20128",0.0161219919298586,9.06326357748468e-12,0.876154933113797,4.97931368275231e-05,2.05537543526129e-05,3.89778529194108e-12,4.63434052891766e-12,0.107644181174837,2.34520294245212e-10,8.54663821246204e-06,3
"20141",8.78137609248928e-08,0.00149986588074094,4.8576627033266e-05,0.0020047277338987,1.37008352719054e-05,0.215844422993022,4.86522256707341e-06,1.23657894676338e-09,0.0114571398111508,0.769126611845976,10
"20143",3.76289437707562e-11,0.999543551207857,6.949374486367e-12,3.41089345225854e-08,2.17426612556256e-09,0.000455531787841295,8.50961142563876e-07,1.43138015028996e-08,1.37673450170827e-08,1.63423373234321e-09,2
"20145",0.571392742056907,6.52822416329403e-08,0.0109416218101805,0.410939911806968,0.00575998078638585,0.000206050384580685,4.53703523326127e-11,4.71909583563068e-05,0.000709010529765115,3.42633924404095e-06,1
"20147",0.220238156651287,6.36780864129092e-08,0.000133346685499489,0.779137112933143,0.000239053932776594,1.99232468491372e-05,6.12566012440773e-10,0.000160729853938056,7.15480601720924e-05,6.43456824143312e-08,4
"20149",8.31597375395303e-10,0.969335656146557,1.48822765825674e-10,5.49674095124117e-06,3.06915877774666e-07,0.0306513190331351,2.0613875215461e-06,7.91625707082929e-09,4.95937224546836e-06,1.91507034764696e-07,2
"20151",3.94343022880455e-06,0.00145680965986017,3.90900141298847e-08,0.0008094037573945,0.000109247346824586,0.970949739544301,2.70953692447962e-07,2.65547956283971e-09,0.0266686706037766,1.87295842806292e-06,6
"20153",1.33052653779085e-05,0.0265580563691033,0.0003628006689527,0.0010217146731546,0.00121328743836105,0.967662432914426,1.14279354603791e-09,2.21419813902319e-07,0.00191043566476888,0.00125774444324841,6
"20155",0.687747751969274,1.12959681369769e-08,0.000458010349053873,0.244578445696841,0.066156101902104,1.10819485772822e-06,4.25842524669959e-09,0.00103128318166204,2.72474258433389e-05,3.57259705911091e-08,1
"20157",7.53802909606709e-07,0.0153865833395469,7.14862846559399e-08,0.000191581284735815,6.31920993897919e-06,0.980861075665341,1.4769195678379e-07,3.28839549369505e-09,0.00354983674628816,3.62748460302773e-06,6
"20160",1.25317863602485e-10,0.998940060515661,3.65341432833476e-11,1.22715923987152e-07,4.67807024149219e-09,0.0010596482614796,1.1676326060663e-07,1.91172759255686e-08,2.43638376667857e-08,3.42263883977473e-09,2
"20162",6.62207962108153e-10,0.828011122109269,6.18881196684668e-11,2.41375030462057e-06,1.64096372652665e-07,0.171951280657863,3.32343206568757e-06,7.89584412686815e-10,3.1574859050007e-05,1.19581394137522e-07,2
"20164",1.47107386154083e-06,0.377679710648375,4.01223594469883e-07,0.000180639223361339,0.00106459835690691,0.619963242947051,6.37868863177925e-07,4.76558957084327e-07,0.00108784499236384,2.09771066655853e-05,6
"20166",0.216264870065822,0.000272681206396657,2.60085104534751e-06,0.0302328136040621,2.51984137491319e-05,6.32887297453602e-06,3.46453006053171e-05,0.753158785345795,2.07534858928316e-06,9.90960664992145e-10,8
"20168",7.94446583768515e-05,0.00060344937738717,5.28336965923913e-09,9.61088985851619e-05,1.53178833820217e-06,1.00022682114035e-06,0.866448248579666,0.132768074627498,2.12147126932327e-06,1.5088688504278e-08,7
"20170",4.99745725689158e-07,0.00797427906413377,2.24679556105061e-07,0.00423233637182192,3.02787910776258e-05,0.982184268872666,8.83699038360717e-08,1.44066209698405e-09,0.00552821314227703,4.98095221759115e-05,6
"20172",0.631826958240456,9.0919667891585e-11,0.00149621063166628,0.365200501562615,0.000661868596009313,2.95091229498626e-06,9.08393257614542e-10,1.12565116718943e-05,0.000799036935168915,1.21561080468249e-06,1
"20174",3.05359909522192e-08,0.0233813367622402,3.12080728004815e-11,8.68769691118519e-05,4.88016240589119e-06,0.764630408333078,0.143000600516461,6.38033223254102e-10,0.0688942007813368,1.66527013364487e-06,6
"20176",6.88270202775805e-06,4.86387559389829e-07,1.20484987964437e-10,6.35071651965382e-06,1.28112496745037e-06,6.36396616388604e-07,0.999883607479281,4.54444990521359e-05,5.53022824415953e-05,8.29104961859227e-09,7
"20178",1.24624368949003e-10,0.999463549792522,8.71435403543522e-11,8.39759960273847e-08,5.75004174318733e-09,0.000536276890651533,4.08784694216184e-08,3.05217603665338e-08,8.51465046999599e-09,3.46414030994173e-09,2
"20181",0.273247470467324,0.00258616932216792,2.15931976169009e-05,0.495364219482255,1.0626150246555e-05,8.55350162686897e-05,2.35005722331559e-07,0.228682480783142,1.66916662455995e-06,1.40863235177983e-09,4
"20183",0.000339749718404951,3.06076979154063e-08,3.37612495787776e-05,0.0240978930255761,0.00132290425153943,0.0163066637752466,3.7790376404258e-07,1.82807940641789e-09,0.955864630284281,0.00203398735583203,9
"20186",0.000853979924539377,4.83180484291617e-11,1.30934475232292e-05,0.00128995062670476,0.00181113467680291,6.98327402336319e-05,7.98941092512537e-05,1.32250148493745e-08,0.994187506923936,0.00169459427767566,9
"20188",3.79017761085304e-10,0.988296048978791,1.43195673023871e-10,2.30677316160733e-07,4.90247625208462e-08,0.0117029477045438,1.21777114378763e-07,8.87600904783193e-09,5.644233202322e-07,2.80159293724542e-08,2
"20190",0.977938024697641,5.09729756220267e-09,4.86571784156805e-05,0.0199171126001426,6.08578869629538e-05,1.98715089292543e-07,1.04539523102324e-09,0.00203326679173507,1.8756757915437e-06,3.11528666163891e-10,1
"20193",1.43193670178833e-05,0.938938191270045,8.62893510034178e-09,1.05336393863987e-05,4.23358422402314e-05,0.00023134374711956,0.00483738816651387,0.0559244128951215,1.45631437796005e-06,1.01292428981829e-08,2
"20195",2.82063791104639e-05,0.102073324201285,6.93391008973572e-07,0.00143339859168613,0.00253474386580265,0.890791827864052,3.19294658319157e-07,1.0538121103972e-06,0.00313413567355791,2.29692672811931e-06,6
"20197",0.791030466879786,4.0551780352951e-10,0.000613571224184045,0.194571545662713,0.0130071342289384,3.05414559347797e-06,3.70547069465976e-09,0.000105160321310885,0.000668668250240393,3.95176245127013e-07,1
"20199",1.16388167567126e-08,0.176554683428832,2.54299313645472e-08,5.81639518373601e-05,2.62465424561054e-05,0.822749684376125,1.67319930214744e-07,1.21718446611662e-09,0.000585649191710967,2.53669031760016e-05,6
"20205",2.9810402363555e-05,3.03838765760671e-11,0.95583370098947,6.02977675994988e-06,0.000708294707715298,6.19917528084661e-08,2.00126862470633e-12,1.35545267629625e-07,1.93493532661402e-06,0.0434200316189592,3
"20208",9.29338845874159e-05,0.000538552950914005,3.75572664116417e-07,0.0103287181072668,0.00143630271754198,0.818479784679246,8.22821801898649e-06,2.8746441589789e-08,0.169109210769777,5.86435354191765e-06,6
"20210",3.75488653954381e-09,0.520413890109358,5.21804058488591e-10,1.00998040192816e-05,9.84463218969841e-07,0.479448107021095,1.0672911316737e-06,8.74899583216671e-10,0.000125473288256254,3.72871331298158e-07,2
"20212",1.17635325194417e-06,0.114028188874627,6.38180067108363e-08,0.000247052655400192,0.000113624692557929,0.883953291603226,6.6161366354242e-07,4.79447362874586e-08,0.00165448723149257,1.40521303814049e-06,6
"20216",0.233446154686658,1.47196252805676e-06,5.95841421090917e-05,0.76610322867258,4.71277711755641e-05,7.15030024333403e-05,1.55774345749286e-08,0.000202390065744509,6.85058827446163e-05,1.82365924355197e-08,4
"20219",0.062212145529408,1.76392506861065e-06,0.76357031882003,0.14832135289929,0.0137102362285389,0.000339706789471341,1.00117389786103e-10,0.00113888178306913,0.000410368778180006,0.010295225146827,3
"20223",0.797422128526904,4.61791879965172e-12,6.20590681788098e-05,0.00022976842172203,0.000654249952789154,1.32567015443812e-10,0.000115100585537846,0.201512392058864,4.26596291020545e-06,3.52859087666315e-08,1
"20226",0.00047771923790005,2.53200893070866e-06,3.86170614682513e-05,0.000662635992937463,0.987476056226777,0.00421136145330113,7.98893719229422e-09,2.43814394374011e-07,0.00712137043590532,9.45577944921866e-06,5
"20230",0.990124981709074,2.99221227794149e-10,0.000235947705843462,0.00586071190189901,1.69038124180507e-05,2.07690657331469e-08,4.78497225760816e-10,0.00376066207011536,7.69879514838063e-07,1.37435115892164e-09,1
"20233",3.90536728726425e-10,9.04071441767583e-09,0.000202242191492788,1.06892781271025e-08,1.15840215701659e-06,1.973696326354e-06,4.59485101809235e-10,1.56098224368567e-10,3.50627726380601e-06,0.999791098696648,10
"20235",0.835873489282564,6.33814133893234e-11,0.0304929454777885,0.0270158966354093,0.084346254746152,3.49636653792714e-08,2.151372393961e-05,0.0215150747345911,0.000420406537535129,0.0003143838349742,1
"20239",0.539788186655076,4.39768715116516e-08,0.000135809630866481,0.255004462833014,0.16258975937156,1.48165075327497e-05,0.00104675149425836,0.0155380633502009,0.0258371668114575,4.49393691622548e-05,1
"20254",0.00034319577576107,8.08951149432646e-12,0.999467165405592,1.72080068526045e-05,7.38650946680659e-06,1.17818718803121e-09,7.0406211637558e-15,3.49765860496759e-06,8.50442844402069e-09,0.00016153695300993,3
"20256",0.687350946514616,3.82850946780153e-11,0.000446688107198812,0.310839201399079,0.000127478413107421,2.58677827296476e-08,2.38671620104982e-08,0.00121414796844245,2.12396711901481e-05,2.48153136419441e-07,1
"20262",2.53216908794337e-07,0.0239927397928729,1.54462197104689e-08,0.000684827897664141,7.99190333943407e-06,0.973296112146638,1.22001842004838e-07,1.21074637159187e-09,0.00201636947398434,1.56690978464948e-06,6
"20270",0.770072100219977,0.000757436139241773,1.05777668956838e-05,0.053622243083642,0.000167082268204804,0.00346265973997648,0.00103467960741163,0.16510837704892,0.00576470931937243,1.34806358035207e-07,1
"20284",0.00348633219279293,1.59362701010968e-07,0.0817077943678081,0.00500292305476215,0.0300611789378343,0.0192490361352835,2.17519039456674e-08,2.38592453037912e-07,0.484203313918483,0.376289001685978,9
"20287",0.927458002619112,5.84836533143351e-12,0.000224975157824668,0.00037504255602698,0.000568660870026859,7.15918051696492e-11,1.69345546059498e-09,0.0713732616004704,5.49666141146512e-08,4.5902952743691e-10,1
"20290",0.000341805965928081,4.33551318638763e-07,0.971905246683974,0.000222329200470511,0.00423314459959326,0.000295611568733509,5.93295360967754e-12,3.5507741531638e-07,9.13953873380339e-05,0.0229096779592954,3
"20293",0.0222138368724636,1.21120672984113e-08,0.000150449626739905,0.97624666729513,3.15001908804806e-05,6.90329225121394e-05,8.92324360833501e-09,2.24965793685259e-06,0.00127866769563931,7.57470338624543e-06,4
"20296",0.00025028382198398,0.257636639746379,1.77022813930416e-09,0.0750766060549369,0.000206327901861199,0.614466518134185,0.0158604719862773,3.27274166093303e-05,0.0364703455794181,7.7588120710694e-08,6
