"","V1","V2","V3","V4","V5","V6","result$classification"
"19811",1.19925620185312e-07,0.954551444963885,2.79268401415405e-05,0.00182527651351282,0.00110784765255923,0.0424873841042814,2
"19813",1.72747985901293e-09,4.0213129256391e-05,8.40210374858316e-07,1.71571320200066e-06,1.21633197186556e-07,0.99995710758649,6
"19815",0.000293685106040438,0.97843937979923,0.00110157717600921,0.0201468462431986,1.61094208322426e-05,2.40225468974593e-06,2
"19817",5.6611627585456e-06,0.995720183282205,9.65153499241866e-05,0.00349916197372512,0.000670300477961582,8.17775342562464e-06,2
"19819",0.200197394282811,3.61812603807314e-05,0.799719486628411,4.65225531967387e-05,4.14634322930139e-07,6.40878093104499e-10,3
"19821",2.13474261429743e-07,0.958150569442047,0.0010403203806868,0.000718248375548317,0.0261509295806678,0.0139397187467882,2
"19823",0.0383417038367188,0.960187829927713,0.000346600497762747,0.000879877629300306,0.000239071160998834,4.91694750632405e-06,2
"19825",0.000320492476296337,0.00222088518100496,0.104922255917642,0.0066932062500839,0.880636566605084,0.00520659356988906,5
"19827",5.72003506588952e-05,0.613944620596625,0.000311485884665377,7.99929222287741e-05,0.38560590615187,7.94093952594287e-07,2
"19829",7.33723340020581e-05,0.0018832617000692,0.989700238953376,0.000477832329177565,0.00786088323032045,4.41145305444308e-06,3
"19831",0.159045751754234,0.00024115308461187,0.840607555069265,0.000103857625600194,5.17829285790706e-07,1.16463700271525e-06,3
"19833",0.996702704942032,1.57764104268967e-06,1.75314419377094e-05,0.00324688476389129,2.55666598756479e-05,5.73455122141452e-06,1
"19835",2.13474261429743e-07,0.958150569442047,0.0010403203806868,0.000718248375548317,0.0261509295806678,0.0139397187467882,2
"19837",4.89561945722765e-06,0.970665711162626,0.000698473460833253,0.000104270836441944,0.0285226486359287,4.00028471306737e-06,2
"19839",2.2909564227454e-05,0.0040284230545192,0.965600105731454,0.00168140692050073,0.0268453416164849,0.00182181311281391,3
"19841",2.10793031831881e-08,1.62160734016349e-05,1.38516094492354e-05,1.45770995840243e-07,0.999906821445144,6.29440217057281e-05,5
"19843",7.85854309749075e-05,2.95994512919139e-05,0.972474943969828,0.00533901678081577,5.19267614778759e-08,0.0220778024403279,3
"19845",6.42633356035452e-08,0.0722672461447775,2.70940874938462e-06,0.000233295299408933,2.42257186140678e-05,0.927472459165114,6
"19847",4.88090065447075e-05,0.97019223013501,0.00448074863430347,0.0181915584728427,1.94700451117786e-05,0.00706718370618709,2
"19849",5.86061188338174e-10,7.98592194930958e-05,9.11569868791588e-08,3.68950001015021e-07,2.84175540505617e-07,0.999919395911917,6
"19851",7.22420880985753e-06,0.998758462179448,3.09983924894622e-05,0.00113453433537245,4.54446445006313e-05,2.33362393791497e-05,2
"19853",3.99302104937648e-05,0.980720397135437,6.75027502626886e-07,0.0002200594603516,0.000575910885314148,0.0184430272809009,2
"19855",1.64241943805386e-06,0.994920828417953,3.47817196829754e-06,0.000274589024227718,0.00383860836971019,0.000960853596702742,2
"19857",9.25293128472388e-07,0.948792291265248,0.00788462240670658,0.00948739014416662,0.0198837765309939,0.0139509943597567,2
"19859",4.99174598826565e-05,0.98490724023951,0.000816300609355741,0.00279741246361445,0.0114127232573255,1.64059703118308e-05,2
"19861",5.29792188849931e-07,0.873104581490913,2.61369370690745e-05,0.000691736259742633,5.59025076934909e-05,0.126121113012393,2
"19863",6.89766651308283e-10,2.97705607592855e-05,8.99448042482546e-08,8.13300798660195e-07,0.00830752823392366,0.991661797269947,6
"19865",1.68758414928569e-08,0.0022630102836114,2.58263062258697e-06,8.00971203647091e-06,0.997724613833746,1.76666414242624e-06,5
"19867",1.36405047425333e-05,0.982507408334537,0.000633261916094038,0.0100428878365287,4.16419780632994e-06,0.00679863721029133,2
"19869",1.52357662888798e-09,0.00816960978712549,1.86185730955287e-07,2.6583411401096e-06,7.83278160775256e-05,0.991749216346349,6
"19871",5.1700041619468e-05,0.958977315327432,0.00226499794080072,0.00106177086753268,0.0376416819874931,2.53383512213317e-06,2
"19874",3.59402496974551e-06,0.205405363364583,1.24338491079749e-05,0.000628309949431994,0.793942404182621,7.89462928636139e-06,5
"19876",1.01068827415564e-07,0.726527418638668,2.48361918831189e-06,3.66047168969769e-05,0.273031674235212,0.000401717721206993,2
"19878",5.15707177268782e-05,0.00072185335385884,0.00385895077800996,0.995354689681287,4.48614073429046e-06,8.44932838271362e-06,4
"19880",3.74672971102961e-09,0.00148261328049143,9.17644051684055e-08,2.38773893087466e-07,0.998500606909401,1.64455250796416e-05,5
"19882",1.3090956207752e-06,0.722978339294098,2.0359990385515e-05,0.01211175543385,0.00169574533698885,0.263192490849057,2
"19885",3.93576741374988e-06,0.988157901205994,0.00456014019716962,0.00668063852756874,0.000587573429412156,9.8108724411906e-06,2
"19907",2.84975270546522e-06,0.917905376435706,0.000213154431246706,0.0142702914047492,2.72606508809e-05,0.0675810673247121,2
"19909",2.9100290286776e-05,0.00943460102137566,0.990323656760527,5.93202629638927e-05,6.35365718345394e-06,0.000146968007663577,3
"19911",0.000762396046224204,0.0238951437941997,0.954041538763644,0.000626786487795884,0.0206502382492045,2.38966589313901e-05,3
"19913",2.77535970255079e-08,2.01195173669605e-05,3.40660714855998e-07,7.87685383543821e-08,0.999978796010178,6.37289605163144e-07,5
"19915",2.80204981573288e-06,0.60176101815118,1.38512959793192e-05,0.000236123448483142,0.397982665953994,3.53910054846277e-06,2
"19917",5.75340946086561e-07,0.0133894812955117,3.74808518892048e-05,5.27131115820281e-05,0.986515976948616,3.77245145474695e-06,5
"19919",1.7323186731267e-05,0.857852270228318,0.000233779813736595,0.00496073116757532,0.136933650344443,2.24525919678429e-06,2
"19921",4.0000467604609e-06,0.994427749967223,0.000159262729431832,0.00515123321153396,1.24936653423497e-05,0.00024526037970824,2
"19923",0.000862142722681129,0.0229325445149253,0.00222197824893428,0.973950314906298,3.03508379896742e-07,3.27160987814571e-05,4
"19925",8.1895117678888e-07,0.0603868427480236,1.01529136574617e-05,0.000159190243838721,0.939441650974416,1.3441688872244e-06,5
"19927",3.16305794090147e-06,0.999426874813925,3.33567312659823e-05,0.000318979343519916,0.000190835167947333,2.67908854009678e-05,2
"19929",1.28436764090553e-09,0.000188582209815164,2.73008799115361e-07,2.70336286246591e-07,0.560349574141384,0.439461299019348,5
"19931",3.28132331801095e-05,0.997722975965088,0.000485555670550924,0.000936620120803188,0.000820854372027693,1.18063834968544e-06,2
"19933",0.000784151344053571,0.325275882015362,0.672393031964237,0.000512377955057837,0.0010338003416559,7.56379633556133e-07,3
"19935",4.50312170732357e-06,0.907448996369407,0.0745210077306753,0.0156286588457286,0.00164324811799376,0.000753585814488177,2
"19937",9.74094514910045e-05,0.996490605649375,0.000180229547103514,0.00320981732885496,1.87043932558703e-05,3.23362991968186e-06,2
"19939",3.1110435322799e-05,0.758793418258891,0.00042077607333103,0.239164256759306,0.00158240491235398,8.03356079495553e-06,2
"19941",4.93181365946284e-05,0.00698909063521685,0.946525679779038,2.45426706719186e-05,0.0461427152900349,0.000268653488443295,3
"19943",1.8417198089567e-07,0.000837319295226873,7.83369357670163e-07,2.26144969637941e-06,0.999159271640749,1.80072989011055e-07,5
"19945",0.00190028698895992,0.0849924845168282,0.905896410002723,0.00716573219268184,4.47312203934649e-05,3.5507841387482e-07,3
"19947",0.000112455216588478,0.0187170964951513,0.111003809153721,0.000761691629524386,0.844093139539887,0.0253118079651278,5
"19949",0.0024342639948514,0.0583790671689733,0.0284407985721624,0.910742733936439,1.96679290003073e-06,1.16953467380511e-06,4
"19951",1.23681372259788e-05,0.236275949216496,0.000961467354363773,0.0465357161343716,0.716200093382972,1.44057745708223e-05,5
"19953",0.884929751139506,0.000842820574662681,0.112602278038118,0.00162504748930596,4.55074543490297e-08,5.72509532488967e-08,1
"19955",0.0338575512895255,0.00207517773343303,0.69934133407831,0.26470303661563,2.61575973081025e-06,2.028452337047e-05,3
"19957",0.000916264847666412,0.119341513063475,0.000843336096029825,0.000361413905034116,0.878506435681192,3.10364066026794e-05,5
"19960",6.01177594256106e-05,0.00137718903851708,0.991450392243982,0.00677996397480849,0.000288740920926879,4.35960623401655e-05,3
"19963",0.0589679190014014,0.000477637481205324,0.000289065190562403,7.4884554247611e-06,0.940178046300733,7.98435706730652e-05,5
"19965",0.000247960979326644,0.000121873476479432,0.88232102466661,0.117243698724026,2.56624161177249e-08,6.54164911410672e-05,3
"19968",6.07212323416647e-09,0.014490517769561,0.00148588484185577,5.93587587123078e-05,0.791548938696171,0.192415293861577,5
"19971",0.00192408904733504,1.77083168349293e-05,0.000648993756606428,5.6537233106331e-05,0.997351952949927,7.18696190368564e-07,5
"19973",2.99839184638864e-07,0.994991331127846,8.81961616163319e-05,0.000645300713986871,0.00423485777793711,4.00143794290105e-05,2
"19975",2.26311073876764e-08,0.0268271783694124,2.9064151722453e-05,5.97605082886588e-05,0.973050522972046,3.34513674227148e-05,5
"19977",3.36490746144415e-05,0.000636949352195802,5.17328193259684e-05,0.00109757753480506,0.998017599316023,0.000162491903035766,5
"19979",0.000274479346044308,1.34108383742776e-06,0.999712227882729,1.12456869366026e-05,7.05482358717862e-07,5.18093482699328e-10,3
"19981",1.00339644294177e-05,0.986024738006613,0.0117628722487716,0.00100374175960125,0.000432728434166319,0.000765885586418492,2
"19983",5.79820105959068e-05,0.69948025273645,0.0187444169348937,0.281061073277558,3.77750196877147e-05,0.000618500020814646,2
"19985",1.49059919968273e-07,0.190715835962124,2.82936545799287e-06,0.000157303340626478,0.80907577738927,4.81048826017603e-05,5
"19987",5.87580882751578e-05,0.923369038147238,0.0375651704253273,0.000357552823370153,0.0386438605203982,5.61999539138197e-06,2
"19989",0.00387419115538232,1.88694453534736e-05,0.995960879329974,0.000146054941762916,3.83033647214629e-09,1.29719034722884e-09,3
"19993",0.000305321473749846,0.236917327772827,0.148323762406229,0.597102572289047,0.0173499529211804,1.06313696616539e-06,4
"19995",0.000213614425891247,0.191263382167712,0.763896654885499,0.0383445208249601,0.00627326349895432,8.56419698387958e-06,3
"19997",1.32382284512432e-06,0.991961109706215,2.65468643821213e-05,0.000410484255167138,0.00755617190900417,4.43634423864992e-05,2
"19999",7.54827911215603e-08,0.957652775638924,4.13717006610458e-06,7.43460309949024e-05,0.041238281613484,0.00103038406373931,2
"20002",1.35302237189279e-06,0.000481786547100945,0.000227757786470579,9.075967499173e-07,0.446972220987176,0.55231597406013,6
"20004",4.25837918803473e-05,0.111315780584663,0.883332791340604,4.86193561896738e-05,0.0049480193943189,0.000312205532343405,3
"20006",0.00157116095004767,0.00687263459594829,0.52035750046845,0.468329280682906,0.00072190045075362,0.00214752285189437,3
"20008",0.00286301567272465,0.00422551505315769,0.180083524738638,0.812633505878293,0.000108618233126936,8.58204240591642e-05,4
"20010",0.0246080365325211,0.0144323819431258,0.60302319273066,0.357932529801377,3.83638609024742e-06,2.26062263645639e-08,3
"20012",1.12892750613997e-07,0.157761849149529,3.81178203411612e-05,0.00307142028370386,0.829184566506692,0.00994393334698352,5
"20015",3.08402193067184e-06,9.54498263620848e-06,0.997563791943503,0.00242278302400738,3.57197411352513e-08,7.60308182087193e-07,3
"20017",1.22398140536006e-07,0.979834816877929,1.55754558037035e-05,0.000106703475869588,0.0176355452041287,0.00240723658812814,2
"20019",0.00261791069221299,2.04546658052958e-07,0.996752108157575,0.000629770289841047,6.08347408697302e-09,2.30238968051486e-10,3
"20022",0.00131236276906445,0.00338148736843181,0.988046687194172,0.00725797935043712,1.45899018537259e-06,2.43277094670606e-08,3
"20024",0.609287408050183,6.97212282795526e-06,0.390193358055427,0.000512080126065478,4.64353584321543e-08,1.35210137696893e-07,1
"20026",0.609287408050183,6.97212282795526e-06,0.390193358055427,0.000512080126065478,4.64353584321543e-08,1.35210137696893e-07,1
"20028",4.50622198311894e-07,0.894060763709485,5.68952440547336e-06,2.65605255181679e-05,0.105762219625807,0.00014431599258587,2
"20030",5.47217017481848e-06,6.91528748213499e-05,0.999843238619417,7.83447491517324e-06,7.0075784717732e-05,4.22607595379326e-06,3
"20033",2.75872438439952e-06,0.811549462155231,0.000890860488653013,0.000259648424045093,0.187263826213806,3.34439938797011e-05,2
"20035",0.00390109888612647,6.54212378873735e-07,0.994951536850944,0.00114670223318351,7.22972500042799e-09,5.87641537300654e-10,3
"20037",0.000372642354093962,8.03320403897115e-07,0.997812125724205,0.00181441021916129,2.18433150092264e-10,1.81637023170846e-08,3
"20039",0.999792455215433,8.04719846660432e-08,0.000138765128275689,6.86990057506266e-05,5.27939372007739e-11,1.25762040686823e-10,1
"20041",0.00110204114112833,0.0132754279223091,0.00700040372352493,0.978570887121221,4.53087262179092e-05,5.93136559810746e-06,4
"20044",0.00767275520870311,0.0588849145385974,0.0458815556816519,0.885396447195308,0.00213757164312502,2.67557326148444e-05,4
"20047",0.00761932546315761,8.0432136702274e-08,0.992351231648882,2.92931455504953e-05,6.91605270283864e-08,1.49746282143171e-10,3
"20050",0.419150425206821,0.00499190377688954,0.0618121516380891,0.514018812249466,2.67055887520981e-05,1.5399823976872e-09,4
"20052",0.0007526727628443,0.938317242809234,0.0126437309945209,0.0180122518580087,0.0302735489306953,5.52644696924313e-07,2
"20054",1.25617339781778e-06,0.000225116601030269,0.999529606560987,0.000225787204338176,3.92043977768285e-06,1.43130204694767e-05,3
"20056",1.74947105102445e-06,0.00181027349709603,0.000118849745501768,3.1900546516499e-06,0.998065388777207,5.48454492091718e-07,5
"20058",0.00109720023350808,1.42072655113942e-05,0.998565516725954,0.000323058974578505,9.29710662094866e-10,1.58707372367405e-08,3
"20060",1.00497403457219e-05,0.997636421375748,0.000557117594739991,0.00149223703811901,0.000288660026780463,1.55142242667396e-05,2
"20062",1.67004946493004e-05,0.812480855805078,0.00552708504429759,0.181795275871691,0.00015201024152048,2.80725427638543e-05,2
"20064",7.4026849398793e-05,0.021225803819339,0.97806277960603,0.000444738307331083,0.000192488933086214,1.62484814472603e-07,3
"20066",1.5850767408017e-05,4.79620858099099e-06,0.999966791793749,4.95267601335008e-06,7.00401039436645e-06,6.0454385382197e-07,3
"20068",1.23127525860217e-06,0.988482835530488,5.08850848289022e-05,0.0102064542276996,7.21155403119497e-05,0.0011864783414129,2
"20070",0.000187000484182026,0.984489926940719,8.32583562901866e-05,0.0151356971053457,3.87945178879664e-05,6.53225955750658e-05,2
"20072",2.73015940508156e-05,0.000299541652919926,0.982746002900853,0.0127654684439809,2.57573838892599e-08,0.00416165965081106,3
"20074",2.66914995456607e-09,4.53363805368177e-05,6.28167522296043e-08,2.7061104008322e-07,0.999513214243941,0.000441113278580049,5
"20076",1.0868670794108e-07,0.0467922232593516,0.00992691886043297,0.000471113411122472,0.657534543558977,0.285275092223408,5
"20078",0.00242183237146297,0.0303849059191059,0.963480348347438,0.00358890486605408,0.000123088315939526,9.20180000012587e-07,3
"20080",0.00102217509249572,1.70663065359746e-06,0.998677272413979,0.000298826266525531,1.95250637427556e-08,7.1282615073693e-11,3
"20082",0.996952071073717,5.03858625272076e-06,0.00302915516318363,1.36994059920458e-05,3.57510191451436e-08,1.9835444717429e-11,1
"20084",0.0125743494609458,0.0106122584186307,0.947803786955907,0.000593259756208397,0.0284160554948941,2.89913414365862e-07,3
"20087",0.00058083882937828,0.0175470634594812,0.928345509124911,0.053489621551496,6.65965138748899e-07,3.63010695952851e-05,3
"20090",0.0241948241680487,2.24830421992397e-05,0.904044598466731,0.0717379194078063,1.74665062135906e-07,2.50152511056856e-10,3
"20092",0.649958267896513,0.0529435478752348,0.0151821642167027,0.281180166510562,1.21592948527115e-07,0.000735731908039149,1
"20096",0.372561224246522,0.526595734575413,0.00741691498713082,0.084548765393823,0.00886624194723126,1.11188498801078e-05,2
"20098",5.78862235487061e-06,0.810962628302294,0.000217676337543257,0.000471157499494823,0.18833794207644,4.80716187330946e-06,2
"20101",0.00125217308232683,7.35983092657587e-05,0.998107048160551,0.000455872344668014,0.000111305948927651,2.1542610960232e-09,3
"20104",0.0474054990356585,0.544347561289691,0.000108250462394931,0.00298373063341456,0.00149312532765608,0.403661833251185,2
"20106",5.27289788312861e-05,0.000509410633300943,0.993505222300639,0.00587974866015506,5.28820064628605e-05,7.42061085590465e-09,3
"20108",8.02880156650297e-07,0.9863455343623,0.000324846134550944,3.08167740743156e-05,0.0131616246536089,0.000136375195309217,2
"20110",0.137690122224186,0.327131151625654,0.00383397364452586,0.401533841481928,0.129810570417647,3.40606059301256e-07,4
"20112",0.0108664620880457,0.00938302644555862,0.671207265464804,0.308517081249004,2.61337139191703e-05,3.10386685877282e-08,3
"20114",0.00164367884914334,0.0644875324437723,0.861852243193861,7.6997250210933e-05,0.0719375026269944,2.04563601838286e-06,3
"20116",6.25119402224205e-06,0.00444690384760659,0.978769043413529,0.000118235866808805,0.0166247748698252,3.47908082082773e-05,3
"20118",0.00021316370192243,0.872866066091271,0.0575848800515597,0.000749939775893097,0.0685833589853845,2.59139396892831e-06,2
"20120",0.0264778146429964,0.00525003221753823,0.959497138219786,0.007934730594786,0.00084028251014072,1.81475235896302e-09,3
"20122",1.62268940254284e-08,0.00142823200536625,4.29663374170231e-06,8.18679828302163e-07,0.998552787602604,1.38488515653105e-05,5
"20124",0.00234040029916656,8.84052612233922e-06,0.996532395883006,0.00111823817532024,2.02074089179703e-09,1.23095643665025e-07,3
"20126",0.995454124908611,1.32386602949598e-06,0.00445921979010366,8.51282868599756e-05,1.13394354061645e-07,8.97540417850501e-08,1
"20128",0.85420112858768,2.0483770489146e-08,0.145563293520451,0.000235554877648613,1.10542016094778e-09,1.42502922747219e-09,1
"20141",0.0150207317777623,0.920506942643969,6.08212250137819e-05,0.000213430073920682,0.0641066676302541,9.14066490801763e-05,2
"20143",3.77547937992944e-09,2.53388484196606e-05,6.65870867792524e-08,3.76283747321616e-08,0.999966201467739,8.35169290093878e-06,5
"20145",0.00401308640470051,0.00640723563703587,0.981905403257634,0.00766803167034186,6.24138973268527e-06,1.64055522753128e-09,3
"20147",0.000108369436795433,0.00104633889055765,0.998239660946153,0.000601481802991564,4.13365959577363e-06,1.52639067709463e-08,3
"20149",2.93927460850672e-08,0.00121928167633091,4.55548267762959e-07,1.15556301805666e-06,0.998771371698669,7.70612096844089e-06,5
"20151",2.55388565574009e-06,0.92985385858935,0.000271059505602121,0.000601424377623654,0.0692670858013533,4.01784041586325e-06,2
"20153",0.00673783697168923,0.37708442552733,0.00112208953802969,0.00400055690704733,0.61105502860414,6.24517643450762e-08,5
"20155",0.000138965031330572,0.000113614411446724,0.954513621127079,0.0452333483501731,3.97130606368008e-07,5.39493643353698e-08,3
"20157",7.69249883640186e-06,0.493784032258853,0.000120018741869149,7.69135628034847e-05,0.50600780668014,3.53625749743385e-06,5
"20160",9.74765161627934e-09,4.16837408148725e-05,1.47540155809202e-07,5.37206023020729e-08,0.999956834078189,1.27117258601834e-06,5
"20162",9.8066519310128e-09,0.00385094530811702,1.83800754011379e-07,5.78721321327804e-07,0.996139833883631,8.44847952421622e-06,5
"20164",1.13686441257508e-05,0.0500085216305975,7.29688485681266e-05,0.00112034329035918,0.948783460717986,3.33686836380711e-06,5
"20166",4.84743995753643e-06,5.64437226566778e-05,0.998953070010063,9.26507315217586e-05,0.000751183941432299,0.000141804154369415,3
"20168",2.78958608483063e-07,1.656574293056e-05,0.00249051949982321,1.38514788877565e-05,0.000700439492339468,0.99677834482741,6
"20170",2.43063943492518e-05,0.739777310944921,0.000167502085909283,0.000226230600382236,0.259802753542435,1.89643200368036e-06,2
"20172",0.0010859242912913,0.00189777803109324,0.994740115325315,0.00227612253389447,3.33321234479532e-08,2.64862829679999e-08,3
"20174",2.23599527596944e-08,0.613177095549259,5.84494407550231e-06,4.66995524890831e-05,0.221482139848948,0.165288197745276,2
"20176",1.58447958372442e-08,6.41601774467567e-05,0.000134394277124133,1.46729015679161e-05,5.08193931404614e-06,0.999781674859751,6
"20178",2.02380794818353e-08,2.24409795294653e-05,1.63972890408869e-07,6.90877138530779e-08,0.999976693465337,6.12256449661821e-07,5
"20181",7.2815628465691e-06,8.30450799208555e-05,0.996947123461912,1.61097898481139e-05,0.00294553185707462,9.08248397573259e-07,3
"20183",0.00057121005186857,0.992051652675122,0.0027573035391855,0.00460705508175429,9.1236435150223e-06,3.65500855505896e-06,2
"20186",0.00330671970050634,0.887622815167826,0.0204016128720901,0.0848746784189624,2.84043756129036e-07,0.00379388979685836,2
"20188",2.12006572119908e-08,0.000269350691674135,1.57490390237512e-07,2.52160901837918e-07,0.999729380646006,8.37810370872475e-07,5
"20190",1.49258376910503e-05,2.00076084883975e-05,0.999787037674915,0.00017776205437236,2.46051103295701e-07,2.07734304654986e-08,3
"20193",7.89338654969006e-07,0.000210060214368735,0.00153860510699455,0.00029999752987596,0.970921874378997,0.0270286734311088,5
"20195",1.29139968550082e-05,0.193732915280814,0.00122302929877872,0.00435274098720268,0.800674954646435,3.44578991450377e-06,5
"20197",0.000366449309647959,0.00112829003416896,0.979087657326339,0.0194174582346008,7.1797468464746e-08,7.32977750387404e-08,3
"20199",2.90863733356259e-06,0.0721563836847174,3.47222257121327e-06,7.85083484798272e-05,0.927757204603339,1.52250355906065e-06,5
"20205",0.998764235820042,1.17889222986991e-05,0.000121236175512187,0.00110273479730921,4.14399237221824e-09,1.40845270178863e-10,1
"20208",5.33408563583061e-06,0.982769227209407,0.00142775312878075,0.00271653594831196,0.0130472406412161,3.39089866487151e-05,2
"20210",4.83109307274463e-08,0.01316889756078,7.10371836270731e-07,2.79905061370785e-06,0.986823972706377,3.57199946244881e-06,5
"20212",2.53455685518354e-06,0.137015688556242,0.000106306392848842,0.000348540105464971,0.862520712867951,6.21752063784322e-06,5
"20216",4.81505863165233e-05,0.00144433087451494,0.998289669369754,0.000174527849918883,4.31116373862426e-05,2.09682109711329e-07,3
"20219",0.660414882542762,0.00582535343395492,0.319284414058357,0.0144159042144828,5.94414512629531e-05,4.2991810017999e-09,1
"20223",0.00026569495013671,3.31301718967768e-06,0.99036029810762,0.00760958856562293,9.1496651239167e-10,0.00176110444446396,3
"20226",0.000252994503834928,0.0469350622685576,0.00357469733032718,0.949023881428876,0.000213151215667925,2.13252736907152e-07,4
"20230",8.19829536580275e-05,7.34603120543406e-06,0.999828264804678,8.23626220113211e-05,2.79137265878572e-08,1.56747202572726e-08,3
"20233",0.997184546089047,0.00243310197304455,1.91707490653512e-06,0.000353739484168076,2.5868142728116e-05,8.27236105689856e-07,1
"20235",0.0338498161636532,0.000127094727945775,0.832988850290095,0.132880187319528,5.42887765748279e-09,0.000154046069900249,3
"20239",0.000497262002300274,0.00548379960822415,0.806756519858987,0.184618335296306,1.33102188873536e-06,0.00264275221229369,3
"20254",0.996512196827283,8.61776106757811e-07,0.00342212190805152,6.48165660526239e-05,2.91895574200087e-09,3.55045133984371e-12,1
"20256",0.000255147294604218,3.14311709287272e-05,0.999372960565685,0.000340193074447998,3.53445944574996e-09,2.64359875122817e-07,3
"20262",1.98644836314493e-06,0.388627176279994,7.98673581066086e-05,7.56586798926597e-05,0.611212839761582,2.47147206082874e-06,5
"20270",1.88399220837574e-05,0.0137768931772399,0.98031655285028,0.000402411446665471,0.00346455018848079,0.00202075241525008,3
"20284",0.337213061104027,0.601686990957791,0.00933757874354989,0.0517353745344496,2.65745193020386e-05,4.2014088049736e-07,2
"20287",0.00012819392336615,3.06300190420517e-07,0.996973837216104,0.0028975648672632,8.84948140815613e-10,9.68081284075091e-08,3
"20290",0.990169229343521,0.00229432900415426,0.00167502993922186,0.00583688384356473,2.45274926755967e-05,3.76862355916508e-10,1
"20293",0.00208465598686758,0.0424539059910568,0.954643425098699,0.000808596275640578,8.62157307635663e-06,7.95074659648854e-07,3
"20296",7.76392565745734e-08,0.297766258941722,0.00783749148020227,0.000501901018493654,0.677501104942297,0.0163931659780283,5
"20301",0.000464847631925918,2.97372832831641e-07,0.998095954587486,0.00142825467382076,1.06080151560647e-05,3.77187780763507e-08,3
"20304",0.996172575856396,1.31042666313948e-05,0.00380645196326714,7.80940703805155e-06,5.84401468203705e-08,6.65202867213238e-11,1
"20306",0.00229466436288305,1.15873553282346e-05,0.997425001133575,0.000268726176431248,9.69198480312682e-10,2.00025839656224e-08,3
"20309",0.00366641358878574,0.303576328630735,0.488220521377581,0.204373582072543,0.000161581210372486,1.5731199830052e-06,3
"20311",0.000802141357138622,0.00357856423529397,0.99460952590424,0.000713151633715762,0.000295439262943374,1.17760666871857e-06,3
"20314",3.22467986366019e-05,0.97766781303673,0.00182781671076279,0.000829321399363379,0.0196423146093833,4.87445124555757e-07,2
"20318",6.89960715858081e-08,0.000103164861395861,1.43305060008787e-05,1.22593974874665e-07,0.999872965257997,9.34778455966237e-06,5
"20320",0.00147547542222708,0.483511922476919,0.000873997624070188,0.51218505497333,0.00193645005951299,1.70994439408949e-05,4
"20326",8.1145038139337e-05,0.953180482027944,0.00250917162660815,0.000387456362097974,0.0438405914191048,1.15352610576694e-06,2
"20328",0.00117197952511274,0.857239603855324,0.000824300902316848,0.140743588228374,1.36711360979668e-05,6.85635277467516e-06,2
"20330",0.00394254027713279,0.000308316699866094,0.148344568410506,0.847403036616894,7.373094070422e-07,8.0068619346736e-07,4
"20336",0.959673113116527,0.0265119752043422,0.0111577647187213,0.00265645966183397,6.77605297766492e-07,9.69327824198052e-09,1
"20338",0.979503213591823,0.0011455952231615,0.0147371019564754,0.00452016515264012,9.39199424956677e-05,4.13340419091895e-09,1
"20340",0.00048325266522434,2.1975306399579e-06,0.999341675583187,0.000172813929988648,1.76281380831316e-08,4.2662821463071e-08,3
"20342",0.974707325735769,0.000114356430377965,0.000404477822620245,0.0244567925752367,0.000267255905037208,4.97915309590415e-05,1
"20344",0.000574067145130055,0.00125088302825053,0.997928345917952,0.00024623240887029,2.59889421424865e-07,2.11610376089765e-07,3
"20349",0.000152386703714058,1.9694418704409e-05,0.999788991897356,3.88224529004288e-05,2.27218627354935e-09,1.02255138786802e-07,3
"20351",0.0136351949449385,0.0485210342626404,0.926187781642449,0.0111387533673204,0.000516247099768751,9.88682882419675e-07,3
"20353",0.0222929295497002,0.000172119225404089,0.247955417706926,0.729579488420729,3.35113218737947e-08,1.15859187423076e-08,4
"20357",0.996635214969513,5.31000299149135e-06,0.000716925276486464,0.00264254936683373,2.47677457072734e-10,1.36498069871227e-10,1
"20360",0.269098009150836,8.09684943523289e-05,0.0044549638220732,0.726087246701202,6.82594341019077e-07,0.000278129237194898,4
"20364",0.00227642918274736,0.0300262101101025,0.669997184404579,0.297689296883422,1.08485191495439e-05,3.08999996059967e-08,3
"20366",0.991167074965057,0.00702086088803253,0.000950185212696315,0.000852140782678904,9.73007791911231e-06,8.0736161146592e-09,1
"20381",1.09345617694631e-07,0.0034568637561369,1.06365400531444e-06,5.54728162712896e-06,0.0164274920792524,0.98010892388336,6
"20391",0.0188266534895417,0.0358537177024321,0.205228771645095,0.479478165389039,4.37695868349601e-08,0.260612648004306,4
"20394",1.49180590781841e-06,0.982004358564553,0.000118414432056598,0.0146699130420686,0.000975054313085631,0.00223076784232848,2
"20396",1.03899246401633e-08,0.221316298528091,7.77609122427487e-07,6.91355315525473e-05,0.0131200724189681,0.765493705522341,6
"20409",0.000916187629575573,0.214991124243181,0.624848541348379,0.000187552676248143,0.159050687077564,5.90702505172e-06,3
"20411",0.124470151928507,0.000238634827215626,0.846521196297731,0.0287700057169536,2.22146203394557e-09,9.00813078370919e-09,3
"20416",0.976009469558972,2.20722797394092e-08,0.023806240107187,0.000184268121451841,1.89224098854414e-11,1.21186718941275e-10,1
"20418",5.53367963679988e-09,0.15532839985324,7.04195140516741e-07,9.63557107065542e-06,0.0615370211063071,0.783124233740562,6
"20420",0.968157453732366,0.0300212202519,2.44259449221734e-05,0.00154608293486176,0.000249785684908759,1.03145104118512e-06,1
"20422",0.000291096194683219,0.000348224382802191,0.95805613705984,0.0412596166916247,4.48825062704997e-05,4.3164779811528e-08,3
"20424",0.0436232108771902,0.000161373169164551,0.860971804484392,0.0952435999413468,7.31776787387698e-09,4.21013870915856e-09,3
"20426",0.999808111005151,9.12237069562238e-06,3.96437376775968e-06,6.52371765848075e-05,0.000113564563942783,5.09857395406002e-10,1
"20428",1.47733516555508e-05,0.0414551547483522,0.841686771934088,0.114529831477543,1.15982485032604e-05,0.00230187023985848,3
"20431",0.00365730314484602,0.603146599562166,0.0217815600620301,0.275955974907784,0.0954569638184568,1.59850471639036e-06,2
"20433",1.51557677068407e-05,1.47459994343157e-06,0.999271012818833,0.000566173729037995,9.29956400993156e-09,0.000146173784915062,3
"20436",1.41506944771715e-07,3.80817728179369e-05,0.00708317295468545,4.86641670805586e-05,7.20259611098848e-06,0.99282273700236,6
"20439",1.83820224391946e-08,0.512338551155809,3.40764970483825e-06,4.57832625628048e-05,0.219721663989222,0.267890575560679,2
"20441",0.979282692207338,6.23697533058774e-05,0.00068663144038948,0.019968130382923,1.7578540656277e-07,4.30637108167167e-10,1
"20444",5.78861236036822e-09,0.000154206650639746,8.57197594361681e-08,9.24651983791129e-08,0.999843128501783,2.48087400742047e-06,5
"20448",0.00102524301105897,0.839881963152676,0.00980794245347331,0.000106720145500678,0.149000811502111,0.000177319735179772,2
"20536",3.48738252567623e-07,0.228814635717295,0.000155613761695689,0.00418168764018321,1.25280791041589e-05,0.766835186063469,6
"20538",0.735244209468667,0.0559037331241108,0.208507947131346,0.000336045872366101,1.42866347233958e-06,6.63574003780021e-06,1
"20541",0.0714061081537992,4.67111491777003e-06,0.924005028121137,0.00458418751405286,5.00475550757174e-09,9.13379244864441e-11,3
"20544",0.000702928299813271,0.790819474638484,0.201950863549567,0.00264874167159822,0.00387516338408068,2.82845645742887e-06,2
"20546",0.00649685367125019,0.000824021487876915,0.983180209476128,0.00949889803256953,9.32511396637755e-09,8.00706159465169e-09,3
"20550",0.000212879010040651,0.00361365477523859,0.00419807596379432,0.991889046375633,8.54192192769342e-05,9.24656016916659e-07,4
"20553",0.982904333424847,4.33429785282641e-09,0.0170862758550818,9.2409586634185e-06,1.44736511882761e-07,6.90597735047283e-10,1
"20555",0.993577616410254,0.00166583061810702,6.4644218479123e-06,0.0047495016778286,1.23394886010709e-07,4.63477077063843e-07,1
"20557",0.0101415744189054,0.0209718922396117,0.0086805897828768,0.959942314922016,0.000263607234584203,2.14020059050983e-08,4
"20559",5.0740983493082e-05,0.000205683954177641,0.999469501143074,0.00027283217683716,1.23849844730464e-06,3.24397120595891e-09,3
"20561",2.53233278253933e-05,0.734590740767594,0.000794114566889662,0.000557171204958656,0.264028046563597,4.60356913610133e-06,2
"20564",2.02380794818353e-08,2.24409795294653e-05,1.63972890408869e-07,6.90877138530779e-08,0.999976693465337,6.12256449661821e-07,5
"20566",6.14065481699151e-06,0.065631121635978,0.806359100359223,0.127864719527619,8.93784844707838e-05,4.95393378924428e-05,3
"20569",1.22843181291262e-07,0.879504881540343,1.27762900655629e-05,5.51604706750279e-05,0.119996173880617,0.000430884975117662,2
"20572",1.64156394110844e-08,0.0738322248872916,7.03698530881399e-06,2.83079941857056e-06,0.925524950706197,0.000632940206144187,5
"20574",0.00193236330191496,0.000149374459318004,0.995539825176646,0.00237571956864377,2.71687883419271e-06,6.14643091125871e-10,3
"20576",5.97162882047767e-08,0.000175251378115645,1.21625712886694e-06,2.94869164976658e-07,0.999822725028615,4.52750687563471e-07,5
"20578",0.000539821802753375,0.175962800609022,0.784014671971772,0.0342125512707646,0.00526882628922316,1.32805646527852e-06,3
"20580",4.88797186213154e-05,0.150070144071213,0.847983169133643,0.0018282678808602,5.49369445698662e-05,1.46022510927124e-05,3
"20583",4.6425755325781e-08,8.93661297649985e-05,8.73887820589027e-07,1.90832992728189e-07,0.999909076258625,4.46465041768686e-07,5
"20586",0.00164129485132041,0.0817832026375356,0.914363093299779,0.00220895235146535,2.59586671413739e-06,8.60993186147149e-07,3
"20589",0.000146809415743409,1.59052349370777e-05,0.994758649081932,0.00507852284758141,7.13997841417958e-10,1.1270580802495e-07,3
"20591",0.0396439376957474,0.169398174680284,0.00100532745854711,0.789932174361033,3.99620312522001e-06,1.63896012626663e-05,4
"20593",5.83885820207613e-05,8.12800966724122e-08,0.999476918639664,0.000464590647898729,1.20291648192588e-08,8.82115456742778e-09,3
"20595",0.000253379270654453,0.00285641776491651,0.996567444182571,0.00028684963821737,3.58702263918501e-05,3.89172481327026e-08,3
"20597",7.87682622252576e-10,0.000912597315436554,9.08911034660867e-08,9.47871437830337e-07,4.62300465329825e-06,0.999081740129686,6
"20599",1.07147471997623e-08,3.58834339596479e-05,2.24642844382619e-07,3.89539540418771e-08,0.999962789072185,1.05318230933899e-06,5
"20601",1.95632325503231e-05,0.983455639315303,0.00021113183963452,0.016070102966814,0.000239381679603135,4.18096609515895e-06,2
"20604",5.42336903325306e-05,5.67449310375503e-06,0.999882882449892,5.65241263282034e-05,6.83365680817437e-07,1.87466283842988e-09,3
"20606",6.35392122456272e-05,4.89926934852163e-06,0.99928202179075,0.000649520033872265,1.65773755131788e-08,3.11640802983882e-09,3
"20608",7.556177061588e-06,0.000293272810980554,0.975046880670893,0.0246506366555287,2.20280390501341e-07,1.43340514545226e-06,3
"20610",3.0071462992338e-07,0.00107304444319152,6.53837793641483e-06,1.29996816851977e-05,0.998906404831782,7.1195077483637e-07,5
"20612",0.155510184537703,0.0013267871450635,0.216671795922928,0.00029702052595521,0.00092607410176154,0.62526813776659,6
"20614",1.69424448849018e-07,0.00689723113142538,8.10702589323796e-07,1.42674121811753e-05,0.993086847123511,6.74205844219666e-07,5
"20616",6.70858270104548e-05,0.993816691509078,0.00473859430425204,0.00086669230651294,0.000473678407615466,3.72576455309224e-05,2
"20618",0.996690561373392,0.000920856606816547,0.000173769797695176,0.00219812011443596,1.6690145758263e-05,1.96190197187913e-09,1
"20620",3.26821311138969e-05,0.000373522537864564,0.999441602627529,0.000101641417606824,2.0772152413362e-05,2.97791334718357e-05,3
"20622",9.29964698865353e-08,0.000517446483805662,4.15001052352406e-06,3.86718719571578e-07,0.999477657954395,2.65836086687709e-07,5
"20624",0.0305615676989793,0.000323598664383834,0.968547916765623,0.00056685863705562,3.21104103984781e-08,2.61235474808392e-08,3
"20626",1.01803741142322e-06,0.0131164471135635,0.770065276693156,0.00707194122302512,0.00107038128873701,0.208674935644107,3
"20628",9.66269991052044e-05,0.142650913843635,0.145246066201164,0.556009916619133,0.000379514484791854,0.155616961852171,4
"20630",0.000136492987824346,0.054404922955212,0.544088888583345,0.389064180092223,0.0123023949026524,3.12047874336846e-06,3
"20632",2.20460155622036e-09,0.00859066270943278,1.02102898593975e-07,1.0791793760066e-06,0.990520919307359,0.000887234496332066,5
"20634",4.14468811450825e-05,8.78514198686744e-06,0.998773166746289,0.00117658196393646,1.23076595831011e-08,6.95898307728389e-09,3
"20637",0.99232616876141,1.65303874852278e-05,0.00637713414077364,0.00127249018724544,7.676516039627e-06,7.04606267271594e-12,1
"20639",1.77009102394871e-06,0.416586616716855,1.12152259709733e-05,7.98023995857457e-05,0.583316890290799,3.70527576537956e-06,5
"20644",0.728582050648776,2.38706980705211e-08,0.270823248852878,0.000588619307402788,1.80450006470854e-08,6.03927524418136e-06,1
"20646",0.0130178320135895,4.84033968055168e-05,0.643052639274459,0.342266644055602,9.51568229210654e-06,0.0016049655772515,3
"20648",1.42915127639258e-05,0.992667302985852,7.75978454480362e-05,0.000504233067551173,0.00673574605064757,8.28537737235574e-07,2
"20650",0.351179960271129,7.49035171056115e-05,0.646982755930234,0.00176233549633048,2.62198790532954e-08,1.85653212134076e-08,3
"20653",0.000242630744367541,0.958486243058903,0.000263628181979062,0.0380315666093558,0.00288223267980582,9.36987255886529e-05,2
"20658",3.98058382301536e-06,5.03911045729749e-05,0.999018061223387,0.000778787846096869,1.28571170687189e-08,0.000148766385002931,3
"20661",0.962347520454507,0.00419552053971452,0.0328944111104914,0.000468641222243757,7.69768468241691e-07,9.31369045751928e-05,1
"20663",0.00156884389918666,0.39524026917373,0.581256886246879,0.0219256834456235,4.94845811009939e-06,3.36877647064358e-06,3
"20665",2.95714679810419e-09,3.52471038656074e-05,1.74312107435996e-06,6.96744413374321e-08,0.999926573468558,3.63636749135028e-05,5
"20667",6.30345366795279e-05,0.105404790966481,0.00400063554845231,0.884681580619084,5.96583467567039e-05,0.00579029998254687,4
"20669",3.07360312731342e-08,0.0339604072511471,5.92353753492551e-07,5.39164672081701e-06,0.000165352593021206,0.965868225419326,6
"20671",0.849057602603188,0.00148267783845414,0.14230686741302,0.00707893527132872,7.39166647855049e-05,2.09224228470772e-10,1
"20673",3.47472427644117e-10,0.000891281893723073,5.10830786022386e-08,4.9773330895287e-07,2.47121925061842e-05,0.999083456749911,6
"20675",4.90908453454261e-06,0.765022028900431,0.0073856806535208,0.00108786863819642,1.44644435497752e-05,0.226485048279768,2
"20677",0.000224576427431308,0.407559931389986,0.573455896470053,0.0181159420208227,3.66856017888104e-06,0.000639985131528861,3
"20679",1.12062232394474e-08,0.0361448724572915,1.51598899377219e-07,1.29267884414355e-05,0.000709365460244319,0.9631326724889,6
"20681",1.8431271489579e-06,0.940397897727912,5.75692288298714e-05,0.00115005193589843,1.45623930066462e-05,0.0583780755872037,2
"20683",6.02967134364123e-05,0.460810428752741,0.401691979230645,0.132829004568804,1.14636384408797e-05,0.00459682709593245,2
"20685",0.973372289192513,0.0146814039120105,8.21194198618975e-06,0.0118647100804225,7.14153334585529e-05,1.96953960894872e-06,1
"20687",5.59011166044106e-07,0.0969589802021929,3.62667590452213e-06,2.78834750225324e-05,0.903006887506445,2.0631292691056e-06,5
"20689",0.876423882700868,6.71703508339631e-07,0.123495479783324,6.73766946254917e-05,7.50608884359039e-09,1.25816115853817e-05,1
"20691",2.30693141276072e-08,0.000237089303755948,1.97078220710137e-07,2.01087190357171e-07,0.999762051472878,4.37988641411698e-07,5
"20693",0.00130947475074094,5.94099917486697e-06,0.998542251061814,0.000142296026869447,1.1694442601501e-09,3.59919564201354e-08,3
"20695",3.86226087111116e-06,0.997655130570709,8.1544021110339e-05,0.000584096286656306,0.0016634925889366,1.18742717165871e-05,2
"20697",0.000270227016531997,6.9003079713587e-05,0.999340127555747,0.000292154099609734,2.84876572701203e-05,5.911273546633e-10,3
"20699",4.40200292607853e-06,0.626577925151724,0.353064231299532,0.00429862458792697,8.79782684133975e-05,0.0159668386894776,2
"20701",0.000122188976286072,0.0399740156708904,0.867820368306044,0.0914523702324702,2.16684696081169e-07,0.000630840129613062,3
"20703",0.000359340797479665,0.013930614848214,5.98881820676601e-06,0.00499484456650899,0.000110140384052639,0.980599070585538,6
"20705",0.00372647666020428,0.000892022486421592,0.97616864048865,0.0192127233559305,8.04916597207911e-08,5.65171344065016e-08,3
"20707",0.000136388941249248,0.981224727149838,0.00274470190542047,0.0158819893476464,8.0238228045987e-06,4.16883304118445e-06,2
"20709",2.89947825908412e-06,0.0774589827797772,0.0264169424443367,0.000716945160510839,0.895099646970644,0.000304583166472641,5
