"","V1","V2","V3","best$classification"
"19812",0.0532808096620475,0.00960327181704411,0.937115918520908,3
"19814",0.904591971337545,0.00146485358998908,0.0939431750724657,1
"19816",3.46051876309425e-05,0.0130544834818462,0.986910911330523,3
"19818",0.349315247171461,0.00545505057976997,0.645229702248769,3
"19820",8.10769441491724e-21,0.0217584347137784,0.978241565286222,3
"19822",1.16534730010891e-21,0.948030701583895,0.0519692984161047,2
"19824",5.06912715177088e-08,0.54214792396453,0.457852025344198,2
"19826",0.195788493385678,0.0407509204666687,0.763460586147653,3
"19828",8.69835855457213e-11,0.010164437497843,0.989835562415173,3
"19830",0.219912070637717,0.2745401776337,0.505547751728583,3
"19832",4.05442115400412e-08,0.609756318081078,0.39024364137471,2
"19834",5.37691400459667e-07,0.0227382849468945,0.977261177361705,3
"19836",0.00066479258212171,0.0259142431382609,0.973420964279617,3
"19838",0.959861534749719,0.00436518825418473,0.0357732769960958,1
"19840",2.1978098653966e-05,0.0452428147683746,0.954735207132971,3
"19842",0.655614035203061,0.344341464939397,4.44998575415572e-05,1
"19844",0.179592165993855,0.820407826317794,7.68835132700497e-09,2
"19846",0.998436168925626,0.00139048770463179,0.000173343369742659,1
"19848",0.995704821915475,0.00272889371964368,0.00156628436488145,1
"19850",0.99039419965517,0.0059384801260412,0.00366732021878875,1
"19852",0.0144149005584032,0.00615530061803294,0.979429798823564,3
"19854",0.988136662749942,0.00627540217072926,0.00558793507932842,1
"19856",0.119350993263124,0.880301772788435,0.000347233948441143,2
"19858",7.48907380376045e-05,0.998841984620837,0.00108312464112567,2
"19860",0.0165978206683688,0.0088789771916946,0.974523202139937,3
"19862",0.992715944175701,0.0066528926736053,0.000631163150694049,1
"19864",2.5198209748571e-09,0.999999997143001,3.37177816312575e-10,2
"19866",5.85727771062025e-07,0.390816503974903,0.609182910297326,3
"19868",1.52896593973505e-21,0.999999999990817,9.18311403149508e-12,2
"19870",0.962498044196161,0.0039434719961815,0.0335584838076574,1
"19873",0.310879387522037,0.0426581941082744,0.646462418369688,3
"19875",1.62323268209587e-08,0.012423816371582,0.987576167396091,3
"19877",0.307754329058507,0.00586181866269552,0.686383852278798,3
"19879",0.00443300413866834,0.00987348548370354,0.985693510377628,3
"19881",0.114460620702972,0.114257984833856,0.771281394463172,3
"19883",0.878467462762936,0.052850156378806,0.0686823808582576,1
"19899",1.12765811798033e-05,0.0441216432105566,0.955867080208264,3
"19908",1.30900584981073e-10,0.999999577730281,4.2213881811815e-07,2
"19910",0.0385625423964376,0.00504501701855755,0.956392440585005,3
"19912",0.918800328492175,0.0809708012939655,0.000228870213859183,1
"19914",0.00141882856320875,0.023801687143666,0.974779484293125,3
"19916",8.65330207677126e-11,0.99971403108062,0.000285968832846667,2
"19918",0.977836314544889,0.00371826975196601,0.0184454157031449,1
"19920",0.996940950469694,0.00269897371175143,0.000360075818554884,1
"19922",2.3301022970986e-10,0.999123051288285,0.000876948478704936,2
"19924",0.27530707583554,0.00710068346228347,0.717592240702177,3
"19926",3.15062202600704e-07,0.0865608674961567,0.913438817441641,3
"19928",3.58336233510579e-08,0.999999964166375,1.05299948002271e-15,2
"19930",0.87286951786244,0.00152084337535861,0.125609638762201,1
"19932",0.990621257089755,0.000622700166580315,0.00875604274366485,1
"19934",2.45827822611819e-06,0.0172038181140424,0.982793723607731,3
"19936",0.052370336916966,0.0327894980325295,0.914840165050504,3
"19938",6.52001885108462e-11,0.254999941200297,0.745000058734503,3
"19940",0.174855629468511,0.014897121046625,0.810247249484864,3
"19942",1.1190422366643e-05,0.999988807079657,2.49797697089535e-09,2
"19944",0.00313327389536301,0.0123931734801125,0.984473552624525,3
"19946",0.170536005772836,0.0169112845961858,0.812552709630978,3
"19948",0.00185008174440948,0.998149914054116,4.20147430927407e-09,2
"19950",0.996967141392647,0.00303268767932402,1.70928028664415e-07,1
"19952",0.00185008174440948,0.998149914054116,4.20147430927407e-09,2
"19954",0.966960421317894,0.000671253876706585,0.0323683248053996,1
"19956",0.242172440908379,0.757826517793716,1.04129790540856e-06,2
"19958",2.24012020846338e-18,0.999999999978529,2.14704935573116e-11,2
"19962",0.0151134500353153,0.747786955233162,0.237099594731523,2
"19964",0.0123099142602985,0.0815593300092142,0.906130755730487,3
"19966",1.54661965014604e-14,0.461948225660929,0.538051774339055,3
"19969",0.705827219992419,0.054747844640323,0.239424935367258,1
"19972",0.9630518240671,0.0347370204010915,0.00221115553180837,1
"19974",0.996385751933922,0.0036142182532273,2.98128506389345e-08,1
"19976",0.550365808286414,0.0127733784946919,0.436860813218894,1
"19978",0.00238211132153733,0.00905535596726562,0.988562532711197,3
"19980",0.999041626831708,0.000678284845684971,0.000280088322607337,1
"19982",0.933255656823162,0.0608409417754991,0.00590340140133856,1
"19984",0.981352100533562,0.0186463223488355,1.57711760285713e-06,1
"19986",6.8512682924325e-16,0.0689858274917468,0.931014172508252,3
"19988",3.24562437657913e-22,0.0722403453965356,0.927759654603464,3
"19992",9.17392737083094e-15,0.041220307749634,0.958779692250357,3
"19994",0.768792787181179,0.00222099506213135,0.22898621775669,1
"19996",1.0670717146131e-13,0.00849550111849129,0.991504498881402,3
"19998",9.83052313110911e-05,0.99475344364732,0.00514825112136854,2
"20000",0.000163799097438134,0.998287117539058,0.00154908336350429,2
"20003",0.0545632899696755,0.0150344457432427,0.930402264287082,3
"20005",0.968515923694599,0.0298447686051562,0.0016393077002452,1
"20007",0.000170605253039464,0.025465153152448,0.974364241594513,3
"20009",3.75328373204739e-11,0.876306832082428,0.123693167880039,2
"20011",0.86355823973343,0.0624749395000751,0.0739668207664948,1
"20013",0.89053896108009,0.00387004577776087,0.105590993142149,1
"20016",7.70619555124393e-15,0.680881584166021,0.319118415833972,2
"20018",6.31404168307347e-42,0.999999997291673,2.70832669140636e-09,2
"20021",9.81312540675046e-08,0.0128636472404016,0.987136254628344,3
"20023",0.000274761100461312,0.0410079162001782,0.95871732269936,3
"20025",3.48802664869854e-25,0.997777804735938,0.00222219526406195,2
"20027",0.901132371574497,0.0641705155025619,0.0346971129229411,1
"20029",0.846645322754436,0.122206657601696,0.0311480196438681,1
"20032",0.95936970847188,0.00692711167811615,0.0337031798500038,1
"20034",0.00357161945674566,0.996427161667634,1.2188756204038e-06,2
"20036",0.0286366807343483,0.916356630204089,0.0550066890615622,2
"20038",6.02072867919826e-14,0.0205468692834987,0.979453130716441,3
"20040",7.33119675972888e-21,0.999706860993564,0.000293139006435634,2
"20043",2.44800200310957e-09,0.0213014591559321,0.978698538396066,3
"20045",1.27867536616294e-21,0.411261266305362,0.588738733694638,3
"20048",0.680860332196198,0.319139662726086,5.07771541157067e-09,1
"20051",0.000298357139547477,0.117091711967845,0.882609930892608,3
"20053",6.67148898782558e-05,0.132195672386447,0.867737612723675,3
"20055",3.0392908742917e-13,0.122444934126749,0.877555065872947,3
"20057",6.99477542364272e-27,1,7.17516189643576e-22,2
"20059",6.37040391299554e-07,0.234163963882151,0.765835399077458,3
"20061",0.000139030199847633,0.0258968532886025,0.97396411651155,3
"20063",3.99151538247299e-10,0.999999999575849,2.4999375247526e-11,2
"20065",1.33029197402608e-28,0.989004061119078,0.0109959388809225,2
"20067",5.07604713417141e-09,0.296730891976279,0.703269102947674,3
"20069",0.999070894433107,0.000709933477423865,0.00021917208946909,1
"20071",2.212763190785e-06,0.822167888444495,0.177829898792314,2
"20073",0.960770573359765,0.0353877810594925,0.00384164558074273,1
"20075",5.0910749580547e-23,0.999999999279526,7.20473585765299e-10,2
"20077",1.95501139481244e-05,0.0498786182019875,0.950101831684064,3
"20079",2.95034773350925e-05,0.973332489078734,0.0266380074439313,2
"20081",2.00513758159321e-10,0.166351171675767,0.833648828123719,3
"20083",6.18501785662605e-05,0.99993079454816,7.3552732734383e-06,2
"20085",2.860393948604e-23,0.0605930877072622,0.939406912292738,3
"20088",8.46552398401812e-11,0.0214248999922047,0.97857509992314,3
"20091",1.61295836530994e-18,0.999975999725395,2.40002746053663e-05,2
"20095",7.87913564705315e-05,0.999894163875671,2.70447678583084e-05,2
"20097",1.84204914290058e-23,0.100472005863076,0.899527994136924,3
"20099",3.62992827614885e-06,0.964539318322377,0.0354570517493466,2
"20102",1.03340422973997e-07,0.999999742850454,1.53809123473318e-07,2
"20105",7.74148735676497e-09,0.0359586232726328,0.96404136898588,3
"20107",1.42794243521364e-09,0.0125281246816393,0.987471873890418,3
"20109",0.0028982466707066,0.363115353102767,0.633986400226526,3
"20111",6.48836968847547e-10,0.999999980793744,1.85574185312569e-08,2
"20113",9.64721997187306e-08,0.14471011094,0.8552897925878,3
"20115",0.0933495093511358,0.893824712303104,0.0128257783457604,2
"20117",3.91672138992852e-23,0.999999964296593,3.57034071669522e-08,2
"20119",2.60339362027011e-12,0.653752053873863,0.346247946123533,2
"20121",8.06894848001421e-12,0.0290190609391327,0.970980939052798,3
"20123",4.35192730743939e-24,0.999981649688055,1.83503119444623e-05,2
"20125",0.978942644491676,0.0040693644694835,0.0169879910388403,1
"20127",6.30217953858312e-18,0.0517488247522669,0.948251175247733,3
"20140",1.64474506214474e-10,0.300813799213529,0.699186200621997,3
"20142",0.998097105380158,0.00190228189988375,6.12719958009952e-07,1
"20144",0.0911930599576867,0.894377982921941,0.0144289571203724,2
"20146",0.543071645425441,0.445413282112126,0.0115150724624338,1
"20148",0.336344469653973,0.00962769381116039,0.654027836534867,3
"20150",0.998897665875918,0.00109554333813653,6.79078594520557e-06,1
"20152",0.230723634865712,0.0114161809805022,0.757860184153786,3
"20154",2.62728308257035e-22,0.999809651149301,0.000190348850699414,2
"20156",0.00155103455193221,0.672973800215507,0.32547516523256,2
"20159",0.822818004801198,0.175384548675112,0.00179744652368997,1
"20161",0.183303732227315,0.816674936545616,2.13312270687054e-05,2
"20163",0.000778437910912587,0.143724616564256,0.855496945524831,3
"20165",0.0148881220463107,0.975473162677937,0.0096387152757526,2
"20167",0.855290465599239,0.00181475709571136,0.14289477730505,1
"20169",0.984669466101121,0.0153305228065065,1.1092372805678e-08,1
"20171",2.33134331352574e-25,0.999999301514315,6.98485684967557e-07,2
"20173",2.30863864283998e-08,0.999999936823563,4.00900507409696e-08,2
"20175",0.628977200493103,0.0115972804530498,0.359425519053847,1
"20177",1.16068231469712e-07,0.920382140526567,0.0796177434052016,2
"20180",1.17565940536084e-16,0.0954884782477526,0.904511521752247,3
"20182",2.06636063878953e-06,0.999997933639361,6.12645404681328e-20,2
"20184",0.995987217975829,0.00306742519018692,0.000945356833984413,1
"20187",0.000887108400740832,0.999090511819091,2.23797801680354e-05,2
"20189",1.7598720214646e-05,0.0393287883739125,0.960653612905873,3
"20192",3.07757674436996e-18,0.999810126948903,0.00018987305109646,2
"20194",0.135387517043639,0.864610145081876,2.33787448498377e-06,2
"20196",3.79253653995381e-20,0.776895937230591,0.223104062769409,2
"20198",0.0187916290561223,0.182466976026595,0.798741394917282,3
"20204",0.996892883652644,0.00261474361260224,0.000492372734753506,1
"20207",1.13887312916177e-13,0.451789629866061,0.548210370133825,3
"20209",4.41376280964424e-09,0.999484171664537,0.000515823921700163,2
"20211",1.23647507369823e-18,0.999772166898428,0.000227833101571742,2
"20215",1.28401578493274e-08,0.0395156690093758,0.960484318150466,3
"20218",0.999117017026631,0.000877919988940189,5.06298442924447e-06,1
"20222",2.30150236487861e-11,0.0969087517116691,0.903091248265316,3
"20225",0.869176218859629,0.128343906078269,0.00247987506210141,1
"20229",3.4932861483434e-06,0.854335550107035,0.145660956606816,2
"20232",2.745141875077e-07,0.0611386844064777,0.938861041079335,3
"20234",3.08186736848911e-35,0.998645953809592,0.00135404619040828,2
"20238",1.97235480044735e-09,0.0960381358685486,0.903961862159097,3
"20253",6.90425887723238e-14,0.0990685305846095,0.900931469415321,3
"20255",0.7888728454661,0.0103414947650599,0.20078565976884,1
"20258",1.52611460686751e-13,0.0105469273662741,0.989453072633573,3
"20269",1.07316230723146e-05,0.0530667513313064,0.946922517045621,3
"20271",1.46119572167607e-13,0.387334519743902,0.612665480255952,3
"20285",0.000123058490531835,0.996930655486325,0.00294628602314317,2
"20288",2.88738635721539e-08,0.0259045680093227,0.974095403116814,3
"20291",2.08514922436042e-16,0.842166126155555,0.157833873844444,2
"20295",5.65320486874392e-07,0.94784833998987,0.0521510946896432,2
"20298",0.970537624674131,0.00278237684256444,0.0266799984833045,1
"20302",0.933071746722953,0.0587502977423322,0.00817795553471477,1
"20305",0.983816233115998,0.00511739876060616,0.0110663681233964,1
"20307",3.62396112274903e-14,0.023311201928911,0.976688798071053,3
"20310",2.86081723278437e-25,0.743082685808649,0.256917314191351,2
"20313",0.979625872647203,0.0203741253120894,2.04070797494298e-09,1
"20315",1.02571461063365e-12,0.0116335584721071,0.988366441526867,3
"20319",7.48879971246669e-21,0.938515279600737,0.0614847203992627,2
"20321",1.67931205045083e-12,0.123431544724371,0.87656845527395,3
"20327",7.7629618619351e-13,0.0233155391277779,0.976684460871446,3
"20329",0.0524596359187508,0.947540356427164,7.65408477541039e-09,2
"20335",7.1360097126617e-18,0.600176220609076,0.399823779390924,2
"20337",0.991376152551502,0.00715584100786405,0.00146800644063385,1
"20339",6.45257823277244e-14,0.999950858666704,4.91413332311598e-05,2
"20341",1.73517750396245e-16,0.999987615924466,1.23840755336192e-05,2
"20343",2.56297306554983e-15,0.912893364576423,0.0871066354235748,2
"20345",0.0407441493516031,0.0386656536454533,0.920590197002944,3
"20350",3.90600507494932e-09,0.999147160595765,0.000852835498230232,2
"20352",0.992165332244077,0.00783445990190052,2.07854022761357e-07,1
"20355",0.0972348886066317,0.901901063125452,0.000864048267915978,2
"20358",0.499489079382518,0.500510688379344,2.32238137485576e-07,2
"20363",9.90742926710305e-11,0.0357788975099174,0.964221102391008,3
"20365",5.81926102561768e-12,0.464999467900638,0.535000532093543,3
"20379",0.231127661602521,0.434985650087939,0.33388668830954,2
"20387",3.21161824310499e-10,0.0275392883379339,0.972460711340904,3
"20392",8.0315920647049e-23,0.999848046900778,0.000151953099222332,2
"20395",0.34612617629987,0.0151118490898385,0.638761974610291,3
"20397",0.025959342757131,0.974040657242868,6.11816274891164e-16,2
"20410",6.5577901602864e-09,0.0296170657719667,0.970382927670243,3
"20414",0.972589574586193,0.0123282222253146,0.0150822031884926,1
"20417",1.77272683916481e-45,0.999999999679276,3.20724308715941e-10,2
"20419",1.02416846635911e-13,0.104836708214226,0.895163291785671,3
"20421",0.0464970815104088,0.940381817832506,0.0131211006570849,2
"20423",0.991092320873363,0.00491843790951717,0.00398924121711993,1
"20425",0.934816397543317,0.0377099364627514,0.027473665993932,1
"20427",0.021071285613377,0.0171309045766941,0.961797809809929,3
"20429",5.10946828849536e-12,0.99413927266793,0.00586072732696032,2
"20432",0.992162283811589,0.0077616730317989,7.60431566116388e-05,1
"20435",3.08012771658704e-05,0.0948912510858317,0.905077947637002,3
"20438",6.72674617399073e-08,0.561317895707109,0.43868203702543,2
"20440",2.43671934903387e-12,0.0269032147810649,0.973096785216498,3
"20443",0.659871874425632,0.340098665099429,2.94604749388291e-05,1
"20446",4.03269056655523e-05,0.276740306781818,0.723219366312517,3
"20449",2.51092350312043e-06,0.040026866869735,0.959970622206762,3
"20537",1.02068890669704e-11,0.851297033759235,0.148702966230558,2
"20540",1.32643669902416e-26,0.999984151989152,1.58480108474785e-05,2
"20543",0.00036579967318938,0.026073793597318,0.973560406729493,3
"20545",2.34414436450713e-20,0.999987207689039,1.27923109611246e-05,2
"20549",0.407191774587425,0.0230266059018397,0.569781619510735,3
"20551",6.69787576175395e-05,0.0117884182029072,0.988144603039475,3
"20554",2.55229302492407e-07,0.007817054365007,0.99218269040569,3
"20556",8.5571513225928e-06,0.0429039182006038,0.957087524648074,3
"20558",8.9014186158533e-13,0.00841401113407916,0.991585988865031,3
"20560",0.000357107612788812,0.0267050740314902,0.972937818355721,3
"20563",3.7325987846721e-17,0.041312244730958,0.958687755269042,3
"20565",1.6361720649214e-05,0.0463433167158964,0.953640321563454,3
"20567",0.98950050554449,0.0102210542059073,0.0002784402496022,1
"20571",2.53046971320711e-15,0.875260062084921,0.124739937915077,2
"20573",7.45784991417818e-05,0.0213186489698964,0.978606772530962,3
"20575",2.12192726272723e-14,0.0777061016178534,0.922293898382125,3
"20577",0.00010922257242594,0.0158441527939616,0.984046624633612,3
"20579",0.884007001998201,0.115992997964777,3.7021719872415e-11,1
"20582",2.82194773645389e-18,0.0179546485574605,0.982045351442539,3
"20585",4.96954197130195e-11,0.786641935173101,0.213358064777204,2
"20588",5.93571884213301e-12,0.999602849821253,0.000397150172811749,2
"20590",0.996026932392708,0.00397305812150133,9.48579028091094e-09,1
"20592",4.99108197910417e-15,0.0223614927304206,0.977638507269574,3
"20594",3.35384760201263e-19,0.0372608620827337,0.962739137917266,3
"20596",4.8823480541554e-06,0.0541407963085771,0.945854321343369,3
"20598",1.049523442106e-05,0.0116276203780497,0.988361884387529,3
"20600",5.21853472113979e-05,0.512282984936702,0.487664829716087,2
"20603",0.896235071544658,0.0649184407362336,0.0388464877191086,1
"20605",3.40579278172845e-12,0.0173092460554739,0.98269075394112,3
"20607",1.21618002713229e-08,0.0176301943494045,0.982369793488795,3
"20609",4.09303820463623e-07,0.0075928128532714,0.992406777842908,3
"20611",0.990686651632049,0.00549055144975075,0.0038227969181999,1
"20613",0.000327587832983996,0.0175353246629438,0.982137087504072,3
"20615",0.00120518936073932,0.0364630056659868,0.962331804973274,3
"20617",0.984599214357864,0.0154002839832228,5.01658913281078e-07,1
"20619",1.03277449699667e-12,0.0579897739649318,0.942010226034036,3
"20621",2.81034316364036e-06,0.0619389348857902,0.938058254771046,3
"20623",0.668967147132313,0.330086699495922,0.00094615337176455,1
"20625",0.109731802609213,0.866040138380168,0.0242280590106194,2
"20627",0.000350588177357443,0.0113632724609036,0.988286139361739,3
"20629",8.3407503037859e-05,0.0114252134281163,0.988491379068846,3
"20631",7.20858254912201e-15,0.113777333117378,0.886222666882615,3
"20633",0.992429481407745,0.00757051855934009,3.29152301423842e-11,1
"20636",0.237008950626738,0.648248162234089,0.114742887139172,2
"20638",4.51084781033405e-06,0.612449371369633,0.387546117782557,2
"20640",2.28947433801196e-13,0.216120779986794,0.783879220012977,3
"20645",3.24561927971076e-21,0.0472655781261526,0.952734421873847,3
"20647",0.967338418715156,0.0326615807460078,5.38836035814485e-10,1
"20649",2.73395525148253e-08,0.0886723683058545,0.911327604354593,3
"20651",6.17974658268881e-19,0.985359856031873,0.014640143968127,2
"20656",2.88742141333342e-16,0.573146443006281,0.426853556993719,2
"20660",1.94453333999735e-18,0.999971771269958,2.82287300418678e-05,2
"20662",0.53608970055858,0.463898826199414,1.14732420062836e-05,1
"20664",3.29516280052424e-07,0.965899781466412,0.0340998890173075,2
"20666",5.94756471970067e-06,0.995540406634951,0.00445364580032932,2
"20668",0.99436546997599,0.00273252807213992,0.00290200195186959,1
"20670",8.71958215534916e-15,0.855137591050374,0.144862408949617,2
"20672",0.998220537999417,0.00144772178252231,0.000331740218060957,1
"20674",0.000143312079084078,0.0356736951086742,0.964182992812242,3
"20676",0.823872864112801,0.176127039376533,9.65106665871205e-08,1
"20678",0.972339787648066,0.0276602101413326,2.21060152915043e-09,1
"20680",0.969945912980268,0.00248728403050085,0.0275668029892311,1
"20682",0.427735439156006,0.129159370536956,0.443105190307038,3
"20684",5.1802008620144e-08,0.836212044275435,0.163787903922556,2
"20686",0.999406843028959,0.000585904787707876,7.25218333310965e-06,1
"20688",0.769277106917823,0.230722893077695,4.48237247223413e-12,1
"20690",1.00006538808443e-15,0.986521841328076,0.0134781586719227,2
"20692",0.981839382882513,0.0181606171170278,4.5935130961938e-13,1
"20694",0.985405503874255,0.00310769431858563,0.0114868018071594,1
"20696",0.890747369924664,0.0428645624096678,0.0663880676656679,1
"20698",2.45939678276971e-05,0.208234461604359,0.791740944427813,3
"20700",8.89161930251523e-07,0.962520300828541,0.0374788100095286,2
"20702",7.03574075317571e-22,0.863019883481089,0.136980116518911,2
"20704",2.38311659313692e-05,0.00781769069289671,0.992158478141172,3
"20706",0.000254480477221092,0.993911020797476,0.00583449872530344,2
"20708",0.938967300149508,0.0610267030813385,5.99676915381569e-06,1
"20710",9.24109555693786e-09,0.251296207764178,0.748703782994727,3
"20714",0.970133618225268,0.029774969121237,9.14126534949565e-05,1
"20716",7.90019495780284e-07,0.022564914849339,0.977434295131165,3
"20719",8.90128025420266e-06,0.903842161465786,0.0961489372539594,2
"20721",4.42184576395714e-16,0.056501920550202,0.943498079449797,3
"20723",9.25617872364794e-10,0.999320475069886,0.000679524004496622,2
"20725",0.832795982817579,0.00516235129478749,0.162041665887633,1
"20727",0.0146913836801413,0.985308615894109,4.25749643521493e-10,2
"20729",0.993838098574415,0.00394336145786146,0.00221853996772391,1
"20731",0.920646422609924,0.0110450755631285,0.0683085018269479,1
"20733",1.68972456103334e-05,0.0381080470314923,0.961875055722897,3
"20735",0.000820188761931915,0.0161194656476142,0.983060345590454,3
"20737",0.995775866294307,0.00420600235058584,1.81313551071235e-05,1
"20739",0.993946852977403,0.00605314690339359,1.1920361860525e-10,1
"20741",0.844198366972218,0.00411546429559686,0.151686168732185,1
"20743",0.623292390203759,0.0865712554610523,0.290136354335189,1
"20745",2.15687517909304e-16,0.0741400065708205,0.925859993429179,3
"20747",0.971449604109157,0.0268317649587597,0.00171863093208322,1
"20749",0.972872453006869,0.0261499944565092,0.000977552536621575,1
"20751",0.0313065894507738,0.938388089626013,0.0303053209232135,2
"20753",0.94496581304133,0.0118236320854378,0.0432105548732324,1
"20755",0.23099701937996,0.769002961359637,1.92604031014236e-08,2
"20757",0.000241587128936379,0.999755016253597,3.39661746649462e-06,2
"20759",1.7292844843864e-08,0.38069176017224,0.619308222534915,3
"20761",0.410311164836351,0.00307024533992559,0.586618589823723,3
"20763",0.00245806880134165,0.608155096321282,0.389386834877376,2
"20765",0.913774190167155,0.00132934207902402,0.084896467753821,1
"20767",7.43228990157601e-08,0.0296213991961835,0.970378526480918,3
"20769",6.42034648547333e-14,0.939777442590318,0.0602225574096176,2
"20771",0.409564910695242,0.0214592593122899,0.568975829992468,3
"20773",1.31268849304572e-05,0.999986378020536,4.95094533268339e-07,2
"20775",0.162008951882458,0.0341838402264866,0.803807207891056,3
"20777",2.72286714478727e-07,0.96632677931474,0.0336729483985457,2
"20779",0.806479516568823,0.00551066464056367,0.188009818790613,1
"20781",6.75232757456894e-17,1,2.73096580687977e-17,2
"20783",0.35139740646195,0.0122354735261222,0.636367120011928,3
"20785",9.07282003406214e-05,0.999909271794089,5.57005078220767e-12,2
"20787",0.990460495216289,0.001953146684173,0.00758635809953757,1
"20789",0.000713496162845313,0.01301112503132,0.986275378805835,3
"20791",0.998240632015224,0.00117534147473339,0.000584026510042834,1
"20793",0.00291181370105943,0.0306745462770041,0.966413640021936,3
"20795",0.949676592285543,0.0192058497392368,0.0311175579752204,1
"20797",3.50303042901365e-08,0.999999964969692,3.90023737089074e-15,2
"20800",0.925024331318744,0.0415874287476858,0.0333882399335705,1
"20802",0.834511535604348,0.00378138839721573,0.161707075998436,1
"20804",0.994014183055366,0.00573758401683644,0.000248232927797887,1
"20806",0.998587850007259,0.00134379543503461,6.8354557706441e-05,1
"20808",1.91871660996946e-06,0.0119888323901735,0.988009248893217,3
"20810",0.704328889753168,0.227910262024536,0.0677608482222961,1
"20812",0.843260521378822,0.0270995520659767,0.129639926555201,1
"20814",0.952980044090575,0.0470199200701531,3.58392714640439e-08,1
"20816",5.68371868706105e-15,0.996224148629188,0.0037758513708059,2
"20818",0.155369824630502,0.0176888882436401,0.826941287125858,3
"20820",0.95198813224149,0.0480118676319109,1.26598895597898e-10,1
"20822",0.852971276548813,0.00107182871507212,0.145956894736115,1
"20824",0.000115913409038123,0.999884086590057,9.04618648254772e-13,2
"20826",0.999249065369703,0.000750430434749262,5.04195547753897e-07,1
"20828",0.680860332196198,0.319139662726086,5.07771541157067e-09,1
"20830",0.980008179788615,0.0151707741575208,0.00482104605386452,1
"20832",0.0717130990754483,0.0302971299944412,0.897989770930111,3
"20834",2.48616400660539e-07,0.0152889464095507,0.984710804974049,3
"20836",0.894120940239927,0.00332361428336072,0.102555445476713,1
"20838",0.930393361591341,0.0696047130815007,1.92532715828288e-06,1
"20840",7.2723461642504e-07,0.0146399715392383,0.985359301226145,3
"20842",0.863227430055961,0.109099202487581,0.0276733674564581,1
"20844",0.0216619116707822,0.97809358633533,0.000244501993888034,2
"20846",0.944217005605182,0.018116616081134,0.0376663783136842,1
"20848",0.0157293289384619,0.00834430830569406,0.975926362755844,3
"20850",2.82808501310915e-05,0.0291518209355383,0.970819898214331,3
"20852",0.000244819227004718,0.287119115593426,0.71263606517957,3
"20854",0.998164806342018,0.00180572386656027,2.9469791421771e-05,1
"20856",7.57401675989971e-20,0.999998733604808,1.26639519182172e-06,2
"20858",9.66363393730857e-11,0.0511836054098032,0.94881639449356,3
"20860",0.00581639899673753,0.984517597927604,0.00966600307565827,2
"20862",1.77923692412085e-12,0.186146525732019,0.813853474266202,3
"20864",0.997776181141968,0.00221599934127347,7.81951675871059e-06,1
"20866",7.93546627659246e-26,0.490289395465259,0.509710604534741,3
"20868",1.79579430477246e-07,0.0156234833490342,0.984376337071535,3
"20870",0.198700990597139,0.0115538575280509,0.78974515187481,3
"20872",0.946974427648342,0.000921273123949204,0.0521042992277081,1
"20874",0.991575760319183,0.0084242393865366,2.9428037969522e-10,1
"20877",5.66782789860196e-08,0.0296908789587307,0.97030906436299,3
"20879",2.62497573399683e-12,0.0217025643164524,0.978297435680923,3
"20881",0.958710161207573,0.0026126549321296,0.038677183860297,1
"20883",0.0266761607949821,0.973314362817633,9.47638738467084e-06,2
"20885",0.984054992962572,0.00172995716230155,0.0142150498751261,1
"20887",1.78731956268853e-06,0.0261682076742547,0.973830005006183,3
"20889",0.294717328014275,0.0322270751077801,0.673055596877945,3
"20891",3.40047975155482e-12,0.0188253403475066,0.981174659649093,3
"20896",1.80995461426858e-07,0.114783690454819,0.88521612854972,3
"20898",0.711406885097196,0.00400892256706635,0.284584192335738,1
"20900",1.14928023772523e-09,0.999999998850642,7.7790793837045e-14,2
"20902",1.21402093502328e-10,0.87266179697688,0.127338202901718,2
"20904",0.0979888275793213,0.896242644462728,0.00576852795795056,2
"20906",3.84159300187231e-10,0.128013825227646,0.871986174388195,3
"20908",0.70588587163338,0.0230669883919167,0.271047139974703,1
"20910",0.402691743481237,0.571429372729535,0.0258788837892285,2
"20912",1.34761970113231e-19,0.999999999999999,8.5937451046665e-16,2
"20914",1.27294376056268e-23,0.110571387068014,0.889428612931986,3
"20968",5.15696845689879e-05,0.999948430126652,1.88779190198171e-10,2
"20970",1.54800705436756e-06,0.021253847539646,0.9787446044533,3
"20981",5.99463242431998e-07,0.266832206157634,0.733167194379124,3
"20983",0.982664395902228,0.0173355740975115,3.00002606902598e-08,1
"20988",7.53422059545105e-10,0.0129940919899996,0.987005907256578,3
"20995",1.65352765690308e-11,0.999999588236636,4.11746829116431e-07,2
"21017",0.237801002899993,0.0168842215252935,0.745314775574713,3
"21038",2.68724726856204e-10,0.0530179817975963,0.946982017933679,3
"21072",5.80624492410828e-09,0.0812235737027128,0.918776420491042,3
"21075",5.2176266824799e-14,0.193567974861885,0.806432025138062,3
"21223",0.0280503542365987,0.0113273861593379,0.960622259604063,3
"21225",3.25495113220172e-34,0.999999999998546,1.45377746354424e-12,2
"21230",0.998908206917386,0.00109179046262621,2.61998812551789e-09,1
"21236",0.22426583001276,0.0200193355317771,0.755714834455463,3
"21238",4.7926810025013e-08,0.91008487453341,0.0899150775397796,2
"21241",2.33332032722388e-12,0.313412837778772,0.686587162218894,3
"21246",3.56310277165935e-05,0.0178503495360746,0.982114019436209,3
"21253",0.999428823446086,0.00055597430236034,1.52022515540522e-05,1
"21256",0.904826190253718,0.0291533184696095,0.0660204912766725,1
"21260",4.16239291993473e-23,0.999987189841078,1.28101589216779e-05,2
"21266",2.62269190752266e-07,0.0181717133608004,0.981828024370009,3
"21332",5.60628133529818e-06,0.0185140713492832,0.981480322369381,3
"21334",0.326212425710857,0.0170237445092483,0.656763829779894,3
"21375",2.58905323031194e-16,0.266541325476895,0.733458674523105,3
"21378",2.03826859258228e-23,0.437959541089088,0.562040458910912,3
"21381",1.20671356288651e-14,0.362958904396492,0.637041095603496,3
"21389",0.984386563358014,0.00712916288666307,0.0084842737553227,1
"21391",5.99466216256354e-05,0.938386853085344,0.0615532002930304,2
"21402",3.31658989227752e-07,0.0738881418447201,0.926111526496291,3
"21404",4.31572786847635e-11,0.372142377075078,0.627857622881765,3
"21409",1.09062865118913e-10,0.0385846052788885,0.961415394612049,3
"21413",2.04506591661785e-06,0.274548951810743,0.72544900312334,3
"21423",2.21325529069143e-19,0.993670739824098,0.0063292601759023,2
"21425",6.38624933058963e-10,0.229313629197512,0.770686370163863,3
"21430",2.05785101784907e-08,0.996686969551175,0.00331300987031458,2
"21432",0.00013303537981003,0.0106806734048669,0.989186291215323,3
"21438",2.01234789672427e-15,0.999978879511295,2.11204887027869e-05,2
"21440",9.78997731349738e-07,0.0379161273128802,0.962082893689388,3
"21443",0.967597279828842,0.00105735754246541,0.031345362628693,1
"21445",9.72153717248287e-16,0.999989554360068,1.04456399312059e-05,2
"21447",2.00361025383218e-15,0.0767106373702539,0.923289362629744,3
"21449",9.27796714935925e-12,0.0805703451197104,0.919429654871012,3
"21451",9.27796714935925e-12,0.0805703451197104,0.919429654871012,3
"21455",6.07721381254464e-10,0.0212532418628154,0.978746757529463,3
"21469",6.90653423932254e-28,0.87737427544318,0.12262572455682,2
"21471",5.06408235283373e-17,0.142716919641228,0.857283080358772,3
"21473",0.782332383999753,0.16313258582249,0.0545350301777568,1
"21476",0.00139936044660434,0.0311172616298772,0.967483377923518,3
"21478",0.0884718766254609,0.910082930257235,0.00144519311730355,2
"21481",0.945365740942654,0.0117180553230816,0.0429162037342648,1
"21490",2.24328929459663e-10,0.0996318995309567,0.900368100244714,3
"21493",4.63799871884383e-25,0.995232497897935,0.00476750210206462,2
"21495",0.000152655463345803,0.00748593685179409,0.99236140768486,3
"21500",2.61740725618719e-07,0.0284077690765378,0.971591969182736,3
"21504",6.47386423151132e-06,0.417591571178865,0.582401954956904,3
"21507",8.15495543916776e-17,0.0605507503373635,0.939449249662636,3
"21512",6.44914477833267e-10,0.019991350734067,0.980008648621018,3
"21519",0.0770343926546403,0.116233376796794,0.806732230548566,3
"21522",3.6359063018845e-10,0.999940005550967,5.99940854427968e-05,2
"21524",8.2053755842854e-07,0.0663548867877628,0.933644292674679,3
"21528",1.17802836819167e-11,0.0169703030016185,0.983029696986601,3
"21532",2.29634832775749e-06,0.0511665831819192,0.948831120469753,3
"21543",1.66563454962077e-06,0.16674863332654,0.83324970103891,3
"21546",4.0636674606551e-05,0.0235008113186047,0.976458552006789,3
"21550",6.85062065575175e-16,0.0144373922223647,0.985562607777635,3
"21554",1.07236223133485e-13,0.0231599670777693,0.976840032922124,3
"21557",0.104215614737443,0.811285273395618,0.0844991118669385,2
"21560",2.06394656925391e-18,0.193620863583167,0.806379136416833,3
"21564",0.0666365732423669,0.0118049575078451,0.921558469249788,3
"21566",9.98855508382567e-10,0.0208478404912902,0.979152158509854,3
"21569",9.20799269300038e-06,0.0313856701182848,0.968605121889022,3
"21574",0.99062665975631,0.00673412175473433,0.00263921848895537,1
"21576",0.884703747965321,0.00223500256575731,0.113061249468921,1
"21578",0.994201339740844,0.00169512068389344,0.00410353957526259,1
"21580",0.669797785812661,0.00847937736845788,0.321722836818881,1
"21583",8.55298758487293e-15,0.0459036114695572,0.954096388530434,3
"21585",0.810844661795998,0.189155332746097,5.45790524866454e-09,1
"21587",0.958348943705017,0.00418157134299823,0.037469484951985,1
"21589",0.714845202356033,0.268006979665497,0.0171478179784699,1
"21593",8.25837538455423e-16,0.999999999999999,1.97695539264261e-21,2
"21595",8.51337859903531e-06,0.999987448497954,4.03812344687607e-06,2
"21597",0.0355226940598179,0.0752105365804367,0.889266769359745,3
"21599",0.98585208209686,0.0141377954434828,1.0122459656871e-05,1
"21601",8.83670970664255e-08,0.998032474251601,0.00196743738130154,2
"21603",0.981196738453777,0.0188025813088692,6.80237353425627e-07,1
"21605",0.998534548009649,0.000878506716829035,0.000586945273521801,1
"21607",0.169280806578661,0.0837399347852125,0.746979258636127,3
"21610",0.00603512478851039,0.142702410125325,0.851262465086165,3
"21612",0.97743066508283,0.00217906229355132,0.0203902726236183,1
"21614",0.000337065475761975,0.0150641134479133,0.984598821076325,3
"21616",0.0164953988140774,0.0175148563183628,0.96598974486756,3
"21618",2.18048180438696e-13,0.598900236883482,0.4010997631163,2
"21620",0.988880792154612,0.00415616090053481,0.00696304694485337,1
"21622",1.48634688990558e-15,0.912978855676336,0.087021144323663,2
"21624",0.000433154000158124,0.931643906431588,0.0679229395682535,2
"21626",0.060137548862558,0.0855202628854956,0.854342188251946,3
"21628",4.31087968032285e-07,0.00897493446522996,0.991024634446802,3
"21630",0.642730172880972,0.0968948501291872,0.260374976989841,1
"21632",0.00145890903686539,0.33750983060091,0.661031260362224,3
"21634",0.00023619063302023,0.023551179691486,0.976212629675494,3
"21636",0.840682939494421,0.0110149996867558,0.148302060818823,1
"21638",0.987662148960368,0.012176116124669,0.000161734914963367,1
"21640",0.00370677094891014,0.0273738682980282,0.968919360753062,3
"21642",0.993942236334718,0.00547917006286266,0.000578593602419139,1
"21644",1.30829660112764e-06,0.999998690544141,1.15925762455429e-09,2
"21647",0.949468779009726,0.0148412549268298,0.0356899660634443,1
"21649",0.822426351531054,0.00692623344529394,0.170647415023652,1
"21651",0.50557240579764,0.262048849341106,0.232378744861253,1
"21653",2.12036588623874e-07,0.999896246798088,0.000103541165323705,2
"21655",0.997966074374947,0.00203233582356086,1.58980149206248e-06,1
"21657",0.934115637979689,0.00191750872444832,0.0639668532958628,1
"21659",0.00187565594427493,0.998124344044714,1.10110346115367e-11,2
"21661",0.970913877284133,0.00249132318053464,0.0265947995353327,1
"21663",0.961860998005938,0.0371140927981961,0.00102490919586629,1
"21665",0.929522221953089,0.0473589524679488,0.0231188255789626,1
"21667",8.01285532117947e-05,0.00550049762637462,0.994419373820414,3
"21670",0.000122626250875979,0.0139530091555322,0.985924364593592,3
"21672",0.338787665548609,0.0166803725101325,0.644531961941259,3
"21674",7.44025305818965e-14,0.0171760934418354,0.98282390655809,3
"21676",1.81746907899065e-07,0.0242942622139331,0.975705556039159,3
"21678",1.86052624325919e-14,0.999999576358185,4.2364179661936e-07,2
"21680",0.944614137707006,0.0123411494376803,0.0430447128553132,1
"21685",7.18664120229283e-05,0.0155229330179328,0.984405200570044,3
"21687",4.97543754015852e-06,0.9567551447808,0.04323987978166,2
"21690",0.942730820719234,0.00632408629201077,0.0509450929887556,1
"21707",6.06919115653267e-13,0.0213700509023393,0.978629949097054,3
"21710",7.11071044352843e-16,0.982891225142945,0.0171087748570544,2
"21713",6.6465948733538e-09,0.0736840250422406,0.926315968311164,3
"21718",2.85823375434102e-10,0.293927177403598,0.706072822310579,3
"21721",1.43233500094924e-13,0.999999999887126,1.12730910551557e-10,2
"21723",3.78199370020384e-18,0.114664887229509,0.885335112770491,3
"21726",6.19272838591566e-14,0.0413334566364358,0.958666543363502,3
"21729",0.00482665203805499,0.994865572142422,0.000307775819522703,2
"21733",0.992777206607359,0.00718841902369276,3.43743689484795e-05,1
"21735",4.23581576297901e-14,0.999835507269757,0.000164492730200484,2
"21739",4.07839620156907e-06,0.0101763315389641,0.989819590064834,3
"21741",5.56233355451601e-07,0.0084462916404683,0.991553152126176,3
"21744",1.3366654634064e-06,0.939359885887844,0.0606387774466925,2
"21746",2.75649467350726e-17,0.0371474205359626,0.962852579464037,3
"21748",2.19011629740779e-09,0.031758161726343,0.968241836083541,3
"21750",0.962017793982061,0.00224313277782206,0.0357390732401174,1
"21752",4.61621679651864e-06,0.0273075564643682,0.972687827318835,3
"21755",0.00915297540857557,0.0203350616196465,0.970511962971778,3
"21757",0.00135652459628563,0.311523375198642,0.687120100205072,3
"21760",1.65352765690308e-11,0.999999588236636,4.11746829116431e-07,2
"21762",5.49907133426589e-21,0.992214515373041,0.0077854846269587,2
"21764",0.99659372149897,0.00340624812918502,3.03718451920205e-08,1
"21766",5.86086494547098e-16,0.0332457585291277,0.966754241470872,3
"21768",0.00897840548786058,0.0300485532520865,0.960973041260053,3
"21770",0.00253967060111146,0.0362115143066541,0.961248815092234,3
"21773",5.94599534245718e-23,0.116541286506475,0.883458713493525,3
"21775",0.0799672946357106,0.85605814010821,0.0639745652560794,2
"21777",0.980701191576755,0.002540664623289,0.0167581437999559,1
"21779",0.000251212033616309,0.0343180063782603,0.965430781588123,3
"21781",1.67631357873617e-05,0.0656960492690297,0.934287187595183,3
"21784",2.43293250903335e-12,0.0218817165588794,0.978118283438688,3
"21786",0.000151182717706396,0.113322277479155,0.886526539803138,3
"21789",0.00106024203223399,0.0247267139526515,0.974213044015114,3
"21791",3.13718278935189e-10,0.0245435100640783,0.975456489622204,3
"21794",5.77694110014287e-05,0.0841418212951957,0.915800409293803,3
"21797",2.30250858005867e-08,0.986650541280097,0.0133494356948175,2
"21800",3.60390919810771e-21,0.996921719693938,0.00307828030606177,2
"21802",1.03032187797458e-07,0.105993466334132,0.89400643063368,3
"21804",1.65099157317632e-16,0.99999999997605,2.39493939071168e-11,2
"21806",1.25942842730006e-11,0.999993776336072,6.22365133342326e-06,2
"21808",1.69202747125993e-07,0.999993900543317,5.93025393608452e-06,2
"21811",7.68836921647786e-12,0.902094876675327,0.0979051233169851,2
"21815",3.60618468484129e-10,0.0551653121801605,0.944834687459221,3
"21817",4.67736710488834e-15,0.999999935479942,6.45200531943494e-08,2
"21820",3.51964318094689e-10,0.765685997680652,0.234314001967384,2
"21822",0.212462788327641,0.130553683810315,0.656983527862044,3
"21824",0.878951977867127,0.101082659552651,0.019965362580222,1
"21826",6.68211685198687e-14,0.0171466757298704,0.982853324270063,3
"21828",0.000123855988683747,0.645635716423567,0.35424042758775,2
"21830",0.693534754714288,0.00973952301255754,0.296725722273154,1
"21833",0.0209354506872415,0.035627513363765,0.943437035948993,3
"21835",0.0209354506872415,0.035627513363765,0.943437035948993,3
"21838",2.12327068101848e-14,0.401090100035958,0.598909899964021,3
"21840",3.5417489756303e-17,0.0943085000071193,0.905691499992881,3
"21842",8.85897566947813e-18,0.994398511675072,0.00560148832492766,2
"21844",0.00576863661468074,0.691251499316381,0.302979864068939,2
"21847",2.55448071385588e-07,0.00888253488232852,0.9911172096696,3
"21849",1.97740388282e-05,0.341329494020606,0.658650731940565,3
"21852",7.77761208588451e-11,0.0429809051892801,0.957019094732944,3
"21854",0.998977494003533,0.00101872102190941,3.78497455792799e-06,1
"21857",3.21082506561267e-12,0.0135391588789504,0.986460841117839,3
"21859",0.573386829182149,0.00931435894088816,0.417298811876963,1
"21863",0.982260766265886,0.0177392142188315,1.95152826179211e-08,1
