"","V1","V2","V3","V4","V5","V6","best$classification"
"19812",0.0464290212214469,0.000126768467056751,0.0171133517305899,0.935859422430543,2.52184776897486e-06,0.000468914302594831,4
"19814",0.000984339548611058,4.2112002470001e-06,0.00120518900130168,0.995273889315196,0.00252272493703612,9.64599760853246e-06,4
"19816",0.00953490248640666,9.01684011466328e-05,0.976491805682857,0.0138779940509937,1.46678714250825e-06,3.6625914538579e-06,3
"19818",0.000599698228124783,4.26632878422078e-05,0.0344782158671265,0.955878019179318,0.00897345439560058,2.79490419879689e-05,4
"19820",0.000140041760534566,5.36993729702659e-08,0.999824255001843,2.38424507158824e-07,2.23368857127315e-09,3.54088800536537e-05,3
"19822",0.0267120699981851,1.60532439596217e-06,0.923602183949055,6.59294157484473e-06,4.27008010316057e-06,0.0496732777066853,3
"19824",1.07319913819672e-05,0.000175886166755932,0.998043424626273,0.000627739825299066,0.00110439316157952,3.78242287099481e-05,3
"19826",0.129850467938951,0.0154608390075516,0.0258033631493303,0.828822365884971,5.54947987257605e-05,7.46922047076225e-06,4
"19828",0.000189677530667399,2.85979266394488e-07,0.999115723150179,0.000482013642744539,2.00351015243149e-06,0.000210296186989896,3
"19830",0.0937488875197907,0.00179662429160851,0.000141798294298991,0.90387837038843,0.000161830681553903,0.00027248882431798,4
"19832",0.0409042948672556,1.00792813398184e-05,0.117393717122245,0.215811689680393,2.74052962105974e-06,0.625877478519146,6
"19834",0.677552868346698,1.2894699406977e-06,0.289884088705303,0.0287600161836657,0.000134083222447638,0.00366765407194421,1
"19836",0.0146827003624581,0.143709352505585,0.281875964783328,0.559551835755731,2.77943249866189e-06,0.000177367160399404,4
"19838",0.00109948158609368,8.7793787845704e-06,2.65637967883119e-05,0.998289074432096,0.000540358413421924,3.5742392815123e-05,4
"19840",0.738078823038113,0.00121570390780827,0.216335695130466,0.0443569095765828,6.44217933562864e-06,6.42616769429928e-06,1
"19842",0.000836061900979965,0.94840608229915,3.84697010388418e-06,0.0507363191481639,1.75802426482835e-05,1.09438954146926e-07,2
"19844",3.85687095157685e-07,2.21975556888913e-05,6.91674721623125e-06,1.95055442657616e-05,0.999950953553302,4.09124321319607e-08,5
"19846",1.56313851700122e-05,0.00464121688896724,5.34648491290739e-06,0.902114837254738,0.0932228749233244,9.30628873932127e-08,4
"19848",3.7241358813386e-05,0.000285400663231562,8.04861920094019e-06,0.964028616834075,0.0356403520298853,3.40494794129515e-07,4
"19850",0.000205251286760154,7.0663226685408e-05,0.00012463470224228,0.768069958332862,0.231527185949901,2.30650154872753e-06,4
"19852",0.0100877953594022,2.30412939190288e-05,0.655965259435971,0.333277172480559,0.000502858285420062,0.000143873144728659,3
"19854",0.000104812650720079,7.23739466449456e-05,7.64023562934971e-06,0.995986566622994,0.00382778241030863,8.24133703173347e-07,4
"19856",0.000657095321755559,0.000223598534328343,0.000460698860156732,0.0172266528826157,0.981423008091693,8.94630945013525e-06,5
"19858",0.000135144615163691,2.9607025992402e-05,0.0195780290926628,0.00280563615975097,0.977342354620655,0.000109228485775252,5
"19860",0.19111958725884,5.19385496715481e-05,0.244780751811851,0.563929877267095,5.30016691338279e-05,6.48434434083838e-05,4
"19862",4.23300588651156e-05,0.0164479165657648,2.51064651897229e-06,0.978814765681248,0.00469237379931538,1.03248287455194e-07,4
"19864",1.51649352734104e-06,0.999970453764013,1.8149315270982e-05,7.38597438653167e-06,2.41309349723586e-06,8.13593052652601e-08,2
"19866",0.0835473671324881,0.0256983951639066,0.888181694803654,0.00256066310637741,1.51048724900463e-06,1.03693063246766e-05,3
"19868",0.00520937795259591,3.5818494988582e-07,5.2666878353633e-06,6.78833622046034e-05,7.29991049925055e-05,0.994644114707422,6
"19870",6.93955374724963e-05,0.00127613131598225,0.000176120448773108,0.996550926767466,0.00192602518238108,1.40074792528511e-06,4
"19873",0.00169331964590154,0.00220498606448128,0.0206305443808154,0.974721154811409,0.000745296698626857,4.69839876625863e-06,4
"19875",0.0347093189220654,1.09301550745766e-06,0.962601649586865,0.00245428755384865,7.66814091189711e-08,0.00023357424030441,3
"19877",0.00510797774093431,0.000107539429428474,0.00225261773882459,0.990533359136935,0.00198527753267773,1.32284211997293e-05,4
"19879",0.0296011694433006,0.000241623227793709,0.253027373074969,0.710833532300307,0.00534393243464799,0.000952369518981802,4
"19881",0.00489007565320557,0.026747745219513,0.00760036816550063,0.959425784169367,0.00132930285495125,6.72393746298529e-06,4
"19883",0.00231791527941551,0.315978483841329,0.00247264680741983,0.679148402465003,8.17975334795055e-05,7.54073352835737e-07,4
"19899",0.938697618868713,0.000240252614927136,0.0257983015072867,0.0348698216529072,4.79889248945909e-06,0.000389206463676425,1
"19908",0.977939162967648,0.0172772949138897,0.00328530886069247,0.000229696581593675,0.00029880693612699,0.000969729740049545,1
"19910",0.00219781834793143,0.000428083830894658,0.329236549973794,0.667774061739588,0.000316362441000093,4.71236667922753e-05,4
"19912",0.00670929730233756,0.588657532950022,9.90967818011255e-06,0.403758437928513,0.0008644933987548,3.28742193141763e-07,2
"19914",0.44391228289932,0.000101354493620368,0.102295828607849,0.450419313760056,0.000949497221768978,0.00232172301738519,4
"19916",0.000560556648385654,0.246292896922856,0.752477339122543,0.000285786513771661,0.000334634282581083,4.8786509862502e-05,3
"19918",5.73994352999786e-05,0.00253355174203936,0.000239606749338736,0.919990518960074,0.0771787946087777,1.28504470614613e-07,4
"19920",0.000114552060124699,4.37328236911141e-05,1.45920769864217e-05,0.128903377233495,0.870923663686336,8.2119366795052e-08,5
"19922",0.000133557457775571,9.23987923608025e-06,0.0109141775719272,0.237036936232008,1.24839623522081e-05,0.751893604896701,6
"19924",0.00633113489400404,0.000216597309172974,0.00579022532804106,0.961031023315299,0.0266252714125609,5.74774092172724e-06,4
"19926",0.755165163072578,0.00836375876686598,0.153413285283286,0.0777953454870395,5.14429618934311e-07,0.00526193296061175,1
"19928",1.72738468534653e-07,0.999996999168326,4.34076312245795e-08,1.1976761333941e-06,1.58136781154462e-06,5.64162938352729e-09,2
"19930",0.000158965502995711,6.58812873719994e-05,0.000448316704950521,0.999203265689883,0.00011808198162092,5.48883317751255e-06,4
"19932",0.000139823426031864,2.07866412151901e-05,1.76681100374487e-05,0.998531763794322,0.00128683530339372,3.12272499975705e-06,4
"19934",0.0335194300889778,1.26091744453264e-06,0.937394136370022,0.0273353422162909,0.000109882458837985,0.00163994794842692,3
"19936",0.057920061200568,3.22354602232531e-05,0.00640516494994086,0.935187700844416,0.000165867183554217,0.000288970361298033,4
"19938",0.119865871992218,1.30302001925709e-05,0.878190822491154,0.000216352484401511,4.79375080213248e-05,0.00166598532401216,3
"19940",0.000471493736565901,0.0292328353498452,0.0699068228645091,0.899921734873982,0.000460961584819734,6.15159027851498e-06,4
"19942",1.36566687717573e-05,0.999975256955836,6.99124201638788e-07,9.94773805974224e-06,4.3730547432874e-07,2.20765665684747e-09,2
"19944",0.0172914593861866,0.0016465485471086,0.758839299243441,0.222136901544038,3.49310958693114e-05,5.08601833561954e-05,3
"19946",0.0078655229711279,0.000182815052772977,0.0817508624940196,0.891500009691897,0.0186566015950486,4.4188195134267e-05,4
"19948",2.16484004372766e-07,0.999953509425973,7.94447464460896e-07,4.38536316662936e-05,1.62524900654894e-06,7.61885401789643e-10,2
"19950",1.09234159826704e-06,7.2874235684884e-07,3.48995859599854e-07,0.00184499998351787,0.998152739582249,9.03544182339268e-08,5
"19952",2.16484004372766e-07,0.999953509425973,7.94447464460896e-07,4.38536316662936e-05,1.62524900654894e-06,7.61885401789643e-10,2
"19954",8.99320551369897e-05,6.65592870406959e-05,8.01801491652461e-05,0.999202909337465,0.000558939489023005,1.47968216910996e-06,4
"19956",0.124191601417281,0.0100645191388637,4.73980104911046e-06,0.16511404715165,0.700577736600825,4.7355890332176e-05,5
"19958",1.01039974281484e-06,9.46729539327572e-07,7.14755645130659e-05,0.00169134279495738,0.00033044939734068,0.997904775113907,6
"19962",0.0194456059548978,0.000442878336282687,0.158587879540804,0.624869791488669,0.194640924017352,0.00201292066199469,4
"19964",0.000186437029619373,0.0255837042268794,0.0385811515287847,0.924795840698278,0.0108366240772515,1.62424391872851e-05,4
"19966",0.0290969215849495,0.005593792610691,0.965190493351284,7.67662498548864e-05,3.47252108239947e-08,4.19914780093715e-05,3
"19969",0.00623793388070447,0.0108577294357289,0.000340710509233617,0.982455091390866,0.000107187570111225,1.34721335562434e-06,4
"19972",0.00011349768040734,0.129532973717817,0.000445437254470165,0.815321158886035,0.0545856884442707,1.24401699981293e-06,4
"19974",4.25712294867206e-06,0.0364823007614067,5.39757465877805e-07,0.0934121953605546,0.870100696463284,1.05343401532741e-08,5
"19976",0.00342487980340461,0.000312686008459106,0.0102557609750693,0.946306287360118,0.0396918443695722,8.54148337652948e-06,4
"19978",0.00119679315130904,0.00127849079017708,0.757879543369031,0.239213035837212,0.000427336209748869,4.80064252240237e-06,3
"19980",4.95955174892678e-05,5.60075858758328e-05,6.03221528339693e-06,0.820540325899853,0.179347299303401,7.39478097199822e-07,4
"19982",0.00140780289059459,1.73034232692183e-05,0.000107117340222398,0.153262814720783,0.845190504130687,1.4457494444021e-05,5
"19984",2.18672317656759e-06,4.35162264608171e-06,7.44804339577757e-06,0.000374879995459322,0.999611080315307,5.33000150366366e-08,5
"19986",0.0057784865770196,6.544219052803e-07,0.994022453247542,1.55586532561407e-06,3.30437302076906e-09,0.000196846583834393,3
"19988",0.000812002024946613,2.37241337966813e-08,0.998854006452042,1.14079806935295e-07,1.85408465971442e-09,0.000333851864986078,3
"19992",0.0181817569256274,1.89577809942842e-08,0.981497761483648,2.48893451299124e-06,1.90543552537331e-07,0.000317783154878237,3
"19994",0.000637120740038211,4.80627154881688e-05,0.000573847461065997,0.998692838896507,2.86032712718277e-05,1.95269156286041e-05,4
"19996",0.000522198338137632,1.30840549650499e-08,0.999437977405247,4.78628125798454e-06,9.08528823128642e-08,3.49340384201485e-05,3
"19998",0.445464788112446,0.409524965218277,0.0180996428184676,0.120119682089648,0.00674592178661661,4.49999745451481e-05,1
"20000",0.276183602139114,0.00432073249139627,4.16197768718767e-05,0.709823509787455,0.000512159616562974,0.00911837618859997,4
"20003",0.00972323756330719,0.00087616934834576,0.0045954585705209,0.984676664743294,2.03159755276453e-06,0.000126438176979774,4
"20005",3.83937016997939e-05,0.00226490571828819,3.87125407619953e-06,0.965348417248652,0.0323443118979837,1.00179300601918e-07,4
"20007",0.403528439315236,2.71086838492391e-05,0.388662289378291,0.205759885908854,0.000768034471912858,0.00125424224185694,1
"20009",0.000892559096497892,0.000328150779585379,0.997747977639083,0.000326711612776609,0.000229218058439866,0.000475382813617563,3
"20011",0.00102640122652683,0.0287688349384332,0.00316526349465452,0.958656938139238,0.00837848155571267,4.08064543475837e-06,4
"20013",0.0157724965421973,1.94001004080406e-05,0.000311317224098912,0.889902318271448,0.0939872016529006,7.26620894746688e-06,4
"20016",0.00468701162963363,1.05669114334756e-06,0.991729858719959,8.70175724020742e-06,7.14643465335637e-06,0.00356622476737048,3
"20018",1.67609428012311e-05,1.13590639474597e-08,0.00589927807523287,5.52820515218055e-09,9.61162948740892e-10,0.994083943133534,6
"20021",0.000691193404864549,1.06844909451799e-05,0.991540734920652,0.00747782417851502,7.79677475464503e-08,0.000279485037275572,3
"20023",0.0681044853164294,3.15032896444101e-05,0.878775649851443,0.0520452440638573,9.10556004849356e-05,0.00095206187814091,3
"20025",0.000799511107977137,1.14093344364033e-06,0.53144881306504,1.36110731497072e-05,6.36989735836265e-08,0.467736860121416,3
"20027",0.0161404381312726,0.352524051018645,8.91458028730049e-05,0.631219211838834,2.56167989678504e-05,1.53640940729467e-06,4
"20029",0.000767292274324358,0.0116819216122858,2.1663898411002e-05,0.974333599259834,0.0131954661596879,5.67954567509063e-08,4
"20032",0.000627229412401761,0.0070533008743403,8.77581924544961e-05,0.992210294448334,1.70239650482216e-05,4.39310742168921e-06,4
"20034",6.29584474269523e-07,0.999825782372558,3.80539386688814e-06,0.000169454798840461,3.22218422240102e-07,5.63183806297641e-09,2
"20036",0.955693999896732,0.000228193130490739,0.00122679756984391,0.026045002547037,0.0167699535722385,3.60532836581487e-05,1
"20038",0.189145483685544,4.30011337043308e-07,0.806634417853207,0.00016291650534202,2.53499292677682e-09,0.00405674940957735,3
"20040",5.76310361041036e-05,0.000124942339262384,0.989007113374899,2.78645217058497e-06,2.88401895143526e-06,0.010804642778612,3
"20043",0.00932383785305474,1.52895077943875e-07,0.988435877515614,0.00171701493306362,4.63394237095814e-07,0.000522653408952482,3
"20045",0.000108682556549508,2.50859799717663e-09,0.994746823485409,1.76762241860159e-07,7.77855273501347e-08,0.00514423690167447,3
"20048",1.91444291751913e-07,3.46938335925932e-07,1.29335115508658e-07,3.92177167060835e-05,0.999960065600602,4.89649483686049e-08,5
"20051",0.100947336057654,1.463030713296e-06,0.262525217615651,0.61183805113522,0.010877632123087,0.0138103000376741,4
"20053",0.00240691710782626,9.78422734910035e-05,0.989045844019742,0.00824660978804569,0.000153972014993135,4.88147959017838e-05,3
"20055",0.858683182199799,1.7992277671213e-05,0.114502081318432,0.00583002281375758,1.46791697474371e-08,0.0209667067111706,1
"20057",2.73068352672054e-06,2.40901527223396e-05,3.40931395879384e-07,6.97889793963832e-05,0.000712313657140515,0.999190735595818,6
"20059",0.00184655924978276,0.0004241791205403,0.988752856705392,0.0068977747181729,1.69134062103177e-05,0.00206171679990225,3
"20061",0.0122079717664079,0.000449154624124253,0.905342948394209,0.0816349258915111,0.000116861800537202,0.000248137523210523,3
"20063",0.000312511470869181,0.000510549325685006,0.00684908838140485,1.3843070943001e-05,0.992127108278776,0.000186899472321765,5
"20065",0.000768396071773032,4.59880872971266e-09,0.0940101479215399,2.00477643660642e-06,6.08350827458725e-11,0.905219446570606,6
"20067",0.00181360432966758,8.85716413654814e-09,0.989056779620785,0.000169978321405931,0.000190539692271011,0.00876908917870649,3
"20069",8.378539350949e-05,2.0521189132018e-05,9.43962810817617e-06,0.565363888159247,0.43452099065271,1.37497729271074e-06,4
"20071",0.993437937408009,0.00174049227723405,0.00233915070934216,0.00243477318842777,2.32158025712189e-05,2.44306144159897e-05,1
"20073",6.36400732259247e-06,0.000580556156400692,0.000681917333438363,0.14327806191396,0.855452446116457,6.54472421566531e-07,5
"20075",0.000922911787660755,4.8311047382212e-08,2.76646643012477e-06,9.16454461563068e-05,6.30188900317133e-07,0.998981997799805,6
"20077",0.577482001238528,6.75476773356154e-06,0.418403675372361,0.00381753624060442,0.00027057159001303,1.94607907597789e-05,1
"20079",0.0122287805365555,3.11385064016536e-05,0.112702402259852,0.0507647227361952,0.823435374412624,0.000837581548371557,5
"20081",0.0558984505074131,4.82130629549781e-08,0.799213264594415,0.00483887600280306,5.58677582718794e-06,0.140043773906479,3
"20083",0.143480564183224,0.00157570063940432,0.00117145531782888,0.00435338037747486,0.849218140492848,0.000200758989219645,5
"20085",0.00148974457873536,8.93172056526798e-09,0.996602628777482,2.28180938585974e-07,4.78100425718647e-10,0.00190738905302285,3
"20088",0.0038911315555254,4.99509133280814e-08,0.995283264295728,0.000189495177540173,8.88956665904788e-08,0.000635970124626557,3
"20091",0.000229097391336118,1.59002442780398e-09,0.000949948816736259,3.96726710198701e-05,1.42628200572671e-06,0.998779853248878,6
"20095",0.00103669710845798,0.042567407982829,0.0573599677182895,0.0134407209058448,0.885426439364654,0.00016876691992492,5
"20097",0.0056462855334831,4.62072631228742e-09,0.985852946889207,4.59758014383606e-07,7.57853803638505e-10,0.00850030244071495,3
"20099",0.000127247135237518,0.096146184051581,0.89957018352094,0.00147505008628325,0.00267995503126986,1.38017468820216e-06,3
"20102",0.000199369466613946,3.65916444732249e-07,0.000776468582490055,0.00160972442298389,0.946412751213954,0.0510013203975134,5
"20105",0.0010001525177997,3.29805708202998e-07,0.995008092004118,0.00342530874127184,0.000367355944868582,0.000198760986233683,3
"20107",0.0565936383684455,1.31338812201343e-06,0.943133534912099,0.00021355476286418,3.74804009939964e-07,5.75837644593386e-05,3
"20109",2.16191855169295e-05,0.000903653242571378,0.794260494353675,0.0247156933080913,0.1800871392654,1.14006447447232e-05,3
"20111",9.76305401994322e-05,4.00107075060243e-05,6.12326837827614e-05,0.450326740573901,0.00792862313373854,0.541545762360872,6
"20113",0.760461266934278,0.00575757344187964,0.231532605652178,0.0022216132224026,3.47944711448262e-07,2.65928045500494e-05,1
"20115",2.9360780750888e-05,0.00482907537265176,5.505845908541e-05,0.994632056382528,0.000287248226819692,0.000167200778163677,4
"20117",0.0194860911278424,0.33105870370257,0.0928520353524217,0.000680604191169003,4.0566465744818e-06,0.555918508979422,6
"20119",0.0401988826449114,0.0247559715729171,0.934939230748722,8.7991176557952e-05,1.81425643042131e-08,1.7905714326937e-05,3
"20121",0.0382613299564162,7.21874415092169e-07,0.961529658012601,2.29795301319885e-05,1.27497551028644e-08,0.000185297876680918,3
"20123",0.000838579446747526,3.92060793986003e-09,0.000531950443828513,6.38675551149545e-06,5.0654799889716e-09,0.998623074367824,6
"20125",0.00127662792689336,1.25578298848016e-05,7.30642152046811e-05,0.922296391728723,0.0763337336829857,7.62461630807415e-06,4
"20127",9.47234436639949e-05,4.46920448477675e-08,0.999746312391411,3.34629709358227e-06,1.04718687307544e-06,0.000154525988913163,3
"20140",0.987699067846464,3.52501543287297e-05,0.00509081095816233,0.00155696096652234,3.38286177197907e-08,0.00561787624590429,1
"20142",9.76072178243537e-06,1.416648838573e-06,5.76897897062399e-07,0.00530823397440283,0.994679804114388,2.07642691533556e-07,5
"20144",0.0253651659702795,7.33223913699287e-05,4.33513142064009e-05,0.963706378094259,0.00709366396129291,0.00371811826859214,4
"20146",0.369208916887819,4.39307492410159e-05,0.00183426359013469,0.291489152283842,0.33662761322127,0.000796123267693172,1
"20148",0.0388991800097277,2.32444935541331e-05,0.0042830007294163,0.956570545893191,0.00018026990841924,4.37589656912585e-05,4
"20150",1.45658420689462e-05,0.00322892969275812,1.42026153631579e-06,0.5748919073732,0.421863110805926,6.60245102631571e-08,4
"20152",0.0382103709771087,0.000118863690057113,0.0221595973193594,0.939306065875106,0.000128015031035765,7.70871073327343e-05,4
"20154",0.000336796906165256,2.77557640370057e-10,0.0189739814838413,4.68863606220237e-06,4.10020296055325e-06,0.980680432493413,6
"20156",0.632053370367525,0.000117136190415468,0.27102220159551,0.0504429090156556,0.0420323369831045,0.00433204584778927,1
"20159",0.000213035891189373,1.2684517925078e-05,9.09281684282182e-06,0.450699141024191,0.54906350310798,2.54264187241922e-06,5
"20161",0.00173479990061101,8.91524610016658e-05,0.000196031731357575,0.00541877061345907,0.992547573237179,1.36720563919164e-05,5
"20163",0.0019349627879219,0.00118814855457313,0.0359469117148384,0.959983767089677,4.10021275583707e-06,0.000942109640233772,4
"20165",9.24084023716782e-06,1.03683746002909e-06,0.00697353002420802,0.000746711154339795,0.992259005927955,1.04752158004997e-05,5
"20167",0.00059236955850159,1.36147621148002e-05,0.00216150222695741,0.991591025205713,0.00563883926367263,2.64898304056652e-06,4
"20169",7.18503414579579e-07,4.2447146888033e-07,1.48622197486878e-07,0.00018339561108857,0.999815255021071,5.7770759566061e-08,5
"20171",0.000264542271321189,1.42148571177658e-10,0.00456666993764058,2.59496975740155e-07,5.70512613341101e-06,0.995162823025781,6
"20173",4.01247184178508e-05,0.7039657423869,0.0640860315977034,0.000961256973761752,0.230938630569805,8.21375341208983e-06,2
"20175",0.00252873827686902,0.000284069898070891,0.000721531371578575,0.990466293199859,0.00599299739071603,6.36986290672346e-06,4
"20177",0.000894736106808469,0.458012202013826,0.538660107386737,0.00229953467427084,0.000129672642675285,3.74717568265709e-06,3
"20180",0.00406124882116582,5.87527674209351e-06,0.994298897252251,1.50152103637576e-05,5.91191774122398e-11,0.0016189633803585,3
"20182",9.95644320155145e-08,0.00190300508376279,1.50534480192213e-08,0.000184509970419851,0.997901216899556,1.115342838075e-05,5
"20184",0.000264867762116068,7.9253427436108e-06,5.42007304063949e-05,0.0425585851789213,0.9571137016184,7.19367412961016e-07,5
"20187",0.00481248297642219,0.989970041455776,0.00265500271308829,0.00130563321206923,0.00125668285443496,1.56788209176668e-07,2
"20189",0.000580107250773455,0.0142736256518851,0.945495667347584,0.0396413267726634,5.64494054788048e-06,3.62803654646538e-06,3
"20192",0.000200544529124313,0.0181736341486335,0.82540548079122,0.00270446118902428,2.23617534390192e-06,0.153513643166654,3
"20194",0.120259668521045,0.113714063498167,3.61642459346306e-05,0.041837247615956,0.724152303625157,5.52493741114211e-07,5
"20196",0.00294587302091032,6.8097856253816e-08,0.792890384763386,4.91646688043586e-05,1.46308916292602e-07,0.204114363140127,3
"20198",0.196684913184535,0.000583612643129388,0.233371526085526,0.565128970741219,0.00068227101934313,0.00354870632624712,4
"20204",2.76405957355786e-05,2.44060170764407e-05,1.32894268991147e-05,0.609704155805677,0.390225733001372,4.77515324022578e-06,4
"20207",0.0240283448824397,7.1771995546076e-09,0.892784805303067,0.000128374274107777,3.74726065601504e-05,0.0830209957566262,3
"20209",0.0378440346798537,0.0791916564195102,0.000347061758476537,0.830336298196526,4.55591236867528e-06,0.0522763930332646,4
"20211",0.00192998680846578,9.05625089986382e-11,0.000432441894608752,1.84885636542878e-05,5.11899446250586e-08,0.997619031452764,6
"20215",0.83543718747243,2.17189673803793e-06,0.162528330698971,0.00192172568621342,1.02026423729458e-05,0.000100381603274351,1
"20218",5.51752948595913e-06,2.07635313305381e-06,1.24861246353274e-06,0.0221975609226515,0.977793319350756,2.77231510004051e-07,5
"20222",0.0454138479367084,6.37248107114165e-08,0.887463341825619,0.00578953672307336,8.84619809130951e-05,0.0612447478088756,3
"20225",0.0543993350604958,0.000386371281961232,8.16716311540681e-05,0.916648886425802,0.0282504919202812,0.000233243680305883,4
"20229",0.997393808273885,1.3115132669124e-05,0.000103090602568514,0.00217160751582969,8.53551489344074e-06,0.000309842960153653,1
"20232",0.711173777999776,2.04458555364932e-05,0.258657856091207,0.0252114037864347,7.96204799908648e-06,0.00492855421904649,1
"20234",3.49936848009904e-05,1.09834834612083e-06,0.879047263731908,1.51903975503241e-07,6.17300695984947e-10,0.120916491713669,3
"20238",0.00849573158246457,7.52350164968116e-07,0.990537683895574,0.000197801391052084,7.02454582557564e-06,0.000761006234919115,3
"20253",0.595332087000389,8.9292843732078e-07,0.404485441430318,3.35621195082068e-05,8.5838907790295e-07,0.000147158132268996,1
"20255",0.00314784438563936,3.45119460756707e-06,0.000119281066995039,0.996377732855821,0.00017187985058205,0.000179810646355472,4
"20258",4.49690409819003e-05,8.59163535748463e-07,0.999870851279551,5.45927379973427e-05,1.99356885801491e-08,2.87078422457501e-05,3
"20269",3.03058111701548e-05,3.08952920783112e-05,0.949310501076415,0.0273822020653257,0.0231897249411522,5.63708138587501e-05,3
"20271",0.000125813487639962,0.00765155704649389,0.992072207503366,0.000143201483327431,8.39460709321985e-08,7.13653310209793e-06,3
"20285",0.0107607415975439,0.962931683238774,0.0023035484076256,0.023085563917594,0.000915174720497137,3.2881179657319e-06,2
"20288",0.754247414624805,3.00268251033143e-06,0.241220867766084,0.00417720681690172,3.23062864825002e-05,0.000319201823216343,1
"20291",0.00417851717087635,3.67830186216375e-07,0.719368967725247,0.000102493651916594,1.76952558279995e-06,0.27634788409619,3
"20295",2.18271048349989e-05,0.114220414163173,0.815929466946993,0.061213127791788,0.00850739757857531,0.000107766414635473,3
"20298",0.000420813878240339,7.01029507983814e-05,1.02717309753844e-05,0.997137699591042,0.00236004440815965,1.06744078408957e-06,4
"20302",6.91788621651071e-05,0.00249786180544658,0.000690859712908755,0.434918348022314,0.561820645744714,3.10585245152266e-06,5
"20305",0.000109295116623235,0.00167742190501492,8.483752612858e-06,0.997859495686101,0.00034486238598841,4.41153659464404e-07,4
"20307",0.000885495902510962,1.27431205565328e-08,0.998875650182254,6.94752541772892e-06,1.68224059913872e-08,0.000231876824290593,3
"20310",0.00013163804941478,2.08395981738657e-07,0.998694426126298,1.4317357103268e-07,1.36128401313045e-08,0.00117357064189478,3
"20313",1.80096478630046e-07,1.26087247188036e-05,4.68594098823607e-08,0.000673584121275179,0.999313575074888,5.12322955142378e-09,5
"20315",0.00924542908517239,1.23680839650653e-05,0.990418968601736,0.000274605136533692,2.64254583798894e-07,4.83648380093146e-05,3
"20319",0.0246067888961161,1.33537280231265e-07,0.308555942131856,6.98074270641794e-05,9.74514327613833e-08,0.666767230556251,6
"20321",0.00552851011208871,8.0249349508257e-07,0.994407866837397,2.94860093708351e-05,5.34527461984777e-06,2.79892730290844e-05,3
"20327",2.01793036598176e-05,1.49601938705405e-05,0.999946040362294,1.52324140311843e-05,6.21044263905776e-08,3.52562171838029e-06,3
"20329",5.31281808399888e-06,0.999824356521295,4.00532231257623e-07,0.000107203480515368,6.27263598682673e-05,2.88005777943099e-10,2
"20335",0.000536614648889577,7.34639974292575e-10,0.888493245919847,7.27905910255365e-06,7.63694131848527e-07,0.110962095943389,3
"20337",9.88653670323578e-05,1.29954752296322e-05,1.46821408155681e-05,0.82919453503771,0.170676032010272,2.88996894073738e-06,4
"20339",0.397944759734118,0.000308326219310849,0.00261927136639143,0.0032740640644848,1.86397890695773e-06,0.595851714636788,6
"20341",0.00255550271667418,7.21950971206295e-09,0.0162073808929987,1.74556657496019e-05,0.000414900029102058,0.980804753475966,6
"20343",0.000592427858490172,7.15081274340861e-08,0.993153037515738,6.1517948841883e-06,6.27125649652869e-05,0.0061855987577948,3
"20345",0.0123935070908086,0.0307553809978315,0.00282114411481125,0.954005354617523,4.49450419690489e-06,2.01186748283025e-05,4
"20350",0.982958782095185,0.000242880002499556,0.00818747152603792,0.00231844652094658,0.0012206297520325,0.00507179010329872,1
"20352",3.10432477895746e-07,3.855143613429e-07,8.94106636020579e-07,0.000459652768501271,0.999538673912064,8.32659598066969e-08,5
"20355",0.000582560299729714,0.00011115699171798,0.00183609527670286,0.0229279018695856,0.974454496723905,8.77888383592013e-05,5
"20358",3.9327382497053e-05,0.965173539959558,6.25768336355198e-06,0.0233449948772054,0.0114358678841539,1.22132215602056e-08,2
"20363",0.00597033727781918,2.43984025245921e-07,0.993857063314345,0.000139862045065686,3.75823330162934e-06,2.87351454438449e-05,3
"20365",0.112250472347435,3.61948968849672e-07,0.303170044517221,0.0211760951578892,1.06077638510342e-06,0.563401965252101,6
"20379",0.000360768857853996,0.000266071900162001,0.000154388586356977,0.998351119319612,0.000573670419714441,0.000293980916300608,4
"20387",0.000199978794768996,5.4090574756428e-08,0.998587440203846,0.000256936713905345,8.94674459960194e-08,0.00095550072945884,3
"20392",0.000224070660285773,9.89625825558267e-11,0.00109667521872285,5.58547435062504e-06,2.73422476809714e-09,0.998673665813453,6
"20395",0.320973598055159,3.74942260803946e-05,0.00724420719147114,0.670929970784869,0.000734116431647039,8.06133107733087e-05,4
"20397",2.02760812463418e-07,0.994793502683292,5.12478566831105e-08,4.39454801362225e-05,0.00516229632937153,1.49853075708001e-09,2
"20410",0.00132151606847241,0.000252842150182606,0.993350788318354,0.0047308911302772,1.00992330003805e-08,0.000343952233480342,3
"20414",2.5397195462651e-05,7.46011466525281e-05,0.000531570862262268,0.835317296540339,0.164048181874912,2.95238037130733e-06,4
"20417",0.000266341185926051,2.35191461048561e-05,0.0632989387502474,3.37633193380882e-08,5.3370171699689e-09,0.936411161817385,6
"20419",0.000119521904105249,8.57638802033539e-06,0.999863413025978,7.55109567073441e-06,4.476081100144e-07,4.89978115871892e-07,3
"20421",0.0008557579457702,7.05795950501685e-06,0.00213134400850265,0.336492489550305,0.648977122000872,0.0115362285350457,5
"20423",0.00017133428128426,7.06217813543931e-06,9.79212758349132e-05,0.736882138895922,0.262796294502076,4.5248866747147e-05,4
"20425",0.0300115468788888,2.45737210185142e-06,0.000198751623334691,0.328623635453196,0.641031015162763,0.000132593509715514,5
"20427",0.00660365568017438,6.82016274821203e-05,0.0328874172214901,0.960263706546521,0.0001630706105799,1.39483137528765e-05,4
"20429",0.0178046441030663,9.23104301360116e-05,0.979880902480106,5.65618030887273e-05,0.000190617474678563,0.0019749637089241,3
"20432",1.41863606849112e-05,0.000530106677947586,2.52288052335068e-05,0.246110040523617,0.753320295557445,1.42075072754271e-07,5
"20435",0.136357766513353,0.000192345413214685,0.731072896312125,0.115867034724091,5.76041793105191e-06,0.0165041966192854,3
"20438",0.0434753802261632,4.50620194020161e-05,0.956025848264376,0.000142650523254685,0.00030593791180661,5.12105499762648e-06,3
"20440",1.68910664626516e-05,6.95002026770921e-06,0.999903953623927,5.5750976087673e-05,5.58697780170335e-06,1.08673354528185e-05,3
"20443",0.000781768574880221,2.44848583186104e-06,5.16714053419521e-05,0.000717135301345844,0.9984414251621,5.55107050030616e-06,5
"20446",0.00820598166558936,0.00225470939969145,0.560364727516916,0.425151709471288,0.0028720059092339,0.00115086603728129,3
"20449",0.804588236801358,4.78260866438463e-05,0.164034112191423,0.0291119702843226,4.9020624359421e-06,0.00221295257381664,1
"20537",0.000604335922565228,1.085302103473e-06,0.678857558322316,0.00446246265770271,9.27846017063946e-05,0.315981773193606,3
"20540",9.32893690306898e-06,2.02931862485526e-09,0.00385461796880675,2.23447091018295e-06,1.23014074518779e-09,0.996133815363921,6
"20543",0.00227089126771477,4.53413929175608e-05,0.165806450972907,0.829297114673654,0.00214565208434333,0.000434549608463299,4
"20545",5.26029857438462e-05,3.87027746204589e-11,0.000416315435732089,1.2296003770326e-05,1.21847429139695e-07,0.999518663688622,6
"20549",0.00237748094215946,1.32016740549974e-06,0.0297319413291786,0.95695789185247,0.00860764691329398,0.00232371879549211,4
"20551",0.070333672298158,2.31207736732203e-07,0.91372480614652,0.0149507279357768,8.82023889354524e-05,0.000902360022873514,3
"20554",4.34088165244785e-05,3.80964185339921e-06,0.997508962020321,0.00238617849093354,3.24787868826906e-06,5.43931516792325e-05,3
"20556",0.9431861011042,2.50701832603955e-07,0.00957960299963989,0.040641799954221,0.000125400736681919,0.00646684450342491,1
"20558",0.000290673907829955,2.04843087205813e-08,0.999608466181186,2.31311561191367e-05,9.35759510038382e-08,7.76146946045602e-05,3
"20560",0.00883206429489155,9.82691134468725e-07,0.975618391992639,0.0124991670378599,0.00301463505995696,3.47589235183765e-05,3
"20563",2.27038840438576e-05,6.17490525537546e-08,0.999861132111408,2.43372171919484e-06,2.62251631832219e-07,0.000113406282144008,3
"20565",0.18261785918304,5.20336303927724e-06,0.712046882787105,0.0814645915711019,0.0233417020307037,0.000523761065009893,3
"20567",0.00035814390738416,0.000188035157165761,2.86316763138424e-05,0.103625833311502,0.895798899440093,4.56507541093557e-07,5
"20571",0.982005531292778,1.56886430526171e-05,0.0176776958952797,8.94500567586276e-06,1.23506433229034e-06,0.000290904098881361,1
"20573",0.141879208041155,1.93194539534052e-06,0.828683510249897,0.0265612513835677,0.000468335604998207,0.00240576277498684,3
"20575",0.000190853386675418,9.07472034227698e-07,0.999754757093052,5.55128002878179e-06,5.7379069592062e-08,4.78733891400633e-05,3
"20577",0.731307899064291,0.000256587151316418,0.0260555816835491,0.241992550962092,2.83917611348543e-05,0.000358989377616822,1
"20579",3.85417887698089e-06,0.110880177505194,6.20261060371873e-07,0.00110379377935707,0.888011550833704,3.44180763059721e-09,5
"20582",0.00029046754120999,5.11215371207106e-08,0.999654871267504,2.45319847477966e-06,1.39608743528897e-08,5.21429103993269e-05,3
"20585",0.0301728257447112,2.21849068961391e-08,0.0552556654843176,0.00813790765796641,6.55718974827572e-07,0.906432923209123,6
"20588",0.0748643947708367,1.18015786709385e-06,0.00418386262565872,0.00548725237605779,0.000135847521228505,0.915327462548351,6
"20590",1.69999657683242e-06,0.00151825845087291,1.59342049854515e-07,0.00475906514007848,0.993720815123768,1.94665337370785e-09,5
"20592",0.000464803346329972,1.82117297359539e-08,0.999502711486209,1.18557599507752e-06,5.64357856941705e-07,3.07170218795437e-05,3
"20594",0.000133023118472158,4.01507173582415e-07,0.999688544558579,4.78260122051944e-06,1.86429058367745e-09,0.000173246350263536,3
"20596",0.00102631388080549,0.00128336843549135,0.992257059229587,0.00520616025954755,0.000225445103999893,1.65309056880778e-06,3
"20598",0.00255105023847466,2.85743915798699e-06,0.991244465806316,0.00614898713517565,2.59017652493318e-06,5.00492043505068e-05,3
"20600",0.71061824925557,2.15484171908919e-07,0.0175925704804376,0.059007512709802,0.000505786446354618,0.212275665623664,1
"20603",0.0105368912010322,2.02825854850022e-05,0.000221878277037823,0.98586636417803,0.00222707160083501,0.00112751215757981,4
"20605",0.0252669450931107,5.92174766599726e-06,0.974407362186845,0.000123736320273171,9.43075592427457e-09,0.000196025221348892,3
"20607",0.0328532828275987,3.42318976810307e-05,0.966602480671799,0.000505915552398346,2.48668184160184e-07,3.84038233887117e-06,3
"20609",0.000168788795158808,9.64009213415298e-06,0.988053018794014,0.0116992495170129,9.98622816474196e-06,5.93165735156365e-05,3
"20611",0.000688348611537135,0.0113269349533958,1.20226566123085e-05,0.987844251416855,0.00012790614915679,5.36212443433422e-07,4
"20613",0.00174874102467326,9.83833569249791e-05,0.406968240637966,0.588705610823666,4.23589693739355e-06,0.00247478825983259,4
"20615",0.794498181433242,2.83202227515352e-07,0.0450594643776164,0.149662998819619,0.000660343685878995,0.0101187284814163,1
"20617",1.52221447320843e-06,7.64710311192631e-07,3.54380702165663e-07,0.00232194049186542,0.997675322762552,9.54400956009444e-08,5
"20619",0.0123459254754567,6.5657241554535e-07,0.987633377886738,5.80174499423222e-06,2.34475914044683e-06,1.18935612553835e-05,3
"20621",0.114983511428048,3.34949015288642e-05,0.876841831905746,0.00796094363062143,2.08678183281407e-05,0.000159350315727946,3
"20623",2.27397995704849e-05,0.000957383197576988,0.00123982691704437,0.00875472836436404,0.989025243692227,7.80292169556755e-08,5
"20625",0.0623374795765934,6.53770451538319e-06,0.000430926952548417,0.885387674490924,0.0385467880061701,0.0132905932692481,4
"20627",0.0623146360834811,0.000522905922441732,0.774913329212164,0.161978103391037,2.04430767802141e-06,0.00026898108319844,3
"20629",0.593238697037175,3.91934091488683e-06,0.332991213230101,0.0726193512325345,0.000364588011094588,0.000782231148180465,1
"20631",0.000617446407248334,4.4097768946418e-08,0.999323422764893,3.39166494591054e-06,4.28379311556733e-06,5.14112720284588e-05,3
"20633",1.05975749087837e-07,7.18284469439028e-05,2.90522085125368e-08,0.00034904065991506,0.99957899353255,2.33263356047237e-09,5
"20636",0.324619911170725,0.0563660840720282,0.000255875084893232,0.597490685791054,0.0212662473771444,1.19650415578698e-06,4
"20638",0.972283275299351,5.94252898432727e-05,0.00370470258251181,0.0222466437479641,7.52569673736679e-06,0.0016984273835922,1
"20640",0.015771021804212,5.91675044069801e-07,0.904215053622665,0.00149103784006839,5.60126300406862e-09,0.0785222894567479,3
"20645",0.00159017312625101,3.14133111982795e-09,0.99576117928121,5.43557037037987e-07,9.56055867229503e-10,0.0026480999381145,3
"20647",2.68316732084779e-07,3.77267827676023e-07,1.34380582239083e-07,4.0047497217729e-05,0.999959117330356,5.52072838628872e-08,5
"20649",0.000834255589748936,7.84122690734636e-07,0.97667016428873,0.0138044533875407,4.04887093240928e-06,0.00868629374035713,3
"20651",0.00171278521974043,8.2007887129792e-06,0.996543268557136,1.77228547514505e-06,6.87566125385559e-06,0.0017270974876815,3
"20656",0.000124825931431637,4.41707976833015e-07,0.966528985347555,0.000673988096474116,1.14898658557002e-06,0.0326706099299768,3
"20660",0.000151425083514477,0.000363709722209369,0.0339534528690667,0.00322824530721744,6.58208719428671e-07,0.962302508809273,6
"20662",0.00110213256947557,0.0970986097033105,0.000160370003798363,0.054914484244505,0.846723787210013,6.16268897945667e-07,5
"20664",0.00346882869558608,0.00640035406691457,0.892280641574608,0.00703724804601962,0.0908022782123299,1.06494045416299e-05,3
"20666",0.000300801860010713,5.19484429876983e-05,0.000221352463964263,0.958877553019373,2.49790247893244e-05,0.0405233651888746,4
"20668",4.47704749404248e-05,0.000134119332812054,3.14304250198348e-05,0.690391699692978,0.309397801345234,1.78729015877079e-07,4
"20670",0.00209174051987543,0.000418935302673019,0.996988629057699,0.000334155703135494,1.94558722786359e-06,0.000164593829389222,3
"20672",3.24805420698216e-05,9.55229323151718e-06,1.87540972757585e-05,0.700977319566034,0.298952801889521,9.09161186710431e-06,4
"20674",0.376065090927928,9.53043233800613e-05,0.586765731884144,0.0369479041285265,8.64064026829986e-05,3.95623333384751e-05,3
"20676",1.05439083123693e-05,0.953914609034971,2.23254988040237e-07,0.0445040638056909,0.0015705134977951,4.64982430339825e-08,2
"20678",6.17658149780284e-06,0.951928649615371,2.7458797543431e-07,0.0284836072999455,0.0195812862955543,5.61965532891041e-09,2
"20680",0.000192918199294947,8.57615712435112e-06,0.000686204350324804,0.811311272433093,0.187790750376528,1.02784836346773e-05,4
"20682",0.00188828948119356,0.16214528684019,0.00161313517444218,0.833979421189741,0.000371836848955506,2.03046547783973e-06,4
"20684",0.203018563547645,0.0780580549406532,0.672513383881252,0.0442885124921589,9.30177522738446e-06,0.00211218336306264,3
"20686",5.8156242910991e-06,1.91673618657275e-06,1.98429077753315e-06,0.0237302029034331,0.976259767804847,3.12640464242795e-07,5
"20688",5.52263790946237e-07,0.970608543715945,9.36796784103345e-08,0.00108404643676443,0.0283067626011781,1.30264331408306e-09,2
"20690",0.0605134783939109,1.04330760269102e-06,0.0240762844656361,0.000638940396527309,3.97652789865889e-08,0.914770213671044,6
"20692",2.73615783212323e-07,0.0226793080158824,6.63982494422077e-08,0.00108538755945702,0.976234962040038,2.37059035082404e-09,5
"20694",0.00015082409579961,0.000222317646143897,5.67309621897498e-06,0.991717303132105,0.00790351010605497,3.71923676940431e-07,4
"20696",0.0122292265044239,0.000858797186160093,0.000260864303120031,0.982558348249668,0.00408622314906482,6.54060756267395e-06,4
"20698",0.877533875210222,1.99751559883681e-06,0.111716544177318,0.00802172514473987,0.00207681929659594,0.000649038655525495,1
"20700",0.00348639776871445,0.000138031880186969,0.993414289106214,0.000484665890889576,0.00232430314041696,0.000152312213577708,3
"20702",0.485668281225623,5.97041813419456e-08,0.0366176798162375,2.1204192105786e-05,1.46206043610475e-08,0.477692760441248,1
"20704",0.125722295662471,5.9298888388843e-05,0.739938373473538,0.134089150204596,2.18903514821799e-05,0.000168991419523159,3
"20706",0.755427310371838,0.114175173368272,0.0365905646232933,0.090077623767288,0.00322754854575712,0.000501779323551433,1
"20708",6.61408907428811e-06,0.962183121002518,2.02754464360364e-06,0.0376895438394046,0.000118676579108867,1.69452502082515e-08,2
"20710",0.309872915241258,4.11698863485066e-07,0.374854710240395,0.0268322333313679,7.40996207315787e-07,0.288438988491909,3
"20714",3.13511143613675e-05,4.14046469533612e-05,7.66312167826319e-06,0.00995163626429991,0.989967935880719,8.97198861284602e-09,5
