"","V1","V2","V3","V4","V5","best$classification"
"19811",0.0565334014923305,0.940959352129413,6.64342323167066e-05,6.53927149853039e-07,0.00244015821878968,2
"19813",0.999901615989262,9.56942850830328e-05,2.29542762968925e-06,9.35219977179477e-09,3.84945825355849e-07,1
"19815",4.45331564971443e-06,0.997707776451359,0.00168627457645149,0.000564595950845866,3.68997056942391e-05,2
"19817",1.6978693893631e-05,0.998240052016765,0.000212891739839355,2.02554002822167e-05,0.00150982214921967,2
"19819",2.39487341121621e-09,0.000115343356660395,0.86806675626436,0.131816613374153,1.28460995391255e-06,3
"19821",0.0249449304154567,0.910891412771178,0.00217827819116079,1.14908284793012e-06,0.0619842295393568,2
"19823",1.22494408837288e-05,0.941624249446895,0.000759321582257973,0.0568707645682354,0.000733414961727817,2
"19825",0.00777845006687178,0.00536954670101354,0.167640685026188,0.000865607638981254,0.818345710566945,5
"19827",1.94625817391811e-06,0.378090312299611,0.0005378239648363,0.000128354788137275,0.621241562689241,5
"19829",8.50837941908026e-06,0.00327397142692752,0.985359270577029,0.000121356300627581,0.0112368933159972,3
"19831",2.68213842269403e-06,0.000729122316746306,0.892660235545095,0.106606290847637,1.6691520990178e-06,3
"19833",6.62953998891795e-06,6.08010579498134e-06,4.10106598778192e-05,0.999928181303643,1.80983906954244e-05,4
"19835",0.0249449304154567,0.910891412771178,0.00217827819116079,1.14908284793012e-06,0.0619842295393568,2
"19837",1.28989764026052e-05,0.912581121179341,0.00160483119836692,1.87597064622772e-05,0.0857823889394275,2
"19839",0.00252537192829166,0.00756310174966226,0.957984229079859,4.3885269339149e-05,0.0318834119728482,3
"19841",0.000117422516433906,2.23361359894452e-05,3.05369768391916e-05,8.54815957007346e-08,0.999829618889142,5
"19843",0.0235371493942441,0.000149734353818564,0.97618536195017,0.000127642659526819,1.1164224012634e-07,3
"19845",0.920847629625563,0.0790844766858048,6.84859405860979e-06,3.25938226936171e-07,6.07191563468045e-05,1
"19847",0.00706832840097884,0.98754391137935,0.00526074873142737,8.80430852933289e-05,3.89684029502541e-05,2
"19849",0.999861159470737,0.000137666658990678,2.68922078843994e-07,3.32251358921189e-09,9.01625680252008e-07,1
"19851",5.01926770327055e-05,0.999706503421722,7.52223031115796e-05,2.51377429687265e-05,0.000142943855164696,2
"19853",0.0334644402609758,0.964404779690036,2.81425630115708e-06,0.000177430770775926,0.00195053502191115,2
"19855",0.00206552162382036,0.986372481550587,1.29090772919528e-05,9.44448247883414e-06,0.0115396432658219,2
"19857",0.0170302791677867,0.940482123531115,0.0114249225140553,3.49530594687331e-06,0.0310591794810961,2
"19859",3.27295179503894e-05,0.976885820939857,0.00153628253798002,0.000133961426716999,0.0214112055774952,2
"19861",0.156201937044649,0.843573311983645,5.90022050916044e-05,2.16953396947402e-06,0.000163579232644528,2
"19863",0.989684359283294,5.22659099961242e-05,3.07616059994104e-07,4.99222709950360e-09,0.0102630621984231,1
"19865",3.70044725072655e-06,0.00211696635611816,6.36360489312442e-06,8.88465173255717e-08,0.997872880745221,5
"19867",0.00771011544493756,0.991316456503903,0.000930720892777329,3.21694405735827e-05,1.05377178087796e-05,2
"19869",0.992126297025218,0.00767998159359621,5.1551007006534e-07,9.11031486029297e-09,0.000193196760800662,1
"19871",6.55464073607462e-06,0.915125320796335,0.00433528467172928,0.000150609442440986,0.080382230448759,2
"19874",1.45813087618018e-05,0.161044305846004,2.87941183205765e-05,1.30313832795355e-05,0.838899287343635,5
"19876",0.000799608391173709,0.472733851516988,7.29166870039937e-06,5.80773227775702e-07,0.52645866764991,5
"19878",0.00129984243918389,0.296530120226873,0.686010393436085,0.0156429833129969,0.000516660584861112,3
"19880",2.67235211160875e-05,0.000902495780289708,2.30218459650359e-07,1.79865830352421e-08,0.999070532493552,5
"19882",0.271753481067914,0.725398185046725,4.86816500663917e-05,6.45563055509529e-06,0.00279319660473958,2
"19885",1.88602340843047e-05,0.992013032149294,0.00670378432262628,1.17721934019351e-05,0.0012525511005933,2
"19907",0.0705443288721298,0.92900756910738,0.0003774552124244,9.7387202192316e-06,6.09080878468824e-05,2
"19909",0.000295525058605479,0.0158506889845052,0.983783159857931,4.59805542499957e-05,2.46455447087725e-05,3
"19911",4.47132942847822e-05,0.0321829062790671,0.933923102473311,0.00108659788170712,0.0327626800716299,3
"19913",1.52524560763864e-06,2.47462287396716e-05,1.00765137277281e-06,1.2503804625534e-07,0.999972595836234,5
"19915",8.00599669355066e-06,0.410268979130713,3.37383998693672e-05,1.10256474807198e-05,0.589678250825244,5
"19917",7.29628308443697e-06,0.0120822936256825,7.39663777498444e-05,2.01744722068652e-06,0.987834426266263,5
"19919",5.04558810085784e-06,0.804530926288785,0.000501586545440284,6.00737272734166e-05,0.1949023678504,2
"19921",0.000377880382489133,0.999285438464389,0.000290692592641114,1.24488930730398e-05,3.35396674074678e-05,2
"19923",0.000688029098248116,0.916874851171504,0.0559777099848717,0.0264513761309766,8.0336143991769e-06,2
"19925",2.70239398366629e-06,0.0460020754310551,2.23546404924735e-05,3.18307715940724e-06,0.953969684457309,5
"19927",6.69850644600177e-05,0.999148773111692,9.04471257093503e-05,1.29272034139226e-05,0.000680867494724506,2
"19929",0.436231091848727,0.000189137974694268,7.31270951212553e-07,7.50708229774497e-09,0.563579031398546,5
"19931",3.22550509089908e-06,0.996684829119211,0.000978454093410786,9.13616858996006e-05,0.00224212959638811,2
"19933",1.98957748571555e-06,0.325730989155861,0.670463743290473,0.00105114703343479,0.00275213094274581,3
"19935",0.00108443568653805,0.915111800168729,0.0809137487841778,1.19667356689007e-05,0.00287804862488643,2
"19937",6.95685965572235e-06,0.999350668193675,0.000353191455853823,0.000234380235072851,5.48032557421389e-05,2
"19939",1.49642383426741e-05,0.996601576736661,0.00090716615788803,0.000118769067766425,0.00235752379934205,2
"19941",0.000510126523759852,0.00899767862140166,0.906676924969148,7.80073779000554e-05,0.0837372625077909,3
"19943",4.23811485131778e-07,0.000787379280964011,2.13172886542059e-06,7.58476985145405e-07,0.9992093067017,5
"19945",8.25386339667183e-07,0.132364541910172,0.865237971333777,0.00229422621974341,0.000102435149968059,3
"19947",0.0260574251886695,0.0205663436450693,0.122898295467088,0.000210188258095022,0.830267747441078,5
"19949",1.1949886316947e-05,0.755495638291253,0.22078895001997,0.0236838410567632,1.96207456972644e-05,2
"19951",2.84971284421214e-05,0.300781430397436,0.00200055859113155,5.14602596797666e-05,0.697138053623311,5
"19953",1.85558674194398e-07,0.00296842996163225,0.176489584480556,0.820541612258364,1.87740773222829e-07,4
"19955",3.52912178699386e-05,0.00917211189496517,0.945766745737546,0.0450209181184638,4.93303115503505e-06,3
"19957",4.59135560398454e-05,0.0916017379706857,0.00127919995618928,0.00147093336349762,0.905602215153587,5
"19960",6.62150778084437e-05,0.00313225373047313,0.996268197218334,0.000117280065192016,0.000416053908191839,3
"19963",0.000136725592843715,0.000594295251623244,0.000547312042648541,0.0642205057122441,0.93450116140064,5
"19965",9.68837785871029e-05,0.000643140641963064,0.998827217055661,0.000432704703713627,5.38200749429438e-08,3
"19968",0.188667723196878,0.0129024549769848,0.0019453488519,2.66743316893146e-08,0.796484446299905,5
"19971",2.08092328499246e-06,5.37499183087358e-05,0.00186621693558121,0.00486864290823143,0.993209309314594,5
"19973",9.77033733850947e-05,0.988493867232382,0.000222497006355703,1.61329714146122e-06,0.0111843190907354,2
"19975",5.49899344302802e-05,0.0215678744490236,5.50474513978676e-05,1.05010401525598e-07,0.978321983154747,5
"19977",0.000352777649627105,0.00180327166424752,0.000187314468111592,0.000156698830904608,0.997499937387109,5
"19979",1.83363871701926e-09,5.78477782724228e-06,0.999700023447953,0.000292463406232072,1.72653434869286e-06,3
"19981",0.00128213761519824,0.980725823003178,0.0167559405366108,2.53388849948987e-05,0.00121075996001792,2
"19983",0.000739132799402464,0.974616762755669,0.0244366921011131,0.000139961036501892,6.74513073130613e-05,2
"19985",7.71168752811391e-05,0.125483384966898,6.69320678396741e-06,6.96851194750562e-07,0.874432108099842,5
"19987",1.46457147085162e-05,0.855177243264924,0.0533542991789283,0.000132169352775251,0.0913216424886639,2
"19989",4.41914702289152e-09,8.12849210599987e-05,0.996553327982684,0.00336536825471094,1.44223982202918e-08,3
"19993",3.71454402645414e-06,0.629499548439861,0.336519187305796,0.00128298034935283,0.0326945693609635,2
"19995",1.57194710341201e-05,0.245277708407993,0.745632098007435,0.000400448029824202,0.00867402608371303,3
"19997",0.000110205452791813,0.980461619054546,7.5081846414548e-05,6.27926062353051e-06,0.0193468143856243,2
"19999",0.00244069403170424,0.881184275539971,1.50098055048632e-05,5.60375983753486e-07,0.116359460246836,2
"20002",0.530461517985859,0.000488024820005006,0.000334011330606287,2.91517703356741e-06,0.468713530686496,1
"20004",0.000639205820806427,0.118185839416382,0.867520437716349,7.19181924609742e-05,0.0135825988540018,3
"20006",0.00366143909281262,0.028678525228755,0.961655986867242,0.00480038612061611,0.00120366269057396,3
"20008",0.000500339069633157,0.0525616959966426,0.925571402011251,0.0208867205477297,0.000479842374743698,3
"20010",7.10589996984114e-08,0.0536473029860292,0.906770384437674,0.0395730654769406,9.17604035595885e-06,3
"20012",0.0127551768435417,0.144602497854669,8.98461228648855e-05,7.03021351363046e-07,0.842551776157573,5
"20015",1.55886982270722e-06,5.04693621080447e-05,0.999941541634906,6.35004754579242e-06,8.00856177638943e-08,3
"20017",0.00530812234748871,0.94161886550994,5.05070338535458e-05,8.33690611931128e-07,0.0530216714181062,2
"20019",6.77906914519719e-10,1.56145541192781e-06,0.997524256319789,0.00247416916477282,1.23821189757792e-08,3
"20022",6.17400985013274e-08,0.00886267810734445,0.989517660835431,0.00161606373033757,3.5355867877911e-06,3
"20024",3.54229355943763e-07,4.22306450123428e-05,0.536345405665044,0.463611874661625,1.34798963467277e-07,3
"20026",3.54229355943763e-07,4.22306450123428e-05,0.536345405665044,0.463611874661625,1.34798963467277e-07,3
"20028",0.000385854769811993,0.714351974340229,1.88704275878105e-05,2.50916441556621e-06,0.285240791297955,2
"20030",1.02805186253733e-05,0.000184281300685991,0.999622705314463,9.06271371833569e-06,0.000173670152507027,3
"20033",7.63543342695213e-05,0.631376297471362,0.0017253750992905,1.00315211126135e-05,0.366811941573965,2
"20035",1.61539716993523e-09,4.25126223792113e-06,0.996253597355352,0.00374213454329677,1.52237161045468e-08,3
"20037",4.32773834909233e-08,6.09832044147817e-06,0.999560724057154,0.000433133735969838,6.09050909872371e-10,3
"20039",5.31012163905688e-10,7.88057542081246e-07,0.00041916810053807,0.999580043091912,2.18995180844784e-10,4
"20041",0.000182630336001002,0.699999306614019,0.245114796908993,0.053549395373873,0.00115387076711429,2
"20044",0.000197450001503516,0.557023853055205,0.350829606131094,0.080016675312021,0.0119324155001767,2
"20047",4.97379138433327e-10,5.27527364292364e-07,0.994161787821318,0.00583754252215398,1.416317842054e-07,3
"20050",7.04102419061923e-09,0.0229409659129049,0.151125238858258,0.825873685087109,6.01031007040287e-05,4
"20052",1.22500920522383e-06,0.937603794071432,0.018067014414313,0.001436304067694,0.042891662437356,2
"20054",2.80545680807011e-05,0.000653357411707247,0.999305946409857,2.71379062575375e-06,9.92781972880398e-06,3
"20056",1.17477254765871e-06,0.00147347609493668,0.000185203822903507,4.25628566303416e-06,0.998335889023949,5
"20058",4.43001569889121e-08,7.16674984425495e-05,0.998857072961424,0.0010712116918007,3.54817522187056e-09,3
"20060",3.50946150547763e-05,0.998069484086136,0.00106186946980317,3.14735312459092e-05,0.000802078297760566,2
"20062",4.36689563917964e-05,0.991833358363901,0.00782888013118889,4.68356699726615e-05,0.000247256878545363,2
"20064",4.53511489539212e-07,0.0327825576976468,0.966613922613138,0.000118169276667529,0.000484896901058432,3
"20066",1.53004357211836e-06,1.59656789059908e-05,0.99994183821564,2.32688751109271e-05,1.73971867712512e-05,3
"20068",0.00157511298679218,0.99816516133223,0.000102604487867695,4.798257810562e-06,0.000152322935299133,2
"20070",0.00010053869081633,0.999230559263154,0.000161223555569844,0.000426290840967186,8.13876494921777e-05,2
"20072",0.00498774785396329,0.00113798682477688,0.993824400822114,4.97969625605148e-05,6.75365856070588e-08,3
"20074",0.000748657473894449,6.18080580929596e-05,2.33440120544467e-07,1.8583235370836e-08,0.999189282444657,5
"20076",0.266666262126928,0.0441256572936282,0.0122077740619063,3.95675896443876e-07,0.676999910841641,5
"20078",2.05860375724667e-06,0.0514426537780554,0.945341095768803,0.00295442262688759,0.000259769222497041,3
"20080",2.51877940704761e-10,9.2392715230892e-06,0.998930349338521,0.00106036340620983,4.77318682995552e-08,3
"20082",1.31230804058168e-10,2.83894753709508e-05,0.00807388347048691,0.991897550042465,1.76880446154756e-07,4
"20084",6.83236341877825e-07,0.0153778981617637,0.931678145761646,0.0128033557612729,0.0401399170789751,3
"20087",6.24152071993735e-05,0.0458781110897862,0.953181107221245,0.000876702650251821,1.6638315171732e-06,3
"20090",6.92716532855322e-10,0.000115352353213126,0.974143794172359,0.0257405862874102,2.66494301170486e-07,3
"20092",0.00110154045853247,0.150552722242627,0.0280280925253481,0.820317275475366,3.69298126245637e-07,4
"20096",1.64039656224621e-05,0.581983958059206,0.0104411330057087,0.397459638397714,0.0100988665717487,2
"20098",1.21801724147858e-05,0.651022941119916,0.000490213264453061,2.20624774783629e-05,0.348452602965737,2
"20101",6.42765266541765e-09,0.00020387816713278,0.998152217616551,0.00147201286419789,0.000171884924465633,3
"20104",0.387960384244586,0.539101552895357,0.000236092561800472,0.0699166065820634,0.00278536371619367,2
"20106",1.98252585471844e-08,0.00138303851643881,0.998440080710947,9.45064601767604e-05,8.23544871790608e-05,3
"20108",0.000417242681794943,0.948866356395586,0.000834058297431377,3.77665930047699e-06,0.0498785659658873,2
"20110",8.73747692767149e-07,0.558312375837729,0.00874268731304725,0.286271523461803,0.146672539639728,2
"20112",9.30029941643742e-08,0.0290504823167054,0.95207983884144,0.0188200566710127,4.95291678478491e-05,3
"20114",4.77997652086321e-06,0.0615125260882629,0.805021441398088,0.00190153088607043,0.131559721651057,3
"20116",6.77796149913573e-05,0.00688465844678321,0.965202835490848,1.23667877187587e-05,0.0278323596596584,3
"20118",6.45613019006352e-06,0.784274300370198,0.0772404333265863,0.000413788469015925,0.13806502170401,2
"20120",5.1100559669834e-09,0.00973350305240577,0.961984983116752,0.0270863780216663,0.00119513069912038,3
"20122",2.26555882553635e-05,0.00107450389341656,8.35923912409896e-06,6.21199979573045e-08,0.998894419159206,5
"20124",2.70976641703612e-07,4.79706030681793e-05,0.997680637186749,0.00227111526198037,5.97156039924542e-09,3
"20126",2.56267636434228e-07,8.37326507196498e-06,0.0101435445383275,0.989847501285359,3.24643604956723e-07,4
"20128",5.27626201732857e-09,2.74159068171063e-07,0.263258471030203,0.736741246215762,3.3187041477665e-09,4
"20141",0.00021107258936959,0.810845465547151,0.00017834410623198,0.0326938512036444,0.156071266553603,2
"20143",1.65317335099553e-05,2.6778152146306e-05,2.09469429136462e-07,2.04207932563755e-08,0.999956460224121,5
"20145",5.03594001420027e-09,0.0138115559363756,0.981484911182601,0.00468939376740545,1.41340776774628e-05,3
"20147",4.45749756521202e-08,0.00256132851049537,0.99726977765067,0.000158102887139518,1.07463767195913e-05,3
"20149",1.3934835822674e-05,0.000978415925637621,1.17464458847176e-06,1.34558391509268e-07,0.99900634003556,5
"20151",1.1410148800755e-05,0.851324584030707,0.000633654101233617,1.10375686424368e-05,0.148019314150617,2
"20153",1.56798367809766e-07,0.313051647765157,0.00194388938393351,0.0115705811040102,0.673433724948531,5
"20155",1.12173161979495e-07,0.000494113061582047,0.999270001698272,0.000235091718351984,6.81348631613414e-07,3
"20157",7.34978500213182e-06,0.282059101086545,0.000207088123602066,2.04027620558402e-05,0.717706058242795,5
"20160",2.75477031737512e-06,4.14543214968893e-05,4.24082365032035e-07,4.57602034930088e-08,0.999955321065617,5
"20162",1.39670719296004e-05,0.002187337016495,4.31806675768536e-07,4.27975351902717e-08,0.997798221307364,5
"20164",6.98843037003323e-06,0.0501529247694683,0.000162468143242349,4.17166394641086e-05,0.949635902017455,5
"20166",0.00024692338198952,0.000148747542437294,0.998432405668626,1.02404748336775e-05,0.00116168293211335,3
"20168",0.994939877726961,4.9480862256546e-05,0.00401351020637708,8.2204399806856e-07,0.000996309160407565,1
"20170",4.65848476204204e-06,0.548437301681356,0.000352660675664796,7.21565388876129e-05,0.45113322261933,2
"20172",7.18545527562836e-08,0.00529265067135427,0.99344260372331,0.00126455309425856,1.20656524234948e-07,3
"20174",0.210723649269871,0.393976081109971,1.49107154405194e-05,1.36121499412519e-07,0.395285222783218,5
"20176",0.999577776387105,0.000156548678223,0.000254518555407881,6.24998723550241e-08,1.10938793918774e-05,1
"20178",1.44750754744695e-06,2.61207892951231e-05,5.08758086320044e-07,9.64765735864357e-08,0.999971826468497,5
"20181",2.25160916711751e-06,0.000189635727889601,0.994810468397503,1.30544146273705e-05,0.00498458985081255,3
"20183",7.0534387361893e-06,0.995066712450297,0.00394459215757735,0.000955257602796218,2.63843505932516e-05,2
"20186",0.00351768108366732,0.972871920428361,0.0199104363297357,0.0036992927306343,6.69427601309389e-07,2
"20188",1.82288984715666e-06,0.000235355720907601,4.43405639034471e-07,9.65741582108668e-08,0.999762281409448,5
"20190",5.95595908110151e-08,7.48003663340136e-05,0.99989965030143,2.48350060641484e-05,6.54766581050676e-07,3
"20193",0.0435592996457311,0.000546663704419588,0.00363551637624143,3.97486397133809e-06,0.952254545409636,5
"20195",6.99059268127689e-06,0.178160561769962,0.0020950220502951,4.0612817833044e-05,0.819696812769229,5
"20197",1.70286003754408e-07,0.00371748036353894,0.99577003989504,0.00051212224836775,1.87207049790594e-07,3
"20199",2.88864374407228e-06,0.0489044347447325,7.97000530307848e-06,9.55461934870933e-06,0.951075151986872,5
"20205",4.94085070441632e-10,5.61701976937288e-05,0.000315982386850328,0.999627835079348,1.18420227055742e-08,4
"20208",7.45839207891279e-05,0.970190192221164,0.00277473935452678,1.90884057433818e-05,0.0269413960977765,2
"20210",6.15196857787142e-06,0.00722732643731019,1.53742333029604e-06,1.86668958509777e-07,0.992764797501823,5
"20212",1.13758765237092e-05,0.0976324421882938,0.000191383511127223,7.88056652465454e-06,0.902156917857531,5
"20216",5.48212273803669e-07,0.00299397572399326,0.996820532852135,7.70078112895864e-05,0.000107935400307984,3
"20219",1.30006037536464e-08,0.0139899370459106,0.400369693479009,0.585530014946765,0.000110341527711246,4
"20223",0.00206503954070484,2.29933293621088e-05,0.997559280449319,0.000352684494161176,2.1864531976569e-09,3
"20226",3.99449589796781e-06,0.932469797565303,0.0587111275041319,0.00643423720800286,0.00238084322666423,2
"20230",4.66399589128801e-08,3.0787921744455e-05,0.999861867985381,0.000107209951611617,8.75013037732576e-08,3
"20233",1.46158477987698e-06,0.00340189620057865,5.09519423540787e-06,0.996549503188636,4.20438317704535e-05,4
"20235",0.000205918074657488,0.00070025897676766,0.963920740343999,0.0351730699704769,1.26340990845288e-08,3
"20239",0.00353141260724295,0.0212314713597325,0.974321745071022,0.000912552560353019,2.8184016499512e-06,3
"20254",2.15839997205828e-11,6.19261382762353e-06,0.00840229801012335,0.991591497088674,1.22657908844666e-08,4
"20256",6.10149948229819e-07,0.000139840989821338,0.999562046330777,0.000297489693564894,1.28358881370535e-08,3
"20262",4.80186038332447e-06,0.215192581652814,0.000135017317899141,5.7060506598728e-06,0.784661893118244,5
"20270",0.00336892565306754,0.0213943193084855,0.968696974547182,3.48143453171478e-05,0.00650496614594811,3
"20284",7.94299673120625e-07,0.674917989185444,0.0119877962346162,0.313042068734033,5.13515462335603e-05,2
"20287",1.9624002387899e-07,2.67830802273221e-06,0.999832298480085,0.000164825077961283,1.89390681555801e-09,3
"20290",1.15845529854186e-09,0.00453108194190188,0.00301113103581029,0.992415961379025,4.18244848072264e-05,4
"20293",1.87778721074779e-06,0.0654656237764082,0.932144486906216,0.00236043659159671,2.75749385681352e-05,3
"20296",0.0183914473437664,0.219765689633855,0.00893503247370511,2.68549041726715e-07,0.752907561999631,5
"20301",7.93821342733018e-08,1.78704745563483e-06,0.999391911632292,0.000595555576375051,1.06663617431089e-05,3
"20304",4.15524095335156e-10,6.34714143962423e-05,0.00988171307532133,0.990054494098471,3.20996286950903e-07,4
"20306",5.65390007831216e-08,5.6191169567418e-05,0.997794000988391,0.00214974761553289,3.68750786361082e-09,3
"20309",3.02033201060258e-06,0.448910509781854,0.545247889573263,0.00555205947250861,0.0002865208403635,3
"20311",2.7126410253522e-06,0.00717808320959099,0.991169034039927,0.0010736801329057,0.000576489976550551,3
"20314",1.52828814241974e-06,0.949384610386489,0.00365515873131479,9.81571738515771e-05,0.046860545420202,2
"20318",1.75826086103831e-05,9.52539403112163e-05,2.57014711049205e-05,2.1228654215272e-07,0.999861249693431,5
"20320",4.24746926012379e-05,0.987748646151533,0.00257049724495952,0.00597515179054379,0.00366323012036224,2
"20326",3.66279199746326e-06,0.886038866378107,0.00505651967323785,0.000226233762926269,0.108674717393731,2
"20328",1.10295657214717e-05,0.996298580792342,0.00133945600457717,0.00232451550376346,2.64181335957682e-05,2
"20330",6.61793519969317e-06,0.00753029928433302,0.960766532803601,0.0316916974677487,4.85250911722504e-06,3
"20336",3.23474030805947e-08,0.0541728651503532,0.0197023631121549,0.926122185927284,2.55346280521965e-06,4
"20338",1.21297758421235e-08,0.00290835100410029,0.0256984324568198,0.971231641965602,0.000161562443702017,4
"20340",1.03359867775742e-07,1.22014438837646e-05,0.99949053312525,0.000497115938302335,4.61326956894039e-08,3
"20342",5.92904577387232e-05,0.000325053393591672,0.000741122018447261,0.998670246712095,0.000204287418127428,4
"20344",5.85423347611317e-07,0.00296523185918335,0.996361471580181,0.000671759228416333,9.51908871728894e-07,3
"20349",2.93988120761024e-07,8.3223047228102e-05,0.999742415630005,0.000174056911329401,1.04233174589634e-08,3
"20351",1.85822676892487e-06,0.0723063068717761,0.911657466864411,0.0151501313976164,0.000884236639427915,3
"20353",7.25663869153737e-08,0.00248118570954152,0.912901997668397,0.0846165775517363,1.66503938324614e-07,3
"20357",4.98516115019478e-10,3.53180793894949e-05,0.0016798362921872,0.998284844287534,8.42372733824749e-10,4
"20360",0.000880558726331744,0.0012574542004048,0.0240025816894391,0.973857185106225,2.2202775997993e-06,4
"20364",9.10177983110134e-08,0.0820491107784505,0.913522025901416,0.00440458047489927,2.41918274362325e-05,3
"20366",2.35284274847023e-08,0.0124312764601916,0.00190023883617354,0.985643156486683,2.5304688524776e-05,4
"20381",0.971926121312935,0.00378733563315308,2.868740128195e-06,4.67445261836903e-07,0.0242832068685221,1
"20391",0.382619298656389,0.173458900579676,0.404862871341293,0.0390587418555383,1.87567104321988e-07,3
"20394",0.00282047485463736,0.995358989992809,0.000223152321468168,5.59519699661286e-06,0.00159178763408889,2
"20396",0.804810357142118,0.171980898982226,2.17569735463294e-06,6.57332945034418e-08,0.0232065024450064,1
"20409",1.26555725524012e-05,0.178124510349676,0.563165571344263,0.00107750890066375,0.257619753832845,3
"20411",2.18170907333101e-08,0.00100773622613245,0.897533487361773,0.101458748062412,6.53259146128279e-09,3
"20416",5.94452759161387e-10,3.62566718484117e-07,0.0566656773085939,0.943333959438444,9.17911307605305e-11,4
"20418",0.803483612252544,0.0941877137424282,1.78951280711528e-06,3.27609595354611e-08,0.102326851731261,1
"20420",1.67118506455976e-06,0.0310302442168879,5.14819699225165e-05,0.968539890229651,0.000376712398473852,4
"20422",9.67935905628122e-08,0.00115351998703279,0.998296400828359,0.000492705659752307,5.72767312648591e-05,3
"20424",1.03146470466804e-08,0.00078697546598242,0.955085330930853,0.0441276658163741,1.7472143439272e-08,3
"20426",1.40607733415856e-09,2.19338774911063e-05,1.10513664634677e-05,0.999836042685837,0.000130970664131508,4
"20428",0.00298079063193897,0.0944228531818252,0.90253676055778,3.60098520165984e-05,2.35857764393778e-05,3
"20431",3.73425284122391e-06,0.836568332191319,0.0388880030467597,0.00863795766207599,0.115901972847004,2
"20433",0.000224488966161336,9.70235221438491e-06,0.999741649421377,2.41370019334695e-05,2.2258314517017e-08,3
"20436",0.989373745460156,0.000113552963105106,0.0104971209371601,4.59177921592976e-07,1.51214616571833e-05,1
"20439",0.315532033740817,0.331834536778362,8.43048088228179e-06,1.04957223673102e-07,0.352624894042715,5
"20441",1.12464751040494e-09,0.000247062536031909,0.00142854070474834,0.9983240967952,2.98839372036123e-07,4
"20444",4.92170006670885e-06,0.0001280047068268,2.43062541760144e-07,2.84809260542536e-08,0.999866802049639,5
"20448",0.000410742183559215,0.62893863295772,0.016396498919668,0.00196496009762238,0.35228916584143,2
"20536",0.709213844122324,0.290464934441447,0.000289528711094006,1.38840592666764e-06,3.0304319208088e-05,1
"20538",1.78078945471898e-05,0.10100114279784,0.294574626750924,0.604399260022084,7.16253460454579e-06,4
"20541",2.82780404492856e-10,2.77771806701059e-05,0.945807689625624,0.0541645216174964,1.12934289146721e-08,3
"20544",6.15466386179487e-06,0.770656351975877,0.220235012654558,0.00105920573479941,0.00804327497090314,2
"20546",2.17853190883424e-08,0.0028013212190862,0.990480955920068,0.00671767085111184,3.02244151058642e-08,3
"20550",8.24242691726931e-05,0.567416353625144,0.395372066657199,0.0324028363079524,0.00472631914053135,2
"20553",3.14353911610332e-09,5.4645944376882e-08,0.0413485858707849,0.958650988784281,3.67555450146037e-07,4
"20555",7.68235731689428e-07,0.00329315489532687,1.56039107485133e-05,0.996690227526892,2.4543130124523e-07,4
"20557",5.85396047416307e-07,0.56959698337866,0.18493872060882,0.241735782532061,0.00372792808441128,2
"20559",1.07035420493312e-08,0.000609551367044272,0.999311503976531,7.55639367621515e-05,3.37001612053201e-06,3
"20561",1.01140989435712e-05,0.571576335643169,0.00145645526222346,7.26281139933916e-05,0.426884466881671,2
"20564",1.44750754744695e-06,2.61207892951231e-05,5.08758086320044e-07,9.64765735864357e-08,0.999971826468497,5
"20566",8.41268767568176e-05,0.133497515735278,0.866243606335386,1.63401617338685e-05,0.000158410890844583,3
"20569",0.00102619284949597,0.703619884029157,3.85414922067077e-05,7.56025478704771e-07,0.295314625603662,2
"20572",0.000752229398853308,0.0304593323217738,1.05081544127351e-05,5.52430966855962e-08,0.968777874881864,5
"20574",1.92122661454842e-09,0.000460492544061615,0.997300339783609,0.00223390841773668,5.25733336618489e-06,3
"20576",9.85602156196882e-07,0.000164791302204882,2.95025281034898e-06,2.31232394925182e-07,0.999831041610434,5
"20578",2.48338198490299e-06,0.225408922980047,0.766336483978497,0.000889857886135724,0.00736225177333538,3
"20580",3.03711398902041e-05,0.203336475423393,0.796403121757655,8.03904753678237e-05,0.000149641203693826,3
"20583",9.97548226816868e-07,9.0492633551898e-05,2.23200818331611e-06,1.87678225784255e-07,0.999906090131812,5
"20586",2.01878747640476e-06,0.127816705228325,0.87027889535266,0.0018937365441547,8.64408738427928e-06,3
"20589",2.42088280559877e-07,8.97496923589143e-05,0.999710577031491,0.000199429047073363,2.14079646659953e-09,3
"20591",6.28955660925382e-05,0.817652085688636,0.00516821703164881,0.177097585639262,1.92160743606012e-05,2
"20593",2.11488364979231e-08,6.71416890006427e-07,0.999920329995531,7.89554228908886e-05,2.20158516117066e-08,3
"20595",1.10699237647727e-07,0.00539016424479321,0.994183442129027,0.000335695814203655,9.05871127384366e-05,3
"20597",0.998855876450885,0.0011307704322566,2.67352916316525e-07,4.75549811299241e-09,1.30810084441056e-05,1
"20599",2.2894423376825e-06,3.49592197754564e-05,6.05435935127005e-07,4.69630827843325e-08,0.999962098938869,5
"20601",7.83101696564011e-06,0.999071456748977,0.000396588121255589,5.8741438141143e-05,0.000465382674660062,2
"20604",6.15402984484828e-09,2.19090570719386e-05,0.999900734555937,7.56980352170612e-05,1.65219774395739e-06,3
"20606",9.14119093591202e-09,2.70101728932698e-05,0.999884364430246,8.85740061945677e-05,4.22494754095123e-08,3
"20608",2.73585577002099e-06,0.0011324194250254,0.998848401846678,1.59839506933756e-05,4.58921833699948e-07,3
"20610",1.62387244067969e-06,0.00120213243130548,1.68739778414279e-05,1.28524481259822e-06,0.9987780844736,5
"20612",0.614704013315256,0.00282723747757978,0.255580785718921,0.125359032337935,0.00152893115030706,1
"20614",1.44971555886645e-06,0.00558216478453015,2.17657380415657e-06,7.67883070490152e-07,0.994413441043036,5
"20616",8.05364981100175e-05,0.99084318528064,0.00754947723980503,0.000154158536091267,0.00137264244535335,2
"20618",5.36493932626085e-09,0.00203226098098942,0.000372625746779931,0.997567466242261,2.76416650302834e-05,4
"20620",6.34982307824839e-05,0.000962195479701491,0.998872047175103,5.12856014938004e-05,5.09735129192613e-05,3
"20622",5.65530545224968e-07,0.000407876727473281,8.23290506957158e-06,2.98679806815175e-07,0.999583026157105,5
"20624",6.94191244947328e-08,0.000951454501318289,0.975361753647267,0.0236866109752407,1.11457049250428e-07,3
"20626",0.216989595099859,0.0235337300722454,0.757871270492164,2.7695434265985e-06,0.00160263479230506,3
"20628",0.241851422363718,0.434617213856749,0.322178843290328,0.000433316752413942,0.00091920373679097,2
"20630",7.85475791351337e-06,0.130277724482685,0.852018504396634,0.000442732342793016,0.017253184019974,3
"20632",0.00111653220040239,0.00479363150576085,2.5291569774117e-07,1.17637185285241e-08,0.99408957161442,5
"20634",1.93444448716216e-08,4.5861738677129e-05,0.99989292588692,6.11610953673668e-05,3.19345905512281e-08,3
"20637",3.11539687355028e-11,6.88527127166662e-05,0.012410191523759,0.98750773850098,1.3217231389944e-05,4
"20639",7.38508204824285e-06,0.234348944951685,2.36168354952065e-05,6.0006831086689e-06,0.765614052447663,5
"20644",1.13779543986294e-05,2.94656180873749e-07,0.418839097171458,0.581149195360511,3.48574519157395e-08,4
"20646",0.00213208853028338,0.0003372713189261,0.976244842311624,0.0212737135826639,1.208425650265e-05,3
"20648",2.62490510303889e-06,0.9813174411501,0.000211800027252591,5.60105910134136e-05,0.0184121233265309,2
"20650",5.17910915456666e-08,0.000319459232634935,0.754315456962874,0.245364953585501,7.84278985489864e-08,3
"20653",0.000147614111776843,0.994385068070667,0.000508291975902096,0.000663408436834147,0.00429561740481954,2
"20658",0.000239657771897567,0.000212204523523141,0.999540536594154,7.5602964465869e-06,4.08139785834334e-08,3
"20661",0.000193705294914702,0.010865707252797,0.0584436024807954,0.930493794302455,3.19066903829056e-06,4
"20663",5.70374192635345e-06,0.492449798474429,0.505723014464449,0.00180916216270697,1.23211564883674e-05,3
"20665",6.53328355904446e-05,3.92293936990201e-05,4.051961588546e-06,1.38972625398036e-08,0.999891371911859,5
"20667",0.0285493613013578,0.940823154672035,0.0294579362747174,0.000809008068086353,0.000360539683804001,2
"20669",0.971168078454893,0.028403045403179,1.55550336171928e-06,1.43017321930571e-07,0.000427177621244236,1
"20671",7.34463106529803e-10,0.00379672047790885,0.201010442963744,0.795059846348191,0.000132989475692472,4
"20673",0.99894262029087,0.00099464408482573,1.54370588679366e-07,2.27549965585719e-09,6.2578978215963e-05,1
"20675",0.249389887722781,0.741253634403815,0.00930035660603809,1.13956961586999e-05,4.47255712075792e-05,2
"20677",0.000798551478369657,0.517885413690203,0.481001683915836,0.000305041449546223,9.30946604591117e-06,2
"20679",0.966270606753244,0.032218801853557,4.6788380792542e-07,6.56985006300133e-08,0.00151005781089089,1
"20681",0.0721271118679079,0.927699979198181,0.000120401108114385,6.51829903695897e-06,4.59895267590683e-05,2
"20683",0.00504300708231347,0.631492720992337,0.363338422865764,0.000103506162297422,2.23428972873051e-05,2
"20685",2.6823266565597e-06,0.0190856768911708,1.83473985733254e-05,0.980808683560588,8.46098230115245e-05,4
"20687",3.71118462033615e-06,0.0523431028647722,7.30448874879516e-06,1.84413248647672e-06,0.947644037329372,5
"20689",3.14122350318637e-05,5.53262525193267e-06,0.234708113741866,0.765254910963351,3.04344997246941e-08,4
"20691",9.62899378249462e-07,0.000199634488211035,5.35995707312709e-07,1.01026645983236e-07,0.999798765590057,5
"20693",9.90470610872172e-08,3.21381291855075e-05,0.998746768017327,0.00122099043626166,4.37016507419427e-09,3
"20695",3.23221875439813e-05,0.994779623417695,0.000216332656595864,1.65207481720404e-05,0.00495520098999291,2
"20697",2.00095039281491e-09,0.000206558247681016,0.9993899399325,0.000351177046952153,5.23227719168395e-05,3
"20699",0.0190587218654234,0.654543335449943,0.326171697448334,9.4433140039697e-06,0.000216801922295449,2
"20701",0.000897255457501255,0.0938821843698697,0.904999302360338,0.000220641085721389,6.16726569131512e-07,3
"20703",0.972514854545755,0.026261477952275,1.79732860036028e-05,0.0010230582459257,0.000182635970040631,1
"20705",1.3850987219271e-07,0.00314422583766392,0.992611559695294,0.00424387275839077,2.03198779427853e-07,3
"20707",7.24824023470848e-06,0.996052309586659,0.00367027913709986,0.000250837382323236,1.93256536824573e-05,2
"20709",0.000415880137328699,0.0607461328063728,0.0296096504113286,7.51643313979513e-06,0.90922082021183,5
"20713",0.000240465383577148,0.960404959139136,9.04036976827804e-05,0.0108155674263837,0.0284486043532204,2
"20715",6.54329237944724e-07,1.85420977845497e-05,0.863261354150207,0.11270753708835,0.0240119123344205,3
"20717",6.50797540993193e-05,0.999636238298262,0.000109480275024293,2.11558483008598e-05,0.000168045824313259,2
"20720",1.21412030958189e-05,0.0137768675512054,0.985876121723778,0.000315608959382021,1.92605625385493e-05,3
"20722",1.21770785405791e-06,0.0222540507634074,0.97767471264713,6.77572351716003e-05,2.26164643666021e-06,3
"20724",3.63537207610806e-05,0.804508879069709,3.7527227057464e-05,5.09036216950555e-06,0.195412149620303,2
"20726",1.67701830220439e-07,3.98081965410333e-05,0.998972517816214,0.000987503701560525,2.58385388317552e-09,3
"20728",0.0109209634527412,0.98882179316158,3.27135164405655e-05,3.01172942429091e-06,0.000221518139814175,2
"20730",7.89100562620838e-06,0.616642282142513,0.000773493936190481,4.67283457182618e-05,0.382529604569952,2
"20732",0.0417387356789376,0.351026594788362,0.503525047621848,0.103590851938422,0.000118769972429857,3
"20734",7.07774611251421e-06,0.731060595215113,0.267760837950562,0.00113658901930189,3.49000689106793e-05,2
"20736",3.75672974201592e-05,0.11063504838727,2.46828230503451e-05,5.4803195000095e-07,0.889302153460309,5
"20738",0.004423896574179,0.012397082020532,0.577412245224154,0.0736695337151958,0.332097242465939,3
"20740",0.000412050136517568,0.067735044444059,0.611150810649213,0.320702063155011,3.16151994426469e-08,3
"20742",2.79209021854792e-05,0.998691214953245,8.44181374807805e-05,0.00100360469597649,0.000192841311112195,2
"20744",0.0116894350992898,0.0169227048882338,2.04623833934774e-06,1.20961378294537e-08,0.971385801677999,5
"20746",0.000110894787858446,0.943124409101794,0.056626574970915,7.4429625351878e-05,6.36915140802914e-05,2
"20748",1.71653861246981e-05,0.726829261452037,3.65432420950092e-05,1.9486454907337e-05,0.273097543464836,2
"20750",0.000255197698224379,0.330022591515049,0.000423910700585147,1.00792566760844e-06,0.669297292160474,5
"20752",1.69528052714373e-06,0.0376063923721484,0.961606311235439,0.000785130832332962,4.70279552357644e-07,3
"20754",0.999579125324601,0.000408234481254776,3.17778265920521e-07,1.79351528408802e-09,1.23206223628435e-05,1
"20756",2.59496453772434e-05,0.666130879342727,0.0786459372763773,0.000187313703591583,0.255009920031927,2
"20758",0.979864244364654,0.00310096272111479,0.0100465952139852,4.57267723798979e-07,0.00698774043252195,1
"20760",0.00381510674377738,0.804806842726315,1.39177110498006e-05,3.47947106761372e-07,0.191363784871751,2
"20762",0.998332136463465,0.00166363956023151,6.60740750891326e-07,1.52299340788971e-08,3.54800561840509e-06,1
"20764",0.00118581533978404,0.251805937099165,4.8135612656986e-06,2.33596928136825e-06,0.747001098030504,5
"20766",9.5272032587715e-05,0.91862081336789,1.91894315996671e-05,3.06176772231769e-06,0.0812616634002004,2
"20768",4.67261705842311e-06,0.189703803439048,0.000476517414069314,1.72127511253142e-05,0.809797793778699,5
"20770",0.90494026419627,0.0881378007914218,0.0068707048618576,1.61004787489461e-06,4.96201025752272e-05,1
"20772",7.26705834672961e-08,4.05346273453848e-05,0.999948655472284,1.02737606938591e-05,4.63469093258686e-07,3
"20774",1.53330225785867e-05,1.2080870566386e-06,0.999101624369717,0.000881832157395396,2.36325270749403e-09,3
"20776",1.23573596426814e-05,0.998627201844753,0.000633512019748529,0.000707538221183472,1.93905546723243e-05,2
"20778",2.6133401761401e-09,3.08173295675961e-07,0.271053803042604,0.728945818699394,6.74713667311811e-08,4
"20780",0.999957851832018,2.47466216026103e-05,2.29459625301965e-07,7.09385657193744e-10,1.7171377368293e-05,1
"20782",0.999244382240816,0.000641491627091493,1.25708194295585e-07,3.80824570792918e-09,0.000113996615652212,1
"20784",0.997612908159432,0.00238256571980211,1.79673837107002e-06,2.2948394051888e-08,2.70643400107174e-06,1
"20786",0.0231464660332838,0.000241089051462351,1.68509737555269e-06,5.83828449066359e-09,0.976610753979594,5
"20788",1.64838382563124e-06,0.992232271157874,0.00706945150802359,0.000645422154960487,5.12067953162212e-05,2
"20790",0.302433009581725,0.607429921686432,3.83810929046974e-05,1.49732807753427e-07,0.0900985379061304,2
"20792",3.93996351349362e-06,0.584932977843646,0.0192548021624126,0.0012902256890552,0.394518054341373,2
"20794",0.176080640951526,0.317284153031465,1.49435258287252e-05,6.76814735911305e-08,0.506620194809706,5
"20796",1.62701373660223e-08,0.000627958521422828,0.996774260749177,0.00259773881741107,2.56418518959027e-08,3
"20798",1.44750754744695e-06,2.61207892951231e-05,5.08758086320044e-07,9.64765735864357e-08,0.999971826468497,5
"20801",7.19373926955746e-06,0.000842781856237279,1.31130376146639e-05,8.24544960145833e-07,0.999136086821918,5
"20803",1.74627520718736e-05,0.978670878975071,0.0190845577509232,0.0022166065252711,1.0493996662652e-05,2
"20805",1.34227615283535e-05,0.768991871760294,0.230283001902651,0.00066296671746592,4.87368580606005e-05,2
"20807",1.44750754744695e-06,2.61207892951231e-05,5.08758086320044e-07,9.64765735864357e-08,0.999971826468497,5
"20809",0.000997377409636731,0.996417862390971,0.000970283146547799,0.000700713722702272,0.000913763330142839,2
"20811",6.66458658218913e-06,0.0256274048358015,0.00701676357502983,0.00163800456387033,0.965711162438716,5
"20813",0.000431821754221673,0.550883843518975,0.386045949230848,0.0024955041934982,0.0601428813024578,2
"20815",0.219089841711768,0.00023251918092383,3.83322965030533e-07,7.30772264220094e-09,0.780677248476621,5
"20817",7.02191759994272e-06,0.974917338229336,6.31554077199077e-05,2.87214323984887e-05,0.0249837630129452,2
"20819",1.58628085640432e-05,0.751649020999557,0.24383151871316,0.00450218199013485,1.41548858417618e-06,2
"20821",0.568166395958589,0.000458590135110302,0.427694242043602,0.000258547527262074,0.00342222433543618,1
"20823",6.99127701793765e-06,0.897147232115471,0.0919229165618487,0.00256264073271618,0.00836021931294615,2
"20825",0.000507957678280595,0.936105801094578,1.33634905419507e-05,1.13126561096185e-06,0.0633717464709886,2
"20827",1.20177393198007e-05,0.17677485715891,0.000147322088078685,0.000124718598671227,0.822941084415021,5
"20829",1.65656978280791e-05,0.00143586798929735,0.99731877689388,0.00121693139521471,1.18580237793814e-05,3
