"","V1","V2","V3","V4","V5","best$classification"
"19811",0.000542647450391775,8.60831776140421e-08,0.0692271783762621,0.930224581119165,5.50697100348452e-06,4
"19813",4.22044989639652e-12,1.72791200713086e-08,0.999999982712548,4.11123238149783e-12,1.01770084608147e-26,3
"19815",0.0943995300058267,0.00074879512354991,0.00175801546281495,0.903093659407808,2.11327460669184e-16,4
"19817",0.0269434207362171,4.86913325604588e-06,0.000566880515561817,0.972483683611121,1.14600384451994e-06,4
"19819",0.171830825601884,0.827774362655523,0.00039481174259322,1.91171372161903e-34,5.36042331152716e-34,2
"19821",0.0155947303461619,1.47376766702459e-07,0.792696400986132,0.19168016188024,2.85594106994355e-05,3
"19823",7.64235009516131e-05,0.999743225498066,4.57660306255713e-06,0.000175774397920225,1.42505209197161e-19,2
"19825",8.77463732709613e-10,1.84143266114499e-12,0.999999999120695,3.94630036154525e-37,3.54592826386474e-17,3
"19827",0.00916890313897439,0.00027029423306643,0.0032674099412013,0.218639891193044,0.768653501493714,5
"19829",0.888497492324988,6.8637187782662e-06,0.111495643594422,7.09532466921139e-19,3.61811444656406e-10,1
"19831",0.0663076371858186,0.930676399775136,0.00301596303904502,7.25251370328717e-26,1.11628181535317e-43,2
"19833",6.92711623397332e-23,0.999999343095254,6.56904745891979e-07,4.06734795615265e-67,3.74569630799621e-55,2
"19835",0.0155947303461619,1.47376766702459e-07,0.792696400986132,0.19168016188024,2.85594106994355e-05,3
"19837",0.031391099253505,1.21781357061668e-06,0.0016614950499166,0.778398787156047,0.188547400726961,4
"19839",0.0119556871050583,2.00708326407782e-07,0.988044102634122,1.82976413132688e-18,9.5524929124333e-09,3
"19841",3.86071438137502e-13,1.27739259106821e-08,0.885488276274921,2.58853280664464e-25,0.114511710950767,3
"19843",0.00134375283226334,2.14956129885474e-08,0.998656225672124,3.54083924257564e-37,8.62890891688702e-51,3
"19845",2.15404999377492e-08,1.17811533609171e-07,0.909541143242496,0.0904587174054707,3.58236292454882e-23,3
"19847",0.0678312552391257,6.67459604828956e-07,0.475038316992666,0.457129760308604,3.38165578182219e-20,3
"19849",3.95473500862366e-14,2.20322474718566e-08,0.999999962149304,1.58184086702e-08,3.86842940191262e-24,3
"19851",0.00131101106385158,2.61223181354719e-05,0.000706793756473343,0.997955994953616,7.7907923260282e-08,4
"19853",9.33493753977182e-10,0.929025241765621,0.0109583594672321,0.0600163978336352,1.78248693146757e-14,2
"19855",7.98510499285251e-05,0.000359742850953377,0.00174008184274675,0.99781701124508,3.31301129085822e-06,4
"19857",0.477875373500057,1.10008789791229e-08,0.255608692349866,0.266505723647913,1.0199501284955e-05,1
"19859",0.144803675670745,8.07680522274005e-05,0.00936487814911043,0.845691192270731,5.94858571868853e-05,4
"19861",1.1410569114618e-05,7.8860701720852e-07,0.0275041319726274,0.972483668841175,1.00653751746875e-11,4
"19863",1.12803500941469e-21,8.33515392700941e-11,0.999999961463721,7.40286021907837e-19,3.84529271576937e-08,3
"19865",6.95786910186637e-08,3.06928635040264e-10,0.0010743127991005,3.22562618625401e-05,0.998893361053417,5
"19867",0.0018879532108477,2.97799270177737e-07,0.0275213326088729,0.970590416381009,2.23661601093783e-22,4
"19869",5.39047235424311e-12,2.76836085189991e-08,0.999916768081587,8.3200205683923e-05,4.02372967915027e-09,3
"19871",0.225979213707893,4.41525930838725e-05,0.00122865758243876,0.766061159284696,0.00668681683188844,4
"19874",5.1897814209999e-05,7.56183336195069e-06,0.00805843885866193,0.991071599047542,0.000810502446223914,4
"19876",1.20174298388803e-06,2.79830821988945e-08,0.000466497981659348,0.999465991704433,6.62805878410349e-05,4
"19878",0.136467843888488,1.70845731214649e-07,0.863531985265781,6.80165756031932e-20,9.26097219722994e-25,3
"19880",3.26781619368352e-12,1.46605091177245e-09,0.000224512319284373,5.06249515984386e-07,0.999774979961881,5
"19882",4.05604447180688e-07,4.38056198194506e-07,0.986536207482743,0.0134629488565585,5.30513928379607e-14,3
"19885",0.31094704555934,1.58833614567018e-07,0.00347400353643269,0.685578328540173,4.63530439125249e-07,4
"19907",0.000500918835858456,5.45879988517747e-07,0.550096205234471,0.449402330049682,5.1199124062317e-19,3
"19909",0.992113326541384,2.8528602794786e-06,0.00788382055338731,4.49494574632819e-11,4.19619614051825e-22,1
"19911",0.736812910248282,1.50401107379512e-05,0.263172031406274,7.6881606171631e-14,1.82346292234834e-08,1
"19913",6.17566272525094e-15,1.15356645436568e-08,0.000207864245714406,1.07524202684056e-15,0.999792124218614,5
"19915",4.06177821116037e-05,1.55923410926163e-06,0.000226057543032951,0.0231296720295896,0.976602093411157,5
"19917",5.00513981064367e-05,9.4264982823595e-07,0.0113990847454114,1.58590062747831e-05,0.988534062200379,5
"19919",0.0313935093150594,1.51528133439958e-05,0.00262170608266462,0.79458719376129,0.171382438027643,4
"19921",0.00267343233180554,6.27357341182127e-07,0.001036732182917,0.996289208125756,2.18047031234291e-12,4
"19923",0.136085331416302,0.00076416894942755,0.863150353999418,1.45634852960677e-07,1.32365737420594e-27,3
"19925",1.87141836887144e-05,1.95709259379295e-07,0.00111813646596243,0.00125536226653721,0.997607591374552,5
"19927",0.00990895016997105,5.78309076283861e-05,0.000267388388946077,0.989765830520081,1.33732882395237e-11,4
"19929",2.65637009682314e-20,1.46625577938786e-10,0.994491454120782,7.76662388164178e-13,0.00550854573181535,3
"19931",0.339346767882903,0.000216275206194195,0.0107691116067499,0.649667845297122,7.03118379117777e-12,4
"19933",0.99546116872745,8.01695019617655e-05,0.0044293536926771,2.93080139096154e-05,6.40013961299685e-11,1
"19935",0.600302029813274,1.52805749920345e-09,0.39830477063992,0.00139319800995023,8.79890209614816e-12,1
"19937",0.00446392184089683,9.53642366695028e-05,0.000133798185715368,0.995306915736705,1.35062186214153e-14,4
"19939",0.841338617371249,9.90861760249509e-05,0.11166926124293,0.0468930342971337,9.1266249475074e-10,1
"19941",0.0645786849353196,5.70357081937448e-07,0.935420711816332,4.4786590855225e-19,3.28912659803725e-08,3
"19943",7.95798690727564e-09,8.57495960585159e-07,0.000946494948767896,1.15107675698335e-05,0.999041128829715,5
"19945",0.977197942348611,0.000122699621534567,0.0226749975178292,4.36050983071487e-06,2.19447440293418e-12,1
"19947",2.49769572910249e-05,1.47448287070984e-06,0.999973484002915,1.34585172911213e-18,6.45569233645912e-08,3
"19949",0.771241631187297,4.82336098221266e-05,0.228709375112137,7.60090744029072e-07,1.06041562573644e-26,1
"19951",0.0641020854339236,1.65426427197126e-05,0.474260464120144,7.23669960642577e-05,0.461548540807149,3
"19953",0.00162724176457905,0.998169975622356,0.000202782613065084,8.53745119366022e-26,1.24207671417037e-47,2
"19955",0.266043305144937,0.00772587774477542,0.726230817110287,9.28807954890319e-17,9.5868695142353e-35,3
"19957",0.0249301390771521,0.83873594311305,0.132576642565708,3.94594757138471e-05,0.00371781576837614,2
"19960",0.196961096175019,2.54386776139446e-08,0.803038878386304,1.24897625072177e-21,1.69450713781629e-18,3
"19963",1.88984438416687e-18,0.999903841237346,9.6158762654227e-05,2.40948529923715e-38,6.47835957937066e-18,2
"19965",0.592019686015322,0.000187396318850903,0.407792917665828,2.31691680341408e-28,1.14860931830083e-39,1
"19968",1.01800764788331e-06,2.0890441962571e-16,0.998421363113002,2.00290208866869e-09,0.00157761687644831,3
"19971",1.06929853427274e-11,0.79088637388241,0.209113406528983,1.76971573472799e-42,2.19577913220112e-07,2
"19973",0.00714487109977834,3.29338121787814e-08,0.000914334994399363,0.990785140530473,0.00115562044153698,4
"19975",6.95315655196267e-05,2.15405070233745e-10,0.0232748397134501,0.000212231443777892,0.976443397061847,5
"19977",2.98047935648828e-13,1.34760161912371e-05,0.999986523334737,1.62802971471004e-30,6.48774168518934e-10,3
"19979",0.977898370530524,5.89220511920302e-05,0.0220427074182841,8.95418321617589e-38,9.61931916142504e-27,1
"19981",0.949414692334683,1.67127729734302e-05,0.00475731547194319,0.0458112794143312,6.06958409986969e-12,1
"19983",0.936223285712401,1.60800419836384e-06,0.0363829682590877,0.0273921380243117,1.08334999289148e-15,1
"19985",1.2313181454086e-05,6.71631135479495e-08,0.00284106143727473,0.759959317747989,0.237187240470169,4
"19987",0.876902807074468,1.12501093033775e-06,0.0947552356585555,0.0222958224384059,0.0060450098176404,1
"19989",0.983825584407887,0.000826135551986547,0.0153482800401268,1.04011964023828e-26,6.62408268274053e-43,1
"19993",0.966557826448169,2.25661086261288e-06,0.0334398340773884,2.81062855935929e-09,8.00529517004961e-08,1
"19995",0.702523484914198,4.94300306942373e-07,0.297476001239508,1.59852646080047e-08,3.56072207548204e-09,1
"19997",0.002041241828033,1.81443236657806e-06,0.00124440340767977,0.996704523050423,8.01728149807032e-06,4
"19999",6.74929365795313e-06,6.50493863231959e-08,0.00271856684370799,0.00533366598678501,0.991940952826463,5
"20002",9.28805127361899e-20,6.78001865200377e-11,0.999999999932182,1.65144473104379e-30,1.79698140908433e-14,3
"20004",0.773000980558748,5.26286035134151e-09,0.22699900992039,4.25583616901062e-09,2.16492088393564e-12,1
"20006",0.00518549895569593,1.27673647936042e-06,0.994813224307825,3.5480358862758e-25,1.76487127079431e-22,3
"20008",0.0071516145394674,2.29985069586502e-05,0.992825386953574,1.8199703278204e-23,1.69424400292209e-24,3
"20010",0.925231930211712,0.000271284177504629,0.0744967850633977,5.47385249357319e-10,1.71126450279681e-20,1
"20012",2.12474271605652e-06,5.29791596307928e-08,0.95689601585125,8.80617025518247e-07,0.0431009258098484,3
"20015",0.966914874998632,1.23513979886216e-10,0.0330851248778541,3.80576440368379e-29,8.48947024586346e-35,1
"20017",0.000103117446547255,2.05412305935991e-08,0.0015277307146325,0.998203461169686,0.00016567012790333,4
"20019",0.917543909771021,6.28781435313293e-05,0.0823932120854478,7.89325148582267e-49,4.37781962114993e-45,1
"20022",0.975752951934779,2.4067124757467e-05,0.0242229797235595,1.21690409564663e-09,8.83596658954109e-19,1
"20024",0.00124321479611471,0.460322865751045,0.538433919452841,5.37098637441874e-46,4.38879825464567e-65,3
"20026",0.00124321479611471,0.460322865751045,0.538433919452841,5.37098637441874e-46,4.38879825464567e-65,3
"20028",1.77818481183479e-05,1.19355702039684e-06,0.000976861044316613,0.983397845882014,0.0156063176685311,4
"20030",0.496203713970953,8.09882205403179e-10,0.503796285219165,8.9269437845275e-25,1.95207996582944e-19,3
"20033",0.116189959675214,9.25525343470321e-05,0.009751601590395,0.0527859021877662,0.821179984012278,5
"20035",0.919345530059132,0.000122891402301698,0.0805315785385664,1.20441703545426e-47,1.93470784220246e-49,1
"20037",0.958432113873381,5.55358629329399e-05,0.0415123502636858,1.47607150952103e-41,1.92577978790768e-51,1
"20039",2.87636571683157e-11,0.999999848040143,1.51931093481938e-07,1.06629002689679e-57,5.66896516611077e-93,2
"20041",0.859892746578951,0.00259117109853911,0.137516082308692,1.38174599314998e-11,4.05403771874032e-19,1
"20044",0.244454541518647,0.0557800276360545,0.699765430845297,1.57198733714348e-15,2.30031422438291e-16,3
"20047",0.745733307353392,0.0396296472698034,0.214637045376804,1.68394615165403e-55,7.78935289373797e-39,1
"20050",0.555164519813899,0.387904914105385,0.056930566080716,2.2656875887273e-19,3.3301818592533e-21,1
"20052",0.880723802474328,0.00162277439800253,0.0250090256995858,0.0261115992264189,0.0665327982016648,1
"20054",0.966137583744237,1.06898071478513e-09,0.0338624151867824,7.19910106354033e-17,1.52842193795111e-20,1
"20056",2.86783379115719e-06,3.31350419997294e-07,0.196540236505816,2.48460051125071e-12,0.803456564307488,5
"20058",0.961771692423815,4.96200711366848e-05,0.0381786875050488,5.53526281529316e-26,8.70454923797954e-49,1
"20060",0.0475549465733632,2.98021935518487e-07,0.0360716575105251,0.916373088523909,9.37026754698657e-09,4
"20062",0.885734879941835,3.77664118204929e-06,0.0471447454364476,0.0671165851626136,1.28179219190367e-08,1
"20064",0.985125260191345,1.44443543754075e-06,0.014873173920537,5.16541693338976e-08,6.97985107563056e-08,1
"20066",0.598932625988789,2.12907583707239e-07,0.401067161103627,6.04280410862401e-40,5.19349934770426e-29,1
"20068",0.00305153787056281,4.30693934832729e-08,0.00663174162622448,0.990316677425682,8.13754659949458e-12,4
"20070",0.0156350404884415,0.00552628142155715,0.00681728469322575,0.972021393396776,2.42212328679486e-18,4
"20072",0.398314310773443,4.76321432189476e-06,0.601680926012235,9.56318022866674e-25,2.96112098362722e-46,3
"20074",9.93250557775297e-19,3.0250726179719e-10,0.00893212396822846,1.94772868707879e-14,0.991067875729245,5
"20076",0.000207512893588019,9.88307608272315e-11,0.994848231621666,2.4897688213994e-07,0.00494400640903317,3
"20078",0.977647767360469,0.000185089494242287,0.0221671428137837,3.3116206288625e-10,3.43350913713134e-13,1
"20080",0.982783753417403,0.00011107881885397,0.017105167763743,2.23973667816685e-37,3.30693107264792e-33,1
"20082",5.51521086686222e-06,0.999994400804876,8.39842567456432e-08,2.04882721158715e-36,4.11152549404563e-50,2
"20084",0.849156725640527,0.00720246327320982,0.14364034678025,2.07764419385628e-16,4.64306013010468e-07,1
"20087",0.918924285240715,4.25496896910683e-06,0.0810714587426045,1.04771149683138e-09,5.84435984116093e-27,1
"20090",0.961451367019906,0.00152915322106313,0.0370194797590307,3.74124416136224e-36,6.42886251109819e-34,1
"20092",0.000105544431351324,0.999797270498593,9.71850699858405e-05,7.01486310721009e-14,2.26526869011339e-59,2
"20096",0.0122853398487949,0.98624676011909,0.00146789284236099,7.18975435988524e-09,3.38314939743371e-17,2
"20098",0.0363022724311252,0.000145654602247201,0.00276796929947544,0.570553221293237,0.390230882373915,4
"20101",0.930303731982085,0.00125459116447235,0.0684416768534085,2.29054912945758e-29,3.3940545012759e-14,1
"20104",3.13991370575138e-13,0.999998800674813,1.19932472493664e-06,1.48177697857638e-13,2.0907552137737e-41,2
"20106",0.975462705248401,1.22962804296558e-07,0.0245371717885254,1.30977526017421e-18,2.69761093113579e-13,1
"20108",0.0134139405676579,5.67307205479119e-07,0.00467425120307523,0.981872884351026,3.83565710351747e-05,4
"20110",0.0416909763564215,0.821482355289846,0.136825585451459,4.19234546365216e-10,1.08248303937759e-06,2
"20112",0.968760919771815,0.00208394361188131,0.0291551366163036,5.35549330997758e-17,1.2853468351818e-19,1
"20114",0.934722317341916,0.00031633603999764,0.0649433972186878,1.06720689129721e-12,1.79493983310416e-05,1
"20116",0.859907306959919,3.84936014224867e-08,0.140090612343901,2.6625254696285e-13,2.04220231178436e-06,1
"20118",0.961930179317994,0.000209354793344741,0.00278221630307033,0.0262505141705583,0.00882773541503273,1
"20120",0.926304936165675,0.00127995829539706,0.0724151055388325,1.68393978064664e-20,9.54979060621605e-14,1
"20122",2.35755396660934e-08,1.17509863296831e-09,0.00131984473528131,2.49728457082056e-07,0.998679880785623,5
"20124",0.93330831459997,0.0134175460281775,0.0532741393718525,4.31128924271338e-31,8.8175714209334e-42,1
"20126",6.04866162735557e-10,0.999999878962873,1.20432261334363e-07,1.60722165080153e-52,1.1738083372824e-62,2
"20128",2.27545571278371e-06,0.999782445826452,0.000215278717835581,2.42499653169593e-77,3.03812793743074e-73,2
"20141",3.05702614022684e-07,0.999998494637798,4.23413092367226e-07,7.76246495593961e-07,1.92416022893112e-21,2
"20143",8.61057938408484e-15,1.29782347197041e-06,0.987816327788811,4.86722440860126e-23,0.0121823743877087,3
"20145",0.981357079502815,0.000245362668226931,0.0183975577198016,1.09155202228328e-10,1.8030967243781e-15,1
"20147",0.989309613671294,2.35930086070343e-05,0.010666793309584,1.05023475974282e-11,1.30232747227423e-14,1
"20149",3.71403709252273e-09,1.29728036902565e-06,0.00493826569003485,1.64045904903716e-05,0.995044028725069,5
"20151",0.0108005522177355,6.89861713429538e-07,0.0021314124875156,0.782423877440211,0.204643467992825,4
"20153",0.0102123036254297,0.160896419856434,0.0292377858855601,1.15281510970661e-07,0.799653375351065,5
"20155",0.978132003903479,1.50140585905858e-06,0.0218664946906619,2.27473282856867e-21,4.69783260427433e-24,1
"20157",0.00132219012090378,2.98959399219123e-06,0.0385327304967927,0.112104098389004,0.848037991399307,5
"20160",6.59611504908484e-15,2.53592716769902e-09,0.000101019328670474,1.14004579475678e-13,0.999898978135282,5
"20162",2.29293669738551e-10,7.44744119463488e-09,0.000236666846892075,0.000243088910164052,0.999520236566209,5
"20164",0.000126677758384697,0.000119123568729427,0.183967315745853,1.92896224867315e-07,0.815786690030808,5
"20166",0.000934481443943629,5.8287509937717e-11,0.999065518497769,6.41599349902269e-36,2.06406797421116e-19,3
"20168",6.80039859951088e-15,3.56625362356936e-13,0.999999999999637,1.37250046963299e-31,5.33043251451548e-25,3
"20170",0.00096169737722606,5.006236813531e-05,0.00034384507778228,0.0002151225034545,0.998429272673402,5
"20172",0.991456572154846,0.000240009720333293,0.00830341797489054,1.49929761905996e-10,3.62668100398088e-28,1
"20174",8.41253878387954e-08,6.44043879041101e-09,0.0339262546125666,0.965405342282552,0.000668312539055261,4
"20176",2.8716627252225e-10,2.51810533625512e-08,0.99999997453178,3.04700534008207e-21,2.47543968618032e-25,3
"20178",1.74844643458413e-15,7.29564055180213e-09,0.000147649153335565,4.67783968735397e-15,0.999852343551017,5
"20181",0.367914188435034,1.57059424570878e-09,0.632085809994123,2.16013843246917e-28,2.48198811624629e-13,3
"20183",0.076751366216322,0.000627473277828374,0.00130876577801463,0.92131239472783,4.4200870662016e-15,4
"20186",0.371824685955499,0.0122702770631231,0.533618191832461,0.0822868451489162,5.3851571942187e-40,3
"20188",1.81846516821433e-12,1.16842683208098e-08,0.000634488547125474,1.89384526460012e-11,0.999365499747849,5
"20190",0.979402756579007,3.44016871142604e-08,0.0205972090193055,5.8168375798565e-29,1.10106765206126e-27,1
"20193",2.59759655110938e-13,3.75324978956733e-09,0.999999536967188,3.36894306414963e-31,4.59279301900143e-07,3
"20195",0.0320289900959496,9.49630651441315e-05,0.10723672519072,1.32304335324783e-06,0.860637998604833,5
"20197",0.980625615527278,0.000191178264956914,0.0191832062076667,9.84383854647502e-14,1.24003785436763e-23,1
"20199",1.9686910289844e-06,1.36819097633044e-05,0.00096654769150002,1.02995224570485e-05,0.999007502185251,5
"20205",7.3860583672191e-07,0.999999169839919,9.15542438688741e-08,1.17343664752489e-31,4.17191381731848e-58,2
"20208",0.880244890360083,0.000281097803131291,0.0627376730598015,0.0418622826617729,0.0148740561152118,1
"20210",1.435048420103e-08,4.72753837395462e-08,0.000134921580599837,0.000176129546712383,0.99968888724682,5
"20212",0.00119699162881142,3.47779624230533e-05,0.0133782463179113,0.00717591736072826,0.978214066730126,5
"20216",0.96625970636517,1.640337800306e-08,0.0337402772314503,7.35693286043171e-16,5.95187448798809e-16,1
"20219",0.589703264424521,0.392825772189279,0.0174709633861998,3.20473617535517e-16,4.72864425283217e-19,1
"20223",0.00247111987437875,9.94263484538288e-06,0.997518937490776,1.62030396774195e-48,4.22597733420409e-68,3
"20226",0.877681145777136,2.17812792354127e-05,0.122297056890337,1.55034011307599e-08,5.49890429945303e-10,1
"20230",0.983050166558218,9.11010676917219e-06,0.0169407233350133,2.8205406334051e-34,6.04874537874171e-36,1
"20233",5.54288714846881e-16,0.999999999357106,6.42893110013872e-10,1.95093624150124e-24,9.19371261961826e-42,2
"20235",0.0613364295138072,0.564428094214272,0.37423547627192,1.74608203802007e-32,1.30077951995611e-57,2
"20239",0.343310273553367,1.70932244080543e-07,0.656689555514093,2.9591250438872e-13,1.1843911869234e-31,3
"20254",2.36100556616215e-05,0.999975712885958,6.77058380909273e-07,6.7725812011449e-46,1.01001643634082e-52,2
"20256",0.991905106126783,0.000250469979543761,0.00784442389367306,6.31736010927273e-21,3.81354862294121e-39,1
"20262",0.000188085536724368,1.94896066608216e-07,0.000216326598800391,0.0127430807836766,0.986852312184732,5
"20270",0.0152703651428469,2.25486369752751e-10,0.984729634631667,2.08906363592609e-20,6.870090101207e-18,3
"20284",0.0621805522311486,0.902182466596572,0.0356308871984989,6.09397378009634e-06,4.17329888005504e-23,2
"20287",0.859470708743984,6.26045394464866e-07,0.140528665210622,1.97873433023151e-45,2.32328826877248e-53,1
"20290",8.45007785532787e-05,0.999843356654438,7.21425670091704e-05,1.9621188064432e-23,1.36291980422918e-26,2
"20293",0.996498894941514,0.00154863130715024,0.00195234265768437,1.31093649782308e-07,1.92298216476706e-15,1
"20296",0.0263992013798696,2.24604418493132e-12,0.556609702466597,0.00885869506841537,0.408132401082872,3
"20301",0.0122956334580825,8.10266070815259e-06,0.987696263881209,1.34483004970097e-64,1.06687822415155e-33,3
"20304",9.33136584088078e-06,0.999990662912559,5.72160059116209e-09,3.6266016357687e-32,1.0751838248644e-49,2
"20306",0.967981435122582,0.00194283299452665,0.0300757318828916,3.4171021908844e-31,3.79802579444397e-46,1
"20309",0.994707123957602,0.00244312566118371,0.00284974968762664,6.9358730037195e-10,3.16889258559891e-16,1
"20311",0.840826163145817,5.04338092052481e-06,0.159168793473233,2.23551148310673e-17,2.95768627956442e-14,1
"20314",0.137800410901649,5.93185397380605e-05,0.00211526738947039,0.543585284329753,0.31643971883939,4
"20318",3.73144417126476e-11,4.20579709444583e-09,0.997615841158869,5.47876563910003e-23,0.0023841545980195,3
"20320",0.0202002311298717,0.00623831966676014,0.97355748948987,3.95971349542375e-06,2.73566507532841e-15,3
"20326",0.397958856917691,0.00279925189869702,0.00268742851866074,0.569684308343865,0.0268701543210862,4
"20328",0.463696954427078,0.0295333302718499,0.502582714535855,0.0041870007652168,2.75725795394311e-29,3
"20330",0.667171084130908,4.45956851963775e-05,0.332784320183896,1.90846688933812e-22,3.28099716866007e-31,1
"20336",0.00468970577276949,0.995305755364655,4.53811866312881e-06,7.43912226623329e-10,1.23548755599414e-35,2
"20338",0.00810393243536912,0.99188536290854,1.07046560907631e-05,1.02431750444777e-21,5.14996146142568e-23,2
"20340",0.751298790383207,0.000144236809986366,0.248556972806806,8.50052490369322e-35,4.76606542113976e-42,1
"20342",6.56610075189807e-17,0.998986942546068,0.00101305745393162,3.97634278142736e-50,2.93344354551503e-43,2
"20344",0.985793415976906,0.000495787052797054,0.0137107969702973,8.28015244249067e-17,9.2480852435595e-32,1
"20349",0.98877740900821,2.25186220533455e-05,0.0112000723697361,2.44438996942585e-24,2.11319891461862e-40,1
"20351",0.993691746428315,0.000808923216686647,0.00549933023902461,1.15972017176363e-10,2.12112637923913e-15,1
"20353",0.892006028563434,0.0322627951606545,0.0757311762759111,1.15384726070804e-29,4.17435396910599e-36,1
"20357",8.30996824395373e-06,0.999974351098016,1.73389337404079e-05,9.38574272302375e-36,2.83693815357486e-67,2
"20360",4.46606216485991e-09,0.905589812145499,0.0944101833884387,4.65259759425459e-40,3.5183437379319e-55,2
"20364",0.984635226733387,6.13289423830069e-05,0.015303444261837,6.23933349136594e-11,1.10681914290208e-18,1
"20366",1.39697458927461e-05,0.9999859081112,1.22142905633975e-07,1.52951227558747e-15,2.75184715931852e-39,2
"20381",7.22727482086363e-14,0.000183009444281495,0.999816989467776,4.95521487979763e-10,5.92348578683705e-10,3
"20391",0.00153294586826912,0.00221122022042858,0.996255833909875,1.42672826234317e-12,2.11612380040845e-56,3
"20394",0.0475061963594455,7.16325504598425e-07,0.0718418360944775,0.880651249159471,2.06110102659241e-09,4
"20396",2.62617749089254e-09,2.78848217025076e-08,0.930738769572445,0.0625708558129299,0.00669034410362629,3
"20409",0.720345081222367,6.54623435324605e-05,0.279554597610437,1.22265299119416e-08,3.48465971343191e-05,1
"20411",0.700529743578128,0.296510549389359,0.00295970703251281,4.75326269815704e-21,9.91225124275842e-46,1
"20416",5.41238156993835e-06,0.999978917496067,1.56701223629565e-05,1.66491397715661e-64,7.26668326605444e-88,2
"20418",1.00851156823489e-10,1.82851337255914e-08,0.817326939449575,0.0110056235194656,0.171667418644975,3
"20420",3.05820022620704e-11,0.999999997613357,2.35606145095645e-09,5.7181011466554e-17,2.94796060384058e-35,2
"20422",0.915223779834946,2.21036377006248e-09,0.08477621795469,6.45161694484939e-28,5.73122957561842e-23,1
"20424",0.97219454215227,0.01253015949467,0.0152752983530599,3.52615524964215e-21,1.93034769354996e-41,1
"20426",8.42388942313884e-17,0.999999993080287,6.91971251723097e-09,9.27495527047631e-47,3.0679572135176e-35,2
"20428",0.957355406704761,9.18826177323224e-08,0.0426444878458017,1.35668199568699e-08,4.93717107399462e-20,1
"20431",0.750695990953472,0.0285182033569786,0.220736535236884,1.11613319024683e-09,4.92693365324216e-05,1
"20433",0.0272559233899564,1.05287556719641e-07,0.972743971322487,1.07110184796512e-47,1.97253159347902e-48,3
"20436",1.97080266506926e-08,1.44374355683244e-08,0.999999965854538,3.19830121697229e-30,1.45146441296002e-28,3
"20439",3.16537485848365e-08,4.73283307059912e-09,0.0713443098406726,0.928629596234795,2.60575379509049e-05,4
"20441",0.000139542404033102,0.999854784113534,5.67348243285429e-06,2.05065362623191e-29,4.50409833498777e-40,2
"20444",1.60116579183265e-13,5.29936857192179e-09,0.000374689029531576,2.69255697664363e-08,0.99962527874537,5
"20448",0.0100324657548572,0.969246685865497,0.0207198485767361,8.73678410448086e-07,1.26124499338136e-07,2
"20536",0.000303993957516776,3.89796853075594e-08,0.282288377218622,0.717407589844176,2.08948920246857e-17,4
"20538",0.00137238695504453,0.99862632597589,1.28706899479538e-06,7.11910331437918e-14,2.87739625341285e-41,2
"20541",0.94258404390243,0.0177376048882073,0.0396783512093631,4.83866526698808e-36,3.54746511550166e-42,1
"20544",0.995012624279605,0.000407526022020475,0.00439848941495754,0.000181360278619567,4.7970135510176e-12,1
"20546",0.97845262051019,0.000311283932118021,0.0212360955576889,2.55959615669407e-15,4.67995432562766e-36,1
"20550",0.44350024611031,1.44638900885836e-05,0.556485289999599,2.98147014542007e-15,1.75512351679135e-16,3
"20553",3.76469875168242e-12,0.999904086953907,9.59130423286985e-05,8.45523691879132e-102,1.35042692280017e-66,2
"20555",1.52236574153626e-12,0.999999978602026,2.13964511668403e-08,2.62020574854305e-22,1.70188391619885e-55,2
"20557",0.931690451333649,0.0552696415832547,0.013039907080675,2.41073856285193e-12,1.07605471011823e-14,1
"20559",0.982006636518307,8.98194060144654e-07,0.0179924652876306,2.3329212877808e-15,2.70114710420046e-17,1
"20561",0.0056899457412983,1.38455316739865e-05,0.00209833357030121,0.00018330753304128,0.992014567623685,5
"20564",1.74844643458413e-15,7.29564055180213e-09,0.000147649153335565,4.67783968735397e-15,0.999852343551017,5
"20566",0.987062588420048,4.8209387366109e-10,0.012937396932414,1.41650975040891e-08,3.46815747814332e-13,1
"20569",1.10765105707376e-05,2.69509749107754e-08,0.00550616510344738,0.0208882375815383,0.973594493853469,5
"20572",1.37220394863279e-07,1.92461417444171e-09,0.166156727224204,4.79678232857344e-07,0.833842653952554,5
"20574",0.978666818630951,0.00133066174548204,0.0200025196235673,7.1734118242107e-22,3.44387619717949e-19,1
"20576",1.81173988802619e-10,3.40406435383265e-08,0.000355394678139764,1.01845783120797e-12,0.999644571099024,5
"20578",0.987828078931632,6.69571490926859e-06,0.0121598491965665,5.13622057381924e-06,2.39936318683089e-07,1
"20580",0.97199581928652,6.04243662395632e-08,0.0279797525181593,2.43677695427617e-05,1.41153567037043e-12,1
"20583",8.11392579770772e-12,9.94205111639452e-09,0.000130996427401769,3.13946586224357e-12,0.999868993619294,5
"20586",0.980056438229209,1.50084154699481e-05,0.0199274135679503,1.13978737057745e-06,1.28565428272952e-24,1
"20589",0.981288228960046,2.66029516167434e-05,0.0186851680883374,3.27733649774271e-24,2.77586944956694e-43,1
"20591",0.0143821574069918,0.982552840503121,0.00306497936196431,2.27279225525639e-08,5.78896678070866e-30,2
"20593",0.858019457528787,2.79965396802706e-06,0.141977742817245,3.73394016078827e-54,2.18671447707532e-41,1
"20595",0.997462894959309,0.000210291992726491,0.00232681304769655,2.64330738233359e-13,3.28879257783004e-15,1
"20597",8.61048507355147e-13,6.15115029923099e-09,0.999693486698052,0.000306507149936924,4.64682562457219e-23,3
"20599",1.41276730345651e-14,1.61627616558238e-09,0.000338240056987434,1.16594716692155e-15,0.999661758326721,5
"20601",0.0802004600027005,1.29569674472201e-05,0.00216397653223118,0.917622546306572,6.01910488916617e-08,4
"20604",0.980562128650753,1.27977866489041e-06,0.0194365915705817,2.20977306403497e-34,4.4964783929069e-26,1
"20606",0.977315477958864,9.27111003372496e-08,0.0226844293300357,1.11187857379059e-28,2.28745503640617e-31,1
"20608",0.989386038149969,1.91227345133857e-08,0.0106139427272969,1.72856150676707e-20,3.75806304698484e-25,1
"20610",2.15905904132452e-07,4.58888842772015e-06,0.00297420820933472,1.42859361140806e-11,0.997020986982047,5
"20612",2.95605236832024e-14,0.0525983468755126,0.947401653124458,9.0038068840868e-40,5.21556965702644e-51,3
"20614",3.76014730390067e-08,1.43992673704265e-07,0.000350575205175002,9.64391278125993e-05,0.999552804072866,5
"20616",0.176286469046236,3.06702794379404e-06,0.817894763274837,0.00581569944129437,1.20968849811798e-09,3
"20618",6.4930054929666e-06,0.999991983607407,1.52338710004438e-06,7.12252379727447e-20,2.87359865382164e-29,2
"20620",0.09433729031404,3.70802450451646e-07,0.90566233888351,5.89048453552988e-28,2.8692246889549e-21,3
"20622",4.91296084642484e-08,7.58999975798119e-08,0.00304191362457693,3.57895613215398e-11,0.996957961310027,5
"20624",0.508739424117812,0.490852183019632,0.000408392862556214,1.70032147100869e-22,3.23712387309779e-42,1
"20626",0.047832156392871,2.63863276803694e-09,0.952167840968494,7.26069235349651e-16,1.6322089149595e-15,3
"20628",0.0388130163653225,4.60951086227616e-05,0.961140888526035,1.97103507426542e-14,7.42175234075631e-26,3
"20630",0.953107172019122,1.36422729675341e-07,0.0468926915339352,5.0079268847853e-17,2.4213177971552e-11,1
"20632",1.92237476689326e-12,4.7252472460673e-10,0.00175307905816035,5.08356639179084e-06,0.998241836901001,5
"20634",0.983779083001226,5.05745815024783e-07,0.0162204112529588,3.15992038115504e-27,4.18717043062174e-31,1
"20637",0.000496460270719622,0.999190076641434,0.000313463087846385,2.43760028591127e-37,8.92894341899063e-29,2
"20639",1.01556610794826e-05,1.07756011575329e-05,0.00270514342436258,4.62512953700758e-07,0.997273462800447,5
"20644",1.4450513316487e-11,0.98893926479894,0.0110607351866098,6.16839026525998e-91,5.53879221887507e-82,2
"20646",2.15207722494718e-06,0.000928534288626993,0.999069313634148,5.75070160413236e-46,2.55601870388571e-42,3
"20648",0.0151223948097599,0.000125904577291404,0.000920519209949911,0.535356091870095,0.448475089532904,4
"20650",0.0531960399092596,0.92472573769911,0.0220782223916299,2.50652830449105e-33,1.86718610284293e-49,2
"20653",0.00561953300724686,8.17010157075154e-05,0.993876249219949,0.000422516754380852,2.71556492836487e-12,3
"20658",0.914596361311348,1.21062355911418e-08,0.0854036265824167,8.65504336146841e-25,7.64804013834094e-42,1
"20661",4.3875786114325e-07,0.999999428769585,1.32472553504705e-07,6.25507252273438e-24,1.45918165622741e-57,2
"20663",0.987205641283646,0.000192852324376214,0.00484222649634059,0.00775927989563686,2.63967950173826e-18,1
"20665",5.68177562927568e-14,1.50160668354839e-11,0.00202934239779453,2.72021660466826e-15,0.99797065758713,5
"20667",0.0236262737512465,0.000173199731135298,0.976200513402199,1.31154189191736e-08,3.90822838008843e-17,3
"20669",1.02241783276933e-09,1.1638536051076e-05,0.934810733785136,0.0651776266563948,6.85345529256625e-20,3
"20671",0.302754334719298,0.696202214507707,0.0010434507729956,1.7127373469929e-19,5.0134257895688e-19,2
"20673",1.35568362832904e-13,2.49100587766095e-09,0.999355680509675,0.000644316999182639,6.71916561269478e-16,3
"20675",0.0114152516602086,1.25141757989974e-07,0.754545275927867,0.234039347270166,1.50868666197154e-22,3
"20677",0.941646100889344,1.4958822801012e-07,0.0571536628798026,0.00120008664262541,6.41272516955836e-22,1
"20679",1.23389817401933e-10,4.43470006349127e-06,0.869238354918797,0.130757202140818,8.11693165801726e-09,3
"20681",2.88727218325815e-05,5.45626388250159e-07,0.00346548514523881,0.99650509650654,2.37766595808441e-20,4
"20683",0.793479754829732,2.45735616176051e-07,0.206511988154087,8.01128056492993e-06,3.89303507511494e-20,1
"20685",2.94559324181604e-11,0.999999951348949,4.86215947800368e-08,1.02750156701476e-16,1.61123346349526e-37,2
"20687",1.09352185844513e-05,1.72270926444804e-06,0.000585146660621748,0.925061857726394,0.0743403376851355,4
"20689",8.6718042737659e-12,0.999998804587308,1.19540402035141e-06,3.36381622800489e-69,5.46800687052272e-91,2
"20691",1.16220995178489e-11,4.85646901283645e-08,0.00028101428095525,1.22513155744735e-07,0.999718814629577,5
"20693",0.933466961779666,0.000267588723521482,0.0662654494968129,5.87156723688585e-30,1.90911828979751e-46,1
"20695",0.044271040896775,0.000570119129319355,0.00976869331160058,0.912905583925169,0.032484562737136,4
"20697",0.964695869970013,3.14490431016522e-06,0.0353009851256743,9.08955921869838e-24,2.19504699057267e-15,1
"20699",0.945392342040115,1.7732807569473e-08,0.0531527105330918,0.00145492969398535,2.90094798941823e-16,1
"20701",0.961183257150413,1.84078008237586e-05,0.0387983334800907,1.56867210401497e-09,2.540842432815e-32,1
"20703",5.65490930072084e-18,0.00373613402663578,0.996263865973364,1.36122429928037e-17,9.51972360587758e-34,3
"20705",0.901656384147495,1.0896532644809e-05,0.0983327193198596,1.14552684436566e-18,2.24750088302373e-31,1
"20707",0.07533048806527,8.32109779808897e-05,0.00560628539311513,0.918980015430244,1.33390534712879e-10,4
"20709",0.0379309369425589,5.93311589533164e-07,0.960935550165732,7.76241581708573e-09,0.00113291181770346,3
"20713",4.8998683145242e-05,0.998727250307829,0.000425749562284418,0.000798001446716209,2.53097875704317e-14,2
"20715",1.33097190499129e-07,0.0415690454728719,0.958430821429938,3.22138914254415e-76,5.62604271183496e-28,3
"20717",0.0047953399043322,0.000190968686799433,0.00521137731091298,0.98978316839559,1.91457023659895e-05,4
"20720",0.978169208364365,0.000259737723593879,0.0215710539120274,1.3187584943926e-14,1.95812699555644e-18,1
"20722",0.95892322421501,8.49387048729266e-08,0.0410766899664584,8.79826929630584e-10,3.20966309279697e-17,1
"20724",0.000278433872283458,1.97929228031753e-07,0.000258479933902884,0.998129375273445,0.00133351299114066,4
"20726",0.909976605774794,0.000136563017372688,0.0898868312078332,7.91019924877674e-30,2.49927650924264e-43,1
"20728",1.39942841361523e-05,2.39477690565982e-07,0.000819253807460287,0.999166512430692,2.0754845430112e-14,4
"20730",0.0166346421096126,1.00205049980895e-05,0.000538571594105993,0.974683524606483,0.00813324118480075,4
"20732",0.00242667617277146,0.000273843194812764,0.997299480632416,1.24103158288929e-25,7.62548447435837e-37,3
"20734",0.955656166008335,4.10733410602277e-06,0.0423015577221541,0.00203816893537181,3.29353587405695e-14,1
"20736",6.21963912579975e-06,2.14251949845143e-08,0.00093829483080817,0.000469008625566625,0.998586455479304,5
"20738",4.11796088613148e-12,3.16520554771287e-09,0.999999996830677,6.16867267005366e-46,8.38750979402801e-30,3
"20740",0.00997661268340414,0.987792463484057,0.00223092383248963,4.96148037898186e-14,3.20949527998489e-63,2
"20742",0.00154026947340435,0.0827487368728211,4.86162117437087e-05,0.915662377442031,1.38563770901524e-17,4
"20744",2.7378074747326e-10,9.56388765316215e-11,0.00827127780775899,0.00030494960560865,0.991423772217213,5
"20746",0.624739060293773,6.79509888483725e-06,0.00674384726341691,0.368510297343709,2.16653706243031e-13,1
"20748",0.000142524588159879,2.40976948960243e-05,0.00013927921632651,0.979242981087079,0.0204511174135384,4
"20750",0.0044811934870945,5.84421316280675e-09,0.00652777565746664,0.412253713950028,0.576737311061198,5
"20752",0.982643625302429,2.64709861960551e-05,0.0173294538407524,4.49870622132545e-07,3.07404157570463e-25,1
"20754",2.55066466952392e-12,1.35399847242817e-09,0.99996550497366,3.44936697906443e-05,6.92471563049626e-17,3
"20756",0.882209476089306,6.18690508978075e-06,0.0324433147667985,0.0169347919952745,0.0684062302435312,1
"20758",1.04755749071269e-07,3.48949418931325e-12,0.999999895235183,5.21571417947893e-16,5.57799488078617e-12,3
"20760",1.59674850642008e-05,1.97570596232517e-08,0.00188449037829652,0.981409531319739,0.0166899910598405,4
"20762",8.42545396440736e-12,9.04272148678467e-08,0.99984537190527,0.000154537659090077,2.24251106369707e-21,3
"20764",3.02619743223218e-06,0.00067114273965061,0.00745034099590117,0.503351804126457,0.488523685940559,4
"20766",0.000159849053130861,1.27977448343873e-06,0.000949365379686639,0.788986930631008,0.209902575161691,4
"20768",0.00192484323484749,2.00049455456379e-06,0.00037312124778938,0.00682148079769936,0.990878554225109,5
"20770",0.00385230590414027,6.49017500832977e-07,0.995397412874009,0.00074963220435032,2.58436234970086e-21,3
"20772",0.97994387448509,8.34633712672322e-09,0.0200561171685724,4.09883062004137e-29,1.75201873993081e-26,1
"20774",0.00281775134330316,0.000196941016663385,0.996985307640033,3.96877626852908e-66,5.66015761823876e-69,3
"20776",0.535110173964029,0.00755385376928218,0.0755908601350828,0.381745112131606,3.44949092645261e-25,1
"20778",7.20990576638886e-06,0.993331023883244,0.00666176621098919,1.97984151420447e-79,2.70447624514623e-59,2
"20780",3.57601819098622e-17,4.17831996118087e-10,0.999999999582168,1.65050573785789e-17,3.8432889973424e-17,3
"20782",7.58333132532555e-14,4.72509556452863e-07,0.999970086517625,2.94409727409473e-05,2.2152512710714e-15,3
"20784",1.95908769983112e-10,2.52465451959271e-07,0.999919039957073,8.07073815660026e-05,5.03345978409209e-20,3
"20786",1.1041301205411e-15,4.53360025256552e-10,0.0838886580371553,1.6825490167896e-12,0.916111341507801,5
"20788",0.10344592971113,0.000265815250422707,0.00123478704306605,0.89505346793726,5.81216927211251e-11,4
"20790",6.63512806463604e-06,1.83538065412409e-08,0.0558481308378263,0.944108797789104,3.64178911982799e-05,4
"20792",0.739117781511614,0.00141871073470234,0.2593517684663,3.7516602200347e-06,0.000107987627163618,1
"20794",2.95792019262249e-07,1.41411116877071e-09,0.0606990344408515,0.938799829317159,0.00050083903585936,4
"20796",0.984580087875782,0.000177810031194947,0.0152421020930227,1.02100479682751e-23,2.12984594734845e-36,1
"20798",1.74844643458413e-15,7.29564055180213e-09,0.000147649153335565,4.67783968735397e-15,0.999852343551017,5
"20801",5.79818159835407e-09,5.17491055188101e-08,0.999983098152666,3.85309867933892e-21,1.68443000469073e-05,3
"20803",0.850657174987991,0.00809493535249239,0.0487611639468892,0.0924867257126231,4.01535437913325e-15,1
"20805",0.973617888367661,1.80755455763148e-06,0.024651900310079,0.00172840376770228,1.46533565537847e-18,1
"20807",1.74844643458413e-15,7.29564055180213e-09,0.000147649153335565,4.67783968735397e-15,0.999852343551017,5
"20809",0.0587802502592454,0.413337234007146,0.154878624282964,0.373003891450645,5.29507359112755e-18,2
"20811",4.58610462086243e-06,1.10343160789963e-05,0.999984357850435,4.64302181842064e-20,2.17288652318378e-08,3
"20813",0.0627055652186609,8.31742741792076e-05,0.93721039723356,3.22524651510106e-09,8.60048353597074e-07,3
"20815",1.81180187291838e-20,4.64394502462098e-10,0.919089095586312,8.30238153657077e-17,0.0809109039492937,3
"20817",0.000923683547944057,3.58837212782691e-06,0.000122918606595914,0.998938809035645,1.10004376874886e-05,4
"20819",0.949669903535815,0.000555532393334412,0.0427582832817832,0.00701628078906759,2.89899611935731e-23,1
"20821",5.24046027931249e-12,1.75979898072815e-12,0.999999999993,7.30700863510181e-47,1.41217193506175e-31,3
"20823",0.993259315501085,0.000208390686848435,0.00233193322936765,0.00420035760077619,2.98192236761389e-09,1
"20825",0.000126164520467694,1.25308707894036e-07,0.000938223711165635,0.998934894974244,5.91485414815144e-07,4
"20827",0.00133146589645195,0.000430555960267465,0.470120535097203,3.54013836141134e-06,0.528113902907716,5
