"","V1","V2","V3","V4","V5","V6","V7","V8","V9","best$classification"
"19812",0.000523362825263094,0.990475904199259,4.06514050122398e-05,0.00867020694393761,0.000192394472466348,6.88777892569601e-05,1.6915636343662e-20,2.86023648050329e-05,4.99635058173708e-24,2
"19814",2.02896803757149e-09,0.0390253945978809,8.24808210139157e-05,9.28226041367001e-05,1.26074620062111e-06,0.01136791652935,0.949426356956103,7.12516667896913e-10,3.76500383021985e-06,7
"19816",0.846223397234065,0.127238008040101,0.000145114796349264,0.000160745867938331,0.0262325831949917,9.11660382821318e-30,2.53737043133558e-41,1.50866554730848e-07,5.03233064530764e-22,1
"19818",2.11094884303678e-05,0.993160023078202,0.00637525410267335,7.61457853879999e-06,0.000432960193135353,2.58041336927169e-08,2.32930439574185e-06,4.87724987869793e-07,1.95725503466344e-07,2
"19820",0.953099482283554,5.10699325790558e-07,0.000443253724863735,0.00166102529522642,0.04479572799703,8.13062719393722e-166,7.41373589262219e-163,1.4161690853313e-31,2.11771212513404e-54,1
"19822",5.43185065896174e-05,4.60819860384021e-13,0.80497782414501,0.000910673370755633,0.194057183977184,3.80806765341444e-201,3.17416624635155e-211,1.86085780687388e-29,1.04991503060271e-43,3
"19824",0.000170990248999279,6.60488004736627e-07,0.0222105436135406,2.77141659566541e-09,0.977617802878038,2.89981103826913e-72,1.89997647853289e-103,6.15477819961153e-16,4.25924858745108e-17,5
"19826",6.92633549057258e-08,0.86984634176526,8.32202430120379e-08,0.0186292297744461,0.0796564724582641,0.00276739357052605,4.3915593477385e-22,0.0291004099479012,4.78534030493546e-15,2
"19828",0.975914570063696,0.00307352591796646,0.0145120240633363,0.000115412475765969,0.00638446747923517,3.99826661138441e-75,1.74867046834473e-65,2.93984572447333e-23,1.32807729442952e-30,1
"19830",1.05806879687825e-19,0.500378698802813,0.0152119993563064,0.478168521418005,7.19279854501414e-09,0.00018429321058067,5.04115453757762e-21,0.00605648001949657,1.33092042155304e-17,2
"19832",4.24078967262243e-05,0.0332188031504603,0.00145188192580594,0.965284375483103,2.5315439044393e-06,2.53366623107826e-22,1.13650970539781e-52,8.43415963298846e-26,2.67142954033261e-51,4
"19834",0.0636390784408458,0.798956339662825,0.0555876066876547,0.0800796675624136,0.0017373076462504,1.71240422307717e-46,1.01894657626938e-45,1.04498629602926e-14,6.25437525979861e-21,2
"19836",1.64716007644698e-05,0.956526955256753,4.44565338745421e-05,0.00100309010730924,0.0122310231401651,2.5059110629531e-20,8.21716765737103e-45,0.0301780033611343,1.20430044175514e-36,2
"19838",3.2916150489439e-18,0.0120324288084175,0.000172044924767417,0.000144626256047648,4.81503511017831e-11,0.987650128796949,7.61767186672328e-07,9.39762856122136e-09,8.53332406007238e-13,6
"19840",0.00301048660584687,0.844039716095639,4.9352501113602e-05,0.121807769913311,0.0310612576006146,3.12246396657081e-29,5.49830657936355e-42,3.14172834744686e-05,2.76242305324237e-29,2
"19842",3.88683275892236e-41,4.71775337393132e-08,0.00113373064331084,4.39424596522493e-06,5.83218021403249e-09,0.000447794126139038,5.7693119995314e-34,0.998414027974871,2.26528790059178e-25,8
"19844",7.59560571987735e-35,9.08256119763233e-25,0.0133133483909511,9.70703213734433e-14,2.58126001614363e-05,6.78463827950226e-80,7.39299835227902e-58,1.25526123319762e-11,0.986660838996238,9
"19846",5.33001158626622e-30,1.45779682865948e-05,7.15513526719725e-05,5.77796249535061e-10,3.70760707532345e-07,0.0962057606319066,0.896189623715291,0.00725918553207761,0.0002589294612623,7
"19848",1.44648934727211e-25,0.000151689892990918,2.13885763821837e-05,1.06414027032165e-07,1.40540894650675e-07,0.000116650362186973,0.983581043684904,1.29082322412976e-05,0.0161160722963728,7
"19850",2.22089533036734e-19,0.00205758455701546,0.000156437365478247,0.000126440590977349,0.000169516620797235,0.0124551499932973,0.984890600596223,2.22391569721706e-07,0.000144047884642312,7
"19852",0.0636973900395486,0.928534669605841,2.63144228345383e-05,0.000873222614176475,0.00686838899415209,1.02887874127069e-12,2.59132614386771e-18,1.40996067736405e-08,2.22812084743393e-10,2
"19854",5.83261313356755e-25,4.30689496429633e-05,4.96802045898808e-06,2.21671931278358e-07,8.38169294725856e-11,6.71479230675662e-07,0.99988840403003,3.60514357696106e-08,6.26297134533821e-05,7
"19856",1.46087217726197e-24,3.85436372704512e-09,0.0790522508817567,9.32629478868408e-08,0.919725272825361,3.58791544164412e-27,5.71160945945945e-53,2.47253915408711e-09,0.00122237670303118,5
"19858",1.55199276041742e-13,6.29937624702807e-11,0.00712589188653535,1.15944238728421e-07,0.990541331920511,1.51043189971791e-68,9.91451282625474e-63,2.62677320189382e-15,0.00233266018556323,5
"19860",0.0234146202266838,0.960118214873583,8.44874763934618e-06,0.0114664069315874,0.00499190721991092,1.8323255611946e-07,3.09409397620065e-15,2.18768036808055e-07,1.23729334462289e-17,2
"19862",1.61229284549581e-32,3.17285074891695e-05,0.000171004750761353,8.58340806941847e-08,2.6267728576674e-09,0.9276383288147,5.60875739873076e-14,0.0721588494661244,1.57812086575029e-14,6
"19864",1.87171725406187e-43,2.86489422046185e-24,0.126030640001457,8.11392694546945e-14,8.73807996121504e-08,1.13380881218882e-113,4.63637140762654e-126,0.873969272617662,1.88636605988446e-47,8
"19866",3.71391746171409e-05,0.0276354044191851,0.00156464307102177,0.00145924843555271,0.968789368868312,4.06135933584953e-60,4.16796461716169e-99,0.00051419603131137,6.87624133786976e-34,5
"19868",5.71272166811257e-44,4.99580124483719e-28,0.999444188808757,0.000555811191243354,1.97336738955087e-33,1.39098147580944e-116,6.29909783932376e-124,3.29530239233881e-42,3.75235362974524e-59,3
"19870",7.2584692786712e-16,0.529972535599692,0.0245268015497356,7.77786239612836e-06,9.28814387662924e-07,0.332380548855672,0.00267784784524113,0.110433559411888,6.0986772646e-11,2
"19873",2.3609753586381e-08,0.971171068376315,0.0232680737345121,5.74506067773549e-05,0.00263603565879485,2.03936540367112e-05,6.27713092321504e-12,0.0028469543535094,2.43793594561377e-14,2
"19875",0.890805690456556,0.0866176777272149,1.17350662747054e-05,0.0127689843551844,0.00979591239477028,1.97509804819495e-37,2.0447501366711e-55,3.91470345718865e-21,2.05816800434308e-41,1
"19877",1.66295202401532e-07,0.985453940916546,8.46106086181678e-05,0.00440839077003716,0.000376426680188463,0.00103344121185091,0.000258505486038272,0.00838258687562063,1.93115589782895e-06,2
"19879",0.000230985502674572,0.980834812073188,0.0111321884719049,0.000214213048614667,0.00758320605763394,4.07238053486289e-24,5.99357933993664e-31,4.5809190759104e-06,1.39269085452321e-08,2
"19881",1.73207605784195e-11,0.187064425703389,0.000553241376501581,1.70119099858302e-05,0.781127052089356,5.32594132962039e-09,4.7404249001978e-21,0.0312382631471513,4.30354259712176e-10,5
"19883",1.31141084730729e-14,0.0255863806554473,0.00493733388042183,4.33019801713643e-07,0.0471199254520862,4.36778573823084e-05,1.81415909328834e-21,0.922312249134847,2.96594786482977e-17,8
"19899",1.24670737480108e-07,0.986771973348046,4.44562791305494e-08,0.0132249396996632,1.49736750795267e-06,1.54734859047639e-32,4.16442427446724e-46,1.42045776596347e-06,1.08942175851067e-29,2
"19908",4.28900424672822e-34,1.27442300177356e-14,0.95625142986241,0.043748486692854,4.28038705277138e-08,3.74809442923389e-106,5.87673082961891e-161,4.06408530616341e-08,1.16135636231452e-38,3
"19910",0.0106036447650102,0.979153083519099,0.000228003021088859,0.000118485957863005,0.00986238000987456,6.23028658388335e-09,7.17067191090694e-19,3.43963632194399e-05,1.33558278443365e-10,2
"19912",9.08737496450818e-38,3.68653527041364e-06,0.00341911712375037,2.28853871199768e-06,1.32577683772462e-07,0.00111685224523329,5.70962708885461e-22,0.995457922979345,5.47009253027063e-15,8
"19914",0.000292738955795249,0.954935706670794,4.32807757836344e-05,0.0124069148144049,0.0323204441591122,2.55513184777074e-19,9.46539338742241e-36,9.13921779604181e-07,7.02330499116534e-10,2
"19916",3.0855059469737e-14,5.07742003073582e-13,0.000659598192558095,4.14516041430468e-06,0.999336219655726,1.32697112201764e-111,9.95981580084616e-147,3.69907629876605e-08,9.26155989213542e-28,5
"19918",9.92452871240814e-15,0.117421916393939,0.00450564142606779,1.69474335458366e-07,0.0619657980840698,0.343372846216051,0.0735683918378986,0.285780285475185,0.113384951092443,6
"19920",1.88040263213653e-23,9.90054990722261e-05,0.000165311638494155,3.76052201636104e-06,1.08874504030784e-05,1.25830963508156e-05,1.3830449530118e-06,6.47660612261066e-05,0.999642302687484,9
"19922",3.03646901035636e-10,2.22754826120426e-07,0.947552788892818,0.0524469880487083,3.27326281433034e-16,5.80607592902766e-24,9.45175689997442e-46,1.66607720851419e-30,1.54609478150663e-55,3
"19924",5.83007659474859e-07,0.979565300331754,0.00179228629169226,0.000347080770205573,0.00767617382837032,8.83820005562303e-08,1.66515743526927e-10,0.000908584870167545,0.00970990235163465,2
"19926",5.82215857759925e-06,0.965991132671098,2.64394002287111e-06,0.0319680135491965,0.00198628722293971,1.83064864017671e-38,1.54545375499558e-75,4.61004581649656e-05,1.58308161626671e-38,2
"19928",3.06702827480954e-71,2.59007762775552e-36,0.0146290220907066,1.78751569955958e-14,4.76487228738266e-11,4.72562374930671e-93,9.43038577836559e-125,0.985370977861627,1.77893633653333e-44,8
"19930",1.74190897802684e-10,0.0504019565766438,5.93066480151948e-05,3.66196723585563e-05,2.92681808576521e-07,0.949474831147671,1.80654549024647e-05,8.92764440147538e-06,7.86277142406179e-15,6
"19932",2.38527332012636e-18,0.00948075507388431,3.34727560923207e-05,2.31641848499313e-05,1.92735793793381e-09,0.988915439265086,0.0015461663089583,9.92574036601708e-07,7.90973433734974e-09,6
"19934",0.320925319260226,0.297482375297701,0.0169669419007451,0.0031908653723416,0.361434498168985,6.20992590017212e-40,5.98140213718127e-47,3.6991274949348e-17,9.59221833274224e-16,5
"19936",9.19648889163407e-07,0.987843590481933,1.2170846171009e-07,0.0121453554219068,9.71958382412976e-06,1.26400870954245e-07,4.56188282208789e-17,1.66754113336038e-07,9.04681540062606e-16,2
"19938",0.000598173632742299,0.000602425280847621,0.00102977756420513,0.00917207411778352,0.988597549404421,7.84997759996607e-103,1.17509565451025e-155,6.5138183654054e-16,1.03165923491209e-21,5
"19940",6.27891599957696e-06,0.89119142771492,0.00449960969101789,4.4044359711155e-07,0.064101819431223,5.67039901328818e-09,3.7732129820474e-20,0.0402004181096529,2.31900565344721e-11,2
"19942",2.46341981985297e-48,7.05288530484627e-21,0.00144917497227267,2.79742944479785e-09,2.51796123494612e-05,3.68466214964989e-67,1.926532545033e-104,0.998525642617948,2.25391304170963e-38,8
"19944",0.0329582697657427,0.903090678530142,9.79515505731992e-07,0.000425497648992781,0.063348762454683,1.4270308106616e-13,5.36941222570726e-38,0.00017581208425118,5.40096245447377e-13,2
"19946",4.47585552424649e-05,0.967652694249453,2.6765774245923e-05,0.00103618584794377,0.0310561824689858,1.76247029061562e-08,4.31524639426723e-16,1.98482859952147e-05,0.000163547193430765,2
"19948",2.21629273743006e-46,8.67817056478863e-21,0.000928719723297122,1.56556687801823e-15,8.62122146765113e-07,1.16592049298274e-42,7.31783355884342e-71,0.999070418154555,2.38127726382464e-36,8
"19950",2.44924225728142e-35,2.08526602803725e-11,0.000602551034268116,2.48045920511481e-10,3.78834001012887e-09,9.66390794367819e-18,1.00162998764146e-22,3.23576145260382e-11,0.999397444876136,9
"19952",2.21629273743006e-46,8.67817056478863e-21,0.000928719723297122,1.56556687801823e-15,8.62122146765113e-07,1.16592049298274e-42,7.31783355884342e-71,0.999070418154555,2.38127726382464e-36,8
"19954",3.73720993756347e-14,0.0223710280200147,4.89293414183867e-05,9.51019014404629e-06,4.89348068087581e-08,0.974848304295678,0.00267379996686854,4.83789656690981e-05,2.85363055844325e-10,6
"19956",3.66063021850068e-49,4.33216127741384e-10,0.0328743140204365,0.963020860816041,9.66513128878766e-11,6.14823122617495e-15,6.52266040354971e-25,0.00410274098433914,2.08364931008553e-06,4
"19958",1.71141609229911e-31,8.19601766147918e-25,0.999464791446871,0.000535208553129344,3.71660730519656e-24,1.97901910408397e-62,3.91862394098487e-78,2.41995426548273e-49,1.08731597720283e-54,3
"19962",6.02349249814319e-11,0.00215074302969663,2.68744448445992e-05,0.00179331778629065,0.996028109131934,1.72249697990554e-19,1.99857880319585e-39,5.29386240414557e-13,9.55546469917589e-07,5
"19964",4.01163489280462e-07,0.557325945324673,0.0147096139223325,4.26585645860334e-06,0.40800199807412,2.85237280446271e-19,5.58252545775731e-19,0.0199577750995809,5.59345617317737e-10,2
"19966",0.000103362426164482,9.35673918430675e-05,0.00027145459665558,0.00133945247107848,0.998192151176661,1.42570142460922e-130,1.83223443176424e-152,1.19375971390849e-08,3.03171929831687e-49,5
"19969",1.05287664383989e-15,0.227544215024298,0.0083334785898806,0.000562689329170021,0.000176442775895061,0.00285384682532779,6.45870238199189e-19,0.760529327455428,1.14715304443528e-21,8
"19972",5.95815792984541e-25,0.000640369705068775,0.0183259661674746,9.84573998403282e-09,1.73766163257716e-06,8.47608045992868e-09,1.12421052234435e-11,0.981031567077395,3.4105536651594e-07,8
"19974",4.24530510768678e-47,2.30053317685399e-11,0.00194988974721712,2.04859107006915e-12,9.92359792448625e-09,9.1875796304372e-06,0.0039039482757266,0.919173293906634,0.0749636705421399,8
"19976",7.08303265899121e-09,0.99385413865853,0.000746014177217443,0.00104460672042777,0.00119166001979026,3.66826924408665e-07,5.14025310961298e-09,0.00257361744740444,0.000589583926420442,2
"19978",0.180708134109881,0.778776143836874,0.000144792541258751,0.000143739863914374,0.0402130864894541,3.35006726302432e-17,1.65273471052297e-19,1.41031584427191e-05,1.74707478391015e-13,2
"19980",1.43104652126319e-27,1.72683216716725e-05,1.19044034590495e-05,2.50706552956527e-08,3.93143307814342e-10,0.000184327924429114,0.993511910820003,2.399163570079e-07,0.00627432315028146,7
"19982",1.45549093131841e-19,0.0033570635464801,0.0921599591346859,0.0258905943338666,3.8858549503621e-06,4.58090421862796e-16,1.4082701509067e-05,2.27071746731854e-08,0.878574391721333,9
"19984",3.13289402012042e-26,5.29264737413799e-12,0.00469962976831875,7.93504618957786e-11,0.00744135121578357,2.46104263376147e-32,4.60838167058494e-48,1.48979773209971e-08,0.987859004033277,9
"19986",0.364409933969504,0.00649685498212123,0.000817531746248142,0.0231143634882082,0.605161315813918,2.70227794112441e-126,2.5031595588288e-185,4.74366437170847e-19,1.46734125453377e-48,5
"19988",0.831276639870474,8.66942941168835e-07,0.000490264344950002,0.0433346333391685,0.124897595502467,3.01390825199118e-185,1.00571533811111e-189,3.25233839338554e-34,7.86427150655844e-60,1
"19992",0.941360011387068,8.52236693940841e-05,4.03146608360757e-06,0.0147908138309605,0.043759919646494,2.28537370837176e-117,8.97063315138549e-155,8.44996567896758e-32,2.90852102039807e-36,1
"19994",4.10362866582227e-09,0.0442576147498947,2.53380847278734e-05,0.000157662869837906,7.6155914752651e-08,0.955547841185986,6.42256294426203e-08,1.13986243804324e-05,1.2852389256781e-16,6
"19996",0.971066389992706,0.00126401142533664,0.000758981022921381,0.00298703118199497,0.0239235863770406,9.20800129406408e-101,2.77323130493117e-117,1.53052136938801e-28,1.48137271845573e-33,1
"19998",6.87578358153392e-21,9.19183939560009e-07,0.00263554026396725,0.000113801035800923,0.993493656013872,3.99421837515864e-36,3.67996405949479e-70,0.00375608350242038,4.14626161978893e-17,5
"20000",4.84199515505692e-33,2.6627927681625e-05,0.395226801013955,0.604746143534649,4.05239322271086e-13,7.1820818122446e-14,1.53895900008138e-44,4.27523237209368e-07,4.92769270136319e-31,4
"20003",8.0414487050865e-07,0.994325764410333,0.000171328212074399,0.0034499239036957,7.62170261788418e-05,3.64004813889139e-06,4.11495188701849e-26,0.00197232225470874,6.28672934742025e-30,2
"20005",8.32975219879721e-31,9.89773584848263e-05,0.000344437543782241,4.26434983842486e-07,1.0040967385372e-08,1.58427309561395e-06,0.882949157981818,0.00093372757011676,0.115671678796751,7
"20007",1.97446901628717e-05,0.989555162527148,0.000603293437365958,0.00977156267303927,5.02362695384258e-05,1.7060543134313e-29,2.70933772618071e-29,4.02745104802238e-10,1.70445475401983e-18,2
"20009",4.05405100020387e-07,5.05317975581092e-08,0.00414470281343904,7.46854381995247e-07,0.995854094395268,8.33961352666478e-103,3.19666039819483e-143,1.38891197706791e-14,1.87945381045159e-20,5
"20011",1.7445661947549e-16,0.2605280754419,0.125302471506621,1.40627276727147e-06,9.70712252268775e-05,3.78502642012539e-08,2.02558958139737e-16,0.614070834261643,1.03441577172951e-07,8
"20013",1.81579203950323e-12,0.418758045431057,0.000962450334572091,0.00394321485126173,0.000136124481850804,0.013073530980805,0.000867894988456392,0.000156718934722253,0.562102019995459,9
"20016",0.00172357138726582,2.87800598186551e-07,0.373640470006821,0.0006529846832536,0.623982686122062,2.29862557778583e-152,1.0078585570807e-185,1.22943634389901e-22,6.65554101343806e-33,5
"20018",5.78064191743179e-14,2.80961277815938e-36,0.997884200151245,0.00211579984746833,1.22874046364635e-12,4.01915944059945e-263,0,5.56825795953157e-70,3.85253994954448e-122,3
"20021",0.872081175012325,0.116824104655678,0.000323135177417611,0.000734573134620936,0.0100370120199585,8.68797559607289e-32,4.82482269542597e-49,2.77192345884134e-16,1.57238846899263e-44,1
"20023",0.0459111275207252,0.858793990776995,4.30275401680316e-08,0.00206727730201438,0.0932275609658725,1.27500871583988e-23,2.4204554479263e-55,3.92954356002945e-10,1.38980278255049e-11,2
"20025",4.77149213036295e-08,1.20779192104584e-14,0.0354978208432103,0.964502124814489,6.62736699569872e-09,5.06241536975478e-152,5.96004000902987e-169,6.04248825110059e-53,3.4974678652477e-99,4
"20027",2.80919003988975e-25,0.00569613676744206,0.000139846456070878,0.00154242316777877,4.87519281048059e-08,0.000281141963971655,4.85604909776746e-29,0.992340402892809,8.91283655634211e-26,8
"20029",8.1816285028826e-24,0.002320391198046,0.016929795973201,1.51602391927801e-06,7.38555853391324e-05,0.00126076027321799,1.94514421176462e-10,0.979413680737393,1.43692901679029e-11,8
"20032",1.30668158912122e-18,0.00792703920560585,6.88975572366275e-05,1.28736362509794e-05,8.57867729223162e-08,0.98841244283078,3.94239635708426e-15,0.00357866098334945,1.71876814255722e-20,6
"20034",8.44284420781297e-38,1.92890055484296e-14,0.0010577248267701,3.08075077869933e-11,8.39453686308554e-06,1.83330177248796e-29,5.27690076440492e-69,0.99893388060554,1.16871938749929e-38,8
"20036",2.16942258070699e-18,0.000271619200557193,3.38179064178421e-06,0.992800404907424,0.00692450788285821,5.62621533355687e-24,8.51611673778732e-42,7.92019353935969e-08,7.01658304005993e-09,4
"20038",0.961282457643982,0.0271157788133498,2.89538091384515e-05,0.0108384949879191,0.000734314745610801,3.31197449263714e-85,1.14584515136711e-108,1.72588629788007e-20,2.27704852919252e-56,1
"20040",1.68465754183074e-09,1.39766405921717e-16,0.454560591277447,1.88944830000974e-05,0.545420512554895,5.09491148674022e-179,4.55714387005067e-246,2.09489470459309e-24,5.27005332053431e-51,5
"20043",0.899427841556442,0.0208718088936663,0.00255527816120804,0.0503098378950979,0.0268352334935853,5.59468653750662e-42,2.71861653238173e-57,1.28031002106408e-27,1.25976731086342e-34,1
"20045",0.837512015525546,2.23251047130947e-10,0.00579841219576805,0.0256418936212613,0.131047678434173,6.21601802536809e-182,8.65828956592835e-196,2.33978133964482e-46,3.77672798345614e-47,1
"20048",5.74727825661982e-41,1.56974317703765e-21,0.00289742523504681,3.08844051091694e-13,8.36175188528748e-10,2.73681013265069e-54,1.32043188704987e-19,9.5327155591691e-13,0.997102573927516,9
"20051",4.50658492836102e-05,0.388588880493397,0.0156175739388452,0.585371925831436,0.0103765538870372,1.21940508979125e-19,1.37568548809314e-16,4.38549731481604e-25,1.98749107036311e-16,4
"20053",0.00181957806403066,0.62748728947505,0.000743591806197109,0.000285520385257811,0.369664013728976,2.1035007060542e-30,2.12037186577812e-89,6.52937518278395e-09,1.1112991984891e-11,2
"20055",0.003398396027098,0.182608070054461,0.00504160984578375,0.808951805549887,1.18522766418756e-07,9.08678785916032e-75,2.15226868820067e-91,3.61429251121822e-15,3.38018475117739e-69,4
"20057",1.28316249570749e-71,7.03704209736918e-50,0.999999999536979,4.63020641605045e-10,6.08698398712796e-38,9.68800912769156e-126,2.61974174552305e-134,7.64936728912561e-42,1.59503452328939e-69,3
"20059",0.00226222934956176,0.442095299167963,2.61583096218042e-06,0.0812737551511439,0.474366100440415,6.50123177556415e-43,1.66000839390817e-83,5.99543842329267e-11,7.05821705213616e-24,5
"20061",0.000282168312646595,0.988125656349277,4.70365870935003e-06,0.00354087653496536,0.00804658527577508,1.29268760905604e-27,1.46131982619899e-37,9.86862678149949e-09,1.75753962968164e-22,2
"20063",1.05692870420469e-32,2.18590079580676e-35,0.990872549279599,2.2407659443096e-08,0.00912742831230231,2.73400521553383e-158,4.81200174482461e-165,2.0590205791168e-24,4.39223355733821e-13,3
"20065",0.0656300867098439,6.67640483180902e-11,0.00373452227166891,0.930635390612074,3.39649196954811e-10,6.04914701291723e-147,1.00336437459028e-173,1.14905037272481e-55,4.54769073789534e-114,4
"20067",0.412962797901053,0.000231776536494621,0.00892415140070869,0.0193462080558799,0.558535066105864,8.60464019414627e-75,2.04449147413612e-116,3.93970890882441e-35,4.93244945820866e-17,5
"20069",1.22839937120915e-25,8.59048973092308e-05,9.59114651864456e-05,5.79189003929827e-07,3.76781790625152e-09,0.000138076670461533,0.748737075610447,7.06604709740329e-08,0.250942377739302,7
"20071",2.77800584599757e-14,0.00937635209178166,0.00121426222876199,0.98481260067983,0.00345896307988267,1.77069016476724e-58,1.83439983888937e-73,0.00113782191971574,2.33743837440323e-24,4
"20073",1.53610111909893e-16,0.000104030452346443,0.00381951455546259,1.24649291719412e-09,0.200800411213909,2.52169998748252e-10,4.73488542983079e-18,2.00399335500641e-05,0.795256002346069,9
"20075",1.00993505769934e-32,1.52303159337185e-21,0.960613828816866,0.0393861711831339,1.02458735308367e-30,1.38860254069404e-95,2.25740017581109e-112,5.86564820366595e-42,6.72248905232618e-74,3
"20077",0.410285221751944,0.457547484788578,1.90194837806786e-06,0.0586485351885067,0.0735168560391023,8.88472679408916e-42,3.05782628651366e-61,2.5268923197055e-10,3.08018328647954e-11,2
"20079",1.97951707042653e-12,6.83754498252088e-09,0.811352834389526,1.12000270321605e-05,0.188635958732682,2.45049491493278e-48,2.54535429802815e-44,9.20461313828933e-24,1.12364097580279e-11,3
"20081",0.516113131377369,0.0171122885139772,0.00406238277038525,0.462709977557039,2.21978123017318e-06,4.35439609908554e-59,6.00446151739428e-63,4.35024060770488e-30,6.55828135098855e-33,1
"20083",1.10051408338891e-29,2.79683550607498e-14,0.890789473816646,7.51748285611238e-05,0.109135270532901,3.97052458893878e-69,3.60273429944229e-89,5.93514390442883e-09,7.4886719791428e-08,3
"20085",0.979646887680067,1.08920222575279e-07,0.000416646274227362,0.00912893899699207,0.0108074181284911,1.29081634364699e-167,1.57694706172674e-192,3.17005772833761e-39,1.65456895846848e-69,1
"20088",0.908766160132838,0.034185613615761,1.35769472604582e-05,0.00364373753683155,0.0533909117673094,1.10754873175467e-60,4.41322739885756e-79,1.29161038827114e-25,1.52327884625329e-33,1
"20091",5.50066263439631e-09,7.2546864352504e-12,0.340898952150421,0.659101042341661,8.70033025099251e-16,2.58333913350869e-99,4.87998772460721e-103,1.30586712868044e-41,1.00383632971822e-47,4
"20095",1.65530965571621e-25,1.96152631362807e-10,0.999964581317996,8.96019651353002e-09,2.50536231047296e-05,7.70935112614924e-71,2.57261068535324e-104,1.03558860699846e-05,1.64801506582934e-11,3
"20097",0.970923270567272,3.12249558360579e-07,1.61056315095783e-05,0.0245874098340632,0.00447290171759737,5.35538142722429e-166,3.47846336374902e-175,8.17742663573266e-44,2.05451073584936e-71,1
"20099",3.34514572998009e-08,8.06820846407305e-09,0.11254162067175,9.63071785783784e-14,0.887433373449566,1.32339790499783e-91,7.04021777246904e-96,2.49643589225402e-05,9.34540372965845e-19,5
"20102",4.7822577964452e-25,1.05776988635397e-16,0.99969854449001,0.000301455190462002,2.76600392584631e-10,1.35420977740951e-76,1.07606318043708e-64,5.10088115680533e-32,4.29273917013173e-11,3
"20105",0.442468953148134,0.0071800061684454,0.448231203975884,0.000355600041072419,0.101764236666464,4.11304419880446e-61,1.14958966613267e-41,1.08767995545516e-25,3.98572589582131e-22,3
"20107",0.369196054014597,0.575403170101426,0.000109418480322754,0.00962909465652361,0.0456622627467106,2.05652022956906e-72,7.44190189731575e-89,4.2034927216643e-13,9.65786536565461e-28,2
"20109",8.2073755012703e-05,2.37577703413839e-05,0.0247050998341463,4.12813925127908e-11,0.975182376671805,7.94981967571985e-44,1.20228988110732e-57,1.61700143676157e-11,6.69191124315354e-06,5
"20111",3.40436865002384e-34,1.19407177719173e-14,0.999890312474703,0.000109687525285556,4.12998299967864e-28,3.06006972787925e-26,2.48548144732994e-36,1.19682470308905e-27,4.37154125379955e-37,3
"20113",7.02441493211237e-06,0.69649142052446,6.40106460765144e-05,0.232173249408962,0.0710475749674818,8.55871191582243e-59,2.40910004441765e-90,0.000216720038087529,2.67869006151859e-40,2
"20115",2.34232338208536e-25,0.00206303987341097,0.977410555138763,0.00846300032244248,1.44057648318648e-11,0.0120601471436689,3.46661170647428e-23,3.25750730840669e-06,2.78662590522748e-31,3
"20117",4.81352674065491e-28,8.89735137420448e-22,0.999999675377771,3.24622180827688e-07,2.67258969398617e-14,1.02700166569292e-159,1.25143444652676e-214,2.12307384283783e-14,1.03972020236925e-83,3
"20119",2.18402825972145e-05,1.28754028946072e-05,0.00159156079918314,0.000366295982520041,0.998006880525575,2.87794458009367e-107,1.17857245837713e-159,5.47007229883535e-07,1.54117238640945e-57,5
"20121",0.659161694496619,0.234827487608004,4.87626841742328e-07,0.00507935017339932,0.100930980095135,1.62004000623851e-83,2.57226638132861e-134,4.370916555382e-16,1.59755203754534e-36,1
"20123",1.00473141172113e-09,6.85382080175311e-13,0.00196002274849851,0.998039976239176,6.90872554146144e-12,8.5835006183687e-111,9.53463413823014e-144,1.44633543457096e-45,4.02738455371229e-76,4
"20125",7.46361676732036e-17,0.00898628749547605,5.12520956110549e-06,0.00073016617051602,4.91553219247812e-07,0.282184694508864,0.707969534689139,1.86699063473246e-06,0.000121833382589894,7
"20127",0.902612999592693,1.65935976153836e-09,0.00412857344802642,0.00107426198284578,0.0921841633170746,2.17623924885517e-146,9.25524441378203e-122,2.04446987966395e-39,5.69156516602968e-38,1
"20140",5.16105559323757e-08,0.78171105222031,6.10239880594573e-07,0.218288268629492,1.72883762593986e-08,2.10285685072725e-55,4.17055060284735e-91,1.13845215225415e-11,5.841627278738e-53,2
"20142",3.15698255462167e-33,1.01471981559822e-09,0.000285984256148913,8.5773468886192e-07,4.37875057583529e-09,1.76974619415505e-13,1.29623685824116e-05,3.3431893400273e-09,0.999700186903743,9
"20144",1.31289716156531e-24,0.00433811970094341,8.55037974506409e-06,0.995647352358194,1.3945417572989e-11,5.97511325187679e-06,7.83088151593236e-17,2.43391175993115e-09,8.69343788347769e-15,4
"20146",4.77875683486544e-21,0.000621803674152244,1.80207340180976e-05,0.999353230995755,5.16916863178324e-07,3.28958599483561e-14,1.297267192747e-24,8.86016766175481e-14,6.42767909014538e-06,4
"20148",7.52910514040711e-08,0.944782715860718,2.02383991327813e-06,0.0157121585217961,7.19297580931093e-05,0.0394310692043705,3.07148622384788e-11,2.74933424334552e-08,1.11779690429359e-16,2
"20150",7.10246101950397e-38,8.22820537801892e-08,5.40641861486554e-05,7.76896357486436e-11,7.24606939695951e-10,0.00548536505204807,0.990987191629368,0.00233912059422129,0.0011341754538642,7
"20152",1.35557451242368e-05,0.980085907594207,1.11378355289646e-07,0.00320484673628669,0.0144715659360405,0.0022209334431781,5.17236405861378e-13,3.0791468059876e-06,1.94855550014662e-11,2
"20154",8.26052728584815e-06,1.08436360905439e-16,0.49486338765452,0.505127063431977,1.28838621698319e-06,4.33935107476625e-141,7.83762123159341e-139,5.75774921593579e-64,1.31829318642348e-47,4
"20156",7.17028252552231e-09,0.191790650554848,7.49772636231971e-05,0.805915310439257,0.00221904546275221,4.50237586137268e-46,2.54776750490298e-58,1.23002171665111e-09,7.87921585211577e-09,4
"20159",9.17606680708444e-28,6.39635503654393e-05,0.00049516015309643,0.000176431283673788,1.84510957560408e-08,1.38094783748751e-11,1.57273622743072e-10,4.37002170308891e-10,0.999264425953683,9
"20161",7.05135046974972e-25,1.91441350028494e-09,0.000787307133609986,0.0680552331362065,0.257488854054945,1.22217175818634e-32,2.50489857889705e-39,2.48953265984766e-08,0.673668578865498,9
"20163",5.51138888502815e-07,0.853846669858939,0.03505049011955,0.111016565282666,8.57235726784663e-05,8.82585991794316e-12,1.41596770996593e-40,1.8452115400041e-11,2.21525058339693e-47,2
"20165",5.98796214810216e-11,2.29008610879625e-10,0.86761907305625,1.29724729131061e-07,0.100593450621386,1.18082259550015e-62,2.83610292616629e-50,1.96746322080837e-22,0.031787346308747,3
"20167",1.78904066754726e-08,0.0880760255362835,0.000220182679280662,2.21342986491388e-05,7.17475385675053e-05,0.0213647415808476,0.89024227865924,1.13604718610233e-07,2.75821200610971e-06,7
"20169",5.92883067140408e-39,8.96897745516629e-17,0.00069870698997801,1.83222292238561e-10,7.99128298444562e-10,3.52390592742415e-34,1.47279752054119e-14,1.7119974695008e-11,0.999301292010537,9
"20171",9.49405559236299e-11,4.59466122544978e-24,0.252454821491056,0.74754517825013,1.63873586293384e-10,1.37927571323848e-186,1.07044918085169e-179,5.76668549491713e-73,2.24378134765844e-53,4
"20173",1.04639942942385e-25,6.40074959080954e-24,0.0492595012948371,5.3918628576968e-12,0.950740493184784,6.52095579591033e-99,2.25812300993795e-107,5.51498530061591e-09,1.61929004224492e-15,5
"20175",1.35023907331622e-12,0.978378294413486,0.000634537103135443,0.00810052267712413,1.14140781324754e-06,0.00061246247670244,0.00269099902930721,0.00958002829282712,2.01459825473496e-06,2
"20177",8.60975151727151e-09,9.50359391605722e-07,0.00215883239661901,2.49301435341256e-06,0.997793272070577,5.43346693260957e-74,1.49315236696483e-108,4.44435493080441e-05,2.80161806825787e-23,5
"20180",0.944755090926865,0.0029302451643484,0.000156421435406712,0.0352037425938535,0.0169544998795265,1.22238437427398e-95,6.3851303363619e-153,2.33121470149548e-21,4.16508570663429e-84,1
"20182",3.23300061655449e-86,8.85424124449541e-43,0.999999997980355,1.85442986168194e-18,8.34439369201789e-23,1.35508892981267e-70,5.89948949284794e-52,2.01906675079067e-09,5.78332360516295e-13,3
"20184",7.56032722322354e-18,0.000255964706617669,0.000462348589682955,8.00482490867396e-06,0.000628021917009936,3.073981065197e-11,1.91938538055474e-15,2.5220931949768e-06,0.998643137837844,9
"20187",1.79145836363315e-24,2.07686793406798e-09,3.2918413967218e-05,0.0461658501907406,0.204447315394274,2.21099555990336e-47,1.28914818797143e-81,0.749353913923569,5.80963162661046e-13,8
"20189",0.107684954499249,0.259731517840315,0.00386581654440418,8.73215895196687e-06,0.628631666061526,5.15988011083183e-31,1.66016147189214e-42,7.73128955538727e-05,1.44172483220114e-29,5
"20192",9.78908669682655e-13,1.22418884095653e-14,0.943386209575997,0.0555192934267983,0.00109449699621332,1.19041631488333e-82,6.68366096709477e-141,1.31050407045566e-28,4.38956008292359e-83,3
"20194",1.41989039030418e-41,1.93480731449316e-11,0.0522707509824489,0.0011663002952083,4.89975941211878e-05,1.64243450762633e-23,3.04700312767144e-38,0.946440619483853,7.33316250206326e-05,8
"20196",0.442746170058142,1.16788799887071e-09,0.551470195729339,0.00577062128386017,1.30117607711962e-05,4.22901603761122e-132,8.416306695544e-146,2.40396397094547e-39,2.63977604479954e-63,3
"20198",9.62981628581901e-06,0.96465512481708,1.6776966670887e-10,0.0287511360529539,0.00658410820337609,9.63644812678585e-15,1.48389391749863e-32,9.42521944109909e-10,3.48587874764196e-15,2
"20204",1.2229792430569e-24,2.28268961348693e-05,0.000135121724104393,5.542226058601e-08,5.85077694033871e-08,0.000908874020329247,0.998243261912902,4.16536421554119e-08,0.000689759862857363,7
"20207",0.449650362044658,1.41976435784607e-05,0.00357690450856238,0.483277118829891,0.0634814169733098,5.6332842956255e-114,1.78651901628513e-102,1.62876522704978e-38,8.71470956691521e-25,4
"20209",8.86395011812134e-27,2.56473373027737e-05,0.419161073758812,0.58080657735384,2.26516826328629e-17,5.07516392641507e-32,4.72526479008946e-81,6.70155004458436e-06,4.98562855521103e-64,4
"20211",9.31200074533105e-08,1.5378180463309e-10,0.00771333904279732,0.992286567683413,3.05916720513793e-17,2.18820937211909e-83,6.39669720365897e-98,1.61209846252069e-54,6.84415862805565e-62,4
"20215",0.0666521900494883,0.231249626163232,7.21079103078897e-05,0.652044992882483,0.0499810829944891,6.46477410509792e-52,8.65993825864568e-60,1.63792839652936e-17,4.84901194956148e-29,4
"20218",2.43536214334471e-29,1.25570596889533e-07,0.00110314064497751,2.13684437245683e-08,1.49394469198316e-08,4.91493732018599e-09,0.186205666742342,2.07810378487802e-08,0.812691005038218,9
"20222",0.0135045021796461,0.000120966484994077,0.0177771482316171,0.968390814137513,0.00020656896622988,2.85943499795146e-69,1.88760434267247e-54,1.97171593958433e-41,3.96517711060704e-32,4
"20225",3.00818481777384e-29,0.000454427509520479,3.20723541537832e-06,0.999542271885985,1.12549125004998e-11,9.31437198269387e-08,1.23615955151981e-21,2.14103243697426e-10,1.13418077248974e-15,4
"20229",7.01971764984075e-18,0.00252954668973877,8.88448942854183e-06,0.997461502676887,6.59669641259225e-08,2.1530853501761e-39,3.60948383511871e-64,1.76981650650123e-10,1.80200378855767e-31,4
"20232",2.36626469746585e-05,0.913674343017602,0.000287718586264806,0.0860128983974041,1.37734568249212e-06,1.45803570641023e-37,1.48057863319905e-58,6.07237702613912e-12,8.0379059916376e-30,2
"20234",0.00102142194376046,4.29473834646719e-21,0.920762311539642,0.0782085422030933,7.72431350452241e-06,2.85839046959107e-236,8.51138424774092e-258,1.41169136998781e-51,4.90861814214752e-117,3
"20238",0.0119956901848776,0.570148930974113,0.00218181377168583,0.306170237315804,0.10950332775352,2.54120790963039e-77,2.57005563654599e-91,3.47386037601015e-20,2.32158439407354e-28,2
"20253",0.593247258692414,0.000891913188290901,1.54837847374929e-05,0.223756871840649,0.182088472493909,5.06342430507272e-114,2.33896361554874e-114,2.8755520378633e-21,1.84952021775469e-35,1
"20255",4.91300882410838e-13,0.0814638893019694,0.000411231521101878,0.00329787651405787,1.35718302336981e-11,0.91482650559174,4.95075633517696e-07,1.98142882470507e-09,5.83649179004809e-15,6
"20258",0.980027771847695,0.000486089911667608,0.000200508811433172,0.000334372386678161,0.018951257042526,1.42866639157873e-81,7.34797254030187e-81,9.03455375938807e-25,3.59614734096122e-48,1
"20269",0.106556950209922,0.00365335765561776,0.109106855911534,2.39051186635197e-07,0.780682597109154,1.95635902434389e-49,1.22646847097852e-28,4.55147737276517e-16,6.25849046516932e-11,5
"20271",0.00892233579063055,1.81181766718157e-06,0.0171927319760393,0.000112617898720421,0.973770502514795,2.12834623809244e-107,6.27218555824879e-111,2.1470642020604e-12,1.83579149266475e-60,5
"20285",7.0555233094455e-24,4.04395863988365e-07,0.00324031714608686,1.15069044111265e-05,0.957952951152711,1.18240885705e-44,2.61425348795575e-68,0.0387948204009274,2.04643941180401e-16,5
"20288",0.000624507559052443,0.826173995846077,0.000325285387212615,0.172720615058298,0.00015559614934669,3.35596399830917e-58,1.76363381341417e-53,1.32163376250593e-14,3.00315037060716e-26,2
"20291",0.0197263162775953,2.32152337718883e-05,0.62421730856731,0.355826285948567,0.00020687397275603,8.1378386824014e-127,7.21258545360166e-141,5.03171791184524e-26,2.31453278338233e-42,3
"20295",2.86026174854274e-10,9.66048262201079e-09,0.0607857865199536,1.68916640536163e-09,0.939214201835221,4.69667715509086e-46,1.76892975552713e-57,9.15007365134515e-12,5.27188640472921e-27,5
"20298",6.56587047228307e-21,0.00267375130123383,2.05954274777803e-06,3.14019813849661e-05,6.56351889528902e-09,0.997219363833194,8.79797713718652e-10,7.34158238316035e-05,7.42911982711293e-11,6
"20302",4.68840459169782e-18,0.000869993286551854,0.00320892700070206,6.55045075766558e-08,0.469389250649489,4.8994039318811e-09,6.56784707288579e-19,0.000359382220809698,0.526172376438536,9
"20305",1.63595381600467e-24,0.00164356878148922,2.65926635512172e-05,1.24005218134148e-05,1.95101786395778e-09,0.996092313413146,5.4695803548199e-21,0.00222512266898194,2.75829714829495e-20,6
"20307",0.909468712191795,0.018884633838898,3.32287359257729e-05,0.00670131698547195,0.0649121082479088,7.65649431504493e-105,2.63846698436418e-110,8.27357830207339e-26,4.88276061631459e-35,1
"20310",0.0178421927986413,3.55658141172769e-14,0.95137354025904,0.0191850970539305,0.0115991698883524,3.66221970105588e-200,6.38809033535999e-215,9.93984288431788e-44,4.47347973382577e-78,3
"20313",1.06642790823184e-47,1.5352916403559e-15,0.00111674419503,1.24164923799897e-13,1.6125287702281e-09,2.20723626456778e-19,9.16654201387907e-31,6.08834847220911e-07,0.998882645357468,9
"20315",0.825293938234194,0.0742611541045133,0.0183684677832236,0.0103701776293506,0.0717062622486709,9.57271073353539e-97,1.79288221650032e-87,4.83393495237072e-14,1.46364960287607e-38,1
"20319",0.000289685534498722,8.61048941082202e-10,0.00426494718999828,0.994684478695984,0.00076088771847006,7.48433965096563e-112,1.92600249087873e-143,6.70135027354384e-47,1.03558257191641e-70,4
"20321",0.529146461597684,4.91392522970277e-05,0.000605195454544249,0.183034968133213,0.287164235562262,3.44271777067492e-99,5.06568355396312e-97,2.12161073147909e-27,1.44437890936262e-33,1
"20327",0.83803732681263,0.000464372561562903,0.00778363363148358,2.51499954114555e-05,0.153689516998911,8.63828984651983e-98,7.05475090578491e-109,1.52324382257297e-16,1.88155046109054e-41,1
"20329",1.9332289748039e-49,7.18912685595333e-17,0.000825181227949514,1.84583053133376e-09,9.93031356167017e-05,1.13993184725517e-27,1.62941231308989e-58,0.999075513790297,3.06569567852583e-13,8
"20335",0.831599078969146,3.82121106627901e-08,0.0646761678519647,0.103367830583786,0.000356884382992442,5.28482393811269e-129,2.62384431362539e-141,2.74963526086643e-50,2.35289308184358e-44,1
"20337",8.24977301411355e-24,0.000520734390734471,0.000541646678563875,6.47605353103742e-06,1.15134763549887e-08,3.82871784455923e-07,0.00506728271537067,2.20276171657881e-09,0.993863463573777,9
"20339",5.78316077765849e-24,3.37201920179583e-11,4.08215063387471e-05,0.999959178335191,1.24750371069366e-10,4.17538679498255e-62,2.47337472008123e-127,2.34702874051733e-25,2.62772230556668e-70,4
"20341",1.44144393110572e-09,2.12949855161036e-14,0.186529974742384,0.813469584917093,4.3889905719001e-07,8.41033327092248e-140,1.1482365221397e-146,4.0669732572152e-43,5.11930530380612e-28,4
"20343",0.00129550048123609,2.64122199196594e-12,0.00297918057632856,0.00335997360496142,0.992365345334833,7.61889291913342e-136,8.6185772685561e-172,5.05793291619305e-42,1.62694769564761e-28,5
"20345",1.74478582079999e-10,0.715138530055409,1.46845332536293e-05,0.00310594064423199,0.001313522679503,1.2415206154928e-09,1.05960221500352e-33,0.280427320671604,1.08355100847966e-29,2
"20350",2.8438690804959e-20,2.34571246409304e-08,5.63287391822214e-08,0.999999895171437,2.50426993033309e-08,2.89300194184486e-67,6.4940942115018e-97,2.85843756033414e-18,3.41315675750724e-27,4
"20352",9.48020173369011e-32,1.92002800428074e-14,0.000671335319646237,6.75717250468085e-12,1.53504182762837e-07,5.45922866085336e-29,1.8627040489468e-15,1.75429220126494e-13,0.999328511169217,9
"20355",7.76984997138066e-19,3.79761018429364e-07,0.000351384045027583,0.000692168982702789,0.974772339442107,1.58792168607009e-28,4.43719421852253e-53,1.99770949816581e-10,0.024183727569373,5
