"","V1","V2","V3","V4","V5","best$classification"
"19811",0.925433351826353,0.00128258505747325,0.0732705975974545,1.33622291111979e-05,1.03289608064167e-07,1
"19813",1.76167061977647e-12,6.59100521023174e-12,0.99999997018269,1.69185907550002e-26,2.98089569317701e-08,3
"19815",0.784045934143941,0.213148836562412,0.0018884235464817,2.47957688184503e-15,0.000916805747163315,1
"19817",0.968239482250903,0.031262137432589,0.000492757439730107,2.25849990274487e-06,3.36437687548796e-06,1
"19819",1.25492951905645e-36,0.166635461201176,0.000335209752723005,1.12000306382468e-33,0.833029329046101,5
"19821",0.0891642535886008,0.0344870190530587,0.876259762911055,8.8770491834177e-05,1.93955451777218e-07,3
"19823",0.000188205591901439,0.00018425971010748,3.84474483108615e-06,9.70362247260211e-19,0.99962368995316,5
"19825",9.21896393304019e-39,7.36452089587669e-10,0.999999999260532,1.65802598624295e-17,3.01558229272334e-12,3
"19827",0.193217539094236,0.0129753537117435,0.00264196792434665,0.79094713270643,0.000218006563243652,4
"19829",7.8316540237876e-21,0.849379161808122,0.150614188844231,3.65796479347744e-10,6.64898185116535e-06,2
"19831",4.19737802525317e-27,0.060378870339498,0.00295981422939362,3.77773713243802e-43,0.936661315431108,5
"19833",9.5642130317072e-69,8.30068688730204e-23,5.10328575328266e-07,7.09190723950898e-55,0.999999489671425,5
"19835",0.0891642535886008,0.0344870190530587,0.876259762911055,8.8770491834177e-05,1.93955451777218e-07,3
"19837",0.730960862645999,0.0354902523719426,0.00152689466426938,0.232021038786696,9.51531092457762e-07,1
"19839",1.84934527778983e-20,0.011595657417072,0.988404058451275,9.29253566377842e-09,2.74839117530623e-07,3
"19841",1.13103511214272e-27,4.09841139546375e-13,0.925947897921477,0.0740520858100628,1.6268050368755e-08,3
"19843",1.34725696467064e-39,0.00108094920770283,0.998919010068052,7.56205889660523e-51,4.07242452404988e-08,3
"19845",0.0817164398100812,9.64528401987676e-08,0.918283311631383,3.56163453285905e-22,1.52105695281169e-07,3
"19847",0.378657325451555,0.120605299339854,0.500736816265373,1.39937973512653e-19,5.58943218529843e-07,3
"19849",9.71436565595893e-09,1.21294101424982e-13,0.999999954932271,1.14347210018384e-23,3.53532422012145e-08,3
"19851",0.997707454329022,0.00179575217391525,0.000479733477246674,1.85354519779825e-07,1.68746652957614e-05,1
"19853",0.0971965513220663,4.51669654899038e-09,0.00972930892374328,7.09708509288631e-14,0.893074135237423,5
"19855",0.997771610210179,0.000135018686033163,0.00178378854838259,7.38982761434565e-06,0.000302192727790821,1
"19857",0.193258103450742,0.512264031296979,0.294460538190708,1.73148402911219e-05,1.22212800984399e-08,2
"19859",0.812753408656941,0.176457040693517,0.0106357804845792,8.71688324582815e-05,6.66013325046713e-05,1
"19861",0.978013154166299,2.43742495730707e-05,0.0219618363042982,2.85221112367134e-11,6.35251308035154e-07,1
"19863",5.45798606464161e-20,2.36967823600268e-21,0.999999970728364,2.91205801718125e-08,1.51056331567703e-10,3
"19865",1.15063873998172e-05,1.0654257588846e-07,0.00112091643331703,0.998867470346065,2.90642173392214e-10,4
"19867",0.964755259433603,0.00526013449322313,0.0299843097465245,2.32711804484103e-21,2.9632664901174e-07,1
"19869",4.31414779830139e-05,1.550484774041e-11,0.99995681917275,5.04340426903891e-09,3.42903580484197e-08,3
"19871",0.743760750528019,0.245506520083548,0.00137705791453318,0.00931515526849669,4.05162054030812e-05,1
"19874",0.992075664205731,9.88739982827118e-05,0.00704723273361776,0.000772826436845292,5.40262552333295e-06,1
"19876",0.999560854165723,2.55847529968092e-06,0.000361198417202691,7.53687516510994e-05,2.01901231923995e-08,1
"19878",4.87972198760471e-22,0.190919555018257,0.809080281630704,1.36106987592404e-24,1.63351039410192e-07,3
"19880",1.49652041222812e-07,6.55055826569966e-12,0.000260873484448101,0.999738975263009,1.59395122208317e-09,4
"19882",0.00984732692821886,1.59664150876444e-06,0.990150509581661,2.33449739314214e-13,5.66848377894089e-07,3
"19885",0.660401953092883,0.336259817491651,0.00333703600669182,1.06406454160134e-06,1.29344232787143e-07,1
"19907",0.345934861735389,0.00164603450666424,0.652418483696448,4.93669843570289e-18,6.2006149836055e-07,3
"19909",3.4816162350866e-12,0.99224956989945,0.00774746485359314,1.29268532142954e-21,2.96524347463153e-06,2
"19911",1.65415324038176e-14,0.717562440252294,0.282417996347543,1.94056481857205e-08,1.9543994498176e-05,2
"19913",2.25163143316111e-16,9.50036192722552e-15,0.000234616111896086,0.999765370093741,1.37943529069872e-08,4
"19915",0.0142078787265542,6.41064199562275e-05,0.000196438752295485,0.985530357827202,1.21827399232474e-06,4
"19917",4.98003925529657e-06,6.70001188774734e-05,0.0115665986392153,0.988360466236902,9.54965749478572e-07,4
"19919",0.746555112697899,0.041220691467843,0.00263896696617059,0.209572602452972,1.26264151150544e-05,1
"19921",0.99534066821374,0.00386228791045465,0.000796573261666419,8.84553446911813e-12,4.70605293285527e-07,1
"19923",2.10408403798988e-08,0.222554389231949,0.776807132990551,7.3099509260508e-27,0.000638456736659007,3
"19925",0.000607062473976565,2.93651028997717e-05,0.00108415709541692,0.998279238775268,1.76552438726971e-07,4
"19927",0.980502747648752,0.0191808719797294,0.00026234920494306,6.30056439605834e-11,5.40311035696571e-05,1
"19929",2.52071218950248e-13,5.94310252731229e-20,0.993916612265099,0.00608338746706917,2.67579335696869e-10,3
"19931",0.38212219869655,0.608390660206773,0.00929636144807365,2.04893491518303e-11,0.000190779628113677,2
"19933",6.60175306158557e-06,0.996546626776177,0.00337969365763593,1.62759746153244e-10,6.70776503655814e-05,2
"19935",0.000511506822540987,0.697237357961152,0.302251133715169,2.34607748660543e-11,1.47767616172422e-09,2
"19937",0.991778414815473,0.0080243052817522,0.000113059277167791,8.19618301511599e-14,8.42206255249843e-05,1
"19939",0.0180136210881837,0.911496316284012,0.0704355599612158,2.28348315646442e-09,5.45003831049044e-05,2
"19941",2.61438208431383e-20,0.0650121205343496,0.93498696741255,3.1056355722441e-08,8.80996744349131e-07,3
"19943",8.06759741835829e-06,1.28363318827193e-08,0.00106176636548739,0.998929360520491,7.92680271618592e-07,4
"19945",9.51081541204406e-07,0.980385411192433,0.0194999488584121,5.59612972850582e-12,0.000113688862017842,2
"19947",7.04858536162646e-20,1.17770621699115e-05,0.999986880634399,3.66602643881617e-08,1.30564316657999e-06,3
"19949",6.15111281512132e-08,0.855588419126107,0.144383414333182,6.26833163095609e-26,2.81050295829305e-05,2
"19951",8.51518705848624e-06,0.0914162150350774,0.40898560334442,0.499574589674965,1.50767584788068e-05,4
"19953",1.94716171004805e-26,0.00207144689661862,0.000143550110948814,7.32640284134622e-47,0.997785002992433,5
"19955",2.81441405024269e-18,0.234655014545133,0.75825835858417,3.07991883470816e-34,0.00708662687069672,3
"19957",3.25666503560567e-05,0.023667521989147,0.168980492083151,0.00380645473329141,0.803512964544054,5
"19960",1.28087446057047e-23,0.148804388823559,0.851195584729868,1.58166673417565e-18,2.64465730438967e-08,3
"19963",5.75021202884113e-39,3.24513324472974e-18,7.96479573022844e-05,7.25592598660171e-18,0.999920352042698,5
"19965",8.59402763872052e-32,0.591709469326585,0.40805276794868,3.4486259788862e-39,0.000237762724734584,2
"19968",1.26107565359402e-10,1.18640134204995e-06,0.998788055991167,0.00121075748138333,2.92240583908648e-16,3
"19971",3.86528497099005e-45,7.21409958922566e-12,0.23156239220664,1.49969761028639e-07,0.768437457816385,5
"19973",0.988364534223868,0.00913254188527029,0.0007218932674054,0.00178100557616667,2.50472893724516e-08,1
"19975",4.28867010294661e-05,8.60708586133317e-05,0.0241149719597248,0.975756070288347,1.92285638089872e-10,4
"19977",1.13603691760125e-32,3.55609733493469e-13,0.999986872192835,3.20082124056752e-10,1.31274867273835e-05,3
"19979",7.03412436186872e-41,0.974737038607842,0.0252002975127069,6.72913339676728e-27,6.26638794508273e-05,2
"19981",0.0206103749163146,0.974707143150425,0.00466765057666463,1.7593997270365e-11,1.48313390014103e-05,2
"19983",0.0166931252532892,0.942320770772413,0.0409847077903578,3.62988760559248e-15,1.39618393625948e-06,2
"19985",0.737432494558576,2.3634842621802e-05,0.0030581849280326,0.259485623829871,6.18408985818545e-08,1
"19987",0.0167198776356117,0.889117678979531,0.0872470759420551,0.00691454107038727,8.26372415305505e-07,2
"19989",5.41513500631841e-29,0.984867735693257,0.014309514282054,3.06881568833037e-42,0.000822750024689263,2
"19993",8.47238530741248e-11,0.973664845522115,0.0263335301184185,1.08274692534559e-07,1.51600005012286e-06,2
"19995",1.64342507701072e-09,0.761627223560452,0.238372232878328,7.00908412331245e-09,5.34908710735843e-07,2
"19997",0.995048225062684,0.00389116082614371,0.00104581614708649,1.33517654291134e-05,1.4461986569238e-06,1
"19999",0.00271221619385956,1.00806078877953e-05,0.00255777035064251,0.994719881253123,5.15944874250549e-08,4
"20002",1.3300316425735e-31,1.68028883591897e-19,0.999999999896687,9.80069804568719e-15,1.03303532758443e-10,3
"20004",1.44234194418593e-09,0.79781284256203,0.202187150287442,3.04418293819726e-12,5.70514126707563e-09,2
"20006",9.40574898064797e-27,0.00336876711090908,0.996629774704057,9.32345378494986e-23,1.45818503398164e-06,3
"20008",1.05501459515027e-25,0.0117916872640301,0.988177062018408,4.66803313528701e-24,3.12507175623991e-05,3
"20010",7.85797805405938e-11,0.932154857071498,0.0676209076563487,3.80098878216441e-20,0.000224235193573303,2
"20012",4.47460176520262e-08,4.13315497422075e-06,0.951696359619867,0.0482994054750022,5.70041384895483e-08,3
"20015",1.89514581113011e-32,0.962525627061452,0.0374743727700894,1.84642238389269e-34,1.68458666209211e-10,2
"20017",0.998070131356556,0.000155662191035165,0.00151590769403315,0.00025828077006437,1.79883118100331e-08,1
"20019",2.33865474940383e-52,0.906126198881785,0.0937995535263522,2.90010178232383e-45,7.42475918629066e-05,2
"20022",1.84676089305031e-10,0.975176921605093,0.0248027583657848,1.57862172835388e-18,2.0319844445878e-05,2
"20024",1.7571713965718e-47,0.00109168378220164,0.545950247229285,6.32463380153029e-65,0.452958068988514,3
"20026",1.7571713965718e-47,0.00109168378220164,0.545950247229285,6.32463380153029e-65,0.452958068988514,3
"20028",0.978927783560134,4.26632245691565e-05,0.000881548225378083,0.0201469744104304,1.03057948809543e-06,1
"20030",1.15084764748523e-26,0.466883082006178,0.533116917099585,1.40176569682037e-19,8.94237149649964e-10,3
"20033",0.0171123265354183,0.115973969863135,0.00802521649552936,0.858819735650149,6.87514557681949e-05,4
"20035",2.29861995193829e-51,0.903268123691835,0.0965944848195549,2.22761557160986e-49,0.000137391488610689,2
"20037",1.27346268012853e-45,0.95435173403677,0.0455788490049969,3.12922893038371e-51,6.94169582331569e-05,2
"20039",7.23929475873949e-60,4.40510307259567e-11,1.4484195363205e-07,1.29626573883919e-91,0.999999855113995,5
"20041",1.93052889850997e-12,0.835666206852217,0.161554267030563,1.01418125934281e-18,0.00277952611528984,2
"20044",7.64316255328541e-17,0.21621527495856,0.728660723777245,4.55980051221906e-16,0.0551240012641944,3
"20047",2.17160560302095e-59,0.701677530637591,0.249017769921835,4.94010221820456e-39,0.0493046994405739,2
"20050",4.49507788072824e-21,0.637722126259799,0.0381595554560657,7.79524093808043e-21,0.324118318284136,2
"20052",0.0138550017735308,0.883510225143486,0.02017241068994,0.0811753327481188,0.00128702964492396,2
"20054",8.92290600664719e-19,0.961528450269681,0.0384715485634341,2.84768042764814e-20,1.16688467756141e-09,2
"20056",4.03695938579149e-13,5.00939521891135e-06,0.204509906124111,0.795484692788302,3.91691964469431e-07,4
"20058",3.10186419014097e-28,0.960399334202748,0.0395540008359978,3.79949430212361e-48,4.66649612546733e-05,2
"20060",0.87658951530896,0.0917017257479541,0.0317084802378178,2.60392624508195e-08,2.52666005675016e-07,1
"20062",0.0239081473335427,0.942989981073073,0.0330991204716766,3.49954398179525e-08,2.71612626771451e-06,2
"20064",7.83480944620562e-09,0.986192989126755,0.0138055466745265,9.63218598541409e-08,1.36004204896549e-06,2
"20066",1.91350090576106e-43,0.525951953737677,0.474047777385205,2.74550627098321e-29,2.68877118400236e-07,2
"20068",0.988854814620866,0.00524875247600816,0.00589639774736115,2.63559433362471e-11,3.5129408568175e-08,1
"20070",0.928365420654045,0.056260773004315,0.00786153660734415,2.71758648456168e-17,0.0075122697342955,1
"20072",7.76597606945343e-28,0.367364365460017,0.632629771186077,2.33414703340914e-45,5.86335390651858e-06,3
"20074",3.8994127871348e-15,1.92170551678812e-18,0.0104305453330304,0.989569454245463,4.21502233722813e-10,4
"20076",3.24933054568165e-08,0.000180073015316082,0.99485205094097,0.00496784341076764,1.39640880083658e-10,3
"20078",4.87060789850163e-11,0.981012706443464,0.0187940202417374,6.86598307482547e-13,0.000193273265406059,2
"20080",1.13718107485054e-40,0.983010979087374,0.016876793779304,2.54400927935957e-33,0.000112227133321462,2
"20082",5.69331302606338e-38,6.86805613044941e-06,8.00005956836934e-08,2.86891474523029e-49,0.999993051943274,5
"20084",3.11874191052071e-17,0.845724892848029,0.146649526394719,4.72688590806501e-07,0.00762510806866141,2
"20087",7.09242849588397e-11,0.929012794833686,0.0709827772055387,3.14574591030016e-26,4.42788985048218e-06,2
"20090",1.36914679373313e-39,0.962613481579632,0.0358969610103293,8.42990806801827e-34,0.00148955741003902,2
"20092",8.14244914033675e-15,0.000163594390819482,8.00900051985211e-05,1.29061384354123e-57,0.999756315603974,5
"20096",4.43475350538403e-09,0.0166473368190565,0.00122856073183958,6.93293758612336e-17,0.98212409801435,5
"20098",0.359420264122256,0.0529361572013059,0.00285280257113743,0.584661629600986,0.000129146504314428,4
"20101",2.14787416838715e-32,0.936590593650193,0.0621153008350607,2.57545893831467e-14,0.00129410551472035,2
"20104",8.79853415513328e-14,7.78320525229062e-13,1.28147181676496e-06,2.73771458041554e-40,0.999998718527317,5
"20106",7.02390311230384e-21,0.976131991532988,0.023867898454887,2.47716328089703e-13,1.10011877086707e-07,2
"20108",0.970751156707757,0.0248617317137656,0.0043098102958956,7.67250909384689e-05,5.76191643945389e-07,1
"20110",1.91206762531718e-10,0.0635860213581946,0.116700043316702,1.41773523215706e-06,0.819712517398664,5
"20112",2.07644357143801e-19,0.976371131879673,0.0218373934453136,4.42665515696335e-19,0.00179147467501365,2
"20114",3.11175179568695e-13,0.931831610903263,0.0678093085030608,1.73136416869241e-05,0.000341766951677792,2
"20116",9.18907040340771e-15,0.840094747032055,0.1599033557786,1.85701826139927e-06,4.01710743685376e-08,2
"20118",0.0146671877638454,0.97054195587339,0.00280614165839941,0.0118027455535267,0.000181969150838124,2
"20120",5.15964552809346e-22,0.923560980417084,0.075375797087297,6.52043761219661e-14,0.00106322249555407,2
"20122",7.93867642593134e-08,2.54275759546137e-08,0.00158210214062085,0.998417791829038,1.21600101487487e-09,4
"20124",1.06331462779997e-33,0.931026817104887,0.053836872013772,1.73958227830357e-41,0.0151363108813405,2
"20126",8.48904734435882e-54,4.15317908647137e-10,1.21221367631819e-07,4.21014334769231e-62,0.999999878363314,5
"20128",1.62685158081654e-81,1.54539929627911e-06,0.000181013130934696,4.58379294846958e-73,0.999817441469769,5
"20141",5.03552117309117e-07,5.9958204839101e-07,4.32295603883445e-07,5.7133551060314e-21,0.99999846457023,5
"20143",2.77594557097265e-25,9.318852984827e-15,0.993331565271238,0.00666706932367399,1.36540507864256e-06,3
"20145",1.02851073081391e-11,0.983443969113272,0.0163359086830285,3.73144347560384e-15,0.000220122193410723,2
"20147",3.66176543517529e-13,0.989924267110926,0.0100534540678643,2.78563144635913e-14,2.22788208157559e-05,2
"20149",9.31512758099044e-06,5.97956322347332e-09,0.00528429913256244,0.994704847665415,1.53209487860534e-06,4
"20151",0.65584323739549,0.0189898796205125,0.00211031960882964,0.323055909114342,6.54260825380452e-07,1
"20153",3.57964584420668e-08,0.0159824932623549,0.0262113886693162,0.812136332808256,0.145669749463615,4
"20155",1.0140472958637e-23,0.975698075111058,0.0243005133066955,5.75898832211299e-24,1.41158224615954e-06,2
"20157",0.0704052883594262,0.0022447478167261,0.0327591813914297,0.894588616752152,2.16568026630091e-06,4
"20160",2.47547700202726e-14,1.0807655142765e-14,0.000116523518144377,0.9998834734677,3.01412023112131e-09,4
"20162",0.00013293236891784,4.6307800134399e-10,0.00025584327397625,0.999611216566219,7.32780941462927e-09,4
"20164",3.16777337473948e-08,0.000222309838111064,0.155421028131864,0.844233759857421,0.000122870494869639,4
"20166",4.02132555605968e-39,0.000797018830989374,0.999202981053212,1.37688121417277e-19,1.15798502957847e-10,3
"20168",4.00973850857462e-33,6.12247788007059e-15,0.999999999999262,5.24101871127367e-25,7.31535198122091e-13,3
"20170",0.000138504321596514,0.00102876779489682,0.000362022785002738,0.99842750992873,4.31951697738133e-05,4
"20172",1.08017664448467e-11,0.991571871304744,0.0082177089173088,1.55495324806716e-27,0.000210419767145977,2
"20174",0.961507957385552,2.04445878782904e-07,0.0372567756976926,0.00123505553268312,6.93819356150451e-09,1
"20176",2.045713789221e-23,4.44165370471773e-10,0.999999954413991,5.56114488234873e-25,4.51418433136034e-08,3
"20178",1.13579520618138e-15,2.74281966930636e-15,0.000166560517985636,0.99983343111839,8.36361989850002e-09,4
"20181",6.36657262302259e-31,0.324432868056111,0.675567130157383,1.16089210101891e-13,1.78638945868119e-09,3
"20183",0.903375955843576,0.0950189075869595,0.00107423831312006,1.83067842735123e-14,0.000530898256326413,1
"20186",0.0219370446755651,0.584085363492995,0.384632723148363,1.34642424900307e-38,0.00934486868307722,2
"20188",3.19874389966355e-12,3.77436275800245e-12,0.000751796574908627,0.999248190592183,1.28259353733231e-08,4
"20190",4.07117189543978e-32,0.979461389024755,0.0205385720351341,1.20277392778252e-27,3.89401104953901e-08,2
"20193",1.69372718166318e-34,3.91358395065194e-13,0.999999596122812,3.96165338165655e-07,7.71145873650945e-09,3
"20195",7.30751616919425e-08,0.0464841728237501,0.0965902399268775,0.856835458137893,9.00560363181038e-05,4
"20197",1.32377801315424e-15,0.980576200580773,0.0192499835977464,3.64841063586208e-23,0.000173815821479618,2
"20199",4.41854770173159e-06,2.9362226337707e-06,0.00104883049936987,0.998931692150525,1.21225797696913e-05,4
"20205",2.44005821011865e-33,1.12898211527231e-06,8.06330212507393e-08,1.09056142216152e-56,0.999998790384863,5
"20208",0.0102081069315081,0.921918497450146,0.0482778602453809,0.0194218926206348,0.00017364275233037,2
"20210",6.95091123189134e-05,2.63122234468742e-08,0.000143789711997029,0.999786631446825,4.34166360726898e-08,4
"20212",0.00167243658793506,0.00167024627099688,0.0109371475274947,0.985696902729226,2.32668843475633e-05,4
"20216",4.59603547493222e-17,0.96368420412857,0.0363157811623198,5.02017900285346e-16,1.4709109296376e-08,2
"20219",5.06052638314855e-17,0.621728437927108,0.0130941942988279,9.44057917100581e-19,0.365177367774064,2
"20223",5.39012454814177e-53,0.00196006853267902,0.998025502804081,6.10504874351263e-68,1.4428663240191e-05,3
"20226",1.31002708194561e-09,0.907390107420969,0.0925950351504294,7.03812129584695e-10,1.48554147627185e-05,2
"20230",5.6923118604667e-38,0.983412133267795,0.0165768839689889,1.11680203279508e-35,1.09827632162376e-05,2
"20233",5.98454922188183e-24,2.62432429797022e-15,4.77628495865003e-10,6.25508378405579e-41,0.999999999522369,5
"20235",1.34089910503694e-35,0.0512403126581244,0.394021543665735,8.28492726939359e-57,0.55473814367614,5
"20239",3.25964244219195e-14,0.332889892232184,0.667109921835981,2.26080426040784e-31,1.85931803141659e-07,3
"20254",1.36599918999951e-47,2.60186414140876e-05,5.64900020195678e-07,2.87814209455906e-52,0.999973416458566,5
"20256",4.23427786070475e-23,0.991052731906347,0.00867870764913828,1.93895157453621e-38,0.000268560444514557,2
"20262",0.00788524731069211,0.000232995864703742,0.000210870256344794,0.991670734836137,1.51732121908064e-07,4
"20270",1.51659158763022e-22,0.0190032035771557,0.980996796178697,5.3318555058201e-18,2.44147761260487e-10,3
"20284",6.034838024619e-06,0.12869595075657,0.0276183413157075,1.88286615742313e-22,0.843679673089698,5
"20287",7.24761196406636e-50,0.823943500017783,0.176055690739832,3.39006292536423e-53,8.09242385105556e-07,2
"20290",4.14586850581613e-24,0.000135381269437659,5.99727819177396e-05,2.80211142239671e-26,0.999804645948645,5
"20293",4.32810875902449e-08,0.996543460158963,0.00197742989745481,3.97859403830568e-15,0.00147906666249004,2
"20296",0.00325909581064787,0.0293136690277471,0.554385192306344,0.413042042852601,2.6596582182693e-12,3
"20301",8.31981395842006e-71,0.00962277159915204,0.990366136642472,2.71628181156783e-34,1.10917583757622e-05,3
"20304",3.8465422484784e-33,1.0473429694563e-05,5.73540318297636e-09,6.76385156951588e-49,0.999989520834902,5
"20306",7.11968591441885e-34,0.969879252808451,0.0278870451662522,1.355964109511e-45,0.00223370202529694,2
"20309",2.97095201053625e-11,0.995186933579205,0.00292886947684973,1.08184975031061e-15,0.00188419691423517,2
"20311",2.9261509787987e-18,0.849328277748209,0.15066540908811,3.63073469515433e-14,6.31316364401748e-06,2
"20314",0.400256597503112,0.159415832600787,0.00186549846748579,0.438415151607314,4.69198213010194e-05,4
"20318",1.11855786480833e-24,5.07360949369424e-11,0.998465861271289,0.0015341333974722,5.28050299960579e-09,3
"20320",1.63641650303093e-06,0.0569744869638205,0.935175927471944,1.38183200385192e-14,0.00784794914771878,3
"20326",0.383841948637862,0.561333458893772,0.00254201699563177,0.0495742730928831,0.00270830237985132,2
"20328",0.000667320355893955,0.73391298097367,0.246688707119834,3.32093504400038e-28,0.0187309915506017,2
"20330",5.29234218181468e-24,0.659263920048726,0.340686768088958,5.31318428119572e-31,4.93118623162888e-05,2
"20336",4.1157734257725e-10,0.00655401772609737,3.89505438734227e-06,1.0059208646671e-34,0.993442086807938,5
"20338",8.23372712737164e-23,0.0082251086274491,1.0331573009142e-05,1.36344671106904e-22,0.991764559799542,5
"20340",9.34452712514626e-38,0.700153965398324,0.299709789436217,6.99264943229527e-42,0.000136245165458676,2
"20342",2.17755893092119e-51,1.66380301854505e-16,0.000679353418637318,4.98178020608921e-43,0.999320646581363,5
"20344",5.66064268075679e-19,0.988723252086866,0.0107928508732134,9.49354276661516e-31,0.000483897039920884,2
"20349",1.72285405478175e-26,0.989212482862135,0.0107610507754851,8.42275679654729e-40,2.646636237971e-05,2
"20351",2.66236001332512e-11,0.991503321755916,0.00773997656108323,3.35789040507649e-15,0.00075670165637373,2
"20353",1.11356167459297e-32,0.894323705749648,0.0738791464088604,8.13258361482001e-36,0.0317971478414914,2
"20357",6.2171259928562e-37,1.27574477904178e-05,1.4253639960411e-05,2.95378249324347e-66,0.999972988912249,5
"20360",1.74697934204772e-42,4.70575844456008e-09,0.0945643511937568,1.54529746227647e-54,0.905435644100485,5
"20364",2.03236974024183e-12,0.98612859861262,0.0138224366993225,3.80774962305583e-18,4.89646860251477e-05,2
"20366",5.44437850692506e-16,2.11115960418255e-05,1.19348200461862e-07,1.98356037798863e-38,0.999978769055757,5
"20381",2.61587815899655e-10,1.67876899434985e-13,0.999715849850997,8.76048007662879e-10,0.00028414901119977,3
"20391",3.77119734519148e-13,0.00203637896437196,0.995731102304057,2.04707681808557e-55,0.00223251873119418,3
"20394",0.83115254812805,0.0941058832125368,0.0747407958054368,5.26455511917082e-09,7.67589421803221e-07,1
"20396",0.0349711449011284,7.82477855702738e-09,0.956736790074794,0.00829202815495506,2.9044343526145e-08,3
"20409",2.86421685190267e-09,0.756544087565549,0.243358230805879,4.10732986977283e-05,5.66054656574556e-05,2
"20411",4.1895535184473e-23,0.70385544155771,0.00290494247343608,1.12557862442693e-44,0.293239615968854,2
"20416",1.03726873942505e-67,4.4861330308977e-06,1.57955142518825e-05,4.38469319918404e-87,0.999979718352717,5
"20418",0.00454806544162036,2.75153900786007e-10,0.815759479689382,0.179692434031336,2.05625081005378e-08,3
"20420",1.11916575142847e-16,6.21066895796675e-11,2.31437888623823e-09,1.51846812413738e-34,0.999999997623514,5
"20422",1.26627295491638e-30,0.91833443412624,0.0816655639317962,3.85809527356518e-23,1.94196407171022e-09,2
"20424",4.04138472776289e-23,0.971513397419608,0.0162384526776306,1.11171643984143e-40,0.0122481499027611,2
"20426",1.89637592301244e-47,2.03454934718706e-16,6.21921616241922e-09,5.21283844920348e-35,0.999999993780784,5
"20428",9.02429433750639e-10,0.954583387182155,0.0454165071951342,1.87778165216776e-19,1.04720281182216e-07,2
"20431",2.25956522625851e-11,0.823783781029232,0.158317449894104,4.61858845867001e-05,0.0178525831694809,2
"20433",4.80891858632391e-52,0.0238767349481906,0.976123082134922,5.75994496299164e-49,1.82916887033862e-07,3
"20436",6.32026482631496e-33,1.86666206607319e-08,0.999999945109489,1.52537933806509e-28,3.62238900932022e-08,3
"20439",0.935335621928583,9.43057228340074e-08,0.0646277348136621,3.65442172151719e-05,4.73481713655932e-09,1
"20441",1.52541292277688e-30,0.000134613546888466,6.24006792880879e-06,1.38966760120971e-39,0.999859146385183,5
"20444",1.40978774496596e-08,3.02570705937486e-13,0.000410566973845155,0.999589413195624,5.73235077862546e-09,4
"20448",1.5026283277601e-07,0.0167969856647746,0.0156554490916555,3.1918455727646e-07,0.96754709579618,5
"20536",0.698120359285933,0.000516556521400849,0.301363042697648,8.08854233911188e-17,4.14950184702396e-08,1
"20538",3.20539914792973e-14,0.00173853837961923,1.24000611977928e-06,2.7656776314844e-40,0.998260221614229,5
"20541",1.92477146968686e-38,0.94294474067904,0.0392687952956253,4.63029036766862e-42,0.0177864640253349,2
"20544",3.41338798111569e-05,0.996025214443205,0.00357739398490076,1.03629410211579e-11,0.000363257681720179,2
"20546",1.10862161086999e-16,0.980306304658884,0.0194134959816002,2.17077216500146e-35,0.000280199359515715,2
"20550",1.44419854964083e-16,0.450414625702255,0.549571301272127,2.49885005044289e-16,1.40730256179102e-05,3
"20553",1.32298495027436e-105,1.80886077923822e-12,9.13073849608597e-05,1.54335107144672e-67,0.99990869261323,5
"20555",4.9018609845531e-22,5.7375313995266e-12,1.61623589118404e-08,2.68429321605745e-54,0.999999983831904,5
"20557",8.95390763042926e-14,0.944830026521273,0.0111529411450211,2.77954750979047e-14,0.0440170323335882,2
"20559",4.68428639483115e-17,0.982967381868391,0.0170317577806351,4.92770207159191e-17,8.6035097411457e-07,2
"20561",9.88844689483353e-05,0.00553056583473649,0.00246800395704989,0.99189032514489,1.22205943749081e-05,4
"20564",1.13579520618138e-15,2.74281966930636e-15,0.000166560517985636,0.99983343111839,8.36361989850002e-09,4
"20566",5.98034758236465e-10,0.987803647105097,0.0121963519265231,5.66785445188486e-13,3.69777995348185e-10,2
"20569",0.00857434660372582,2.06925167574531e-05,0.00489260797266111,0.986512332597661,2.0309194115468e-08,4
"20572",7.12516665059565e-08,2.82030074457307e-07,0.196110342599106,0.803889301707366,2.41178639073303e-09,4
"20574",1.98637479201231e-24,0.981502944086665,0.0171820913655543,7.61736342690556e-19,0.0013149645477804,2
"20576",1.70148190875543e-13,2.09122043542813e-10,0.000452098622608528,0.999547863751606,3.74164933885785e-08,4
"20578",1.23324508969417e-06,0.986593746878795,0.0133981666582615,3.66654529786103e-07,6.48656332422114e-06,2
"20580",5.93361996146523e-06,0.976703463999287,0.0232905485697819,3.43070213174956e-12,5.38075390552409e-08,2
"20583",9.36161757173091e-13,9.67441908482989e-12,0.000157382797080283,0.999842606410724,1.07815846337494e-08,4
"20586",2.25379382482686e-07,0.984137370461946,0.0158511330696585,5.37155881719463e-24,1.1271089012442e-05,2
"20589",5.15458979643548e-27,0.978896294159932,0.0210750338792684,1.58286370467416e-42,2.86719607999696e-05,2
"20591",9.21797912395884e-09,0.0197079121006293,0.00384548297006929,5.38896619987249e-29,0.976446595711322,5
"20593",1.96822621340139e-59,0.838635071946852,0.161361046361234,7.57342349296228e-42,3.88169191405518e-06,2
"20595",6.16736939127346e-15,0.997403038840822,0.00242010978785105,7.31728141175962e-15,0.000176851371313345,2
"20597",0.000272572819705292,3.59559029534931e-12,0.99972741833261,3.13876219280424e-22,8.84408873909132e-09,3
"20599",1.54458838763275e-16,2.32633818228745e-14,0.000418411951622957,0.999581586038456,2.00989788224673e-09,4
"20601",0.896641192850508,0.101588921862049,0.00175906806068743,1.4579628275746e-07,1.06714304729114e-05,1
"20604",6.97719949147391e-38,0.980240221064037,0.0197583515323729,3.69916505275049e-26,1.42740359057793e-06,2
"20606",2.40900579023921e-31,0.976762469685924,0.0232374275733855,2.77258476037971e-31,1.02740690273257e-07,2
"20608",2.24408988917707e-23,0.989156006714687,0.0108439756654214,4.38305995292566e-25,1.7619891874835e-08,2
"20610",7.66445367720244e-13,2.97558764957516e-07,0.00390938064517209,0.996085674671923,4.64712337383258e-06,4
"20612",8.19503891145312e-41,2.78822286781175e-14,0.943332765046855,1.19693385279334e-50,0.0566672349531168,3
"20614",4.54291572150247e-05,7.16859514116833e-08,0.00035616908802396,0.999598194226789,1.35842020301518e-07,4
"20616",0.00492018195225713,0.259937877373439,0.735139636782046,1.99768776706236e-09,2.30189457026358e-06,3
"20618",5.01275140758662e-20,1.10442030111832e-05,1.09490138957908e-06,9.73769173830123e-29,0.999987860895599,5
"20620",2.39797594890313e-30,0.104913347886499,0.895086087492972,2.09054838015828e-21,5.64620528595181e-07,3
"20622",5.42821997835722e-12,5.71901509093777e-08,0.00371454286874244,0.996285322673693,7.7261985503718e-08,4
"20624",7.0757495029872e-25,0.524392079888465,0.000445975926461691,4.07700922156571e-41,0.475161944185073,2
"20626",2.84006651856249e-18,0.0559034874399119,0.944096508179156,3.3336656734376e-15,4.38092881087845e-09,3
"20628",4.46985815816787e-16,0.0301916156090147,0.969770167731139,3.97918584697626e-25,3.82166598459128e-05,3
"20630",1.07634032950688e-19,0.959329608503775,0.0406702869766296,2.13057920031672e-11,1.04498289059384e-07,2
"20632",1.35211823471372e-06,4.54223016804243e-12,0.00207116401312055,0.997927483328979,5.35123951295243e-10,4
"20634",2.15157750419351e-30,0.983541128118172,0.0164583290101718,7.05431787107901e-31,5.428716558965e-07,2
"20637",7.50555530814431e-39,0.000578237809572402,0.000281965534100245,1.05986148383243e-28,0.999139796656327,5
"20639",1.00759251871372e-07,1.71106212029973e-05,0.00318395444589084,0.996788011690411,1.08224832437991e-05,4
"20644",2.16979142649999e-95,5.22642059540205e-12,0.00868368669187294,2.63873659623255e-82,0.991316313302901,5
"20646",5.03502016538471e-50,1.57120153972064e-06,0.9989857536309,2.38804985487129e-42,0.00101267516756,3
"20648",0.454693110289094,0.0164166948772844,0.000712333904625542,0.528089764538648,8.80963903486815e-05,4
"20650",1.16028556154157e-35,0.0593681018564463,0.0262270524711709,6.46531547219426e-49,0.914404845672383,5
"20653",0.000325374874766335,0.0185938760468848,0.980983708224939,7.44744173300406e-12,9.70408459622529e-05,3
"20658",1.25765760601014e-27,0.901065218220519,0.0989347664386322,2.86431692275357e-41,1.53408493771585e-08,2
"20661",2.81042206536286e-24,4.36302303403606e-07,1.50749306185332e-07,1.26973511534899e-56,0.99999941294839,5
"20663",0.00283480919667277,0.992142860334543,0.0048584681655072,1.19614769104391e-17,0.000163862303277224,2
"20665",3.65555717486545e-16,7.29373122814745e-14,0.00236676183753509,0.997633238139885,2.25063910074561e-11,4
"20667",8.52146166022573e-10,0.0417086486868985,0.958091682074476,1.49543186774491e-16,0.00019966838647882,3
"20669",0.0587259641513002,3.29006612187007e-09,0.941260364112984,3.96401177872902e-19,1.36684456500589e-05,3
"20671",2.67029900202467e-20,0.310225385596955,0.00106297922978353,7.42511140301961e-19,0.688711635173262,5
"20673",0.000588922923828181,5.16708739422645e-13,0.999411073466625,2.33353905309545e-15,3.60902732876201e-09,3
"20675",0.170984332848251,0.0266479678440705,0.802367560457197,1.24483877448868e-21,1.38850481395667e-07,3
"20677",0.000664962557139517,0.946104867447531,0.0532300470890107,1.83567003916261e-21,1.22906318786901e-07,2
"20679",0.129362093006079,3.51727603404345e-10,0.870633057607716,1.59054106269193e-08,4.83312906710659e-06,3
"20681",0.996699501821704,6.74023949282765e-05,0.00323260215322686,1.84381694206468e-19,4.93630141128887e-07,1
"20683",6.88833346396728e-07,0.831617006821574,0.168382139989679,1.21170728609251e-19,1.64355400033992e-07,2
"20685",1.26783483179365e-16,8.07172230832304e-11,4.38280296371547e-08,1.18723202890987e-36,0.999999956091253,5
"20687",0.92662334351033,2.02220314024692e-05,0.000533362574505298,0.0728217061560588,1.36572770373164e-06,1
"20689",6.41898575116143e-73,5.22073650282325e-12,1.31821868751958e-06,8.37898326793841e-90,0.999998681776092,5
"20691",6.78581582032814e-08,2.11748913332223e-11,0.000308208800458755,0.999691673631835,4.96883735806492e-08,4
"20693",2.93441515916026e-32,0.931981350925311,0.0677071368352266,6.34777340332787e-46,0.000311512239463059,2
"20695",0.818261293740481,0.0897032498228142,0.0111072904506635,0.0803006406630636,0.000627525322977624,1
"20697",5.230496038208e-26,0.96494655717919,0.0350505508324529,1.85672553406693e-15,2.89198835556014e-06,2
"20699",0.000379338583179945,0.952801054500816,0.0468195906259975,1.21973581061886e-15,1.62900051297159e-08,2
"20701",4.37139777057285e-11,0.963335650385425,0.0366473251233,3.66582268724853e-31,1.70244475610909e-05,2
"20703",5.8965791311177e-18,5.15390567892491e-17,0.995911131828271,3.14964665798283e-33,0.00408886817172918,3
"20705",3.89919203438347e-20,0.91292039184811,0.0870696021913741,4.89197486923906e-31,1.00059605156941e-05,2
"20707",0.908471306989634,0.0871056494391364,0.00435921596632184,4.49986801535353e-10,6.38271549206278e-05,1
"20709",4.02054946260849e-10,0.0367935149966312,0.961756669012619,0.00144925705684043,5.58531854423827e-07,3
"20713",0.000878502132490775,9.00507153734762e-05,0.000501154925440221,5.91869764926265e-14,0.998530292226636,5
"20715",1.37688874109519e-81,6.27410275205972e-08,0.958505182627873,5.11989123038653e-29,0.0414947546310996,3
"20717",0.990206619694415,0.00611233555847087,0.0035164176422356,3.70531893693931e-05,0.000127573915508694,1
"20720",1.04388890431478e-16,0.978874455732682,0.0208729081760644,5.64438333703538e-18,0.000252636091253864,2
"20722",6.279996618374e-11,0.961348006172516,0.0386519170706947,5.30869746364015e-17,7.66939894286747e-08,2
"20724",0.997865079205505,0.000419177167535275,0.000210083955155503,0.00150551419480734,1.45476996425672e-07,1
"20726",1.28443024287129e-32,0.900936395844996,0.0989136531872515,4.82408717856753e-43,0.000149950967752859,2
"20728",0.999305329979908,3.34848740248774e-05,0.000660994919067748,9.83058270579471e-14,1.90226901249192e-07,1
"20730",0.969546706467962,0.0196243310235896,0.000580391168798811,0.0102400640874437,8.50725220561438e-06,1
"20732",2.63498440658441e-28,0.00270201613130547,0.997037399691623,2.21728028462247e-36,0.000260584177071593,3
"20734",0.000707346791853197,0.965407762445565,0.0338814627481852,1.09204998971857e-13,3.42801428776328e-06,2
"20736",0.000200687921245449,9.76015379914705e-06,0.000957862394043348,0.998831670662394,1.88685183639295e-08,4
"20738",7.65156882851092e-48,5.86973799548029e-12,0.999999996563105,2.88644232623781e-30,3.43102552024581e-09,3
"20740",4.14437534428813e-15,0.0143948709793689,0.00218133868346862,1.89672541686972e-61,0.983423790337158,5
"20742",0.906826030202245,0.00408527192783068,4.32830885697684e-05,1.08868530766702e-16,0.0890454147813542,1
"20744",0.000126098194488959,5.33868658267674e-10,0.00930359836719285,0.990570302795803,1.08646972397511e-10,4
"20746",0.237471887457124,0.756048066032847,0.00647378838517105,9.94154636384017e-13,6.25812386392672e-06,2
"20748",0.97418744959758,0.000264199798138056,0.000116452027707721,0.0254123567122314,1.95418643428171e-05,1
"20750",0.362945653459597,0.0054875226452503,0.00719073234821028,0.624376086160853,5.38608929477006e-09,4
"20752",4.19076356469361e-08,0.981550985711784,0.018425175955966,1.7373503553208e-24,2.37964246140856e-05,2
"20754",2.68749086117606e-05,5.9896240741861e-12,0.999973123022324,1.74114193855241e-16,2.06307429162246e-09,3
"20756",0.0092404113850137,0.875135722368956,0.038040928946,0.0775779005221933,5.036777836653e-06,2
"20758",3.18434328770225e-17,1.30107766227737e-07,0.999999869880647,5.06221360112884e-12,6.52460111361491e-12,3
"20760",0.975668104660466,3.48414186443401e-05,0.00180494670838568,0.0224920893690259,1.7843477960048e-08,1
"20762",0.000133775425383358,2.75035245857204e-11,0.999866104385095,8.32059792405436e-21,1.20162017874335e-07,3
"20764",0.432589350474021,5.73808819357617e-06,0.00782359893128007,0.558989859561956,0.000591452944548684,4
"20766",0.704299663332185,0.000316045754037388,0.00087984851698491,0.294503360487058,1.08190973463759e-06,1
"20768",0.00456382845936184,0.00199944607426275,0.000397218630145581,0.993037808283205,1.69855302451096e-06,4
"20770",0.000309706963106346,0.00685427975138621,0.99283514732407,1.59634096042782e-20,8.65961437247788e-07,3
"20772",1.39536409624743e-32,0.979424872065663,0.0205751180797204,2.2720541974556e-26,9.85461652636532e-09,2
"20774",2.17206825197261e-72,0.00186056820835742,0.997857434694537,8.27893124736153e-69,0.000281997097105331,3
"20776",0.0888793348865026,0.857929833894978,0.0484007351018973,3.1044262870485e-24,0.00479009611662158,2
"20778",2.80540622758785e-83,4.42726349055565e-06,0.00586587197540514,9.26135027319207e-60,0.994129700761104,5
"20780",5.0055057882577e-19,7.61368548309226e-17,0.999999999263252,4.16010604969338e-17,7.36748258548539e-10,3
"20782",2.18011106673446e-05,2.2238927468978e-13,0.999977561551031,7.21573521827753e-15,6.37338072329385e-07,3
"20784",6.55924316787457e-05,5.82116355881438e-10,0.99993406238044,1.47087949220081e-19,3.44605765283447e-07,3
"20786",1.75411354774259e-13,1.82597519976039e-15,0.0928285452154005,0.907171454036359,7.48063214198411e-10,4
"20788",0.872302946580041,0.12638094660699,0.00107665586343912,2.406404646725e-10,0.000239450708889406,1
"20790",0.942181901174093,1.63368621507269e-05,0.0577267895920656,7.49533073938292e-05,1.90642964759179e-08,1
"20792",3.46520818353409e-07,0.793354550615957,0.205622762802654,0.000153750616151376,0.000868589444418686,2
"20794",0.941460949371799,7.16054546571922e-07,0.0577772247743043,0.000761108205596264,1.59375453616574e-09,1
"20796",2.20732555081095e-26,0.983526509925162,0.0163094353730654,6.87870984005783e-36,0.000164054701772802,2
"20798",1.13579520618138e-15,2.74281966930636e-15,0.000166560517985636,0.99983343111839,8.36361989850002e-09,4
"20801",2.75749307463835e-23,7.54698803871349e-09,0.999985620405329,1.43159982913971e-05,5.60493912948371e-08,3
"20803",0.0713649721020618,0.884438273808203,0.0372280329165085,1.63045057706471e-14,0.00696872117321085,2
"20805",0.000504768847571663,0.979089737613162,0.0204039740103097,5.09791978251833e-18,1.51952895665503e-06,2
"20807",1.13579520618138e-15,2.74281966930636e-15,0.000166560517985636,0.99983343111839,8.36361989850002e-09,4
"20809",0.289095734218636,0.136409339672249,0.171456069672423,2.22612974116686e-17,0.403038856436691,5
"20811",8.39125888806937e-21,9.08742919697732e-06,0.999979734541056,1.82828503566998e-08,1.1159746896465e-05,3
"20813",3.78163739476461e-10,0.0780733417164858,0.921842183674143,1.1791446344621e-06,8.32950865728124e-05,3
"20815",4.57170693305211e-18,3.24350649184189e-20,0.948248071052928,0.0517519281928722,7.54200288227316e-10,3
"20817",0.998369566337528,0.0015171975219263,9.41289164417907e-05,1.66089766665264e-05,2.49824743774258e-06,1
"20819",0.0022312165673776,0.964008466924685,0.0333283254010258,2.1088289545467e-22,0.000431991106911573,2
"20821",3.8910389164019e-50,5.45257346418802e-12,0.999999999990826,5.88452525099643e-32,3.72104107159761e-12,3
"20823",0.00230693623456242,0.994652200961689,0.00284726829236534,5.66352144626743e-09,0.000193588847861573,2
"20825",0.998981259825587,0.000253332456268808,0.000764450534998032,8.67560810215337e-07,8.96223360215732e-08,1
"20827",4.27599916925131e-07,0.0024400342984771,0.415138162779715,0.582034007496081,0.000387367825810514,4
