"","V1","V2","V3","V4","V5","V6","V7","V8","V9","V10","result$classification"
"19811",2.19156620173349e-07,0.926346365577678,2.13988270756349e-10,0.000178463596183313,0.0516487097438551,1.55729084568942e-05,9.86997974551685e-06,0.000415318275964629,0.0213854794583657,1.0891420424767e-09,2
"19813",6.67647625330337e-09,5.05237880830358e-05,1.2621953020807e-12,3.56364673692759e-07,6.2997283402578e-08,3.02278967335287e-09,3.11093523106119e-08,8.84415895964228e-08,0.999948919149021,8.44946869368643e-09,9
"19815",8.66207596825533e-05,0.965997395172543,1.78540022224183e-05,0.00346164139051465,0.0194569831162262,4.34594407433733e-08,0.000851786846688248,0.0101274601983228,2.13657822654259e-07,1.39653635886552e-09,2
"19817",3.05978890846584e-06,0.639210512226317,2.76360547293353e-07,0.00470080697597476,0.352383686676188,1.37915307635674e-05,0.000105014137409467,0.00358015118872653,2.70089774507858e-06,2.17419585757972e-10,2
"19819",0.218236759744245,8.61973709306834e-07,0.713079846909355,0.0636707145674012,3.7422126618055e-07,7.27470738176492e-09,6.02024449551628e-05,1.09024688218734e-05,9.35953432468737e-12,0.00494033038617887,3
"19821",4.16595473304066e-05,0.442439324041793,5.30892079144294e-09,0.00503661848741929,0.537980835952876,0.001748127139451,6.09755512485376e-07,0.000277363300409437,0.012475363398848,9.30674397877906e-08,5
"19823",5.81658341674198e-06,0.249701905553979,0.00114563488312285,0.00153270331492398,0.0480988245949796,1.42934145824599e-06,0.6993294434509,0.000183937067146645,2.99271388285422e-07,5.93868526945975e-09,7
"19825",0.00418096274582421,2.75240199876238e-05,2.51176280567234e-05,0.00415761642153373,0.00192906442748452,0.755355268408502,1.88225829943442e-06,0.00182156578691818,0.000893391495599719,0.231607606807793,6
"19827",7.98264522068408e-07,0.00504654927052992,7.41052030520995e-07,0.00109550233923703,0.984540323822452,0.00926812255473807,3.92518143831636e-05,8.67591622336876e-06,2.43673841534711e-08,1.05984999433433e-08,5
"19829",0.0450058407491088,1.49993237233381e-05,5.86425799353889e-05,0.950963524908332,0.000611214014736455,0.00120464046087309,3.48657845124893e-08,0.000135323162669451,3.85402902568956e-07,0.00200539453193406,4
"19831",0.0789630166268203,2.83704484873977e-05,0.0992158515403793,0.80159145129526,7.27578338716133e-07,1.3945413499962e-08,0.0029349928352692,2.43415315462552e-05,6.96042212682494e-08,0.017241164594264,4
"19833",5.98247693945422e-07,5.54301474996207e-08,0.0837352037659191,3.76823748527685e-07,1.42506636459355e-07,1.45546452585967e-05,0.912753222533754,0.00243277704368741,4.63735236473907e-07,0.00106260526791778,7
"19835",4.16595473304066e-05,0.442439324041793,5.30892079144294e-09,0.00503661848741929,0.537980835952876,0.001748127139451,6.09755512485376e-07,0.000277363300409437,0.012475363398848,9.30674397877906e-08,5
"19837",6.70861698947534e-06,0.0574031043424439,1.70743613373929e-07,0.0168142030650167,0.924957832854172,0.000783265813714789,7.18352497359072e-06,2.69946061513016e-05,5.32742011064873e-07,3.69091359626731e-09,5
"19839",0.0255992360783318,0.000123468777514922,2.55613182375512e-06,0.425537886357521,0.000734056737861266,0.00767544617140525,2.20428189642338e-07,0.000568928103925817,0.000340610466833972,0.539417590746593,10
"19841",2.16580642958611e-08,1.09559305783532e-08,1.68329353944441e-10,4.36252869579362e-07,0.000126555010491765,0.999834173344621,1.57690943973955e-10,5.9413540448177e-09,4.59244899264902e-06,3.42040616559488e-05,6
"19843",0.551772411853603,3.24292914182902e-05,1.21781815054507e-05,0.0130069817290694,8.67392737683865e-09,1.60517682277714e-09,2.75613582052907e-07,0.00121769747075169,0.00662364154807968,0.427334374032886,1
"19845",3.2586390839796e-08,0.186954995860534,5.60673295163021e-11,3.89478808312722e-06,0.000677426765090749,2.69249890570547e-07,1.00730456255123e-05,2.53692892190452e-05,0.812327938063522,2.95575862764056e-10,9
"19847",9.93745646602535e-05,0.989021643485055,3.64445197482931e-07,0.00604598011936829,0.00191900152436471,3.85436757496662e-08,0.000114515251711562,0.00200107162014252,0.000797979669283365,3.0776541296117e-08,2
"19849",5.42400257548397e-10,0.000111752116873206,2.21921461110073e-13,2.91482088114517e-08,2.57252235235517e-07,6.10928715606148e-09,3.42086059931387e-08,1.39722509316781e-08,0.999887905940134,7.09782470314258e-10,9
"19851",7.03878478793256e-07,0.957836748505529,8.95084859143721e-08,0.000295876064256436,0.0413257868472034,1.76365547932266e-07,0.000200375709998972,0.000336317640192923,3.92545537195516e-06,2.49350921102746e-11,2
"19853",2.90232072494651e-09,0.86878552007702,4.04644195546669e-08,4.9054375605277e-06,0.0553821688162192,6.47604047971745e-06,0.0690276413169964,2.73014013557937e-05,0.0067659435273712,1.62566433931088e-11,2
"19855",2.36137844528786e-08,0.491736261304685,1.07534070612015e-08,0.000266081770674687,0.506615560803656,0.000143123105873806,0.000486185651125381,0.000115135576367308,0.00063761740131483,1.91113333954218e-11,5
"19857",0.00018741984681247,0.370072335024036,3.01565836350142e-08,0.3167320024738,0.290055795551225,0.00189810377988085,3.35074472604081e-06,0.00734014295138095,0.0137102354524997,5.84019055583555e-07,2
"19859",1.31860396919633e-05,0.203669762243468,2.95612215744537e-06,0.0533167633240454,0.739362448784229,0.000629045466252509,0.000471311870942057,0.00253005249002246,4.44884752284998e-06,2.48116680964265e-08,5
"19861",1.33708752447303e-07,0.96721038591943,3.91599571075998e-10,5.29313558590561e-05,0.00393235797850428,1.42967896469819e-07,3.30145888709693e-05,4.08405649859139e-05,0.0287301923106172,2.13483768078789e-10,2
"19863",1.59806919602858e-10,1.72448578617807e-06,4.02183480987097e-13,1.46819902719965e-08,1.95848737405705e-05,0.00762716727160501,8.9588008038024e-09,6.90407795717417e-08,0.992350755688516,6.74838572355865e-07,9
"19865",1.75746381178994e-08,2.397371549702e-05,4.82753762912796e-10,7.53093252048899e-06,0.118235344152222,0.881728013459119,1.19130062032612e-08,4.59096015334854e-06,4.94424548165974e-07,2.23855417775375e-08,6
"19867",1.06988601097191e-05,0.998251435626685,3.33600676715768e-08,0.000177626977606035,0.000657621439558903,2.07366470286351e-09,3.08545036959337e-05,0.000453851137434577,0.00041787537591853,6.45258922610498e-10,2
"19869",6.10761748632667e-10,0.00637326054859536,5.5305799374332e-13,3.45784942059619e-07,0.000251428985496193,2.1012377321041e-06,2.62606802423644e-07,1.44707490681214e-07,0.993372455421892,9.57339478040242e-11,9
"19871",2.02842220957712e-05,0.0413314709947202,3.00990961303815e-06,0.104253183863843,0.852474191311175,0.00138146014500306,6.612295334302e-05,0.000469958423177245,3.05512733918286e-07,1.26642959333906e-08,5
"19874",3.2333528929142e-08,0.00333432983018472,2.81456246183772e-08,3.76306626976471e-05,0.935727488075505,0.0607105355336726,1.27665944459924e-05,0.000176586916072825,5.98286520476309e-07,3.62174709110803e-09,5
"19876",2.77300455037276e-09,0.0228102286313053,1.307106473389e-10,1.5827971971089e-05,0.96959572091049,0.00751957058164252,1.95973171382127e-06,3.05397033239902e-06,5.36352571036514e-05,4.17262970124735e-11,5
"19878",0.00190618332040308,0.000362559493793362,8.43273317842603e-06,3.26461070131048e-05,8.95350631610973e-06,7.92073685796541e-08,5.85782216756422e-07,0.997650606261161,6.31380434800483e-07,2.93222081146707e-05,8
"19880",1.55312149835101e-10,1.42558484090303e-05,1.9202094249067e-11,4.92623154958002e-07,0.0744427012479725,0.925536164268195,3.24561777080835e-08,5.64499855995424e-08,6.29580997699633e-06,1.12161402629911e-09,6
"19882",3.10607081582408e-07,0.820105432663137,2.24952909890549e-09,2.18589755366716e-05,0.0329239186755197,3.00787171279352e-05,9.0323996236676e-05,0.00270096369566702,0.144127108224153,2.19601136450427e-09,2
"19885",0.00035777702919436,0.618546137632366,5.56352532788988e-07,0.152558225669409,0.220979302197925,1.26339620241203e-05,5.74016099343806e-06,0.00753611849779512,3.49646140073883e-06,1.20363596452122e-08,2
"19907",4.2017271824249e-06,0.98733121166446,6.37263234485268e-09,6.07706891273616e-05,0.00200403361997454,3.75410554283847e-08,1.05837805198896e-05,0.000901611268654967,0.00968754290982477,4.26568043209424e-10,2
"19909",0.0368152811089324,0.000855664644448656,2.81952906752679e-06,0.962248694945674,2.08851711789612e-05,3.51679121409148e-08,1.36235995161081e-07,3.15945758012616e-06,1.12925724752336e-05,4.20311667358236e-05,4
"19911",0.00618898846256739,0.000134723791100921,3.86929369678373e-05,0.989909081186313,0.00152775878126084,0.000772384709687238,4.65591656991357e-06,5.48163784350541e-05,7.69296492274694e-07,0.00136812854060573,4
"19913",2.32564576438719e-10,1.07771210848565e-08,1.54566648541956e-10,7.75355698956373e-08,0.00056615747875987,0.99943356015524,2.94669003714759e-09,6.17929338872888e-09,3.53583719769459e-08,1.49181822150911e-07,6
"19915",1.9499262508395e-08,0.00571299231157544,1.0850291895712e-08,3.80416313063708e-05,0.986995926062016,0.00722299162692281,5.61632792398723e-06,2.42745447456921e-05,1.27012367795844e-07,1.33587918183933e-10,5
"19917",2.32539891999735e-07,0.000251615402809348,1.87599996501236e-08,0.000316737350980624,0.302734430156695,0.696650204439483,1.33878087332694e-06,4.37193893441464e-05,9.94881095951825e-07,7.08298826810429e-07,6
"19919",1.00367880220132e-06,0.0200751857118448,2.94310028686679e-07,0.00152111722281561,0.973413100376367,0.00333454263554285,2.18951401303553e-05,0.00163274004218485,1.17512623346803e-07,3.369660684451e-09,5
"19921",3.07258509672485e-06,0.992736258824263,2.45592825162824e-08,0.000471139005117344,0.00592821491859939,1.85569806679669e-08,3.18269831216723e-05,0.000800988991876542,2.84554934111368e-05,8.2251534645926e-11,2
"19923",0.000850327785068467,0.0836792936399021,7.58524590923442e-05,0.000233041372660502,5.19760992005656e-05,1.13903212205667e-09,0.000634545892509917,0.914470946131112,3.50657553002046e-06,5.08905892214875e-07,8
"19925",4.45812521193368e-08,0.00084848562602725,1.32958262257655e-08,4.67662917315917e-05,0.830279408259534,0.168749518591787,1.76961865754968e-06,7.38293323773489e-05,1.59089868920147e-07,5.31293738972079e-09,5
"19927",6.98107970556074e-07,0.843021829131846,6.57409616757756e-08,0.00147688393657881,0.155187080404322,2.15281649256572e-06,0.000153622641999655,0.000148459007207766,9.20816791338159e-06,4.47081082734852e-11,2
"19929",1.90326076106312e-10,2.41641488405775e-06,6.40150944462762e-13,8.95141216729672e-08,0.000598195527747286,0.712331402392895,1.01042717913788e-08,1.48591699754488e-08,0.287066900857679,9.70138265248109e-07,6
"19931",2.59509899501034e-05,0.548917661685425,3.07912068947225e-06,0.0106648216109506,0.439282509389778,1.67478560126961e-05,0.000244618834209142,0.000844350908969446,2.54764971242789e-07,4.83904413333563e-09,2
"19933",0.0336837127810024,0.0141784949514549,0.00019483669914245,0.933890345797327,0.0179584586992392,7.64599411147803e-06,6.68484379757398e-06,7.22255029950749e-05,2.71327453139018e-08,7.56759818441006e-06,4
"19935",0.0119719678354866,0.747423801211656,4.10765068756079e-07,0.145533739213506,0.0845771530926887,4.30998726480507e-05,1.35452715031114e-06,0.0101370139511558,0.000303944040548458,7.51549009086012e-06,2
"19937",8.3603934971875e-06,0.967565853149385,3.43720850253115e-06,0.00134448038711462,0.0289013045051846,5.65371039674384e-08,0.000927020531741293,0.00124911064608982,3.76536081344681e-07,1.05299264335364e-10,2
"19939",4.209728749976e-05,0.373157065582588,3.26891243999569e-06,0.00131891697512281,0.265389918057109,3.25501413841747e-05,4.90965551992783e-05,0.360005446453749,1.63762039339768e-06,2.41451468989768e-09,2
"19941",0.018162618058943,0.000108727059139197,5.25653720402234e-06,0.873432250522151,0.00203285138262674,0.0103703827347421,4.82630036597503e-07,3.47480203731134e-06,3.99094667482864e-05,0.0958440468063717,4
"19943",2.44965533890032e-09,3.3107757789406e-06,4.96098371058897e-09,2.83885175560073e-06,0.0565979754800051,0.943394681028136,1.74266663900673e-07,9.76599893030587e-07,2.65707137253624e-08,9.01641438748428e-09,6
"19945",0.0811813808127389,0.0108002561451398,0.000581851735775689,0.903762101469081,0.00120548616249318,2.6907020589298e-07,2.7052754188201e-05,0.0023771837613185,1.20690869986276e-08,6.44060199720423e-05,4
"19947",0.000869678675807728,0.000196395659046736,7.23436105315429e-06,0.453069422174281,0.0140027725006053,0.520778693935632,5.65542427130132e-06,0.00015621227808997,0.00906323138103897,0.00185070361017419,6
"19949",0.0198475082249461,0.0811979757771712,0.000900150204227485,0.00264663649429095,0.000397351040537546,7.30871531575837e-09,0.000128880728793761,0.894879863789058,6.90549125399272e-08,1.55737734669832e-06,8
"19951",1.99613207730798e-05,0.00923594387319491,5.51417147952185e-07,0.000846248433023076,0.853448014841861,0.0922057648679568,4.823905304957e-06,0.0442352856628228,1.71064833822881e-06,1.69502957697072e-06,5
"19953",0.0681131401723377,0.000472505065804015,0.865748504324441,0.0243192039091471,1.79564824425747e-06,3.4564329409987e-10,0.0404629005572482,0.000770323516730152,2.86330698684571e-09,0.00011162359709726,3
"19955",0.144970878031294,0.000953355870229774,0.0194954449324168,0.49428119237033,9.47123906263695e-06,8.83687341723583e-08,0.00156626848568765,0.327452824627718,2.31818083490772e-06,0.0112681578936926,4
"19957",2.83760532781313e-06,0.0020380462166841,4.1841488481479e-05,0.0517128457730579,0.5558249030842,0.384166237056499,0.0059871420522562,0.000216837547041077,6.75319572337414e-06,2.55598072925673e-06,5
"19960",0.245630799219245,0.000100280780767204,6.24283344581711e-05,0.747660963800821,0.000112337881830745,4.08827665423655e-05,8.76991189100548e-08,0.00468965160450834,1.17497689399187e-05,0.00169081814376853,4
"19963",6.62436498527243e-07,1.27546920767423e-06,0.000987861456858712,3.50715707206219e-05,0.00122362906525183,0.938931501550682,0.0459238797624762,7.77519784374378e-07,4.43621499451178e-06,0.0128909049535255,6
"19965",0.862800348550588,0.000137726808817717,0.000169809471735216,0.0348795964014348,7.5397561626869e-08,3.49725903853251e-10,6.75931733337625e-07,0.091766785467818,1.00167587740167e-05,0.010234964861811,1
"19968",3.07785621579194e-05,0.00108486824125121,1.16144660107127e-10,0.00153888157446248,0.0420540259125567,0.696303436766235,1.26441409324128e-09,1.61739412183989e-05,0.258867137741039,0.000104695880520425,6
"19971",2.15810988330177e-06,4.02511045064786e-09,0.000164117533172875,1.44031109467338e-05,8.79254373436954e-05,0.997820814801671,2.57058019424298e-06,6.28136301968786e-06,1.31893235829508e-08,0.0019017118493345,6
"19973",1.84770345785519e-06,0.378486525973672,6.7076645579653e-09,0.00205096841495279,0.618954682091354,0.00011407579290101,3.13917366257573e-06,0.000373838427862767,1.49152295610194e-05,4.849109613927e-10,5
"19975",2.29991481967513e-07,0.000812282978763466,5.48568600530543e-10,0.000231557325970352,0.491855482775543,0.507047648883788,3.2771334879629e-08,3.86690272662448e-05,1.40103990796999e-05,8.52982040577187e-08,6
"19977",2.63932645018735e-07,4.61108682979014e-06,5.84097116432868e-07,5.92372777588442e-06,0.00312903716940252,0.996208310320344,9.93381272439714e-06,0.000421447038987668,1.75617584331064e-05,0.00020232705574139,6
"19979",0.841284474080942,2.87378187420164e-08,0.00431421196017194,0.0966062959561707,9.36256981105483e-08,9.86020297628852e-08,5.66224159010907e-09,6.95593224785664e-06,2.70371681068016e-11,0.0577878354156422,1
"19981",0.00016909938689713,0.363685731038096,2.81872446004586e-07,0.600723576108387,0.0348637152363603,5.99077392289011e-06,3.36087105355679e-05,0.000281234343770772,0.000236690976301763,7.15532824683541e-08,4
"19983",0.00111786138621093,0.663772026008578,3.09043368776491e-06,0.15947568446047,0.00600042831563484,2.48360513251686e-07,6.07196514239788e-05,0.169425640760672,0.000144256560122633,4.40626869589904e-08,2
"19985",4.35434801272234e-09,0.00364206228288259,4.8662405018623e-10,1.95166265787423e-05,0.926638976753119,0.0696565600493246,1.39012793916177e-06,3.48704340688346e-05,6.61855318941641e-06,3.31925694234459e-10,5
"19987",0.000873356989533014,0.0483392622377392,6.79010696160605e-06,0.39625046581868,0.553061719322722,0.00135930962916179,8.55289239170366e-06,9.89738886903485e-05,6.21875870498385e-07,9.47238249456298e-07,5
"19989",0.970493459608305,2.31855225704046e-06,0.0121392132098674,0.0164567735732104,1.75802463085429e-08,1.36241137105952e-11,2.59433209472739e-07,2.77893676612703e-05,1.88985803680419e-11,0.000880168642720843,1
"19993",0.0395511226130589,0.0196390908665515,0.000232386627731154,0.0353989461816925,0.140553762652164,0.000671336894199125,1.68511060619709e-06,0.763932666799153,7.76464314170623e-08,1.89246084125998e-05,8
"19995",0.217385678174505,0.0366866582300838,0.000117516051868635,0.642175139610223,0.0576511156198173,0.000400952517905857,4.74371039148722e-06,0.0448884492459655,1.53999049422508e-06,0.000688206848745327,4
"19997",2.78694232948252e-07,0.313753070994424,1.48428879921145e-08,0.00045152161889441,0.685331177566037,0.000212784775520508,4.88591457360077e-05,0.000190661840474226,1.16297153960553e-05,8.06396227100767e-10,5
"19999",1.14033377013767e-08,0.136436330457768,1.95693331918461e-10,0.000108058923870779,0.861625935389031,0.00144225747161821,4.75585251274624e-06,1.41420438826728e-05,0.00036850821490212,4.7382837888623e-11,5
"20002",1.68486644777786e-06,1.36784043773952e-05,8.38561869178723e-09,1.30555200116183e-05,0.000677681426651498,0.679595620143422,6.82918036891484e-07,5.88463932029917e-08,0.302558767712268,0.0171387617767726,6
"20004",0.021051919991153,0.00441082586624399,2.68156977782405e-06,0.968908577460076,0.00519213550089331,0.000115112874314796,4.98475633049808e-07,3.09081415761013e-06,2.93154583379669e-05,0.000285841989412738,4
"20006",0.0562823719940595,0.00103590602655223,0.000345616887092308,0.472087000422229,0.000227383981173399,0.000101802417286772,5.65773999502006e-05,0.464187868613846,0.000649720069379001,0.00502575218843091,4
"20008",0.0866578815861312,0.00183706517810758,0.000639412581229554,0.0021210797238316,9.33049090723655e-05,5.02695316351022e-06,5.79384227721592e-05,0.86105858702548,8.53660104211039e-06,0.0475211670191704,8
"20010",0.311990833840806,0.00404485276415866,0.038586080664068,0.196804187214061,0.000178148689914041,2.9918455335232e-08,0.00014076281853159,0.448182207189078,7.37490864249029e-10,7.28961634361877e-05,8
"20012",6.84643395165848e-07,0.0166511180696686,1.5222092664211e-09,5.15995658546618e-05,0.741306765629533,0.23308616933166,3.21136341033828e-07,0.00172253632235755,0.00718075402782005,4.97511606995799e-08,5
"20015",0.989446963064396,1.41515525293946e-06,3.41184392851638e-06,0.00578599714329225,1.26436226519562e-08,3.72436867220289e-10,6.59205447054373e-11,0.000625774804009945,3.80190051097715e-08,0.00413638688813459,1
"20017",8.80829153713113e-08,0.28652469967771,6.69898292077245e-10,0.000968803794433021,0.709840998925258,0.000903822077093826,8.88470278787391e-06,3.2819552700841e-05,0.00171988234535477,1.71847627458646e-10,5
"20019",0.950465326529252,4.16951114915018e-09,0.0150391742419861,0.00232704695178695,3.45761672535217e-10,8.48317669085242e-11,6.88575683996409e-09,0.000171629953295155,2.02354944213051e-12,0.031996810835795,1
"20022",0.191845536929969,0.000358159215891484,0.00141037379428249,0.803032997501687,2.2477083870339e-05,9.47337806579643e-09,2.05220156859441e-06,0.00328802078225327,7.34150274795558e-10,4.03722829496675e-05,4
"20024",0.138703899290858,4.2020634706715e-07,0.838692950501059,0.00487930588623542,8.08500482136163e-09,7.73406459481717e-10,0.000207280588735657,7.62355802821845e-05,2.68637790745788e-09,0.0174398964016942,3
"20026",0.138703899290858,4.2020634706715e-07,0.838692950501059,0.00487930588623542,8.08500482136163e-09,7.73406459481717e-10,0.000207280588735657,7.62355802821845e-05,2.68637790745788e-09,0.0174398964016942,3
"20028",1.02803964903865e-08,0.0476647215684189,9.81275992400417e-10,4.45778772607471e-05,0.949625643709577,0.00263104671659145,1.20760350988333e-05,2.78514185244893e-06,1.91375239838311e-05,1.65544306148638e-10,5
"20030",0.427243770460776,5.69944600757105e-06,1.3706541469785e-05,0.402660189953916,1.25827503493515e-05,2.46232797724595e-05,2.79236031777701e-09,3.75764875597363e-06,1.34431668222338e-06,0.17003432280991,1
"20033",4.41695832127231e-06,0.0199000238385595,5.88690753766508e-08,0.0091573258829503,0.964008667337145,0.00687433689172356,1.89381495053475e-06,4.93551451124193e-05,3.90875643761688e-06,1.25057248471197e-08,5
"20035",0.974833781272955,1.33786661342993e-08,0.019717235859136,0.00196311668199541,7.77501360653976e-10,5.46803025256887e-11,8.16547412408804e-09,0.0002114921264908,4.70901970063718e-12,0.00327435167839197,1
"20037",0.992821212299081,9.39355776951399e-08,0.000540777242272891,0.00159336322897493,8.63129196960731e-11,5.61017572650733e-13,4.03370311061011e-09,0.000279947668221598,2.28522619605161e-10,0.00476460127677169,1
"20039",6.52061039391934e-05,6.79370408778285e-09,0.998110858880183,2.9220390511826e-07,4.0517606615265e-11,2.44311091760914e-13,0.00181141931089838,1.0874901288046e-05,9.74968162169384e-13,1.34176434556073e-06,3
"20041",0.000345109615008354,0.00185971396323657,0.000124177027384941,0.0101592196354191,0.000270863335368881,7.98046843069644e-07,0.000170905990667804,0.987068275180718,4.70501806864343e-07,4.66703546584955e-07,8
"20044",0.00277105867304849,0.00425310958969103,0.00167608790989105,0.0804525492634725,0.00569013568347682,0.000103869219916262,0.000702056017447677,0.90434260335212,3.15029820855692e-06,5.37999272753508e-06,8
"20047",0.428478946972433,5.2033379283013e-10,0.0553803925073143,0.00520229244243901,6.77645661126767e-10,3.83863445872965e-09,2.9006647029672e-08,7.19660808984946e-06,1.54783230823204e-12,0.510931137424915,10
"20050",0.0228144721858047,0.000289653875218356,0.507923427281555,0.00168127497450436,0.000193337713362653,2.34295663088073e-07,0.00121997390317837,0.465852787816228,1.64836576237111e-11,2.48379380014364e-05,3
"20052",0.000350249591395494,0.0685704422905636,0.000111319775738139,0.111493616705303,0.800084509307386,0.0011830855378804,0.000464401130474093,0.0177411958082829,4.37070640355102e-08,1.1361459123123e-06,5
"20054",0.253041144984816,3.04045400539458e-05,1.19852826416017e-06,0.745476334323902,3.54215973809143e-06,2.05379504394721e-07,7.82920656127413e-10,8.75341784663947e-05,3.31500477404912e-06,0.00135632011755941,4
"20056",2.34745811216872e-06,1.53309426673435e-05,1.62774707044668e-07,6.71576493954928e-05,0.0609665225856792,0.938933355009051,1.723617083568e-07,1.30264979334689e-06,8.90875027403651e-08,1.35594813836849e-05,6
"20058",0.980402802491777,3.3331647258256e-06,0.00225267181816114,0.0165389299768841,4.35679440044088e-09,2.58463496487835e-12,8.95164818630007e-08,5.53025115375579e-05,3.29493388555115e-10,0.000746865831560859,1
"20060",5.10453008147524e-05,0.868986564262733,5.51888699973682e-07,0.00212199320113909,0.128136206083879,2.86375037873676e-06,2.63562085666168e-05,0.00067094688942651,3.47011318147713e-06,2.30118080268407e-09,2
"20062",0.000714837327624685,0.783412601164511,1.33874346098758e-06,0.00899374874694627,0.0377946970673983,1.18724977187467e-06,1.16482622715243e-05,0.1690651768133,4.71194514063298e-06,5.2679574906624e-08,2
"20064",0.0516792660786045,0.000604314203744005,2.54222441550306e-05,0.946773202941459,0.000793526605316704,1.92406757211809e-06,1.11860355453906e-07,8.01046359326208e-05,5.01158448893106e-09,4.21223512763527e-05,4
"20066",0.793882873314578,2.0084746079533e-07,9.56140913007811e-05,0.0938045525864335,4.43916013604867e-07,2.05134449047232e-06,8.04387611472879e-10,1.83009245808713e-06,1.25858775857644e-07,0.112212307144102,1
"20068",7.64703625031201e-07,0.981772843104139,5.09358149210282e-09,0.00021473319659569,0.0154600918165478,2.57476241090837e-07,2.38153007842464e-05,0.00229254653922639,0.000234942694698449,7.4560833603803e-11,2
"20070",1.57252418610425e-06,0.972655570898056,1.52969790786697e-06,0.000243745711730942,0.0149733310969751,1.22297238464962e-07,0.00733768422545872,0.00477987830079043,6.56456287190778e-06,6.84784974837684e-10,2
"20072",0.93386773040857,0.00056411538831554,1.16631980354642e-05,0.0577637949639468,1.12171827908861e-07,2.90856495230092e-10,8.46789133492455e-08,0.00415096098422537,0.00140717911141451,0.00223435880389447,1
"20074",2.64878319952253e-11,8.62247313686176e-08,2.50968533822279e-12,1.22790214627799e-08,0.000486283517221117,0.999449657915114,3.00270292793006e-09,1.63990672310978e-08,6.3877823575101e-05,6.28095694924754e-08,6
"20076",0.00010236314028957,0.00308957867350383,2.30515809772209e-09,0.0799547654417155,0.0617182576670142,0.479830064196737,6.3114891770675e-08,0.000185727307872676,0.374902592917046,0.000216585235771048,6
"20078",0.0399833445820777,0.00172774761887594,0.000428877483946365,0.955992076831635,0.000489989413968541,1.36662012062979e-06,3.57758279293569e-05,0.000926398990687713,3.05371211061838e-08,0.000414392093637793,4
"20080",0.977000684868228,4.51172934943953e-08,0.00799408873265351,0.0116364786193164,8.06487990751415e-09,2.38912722040602e-10,6.84369108105801e-09,0.000109806929723956,8.38372494491468e-13,0.0032588805844624,1
"20082",0.000252481531107023,5.30601097881208e-08,0.998717645898321,6.7515274145291e-05,2.67158456992226e-08,1.91604907347173e-10,0.000956137683102946,1.36563364805131e-06,7.31591183655818e-14,4.77401204248518e-06,3
"20084",0.0113675319079974,4.61110216050494e-05,0.00292201700551787,0.971221128746456,0.00278432303920224,0.0021374367550436,5.97704742428266e-05,0.000124789480537305,6.40541476983842e-09,0.00933688516398291,4
"20087",0.497767082093757,0.0350683782263317,0.000206081407015375,0.422615336612417,4.00391210141147e-05,5.85918244357985e-09,3.16130293426677e-05,0.0433350722256772,5.93879199327676e-06,0.000930452633268624,1
"20090",0.846432417168882,6.21001844452236e-07,0.112320184827727,0.00354210487811086,1.03996385390952e-07,1.2182187308741e-09,3.19399576807347e-07,0.0366153645091677,1.71279778002295e-12,0.00108888299837465,1
"20092",0.000204163766540076,0.022675922881028,0.00427063033394087,0.00270930493626115,2.63820280694452e-06,5.79525928073449e-11,0.952163190583664,0.0179602810702965,1.34165755893622e-05,4.51591920231245e-07,7
"20096",2.08209064803921e-05,0.0123703623956742,0.00426948053271405,0.0147304410095868,0.0192546142006698,9.05813129329525e-05,0.933004157462261,0.0162567158673908,1.90877324771598e-07,2.63543496575527e-06,7
"20098",8.0495702539411e-07,0.0118711815022806,8.88998966014546e-08,0.000995965513237702,0.983244767698955,0.00381265384231547,3.24037981981805e-06,7.1035852473128e-05,2.60251575746211e-07,1.10242010544409e-09,5
"20101",0.564401324833186,1.95571878766116e-06,0.012743007637503,0.359831517940863,3.99114274736862e-05,3.17468462590442e-05,4.01588106328821e-07,0.000816419542255514,1.74660596375344e-10,0.0621337142909056,1
"20104",8.96932862053025e-09,0.00670956283978134,3.56377339927509e-06,3.0791501452022e-05,0.00029988886423297,1.35618563171541e-06,0.989247409156687,1.2414986942583e-05,0.00369499793497203,5.78757217964782e-09,7
"20106",0.750496511929662,2.65203158542419e-05,0.000298155983942104,0.239974785727933,9.49945057406957e-05,3.52839594875446e-06,7.5168703613554e-09,0.00817760758948262,5.21813751916352e-10,0.000927887512752334,1
"20108",4.8708133454453e-06,0.25471044986109,1.61374316314721e-08,0.00715473746507775,0.737511482014679,0.000547611117787518,7.80111373656473e-06,8.95345838976027e-06,5.40639297595958e-05,1.40887028744359e-08,5
"20110",9.24736718951686e-05,0.010186570630621,0.0148962963895099,0.00411692481079399,0.375791421381731,0.00858873955110736,0.106531028511589,0.479790817800264,1.25850025434114e-08,5.71466748592408e-06,8
"20112",0.573224183596653,0.00142283824019278,0.0255827160200873,0.0357027110425429,0.000357718090239508,3.40710021908956e-07,1.35504841242987e-05,0.363424629059266,1.0346595202482e-09,0.000271311722212565,1
"20114",0.00360658652229446,0.00014933459765356,0.000102291914109629,0.985491329365158,0.00870028208783183,0.00167606603448635,5.50728538507996e-06,3.67155231923681e-06,3.21589890881094e-08,0.000264898481772832,4
"20116",0.0147586418715411,3.10484759571158e-05,1.07300470381759e-06,0.97990305948159,0.000828316216807582,0.00156611339143795,5.74348374446162e-09,1.51232381464772e-05,2.59742016177043e-06,0.00289402115617048,4
"20118",0.000339640032327276,0.0122198763259039,1.30211453144802e-05,0.674340294201785,0.311461881443414,0.00146765190416962,2.19210209619745e-05,0.000134564408081175,1.13645999285869e-07,1.03587204287107e-06,4
"20120",0.398085578965154,0.0001243940515762,0.175872995809785,0.414447942426569,0.00251980362857648,5.30697597226466e-05,1.29758269624336e-05,0.00846889503823123,6.17921313073015e-11,0.000414344431630926,4
"20122",7.32131073690266e-09,7.84642039871732e-06,1.97958886720849e-10,4.27851166956191e-05,0.0352077450463582,0.964737321001015,1.95119205972705e-08,2.07639319754087e-07,4.00980102332871e-06,5.79439990993665e-08,6
"20124",0.833137531555972,3.92773289335029e-06,0.00579967079817816,0.145886118265522,6.38198548408601e-09,3.18123254767729e-11,2.8880161259065e-06,0.000756431546174692,9.6636419167467e-09,0.0144134160076942,1
"20126",0.000479725856425332,7.59174761580145e-08,0.9443744458478,0.00208722409824247,1.40126669394979e-08,1.7893134837976e-08,0.0515045261342854,4.96855893060287e-05,7.66412461773417e-09,0.00150427698653824,3
"20128",0.0254840838825733,1.51006613374142e-10,0.884627893824664,7.49034034444183e-05,4.72197772805228e-12,1.0421573766544e-11,1.2515751737982e-05,1.83126753428624e-05,4.93646685712172e-12,0.0897822902911506,3
"20141",4.85268730800895e-08,0.0161774132805443,5.64856876500376e-05,0.00140738385155956,0.230194364299187,0.00145831285146911,0.750682856807519,1.78647721701481e-05,5.2682957970249e-06,1.62723046962516e-09,7
"20143",3.1586247553246e-11,2.07092452976081e-08,8.34783112761927e-12,1.94094805952832e-08,0.000617279646523127,0.999381867763295,1.36991716586001e-09,2.18908983783481e-09,7.90770138138525e-07,1.8102376515891e-08,6
"20145",0.493739822225628,0.000613746266673636,0.0124740171590434,0.487086359760095,0.000202736130616112,5.83833319898365e-08,3.8181758808511e-06,0.00584697022909813,4.73032986039412e-11,3.24716223295042e-05,1
"20147",0.156868668098085,5.25175302224228e-05,0.000138161160235658,0.842561045159289,1.92068615316788e-05,5.5235618013057e-08,6.99140600801324e-08,0.000241266108775352,5.84978971044378e-10,0.000119009347203293,4
"20149",6.02898077942691e-10,7.40201751397554e-06,1.87332472584149e-10,3.20627181488625e-06,0.0399923589676737,0.959994455842714,1.69926743283104e-07,3.49892625065608e-07,2.04633053136592e-06,9.9601528913112e-09,6
"20151",2.47042193133546e-06,0.0374249689001713,4.95152826045621e-08,0.000768420501065224,0.96038769750808,0.00128337601955525,1.73194769752672e-06,0.000130995044001945,2.87454736296277e-07,2.68747923554699e-09,5
"20153",9.76395536911835e-06,0.00242605986980627,0.000405098578493388,0.000683452043033983,0.973670009500939,0.020736816441735,0.00100454637640616,0.00106406840217687,1.03529257715799e-09,1.83796746956946e-07,5
"20155",0.696487923432389,1.68270208163482e-05,0.000468344640957907,0.241568404793802,1.05768940286246e-06,1.01704250525772e-08,4.0525777958374e-08,0.0608970650230625,4.01462354737679e-09,0.000560322688743261,1
"20157",4.66548595700139e-07,0.00518505962115226,8.55816970700232e-08,0.000154629748904847,0.981527832225147,0.0131218453212423,3.00644363993795e-06,6.92553774179741e-06,1.45620064468666e-07,3.35181499561098e-09,5
"20160",1.06240748077778e-10,3.7590470262289e-08,4.53285435693016e-11,7.03721913474452e-08,0.00147497575070862,0.99852477354959,2.92537508452105e-09,4.73334455703212e-09,1.11001704076994e-07,2.39250463485165e-08,6
"20162",4.50637998855483e-10,5.18929085498287e-05,7.89388431512153e-11,1.54520615709127e-06,0.208098555277664,0.791844382612572,1.01438386599453e-07,1.89282712167686e-07,3.33175779783238e-06,9.86584368766089e-10,6
"20164",1.16428404824661e-06,0.00139441319365882,4.67697496430063e-07,0.000126339972753915,0.670490170480815,0.326927752935201,1.77229201231927e-05,0.00104093101968175,5.99768107341531e-07,4.37728113566447e-07,5
"20166",0.24410323609543,1.80821419545345e-06,2.95627335000769e-06,0.0404055614409781,7.93893085483784e-06,0.000310318284564674,1.2175998936445e-09,2.68195441233254e-05,3.60075156694184e-05,0.715105352483235,10
"20168",6.21294111550379e-05,1.5971819747242e-06,5.12665699990961e-09,0.000127289998091018,1.07424388654156e-06,0.000654923169151723,1.62903263220675e-08,1.79375785714187e-06,0.804450196713364,0.194700974107537,9
"20170",2.64241269816867e-07,0.00705358389496798,2.57351789836703e-07,0.00258852012454252,0.983719658569201,0.00656254813439313,4.14648441455997e-05,3.3617560847725e-05,8.386254957091e-08,1.41629250432202e-09,5
"20172",0.453764706676811,0.000577710516723184,0.00156627299794874,0.543327797553382,2.5302344672872e-06,8.25022565817958e-11,1.46037500905884e-06,0.000751190086500643,9.58900383251583e-10,8.33051775508958e-06,4
"20174",1.59681885329732e-08,0.0982904633397219,3.72641703655928e-11,8.08209970327079e-05,0.727483391084218,0.0226101523183876,1.54283597719401e-06,6.91249872061375e-06,0.151526700072286,8.4820394246503e-10,5
"20176",4.47571722237061e-06,4.44857326624009e-05,1.173456641358e-10,1.15414261007318e-05,5.49922520813658e-07,4.99893321316307e-07,9.489878332807e-09,1.6553588448193e-06,0.999871289175327,6.54931667761186e-05,9
"20178",1.13739994357886e-10,1.29749742399269e-08,1.07621991025076e-10,4.55841172471302e-08,0.000761384671111484,0.999238473500458,2.94268524843429e-09,5.55764683071167e-09,3.83666971244477e-08,3.61809482415769e-08,6
"20181",0.283668551675089,1.59710265309076e-06,2.62232876960652e-05,0.498522844414969,0.000118153745973503,0.00283792775481691,1.63309746742282e-09,1.10795771733267e-05,2.41865650063094e-07,0.214813378942881,4
"20183",0.000170580055612113,0.952997453499343,3.63021680399787e-05,0.030581810883164,0.012407902395114,2.58854563682674e-08,0.0020659224646676,0.00173959576635904,4.05169959129716e-07,1.71228517128318e-09,2
"20186",0.000544728606017127,0.990481986433393,1.58117737005905e-05,0.00326872595197856,5.60869072328941e-05,5.28647938790078e-11,0.0023706101167485,0.00315362685656095,0.000108406423162694,1.68783406683007e-08,2
"20188",3.16845315004768e-10,9.27804604156055e-07,1.86512994697613e-10,1.49915670471855e-07,0.015746502853418,0.984252209079482,2.42008477325585e-08,5.25815701752208e-08,1.21741349345329e-07,1.1319700446947e-08,6
"20190",0.971170966794859,1.32636343153352e-06,4.93369382558417e-05,0.027449863259241,1.88687467236844e-07,4.66126313162329e-09,3.52871398970186e-10,5.50149720936985e-05,9.97922022555602e-10,0.00127329697259551,1
"20193",1.46893051000369e-05,1.43324695405697e-06,9.13805992994956e-09,1.0528724651005e-05,0.000273561893051669,0.930800357967653,9.63316204602036e-09,3.88845018637063e-05,0.0042936554277475,0.064566870161757,6
"20195",2.13214970765111e-05,0.00380930279554349,8.03205919341579e-07,0.00107547779552567,0.90899837919221,0.0837143680528551,1.94913670100169e-06,0.00237721898075133,2.95005507673972e-07,8.84337909750442e-07,5
"20197",0.675702064827487,0.000486323914489353,0.000690570779904446,0.308147595899818,2.84299181658991e-06,3.88502328645566e-10,5.12139615251115e-07,0.0148895153893079,4.08156858373079e-09,8.05695874910003e-05,1
"20199",7.05218798863782e-09,0.000787831972020319,2.8969680577008e-08,3.12085519006023e-05,0.855255528023689,0.143879188983208,1.93990378687171e-05,2.66553082959735e-05,1.50900640402996e-07,1.20050893877719e-09,5
"20205",3.08695060835354e-05,1.65895656181633e-06,0.950953640044657,6.82523125048854e-06,5.51600927614103e-08,2.69020171370129e-11,0.0483913578564346,0.00061549290008986,2.024611217447e-12,1.00315902968313e-07,3
"20208",5.87168477986854e-05,0.214356299613103,4.63988249706487e-07,0.0104900208404646,0.772875510624197,0.00047849834650768,5.74912608265916e-06,0.00172594236357176,8.77041100088871e-06,2.78390241131452e-08,5
"20210",2.45744337250533e-09,0.000195220190254493,6.37466983804222e-10,6.17545746838546e-06,0.538255023687247,0.461541195657851,3.01766310425864e-07,1.05616003959346e-06,1.02302818409835e-06,9.57734718461051e-10,5
"20212",8.01593232323155e-07,0.00220626048951797,7.48358266298892e-08,0.000175390670396816,0.903232565686941,0.0942712637556471,1.15565576687442e-06,0.000111826697424459,6.15514538683813e-07,4.5100707806331e-08,5
"20216",0.192149322931626,5.97817624683371e-05,6.72910456461156e-05,0.807440779397395,7.66347345119768e-05,1.43285404168687e-06,2.02863023829305e-08,5.0860283622683e-05,1.59249473419043e-08,0.00015386077943806,4
"20219",0.0485071777128121,0.000327286684220938,0.774111788592713,0.152423158058375,0.000334429561868111,1.48698067277109e-06,0.0105312289088329,0.0127984299454923,9.45912061987315e-11,0.000965013460421197,3
"20223",0.825161378960494,2.18219557540511e-06,5.44384668709086e-05,0.000595581753583454,1.0512383562036e-10,4.73271187783203e-12,4.80109006940766e-08,0.00068577017092404,0.000114869989906745,0.173385730341888,1
"20226",0.000469486408357456,0.00688322105893288,4.59882416154709e-05,0.000652266215168644,0.003882634797051,2.18988301875979e-06,9.39952292611128e-06,0.988054649572212,8.18246044153562e-09,1.56118257518023e-07,8
"20230",0.987062768930728,5.39672841877064e-07,0.000236842130497338,0.00999781763397519,1.95313627136656e-08,2.8191496962904e-10,1.67116605590723e-09,1.5690975692686e-05,4.74235331927607e-10,0.00268631869758636,1
"20233",2.84902390520336e-10,4.11169935423975e-06,0.000207182409337025,1.13631457389932e-08,1.82422627292871e-06,8.32942913223892e-09,0.999785610232074,1.25077447652798e-06,4.77979066117054e-10,2.03028815628517e-10,7
"20235",0.796876096360516,0.000251426359582793,0.0303755907860733,0.053294284794353,3.10021176090498e-08,6.68592424870923e-11,0.000455573044198481,0.0985062532742927,2.37099572481831e-05,0.0202170343547589,1
"20239",0.363455438588569,0.0146912616960136,0.000127613696270907,0.407771458587244,1.19765142342022e-05,4.07141497850508e-08,5.16541634820254e-05,0.198001299920387,0.00101717164893809,0.0148720844707118,4
"20254",0.000406497198840519,6.91407096280829e-09,0.999376513877489,1.97278336407868e-05,1.19917299787836e-09,7.57703123880656e-12,0.000188740533223806,6.10010438766846e-06,7.09152422294058e-15,2.41233159040197e-06,3
"20256",0.511667000645472,1.26706997727048e-05,0.000439607176665223,0.486688676800708,2.3768683163828e-08,3.75619705960843e-11,3.26495876448746e-07,0.000147517975373889,2.46477646301046e-08,0.00104415175212151,1
"20262",1.42060339410357e-07,0.00271911054382801,1.7934750427934e-08,0.000435151765824306,0.977189515874672,0.0196461251167921,1.2579764981759e-06,8.56338126157096e-06,1.14185830996752e-07,1.16020317836631e-09,5
"20270",0.653892555904711,0.00610237984573598,1.29859021146759e-05,0.111855793235395,0.00380019751715339,0.000825078374074306,1.63502940955846e-07,0.000212174668946826,0.00117777045091521,0.222120900598013,1
"20284",0.00230469142437365,0.488993776274764,0.0856740410754297,0.00690689533725921,0.014896237068904,1.31233368669882e-07,0.368280890421142,0.0329431030326967,2.25787560925512e-08,2.11553306136385e-07,2
"20287",0.960558061797049,2.3841216166558e-08,0.000176944724886104,0.000561235049733313,5.42287833623778e-11,4.70783643115721e-12,4.84153139601208e-10,0.000420483902797773,1.34476913074932e-09,0.0382832487964584,1
"20290",0.000336053164102507,9.18789167957516e-05,0.975399180859114,0.000182440571187631,0.000263132990337703,3.44371302074034e-07,0.0204452764550141,0.00328148049180639,5.45187931338494e-12,2.12174888164483e-07,3
"20293",0.0107949202004668,0.000904686309049324,0.000136161216523148,0.988067344227024,5.47004704851127e-05,9.47444926572649e-09,7.39134156478248e-06,3.29862537476703e-05,7.96189838722089e-09,1.79254479160942e-06,4
"20296",0.000143643593138556,0.0384338674384214,2.02571567597452e-09,0.0709564732987086,0.633185064417345,0.241524074701165,7.27558349115572e-08,0.00026307211679586,0.0154558899658214,3.78396870533892e-05,5
