"","V1","V2","V3","V4","V5","V6","V7","V8","V9","best$classification"
"19811",3.63182605343506e-06,0.0444744139301825,1.97037094859765e-35,0.827400675613534,0.0995390696879889,8.53811015582198e-05,2.83492017608118e-07,3.84403793899989e-10,0.0284965439642614,4
"19813",8.77589143344602e-19,0.00239379132873347,5.12570524709671e-47,3.95769864953056e-10,0.992390927827974,0.00521528044752323,1.32806792270851e-36,1.67827536774285e-27,7.13157211404186e-42,5
"19815",0.00469446634245596,0.000487510758721508,6.10732320683454e-15,0.991745418853189,2.2296063193124e-28,7.13093153518272e-05,1.9332231433995e-23,0.00300129472904362,1.2315701850715e-12,4
"19817",0.00333939246480122,0.00231248477905099,3.90270616374073e-21,0.858331649374467,5.70539168768641e-17,1.03800287001107e-05,2.59159411239427e-08,0.000952770990293707,0.135053296446746,4
"19819",0.000627723942692374,0.000597757398999807,0.418957562887391,2.73944529110555e-33,3.00443278112378e-78,0.109062296195897,1.27279567600576e-49,0.470754659575019,2.59024467908206e-91,8
"19821",0.00328593780298468,0.849539034078301,3.10739897770863e-20,0.123467884091449,5.6866010380986e-06,0.0235557012547974,2.60807118678748e-06,1.09238599374128e-13,0.000143148100133329,2
"19823",9.85306041309675e-08,5.42214025845183e-07,5.58189299445287e-26,2.92060984890065e-07,8.9528609772345e-37,0.0751650451942963,2.94447782077624e-32,0.924834022000087,1.35784345898003e-15,8
"19825",4.87205333617686e-14,0.00772733378277847,5.01506840192701e-28,1.90938103828861e-33,7.96141132144903e-29,0.992272666217173,7.58719862220332e-21,1.29142700350496e-23,8.37281818487713e-71,6
"19827",0.003370193462474,0.00156459424634502,1.91380007920985e-21,0.000150000714744033,5.1587558230462e-24,0.0061386033008371,0.142260685159355,0.000751378187311805,0.845764544928933,9
"19829",0.459166506113859,0.535798579794209,0.00423355254304621,2.94250534187643e-17,1.01798377253585e-33,0.000801359743293742,1.55318955218385e-11,1.7900606825851e-09,1.3515615993906e-40,2
"19831",0.00428999143784548,0.0288081523051929,0.00404343482556307,5.03451046042912e-24,8.69807252587041e-46,0.240434031612361,6.92733914329849e-62,0.722424389819038,1.63744989642621e-107,8
"19833",2.10356393442894e-39,1.09498543379915e-10,4.27179335415776e-62,1.51580147629431e-71,8.9792018656508e-68,0.999999504111723,6.11149871594866e-79,4.95778778785333e-07,3.48471268809859e-147,6
"19835",0.00328593780298468,0.849539034078301,3.10739897770863e-20,0.123467884091449,5.6866010380986e-06,0.0235557012547974,2.60807118678748e-06,1.09238599374128e-13,0.000143148100133329,2
"19837",0.00354049060714851,0.000168003805653756,1.03007435841685e-16,0.00273481085065228,2.69816778084531e-16,6.89761468678363e-05,0.00539627938125451,2.87768624697252e-06,0.988088561522176,9
"19839",0.0226082996091674,0.977391205153924,1.7306645238954e-09,2.34271401304831e-16,1.14205702934973e-10,4.91879679040009e-07,1.5123583242673e-09,6.22552604249331e-16,2.01103815355104e-45,2
"19841",5.00557106329731e-17,0.0436138320548817,1.15401628713013e-34,1.0097355357254e-37,1.77176746234276e-13,0.7652710042823,0.191115163662641,1.45226623133122e-28,2.02061635691937e-37,6
"19843",7.90585280668968e-07,0.981806017224547,5.33754323962587e-08,3.95191276003465e-24,3.08327372800156e-19,0.0181931388147399,1.19506496419775e-66,7.53604420244068e-22,2.24166599256597e-129,2
"19845",1.72742265542692e-13,0.00719933322615977,1.82159717860875e-47,0.575694026522868,0.365864638358763,0.0512420018920353,2.25984043567092e-29,9.71219613363147e-16,7.98777944722371e-17,4
"19847",0.00330924889062264,0.0382989780411122,9.24324435001843e-18,0.952597813845784,1.24106880900914e-10,0.00579276222972026,4.82138428975638e-29,1.19686865420743e-06,1.30977114952354e-20,4
"19849",2.55278956543324e-22,2.31281316347387e-05,5.82813953042737e-56,3.63925629138708e-10,0.998621982876077,0.00135488862836295,5.78654108496424e-35,9.36206365429405e-29,1.41582898707664e-33,5
"19851",5.28435575150357e-05,0.000143128544765434,7.86978912760767e-27,0.0675904812960236,1.06551047014695e-13,0.000239911447757386,1.19630111236093e-12,0.000197545360069576,0.931776089792566,9
"19853",1.3669588357979e-16,1.07475424096615e-06,1.03973741691606e-63,1.62230961398634e-05,3.52194464773366e-07,0.996439352859767,2.54992537425474e-24,0.0034363524701891,0.000106644625198458,6
"19855",4.30758366076982e-08,0.000501598212090264,2.67159813266e-42,0.00588400282216642,1.65257407377888e-08,0.00141787378901257,4.37950797700307e-09,3.87212375113784e-05,0.992157739958134,9
"19857",0.00872283733111234,0.0488292383127941,9.08292226795839e-18,0.942442598346394,1.35398649393274e-07,2.13998328542077e-06,2.48883495502631e-06,5.57177188543519e-11,5.61737092346442e-07,4
"19859",0.00982613468044641,0.0186935056588073,5.5346658919138e-19,0.967038588425324,2.08966277335504e-17,1.95329134600758e-05,9.79562990383484e-07,0.00291358888347748,0.001507669875495,4
"19861",1.61952705816251e-07,0.00625544074768643,4.24579041376252e-37,0.914536176041938,0.0765574206279461,0.00221898449747746,4.73829399025684e-17,1.05234286928341e-09,0.000431815079902988,4
"19863",2.33970219917956e-32,4.84764464391946e-05,1.0753563308314e-73,1.35761113451009e-25,0.999510335632566,0.000441187900002368,2.09920080175586e-11,2.41897873237143e-39,5.41367530582067e-38,5
"19865",1.9657918883653e-09,0.00182111520118308,6.97901818558541e-34,9.43576499665076e-10,1.93025354105356e-19,0.000157096372919378,0.997984441187744,1.21592826154324e-14,3.73443287726004e-05,7
"19867",9.97234028918447e-05,0.00113092018917659,9.35093553703266e-23,0.996649677693761,3.2221415280585e-10,0.00211958430055992,3.6840445870175e-32,9.40913968369546e-08,7.59256197481913e-17,4
"19869",3.37263008706954e-18,0.000125399192864504,6.25186583443013e-60,8.52626553590425e-07,0.994836940761015,0.00503680696670937,2.2732888289291e-14,1.31791128150693e-22,4.52834962837698e-10,5
"19871",0.16572605078603,0.0103404397092848,8.10700135342651e-15,0.259392669792936,4.74814261315282e-21,9.22906950157719e-05,0.00268171880234848,0.00215489964894058,0.559611930565436,9
"19874",2.82007817092156e-07,0.0179704815739497,4.65176395176273e-35,0.00573459577736426,4.94869522522013e-24,0.000226996011562352,0.000262985976699576,6.7392720022716e-06,0.975797919380605,9
"19876",5.56927126065334e-10,1.78499752886144e-05,2.71741206535144e-42,0.00182044301195631,1.44819239690244e-12,2.10124885465575e-05,2.05910721105499e-06,3.59253671139067e-11,0.998138634822697,9
"19878",0.00566570431629224,0.993609704611804,2.8780584831569e-14,2.90502895369681e-08,1.52070037213189e-37,0.000724522437291914,6.18477560441355e-31,3.95842938536796e-08,1.66550561664648e-55,2
"19880",1.73475317460415e-15,9.99832272740565e-06,1.25559759994939e-51,5.17111556358147e-15,3.07725958410589e-10,9.97644357368142e-05,0.999890228816422,1.26941316517691e-17,8.11738095040174e-09,7
"19882",1.99701844660418e-11,0.109930655293298,1.29111927532862e-47,0.772950959059749,7.42564895062514e-05,0.117044128641163,1.04080701553789e-16,8.33815859216953e-12,4.87975592981399e-10,4
"19885",0.0826979254510977,0.00332383724458683,9.37426389395442e-10,0.913868640025792,2.72755573130527e-17,2.84839037384715e-06,3.22773081471766e-08,4.3168163917347e-05,6.35475094974138e-05,4
"19907",8.93893585295741e-07,0.0108611088032795,2.56721729800917e-30,0.979888447437032,6.4955698361587e-07,0.00924890016192525,6.36780341908918e-27,1.46916190850258e-10,2.781673889136e-13,4
"19909",0.560192454845723,0.0324218922522834,0.406559395346971,2.22330961039539e-08,4.24436118657672e-17,0.000826233993416102,1.27732522728061e-28,1.32851019536963e-09,3.0906659389115e-45,1
"19911",0.54174032332003,0.457335604241413,4.90973549484601e-08,8.48946438632703e-12,8.82482913139934e-23,0.000923943756169519,3.8950381837688e-10,7.91870387185911e-08,6.6277842881593e-35,1
"19913",3.41340235039679e-19,1.06621161817337e-05,6.87347871786179e-46,4.92582744439933e-29,2.96224242181058e-24,0.000190413161147156,0.999798924722671,2.63805903522443e-20,1.38023047715914e-19,7
"19915",2.16872220284754e-06,0.000264332498435576,1.64548601943807e-33,4.13651513445505e-05,1.01760318021246e-17,0.000138638085324046,0.960911102778116,4.21418325594914e-06,0.038638178581321,7
"19917",4.26323236381868e-06,0.024950361044639,7.92256149417974e-29,2.67244661082017e-08,3.87343237058447e-14,1.16592985641065e-05,0.975033196562663,2.32445157221327e-09,4.90812814031394e-07,7
"19919",0.000710638578794788,0.00253338401858003,1.20663995348262e-22,0.0375829897133716,1.08821173513814e-21,1.5111461309725e-06,0.0275274966264334,0.000234010331185243,0.931409969585504,9
"19921",0.000671384971022381,0.00183424726289099,5.73221774139944e-22,0.997140954088704,6.00874979331847e-10,9.79012000105634e-05,8.40350232257972e-17,1.83431671410424e-05,0.000237168709356073,4
"19923",0.0258725800540208,0.92964941417427,1.29251618424585e-16,0.0406308899630468,5.63979176944329e-29,0.000497656412848831,3.56073718232845e-39,0.00334945939581326,6.14307989165308e-37,2
"19925",4.16052806537107e-07,0.00169121474634219,2.32367116727991e-33,2.8310340964159e-06,1.75673222438501e-19,5.62603885823599e-05,0.997973412838149,4.9535352348627e-08,0.000275815404670867,7
"19927",0.00033258932420644,0.000258036716221634,3.80600094285302e-23,0.999022533905053,3.47677789856739e-15,8.10709020638977e-05,1.80551639983896e-15,0.000230359697733648,7.54094547159399e-05,4
"19929",3.12773120020923e-28,0.00184652435996899,1.67764497442134e-67,1.44259232988623e-22,0.78980688989846,0.197678448520668,0.0106681372209024,2.95256329704703e-36,4.38513920800263e-23,5
"19931",0.0144992879073188,0.00147384210478149,2.94294522264918e-15,0.982451189503923,8.92817987468431e-27,0.000227870133710121,1.27470793813963e-15,0.00134781029936293,5.0899255517163e-11,4
"19933",0.975397613562696,0.00194954614869643,0.0200788006954831,5.44870773459203e-05,1.10020846316962e-33,0.00226107297586728,9.01902965425056e-15,0.000258479539901959,6.46380174693375e-20,1
"19935",0.354259719682113,0.604324219827545,1.39500764089737e-08,0.0363327069580964,1.5624900115062e-14,0.00508333893026515,1.44105822038597e-12,6.50447058635205e-10,2.43006428790038e-18,2
"19937",0.000561139244865346,7.10858847943295e-05,1.51785455695846e-19,0.997111703835126,8.53131595945967e-24,0.000300293860953514,4.34109065736471e-21,0.00195434695231385,1.43022194708092e-06,4
"19939",0.0337867495371739,0.179923392156404,9.62230237718766e-21,0.782084905766552,1.25297673492378e-30,0.000243935340109184,6.74789932501788e-12,0.00396093281711114,8.43759019262362e-08,4
"19941",0.035778950619995,0.960021532322647,1.1750426995926e-08,6.51459103862168e-20,6.64107570360783e-15,0.00419950458158384,7.25336026655631e-10,4.01564334031855e-15,1.27630527580027e-40,2
"19943",1.73944654342875e-11,0.000570236622711748,6.80650923898425e-39,3.26980724601227e-13,2.15452731346241e-29,0.00108007278918086,0.998249956132977,1.44668009452865e-10,9.97342927407065e-05,7
"19945",0.978648069103952,0.00741654272313389,0.0087780638408772,0.000471591641890687,3.33755373963263e-32,1.3548738277256e-05,5.97340211306596e-17,0.0046721839518694,3.28976734609245e-28,1
"19947",3.79468670839411e-07,0.935060992929835,5.94841396429252e-22,7.11754623621374e-20,6.87352462558136e-14,0.0649386186818327,8.91959241798983e-09,2.60619196624619e-16,1.01182787283366e-34,2
"19949",0.918506955247891,0.071175262662405,1.51821378285941e-08,0.00206336140704497,4.75954936228034e-46,0.00192716062413836,4.53641652034948e-36,0.00632724487638333,4.90660307165643e-40,1
"19951",0.00461581028885016,0.662502360299474,1.92036687409867e-22,0.00168358930781551,1.2417819887252e-19,7.83469357914399e-05,0.331115649237714,4.20159690155804e-06,4.23334533867691e-08,2
"19953",3.52643584922838e-06,1.11918301688918e-06,6.32524533446095e-08,3.80755749792826e-21,2.04591092052272e-64,0.0323825346511219,2.02707141713435e-71,0.967612756477559,3.94523356060522e-88,8
"19955",0.0361664167576255,0.96252303271353,6.67441104059881e-07,2.32215216447079e-11,6.77269310943072e-36,5.02651445401257e-07,6.80602161048566e-46,0.00130938041307396,5.64470547385496e-85,2
"19957",0.00014727636267932,0.833408540289981,1.72803437647351e-27,7.05609963928412e-09,1.28804417415122e-20,0.0525114009775218,8.6476742950705e-05,0.113846297355641,1.2151266787799e-09,2
"19960",0.0303962839245819,0.967805000469428,1.35823179032947e-06,3.42287004740639e-14,1.3151689730463e-30,0.00179735737383065,2.20098751957622e-21,3.35532832278565e-13,1.80860697560546e-53,2
"19963",9.10771709726524e-28,2.08923731082384e-08,3.3200361700037e-50,3.88132484655944e-59,1.74286779789515e-41,0.99999997743749,5.55512020579574e-27,1.67013691572216e-09,1.37940848853596e-72,6
"19965",0.627965951099794,0.371771517441354,0.000261773835953678,1.02090197134527e-15,7.21448580901841e-27,7.554612184749e-07,7.40543707286846e-51,2.16167872870709e-09,3.8096332356769e-97,1
"19968",3.3954004933196e-09,0.747615485928325,5.00285280638917e-24,2.46071607751815e-10,0.0161735175705403,0.235678337117453,0.000532655742209061,1.07284407919894e-31,1.79968420129207e-17,2
"19971",9.03759917393231e-20,0.000768157264204231,2.52194508988274e-32,5.33133850617616e-58,2.61254866638976e-56,0.999231842695195,3.58198388516208e-11,4.78043072004465e-12,9.55206122673841e-72,6
"19973",0.00027944339005085,0.000396350915209986,5.71194456924794e-22,0.048888322865135,2.36638541122033e-11,2.75126356191797e-06,9.34201052891087e-05,1.07189918477212e-07,0.950339604247171,9
"19975",1.05638194421222e-05,0.057972711582073,2.15448721613142e-27,1.20461361104405e-05,1.14447755632484e-07,0.000213576032354803,0.941785677132687,7.48233231285061e-13,5.31084882907812e-06,7
"19977",3.14984945083404e-17,0.975107908073043,4.36271365971232e-47,2.37935860641926e-29,1.17656501391767e-20,0.024892091762409,1.64484581813147e-10,6.30809797564139e-14,3.16287399484667e-44,2
"19979",0.00276827112118563,0.00548395526109925,0.991120925730397,1.11976810696905e-33,6.15653336792818e-67,0.000626729202481308,5.71727673283596e-35,1.1868483698933e-07,1.54625867588059e-91,3
"19981",0.218803253825205,0.00651177679912675,4.62065231269682e-11,0.774665050469915,4.20475115866083e-10,2.28859079601065e-06,1.14344034508127e-14,1.76298482462967e-05,1.76893240552589e-14,4
"19983",0.0687775020536913,0.0167374185486249,2.41194701003958e-14,0.914453288673684,2.45371655371607e-15,1.04005852825067e-06,8.41411486183135e-20,3.07506654436988e-05,1.23845385674122e-15,4
"19985",1.67087031339005e-08,0.00175090363194932,1.28070852225799e-40,0.00112958790673777,3.05958416404289e-13,3.30539131094174e-05,0.0912197381560756,3.77581602576285e-09,0.905866695907303,9
"19987",0.974878314197827,0.0109647809562699,1.01852607684445e-08,0.00171547483520462,1.64959304932473e-20,0.0121595585278917,9.2566665959095e-05,2.75159142446818e-05,0.000161778717342857,1
"19989",0.0178442515400782,0.000375682753321356,0.97454611186012,2.71629289012937e-22,3.67450371191647e-71,0.00651806579667234,9.77913607100699e-61,0.000715888049808471,4.47395847347909e-103,3
"19993",0.967119678635269,0.0326729799538924,4.3675120015869e-07,9.69460535206905e-06,5.76731268003704e-44,8.68800397620915e-05,2.99140193906717e-09,0.000110327023122881,1.38357922376229e-18,1
"19995",0.629020405793865,0.369612005058579,2.7416899608476e-05,4.98442542781548e-05,3.90266569610288e-29,0.00128998934911176,4.62913704635212e-10,3.38181644181288e-07,4.54694062084044e-25,1
"19997",0.000271017388535886,0.00376275510515473,2.51503543183103e-27,0.85583939644857,2.20396798076068e-12,3.26696338918457e-05,9.5747735864857e-07,3.07702220488213e-05,0.140062433722236,4
"19999",1.24870903899624e-07,0.00122816296509037,1.2731893961185e-40,6.14786923996613e-05,0.00147413313482255,0.000403947527688754,0.993710711994563,4.98647987832082e-09,0.0031214358280517,7
"20002",1.17834439815501e-25,7.92288424267267e-05,1.05164359303156e-47,2.04508619651504e-41,1.8060619055368e-08,0.999920753096954,1.20172425379665e-18,2.71593227894507e-34,1.51765909362124e-57,6
"20004",0.891906235085622,0.0586495644744829,0.000159479557247135,2.78649965824501e-09,6.61022263904523e-17,0.049284718080707,1.23453678440465e-15,1.54404231545947e-11,9.37631772942447e-31,1
"20006",0.000355583036056796,0.99913658501782,2.94359043034038e-18,1.69698157875045e-12,3.74639820759122e-22,0.000507831861370242,1.97731791640122e-26,8.30560336443862e-11,8.03888742022685e-58,2
"20008",0.00139845296078509,0.997856445031416,1.08616639775894e-13,1.18182664041318e-14,1.14535770104537e-34,0.000745090673938894,8.81791302493142e-31,1.13337399657445e-08,4.07634724574498e-71,2
"20010",0.940230867149133,0.0173087371580619,0.0129203135850368,0.000225936921380956,1.37441307731764e-55,6.36426674035661e-05,3.36221945098717e-28,0.0292505025189838,2.25300800258293e-39,1
"20012",7.42246260153635e-09,0.909881288865974,1.52141372709708e-39,4.24877529059991e-07,3.18498508443951e-08,0.0346607587971126,0.0554574881837561,3.2411479548495e-16,3.31378745506931e-12,2
"20015",0.00983842186537581,0.0122542541987414,0.977860667825838,5.78621380828701e-20,8.13668187014697e-40,4.66561100427008e-05,1.55265502613653e-42,2.19297606232883e-15,5.31435995704925e-98,3
"20017",3.26323573654358e-07,0.000269360394918099,1.31389729616604e-34,0.0215449333037741,1.13595964740006e-06,2.6298070563846e-05,1.07131996790017e-05,3.40212019956493e-10,0.978147232407632,9
"20019",0.00313693013275142,0.00669760076554167,0.988020141165394,1.92551602428862e-35,6.08270230376779e-86,0.00214290777630309,4.09859635201181e-60,2.420160010095e-06,1.89342558695909e-133,3
"20022",0.713421132399779,0.00732156113517311,0.275389781549706,3.95615395245596e-05,6.08372159906974e-44,2.05487148846587e-05,3.38819872497182e-25,0.00380741466093337,1.30626348137295e-40,1
"20024",2.33508506261171e-09,1.10920258843195e-06,2.64787612002371e-07,3.10715480306089e-44,4.61470613993784e-84,0.99960871140456,4.36392544831454e-96,0.000389912270154981,2.03896072595071e-151,6
"20026",2.33508506261171e-09,1.10920258843195e-06,2.64787612002371e-07,3.10715480306089e-44,4.61470613993784e-84,0.99960871140456,4.36392544831454e-96,0.000389912270154981,2.03896072595071e-151,6
"20028",9.17312076989781e-08,4.00442728221236e-05,7.01823823072214e-38,0.00112845807315913,3.84945845418639e-10,8.29674965166941e-05,0.000401168426210704,2.41331142531866e-08,0.998347245482024,9
"20030",0.013117834531926,0.219728347840208,0.732000795805641,8.60292125305647e-24,3.58495691602335e-30,0.0351530218222249,1.36318200286151e-24,2.39617134810531e-16,1.01808607567946e-63,3
"20033",0.199288665788219,0.05724876297804,9.61710439603399e-17,0.000638800942884098,1.30701341960438e-12,0.000862692896480599,0.653910505542724,7.22551892252041e-06,0.0880433463314233,7
"20035",0.010277633153584,0.0183784486914795,0.872461823522205,9.52030865951535e-35,1.14854771139747e-90,0.0988463554571858,3.33331026616075e-65,3.57391755453475e-05,1.38961147050249e-132,3
"20037",0.0103483345582218,0.019391221165074,0.970182178211495,9.9594205128988e-27,6.09697686943073e-59,7.82360991191206e-05,7.56672043204409e-69,2.99660902270522e-08,6.59551935475005e-132,3
"20039",1.01426851630828e-21,1.60430970030357e-14,2.5408977320533e-17,5.45991476973538e-56,2.86336909149365e-124,0.0227399187542003,5.39164372695795e-138,0.977260081245784,5.54961245324728e-179,8
"20041",0.309957627554172,0.644610470394011,7.94912763893241e-18,0.00112525058594648,4.77685187272173e-32,4.80428983113733e-06,2.69330427892029e-22,0.0443018471760385,1.93381120037446e-32,2
"20044",0.00990401125547181,0.986752077355876,3.31291706415844e-19,2.47573414077470e-09,2.02326360930324e-36,0.00161284917622415,4.17664509683777e-20,0.00173105973669418,1.51367772840905e-35,2
"20047",7.78054323000354e-05,0.029238675078109,0.962145408224186,2.74904552884376e-49,4.18364678551078e-85,0.00853090040342205,3.94076011900471e-53,7.21086198301213e-06,2.27229010920669e-141,3
"20050",0.0088278268577265,0.00796381421621213,2.48100892635218e-07,2.68240179264802e-12,1.86772985092337e-83,0.00661753355416202,1.57998336404402e-30,0.976590577268324,6.28282302378344e-48,8
"20052",0.62084092883633,0.0943106952239832,2.20436678187489e-11,0.162990958118889,5.79602774939086e-26,2.03590352829e-05,0.0174412365324544,0.102163464585077,0.00223235764593993,1
"20054",0.197836151975979,0.0680714020883874,0.734082028998199,5.8729566760994e-12,2.03486917153788e-22,1.04169314481758e-05,1.28090284793177e-23,1.13625801659529e-13,8.15005951840288e-60,3
"20056",5.1660141701041e-07,0.019529310925586,1.61551843182042e-24,2.09507699712472e-18,5.74105646853813e-26,0.262529056587166,0.717941115883652,2.1793937462969e-12,4.5000409500041e-17,7
"20058",0.0150574178349902,0.000838396774405402,0.981186770012011,5.4410978250883e-21,1.71152266649775e-61,0.00291046202057431,1.44154269739655e-68,6.95335801863439e-06,2.77233662313249e-112,3
"20060",0.0286701376097236,0.00215118749844996,5.64444089230263e-18,0.944453082864078,7.1624800106656e-19,0.0246013819483592,1.08017699764229e-12,3.35737665906229e-05,9.06363117180357e-05,4
"20062",0.212622860693788,0.0196223555525863,4.3510739048621e-12,0.767604752653934,4.91354555429732e-18,2.77430543944422e-06,5.97614730413129e-11,0.000147239957460904,1.6772679092775e-08,4
"20064",0.568137615887188,0.00741228042081597,0.424377348705545,9.16265091019312e-06,2.3091872109163e-28,4.28597031250857e-05,6.90137711180465e-10,2.073194227874e-05,7.58266501320126e-20,1
"20066",8.93898927347202e-05,0.0378952518337115,0.931291957719427,1.36906696365343e-37,5.15790093246888e-45,0.0307234005541271,3.73089116540225e-37,2.13788506812913e-17,2.57775800821681e-93,3
"20068",4.20603642062499e-05,0.0071972091042531,8.5896664225692e-29,0.992376863386422,1.57440828779424e-08,0.000111236904896454,9.21177754533695e-15,1.29329084005183e-06,0.000271321205289593,4
"20070",5.48561646929623e-05,0.0033956959284872,1.66475467689028e-27,0.983703128244824,2.74493889620059e-19,0.000209799083295334,9.14600365330958e-26,0.0126365205781329,5.67254594968293e-13,4
"20072",0.00693468879454345,0.991390434522824,0.00144868532548249,7.17538666325721e-17,5.46382086777241e-20,0.000226191357149464,7.15069567997727e-60,7.01381282959144e-16,8.24150936182816e-103,2
"20074",1.15790071801938e-25,5.68615345206918e-05,4.68619940257112e-64,2.20798643568916e-25,9.32112411319572e-09,0.000997586703096182,0.998945542441259,2.33233049804492e-27,2.53029308270411e-20,7
"20076",1.34557320430991e-05,0.970311754354373,3.67236021355158e-21,6.84625218772835e-07,0.00635347775240533,0.000151816658546261,0.0231688108774118,4.06199475545966e-23,2.02831067566828e-15,2
"20078",0.983234693476767,0.0158173946236374,7.33678404764179e-05,3.28248395668913e-07,1.0826042601524e-29,4.99495989354101e-06,3.96555596678964e-17,0.000869220850829791,3.06176894899414e-37,1
"20080",0.0084360816373489,0.0020595753619515,0.989264260182854,2.53823524956327e-26,8.13659179214372e-78,0.000191177593043817,4.84861792202653e-44,4.8905224801624e-05,5.44486053021641e-94,3
"20082",3.95191498570531e-12,9.37438953587701e-11,3.48790452735972e-07,8.34530876835995e-41,9.60281386853263e-112,0.016884478730555,9.26077312848744e-77,0.983115172381296,8.91541802579558e-106,8
"20084",0.617412433473182,0.380728891772715,3.96529126783242e-06,2.16089388423729e-16,3.55796818715962e-36,0.000567208505100474,2.10755295467617e-09,0.00128749885018127,3.63569570498417e-34,1
"20087",0.981762011709886,0.0179072204632101,0.000318263188868287,2.81817036000021e-06,1.65150558890409e-23,3.70147997169713e-06,4.51346988059951e-35,5.98498770424368e-06,1.45080704271362e-58,1
"20090",0.0544889786170406,0.00793532359918669,0.928756155084294,2.2126690084304e-22,1.23002368640701e-90,0.000389447727142871,1.5353551117132e-44,0.00843009497233594,2.98692810784099e-91,3
"20092",3.03054594562283e-08,0.000421454607388861,2.17508813664657e-21,3.86574055562106e-10,3.71112910517847e-32,0.0327515305082779,1.29027008838354e-83,0.9668269841923,1.45468491521284e-80,8
"20096",5.17542251921052e-06,0.00635754718580091,1.06725213174374e-25,1.05377807598272e-08,7.75194000789295e-36,0.000393366107023457,2.19461244790342e-24,0.993243900746876,9.52876356427736e-28,8
"20098",0.0113238268249957,0.00854062655817207,1.88297011933397e-20,0.0026564303610223,3.62523574477371e-20,0.000714545031862156,0.0993983258897325,9.85842929007029e-05,0.877267661041314,9
"20101",0.46849450205013,0.258157888642629,0.273030458327187,1.29295962643845e-23,3.73351523884486e-54,0.000231732356302516,5.66189957629815e-17,8.54186237515856e-05,5.52778707059961e-58,1
"20104",8.57393437683428e-22,4.28878221302625e-07,1.28276112259131e-55,4.17813126707075e-16,2.23895543493454e-18,0.989124341943404,1.03098991565771e-58,0.0108752291783745,5.76586363655126e-45,6
"20106",0.0650003632346362,0.00187339748316614,0.93312096840169,7.34297127037213e-12,1.01815885689177e-49,4.83326527168144e-06,4.81792310467611e-16,4.37607892462508e-07,3.82276210787965e-40,3
"20108",0.0426813042251381,0.0103147505659575,1.68373511310303e-18,0.932715747000997,2.4887712699857e-09,0.0026542309987752,1.02679643379916e-05,2.7737982074358e-07,0.0116234193762027,4
"20110",4.86038586711792e-05,0.111721659707661,3.17701357712525e-25,4.04318585047654e-08,8.07483299933399e-47,0.0115343023497211,9.04237396715436e-10,0.87669539274785,1.13697955276313e-17,8
"20112",0.922761899768689,0.0441526212141917,0.00810177549212168,1.35564040669641e-10,1.56754657470647e-61,0.000116374940728853,1.96845215178548e-25,0.0248673284487047,1.17332792385879e-47,1
"20114",0.94322235799985,0.0509332838297999,8.0164253542812e-06,1.97168494711196e-14,5.03541822750698e-27,0.00582532494319149,2.59543608539775e-07,1.07572581759243e-05,1.27692970878918e-21,1
"20116",0.655844484754025,0.312420152620437,0.0316804563597175,3.08163017044223e-12,1.64428619958379e-17,5.416886363994e-05,7.37397857343889e-07,1.24175150942279e-12,1.34623640730977e-28,1
"20118",0.982381733128319,0.00873100736343438,2.04671629154252e-07,0.00584285289682978,2.89912015397118e-22,1.76503547142955e-05,0.00133639205138311,0.00167778595533586,1.23735783535482e-05,1
"20120",0.896731073989352,0.00717120364376031,0.00699378506223229,4.69208903973621e-16,1.30360886035756e-71,0.0592116814354371,4.42790742652478e-18,0.0298922558692177,4.20047464753959e-33,1
"20122",4.00554723249421e-10,0.000694206146228438,1.28556898685876e-34,3.02189707725022e-13,1.58412179831181e-10,2.59344630892649e-05,0.99927984024672,3.20911898039877e-16,1.858469354053e-08,7
"20124",0.507789019553598,0.421780940309513,0.0698538402795718,5.12225421340717e-20,1.89238014249566e-42,6.43303153622446e-05,5.68434893819159e-57,0.000511869541954912,6.30722311421016e-106,1
"20126",4.0211576406503e-17,4.49465294878612e-08,1.77205409619237e-21,8.30376758372042e-52,1.3893573718121e-70,0.926243925380669,2.5420627170572e-88,0.0737560296728014,1.7780263869705e-147,6
"20128",1.17399773127465e-12,0.000193070291183871,2.55161119944112e-05,2.41884648205512e-67,6.81673740864526e-98,0.998227388204883,9.46213777749254e-103,0.00155402539076454,2.06527296616244e-212,6
"20141",7.95437990906558e-13,5.29412040165819e-08,2.83402082016765e-43,1.80522588468545e-10,7.72051738933454e-32,0.128137856195498,2.41687552162551e-29,0.87186209068198,1.72739230052725e-16,8
"20143",2.67902446044972e-19,0.0028632829011317,7.67802923861625e-56,2.23760373711486e-33,2.54017430663761e-07,0.971277952905015,0.025858510176422,1.69931272032243e-21,3.08178770743753e-34,6
"20145",0.257436441331028,0.00243480351460277,0.726620343818173,1.8325232906607e-06,4.62187358842236e-58,0.000395721861576717,2.88863697397059e-21,0.0131108569513289,3.32529862947596e-33,3
"20147",0.271970870948264,0.00360094567869917,0.724177123723204,7.7135438322977e-08,2.12002521460224e-38,9.75910811368902e-07,4.39060377113925e-18,0.000250006603583697,3.94049016381784e-42,3
"20149",2.735753658511e-12,0.00266655224163866,3.63639384748597e-45,3.22358658873257e-12,4.05625227594069e-15,0.000705864674458195,0.996625313724038,1.10990917800293e-13,2.26935379061404e-06,7
"20151",0.00086878738390625,0.000370792589562308,2.23729603545765e-20,0.00582587987814342,3.95995639948698e-19,2.93258034753772e-05,0.00986343940223348,5.57221259276212e-07,0.98304121772142,9
"20153",0.00134469089661077,0.0144402196901189,3.47580746602545e-22,5.12874213619604e-10,2.21850109552897e-43,0.314631594493455,0.0923101837928839,0.577273069675648,2.40938409633577e-07,8
"20155",0.930412932309743,0.00552253477208632,0.0640503056793474,3.6336110405156e-10,9.90226483404084e-45,4.58597750133678e-08,9.60735386095445e-29,1.41810156876717e-05,8.57641883050311e-63,1
"20157",0.00120999971008476,0.00256795921148483,4.07381191537884e-25,0.000143496927278843,1.93591848296628e-21,0.186141739501402,0.264790432397795,1.42082649480866e-05,0.545132163987006,9
"20160",5.10276907672491e-19,2.9405124803381e-06,1.27737067751304e-48,4.56217702570205e-26,1.46627713338169e-19,9.95857765948819e-05,0.999897473710924,1.05780786169492e-20,4.42062298168766e-16,7
"20162",4.02204750871334e-13,3.51620864464627e-05,5.63155598883571e-47,2.6310434079397e-11,3.24311653033921e-13,0.000164244985784099,0.999500633307865,1.16905452523249e-14,0.000299959592856243,7
"20164",1.56253954800212e-06,0.197481353419379,7.23918343170451e-32,2.86913450743214e-08,1.60500652452392e-22,0.0169467726430462,0.785569923738839,3.58957955255243e-07,9.88806054738124e-12,7
"20166",1.76753091741211e-06,0.978292353415808,1.55982117423662e-05,7.41896251796527e-31,3.5579266818492e-24,0.0216902808415318,1.30472613561084e-22,1.96457067420432e-26,1.0298578374957e-81,2
"20168",1.89574126286637e-20,0.887589938991699,7.83874272088005e-29,4.64656323171154e-35,2.90893367249244e-05,0.112380971671576,5.67330398656918e-30,1.23651215984922e-38,8.7399600394461e-95,2
"20170",0.000159170674377834,0.000745980464296703,1.26247230946351e-25,2.88010183142849e-07,6.20782901086748e-17,0.000105257940556094,0.998220009314486,0.000163120251933831,0.000606173344166115,7
"20172",0.116668034538325,0.000921820710893033,0.880051656854576,1.27439859209596e-06,1.28747481701462e-45,0.000105212153701299,1.67226164442146e-39,0.0022520013439126,5.1452501914557e-53,3
"20174",3.30592277473226e-11,0.00228863593761378,1.29885079921197e-45,0.0062948478193256,0.00215089605765275,0.00173028215135248,0.000147358702519233,1.07982135797972e-16,0.987387979298477,9
"20176",3.43543465998565e-13,0.986288335718143,1.1944739591402e-30,3.18905673400938e-20,0.0125796643472436,0.00113199993427012,4.38899992115708e-32,6.01668640786562e-32,1.34352222933222e-64,2
"20178",3.47425107716317e-20,3.02669234763471e-06,9.31811547187216e-49,2.0522367142366e-28,5.92340463215337e-25,0.000285342137638522,0.999711631170014,2.86793276695986e-20,5.69715559587685e-18,7
"20181",0.0178646194015989,0.571548358972811,0.374617505875287,1.98134655137688e-26,1.72042264185274e-32,0.0359695157503013,2.03468366647725e-15,2.34359143618794e-16,8.45077235242129e-52,2
"20183",0.0181904073715927,0.000397617341870514,1.7793857865462e-13,0.964698468588343,2.30418727894366e-23,0.00209849814544001,9.53828557016645e-23,0.0146150066013303,1.95124545005501e-09,4
"20186",0.00770533844369742,0.0121155959939641,6.50060979012235e-14,0.772639095785158,3.28105145175829e-17,0.203012782110022,9.28325840179317e-58,0.00452718766709375,2.82097696158127e-43,4
"20188",1.12954783654127e-15,1.65081611060924e-05,4.17159122605016e-48,1.34605273795579e-20,2.33075625981512e-17,0.000461101014043274,0.999522390824818,4.94139115839766e-16,3.13153176738833e-14,7
"20190",0.00441309656494778,0.00334327376342279,0.992088662454871,4.82094878303556e-21,1.65880139770978e-49,0.000154967201840812,3.96964315785991e-35,1.49179730507803e-11,1.06823351506674e-74,3
"20193",7.81790343360506e-17,0.974845350447983,5.40647304638853e-36,1.78299578036778e-35,6.29128443094595e-11,0.0251543905222519,2.58966852511329e-07,4.26711630408544e-33,7.50359358137483e-60,2
"20195",0.0232879131145488,0.271929807584503,1.82450724819608e-19,4.95182489063065e-07,1.10575787087967e-21,0.000646164832717933,0.704132053948659,3.55528885809945e-06,1.00482239546615e-08,7
"20197",0.361414778925156,0.00236978323098384,0.634990882003207,1.76012075802344e-07,1.4754552643186e-39,1.42984439121606e-07,1.21718822343478e-31,0.00122423684413846,1.44589754664313e-51,3
"20199",8.48018043374812e-09,0.000523383958159164,9.43931267852788e-41,1.05257521013889e-09,9.76835378036505e-18,0.000202702106095342,0.999270403817987,3.24065247972805e-06,2.59932522964631e-07,7
"20205",3.7807358998724e-14,8.91805035964545e-09,1.51938576000475e-16,2.35444447376634e-31,2.16093345607005e-104,0.0678345431207547,4.89645343894287e-88,0.932165447961157,1.2411003740813e-100,8
"20208",0.89954566844146,0.0838605176819273,7.87183301127087e-15,0.0144412490814122,3.84175932861801e-16,0.000678891454436198,0.000734261170651784,0.000139669000021238,0.000599743170083086,1
"20210",1.50818551810264e-10,4.36357929205721e-05,2.02219316137037e-41,1.47558964600921e-10,2.89070146729553e-15,8.8677283659953e-05,0.999829452962108,8.21409460214339e-12,3.82336547175265e-05,7
"20212",0.000587216052615639,0.0645707935435402,2.2254290669434e-24,8.50723800644893e-06,8.18915771193285e-22,0.0014714308673748,0.929534366502376,1.5385302814207e-06,0.00382614726580553,7
"20216",0.722224303438813,0.0235643759474911,0.247936142134494,9.25814759291472e-12,2.53869368084415e-37,0.00627513973442502,7.30501152978592e-20,3.87355187374512e-08,4.48901989581306e-36,1
"20219",0.0518661275858787,0.0123328764760994,2.9278237050497e-05,4.11340244359439e-13,7.97842044423908e-65,0.00272881312963038,6.97364317605536e-28,0.93304290457093,1.38240042572418e-49,8
"20223",3.35919454173014e-07,0.988886832583861,3.23104790310448e-05,1.17148651881509e-34,5.73148033212965e-34,0.0110805210176541,1.63081040500136e-92,3.70232518881557e-20,3.32562779457275e-167,2
"20226",0.613753155547995,0.287674948998233,7.56924279903775e-13,0.0742176574746647,4.79407256076616e-40,0.000107477974476606,6.53115892622033e-12,0.0242467599973424,6.9678202187724e-17,1
"20230",0.00652840248135286,0.0111204152228637,0.981194274717972,1.42205527866584e-26,4.23274477731694e-55,0.00115690645646227,3.76029955670647e-47,1.12134870590594e-09,3.83344424163019e-96,3
"20233",1.97173818444736e-28,9.33781540177401e-15,1.41693321073837e-58,3.59094956858888e-33,2.45627653209713e-61,0.0558594779178949,1.32447498631816e-66,0.944140522082096,4.39594675659952e-55,8
"20235",0.000380038274148063,0.999540862212293,1.03420959559257e-06,9.73440884437171e-24,7.10965120362943e-39,7.30830323986915e-05,1.63722506664817e-81,4.98227156410517e-06,1.19596313018992e-128,2
"20239",0.0896718728383025,0.910310112256319,1.54103257890678e-06,5.02965284642412e-07,2.02444815120845e-17,1.5968928483042e-05,2.30552116502056e-41,1.97903148216316e-09,1.46700645529371e-69,2
"20254",5.5221197111602e-11,1.62923266111739e-09,6.42187812429756e-07,1.55301566299583e-42,1.71540925361978e-116,0.0202764935907783,2.65224934147919e-79,0.979722862536955,1.63888596173882e-114,8
"20256",0.44648081551542,0.0325233150290601,0.520939924620054,4.71660908190759e-14,1.13418329172257e-35,7.24237125890984e-06,2.34624581879771e-51,4.87024641601445e-05,2.29445028013588e-97,3
"20262",5.75866346315495e-05,0.000209741942005663,4.17288590341747e-25,8.73671135590146e-06,1.71240797383856e-17,6.10203271961903e-05,0.941589461029433,3.20162792559335e-07,0.0580731331925854,7
"20270",0.0168004390272439,0.371888015821813,3.04227850011604e-08,3.9802948486402e-19,8.28593056974665e-23,0.611311514728158,8.71256247567872e-23,5.11716243720573e-19,4.58798900206276e-46,6
"20284",0.000454090932365826,4.33332961569229e-06,4.66908367348472e-17,1.46861625110592e-05,3.29089459545892e-54,0.166098430816695,1.14806926053566e-38,0.833428458758812,3.76734832494981e-24,8
"20287",0.00131279539123999,0.0274115448967396,0.971185525594768,4.21686818930257e-33,5.48775675451189e-61,9.01341156984805e-05,2.22192336618615e-70,1.553634544747e-12,4.10017431413366e-152,3
"20290",1.87979145348689e-08,6.42146286222117e-09,4.45320042751244e-18,1.72824067313291e-22,1.04894898279535e-95,0.0218955167344256,4.2886091578467e-41,0.978104458046197,2.22351883194082e-45,8
"20293",0.949891400794994,0.0062222101042395,0.0308087755037594,4.34679078372829e-05,1.16803562935216e-28,0.000173148871199668,6.81523617334268e-22,0.0128609968179707,3.51336533258319e-27,1
"20296",0.00236483139087295,0.699305447924552,2.01261956907804e-16,0.00746314150916743,0.0100336739079277,0.000876363129136549,0.279954273710951,1.47603213891819e-17,2.26842739238225e-06,2
"20301",5.7828839321783e-06,0.946410913963099,0.0356619328475328,6.80125737706354e-52,2.32215653600661e-68,0.0179213703054344,1.57870096438869e-41,1.86722507135853e-15,2.14708990513084e-139,2
"20304",1.81380530273075e-11,1.9484454409707e-11,2.03845904766283e-08,3.88193143486505e-36,4.56408067175092e-98,0.00749826391253455,2.40876901351471e-75,0.992501715665252,6.53255764175375e-97,8
"20306",0.0679569729085989,0.0222965048630723,0.898397638988418,8.71143258158243e-23,6.23162579950697e-57,0.0112673219050625,7.44148584330688e-65,8.15613348484166e-05,4.54249545217067e-109,3
"20309",0.975740527267909,0.0064765349246199,0.000145866856635656,1.08890129156937e-06,1.60390731849157e-44,4.76437576488549e-05,1.08422156506681e-21,0.0175883382918953,2.95268725246355e-28,1
"20311",0.825062737372699,0.174043476398461,4.49008617258015e-05,4.27117458081821e-13,2.72091729397404e-31,0.000847707612409436,7.27086414935193e-18,1.17775427801272e-06,1.79282992653975e-49,1
"20314",0.0143788779594008,0.000291292041727328,1.6744822683403e-13,0.00455569225604872,1.36968137540966e-24,3.53003495318261e-05,0.00517682051208181,0.000151148515792019,0.97541086836525,9
"20318",1.95476105580873e-13,0.00591373964778917,7.70301879507302e-35,1.77581056536335e-31,1.59730558540096e-14,0.992449308943434,0.00163695140856499,2.50030880996151e-22,1.20321921187786e-32,6
"20320",6.13916348261216e-05,0.62921627537307,1.13926358969868e-26,0.0761192907361093,8.0686559399367e-36,0.277056896173491,1.22580767905042e-18,0.0175461460825029,1.35874492511296e-18,2
"20326",0.728990298472545,0.0182818322311623,1.7874694258421e-12,0.0222961490220702,7.6707753878201e-24,0.00213378136553687,0.00305811825190024,0.0116284844699117,0.213611336185087,1
"20328",0.00148315266668926,0.0397398710946092,1.53140635123124e-19,0.824934715989668,4.95595591421299e-37,0.087165991808599,8.79760975668867e-38,0.0466762684404341,1.27230543197727e-26,4
"20330",0.432686197630568,0.566944862706969,1.33899307658011e-06,3.5949820094014e-09,7.28710629784146e-44,2.9662898129605e-05,6.43096949307446e-39,0.00033793417627495,1.40911074806382e-73,2
"20336",6.24076498668275e-05,1.38194510631183e-07,1.0778608584174e-09,4.75587184241066e-09,8.09754470961558e-67,0.073566815404904,6.35726144271521e-55,0.926370632916986,1.19927349685928e-42,8
"20338",3.68969359039819e-06,0.000472826131147421,5.72115397829399e-13,1.0392823314471e-22,1.09546740293254e-69,0.000753166010849336,9.13136015612473e-34,0.998770318163841,3.27823125173324e-55,8
"20340",0.0025642348607665,0.0516522436741198,0.944666415841689,3.49737717422457e-29,4.15413512723325e-59,0.00111704776999984,2.91101998708141e-57,5.78534249089189e-08,4.44125525838172e-120,3
"20342",7.05902984798538e-27,7.07051791307745e-07,1.07617581205702e-49,1.94235916323819e-48,6.20766133235408e-56,0.999995032223214,2.0950719493501e-61,4.26072499492047e-06,1.42333827295368e-117,6
"20344",0.497280037283091,0.0215249236026323,0.468062472449734,8.24572766243347e-14,5.44290880149035e-44,0.0130708594190224,1.78504907381208e-42,6.17072454378658e-05,5.28255471517374e-72,1
"20349",0.0763453007335995,0.0078552529011259,0.914768508506746,6.52256003166351e-19,5.95706569743144e-42,0.00103070868631283,2.72987522876556e-55,2.29172215810749e-07,6.30315370440397e-98,3
"20351",0.985204650116169,0.00902172581539774,4.01168393337671e-07,6.67494225959872e-08,8.44700280483826e-43,0.000379177023639799,1.18497637529884e-20,0.00539397912697766,3.57746090269744e-30,1
"20353",0.600110808318673,0.210767654557759,0.00367266792385566,3.99822000090705e-14,2.08511763474659e-64,8.57626371491943e-05,1.07005656691288e-47,0.185363106562523,4.8036244868992e-78,1
"20357",3.77363285967226e-11,1.37470162907641e-09,1.08799551866412e-12,5.41264217355635e-29,1.27778713908404e-105,0.0291845326612946,4.67116929828696e-101,0.970815465925179,6.28825769592226e-115,8
