"","V1","V2","V3","V4","V5","V6","V7","V8","V9","best$classification"
"19812",0.000131013247885075,0.221729495707178,4.29303421399271e-05,0.0437809671763527,0.000462123327569394,0.000105588231760281,0.73372043198218,2.65655396858059e-05,8.84445248727664e-07,7
"19814",1.46644818277973e-06,0.0122273796225942,4.87364309798777e-08,0.00062721413363396,3.86876854490165e-05,1.73485095819638e-06,0.985329842955631,5.43993007375646e-06,0.00176818563704616,7
"19816",8.99965872563095e-06,0.772104659276989,0.00190118514598828,0.0060682872063148,0.216005002125603,5.78771830645944e-09,0.00390759761348781,3.71931659997796e-06,5.43868573393866e-07,2
"19818",5.24220675583055e-06,0.580561565461239,1.92724524958216e-06,0.0002383539404562,0.000933285108708143,2.76472419960882e-06,0.411848232986542,2.79850445668797e-05,0.00638064328228318,2
"19820",0.000218646830021312,0.00193343025038385,0.000135998944321269,1.70129844958613e-05,0.997694906569281,2.53983132951131e-10,3.96085916165036e-09,2.08601705844249e-11,1.85794035154396e-10,5
"19822",0.140287488928454,0.00274612502452415,0.00464969458832358,0.008458331052303,0.843847993298342,9.04193355763861e-06,2.96115443754542e-07,1.43372837586613e-09,1.02762532430104e-06,5
"19824",7.39800725751628e-05,0.504571894824398,0.0925058180398816,4.07296486901616e-06,0.401071736950775,3.13476036065051e-07,0.000152003688817483,5.61666286022427e-06,0.00161456331978767,2
"19826",1.42707589646433e-06,0.0685076099423198,0.00885299370223784,0.128616268721823,0.00146560990921455,1.48749918470698e-06,0.788905160250582,0.00362648635174802,2.29565469940729e-05,7
"19828",0.00129731873512965,0.339111842876685,7.38154639624963e-06,9.22967546793061e-05,0.659409990668617,1.21707115922327e-07,7.99431479996042e-05,1.06190093096881e-08,1.0939443675757e-06,5
"19830",6.55282477151561e-06,0.00634256707986725,1.17049984248564e-05,0.108485735095096,1.19469984125525e-06,0.00368022033220057,0.879338093569609,0.00205323709095782,8.06943092317323e-05,7
"19832",0.655237122869177,0.11367635760705,0.000185335077195773,0.0341904960539202,0.0120062696870182,0.032699562590225,0.152003424958708,3.72776203510479e-07,1.05838050173926e-06,1
"19834",0.00755442281519265,0.178702555830773,5.58139661445959e-06,0.727220818008503,0.0776647245592627,1.03703279465818e-05,0.00876252490726118,7.99267352224396e-08,7.89222277109161e-05,4
"19836",4.68389008073514e-06,0.927602738915617,0.0308794215510891,0.00140872389493646,0.000982924471849219,1.78997125663248e-05,0.0361281681143084,0.00297529855672722,1.40892825326715e-07,2
"19838",1.00324689932549e-06,0.000335112809128424,1.10676237490717e-08,0.000566983423576161,2.14375434061024e-07,6.34789536849372e-05,0.998814124640981,1.4146822958645e-05,0.000204924659714234,7
"19840",5.81664801661463e-06,0.146642638164166,0.00149045048358872,0.785411699103664,0.049627107271507,5.14936499766466e-08,0.0166812930540252,0.000138785029146507,2.15875223599705e-06,4
"19842",1.88606228503406e-10,7.89148180192061e-06,0.000127879493878182,0.000153742457829183,1.10016417191665e-08,1.34377870145819e-06,0.0140921967052318,0.985615619442082,1.31545022693478e-06,8
"19844",7.70559806804996e-10,4.48369545653907e-07,9.74180218473382e-07,6.75459604883402e-08,7.79658297472502e-07,1.11338379594094e-08,3.99878825976629e-06,8.94497500633016e-06,0.999984774578314,9
"19846",3.60345604472773e-10,0.000181105512637316,1.13735304656902e-06,4.71138368100996e-06,1.82035814800393e-08,2.55813862816949e-06,0.914984691487321,0.0271078926290488,0.0577178849317101,7
"19848",2.34256738048554e-09,0.000202124627578757,1.58840250378859e-07,1.22088607767059e-05,3.30049276476265e-08,3.2611494999891e-06,0.978513055363957,0.000945255140585569,0.0203239006698564,7
"19850",6.5864919312707e-08,0.00050832996801798,8.96378525030028e-07,8.11180883312142e-05,2.10044680467309e-06,2.29810149183851e-06,0.812435793477904,8.05144876574401e-05,0.186888883186348,7
"19852",1.7797234368916e-05,0.970899013436567,1.52872943870322e-05,0.00104333901544352,0.00718994833592067,4.83653886736602e-07,0.0207715503303006,3.71264686275759e-07,6.22094344387038e-05,2
"19854",8.31509191414735e-09,0.000177383877033403,2.10539613818603e-08,3.96365309923978e-05,3.6412145311234e-08,4.57477696271204e-06,0.997881310347692,0.000251581269829668,0.00164544741629103,7
"19856",6.11515012533472e-07,6.89312212462806e-05,0.000123019739484386,0.000283994281355266,4.01918090366683e-05,1.4374701351021e-06,0.0112584858357503,5.45903800785209e-05,0.988168737747901,9
"19858",1.60105875603635e-05,0.00283637813592881,0.000657350428094618,3.0024389909702e-05,0.00186517854451326,2.8615732140069e-06,0.000557071510696589,8.86679094438447e-07,0.994034238150988,9
"19860",4.92018351102246e-05,0.566136155045197,5.35872757202778e-05,0.147908472063321,0.0216316591826156,6.58265347358942e-07,0.26419349404496,6.00476738459106e-06,2.0767520344333e-05,2
"19862",2.60939167890808e-10,8.52504578540471e-05,1.16665888962376e-06,1.24171654997418e-05,5.98837601871036e-09,4.7189994975825e-06,0.896375576615801,0.10192376897523,0.00159709487791274,7
"19864",1.40326068740672e-09,3.82837992286509e-05,0.0251071068357495,6.7161904456844e-07,1.16044163336809e-06,1.64163187764968e-06,1.62322215978498e-06,0.974848316308884,1.19473816140056e-06,8
"19866",4.09929818163445e-06,0.273415636294541,0.628801819619841,0.0265833943401982,0.070729430553184,5.4168758313396e-08,0.000198635152670806,0.000266696860040641,2.33712584143961e-07,3
"19868",0.0314456197609133,2.2547198285563e-07,2.75477648911075e-09,0.00263797972382675,5.7695235131512e-07,0.965883372801706,1.38251250084704e-05,5.87222774715172e-08,1.83386871578011e-05,6
"19870",3.76097478491084e-08,0.0210564839038093,1.46715560732932e-06,3.80959137955245e-05,1.46046441188924e-06,1.19878879328364e-05,0.970910461105305,0.00649594287078926,0.00148406308860092,7
"19873",7.75083852356468e-07,0.408863854124928,0.000127406737621643,0.000934519399184694,0.000554813704132006,1.23807258283284e-06,0.587221948317119,0.00184211930022738,0.000453325260351499,7
"19875",0.00208156902961674,0.119358013206192,8.60834091647297e-05,0.0321029933247523,0.845590241634483,8.57659405674155e-08,0.000780967557668311,2.09198915910435e-08,2.51522908725291e-08,5
"19877",9.7696723872027e-07,0.17117676527906,5.04044944620313e-06,0.00445389187950063,3.12449841044738e-05,1.99683195266391e-05,0.822382491325982,8.66484299876706e-05,0.00184297236515374,7
"19879",3.48199003042987e-05,0.957040956872349,2.11945255275845e-05,0.00306620244255691,0.00117523781685242,2.48814916729114e-05,0.0379274074751731,7.99558844953467e-06,0.000701303887113655,2
"19881",5.98274074967391e-07,0.058232410144931,0.0170703936001767,0.00324007512771307,0.000158425652110016,5.3542764563224e-06,0.91160231768913,0.00883882979583939,0.000851595439568661,7
"19883",4.47631323347049e-08,0.0292007526513326,0.0100666286478415,0.00149333910914236,4.59875345349314e-05,1.29129612991455e-06,0.601727048095978,0.357431225114,3.3682787907986e-05,7
"19899",6.12799361458345e-05,0.103942514249114,4.35387634201721e-05,0.885842284729685,0.00138936400495058,5.83994929617372e-05,0.00863657586944608,2.46919819480656e-05,1.35097232783221e-06,4
"19908",8.59831463832553e-05,0.00057865993793828,0.0113085502019854,0.985317722751588,0.000676890959309773,0.000380749041443135,3.70296404819432e-05,0.00147493358568632,0.000139480735183625,4
"19910",1.78595731440545e-06,0.967911940567705,5.20189412132623e-05,0.000130339179744154,0.00115912588002019,5.383554714938e-07,0.0307109335554935,9.46043860933322e-06,2.38571244290002e-05,2
"19912",6.62582303902949e-10,2.53242049359059e-05,6.8504937256628e-05,0.00154693679962969,2.93642870757275e-08,3.00607415083907e-06,0.147453211217926,0.850805227345025,9.77593942068757e-05,8
"19914",0.000430590664621261,0.561424877602751,0.00029476678915168,0.293122280576276,0.00249294565982577,0.000202364221149333,0.141570660652013,4.83992054044512e-06,0.000456673913671784,2
"19916",9.7528595126714e-08,0.000849735251070139,0.998095451780446,1.20313973604754e-06,0.00103520878717893,1.8017449918334e-08,2.4368775077181e-07,1.66739969687581e-05,1.36781080420326e-06,3
"19918",2.97232115523079e-09,0.00732682776728654,2.32199440936723e-05,2.43363943210979e-05,2.23163280829408e-06,4.04149176272624e-07,0.912691915825052,0.00565185765463065,0.0742792036603104,7
"19920",1.18790050322478e-09,8.562128738113e-05,8.12586583659964e-08,4.95539659745039e-05,2.33296668262148e-07,1.44312444115397e-07,0.110202422137414,0.000109648961916429,0.889552293591643,9
"19922",0.188076051649978,0.0845744322723178,1.00877511149486e-06,6.0755186771344e-05,0.000405164411669325,0.587885372691681,0.138988540073927,3.27222113741148e-06,5.40271740728602e-06,6
"19924",5.7649742767053e-07,0.163414652481877,5.69566344676907e-06,0.00569425797108589,0.000179104316763573,3.58682596247558e-06,0.799559776412095,0.00028254432137553,0.0308598055099656,7
"19926",0.000696132925499579,0.498472157129389,0.0207008908586191,0.459850778612287,0.00373565469381248,0.00109667021657239,0.0152371360268258,0.000210495975442355,8.35615523793188e-08,2
"19928",1.42074764959244e-11,2.82120708565497e-08,0.00809226232605291,5.87694053981614e-08,1.13683798583708e-09,9.48865931807995e-07,3.86513367530108e-07,0.991905761993228,5.52168898067114e-07,8
"19930",3.59870686946528e-07,0.0243374549587249,5.72366248277961e-07,8.71322703487754e-05,4.74031344621637e-06,8.48425059397925e-06,0.97539909971859,9.76582704103171e-05,6.44979809507549e-05,7
"19932",5.40070810407941e-08,0.000413644365321749,1.63958268224109e-08,5.73038614895539e-05,1.02181962050455e-07,1.00591078233082e-05,0.998919119480541,4.70801879971441e-05,0.00055262041195741,7
"19934",0.0106984098171511,0.36844365639781,0.00013960571674093,0.0419685739711589,0.561214277321351,2.61182570547026e-06,0.0174184603291822,5.74118609804353e-08,0.000114347209039523,5
"19936",4.50068188694024e-05,0.0631138213927686,2.48474885015393e-06,0.062587325187832,0.000260319393592756,0.000116605735112411,0.873766936344626,1.31538397582784e-05,9.43465385905814e-05,7
"19938",0.0048610978120387,0.0896321830030631,0.0144035012013735,0.139087844428473,0.751923108553988,4.39501170405433e-06,4.49876310991757e-05,9.98743574462386e-08,4.278248390289e-05,5
"19940",1.99471639757023e-07,0.869882706232867,0.00136266570161194,6.0956986621152e-05,0.000340184469916402,1.20958919603549e-06,0.123602050299737,0.00466935570005617,8.06715483552502e-05,2
"19942",3.36652467758544e-11,5.98207655650336e-07,0.0611352955569559,1.25132764101708e-05,4.96056927313653e-08,6.34594924149102e-08,6.87330174660877e-06,0.938844389835831,2.16722550129958e-07,8
"19944",4.65686067787484e-06,0.970085246392087,0.00554895161817134,0.00201649856031846,0.00672564316807893,4.3355745879182e-07,0.0156007206654997,1.45295644006483e-05,3.3196133068802e-06,2
"19946",5.58611838292751e-06,0.681306124343076,0.00016520272530053,0.00297209856644967,0.00160486636602413,3.88805411992779e-06,0.30230785541598,2.10455459760859e-05,0.0116133328646908,2
"19948",3.16931026716095e-12,8.94727239134208e-07,0.00297548187622389,3.75961567434058e-08,9.87294664444138e-09,1.10949221802048e-08,1.03104354246271e-05,0.997012958463062,2.95930855902279e-07,8
"19950",6.61091799157222e-10,6.45251755626355e-07,6.92473238642518e-10,2.63375789051443e-07,5.31484216209575e-09,2.03677025520884e-07,0.000911871354799189,1.48156216134393e-06,0.999085528110062,9
"19952",3.16931026716095e-12,8.94727239134208e-07,0.00297548187622389,3.75961567434058e-08,9.87294664444138e-09,1.10949221802048e-08,1.03104354246271e-05,0.997012958463062,2.95930855902279e-07,8
"19954",4.3383377025958e-08,0.00440241088683988,1.12968249831948e-07,4.28763477053424e-05,5.78217816169187e-07,4.53723246806038e-06,0.995079168893109,0.000169160639171189,0.000301111431263403,7
"19956",2.36433939729815e-07,1.11092474219732e-05,1.53867118425712e-05,0.138550965440547,9.80628485773709e-08,0.00204232389105221,0.206147526221138,0.0229645567545854,0.630267797236624,9
"19958",0.00704765305618606,2.01972777071978e-05,1.75304589444391e-08,4.18061197421129e-08,3.69802879072198e-07,0.992792370740232,0.000105744563381632,3.59540874603321e-08,3.35692689481748e-05,6
"19962",0.00073012809269191,0.118666534445616,0.011502345663724,0.0143592648900264,0.0183877518026666,0.00018079255255702,0.577284887340278,3.53376219741464e-05,0.258852957590466,7
"19964",4.85981094277946e-07,0.728191072147581,0.00171692799846762,3.96807119284735e-05,0.000333164604574577,1.62322598435328e-05,0.256404895577431,0.00846551936621073,0.00483202135286747,2
"19966",1.71049105905775e-05,0.0157345118239707,0.869082974504819,0.00446710211647641,0.110689146794089,3.1961067356918e-08,2.23870237168583e-06,6.88722506771912e-06,1.96154799376878e-09,3
"19969",6.00084731920705e-08,0.00425629178609788,7.30532656482399e-05,0.00432651860536339,4.69154394099813e-06,2.25141532552956e-06,0.975146530775219,0.0161510292829838,3.95733169486053e-05,7
"19972",9.33360858802035e-09,0.0386173467245112,7.41228090878413e-05,3.70539250621328e-05,2.36126462588602e-06,2.66522832903157e-05,0.373581128494838,0.551930346053437,0.0357309791115387,8
"19974",1.16111845824449e-11,9.26707966264591e-06,1.5040407238892e-06,9.87347435525623e-07,1.80295334414745e-09,9.94810868461814e-07,0.0638833271943378,0.372766143095707,0.5633377746167,9
"19976",6.85523778138112e-07,0.410493728784959,1.60430492379755e-05,0.0021671526410937,0.000206936048399561,5.7148600436525e-06,0.544411580957984,0.000248464404976045,0.042449693729528,7
"19978",4.60139665454973e-07,0.9715583387517,0.000500716581892135,0.00010811603176046,0.0106931606756221,2.89406859774032e-08,0.0170449387477609,4.05985167299298e-05,5.36416141826637e-05,2
"19980",5.92972908115149e-09,0.000116792135799132,1.55968120332684e-08,1.82413078022839e-05,3.63061441649105e-08,5.57363845331813e-06,0.870086275279211,0.000267382532607871,0.129505677273442,7
"19982",4.47608534705673e-07,0.000215277034510575,3.39597960450267e-08,0.000861253644571142,5.28312228497604e-06,1.42850109843535e-05,0.129078530035041,3.71768031793582e-05,0.869787712781098,9
"19984",1.04124482587601e-09,2.32412710952942e-06,2.33634099838501e-07,4.6139201338381e-07,2.87880841072172e-07,1.44980171447923e-08,0.000116573127987243,1.62809953248578e-06,0.999878476199154,9
"19986",0.00159927340456283,0.0299873458587251,0.00509859834623472,0.00301365565130944,0.960301016352406,2.61515171842688e-08,8.27495245928625e-08,6.63945757440671e-10,8.21774292882679e-10,5
"19988",0.00186456693067366,0.00183002016036405,9.18556725198797e-05,0.000112958556305453,0.996100594162828,2.93682046673446e-09,1.42479703326347e-09,5.44517910334356e-12,1.50245705321933e-10,5
"19992",0.00158015502331849,0.00159424873729252,3.8320668217853e-05,0.00369636256981538,0.993090824781039,2.56107865330001e-09,6.27710520214017e-08,7.82304905737757e-12,2.28803633342806e-08,5
"19994",1.45582994168023e-06,0.0354773191251256,5.11814171409847e-07,0.0004317498558948,6.18380380797087e-06,3.21823339945501e-05,0.96398090787547,5.57724892573365e-05,1.39168723367411e-05,7
"19996",0.000285904144479564,0.0126579648977623,6.93003706976969e-06,0.000123306589019103,0.986925686021975,5.41828154268417e-10,1.89760880151517e-07,2.51596371335546e-11,1.79818265777935e-08,5
"19998",2.25826862074182e-06,0.00301196895300895,0.757266360342948,0.180384490054907,0.000660848889593502,6.17982984303375e-06,0.0360153443863704,0.0208456179490045,0.00180693132570401,3
"20000",0.000114974372292534,0.000134151901975233,2.31941111644173e-05,0.226717174927843,4.00896106618053e-07,0.127015715777597,0.643071752079573,0.00277307527331613,0.000149560660132358,7
"20003",1.81681239919098e-05,0.0992148516062105,0.000105915536666624,0.00811830432470661,7.77534543676119e-05,0.000104255710050424,0.892023754994584,0.000336310658953954,6.85590468474647e-07,7
"20005",3.77649058575892e-10,0.000230376206725925,2.4307698018358e-07,1.38473788414454e-05,1.21194526810245e-08,3.41567381553153e-06,0.964355418077713,0.0166311914857461,0.0187654956030757,7
"20007",0.000370980424262021,0.788844394466408,9.32220162028849e-06,0.164510115709333,0.0177708038761465,1.23886623167068e-05,0.028254925419572,1.69513831424803e-06,0.000225374102027321,2
"20009",0.000438594677112607,0.0529119376371959,0.712787482881938,0.000242819501512777,0.233466161645965,1.45113005721456e-06,3.71854183635705e-05,1.15756288533436e-06,0.000113209544969384,3
"20011",1.53282524472646e-07,0.292649335639259,9.9468369409122e-05,0.00065963234126265,4.42271963454721e-05,2.16455072900331e-05,0.602104294410423,0.0970623130053754,0.00735893024811065,7
"20013",3.82300402489088e-07,0.00374634387119644,1.61207508192275e-07,0.0139525428416321,6.97501738667532e-06,5.31330227631792e-06,0.887738480740655,2.72016323649821e-05,0.0945225990865776,7
"20016",0.0172638111201759,0.061144158144546,0.00288549637201174,0.00274172476287759,0.915956885333018,2.3438451582095e-06,6.54352760078966e-07,3.57594279523595e-09,4.92249350975409e-06,5
"20018",0.996699920840049,1.57464895787438e-06,1.9845697417506e-05,1.19618076262121e-06,0.00306417099410939,0.00021329152825998,5.86996411685469e-11,1.82023789047659e-12,4.99241497113013e-11,1
"20021",0.000758638715885053,0.851636568160139,0.000610899287453631,0.000270698913521776,0.145123956140025,6.10574170478827e-07,0.00159841724558095,1.90961667745091e-07,2.00015563468129e-08,2
"20023",0.000594950225575256,0.891245008259268,0.00280225019849726,0.0334673644038464,0.0602649434749679,7.78307942462398e-06,0.0115798338123698,3.22983108696109e-07,3.75435629418598e-05,2
"20025",0.737125924922298,0.00692904098294099,0.000153869477166819,0.000142067307830652,0.255189448312647,0.00045913531295074,5.03312137652829e-07,2.37874850221384e-09,7.99327934595023e-09,1
"20027",1.18468862179655e-08,0.00143465492025711,0.000184922308181831,0.00862232270788608,5.21374100296163e-07,2.06880710797731e-05,0.375563227889068,0.614168924554105,4.72632843540204e-06,8
"20029",5.46996879120439e-10,0.000265237083537945,4.60248682490078e-06,0.000350249416670011,1.59140655938003e-07,2.846188078896e-07,0.94313712507797,0.0502889785261928,0.00595336310234417,7
"20032",8.45834476912248e-08,0.00283043593344747,1.60648643622586e-05,0.00033554652950534,5.17528140298601e-07,3.75101767539816e-05,0.984572170836351,0.0122027692858613,4.90026213030624e-06,7
"20034",4.83103481099284e-11,1.92645594400139e-05,0.0120987503024293,1.92793929502687e-07,5.11820488245925e-08,1.56190943580828e-07,6.48091933384008e-05,0.987816691313908,8.44156522524005e-08,8
"20036",4.26580343181771e-06,0.000114302021023373,0.000144956232132697,0.972710386985519,0.000196031176129189,2.57792259427173e-06,0.0170165485855607,2.76247261519236e-05,0.00978330654745717,4
"20038",0.0367177606215457,0.0957718958829832,0.000106628675384308,0.210802481357246,0.656573252585035,1.76984811488757e-06,2.62077211634551e-05,2.6822103860499e-09,6.26317393308637e-10,5
"20040",0.00993922090731329,0.0313891479941834,0.66529417213498,9.26204164973494e-06,0.293328924399975,3.81381549192672e-05,9.07372469945846e-08,1.39184142161132e-07,9.04445590172804e-07,3
"20043",0.00515499405568323,0.0412521788357949,1.26599333596861e-05,0.00547865255688466,0.947686904409174,5.99836160093798e-08,0.00041440808907316,2.15557443411101e-09,1.39980839443984e-07,5
"20045",0.028770502760761,0.00152330904965764,2.34262429511212e-05,1.19337294551667e-05,0.969670760213809,5.49323871806344e-08,2.59054257393454e-09,5.11007871567359e-13,1.04799254044354e-08,5
"20048",3.38796834200042e-10,4.46826712767402e-08,9.97324929479393e-10,3.49055204959243e-08,3.74990246605996e-09,6.04740811212164e-08,1.05820796159107e-05,3.30923017983002e-07,0.999988941849069,9
"20051",0.0311023170013539,0.0897737914784454,9.06234184588461e-06,0.112500888172166,0.10815669500733,8.55580919406714e-05,0.646443547673108,2.01653466961541e-07,0.0119279385803434,7
"20053",2.77695575840501e-05,0.931478767537926,0.00907937295703936,0.000618435781591137,0.0578084838155035,2.08705073342177e-07,0.000925456936009404,9.94004008426745e-07,6.05107052646433e-05,2
"20055",0.0282336004725636,0.0483187049750044,2.55577327064862e-05,0.896555701580549,0.0253107930307501,0.000198763002889944,0.00135612541816173,7.51359938432295e-07,2.42743590751843e-09,4
"20057",4.00251922936758e-05,1.09281642699423e-09,2.09042761577987e-09,6.42167347450286e-09,6.35855475100266e-11,0.999956837736172,1.93616221856645e-07,7.48769181997402e-08,2.85890989091226e-06,6
"20059",0.000393936794006758,0.937537593154892,0.0310044236281445,0.00032102757114323,0.0301698664457113,4.87107546962156e-05,0.000518851810088728,1.995467829582e-06,3.59437348776124e-06,2
"20061",2.53845632932784e-05,0.981002871582883,0.00101521144085805,0.00133399144789193,0.0123806119906364,2.00161118674294e-06,0.00422198073973368,4.43199714068334e-06,1.35146263763643e-05,2
"20063",3.1378421144545e-05,1.5460917119912e-05,0.0161232528634628,8.78503373662781e-05,0.00737818702327323,3.52758356965211e-06,1.91243412835636e-06,1.23300158365082e-05,0.976346100404099,9
"20065",0.987635979146825,0.000224538538813813,6.06742975946591e-07,4.75619820552897e-05,0.0120329915533105,5.83004771113403e-05,2.1556813183012e-08,9.06108769172837e-13,1.18854282288461e-12,1
"20067",0.0598829992098814,0.0464694018571894,1.45296309023612e-05,0.00088400730901842,0.892559349992557,1.85345686975616e-06,2.47181533211853e-05,3.96665970922998e-11,0.0001631403505939,5
"20069",1.58545307103266e-08,0.000119997967739074,9.46474472896557e-09,3.57761145614375e-05,9.32887279025353e-08,6.32894832651039e-06,0.611569801894012,8.71812851627121e-05,0.388180795182195,7
"20071",2.15095291223652e-06,0.00302057756219459,0.000776929716783022,0.995380009299978,0.000135570519337523,5.5680423443155e-06,0.00052813002037709,0.000143020431792904,8.04345427989071e-06,4
"20073",1.99487263385711e-08,0.00336761265405536,4.55568270345643e-05,1.48188582685521e-06,1.14154493106365e-05,5.47421525999514e-07,0.0823073085381242,0.000405144708444787,0.913860912566951,9
"20075",0.055364942246761,3.29972325309067e-07,1.61112047715319e-09,0.000490903812318937,1.65448188019696e-07,0.944116323190458,2.72014341585448e-05,4.95122993728669e-09,1.27333439708218e-07,6
"20077",4.24079511699862e-05,0.0807930532330187,0.000292335251538726,0.671511230942797,0.24605410495652,2.42728773569376e-08,0.00110428059594425,1.85631966733568e-07,0.000202377164167615,4
"20079",0.000882463902990672,0.00284742104493743,0.000183832093666777,0.0067735507581048,0.0757622244084617,2.81486278332209e-06,0.0299318284147699,3.74784990723296e-06,0.883612116664378,9
"20081",0.369160344174431,0.315376548246565,3.38464284183047e-07,0.0372027663507097,0.277232318329694,0.000240249188317158,0.000785284441433833,1.1180913529235e-09,2.14968647367336e-06,1
"20083",1.77324514849513e-05,4.30856835341982e-05,0.00247796472433008,0.124391815337903,0.000293583590227556,3.24473263192273e-05,0.00234481130201566,0.000201908636999199,0.870196650947186,9
"20085",0.0164301410002649,0.00101471657177445,6.39974784197094e-05,0.000210527666249665,0.982280604835587,8.89873907053377e-09,3.51737482489398e-09,1.45634708151028e-12,3.01333580252828e-11,5
"20088",0.00899252828755261,0.0637422786310998,0.000167285673270153,0.00277074138506332,0.924285288525957,9.17654777183244e-08,4.17467192931497e-05,1.81836929751437e-10,3.88304493736717e-08,5
"20091",0.881957920274523,0.00138143888818752,1.47197052580036e-08,0.00022036288513671,0.000188269426463322,0.116240347675733,1.03181788867076e-05,6.5104518270271e-11,1.32788626041307e-06,1
"20095",6.42641266831994e-06,0.175913737561288,0.00136053071479328,0.000310061939730614,0.00345259130004795,0.000139029076094289,0.00167567016799875,0.0223445449136489,0.79479740791373,9
"20097",0.0601127058859578,0.000913031198018406,2.06786985355727e-05,0.000854742779716521,0.938098785737607,4.82344819639503e-08,7.42084258643911e-09,7.09757068499154e-13,4.41302863134817e-11,5
"20099",6.56536493625047e-07,0.407138225415754,0.330423397822964,3.77486446466426e-05,0.246416955421535,2.32498732408357e-08,0.000195295962496237,0.0139178246279352,0.00186987231830166,2
"20102",0.0031890327956934,0.000311953085172123,1.62364123032812e-07,5.37675028598987e-05,4.83691923461713e-05,0.0125269777590466,0.000290454521191882,3.46194114020775e-08,0.983579248160155,9
"20105",0.00124658301750902,0.117371350933574,6.30163889755676e-06,0.000498589484858897,0.879746888573127,5.87477702309066e-08,0.000851658004604237,1.87231656833623e-08,0.000278550876493516,5
"20107",0.000299858506893447,0.337558619306638,0.000162542096051185,0.0556811516181616,0.606267121923314,3.5889594234225e-08,3.04713268973282e-05,1.72672990453272e-08,1.82065151773283e-07,5
"20109",6.28348955919464e-06,0.61969276475263,0.00718541912175961,5.48238216565931e-06,0.14154840666503,1.70101141966327e-07,0.00665772644392696,0.000127842214472507,0.224775904829313,2
"20111",0.00039355304622793,3.86135423360676e-05,9.61802493893623e-10,1.99956026203645e-06,3.71456821279519e-08,0.98229868454942,0.0170338064552493,5.5641952592019e-06,0.000227740543760866,6
"20113",1.59664707445562e-05,0.169777448286154,0.0206192938531815,0.760993527030955,0.0479527170420614,5.29000128035148e-07,0.000385713608552491,0.000254713978641168,9.0729581523197e-08,4
"20115",1.79925233154749e-06,0.00427055453925072,8.63694333350739e-06,1.15042700253242e-05,2.32671843664582e-07,0.010096613186609,0.972984756179098,0.0124899061837123,0.000135996773796256,7
"20117",0.0547207006612521,0.0395003306981743,0.179411285887381,0.0095736974559601,0.0116156798547868,0.680702338889494,7.11171811411526e-05,0.0244038743675895,9.75004220984132e-07,6
"20119",3.37421567885215e-06,0.00498110294351622,0.943201971109526,0.00252867663826864,0.0492664464834158,4.66580088744829e-09,1.07377755061981e-06,1.73498069374099e-05,3.59305761428409e-10,3
"20121",0.00150943966242923,0.0952837805332455,0.00253576654235276,0.0367367023359087,0.863931359705103,6.5228363563516e-08,2.87936608392986e-06,1.79771441551491e-09,4.82879920920913e-09,5
"20123",0.978439040231993,3.07487274786965e-05,1.05820576445879e-06,0.000535574476313192,0.000113722889834426,0.0208785907981127,1.26331259051274e-06,1.28460652029092e-11,1.34506685035145e-09,1
"20125",1.74848067728271e-07,0.00124671228844149,6.63327545046169e-08,0.000740804046386027,7.92736766270088e-07,1.71089783024062e-05,0.932652822152821,1.65672240408973e-05,0.0653249513924197,7
"20127",0.00055921425120679,0.00117755327389186,1.75313166311931e-05,8.94722395682644e-06,0.998236547335071,1.54983351196028e-09,8.22845616626225e-08,4.6125396367895e-11,1.22718722350568e-07,5
"20140",0.00121219748817984,0.00280608612077844,1.89000677131815e-05,0.994597825527691,0.000502012542685415,0.0005394117868989,0.000322307065273705,1.25409444801313e-06,5.30633196523032e-09,4
"20142",1.44496841696609e-09,1.36802230059922e-06,1.78898555423394e-09,3.09605922781516e-06,8.35847896778045e-09,6.55122872564229e-07,0.00316336593089759,2.47590141160541e-06,0.996829027370857,9
"20144",3.69253554819954e-05,0.000592968724052777,5.24926236930754e-07,0.01810712688822,3.05525836131353e-07,0.0701055229689324,0.907325052472045,4.36970653419023e-05,0.00378787607385268,7
"20146",7.27433059203221e-05,0.00172497439459663,4.55951757834615e-06,0.397362025476522,0.000169433959594832,0.000286699297570675,0.248093050307553,1.72367337097413e-05,0.352269277006955,4
"20148",1.04691705476549e-05,0.0143516201216742,3.00697442512503e-06,0.0336337184451487,0.000201828178048883,4.20025955455706e-06,0.9517017175786,8.07527779927891e-06,8.53639942013534e-05,7
"20150",1.81875547655994e-10,3.7661778239623e-05,2.21913311263084e-07,4.86055823542459e-06,5.8897695401947e-09,3.01591665354644e-06,0.651410903745413,0.0350329087724495,0.313510421244053,7
"20152",2.24048879524984e-05,0.0774736767580063,0.000147258602141196,0.0329719682705603,0.00103608687952395,7.51043188737144e-06,0.88825725472676,1.80014767916434e-05,6.58379663764373e-05,7
"20154",0.994281729549152,1.82611591387702e-05,4.73342807302124e-08,3.02490956697551e-05,0.00558359037785075,8.55746441641647e-05,1.31649578730098e-07,1.68599115498032e-13,4.16189996419477e-07,1
"20156",0.000665077383050243,0.540100999863769,0.000147656638837988,0.399139203116877,0.0210832389803133,0.00032393269382221,0.00828680016256508,6.76916127873724e-06,0.0302463219994864,2
"20159",2.8957298014068e-08,9.68025041351776e-05,1.19311059819984e-08,0.000100860967684483,9.4813083141345e-08,1.17053545386387e-05,0.481670897252378,3.61120052766922e-05,0.518083486214499,9
"20161",4.25225863359752e-07,4.80953031398451e-05,7.43367337230846e-05,0.000752446119814563,1.11212860970167e-05,5.69199556328295e-06,0.00242627423701431,1.04691263344689e-05,0.99667113997245,9
"20163",0.000324432116971791,0.118667943143375,0.000194916853132095,0.00118897454436542,0.00223260315287106,0.000207953788879042,0.876701127459022,0.000480742190456168,1.30675092726559e-06,7
"20165",2.64804587127003e-06,0.000544870836710876,7.64899448385743e-07,1.70040165776517e-06,0.00173003405060183,6.64664083867673e-08,0.000127992708930156,1.37472949310445e-07,0.997591785117422,9
"20167",4.56413952491427e-07,0.0198191041021424,3.05835417791056e-07,0.000350271696264397,7.66048006385932e-05,3.62340279023568e-07,0.975267538435038,1.67873190329116e-05,0.00446856905723409,7
"20169",3.61345874959312e-10,1.01086061732581e-07,8.47436784970619e-10,1.59200166894122e-07,3.19571026815545e-09,1.05605671698593e-07,6.54108312172126e-05,4.93634721168954e-07,0.999933725237668,9
"20171",0.996383576805004,3.67346614541508e-06,2.13336283733909e-08,3.80953604525911e-05,0.00334075893091468,0.000232863156576337,7.28747622813062e-09,1.28682677285415e-13,1.00365967378487e-06,1
"20173",4.09081471764194e-08,0.000183643398466864,0.98676216285233,4.43158116051992e-07,0.000703646113849875,6.04021213173457e-08,1.05521675700799e-05,0.00200551855626513,0.0103339324431336,3
"20175",2.63342744039071e-07,0.0734036716814222,9.91786508653448e-07,0.00231886257944935,1.11576318795867e-05,2.95840200556365e-05,0.917263404322031,0.000788895306244281,0.00618316932966564,7
"20177",2.74565903944167e-07,0.0729148932243292,0.884313440840374,0.000106937333465821,0.0324851112902123,7.84714185247621e-08,0.00012492337687571,0.0100360549891963,1.82859082242346e-05,3
"20180",0.0154311270787363,0.0922896132100891,0.0110109915479563,0.00301837708035849,0.87824679681177,1.24498710640746e-06,1.83134623036337e-06,1.79261540876499e-08,1.15987975936187e-11,5
"20182",8.54723859734645e-09,2.26433653639301e-08,2.18389651684867e-07,2.19100926280692e-08,1.65649242132479e-10,0.00672960246158313,9.08770490745007e-05,0.0116646784972956,0.981514570336049,9
"20184",1.60611806917129e-08,0.000174567211066641,9.7991859532324e-08,0.000106355984849891,1.09186303119191e-06,4.37020039484877e-07,0.0226039363406276,6.19388932417059e-06,0.977107303638021,9
"20187",5.00456947304059e-09,0.00274379527823672,0.838850823478986,0.00284439494018781,0.000184951425012742,2.13129511550057e-07,0.000353315488993474,0.154256730657522,0.000765770596980159,3
"20189",1.37119064431563e-06,0.847654032954706,0.103670613412525,0.000109823744016915,0.0424009769088225,2.88112198012032e-08,0.00571844409693316,0.000443686251899555,1.02262923311546e-06,2
"20192",0.0269894237524037,0.04305710436597,0.876419817460008,1.78328378145824e-05,0.0486677005696132,0.00459118995325897,0.000176876498210047,7.98428704259727e-05,2.11692295017773e-07,3
"20194",7.45598320531057e-09,1.62438026792397e-05,0.000709599284901207,0.12620654882916,2.41876647409305e-06,2.13926363209975e-06,0.0404777390926876,0.196068033138409,0.636517270366074,9
"20196",0.684906248886424,0.00543652450724528,5.91706024821045e-06,0.000473348890796306,0.309161701975358,1.4523888366558e-05,1.72028333868137e-06,1.37572003654651e-10,1.43706501797611e-08,1
"20198",0.000798764224891977,0.509007935442199,0.0022077878876866,0.158946323788928,0.0169623649491021,0.000572460189856334,0.311088722309602,3.73387678079647e-05,0.000378302439926217,2
"20204",5.38714183725512e-08,0.000199917330844297,3.64379461568499e-08,9.82849447838269e-06,9.69605000395632e-08,2.92033983016675e-05,0.642718224935795,6.58183304808391e-05,0.356976820240235,7
"20207",0.298547099735513,0.00878067963586709,2.67714253345591e-06,0.00830293770104758,0.684335909156452,9.01227827433216e-06,9.72795595308038e-06,1.5381120094028e-11,1.195637897824e-05,5
"20209",0.00016636763790143,0.00169977616616527,4.74995832961892e-05,0.00713662374833004,6.85072695499811e-07,0.825935478875791,0.146489411379644,0.018523915040249,2.42495926829423e-07,6
"20211",0.993847751558359,2.57839141855872e-05,7.72387933624594e-10,0.000965778786656466,9.00463875241647e-05,0.00506807986515457,2.54724870188976e-06,7.4429554157064e-13,1.1466286374563e-08,1
"20215",0.000336063632448063,0.00475233495574771,6.0299222093584e-05,0.84370867355916,0.15058354099416,4.09216986654012e-08,0.000555250266780032,4.50221616332201e-08,3.7514257500454e-06,4
"20218",2.44907736528098e-09,5.63607035333751e-06,1.44167318483095e-09,1.666339897995e-06,1.51048372045093e-08,8.40003465370391e-07,0.0156411370609748,5.96766777446434e-06,0.984344733861946,9
"20222",0.211148668084611,0.0103482547033618,5.80712562891828e-07,0.0175006665562762,0.759987207963712,1.03033621805756e-05,0.000981160155881716,1.00956924443387e-09,2.31574518439056e-05,5
"20225",3.64720320102818e-06,0.000134830674947946,7.56859587026719e-07,0.0379618981690095,2.11077920001848e-06,0.000853873185241776,0.947630528593013,0.000448338863535864,0.0129640156722639,7
"20229",2.73052808416009e-05,2.26442205033463e-05,3.54034788653652e-06,0.999099903977521,6.87455939478844e-06,4.47661348752277e-05,0.000792007001248245,8.44808724879792e-07,2.1136690046238e-06,4
"20232",0.00198468123942578,0.515053184324724,7.55890648140013e-06,0.458471731232729,0.0210600287441834,8.72777143841462e-05,0.003332440741841,1.12156134616799e-06,1.97553488537303e-06,2
"20234",0.290379658756557,0.00134679808619454,0.00108537315660811,3.05062516083722e-06,0.707168388503522,1.67284231659286e-05,1.95412067537164e-09,4.58434448011514e-10,3.62363626504177e-11,5
"20238",0.0027807572484713,0.393013772829562,0.000127077161914727,0.00617088911949972,0.597875739002602,1.16353746028169e-06,2.56657771203277e-05,9.68606403451532e-09,4.9256373058086e-06,5
"20253",0.000683439633222974,0.00154637061790318,0.00045145384342948,0.38081136665394,0.616503952490765,9.35535732433903e-09,3.21306131113446e-06,2.19098650279195e-09,1.92153084514932e-07,5
"20255",1.05046608857243e-05,0.00312712674945155,9.3972007950824e-09,0.00233314064343486,1.4332352862595e-06,0.000256877371321199,0.994184256366833,4.9585431251946e-06,8.16930324617392e-05,7
"20258",0.000244330595768768,0.128001311100442,0.00034473149628363,1.86989719100316e-05,0.871382889141898,9.78088486381763e-09,8.01323345620256e-06,8.51884088877426e-09,7.16051595993932e-09,5
"20269",4.66003354362657e-05,0.811994693571118,0.000159873264932815,7.23783882335189e-06,0.160496593558387,3.34715235922327e-07,0.00617183355687714,3.23591012744056e-06,0.0211195972490619,2
"20271",1.09321996486785e-05,0.170846804929525,0.329245441457918,4.61638517900996e-05,0.499626957588118,4.00285357522112e-08,1.89363212192962e-05,0.000204700575254908,2.30479903462964e-08,5
"20285",2.3745908045738e-07,0.00235785718585463,0.441884182000821,0.0130629664852341,0.000266250060734823,8.18554289134946e-06,0.0241056065660518,0.517553876176563,0.000760838522768559,8
"20288",0.000519133095254853,0.0891411965970933,5.73461861739546e-06,0.800511985246443,0.108953630753939,7.76099786981815e-07,0.000852062432552852,1.86462507470886e-07,1.52946938057876e-05,4
"20291",0.470821228214771,0.360346065109999,5.62997258034517e-05,0.00195445159846207,0.165390611887062,0.00142340264255,7.15205946306758e-06,2.16019972088256e-09,7.86601689188253e-07,1
"20295",1.30071114305412e-05,0.438839996960646,0.509764909651055,2.22293633269922e-06,0.0337958411718263,6.22575399507955e-06,0.00849355430943332,0.00617937178880155,0.00290487031647947,3
"20298",1.13593814533694e-08,0.000197419380896645,5.04370113932702e-08,0.000181709545636589,5.04728786236345e-08,4.99153776132803e-06,0.998517621357693,0.000142742523605165,0.000955403385135968,7
"20302",7.711104206181e-08,0.00522834137790106,0.00016511221765968,2.57803749889093e-05,1.06002130093703e-05,7.80369266975868e-06,0.365159282656386,0.00210432169613094,0.627298680660212,9
"20305",3.28400177975921e-09,0.000215766460420823,5.3616108321899e-07,3.95384794353181e-05,3.29242711776044e-08,5.27938615602375e-06,0.994331358585134,0.00530342898508712,0.000104055734410976,7
"20307",0.0026841121753666,0.0521671172097812,5.04417421623693e-05,0.000419819025923973,0.944677944334642,1.74223706500952e-08,5.42430829166915e-07,2.10080318974692e-11,5.63791630503524e-09,5
"20310",0.00342343354476314,0.000668806707776423,6.38043185883958e-05,9.06901505188103e-06,0.995834871368998,1.30100313717493e-08,1.17508750867418e-09,1.0257699589178e-10,7.57126501918217e-10,5
"20313",1.42428187101486e-11,1.14163385302426e-07,3.34823369588058e-09,3.90155421869863e-08,4.96390896094935e-10,5.58006340729469e-08,0.000347065341281191,5.21217298190408e-05,0.999600600090471,9
"20315",0.000190864604518198,0.253405203845027,0.000197352250475346,0.00685646739123127,0.73931102154188,4.73183749769967e-08,3.8538752936047e-05,4.05543256089737e-07,9.87523008801233e-08,5
"20319",0.917088782766429,0.000220303628005729,8.01043939680325e-05,0.00270581989072577,0.0798624642614786,4.01093186557968e-05,2.41121402397809e-06,4.21308401855005e-11,4.48458272046027e-09,1
"20321",8.9805118908135e-05,0.00426735001634996,0.000197239061196439,0.00121983468553924,0.994223282954988,9.68397326519389e-10,1.46620529599497e-06,2.04198576336784e-09,1.01894733924077e-06,5
"20327",1.85065553308088e-05,0.215184708612928,0.00502390453973448,7.81722137503998e-06,0.779763271063669,2.68374765439552e-09,1.56400827502873e-06,1.97410189747146e-07,2.79047504828665e-08,5
"20329",6.03541975121928e-13,7.59072575416193e-07,0.00319420936820722,1.47731659594451e-06,3.86439358096781e-09,9.58420983471553e-09,3.26075984222864e-05,0.996752506149016,1.8427045975606e-05,8
"20335",0.520795086260458,0.00749144851133219,3.7589859871813e-07,7.78364237814275e-05,0.471631503824768,3.43731741503337e-06,1.83184045764589e-07,6.60105121924237e-13,1.28578940828453e-07,1
"20337",4.05790294345537e-08,0.000217717257801941,8.6224559111758e-09,4.03194860258476e-05,1.25095179837768e-07,1.00956249098534e-05,0.866380590030041,4.28793242845146e-05,0.133308223980272,7
"20339",0.170122930539649,0.000331810804014729,0.00676912185517054,0.537108605503817,0.000482259738188916,0.283037123011081,0.00213922253212172,8.22289800034207e-06,7.03117956708719e-07,4
"20341",0.975787354561965,0.00129637185416172,9.40662185028959e-07,0.00167625337719229,0.00887910705474439,0.0119280137003714,2.27737321702733e-06,6.08164623209316e-11,0.000429681355346389,1
"20343",0.0187855336608711,0.00120068247579132,0.000460145003386685,8.65816057355911e-05,0.979450112393745,2.52247844540907e-07,2.4373151767944e-07,3.90039848469514e-11,1.64488421046238e-05,5
"20345",1.23896368132817e-06,0.0743075611299781,0.00270422106411989,0.0105518246218191,3.6614525358958e-05,6.25098384382124e-05,0.897734761501346,0.0145997149414024,1.55341385665556e-06,7
"20350",0.000633456435362952,0.000651320276063335,0.00011758743072707,0.99363740271925,0.00293814616937105,0.000740161627541232,0.000680202127993489,1.83825451767383e-05,0.000583340668514548,4
"20352",1.11609327086566e-09,4.8975409060265e-07,2.02217332603442e-09,5.7905736353821e-08,2.4910860762352e-08,4.87589311066416e-08,0.000173438167566394,3.76647659460387e-07,0.999825560716889,9
"20355",3.78300516090966e-06,0.00110318268447344,0.000235229149932097,0.000194486549801259,7.09836321702799e-05,3.09631615957898e-05,0.0092030372499778,9.55117098708334e-06,0.989148783395901,9
"20358",3.11428289773695e-11,2.2025406469104e-06,0.00094319836304023,5.31186002867152e-06,4.72633950053446e-08,4.67378023212153e-08,0.00807871399374565,0.988952810878463,0.00201766833173557,8
"20363",0.000184738869851597,0.0164068108138476,9.70433744828939e-05,0.00228058681033548,0.981014494760098,1.40181872429627e-09,1.51378695457779e-05,1.15979576754797e-09,1.18494022421218e-06,5
