"","V1","V2","V3","V4","V5","V6","V7","V8","V9","best$classification"
"19812",0.000217399431234192,0.0542803197952042,1.00812533630778e-06,0.0323408129321291,0.00015821644190491,8.32232254027023e-05,1.90151805787388e-05,0.0447993253340031,0.868100679534207,9
"19814",2.75709202259638e-06,0.00966340437547252,0.00186629675124866,8.12537998578371e-05,5.84710305521797e-06,1.0491084573503e-06,1.21674793092617e-06,0.000846714459557906,0.987531460562397,9
"19816",1.2367873946275e-05,0.746460040807619,5.61065618106481e-07,0.146582730007995,0.0959119414927121,4.9539746741427e-09,9.07817434273248e-06,0.00592849417627784,0.00509478144751483,2
"19818",1.12282119600008e-05,0.416147835492909,0.00738853851528631,0.00581851629449496,0.000143388827579022,1.87561041843229e-06,9.88894437407602e-06,0.000305706865156414,0.570173021237822,9
"19820",0.000178194781437833,0.00806049720295947,1.44037911724798e-10,0.000447720200929009,0.991299502122852,2.25114717286273e-10,3.02446632236661e-10,1.40802625735914e-05,4.75764914417669e-09,5
"19822",0.0705867184410725,0.00922318716872313,5.07406505433881e-07,0.000252746172786614,0.912780518026884,6.1109720246611e-06,2.01458320885605e-08,0.00714998595429725,2.0571187416488e-07,5
"19824",2.28328967865096e-05,0.951636098536316,0.000385437737319605,0.0022882141619772,0.0456001927960987,8.35609147321187e-08,1.30692971827624e-05,1.56668884755421e-06,5.25043245565989e-05,2
"19826",1.90700228658282e-06,0.027773118594823,2.40998680315772e-05,0.0504164812949116,0.000794703724153949,1.40856287198273e-06,0.0053790210159171,0.124526190169746,0.791083069767258,9
"19828",0.00186264644610243,0.777927216804704,1.11081908744292e-06,0.0072114258207254,0.212786524219635,8.73237013199326e-08,1.82518710826196e-08,9.54722514636285e-05,0.000115498062710077,2
"19830",9.74557966389231e-06,0.000343521980205007,7.94310573054442e-05,0.00459147839690238,4.82929159601558e-07,0.00269059013724794,0.000636928463618702,0.0859470696616195,0.905700751794277,9
"19832",0.658469421212627,0.144593281048128,8.72960562994702e-07,0.00172893866867201,0.00503863205744387,0.0234609454346897,6.92666648512655e-07,0.0428140396263638,0.123893176324863,1
"19834",0.0097385505717831,0.12883617401373,6.64023376611274e-05,0.00635335223086755,0.0322796609160552,6.58531234857092e-06,7.87283681182901e-08,0.813438075914489,0.00928111997469754,8
"19836",3.1210077600994e-06,0.0521134728543495,7.27534449711456e-08,0.921229648318983,0.000211138657257195,7.82435952818757e-06,0.00218733925425121,0.000422399720076092,0.0238249830743495,4
"19838",1.88997537396674e-06,0.000134035268228708,0.000238277812189795,5.82837729635242e-06,4.76697654656313e-08,4.45725250978553e-05,2.69566144318683e-06,0.000823439878833105,0.998749212831772,9
"19840",7.74124846563597e-06,0.0414027669624781,2.24975539495714e-06,0.30628511826879,0.0354137622483804,4.60296815689033e-08,0.00018156674051082,0.596044067432213,0.0206626813140859,8
"19842",5.03410823048129e-10,1.08742320183081e-06,3.3646137241666e-06,0.000353264181948078,2.03653186306642e-08,3.17880777884695e-06,0.966033335659395,0.000209992151985207,0.0333957562932378,7
"19844",1.04397410964657e-09,2.87638272713898e-06,0.999973915693076,1.97258361681969e-08,4.50339895334872e-07,1.21364568144346e-08,1.83884451081756e-05,1.15292032980321e-07,4.22094089378988e-06,3
"19846",6.62338679896122e-10,6.84148892219488e-05,0.0655987080895926,9.66843057043612e-06,3.56016197531398e-09,2.0293541478504e-06,0.00624376512980913,5.87363290573279e-06,0.928071536251252,9
"19848",4.59580469405654e-09,0.000104820587810692,0.0234394047168511,4.29538600849731e-06,6.00601008715004e-09,2.49917686739072e-06,0.000225384942906197,1.77927430004522e-05,0.976205791844741,9
"19850",1.24545801077775e-07,0.0011197932204117,0.213794807617555,3.28969397998286e-06,4.9538400165906e-07,2.00690467507044e-06,4.62794072431586e-05,0.000170892826897788,0.784862310399434,9
"19852",4.26474003305747e-05,0.93335763282318,8.27363977188425e-05,0.0275426647595488,0.00200578939935803,4.48542763425855e-07,5.17311826907432e-07,0.00158443309142759,0.0353831302738455,2
"19854",1.62969987174444e-08,6.1724603734462e-05,0.00191605562629744,4.69185674767322e-06,6.58944506936894e-09,3.22295299940239e-06,3.96237698873931e-05,5.16015238684619e-05,0.997923056780021,9
"19856",7.9634590275255e-07,0.000561760915365105,0.988571758747896,8.87429760851762e-07,2.44383524742757e-05,1.60092929948991e-06,0.000168696034640829,0.000724615956669626,0.00994544528799083,3
"19858",2.29500884697553e-05,0.0367219293614568,0.961614562446924,1.38890621666793e-05,0.000926536556376343,3.19809964913031e-06,6.44784242999961e-06,7.78467075794536e-05,0.000612639834947811,3
"19860",9.4882004495978e-05,0.375768895196326,2.59080513868264e-05,0.0562757648615646,0.00867073015974883,5.93852363483335e-07,6.17357800770741e-06,0.193610989749569,0.365546062546538,2
"19862",4.81972099177934e-10,1.42471425842257e-05,0.00199357311110889,2.42326461519098e-05,1.56701882014748e-09,4.06882478189273e-06,0.0190798364497888,1.27232706038273e-05,0.97887131650599,9
"19864",8.31697195767161e-10,1.66159777311703e-06,7.6750186593503e-07,0.00360877606324125,9.86069097347468e-07,1.23265904165323e-06,0.996384895740796,1.53391145016844e-07,1.52614534202686e-06,7
"19866",2.06984733405957e-06,0.0354484429702358,1.0449552490612e-07,0.918520887430473,0.0367070691627757,2.80170450774492e-08,0.000717265842289178,0.00847236435997147,0.000131767874350545,4
"19868",0.0392722980610425,1.30848299335412e-07,2.06714345579232e-05,8.16149946011204e-08,8.38359676604684e-07,0.957490930603736,4.40500715368532e-08,0.00319964666308804,1.535836453404e-05,6
"19870",5.97642793346816e-08,0.00264071329202249,0.00138654785909045,0.00146164472543757,1.9515422949903e-07,6.62214854941698e-06,0.0008509892546172,2.74390446674839e-05,0.993625788757107,9
"19873",1.40790180452868e-06,0.145107206877623,0.000529136763308876,0.0407801400508385,0.000141613942239236,1.00025512410003e-06,0.000906852832651362,0.000980182062693565,0.811552459313717,9
"19875",0.00327064363031861,0.268814095915592,3.25656434230554e-08,0.0162295794215769,0.665883935376769,9.36419514336421e-08,7.41440017749046e-08,0.0446173097653336,0.00118423553881309,5
"19877",1.90873257359305e-06,0.0314911135999048,0.0018784297264023,0.0103073840956616,5.83644464369512e-06,1.3204433505278e-05,3.19724547389167e-05,0.00445885501087199,0.951811295501698,9
"19879",0.000168259925029842,0.728386475884188,0.00184828773756699,0.12436424078198,0.000706797796483088,4.4564870407518e-05,1.49458764675917e-05,0.00811827621011921,0.136348150917758,2
"19881",8.14039026986974e-07,0.0404701025758742,0.000868461608796237,0.00775042202809121,6.54673990187015e-05,5.1602139497536e-06,0.0159003804928246,0.00424018793704565,0.930699003705373,9
"19883",5.85900113341317e-08,0.00604613976021047,3.67201906525608e-05,0.0333074070599945,2.06817254192978e-05,1.19442156974815e-06,0.276220229493652,0.00122459156590049,0.683142977192589,9
"19899",0.000101950968466613,0.00670946228058753,1.47933642623807e-06,0.450201658885505,0.000854295818157875,4.7918115095935e-05,1.83361439969229e-05,0.530028884739392,0.0120360137123718,8
"19908",0.000128861342697387,0.000104044233426427,0.000194452264708862,0.0353609091747081,0.00254521607310831,0.000684831790839246,0.00639188066115983,0.95451697142897,7.28330303821235e-05,8
"19910",6.68614822669406e-06,0.812976390937981,5.16826468269189e-05,0.099828889178821,0.000467005738489783,7.96100980611915e-07,1.6556005492183e-05,0.000258160491233646,0.0863938327519482,2
"19912",1.88163172386814e-09,5.03833432490481e-06,0.000238585859492882,0.00028416801003611,4.31192416259229e-08,6.44275638826263e-06,0.674350000171444,0.00264383132195509,0.322471888545485,7
"19914",0.000877304272946294,0.274741929250835,0.00055352951129247,0.0536438945376901,0.00123003677522745,0.000204395732493001,9.85526954914355e-06,0.462630847065402,0.206108207584564,8
"19916",1.71279495951214e-05,0.282306266912203,0.000233157274110974,0.371546928355209,0.266425976151315,4.925181538102e-06,0.0791897526380048,0.000214959369310269,6.09061687126808e-05,4
"19918",5.06362543246734e-09,0.00455519452949552,0.0750472181168017,0.000190954546643718,3.8961511361833e-07,2.98935145291053e-07,0.00244760113945298,3.09840863868257e-05,0.917727353967335,9
"19920",2.17383954303428e-09,8.35937721772149e-05,0.898390213515538,1.36104294572083e-06,4.82518022542782e-08,1.05639582645545e-07,3.45027451190628e-05,7.67930371047326e-05,0.10141337982189,3
"19922",0.312101543222769,0.0647653321490529,6.59000891755605e-06,0.000879017994241604,0.00010270123390435,0.439537281581004,1.50997734818192e-06,7.36424089979355e-05,0.182532381423764,6
"19924",1.10024901083598e-06,0.0518375978456791,0.0313141118019088,0.00796649537219026,3.2929826149085e-05,2.29132789580837e-06,9.54753512462839e-05,0.00576960441291499,0.902980393813005,9
"19926",0.00029698723639142,0.0138948052614599,2.82330810765619e-08,0.884339142767287,0.000968650224546969,0.000337136768877006,0.000155561703873684,0.0935390483992212,0.00646863940526186,4
"19928",4.27581649005222e-12,1.1995789912519e-09,2.09210511713225e-07,2.34659660154512e-06,9.39978362381674e-10,5.36180002161133e-07,0.999996729123819,1.06325624239633e-08,1.66112670048693e-07,7
"19930",6.11136022070215e-07,0.00615374742713423,6.48253406399326e-05,0.000648984932840852,6.76841273357087e-07,5.05062674846758e-06,2.09005178832036e-05,8.22612974895965e-05,0.993022941879968,9
"19932",1.06165028848335e-07,0.000162482091833464,0.000636224456802714,6.95380056885369e-06,1.74517416436979e-08,6.86465366423374e-06,8.21069016778127e-06,7.66498425780621e-05,0.999102490847614,9
"19934",0.0069405360482471,0.832163549538053,5.2993735535001e-05,0.001152912287883,0.113476261940048,1.0195281735264e-06,8.39779725028914e-08,0.0371440946303676,0.00906854831372101,2
"19936",8.07534035182467e-05,0.0186289758282909,0.000101171279792062,0.00557800728860887,6.98981515504264e-05,8.110908178037e-05,5.91344008907993e-06,0.0626097035169285,0.912844468009442,9
"19938",0.00463109987303689,0.15196806411323,3.18122830661332e-05,0.0194957030582025,0.679599243299239,3.81586755918307e-06,9.74111438428188e-07,0.144223654205672,4.56331885554574e-05,5
"19940",5.94668593897242e-07,0.389958016712051,0.000156553809007193,0.2977732386538,0.000136726090418429,1.68581589734805e-06,0.00610815010518897,8.83946014750837e-05,0.305776639543569,2
"19942",9.31419747041158e-12,2.27895653596539e-08,7.36516861768158e-08,5.03427911339945e-05,3.80524273923787e-08,3.13621163661414e-08,0.999944794877133,2.15306794281023e-06,2.54339868079794e-06,7
"19944",9.94617348532467e-06,0.712701558432453,4.7438399101015e-06,0.253025011133303,0.00346084786749085,5.39864444787251e-07,5.6184509878554e-05,0.00284058643528161,0.027900581743753,2
"19946",1.06608428564379e-05,0.596618634888746,0.0121731990164466,0.0139277909339474,0.000382362640996752,3.17045474635064e-06,2.59039900817354e-05,0.00436308748893659,0.372495189743242,2
"19948",2.19353226190135e-12,9.43647524431752e-08,2.3165162807519e-07,2.77705710569674e-05,7.86106440689948e-09,1.02636658641371e-08,0.999962763275074,1.43819288768196e-08,9.10762863549785e-06,7
"19950",1.1788788772422e-09,1.29816947961937e-06,0.999153093774035,3.35750936813622e-09,1.17192591764408e-09,1.52582033250699e-07,4.97169624021278e-07,4.93068654659722e-07,0.000844459527859282,3
"19952",2.19353226190135e-12,9.43647524431752e-08,2.3165162807519e-07,2.77705710569674e-05,7.86106440689948e-09,1.02636658641371e-08,0.999962763275074,1.43819288768196e-08,9.10762863549785e-06,7
"19954",7.84180589173646e-08,0.0010782439660864,0.00031255879079507,0.000114832420282161,7.96911793234772e-08,2.7237762028675e-06,2.72306519558301e-05,4.27397861960811e-05,0.998421512499243,9
"19956",3.26481250907926e-07,2.61865321987408e-06,0.634044255426471,1.10224036564037e-05,8.42841309382125e-08,0.00208715778845269,0.0132607862870642,0.171829726059454,0.178764022616299,3
"19958",0.0116059926927573,4.55854050681303e-05,4.20412094839535e-05,1.30920812784547e-07,1.50669728751977e-07,0.988166737769826,3.79346973831982e-08,7.36675184676085e-08,0.00013924973010763,6
"19962",0.000624170350224391,0.485157466443154,0.155654859762567,0.000491325335826112,0.00509852248117013,0.000115183654104796,0.000103182755493631,0.0211378436959504,0.33161744552151,2
"19964",1.18001749723275e-06,0.423872419316334,0.00724836913200703,0.0967315882289196,9.43796036174523e-05,1.78531296929283e-05,0.00977391520412263,5.04977173283799e-05,0.462209797650481,9
"19966",3.6955162055369e-05,0.0239735838543979,4.52783507313138e-09,0.469446602719905,0.498805965668037,9.86663095119312e-08,0.000274555711521852,0.00745493362296386,7.30006697493768e-06,5
"19969",8.28282441116844e-08,0.000726667333883995,4.12370509837522e-05,0.00194146624452094,1.75495390882808e-06,1.80168216876498e-06,0.00620381730678709,0.00388672139860373,0.987196451200899,9
"19972",2.47216010617858e-08,0.0052913857796403,0.0574420202564858,0.0270923823818325,7.35066339426197e-07,2.88668233497388e-05,0.172594768648512,3.73759381847466e-05,0.737512440384055,9
"19974",2.53952098214161e-11,3.1612421193237e-06,0.806521322484333,3.22424963296089e-06,6.4517690294445e-10,1.11961376986898e-06,0.10748269410313,1.3248892424075e-06,0.0859871527472012,3
"19976",1.58141575311526e-06,0.143004309475504,0.0503234217218224,0.0215782256078842,4.38924177794893e-05,4.52768428105781e-06,0.000119616379441031,0.00264059850250937,0.782283826795025,9
"19978",9.20521253668819e-07,0.87322902863431,6.75397578721226e-05,0.096301888531132,0.00300212239721412,2.70924547266849e-08,6.09646757971143e-05,0.000120881941315168,0.0272166264486506,2
"19980",1.20805550268632e-08,7.21667008392783e-05,0.147085113350897,1.28449750419646e-06,6.01706139198019e-09,3.95551926643856e-06,4.5141621795456e-05,2.81673116583782e-05,0.852764152900423,9
"19982",7.86015059695927e-07,0.000221468230394577,0.881326099373757,3.90271442972719e-06,1.26980821262315e-06,9.6872714674731e-06,9.8010748915577e-06,0.00117401163650333,0.117252973875283,3
"19984",1.64418996355764e-09,1.30851450085497e-05,0.999867937750622,2.10200661857887e-08,1.0779224460987e-07,1.40895228461908e-08,2.57366327354712e-06,1.01906266128904e-06,0.000115239832411118,3
"19986",0.00108071943198274,0.0264357119570702,4.99548327831867e-10,0.0222572623823459,0.948410275561292,1.94308249408068e-08,8.18778110184133e-09,0.00181591941324005,8.31359145315488e-08,5
"19988",0.00121896418401777,0.00377355302240033,9.08554769207121e-11,0.000626888462523461,0.994310277923879,2.11172095621564e-09,6.94592594013663e-11,7.03127068383016e-05,1.42830562409065e-09,5
"19992",0.00127588819289749,0.00696783962966033,1.55339676118123e-08,0.000151151605442259,0.98777846686133,2.04298027890354e-09,9.24603864736072e-11,0.00382657618677821,5.98544829583205e-08,5
"19994",2.47371594252482e-06,0.00587753911330831,1.40202050993662e-05,0.00165292289048077,9.73265864107309e-07,1.88074389513856e-05,1.17864736222143e-05,0.000369265756978498,0.992052211139753,9
"19996",0.00050012966431978,0.0774298889995766,2.41157341595141e-08,0.000972153892286275,0.920895485176881,6.69657977280109e-10,2.30660472229995e-10,0.000201935267964998,3.81982918679647e-07,5
"19998",5.53585932290265e-06,0.00703349068206203,0.00418728958911238,0.009389440012031,0.00219484199152392,1.95763593876373e-05,0.293279254658699,0.599626066726357,0.084264504121504,8
"20000",0.000147895421800338,2.22670061391499e-05,0.0001609354670996,8.50652591764795e-05,3.38669880403423e-07,0.124245195140218,0.00168675745024889,0.271775416878209,0.601876128707228,9
"20003",2.6089510977006e-05,0.0167633188431704,7.16026469110684e-07,0.0228864993922947,2.44754476073611e-05,7.73992335266508e-05,0.000193612547546603,0.00690723615692872,0.95312065284148,9
"20005",7.07649761504799e-10,4.16987751388245e-05,0.020624135704624,2.09975119945539e-05,2.15035618696759e-09,2.41758955306488e-06,0.00238215987055395,1.4013693152069e-05,0.976914573996977,9
"20007",0.00123871215292519,0.453674570253379,0.000435152811327268,0.155101818097122,0.0114961078569604,1.66149145962082e-05,2.16315872832257e-06,0.304760484578899,0.0732743761760618,2
"20009",0.000717393145636741,0.620936341257173,0.000164032576488543,0.0060310744112799,0.371370395454846,2.95620271951508e-06,4.8951725282346e-05,0.000657507536205502,7.13476903683029e-05,2
"20011",2.72156742750025e-07,0.0270604764866841,0.00788818156872244,0.117531197975843,9.71711205729887e-06,1.50106887093609e-05,0.0224724474463678,0.000451464335083033,0.824571232229791,9
"20013",7.41777639012346e-07,0.00179150391547797,0.0969644733338553,7.80477387629064e-05,1.54471896391924e-06,3.58877831178949e-06,8.0124186382105e-06,0.0200787966317734,0.881073290686577,9
"20016",0.0158008340049768,0.123511406448834,3.59531451410017e-06,0.0075688890908704,0.850289619157197,2.03983260345713e-06,3.90928033164079e-08,0.00282276922485377,8.07833346152225e-07,5
"20018",0.985618973448995,1.63530473110353e-05,6.35871809245751e-11,5.43130649151476e-07,0.0139425925217015,0.000419294027921367,8.58349481961384e-11,2.24356567358711e-06,1.08325459755023e-10,1
"20021",0.000815394378192439,0.911111919980561,1.6942706953679e-08,0.0397529843683867,0.0463516583543587,4.22748847329886e-07,4.34971583488474e-07,0.000229802669682485,0.00173736558568075,2
"20023",0.000670030374330354,0.899494519746044,2.74072073901873e-05,0.0342281575599216,0.0204074756541692,5.33546612266797e-06,1.16285110585094e-06,0.034978940796736,0.0101869703441798,2
"20025",0.695082435738577,0.0121468488616219,7.36293423177332e-09,0.00187729322745154,0.290314982832725,0.000455817076770402,1.47115242328351e-08,0.000121916719093213,6.83469302245559e-07,1
"20027",2.67968653278511e-08,8.25381278762347e-05,8.56644509579178e-06,0.0253730216926566,4.51484080071502e-07,2.89864449850133e-05,0.287495813338295,0.00760600026977715,0.679404595400368,9
"20029",9.22676056151459e-10,6.84745959347741e-05,0.00685125247593656,6.48112339443475e-05,4.97244550343038e-08,2.40166356119316e-07,0.0129953908437771,0.000393209825450964,0.979626570211469,9
"20032",1.2330315409849e-07,0.000325013739100841,5.29012376002219e-06,0.00117608372915818,1.4715073916572e-07,2.79369565304573e-05,0.0034835227309943,0.000261050668942084,0.994720831597621,9
"20034",3.51359972166547e-11,1.28963477612075e-06,6.57174774405847e-08,0.000570540563708249,3.38210442133287e-08,1.35329906376545e-07,0.999369022937799,6.67982662371247e-08,5.8845161886401e-05,7
"20036",3.17794962200917e-06,0.000108010314106117,0.00574186654721496,1.98321287400268e-05,0.000131365404855618,1.72381515914752e-06,4.31802117224568e-05,0.985139758297967,0.0088110853306124,8
"20038",0.0430539110791184,0.0583843976016898,6.25366217409233e-10,0.062382248272925,0.657482269760171,1.57376049132271e-06,1.10119093568174e-08,0.178659689206428,3.58986819006965e-05,5
"20040",0.0163429557575035,0.183096822203478,1.45636544622673e-06,0.0242226616370699,0.776216615696812,9.23543744339205e-05,8.80127398637722e-06,1.80805554105342e-05,2.52135859873978e-07,5
"20043",0.00865709431554099,0.285452477915459,1.92516307479438e-07,0.000987381638023823,0.693358888953176,6.81622934742348e-08,8.81971010541506e-09,0.0109017343277894,0.000642153351700088,5
"20045",0.0267805466992961,0.0164599962481054,8.39110493429583e-09,4.14287986686748e-05,0.956702182154887,5.23378707615072e-08,1.10635149585096e-11,1.57820969870782e-05,3.26201626570578e-09,5
"20048",5.51039989705447e-10,1.52182943356879e-07,0.999988964526333,4.51353007236429e-10,1.35089155723828e-09,5.39931533622553e-08,2.29500645912608e-07,6.88873826561765e-08,1.05285562565583e-05,3
"20051",0.0291704029399717,0.386080982511465,0.00759936057524927,0.000107599445299923,0.0241798761472108,4.322276181118e-05,1.78663668779624e-07,0.167390023221949,0.385428353733374,2
"20053",2.62166848431941e-05,0.948135733457171,3.79415230079901e-05,0.0341945011167014,0.0162478097468746,1.29727064879749e-07,3.56134164584524e-06,0.000530678563715456,0.000823427838975568,2
"20055",0.0464230361698776,0.0104732792296615,3.47077613329776e-09,0.126017076176154,0.0300262206925069,0.000215658507258399,1.06943614556573e-06,0.784462057858734,0.00238159845888609,8
"20057",3.89668263024224e-05,8.35211683358323e-10,2.69159252764929e-06,1.34884551244613e-10,6.07396681451403e-11,0.999958068687466,8.47155526852218e-08,7.61261822689507e-09,1.79534697114404e-07,6
"20059",0.000556169875467345,0.772697590690753,3.59823527866206e-06,0.210047565790914,0.0155884462913612,4.98320185432076e-05,1.33613435013411e-05,0.000318051045277551,0.000725384708903721,2
"20061",6.26075386433956e-05,0.723645809614866,2.12351267176534e-05,0.258132635858572,0.00703005394301534,2.67323945776883e-06,1.428065999559e-05,0.00194877502892007,0.00914192898981188,2
"20063",3.19836101181837e-05,0.000320528279703212,0.983160716261083,2.66993062207769e-06,0.0160465674733651,5.96035395638767e-06,0.000240097888425187,0.000189289194158303,2.18700856831453e-06,3
"20065",0.983936014429067,0.000431441888471746,1.1959650672894e-12,3.49748576077541e-05,0.015490510069459,5.81975148331322e-05,6.76000092873442e-12,4.88317714388249e-05,2.94611668389886e-08,1
"20067",0.0688213478468113,0.548145185258121,0.000125577110564545,8.74106214256223e-05,0.381119036518748,1.39102436367512e-06,2.70043922873959e-10,0.00167497351986893,2.50778300535668e-05,2
"20069",3.17543602094099e-08,9.60944503421542e-05,0.423077314028439,9.18055600896923e-07,1.53876853655756e-08,4.31982186324873e-06,1.55537522085762e-05,5.71025524637775e-05,0.576748650197037,9
"20071",3.84070209650608e-06,0.000322118153081381,1.08471988871822e-05,0.0590328498978182,0.000230874824484489,7.76754860298924e-06,0.00034389916974044,0.939112244555187,0.000935557950101635,8
"20073",3.23025935805711e-08,0.0101680534640708,0.906705572633384,1.8177458237637e-05,2.2177796355274e-06,4.57263122448334e-07,0.000422862605064321,2.64690142478014e-06,0.0826799795924665,3
"20075",0.0699299053454131,2.14498460256384e-07,1.47928953002303e-07,4.3125947624524e-08,1.94462741635216e-07,0.929352454847572,4.4593541222136e-09,0.000687477285024817,2.95580465333672e-05,6
"20077",5.27144021663553e-05,0.0986798317878411,0.000167522136277963,0.0126346840997776,0.147730151859484,1.92361522191372e-08,5.57870469165863e-07,0.739602085866963,0.00113243274086832,8
"20079",0.00103451238768543,0.0657934013215264,0.842487582263099,7.91760749502979e-06,0.0450673828336384,2.79937987235616e-06,1.18805540193815e-05,0.0190100052270571,0.0265845184256067,3
"20081",0.570269794985177,0.285332973535839,2.10099364694104e-06,0.00781140449974044,0.0981599176227321,0.000152503333164224,1.13986737757627e-09,0.0372685805636834,0.00100272332614895,1
"20083",1.77890844615622e-05,0.000149910286505665,0.763097245059149,8.33106862778762e-06,0.00041981962513003,3.86862192979421e-05,0.00100244208022629,0.23333125519908,0.00193452137752102,3
"20085",0.00918841119312242,0.00324454181481002,1.69049012594184e-11,0.000126537860999702,0.987288496363569,6.04324805557367e-09,2.01403181571987e-11,0.000152003704713202,2.98249274663794e-09,5
"20088",0.0105797908558256,0.377668257070479,3.65968073645715e-08,0.00118156722189339,0.606040528568591,8.62143077741055e-08,1.6747582031764e-09,0.00448110066289809,4.8631134439151e-05,5
"20091",0.937791910001144,0.00078006635038421,9.25017518284175e-07,1.64141219375364e-05,6.47415253571972e-05,0.0611401805946571,6.57070223982331e-11,0.000195964149831148,9.79817346371014e-06,1
"20095",9.93805058257127e-06,0.0466749753214076,0.79429550031115,0.137682364024185,0.00144139219898076,0.000114881851331216,0.0169578725678236,0.000206618455067952,0.00261645721947113,3
"20097",0.0360677614343785,0.00265962420450145,2.56040656930163e-11,0.000111693654652555,0.960526210053999,3.27627104115449e-08,8.40724653045783e-12,0.000634671629261773,6.2264850473644e-09,5
"20099",7.72903655203399e-07,0.457895500465707,0.0018651889188805,0.349300404922871,0.14739185195383,2.35662679805846e-08,0.0432125400040449,2.87916275418981e-05,0.000304925637201441,2
"20102",0.00528958692279948,0.00113788978344637,0.981850092074872,1.10403973529723e-06,2.07629057300634e-05,0.0112353984681973,5.25143077679069e-08,0.000117993378346142,0.000347119912565823,3
"20105",0.00150840619831826,0.739216240388173,0.000237091938681009,0.000401343745640236,0.257008755753506,3.85724831768882e-08,2.88189178248597e-08,0.000717517387327413,0.00091057719695279,2
"20107",0.000506090289957241,0.235487299726204,2.14793852736411e-07,0.207555101636536,0.499745301438866,3.68142482929502e-08,6.95399587399003e-08,0.0566508602158161,5.50255445606316e-05,5
"20109",1.97652366498626e-06,0.940600940051813,0.0483896480472961,0.00101764520490928,0.00806109682213987,3.30122991783819e-08,7.92384525507937e-05,1.84660970315011e-06,0.00184757527562327,2
"20111",0.000972801931380758,2.15250507872099e-05,0.000383212366387894,8.27497856049877e-07,1.27948936989776e-08,0.971162592109217,1.22706189343869e-06,3.33579141265707e-06,0.0274544653961711,6
"20113",3.6119871426627e-06,0.00285836742224936,1.72972324157922e-08,0.915410790558308,0.0105583205707573,9.80714617516953e-08,0.000107086931288669,0.0709559538470764,0.000105753314482898,4
"20115",2.60200087295593e-06,0.000630330819048785,0.000138119282467057,0.000421947793080221,4.87400665470095e-08,0.00708182473202443,0.00290818835856936,9.43210000075499e-06,0.98880750617387,9
"20117",0.0215332055189435,0.00154803393150152,4.20221773379083e-07,0.634380512558074,0.00823083947437408,0.307477943888095,0.0250902184165128,0.00169241460133432,4.64113893917067e-05,4
"20119",1.18308658617135e-05,0.0110422129161874,1.46896312775934e-09,0.511491731239249,0.46936625504187,2.657688131916e-08,0.00109315007533127,0.00698850532976637,6.28648589095022e-06,4
"20121",0.00147891345086907,0.0857501507978979,3.84074507911996e-09,0.0597398221145609,0.823406415756324,5.69482034940164e-08,1.78362163894609e-08,0.0296212317697491,3.38748543395012e-06,5
"20123",0.977327211575423,6.27561564775527e-05,1.24333077471505e-09,1.65640395185455e-06,0.000145326204222768,0.0216349071925915,1.0070842424796e-10,0.000826839869072713,1.30125422174374e-06,1
"20125",3.67160756676732e-07,0.000771577588458281,0.0714531350407506,1.44909230748055e-05,1.51904401755657e-07,1.23508786227066e-05,5.09143807342191e-06,0.00119352699352392,0.926549308072338,9
"20127",0.000723672045224331,0.0234345626739665,1.41021648597273e-07,3.59162834199351e-05,0.975789988151591,1.8670058173253e-09,6.01955660389439e-10,1.55920306121117e-05,1.25324575458993e-07,5
"20140",0.00259451914978301,0.000356776216276006,9.3502131380106e-09,0.0490924046916057,0.000966175369593431,0.000809653201770888,2.69437557831216e-06,0.945507554483655,0.000670213161524765,8
"20142",2.62553206433744e-09,1.96786527140535e-06,0.99713930542474,1.24107138105903e-08,2.04453007370856e-09,5.02532685765185e-07,8.84932010719668e-07,5.60324652354966e-06,0.00285171891799228,3
"20144",6.98713230746283e-05,0.000149475702948621,0.0043124375491371,4.9642484027469e-05,1.17106278887431e-07,0.0605624910716738,2.05261430413633e-05,0.0253098098478762,0.909525628771942,9
"20146",9.32499636052733e-05,0.00141723490895977,0.282196438958165,6.79066760748737e-05,7.08744887478379e-05,0.000202691367769027,1.16971998893275e-05,0.528144893244834,0.187795013191955,8
"20148",1.73093467345195e-05,0.0102160542002112,9.21912847187111e-05,0.000524377172290362,6.38736370582227e-05,3.26797688934313e-06,4.75949937399051e-06,0.0468429055555546,0.942235261327169,9
"20150",3.34769666910013e-10,1.37422829249678e-05,0.353622674519873,2.18532145640342e-06,1.2046303645149e-09,2.3483297568313e-06,0.00589559682512383,6.04138803824091e-06,0.640457409793426,9
"20152",3.49647604854237e-05,0.0715445660042838,6.94706681193035e-05,0.00350239097197367,0.000358412504577311,6.332180164063e-06,2.3869249341888e-05,0.0463357806629802,0.878124212998074,9
"20154",0.994534712061311,0.000387587519949493,3.57734895769713e-07,3.79230959557085e-08,0.00492816611191998,7.84579533811547e-05,1.45928830546685e-12,7.05516216349433e-05,1.29072352167112e-07,1
"20156",0.00154927859894268,0.23310698735116,0.0390350657706845,0.188096447848708,0.0132216333910251,0.000349587480149388,1.24439419938561e-05,0.509761720384348,0.0148668352329893,8
"20159",5.79291939907767e-08,7.9478948434447e-05,0.554773567704865,8.10901909224933e-07,1.77874001153054e-08,8.3241269870415e-06,8.1981743756866e-06,0.000170447696692583,0.444959096730142,3
"20161",6.21817221641954e-07,0.000185311270744175,0.995749642989194,1.91316426828838e-06,7.92369118253183e-06,6.76450046122204e-06,3.94233563045425e-05,0.00170295265765522,0.00230544655296815,3
"20163",0.000421182073060982,0.0729971021753458,1.42384814988494e-06,0.0109763939566177,0.000720859043499904,0.00016145960678462,0.0003073946742611,0.00109152785566946,0.913322656766611,9
"20165",4.11864626158609e-06,0.00770055548734626,0.991606909115281,1.22876591491581e-06,0.000536280952172025,5.74254603904214e-08,2.39037914065104e-07,3.58966383475729e-06,0.00014702090581524,3
"20167",8.21526498392265e-07,0.0205460343839079,0.00460821427637079,0.000126870630298803,1.17330957336602e-05,2.28239782307426e-07,4.91643079170021e-06,0.000490679360511067,0.974210502056105,9
"20169",6.18049551205075e-10,2.49987839782298e-07,0.999936663647936,1.00281177962501e-09,1.01035445511757e-09,8.97680253190982e-08,2.70866985565798e-07,3.08352437935288e-07,6.24147455589842e-05,3
"20171",0.995428024088625,4.80938356915539e-05,8.61108019279131e-07,3.30801736872638e-08,0.00422189563716844,0.000228129580023432,1.11716103358834e-12,7.29548259946318e-05,7.84318732037816e-09,1
"20173",8.69956889876376e-07,0.0308692013217566,0.22145928624095,0.00152134358846715,0.0183043183372844,2.07649297620305e-06,0.727559133988353,1.43027558736848e-05,0.000269467317449462,7
"20175",4.76870896387459e-07,0.00715065973855066,0.00580935940083285,0.00842033164719017,1.70896263589776e-06,1.63307944872829e-05,0.000123431740124975,0.00164184015448696,0.976835860690795,9
"20177",5.97558357121097e-07,0.0870200348562756,3.6125742054918e-05,0.763774985515382,0.0518363513703655,1.71348108886893e-07,0.0968657621861841,0.000129136641894249,0.000336834781377592,4
"20180",0.0099240591692193,0.0413198543749062,7.7213398021863e-12,0.148369252474679,0.798988915314822,9.0015274073079e-07,1.18325557015861e-07,0.00139509245523903,1.80772511541189e-06,5
"20182",1.03823156908232e-08,1.47529734351374e-08,0.987554978296479,5.09762108756427e-09,1.00566537089787e-10,0.00683754908493305,0.00551892578800326,2.53272232695294e-08,8.84911698844663e-05,3
"20184",3.0220842486762e-08,0.000237507372822982,0.977444370313981,1.82420273735054e-06,2.55177595099523e-07,3.29925262267864e-07,3.38252976492521e-06,0.000185398774349132,0.0221269014826448,3
"20187",7.74588947447206e-09,0.000777358729860042,0.00100500517090748,0.108159492699618,0.000311370937054914,3.69630465577065e-07,0.886669930066949,0.00248365498340577,0.000592810035849971,7
"20189",1.57765362984266e-06,0.72109044659602,9.8054760734077e-07,0.253151762945942,0.0173134958502367,2.58935411325937e-08,0.00133275749667268,9.08296474282052e-05,0.00701812336892183,2
"20192",0.122189738608294,0.489450797353028,1.08618912866742e-06,0.0849283885512853,0.267682617639897,0.0302164984159559,0.00431273515627064,9.13456906502628e-05,0.00112679239549061,2
"20194",8.66217201647304e-09,7.06162726807944e-06,0.612371678321651,4.26840480213585e-05,2.74065980018433e-06,2.37789794283674e-06,0.209017606891419,0.143454825004683,0.0351010168870422,3
"20196",0.706611375457022,0.0228279532339841,1.37936718902337e-08,0.000144774841403101,0.269763714749563,1.2775008278318e-05,6.66288340028646e-10,0.000637129442126127,2.26280766196722e-06,1
"20198",0.00130874242773925,0.367324155456469,0.000412504310450601,0.084276154848291,0.0079734304914736,0.000542549438373796,8.18793566901529e-05,0.185718237689922,0.35236234598059,2
"20204",1.05824786575166e-07,0.000235925626407233,0.389977252696862,7.82370660892948e-07,1.56629820822421e-08,2.11017263427434e-05,1.78218655999485e-05,1.80635524765038e-05,0.609728930673883,9
"20207",0.404592036250601,0.0802303642804548,1.16599680947302e-05,7.2369957168302e-05,0.499001586398964,8.28130253720311e-06,1.08354761520866e-10,0.0160719618219433,1.17399118819674e-05,5
"20209",0.000244593257826274,6.91496175749456e-05,3.09479567887868e-07,0.00952936372060155,4.80489263711547e-07,0.790060134099615,0.00743187253115423,0.00447751212220492,0.188186584682191,6
"20211",0.995572583687689,3.34623037696372e-05,8.73117674460929e-09,2.72939619027005e-07,5.28579947702485e-05,0.00315654031723883,1.05329368409293e-12,0.00118206315958375,2.21086509947305e-06,1
"20215",0.000297593364949065,0.00773616935402812,2.7283510360586e-06,0.000640761127794163,0.115261979528786,2.97649576419452e-08,1.13510664493617e-07,0.875617875877446,0.000442749120338686,8
"20218",4.51138301079951e-09,8.14730534491099e-06,0.985928597960749,2.45861540391649e-08,2.69334389744349e-09,5.79062186317707e-07,1.44332561831283e-06,2.9535627364472e-06,0.0140582469924841,3
"20222",0.349139994735464,0.109276916008057,2.97308728971788e-05,7.31873355955105e-05,0.501588081110554,1.02673322295364e-05,2.46063365477497e-09,0.0385780153357911,0.0013038048087782,5
"20225",6.50918526058428e-06,6.65423416057999e-05,0.0158832916296919,2.42589041288472e-05,1.09569349669078e-06,0.00082074883624102,0.000183866857983892,0.0530643722244629,0.929949314327128,9
"20229",2.90956506483648e-05,5.27296964166529e-06,1.83631429299122e-06,3.23119815940337e-05,8.43658357582864e-06,4.06444837690787e-05,1.19744890451948e-06,0.999199537131498,0.00068166743607594,8
"20232",0.00402843198782801,0.070867568850394,2.52413150931087e-06,0.546871249979533,0.0121780901287663,7.52824344917396e-05,8.89487630721834e-07,0.359986328461726,0.0059896345381214,4
"20234",0.152859687815689,0.00267940252001178,2.28874696638605e-11,0.00079321137375964,0.843653209890227,1.29745233221541e-05,5.30117804211393e-09,1.50657490095213e-06,1.97802364170233e-09,5
"20238",0.00487352797505161,0.487792303009711,5.75917814486497e-06,0.0690556999919284,0.430782620545393,1.23047865647551e-06,4.30831146625534e-08,0.00744135789985122,4.74578381483593e-05,2
"20253",0.000432895466391769,0.00296912537920357,1.10787921044975e-07,0.000517654431023254,0.686282722574408,6.60918518022311e-09,1.5363717024641e-08,0.309795187856915,2.2815312352918e-06,5
"20255",1.92838229181314e-05,0.000695115626416821,8.6525829484329e-05,6.40839871909176e-05,2.63431896984959e-07,0.000151719578166622,7.42043133467156e-07,0.00261865509132231,0.996363610589471,9
"20258",0.000349218900355845,0.45712706504717,8.60479360531196e-09,0.0129234027620901,0.529565462172411,1.04903770640526e-08,5.29915692789758e-08,2.13771579468247e-05,1.34018732861791e-05,5
"20269",1.517023377529e-05,0.986882301234548,0.00434734362423112,0.000569052966454236,0.00655410755125673,5.25456537545443e-08,1.15180303883887e-06,2.22403472872043e-06,0.00162859600631354,2
"20271",8.65227663659921e-06,0.106587124306867,1.87062719344418e-08,0.541418483817474,0.351047813936448,3.43863639806691e-08,0.000894789559892308,2.0794766493354e-05,2.22882435523218e-05,4
"20285",1.53196457774833e-07,0.000683638907984979,0.000473434919272446,0.0076089772663313,0.000177728874085192,5.97812988901673e-06,0.969261440709936,0.00685708182827558,0.0149315661677681,7
"20288",0.000952791031096582,0.0424148087995459,1.85451965370817e-05,0.0441673260690282,0.0797919425506162,7.15839209937691e-07,2.28462436200254e-07,0.831266651770169,0.00138699028136115,8
"20291",0.619805724545615,0.244061685465158,7.15950838009777e-07,0.0365735475862932,0.0966683698533361,0.0011235112739938,8.20388228826953e-09,0.00175552918623256,1.09079346507518e-05,1
"20295",9.92668349082982e-06,0.950343877655054,0.00188762128826512,0.0152625769160097,0.00879048965526911,4.29838207909546e-06,0.0167339794011266,1.73881714128375e-06,0.006965491201564,2
"20298",2.26379193585509e-08,6.58496610693262e-05,0.00112850993614767,8.0056030758714e-06,1.09842144257826e-08,3.79449097010349e-06,3.16050164604829e-05,0.000246849920643121,0.9985153517495,9
"20302",1.23564259380969e-07,0.00914432619356379,0.633657790277358,7.38491107176524e-05,2.49654277399288e-06,6.6964141224071e-06,0.00223578754603723,4.2243605983887e-05,0.354836686745184,3
"20305",5.653463175117e-09,4.19680068508977e-05,0.000121244743548597,3.27541846119386e-05,7.84567867877058e-09,4.09788540471437e-06,0.00105013564254896,3.99022357705021e-05,0.998709883802123,9
"20307",0.0040697999160442,0.201493924558841,6.44039388169706e-09,0.00397543058363501,0.789859878065731,1.93103992228376e-08,2.53994180540144e-10,0.000600016085013142,9.24785948606559e-07,5
"20310",0.00200279557789312,0.00173539319005122,4.62844059477975e-10,0.000217580323848483,0.996039135015902,9.17808529246572e-09,7.68749773201221e-10,5.08428772281259e-06,1.19490257100326e-09,5
"20313",2.33839543286939e-11,1.43839734545343e-07,0.999658393234678,2.58332145846861e-09,1.31801618063961e-10,4.55431079244248e-08,1.73817869625851e-05,6.05852732246086e-08,0.000323972271736907,3
"20315",0.000299775020474775,0.166559605941595,1.21791090192899e-07,0.262007599364097,0.565519169701236,4.65455631045064e-08,1.01211319672103e-06,0.00554213988757796,7.05296351698065e-05,5
"20319",0.850380789971662,0.00258166961795641,4.48703944662926e-09,7.8481750687419e-06,0.141378328466228,5.08515416804913e-05,7.69373508149485e-10,0.00559792104627737,2.58592471378693e-06,1
"20321",9.74518627865941e-05,0.0243159520325833,9.32698951044941e-07,0.000535369106056603,0.973502869974907,9.9670163604634e-10,1.72190675008295e-08,0.00154561691821429,1.78919073188868e-06,5
"20327",2.40067968664267e-05,0.383209108885852,3.06776222916043e-08,0.0955522641509613,0.52120388247017,2.85706414565636e-09,1.33889489589692e-06,6.57496816052571e-06,2.79029840763196e-06,5
"20329",4.13881466378383e-13,5.09884291381324e-08,1.21467002730455e-05,2.94602342780928e-05,2.87259987080482e-09,7.91004282564163e-09,0.99993429553124,5.50213284556858e-07,2.34855494388409e-05,7
"20335",0.652565437653777,0.0548444113711402,1.19361532810856e-07,4.58725400656257e-05,0.292417938098413,2.86326736800016e-06,4.08493736948151e-12,0.000123102422144661,2.55281474059197e-07,1
"20337",8.44369656647724e-08,0.00017851725203216,0.150536279760928,1.28643527873423e-06,2.01210550241656e-08,6.98996178794768e-06,7.9549398652869e-06,6.80598617021318e-05,0.849200807230385,9
"20339",0.125137914144844,0.000212294237032842,5.58611649455202e-07,0.000302545637404303,0.000863641001694512,0.30286004694924,4.31527580871559e-05,0.568934880674502,0.00164496598554619,8
"20341",0.980981456959066,0.00332802478235014,0.00029035720062775,1.47272793735559e-05,0.00520941362741253,0.00808478042264169,2.40499379255398e-10,0.00208913581323606,2.10367479252273e-06,1
"20343",0.0159287061877313,0.0359833098916759,1.22559421296421e-05,9.21327697514922e-06,0.947897799252131,2.5559892505829e-07,1.01708624280348e-09,0.00016822599553132,2.32837814276323e-07,5
"20345",1.56081343794665e-06,0.00727241809502611,1.49890682679454e-06,0.0872318532608207,1.37901783435449e-05,4.84440354095866e-05,0.0103213030727813,0.00699442597040257,0.888114705666951,9
"20350",0.000931955779538946,0.00036377851847111,0.000686401687272379,0.00222555930414933,0.00451147016534582,0.000894380460042654,4.4343404593097e-05,0.989493783580001,0.000848327100585606,8
"20352",1.86914200728981e-09,2.47359737342488e-06,0.999833574155185,1.42583697750419e-09,6.33685243544595e-09,4.02418511293041e-08,2.33220037768559e-07,1.27776802102685e-07,0.000163541376919349,3
"20355",5.8275422362441e-06,0.00524469941133982,0.985055023248248,1.33141491287189e-05,3.28383954673439e-05,3.33593054878927e-05,3.72073514356883e-05,0.000443523950016182,0.00913420664664067,3
"20358",3.0861996565824e-11,1.42759669489394e-06,0.00195815159656937,2.9137592676213e-06,3.32682372170145e-08,5.095767625042e-08,0.991292835101472,5.31591269756272e-06,0.00673927177652301,7
"20363",0.000268596483399286,0.128243257878046,1.35840418597513e-06,0.000743738743005647,0.866503870728793,1.64762309538054e-09,9.61483882774733e-09,0.00421698864301217,2.21778570966708e-05,5
