"","V1","V2","V3","V4","V5","V6","best$classification"
"19811",0.00124828912222575,2.62791483615205e-05,1.3675551253075e-07,0.00226247390501,0.953118064173944,0.0433447568949459,5
"19813",1.28162696199677e-07,7.95972447966765e-07,1.78220253105287e-09,2.4931236083007e-06,3.92503910590191e-05,0.999957330567986,6
"19815",1.86328082218959e-05,0.00103016214362921,0.000322650421066834,0.021104675396654,0.977521543261055,2.33596937346488e-06,5
"19817",0.000779506234870953,9.16117691947698e-05,6.46312505577939e-06,0.00398891623680782,0.995125178503363,8.32413070820577e-06,5
"19819",4.35074111808563e-07,0.814258500556799,0.185658051996383,4.78514468208237e-05,3.51603122636364e-05,6.1362158076797e-10,2
"19821",0.0287646302806086,0.0010138917797095,2.40444751368791e-07,0.000868492522386873,0.95481262881315,0.0145401161593937,5
"19823",0.000267016289401873,0.000331827942344647,0.0397185541578612,0.000834003702421106,0.95884373148855,4.86641942131475e-06,5
"19825",0.877073115143709,0.107987103227105,0.00034691219929469,0.0070926919235279,0.0021196377100543,0.00538053979630875,1
"19827",0.409045421566454,0.000301723952568791,6.08818418080337e-05,7.67247960938232e-05,0.590514439037196,8.08805878986358e-07,5
"19829",0.00809350682397032,0.989467692406138,7.37354066104446e-05,0.000590601402541552,0.00177004346506595,4.42049567325007e-06,2
"19831",5.58023754451624e-07,0.855118764895395,0.144506873695766,0.000134882034514439,0.000237787890305107,1.13346026575041e-06,2
"19833",2.34065352010152e-05,1.60573809506512e-05,0.997733915150403,0.00222005836452587,1.38880742514852e-06,5.17376149443251e-06,3
"19835",0.0287646302806086,0.0010138917797095,2.40444751368791e-07,0.000868492522386873,0.95481262881315,0.0145401161593937,5
"19837",0.0321046421501466,0.000688214769225514,5.3247488194306e-06,0.000121752546125257,0.967075882377874,4.18340780911918e-06,5
"19839",0.0271816425069165,0.965028597895871,2.3244843478047e-05,0.00213620608659336,0.00381683822758001,0.00181347043956153,2
"19841",0.999897825976669,1.5129237431027e-05,2.40408636567423e-08,1.48696854127763e-07,1.60972705213177e-05,7.07747776611941e-05,1
"19843",5.48243980728623e-08,0.970943491328463,7.77706808788046e-05,0.00769919395773879,2.90964238381641e-05,0.0212503927846831,2
"19845",2.64709613394003e-05,2.50647223870556e-06,7.04333924195346e-08,0.000288538742247741,0.0713315509254102,0.928350862465372,6
"19847",2.2205052973913e-05,0.00420967804539248,5.14542314138213e-05,0.0237390704202387,0.96506845651856,0.00690913573142108,5
"19849",2.9592287930289e-07,8.56528040348916e-08,6.06794879463813e-10,4.92900630980701e-07,7.78349814931304e-05,0.999921289935398,6
"19851",5.24125012523932e-05,2.89055544549608e-05,7.98453624285487e-06,0.0012533943845287,0.998634070999516,2.32320240049605e-05,5
"19853",0.000639198640442404,6.31264644536107e-07,4.38532371751065e-05,0.000225623091349327,0.980303699817407,0.0187869939489814,5
"19855",0.00436872523387768,3.30288211232481e-06,1.86666546699937e-06,0.000315193104872141,0.994307310888062,0.0010036012256092,5
"19857",0.0224866996434457,0.00767488247182189,1.04056031188317e-06,0.0133815864297093,0.94189891876789,0.0145568721268216,5
"19859",0.0130680241769493,0.000796599210284975,5.55310022597272e-05,0.00329581610040499,0.982767067517067,1.69619930345448e-05,5
"19861",6.29503465352568e-05,2.43275568145524e-05,5.75049984240185e-07,0.000874664417865161,0.872809239508729,0.126228243120072,5
"19863",0.00775250437961629,8.44658760108625e-08,7.32640345035742e-10,8.6833776316245e-07,2.708999711987e-05,0.992219452086984,6
"19865",0.997885571712551,2.49208427699255e-06,1.91747946771608e-08,7.37882465497282e-06,0.00210271723031269,1.82097340947022e-06,1
"19867",4.74404544999263e-06,0.000585711155445627,1.46052191404279e-05,0.0121620479003084,0.980641469081816,0.00659142259783914,5
"19869",8.12777875427953e-05,1.70733264791738e-07,1.60662671626268e-09,3.30855654993978e-06,0.00781480372309247,0.992100437592923,6
"19871",0.0428288392603979,0.0022315546707439,5.70687315814888e-05,0.00124625198395099,0.953633636931754,2.64842157147675e-06,5
"19874",0.810044567292419,1.14565347537204e-05,3.99383607466258e-06,0.000551547971371649,0.189380648592001,7.78577337922432e-06,1
"19876",0.29358455483374,2.3618754069101e-06,1.1431371185719e-07,3.82502049668663e-05,0.705955678491173,0.000419040281001198,5
"19878",5.13458538994855e-06,0.00388815546427572,6.41041329496952e-05,0.995293151377667,0.000740967637443769,8.48680227344015e-06,4
"19880",0.998583939632841,8.9564019568323e-08,4.21128310747499e-09,2.26535666469308e-07,0.00139832099185191,1.74190643384392e-05,1
"19882",0.00187225412531669,1.90694434036498e-05,1.52305002806189e-06,0.013359109491631,0.717753160303914,0.266994883585706,5
"19885",0.000682296428536745,0.00437910457773247,4.39590433612175e-06,0.00839110401438323,0.986533146490256,9.95258475526985e-06,5
"19907",3.07883679867656e-05,0.000197825340914743,3.1771222683812e-06,0.0169118610137489,0.916025431678267,0.0668309164768139,5
"19909",6.99438752557427e-06,0.990371997771996,2.76722216764286e-05,9.15571046183941e-05,0.00935475051858668,0.000147027995596567,2
"19911",0.0215909288713547,0.954000733276672,0.000751121863948704,0.000794391825053706,0.0228387825076613,2.40416553090206e-05,2
"19913",0.999979277434533,3.58757223737286e-07,3.19017555843339e-08,7.18755878766208e-08,1.9556770003752e-05,7.03260896055711e-07,1
"19915",0.4243071773944,1.30931307575812e-05,3.16387451937492e-06,0.000219152894665792,0.57545380585168,3.60685397758292e-06,5
"19917",0.987557211688726,3.56375020755324e-05,6.25937097338662e-07,5.02442815311325e-05,0.0123524940557801,3.78653478960191e-06,1
"19919",0.15283773453656,0.000225954328495879,2.01113267111213e-05,0.00501055299755744,0.841903335029283,2.3117813929242e-06,5
"19921",1.44521699972386e-05,0.00014743470988853,4.40834386088829e-06,0.00614760723571117,0.99344467829726,0.000241419243282525,5
"19923",3.42737298769998e-07,0.00205820918838392,0.000968644756921614,0.974284662068697,0.0226575851827017,3.05560659970365e-05,4
"19925",0.944695110191323,9.3759908499096e-06,9.05896030812288e-07,0.000139387700132747,0.0551538916199714,1.32860169235921e-06,1
"19927",0.000219671564393361,3.1436226520196e-05,3.47618229604307e-06,0.000369181644835651,0.999349090235134,2.71441468212502e-05,5
"19929",0.535158283089661,2.69131539027721e-07,1.39655064232718e-09,2.92966844203542e-07,0.000177055686670764,0.464664097728735,1
"19931",0.000937681822895063,0.000467053882196887,3.59172856519681e-05,0.00101237541924262,0.997545781597117,1.18999289608549e-06,5
"19933",0.0011486111362089,0.673663128773956,0.000790156901323461,0.000610653359833713,0.323786687894329,7.61934349003327e-07,2
"19935",0.00184001189316634,0.0725462058306014,4.94962967932488e-06,0.0195864135314461,0.905263250887262,0.000759168227844448,5
"19937",2.16632763662971e-05,0.000168383009013774,0.000106132532629325,0.00344262695168972,0.996258014427626,3.17980267499277e-06,5
"19939",0.00183282991830773,0.000401642408974962,3.79948958663945e-05,0.237729911589291,0.759989480335241,8.14085231853763e-06,5
"19941",0.0456671591692386,0.947431318153919,4.62828925398966e-05,3.12108861736205e-05,0.00655626989024159,0.000267759007887063,2
"19943",0.999215560848429,7.66388205387885e-07,2.070863639619e-07,1.96539275493915e-06,0.000781312826429607,1.87457816650454e-07,1
"19945",5.08671774344412e-05,0.903906667254994,0.00195974081027837,0.0086910824639759,0.085391291492454,3.50800863493356e-07,2
"19947",0.846028834502335,0.109530941496134,0.000113504040291234,0.000972212154778919,0.0174068158175088,0.0259476919889523,1
"19949",2.28050716051785e-06,0.0274778676167089,0.00278019644642864,0.910621203104468,0.0591173247236763,1.12760155805941e-06,4
"19951",0.737984443760049,0.000897470886417406,1.42709847016714e-05,0.0410918016330345,0.219997899665427,1.41130703701846e-05,1
"19953",5.18488259638426e-08,0.115017117140912,0.8823591692344,0.0017550317734775,0.000868573729161574,5.6273223452417e-08,3
"19955",2.76815240649155e-06,0.654616618149362,0.0334614701396841,0.309956834261425,0.00194374176228625,1.85675348359568e-05,2
"19957",0.888615820906809,0.000793832321774524,0.000925041463614652,0.000373626821857162,0.109260915019743,3.07634662015951e-05,1
"19960",0.00030803042945954,0.989378153357318,6.29557749356292e-05,0.00888232105102685,0.0013247826417652,4.37567454941445e-05,2
"19963",0.937437257453184,0.000311862828543205,0.0616830124159285,6.39062901266951e-06,0.00047554783940247,8.59288339296104e-05,1
"19965",2.79015781891089e-08,0.85156800477856,0.000258028742308434,0.147993792324535,0.00011889486299775,6.12513900208469e-05,2
"19968",0.786406590490355,0.00145217427535558,6.51433495194667e-09,7.45190941083897e-05,0.0135908694124085,0.198475840213438,1
"19971",0.997051871697838,0.000704528172374668,0.00217779789536899,4.77336929072848e-05,1.72875889539681e-05,7.80952557131059e-07,1
"19973",0.00483011416668518,8.45921000502211e-05,3.43206792554581e-07,0.000750010308885168,0.994293599563835,4.13406537516043e-05,5
"19975",0.97531600319835,2.72070445763082e-05,2.48615138053192e-08,6.10468197618547e-05,0.0245621861893415,3.35318864565303e-05,1
"19977",0.998174981356896,5.20960095607935e-05,3.89125331804611e-05,0.00095874518343433,0.00060701561031371,0.000168249306614942,1
"19979",7.02203897196135e-07,0.999733132562153,0.000252262303608353,1.26631500693613e-05,1.23929290708368e-06,4.87364689673107e-10,2
"19981",0.000497090643092332,0.0113804309172392,1.04905266373032e-05,0.00145555559799881,0.985874417536491,0.000782014778540955,5
"19983",4.053253283875e-05,0.0162043643052212,5.92026956090434e-05,0.344920332145962,0.638213481181099,0.000562087139270367,5
"19985",0.824648367282432,2.58234254690918e-06,1.66036511877938e-07,0.000149211867048915,0.175151783421058,4.7889050402501e-05,1
"19987",0.0431368449825437,0.0377067688859785,6.18057900538518e-05,0.000436277836390466,0.918652465257227,5.83724780631742e-06,5
"19989",4.12774664213828e-09,0.996169339184823,0.00364581799921726,0.000166367568181147,1.84699072320907e-05,1.21279988269784e-09,2
"19993",0.0198359502914293,0.150712089442755,0.000371610198527557,0.588510372082857,0.240568878701345,1.0992830870031e-06,4
"19995",0.00688595254834558,0.76090553869334,0.000233974719933968,0.0427743506452205,0.189191581621412,8.60177174790369e-06,2
"19997",0.00852254220137546,2.54842729009072e-05,1.50245991418329e-06,0.000444916702304278,0.990959913601082,4.56407624234401e-05,5
"19999",0.0461155045674085,3.97483253476229e-06,8.63618938116299e-08,8.65849060741806e-05,0.952705674739952,0.00108817459213677,5
"20002",0.422831777334086,0.000234112257434047,1.35918510883136e-06,9.75416638952396e-07,0.000459724663319333,0.576472051143412,6
"20004",0.0052298224352798,0.886033684433957,4.06686433197057e-05,6.68182591694312e-05,0.10831325202479,0.000315754203484384,2
"20006",0.000698559401785695,0.457900170457997,0.00152860577374524,0.532006045776156,0.00594924911074451,0.00191736947957209,4
"20008",0.000119996198201678,0.18413562556745,0.0033311896484402,0.808013773380143,0.00431362026288047,8.57949428846461e-05,4
"20010",4.32427952159746e-06,0.583119565939714,0.0261659190060282,0.376569990485772,0.0141401788956389,2.13933243610328e-08,2
"20012",0.84025911319954,3.53094106342003e-05,1.31012822205003e-07,0.00295267674266189,0.146761620983843,0.00999114865049908,1
"20015",3.83415383514948e-08,0.996853323591298,3.19506509856119e-06,0.00313340661042222,9.30804469138676e-06,7.28346951856284e-07,2
"20017",0.0198843027246737,1.49972986329428e-05,1.37986459335075e-07,0.000133786027139052,0.977422862192301,0.00254391377079362,5
"20019",6.24987950504550e-09,0.996799084589483,0.00253109686629226,0.000669619177552788,1.92904309383905e-07,2.12482751367778e-10,2
"20022",1.66798953203701e-06,0.986003207071611,0.00134624246300839,0.00928448015338572,0.00336437851693838,2.38055243580274e-08,2
"20024",5.03237130184595e-08,0.41046519282165,0.588948519171383,0.000579100365738021,7.00417994400824e-06,1.33137572616022e-07,3
"20026",5.03237130184595e-08,0.41046519282165,0.588948519171383,0.000579100365738021,7.00417994400824e-06,1.33137572616022e-07,3
"20028",0.115571474167502,5.49780735063373e-06,5.0290634841006e-07,2.79672023531421e-05,0.884243515467984,0.000151042448461474,5
"20030",6.9486544876123e-05,0.999846718274444,5.04240354914671e-06,1.02920332657405e-05,6.43699280918113e-05,4.09081577271038e-06,2
"20033",0.204700969451742,0.000868554624691534,3.04459207437378e-06,0.000291135278086893,0.79410148501624,3.48110371642799e-05,5
"20035",7.53871638771408e-09,0.994955614847409,0.00382703543315384,0.0012167190806501,6.22552356908199e-07,5.477139407543e-10,2
"20037",2.35836276198132e-10,0.99744513024367,0.000369967530434872,0.00218409685230404,7.88224419314178e-07,1.6913335316665e-08,2
"20039",5.67043213987893e-11,0.000139861999723373,0.999803200274091,5.68574771625321e-05,8.00732466100627e-08,1.19071963461701e-10,3
"20041",4.67155939230836e-05,0.00606026174951574,0.00115635418824256,0.980931494409572,0.0117998706409311,5.30341781589675e-06,4
"20044",0.00225489665135675,0.0422180888011124,0.00832983385463342,0.892611873212992,0.0545598140369774,2.54934429283473e-05,4
"20047",6.72509844347268e-08,0.993049471898918,0.00692061130407862,2.97756877623191e-05,7.37207991485054e-08,1.37457328413648e-10,2
"20050",3.11063464300996e-05,0.0640911242343692,0.49696501911485,0.433721269250171,0.00519147949547451,1.55870592875482e-09,3
"20052",0.0341962697918281,0.0124636648654243,0.00084503265564583,0.0186126972137311,0.93388177264667,5.6282670062335e-07,5
"20054",4.22324675181383e-06,0.999420977762108,1.25212951903073e-06,0.000341269578299077,0.000218099811710031,1.4177471611484e-05,2
"20056",0.99813902585871,0.000121207580303075,1.90056466800254e-06,2.8708512680099e-06,0.00173442074906046,5.74395990672992e-07,1
"20058",1.01880574317762e-09,0.998537269722778,0.00104338423628886,0.000405311257885449,1.40188697353569e-05,1.48945070690816e-08,2
"20060",0.00032787249000334,0.000532544545934147,1.10389680851381e-05,0.00163922712822692,0.997473752841392,1.55640263581821e-05,5
"20062",0.000172109644325535,0.00514091934414057,1.90163266881045e-05,0.196952663377911,0.797688075857178,2.7215449756178e-05,5
"20064",0.000211940898035076,0.978310424077675,7.46031931025613e-05,0.00056562437604634,0.0208372456388789,1.61816262427731e-07,2
"20066",6.82607892948551e-06,0.999967557224876,1.45000844987982e-05,6.11522918744464e-06,4.42157552215763e-06,5.79806985939101e-07,2
"20068",8.32931651639404e-05,4.72282079848927e-05,1.40474962542313e-06,0.0122010819151778,0.986481540320203,0.00118545164184452,5
"20070",4.44141365290893e-05,7.73715065321057e-05,0.000207860452319358,0.0156216328265805,0.983984826998714,6.38940793244842e-05,5
"20072",2.87032341810272e-08,0.976851486977016,2.82093616887586e-05,0.0187536379302393,0.000301322235186306,0.0040653147926356,2
"20074",0.999468470635854,6.49261715272398e-08,3.14034669063359e-09,2.64997305591521e-07,4.40906397621015e-05,0.000487105660560374,1
"20076",0.658010489006114,0.0094658088260618,1.13500141917434e-07,0.000631136677926673,0.0432312183472006,0.288661233642555,1
"20078",0.000136426964385383,0.962883227089677,0.00245156669926997,0.00441272329652252,0.0301151460078981,9.09942247143594e-07,2
"20080",2.049181995264e-08,0.998680949993978,0.000995652455750642,0.000321749524896357,1.62746692932435e-06,6.6625886122596e-11,2
"20082",3.96175738099888e-08,0.00320611048438027,0.996776379589514,1.23110979132816e-05,5.15919075616978e-06,1.98629964607505e-11,3
"20084",0.0291821176809332,0.947897431511285,0.0122484319604705,0.000646375697120337,0.0100253571157529,2.86034437795066e-07,2
"20087",7.58875982192585e-07,0.911719492623075,0.000603854196464443,0.069939537625238,0.0177012959225389,3.50607567016282e-05,2
"20090",1.89926181654265e-07,0.906299472736953,0.0259679901455095,0.0677104078884784,2.1939065818073e-05,2.37059210527961e-10,2
"20092",1.31480392614233e-07,0.0135184454969943,0.630383054545306,0.305220727072231,0.0502178628758905,0.000659778529185571,3
"20096",0.00962398205054145,0.00706077508429513,0.393234705349341,0.0814538120384208,0.50861587397407,1.08515033318224e-05,5
"20098",0.206497313437052,0.000210888172937058,6.5446568562003e-06,0.000478668444899913,0.792801602260996,4.98302725921587e-06,5
"20101",0.000113342146821845,0.998106068954483,0.00124574504546317,0.000465747630414469,6.90941505910541e-05,2.0722263642728e-09,2
"20104",0.00162343258625955,0.000103320120955759,0.0489134883942907,0.00328593168302051,0.53890369764221,0.407170129573263,5
"20106",5.70113228375853e-05,0.99282111945924,5.63064459657327e-05,0.00657459033978437,0.000490965165756247,7.26641623303398e-09,2
"20108",0.0145910838838212,0.000317918315453234,8.58244929995583e-07,3.70153021383319e-05,0.984911384708594,0.000141739545063571,5
"20110",0.148688756482729,0.0039311831098714,0.167270983361925,0.344652578974414,0.335456140140823,3.57930238164636e-07,4
"20112",2.97536487114222e-05,0.680842200839718,0.0123954180194036,0.297193233237885,0.00953936347700592,3.07772755335397e-08,2
"20114",0.0743996289027215,0.862628051504932,0.00156965295022129,9.13761680386903e-05,0.0613092351301255,2.05534396162721e-06,2
"20116",0.0170597208816277,0.978550038170035,6.1678204743141e-06,0.00015904963886763,0.00419004271760728,3.49807713881637e-05,2
"20118",0.0765626797313385,0.0576122037185368,0.000225151319342045,0.000902895905985244,0.864694383042216,2.68628258150201e-06,5
"20120",0.000897922861304462,0.958973029116249,0.0274189816725492,0.00767618689804231,0.00503387767728087,1.77457461387948e-09,2
"20122",0.998648632791794,4.20911009590132e-06,1.75523504908721e-08,8.74854335591039e-07,0.00133175114671621,1.45145447073442e-05,1
"20124",2.21635203045763e-09,0.996260682362226,0.00226262254930827,0.00146785179163827,8.7245728349283e-06,1.16507640469519e-07,2
"20126",1.2359342510376e-07,0.00471470946445639,0.995190400094828,9.33356633851752e-05,1.33963407709229e-06,9.15498282910651e-08,3
"20128",1.17061832311774e-09,0.155432045486081,0.844331409667559,0.00023652173816426,2.05486716270388e-08,1.38890576454411e-09,3
"20141",0.0706745899374497,5.95613213877271e-05,0.0158838852189142,0.000219358058872968,0.913066905013832,9.57004495433111e-05,5
"20143",0.999965937033029,6.96092681754322e-08,4.37455279871159e-09,3.56486380965337e-08,2.46604595900661e-05,9.29287492229115e-06,1
"20145",7.0527418496176e-06,0.98098129736639,0.0041797347804688,0.00847151935379039,0.00636039415513465,1.60236681051596e-09,2
"20147",4.5759599247979e-06,0.99808810442157,0.00010908997696165,0.000772492120374454,0.00102572254911495,1.49720534149881e-08,2
"20149",0.998847782851067,4.43581671717894e-07,3.28207262343759e-08,1.10838312829366e-06,0.00114254881493229,8.08354847417817e-06,1
"20151",0.0769268363821188,0.000264514684885691,2.91963164967738e-06,0.000614054018013748,0.922187513029054,4.16225427780388e-06,5
"20153",0.633141434397061,0.00107201280572633,0.00733709297701568,0.00311058094091583,0.355338817345146,6.15341352907927e-08,1
"20155",4.42115840433589e-07,0.94303197542438,0.000148700911076917,0.0567081211864502,0.000110708249986379,5.21122664250655e-08,2
"20157",0.529076426979455,0.000115217727936975,8.31043490275231e-06,7.20479973843199e-05,0.47072440405651,3.59280381130939e-06,1
"20160",0.999958083078782,1.53108665332959e-07,1.11698288297733e-08,4.96458300854609e-08,4.03054543224869e-05,1.39754257100044e-06,1
"20162",0.996388270826705,1.76802870639165e-07,1.09201226849743e-08,5.39371520925756e-07,0.00360218723385796,8.81484492304741e-06,1
"20164",0.952716733913352,6.85778425710267e-05,1.27406600105566e-05,0.000935465373736548,0.0462631781896796,3.30402065031883e-06,1
"20166",0.000727017486673078,0.998964774057291,4.72842033567578e-06,0.000112425711765573,5.23349613250611e-05,0.00013871936260975,2
"20168",0.000671635468341875,0.0024913791533265,2.75935855255845e-07,1.81012453751623e-05,1.55322216960331e-05,0.996803075975405,6
"20170",0.283405231886687,0.000161626389630011,2.6595626922874e-05,0.00023578747131305,0.716168802612998,1.95601244976901e-06,5
"20172",3.88054864921364e-08,0.993947675124893,0.00109140076218223,0.00304017450160597,0.00192068499067876,2.58151529758322e-08,2
"20174",0.234699880471218,5.53083735830746e-06,2.48729965928528e-08,5.52592413642551e-05,0.592552916413893,0.172686388163169,5
"20176",5.19706344494819e-06,0.000131343351201961,1.64469319727701e-08,1.96145545892594e-05,6.24457654461684e-05,0.999781382818386,6
"20178",0.999977315424439,1.71610866734408e-07,2.33716849120086e-08,6.22950104963887e-08,2.17515537321834e-05,6.75744267107367e-07,1
"20181",0.00285791404677586,0.997039017537315,6.90851979926697e-06,1.93573444088034e-05,7.59147910847669e-05,8.87760616467614e-07,2
"20183",1.06075439255118e-05,0.00259681686817513,0.000598244500293138,0.00541688358180399,0.991373869693163,3.57781263877493e-06,5
"20186",3.20377330984032e-07,0.0185178980612736,0.00331253607812999,0.103446190350964,0.871202089446408,0.00352096568589376,5
"20188",0.99974132477373,1.5871832973418e-07,2.42291150043137e-08,2.20362115999638e-07,0.000257375141294872,8.96775414126761e-07,1
"20190",2.59430037536863e-07,0.999750686930724,1.48143326002623e-05,0.000214969815435015,1.92495485650069e-05,1.99426377791521e-08,2
"20193",0.96873799216443,0.00163570805447039,9.22450758374088e-07,0.000302315531639244,0.00020766058313297,0.0291154012155686,1
"20195",0.815183287116266,0.00114893659218406,1.44027798097717e-05,0.00380079119277765,0.179849197367907,3.38495105543727e-06,1
"20197",8.29654008607482e-08,0.973736120930123,0.000386134911860966,0.0247401146701953,0.00113747544644683,7.10759725944946e-08,2
"20199",0.934088991296056,3.19631369847745e-06,3.16704568554948e-06,6.83901453986559e-05,0.0658347478461406,1.50735302052159e-06,1
"20205",4.36009305338134e-09,0.000113155815682278,0.999035754414086,0.000839925930453723,1.11593522105703e-05,1.27474394782713e-10,3
"20208",0.0146951657447939,0.00139200658332084,6.07211599273313e-06,0.00298166874247066,0.980890153133744,3.49336796780783e-05,5
"20210",0.987795722635535,6.71774151078215e-07,5.33330557605945e-08,2.53168240288761e-06,0.0121973671754291,3.65339942646171e-06,1
"20212",0.872786704486088,9.95781170477904e-05,2.78707486945475e-06,0.000309121130350556,0.126795646611761,6.16257988333142e-06,1
"20216",4.62492701114665e-05,0.998287297652379,4.73261799876067e-05,0.000228385973192156,0.0013905335199977,2.07404332347413e-07,2
"20219",6.39989075492625e-05,0.314307630820936,0.666396072008263,0.0135912334277026,0.00564106073324075,4.10230822525071e-09,3
"20223",9.66596533558035e-10,0.988144004345056,0.000263787235988021,0.0099325734624488,3.27415334572502e-06,0.00165635983656511,2
"20226",0.000258895431758165,0.00367323060229808,0.000325829852741892,0.946122557428517,0.0496192625175171,2.24167167364413e-07,4
"20230",2.91877737682392e-08,0.999817643698558,7.89289545165883e-05,9.62992413780233e-05,7.08408864815052e-06,1.48291259015098e-08,2
"20233",2.60784710726277e-05,1.74916098405315e-06,0.997449156331827,0.000250849047639755,0.00227139840089287,7.68587583588327e-07,3
"20235",5.90909344860978e-09,0.803193765256199,0.0337190225744245,0.162820197250195,0.000124385780623909,0.000142623229464267,2
"20239",1.4078468962761e-06,0.747736492503412,0.000489693441720683,0.244199000973515,0.00515748210643656,0.00241592312801975,2
"20254",3.17914846593707e-09,0.00351104652329775,0.996432108174372,5.59823725616537e-05,8.59747190306839e-07,3.42981913938701e-12,3
"20256",3.94398106310178e-09,0.999226150857451,0.000244746943392345,0.00049769279541648,3.11514109594615e-05,2.54048799864181e-07,2
"20262",0.636248109881682,7.51319923640496e-05,2.13672954607559e-06,7.46257011974574e-05,0.363597506692923,2.48900228679739e-06,1
"20270",0.00350357251459272,0.980771038273404,1.87095325550323e-05,0.000467394679881273,0.0132512026612987,0.00198808233826838,2
"20284",2.96766120619561e-05,0.00882602085461356,0.351345782796292,0.0465812052985932,0.593216915188123,3.99250316201673e-07,5
"20287",9.29381069566473e-10,0.996429956860933,0.000128216996786467,0.00344143986188546,2.95518256440266e-07,8.9832757735219e-08,2
"20290",2.4871664430379e-05,0.00153655028224225,0.992190234332494,0.00415161003449441,0.00209673334427906,3.42060064353727e-10,3
"20293",9.88112518227506e-06,0.954186988345224,0.0020524338044213,0.00112113169444793,0.042628770726997,7.94303726697437e-07,2
"20296",0.695829552058835,0.0074843585289658,8.2212663417972e-08,0.000642609734312102,0.279485114030767,0.0165582834344564,1
"20301",1.00455026892991e-05,0.998206261021797,0.000465724412341787,0.00131766289947886,2.71061126399209e-07,3.51025668929538e-08,2
"20304",6.69278730254327e-08,0.00410040921048993,0.995877832020125,7.99887495131049e-06,1.36928977878401e-05,6.87727992467716e-11,3
"20306",1.04846107162954e-09,0.997491577005388,0.00217768905381446,0.000319264662491202,1.14495250839456e-05,1.87047614530833e-08,2
"20309",0.000183304435812462,0.472643128481817,0.00399631903513795,0.223428052641552,0.299747651932743,1.5434729366883e-06,2
"20311",0.000311573469296393,0.994586004623016,0.000788387057220153,0.000861828016424366,0.00345105175674588,1.15507729684488e-06,2
"20314",0.0221945485062402,0.00179800860770391,3.58790965161385e-05,0.000878687509622755,0.975092373443901,5.02836016052364e-07,5
"20318",0.999872466266339,1.53459754982682e-05,7.6544069805552e-08,1.19611037507558e-07,0.000101690289242869,1.03013138122409e-05,1
"20320",0.00229546681861203,0.000880782168810236,0.00185247987594734,0.487606857782668,0.507346419503897,1.79938500652501e-05,5
"20326",0.0488009834017963,0.00247987688293287,8.84845119447559e-05,0.000406879502939472,0.948222583456479,1.19224390784445e-06,5
"20328",1.58194486212393e-05,0.000767867685061087,0.0013200340335925,0.140810643019205,0.857078982708238,6.65310528241852e-06,5
"20330",7.56825243193906e-07,0.134108983818062,0.00402665163415937,0.861583254960254,0.000279645837440515,7.06924840877992e-07,4
"20336",7.75273421068378e-07,0.0108514068156883,0.959928612853516,0.0026796007557546,0.0265395949291772,9.37244285926154e-09,3
"20338",9.80573458965039e-05,0.0141121897727992,0.980692275155856,0.00402344177000225,0.00107403203840488,3.9170407813564e-09,3
"20340",1.83936196237464e-08,0.999326898331192,0.00045548852799944,0.000215458552153921,2.09608744028321e-06,4.01075946073542e-08,2
"20342",0.000249073449003212,0.000373302604778072,0.982201007651365,0.0170288833977801,0.000102838337589718,4.4894559483583e-05,3
"20344",2.84865614712598e-07,0.997899395221968,0.000558018952760276,0.000297823706175339,0.00124427291612274,2.04337359047366e-07,2
"20349",2.45646309258415e-09,0.999786991962854,0.000141135690198397,5.23913178977049e-05,1.9381812358545e-05,9.67602281397924e-08,2
"20351",0.000578672707078822,0.923841920804383,0.0140033141496898,0.0139643323375503,0.0476107639171536,9.96084143943228e-07,2
"20353",3.77107334437742e-08,0.240897909440878,0.0245294673287927,0.734402863697242,0.000169710921644462,1.09007089848009e-08,4
"20357",2.66979282283647e-10,0.000681922642763541,0.997137092776771,0.00217584919984329,5.13498993967204e-06,1.23702865069537e-10,3
"20360",7.38835433967633e-07,0.00439409148847759,0.299160302741268,0.696096020862564,8.03563287343213e-05,0.000268489743521543,4
"20364",1.23899410479864e-05,0.655026793707557,0.00252319928561258,0.312626054197782,0.0298115328815484,2.99864521945841e-08,2
"20366",1.06353763806452e-05,0.000911445041566239,0.99150344844073,0.000781731438741744,0.00679273188752626,7.81505515431335e-09,3
"20381",0.0161240546931846,9.92838261312983e-07,1.12621561254971e-07,6.32761714988494e-06,0.00321642996453906,0.980652082265304,6
"20391",4.32991863478868e-08,0.170613213797935,0.0166343101182151,0.56593696845638,0.0315343646135666,0.215281099714717,4
"20394",0.00111089079883609,0.000111595446807539,1.71602664723938e-06,0.017407866947796,0.97911889358754,0.00224903719237279,5
"20396",0.0137489964360741,7.15016611310102e-07,1.14749459270947e-08,7.99897236130961e-05,0.211641144604054,0.774529142744701,6
"20409",0.164713455016469,0.627368554200737,0.000900491967223688,0.000205239242054374,0.206806337405265,5.9221682504471e-06,2
"20411",2.56830803797987e-09,0.839726403337593,0.12627592009582,0.0337566908178881,0.000240974622261814,8.55812882065066e-09,2
"20416",2.10257468361934e-11,0.0252867555888821,0.974526258118914,0.000186963502847478,2.26504785708886e-08,1.1785183568442e-10,3
"20418",0.0623611225780855,6.45152113820263e-07,5.92774055807614e-09,1.09826547872731e-05,0.145685870516059,0.791941373171214,6
"20420",0.00025845047174453,2.22179988359064e-05,0.970603173334746,0.00124884207539879,0.0278663407246224,9.75394652319232e-07,3
"20422",4.76644364228326e-05,0.957224831625994,0.000315819236015524,0.0420766682938305,0.000334974619720316,4.1788016810669e-08,2
"20424",8.35513019682573e-09,0.845058540141559,0.0451777041993344,0.109603843458001,0.00015989987360562,3.97236988135553e-09,2
"20426",0.000106495034165173,3.70278076382341e-06,0.999843439247092,3.82044550151992e-05,8.15801318105195e-06,4.69782686323548e-10,3
"20428",1.28058586991922e-05,0.792352515198779,1.539522375241e-05,0.165433628994886,0.0399793543136041,0.00220630041027928,2
"20431",0.108930311989086,0.0223362427011325,0.00447314371826493,0.24487932548679,0.61937929886008,1.677244646346e-06,5
"20433",9.53878391731756e-09,0.999089394997555,1.46932542842899e-05,0.000756866049710979,1.42473024750884e-06,0.000137611429418527,2
"20436",7.31844660277506e-06,0.00699777029973366,1.42248970846834e-07,7.18324417571529e-05,3.67010633402994e-05,0.992886235499595,6
"20439",0.230081131503571,3.20874479262031e-06,2.03380188665966e-08,5.26728345521006e-05,0.493459336736199,0.276403629842867,5
"20441",1.81090836509876e-07,0.000620550302191487,0.983516478560122,0.0158061412048623,5.66484582918739e-05,3.83695782099389e-10,3
"20444",0.999849677341812,8.66812367828471e-08,6.60913350003174e-09,8.54406670272643e-08,0.000147456366418658,2.68756073194528e-06,1
"20448",0.158234319841973,0.00980424081207834,0.00105718585881236,0.000110032235280916,0.830610754898069,0.000183466353785755,5
"20536",1.41945839827833e-05,0.000145073949706501,3.80620346787613e-07,0.005913636158731,0.227974518706751,0.765952195980482,6
"20538",1.69883068944383e-06,0.218668530717884,0.721327571916266,0.000436914750263415,0.0595584105384921,6.87324640475676e-06,3
"20541",5.41846668420059e-09,0.924561848731252,0.070726524287176,0.00470707712593537,4.54435222888498e-06,8.49405258692606e-11,2
"20544",0.00439621320023412,0.200948858985178,0.000733974391710558,0.00329646103261725,0.790621611960246,2.88043001414099e-06,5
"20546",1.07905075875529e-08,0.981155848346278,0.0066227375937809,0.0113868076070276,0.000834587982007841,7.6803976823037e-09,2
"20550",9.55115651923344e-05,0.00405144566396519,0.000254705698233705,0.992064123333375,0.00353330150661267,9.12232621466076e-07,4
"20553",1.47292738123545e-07,0.0190305953274514,0.980960977009863,8.2753313426264e-06,4.33512061635659e-09,7.03483976667789e-10,3
"20555",1.282559380803e-07,5.73810242999132e-06,0.994852143092734,0.00358475247155292,0.00155682205884835,4.16018496918003e-07,3
"20557",0.000336611461097237,0.00951931304136638,0.0136060678879287,0.953192942929876,0.0233450408201903,2.38595410327417e-08,4
"20559",1.34292961726498e-06,0.999415099626842,5.05164567715263e-05,0.000333316898443735,0.000199720953279051,3.13504659352877e-09,2
"20561",0.288863517783799,0.000768517062037711,2.76592918298281e-05,0.000616163294322823,0.709719384860977,4.75770703323933e-06,5
"20564",0.999977315424439,1.71610866734408e-07,2.33716849120086e-08,6.22950104963887e-08,2.17515537321834e-05,6.75744267107367e-07,1
"20566",9.9082015480311e-05,0.776020012602584,6.71978347313038e-06,0.159831323017517,0.0639947428134227,4.81197675234024e-05,2
"20569",0.130901772970804,1.235256559216e-05,1.39194628855302e-07,5.91594832564051e-05,0.868574826953715,0.000451748832003352,5
"20572",0.930104996845548,6.6923490833069e-06,1.75602724598436e-08,2.96302712506296e-06,0.069235731291768,0.000649598926203209,1
"20574",2.92132057143357e-06,0.995392371350481,0.00198002916327334,0.00248001730934563,0.000144660266288666,5.90040144155924e-10,2
"20576",0.999832221193602,1.22813469828602e-06,6.63940450831645e-08,2.80998655932712e-07,0.000165718653195317,4.84625802868944e-07,1
"20578",0.00593174362155207,0.77807950771564,0.000584145567083964,0.0424270637906316,0.172976191564947,1.34774014580508e-06,2
"20580",6.2046712975702e-05,0.84622310728087,5.01074115713983e-05,0.00241639720397141,0.151233784269754,1.45571208574791e-05,2
"20583",0.999913387914454,8.92147025916056e-07,5.20009418281632e-08,1.81220214519522e-07,8.50045020085533e-05,4.82215355134791e-07,1
"20586",2.99657616978251e-06,0.912505494529529,0.00164436359648002,0.00286281128159992,0.0829834834528663,8.50563355402721e-07,2
"20589",8.1022572560608e-10,0.99287256595891,0.000149569165850004,0.00696183933796262,1.5917036521977e-05,1.07690530091612e-07,2
"20591",4.57711454324367e-06,0.000924536101204115,0.0439795979957866,0.789000524292161,0.16607509413293,1.56703633741229e-05,4
"20593",1.21476433037641e-08,0.999408646831577,5.7391373577251e-05,0.000533865216930851,7.62268395703344e-08,8.20343236080971e-09,2
"20595",3.90214835219577e-05,0.996579838263064,0.000251460242727504,0.000352906243752928,0.00277673537909624,3.83878372161853e-08,2
"20597",4.80948155707785e-06,8.40639654877416e-08,8.24972951262027e-10,1.21711260990338e-06,0.000880147207181738,0.999113741309713,6
"20599",0.999963715764016,2.35172244100004e-07,1.22275233565987e-08,3.61179757031788e-08,3.48382228140123e-05,1.16249542716354e-06,1
"20601",0.000278465649987461,0.000198819050089907,2.24316927059591e-05,0.0175970823494809,0.981899015257177,4.18600055912839e-06,5
"20604",6.98295126369277e-07,0.999877786920323,5.24433630632019e-05,6.3723520328469e-05,5.3461174490681e-06,1.78370934979000e-09,2
"20606",1.77192414851515e-08,0.999153626843994,6.31586199948267e-05,0.000778454360691845,4.73952081480276e-06,2.93526360625874e-09,2
"20608",2.46820225764039e-07,0.967503913797036,8.16068113622845e-06,0.0321954673164078,0.000290818946177689,1.39243901665592e-06,2
"20610",0.998979963350951,6.40505456055548e-06,3.40533863850158e-07,1.15163659596114e-05,0.00100103694168815,7.37752976582175e-07,1
"20612",0.00093119217943178,0.223489136321964,0.145282542194388,0.000360309346261434,0.0012969199596472,0.628639899998308,6
"20614",0.993612621637931,7.67201831113121e-07,1.91512577587843e-07,1.20553252007598e-05,0.00637367948260785,6.84839851670707e-07,1
"20616",0.000534961651103165,0.0046096255877044,7.06407293099305e-05,0.0010183093873447,0.993728857099784,3.7605544753858e-05,5
"20618",1.70935809901547e-05,0.000160282782386826,0.997300601266709,0.0016702636685127,0.000851756900470936,1.80093007718315e-09,3
"20620",2.11811382187486e-05,0.999434065124994,3.1280303747752e-05,0.00012563598387076,0.000359129247005549,2.87082021627832e-05,2
"20622",0.999507934446175,4.15806305034258e-06,1.01365926641544e-07,3.70799665905537e-07,0.000487154431729608,2.80893452605497e-07,1
"20624",3.57626952280441e-08,0.969677287064296,0.0293178065978568,0.000682896881702894,0.000321948583637363,2.51098116294403e-08,2
"20626",0.00113111816413199,0.766236360077743,1.08175224625293e-06,0.00984496445130035,0.0128531425842962,0.209933332970282,2
"20628",0.000358910785386653,0.118538719355537,9.13480228914022e-05,0.629356377574079,0.119066959878205,0.132587684383902,4
"20630",0.0134745599440114,0.545607136302943,0.000160233783662997,0.38708353052468,0.0536713885306658,3.15091403703828e-06,2
"20632",0.991020946416142,9.71682873117193e-08,2.46914538616017e-09,1.07515779383576e-06,0.0080518139122655,0.000926064876365844,1
"20634",1.33301524688042e-08,0.998533691532908,4.19752597696414e-05,0.00141572901920874,8.58427411143353e-06,6.58384996978697e-09,2
"20637",7.68606649143667e-06,0.00614918166339722,0.99291013384242,0.000917796998251601,1.52014229420135e-05,6.4977194061214e-12,3
"20639",0.608103234528172,1.04990299216714e-05,1.9493372003261e-06,7.37165153081991e-05,0.391806859653626,3.74093577118566e-06,1
"20644",1.8345350050847e-08,0.289507689975542,0.709852890735535,0.000633463399894058,2.3596150992978e-08,5.91394752758855e-06,3
"20646",9.52846844688624e-06,0.621913692821565,0.0133753776497049,0.363164161103768,4.52455616268565e-05,0.00149199439488842,2
"20648",0.00769780231947731,7.50221118914477e-05,1.61458421761288e-05,0.000528911029549172,0.99168126275081,8.55946095693628e-07,5
"20650",2.85640596172081e-08,0.65630995503221,0.341798224384802,0.00181709653863299,7.46778408332883e-05,1.76394622847337e-08,2
"20653",0.00323741430301814,0.000253220090686935,0.000280451206895752,0.0368434896769432,0.959290871614597,9.45531078590713e-05,5
"20658",1.41082831103879e-08,0.998621659720438,3.97290773493971e-06,0.00117957719985975,5.00222826702199e-05,0.000144753781013605,2
"20661",9.05678333560068e-07,0.0346090796721762,0.960219786134163,0.000630563659608475,0.00444186304341794,9.7801812300663e-05,3
"20663",5.85422259696594e-06,0.568047252545767,0.00162387449859547,0.029819351523466,0.400500332459964,3.3347496107294e-06,2
"20665",0.999923477514283,1.83857026679504e-06,3.33500211889761e-09,7.40731377245698e-08,3.43200415271967e-05,4.02864657827024e-05,1
"20667",6.17733384257954e-05,0.0035030338648568,6.7693188475405e-05,0.894095807241778,0.0970484691010392,0.00522322326542482,4
"20669",0.000173324363315331,5.42170706538569e-07,3.16842087210795e-08,6.86890970708849e-06,0.0324696821125486,0.967349550759514,6
"20671",7.84636526714095e-05,0.138583508592344,0.853518343037456,0.00641952004403203,0.00140016447408158,1.99415540218561e-10,3
"20673",2.52001802919165e-05,4.69914191200933e-08,3.63301982251756e-10,6.22265966602856e-07,0.000847562607310206,0.99912656759171,6
"20675",1.61648138780803e-05,0.0070292436044763,5.01684338041859e-06,0.00150125447055085,0.767224723528494,0.22422359673922,5
"20677",4.28216288473976e-06,0.559254999306315,0.000229743373600884,0.0267909752816664,0.413086190156009,0.000633809719524245,2
"20679",0.000739779028047664,1.37882839318404e-07,1.19738530559549e-08,1.55655685963758e-05,0.0343713758792082,0.964873129667455,6
"20681",1.65878391862152e-05,5.33476601145863e-05,1.97669109420351e-06,0.00148999055024843,0.940339754484675,0.0580983427746814,5
"20683",1.27091714075088e-05,0.377044495973074,6.30128840988315e-05,0.166930594318068,0.451584343304269,0.00436484434908267,5
"20685",7.15393248013498e-05,7.14952383452805e-06,0.97807959069274,0.00861986812424249,0.0132200846037303,1.76773065111025e-06,3
"20687",0.910925799018039,3.35463673672744e-06,6.08926859313331e-07,2.47210909758584e-05,0.0890434592377266,2.05708966234068e-06,1
"20689",8.30077448500546e-09,0.136636362683967,0.863267801201014,8.20596753009957e-05,7.08307273941338e-07,1.30598316691743e-05,3
"20691",0.999773890773709,1.97891479968911e-07,2.61646597182463e-08,1.79321429422973e-07,0.00022523711414483,4.68734576928147e-07,1
"20693",1.24986489046982e-09,0.998599753721147,0.0012178579507198,0.000176538001121189,5.81556962513838e-06,3.35075216192762e-08,2
"20695",0.00188797491384928,7.79828919096247e-05,4.35161459097793e-06,0.000620778526555093,0.997396787067601,1.21249854937704e-05,5
"20697",2.9389696245911e-05,0.999328918635385,0.000268205112511111,0.000308500175580897,6.49858137521413e-05,5.66524892716591e-10,2
"20699",0.000100530710330315,0.345624523472027,4.58500817512885e-06,0.00663500613753669,0.631452632766846,0.016182721905085,5
"20701",2.48541507235108e-07,0.831797772638817,0.000127342578402719,0.127426782176598,0.0400416566266701,0.000606197438004692,2
"20703",0.00011702484409794,5.79895411447592e-06,0.000403387695610375,0.00464436175413232,0.0140107488615429,0.980818677890502,6
"20705",9.02899906716359e-08,0.973765468450871,0.00384184542456659,0.0214976013082071,0.000894940743487027,5.37828774657203e-08,2
"20707",9.31654876385154e-06,0.00256631707150771,0.000147193032743071,0.0179667625617943,0.979306367664306,4.04312088521336e-06,5
"20709",0.901843959753016,0.0253770002940991,3.06657249189766e-06,0.000793220013330617,0.0716760198027111,0.000306733564350925,1
