"","V1","V2","V3","V4","V5","V6","V7","V8","V9","V10","best$classification"
"19811",0.0220337418492901,1.65245796089823e-09,0.00034077113518054,0.0544235955721891,2.89923390612021e-07,1.67913993868926e-10,9.78978622987467e-06,0.000208684202820819,1.54319175846319e-05,0.922967693792942,10
"19813",0.999945605135,1.84572272679208e-08,7.41482436467591e-08,6.67658127243677e-08,6.68121662730395e-09,1.27514878446355e-12,2.64794706129096e-08,4.33302830527933e-07,3.03045933291028e-09,5.37659984636629e-05,1
"19815",2.15542731693781e-07,1.60913016490236e-09,0.00951848426646624,0.0209976176256763,0.000117131559776365,1.35553011646007e-05,0.000947245382535031,0.00333638791444904,4.50758221227521e-08,0.965069315722249,10
"19817",2.84500860574116e-06,2.28275601073382e-10,0.00323771474590618,0.372233554434063,4.68866513854136e-06,2.08946773840317e-07,0.000117399022862437,0.00575903956980619,1.4224836106926e-05,0.618630324542462,10
"19819",7.88205233105154e-12,0.0034096845867636,1.21762527824425e-05,3.61470490527211e-07,0.266511764686185,0.688110070937565,6.25699014255789e-05,0.0418925477545151,7.63380049427827e-09,8.16768590271851e-07,6
"19821",0.0126188508021404,1.13266603626322e-07,0.000251905112621513,0.557734954825349,5.81218065203018e-05,4.22694644929363e-09,6.36342759604176e-07,0.00497269962789164,0.00174207838737277,0.422620635601795,4
"19823",2.93655590305903e-07,5.08170349754801e-09,0.000167513097053363,0.0484672013519866,8.63816419107798e-06,0.000869394116695704,0.720234558160653,0.0014248287954347,1.40902930773502e-06,0.228826158547384,7
"19825",0.000851486831888766,0.185563149428268,0.00183148604272089,0.00185864721490166,0.0046390937909972,2.58193530118471e-05,1.96910856479749e-06,0.00391352955869608,0.801287410004132,2.74086668181745e-05,9
"19827",2.50077064904901e-08,6.7473236899596e-09,8.2006711810773e-06,0.984720915395245,1.47018402181965e-06,5.69778687229055e-07,4.53779306830056e-05,0.00108498912228625,0.00956470874251239,0.00457373642035351,4
"19829",3.61355101138451e-07,0.00158398125900161,0.000146536982898325,0.000602465894006115,0.0628380314126317,5.72087366145134e-05,3.820497320792e-08,0.933469597471492,0.00128742426005315,1.43544232280762e-05,8
"19831",6.56545757793718e-08,0.0171942391564268,2.64865854430076e-05,7.78931389182076e-07,0.106058389227126,0.112452458894633,0.00304146944964372,0.761195610050523,1.60194636469689e-08,3.04860307761055e-05,8
"19833",4.67762515733227e-07,0.00100238407890765,0.00273525238323015,1.4431994701479e-07,5.49065906979536e-07,0.0951316906695688,0.901113150135773,4.1807178338119e-07,1.5883254924244e-05,6.02574434734531e-08,7
"19835",0.0126188508021404,1.13266603626322e-07,0.000251905112621513,0.557734954825349,5.81218065203018e-05,4.22694644929363e-09,6.36342759604176e-07,0.00497269962789164,0.00174207838737277,0.422620635601795,4
"19837",5.39258170786417e-07,2.8609392198373e-09,2.45268333524561e-05,0.929388914696644,1.17835021645624e-05,1.29699632657973e-07,8.00573897821896e-06,0.0179637182885779,0.000795178074069352,0.0518072010474712,4
"19839",0.000311375906852485,0.576223403033272,0.000564049196379666,0.000736248689771137,0.0337315313708319,2.58818981246996e-06,2.25908062897715e-07,0.380136080595585,0.00816706711464714,0.000127429994784909,2
"19841",4.40770314259161e-06,2.31206708336683e-05,5.87101143804952e-09,0.000117624840033053,3.08964453755961e-08,1.58085185256394e-10,1.63943053195299e-10,3.72386547588864e-07,0.999854427265246,1.00447125115415e-08,9
"19843",0.0046266743802867,0.635776032470739,0.000967872508896387,7.26441866557609e-09,0.349990968347495,1.12514256073964e-05,1.99454787187579e-07,0.00859766698254791,1.37452463854459e-09,2.93257906973587e-05,2
"19845",0.815740536579837,5.27825158028007e-10,2.00676980284303e-05,0.000698997961006492,3.5427473034298e-08,4.54801633277151e-11,9.01506238947206e-06,4.37195796726975e-06,2.5545251951582e-07,0.183526719287474,1
"19847",0.000770273585812354,4.39766847021378e-08,0.00167158610290234,0.00200068976179989,0.000120097233180879,2.96052905972418e-07,0.000113257684312838,0.00625147804184315,3.85512236565178e-08,0.989072239009334,10
"19849",0.999884422654838,1.45961860611329e-09,1.13130557713838e-08,2.69510225959514e-07,5.67952739884368e-10,2.08411464437003e-13,2.9135934518855e-08,3.20939909268402e-08,5.93924740995314e-09,0.000115227324927478,1
"19851",4.18948089470023e-06,3.00699109838026e-11,0.000302968419662477,0.0452736492395727,1.04283108158775e-06,6.81003974805839e-08,0.000221378812243781,0.000330188523894414,1.83229521118663e-07,0.953866331332662,10
"19853",0.00761880580287286,2.10955804668762e-11,2.37463565497634e-05,0.0603910259070622,4.1206163791735e-09,3.29132792427999e-08,0.0695933664557851,6.30387226519154e-06,6.59689876295848e-06,0.862360117651711,10
"19855",0.000701428312608622,2.15707998111528e-11,0.000100595223622218,0.532494213605222,3.67149529360111e-08,8.36077928891464e-09,0.000507748733150714,0.00037391564886911,0.000144147462231062,0.465677905916993,4
"19857",0.0126437883350206,6.68789176890238e-07,0.00594978981856009,0.271335444806328,0.000235590097286578,2.34180834688532e-08,3.11409228804996e-06,0.379349970174228,0.00176744585900638,0.328714164610022,8
"19859",4.48662902382464e-06,2.17497637674137e-08,0.00223841441077854,0.741601027438702,2.11156309120448e-05,2.30295354647522e-06,0.000509352589532122,0.0647619201225822,0.000638315465991297,0.190223043009168,4
"19861",0.0293599088992458,3.53811526921774e-10,3.30790447959836e-05,0.00419366729408491,1.71078318770602e-07,3.10649896510377e-10,3.16791725274129e-05,5.86530844843439e-05,1.40524354187134e-07,0.966322700237727,10
"19863",0.992581749644693,9.01415775167453e-07,5.80210936457965e-08,1.908086810741e-05,1.82630563923429e-10,3.86274108307197e-13,8.06042479364467e-09,1.63035659360039e-08,0.00739646819325426,1.71731006841334e-06,1
"19865",5.05384294863152e-07,1.50866569355332e-08,4.31171234525311e-06,0.113501699575528,2.78559725652186e-08,3.83996625080078e-10,1.34378308533581e-08,7.91458208835389e-06,0.886463748762171,2.17632191152506e-05,9
"19867",0.000407820713264302,1.016372286052e-09,0.000381291204802774,0.000697932015003239,1.22708186107763e-05,2.58977622550312e-08,3.04616452221253e-05,0.000168147480540015,2.04359564997834e-09,0.998302047164827,10
"19869",0.993716608298877,1.55120877766783e-10,1.11380612194654e-07,0.000251545518767563,7.24829016638982e-10,4.52498911303434e-13,2.29060099224032e-07,3.94247062103998e-07,1.9517280515071e-06,0.00602915888612805,1
"19871",3.04942520906005e-07,9.59084531598011e-09,0.000430536340017755,0.836477733259696,3.36720477898212e-05,2.32015105241392e-06,7.19262171416964e-05,0.124667474960238,0.00139225506542895,0.0369237674252689,4
"19874",6.28896325363384e-07,2.6941140769256e-09,0.00016141892194627,0.93481507126211,5.30788432669163e-08,2.14343590179681e-08,1.4648722378066e-05,4.18617408349832e-05,0.0618407789150329,0.00312551433405585,4
"19876",5.68575682220369e-05,3.73259216357962e-11,2.60558762164423e-06,0.97191136734607,4.63413064105385e-09,9.63551911239918e-11,2.09274141212639e-06,1.83606546292822e-05,0.00736963822745751,0.020639073106776,4
"19878",5.93334807110154e-07,3.9126611961326e-05,0.997877895710747,9.38727176299783e-06,0.00163737283200025,7.48699439473608e-06,6.43419368379246e-07,2.66486179793773e-05,8.39688585591074e-08,0.000400761238120689,3
"19880",6.71024144694904e-06,7.97203083275217e-10,5.15545512701025e-08,0.0724958956718257,2.66472928657242e-10,1.56240551708504e-11,3.53252320187274e-08,5.63949964960061e-07,0.927483848401615,1.28937760641046e-05,9
"19882",0.149050771616218,3.34026787650905e-09,0.00226446573841709,0.0342687442810291,3.46071094159678e-07,1.79331903431456e-09,8.75639670185988e-05,2.48980558914668e-05,2.94248960252751e-05,0.814273780240719,10
"19885",3.49176990396966e-06,1.28572332780337e-08,0.00690222042166383,0.229697909963719,0.000524346257041119,4.29115261068877e-07,6.33286955245756e-06,0.16890718532858,1.29834536267596e-05,0.593945087963418,10
"19907",0.00975055590313028,7.10250738275089e-10,0.000772573257282631,0.00213404590402014,4.59754362861376e-06,5.00669195812359e-09,1.04112494940325e-05,6.1634826228476e-05,3.68545551277893e-08,0.987266138744718,10
"19909",1.1240399372481e-05,5.47407696479233e-05,3.37499946267938e-06,2.34823588844806e-05,0.0537855455011492,2.94698160212835e-06,1.47024435240799e-07,0.945205561121198,4.00640224133902e-08,0.000912920780225512,8
"19911",7.02095457218321e-07,0.00105982706277978,5.32192159185563e-05,0.00146348165321067,0.00881671533215115,3.64795614146575e-05,4.72308174215792e-06,0.987636964072418,0.00080227232379066,0.000125615601117824,8
"19913",3.52111214115484e-08,8.51571408520762e-08,5.96750719655338e-09,0.000522151742411957,3.6896234743825e-10,1.35451953449243e-10,3.15605624228874e-09,7.69705222291858e-08,0.999477631665565,9.62526075075841e-09,9
"19915",1.33820927242119e-07,9.74847569071181e-11,2.21630656619336e-05,0.987465596930366,3.32320978279954e-08,7.94947613677141e-09,6.42206557444452e-06,4.18544532975359e-05,0.00727666830755962,0.005187120077555,4
"19917",9.95471475528137e-07,5.01872895841282e-07,4.03079197862093e-05,0.292476807301453,3.82492750988039e-07,1.52267441945572e-08,1.47350187572941e-06,0.000336682542064667,0.706909733949551,0.000233099721403104,9
"19919",1.20507983410974e-07,2.63218821497825e-09,0.00149975141060483,0.974656637048289,1.62285631900019e-06,2.19761559582163e-07,2.5041635988189e-05,0.00172935838270923,0.00339581729201988,0.018691428472339,4
"19921",2.90781807386024e-05,1.17161581114178e-10,0.000697869683381533,0.00639911893719175,4.00677514448616e-06,1.88085454502678e-08,3.32472255409068e-05,0.000510324579989731,1.88132224737197e-08,0.992326316879084,10
"19923",3.51556816804495e-06,8.28021120597733e-07,0.9020449341032,5.88646317428782e-05,0.000843832433463909,6.65228588598215e-05,0.000699904214939565,0.000213310208119823,1.24300818036228e-09,0.0960682867173772,3
"19925",1.6738542809036e-07,3.68875605167695e-09,6.93943242756471e-05,0.825486690837612,7.41389016093021e-08,1.02827890364353e-08,2.05619392821386e-06,5.19300325307619e-05,0.173601484683042,0.00078818843273656,4
"19927",9.96268698360671e-06,5.14728852332097e-11,0.000135497936607384,0.169617646089553,1.12635887683946e-06,5.09133098238099e-08,0.00017005299919298,0.00177015151957126,2.24851346517591e-06,0.828293262930967,10
"19929",0.295461420982974,1.04506004404156e-06,1.29221664876167e-08,0.000583193031878062,2.59238947480019e-10,6.1010577440428e-13,9.54986738482836e-09,1.00598180228379e-07,0.703951880602653,2.3369923875421e-06,9
"19931",2.59072240974575e-07,4.40605744350427e-09,0.000775392485055542,0.461173117203102,4.2178127329851e-05,2.31753042834586e-06,0.000278571315623246,0.0105593796551392,1.73660596461423e-05,0.527151414145377,10
"19933",3.05322588655727e-08,7.20269015349517e-06,8.72680838261457e-05,0.0219750175803492,0.06366492884948,0.000194171237793241,8.99570430658585e-06,0.89812059999954,9.6178674229769e-06,0.0159321674548693,8
"19935",0.000295425334877084,9.29871034147679e-06,0.00945269240132017,0.0895070617286871,0.0155421629687292,3.40713011708706e-07,1.46614513072106e-06,0.130274033858485,4.49690052110394e-05,0.754872549134206,10
"19937",3.95725990861611e-07,1.19007703170892e-10,0.0011666661909922,0.0316708941439875,1.21718799085094e-05,2.6345243133909e-06,0.00104166692168957,0.00142511992054044,5.93828241195986e-08,0.964680391190746,10
"19939",1.70733726903219e-06,2.59458394167333e-09,0.346967516739388,0.28055639175871,5.34895748423469e-05,2.46676077902939e-06,5.68066287219302e-05,0.00144542239001912,3.37004926933628e-05,0.370882495722993,10
"19941",4.25230237315792e-05,0.0931833387701482,4.01798091450694e-06,0.00233157785770136,0.031976078218608,6.10906917382363e-06,5.7455546071309e-07,0.859554904704339,0.0127787550146042,0.000122120805318343,8
"19943",2.72767410276653e-08,5.11362528494335e-09,9.30292154052206e-07,0.0532556996934512,4.07879741959267e-09,3.98203453197272e-09,1.95843722834275e-07,3.12056980743838e-06,0.946737084512323,2.9286373432267e-06,9
"19945",1.27685986100142e-08,7.02907807213924e-05,0.00271694133547443,0.0014406490858014,0.131291991831168,0.000577111547241701,3.45166220269467e-05,0.851398454479296,3.31413334106766e-07,0.0124697001363368,8
"19947",0.00778693193138288,0.00142371366097256,0.000135122609220044,0.011799327564268,0.00103446367926581,6.39079071653656e-06,4.88388969608731e-06,0.507298719793092,0.470349597182154,0.000160848899232022,8
"19949",6.56806105590672e-08,1.89231345625211e-06,0.889276917937776,0.000427229815810348,0.0207843735587642,0.000734104921248882,0.000146500803377388,0.00208772229598514,7.75664287497443e-09,0.0865411849163285,3
"19951",1.71028517792117e-06,1.43110597349263e-06,0.0423086224121154,0.853299796404525,2.74594897811667e-05,4.30588899792736e-07,5.53555238372379e-06,0.000823444413178722,0.0945553748770669,0.0089761948708976,4
"19953",2.6874103263575e-09,0.000111061597709908,0.00083992022549183,1.91914396954493e-06,0.0764024966935817,0.859756519720668,0.0426151198070773,0.0197777414147981,3.83386705535391e-10,0.000495218325906832,6
"19955",2.07657754434313e-06,0.0137947108083149,0.321237408140168,9.60145969887043e-06,0.149787387263504,0.0192690120897292,0.00155581659223762,0.493330585025816,9.37955575734686e-08,0.00101330824742926,8
"19957",6.82619178727486e-06,1.72258010258984e-06,0.000201041052991355,0.531199339232433,4.7850971577993e-06,3.62388285640033e-05,0.00623063874353525,0.0691339574555725,0.391345250790835,0.00184020002702176,4
"19960",1.04047242550007e-05,0.00164971047143932,0.00471380409053116,0.000106481168735629,0.257457323837396,5.90838694355327e-05,8.65828048481718e-08,0.735867673855068,4.12629632260475e-05,9.4168437107956e-05,8
"19963",4.18885473449493e-06,0.00754833125121944,7.70479945956008e-07,0.00113017178988055,9.50169499898403e-07,0.000967914385002263,0.0447953845765654,2.98911625109824e-05,0.9455212220937,1.17523694055524e-06,9
"19965",1.0151747898065e-05,0.0208630931470757,0.110797502464536,9.22340288251657e-08,0.834871969762119,0.000201247093107654,7.6142743671122e-07,0.0330770597652522,4.30388886900163e-10,0.000178121928157711,5
"19968",0.254028364538005,0.000113163519584643,1.45447357220307e-05,0.0415246306062576,4.10779195161857e-05,1.05388698189117e-10,1.28824229625596e-09,0.00152621083107583,0.701705296086981,0.00104671036922676,9
"19971",1.22107667963158e-08,0.000969141851861873,6.79561073011451e-06,7.78104993251424e-05,2.69544557499387e-06,0.000158416653032201,2.66915476266108e-06,1.31878656712316e-05,0.99876926712106,3.58721527469983e-09,9
"19973",1.53419013647389e-05,5.07395404496314e-10,0.000329467661252892,0.640226246223524,2.85284330930295e-06,4.97079695384178e-09,3.42829980710547e-06,0.00226475198269222,0.000114698622774112,0.357043206987083,4
"19975",1.43371096900314e-05,6.80018964973898e-08,3.50985235500458e-05,0.483970253304714,3.70826116092778e-07,4.39099589126888e-10,3.66185996947333e-08,0.000255798934004041,0.514965733382035,0.000758302860295014,9
"19977",1.69241659181729e-05,0.000150594771743275,0.00039460765806077,0.00292058769964648,3.26237436154409e-07,5.23342502488057e-07,1.03213288323599e-05,5.86571930561416e-06,0.996495813012777,4.43606377716852e-06,9
"19979",2.04244101651733e-11,0.0367122164390434,7.15783793771836e-06,8.10627772086463e-08,0.899790899840435,0.00397993917806375,5.50765950049876e-09,0.0595095795956764,9.54269077568006e-08,2.50910744167378e-08,5
"19981",0.000210050530527233,7.79803882345434e-08,0.000223494631134722,0.032402129447311,0.000229640472493081,2.11830106243277e-07,3.03613892807382e-05,0.653684368131238,5.48078858461168e-06,0.313214184798936,8
"19983",0.000138684535411041,6.05908699280114e-08,0.148883318882191,0.00611285416195536,0.00127289517858001,2.50051861077099e-06,6.04304375987756e-05,0.194781287183098,2.47781035135605e-07,0.64874772073065,10
"19985",7.07937725782756e-06,2.71775505091978e-10,3.08900341116502e-05,0.926373742822809,7.17993603363594e-09,3.70526683345246e-10,1.54809992970441e-06,2.40649101474381e-05,0.0701843934776395,0.00337827345586684,4
"19987",6.16914304936106e-07,7.05643055580122e-07,9.39194101200341e-05,0.561200568146674,0.00151116865129738,5.54273122480278e-06,9.77412448511496e-06,0.390776393857646,0.00142922938781716,0.0449720811333756,4
"19989",1.48802425119993e-11,0.000767184516841702,2.84540522715587e-05,1.67555304118554e-08,0.978870907025302,0.0109569022908604,2.60090550104563e-07,0.00937406505942686,1.37138798657899e-11,2.21018062321119e-06,5
"19993",7.18544499316534e-08,1.55788465642406e-05,0.767331245337751,0.137940650500101,0.0472153311313916,0.000176881131097599,1.95177397883712e-06,0.0280089082305262,0.000677029211658988,0.0186323519824809,3
"19995",1.52748853126304e-06,0.000681465195362248,0.0479373197457559,0.0624058530815304,0.296608515083637,0.000106087983219268,5.6233229088077e-06,0.553281248973862,0.000448679267931091,0.0385236798572624,8
"19997",1.19064944885647e-05,7.97974253802714e-10,0.00016349270435821,0.702723018905324,4.45499266875979e-07,1.09015191824018e-08,5.28334771106712e-05,0.000478854081904444,0.000212217967738227,0.296357219170316,4
"19999",0.000389489336194482,4.84396341790657e-11,1.17965083508138e-05,0.872829386778535,1.84550360702449e-08,1.45678702998172e-10,4.96344685609079e-06,0.000134295345146366,0.00141433494561792,0.125215714990145,4
"20002",0.29203912392634,0.0160196878242445,5.4090402730514e-08,0.000663261970104584,2.25464329794381e-06,8.5529314489047e-09,6.60928786055001e-07,1.0505388089136e-05,0.691250947351129,1.34953246746566e-05,9
"20004",3.15380061480617e-05,0.000292377414010608,3.39883513417901e-06,0.00603147816324875,0.0370592217395413,2.84225806459555e-06,5.99781285299865e-07,0.951622309582042,0.000139068055693568,0.00481716616483157,8
"20006",0.000556935705400024,0.00547508587330647,0.418450108870944,0.00020552476772286,0.0502645727906911,0.000317963634989807,5.03731693148205e-05,0.523618104369801,9.74154951740787e-05,0.000963915322655976,8
"20008",7.6227297382205e-06,0.0579561025087362,0.858346857690058,9.52631054806227e-05,0.0794633540031847,0.0005871514047666,6.04163503311674e-05,0.00149166066364872,5.25953233407717e-06,0.00198631201172175,3
"20010",6.59844479784649e-10,6.66370030826779e-05,0.450969006974332,0.000179906936791309,0.350935060271364,0.0325708462079667,0.000157188134192307,0.161040072772665,3.15994815887367e-08,0.00408124944028025,3
"20012",0.00747335253850267,5.30332351877042e-08,0.00158951564085318,0.744625588467921,8.77605652126129e-07,1.20938608151231e-09,3.42124998430512e-07,5.61771130970107e-05,0.23040766975325,0.0158464225131042,4
"20015",3.63908201465208e-08,0.00619362031040947,0.00075338839447564,1.4595987336547e-08,0.98856567191047,3.85323366907054e-06,7.73001033877641e-11,0.00448171041444266,4.47903566717249e-10,1.70422452223764e-06,5
"20017",0.00182933117348949,1.88914710115658e-10,2.7873792995764e-05,0.729206132102945,1.39775747278189e-07,5.21084120561066e-10,9.1763214184004e-06,0.00128012301496052,0.000900596804346172,0.266746626304099,4
"20019",1.84740693617605e-12,0.0303505701025866,0.000220177540243204,3.75412870286036e-10,0.950103451753749,0.017628888991913,8.16476974286086e-09,0.00169689816954358,1.02574219350281e-10,4.79736083561026e-09,5
"20022",6.8764448216161e-10,3.89503535591947e-05,0.00348248530536207,2.37909211423828e-05,0.249812366064248,0.00132262395342149,2.34763192884733e-06,0.744944722128954,1.05982893687907e-08,0.000372702355450157,8
"20024",2.1921540609237e-09,0.0139541886079544,7.75063900004928e-05,7.48697013976902e-09,0.126551739632624,0.855683609732842,0.0001956037465912,0.003536939067085,7.83568993755645e-10,4.02360208967321e-07,6
"20026",2.1921540609237e-09,0.0139541886079544,7.75063900004928e-05,7.48697013976902e-09,0.126551739632624,0.855683609732842,0.0001956037465912,0.003536939067085,7.83568993755645e-10,4.02360208967321e-07,6
"20028",1.99035973747513e-05,1.43878070754495e-10,2.36627743456599e-06,0.954062826680041,1.76821194468573e-08,7.20993998372373e-10,1.29014706208347e-05,4.76330313703331e-05,0.00258665699360698,0.0432676934025603,4
"20030",1.17262827852899e-06,0.147780496835912,3.87453312775724e-06,1.23853121733444e-05,0.557892993781278,1.39701843296004e-05,2.93263564741596e-09,0.294263277356758,2.62153948019568e-05,5.61104070475658e-06,5
"20033",3.9615006411394e-06,1.04698496519126e-08,4.61348086939514e-05,0.965139285840386,7.45893971560081e-06,4.54308478026551e-08,2.07756028701493e-06,0.00985812284658294,0.0069023023883209,0.0180406002146747,4
"20035",4.44478064721305e-12,0.0032018910027987,0.000278271452178805,8.61620737458854e-10,0.972146747576377,0.0228837274868098,9.87432124304031e-09,0.00148933631736221,6.65025083674736e-11,1.5357584104615e-08,5
"20037",2.28891665772036e-10,0.00762712896983482,0.000379238638806261,1.07745977640292e-10,0.990056988459465,0.000688218660250933,4.95364762526305e-09,0.00124829591083229,7.33941687802161e-13,1.24069791911507e-07,5
"20039",8.58136616620895e-13,1.12864829724795e-06,1.2188960244205e-05,3.9789909076162e-11,5.39360481793532e-05,0.99813680461011,0.00179572289684922,2.11992445700012e-07,2.54133554754224e-13,6.80297231318839e-09,6
"20041",4.65069952418735e-07,5.50759221078031e-07,0.984001330617519,0.000278181371497955,0.000365077034311896,0.000110661659389311,0.000179774642051741,0.0131539339724085,8.41178557901221e-07,0.00190918369509045,3
"20044",2.96466632428929e-06,5.17835928792337e-06,0.890145279906957,0.00543862509679841,0.00290415471733441,0.00142511073840489,0.00070155026453942,0.0953066231696413,0.000102921049912853,0.00396759203079963,3
"20047",1.45516791170458e-12,0.420249903427504,9.81512119746713e-06,7.45004522606564e-10,0.505823761712163,0.070057648022524,3.50661678211373e-08,0.00385883050121584,4.80115596800548e-09,6.01612685695764e-10,5
"20050",1.57901903453845e-11,1.94909636499817e-05,0.53217037059136,0.000202512222328558,0.0255015959213481,0.439030549841876,0.00148075494405058,0.00129307524044956,2.58401790291509e-07,0.000301391857357199,3
"20052",4.27830689413664e-08,8.78777864416016e-07,0.0169426551799796,0.805363466254478,0.000553530046291252,8.64216335888075e-05,0.000530835858991242,0.110138818144717,0.00122686786025775,0.0651564834607632,4
"20054",3.04221951443939e-06,0.0016715440112078,9.19645155946609e-05,3.69643431067454e-06,0.305200043288074,1.23001960407113e-06,8.23817872591307e-10,0.692996658965547,2.24046341703313e-07,3.1595675988158e-05,8
"20056",8.50556031513511e-08,7.55140072162239e-06,1.26022936505528e-06,0.0570156793700184,3.67456050722129e-06,1.33948373856843e-07,1.91600077824174e-07,5.30429498792591e-05,0.942904751020397,1.3629865056875e-05,9
"20058",2.78306570804829e-10,0.000832496499542489,5.89656181930782e-05,4.49192683973455e-09,0.985973464578662,0.00223814127323848,9.34022101338232e-08,0.0108933438560378,2.78433075933173e-12,3.4899990984943e-06,5
"20060",3.6005211697022e-06,2.41256283631437e-09,0.000624027346159827,0.13846067231897,7.4497949165874e-05,4.26484963141977e-07,3.01851500068729e-05,0.00202350155616025,3.00814345826104e-06,0.858780078117383,10
"20062",4.62084482603601e-06,6.70395828312306e-08,0.15719568971214,0.0400580445315531,0.000875651047838571,1.02405221267179e-06,1.28439645270563e-05,0.00847665064660485,1.21721333308215e-06,0.793374190947382,10
"20064",5.32282140392366e-09,4.11313218245938e-05,9.44618147602015e-05,0.000934384466118705,0.089331822920039,2.57761059608096e-05,1.45157533635822e-07,0.908893593321619,2.37846202288459e-06,0.00067630110729949,8
"20066",1.00735106923688e-07,0.0886310129838306,1.89331787438896e-06,4.0147676088343e-07,0.849497388837105,9.39710934681619e-05,7.73475532052869e-10,0.061773029859727,2.01985076436984e-06,1.81071886661823e-07,5
"20068",0.000243894209507665,1.06579291519794e-10,0.00194756939080438,0.0164926660212968,9.70353525898566e-07,3.91230100576948e-09,2.46971828309727e-05,0.000256257851770828,2.59603807762038e-07,0.981033681367575,10
"20070",6.64366951858479e-06,8.64039978455758e-10,0.00417739406351068,0.0158896446701165,2.05993156900664e-06,1.16130147919892e-06,0.00763849931615084,0.000253113945868137,1.23277453384658e-07,0.972031358960294,10
"20072",0.00145832406354363,0.00507029184151805,0.00493054672352699,1.39330552649798e-07,0.93150787136989,1.40740196135649e-05,9.30672520226102e-08,0.0563004010423042,3.55041526589579e-10,0.000718258186757727,5
"20074",6.62034213552292e-05,4.96396647566725e-08,1.49586015141964e-08,0.000463982097435223,3.84866157617239e-11,2.27397321859188e-12,3.08215068195066e-09,1.38180562884445e-08,0.999469651707545,8.12344304489271e-08,9
"20076",0.363031828978953,0.000249118598979218,0.00016616209959138,0.0600271848578376,0.000137293175806131,2.1276165983567e-09,6.07669960650011e-08,0.095319454379332,0.478131612644337,0.00293728237055049,9
"20078",3.12278674245085e-08,0.000430691803130402,0.00103016172688516,0.00055933153026599,0.062067355647617,0.000436006933760291,4.27561408099071e-05,0.933500492614284,1.63677733886115e-06,0.00193153559804112,8
"20080",6.83461901807538e-13,0.00258965424416303,0.000123796389421028,7.78023055244877e-09,0.982207935378128,0.00770123263997462,7.35581792636398e-09,0.00737732153282232,2.5267989652215e-10,4.44260790861671e-08,5
"20082",6.91458052686152e-14,3.13577483486271e-06,1.64163666250207e-06,2.77443440431088e-08,0.000324528240481974,0.998529737269383,0.00109007887639278,5.07966131188978e-05,2.15039576030532e-10,5.36296733711057e-08,6
"20084",6.48612401158484e-09,0.00659412702049442,0.000142264795074881,0.00297945753915647,0.0196389228327007,0.00303670161411087,7.19812314256267e-05,0.964961665409707,0.00252651911134008,4.83539598656341e-05,8
"20087",5.54927505665022e-06,0.00138990486837346,0.0432945863072643,4.42486517373011e-05,0.559345418762515,0.000197335582279817,3.36173924202997e-05,0.356465035126999,6.48469467099941e-09,0.0392242975486589,5
"20090",1.57557659247402e-12,0.000976058500147485,0.0455389568809802,1.10771241196172e-07,0.838490678181895,0.112410783188283,3.87302926822687e-07,0.00258234220648867,1.40527222223905e-09,6.81561190227797e-07,5
"20092",1.38416145439669e-05,7.70587659059754e-07,0.0181541699344591,3.02284726302693e-06,0.000217119357821502,0.00430592404620469,0.948201411333316,0.00323792588606078,6.46054549611878e-11,0.0258658143280661,7
"20096",1.81437915794638e-07,2.13607118325787e-06,0.0147241680486191,0.0185659679492629,2.82150094586967e-05,0.00352381390638922,0.935013150702356,0.0164256372779191,9.07159276655222e-05,0.0116260136692303,7
"20098",2.6777359823571e-07,8.47425074504941e-10,6.69730265135627e-05,0.984316655824535,1.34935562919578e-06,6.61480471617247e-08,3.67259333020673e-06,0.00106262169544768,0.0038319615135018,0.0107164312219721,4
"20101",1.46904602526459e-10,0.041670932858474,0.000893352690196113,3.73802921125147e-05,0.69089401379869,0.011749434165364,4.31709082869733e-07,0.254719790422197,3.28310416917231e-05,1.83287528781233e-06,5
"20104",0.00424279608899889,8.09578459372445e-09,1.19421053919641e-05,0.000340103008044814,1.29596700252448e-08,3.58506978475593e-06,0.988084728597649,4.61363349059561e-05,1.49172906603453e-06,0.00726919601070359,7
"20106",4.26622702880241e-10,0.000692441130310968,0.00821121905229311,8.66631781071249e-05,0.820363596823443,0.000244950381489638,7.97389439932588e-09,0.170373659006556,3.46683602998853e-06,2.39951912535283e-05,5
"20108",5.44542630469507e-05,1.342075064692e-08,7.86896414755652e-06,0.756128048601412,8.30991645181608e-06,1.24480355913524e-08,8.32379107233325e-06,0.00701959442724657,0.000550678814626667,0.236222695353209,4
"20110",1.2468477665416e-08,3.8455524544386e-06,0.474135597966726,0.369517172877976,0.000124297079463564,0.0119509259578789,0.121355888431247,0.0041961341427824,0.00893935364957225,0.00977677187342198,3
"20112",8.70861647770821e-10,0.000233837314920347,0.370909034126366,0.000341976222975565,0.583963233800346,0.0200758264601303,1.45541389649984e-05,0.0231148796729493,3.3579128782145e-07,0.00134632160119768,5
"20114",3.26926549838774e-08,0.000184789656613236,4.02677567540399e-06,0.00920677604467142,0.00665437241096299,0.00010140820125173,6.48388481116903e-06,0.981770225186918,0.00192354289141139,0.000148342255029631,8
"20116",2.52076458390687e-06,0.00259759091810667,1.61411142435561e-05,0.000858276559035805,0.0231563970644146,1.08767883582724e-06,6.44428050616481e-09,0.971594480975449,0.00174214800140392,3.13504796462025e-05,8
"20118",1.0785446572125e-07,7.4562533180128e-07,0.000125472933779971,0.301774193882289,0.00058133443008555,1.03158200680876e-05,2.36856137633787e-05,0.685103259052075,0.00147930866503542,0.0109015761231063,8
"20120",5.5040387938854e-11,0.000237143092232043,0.00911430231043831,0.00239439740486025,0.521289351571271,0.14824220652593,1.50609670588174e-05,0.318538505099771,5.52592530085822e-05,0.000113773720389277,5
"20122",4.07211810837475e-06,3.98705395864052e-08,1.89303051197247e-07,0.0333436403706121,1.24931771794138e-08,1.67692243693164e-10,2.07109060700843e-08,5.09092458475719e-05,0.966594096286876,7.01943318932181e-06,9
"20124",8.60361140070211e-09,0.0195650257515974,0.000847659441151273,6.87889299188665e-09,0.851327987295246,0.00644259015671223,2.9577627335286e-06,0.121809356689514,3.59624381164134e-11,4.40738457967235e-06,5
"20126",6.23642449335466e-09,0.00114691093701138,4.850222002755e-05,1.20978677574745e-08,0.000434236643847319,0.953710206297096,0.0426428148762383,0.00201722648928434,1.69844433242669e-08,6.72177591870333e-08,6
"20128",3.58621346465954e-12,0.0712177644190107,1.92405075790012e-05,4.02989109531093e-12,0.0182168109855423,0.910489655200171,1.05958575923131e-05,4.593287360202e-05,9.89158989451254e-12,1.38995195220142e-10,6
"20141",5.56362414672256e-06,1.20335799314925e-09,1.62346903885757e-05,0.22661349865849,8.05181964879223e-08,4.66534037769348e-05,0.755522283302711,0.00194478853275679,0.0014618933572133,0.0143890027089621,7
"20143",8.14042077435557e-07,1.16545508695297e-08,2.07384541121122e-09,0.000579722204918993,4.97509588413833e-11,7.38363185091535e-12,1.44594851471454e-09,2.08582840736734e-08,0.999419408971539,1.86917006172982e-08,9
"20145",4.14928709384829e-11,2.46979361931416e-05,0.00606667553690374,0.000199787258355251,0.616581314991147,0.0103489835479727,4.29207486099289e-06,0.366192428470133,6.08782616857481e-08,0.00058175926468052,5
"20147",5.70845921944398e-10,0.000118194474167656,0.000277731900596564,2.12758378645946e-05,0.227491457886289,0.000138304489929051,8.38345673559007e-08,0.771896215644313,6.48076379012788e-08,5.66705537888996e-05,8
"20149",2.12750036243922e-06,6.97260883525085e-09,3.21583102112643e-07,0.038248765816847,9.99335284666513e-10,1.56184807026427e-10,1.80396411491553e-07,3.86442583238466e-06,0.961738040481862,6.69166745354583e-06,9
"20151",2.88776634412458e-07,2.15711091811905e-09,0.00011996921610974,0.963663227614334,3.98366661214345e-06,3.59013110879515e-08,1.9674916514891e-06,0.000726900477100662,0.00128369737495265,0.0341999273241828,4
"20153",1.05725124999744e-09,1.0437423396635e-07,0.00108810375227969,0.972710979303477,1.60268582689645e-05,0.000313432291080645,0.00122187616589183,0.000621602599059273,0.0217768248353654,0.00225104876309153,4
"20155",3.610066763871e-09,0.0006336196113254,0.0664495303155594,1.08650371214918e-06,0.707530897040276,0.000456892309460233,4.41386741628526e-08,0.224910205607977,1.10961988046391e-08,1.77097667494897e-05,5
"20157",1.50658462836474e-07,2.21372295498648e-09,6.49365933267681e-06,0.981753029319315,8.07990390586856e-07,6.46806519779686e-08,3.50679345807692e-06,0.000147322440905645,0.0133986259264193,0.00468999631734099,4
"20160",1.12965273772837e-07,1.42675880926461e-08,4.5186178832399e-09,0.00137774998320047,1.73136616516007e-10,3.90851366904849e-11,3.14407205499871e-09,7.3013350269955e-08,0.998622008367145,3.35285304171687e-08,9
"20162",3.55670162260907e-06,6.88882693647392e-10,1.73559431056206e-07,0.203722963547274,7.86611294398565e-10,6.29893577521383e-11,1.1213467405656e-07,1.76168897664172e-06,0.796224554953739,4.68758757997204e-05,9
"20164",6.12195477598495e-07,3.15395438084918e-07,0.00100673760552725,0.662085120828804,1.70970281868812e-06,3.72913031840662e-07,2.00980389469595e-05,0.000126010119325603,0.335445517303287,0.00131350589734296,4
"20166",3.16878750537978e-05,0.705141258561625,2.85502258291937e-05,7.76616809260798e-06,0.264234106722839,3.12683085196982e-06,1.2279822198984e-09,0.0302244507863175,0.000327246847134977,1.80475427457813e-06,2
"20168",0.734896771432162,0.264247906711142,1.64830682698419e-06,1.05600640770694e-06,6.47785330399405e-05,5.74086110478707e-09,1.47056082802932e-08,0.00011569882330349,0.000670444620826693,1.67511982157063e-06,1
"20170",8.76555965600741e-08,9.94362448477967e-10,3.12480380421112e-05,0.98366692190665,4.81510071545222e-07,1.98625617933274e-07,4.69265778574103e-05,0.00312193646675459,0.00673946213646744,0.00639273608857983,4
"20172",8.66257965582354e-10,9.03411781017183e-06,0.000785553304330437,2.66262335949182e-06,0.542379425063492,0.001434929719669,1.5844489961875e-06,0.45479882899012,8.93107425046872e-11,0.000587980776653363,5
"20174",0.159123159272778,9.78007743423234e-10,5.72707793904259e-06,0.728819715266981,2.39046966088428e-08,2.92237156059233e-11,1.52083221187801e-06,9.98566514082996e-05,0.02175912209281,0.0901908738939443,4
"20176",0.999795151064786,0.000135670527216969,1.59405549819259e-06,6.09373875919964e-07,4.79174352714878e-06,1.26859032059309e-10,8.98118768026741e-09,1.10551907097824e-05,5.32633867075665e-07,5.05863024720942e-05,1
"20178",3.87983165300263e-08,2.05526734089931e-08,5.37867295375018e-09,0.000704649201572388,1.8068568961039e-10,9.35308167433009e-11,3.1711070104932e-09,4.68650150719027e-08,0.999295224226269,1.15321576372653e-08,9
"20181",2.31038035304943e-07,0.165494338012855,1.2824613174391e-05,0.000122302561723634,0.413374854922228,2.84308512214666e-05,1.91136532814424e-09,0.417706439225963,0.00325893513477143,1.64172866197161e-06,8
"20183",4.15401508809871e-07,1.90771201278152e-09,0.00163183928647778,0.0134836447529647,0.000245233395388616,2.92173848649388e-05,0.00227103941472154,0.0331487366088304,2.74772703559254e-08,0.949189844370261,10
"20186",0.000100719543190511,2.70216592103723e-08,0.00269873784194811,5.86453875512343e-05,0.000560378236521512,1.28877798497356e-05,0.00222260968188902,0.00302671600281184,5.20360034589408e-11,0.991319278452543,10
"20188",1.24957284636437e-07,6.76278009814024e-09,4.92608595214761e-08,0.0149097197453659,5.22511630355301e-10,1.52258054651764e-10,2.68030879510069e-08,1.49792773368283e-07,0.98508908983935,8.32163729351911e-07,9
"20190",8.15976057586545e-10,0.00118587800999962,5.8053483724563e-05,1.80793444246891e-07,0.981169522596003,4.5362359783687e-05,3.63388121608264e-10,0.0175397302211257,4.73321792426178e-09,1.2666233374026e-06,5
"20193",0.00396122671899358,0.0640206285814817,3.80181453578684e-05,0.000260981850923734,1.61206474493214e-05,8.89174694952105e-09,9.55039337903396e-09,8.16446530598981e-06,0.931693410781523,1.43036682481146e-06,9
"20195",2.9434093423112e-07,6.71405032065663e-07,0.00234834891653621,0.9073568989762,3.20520427604641e-05,6.22473177369424e-07,2.26805973598207e-06,0.000971842028537385,0.0856903513334671,0.00359665042361934,4
"20197",3.59641964683167e-09,9.78795028217857e-05,0.0155046350655092,2.96011299139389e-06,0.73706791102354,0.000623481186612656,5.47826009210806e-07,0.246197839456521,4.12789466149296e-10,0.000504741816785937,5
"20199",1.62067005800087e-07,8.02118032181906e-10,2.48339383126527e-05,0.850997611042528,1.23590462746178e-08,2.25806425633131e-08,2.23478084388807e-05,3.77900089560014e-05,0.148190928335643,0.000726291057309091,4
"20205",2.07417183817666e-12,9.30062583945729e-08,0.000747765255427133,6.13300560360592e-08,3.44243355758291e-05,0.943147548941913,0.0560620070622589,6.27838737604804e-06,3.09261175370851e-11,1.82164813428541e-06,6
"20208",8.72314174716445e-06,2.67857828875692e-08,0.00160358282344427,0.787128301930508,8.83086328415423e-05,3.47318059057916e-07,6.3686380935902e-06,0.0101156581107541,0.000478117173931004,0.200570565444838,4
"20210",1.09378094556371e-06,6.58387186624358e-10,9.87543991512459e-07,0.532239445900486,4.32772876509858e-09,4.98447772445834e-10,3.42315353885422e-07,6.91311194381247e-06,0.467574381538205,0.000176830324510356,4
"20212",6.30271961300496e-07,3.32877066117806e-08,0.000107644505617774,0.90192178013372,1.30541721007697e-06,5.7452165183568e-08,1.33991582441696e-06,0.000168455679417977,0.0957504448151358,0.00204830852124064,4
"20216",1.51690383228546e-08,0.000132081013973329,5.56363432107331e-05,8.00240950773336e-05,0.268621283954363,6.57790406400282e-05,2.33364945712106e-08,0.730983637076518,1.60227116470981e-06,5.99176995201131e-05,8
"20219",9.47756373103865e-11,0.000751434321020228,0.0149012061790886,0.000368011021368692,0.0698413050121782,0.76498622435111,0.0129268805712957,0.135866372338133,1.76566841144346e-06,0.000356800442618005,6
"20223",0.00010476699161049,0.372112184980482,0.00078022970066747,1.20046621279788e-10,0.626497918724965,6.72188906746734e-05,4.74014315254453e-08,0.000434921621171178,5.42854108212619e-12,2.71156352340551e-06,5
"20226",8.03002360735588e-09,1.53560872516816e-07,0.987730811188701,0.00402885118253056,0.00053199272939988,3.62808943127372e-05,1.10663882331449e-05,0.000610877363677615,2.30857448389067e-06,0.00704765008776499,3
"20230",3.91501553693066e-10,0.00269494592454332,1.72654441752612e-05,1.93684765900285e-08,0.991075531890801,0.000228989040069546,1.72695270050542e-09,0.00598270961354644,2.93752437154607e-10,5.36306180900175e-07,5
"20233",4.86102076830047e-10,1.65391833300802e-10,1.21178534546004e-06,1.83685083244683e-06,3.51471065650951e-10,0.000179628610081627,0.999813313328618,1.15749735664285e-08,8.47441459133559e-09,3.98837276952886e-06,7
"20235",2.36649682027635e-05,0.0399037053689326,0.11677217610515,3.72202135665962e-08,0.75405237956131,0.0366280444676651,0.000485821147030317,0.0518149011138244,8.05439279133474e-11,0.000319269967127617,5
"20239",0.000950157930642153,0.0246737101135639,0.190471039003688,1.29902847574668e-05,0.365807252861022,0.000131851671392378,5.20294115105596e-05,0.401123218146538,4.48414664299695e-08,0.0167777057354192,8
"20254",6.46652761173837e-15,1.66308019858439e-06,7.37765123954415e-06,1.2147643423617e-09,0.000435210079190151,0.999333048459678,0.000207814204180825,1.48783609713926e-05,8.36133878478566e-12,6.94140939149064e-09,6
"20256",2.20311266702973e-08,0.00139322874054508,0.000158682933861965,2.53562716164646e-08,0.564010161061507,0.000469850658460708,3.32670183675308e-07,0.433953999523667,4.17481732048437e-11,1.36969826282929e-05,5
"20262",1.19500582769095e-07,8.00300553883965e-10,8.00125140244972e-06,0.976925159618253,2.57782682093098e-07,1.36813751085227e-08,1.45415754999881e-06,0.000481961649536085,0.0201224888925512,0.00246054266576664,4
"20270",0.000933733638139201,0.203488822358653,0.000185058077923887,0.00341911655651728,0.724422005289456,1.06247200016929e-05,1.53808360478684e-07,0.0613439590508601,0.000757775908667109,0.00543875059142181,5
"20284",2.16810691970189e-08,1.79941739646037e-07,0.0314900837225899,0.0153071232074431,0.00288736329971777,0.066569510604099,0.405512064815404,0.00566500351189378,1.34931270710001e-07,0.472568514284773,10
"20287",1.37277715973219e-09,0.0623322810806187,0.000580049522483597,6.85301514925086e-11,0.936406038901805,0.000236831379778049,6.12907027411294e-10,0.00044476438138649,6.30889079075689e-12,3.26734049700248e-08,5
"20290",6.27821602117058e-12,1.52256753666572e-07,0.0043007612385507,0.000311837838947856,0.000482777670319212,0.966345443842917,0.0282758861222233,0.000179426906872435,4.32724377982067e-07,0.000103281392759334,6
"20293",7.54532963324107e-09,1.7717961461661e-06,3.36001666941908e-05,5.74260828711094e-05,0.0158232207593512,0.000125642268522625,7.91852591208248e-06,0.98305633218206,1.02733301889564e-08,0.000894070399783232,8
"20296",0.0150777468205315,3.93328127962809e-05,0.000230050324464955,0.628853835333331,0.000212826218121356,1.7247512999369e-09,7.53930503328655e-08,0.0744873812283686,0.244335162989114,0.0367635871554714,4
