"","V1","V2","V3","V4","V5","V6","V7","V8","V9","best$classification"
"19811",5.72957249844267e-09,0.00191132680824739,1.4993314979361e-18,0.889482445950763,5.66067790324126e-23,5.32837254681198e-11,2.05391309710038e-06,0.052873885716047,0.055730281828989,4
"19813",1.14308667402464e-05,0.0505180157473035,3.08050871274395e-28,0.949470553232372,6.15742190110908e-84,1.76246907543237e-28,5.32675488046968e-56,2.00258540188852e-31,1.5358393890908e-10,4
"19815",3.83005272888333e-06,0.000420644847188323,3.37093073039164e-08,1.04916156661156e-10,1.11627973786156e-66,0.0191586406091213,1.39021023770996e-12,0.133193882355322,0.847222968320026,9
"19817",2.0466308867723e-11,6.56756182751741e-05,3.27288387340455e-13,2.96668553277197e-07,4.09012599073577e-24,6.54980503346612e-05,0.000104013050058595,0.976870599080744,0.0228939175112406,8
"19819",0.0903382651794828,0.000268845262286426,0.434844383157234,2.1777433200582e-72,8.49086211570068e-107,0.474548275037486,2.70190437872114e-47,4.53759428495678e-75,2.3136351053029e-07,6
"19821",4.15790215039655e-05,0.03832263965707,8.02745413024232e-13,0.818931083505489,3.14154820195012e-17,2.09758865341152e-12,2.750588345946e-07,6.96723315458654e-07,0.142703726030887,4
"19823",2.81253064446056e-05,0.0100707364280948,7.89339854606668e-16,5.04143688159075e-30,1.51869745240928e-75,0.989852223585166,5.52724990355794e-25,1.3287041038673e-07,4.87818098828171e-05,6
"19825",0.998700118665266,0.00129988133469807,2.93211742928691e-14,6.01665051737212e-24,8.09783266005728e-43,2.31515358672777e-25,8.25616651258566e-32,5.20875427354685e-79,7.04189839829175e-15,1
"19827",7.73307595743102e-06,0.00082754496173122,1.9615963295141e-09,2.53188906639399e-16,1.45443974130115e-07,0.000167260974171984,0.98570184590941,0.00888240427669935,0.00441306339645975,7
"19829",5.18530528711362e-05,0.753110717301424,0.118700299674244,4.02282806227066e-23,3.28761599668794e-24,2.05448223534038e-09,1.12893829326448e-17,4.19131594783032e-45,0.128137127916978,2
"19831",0.0179140440813065,0.0504095622595052,0.905898937383545,5.01658737165205e-45,7.84946976269266e-163,0.0257774314580356,2.66321013513111e-73,1.56359048011624e-70,2.48176081662729e-08,3
"19833",0.00021237095997051,0.999787526874748,6.89311961883646e-40,1.12089800616745e-71,6.41331428775786e-132,1.02165281729283e-07,1.48444846879078e-129,8.24325761631983e-122,1.62504206183335e-31,2
"19835",4.15790215039655e-05,0.03832263965707,8.02745413024232e-13,0.818931083505489,3.14154820195012e-17,2.09758865341152e-12,2.750588345946e-07,6.96723315458654e-07,0.142703726030887,4
"19837",1.70345938511194e-07,7.42866613970546e-05,4.4859351777463e-08,2.73424290165925e-10,2.47883667856518e-09,4.37627954172997e-06,0.865102047982541,0.116938383204849,0.0178806879141206,7
"19839",1.97279048007929e-05,0.996560547169065,0.00264884611821867,1.99177411142534e-11,1.33418995670198e-21,2.60129222632593e-18,4.28099714759988e-12,4.56803798014934e-49,0.000770878783717036,2
"19841",0.00606145267165675,0.0202544945055346,3.89905647114391e-21,3.86710249002649e-13,0.97368405054935,1.7994811368149e-29,2.27307179917654e-09,3.77972648363616e-66,1.098828534606e-17,5
"19843",0.78580318342463,0.21257289235083,0.00162370816246087,1.55727906533386e-15,5.40703803207623e-170,3.35466797945642e-22,9.04279498215152e-84,1.9419635606037e-98,2.16062078215912e-07,1
"19845",3.31094934148357e-06,0.00160522140706113,1.27632328138903e-30,0.998369223046571,2.18684887497014e-89,1.05965655409945e-16,1.09552398462526e-42,7.65652619655246e-13,2.22445962601552e-05,4
"19847",0.00200039161189232,0.00426543235892297,1.46227703214358e-09,0.00109419214357857,3.18926874918e-96,3.21966216769482e-07,3.16288347993548e-23,6.54327719018577e-08,0.992639595024341,9
"19849",3.18660870724172e-06,0.000857996349262316,1.22065940356093e-35,0.999138817040297,2.85866994442141e-83,7.28447642952878e-29,1.31038072579118e-52,1.21937688383517e-25,1.73303234584251e-12,4
"19851",1.77059885176061e-08,8.95728037248092e-06,1.03056848843295e-16,1.04192198284202e-08,2.12889350744321e-39,3.8005320651753e-05,1.65289289783855e-06,0.995962160304434,0.00398919607643524,8
"19853",7.47760705369534e-06,0.87307106605367,1.32945238853832e-38,1.01849790899574e-06,3.21747696896462e-56,0.00672321340280482,2.59130119247126e-26,0.12018065010393,1.65743346316091e-05,2
"19855",1.79534860644861e-11,0.00237473366805366,5.69835875218668e-26,3.8227052755035e-05,8.05337580883753e-20,2.19389203926971e-05,2.5743591627128e-09,0.991109014623193,0.00645608314329292,8
"19857",4.67396973787674e-10,0.0236875630745535,3.45434279362491e-08,0.0845596023156873,7.91315264034847e-19,3.09505107847855e-11,4.05917028387698e-08,1.39060358069625e-05,0.891738852940474,9
"19859",1.4210702053563e-09,0.0248722437167919,1.16445867500303e-08,5.37324377517364e-09,3.93944850107691e-18,0.000935219607190863,0.000676380291245658,0.16632676474345,0.807189373202421,9
"19861",1.72949209919905e-06,0.00326755567628046,2.53141085006564e-21,0.452762737444026,9.33062583300736e-48,1.06004563522178e-09,6.15438492148433e-14,0.51172818277039,0.0322397935570969,8
"19863",1.24288312381404e-06,0.00703446970185497,1.43881740922877e-43,0.992964287415021,2.10707633835724e-16,6.5786676619447e-42,3.69224831565349e-28,5.93121184342001e-44,8.09317773297799e-21,4
"19865",4.21322602514889e-08,0.00351348152887018,1.85162233440453e-18,3.12977168761576e-08,0.771608523208408,1.6486467385411e-15,0.224877588372035,1.11268212047445e-12,3.33459594764691e-07,5
"19867",0.00218873540697179,0.00023953064470497,1.46156335953057e-13,0.00912534193614393,8.64260927746258e-101,1.31002996336558e-06,4.98541065121096e-24,0.000512140254687688,0.987932941727382,9
"19869",1.21292712374303e-06,0.00730331295117887,1.26430564590747e-36,0.99269544238584,9.14184709963802e-28,7.03553514870306e-22,8.70397730418345e-19,1.70075913233216e-09,3.00350978735285e-08,4
"19871",6.48305099606649e-10,0.00355388834395087,8.82869268896172e-07,4.00801843476305e-12,8.14665703908753e-10,0.000840757249942371,0.0168170111951167,0.494302675677909,0.484484783196833,8
"19874",7.2745422166047e-09,0.0474463255234702,2.19206869741815e-18,5.95901025368681e-08,1.54768479914181e-05,3.81537521968842e-07,0.00297796192037044,0.948198792638959,0.0013609946670424,8
"19876",2.15825670247704e-10,3.82764157101597e-05,3.9401193172734e-24,0.00025364789881459,1.73447275782206e-07,2.29082279288648e-11,4.3573362374889e-06,0.999679509944599,2.4034718628769e-05,8
"19878",0.0109336716299246,0.0987945552283902,8.56029420021059e-09,2.67325492535332e-17,1.88806362834685e-86,5.50835642377185e-09,7.61060178886857e-32,1.57028385450891e-51,0.890271759073034,9
"19880",6.17108459336185e-09,0.00153481453727328,5.37032876109791e-28,2.03609325358334e-07,0.523747994600556,1.71801019533645e-17,0.47471698094385,3.00436169263435e-13,1.37610447251052e-10,5
"19882",7.48587815234368e-06,0.0129742393670415,4.19530150056476e-29,0.984521528930505,5.29529790502467e-53,1.94209878028467e-12,7.89432146273137e-25,2.88050446935871e-09,0.00249674294185448,4
"19885",1.29003493393759e-08,0.000763640026399108,3.29488575367936e-05,0.000115783097974445,3.17163642607333e-26,5.17316219371057e-05,0.00124973718137831,0.623828940338803,0.373957205975622,8
"19907",0.000759184503427741,0.00424572474066575,1.98338988830495e-20,0.590383076786064,1.59654845653385e-79,6.72559761134086e-09,6.82127714534344e-26,1.69481658387623e-05,0.404595059078406,4
"19909",0.000209734182846261,0.00182778487906408,0.921632896936613,2.48609767001709e-13,1.08088915543045e-77,8.61391043717321e-09,4.2015557834628e-29,2.6064894205695e-31,0.0763295753873178,3
"19911",0.000137988675465444,0.0945656944385992,0.901456546986323,1.74524515024752e-21,1.84307672248193e-27,2.11410117812078e-08,1.23008247933393e-14,3.93432138504085e-33,0.00383974875858861,3
"19913",6.41848221699851e-09,7.26957211880709e-05,5.19848413558667e-26,1.39076732716466e-17,0.999927297516889,1.18316485516098e-22,3.4344096399283e-10,3.17756998107734e-33,1.08215591808332e-18,5
"19915",5.3836930899353e-10,7.1760834653019e-05,8.08174444299731e-19,1.27056744431225e-11,9.38151354690812e-06,4.63307236051757e-07,0.999746296960885,1.76170906521117e-05,0.000154479741951634,7
"19917",9.49753144163975e-10,0.00972863200660107,3.10040476032305e-12,7.3513005364251e-11,0.000629163041123306,5.30182747965337e-11,0.989589786380145,1.23689390551949e-11,5.24174803770265e-05,7
"19919",2.19454755302791e-11,0.00100971748763681,1.39527049458928e-11,1.33743861516552e-10,9.69453696209585e-07,4.85948661714674e-05,0.950979288430943,0.0232723880863395,0.0246890415055704,7
"19921",6.89327239022848e-08,3.01869250590279e-05,1.59491245039017e-13,0.000189444161866454,1.71950857039404e-53,6.63036486805485e-06,1.1997791391915e-10,0.960299230856518,0.0394744386388271,8
"19923",0.00014812299419348,0.0140686745997953,4.3606341081029e-11,3.03521230077413e-15,1.77781732678071e-112,0.000186114055429376,2.64202984125547e-32,2.79275114470225e-20,0.985597088306972,9
"19925",1.26870709266356e-09,0.000689074464565198,7.53649157858824e-17,2.44298936081936e-11,0.00211520132396594,5.01128792201700e-09,0.997129491706851,1.348806045385e-07,6.60913195882295e-05,7
"19927",3.71530829407239e-09,0.000413896467001127,2.70714476553718e-13,7.86135947710696e-05,6.63230972696387e-36,0.000690628807823197,1.41342555964004e-09,0.745613268425595,0.253203587575806,8
"19929",8.48311045797456e-06,0.0311818993703711,2.90572464668807e-38,0.968809617212741,3.06429876655389e-10,3.10802666891605e-39,3.08478761036185e-23,2.03724353183386e-31,3.98309433620558e-21,4
"19931",5.6477371802824e-06,0.000908302288421069,7.01774491640039e-07,1.32645317800462e-08,1.54011186907989e-40,0.00157993267698769,7.37065418881099e-07,0.00136526059750788,0.996139404595461,9
"19933",0.00115497228754512,2.34138786461505e-05,0.524743323446771,2.84375055182987e-19,8.55199115137917e-44,0.000760073025269285,9.33943682729713e-09,3.82099365395019e-14,0.473318208022294,3
"19935",0.0143578692290735,0.00367131275573494,0.00120831862483163,0.00132633540675329,2.91656780179826e-53,6.12000170516856e-10,1.3797189074311e-10,2.5993786054491e-13,0.979436163233374,9
"19937",4.66087638944979e-07,2.0788103209445e-05,5.39228219842819e-12,6.60735245775816e-11,2.03257309433478e-61,0.00157931666366829,3.68654443514559e-12,0.951578721852071,0.0468207072182595,8
"19939",2.1720856360622e-08,0.0119141968090188,2.77616300088813e-14,1.13738195597711e-07,9.54621328263449e-34,0.00160535220665267,1.05655955882263e-09,0.000214271085511142,0.986266043383178,9
"19941",0.0905409457922223,0.281285426537194,0.62810217636391,2.27368660626382e-17,1.62065165078374e-18,2.45399327409792e-14,8.71555741528426e-10,6.70450967726926e-44,7.14504350931348e-05,3
"19943",3.96206622978651e-10,0.000309064110934583,8.75746746350857e-23,7.14021653964704e-16,0.999690085013905,1.44368722919327e-13,8.50386355185968e-07,1.57510540656417e-12,9.08784144165267e-11,5
"19945",0.000106324825331921,0.000360444464109476,0.679873011495261,2.72079245495174e-21,3.12339683474137e-56,0.000883367541673228,2.91486279405276e-09,3.05136996015511e-17,0.318776848758762,3
"19947",1.93493066225081e-06,0.999997953230876,2.93189048192747e-12,3.72114459663004e-16,5.73437846733438e-18,2.91800944545425e-18,3.61905426138015e-26,1.16969794091261e-39,1.11835529965557e-07,2
"19949",0.00388543393704082,0.000165303674577181,1.20933621276482e-05,4.64039277919326e-18,1.29061829987902e-119,0.00126964488282519,2.66940960785321e-27,1.85231896802466e-18,0.994667524143429,9
"19951",1.08772333815068e-07,0.135827503291843,2.73590300880586e-11,3.10725900611117e-09,2.49326095943542e-08,3.48407058810899e-07,0.653482440915364,1.42267396567121e-16,0.210689570546172,7
"19953",0.131728922708149,7.07086052330758e-05,0.000252021780698333,1.8013140510206e-56,4.24507431947003e-180,0.867948336825715,7.40314645554755e-72,4.17689221748225e-56,1.00802042164838e-08,6
"19955",5.42766962796936e-07,0.95939519015248,0.0151438244522252,2.19873247936673e-23,4.56419262908683e-128,3.18420274503026e-05,1.11458669578735e-53,2.27816471536312e-47,0.0254286006008812,2
"19957",5.72074584489476e-10,0.99914504072864,2.32554273124906e-11,6.82807357995514e-21,4.61761285532965e-11,0.000663493800385518,1.06263589491243e-11,1.86130980843931e-10,0.000191464632711089,2
"19960",0.00150501592478875,0.896410956885061,0.001492729542471,1.00709233514979e-18,3.21110297409897e-56,2.09399224314357e-12,1.60106160423502e-34,1.03724860005397e-50,0.100591297645586,2
"19963",0.0351915861130316,0.964808412951805,4.25374014281768e-26,3.31538439033838e-50,5.03510484583961e-44,9.3516399578922e-10,3.6880571512013e-49,6.9149261724301e-72,9.56115611369534e-29,2
"19965",0.00021698239289799,0.433744521920954,0.0110136053719527,9.75018857643519e-20,7.04886508164918e-119,7.49095205890101e-10,1.73180456525812e-54,7.25094431570148e-74,0.5550248895651,9
"19968",0.25749238903083,0.493438099067278,2.13615260175488e-12,0.24906814555382,3.56899827847617e-09,2.40107802507957e-31,9.65715418990746e-07,8.83480797799196e-29,3.97061518590828e-07,2
"19971",0.00111512646166375,0.998884873538165,2.41026461198639e-20,1.02383493479584e-47,1.52804343751271e-14,1.55595286299756e-13,1.1032082628557e-36,1.12355038569189e-92,3.26369725208572e-20,2
"19973",7.36141178937115e-10,2.99136027845889e-05,3.81970468251111e-12,0.000454860132371395,6.32452904960873e-13,1.03050451221973e-07,0.0380901751753915,0.950561204977268,0.0108637423211401,8
"19975",2.044285437169e-07,0.0740538329509804,6.6062213668592e-13,9.45881133235575e-05,0.00404722370668882,6.032550789859e-14,0.921024620964106,4.90562839608614e-12,0.000779529830731404,7
"19977",1.11567294600976e-05,0.999988198801111,4.67188232449427e-26,2.03454853592483e-24,6.44467923115139e-07,1.1504043970519e-17,8.78529085630993e-13,4.3581763005733e-65,6.27360177614614e-13,2
"19979",0.00339620509255028,1.74559277201981e-05,0.996543244921197,2.11436005733204e-53,6.34918285278554e-72,5.14249746819405e-07,3.52530624188763e-36,8.13269428281894e-90,4.25798087859134e-05,3
"19981",2.41102938806945e-10,0.00205464456074427,6.2208708282804e-05,0.000110344330544974,1.94093508528681e-38,8.00823773225483e-06,5.32576343931015e-13,3.28114648928243e-09,0.997764790639914,9
"19983",6.5824469589733e-10,0.00265977355338313,5.67009963217649e-09,3.01086007000535e-06,4.88475077324342e-61,1.58713396698252e-05,4.64101399863693e-19,1.35746824880283e-06,0.997319980450284,9
"19985",1.19926688406827e-10,0.00315439966478095,4.43424801381618e-21,0.000116168616965809,0.127531241762165,6.29499538144028e-10,0.550318977287119,0.318448762332609,0.000430449586933893,7
"19987",0.00453307202274058,0.00119360599018579,0.00879348851676236,3.26315471010667e-13,9.84210424815493e-16,6.35022308458782e-05,0.246435215187081,5.81392259428206e-06,0.738975302129463,9
"19989",0.0178863697485172,1.30941328604822e-08,0.979088105557932,4.49593604509491e-47,5.65427746104327e-168,0.00279035387327594,1.35172792305572e-52,3.70882696277617e-68,0.000235157726142324,3
"19993",4.98550291057244e-05,0.00486550494744758,6.01232871400069e-05,6.18160331838124e-18,4.57811878473642e-26,0.00013000711540401,4.32254475562161e-08,2.26809480200309e-28,0.994894466395455,9
"19995",0.00936166600013954,0.00376536233524157,0.0743051232204373,8.68529183970941e-13,1.56615708387441e-38,2.98952533572232e-07,4.66712764982261e-09,1.51272445831177e-23,0.912567544823652,9
"19997",2.28939892679895e-09,0.000273234408887107,3.43342374381159e-14,2.73963648447507e-05,4.18949455170405e-17,1.91753802747455e-06,0.00385149574076955,0.965516025619222,0.0303299280388159,8
"19999",2.03777210918691e-10,0.000292007931980636,6.66415158877672e-23,9.02064006896359e-05,2.85192729689632e-05,6.69474554388817e-10,0.999135952802743,0.000191578462044611,0.000261734256321578,7
"20002",0.999953358087077,4.66406093406727e-05,6.10530224227382e-27,1.30358240752074e-09,2.00047242847683e-33,9.73642604908417e-35,2.38310559703375e-31,2.38348527945819e-67,8.49131941081442e-25,1
"20004",0.145574701924139,6.3721026619729e-05,0.847109714748766,4.85147767537665e-11,5.72852494110474e-53,1.58243036159098e-10,6.21841709649638e-15,1.54514734126995e-27,0.0072518620937113,3
"20006",4.21831859771927e-06,0.988692779986981,1.51019748461898e-08,7.61594521068082e-22,1.07078840627978e-52,6.60548951337912e-12,1.29769148129658e-37,1.11372839376287e-49,0.0113029865858404,2
"20008",0.526981575459997,0.412584259576972,3.88335404525398e-06,9.56259288092422e-21,2.37053529753881e-87,1.42030370539454e-08,1.43766455904009e-30,2.00977594656576e-59,0.060430267405949,1
"20010",0.000471806878450483,0.00112901771099028,0.443730957320818,1.51316326993847e-31,3.78691747734505e-87,0.0187622121080575,3.0845192976019e-20,2.60737849440718e-23,0.535906005981683,9
"20012",1.40914583364232e-06,0.966862164682041,1.16339512144414e-25,0.0320408227887007,3.4524366000345e-05,1.63026907891998e-15,0.000222448998461216,7.02928274339321e-23,0.000838630018961811,2
"20015",0.0160018555986482,0.000262845174121053,0.979176581596798,5.78143491045672e-20,2.30344069687333e-127,1.36775384502169e-14,1.85626809349722e-47,9.35330285213198e-80,0.00455871763041908,3
"20017",1.32286709795866e-10,0.000200554909516911,4.45153148391602e-19,0.0101860461629856,5.62617639276575e-12,4.13519715357173e-10,1.1793026691151e-05,0.986233392559096,0.0033682127902774,8
"20019",0.0107001635148886,2.51513528018527e-06,0.989289292276513,8.43408241011732e-63,1.63771428342392e-140,2.09307961267162e-06,7.4417590202844e-64,3.49003743799145e-114,5.93599370574899e-06,3
"20022",6.27248428999302e-05,0.000859203177200333,0.597050504254443,2.37412460970853e-27,1.71226702115678e-78,0.00184932324187664,1.96783488643373e-19,1.3017310759289e-24,0.40017824448358,3
"20024",0.999962771158952,1.79735051972888e-07,2.48894570488118e-06,3.75408550323453e-66,5.68716274721031e-249,3.4560160285389e-05,3.41544041773715e-116,3.4838765407938e-107,5.91502111631498e-15,1
"20026",0.999962771158952,1.79735051972888e-07,2.48894570488118e-06,3.75408550323453e-66,5.68716274721031e-249,3.4560160285389e-05,3.41544041773715e-116,3.4838765407938e-107,5.91502111631498e-15,1
"20028",2.16621448400585e-08,0.000167571126562319,1.59049474238726e-19,1.69405526668351e-05,2.61596482625881e-08,3.46464741239608e-08,0.0358117712583403,0.963330282832752,0.000673351761411427,8
"20030",0.0698214995557857,1.19988934830451e-05,0.930160009306675,2.35419777428134e-23,1.07021289819517e-56,2.1184475956067e-16,1.76998196382131e-25,4.89479771879781e-66,6.49224405616662e-06,3
"20033",1.15655789215783e-09,0.00623231568283481,5.97130470258128e-10,9.04333746962501e-09,7.5343479762691e-07,1.53287081691961e-06,0.918079222342464,8.65953365882909e-08,0.0756860782767243,7
"20035",0.075451140811451,2.40771165157511e-06,0.924469269190393,8.49282293228302e-60,7.75024550982592e-163,4.05815605524955e-05,1.96773760970893e-75,6.938344807392e-111,3.66007259515864e-05,3
"20037",0.0119373171195664,0.000118890413878624,0.986356688230958,6.64057324454429e-43,9.37982665676438e-162,6.77638458275383e-08,2.52690894669243e-68,2.15629226401209e-103,0.00158703647175125,3
"20039",0.572860904655987,2.0790955564162e-06,2.88826678832994e-17,1.86291624543437e-92,0,0.427137016248457,1.07097603753567e-175,3.59867039653285e-116,3.69403757166565e-22,1
"20041",1.79420117626691e-12,0.00327283657537737,6.55370912823305e-11,1.65581512775843e-19,3.51400581092908e-55,0.00172972476676231,4.20390616342484e-30,1.38361749258086e-23,0.994997438590529,9
"20044",4.65392497315062e-09,0.257867914768033,2.46851739210785e-11,7.33488624612349e-23,1.91218124530154e-42,0.00300746409690809,8.07340078095551e-32,7.98939919286146e-31,0.739124616456449,9
"20047",0.0405772722295633,7.00069503464612e-05,0.959347380108502,5.17789673586322e-74,1.83513376850518e-108,5.33687537804239e-06,1.58407361917299e-60,1.57861055457317e-128,3.83621034170228e-09,3
"20050",0.00539132805915754,0.000685562058511832,8.49245848138191e-05,1.00618805654662e-52,7.29627015099783e-78,0.980874976013016,5.4713826583662e-26,6.13345198476926e-43,0.0129632092845015,6
"20052",1.06630510555833e-08,0.00716936822960917,0.000113735319334802,4.6316449192115e-18,4.77972821051043e-14,0.00509777374207053,0.654853618078765,8.62168179870578e-06,0.332756872285323,7
"20054",0.000138988462592778,0.0802341727805956,0.787682030432943,5.0637948742017e-12,4.29175147402494e-72,1.61374721599647e-13,3.29461102396981e-29,1.86053411806991e-45,0.131944808318643,3
"20056",0.572189151095564,0.0106858420005423,2.07775926747499e-10,1.68273455902902e-17,0.04533632078996,2.5740201761838e-11,0.371788413783732,8.85765692091274e-28,2.72096685304532e-07,1
"20058",0.0134517021855147,6.62362799681148e-08,0.986213057802466,2.61883401817041e-38,1.01454239431708e-194,2.25103861033407e-05,5.54432080819757e-63,3.42860823934778e-69,0.000312663389636437,3
"20060",0.00615173078332865,9.78182048355588e-06,9.04149748724822e-10,4.55710055650451e-07,3.55857029821171e-46,6.88893785115926e-05,2.19672446319492e-06,0.0113331871082891,0.982433757570718,9
"20062",5.22345246099314e-07,0.00238156173972021,6.55905494408167e-07,1.1155702036972e-05,8.6348759369684e-38,0.000146847296848682,1.10589348307497e-05,1.48317988100966e-05,0.997433366277013,9
"20064",7.83894133539954e-05,0.000161182861380614,0.779472295788152,9.8765504538409e-21,2.25272731198457e-29,7.61729566757805e-06,5.94855772522716e-06,3.17884744021797e-20,0.22027456608372,3
"20066",0.0442570753640011,1.95695851380689e-05,0.955722940439432,6.58837987277613e-36,1.36637560009675e-72,1.9776757451426e-15,8.35349959205245e-45,9.51930436399954e-100,4.14611427186053e-07,3
"20068",1.52076222308356e-07,0.000978845735436747,2.22451815294154e-16,0.0756777112618042,2.70053179919118e-48,1.40931337165303e-06,6.35301680391342e-11,0.367951771143969,0.555390110405666,9
"20070",2.0469335617619e-07,0.00795001864172239,2.40336555447106e-14,1.38320657622132e-08,6.3398849647388e-68,0.020479685783704,1.27804107304495e-17,0.000510077287255042,0.971059999761873,9
"20072",0.0335098975127957,0.881927009829969,0.0241872516605968,2.12395329131992e-10,6.84962464144264e-157,4.26525246283651e-14,1.56348952025819e-73,6.20934065879229e-68,0.0603758407842009,2
"20074",4.54498299574724e-08,0.00258012075571156,3.18088618415348e-36,2.22195512151649e-06,0.997417611733916,2.81047979592677e-30,1.05421156475913e-10,5.13121401503032e-31,2.2424065710577e-19,5
"20076",8.46087700496796e-08,0.727845335988625,1.2579500130483e-09,0.271928410146367,6.45024344946661e-08,2.24877970278396e-24,1.2610426308833e-08,3.57723742387515e-20,0.000226090885427609,2
"20078",2.54034272572638e-05,0.00307790921693717,0.874903158499278,9.49470400214368e-24,2.14267313557395e-51,0.000190107633655278,3.25794396999315e-13,2.65480178502551e-27,0.121803421222547,3
"20080",0.00384554904900365,3.87432788464371e-06,0.993956854976454,3.68618316320851e-58,1.87221107625346e-95,0.000157975556845434,1.18522127528645e-39,2.79432597017148e-87,0.00203574608981168,3
"20082",0.0141573537384799,1.9541502521663e-06,2.07556643429402e-07,9.03388823313704e-91,4.82207513856617e-172,0.98584048455462,3.27289929092797e-84,6.97107373985121e-73,4.43522041999408e-15,6
"20084",4.72358713560503e-05,0.0419119617315977,0.957631281647078,3.33461516233688e-38,4.30962192742389e-21,6.88156137373292e-05,3.107539738375e-09,9.61943247426526e-35,0.00034070202869159,3
"20087",0.00133158054123723,0.00369060803221553,0.54081415203101,1.61667233475456e-13,1.37123257465733e-116,1.77797691933457e-06,1.25820233810917e-28,6.38245698580591e-33,0.454161881418456,3
"20090",0.00489117661578861,6.41787546990217e-05,0.963624541710896,3.82045292998665e-58,2.64245903153262e-104,0.0133429131235467,9.67450047574791e-44,2.05398916642008e-83,0.0180771897950694,3
"20092",6.76851451777624e-06,0.333680776803021,4.50997268999867e-12,4.08347834101464e-25,9.96431178336955e-207,0.666288168899213,2.80893745146116e-97,1.89129882726028e-43,2.42857787389154e-05,6
"20096",2.79607321015345e-09,0.109930170163798,3.40582403432262e-09,7.63957971415513e-32,1.51417341114499e-52,0.88979260735873,2.44924235376469e-26,2.85281821246673e-19,0.000277216275574935,6
"20098",3.49048875833334e-09,0.00476372081810291,2.35455986282995e-12,5.87314661806242e-10,4.43138645715749e-06,6.20876107308144e-05,0.928035488108411,5.35286290333618e-05,0.0670807393671066,7
"20101",0.000863510123859676,0.0201599029544689,0.943819801483427,5.48607949499551e-47,6.4770978320136e-32,3.44604737263942e-05,1.80602911234669e-15,1.26211836323488e-69,0.0351223249645162,3
"20104",7.23868462293573e-09,0.999489903701401,3.30155338600017e-34,8.29281954554611e-18,8.42601282884742e-117,0.000510089058231063,4.30374335346652e-84,4.06504361793143e-29,1.68378735535746e-12,2
"20106",0.000112072104602077,0.00045678139680631,0.770526428769335,4.03799157992725e-29,4.1481520756665e-37,9.27869139799769e-07,2.75585440110646e-14,6.54069522558021e-48,0.228903789860089,3
"20108",3.94186110180289e-05,0.00212544579310539,8.06699048450851e-08,0.00151403357214184,2.83349760962184e-16,7.96792099575673e-07,0.0179700294376414,0.150754352282276,0.827595842841813,9
"20110",3.21323204333158e-06,0.305551759072481,6.67293796718095e-11,1.46338488007607e-35,1.24336511291277e-24,0.690016940491274,1.44239647905262e-08,7.64193260541727e-17,0.00442807271350727,6
"20112",0.00084662471877973,0.000985766953927932,0.0203446528151587,5.0745510585759e-33,1.20762872267406e-68,0.0198871779057905,8.3412866549325e-21,2.22237582815711e-43,0.957935777606343,9
"20114",0.000720970026243647,0.00919573397079692,0.988719546496248,2.06619331312578e-30,7.75661618152799e-15,7.65669171671822e-06,1.04740039099198e-05,1.15139387865593e-24,0.00134561881107685,3
"20116",2.08890483332364e-05,0.131238918504573,0.832411854453047,1.06293359708907e-14,3.86088288680784e-15,1.92427255305743e-13,3.05038719764467e-08,4.23609395454086e-35,0.0363283074899683,3
"20118",1.72334688791884e-08,0.00864894149861738,0.0222173529511435,3.31604560171613e-15,8.63540176433222e-11,0.000805679138705909,0.190568058155282,1.41856224217311e-05,0.777745765314003,9
"20120",0.110215017566604,0.000324187121015863,0.618260984650027,2.36243700515004e-53,3.87319438773279e-34,0.123814104928234,2.43872057356674e-13,1.70899010150058e-46,0.147385705733876,3
"20122",1.00739465454568e-09,0.00405103214568928,1.61809601792187e-16,4.83135775320059e-09,0.680748773477964,2.20503744629317e-17,0.315200168406204,1.75936555505974e-13,2.01312143949488e-08,5
"20124",0.000982519116562071,0.1156671307579,0.873279226460726,7.33822215330181e-41,1.83533168446558e-128,5.62303001542405e-05,3.21422906058882e-56,7.82243272057738e-75,0.0100148933646579,3
"20126",0.00395826932999465,0.986654605693967,1.57254463210882e-12,3.37990631170817e-74,1.76062788138306e-188,0.00938712497446538,2.12437717373842e-143,3.43243867598531e-108,1.11581013409408e-20,2
"20128",0.992617179492154,0.00689138196743373,0.000147945001940068,3.53408651407838e-93,8.62596716704528e-213,0.000343493538472279,5.25368802840809e-135,2.4602972677086e-166,2.80483547194954e-18,1
"20141",1.22865649115583e-08,0.571712493738511,4.27598114641007e-23,3.9772040756352e-23,1.13928249397735e-55,0.428287451516842,2.14183324025083e-47,6.85370466838163e-17,4.24580821462285e-08,2
"20143",5.75617097244922e-06,0.0936002376836899,3.85380285733567e-31,2.45728162321166e-16,1.17349379350018e-05,2.26048414517251e-23,0.906382271207402,6.41335193388595e-51,6.94839881874771e-17,7
"20145",0.000785229797285513,1.02332091330951e-05,0.84714463340594,3.43803096219161e-35,3.55268910889422e-64,0.00790542456234219,2.47189905190356e-14,1.45915915793959e-25,0.144154479025275,3
"20147",4.41965255905838e-06,0.00126297125193276,0.465363079111971,5.15287316986051e-24,6.1944508792406e-54,0.000117900792471032,1.11555720189927e-14,6.90803324470273e-31,0.533251629191055,9
"20149",1.16806893641303e-11,0.000706434971267763,4.38819868923926e-23,1.40138435918164e-09,0.999291975517801,3.31995029858192e-16,1.58778816802284e-06,1.24479111867356e-11,2.97249714890921e-10,5
"20151",1.7244133096772e-07,8.70684788934062e-05,4.24372657586353e-11,1.64312353377027e-08,2.94311582166382e-08,1.26154826934859e-06,0.980457426359209,0.000644585767697294,0.0188094394997694,7
"20153",0.000155397116693192,0.00941510198061046,7.28077341691851e-12,1.77332257816177e-35,2.500631681677e-12,0.0450405482453959,0.944710913522704,7.90257267546843e-19,0.000678039124814998,7
"20155",2.21787638131062e-07,0.0098744098359981,0.0797048948436862,1.01774034303628e-27,5.10978497433418e-74,3.00773306808287e-06,2.53613295247625e-31,1.01584817882127e-50,0.91041746579961,9
"20157",0.000700541757245092,0.000109617258642918,9.86896692175302e-14,2.47248821845513e-12,1.85445659474422e-07,2.37122246601655e-06,0.996748103042615,2.23395607120588e-06,0.00243694731472917,7
"20160",2.14571109167882e-09,4.17710156574812e-05,9.51700649888901e-28,4.58423659123559e-15,0.999958068651401,1.68458322722986e-22,1.58187225845931e-07,2.73141544468968e-28,1.61700755413064e-17,5
"20162",1.06913092239341e-09,0.000334772993545296,3.93068989951611e-26,6.37239796157914e-08,0.97960525724666,1.69312372380534e-15,0.0200598870039096,1.65109593397998e-08,1.45181326624647e-09,5
"20164",2.25921765176851e-05,0.305730371944199,1.31397118545191e-14,3.00622994820946e-13,0.000120611590178688,6.22568332840845e-07,0.691171952203877,5.16895790015602e-16,0.00295384951658038,7
"20166",0.957699284401213,0.0211191845763338,0.0211814528707746,9.61456819982938e-18,7.49577675797808e-51,3.17033488610883e-24,4.13288146143288e-33,5.00590886088789e-91,7.81516782943412e-08,1
"20168",0.920557449357465,0.0786412069427461,1.10481008195748e-15,0.000801343699787871,1.98473662517564e-90,3.06307575788979e-42,1.02956618276867e-61,1.89962580346111e-83,1.22918596095619e-19,1
"20170",8.26598267457115e-11,0.000801480960265139,1.50212012145922e-12,5.11572055207418e-18,2.43799179745964e-08,2.86100524241655e-05,0.998607178026757,2.26216812207482e-06,0.00056044432835218,7
"20172",0.000451172314974493,3.98589258930141e-05,0.824299024217736,9.13626730179917e-28,5.72898027081496e-117,0.00561117883861194,5.91357281504062e-31,2.73264327517175e-28,0.169598765702784,3
"20174",4.45694486135908e-09,0.00370800799574484,1.85888047367463e-27,0.904344181086208,3.4016449801071e-08,1.07007618092024e-16,2.40723228578347e-08,0.091927884449355,1.98639229742739e-05,4
"20176",0.00410068610598176,0.923495046749755,6.3960956395347e-20,0.0724042638931857,4.56495798050925e-67,1.71581396796206e-31,2.37229322917336e-48,8.59940555609391e-58,3.25107790127424e-09,2
"20178",3.37450851692852e-09,3.96916573766156e-05,1.12041614603785e-28,2.92723026193545e-17,0.999960304947065,1.08943048724015e-22,2.1049891036352e-11,2.03175909032433e-31,4.07516547616297e-19,5
"20181",0.0270999771177895,0.000566386209455297,0.97232005893344,2.68460658313986e-29,1.30920400227141e-21,1.65106438355051e-16,6.33565878581501e-16,1.34208437158975e-71,1.35777393147714e-05,3
"20183",0.000124990661088925,0.000531129992040004,2.16640771364595e-06,5.74401525013322e-13,1.93936081508367e-71,0.0576533965301683,1.74631035290207e-13,0.035921343648465,0.905766972759775,9
"20186",0.0296762255360865,0.00271207934783921,2.50004935352737e-08,2.33829229865581e-07,8.28243132354723e-181,0.00300963859191915,1.06343119839063e-52,1.65698178542816e-17,0.964601797694432,9
"20188",9.20307509197957e-07,0.00156204446758347,1.37770889422189e-25,3.58477328710919e-14,0.473765129558985,2.49517527331695e-16,0.524671905663293,5.17809348109726e-24,2.59319070869393e-12,7
"20190",0.00379564119510071,3.32430410885703e-06,0.989144542246473,1.17459738701893e-31,1.00618765601216e-81,7.75278872961025e-10,5.80773243330635e-34,1.23304863540774e-73,0.00705649147903876,3
"20193",0.0251368205249235,0.974863167751727,1.51172013693905e-21,1.1723337348195e-08,5.33320734504247e-15,7.10460003992399e-34,8.76093919657759e-19,2.51553358589929e-83,7.23932455622065e-15,2
"20195",1.06656305584659e-06,0.073520649901041,7.87770491012259e-11,1.50060130919555e-13,2.46659509826995e-09,1.77691249880302e-06,0.807365224954647,4.20075207006727e-24,0.119111279123235,7
"20197",7.16527939264449e-06,0.00196273593881067,0.404343473527896,2.33466158173992e-25,9.31356357000003e-84,0.000678953063735353,1.31745188477462e-24,2.64832672755058e-35,0.593007672190165,9
"20199",1.4810500077481e-10,0.00159803193741156,4.93510423841866e-21,1.89702332198771e-16,4.26570757357059e-06,2.01691201283286e-07,0.998393112715709,2.27497593662263e-10,4.3875725018891e-06,7
"20205",0.00118352605658312,0.00886713861670542,3.71815138066963e-15,2.20306638970564e-77,2.71865622044469e-193,0.989949335324802,1.36678394303719e-100,9.79786359945706e-61,1.90550057627616e-12,6
"20208",2.14318396009595e-07,0.0162232262003399,6.01849253151084e-10,2.81878151691525e-08,1.70373471244676e-13,8.78553448729603e-05,0.0293672288304551,4.49516826243469e-11,0.954321446471149,9
"20210",1.36624345450074e-09,0.000626939676265794,3.4688391424416e-23,9.12204048798647e-10,0.0207439234116117,6.32946534686676e-12,0.978628879297486,4.39842493914811e-10,2.54890017532661e-07,7
"20212",2.20744116771372e-07,0.035785822721416,8.52154677785261e-15,3.31073434444134e-10,0.000576789154904286,3.45082706901781e-07,0.95606315427042,1.91181004942773e-12,0.00757366769344194,7
"20216",0.0116005844142301,0.000182957336211325,0.837082404577089,3.39194232457662e-27,1.89528401051734e-47,2.42510521337696e-07,1.80275729351589e-17,3.35360984637463e-37,0.151133811161948,3
"20219",0.00295754005104166,0.00658980397071633,0.404027112940064,2.39932966533297e-52,1.41957177623748e-73,0.585731323484934,1.25218411263048e-23,3.41847824600809e-35,0.000694219553244763,6
"20223",0.987684932878237,0.0119268574517316,0.000388032262579079,9.3921916151046e-25,3.3220734883426e-214,2.48082258669536e-19,2.03070853863893e-108,2.03268525485605e-127,1.77407452580468e-07,1
"20226",2.0190238026614e-06,0.0063765781440601,2.37753400301988e-08,8.1720630435792e-20,6.99568317882121e-37,0.00198359540235675,6.14112626018459e-10,3.08962639407538e-22,0.991637783040328,9
"20230",0.0131097637586478,2.47867108817842e-06,0.98489316579172,4.83083927144252e-38,3.56025807323463e-109,4.61899018764888e-08,1.31991184807053e-45,1.21023380541532e-86,0.00199454558864238,3
"20233",1.4657476993357e-05,0.0991284031501005,1.55029693572275e-37,5.46886286899737e-62,6.94677546421293e-132,0.900856939372906,2.54515376944276e-79,4.96330585727218e-37,5.24477330405614e-21,6
"20235",0.000632381126155958,0.998646762837652,5.45764699894277e-05,7.21046776594662e-32,9.91947352202729e-182,1.2286430867941e-06,2.92261557755314e-91,8.90440160969766e-81,0.000665050923115821,2
"20239",0.00129313659784258,0.7653066925628,0.124807925918923,1.98754434260381e-10,7.19942295103264e-128,2.01714049243312e-11,1.03985533465617e-43,7.28705041001315e-41,0.108592244701509,2
"20254",0.0628868642526176,2.25303992676595e-05,2.36202394329345e-06,1.35702386483894e-101,7.82982028032538e-169,0.937088243324141,8.28986652985325e-87,6.62253077278483e-87,3.05196309189265e-14,6
"20256",4.13275766511313e-05,0.0117416725889166,0.941623450252521,3.51149592608512e-26,9.81025493534538e-144,1.52084801549433e-05,2.19336397765057e-55,8.8724532868783e-59,0.0465783411017566,3
"20262",2.14884597228684e-09,9.15977995202066e-05,1.60531945394443e-13,2.58750268827988e-12,0.000286486592536988,6.76286491720073e-08,0.999369285960768,7.81823932163635e-06,0.000244741627610476,7
"20270",0.999936783025401,2.97147914592793e-07,2.48057744067412e-05,9.09607513266909e-16,1.04670577501354e-47,6.1668305301047e-18,1.18868878246637e-21,5.60431766067415e-60,3.81140522768469e-05,1
"20284",0.215804956726126,1.08348624852868e-05,1.13496763478812e-09,1.26247067473251e-35,7.00890725586521e-111,0.779467667834321,2.54211696290775e-26,3.76384706330115e-12,0.0047165394383362,6
"20287",0.00974262587296973,3.15207016638432e-05,0.990180759847533,1.08585670416506e-37,1.78292757373731e-180,1.03536915880046e-12,5.19705844947105e-79,1.09806959936927e-118,4.50935767984812e-05,3
"20290",0.0632519420632151,2.36962757299425e-05,6.25664777927299e-13,3.98026047081839e-71,1.27285109660755e-93,0.936724339900748,2.80841544121611e-40,2.89542733466748e-41,2.17596815592803e-08,6
"20293",6.80352357813569e-06,0.00250360779260046,0.760546617124075,2.69299046293515e-26,1.65447092970753e-58,0.00770607793346123,1.69373006332965e-16,1.9984282505336e-17,0.229236893626285,3
"20296",0.000145287963667182,0.340550874148787,1.03341604339203e-05,0.569442725650212,3.57315492620031e-07,1.13804535526585e-18,0.077609575213967,3.47521957470718e-09,0.0122408420722202,4
"20301",0.849529289846358,0.00145467456996182,0.149016000552318,3.29637366213226e-52,3.20927360765167e-70,3.30698115722034e-15,4.73226687363629e-49,2.16039310757987e-160,3.50313592091787e-08,1
"20304",0.00326773130211451,7.89051992316765e-05,2.51769861102774e-07,1.22299603414759e-84,5.12752770640574e-172,0.996653111728786,8.91034906427347e-91,4.488869199898e-64,6.34157612190707e-15,6
"20306",0.0932277394463843,6.08117962755991e-06,0.906065828912554,3.03167238199035e-44,5.04235657500773e-162,0.000141376756661895,2.13280475306854e-57,4.77242354735787e-78,0.000558973704771745,3
"20309",8.86922282036212e-07,0.00356899899807314,0.00026269125978811,4.13142949344607e-23,8.2422488210584e-53,0.0373227994792331,8.63331505791731e-18,3.62400658646801e-23,0.958844623340623,9
"20311",0.00429633188122494,0.00137541279750836,0.993001301606045,2.00158953427042e-26,6.8383369621014e-53,1.33511963997316e-07,9.62198155807891e-18,1.78226626335146e-42,0.00132682020325803,3
"20314",6.31496087976562e-08,6.93587968485868e-05,1.91515016409765e-07,1.02373730722776e-14,1.23700576354284e-11,0.000105541203503063,0.975613266476723,0.000125252763953111,0.0240863260819666,7
"20318",0.0816980405118147,0.000766639194712017,6.74528186523164e-18,5.18535374040349e-17,0.91708735046679,2.4088425030108e-22,0.000447969826679312,4.22880855680919e-51,3.40188615864716e-15,5
"20320",0.000803812192640629,0.0734411735359123,3.01862867667514e-15,3.43912476062756e-13,2.85057881218876e-58,0.00964973460919454,2.39163601475373e-22,2.2895971316707e-14,0.916105279661883,9
"20326",2.78329256173065e-07,0.00384875669662048,1.77038082222011e-06,1.18466581249275e-14,3.34123437741301e-12,0.0025239469784316,0.614679015245253,0.000451372917782625,0.378494859448481,7
"20328",0.000318792247221587,0.00376835830204737,5.23274188299777e-12,1.9300299920413e-10,8.6688202638432e-114,0.01198779481254,2.06939068438594e-35,6.73550661150517e-13,0.983925054439282,9
"20330",0.000183486538091138,0.396319937561149,0.028284514069745,1.05992757830752e-27,2.96263104358371e-108,2.93379790656925e-05,5.05599159652428e-42,1.92558160089437e-51,0.575182723851949,9
"20336",0.0126495448565348,0.000399811220449,2.27667342168395e-06,4.67368827402222e-49,1.40612813128767e-145,0.986918061383683,2.00403860052768e-49,1.48162664846305e-20,3.03058659117347e-05,6
"20338",5.36216715237493e-09,0.0316913883330199,6.04371823967811e-07,6.48373973516208e-63,3.38810593156363e-66,0.968307599696151,7.70578853649714e-42,1.31905578391783e-42,4.02236837871642e-07,6
"20340",0.0158084705564736,0.000139196101227112,0.983978837135457,2.07675765562164e-40,6.75511826191385e-145,3.64936759224327e-08,9.79102095516902e-64,8.80773676772414e-88,7.34597131664282e-05,3
"20342",0.0844194320140475,0.915579455991084,4.94859144693438e-28,1.60804443173916e-55,9.79570613336529e-121,1.11199486888106e-06,7.15392490531101e-83,2.70697787734803e-95,2.85191759311614e-22,2
"20344",0.044003595269292,1.74359122091858e-05,0.860963032751971,7.86139669289447e-26,3.21451336133318e-120,0.000354837494648944,1.73255781837201e-36,5.33815501238586e-45,0.0946610985718791,3
"20349",0.010809473201805,4.08956817036173e-06,0.98797495501741,3.13779678774173e-31,4.88293927401412e-151,8.35696602285574e-07,2.65816373727768e-50,4.94010519366179e-66,0.00121064651601278,3
"20351",4.21124296275846e-06,0.0547151657674598,0.000480411636238601,6.77309665651146e-31,1.54042858114434e-53,0.0135250674029005,3.788854116205e-24,8.22873315278051e-22,0.931275143950438,9
"20353",0.000157343404964692,0.0466502485699756,0.0150833019587111,1.08668583678113e-45,3.34446523292296e-105,0.180714437729826,4.51232636252981e-45,1.54028092883027e-65,0.757394668336522,9
