"","V1","V2","V3","V4","V5","V6","V7","best$classification"
"19812",9.41068731008653e-05,0.946598483879822,9.73555431495622e-22,0.000481892516848546,0.00257160868006688,0.000533500024330414,0.0497204080258316,2
"19814",3.34524589034739e-07,0.099021566457074,0.000281698378942347,3.16782440877933e-08,0.00132590695492131,1.79040756940802e-06,0.89936867159866,7
"19816",3.68664564202246e-07,0.222749068395281,3.6625407885153e-22,1.05182904137289e-11,0.00168738382579599,0.775563179103638,2.02365178571974e-13,6
"19818",5.37050750183837e-06,0.989301002260096,1.49920742293135e-06,2.80664228718421e-08,0.00548375847505296,0.00159293311552697,0.00361540836797701,2
"19820",1.35473666155068e-29,1.42840575768435e-05,2.57197833260707e-54,2.34857574122675e-08,0.00450219449820887,0.995483497958457,3.60026568202481e-67,6
"19822",8.20660410088556e-31,3.40478750391567e-06,1.96764099738884e-44,0.00692809216445128,0.991543185269386,0.00152531777865867,1.79570790597701e-76,5
"19824",1.2654096942611e-13,3.79277920399979e-05,7.81011588572303e-17,7.57787937754279e-09,0.894100552300617,0.105861512329337,1.27810467013253e-37,5
"19826",0.0577413916355697,0.912279577379342,2.81824776540002e-14,6.19372297489443e-09,0.0290887538576036,8.36797450551769e-06,0.000881902959228671,2
"19828",3.84254159455632e-20,0.0271315748026269,5.79525862552427e-28,4.81957905850321e-07,0.0222616873720351,0.950606255867432,1.50424624512651e-31,6
"19830",0.00278072749731205,0.977822661603374,2.35741510982205e-16,0.00344265785434592,0.0156447654802784,5.144830098481e-13,0.000309187564174598,2
"19832",1.70136645565966e-22,0.026731242651336,1.26211760480595e-44,0.951414183664259,0.0177622032022579,0.00409237047857641,3.5705915431591e-12,4
"19834",1.04014799740697e-17,0.836139835786564,7.85131185102448e-24,8.99536614284172e-07,0.0450253169018659,0.118833947774956,1.21292987433373e-17,2
"19836",0.0324381251991742,0.959551479492526,7.0470048409221e-35,2.57650831301937e-05,0.00755375564326446,0.000430857003256904,1.7578648458236e-08,2
"19838",3.4222553520835e-08,0.0131432636197238,2.67572968951094e-10,6.66763972673421e-06,4.7509387208773e-05,2.09558589816701e-13,0.986802524863005,7
"19840",1.81916888063925e-06,0.874269578047024,1.94441818171771e-31,8.54131773507753e-13,0.0111955541929473,0.114533048590108,1.86069760707971e-13,2
"19842",0.999504664614285,6.26754442686798e-06,3.17662481265033e-20,2.48735437688893e-09,0.000489065308371412,3.01007376471894e-27,4.55626779558016e-11,1
"19844",1.02888006191183e-11,1.46557506265343e-15,0.961437193470393,3.51043847277433e-11,0.038562806484212,1.9226388868691e-20,1.25592648453623e-35,3
"19846",0.0458759083590852,0.00043947728945759,0.0226144089127406,5.78846225499662e-09,0.000161479289996225,4.59794854486361e-20,0.930908720360258,7
"19848",0.0116884023894834,0.00275867641618641,0.918373587957921,6.68520773008028e-08,0.000238167336093549,4.09532932593594e-17,0.0669410990482385,3
"19850",4.2058918668557e-08,0.00658011019986259,0.000665571237561284,2.52766100937254e-08,0.0150523434735714,1.42612143657562e-11,0.977701907739215,7
"19852",9.33506239107158e-08,0.611073077962063,2.22199533973696e-11,1.18778135243129e-07,0.00302204055559435,0.385903085610568,1.58372079608077e-06,2
"19854",0.0394420185212568,0.0174625447342408,0.875654477500072,8.440405777167e-07,0.000712906679885922,7.4473829213044e-16,0.0667272085239658,3
"19856",8.47730912934979e-09,3.22270077399656e-05,0.00236685981200452,2.08435190768027e-08,0.997600883859427,5.05580245754435e-16,7.76878577396903e-19,5
"19858",1.51921802394597e-16,9.49060002808228e-07,7.47639198895075e-05,1.47640829745446e-06,0.999922668233505,1.42378304942293e-07,1.73608684836994e-24,5
"19860",1.69458902599687e-07,0.617310782492628,2.63352599115836e-18,2.93902275305217e-09,0.0076638442425352,0.374876003067978,0.00014919779893279,2
"19862",0.00356668431851096,9.39457721029985e-05,8.08506692356417e-12,6.91884852377925e-09,2.95472436500918e-05,1.39837002604354e-22,0.996309815738802,7
"19864",0.989933007642895,2.26311828694552e-14,1.17900214966914e-42,2.52771179734518e-07,0.0100667395859021,5.29294187564449e-27,5.04257682885624e-56,1
"19866",0.000212539740982839,0.61227472941619,8.11507529284012e-36,7.79858272831352e-11,0.303587880021835,0.0839248507430058,5.63762433837138e-28,2
"19868",1.27600266631624e-36,2.52258710726737e-17,7.35248400747393e-49,0.999999007111286,9.92888713853384e-07,7.86130037905423e-33,1.62754897083557e-66,4
"19870",0.126196594801449,0.237141645201486,8.43517527195464e-09,2.60787162444098e-07,0.00158094455304911,1.56712141665358e-10,0.635080546064966,7
"19873",0.0155592622615207,0.941450764129285,1.18033934741683e-12,4.04257418143287e-10,0.0422039438487654,0.000534126811439064,0.000251902543551818,2
"19875",2.04064834246978e-18,0.0130968022936525,4.72056683530284e-38,2.47979232385552e-08,0.00766265615274697,0.979240516755677,1.29876439512319e-20,6
"19877",0.00243993072517352,0.929653585618123,2.05078528732166e-07,4.16794732760444e-06,0.00486638897578596,2.06188796225202e-05,0.063015102775439,2
"19879",3.9430118381182e-06,0.995959830716054,2.318244020061e-09,1.06310551385942e-05,0.00380609770029597,0.000219495159003314,3.94258376846444e-11,2
"19881",0.0264497409161175,0.916609572324363,2.04377469708677e-10,6.89311818930922e-08,0.0569156406309122,3.76011701417347e-08,2.49393918772814e-05,2
"19883",0.91789157191485,0.0756754306591016,4.79688187440229e-15,3.79659630735506e-10,0.00618430824593653,8.00701259825964e-11,0.000248688720377195,1
"19899",5.74243419922463e-07,0.964114346135701,4.89993785754116e-31,2.21439068210147e-05,0.0358603795991029,2.55611495343385e-06,1.46021624361996e-15,2
"19908",1.42015784168504e-11,2.34159118084089e-09,2.93074995137404e-39,1.66474115528364e-07,0.999999831170092,2.41195550563891e-18,1.54776898244434e-61,5
"19910",0.000606570917599517,0.937469710262051,5.46729062556288e-10,1.85712035373488e-07,0.0027801514834153,0.0591364056981716,6.97537999783027e-06,2
"19912",0.997205375340559,0.000410211163155959,5.11412120333763e-13,1.36148861360728e-09,0.0023714497639892,1.55119995369226e-25,1.29623702957665e-05,1
"19914",1.06351274163318e-07,0.98175217040377,5.05963520141276e-12,0.000110550415476611,0.0159360521293451,0.0022011203452691,3.49806011667717e-10,2
"19916",3.85983200834891e-08,1.29024227367967e-08,7.54916890643025e-31,2.18169710987198e-08,0.999998816597522,1.11008476443834e-06,1.87566015024829e-51,5
"19918",0.0774293677827097,0.0711233447601378,0.0618862751782838,2.6495631368901e-10,0.00443582521142561,3.03051003944889e-10,0.785125186499436,7
"19920",0.00014910417051595,0.000405241819699694,0.995988659388102,9.23768085726986e-12,0.0014240177889716,3.50516522481318e-15,0.00203297682346947,3
"19922",8.74372576451533e-22,3.7921862136206e-06,1.38186685191257e-41,0.999995199237753,9.85573311879598e-07,2.30027209283926e-08,4.37192230996433e-16,4
"19924",0.00233123332863449,0.971937294983107,0.00950943950852697,1.10652766520857e-07,0.0142365782007249,8.62615614964446e-07,0.00198448071062516,2
"19926",4.80888147042152e-05,0.975032508735115,4.74071313242442e-37,0.00898262002024497,0.0159350348479457,1.74758199030093e-06,8.43254627654068e-18,2
"19928",0.999886257719151,3.78716236535916e-22,2.54698375619338e-39,1.47451694107066e-06,0.000112267763907627,4.52145769894526e-43,1.7391468510657e-51,1
"19930",7.79492728791284e-05,0.0372364726909073,4.63055780620489e-12,4.18693080601014e-07,8.87523304536252e-05,2.08649542766985e-07,0.962596198358506,7
"19932",2.43730932791467e-06,0.00265466544686721,5.24922031567437e-07,2.02992575296547e-07,1.30518394017021e-05,7.3730330980026e-14,0.997329117489723,7
"19934",3.46577998242311e-17,0.624183632434848,3.98408707374495e-16,2.53904400789995e-06,0.0567795533471117,0.319034275174031,5.4450351446831e-16,2
"19936",2.83462071021097e-08,0.975950477096501,8.03420847050765e-16,0.000607389330997003,0.0215320339661133,1.81092538117029e-06,0.00190826033479997,2
"19938",1.53779266980189e-15,0.247717201685661,7.0217187221621e-21,5.23231738841981e-05,0.750123514514122,0.00210696062633163,3.43577827911825e-48,5
"19940",0.106235877861021,0.889207447207124,5.62908920978328e-10,3.43393454737649e-08,0.00446936194521004,8.45670024113941e-05,2.71108197943002e-06,2
"19942",0.992729168827808,2.3925929114875e-12,9.9407596268085e-37,2.76009840519987e-10,0.00727083089378925,3.50497143416983e-30,4.27760383743296e-34,1
"19944",0.000683272714261974,0.929563545946704,2.19922008735003e-13,2.63942124453803e-07,0.00881205611854451,0.0609408545748503,6.70329524123034e-09,2
"19946",2.63406488604794e-05,0.962375572158658,9.2886510282518e-06,7.12443720810014e-08,0.0164329460287595,0.021056571627508,9.92096408135558e-05,2
"19948",0.999470895300173,4.71818155646784e-13,1.49630987854406e-30,1.06144395186237e-11,0.000529104688741162,3.59011738419229e-28,3.81203087912829e-28,1
"19950",1.02487905528439e-08,3.06266740168046e-08,0.999236816877222,3.61224428979964e-09,0.000763138633834045,1.83630084789012e-22,1.23568411486565e-12,3
"19952",0.999470895300173,4.71818155646784e-13,1.49630987854406e-30,1.06144395186237e-11,0.000529104688741162,3.59011738419229e-28,3.81203087912829e-28,1
"19954",0.00013732503560815,0.00826806275868578,2.9282143322611e-08,5.0115268016044e-08,2.38709455508601e-05,1.36071929775009e-10,0.991570661726672,7
"19956",5.1241770033252e-06,1.39622326075153e-06,1.36721635053832e-08,4.29194222823416e-05,0.999950532343572,8.86734816703149e-29,1.41617178354037e-08,5
"19958",1.78601771405581e-36,4.37759464860433e-18,2.04784727027584e-41,0.999999999607614,3.92385775482723e-10,9.74577382483521e-21,7.05518575648128e-43,4
"19962",3.68656310889974e-11,0.0457633662785282,2.62502868493216e-06,3.45152089348547e-05,0.954196826891622,2.66654812777869e-06,7.23677016434501e-12,5
"19964",0.00701326179649725,0.968448219471749,7.67001747062036e-10,1.62749770946837e-05,0.024520397519209,8.1608163696374e-07,1.0293868115186e-06,2
"19966",2.91027277796049e-08,0.164763262895313,1.24025629945254e-51,6.5352179156522e-07,0.832699475540134,0.00253657894003354,2.04047548483965e-46,5
"19969",0.0652024797584479,0.745633534646373,2.54872071857034e-20,5.63807436627607e-09,0.0298270059043307,1.88238303778089e-09,0.159336972170391,2
"19972",0.994156811233243,0.00384635758288523,7.76085736115113e-06,1.27285388241759e-08,0.00198903575226374,3.41889488991405e-16,2.18457076136537e-08,1
"19974",0.598776795384579,4.68623770336975e-08,0.40082980659012,1.15684326975298e-10,0.000368754079302785,8.07598351851499e-30,2.45969679366185e-05,1
"19976",0.00305680433488421,0.983994173614807,0.000197231364416907,1.38101779663452e-08,0.0115057631312145,3.83035695298014e-05,0.00120771017496931,2
"19978",2.61179694842641e-05,0.674036865824548,5.38937184810084e-14,3.01205973138077e-10,0.00567072287657773,0.32026618529241,1.07735719651787e-07,2
"19980",0.000125488727683215,0.000799001080362595,0.719812899689444,2.76186009661077e-08,0.000141553763810597,5.26663432973026e-18,0.279121029120099,3
"19982",3.44962161457602e-09,0.0127048862018753,0.429933537126573,1.05780096237135e-05,0.557350043681285,1.02113024461672e-14,9.51531011854574e-07,5
"19984",1.42967437056832e-08,5.48702134766044e-08,0.974906551558702,1.11340876561855e-10,0.0250933791630006,6.66990090211064e-17,5.20876434809181e-18,3
"19986",6.26365675085777e-19,0.0124646287726405,3.15319072411594e-48,1.71140032572885e-06,0.029575026697244,0.95795863312979,1.96014581000541e-59,6
"19988",9.00473769264517e-33,7.68285516204223e-06,3.67502113132535e-61,2.00018810869511e-06,0.00968115542624915,0.99030916153048,1.49524096211885e-75,6
"19992",3.38113915021433e-30,0.000106946957831742,2.21552646379481e-36,8.91795520905842e-09,0.00124925094814318,0.99864379317607,1.20590271415436e-56,6
"19994",0.000111581877525132,0.0388572984308882,9.7368503240234e-14,7.78853052367364e-06,4.80019405866241e-05,1.53775787688769e-07,0.960975175444591,7
"19996",2.51434018722977e-25,0.00222563744414628,3.58468779178878e-32,1.79099630463063e-09,0.00275785167845656,0.995016509086401,1.33535215819049e-47,6
"19998",0.000117842418187601,0.0051811707833834,2.73868616903037e-19,1.51561148759453e-09,0.99470098528016,2.6570551595753e-12,1.10879320418197e-18,5
"20000",4.91216461410282e-08,0.0266967187758124,1.02152426626926e-27,0.960076045417046,0.0132270456199295,1.86347565167874e-21,1.41065566426031e-07,4
"20003",0.000981128757549582,0.953034242373052,5.87308502928435e-27,0.000299227190117616,0.00169105649400184,9.84407855757831e-06,0.0439845011067216,2
"20005",0.099195406931876,0.000421040891142749,0.900166776564261,7.22020741895556e-09,0.000179829803414895,1.71031420326214e-20,3.69385890985226e-05,3
"20007",3.92133110250454e-11,0.977187105228266,1.64811765365964e-20,7.71765307145412e-08,0.0183747144156947,0.00443810313921304,1.08239279323157e-12,2
"20009",1.91342840018406e-14,0.000227822877324043,1.94064651131646e-21,2.5219807649122e-06,0.999653030461124,0.000116624680767604,3.29305588838256e-46,5
"20011",0.746375441665678,0.240334091452759,2.23725622329341e-06,1.45160410872951e-08,0.0132882077018596,2.96627072830446e-11,7.37777698389404e-09,1
"20013",3.4962479042115e-05,0.258260274601877,0.147308123389391,5.41636825708442e-08,0.0101617663845827,2.33870097351653e-09,0.584234816642724,7
"20016",4.85133969845572e-23,0.000428978351128353,3.80799688136252e-34,7.06340326374464e-05,0.772111244080211,0.227389143536023,7.05739397701056e-64,5
"20018",3.32591799162271e-61,6.81714701480439e-26,2.21787675294134e-106,0.999994795893044,5.19592818933446e-06,8.17876676476482e-09,1.41717588721249e-130,4
"20021",3.64127835515089e-14,0.00977968645909203,6.30190087580469e-41,2.09558291790836e-06,0.00582559440134559,0.984392623556607,1.08805701751733e-15,6
"20023",6.10787736144078e-09,0.893156110395861,3.28723445730053e-12,3.42937660957283e-05,0.0266033263712863,0.0802062633554473,1.45338774351027e-13,2
"20025",1.46666143753052e-45,9.94783533879373e-13,4.17112760467375e-90,0.419554465282861,0.579501973556296,0.000943561159848799,1.78358983682944e-70,5
"20027",0.976196748204762,0.0195900217389542,1.68340800557942e-22,1.41567170195027e-07,0.00271423495567704,9.26929980097773e-18,0.00149885353343625,1
"20029",0.0366339074200049,0.0315916301180831,9.5894541816484e-11,5.61399239623711e-11,0.0273298192859739,9.93583374787477e-16,0.904444643023902,7
"20032",0.208254819137415,0.0277710440177939,5.61799571885801e-15,9.41671154385153e-06,0.000102802354452949,3.73295902666697e-14,0.763861917778752,7
"20034",0.999179574971967,2.41967971053847e-09,2.50357769369841e-31,1.10338563324275e-08,0.000820411574496617,2.52238574958169e-23,6.67712755655533e-25,1
"20036",1.55655116079603e-09,0.0291838357858778,1.35077032935995e-10,1.03831773234167e-08,0.970816151633275,5.05165931870703e-10,8.75355137629276e-13,5
"20038",1.08147067076889e-19,0.159183851927593,5.42871626213666e-54,0.000108317239900921,0.00825367232024971,0.832454158512257,1.94471865556092e-35,6
"20040",3.0342233200485e-21,1.6086625548381e-10,3.52693805566852e-47,0.0340118784087965,0.964923353895344,0.00106476753499295,1.52594433751449e-89,5
"20043",1.03039620212509e-22,0.00601123205950517,7.08806656496577e-30,1.17473582486809e-07,0.0283962621322286,0.965592388334684,7.19935944742233e-24,6
"20045",6.62932756956423e-42,2.83232346708977e-08,4.82848833231018e-46,0.000497182297466403,0.0210926061745008,0.978410183204798,7.59709421166684e-79,6
"20048",1.17120890185764e-15,1.99129606061789e-14,0.998081994497527,2.87056022330115e-09,0.0019180026318916,1.61397997393597e-25,3.93338163386217e-16,3
"20051",9.73864603654862e-26,0.0953063427774964,9.18366523579238e-17,3.90885948043531e-05,0.886956412176829,0.0176981083857207,4.80651497476278e-08,5
"20053",1.13896576200171e-07,0.618791804753285,7.700828681983e-11,3.8941302152087e-08,0.177151514955607,0.204056527376221,4.57625732357091e-23,2
"20055",4.7243443457704e-17,0.889993852356123,2.93756472129894e-66,0.0101834594556574,0.0986902956102393,0.00113239257798046,1.05598694529367e-25,2
"20057",8.62574938763738e-37,4.80094025286411e-32,5.09449411468321e-56,0.999999999999993,7.40762436882556e-15,7.34972942400347e-48,5.93339142484674e-67,4
"20059",1.2441295680543e-08,0.416074416658997,6.90820262301809e-23,0.00936390642561295,0.407395165168592,0.167166499305502,5.28109708724268e-26,2
"20061",3.84438414585106e-08,0.66336572093695,2.26669316790917e-24,6.44880002688735e-07,0.0570507931464188,0.279582802592263,5.24389901453265e-13,2
"20063",8.34468284188336e-24,1.66849367094554e-22,1.97481046309683e-13,8.93879554824235e-08,0.999999910611847,2.71398565984989e-16,8.21640750756112e-79,5
"20065",1.29413325115321e-49,2.30854437812079e-09,2.32940405708908e-102,0.954770243255282,0.00119354209006702,0.0440362123461065,1.20735904918278e-62,4
"20067",3.32822048226926e-30,0.000740739748898539,1.19389695612267e-15,0.000159582328127937,0.0993223825709292,0.899777295352043,3.35377563499099e-38,6
"20069",3.5232642986026e-06,0.000319055886011807,0.969351479171909,1.72489904264589e-08,0.000165290150608068,8.4477055944839e-18,0.030160634278182,3
"20071",2.50080383767231e-06,0.135990313158247,8.74228759440724e-31,1.51951549076089e-07,0.864007022149682,1.19366845356005e-08,2.74751207994524e-22,5
"20073",0.000182855043978202,0.00324188000174095,0.925894189402412,5.08108485560728e-09,0.0706777671583596,7.84565113106685e-10,3.30252785861159e-06,3
"20075",7.70345792212932e-40,2.10525043508946e-13,1.28884217870335e-62,0.999999976782677,2.32171124673386e-08,5.21299467823313e-26,4.16774115429987e-43,4
"20077",9.91035551356191e-12,0.22417742983773,3.4909860332091e-14,3.74537112004832e-12,0.00107147012758701,0.774751100020992,7.62798205852281e-20,6
"20079",1.3581264878109e-24,1.50961656162036e-06,6.64872426189546e-12,4.70212818012072e-10,0.999997978041668,5.11864908482976e-07,3.26089536734753e-21,5
"20081",3.99146788571111e-24,0.534050171609903,1.5319392703265e-28,0.126153009746309,0.14154209857399,0.198254720069799,6.23678827588628e-29,2
"20083",1.65176441425905e-12,3.83979757423354e-08,6.47989861266995e-10,7.5925954679388e-08,0.999999885026428,2.00135895691773e-19,5.34069093739389e-33,5
"20085",7.04745966956774e-37,2.00395238481373e-06,6.0088862474397e-67,1.67813843542934e-05,0.00517248781860707,0.994808726844654,3.92378174513877e-71,6
"20088",5.16839628994297e-24,0.0113703169906262,1.23042943854459e-33,6.03833644427265e-06,0.00890146460082383,0.979722180072106,1.39617852597431e-26,6
"20091",1.43942978479644e-36,6.71739708695009e-08,2.19739993948765e-42,0.999995257428581,4.66320660773577e-06,1.21908406403764e-08,1.29947170116146e-45,4
"20095",9.87763230278612e-05,3.11327342285266e-06,3.31838081281857e-09,1.88065666209636e-07,0.999897919019501,1.34786000543091e-15,2.32765156043081e-53,5
"20097",6.57465237638982e-42,1.7944378834125e-06,9.50999890924543e-71,0.000188959797797417,0.00590006387986889,0.99390918188445,2.98787121052658e-67,6
"20099",7.7387585308394e-05,0.000168158865132997,3.61183262132408e-18,8.595275569167e-15,0.999614142512531,0.00014031103701919,3.08203057732965e-41,5
"20102",2.33379670440445e-30,7.92162840381574e-11,6.14092106555456e-11,0.887200859532851,0.11279914032614,3.83635480470171e-13,5.83243477785451e-32,4
"20105",7.54675505073793e-26,0.00142312870293913,8.36451531743485e-23,2.9131195238002e-10,0.138543242091543,0.860033628914206,7.10096158374029e-23,6
"20107",2.43485031306783e-13,0.591643269693997,1.17448906482778e-29,4.92826466952616e-09,0.0030066919927824,0.405350033384712,7.06654490866722e-32,2
"20109",2.66803292956478e-09,0.00290496142085899,2.40038084058465e-05,6.28848131541475e-11,0.952740836632315,0.044330195407502,5.89052670090197e-22,5
"20111",5.01768748766613e-20,9.71517965677633e-11,1.07470171779748e-26,0.999999998596464,1.30638450865615e-09,2.57100099164552e-26,2.88449119031358e-20,4
"20113",1.81957423006071e-05,0.920746071746883,1.44215952029927e-41,1.29400601128487e-09,0.0780945474837335,0.00114118373307676,1.42430973962121e-29,2
"20115",0.000697890535834792,0.0412643556091709,4.24814150059762e-23,0.941052862942229,0.00241782835410753,3.52618058195298e-14,0.0145670625586222,4
"20117",6.58593726454799e-12,2.2155497166076e-12,1.60665745842466e-68,0.999960694653097,3.93053381018661e-05,2.07620878491357e-22,2.05233711363321e-92,4
"20119",1.09183130318147e-06,0.032864113758445,5.8030644501592e-56,2.67248757635787e-09,0.945015091680832,0.0221197000569317,2.84824134708444e-46,5
"20121",1.22860662849808e-15,0.185193692232872,8.08103792416942e-37,1.3041602669585e-06,0.00640132590422167,0.808403677702639,1.00336784452993e-40,6
"20123",4.43487855212563e-43,7.5740918887649e-09,1.38059899745268e-69,0.999972255127182,2.75917730526342e-05,1.45525673044882e-07,1.26334774512883e-48,4
"20125",3.31464831472297e-08,0.00884997989680916,8.50244766593871e-05,7.1615899545361e-07,0.00108103309015782,8.99672123045997e-12,0.989983213221898,7
"20127",1.57482132676681e-36,2.48746017910302e-07,3.87840133055733e-37,3.12709450860417e-08,0.0198901819947298,0.980109537988307,2.27076641339098e-60,6
"20140",1.8832038013018e-11,0.774210949066987,1.00576695224635e-49,0.0340953607939164,0.191693626582773,6.35374916036632e-08,1.27515078542144e-28,2
"20142",2.35560381381353e-10,1.08584474161956e-07,0.999087148316411,9.65174935625125e-09,0.000883298275026355,3.18764427373988e-21,2.94349367790961e-05,3
"20144",2.00570718822063e-10,0.0360509445364739,2.50111127491044e-14,0.899439547310795,0.0306323129359062,1.14223220417305e-16,0.0338771950162293,4
"20146",4.20187370658951e-13,0.00385088984639577,1.20029420074017e-06,1.92391199995129e-06,0.996145985481762,1.25507669717618e-10,3.39713662202091e-10,5
"20148",3.42481455908311e-09,0.834681407174643,1.47242156814756e-16,2.58994630339378e-07,0.0225829003427049,0.000192101867761685,0.142543328195445,2
"20150",0.0695598851468143,5.46435472458862e-05,0.439932337795311,3.66723160641627e-09,0.000380693919996662,5.49605602971933e-24,0.4900724359234,7
"20152",9.26204331603676e-06,0.938188453115606,3.32963863353636e-11,2.96435665491124e-06,0.0120303373791689,0.000176632125253461,0.0495923509467039,2
"20154",2.06560266378726e-58,5.58050005161551e-12,2.14245763699483e-43,0.995998393983273,0.00387514357265408,0.000126462438492833,3.33788351342061e-62,4
"20156",1.47795247181445e-09,0.320392236793295,2.81349143578151e-10,6.88968963630107e-05,0.679503956976434,3.49075746064722e-05,1.32989868142552e-22,5
"20159",3.23716303292493e-05,0.000436010060510475,0.995386408894244,3.60525668044972e-07,0.00414479715626116,3.57194520748853e-18,5.17329867983041e-08,3
"20161",6.03875322870993e-11,4.2372528369171e-07,0.0022526039254531,1.27507088131428e-06,0.997745697217951,3.66463257761389e-14,6.54232714230477e-15,5
"20163",6.05882142368711e-10,0.665371917289527,9.50102960584364e-38,0.00827923998115962,0.326019277563879,0.000259601895833791,6.9962663718647e-05,2
"20165",9.59444530449783e-21,1.10844338640091e-07,0.00627201152303393,1.01215704642456e-09,0.993719637658037,8.23896243307743e-06,8.80913629297157e-27,5
"20167",6.87723082884988e-07,0.0970465927297904,3.96001442227988e-05,4.26239958279338e-10,0.00139654865262426,1.54370969165431e-05,0.901501133227123,7
"20169",1.3365727462576e-13,5.09033350242878e-12,0.999447129179385,1.460379885029e-09,0.000552869345666786,1.73896650245931e-24,9.34380182351957e-12,3
"20171",5.61153249784585e-66,1.09182212084881e-17,2.22249710382273e-49,0.996863538072472,0.00313600139699408,4.60530534019634e-07,4.55658272182897e-86,4
"20173",2.20561489556931e-09,1.95745938446324e-15,6.06834208566863e-17,7.23900549742408e-11,0.999999997721759,2.3446452963523e-13,2.990313754446e-47,5
"20175",0.0269389542283612,0.935646952807246,7.16563538546119e-06,1.94003778744594e-06,0.0100646772579337,5.03350024559735e-09,0.0273403049997857,2
"20177",0.000185036670705012,0.00615628962103706,1.13948286944657e-20,3.0691750472034e-09,0.993654622799012,4.04784007098117e-06,2.60483174350741e-44,5
"20180",1.67964304767617e-18,0.00092067277630091,6.99457268743504e-76,0.000312602666984858,0.0263002647440323,0.972466459812682,9.63845509343514e-48,6
"20182",3.32835452411256e-09,1.37819582140983e-26,7.7073390410089e-10,0.999998587622178,1.40827873315219e-06,4.03835167646888e-53,2.36554943459668e-38,4
"20184",7.82601118884121e-07,0.00089066453445496,0.994540399023209,2.8488709314077e-09,0.00448867034936938,4.3528130817222e-13,7.94806425418878e-05,3
"20187",0.217169396557454,4.46082466148435e-06,1.95553227167144e-15,1.72606958747001e-11,0.782826142599094,1.52785698872773e-12,9.22093320144745e-30,5
"20189",0.000114088901753306,0.314254591893243,6.26278625876722e-29,2.41339083606084e-10,0.0895783090412041,0.596053009921625,8.35158240067363e-13,6
"20192",4.68926688671468e-22,2.70826531760007e-12,1.29933059771966e-69,0.865142161413948,0.134854793685306,3.0448980378853e-06,6.22668850566456e-52,4
"20194",0.0342547150905737,2.98751397286601e-06,2.35039019697344e-06,2.20925292954907e-12,0.965739947003041,5.88076600810635e-24,6.40798695827499e-15,5
"20196",9.28441617672294e-35,1.29640199373353e-05,4.66178912470164e-55,0.137864158975071,0.142024148482822,0.720098728522169,1.02746270661054e-56,6
"20198",3.49031408226234e-08,0.753252688590491,4.74413152608693e-15,0.00226012616693201,0.244332396335931,0.000154751850831667,2.15266842145277e-09,2
"20204",8.45516479654445e-08,0.000735323466767337,0.0438954305767138,3.53616051971335e-06,0.000329540184728344,1.09290917917211e-16,0.955036085059623,7
"20207",5.94622218888398e-37,0.00276261339782908,2.42667272766309e-25,0.0284826163461276,0.322421595718712,0.646333174537331,1.90846829274815e-43,6
"20209",1.89765653839447e-07,0.000113777754207545,4.19677851401552e-55,0.999884073602185,1.95887591653372e-06,2.14344422570529e-23,2.03754460337087e-12,4
"20211",3.3561697510336e-49,1.06835732680348e-07,3.85720512687679e-55,0.999802466151626,0.000194276447368455,3.1505652732286e-06,1.07903262461931e-38,4
"20215",1.96837830799934e-20,0.0720077848685075,1.2662394916197e-32,5.49177312338825e-11,0.0172772620935089,0.910714952983066,4.20850087522374e-22,6
"20218",1.13404729903546e-09,2.34560527171916e-06,0.992208115918157,7.1584410123897e-09,0.000364248979980955,9.863660005881e-20,0.00742528120410201,3
"20222",6.88291284878071e-37,0.00185775882826186,1.92674465441303e-28,0.00052870071724155,0.801124925731909,0.196488614722587,9.91216278263139e-31,5
"20225",1.35971179719103e-11,0.00580791301977233,1.65343251321479e-14,0.000502272401227094,0.992671861163247,8.91049831680306e-18,0.00101795340214018,5
"20229",1.93241898813996e-15,0.0724175030765007,2.80863419915241e-36,9.58914711882703e-05,0.927486605048846,4.03459613164098e-10,3.08013413238356e-15,5
"20232",4.95858053231977e-10,0.961217572340344,9.81409430906312e-27,5.8229523062685e-05,0.0386633979785065,6.07996622285913e-05,2.74130276398077e-25,2
"20234",1.26682410514471e-42,4.07963656177846e-15,1.51406117077211e-101,0.902716067770609,0.0352975080543061,0.0619864241750805,6.04108153545069e-111,4
"20238",7.18197369458707e-19,0.080090622578143,4.71289138230731e-30,2.62845122632413e-06,0.264002023287827,0.655904725682803,6.42031557130251e-36,6
"20253",3.86719831446654e-25,0.00259262885576906,6.36452570632318e-42,2.63199421088533e-10,0.00347443602212108,0.99393293485891,2.65951494266903e-42,6
"20255",1.14987464663849e-08,0.0534902996707821,1.25805473185187e-12,9.34632919709278e-05,0.000111528622830333,3.28935805109809e-10,0.946304696585476,7
"20258",6.2903539656351e-22,0.000446959461449469,1.92515974218095e-45,7.28380078735713e-08,0.00863026049612369,0.990922707204419,7.34032109379709e-35,6
"20269",9.84343182565443e-16,0.0156233713628895,2.54713427260356e-11,1.73854319354753e-08,0.28453435111101,0.699842260115196,2.65189634609464e-16,6
"20271",6.14863988087020e-11,0.000341575961873735,1.17913048502486e-56,1.67575370293948e-08,0.711960518868183,0.287697888350919,5.20578654507087e-43,5
"20285",0.03701606096802,0.00154383220534734,9.24613774645633e-16,1.27184964959069e-07,0.961439979641667,1.94657388863911e-18,1.43200294788314e-23,5
"20288",8.55516226342659e-16,0.940507124581003,1.03039152951956e-28,3.2148143064073e-09,0.0429061080190984,0.0165867641850834,1.11883831986288e-24,2
"20291",1.59459826512218e-23,0.00581240533667507,4.73939994841402e-40,0.968620663717879,0.0176479226275552,0.00791900831789029,2.87778549296775e-54,4
"20295",5.59728174085393e-10,8.30123508296798e-07,1.9423505286239e-24,5.74617234163047e-08,0.999819509201044,0.000179602653995958,1.71212590962043e-25,5
"20298",1.09149719140409e-05,0.0141825336098899,7.48182040893148e-09,3.54902932323456e-07,0.000309687548841094,1.71783879697228e-14,0.985496501484585,7
"20302",0.00227730849022446,0.0194207607433862,0.901343186760286,9.38499511710215e-07,0.0769545040386358,5.79861011790413e-13,3.30146737561019e-06,3
"20305",0.000215615765283624,0.00462942467486592,2.1835218585967e-16,1.17274459120139e-07,0.000153895975585978,2.00629495168262e-16,0.995000946309805,7
"20307",1.54697183500711e-24,0.0282218391816441,4.76339929743745e-37,1.76535906850298e-05,0.00631433646628979,0.965446170761381,4.1872423632546e-41,6
"20310",1.01729508318302e-37,2.3266894486302e-11,1.48906055464892e-70,2.74477569976322e-06,0.640626742959746,0.359370512241288,3.08613713788183e-98,5
"20313",0.00026141882720543,3.39745160971135e-10,0.997357059167528,5.77486199250124e-10,0.00238152108803528,3.97971923672618e-29,4.69216740018854e-19,3
"20315",9.02713133256805e-14,0.742216155896017,2.18922652878069e-38,1.99101536686712e-08,0.0421098900439283,0.215673934149811,1.0593370029471e-38,2
"20319",3.38930197713893e-43,2.9372801819738e-07,5.15761089095552e-64,0.736256924190028,0.242830664834493,0.0209121172474604,4.0861496512586e-50,4
"20321",2.07227815973366e-27,7.31332919939922e-06,7.23194787697159e-37,3.10555161369897e-12,0.00785867264099741,0.992134014026698,3.18470268266453e-43,6
"20327",1.62404963670955e-14,0.00119921621270044,1.19194018027674e-39,3.99880138785601e-10,0.0195052392613877,0.979295544126015,2.72656261777827e-45,6
"20329",0.97500271156879,4.38701957447439e-10,2.98872880073779e-12,9.2153792722867e-12,0.0249972879803043,1.54838458840999e-29,1.65187805049201e-25,1
"20335",2.90838201357211e-43,1.73477076266012e-06,2.10831705728061e-40,0.0193011507170753,0.0311631095532249,0.949534004958937,1.21223878617981e-58,6
"20337",1.34183316119992e-05,0.000570546711230267,0.998943801171956,8.12696300571468e-08,0.0001814979504574,9.10837862894366e-17,0.000290654565114942,3
"20339",1.01731446847957e-24,1.1330631783393e-07,2.70711689063255e-64,0.973736832412127,0.0262630542812216,3.33841605565797e-13,1.03384463396055e-33,4
"20341",6.08086092033928e-40,7.30036808681379e-10,4.95079411985496e-27,0.994500239480445,0.00549957470445253,1.85085065835498e-07,4.46514220599206e-63,4
"20343",3.80915970291926e-37,1.17060222150555e-08,1.44486472004401e-26,0.000199602609995348,0.762542562675452,0.23725782300853,1.07701818761453e-64,5
"20345",0.0711812296260735,0.910665174835557,2.01497390842195e-28,5.92788848820876e-05,0.00709763296080058,2.13523272316121e-08,0.0109966623403595,2
"20350",3.25750318152004e-15,3.53225913584938e-06,2.788076263082e-24,0.000240619958119345,0.999755847782641,1.0075860665395e-13,3.86788815101699e-53,5
"20352",2.05638441871033e-14,1.57770533591922e-10,0.999300265752135,2.69604017337982e-10,0.00069973377799786,9.34618765170517e-20,4.24714437781971e-11,3
"20355",1.73598610956834e-09,9.82678703747318e-05,0.0288009651798906,9.57509671916317e-05,0.971005014231466,1.50908553183758e-11,2.84084301928101e-17,5
"20358",0.989797588702633,8.85522671797241e-09,1.96957059519433e-10,4.0629115625738e-13,0.0102024021808865,1.95300819288818e-27,6.38903296838032e-11,1
"20363",2.70133460459128e-25,0.000353903258029955,4.39794088942022e-32,7.56084176871039e-12,0.00276066330102304,0.996885433433386,3.44473154688662e-30,6
"20365",4.26235170831797e-24,0.161244352930379,1.64790974493286e-40,0.820405622790043,0.0135012791506715,0.00484874512890663,4.44041435766629e-23,4
"20379",0.00484765094013811,0.36339418343667,1.97218225033008e-09,0.628893642505527,0.000837382842014372,1.07218921557049e-12,0.00202713830239571,4
"20387",8.27959901250719e-22,0.00848888516718535,7.15466093451511e-30,0.000160474725687868,0.00892752755306797,0.982423112554059,3.4621172344545e-26,6
"20392",1.49784812722581e-54,4.86696816880559e-10,7.38977544103411e-73,0.999875267939403,6.71719835032475e-05,5.75595903974315e-05,1.50617159836679e-45,4
"20395",3.95733197862756e-05,0.957510289788296,3.02391799268824e-07,2.75656972693589e-06,0.0306419310680343,7.19860878118718e-05,0.0117331607745448,2
"20397",0.999956221342168,4.05833488925961e-21,5.09994017189528e-10,1.30511777417882e-11,4.37781347863782e-05,1.54626615948492e-46,1.19198163881086e-45,1
"20410",6.51950085048487e-10,0.0391212053714739,1.45048058814183e-51,2.33309224036789e-05,0.0175827689001137,0.943272694154059,2.29844293990746e-19,6
"20414",1.15910899155342e-07,0.0421936854550316,0.00122137755788595,3.8318289152683e-08,0.139053522931027,2.54167055893276e-08,0.817531234410162,7
"20417",1.84599391407813e-52,4.95923527536317e-29,6.28228609928794e-124,0.999753546014166,0.000246453977828448,8.00537886920681e-12,8.05135873462347e-144,4
"20419",3.03509760051175e-17,0.000201759140546558,9.38150535643812e-37,5.82553346613053e-15,0.00458845317412706,0.995209787685321,2.34086234914088e-45,6
"20421",1.71544341897054e-13,0.0220896657117486,7.70271892590646e-05,0.924685307433315,0.0531479440650917,7.0837297627383e-09,4.85166846979969e-08,4
"20423",1.1814620603095e-08,0.0200613344990143,0.0122326444355337,0.0001731530819639,0.00254414969113557,2.78537153019259e-12,0.964988706474947,7
"20425",1.01369243464693e-12,0.254073721699603,0.0827110115775682,7.84231900574004e-06,0.644578484658778,1.22059356271338e-11,0.0186289397318256,5
"20427",3.31545862280802e-08,0.935389580795917,1.98331319725244e-20,1.35969646999114e-07,0.0293794042095703,0.0345951238095551,0.000635722060723864,2
"20429",3.60738439311487e-19,1.04249108907031e-06,1.01473533656348e-31,3.58577601801888e-06,0.991617403813637,0.00837796791925626,1.34885352137511e-55,5
"20432",3.10841991838482e-05,0.000503943476118297,0.0703975520651874,2.11898911098522e-09,0.197670836227533,5.88652178971343e-15,0.731396581912983,7
"20435",6.24720896575251e-12,0.366756815405635,6.81099268658954e-37,0.00163226443912333,0.597119741651268,0.0344911784977252,1.37833900269465e-15,5
"20438",1.0384526613852e-13,0.00381552745078964,3.62955511357688e-16,8.48784502693018e-14,0.0104328793668622,0.985751593182159,7.98996697364243e-41,6
"20440",4.87286776563966e-17,0.00379855411768991,3.44196598084757e-25,4.73786895609014e-09,0.089380017979014,0.906821423165427,5.04047831424853e-43,6
"20443",2.77070862631122e-10,2.66541169937948e-06,0.551429668454709,1.45003522135925e-07,0.448567520852982,1.73770537835525e-14,8.27308866426892e-24,3
"20446",3.40009418032111e-10,0.250749700973946,5.57168441985891e-15,5.3999407378913e-06,0.749238070532514,6.82821275267968e-06,3.35797546115724e-14,5
"20449",5.73175313019446e-10,0.965056021712075,5.27763621139497e-26,0.000190715694515875,0.0229164497019469,0.0118368123182811,5.20559193344442e-15,2
"20537",7.16227888978592e-26,0.000808196286756172,4.71518065456173e-28,0.650442767935231,0.0297569725171308,0.318992063260882,5.7196064753483e-31,4
"20540",8.60978684432918e-44,9.64627658523093e-11,1.54333498022052e-76,0.999894465392366,2.34759143088688e-06,0.000103186919740346,1.65581332571956e-59,4
"20543",2.68625961718651e-09,0.977406157884401,2.49533711381219e-13,0.000112843346409655,0.0104406943422283,0.0120402815070144,2.02334369914852e-08,2
"20545",4.70906247495773e-55,1.65453029963307e-10,1.3003810404065e-50,0.999983767639382,1.52628791058859e-05,9.69316059053493e-07,1.22919490285078e-41,4
"20549",1.2124494551211e-10,0.983872468941405,0.000111696142561646,0.0011345737859629,0.00627131108624634,0.00435753936438526,0.00425241055819377,2
"20551",1.60257135109312e-14,0.560895689047808,1.58067948807012e-11,2.23236448851476e-06,0.0052604238244143,0.433841654747465,1.43343874671049e-15,2
"20554",9.1669554927649e-13,0.0872670452453797,1.70825383988398e-19,5.3910303646723e-07,0.00722829599306396,0.905504119657603,1.65888841410539e-21,6
"20556",1.76021874882082e-18,0.931735227768343,1.30151875681247e-19,0.000535782138811761,0.0677164387476479,1.2551344869565e-05,3.27994885191216e-13,2
"20558",5.61195160250313e-25,0.00264044282208292,5.65050312876126e-32,6.89870388368311e-08,0.00475579784805983,0.992603690342818,8.04046106988337e-41,6
"20560",2.42292881617832e-15,0.068187775106115,3.53635134768259e-08,1.02345494667368e-11,0.0050714196267482,0.92674076989338,6.52294251516196e-15,6
"20563",1.95341212324285e-33,1.50987335102123e-07,8.60399146786554e-40,1.29776622342863e-07,0.0149479780642621,0.98505174117178,2.25095841150704e-60,6
"20565",1.15895430855048e-19,0.148433002325363,6.58668187749946e-12,4.84073069581857e-10,0.718573056666198,0.132993940517779,1.61871644033989e-20,5
"20567",0.000746718974304722,0.000974088702547558,0.940865198228919,1.71670622859853e-07,0.0533411762272282,1.11640835432715e-15,0.00407264619637677,3
"20571",1.53057293464654e-21,2.97791148490678e-05,5.21324032234372e-49,9.88812535605615e-09,0.999960423858412,9.78713861357313e-06,2.33000074537749e-71,5
"20573",9.28800891901841e-13,0.791350468705507,2.69978842973572e-12,9.46797777602297e-06,0.00897703666683342,0.199663026646255,5.73149184411567e-17,2
"20575",1.65920199185131e-19,0.000582832887471271,1.98592791583421e-41,7.79422774575067e-09,0.0972821588887855,0.902135000429515,2.50159790083048e-52,6
"20577",1.06885726346544e-07,0.986889909964072,2.6950301375969e-22,3.37412928009942e-06,0.0130811403041283,2.54675924997145e-05,1.12429316733808e-09,2
"20579",0.712179336010573,6.71516876045167e-13,0.279976871421129,7.77314904244749e-12,0.00784379255985263,1.44323643514498e-32,1.53769584434919e-20,1
"20582",1.9653306040084e-31,2.01630917348638e-05,1.74077151005859e-47,9.16035471006447e-09,0.00820713303286859,0.991772694715042,5.57283373375761e-52,6
"20585",1.20580614827136e-35,0.00173313826034966,5.6594059430894e-47,0.921406172985252,0.0198765314081189,0.0569841573462794,1.30491565920062e-18,4
"20588",1.56407458239189e-21,6.68982846197531e-05,5.23859285012282e-28,0.998649086749276,0.0012840149636105,2.49405482684359e-12,8.95592758681031e-33,4
"20590",0.0267475489904598,1.93113954251941e-09,0.972608445466042,3.35777770556641e-12,0.000643111093648276,6.02208879767008e-29,8.92515352567882e-07,3
"20592",1.16547295509545e-28,8.80213254718672e-05,3.55499025352096e-30,2.75268238559564e-10,0.00205244332382086,0.997859535075439,1.63166065532952e-57,6
"20594",3.9665765124066e-26,2.71090747443027e-05,4.47715805615524e-58,4.84895334598995e-07,0.0234338289579509,0.97653857707197,1.73689968795386e-54,6
"20596",3.63746167568926e-06,0.824943052549801,1.64722494407759e-15,9.27710262901284e-13,0.0554779395436001,0.119575370443994,1.8853389365958e-28,2
"20598",1.23797914098107e-11,0.338687733432807,1.04998118620816e-16,2.57398808192246e-07,0.00764446584393407,0.65366754331207,7.50693782482136e-16,6
"20600",1.95744285286504e-18,0.609797764867179,2.49741522453999e-15,0.326045012181455,0.0640263331909274,0.000130889760401109,3.51241643059893e-14,2
"20603",8.82337808383289e-08,0.754601006270438,5.26306530292692e-09,0.0687585613429231,0.123159436381173,1.94030143327831e-10,0.0534809023145901,2
"20605",6.97189406369147e-13,0.735164959190934,7.49177244881302e-46,4.03437878361664e-06,0.0162119187005236,0.248619087729062,7.93435289873849e-38,2
"20607",1.13818482457389e-09,0.341113146944791,6.77814911277538e-27,1.30026972117417e-11,0.00151474509349506,0.657372106810526,3.35563210545528e-29,6
"20609",2.22385539962938e-14,0.0459091724018507,1.27190416134504e-23,5.77238612272879e-08,0.0134461860050617,0.940644583869204,1.94693569738154e-18,6
"20611",0.773505469257435,0.0116011346966162,1.25680538300534e-08,2.18819349073693e-07,0.000347801780543789,1.26560546934903e-17,0.214545362878002,1
"20613",3.5070040074135e-09,0.459739501281258,4.21944086922701e-28,0.00104773300730357,0.00565140186141758,0.533554316272209,7.04407080797376e-06,6
"20615",2.17689767162452e-15,0.960992349900179,3.6697332645964e-11,0.000136505149732271,0.0373469186813763,0.00152422586827451,3.63739008948205e-10,2
