"","V1","V2","V3","V4","V5","V6","V7","V8","V9","V10","best$classification"
"19811",2.74892557137349e-07,1.64205312763111e-05,1.00206859295375e-05,0.000193026716959925,0.915112800610615,0.000277927990586121,1.83245981186898e-09,1.60684943296841e-10,0.0613885211425161,0.0230010054364151,5
"19813",6.80224511943266e-09,3.00242165626122e-09,2.57567820132215e-08,3.80598001501875e-07,5.7046335926046e-05,5.93107421506602e-08,1.89066471611318e-08,1.26279352518834e-12,7.56842639223034e-08,0.999942383601708,10
"19815",0.000105703007725463,4.74783684189326e-08,0.000945111792551912,0.00317576439485443,0.964540793456099,0.00834064976841179,1.59571851183487e-09,1.25550995425585e-05,0.0228791547421725,2.18664555642176e-07,5
"19817",4.18785649205786e-06,1.51413106218578e-05,0.000119469938541041,0.00542697914794864,0.592310411180724,0.0029333873200314,2.36604954099884e-10,1.93303530315012e-07,0.399187292244634,2.93746087136721e-06,5
"19819",0.252144855027646,7.69449637030623e-09,6.14256237317574e-05,0.0461561262090961,9.04037992743332e-07,1.40426920650084e-05,0.00333028258568919,0.698292000835662,3.55285788125888e-07,7.83247521957168e-12,8
"19821",5.32879075044512e-05,0.00181438161034551,6.42802292923622e-07,0.00489222745759456,0.384458209937583,0.000229211984776497,1.23026037589792e-07,3.9909192611204e-09,0.595637914571172,0.0129139967117748,9
"19823",7.73878971463825e-06,1.50226740690602e-06,0.727270522841031,0.0014175294729245,0.217939842638449,0.000153060450750771,5.48719225718535e-09,0.000845427595479867,0.0523640684317572,3.02025294174582e-07,3
"19825",0.00461107939002061,0.793381444870556,2.02570589121104e-06,0.00408862766455428,2.8957078259677e-05,0.00195357318754737,0.193265133274275,2.56679364312599e-05,0.00177464718918717,0.00086884370327738,2
"19827",1.27961088821343e-06,0.0102025592985655,4.70913896354649e-05,0.00113992305050289,0.00406468856565432,8.10779828066327e-06,7.93547004968532e-09,5.48351149070068e-07,0.984535767934629,2.6065224764644e-08,9
"19829",0.0558277397859638,0.00123516746919351,3.64365570834624e-08,0.940638670976957,1.39128311088979e-05,0.000165138309270177,0.00151492711249688,5.31254459593534e-05,0.000550935146446173,3.46486047457966e-07,4
"19831",0.101813915302798,1.58048587455982e-08,0.00291283729865794,0.762885458862581,3.5151712363413e-05,2.70156222466223e-05,0.0171107846217301,0.11521396614244,7.90322019039197e-07,6.43103043381421e-08,4
"19833",5.56792767118393e-07,1.56266824328247e-05,0.902352891296987,4.06045497105395e-07,6.96235739040001e-08,0.0029617849298793,0.000917012255915124,0.0937510438183153,1.37177509347078e-07,4.71377122967713e-07,3
"19835",5.32879075044512e-05,0.00181438161034551,6.42802292923622e-07,0.00489222745759456,0.384458209937583,0.000229211984776497,1.23026037589792e-07,3.9909192611204e-09,0.595637914571172,0.0129139967117748,9
"19837",1.00374708646355e-05,0.000821064840478634,7.96578090911699e-06,0.017627293718022,0.0453339258249223,2.29302138732569e-05,3.12761712905041e-09,1.20190258948368e-07,0.936176116379394,5.4245365973235e-07,9
"19839",0.0300602441201446,0.00756010018408082,2.0813159414734e-07,0.364998828384644,0.000130027690037679,0.000535908055980313,0.595761765187165,2.38644935764271e-06,0.000661463282738129,0.000289068514257747,7
"19841",2.8615821569684e-08,0.999859663057229,1.68745135849301e-10,4.11903727350551e-07,9.0412641712073e-09,6.42804606039326e-09,2.78527160028333e-05,1.56047121423582e-10,0.000107540334623996,4.48757849243175e-06,2
"19843",0.387264627829059,1.36477934289289e-09,1.97825519687646e-07,0.00847183522353913,3.86558256696473e-05,0.00093038002372729,0.598606671601106,1.17600675525874e-05,8.03802015577903e-09,0.00467586220102717,7
"19845",3.39267645417459e-08,2.5991631508992e-07,8.8766647912518e-06,3.84169091243453e-06,0.177199222920727,1.53379612694812e-05,5.44440766143973e-10,4.29996186724859e-11,0.000797026046537577,0.821975400285242,10
"19847",0.00010766685850366,3.77379329930217e-08,0.000106447144976813,0.00544597122103666,0.990170244157704,0.00129207835022761,4.26307586066786e-08,2.68707854812575e-07,0.00214016892101024,0.000737074269994968,5
"19849",5.64740568621716e-10,5.9209027449152e-09,2.84343807920985e-08,2.86189748651091e-08,0.00011531233172853,8.6840517203946e-09,1.56761608606731e-09,2.05184923467941e-13,3.06615600742777e-07,0.999884307261799,10
"19851",9.79792193159e-07,2.03386758282863e-07,0.000233136264267045,0.00032300126804513,0.946571041168356,0.000266662422768091,3.27487340789095e-11,6.63862843206769e-08,0.0526004173852245,4.49189335433575e-06,5
"19853",4.089009585747e-09,7.50091972220963e-06,0.0757724762470996,6.17628733560327e-06,0.842218658226917,2.06518282589056e-05,2.44705697439653e-11,3.39420812853654e-08,0.0734875822740327,0.00848691616107248,5
"19855",3.29871632301814e-08,0.00015307964191882,0.000516553955494573,0.000343921532026649,0.417692091952048,8.89748689225348e-05,2.29674137527307e-11,7.83184722656338e-09,0.580477241938777,0.000728095268834663,9
"19857",0.000223174422363053,0.00185306151482173,3.17309985011813e-06,0.357181485202493,0.331207952754591,0.00564187876303789,6.98808438011361e-07,2.24213024110412e-08,0.29075418070968,0.013134372303423,4
"19859",1.84779389761187e-05,0.00066108953474088,0.000508732377900708,0.061184027164894,0.181325834070808,0.00206838686703098,2.3102175295149e-08,2.13586053416299e-06,0.754226756354629,4.53672831081605e-06,9
"19861",1.64104970468915e-07,1.49836204731748e-07,3.22234787458597e-05,5.41717359563777e-05,0.964381994847118,2.60632727912001e-05,3.91123168682162e-10,3.03152732441114e-10,0.00493185873932371,0.0305733732906139,5
"19863",1.76482458054355e-10,0.00723591710112168,8.03470631209674e-09,1.54042737737457e-08,1.64422663917026e-06,5.00810788436494e-08,1.04245410518016e-06,3.74110930139261e-13,1.90090020188363e-05,0.9927423135192,10
"19865",2.40868070582706e-08,0.895510274825127,1.36555789892681e-08,8.01778533173836e-06,1.86813353843576e-05,4.32250253298632e-06,1.69454862038758e-08,3.49993059054647e-10,0.104458138610126,5.0990363185207e-07,2
"19867",1.13658744307196e-05,2.08142611860801e-09,2.95932164350399e-05,0.000151452170675952,0.998317784248884,0.000295127976422689,1.00437309856525e-09,2.40461313348177e-08,0.000790670289945441,0.000403979091275369,5
"19869",6.80350734861827e-10,1.96241892705774e-06,2.24404093344024e-07,3.50452739630019e-07,0.00550355769427018,8.57658273500719e-08,1.6966798876418e-10,4.29920121806843e-13,0.000278730389620337,0.994215088024074,10
"19871",2.93800029737518e-05,0.0014558352033676,7.25178174068771e-05,0.121369474698323,0.03406589244048,0.000429099425529004,1.00896882615588e-08,2.1670394103696e-06,0.842575311503506,3.1177931449076e-07,9
"19874",4.7214204922476e-08,0.0660611268474771,1.54321691348868e-05,4.25755712355735e-05,0.00287526991519759,0.000156109365617242,3.12909209603314e-09,2.01870048614804e-08,0.930848754539629,6.61061406423215e-07,9
"19876",3.92956030539425e-09,0.00753666332702077,2.08187677346736e-06,1.72999354675993e-05,0.0169847972128682,2.24621550559144e-06,4.2046495581866e-11,8.7210645526388e-11,0.975399866087609,5.70412859377026e-05,9
"19878",0.00175567231593671,9.07338256257144e-08,6.97900894319827e-07,2.77539409148345e-05,0.000512676619662849,0.997646600270809,3.80993116277694e-05,7.43913899140152e-06,1.03291484519909e-05,6.40618885026242e-07,6
"19880",2.27700070263149e-10,0.932440018810084,3.55554390678651e-08,5.59800033783496e-07,1.04499273220185e-05,4.91779157285536e-08,9.35147473307273e-10,1.4376045976339e-11,0.0675421430344025,6.7425175792964e-06,2
"19882",3.36531954297263e-07,3.09663473772981e-05,8.99166789848351e-05,2.28487839333806e-05,0.803718229460559,0.00186950573427833,3.46581095675853e-09,1.70561356296692e-09,0.0386821086284538,0.155586082663035,5
"19885",0.000474536983038115,1.37100922347047e-05,6.40303085299592e-06,0.162320123760936,0.585481848295665,0.00646383964256163,1.31280606930329e-08,4.00212665824076e-07,0.245235539458302,3.58539568283143e-06,5
"19907",4.43883814871183e-06,3.86999809659359e-08,1.05136791442033e-05,5.69360873298407e-05,0.986778915243912,0.000633344180890701,7.08388552786295e-10,4.74958349165602e-09,0.00248589725726697,0.0100299105553548,5
"19909",0.0510045774476187,4.04286500382749e-08,1.42516349759375e-07,0.947946378670564,0.000950561796902396,3.34301804548739e-06,5.57041541731112e-05,2.94915342888804e-06,2.51337687082024e-05,1.11690455593798e-05,4
"19911",0.00808462572816023,0.00079442920493444,4.61073375152306e-06,0.988394940507704,0.000127537941771552,5.55549872403457e-05,0.0010981039254042,3.55441067899224e-05,0.00140395729878792,6.95565455765893e-07,4
"19913",3.25628661844789e-10,0.999536327963865,3.2235940894812e-09,8.16141823832146e-08,8.31712305511379e-09,6.38091458007133e-09,1.01107541523131e-07,1.29004417146403e-10,0.00046343529825104,3.56398950134939e-08,2
"19915",2.87414001763081e-08,0.00771211490902437,6.63968789475719e-06,4.18980678999553e-05,0.0045049300337698,2.10994295420168e-05,1.10040081852322e-10,7.35780698151345e-09,0.987713142888672,1.38773950196614e-07,9
"19917",3.35619465288219e-07,0.725174894569856,1.50119819870391e-06,0.000340936553971638,0.00021411426818102,3.98171479010071e-05,5.83837850820977e-07,1.42627468147206e-08,0.274226788359036,1.01418279279864e-06,2
"19919",1.4253655799085e-06,0.003601382573448,2.58309089823662e-05,0.00170938083444366,0.0175418947713764,0.00145547920389495,2.86784611552871e-09,2.0313841489965e-07,0.975664275478687,1.24857326424097e-07,9
"19921",3.71846791886766e-06,1.99307226002411e-08,3.34184521996463e-05,0.000470836659879931,0.991600544629489,0.000579114006869156,1.19073072607484e-10,1.76631812341656e-08,0.00728247702852525,2.98530421413214e-05,5
"19923",0.000936799058011157,1.45034447094932e-09,0.000791176312921833,0.000225406329286644,0.127898006326533,0.870000010691262,8.6953572184477e-07,7.04618190571975e-05,7.32535025146419e-05,4.01497434793315e-06,6
"19925",6.63358140719259e-08,0.186020445482984,2.18260452640325e-06,5.37590757835227e-05,0.000719053940541115,6.99924362564606e-05,4.27319224767209e-09,9.73976088676353e-09,0.813134308803805,1.77307336838091e-07,9
"19927",1.04974326021323e-06,2.5072069120392e-06,0.000179556135349294,0.00174682811497334,0.802738892866701,0.000123846591362449,5.73150618543041e-11,4.99707638348637e-08,0.195196534468686,1.07348446771643e-05,5
"19929",2.44688772639334e-10,0.699663598104522,9.66513271365368e-09,9.91612913237001e-08,2.10532020875718e-06,1.17605829800772e-08,1.27787124795279e-06,5.97937919820965e-13,0.00057004951042656,0.299762848361301,2
"19931",3.71574268958349e-05,1.84331264005241e-05,0.000282305295593577,0.0104347039918992,0.501343611289292,0.000697426841655797,4.8141872437576e-09,2.18113532206822e-06,0.487183910484648,2.65594105373774e-07,5
"19933",0.0544834758273551,9.55140556800168e-06,8.58106415280955e-06,0.908878566447711,0.0147525332871054,8.48159009625909e-05,7.33437960346698e-06,0.00018076435262341,0.0215943478528637,2.94820549219955e-08,4
"19935",0.0143681928287299,4.58621964866052e-05,1.4512997756233e-06,0.126579532508766,0.75608735514717,0.00837624820825716,9.57769166629279e-06,3.19394171798622e-07,0.0942354215342463,0.00029603919073077,5
"19937",1.12484256070095e-05,6.47961544966935e-08,0.00107600242255928,0.00138795350128244,0.960495880260814,0.00104175191837957,1.23783002006577e-10,2.52906499446728e-06,0.0359841533274878,4.161589381108e-07,5
"19939",4.93120619492409e-05,3.5959828576969e-05,5.88480099257643e-05,0.00139488176321272,0.369322463200291,0.331725034747478,2.51896171528437e-09,2.24871697237721e-06,0.297409470797882,1.77835475093933e-06,5
"19941",0.0279822301074224,0.0119461369586876,5.31926932464907e-07,0.857436166062698,0.000115090180910122,3.89918608229775e-06,0.100350102881852,5.80456397197537e-06,0.00212021504232514,3.98230891173408e-05,4
"19943",3.46645799564225e-09,0.952133482142488,1.98167998282892e-07,3.16631063535499e-06,2.46743265374576e-06,9.62450001301137e-07,5.72632948095336e-09,3.63699939051528e-09,0.0478596832575958,2.74088403202969e-08,2
"19945",0.119779268942125,3.38917103104172e-07,3.38949228446719e-05,0.862046687163096,0.0134242761016917,0.00261731613922088,7.21571253492447e-05,0.000555004583268195,0.00147104339632564,1.27089758152294e-08,4
"19947",0.000986234194669907,0.471853243528188,4.91428135740867e-06,0.505893386034178,0.00015773381156642,0.000151455836147076,0.00146775331165417,6.3159064832941e-06,0.0115492148181654,0.00792974827759053,4
"19949",0.0213523286272877,8.64185726249795e-09,0.000158549027608411,0.00220641747481854,0.105502157312397,0.869549750878944,1.9001078058706e-06,0.000736443691442931,0.000492372897737569,7.13401008265163e-08,6
"19951",2.54472623134688e-05,0.100832872923519,5.85619195382116e-06,0.000851426072955901,0.00897219649988518,0.0425817841149193,1.57499791630543e-06,4.05011760698935e-07,0.846726633761236,1.80316354044941e-06,9
"19953",0.0744872992295115,3.88856452003813e-10,0.0417495111614939,0.0198823311048298,0.000564926486335179,0.000835571737900382,0.000102334553944225,0.86237598675479,2.03589388980201e-06,2.68844931711647e-09,8
"19955",0.152778697281283,9.6808548666727e-08,0.00157164792017104,0.484295504195928,0.00130889890264502,0.327359427079968,0.0132833488680471,0.0193901058049,1.0142847713486e-05,2.13029079550962e-06,4
"19957",4.28667921987311e-06,0.406823673809266,0.00636107106878264,0.0683963539053397,0.00174804093861773,0.000210964087438834,1.9167376296184e-06,3.52132135683462e-05,0.516411428385284,7.0511748536019e-06,9
"19960",0.253545263986917,4.14139515469841e-05,8.66799389878265e-08,0.739286455784596,0.000102314766697365,0.00534063178646654,0.00150868636529246,5.74358332805125e-05,0.000107179089680087,1.05317555833186e-05,4
"19963",8.77234380310364e-07,0.943782587941176,0.0451287276316751,3.22553289514628e-05,1.1233366905134e-06,8.12276807396345e-07,0.00902603979814428,0.000986839610099796,0.00103651064792837,4.22619414671562e-06,2
"19965",0.843556931242672,4.17553623418448e-10,7.22019071386614e-07,0.0311306410582974,0.000222501197448805,0.107015733309245,0.0178724183852092,0.00019114520505481,9.56196998837535e-08,9.8115457481047e-06,1
"19968",3.85826126801849e-05,0.699828292837572,1.29942728356964e-09,0.00153425534146989,0.000976257023829551,1.3736102360394e-05,0.000128729866849172,1.01332426230227e-10,0.0412745510910015,0.256205593723477,2
"19971",2.528217336447e-06,0.998727331669743,2.75579924113269e-06,1.45915320711729e-05,3.48891278935907e-09,8.6373311234207e-06,0.00102023867376957,0.000155618791704232,6.82820243485729e-05,1.2471749660906e-08,2
"19973",2.50851162752653e-06,0.000119982296639797,3.44394706072e-06,0.00214994566431194,0.325125918279595,0.000290670996457707,5.42987009534762e-10,4.556551660311e-09,0.672291907316907,1.56178878616458e-05,9
"19975",3.28777229883745e-07,0.531551558561121,3.76620029837763e-08,0.000257449884337619,0.000685636031826515,3.40954008455539e-05,7.84361726409316e-08,4.0918383197995e-10,0.467456102331969,1.47125053115642e-05,2
"19977",3.04417023566027e-07,0.996709993192921,1.05861899218562e-05,5.97519551669001e-06,4.46202688015638e-06,0.000400180642197757,0.000167604034345727,4.98285641824282e-07,0.00268323762491271,1.7158390639102e-05,2
"19979",0.890669066238589,9.73560914368132e-08,5.6064552021066e-09,0.0685367766047555,2.91539403062387e-08,8.98298138945401e-06,0.0366607934751989,0.0041241692383154,7.93244316566317e-08,2.08331363113616e-11,1
"19981",0.000219077766888996,5.95137240751195e-06,3.13125807820853e-05,0.638505683478788,0.324159426790541,0.000212966249431677,8.5497839233385e-08,2.12403348797833e-07,0.0366427110455811,0.000222572814391076,4
"19983",0.00118796717472847,2.52132138310167e-07,5.90537267052703e-05,0.172142368583523,0.68628823790175,0.133588936094833,5.50456537387187e-08,2.2875398384989e-06,0.0065923304768762,0.000138511323953555,5
"19985",6.31944907457409e-09,0.0738472598735655,1.60461227575815e-06,2.35088475804421e-05,0.00298552749825937,2.88929265845909e-05,3.10523795635877e-10,3.42995290111496e-10,0.92310584380339,7.35546537590678e-06,9
"19987",0.00131096682436201,0.0014635238349004,9.72576565580158e-06,0.395276079042644,0.0412950887504465,9.06877326131161e-05,7.71095898334115e-07,5.24577538616674e-06,0.560547292930277,6.18247816281388e-07,9
"19989",0.977564625273734,1.41263662529807e-11,2.61263844597381e-07,0.0103696848963006,2.67087746606694e-06,3.08424796554944e-05,0.000742663556067709,0.0112892338796968,1.77440309100636e-08,1.50776489559981e-11,1
"19993",0.0418409467653021,0.00068010931749219,1.93662254811305e-06,0.0282389913582967,0.0183393281992903,0.778977360529295,1.4716748743706e-05,0.000156784698769614,0.131749754888899,7.08713635918193e-08,6
"19995",0.276752030728261,0.000461043844556713,5.66628880174303e-06,0.571164220422072,0.0400247661464137,0.0480310320762294,0.000696015579831114,0.000101112436778041,0.062762563340876,1.54913618047034e-06,4
"19997",3.8703776787556e-07,0.000221332073721163,5.2919980541333e-05,0.000455679163009429,0.26996047605614,0.000138826598688577,8.94593057541358e-10,1.00407961516336e-08,0.729158310052951,1.2058101791232e-05,9
"19999",1.57296074069707e-08,0.00143750294932332,4.87532800219756e-06,0.000122159778206294,0.105734777033674,9.86790262153047e-06,5.29352428725572e-11,1.31116298068533e-10,0.892303075068555,0.000387726025959457,9
"20002",2.17537438196723e-06,0.684288620090335,6.69720188450612e-07,1.12676349324723e-05,1.28497920746712e-05,5.03029965673609e-08,0.0203502001432594,8.83747762372468e-09,0.000653423159738255,0.294680734944616,2
"20004",0.0329855560636888,0.000135715697303033,5.72226943437168e-07,0.956013893022106,0.00451976441730415,3.19090118978718e-06,0.000313715702950518,2.74786641304126e-06,0.00599435344678282,3.04906553183151e-05,4
"20006",0.0512787316909568,9.82531168667682e-05,5.08076851605505e-05,0.496037912060689,0.00113269197853072,0.445367488841726,0.00494290280628897,0.000310208034352311,0.000210754639886715,0.000570249145541945,4
"20008",0.0838580969457027,5.580640029918e-06,6.39915987683678e-05,0.00159103795822877,0.00250713502729257,0.851235836108594,0.0600324067451126,0.000596264487945537,0.000101570080682212,8.08040764376237e-06,6
"20010",0.33756105714853,3.30097023668699e-08,0.000159990779787757,0.164396197439427,0.00485007340009189,0.46136967443195,6.30212396653648e-05,0.0314130871845988,0.0001868646911867,6.75059962908962e-10,6
"20012",7.96764874930471e-07,0.234795204423309,3.4721033102748e-07,5.41827369833335e-05,0.0140692787055083,0.00149662294579172,5.53770766843963e-08,1.09560898919754e-09,0.741989820872321,0.00759368986819442,9
"20015",0.989193495967854,4.34293540161808e-10,7.46824258543212e-11,0.0045437285553196,2.0417894165482e-06,0.000774733387582052,0.00548225775194314,3.69195529723597e-06,1.47378858389062e-08,3.53457257399917e-08,1
"20017",1.22282413836058e-07,0.000923831444998621,9.07759768098291e-06,0.00116427183028737,0.232160718419356,2.39405354118119e-05,2.02901288487799e-10,4.7804818277127e-10,0.763875491450519,0.00184254575838237,9
"20019",0.954192057612936,9.98055011237051e-11,7.99924903251714e-09,0.00181532875042585,6.02681060434586e-09,0.000256809338562085,0.0263183725503478,0.0174174172587681,3.61285944994203e-10,1.80941074758835e-12,1
"20022",0.237688820360071,1.09125673189014e-08,2.34534961504888e-06,0.756878891764801,0.000430107823218514,0.00364679710283987,3.72591536562621e-05,0.00129116798877708,2.45988493467595e-05,6.95106745288663e-10,4
"20024",0.124877752337475,7.5286206918907e-10,0.000188188843392602,0.00359940642414041,4.74912144664854e-07,8.23584194253374e-05,0.0124252067350213,0.858826602024486,7.42962684227751e-09,2.12142594580244e-09,8
"20026",0.124877752337475,7.5286206918907e-10,0.000188188843392602,0.00359940642414041,4.74912144664854e-07,8.23584194253374e-05,0.0124252067350213,0.858826602024486,7.42962684227751e-09,2.12142594580244e-09,8
"20028",1.49175562229716e-08,0.00264845942900736,1.2773488254538e-05,4.54237921762162e-05,0.0361300288420366,2.00094428097603e-06,1.65840744924789e-10,6.5954917967704e-10,0.961141406006831,1.9891754467304e-05,9
"20030",0.52646937678265,2.55384099702729e-05,2.85621576980081e-09,0.316746166244468,5.92565127872002e-06,4.11085763657089e-06,0.156721776238907,1.39684861477271e-05,1.19898023985675e-05,1.14467032703944e-06,1
"20033",6.46228977677037e-06,0.00719113054978894,2.09060797734271e-06,0.00983399690790959,0.0158286113263508,4.54100667979885e-05,1.15068953867977e-08,4.22513699190944e-08,0.96708821362736,4.03086577300812e-06,9
"20035",0.972988002362276,6.50184617441817e-11,9.69443639384722e-09,0.00158582588592089,1.86078627597486e-08,0.000328175223179528,0.00268541728440854,0.0224125500282875,8.44244226109659e-10,4.36526906706465e-12,1
"20037",0.991344711607531,6.99440553894373e-13,4.65673272669437e-09,0.0012469767205659,1.56009199250581e-07,0.000391828875063117,0.00635485945957908,0.000661462345013379,1.07988241200348e-10,2.17627356720045e-10,1
"20039",5.4411375893338e-05,2.53160965271278e-13,0.00177507667956289,2.17439208614839e-07,8.05874176513757e-09,1.33078834348342e-05,9.42662774151925e-07,0.998156035858314,4.09629832494326e-11,8.54450481736341e-13,8
"20041",0.000345219323402888,8.43884974994161e-07,0.000176483705384447,0.0117615777268122,0.00211764716885337,0.985218130779887,4.68463221017857e-07,0.000100004799533198,0.000279160324805909,4.63823124985376e-07,6
"20044",0.00258147412608415,9.80172637695913e-05,0.000656516962640146,0.0837027693116156,0.00391826052294336,0.90271449009917,4.20793582695895e-06,0.0012311701290873,0.00509027707264905,2.81657621393901e-06,6
"20047",0.517751623201821,4.83625791485028e-09,3.55608799423459e-08,0.00444859926719942,7.53888911635956e-10,1.25470369717506e-05,0.404236702051113,0.0735504865724741,7.17916300564522e-10,1.4775769528072e-12,1
"20050",0.0237396879193514,2.64248169226601e-07,0.00149049064121813,0.00133721765524037,0.000332385106653892,0.565418324727842,1.75685174404625e-05,0.407466617362475,0.000197443805745219,1.58644996972329e-11,6
"20052",0.000491368982388991,0.00129653465814391,0.000542033038989885,0.111579261743292,0.0648417577650661,0.0167682200745169,9.50953504453325e-07,8.14062439241351e-05,0.804398422536533,4.4003640385944e-08,9
"20054",0.297086731100356,2.23134193529733e-07,8.06662017633174e-10,0.701154434840603,3.51921047221901e-05,9.77980649935675e-05,0.0016176068046585,1.20834158250479e-06,3.7834946685022e-06,3.02130756030153e-06,4
"20056",3.21528072931888e-06,0.947827262355993,1.94451391017959e-07,5.75307999644536e-05,1.19103953950825e-05,1.29395488542203e-06,8.8145081515488e-06,1.27438172191876e-07,0.0520895652856212,8.55296962608588e-08,2
"20058",0.985456539606502,2.79432480700014e-12,9.1550555276967e-08,0.0114461265653358,4.28295326981828e-06,6.07952327892244e-05,0.000772351099693438,0.00225980794716065,4.76624676047798e-09,2.75652565080949e-10,1
"20060",6.96693936343732e-05,3.28033262619865e-06,3.16948557471569e-05,0.00205653236931723,0.841339708659124,0.000563937665864415,2.62702209641073e-09,4.15248229010585e-07,0.155930942666447,3.81618198820506e-06,5
"20062",0.000797555464945094,1.25600366035206e-06,1.27340318900327e-05,0.00798139300772966,0.810622025141314,0.138321811897919,6.52537491359046e-08,9.25949996289019e-07,0.0422575993247051,4.63392409120864e-06,5
"20064",0.0785436844786387,2.3535856752546e-06,1.39068974121978e-07,0.919713467515977,0.000673399188910974,9.47722317981678e-05,4.13966162477996e-05,2.41594986026732e-05,0.000906622658142264,5.15703272224531e-09,4
"20066",0.841759815541794,2.0126619205278e-06,7.73979644741621e-10,0.0693681766958161,1.96566231704818e-07,2.26316075534514e-06,0.0887703725898986,9.66629814673805e-05,3.97871318354339e-07,1.01156818496235e-07,1
"20068",9.06067849312203e-07,2.73898294188098e-07,2.49873724221608e-05,0.000231933061867343,0.979311215328965,0.00160609668955854,1.07999204467133e-10,3.64241290241124e-09,0.0185732861668704,0.000251297663760796,5
"20070",1.8633107936415e-06,1.28490757847542e-07,0.00755899324883974,0.000231421368790392,0.971501153279125,0.0034071145038001,8.83173614569113e-10,1.07376918120519e-06,0.017291550389696,6.70075584287734e-06,5
"20072",0.936257458810848,3.40977738702294e-10,8.71653947112064e-08,0.0525038489022593,0.000838923034833631,0.00463388656178999,0.0043559260216156,1.34391443550361e-05,1.49093462805825e-07,0.00139628092446329,1
"20074",3.51680863449219e-11,0.999501835014623,3.16007235479555e-09,1.39739256002122e-08,7.20267581571072e-08,1.46670057957702e-08,5.94820785954364e-08,2.17365915042119e-12,0.000430596418943525,6.74052192514731e-05,2
"20076",0.000129231520063151,0.478595430136865,6.0526723970648e-08,0.0918612313160996,0.00284458977837576,0.000163216963196935,0.000271057500075739,2.04357057706877e-09,0.0597347338941973,0.366400446320832,2
"20078",0.0572875430981615,1.65704301350037e-06,4.18248742399648e-05,0.938126217733733,0.00210044751470225,0.00101466685642367,0.000443172646584558,0.000423897708124649,0.000560541469799189,3.10552173163811e-08,4
"20080",0.981491558747446,2.57337976467859e-10,7.42760058927209e-09,0.00821791336685915,5.42581978782154e-08,0.000148433045442051,0.0023842719218443,0.00775775321798356,7.75659683813751e-09,6.92155892285147e-13,1
"20082",0.000302726567211158,2.17674364273234e-10,0.00107787619095771,5.50318864482875e-05,5.78475681673241e-08,1.86296182506066e-06,2.97697641266868e-06,0.998559440084393,2.72674401783913e-08,6.88592438267299e-14,8
"20084",0.0168505104486882,0.00241438781560509,6.77552540837616e-05,0.968210531528894,4.7445038775931e-05,0.000147919782281667,0.0067822336096981,0.00283809420633722,0.00264111616279725,6.1528385584404e-09,4
"20087",0.558567074664626,6.70083354832014e-09,3.34937038056301e-05,0.352353716097471,0.0477467553653802,0.0396662018360491,0.00138241582813978,0.0001961285155649,4.85749200739986e-05,5.63236805582017e-06,1
"20090",0.834074712155785,1.43040425612038e-09,3.92665527560866e-07,0.00278192139059655,8.35030514451033e-07,0.0536066062506401,0.000842616094038681,0.108692805629194,1.09351704905445e-07,1.59421491201018e-12,1
"20092",0.000221382003086655,6.77374749030217e-11,0.944739927971537,0.00295539105541931,0.0313706447598415,0.0163782417221355,7.10332056710992e-07,0.0043159497639118,3.49003828634075e-06,1.42622859879705e-05,3
"20096",2.57887095078962e-05,9.38786238758033e-05,0.935890902615339,0.0156501276630965,0.0122556925908363,0.0141066432419788,2.2067711599429e-06,0.00337590211228236,0.0185986729726524,1.84699270772683e-07,3
"20098",1.16480800253279e-06,0.00403535909191154,3.74628274154212e-06,0.0010685576684151,0.00934450647164685,6.63406388730547e-05,9.23583826203186e-10,6.10564438423133e-08,0.985479988115839,2.74942542692487e-07,9
"20101",0.659551623716799,3.36279902888467e-05,4.3837001475041e-07,0.285546051361644,2.04294343109143e-06,0.00108873139150565,0.0420419283468686,0.0117000615579415,3.54941719226034e-05,1.49583325258939e-10,1
"20104",1.23815983362749e-08,1.55358124851531e-06,0.98787797492145,4.20676596980495e-05,0.0073230885467071,1.05025736296183e-05,8.63618987291633e-09,3.5793893327183e-06,0.000375661536253642,0.00436555077389281,3
"20106",0.800901479035611,3.64222307166061e-06,8.31016244944869e-09,0.188359246013729,2.72836323919523e-05,0.00970171327286437,0.000678710354608103,0.000241024696203317,8.68920170877424e-05,4.44271032492657e-10,1
"20108",7.2010602778223e-06,0.000568639385168465,8.24430821023446e-06,0.00688228707713201,0.207689772048827,6.85220456988217e-06,1.54210165912813e-08,1.17356793686986e-08,0.784782247525506,5.47292336126468e-05,9
"20110",0.000112875501146858,0.00933454139270696,0.125109235718267,0.00420402145066209,0.0100296805105676,0.483721088650382,3.90561073074501e-06,0.0111618382960809,0.356322800010226,1.285923007948e-08,6
"20112",0.556098820541492,3.48917321253119e-07,1.47783031040595e-05,0.0245840290461222,0.00150941266232925,0.398179829248746,0.000219884774326768,0.0190473266938686,0.000345568927130612,8.8555899243391e-10,1
"20114",0.00560512621146158,0.0018429136181584,6.07788326018016e-06,0.983750515081606,0.000134369044849961,4.10293961555632e-06,0.000192984371539754,9.48171918197107e-05,0.00836906266025832,3.09974305111432e-08,4
"20116",0.020435495550975,0.00166780364221736,6.10464460681642e-09,0.974380038059454,3.03237091811506e-05,1.69108881921968e-05,0.00267499965144827,1.01999966681621e-06,0.000790995853478283,2.40654074176381e-06,4
"20118",0.000503139820743329,0.00152686012591309,2.35432552284905e-05,0.690669522295561,0.0101965746346442,0.000126987252717766,8.12894140241134e-07,9.76518362024636e-06,0.296942685935079,1.08602352285883e-07,4
"20120",0.486045112792881,5.78849728201581e-05,1.56359319796162e-05,0.355169531883696,0.000120635545668448,0.0108855647821655,0.000234304877585953,0.145130135650691,0.00234119350562326,5.68893072566441e-11,1
"20122",1.08325774352916e-08,0.969130532082275,2.07907577078957e-08,5.07455268718552e-05,6.04369291295281e-06,1.90680633282729e-07,4.61393342142123e-08,1.5682701050475e-10,0.0308083180274861,4.09207032451944e-06,2
"20124",0.854363905925988,3.54273582844683e-11,2.82906655282012e-06,0.120746850784623,5.5807095439331e-06,0.000881710362614086,0.0175760584445172,0.00642304916940199,7.08796439436827e-09,8.4133677100879e-09,1
"20126",0.00042824250643115,1.64348769135393e-08,0.0408895910579518,0.0019433826427335,7.7452709159575e-08,5.48097022547862e-05,0.000996326962188394,0.955687535381221,1.17438248042622e-08,6.11580887679955e-09,8
"20128",0.0187223958909839,9.45674130312896e-12,1.01644004885621e-05,4.7822052769486e-05,1.77455335337361e-10,2.27263237210157e-05,0.0598044329446866,0.921392458193106,3.85399982275374e-12,3.47816585890706e-12,8
"20141",7.05168560383514e-08,0.00151371594523622,0.753338432168295,0.00182582989267438,0.0127228632447644,1.55803995105739e-05,1.27455203767751e-09,4.45971863345284e-05,0.230533238252826,5.67111895097148e-06,3
"20143",4.4202537965074e-11,0.999473445436452,1.47739391074832e-09,2.1640207738387e-08,1.57866569083855e-08,2.14491594146802e-09,1.38569191094253e-08,7.02364408974035e-12,0.000525673603075612,8.26003153127424e-07,2
"20145",0.586514878252529,6.45127591084231e-08,4.41539366533023e-06,0.395688841806164,0.000650971503516397,0.00671135298868956,2.41239727696329e-05,0.0101982426916112,0.000207108835321889,4.29736907256207e-11,1
"20147",0.209653798336913,6.50920382874e-08,8.15692622544686e-08,0.789720147745941,6.16280605423393e-05,0.000296572972891418,0.000114073597499871,0.000132587318206355,2.1044743630117e-05,5.63075513462239e-10,4
"20149",8.63292841775225e-10,0.964865056002291,1.80946806103581e-07,3.79186446931535e-06,5.68907683787027e-06,3.17071761778834e-07,7.97377697531336e-09,1.44158492706335e-10,0.0351228169230609,2.13913354440677e-06,2
"20151",3.43103999074424e-06,0.00134011034236406,1.99130042273876e-06,0.000729230549179672,0.0302186259570578,0.00011184954913636,2.37525627408819e-09,3.29146339947154e-08,0.967594432528621,2.93443337322196e-07,9
"20153",1.45112916008718e-05,0.0238991897674559,0.00131906183579092,0.000688212382394775,0.00214666552718081,0.00118017798962995,1.18916378001721e-07,0.000306200685948815,0.97044586046734,1.13627969389004e-09,9
"20155",0.700464540093041,1.11914224833666e-08,4.38792914508167e-08,0.224407510432547,2.15490433935649e-05,0.0741171477847364,0.00055137257076196,0.000436725071934159,1.09630849413056e-06,3.62437750634848e-09,1
"20157",7.01840559693612e-07,0.0141211427898815,3.63164576393502e-06,0.000154098911185549,0.00403648586530939,6.28281419459975e-06,2.5542507341978e-09,6.11823817255713e-08,0.981677436658356,1.55738116748334e-07,9
"20160",1.51287639933779e-10,0.998764403521001,3.19862451113598e-09,7.61905003007206e-08,2.81822108133133e-08,4.7136783731741e-09,1.68953999615324e-08,3.68910802473188e-11,0.00123535300862558,1.14101781125203e-07,2
"20162",6.71014255136275e-10,0.808460768172797,1.13482082042708e-07,1.75702181504298e-06,3.82107189019384e-05,1.66299667280285e-07,8.06280221947055e-10,5.79906956517501e-11,0.191495387845766,3.59492368613398e-06,2
"20164",1.55658745987316e-06,0.353890823857643,2.11088000373209e-05,0.000130729931524567,0.00123287871337621,0.00102210803114474,3.51918321300465e-07,3.52869942249704e-07,0.643699447399333,6.41891218008099e-07,9
"20166",0.260202304099017,0.000317037136892047,1.20643231079588e-09,0.0321287672655303,1.92057655465406e-06,3.12554114160911e-05,0.707276888762891,3.10561368831214e-06,7.46065494638567e-06,3.125927263188e-05,7
"20168",6.45032154785032e-05,0.000631678053994902,1.41775900493518e-08,0.000113158709834927,1.80751189283721e-06,1.51725804578853e-06,0.287986820954051,5.73583975070062e-09,1.03318756204445e-06,0.711199461195711,10
"20170",4.17472805377933e-07,0.00715411526107681,4.82398742917413e-05,0.00311987977740093,0.00572165753512736,3.1078982507212e-05,1.11625844112835e-09,1.87355366781511e-07,0.983924331658586,9.0966578896115e-08,9
"20172",0.529433213877193,9.33912149452851e-11,1.58861678873441e-06,0.467615453516372,0.000686072476810253,0.000820359541129012,8.49004668770425e-06,0.00143191377702799,2.90717013468344e-06,8.84465217260079e-10,1
"20174",2.08281545821615e-08,0.0217846329437262,1.4862387271024e-06,9.07279938308021e-05,0.0750197314337297,4.80325816902998e-06,1.0751484160527e-09,2.65710403943331e-11,0.745422724449505,0.157675871752438,9
"20176",4.87568298913809e-06,5.29764800932111e-07,8.8322154974093e-09,1.06855949718127e-05,5.47770823628247e-05,1.39698717600037e-06,0.000146715746868386,1.27166994585996e-10,6.60764445505673e-07,0.999780349417003,10
"20178",1.58794261055622e-10,0.999372872575387,3.24003058078621e-09,4.93135649901391e-08,9.78701625290833e-09,5.75091936525174e-09,2.40698059101322e-08,8.84710449327533e-11,0.000626995735185512,3.92808251362856e-08,2
"20181",0.378027018507649,0.00312655194819825,1.85157275774119e-09,0.448893723403516,1.64032536227054e-06,1.44994802731901e-05,0.169797542349943,2.7495476754585e-05,0.00011130325880937,2.2339792213147e-07,4
"20183",0.000222680423690949,2.88451477688057e-08,0.00225658386822327,0.0311812831238377,0.949982108533427,0.00144097406273054,1.88581745029494e-09,2.76411446018082e-05,0.0148882762046771,4.21907846354265e-07,5
"20186",0.000496088566851885,4.89890816149643e-11,0.00198318235806302,0.00250893953609403,0.992847496587647,0.0019979869399034,2.33114813337967e-08,1.13490799689546e-05,6.259680022272e-05,9.23367707785849e-05,5
"20188",4.48288961411003e-10,0.986533505808628,2.71724451912463e-08,1.54448658595076e-07,6.92283195401369e-07,4.88457858355064e-08,7.97230733299399e-09,1.41048183320666e-10,0.0134654373755368,1.25504105944473e-07,2
"20190",0.979451544046712,4.83190639551837e-09,3.67079737227077e-10,0.0193074598381337,1.45314323362886e-06,6.62871417115509e-05,0.00112757354570528,4.54903847487272e-05,1.85872040370977e-07,8.28728765857036e-10,1
"20193",1.57885794469065e-05,0.922549590066945,9.73929115791686e-09,8.71677002229339e-06,1.45690481055601e-06,3.89249780682708e-05,0.0731335617254821,8.73131760210794e-09,0.000244797710877221,0.00400714479373924,2
"20195",2.92530518013259e-05,0.0921749870138747,2.40548871575171e-06,0.00104509027036214,0.00343423423070133,0.00246271356993103,7.59643859716158e-07,5.93375968536022e-07,0.900849652016385,3.11338401016424e-07,9
"20197",0.729213918111075,4.3191306754914e-10,5.51594450442932e-07,0.253181226079087,0.000612896630176121,0.0162819381849881,9.20322511370539e-05,0.000614250107090169,3.18293302785916e-06,3.67705507598475e-09,1
"20199",1.09492940177419e-08,0.158961691917161,2.36600847804873e-05,3.86195065993636e-05,0.000653059283654869,2.49366749410084e-05,9.35772401118206e-10,2.14694866064442e-08,0.840297827576282,1.71602028287227e-07,9
"20205",3.40566510716735e-05,3.2775273934862e-11,0.0576602867972292,6.52661324030258e-06,2.12218578166725e-06,0.000828192034835259,8.39097936152984e-08,0.941468666922092,6.48510238611215e-08,2.15737462501472e-12,8
"20208",7.71566401138432e-05,0.000496450946796405,6.37149161809104e-06,0.00998824861072555,0.18311122816229,0.00150632801615735,2.83807939353204e-08,3.18095083538768e-07,0.804805075097033,8.79455938791211e-06,9
"20210",3.74212269932509e-09,0.487410736674113,3.53737070250005e-07,7.06208235069391e-06,0.000147683866814988,9.7598129769735e-07,7.71850398549217e-10,4.64994969417952e-10,0.512432053743939,1.12893544563858e-06,9
"20212",1.16403920307279e-06,0.102430300646041,1.4118212458118e-06,0.000179226551883816,0.00185545847373956,0.000109984920273594,3.86958633368948e-08,5.45405025859977e-08,0.895421698458987,6.61852260752089e-07,9
"20216",0.246849560729721,1.58671295163154e-06,2.27582799106213e-08,0.752758329545245,6.13248961035336e-05,6.0013183172323e-05,0.000127152171824551,6.32065340593644e-05,7.87885618728042e-05,1.49067703615762e-08,4
"20219",0.0659078140725337,1.83995773942991e-06,0.0131346030626631,0.144029312623385,0.000405835019929203,0.0160085319193073,0.000759914841408269,0.759386403566945,0.000365744839006991,9.70825857048534e-11,8
"20223",0.675063809011786,5.20027787725171e-12,4.51601298354757e-08,0.000425804246590581,3.54186200048404e-06,0.00074390655694844,0.323594044766878,6.74770616086765e-05,1.2915375679238e-10,0.000101371199703404,1
"20226",0.000507071025415831,2.45389747517013e-06,1.15773251210382e-05,0.000612413394744253,0.00778411782554998,0.986876700244016,1.46961140833724e-07,3.36667720674331e-05,0.0041718441711484,8.38332105064258e-09,6
"20230",0.990586676376048,2.9715497706014e-10,1.71860759260915e-09,0.00660599024600394,6.22253641254212e-07,1.9378387413669e-05,0.00255588047146208,0.000231429873667699,1.9983214501202e-08,3.92786918978339e-10,1
"20233",3.25006563433488e-10,8.71724726757263e-09,0.999818635895291,1.11372776913304e-08,3.97972572852296e-06,1.12368858268048e-06,1.67060801736206e-10,0.000174358238000925,1.881612547805e-06,4.93256297005148e-10,3
"20235",0.768031378999683,7.84125857335496e-11,0.000459222456323779,0.0484833925805196,0.000407324851400911,0.112888919865315,0.0340773294347686,0.035629509915953,3.94022314037364e-08,2.28824153924863e-05,1
"20239",0.385572419176405,4.63998514459527e-08,5.28420209008835e-05,0.389874954802542,0.021918383890642,0.176929616174845,0.0245217843961427,0.000134612241250103,1.44867549006257e-05,0.000980854142520184,4
"20254",0.000422996013733019,8.49955094869116e-12,0.000207516532005241,1.59356728231074e-05,7.95135037490273e-09,8.69762358944534e-06,1.4596800515488e-06,0.999343385310286,1.20765537933134e-09,6.51746952775468e-15,8
"20256",0.565198058175853,4.19434832866431e-11,3.22922148914375e-07,0.432858657985366,1.68896616251891e-05,0.000165965358167927,0.0012860689000804,0.000473988106809656,2.69457826873697e-08,2.19022224692118e-08,1
"20262",2.24473365795317e-07,0.021440142638318,1.51348271876157e-06,0.000496042119914694,0.00215524549783597,7.9934219623683e-06,9.23690127262218e-10,1.29409782223691e-08,0.975898699714581,1.24786634996654e-07,9
"20270",0.690641183672662,0.000761219971399617,1.53763696707791e-07,0.067285661019237,0.00558292881210574,0.000177330980570767,0.231125231696381,1.0622927535275e-05,0.00348439899400235,0.000931268162409845,1
"20284",0.00261701300228802,1.39608928426054e-07,0.403794267953228,0.00557508147098018,0.48062029287553,0.0283648229191363,1.75148277614125e-07,0.0628298745757938,0.0161983106690831,2.17767546578081e-08,5
"20287",0.946296794758634,5.93698754891533e-12,5.78638115824888e-10,0.000447633652099198,4.16135998000497e-08,0.000602175599751913,0.0524262772820225,0.000227075142580724,6.73236512679369e-11,1.29941279401059e-09,1
"20290",0.000465340650662019,4.70538569559295e-07,0.0302699222532954,0.00019728162805089,0.000109752440660895,0.00494321627533922,1.46748679961379e-07,0.963689445159517,0.000324424298505036,6.71968016220631e-12,8
"20293",0.0147209799359372,1.06194658973401e-08,7.80001779266817e-06,0.984097108413607,0.000952942461174119,3.43830639832319e-05,1.76408192671711e-06,0.000124265468985909,6.07383221831029e-05,7.61494422100653e-09,4
"20296",0.00019430775501303,0.24729901311207,7.55306508731883e-08,0.0730835517740613,0.0349587387538433,0.000211168777796898,4.48602784589172e-05,1.63916273047164e-09,0.628992368599199,0.0152159137797436,9
