"","V1","V2","V3","best$classification"
"19811",0.000168473124279577,0.993157361703242,0.00667416517247827,2
"19813",0.00570876510085946,0.987557432721596,0.00673380217754424,2
"19815",0.0102029375835559,0.989603703907863,0.000193358508580843,2
"19817",0.00140031706849083,0.994118483766491,0.00448119916501841,2
"19819",0.999780970404812,0.000215280364204096,3.74923098410879e-06,1
"19821",0.0029006631896228,0.88895572660746,0.108143610202917,2
"19823",0.00813401514149235,0.990105707016082,0.00176027784242617,2
"19825",0.182858286110887,0.0175810703624947,0.799560643526618,3
"19827",0.00415855805668973,0.412736353283014,0.583105088660297,3
"19829",0.962420208928847,0.00959505633870236,0.0279847347324507,1
"19831",0.997859037852821,0.00213229447917012,8.66766800852254e-06,1
"19833",0.871189829311414,0.0735976090369119,0.0552125616516736,1
"19835",0.0029006631896228,0.88895572660746,0.108143610202917,2
"19837",0.00652207228668365,0.862790415450985,0.130687512262332,2
"19839",0.850510379563584,0.034850336852225,0.114639283584191,1
"19841",0.000112544271547385,0.000165214545732975,0.99972224118272,3
"19843",0.996902692234834,0.00309169481299667,5.61295216992417e-06,1
"19845",0.00012441016135371,0.997911805229168,0.00196378460947833,2
"19847",0.00856821540196643,0.991237087776214,0.000194696821819952,2
"19849",0.00078473530252608,0.988927925653301,0.010287339044173,2
"19851",0.000535531753828728,0.998874471258387,0.000589996987784659,2
"19853",2.56398687318628e-05,0.996496466161627,0.00347789396964119,2
"19855",8.82406358664723e-05,0.979946178523174,0.0199655808409596,2
"19857",0.011410205199203,0.930532357699521,0.058057437101276,2
"19859",0.00710426212034429,0.955585812574736,0.0373099253049201,2
"19861",0.000157259316517419,0.999129311278866,0.000713429404617142,2
"19863",4.6862951160736e-05,0.018707534369807,0.981245602679032,3
"19865",5.65013392856586e-05,0.00616324016965405,0.99378025849106,3
"19867",0.00204083969280493,0.997892444012701,6.67162944942121e-05,2
"19869",7.11122107696868e-05,0.964902920165343,0.0350259676238877,2
"19871",0.0183924512630026,0.867684918159097,0.1139226305779,2
"19874",0.000316013668572119,0.221722014574395,0.777961971757033,3
"19876",4.71882490144846e-05,0.489816174075963,0.510136637675023,3
"19878",0.688925435856152,0.309767403165383,0.00130716097846584,1
"19880",3.15690315629421e-06,0.00345856211616255,0.996538280980681,3
"19882",0.000171946493132709,0.992265651584756,0.00756240192211144,2
"19885",0.0180143046544575,0.97750964113978,0.00447605420576282,2
"19907",0.000792261346875642,0.998908988759699,0.000298749893425715,2
"19909",0.935304966231981,0.0643765971627111,0.000318436605307704,1
"19911",0.889710479167854,0.0581803568618455,0.0521091639703006,1
"19913",1.50918440094561e-05,0.000198387022836984,0.999786521133154,3
"19915",0.000349991963544365,0.43864379072211,0.561006217314346,3
"19917",0.000509827653106409,0.0271038876742438,0.97238628467265,3
"19919",0.00352203318187792,0.763882891296475,0.232595075521647,2
"19921",0.00108790290771611,0.99872728830787,0.000184808784413729,2
"19923",0.119072393575945,0.880884816456821,4.27899672338175e-05,2
"19925",0.000256123877312406,0.0799376725487442,0.919806203573943,3
"19927",0.000570300065230231,0.997186086004381,0.00224361393038887,2
"19929",4.02247610899024e-06,0.00184469282809178,0.998151284695799,3
"19931",0.00619973522884906,0.987461012012337,0.00633925275881439,2
"19933",0.739792559469292,0.254757421518954,0.00545001901175338,1
"19935",0.0773125692365764,0.91369873829328,0.00898869247014373,2
"19937",0.00266285666524626,0.997076884568953,0.000260258765800356,2
"19939",0.00558192863529245,0.988028825336798,0.00638924602790954,2
"19941",0.771772056747052,0.0318351159072631,0.196392827345685,1
"19943",4.20858412799953e-05,0.0032113753272413,0.996746538831479,3
"19945",0.887247905026212,0.112444930015075,0.000307164958713762,1
"19947",0.106525506079668,0.0497025581382631,0.843771935782069,3
"19949",0.421043089481859,0.578875414701501,8.14958166395821e-05,2
"19951",0.00820767405634577,0.331183861505398,0.660608464438256,3
"19953",0.986765992985527,0.0132314625928687,2.54442160442357e-06,1
"19955",0.982074840271802,0.0179006740828906,2.44856453073211e-05,1
"19957",0.00863603796585541,0.172768840516539,0.818595121517605,3
"19960",0.984620008230658,0.0130636880352017,0.00231630373414078,1
"19963",0.00770756968106172,0.00476870209572567,0.987523728223213,3
"19965",0.995878948664274,0.00411959861141514,1.45272431126398e-06,1
"19968",0.00132010208010906,0.0288262159778299,0.969853681942061,3
"19971",0.0180595184124025,0.000485682262265737,0.981454799325332,3
"19973",0.000950342395194934,0.9728996169711,0.0261500406337053,2
"19975",0.000222415990345442,0.0377623116672791,0.962015272342375,3
"19977",0.00139889075835945,0.00806746698935624,0.990533642252284,3
"19979",0.999956951292876,3.20310726176739e-05,1.10176345063655e-05,1
"19981",0.0226444544574722,0.973492735962796,0.00386280957973222,2
"19983",0.0378908819561193,0.961787137910844,0.000321980133036314,2
"19985",6.08110201971648e-05,0.17683107810258,0.823108110877223,3
"19987",0.10539007710005,0.763358744554657,0.131251178345293,2
"19989",0.999761166247181,0.00023867087820462,1.62874614844249e-07,1
"19993",0.524606277336296,0.432926658557078,0.0424670641066266,1
"19995",0.737492105369695,0.245667201633549,0.016840692996756,1
"19997",0.00046761691258438,0.96301223018314,0.0365201529042754,2
"19999",7.37480066760594e-05,0.84711430159507,0.152811950398254,2
"20002",0.00096026113066644,0.0048858748932394,0.994153863976094,3
"20004",0.718054112056698,0.23952516732634,0.0424207206169617,1
"20006",0.919602702765156,0.0764324174770546,0.00396487975778937,1
"20008",0.918200141176206,0.080531835129747,0.00126802369404718,1
"20010",0.96647926792617,0.0334982052001701,2.2526873659438e-05,1
"20012",0.00026086847292623,0.193342670544552,0.806396460982522,3
"20015",0.999463845642772,0.000533387216293398,2.7671409341898e-06,1
"20017",0.000176022074792931,0.918731413961885,0.0810925639633217,2
"20019",0.999990685215769,9.1850382770899e-06,1.29745953634996e-07,1
"20022",0.9884473420562,0.0115352670390089,1.73909047906069e-05,1
"20024",0.999763449395726,0.000235470308151209,1.08029612304397e-06,1
"20026",0.999763449395726,0.000235470308151209,1.08029612304397e-06,1
"20028",0.000122676320270639,0.694586989750567,0.305290333929162,2
"20030",0.996777732081245,0.0015887082757718,0.00163355964298289,1
"20033",0.00514124043352577,0.584069152856757,0.410789606709718,2
"20035",0.999979216499765,2.06313093774306e-05,1.52190858069225e-07,1
"20037",0.999947400638227,5.2578010442996e-05,2.13513299852911e-08,1
"20039",0.998732399868169,0.00126704077094347,5.59360887736443e-07,1
"20041",0.402358024989419,0.595468844590131,0.00217313042044987,2
"20044",0.525413980047438,0.460555488816796,0.0140305311357662,1
"20047",0.999995678568024,3.47228655746185e-06,8.49145418719069e-07,1
"20050",0.963712267385403,0.0360962890245722,0.000191443590024552,1
"20052",0.0825537005910522,0.852348904322201,0.0650973950867467,2
"20054",0.994259412119612,0.0055396807362072,0.000200907144181374,1
"20056",0.00125322716388983,0.0049393938350135,0.993807379001097,3
"20058",0.999678703349369,0.000321220470833936,7.61797976030048e-08,1
"20060",0.00450898250072663,0.992760013585766,0.00273100391350694,2
"20062",0.0216487622563783,0.977255614354751,0.0010956233888711,2
"20064",0.952695526296148,0.045643941765514,0.00166053193833823,1
"20066",0.999624271660947,0.000182726083991166,0.00019300225506163,1
"20068",0.000394015280534418,0.998980906580517,0.000625078138948254,2
"20070",0.00115657737244828,0.998525977164104,0.000317445463447464,2
"20072",0.987648469473512,0.0123480046088813,3.52591760668065e-06,1
"20074",2.29192873400113e-06,0.00044993489930888,0.999547773171957,3
"20076",0.00789445066532306,0.0911780619586708,0.900927487376006,3
"20078",0.939931746824627,0.0593728801166632,0.00069537305870996,1
"20080",0.999965590842533,3.40130550833328e-05,3.96102383658092e-07,1
"20082",0.99840811103162,0.00157917797804187,1.27109903382862e-05,1
"20084",0.952139967968154,0.0165729133022759,0.0312871187295704,1
"20087",0.907930500902681,0.0920515324773666,1.79666199525026e-05,1
"20090",0.999817230732542,0.000181787995051574,9.81272406640252e-07,1
"20092",0.254432165755428,0.74555926531404,8.56893053159181e-06,2
"20096",0.0939911878045923,0.887429304886358,0.0185795073090504,2
"20098",0.00273234190805854,0.613700737304411,0.38356692078753,2
"20101",0.999196267891119,0.00043884779732825,0.000364884311552649,1
"20104",0.00157625087812754,0.992535466514544,0.00588828260732862,2
"20106",0.996930944154131,0.00275628327320844,0.000312772572660593,1
"20108",0.00229217015471382,0.91209776643119,0.0856100634140966,2
"20110",0.108200725094852,0.729844188339916,0.161955086565232,2
"20112",0.97953811615229,0.0203613673561644,0.000100516491545224,1
"20114",0.807826331678253,0.0687708912786356,0.123402777043112,1
"20116",0.880822005081521,0.0253385054343628,0.0938394894841161,1
"20118",0.162054490093955,0.668601024435287,0.169344485470758,2
"20120",0.992905957648188,0.00608792271555709,0.00100611963625514,1
"20122",5.25875243661106e-05,0.00374646183733173,0.996200950638302,3
"20124",0.999723084470092,0.000276791957127325,1.23572780444618e-07,1
"20126",0.998631028543217,0.00133343930013954,3.55321566438665e-05,1
"20128",0.999994665778656,5.2710713910311e-06,6.31499528207357e-08,1
"20141",0.00188279561237651,0.872243589711272,0.125873614676352,2
"20143",2.9418526952023e-06,0.000214957103367524,0.999782101043937,3
"20145",0.989481199361893,0.0104828723748308,3.59282632758745e-05,1
"20147",0.994716373656164,0.00522121034963359,6.24159942024939e-05,1
"20149",1.49840299310016e-05,0.00392558593938666,0.996059430030682,3
"20151",0.00322663550385017,0.790680055747313,0.206093308748837,2
"20153",0.0262405000647545,0.382526771009649,0.591232728925597,3
"20155",0.998425583946101,0.00156780229063953,6.61376325962284e-06,1
"20157",0.00145806331327203,0.319424303091313,0.679117633595415,3
"20160",6.58484895940606e-06,0.000296045593558689,0.999697369557482,3
"20162",6.14302254979324e-06,0.00700902006714468,0.992984836910306,3
"20164",0.00146525462266733,0.0929381703131864,0.905596575064146,3
"20166",0.988529650844511,0.00181689497349504,0.00965345418199416,1
"20168",0.370453605669088,0.065511229909946,0.564035164420966,3
"20170",0.00259483232224278,0.55594110191807,0.441464065759687,2
"20172",0.99129013474664,0.00870863635633639,1.22889702330933e-06,1
"20174",4.5161342154121e-05,0.516646041286623,0.483308797371223,2
"20176",0.159720213406287,0.77076083173807,0.0695189548556424,2
"20178",8.92188543189877e-06,0.000209878960659414,0.999781199153909,3
"20181",0.9791534041405,0.00119671922693194,0.019649876632568,1
"20183",0.0179492008634028,0.981913313309428,0.000137485827169683,2
"20186",0.032713763619542,0.96728059410878,5.6422716775494e-06,2
"20188",8.28174441736102e-06,0.00120117789044825,0.998790540365134,3
"20190",0.999561748484752,0.000428889826200757,9.36168904738352e-06,1
"20193",0.004343603330117,0.00251671121637117,0.993139685453512,3
"20195",0.00925953612133673,0.209469634442931,0.781270829435732,3
"20197",0.992562303346878,0.00743555783249208,2.13882062960009e-06,1
"20199",0.000139674407065274,0.0928379539514081,0.907022371641527,3
"20205",0.963971499016835,0.036013270834484,1.52301486808727e-05,1
"20208",0.00909368871363848,0.936430110482737,0.054476200803624,2
"20210",2.13277762865803e-05,0.0180015245656632,0.98197714765805,3
"20212",0.00121022138727252,0.133263542354826,0.865526236257902,3
"20216",0.991403019384369,0.00803497830312229,0.000562002312508911,1
"20219",0.985124311212756,0.0146859146073475,0.000189774179896236,1
"20223",0.999504625844113,0.00049521171884835,1.62437038913173e-07,1
"20226",0.20029235518055,0.794460155500716,0.005247489318734,2
"20230",0.99980723707493,0.000191272556507805,1.49036856167655e-06,1
"20233",0.0203746636244528,0.97014499672319,0.00948033965235739,2
"20235",0.996630184098946,0.00336955988230424,2.56018749326241e-07,1
"20239",0.920899305684598,0.0790616744340948,3.90198813070691e-05,1
"20254",0.999587222886934,0.000411567074485664,1.21003858011276e-06,1
"20256",0.999160609222358,0.000839057265742649,3.33511899255293e-07,1
"20262",0.000933858210914442,0.249847551886459,0.749218589902627,3
"20270",0.882675493497026,0.0828852120355422,0.034439294467432,1
"20284",0.120779494697191,0.878985809220939,0.000234696081870399,2
"20287",0.999965820351198,3.41089153237646e-05,7.07334787330908e-08,1
"20290",0.843215030079276,0.154902221195787,0.00188274872493765,1
"20293",0.923412620575664,0.0764701797429461,0.000117199681389683,1
"20296",0.00605888085905723,0.233606444818398,0.760334674322545,3
"20301",0.999925661986205,1.62907312143734e-05,5.80472825805484e-05,1
"20304",0.996972984315142,0.00300732565232139,1.96900325361691e-05,1
"20306",0.999739899508257,0.000260026760384017,7.37313586259404e-08,1
"20309",0.697986792794209,0.301302345151427,0.000710862054364416,1
"20311",0.983368057078987,0.0149691371033081,0.00166280581770483,1
"20314",0.0192370447172884,0.899267600626827,0.081495354655885,2
"20318",0.000138302750773584,0.000551099890068944,0.999310597359158,3
"20320",0.0152411348025942,0.977679694316604,0.00707917088080217,2
"20326",0.0234963183984989,0.825245873543118,0.151257808058383,2
"20328",0.00874671307578848,0.991126182295983,0.000127104628228238,2
"20330",0.987346846142972,0.0126324463747814,2.07074822462812e-05,1
"20336",0.666134631940753,0.333810849904814,5.45181544329939e-05,1
"20338",0.965638153721623,0.0325983613916153,0.00176348488676128,1
"20340",0.999908795585036,9.04470002074048e-05,7.57414756712053e-07,1
"20342",0.76596288541302,0.185952969149573,0.0480841454374073,1
"20344",0.992965646128586,0.0070252322166056,9.12165480902515e-06,1
"20349",0.999454501078929,0.000545203407317095,2.95513754325536e-07,1
"20351",0.935277278304827,0.0633005563320861,0.00142216536308668,1
"20353",0.996878082933038,0.00312108239606511,8.34670896997967e-07,1
"20357",0.992107936260378,0.00789151733591583,5.46403706335749e-07,1
"20360",0.937394810599734,0.0624572490064642,0.000147940393801439,1
"20364",0.946543873262775,0.0533880466697523,6.80800674724852e-05,1
"20366",0.529459168012533,0.469060826037157,0.0014800059503097,1
"20381",0.000189061390752449,0.25366850036948,0.746142438239767,3
"20391",0.479711271137675,0.520285116500014,3.61236231128536e-06,2
"20394",0.000709167361832759,0.994868472356664,0.00442236028150287,2
"20396",2.47431725316813e-05,0.862899521438786,0.137075735388682,2
"20409",0.597989831135244,0.165729880560431,0.236280288304325,1
"20411",0.998417788515248,0.00158215310934649,5.837540550317e-08,1
"20416",0.999982757523599,1.72342584427112e-05,8.21795793795099e-09,1
"20418",1.95094720821715e-05,0.525279091533632,0.474701398994286,2
"20420",0.022078862174711,0.967077921385909,0.01084321643938,2
"20422",0.997411224120632,0.00238552257311077,0.000203253306256876,1
"20424",0.998801529027529,0.00119834342167275,1.27550798001705e-07,1
"20426",0.625793158585181,0.139060861241682,0.235145980173137,1
"20428",0.734975904424517,0.264732640328762,0.000291455246720603,1
"20431",0.161909417919899,0.7059352903237,0.132155291756402,2
"20433",0.999748736949747,0.000249912086766693,1.35096348602225e-06,1
"20436",0.821404414704694,0.155721028435019,0.0228745568602869,1
"20439",3.04722561339361e-05,0.511234129580563,0.488735398163303,2
"20441",0.963304487525258,0.0366253088047678,7.02036699738617e-05,1
"20444",3.97690135391236e-06,0.000728509234278996,0.999267513864367,3
"20448",0.0408987184154596,0.623214013238224,0.335887268346316,2
"20536",0.000939814972176241,0.998639287148871,0.000420897878952388,2
"20538",0.816113768011387,0.183843092528216,4.31394603969287e-05,1
"20541",0.999939980142173,5.99515193314475e-05,6.83384952722204e-08,1
"20544",0.353228285190485,0.631840085921275,0.0149316288882397,2
"20546",0.995985765422042,0.00401395709476241,2.77483195883075e-07,1
"20550",0.559435988103092,0.434023391798827,0.00654062009808056,1
"20553",0.999984431953639,5.20869457370052e-06,1.03593517874525e-05,1
"20555",0.0474587257634787,0.952401612840636,0.000139661395885554,2
"20557",0.610871322675411,0.384221171027738,0.00490750629685083,1
"20559",0.998392138694543,0.00158328491356024,2.45763918967238e-05,1
"20561",0.00693081676709853,0.565202761858685,0.427866421374216,2
"20564",8.92188543189877e-06,0.000209878960659414,0.999781199153909,3
"20566",0.764748513989786,0.234097793553538,0.001153692456676,1
"20569",0.000169893644139303,0.664236990513531,0.33559311584233,2
"20572",4.54126808908023e-05,0.0541577031105037,0.945796884208606,3
"20574",0.999253363847824,0.000728916997177278,1.77191549991447e-05,1
"20576",3.91334037525489e-05,0.000888290584080808,0.999072576012167,3
"20578",0.79947869559517,0.188795727004093,0.0117255774007368,1
"20580",0.721511811615495,0.27764774886761,0.000840439516894727,1
"20583",3.05661700704911e-05,0.000552139610239353,0.99941729421969,3
"20586",0.871711896772136,0.128242280688922,4.58225389418283e-05,1
"20589",0.999457074291463,0.000542851841232003,7.38673051635883e-08,1
"20591",0.0354338708266566,0.964477559203348,8.85699699957126e-05,2
"20593",0.999990016359654,9.49557344762635e-06,4.88066898280304e-07,1
"20595",0.990781839964467,0.0088806070505989,0.000337552984933564,1
"20597",0.0001689877245287,0.982360020100923,0.0174709921745479,2
"20599",8.65404573801995e-06,0.000253835370570022,0.999737510583692,3
"20601",0.0026410850214586,0.99573350296609,0.00162541201245093,2
"20604",0.999872288916311,0.000113716896933231,1.3994186755808e-05,1
"20606",0.999849753771043,0.000149536852488263,7.09376468768615e-07,1
"20608",0.994654443853344,0.00533589385800193,9.66228865403763e-06,1
"20610",0.000183934929490207,0.00422585000221744,0.995590215068292,3
"20612",0.936549847704427,0.0488577052496327,0.0145924470459399,1
"20614",3.97717416113244e-05,0.0154251620380029,0.984535066220386,3
"20616",0.0209156327916521,0.975035341197054,0.00404902601129372,2
"20618",0.60942533619095,0.385268200167847,0.00530646364120306,1
"20620",0.993370345912741,0.00609829303637217,0.000531361050886413,1
"20622",9.11207434372422e-05,0.00173900182568979,0.998169877430873,3
"20624",0.998241301374179,0.00175790354006387,7.95085756638471e-07,1
"20626",0.775495506072803,0.2000230425813,0.0244814513458967,1
"20628",0.253156509873861,0.742881013682049,0.00396247644409035,2
"20630",0.849053322741501,0.123746253333511,0.0272004239249886,1
"20632",2.32247780424074e-06,0.0136472419643349,0.986350435557861,3
"20634",0.999751167337212,0.000248197782245018,6.3488054297296e-07,1
"20637",0.998093146374526,0.00166243350571084,0.000244420119762891,1
"20639",0.00025117571344207,0.282677180043058,0.7170716442435,3
"20644",0.999990327661138,9.04312524914018e-06,6.29213612324663e-07,1
"20646",0.997776581051692,0.00213781964570671,8.55993026010001e-05,1
"20648",0.0019382891624161,0.963425763804492,0.0346359470330916,2
"20650",0.999310581812665,0.000688928735215318,4.89452120165793e-07,1
"20653",0.00298991947919052,0.988753875457182,0.00825620506362717,2
"20658",0.997037305582389,0.00296019777674598,2.49664086476641e-06,1
"20661",0.844307343273944,0.155603717306248,8.8939419807922e-05,1
"20663",0.585263674729558,0.414671837012396,6.44882580459721e-05,1
"20665",2.09172448111678e-05,0.000261311626755397,0.999717771128433,3
"20667",0.0390641087783281,0.959751197507684,0.00118469371398785,2
"20669",7.8668661477667e-05,0.97864743644965,0.0212738948888722,2
"20671",0.993424207710038,0.00630460721692257,0.00027118507303923,1
"20673",0.00011197572814698,0.93117257919617,0.0687154450756825,2
"20675",0.0089946991736368,0.990704961505333,0.00030033932102982,2
"20677",0.37987947946708,0.620049202453151,7.13180797685247e-05,2
"20679",2.70309306061875e-05,0.946548045369541,0.0534249236998528,2
"20681",0.000295331788401277,0.999480470346098,0.000224197865500463,2
"20683",0.262262512075062,0.737570723601127,0.000166764323810936,2
"20685",0.0143691100441515,0.981038226067277,0.00459266388857161,2
"20687",9.92449570945867e-05,0.0885995971857495,0.911301157857156,3
"20689",0.999847496811972,0.00015160808066001,8.95107367907332e-07,1
"20691",1.0075168133533e-05,0.00103718101680985,0.998952743815057,3
"20693",0.999807606785302,0.000192294884788298,9.83299094066447e-08,1
"20695",0.0013385322635776,0.98623016170919,0.0124313060272321,2
"20697",0.999396016188494,0.000449849855923714,0.000154133955582093,1
"20699",0.171538162570033,0.827204828481809,0.00125700894815743,2
"20701",0.784108117366347,0.215880682195821,1.12004378320478e-05,1
"20703",0.00141357886255009,0.990708376878228,0.00787804425922237,2
"20705",0.99469499501332,0.00530337986839957,1.62511828079258e-06,1
"20707",0.0156578772641419,0.984223345632556,0.000118777103301745,2
"20709",0.0333542995087323,0.0841189995475647,0.882526700943703,3
"20713",0.000998387904103095,0.967499021611287,0.0315025904846101,2
"20715",0.982680709846095,7.42310586831636e-05,0.0172450590952223,1
"20717",0.000677222913790397,0.998634682075943,0.000688095010266314,2
"20720",0.968824000015069,0.0310360068891448,0.000139993095786037,1
"20722",0.957651545763525,0.0423235281250183,2.49261114565801e-05,1
"20724",0.00029868728950823,0.769291653823227,0.230409658887265,2
"20726",0.999762632020417,0.000237302066390302,6.59131920215051e-08,1
"20728",0.000124858095088612,0.999051959286884,0.000823182618027574,2
"20730",0.00423623745575206,0.599839607375948,0.395924155168299,2
"20732",0.549853885944056,0.449743001081841,0.000403112974103423,1
"20734",0.390663649910763,0.609170274235222,0.000166075854015711,2
"20736",0.000157445951775724,0.148188015927196,0.851654538121028,3
"20738",0.688614774021819,0.0285116601314596,0.282873565846722,1
"20740",0.868657997162639,0.131341526598364,4.76238996234742e-07,1
"20742",0.000856461916779704,0.998530667984473,0.000612870098746669,2
"20744",8.59081967515124e-06,0.0360828167528324,0.963908592427493,3
"20746",0.0793535007383519,0.920296703681052,0.000349795580595681,2
"20748",0.000359999278104233,0.70923676554105,0.290403235180846,2
"20750",0.00114694872551441,0.340780572650851,0.658072478623634,3
"20752",0.944964006048306,0.0550311565916528,4.83736004087457e-06,1
"20754",0.000372115845539413,0.961465780314464,0.0381621038399966,2
"20756",0.135154931669991,0.582335618925434,0.282509449404575,2
"20758",0.142778909993309,0.310778428298875,0.546442661707816,3
"20760",6.3058466919731e-05,0.768686735896005,0.231250205637076,2
"20762",0.000276585531453347,0.995445855748867,0.00427755871967994,2
"20764",3.95380709881715e-05,0.330374357676993,0.669586104252019,3
"20766",0.000156662333038206,0.884886581289979,0.114956756376983,2
"20768",0.0027411509192254,0.232650061155392,0.764608787925383,3
"20770",0.0250182104867932,0.973133567743682,0.00184822176952495,2
"20772",0.999698208118146,0.00029359402830138,8.19785355262742e-06,1
"20774",0.999974056926618,2.58439804188813e-05,9.90929626064238e-08,1
"20776",0.00433198694719282,0.995563788550819,0.000104224501988646,2
"20778",0.9999945281176,4.82461406042539e-06,6.47268339677452e-07,1
"20780",0.00170503294714839,0.652713239718914,0.345581727333938,2
"20782",0.000132008060708653,0.85706381210941,0.142804179829881,2
"20784",0.000465778926560332,0.996907567591493,0.00262665348194694,2
"20786",5.9265833719657e-06,0.00124453400746955,0.998749539409159,3
"20788",0.0333319187019284,0.96640575623101,0.000262325067061208,2
"20790",0.000102650360261202,0.831404793279584,0.168492556360155,2
"20792",0.0782276159832293,0.534298949669518,0.387473434347253,2
"20794",4.1451521502435e-05,0.412929577067689,0.587028971410809,3
"20796",0.998739591264709,0.00126013816068073,2.70574610438389e-07,1
"20798",8.92188543189877e-06,0.000209878960659414,0.999781199153909,3
"20801",0.000127275067586682,0.00344027409900805,0.996432450833405,3
"20803",0.0569756816560473,0.942962583676439,6.1734667513634e-05,2
"20805",0.316142493789659,0.683626325512229,0.000231180698111799,2
"20807",8.92188543189877e-06,0.000209878960659414,0.999781199153909,3
"20809",0.0035411366744407,0.994173827432528,0.00228503589303123,2
"20811",0.0371801816898463,0.0559540298216383,0.906865788488515,3
"20813",0.421291654984416,0.503211240791005,0.0754971042245792,2
"20815",2.06085689930995e-06,0.00167731803592629,0.998320621107174,3
"20817",0.00066060766300261,0.955781994790645,0.0435573975463524,2
"20819",0.36204466333735,0.637944453616225,1.08830464250184e-05,2
"20821",0.940882264084565,0.0126527741064128,0.0464649618090225,1
"20823",0.214641133201883,0.770490372491613,0.0148684943065036,2
"20825",8.82408375555099e-05,0.90600056072277,0.0939111984396748,2
"20827",0.00153325860890972,0.248467640346299,0.749999101044791,3
"20829",0.99465079472123,0.00526848409478678,8.07211839830454e-05,1
"20831",0.000386505033550464,0.917199992629136,0.0824135023373138,2
"20833",0.000203313863996906,0.640530836280257,0.359265849855746,2
"20835",0.000258151162203279,0.965143378999578,0.0345984698382189,2
"20837",0.000936015060121199,0.995679045402993,0.00338493953688555,2
"20839",0.000221380114776648,0.97974465502401,0.0200339648612131,2
"20841",0.72331828912464,0.276556216568825,0.000125494306535019,1
"20843",0.00259340516367006,0.997309072859994,9.75219763359844e-05,2
"20845",0.00252619294579916,0.460879322342098,0.536594484712103,3
"20847",0.393220695524843,0.606138351871212,0.000640952603945213,2
"20849",0.467326106274524,0.510227600106756,0.0224462936187195,2
"20851",0.685482421494649,0.314411728859244,0.000105849646106586,1
"20853",0.981186172013671,0.0188072933758872,6.53461044164099e-06,1
"20855",0.99202890549209,0.00731884106255259,0.000652253445357455,1
"20857",0.570101637036452,0.429738888603247,0.000159474360301249,1
"20859",0.951932205026615,0.0476604323537957,0.000407362619589544,1
"20861",0.0366925745069988,0.926832855167489,0.0364745703255119,2
"20863",0.000219094380340403,0.663155559911551,0.336625345708108,2
"20865",0.00167578601882609,0.995579006466314,0.00274520751486007,2
"20867",0.999994198785781,5.66685112083991e-06,1.34363098250335e-07,1
"20869",0.000716838549263806,0.487135786364408,0.512147375086328,3
"20871",0.997318149117948,0.000372866819026567,0.002308984063025,1
"20873",0.99876323431383,0.00034481814400982,0.000891947542160487,1
"20875",0.949749610356068,0.0501789025431335,7.14871007984821e-05,1
"20878",6.49428968090569e-06,0.00440307493904737,0.995590430771272,3
"20880",0.000354974206222685,0.662386378186304,0.337258647607473,2
"20882",0.999151851166177,0.000840286628645066,7.86220517803296e-06,1
"20884",0.000965675775601604,0.992467403462643,0.00656692076175506,2
"20886",0.0027837060549536,0.293091590422673,0.704124703522374,3
"20888",4.59778435888966e-06,0.0932552825237318,0.906740119691909,3
"20890",0.00101374218145771,0.742035659896348,0.256950597922194,2
"20892",0.554134632115052,0.445774285716056,9.10821688915635e-05,1
"20897",0.126451130701401,0.857784090666809,0.0157647786317902,2
"20899",0.102855921423877,0.855428686861546,0.041715391714577,2
"20901",0.968093822748143,0.031642227064919,0.000263950186938293,1
"20903",0.995877105159303,0.000100315521031775,0.00402257931966501,1
"20905",0.897230520278744,0.0591460500725672,0.0436234296486888,1
"20907",0.997013355537986,0.00298250005167419,4.14441033965208e-06,1
"20909",0.376027453794272,0.589317857599117,0.0346546886066109,2
"20911",0.999640322979673,0.00035596540403837,3.7116162887781e-06,1
"20913",0.01499475804668,0.975819191190353,0.0091860507629669,2
"20962",0.841270944081755,0.15851074949207,0.000218306426175279,1
"20969",0.984354170092413,0.00556292277879978,0.0100829071287869,1
"20980",0.831995844339877,0.166197214191578,0.00180694146854498,1
"20982",0.970289277066891,0.0297026784374844,8.04449562443141e-06,1
"20984",0.00151535807666511,0.989218541109675,0.0092661008136603,2
"20994",0.982970717882335,0.0162557864044006,0.000773495713264237,1
"21015",0.000123249616964361,0.267562901988194,0.732313848394842,3
"21023",0.999778935725588,0.000220817732263027,2.46542149436866e-07,1
"21040",0.881091146373153,0.118869753212203,3.91004146440847e-05,1
"21073",0.710530486243004,0.282678335849283,0.00679117790771353,1
"21222",0.00144429898952474,0.877807398678231,0.120748302332245,2
"21224",0.059082195041883,0.931554063185821,0.00936374177229638,2
"21228",0.0440559546680443,0.412849558129676,0.543094487202279,3
"21232",0.996582483815541,0.00341679178931943,7.24395139954645e-07,1
"21237",0.966501788804978,0.0323638296390297,0.00113438155599252,1
"21240",0.000367500239949264,0.902699702130721,0.0969327976293296,2
"21245",0.000179298497654953,0.717145024553325,0.28267567694902,2
"21252",0.99256642568524,0.00743335779000458,2.16524755694793e-07,1
"21254",0.932436189090131,0.0675427211276536,2.10897822152789e-05,1
"21258",0.0888699542398444,0.892675684433702,0.0184543613264539,2
"21264",0.0119473591098954,0.857722725694975,0.13032991519513,2
"21305",0.0179602010363129,0.931448994514409,0.0505908044492781,2
"21333",0.851568227447092,0.148427322694644,4.44985826410524e-06,1
"21366",0.0425675294009816,0.956927107184314,0.000505363414704698,2
"21377",7.41205989951326e-05,0.00292832378575942,0.996997555615245,3
"21380",0.848211544924497,0.097034899410547,0.0547535556649563,1
"21387",0.997821631253664,0.0021768579493265,1.51079700977861e-06,1
"21390",0.990356116144705,0.00963849364253203,5.39021276249331e-06,1
"21392",0.256845998037379,0.742603856059902,0.00055014590271953,2
"21403",0.798038997956609,0.142529072331901,0.0594319297114901,1
"21408",0.998219726165975,0.00164106062439536,0.000139213209629845,1
"21412",0.983806880236356,0.0132631785813335,0.00292994118230999,1
"21421",0.00451384660706903,0.992558060689791,0.00292809270314026,2
"21424",0.999645928500299,0.000353902089874771,1.69409826531811e-07,1
"21429",0.993993024146093,0.00596215312253369,4.4822731373011e-05,1
"21431",0.0212715042108696,0.976590887221165,0.00213760856796519,2
"21436",0.00311039822288929,0.993607001717444,0.00328260005966704,2
"21439",0.936902251042773,0.0565705129220123,0.00652723603521495,1
"21442",0.0911008885987837,0.737601752540571,0.171297358860645,2
"21444",5.64038066922585e-05,0.993565855843172,0.00637774035013586,2
"21446",1.14910747873723e-05,0.0118113831745011,0.988177125750711,3
"21448",0.0178934698959738,0.972223787844623,0.00988274225940374,2
"21450",0.414821734780764,0.552253407668036,0.0329248575511998,2
"21452",0.94653164728995,0.053424048655807,4.43040542428955e-05,1
"21466",0.999863185677087,0.000136793928149877,2.03947631673926e-08,1
"21470",0.807956982863173,0.18953406151861,0.00250895561821692,1
"21472",0.979875829574765,0.0201236905330419,4.79892193591581e-07,1
"21474",0.966751137905888,0.0323469816324294,0.000901880461682949,1
"21477",0.000129781151595301,0.99334186804878,0.00652835079962494,2
"21480",0.999971438912689,2.85567762651472e-05,4.31104572865904e-09,1
"21483",0.000417727924666126,0.898338569926275,0.101243702149059,2
"21491",0.00101902869163306,0.546939486205683,0.452041485102684,2
"21494",0.999804797363554,0.000158721391557434,3.64812448887346e-05,1
"21499",0.998858507663039,0.00112995601595473,1.15363210062063e-05,1
"21501",0.988252431996842,0.0117469181295626,6.49873595186683e-07,1
"21506",0.951980878036951,0.0480062035449963,1.29184180523958e-05,1
"21511",0.907242135536648,0.0924642120637892,0.000293652399563033,1
"21513",0.0737142680410219,0.926263873769837,2.18581891408421e-05,2
"21521",0.098885636225384,0.900412152259667,0.000702211514948991,2
"21523",0.0549261610632881,0.945026944309125,4.68946275864304e-05,2
"21525",0.00361833762479004,0.995262364302308,0.00111929807290226,2
"21531",0.999607576278623,0.000387194517663005,5.22920371420972e-06,1
"21536",0.847094164015993,0.151939569117104,0.000966266866902342,1
"21544",0.905186136822075,0.0878277936869737,0.00698606949095155,1
"21547",0.995095634110854,0.00472122055422816,0.000183145334918335,1
"21551",0.92726753998506,0.0681480347905699,0.00458442522437042,1
"21556",0.987067034596509,0.0129161546390957,1.68107643949388e-05,1
"21559",0.0450589698233723,0.954903654941172,3.73752354551599e-05,2
"21563",0.996743636807001,0.00325087627514489,5.48691785452508e-06,1
"21565",0.999504850312787,0.000493680440286965,1.46924692644742e-06,1
"21568",0.996409339070655,0.00358213056099595,8.5303683487746e-06,1
"21572",0.999993895940992,6.03179964350172e-06,7.22593651652274e-08,1
"21575",0.959512850901769,0.0396258859487353,0.000861263149495708,1
"21577",0.0212256866666325,0.855431366524954,0.123342946808414,2
"21579",0.298518612621696,0.701018793194037,0.00046259418426685,2
"21581",8.92188543189877e-06,0.000209878960659414,0.999781199153909,3
"21584",0.000347038225505925,0.835663203342477,0.163989758432017,2
"21586",0.0286558515288383,0.964651679540868,0.00669246893029365,2
"21588",0.089952953264154,0.758504738121339,0.151542308614507,2
"21590",0.994849598593166,0.00514431660650774,6.08480032640406e-06,1
"21594",0.00517087039650574,0.906943073226212,0.087886056377282,2
"21596",0.000742679597486208,0.604417805594803,0.394839514807711,2
"21598",0.998222692533453,0.00175958939320305,1.77180733441827e-05,1
"21600",0.00035758853691257,0.999507216564952,0.000135194898135167,2
"21602",0.872566176099233,0.12740744555298,2.6378347786401e-05,1
"21604",0.297460422927826,0.677928816858816,0.0246107602133585,2
"21606",0.000229163935403256,0.0131651048149283,0.986605731249669,3
"21608",0.290249086229429,0.704389967244366,0.00536094652620501,2
"21611",0.0181600538340492,0.981197680198447,0.000642265967504191,2
"21613",0.642036055327883,0.357926764659494,3.71800126230846e-05,1
"21615",0.0443391157545947,0.882772703853194,0.0728881803922113,2
"21617",0.00918682709305146,0.366317190958394,0.624495981948554,3
"21619",0.0213786066935904,0.978253059896439,0.000368333409970241,2
"21621",0.00368953900503659,0.812675355807696,0.183635105187267,2
"21623",0.00102987005344353,0.929423891455958,0.069546238490599,2
"21625",7.26307402187041e-06,0.00164788959007785,0.9983448473359,3
"21627",0.343954078419205,0.651230501637896,0.00481541994289918,2
"21629",0.000176732677390055,0.998870260950743,0.000953006371867326,2
"21631",0.000202359828113407,0.028147740467498,0.971649899704389,3
"21633",0.995018766574439,0.000736563238115458,0.00424467018744556,1
"21635",0.997673460139018,0.00231941279853828,7.12706244373081e-06,1
"21637",0.537194887706901,0.203208828763222,0.259596283529877,1
"21639",0.992959013912373,0.00602374515032507,0.00101724093730231,1
"21641",0.000953360615487356,0.994174139769676,0.0048724996148365,2
"21643",0.260231089947084,0.716255500641462,0.0235134094114543,2
"21645",0.000715475057650174,0.954879042167705,0.0444054827746447,2
"21648",0.388078827586867,0.611677805944434,0.000243366468698276,2
"21650",0.996769971843327,0.00320376391944084,2.62642372326827e-05,1
"21652",0.682357106611071,0.317632814865831,1.00785230980447e-05,1
"21654",0.994475949381654,0.0055167679327247,7.28268562141938e-06,1
"21656",0.00022194120436181,0.790124144348168,0.20965391444747,2
"21658",1.16949508425631e-06,0.00154201510965916,0.998456815395257,3
"21660",7.49977132976742e-05,0.0223967642852495,0.977528238001453,3
"21662",0.00883172538252062,0.974810907639621,0.0163573669778581,2
"21664",0.000198611551807784,0.882585581867498,0.117215806580695,2
"21666",0.330068163542919,0.00348909647886781,0.666442739978213,3
"21668",0.000160873467811427,0.993741048962764,0.00609807756942415,2
"21671",0.266776970781339,0.732997107586813,0.000225921631847642,2
"21673",0.000169928098715964,0.541060259005216,0.458769812896068,2
"21675",0.00632112183454954,0.989903565555882,0.00377531260956871,2
"21677",0.999692299518033,0.00030626944191248,1.4310400546635e-06,1
"21679",0.00766032229437027,0.991218508288011,0.00112116941761872,2
"21681",0.00107673333646729,0.991962663055011,0.00696060360852166,2
"21686",0.999578407585182,0.000330237650642037,9.13547641764698e-05,1
"21689",0.999363888624746,0.000587679479208486,4.8431896045771e-05,1
"21706",0.609440634058144,0.388093530068993,0.00246583587286285,1
"21708",0.997462676815601,0.00253596087042841,1.36231397065037e-06,1
"21711",0.0198178761725947,0.973006511473887,0.00717561235351811,2
"21716",0.999966008397099,3.36960039190658e-05,2.95598982374658e-07,1
"21719",0.098472601620879,0.901510641180252,1.67571988688555e-05,2
"21722",0.687659455696479,0.308280759163811,0.00405978513971029,1
"21725",0.674043830239275,0.325864341602112,9.18281586128395e-05,1
"21728",0.959387059333603,0.0405568343120107,5.61063543864088e-05,1
"21732",0.995929199487808,0.00382853920181085,0.00024226131038124,1
"21734",0.996804457338425,0.00319310154045118,2.4411211234095e-06,1
"21737",0.00158317427710146,0.997755168131076,0.000661657591822813,2
"21740",0.0415784204072439,0.826385335409389,0.132036244183367,2
"21742",0.999834095565298,0.000162353522911161,3.55091179110837e-06,1
"21745",0.64162025045072,0.336500105141468,0.021879644407813,1
"21747",0.982491397119102,0.0175025942653926,6.00861550523039e-06,1
"21749",0.00443153856705131,0.241008688769924,0.754559772663025,3
"21751",0.998306130858668,0.0015953504315049,9.85187098266759e-05,1
"21753",0.997936413547311,0.00202076554284029,4.28209098490314e-05,1
"21756",0.999806800797592,0.000179487991968233,1.37112104400995e-05,1
"21759",0.0492495609638301,0.650501482603468,0.300248956432702,2
"21761",0.889504810423901,0.109160997957748,0.00133419161835069,1
"21763",0.00208944349322857,0.996717492134386,0.00119306437238556,2
"21765",0.873798478721037,0.126169579296986,3.19419819763949e-05,1
"21767",0.997470143736393,0.00251436988531561,1.54863782917734e-05,1
"21769",0.999838969670076,0.000160809938763339,2.20391160835628e-07,1
"21771",0.998236447694302,0.00172796038033491,3.55919253630203e-05,1
"21774",0.00109778937079217,0.662754084989137,0.336148125640071,2
"21776",0.957629017636287,0.0423674929877504,3.48937596299569e-06,1
"21778",0.956028835703905,0.0423285385763829,0.00164262571971166,1
"21780",0.0239019562102853,0.544542624896404,0.431555418893311,2
"21783",0.789073211592287,0.203088148806169,0.0078386396015435,1
"21785",0.246954606812176,0.75300444944501,4.0943742814344e-05,2
"21788",0.99912548520203,0.000874415504623717,9.92933461509628e-08,1
"21790",0.999983566920415,1.63923859074901e-05,4.06936769841775e-08,1
"21793",0.984320345320569,0.015497498930598,0.000182155748832945,1
"21796",0.0381292068034951,0.960347845686957,0.00152294750954786,2
"21798",0.981986550654344,0.0177131441570216,0.00030030518863478,1
"21801",0.999977038030461,2.29134481164997e-05,4.85214225819231e-08,1
"21803",0.742866531941911,0.252059846101135,0.00507362195695399,1
"21805",0.999995298003157,3.88528913142751e-06,8.16707711917666e-07,1
"21807",0.152029152068851,0.831743764250217,0.0162270836809326,2
"21810",0.943952403868578,0.0560423967063861,5.19942503567801e-06,1
"21812",0.999659825593381,0.00031085589928339,2.93185073359436e-05,1
"21816",0.98771226788185,0.0122850726791628,2.65943898770979e-06,1
"21819",0.999480985164506,2.32886896845847e-05,0.000495726145809059,1
"21821",0.016069215067393,0.590038817482265,0.393891967450342,2
"21823",0.000116982180570293,0.271328070030134,0.728554947789295,3
"21825",0.986507145620801,0.013405595056071,8.72593231283926e-05,1
"21827",0.997623623765449,0.00192833329185289,0.00044804294269764,1
"21829",0.988516975111476,0.0113879640497698,9.50608387542324e-05,1
"21832",0.212370067081578,0.0026475232866227,0.7849824096318,3
"21834",0.847240228997918,0.152698474619505,6.12963825774173e-05,1
"21836",0.847240228997918,0.152698474619505,6.12963825774173e-05,1
"21839",0.0773558488698606,0.82413251352292,0.0985116376072194,2
"21841",0.222638814848104,0.00705361220667729,0.770307572945219,3
"21843",0.000663331538320933,0.611238824946973,0.388097843514706,2
"21846",0.999562198537625,5.16986468086275e-05,0.000386102815566313,1
"21848",0.994952735931079,0.00402052596441597,0.00102673810450544,1
"21850",0.832141841091668,0.167066661277096,0.000791497631236798,1
"21853",0.0044124235405789,0.0436875632865898,0.951900013172831,3
"21855",9.95416815653354e-06,0.000884095059940391,0.999105950771903,3
