"","V1","V2","V3","V4","V5","V6","V7","best$classification"
"19812",0.168054626163188,0.000559371869225097,7.57943770419601e-05,0.76401253598011,0.000680470162708491,0.0666153244289145,1.8770188121025e-06,4
"19814",0.0110208701989831,9.27305238201493e-06,2.05489609530363e-06,0.985474128524076,3.76883135014681e-05,0.00111807908561942,0.00233790592934229,4
"19816",0.882057731409135,1.58744717060307e-06,3.91315076519925e-05,0.0036917533850867,0.107290635810752,0.00691832238520814,8.38054996022389e-07,1
"19818",0.475323201989074,2.4810027706098e-05,2.05038816300464e-05,0.514923816905931,0.000644468977996159,0.000529108846856772,0.00853408937080597,4
"19820",0.00757413180302271,5.4867258359275e-06,9.58549844011414e-09,1.07277570395041e-08,0.992392519845745,2.7840778048655e-05,5.34092348711874e-10,5
"19822",0.00455686288991218,0.00821631250279672,2.60007769866996e-07,3.5021837358712e-07,0.982165798026406,0.00505946769808161,9.48656659943832e-07,5
"19824",0.839175221376982,2.54404591423538e-05,0.000129162706987269,0.000161788551771434,0.159205036580099,6.54092940904308e-06,0.00129680939560919,1
"19826",0.0923048303987743,5.38838023716119e-06,0.0119405851544023,0.72458649464911,0.00172814150786476,0.169393494343913,4.10655656983249e-05,4
"19828",0.556190121405971,0.000193762314873681,1.73065219378634e-07,0.000154576115675487,0.443284727709311,0.000174397913201369,2.24147574752657e-06,1
"19830",0.00285577980568947,0.00033433096028014,0.00123384309523989,0.867073243448896,2.56692098027528e-06,0.128384228581129,0.00011600718778446,4
"19832",0.107028024030384,0.700143694770714,4.41902745666759e-06,0.131837065688061,0.0217370301191311,0.0392481211004703,1.64526378342191e-06,2
"19834",0.157686330574587,0.0029488202322594,5.86134288426709e-07,0.0113526842371283,0.0980195626038706,0.72987937785091,0.000112638366955612,6
"19836",0.918455002123644,3.48042344747523e-05,0.0233325859470918,0.0538583364154009,0.00114889128023535,0.00316998868366057,3.9131549240478e-07,1
"19838",0.000260588817228312,2.95550177670028e-05,3.2472996985288e-06,0.99843111265887,4.25670771817093e-07,0.000973125281430191,0.00030194525423453,4
"19840",0.165903046537016,3.3146770882967e-06,0.000756277609640864,0.0191873927484304,0.0430828199141251,0.771063047805493,4.10070820581585e-06,6
"19842",3.14773507890812e-05,6.89440488297079e-08,0.94082931495097,0.0583336210222939,8.18150764569681e-08,0.000796266008186411,9.16990863488619e-06,3
"19844",2.03783115257684e-06,1.67100749235964e-08,1.51192028422745e-05,9.26189520357986e-06,1.17322439220079e-06,1.73394822491848e-07,0.999972217741512,7
"19846",0.000186720038822772,6.12859626109908e-08,0.0025840433660364,0.932940095528259,2.28580520129015e-08,1.13363164725481e-05,0.0642777206063953,4
"19848",0.000204909426203489,2.35114997509418e-07,0.000131485065321521,0.975922473708366,4.57318602986162e-08,2.82804544862862e-05,0.023712570498765,4
"19850",0.000784062550613362,1.62024297043581e-06,3.50804231952716e-05,0.80296934776843,2.8455973743602e-06,0.000172715222721202,0.196034328194695,4
"19852",0.96341485285174,2.83524995545685e-05,2.47270642736989e-06,0.0286547368246237,0.0055841084753495,0.00221077215507343,0.000104704487230922,1
"19854",0.000152142441365844,5.73283361750306e-07,2.92700332477789e-05,0.997533891345099,5.43788042017429e-08,8.14668529781101e-05,0.00220260166514342,4
"19856",0.000238881994627263,5.030657857297e-06,0.000148429365622928,0.01467387541808,8.28782125514553e-05,0.000519915620384841,0.984330988730876,7
"19858",0.00950511905499739,5.91845621986339e-05,1.49531492066533e-05,0.000957804522791245,0.00270144813846561,7.37303615437887e-05,0.986687760210797,7
"19860",0.527468046970352,4.14443071683518e-05,2.23627661808229e-05,0.265177463487205,0.0185823832522379,0.188673866731143,3.44324857124521e-05,1
"19862",8.26898994805282e-05,6.1564913492506e-08,0.00864725628209089,0.988847163001059,9.56200042070143e-09,2.90807278801812e-05,0.00239373896257574,4
"19864",2.7911444225033e-05,3.32117014611346e-08,0.999967732473407,1.86543428683649e-06,7.29871501577573e-07,5.97900517709255e-07,1.12966436023967e-06,3
"19866",0.775172968452596,5.20794527968826e-06,0.0198125581040805,0.00061194772960532,0.134705336856022,0.0696909957786837,9.85133733564742e-07,1
"19868",4.00219728970583e-07,0.996322585718417,1.80686015208913e-07,4.30382662518454e-05,5.46300273096155e-06,0.00358719504325749,4.11370635981757e-05,2
"19870",0.011634922421291,1.62502587258414e-06,0.000937452343972847,0.985488506154434,1.18528874675205e-06,7.67577881097815e-05,0.00185955097757232,4
"19873",0.337844445362583,4.17982772169158e-06,0.00152233849885974,0.657718322742236,0.000418101380466831,0.00180607038233791,0.000686541805795349,4
"19875",0.194639689068394,0.00015976587084765,5.71632382517053e-07,0.000974509090212694,0.768140146866101,0.0360852622087745,5.52632875614255e-08,5
"19877",0.101010614655785,1.89230077102902e-05,8.05032448120834e-05,0.888301317501241,3.17869063508348e-05,0.00810813167887968,0.00244872300522096,4
"19879",0.911103411976135,0.000270888395302755,3.5795552273778e-05,0.0772922217519282,0.00160690812584437,0.00825759021919998,0.00143318397931617,1
"19881",0.0812261086508367,5.85028146235048e-06,0.0226784414207872,0.888602261880691,0.000209712314675597,0.00603515707377498,0.00124246837777257,4
"19883",0.0349039123491726,5.92030807678704e-07,0.30633728200494,0.65591051028968,5.44739853889028e-05,0.0027294120372423,6.38173027690729e-05,4
"19899",0.0624418118699524,0.000288445856344203,0.000122725746873904,0.0121268250761505,0.00180862337946883,0.923208882440674,2.68563053638149e-06,6
"19908",0.000795877010237192,0.000721836086569939,0.0196310405284507,9.00537703817051e-05,0.00211628745648447,0.976393630833766,0.00025127431410974,6
"19910",0.952552502245801,7.17801322788972e-06,3.92157220979765e-05,0.0460918754739189,0.000914306252017978,0.000347930860336907,4.69914325991607e-05,1
"19912",8.36270820244226e-05,2.00478172579221e-07,0.502195590361415,0.490599243737207,1.95884804492153e-07,0.00663345245135952,0.000487690005016825,3
"19914",0.425245083743806,0.00178052918817,4.10210234984221e-05,0.162312877726125,0.0037017286991367,0.406287155769263,0.000631603850000569,1
"19916",0.474113778589787,3.37265915802937e-05,0.332843761564079,8.31729216498672e-05,0.192102978550372,0.000436605713052464,0.00038597606947861,1
"19918",0.00812742441791881,1.06251051444666e-07,0.00181446723534432,0.909393820771962,1.97709953123801e-06,5.76681931484585e-05,0.0806045360310439,4
"19920",0.000119628562209735,5.54688957324022e-08,2.511888166644e-05,0.130014673033221,2.96041670369519e-07,0.000102964077292462,0.869737263935044,7
"19922",0.0383354410843385,0.847580571503343,3.07116300853058e-06,0.113596719157815,0.00040210634055616,7.59847137927821e-05,6.10603714642061e-06,2
"19924",0.117218567537542,6.48125093291546e-06,0.000162327864617196,0.838958444229154,0.000138640069824854,0.00905614872217939,0.0344593903257497,4
"19926",0.386984882974092,0.00337229706063073,0.00380056066463344,0.0209151345764478,0.00654927116598182,0.578377649404063,2.04154151475318e-07,6
"19928",3.85823520857294e-08,1.8659672200224e-09,0.999998858039088,4.60342922308516e-07,1.69835962952028e-09,6.11063226557723e-08,5.78364987588425e-07,3
"19930",0.0168545185546209,6.41992379211822e-06,3.87279187887247e-05,0.982808599748154,4.73569919385289e-06,0.00018548739459444,0.000101510760855926,4
"19932",0.000341209545760964,2.50516387043061e-06,8.2959998137398e-06,0.998748269513269,1.54071524990287e-07,0.000118273970395544,0.000781291735365846,4
"19934",0.47013916142424,0.00154308541932033,7.35709566258669e-07,0.0153888264380604,0.470548446222837,0.042254363977401,0.000125380808575287,5
"19936",0.0473616666456706,0.000343548012459622,1.91945537888683e-05,0.8679832095862,0.000320109984833682,0.0838250451104091,0.000147226106637819,4
"19938",0.128486826477888,0.00112390213908644,8.51271254804789e-06,5.47798504830218e-05,0.757866849375043,0.112413073817738,4.60556272145973e-05,5
"19940",0.823808343818597,1.96851403261301e-06,0.00770924670284283,0.167923841399486,0.000249104576509413,0.000160044612849281,0.000147450375682715,1
"19942",5.38525433403014e-07,6.86144043762652e-10,0.999988006552503,4.38695709945366e-06,4.22603379063353e-08,6.85758310704795e-06,1.67435375304503e-07,3
"19944",0.975068434490403,7.60776122036604e-06,0.000190770427272073,0.016395564459201,0.0049821548397517,0.00335010849934394,5.35952280792831e-06,1
"19946",0.648395023971288,2.81438248749678e-05,7.24262923216088e-05,0.330613018883071,0.00135409147289746,0.00578863026073167,0.0137486652948158,1
"19948",2.315194084894e-06,2.7921193392494e-10,0.999975195172637,2.16512271101753e-05,1.76268411804719e-08,9.88962143895718e-08,7.21603899962583e-07,3
"19950",1.27319177787039e-06,6.07960990984746e-08,3.72110256444115e-07,0.00159454711651401,1.04356063042317e-08,7.24172998658373e-07,0.998403012176748,7
"19952",2.315194084894e-06,2.7921193392494e-10,0.999975195172637,2.16512271101753e-05,1.76268411804719e-08,9.88962143895718e-08,7.21603899962583e-07,3
"19954",0.00309513543502312,1.46362414055196e-06,3.49016754227987e-05,0.996343204151083,6.12647743896313e-07,9.17380988815388e-05,0.000432944367704903,4
"19956",1.20977764005372e-05,4.08622458649496e-05,0.00898002894282837,0.232669131728349,3.42342534068325e-07,0.148040978912946,0.610256558051077,7
"19958",8.17034155187823e-05,0.999099700230001,2.98208371768628e-07,0.000655380735143745,3.565433041225e-06,3.57676923136763e-07,0.000158994301000438,2
"19962",0.221491315510347,0.00185365305195258,0.000306422980758846,0.501048166809061,0.0227491646731922,0.021285054537823,0.231266222436866,4
"19964",0.68161437948849,8.85233951225402e-06,0.0109950512535236,0.30082498400958,0.000215249693523733,9.51596102805824e-05,0.00624632360508946,1
"19966",0.210469258608495,2.64737576037875e-05,0.00606346650203169,2.20250062841653e-05,0.753189701892157,0.0302290463378457,2.78955822949105e-08,5
"19969",0.00396511766753388,1.00043111595673e-06,0.00745140759615782,0.98160253934749,6.93267334215559e-06,0.00690368430543491,6.93179789251469e-05,4
"19972",0.0375203571255898,1.51607938587755e-06,0.143485322902256,0.751703388161157,2.91348380440655e-06,0.000128884387262294,0.0671576178605449,4
"19974",1.67299844452727e-05,7.88113224075521e-09,0.0342256898151644,0.120793815972407,3.68201490991429e-09,3.54141281290252e-06,0.844960211252023,7
"19976",0.29084896643727,9.68100370491021e-06,0.0002240044578496,0.654176126793707,0.0001630598997577,0.00429832437853975,0.0502798370291703,4
"19978",0.977752485068448,6.14636850955544e-07,0.000143523291209363,0.017466059124004,0.00437564063341372,0.000190462612040466,7.12146340328692e-05,1
"19980",0.000108819285387733,5.3606812206818e-07,2.47392597284024e-05,0.869139825840177,4.90572793228372e-08,3.80674415056806e-05,0.1306879630478,4
"19982",0.00027102506911973,1.1437573038434e-05,9.66812637408148e-06,0.155849461247108,7.07165254983636e-06,0.00131473750351502,0.842536598828295,7
"19984",7.8482569538488e-06,2.56914190591073e-08,2.37741630639644e-06,0.000216337308933031,4.94588653751451e-07,1.25118295132214e-06,0.999771665554783,7
"19986",0.0501180756826609,7.88749794461498e-05,2.68260564290566e-07,1.47754253292049e-07,0.946757403874157,0.00304522780909539,1.63982299187344e-09,5
"19988",0.00461599834328705,4.47743615041521e-05,3.21217617043884e-09,3.3840493740243e-09,0.995210125993637,0.000129094364629333,3.40716833488998e-10,5
"19992",0.00384196493806267,3.72207689427691e-05,2.16588440238138e-09,1.02448453269615e-07,0.992896588444599,0.00322408544578003,3.57882778048878e-08,5
"19994",0.0213308061193868,2.52185402505835e-05,2.82988919128059e-05,0.977759969458103,6.96171084360159e-06,0.000824931134115268,2.38141453879563e-05,4
"19996",0.0392214095694586,1.18098307540509e-05,3.8301839011279e-09,5.10859920073206e-07,0.960535886387131,0.000230331347689199,4.81748632211396e-08,5
"19998",0.014729381617507,2.64844122831381e-05,0.400015798764227,0.0896635025216353,0.00320666302308815,0.486855425465404,0.00550274419585526,6
"20000",0.000114568128469048,0.00793948674605227,0.00233152057379522,0.724034466948142,2.00093271613955e-06,0.265335056409195,0.000242900261629801,4
"20003",0.0752816994444409,0.000151591834408889,0.000596071003683144,0.910353751835132,0.000115463633234271,0.0134999495119358,1.47273716511776e-06,4
"20005",0.000177435153825733,7.11620396034995e-08,0.00122676033661426,0.976912254509057,1.46725808727764e-08,3.00242087575758e-05,0.0216534399571246,4
"20007",0.662729703442245,0.000692036827774206,8.45761800491749e-06,0.048640643226176,0.0214264369808044,0.266083547032398,0.000419174872598355,1
"20009",0.372240676384817,0.000445650541836163,0.000366116889367129,0.000130586757609655,0.625521823071498,0.000952747645874672,0.000342398708997815,5
"20011",0.172334141150054,5.03210858299601e-06,0.0290255506946026,0.787155413715547,3.50394466625497e-05,0.0013091771303751,0.010135645754176,4
"20013",0.00296535519128843,6.72519251150574e-06,1.06681594441055e-05,0.880835558357906,9.10825783187661e-06,0.0199277092545359,0.0962448755864824,4
"20016",0.0855907963804417,0.0021112631683037,5.43674966351181e-07,1.1325088963924e-06,0.909467201669704,0.00282318443083278,5.87816685529943e-06,5
"20018",3.30004353184427e-05,0.929385382225511,7.8135179496653e-09,1.07838762730848e-09,0.0705723691441074,9.23861344002285e-06,6.89718009713779e-10,2
"20021",0.907569399777049,0.000150296714122603,3.66338644914516e-06,0.00165822024282013,0.0902272353276846,0.00039114824803516,3.63038398046041e-08,1
"20023",0.897471120233288,0.000445623623561944,9.2621383884427e-06,0.0106547859634615,0.0514939563884175,0.0398805744651944,4.46771876877019e-05,1
"20025",0.0211315493048245,0.298889119824351,4.75188017555145e-07,2.00026613217804e-06,0.679635672000168,0.000341152374762994,3.10417439821567e-08,5
"20027",0.00164620736630623,1.2621932052605e-06,0.31584758428479,0.663306998706336,1.37248653754033e-06,0.019181409029278,1.51659335465871e-05,4
"20029",0.000294107042558459,3.0665148478198e-08,0.00679331435882616,0.984140288886012,2.245130847505e-07,0.000643066770462514,0.00812896776390773,4
"20032",0.00222680350090934,3.77788845810814e-06,0.00429620955112292,0.992841816469717,8.09352170318e-07,0.000621148483502869,9.43475411957294e-06,4
"20034",2.45770725353584e-05,2.67785424526566e-09,0.999891920620204,8.29566522287391e-05,5.65277927830161e-08,3.38558764312717e-07,1.47890620559949e-07,3
"20036",0.000259532552105748,1.81600692979929e-05,0.000138619824115936,0.01997751973043,0.000507991944976842,0.966867422344868,0.0122307535342057,6
"20038",0.0956241170079276,0.00258055777823288,1.82639414287864e-07,3.47493804082427e-05,0.738246334410613,0.163514057442413,1.34099089443691e-09,5
"20040",0.173011475463643,0.0100272007107085,0.000125927923181717,4.83683190802066e-07,0.816793729163432,3.7914390857208e-05,3.2686649865119e-06,5
"20043",0.0866473553099278,0.000268086316858343,5.51136252015954e-08,0.000541603268195559,0.905780733667707,0.00676188795983149,2.78363854762335e-07,5
"20045",0.00422906452631138,0.00081387021054486,2.97127465576931e-10,5.64802005956448e-09,0.994941632547994,1.54097491565164e-05,1.70208461637337e-08,5
"20048",1.31116794679437e-07,2.70860504356249e-08,1.88151789765892e-07,2.47308063750128e-05,8.76583901099459e-09,1.00131364894944e-07,0.999974813941786,7
"20051",0.131452787935401,0.0146643173746864,8.0496359003137e-07,0.579333191823792,0.131145281835518,0.130680791769048,0.012722824297965,4
"20053",0.965367792424298,1.50082728809006e-05,2.48861656584305e-05,0.0009430522986682,0.0327195645144878,0.000865858914447938,6.38374095580369e-05,1
"20055",0.0435491345792712,0.0173823880177611,9.09285493672873e-06,0.00224592683388902,0.0503378947532493,0.886475555591886,7.36900706897204e-09,6
"20057",1.39553689538673e-07,0.999614319204995,1.19212800079243e-05,3.7868967964348e-05,4.08742280824528e-08,1.04782051278807e-06,0.000334662298602508,2
"20059",0.97476682793467,0.000674243018848591,9.62514637456404e-05,0.000637970630291313,0.0232966458779259,0.000522998140800854,5.06293371779391e-06,1
"20061",0.981347285461746,4.86259801648512e-05,6.17830099831442e-05,0.00602349198621307,0.00994872159909807,0.00254682936796065,2.3262594833833e-05,1
"20063",0.000107991279664708,7.30714870334151e-05,0.000419651160471913,4.55953231625065e-06,0.0152454398173503,0.000141895644471484,0.984007391078692,7
"20065",0.00296770197851892,0.774231077201806,1.7416355943576e-09,3.72185429802192e-07,0.222338988722974,0.000461858141112134,2.85234326294169e-11,2
"20067",0.0915814917728216,0.00594511311048596,3.28331350280431e-09,3.67448237665056e-05,0.90105287740673,0.00120173622366008,0.000182033379221992,5
"20069",0.000119032807634072,1.08478739114029e-06,9.68537085812702e-06,0.630497346477588,1.25321840202696e-07,7.0704580042117e-05,0.369302020654646,4
"20071",0.00271173905840826,1.48532300090123e-05,0.0012037957243255,0.000862686596214425,0.000282430688406904,0.994909997854609,1.44968480267741e-05,6
"20073",0.00641483801479724,4.4279240217946e-07,0.000350951093576226,0.0999478560156362,1.05589901726958e-05,4.36531967589617e-06,0.89327098777374,7
"20075",3.98072638784277e-07,0.999361218780768,1.7739925077725e-08,5.40989761724862e-05,1.31044062233241e-06,0.000582694749774021,2.61240099596123e-07,2
"20077",0.122620373581606,1.13660922295434e-05,4.03414666887665e-06,0.00138608481747187,0.221330969240401,0.654380082069626,0.00026709005199682,6
"20079",0.00991381379512412,0.000450749665580496,1.7301738102027e-05,0.0353967142310599,0.105660654173009,0.00924923836607012,0.839311528031055,7
"20081",0.364590430593395,0.163785748834141,2.14227965671e-08,0.00168174260521405,0.411401595553356,0.0585353827950333,5.07819606415566e-06,5
"20083",0.000138500391102741,0.00011407791125652,0.00134849902619518,0.00337804831906376,0.000908381937158744,0.135425380063133,0.85868711235209,7
"20085",0.00217080715922336,0.000188175727588043,7.70669026584188e-10,5.76028517188885e-09,0.997465143738605,0.000175866787463007,5.61664417235166e-11,5
"20088",0.120271530553792,0.000408895915626236,2.11123893240667e-08,4.97168827034295e-05,0.876033542495919,0.0032362278393316,6.52002387601678e-08,5
"20091",0.000372311187808547,0.999323568581922,4.22053100736072e-10,7.7540510949006e-06,0.000179787002139586,0.000115825250669347,7.53504312493707e-07,2
"20095",0.159570044959916,0.000104268371836357,0.0300317259771293,0.00331140908024518,0.00238619583611411,0.000535610640408761,0.804060745134351,7
"20097",0.00168988217338657,0.000798787813427798,3.31899478163822e-10,1.11430605330049e-08,0.996890528686319,0.000620789774918179,7.6987979015933e-11,5
"20099",0.799462325850794,6.13774640720859e-07,0.0858416946564772,0.00034762807697464,0.1117683817482,6.9995605841189e-05,0.00250936028707196,1
"20102",0.000471693455407663,0.0488562670897718,1.59928683559423e-07,0.000623011549285768,0.000121183022637171,0.000113492152762949,0.949814192801451,7
"20105",0.272745947002978,0.000157047813835477,1.91315847190524e-07,0.00150124340924141,0.724203273343007,0.000934645902687319,0.000457651212403477,5
"20107",0.413166150619961,4.54137857802802e-05,8.73026694989633e-07,5.43801772325571e-05,0.520481247921226,0.0662515599893896,3.74479715451006e-07,5
"20109",0.822952499181147,4.21361820869322e-06,0.000369681171928772,0.00542638382373694,0.0384508230219938,7.96566023365158e-06,0.132788433522752,1
"20111",0.000346293938702973,0.655938987173697,1.49590012210209e-05,0.339414234033752,1.33046273893161e-06,5.42836439882511e-05,0.00422991174589957,2
"20113",0.17273991827357,1.56457525328655e-05,0.00449880688805071,0.000636114917152832,0.0524000783875906,0.769709217713163,2.18067939910791e-07,6
"20115",0.00255687053071409,0.000211757335614833,0.00315827310221551,0.993853757670011,3.40632448714063e-07,2.50581705349852e-05,0.000193942558460836,4
"20117",0.0483867410907392,0.555913185897301,0.352281746942956,0.000206014907311201,0.0293536740909711,0.013856007213591,2.62985713053078e-06,2
"20119",0.156634610044022,9.44899996521665e-06,0.0267742268020743,2.42954108895653e-05,0.778671621302135,0.0378857848766124,1.25643018462492e-08,5
"20121",0.135321367760109,0.000114630209016541,3.95713307952847e-07,4.20411198199255e-06,0.829755726277253,0.0348036667559812,9.17235124652124e-09,5
"20123",4.2229554390212e-05,0.998894525737546,1.44167043264466e-09,1.95370475072461e-06,0.000491000055685504,0.000570287024403927,2.4815531908942e-09,2
"20125",0.00107339584207455,7.14650912125974e-06,6.07025038718469e-06,0.928711695962896,1.12530956656508e-06,0.00134758774281011,0.0688529783831445,4
"20127",0.00591437989385784,2.27454077920376e-05,6.82575827963568e-09,2.06011492672344e-07,0.994045893960767,1.64960818775321e-05,2.71818454710698e-07,5
"20140",0.00255725272930939,0.00447265581369265,1.87261603239949e-05,0.000588492960639966,0.00139542256777184,0.990967434015255,1.57530070668536e-08,6
"20142",2.38657483591428e-06,1.50193783855622e-07,7.50722658815136e-07,0.00502541089293053,1.75381303677021e-08,7.48222508436544e-06,0.994963801852576,7
"20144",0.000412662755781017,0.00436366324264228,3.58080764146934e-05,0.963639168425461,9.12878983063116e-07,0.0267592683997898,0.0047885162209285,4
"20146",0.00188103097764529,0.000679530715175143,2.59803344186134e-05,0.256323091757606,0.000307729497677077,0.416026381468909,0.324756255248569,6
"20148",0.0158563116797775,3.89302024845878e-05,1.2327357318682e-05,0.933784791042067,0.000290015116815303,0.0498761636876446,0.000141460913892647,4
"20150",3.87470623443095e-05,4.4316267394683e-08,0.00193008755546134,0.683425462037116,7.9130479339788e-09,1.08265336144687e-05,0.314594824582148,4
"20152",0.0994556443370911,7.2827649785869e-05,7.20879066214203e-05,0.846930814866803,0.0013958411361624,0.0519627277885388,0.00011005631499743,4
"20154",0.00030142152626325,0.909354329410331,1.12017956280542e-10,1.49277692364705e-06,0.0901133166285522,0.000225902173852465,3.53737205892821e-06,2
"20156",0.422071624233201,0.0031808722967556,5.64753414882582e-05,0.0131583406612569,0.0233883570435231,0.502856605119304,0.0352877253044712,6
"20159",9.87720269160767e-05,2.13232026968873e-06,6.16147192708682e-06,0.508773052158761,1.47551711989419e-07,0.000193823903011866,0.490925910567403,4
"20161",0.000135137242203519,8.40826955236571e-06,5.79414415506534e-05,0.0036142843916159,2.65230834657215e-05,0.00138003398508713,0.994777671586525,7
"20163",0.132556555129722,0.000933055665284031,0.000744963962484478,0.861390691221103,0.00242200934080283,0.0019500514373779,2.67324322610522e-06,4
"20165",0.00176327760702493,4.84922233223519e-06,4.51087263781936e-07,0.000251940912746263,0.00157084862222059,4.1692267543077e-06,0.996404463321658,7
"20167",0.0208387972559269,2.38941831205636e-06,7.3879006205105e-06,0.97270855321437,6.58172406235832e-05,0.000672308650094306,0.00570474632005264,4
"20169",2.49873378248268e-07,3.48639490221527e-08,2.26606872656662e-07,0.000134529248561637,7.42175807759754e-09,4.32651406788738e-07,0.999864519334074,7
"20171",3.85061031583778e-05,0.960422541112049,6.74575545981488e-11,6.98338373364222e-08,0.0393635718991028,0.000169904990991697,5.40599340321814e-06,2
"20173",0.0181906098304571,3.49276104365493e-06,0.743532488948047,0.000352950243021777,0.0142462390294393,1.9539095145554e-05,0.223654680092845,3
"20175",0.0349981119854926,8.77473012575093e-06,0.000224589059327506,0.953850613362136,9.08643318999392e-06,0.0036974508453072,0.00721137358442118,4
"20177",0.499776143769165,1.77362521386443e-06,0.434693516982336,0.000648787630920492,0.0642070097587123,0.000573076252637318,9.96919810149752e-05,1
"20180",0.1223201652756,0.00105858157155445,3.33816048483644e-06,2.71725683677362e-06,0.87361316806008,0.00300202964512636,3.03185042888969e-11,5
"20182",4.48143487583642e-08,1.10364920422123e-05,0.00202694550628014,0.000208190239231959,6.42214267337606e-10,5.7746940332522e-08,0.997753724558942,7
"20184",0.000260492230665456,4.8726469773375e-07,3.99049408075561e-06,0.0310678765619542,1.59107702551993e-06,0.000223042819845836,0.96844251955173,7
"20187",0.00397082768397581,6.63144949007626e-08,0.991200239492089,0.000446445125273784,0.000165732222004596,0.00333339962211199,0.000883289540050127,3
"20189",0.973910926432556,7.19195437145983e-07,0.00341459125446091,0.00486529369965822,0.0176534258229592,0.000153647887798284,1.39570713042901e-06,1
"20192",0.456525921195131,0.188726090407354,0.020508602732328,0.00132155676504032,0.332751699632591,0.00016409135131883,2.03791623682852e-06,1
"20194",3.24407818736245e-05,3.08896658136624e-07,0.126320934790058,0.051010394576761,5.92471628045542e-06,0.137675075136983,0.684954921101386,7
"20196",0.0179245411461481,0.0811688140252215,1.55277513147612e-08,6.01852204022886e-06,0.899869704987126,0.0010308532981939,5.24935186764779e-08,5
"20198",0.501845263255713,0.00290849166028602,0.000306471017648428,0.286945791276568,0.0175102705802425,0.189994618312552,0.000489093896989926,1
"20204",0.000213002420355927,4.1540857996533e-06,1.14918630764041e-05,0.661350966666204,1.41806738347228e-07,2.236298687802e-05,0.338397880170948,4
"20207",0.0176445449785111,0.0296016525430748,1.36599614878596e-09,1.57563337344599e-05,0.943765815963357,0.0089560970145932,1.61318007336865e-05,5
"20209",0.00410796834529906,0.0740879995102367,0.0619553409210261,0.817527953552498,9.13225616838311e-06,0.0423091893505256,2.41606424597628e-06,4
"20211",3.39726653274677e-05,0.998231849328028,2.51848984105264e-11,5.72636074673187e-06,0.000425605029008301,0.00130282022880247,2.63629014730986e-08,2
"20215",0.0100112956659305,4.6102558391586e-05,1.02086559929541e-06,0.000743786668050122,0.219516011132907,0.769675131568614,6.6515405077246e-06,6
"20218",8.62213503845782e-06,2.12172368322893e-07,1.05444790447636e-06,0.0226499308572577,2.62782521334682e-08,4.24404068437277e-06,0.977335910068494,7
"20222",0.021324667688143,0.0218775906950927,1.27619273039787e-08,0.00133440325666205,0.936671393711424,0.0187566224705971,3.53094161537569e-05,5
"20225",0.000144948420615764,0.000155858003895226,0.000180253670317244,0.938402273442093,4.63063821338753e-06,0.0453862289003844,0.0157258069244806,4
"20229",3.10056172283605e-05,0.000194428682346999,6.60950094241135e-06,0.0012500187323097,3.22652721675424e-05,0.998481342003179,4.33019182562946e-06,6
"20232",0.358934814523452,0.00369379842877261,8.47005949206024e-06,0.00642552565884772,0.028195132981325,0.60273762956238,4.62878573110702e-06,6
"20234",0.00380552332731034,0.0228497568311554,1.88533023966777e-07,5.56620619322757e-09,0.973340101586211,4.42405509344938e-06,1.00999574409116e-10,5
"20238",0.477850318027885,0.000743146979054589,5.14260044366796e-07,4.9049285285697e-05,0.51263026161385,0.00871842652114134,8.28331273871092e-06,5
"20253",0.00340116597795878,3.00328039669301e-05,2.28335075063229e-07,4.11390962492069e-06,0.749615885962284,0.246948290727803,2.82283286951829e-07,5
"20255",0.00173111821608314,0.00020866342232922,1.49489564049873e-06,0.994345247833524,2.35453957791694e-06,0.00359049519174714,0.000120625901098479,4
"20258",0.347199565814231,2.42605708302055e-05,6.35236016489838e-07,1.6823021942375e-05,0.652716962008435,4.1732859986568e-05,2.04885581253063e-08,5
"20269",0.932021888300046,2.24867166818924e-05,9.54364377352682e-06,0.00549026158273222,0.0473584775116189,1.10069360136486e-05,0.0150863353091341,1
"20271",0.560197661960858,5.35274280852531e-06,0.00960820574810318,4.9590069309297e-05,0.430024344464006,0.000114762630609329,8.2384305495357e-08,1
"20285",0.00279872333357346,1.73776999522632e-06,0.970474436480957,0.0162884338599605,0.000232421191782749,0.00956228343079699,0.000641963932933901,3
"20288",0.0879113232380747,0.000223019981964358,1.60485655913548e-06,0.00139403064636743,0.115519000779551,0.794924282362633,2.67381348504877e-05,6
"20291",0.393143426347073,0.335430535518198,2.00618156414785e-07,1.90356377133027e-05,0.267972835469998,0.00343229224917183,1.67415968900656e-06,1
"20295",0.923263115196826,3.27690276436467e-05,0.0421130881395039,0.0109363503481758,0.0200541506020262,5.61895026489973e-06,0.00359490773555985,1
"20298",0.000178467718133304,7.49597581092068e-07,2.88298934703385e-05,0.998080623547315,8.5756627917515e-08,0.000357727487575236,0.00135351599929749,4
"20302",0.00819622243469803,2.51768842860427e-06,0.00174862311824732,0.385899715803987,1.15657219473601e-05,6.04737512890941e-05,0.604080881481403,7
"20305",0.000195487134532196,2.88896699743661e-07,0.000791211832314986,0.998759821123121,5.09576622284667e-08,8.30898106337562e-05,0.000170050245035998,4
"20307",0.107265889636668,0.000141193870169595,5.3529810679828e-09,1.06741261539636e-06,0.891962739491646,0.000629091738277225,1.24976427819908e-08,5
"20310",0.00205847459399558,0.000110031772635329,2.28466015424869e-08,3.38682639572622e-09,0.997819390559588,1.20750487018941e-05,1.79165084223888e-09,5
"20313",2.45697242307115e-07,3.16462613483339e-09,8.23715747271348e-06,0.000634347336180057,9.72274719572015e-10,1.14105541282403e-07,0.999357051566663,7
"20315",0.393428583463807,3.68916758925448e-05,9.38437599724172e-06,8.11874345668592e-05,0.596693833404201,0.00974986740161195,2.52243923331995e-07,5
"20319",0.00225378953665676,0.242553507625217,3.12415760261231e-08,1.21528341230935e-05,0.745806941842492,0.0093735469076248,3.00123107339532e-08,5
"20321",0.0154799222053024,5.63838708962596e-06,2.03798464727676e-07,3.03838963846228e-06,0.982753324554161,0.00175584174368456,2.03092165903575e-06,5
"20327",0.531014910675699,2.79855967636552e-06,1.43054018514087e-05,3.71313696017067e-06,0.468946419038721,1.77807472529545e-05,7.24398386980938e-08,1
"20329",1.56211869199259e-06,1.02393549607817e-10,0.999907970975529,5.58659474497059e-05,6.99096358101652e-09,2.92536369808201e-06,3.16685012737794e-05,3
"20335",0.0213314035395598,0.0475193561962956,1.4311628557858e-10,6.33848476068576e-07,0.9309737742853,0.000174489450446463,3.4253680556875e-07,5
"20337",0.000201422240383176,2.28768186802716e-06,5.50532734549161e-06,0.866582519456388,1.70780685570985e-07,8.08173832133479e-05,0.133127277130116,4
"20339",0.000422112245803371,0.591922999488284,0.000218642978573253,0.00221483849325313,0.00198778635742068,0.403232564731559,1.05570510726037e-06,2
"20341",0.00144817334445642,0.980163373326999,3.06453505276147e-09,3.88601430842131e-06,0.0163397557813357,0.00165789144510653,0.00038691702325801,2
"20343",0.00403466360465228,0.000920663910855857,9.74499645358211e-09,3.43513113297722e-07,0.994935127854339,9.29959489329366e-05,1.61954231098204e-05,5
"20345",0.0603622358799655,2.15623029159887e-05,0.0259206162121175,0.89651714646167,5.21406145021893e-05,0.0171230715859423,3.22694288599186e-06,4
"20350",0.00117596113241751,0.00380420910898093,0.00018648746642534,0.00126866275124941,0.00709747229485456,0.985484002238202,0.000983205007870546,6
"20352",1.38157333172945e-06,4.7936998515814e-08,1.89640420331783e-07,0.000329381563393661,4.59854522070766e-08,1.73794143268542e-07,0.99966877950626,7
"20355",0.00270539937687402,6.07327398484917e-05,6.39744472969827e-05,0.013007107748185,0.000129382891101643,0.00042692788170088,0.983606474914993,7
"20358",1.64548421552144e-05,5.41265218828282e-09,0.965516730755833,0.0268179363015515,2.32263046413809e-07,2.81210314086492e-05,0.00762051939335314,3
"20363",0.0498184324237176,1.02175079182089e-05,8.69723561421319e-08,2.64307194442232e-05,0.946770442596305,0.00337210263991235,2.28714034647015e-06,5
"20365",0.157257683559008,0.615590374258459,1.44182860703251e-07,0.00874654401043228,0.107704171452028,0.110700382741913,6.99795299301991e-07,2
"20379",0.0105994364476133,0.000489137356592412,0.00017920939069287,0.987764926786329,1.1195549595941e-06,0.000440965525563681,0.000525204938248755,4
"20387",0.511306821492779,0.00102753069740871,3.12766437101643e-08,8.54655673742167e-05,0.487372450558476,0.000207604431816308,9.59755019104322e-08,1
"20392",6.52712482357426e-05,0.998430338008891,2.90805202096479e-11,1.55351627757061e-06,0.00136547036835595,0.000137365481094298,1.34806495047746e-09,2
"20395",0.0349659695237097,7.60322741712624e-05,2.09333517954638e-05,0.520808511142055,0.000417808846868694,0.443081310241657,0.000629434619743406,4
"20397",1.10633586136351e-07,5.27877269151325e-10,0.997202254377189,2.50119847210776e-05,1.15016649292458e-09,8.08998610793696e-08,0.00277254042659882,3
"20410",0.908336270059021,0.000179954160051416,0.000104017121400303,0.001009434069089,0.0896175038537853,0.000752816573011826,4.16364063703491e-09,1
"20414",0.00450270858360948,2.35175219610001e-06,4.03458858516035e-05,0.836465492826485,1.19101953725636e-05,2.05445062011588e-05,0.158956646250284,4
"20417",7.10097177930796e-05,0.31032195711095,1.10444427536008e-05,3.75679559602206e-09,0.689527785407072,6.81979029675808e-05,1.66166790492792e-09,5
"20419",0.100428246963183,2.01778882760038e-07,5.832996418092e-06,1.39565574299533e-06,0.899486718585143,7.72141282917379e-05,3.89892339041832e-07,5
"20421",0.0238169814269544,0.0161830274141294,3.56999586001711e-06,0.210496919210984,4.99744870480924e-05,0.000778770953323395,0.748670756511701,7
"20423",0.00221108140552604,5.47315147665987e-05,3.65855493759988e-06,0.714339200194738,1.2830360777266e-06,0.00017228128623905,0.283217764007715,4
"20425",0.000303781073365651,0.000109748462079794,1.17733826275444e-06,0.347471525825645,2.20345458805337e-05,0.0323770062441776,0.619714726510588,7
"20427",0.274824167044166,1.28126582480812e-05,3.89387743050194e-05,0.715759982908668,0.00120528121367646,0.00801324258533553,0.000145574815600987,4
"20429",0.168030803347011,0.00151764248050385,8.08168870143455e-05,1.23259996653255e-05,0.815052881706419,0.0150845472816849,0.000220982297701368,5
"20432",0.000167636974100069,9.25319708886616e-08,0.000339673879589828,0.292507046644095,5.5193019020891e-07,1.10231348225387e-05,0.706973974905232,7
"20435",0.855880009151118,0.00887203669864382,5.73519346032932e-05,0.0235539989113912,0.040282289492251,0.0713521763960043,2.13741598816007e-06,1
"20438",0.0333075990307984,1.34808782910594e-06,2.08021699216403e-05,2.58327185458506e-05,0.943228527075049,0.0232221049246859,0.000193785993170301,5
"20440",0.425592663639943,8.98410445806747e-06,6.37282588528888e-06,1.75629960172264e-05,0.574351437435766,1.51302393450014e-05,7.8487585850715e-06,5
"20443",4.73797636115039e-05,3.40555803561536e-06,1.28963840972494e-06,0.000313920252094278,5.25254685271972e-06,0.000542236580275414,0.999086515660721,7
"20446",0.545785506742755,0.000935567875395812,0.00165307303824605,0.329720865932581,0.110552403540479,0.00849611603204986,0.00285646683849283,1
"20449",0.17524666166311,0.00156432051635764,2.16140525937348e-05,0.00979460868062365,0.0201773746232803,0.793192505443644,2.91502039052278e-06,6
"20537",0.548141173691927,0.336393836058003,4.71318881821437e-07,0.0012418777525995,0.113726244996324,0.000416172980576441,8.02232016881534e-05,1
"20540",0.000717704162411767,0.997887154505736,6.24693636752559e-10,3.61139928165406e-07,0.00139057648032903,4.20252161297667e-06,5.65288459182977e-10,2
"20543",0.830430685705849,0.000183223694274341,9.10142583746148e-06,0.166119299643952,0.00149390185199299,0.000913928803461971,0.000849858874633146,1
"20545",3.32165157103838e-05,0.999596051482507,1.00782773617113e-11,3.79778293459324e-06,0.000337573835743923,2.92945793989314e-05,6.57936270253374e-08,2
"20549",0.342344154689893,0.00321663460836,6.27214213774772e-07,0.640807796118989,0.000966290925332648,0.00273879754499695,0.00992569889821525,4
"20551",0.713487932973123,0.000713636828266591,9.53965949353541e-08,0.00481066050551395,0.209913585609608,0.0709930298724173,8.10588144762067e-05,1
"20554",0.941690572385865,2.32266958976464e-05,1.09043975946878e-06,0.000363705897376403,0.0579021165931164,1.76701503420666e-05,1.61783764294783e-06,1
"20556",0.0052942539479657,0.00517970942549832,9.10556153095687e-08,0.0204126509528817,0.00242296619649045,0.966608497483607,8.18309379418222e-05,6
"20558",0.106351307326403,4.38828760209042e-05,8.60046245888813e-09,4.34158464466999e-06,0.893407772895337,0.000192615458190623,7.1258941473651e-08,5
"20560",0.541671119445699,2.80736861715571e-05,6.3170745160965e-07,0.00628299469007059,0.43703226011406,0.0105985624823358,0.00438635787421221,1
"20563",0.0224975551610703,3.32959267932282e-05,1.74399443262926e-08,2.33725952995873e-07,0.977461946077533,6.830197835234e-06,1.21470870686364e-07,5
"20565",0.128351415182984,0.000347554570794579,2.89737500246587e-06,0.0495193045400895,0.610668282183095,0.186067034864565,0.0250435112834693,5
"20567",0.00024634139512603,3.39784772845646e-07,0.00011998571399275,0.0938864938800348,5.85078194766305e-07,0.000331245475918933,0.90541500867196,7
"20571",0.000229226635261321,0.000142507350700012,1.21760413116904e-05,2.99489572315117e-06,0.109232939505983,0.890379312728625,8.428423957688e-07,6
"20573",0.837500095331964,0.00133312975171711,5.52325395631425e-07,0.00487701967529228,0.065777487031645,0.0902285860426652,0.000283129841320229,1
"20575",0.112255817961416,2.63069526976582e-05,5.22402031296911e-07,8.91702973812972e-07,0.887592733854975,0.000123681079736767,4.60461695729956e-08,5
"20577",0.0451396354764103,0.000251944689381899,0.000128716699634533,0.137030354171884,0.00244435122547355,0.814987673471938,1.73242652778191e-05,6
"20579",4.24264531857092e-06,1.8886341372357e-09,0.123789384881043,0.000856802647628833,1.11001821350319e-08,2.61636045617491e-06,0.875346940476737,7
"20582",0.00641331653884563,7.38126027865534e-06,7.84512376452052e-09,1.49734444528254e-07,0.993521283882833,5.78576332929548e-05,3.10518181803064e-09,5
"20585",0.0127665983537403,0.927520983023145,7.35965625080234e-09,0.0036563009097218,0.0300193529328255,0.0260363710981228,3.86322788283069e-07,2
"20588",0.00371331925153195,0.938948962361495,4.31875142542869e-07,0.00176650378166788,0.000507591017711744,0.0549835984844613,7.9593227989982e-05,2
"20590",1.90828526487016e-06,1.20036332107575e-09,0.00127163964301415,0.00488540849647435,1.94688333349225e-09,1.27315609339318e-06,0.993839767271907,7
"20592",0.00968102491650833,5.2597031993562e-06,3.32803331772196e-09,6.74444870190404e-08,0.990203909596652,0.000109547690301739,1.8732081845393e-07,5
"20594",0.0244496615780195,4.92497908574428e-05,1.14603975356103e-07,5.06288267385078e-07,0.975455553255728,4.49138352471156e-05,6.47904933165552e-10,5
"20596",0.938014953876498,5.37146428332725e-07,0.000536638714658024,0.00082802135127263,0.0600474674179594,0.000448195482627085,0.000124186010556926,1
"20598",0.814026332368511,3.3093767210679e-05,1.35521848595403e-06,0.00200076515511359,0.181707778686569,0.00222862444308404,2.05036102580074e-06,1
"20600",0.020453685143325,0.229452253794198,7.70665524412113e-08,0.0251867914840197,0.00255626507809366,0.721979244848745,0.00037168258506573,6
"20603",0.00299859012468526,0.00152798387614503,1.09395066420786e-05,0.9808504267862,5.21650348266964e-06,0.0127501098265719,0.00185673337627249,4
"20605",0.474155109049479,0.000168505308174861,4.25522942840933e-06,3.03053177747972e-05,0.497612449468443,0.0280293677450994,7.88160055874604e-09,5
"20607",0.368128147398643,2.54790699871451e-06,2.81916671096531e-05,0.000179500679748282,0.591033430313105,0.0406279405829984,2.41451396841102e-07,5
"20609",0.918849739718217,2.79723971571719e-05,3.19742166090521e-06,0.00257599653832565,0.0784557011857005,8.19332480594741e-05,5.45949087943704e-06,1
"20611",0.000282475523989233,3.58862106404049e-07,0.00624311381910238,0.992814696630528,8.19145499169721e-08,0.000596556584831374,6.27166648928585e-05,4
"20613",0.893288782291489,0.000861671301071067,1.62535287915109e-05,0.0999964845708694,0.00528687829016055,0.000548920996799168,1.00902081975577e-06,1
"20615",0.0343116248019547,0.00873782212450493,1.04481695183846e-07,0.0792374677185873,0.00998970155041532,0.867214355611463,0.000508923711379109,6
"20617",1.37673019898573e-06,6.51622796841227e-08,3.9091815245501e-07,0.00205658197194623,1.02725787183328e-08,1.03831583036062e-06,0.997940536629014,7
"20619",0.0110017664013065,1.91376984011932e-06,1.49296118829635e-07,4.19764437540839e-07,0.985394830277251,0.00360012497205622,7.95518990192072e-07,5
