"","V1","V2","V3","V4","V5","V6","V7","V8","V9","best$classification"
"19812",0.000509312605413702,8.8965328748007e-05,2.84712042550177e-05,3.52406635385462e-05,0.000147777624638523,0.043120879392654,0.238941163707107,9.10522716122757e-07,0.717127278950929,9
"19814",4.19176492130157e-05,1.2405565665873e-06,3.58084878262173e-08,5.41596231030257e-06,1.85837283854759e-06,0.000634432022914303,0.013168129044014,0.00179841507512904,0.984348555508526,9
"19816",0.22397233703865,4.33498754298544e-09,0.00156931710378352,5.3278926403966e-06,8.1202085116606e-06,0.00629262264823433,0.764514766784632,5.45181011442784e-07,0.00363695880754912,7
"19818",0.00102033628145461,1.96958587672826e-06,1.44705565084587e-06,2.80240652956617e-05,6.26622154241024e-06,0.000239079677330089,0.59859807665338,0.00638194952415255,0.393722850935317,7
"19820",0.998004902069013,1.72632261054801e-10,0.000198458427815197,3.23883055632863e-11,0.000164605807010862,1.84828303282439e-05,0.00161354686242902,1.79664678166898e-10,3.61871812595687e-09,1
"19822",0.837817916205474,6.56280309871697e-06,0.00857242783870426,2.24043776694644e-09,0.141244859699463,0.00969605383713245,0.00266080019356505,1.07252392897634e-06,3.04658195303105e-07,1
"19824",0.398699292404954,2.16236597827061e-07,0.122174365466499,6.8514355708563e-06,7.41697301942692e-05,4.23130066093555e-06,0.477310685294804,0.00158822947051857,0.000141958660200281,7
"19826",0.00148987954002608,1.35291081463678e-06,0.0061517529742143,0.0049076298879681,1.54409876139133e-06,0.128939231123645,0.077214958513788,2.41127472982134e-05,0.781269538203484,9
"19828",0.709401972975913,7.94932754277721e-08,7.45527358701068e-06,1.26994810846138e-08,0.00112635446732356,9.57127127367816e-05,0.28929529140476,1.03862065967806e-06,7.20823522636363e-05,1
"19830",1.24940139875372e-06,0.00353865017458002,7.31910467310019e-06,0.00231628002874362,8.90037679142267e-06,0.102716883845229,0.00749626792705075,8.52999294778323e-05,0.883829149212055,9
"19832",0.0119550718350754,0.0221456285178533,0.000182985674624195,4.76512806405739e-07,0.686446232816052,0.0317276733738865,0.106120963951791,9.93383510095388e-07,0.141419973934401,5
"19834",0.0755939265942646,6.45894375282012e-06,5.79297752646344e-06,9.57175854357939e-08,0.00809222976346264,0.734480337363489,0.173471679919913,7.60774308635297e-05,0.0082734012891425,6
"19836",0.00104320382632092,1.74689436821457e-05,0.0180892704676539,0.00402616695819739,4.51400512145423e-06,0.0013027155040515,0.943092709681053,1.40592617682772e-07,0.0324238100213017,7
"19838",2.25882498672954e-07,4.99428718922424e-05,7.17628015300299e-09,1.36993534560466e-05,1.35499757017583e-06,0.00054094640177147,0.000372967680197313,0.000207554326558807,0.998813301309775,9
"19840",0.0485633732589174,4.22568388668294e-08,0.00111278792446617,0.000185278176126776,5.36792662040918e-06,0.784999611770165,0.149561348499005,2.17213925116871e-06,0.0155700180486098,6
"19842",1.0206534505754e-08,1.59195059252344e-06,5.46834336433898e-05,0.987118028413291,1.93693380166174e-10,0.000130492042332267,8.58123274235715e-06,1.30144045140455e-06,0.0126853110867191,4
"19844",7.04296031065023e-07,8.68210627707586e-09,1.18714554724855e-06,7.14041699473726e-06,9.72480555148623e-10,6.92801165125515e-08,4.60072524135923e-07,0.999986442852967,3.98628123279799e-06,8
"19846",1.88553864874788e-08,2.3919141469138e-06,6.5522819199447e-07,0.0236393713566324,5.09831771980597e-10,4.48312757808379e-06,0.000215087621779933,0.0602454508156581,0.915892540570794,9
"19848",3.40093034170612e-08,2.75785116785179e-06,9.86124544338936e-08,0.000840647445068414,3.33420787280383e-09,1.16257813850144e-05,0.000234834362066105,0.0208289714276658,0.978081027176681,9
"19850",2.03337637008506e-06,1.63742838940915e-06,7.55510672312081e-07,7.35305067816508e-05,9.11977817657224e-08,7.87799041340635e-05,0.000566675459010106,0.18659127660883,0.812685220008031,9
"19852",0.00754339510643965,3.23172136527863e-07,1.36358809988019e-05,4.42974052796182e-07,1.98783680735594e-05,0.0010460262585375,0.971836287305073,6.10546708154078e-05,0.0194789562638726,7
"19854",3.85007821889327e-08,3.87956174123076e-06,1.23479781646555e-08,0.000228334673920038,1.14546461946484e-08,3.78152539123507e-05,0.000203243411385021,0.0016896699226658,0.997836994872969,9
"19856",3.5573632081617e-05,1.01639452819243e-06,0.000143202608599556,5.40629100338817e-05,8.02987418068365e-07,0.000288167146801446,7.57617612242442e-05,0.987963830961149,0.011437581598164,8
"19858",0.00173087252261759,1.83984911853876e-06,0.00102206708237972,9.39578156903286e-07,2.11027910997602e-05,3.16843872374395e-05,0.00296616676952964,0.993662177166327,0.000563149853533089,8
"19860",0.0219940837397583,4.63191744663308e-07,4.31548445283481e-05,7.5473488290301e-06,5.16484647696158e-05,0.147533658276254,0.579774721939026,2.06045539894308e-05,0.250574117641101,7
"19862",6.39123104666422e-09,4.98846717179569e-06,5.85784723084467e-07,0.0939782191190186,3.55315434574132e-10,1.1738940139211e-05,0.000103069957366216,0.00170798600108676,0.904193404983948,9
"19864",1.13093593733096e-06,2.22208244669901e-06,0.0144242709866757,0.985531814725903,1.24869858933252e-09,6.02857588900177e-07,3.73310680135235e-05,1.20250592638718e-06,1.42358880963257e-06,4
"19866",0.0748326448256385,5.32347812755441e-08,0.589052516948078,0.000444949161641546,4.01548521255162e-06,0.0290339536226436,0.30643209092317,2.60525114465584e-07,0.000199515273719568,3
"19868",6.4438429601238e-07,0.953218899347624,3.38818807167536e-09,5.94849528963944e-08,0.043864820277198,0.00287903308235157,2.4124141471599e-07,2.04961794260433e-05,1.58026145488667e-05,2
"19870",1.67383517224522e-06,1.12964924506771e-05,8.30161912426447e-07,0.00633182016020542,4.91199544459559e-08,3.75016797193356e-05,0.0241528198345218,0.0015848412535896,0.967879167462474,9
"19873",0.000588268587613685,1.00965472309271e-06,8.46926413236627e-05,0.00203317243919087,8.69919139035953e-07,0.000913167149972007,0.439078359176581,0.000462291690356565,0.5568381687411,9
"19875",0.856083490686161,5.73673930003615e-08,8.6895317459848e-05,2.99330002744349e-08,0.00176762311606494,0.0329147212301537,0.108424046596651,2.43248536893208e-08,0.000723111428262171,1
"19877",3.31195943226508e-05,1.57712135251193e-05,3.50228973365163e-06,9.32002855686119e-05,1.29673459286742e-06,0.0043415437730784,0.191525111352706,0.00188123065654339,0.80210522409993,9
"19879",0.00120411209705781,1.78455766122756e-05,1.64196062136949e-05,8.67498267272042e-06,4.07119294674513e-05,0.00293636933427675,0.96044239945256,0.00067537766032602,0.034658089360813,7
"19881",0.000159094830582094,4.68835223230478e-06,0.0125455296777032,0.0111650828444741,7.24050379393639e-07,0.00320583852521158,0.0678118702337892,0.000890781408024393,0.904216390077604,9
"19883",4.54245851875311e-05,1.26938676602999e-06,0.00514102273989369,0.413151688740514,4.54822398855253e-08,0.001365922406521,0.0316170934736434,3.36745557741635e-05,0.54864385862946,9
"19899",0.00147729200068966,5.36662236362626e-05,3.14736763032351e-05,3.14600786722393e-05,6.64890017701046e-05,0.881398402844714,0.108599107539052,1.39724797506744e-06,0.00834071138718735,6
"19908",0.000621658628188288,0.000386041444147747,0.0118610668897624,0.00177028365209193,9.55285623352794e-05,0.984459755773439,0.000621768278099842,0.000147230289583909,3.66664823510457e-05,6
"19910",0.00123557792264434,4.02610826622252e-07,3.75472088273627e-05,1.10270219621704e-05,1.93087740801483e-06,0.000126143542346521,0.970527595184082,2.33402191821936e-05,0.0280364354127203,7
"19912",2.79714320803997e-08,3.36682886867317e-06,3.30401107619559e-05,0.8566930309035,7.77989938735451e-10,0.00139907562035474,2.96964918053577e-05,0.000101123798616071,0.141740637496671,4
"19914",0.00238190247795383,0.000139833873716866,0.000263504670623181,5.89961508629046e-06,0.000522759409923221,0.278615979852971,0.585224653952246,0.000439766473314584,0.132405699674165,7
"19916",0.000795159161012938,1.35540500443966e-08,0.998483263971581,1.90875108288839e-05,7.74406274377213e-08,9.97738644787383e-07,0.000700069084002121,1.14373174888399e-06,1.87807503812145e-07,3
"19918",2.30818372730314e-06,3.39653652957472e-07,1.55926189617749e-05,0.00554005526455506,4.01334720734569e-09,2.40314845309347e-05,0.00858237088349637,0.0773797077185455,0.908455590179183,9
"19920",2.21494240955229e-07,1.06641391732585e-07,6.3793409576277e-08,9.11817842193371e-05,1.69187719933719e-09,4.82385689986424e-05,9.68518221166782e-05,0.89019843936985,0.109564894833895,8
"19922",0.0005350223315027,0.527961514531228,8.87903988538948e-07,3.80304041404429e-06,0.235111015212703,6.47588113496948e-05,0.0877263754347773,5.94490514337468e-06,0.148590677828894,2
"19924",0.000189452085133437,2.82910288453231e-06,3.93799992357206e-06,0.000287256250091495,7.34764534795267e-07,0.00573212078786618,0.179587896113409,0.0315089362095466,0.782686836686611,9
"19926",0.00396036038807395,0.00108710139831546,0.0143803484260631,0.00031331782113155,0.00071393478171088,0.444956654793591,0.520163633154187,8.57965771662538e-08,0.0144245634403496,7
"19928",1.04004044348056e-09,1.40346018007197e-06,0.00491874305789514,0.995078841777372,1.42631722014061e-11,5.20113263294672e-08,3.00431240001862e-08,5.70844898918625e-07,3.5775090011351e-07,4
"19930",5.41888414525194e-06,7.20225544220165e-06,3.5531055901519e-07,0.00010476121611717,4.56510502351245e-07,8.61604582835136e-05,0.0272063528279353,6.76529917769427e-05,0.972521639545238,9
"19932",1.09646004768313e-07,8.20020077160909e-06,1.01126090089223e-08,4.43133904092861e-05,7.37508612093778e-08,5.49482960631103e-05,0.000466117443721535,0.000564982995716076,0.998861244163843,9
"19934",0.564549089943124,1.58839904046286e-06,0.000164094458480836,7.60267075037008e-08,0.0113061378239017,0.0445972960432089,0.36226005287516,0.000112624354697928,0.0170090400756787,1
"19936",0.000282025199116502,9.40060721109782e-05,1.79527693689994e-06,1.50752510089811e-05,5.48014781514641e-05,0.0624837576527493,0.0674528285283876,9.64726265257556e-05,0.869519237915012,9
"19938",0.732550026826075,3.20476718837261e-06,0.0201141433856735,1.46968073597528e-07,0.00511688865317996,0.152310394253883,0.0898168618074034,4.36572197389716e-05,4.46761187846534e-05,1
"19940",0.000357283047044729,1.04861801791949e-06,0.000784454978986802,0.00518513560776822,2.06903183781197e-07,5.66779028338139e-05,0.883563724400007,7.88211303398321e-05,0.109972647411818,7
"19942",3.9579069708388e-08,7.72514950564484e-08,0.0316809510207059,0.968302428030732,2.84667614061523e-11,1.00672159917008e-05,5.81503061968989e-07,1.99562989479848e-07,5.65580748709079e-06,4
"19944",0.0066987805188539,3.29582275047059e-07,0.00430285886434743,1.95319147628604e-05,4.71591500355228e-06,0.00192869666624234,0.972969537027586,3.20933368669923e-06,0.0140723401772423,7
"19946",0.0015474988732688,2.5737981342748e-06,0.000144253934257861,2.28164732429576e-05,6.77853088141908e-06,0.00283237628534038,0.704517572469937,0.0111182971484689,0.279807832486469,7
"19948",9.18820531794282e-09,1.4397103453117e-08,0.00148999329516882,0.998499645084339,2.90682954894448e-12,3.27182154068885e-08,9.2418726951989e-07,2.95453320200166e-07,9.08567347134899e-06,4
"19950",5.06414379993974e-09,1.46575623259714e-07,6.59623485683902e-10,1.0954427095773e-06,1.0091165277459e-09,2.60060544780822e-07,7.11542075033943e-07,0.999070906704978,0.00092687294118523,8
"19952",9.18820531794282e-09,1.4397103453117e-08,0.00148999329516882,0.998499645084339,2.90682954894448e-12,3.27182154068885e-08,9.2418726951989e-07,2.95453320200166e-07,9.08567347134899e-06,4
"19954",6.48847306275183e-07,3.88786919340474e-06,6.69876128264149e-08,0.000167976765147239,5.72899460813592e-08,4.19829105679769e-05,0.0049915221843415,0.000314692728592515,0.994479164417292,9
"19956",8.50935473942859e-08,0.00186151989273812,1.24765329923823e-05,0.0202994244261272,3.48757026562602e-07,0.127532437635753,1.31298084862761e-05,0.641290826421926,0.208989751431403,8
"19958",5.0872024037609e-07,0.98835420876072,2.45208457718004e-08,3.93863997754872e-08,0.0114508324747745,4.92421129921443e-08,2.32752007591672e-05,4.09420919901794e-05,0.000130119602157175,2
"19962",0.0170754748098551,0.000117936329051888,0.0140914870384846,4.10563431306441e-05,0.000921219215186862,0.0144183812373784,0.125522602529889,0.254571601623369,0.573240240873654,9
"19964",0.000354681079415073,1.42378196914717e-05,0.00109816533050021,0.00880273321437578,5.50616798595772e-07,3.77735398049955e-05,0.748919864883626,0.00478525703706281,0.235986736478725,7
"19966",0.112882748708207,3.15758737845081e-08,0.866389324640119,1.21424342995968e-05,1.44290916250012e-05,0.00479064234205519,0.0159085195706578,2.08149975911554e-09,2.15955566230169e-06,3
"19969",4.89941801169428e-06,2.1633712988177e-06,4.23214005707278e-05,0.0187627427628593,7.14149598531926e-08,0.00421064594552474,0.00502086590449863,4.22098682372613e-05,0.971914079914039,9
"19972",2.73191338241331e-06,2.91600736562929e-05,4.29460095709275e-05,0.532696669848677,1.25844566461496e-08,3.74973274601335e-05,0.0462354953861271,0.0398419059206825,0.381113580935987,4
"19974",1.88670184108959e-09,1.08574330448372e-06,9.2327780692501e-07,0.307369524643038,1.75543608529142e-11,9.81635010039255e-07,1.17176509178136e-05,0.625248157796419,0.0673676073492473,8
"19976",0.000210882090325489,4.24525865850084e-06,1.19327663692985e-05,0.000246173635127914,8.73183129420466e-07,0.00209359623903023,0.440098125062022,0.0421365676650854,0.515197604100252,9
"19978",0.0113915048230546,2.23930643052147e-08,0.000381534376125778,4.86667616792617e-05,4.65034339790818e-07,0.000108866851794115,0.972229671959501,5.35316808456785e-05,0.0157857361195951,7
"19980",3.69152966567392e-08,4.40840394920789e-06,1.0302820981232e-08,0.000218748217209017,8.62933596791996e-09,1.73743914778108e-05,0.000132632813956427,0.130740389198999,0.868886391126955,9
"19982",5.24200242330855e-06,1.07160575715323e-05,2.82787470010639e-08,3.04889782888203e-05,6.0784565483263e-07,0.000859696287474834,0.000228651492449762,0.868957225355101,0.129907343702289,8
"19984",2.61723055788512e-07,1.0210120653586e-08,2.68604047221295e-07,1.38415185548016e-06,1.46007790057863e-09,4.70933424093335e-07,2.53475988039588e-06,0.999877252917862,0.000117815239676249,8
"19986",0.960503538437204,1.93104843809401e-08,0.00715936032339206,1.13757102591445e-09,0.00136665450103622,0.00325850110622593,0.0277118463466139,8.27778031019446e-10,7.80096943843479e-08,1
"19988",0.996697080987303,2.0068979702147e-09,0.000149730653764372,8.65899850511327e-12,0.00148121094917525,0.00012381897766619,0.00154815494226211,1.47325749989652e-10,1.3269466948575e-09,1
"19992",0.992602314574481,1.63885017962194e-09,7.09625542164423e-05,1.25610477720689e-11,0.0014890531722549,0.00432551077909876,0.00151206972842441,2.36850040044085e-08,6.38551092305374e-08,1
"19994",7.14623305704989e-06,2.79884884046486e-05,3.06641728341389e-07,6.2294279309924e-05,1.82812580093045e-06,0.000425861951581934,0.0394815553302099,1.45998135778697e-05,0.95997841913633,9
"19996",0.988813883145099,3.27708153112356e-10,9.59117804043255e-06,3.49251681137265e-11,0.000238246199936173,0.000133237287917614,0.0108048506387816,1.71784382367407e-08,1.74009153926002e-07,1
"19998",0.000608682834955129,5.75778148990246e-06,0.741290827875643,0.0287834727625076,2.71979857331113e-06,0.18623910845694,0.00365464267680803,0.00196200293668534,0.0374527848763976,3
"20000",3.94056147219115e-07,0.123122313143501,1.67060862071617e-05,0.00306171270848431,0.000157780470290551,0.211874077869261,0.000157571876620275,0.000156738489124397,0.661452705300364,9
"20003",8.73321355517482e-05,9.70080091974672e-05,6.41691488311357e-05,0.000443216703876075,2.07453148194758e-05,0.00796267178633383,0.110459900970353,7.22419903652914e-07,0.880864233511134,9
"20005",1.27911393825198e-08,3.25035390884519e-06,1.32618156156456e-07,0.0144635469168368,5.37252446679417e-10,1.31389708406636e-05,0.000274355497144444,0.0197028237354227,0.965542738579299,9
"20007",0.0181177437373097,8.56552408058459e-06,8.36265174744988e-06,1.93909472122007e-06,0.000416243861427252,0.16407306864005,0.790500228207374,0.000222223869714022,0.0266516244135756,7
"20009",0.167365313829915,7.96978010293406e-07,0.792144448706986,1.26326024373837e-06,0.000342889517908783,0.000194352938195408,0.0398376798601097,8.59733497781015e-05,2.72815588528213e-05,3
"20011",4.8272123997175e-05,2.07661883410139e-05,5.58409950265272e-05,0.0956649522957076,1.84371530556e-07,0.000636475512599481,0.322983426418041,0.00765370639399054,0.572936375700766,9
"20013",6.87489137678456e-06,3.80542916487147e-06,1.24338450789165e-07,2.58453685075832e-05,5.38140816237717e-07,0.013761501664562,0.0042380579520311,0.0951451654564523,0.886818086758638,9
"20016",0.915616550613311,1.61645551730694e-06,0.00487410198097133,5.19880572098709e-09,0.0177183344786905,0.00303835449327348,0.0587453553336681,5.03730151453851e-06,6.44144247678049e-07,1
"20018",0.00341162683718776,0.000181060612642478,4.70106927110196e-05,2.93513597534537e-12,0.996357425590235,1.41039267680386e-06,1.46575214316742e-06,5.52459001695635e-11,6.42230773466766e-11,5
"20021",0.165403989405332,4.65556061189687e-07,0.000583936530908095,2.88424493384643e-07,0.000711707876616521,0.000286155696277438,0.83146976209765,2.06498314673274e-08,0.00154367376282945,7
"20023",0.0588734020411996,5.22352728086854e-06,0.00298569223983954,4.44311224646147e-07,0.000653722763170385,0.0334482283641083,0.893074638779097,3.64511320507993e-05,0.0109221968420293,7
"20025",0.291846945416752,0.00037732473700442,0.000247334048405648,3.42665882755288e-09,0.701067445567213,0.000157736383959125,0.00630268755133179,8.51874639808125e-09,5.14349929464816e-07,5
"20027",5.14826480622481e-07,2.31771025156474e-05,7.85557518088424e-05,0.649115502020945,1.25768381971415e-08,0.00752034282629686,0.00156614920204896,4.72806577414848e-06,0.341691017627291,4
"20029",1.60320563461557e-07,2.70020773799482e-07,2.56437657604842e-06,0.0487140439608952,7.11201431874038e-10,0.00033857079310043,0.000319558721604806,0.00628751043527096,0.944337320660014,9
"20032",5.80398556012754e-07,3.96682275311739e-05,8.1037362087222e-06,0.0139416773844054,1.0226979003138e-07,0.000322424940471399,0.003289102081463,5.24835220180708e-06,0.982393092609372,9
"20034",4.62331282227697e-08,1.8989217572575e-07,0.00539947237862622,0.994528574215253,4.13559659646258e-11,1.55546194191925e-07,1.85027958798836e-05,7.8671136919277e-08,5.29802262495974e-05,4
"20036",0.000167391946757411,1.90220820995312e-06,0.000159230024781525,3.12998398922819e-05,5.2616705932059e-06,0.972445610523483,0.000126920189362528,0.00983086370376616,0.0172315198931543,6
"20038",0.669036976195014,1.27576919832702e-06,0.000108601381505186,4.17576288484278e-09,0.0306943254988627,0.214709095723715,0.0854257407872363,6.05126846387332e-10,2.39798635785202e-05,1
"20040",0.205449407811633,2.1641907102299e-05,0.767835824725503,1.41714640511968e-07,0.00660472734940181,6.80092922153531e-06,0.0200807575821152,6.37814495433825e-07,6.01658871520501e-08,3
"20043",0.952831700865874,3.63628926383496e-08,1.4399299444201e-05,2.91085870030963e-09,0.00446378719150512,0.00571205773173694,0.0365913995282842,1.33440061790004e-07,0.000386482669342304,1
"20045",0.973052253158439,3.29845616847284e-08,4.8032320953686e-05,7.47322078882918e-13,0.0256095056062158,1.32935516083423e-05,0.0012768697314032,1.01693715555793e-08,2.47669907301779e-09,1
"20048",3.44445756420918e-09,4.40687948595034e-08,1.14609789724322e-09,2.40503465205642e-07,5.06343996044682e-10,3.50251546589768e-08,4.80947755976825e-08,0.999988836919986,1.07902909243381e-05,8
"20051",0.105079157665575,4.83926635427113e-05,1.12495317322753e-05,2.24059428502619e-07,0.036435683843542,0.115527300471938,0.0887840085631963,0.0115695434806373,0.642544439720408,9
"20053",0.0566151164989838,1.42073506854983e-07,0.0100058942056197,1.33083171538857e-06,2.94241504891932e-05,0.000624752670076025,0.931804273683094,5.93578530622212e-05,0.00085970803345292,7
"20055",0.0275240192756114,0.000174155086257268,1.95192046798229e-05,1.06484469045643e-06,0.0255434889223463,0.899474994927018,0.0459763244236687,2.45378905021814e-09,0.00128643086193883,6
"20057",6.43041738089016e-11,0.999941174329037,2.29340674210573e-09,6.19833799492665e-08,5.56941120050324e-05,5.89121643402447e-09,1.07293824767044e-09,2.86390741452064e-06,1.96346297975432e-07,2
"20059",0.0321202238112194,3.97161512784848e-05,0.0335219677536253,2.82095453000378e-06,0.000422252324456379,0.000326288609857909,0.933066758441508,3.65303043138362e-06,0.000496318923093456,7
"20061",0.0127642395859495,1.50467719811487e-06,0.000936965778377755,5.63689052278646e-06,2.70140062630513e-05,0.00131754208058868,0.981004533306803,1.34276346474848e-05,0.00392913603965018,7
"20063",0.00613680693540935,2.60082368357968e-06,0.0304233172265683,1.22192811375699e-05,3.49004382216548e-05,9.18878965697596e-05,1.49022869848366e-05,0.963281460777024,1.90433440143963e-06,8
"20065",0.0153450923887608,4.9418953412407e-05,1.01324896425602e-06,1.62180232445959e-12,0.984329094233427,5.75157272620702e-05,0.000217841482961962,1.3583570832881e-12,2.39622316782236e-08,5
"20067",0.88885856359808,9.92701697383082e-07,2.73576407080836e-05,5.11922174095028e-11,0.0666820076355693,0.000981938320518014,0.04326455857196,0.000159946255913078,2.46352243625247e-05,1
"20069",9.36058343196272e-08,4.76755254175335e-06,6.7773465068825e-09,6.99263973327509e-05,2.31477282857099e-08,3.43817402788798e-05,0.000133959317654612,0.388327204121106,0.611429637340177,9
"20071",0.000129869851183869,5.307893499266e-06,0.000652353556513786,0.000187487945784531,2.47770762109109e-06,0.99508215669542,0.00341061569524634,8.49917047452266e-06,0.000521231484255894,6
"20073",1.12454558334312e-05,4.04452791068781e-07,4.07218447339968e-05,0.000373140067951412,2.65622716503853e-08,1.46425478429079e-06,0.00367758266101783,0.915239978497784,0.0806554362028324,8
"20075",1.94830138809986e-07,0.921508869632715,1.88712467055525e-09,5.74078941490442e-09,0.0779228237278497,0.000536116034629978,3.62264167320009e-07,1.44335225853338e-07,3.14815473594965e-05,2
"20077",0.223596667816663,1.54469311222485e-08,0.000336874653261011,2.38602801206032e-07,4.34592107943621e-05,0.694665269620447,0.0801175863597675,0.000196410545448818,0.00104347774388575,6
"20079",0.0697892975249739,1.69876506382225e-06,0.000274963030114889,3.96636819195431e-06,0.00104086496230155,0.00731936118233431,0.00292584616786835,0.887753720398947,0.0308902816002043,8
"20081",0.304940995687087,0.000156346786596788,3.7063369225503e-07,1.34524289040064e-09,0.37538249935473,0.0388258716068571,0.279943389420137,2.0836316826098e-06,0.000748441533974877,5
"20083",0.000241966226607606,2.45622457811503e-05,0.00317473444936683,0.000211441837659002,2.24226903453561e-05,0.125243930553915,4.70170694562783e-05,0.868657358916448,0.00237656601042089,8
"20085",0.985675373240413,5.84680253772821e-09,0.00010832195234314,2.45738041064608e-12,0.0131166844765362,0.000232048088079086,0.000867563030349225,2.96476748961726e-11,3.33337131835984e-09,1
"20088",0.929350818781688,5.53624929637487e-08,0.000234241098354495,2.82766046034637e-10,0.00838129929424337,0.00296748231069466,0.0590260368846917,3.79677882273559e-08,4.00280172805438e-05,1
"20091",0.000175963929226789,0.068650534925829,1.65714928327653e-08,6.12631162748725e-11,0.929893924387407,0.000190081767375861,0.00107968956683465,1.11138635809313e-06,8.67740421330155e-06,5
"20095",0.00353449958939418,0.000127357936034769,0.00115869600991239,0.0198337987000291,7.27124403509433e-06,0.000307070675882645,0.173302089641892,0.800165857822268,0.00156335838055209,8
"20097",0.948506312276024,3.1411855210327e-08,3.61331405698091e-05,1.18250593904942e-12,0.0497290741933456,0.000945322790284818,0.00078311899885028,4.36001810300692e-11,7.14428740158665e-09,1
"20099",0.262075219159157,2.19181458320402e-08,0.305203756376033,0.0167032988633929,6.16106256134165e-07,4.10370892205662e-05,0.413792934926528,0.0019953843344761,0.000187731226790214,7
"20102",4.78312298423642e-05,0.00809725116238856,2.61831905559027e-07,3.03249205972411e-08,0.00480755900390393,5.54391785595075e-05,0.000316717348968602,0.98637380249845,0.000301107421060682,8
"20105",0.890485665709537,3.37627136793803e-08,7.88455089595361e-06,2.11918086600643e-08,0.00121052565965642,0.000532015223169548,0.106688146499698,0.000268887212577082,0.000806820189943822,1
"20107",0.619438593779546,2.54953402960538e-08,0.000174404481964264,2.49809104771764e-08,0.000277316577016169,0.0591525299370548,0.320928367109304,1.81727531345307e-07,2.85559113324371e-05,1
"20109",0.146289002660856,1.20089813902813e-07,0.00804969369822439,0.000135799677043806,6.79511327402815e-06,5.82714531680042e-06,0.612815039638319,0.226289124471361,0.00640859750578998,7
"20111",4.75979364026104e-08,0.980125507061767,7.8418029529913e-10,4.99795797722563e-06,0.000600743006972285,2.08772777780082e-06,4.28510252412054e-05,0.000255107506648542,0.0189686573314994,2
"20113",0.0483129639566858,5.13379701200365e-07,0.0155217293794918,0.000369948119840693,1.4264994767811e-05,0.763331061600326,0.172090546448624,9.3590421839177e-08,0.000358878530140324,6
"20115",2.66489181471518e-07,0.0103212981068184,5.16575736511781e-06,0.012417440194757,2.38641690555479e-06,1.07747915152779e-05,0.00480155508281698,0.000144158434670578,0.97229695472597,9
"20117",0.0113056129768008,0.755425987826521,0.121198818389563,0.0266113682778323,0.0443241000125485,0.00828462220329516,0.0327894530648165,8.97206209182528e-07,5.91400424137147e-05,2
"20119",0.0514694704921803,4.93084719457472e-09,0.94041272266791,3.21381358383526e-05,2.83742465477228e-06,0.00279395962074379,0.00528779568272819,3.99300095982494e-10,1.0706457976835e-06,3
"20121",0.865604649153961,4.70946073626234e-08,0.00321449501710582,3.02253416714514e-09,0.00135814027385593,0.0393706235947993,0.0904493018304453,4.84810695187123e-09,2.73516458435899e-06,1
"20123",0.000103114084056218,0.0134498726208452,1.43322639403643e-06,1.62100891597604e-11,0.985937814753923,0.000480874558048539,2.5756610261025e-05,1.18742596897151e-09,1.1329428359688e-06,5
"20125",7.91527878192846e-07,1.23764670304078e-05,5.13990376835201e-08,1.51206020314253e-05,2.55762758559125e-07,0.000714469048730643,0.00140232968650086,0.0653562914718585,0.932498314034174,9
"20127",0.998508992123249,9.63316187401698e-10,2.80400524823254e-05,6.10007160459147e-11,0.000464517413723971,9.90058790366547e-06,0.000988352698511956,1.18382510358736e-07,7.7717301849229e-08,1
"20140",0.000535462238169074,0.000531575375100465,1.47547433022599e-05,1.74735515925153e-06,0.00123575618433672,0.994523523750678,0.00284075105648284,5.51580956071362e-09,0.000316423780961898,6
"20142",7.84462493991042e-09,4.73459671618379e-07,1.6925045963494e-09,1.89525490361415e-06,2.24163763948371e-09,3.02687130464552e-06,1.53130389540475e-06,0.99676991461707,0.0032231467143878,8
"20144",3.06171868537162e-07,0.0583631677952158,4.14354887909966e-07,4.28251756454498e-05,5.55512881351608e-05,0.0168461202614864,0.000667978111256894,0.00382702589301112,0.920196610948493,9
"20146",0.00015503461667026,0.000197486461025458,5.05385570797877e-06,1.68392175495051e-05,0.000100606195404536,0.392754528522972,0.00188454568140093,0.352529293167248,0.252356612282021,6
"20148",0.000206416016265258,3.07317935900569e-06,2.40277283325479e-06,9.43294297872293e-06,1.26000408627913e-05,0.0335134856539076,0.0156794844510419,8.69462705859278e-05,0.950486158672166,9
"20150",5.92230605670757e-09,2.78849802384785e-06,1.28683505679875e-07,0.0278300428404455,2.6186497443434e-10,4.56116707603292e-06,4.42698348516242e-05,0.323106639409886,0.649011563382041,9
"20152",0.0010624294730818,5.6842162073735e-06,0.000119100746697756,2.30589644302228e-05,2.63074757298412e-05,0.0330649605216615,0.0845318558867677,6.70037500132532e-05,0.881099598965411,9
"20154",0.00505720074951441,4.39043290868065e-05,9.19683318093638e-08,1.89353665945226e-13,0.99485373973281,2.9989466810788e-05,1.45843661379739e-05,3.67409094723456e-07,1.21978023830845e-07,5
"20156",0.0204618227305392,0.000233437470828632,0.00015829666533203,7.2851782721154e-06,0.000812885244057465,0.397694078237845,0.54299350753718,0.0297335079647649,0.00790517897118063,7
"20159",9.27368741258993e-08,8.55857360224509e-06,9.27450515973333e-09,2.93906391447692e-05,4.35021846832792e-08,9.65385110981653e-05,0.000108717748201457,0.516130395228843,0.483626253785547,8
"20161",9.61395518048257e-06,4.0352539246485e-06,9.68036420148726e-05,1.03355353726609e-05,6.03427375576108e-07,0.000751203183882262,5.34993423485818e-05,0.996600034081156,0.0024738715787444,8
"20163",0.00260271994223375,0.000191237738914761,0.000132900392967607,0.000604295253084446,0.000333336305362721,0.00120051160976489,0.122610266853345,1.37679462645558e-06,0.8723233551097,9
"20165",0.00170740923012396,4.13032021010231e-08,1.11430701094454e-06,1.22488984020039e-07,3.23493726793647e-06,1.85162499728051e-06,0.000533832570718285,0.997623326102988,0.000129067434707874,8
"20167",8.18822355401149e-05,2.58373904654004e-07,2.30514525943576e-07,1.70049965683463e-05,5.72301329455108e-07,0.000357023410381167,0.0216128437666351,0.00456779934847098,0.973362385052644,9
"20169",2.9419934939183e-09,7.64290088967155e-08,9.15565079440553e-10,3.63997315196566e-07,5.53255368773717e-10,1.58171557363895e-07,1.1084083788644e-07,0.999932474418665,6.68117318017487e-05,8
"20171",0.00293236790020743,0.000123678408053131,4.57268652149878e-08,1.33238215157435e-13,0.996902824204304,3.7353430158164e-05,2.84414491483345e-06,8.79492173685334e-07,6.69318992562954e-09,5
"20173",0.000501187174257818,4.23502535401436e-08,0.989257783553716,0.00177368281604659,3.37844097322768e-08,3.5599402189638e-07,0.000148361247769625,0.00831049200282058,8.06107670423274e-06,3
"20175",1.23237441148122e-05,2.58262980191057e-05,6.21349351237001e-07,0.000772825631719992,3.50962291136827e-07,0.00228753201325243,0.0824711790029046,0.00646177930397476,0.907967561694372,9
"20177",0.04091741626839,9.97752122626219e-08,0.854806786786907,0.015831885051481,2.96941276658054e-07,0.000134085552545401,0.0881441978786691,2.30936795758524e-05,0.000142138065943172,3
"20180",0.896149924102389,1.00286229365322e-06,0.0111269533734291,2.98998827701132e-08,0.0113361763296415,0.00296817019810274,0.0784161339822461,1.110563619602e-11,1.60924090966169e-06,1
"20182",1.55460499265406e-10,0.00704620546974408,1.83463456690054e-07,0.00766976769047109,1.24503699149705e-08,1.98018364399734e-08,2.40362857394892e-08,0.985193753898365,9.00330340100528e-05,8
"20184",1.04010369610895e-06,3.05799200010182e-07,9.01742723136661e-08,5.41545593529475e-06,2.34024547862234e-08,0.000106386114908146,0.000194959689935885,0.976984296973004,0.0227074822865933,8
"20187",0.000193095766377517,2.61072085917266e-07,0.780626625991261,0.2112519418937,6.10058153775115e-09,0.00316519386258383,0.00346632761155232,0.000912383488761808,0.000384164213096514,3
"20189",0.0454000358080694,2.51685189155606e-08,0.080439119566138,0.000633319495836765,1.25988009040439e-06,0.000112319054293565,0.868046603476617,1.05668731501875e-06,0.00536626086312111,7
"20192",0.0459638439815443,0.00380207592456289,0.892311953121758,9.86378981483249e-05,0.0220865752795644,1.56517408950036e-05,0.0355711340966476,1.91433203805749e-07,0.000149936523675221,3
"20194",2.02453028299983e-06,1.98891128060985e-06,0.000571536309781815,0.185976453603242,9.50040782809016e-09,0.120704910780316,1.9071619268127e-05,0.652322881402929,0.040401123342491,8
"20196",0.345797927906849,1.01705038998033e-05,8.65749745391044e-06,1.9976513977857e-10,0.648668175542813,0.000536286748203018,0.00497702526990315,1.48796622561719e-08,1.74145145021628e-06,5
"20198",0.0172047280086232,0.000448079130166341,0.00201314221857418,4.63402250966282e-05,0.000912270696308242,0.156907058885223,0.520337088229056,0.000376890401949896,0.301754402205002,7
"20204",9.79627089478405e-08,2.17721720665933e-05,2.75376804203447e-08,5.43960247564978e-05,8.02280206044101e-08,9.40702572704556e-06,0.000223129960925487,0.356343571599164,0.643347517488951,9
"20207",0.673700362662309,5.06910993702647e-06,4.59996658779054e-06,1.96670400316679e-11,0.309462030178713,0.00902865966163128,0.0077783088260859,1.14511189707134e-05,9.51845609723128e-06,1
"20209",6.5407834401453e-07,0.854020261168014,2.04982682931008e-05,0.0178440656839552,0.000162690625615466,0.00550453907680891,0.00154570541472733,2.1516508662158e-07,0.120901370519155,2
"20211",8.07186535005357e-05,0.00276164052589763,9.80683158154201e-10,7.66055026953333e-13,0.996288438710455,0.000846797486416106,2.01944357865681e-05,9.61523897218097e-09,2.19959125596086e-06,5
"20215",0.134638570341766,2.58339326662904e-08,7.07983746682164e-05,5.92166413712349e-08,0.000316644575789112,0.859891124180459,0.00455439970697762,3.60541769098877e-06,0.00052477235207536,6
"20218",1.47089162327096e-08,6.05631869917143e-07,1.23745644304316e-09,4.5263116317876e-06,3.72557368524779e-09,1.62937100138549e-06,6.26673046255168e-06,0.984155442947154,0.015831509335934,8
"20222",0.767707213411001,5.99799980426008e-06,7.71280842696709e-07,1.1646023898202e-09,0.203709652597023,0.0185666743145335,0.00903652183413714,2.20747739433201e-05,0.000951092624112843,1
"20225",2.02032547701378e-06,0.000710703683002581,5.83809418576412e-07,0.000411745135412161,4.82300849155505e-06,0.0356788168888436,0.000146736777382162,0.0129839722363411,0.950060598135631,9
"20229",6.41461286683691e-06,3.77337147440197e-05,3.55430486692759e-06,1.07378284274436e-06,3.41497959211843e-05,0.999069217089063,2.56656564162947e-05,2.21465596411152e-06,0.000819976387315024,6
"20232",0.0229850035263224,7.11063972120733e-05,6.14919039357176e-06,1.39040496923554e-06,0.00207623640930458,0.466009756346362,0.505671903445645,2.00259288206951e-06,0.00317645168690855,7
"20234",0.779163805816391,1.42940736899345e-05,0.00163973207751647,6.90597699652042e-10,0.218100559404519,3.26972893942984e-06,0.00107833633827159,3.62682806461719e-11,1.83380631273504e-09,1
"20238",0.619782035645014,7.9033330444676e-07,0.000169485869333084,1.28706109332881e-08,0.00281818104204982,0.0065976163278394,0.370602313249507,4.94946362043383e-06,2.46151987209737e-05,1
"20253",0.573488885935878,6.38899134731909e-09,0.000678778489699061,3.4156012049448e-09,0.000637264103853225,0.423671464121236,0.00152019043474005,1.96117782891906e-07,3.210992218097e-06,1
"20255",1.57492070974135e-06,0.000201519343016937,6.17766901659886e-09,4.979204199784e-06,1.4030339552733e-05,0.00225846125719737,0.00342238312326389,8.33199576207968e-05,0.99401372567677,9
"20258",0.893844255315756,6.65399763290561e-09,0.000356319528142087,1.15638466910906e-08,0.000186749929565165,1.87211479175352e-05,0.105586964243772,6.65644677936126e-09,6.96496055537523e-06,1
"20269",0.177332397552973,2.27623721758498e-07,0.000181597186261574,3.51679741506484e-06,5.12422105609483e-05,7.91699163562143e-06,0.794786559936298,0.0215583432184817,0.00607819848265311,7
"20271",0.554409038651635,4.05466567461983e-08,0.284606068919726,0.000302318693773432,8.53355679824661e-06,4.89939495907859e-05,0.160607234816707,2.4232847428063e-08,1.77466322649178e-05,1
"20285",0.000259447851424702,9.08776167493064e-06,0.31584292642046,0.643240425507981,2.56182066746588e-07,0.0131311018198099,0.00267224840539492,0.000811842418825315,0.0240326636323628,4
"20288",0.106132531085901,5.32769353713401e-07,5.55914037278882e-06,2.19675722927704e-07,0.000508284782636241,0.808683293155939,0.08386492113092,1.47925627676019e-05,0.000789865696386224,6
"20291",0.180286481400221,0.00102926857208734,7.29810554257331e-05,2.85298194019293e-09,0.491016789225785,0.00204187389249972,0.325545029858456,7.78707507505496e-07,6.79443503627057e-06,5
"20295",0.0354066628853711,5.28900214802508e-06,0.508201995317802,0.00717721271838445,1.33075060351404e-05,2.24808036767574e-06,0.438133748960323,0.00297016083388346,0.00808937469568573,3
"20298",5.20851348138556e-08,4.17774986826717e-06,3.07341423520296e-08,0.000135833098652725,1.57298837450737e-08,0.000172531155383351,0.000227935155192571,0.000977177207269125,0.998482247084473,9
"20302",1.04578921843432e-05,6.20413628294704e-06,0.000133873165955655,0.00202150298091238,1.03852881118273e-07,2.52250908457183e-05,0.00582581503296779,0.632023577643979,0.359953240203991,8
"20305",3.54178729788205e-08,5.1594756187852e-06,2.83556991619906e-07,0.00523530840587565,4.26671625311205e-09,3.73980293435659e-05,0.000252154381529936,0.00010955254180431,0.994360103924247,9
"20307",0.95202555707119,1.07398510938302e-08,6.99078062766505e-05,3.1625116739899e-11,0.00232950422149786,0.000444539190155362,0.0451299784360405,5.36956420287761e-09,4.9713379944569e-07,1
"20310",0.996834526993537,9.2671606889508e-09,9.87342840959303e-05,1.39963836516871e-10,0.00252570495238593,9.66080585582002e-06,0.000531361764417764,7.27879723215854e-10,1.06470324560108e-09,1
"20313",4.60138705745732e-10,4.52664169643107e-08,2.78334950735014e-09,3.68885085090934e-05,2.11488463103314e-11,3.73244866937392e-08,1.27477818164123e-07,0.999617233528569,0.000345664629563282,8
"20315",0.7688943276577,3.67425298598564e-08,0.00016973301394548,5.33341155750433e-07,0.000154484751455903,0.00703234641886278,0.223713996486351,9.57033684693072e-08,3.44458846302538e-05,1
"20319",0.0815328702538301,2.73638680245511e-05,0.000145963158726376,6.81868996944164e-11,0.91506709259376,0.00301378062844885,0.000210397177862825,4.6433972618227e-09,2.5276077631941e-06,5
"20321",0.994071001536107,6.5165064413717e-10,0.000318366003995173,2.94536859513256e-09,8.39820165616701e-05,0.00140362040056752,0.00412048394263696,1.06193695522489e-06,1.48056615743524e-06,1
"20327",0.809938265390584,2.05615657985233e-09,0.00508634314199623,2.70404150713056e-07,1.43057077620387e-05,8.00817919706375e-06,0.184951405646939,2.69266101824199e-08,1.37254660429795e-06,1
"20329",3.42365286356674e-09,1.20543392836175e-08,0.00174870415270524,0.998200542787902,6.43615272801586e-13,1.31017358541901e-06,8.50723690855265e-07,1.87365210237344e-05,2.9840162456878e-05,4
"20335",0.490149629564324,1.91773289912539e-06,6.78121165882054e-07,8.5239321772039e-13,0.503489782649798,8.44959767804906e-05,0.00627319820898158,1.22851471068976e-07,1.74893727770845e-07,5
"20337",1.27231553962509e-07,7.48422058317766e-06,6.17428771152227e-09,3.55093654980686e-05,5.9079866062602e-08,3.87322451338637e-05,0.000242730878614689,0.133396174999228,0.866279175805235,9
"20339",0.000466601099868891,0.256091796058085,0.0083310742054464,1.17858392746696e-05,0.199508003009151,0.533001898896948,0.000356199388101983,7.39781897038198e-07,0.00223190172122743,6
"20341",0.00709583856674819,0.006012168448998,1.432274953632e-06,5.44597364353137e-11,0.984161292659257,0.00143072877694617,0.000958404430390325,0.000338289283299379,1.84550494786881e-06,5
"20343",0.977556754450945,1.54742432772311e-07,0.00109659354811133,5.6922284285543e-11,0.020073160530528,0.000102939326112435,0.00115298588378002,1.71534295147476e-05,2.58031653203939e-07,1
"20345",4.00954115195476e-05,6.5398367194256e-05,0.00151307247874869,0.0194679736599392,1.40660088586553e-06,0.0102128934548878,0.0853795534004316,1.65786577096842e-06,0.883317948760622,9
"20350",0.00276227243742426,0.000642816049156909,0.00012458818800885,2.00603528644856e-05,0.000693612980783759,0.993863787585693,0.000639676094518589,0.00058308438331214,0.000670101928237603,6
"20352",2.35297824103889e-08,3.34995551760093e-08,2.25445434556554e-09,2.8627832863054e-07,1.64460992662113e-09,5.85872267407102e-08,5.28547188524955e-07,0.999821870344546,0.000177195314308216,8
"20355",6.54623452813016e-05,2.16867938963212e-05,0.00029640894644357,9.75368307700618e-06,5.32606980582138e-06,0.000196321333865705,0.00120318095216862,0.988875328368643,0.00932653150681805,8
"20358",4.45613636885738e-08,5.19587799704683e-08,0.000607101427020375,0.989087650257279,3.68563524413855e-11,5.1393843792843e-06,2.63176980496918e-06,0.00216214866333331,0.00813523194118284,4
"20363",0.981128503235325,8.73914475482416e-10,0.00014677941337716,1.68818786806082e-09,0.000176998814565296,0.00258011084251879,0.0159512749065268,1.21338780438558e-06,1.51168377799045e-05,1
