"","V1","V2","V3","V4","V5","V6","V7","V8","V9","V10","best$classification"
"19811",0.000360675344763542,0.00018659689639254,0.0211018367636198,0.0595481411676993,9.92915424158069e-06,1.16551527850588e-09,0.918775402717083,1.7193100986494e-05,2.23489088109488e-07,2.00610574051775e-10,7
"19813",7.76530243808744e-08,3.98974813863892e-07,0.99994049190825,7.42321420370587e-08,3.02876369546573e-08,1.05379526297656e-08,5.89070144840174e-05,3.12466877577895e-09,6.26575846423459e-09,1.26815145767592e-12,3
"19815",0.00982169783353809,0.00348247047597987,2.09451359445964e-07,0.024820984447181,0.000906137033050404,1.43266839727629e-09,0.960857720566176,5.25212577821867e-08,9.35551110472561e-05,1.71711277414226e-05,7
"19817",0.00339759124677646,0.00479477629134031,2.65346413170794e-06,0.405206835869963,0.000108611760672457,2.09882600303774e-10,0.586470048828285,1.59138050076934e-05,3.30825099274161e-06,2.60272948526537e-07,7
"19819",1.19996483367158e-05,0.0577042347379538,8.61862689918186e-12,4.04449796154106e-07,6.02013209981461e-05,0.00437161663122521,8.02642640222833e-07,7.86065039755724e-09,0.22963233671863,0.708218395981151,10
"19821",0.000260472542353629,0.00498158557484242,0.0123224058373378,0.579656195301389,6.13935753976715e-07,9.15456864645784e-08,0.40083529623084,0.00189937330407801,4.39607391892399e-05,4.98852895989955e-09,4
"19823",0.000175337277098412,0.0015002471087216,2.90667468326896e-07,0.0565185895047591,0.712974813401776,5.58215409339166e-09,0.227723163220193,1.64460279740736e-06,6.34922177516568e-06,0.00109955941325738,5
"19825",0.00189691318723973,0.00414514006550601,0.000919493699611527,0.00178654037835423,1.95525212849182e-06,0.218724173412518,2.67091462251199e-05,0.768071150014669,0.00440250309200058,2.54217517481553e-05,8
"19827",8.55651423242745e-06,0.00105443013565935,2.44079331736414e-08,0.984462993529133,4.07571310203638e-05,8.75678849444248e-09,0.00405083631399966,0.010380755203232,9.32909299029441e-07,7.0509870220574e-07,4
"19829",0.000153746291511345,0.946374385468165,3.84565547370144e-07,0.000607150514902038,3.6013932781846e-08,0.00183146081704301,1.36128007524074e-05,0.00129194859165142,0.0496675889539704,5.96859825239557e-05,2
"19831",2.48658964419708e-05,0.799052234070611,6.44742654683153e-08,8.20874479696036e-07,0.00286602608310721,0.0167440864824487,2.89799426305705e-05,1.48271579909849e-08,0.0801916970716303,0.101091210277227,2
"19833",0.00252666313004721,3.71032770506657e-07,4.63301148493665e-07,1.37099038741616e-07,0.912841085999656,0.00109641716400126,5.79789969292793e-08,1.45120534496353e-05,5.73429646372287e-07,0.0835197188112451,5
"19835",0.000260472542353629,0.00498158557484242,0.0123224058373378,0.579656195301389,6.13935753976715e-07,9.15456864645784e-08,0.40083529623084,0.00189937330407801,4.39607391892399e-05,4.98852895989955e-09,4
"19837",2.51363885908803e-05,0.015936449533647,5.02260748810875e-07,0.937361367205196,7.0449829882312e-06,3.06969807671764e-09,0.04581738852227,0.000844665414848168,7.28732988059132e-06,1.55292132790986e-07,4
"19839",0.000584364632384417,0.427885397680355,0.000339612500700343,0.0007313462215375,2.25106833576217e-07,0.535031802302347,0.00012215948409674,0.00803063582473377,0.0272718762401887,2.58000682249529e-06,6
"19841",6.26060910365903e-09,4.21417075556158e-07,4.90770460235597e-06,0.000105831370540211,1.63179134670831e-10,2.99627887586126e-05,9.2664282389564e-09,0.999858836166441,2.46930649430726e-08,1.69300832664874e-10,8
"19843",0.00114578946576111,0.0129015382688386,0.00602863724291031,9.93978275421155e-09,2.62266426108848e-07,0.497451662029349,3.88517313147714e-05,1.594331675951e-09,0.482421294637679,1.19528236073522e-05,6
"19845",2.15142075229174e-05,4.13382432265974e-06,0.801123964395733,0.000809580263757972,9.92621737161307e-06,3.40096293236911e-10,0.198030559404242,2.89760556389186e-07,3.15331669557646e-08,5.32301867752461e-11,3
"19847",0.00167900705245875,0.00590798678355733,0.000719575265398934,0.00226733635471236,0.000108892233461256,3.13109209854878e-08,0.989222743849629,4.09131744980022e-08,9.40562833436062e-05,3.29953343058788e-07,7
"19849",1.18569159086246e-08,3.1658738102461e-08,0.999874582140879,2.99708801729894e-07,3.31779425600821e-08,8.58393438414697e-10,0.00012503377684054,6.30554355720916e-09,5.1572698938133e-10,2.18498918988675e-13,3
"19851",0.000319047131711666,0.000311484149372106,3.97453737786558e-06,0.0524501489815334,0.000214207997780305,2.59648407573199e-11,0.946700058360249,2.13591353375584e-07,7.77793218870494e-07,8.74314385658934e-08,7
"19853",2.44536239055478e-05,5.28007149602037e-06,0.00695179543555219,0.0664077840423653,0.0708202375927893,1.7363114472423e-11,0.855783025414165,7.38121135190356e-06,3.08106285954759e-09,3.95099487599145e-08,7
"19855",0.000105290012752731,0.000277660423603953,0.000633496744793462,0.558354127799597,0.00048600948349722,1.86811663395313e-11,0.439985082113267,0.000158298303870634,2.49981716317857e-08,1.01017648370523e-08,4
"19857",0.00686192008008429,0.327710880376136,0.0131914645100638,0.306336201159755,3.2885599352513e-06,5.7777647989052e-07,0.343691860779388,0.00201393952017049,0.000189838947358245,2.82906280323e-08,7
"19859",0.00233787527418743,0.0523721924364004,4.21067793013655e-06,0.768856049123822,0.000464280043222795,2.20240846239058e-08,0.175269056693243,0.000679675265721472,1.39225215283004e-05,2.71593986035599e-06,4
"19861",3.37861807444226e-05,5.39846631819465e-05,0.0272457839470917,0.00468557174467377,3.1923289169768e-05,2.29432325563863e-10,0.967948664890046,1.54286496669066e-07,1.30408932457323e-07,3.60230682838164e-10,7
"19863",5.90179606322136e-08,1.46487537157486e-08,0.99291570471031,1.73486125858517e-05,8.43480297983272e-09,6.88539677719714e-07,1.64489883644597e-06,0.0070645309835245,1.53170676949061e-10,3.77241927381737e-13,3
"19865",4.44364908328161e-06,7.01975656881528e-06,4.95103796154117e-07,0.101268633726119,1.1976737417748e-08,1.82942755940386e-08,1.86619978568366e-05,0.898700695714182,1.93397934465411e-08,4.41586754623696e-10,8
"19867",0.000374527427450125,0.000169926760902953,0.000375674184332914,0.00080196407384603,2.93504781595894e-05,6.70780055240395e-10,0.998238518253237,2.22424926707882e-09,1.00062484495141e-05,2.96785925754214e-08,7
"19869",1.2215217938745e-07,3.67658627856931e-07,0.993293837630832,0.000280131129288834,2.55255590734646e-07,1.06010412499417e-10,0.00642309458908538,2.19087461284982e-06,6.03244834439737e-10,5.27840959303458e-13,3
"19871",0.000455314266489991,0.101602912639487,2.90088074215042e-07,0.862674558067776,6.5341045104488e-05,1.07487691042218e-08,0.0336782686529109,0.00149860744517128,2.19205709792602e-05,2.77647523713015e-06,4
"19874",0.000173787487594085,3.7613219431272e-05,6.2546062090718e-07,0.928719495710012,1.36557883720429e-05,3.24148878716316e-09,0.00286247956096925,0.0681922750346518,3.74534892799713e-08,2.70433702821085e-08,4
"19876",2.77764752380833e-06,1.57370452303997e-05,5.39663224797498e-05,0.972876740408711,1.97651700202346e-06,3.74758645221403e-11,0.0188996517144032,0.00814914712616734,3.05998385477272e-09,1.21022858055439e-10,4
"19878",0.997613999533412,3.18753141127215e-05,6.26876929417908e-07,1.045178255042e-05,6.35069136429598e-07,3.27417086981547e-05,0.000415064277952726,8.91230555626135e-08,0.00188633681537683,8.17949877587009e-06,1
"19880",5.31742689924068e-08,4.73628834425605e-07,6.42576844064898e-06,0.0637554278653816,3.22693202068198e-08,9.31648199170672e-10,1.1025556631686e-05,0.936226560614929,1.72727884207406e-10,1.78170039752791e-11,8
"19882",0.00232920771839774,2.22819926329401e-05,0.141033379216848,0.0370848970348226,8.9586831486611e-05,2.36616414595393e-09,0.819408134352646,3.22063761520976e-05,3.02037913587624e-07,2.07293639394126e-09,7
"19885",0.00740356687251921,0.155819040435674,3.42138028808878e-06,0.257691112492005,5.98497874093973e-06,1.1734828600897e-08,0.578673121965052,1.46806829070032e-05,0.000388527249649176,5.32208335729596e-07,7
"19907",0.000762638992193212,5.91970278761956e-05,0.00896615369039895,0.00238898086952237,1.01790968285443e-05,4.55641519661106e-10,0.987808867760379,4.0065997980566e-08,3.93632253896584e-06,5.71862304520736e-09,7
"19909",3.1533179667397e-06,0.961463590740788,1.05034071703895e-05,2.40505632872217e-05,1.32512211644387e-07,4.15954564316337e-05,0.000833660974567249,3.77836310278943e-08,0.0376204867373166,2.78850662950542e-06,2
"19911",5.66934727211424e-05,0.989572853420778,7.42270223997114e-07,0.00152227005191446,4.64767537998131e-06,0.00122331456741337,0.00012116181061463,0.000816305427624505,0.00664369472665922,3.83165766707968e-05,2
"19913",6.31377436794344e-09,7.38958009907263e-08,3.70355846228426e-08,0.00045724613529048,3.00468824851809e-09,1.21732089648194e-07,8.46788793361723e-09,0.999542502999666,2.65693623905865e-10,1.4952405018966e-10,8
"19915",2.34834235626087e-05,3.71565958684929e-05,1.28872003383393e-07,0.987192468801073,5.85665115313062e-06,1.15297420227126e-10,0.00466398933459604,0.00807688375379811,2.22992095310243e-08,1.01534387278152e-08,4
"19917",4.22346497217798e-05,0.000303874282940917,9.95000420860169e-07,0.271669288843808,1.355808784375e-06,5.97538176880669e-07,0.000204575184727743,0.727776802561878,2.58618615745801e-07,1.75109257082167e-08,8
"19919",0.00156404161851123,0.00146571576270046,1.14771789735558e-07,0.976540577160951,2.23640768401696e-05,2.92142243052505e-09,0.0167342707438123,0.00367154197726852,1.10109403989102e-06,2.69872664295793e-07,4
"19921",0.000718209424673356,0.000479857389590146,2.72505475398268e-05,0.00741173569750447,3.22872949542038e-05,8.66215593695048e-11,0.991327483755167,2.13432735073523e-08,3.1315124811303e-06,2.29481949596844e-08,7
"19923",0.896949978454968,0.000241998887265976,3.5266568479637e-06,7.02729455700871e-05,0.000699175713056663,6.11660878932961e-07,0.101090602424396,1.37781839099105e-09,0.000867974895002425,7.58569841952191e-05,1
"19925",7.5121885661311e-05,4.69968482640214e-05,1.68339075478558e-07,0.80855467491115,1.91514509100671e-06,4.67947778752322e-09,0.000715259169015286,0.190605793502692,5.26088705132907e-08,1.2910702849049e-08,4
"19927",0.000143977922151162,0.00157698967147714,9.41846145138261e-06,0.191438151698195,0.000163778122465191,4.56887402512471e-11,0.806664236544431,2.59508775292473e-06,7.87583404255353e-07,6.48629832312795e-08,7
"19929",1.36914225694288e-08,9.26801470035723e-08,0.304765676013277,0.000527310369492467,1.00278853243967e-08,9.57106172051894e-07,2.21182972475478e-06,0.69470372807972,2.01527833179556e-10,6.31024912646241e-13,8
"19931",0.000795379729682859,0.010392445598292,2.46426103173011e-07,0.500148583250754,0.000252450238453545,4.42366000245199e-09,0.488360044031201,1.93213932669725e-05,2.86388610993331e-05,2.88604748627931e-06,4
"19933",7.7667834439191e-05,0.926404950410907,2.7042194540588e-08,0.0209657761176723,7.16357188458351e-06,6.97276784612414e-06,0.0130201679941044,9.07272504639671e-06,0.0393105391558514,0.000197662380054188,2
"19935",0.0097084034694521,0.144913336980094,0.00029638139787272,0.0979801325001129,1.40569548641691e-06,7.59779485375474e-06,0.734414653680394,4.87644816976717e-05,0.0126289302736649,3.93726371991958e-07,7
"19937",0.0012168190812643,0.00139743048284003,3.77811161797902e-07,0.0373059817305316,0.000997088935555846,1.08377660383381e-10,0.959069594495732,6.93218026777699e-08,9.26624974216561e-06,3.37178299249745e-06,7
"19939",0.351015134825274,0.00128598350022986,1.6048112790629e-06,0.29864422512475,5.14634385526008e-05,2.36321732684602e-09,0.348917309188688,3.71859094947439e-05,4.40738623392413e-05,3.01697617591139e-06,1
"19941",3.63376281904528e-06,0.878263578322276,3.99783226134087e-05,0.00202739432309134,4.92404283016177e-07,0.0882194084191336,0.000100159995590552,0.0110163014831792,0.0203236518775599,5.40108945365971e-06,2
"19943",9.59359253803576e-07,2.6326737720127e-06,2.65791435412972e-08,0.0470046460790745,1.73806786462875e-07,7.05819107165657e-09,2.48679308868986e-06,0.952989060370223,2.72552192022628e-09,4.55494476584911e-09,8
"19945",0.00245452698460637,0.895081467098573,1.16768841631062e-08,0.00144214428741516,2.86720516545033e-05,6.24854104384024e-05,0.0107046527543328,3.16004028896727e-07,0.0896455187673488,0.000580204964718348,2
"19947",0.00016140246378005,0.46221046819562,0.00892221876443469,0.0127660509017097,5.45421901634161e-06,0.00169528523904308,0.000172911900922646,0.51316348608491,0.00089559409164876,7.12813891513187e-06,8
"19949",0.886996884499796,0.00255807312929042,6.68737069408891e-08,0.000506327975146785,0.000139289836822685,1.66011312263956e-06,0.0884758623575741,8.67268357417253e-09,0.0204537128751492,0.00086811366670716,1
"19951",0.0441393634989141,0.00081503208134427,1.7385459677427e-06,0.844703548160848,5.13708445213803e-06,1.55983011818458e-06,0.00822372784757843,0.102087344846795,2.20295319159773e-05,5.18572066135385e-07,4
"19953",0.000792268352648863,0.0236115780848638,2.67011186502162e-09,2.21396700968703e-06,0.0411468064142422,0.000111819288348919,0.000494640947042348,3.90695686012854e-10,0.0689082388135507,0.864932431071486,10
"19955",0.326980599585242,0.49861041337226,2.16964195288634e-06,1.08632810898698e-05,0.00157150123765955,0.0119934098808624,0.00105278358613592,9.51002455845916e-08,0.140554252518957,0.0192239117955959,2
"19957",0.000220077652323111,0.0534299063356512,6.82398298846475e-06,0.528754997978254,0.00604781903959259,2.22498831260744e-06,0.00172019040231733,0.409773603212801,3.18171459540876e-06,4.11746931642135e-05,4
"19960",0.00506970312624631,0.7460001770108,1.1295630030847e-05,0.000116367512950768,8.80065436313615e-08,0.00165476074182332,9.74872935397992e-05,4.285951793267e-05,0.246945595370627,6.16657895055275e-05,2
"19963",7.91491567561342e-07,3.35685747108796e-05,4.56017088873441e-06,0.00106907028619614,0.0460678477792337,0.0111190049247385,1.10124482382815e-06,0.94070775801864,7.36159348592131e-07,0.000995561349851755,8
"19965",0.0993987508473078,0.0367817911781578,9.93028541767738e-06,9.76296538099666e-08,7.24791275146198e-07,0.0128250874970061,0.000173767558498881,4.0174614629161e-10,0.850631963110455,0.000177886700481609,9
"19968",1.52471721112375e-05,0.00152773247178369,0.260757154626847,0.0392143730591034,1.25661491240888e-09,9.95328280258442e-05,0.000982545311008688,0.697371224923123,3.21882399359314e-05,1.11446693207608e-10,8
"19971",7.23368969752357e-06,1.36361467670478e-05,1.38029946388592e-08,7.2149963859547e-05,2.66201948098272e-06,0.00160411609291208,3.38790029100735e-09,0.998131985779502,2.40692404464305e-06,0.000165792192840867,8
"19973",0.000340810487605517,0.00200651809934314,1.43332074450872e-05,0.668881595226317,3.14466903276755e-06,4.48850791788503e-10,0.328625532405857,0.000126099798532572,1.95955158922478e-06,6.10542736928477e-09,4
"19975",3.75893563209005e-05,0.000228856610329366,1.43448498197149e-05,0.458376505313889,3.38967789868219e-08,7.5066306295564e-08,0.000681506292162825,0.540660829671832,2.58422799591907e-07,5.19761291034754e-10,8
"19977",0.000413680049605374,5.68531582394209e-06,1.79982706895363e-05,0.00271875894706127,1.0147801354291e-05,0.00018372322963567,4.16899659174897e-06,0.996644996891974,2.79635507138856e-07,5.60861757488645e-07,8
"19979",7.68598065125561e-06,0.0857323538180054,2.45649517863211e-11,9.20285373447475e-08,5.55396952659114e-09,0.049479125584928,2.61303514684662e-08,1.00594160180647e-07,0.860575948625571,0.00420466165926126,9
"19981",0.000262397168910306,0.620793093859873,0.000223432620450054,0.0396778778229974,3.28198459494048e-05,7.02919575951626e-08,0.33882873632634,6.56431703487258e-06,0.000174739865357813,2.67881129849475e-07,2
"19983",0.158096812098424,0.163416514150506,0.000134238574508999,0.00710727568407007,5.99565304964798e-05,4.61486379845589e-08,0.670099631049114,2.73240340216824e-07,0.00108237552725372,2.87699664891932e-06,7
"19985",3.38627867014519e-05,2.00803403899229e-05,6.96581726151819e-06,0.919091546653071,1.47406765865957e-06,3.03599879743633e-10,0.00312399942975392,0.077722065130139,5.00356568462579e-09,4.67859064614975e-10,4
"19987",9.67005448998506e-05,0.381780143791494,5.97310235843945e-07,0.575077761058321,8.63924143795505e-06,8.01093735005306e-07,0.0405591771722448,0.00149567134671739,0.000974059023880865,6.44941703300713e-06,4
"19989",2.89845629793186e-05,0.0148007840994056,1.69613205462249e-11,2.06601735502883e-08,2.59969115380468e-07,0.000834801722592468,2.3582461856303e-06,1.4885143985132e-11,0.972492402203267,0.0118403885044347,9
"19993",0.767229547110359,0.0312330165861737,7.27945033188396e-08,0.1425255942797,1.72211230317678e-06,1.66677286810617e-05,0.0171828260615396,0.000725149315872121,0.0408765641932637,0.000208839817604028,1
"19995",0.0463252966039123,0.619023208736836,1.50732816700594e-06,0.0630686452377946,5.00738463754367e-06,0.000653177960781387,0.0347452226075671,0.000453108540754249,0.235610883395617,0.00011394220393288,2
"19997",0.000168301147676474,0.000435972212392562,1.11596731874594e-05,0.728072557354414,4.8640752682702e-05,7.34974606402185e-10,0.271030213487611,0.000232844579906127,2.96622850870023e-07,1.34343039336424e-08,4
"19999",1.24189649387608e-05,0.000107705685244883,0.000359078446309848,0.882846930535474,4.6610745969843e-06,4.33708314008518e-11,0.115130536276241,0.00153865674292557,1.20530782024938e-08,1.77819569925566e-10,4
"20002",5.5321564869542e-08,1.28940899568947e-05,0.315575599114045,0.000620382669019142,6.83250966576169e-07,0.0164107947146965,1.29345517334148e-05,0.667364834490213,1.81329259330903e-06,8.5052115890856e-09,8
"20004",3.09213963795913e-06,0.966712311948453,2.85519503571259e-05,0.00562143634778508,5.03900204923419e-07,0.000262289136675478,0.00405203461349237,0.000125492115944047,0.0231915987904175,2.68905703256441e-06,2
"20006",0.46324069119056,0.476706303901347,0.000608600355462971,0.00023234516210837,5.48546822017018e-05,0.00512919700237507,0.00105420058141759,0.000102766938471635,0.0525406318471288,0.000330408338926526,2
"20008",0.856838499940858,0.00203227039558796,8.38630488203516e-06,0.000105395511468013,6.16111830661939e-05,0.0513279951852559,0.00204280014065297,5.54767793734388e-06,0.0869525245324474,0.000624969127843422,1
"20010",0.455312524002266,0.184856985100285,6.82319924693384e-10,0.000207715508618279,0.000145982419788836,6.97582692740377e-05,0.00407187464332981,3.39196059346776e-08,0.318649446219783,0.0366856792347284,1
"20012",0.00166780928426499,5.11438999316355e-05,0.0074011322784241,0.727839622140202,3.31569058004947e-07,4.84741582792914e-08,0.0148868325131815,0.248152351157765,7.27252859761991e-07,1.43015431559952e-09,4
"20015",0.000681363404558946,0.00566983490566082,3.67236309670872e-08,1.50112480637584e-08,6.97294159612526e-11,0.00455911658633814,1.61731570567085e-06,4.13029638511373e-10,0.989084542535023,3.47303507565252e-06,9
"20017",2.93997352547413e-05,0.000992437595769247,0.00168080245142997,0.74747503139685,8.72288159423753e-06,1.62117799753561e-10,0.248842024348698,0.000971488193942856,9.26143665959308e-08,6.19976639907128e-10,4
"20019",0.000195611726014068,0.00215798893736976,1.89469161055557e-12,3.80455345686877e-10,7.1541188846677e-09,0.031308130782251,4.47206428334705e-09,9.13433864777419e-11,0.951083662661277,0.0152545937932116,9
"20022",0.00347316384657979,0.792340444244531,6.91557621721308e-10,2.64547282069103e-05,2.13248087716975e-06,3.89424848939034e-05,0.000360248929356352,1.08186541166627e-08,0.202360441034289,0.00139816074105397,2
"20024",7.95989044839064e-05,0.00460037323873131,2.46920110360622e-09,8.91015150823173e-09,0.00020402013581454,0.016812586044721,4.43115739127943e-07,8.00132614516309e-10,0.134377383836626,0.843925582544399,10
"20026",7.95989044839064e-05,0.00460037323873131,2.46920110360622e-09,8.91015150823173e-09,0.00020402013581454,0.016812586044721,4.43115739127943e-07,8.00132614516309e-10,0.134377383836626,0.843925582544399,10
"20028",2.46714022682457e-06,4.31172176116263e-05,1.87433564672738e-05,0.958034975612722,1.19749328793953e-05,1.44941408935647e-10,0.0390574204911293,0.00283128897104415,1.12376903527456e-08,8.95287283090844e-10,4
"20030",3.96805375695067e-06,0.386148710400816,1.2965418749739e-06,1.28492493664217e-05,2.81763835290185e-09,0.156981664070391,5.46260953284415e-06,2.56973185427996e-05,0.456806439677345,1.39092607358285e-05,9
"20033",4.8346751872184e-05,0.00888550775264048,3.83375740173946e-06,0.967339195931263,1.90340612082577e-06,1.09334687882281e-08,0.0162347826028794,0.00748147075574617,4.89315869459761e-06,5.49499127215007e-08,4
"20035",0.000243878907029662,0.00182375453324786,4.42574115496677e-12,8.73494517730045e-10,8.49935155575847e-09,0.0032235998053641,1.42257214841744e-08,5.94212454936201e-11,0.974730618634551,0.0199781244573925,9
"20037",0.00031722467246007,0.00158118454378102,2.20742367380186e-10,1.10119422418473e-10,4.33036883501059e-09,0.00548859501788463,1.14655025886335e-07,6.42076801504481e-13,0.992043573565159,0.000569302883816885,9
"20039",1.16703532698133e-05,2.70768287824038e-07,9.11429905034842e-13,4.7402451239149e-11,0.00183236564574925,1.35299062040846e-06,7.33896923723599e-09,2.63410271637465e-13,6.26943883812845e-05,0.998091638466145,10
"20041",0.987025680253942,0.0101968044732701,4.42971470075016e-07,0.00029532181935886,0.00017099961025618,4.76723008702763e-07,0.0018616284362502,8.59593605039789e-07,0.000331681095300178,0.000116105023538509,1
"20044",0.908630862189417,0.0768408797800424,2.89860061880693e-06,0.00571454948667138,0.000676743571275191,5.06351143811307e-06,0.00386395593029647,0.00010680285323433,0.0026347060973618,0.00152353797964402,1
"20047",8.60666226265597e-06,0.00489411236452083,1.49692998870196e-12,7.10162811362998e-10,3.04166052654222e-08,0.482996195076,5.35259938897594e-10,4.12587177280225e-09,0.453801143797252,0.0582999063105678,6
"20050",0.494565494493297,0.00150517994585771,1.55971640809308e-11,0.000213339375006757,0.00129069136959905,2.28151859972522e-05,0.000277009158369342,2.65499230308626e-07,0.0237285693708266,0.478396635586219,1
"20052",0.0171021540047261,0.104064214898922,4.1214583840179e-08,0.818647994833555,0.000468078341541137,9.73389614239952e-07,0.0579377469389169,0.00129915231654659,0.000377933853222035,0.00010171020837246,4
"20054",9.1882648325609e-05,0.742742975119323,3.13288109641987e-06,3.87705213613046e-06,7.80682632852085e-10,0.00136707712320726,3.06832652948434e-05,2.1771390231516e-07,0.255758960671434,1.19274459715138e-06,2
"20056",1.27286674589453e-06,5.95518327566975e-05,8.73368575099625e-08,0.0518993782597091,1.71976409924986e-07,1.04986096320376e-05,1.17562945072548e-05,0.948014523862789,2.60868127941108e-06,1.50279313013273e-07,8
"20058",5.82466030705979e-05,0.0157442148630105,3.03890164630137e-10,5.42040815754749e-09,9.17336461018893e-08,0.000771920010583945,3.69066838014107e-06,2.88585038050812e-12,0.981147307526911,0.00227452286721374,9
"20060",0.000650424749451156,0.00215781622678055,3.50679565050327e-06,0.157209563803695,2.84253190659779e-05,2.28456637937829e-09,0.839889097599771,3.43604605379515e-06,5.71871871048502e-05,5.39987860963989e-07,7
"20062",0.162158581159062,0.00887922041750677,4.57543732491645e-06,0.0454533084396326,1.22551642822891e-05,5.45528696555172e-08,0.782743910067622,1.38128833521424e-06,0.000745456606523298,1.25686684068072e-06,7
"20064",8.64867392312701e-05,0.939695429926857,4.92104741098141e-09,0.000899903714715605,1.18751650023709e-07,3.91788008586199e-05,0.000568080861680355,2.23077805451613e-06,0.058682897054788,2.56684511175456e-05,2
"20066",2.0048266423662e-06,0.0865480263548125,1.18195465747135e-07,4.398353547197e-07,7.89603591353149e-10,0.102021239181526,1.87873485556299e-07,2.06925032631775e-06,0.81133050937049,9.54043222930799e-05,9
"20068",0.00202662330711369,0.000221377172567707,0.000227026087593621,0.0186084185436806,2.40885328065018e-05,7.86447166544081e-11,0.978891400642411,2.90531043657946e-07,7.70374995872975e-07,4.72914236237489e-09,7
"20070",0.00429818010606148,0.000245361905159604,6.34638762880453e-06,0.0183550338871713,0.00752252637082865,7.11313349276299e-10,0.969569350278822,1.41233420240632e-07,1.62583119831299e-06,1.43328839618303e-06,7
"20072",0.00448622324559283,0.0627596739735317,0.00141621594209189,1.50279935880657e-07,9.02856191071993e-08,0.00288217738414673,0.000717827163573939,3.34338581418294e-10,0.927725142832825,1.24985583443004e-05,9
"20074",1.6016373359907e-08,1.24181865010017e-08,6.88635713324394e-05,0.000411242118363632,3.08310401273846e-09,5.74232614916679e-08,7.45224261562492e-08,0.999519730815037,2.94449499157545e-11,2.47048898840405e-12,8
"20076",0.00017946063395116,0.0826453665202459,0.373147417865334,0.0584642110331704,6.17173946608337e-08,0.000211845182227541,0.0028261579084937,0.482420116252336,0.000105360658596918,2.22825020779051e-09,8
"20078",0.000954143778356611,0.952593795212987,2.93760560207819e-08,0.000556732917723623,3.70954327207279e-05,0.000397621407533044,0.00169024324901149,1.5504109945156e-06,0.043341417774224,0.000427370440392726,2
"20080",0.000121433910362259,0.010341254276734,7.58252782789169e-13,8.68172102811238e-09,6.90498966554617e-09,0.00297850937013328,4.42164459490707e-08,2.5514586792978e-10,0.978806144071449,0.00775259831226082,9
"20082",1.50636209230391e-06,6.14967680237071e-05,6.89613294926046e-14,2.94253696289603e-08,0.000976319275789578,4.22477573287508e-06,4.97947603946388e-08,2.11442340898815e-10,0.000269203481797912,0.998687169904922,10
"20084",0.000137913677587271,0.97015451655875,6.44334794531407e-09,0.00281639113394374,6.31530529037455e-05,0.00822121926888876,4.17374587741988e-05,0.00238041449343268,0.0131754638780915,0.00300918403428017,2
"20087",0.0419004544427349,0.422001965183549,5.56933149008915e-06,5.03016197728823e-05,3.24421140454056e-05,0.00101661131747041,0.0391510030432476,6.63655634441318e-09,0.495639550409665,0.000202095901468309,9
"20090",0.0409777678047246,0.00316881905313328,1.58766198135218e-12,1.14651261110512e-07,3.33639353241697e-07,0.00103562353924659,6.29882326641434e-07,1.34017478168106e-09,0.846449849901934,0.108366860186259,9
"20092",0.0170016194230399,0.00286414273285725,1.26374205781901e-05,3.4728348017183e-06,0.949429286498251,5.29300005621025e-07,0.0262773978440241,6.53051640975028e-11,0.000193365891133911,0.00421754799000322,5
"20096",0.015593427300449,0.0146233552100518,1.82622165660653e-07,0.0203339123869675,0.933845333238093,2.44411994360035e-06,0.0114290726952694,9.87178852031266e-05,2.17329127619795e-05,0.00405182162909508,5
"20098",6.97637350597929e-05,0.000952703418418779,2.5648829806133e-07,0.985212097603155,3.29921510751305e-06,9.4591416953637e-10,0.00956272929062959,0.00419816790774069,8.99138882965866e-07,8.22567937423933e-08,4
"20101",0.000917628501987031,0.327234740150919,1.65506450650904e-10,3.92920724352884e-05,4.1072636395231e-07,0.0540290825292841,1.75644809153632e-06,3.38527253440286e-05,0.60528055735242,0.0124626793276482,9
"20104",1.15908347212754e-05,3.41080042614266e-05,0.00376483517751751,0.000348737364175744,0.988873937468558,6.37807012064027e-09,0.00696167444665715,1.48434923247909e-06,9.2641662982435e-09,3.61671263982315e-06,5
"20106",0.00877495724428272,0.215867908968397,4.82394444687604e-10,9.67473488488679e-05,7.63482456526274e-09,0.000819195585957263,2.40886663307688e-05,3.77327059786524e-06,0.774133086259773,0.000280234538593703,9
"20108",8.06885556307886e-06,0.00690134872264066,5.17172337656956e-05,0.778050315008604,7.67757979563733e-06,1.25310727725597e-08,0.2143818538104,0.00059371851783954,5.27285818516478e-06,1.48821340883869e-08,4
"20110",0.479116778912657,0.00387337477080091,1.22695491481825e-08,0.374038523148264,0.110626639015596,4.97755439474505e-06,0.00893944805819803,0.00943748899340183,9.9262151017133e-05,0.0138634951261209,1
"20112",0.371491223857035,0.0309329976880118,9.38694056789674e-10,0.000387954744085528,1.37111658807321e-05,0.000249160679343413,0.00133190817049003,3.70851636872754e-07,0.572302735373812,0.0232899365310111,9
"20114",3.97938323484216e-06,0.984608469213615,3.2112958133308e-08,0.00885393934051495,5.71314518875394e-06,0.000227121656405522,0.00012876035934462,0.00185929925298374,0.00420829841781251,0.000104387117941527,2
"20116",1.62636224828749e-05,0.978523443036027,2.56992092668048e-06,0.000820769279565399,5.85171911654876e-09,0.00264577657957317,2.81679275440508e-05,0.0016633841516026,0.0162985369802307,1.08265032844619e-06,2
"20118",0.00013704354989108,0.664789389604565,1.10765555451555e-07,0.322743529745973,2.23647035803956e-05,8.93239711603224e-07,0.0102713212047206,0.00163733206722668,0.000385448358585473,1.25667601908633e-05,2
"20120",0.00943900787386392,0.377284996402433,5.90776672737242e-11,0.00258756850648167,1.35905218219492e-05,0.000345848317147484,0.000108685035510751,5.8916696627117e-05,0.439476184799141,0.170685201787896,9
"20122",2.01720203183306e-07,4.18810824467472e-05,4.04091759623579e-06,0.0300287275267596,1.92750229890891e-08,4.80075704350525e-08,6.16426693541857e-06,0.969918908904488,8.11220938240143e-09,1.86768442019202e-10,8
"20124",0.000822182211368308,0.148184378562825,9.14304812366298e-09,7.89752646534072e-09,2.97275466592877e-06,0.0160494725967291,4.55534556142235e-06,3.55652988706433e-11,0.828910732221713,0.00602568923099693,9
"20126",5.28460032312979e-05,0.0020633896765799,7.10927996948211e-09,1.43662128345029e-08,0.0490150018933135,0.00145897724019875,7.61194628519716e-08,1.7931110949945e-08,0.000456244759511194,0.946953424901099,10
"20128",2.03129761296218e-05,6.84282797834173e-05,4.48483792189563e-12,4.9798948395116e-12,1.2213589954731e-05,0.0893608562412849,1.62440848664441e-10,1.05011509916666e-11,0.0237132651059851,0.886824923624456,10
"20141",1.73317794826217e-05,0.00146030746848651,5.247629768637e-06,0.238010890887838,0.745160897134332,1.4549233170301e-09,0.0137017024132201,0.00158874494476334,5.31898640636595e-08,5.48230973213388e-05,5
"20143",2.20103677702733e-09,1.9016402869645e-08,8.40899068109843e-07,0.000506315524460162,1.39694168059499e-09,1.53311658489945e-08,1.65885079247577e-08,0.999492788998397,3.58888481474958e-11,8.13113188554744e-12,8
"20145",0.00625559698493972,0.452280454915422,4.41012211426866e-11,0.000230947551955714,3.9757224609828e-06,2.92279732088485e-05,0.000574164711446722,6.67669323208849e-08,0.528601396539698,0.0120241687898346,9
"20147",0.000264557984648601,0.8290105433462,5.60413603872901e-10,2.18810165243047e-05,7.30728964986918e-08,0.000113542987727676,5.10856215578215e-05,6.297224030316e-08,0.17039957531435,0.000138677123440454,2
"20149",3.35342418244702e-07,3.11228030026823e-06,2.06835686012209e-06,0.0338951400567128,1.68002283622548e-07,8.30972476727724e-09,5.78508101812084e-06,0.966093381734652,6.61802021703946e-10,1.74227686498242e-10,8
"20151",0.00012216742257221,0.000709065364951405,2.75141769259762e-07,0.967494247279347,1.73800158644097e-06,2.28039452216601e-09,0.0302735272285464,0.00139624590365338,2.68689845493875e-06,4.44787245896829e-08,4
"20153",0.00111244752085823,0.000640994987484331,1.05350259766431e-09,0.971092843596694,0.00108110731198506,1.52302583616393e-07,0.00199602356818857,0.0236763401980707,1.14903027334718e-05,0.000388599157899583,4
"20155",0.0668408681852827,0.237715733046519,3.78843225350614e-09,1.19979715055443e-06,4.19559827374892e-08,0.00057603825156417,1.77728367178424e-05,1.12230095691221e-08,0.694386187322535,0.000462143592806103,9
"20157",6.79127359730315e-06,0.000147914099382682,1.47595774631557e-07,0.981000902215058,3.14727165318944e-06,2.80584153488456e-09,0.00420385666728062,0.0146366143767811,5.42441699280207e-07,8.12529322117198e-08,4
"20160",4.75006274502261e-09,6.72740809645107e-08,1.15804219806966e-07,0.00120056548849878,2.96089111030541e-09,1.95244454672762e-08,2.91969298300494e-08,0.998799194836625,1.20816130503021e-10,4.34297093308939e-11,8
"20162",1.80082059835219e-07,1.49107061575177e-06,3.40948870492029e-06,0.182507577571084,1.02029691982684e-07,8.20065498737083e-10,4.0258212050648e-05,0.817446980144672,5.07531011210588e-10,7.35242324648434e-11,8
"20164",0.00104752373636981,0.000122058182898023,6.16992723359957e-07,0.639473866082017,1.87565966779339e-05,3.85812351472245e-07,0.00118431987137706,0.358150716368204,1.31201189619992e-06,4.44345484390819e-07,4
"20166",2.92855983502196e-05,0.0395536781023615,3.58880491965777e-05,7.91092890224117e-06,1.24948272906773e-09,0.704933670851943,1.79739256339783e-06,0.00032104874565417,0.255113689748805,3.02933274170496e-06,6
"20168",1.66781153200357e-06,0.000128163748087532,0.792935971203615,1.02127590581458e-06,1.56209480177758e-08,0.206253822210938,1.68922995874533e-06,0.000617972845289697,5.96709280928525e-05,5.12563294002679e-09,3
"20170",3.31630891276335e-05,0.00257230066227836,8.36269228411151e-08,0.984340860906257,4.24991685583198e-05,1.20204002493522e-09,0.00571348286206524,0.0072970628219141,3.0190424046444e-07,2.4375659536665e-07,4
"20172",0.000786603063768383,0.531100116701733,8.84483034223850e-10,3.16503203633589e-06,1.4945262863608e-06,8.3192850699996e-06,0.000595152632463496,9.47614776660374e-11,0.4659582201009,0.00154692767849778,2
"20174",6.1787054073473e-06,8.31582888062782e-05,0.152766007595312,0.737124800384828,1.52098619201351e-06,8.23463093649412e-10,0.0862739769752038,0.0237443393539911,1.68518595458557e-08,3.49373187794572e-11,4
"20176",1.53123779034093e-06,1.20165230655115e-05,0.999852603141825,6.09756036190688e-07,9.35658592189513e-09,7.82381906893326e-05,5.01655667014762e-05,5.09641703283416e-07,4.31646800617905e-06,1.1759668557173e-10,3
"20178",5.67501181073975e-09,4.34981470393119e-08,4.02287053432525e-08,0.00061453328835822,2.99689732311469e-09,2.94157653989777e-08,1.01028430795693e-08,0.999385334560852,1.29703708247604e-10,1.03716339002488e-10,8
"20181",1.25943993818778e-05,0.485562512176965,2.43424257125416e-07,0.000114711388018892,1.70875615854416e-09,0.192271418536924,1.46839464971202e-06,0.00301542706673448,0.318994453491845,2.71694124673967e-05,2
"20183",0.00169251685485607,0.0318189042995788,3.95450073976942e-07,0.0159857987244579,0.00217085455502283,1.73769621634785e-09,0.948111189537614,3.1168309761269e-08,0.00018468234021207,3.56253321781024e-05,7
"20186",0.00253035204726693,0.00299968669639396,9.03932928699309e-05,6.83287828257961e-05,0.00212187696793536,1.71734402563881e-08,0.991706066619543,5.41801537925023e-11,0.000469692131910242,1.35862336350112e-05,7
"20188",5.04909888705656e-08,1.38837146207359e-07,1.23746047454588e-07,0.0130049181615673,2.42534445447168e-08,9.02026847646337e-09,7.08630416411836e-07,0.98699402633263,3.54780240952983e-10,1.72710795319929e-10,8
"20190",5.90819040166471e-05,0.0249164871562046,9.15947359263180e-10,2.04706822061585e-07,3.54105643455854e-10,0.00120232733335212,1.29281941289281e-06,4.95553222749349e-09,0.97377290536882,4.7694485786093e-05,9
"20193",3.95682871356578e-05,1.01949248471566e-05,0.00451738690512374,0.000244548868272045,9.99800971284852e-09,0.06430874944673,1.38636431007115e-06,0.930862582114157,1.55639848735309e-05,9.10654150779758e-09,8
"20195",0.00245329275232811,0.00102505437652344,3.02325162017869e-07,0.899422590444269,2.08710719382368e-06,7.87717341950328e-07,0.00325594985617857,0.0938147579476122,2.441174485004e-05,7.65728540393798e-07,4
"20197",0.0156531845135369,0.298838962432105,3.79839654617903e-09,3.49385844212793e-06,5.29296324241917e-07,8.39008071804602e-05,0.000516368679513398,4.43440592607613e-10,0.684227056911124,0.000676499259936922,9
"20199",2.70919715142103e-05,3.19650495080913e-05,1.60819727838316e-07,0.836331392816871,2.09337021479961e-05,1.05454850516294e-09,0.000661222765662211,0.162927194988571,8.40164882158675e-09,2.84298004137925e-08,4
"20205",0.000669932056719608,6.52230445631372e-06,1.95471632018493e-12,6.6029562648391e-08,0.0507771643521475,1.01025560269562e-07,1.72031968903004e-06,3.082213723551e-11,3.17226896057295e-05,0.948512771189482,10
"20208",0.00162003999753783,0.0097645451825684,8.30213986402792e-06,0.806505260998276,5.70234367707809e-06,2.4952264435447e-08,0.181516129760206,0.000517653507492803,6.19223480437799e-05,4.18770069665077e-07,4
"20210",1.05093933339096e-06,6.10345628935036e-06,1.07511781624658e-06,0.49886353349792,3.15904731419445e-07,8.18037045433862e-10,0.000156022780821787,0.500971893998736,2.87523039413949e-09,6.11084771142013e-10,8
"20212",0.000114404050719903,0.000170372774693938,6.42086127536219e-07,0.892075708781926,1.23843838391334e-06,3.99668435054474e-08,0.00185956163553762,0.105777021990563,9.3806004618183e-07,7.22151584237644e-08,4
"20216",5.54342178249131e-05,0.791293100214167,1.53383618085042e-08,8.33688712461427e-05,2.09131788749829e-08,0.000140993806476336,5.60829675635831e-05,1.58214729490361e-06,0.208301781276294,6.76202475925624e-05,2
"20219",0.0137837477728675,0.146518969620635,9.16379377490994e-11,0.000373550359718066,0.0111879298487651,0.000885912870568587,0.000316290836255975,1.71070754014226e-06,0.0533806345414736,0.773551253350538,10
"20223",0.000721594544431486,0.000614994680412993,0.000112484979952604,1.36828613540019e-10,5.01102264941333e-08,0.226534319896211,2.94490276673453e-06,5.17202074903969e-12,0.77195566248055,5.79482634478742e-05,9
"20226",0.987799451777757,0.000617250037317983,7.91944235222357e-09,0.00432436188621709,9.99304266544359e-06,1.51748134725779e-07,0.00671775083556556,2.4915604947603e-06,0.000485827241000018,4.27139514051655e-05,1
"20230",1.69323629527773e-05,0.00905382258213125,4.35463612934123e-10,2.19546702574797e-08,1.68056959135736e-09,0.00261243125008817,5.43993389566785e-07,3.02268818732015e-10,0.988083875314686,0.000232370123779813,9
"20233",1.18426520060482e-06,1.10075503338917e-08,4.66203867752851e-10,1.97651539478358e-06,0.999794296637287,1.93712231633871e-10,3.88937401832381e-06,9.01471671161598e-09,2.92497516431662e-10,0.000198632233418516,5
"20235",0.106309701639194,0.056950909900031,2.34052905851038e-05,4.14198813780474e-08,0.000482119603245817,0.0257879957943465,0.000326305393846699,7.65837206843999e-11,0.777714783093123,0.0324047377891625,9
"20239",0.189303683742521,0.425692115015252,0.000967963762939495,1.46518631380377e-05,5.25315908542059e-05,0.0171549893973199,0.0174868103828923,4.44692875538805e-08,0.349199544119056,0.000127665656738883,2
"20254",6.90701087118662e-06,1.8120090647319e-05,6.65024374496042e-15,1.3471475959614e-09,0.000194249205209842,2.21893118912188e-06,6.77437412170087e-09,8.40714261536934e-12,0.000419280026293787,0.999359216605853,10
"20256",0.000155881456535999,0.49250012513683,2.28278010267686e-08,2.90589462547549e-08,3.27375495928663e-07,0.00111943006370846,1.40055147392255e-05,4.13668614991327e-11,0.505762860127781,0.00044731839679504,9
"20262",8.61732991329224e-06,0.00043333199500569,1.17450594329551e-07,0.975183675403821,1.32662923337636e-06,9.92660391611204e-10,0.00221561822989809,0.02215712731943,1.67375773053106e-07,1.72736707284571e-08,4
"20270",0.000203225325585476,0.101264706232171,0.00112025101041511,0.0039308076747809,1.62982140549546e-07,0.208305935953998,0.00579746304086838,0.000853553816915896,0.678511439740468,1.24542226570375e-05,9
"20284",0.0318147153166919,0.00656298196701908,2.15057180150899e-08,0.0182180656717538,0.384615314211611,2.00501483898206e-07,0.474627584366543,1.53483376517889e-07,0.00244464741091601,0.0817163155648871,7
"20287",0.000475764137762202,0.000554951232252885,1.31538576974135e-09,6.64863882905567e-11,5.21958772436199e-10,0.0442551897700032,2.95688125761337e-08,5.26317823737503e-12,0.95452690252454,0.000187160857535446,9
"20290",0.00366761798919673,0.000172836465343477,5.45871985620415e-12,0.000297092691609602,0.0223267380774394,1.91514356120966e-07,8.58163032182299e-05,4.05379893404751e-07,0.000375591499790826,0.973073710073694,10
"20293",3.3846689462307e-05,0.987501027849639,7.41228975092911e-09,6.40871860192953e-05,7.38615362432256e-06,1.69829012092265e-06,0.000859397360491053,1.06454295216671e-08,0.0113984479797153,0.000134090433208204,2
"20296",0.000246977568768504,0.0716133160852171,0.0153675264329259,0.624274435277419,7.3159596435912e-08,3.55804399900055e-05,0.034598829931035,0.253709286214007,0.00015397295621159,1.93483014531445e-09,4
