"","V1","V2","V3","V4","V5","V6","V7","V8","V9","best$classification"
"19811",4.24118945321756e-08,0.0676713442011377,0.000257829280319281,0.909717404972027,4.06865398712395e-08,6.62911443298157e-06,0.0116913423951824,2.66115701241037e-05,0.0106287553683422,4
"19813",2.96725151325444e-10,1.6586845923554e-07,9.91659690507115e-07,0.000152496006228502,7.14712312819635e-09,7.62843649565426e-09,1.68252400988114e-06,9.69937821918525e-09,0.999844639169949,9
"19815",0.000430866952297391,0.0542234041970966,0.00890890983327826,0.874732000361716,1.1702516285365e-05,0.0018605551602534,0.0598321542897883,1.56837003370713e-07,2.498522806648e-07,4
"19817",8.16860441621774e-06,0.461234950182728,0.00333516624953562,0.531162546147672,2.93673172229574e-07,0.00110970715576107,0.00312573222249308,2.16611346230047e-05,1.7746295986487e-06,4
"19819",0.163578227207852,1.71389457600131e-06,0.169445599373531,8.80339996180973e-07,0.666558733849074,0.000412209363810516,2.59534024882722e-06,4.05676782792775e-08,6.32328382180984e-11,5
"19821",8.20893270972852e-08,0.527537613383049,0.00762901273354158,0.454925820245645,7.39987742470736e-06,7.82500207899733e-05,0.000584341339523253,0.00238092969919711,0.00685655061150253,2
"19823",0.173995446284585,0.21507857028232,0.00472853221921355,0.602205809615136,4.74093758252396e-06,0.000123043816441543,0.00385560255970238,7.38251029595405e-06,8.71774723954663e-07,4
"19825",3.29311941746023e-05,0.00205014021026864,0.00388828953709041,2.27826318523007e-05,0.0234353994510436,0.00195718549948597,0.000340553628019118,0.966567739107629,0.00170497874043606,8
"19827",1.5277385420497e-05,0.983435111987326,0.000798082902826827,0.00401152207249251,4.41784877023404e-07,4.54175403719831e-06,2.64844189437204e-05,0.0117085102076764,2.7486399467896e-08,2
"19829",1.41927491606244e-05,0.00139424009154597,0.902578282312297,2.50308585366671e-05,0.0722655313282538,0.0204775638721889,1.16853390408663e-06,0.00324260560593454,1.38464817822548e-06,3
"19831",0.128154578178313,2.08087641998165e-06,0.733476040923383,2.26046316025928e-05,0.138163636993496,0.000166613605817942,1.41872138407076e-05,4.62489940892492e-08,2.11328132393118e-07,3
"19833",0.998830359623987,3.01924097109266e-07,2.66042619001794e-07,6.17774858330414e-08,1.90582058636914e-05,0.000737840150729388,0.000387460835520424,2.27933428731527e-05,1.85809682403571e-06,1
"19835",8.20893270972852e-08,0.527537613383049,0.00762901273354158,0.454925820245645,7.39987742470736e-06,7.82500207899733e-05,0.000584341339523253,0.00238092969919711,0.00685655061150253,2
"19837",2.45065257365626e-06,0.938432184025663,0.0109251920132545,0.0495332815618513,1.13328283362914e-06,3.04750099568254e-05,2.91973156760916e-05,0.00104567760331772,4.0853487308032e-07,2
"19839",5.22302913845135e-06,0.00193198171151508,0.813885298926152,0.000136773751066512,0.155136063840195,0.000735051982910253,0.0010661812369351,0.0257498533631891,0.0013535721588985,3
"19841",6.1756026564813e-10,0.000105886731192627,4.7560992245963e-07,1.61636670572467e-08,2.94150577050941e-07,1.17965427214706e-08,3.08835018652091e-09,0.999881716629684,1.15952125041091e-05,8
"19843",1.02684519191795e-05,2.74762084449852e-08,0.0472773123752873,2.59201589639915e-05,0.938002113283145,0.000522565090665129,0.00164151015190924,6.81981063186351e-09,0.0125202761920908,5
"19845",3.0516825904307e-08,0.00151798600515658,1.30643667662968e-05,0.447431435862048,1.01766346463895e-08,6.99727351162147e-07,0.00124468284746893,7.77799946101291e-07,0.549791312697803,9
"19847",1.37560628736863e-05,0.0043357552208773,0.0119549960312595,0.964371952637025,1.38936565470005e-05,0.000230626763738119,0.0183988772265182,1.18207358907732e-07,0.000680024193802038,4
"19849",1.27308204145795e-10,6.63712481643569e-07,1.24268898133129e-07,0.000379873461376442,6.12708000022601e-10,5.34301911209537e-10,1.29049512922419e-06,2.02352089724543e-08,0.999618026552588,9
"19851",7.08176577788441e-06,0.0695214351743405,0.000447517696749781,0.92730349810422,6.12021355987934e-08,3.47467088326709e-05,0.00268275088635545,3.83533510472166e-07,2.52492807736991e-06,4
"19853",2.8472916769698e-05,0.0462520212327924,3.63285292391662e-06,0.951003952627651,4.57610885627457e-10,5.53208447604967e-07,0.000489249114966969,6.07260912845178e-06,0.00221604497970949,4
"19855",1.54710686460719e-06,0.416932998298584,0.000114696498954548,0.582435556051506,2.47971934150468e-09,2.56794794025413e-05,0.000112097946193802,0.000130376774251452,0.000247045364523454,4
"19857",4.74149276986305e-07,0.367518926970442,0.195992994813933,0.416337435812295,3.79078415738289e-05,0.00539997652107871,0.00260167070352668,0.00292322315256374,0.00918739003530956,4
"19859",6.02572231096567e-05,0.823257484917301,0.0226178816090394,0.150297400035309,2.80630482367876e-06,0.00133871964866671,0.00161110898636787,0.000810663474465238,3.67780091786039e-06,2
"19861",9.22717609324144e-08,0.0052088685268398,8.93508123991534e-05,0.980904348242608,1.52824923474623e-08,7.11436250294112e-07,0.00179616603138763,2.5385747308006e-07,0.012000193538789,4
"19863",5.23184996292051e-11,1.60470719782991e-05,1.60702235013796e-08,2.74829547954247e-06,1.01726291287161e-09,1.95868351479955e-09,6.82252498973841e-07,0.00704420088555517,0.992936302396,9
"19865",6.22979914532164e-09,0.101941240163912,5.62548983186109e-06,2.69121864241741e-05,3.3910339331013e-08,2.75014358854875e-06,2.57970640163511e-06,0.898020151639978,7.00529725755704e-07,8
"19867",1.88462607878018e-06,0.00145057372950354,0.000590004722609898,0.987550427541061,9.59171517552466e-07,2.1866423130183e-05,0.0101124565903801,6.49366806226386e-09,0.000271820702050754,4
"19869",5.82829097313901e-10,0.000613281083218308,1.2397997565382e-06,0.0266792445868836,4.62993498168916e-10,9.14522075146294e-09,1.03863151370961e-05,6.58402844122072e-06,0.97268925399552,9
"19871",3.01443233664104e-05,0.921266892638627,0.0397726208040171,0.0359808118488599,3.96709919440024e-06,0.00112550483222327,8.79870745091945e-05,0.00173181202948461,2.59349717655464e-07,2
"19874",1.14338582406299e-06,0.927707308534594,2.64024759945369e-05,0.00290735055121236,2.94430428117367e-08,2.59916026012848e-05,0.000364138907498713,0.0689669229144323,7.12184799997687e-07,2
"19876",2.15624458116548e-08,0.957142475581081,1.47065111628308e-05,0.0335560630328739,1.0335654602313e-09,4.67020506602616e-07,1.98462829310036e-05,0.00922786177455929,3.85572008737883e-05,2
"19878",1.02280195567016e-05,2.09269373920692e-05,0.00011706515449938,0.00014904825529194,0.00173298669416836,0.0393923659823471,0.958576060697784,2.33271011535302e-07,1.08498794884345e-06,7
"19880",1.57769794900406e-09,0.0654036177946892,3.7690488638397e-07,2.68989173001603e-05,4.19095842589907e-10,2.51347581700871e-08,1.28576059256319e-07,0.934560438252671,8.51242284194455e-06,8
"19882",4.00301791135797e-07,0.038691883278874,3.60626113780003e-05,0.865263345299947,6.93876562273732e-08,3.61299930501757e-05,0.0340966219062699,4.38642924400348e-05,0.0618316229285938,4
"19885",4.29558120437115e-06,0.347540319218635,0.147685118904473,0.494444370672274,3.27471929980423e-05,0.00604929031124644,0.00421507737388227,2.60584455277579e-05,2.72229975860853e-06,4
"19907",2.99615488537994e-07,0.00290831896823926,0.000146726626364742,0.987534487764238,3.14629425044531e-07,4.69991095038036e-05,0.00523815440003351,7.38732542171502e-08,0.00412462501345287,4
"19909",2.1050085828509e-06,3.12858791682638e-05,0.992796728049622,0.000678797382955341,0.00645031210833046,2.94291737672505e-05,7.95527673890064e-07,7.46661079077469e-08,1.0472203791517e-05,3
"19911",0.000115419065190998,0.00388306005946062,0.979445991678359,0.000185511416612918,0.0134846923374298,0.00044941189043062,2.63296405643083e-05,0.00240730970514949,2.27420680192879e-06,3
"19913",2.4303007555731e-09,0.000523893645232057,5.4871325466369e-08,1.69868683737721e-08,3.17926173525937e-09,6.98851356834912e-09,4.79157886657677e-09,0.999475922070383,9.50365356203089e-08,8
"19915",4.88147509019762e-07,0.985562793891704,2.90418384028651e-05,0.00571747659954613,8.46642550531648e-09,6.65636190899092e-06,4.75367568440061e-05,0.00863587877726237,1.19160397341439e-07,2
"19917",3.49052533784343e-07,0.272633160446609,0.000180027319098802,0.000189790671122549,4.79797978951866e-07,9.03516344276925e-06,8.52349003330369e-05,0.726900528218066,1.39443081504543e-06,8
"19919",4.67768348187238e-06,0.980592444466487,0.000807695274865904,0.0131584541090763,3.2188379155183e-07,0.000488653555897107,0.00105781083642151,0.00388983374923374,1.08440745366445e-07,2
"19921",1.53086610343455e-06,0.011985471675271,0.000946435800622101,0.979827274720048,2.39238984875733e-07,6.41305007791535e-05,0.00715691080433639,4.99837453800569e-08,1.79564101099406e-05,4
"19923",0.000111583271764844,2.55544585766381e-05,0.00014114120914189,0.0068858944815224,4.42243916096906e-05,0.00305893073092804,0.989731915044256,6.97181593050806e-10,7.55715019151587e-07,7
"19925",3.6010080779939e-07,0.80800961272023,3.23910588875889e-05,0.000773614333338942,4.69399865757059e-08,1.83116268845086e-05,9.92865404736077e-05,0.191066181844316,1.94835075091818e-07,2
"19927",4.07781573852187e-06,0.195542030797807,0.00130394318530441,0.802652547932646,5.48740298687185e-08,3.30320075987027e-05,0.000455962781117808,3.39538280204576e-06,4.95522295501403e-06,4
"19929",9.50479705867617e-11,0.000477618482289324,8.9941126482529e-08,4.9332163695159e-06,1.60481230955469e-09,1.18384264866004e-09,1.53558694509956e-07,0.655027127198464,0.344490074719354,8
"19931",6.61420510191434e-05,0.627988459792884,0.0124034562980222,0.354466921211583,4.01794665200907e-06,0.000157878867244446,0.00488098206640177,3.19188744484161e-05,2.22891745612706e-07,2
"19933",0.000152815364914197,0.0211324666937289,0.965958559856316,0.00692260590164352,0.00552745922744915,0.000254639639523817,3.83899795742309e-05,1.30365462266624e-05,2.67906232370455e-08,3
"19935",2.22743962090745e-06,0.133655199971028,0.340141078000532,0.468882092906597,0.00227196828016419,0.00151716082525112,0.0531832365153931,0.000103003027200891,0.000244033034212938,4
"19937",0.000141597340653533,0.0615299707936993,0.00235593935837763,0.929536654893193,7.79111876293028e-07,0.00026566638383229,0.00616891906040719,1.54455285380798e-07,3.18602675682939e-07,4
"19939",3.13412595360421e-05,0.457444542657392,0.00184624415855923,0.318713750095151,6.84025607047265e-06,0.111202293491107,0.110687454419093,6.59597208879399e-05,1.57394220315997e-06,2
"19941",8.53801130298599e-06,0.00274047914059882,0.931609071481401,8.89160550727682e-05,0.0460834470650881,8.98456992105533e-06,6.70929319994939e-06,0.0193753863930798,7.84679903356514e-05,3
"19943",8.93250779330537e-08,0.0530739594157595,1.54141249071508e-06,4.60367792863296e-06,8.15258054712431e-09,1.36135960764989e-06,3.21289816861339e-07,0.946918064384054,5.0982684526136e-08,8
"19945",0.0005011318507802,0.00180620733456283,0.971018432446825,0.00324514618045991,0.0187892418595091,0.00121650826922288,0.00342275625801757,5.61908824650155e-07,1.38917984665691e-08,3
"19947",2.24954075647694e-05,0.0197539770125469,0.191795777281066,0.000483188707917996,0.00194022237120892,0.00693555234873564,2.18095108500649e-06,0.76152745344841,0.0175391524714642,8
"19949",0.000864854203547139,0.000543882961562181,0.00491311357785907,0.0175383408459316,0.0023158647229878,0.0443096446951276,0.929514233829943,1.3442011144467e-08,5.17210299514025e-08,7
"19951",3.61784300559973e-06,0.834281538020279,0.000797891284981054,0.00446071325868406,1.75541698794885e-05,0.00334887906747401,0.0490934292475504,0.107994470420219,1.90668792665592e-06,2
"19953",0.941035118931648,3.39563930544629e-06,0.0298140471947631,0.000178350090499465,0.0277522184578154,0.000574647799536644,0.000642217551583593,7.93346657707174e-10,3.5415023283039e-09,1
"19955",0.0251743578145979,2.75125021464252e-05,0.471842504182503,0.000521776290502466,0.17367385999789,0.246297262901331,0.0824567120571869,2.76818330181238e-07,5.73743551236492e-06,3
"19957",0.00102758109818699,0.589476273407533,0.0114205853921894,0.00249398196420497,4.33439369058638e-06,0.000608609014198662,3.73019313527962e-05,0.394921220796991,1.01120016524066e-05,2
"19960",1.44376502859402e-05,0.000213648093717498,0.671619414988269,0.000115967626739698,0.158396852899438,0.169497204607978,2.99059126663561e-05,9.21643776983717e-05,2.04038432070318e-05,3
"19963",0.023689649794627,0.00128809212096401,2.36911751081303e-05,1.31452073840903e-06,2.24216545192453e-05,2.72687848014576e-07,4.35514191280847e-06,0.974955562873367,1.46400309155322e-05,8
"19965",6.8277765606731e-05,3.08376432418396e-07,0.126794772830745,9.18683164617368e-05,0.778078924108699,0.0653836983714289,0.0295582845424846,1.76302148804571e-09,2.3863925119672e-05,5
"19968",7.04194437393983e-10,0.0320613928033613,0.00175804164876167,0.0011826543884493,3.37886802464568e-05,7.57261102624947e-06,1.74156104430429e-05,0.747208830436663,0.217730303116855,8
"19971",0.000128324197269748,9.79540822339944e-05,6.92977714728337e-06,5.46784620942486e-09,5.49800084681011e-05,0.000125200600118097,6.03827312480434e-08,0.999586484005901,6.14782845099494e-08,8
"19973",2.15436032822732e-07,0.686652968888184,0.00200333614501699,0.310066059358782,2.17518525013583e-07,6.28171715416094e-05,0.00103875363893812,0.00016701927581931,8.6125671600484e-06,2
"19975",8.78412867349333e-09,0.437795772794685,0.000165763325131098,0.000783079422692916,2.33049206060733e-07,1.34365017349574e-05,4.13056194693613e-05,0.561184677645495,1.57228574567431e-05,8
"19977",5.96336571186371e-06,0.00308537018880594,4.04106358131408e-06,3.64441577221716e-06,2.97003593374427e-06,5.86407452718696e-05,0.000309986602323646,0.996487227469094,4.21561135057422e-05,8
"19979",4.5829673817712e-05,1.11476178379311e-07,0.0688338911036557,9.12017530534295e-09,0.930777174708199,0.000342779636487779,5.23400968631077e-08,1.51879467401971e-07,6.19220084156352e-11,5
"19981",6.26994368474121e-06,0.0639302350954778,0.476921568790301,0.458193127809846,2.4938440712607e-05,0.000381402875315988,0.000325958748324485,1.37858744831888e-05,0.000202712421853855,3
"19983",2.91106511595855e-05,0.0131799129088858,0.150716391980922,0.66557486941315,0.00010830162876415,0.135254838895392,0.0350192361406728,6.42314736046614e-07,0.000116696066317471,4
"19985",4.10140290078667e-08,0.916040385160957,1.3109595640597e-05,0.00446627833851026,3.06456732415614e-09,6.02886142384891e-06,7.16594630750851e-05,0.079396142796829,6.3517049673519e-06,2
"19987",2.77429888822568e-05,0.653827065351339,0.306137825495597,0.0372340561440222,0.000212567013560847,0.000258679078718401,7.37285076928149e-05,0.00222766378740318,6.71632784042695e-07,2
"19989",0.00132009841457707,8.51051717945952e-08,0.0842275704152134,1.55711571941567e-06,0.914151935934516,0.000284363421320085,1.43894109946268e-05,9.54139735093882e-11,8.7073120607289e-11,5
"19993",8.47612591451412e-05,0.176923978349038,0.0512515592799511,0.00805478260883292,0.0122458231063664,0.686444291933105,0.0639001464404469,0.00109455662464383,1.00398470637579e-07,6
"19995",8.40328166031478e-05,0.0630471733148692,0.804601927914063,0.0119595637977536,0.070737670381781,0.0144319501685111,0.0345171257236244,0.000619155122047554,1.40076074656296e-06,3
"19997",1.16720441991502e-06,0.764444981257591,0.000457133182967405,0.232179177621746,6.25813053591172e-08,9.62955511484869e-06,0.00259376380585415,0.000305992255408883,8.09253559323658e-06,2
"19999",3.12524789639228e-08,0.820108877685911,7.95247313027863e-05,0.177842623345583,2.27009823039861e-09,1.99473294527129e-06,6.477027097946e-05,0.00170055892950668,0.000201616781194542,2
"20002",1.41526004966576e-07,0.000442690776486464,1.80489248067474e-05,1.28975231937152e-05,1.54992283165726e-05,5.69144664493621e-09,1.28061087893912e-06,0.596316856109455,0.403192579609411,8
"20004",4.28333807759758e-06,0.00542504050830004,0.98446380319142,0.00294931428516704,0.00693333114680027,8.47748405244676e-06,4.47603491625324e-06,0.000184722589403064,2.65514218633233e-05,3
"20006",0.00029317692528107,0.000263956405940695,0.174047712037214,0.000594008841998481,0.0348890047914172,0.783077738233488,0.00612961448067407,0.000122480263634062,0.000582308020352209,6
"20008",0.000139955265828539,2.92447095593198e-05,0.00116289059595219,8.66170432028948e-05,0.0280086573291125,0.00233636395704473,0.968231744699342,2.05985456653792e-06,2.46654539099378e-06,7
"20010",0.0182952990603698,0.000495342502823972,0.321345101004397,0.00156912329984046,0.118628320859917,0.41580832160871,0.123858385308346,1.04719838945229e-07,1.63575663399704e-09,6
"20012",3.32788041182485e-08,0.706265627155863,6.53965060619842e-05,0.0222037646300515,4.49592127146034e-07,0.000380179022774774,0.000994330030546119,0.264322476859212,0.00576774292455995,2
"20015",2.29710529997308e-07,5.22153445881534e-08,0.0338026534230842,1.05570869045671e-06,0.963092356441488,0.00301314760959045,9.03766237004193e-05,2.25969546674962e-09,1.26007876648629e-07,5
"20017",7.09120687573289e-08,0.633199520102032,0.000551885271979481,0.364415753812262,1.21471908540879e-08,8.51973049004611e-06,6.17631379505735e-05,0.00098738522596311,0.000775089660063497,2
"20019",9.93416499813585e-05,5.09807457713738e-10,0.00233657059211812,8.2634699890795e-10,0.996061311093911,0.00150145394498936,1.32122157066083e-06,1.56825358889135e-10,4.44948306133936e-12,5
"20022",0.000436911553348254,5.94209199384336e-05,0.920478740497154,0.000189497741492762,0.057460919415977,0.0210327890690223,0.000341686792591831,3.24747185557089e-08,1.53575707625317e-09,3
"20024",0.335573171876866,4.78417686985756e-08,0.0143456047123203,6.4298344065709e-07,0.64760056244507,0.00247086105768057,9.08304306292431e-06,5.26471330778721e-09,2.07750780264137e-08,5
"20026",0.335573171876866,4.78417686985756e-08,0.0143456047123203,6.4298344065709e-07,0.64760056244507,0.00247086105768057,9.08304306292431e-06,5.26471330778721e-09,2.07750780264137e-08,5
"20028",1.55088475056833e-07,0.942930311440531,4.49327873994502e-05,0.0535828237543936,3.76581143567529e-09,2.46997876615066e-07,5.09477940803688e-05,0.00337651024734835,1.40681240839184e-05,2
"20030",1.35336563788841e-06,1.58655340799171e-05,0.492765419596591,3.15645412984673e-06,0.507119043798338,4.59065338970597e-05,5.71933515196621e-07,4.60299132920696e-05,2.6528705183504e-06,5
"20033",6.55601070884228e-07,0.964399020108257,0.00616863104342875,0.0208539614947372,1.22358993966497e-06,7.82515081919097e-05,2.2581243153536e-05,0.00847227011068941,3.40530053233336e-06,2
"20035",0.000207487774667926,1.97571373032738e-09,0.00362846598094508,6.06038887180912e-09,0.987812605218495,0.0083504521093578,9.80692041081132e-07,1.7305645271578e-10,1.53335506828541e-11,5
"20037",2.05637455518563e-05,3.44988294409628e-10,0.00674353531816165,4.2874266285155e-08,0.992145924587252,0.00105956365591924,3.03687309752901e-05,3.00583656191247e-12,7.39879258179085e-10,5
"20039",0.999545928826413,2.93404748609264e-10,1.26017167892029e-06,1.16228134026045e-08,0.000316766338401999,0.000134813957638102,1.21878012966346e-06,1.74047008555236e-12,7.78013515547566e-12,1
"20041",0.000355811729892418,0.000519729496308508,0.00530906480033454,0.00131560270966372,0.000125780765061625,0.970078672452053,0.0222933050671925,1.47912077544341e-06,5.53858718265862e-07,6
"20044",0.000782608009398269,0.0023752742606466,0.0100230054970804,0.00101938546696,0.000319629403092872,0.98360901043906,0.00182862869174787,4.14887464616031e-05,9.69485552525253e-07,6
"20047",0.000337467828452618,7.15506501249525e-10,0.00303560197517916,9.9537137242901e-11,0.996504638527268,0.000122236529044661,4.95131523929105e-08,4.8081206132788e-09,3.73902701231607e-12,5
"20050",0.353791603182998,0.000736146122494167,0.00527846562564343,0.000173273962075546,0.032586782916367,0.464750578011944,0.142682128209719,1.02190013653527e-06,6.86220011050467e-11,6
"20052",0.000557361106102789,0.882071989370301,0.0659708015805851,0.0278348117773164,0.000120603529291211,0.00498437223066627,0.0168870984279494,0.00157291544931142,4.65284758870378e-08,2
"20054",1.71636823883438e-07,6.74372396448121e-06,0.895078739865487,2.41571350685755e-05,0.103175205645174,0.00170619845551575,2.91261482548965e-06,5.3381908932289e-07,5.33710405133467e-06,3
"20056",6.91363267430766e-07,0.0468567680211588,6.94393998527257e-05,1.05704493655259e-05,7.35071367802655e-06,6.57909706832145e-07,2.85802558967078e-06,0.953051520539776,1.43577604714847e-07,8
"20058",0.000341808896566831,2.80058464554965e-08,0.102311172405686,3.07416336285948e-06,0.896656351225675,0.000662365605531272,2.5197975552551e-05,2.38601720796307e-11,1.69791882129233e-09,5
"20060",1.15497882826928e-05,0.219642049612597,0.00489943712954734,0.770669921654108,6.04991554546357e-06,0.00013835693517971,0.00462268813231942,7.10677302967765e-06,2.84005939149197e-06,4
"20062",1.02153984175895e-05,0.0735657043848493,0.0198951425520201,0.456818956387111,9.99899345719763e-05,0.015017181099546,0.434585498336612,3.09032014347372e-06,4.22158672861693e-06,4
"20064",9.53880959765022e-06,0.0011837717899867,0.983946905402068,0.000282956390820374,0.0141880774169956,0.000360528595690751,2.40997162836653e-05,4.11495105525464e-06,6.92750232290237e-09,3
"20066",2.26298963093975e-06,5.43957993551928e-07,0.106449987884807,1.29872443495249e-07,0.893398339964154,0.000145013598304191,1.93053846635172e-08,3.45175636820695e-06,2.50670913895063e-07,5
"20068",4.52815403428003e-07,0.0254544394283775,0.000310409489930267,0.960702860200043,6.92040891249185e-08,0.000116990634988647,0.0132878951782021,5.41329642291416e-07,0.000126341719323091,4
"20070",0.000198300525423995,0.0338290629875124,0.000480790714519042,0.827877656117854,3.44554880161524e-07,0.000117793476075621,0.137489624786632,3.36015127123034e-07,6.09082197609391e-06,4
"20072",8.20709528151663e-06,6.26793383873936e-07,0.367382560268368,0.000966112639780208,0.607774052361732,0.0189469125867444,0.00121366574171996,2.161224335502e-09,0.00370786035176536,5
"20074",1.77510321770039e-10,0.000453081123471343,1.04439197381433e-08,1.74497401245324e-07,3.41352535301801e-10,3.84259099589813e-09,3.90183723946159e-08,0.999417873292242,0.000128817263139804,8
"20076",1.8866942703689e-08,0.0586217709877889,0.0467811766283087,0.00404581449255794,0.000105507785862904,0.000228806340680407,5.19253551860664e-05,0.549679761109039,0.340485218433633,8
"20078",0.000608216468097243,0.000901046756725132,0.9725821091034,0.000732025828648308,0.0230368136633905,0.000661422210355327,0.00147501508501527,3.30238763108189e-06,4.84967368596224e-08,3
"20080",0.000123387211858834,2.04939908792094e-08,0.021808626735265,1.66966422987135e-08,0.975864468859784,0.00220119851323636,2.28068889752819e-06,7.97480867271716e-10,2.84398284315121e-12,5
"20082",0.998366238054466,1.82968031345521e-07,0.000226024276077194,9.49280738355766e-08,0.0013509990605817,5.60975136508677e-05,3.61795379847639e-07,1.40293961639308e-09,7.98977591980995e-13,1
"20084",0.00469683663437624,0.00713951554172735,0.932982836438886,4.44457350790896e-05,0.0476791638927776,0.000898117595419027,7.38093245161669e-05,0.00648524529370755,2.95435109040581e-08,3
"20087",0.00023065846715243,6.87160343402858e-05,0.718287511281975,0.00902769589913409,0.106556782827641,0.00332974014428358,0.162493703990036,1.42632618604206e-08,5.17709217625109e-06,3
"20090",0.00257342094574423,2.62884937254718e-07,0.00683862150707828,2.00996284484203e-07,0.766724828287237,0.223386358939145,0.000476302733133608,3.70112946516589e-09,5.31103596636386e-12,5
"20092",0.661902023259915,3.99247505886014e-05,0.0163500255395641,0.0917928445055393,0.000359707940759152,0.0105852024910506,0.21889655103207,8.94366834165477e-10,7.37195861460116e-05,1
"20096",0.637349104137678,0.138705931101859,0.0297857989291718,0.0330863710386563,0.000106643369039695,0.00989969362012479,0.150421417371264,0.000643778108683519,1.26232352333653e-06,1
"20098",1.12059319446205e-06,0.982802510470302,0.000702102595047339,0.0117888865866632,2.1772315342693e-07,8.48728762876344e-05,2.93146914143419e-05,0.00459073894264684,2.35521290791477e-07,2
"20101",0.000487358802758702,4.45709946252515e-05,0.236679689415626,5.49756709230493e-07,0.755912359592859,0.00681315276599299,1.91174280874702e-05,4.32008779349551e-05,3.65407117581647e-10,5
"20104",0.0936760023103748,0.0259543852280061,0.000911197610666313,0.682172294960985,4.68113209719359e-07,0.000110189686979898,0.0030104239977967,0.000108278707629501,0.194056759384352,4
"20106",1.74691013616947e-05,0.000208050153378932,0.397611762623002,1.40968512081784e-05,0.495003409245,0.106935151076888,0.000199734410689679,1.03251397064164e-05,1.39876518847869e-09,5
"20108",6.23005288979283e-07,0.769110301799673,0.00815599202070789,0.221765796008232,1.00553665284553e-06,1.81945781237391e-06,0.00011633966863964,0.000811871245417108,3.62512575769832e-05,2
"20110",0.126407897873478,0.487446640260144,0.00241856213888229,0.0045684006221604,0.00012216003669854,0.0652028851853896,0.302426232351443,0.0114072012567892,2.02750149554276e-08,2
"20112",0.00568272339395754,0.000979118418488798,0.113346009403263,0.000640450958984411,0.35819387771565,0.439326620757459,0.0818299973745555,1.19926268268828e-06,2.71495873524288e-09,6
"20114",0.000227454913022941,0.0185032803576671,0.970379092404789,0.000195919443541561,0.00602712376878839,6.576102358576e-05,2.0539814636206e-06,0.00459921731635423,9.6790787550426e-08,3
"20116",5.59830440031187e-07,0.0015437464478603,0.972104677955917,3.81466157059512e-05,0.0220831128142642,0.000408435491291139,1.3597515083135e-06,0.00381291133243315,7.04976057954345e-06,3
"20118",7.17773392468997e-05,0.514618794884487,0.469008479960838,0.0124537835716174,0.000157176221408954,0.000618981110877852,6.72562736773027e-05,0.00300356090801972,1.89729826163508e-07,2
"20120",0.0186699122400549,0.00476282258042041,0.43075661201687,7.29197138563218e-05,0.296722869937515,0.248745489382563,0.000145754127397483,0.000123619817149477,1.84173785695268e-10,3
"20122",4.49109691207114e-09,0.0314111724667611,1.94822532143516e-05,1.24053249916831e-05,1.87579960066721e-08,3.57618950398384e-07,9.61323837494464e-08,0.968550362050967,6.10090363899254e-06,8
"20124",0.000976175251031497,2.05849592083817e-08,0.234701542891388,1.86659018325118e-06,0.761691081000199,0.002508535375533,0.000120753642152372,1.24014838901252e-10,2.45405385788167e-08,5
"20126",0.996816698604462,2.64731731220998e-08,0.000666335175726016,6.64740397535848e-08,0.00181860002114906,0.000697589712291176,6.36082238790162e-07,2.84671700159456e-08,1.8989750028985e-08,1
"20128",0.188094174398153,5.91680250800923e-11,0.00043065880657425,3.17068175224846e-10,0.810652773440446,0.000820782055188902,1.61069000107816e-06,1.30375177304493e-10,1.03025998503783e-10,5
"20141",0.0316881612414515,0.87119421516612,0.00131801621732945,0.0904264014138959,9.69805765168222e-08,8.15039905146771e-05,3.87599183148482e-05,0.00523649227018046,1.63528016164732e-05,2
"20143",3.07625276918774e-10,0.000569806513361091,1.50831628110723e-08,4.49819474385419e-08,3.61128711461992e-10,2.08638241613376e-09,2.24633255400948e-09,0.999428355771258,1.77264880156962e-06,8
"20145",0.00240015640192536,0.000509815718142388,0.805194939580992,0.000297317756801206,0.150290026521632,0.0406263172053119,0.000681228786852568,1.97922529278026e-07,1.05812746787323e-10,3
"20147",2.38731970196026e-05,4.0834798759251e-05,0.938293999350884,2.67127778384094e-05,0.0592334299208244,0.00235958380790062,2.14085178466827e-05,1.56478841074809e-07,1.15008640919152e-09,3
"20149",1.15669183675449e-08,0.0376008347758725,1.69643251584665e-06,1.18540665118569e-05,2.18966896268524e-09,1.67468832453943e-07,4.36385505583406e-07,0.962381906965925,3.09014824902987e-06,8
"20151",6.51970772033331e-07,0.970700094765083,0.000841946655008961,0.0263875344332744,5.84413100127345e-07,3.54472993721796e-05,0.000298327376718,0.00173517621015856,2.36876512927668e-07,2
"20153",0.00231545132010264,0.970647569214823,0.000504705369216245,0.00132047294673307,8.84151906632802e-06,0.000526857990268067,0.000777347046161851,0.0238987530453506,1.54827827828175e-09,2
"20155",2.72479207764516e-05,2.25049594088371e-06,0.223608902005877,7.17905250537929e-06,0.260907143162243,0.515022476080096,0.000424768432789451,2.56593053980168e-08,7.19046591443456e-09,6
"20157",1.54011291906979e-06,0.977322482241783,0.000166656241288139,0.00512683164042947,2.25493496491719e-07,4.31780831624722e-06,1.61216255967021e-05,0.0173616663177964,1.58518374461543e-07,2
"20160",1.15366423450216e-09,0.00134665786206078,5.11192171175887e-08,6.8027655739646e-08,1.00901814161978e-09,5.15463399840387e-09,4.38996611847956e-09,0.99865295782575,2.53458033478424e-07,8
"20162",5.76173544027497e-09,0.185051209273083,1.15321038085091e-06,8.87802288893958e-05,9.04701591700426e-10,8.60705268630933e-08,4.00824614389878e-07,0.814854055060474,4.3086655946716e-06,8
"20164",7.26674997965869e-06,0.636690687672201,0.000108685328572419,0.000958930894289651,1.78455510821191e-06,0.000124620105210544,0.00180012150826248,0.360307173370982,7.29815394656718e-07,2
"20166",5.95562638171697e-07,1.53354817345839e-05,0.10066792734772,1.86491195123119e-06,0.898165508494004,0.000210621869287016,4.86465735639742e-06,0.000834664429484196,9.86172458241766e-05,5
"20168",1.48586641406716e-08,8.95947074895477e-07,0.000123986468247399,1.18103351962349e-06,0.00033407370154922,3.8323276711852e-07,2.66422472605536e-06,0.000684202640324051,0.998852597893127,9
"20170",6.58442369393314e-06,0.98455721510964,0.00107025233592213,0.00682193205628625,9.84005758563024e-08,3.68638986910905e-05,1.94717484855605e-05,0.00748750002406172,8.20026431289595e-08,2
"20172",0.000389044193164441,7.43563871225147e-06,0.924586943939552,0.00033550586116467,0.0676804967482183,0.00691219280654059,8.83788517412782e-05,3.30801781636031e-10,1.63010486474944e-09,3
"20174",7.20523101489924e-09,0.6893968364935,7.57240075527487e-05,0.196545362967973,5.79001196551957e-09,1.36380082646244e-06,2.84950144989928e-05,0.0263997394181128,0.0875524653022933,2
"20176",1.44883474505999e-09,7.81308966466556e-07,2.96473799299608e-05,5.05579003112719e-05,6.90775223375139e-06,1.41387591327254e-07,1.17357869184979e-05,9.2163021641254e-07,0.999899305404998,9
"20178",2.00740796927525e-09,0.00071308832146622,3.19975221174003e-08,2.37036649033497e-08,1.34008269671719e-09,8.37399799435186e-09,3.06111057618866e-09,0.999286742221279,9.89734686106742e-08,8
"20181",1.73802388337689e-06,0.000138207044138034,0.44804312636024,1.05912774801491e-06,0.546871528368081,0.000389052848327342,3.29954213910603e-07,0.00455438175514575,5.76518222324956e-07,5
"20183",0.000871341431262915,0.0299232864437526,0.0448868640589395,0.918357078039142,1.55483442673563e-05,0.000909540644058802,0.00503588546832084,8.06757757450787e-08,3.74894480779879e-07,4
"20186",0.000511969347130017,0.000176903113408104,0.0104894091310934,0.948471069065513,5.46255343796662e-05,0.00031927921697257,0.0398865907669572,2.23661029936749e-10,9.01536008850519e-05,4
"20188",6.13390027060136e-09,0.0137024536971187,1.26608264094815e-07,1.27975114008983e-06,1.71048795224913e-09,2.07504932563974e-08,1.15161571931132e-07,0.986295768180386,2.28006637420469e-07,8
"20190",2.67319762187723e-06,7.04683989666772e-07,0.121401885064365,1.21085715775136e-06,0.876988113261782,0.00160155608108603,3.82773112813961e-06,2.53905987568027e-08,3.73227110866451e-09,5
"20193",2.47237190238883e-08,0.0002385350782915,1.82815682706146e-05,1.0188389863969e-06,0.000199336026647676,3.57045880153793e-06,8.50496092212932e-05,0.991194647285406,0.00825953641065607,8
"20195",3.47193329208889e-06,0.892507571773678,0.00113817119216557,0.00226448183541662,1.77104943764202e-05,0.000678454838939204,0.00191317707858353,0.101476590403961,3.70449586858299e-07,2
"20197",0.000156705726380459,1.0116110012276e-05,0.744127705997534,0.000270840380228826,0.201115785383275,0.0519280720063504,0.00239076315063672,1.81937715551734e-09,9.42620508928636e-09,3
"20199",1.55366644111906e-06,0.844461681146705,1.59871895819464e-05,0.000883204673305845,8.02789091648399e-09,9.76871779840098e-06,3.01280568343871e-05,0.154597474896323,1.93625119380168e-07,2
"20205",0.998934250509854,1.17310528333157e-07,6.44801086527764e-06,8.26786556074856e-07,2.62949555162713e-05,0.000993997557630319,3.80648113143003e-05,5.34605119892855e-11,4.27528607249644e-12,1
"20208",3.05856617802355e-06,0.828474880052618,0.010961904242185,0.157741157497007,9.63693275816579e-06,0.000995796159247429,0.00114329197600969,0.000663366219934254,6.90835406227204e-06,2
"20210",3.0627332737165e-08,0.50056206266289,4.70705160319885e-06,0.000297932800237211,3.39720710860664e-09,6.20325670548723e-07,1.49096288559047e-06,0.499131842891894,1.30928027970789e-06,2
"20212",7.35478313080851e-07,0.885104533328564,0.00017368206066827,0.00195743417947034,6.78038724933916e-07,5.59918275174711e-05,0.000100898767436168,0.112605237935402,8.08383904075266e-07,2
"20216",1.07283541056905e-05,0.000147562859981022,0.923625523625656,5.08754735980832e-05,0.0738041546520782,0.00235572217652494,1.5877053267819e-06,3.81403748495017e-06,3.11152443728393e-08,3
"20219",0.748720297073951,0.00076347177903427,0.160958998283292,0.000128176177689308,0.068054147013368,0.0119260603757571,0.00944491110034327,3.93792873564124e-06,2.67828731098134e-10,1
"20223",8.79148520922975e-06,3.0058822070722e-10,0.00295976387000284,1.13258821796865e-06,0.99614021820205,0.000328780172864102,0.000353178569306295,1.82033949770727e-11,0.00020813479355785,5
"20226",0.000179391780313634,0.0157648772547937,0.00223550574488112,0.00669474224182594,0.000340240701951018,0.397819301705159,0.576955278417784,1.06370863646118e-05,2.50669266131765e-08,7
"20230",1.11059574965311e-05,6.72540307664309e-08,0.0471757227822962,3.84758619361802e-07,0.952541803906656,0.00026888194385519,2.03033325828284e-06,1.41142711539701e-09,1.65236057429177e-09,5
"20233",0.99948933030307,9.97506128298042e-05,3.08993051125446e-07,0.000123945261647012,2.251007655508e-08,2.5741298254336e-06,0.00028363235177072,4.1077523105696e-07,2.5062498691449e-08,1
"20235",0.0174027287018277,1.15745368489691e-07,0.119324626045612,0.000166753509827299,0.739016862177888,0.104729855650824,0.0193039226902771,2.75238525993738e-10,5.51352031366031e-05,5
"20239",0.000208912269474566,2.30055215099461e-05,0.524355035718623,0.00545595956363919,0.16535024258724,0.0210667545779794,0.282431351495293,1.00861538194139e-07,0.00110863740470305,3
"20254",0.995655857432926,1.79865986285224e-08,0.000132636271006319,2.13364150967486e-08,0.00373608786674941,0.00047432643834692,1.05255061477628e-06,1.17203487580229e-10,1.39553625163857e-13,1
"20256",9.4547738367878e-05,8.15945175743032e-08,0.749943824527409,8.78297099786327e-06,0.248344221089472,0.00159333592675655,1.51486218176454e-05,1.63580730665531e-10,5.7367080638774e-08,3
"20262",3.66112619125682e-07,0.972793275405899,0.000280062236296399,0.00294012047448607,6.4866220670941e-08,9.04328632757887e-06,7.20639538009358e-06,0.0239697388328322,1.22389938402197e-07,2
"20270",6.60153480525607e-06,0.00429549857975322,0.371339323455713,0.00283488838145852,0.6172101915879,8.79433747438018e-05,0.00105453183343264,0.00154194537969795,0.00162907587249569,5
"20284",0.63131158109425,0.0248966772074503,0.010757532548813,0.21229003093849,0.000422423112895974,0.00498736610780443,0.115334087375069,2.78905566350028e-07,2.2709661914179e-08,1
"20287",2.59139778695675e-06,1.23046949951641e-10,0.0014964996685648,6.81038614540732e-09,0.997424724808852,0.00105976299651486,1.64109883306711e-05,1.43224746229681e-11,3.19219471863581e-09,5
"20290",0.98898780778851,0.000442458584069145,0.000187277345853115,5.22798732865798e-05,0.000220025237392414,0.00988697236698677,0.000222559128859202,6.19664453307082e-07,1.0589309914174e-11,1
"20293",0.000194127561068659,0.000142821314856104,0.995916397739772,0.000831682125542533,0.00251246586890292,0.000394235943396095,8.22432303096188e-06,3.17504907838743e-08,1.33729402749063e-08,3
"20296",2.2268953039381e-08,0.581967236097789,0.0630325903244058,0.0311229890348277,8.52307345151251e-05,6.27027577602381e-05,0.000732478215241934,0.310510471507841,0.012486279058666,2
"20301",3.32778148547339e-06,3.81676987990311e-09,0.000205700114857617,1.35888525928931e-10,0.999334709907447,0.000453176734317147,2.31748600953608e-06,7.63374636529109e-07,6.4858827607563e-10,5
"20304",0.998548498170362,3.47506582991599e-07,0.000921893345311711,2.55483075530621e-07,0.000467475283619808,6.14595198387647e-05,6.87754831027384e-08,1.91306380265532e-09,2.66196364577596e-12,1
"20306",0.000550915455676867,1.53642166907525e-08,0.0538099672192865,1.65539562463671e-06,0.945439206289734,0.000153139199458838,4.50995596742864e-05,1.94133060142132e-11,1.49691496713334e-09,5
"20309",0.000962038122719859,0.0131469153945381,0.394853896203359,0.0230746192448163,0.00984985270585165,0.555185712854816,0.00292496924709459,1.91185086341203e-06,8.4375941749906e-08,6
"20311",0.000330437079662104,0.000462901817223362,0.862989791338942,0.000109758430354957,0.135231211303751,0.000403179839679586,0.000422923243221638,4.95970980635223e-05,1.99849102409597e-07,3
"20314",1.63570340097152e-05,0.951520593471295,0.012553962173873,0.0348128952293859,6.33489744686823e-06,0.00028247223733717,0.00025230878015367,0.000555042438760342,3.37377382820223e-08,2
"20318",6.47799742515409e-09,0.00124360816886391,1.71259235557375e-06,2.30455634705323e-07,4.33918462612039e-07,5.71861368668041e-09,3.30717759560955e-08,0.998752026086369,1.94350992667782e-06,8
"20320",0.00127801805360499,0.123855100920681,0.00077171349492144,0.116586367691061,2.88961002093394e-05,0.0348965035913161,0.722508400839435,7.30665626299935e-05,1.93274614177406e-06,7
"20326",3.92433362229692e-05,0.957686278021275,0.0160922509627597,0.0244691987067654,8.09979247675096e-06,0.000103123994083872,0.000126570307106358,0.00147515316251823,8.17167913730977e-08,2
"20328",0.00120924107201099,0.0232443912216298,0.00210891213127808,0.728500600167354,9.5310625119083e-06,0.00681366348279738,0.238113080186067,9.54539679450151e-08,4.85222382480472e-07,4
"20330",0.0021287382374003,6.06884371038404e-06,0.0225010809876883,6.04740875205417e-05,0.109008703450512,0.536312507768164,0.329982190460084,7.69841766044705e-08,1.59180743336948e-07,6
"20336",0.98352635534773,0.000246561233350515,0.0116351977187783,0.00264451020560034,0.000173422494554664,0.00157058162864752,0.000203367930395385,3.2217496461072e-09,2.1919337312673e-10,1
"20338",0.968794976788722,0.000244632224017022,0.0094268587384325,1.25411987399001e-05,0.000905600289864796,0.0204819261031998,0.000125702707086816,7.76168847054655e-06,2.61466967539563e-10,1
"20340",8.22750784749943e-05,1.52631736465919e-08,0.0571704517122862,1.14996603570132e-07,0.941348785703751,0.00139669448683399,1.65434879631198e-06,1.64578184318357e-09,6.76429856005224e-09,5
"20342",0.846526323151307,1.52402945236701e-05,6.00438341635409e-06,6.23601482004177e-06,0.000512917586162613,0.000227950509611273,0.152579756786349,0.000115012566133688,1.05587076758919e-05,1
"20344",0.000315692406700026,2.0147521468371e-05,0.665350258386668,0.000314232624146429,0.333556537029407,0.000361143768444127,8.19422869455601e-05,9.96961560409431e-09,3.60066057764921e-08,3
"20349",5.77317515891547e-05,5.93137355299524e-08,0.321053560512907,5.96822482732048e-06,0.678818081630642,5.56741359855983e-05,8.90405678272787e-06,1.02154207878449e-10,2.02713769569916e-08,5
"20351",0.00222466845330661,0.00186223851664694,0.897216439802052,0.00066051435147723,0.00615478954006324,0.0918565934739349,1.4498201203775e-05,1.02195726318663e-05,3.80886835072988e-08,3
"20353",0.00374465107781155,5.43508981780286e-07,0.00747336038715696,9.91179405179302e-06,0.0702357605388835,0.907679634127171,0.0108561378684817,3.45433478835044e-10,3.52027915171935e-10,6
"20357",0.997753605108359,1.48887619065746e-08,1.91787237516247e-05,8.86153966431062e-07,0.000518509691588712,0.00148138966346254,0.000226415762963184,2.74208504080419e-12,4.40447619886233e-12,1
"20360",0.355234572387909,1.41300947064256e-06,0.000342388152879387,6.3629074114076e-05,0.00755553576310921,0.221365483626722,0.415253166023596,2.0122016388375e-07,0.00018361074203603,7
