"","V1","V2","V3","V4","V5","V6","V7","V8","V9","V10","result$classification"
"19812",0.165122611387265,0.000564174736307551,0.70481433893555,0.000368916392012672,2.50593537664955e-07,8.7837706367622e-06,0.128898531009425,7.72762040798599e-07,0.000101485345465836,0.00012013506775836,3
"19814",0.0145710084092373,7.14996361726443e-07,0.981238942383022,3.09361620390564e-05,5.92493339170385e-09,2.64211235966717e-06,0.00189237839494848,0.00226007193311975,1.13312764713131e-06,2.16655633097968e-06,3
"19816",0.678306953365918,0.0216651019783979,0.00406639579326877,0.270645957750952,1.84240907185226e-07,1.71920567876906e-06,0.0253054710980443,5.62299945428214e-07,7.6492071464773e-06,5.05974103520979e-09,1
"19818",0.680465208863135,1.97129975705436e-05,0.311944468530329,0.000707077288090206,2.0276283845797e-08,1.19531278774326e-05,0.00049052341628073,0.00635532305164465,3.35074987209933e-06,2.3616989169069e-06,1
"19820",0.00101508321530425,0.000143243028192813,1.95099267734688e-09,0.998669846489239,6.90083449930527e-08,6.17825665752741e-12,2.52888645311697e-05,9.20316585833908e-11,0.000146467258026858,8.71588731515577e-11,4
"19822",0.0017216544963187,0.00175661912049123,1.77398266132746e-07,0.841096555248655,0.00138694887429203,6.15925975295205e-10,0.00721698062575275,6.05759117562922e-07,0.146817488711037,2.96915014346153e-06,4
"19824",0.381051546675243,0.158557132817304,0.000100854459945235,0.458952199426478,1.89770143276278e-06,2.811787490412e-06,3.41693910373472e-06,0.00127175630549693,5.82412738850918e-05,1.42613620388571e-07,4
"19826",0.0345368802831165,0.051323339500433,0.739437484230387,0.00108292941750415,1.92107914002988e-05,0.00144247369884259,0.17213802397371,1.76257365939049e-05,8.92212579900164e-07,1.14015543306632e-06,3
"19828",0.32283860650686,4.78340092099786e-05,5.08529963696402e-05,0.675735495928174,3.07859461492039e-09,4.03815606735892e-09,0.000380238932069245,9.20936769847901e-07,0.000945953099362714,9.04744334886236e-08,4
"19830",0.00620394547797475,3.30955044047405e-05,0.919523912814238,7.82490975211628e-07,0.000398241535479686,0.00101979095267054,0.0694862226689039,6.50136198535504e-05,5.42577405971704e-06,0.00326356916144003,3
"19832",0.0752646741408423,0.000839278648827029,0.133841993038852,0.0109336862321457,4.458907333636e-06,1.07246700012137e-07,0.0741839852800736,8.44419612615566e-07,0.669721124337837,0.0352098477477759,9
"19834",0.138706946277964,8.88517335167826e-06,0.00438607930360794,0.0411721622639742,0.000114489400941594,1.947463627808e-08,0.811258594555207,4.16097166267479e-05,0.00430739629850161,3.81753518978128e-06,7
"19836",0.686650740042972,0.269264688857207,0.0393467979400114,0.00106855752363875,1.46254520552722e-06,0.00139610879480658,0.00224877653543673,1.17615107207782e-07,3.8017971500051e-06,1.89483484652588e-05,1
"19838",0.000318557111899036,1.05536538378685e-07,0.998188236490825,1.37991275732268e-07,1.01187812858209e-08,6.65117885241224e-06,0.00117633169112846,0.000224960694078309,7.78161523930904e-07,8.42310250968687e-05,3
"19840",0.0901655533551722,0.00386222675677133,0.0122762257380164,0.0339398698206212,0.000200111151503124,4.91555253316827e-05,0.85950245899552,1.2641815074201e-06,3.10884415924943e-06,2.56313973568658e-08,7
"19842",4.63542717561881e-06,0.000377213393500436,0.0190488239048173,8.52261343085505e-09,1.67178884769879e-06,0.980452575569446,0.000112202580245815,1.18930610920566e-06,1.37813676999444e-10,1.67936943114026e-06,6
"19844",4.11189985974477e-07,3.7299186141331e-07,2.96528005454742e-06,6.16317349515695e-07,2.30167979132336e-06,1.06820520407457e-05,1.58960018321282e-08,0.999982629086554,5.88034976845489e-10,4.91832548502338e-09,8
"19846",0.000149436868999269,7.60991825856496e-06,0.914475540072227,1.16464679363988e-08,1.21549128783043e-08,0.0200946438381676,4.10087716354576e-06,0.065265895476208,2.28405975267529e-10,2.74891918911705e-06,3
"19848",0.000179304657145439,1.29895376236658e-06,0.975450152900839,2.13631486169379e-08,6.98698488702778e-09,0.000586336401154103,1.36115905288474e-05,0.0237656274930746,1.59165660720637e-09,3.63806170617314e-06,3
"19850",0.000455607977085672,4.23318667960834e-06,0.78098524291561,1.4989493321592e-06,2.08749433263448e-07,4.57964062184133e-05,7.52172366472331e-05,0.218430107618225,4.94607020875874e-08,2.03750006595089e-06,3
"19852",0.978204502745104,9.71414648244751e-05,0.0144714443670414,0.00572658142257328,3.57534582785196e-07,1.10415451317322e-07,0.00143898462249719,4.89451021718321e-05,1.16460392570657e-05,2.86286497255535e-07,1
"19854",0.000162460211213727,2.15154697726015e-07,0.997752128067943,2.28183885212907e-08,2.69339514127022e-09,0.000141400083787904,6.15457664354879e-05,0.0018764063568162,5.5965988659022e-09,5.81325072347169e-06,3
"19856",4.43677754973725e-05,0.000141005719707866,0.00933441668064596,2.9313986962983e-05,2.61012679409825e-05,3.85282658838549e-05,0.000176587375377241,0.990208417109694,5.05131516433252e-07,7.56686773111389e-07,8
"19858",0.00266182694934087,0.000563682390852617,0.000425485524606485,0.00181766917743406,9.83520425698302e-05,5.65599002670434e-07,1.33131179373022e-05,0.994402001757651,1.59040824472644e-05,1.19935815824611e-06,8
"19860",0.485705497018322,0.00035485858533725,0.220909605798752,0.0169430203094877,5.83422680131182e-06,1.91727290566708e-06,0.276029152329736,1.6705975652967e-05,3.29379230444668e-05,4.7055996037957e-07,1
"19862",6.09819413916326e-05,7.83147990631347e-06,0.926300085146664,3.60103510183631e-09,1.41887120323572e-08,0.0720150855725439,1.07673013432213e-05,0.00159954592711021,1.54768915762203e-10,5.68468652491124e-06,3
"19864",1.82662018696529e-05,0.00893134299298135,1.10716919309239e-06,8.12557565906236e-07,2.6522073968234e-05,0.991020446479396,1.20357360479738e-07,5.6825731169079e-07,7.27141944150375e-10,8.13183211941159e-07,6
"19866",0.155789165774175,0.764876605232538,0.000146880792691515,0.0617742465009163,0.00171996618813647,0.000108619679171771,0.0155817796002645,1.20252878303683e-07,2.59584820814079e-06,2.01310197957753e-08,2
"19868",2.56520740379669e-07,8.38403350176257e-10,1.2431037253596e-05,4.38053411093671e-07,0.000446140208687474,5.20251526417173e-08,0.0014502701397194,1.59932936400561e-05,0.0427292925241611,0.955345125358831,10
"19870",0.0238594635055037,1.52633337227038e-05,0.970441318364536,1.10384274092473e-06,1.59813103420598e-08,0.00400997978305338,5.41595191162994e-05,0.00160395329899181,2.52788412787804e-08,1.47170921837008e-05,3
"19873",0.42260920985612,0.0010583341632569,0.572922418971063,0.000485583066689063,4.2601990877499e-07,0.000950317487791658,0.00152844661968639,0.000443564520418805,5.39479493481428e-07,1.15981557202386e-06,3
"19875",0.0800332432102653,0.00043124190462759,0.000593790921800007,0.812990133064565,4.8858833798834e-07,6.10212424531614e-09,0.104408730810986,1.8197086928845e-08,0.00154228553599202,6.16642150735854e-08,4
"19877",0.213554293697819,3.5452644925221e-05,0.780025104085696,2.38356869237606e-05,4.09271306789962e-06,3.82555895430388e-05,0.004479934194255,0.0018220034938299,7.41563173790539e-07,1.62863307660632e-05,3
"19879",0.971970195937035,8.6767313330736e-05,0.0236207416413767,0.000763738676207533,3.19866574599523e-06,2.67568864064982e-06,0.00302586418220121,0.000492338590193184,2.16006367342652e-05,1.28786685350662e-05,1
"19881",0.0323541077321545,0.0988066843523957,0.859872105172982,0.000122219868055786,3.76963543653211e-06,0.00414312510761604,0.00395427809425896,0.000739284953210218,4.19890894571446e-07,4.00519299617263e-06,3
"19883",0.0170593720339451,0.0878263744219578,0.665303177405424,3.84389914004445e-05,3.70016737076091e-07,0.226975209028145,0.00276444941262277,3.11883350218428e-05,2.98918433428327e-08,1.39046290238541e-06,3
"19899",0.14647502438662,0.000130105718789144,0.0101604700919385,0.00144384973363355,0.00300156787146293,1.38617599599554e-05,0.83866057149532,1.24138268201707e-06,6.2362497016751e-05,5.09450625775059e-05,7
"19908",2.22861699163094e-06,4.14018989423015e-06,1.26269623655056e-07,2.12406894767718e-06,0.999566864491897,4.93637909043926e-06,0.000418473567772803,2.96322970874771e-07,3.20233581949568e-07,4.89859229585025e-07,5
"19910",0.973084463925514,0.000550102483533625,0.0250680297354395,0.00103993560746892,3.46044828959681e-08,3.5419260173452e-06,0.000230914994822559,2.13261904741997e-05,1.22383127459158e-06,4.26700971869637e-07,1
"19912",1.67192215902564e-05,0.00020904519572939,0.19069791651966,2.06421650932797e-08,8.11904988001389e-06,0.80777964320236,0.00119071667303802,9.45061019780743e-05,4.85421025160492e-10,3.31290817790402e-06,6
"19914",0.609222805649335,0.000915217378432888,0.127047260438234,0.00208289854496143,0.00115121460960288,1.80166552154619e-06,0.258671413606814,0.000386374363620472,0.000403006846877287,0.000118006896601378,1
"19916",0.00108944769553442,0.995608536256059,4.4056190354442e-07,0.00282988260272609,0.000443723159066087,2.51818320697893e-05,6.42109075661414e-07,1.94076816061861e-06,1.90638251728354e-07,1.43771523053496e-08,2
"19918",0.00664875897392313,0.000191463949007876,0.903303933672202,1.69904783612178e-06,4.61717698070477e-08,0.00364390472571033,2.75372049749551e-05,0.0861822899822376,2.00776384050728e-09,3.64264574052498e-07,3
"19920",8.39072294707371e-05,2.16712306649092e-07,0.0896726229757582,1.33343908252662e-07,5.47038380067488e-07,6.87857686660791e-05,2.62284940848915e-05,0.910147467631577,7.23827031795729e-10,9.00820213599663e-08,8
"19922",0.054142760056373,6.60901382890404e-06,0.0801302631565794,0.000252706395861826,1.56533575088513e-09,9.17250402957263e-07,0.000143903873869935,3.61147711095564e-06,0.122784945603856,0.742534281606781,10
"19924",0.20430031893216,4.9087096821902e-05,0.751028994578101,0.000140924295772288,1.2517978447137e-06,0.000159538688748182,0.00894121709956754,0.0353751846566412,4.24475761639693e-07,3.05837858139764e-06,3
"19926",0.358046625030615,0.0778829683052187,0.0150901858420812,0.00352653888591794,0.000594381860192499,8.58743201400936e-05,0.543250966682687,5.90955492757171e-08,0.000630903720856611,0.000891496256742571,7
"19928",7.86842590398996e-09,0.00123215683390882,2.56653409671928e-07,6.06847540739719e-10,2.79813162085141e-05,0.998738965485304,4.55269968618419e-09,2.23442837227565e-07,6.77629606415276e-12,4.03233582431273e-07,6
"19930",0.0242704382525383,9.45522199622825e-06,0.975390757501627,3.72658121134688e-06,2.52377536017376e-09,4.37453192841054e-05,0.000200102215512473,7.01261361335094e-05,2.56781684691766e-07,1.13894662374989e-05,3
"19932",0.000393953309097872,1.96052494525167e-07,0.998827734227858,6.7457801239729e-08,1.94073791537158e-09,2.35715102748991e-05,0.000105889705510814,0.000635101721418771,3.85185246778279e-08,1.3445556281165e-05,3
"19934",0.296367254079688,0.000800472622508507,0.013372676429973,0.526835843918002,1.08420613253536e-06,1.98212178248621e-08,0.153033821546684,0.000107099164252423,0.00947995769060491,1.77052093603458e-06,4
"19936",0.0600672425465394,2.15647093210836e-05,0.82804868692834,0.000197856480465794,2.00784564253298e-06,5.14901918139968e-06,0.111408201551934,9.25451878234436e-05,3.49758378281094e-05,0.000121769892923793,3
"19938",0.0732148827286469,0.013649503413742,3.33985728415443e-05,0.779767511476767,0.00692019417604332,4.58628883288436e-08,0.121450570631409,3.15902361455228e-05,0.00493064479028499,1.6581112307984e-06,4
"19940",0.848711270427608,0.018956858741169,0.129003860090216,0.000356372270813725,2.99530089289228e-08,0.00275296142731506,0.000130114243462524,8.7067955394084e-05,1.50647812739288e-07,1.3142431996999e-06,1
"19942",2.04557492534104e-07,0.0250393898235332,6.51514969772073e-06,3.55020857118232e-08,0.000146147483105488,0.974805125430013,2.42853236987783e-06,1.19157782278572e-07,2.03298863386387e-11,3.43435904206295e-08,6
"19944",0.918812902605043,0.0517146026676216,0.0173385844481168,0.0082890816398901,1.84117963472766e-06,6.52939190021038e-06,0.00382822655926493,3.43409535928786e-06,4.42811014417952e-06,3.69303025291513e-07,1
"19946",0.732834646716249,0.000747609063499894,0.251952882034473,0.00132133479611946,1.77048905890901e-05,8.28579822469703e-06,0.0024817468454037,0.0106292972795606,4.20106073529519e-06,2.29151514567931e-06,1
"19948",3.24884697945443e-07,0.0028017631219509,8.75570170090164e-06,6.80798869923898e-09,6.75216766367777e-08,0.997188888581569,1.16650957798405e-08,1.74063777408657e-07,1.58523288850699e-12,7.6499573629206e-09,6
"19950",6.8290511152052e-07,8.21699748646197e-10,0.000638622938935239,2.8613232713963e-09,4.28589331266548e-08,1.07979386351323e-06,9.40567267386165e-08,0.999359357975831,4.31241468809065e-10,1.15356334274579e-07,8
"19952",3.24884697945443e-07,0.0028017631219509,8.75570170090164e-06,6.80798869923898e-09,6.75216766367777e-08,0.997188888581569,1.16650957798405e-08,1.74063777408657e-07,1.58523288850699e-12,7.6499573629206e-09,6
"19954",0.00447516430666003,1.68767829080707e-06,0.995007083248362,4.17467703681272e-07,1.69457610787353e-09,8.46664207871203e-05,8.472869273251e-05,0.000340208524067559,2.97334418018408e-08,6.01223337918351e-06,3
"19956",6.19869035136559e-06,3.28810938389114e-06,0.132774984664223,3.43308834962231e-08,0.522356412369639,0.0122311948532298,0.0114813215946044,0.320447404818271,1.25676479095074e-07,0.000699034892934755,5
"19958",1.58470637067398e-05,1.80269382644162e-08,6.28860176604728e-05,2.5350443733523e-07,7.73365690979956e-09,1.60209279822819e-08,2.23612002961848e-08,2.39602608219685e-05,0.00628473666745084,0.993612252343199,10
"19962",0.0937173156274764,0.0306606884360653,0.559426395429481,0.0183226998789806,0.000352102497822033,1.76759092330545e-05,0.0137140959687624,0.282905493001286,0.000762321709468462,0.000121211541424411,3
"19964",0.714578993705531,0.0188801287453577,0.25502992882922,0.000339863383965846,8.79339842453668e-08,0.00550693071460138,6.24459016560166e-05,0.00558407741013589,3.78756169291148e-07,1.71646193785177e-05,1
"19966",0.00532271743156179,0.899443069196509,1.34283842603577e-06,0.0915296838689323,6.5147918255454e-05,2.41546200449349e-06,0.00362546331599151,8.46494873743472e-10,1.01480235022543e-05,1.10983227900302e-08,2
"19969",0.00278730830228165,0.000444868864940114,0.982859291510555,3.12204609787506e-06,8.4332330196649e-07,0.00820082711022407,0.00566846257068089,3.30748292502013e-05,3.74979556405925e-08,2.1639447128757e-06,3
"19972",0.0497907075983462,0.000358603321748384,0.399731224101598,1.99919826014345e-06,1.66400169876689e-06,0.510975164156712,2.55804126006682e-05,0.0390876071677688,6.71211130047534e-09,2.74433291558084e-05,6
"19974",7.67445058543601e-06,2.92982293364431e-06,0.0590966059456406,1.03534733837639e-09,3.26612426604492e-07,0.385013572343922,3.10087860711369e-07,0.555877797322705,6.6860180147896e-12,7.82371893272002e-07,8
"19976",0.517258897775783,7.06757797424405e-05,0.442332262047929,0.000149572742280278,1.30894978457206e-05,0.000114974859352518,0.00152469022429631,0.0385318014463883,4.53187780326964e-07,3.58243860150411e-06,1
"19978",0.966198641877987,0.00564415851397239,0.0160051745608677,0.0118459821147048,4.39879948488213e-08,1.98862390719646e-05,0.000229521471256687,5.62311761359819e-05,3.350576921077e-07,2.50003165473812e-08,1
"19980",0.000124382139563676,1.00037253884568e-07,0.841412123492405,2.27585969643331e-08,1.39141643293228e-08,0.000175814033468208,1.88499382375299e-05,0.158262640633976,4.15258766279379e-09,6.04889974707537e-06,3
"19982",0.000219218611163438,8.49416246970613e-08,0.0987102506129805,3.0559704819486e-06,1.61799042605711e-06,2.35704546439373e-05,0.00066631751388493,0.900364965685604,2.95599307652431e-07,1.06226198829359e-05,8
"19984",2.05189173065416e-06,2.04751455611582e-07,8.37352657077027e-05,1.9298588472193e-07,4.48721687507888e-07,1.28873911895721e-06,1.63500544156604e-07,0.999911907051338,7.50199446475007e-10,6.34233269358584e-09,8
"19986",0.0191175842910464,0.00363448467972732,4.82486753864184e-08,0.973346826593799,0.000138631239266391,1.97890671340234e-10,0.00248033160895378,3.89715726052145e-10,0.00128208485115367,7.89977203093765e-09,4
"19988",0.00116480928506094,4.6682879247968e-05,7.01000636441458e-10,0.997275717037696,5.41127542483973e-06,1.59025551275955e-12,9.6479703401724e-05,6.80400842439175e-11,0.0014108981988149,8.4972281332471e-10,4
"19992",0.00119567863038378,2.29540623036422e-05,3.71449949635503e-08,0.993922894507942,7.87763443466657e-05,2.48236410026006e-12,0.00341190108439577,1.32779630926058e-08,0.00136774417367107,7.71516336610078e-10,4
"19994",0.0349954490382839,8.97714164546912e-06,0.963809971240909,4.77443092130908e-06,5.12117932670734e-09,2.31626305487428e-05,0.00109771194945212,1.45486142835814e-05,1.06767591904376e-06,4.43321568572612e-05,3
"19996",0.0102849841838854,1.29395405398376e-05,1.05281868529257e-07,0.989254974068185,9.43126838654764e-08,7.83732590174115e-12,0.000240152449173609,1.14863677524082e-08,0.000206738452154141,2.17304194956318e-10,4
"19998",0.00183770242584004,0.771252655671079,0.0436086421733999,0.000643985864904321,0.0693769120309207,0.0160053301111714,0.0956597349704549,0.00160923791090845,2.29157404908576e-06,3.50726727195525e-06,2
"20000",9.86899703522784e-05,3.31177122055197e-05,0.728577931629141,2.61443632867846e-07,0.00221142791168633,0.00166642789772226,0.139297217162473,0.000124554240016768,0.000115380839406719,0.127874991193363,3
"20003",0.0677038798944661,0.00145554271887015,0.90854004745276,6.25027802576837e-05,9.37710989728654e-08,0.000126703924823139,0.0219649442679599,6.04223206756137e-07,1.36968153788912e-05,0.000131984151178609,3
"20005",0.000217728895436568,1.56038844608318e-06,0.967856728885472,7.45323613901794e-09,2.97689844670539e-08,0.0116460644942096,1.07106538175588e-05,0.0202634928397713,2.34134258249932e-10,3.67638649174565e-06,3
"20007",0.846932394368342,1.91118828721876e-05,0.0171823478916783,0.0110625937048601,0.000238058843563952,5.09804074164599e-07,0.124198517660629,0.000137295023771117,0.000223708948402351,5.4618718066855e-06,1
"20009",0.0299586640270755,0.709879287884238,2.63925843674583e-05,0.259325390040525,0.000137135572664279,5.45017190294477e-07,0.000178274964905466,8.13780111908211e-05,0.000412375718082845,5.56179760430717e-07,2
"20011",0.352862573984318,0.000567687731142364,0.571236014867715,3.47419445687731e-05,2.67484909360884e-06,0.0675456136156066,0.000646647604993258,0.00708428134062405,1.01899626384828e-07,1.96621623118261e-05,3
"20013",0.00488209719870279,7.62807073437139e-07,0.871072875141128,4.78601266526988e-06,8.21612724959872e-06,1.51591461317861e-05,0.0147488603398696,0.109262766774994,3.07173276654784e-07,4.16927890837844e-06,3
"20016",0.0571959407793926,0.00112297517255247,3.77865290435797e-07,0.920395659119085,0.0035505517072061,1.44092875115128e-09,0.00142851908960015,2.77747234204788e-06,0.0163025476076322,6.4974596964433e-07,4
"20018",7.06222274536436e-07,1.80618101698868e-06,2.60194054171338e-11,0.00269953598306022,1.13789315501427e-05,6.26929473373662e-13,4.5070551156763e-07,1.8443457161256e-11,0.997212920614687,7.32013168093768e-05,9
"20021",0.779540286237996,0.00748959249641202,0.00167541651026236,0.209280120587202,1.52533488309493e-08,7.52179985543815e-08,0.00124202104185421,2.04426833129026e-08,0.000771730021853749,7.22190389399545e-07,1
"20023",0.860429742955992,0.0125853367414569,0.0111126507638819,0.0683055986526871,8.58727936436247e-05,1.2113744207412e-07,0.0468163471344284,3.5933550806157e-05,0.000623400695641557,4.99557402075349e-06,1
"20025",0.00553608462681839,6.87109434225745e-05,3.13942256337811e-07,0.279019769323963,7.32048663674843e-05,9.0193398479218e-10,8.74206620554354e-05,4.25109084879339e-09,0.714955178014409,0.000259312467682827,9
"20027",0.00112023564782253,0.00100828047619494,0.505904478058575,4.20418601395353e-07,1.01720567428536e-05,0.483087575621605,0.00883707651479808,4.49761248886516e-06,8.96404450512741e-09,2.72546291269735e-05,3
"20029",0.000196156989566018,2.5282771691923e-05,0.958612507847519,9.68414096367132e-08,2.18479522069041e-07,0.0348893031553899,0.000352458597747287,0.00592371102405459,3.24251223181785e-10,2.63968848444053e-07,3
"20032",0.00170370974142595,0.000193749825437092,0.991417069113142,3.45703396484289e-07,9.92697194188858e-09,0.00598377868212297,0.000645982311905422,4.36024501927917e-06,5.35482896608393e-08,5.09409022891373e-05,3
"20034",8.8048356213757e-06,0.0227487506358229,6.86949017061017e-05,4.54044211844151e-08,1.13597845209451e-07,0.977173291996338,9.13821361930304e-08,5.99656836473461e-08,3.08024684124032e-11,1.47249622470283e-07,6
"20036",0.000166291059026731,0.000180508781426536,0.0329381712837331,0.00027953275524413,0.195908774166534,3.2710317663898e-05,0.754217038773523,0.0162670656342208,7.52836754276579e-06,2.37886108470053e-06,7
"20038",0.0541838906079677,0.000226969364420117,1.46488684518113e-05,0.49207260336513,8.51885137489331e-06,5.98963974872991e-10,0.429016222044542,2.98646456303888e-10,0.0244763162830025,8.29717500766762e-07,4
"20040",0.0357827736394607,0.327503684212654,9.3725087271271e-08,0.618021865796091,0.00151508953200508,1.17652863066552e-07,5.15609283916873e-06,8.25151797440113e-07,0.017148883316179,2.15108810235297e-05,4
"20043",0.0287701051221313,7.35109540131454e-05,0.000303994348791679,0.940381977567999,3.20665212260388e-08,6.70483208352526e-10,0.0263683151997842,1.16024159885516e-07,0.00410190189451608,4.61516000964358e-08,4
"20045",0.00104506003287977,1.108419406029e-05,1.16644537905774e-09,0.97448594403661,1.36426037354421e-06,1.45314377420341e-13,1.01494116487242e-05,5.34076406642243e-09,0.0244463755199629,1.60371099348828e-08,4
"20048",5.12569409404922e-08,4.42211432529686e-10,7.49616264474337e-06,2.31284320631348e-09,3.21015583472921e-07,3.23285519701196e-07,7.44998481137509e-09,0.999991769680701,2.56496509569809e-10,2.81370738131138e-08,8
"20051",0.084984001366231,3.40904878987508e-05,0.542353791260246,0.0922452608550244,1.46654062733138e-05,7.47270321614313e-08,0.239286181583115,0.012249250156942,0.0287646690954826,6.8015061754873e-05,3
"20053",0.907341758000117,0.0262301975179482,0.000765952904457555,0.0649686200757204,2.45793478565482e-05,4.09269535553939e-07,0.00059316557478921,5.05477858061527e-05,2.46682104794703e-05,1.01313290170707e-07,1
"20055",0.0140808887658474,3.60210411133151e-05,0.00043555375971444,0.00824446768188038,4.94198650275357e-06,1.04378586721076e-07,0.968055186742522,6.21209095115959e-10,0.00907161699013254,7.12180324913984e-05,7
"20057",8.79257116340842e-10,4.31427192487134e-10,1.56303614517976e-07,4.65444040055962e-11,3.73529667014919e-07,7.10707405223915e-08,1.35146351696315e-09,2.20407868064596e-06,5.09216169758099e-05,0.999946270691629,10
"20059",0.875283612443764,0.0844546654567543,0.000474240651187667,0.0390411152858017,5.39494313823553e-05,8.64921496785535e-07,0.000246027295893513,2.99601985304879e-06,0.000410357596792055,3.21708970739118e-05,1
"20061",0.980636282888966,0.00303723756904499,0.0033809202527395,0.0119077731125919,3.09070371354712e-05,1.62683775681401e-06,0.000974887529778835,9.94175547442253e-06,1.92935918980631e-05,1.12942461384944e-06,1
"20063",1.08160947963499e-05,0.00120758021429579,1.34311329748453e-06,0.0070727228083656,0.261788137556865,1.30251659074517e-05,1.10896136770647e-05,0.72986339100679,3.08897366009334e-05,1.0046894043644e-06,8
"20065",0.000140478627068843,6.46343724514893e-07,1.27571689454725e-08,0.0120780628284282,6.29680541115346e-08,2.27121994490663e-13,8.28595804690761e-05,6.06262749045883e-13,0.987657629836263,4.0247057989591e-05,9
"20067",0.0475465333046915,1.82359441720928e-05,1.47522038675148e-05,0.891838264746497,1.14594143473648e-05,1.2856799060561e-11,0.00107848100878017,0.000129043946252651,0.0593624884507085,7.40967826539646e-07,4
"20069",0.000129668740874708,4.77055887018651e-08,0.543109583193228,5.56563301254543e-08,3.49618524569856e-08,5.47731045761863e-05,3.3212433495857e-05,0.456666576103894,1.08353040460666e-08,6.0372648558003e-06,3
"20071",0.00335778093271517,0.000480776648563749,0.000565013676924012,0.000118563037160674,0.6856564157212,9.44314953867778e-05,0.309716619800689,5.73962752927132e-06,2.0698098855411e-06,2.58924994578312e-06,5
"20073",0.00262196486671755,0.000173330995354818,0.0628219864891597,8.31491394036359e-06,4.57109054380855e-08,0.000240325921981217,1.07990527643847e-06,0.934132581812287,1.28417803774803e-08,3.56542597622009e-07,8
"20075",2.36602477504529e-07,1.00818024138567e-09,1.96578512064003e-05,1.00379948327244e-07,2.1159746461269e-06,2.38732458194733e-09,0.000415006021759447,8.59564217422873e-08,0.0595693195263699,0.939993474291666,10
"20077",0.0925257508825611,0.000489289658403964,0.00101071864549402,0.25241608548172,0.00507828688655655,8.84212443105513e-08,0.648258582648012,0.000181928028724205,3.92587244458224e-05,1.06228381193883e-08,7
"20079",0.00216762932792082,0.000226174399164465,0.0236424287889866,0.0650026931428486,7.05756646013249e-05,2.23513939853496e-06,0.00821263681409249,0.899891319410932,0.000782708849862868,1.59846219258886e-06,8
"20081",0.361502238612447,1.2504666226265e-06,0.000493207840920185,0.233217357377923,1.36664525501542e-06,3.35236205157263e-10,0.0935414317516582,1.64224839520771e-06,0.311067870973287,0.000173633748254346,1
"20083",2.37870179132729e-05,0.000541390782336406,0.00166463890866187,0.000175420994100229,0.37296051195159,0.000139251094156302,0.0284467487368738,0.59602413806015,1.40667066370249e-05,1.00457475811327e-05,8
"20085",0.000552323356804132,4.56215355279008e-05,1.80640732728385e-09,0.985618605723981,9.59053238485631e-07,3.76626783213703e-13,0.000305172073046712,1.41665110376076e-11,0.0134773133656566,3.07079464160525e-09,4
"20088",0.0409628789132958,0.00054879674333647,2.79797323382771e-05,0.94369992701675,4.20613044267324e-07,4.57037244751132e-11,0.00704745624691099,2.71278819597214e-08,0.00771246521022532,4.83505128760591e-08,4
"20091",0.00168649896665773,1.25939182537908e-08,5.85025979166138e-06,0.000140680325020111,4.7306102733266e-06,2.16364111802345e-11,0.000167762529751059,8.59735643006756e-07,0.926728597379246,0.0712650075780629,9
"20095",0.270013569652938,0.00101008256019163,0.00131382292673787,0.00322093793659135,0.00338666705149802,0.0235878971194453,9.58120420566127e-05,0.697292507418742,5.07308522339779e-06,7.36302065759285e-05,8
"20097",0.000550970070308901,1.35660278964634e-05,4.0035873788501e-09,0.945431092316581,4.27737266203311e-06,1.80400893998866e-13,0.00110846120256296,2.15264900304324e-11,0.0528916112004978,1.77841972848499e-08,4
"20099",0.279027295919029,0.479549218795853,0.000124902973790667,0.229892035256568,7.82631791419023e-06,0.0100956254638589,2.92812845375475e-05,0.00127343887181285,3.65045607582162e-07,1.00710288695515e-08,2
"20102",0.00055895987353577,5.97295462762825e-08,0.000224728016412889,4.30988404199635e-05,0.00126561208498119,2.46212343359404e-08,1.41685764591421e-05,0.987122402896256,0.00403466626168972,0.00673627909946509,8
"20105",0.122861017123335,2.38806409374113e-05,0.000587697060609987,0.873812246089511,9.15945322206778e-08,7.96284016128757e-09,0.00147239966407381,0.000262309182882954,0.000980312808458476,3.78728187809863e-08,4
"20107",0.339197773000016,0.00033382172299852,2.13245046287934e-05,0.586156933194332,8.11800365245311e-05,6.03359660127435e-09,0.07397719478818,1.20018969945187e-07,0.000231631397881529,1.53028723428512e-08,4
"20109",0.570944017119674,0.0276869461737204,0.00500525206932066,0.156343607474566,1.75479600907945e-07,8.32656730768373e-05,7.4859651893578e-06,0.239924454840467,4.68830727931315e-06,1.06897105146199e-07,1
"20111",2.49168507187703e-05,1.99434756891918e-09,0.00836137715412735,1.4825771574573e-08,1.5642547944192e-09,2.0655145682193e-06,1.49502860417234e-06,0.000137262783996567,0.00021472676959511,0.991258137514016,10
"20113",0.179572587396712,0.0376396311309776,0.000454360280283426,0.0588229136908623,0.0150444873580582,0.000166898744129615,0.708283292259232,7.19681051984991e-08,1.53992403400283e-05,3.57931299560227e-07,7
"20115",0.00356039334396176,5.15351757955577e-05,0.974532775254111,1.73234108108871e-07,4.99958605942071e-08,0.00699143085807154,1.04100208893347e-05,0.000125412383431984,1.36319328506078e-06,0.0147264565404849,3
"20117",0.0349982848052054,0.14209074826049,7.26526118598243e-05,0.0146011151930844,0.00595388362927024,0.0265404865370474,0.00803120811081382,7.51455662786842e-07,0.0664096262262627,0.701301243170304,10
"20119",0.00197880317727981,0.945971357880574,8.20157279198842e-07,0.049699959875208,8.42913736960631e-05,7.88247234222575e-06,0.00225453927878907,1.77433012098587e-10,2.34365161715656e-06,1.95578125099565e-09,2
"20121",0.0674263726455218,0.00353718853935363,1.95834716130833e-06,0.886554020543476,0.000181510136545567,5.27366990657915e-10,0.0410226527889809,2.75755512890726e-09,0.00127626909606343,2.46179750476955e-08,4
"20123",1.58188539348175e-05,5.44698930554266e-07,7.03226224001629e-07,7.9152433257958e-05,1.04576918036656e-05,3.01959501329703e-12,0.00035385417535772,6.39976437714089e-10,0.98869094174344,0.0108485265340551,9
"20125",0.00152327483110342,3.42961849151843e-07,0.921237090501899,5.46392204553055e-07,1.09433173208397e-06,8.74177865274009e-06,0.000634802437264349,0.0765786371151327,1.41159454122108e-07,1.53284907073465e-05,3
"20127",0.000705547194528844,2.35954598029357e-05,4.26144560983502e-08,0.998853061848286,1.87946137863035e-08,1.66915976210847e-11,1.68156805360481e-05,8.03741039120164e-08,0.000400837349648451,6.67331476464183e-10,4
"20140",0.00247534926771318,3.23323890393804e-05,0.000319994480784802,0.000445785645619772,0.00131500105709727,5.77961753923081e-07,0.993759815277035,3.71424399763321e-09,0.00119533404210701,0.000455806164604973,7
"20142",1.50847971001011e-06,1.96236870802184e-09,0.00241521383294189,4.59897276110685e-09,7.5164884537413e-07,1.72722608626163e-06,9.15820659451307e-07,0.997579506603933,1.00399100892951e-09,3.6882249098549e-07,8
"20144",0.00061343388592372,1.11196091940849e-06,0.921881942055764,1.99747642662946e-07,0.000325956314307832,2.13375178180483e-05,0.00811509296723281,0.00355530533600701,3.548137260403e-05,0.06545013884178,3
"20146",0.00269504503170031,4.39832197041487e-06,0.301550455552881,0.000155535132563798,0.117455942299768,1.24484862050255e-05,0.161569404717859,0.416266053040396,8.72180880464708e-05,0.000203499328608898,8
"20148",0.0121433206778313,2.0873868887915e-05,0.929352057383462,0.000151276017019195,1.55274725176873e-06,3.01891877520509e-06,0.0582346179503693,8.14157187317657e-05,7.91078535656572e-06,3.95593231486715e-06,3
"20150",3.28964172518897e-05,9.42544676644991e-07,0.625074493949734,3.422643086105e-09,3.8543426803804e-08,0.0287939293977797,3.05665666889886e-06,0.346091651408007,1.1093231619201e-10,2.9875488801439e-06,3
"20152",0.0544399692072527,0.00138153523156624,0.873166918049459,0.00086270922614089,1.26109697698379e-06,6.56359023073986e-06,0.070052030377551,6.42186946124982e-05,1.78371716068994e-05,6.95735460252121e-06,3
"20154",1.2196147574283e-05,2.22819645031351e-08,6.29959921065592e-08,0.00433853671636754,4.16214063028781e-07,4.86231201290519e-14,3.15382326219569e-05,2.51180183842674e-07,0.995579441042073,3.75351891111874e-05,9
"20156",0.630174718678597,8.57716540690099e-05,0.00481038643327565,0.0132173269600551,0.244941410176996,2.54602189174373e-06,0.0887350587792014,0.0174883193523572,0.00044620085765256,9.82610859043689e-05,1
"20159",0.000107202387306641,4.03563462342481e-08,0.424255894557975,5.55352632082339e-08,4.15433900275676e-07,2.13213106069375e-05,6.45095039531874e-05,0.575540887688175,2.06021743652951e-08,9.65262429959121e-06,8
"20161",4.55309671725195e-05,3.54593279024033e-05,0.00229285318040985,9.16765551257384e-06,0.0108827704172926,7.86087739614184e-06,0.000155974620496479,0.986567473614983,4.31422509420328e-07,2.47791632520513e-06,8
"20163",0.0751579925312348,0.00310788335589977,0.913579323175144,0.00216314319086566,7.14056043150544e-09,0.000213023381426026,0.00515594403316357,1.3119054699689e-06,0.000254438889438051,0.000366932396798203,3
"20165",0.000610079198199899,8.08799656162142e-07,8.06220634271086e-05,0.00145690153535279,3.87073433797095e-07,9.28435672685718e-08,1.13155046937449e-06,0.997847966748462,1.97853726965571e-06,3.16501623229576e-08,8
"20167",0.0223595769715017,4.27772000708883e-06,0.97088254826587,6.33756743304915e-05,7.38242708265928e-09,8.51461127602508e-06,0.000978974080048579,0.00570197231090502,3.41227850536285e-07,4.11755783440885e-07,3
"20169",1.15840962530737e-07,4.88601109877374e-10,4.78091134714051e-05,1.87605430706268e-09,5.17891156651003e-07,4.28012599872676e-07,3.5253044948095e-08,0.999951039930221,2.66175338619783e-10,5.13277125498898e-08,8
"20171",2.95056789861023e-06,2.65192275404499e-09,3.19053154004778e-09,0.00246375939375948,6.32613937672449e-05,4.3447513995015e-14,1.37623735677146e-05,5.11469921213993e-07,0.99738114811793,7.46008406576469e-05,9
"20173",0.000238878115496481,0.972345612085306,2.14212959190004e-05,0.00192518377622118,0.00029006792056873,0.00490006132217531,2.61002250453567e-07,0.0202783697003446,8.28339182098243e-08,6.19477994131251e-08,2
"20175",0.103069460562211,6.48387977540185e-06,0.887879978897711,8.25156800910013e-06,2.8059747987122e-06,0.00044129137595318,0.00214083914203155,0.00642290065003601,1.87846927640631e-07,2.78001025453427e-05,3
"20177",0.020341622608854,0.958559169429919,5.05755771339142e-05,0.0173345657923683,4.43310366004039e-06,0.00365701875083719,4.57010302574603e-05,6.80060912034339e-06,9.01133994282851e-08,2.29844505264998e-08,2
"20180",0.0454448444373868,0.0205494362370261,1.19902964571836e-06,0.917122677656867,3.18995394700511e-06,4.84799181846512e-09,0.00509694081741475,5.53483255916731e-12,0.0117810032141771,7.03800009020965e-07,4
"20182",2.2054782111063e-08,5.32208687821493e-08,8.33546883688696e-05,1.13580006716495e-10,1.24703692403066e-05,0.0201980842342015,2.78548811699411e-09,0.974125367377913,8.08221897037105e-09,0.00558063707333808,8
"20184",0.000185631756546308,2.06901436159657e-07,0.0170556611648681,6.526760187512e-07,1.98870857769418e-06,3.6175436780112e-06,5.59072463371675e-05,0.982696092539214,1.09439266495409e-08,2.30519396948877e-07,8
"20187",0.00256139762390143,0.491112653225344,0.000459795947253667,0.000225682707870798,0.32184304984446,0.182568576058197,0.000538133592477122,0.000690596339992809,4.86763166098403e-09,1.09792871009476e-07,2
"20189",0.350256430832582,0.612937589294972,0.00357638362123392,0.0329128462975507,4.16058093666749e-08,0.000140078211886201,0.000175373033602319,5.89693528246e-07,6.51221265495149e-07,1.61875701506883e-08,2
"20192",0.0180457004810079,0.90350706935393,0.000126136813159085,0.0521466363304252,1.00855431714304e-05,3.36735722096848e-05,1.1747671222555e-05,1.18695844344033e-07,0.0227015805832224,0.00341725095580774,2
"20194",9.79251306838575e-06,0.00022345558774297,0.0349707213389138,1.25935108605206e-06,0.333398678872883,0.170057566949935,0.019972747474335,0.44136495281832,4.62736739105717e-09,8.20466348720306e-07,8
"20196",0.00415256430520944,1.08794022959256e-05,1.0698355705337e-06,0.315209716137302,9.06420137618209e-08,5.01032006027885e-11,0.00164544686059756,1.00444568090138e-08,0.678970419289644,9.8034328069038e-06,9
"20198",0.474573018159822,0.00935772727817222,0.330144074299493,0.0176921121141882,0.000547795369201862,1.68998160100708e-05,0.165988091727151,0.000380043672282121,0.000797628145089289,0.000502609418590259,1
"20204",0.000201138285638614,2.06028310847374e-07,0.571627514397234,6.15765677304245e-08,1.41560183812571e-08,3.95661352016171e-05,9.83733589327172e-06,0.428092411606922,3.97692509555154e-08,2.92107089624475e-05,3
"20207",0.00842587552678058,3.32514254588529e-06,6.0252079738402e-06,0.665944873342847,1.61522610013553e-05,5.24835414920337e-12,0.0133389434430985,9.47538580767624e-06,0.312251070595532,4.25908916451878e-06,4
"20209",0.00075856415127548,0.000128106859291638,0.104952499941297,3.34836384292844e-07,3.2368209444675e-06,0.00718997516795943,0.00551095981237371,1.2601249972291e-07,9.68019380170419e-05,0.881359394459957,10
"20211",2.30495681660869e-05,5.31969404446623e-10,1.42437309782197e-06,5.97338119365597e-05,1.90274245209347e-06,1.88612796784829e-13,0.000915105676572639,6.54091605002879e-09,0.995963264679981,0.00303551207472009,9
"20215",0.00314274828406612,6.64235139532119e-05,0.000387571878012366,0.110867349840732,0.00072194399235217,1.49219929699743e-08,0.884575390853558,2.335143183083e-06,0.000236204962961053,1.66091894197149e-08,7
"20218",5.707989079851e-06,2.95999673046009e-09,0.0111426365183662,7.8160556226603e-09,2.9435735513248e-08,3.742559764359e-06,8.22702056688379e-07,0.988846503416855,1.51504503958128e-09,5.45087044782171e-07,8
"20222",0.00930661661660998,1.91198403232595e-06,0.000715981417180586,0.725578308276196,3.8109024472841e-07,3.92455885715579e-10,0.0661400478834834,2.21769939934557e-05,0.198225842942197,8.7324036074041e-06,4
"20225",0.00011823638365365,1.29364444759177e-06,0.967529103031542,1.34261430800093e-06,0.000356217846679871,0.000267973010173491,0.0186604353302357,0.0122698752201251,2.91698735019155e-06,0.000792605931484073,3
"20229",4.35166400307643e-05,4.17404710047489e-06,0.00180257774294254,1.09657051764478e-05,0.162102269449959,9.51612793511113e-07,0.835915806337188,3.30525544520533e-06,6.179042247995e-05,5.46427868839635e-05,7
"20232",0.5417797914741,1.65070111720316e-05,0.00213335976846289,0.0142371823281372,0.000231082881544891,3.62004096311175e-07,0.440259086674512,1.16081461081861e-06,0.00129419388641072,4.72731569530564e-05,1
"20234",0.000639225967407665,0.000502220966198949,9.46429830548195e-10,0.764224316974208,3.99120745572169e-07,1.65107761567835e-10,2.99290074678508e-06,1.5607371305096e-11,0.234622508768243,8.33417530460214e-06,4
"20238",0.439991584076323,0.000115151478453416,1.55377316645319e-05,0.553520294119234,0.000570170716543541,3.24492299089341e-09,0.00361845602252067,2.93325686850618e-06,0.00216544930195477,4.20051514272432e-07,4
"20253",0.00111873133744862,0.000294773194136363,2.50804608285522e-06,0.621694943624635,0.00435839275610842,9.09676281060565e-10,0.371887692407549,1.28007843445637e-07,0.000642826301965985,3.4145534050679e-09,4
"20255",0.00366618011522614,9.7552823951709e-08,0.990768375286645,9.91028903511254e-07,3.33708298887406e-08,2.15400523683186e-06,0.00511859189172296,8.87194218974204e-05,8.60801366599334e-06,0.000346249313047749,3
"20258",0.0760229453766485,0.00163480518502957,4.87180756803337e-06,0.922126095283314,3.15152492125051e-09,2.59947208424505e-09,5.20632510241978e-05,4.69946982415754e-09,0.000159202450215698,6.19573325119727e-09,4
"20269",0.80846500883535,0.00093535283966457,0.00423010828752062,0.164471150189885,1.33283835311061e-08,1.62002860111742e-06,1.46940162290004e-05,0.0218484746699375,3.33420783037893e-05,2.35726125312359e-07,1
"20271",0.0539305468710237,0.582797204538248,8.82807504270787e-06,0.363146957262961,2.03759505635781e-07,6.74319998098699e-05,4.44423642997245e-05,9.19714809335283e-09,4.35879352661602e-06,1.71384347235588e-08,2
"20285",0.000831031031880537,0.639988357630177,0.0188051338337823,0.000171197828938485,0.000296447205282654,0.331861932042132,0.0075519193566418,0.000489394202628894,1.35448599804051e-07,4.45141993657685e-06,2
"20288",0.109898757914258,8.53071159563102e-06,0.000635686105277602,0.088645564502646,0.00126282618926061,7.7573867410844e-08,0.799141103068292,1.09423289677973e-05,0.000396131709378612,3.79896456437751e-07,7
"20291",0.397260219905636,5.86208567854767e-05,4.03121797427915e-06,0.154338036012121,7.2440092582172e-05,7.24827111748134e-10,0.00170891703185057,4.69125684693967e-07,0.445908980080992,0.000648284951545742,9
"20295",0.158973862440483,0.811836438660951,0.00389380755525574,0.0216971275532382,3.43999415814511e-07,0.00217288955895719,1.11778766934644e-06,0.00141633457511254,5.47666578402868e-06,2.60120313263423e-06,2
"20298",0.000170969698275709,4.2031423103353e-07,0.998507454411389,3.10017782684009e-08,2.17054002038622e-08,7.23346273442458e-05,0.000223991673967066,0.00101917305145084,7.73151606498794e-09,5.59578464746313e-06,3
