"","V1","V2","V3","V4","V5","best$classification"
"19812",0.003747925444054,0.00032448284273988,0.0501033797274324,2.2726685144169e-15,0.945824211985771,5
"19814",0.000280312141792981,0.000154617415340104,0.90534934409887,0.00830328311536807,0.0859124432286282,3
"19816",3.71545298694195e-06,0.0371432552688751,8.79819659275461e-10,7.62418004717254e-17,0.962853028398318,5
"19818",1.32055199534175e-05,0.00721476326188391,0.0225438717296188,0.000201811656308232,0.970026347832236,5
"19820",0.00036817540350289,0.0221837715474587,2.0687638604732e-46,2.87109998388129e-43,0.977448053049038,5
"19822",0.00435918434371077,0.992632105654088,2.86704254950804e-52,6.51242727953539e-38,0.00300871000220126,2
"19824",2.61084003148637e-07,0.929759582309481,6.65124436543247e-24,5.66143109590604e-14,0.0702401566064589,2
"19826",0.00223326889747353,0.077404782987047,0.252636141812141,1.81787493766313e-10,0.667725806121552,5
"19828",0.000114599245857776,0.00274487541443318,3.81212331843714e-22,7.6298060095789e-22,0.997140525339709,5
"19830",0.139371675167858,0.0353362292633319,0.499772799182458,4.74880213817024e-10,0.325519295911472,3
"19832",0.742520181652322,1.05685900149171e-05,4.45814031192944e-10,6.10839536358517e-33,0.257469249311849,1
"19834",0.000523098385413463,0.0287800771845743,5.65087477438936e-13,6.22469183381354e-18,0.970696824429447,5
"19836",0.000307115133513785,0.0327171851675454,2.2159737849584e-06,3.34925027272723e-24,0.966973483725156,5
"19838",0.000394342039771405,2.3080646335732e-06,0.996053597473607,3.13840711239594e-07,0.00354943858127727,3
"19840",0.000739332175551274,0.0427063784408037,3.07733802733319e-09,8.17882643753353e-24,0.956554286306307,5
"19842",0.000130371475269304,0.170442911242239,0.829426425575243,4.17048320971674e-12,2.9170307828957e-07,3
"19844",2.00675403034543e-06,0.275976654056205,2.31744320463312e-20,0.724021339188472,1.29281213013506e-12,4
"19846",1.16549356747284e-06,0.00219353479460459,0.908039272620415,0.0897248213308373,4.12057605756313e-05,3
"19848",1.06993156149206e-05,0.000281428574595991,0.0151751979068747,0.984382218673031,0.000150455529883353,4
"19850",0.00043494854752385,0.00751078433971282,0.987659175051937,0.00147492589084905,0.00292016616997712,3
"19852",0.000183369371824252,0.00928286371226277,6.56464357599439e-05,1.84908794987453e-08,0.990468101989274,5
"19854",8.9475811150619e-05,5.87237079683389e-05,0.00616301599041207,0.993300820628013,0.000387963862455743,4
"19856",1.02422756278539e-05,0.997311169579512,3.27550271230799e-11,0.00267535644958416,3.23166252061695e-06,2
"19858",2.14175756294256e-05,0.999928662198077,2.95884758754187e-19,2.58338457212804e-05,2.40863805728393e-05,2
"19860",0.00164743686658334,0.00724607986096789,0.00131808366870543,1.3702590334955e-13,0.989788399603606,5
"19862",5.67596874533993e-06,0.000538440258337994,0.999437079663298,6.42729020951525e-09,1.87976823279054e-05,3
"19864",2.00438600249505e-07,0.999999799561375,3.70556550410173e-24,1.20177078883707e-29,2.4519895769678e-14,2
"19866",1.73180324392661e-06,0.774518249839155,1.33207317302879e-15,5.93252339022103e-26,0.2254800183576,2
"19868",0.999999999853637,1.46362982860009e-10,3.85743443527251e-39,3.36245992110879e-40,4.04640911866601e-16,1
"19870",1.10166077719162e-05,0.00188366350913811,0.971759679421204,9.1510300278918e-06,0.0263364894318577,3
"19873",6.31948017647775e-06,0.103267977460908,0.0477383472022178,4.96887900059229e-08,0.848987306167908,5
"19875",0.00989915721830274,0.00253185406116438,1.01130967450648e-13,5.78836537240703e-28,0.987568988720432,5
"19877",0.000453078132182608,0.00597840332315223,0.13175888935468,1.47208615724445e-05,0.861794908328413,5
"19879",3.39372924152336e-05,0.0345795704858488,2.09422821930869e-07,8.79451130477376e-07,0.965385403347784,5
"19881",3.71675407168171e-06,0.627906794953097,0.00254602882133618,5.70748016936337e-08,0.369543402396693,2
"19883",1.87879039722927e-07,0.217536995574443,0.75838033960019,8.22397423393886e-10,0.0240824761239296,3
"19899",0.149536819753902,0.0103620559654936,8.04401700599608e-09,7.06453906640303e-22,0.840101116236587,5
"19908",0.0033812392711766,0.996618760563162,8.68071295738326e-27,1.37527739857407e-27,1.65661917624818e-10,2
"19910",2.08268362947818e-05,0.00848789778996394,0.000777206491233559,5.59474747987272e-07,0.99071350940776,5
"19912",8.63835407777918e-06,0.0737070118189455,0.926281766804118,8.81460933604845e-09,2.57420824914048e-06,3
"19914",0.000942254814846941,0.0500142216147164,5.76966254701637e-07,1.6113153963284e-09,0.949042944992867,5
"19916",5.00554007427207e-06,0.999991757598794,6.16577591255744e-31,1.21348179748528e-24,3.23686113135143e-06,2
"19918",1.64842722930318e-07,0.02553537247725,0.814744154483468,0.141291549158055,0.0184287590385037,3
"19920",5.10726133409029e-06,0.0030689240652001,0.00502439740153759,0.991848391153492,5.31801184359775e-05,4
"19922",0.999838985954848,2.23859785215525e-10,6.04613452908779e-12,5.42996943600623e-30,0.000161013815246514,1
"19924",7.04465594626008e-05,0.0286419471103561,0.0150539654833443,0.0228214097534671,0.93341223109337,5
"19926",0.037187214199806,0.0206826308135634,7.81798021101613e-11,1.13359948902605e-27,0.942130154908451,5
"19928",9.64693511333256e-06,0.999990353064887,8.40652963204443e-21,4.48851940705467e-28,4.17119154910268e-22,2
"19930",7.90096743464027e-05,3.98752345722348e-05,0.952683058343651,5.1386760531507e-08,0.04719800536067,3
"19932",6.93545213670262e-05,3.89129136783843e-06,0.998155370594607,7.90502313415786e-05,0.00169233336131645,3
"19934",6.62770058705204e-05,0.0280060064024995,6.35473432851984e-13,1.17420635032932e-13,0.971927716590877,5
"19936",0.16624045192702,0.000604989723330177,0.0179764338034732,5.90348086178358e-12,0.815178124540273,5
"19938",0.000874643832217091,0.860894610545178,3.32107140022043e-29,8.17485821082778e-20,0.138230745622605,2
"19940",6.04243779625251e-07,0.0698562841480571,0.00514925631184167,1.94281457690721e-06,0.924991912481745,5
"19942",1.2743410871264e-06,0.999998725658381,3.7277835341744e-13,1.91546536493915e-26,1.58631103005621e-13,2
"19944",3.95231174580307e-05,0.0494896367493175,7.28015814118301e-06,2.15724622353863e-10,0.950463559759359,5
"19946",9.2473648189297e-05,0.0578415234191458,0.00259991138828709,0.00011430930972385,0.939351782234654,5
"19948",1.21195745454406e-08,0.999999980462467,7.41712196872814e-09,4.76894925673259e-20,8.36205531670762e-13,2
"19950",5.59000784931127e-06,0.00155363872778641,6.51670259976947e-09,0.998440762241451,2.50621039440228e-09,4
"19952",1.21195745454406e-08,0.999999980462467,7.41712196872814e-09,4.76894925673259e-20,8.36205531670762e-13,2
"19954",2.34377369017854e-05,2.22143943919245e-05,0.99017662872125,1.6644690397833e-05,0.00976107445705799,3
"19956",0.641337059819712,0.358374199453707,0.000287511631476764,1.22742362672603e-06,1.6714781235421e-09,1
"19958",0.999999999997939,2.03369445215726e-12,1.84351525469041e-30,6.23745576995581e-34,2.70850607260993e-14,1
"19962",0.00379969739999737,0.93176629747199,3.3017665467536e-08,7.87795341041755e-06,0.064426094156937,2
"19964",6.46694990282228e-05,0.129939727701068,1.64126531665302e-05,1.40103824593548e-07,0.869979050042912,5
"19966",5.16487667437626e-05,0.878092962538529,1.91334540255036e-32,3.36892597218334e-41,0.121855388694727,2
"19969",4.35690823125975e-05,0.0854919935769273,0.744313871282707,1.99818799014984e-14,0.170150566058033,3
"19972",1.39327177397921e-05,0.859689098118714,0.0980904162122861,0.0378623216558615,0.00434423129539877,2
"19974",2.13502234968868e-07,0.0238270472673946,0.0229616798510823,0.953211058712243,6.67045503306772e-10,4
"19976",0.000121718571630559,0.0556044992231938,0.0631219759552211,0.00553663854731496,0.87561516770264,5
"19978",1.12903921639434e-05,0.0156017724253726,2.82830291988462e-06,4.85725790023364e-11,0.984384108830971,5
"19980",1.55882496927006e-05,9.29563274430002e-05,0.0549718041750915,0.944867334608519,5.23166392539446e-05,4
"19982",0.0992380507498704,0.0559482832267846,0.00112350171352268,0.838116162812538,0.00557400149728384,4
"19984",2.49884698237977e-07,0.0525730421467508,2.64512067223739e-11,0.947426685302859,2.26392407981222e-08,4
"19986",0.000436956649963995,0.238617164418396,2.19807956748468e-35,3.96405657386259e-37,0.76094587893164,5
"19988",0.0108768985798278,0.0735292250564666,1.74327580352542e-50,2.91616544430834e-47,0.915593876363706,5
"19992",0.00640339307751287,0.0759529193909469,1.48473959504019e-34,3.36923901247966e-29,0.91764368753154,5
"19994",0.000344013068532714,1.42800246506009e-05,0.926766874679304,4.95497433294688e-09,0.0728748272725386,3
"19996",0.000132098949887041,0.010485292509379,2.38085373540767e-30,5.79862160236742e-26,0.989382608540734,5
"19998",1.58232143099812e-06,0.999950310798538,1.61827676176788e-10,5.50851249696485e-16,4.81067182026762e-05,2
"20000",0.998450661113467,0.00113147809324744,0.000365882678532756,1.87642533036371e-20,5.19781147532346e-05,1
"20003",0.00193240558913795,0.000767711066076604,0.0246845066107247,5.21103062156975e-19,0.972615376734061,5
"20005",6.62854175582436e-06,0.000632281754432308,0.000172123662386512,0.999176224993339,1.27410480861666e-05,4
"20007",0.000878495845619532,0.0225004686867457,1.3316220806366e-08,1.4147749345491e-14,0.9766210221514,5
"20009",1.33380270578816e-06,0.996878141206286,1.94052025249867e-31,8.48237115989198e-20,0.00312052499100838,2
"20011",8.65321074504522e-06,0.821746920776372,0.0359832630106156,0.0074340394759512,0.134827123526316,2
"20013",0.000299683140216395,0.00984582202928544,0.617654157546556,0.249060070692718,0.123140266591224,3
"20016",6.79915262313511e-05,0.981586647247065,1.13235608357782e-40,2.98919215642143e-27,0.0183453612267032,2
"20018",0.999999055456179,9.44537644148415e-07,4.04945913794682e-82,2.44732397943593e-82,6.17652267360439e-12,1
"20021",0.0005401251151556,0.00301890980767202,1.18870686675678e-12,2.87864867804587e-29,0.996440965075984,5
"20023",0.0015960284543674,0.0970011483035809,3.02642475358495e-09,1.3550355348815e-10,0.901402820080124,5
"20025",0.999630252427363,0.000256821326533313,2.90894732361097e-49,2.09829040637448e-65,0.000112926246103401,1
"20027",0.000292558819679243,0.00972487206542989,0.9886482676114,5.88491484252044e-15,0.001334301503485,3
"20029",3.1302026157831e-06,0.174624934239279,0.819770792696879,3.3963501528864e-09,0.00560113946487605,3
"20032",3.00647973073314e-05,5.59872932554596e-05,0.997950435170381,1.45517574725818e-10,0.00196351259353876,3
"20034",1.217587725051e-06,0.999997148996244,1.63137823407836e-06,3.30366077029603e-20,2.03779701993297e-09,2
"20036",0.156997563713867,0.839211829388637,8.05414938952621e-07,6.27137849496605e-09,0.00378979521117903,2
"20038",0.0121616449255507,0.00170091103566922,4.87306203966398e-24,2.44241881154032e-40,0.98613744403878,5
"20040",0.00189380901414635,0.998095013329828,5.34392859260568e-53,2.25313143509638e-38,1.11776560255191e-05,2
"20043",0.00420483991480841,0.00180820017705754,1.32531024363e-15,6.88539311974742e-23,0.993986959908133,5
"20045",0.104843755304644,0.215090255711976,2.03401493649539e-52,4.56985589872995e-37,0.68006598898338,5
"20048",2.72857159056119e-06,0.00785866033369029,2.62983620558218e-12,0.992138611091874,2.15275194498358e-13,4
"20051",0.0541715054657029,0.00589759935557778,1.74809853383094e-07,5.42403094444998e-14,0.939930720368812,5
"20053",4.31754026225283e-06,0.521454471244415,1.06224244027041e-12,3.28374998858098e-09,0.478541207930511,2
"20055",0.221147106870571,0.000196729347989951,3.61420265972614e-20,4.6910019063051e-48,0.778656163781439,5
"20057",0.999999999999739,2.61047678094861e-13,5.75830947883321e-46,1.02908937811198e-47,6.36846349531804e-29,1
"20059",0.04696112133204,0.314675858222441,2.26615738616143e-15,2.00018390901549e-18,0.638363020445517,5
"20061",0.000985798837656308,0.0553704309157537,1.46961595652739e-09,5.90584125305552e-18,0.943643768776974,5
"20063",0.000367303597074799,0.999632696402181,2.53444737214974e-45,7.43382676115482e-13,7.05433281133709e-16,2
"20065",0.996782796987924,8.22455009975763e-08,5.78523689088069e-47,6.84883228177896e-76,0.00321712076657496,1
"20067",0.00940064142426575,0.262802083196717,5.01268538831346e-25,1.59606512320665e-13,0.727797275378857,5
"20069",1.86884560321518e-05,6.10210200102312e-05,0.00973662668681512,0.990158927523923,2.47363132192167e-05,4
"20071",0.0049197898949609,0.984651690160801,3.55137750335691e-13,7.75136877952963e-23,0.0104285199438832,2
"20073",8.55434908735404e-07,0.159392903548048,0.000248775077107011,0.838946290151303,0.00141117578863303,4
"20075",0.999999999998426,3.37273520326102e-13,1.61487212078116e-31,3.45859375668155e-50,1.23666868337647e-12,1
"20077",0.000954446550711432,0.0870869921670612,3.80815502106169e-12,4.39298495542884e-12,0.911958561274026,5
"20079",0.000191369495912109,0.995343992321206,3.63577554081453e-15,5.67772889078719e-10,0.00446463761510521,2
"20081",0.416908340674291,5.43585395039786e-05,1.29299213936333e-18,1.84546429947961e-22,0.583037300786205,5
"20083",0.000177439679871141,0.999822553434295,5.32463893922285e-19,3.5696488774645e-09,3.31618456845845e-09,2
"20085",0.0072495410291341,0.0171056029298442,4.50939719163601e-48,1.31337646280324e-51,0.975644856041022,5
"20088",0.00112779976802577,0.0127007982838813,6.97478106828667e-21,4.9756763680572e-27,0.986171401948093,5
"20091",0.999997090039146,1.24182006080808e-08,2.3754027266726e-32,7.82725066996085e-34,2.89754265365829e-06,1
"20095",7.55896403069368e-06,0.999992230405951,1.57871547706208e-22,9.88171655938423e-09,2.0074830159296e-07,2
"20097",0.115548467151983,0.00681473374977651,9.34231845812456e-48,1.91074637963929e-54,0.87763679909824,5
"20099",5.04684657320949e-11,0.997085628176759,2.01911967732299e-21,1.36732416235782e-13,0.00291437177263558,2
"20102",0.978967092815826,0.0210328901784138,1.41918991502555e-22,8.70196462079941e-09,8.30379615796865e-09,1
"20105",1.61172970039558e-05,0.0292643999278736,5.01744497413497e-19,1.78501632147942e-18,0.970719482775122,5
"20107",0.000221066366610015,0.0341748026194283,4.07075369682611e-20,1.00172090023476e-22,0.965604131013962,5
"20109",6.78259962243205e-08,0.800788171325206,1.26130428842501e-13,4.99195939239361e-05,0.199161841254748,2
"20111",0.999999999849371,9.37247068923303e-12,4.75882607737622e-14,5.57902023428098e-21,1.41208773938959e-10,1
"20113",0.00299144523239439,0.336981945017039,2.20536093158214e-14,2.94532196468796e-29,0.660026609750544,5
"20115",0.777880928088955,0.00109432371570964,0.217419300674455,4.06869129013346e-15,0.00360544752087666,1
"20117",0.986953339589317,0.0130466593976219,3.77617971592634e-42,2.920960392148e-53,1.01306126251955e-09,1
"20119",4.08655607494815e-06,0.950217827962681,2.21151765447089e-26,5.03680753703588e-42,0.0497780854812438,2
"20121",0.00164925154915898,0.0707645385109059,1.26491594709044e-24,3.67138330269628e-29,0.927586209939935,5
"20123",0.999996407264424,2.16923010629653e-08,4.44365657243429e-37,9.93488445438837e-56,3.57104327475115e-06,1
"20125",0.00046035662456559,0.000178324777128477,0.996656468220422,0.000201056769411781,0.00250379360847214,3
"20127",0.00197572002252537,0.0331685435840583,3.61209493704567e-42,4.17478508117295e-31,0.964855736393416,5
"20140",0.861791045031272,0.000336350321002921,1.64580621590406e-15,6.95836810815282e-37,0.137872604647724,1
"20142",5.10118491566859e-05,0.000742475892840453,0.000186269457546261,0.999020227028234,1.57722222952734e-08,4
"20144",0.984539010383294,5.3483594072879e-05,0.0150600293964766,9.74787790618705e-12,0.000347476616408643,1
"20146",0.868165428103834,0.130672022827764,1.14694255258301e-05,0.000127233117227143,0.00102384652564901,1
"20148",0.0146872103718968,0.00192702638134436,0.259585142620137,1.08222029632019e-12,0.723800620625539,5
"20150",2.59989652979881e-06,0.00276620416283422,0.453383428629207,0.543846551409121,1.21590230782506e-06,4
"20152",0.00263950330680268,0.00676751960310799,0.131710112198826,9.89842499433904e-09,0.858882854992838,5
"20154",0.999954852230784,8.19982550715362e-06,2.53457352629539e-45,2.05392140714255e-36,3.69479437091557e-05,1
"20156",0.184709121565997,0.69771401532224,4.48382719456516e-12,6.58935825406973e-08,0.117576797213697,2
"20159",0.00134544703831164,0.00115386293155506,1.49424151364622e-07,0.997484204415569,1.63361904132885e-05,4
"20161",0.0111812069356158,0.98609099222202,6.72842106643199e-10,0.00272755853781603,2.41631706362513e-07,2
"20163",0.191092813488849,0.000398606019016774,9.62294367069283e-05,2.67256475461194e-27,0.808412351055428,5
"20165",8.26968926290504e-05,0.991514635521314,1.31804013913969e-17,0.00776007143337691,0.000642596152680105,2
"20167",2.41372056069248e-05,0.000964913510650896,0.862840131559594,0.000650245208553351,0.135520572515595,3
"20169",4.4196070263563e-06,0.00130820635881233,6.18120528992838e-09,0.998687367847116,5.8400861315058e-12,4
"20171",0.999994661065876,5.33197914788018e-06,3.08093078408411e-58,2.87949732429397e-40,6.95497593314273e-09,1
"20173",1.17826564783227e-07,0.99999988212858,2.19039568577691e-28,1.06311723901756e-14,4.48448654019899e-11,2
"20175",0.0033461165252483,0.0091761717815652,0.43063048546296,0.00105503202611212,0.555792194204114,5
"20177",9.30723064006091e-06,0.986550397213391,7.91732655590803e-20,1.16065084181754e-17,0.0134402955559686,2
"20180",0.0249192866684423,0.0099810802718386,9.41736738788787e-29,2.00665238978174e-54,0.965099633059719,5
"20182",0.707589115831878,0.292410531482645,2.80099357925312e-20,3.5268547693745e-07,4.75564461104768e-25,1
"20184",7.87846741399817e-06,0.00618662721215853,0.000473415293485887,0.993163104422507,0.000168974604434829,4
"20187",0.000361332078373109,0.999637882749277,1.50939089428681e-11,1.28333318456104e-11,7.85144422797076e-07,2
"20189",2.88935752862622e-07,0.122920944558464,8.60804628210495e-11,6.23754169686095e-22,0.877078766419702,5
"20192",0.977618073117869,0.0223686371232622,6.89015255821299e-32,2.2273369251122e-51,1.32897588686621e-05,1
"20194",0.000243885290047595,0.999740482783654,4.03760723959559e-06,1.15905126567996e-05,3.80640204270287e-09,2
"20196",0.264022738755691,0.00676342449499356,3.06725757032759e-37,9.57269538410662e-42,0.729213836749316,5
"20198",0.495290733856793,0.0386069460816049,4.1085980940751e-05,7.87529579073078e-12,0.466061234072786,1
"20204",0.000162515861013957,0.000466212609778746,0.853564021018048,0.145569334752982,0.000237915758177371,3
"20207",0.42235282453604,0.024276644200108,7.06419929394064e-32,4.0240564573375e-22,0.553370531263852,5
"20209",0.999974076196812,9.55083122419621e-07,2.17120740884089e-09,6.38111586072237e-40,2.49665488582396e-05,1
"20211",0.999939712686635,1.58248005897888e-09,2.84111031594726e-28,3.36586924548328e-41,6.02857308848562e-05,1
"20215",0.0081890102552493,0.0302447655180203,3.23858562354085e-16,2.6539409104847e-26,0.96156622422673,5
"20218",7.60728921082552e-06,0.000376942010087972,0.00658696915920143,0.993028059764882,4.2177661755992e-07,4
"20222",0.279952344003916,0.000172959727984259,5.12635774807972e-22,3.31724629425923e-23,0.7198746962681,5
"20225",0.992636098460153,0.000866899655351548,0.00643700146171806,1.08475223163244e-11,6.00004119296941e-05,1
"20229",0.946098340042787,0.0465068311318259,4.6510318732159e-10,2.4816778250334e-27,0.00739482836028432,1
"20232",0.0597149267423576,0.00621230787582933,6.67056252312476e-12,8.48835888233934e-19,0.934072765375142,5
"20234",0.99950992051503,0.000317724074143573,1.03547524820568e-69,1.27184357195307e-77,0.000172355410826499,1
"20238",0.00602780564857258,0.143794954087741,9.32412903582575e-23,2.23269503704447e-22,0.850177240263687,5
"20253",0.0109184607766511,0.161465038733807,3.00939236535684e-30,6.97857837413202e-34,0.827616500489542,5
"20255",0.00319569492258399,1.65337145655704e-06,0.966930371983604,2.4180965242128e-08,0.0298722555413907,3
"20258",0.000453221200540424,0.00468503795709947,1.97397580566824e-26,5.24744511681851e-35,0.99486174084236,5
"20269",5.88303675112941e-06,0.0818719337903824,1.95143382129773e-14,4.48893937161185e-10,0.918122182723953,5
"20271",0.000192444908682746,0.56095102241055,6.6936133349836e-29,2.79617998390855e-42,0.438856532680768,2
"20285",1.27807274861531e-05,0.999960304847582,1.30435811320505e-11,3.25112762157462e-14,2.69144118556575e-05,2
"20288",0.00814247348973196,0.0221063632158002,5.86289765941372e-16,1.25595640610798e-21,0.969751163294467,5
"20291",0.759521075213128,0.0184735132498934,3.56101838173188e-35,3.66314882783894e-31,0.222005411536978,1
"20295",4.51841491929541e-06,0.996220879227525,1.2106186490026e-16,1.15249564867938e-18,0.00377460235755499,2
"20298",0.000165309898574249,5.09589573376133e-05,0.996851834611442,1.68542282716686e-07,0.00293172799036307,3
"20302",1.4686928360738e-05,0.290791177876401,0.000413357132784747,0.705430295725506,0.00335048233694767,4
"20305",0.000164745028993183,0.000173172356558453,0.998231795401075,2.89880380330436e-12,0.00143028721047469,3
"20307",0.00223882408486269,0.0204836138138364,6.38017947961557e-31,4.91948849878458e-30,0.977277562101301,5
"20310",0.0811569683167056,0.624631330929865,6.37518012655074e-57,8.57417587373758e-52,0.294211700753429,2
"20313",2.7884711612222e-06,0.0498416851657213,5.78449817641903e-11,0.950155526296565,8.70740164428155e-12,4
"20315",0.000122488920687636,0.0141020962974726,1.04176544374372e-25,7.48062543862705e-30,0.98577541478184,5
"20319",0.963442293057304,0.000564067716929384,1.05601858322232e-36,9.01090748700849e-51,0.0359936392257671,1
"20321",0.00437277473487212,0.196052029763047,7.06837350532718e-30,1.95199164351422e-29,0.799575195502081,5
"20327",4.01501604420658e-06,0.0397313552671235,1.68214774472387e-28,6.28514364785915e-30,0.960264629716832,5
"20329",4.72314975885879e-07,0.999998404395059,1.10567362253484e-06,1.76135919291472e-08,2.75013200355747e-12,2
"20335",0.345667348414393,0.00584627952097885,4.25743658813866e-39,4.62263506888028e-31,0.648486372064628,5
"20337",3.93537589762696e-05,3.81430449663117e-05,7.35923583923172e-05,0.999816161688996,3.27491486695267e-05,4
"20339",0.999927552237335,7.22522896398569e-05,8.92666498394041e-22,2.15235973657771e-48,1.95473025231914e-07,1
"20341",0.999654253132592,0.000345235813202655,8.63455153882955e-42,7.21423124141235e-24,5.11054205282256e-07,1
"20343",0.0146399500207072,0.966435681762753,1.21704684577089e-42,7.93344841569457e-24,0.0189243682165403,2
"20345",0.00206825469400876,0.0239755075155201,0.00534837791554277,1.6874128898888e-20,0.968607859874928,5
"20350",0.989979054689954,0.0100186112657171,2.2071444947504e-24,1.11000436094365e-20,2.33404432863151e-06,1
"20352",7.51658785464719e-07,0.00163223343666905,1.39969238735346e-08,0.998367000143323,7.64298934587967e-10,4
"20355",0.00389603262093901,0.987106678823034,2.78194858714005e-11,0.00896113117765637,3.61573505508014e-05,2
"20358",6.84866002101597e-08,0.998324661710136,0.00167510507218442,1.64190568112814e-07,5.40511416071358e-10,2
"20363",0.000290909773571696,0.0472285661479206,2.66437574570541e-23,3.79001944903096e-26,0.952480524078508,5
"20365",0.709002297091093,3.97212547730921e-06,1.92718842316732e-18,1.74383765850516e-31,0.29099373078343,1
"20379",0.801720651683677,0.000193421346759884,0.0601206631722275,1.04532147187371e-06,0.137964218475864,1
"20387",0.00242256724026921,0.00429295884528597,3.00203213441531e-19,1.06120931613314e-23,0.993284473914445,5
"20392",0.999949689457182,3.14799863117386e-10,3.99246308297584e-34,6.87956449211024e-54,5.03102280182787e-05,1
"20395",0.0583042823832889,0.00724480430856868,0.27719333092491,2.41878885457982e-05,0.657233394494687,5
"20397",5.87061966136571e-09,0.999998228246939,1.68519191898556e-14,1.76588242448966e-06,2.59582784753281e-22,2
"20410",0.000333784252150419,0.0093631874864708,1.34244042238176e-14,7.81623402241721e-37,0.990303028261365,5
"20414",0.000437363436197876,0.048053923615855,0.863231607346886,0.0102830124431068,0.0779940931579547,3
"20417",0.99970976549843,0.000290234501365671,3.44793808798122e-91,2.28232463152727e-96,2.03918196309326e-13,1
"20419",1.36131547306713e-07,0.110701576362738,2.93921237317495e-33,2.79207029901457e-29,0.889298287505715,5
"20421",0.983279120784186,0.0100280364374937,3.59609445550502e-06,0.000578939904603123,0.00611030677926153,1
"20423",0.0104589493240904,0.00038590851021906,0.896002252322804,0.087326137178785,0.00582675266410122,3
"20425",0.092165741653924,0.107730074233071,0.253165568326383,0.46117766206233,0.0857609537242918,4
"20427",0.00224558384307388,0.00958255325070446,0.00043726231969382,6.87948462413908e-17,0.987734600586528,5
"20429",0.0013107881913684,0.998531262554842,2.20870212352148e-35,2.24831559895381e-25,0.000157949253790022,2
"20432",0.000236301671152609,0.154844261266157,0.790425258457632,0.0543172832104271,0.000176895394631445,3
"20435",0.314253495264441,0.00823579909736723,8.3072173068323e-09,1.16605235236155e-24,0.677510697330974,5
"20438",0.000379468160554416,0.620439200166185,1.58624123097663e-22,1.68840079425139e-14,0.379181331673244,2
"20440",1.17718105296795e-06,0.0676565629022273,3.43866351238298e-30,2.57728196612506e-21,0.93234225991672,5
"20443",0.00475109333739966,0.543859189630186,8.7261984765065e-13,0.451389267562806,4.49468735544678e-07,2
"20446",6.0856182435683e-05,0.486381874066754,1.19543016866927e-10,5.16359773396289e-13,0.513557269630751,5
"20449",0.00471218552377347,0.0536492612251425,1.62464310010471e-11,1.11244937037293e-20,0.941638553234837,5
"20537",0.595802703095805,0.0192877845046191,5.40994835740289e-23,7.63330344821105e-23,0.384909512399577,1
"20540",0.999996861188154,4.45426041061864e-10,9.61770475667552e-43,5.0790870121591e-59,3.13836641967115e-06,1
"20543",0.000268317931631,0.0166403154719429,8.35078136850859e-08,3.8809915943538e-11,0.983091283049802,5
"20545",0.999996516814822,1.04958141297604e-10,6.78047955860084e-32,7.07941861311599e-40,3.4830802193534e-06,1
"20549",0.00813427600944835,0.00108427509561793,0.021718811458343,0.00434715728055679,0.964715480156034,5
"20551",0.00140277388122753,0.0161820438373744,1.85091665033749e-10,1.59806367886451e-09,0.982415180498243,5
"20554",2.77227016490491e-05,0.005463985496975,1.28250872026596e-14,1.39885075896222e-15,0.994508291801362,5
"20556",0.313599565144009,0.000269659158133098,5.09048157327805e-09,5.93679223931394e-15,0.68613077060737,5
"20558",0.00127308222249704,0.00305945258572924,3.5825289714875e-26,1.48057916400769e-25,0.995667465191774,5
"20560",1.70523553693224e-05,0.0774828923939089,1.48081040119243e-10,2.43928720887103e-07,0.92249981117392,5
"20563",0.0044059783506125,0.028416699353494,1.28965262775661e-39,4.41729614111054e-32,0.967177322295893,5
"20565",0.0276407449158496,0.0274370365994353,6.34303876053355e-13,1.29038070369961e-10,0.944922218355043,5
"20567",0.00179084138720251,0.036554311250076,0.0339915001283175,0.92751364437871,0.000149702855693476,4
"20571",0.790179756215385,0.207121810316175,7.28989811990496e-35,1.83948812861784e-37,0.00269843346844024,1
"20573",0.000609670544008022,0.0606252282149095,1.2280078945264e-11,8.87146741963543e-10,0.938765100341656,5
"20575",6.470079645605e-07,0.320473381527095,5.68670432024691e-33,3.45767253923357e-31,0.67952597146494,5
"20577",0.000259190250762515,0.039377433563567,2.13025155420026e-07,3.16767249781405e-17,0.960363163160515,5
"20579",2.96622839567341e-08,0.182096696994269,1.86988634935189e-08,0.817903254644577,6.49489158896469e-15,4
"20582",0.000211184117101619,0.013018671291174,8.352843471331e-39,7.26422967490594e-39,0.986770144591724,5
"20585",0.878851430138107,5.94780039486907e-07,3.33292400367099e-15,2.56975615700626e-34,0.12114797508185,1
"20588",0.999959689091798,2.44917446868889e-06,1.51773186400775e-21,3.63845954346697e-24,3.78617337328295e-05,1
"20590",2.05791893576704e-08,0.0103792948035505,0.000662489370957111,0.988958195203499,4.28034698357125e-11,4
"20592",5.60078903486569e-05,0.0657591638907405,4.86593967511066e-38,3.16435072633112e-25,0.934184828218911,5
"20594",0.000116211365775515,0.00973965588219164,1.0990390341846e-37,7.00594015469193e-45,0.990144132752033,5
"20596",1.50280491820001e-06,0.0799893668092094,2.92975445431921e-14,1.53137366084331e-12,0.920009130384312,5
"20598",0.000725305985689286,0.0127917562567759,1.48947692315166e-10,8.22554937024043e-14,0.986482937608505,5
"20600",0.724290963148952,0.000686373947208613,3.39486642709188e-09,8.71553375060367e-12,0.275022659500257,1
"20603",0.822605368049571,0.000167849154263697,0.15878786701597,7.73897729363832e-06,0.0184311768029011,1
"20605",0.0049158593888007,0.00884700635561065,5.34159609721102e-23,3.58722447504486e-34,0.986237134255589,5
"20607",0.000120948360227242,0.0239603842083241,2.4893281273523e-16,1.4019008821014e-21,0.975918667431448,5
"20609",0.000226955907661165,0.00203640520674186,5.1364742846348e-13,4.85406643974339e-18,0.997736638885083,5
"20611",3.3342675196198e-05,0.000642673396361618,0.998904195671597,1.53839622161721e-05,0.000404404294629332,3
"20613",0.00198837584202544,0.000331286832102927,1.31331681286713e-05,3.60111619527108e-20,0.997667204157743,5
"20615",0.0345166313321301,0.00199933779679594,4.57774689896107e-06,2.97110150029491e-08,0.96347942341316,5
"20617",9.32559188308803e-05,0.0150267814858132,1.12184143269379e-09,0.984879944034706,1.74388084826318e-08,4
"20619",2.43792943868733e-05,0.178215031012891,1.43306522747609e-32,5.38891253240854e-23,0.821760589692722,5
"20621",0.00449950327348686,0.0947007846947056,1.75167412209525e-12,4.93407910555749e-14,0.900799712030007,5
"20623",4.74355280845235e-06,0.697150247937478,7.2265843594941e-08,0.302689255593394,0.000155680650476465,2
"20625",0.996616593069919,6.09789921179315e-05,0.00194661830628858,1.59577541457883e-08,0.00137579367392034,1
"20627",0.000324990437311679,0.0178585181226292,4.78002915250297e-07,1.22300596346217e-17,0.981816013437144,5
"20629",0.00237462666866652,0.0155390792524603,2.31423683512634e-09,5.41413166880309e-10,0.982086291223223,5
"20631",0.000169901211496178,0.271946660183945,1.49517869458977e-37,6.50128594382643e-27,0.727883438604559,5
"20633",5.39909087502268e-08,0.00827983556437416,3.88100956038506e-11,0.991720110405896,1.08425898802023e-14,4
"20636",0.0357310582148224,0.94220952934191,0.00785104645305216,2.73546589016847e-05,0.014181011331314,2
"20638",0.788386734967354,0.0417088116671072,5.48482712359949e-09,7.72687306593057e-30,0.169904447880712,1
"20640",0.223029713279442,4.86009786436862e-05,6.64731300921649e-21,1.29087713553788e-39,0.776921685741914,5
"20645",0.0184168786786025,0.00437724338307072,1.93204140080892e-42,4.28553612441171e-47,0.977205877938327,5
"20647",1.75719179474618e-05,0.0314238284352458,3.79801927668939e-16,0.96855859964634,4.66185985882822e-13,4
"20649",0.111520840472204,0.000340638063393153,7.31473135332945e-14,5.50497480052176e-21,0.88813852146433,5
"20651",7.23850024820405e-06,0.999831611329769,5.48502731223292e-52,1.028397333276e-33,0.00016115016998266,2
"20656",0.771223187619914,0.000137789191828933,2.04486421924024e-29,6.99806045675546e-37,0.228639023188257,1
"20660",0.999992475897499,6.15175767049588e-07,9.17131835513331e-28,6.35796976662255e-49,6.90892673361678e-06,1
"20662",1.47021610290046e-07,0.972912318939497,3.73951489190748e-08,0.0270874451297392,5.1514004820983e-08,2
"20664",1.88298695986014e-07,0.995424858312572,2.60666620321718e-22,1.4024231350932e-12,0.00457495338733008,2
"20666",0.999392688298274,4.98684448794676e-09,3.76758981739686e-05,1.27311745035953e-27,0.00056963081670715,1
"20668",8.08534040111667e-07,0.000996939112284375,0.997998023252595,0.000561221677264117,0.000443007423816805,3
"20670",4.78216098429931e-06,0.954972280219404,1.9246045410762e-29,4.09916575579663e-40,0.0450229376196114,2
"20672",0.000339602525274805,0.000179532203911734,0.617017627748946,0.382151388341528,0.000311849180339403,3
"20674",3.72018964445055e-05,0.106403149797864,5.17725818971225e-09,1.869854981125e-14,0.893559643128414,5
"20676",0.00136316314294137,0.804196834832506,0.194400918751397,3.90821653299166e-05,1.10782574248964e-09,2
"20678",1.44300845990558e-07,0.750644992452542,0.24872481176768,0.000630051459534289,1.93978469914763e-11,2
"20680",0.000210148628761846,0.00161257129945247,0.944180313007135,0.0129321571643029,0.0410648099003476,3
"20682",0.000512816741264905,0.555822684509902,0.165022919364798,2.14431521565228e-10,0.278641579169604,2
"20684",0.000166661596019872,0.980524092169848,1.73604919171286e-14,9.84016717747384e-32,0.0193092462341152,2
"20686",2.45437251242016e-06,0.000176761643560377,0.000562332637907825,0.999258026300829,4.25045190399936e-07,4
"20688",1.59453844756668e-07,0.997445942244184,7.34608580336897e-06,0.00254655221616685,4.59182937857979e-16,2
"20690",0.996361557955635,2.03379778042522e-06,1.75264917887809e-24,6.29137425741045e-49,0.00363640824658472,1
"20692",5.20076356422321e-09,0.0286392507713643,2.16225042803587e-09,0.971360741865622,2.12102026670577e-17,4
"20694",9.65487253039797e-05,0.000109829220275543,0.998819220501827,8.66363425221878e-07,0.000973535189167911,3
"20696",2.77538715576978e-05,0.0934260789188062,0.865122509317938,6.12070508154303e-06,0.0414175371866171,3
"20698",0.243284569386733,0.213627946835613,5.58534712181778e-13,6.36741114772587e-13,0.543087483776459,5
"20700",0.000203261894036275,0.997697601595366,8.70749424223109e-24,1.60129478813693e-12,0.00209913650899609,2
"20702",0.986819277742792,4.7639535454613e-05,1.71996985891571e-38,1.18506038717093e-52,0.0131330827217537,1
"20704",0.00157044943871257,0.00335038591390764,2.69596611889056e-08,5.95683515106794e-15,0.995079137687713,5
"20706",0.00131535625539449,0.998494532100367,2.97759399309518e-11,6.9840157803527e-13,0.000190111613764541,2
"20708",5.53542860902205e-07,0.135653832539887,0.864345475833565,3.92147659102632e-08,9.8868921193464e-08,3
"20710",0.550588367872525,2.91945685509854e-05,8.73258975730435e-14,1.12282001035261e-32,0.449382437558837,1
"20714",3.61777634899733e-06,0.0733127385831617,1.36099836962175e-05,0.926659402898634,1.06307581590154e-05,4
"20716",0.000480633181591839,0.0659013135950096,9.3538088398512e-14,1.55790462101509e-24,0.933618053223305,5
"20719",4.97429872757956e-05,0.996469210424118,1.35430485834977e-11,1.37767896725438e-21,0.00348104657506352,2
"20721",0.00010156019542491,0.121439524748656,4.41732038617959e-40,2.54977582996505e-28,0.878458915055919,5
"20723",9.50050223800473e-07,0.999997785000738,8.72338065470512e-21,3.55709640873875e-30,1.26494903860862e-06,2
"20725",0.000467205034607893,5.04467951868033e-06,0.967497232780451,8.43095542108048e-09,0.0320305090744673,3
"20727",0.798085317219808,0.201760209304686,3.43385840734307e-10,0.000154473131916749,2.03034306893126e-13,1
"20729",1.10219195149391e-05,5.91939821761142e-05,0.999854492413455,8.94994024384170e-12,7.52916759037166e-05,3
"20731",0.000714245430107568,1.16641920582844e-06,0.996462313529836,7.24662145277042e-11,0.00282227454838422,3
"20733",0.0845653089423792,0.0391129095566317,1.41757532804585e-09,2.75513342299179e-26,0.876321780083414,5
"20735",0.0184629667136263,0.000448898024065816,3.22955284771477e-05,4.40281348423133e-19,0.981055839733831,5
"20737",5.69421604495517e-08,0.00673494147340219,0.993225318401294,3.84906363773033e-05,1.19254676585637e-06,3
"20739",3.10542450966968e-06,0.00319013293722567,1.00653422268227e-07,0.996806660984792,5.05827885322489e-14,4
"20741",0.000282966119528899,0.00132780170246035,0.813285781822213,0.000649457875893067,0.184453992479904,3
"20743",0.000997380100014793,0.045953859695265,0.548371780010238,1.48342471885098e-07,0.40467683185201,3
"20745",0.00133721752631683,0.0166656626176579,1.24578434236096e-34,6.67000851026463e-33,0.981997119856025,5
"20747",0.000264411174633316,0.000845279307484095,0.998713822621483,1.02617154830391e-05,0.000166225180917129,3
"20749",0.00143394334247951,0.00111622180672023,0.996619854741292,0.000587977211915981,0.00024200289759263,3
"20751",0.959928541968016,8.17952346536961e-06,0.0394478993483491,5.26719057348032e-21,0.000615379160169851,1
"20753",0.000675164903414024,0.000630410535917849,0.988788025034998,1.67719121453241e-15,0.00990639952566804,3
"20755",2.72304300767818e-07,0.999621474530484,0.000378253157480706,1.8555895014434e-12,5.87896086811783e-12,2
"20757",1.37698143049038e-06,0.999998580889912,3.13347162438699e-14,4.29031021243234e-10,4.16995945037034e-08,2
"20759",7.54219524495854e-07,0.762580238803163,4.71311320194596e-27,5.2150178922568e-15,0.237419006977307,2
"20761",0.000153027257904735,0.0010439201178215,0.25688221660669,3.34709833016752e-06,0.741917488919253,5
"20763",0.222413127476415,0.0508541866397216,7.19215238792872e-06,2.76362387027667e-11,0.726725493703839,5
"20765",0.000404688257059054,5.27429519490608e-05,0.931693552013623,0.00673359164317253,0.0611154251341961,3
"20767",1.61216085429196e-05,0.231099415944181,1.23699263820576e-14,2.60288330960714e-26,0.768884462447263,5
"20769",0.982732714795465,0.00114815677773331,3.40295699431002e-20,1.58081922843348e-59,0.0161191284268016,1
"20771",8.28116952556022e-07,0.0998408616786817,0.00206029209588497,0.00530830255173525,0.892789715556745,5
"20773",3.5338284235449e-06,0.999996466076064,8.04809973397946e-14,1.53151276646001e-20,9.54319786755208e-11,2
"20775",0.0432552686485673,0.00349430329559849,0.145718995304168,6.8254918262123e-15,0.807531432751659,5
"20777",0.999658524490235,4.69478344766289e-05,8.126101109999e-13,1.21313155306762e-34,0.000294527674475843,1
"20779",0.000321402472297681,2.02545275415997e-05,0.961507667548953,3.7312874814983e-14,0.0381506754511702,3
"20781",0.999999814368849,1.8563115086834e-07,1.69599494229655e-31,5.906326505779e-35,1.67431520732012e-24,1
"20783",4.15626779243009e-05,0.0244266588419386,0.055213065027895,0.00441796243374552,0.915900751018497,5
"20785",2.65620524851899e-06,0.999997343794618,7.08765603363193e-17,1.3340039372188e-13,5.21476245149297e-17,2
"20787",9.90940576538162e-08,0.00270915061089603,0.99414356077514,0.000766394229448686,0.00238079529045705,3
"20789",0.000169824511290215,0.00461879243660221,4.5994498595755e-06,1.43787295483647e-20,0.995206783602248,5
"20791",1.0433856626989e-05,0.000124596257485953,0.999568613307147,0.000246225201684634,5.01313770558037e-05,3
"20793",0.0147173124511999,0.00420386496487387,0.000949598829272952,1.19659005236074e-20,0.980129223754653,5
"20795",4.90382462282081e-05,0.00711467838781664,0.00451522684132994,0.985022379271616,0.00329867725300932,4
"20797",0.99999759444848,2.40545371609839e-06,5.48100385548097e-21,9.78043030781983e-11,1.25802137155633e-19,1
"20800",0.00182148346055803,2.84480227726129e-05,0.00250822706745429,0.993628929643069,0.0020129118061461,4
"20802",0.000296630313774665,0.000640292357168366,0.813505466123015,0.0185072407764962,0.167050370429545,3
"20804",8.68813028219739e-07,0.00109312162385721,0.998898722015687,5.77199693304827e-10,7.28697022787818e-06,3
"20806",8.08447602327022e-06,0.000684191800941837,0.0803805482011289,0.918918285215209,8.89030669691049e-06,4
"20808",9.72217626235516e-05,0.0149950216940077,2.95249391837791e-11,1.38300040391481e-26,0.984907756513844,5
"20810",0.000185309669749442,0.933365005504773,0.0398835303307509,0.000462218736642957,0.0261039357580837,2
"20812",0.217671431973044,0.000484087440419032,0.666617054608525,7.93556979316312e-06,0.115219490408219,3
"20814",4.92351502411149e-07,0.237880688278705,0.762112447326818,6.37174304196333e-06,2.99932377187527e-10,3
"20816",0.00936315443831007,0.990535849441672,8.48064053970446e-29,3.57691621454804e-55,0.000100996120018506,2
"20818",0.013728183049861,0.00277107067250662,0.0344340852453857,9.97415199371748e-05,0.948966919512309,5
"20820",2.13574029214807e-05,0.0526846799380052,7.10553764089075e-14,0.947293962658971,3.08864980250626e-14,4
"20822",8.62229423294812e-05,0.000160089791951088,0.934580290113786,1.61940784146326e-05,0.0651572030735188,3
"20824",9.92872724582193e-07,0.999999007127249,2.15790679213517e-15,2.40808306341504e-14,2.37008447802148e-18,2
"20826",1.21515171870734e-06,0.000174102285413144,1.33179127421876e-05,0.999811357200958,7.44916743129591e-09,4
"20828",2.72857159056119e-06,0.00785866033369029,2.62983620558218e-12,0.992138611091874,2.15275194498358e-13,4
"20830",3.70248768900828e-05,0.00109612384736748,0.998731220656698,2.79529994398326e-09,0.000135627823744774,3
