"","V1","V2","V3","V4","V5","V6","best$classification"
"19812",0.0355947555571252,0.0164537470977934,0.94738114348977,0.000120875364177946,0.000446594826151329,2.88366498270175e-06,3
"19814",0.000868327401974398,0.00126905504674848,0.994902777912327,3.28466489728293e-06,9.8895653095331e-06,0.0029466654087435,3
"19816",0.00851833260138133,0.976565740341108,0.0147915057131491,0.000119230015931486,3.50945309211354e-06,1.68187533797009e-06,2
"19818",0.000521688536643643,0.0362504386408391,0.952773282015986,3.77666458602409e-05,2.85881874891657e-05,0.0103882359731819,3
"19820",0.000154126456612798,0.999812652929415,2.53713912504403e-07,1.06103190222952e-07,3.28585218732861e-05,2.2749956827504e-09,2
"19822",0.03070163608122,0.922100971024201,6.92307390090161e-06,2.97106937459814e-06,0.0471834140276616,4.08472364219891e-06,2
"19824",9.82302816526294e-06,0.997929023553858,0.000622766039906412,0.000256462551150503,3.7500620534082e-05,0.00114442420638518,2
"19826",0.101237638127201,0.0240831420707401,0.859006839415053,0.0156025334601477,7.05751981910969e-06,6.27894070393856e-05,3
"19828",0.000184665754252114,0.999148169986452,0.000469692562785512,3.58898393444755e-07,0.000195016836842144,2.09596127496634e-06,2
"19830",0.0713830845240358,0.000134854605141222,0.926588923875583,0.00144515987367783,0.000265965930593405,0.00018201119096838,3
"19832",0.035195939493102,0.118807833672951,0.222156309777626,1.1551239629313e-05,0.623825325711798,3.04010489377991e-06,5
"19834",0.676236636797391,0.291322075523698,0.0288643750744583,1.47382818796525e-06,0.00343774988111319,0.000137688895151606,1
"19836",0.0101704869266819,0.256396706885953,0.573923377388329,0.159340756203637,0.000165491760721134,3.1808346772194e-06,3
"19838",0.000902827488278459,2.7128151526664e-05,0.998396440600283,6.04453600400292e-06,3.65485616086052e-05,0.000631010662299554,3
"19840",0.719960529946556,0.226448658952105,0.0520323571804907,0.00154409812482288,6.4981758119004e-06,7.85762021396569e-06,1
"19842",0.000791038667189302,4.59649136342086e-06,0.0721399413063572,0.927036442623082,1.40266023679968e-07,2.78406459841865e-05,4
"19844",4.09307471574154e-07,6.99034074491044e-06,1.90657091674348e-05,2.07740516811302e-05,4.21646060892537e-08,0.999952718426329,6
"19846",1.1768279314572e-05,5.26333053335984e-06,0.887763668440943,0.00298356273653663,9.64734987196039e-08,0.109235640739174,3
"19848",2.93580934272674e-05,8.17748567299942e-06,0.957738832884457,0.000191325106718416,3.58350507022743e-07,0.042031948079217,3
"19850",0.000173936424634207,0.000126316556448812,0.743876542765366,5.33551036819303e-05,2.37674054585696e-06,0.255767472409323,3
"19852",0.00865413211360512,0.661191218604494,0.329439938109632,2.591205018127e-05,0.000140044283060954,0.000548754839026224,2
"19854",8.32381843032683e-05,7.7690192942953e-06,0.995300301073073,4.69918248985538e-05,8.55276181916107e-07,0.00456084462224874,3
"19856",0.000623987624942516,0.00045076068615423,0.0165896071064584,0.000208936401661338,8.89067656981162e-06,0.982117817504214,6
"19858",0.000137896082237618,0.0203583237373283,0.00276005438621149,3.70377767650737e-05,0.000113872020442176,0.976592815997015,6
"19860",0.167869844142679,0.246320451867474,0.585631200964939,5.57486823972496e-05,6.27044222148464e-05,6.00499202954073e-05,3
"19862",3.04062929350828e-05,2.41293431963256e-06,0.984120491534159,0.0102124538753447,1.05197708633701e-07,0.00563413016553299,3
"19864",1.154606645937e-06,1.55605989927874e-05,7.65587805789606e-06,0.999972967647037,7.48588417792545e-08,2.58641042437987e-06,4
"19866",0.0752121553936355,0.880514021018455,0.00297234699089728,0.041289494180235,1.0231490118348e-05,1.75092665874593e-06,2
"19868",0.00581109180238115,5.32649189568301e-06,6.95774764626115e-05,3.1428704988206e-07,0.994040365690702,7.33242515089353e-05,5
"19870",5.21938936665322e-05,0.00017547243829154,0.996556095617939,0.00090936482805357,1.42395171688739e-06,0.00230544927033275,3
"19873",0.00131000022618362,0.0201091642967144,0.975774819228169,0.00194577746804743,4.56413500829983e-06,0.00085567464587721,3
"19875",0.0335220762107668,0.963673594090329,0.00258429871523265,1.48892722101546e-06,0.000218458014757663,8.4041693324597e-08,2
"19877",0.00409499042578932,0.00225908345034755,0.991286229935516,9.50102775081142e-05,1.32816997403056e-05,0.00225140421109912,3
"19879",0.0255275103996055,0.256258210750762,0.711150176608839,0.000254164637094238,0.000944247700895448,0.00586568990280397,3
"19881",0.00363850722125782,0.00713563962170854,0.961925796961292,0.0258125584949993,6.52579170054199e-06,0.00148097190904116,3
"19883",0.00168788091836089,0.00232778055520821,0.716989180352915,0.278895989813802,7.35995116227054e-07,9.843236459757e-05,3
"19899",0.92969797234395,0.0279647187039183,0.0416179596381291,0.000300094468506803,0.000413311765369412,5.94308012663959e-06,1
"19908",0.973634440150718,0.00307441640967672,0.000251768963993656,0.0218227473020444,0.000916910359258508,0.000299716814308756,1
"19910",0.00175011495188532,0.328543103122261,0.668844268221266,0.000455495824626639,4.64100427164698e-05,0.000360607837244585,3
"19912",0.00590429499908188,1.07623565909818e-05,0.502588909978669,0.490299086563698,3.78465955553313e-07,0.00119656763600557,3
"19914",0.405747756543492,0.107423667785197,0.483229130743835,0.000123428109809276,0.00240656322707734,0.00106945359058928,3
"19916",0.000435258320968313,0.626993608401017,0.000269452531759778,0.371952425628579,4.23015680399945e-05,0.000306953549635887,2
"19918",4.4575588881201e-05,0.000238631548006241,0.908611891178033,0.00196559541424019,1.31988535383205e-07,0.0891391742823035,3
"19920",9.47131377209539e-05,1.37632280028068e-05,0.11642441477976,2.9243402982187e-05,7.84564325580255e-08,0.883437786995102,6
"19922",0.000109104726018711,0.0110993673940618,0.231312919790422,7.90425691180409e-06,0.757456481965809,1.42218667769519e-05,5
"19924",0.00548617320813397,0.00587170163020748,0.958418136565458,0.000186325163912144,5.75891799696876e-06,0.0300319045142914,3
"19926",0.711915109062863,0.170517195306148,0.0991008444191446,0.0125630791087887,0.00590308831830494,6.83784750915357e-07,1
"19928",1.38464741802485e-07,3.9643902182655e-08,1.36291937600108e-06,0.999996622030311,5.77779616375459e-09,1.83116387316821e-06,4
"19930",0.00012079198934473,0.000451491768326108,0.999229951113117,5.09509638044432e-05,5.55829436272119e-06,0.000141255871045032,3
"19932",0.000111878572048489,1.81404357211517e-05,0.998318845967855,1.41289752299579e-05,3.24610441812281e-06,0.0015337599447267,3
"19934",0.0323669131174603,0.93920003029581,0.0267713209165274,1.54606164591602e-06,0.00154721854247585,0.000112971066080317,2
"19936",0.0493343144462975,0.00639139440067969,0.943773981029793,2.90211763449958e-05,0.000284065205416811,0.00018722374146831,3
"19938",0.127206949234849,0.870908791994557,0.000225942845807114,2.17756896435711e-05,0.00158906083653933,4.74793986036145e-05,2
"19940",0.000346179784330475,0.0672493136003313,0.903750539622562,0.0281105367419937,6.01272389640574e-06,0.000537417526885956,3
"19942",1.01999358812555e-05,5.9129298373915e-07,1.07180047983337e-05,0.999978011596271,2.04374050247291e-09,4.77126325214167e-07,4
"19944",0.0140089903481455,0.750696541396486,0.233075346719728,0.00212906360800161,5.01783343439075e-05,3.98795932945364e-05,2
"19946",0.0066630389262658,0.0830769164620262,0.889538197169727,0.000193397407224377,4.46130034306459e-05,0.0204838370313258,3
"19948",1.76650541097751e-07,7.96565553230599e-07,5.32069197076963e-05,0.999943673636024,8.3555489610269e-10,2.14539261933917e-06,4
"19950",1.00188564295792e-06,3.45209732883826e-07,0.00167127028816444,4.84646206249483e-07,9.06297404908149e-08,0.998326807340513,6
"19952",1.76650541097751e-07,7.96565553230599e-07,5.32069197076963e-05,0.999943673636024,8.3555489610269e-10,2.14539261933917e-06,4
"19954",6.94074494260873e-05,8.13917920057823e-05,0.999128311385664,4.75627600022647e-05,1.51887007130974e-06,0.000671807742830202,3
"19956",0.108511676287709,4.44712570008033e-06,0.16578660887148,0.0074089658501508,4.67058813569541e-05,0.718241595983604,6
"19958",8.5411508944395e-07,6.98189864162072e-05,0.00153238933562637,7.83496000353536e-07,0.998065220541716,0.000330933525151746,5
"19962",0.0176584240871731,0.15991827674113,0.617209574550423,0.000504578990742435,0.00204311723428577,0.202666028396246,3
"19964",0.000144270457491806,0.0381429218768824,0.924749328139502,0.0243928809979337,1.64892787616004e-05,0.0125541092494285,3
"19966",0.0282833722823015,0.960952429981466,9.13048966274832e-05,0.010631345804904,4.15070613992148e-05,3.99733018211279e-08,2
"19969",0.00450272443846539,0.000313891106046287,0.986750946922966,0.00830867977280578,1.27006104384981e-06,0.000122487698672954,3
"19972",8.70564842137856e-05,0.000441555410529956,0.835944013345332,0.0983813212043954,1.28523876163824e-06,0.0651447683167673,3
"19974",2.99185269602653e-06,4.70859015049634e-07,0.0834481420210652,0.0204327238030765,9.85134495980849e-09,0.896115661612802,6
"19976",0.00287275364765473,0.0103977641264428,0.942066734389165,0.000283375124047705,8.62306982117665e-06,0.0443707496428686,3
"19978",0.000991313983918871,0.754393512031063,0.242684397523992,0.00143770984697782,4.70515459086721e-06,0.000488361459457179,2
"19980",4.09371006464727e-05,6.1512313593215e-06,0.795038689403096,3.53439038255384e-05,7.70659405430717e-07,0.204878107701668,3
"19982",0.00130200695419284,0.000104157567252556,0.140830316506184,1.19079787467731e-05,1.39278657960204e-05,0.857737683127828,6
"19984",2.14792146750015e-06,7.49140954373614e-06,0.00035559883301895,3.82465223569197e-06,5.43887255140357e-08,0.999630882795009,6
"19986",0.006066403133108,0.99374441430691,1.72250065113037e-06,1.36250449721145e-06,0.000186094132627099,3.42220632175545e-09,2
"19988",0.000922507323298176,0.998768471584164,1.22183425800303e-07,4.96711266522182e-08,0.000308847403205408,1.83477991035036e-09,2
"19992",0.0210246705044738,0.978681071169624,2.58014697066603e-06,3.53719106598166e-08,0.000291460524697999,1.8228232211819e-07,2
"19994",0.000481537694295956,0.000570783635497489,0.998856437585306,3.78310062671263e-05,1.94559505144686e-05,3.39541281193175e-05,3
"19996",0.000564795580596978,0.999398362209545,4.82386893054792e-06,2.15719824946041e-08,3.19063995901846e-05,9.03693542813753e-08,2
"19998",0.376769531055016,0.016772724838277,0.126862034646434,0.472432689393955,4.32609258843283e-05,0.00711975914043394,4
"20000",0.228909400095058,4.07465829194664e-05,0.757696312078242,0.00348370221378547,0.00928868955348723,0.000581149476508007,3
"20003",0.00694814768595087,0.00429737397039892,0.987855280298934,0.000777427824880771,0.000119429934928119,2.3402849075043e-06,3
"20005",2.89872960462254e-05,3.82876124492574e-06,0.960229487484658,0.00142841322332505,1.03617380182761e-07,0.0383091796173457,3
"20007",0.383794618991798,0.400708375870849,0.213395380898336,3.01783362421845e-05,0.00123141396375432,0.000840031939019459,2
"20009",0.000867658047205121,0.997515659376831,0.000341657527340197,0.000565036044956182,0.000474874643930879,0.000235114359736863,2
"20011",0.000788387066471633,0.00306922957379254,0.963521699455792,0.0229249959710031,4.02296970876762e-06,0.00969166496323132,3
"20013",0.0142179988856144,0.000318988426005121,0.882070635572639,1.52099388953035e-05,7.35588130498884e-06,0.103369811295541,3
"20016",0.00505794685154351,0.991539907082837,8.98328683351525e-06,1.90669996689528e-06,0.00338437242634588,6.88365247277081e-06,2
"20018",1.98618428166115e-05,0.00609414988438901,6.06466382954288e-09,2.24754563871196e-08,0.993885958786934,9.45740380772842e-10,5
"20021",0.000583967352095574,0.991361046825693,0.00777117818221777,1.43187076500072e-05,0.000269400106793592,8.88255497864618e-08,2
"20023",0.0613639229273033,0.884035917915087,0.0535206765959767,4.4338840076448e-05,0.000937853787863444,9.72899336931148e-05,2
"20025",0.000836793306456165,0.541745342947111,1.45408777199589e-05,1.85176862413911e-06,0.457401404898281,6.62018072577581e-08,2
"20027",0.012129772916745,8.58910527057059e-05,0.70528962340072,0.28246086547329,1.552081214885e-06,3.22950753243237e-05,3
"20029",0.000586189000785276,2.06515301495521e-05,0.97630240974349,0.00783922173426122,5.59713045435925e-08,0.0152514720200092,3
"20032",0.000432458133480788,8.14978443892569e-05,0.994343064679327,0.00511858553651249,4.23665933369388e-06,2.01571469571446e-05,3
"20034",4.65760805197082e-07,3.63025174382444e-06,0.000195963638667612,0.999799523287111,5.87454534280649e-09,4.11187127531771e-07,4
"20036",0.954332757143111,0.0011969771923942,0.0270800652514076,0.000238702608994707,3.50874304978181e-05,0.0171164103735947,1
"20038",0.190745664921932,0.805307611061006,0.000177193803285595,6.82688124034558e-07,0.0037688447958558,2.72979668267994e-09,2
"20040",5.76603977368948e-05,0.988869104797627,2.98477417400914e-06,0.000252631812856771,0.0108147026865907,2.91553101500657e-06,2
"20043",0.00930235542846704,0.988489840796937,0.00172449461496207,1.9816035027934e-07,0.000482624442889492,4.86556394619936e-07,2
"20045",0.000124441774718174,0.995112209397238,1.75657736867911e-07,4.95013447151638e-09,0.00476309614529061,7.20748816035276e-08,2
"20048",1.97844667345097e-07,1.3316427193053e-07,3.72975458159012e-05,2.68121516474174e-07,5.12480727046492e-08,0.999962052075656,6
"20051",0.100735398903371,0.273824173783042,0.600374741415792,1.48807545995317e-06,0.0136660730262164,0.0113981247961185,3
"20053",0.00212818659410281,0.989077162860548,0.00844038475999249,0.000142378648515003,4.79698889708033e-05,0.000163917247871064,2
"20055",0.853072464440832,0.119380010665328,0.00674473978786417,2.29240760565676e-05,0.0207798434851648,1.75447545077975e-08,1
"20057",2.40949936823064e-06,3.199231625178e-07,6.5598773690208e-05,1.88859408991395e-05,0.999224758996355,0.000688026866524988,5
"20059",0.00158560737451839,0.988431652653835,0.00723775046720279,0.000651103300527819,0.00207539367304681,1.84925308686982e-05,2
"20061",0.0103664000414438,0.904092742568954,0.0845890437887787,0.000577889203118316,0.000244687112694069,0.000129237285011382,2
"20063",0.000395576101518077,0.00730791262986536,1.51200040602211e-05,0.000755843072060368,0.000201602594196821,0.991323945598299,6
"20065",0.000832851097418804,0.0994787921658775,2.22563743942952e-06,8.03879402585333e-09,0.899686122994417,6.60532988557973e-11,5
"20067",0.0019348369571269,0.98957803529262,0.000158129826138186,1.30465582588024e-08,0.00815430650202393,0.000174678375533088,2
"20069",7.03223375697167e-05,9.41271487122437e-06,0.528004162331382,1.28517712854479e-05,1.38807202787092e-06,0.471901862772864,3
"20071",0.992291295071329,0.0024323111196402,0.00291862648865266,0.0023052646751655,2.54408055400779e-05,2.70618396722997e-05,1
"20073",4.94472067153326e-06,0.00064104388787339,0.127945902519375,0.000463659391615441,6.33035947831283e-07,0.870943816444517,6
"20075",0.000929127139411039,2.78605352421483e-06,9.35598484086753e-05,4.30644764245854e-08,0.998973829246802,6.54647377524243e-07,5
"20077",0.587329589252469,0.408498598185762,0.00387485136880486,9.11767249242172e-06,1.79554895971958e-05,0.000269888030873916,1
"20079",0.0130352074208826,0.115136598450507,0.0494335787421249,3.23387898270263e-05,0.000825372232768655,0.82153690436389,6
"20081",0.057025112518786,0.807910626910152,0.00471192592632773,5.74972429656314e-08,0.130346602943964,5.67420352742138e-06,2
"20083",0.154080759210498,0.00115763793338803,0.00451631372574031,0.00174368856552201,0.0002009462092154,0.838300654355637,6
"20085",0.00167068146974986,0.996571539500035,2.43493172151641e-07,1.83671128315793e-08,0.00175751669553371,4.74396104916093e-10,2
"20088",0.00383583203590746,0.995376346848317,0.000192245869849065,8.01289948186575e-08,0.000595404148347633,9.09685840685052e-08,2
"20091",0.000236932449472775,0.000992441971397587,3.91443598224478e-05,1.89673913790589e-09,0.998730051477418,1.42784515042589e-06,5
"20095",0.000939863711626094,0.0542691765203822,0.0129340758046217,0.0414242680746694,0.000160598507485283,0.890272017381215,6
"20097",0.00641208011317252,0.985778869266641,4.86984540344208e-07,9.23240715234531e-09,0.00780855366002578,7.43212608390912e-10,2
"20099",0.000116576877539835,0.87297220690291,0.00153563933961095,0.12245214128775,1.33223668611107e-06,0.00292210335550354,2
"20102",0.000220226124474874,0.000847914479641324,0.00158448273875303,3.80490595292767e-07,0.055019596062859,0.942327400103676,6
"20105",0.00100720956834297,0.99520430675267,0.0032370999100078,3.76307409682588e-07,0.00018363502787669,0.000367372433692782,2
"20107",0.0573284109863452,0.942389061002481,0.00022640145705948,2.04016791014024e-06,5.36923575202212e-05,3.94028683593833e-07,2
"20109",1.94275139883774e-05,0.788180803967246,0.0234394920307101,0.00101432552118478,1.11812807043676e-05,0.187334769686167,2
"20111",8.26480563180405e-05,6.22652473621722e-05,0.430106637661005,2.57592173929457e-05,0.560910322420969,0.00881236739695244,5
"20113",0.748887043094492,0.239642708713827,0.0027194436934408,0.00872340756855916,2.6973339370451e-05,4.23590310139864e-07,1
"20115",2.05722964526097e-05,5.37446179144796e-05,0.995963237099341,0.00344694306384286,0.000172364092476329,0.000343138829972657,3
"20117",0.016742359317376,0.0826119583073453,0.00070462709309834,0.39428410211408,0.505652767036733,4.18613136708647e-06,5
"20119",0.0380386591357333,0.916078126797285,0.000105791527566428,0.0457599516660191,1.7449810336646e-05,2.10630594883213e-08,2
"20121",0.0390941921811433,0.960704278409746,2.51322578257176e-05,1.36640544050435e-06,0.000175017388532471,1.33573117328463e-08,2
"20123",0.000850563071430251,0.000543263463235801,6.70248638467432e-06,5.76362256821933e-09,0.998599460064722,5.1506047871888e-09,5
"20125",0.0011085482014733,7.59167522893787e-05,0.912954945043053,9.54364679805795e-06,7.97567891390578e-06,0.0858430706774725,3
"20127",0.000106414520381486,0.999746129055814,3.32096852271725e-06,7.20609836476696e-08,0.000143040746322338,1.02264797537539e-06,2
"20140",0.987137189730523,0.00527473354244157,0.00183887603932041,4.58273769266503e-05,0.00570333329333824,4.00174502643117e-08,1
"20142",8.86529297944858e-06,5.67562317014932e-07,0.00485961034553446,9.63755770861913e-07,2.07783813943374e-07,0.995129785259584,6
"20144",0.0211683284252787,4.33738058184103e-05,0.967105027269583,5.80417061192432e-05,0.0038395916729119,0.00778563712028912,3
"20146",0.361516171398504,0.00184882125362836,0.291320801520746,3.99119478326278e-05,0.000794913839800466,0.344479380039488,1
"20148",0.0327131993250984,0.00425078526398306,0.962770720996575,2.05563000905249e-05,4.26523153579375e-05,0.000202085798895547,3
"20150",1.08120129210229e-05,1.33249405468591e-06,0.534905940051525,0.00184097671688944,6.51727640659809e-08,0.463240873551846,3
"20152",0.0312854694281597,0.0217142568713118,0.946663147794537,0.000119097695046999,7.50778849471134e-05,0.000142950325997571,3
"20154",0.000409999296357484,0.0202875536376807,4.67349366178218e-06,4.12768743595061e-10,0.979293857614171,3.91554536053755e-06,5
"20156",0.628550148140186,0.273201564750907,0.0511860158525639,0.000141541150755547,0.00425421835273268,0.0426665117528548,1
"20159",0.000179916520321256,8.99362711158682e-06,0.418553674619272,8.23704788111301e-06,2.54949009252947e-06,0.581246628695322,6
"20161",0.00171147814509264,0.000196968097812395,0.00541539007651085,9.36147992892183e-05,1.40909751470963e-05,0.992568457906148,6
"20163",0.00146841858023743,0.0343708785802122,0.962209356472059,0.00104601919345243,0.000900541206507064,4.78596753179491e-06,3
"20165",1.01193099018336e-05,0.00735266897965121,0.000710602587541665,1.06356971595846e-06,1.06609311433113e-05,0.991914884622046,6
"20167",0.000516010193765194,0.00226208173415904,0.990635978628293,1.09563945352082e-05,2.71176566786945e-06,0.00657226128357976,3
"20169",7.12661957684247e-07,1.50955510899236e-07,0.00017245418440397,3.13735058459281e-07,5.97051408273003e-08,0.999826308757928,6
"20171",0.000346498174931401,0.00488411050298906,2.61934609860318e-07,2.20455607530648e-10,0.994763862623417,5.2665435971104e-06,5
"20173",2.96036284433005e-05,0.0493707472438585,0.000796298077558185,0.758426080565755,6.66760430017692e-06,0.191370602880085,4
"20175",0.00205430485709635,0.000722662784610055,0.990113295258543,0.000222032569304806,6.39738221788604e-06,0.0068813071482279,3
"20177",0.000689089545961812,0.449173859017023,0.00216969677069972,0.547836824086843,3.1839767847155e-06,0.000127346602687628,4
"20180",0.00387144461765853,0.994547184559959,1.71828930182334e-05,1.09948931574639e-05,0.00155319296917373,6.7032557643166e-11,2
"20182",8.56268602107682e-08,1.41033793638939e-08,0.000172746337735073,0.00119609733088709,1.13870823506928e-05,0.998619669518787,6
"20184",0.000237823666553139,5.29715941764675e-05,0.0391704703655436,6.14618187836445e-06,7.03727179156652e-07,0.960531884464669,6
"20187",0.0032861098472749,0.00196622398758341,0.0011388735489499,0.992521828334842,1.22433828854039e-07,0.00108684184752103,4
"20189",0.000469239742752509,0.937961991901768,0.0428856615891456,0.0186727538738919,3.60253525910991e-06,6.75035718310467e-06,2
"20192",0.000170002859833393,0.81392594455076,0.00292263332129891,0.0267552769586696,0.156223628650942,2.51365849633307e-06,2
"20194",0.110416319855376,3.37305251624005e-05,0.0433537795299098,0.0943516442752416,5.3610713276626e-07,0.751843989707178,6
"20196",0.00317005882493194,0.805116581635673,5.00137147803196e-05,9.92569522805209e-08,0.191663098369968,1.48197694227293e-07,2
"20198",0.173945459295702,0.233979891603044,0.58707996706717,0.000684201507824885,0.00355637444934478,0.000754106076913746,3
"20204",2.27867780082215e-05,1.34251172870971e-05,0.571828935468031,1.61195470179799e-05,4.93402141356599e-06,0.428113799068242,3
"20207",0.0272569789414224,0.895855065672662,0.000122639433161934,1.05403079548051e-08,0.0767306602152265,3.46451972186965e-05,2
"20209",0.0272201262699189,0.000318652881843873,0.859954569386008,0.0620973168329155,0.0504040469896082,5.2876397057734e-06,3
"20211",0.00214160215588043,0.000460616019065415,1.89776855632042e-05,1.11547286874965e-10,0.997378752018028,5.20099154861095e-08,5
"20215",0.84348462054322,0.154475505973149,0.00193762583006007,2.73612036727491e-06,8.94518368688378e-05,1.00596963354234e-05,1
"20218",4.73706432180606e-06,1.20682755359646e-06,0.0196758852309256,1.2955462221595e-06,2.71315428772043e-07,0.980316604015548,6
"20222",0.0491678386378964,0.888989496314146,0.0055143177196826,7.17007504900119e-08,0.0562414143563973,8.68612711272283e-05,2
"20225",0.0478910410043149,8.01792296517686e-05,0.920702325721625,0.000284072712713158,0.000233212438891148,0.0308091688928035,3
"20229",0.997120280001785,0.000104352464988905,0.00243953050787069,1.46951950668321e-05,0.000311820523815151,9.32130647299425e-06,1
"20232",0.69979310104608,0.267915712981719,0.0274084535411806,2.46080612488156e-05,0.004849133477037,8.99089273468429e-06,1
"20234",3.78490939747195e-05,0.88353337676707,1.65782526222429e-07,2.13824440270096e-06,0.116426469468481,6.43545833221005e-10,2
"20238",0.00857611933621233,0.990497593396318,0.000201006200888208,1.14130043783112e-06,0.000717084574901387,7.05519124179144e-06,2
"20253",0.628164600233954,0.371673284081968,3.3633441408232e-05,1.39844753222019e-06,0.00012629111093477,7.92684202406882e-07,1
"20255",0.00261074862390453,0.000122357809622112,0.9968823013954,2.5070618532495e-06,0.000182162793812004,0.000199922315408365,3
"20258",4.24879844337282e-05,0.999872510298811,5.64812543224565e-05,1.31946859399344e-06,2.71792382833179e-05,2.17555556707699e-08,2
"20269",2.75454856101166e-05,0.950363737410628,0.0254858008134503,3.34453483526727e-05,5.45379366679272e-05,0.0240349330052906,2
"20271",0.000114959179075651,0.98776659878305,0.000162591295626376,0.0119487055969263,7.04546685500785e-06,9.96784662302055e-08,2
"20285",0.00857830963003972,0.00203052790550019,0.0234587553033103,0.964960319183581,3.04157692921504e-06,0.000969046400639471,4
"20288",0.761101007707815,0.234360862619627,0.00421318037989313,3.52226913028768e-06,0.000288767820411424,3.26592031231348e-05,1
"20291",0.00423678898108095,0.729431708760089,0.000103907869398682,5.70488900667655e-07,0.266225247497258,1.77640327259847e-06,2
"20295",1.75668852942387e-05,0.794989788019706,0.061256148262223,0.13423067187798,0.000108118558859642,0.0093977063959376,2
"20298",0.000332231503411785,1.03019651573612e-05,0.996844510352203,4.79650524690208e-05,1.09451899208977e-06,0.00276389660776674,3
"20302",5.44453574277923e-05,0.000659341406547884,0.404663438247653,0.00203650973263719,3.07423082499345e-06,0.59258319102491,6
"20305",7.86624093560423e-05,8.16064095337286e-06,0.998402189614294,0.0010986086059954,4.42063526909419e-07,0.000411936665874306,3
"20307",0.000914478426884748,0.998863372075795,7.08188724090485e-06,2.27793215484095e-08,0.000215027943486821,1.68872706270538e-08,2
"20310",0.000151254730775464,0.998758095736529,1.52036243027726e-07,3.8343713687836e-07,0.00109010047094223,1.35883728567365e-08,2
"20313",1.55438121101397e-07,4.45570367132161e-08,0.000609150191511516,7.92209268971419e-06,5.06824040632381e-09,0.999382722652401,6
"20315",0.00930100896702392,0.990342197188129,0.000293787308502379,1.74056747482768e-05,4.53104159170646e-05,2.90445679583214e-07,2
"20319",0.0269674677709159,0.318180883646776,7.48457030876764e-05,2.22295652583315e-07,0.654776480729778,9.98537900196736e-08,5
"20321",0.00608063555348981,0.993855935011563,3.06410655889005e-05,1.29619475381175e-06,2.61530162457046e-05,5.33915835834633e-06,2
"20327",1.91789708306004e-05,0.999936566298746,1.62274901977051e-05,2.45763375913719e-05,3.38240690519711e-06,6.84957292431514e-08,2
"20329",4.41068673095086e-06,3.93228101078409e-07,0.000127104603554386,0.999790028286086,3.10759397270765e-10,7.80628847677155e-05,4
"20335",0.000596235919954265,0.897248137251502,6.93267871896985e-06,1.14517674444993e-09,0.102147983413596,7.0959105177504e-07,2
"20337",8.49222476100602e-05,1.52682166483408e-05,0.80573332226753,8.56792165007485e-06,3.03412365428682e-06,0.194154885222907,3
"20339",0.379224882950136,0.00263601755679924,0.00371979310275964,0.000409182088068924,0.614008080565742,2.04373649348951e-06,5
"20341",0.00301706689589258,0.016982422324404,1.71895518549108e-05,1.04036154919737e-08,0.979598334031533,0.000384976792699753,5
"20343",0.000675763515887926,0.993402461583631,6.01549276671824e-06,1.26828312660055e-07,0.00585830793664816,5.73246427531751e-05,2
"20345",0.00842037868741401,0.00253712234681946,0.961502644190666,0.027515973670999,1.8740178559505e-05,5.14092554155474e-06,3
"20350",0.984182368390062,0.00750181004958276,0.00229491066432794,0.00026347834353027,0.00459590056772334,0.00116153198477349,1
"20352",3.00197838934481e-07,9.05101731518003e-07,0.000422295013814493,2.84842272787023e-07,8.50618200184141e-08,0.999576129782522,6
"20355",0.000541552062158671,0.00183294667568959,0.022120306635767,0.000117771650515883,8.9743288837356e-05,0.975297679687031,6
"20358",3.94589252701065e-05,7.46485089143959e-06,0.0312561785164811,0.951865502201564,1.56928943377467e-08,0.0168313798128989,4
"20363",0.00626374047465328,0.993563070141793,0.000142318235998902,3.72349817161879e-07,2.67174695335761e-05,3.78132820417791e-06,2
"20365",0.111421168398393,0.315635292776872,0.0219131657778587,4.26603833427592e-07,0.551028781466868,1.16497617491773e-06,5
"20379",0.000275061341555643,0.000154843831375589,0.9983879542841,0.000204484505610557,0.000303897386462408,0.000673758650895355,3
"20387",0.000185582810378655,0.99865791311152,0.000253773235015008,8.25647868057925e-08,0.000902555517181987,9.2761117267729e-08,2
"20392",0.000241533005888506,0.00116507072473265,5.78918087129385e-06,1.32615622480497e-10,0.998587604124603,2.83128855632753e-09,5
"20395",0.289610038468748,0.00740860959813278,0.702034863875347,3.69877947562655e-05,8.10594559577771e-05,0.000828440807058257,3
"20397",2.10136375991967e-07,6.02113305810704e-08,5.93158162879426e-05,0.992582393727743,1.94833996393008e-09,0.00735801815992233,4
"20410",0.00109619639693063,0.992985759205916,0.0052110185371314,0.000368935959253252,0.000338077864247719,1.20365206419187e-08,2
"20414",2.16892434930279e-05,0.000552480844972207,0.811546818621576,5.49373790365429e-05,3.07882217055267e-06,0.187820995088752,3
"20417",0.000316521387805534,0.0639853000349434,3.91233325782337e-08,4.76953478238252e-05,0.935650438624569,5.48152596762766e-09,5
"20419",0.0001233976913767,0.999853037067387,8.06844564635812e-06,1.4556694082659e-05,4.63621668432291e-07,4.76479838161428e-07,2
"20421",0.000765460775815256,0.00219968252922979,0.316352700592923,6.22881204051947e-06,0.0119510253634721,0.668724901926519,6
"20423",0.00014952508844765,0.000102433909998969,0.707749556927058,5.07194633958655e-06,4.74981063424608e-05,0.291945914021814,3
"20425",0.0295114853265146,0.000201708553180928,0.313174611455927,1.81579231787011e-06,0.000131022906954221,0.656979355965106,6
"20427",0.00534806586448356,0.0326855251385984,0.961701937400098,6.53286883982194e-05,1.36283327422362e-05,0.000185514575679082,3
"20429",0.0186533640026103,0.978984461764438,6.03411239065373e-05,0.000170932220280987,0.00194356794357073,0.000187332945193401,2
"20432",1.10755220137781e-05,2.34238878029477e-05,0.220785669146944,0.00034199659409914,1.36026324449001e-07,0.778837698822816,6
"20435",0.119554659465618,0.739671751386138,0.124170746629984,0.000240484598431165,0.0163558197431634,6.53817666567729e-06,2
"20438",0.0478808759500468,0.951580978171114,0.000151479451622974,7.47770658168834e-05,4.88629334847796e-06,0.000307003068051021,2
"20440",1.66494212829016e-05,0.999900752867305,5.61548716070207e-05,1.01843041096061e-05,1.03643165221076e-05,5.89421917347806e-06,2
"20443",0.000846241065685387,5.3855928511881e-05,0.00071748025983564,2.38863065563999e-06,5.74506709317678e-06,0.998374289048218,6
"20446",0.00718284359682779,0.556513347871165,0.429431373907791,0.00258909800910749,0.00114198248086098,0.0031413541342483,2
"20449",0.786640687712083,0.17708141451872,0.0338504194548989,7.28105576151489e-05,0.00234889872509789,5.7690315851078e-06,1
"20537",0.000550098374110462,0.683427387523405,0.00428939569054761,1.52498138577731e-06,0.311639037973291,9.25554572604314e-05,2
"20540",9.14187189771261e-06,0.00398011075026306,2.28800142317195e-06,3.01405246604796e-09,0.996008455083512,1.27885183167976e-09,5
"20543",0.00190888735084728,0.171112346506313,0.824083186636277,4.88651543125482e-05,0.000442713000221609,0.00240400135202915,3
"20545",5.65115492058827e-05,0.000439848693742479,1.20336110636845e-05,4.66723089576934e-11,0.999491484967823,1.21131492249533e-07,5
"20549",0.00218445275839107,0.032346864936374,0.953286467945599,1.25826691263978e-06,0.00244789214458966,0.00973306394813325,3
"20551",0.0689266199349573,0.915630021035473,0.0145122165137953,2.88048511349117e-07,0.000841665393966753,8.9189073296028e-05,2
"20554",3.82185008489109e-05,0.997550751922802,0.00235040643008723,4.95613069685365e-06,5.21335065152107e-05,3.53350904948559e-06,2
"20556",0.944251243080244,0.00953583465495201,0.0400296272184782,2.40154373367475e-07,0.00605480598884485,0.000128248903107295,1
"20558",0.00030066110182664,0.999604873968968,2.30352179695011e-05,3.10408734433678e-08,7.1303419954597e-05,9.52504080320755e-08,2
"20560",0.00877342867805366,0.976227733294284,0.0119659851558188,1.21152441036566e-06,3.26380147741737e-05,0.00299900333265893,2
"20563",2.43103437972637e-05,0.9998669084161,2.43116763555613e-06,1.0296951686568e-07,0.000105986149050294,2.60953900519909e-07,2
"20565",0.191612975206658,0.706620010372659,0.0780199014645453,5.24040883538356e-06,0.000483924320692684,0.023257948226609,2
"20567",0.000298273117072702,2.68709025293828e-05,0.0950875871006178,0.000136853682940569,4.39327863981737e-07,0.904449975868976,6
"20571",0.985110682914062,0.0146318643328668,8.47147470746827e-06,1.92535260039304e-05,0.000228670619095127,1.05713326435867e-06,1
"20573",0.136032560936167,0.834908655661041,0.0262804176687045,2.50263774131449e-06,0.00230049471542665,0.000475368380919649,2
"20575",0.000192815440790811,0.999754554384273,5.84704277053954e-06,1.59818509198544e-06,4.51253931385465e-05,5.95539351586555e-08,2
"20577",0.692541694493741,0.0279260038877047,0.278812725801379,0.000306095187276715,0.000378976645340667,3.45039845582302e-05,1
"20579",3.1005306286643e-06,5.63303138915605e-07,0.00107455570857848,0.0854835259506317,3.39299329376157e-09,0.913438251114029,6
"20582",0.00031444727090307,0.999634583343647,2.55218609590814e-06,9.06093021095484e-08,4.83123688492009e-05,1.42212024971367e-08,2
"20585",0.0301520672989544,0.0583627628533993,0.00838543116270034,2.6511819010751e-08,0.903099006645526,7.05527601024783e-07,5
"20588",0.074182455302884,0.00425231238902829,0.00554582104559606,1.33416062570108e-06,0.915879174314701,0.000138902787165492,5
"20590",1.32001209091721e-06,1.42737198990934e-07,0.00429231482021039,0.000940558601396064,1.847822043142e-09,0.994765661981282,6
"20592",0.000529446546783402,0.999440551359781,1.19624287789312e-06,3.27921401437321e-08,2.82314991664312e-05,5.41559250951004e-07,2
"20594",0.000135752568043956,0.999696445458788,5.08429269353989e-06,6.78070921888745e-07,0.00016203761016618,1.99938607695224e-09,2
"20596",0.000958609380912509,0.991749764943868,0.00544214167998138,0.00159556933599809,1.59863951789245e-06,0.000252316019722491,2
"20598",0.00233657878151964,0.991390291277662,0.00621876889171776,3.84749964765999e-06,4.77028510514841e-05,2.81069840198568e-06,2
"20600",0.711829565518671,0.0182408864414767,0.0591702587654093,2.32787097109572e-07,0.210239502269533,0.000519554217812511,1
"20603",0.00882843774863695,0.000225314587078421,0.987281841563138,1.62153307874834e-05,0.00115571782422043,0.00249247294613894,3
"20605",0.0247462196992516,0.974922347028184,0.000136429048330468,9.55834797300315e-06,0.000185435425022351,1.04512385734303e-08,2
"20607",0.0324514684776722,0.966934137438316,0.000557437747481116,5.30289541841062e-05,3.64997036700739e-06,2.77411978942265e-07,2
"20609",0.000150410683666099,0.988227979406965,0.0115430722268243,1.10321640782383e-05,5.64589778104667e-05,1.10465406559496e-05,2
"20611",0.00047743380890905,1.11351521334411e-05,0.99167522411161,0.00768550852624708,5.20769690828407e-07,0.00015017763140969,3
"20613",0.00136135354473627,0.404592416864028,0.591513519526435,0.000105724479486242,0.00242209330512688,4.89228018707415e-06,3
"20615",0.795802516508885,0.0461003665624505,0.147711138091402,2.8268240668238e-07,0.00970198893372748,0.000683707221128126,1
"20617",1.39003659039848e-06,3.50001391617784e-07,0.00210370911915697,5.07490688091699e-07,9.56303293587722e-08,0.997893947721843,6
"20619",0.0140739582495552,0.985905332668114,6.1336534316403e-06,1.19351461968073e-06,1.1069290988667e-05,2.3126232907136e-06,2
"20621",0.112611666566907,0.878755816769202,0.00840733430749447,4.85197937568248e-05,0.000154275324597211,2.23872380427195e-05,2
"20623",2.01291181139947e-05,0.00117114775533025,0.0081448700694205,0.00087512661566834,7.50004016269732e-08,0.989788651441065,6
"20625",0.0591319991772682,0.000448619575958079,0.88491574488071,5.44192800659461e-06,0.0138166503666532,0.0416815440714035,3
"20627",0.0517643472391894,0.773136002912209,0.174136801974539,0.000695266384964263,0.000265207422688412,2.37406640990818e-06,2
"20629",0.587953997578391,0.337331655990062,0.0735754737607477,4.6521074562658e-06,0.00075078919867714,0.000383431364665311,1
"20631",0.00070146253188792,0.999243326523938,3.40195373411446e-06,7.71035069183627e-08,4.76591325502167e-05,4.07275438272447e-06,2
"20633",9.0096136611336e-08,2.71920210918859e-08,0.000318080113340004,4.53862886641976e-05,2.29912038785387e-09,0.999636414010718,6
"20636",0.288857608923894,0.000248441850345649,0.641185269073305,0.0453411454407224,1.18595782640241e-06,0.0243663487539062,3
"20638",0.968767413268494,0.00388094894248377,0.0255360719102659,6.62416894290306e-05,0.0017405883026236,8.73588670372963e-06,1
"20640",0.0146401143155347,0.909012600025657,0.00156532094553744,8.51446686234467e-07,0.0747811071014938,6.16509129553689e-09,2
"20645",0.0017785328198441,0.995799902622051,5.67152091497271e-07,6.00433798477956e-09,0.00242099046041807,9.41257360662824e-10,2
"20647",2.78306103120172e-07,1.38474278201741e-07,3.82496530890914e-05,2.948256941174e-07,5.78711117415883e-08,0.999960980869724,6
"20649",0.000762950022313688,0.977535229144321,0.0134104172286091,9.48804569671925e-07,0.00828615267146909,4.30212871763279e-06,2
"20651",0.00188849166428808,0.996415580873908,1.88791478502023e-06,1.66834569820266e-05,0.00167070794167236,6.64814836453132e-06,2
"20656",0.000122742077036565,0.968297329732416,0.000658931496836336,5.53085597298763e-07,0.0309192464606867,1.19714742680357e-06,2
"20660",0.000124390967454434,0.0336129582172631,0.00334678369107936,0.000415473419888026,0.96249965416746,7.39536855532407e-07,5
"20662",0.000890485298745837,0.000146488410043938,0.0528230987927771,0.0743120434019849,5.83123209795966e-07,0.871827300973238,6
"20664",0.00362883101237537,0.886566398079407,0.00721152670460634,0.00784797265926898,1.03587668575572e-05,0.0947349127774847,2
"20666",0.000230969876094053,0.000223070250013053,0.95791405793726,3.82192705212493e-05,0.0415642288409586,2.94538251528605e-05,3
"20668",3.64472542035294e-05,3.12691245522456e-05,0.655182421149554,8.79967447101224e-05,1.80459237086784e-07,0.344661685267743,3
"20670",0.00206795426274843,0.996752010274927,0.000366375302520312,0.000651017688218629,0.000160514947284449,2.12752430065714e-06,2
"20672",2.76601542784002e-05,1.94099246412131e-05,0.666477822665529,6.30710154918691e-06,9.52852358466524e-06,0.333459271630418,3
"20674",0.357873805320179,0.601722641518546,0.0401379761093417,0.000130629598963409,3.9119853785167e-05,9.58275991835439e-05,2
"20676",1.07944992675294e-05,3.03799155384657e-07,0.0682355332883052,0.928996443784701,6.98947063878894e-08,0.00275685473386453,4
"20678",6.8621118521164e-06,3.83699620575637e-07,0.0441145697632455,0.92142085364462,8.57113268417076e-09,0.0344573222095288,4
"20680",0.000169806148346312,0.000724107171071756,0.788205572452129,6.69718931950749e-06,1.07548141331464e-05,0.210883062225,3
"20682",0.00130877570159789,0.00148434990754087,0.846032660876294,0.150747768437324,1.97826531393947e-06,0.000424466811929677,3
"20684",0.173011286584859,0.660065654001185,0.0500846447470867,0.114714047259926,0.00211375458335377,1.0612823590437e-05,2
"20686",4.99071399600444e-06,1.92212749013043e-06,0.021013273096471,1.21209603669149e-06,3.05724618187119e-07,0.978978296241388,6
"20688",5.71154255226165e-07,1.16992242883615e-07,0.00151474163378787,0.955186519157859,1.80495878402411e-09,0.043298049256896,4
"20690",0.0591540297300919,0.0249196305643525,0.000702097127742374,1.38535041898195e-06,0.915222813224142,4.40032524679708e-08,5
"20692",2.12092804541218e-07,5.88003763720869e-08,0.000996873162936799,0.0140335676010727,2.27135440724576e-09,0.984969286071455,6
"20694",0.000116798982791573,5.68216646762936e-06,0.990419449602992,0.000146993399417496,3.84651011248582e-07,0.00931069119731965,3
"20696",0.00997837773304842,0.000253480032851167,0.984538441081399,0.000624555729799651,6.35839314358209e-06,0.0045987870297584,3
"20698",0.886553090239454,0.103473076334774,0.00750673292511361,2.24951107543171e-06,0.000569077289638681,0.00189577369994436,1
"20700",0.00347396174772703,0.993328536009605,0.000500036911412303,0.000230157355278787,0.000150795376965715,0.00231651259901162,2
"20702",0.527628467465923,0.0358176533575178,2.22469428483342e-05,8.61874800204366e-08,0.436531531627832,1.44183994551425e-08,1
"20704",0.115913865716737,0.74448622030677,0.139350138218708,6.4187439084553e-05,0.000160777849222931,2.48104694774556e-05,2
"20706",0.714506763879247,0.038251397659263,0.105357016745436,0.137535223832004,0.000532361327026269,0.00381723655702389,1
"20708",6.15164905629222e-06,2.53902319968068e-06,0.0537473795698297,0.946047733483997,2.3123881325518e-08,0.000196173150036053,4
"20710",0.297398129250596,0.390070692630624,0.0282120231520241,5.23278763389584e-07,0.284317817407436,8.14280555936991e-07,2
"20714",2.73236285061696e-05,7.25679336484014e-06,0.00913693124963796,3.01435052167993e-05,8.61946693117366e-09,0.990798336203807,6
