"","V1","V2","V3","result$classification"
"19811",0.000167327380728807,0.994224947456911,0.00560772516236042,2
"19813",0.00581909460070219,0.988025025669878,0.00615587972942,2
"19815",0.0103472887444983,0.989497513944274,0.000155197311228091,2
"19817",0.00137802660014963,0.994996298854659,0.00362567454519166,2
"19819",0.999778177352338,0.000218508656951051,3.31399071088794e-06,1
"19821",0.00282389831553249,0.904727917105767,0.0924481845787009,2
"19823",0.0081552320570143,0.990394592150016,0.00145017579296941,2
"19825",0.179682142862861,0.0182992461687153,0.802018610968424,3
"19827",0.00430246869945327,0.457572790069247,0.5381247412313,3
"19829",0.963306724336367,0.0102973491045616,0.0263959265590713,1
"19831",0.997871028208212,0.0021213918904867,7.57990130176687e-06,1
"19833",0.872445726176109,0.0723157268028161,0.0552385470210751,1
"19835",0.00282389831553249,0.904727917105767,0.0924481845787009,2
"19837",0.00631569411264025,0.88498555269844,0.10869875318892,2
"19839",0.852421894103617,0.0369918501820735,0.110586255714309,1
"19841",0.000104611230561356,0.000171933567792393,0.999723455201646,3
"19843",0.997004768733644,0.00299015937501378,5.07189134276981e-06,1
"19845",0.000126541284341087,0.998175586799792,0.00169787191586716,2
"19847",0.00876512642481296,0.991073646646487,0.000161226928700441,2
"19849",0.000795767314509531,0.989867606446387,0.00933662623910381,2
"19851",0.000537566924583219,0.998988507843938,0.000473925231478561,2
"19853",2.59116107350247e-05,0.997020523148978,0.00295356524028698,2
"19855",8.66011142176176e-05,0.983317149405941,0.0165962494798414,2
"19857",0.011112552353398,0.939467838145935,0.0494196095006671,2
"19859",0.00691500419151524,0.96207410158388,0.0310108942246045,2
"19861",0.000159368597390991,0.999246518915877,0.000594112486731984,2
"19863",4.5591582668154e-05,0.0191360244928126,0.980818383924519,3
"19865",5.7609406785067e-05,0.00691962127852102,0.993022769314694,3
"19867",0.00210776619532743,0.997837495682625,5.47381220476007e-05,2
"19869",7.06853166872521e-05,0.969038677270097,0.0308906374132163,2
"19871",0.0178478281510403,0.886866896565561,0.0952852752833986,2
"19874",0.000332529382589569,0.248454436696136,0.751213033921274,3
"19876",4.83562818996593e-05,0.53332860515541,0.46662303856269,2
"19878",0.694148970848857,0.304686740994811,0.00116428815633127,1
"19880",3.19187725598951e-06,0.00386003446691515,0.996136773655829,3
"19882",0.000173099069176706,0.993260282561053,0.00656661836977011,2
"19885",0.0176062265582302,0.978792794277512,0.00360097916425822,2
"19907",0.000811104523537584,0.998939118519755,0.000249776956707772,2
"19909",0.934022693191117,0.0657063396381027,0.000270967170780119,1
"19911",0.89033493662121,0.0615788957322706,0.0480861676465193,1
"19913",1.43069309368936e-05,0.000210529149569695,0.999775163919493,3
"19915",0.000361545716279821,0.482757433767226,0.516881020516495,3
"19917",0.0005301433593926,0.0306466580922069,0.9688231985484,3
"19919",0.00348312504231947,0.79486375300595,0.201653121951731,2
"19921",0.00110544743748554,0.998745455980652,0.000149096581862641,2
"19923",0.124970160634435,0.87499333069501,3.65086705555626e-05,2
"19925",0.000271400080924276,0.0913996597826636,0.908328940136412,3
"19927",0.000563187393028919,0.997637736382664,0.00179907622430769,2
"19929",3.84522696473902e-06,0.00191199765926772,0.998084157113768,3
"19931",0.00606265139394324,0.988830711342527,0.00510663726353014,2
"19933",0.732352802347024,0.263080333416741,0.00456686423623558,1
"19935",0.0758396981450075,0.916666036356545,0.00749426549844766,2
"19937",0.00268975074633032,0.997102392080428,0.000207857173241279,2
"19939",0.00553557629355738,0.989147152434901,0.00531727127154186,2
"19941",0.776674719297364,0.0344974970768986,0.188827783625737,1
"19943",4.24841914757247e-05,0.0035767210396988,0.996380794768825,3
"19945",0.885915915418956,0.113828469618679,0.000255614962365441,1
"19947",0.107910059012125,0.0539997675886766,0.838090173399198,3
"19949",0.429195790860292,0.570736654884498,6.75542552101653e-05,2
"19951",0.00848762832715142,0.36176718347248,0.629745188200369,3
"19953",0.98722899699459,0.0127688896240458,2.11338136427103e-06,1
"19955",0.982509110751993,0.0174696473085568,2.12419394504447e-05,1
"19957",0.00902780943790348,0.192461796572456,0.798510393989641,3
"19960",0.984352787599168,0.0135210339427207,0.00212617845811163,1
"19963",0.00743993687627862,0.00491340594419893,0.987646657179522,3
"19965",0.996024991839998,0.00397375652479508,1.25163520735382e-06,1
"19968",0.00133917165200369,0.0316907864109896,0.966970041937007,3
"19971",0.0168324149693497,0.00049474556379172,0.982672839466859,3
"19973",0.000921032304722149,0.977723299904571,0.0213556677907073,2
"19975",0.000232936110964257,0.0430822516217487,0.956684812267287,3
"19977",0.00136442842878293,0.00836742000601471,0.990268151565202,3
"19979",0.999956267832317,3.34761519279434e-05,1.02560157548542e-05,1
"19981",0.0222048899840991,0.974653339437961,0.00314177057793961,2
"19983",0.0384383318809987,0.961296055858971,0.000265612260030335,2
"19985",6.43105939800473e-05,0.200160424624904,0.799775264781116,3
"19987",0.102481857954891,0.786701331264779,0.110816810780329,2
"19989",0.999763916025845,0.000235946264899444,1.37709255406504e-07,1
"19993",0.518893864451695,0.444064977501428,0.037041158046877,1
"19995",0.732333348390011,0.252953709052283,0.0147129425577062,1
"19997",0.000455318214336165,0.969317725073793,0.0302269567118711,2
"19999",7.22616369526814e-05,0.869627174132417,0.13030056423063,2
"20002",0.00092059540396214,0.0050326824497135,0.994046722146324,3
"20004",0.711982115304235,0.250597114763671,0.037420769932094,1
"20006",0.919538656152258,0.0768256747570745,0.00363566909066759,1
"20008",0.919163015805876,0.0796891587486438,0.00114782544547998,1
"20010",0.966917852458625,0.0330634410406648,1.87065007104354e-05,1
"20012",0.00027095989656969,0.21278071363173,0.786948326471701,3
"20015",0.999464520270856,0.000533023895359413,2.45583378413832e-06,1
"20017",0.000171287182426659,0.931690621532066,0.0681380912855078,2
"20019",0.999990721072163,9.16080995295278e-06,1.18117884361413e-07,1
"20022",0.988400048102939,0.01158542308005,1.45288170111577e-05,1
"20024",0.999768785913015,0.000230242466657884,9.71620326753281e-07,1
"20026",0.999768785913015,0.000230242466657884,9.71620326753281e-07,1
"20028",0.000122385881114041,0.73201932786747,0.267858286251416,2
"20030",0.99677865550019,0.00168341412419828,0.00153793037561155,1
"20033",0.00517328602803911,0.628815861011753,0.366010852960208,2
"20035",0.999979352872728,2.05105234398451e-05,1.36603832458796e-07,1
"20037",0.999949059925854,5.09215947753665e-05,1.84793706680735e-08,1
"20039",0.998804134602446,0.00119537640564653,4.88991907644683e-07,1
"20041",0.40533552691437,0.592779952797707,0.00188452028792276,2
"20044",0.523891602496916,0.463716497007182,0.0123919004959024,1
"20047",0.999995638797755,3.55462482025904e-06,8.06577424343722e-07,1
"20050",0.963996426087231,0.0358385338656528,0.00016504004711585,1
"20052",0.080445827301394,0.864831373560329,0.0547227991382774,2
"20054",0.994102155413076,0.00571864592122878,0.000179198665695106,1
"20056",0.00126475126282416,0.00549539389015577,0.99323985484702,3
"20058",0.999686414696677,0.00031352135568097,6.39476420223177e-08,1
"20060",0.0044553867152503,0.993330838648234,0.00221377463651581,2
"20062",0.021674695035814,0.977425966292786,0.000899338671400383,2
"20064",0.950925401559077,0.0476469929498601,0.00142760549106328,1
"20066",0.999623401900032,0.000192688566784838,0.000183909533183795,1
"20068",0.000398437289001134,0.999087997802251,0.000513564908747703,2
"20070",0.00118160065696428,0.99855714246911,0.000261256873925535,2
"20072",0.98802468773173,0.0119722928229,3.01944536996909e-06,1
"20074",2.16854036650393e-06,0.0004682636484015,0.999529567811232,3
"20076",0.00810706692907559,0.10057618593068,0.891316747140244,3
"20078",0.938844613564784,0.0605583153443335,0.000597071090882373,1
"20080",0.999965286048179,3.43625569883307e-05,3.51394832686974e-07,1
"20082",0.998417348535748,0.00157150224060683,1.11492236455352e-05,1
"20084",0.953225482314399,0.0176498238297569,0.0291246938558443,1
"20087",0.910012068356065,0.0899730750475752,1.48565963593555e-05,1
"20090",0.999818606077818,0.000180530037952324,8.63884229153786e-07,1
"20092",0.268373808742881,0.731618936698465,7.25455865373889e-06,2
"20096",0.0937721759925202,0.890097381462522,0.0161304425449576,2
"20098",0.00274611765965143,0.657427085591758,0.33982679674859,2
"20101",0.999197656221973,0.000462442463795403,0.000339901314231904,1
"20104",0.00160654048185208,0.993163272249341,0.0052301872688068,2
"20106",0.996847166879806,0.00287284752134349,0.000279985598849942,1
"20108",0.00221436477642765,0.926752815352154,0.0710328198714186,2
"20110",0.108014639620516,0.746789227645035,0.145196132734449,2
"20112",0.9794736954325,0.0204401275417842,8.61770257156754e-05,1
"20114",0.812092773233554,0.0743862844430704,0.113520942323375,1
"20116",0.883938015588275,0.0274568865552225,0.0886050978565025,1
"20118",0.158717888192142,0.696513128717494,0.144768983090364,2
"20120",0.992748534234557,0.00635397516771902,0.000897490597723666,1
"20122",5.30915524959218e-05,0.00419061696930082,0.995756291478203,3
"20124",0.999730401772324,0.000269492291875762,1.05935800150455e-07,1
"20126",0.998655750414694,0.00131131496445697,3.29346208490543e-05,1
"20128",0.999994814303632,5.1266199952547e-06,5.90763727076321e-08,1
"20141",0.00186036396681467,0.888732532500042,0.109407103533143,2
"20143",2.78840992056691e-06,0.000227552973198401,0.999769658616881,3
"20145",0.989327240900901,0.0106426668288863,3.00922702129732e-05,1
"20147",0.994572782813312,0.00537362993233379,5.35872543542532e-05,1
"20149",1.51027518445159e-05,0.00435068675921075,0.995634210488945,3
"20151",0.00316626014189855,0.820852905379434,0.175980834478668,2
"20153",0.02715072762032,0.419353147239287,0.553496125140393,3
"20155",0.998424671867308,0.00156957475461987,5.75337807204135e-06,1
"20157",0.00152540411155591,0.358586337665791,0.639888258222653,3
"20160",6.31684825319662e-06,0.000317742545462338,0.999675940606284,3
"20162",6.30877565732661e-06,0.00792041667243458,0.992073274551908,3
"20164",0.00153449570360925,0.10398939685614,0.89447610744025,3
"20166",0.988580313431203,0.00192590367758865,0.00949378289120817,1
"20168",0.365444857429915,0.067111907414326,0.567443235155759,3
"20170",0.00263290780155478,0.601602107614712,0.395764984583733,2
"20172",0.991405309090798,0.00859369900379309,9.91905408693742e-07,1
"20174",4.59241526387949e-05,0.554506796823875,0.445447279023486,2
"20176",0.159507689198923,0.775426384383827,0.0650659264172499,2
"20178",8.48202980487248e-06,0.000223283505472749,0.999768234464723,3
"20181",0.979503392613708,0.00130021844333878,0.0191963889429535,1
"20183",0.0181947141314746,0.981695725419362,0.000109560449162804,2
"20186",0.0346282134643925,0.965367156369557,4.6301660505417e-06,2
"20188",8.1822800097611e-06,0.00131500656291553,0.998676811157075,3
"20190",0.999552427202919,0.000439256839591019,8.31595748993344e-06,1
"20193",0.0040990287340141,0.00255821258387579,0.99334275868211,3
"20195",0.00970626238318432,0.235160457596325,0.755133280020491,3
"20197",0.992659770006832,0.00733846822817178,1.76176499648721e-06,1
"20199",0.000148226433509569,0.105966610368381,0.893885163198109,3
"20205",0.965481974759637,0.0345051072591959,1.2917981167682e-05,1
"20208",0.00880533420995955,0.945936463196743,0.0452582025932973,2
"20210",2.23086032298731e-05,0.0206227760805271,0.979354915316243,3
"20212",0.00127946842179839,0.151852551172082,0.84686798040612,3
"20216",0.991112749510612,0.00839072191229196,0.000496528577095648,1
"20219",0.985027397400154,0.0148077953733018,0.00016480722654456,1
"20223",0.999529818642742,0.000470036889358697,1.44467899410395e-07,1
"20226",0.200260668680404,0.79526021787736,0.00447911344223611,2
"20230",0.999805354944601,0.00019333104057877,1.31401482007669e-06,1
"20233",0.0209008223123284,0.970539784965264,0.00855939272240749,2
"20235",0.996820429615157,0.00317935263288677,2.17751956570045e-07,1
"20239",0.923193385538455,0.0767731090909382,3.35053706069763e-05,1
"20254",0.999595589473258,0.000403354056278205,1.0564704641282e-06,1
"20256",0.999174377674377,0.000825341010284106,2.8131533903164e-07,1
"20262",0.000987144068898804,0.285251826460116,0.713761029470985,3
"20270",0.881515360994449,0.0866386187662994,0.0318460202392515,1
"20284",0.123384216015292,0.87642220805129,0.000193575933418089,2
"20287",0.999966655697566,3.32808172970954e-05,6.34851371297046e-08,1
"20290",0.843450185984803,0.154919224396852,0.00163058961834504,1
"20293",0.92250396212844,0.0773994062060532,9.66316655067553e-05,1
"20296",0.00628861587175721,0.260292679018573,0.73341870510967,3
"20301",0.999924873362665,1.68783653113251e-05,5.82482720232752e-05,1
"20304",0.996982720883539,0.00300016778439153,1.71113320697801e-05,1
"20306",0.999746498600149,0.000253439091036464,6.23088145250866e-08,1
"20309",0.695912509472208,0.303498078356653,0.000589412171138828,1
"20311",0.983012416116497,0.0154916703070298,0.00149591357647298,1
"20314",0.0185754380859386,0.914269130667413,0.0671554312466487,2
"20318",0.000132824868030502,0.000589694950896254,0.999277480181073,3
"20320",0.0153144751996648,0.978600624709291,0.00608490009104384,2
"20326",0.0228651865079446,0.849848265098685,0.12728654839337,2
"20328",0.00899852256345192,0.990897399534534,0.00010407790201379,2
"20330",0.987707803288036,0.0122740985385083,1.80981734555154e-05,1
"20336",0.671638775823843,0.328317111719317,4.41124568401484e-05,1
"20338",0.965362872249134,0.0330651872216445,0.00157194052922123,1
"20340",0.999908767682626,9.05538667575071e-05,6.78450616286732e-07,1
"20342",0.769746244456811,0.183396690653467,0.0468570648897221,1
"20344",0.992937497774898,0.00705484521621506,7.65700888647545e-06,1
"20349",0.999460717225243,0.000539032773565059,2.50001192263671e-07,1
"20351",0.933819110882728,0.0649519665740868,0.00122892254318557,1
"20353",0.996989511494974,0.00300978547939457,7.03025631470998e-07,1
"20357",0.992591406832639,0.00740813798656478,4.55180796635739e-07,1
"20360",0.940480687047436,0.059384394043747,0.000134918908816505,1
"20364",0.946475053491167,0.0534684933376871,5.64531711458016e-05,1
"20366",0.531288495453061,0.467459048450105,0.00125245609683306,1
"20381",0.000192663639569526,0.268092409802955,0.731714926557475,3
"20391",0.499517683229338,0.50047926409623,3.05267443217516e-06,2
"20394",0.000707240094554448,0.995587418314029,0.00370534159141599,2
"20396",2.45140434548487e-05,0.87843878689021,0.121536699066335,2
"20409",0.603404431185281,0.179431569473314,0.217163999341405,1
"20411",0.998485937511386,0.00151401515724389,4.73313699500965e-08,1
"20416",0.999983641070076,1.6351670849411e-05,7.25907457564546e-09,1
"20418",1.98176004797114e-05,0.558397835914292,0.441582346485228,2
"20420",0.0223106465833947,0.968201915976576,0.00948743744002942,2
"20422",0.997370727763573,0.00244471349120446,0.000184558745222461,1
"20424",0.998844795895115,0.00115509888109108,1.05223793642493e-07,1
"20426",0.629977116250333,0.142121414634242,0.227901469115425,1
"20428",0.736035096408623,0.263718424729803,0.000246478861573839,1
"20431",0.159976724938188,0.723992053292256,0.116031221769556,2
"20433",0.999753322607726,0.000245439524857274,1.23786741679575e-06,1
"20436",0.820761707278189,0.157487835893232,0.0217504568285793,1
"20439",3.10163288850202e-05,0.546715382607498,0.453253601063617,2
"20441",0.964324374886316,0.0356150065631543,6.06185505295122e-05,1
"20444",3.89433226814656e-06,0.000794311848331706,0.9992017938194,3
"20448",0.0408390099213137,0.658670428600331,0.300490561478355,2
"20536",0.000962209814519406,0.998680677115996,0.000357113069484424,2
"20538",0.818901948523958,0.181062791774345,3.52597016967123e-05,1
"20541",0.999941215627172,5.8725356417846e-05,5.90164099711844e-08,1
"20544",0.345422323631269,0.642198073385023,0.0123796029837083,2
"20546",0.996098996850918,0.00390077917453712,2.23974545079228e-07,1
"20550",0.560555166165558,0.433659653166333,0.00578518066810845,1
"20553",0.99998423793913,5.26440542207248e-06,1.0497655447967e-05,1
"20555",0.0503590704886533,0.949517746088095,0.000123183423251349,2
"20557",0.609802914783724,0.385967323184582,0.00422976203169424,1
"20559",0.998348478358816,0.00163021942643559,2.13022147480084e-05,1
"20561",0.00700786625791773,0.609641227657278,0.383350906084804,2
"20564",8.48202980487248e-06,0.000223283505472749,0.999768234464723,3
"20566",0.762129605658872,0.236891385813891,0.000979008527237428,1
"20569",0.000169871235369021,0.703385677618458,0.296444451146172,2
"20572",4.7842743726936e-05,0.0620221360083927,0.93793002124788,3
"20574",0.999237858173208,0.000746557910492758,1.55839162995122e-05,1
"20576",3.84962564488322e-05,0.000974829025691692,0.99898667471786,3
"20578",0.794287500722387,0.195576690869009,0.0101358084086039,1
"20580",0.717742374714059,0.281560261071798,0.000697364214143611,1
"20583",2.97485130335312e-05,0.000600648289930532,0.999369603197036,3
"20586",0.871863793230777,0.128099163481652,3.70432875706935e-05,1
"20589",0.999473807140331,0.000526131064864993,6.17948044058844e-08,1
"20591",0.0369635497681004,0.962961853958512,7.45962733874929e-05,2
"20593",0.999989977892487,9.56462491558235e-06,4.57482597729888e-07,1
"20595",0.990446903469122,0.0092598526477986,0.000293243883079559,1
"20597",0.00016961842728642,0.984246112824717,0.0155842687479964,2
"20599",8.27917779384343e-06,0.000272227606100212,0.999719493216106,3
"20601",0.00263091613410893,0.996051539155424,0.00131754471046745,2
"20604",0.999869110294621,0.00011812307576697,1.2766629612046e-05,1
"20606",0.999849557314922,0.000149819993175512,6.22691902354406e-07,1
"20608",0.99466585516471,0.0053258543845953,8.29045069484403e-06,1
"20610",0.00018536302109674,0.00468958962362452,0.995125047355279,3
"20612",0.936727134088595,0.0491747227221488,0.0140981431892565,1
"20614",4.12797348865862e-05,0.0174496884540117,0.982509031811102,3
"20616",0.0205877700316487,0.976108798024105,0.0033034319442467,2
"20618",0.611893239226756,0.383440823002838,0.00466593777040512,1
"20620",0.99323930321386,0.00627570237139803,0.000484994414741481,1
"20622",9.12053992186761e-05,0.00194168618103395,0.997967108419747,3
"20624",0.998261708335298,0.00173762941425729,6.62250444282195e-07,1
"20626",0.772278512763279,0.2052994678023,0.0224220194344218,1
"20628",0.253832915917055,0.74269964239589,0.00346744168705475,2
"20630",0.846904791145765,0.128600187490216,0.0244950213640187,1
"20632",2.3877496068763e-06,0.0152709708436412,0.984726641406752,3
"20634",0.999751627295264,0.000247821601158639,5.51103577391095e-07,1
"20637",0.998088504224469,0.00168764371154092,0.000223852063989628,1
"20639",0.000264579861848492,0.319502543806399,0.680232876331752,3
"20644",0.999990586456335,8.79236195060495e-06,6.21181714446889e-07,1
"20646",0.9978177458555,0.00210092685327062,8.13272912296228e-05,1
"20648",0.00187689647001683,0.969923439102551,0.0281996644274322,2
"20650",0.999327109192137,0.000672471963686099,4.18844177379277e-07,1
"20653",0.00299033686283975,0.989976070684619,0.00703359245254146,2
"20658",0.997078575981208,0.002919267373253,2.1566455386374e-06,1
"20661",0.848163064959796,0.151761227486316,7.57075538877483e-05,1
"20663",0.587150566835863,0.412798048338869,5.13848252674534e-05,1
"20665",1.98225025781949e-05,0.000277333735562965,0.999702843761859,3
"20667",0.0400017455078121,0.958963410516375,0.00103484397581327,2
"20669",7.82578935801514e-05,0.981385929124438,0.0185358129819819,2
"20671",0.99332132820804,0.00643998618197142,0.000238685609988381,1
"20673",0.000111514544992407,0.937919186473433,0.0619692989815744,2
"20675",0.00912794293149708,0.990622938988924,0.00024911807957859,2
"20677",0.384031320717935,0.615910828683459,5.78505986062106e-05,2
"20679",2.68692432540725e-05,0.952764074416243,0.0472090563405027,2
"20681",0.000301800180394536,0.99951337809024,0.00018482172936492,2
"20683",0.265631476573929,0.734230388456976,0.000138134969095431,2
"20685",0.0147747472454318,0.981136247575959,0.00408900517860897,2
"20687",0.000105817510237306,0.102267737155663,0.8976264453341,3
"20689",0.999852208049501,0.000146964556043582,8.273944553044e-07,1
"20691",9.964332439935e-06,0.00114147017338822,0.998848565494172,3
"20693",0.999811946459218,0.000187969313091608,8.42276903342331e-08,1
"20695",0.00130418846513556,0.988602886953674,0.0100929245811902,2
"20697",0.999386371565148,0.000472822427669835,0.000140806007182012,1
"20699",0.17001961117215,0.828945724214047,0.00103466461380277,2
"20701",0.789363564734746,0.210627339235845,9.09602940898056e-06,1
"20703",0.00146674530393094,0.991158662734812,0.00737459196125716,2
"20705",0.99481676909541,0.00518187651108144,1.35439350881583e-06,1
"20707",0.0158981893894956,0.98400707298237,9.47376281348658e-05,2
"20709",0.034765479866903,0.0952268798014036,0.870007640331693,3
"20713",0.000991532382628416,0.971906862468743,0.0271016051486283,2
"20715",0.981656806278515,7.94365361362081e-05,0.0182637571853487,1
"20717",0.000677739448071899,0.998770323503173,0.000551937048755093,2
"20720",0.968567651874776,0.0313120735497431,0.000120274575481254,1
"20722",0.957637167670775,0.0423423313691324,2.05009600926736e-05,1
"20724",0.000295289002057512,0.800945608895064,0.198759102102879,2
"20726",0.999770793025183,0.000229150559242019,5.64155752177601e-08,1
"20728",0.000125665310908938,0.999200251910989,0.000674082778102153,2
"20730",0.00426570178711788,0.644210072047754,0.351524226165128,2
"20732",0.561575343614773,0.438063680418626,0.000360975966600992,1
"20734",0.393552668552981,0.606312318906732,0.000135012540287181,2
"20736",0.000167662160487628,0.170908551604119,0.828923786235393,3
"20738",0.687153577415451,0.0295940809089001,0.283252341675649,1
"20740",0.87627137095182,0.123728251688826,3.7735935358152e-07,1
"20742",0.000862860769782956,0.998641625622751,0.000495513607466252,2
"20744",8.95023315455807e-06,0.0407832189948208,0.959207830772025,3
"20746",0.0791674360915138,0.920553370569603,0.000279193338882828,2
"20748",0.000358513900926877,0.746766450369492,0.252875035729581,2
"20750",0.00119271283306918,0.380758433778548,0.618048853388383,3
"20752",0.946086753816643,0.0539093552853187,3.89089803877307e-06,1
"20754",0.000372091831919943,0.965133616436819,0.0344942917312606,2
"20756",0.134460572757163,0.615192266971439,0.250347160271398,2
"20758",0.143491664470376,0.324921876630413,0.531586458899211,3
"20760",6.23833663687519e-05,0.798751351783864,0.201186264849767,2
"20762",0.000280832896952654,0.995932461199918,0.00378670590312899,2
"20764",4.12835469543631e-05,0.367856015104612,0.632102701348433,3
"20766",0.000152929418819949,0.903136207400295,0.0967108631808852,2
"20768",0.00289604122206092,0.265528842664203,0.731575116113736,3
"20770",0.025025748856489,0.973407043560501,0.00156720758301018,2
"20772",0.99969256207014,0.000300075084104828,7.36284575489114e-06,1
"20774",0.999974973212003,2.49346594763533e-05,9.21285204664714e-08,1
"20776",0.00444285557222397,0.995472871055446,8.42733723300244e-05,2
"20778",0.999994589575759,4.78325894983672e-06,6.2716529123502e-07,1
"20780",0.00171176839215463,0.665308777306742,0.332979454301104,2
"20782",0.000131702133812034,0.86885012924401,0.131018168622178,2
"20784",0.000474139345357876,0.997212227343138,0.00231363331150404,2
"20786",5.72485523416841e-06,0.00132424668402034,0.998670028460745,3
"20788",0.0334820844592677,0.966309546635384,0.000208368905348177,2
"20790",0.000101094125248587,0.852454106041364,0.147444799833387,2
"20792",0.0789151676038806,0.569126015756442,0.351958816639677,2
"20794",4.25762813518515e-05,0.447905516006052,0.552051907712596,3
"20796",0.998770836378579,0.00122893880988599,2.24811535181457e-07,1
"20798",8.48202980487248e-06,0.000223283505472749,0.999768234464723,3
"20801",0.000125913717830658,0.00370744653680965,0.99616663974536,3
"20803",0.0584186580184448,0.941531534938136,4.98070434188619e-05,2
"20805",0.317294461555117,0.682518771631867,0.000186766813015613,2
"20807",8.48202980487248e-06,0.000223283505472749,0.999768234464723,3
"20809",0.00352218829549941,0.994602654311655,0.00187515739284594,2
"20811",0.0383852035590089,0.061941190634827,0.899673605806164,3
"20813",0.41752270975569,0.51513712648392,0.0673401637603901,2
"20815",1.97995658751767e-06,0.00175360150024413,0.998244418543168,3
"20817",0.000642619414561177,0.963441700676707,0.0359156799087315,2
"20819",0.370730377222602,0.629260962128365,8.66064903280031e-06,2
"20821",0.939666060173031,0.0128661415760203,0.0474677982509488,1
"20823",0.210094749073933,0.777552667832903,0.0123525830931642,2
"20825",8.60331730342469e-05,0.921082257724218,0.0788317091027479,2
"20827",0.00159702864649696,0.272256182997675,0.726146788355829,3
"20829",0.994682684721421,0.00524432243482916,7.29928437502093e-05,1
"20831",0.000375157944774914,0.931223056243369,0.0684017858118556,2
"20833",0.000204407929483184,0.657818024527113,0.341977567543404,2
"20835",0.000251529566333801,0.971280160180683,0.0284683102529829,2
"20837",0.000924539494314827,0.99633945117587,0.00273600932981497,2
"20839",0.000215392696447731,0.983414106151623,0.0163705011519291,2
"20841",0.728261800016327,0.271633004057833,0.000105195925840269,1
"20843",0.00266455494456388,0.997255757126396,7.96879290406037e-05,2
"20845",0.00258318843332384,0.496541225588244,0.500875585978432,3
"20847",0.392987326888193,0.606483833465459,0.000528839646348033,2
"20849",0.458299155018548,0.522658131725004,0.0190427132564481,2
"20851",0.686816660474738,0.313097523191145,8.58163341162728e-05,1
"20853",0.981858257121879,0.0181362501568918,5.49272122900086e-06,1
"20855",0.991855725299346,0.00755334317175337,0.000590931528901043,1
"20857",0.571285096406147,0.428585565074596,0.000129338519256987,1
"20859",0.950667349377112,0.0489866462431579,0.000346004379730568,1
"20861",0.0366308040334579,0.931479155946575,0.0318900400199675,2
"20863",0.000219944862868733,0.702130457360306,0.297649597776826,2
"20865",0.00166530467709067,0.996045449730773,0.00228924559213667,2
"20867",0.999994221248484,5.65339753532248e-06,1.25353980525787e-07,1
"20869",0.000733226106857353,0.529552420568126,0.469714353325016,2
"20871",0.997298406895847,0.000388743480626567,0.0023128496235262,1
"20873",0.998772191509108,0.000361516814222993,0.000866291676669185,1
"20875",0.950394297487839,0.0495450304556799,6.06720564815896e-05,1
"20878",6.32732678487974e-06,0.00461929432691481,0.9953743783463,3
"20880",0.000357012965249528,0.676228856587843,0.323414130446907,2
"20882",0.999146137145143,0.000846938789987817,6.92406486897349e-06,1
"20884",0.000946406606339282,0.993759878567058,0.00529371482660273,2
"20886",0.0029186034372724,0.33276271801915,0.664318678543577,3
"20888",4.78801475514588e-06,0.103449101779476,0.896546110205769,3
"20890",0.000999926852679915,0.777533793376805,0.221466279770515,2
"20892",0.560510126098843,0.439414933986822,7.49399143349538e-05,1
"20897",0.125637973281421,0.86081236234146,0.013549664377119,2
"20899",0.0999843307505648,0.865263074585561,0.0347525946638738,2
"20901",0.968846036477507,0.0309139615997457,0.00024000192274694,1
"20903",0.995728566145788,0.000105806615666493,0.00416562723854583,1
"20905",0.897293514255234,0.0609635738254379,0.0417429119193276,1
"20907",0.997034060707184,0.00296235490467158,3.58438814473818e-06,1
"20909",0.372848431460699,0.596404147469312,0.030747421069988,2
"20911",0.999654747696082,0.000341756254732231,3.49604918528083e-06,1
"20913",0.0147721476196447,0.977583192450562,0.0076446599297935,2
"20962",0.839537839935458,0.160282187592573,0.000179972471968964,1
"20969",0.984737687431693,0.00594519962001758,0.00931711294828923,1
"20980",0.829342518017805,0.169108389844536,0.00154909213765931,1
"20982",0.970606588068055,0.0293867871097081,6.62482223704717e-06,1
"20984",0.00150453915257589,0.990695439054557,0.00780002179286714,2
"20994",0.982704580130442,0.0166076160316873,0.000687803837870535,1
"21015",0.000129176634543221,0.295362711941933,0.704508111423524,3
"21023",0.999780663338572,0.000219127549553974,2.09111873622521e-07,1
"21040",0.883029165969128,0.116938197792467,3.26362384049171e-05,1
"21073",0.704395567888081,0.289870288887609,0.00573414322430993,1
"21222",0.00140962374808522,0.896658785992397,0.101931590259518,2
"21224",0.0576435098098659,0.934636053042223,0.00772043714791142,2
"21228",0.044752333932837,0.42624084104653,0.529006825020633,3
"21232",0.996697879631785,0.00330151480186229,6.05566352453303e-07,1
"21237",0.967194359364413,0.0317492701832881,0.00105637045229919,1
"21240",0.000358210149317067,0.918637192081326,0.0810045977693572,2
"21245",0.000178089377489726,0.754127299607195,0.245694611015315,2
"21252",0.99292431285715,0.00707551241506136,1.74727788261324e-07,1
"21254",0.933977153994787,0.0660053297583204,1.75162468921294e-05,1
"21258",0.0881769208404285,0.895656278885468,0.0161668002741035,2
"21264",0.0116347657119995,0.878488191082148,0.109877043205853,2
"21305",0.0177567669666689,0.93733116044755,0.0449120725857813,2
"21333",0.856428506746081,0.143567911956726,3.58129719326433e-06,1
"21366",0.0426211259982575,0.956972826134456,0.000406047867286163,2
"21377",7.45345108593718e-05,0.00325806041114786,0.996667405077993,3
"21380",0.848243474240881,0.0971244975744194,0.0546320281847002,1
"21387",0.997963286836837,0.00203536034693861,1.35281622417279e-06,1
"21390",0.990459532520148,0.00953597580000178,4.4916798499117e-06,1
"21392",0.258760000764725,0.740785603489767,0.000454395745507998,2
"21403",0.795690916479783,0.15061951925844,0.0536895642617772,1
"21408",0.998179401968311,0.00169510449577302,0.000125493535915723,1
"21412",0.983780635485602,0.013526131839888,0.00269323267450967,1
"21421",0.004503914037082,0.99305878818968,0.00243729777323776,2
"21424",0.999658210137733,0.000341645806192473,1.44056074693428e-07,1
"21429",0.993910767880743,0.00605081062660583,3.84214926514953e-05,1
"21431",0.0214472429548222,0.976738521692591,0.00181423535258643,2
"21436",0.00317022954918095,0.993892738215728,0.00293703223509153,2
"21439",0.934762367702554,0.0595350460765621,0.00570258622088373,1
"21442",0.0894924648513921,0.761683508678016,0.148824026470591,2
"21444",5.57810422423698e-05,0.994713024618377,0.00523119433938112,2
"21446",1.13239946519524e-05,0.0122608506339898,0.987727825371358,3
"21448",0.0185096586054125,0.972360125041584,0.00913021635300369,2
"21450",0.411847785362861,0.559047574307335,0.0291046403298042,2
"21452",0.94712826887657,0.0528339444723976,3.77866510322961e-05,1
"21466",0.999867346143409,0.000132636832939953,1.70236510888039e-08,1
"21470",0.803828459883044,0.194022126148376,0.00214941396857974,1
"21472",0.980879327629975,0.0191202806193299,3.91750695134452e-07,1
"21474",0.96608100863409,0.0331372270920838,0.00078176427382662,1
"21477",0.00013113847879957,0.994180332896602,0.00568852862459785,2
"21480",0.999973290269027,2.67059624056221e-05,3.7685675250977e-09,1
"21483",0.000407107380209694,0.914809737378829,0.0847831552409613,2
"21491",0.00103427266721922,0.590751254390754,0.408214472942026,2
"21494",0.999807925483687,0.000155546713609368,3.65278027035065e-05,1
"21499",0.998885009476943,0.00110436076651713,1.06297565399269e-05,1
"21501",0.988883026831909,0.0111164384357817,5.34732308748096e-07,1
"21506",0.952550725663624,0.0474387117834284,1.0562552947626e-05,1
"21511",0.909069576358467,0.0906764925551982,0.000253931086334836,1
"21513",0.0780160974337939,0.921965270643653,1.86319225532871e-05,2
"21521",0.100219128932927,0.899194665002884,0.000586206064188288,2
"21523",0.0564835193590909,0.943478335543588,3.81450973213021e-05,2
"21525",0.00363177991334943,0.995453843873497,0.000914376213153577,2
"21531",0.999603219616037,0.000392131048893035,4.64933507002885e-06,1
"21536",0.84631537267224,0.152859237106813,0.000825390220946558,1
"21544",0.901955370005111,0.0920045890051492,0.00604004098974012,1
"21547",0.994978757505026,0.00485689785364274,0.000164344641330947,1
"21551",0.925970877223428,0.0700101171717345,0.00401900560483738,1
"21556",0.987281913197755,0.0127037477196754,1.43390825693774e-05,1
"21559",0.0481198442925882,0.951847664988863,3.24907185489981e-05,2
"21563",0.996823158423447,0.00317209919894705,4.74237760598511e-06,1
"21565",0.999500395810939,0.000498343265371867,1.26092368920594e-06,1
"21568",0.996475021844818,0.00351750357613204,7.4745790498929e-06,1
"21572",0.999993932140826,6.00166004557534e-06,6.61991286678207e-08,1
"21575",0.959570334278576,0.0396412594328295,0.000788406288594562,1
"21577",0.0205456226338531,0.876490068414106,0.102964308952041,2
"21579",0.298573667850886,0.701051119858282,0.00037521229083143,2
"21581",8.48202980487248e-06,0.000223283505472749,0.999768234464723,3
"21584",0.000347841271716302,0.846362444443356,0.153289714284928,2
"21586",0.0278020193650905,0.966825373625342,0.00537260700956778,2
"21588",0.090009246858598,0.771154670099307,0.138836083042094,2
"21590",0.994858384886141,0.00513644378414011,5.17132971914178e-06,1
"21594",0.00532944218932769,0.907367262000931,0.087303295809741,2
"21596",0.000748075988930417,0.648860993740716,0.350390930270353,2
"21598",0.998230816154573,0.00175350655488406,1.56772905426415e-05,1
"21600",0.000366734362372229,0.99952277531413,0.000110490323497575,2
"21602",0.875237498118602,0.124740929970326,2.1571911071859e-05,1
"21604",0.292748143301098,0.686325216326317,0.0209266403725842,2
"21606",0.000238667020343891,0.0151139679882374,0.984647364991419,3
"21608",0.291016704806697,0.704231761334444,0.00475153385885907,2
"21611",0.0188830804967758,0.980555016102098,0.00056190340112588,2
"21613",0.64490097825605,0.355069384913858,2.96368300925001e-05,1
"21615",0.0428275477706639,0.895799536376364,0.0613729158529724,2
"21617",0.00953107394041845,0.409606927533214,0.580861998526368,3
"21619",0.0214428662731966,0.978260254730193,0.000296878996610045,2
"21621",0.00368088187330212,0.824211995852831,0.172107122273867,2
"21623",0.000996212441873408,0.941205362912108,0.0577984246460191,2
"21625",7.2537831050554e-06,0.00182870679512774,0.998164039421767,3
"21627",0.338765172927462,0.657291612055732,0.00394321501680566,2
"21629",0.000177007981279778,0.999050364352434,0.000772627666285868,2
"21631",0.000212949107952885,0.0322956697757611,0.967491381116286,3
"21633",0.995029301150007,0.000773116810930899,0.00419758203906193,1
"21635",0.9977107937069,0.00228290494693846,6.30134616191811e-06,1
"21637",0.542464048736677,0.215450280274923,0.2420856709884,1
"21639",0.992779388228554,0.00629241149952182,0.00092820027192427,1
"21641",0.00097077850814107,0.994742031601293,0.00428718989056551,2
"21643",0.254630729105585,0.725696655940925,0.0196726149534895,2
"21645",0.000694095984161752,0.962889613644987,0.0364162903708509,2
"21648",0.390205151121411,0.609596525650835,0.000198323227753679,2
"21650",0.99694358169801,0.00303111229255956,2.53060094300045e-05,1
"21652",0.691145298047817,0.308846562820438,8.13913174451432e-06,1
"21654",0.994686934974501,0.00530671276072193,6.35226477672742e-06,1
"21656",0.000219074863164017,0.816140452597274,0.183640472539562,2
"21658",1.15180556236591e-06,0.00167561735806384,0.998323230836374,3
"21660",7.65071093849806e-05,0.0242756615780143,0.975647831312601,3
"21662",0.00876932834214977,0.977329261154787,0.0139014105030628,2
"21664",0.000193646058448204,0.901490677946087,0.0983156759954648,2
"21666",0.318939482147839,0.003617885776007,0.677442632076154,3
"21668",0.000158994402492619,0.994835651363946,0.00500535423356113,2
"21671",0.272683484386127,0.727123560323232,0.000192955290641154,2
"21673",0.00017174324554439,0.567514127260355,0.432314129494101,2
"21675",0.00639237359910537,0.99037314709912,0.00323447930177471,2
"21677",0.999691118640688,0.000307631501785171,1.24985752718856e-06,1
"21679",0.00777707821412406,0.991254743229565,0.000968178556310895,2
"21681",0.00108504373764697,0.992914968169569,0.00599998809278385,2
"21686",0.999574147898386,0.000340713857078088,8.51382445360715e-05,1
"21689",0.999345858105084,0.000610613782722758,4.3528112193816e-05,1
"21706",0.606334739401107,0.391582227651452,0.00208303294744027,1
"21708",0.997488238059764,0.00251061230855934,1.14963167613873e-06,1
"21711",0.0194769942657286,0.974609016793577,0.00591398894069449,2
"21716",0.999967349107965,3.23689450428839e-05,2.81946992175196e-07,1
"21719",0.102273710791386,0.897712723728683,1.35654799309411e-05,2
"21722",0.680855886958156,0.315743956011351,0.00340015703049303,1
"21725",0.67503985487513,0.324886328057362,7.38170675075334e-05,1
"21728",0.960214288143916,0.0397379274151015,4.77844409827418e-05,1
"21732",0.995829005193146,0.00395475183117266,0.000216242975681318,1
"21734",0.996881676685448,0.00311623849662073,2.08481793107153e-06,1
"21737",0.00157946440980932,0.997892692845937,0.000527842744253383,2
"21740",0.0419976109646118,0.835691971770923,0.122310417264465,2
"21742",0.999836351424431,0.000160355998833088,3.29257673655561e-06,1
"21745",0.636450435921009,0.344219934359118,0.0193296297198733,1
"21747",0.982838223295566,0.0171568226978925,4.9540065412781e-06,1
"21749",0.00464751187618815,0.270603110673515,0.724749377450297,3
"21751",0.998267093118168,0.00164499667892085,8.79102029116485e-05,1
"21753",0.997919800709164,0.00204260341537085,3.75958754652433e-05,1
"21756",0.999801542433239,0.000186139668363035,1.23178983982938e-05,1
"21759",0.0491806209745861,0.679007543284117,0.271811835741296,2
"21761",0.888995457101878,0.109835309648227,0.00116923324989548,1
"21763",0.00209723113290762,0.996922388856278,0.000980380010814087,2
"21765",0.879551235080265,0.12042175792969,2.70069900439516e-05,1
"21767",0.997505387264031,0.00248085653898199,1.37561969874338e-05,1
"21769",0.999846144421885,0.000153659133202632,1.96444912203685e-07,1
"21771",0.998207722699166,0.00176070465637633,3.15726444575392e-05,1
"21774",0.00109521018862344,0.703863649884407,0.29504113992697,2
"21776",0.959834252440219,0.0401628213274801,2.92623230097146e-06,1
"21778",0.954921337071672,0.0436561552299622,0.00142250769836546,1
"21780",0.0242927453004875,0.548243251293821,0.427464003405692,2
"21783",0.783760279547972,0.209480710541446,0.00675900991058243,1
"21785",0.254685982347,0.745280260593538,3.37570594618984e-05,2
"21788",0.999147793218036,0.000852125344506949,8.14374570816889e-08,1
"21790",0.999983868849981,1.60951547689549e-05,3.59952506124743e-08,1
"21793",0.984202640111346,0.0156374504697206,0.000159909418933458,1
"21796",0.0383543360426379,0.96037778319763,0.00126788075973257,2
"21798",0.982067358498789,0.0176679982497988,0.000264643251412365,1
"21801",0.999977700884808,2.22555997891109e-05,4.35154033965645e-08,1
"21803",0.740451857132986,0.255127536601609,0.00442060626540533,1
"21805",0.999995309178134,3.90265018889872e-06,7.88171676954138e-07,1
"21807",0.151281848283373,0.834700418034361,0.0140177336822657,2
"21810",0.945685002545556,0.0543107648197854,4.23263465871822e-06,1
"21812",0.999661524050071,0.000310767203312676,2.77087466164428e-05,1
"21816",0.98792160483669,0.0120762231165725,2.17204673792645e-06,1
"21819",0.999462978837994,2.42745408799999e-05,0.000512746621126157,1
"21821",0.0161659251916715,0.600920600551108,0.382913474257221,2
"21823",0.000123163694314034,0.304627930703305,0.695248905602381,3
"21825",0.986263838879378,0.0136615946410695,7.4566479552707e-05,1
"21827",0.99758259373144,0.00200386208410252,0.000413544184457147,1
"21829",0.988598533285026,0.0113157559952425,8.57107197316264e-05,1
"21832",0.208369019094847,0.00285827048703258,0.78877271041812,3
"21834",0.850812502282986,0.149135231615227,5.22661017866315e-05,1
"21836",0.850812502282986,0.149135231615227,5.22661017866315e-05,1
"21839",0.0753687874950954,0.841859154951324,0.0827720575535804,2
"21841",0.221296584233774,0.0076392229471192,0.771064192819106,3
"21843",0.000669443640143781,0.6542865681488,0.345043988211056,2
"21846",0.99956238260712,5.49704933928123e-05,0.00038264689948751,1
"21848",0.994986524262151,0.00403754338360539,0.000975932354244045,1
"21850",0.828388760396723,0.170954493620792,0.00065674598248536,1
"21853",0.00433025837338769,0.0445923301361127,0.9510774114905,3
"21855",9.80595514827798e-06,0.000969708157351368,0.9990204858875,3
