"","V1","V2","V3","best$classification"
"19811",0.266866725674861,0.729975956813677,0.00315731751146232,2
"19813",0.997562458165542,4.74237004398776e-11,0.00243754178703443,1
"19815",0.0385764443212177,0.959043804132019,0.00237975154676366,2
"19817",0.0129002446593438,0.846149399080897,0.140950356259759,2
"19819",0.971682981712097,0.0283170182879029,3.24433918154265e-31,1
"19821",0.282603023597271,0.717396974876009,1.52671966328151e-09,2
"19823",0.997343741253892,0.00265557622469765,6.82521410423521e-07,1
"19825",0.99999999435119,5.64881010565677e-09,5.60470721479668e-52,1
"19827",0.100252581151148,0.574125250106981,0.32562216874187,2
"19829",0.405890021163386,0.594109978836614,4.057896110058e-19,2
"19831",0.999379391529858,0.000620608470141986,2.08574694574114e-41,1
"19833",1,3.02812847442259e-31,1.06424363309936e-36,1
"19835",0.282603023597271,0.717396974876009,1.52671966328151e-09,2
"19837",0.0144723338523991,0.88665251091056,0.0988751552370411,2
"19839",0.989690978314317,0.010309021685683,1.52441220905583e-35,1
"19841",0.999401866783644,8.43614714211117e-12,0.000598133207920263,1
"19843",0.999985130149941,1.48698500586127e-05,2.07181602255711e-32,1
"19845",0.00666673940701781,7.90722798211981e-07,0.993332469870184,3
"19847",0.195282140029344,0.804717859970655,7.70992639705005e-16,2
"19849",0.00642910307628584,1.00053620071817e-13,0.993570896923614,3
"19851",0.000347738917494288,0.00878375404920052,0.990868507033305,3
"19853",0.00209027534527031,1.77462212210552e-09,0.997909722880108,3
"19855",0.384225500895225,0.176631655439933,0.439142843664842,3
"19857",0.105111459171106,0.894888511653377,2.91755166695815e-08,2
"19859",0.0582359196446148,0.941764077970754,2.3846315879808e-09,2
"19861",0.00201105759642988,0.000751786542280784,0.997237155861289,3
"19863",0.999843129016607,1.14930363171891e-18,0.000156870983393096,1
"19865",0.00102459052081718,2.54786811451106e-05,0.998949930798038,3
"19867",0.133140188388621,0.854206595472024,0.012653216139354,2
"19869",7.95335576460146e-05,2.60942657369323e-11,0.99992046641626,3
"19871",0.0186518265745094,0.981244968337568,0.000103205087922686,2
"19874",0.562293728019386,0.235521568559482,0.202184703421132,1
"19876",0.000159469358323933,0.000170129976133849,0.999670400665542,3
"19878",0.578661832071696,0.421338167928304,3.99137874588445e-31,1
"19880",0.000187384042574593,4.03881951164044e-09,0.999812611918606,3
"19882",0.997198505599512,0.00279413317883915,7.36122164851425e-06,1
"19885",0.0129943058352129,0.850414317932863,0.136591376231924,2
"19907",0.563787849799676,0.431811936965253,0.00440021323507094,1
"19909",0.0522774373189141,0.947722562681086,1.11280212021079e-18,2
"19911",0.592621475748249,0.407378524251751,7.64829165552447e-30,1
"19913",0.00195246967598749,1.63664527788551e-12,0.998047530322376,3
"19915",0.000198797195320585,0.0012055176220002,0.998595685182679,3
"19917",0.877054128861175,0.122945721891914,1.49246910917865e-07,1
"19919",0.0358327169914609,0.937180868541317,0.026986414467222,2
"19921",0.00244913009444124,0.104416708766297,0.893134161139262,3
"19923",0.477719297512078,0.522280702487922,1.71370401938009e-18,2
"19925",0.0329698715428502,0.0391022640421792,0.927927864414971,3
"19927",0.00883503686881817,0.388036572377856,0.603128390753325,3
"19929",0.0108764065490205,5.3461083862239e-19,0.98912359345098,3
"19931",0.0157688744383172,0.608770002660399,0.375461122901283,2
"19933",0.013748015945765,0.986251983213052,8.41183489728794e-10,2
"19935",0.0560077548268381,0.943991892214936,3.5295822613911e-07,2
"19937",0.00325225133272443,0.0703948882447032,0.926352860422572,3
"19939",0.0286124776891754,0.971386851077658,6.71233166273173e-07,2
"19941",0.967830182841962,0.0321698171580377,5.6708420955384e-25,1
"19943",0.000528400696417576,1.45082170902814e-07,0.999471454221411,3
"19945",0.0273171568488303,0.97268284315117,6.66500371577048e-19,2
"19947",0.999998222424537,1.77757546310618e-06,2.03182526136443e-17,1
"19949",0.0939555282751185,0.906044471724881,4.61141308843937e-16,2
"19951",0.181361746317153,0.818638251520877,2.16197051456523e-09,2
"19953",0.999395974143943,0.000604025856056819,1.34118599893815e-26,1
"19955",0.944095779437357,0.0559042205626426,1.54775836968754e-44,1
"19957",0.999221706330151,0.000778293669848746,3.62447714424486e-16,1
"19960",0.583868589660684,0.416131410339316,2.62314654346343e-23,1
"19963",1,4.25200347489726e-22,1.25228441727906e-22,1
"19965",0.602832064672996,0.397167935327004,1.2646420604261e-49,1
"19968",0.999832223272909,0.000112037593008179,5.57391340830691e-05,1
"19971",0.999999999990609,6.43458347213549e-16,9.39014176226287e-12,1
"19973",0.00162953132621254,0.129017974098607,0.869352494575181,3
"19975",0.0370987108841233,0.0251401806459877,0.937761108469889,3
"19977",0.999999999926794,7.32058193294242e-11,2.36356681653753e-19,1
"19979",0.213497431812596,0.786502568187404,2.65678818561125e-26,2
"19981",0.0191365220950619,0.980863477898092,6.84630472080711e-12,2
"19983",0.0186826174628963,0.981317382298785,2.38318291265587e-10,2
"19985",0.0112021163376012,0.00955579594805141,0.979242087714347,3
"19987",0.0266559940007412,0.973344005997896,1.36281130873591e-12,2
"19989",0.0624962755963023,0.937503724403698,1.69682900800618e-25,2
"19993",0.035192342869129,0.964807657127085,3.78647166080073e-12,2
"19995",0.0533143080753804,0.94668569192462,8.64644569381841e-17,2
"19997",0.0365193716664432,0.946205525852237,0.0172751024813197,2
"19999",9.97419130180826e-05,0.000353199150743421,0.999547058936239,3
"20002",1,1.10436954976833e-17,2.66567184994143e-18,1
"20004",0.154279060864857,0.845720939135143,3.15019026756834e-20,2
"20006",0.99548798275738,0.00451201724262007,9.35769366802484e-35,1
"20008",0.932734127081319,0.0672658729186813,4.14831877623637e-38,1
"20010",0.0843873216088146,0.915612678391186,1.71109647422696e-22,2
"20012",0.99373963200046,0.00626036498232453,3.01721573968113e-09,1
"20015",0.0780001447454404,0.92199985525456,6.90361929288035e-24,2
"20017",0.0351328562717816,0.178409071529611,0.786458072198607,3
"20019",0.454530584816498,0.545469415183502,2.04004596577233e-37,2
"20022",0.0265695507180003,0.973430449282,5.58901491778989e-22,2
"20024",0.999999917740164,8.22598362577216e-08,9.05116707141145e-58,1
"20026",0.999999917740164,8.22598362577216e-08,9.05116707141145e-58,1
"20028",0.00631838818329537,0.016742951123884,0.976938660692821,3
"20030",0.709142338116424,0.290857661883576,1.67192916955061e-25,1
"20033",0.0475065735159784,0.95249342504531,1.43871150660624e-09,2
"20035",0.529045308704558,0.470954691295442,3.57762557378007e-36,1
"20037",0.152724476047131,0.847275523952869,2.69941220216847e-35,2
"20039",0.999999999999999,9.07755603227961e-16,2.61307262804759e-24,1
"20041",0.329988737865417,0.670011262134583,1.35418207102131e-28,2
"20044",0.898912035135743,0.101087964864257,7.60028128558301e-29,1
"20047",0.991973706505627,0.00802629349437291,3.12432493123811e-35,1
"20050",0.771726979683639,0.228273020316361,5.63988758032836e-17,1
"20052",0.0431914800694646,0.956808519865958,6.45772995676954e-11,2
"20054",0.0935289868292429,0.906471013170757,3.72363878154911e-18,2
"20056",0.997894792353944,0.00210071777650929,4.489869547244e-06,1
"20058",0.0760810274403821,0.923918972559618,4.39046659882903e-29,2
"20060",0.0272501238749264,0.972749874323176,1.80189789629459e-09,2
"20062",0.0207626329575905,0.979237360777325,6.2650846243297e-09,2
"20064",0.0192553487111073,0.980744651287326,1.56712965960178e-12,2
"20066",0.957053525767767,0.042946474232233,1.13252396410988e-27,1
"20068",0.0384239894961182,0.949262171761104,0.0123138387427781,2
"20070",0.2595515613052,0.740448403140066,3.55547333523038e-08,2
"20072",0.860612206304733,0.139387793695267,1.96235397946245e-27,1
"20074",0.27978959299128,4.2603327621285e-14,0.720210407008678,3
"20076",0.999206561206112,0.000793437547618212,1.24626978498934e-09,1
"20078",0.0411241972798955,0.958875802720105,1.0496458566103e-32,2
"20080",0.0355292186428812,0.964470781357119,2.65585604613408e-27,2
"20082",0.99999991563373,8.43662700328562e-08,1.71513147849065e-18,1
"20084",0.597575014677394,0.402424985322606,3.69829099311513e-28,1
"20087",0.0428029334229444,0.957197066577056,4.37486530236984e-28,2
"20090",0.12990337360877,0.87009662639123,4.92513741882976e-27,2
"20092",0.999987461759224,1.25382407764388e-05,3.49206837573047e-30,1
"20096",0.998018106410003,0.00198189358999729,2.05369843398829e-35,1
"20098",0.0451936021573703,0.954565482361874,0.000240915480755761,2
"20101",0.180483598231675,0.819516401768325,8.87155749082387e-32,2
"20104",0.999999999999975,2.4903929668515e-14,2.06157215455919e-18,1
"20106",0.0248173224640745,0.975182677535923,2.66938134162038e-15,2
"20108",0.0293417946028791,0.961870943499339,0.00878726189778231,2
"20110",0.973525783023016,0.026474216976984,1.73014711639139e-16,1
"20112",0.0546641513399442,0.945335848660056,4.29877317038394e-26,2
"20114",0.223322605631268,0.776677394368732,6.14936486672304e-17,2
"20116",0.34083297966032,0.659167020339674,5.79852934285839e-15,2
"20118",0.0211850258738293,0.9788149733036,8.22570780952051e-10,2
"20120",0.125693634682522,0.874306365317478,8.72651962557081e-18,2
"20122",0.56184391720384,0.000421967589976597,0.437734115206183,1
"20124",0.500352353121678,0.499647646878322,5.56958517640638e-49,1
"20126",1,3.23526391177207e-16,9.12539029251471e-41,1
"20128",0.999999999984701,1.52994600626636e-11,3.44594359591656e-47,1
"20141",0.999999256812258,5.26956364742584e-07,2.16231376967882e-07,1
"20143",7.97395999105496e-05,1.0013242491955e-15,0.999920260400088,3
"20145",0.0325631429861805,0.967436857012991,8.28497121037406e-13,2
"20147",0.0154998883909079,0.984500111609092,5.58935911290299e-22,2
"20149",0.997118657470392,2.37078403244329e-05,0.00285763468928392,1
"20151",0.00650864786215794,0.321268231662427,0.672223120475416,3
"20153",0.098083133107733,0.0216119926680924,0.880304874224175,3
"20155",0.0186036087950478,0.981396391204952,2.22081452370631e-27,2
"20157",0.252909273801075,0.747090462881327,2.63317598125757e-07,2
"20160",0.000311845597199602,1.45934830923768e-12,0.999688154401341,3
"20162",0.000128547302462521,7.30623677479899e-08,0.99987137963517,3
"20164",0.940328765478724,0.0596712078775322,2.66437437617445e-08,1
"20166",0.999541010166522,0.00045898983347801,4.78225871120963e-23,1
"20168",0.999999999999997,2.56177551640156e-15,6.61894889640976e-22,1
"20170",0.0249480857639018,0.210975426594003,0.764076487642095,3
"20172",0.0157427313137731,0.984257268686226,7.24255635396689e-16,2
"20174",0.0303895905612212,0.000169156042929083,0.96944125339585,3
"20176",0.999999999607589,3.92411064744451e-10,8.14796132677422e-26,1
"20178",0.000126997625036951,6.14418684004647e-14,0.999873002374902,3
"20181",0.770715195701767,0.229284804298233,3.03280453847743e-17,1
"20183",0.0443925278816856,0.955278775189977,0.00032869692833699,2
"20186",0.441423847344707,0.557612128103966,0.000964024551326842,2
"20188",0.00674495560728223,1.78855912153491e-08,0.993255026507127,3
"20190",0.0265950260823933,0.973404973917607,7.06473516908129e-24,2
"20193",0.999999999992825,7.17539132245352e-12,4.1735523524691e-20,1
"20195",0.171220812696554,0.828779186615512,6.87934588874118e-10,2
"20197",0.023673168437537,0.976326831562463,1.83084835388062e-26,2
"20199",0.0557057994463227,0.00551946959198444,0.938774730961693,3
"20205",0.99999999894395,1.05604963742576e-09,7.29463444145743e-21,1
"20208",0.029625753154162,0.970374246790031,5.5807294754312e-11,2
"20210",0.000460295877849858,9.37083357196117e-06,0.999530333288578,3
"20212",0.445219690832561,0.554755392284019,2.49168834199801e-05,2
"20216",0.024751837686408,0.975248162313592,6.65414634217224e-23,2
"20219",0.733552323927593,0.266447676072408,1.10398502284555e-28,1
"20223",0.999986610863923,1.33891360772786e-05,1.24487651893945e-30,1
"20226",0.0544549691125776,0.945545030887406,1.63411080517007e-14,2
"20230",0.0582564697510692,0.941743530248931,2.12112593795764e-30,2
"20233",0.999999999418727,4.05971015447566e-18,5.81272800222634e-10,1
"20235",0.999710319405161,0.00028968059483932,3.55898628646872e-50,1
"20239",0.698264421892411,0.301735578107589,1.29654481536927e-37,1
"20254",0.999999800363687,1.99636313050808e-07,1.50770646067762e-20,1
"20256",0.0525588015233122,0.947441198476688,1.22222754905631e-33,2
"20262",0.000610169138823514,0.00727972705520815,0.992110103805968,3
"20270",0.859769391994122,0.140230608005878,1.10802136188859e-20,1
"20284",0.921751597619039,0.0782484023808698,9.14212980713294e-14,1
"20287",0.609525830182795,0.390474169817205,2.7637858171731e-35,1
"20290",0.999964818715104,3.51812847967378e-05,9.89719350978944e-14,1
"20293",0.0173281367946067,0.982671863205393,1.26350403497302e-18,2
"20296",0.655123949602125,0.344473551752291,0.000402498645584154,1
"20301",0.999594236305293,0.000405763694707339,9.32363146658923e-33,1
"20304",0.999999834879152,1.65120847564339e-07,7.49761876609145e-18,1
"20306",0.15880149563382,0.84119850436618,3.32668855875885e-30,2
"20309",0.0287995461596613,0.971200453840339,5.6140533505576e-21,2
"20311",0.190685811075534,0.809314188924466,2.25571704292153e-35,2
"20314",0.0086513550067379,0.477276135133678,0.514072509859584,3
"20318",0.999998278488977,2.68723102553587e-08,1.69463871255692e-06,1
"20320",0.749559461345551,0.250440538654435,1.42640916939652e-14,1
"20326",0.03042052912518,0.969579355773537,1.15101282689751e-07,2
"20328",0.212884566585971,0.785360912687525,0.00175452072650442,2
"20330",0.467134676481919,0.532865323518081,2.26468186831915e-43,2
"20336",0.987521822706733,0.012478174586524,2.70674276644682e-09,1
"20338",0.99991530159043,8.46984095696604e-05,9.48647391786261e-40,1
"20340",0.710138428231393,0.289861571768607,7.12723151608249e-35,1
"20342",1,5.19103251369595e-20,4.01215098320655e-43,1
"20344",0.0270509737447639,0.972949026255236,2.17227442941298e-24,2
"20349",0.0422818719177979,0.957718128082202,8.53256238287161e-27,2
"20351",0.0629486433454136,0.937051356654586,5.60085262500943e-20,2
"20353",0.2385081188277,0.7614918811723,3.31869857111637e-35,2
"20357",0.999999875990413,1.24009586927042e-07,8.4456978789589e-22,1
"20360",0.99999999999982,1.79969750972838e-13,8.2720730320026e-51,1
"20364",0.0319400296053523,0.968059970394418,2.29121363357772e-13,2
"20366",0.999994708409997,5.29157969830734e-06,1.03047227090144e-11,1
"20381",0.999999999999583,4.1656774454689e-13,7.58424362460632e-21,1
"20391",0.999734784936725,0.000265215063274877,2.73193113407739e-18,1
"20394",0.0685718960757936,0.931428103597705,3.26501678937387e-10,2
"20396",0.00652043429884547,1.42974956606985e-06,0.993478135951588,3
"20409",0.121345585070553,0.878654414928897,5.4925110423765e-13,2
"20411",0.259546734859905,0.740453265140095,7.73565730043276e-31,2
"20416",0.999999999177882,8.22117705717161e-10,4.89085045037587e-33,1
"20418",0.000419729420067793,5.02264593598155e-09,0.999580265557286,3
"20420",0.999996698885892,2.77263466335518e-12,3.30111133550001e-06,1
"20422",0.0807137176446059,0.919286282355394,1.32753890244176e-33,2
"20424",0.0803706949696966,0.919629305030303,5.8758053710639e-27,2
"20426",0.999998774343885,8.82091652974555e-21,1.22565611513487e-06,1
"20428",0.0662253728268753,0.933774627173125,3.01540092429069e-25,2
"20431",0.240286194364355,0.759713805635635,9.49738226682169e-15,2
"20433",0.998602168300916,0.00139783169908446,5.36479411137869e-34,1
"20436",0.999999999655368,3.44631562884311e-10,4.77404889852069e-30,1
"20439",0.0198774087159429,5.32513876702755e-05,0.980069339896387,3
"20441",0.999999144936767,8.55063233039052e-07,4.43667638841091e-21,1
"20444",2.49771092686471e-05,3.61389036836063e-12,0.999975022887117,3
"20448",0.98604110907975,0.0139588909202497,2.90205974852328e-25,1
"20536",0.391823953350308,0.0493013271801421,0.55887471946955,3
"20538",0.996233282937238,0.00376671706276192,6.07762025439331e-17,1
"20541",0.335652128235515,0.664347871764485,1.92852269654588e-31,2
"20544",0.0226451125121844,0.977354887487816,7.06550346278222e-17,2
"20546",0.0339521973443467,0.966047802655653,1.7582414585101e-19,2
"20550",0.240940344655185,0.759059655344815,1.23595619303621e-25,2
"20553",1,1.59884915765055e-20,5.27074857267177e-31,1
"20555",0.999999684511026,8.30686449616158e-14,3.1548889073875e-07,1
"20557",0.253166678267466,0.746833321732534,1.85836767619312e-18,2
"20559",0.0162856912185063,0.983714308781494,1.5160209894962e-17,2
"20561",0.0668284397471014,0.895809802370712,0.0373617578821866,2
"20564",0.000126997625036951,6.14418684004647e-14,0.999873002374902,3
"20566",0.0721240474471568,0.927875952465585,8.72582561917006e-11,2
"20569",0.0385440371877186,0.141760753061398,0.819695209750884,3
"20572",0.0269733437165739,0.000542775049415111,0.972483881234011,3
"20574",0.0308238366462971,0.969176163353703,3.36568287198537e-28,2
"20576",0.0188922825671768,1.14486976969556e-07,0.981107602945846,3
"20578",0.0177201291911813,0.982279870808816,2.35314064246875e-15,2
"20580",0.0216056154914581,0.978394384426071,8.24712738007179e-11,2
"20583",0.00638957108484302,3.85684514747649e-09,0.993610425058312,3
"20586",0.0234910908805028,0.976508909119497,1.44506098975995e-16,2
"20589",0.0234863025272511,0.976513697472749,3.1802813522323e-30,2
"20591",0.984978016573529,0.0150219834179791,8.49167909041123e-12,1
"20593",0.671981410681507,0.328018589318493,8.83385376608394e-37,1
"20595",0.0165822199321333,0.983417780067867,2.06298090058175e-20,2
"20597",0.000290924186265013,9.59834976499304e-13,0.999709075812775,3
"20599",0.00115783202862942,6.05335918222918e-12,0.998842167965317,3
"20601",0.0179556229742339,0.98062017974072,0.00142419728504592,2
"20604",0.0443992980087058,0.955600701991294,4.16887046503199e-25,2
"20606",0.0223258594144547,0.977674140585545,4.31920108307846e-29,2
"20608",0.0347808537426147,0.965219146257385,5.80800821956705e-23,2
"20610",0.998628650778005,0.000606200662290909,0.000765148559704573,1
"20612",1,9.97659518146029e-20,1.11423232508747e-35,1
"20614",0.00140524710125343,2.27232449088876e-05,0.998572029653838,3
"20616",0.077217494295675,0.922782505704325,5.87622990379508e-25,2
"20618",0.999999882900577,1.17099423043136e-07,5.62527073967729e-25,1
"20620",0.65457168943429,0.34542831056571,1.09543680763961e-29,1
"20622",0.0175179915680371,1.17197340121411e-05,0.982470288697951,3
"20624",0.344717069313757,0.655282930686243,4.72108446551135e-31,2
"20626",0.976082388730797,0.0239176112692035,8.13512822015553e-29,1
"20628",0.932322316098665,0.067677683901335,6.58109397211993e-26,1
"20630",0.0500031685418499,0.94999683145815,8.26893725906092e-18,2
"20632",0.00043181430976719,8.90562287428882e-09,0.99956817678461,3
"20634",0.0179281014808066,0.982071898519194,2.37766425263266e-27,2
"20637",0.999986460174621,1.35398253785897e-05,3.00279466237721e-17,1
"20639",4.45606352096947e-06,8.76829694374863e-06,0.999986775639535,3
"20644",1,4.90253554430802e-21,3.03921611569804e-46,1
"20646",0.999999992395589,7.60441084979618e-09,8.35938771826568e-54,1
"20648",0.000235354879393377,0.00881415186666006,0.990950493253946,3
"20650",0.995466351286987,0.00453364871301285,4.71933222374663e-30,1
"20653",0.70973127115562,0.29026872884438,1.53239117306878e-20,1
"20658",0.317970468823821,0.682029531176179,4.43749671867411e-21,2
"20661",0.99999999672169,3.27831030480858e-09,2.39900677627958e-23,1
"20663",0.0172284602428688,0.982771535099377,4.65775458134758e-09,2
"20665",0.120036859964247,3.53678667677086e-10,0.879963139682075,3
"20667",0.682055836653248,0.317944163346752,4.99094309124638e-35,1
"20669",0.0131076828631131,3.4339363123772e-09,0.986892313702951,3
"20671",0.906941643208882,0.0930583567911147,2.97210607372448e-15,1
"20673",0.000609907370137331,6.31250633855451e-13,0.999390092629231,3
"20675",0.428485800508439,0.564708657842978,0.0068055416485832,2
"20677",0.0267273080630374,0.973272691936959,3.13481836815657e-15,2
"20679",0.0347161890759944,1.407796993805e-08,0.965283796846036,3
"20681",0.000671672371224625,0.000524932896990171,0.998803394731785,3
"20683",0.0570005265168088,0.942999473476079,7.11262008914793e-12,2
"20685",0.999999999994797,3.76721762354385e-13,4.82621105431908e-12,1
"20687",7.05691007550245e-05,4.69517476317779e-05,0.999882479151613,3
"20689",1,1.22152188491939e-18,2.33903585994256e-38,1
"20691",2.57515740925845e-05,1.0996269979148e-10,0.999974248315945,3
"20693",0.235599509477551,0.764400490522449,4.39729804623117e-33,2
"20695",0.0269170063458827,0.972605599931744,0.000477393722373062,2
"20697",0.0321587623009373,0.967841237699063,2.34510603956119e-18,2
"20699",0.0370416210332937,0.962958218860042,1.60106664300642e-07,2
"20701",0.0339425556063864,0.966057444393614,1.69921475939563e-21,2
"20703",0.999999999999998,6.30048829948314e-16,1.31584184467427e-15,1
"20705",0.0486844298912693,0.951315570108731,1.3117905990538e-26,2
"20707",0.0215590592520923,0.68042205177299,0.298018888974918,2
"20709",0.762004719719593,0.237995280280061,3.46474883494204e-13,1
"20713",0.999902854189031,9.71458055353207e-05,5.43358182136067e-12,1
"20715",0.999999999998683,1.31651363599796e-12,1.21979851926063e-21,1
"20717",0.000154690310527615,0.00392623520291353,0.995919074486559,3
"20720",0.0669868914105952,0.933013108589405,7.15952213309432e-47,2
"20722",0.0373305200141094,0.962669479938781,4.71097538609141e-11,2
"20724",0.000657947535590896,0.0136589269179356,0.985683125546474,3
"20726",0.161714505474472,0.838285494525528,7.26455731506501e-39,2
"20728",0.000371402270253553,0.00112961599219202,0.998498981737554,3
"20730",0.0328333403445466,0.779302066496175,0.187864593159279,2
"20732",0.998274332749724,0.0017256672502764,4.66325933881166e-32,1
"20734",0.0352948165296002,0.964705183444101,2.62993328011714e-11,2
"20736",0.000499750881368565,0.00123336537886881,0.998266883739763,3
"20738",0.999999999934723,6.52772979424379e-11,5.06267539973128e-65,1
"20740",0.993471386948881,0.00652861304531489,5.80357117180037e-12,1
"20742",0.471128223155227,0.226168016173436,0.302703760671337,1
"20744",0.00186404712787742,3.99758492158055e-07,0.998135553113631,3
"20746",0.014258905138964,0.985723315789362,1.77790716735277e-05,2
"20748",0.0011912123330156,0.00738498489693306,0.991423802770051,3
"20750",0.0903191321331752,0.887288034455318,0.0223928334115068,2
"20752",0.021977844533672,0.978022155466328,1.66165114487064e-16,2
"20754",0.0205530040771189,2.94013002461020e-11,0.97944699589348,3
"20756",0.0411332515766232,0.958866745144114,3.27926326178550e-09,2
"20758",0.999999220568372,7.79431627716889e-07,3.96014761802704e-20,1
"20760",0.00101560229461729,0.00362981357763028,0.995354584127752,3
"20762",0.000842490015814282,1.32060882289098e-11,0.99915750997098,3
"20764",0.192750726319515,0.00166074081819257,0.805588532862292,3
"20766",0.000353486409301315,0.00558849778518083,0.994058015805518,3
"20768",0.075196732812416,0.749892028082094,0.17491123910549,2
"20770",0.969532586639854,0.0304583714547431,9.04190540287274e-06,1
"20772",0.0319973285080915,0.968002671491909,1.92736720535006e-24,2
"20774",0.999997509386347,2.49061365246615e-06,2.35897467393005e-42,1
"20776",0.100109793610867,0.845621474380588,0.0542687320085449,2
"20778",0.999999999972117,2.78835767022728e-11,4.89116601646301e-44,1
"20780",0.99999700136056,1.01974174472759e-14,2.99863942967056e-06,1
"20782",0.923507094152398,2.27369087657032e-11,0.0764929058248656,1
"20784",0.00492516731884726,1.16740891105021e-09,0.995074831513744,3
"20786",0.811873247576599,3.03665172341068e-12,0.188126752420364,1
"20788",0.0238655182628862,0.816894262374018,0.159240219363096,2
"20790",0.811346482505692,0.0628776583810821,0.125775859113226,1
"20792",0.14856733012248,0.851432669857773,1.97466049878697e-11,2
"20794",0.0415046965442889,0.000552557123477449,0.957942746332234,3
"20796",0.0199215547354494,0.980078445264551,6.664061223192e-24,2
"20798",0.000126997625036951,6.14418684004647e-14,0.999873002374902,3
"20801",0.999957654679578,4.22613235706355e-05,8.39968513075802e-08,1
"20803",0.0508319619781904,0.949168033610675,4.41113485894388e-09,2
"20805",0.0286955013624292,0.971304498636502,1.06890920671986e-12,2
"20807",0.000126997625036951,6.14418684004647e-14,0.999873002374902,3
"20809",0.8882478833776,0.111752116616727,5.67277967342994e-12,1
"20811",0.999402356573732,0.000597643426267561,1.85204436983818e-28,1
"20813",0.456247195724719,0.543752804275281,1.33286051023755e-30,2
"20815",0.00117071185928483,1.12081332184526e-19,0.998829288140715,3
"20817",0.00176388036906774,0.0487049293385194,0.949531190292413,3
"20819",0.0360288271065686,0.963968449839986,2.72305344524811e-06,2
"20821",0.999999999998301,1.69921921997979e-12,3.01739759438392e-35,1
"20823",0.0186275759191363,0.981372424073421,7.44313142697518e-12,2
"20825",0.000196713144356969,0.00229514220649177,0.997508144649151,3
"20827",0.824032715991375,0.175960161609018,7.12239960669568e-06,1
"20829",0.784435801085771,0.215564198914229,2.50796726464626e-50,1
"20831",0.00274145261566328,0.0402032074133438,0.957055339970993,3
"20833",0.00144725748725489,1.2589468524096e-17,0.998552742512745,3
"20835",0.00178714100963635,0.0206058336503157,0.977607025340048,3
"20837",0.00583147382046129,0.184140897442981,0.810027628736557,3
"20839",0.00221117901131846,0.0572886428027862,0.940500178185895,3
"20841",0.907264566122999,0.0927354338770013,9.40342686897204e-25,1
"20843",0.026739223301872,0.93983293511147,0.0334278415866577,2
"20845",0.524220942963809,0.475779056345847,6.90343836306001e-10,1
"20847",0.0401052208273707,0.959894779172629,9.84683094254231e-29,2
"20849",0.0456814263119232,0.954318573688077,2.52289147458798e-17,2
"20851",0.0271815177573586,0.972818482242641,9.09681863757032e-16,2
"20853",0.476224104771945,0.523775895228055,5.59031253526216e-23,2
"20855",0.670147594841817,0.329852405158183,5.50939196859954e-49,1
"20857",0.0450335234331242,0.954966476286948,2.79928220078526e-10,2
"20859",0.016107391118358,0.983892608881642,2.70768293292478e-18,2
"20861",0.999999998608214,1.39060314134163e-09,1.18337301514476e-12,1
"20863",0.00342564263803398,0.0079252690471077,0.988649088314858,3
"20865",0.115015237720881,0.104892342008483,0.780092420270637,3
"20867",0.999867532500218,0.000132467499781752,2.09510714215403e-39,1
"20869",0.141248247492145,0.777300018097718,0.0814517344101372,2
"20871",0.997020863131948,0.00297913686805168,1.25528847926838e-28,1
"20873",0.654773759397897,0.345226240602103,2.82314780954234e-24,1
"20875",0.0478092356395104,0.95219076436049,4.52005744713548e-33,2
"20878",0.999999999693806,1.50149524366524e-16,3.06193402968104e-10,1
"20880",0.441578474338935,1.27224823659279e-15,0.558421525661064,3
"20882",0.193973850091749,0.806026149908251,4.55377024397561e-31,2
"20884",0.00023279818459211,0.00726328010257354,0.992503921712834,3
"20886",0.001511277361788,0.0308037397621439,0.967684982876068,3
"20888",0.0192728144385892,4.82515465353384e-09,0.980727180736256,3
"20890",0.00190338394661036,0.0825187176350812,0.915577898418309,3
"20892",0.0806167285309006,0.919383271469099,1.2361632211025e-16,2
"20897",0.0984951000349886,0.901504899965011,9.03223845432363e-16,2
"20899",0.0255418459946385,0.974458154001196,4.16569852062487e-12,2
"20901",1,2.32013130604097e-18,4.71065482035326e-51,1
"20903",0.999999999493505,5.06494937096672e-10,1.41941729758316e-30,1
"20905",0.999999999836896,1.63103461254484e-10,1.70111454731383e-66,1
"20907",0.658800447665044,0.341199552334956,3.08891815181345e-25,1
"20909",0.623476179557512,0.376523820442488,7.46954580377514e-29,1
"20911",1,4.75785174688098e-23,5.14118455937909e-44,1
"20913",0.0764759029492085,0.923524097041225,9.56629119045476e-12,2
"20962",0.01391704934898,0.986082950651013,6.88593831971587e-15,2
"20969",0.265789058904054,0.734210941095917,2.87046553029795e-14,2
"20980",0.0440436450684703,0.95595635493153,1.80899516527026e-22,2
"20982",0.0156599436860383,0.984340056313962,3.13454938855873e-20,2
"20984",0.77630747272084,0.22369252727916,2.57754563608665e-19,1
"20994",0.079991166356838,0.920008833643162,3.97635602926128e-21,2
"21015",0.92062564988818,0.000238790126945113,0.0791355599848755,1
"21023",0.166224565619435,0.833775434380565,1.53552676320522e-25,2
"21040",0.941869217524991,0.0581307824750091,2.68963512618772e-24,1
"21073",0.354689070884033,0.645310929115965,2.20763277652598e-15,2
"21222",0.0441639483018761,0.945033415171953,0.0108026365261705,2
"21224",0.0337846912462401,0.966188937743876,2.63710098837236e-05,2
"21228",0.999999201239546,7.98760454287147e-07,1.03681297825623e-25,1
"21232",0.0705932332263491,0.929406766773651,1.78387836012636e-26,2
"21237",0.999844842904047,0.000155157095952987,1.10477395291858e-36,1
"21240",0.00018140577452616,0.00271183375588372,0.99710676046959,3
"21245",0.000572713840979967,0.00669230849761183,0.992734977661408,3
"21252",0.169282463086919,0.830717536913081,5.40153250921466e-24,2
"21254",0.566973475634373,0.433026524365627,5.12356340156981e-38,1
"21258",0.758475521388701,0.241524478611299,1.42118475361078e-31,1
"21264",0.0265335831409127,0.973447797117888,1.86197411996744e-05,2
"21305",0.954192704514155,0.0458072954858446,2.50030566236151e-16,1
"21333",0.0352346651974555,0.964765334802544,9.23853940576233e-16,2
"21366",0.0424249564568837,0.957574555928158,4.87614958105347e-07,2
"21377",0.994880322878675,0.000366183796080281,0.00475349332524475,1
"21380",0.999999999999806,1.93951309721762e-13,2.6264430291057e-23,1
"21387",1,2.3991863073366e-23,8.02243740200792e-23,1
"21390",0.0737813418621319,0.926218658137868,7.66621147902863e-26,2
"21392",0.0589773436778471,0.94102265632213,2.27122736130303e-14,2
"21403",0.365314319591373,0.634685680408627,8.58566153023354e-29,2
"21408",0.0451563311924383,0.954843668807562,2.51081491557185e-23,2
"21412",0.999998590398393,1.40960160645577e-06,1.29902585759195e-16,1
"21421",0.0238470519035837,0.976152948078584,1.78323048898897e-11,2
"21424",0.999886624542272,0.000113375457727669,1.79939976783816e-21,1
"21429",0.0343618663663231,0.965638133633677,5.39195078698468e-17,2
"21431",0.035812687948607,0.964187312050923,4.69735669814073e-13,2
"21436",0.999995984244054,1.67146999004638e-06,2.34428595628712e-06,1
"21439",0.0183333855954116,0.981666614404588,1.87639231219118e-19,2
"21442",0.105229865332468,0.894770134667529,3.75617402364941e-15,2
"21444",0.000834215444822647,0.0011680043469257,0.997997780208252,3
"21446",0.999999836688039,1.55370595839532e-17,1.63311961214687e-07,1
"21448",0.999999999895322,5.33226145243466e-21,1.04678513437085e-10,1
"21450",0.578881607490055,0.421118392509945,7.72403988746083e-34,1
"21452",0.185693191453786,0.814306808546214,8.34923217995311e-29,2
"21466",0.35974560147252,0.64025439852748,3.65556443303823e-29,2
"21470",0.0452678439026855,0.954732156097315,1.32005066479584e-20,2
"21472",0.0554942675725514,0.944505732427449,9.29399138653906e-24,2
"21474",0.139439312078697,0.860560687921303,6.02398050924426e-17,2
"21477",0.999971417717957,7.89399813584708e-09,2.85743880451772e-05,1
"21480",0.999999999121598,8.78401816125805e-10,1.12466785670764e-33,1
"21483",0.000716993641202592,0.0171663988148947,0.982116607543903,3
"21491",0.061225092742259,0.938760520517829,1.43867399118136e-05,2
"21494",1,2.67832595421828e-23,2.87936626929975e-50,1
"21499",0.999985170113676,1.48298863242594e-05,9.67861893983784e-46,1
"21501",0.999689534104778,0.000310465895222399,3.14009629032853e-24,1
"21506",0.015136367950075,0.984863632049925,3.82180129056195e-23,2
"21511",0.999909300215835,9.06997841647694e-05,5.83262720690972e-30,1
"21513",0.971866297183885,0.0281337028160081,1.06484576745806e-13,1
"21521",0.375834621692849,0.624165378307089,6.25737452715787e-14,2
"21523",0.0627798724488534,0.937220125771223,1.779923609994e-09,2
"21525",0.0798583741158318,0.920141236732659,3.89151509596021e-07,2
"21531",0.0313694926245558,0.968630507375444,5.78485429835847e-27,2
"21536",0.0373631094068487,0.962636890593148,2.88126959744204e-15,2
"21544",0.0190060749980383,0.980993925001957,5.15567526403908e-15,2
"21547",0.115644455528787,0.884355544471213,5.65756251992945e-17,2
"21551",0.99585686426103,0.0041431357389703,3.62592410959101e-19,1
"21556",0.188463797886249,0.811536202113751,7.92805001547799e-35,2
"21559",0.999999999009187,7.48592131782534e-12,9.83326667094906e-10,1
"21563",0.956995953031944,0.0430040469680557,5.49507070528069e-26,1
"21565",0.0124084211678008,0.987591578832199,7.24609643255937e-23,2
"21568",0.176785684997353,0.823214315002647,1.9460839206243e-38,2
"21572",0.763570298249792,0.236429701750208,1.66852069757585e-36,1
"21575",0.999085835631498,0.000914164368502462,4.17586301108333e-42,1
"21577",0.0173674884219211,0.979443391178447,0.00318912039963185,2
"21579",0.0442510454120752,0.95574895328904,1.29888449562799e-09,2
"21581",0.000126997625036951,6.14418684004647e-14,0.999873002374902,3
"21584",0.999844530023051,1.48799558392373e-10,0.000155469828150091,1
"21586",0.012773182533482,0.986865982388121,0.000360835078397484,2
"21588",0.694720620921209,0.305279379078791,7.53633118585391e-21,1
"21590",0.170154420763217,0.829845579236783,1.04662982908801e-26,2
"21594",0.999999455805426,1.83943560077302e-35,5.44194573980818e-07,1
"21596",0.00614985731274883,0.167269252135512,0.826580890551739,3
"21598",0.999991033794388,8.96620561207065e-06,2.68981711438205e-38,1
"21600",0.00180597870862746,0.00799270391018908,0.990201317381183,3
"21602",0.0477833865227776,0.952216613477222,9.03135451894804e-19,2
"21604",0.0324044802385112,0.967595519761487,1.40562553637503e-15,2
"21606",0.00385854098857361,0.000804569651178534,0.995336889360248,3
"21608",0.712452568525633,0.287547431474367,2.04091011823546e-18,1
"21611",0.999703540335706,0.000296459664294582,1.40806788440338e-28,1
"21613",0.0202399625234525,0.979760037300529,1.76018813962549e-10,2
"21615",0.0813717268057025,0.918627993517192,2.79677105220083e-07,2
"21617",0.0330751982436942,0.906316908960858,0.0606078927954478,2
"21619",0.0181135260439313,0.981886473945477,1.05917380969145e-11,2
"21621",0.754557299529337,4.79026842600794e-11,0.245442700422761,1
"21623",0.0482548076665344,0.921340659872771,0.0304045324606948,2
"21625",0.000180166088907872,4.76601538330172e-09,0.999819829145077,3
"21627",0.173893507678424,0.826106492112674,2.08901801854811e-10,2
"21629",4.31958228190916e-05,0.000472947243086024,0.999483856934095,3
"21631",0.000387644506611325,4.85200723429288e-05,0.999563835421046,3
"21633",0.947506759767658,0.0524932402323422,3.58279045813023e-26,1
"21635",0.978687215780952,0.0213127842190485,3.80794056643727e-50,1
"21637",0.676051507795991,0.323948492204009,1.386557938791e-26,1
"21639",0.288064694324211,0.711935305675789,6.47356009925703e-28,2
"21641",0.916204834142802,0.0837951658571983,1.13648617173028e-16,1
"21643",0.0908484266501812,0.909151573349819,1.35846682888102e-27,2
"21645",0.000141644235230231,0.00373069077203791,0.996127664992732,3
"21648",0.0461530832654482,0.953846916475371,2.59180290043475e-10,2
"21650",1,8.14206045401867e-22,1.54489536854136e-35,1
"21652",0.0303180271032939,0.969681972896706,5.29456265809629e-21,2
"21654",0.999999999994904,5.09582838857838e-12,6.90941935815169e-24,1
"21656",0.43844345804959,0.487558098744604,0.0739984432058062,2
"21658",0.000266679011751882,6.47257150719788e-13,0.999733320987601,3
"21660",0.984535577915355,2.68233230954453e-15,0.0154644220846428,1
"21662",0.999999675011041,6.71221890595563e-09,3.18276740000026e-07,1
"21664",0.00024664304012776,0.00412223122084947,0.995631125739023,3
"21666",0.999999999999963,3.66969273615426e-14,3.67288354228786e-37,1
"21668",0.0320500217758347,0.592866753861913,0.375083224362252,2
"21671",0.16727426501204,0.83272573498796,3.38337662731554e-22,2
"21673",0.999988356219712,8.47403378231495e-06,3.1697465057547e-06,1
"21675",0.354993784941473,0.645006215058525,1.98383828477601e-15,2
"21677",0.0171604790119984,0.982839520988002,2.55093281165801e-24,2
"21679",0.976146106364153,0.000150187117992217,0.0237037065178553,1
"21681",0.437625996731893,0.562374003264639,3.46859322527297e-12,2
"21686",0.105545901607829,0.894454098392171,1.5079242280331e-26,2
"21689",0.0753226657666047,0.924677334233395,2.22480711062224e-25,2
"21706",0.0226313563795554,0.977368643620445,7.47471210802416e-18,2
"21708",0.03668774432892,0.96331225567108,6.13476828137231e-22,2
"21711",0.0169747887361381,0.983025211263121,7.4083332003601e-13,2
"21716",1,2.13453710338489e-17,1.04899252702538e-44,1
"21719",0.0624762653442513,0.93751643618635,7.29846939875024e-06,2
"21722",0.0146671766149348,0.985332823385065,1.7874443040363e-18,2
"21725",0.0269238332058299,0.973076159770587,7.02358275154438e-09,2
"21728",0.318236379851403,0.681763620148597,2.97152386087864e-31,2
"21732",0.0253709201642249,0.974629079835775,9.11055140596138e-24,2
"21734",0.0931140717043896,0.90688592829561,4.84100800840884e-28,2
"21737",0.00121094618564763,0.0631590477735466,0.935630006040806,3
"21740",0.999999999999406,5.06695453971167e-13,8.76361855328753e-14,1
"21742",1,1.95330007849549e-18,1.76073748863176e-29,1
"21745",0.221547604845274,0.778452395154726,9.43274297386237e-27,2
"21747",0.997337818741295,0.00266218125870468,8.35305839846173e-18,1
"21749",0.280780694170609,0.719219093145226,2.12684164569163e-07,2
"21751",0.0409854128955055,0.959014587104494,1.93674038395468e-24,2
"21753",0.99154696061202,0.00845303938798021,1.88445647963263e-16,1
"21756",0.0206087566694701,0.97939124333053,8.63978759292177e-24,2
"21759",0.348395385538708,0.651604614461291,3.25213942724511e-23,2
"21761",0.0656855889982813,0.934314411001719,4.48849758976364e-23,2
"21763",0.981317359656146,0.0186826403438194,3.48442542164471e-14,1
"21765",0.99999999164278,8.35721990542252e-09,1.38180805527458e-18,1
"21767",0.214160303995125,0.785839696004875,9.95822089895108e-39,2
"21769",0.999968247924835,3.17520751649737e-05,1.73175425008217e-36,1
"21771",0.0285782724555997,0.9714217275444,1.5245436753784e-21,2
"21774",0.0355982407284387,0.693027421655741,0.27137433761582,2
"21776",0.630189442511644,0.369810557488356,2.47992883980409e-35,1
"21778",0.268954472038544,0.731045527961456,3.40818950426004e-20,2
"21780",1,4.40907072753065e-32,1.42830183910422e-19,1
"21783",0.0199667044985634,0.980033295501436,1.60763460054089e-18,2
"21785",0.172746722704593,0.827253277295401,6.23500872659118e-15,2
"21788",0.0270683773305913,0.972931622669409,3.48834510626135e-21,2
"21790",0.883348332000422,0.116651667999578,4.23137577024229e-33,1
"21793",0.103078257982846,0.896921742017153,2.00721694350849e-31,2
"21796",0.0635557766144621,0.936444223383509,2.02934992433988e-12,2
"21798",0.999999982079947,1.79200530269901e-08,1.3347988214347e-17,1
"21801",0.776253701405456,0.223746298594544,8.21011068062062e-38,1
"21803",0.036769313829618,0.963230686170382,6.45117833627195e-21,2
"21805",0.999999999919062,8.09385140540208e-11,1.77049659091219e-40,1
"21807",0.999999854084929,1.459150709736e-07,8.43424707654096e-21,1
"21810",0.0868460637236201,0.91315393627638,9.55831664381899e-21,2
"21812",0.999999994888282,5.11171762387543e-09,9.59049673882759e-41,1
"21816",0.0354792132862707,0.964520786713729,2.43065584129627e-23,2
"21819",0.999999999300379,6.99620778868531e-10,1.80394879552652e-35,1
"21821",0.999999999847238,1.52762488670328e-10,7.51639076856256e-28,1
"21823",0.129331725408171,0.0166443788130271,0.854023895778802,3
"21825",0.0183924091477078,0.981607590852292,3.3920382517799e-22,2
"21827",0.999957124415356,4.28755846439427e-05,7.19580520932857e-37,1
"21829",0.653646965838165,0.346353034161835,7.23385880574251e-24,1
"21832",0.99995060987924,4.93901207556302e-05,4.80559965809432e-15,1
"21834",0.286214014278377,0.713785985721623,4.2264407468135e-33,2
"21836",0.286214014278377,0.713785985721623,4.2264407468135e-33,2
"21839",0.0632015076331614,0.785635538406916,0.151162953959923,2
"21841",0.999998025289251,1.97471074934083e-06,5.65032129677915e-23,1
"21843",0.000753470177850275,0.00273624749550528,0.996510282326644,3
"21846",0.999974232831226,2.57671687738037e-05,9.08664776408773e-30,1
"21848",0.999722587851032,0.000277412148968127,9.44832630575944e-41,1
"21850",0.0190136303914233,0.980986365735732,3.87284444619835e-09,2
"21853",0.999999999999948,5.21032250418089e-14,5.36292068007387e-23,1
"21855",0.000258680651616826,5.97761710985329e-10,0.999741318750621,3
"21858",0.979020888271825,0.0209791117281751,1.69486894965651e-35,1
