"","V1","V2","V3","V4","V5","best$classification"
"19812",5.66635028484304e-06,0.000800557538173705,0.0237908366681108,0.975277677307978,0.000125262135453034,4
"19814",0.00557829947540555,3.06728410053701e-05,0.00268996505884599,0.991694426284473,6.63634027045489e-06,4
"19816",3.67058727509811e-06,1.0930962081619e-05,0.974564739422502,0.0252816237549212,0.000139035273220141,3
"19818",0.0201283638496454,7.30423002747433e-05,0.0531453544028426,0.9265849168032,6.83226440374604e-05,4
"19820",7.42964619878089e-09,8.38631939993382e-05,0.999914322195104,1.55810011879892e-06,2.49081131190565e-07,3
"19822",5.24515102064138e-06,0.0563569515380658,0.943604747605713,2.79268344261595e-05,5.12887077413126e-06,3
"19824",0.00293533326299863,8.32690412436826e-05,0.995149169440388,0.00133493242662733,0.000497295828742508,3
"19826",9.36461803376339e-05,2.49906275039e-05,0.03674654874138,0.950355353980366,0.012779460470413,4
"19828",6.01565638542262e-06,0.000362289999202166,0.998488741258981,0.00114216671263439,7.86372796584552e-07,3
"19830",0.000244695338737546,0.000697192316039949,0.000363264123015347,0.996954684197039,0.00174016402516789,4
"19832",6.80630315561261e-06,0.536955782075658,0.149675488859634,0.313345333594835,1.65891667167324e-05,2
"19834",0.000375007428229385,0.0153026289584993,0.864159093752739,0.120157159613665,6.11024686750306e-06,3
"19836",7.15886984028227e-06,0.000330702317951772,0.273805915333904,0.615322369496071,0.110533853982233,4
"19838",0.00122707876403965,0.000100249206281053,8.65865464430356e-05,0.998574105442629,1.19800406069524e-05,4
"19840",2.81127705726279e-05,7.1583463728027e-05,0.7627894340452,0.23306929740536,0.00404157231513866,3
"19842",5.67855030733235e-05,8.80751889538844e-07,1.88850106959025e-05,0.102174733283069,0.897748715451273,5
"19844",0.999895099602089,1.98984073467822e-07,1.82647984461551e-05,3.58185144343409e-05,5.06181009570813e-05,1
"19846",0.215984714061014,5.10033701549935e-07,2.02178136814147e-05,0.778789005143657,0.0052055529479459,4
"19848",0.0877433378007045,1.73456282797109e-06,3.15882564467856e-05,0.911828802253835,0.000394537126185981,4
"19850",0.355199893549946,8.36059858373861e-06,0.000309567032446692,0.644383296922785,9.8881896237975e-05,4
"19852",0.00089389216803772,0.000293773651330598,0.639708593553983,0.359067453170334,3.62874563142482e-05,3
"19854",0.0100685328688963,3.81487744221957e-06,3.02255629213623e-05,0.989799043127208,9.83835635325567e-05,4
"19856",0.975611712773226,2.88276028361981e-05,0.00106179030218654,0.022918709343027,0.000378959978724311,1
"19858",0.969553398652271,0.000223344173584735,0.0262377188008694,0.00391620022260611,6.93381506685316e-05,1
"19860",9.17246160224116e-05,0.000173357813745149,0.293275990771047,0.706389681459902,6.92453392833942e-05,4
"19862",0.013208828082904,6.24088638734111e-07,1.08485706265945e-05,0.970399985407346,0.0163797138504847,4
"19864",5.6336886590769e-06,3.38922640293741e-07,3.87887267162128e-05,1.93606114702412e-05,0.999935878050514,5
"19866",2.95347158359738e-06,3.65139939302966e-05,0.95630965303543,0.00670242225183025,0.0369484572472254,3
"19868",7.3078481431599e-05,0.999725927386346,1.76692849213838e-05,0.000182581893686115,7.42953614171742e-07,2
"19870",0.00592315944783325,5.70591915479692e-06,0.000481804545062811,0.991982058968394,0.00160727111955504,4
"19873",0.00170299178694073,1.46922078890752e-05,0.0304486710084316,0.965307892115279,0.00252575288145904,4
"19875",1.96127766390399e-07,0.000491644483231679,0.993337071449418,0.00616878151244961,2.30642713397993e-06,3
"19877",0.00363352030230764,4.35381708657798e-05,0.0044626768543319,0.991712531785335,0.00014773288715932,4
"19879",0.0074858307624604,0.00165708028262022,0.28915045186875,0.701384656179169,0.000321980907000455,4
"19881",0.00250971207759624,1.99986923744002e-05,0.012562892670885,0.959053221677963,0.0258541748811818,4
"19883",0.000208577191434696,2.90864023479444e-06,0.00467396215042128,0.753086645133922,0.242027906883987,4
"19899",6.47233411705199e-05,0.0102632251433165,0.375884519048391,0.610928647902664,0.00285888456445825,4
"19908",0.00599628818674566,0.0812051453757947,0.174833466947713,0.0202770026719819,0.717688096817765,5
"19910",0.000723425082249836,0.000102647679284293,0.343764428818054,0.65486165666945,0.000547841750961746,4
"19912",0.00163743324566016,2.06260193417389e-06,3.94571518508548e-05,0.540934932979526,0.457386114021029,4
"19914",0.00165993802990039,0.00629547303662401,0.198057689852291,0.79377337691389,0.000213522167293965,4
"19916",0.000503912417436008,0.000112169904397573,0.631517033194446,0.000637882577562605,0.367229001906158,3
"19918",0.17015083983719,6.45702311554493e-07,0.000614747248007845,0.82600734040034,0.00322642681215101,4
"19920",0.896303125902998,3.92984646484153e-07,3.83379106825507e-05,0.103602933325373,5.52098762996842e-05,1
"19922",5.81876985986184e-05,0.644802263469435,0.0206704485606648,0.334451176154732,1.79241165697486e-05,2
"19924",0.0403811601796071,2.08462942397364e-05,0.0110397654531344,0.948278234849487,0.000279993223531606,4
"19926",2.8521182843933e-06,0.0262572633474821,0.555582550657887,0.393720465663597,0.0244368682127488,3
"19928",3.62300773877996e-06,3.28449656013661e-08,1.63840286586498e-07,3.53609765627103e-06,0.999992644209353,5
"19930",0.000396504985012234,1.73773869861137e-05,0.00104901790195708,0.998447651879258,8.94478467861547e-05,4
"19932",0.00356701728452641,1.19503926764806e-05,6.26190785203508e-05,0.996328418156408,2.99950878688319e-05,4
"19934",0.000172267980301133,0.0023751910191023,0.955250759788057,0.0421992848175853,2.49639495400074e-06,3
"19936",0.000273714597884733,0.000668341152935512,0.0108908731459805,0.988129629775388,3.74413278107487e-05,4
"19938",5.59174427355937e-05,0.00330517249362141,0.995939003476535,0.000667121713707796,3.27848734003775e-05,3
"19940",0.00128874041837762,1.70507960276077e-05,0.090758137003552,0.878147200810892,0.0297888709711513,4
"19942",1.02245440278438e-06,1.77275399717653e-08,2.4906252139159e-06,3.20512470207861e-05,0.999964417945822,5
"19944",7.19785169041415e-05,0.000114988139949739,0.726409071882498,0.271412436895704,0.00199152456494412,3
"19946",0.0279495490430358,0.000117338638004587,0.106403725254958,0.865253430928738,0.0002759561352644,4
"19948",5.84334174416439e-06,5.62847528915772e-09,2.66718472705012e-06,0.000104225924564304,0.999887257920489,5
"19950",0.99821977708315,3.48589885335221e-07,1.13965972750033e-06,0.00177743223461636,1.30243262054549e-06,1
"19952",5.84334174416439e-06,5.62847528915772e-09,2.66718472705012e-06,0.000104225924564304,0.999887257920489,5
"19954",0.00177910386104891,5.87593872134015e-06,0.000237447686886565,0.997884983556668,9.25889566750346e-05,4
"19956",0.677627286158975,0.000304088956204894,2.73856979684382e-05,0.306226770855331,0.01581446833152,1
"19958",0.00139096079716438,0.994627763529553,0.000237012530146103,0.00374084338255161,3.41976058512763e-06,2
"19962",0.207916910754233,0.0032811601541094,0.18560607684847,0.602567865106771,0.000627987136416987,4
"19964",0.0273003289269085,4.48716455678223e-05,0.0571611143410283,0.886393281793438,0.0291004032930569,4
"19966",7.80726038503956e-08,0.000112636504607422,0.990559628740966,0.000293006101055171,0.00903465058076708,3
"19969",0.000220522849514544,5.05730175482584e-06,0.00074763174956347,0.990002959276442,0.00902382882272556,4
"19972",0.115371922161248,5.26695813087057e-06,0.00103441327783812,0.755738178644121,0.127850218958662,4
"19974",0.919520872234554,4.79283535905673e-08,1.47857407443419e-06,0.0563464451253585,0.0241311561376594,1
"19976",0.0621185943405643,3.02351395797608e-05,0.0175040101842491,0.919896153655473,0.000451006680134272,4
"19978",0.00098112957337593,1.38266687509821e-05,0.731133725085471,0.266242444462978,0.00162887420942412,3
"19980",0.323983515670703,3.16943098963389e-06,2.16977263034611e-05,0.675916179686263,7.54374857404542e-05,4
"19982",0.84570949576847,4.91469232292983e-05,0.000282525905013851,0.153934229937506,2.46014657805602e-05,1
"19984",0.999468210999609,2.36398818056027e-07,1.99722862986056e-05,0.000502300798266156,9.27951700796468e-06,1
"19986",8.0308591254534e-09,0.000429607338801225,0.999559107505802,8.85984206930401e-06,2.41728246870688e-06,3
"19988",4.91205216853586e-09,0.000686042449988164,0.999312987658036,8.43462978485542e-07,1.215169448095e-07,3
"19992",2.95789424370075e-07,0.000707029149694391,0.99927994132149,1.2652293436382e-05,8.14459551797118e-08,3
"19994",8.86133986730438e-05,5.23825556554745e-05,0.00125998456001901,0.998539602782349,5.94167033039337e-05,4
"19996",2.29298014892135e-07,8.31253438625287e-05,0.999895858187971,2.07314413325882e-05,5.57288188497339e-08,3
"19998",0.0106552081682905,0.000235843127325997,0.0484025237357689,0.293454186573078,0.647252238395536,5
"20000",0.000725507154916356,0.0192245643997866,0.00014571109901995,0.975356627492172,0.00454758985410488,4
"20003",5.39747144225612e-06,0.000241826781767262,0.00718402564425972,0.991793449428184,0.000775300674346477,4
"20005",0.078995591844252,6.22423269574453e-07,1.62079720645372e-05,0.918276525648319,0.0027110521120945,4
"20007",0.0012778551332046,0.00358367820246451,0.616101364754605,0.37897810792806,5.89939816658917e-05,3
"20009",0.000394844024030163,0.00084177122343474,0.997159531396146,0.000814421933945912,0.000789431422443705,3
"20011",0.0171091561658951,1.48688324784745e-05,0.00612992767806256,0.947258580589629,0.0294874667339348,4
"20013",0.110029885994865,2.86480892302664e-05,0.000822654474595336,0.8890902379679,2.85734734097395e-05,4
"20016",1.05020780212654e-05,0.00558198124890341,0.994368932341483,3.45939246942444e-05,3.99040689812475e-06,3
"20018",3.85801991654835e-09,0.98793146533018,0.0120683703168833,6.67101957248478e-08,9.37847207585236e-08,2
"20021",3.32090150021133e-07,0.000484743367629427,0.984253939300827,0.0152390547633898,2.19304780035731e-05,3
"20023",0.000146176543876942,0.00179831441894205,0.916736130902958,0.0812623571589256,5.70209752970541e-05,3
"20025",1.78243557775825e-07,0.453261582016295,0.546676209303519,5.80806457494047e-05,3.94979087865278e-06,3
"20027",5.51276881076456e-05,7.11102824681173e-06,0.000242968102315451,0.764730732061667,0.234964061119664,4
"20029",0.0246420999770704,3.58141983385259e-07,7.32561607029754e-05,0.964116204003736,0.0111680817165068,4
"20032",5.2480393260509e-05,1.37815324598495e-05,0.000227287988224434,0.993837080882764,0.00586936920329126,4
"20034",1.41784846079305e-06,3.46707486912192e-08,1.15401872751709e-05,0.00038941572876958,0.999597591564746,5
"20036",0.193598054432047,0.00239539301632177,0.0455992061001626,0.752920618395543,0.00548672805592562,4
"20038",6.77408109039253e-09,0.00739060221610572,0.991924991475459,0.000683224013514132,1.17552083988093e-06,3
"20040",7.36725968282942e-06,0.0144690281858439,0.985046893974324,1.27442150788807e-05,0.00046396636507096,3
"20043",1.11150024052868e-06,0.000885129497687403,0.99508894136528,0.00402445053447724,3.67102315087772e-07,3
"20045",1.93580261569058e-07,0.00712268823108362,0.992876003585735,1.0982752278535e-06,1.63276922886462e-08,3
"20048",0.999937273582317,2.29026701190503e-07,5.06627371474281e-07,6.1082595371698e-05,9.08168238229763e-07,1
"20051",0.0128001323906081,0.0187502716780279,0.307329605614871,0.66111740735013,2.58296636312822e-06,4
"20053",0.000301958077106289,0.000116619035239934,0.984793048298035,0.0145784760508909,0.000209898538727757,3
"20055",1.59108238249193e-07,0.152319380387128,0.77389737441184,0.0736542317978795,0.00012885429491446,3
"20057",0.00153012488120361,0.998223916887306,1.65784569933956e-06,0.000182626997137564,6.16733886536627e-05,2
"20059",4.17089277484537e-05,0.00354527677755008,0.982185363337869,0.0133901780491028,0.000837472907729653,3
"20061",0.000226076783495768,0.000549916528459242,0.882090096317046,0.116418488187595,0.000715422183403994,3
"20063",0.981500853530901,0.000719289245039899,0.0157847412763234,5.84542754211351e-05,0.00193666167231464,1
"20065",3.01304863090336e-10,0.858276194423022,0.141710125203793,1.36562061823171e-05,2.38656973562448e-08,2
"20067",0.000280584994389573,0.0113319641145865,0.987953209170059,0.00043420400397907,3.77169856055339e-08,3
"20069",0.583848136406906,4.88595441174554e-06,2.82068535705375e-05,0.416092899670975,2.58711141369613e-05,1
"20071",0.00176744873264818,0.0075928007702493,0.354496609630275,0.453153824561998,0.18298931630483,4
"20073",0.922946424311882,1.36149344214667e-06,0.000804327579923219,0.07571128026448,0.000536606350272579,1
"20075",1.32634833776861e-06,0.999696696972055,1.14770902106199e-05,0.000290370232443052,1.29356953433334e-07,2
"20077",0.000524539948388884,0.000138064455812025,0.982645525363508,0.0166639963677894,2.78738645018066e-05,3
"20079",0.773340506707206,0.00165752220814942,0.155104978358536,0.0698356938479348,6.1298878173097e-05,1
"20081",9.59760308738646e-06,0.146981652960781,0.843228324912549,0.00978030771707411,1.16806508784706e-07,3
"20083",0.971197765089956,0.00126401088456508,0.00548584567517027,0.0169344362166369,0.00511794213367229,1
"20085",1.37990081917115e-09,0.00295129215346584,0.997047058319661,1.60360768932997e-06,4.45392833533439e-08,3
"20088",2.32783282770279e-07,0.00105952859787884,0.998362347477263,0.000577726965809264,1.64175766128887e-07,3
"20091",3.81454571544933e-06,0.997488614576778,0.00236222627652499,0.000145336435078905,8.16590309086397e-09,2
"20095",0.856984314418092,0.000403652316956349,0.071107164676502,0.0174053740595425,0.054099494528907,1
"20097",1.90043264265802e-09,0.012034893066053,0.987962028766703,3.05387418825748e-06,2.23926231873974e-08,3
"20099",0.00498948803498791,4.53766996752092e-06,0.855960322725019,0.0027538487719166,0.136291802798109,3
"20102",0.926753862704895,0.0689219043913831,0.00164510287256984,0.00267790386485686,1.22616629503746e-06,1
"20105",0.00067980518796468,0.000365124715016065,0.99273515099105,0.00621904227239954,8.76833569800978e-07,3
"20107",6.75446744479453e-07,0.000157621008580485,0.999159552221424,0.000678775018028456,3.3763052227755e-06,3
"20109",0.30023907764575,2.35766885815241e-05,0.672349294664174,0.0259323108084108,0.00145574019308363,3
"20111",0.0190502020523776,0.519740380178202,0.000182335359825313,0.46096827119774,5.88112118551314e-05,2
"20113",1.88915949157547e-06,0.000322424725746167,0.954623146433101,0.0205414764847433,0.0245110631969176,3
"20115",0.00108304498235468,0.000385492811063712,0.00015762032192498,0.992755407829549,0.00561843405510745,4
"20117",7.08923631966878e-06,0.535378269071808,0.117110492937748,0.00177425141690793,0.345729897337217,2
"20119",4.27906996392349e-08,5.40054841899391e-05,0.962576853885173,0.000347714883637452,0.0370213829563004,3
"20121",2.71877220033755e-08,0.000434388501689519,0.999464047062131,9.93498105662342e-05,2.18743789151954e-06,3
"20123",1.62815936161404e-08,0.998597582462589,0.00136886395258354,3.35180124618633e-05,1.92907715516773e-08,2
"20125",0.11718904303145,2.95879923606277e-05,0.000219593034762963,0.882541608627234,2.01673141930518e-05,4
"20127",2.58992820387097e-06,0.000302991847799864,0.999679945674866,1.42845692432095e-05,1.87979886777022e-07,3
"20140",2.23809615419521e-06,0.455586110367846,0.367389919331697,0.175029461826769,0.00199227037753348,2
"20142",0.994355309169066,9.35240957758272e-07,2.09921094663243e-06,0.00563901235308114,2.64402594865964e-06,1
"20144",0.00907176384494676,0.00784761071664617,0.000128981507967791,0.982858038448467,9.36054819724873e-05,4
"20146",0.39768130083174,0.00377457417000841,0.00638672192869354,0.592042325065754,0.000115078003803622,4
"20148",0.000300589051971773,0.000117213519966341,0.0073172301098983,0.992236418902329,2.85484158347587e-05,4
"20150",0.617172439347511,3.02109152896106e-07,4.64666731461811e-06,0.380029940868025,0.00279267100799625,1
"20152",0.000224071458212869,0.000178127415242131,0.0316540465228435,0.96780882589518,0.000134928708521641,4
"20154",9.36335395713397e-06,0.963355728257915,0.0366113704229263,2.35360097648466e-05,1.95543657260153e-09,2
"20156",0.0714160571000791,0.0212977162886536,0.737056921033732,0.16977593778476,0.000453367792775448,3
"20159",0.648871431073299,9.12623046478966e-06,2.75357440347385e-05,0.351074705346081,1.72016061211212e-05,1
"20161",0.988672270151339,6.43320767643607e-05,0.000597102723543036,0.0104422622158079,0.000224032832545518,1
"20163",1.28950209489903e-05,0.00135274492988383,0.044207836257766,0.953368431404574,0.00105809238682696,4
"20165",0.990305946856529,2.29973859213679e-05,0.00871953552348497,0.000949066350429197,2.4538836350329e-06,1
"20167",0.0126483887787363,9.58110584979294e-06,0.00456445904878813,0.982756143973668,2.14270929579936e-05,4
"20169",0.999740017337783,2.85893945675374e-07,5.99729822063904e-07,0.000258069780943998,1.02725750551682e-06,1
"20171",8.88858350913636e-06,0.991389196153823,0.00860038634310359,1.52786733346392e-06,1.05223084007741e-09,2
"20173",0.215408266458861,1.72015378635446e-05,0.0533748837173679,0.0012086131144425,0.729991035171465,5
"20175",0.0109294181328121,2.47626200840435e-05,0.00165372498489296,0.987033036444102,0.000359057818109076,4
"20177",0.000242641080499562,1.1713615057007e-05,0.516833035891156,0.00433120470144551,0.478581404711842,3
"20180",2.51508357676908e-10,0.00267083092786291,0.99723948288637,7.42100994785531e-05,1.54758347800021e-05,3
"20182",0.997507112888043,2.47890911675053e-05,5.97873522634838e-08,0.000208229506816247,0.00225980872662143,1
"20184",0.955993919697563,3.0198865060385e-06,0.000142843486690404,0.0438465974688695,1.36194603710858e-05,1
"20187",0.00132312651421895,9.07958161068972e-07,0.00414706183231474,0.00249005927261311,0.992038844422692,5
"20189",1.90302132984265e-05,1.02718154234233e-05,0.920101251204592,0.0617778892160529,0.0180915575506337,3
"20192",8.23326716336034e-06,0.150091750277345,0.812648503442292,0.00622823924418495,0.0310232737690151,3
"20194",0.723065747082415,5.9822341417138e-06,0.000185082407840597,0.0992380344601557,0.177505153815447,1
"20196",3.53234231640377e-07,0.167263180959125,0.832566303842873,0.000169941138242624,2.20825527587713e-07,3
"20198",0.000984982935890645,0.00696957925027843,0.286067599043252,0.705241187246099,0.000736651524479541,4
"20204",0.581977883528493,1.30835971158625e-05,3.64915193163801e-05,0.417941338189915,3.12031651598033e-05,1
"20207",4.58445247081296e-05,0.0896218625222263,0.909971558071163,0.000360709153344042,2.572855895089e-08,3
"20209",9.51848844758586e-06,0.0618710582327562,0.000716996765991154,0.888544849795949,0.0488575767168562,4
"20211",1.25417158186484e-07,0.99881474096897,0.00110666932577835,7.84638145649606e-05,4.7352822658755e-10,2
"20215",5.48943249672581e-05,0.00135278427098144,0.975624399986536,0.0229470466872539,2.08747302617269e-05,3
"20218",0.983354076528395,9.15401403052688e-07,3.5391209388975e-06,0.0166385293258584,2.939623403976e-06,1
"20222",0.000125562968867105,0.067809455858842,0.920976111907794,0.0110887202458452,1.49018651520738e-07,3
"20225",0.0303439841753386,0.000727728154092056,0.000228977238270541,0.968281722389057,0.00041758804324157,4
"20229",0.00127827049372243,0.143955833524404,0.0424964376525192,0.808983838877577,0.00328561945177745,4
"20232",3.08207806410884e-05,0.0248884770885991,0.848787764211321,0.12620797387015,8.49640492889939e-05,3
"20234",2.73359275862688e-09,0.11843164153597,0.881562601890109,1.10298783105368e-06,4.65085249687959e-06,3
"20238",1.21166073742984e-05,0.00158925133654588,0.997816020204919,0.000580238859208526,2.37299195199835e-06,3
"20253",2.05319422709903e-06,0.000860810003740769,0.998837831600905,0.000294176988603924,5.12821252304065e-06,3
"20255",0.000377965171457307,0.000414634811832324,0.00031982472958724,0.998882792086991,4.78320013178096e-06,4
"20258",9.25180710818067e-08,6.48555008769658e-05,0.99974504304058,0.00018733998498249,2.66895548886541e-06,3
"20269",0.0509603841833011,0.00011063883632868,0.915190740234842,0.0336731275458518,6.51091996767829e-05,3
"20271",3.41270009902553e-07,2.10574530118281e-05,0.986505770777911,0.000462012670825778,0.0130108178282413,3
"20285",0.0015296084445926,1.52934919122665e-05,0.00531934476539385,0.0443148071080493,0.948820946190052,5
"20288",0.000117411270505911,0.00273725443252762,0.966840311311445,0.0302861379301653,1.88850553566028e-05,3
"20291",3.43956350705853e-06,0.256472663247638,0.743215186809232,0.000307532086291068,1.17829333217738e-06,3
"20295",0.0225706207492088,0.000200096151232142,0.749500275002598,0.0731570827650495,0.154571925331912,3
"20298",0.00534782874521213,4.9032331156975e-06,3.79346195493001e-05,0.994518350592303,9.0982809820065e-05,4
"20302",0.706089786809234,7.69306403129464e-06,0.00112455586292827,0.290326345327222,0.00245161893658448,1
"20305",0.00104473268733697,2.09190194761665e-06,3.03994317692688e-05,0.99717571226622,0.00174706371272587,4
"20307",4.7306249346579e-08,0.000447033027035958,0.999522747870941,3.01173912571929e-05,5.44045167648338e-08,3
"20310",3.93538813115208e-08,0.00205264008137848,0.997945349662929,9.96246639331433e-07,9.74655172289569e-07,3
"20313",0.99934230388167,2.51422453454799e-08,1.68988672589807e-07,0.00063925827064066,1.82437167710111e-05,1
"20315",5.89752568280157e-07,0.000117627036726905,0.999066987800561,0.000790513554208506,2.42818559352059e-05,3
"20319",2.12207858578983e-07,0.616757810940767,0.382962624744406,0.000278898491452908,4.53615515484584e-07,2
"20321",8.68729026419409e-06,8.34662065328877e-05,0.99979632374452,0.00010890256681776,2.62019186543787e-06,3
"20327",2.66364684441943e-07,1.04169151163528e-05,0.999885256522559,5.87076031655849e-05,4.53525944745761e-05,3
"20329",0.000127086937911565,3.02054948080491e-09,1.54986922377746e-06,0.000239413859288066,0.999631946313027,5
"20335",1.65929100232423e-06,0.104766406173556,0.89520338979287,2.85407688171583e-05,3.97375493340154e-09,3
"20337",0.296747883886724,1.07902351837269e-05,4.92708434735873e-05,0.703172540718249,1.95143163698476e-05,4
"20339",3.69629556040222e-06,0.980848572955514,0.00691403472553882,0.0115556252643428,0.00067807075904411,2
"20341",0.000459630226222708,0.973370639242549,0.0261108709876354,5.88251826019295e-05,3.43609904484013e-08,2
"20343",9.44585570265659e-05,0.00874859498473335,0.991132712081812,2.38986349845177e-05,3.35741443848719e-07,3
"20345",1.08367541897451e-05,5.12356156979416e-05,0.00460967091118677,0.97301271221714,0.0223155445017854,4
"20350",0.0268488965987789,0.374959570876827,0.426867418967575,0.160661538624553,0.0106625749322659,3
"20352",0.999520534020282,2.88611884979946e-07,2.45734110779624e-06,0.000475948507174618,7.71519550427038e-07,1
"20355",0.968246249907806,0.000219975787126576,0.0033928015076107,0.0279334113220919,0.000207561475364908,1
"20358",0.0236169383235933,9.34696856170647e-08,2.37326602203456e-05,0.035026984258371,0.94133225128813,5
"20363",6.81798451616827e-06,7.74286897604839e-05,0.999488317847853,0.000426661341702549,7.74136167600266e-07,3
"20365",2.44602985811181e-06,0.544082908239947,0.411976075513337,0.0439378004940277,7.69722830310193e-07,2
"20379",0.00154664717270389,0.000689115004059832,0.000412818907915798,0.997015437560396,0.000335981354924813,4
"20387",3.36358202805891e-07,0.00139963569849019,0.997884083657794,0.000715754657786169,1.89627726717501e-07,3
"20392",1.12725213332997e-08,0.997232921289337,0.0027364602731719,3.06065325922889e-05,6.32377904458452e-10,2
"20395",0.00113820885876379,0.000313138076708565,0.0159763798202291,0.982511586651877,6.06865924216442e-05,4
"20397",0.00843266554751513,1.09912673051044e-08,2.16685816700061e-07,8.22316847431214e-05,0.991484875090658,5
"20410",4.67734862554439e-08,0.000592631820221527,0.988090404947706,0.0108907343164925,0.000426182142094233,3
"20414",0.336190945834227,9.05007347262744e-06,0.00111216670667127,0.662581314427014,0.000106522958615431,4
"20417",1.51569887498202e-08,0.907352230520495,0.0925529497431958,3.26940755881501e-07,9.44776385647751e-05,2
"20419",1.24283512916203e-06,1.85145846777856e-06,0.999939716408567,3.07565418894583e-05,2.64327559468077e-05,3
"20421",0.704841478132976,0.0151937228383298,0.00354893170431108,0.276403587949396,1.2279374986759e-05,1
"20423",0.401470808713563,0.000121869690712963,0.000251378145721018,0.598144745692242,1.11977577609961e-05,4
"20425",0.606124549233602,0.000429447849191991,0.00060830507343711,0.392833123044069,4.57479969929411e-06,1
"20427",0.000344381257092291,3.82941990729478e-05,0.0444771377514048,0.955053997819367,8.61889730625817e-05,4
"20429",0.000219364321268442,0.00413024997165674,0.995182899362754,0.000192196688403411,0.000275289655917642,3
"20432",0.852962979267019,4.68420957189625e-07,4.91141986240333e-05,0.146514856781952,0.000472581331447512,1
"20435",1.20710976030798e-05,0.0266361636339385,0.781472070481351,0.191585696330521,0.000293998456586643,3
"20438",0.000317879280286033,1.99011868330819e-05,0.999122672996219,0.00043200874969074,0.000107537786970961,3
"20440",1.77882989228893e-05,2.58201911105354e-05,0.999774156448316,0.000162219823851972,2.00152377982524e-05,3
"20443",0.997963864921672,3.35579896747189e-05,0.000200883554208959,0.00179291454408558,8.77899035846394e-06,1
"20446",0.00462793333699457,0.00160125379817955,0.555080569880071,0.436154717044721,0.00253552594003362,3
"20449",2.69821575614189e-05,0.01575976478824,0.780113369738053,0.203811550803874,0.000288332512271972,3
"20537",0.00021811429614287,0.272193347791951,0.719112243323954,0.00847293748560569,3.35710234631183e-06,3
"20540",7.99404776656594e-09,0.991214279813791,0.00877180205490363,1.38961999795109e-05,1.39372781147821e-08,2
"20543",0.0043793073601737,0.000757183578969991,0.198925816670238,0.795866494497023,7.11978935947641e-05,4
"20545",4.5511088184627e-07,0.998750025402924,0.00119306956311187,5.64496517032306e-05,2.71379541308389e-10,2
"20549",0.016291758437442,0.00382255148959491,0.0463583562517361,0.933524718896494,2.61492473333914e-06,4
"20551",0.000128094542064881,0.00166202263445405,0.972349262751443,0.0258600814949187,5.38577119835958e-07,3
"20554",1.2545875319538e-05,0.000105656859776318,0.995175666419933,0.00469673405446426,9.39679050735499e-06,3
"20556",0.00138282177833273,0.126102438665062,0.176861277608455,0.695648822675014,4.63927313610842e-06,4
"20558",2.81530303385879e-07,0.000164732980525024,0.99975127340731,8.36349038303555e-05,7.71780313328855e-08,3
"20560",0.00394331515011779,8.60061034592512e-05,0.976365893973479,0.0196024422552265,2.34251771766624e-06,3
"20563",8.54219529395071e-07,0.000234254128142864,0.999753557651214,1.10513618993197e-05,2.82639214294467e-07,3
"20565",0.0240780262529149,0.00130013511249089,0.850527862627165,0.124084191222655,9.78478477391696e-06,3
"20567",0.90197858154428,2.17798465349284e-06,7.78488148896175e-05,0.0976979595828439,0.000243432073333553,1
"20571",3.79672350041111e-05,0.0311478945790916,0.966204507887905,0.00148052449371013,0.00112910580428866,3
"20573",0.000616213529971757,0.00456085365950684,0.948768140844895,0.0460502307872203,4.56117840624197e-06,3
"20575",1.76160863305201e-07,0.000101754913942455,0.999870479728464,2.42112436396694e-05,3.37795309080375e-06,3
"20577",0.000106233281505429,0.00205833214166683,0.106493162907333,0.890559354471372,0.000782917198122616,4
"20579",0.880080435945337,2.44000327349391e-08,2.07354865922761e-06,0.00137664171923558,0.118540824386736,1
"20582",4.27082082541415e-08,0.000112294554034197,0.999875398890161,1.20595067787248e-05,2.04340817300228e-07,3
"20585",1.72505015688322e-06,0.889614714346837,0.0906995494652978,0.0196839424784464,6.86592620283405e-08,2
"20588",0.000160131892811785,0.981717650330726,0.00765855922369486,0.0104612277278224,2.4308249446658e-06,2
"20590",0.994205694874207,1.20721705866517e-08,5.4950078558934e-07,0.0042138431202155,0.0015799004326213,1
"20592",1.1275564746167e-06,7.59697340523816e-05,0.999917012540284,5.80329995206665e-06,8.68692370640012e-08,3
"20594",7.79524960894422e-09,0.000297026725638241,0.99967933097557,2.23076421793805e-05,1.32686136256657e-06,3
"20596",0.000455428198953506,5.98739714596248e-06,0.988114783691802,0.00941424247710488,0.00200955823499335,3
"20598",6.737881446503e-06,0.000111393164414795,0.988152390128552,0.0117235425067741,5.93631881282116e-06,3
"20600",0.00134857673017485,0.685897898404031,0.0759895686644623,0.236762766808253,1.18939307875372e-06,2
"20603",0.00350274389867748,0.00254721944408901,0.000540334683705024,0.993381410955112,2.82910184162671e-05,4
"20605",2.42220200083298e-08,0.000455973607165166,0.999090211075069,0.000440504732839579,1.32863629060876e-05,3
"20607",5.15653760454713e-07,1.35085062976143e-05,0.998461694576848,0.00146014814966567,6.41331134277922e-05,3
"20609",3.35354237076785e-05,0.000121538377143353,0.980328745735831,0.0194972415483,1.89389150183166e-05,3
"20611",0.000327474790712134,2.40782928795539e-06,3.95329199076952e-05,0.990046195931796,0.00958438852829597,4
"20613",1.35434128437367e-05,0.00292950543020447,0.391625277060544,0.605309282145803,0.000122391950605655,4
"20615",0.00241244770747844,0.0553311981403112,0.234505688480229,0.707748879979681,1.78569230007279e-06,4
"20617",0.997752451292427,3.78939830075471e-07,1.18058250496209e-06,0.00224462060776909,1.36857746904606e-06,1
"20619",3.23329094128127e-06,3.64093862904674e-05,0.999933095199622,2.50718733556402e-05,2.19024979006443e-06,3
"20621",3.34246003672421e-05,0.000405787308171829,0.982442003021978,0.0170574599138693,6.13251556132039e-05,3
"20623",0.988526126255577,3.05549150627473e-07,0.00178073604744544,0.00849589077794961,0.00119694136987694,1
"20625",0.0418046407632617,0.0242929283879507,0.00107290343951334,0.932819725561376,9.80184789795645e-06,4
"20627",4.67575418136133e-06,0.000516778094486933,0.770134199728373,0.228705478388739,0.000638868034219842,3
"20629",0.000800254164656894,0.00312812635253841,0.783933560512105,0.212125370619987,1.26883507134514e-05,3
"20631",7.65849741722669e-06,0.000123550274378194,0.999853820462664,1.47683288785044e-05,2.02436661929809e-07,3
"20633",0.999551301011459,1.25669307123671e-08,1.08254072738215e-07,0.000351838524017508,9.67396435195048e-05,1
"20636",0.02546754870807,8.932032508302e-06,0.000871179020975413,0.917500023465171,0.0561523167732749,4
"20638",0.000177228118211586,0.0702043136190662,0.125880633859976,0.802197235469468,0.00154058893327778,4
"20640",1.83142738129251e-08,0.076007658294909,0.920119483784481,0.00387155685406603,1.28275226971193e-06,3
"20645",2.73907960399264e-09,0.00400143427058491,0.995995115081672,3.43207447042018e-06,1.58341931647526e-08,3
"20647",0.999933140791117,2.68968949621853e-07,5.42915089346102e-07,6.50326485517774e-05,1.01467629222232e-06,1
"20649",1.23001117842856e-05,0.0102193863868626,0.966141280084176,0.023625316645565,1.71677161235621e-06,3
"20651",1.03724945398586e-05,0.00293143372497472,0.997017965880526,8.51519540866566e-06,3.17127045508409e-05,3
"20656",4.05141145634283e-06,0.0332327483142033,0.965101058409102,0.00166092399234787,1.21787289089914e-06,3
"20660",3.12607833759649e-06,0.932771201085233,0.0581196756365648,0.00828842094834371,0.000817576251521191,2
"20662",0.833216891628439,3.11931719307071e-06,0.000388482511302928,0.0631011052705181,0.103290401272547,1
"20664",0.0971841837224125,2.99640309113288e-05,0.882711269156838,0.011238285978521,0.00883629711131692,3
"20666",8.40860155145237e-05,0.0442076445221624,0.000520530210997393,0.955123058940593,6.46803107322676e-05,4
"20668",0.488684181759393,7.70600531159756e-07,8.39235567362439e-05,0.511069991360559,0.000161132722780183,4
"20670",4.66303970564383e-06,0.000320112302448902,0.997870556166516,0.000968759599591993,0.000835908891737569,3
"20672",0.487530271060309,2.4706112979876e-05,5.30515698854129e-05,0.512378311700309,1.36595565169732e-05,4
"20674",0.000159695690306642,0.000165486961267162,0.910033424506388,0.0894196853280849,0.000221707513953526,3
"20676",0.00456424460402224,3.57961684412089e-07,1.24677595947945e-06,0.0647979308014273,0.930636219856906,5
"20678",0.0455094345436227,4.92664200598138e-08,1.45216136296268e-06,0.0391394157247703,0.915349648303824,5
"20680",0.314136801466459,3.15371557626303e-05,0.00147903191122144,0.684338135684127,1.44937824298321e-05,4
"20682",0.000830103360743447,7.60392401867025e-06,0.0030427963264039,0.856034268241618,0.140085228147216,4
"20684",1.88306148420207e-05,0.00428626045150498,0.800376380240698,0.0923201866546318,0.102998342038323,3
"20686",0.982456805111207,1.00625839883374e-06,5.32017533762479e-06,0.0175341318928874,2.73656216865065e-06,1
"20688",0.0509052521370356,1.09733735334722e-08,4.24174488751651e-07,0.00158788123305234,0.94750643148205,5
"20690",8.77544111066004e-08,0.961788383006367,0.0363097517641588,0.00189934332437998,2.43415068309205e-06,2
"20692",0.978826766934301,1.29863081993983e-08,2.22822660825136e-07,0.00100807427119975,0.0201649229855303,1
"20694",0.0185517229407323,2.04168597019637e-06,2.27694292773525e-05,0.981131097009338,0.000292368934682488,4
"20696",0.00617990100048644,2.29248658136527e-05,0.000651639091958294,0.99223932544646,0.000906209595281335,4
"20698",0.00989634695096324,0.00945194054061648,0.886616527609872,0.0940108541508735,2.4330747674514e-05,3
"20700",0.00295630145472522,0.000386379024745097,0.995109103689553,0.00117863071014428,0.000369585120832759,3
"20702",3.82830778907957e-08,0.903462441724515,0.0963716449340368,0.000165580046566043,2.9501180409874e-07,2
"20704",3.98054095137821e-05,0.000398714076694545,0.803296667106742,0.196186211228171,7.86021788787626e-05,3
"20706",0.00964551019275931,0.00455259920141258,0.170052512578357,0.436235642508696,0.379513735518775,4
"20708",0.000466625697501257,1.24543201567855e-07,9.05838906601241e-06,0.0584410095357866,0.941083181834445,5
"20710",1.78813716486007e-06,0.397362585371822,0.538857275837979,0.0637772940363446,1.05661668972877e-06,3
"20714",0.98930456925956,5.77131405469824e-08,2.19916900729611e-05,0.0106097582475161,6.36230897103116e-05,1
"20716",4.91703465766889e-07,0.000123122839627032,0.992377020706793,0.00738183562021173,0.000117529129902988,3
"20719",3.5773459825021e-05,9.49643112143475e-05,0.115142841856015,0.0462978061362196,0.838428614236726,5
"20721",1.38742611043134e-06,8.19231533300465e-05,0.999910069392537,6.49826712735065e-06,1.21760895204845e-07,3
"20723",0.000153955452766593,0.00132600295556378,0.141574311522917,0.0183309658405619,0.83861476422819,5
"20725",0.000114042107726992,0.000122393420187649,0.00160883618005587,0.998120551108008,3.41771840216386e-05,4
"20727",0.994228600828721,0.000110177452509637,3.43985587662445e-06,0.00507943405880827,0.000578347804084687,1
"20729",0.000223721265690038,3.58188509888399e-06,5.09612460970634e-05,0.976853493822251,0.0228682417808633,4
"20731",1.48426940986903e-05,0.000112475144696494,0.000452387594394082,0.999225595685037,0.000194698881773223,4
"20733",1.45965650791379e-05,0.0039834183840707,0.867345913893095,0.128433554335963,0.000222516821792288,3
"20735",8.49205847797899e-06,0.014771378505315,0.333779588937294,0.651340971763693,9.9568735220508e-05,4
"20737",0.0435017109451937,3.79221163508887e-07,4.64895792899845e-05,0.734814619588844,0.221636800665509,4
"20739",0.999452768107992,4.32357024738733e-08,1.7015144309836e-07,0.000491964496122297,5.50540087404653e-05,1
"20741",0.0361636437330076,5.50226870022184e-05,0.00552976111790813,0.958245071820929,6.50064115352221e-06,4
"20743",0.000280279578918529,5.26106840036105e-05,0.00528839328205551,0.977748060216417,0.0166306562386056,4
"20745",2.08795822084021e-06,0.000258074412032263,0.999642347612236,9.24143060070944e-05,5.07571150379669e-06,3
"20747",0.000180474457411193,4.1816084986699e-06,5.79130523745004e-05,0.975991886704168,0.0237655441775474,4
"20749",0.000447836597559071,4.55368566623596e-06,2.55619452615946e-05,0.988941995078227,0.010580052693286,4
"20751",0.000476272458291637,0.00201441538492774,2.29273669534281e-05,0.997343313240059,0.000143071549768331,4
"20753",0.000214456432970839,4.34649097677164e-06,9.35341345038948e-05,0.996117648691813,0.00357001424973532,4
"20755",5.341434193955e-05,9.42167065036668e-09,7.2767266433821e-07,0.00070719315975093,0.999238655403974,5
"20757",0.00736681539895863,6.97473951604672e-07,0.00428542373389384,0.00188089438057564,0.98646616901262,5
"20759",0.000168569903948165,2.5640363915487e-05,0.999627181354569,0.000127213623462109,5.13947541049469e-05,3
"20761",0.00160300942725729,6.51979770000536e-05,0.0219621338129506,0.976323898264809,4.57605179835943e-05,4
"20763",0.00663770279368514,0.000838115702512728,0.0642160207886691,0.928131219831012,0.000176940884121373,4
"20765",0.00361452660754148,4.55970648449257e-05,0.00203336509465341,0.994300939030468,5.57220249243078e-06,4
"20767",1.85107613756306e-06,0.000356776832029948,0.952294354754544,0.0380782657618342,0.00926875157545456,3
"20769",7.7616728717654e-08,0.698964721840975,0.261049500237535,0.0347819936132511,0.00520370669151094,2
"20771",0.206887689361637,9.18675598945174e-06,0.0971853250030481,0.690375875056428,0.00554192382289729,4
"20773",6.33645968011038e-06,2.91755763727579e-07,2.50749838824748e-05,0.000172645881536934,0.999795650919137,5
"20775",7.29155427427175e-05,0.000176483375397956,0.0015304553736152,0.997605813302138,0.00061433240610602,4
"20777",0.00044641257877934,0.322391920069438,0.023814726229875,0.653059734644359,0.000287206477549073,4
"20779",1.94655979690284e-05,5.39134538754284e-05,0.000802859752131535,0.998911860237686,0.000211900958338498,4
"20781",0.0194781779499093,0.969441420860292,1.19045440677316e-05,0.00526019209583649,0.005808304549894,2
"20783",0.00294844263792638,1.40040364918639e-05,0.0197005761649393,0.975083931100576,0.00225304606006669,4
"20785",0.000752862851459238,6.66925798167006e-08,2.30660481592274e-06,0.000140319638797558,0.999104444212347,5
"20787",0.0189599412070187,3.45210194106419e-07,0.000265707970404526,0.967077458837158,0.0136965467752251,4
"20789",1.13245897784247e-05,0.000977410821248051,0.379835286333263,0.61262620079335,0.00654977746236076,4
"20791",0.0590676187678321,9.42599753401142e-07,1.02321276991452e-05,0.939966884696907,0.000954321807807683,4
"20793",5.20750680756456e-06,0.000677623123608025,0.290711678456748,0.707178177656421,0.00142731325641532,4
"20795",0.188796078690817,2.33912267605493e-06,0.000186203585704568,0.810382560228513,0.000632818372290056,4
"20797",0.996383190785402,0.00240526084528797,5.71905360793007e-07,0.00120014895627148,1.08275076781087e-05,1
"20800",0.00237047654671149,2.19055332234385e-05,9.49882691264308e-05,0.997496080581938,1.65490690002541e-05,4
"20802",0.00170064207244943,4.39953303105079e-05,0.00620871564767275,0.992021558195059,2.50887545087183e-05,4
"20804",0.00337616389223526,6.1412245650127e-07,3.12220066310685e-05,0.863406155728908,0.13318584424977,4
"20806",0.280620968294128,6.89005445518056e-07,8.4484179235628e-06,0.71801256833118,0.00135732595132362,4
"20808",1.58994818577875e-07,5.30074379884124e-05,0.985859555546612,0.0138257968940699,0.000261481126511353,3
"20810",0.45540534589664,1.84960134351881e-05,0.000846325974149255,0.542043486574439,0.00168634554133632,4
"20812",0.00549046053337626,0.00465964584420316,0.00323938509684375,0.986605360597378,5.14792819833754e-06,4
"20814",0.16648209096376,8.64872450583201e-08,2.71756306982479e-06,0.112026197629732,0.721488907356193,5
"20816",3.50087720930202e-07,0.00180925424854381,0.128141534608163,0.0038249803611159,0.866223880694457,5
"20818",0.00281122791650675,0.000108572040173667,0.00676215925679553,0.990189276038013,0.000128764748511589,4
"20820",0.99982696567289,1.3260998785411e-07,2.75556290695298e-07,0.00016078893964312,1.18372211881394e-05,1
"20822",0.00124424706202938,1.48014824986067e-05,0.00345782517688754,0.995262103625553,2.10226530319482e-05,4
"20824",0.000146679609378945,2.9051622037061e-08,6.86112599372281e-07,7.20505037899673e-05,0.99978055472261,5
"20826",0.995719949058712,4.64690336255382e-07,1.64250201318658e-06,0.00427628273491145,1.66101402710808e-06,1
"20828",0.999937273582317,2.29026701190503e-07,5.06627371474281e-07,6.1082595371698e-05,9.08168238229763e-07,1
"20830",0.000449336072148933,6.71677295651516e-06,4.34339884569521e-05,0.985036745728024,0.0144637674384135,4
"20832",0.0479491851651532,0.000214413460793443,0.334275321866276,0.617368827761043,0.000192251746734079,4
