"","V1","V2","V3","best$classification"
"19811",0.00554215645081788,0.000169894151699494,0.994287949397483,3
"19813",0.00649277562049993,0.00601469304476581,0.987492531334734,3
"19815",0.000150747872716196,0.0104793532177157,0.989369898909568,3
"19817",0.00349788466359269,0.00138740208337827,0.995114713253029,3
"19819",3.38211641819012e-06,0.999781927892308,0.000214689991273688,2
"19821",0.0912659024962739,0.00284732929429788,0.905886768209428,3
"19823",0.00140468566645874,0.00818603155097024,0.990409282782571,3
"19825",0.807810270683363,0.174491889398644,0.017697839917993,1
"19827",0.527657969263541,0.00435342680931651,0.467988603927143,1
"19829",0.026910167667159,0.962914718245462,0.0101751140873793,2
"19831",7.80486050344615e-06,0.997934188423239,0.00205800671625703,2
"19833",0.0573691508464962,0.871129400532696,0.0715014486208079,2
"19835",0.0912659024962739,0.00284732929429788,0.905886768209428,3
"19837",0.105263065502051,0.0063312312052441,0.888405703292705,3
"19839",0.114237046767952,0.849649560615669,0.0361133926163793,2
"19841",0.999730074162968,0.000101381988235958,0.000168543848796354,1
"19843",5.34752455830744e-06,0.99714004900511,0.00285460347033185,2
"19845",0.00170182379797239,0.000129072109138237,0.998169104092889,3
"19847",0.000161921787104699,0.00897804140139228,0.990860036811503,3
"19849",0.00968863152960071,0.000816812257081556,0.989494556213318,3
"19851",0.000456554057533351,0.000542467814721415,0.999000978127745,3
"19853",0.00285689002779335,2.60313118992805e-05,0.997117078660307,3
"19855",0.0159980041392215,8.69344607707874e-05,0.983915061400008,3
"19857",0.0495977243476378,0.0112992161783474,0.939103059474015,3
"19859",0.0303205966677571,0.00695886766755523,0.962720535664688,3
"19861",0.000589371093177902,0.000162484816889308,0.999248144089933,3
"19863",0.981524894156966,4.42296909515949e-05,0.0184308761520819,1
"19865",0.992838323108299,5.82644738408028e-05,0.00710341241786015,1
"19867",5.43399403239956e-05,0.00215511853796866,0.997790541521707,3
"19869",0.0310361873888436,7.17358688591568e-05,0.968892076742297,3
"19871",0.0927638267014262,0.0179263846806731,0.889309788617901,3
"19874",0.7438639372611,0.000338564381280745,0.25579749835762,1
"19876",0.455617032781184,4.89678638539802e-05,0.544333999354962,3
"19878",0.00117876729096035,0.698331251566108,0.300489981142931,2
"19880",0.996021750030606,3.23160672788068e-06,0.00397501836266605,1
"19882",0.00648952839475026,0.000175193488446935,0.993335278116803,3
"19885",0.00352463698080248,0.0178244879585893,0.978650875060608,3
"19907",0.000247410646814348,0.000826568525256532,0.998926020827929,3
"19909",0.000274204911360966,0.93579279450978,0.0639330005788593,2
"19911",0.0487871756848122,0.890490847391112,0.0607219769240761,2
"19913",0.99977416204778,1.41246260289623e-05,0.000211713326190645,1
"19915",0.504141142877855,0.000366637633215369,0.49549221948893,1
"19917",0.968334011180994,0.000534523739484761,0.0311314650795207,1
"19919",0.195599411221034,0.00349585411258432,0.800904734666382,3
"19921",0.000145867688539502,0.00112501213365627,0.998729120177804,3
"19923",3.6839947577398e-05,0.127844130851107,0.872119029201316,3
"19925",0.905015173001135,0.000277557060734783,0.0947072699381299,1
"19927",0.00173357411901996,0.000567552065726358,0.997698873815254,3
"19929",0.998128972653588,3.74883217880689e-06,0.00186727851423319,1
"19931",0.00492792230337776,0.00608806717233525,0.988984010524287,3
"19933",0.00450366185232017,0.734170684683838,0.261325653463842,2
"19935",0.0074922380082544,0.0770046108167475,0.915503151174998,3
"19937",0.000200421776571723,0.00271667995819534,0.997082898265233,3
"19939",0.00513794971594963,0.00556003359765108,0.989302016686399,3
"19941",0.19320908814829,0.772921939692774,0.0338689721589363,2
"19943",0.996269794567006,4.29609877491541e-05,0.00368724444524459,1
"19945",0.000254057477422682,0.887906674530309,0.111839267992269,2
"19947",0.841808126051032,0.105780489677177,0.0524113842717913,1
"19949",6.69892768346151e-05,0.433822271710515,0.56611073901265,3
"19951",0.624839142777467,0.00856914046293631,0.366591716759596,1
"19953",2.12127454225162e-06,0.987531005672132,0.0124668730533256,2
"19955",2.17302892391606e-05,0.983084458971551,0.0168938107392096,2
"19957",0.797164536190542,0.00907604410414595,0.193759419705312,1
"19960",0.00217028876661719,0.984588434144612,0.0132412770887704,2
"19963",0.987981783528731,0.00721477830896721,0.00480343816230197,1
"19965",1.28994757359026e-06,0.996193155154368,0.00380555489805858,2
"19968",0.967638650107745,0.00131886011838185,0.0310424897738731,1
"19971",0.983255012668578,0.0162611978845373,0.00048378944688467,1
"19973",0.0206367031680774,0.000925574441934262,0.978437722389988,3
"19975",0.955857941727458,0.00023578267324399,0.0439062755992979,1
"19977",0.990426142802531,0.00133591068700433,0.00823794651046474,1
"19979",1.06440443831139e-05,0.999956505497441,3.28504581755471e-05,2
"19981",0.00314365387090545,0.0226678106865343,0.97418853544256,3
"19983",0.000266428580734475,0.0394043743918815,0.960329197027384,3
"19985",0.793367865551381,6.57271093304119e-05,0.206566407339289,1
"19987",0.108919621534969,0.102901029416614,0.788179349048417,3
"19989",1.40294451407424e-07,0.999770325240526,0.000229534465022768,2
"19993",0.0364706001453817,0.519790272612778,0.443739127241841,2
"19995",0.0146686922192225,0.734546486394314,0.250784821386463,2
"19997",0.0291945059497018,0.00045656276236184,0.970348931287936,3
"19999",0.126086063982864,7.25559941284439e-05,0.873841380023007,3
"20002",0.99429141223355,0.000883435194114288,0.00482515257233606,1
"20004",0.0377498509548396,0.714319867005931,0.24793028203923,2
"20006",0.00372709599934706,0.921315262052539,0.0749576419481139,2
"20008",0.00117118193218067,0.920675910201547,0.0781529078662721,2
"20010",1.85800232373927e-05,0.967560620886254,0.0324207990905089,2
"20012",0.783586398378601,0.000274165805204616,0.216139435816195,1
"20015",2.53786962007679e-06,0.999482413908148,0.000515048222232026,2
"20017",0.0662921180544286,0.000172337832108824,0.933535544113463,3
"20019",1.23242948504181e-07,0.999990965943496,8.91081355598945e-06,2
"20022",1.45342580487441e-05,0.98867875101148,0.0113067147304718,2
"20024",1.00939801206298e-06,0.999774471598281,0.000224519003706924,2
"20026",1.00939801206298e-06,0.999774471598281,0.000224519003706924,2
"20028",0.259555016767738,0.000122994268211711,0.74032198896405,3
"20030",0.0015959280853674,0.996753028925362,0.00165104298927038,2
"20033",0.359198647453136,0.00522013496446043,0.635581217582403,3
"20035",1.41401988642958e-07,0.99997986428225,1.9994315761591e-05,2
"20037",1.91939367473917e-08,0.999951074941767,4.89058642962338e-05,2
"20039",4.99111607039857e-07,0.998825962692547,0.00117353819584629,2
"20041",0.00189333576812351,0.410444393019383,0.587662271212494,3
"20044",0.01239055047891,0.527344553363303,0.460264896157787,2
"20047",8.49853735296719e-07,0.999995675495968,3.47465029674287e-06,2
"20050",0.000163208880298157,0.964219358668185,0.0356174324515163,2
"20052",0.0535133547509924,0.0807501035184692,0.865736541730538,3
"20054",0.000183866719920398,0.994269649030704,0.00554648424937544,2
"20056",0.993155960816632,0.00126426607144789,0.00557977311191991,1
"20058",6.5469109402047e-08,0.999697022683567,0.000302911847323761,2
"20060",0.00214121248692631,0.00448005342668291,0.993378734086391,3
"20062",0.000885607486135751,0.0220061166055427,0.977108275908322,3
"20064",0.0014237043574932,0.951635511173236,0.0469407844692705,2
"20066",0.000191937526549244,0.999619079943686,0.00018898252976502,2
"20068",0.000502478799978767,0.000404662003454649,0.999092859196567,3
"20070",0.000255017381739528,0.00119775436320376,0.998547228255057,3
"20072",3.11121284489963e-06,0.98853840222616,0.0114584865609953,2
"20074",0.999531712158118,2.13237991333773e-06,0.000466155461968943,1
"20076",0.894084201278045,0.00800154701769274,0.0979142517042623,1
"20078",0.00059919596351074,0.940031550027972,0.0593692540085177,2
"20080",3.61042715136205e-07,0.999966086012539,3.35529447463589e-05,2
"20082",1.12496653661063e-05,0.998431033314831,0.00155771701980324,2
"20084",0.0295283481398904,0.952968447342958,0.0175032045171517,2
"20087",1.49904479320687e-05,0.912841983114311,0.0871430264377565,2
"20090",8.77931690323364e-07,0.999822071087545,0.000177050980765125,2
"20092",7.41154132253495e-06,0.275457159756521,0.724535428702157,3
"20096",0.0160555600531833,0.0945933062974363,0.88935113364938,3
"20098",0.330331699286077,0.00276607195938008,0.666902228754543,3
"20101",0.000347723059520254,0.999195546026062,0.000456730914417749,2
"20104",0.00527537003513087,0.00163204641222431,0.993092583552645,3
"20106",0.000282357633089145,0.996885726755852,0.00283191561105849,2
"20108",0.0693001552196275,0.00222529018091899,0.928474554599453,3
"20110",0.142332222821403,0.108000994946209,0.749666782232388,3
"20112",8.57180951558295e-05,0.97974862071333,0.0201656611915141,2
"20114",0.113992633480692,0.81202858407374,0.0739787824455678,2
"20116",0.0903993653774217,0.88258135096455,0.0270192836580282,2
"20118",0.142818091780847,0.159643487807683,0.69753842041147,3
"20120",0.000895138192738422,0.992766365170659,0.00633849663660245,2
"20122",0.995712251578081,5.31487608936627e-05,0.00423459966102516,1
"20124",1.09590470937323e-07,0.999741496690237,0.000258393719292245,2
"20126",3.42100690337944e-05,0.998685843101716,0.00127994682925014,2
"20128",6.25728917274967e-08,0.999994965965643,4.97146146572674e-06,2
"20141",0.106446613080288,0.00186147205374832,0.891691914865964,3
"20143",0.999768045302452,2.75841029236462e-06,0.000229196287255305,1
"20145",2.98097116129464e-05,0.989485013721585,0.010485176566802,2
"20147",5.38951844488873e-05,0.994693625679949,0.00525247913560207,2
"20149",0.995549944943754,1.5202873891776e-05,0.00443485218235402,1
"20151",0.169973496337109,0.00317214848797961,0.826854355174911,3
"20153",0.542827313381961,0.0274082946380882,0.42976439197995,1
"20155",5.85271991477246e-06,0.998471454707027,0.00152269257305846,2
"20157",0.629244540814813,0.00154907408344818,0.369206385101739,1
"20160",0.999671963990757,6.27604562411154e-06,0.000321759963618502,1
"20162",0.991794968269593,6.41970010526778e-06,0.00819861203030217,1
"20164",0.891825683230826,0.0015567808204084,0.106617535948766,1
"20166",0.00992719044817293,0.988183599756514,0.00188920979531369,2
"20168",0.58329966143847,0.353353303873591,0.0633470346879396,1
"20170",0.38621272187932,0.00265728073170722,0.611129997388973,3
"20172",9.89329462573679e-07,0.991657221872427,0.0083417887981107,2
"20174",0.440069011018001,4.64095634269452e-05,0.559884579418572,3
"20176",0.0688669846391265,0.162913151890429,0.768219863470444,3
"20178",0.999765837540371,8.4053780447715e-06,0.000225757081584595,1
"20181",0.0198719568306026,0.9788422888503,0.00128575431909773,2
"20183",0.00010705325566002,0.0184811223410058,0.981411824403334,3
"20186",4.67186428014907e-06,0.0357039155313489,0.964291412604371,3
"20188",0.998642483554589,8.22381662939067e-06,0.00134929262878195,1
"20190",8.50487873391134e-06,0.999562590898003,0.000428904223262804,2
"20193",0.993628668581047,0.00392772742591765,0.00244360399303559,1
"20195",0.750107898074386,0.00983376137267576,0.240058340552938,1
"20197",1.76857980675806e-06,0.992890757527453,0.00710747389274042,2
"20199",0.889777293474993,0.000151774516093723,0.110070932008913,1
"20205",1.28712653322444e-05,0.965924489239253,0.0340626394954147,2
"20208",0.0440546258239024,0.00883941787936532,0.947105956296732,3
"20210",0.978516507974664,2.28229749662e-05,0.0214606690503698,1
"20212",0.842402972004811,0.00130224171599282,0.156294786279196,1
"20216",0.000500992392583491,0.991245937760427,0.00825306984698961,2
"20219",0.00016486473721138,0.985204615401896,0.0146305198608931,2
"20223",1.52638240796761e-07,0.999552126227436,0.00044772113432291,2
"20226",0.00440554433565932,0.20154477567956,0.79404967998478,3
"20230",1.35009484962682e-06,0.999810448182271,0.000188201722879313,2
"20233",0.00843733552960894,0.0209110137540615,0.97065165071633,3
"20235",2.25126323908414e-07,0.99696166067911,0.0030381141945663,2
"20239",3.44093797363664e-05,0.925989175522754,0.0739764150975102,2
"20254",1.06876321321878e-06,0.999600959945558,0.000397971291228938,2
"20256",2.88798657326053e-07,0.999207874567311,0.000791836634031485,2
"20262",0.70491914482805,0.00100683534871231,0.294074019823238,1
"20270",0.0325682764303345,0.88192193110519,0.0855097924644755,2
"20284",0.00018860045315504,0.124174147751354,0.875637251795491,3
"20287",6.66707914924753e-08,0.999967921438813,3.2011890395497e-05,2
"20290",0.00159705333645471,0.842973572245715,0.15542937441783,2
"20293",9.61736964083853e-05,0.924224855201523,0.0756789711020685,2
"20296",0.735030129427221,0.00630307044323016,0.258666800129549,1
"20301",6.17559988347036e-05,0.99992165798393,1.65860172354928e-05,2
"20304",1.72246862106528e-05,0.997016953793135,0.00296582152065406,2
"20306",6.39282769005801e-08,0.999755231110193,0.000244704961530256,2
"20309",0.000580254376087928,0.698876536116843,0.300543209507069,2
"20311",0.00152067679139897,0.983268145695873,0.0152111775127284,2
"20314",0.0647532618715187,0.0185774684182951,0.916669269710186,3
"20318",0.999281386972346,0.000130514274381729,0.000588098753272253,1
"20320",0.00593618039786732,0.0153854970953208,0.978678322506812,3
"20326",0.123519514396472,0.0229056093930846,0.853574876210443,3
"20328",0.000101277236349196,0.00911681517011092,0.99078190759354,3
"20330",1.84344657361061e-05,0.988066572866896,0.0119149926673679,2
"20336",4.32247817963707e-05,0.674561831387561,0.325394943830643,2
"20338",0.0015744895091203,0.965659589538548,0.0327659209523316,2
"20340",7.06469854855189e-07,0.999911577998299,8.7715531846057e-05,2
"20342",0.048330486605932,0.769959008593358,0.18171050480071,2
"20344",7.70665465035633e-06,0.993109340522495,0.00688295282285426,2
"20349",2.56592852497073e-07,0.999480063017108,0.000519680390039161,2
"20351",0.00122536050084761,0.934737057289618,0.0640375822095342,2
"20353",7.0761012628981e-07,0.997074033146143,0.00292525924373053,2
"20357",4.56053002131576e-07,0.992737555247281,0.00726198869971654,2
"20360",0.000139638378616037,0.942136536307415,0.0577238253139694,2
"20364",5.55883015750943e-05,0.947255034691008,0.0526893770074169,2
"20366",0.00122840408683644,0.532394242297434,0.466377353615729,2
"20381",0.736671037799848,0.000191311669146883,0.263137650531005,1
"20391",3.16574471095202e-06,0.510894639065987,0.489102195189303,2
"20394",0.00366186411136433,0.00071819919760702,0.995619936691029,3
"20396",0.120210334051984,2.47181084650715e-05,0.879764947839551,3
"20409",0.217246139933486,0.603577486530025,0.17917637353649,2
"20411",4.76536682946381e-08,0.998538234463968,0.0014617178823635,2
"20416",7.56706615240759e-09,0.999984149030216,1.58434027175163e-05,2
"20418",0.437978189540515,1.99937298711858e-05,0.562001816729614,3
"20420",0.00924064529843943,0.0222879358547217,0.968471418846839,3
"20422",0.0001872481253766,0.997398667209033,0.00241408466559047,2
"20424",1.06059271398675e-07,0.998881940331659,0.0011179536090696,2
"20426",0.228205923701366,0.628179762414207,0.143614313884427,2
"20428",0.000250650625702259,0.743117847718299,0.256631501655999,2
"20431",0.113348581032382,0.159851786841753,0.726799632125865,3
"20433",1.31270147209056e-06,0.999763875692081,0.000234811606446866,2
"20436",0.022937986658039,0.824560498853172,0.152501514488789,2
"20439",0.449299097508913,3.13141155928135e-05,0.550669588375494,3
"20441",6.04181113933632e-05,0.964760922293109,0.0351786595954973,2
"20444",0.999184626705926,3.90304003733947e-06,0.000811470254036878,1
"20448",0.296855913157419,0.0409836093099293,0.662160477532651,3
"20536",0.000362390458340261,0.000990348241337417,0.998647261300322,3
"20538",3.52078508889877e-05,0.822352551396038,0.177612240753073,2
"20541",6.0417237477554e-08,0.999942770933731,5.71686490316385e-05,2
"20544",0.0122678174449251,0.348327520888077,0.639404661666998,3
"20546",2.237167621454e-07,0.99620979321589,0.00378998306734825,2
"20550",0.00578763840707189,0.564062604355501,0.430149757237427,2
"20553",1.12088684008674e-05,0.999983597729934,5.19340166562442e-06,2
"20555",0.00012207859055564,0.0508974900565887,0.948980431352856,3
"20557",0.0041521587237275,0.611140080304627,0.384707760971646,2
"20559",2.15207654143664e-05,0.998382447619192,0.00159603161539359,2
"20561",0.375652292687819,0.00707089584774699,0.617276811464434,3
"20564",0.999765837540371,8.4053780447715e-06,0.000225757081584595,1
"20566",0.000980980640250992,0.766241117692657,0.232777901667092,2
"20569",0.287976499828587,0.000170879443658623,0.711852620727754,3
"20572",0.936382248017616,4.8604356904765e-05,0.063569147625479,1
"20574",1.57485951339248e-05,0.999250587111506,0.000733664293360233,2
"20576",0.998971194264308,3.84618272437146e-05,0.000990343908448609,1
"20578",0.010066831099269,0.796476288660301,0.19345688024043,2
"20580",0.000696369046753659,0.722007177792273,0.277296453160974,2
"20583",0.999361859623412,2.96251097936534e-05,0.000608515266794542,1
"20586",3.66669627531575e-05,0.874260786810788,0.125702546226459,2
"20589",6.33022932442081e-08,0.999495708140029,0.000504228557678117,2
"20591",7.3727303265459e-05,0.0376079386175319,0.962318334079203,3
"20593",4.8316003365703e-07,0.999990264224297,9.2526156698143e-06,2
"20595",0.000294061349310639,0.990593282031631,0.00911265661905834,2
"20597",0.0158653397376434,0.00017298948540693,0.98396167077695,3
"20599",0.999716335692262,8.21351949678277e-06,0.000275450788240645,1
"20601",0.00127444928594509,0.00265548893398346,0.996070061780071,3
"20604",1.31229335641762e-05,0.999870988804285,0.00011588826215047,2
"20606",6.40939845316376e-07,0.99985400713617,0.000145351923984852,2
"20608",8.42251420361587e-06,0.994836086250665,0.0051554912351319,2
"20610",0.995022531894772,0.000186452542531421,0.00479101556269687,1
"20612",0.0148550915265924,0.937086250679376,0.0480586577940313,2
"20614",0.981817267895063,4.21526386904382e-05,0.0181405794662466,1
"20616",0.00322836481392079,0.0207290733592794,0.9760425618268,3
"20618",0.00462651149701346,0.612977142459074,0.382396346043913,2
"20620",0.000501060047574767,0.993380422094963,0.00611851785746231,2
"20622",0.997928006717823,9.14963481839617e-05,0.00198049693399265,1
"20624",6.68587881023618e-07,0.9983098973877,0.00168943402441887,2
"20626",0.0231717807887164,0.776340535242486,0.200487683968798,2
"20628",0.00355452330196746,0.259097010735214,0.737348465962819,3
"20630",0.0244019659376863,0.847574333569926,0.128023700492388,2
"20632",0.984325745308245,2.42145771157712e-06,0.0156718332340435,1
"20634",5.65334038718774e-07,0.999759320586464,0.000240114079497256,2
"20637",0.000225228612569,0.998085226249331,0.00168954513809997,2
"20639",0.669247187660912,0.000270079042546184,0.330482733296541,1
"20644",6.73343735011325e-07,0.999990841792656,8.48486360913309e-06,2
"20646",8.57970318918173e-05,0.997882548210402,0.0020316547577062,2
"20648",0.0269085571817012,0.001873734557324,0.971217708260975,3
"20650",4.27145698122748e-07,0.9993432845724,0.000656288281902325,2
"20653",0.00683959983590599,0.00300045526975732,0.990159944894337,3
"20658",2.22726492391665e-06,0.997197901873828,0.00279987086124789,2
"20661",7.67259763633055e-05,0.851666729897358,0.148256544126279,2
"20663",5.08758903976635e-05,0.593332112862558,0.406617011247044,2
"20665",0.999706308143452,1.94021799325699e-05,0.000274289676615101,1
"20667",0.00105525534941295,0.0409986519205368,0.95794609273005,3
"20669",0.0185597549552385,7.94481742521541e-05,0.981360796870509,3
"20671",0.000237710530545862,0.993356857300029,0.00640543216942527,2
"20673",0.0628253168846977,0.000113217516168969,0.937061465599133,3
"20675",0.000252015909074576,0.00936357261510163,0.990384411475824,3
"20677",5.8324655910978e-05,0.391350147443195,0.608591527900894,3
"20679",0.0470883183526377,2.72005693411178e-05,0.952884481078021,3
"20681",0.00018320086871739,0.000308328078427231,0.999508471052855,3
"20683",0.000139915426474611,0.27120832057359,0.728651763999935,3
"20685",0.00402029248313997,0.0148230799182875,0.981156627598573,3
"20687",0.89324179746258,0.000108659039159981,0.10664954349826,1
"20689",8.7484557097215e-07,0.999857025850824,0.000142099303605191,2
"20691",0.99881822722579,1.00230116771048e-05,0.00117174976253341,1
"20693",8.70950750445581e-08,0.999818771294327,0.000181141610597729,2
"20695",0.00969019688136484,0.00130680608508338,0.989002997033552,3
"20697",0.000143305077883193,0.999389214734636,0.000467480187480214,2
"20699",0.00105174218781734,0.174100758013363,0.824847499798819,3
"20701",9.16518062039144e-06,0.795692527206304,0.204298307613075,2
"20703",0.0075144186383238,0.001486986024446,0.99099859533723,3
"20705",1.36474915216781e-06,0.994954459248676,0.00504417600217168,2
"20707",9.25631078788278e-05,0.016155590596905,0.983751846295216,3
"20709",0.8698309109301,0.0348156389800952,0.0953534500898049,1
"20713",0.0264173964864562,0.00099459304210453,0.972588010471439,3
"20715",0.0192706525950329,0.98065006218888,7.92852160866057e-05,2
"20717",0.000533018080980892,0.000684423925517685,0.998782557993501,3
"20720",0.000121528589406951,0.969439353375171,0.0304391180354218,2
"20722",2.04378196947245e-05,0.958703028023537,0.0412765341567679,2
"20724",0.191314862510788,0.000296187583177426,0.808388949906035,3
"20726",5.83740689822529e-08,0.999780246496246,0.000219695129685322,2
"20728",0.000657799901099019,0.000127375283125912,0.999214824815775,3
"20730",0.342925280685706,0.00430094634304828,0.652773772971246,3
"20732",0.000369029749890223,0.568462770240897,0.431168200009213,2
"20734",0.000134003367720192,0.398802264669568,0.601063731962712,3
"20736",0.823408059825126,0.00017129959399038,0.176420640580883,1
"20738",0.290810727129464,0.679935810360104,0.0292534625104309,2
"20740",3.79429855784495e-07,0.880386438273162,0.119613182296982,2
"20742",0.000477462905138529,0.000869443457334585,0.998653093637527,3
"20744",0.958549395911088,9.04608019097709e-06,0.0414415580087213,1
"20746",0.000278285698823357,0.0808388718245813,0.918882842476595,3
"20748",0.243458564994329,0.000359679102661263,0.75618175590301,3
"20750",0.612925874471579,0.00120835238562077,0.3858657731428,1
"20752",3.87666286076166e-06,0.947786876284499,0.05220924705264,2
"20754",0.0354745115533406,0.00038028336382515,0.964145205082834,3
"20756",0.248720468505937,0.135387021757837,0.615892509736226,3
"20758",0.54524900812946,0.141609597772727,0.313141394097812,1
"20760",0.195537201102466,6.27499431165611e-05,0.804400048954417,3
"20762",0.00386782569122534,0.000287526395834132,0.99584464791294,3
"20764",0.623320874825749,4.19583977451188e-05,0.376637166776506,1
"20766",0.092494074573801,0.000152813023374472,0.907353112402825,3
"20768",0.725109593749692,0.00294621192464666,0.271944194325662,1
"20770",0.00161790756604564,0.0257687918836844,0.97261330055027,3
"20772",7.57510258759014e-06,0.999700352341184,0.00029207255622829,2
"20774",9.8200760421654e-08,0.999976005611711,2.38961875286615e-05,2
"20776",8.20423783059095e-05,0.00450681880938187,0.995411138812312,3
"20778",6.65911240063988e-07,0.999994664843516,4.66924524438762e-06,2
"20780",0.342911207462896,0.00172065850795872,0.655368134029145,3
"20782",0.133374100698166,0.000133556132864923,0.866492343168969,3
"20784",0.00237471402199626,0.000486868565003517,0.997138417413,3
"20786",0.99868649516037,5.62515770535717e-06,0.00130787968192478,1
"20788",0.00020258075077627,0.0339086631927903,0.965888756056433,3
"20790",0.145815654975044,0.000102042334428859,0.854082302690527,3
"20792",0.344639377281327,0.0792415663911128,0.57611905632756,3
"20794",0.54777434715041,4.30719135358345e-05,0.452182580936054,1
"20796",2.26260039145232e-07,0.998807100371672,0.00119267336828841,2
"20798",0.999765837540371,8.4053780447715e-06,0.000225757081584595,1
"20801",0.996128994572617,0.000125544269150587,0.00374546115823188,1
"20803",4.92996335761854e-05,0.0596759263759544,0.940274773990469,3
"20805",0.00018580662017424,0.3222858730537,0.677528320326126,3
"20807",0.999765837540371,8.4053780447715e-06,0.000225757081584595,1
"20809",0.0018461726899297,0.00356189596852248,0.994591931341548,3
"20811",0.898984776508943,0.0383384245665392,0.0626767989245177,1
"20813",0.068085598433434,0.420320272875897,0.511594128690669,3
"20815",0.998266879479639,1.94384507376436e-06,0.00173117667528755,1
"20817",0.034251729003272,0.000640998881715204,0.965107272115013,3
"20819",8.59905855414045e-06,0.377146180250625,0.622845220690821,3
"20821",0.0504971659662937,0.936964773905697,0.0125380601280093,2
"20823",0.0121884999516875,0.211980702844695,0.775830797203618,3
"20825",0.0757624858644566,8.61448567701155e-05,0.924151369278773,3
"20827",0.719085231420005,0.001620483289099,0.279294285290896,1
"20829",7.50958188972638e-05,0.994807459873915,0.00511744430718733,2
"20831",0.0653446663560248,0.00037453227136704,0.934280801372608,3
"20833",0.34831867931761,0.00020553431567398,0.651475786366716,3
"20835",0.0271171612480347,0.000251109073621638,0.972631729678344,3
"20837",0.00261842178469488,0.000927283185827562,0.996454295029478,3
"20839",0.0157474810528638,0.000215938132524608,0.984036580814611,3
"20841",0.000105308766159592,0.733281251232281,0.266613440001559,2
"20843",7.87173494764509e-05,0.00272198090157814,0.997199301748945,3
"20845",0.497345452949396,0.00260841740965487,0.50004612964095,3
"20847",0.00053287961323849,0.399460551412509,0.600006568974253,3
"20849",0.0191759274013502,0.462429061914465,0.518395010684185,3
"20851",8.45225419654588e-05,0.69069585526196,0.309219622196074,2
"20853",5.46189868241155e-06,0.982176370882881,0.0178181672184362,2
"20855",0.000606049573882736,0.992036442076465,0.00735750834965201,2
"20857",0.000128516713314341,0.576954250973191,0.422917232313494,2
"20859",0.00034510155053739,0.951629145901282,0.0480257525481812,2
"20861",0.0310700548723771,0.0365341960501785,0.932395749077444,3
"20863",0.287019813372631,0.00022086331625822,0.712759323311111,3
"20865",0.00229917254781756,0.00170005415421969,0.996000773297963,3
"20867",1.33051076516705e-07,0.999994411004222,5.45594470101479e-06,2
"20869",0.461771470571021,0.000741748232584792,0.537486781196394,3
"20871",0.00241834938193873,0.997197543911317,0.000384106706744053,2
"20873",0.000898130688455271,0.998745691625798,0.000356177685746292,2
"20875",6.06944871198931e-05,0.95161347221381,0.0483258332990701,2
"20878",0.995412593566352,6.22266560271276e-06,0.00458118376804521,1
"20880",0.331722197747881,0.000359216702407621,0.667918585549712,3
"20882",7.06218121859668e-06,0.999163105506799,0.00082983231198271,2
"20884",0.00504800583046329,0.000946854764959945,0.994005139404577,3
"20886",0.657545317978976,0.00296226123712622,0.339492420783898,1
"20888",0.89495768461585,4.8414316196982e-06,0.10503747395253,1
"20890",0.215919895580991,0.00100705114983596,0.783073053269173,3
"20892",7.42813164304602e-05,0.565665830435078,0.434259888248492,2
"20897",0.0133376114671895,0.126296082788257,0.860366305744554,3
"20899",0.0339573196962555,0.100416771061351,0.865625909242393,3
"20901",0.000248243287054981,0.969632060920849,0.0301196957920956,2
"20903",0.00437879082199431,0.995515828994471,0.000105380183535187,2
"20905",0.0431644023493588,0.897025168202955,0.0598104294476866,2
"20907",3.71369862025021e-06,0.997154532193168,0.00284175410821199,2
"20909",0.0313894510409769,0.377402067560837,0.591208481398186,3
"20911",3.70479049496305e-06,0.999664695301212,0.000331599908293158,2
"20913",0.00749601401011727,0.014887540507435,0.977616445482448,3
"20962",0.000179407765262115,0.843159589693311,0.156661002541426,2
"20969",0.00935146171908583,0.984696155896235,0.00595238238467859,2
"20980",0.00155701179605544,0.832589632359777,0.165853355844167,2
"20982",6.67904780289436e-06,0.971667335047046,0.0283259859051508,2
"20984",0.0077015162296104,0.00152426117563045,0.990774222594759,3
"20994",0.000689342480777476,0.982858507850012,0.01645214966921,2
"21015",0.694826363854665,0.000131476848963325,0.305042159296372,1
"21023",2.12275530980036e-07,0.999786199563177,0.000213588161292043,2
"21040",3.30237132558942e-05,0.886227265564645,0.113739710722099,2
"21073",0.00565876809677416,0.705921514876611,0.288419717026615,2
"21222",0.0985424049736821,0.00141241298691562,0.900045182039402,3
"21224",0.00769599893139561,0.0584766676735798,0.933827333395025,3
"21228",0.529003670714869,0.0447316842676083,0.426264645017523,1
"21232",6.09030041957056e-07,0.996790570072197,0.0032088208977611,2
"21237",0.001079448631783,0.967709831228376,0.0312107201398416,2
"21240",0.0771244260746137,0.000357176876584846,0.922518397048801,3
"21245",0.237586423441801,0.000179068477580305,0.762234508080618,3
"21252",1.74670192142773e-07,0.99313770396266,0.00686212136714743,2
"21254",1.76523375528407e-05,0.935857216716604,0.0641251309458428,2
"21258",0.0165073724885864,0.0900702405260239,0.89342238698539,3
"21264",0.106381674323174,0.0116485578676723,0.881969767809154,3
"21305",0.0453718740109018,0.0179827116495161,0.936645414339582,3
"21333",3.5849263280172e-06,0.860698263531404,0.139298151542268,2
"21366",0.000394310922695531,0.0429820528130381,0.956623636264266,3
"21377",0.99661647711209,7.46713349663256e-05,0.00330885155294375,1
"21380",0.0579314586946853,0.847885727570567,0.0941828137347477,2
"21387",1.39741032259239e-06,0.99800802527016,0.00199057731951749,2
"21390",4.49675144014842e-06,0.990691400853692,0.00930410239486778,2
"21392",0.000448071964722814,0.261941062178586,0.737610865856691,3
"21403",0.0545133488888045,0.797167413550436,0.14831923756076,2
"21408",0.000127233690063144,0.99819829656607,0.00167446974386648,2
"21412",0.00270249320627226,0.983714883329582,0.0135826234641454,2
"21421",0.00239566344902452,0.00456479493127289,0.993039541619703,3
"21424",1.45473047757229e-07,0.999664745918889,0.000335108608063461,2
"21429",3.82769288509652e-05,0.993996218899167,0.00596550417198141,2
"21431",0.0018058726064396,0.0218136052261385,0.976380522167422,3
"21436",0.00305796723368951,0.0032724210835306,0.99366961168278,3
"21439",0.00568094180526076,0.935443043990626,0.0588760142041137,2
"21442",0.147485926660174,0.0900981359961942,0.762415937343632,3
"21444",0.00500112358363682,5.58739438945078e-05,0.994943002472469,3
"21446",0.987569346785029,1.12884578922525e-05,0.0124193647570784,1
"21448",0.00903531909219669,0.0185227682860521,0.972441912621751,3
"21450",0.0290129403491471,0.413738771805235,0.557248287845618,3
"21452",3.86197294869669e-05,0.949138757875989,0.0508226223945242,2
"21466",1.74071983313486e-08,0.999872029986904,0.000127952605897272,2
"21470",0.00217601798184531,0.808031961676176,0.189792020341978,2
"21472",3.97801547407188e-07,0.981705293445925,0.0182943087525279,2
"21474",0.000772120811723585,0.966214813153226,0.0330130660350502,2
"21477",0.00565408425304636,0.0001325431394455,0.994213372607508,3
"21480",3.93188822162783e-09,0.999974211235339,2.57848327725879e-05,2
"21483",0.0811939143466108,0.000406697055949673,0.91839938859744,3
"21491",0.398219167023833,0.00104320325981158,0.600737629716356,3
"21494",3.9156876682954e-05,0.999809108792863,0.000151734330454053,2
"21499",1.11267588498441e-05,0.998916938064612,0.00107193517653858,2
"21501",5.33915953184171e-07,0.989156719374523,0.0108427467095237,2
"21506",1.05542653413032e-05,0.954019582403001,0.0459698633316576,2
"21511",0.000252480288707092,0.910125347706851,0.0896221720044423,2
"21513",1.88681517507784e-05,0.0802059945882525,0.919775137259997,3
"21521",0.000578832972985252,0.101644372457442,0.897776794569573,3
"21523",3.8411942435322e-05,0.0580429320634052,0.941918655994159,3
"21525",0.000884960937105612,0.00365728912854037,0.995457749934354,3
"21531",4.75437859061845e-06,0.999612197569799,0.000383048051610527,2
"21536",0.000815887776955898,0.847899951170963,0.151284161052082,2
"21544",0.00598815912004524,0.902893457292203,0.0911183835877515,2
"21547",0.000168465360093024,0.995111073227908,0.00472046141199919,2
"21551",0.00398616387468036,0.926239792547409,0.0697740435779111,2
"21556",1.43271138384839e-05,0.987487579606999,0.0124980932791623,2
"21559",3.25200324450421e-05,0.0490548008712221,0.950912679096333,3
"21563",4.74950051897036e-06,0.996870097547704,0.00312515295177749,2
"21565",1.28445713322367e-06,0.999514121518059,0.000484594024807617,2
"21568",7.65564922675414e-06,0.996590339118684,0.00340200523208968,2
"21572",6.97356337558704e-08,0.999994125701284,5.80456308285721e-06,2
"21575",0.000815048626622755,0.960505377736882,0.0386795736364957,2
"21577",0.100605319034231,0.0206415804221761,0.878753100543593,3
"21579",0.00037096461102682,0.302488672450888,0.697140362938085,3
"21581",0.999765837540371,8.4053780447715e-06,0.000225757081584595,1
"21584",0.15724685159731,0.000352826880090536,0.842400321522599,3
"21586",0.00528760573647993,0.0281359018536844,0.966576492409836,3
"21588",0.138502696713556,0.0905005096323277,0.770996793654116,3
"21590",5.29938278122767e-06,0.995044774236847,0.00494992638037186,2
"21594",0.0915365094768249,0.00540519165140435,0.903058298871771,3
"21596",0.341131257612992,0.000754893175715524,0.658113849211292,3
"21598",1.60205915198268e-05,0.998267251017148,0.00171672839133271,2
"21600",0.000108662652910708,0.000373810353908911,0.99951752699318,3
"21602",2.13592746776867e-05,0.877798914947462,0.12217972577786,2
"21604",0.0206302177141714,0.294399332466071,0.684970449819758,3
"21606",0.984181957734267,0.000242238888157411,0.0155758033775756,1
"21608",0.00489991248259489,0.29691417673373,0.698185910783675,3
"21611",0.000554943739812773,0.0190503998886229,0.980394656371564,3
"21613",2.937764369797e-05,0.650690711823075,0.349279910533227,2
"21615",0.0616040216657046,0.0434492920207155,0.89494668631358,3
"21617",0.573796053531008,0.00965434015623504,0.416549606312757,1
"21619",0.000294775870828653,0.0218942080385444,0.977811016090627,3
"21621",0.17910661700329,0.00374213504231283,0.817151247954397,3
"21623",0.0565848355015979,0.00100410188927942,0.942411062609123,3
"21625",0.99811668747493,7.30948050167239e-06,0.00187600304456784,1
"21627",0.00385513000967199,0.340356140983115,0.655788729007213,3
"21629",0.000748032191468551,0.000178873249278485,0.999073094559253,3
"21631",0.966145181405012,0.000217844219792375,0.0336369743751952,1
"21633",0.00437608441329811,0.994861139427932,0.000762776158770122,2
"21635",6.5249180984491e-06,0.997786472469397,0.00220700261250459,2
"21637",0.241217131469059,0.542885161287044,0.215897707243898,2
"21639",0.000956777037586506,0.992927158685676,0.0061160642767372,2
"21641",0.00426680492630475,0.000984893286909524,0.994748301786786,3
"21643",0.0194273854009415,0.256459136671842,0.724113477927216,3
"21645",0.0346696568783862,0.000692047266841034,0.964638295854773,3
"21648",0.000196210123645857,0.394950878454479,0.604852911421875,3
"21650",2.71597957516302e-05,0.997065111006617,0.00290772919763108,2
"21652",8.13121378017161e-06,0.69844360297418,0.30154826581204,2
"21654",6.44394671033786e-06,0.994766494035626,0.00522706201766399,2
"21656",0.181467222391034,0.0002210507643626,0.818311726844604,3
"21658",0.998298425120738,1.15262651390205e-06,0.00170042225274812,1
"21660",0.974871879343006,7.73409154608368e-05,0.0250507797415334,1
"21662",0.0134573199558678,0.00874211274130287,0.977800567302829,3
"21664",0.0940119606119542,0.000193466982560982,0.905794572405485,3
"21666",0.690454042721886,0.30611718220063,0.0034287750774839,1
"21668",0.00481767245970194,0.000159722773790341,0.995022604766508,3
"21671",0.000195884340876833,0.278567108528975,0.721237007130148,3
"21673",0.435130559085519,0.000172862244032519,0.564696578670448,3
"21675",0.00316747569561749,0.00644100076513252,0.99039152353925,3
"21677",1.27817506471257e-06,0.99970002885223,0.000298692972705131,2
"21679",0.00100400703225995,0.00802730887317048,0.99096868409457,3
"21681",0.00585282668413616,0.00109203902634409,0.99305513428952,3
"21686",8.75415854108249e-05,0.999576929732066,0.000335528682522778,2
"21689",4.44415740542329e-05,0.999357305286772,0.000598253139173531,2
"21706",0.0020644958438234,0.610289144730046,0.38764635942613,2
"21708",1.17491318510698e-06,0.997576949029713,0.00242187605710222,2
"21711",0.0058601468070083,0.0197899823910822,0.974349870801909,3
"21716",3.04893868327424e-07,0.999968694814116,3.10002920162392e-05,2
"21719",1.34596287164632e-05,0.104577247259951,0.895409293111333,3
"21722",0.00338782000465276,0.684936551275661,0.311675628719687,2
"21725",7.28682927027892e-05,0.679476937647327,0.32045019405997,2
"21728",4.7705267655439e-05,0.960957305932167,0.038994988800178,2
"21732",0.000219214263631376,0.995910058253143,0.00387072748322538,2
"21734",2.10063254123973e-06,0.996950792663538,0.00304710670392094,2
"21737",0.000512317015097462,0.00159960935045673,0.997888073634446,3
"21740",0.120075732135798,0.041844828307578,0.838079439556624,3
"21742",3.4458929003603e-06,0.99983959135038,0.000156962756719434,2
"21745",0.0197079910823642,0.641521535658583,0.338770473259053,2
"21747",4.90915601581769e-06,0.983115772209489,0.0168793186344947,2
"21749",0.720383204449715,0.00470282665366571,0.274913968896619,1
"21751",8.90814712158549e-05,0.998291719902115,0.001619198626669,2
"21753",3.75426418313913e-05,0.997931414064794,0.00203104329337492,2
"21756",1.25871731203821e-05,0.9998049271663,0.000182485660579719,2
"21759",0.271969190726814,0.0495370806422399,0.678493728630947,3
"21761",0.00117133657622143,0.890825010712072,0.108003652711706,2
"21763",0.000962799163193542,0.00212514071778211,0.996912060119024,3
"21765",2.68393980592164e-05,0.881022838478414,0.118950322123526,2
"21767",1.40307671863296e-05,0.997571109810175,0.00241485942263825,2
"21769",2.02181646698206e-07,0.999849981741119,0.000149816077234107,2
"21771",3.21106843198207e-05,0.998249481755916,0.00171840755976413,2
"21774",0.287839172115927,0.00110383206982723,0.711056995814246,3
"21776",2.94755920650787e-06,0.961113095116395,0.0388839573243982,2
"21778",0.00140418323540743,0.95515963716931,0.0434361795952823,2
"21780",0.429368509377276,0.0241338399539777,0.546497650668747,3
"21783",0.00674480028205823,0.786670451827027,0.206584747890915,2
"21785",3.3423004081388e-05,0.258924873624954,0.741041703370964,3
"21788",8.2159778164466e-08,0.999174231227435,0.000825686612787417,2
"21790",3.71953371838887e-08,0.999984280876178,1.5681928484547e-05,2
"21793",0.000162211837269216,0.98461494728463,0.015222840878101,2
"21796",0.00124708830429843,0.0388325541082927,0.959920357587409,3
"21798",0.000264011973932572,0.982128095683894,0.0176078923421733,2
"21801",4.54598744286658e-08,0.999978427152943,2.15273871821554e-05,2
"21803",0.00441424904794998,0.743690646198373,0.251895104753677,2
"21805",8.32597059042231e-07,0.999995337636472,3.82976646891411e-06,2
"21807",0.0138412570918572,0.151561086188543,0.8345976567196,3
"21810",4.21516601143169e-06,0.94715189020244,0.0528438946315481,2
"21812",2.88023130281883e-05,0.999667109444262,0.000304088242709947,2
"21816",2.17158019829495e-06,0.988268971366126,0.0117288570536757,2
"21819",0.000543428713319907,0.999432523074311,2.40482123694775e-05,2
"21821",0.390286192598232,0.0161367990187086,0.593577008383059,3
"21823",0.684288113723123,0.000125627155503703,0.315586259121373,1
"21825",7.49647201281577e-05,0.986594473418846,0.0133305618610262,2
"21827",0.000427719905171354,0.997609290856331,0.00196298923849809,2
"21829",8.83485570024291e-05,0.988946803298777,0.010964848144221,2
"21832",0.794520523184826,0.202689270324641,0.00279020649053346,1
"21834",5.3474935407315e-05,0.856085571969986,0.143860953094606,2
"21836",5.3474935407315e-05,0.856085571969986,0.143860953094606,2
"21839",0.0798882468903025,0.0751797295135747,0.844932023596123,3
"21841",0.776129334501506,0.216405995470676,0.0074646700278178,1
"21843",0.3331843704099,0.000673733760705436,0.666141895829395,3
"21846",0.000405233753330695,0.999540739604831,5.40266418387123e-05,2
"21848",0.00100191360451383,0.995018452195103,0.00397963420038354,2
"21850",0.000650046981856418,0.83109612514087,0.168253827877274,2
"21853",0.952886483634645,0.00419879179572353,0.0429147245696312,1
"21855",0.998996224547922,9.84899947770833e-06,0.000993926452600383,1
"21858",7.6646555926642e-07,0.996079398632808,0.0039198349016332,2
