"","V1","V2","V3","best$classification"
"19812",0.00939564353177715,0.298137980028602,0.692466376439621,3
"19814",0.000182581485142076,0.0124616251711029,0.987355793343755,3
"19816",3.82351757103478e-05,0.98707844361296,0.0128833212113299,2
"19818",0.000228428109031204,0.0942450072452163,0.905526564645752,3
"19820",0.000261749055932307,0.999730077201416,8.17374265211027e-06,2
"19822",0.0686355890010899,0.931166985106981,0.000197425891929021,2
"19824",0.00023905495750947,0.984713355652296,0.0150475893901944,2
"19826",0.000200976543227882,0.181790990488114,0.818008032968658,3
"19828",0.000883549652861921,0.997189374966285,0.00192707538085305,2
"19830",0.00411000842106135,0.0043465746367886,0.99154341694215,3
"19832",0.611876318951939,0.317644346078683,0.0704793349693784,1
"19834",0.0222685851512491,0.913904252881051,0.0638271619677001,2
"19836",0.00118019590875305,0.719929606917229,0.278890197174018,2
"19838",0.000689637926430013,0.000996073019007604,0.998314289054562,3
"19840",0.000206551370415814,0.907818874045509,0.091974574584075,2
"19842",3.17679416502734e-05,0.000925763733852243,0.999042468324497,3
"19844",0.000182427231998894,0.0111976211245569,0.988619951643444,3
"19846",1.29244338764838e-06,5.33577723487756e-05,0.999945349784264,3
"19848",5.42597409149562e-06,0.000110332531788234,0.99988424149412,3
"19850",2.27412234873387e-05,0.000751041647880908,0.999226217128632,3
"19852",0.000752031274454801,0.787857673111046,0.2113902956145,2
"19854",1.93298051497009e-05,0.000193296713461885,0.999787373481388,3
"19856",0.000347155735655481,0.0102778995875978,0.989374944676747,3
"19858",0.00446945650298147,0.330349882341855,0.665180661155163,3
"19860",0.000792797446171559,0.692121864964189,0.307085337589639,2
"19862",2.35515810769779e-06,5.21491387950938e-05,0.999945495703097,3
"19864",0.00216514464897986,0.244670977864237,0.753163877486783,3
"19866",9.96368321563017e-05,0.992362018517584,0.00753834465026007,2
"19868",0.998557507467963,0.000120781068220273,0.00132171146381689,1
"19870",2.4300520566853e-05,0.00190566292657732,0.998070036552856,3
"19873",7.48946594672074e-05,0.0844721746042971,0.915452930736236,3
"19875",0.00106784734327315,0.996898061823952,0.00203409083277478,2
"19877",0.000227917277618204,0.0197606670638437,0.980011415658538,3
"19879",0.00330514013761498,0.415563962499089,0.581130897363296,3
"19881",8.11807117976339e-05,0.0350149868529662,0.964903832435236,3
"19883",2.41946409222679e-05,0.0254864489264475,0.97448935643263,3
"19899",0.020139397677101,0.739644569132419,0.240216033190479,2
"19908",0.194103867709714,0.58414979529946,0.221746336990826,2
"19910",0.000340441699335492,0.566287706517773,0.433371851782892,2
"19912",1.32810534097804e-05,0.000327898143598359,0.999658820802992,3
"19914",0.0150585546218018,0.442795003085754,0.542146442292444,3
"19916",0.000384976335500085,0.986734448929212,0.0128805747352876,2
"19918",1.82037115773035e-06,0.00106739318074416,0.998930786448098,3
"19920",3.86581342640048e-06,0.000286967170724171,0.999709167015849,3
"19922",0.77150697538029,0.0651857243538898,0.16330730026582,1
"19924",6.57692393467472e-05,0.021828872815726,0.978105357944927,3
"19926",0.0346250605839285,0.879727266311742,0.0856476731043296,2
"19928",0.00104216914766418,0.00863622798066329,0.990321602871673,3
"19930",0.000155130894206132,0.00890731932916602,0.990937549776628,3
"19932",7.38535733027573e-05,0.000511288703530459,0.999414857723167,3
"19934",0.00444998184801523,0.964934718139458,0.0306153000125269,2
"19936",0.00470514174957198,0.0834943517882546,0.911800506462173,3
"19938",0.00567652750489294,0.991963648058709,0.00235982443639804,2
"19940",6.635650924398e-05,0.180695694013939,0.819237949476817,3
"19942",0.000255579923756523,0.0363965166232397,0.963347903453004,3
"19944",0.000296069723654421,0.875418065391641,0.124285864884704,2
"19946",0.000310413667951677,0.157921845017678,0.84176774131437,3
"19948",2.83606455830144e-05,0.0114029350552253,0.988568704299192,3
"19950",4.35813213366085e-05,0.000163295660006645,0.999793123018657,3
"19952",2.83606455830144e-05,0.0114029350552253,0.988568704299192,3
"19954",4.204034724914e-05,0.00171053232838798,0.998247427324363,3
"19956",0.000542395564168824,0.000114612487754411,0.999342991948077,3
"19958",0.977721297016697,0.00116437800359715,0.0211143249797062,1
"19962",0.00400641631477836,0.177547813523529,0.818445770161693,3
"19964",8.31333047101379e-05,0.0649837275232169,0.934933139172073,3
"19966",0.000258474498090866,0.999256163997744,0.000485361504164973,2
"19969",4.61414432419213e-05,0.00604674318703504,0.993907115369723,3
"19972",9.35538676570226e-06,0.00155492254538536,0.998435722067849,3
"19974",4.5316856408757e-07,1.51247425588178e-05,0.999984422088877,3
"19976",8.0851678541824e-05,0.0289809227592422,0.970938225562216,3
"19978",4.45837607359019e-05,0.766317573750258,0.233637842489006,2
"19980",9.32276852333142e-06,7.69940092994477e-05,0.999913683222177,3
"19982",0.000227827989680497,0.00143041052850725,0.998341761481812,3
"19984",5.77256374735475e-05,0.00335720815871078,0.996585066203816,3
"19986",0.000970787071344515,0.999007767210654,2.14457180012069e-05,2
"19988",0.00160027746015012,0.998395238407035,4.48413281511411e-06,2
"19992",0.00173992545986073,0.99820858110809,5.14934320495025e-05,2
"19994",0.000607299113178148,0.0162054141805115,0.98318728670631,3
"19996",0.000272676324872299,0.999655638738811,7.1684936317105e-05,2
"19998",0.000806235843194629,0.126346038841879,0.872847725314926,3
"20000",0.0516731004548282,0.00143256655027062,0.946894332994901,3
"20003",0.00342466097453821,0.115517141701611,0.881058197323851,3
"20005",1.90824580267191e-06,5.5828388298029e-05,0.999942263365899,3
"20007",0.00665259296504563,0.772465241283265,0.22088216575169,2
"20009",0.00169485702947406,0.992210562642721,0.0060945803278045,2
"20011",3.80393858336599e-05,0.011485638285739,0.988476322328427,3
"20013",9.25662658556672e-05,0.00242354849770469,0.99748388523644,3
"20016",0.00955199072835366,0.990177842817734,0.000270166453912465,2
"20018",0.971920729267676,0.0280780914315583,1.17930076575068e-06,1
"20021",0.000963366395056005,0.994259815628382,0.00477681797656185,2
"20023",0.00310374900748394,0.948710067289644,0.0481861837028721,2
"20025",0.386456373987682,0.61339602495483,0.000147601057488024,2
"20027",7.40876468095153e-05,0.00316516945633889,0.996760742896852,3
"20029",1.46218645112566e-06,0.00024437079419882,0.99975416701935,3
"20032",0.000143350278006052,0.00311157216313772,0.996745077558856,3
"20034",9.01553472176929e-05,0.028049587607042,0.97186025704574,3
"20036",0.00312201154951408,0.0553270894929086,0.941550898957577,3
"20038",0.0105102173709106,0.989276342217668,0.000213440411421653,2
"20040",0.019047458478385,0.980740176450151,0.000212365071464021,2
"20043",0.00192165181083236,0.995811573690857,0.00226677449831088,2
"20045",0.0129078683455244,0.987080780291639,1.13513628363422e-05,2
"20048",0.000214472643003829,0.000543386993782846,0.999242140363213,3
"20051",0.033443283808794,0.457080493580978,0.509476222610228,3
"20053",0.000295779669140488,0.97397157919306,0.0257326411377989,2
"20055",0.133463642772395,0.857566615960936,0.00896974126666877,2
"20057",0.995210446481636,1.81518011881328e-05,0.00477140171717554,1
"20059",0.00497535646773746,0.979056963104117,0.015967680428146,2
"20061",0.00106365592276956,0.915326048697287,0.0836102953799429,2
"20063",0.0417135968595023,0.698388917857014,0.259897485283483,2
"20065",0.773889971187971,0.22609921245787,1.08163541594264e-05,1
"20067",0.0194080886159829,0.978647497415311,0.00194441396870573,2
"20069",1.74632032062959e-05,0.000118862544185264,0.999863674252608,3
"20071",0.0123871854317447,0.550875591941366,0.43673722262689,2
"20073",1.02937243442525e-05,0.00359519428553309,0.996394511990123,3
"20075",0.999297966090079,8.90498370145126e-05,0.00061298407290618,1
"20077",0.000378954047209569,0.974445227371646,0.0251758185811443,2
"20079",0.0056245866673477,0.318044783213376,0.676330630119276,3
"20081",0.147211619768802,0.847872757699771,0.00491562253142781,2
"20083",0.010182017098503,0.0481069444118618,0.941711038489635,3
"20085",0.00560400596446074,0.994391673366994,4.32066854473448e-06,2
"20088",0.00221847679071802,0.997325263644088,0.000456259565194245,2
"20091",0.992153728215177,0.0074544809244183,0.000391790860404819,1
"20095",0.00201375765716408,0.248786396471682,0.749199845871154,3
"20097",0.0186400819833652,0.981353833452539,6.08456409638147e-06,2
"20099",1.9952717371189e-05,0.956747340352368,0.0432327069302606,2
"20102",0.614141171654627,0.0304466682308869,0.355412160114486,1
"20105",0.000973410693110976,0.983308075348681,0.0157185139582078,2
"20107",0.000410091685142053,0.998843942063804,0.000745966251054017,2
"20109",8.28633018451227e-05,0.712219339494015,0.28769779720414,2
"20111",0.42565216173517,0.000765450793670036,0.57358238747116,3
"20113",0.000628384233351991,0.988005617706166,0.0113659980604824,2
"20115",0.00119778793706009,0.00107247928687804,0.997729732776062,3
"20117",0.666472094926857,0.323739795486675,0.00978810958646852,1
"20119",0.00013899148981479,0.99933182363837,0.000529184871815524,2
"20121",0.000955088165866913,0.998937248201952,0.000107663632181644,2
"20123",0.994939532165484,0.00501154690548966,4.89209290261125e-05,1
"20125",8.93361293014758e-05,0.000763854052411107,0.999146809818287,3
"20127",0.000853626140539897,0.999022352067154,0.000124021792305872,2
"20140",0.397153212220248,0.565679070615737,0.0371677171640145,2
"20142",5.30497546281112e-05,0.000147996780262671,0.999798953465109,3
"20144",0.0177764058861347,0.000901872367268108,0.981321721746597,3
"20146",0.00593317143800984,0.0129088716842456,0.981157956877745,3
"20148",0.00108925651062167,0.0582707638543025,0.940639979635076,3
"20150",1.01274452690867e-06,1.81106698992338e-05,0.999980876585574,3
"20152",0.00130726976068079,0.177034108819265,0.821658621420054,3
"20154",0.93759796638304,0.0622617656001842,0.000140268016775672,1
"20156",0.0233148503111163,0.677519802010861,0.299165347678022,2
"20159",3.49875753524613e-05,0.000135256635834236,0.999829755788813,3
"20161",0.00121919305746212,0.0113032733476997,0.987477533594838,3
"20163",0.00880768119642378,0.302602824153216,0.688589494650361,3
"20165",0.00169662661148991,0.309522339886752,0.688781033501758,3
"20167",4.98518935752202e-05,0.014403030247534,0.985547117858891,3
"20169",0.000115563006524995,0.000287973698794262,0.999596463294681,3
"20171",0.982059754873847,0.0179126591005877,2.75860255656757e-05,1
"20173",0.000379913207085655,0.545421555079437,0.454198531713478,2
"20175",9.63018381104765e-05,0.0058764207594934,0.994027277402396,3
"20177",6.08234305092983e-05,0.958804693206556,0.0411344833629344,2
"20180",0.00403070382129464,0.995933466174768,3.58300039372194e-05,2
"20182",0.00284925055009601,2.66473101240105e-05,0.99712410213978,3
"20184",4.37633553207491e-05,0.00165207335439682,0.998304163290282,3
"20187",0.000113106611162476,0.270615944061099,0.729270949327738,3
"20189",3.30597346972264e-05,0.951886178080734,0.0480807621845684,2
"20192",0.122948054482398,0.866692245716215,0.0103596998013868,2
"20194",2.7695300627268e-05,0.00083234037972759,0.999139964319645,3
"20196",0.171137999643554,0.828610259902792,0.000251740453653772,2
"20198",0.0136412196377051,0.524760237866624,0.461598542495671,2
"20204",3.94710528520606e-05,0.000145793840601572,0.999814735106546,3
"20207",0.109134571083493,0.88985929980022,0.00100612911628706,2
"20209",0.231465936792907,0.0107551646411502,0.757778898565943,3
"20211",0.996175689427296,0.00373160633645545,9.27042362482481e-05,1
"20215",0.00272209883626502,0.980051201378098,0.0172266997856369,2
"20218",2.66217478453201e-05,0.000119494940565553,0.999853883311589,3
"20222",0.0834371965261382,0.905462758021639,0.0111000454522223,2
"20225",0.00151086985436871,0.000909921424668196,0.997579208720963,3
"20229",0.246027659673314,0.135150877280737,0.618821463045949,3
"20232",0.0298635894426772,0.927531322670982,0.0426050878863405,2
"20234",0.116490490499235,0.883503363110254,6.14639051049468e-06,2
"20238",0.00309763846671384,0.995539569119523,0.0013627924137629,2
"20253",0.00191178960559485,0.997491731239538,0.000596479154867223,2
"20255",0.00344744989367511,0.00448873048363195,0.992063819622693,3
"20258",0.000188466579746756,0.999530144960592,0.000281388459661638,2
"20269",0.000290559957748439,0.843725799280764,0.155983640761487,2
"20271",6.17351857376006e-05,0.998772082607775,0.00116618220648765,2
"20285",0.000293960142250225,0.0789675429990256,0.920738496858724,3
"20288",0.00480337632341743,0.971633678671603,0.02356294500498,2
"20291",0.230303801139197,0.769078746742051,0.00061745211875199,2
"20295",0.000383253077039134,0.682724189426353,0.316892557496608,2
"20298",2.93532706571463e-05,0.000290271368960737,0.999680375360382,3
"20302",2.10930534396e-05,0.00236491956829799,0.997613987378262,3
"20305",1.48175129308946e-05,0.000275338217613754,0.999709844269455,3
"20307",0.00107843502983173,0.998866498138468,5.50668317003219e-05,2
"20310",0.00414893030220987,0.995840594502607,1.04751951837612e-05,2
"20313",6.01756764651995e-06,4.4875549442165e-05,0.999949106882911,3
"20315",0.000306822252301019,0.998678698109758,0.00101447963794117,2
"20319",0.541291520419153,0.458408070638465,0.000300408942382245,1
"20321",0.000269695927522013,0.999173325004304,0.000556979068174465,2
"20327",3.83959489906402e-05,0.999728250221908,0.000233353829101641,2
"20329",5.74105779394187e-06,0.00242703163657842,0.997567227305628,3
"20335",0.126401567140667,0.873497383063636,0.000101049795697247,2
"20337",3.1080384381673e-05,0.00017416147369189,0.999794758141927,3
"20339",0.966541502856381,0.0228943153300012,0.0105641818136181,1
"20341",0.94939570463057,0.0499047078562818,0.000699587513148186,1
"20343",0.0156561155510236,0.983989477572975,0.00035440687600201,2
"20345",0.000615675522789325,0.0576397016960228,0.941744622781188,3
"20350",0.269081664320139,0.441749235190598,0.289169100489263,2
"20352",8.0907856607625e-05,0.000650312685179742,0.999268779458213,3
"20355",0.00190090814672441,0.0275431078326752,0.970555984020601,3
"20358",1.95850002069055e-06,0.00040715416614391,0.999590887333835,3
"20363",0.000251876295725196,0.99871451121535,0.00103361248892463,2
"20365",0.467710079289824,0.522081208796315,0.0102087119138603,2
"20379",0.00249902609940802,0.00296097805984733,0.994539995840745,3
"20387",0.00271749524493936,0.996676721272056,0.000605783483004455,2
"20392",0.99174890439861,0.00821748516551546,3.36104358747624e-05,1
"20395",0.00186646205118503,0.0846510952235519,0.913482442725263,3
"20397",1.11028493771555e-05,0.000267775626961115,0.999721121523662,3
"20410",0.00104247082428529,0.996057598877932,0.00289993029778234,2
"20414",2.22411731872221e-05,0.0020035124941904,0.997974246332622,3
"20417",0.838598469210911,0.161394845572776,6.6852163129372e-06,1
"20419",9.59717703923121e-06,0.999763551597179,0.000226851225781622,2
"20421",0.0267193610889252,0.0109454046465911,0.962335234264484,3
"20423",0.000280548612599094,0.00078255002836943,0.998936901359032,3
"20425",0.00124500230050606,0.00222235470137066,0.996532642998123,3
"20427",0.000302594095158459,0.200165120418665,0.799532285486177,3
"20429",0.00685155274339872,0.991243188310041,0.00190525894656031,2
"20432",2.80804865375425e-06,0.00023041051455543,0.999766781436791,3
"20435",0.0316633920284317,0.916101992656952,0.0522346153146159,2
"20438",7.5657067900279e-05,0.996377091554598,0.00354725137750163,2
"20440",9.03409156678277e-05,0.998784234502688,0.00112542458164441,2
"20443",0.00247676762307623,0.0147411930956191,0.982782039281305,3
"20446",0.00263955197332238,0.580757450272621,0.416602997754057,2
"20449",0.0208511422891976,0.920636928839831,0.0585119288709721,2
"20537",0.241326801621597,0.746083091500275,0.0125901068781272,2
"20540",0.975727222756889,0.0242449802955391,2.7796947571528e-05,1
"20543",0.00203193924475341,0.360707331741336,0.63726072901391,3
"20545",0.996010311948055,0.00388001790701026,0.000109670144934695,1
"20549",0.0100346902048431,0.119144458326228,0.870820851468929,3
"20551",0.00327264667999561,0.978343921286272,0.0183834320337328,2
"20554",0.000280019053926891,0.993599003994215,0.00612097695185776,2
"20556",0.22111690834627,0.404251971312495,0.374631120341235,2
"20558",0.00046981492518846,0.999356717635599,0.000173467439212662,2
"20560",0.000270335101661363,0.955485853733141,0.0442438111651976,2
"20563",0.000653221509772466,0.999261753571395,8.50249188323654e-05,2
"20565",0.00259291312063088,0.798930258574396,0.198476828304973,2
"20567",1.59945664063337e-05,0.00052524149609015,0.999458763937504,3
"20571",0.0378337171324696,0.958133371599683,0.00403291126784714,2
"20573",0.00741863049810136,0.952834316033426,0.0397470534684721,2
"20575",0.000297841086704208,0.999605809710147,9.63492031493887e-05,2
"20577",0.00919983447445193,0.432219349621216,0.558580815904332,3
"20579",2.02638433304827e-06,0.000154813467087858,0.999843160148579,3
"20582",0.000343392478564332,0.999616795362783,3.98121586523513e-05,2
"20585",0.835721700567116,0.158681369385704,0.00559693004718012,1
"20588",0.961786616958605,0.022502561708336,0.0157108213330594,1
"20590",7.72903847832904e-07,3.29296739225459e-05,0.99996629742223,3
"20592",0.000265181977973697,0.999681929459719,5.28885623076255e-05,2
"20594",0.000724589825039917,0.999232545099025,4.28650759346115e-05,2
"20596",2.27466733413002e-05,0.969655517515071,0.0303217358115881,2
"20598",0.000293973414958666,0.991979233643134,0.00772679294190677,2
"20600",0.718681191418536,0.149465660232692,0.131853148348773,1
"20603",0.00897490327987733,0.00391912870987378,0.987105968010249,3
"20605",0.000922207368340601,0.998788632392694,0.000289160238965835,2
"20607",4.68323564004191e-05,0.998518546817049,0.00143462082655084,2
"20609",0.00031480604991564,0.981140921016755,0.0185442729333299,2
"20611",2.02287130805037e-05,0.000435951477638898,0.999543819809281,3
"20613",0.00753757245491736,0.81078024027931,0.181682187265772,2
"20615",0.108731531728812,0.490806806523291,0.400461661747897,2
"20617",4.11753501805556e-05,0.000148835308660081,0.999809989341159,3
"20619",0.000133523806987897,0.999686613990922,0.000179862202090576,2
"20621",0.000878215522972726,0.984452111144895,0.0146696733321322,2
"20623",9.34487177282135e-06,0.0217193068362607,0.978271348291966,3
"20625",0.0412258900381276,0.00425293695635244,0.95452117300552,3
"20627",0.0010933170915544,0.945711489150526,0.0531951937579199,2
"20629",0.00569326178576711,0.875862396300468,0.118444341913765,2
"20631",0.000410359051635039,0.999437368119986,0.000152272828379527,2
"20633",3.96231752105757e-06,3.76677637733685e-05,0.999958369918706,3
"20636",2.4923143655834e-05,0.00215631887632307,0.997818757980021,3
"20638",0.152516336137219,0.385889384791921,0.461594279070861,3
"20640",0.0732738292665829,0.925966391972811,0.000759778760606003,2
"20645",0.00742941080278258,0.992563189781349,7.39941586786315e-06,2
"20647",0.000238393443661471,0.000559870546221855,0.999201736010117,3
"20649",0.0144830407711621,0.973006877198022,0.0125100820308163,2
"20651",0.00546927487726674,0.994384693780537,0.000146031342196254,2
"20656",0.0416394181284734,0.9561295087374,0.00223107313412694,2
"20660",0.852683574866824,0.137008771350275,0.0103076537829016,1
"20662",1.79955927756057e-05,0.00183818858689074,0.998143815820334,3
"20664",0.0001010376437266,0.859974987052174,0.1399239753041,2
"20666",0.172324970639657,0.00680653660874481,0.820868492751598,3
"20668",2.75337845962804e-06,0.000235811161349079,0.999761435460191,3
"20670",0.000743960141881892,0.996708131376075,0.00254790848204282,2
"20672",6.82933694578697e-05,0.000196230251089018,0.999735476379453,3
"20674",0.000411678422820268,0.942341880822439,0.0572464407547408,2
"20676",6.0837853724213e-06,3.80242345180382e-05,0.999955891980109,3
"20678",8.49833590548348e-07,3.01592285085075e-05,0.999968990937901,3
"20680",8.49280737043304e-05,0.00330658281886524,0.99660848910743,3
"20682",4.06587045711804e-05,0.0133178573282762,0.986641483967153,3
"20684",0.0063287546461214,0.936049303763805,0.0576219415900736,2
"20686",2.83574815363506e-05,0.000165772888359747,0.999805869630104,3
"20688",1.36136676917938e-06,5.98650680606087e-05,0.99993877356517,3
"20690",0.912389289308713,0.0866115029072401,0.000999207784046972,1
"20692",1.41260278217853e-06,2.7084814486144e-05,0.999971502582732,3
"20694",9.12868948941222e-06,0.000126246162135132,0.999864625148375,3
"20696",0.00010031049565407,0.00285334508056664,0.997046344423779,3
"20698",0.0144556753743078,0.85724991392655,0.128294410699143,2
"20700",0.000900787536407673,0.987944971195389,0.0111542412682028,2
"20702",0.833482172038402,0.166371626098805,0.000146201862792663,1
"20704",0.000922178886528571,0.927113724910535,0.0719640962029367,2
"20706",0.00745032203622953,0.280880806742409,0.711668871221362,3
"20708",4.32029952940516e-06,0.000358450688852116,0.999637229011619,3
"20710",0.340227421587146,0.648895141311462,0.010877437101392,2
"20714",2.59785052136748e-06,0.00059764116533721,0.999399760984141,3
"20716",0.000291618247910507,0.996423501514183,0.0032848802379069,2
"20719",0.000998974756637129,0.771173376601195,0.227827648642168,2
"20721",0.000274435206404197,0.999662207312855,6.33574807405263e-05,2
"20723",0.0092880339370476,0.817996602725062,0.17271536333789,2
"20725",0.00122036207112487,0.0188709181697409,0.979908719759134,3
"20727",0.0024874059885347,0.000202242261443328,0.997310351750022,3
"20729",2.71935573748487e-05,0.000533759430604066,0.999439047012021,3
"20731",0.00161035585275013,0.00982196622013381,0.988567677927116,3
"20733",0.00629310287182287,0.951347566984785,0.0423593301433917,2
"20735",0.0337790000574774,0.810911459657674,0.155309540284848,2
"20737",1.05356155564823e-06,0.000122863605810489,0.999876082832634,3
"20739",1.08760594320249e-05,5.23325984661624e-05,0.999936791342102,3
"20741",0.00020486641045387,0.0148747908935083,0.984920342696038,3
"20743",0.000287873206768737,0.0281605979208821,0.971551528872349,3
"20745",0.000653060386481284,0.998889382691071,0.000457556922447293,2
"20747",3.26884845030274e-05,0.000628340415485949,0.999338971100011,3
"20749",2.97821641022156e-05,0.000260517553069947,0.999709700282828,3
"20751",0.00991180118924408,0.000392128670122394,0.989696070140634,3
"20753",3.86100966565361e-05,0.0010280929109392,0.998933296992404,3
"20755",9.20717242706473e-06,0.000815406187097886,0.999175386640475,3
"20757",7.19113178556171e-05,0.212789099367009,0.787138989315135,3
"20759",9.36700135786666e-05,0.998425610925813,0.0014807190606087,2
"20761",0.000371977940300202,0.0851257437767384,0.914502278282961,3
"20763",0.00207597058293627,0.123458556258509,0.874465473158554,3
"20765",0.000287176068287222,0.0111852691776319,0.988527554754081,3
"20767",0.000692411559127413,0.983491804945554,0.0158157834953183,2
"20769",0.559255676733183,0.432990313648424,0.00775400961839296,1
"20771",1.71853411939929e-05,0.0733541679353716,0.926628646723434,3
"20773",0.000789283117485997,0.0724723912709269,0.926738325611587,3
"20775",0.00165657558116001,0.0194041592133927,0.978939265205447,3
"20777",0.503679301787082,0.0811696208796993,0.415151077333219,1
"20779",0.00080946521902936,0.0147686427543128,0.984421892026658,3
"20781",0.934827492189157,9.80534229013959e-05,0.0650744543879415,1
"20783",6.28289630105538e-05,0.053140616965691,0.946796554071298,3
"20785",7.10358117529259e-05,0.00280489026359983,0.997124073924647,3
"20787",1.35103833473877e-06,0.000721543765545703,0.99927710519612,3
"20789",0.00263968692169759,0.783691755439142,0.213668557639161,2
"20791",3.15866864406834e-06,4.30011882117178e-05,0.999953840143144,3
"20793",0.00256168143826292,0.772854141076689,0.224584177485048,2
"20795",6.72264605969947e-06,0.000472409946620895,0.999520867407319,3
"20797",0.0854041194332237,9.91470565436793e-05,0.914496733510233,3
"20800",0.000146222591331498,0.000850062639354019,0.999003714769315,3
"20802",0.000284517349112907,0.0308306947727159,0.968884787878171,3
"20804",2.83733212433161e-06,0.000163740905837881,0.999833421762038,3
"20806",1.8786998918675e-06,2.77067768557253e-05,0.999970414523253,3
"20808",0.000136048837085958,0.995492926035027,0.00437102512788735,2
"20810",4.22054889814416e-05,0.00174835759055288,0.998209436920466,3
"20812",0.0171070682294678,0.0185928233359118,0.96430010843462,3
"20814",5.61378450492023e-07,2.08915868542804e-05,0.999978547034695,3
"20816",0.0138158446064824,0.966400548706376,0.0197836066871411,2
"20818",0.000511746308366113,0.0287164859680972,0.970771767723537,3
"20820",6.6417566406545e-05,0.000170988107584681,0.999762594326009,3
"20822",0.000126277271259519,0.0210716007672165,0.978802121961524,3
"20824",7.79412759294653e-05,0.00227071342812221,0.997651345295948,3
"20826",3.32995775035564e-05,0.00013535211205501,0.999831348310442,3
"20828",0.000214472643003829,0.000543386993782846,0.999242140363213,3
"20830",4.77630204405496e-05,0.000452546898195097,0.999499690081364,3
"20832",0.000474068604999983,0.361707520294745,0.637818411100255,3
"20834",0.00244893023519746,0.988286170196021,0.00926489956878126,2
"20836",0.000312734192853338,0.00670775326734972,0.992979512539797,3
"20838",1.45698786740559e-06,3.82432853592772e-05,0.999960299726773,3
"20840",0.000694437861177414,0.923154619565956,0.0761509425728665,2
"20842",0.0001132817782742,0.00381149541737333,0.996075222804352,3
"20844",3.25953555049804e-05,0.080880786695513,0.919086617948982,3
"20846",0.000120078085863021,0.0172017276870057,0.982678194227131,3
"20848",0.0020500457857267,0.346451087482522,0.651498866731752,3
"20850",0.000110223102501572,0.928789490631817,0.0711002862656809,2
"20852",0.00165549894687494,0.931649131672961,0.0666953693801639,2
"20854",2.44926998906812e-05,0.000119485926601541,0.999856021373508,3
"20856",0.945481237527957,0.0345801669958289,0.019938595476214,1
"20858",0.00142501563128983,0.996884422889518,0.00169056147919244,2
"20860",0.00090468208871296,0.103603260612198,0.895492057299089,3
"20862",6.89296502641451e-05,0.999710534317316,0.000220536032419482,2
"20864",0.000290265208969898,0.000924610664590218,0.99878512412644,3
"20866",0.00198090287446092,0.998013700282988,5.39684255133733e-06,2
"20868",0.00386286455069035,0.985771928490155,0.0103652069591547,2
"20870",0.00226024932287565,0.0597226125379862,0.938017138139138,3
"20872",8.13518924812639e-05,0.00200767161625261,0.997910976491266,3
"20874",2.68328632744771e-06,5.30725580809527e-05,0.999944244155592,3
"20877",0.0189578296849042,0.977667653872152,0.00337451644294322,2
"20879",0.00326635635849456,0.996557951053986,0.000175692587519848,2
"20881",4.70977245921465e-05,0.000469832006453816,0.999483070268954,3
"20883",0.000202327485840232,0.000145348519586835,0.999652323994573,3
"20885",0.000209836025995765,0.00120282660643707,0.998587337367567,3
"20887",0.0108542344081633,0.853270914982646,0.135874850609191,2
"20889",0.00441699942801108,0.0126455492062804,0.982937451365709,3
"20891",0.00457353586300389,0.995256897305813,0.000169566831183404,2
"20896",0.0812603865538087,0.838820108039511,0.0799195054066798,2
"20898",0.000513395567068129,0.0453776992427912,0.954108905190141,3
"20900",0.0997885627659824,4.94859435358462e-05,0.900161951290482,3
"20902",0.775440691815985,0.218572714054206,0.00598659412980947,1
"20904",0.0100845069517365,0.125421203114226,0.864494289934038,3
"20906",0.0207237703377194,0.97646101583739,0.00281521382489069,2
"20908",0.00013316450002082,0.0229953669553024,0.976871468544677,3
"20910",6.62323745593175e-06,0.0178414319230223,0.982151944839522,3
"20912",0.945551427653621,0.00016283766803095,0.0542857346783475,1
"20914",0.0121949557285764,0.987788289656826,1.67546145979431e-05,2
"20968",0.0099245742573409,0.00993042141163019,0.980145004331029,3
"20970",0.000916715062339731,0.95303950443194,0.0460437805057202,2
"20981",1.79109025088723e-05,0.979321581573336,0.0206605075241546,2
"20983",1.34089352043259e-06,1.7617493539847e-05,0.99998104161294,3
"20988",0.000187642130485624,0.994195231829677,0.00561712603983755,2
"20995",0.721320034035392,0.195328230214067,0.0833517357505416,1
"21017",4.92872345263726e-05,0.12627404174035,0.873676671025123,3
"21038",0.00779622042700499,0.990412870470263,0.00179090910273243,2
"21072",0.00689948566720595,0.966578875783024,0.0265216385497698,2
"21075",0.055440814070551,0.944337344833507,0.000221841095942548,2
"21223",0.00533817098695844,0.159991142851496,0.834670686161546,3
"21225",0.999646750438267,0.000301593484649075,5.16560770842583e-05,1
"21230",1.88946171448939e-06,2.17570180955959e-05,0.99997635352019,3
"21236",0.000113231271602813,0.0119136911550837,0.987973077573313,3
"21238",0.644918503977947,0.166829071582216,0.188252424439837,1
"21241",0.000572559127591471,0.995416422202988,0.00401101866942076,2
"21246",3.62840598417798e-05,0.973053664597293,0.0269100513428651,2
"21253",2.94206455076341e-05,0.000174316396951655,0.999796262957541,3
"21256",0.000194906453626464,0.00515772882718176,0.994647364719192,3
"21260",0.991409137824634,0.0085439040606557,4.69581147103519e-05,1
"21266",0.000387626247048651,0.989838832887985,0.00977354086496668,2
"21332",7.82750688793648e-05,0.991837445069425,0.0080842798616961,2
"21334",0.0161028028813834,0.0555224857642148,0.928374711354402,3
"21375",0.000770252531142031,0.998989567026731,0.00024018044212691,2
"21378",0.00384580161528553,0.996137602601983,1.65957827316962e-05,2
"21381",0.0121265662955324,0.98728310971572,0.000590323988747458,2
"21389",5.69710367101866e-06,0.000815996179758597,0.99917830671657,3
"21391",0.000757724113122267,0.954023685211717,0.0452185906751609,2
"21402",1.03066966186753e-05,0.99694878492317,0.00304090838021105,2
"21404",0.276050398973255,0.720088097990996,0.00386150303574802,2
"21409",0.0450576968454455,0.942836607644069,0.0121056955104851,2
"21413",0.102322557456369,0.687719652074441,0.209957790469191,2
"21423",0.00322841809847471,0.996275267750024,0.000496314151501703,2
"21425",0.0283113428446046,0.931515573792088,0.0401730833633076,2
"21430",0.982885373997517,0.00773008757722075,0.00938453842526183,1
"21432",0.000209692260708467,0.980602122157557,0.0191881855817348,2
"21438",0.00095494859059099,0.995237851919401,0.00380719949000856,2
"21440",0.00303929425016221,0.926341252341087,0.070619453408751,2
"21443",1.16863059666034e-05,0.000658578072516021,0.999329735621517,3
"21445",0.997698399572773,0.00134313767598929,0.000958462751237526,1
"21447",0.00428088462641774,0.995633867652475,8.52477211072146e-05,2
"21449",1.36327176903782e-05,0.998536078299447,0.00145028898286285,2
"21451",1.36327176903782e-05,0.998536078299447,0.00145028898286285,2
"21455",1.38790506875728e-05,0.999181151307526,0.000804969641786161,2
"21469",0.118552284336999,0.881434417643705,1.32980192960756e-05,2
"21471",0.23907776486197,0.760531456993279,0.00039077814475078,2
"21473",0.00489703688211974,0.0497605589838226,0.945342404134058,3
"21476",0.0178241074799979,0.354550321274792,0.627625571245211,3
"21478",0.00679836194242669,0.0544135368232131,0.93878810123436,3
"21481",7.70416826420177e-05,0.00141220646567422,0.998510751851684,3
"21490",0.00422683012199288,0.99285238983674,0.00292078004126688,2
"21493",0.0238490161240293,0.976135435900272,1.55479756989897e-05,2
"21495",0.00771274879131041,0.749050118029554,0.243237133179136,2
"21500",0.00124767080266105,0.985610826635983,0.0131415025613556,2
"21504",0.00168099709267258,0.865842893783292,0.132476109124035,2
"21507",0.0174034640661443,0.982514268830764,8.22671030916253e-05,2
"21512",0.00226591736099535,0.995731876823261,0.00200220581574376,2
"21519",0.000176658838009419,0.033142947515732,0.966680393646259,3
"21522",0.882527967457572,0.00329528712398111,0.114176745418447,1
"21524",0.000197409245703379,0.996018858395052,0.00378373235924511,2
"21528",0.00155257265296877,0.998292853446799,0.000154573900231773,2
"21532",0.0919883552384074,0.842095908818858,0.0659157359427342,2
"21543",0.0276274426335552,0.117672116046139,0.854700441320305,3
"21546",0.0430108090732412,0.876508876943831,0.0804803139829278,2
"21550",0.00388541246717979,0.99599353873215,0.000121048800670483,2
"21554",8.16841340530948e-05,0.999559170382282,0.000359145483664733,2
"21557",0.0505522308823375,0.00834996055384104,0.941097808563821,3
"21560",0.0179765718768868,0.981977725495739,4.5702627373874e-05,2
"21564",0.000131506572628161,0.47685622147658,0.523012271950791,3
"21566",0.000626412220603789,0.999149848721343,0.000223739058053641,2
"21569",0.0187585503688246,0.889180550900149,0.0920608987310262,2
"21574",0.00162177632454014,0.00288084165725125,0.995497382018209,3
"21576",6.20203922900007e-05,0.0138783749186416,0.986059604689068,3
"21578",2.87526500030572e-05,0.000275479430024107,0.999695767919973,3
"21580",9.59393647280823e-05,0.0176036803574318,0.98230038027784,3
"21583",0.00130601844201303,0.998637012684351,5.69688736355963e-05,2
"21585",3.98711245775402e-06,0.000455113235884178,0.999540899651658,3
"21587",0.000549948485477155,0.00249946908917297,0.99695058242535,3
"21589",0.00282626363854834,0.00262273806924084,0.994550998292211,3
"21593",0.422607247580399,0.00216470568561254,0.575228046733988,3
"21595",0.0338477128816924,0.000637099044669875,0.965515188073638,3
"21597",0.000170153957456679,0.190109420189854,0.809720425852689,3
"21599",5.4924154441172e-07,2.14523123335789e-05,0.999977998446122,3
"21601",0.0816747906897558,0.603381995940389,0.314943213369856,2
"21603",1.14860032018371e-06,6.22627676558962e-05,0.999936588632024,3
"21605",3.39602623505606e-05,0.000277355700892863,0.999688684036757,3
"21607",0.0426365475073981,0.0855336028440813,0.871829849648521,3
"21610",0.00506408968470279,0.237972901367231,0.756963008948066,3
"21612",1.89024457499599e-05,0.00047642512576378,0.999504672428486,3
"21614",0.0240874223991467,0.538443418333922,0.437469159266931,2
"21616",0.0103854184272314,0.0726920338020896,0.916922547770679,3
"21618",0.209596687446662,0.787839198061769,0.00256411449156932,2
"21620",1.31409961717241e-05,0.00048804821878593,0.999498810785042,3
"21622",0.0200870836012293,0.979409211187388,0.000503705211383223,2
"21624",0.00342678647313255,0.012238625232105,0.984334588294762,3
"21626",2.93966919696558e-05,0.315466698958557,0.684503904349474,3
"21628",0.0140229485725076,0.858270859522111,0.127706191905382,2
"21630",0.000361340145154691,0.0425804652556913,0.957058194599154,3
"21632",0.00349117069108175,0.837853612634553,0.158655216674365,2
"21634",0.000921606738531545,0.956141561158437,0.0429368321030318,2
"21636",0.000938170235783073,0.00262614735399826,0.996435682410219,3
"21638",6.3731651139348e-05,8.67760987285092e-05,0.999849492250132,3
"21640",0.00576498595981877,0.290180347615556,0.704054666424626,3
"21642",0.00019380101797166,0.00586431204185668,0.993941886940172,3
"21644",0.0723595825894887,4.94284942035652e-05,0.927590988916308,3
"21647",4.72153995045449e-05,0.000276847609392698,0.999675936991103,3
"21649",0.0003418789921014,0.00560506364363306,0.994053057364266,3
"21651",0.00362439222636102,0.0190011602558943,0.977374447517745,3
"21653",0.569582862534464,0.00143569032300426,0.428981447142532,1
"21655",7.45605747359288e-06,5.03131663545136e-05,0.999942230776172,3
"21657",0.000283524140881236,0.00444737664142623,0.995269099217693,3
"21659",9.63608425944435e-05,0.00173582275623102,0.998167816401174,3
"21661",0.000509524664189774,0.00260847473128845,0.996882000604522,3
"21663",6.30580136875641e-05,0.00132971208708474,0.998607229899228,3
"21665",0.00108622168217567,0.000594435303744125,0.99831934301408,3
"21667",0.000357713059239695,0.913629600180836,0.0860126867599245,2
"21670",0.00538883998618965,0.75202609988982,0.242585060123991,2
"21672",0.00272746767072329,0.0406826086565061,0.956589923672771,3
"21674",0.000534716126081738,0.999069012060725,0.000396271813193153,2
"21676",6.78615553967886e-05,0.987330141002416,0.0126019974421872,2
"21678",0.962125291582243,0.00504826433916034,0.032826444078597,1
"21680",0.0019690305364429,0.00129580834173517,0.996735161121822,3
"21685",0.00602502827191691,0.972542003764719,0.0214329679633638,2
"21687",0.657755346663083,0.058849012514827,0.28339564082209,1
"21690",0.000220748930552939,0.00125940096856863,0.998519850100878,3
"21707",0.000538920943502562,0.999321693815961,0.000139385240536716,2
"21710",0.931979419363231,0.0663916203679795,0.00162896026878917,1
"21713",0.00126553097742866,0.996235669958527,0.00249879906404464,2
"21718",0.812531226189021,0.162338305211212,0.0251304685997669,1
"21721",0.859841114609173,0.00215216865882949,0.138006716731998,1
"21723",0.0208540835012462,0.979112650036855,3.32664618984146e-05,2
"21726",5.33907032965277e-05,0.999868934214809,7.76750818942075e-05,2
"21729",0.00394891785571204,0.000506534747015532,0.995544547397272,3
"21733",6.03669656518365e-05,0.000183860525226589,0.999755772509122,3
"21735",0.806762482451796,0.139690682349597,0.0535468351986063,1
"21739",0.000583947919359843,0.984833692359067,0.014582359721573,2
"21741",0.00065208928702553,0.995199028902418,0.00414888181055656,2
"21744",0.000414537006453393,0.969131030633541,0.0304544323600051,2
"21746",0.00285202411098464,0.997121655649023,2.63202399926033e-05,2
"21748",0.00839613857564785,0.990599988049031,0.00100387337532072,2
"21750",1.66314704524622e-05,0.00198362618694142,0.997999742342606,3
"21752",0.0025105725242676,0.981597395500905,0.0158920319748272,2
"21755",0.00124676316314777,0.692686373600955,0.306066863235897,2
"21757",0.0115417431474209,0.110090477445787,0.878367779406792,3
"21760",0.721320034035392,0.195328230214067,0.0833517357505416,1
"21762",0.000781576335177703,0.999181356041331,3.70676234910362e-05,2
"21764",2.26340251024631e-05,0.000341008692976585,0.999636357281921,3
"21766",0.00216766357302324,0.997752175818683,8.01606082937514e-05,2
"21768",0.00507178485683846,0.427989983714431,0.56693823142873,3
"21770",0.00135655758694762,0.545494596728705,0.453148845684347,2
"21773",0.0378848142160734,0.962102205755551,1.29800283750884e-05,2
"21775",0.000508688323315165,0.0675172933954788,0.931974018281206,3
"21777",7.47903255665397e-05,0.000520583803569345,0.999404625870864,3
"21779",0.0384944978827855,0.519968327287021,0.441537174830194,2
"21781",0.000522185641440181,0.942785847969861,0.0566919663886985,2
"21784",0.00172512300343431,0.996521536000478,0.00175334099608808,2
"21786",0.000203927732846704,0.241431538247997,0.758364534019157,3
"21789",0.00597560066397072,0.87331226887287,0.12071213046316,2
"21791",0.00438637329223996,0.994364324027065,0.00124930268069534,2
"21794",0.003819835251198,0.0623318549133616,0.933848309835441,3
"21797",0.941414514931334,0.0262701776966898,0.0323153073719756,1
"21800",0.871580353943379,0.128350338804029,6.93072525920309e-05,1
"21802",0.0352497285737647,0.92563137051384,0.0391189009123955,2
"21804",0.997235237255098,3.76986856373413e-05,0.00272706405926511,1
"21806",0.876694648044989,0.00963947742823548,0.113665874526775,1
"21808",0.565792266621978,0.0347694554523068,0.399438277925715,1
"21811",0.784487014541884,0.202240589259146,0.0132723961989695,1
"21815",0.00051841653510371,0.995986475748814,0.0034951077160823,2
"21817",0.972407994836343,0.00964041119108899,0.0179515939725676,1
"21820",0.0749166874740348,0.920354544899639,0.00472876762632654,2
"21822",0.000645133497004616,0.0234021346915286,0.975952731811467,3
"21824",3.42693166478546e-05,0.0302385653625095,0.969727165320843,3
"21826",0.000604323011288968,0.999217289643752,0.000178387344959404,2
"21828",0.000117240995316655,0.492665377972604,0.507217381032079,3
"21830",6.22505115219929e-05,0.0140295089441822,0.985908240544296,3
"21833",6.68449578791486e-05,0.14070300736286,0.85923014767926,3
"21835",6.68449578791486e-05,0.14070300736286,0.85923014767926,3
"21838",0.174838008563756,0.823848355953237,0.00131363548300669,2
"21840",0.00942007903525473,0.990535367439948,4.4553524797198e-05,2
"21842",0.327970059492869,0.669005245547014,0.00302469496011648,2
"21844",0.000105846523408979,0.162433147884992,0.837461005591599,3
"21847",0.00173148628513862,0.964238394246193,0.0340301194686689,2
"21849",0.00127469794806653,0.21425840878842,0.784466893263513,3
"21852",0.104983485330918,0.801650490375592,0.0933660242934904,2
