"","V1","V2","V3","V4","best$classification"
"19811",0.128969994334243,0.079573737496786,0.791456258774165,9.39480590425792e-09,3
"19813",0.970253079509277,1.44259832259896e-11,1.72475877885221e-09,0.029746918751538,1
"19815",0.0444872917854573,0.945226572606922,0.0102861356076212,1.11439662446892e-19,2
"19817",0.0097749471700847,0.404051736551109,0.586173201593574,1.14685231958616e-07,3
"19819",0.949163885133538,0.0508361148664622,1.53769210751974e-45,2.17777706194163e-54,1
"19821",0.601128134217187,0.398846551725679,2.5314057133961e-05,4.20157600285976e-25,1
"19823",0.99937857697824,0.000609209651570014,1.2213370190433e-05,1.26126282533219e-38,1
"19825",0.999999992629759,7.37024118100221e-09,4.22015281374724e-50,3.18180601238765e-157,1
"19827",0.0418165578567463,0.0768904714691041,0.881292970486844,1.87305283288557e-10,3
"19829",0.347851883516855,0.652148116483145,8.08324077347156e-30,9.29719507131268e-31,2
"19831",0.997451411036291,0.00254858896370884,5.41369359592038e-47,1.02941464308432e-46,1
"19833",1,1.68205890623298e-31,1.02227227438166e-47,1.5594803024466e-69,1
"19835",0.601128134217187,0.398846551725679,2.5314057133961e-05,4.20157600285976e-25,1
"19837",0.0182058779706741,0.652968729401283,0.328825382585322,1.00427207845109e-08,2
"19839",0.982545211316243,0.0174547886837568,3.25397422597892e-36,5.75997082675366e-72,1
"19841",0.999988907502735,2.66802104762497e-13,7.7782143821731e-14,1.10924969208322e-05,1
"19843",0.999880054915899,0.000119945084100988,1.39599747269166e-49,2.34730689636381e-28,1
"19845",0.047005736694824,3.18643406476148e-07,0.285689622156836,0.667304322504933,4
"19847",0.28733798139745,0.712662013622685,4.97986566063187e-09,1.71706774444339e-29,2
"19849",0.000906114796221772,7.88742229759419e-16,1.30196971718385e-07,0.999093755006806,4
"19851",0.000189171387512077,0.00208578909319838,0.99772502006639,1.94529000093108e-08,3
"19853",0.599081933993247,7.0233753947303e-09,0.391769772466504,0.00914828651687329,1
"19855",0.151195163543499,0.00788731732115553,0.840917517508031,1.62731481599580e-09,3
"19857",0.153877136438984,0.846122413481619,4.5007939581166e-07,9.91768273435602e-16,2
"19859",0.0987191511602161,0.901267957637024,1.28912027155481e-05,4.43001709417103e-14,2
"19861",0.00117165988503548,6.57977666604647e-05,0.998751840635009,1.07017132947063e-05,3
"19863",0.999956201735152,1.95265021711579e-20,4.92811544644642e-13,4.37982643551719e-05,1
"19865",0.0110881785053174,1.92316464438232e-05,0.227146678426748,0.761745911421491,4
"19867",0.213168454822042,0.556069371850361,0.230762173317164,1.04338203308575e-11,2
"19869",5.59418060171224e-05,4.38419035964977e-13,0.000756015465527044,0.999188042728017,4
"19871",0.0279615920044052,0.970998653425545,0.00103975454101145,2.90384571491702e-11,2
"19874",0.0864928997547257,0.00350909342323107,0.909875996286864,0.000122010535179172,3
"19876",0.000260191834802886,1.78513394387413e-05,0.995554913526989,0.00416704329876974,3
"19878",0.619179168171698,0.380820831828302,1.24907015149396e-27,6.67988016436012e-47,1
"19880",0.00012282967607513,4.35439233798356e-11,0.00312123966452235,0.996755930615859,4
"19882",0.999326517429932,0.000223414618878627,0.000450067765457352,1.85732507187531e-10,1
"19885",0.0154180368613949,0.978578379924242,0.00600135709524423,2.22611911911954e-06,2
"19907",0.742345849572287,0.129641672942973,0.128012471392135,6.09260487684227e-09,1
"19909",0.0383953235725604,0.96160467642744,1.19286804112489e-26,1.47602307291729e-26,2
"19911",0.482863166436462,0.517136833563538,9.64496319117222e-30,1.28032673025829e-34,2
"19913",0.00114331599298366,1.79996361328003e-14,1.5990610140823e-07,0.998856524100897,4
"19915",0.000117700546661676,0.000126275755786154,0.99970149641094,5.45272866125092e-05,3
"19917",0.974703313416295,0.0251879581912276,0.000108728392473389,4.16576396906031e-15,1
"19919",0.0439937653401609,0.526893125242569,0.429112860023962,2.49393307778102e-07,2
"19921",0.00165988566643835,0.0400001490294346,0.958338787346308,1.17795781910304e-06,3
"19923",0.599108012429743,0.400891987570246,1.12222404212371e-14,5.86926480439199e-30,1
"19925",0.0139970096421437,0.00251498341053396,0.983057964431876,0.000430042515446807,3
"19927",0.00224232358060946,0.0430423999268517,0.954715276486561,5.97758327867605e-12,3
"19929",0.0429747512180789,1.42554402505195e-20,3.50338521783292e-09,0.957025245278536,4
"19931",0.0110285220675504,0.270284501760813,0.71868697612698,4.46573496480034e-11,3
"19933",0.0127810387121563,0.987218961287826,1.73901617366403e-14,7.93192185073316e-20,2
"19935",0.0794651052322391,0.920534876596516,1.81709790443248e-08,2.65473581571081e-13,2
"19937",0.00436322596081151,0.0646604061237716,0.930976366980202,9.35214811444172e-10,3
"19939",0.0493262100942524,0.950286023128391,0.000387766777356699,1.82471923454257e-16,2
"19941",0.96271896734088,0.0372810326591204,9.53365803554703e-29,1.21348235303596e-30,1
"19943",0.00227629751458797,2.59508699126969e-08,0.0226345457182139,0.975089130816328,4
"19945",0.0234348380490877,0.976565161950912,6.03992916279895e-21,1.97273835156414e-31,2
"19947",0.999998082391254,1.91760874644326e-06,2.66417334013609e-24,2.8985075544627e-37,1
"19949",0.110846085728406,0.889153914271593,1.85078095052811e-15,4.4488392864627e-28,2
"19951",0.407959106831806,0.592026501434444,1.4391733750091e-05,4.64957966850588e-20,2
"19953",0.999232051669354,0.000767948330646278,6.333933786893e-33,9.45975975137381e-36,1
"19955",0.876977950522453,0.123022049477547,1.36413273663453e-42,6.20975905658641e-57,1
"19957",0.999692585810887,0.000307414188549694,5.62711428004902e-13,1.60232895459224e-28,1
"19960",0.408319103144472,0.591680896855528,8.1867499188006e-35,2.12099529816681e-35,2
"19963",1,2.88410981530182e-23,1.3079202040286e-29,4.35465467035318e-53,1
"19965",0.381402178396699,0.618597821603301,5.02512578772979e-51,7.99769251343752e-104,2
"19968",0.999972725709878,2.72708021949159e-05,3.48792686188725e-09,5.97721373339378e-16,1
"19971",1,1.00094467133819e-16,1.04001625540003e-26,2.53109069131436e-23,1
"19973",0.000742948773389614,0.0315097691899263,0.96774423766488,3.04437180432309e-06,3
"19975",0.131546869677032,0.0149277652293726,0.789253438637107,0.0642719264564879,3
"19977",0.999999999994076,5.92422981936609e-12,2.13349883646099e-19,1.48024574881223e-20,1
"19979",0.117163464626018,0.882836535373982,1.51556555975709e-52,5.91297086174035e-19,2
"19981",0.0244231680412179,0.975576825839615,6.11916720787255e-09,4.85338609316528e-27,2
"19983",0.0215536932039552,0.978446305839747,9.56298231871617e-10,2.71074782011768e-21,2
"19985",0.00704613925885875,0.00057071091942495,0.985578544061452,0.00680460576026475,3
"19987",0.0329741665131657,0.967025833053191,4.33643836775715e-10,1.20574135006443e-33,2
"19989",0.0500042095445613,0.949995790455439,1.55143182311227e-45,8.52529111635428e-28,2
"19993",0.0357214221569454,0.964278577842963,9.13590600276222e-14,8.21375709413482e-21,2
"19995",0.0620965331554199,0.93790346684458,3.06830225049498e-18,4.37775398973176e-21,2
"19997",0.025726108481506,0.20770631073428,0.766567580783468,7.45983189052822e-13,3
"19999",0.000100496432075586,3.93081509468213e-05,0.994530982842523,0.00532921257445431,3
"20002",1,3.43758017277414e-19,3.55605541108241e-24,1.08638055135713e-33,1
"20004",0.156428670540852,0.843571329459148,3.33555638771124e-23,1.61172212763747e-44,2
"20006",0.987181572597118,0.0128184274028824,4.0992742120816e-37,6.50966380647276e-58,1
"20008",0.932199410754749,0.0678005892452507,4.04400472882323e-34,7.92460168115263e-58,1
"20010",0.0792293549507035,0.920770645049297,1.91205876420139e-25,2.9110440001514e-29,2
"20012",0.999578919189462,0.000408430028889402,1.26507816489234e-05,7.55167243050452e-18,1
"20015",0.0488382100620766,0.951161789937923,1.90709650204225e-46,4.7970103267584e-17,2
"20017",0.0137139830184232,0.0139094780688057,0.972339338891428,3.72000213435355e-05,3
"20019",0.239580821389732,0.760419178610268,3.20237730728549e-65,5.27081306475701e-35,2
"20022",0.0274631045412807,0.972536895458719,2.3972365495642e-29,1.20869437490184e-25,2
"20024",0.999999706138585,2.93861414620009e-07,7.65481986630299e-65,7.17320782447002e-102,1
"20026",0.999999706138585,2.93861414620009e-07,7.65481986630299e-65,7.17320782447002e-102,1
"20028",0.00144834416122049,0.000404154700176309,0.998147476843184,2.42954187914013e-08,3
"20030",0.58075642627049,0.41924357372951,1.32794402826901e-40,2.65772780722588e-25,1
"20033",0.11831423046802,0.881644706374744,4.10631572355549e-05,8.58046636174282e-37,2
"20035",0.338905289587207,0.661094710412793,6.67001790842262e-62,6.95007702375874e-40,2
"20037",0.0811046494991162,0.918895350500884,1.56017597729294e-59,3.28781824089116e-35,2
"20039",1,4.51370564545371e-16,1.6227967284417e-43,4.20942074400468e-32,1
"20041",0.315380150634275,0.684619849365725,6.01451281215697e-23,7.35626071033489e-54,2
"20044",0.907201311263856,0.0927986887361437,1.71990084859005e-23,6.34400037348326e-56,1
"20047",0.964245308631964,0.0357546913680364,9.31913709231341e-67,3.22507103530103e-27,1
"20050",0.770216929762503,0.229783070237497,8.87758392324021e-21,6.68122948490796e-28,1
"20052",0.0494311585645208,0.95056872877248,1.12662999460245e-07,4.43425596806923e-27,2
"20054",0.0617248210830139,0.938275178916986,1.75394600846367e-34,7.00172404854453e-20,2
"20056",0.999775862531904,0.000224118104381931,1.93637144090248e-08,3.89922769436987e-23,1
"20058",0.0585656479878333,0.941434352012167,1.11920882512584e-47,8.94901460773381e-27,2
"20060",0.0354012931844917,0.964593938177918,4.768637590244e-06,2.39820958444524e-39,2
"20062",0.0208508373819705,0.979148534219226,6.28398803415663e-07,1.30525384088318e-25,2
"20064",0.0190733083107646,0.980926691689235,2.18980306716834e-20,4.03980692992462e-16,2
"20066",0.894660394826086,0.105339605173915,3.19531487915423e-51,4.45120007911464e-22,1
"20068",0.043037856182309,0.457010924595336,0.499951218555784,6.66570967406111e-10,3
"20070",0.480080039955376,0.518582483898259,0.00133747614636479,1.9775957505555e-28,2
"20072",0.736015630350062,0.263984369649938,1.20823522125996e-39,2.36099659106572e-51,1
"20074",0.0372477914011164,4.70386378352545e-17,2.23634964079521e-08,0.962752186235387,4
"20076",0.999584836468716,0.000415163525453807,5.83002124019189e-12,8.21165544998686e-21,1
"20078",0.0305102361541477,0.969489763845852,5.66492467960473e-29,2.39687619167043e-45,2
"20080",0.0248894834953594,0.975110516504641,1.79270431518867e-52,1.21450018295756e-20,2
"20082",0.999999919103965,8.08960352738863e-08,2.49657396213109e-33,8.56365431923439e-29,1
"20084",0.50540728158127,0.49459271841873,1.69614911560461e-28,4.65198421461374e-36,1
"20087",0.035012688937203,0.964987311062797,2.58019864617801e-28,1.38084844865097e-37,2
"20090",0.0997533633832448,0.900246636616755,1.14568544595058e-44,1.03882421414301e-25,2
"20092",0.999990136793196,9.86320680426236e-06,2.15500065787568e-23,2.77813923827241e-59,1
"20096",0.997990867415952,0.00200913258404767,7.13614668190279e-22,2.04049091361014e-57,1
"20098",0.107697602078701,0.774219899617164,0.118082498304135,1.46733268051442e-19,2
"20101",0.132122217004332,0.867877782995668,9.36260106017734e-42,5.5160248292462e-57,2
"20104",0.999999999999999,1.4359494116439e-15,8.29042444166211e-19,1.59225009097979e-55,1
"20106",0.0228949712390866,0.977105028760661,3.07424506014736e-30,2.52609252715484e-13,2
"20108",0.0493017563033906,0.572475349894035,0.378222893802486,8.80163792080855e-14,2
"20110",0.985027962609949,0.0149720373594251,3.06260369894847e-11,6.79621867156135e-26,1
"20112",0.0473487647038305,0.95265123529617,2.54788708510108e-29,2.46527437810946e-59,2
"20114",0.242972319653499,0.757027680346501,6.69020560017313e-20,9.76130424031018e-21,2
"20116",0.315922283803663,0.684077716196337,5.31952330124563e-25,4.83958959512373e-21,2
"20118",0.0264451014434531,0.97355489179485,6.76169730531429e-09,4.9012063655753e-23,2
"20120",0.115070325295004,0.884929674704996,1.89572887980561e-25,5.04968897893989e-28,2
"20122",0.972602973076884,7.254297851183e-05,0.00573817074452048,0.0215863132000838,1
"20124",0.261556705811153,0.738443294188847,6.83066896984077e-58,3.66496050104937e-82,2
"20126",0.999999999999997,2.90814511640499e-15,6.06667583738831e-54,1.02445338185644e-58,1
"20128",0.999999999818779,1.81221389043897e-10,4.25903618270797e-76,1.97460952602675e-53,1
"20141",0.999999227865848,5.21833041456111e-08,7.19950847997323e-07,3.48760251510788e-18,1
"20143",4.04961357270232e-06,4.54319920886334e-19,7.3778044296793e-09,0.999995943008623,4
"20145",0.0286974995886558,0.971302500411344,1.20370714384201e-23,2.76351628065891e-16,2
"20147",0.0152728862007101,0.98472711379929,2.26671870795267e-31,2.21720984350218e-31,2
"20149",0.99530246324907,9.61990034595131e-07,0.00469630252649481,2.72234400361175e-07,1
"20151",0.00378664988387414,0.0877626043449525,0.908450745282557,4.88615958207197e-10,3
"20153",0.281314659248974,0.0183460439864983,0.700339291954258,4.81027011899534e-09,3
"20155",0.0146308587140042,0.985369141285996,1.35815959247597e-40,4.09972995777726e-34,2
"20157",0.604520984844847,0.390058452157767,0.0054205629973855,3.44052932019161e-30,1
"20160",4.4818682215294e-05,3.24167040287084e-15,4.20839768158778e-07,0.999954760478013,4
"20162",0.000242518072539132,3.24878879617379e-09,0.0453932590753603,0.954364219603312,4
"20164",0.990447225975442,0.0094808401247281,7.19338989207512e-05,9.09194078142777e-13,1
"20166",0.99902284921653,0.000977150783468802,2.74137215139618e-42,1.14491594091655e-15,1
"20168",0.999999999999996,3.59263899772236e-15,8.4900793306294e-35,1.68170415164087e-17,1
"20170",0.0038453789839553,0.009561237870026,0.986591868593436,1.51455258264378e-06,3
"20172",0.0162218608394346,0.983778139160565,2.83786816584881e-28,4.01790667196961e-16,2
"20174",0.0655917398421263,1.54636169418979e-05,0.929560984327151,0.00483181221378065,3
"20176",0.999999999834967,1.65033406708859e-10,7.77045032624769e-29,6.08799787267407e-85,1
"20178",4.30132283862822e-06,2.9054731596306e-17,8.05705232207639e-09,0.999995690620109,4
"20181",0.69852512624197,0.301474873758026,1.00608885364467e-35,3.98710174585348e-15,1
"20183",0.0511040743525234,0.948173521741559,0.000722403905916645,1.59523709113997e-15,2
"20186",0.614309936871934,0.385642564824626,4.74980838123809e-05,2.19627876605361e-10,1
"20188",0.569247015405341,2.84213862089782e-08,0.198237882709683,0.23251507346359,1
"20190",0.017579694464049,0.982420305535951,7.10917699206021e-45,3.1492291551485e-19,2
"20193",0.999999999999317,6.83045784672085e-13,4.94264320208797e-26,5.32687651584244e-50,1
"20195",0.413607665798399,0.586385961658462,6.37254313899801e-06,3.34381729368161e-35,2
"20197",0.0215686987399392,0.978431301260061,8.14982600678724e-35,6.06492920374603e-55,2
"20199",0.0199649282168721,0.000193074711184831,0.979011005482619,0.000830991589324563,3
"20205",0.999999999519799,4.80200513724161e-10,4.58868678277116e-28,4.03067386436375e-56,1
"20208",0.0506766552026458,0.949323163737101,1.81060253291175e-07,1.74908401140064e-40,2
"20210",0.00163770576698199,1.44358930680591e-06,0.937782093982855,0.0605787566608567,3
"20212",0.838550871839024,0.156916075939736,0.00453305222124029,8.64572976496691e-23,1
"20216",0.0184082331767138,0.981591766823286,3.79283867482114e-33,3.24463814519654e-39,2
"20219",0.618237162646196,0.381762837353804,2.60375178055674e-28,5.8786042845015e-40,1
"20223",0.999939328595771,6.06714042291898e-05,1.57621283717031e-55,2.0385945999276e-31,1
"20226",0.0608819988544282,0.939118001142899,2.67238096859247e-12,5.4409884252041e-24,2
"20230",0.0375049927764446,0.962495007223555,2.33491427621345e-51,4.31154189705318e-37,2
"20233",0.999999999999986,1.48000245282605e-19,1.41537533420627e-14,4.56094328268276e-31,1
"20235",0.999121346749635,0.00087865325036526,9.46137232329415e-56,1.22925770419567e-122,1
"20239",0.510466018958731,0.489533981041268,4.78453815315785e-36,1.00762277918373e-40,1
"20254",0.999999726067583,2.73932417257976e-07,2.0578053306935e-38,3.33091298907732e-23,1
"20256",0.0292004964480372,0.970799503551963,2.51072701033352e-47,1.07016953781237e-44,2
"20262",0.000484546377691308,0.00150170703345109,0.997710842980636,0.000302903608221535,3
"20270",0.908347490800483,0.0916525091995166,3.39430339253463e-27,1.00877709045133e-36,1
"20284",0.947924234772098,0.0520757651406317,8.72701407300401e-11,1.91821730629467e-48,1
"20287",0.351378657460949,0.648621342539051,4.96920024056496e-63,6.35617417081842e-25,2
"20290",0.999981445785019,1.8554214981211e-05,3.97984605970016e-17,4.71202787403709e-37,1
"20293",0.0164814123725192,0.983518587627481,1.79158263461796e-22,1.55393542475639e-26,2
"20296",0.818200282296249,0.181778344526586,2.11772524031018e-05,1.95924761361829e-07,1
"20301",0.998729429434518,0.00127057056548149,4.97609996593994e-62,3.42875701526346e-27,1
"20304",0.999999778017936,2.21982064286828e-07,6.06523209803076e-31,3.97812664004402e-24,1
"20306",0.110347136943838,0.889652863056162,3.20988803719914e-49,2.6671706900872e-39,2
"20309",0.0230565342880908,0.976943465711909,2.84558072299221e-21,1.13830594253797e-53,2
"20311",0.125209311458606,0.874790688541394,2.1261011116243e-36,1.73686807315281e-45,2
"20314",0.0156841794438733,0.68241290122349,0.301902918295089,1.03754742251789e-09,2
"20318",0.999999998904954,1.08832340618417e-09,6.72212751111649e-12,3.79611967159067e-23,1
"20320",0.896347456707067,0.103652542635053,6.57880616553282e-10,3.16665906003257e-25,1
"20326",0.0494939543003847,0.950438832959083,6.72127405325681e-05,1.1566962167877e-33,2
"20328",0.395036414330799,0.571519561883373,0.033444023784757,1.07048377493796e-12,2
"20330",0.309335130510583,0.690664869489417,2.8610856755841e-42,7.28869167568944e-54,2
"20336",0.989337561316134,0.0106624386818082,2.05816297288752e-12,3.9091069890498e-22,1
"20338",0.999851290939572,0.000148709060428216,4.919982053373e-34,6.84131431034653e-104,1
"20340",0.495347033796016,0.504652966203984,3.84404319924411e-56,1.38287572680016e-25,2
"20342",1,2.14142240306525e-20,2.71231138529713e-42,5.31281526478369e-63,1
"20344",0.0250697823126742,0.974930217687326,9.22836972886662e-35,2.75368776497593e-51,2
"20349",0.0268839665712726,0.973116033428728,7.30158421200115e-46,1.78815982055568e-28,2
"20351",0.0522890710647936,0.947710928935206,2.88443648502996e-24,6.13962629634502e-37,2
"20353",0.21259782237766,0.78740217762234,1.06497190826313e-39,8.25390298272612e-61,2
"20357",0.999999908115961,9.18840391825528e-08,3.44828968738431e-32,1.54673632480836e-36,1
"20360",0.999999999999701,2.98650907362715e-13,6.91045475102364e-51,1.8353529495214e-107,1
"20364",0.0252620865170015,0.974737913482998,8.36399510519751e-21,1.38773414841749e-19,2
"20366",0.999997352723656,2.6472763122399e-06,3.17947466369857e-14,1.51210312145857e-32,1
"20381",0.999999999999978,2.20388169816949e-14,8.98158359301387e-18,4.10882527535219e-45,1
"20391",0.99972758537451,0.000272414625490365,3.55105034698097e-21,9.1531813590966e-18,1
"20394",0.148381338767657,0.85148810179914,0.000130559433202845,5.25796606072413e-16,2
"20396",0.0041127355385525,2.47073229711918e-08,0.0538899088411204,0.941997330913004,4
"20409",0.171652958433568,0.82834704156643,1.40007784245513e-15,5.51010615896895e-26,2
"20411",0.22315482036528,0.77684517963472,6.53822279682889e-40,2.18409062693722e-53,2
"20416",0.999999996906578,3.09342216559243e-09,6.36825801693213e-63,5.47366236732222e-28,1
"20418",0.000634394208147555,1.23028326813151e-10,0.0104101023005742,0.98895550336825,4
"20420",0.999999999674647,2.63985900555468e-13,3.25089047214682e-10,7.16282825484475e-23,1
"20422",0.0590704936478575,0.940929506352143,1.07585972170316e-41,2.03483548382305e-61,2
"20424",0.0749225800151993,0.925077419984801,5.11168220615406e-39,2.24037082879084e-29,2
"20426",0.99999999999992,4.73828279188878e-22,9.94777910297927e-20,8.02248928460737e-14,1
"20428",0.0500688992465652,0.949931100753435,1.59456470829183e-25,2.3107988218518e-50,2
"20431",0.382493984355686,0.617506015635671,8.64392903490906e-12,3.96548691714792e-39,2
"20433",0.99323417071853,0.0067658292814701,4.62338563705025e-57,2.58693883803306e-35,1
"20436",0.999999998940315,1.05968512557743e-09,1.23533220591685e-36,4.35111037550597e-64,1
"20439",0.0615959233557206,5.28847894219094e-06,0.93758244046116,0.000816347704177346,3
"20441",0.999999224116145,7.75883855175378e-07,3.42206571589922e-26,7.96501854649375e-44,1
"20444",3.09905885098166e-06,5.32191646272167e-15,8.50176541303624e-06,0.999988399175731,4
"20448",0.99770590128291,0.00229409871708942,9.27140274961157e-17,5.87293555398543e-81,1
"20536",0.549058179778875,0.0242067315131323,0.388860066081766,0.0378750226262265,1
"20538",0.996533653851838,0.00346634614816211,1.50273801269581e-20,1.44049344636308e-29,1
"20541",0.24287639083619,0.75712360916381,4.51143763794749e-51,6.45948818931951e-29,2
"20544",0.028030373334662,0.971969626665152,1.85579540641729e-13,1.74274847170652e-34,2
"20546",0.0337493585945643,0.966250641405436,1.64181787832972e-32,1.14927147100649e-25,2
"20550",0.245012608614461,0.754987391385539,3.3560452256455e-23,9.98798371210444e-45,2
"20553",1,1.46228127638575e-19,3.76010728649087e-71,3.73240142446842e-23,1
"20555",0.999999999995385,6.76675453527219e-15,4.60823064352458e-12,1.69157303212057e-19,1
"20557",0.287658799278797,0.712341200721203,1.46862231082686e-16,9.88934026830469e-45,2
"20559",0.0162275528922906,0.983772447107709,1.1696238281779e-33,5.73459110650399e-16,2
"20561",0.125380067645193,0.620940987391409,0.25367893582805,9.13534773317493e-09,2
"20564",4.30132283862822e-06,2.9054731596306e-17,8.05705232207639e-09,0.999995690620109,4
"20566",0.0588740661573775,0.941125933842622,2.5831742803658e-18,2.23409411842843e-16,2
"20569",0.00191683120947048,0.000782726637079893,0.997300416908929,2.52445203711114e-08,3
"20572",0.0369184613568382,3.54776178030803e-05,0.963046045261393,1.57639661184804e-08,3
"20574",0.025310617442505,0.974689382557495,4.20855708981084e-39,6.22454380132377e-47,2
"20576",0.0590833918369102,2.16918514986578e-08,0.000230769635766004,0.940685816835472,4
"20578",0.018633254184537,0.981366745815463,6.69789900503444e-18,1.05327359978651e-22,2
"20580",0.0194659767529857,0.980534023247014,1.1578040595962e-16,5.08197894747745e-21,2
"20583",0.00725571758627184,2.00628633440338e-10,1.15817348243274e-05,0.992732700478275,4
"20586",0.0208979677353259,0.979102032264674,3.60156776624379e-21,7.9979690672058e-34,2
"20589",0.0169995432964324,0.983000456703568,1.54330131088915e-47,2.41790120917781e-36,2
"20591",0.994470773526243,0.00552922593465138,5.39105057238771e-10,6.06582327821952e-33,1
"20593",0.341261850775703,0.658738149224297,1.9337761815879e-67,8.81989400429027e-32,2
"20595",0.0141962587450523,0.985803741254948,8.1960611793222e-30,4.89004189778021e-39,2
"20597",3.75676852931359e-05,3.57540734874434e-15,6.02214873187919e-06,0.999956410165971,4
"20599",0.000352316677217515,3.24457907811226e-14,5.31636139114205e-07,0.999647151686611,4
"20601",0.021615220301918,0.90803411702551,0.0703506602630995,2.40947291742365e-09,2
"20604",0.0286098233856472,0.971390176614353,2.19797088899754e-48,5.20487484560248e-20,2
"20606",0.0165970192053839,0.983402980794616,3.12717361411918e-50,2.87153306326764e-25,2
"20608",0.0257839734329576,0.974216026567043,1.36216176503288e-36,6.39326768665007e-35,2
"20610",0.999863478335566,4.3246445177084e-05,9.32752191772197e-05,7.98855331444482e-14,1
"20612",1,1.37298313529749e-19,6.28122616933249e-46,1.78538174120096e-32,1
"20614",0.00712447811674354,6.39106434941009e-06,0.8548390316457,0.138030099173208,3
"20616",0.1019776203786,0.898022379621389,1.08863419443981e-14,1.53887047250904e-79,2
"20618",0.999999896855631,1.03144369160957e-07,8.06499487215621e-21,5.4080443872204e-43,1
"20620",0.599396738908587,0.400603261091413,5.34062254578122e-38,1.58164448056756e-51,1
"20622",0.194969371084103,1.11500895510122e-05,0.0117582804142907,0.793261198412056,4
"20624",0.278800601272565,0.721199398727435,6.40373122679843e-42,5.52044267713885e-69,2
"20626",0.970363759016408,0.0296362409835921,1.28168476960871e-30,9.60352545488259e-83,1
"20628",0.938966403884544,0.0610335961154558,8.81293554517916e-24,6.95563289953991e-72,1
"20630",0.0484206291702787,0.951579370829721,2.46973626727229e-21,8.99165763581114e-26,2
"20632",0.000199724228784505,5.42525113153802e-11,0.00308677979108089,0.996713495925882,4
"20634",0.0138542213237847,0.986145778676215,9.19838328522548e-48,4.05706224132285e-29,2
"20637",0.99998449067053,1.55093294699184e-05,2.42304311387741e-29,1.96372218614887e-25,1
"20639",4.42221157765362e-06,8.83821379486077e-07,0.999793212688704,0.000201481278338511,3
"20644",1,2.53683435383952e-19,7.67478963381416e-84,6.83781071206231e-50,1
"20646",0.999999957360261,4.26397392319553e-08,2.32472478659301e-62,5.88348118771428e-106,1
"20648",0.00015850485599504,0.00306019666546585,0.996780485857336,8.12621203641985e-07,3
"20650",0.994287422384594,0.00571257761540629,1.22171732487727e-44,4.38016966363324e-39,1
"20653",0.881573258142184,0.118426741857627,1.88375195048443e-13,3.26242567312688e-69,1
"20658",0.16402576334113,0.83597423665887,6.36582185525041e-41,2.49059381659314e-20,2
"20661",0.999999995291343,4.70865691326558e-09,2.9135007324664e-29,4.79294345444213e-37,1
"20663",0.0170983229800932,0.982901677019641,1.48971639015762e-13,1.16910965409726e-13,2
"20665",0.0335057785647396,4.08131326525738e-12,2.87853605067252e-08,0.966494192645819,4
"20667",0.773315417464542,0.226684582535458,2.21331653999182e-22,2.84426066696975e-93,1
"20669",0.168803498241261,1.45400318382692e-09,0.0234649643080893,0.807731535996647,4
"20671",0.873828631949739,0.126171368050261,1.20733776588624e-23,6.92188986828654e-22,1
"20673",8.55238888601099e-05,1.95345558141736e-15,5.37084855608923e-06,0.999909105262582,4
"20675",0.641344253915887,0.358061194762219,0.00059455099867459,3.23219261918912e-10,1
"20677",0.0253764857201814,0.974623514279819,5.24813135342495e-17,1.528848620143e-32,2
"20679",0.0354246377209458,3.54464826429693e-10,0.00313415458939776,0.961441207335191,4
"20681",0.00130434141994382,0.000221253377192654,0.994929463723677,0.00354494147918677,3
"20683",0.0568634293539605,0.943136570646034,5.23130579534647e-15,5.54460932866247e-25,2
"20685",0.999999999999891,3.10016644914031e-14,7.77399765456189e-14,1.22344266794866e-32,1
"20687",0.000125489913641469,7.16893255293519e-06,0.993156891903304,0.00671044925050159,3
"20689",1,5.89435544315079e-18,3.77822657671954e-67,2.02910475897561e-68,1
"20691",7.04880629083639e-06,5.7170895788609e-13,8.70499588536113e-05,0.999905901234284,4
"20693",0.133660924121665,0.866339075878335,3.53452901739839e-52,1.65652869679245e-34,2
"20695",0.0499904157244446,0.761337999149833,0.188671585125723,4.78917648616584e-23,2
"20697",0.0279014779475392,0.972098522052457,2.62659405006147e-36,3.35495120461718e-15,2
"20699",0.0361339098145413,0.963866090155907,2.95298792238618e-11,2.14089961331767e-14,2
"20701",0.0296123141352822,0.970387685864718,4.85026907200477e-25,1.66663459602722e-55,2
"20703",1,5.22570018635896e-18,2.68459547907295e-16,7.28544599169204e-29,1
"20705",0.0423730541883439,0.957626945811656,1.56076449992698e-35,1.00155701322492e-40,2
"20707",0.0307927236951231,0.913780218036902,0.0554270573838445,8.84130571481545e-10,2
"20709",0.896263549789976,0.103736450209568,4.56403975858289e-13,8.6202051548537e-26,1
"20713",0.999984560739628,1.54331033226197e-05,6.15704903904885e-09,8.13204548183671e-24,1
"20715",0.999999999997212,2.78830379073727e-12,4.29050832169635e-50,2.32426863703817e-18,1
"20717",8.92590262950711e-05,0.0009130782374732,0.998997661422924,1.31330752378951e-09,3
"20720",0.0437802568073261,0.956219743192674,1.0222394886718e-42,8.49685640957002e-138,2
"20722",0.0360785680042066,0.963921431995731,2.99417320852516e-22,6.29358645358224e-14,2
"20724",0.000355253671759898,0.00174778813057591,0.997771993889418,0.000124964308246708,3
"20726",0.0843650669734522,0.915634933026548,2.52483450081097e-54,3.67885078582757e-44,2
"20728",0.000341257616234576,0.00019237735454534,0.999439498511788,2.68665174319462e-05,3
"20730",0.0402842007812593,0.388353263099402,0.571361944211542,5.91907797583654e-07,3
"20732",0.998718713970661,0.00128128602933847,2.84846355378054e-29,6.738363547173e-55,1
"20734",0.0312025111394204,0.968797488860028,5.51837288053794e-13,1.78286458197257e-19,2
"20736",0.000249567322919563,7.46854504620831e-05,0.99963223100289,4.35162237289383e-05,3
"20738",0.999999999975544,2.44565949463345e-11,3.2687275921884e-52,5.36941671204731e-139,1
"20740",0.995529048771528,0.00447095122847164,6.24945281879309e-21,2.1562411294509e-20,1
"20742",0.0999838105879883,0.0137318333543782,0.886284356057633,7.13028344219083e-16,3
"20744",0.00289697706445299,1.83456284921534e-08,0.0441295051723642,0.952973499417554,4
"20746",0.0139688449464229,0.98603083205822,3.22994743598556e-07,6.13015623402875e-13,2
"20748",0.000325684967173878,0.000364953465625334,0.999309325419089,3.61481116145089e-08,3
"20750",0.172785607405665,0.531802368364775,0.295315286306374,9.67379231861359e-05,2
"20752",0.0249516238731265,0.975048376126873,1.13698564578134e-23,1.42353667793601e-20,2
"20754",0.00183410813658,2.01606596769535e-13,2.33040390473296e-06,0.998163561459314,4
"20756",0.0570926423477362,0.942907356162902,1.48935885104177e-09,3.36108892854839e-15,2
"20758",0.999999303284872,6.96715128174747e-07,7.87993789443115e-23,3.6767254274474e-26,1
"20760",0.000692005489548983,0.000270523111528594,0.998896914981808,0.000140556417114713,3
"20762",0.000164124321726149,1.22039857152549e-13,1.80252097187088e-05,0.999817850468433,4
"20764",0.195025798485096,7.26001559435029e-05,0.804753250301909,0.000148351057051215,3
"20766",0.000161797151152053,0.000479884413308368,0.999348509841272,9.80859426734523e-06,3
"20768",0.0939848979609989,0.318794716157709,0.587199762224495,2.06236567974644e-05,3
"20770",0.985421174634913,0.0145787810836019,4.42814852953052e-08,5.09958990691441e-17,1
"20772",0.0221198651853748,0.977880134814625,2.19657941398585e-46,1.39910478533922e-20,2
"20774",0.999981715990075,1.82840099249889e-05,1.2040151415769e-72,1.6241805659991e-46,1
"20776",0.0967205951291808,0.411361926257478,0.491917478110174,5.03166560454371e-10,3
"20778",0.999999999574152,4.25847594575966e-10,1.34481055518938e-73,4.11070586123733e-40,1
"20780",0.999999999997875,4.16006522933723e-16,2.12445565482657e-12,4.46659102401188e-21,1
"20782",0.999992452419884,5.70728503126728e-13,7.54734561329023e-06,2.33932131883534e-10,1
"20784",0.109921823705913,1.88720331704865e-09,0.0145829735658636,0.875495200841021,4
"20786",0.999999362013687,5.31583301895044e-14,6.35446137722945e-07,2.540121689099e-09,1
"20788",0.0256520505807224,0.968034650289646,0.00631329603606981,3.09356186046072e-09,2
"20790",0.507172572333999,0.00318145653953193,0.489645971126466,3.68210065760789e-15,1
"20792",0.276368748843498,0.723631231759443,1.93970590181025e-08,9.3311464193525e-20,2
"20794",0.031159716487659,1.95569692993799e-05,0.968804823319193,1.5903223848301e-05,3
"20796",0.0180476996318618,0.981952300368138,5.33741762992502e-39,3.35158541304859e-26,2
"20798",4.30132283862822e-06,2.9054731596306e-17,8.05705232207639e-09,0.999995690620109,4
"20801",0.999997017946984,2.93593198084538e-06,4.61210350293357e-08,2.30799357022686e-21,1
"20803",0.0605069524573119,0.93949276242923,2.85113452465668e-07,5.19811732902161e-15,2
"20805",0.0306547333643391,0.969345266635468,1.92607425187172e-13,3.45537202990794e-23,2
"20807",4.30132283862822e-06,2.9054731596306e-17,8.05705232207639e-09,0.999995690620109,4
"20809",0.962636784296428,0.037361584194592,1.63150898013271e-06,1.94291981790795e-25,1
"20811",0.999893978904597,0.000106021095403,2.88657042571668e-22,4.96443430893292e-93,1
"20813",0.48387273782751,0.51612726217249,1.54512825940641e-23,1.68733546931958e-63,2
"20815",0.000119986741338796,5.83854520067453e-23,1.16298464704348e-10,0.999880013142363,4
"20817",0.000450366835150811,0.00458739336695653,0.994961956647828,2.8315006443668e-07,3
"20819",0.0360386142756861,0.963961385564476,1.59776587030241e-10,6.18124151962941e-14,2
"20821",0.999999999996615,3.38482985317813e-12,1.47886501447577e-47,1.26809334965678e-43,1
"20823",0.0211048893037426,0.978895110681484,1.47733241308194e-11,1.63591722066156e-24,2
"20825",0.000165447515014765,0.000281726284237356,0.99858608924349,0.000966736957258482,3
"20827",0.968135291119171,0.0295646380816961,0.00230007078360271,1.55298375534635e-11,1
"20829",0.631656382963302,0.368343617036698,2.68500589473791e-52,8.74833005261274e-109,1
"20831",0.000329370044448839,0.000891268327413904,0.998779346986532,1.46416050915147e-08,3
"20833",5.47905044124299e-05,7.40678535556257e-21,1.12431988837743e-09,0.999945208371268,4
"20835",0.00074878241773005,0.00227356850058994,0.99697281482065,4.83426103045599e-06,3
"20837",0.00137616808838662,0.0216217157508204,0.97700211605859,1.02203250159921e-10,3
"20839",0.00043041252890344,0.0028803533542567,0.996689139239203,9.48776370672074e-08,3
"20841",0.889357852988147,0.110642147011853,5.49099049716993e-25,1.58065912336655e-49,1
"20843",0.0379432956073398,0.829984741688753,0.132071956050555,6.65335188513545e-09,2
"20845",0.776991961045894,0.223007823869573,2.15084532323309e-07,2.55943993536768e-24,1
"20847",0.0332857584738478,0.966714241526152,1.69655822989961e-22,8.24453354161665e-64,2
"20849",0.050722227147529,0.949277772852471,3.00528834300645e-17,1.50201080491639e-34,2
"20851",0.0214015429148008,0.978598457085199,6.69943817493071e-19,4.89787430719284e-39,2
"20853",0.480840975660243,0.519159024339757,5.22057392684219e-28,4.2122583429707e-31,2
"20855",0.483732622288958,0.516267377711042,1.69698060323681e-48,9.1348774350571e-137,2
"20857",0.0405558271338436,0.959444172866113,4.36493830749708e-14,1.83063278461514e-17,2
"20859",0.012703602790502,0.987296397209498,1.07165293795565e-25,4.04588920092415e-38,2
"20861",0.999999999670399,3.28256073103496e-10,1.34478450799244e-12,4.69859071250668e-32,1
"20863",0.000699487135135751,0.000202046632409264,0.999098465371698,8.60756775517172e-10,3
"20865",0.371012911931418,0.097405962231811,0.531580508995967,6.16840803860848e-07,3
"20867",0.998942646165768,0.00105735383423164,7.29775569360993e-74,9.44850855319823e-31,1
"20869",0.130311850610018,0.1601395057416,0.709548291141887,3.5250649511094e-07,3
"20871",0.994592943523559,0.00540705647644142,2.02394641008006e-47,9.4912655929445e-28,1
"20873",0.495325803290725,0.504674196709275,2.24157050910801e-43,2.91597960523593e-25,2
"20875",0.0389614314453969,0.961038568554603,6.69862611005107e-31,2.98206085441246e-52,2
"20878",0.999999999999446,4.39239197921947e-19,5.54279977112049e-13,6.1394233241894e-32,1
"20880",0.026546657845258,2.6038800305418e-18,2.83081904326423e-09,0.973453339323923,4
"20882",0.13644119464885,0.863558805351149,9.5005064851268e-47,1.28809473756804e-55,2
"20884",0.00013585903495134,0.00207992563593215,0.997784205585425,9.74369160874428e-09,3
"20886",0.00436701262906928,0.0294763732381164,0.965523552837408,0.000633061295406181,3
"20888",0.885332683839232,1.96028929658812e-09,0.112728726540156,0.00193858766032283,1
"20890",0.00120895471522569,0.019457167900285,0.978990284086256,0.000343593298233101,3
"20892",0.0754048486259005,0.9245951513741,9.41138416491955e-17,1.40951705859888e-29,2
"20897",0.128347303370461,0.871652696619179,1.03602725881808e-11,1.11587802059793e-23,2
"20899",0.0275353563789688,0.972464643597718,2.33137521942944e-11,1.0741512941425e-38,2
"20901",1,3.32898599247962e-18,3.66728038710164e-56,2.27514284710209e-155,1
"20903",0.99999999923869,7.61310378045608e-10,8.8138345875138e-55,1.10190157879504e-27,1
"20905",0.999999999897304,1.02696240731561e-10,2.16694699763066e-52,2.91277998520258e-160,1
"20907",0.403802472446786,0.596197527553214,1.76446922110204e-41,2.58242096948095e-21,2
"20909",0.604496459703457,0.395503540296543,8.77444611080109e-24,2.7530130181943e-35,1
"20911",1,6.55848153105473e-22,3.77869594259393e-67,5.5180682210095e-61,1
"20913",0.113663526226144,0.886336262528802,2.11245044171821e-07,9.21936749329294e-15,2
"20962",0.0125920403951331,0.987407959604867,1.4909330723383e-20,6.17723710710332e-28,2
"20969",0.258256241517577,0.741743758482422,8.63359051333581e-24,1.33289872113453e-15,2
"20980",0.0430369865322089,0.956963013467791,1.04258763815114e-23,2.42693485716096e-27,2
"20982",0.0129411949403774,0.987058805059623,1.93649785468817e-29,2.59223290498442e-31,2
"20984",0.885318271645753,0.114681728199187,1.55060389210906e-10,6.64383076880198e-29,1
"20994",0.0858146062166279,0.914185393783372,5.65477371711794e-27,1.53845184578651e-33,2
"21015",0.918725020726292,1.02799867190713e-05,0.0812547904972011,9.90878978781064e-06,1
"21023",0.130844334478463,0.869155665521537,2.64636745531754e-43,8.82187510179989e-28,2
"21040",0.92417428853398,0.0758257114660201,5.78174298823211e-30,7.60020723391801e-51,1
"21073",0.345651217948473,0.65434878205152,7.25280223453714e-15,4.90795859207946e-29,2
"21222",0.0584097018346634,0.485885695942768,0.455703928963117,6.73259451360257e-07,2
"21224",0.0389755448295542,0.961024343700873,1.11469561320849e-07,1.11464500110955e-14,2
"21228",0.999999888428426,1.11571574303416e-07,1.93142159721548e-20,1.66145691057816e-47,1
"21232",0.0648594277948719,0.935140572205128,2.61540616761002e-36,1.22959310856894e-31,2
"21237",0.999827404471951,0.000172595528049229,8.28902527857793e-38,8.79828044424642e-51,1
"21240",0.000107640373991407,0.00037126747755644,0.999515650540149,5.44160830351212e-06,3
"21245",0.000323225300292715,0.000679906644231546,0.998566524428237,0.000430343627238432,3
"21252",0.181068657673865,0.818931342326135,1.30377326466144e-31,5.57201881361431e-29,2
"21254",0.416187779827941,0.583812220172059,9.3615474592266e-33,8.88812312464087e-48,2
"21258",0.809869248874197,0.190130751125803,1.73935097370152e-20,5.98427712420645e-68,1
"21264",0.0431213501202171,0.955571615138821,0.00130703474096161,1.11071134975113e-27,2
"21305",0.987232550987201,0.0127674490120871,7.11975803637842e-13,1.80489256733218e-24,1
"21333",0.0338869492626981,0.966113050737302,1.46647257800979e-22,1.76357009634503e-28,2
"21366",0.041283260510228,0.958713006669072,3.73282069953594e-06,1.01911699372436e-19,2
"21377",0.998519973528712,2.90156295826718e-05,0.00144258393922047,8.42690248531153e-06,1
"21380",0.99999999999976,2.40403286087377e-13,2.13833742922933e-37,3.6517581022668e-33,1
"21387",1,1.43183674867e-23,4.00741249129615e-46,9.80360929418818e-31,1
"21390",0.0590204246298356,0.940979575370165,3.5954595124264e-34,6.85007875838592e-43,2
"21392",0.0662951777493619,0.933704822250238,3.99914730813969e-13,5.6054913574302e-38,2
"21403",0.362337117856439,0.637662882143561,1.91850097609995e-26,8.85572211268768e-63,2
"21408",0.0428273404708055,0.957172659529195,2.88756854389892e-37,9.09960170759664e-33,2
"21412",0.99999950791508,4.92084919922797e-07,2.67335188634313e-25,3.182256561913e-39,1
"21421",0.0368982312463762,0.963100001108808,1.76764481610413e-06,1.38932920845278e-32,2
"21424",0.999852883865179,0.000147116134820614,2.12216909377379e-38,1.94539632359858e-23,1
"21429",0.0291631555546546,0.970836844445345,3.02543777437585e-28,4.87055883356855e-19,2
"21431",0.0458820092971809,0.954117989198696,1.50412313891583e-09,1.19288642821953e-19,2
"21436",0.999999519846575,4.04766326311419e-07,7.53870983119524e-08,1.66349739177164e-20,1
"21439",0.0179776672697193,0.982022332730281,4.56546109029183e-22,3.54823564554833e-37,2
"21442",0.151271097149625,0.848728902849947,4.27800180387549e-13,5.4945930972363e-45,2
"21444",0.00121802586897039,0.000197246139218526,0.998579527808117,5.20018369412769e-06,3
"21446",0.999999999995739,1.32234245713807e-20,4.26052331260014e-12,1.72725932704659e-21,1
"21448",1,4.93090738205289e-23,9.79036779573267e-18,1.02181705262308e-34,1
"21450",0.682318161263671,0.317681838736329,3.1163085912335e-27,5.59203977955922e-104,1
"21452",0.12337386719845,0.87662613280155,3.85634166728653e-34,7.78143056524218e-70,2
"21466",0.258808914361819,0.741191085638181,1.16102610484501e-49,6.89399559650498e-35,2
"21470",0.0377782284013483,0.962221771598652,2.93926763634851e-23,2.34869531257092e-22,2
"21472",0.0448103180344485,0.955189681965551,1.57520589611403e-32,2.21883259793012e-25,2
