"","V1","V2","V3","V4","V5","V6","V7","V8","V9","best$classification"
"19811",0.00201102521980753,5.13946947059696e-10,5.02892907599322e-07,3.71902511885914e-09,1.6142357241283e-05,0.0454561506776425,0.000547390172633149,0.000422123089484042,0.951546661357312,9
"19813",4.5375207675952e-07,2.82208376088106e-12,1.0198996058625e-08,2.0313440036678e-08,4.33962199568318e-08,0.99999257583407,9.61138974151629e-07,1.20932452530951e-08,5.9232701554777e-06,6
"19815",0.0306706107065581,3.03060296360117e-05,0.000181216301483507,3.53610682478728e-09,0.00125276859286414,9.63589682312896e-07,0.00809591683740479,5.50353898659339e-06,0.959762710867278,9
"19817",0.00380663319102177,2.30709698758998e-07,3.67165716010109e-06,3.00930782076427e-10,7.611251283011e-05,4.07529435250112e-06,0.00522198104874142,0.000360400011831658,0.990526895273433,9
"19819",9.09280683412618e-06,0.643325354321898,0.312701806942856,0.00493756889309424,6.83462840410458e-05,2.85963252562247e-11,0.0389558935789202,6.00332372277874e-08,1.87711052264732e-06,2
"19821",0.000446590039690977,6.03690022060827e-09,4.89899530671515e-05,1.58476585252945e-07,6.17203165798069e-07,0.0136477790396479,0.00534268229519653,0.0140364967035242,0.966476680252222,9
"19823",0.000386967741211496,0.00105525809638518,9.39210290991299e-06,9.51452312481943e-09,0.576775166935035,7.31379325708149e-07,0.00205204589268773,5.33087377027716e-05,0.419667119600219,5
"19825",0.00213651312607622,5.49337360097299e-05,0.00951094297368923,0.479023349541973,3.64808865673909e-06,0.00131708168477322,0.00554855084216199,0.502049662166936,0.000355317839723544,8
"19827",4.90685171794558e-05,3.48951323029359e-06,7.19518542620927e-06,9.25386807434981e-08,0.000188728081672106,2.096500691933e-07,0.00472478698415204,0.38873177232955,0.60629465720004,9
"19829",9.93503516975573e-05,9.46058227090905e-05,0.107398222551882,0.00383081649832882,7.02719633677498e-08,8.08668258192268e-07,0.884779805434164,0.0035901965708314,0.000206123830165723,7
"19831",3.76889662319948e-05,0.108420385100173,0.128531323484816,0.0219483348616738,0.00344483089288391,1.72873997245481e-07,0.737601010910984,9.96696715722953e-08,1.61532395692386e-05,7
"19833",0.00176509340519008,0.139223334672649,1.31625001742185e-06,0.00109515737956926,0.85790207654994,6.38931300035993e-07,6.51910790234563e-07,1.15896604968175e-05,1.41240047057288e-07,5
"19835",0.000446590039690977,6.03690022060827e-09,4.89899530671515e-05,1.58476585252945e-07,6.17203165798069e-07,0.0136477790396479,0.00534268229519653,0.0140364967035242,0.966476680252222,9
"19837",6.60209222911314e-05,3.16127376218156e-07,2.10485981195429e-05,1.33349759093159e-08,1.41548683109469e-05,1.80794149942545e-06,0.0310184026343761,0.022209655863939,0.946668579709112,9
"19839",0.000569630279523089,3.35122273201871e-06,0.0369015488620756,0.663866737006366,2.683502522154e-07,0.000346798877165277,0.289208987206488,0.0087329392041676,0.000369738991230722,4
"19841",2.48493984971846e-08,1.20042095122659e-09,2.10895619789638e-07,0.00027815607745806,1.08354798298727e-09,1.50918658403586e-05,1.51872596365731e-06,0.999700888132953,4.10716879712084e-06,8
"19843",0.00237908441228445,1.91038740945738e-05,0.501758651828683,0.471659482422961,3.41726565744279e-07,0.00898997464499813,0.0151917612359597,4.54369404949676e-09,1.59531075973232e-06,3
"19845",0.000114533387441861,9.29707155978957e-11,4.22988088534877e-08,6.6989590443647e-10,1.06497033199179e-05,0.960963176922519,9.70679974995114e-06,3.69441633361927e-06,0.0388981957089609,6
"19847",0.0324202771771917,2.30244995138331e-06,0.000622733517219099,2.88376471185111e-07,0.000606784903307544,0.00792694710780048,0.0532333938447022,6.91196044995088e-06,0.905180360662907,9
"19849",9.62457984687713e-08,4.90083915989496e-13,8.40976896153784e-10,1.89605650705166e-09,4.73904355507856e-08,0.999980887575425,8.15111457112794e-08,2.97133747947886e-08,1.88548262968719e-05,6
"19851",0.00104572648267206,1.27567680464767e-07,1.27229219180949e-06,6.19491604618827e-11,0.000238591202094348,1.11696206643649e-05,0.000641517470025948,1.34119660100682e-05,0.998048183336712,9
"19853",0.000118505637497391,6.34306684879876e-08,5.8160260302584e-09,4.41509772094736e-11,0.0719414145576542,0.0122006531474459,1.43414546348916e-05,0.000163898373085987,0.915561117538836,9
"19855",0.00016626800214608,1.04572435143147e-08,3.36879684108063e-08,3.31809708763493e-11,0.00036746408033725,0.000724275357511019,0.000390765737793508,0.00201933374486268,0.996331848898957,9
"19857",0.00826732281112358,3.74587525407654e-08,0.000262245238359106,9.83105759117958e-07,3.469708469457e-06,0.015752046385985,0.38309044074986,0.0133252906087337,0.579298163932957,9
"19859",0.0034235251270101,3.5293456854954e-06,2.63066599201679e-05,4.88795073433216e-08,0.000515582188275933,8.7402104690195e-06,0.0726217175667911,0.0106746382177871,0.912725911804554,9
"19861",0.000668705505996926,1.99964813788002e-09,6.37337331589063e-07,1.69933666466133e-09,0.000119913196843505,0.151553903771678,0.000404718216656205,1.42254519273624e-05,0.847237892820582,9
"19863",3.34431438064506e-07,1.63501251386868e-12,5.73917454680303e-10,2.74843081710306e-06,2.24561783715508e-08,0.994677083949832,4.8438870132804e-08,0.00530813872394583,1.16229933659875e-05,6
"19865",2.70869179765305e-06,4.97331148303754e-10,2.77149380127133e-08,3.19498846260723e-08,1.09807632724909e-08,3.95621687800694e-07,5.49480064266657e-06,0.998768822560778,0.00122250718217679,8
"19867",0.0135164721165709,3.19439338290933e-07,8.96349759473988e-05,9.21307842057455e-09,0.000235419169519439,0.00654293283350127,0.00258497731986913,8.96328174083054e-07,0.977029338604001,9
"19869",7.54780527960842e-07,1.05508382105725e-12,1.00525277334123e-09,2.70526074014299e-10,3.34337125340422e-07,0.996282439840398,8.70894646202385e-07,1.36243509321172e-05,0.00370197451953692,6
"19871",0.000817563782361763,6.05902623988194e-06,7.41710695087505e-05,4.40200368984046e-08,0.000133684998740245,1.12927564223614e-06,0.214241695343671,0.0368080405053927,0.747917611978406,9
"19874",0.000476272554688264,8.69566487141848e-08,1.65213414738438e-07,1.68876550611265e-08,3.28422871809186e-05,2.0757048068098e-06,0.00011319984372235,0.80765233733283,0.191723003219053,8
"19876",1.70889002877047e-05,5.11490008857037e-10,1.60616578564412e-08,3.00224357495129e-10,6.38404076575003e-06,0.000205344268558114,6.9049155140836e-05,0.183366410004145,0.81633570675773,9
"19878",0.997920582271875,1.1749367921864e-05,0.00186775473250359,2.96318605454405e-05,5.79345425481211e-07,1.11326222422699e-06,4.17629182592068e-05,6.59066250664482e-07,0.000126167174994466,1
"19880",5.92677112631216e-08,2.47538382810946e-11,3.26727352634294e-10,2.27778954931296e-09,3.53544440689097e-08,5.09055949179131e-06,5.04590946018462e-07,0.999070610187805,0.000923697410331268,8
"19882",0.0114776165581075,5.56582586770725e-09,6.43731438836653e-07,6.86983392903777e-09,0.000139170552292461,0.284963515834877,7.58741574333432e-05,0.00057232327936774,0.702770843450824,9
"19885",0.00765044762383502,4.960757761809e-07,0.000409658320939585,1.67734571413951e-08,4.92055192601885e-06,5.90861700192861e-06,0.146949891401082,0.000322999978621255,0.844655660657361,9
"19907",0.0141813167556375,4.27408409697731e-08,2.27644223020225e-05,3.99259553071216e-09,5.30784462466113e-05,0.0778766634175879,0.00060867897100693,6.18686917710658e-06,0.907251264384605,9
"19909",6.33671571815214e-06,3.53707430858997e-06,0.053019186918865,7.56607599478202e-05,2.04925716727292e-07,2.4378922652246e-05,0.946327563575204,4.54395361894327e-07,0.00054267671222531,7
"19911",6.15971568994011e-05,5.8088315712264e-05,0.0137274507404528,0.00260136956561653,7.31617432244465e-06,1.64298165262626e-06,0.97960891035177,0.0029039998019618,0.0010296249116121,7
"19913",1.29886703609329e-08,6.33211630572147e-10,1.65680337216202e-09,7.65102639225334e-07,1.06626109146419e-08,8.40287395536314e-08,1.86366478908525e-07,0.999993901258933,5.0373019130875e-06,8
"19915",0.000142723983158042,6.36411867945952e-08,1.9473581040243e-07,1.35581330452339e-09,2.92761892743995e-05,1.03581091866104e-06,0.000231790228438556,0.347490699208008,0.652104214847392,9
"19917",2.71642669891822e-05,1.69137910343306e-08,3.41421069962071e-07,8.52652246231137e-07,1.02371157240207e-06,8.08726883391664e-07,0.000205551448264211,0.993379013416138,0.00638522744304535,8
"19919",0.00533053361840463,1.17305888844199e-06,6.65467901303568e-06,2.05274871112568e-08,7.71299719424306e-05,7.25864520410308e-07,0.0061621955910688,0.139796730647748,0.848624836040927,9
"19921",0.00646666699072328,9.01476558469484e-08,1.17368174173379e-05,4.68210031199809e-10,9.29426843360993e-05,0.000184717543403976,0.0025670520510101,3.46735356434375e-06,0.990673325943679,9
"19923",0.994221883923005,5.43505810659905e-05,0.00049070962027411,3.36207805775161e-07,0.000313976708042319,4.63545165428893e-06,0.000222774593131343,2.55533340710658e-08,0.00469130736168732,1
"19925",9.04837724570521e-05,2.31759913487004e-08,1.28123838320833e-07,1.37215240745837e-08,2.63520004392181e-06,3.07276268850244e-07,7.06595217375873e-05,0.953594341290105,0.0462414079180333,8
"19927",0.000250806345170556,5.85528421191835e-08,8.79552824520978e-07,7.28698439639408e-11,0.000119378626821655,1.49317364834963e-05,0.00185793343977951,7.51077958106909e-05,0.997680903877397,9
"19929",8.91665471051821e-08,3.54929391501085e-12,1.13751248007689e-09,6.29271072950046e-06,3.84960779490873e-08,0.426990412547759,3.55377896088592e-07,0.57290668242656,9.61281333695898e-05,8
"19931",0.00098129934439737,2.06842943834691e-06,2.62702956564388e-05,5.69443481474535e-09,0.000157265229388461,3.95914547008875e-07,0.00830337526755744,0.000411418601527278,0.990117901223053,9
"19933",0.000119912098306553,0.000229767551164596,0.0600684744239988,1.4921790488524e-05,1.00410254248176e-05,8.91771612307421e-08,0.874393700887303,0.000197713553744601,0.0649653794924077,7
"19935",0.0204339345288839,5.70334143839974e-07,0.0153177481876084,1.37511858699814e-05,1.71817858344025e-06,0.000612260743117729,0.176109397444186,0.000795193472262053,0.786715425925345,9
"19937",0.00355553917467051,4.83903524339784e-06,1.56299696699306e-05,2.52352413177555e-10,0.00115114865013665,1.3649379242023e-06,0.00285510385738276,5.96151438791994e-06,0.992410412608232,9
"19939",0.301337276597791,3.42972245873058e-06,5.20489483697482e-05,3.23060888029339e-09,4.18486099754193e-05,2.92789683966557e-06,0.00170318551685388,0.000792883106378263,0.696066396370724,9
"19941",6.03715075253782e-06,8.52446151828897e-06,0.0390140718083049,0.198255670052934,8.67696369718563e-07,6.92275644794345e-05,0.741365985603982,0.020275445961674,0.00100416969998521,7
"19943",5.47753401310297e-07,5.29743598656383e-09,4.9873379613145e-09,1.39628195701263e-08,1.69413771107733e-07,2.48429292113915e-08,2.27796788086377e-06,0.999664660738952,0.000332295035472244,8
"19945",0.00370565874568175,0.000672656558728624,0.123113517493866,9.73304609947573e-05,3.36435242938415e-05,3.85593687317304e-08,0.858687464232709,7.69588284186778e-06,0.0136819945415155,7
"19947",0.00012186012954775,1.14338649519403e-05,0.00199935591454394,0.00355746891276449,8.81985489981922e-06,0.00978056316740963,0.504526732003068,0.47770640329049,0.00228736286232423,7
"19949",0.964983266228978,0.000740460252846086,0.0150787479316727,1.34274810771886e-06,9.10544452321599e-05,1.46855565807628e-07,0.00250298932193017,2.51948445709592e-07,0.0166017402672222,1
"19951",0.0584201588569175,1.20747240286011e-06,5.50432210234803e-05,4.14411594633302e-06,8.33830076864955e-06,4.11600610017797e-06,0.00146984961613804,0.74389220190601,0.196144940504693,8
"19953",0.00115469338410898,0.85137544797554,0.0829272041147647,0.000123487886837746,0.0380815421475618,9.81182534257533e-09,0.0261907358676218,8.49381540591718e-09,0.000146870317924018,2
"19955",0.293320083166307,0.0212672250295697,0.175167302772079,0.0103533618149159,0.00140383993192111,4.10924929678807e-06,0.498264585205881,6.46523910505039e-07,0.000218846306118075,7
"19957",0.000149952627694899,4.23220190213849e-05,6.19425916872027e-06,3.90168275941565e-06,0.00544131416466995,7.92560544974325e-06,0.0491463080031142,0.906340974807261,0.0388611068308606,8
"19960",0.00269620975104853,8.03762449682585e-05,0.335429869667685,0.00217513722660954,1.18712240162499e-07,1.82776009608028e-05,0.659271770864953,0.00012411169720003,0.000204128234334475,7
"19963",2.02788463274813e-06,0.00272195934806824,3.4820294820986e-06,0.0398003113496799,0.103343329509632,1.01082687575321e-05,6.69322827811302e-05,0.853956914755636,9.49345713297086e-05,8
"19965",0.105912595015239,0.000242312221357957,0.845134345167674,0.00972965025583455,7.6642182377356e-07,1.90272110035243e-05,0.038950587411806,3.30971760054313e-09,1.07129855433914e-05,3
"19968",2.96166117188325e-05,2.21954995074117e-10,5.53544646683772e-05,0.000253824017148073,2.2123526458072e-09,0.234257800233112,0.00184112976826844,0.754218357149208,0.00934391532156793,8
"19971",9.14061295239671e-06,0.000913679755387151,2.22183099298521e-05,0.00969574151143938,1.35751491639387e-05,5.59191487747765e-08,4.44800673285477e-05,0.98929923468966,1.87398499031238e-06,8
"19973",0.000509391902953212,6.61415204865399e-09,2.35229793476059e-06,7.99933995099599e-10,2.7085037515497e-06,2.1296049378521e-05,0.00226468679777745,0.00212144817706922,0.995078108857049,9
"19975",3.13930983789885e-05,6.08505692292389e-10,3.6117743118585e-07,1.3590794264142e-07,3.23682724535416e-08,1.23300113083653e-05,0.000191608240555813,0.981794179625333,0.0179699589622717,8
"19977",0.000640891795008578,1.68218798678098e-06,1.03814558615023e-06,0.000544264641407193,2.09745538646444e-05,2.93676536713518e-05,1.21516887608709e-05,0.998563521102216,0.00018610823149867,8
"19979",3.06600431347502e-06,0.00344810480184387,0.91235466393008,0.0459948266191427,6.33299002454471e-09,4.82779026862902e-11,0.0381990280207342,2.1669241482469e-07,8.75502036775414e-08,3
"19981",0.000452039806861574,2.95704705408887e-07,0.000237381806976229,1.21705545422156e-07,3.30520391881766e-05,0.00037420528762086,0.692234399194431,0.000113440694924897,0.306555063759747,7
"19983",0.318543418949924,5.62723697742388e-06,0.00212997310594282,1.00491311498881e-07,9.04315039062882e-05,0.000416176564576713,0.377150251288767,1.13922838158063e-05,0.301652628574778,7
"19985",9.94753676614649e-05,1.58362357023929e-09,2.19310126835689e-08,1.70454088855379e-09,3.6198877206365e-06,1.95338643726153e-05,6.37345843987697e-05,0.809928192112418,0.189885418964251,8
"19987",0.000175269900249343,9.20743592813399e-06,0.00195278698597602,2.39832230821666e-06,1.38151125787596e-05,1.70948581286087e-06,0.463923161526562,0.022413112917776,0.511508538312809,9
"19989",3.33530427771293e-05,0.0111499240932798,0.97705698202777,0.000859788848057903,3.02927608719309e-07,6.17523492758776e-11,0.0108987820231268,2.3790161485006e-10,8.6673772595275e-07,3
"19993",0.713318772976195,0.000383623347552099,0.0760977791945595,3.44641059164057e-05,2.7964481076576e-06,2.40892701757478e-07,0.0452741601000495,0.0116344930092638,0.153253669925654,1
"19995",0.0467353714688292,0.000143078864979073,0.287172074608585,0.000961280318019125,5.66811842767361e-06,3.334719367948e-06,0.551206402240063,0.00409084170862354,0.109681947953105,7
"19997",0.000353526039828997,1.58240126337077e-08,4.17086388103633e-07,1.45147146758984e-09,4.31547917691681e-05,1.761728349238e-05,0.000561091656534619,0.00378939305722846,0.995234782809274,9
"19999",3.93979285146466e-05,3.49771702280607e-10,2.84891170825774e-08,1.55381017866333e-10,6.94173233252181e-06,0.000660211027756513,0.000235184069457314,0.0228272630974932,0.976230973150176,9
"20002",3.84867630662724e-07,3.05969405945665e-08,6.61013065873465e-06,0.0764025505127086,2.1752043968384e-06,0.464155506473424,2.92030004094407e-05,0.459148968623886,0.000254570589945283,6
"20004",7.39536646823918e-06,3.72804490687259e-06,0.0373319899338897,0.000661889901778749,8.55317831950908e-07,6.48951204050565e-05,0.945245430587018,0.00087199615575488,0.0158118195719459,7
"20006",0.305592161148697,0.000515927367339288,0.0825254474453117,0.00623535234682146,6.56480401857838e-05,0.000926159100554671,0.602972617022845,0.000283169350695421,0.000883518177550035,7
"20008",0.884639469976545,0.000717737090200095,0.0738946908326912,0.0381455140375166,4.66352884976784e-05,1.21120824525752e-05,0.00178535450413845,2.16085226268097e-05,0.000736877665331065,1
"20010",0.388748981943567,0.0390805126273426,0.381763119952054,7.78189146010133e-05,0.000142252053989405,2.36850890056533e-09,0.187418444663973,8.59446928387675e-07,0.00276800802903541,1
"20012",0.00220314010108122,2.74571384373695e-09,1.29725950828755e-06,1.09264240466843e-07,4.38158118405544e-07,0.00819475637263543,8.36566022049655e-05,0.811743891363379,0.177772708133118,8
"20015",0.000656212856296179,4.94635809352732e-06,0.989746057373498,0.00463805446451976,1.00813261412119e-10,8.32801635282531e-08,0.00495422455868483,2.50310133649887e-09,4.18504829917868e-07,3
"20017",6.2172069883069e-05,8.5618978111709e-10,1.52509215037781e-07,3.97472450933063e-10,9.4089600502446e-06,0.00222621707554154,0.00152506054339753,0.0106041844188099,0.98557280316944,9
"20019",8.56153478418984e-05,0.01499147517983,0.959959134141602,0.0236190328929058,8.01533542461425e-09,4.94587995755654e-12,0.0013447312412004,3.19581841880066e-10,2.85675714947808e-09,3
"20022",0.00313838473741735,0.00152475701303461,0.269238114637247,5.22046282305987e-05,2.54640338964899e-06,2.32853859314873e-09,0.725730519146265,2.170891486258e-07,0.000313254016728729,7
"20024",7.53121089395534e-05,0.81315211790537,0.165861288561157,0.0165699143979687,0.00022471378587438,6.19475669544207e-09,0.00411646530582159,3.23684202106304e-09,1.7850327032113e-07,2
"20026",7.53121089395534e-05,0.81315211790537,0.165861288561157,0.0165699143979687,0.00022471378587438,6.19475669544207e-09,0.00411646530582159,3.23684202106304e-09,1.7850327032113e-07,2
"20028",1.32010302620085e-05,2.54115541633453e-09,4.09172532253918e-08,8.16178948334029e-10,2.68795626806195e-05,5.87264538276753e-05,0.000128519877306095,0.060616664541136,0.9391559642602,9
"20030",4.23312956293962e-06,1.52841919557656e-05,0.548235597720347,0.226502846138796,4.17120003422412e-09,1.98199558622678e-06,0.225178350191096,4.58846733914619e-05,1.58177880642862e-05,3
"20033",0.000162519342314286,2.0232470445247e-07,2.45281965856328e-05,7.22061816265593e-08,6.5042928529859e-06,1.80028324820696e-05,0.0279431758928801,0.187687584801173,0.784157410110826,9
"20035",0.000104799723110795,0.0195333894417185,0.976508476892592,0.00259762935705445,9.85529166849128e-09,1.2187499802597e-11,0.00125568553177642,2.86712046124261e-10,8.89955652844244e-09,3
"20037",0.00029680798315781,0.000718539199789942,0.993170328500694,0.00440557338478829,5.47308319925785e-09,6.63387458847552e-10,0.00140873271525422,5.98325515380226e-12,1.20738622208e-08,3
"20039",1.01987124354215e-05,0.998234919242108,8.25823515500082e-05,1.16272991134034e-06,0.00167077794322752,3.07131093386101e-12,3.56715203668981e-07,2.48950191159097e-12,2.30000296682901e-09,2
"20041",0.970066680786792,0.000277415948894913,0.000888408648034349,9.34263661517569e-07,0.000276563321053554,1.54607167696868e-06,0.0257859770740947,1.60329598902824e-05,0.00268644092590192,1
"20044",0.777626910061456,0.0038601000726554,0.00809027940944906,1.18631358695764e-05,0.00128211766963819,1.0304653956648e-05,0.189762120361423,0.00138416305503439,0.0179721415805181,1
"20047",3.41415164279289e-06,0.0553176222712169,0.546743469897063,0.39539304470393,3.58811815826998e-08,3.40472021062461e-12,0.00254240524619739,6.6706661704545e-09,1.17469724324175e-09,3
"20050",0.340935939679557,0.618880053318389,0.0360803914442376,2.81718073473843e-05,0.00136310584667443,6.55059647582564e-11,0.0018994845207885,5.40565681436531e-06,0.000807447660686183,2
"20052",0.0265854959519353,0.000185455866898949,0.000966299153315444,2.67045862693801e-06,0.000727233569479357,1.52512654254677e-07,0.169593207570254,0.0297147084598913,0.772224776456944,9
"20054",9.36592658619686e-05,1.69146702976253e-06,0.351833334236278,0.00203986014205148,1.2901439274123e-09,6.08658554405829e-06,0.645996417818792,1.10689173082775e-06,2.78423025670982e-05,7
"20056",1.04585682616482e-06,1.63476253842962e-07,3.69055767925437e-06,1.92917082851852e-05,1.77538124487874e-07,9.57084006132906e-08,4.02719277121755e-05,0.999022396936317,0.00091286629040147,8
"20058",7.88292997949301e-05,0.0023414775475845,0.983526038315506,0.000786309842867712,1.13082122050053e-07,1.02297867522077e-09,0.0132666667539052,4.70668540280849e-11,5.64088174354236e-07,3
"20060",0.00122230889853464,4.97479803321743e-07,5.45934876674408e-05,3.61860058441652e-09,2.28100805006485e-05,6.62719390333195e-06,0.00234757064230412,9.43693110473194e-05,0.996251219287639,9
"20062",0.308792228045013,2.03413274787261e-06,0.00107350575014643,9.70235475930362e-08,1.44645970341941e-05,1.28377331989916e-05,0.0150028278802687,5.6952576114608e-05,0.675045052261929,9
"20064",0.000114003460938148,3.56991261639521e-05,0.100145253339076,8.29735035121745e-05,1.95018771805807e-07,1.68795750897029e-08,0.897007358597019,3.53179934708971e-05,0.00257918208147303,7
"20066",1.17964489061569e-06,9.06683468880473e-05,0.843570022673815,0.112734114896536,1.05994018941284e-09,1.6624497367268e-07,0.0436006604148607,2.67934876599499e-06,5.07369329312878e-07,3
"20068",0.0128079956726355,1.56588363023864e-08,2.36720994560631e-06,3.39683215655162e-10,5.38241576520417e-05,0.000988719441326412,0.000992768305153084,2.30755533643252e-05,0.985131233661404,9
"20070",0.0249975358873301,3.75385429286592e-06,4.59049817147364e-06,2.37566077424139e-09,0.0128913939973023,3.02675041661996e-05,0.000912070510371396,1.30455498689585e-05,0.961147339822836,9
"20072",0.00725838368324784,1.76831252215409e-05,0.914491107923362,0.00276970096124775,1.15564305376919e-07,0.00247531867694033,0.0729544566816705,2.94785334048645e-09,3.32304361517221e-05,3
"20074",6.51034984415646e-08,1.50747658031646e-11,2.17013141364232e-10,4.42617591922482e-07,1.33045563165176e-08,0.000137893116574597,5.05462140863803e-08,0.999845475702539,1.60593769378278e-05,8
"20076",0.000220469300862663,3.89073932414713e-09,0.000186564526001726,0.000428724065579223,9.02055238532819e-08,0.315417678034277,0.090425548730965,0.575980386395253,0.0173405348507981,8
"20078",0.00132249242840139,0.000548023112543291,0.0682352813966754,0.000637581312916683,4.61962288874272e-05,8.73702684347954e-08,0.926179570601211,2.02893252008077e-05,0.00301047822389544,7
"20080",5.48464396406088e-05,0.0071168717354688,0.984285909368765,0.00252484837239945,7.6455144052414e-09,2.21290350201537e-12,0.00601746645483216,1.59247223510347e-09,4.83886941106432e-08,3
"20082",1.34702468994526e-06,0.998340448892316,0.000473140908544619,5.60906425510154e-06,0.00111628123887474,2.91647952147956e-13,6.301205470934e-05,2.49610225917842e-09,1.58320217049217e-07,2
"20084",0.000137583749042999,0.00460491210447222,0.0325551568555846,0.0182282830444344,0.000104468995784619,1.86854735870104e-08,0.933784745461786,0.0097048511903176,0.000879979913103517,7
"20087",0.0792824598142168,0.000234261066473836,0.484202644275048,0.00105455300419811,3.13721188244979e-05,1.34216410945518e-05,0.430810247880139,1.32443757567061e-07,0.00437090775624721,3
"20090",0.0151464611656036,0.108677251889334,0.872995899214015,0.000803472930935217,3.30014578240222e-07,4.92806683636067e-12,0.00237592821311094,1.13967802071137e-08,6.45170714312073e-07,3
"20092",0.0467501077945057,0.00637690730192573,0.000321962478565357,6.76115229005885e-07,0.938315904209889,3.9850809056196e-05,0.00664995430115256,2.58278350733998e-09,0.00154463440689275,5
"20096",0.0206306547832146,0.00561596709742906,4.77223712067541e-05,4.19237170845646e-06,0.909703921940696,4.65063958668943e-07,0.0226960600414624,0.00114852463263096,0.0401524916976933,5
"20098",0.000285356237113774,3.96256624486292e-07,6.06332541950335e-06,8.35984893291117e-09,1.41913004173932e-05,1.76379638523654e-06,0.00428745684836481,0.172413860519625,0.822990903356201,9
"20101",0.000342389573207229,0.0119751724927052,0.760296354361773,0.0550568850564235,4.44920474203521e-07,3.38263413269775e-10,0.172223710766979,9.11159381578805e-05,1.39265520166611e-05,3
"20104",3.87086871377731e-05,5.44646217640396e-06,2.06424944642682e-08,1.22774649496248e-08,0.989564449283594,0.00554635535704601,7.8843950103922e-05,1.23837154189447e-05,0.00475377962456341,5
"20106",0.00368814375081716,0.000292508711973838,0.857899111334737,0.000910768768279752,8.81352216816881e-09,1.09420766079559e-09,0.137094715010294,2.22337245221683e-05,9.25087916466272e-05,3
"20108",1.86641371435155e-05,1.62673175587389e-08,6.91837943773455e-06,2.69054160517857e-08,7.66563005488662e-06,7.89779657037074e-05,0.00709163324036298,0.00728411070724823,0.985511986767315,9
"20110",0.523285424249365,0.027449215311963,0.000285289653848838,1.18322944586424e-05,0.152354437961988,4.50605964690629e-08,0.00772281890348627,0.114970164317288,0.173920772247006,1
"20112",0.263977201313595,0.0275162244853573,0.676522251917628,0.000271754872523995,1.45817207486047e-05,3.0038939740229e-09,0.0295735650272998,6.59100484276502e-06,0.00211782665411066,3
"20114",5.26361257969906e-06,0.000157536845460344,0.010192705339037,0.000643470040523277,1.05411686318632e-05,9.39384238158101e-08,0.975331062693314,0.0103296572847431,0.00332966907728707,7
"20116",1.83536818262784e-05,1.94864824022905e-06,0.0369963916093456,0.00660652081888576,1.26800686282181e-08,5.30224628945654e-06,0.951206772265454,0.0047992804996437,0.000365417550245952,7
"20118",0.000186191197539473,1.87057733423532e-05,0.000902672105927128,2.49403088474701e-06,3.51111751578638e-05,3.18524319390796e-07,0.795631189531603,0.0226132474027759,0.18061007025845,7
"20120",0.0039896444262995,0.154288134743811,0.582291664484585,0.00045741559425368,1.4896236036815e-05,1.67423912969428e-10,0.257338364064713,0.000440620313266741,0.00117925996961024,3
"20122",1.93777764821088e-07,2.88489801520048e-10,1.84099141917546e-08,1.26369447062881e-07,2.62278543205527e-08,3.89560665589204e-06,4.35313290202356e-05,0.999440164445344,0.000512043545509555,8
"20124",0.000733190266209703,0.00616078971969859,0.865777346171455,0.0122359302059519,2.98038404041327e-06,2.16480895899607e-08,0.115089214214033,2.90301834389851e-10,5.27100219557424e-07,3
"20126",2.83630181484928e-05,0.951905483742349,0.000763495968297329,0.0012985202448858,0.0439567645428644,1.30110925154932e-08,0.00204725444661342,3.53592687656398e-08,6.96664805113323e-08,2
"20128",9.70538037151605e-06,0.913402336883466,0.0294367733757575,0.0570864696017909,1.21213016866267e-05,1.05348957399342e-11,5.2593359883007e-05,2.04410947587791e-11,6.6068262501029e-11,2
"20141",2.85563140647907e-05,7.37001791845956e-05,1.39790806150136e-07,3.87275911095469e-09,0.813253776597384,1.0773965377944e-05,0.00263203757904542,0.0154880554442161,0.168512956257162,5
"20143",5.92087362134515e-09,3.8852267473776e-11,2.36420869745571e-10,1.10009582198031e-07,5.35318038586481e-09,1.74088771649376e-06,5.78885227848571e-08,0.99999017290905,7.90675580120249e-06,8
"20145",0.00440575275083459,0.0115759518583476,0.626152323018841,3.73377771309066e-05,4.30990346064507e-06,1.61292062395987e-10,0.356654598513509,1.51100570546269e-06,0.00116821501087846,3
"20147",0.000240192498538935,0.00018040278934051,0.267515811510674,0.000180821822080345,1.09346557411044e-07,1.90934936686356e-09,0.731769674021569,9.08616317435154e-07,0.000112077485573194,7
"20149",3.0880183445986e-07,2.68640491076006e-10,1.46875907001021e-09,1.98132871648934e-08,1.9426269095317e-07,1.89257332448852e-06,3.49266949992938e-06,0.999496080044489,0.000498010097474338,8
"20151",0.000410165856084131,1.3194886754593e-07,9.69719287509723e-06,1.20346780471962e-08,4.46487801953002e-06,1.24989153647015e-06,0.00193824228081592,0.0455354635060142,0.952100572411109,9
"20153",0.0031549701963512,0.00154755963282078,7.24401844872027e-05,1.05275849729452e-06,0.00376373476014764,8.5969742855415e-09,0.00236600974269144,0.666081385314666,0.323012838813364,8
"20155",0.0293176682894005,0.000522530501535693,0.777318056172075,0.000513751771356801,4.58106678544408e-08,8.59309338510113e-09,0.192318108967652,8.69778053238598e-08,9.74291641274196e-06,3
"20157",3.90383371261801e-05,3.89511453120033e-07,3.57495174152094e-06,2.87772797280184e-08,1.42837863270187e-05,1.05003312113048e-06,0.000655281140961185,0.442474390722202,0.556811962739788,9
"20160",8.81545542292151e-09,1.48693457445235e-10,6.00972732124623e-10,1.0559047837283e-07,8.43391482566718e-09,2.09359929038328e-07,1.45425381532382e-07,0.999986592561761,1.29290634130397e-05,8
"20162",1.61133813454815e-07,8.08817718990155e-11,7.76957029855383e-10,1.64180099580855e-09,8.96258920405966e-08,2.48213857195356e-06,1.30362847738809e-06,0.997355062841248,0.0026408981323573,8
"20164",0.000781293091195621,5.50095207996011e-07,1.9786378983262e-06,6.37402108126656e-07,1.65902657311667e-05,7.6807531921365e-07,0.00011995915110653,0.963609958140868,0.0354682651405646,8
"20166",1.89697951737129e-05,3.38514017831287e-06,0.247534544381821,0.73086976865769,1.49086756832101e-09,3.50872392392466e-05,0.0213199960765578,0.000213470108298486,4.7771101737882e-06,4
"20168",4.60778623672484e-06,1.11612934333865e-08,0.000108935115364248,0.3683770065885,2.85431140875273e-08,0.631090910275676,0.000166465972393295,0.000250052916359203,1.98164106252852e-06,6
"20170",0.000155397031332298,1.29084788560714e-06,2.62844714523835e-06,1.27886223812342e-08,0.000200345271703576,6.79164231543304e-07,0.0131508406705461,0.299412706248853,0.68707609952968,9
"20172",0.000870752918247572,0.00152095446431234,0.514422851637645,1.00467049682102e-05,1.69262668708304e-06,3.21706909797369e-09,0.482993666869016,3.30329680393381e-09,0.000180028258758686,3
"20174",2.13497034479597e-05,7.58823849044435e-11,3.92291965939492e-08,2.91204812822326e-09,2.45612572944645e-06,0.195549798536625,0.000182439985562154,0.147787422388087,0.656456491043422,9
"20176",6.73704456937886e-06,2.71064991697264e-10,7.02158780817061e-06,0.000136844586395069,1.57594804031772e-08,0.999813543238666,2.1107644969134e-05,1.10240593647948e-06,1.36274611103376e-05,6
"20178",1.05841915290915e-08,4.09671172464113e-10,7.60454077474888e-10,1.78250035313161e-07,9.90034026659199e-09,8.50667064021857e-08,1.07412926925771e-07,0.999993538978092,6.06863758216844e-06,8
"20181",7.45095090497395e-06,3.12635198578973e-05,0.439567906961697,0.292422966978541,2.61457754662625e-09,3.51590909072288e-07,0.264813624853647,0.00313685155381352,1.95809760521194e-05,3
"20183",0.006195490667215,6.50240220319718e-05,0.000411679649941155,5.22239091409234e-09,0.00346537095833924,2.09199221756249e-06,0.0794148007826237,3.47991316182963e-06,0.910442056792079,9
"20186",0.164773595966172,0.000269772741818938,0.00822524685385343,3.8801726034036e-07,0.032159021823297,0.00407532892375938,0.0904279384428255,6.07850317181874e-08,0.700068646445981,9
"20188",6.05705208591244e-08,3.07510616242713e-10,8.84913501875334e-10,2.68423336677247e-08,3.49112660174691e-08,1.41207749408961e-07,1.73577533866578e-07,0.99987103953999,0.000128522158182467,8
"20190",4.14223766906548e-05,5.25920284627782e-05,0.981907572237125,0.0013251513657272,4.7413122481998e-10,2.22908654090536e-09,0.0166718530089818,3.10952959209022e-08,1.3751844984573e-06,3
"20193",0.000126606563613946,4.96093308487153e-08,7.10178748942728e-05,0.270896314419253,3.91632469697094e-08,0.00882843830950943,2.7755809800904e-05,0.719999471356919,5.03068934318151e-05,8
"20195",0.00364185440010088,1.85751394444723e-06,7.02457026571222e-05,2.5921167090657e-06,4.08592957436538e-06,8.6775185418534e-07,0.00184820063304196,0.832810474760252,0.161619821191866,8
"20197",0.0140616639619831,0.000723030358379265,0.722472231946703,8.26334611382992e-05,5.63113200051157e-07,1.12083820819248e-08,0.262523453666707,1.05483719723744e-08,0.000136401735135329,3
"20199",3.88313127651983e-05,5.50399337778407e-08,2.53769457956137e-08,3.6624523745192e-09,3.13787541771642e-05,3.27143114779602e-07,5.78421967706407e-05,0.947724332995788,0.0521472035180527,8
"20205",0.000521384184270399,0.957466433284789,4.7963116908963e-05,9.69467716870594e-08,0.0419538409955234,6.96186605608296e-12,9.01860509868464e-06,6.12239093152838e-10,1.26224743707102e-06,2
"20208",0.0022994816566487,5.34519251387958e-07,9.24363099869494e-05,4.9841034544844e-08,6.46718535047717e-06,1.55999858432989e-05,0.0118089133312628,0.00845322970205857,0.977323287468563,9
"20210",9.07053789362358e-07,6.76979383004882e-10,4.52020226228913e-09,1.678293889255e-09,2.86467923205277e-07,9.65499814474935e-07,5.57153233987804e-06,0.989954210952589,0.0100380516180687,8
"20212",0.000210673244081818,1.73509726439439e-07,2.93825869703215e-06,1.54627533812055e-07,2.53450533395894e-06,1.66404486104457e-06,0.000329718364243496,0.876384703386041,0.123067440059482,8
"20216",5.04698104021906e-05,8.49858517733655e-05,0.317721534044655,0.000263060592129383,3.44630812525398e-08,4.28155642445266e-08,0.681658542534173,1.26688029543801e-05,0.000208661085268197,7
"20219",0.0107442123112365,0.772186913292414,0.0779818914185772,0.00105476280977322,0.0104127129277646,3.0117523987151e-10,0.126676399189076,1.96859917011947e-05,0.000923421758281554,2
"20223",0.00158895419777806,9.92455523948334e-05,0.801638171601962,0.195644013253272,7.24370122544702e-08,0.00022234550202145,0.000807127223063693,2.52029508943081e-11,7.02072926239487e-08,3
"20226",0.982092386779865,7.20192382178016e-05,0.00080545886091469,2.48612183466031e-07,1.21168871895767e-05,2.54429584261022e-08,0.0010501187948779,5.92402131538097e-05,0.0159083851706387,1
"20230",1.49347040124375e-05,0.000253341457146691,0.990788518489433,0.0026984599798706,2.22720004350879e-09,1.16107411739975e-09,0.00624439559734106,2.21795299588992e-09,3.44165969244419e-07,3
"20233",2.88787079336086e-06,0.000312260892612941,7.5464599014726e-10,3.75415442333554e-10,0.999673546530868,1.37899725511555e-09,2.76944345258373e-08,1.1695924679006e-07,1.11575429854127e-05,5
"20235",0.121882043815369,0.0358422247536559,0.764063832152623,0.0167543637560407,0.000427581524806679,4.30602506111062e-05,0.0609768416614258,6.6959769071021e-10,1.00514158698354e-05,3
"20239",0.279640415385452,0.000135595088975153,0.303217765385293,0.0138048676790276,4.34896996787485e-05,0.00136344457477227,0.400820693310159,2.9088029133522e-07,0.000973437996350255,7
"20254",4.14681017047844e-06,0.999125436236017,0.00064833186824538,2.33496105292618e-06,0.00020116533961467,2.92061619166299e-14,1.85728021476452e-05,9.88760092583096e-11,1.18838470773179e-08,2
"20256",0.00016734262155692,0.00048599166747812,0.582366684173198,0.0011170445689761,3.89704827887763e-07,5.90237333799943e-08,0.415860409946486,4.79409893087888e-10,2.07781433387816e-06,3
"20262",3.94908830862841e-05,8.8547550857028e-08,1.27513135234012e-06,1.04041801159133e-08,6.22348045249869e-06,7.9702757701354e-07,0.00196121775244183,0.630863280993964,0.367127615779395,8
"20270",0.000395819520072209,1.37466140487705e-05,0.633491307020983,0.28487449564035,1.9854318317254e-07,0.00143855196831267,0.0681643373349215,0.0023237927670995,0.00929775059102965,3
"20284",0.0688884863459333,0.0922876731507949,0.00346134511494693,3.4080416892566e-07,0.371527141630506,8.93026338063949e-08,0.0105019358134055,8.7090149105687e-06,0.4533242788227,9
"20287",0.00041850749784446,0.000252075797152329,0.963592702882224,0.0352508751332615,7.09286443559926e-10,3.18487360935521e-09,0.000485830989323213,2.45320656334472e-11,3.7815019676539e-09,3
"20290",0.0024049133649813,0.975532148998269,0.000578770043839764,2.6612392013911e-07,0.0207348430686453,2.04093473529179e-11,0.000209497486500027,6.82158400386209e-06,0.000532739309431423,2
"20293",4.50890752789044e-05,0.00014826595732728,0.0173832949104471,2.88086794877209e-06,9.3871534397028e-06,2.41548785298326e-08,0.981477440400153,2.60692806681915e-07,0.00093335678771992,7
"20296",0.000417271901023546,3.02304423700204e-09,0.00023568714341338,7.80630921675511e-05,9.8081745237938e-08,0.0167830677962807,0.073859856456691,0.679515436253069,0.229110516252565,8
"20301",2.86281401161081e-05,0.000247076411378301,0.0908915747972639,0.908799200362462,1.82527667348991e-10,1.49604049084407e-10,3.33514842169553e-05,1.67630702918598e-07,8.41728267022463e-10,4
"20304",1.00896086012464e-06,0.992907875283509,0.000483626657929741,2.75060609154186e-06,0.00568558924787907,2.14503889717975e-12,0.000918553039824974,6.98018349440489e-09,5.89221577557719e-07,2
"20306",6.95372932269769e-05,0.0039869022377866,0.98570273652994,0.00252816829954723,3.70119722446867e-07,1.30279062564906e-09,0.00771181698853188,4.95560560055625e-11,4.671788975287e-07,3
"20309",0.130244842876334,0.00391840287418726,0.1752638584205,3.88559303313523e-06,5.09943379747881e-05,3.11422258543041e-07,0.594960854343114,4.71465950428156e-05,0.0955097035375553,7
"20311",0.000508982800317409,0.000578969095386196,0.214801928401606,0.0212310636765178,1.0099737047619e-05,2.91150617402789e-07,0.761991896336928,0.000140069538647982,0.000736699262931049,7
"20314",0.000670527596396652,4.88614860949235e-06,0.000108435850400268,3.38028606176439e-08,2.89338265097752e-05,1.49393091473515e-07,0.0279621600592598,0.0150678978622782,0.956156975460594,9
"20318",2.69850650016081e-08,2.95736045737906e-09,2.511336101563e-07,6.08380419356862e-05,9.13399930974068e-09,2.16571164674763e-06,2.47119073276555e-06,0.999893958568502,4.0276277147472e-05,8
"20320",0.646061190795503,0.000117682231352657,0.000127941508621151,1.08095558903634e-07,0.00291005773087284,5.05483220115244e-06,0.000879178199478056,0.000839673558767188,0.349059113047646,1
"20326",0.000296314098959011,1.13404354618089e-05,0.000118773184599657,1.62438799251798e-07,0.000114163867829066,3.79970436856948e-07,0.0434779777065084,0.0387458053807975,0.917235082916609,9
"20328",0.222607420456848,0.000100216867885567,0.000175207653633681,3.69399891789654e-09,0.00602293341902501,2.80284929625675e-06,0.00305555615135562,4.14771700308019e-06,0.768031711190954,9
"20330",0.905756270398866,0.00311209788544552,0.0778769915773213,0.00126857774318815,2.3975122640524e-05,1.04622012948637e-07,0.0119328717080863,1.33840464052901e-07,2.89771019755596e-05,1
"20336",0.00199316059181422,0.589091584489743,0.00321635095428279,1.5451965946118e-07,0.35509779865741,1.53163188663457e-09,0.0419021315318244,1.84410307161609e-07,0.00869863331332761,2
"20338",0.0023236368846486,0.897912687417039,0.0013230210167477,4.72548038464843e-05,0.0685252838298909,3.10534566863629e-10,0.0296813539212389,4.38828878771626e-05,0.000142878928177084,2
"20340",5.42241360834351e-05,0.00241742823795532,0.945918486670832,0.0264554472044993,3.5719873599099e-08,4.51366592017254e-09,0.0251542697803305,2.4125647655626e-09,1.01324194936424e-07,3
"20342",0.0208796306331892,0.0769918277143693,4.44461508033172e-05,0.0211709912078244,0.880789297941392,5.54091402927486e-06,5.37307676292904e-06,9.51904621310262e-05,1.77018994982782e-05,5
"20344",0.000126791470816828,0.00103815558624761,0.874374236811293,0.000452471569156991,1.1008718103012e-06,4.36693173581456e-08,0.123765393424359,4.67691618255928e-08,0.000241759827837579,3
"20349",1.46014550563013e-05,0.000286087118387483,0.944194256344021,0.00243361541629006,7.37130858340164e-08,1.71826559500481e-08,0.0530698790632096,2.24573177599506e-10,1.46948272076783e-06,3
"20351",0.000575359070221461,0.00189653642798293,0.0173020279935083,6.12090035991987e-06,2.92760741228778e-05,2.75000147019772e-08,0.979088412790518,2.7772498799754e-05,0.00107446674447255,7
"20353",0.568466356627905,0.0713292744415854,0.350769198609886,7.14490866398482e-05,1.90787553187766e-05,1.02693031524207e-09,0.00932957835005821,4.50699333445035e-09,1.50585946833411e-05,1
"20357",0.00101960693913292,0.991741346361372,0.000577502887639525,4.08587665986177e-07,0.00665100575536332,5.18439393175205e-12,9.78933192001271e-06,1.70082755780913e-11,3.40114712951897e-07,2
"20360",0.851373739128574,0.0748192577143596,0.00125460749445034,0.00438902046164386,0.0678796240527331,5.29916529867389e-05,0.00022215921450784,1.56952048349413e-07,8.44332869670871e-06,1
