"","V1","V2","V3","V4","V5","V6","V7","V8","V9","best$classification"
"19811",2.03455910679534e-07,0.0078450606965272,3.13582608079089e-05,0.126839903446112,3.24546255385636e-12,0.864767971892168,1.66579314440644e-07,0.000515335665913972,2.02450874626072e-36,6
"19813",1.68874374831303e-17,0.00720736069889,0.00347541977689179,1.45733341924681e-13,2.21053272964892e-30,0.989317219524073,1.11044858592742e-33,2.2135762164387e-47,5.25389715947353e-46,6
"19815",0.000400136144911802,0.000315107335021064,9.45944758856554e-05,0.997002439282904,0.00218346092472156,1.10355356682664e-14,4.24671758161196e-26,4.26183654423717e-06,3.36859457552875e-16,4
"19817",1.17388196414783e-05,0.000481633189846521,5.08927679498576e-07,0.123997403156144,5.44915689915513e-05,2.83720860878785e-09,1.26596200256984e-09,0.875454220234526,2.08478821196014e-22,8
"19819",0.00507207019529305,8.80114128546246e-05,0.157799272556742,3.59160469966313e-20,0.520765908109264,4.70738453484348e-84,2.37288414501245e-50,9.47732225858607e-74,0.316274737725846,5
"19821",0.00233302643229574,0.175887727821128,0.00978996742371831,0.0079929746446278,3.14760615761598e-15,0.803987979322843,7.33121914966263e-06,9.93136234025041e-07,4.07405053283899e-21,6
"19823",8.03853618420496e-09,1.21445790491042e-06,0.078361049292228,6.27848157762931e-06,0.92163144888135,5.48158137345592e-37,1.69998587723185e-38,8.48403518187644e-10,3.45864242515309e-28,5
"19825",4.98982330575605e-11,0.0969087982201996,0.903091201729902,1.23102468233682e-27,1.1759064399002e-24,2.48717549387367e-28,9.31117847123006e-17,2.21001864169129e-76,6.57705870524602e-22,3
"19827",0.0002729015684359,0.000428298385460811,0.00230518278349804,0.00123008520782257,0.000138569545459574,7.88790434486486e-20,0.0119570755516934,0.98366788695763,7.66994957407525e-21,8
"19829",0.239246093784381,0.733036229087677,6.9173821157433e-05,2.73673687529146e-10,3.21249899069475e-11,1.26976592228052e-28,1.10148293583699e-10,8.80091671182301e-41,0.0276485028908374,2
"19831",0.1046796991371,0.00961769806546552,0.423706309165826,1.63757249646626e-15,0.439107808494618,5.39720299675321e-53,1.47785288522008e-71,1.1339111494593e-80,0.0228884851369889,5
"19833",1.44562176856888e-36,2.71587451329844e-07,0.999999505296689,1.73098745302464e-54,2.23115859650787e-07,9.65204021735669e-91,7.04675591109503e-81,5.51689532649834e-149,1.40830686185762e-53,3
"19835",0.00233302643229574,0.175887727821128,0.00978996742371831,0.0079929746446278,3.14760615761598e-15,0.803987979322843,7.33121914966263e-06,9.93136234025041e-07,4.07405053283899e-21,6
"19837",0.000266059807531263,6.42832754038843e-05,1.81801855571531e-05,0.00839504530937899,4.54371558108891e-07,2.6027921433678e-12,0.00115166285222411,0.990104314195744,7.14151798773221e-17,8
"19839",0.0661780388117667,0.933811841708595,8.15389464113007e-06,1.06005025256822e-11,1.93947229110618e-19,9.85784947846211e-14,3.41058443896966e-07,9.12821303411949e-46,1.62451585444685e-06,2
"19841",7.50921126257049e-17,0.00612685236992863,0.171271728521712,7.0686820793773e-35,2.22545326263656e-32,2.6833477832278e-16,0.822601419108359,1.33556680577179e-48,4.55385438176979e-28,7
"19843",5.07172253287479e-05,0.962618545444654,0.0373300089597015,6.21791368988331e-21,4.04309280440571e-23,2.72025622632834e-17,3.76537183322941e-59,4.11231924217605e-125,7.28370316011495e-07,2
"19845",3.62566197088812e-15,0.000336881226625578,0.0023515578810915,3.5877562142809e-05,2.02503443313434e-18,0.997275683330136,1.66228296733535e-34,1.68030972978403e-17,6.90527924121035e-51,6
"19847",0.000810918827401694,0.011423358628612,0.00840616099321735,0.979344356632424,4.30391956775658e-08,1.5161877476169e-05,1.64260452823341e-35,1.67382383851e-12,4.4001694847272e-19,4
"19849",1.14931935506275e-21,1.48568544461965e-05,0.000672710889519817,2.38511485710832e-15,4.71403680021118e-32,0.999312432256032,4.21738856121258e-35,3.99808930763096e-37,2.9540221904675e-56,6
"19851",5.14637914421786e-08,9.39041726938611e-06,2.16993663211523e-05,0.00461469430208387,9.50300931022196e-06,1.97733692595353e-10,1.67981354832525e-15,0.995344661243489,1.54997955060965e-29,8
"19853",4.91735142145686e-20,9.24014116644541e-06,0.99872511101916,1.30461071762636e-05,0.00089350684710392,6.76934971675004e-08,2.02818961801875e-28,0.000359028191896229,1.17060572063229e-66,3
"19855",6.22030982399827e-11,0.00253730089877949,0.000470954196102018,0.027409238558056,1.12301858987605e-05,8.68947177528299e-06,1.83871834730013e-09,0.969562584788467,2.51662607690719e-43,8
"19857",0.0116712210515637,0.0121110482491509,7.94528766880123e-08,0.959160606112203,3.18056656587888e-12,0.0170474325967006,9.47276457440743e-06,1.39769750204586e-07,4.99981399410944e-17,4
"19859",0.000249030020248822,0.0100335148662421,1.98213431599639e-06,0.969027656526203,0.000156648625657128,2.42861319431732e-13,2.27405573730269e-08,0.0205311450865331,1.1175849510317e-18,4
"19861",1.10968272232557e-08,0.00496356312252303,0.00473555335517753,0.235588581936581,4.9183308284604e-11,0.74998169668941,3.65141687167591e-18,0.00473059375029786,6.43107114216203e-39,6
"19863",9.41985683103708e-29,0.00492501721912376,0.01595166502906,2.98538477558181e-27,6.93903615014012e-44,0.979123266001782,5.17500344861904e-08,1.08991215033166e-48,3.4229102469567e-63,6
"19865",3.44214581404623e-09,0.00248058785438333,3.09062382198628e-05,2.68035087643291e-09,1.65992598313571e-16,9.79651877983542e-11,0.997488411420327,8.82666077769105e-08,1.38430489868847e-29,7
"19867",3.32907217218872e-05,0.000508804027462321,0.00776107000834167,0.99104248566131,3.67485690872156e-08,0.00065431111202482,4.25876447234784e-37,1.7205703114078e-09,1.24590079493404e-24,4
"19869",2.68450933461125e-18,0.000277811410991967,0.00499508557320391,7.88919930787696e-09,5.79328163036215e-25,0.994727095125439,1.14390224623311e-12,2.17132085595455e-14,5.63132310183922e-60,6
"19871",0.00461936332649224,0.00258649996591411,2.00069575268762e-06,0.554979939114331,0.000285648191421358,3.14832464185533e-15,0.000668298993378223,0.436858249712701,5.55599462760057e-15,4
"19874",9.78110094779973e-09,0.0121707451470959,3.40897479942319e-05,0.00145815535218563,7.1085763873528e-08,2.28740787928566e-12,0.000148916844179078,0.986188012039393,1.34987304742049e-32,8
"19876",2.32984791391469e-11,2.81287993939392e-05,1.24528669359834e-05,0.000357008881943649,2.51027061485666e-12,0.000117954951120962,5.53703638178482e-06,0.999478917438415,1.35113534375029e-41,8
"19878",0.0353660036482053,0.962614968684626,0.00199439672936524,2.46298017602438e-05,1.13540228943861e-09,2.09180078971419e-24,1.94364303260475e-29,1.1684957723357e-57,6.40500563313695e-13,2
"19880",1.39653435855736e-15,4.73463572775265e-05,3.88539400806651e-05,9.72528526966006e-14,2.06536211270119e-19,1.03171466144996e-09,0.999913797538935,1.13189338755921e-09,1.53491579840795e-46,7
"19882",3.14870596979734e-12,0.0242899049033733,0.0151643932814727,0.00794445483333399,2.83594902297821e-13,0.95260124697836,1.80928263075986e-18,2.81798835833004e-14,2.46988431769181e-49,6
"19885",0.0165906484953855,0.00119184624278843,4.66347510020397e-07,0.932204082133349,7.70029887307965e-06,3.62223783753622e-06,2.31728891936711e-08,0.0500016107074204,3.63946628223425e-10,4
"19907",6.33474880513448e-07,0.0159038505946145,0.0389830723647545,0.592339486525995,1.04940859068392e-10,0.35277295659656,2.07113969585344e-28,3.38254059261103e-10,4.38579466229505e-32,4
"19909",0.714129219256313,0.0186006878428345,0.000802322336652975,1.38924899652465e-05,3.29212207910379e-10,9.65776613139979e-14,6.54566223681111e-29,2.12169060046704e-35,0.266453877744925,1
"19911",0.933456736998432,0.0664861331887453,5.55133557946539e-05,8.77198655078238e-08,1.84509516439288e-08,1.19940460775924e-24,4.10408805185692e-10,5.19343727279438e-35,1.50987580207775e-06,1
"19913",4.49114971037764e-18,6.70165834430264e-05,0.000129934911270649,7.49103082220824e-27,5.30114557100723e-22,1.0494610256859e-20,0.999803048505286,1.78927613217439e-24,1.27608166001897e-37,7
"19915",9.8976145097994e-08,0.000398224579955333,5.09491992851291e-05,0.000467382019772249,8.66017219482005e-07,1.30196217660158e-13,0.896847634783307,0.102234844424185,2.52279374486554e-32,7
"19917",6.13643330318349e-06,0.0208775968472774,4.18838122189524e-06,1.80309340682327e-06,5.30831200303866e-11,5.08511130336406e-14,0.979110258541866,1.6649791088363e-08,1.59511990131779e-24,7
"19919",7.53306116670882e-05,0.00366529649363073,3.93663151396188e-07,0.110387923481965,4.59631145604165e-05,1.9214897842837e-14,0.0703661416246096,0.815458951010397,3.54862559165604e-21,8
"19921",2.91335079737057e-05,0.000922888586643346,0.000118256804208255,0.864796178291868,8.14719291971774e-06,0.000196423472275404,2.75917462792007e-18,0.133928972144112,1.15413275209765e-23,4
"19923",0.00948925232794633,0.351187851518803,0.00157156830525895,0.637474498820721,0.00027682902727087,6.20244867477317e-21,4.0785183881926e-41,3.58215909189105e-28,2.40432033212453e-17,4
"19925",1.16758128169071e-07,0.00160341566503079,9.46286419250198e-06,4.18503275908049e-05,4.47591737345326e-09,2.03998890247457e-14,0.998258523404686,8.66265044334891e-05,2.05368654122935e-30,7
"19927",5.0769683526134e-06,0.000377268228974167,6.56339767409742e-05,0.975572442813647,0.000135689269632214,3.26584986993202e-06,1.62694253551661e-16,0.0238406228927829,9.73345832962764e-25,4
"19929",1.43596047333546e-26,0.00340255856298999,0.0539464920499138,9.736659696014e-29,2.64352887334135e-41,0.941709466511095,0.000941482876001411,2.25894835516808e-32,8.57383950847918e-59,6
"19931",0.000832935259542935,0.000436974891440819,0.000166755354123509,0.998325204132492,0.000238108217607651,4.91450821771982e-12,2.78587322196587e-18,2.21398772683569e-08,6.15198204542043e-16,4
"19933",0.970399196163312,0.000403898341751844,0.00287289164566676,0.00729805820084922,0.000143612834073084,4.69102737766466e-22,1.64041726257199e-16,8.98778621708765e-15,0.0188823428143376,1
"19935",0.91146242573698,0.0486927559077,0.00360221189993847,0.0357127019377115,3.14759694312543e-11,0.000529900200549208,3.95946434877741e-14,3.12933242739267e-16,4.28560525448349e-09,1
"19937",2.36388548100163e-05,8.21290084048805e-05,0.000564513656079478,0.982599892604653,0.00338477771158071,5.41978831114383e-13,1.95708709666697e-24,0.0133450481639301,5.10011222998906e-21,4
"19939",0.00101325953547736,0.0503122855607009,1.28952350804446e-05,0.948366997487927,0.000292605322002828,2.58325987500039e-11,2.76395181160052e-12,1.95683021461381e-06,2.89135933966067e-21,4
"19941",0.465109699184862,0.51786838762415,0.0170157022145628,1.97361551893452e-14,6.33474621194439e-16,3.63906404428368e-19,5.05389379568771e-07,7.82362035324557e-40,5.70558702519277e-06,2
"19943",5.61664858116119e-12,0.00157356281312871,0.000116257697479685,5.328957399752e-12,3.42394836705773e-12,4.79648934539683e-19,0.998309464027557,7.15447464693462e-07,6.37824472822779e-34,7
"19945",0.877901943191952,0.00304363975734116,6.36706416012119e-05,0.105522815372928,0.00113446482742554,1.05783434481313e-25,2.27303206026798e-18,7.63619039522425e-19,0.0123334662087518,1
"19947",1.19205744231062e-07,0.999602984400102,0.000396876024440479,1.09071372729772e-14,6.927572814255e-19,6.07341510689283e-19,2.03697020689766e-08,1.83919529492153e-42,9.47901082222088e-19,2
"19949",0.905834868403397,0.0295814939376561,0.00665926664884372,0.0562412087080035,0.00168314801641434,1.51782789613113e-24,1.55207377299771e-41,5.1087546320864e-25,1.42856855734348e-08,1
"19951",0.00761091082447685,0.472944952330121,4.63200986663251e-05,0.0427082524132164,2.1836304208871e-07,1.17887389465203e-12,0.476689345969016,2.83063657269336e-13,7.8263330986158e-20,7
"19953",4.86655387895431e-05,8.76765184436992e-08,0.0439721384226886,7.36014020533714e-15,0.955979099318252,2.34828798252172e-64,8.17836550541847e-78,2.00143835789822e-72,9.04374385193695e-09,5
"19955",0.217954431612103,0.781920525680144,9.82746490831122e-07,2.72351825342728e-06,0.000103823097013641,1.47085145934074e-32,1.19748789484632e-50,5.84518608438924e-60,1.75133459952355e-05,2
"19957",4.76685025097448e-06,0.996221642550285,0.000610170690366586,1.24108618100665e-05,0.00315026387467129,6.48044971068239e-27,7.41018258173095e-07,4.15435803773338e-09,2.51885230559021e-24,2
"19960",0.112892277115595,0.887048966437535,5.28262045035419e-05,3.17705648642207e-09,1.06151625740673e-13,4.23382871908627e-22,1.08340518651359e-19,1.53745761224204e-57,5.92706520450811e-06,2
"19963",3.42133784212424e-25,1.01688002292514e-07,0.999999898058729,2.09573649250086e-49,2.5326829231573e-10,1.81516238547361e-62,1.23822434784777e-30,4.66323392499057e-68,1.56109724828213e-42,3
"19965",0.589991572535159,0.409560477983727,4.39235492837338e-06,3.70840738640491e-09,8.4884611064544e-11,1.66852465741045e-23,9.3993897613402e-44,6.36568295029672e-93,0.000443553332893166,1
"19968",4.17834753514972e-07,0.794458470521143,0.160245141597662,1.37256628405553e-12,1.7128029539336e-35,0.0401056234407364,0.00519034660433245,9.6715674659589e-24,8.82911123911502e-21,2
"19971",1.00154259870637e-18,0.028359191017214,0.971640808782005,1.35841962258001e-42,5.97756363724427e-13,1.2736875333606e-60,2.00183026781768e-10,3.37054464515961e-82,3.57110719477538e-24,3
"19973",1.44796935853819e-05,8.57106377813825e-05,6.04693692360411e-07,0.0227138004995854,7.70578847479097e-09,7.07215607670609e-05,8.99596050699777e-05,0.97702471560373,1.08969437609897e-22,8
"19975",3.07992487989269e-05,0.08498893766632,7.55441682046608e-05,0.000259752128901193,4.03825299423798e-15,1.46283808950803e-06,0.914643370728109,1.33221572416663e-07,1.22825213540214e-23,7
"19977",4.15464283606726e-16,0.988817727513863,0.0111819385573061,1.76566518068515e-20,1.28940534786614e-17,2.49432667665932e-34,3.33928830413515e-07,7.91179077931817e-54,3.81395807051026e-38,2
"19979",0.00045122288452938,0.00105632776989528,0.000697462540255647,3.28714990797271e-21,2.87818184721954e-08,3.52706883760124e-63,2.47477098660942e-32,3.76544715610663e-80,0.997794958023501,9
"19981",0.0150497801357884,0.00164635964222518,2.37027999777625e-07,0.983291715385469,1.16119670661945e-06,1.07458417676615e-05,1.10420201073302e-15,7.6411928687425e-10,5.92246567583844e-12,4
"19983",0.00357194983791413,0.00214825195666715,2.05906629379677e-08,0.99427629463543,3.46795466211129e-06,1.4995872742314e-08,4.36301401177977e-21,2.87875649691486e-11,3.0762174846046e-15,4
"19985",1.57104149883433e-09,0.00316939814102747,6.69953708793339e-06,0.00188535057944445,1.3689011233421e-10,1.62514922286704e-06,0.302309262297539,0.692627662587747,8.89548471998947e-38,8
"19987",0.891047547294327,0.00643726111808129,0.0136131275947344,0.0849671029259023,7.99907386054066e-06,5.16882158414618e-16,1.8896873809649e-05,0.00390801405671743,5.10625671390332e-08,1
"19989",0.0171510755140926,4.92336269582334e-06,0.0115206351597338,5.00490868984514e-15,0.000491820712451764,7.62437006275043e-56,1.85752082026285e-65,4.16583151766656e-76,0.970831545251021,9
"19993",0.949537827906532,0.0493976508345865,6.50611775395167e-05,0.000986805756328596,1.0025651826945e-05,3.4888693065715e-24,6.80702378883829e-09,5.37333071498966e-20,2.62186616274408e-06,1
"19995",0.977633444502596,0.02106166796533,0.000551564391640345,0.000730626541554968,3.37121396152274e-08,3.52052700104596e-15,2.31059136368257e-10,1.4006486716561e-25,2.26626556766258e-05,1
"19997",5.73382774987093e-06,0.00179380702803632,2.51039996234378e-05,0.387067178294127,1.23206895221507e-06,2.03781283955593e-06,1.70073328638382e-07,0.611104736895343,1.32216031089937e-27,8
"19999",2.19748652638374e-09,0.00139151201491183,0.000115351680668731,0.000496554762968339,1.91864690298023e-10,0.000131124803014697,0.994782492256188,0.00308296209289752,3.01902379281005e-40,7
"20002",7.39253308980589e-23,2.90327463988173e-06,0.99999709671459,9.05197827688361e-42,3.06817973863509e-38,1.0770533292467e-11,7.18415689892466e-17,1.36683672240821e-58,2.78335228505304e-40,3
"20004",0.980219912739059,0.00104253691747604,0.0185840957692426,3.96569099494311e-08,1.53251753635524e-12,4.00373713870623e-12,2.72512775041971e-18,3.54179765218569e-28,0.000153414911776156,1
"20006",0.00307248809565348,0.996923003402258,3.23386341023152e-06,1.27460468027279e-06,3.39965492458913e-11,4.59892267587987e-26,4.56384575606962e-22,4.1997224878247e-68,1.9973564255081e-15,2
"20008",0.042984793820157,0.940366075567092,0.0166491293530698,1.1525172000035e-10,1.14106785258279e-09,5.68155147161596e-27,5.61607898262817e-29,1.216339839888e-70,3.36219769533498e-12,2
"20010",0.931284809083338,0.00558128821752827,6.53248663162845e-05,0.0353466782897839,0.0109077612894403,5.01092586807609e-42,2.70209720265963e-31,1.91721064678449e-26,0.0168141382535937,1
"20012",1.36963827240376e-08,0.839284320458878,0.00840093329059484,2.17749954983912e-06,4.85905610956479e-18,0.0026739072873349,0.14963864776726,5.73392904919745e-22,1.72833672669591e-37,2
"20015",0.00476823259054335,0.0111838138466883,0.00018673204796305,1.55063421204268e-15,1.25025612075424e-16,3.54874428238048e-23,3.57564551473106e-40,1.09338841797206e-87,0.983861221514804,9
"20017",1.17753562492017e-08,0.000319097682431457,6.84834878722024e-06,0.0188779937680064,4.06214059277632e-11,0.00664332768333962,9.86816343372762e-06,0.974142852538024,7.33035748476234e-35,8
"20019",0.000748116597610116,0.000532535343609286,0.00189217151296033,9.09550727770276e-23,8.78669682891341e-07,8.31242943548393e-76,3.21456443597514e-57,1.17616034561632e-116,0.996826297876137,9
"20022",0.622027116270965,0.00280194521599948,9.28146146556302e-06,0.0301371071285653,0.00109253729326978,3.05896231327991e-34,1.47869419033477e-27,1.78494521833953e-27,0.343932012629735,1
"20024",3.52748417709454e-08,1.60309858031121e-08,0.999910931845678,2.15681784975725e-32,8.82693754533179e-05,2.20962278160978e-80,3.40451202554507e-109,1.74809721288468e-120,7.47473040949839e-07,3
"20026",3.52748417709454e-08,1.60309858031121e-08,0.999910931845678,2.15681784975725e-32,8.82693754533179e-05,2.20962278160978e-80,3.40451202554507e-109,1.74809721288468e-120,7.47473040949839e-07,3
"20028",2.68764445677597e-09,3.24219490618635e-05,6.59120673766014e-05,0.000864504175204323,1.72764319912379e-09,7.83533919959191e-07,9.34823498923585e-05,0.998942891509257,1.41412701279109e-37,8
"20030",0.00177519511896141,0.00472984197488258,0.0222369232781156,5.63163458494286e-19,3.89803752797185e-19,4.22753616151862e-27,6.39265873611014e-23,7.26636870936386e-56,0.97125803962804,9
"20033",0.0227683378006182,0.0466600949485907,0.000131858912128954,0.0185670084350495,3.90479445007879e-07,6.11357866612768e-10,0.909276582574417,0.00259572623839245,1.22793009753739e-16,7
"20035",0.0033748555110356,0.0023579856730622,0.0613336135429379,7.90356360336853e-23,2.32001073195119e-05,2.03598191204622e-71,5.39363202273917e-65,2.03677066504913e-115,0.932910345165645,9
"20037",0.00305980696034624,0.0063684020770226,0.000347423480261917,6.7058713299811e-17,9.11702384787788e-09,5.29481713480359e-50,5.64366175834984e-62,2.93311111351349e-116,0.990224358365345,9
"20039",1.61914777980424e-19,1.02593697362822e-14,0.0735690883849214,3.73513733351891e-42,0.926430911615068,9.61624864345475e-113,2.8152016359868e-157,7.41939062201994e-145,7.8988051162242e-18,5
"20041",0.0488512482621745,0.0672037656042143,8.62429914338803e-09,0.861859163326214,0.0220858141830984,1.00166475190466e-24,8.34127949842766e-22,5.89235520320527e-35,8.84500151059374e-17,4
"20044",0.0131515589406851,0.982589855705753,1.09585858406919e-05,0.000967026964092296,0.00328059980362901,3.20875828805906e-28,2.36833506658545e-18,3.46337733776712e-43,4.98864926174158e-18,2
"20047",1.08184059491307e-05,0.000981288478812128,0.00520582285316321,6.77573854734638e-32,1.26761830439593e-06,1.57340995142593e-88,5.01543380808355e-50,1.48345996846474e-125,0.993800802643771,9
"20050",0.0304511595365113,0.00355036966568442,0.0062922854387062,4.57479617970112e-07,0.959705246372161,8.53412456320392e-67,7.36691022760983e-32,1.44979067891301e-42,4.81507318762311e-07,5
"20052",0.112381840926602,0.0431538612268182,8.55888437922947e-06,0.810391182372863,0.0156049599862517,2.60045550847689e-23,0.00837343594396045,0.0100861605752839,8.38414292909574e-11,4
"20054",0.118174918601517,0.0630591429949728,3.97367231070164e-06,1.07988956007565e-08,1.1178426831221e-15,6.52104832878678e-14,3.38215053969137e-23,5.64621588534276e-50,0.818761953932238,9
"20056",3.627854399523e-06,0.0030184123246296,0.216056734892543,6.10347922172262e-16,3.72784120475582e-13,4.06765477812448e-22,0.780921224928054,5.35334018258586e-18,5.21928780218905e-21,7
"20058",0.0199830569130388,2.97754323131188e-05,0.00784026430930834,1.48555957085955e-14,2.53868803305839e-06,2.62597059231995e-46,5.3729607061136e-74,1.04311175994123e-80,0.972144364657292,9
"20060",0.00429568278481327,0.000219940541276088,0.0225678157107931,0.9661766824675,1.06247124986808e-05,1.44419136292819e-08,6.20432929510218e-16,0.00672923934120423,5.7171374167646e-19,4
"20062",0.0398357809506789,0.00652637736713075,2.35362689641512e-06,0.953624821865946,1.02515352883142e-05,4.63785847608162e-08,1.04687640178924e-10,3.68169658875477e-07,1.12867433972727e-12,4
"20064",0.353276150952095,0.00250083332915158,4.47249767405152e-05,0.00795361878046936,3.13780862283002e-06,2.17884654233917e-23,3.2995739299263e-09,1.44098187896748e-15,0.636221530853345,9
"20066",6.43075868997161e-06,0.00292745512030593,0.0155362738002066,3.19266818390661e-28,1.63149020660729e-18,1.2820387172345e-40,9.31686024774856e-33,5.06670643382971e-90,0.981529840320798,9
"20068",9.84948865907582e-07,0.00268964884669347,4.38962597474954e-05,0.973782517319632,1.91539029821398e-07,0.00963646352907496,9.60553171347345e-17,0.0138462975569568,2.57290013711023e-30,4
"20070",1.11176588530068e-06,0.00291797089306171,0.000382271785322157,0.991396578403182,0.00530172329395782,5.39909324556111e-12,3.84446924624742e-29,3.43853191579176e-07,3.40613781347896e-29,4
"20072",0.00842902214316285,0.989998112184435,0.000606855346994542,3.14384331692053e-13,3.20914990999878e-17,1.19604985510977e-12,3.78522999121217e-56,1.56819034425476e-89,0.000966010323897212,2
"20074",2.58524326226443e-24,0.000508894897658143,0.000596939291901908,1.18037403702185e-25,4.53915808895482e-31,1.93632746280981e-08,0.998894146447165,2.47635159900656e-27,7.08152835020472e-54,7
"20076",0.000315213674164729,0.647357347718931,1.64638956759628e-05,2.26123695520901e-07,5.90364779622757e-26,0.249870233563056,0.102440515024477,1.10615670687943e-22,1.19129173902953e-17,2
"20078",0.995586069590089,0.0032901939146694,8.09439656865826e-06,0.000739240166159144,0.000204741227172195,4.72441628238823e-28,8.79056787292828e-18,2.91866295861176e-30,0.000171660705341263,1
"20080",0.00307352836437321,0.000528349333843953,0.000337954601859947,2.89804106528805e-15,4.02044403765894e-05,8.56024380263556e-69,8.59672023348523e-40,2.22842417754382e-82,0.996019963259543,9
"20082",4.21365134719962e-10,1.48776024031533e-11,0.0134686814773343,1.20449335276248e-28,0.986531277108111,6.27551464323083e-111,7.37392236956577e-89,5.78381038810811e-81,4.09783117233236e-08,5
"20084",0.925726467817201,0.0736845705766994,0.000211021529310149,2.7084670189606e-09,0.000197487423569046,1.04603277731889e-45,2.22341111175235e-09,9.66537329970567e-30,0.000180447721341806,1
"20087",0.994022385236766,0.00516604559903485,2.46791276219351e-05,0.000652056495222281,4.10224999191931e-07,1.27535272767732e-16,3.40717858021626e-37,1.02077945337467e-43,0.000134423316355277,1
"20090",0.0361872379942423,0.0023225684715566,0.00020871414542809,7.4737955616866e-13,0.00440521716394911,4.22471771866025e-72,1.65593251837097e-42,1.31828554151976e-83,0.956876262224077,9
"20092",1.19785194621318e-08,0.00159140308324996,0.0199985584673692,3.61964982087406e-08,0.978409990274363,3.2538031016701e-31,1.3029745494079e-92,1.47016568508085e-58,3.31975926769377e-23,5
"20096",1.52006101492013e-06,0.0112411448593429,9.34868629724874e-05,1.24255789914631e-06,0.988662605658771,2.63328668067391e-41,4.95691770717931e-28,5.12701537336358e-22,2.42229015995012e-24,5
"20098",0.0020191847173103,0.0289576624257121,0.000336340217162443,0.0599955677873411,3.09072158837391e-05,4.33090039675579e-12,0.657634978129907,0.251025359502353,6.47717027994567e-20,7
"20101",0.256795329826618,0.134309131312439,0.00022284441847384,1.25681325987786e-12,1.82223482904191e-05,1.18726462026393e-55,5.70174850389662e-14,5.10429051138663e-58,0.608654472092865,9
"20104",1.15816033977681e-23,4.18030765309254e-05,0.999061258721217,7.87917401748279e-15,0.00089693820224369,4.37369334088359e-23,1.00426615791183e-67,7.94292502539438e-34,1.33155334752231e-55,3
"20106",0.033026191290986,0.00133809374752839,1.81441943013118e-06,6.31942501397697e-07,5.27254955745144e-08,1.05017151518258e-35,3.0487494488626e-14,1.16816036252557e-39,0.965633215874028,9
"20108",0.0120479337407084,0.00385870238610584,0.00436104079327321,0.961289852292154,3.93023896970077e-08,0.000481555049394254,1.93979114369575e-06,0.0179589366448308,9.6584132905301e-19,4
"20110",2.45625195162481e-05,0.124891235525101,0.00201555549903569,5.63768916512621e-05,0.87301226950247,1.08405507587705e-46,6.22255930725148e-11,7.27689649422464e-18,4.86625352924165e-23,5
"20112",0.941475712749533,0.0394633851369065,0.000278771926269031,6.44590669334456e-06,0.0073125694607861,1.70021198838293e-41,1.59096345725276e-24,1.40542976935674e-41,0.0114631148198117,1
"20114",0.988349169626633,0.00944669832416246,0.00210241083441912,2.51870948799669e-08,3.22040434411941e-06,3.33495134654044e-34,1.19180001139652e-06,4.14636978324047e-19,9.72838233350588e-05,1
"20116",0.418918750393955,0.21110549621688,2.0152112965833e-05,8.25899529736186e-08,4.15158257120978e-15,4.26859830222924e-17,9.13368597002263e-06,4.27814131076256e-28,0.369946385000272,1
"20118",0.536040065514569,0.0114165602058438,7.53849868973816e-06,0.449938829850446,0.00040853967704716,1.19922320245117e-18,0.00131364653453584,0.000873903867717848,9.15851151528786e-07,1
"20120",0.954314626587239,0.00242115428119876,0.0199836151156665,9.80123178981213e-09,0.0108866076846634,1.67303090799648e-66,3.605042303745e-17,5.59692890391654e-30,0.0123939865300006,1
"20122",6.0106869323277e-10,0.00156443214173641,3.05493139854513e-06,6.27997862738339e-11,1.75863390497154e-18,1.32876728304014e-11,0.998432511942317,3.07391794092541e-10,2.85203877689053e-29,7
"20124",0.58862882492677,0.275539291267093,0.000173261184722695,2.02131463371086e-10,9.26843477511181e-05,1.43595445154791e-47,3.37175291317201e-52,7.75450500935771e-88,0.135565938071532,1
"20126",5.11906348658202e-15,2.75647435921057e-05,0.835980428839744,1.16358629061449e-36,0.163992006416659,1.79105969969852e-87,4.00100771591674e-96,2.77534282348662e-130,2.16655993329084e-18,3
"20128",4.19117533850153e-11,0.000144999397350371,0.997374892533284,9.31374938483643e-46,0.00190088833737306,1.45228348804307e-109,4.15283796476487e-101,2.02427366670966e-191,0.000579219690080181,3
"20141",3.93706028043592e-15,1.41515125630799e-05,0.137316617960077,4.00142753352277e-09,0.862669226525927,3.96974436701881e-28,6.99573454356624e-35,1.05486235688575e-15,2.4622587989621e-43,5
"20143",3.51979040093257e-18,0.0312387119561478,0.349527646480082,1.20967643775248e-25,1.08060801341255e-23,9.02600328920501e-19,0.61923364156377,1.06290062539015e-38,5.07846526847953e-47,7
"20145",0.194371598040345,0.000445616756172042,0.000208336950778313,0.0022022873378584,0.00575928717214633,1.71323330225982e-42,1.32647628341319e-22,2.18458963201188e-24,0.7970128737427,9
"20147",0.16735215988401,0.00252649832470973,6.68123616690131e-07,0.00133563295835921,4.759376176168e-05,3.10479678913772e-28,5.77079809491182e-18,5.15148841094173e-32,0.828737446947543,9
"20149",1.93327908781023e-12,0.00318365989255909,3.2576804193066e-05,4.6091371537656e-12,1.94748228497021e-15,7.81180720343874e-11,0.996783762353935,8.64650149619477e-10,8.90287385051312e-40,7
"20151",0.000193657551820309,0.000266534986671819,2.52867107996952e-05,0.010604477808367,9.01042217450596e-08,1.0429645626793e-10,0.0131211359568618,0.975788816776961,5.37444048130869e-20,8
"20153",0.000859984503928718,0.0269850313378969,0.336064705076872,6.91601634236685e-06,0.598571658090944,9.96596379730346e-44,0.0375096863516168,2.01862239936751e-06,1.62974404304646e-20,5
"20155",0.846471834825688,0.00480683088206718,4.68948187965201e-09,0.000264313780084643,2.80591878554408e-06,3.86491704992599e-34,3.40154017353621e-26,9.42622640549517e-58,0.148454209903892,1
"20157",7.77337018204199e-05,0.000393385978884904,0.0532640205494593,0.000454954628531551,9.86906798427124e-07,9.92656848117756e-15,0.0105941772832545,0.935214740951241,1.16973148339499e-24,8
"20160",3.13002258327278e-18,1.81355405242698e-05,4.75867805659828e-05,4.14889527122268e-24,2.02053732515874e-22,1.68462668380288e-17,0.99993427767891,2.28557328523492e-20,3.64519488996902e-41,7
"20162",1.15771357825635e-13,8.82007250276739e-05,4.3228406013956e-05,6.1641229427961e-11,2.27556057854061e-16,1.75982101837005e-09,0.99981898814627,4.95809011105701e-05,6.5718142240231e-43,7
"20164",4.03252157909836e-06,0.111287333216222,0.00398636374308071,2.21654822484368e-06,9.13749568569287e-08,1.87270925638024e-17,0.884719962595935,1.13095782089467e-15,5.04909888311077e-29,7
"20166",4.49638220688264e-05,0.933299176718045,0.0654090607297853,3.82549682442411e-26,1.24016896518084e-26,5.40066670991477e-19,1.90224436566194e-17,1.25804039716401e-90,0.00124679873010054,2
"20168",5.8829180196972e-18,0.296372524915939,0.703611523416237,4.88097046322612e-37,8.52760632983225e-45,1.59516678241044e-05,2.7573671760704e-31,4.78741397401456e-91,4.24001056889093e-22,3
"20170",1.55271021381836e-05,0.00248604890200475,3.03133628659986e-05,0.000135538835125354,8.82573444702475e-05,4.07059253231152e-21,0.992888901290943,0.00435541316245234,5.18597050632271e-24,7
"20172",0.114736666562576,0.000315289382811666,6.80184167387262e-05,0.00173625645905087,0.00137161513700443,3.85226948539867e-33,1.6414008169575e-42,1.83094610088591e-35,0.881772154041818,9
"20174",2.51034741604125e-12,0.00227780956157102,0.000444282797276357,7.98771844922922e-05,6.08891795024965e-19,0.978728142140735,0.000122972534606508,0.0183469157788088,3.77910567764145e-45,6
"20176",6.76660098314768e-12,0.94132155600441,0.0385514660794413,4.12758292137036e-21,1.95603770463811e-36,0.0201269779093814,2.86155875674718e-27,7.25253098058826e-68,4.62087467848127e-28,2
"20178",2.9605529293661e-19,3.06949687844675e-05,0.000160675091132727,2.19051660126555e-26,7.97345898261767e-22,6.00347429170251e-20,0.999808629940083,4.29508559594346e-23,9.92017479994678e-41,7
"20181",0.00155205920039581,0.032713284162356,0.00515109498398003,4.18678116557782e-19,1.14574549703819e-18,1.33322840520388e-33,8.32232399904843e-12,1.19382997624618e-53,0.960583561644946,9
"20183",0.000890208749983098,0.000135172972064344,0.0018346443932561,0.979203075550236,0.0179132424391964,5.69731713772592e-16,3.40224751567306e-27,2.36558952562335e-05,7.31388224802573e-15,4
"20186",0.000968908892608172,0.0010949483535587,0.142574503685919,0.853390049442641,0.00197158448563846,5.13963464776947e-09,5.01723587156681e-68,3.05840921903346e-28,1.19088232143001e-16,4
"20188",2.34332442158704e-15,4.42396158188199e-05,0.000208144879707117,7.66489156631783e-18,9.49798019836828e-18,1.58954511121312e-18,0.999747615504469,3.18465842869871e-15,5.39053719048591e-42,7
"20190",0.00171313488184518,0.00115224050358612,0.000260292411221462,1.78342029706049e-14,8.50460100015764e-12,9.71800991949519e-36,4.21872154125123e-31,1.72261625754486e-69,0.996874332194825,9
"20193",6.32142298540302e-15,0.782116941729159,0.217828921660882,2.63018847373135e-34,6.32253014013303e-37,1.18200010269162e-10,5.41364917528147e-05,3.98555311899166e-78,9.82709693254712e-29,2
"20195",0.0232637399184816,0.298838911766204,0.0006000146104265,0.000245288152691292,2.85494973111956e-07,2.60109327539933e-17,0.677051760057087,1.36822724019898e-13,1.32110421986877e-17,7
"20197",0.279867258422209,0.00517591029352841,4.60838795276465e-07,0.00297072395565191,0.000195501321685084,2.64606702028339e-31,1.43169337639764e-29,1.38837078765776e-38,0.71179014516813,9
"20199",7.90049916281384e-10,0.00269499949268691,5.46351591896537e-05,1.33432236550022e-06,5.42229751148566e-07,1.31057283594186e-20,0.997246352511923,2.13549403355372e-06,4.04320291211544e-37,7
"20205",1.2147676068805e-12,9.39585032961124e-08,0.0665489300030565,9.01319439094779e-22,0.933450976037225,9.62447701330501e-98,1.85634602056295e-98,1.41617131585027e-76,1.2275363993397e-17,5
"20208",0.318327757942571,0.367135812430331,0.00109358225104103,0.308715911354174,1.374938723142e-05,2.06291852244638e-10,0.00465820059242087,5.49858359249447e-05,1.35808819182889e-14,2
"20210",2.60086042001663e-11,0.000108056855895446,2.60949392246337e-05,4.18305172593279e-09,3.65168629805271e-13,2.68898266206213e-12,0.999851959687363,1.38843054026129e-05,2.65673034625498e-38,7
"20212",6.31538144827193e-05,0.0528233471185586,0.000492347509960128,5.78512940506576e-05,1.76499364160512e-08,3.97288889697039e-14,0.946540670337798,2.26122751734626e-05,8.52788342672483e-23,7
"20216",0.698318573718388,0.00794027274881243,0.00196801124660926,4.43269650689334e-07,9.38839414782183e-09,3.03730917909329e-31,1.26789363135521e-18,3.09846667791732e-31,0.291772689628146,1
"20219",0.238224678661888,0.00227655619638453,0.00295874834833419,1.06187718884583e-07,0.756486463282834,6.35004310059571e-65,2.12307080806604e-31,1.7238042896966e-38,5.34473228404304e-05,5
"20223",3.06223381200698e-06,0.660719255095358,0.33893691518923,3.16715051701707e-27,3.79802620832254e-21,7.30706871771351e-28,5.17951852022253e-82,4.44145202275713e-154,0.000340767481599635,2
"20226",0.128962739590205,0.089864094022686,1.70640844307296e-05,0.779086594229384,0.00206950806644788,2.56454277219097e-27,4.25628846998991e-12,3.14898547452827e-19,2.58989973456177e-12,4
"20230",0.00129877205601254,0.00156072736985602,0.00292325650635066,3.39499682926464e-18,6.79265340674147e-10,8.6675208401955e-43,7.04446201468146e-43,2.38763352690866e-85,0.994217243388515,9
"20233",2.58469975120763e-28,2.41000947368417e-12,0.143754316506947,2.47630064709808e-27,0.856245683490643,8.77520078548859e-76,1.54609390903533e-77,2.15587953373481e-44,7.02180947684886e-59,5
"20235",0.000963504809346072,0.998594544139273,0.00043955445472653,1.83843291447171e-14,2.29019157678822e-07,1.52193192884362e-40,3.36744022088424e-78,1.36434431529595e-104,2.1675774782491e-06,2
"20239",0.48469375664595,0.51515652866856,6.00835332308781e-05,8.36557123449526e-05,1.60822865276632e-11,2.47377797893643e-14,8.07058279509024e-43,3.4090416165891e-54,5.97542380737059e-06,2
"20254",4.56984594120657e-09,1.78554855575981e-09,0.0400515753355151,9.07288699777637e-28,0.959948169456166,7.82890137343262e-120,2.91584264483077e-84,1.59490171419069e-96,2.48852924067751e-07,5
"20256",0.357001069745988,0.0239165674114562,7.19649974759842e-06,7.89133708651381e-08,9.03864986305479e-06,1.41035410083491e-30,7.6396375535474e-53,4.06722996574491e-72,0.619066048779574,9
"20262",6.61502567764586e-06,0.000278969775452263,1.67381114063365e-05,0.000212990837879996,4.00031408439779e-08,1.44439751933755e-14,0.870843817524776,0.128640828721652,8.54972953743346e-24,7
"20270",0.00858046554087412,0.00210834411243258,0.989311110625479,1.04574232795131e-17,6.05998521904629e-22,5.12940794046605e-18,7.54114115832297e-20,7.27363044504748e-43,7.97212142939237e-08,3
"20284",0.000146170846392882,2.56684548228671e-07,0.222143074830632,0.000365672542294793,0.777344825096131,2.80371142800473e-44,1.35728382067521e-47,6.94868549591943e-16,2.5300232826584e-18,5
"20287",0.00015833076222714,0.00499588030380898,0.00058880747056699,7.1190937197689e-24,3.1245494893782e-14,1.25147545815706e-46,6.01307991536534e-67,1.95553065540664e-130,0.994256981463366,9
"20290",5.54516988063488e-08,1.20100467385764e-08,0.0729662468844335,6.53447218634351e-15,0.927033685653814,3.11473090054285e-86,1.74578549025661e-46,7.61292766406413e-39,2.40176065490411e-18,5
"20293",0.861368499706714,0.0038745533270568,7.79012991964188e-05,0.0950502343291302,0.00909181353648588,1.51230586837324e-29,1.85936356654449e-22,4.22913710223456e-19,0.0305369978014169,1
"20296",0.0292112474630154,0.308441450328226,0.000375112260363352,0.00162478687736267,2.19485295357814e-20,0.384473265519191,0.275874119934343,1.76174750070803e-08,2.31597888100609e-14,6
"20301",4.4780272726876e-07,0.114971302580062,0.0657640897493042,9.68679368546072e-37,8.22124355047898e-17,1.40736787533988e-63,9.09572213243125e-33,2.50308197998832e-147,0.819264159867907,9
"20304",1.1196986992975e-09,7.10032931940337e-11,0.0141982700120716,7.62586126216484e-25,0.985801725520245,3.55519425632143e-101,1.19481367180311e-88,2.82905971200157e-75,3.27698166243728e-09,5
"20306",0.0654332611349821,0.000922543782781439,0.0367187041207865,1.32045154848232e-14,4.76094933568697e-05,3.18815395142308e-50,9.85899517105816e-63,4.74390110173038e-87,0.89687788146808,9
"20309",0.961918958937775,0.0300953089011767,1.9295438750746e-05,0.00200316843015065,0.00586454743609623,6.14044738461628e-30,3.51122400681334e-21,8.10817358414239e-23,9.87208560506497e-05,1
"20311",0.992334057855663,0.00717304473693518,0.000293823211977394,7.28466563441719e-09,1.77199163827014e-07,2.08467793518354e-30,5.36294157138332e-18,9.13756450552953e-46,0.000198889711595437,1
"20314",0.00190190999615448,0.000213107868164672,1.47298528445665e-05,0.0136245845862399,2.98627544339885e-05,2.90837584907559e-18,0.00242309862933646,0.981792706312675,1.50592841457708e-13,8
"20318",8.37780052765179e-12,0.00150596526240939,0.666530170804298,1.66800390345405e-27,8.558559249939e-24,2.44631670389104e-19,0.331963863924915,2.03191144280633e-34,4.91601103910234e-29,3
"20320",4.92499815908838e-05,0.352570701270614,0.104061024171216,0.525833880520577,0.0174851440560022,1.26827918371505e-16,3.6602413179036e-20,3.03723877406377e-20,8.35686194549793e-27,4
"20326",0.0929228479385096,0.0137248159420987,0.00093760143600732,0.184119671166952,0.00184002145883828,9.14160650460949e-18,0.00203071522405092,0.704424326832511,1.03149877102629e-12,8
"20328",4.03017837590917e-05,0.00321189351835939,0.0140588682437822,0.973011876905115,0.00967705954885526,1.2916567744364e-13,4.38675220750685e-44,4.10845257417515e-19,1.14015504892258e-21,4
"20330",0.824720107548887,0.1751048984946,4.90713030125199e-06,9.311434337448e-05,6.34233306576171e-05,9.36655876120912e-37,1.07982999771142e-38,2.50140160928222e-67,1.35491521795442e-05,1
"20336",5.89186099259306e-05,1.05367754546273e-07,0.0991765428815562,2.32960077868831e-06,0.900762103514412,1.41550927396972e-59,3.07402234572873e-67,3.45162046956136e-29,2.55730189246328e-11,5
"20338",3.65251189144611e-05,0.00406935523940302,0.000106069704341325,1.45807757283119e-13,0.995788049932519,7.42893367600725e-79,2.22893030603656e-36,3.10382813135112e-45,4.67671734467529e-12,5
"20340",0.00145583026226391,0.00622177563143936,0.00241309843694211,1.24768772076713e-19,1.37730039664993e-09,7.8436679140392e-51,7.7616992307388e-59,1.01191363984904e-93,0.989909294292054,9
"20342",2.18684313208385e-23,7.78062765760755e-06,0.999990502943859,2.859429068541e-39,1.71642848346063e-06,9.12218539696459e-70,9.59097558956147e-64,3.12977720899367e-115,2.81627677068151e-44,3
"20344",0.442427286654747,0.0025443455607398,0.032005751538509,3.08124662025037e-09,2.58570301818439e-05,1.71305592531914e-29,4.47543802723317e-45,7.93252860384991e-53,0.522996756134576,9
"20349",0.0459164138225328,0.000468380211362209,0.00299469908586285,8.90999677850938e-13,8.04040939616473e-08,9.29891531745701e-35,1.39484319072472e-55,1.52159768910038e-75,0.950620426475257,9
"20351",0.963723086309814,0.026318846213014,2.68821900006872e-05,0.00623843054766274,0.00369172670280799,8.50057772130778e-38,1.11979185503553e-22,3.17039635068061e-24,1.02803670131175e-06,1
"20353",0.742938234671242,0.141656642544419,2.17204584035491e-05,4.63508896601931e-06,0.110344377407952,1.16496776142391e-56,3.84577227090517e-43,1.2162221411743e-76,0.00503438982901779,1
"20357",8.99755713289093e-10,5.78616681136925e-10,0.0549321897994208,2.38895792061215e-20,0.945067808722065,1.81805989454606e-95,1.58931839231243e-113,5.18656659786655e-90,1.42171047739665e-13,5
