"","V1","V2","V3","best$classification"
"19812",0.301625029310067,0.00853531566813501,0.689839655021798,3
"19814",0.0125138672148672,0.000170203279334842,0.987315929505798,3
"19816",0.986760385329126,3.20472358578974e-05,0.0132075674350166,1
"19818",0.0931888271340879,0.000209313363806118,0.906601859502106,3
"19820",0.999780299349139,0.000211459224984151,8.24142587641888e-06,1
"19822",0.940317814585807,0.0594873820052427,0.000194803408950598,1
"19824",0.984170915107326,0.000220452959970588,0.0156086319327031,1
"19826",0.180358289785522,0.000179328503751178,0.819462381710726,3
"19828",0.997314282981575,0.000746577505381372,0.0019391395130432,1
"19830",0.00447547825819456,0.0040882855056413,0.991436236236164,3
"19832",0.336242865926936,0.592135838939812,0.0716212951332521,2
"19834",0.918022891268032,0.0192513393905254,0.0627257693414423,1
"19836",0.717200374179134,0.00107139293939711,0.281728232881469,1
"19838",0.00102326593783688,0.000683791561101611,0.998292942501062,3
"19840",0.907065145121267,0.000174839061657763,0.0927600158170754,1
"19842",0.000925321225940235,3.11045301564974e-05,0.999043574243903,3
"19844",0.0110110684453064,0.000180650968168193,0.988808280586525,3
"19846",5.26709225138341e-05,1.30664240076106e-06,0.999946022435085,3
"19848",0.000109954199961236,5.45015927549809e-06,0.999884595640763,3
"19850",0.000748398991692613,2.24357418657287e-05,0.999229165266442,3
"19852",0.785898239502565,0.000669931160729062,0.213431829336706,1
"19854",0.00019470496340622,1.92209546325917e-05,0.999786074081961,3
"19856",0.0102470527070604,0.000337864509514749,0.989415082783425,3
"19858",0.327653282114803,0.00430282799273102,0.668043889892466,3
"19860",0.69172672508988,0.000688897936829739,0.30758437697329,1
"19862",5.18593702120819e-05,2.3805516031292e-06,0.999945760078185,3
"19864",0.241073035510538,0.00209534242598935,0.756831622063473,3
"19866",0.992189328796,8.60412491951441e-05,0.00772462995480514,1
"19868",0.000123769768035023,0.998642393808361,0.00123383642360445,2
"19870",0.00188825283947998,2.35416270703886e-05,0.99808820553345,3
"19873",0.0829826631348693,6.81752831958698e-05,0.916949161581935,3
"19875",0.997098204191395,0.000878291223063451,0.00202350458554195,1
"19877",0.0197292682088264,0.000215086715670309,0.980055645075503,3
"19879",0.415150712040587,0.00303260595548542,0.581816682003928,3
"19881",0.0344406365796373,7.55489361175136e-05,0.965483814484245,3
"19883",0.0249619956034715,2.21547900826433e-05,0.975015849606446,3
"19899",0.744893860243653,0.0178920174006991,0.237214122355648,1
"19908",0.595462084011991,0.184200758510521,0.220337157477488,1
"19910",0.561267045665763,0.000306775236643769,0.438426179097593,1
"19912",0.000328445258569203,1.30449576497858e-05,0.999658509783781,3
"19914",0.446289357479023,0.0138713540830471,0.53983928843793,3
"19916",0.986299377676253,0.0003600357926399,0.013340586531107,1
"19918",0.00103936368532776,1.74632911749408e-06,0.998958889985555,3
"19920",0.000284389585768832,3.79965584146562e-06,0.99971181075839,3
"19922",0.0677890485693952,0.769435152368781,0.162775799061824,2
"19924",0.0216304250193627,6.06019400614704e-05,0.978308973040576,3
"19926",0.884389326769535,0.0309590333710221,0.0846516398594426,1
"19928",0.00855901854738607,0.00107126906809087,0.990369712384523,3
"19930",0.00890097565460321,0.000147452942572363,0.990951571402824,3
"19932",0.000517377276110758,7.30553438810466e-05,0.999409567380008,3
"19934",0.965718052186818,0.00382946177533778,0.0304524860378443,1
"19936",0.0849547653799063,0.00436908464049036,0.910676149979603,3
"19938",0.992759316440231,0.00489272546984035,0.00234795808992846,1
"19940",0.176221253659826,6.03269374687364e-05,0.823718419402705,3
"19942",0.035834023615309,0.000245638764567238,0.963920337620124,3
"19944",0.873145137351931,0.000263138651168917,0.1265917239969,1
"19946",0.155948536413559,0.00028647116200096,0.84376499242444,3
"19948",0.0110650465400187,2.74603573781768e-05,0.988907493102603,3
"19950",0.000164025825825012,4.50479018706202e-05,0.999790926272304,3
"19952",0.0110650465400187,2.74603573781768e-05,0.988907493102603,3
"19954",0.00170976231561897,4.06017098179878e-05,0.998249635974563,3
"19956",0.000118319185910952,0.00057362793676895,0.99930805287732,3
"19958",0.00111687338986349,0.979735078471915,0.0191480481382215,2
"19962",0.177371183968112,0.00380614647242846,0.81882266955946,3
"19964",0.0633361283742857,7.77780590444105e-05,0.93658609356667,3
"19966",0.999289669219868,0.000217656802745738,0.000492673977386467,1
"19969",0.00602528461219789,4.32926805312186e-05,0.993931422707271,3
"19972",0.00152252632773078,9.16664107697856e-06,0.998468307031192,3
"19974",1.48599641699809e-05,4.70258121804074e-07,0.999984669777708,3
"19976",0.0285893842318094,7.56093350486984e-05,0.971335006433142,3
"19978",0.759920850673381,3.95117108467509e-05,0.240039637615772,1
"19980",7.72878045826586e-05,9.45143379547794e-06,0.999913260761622,3
"19982",0.00145056119573325,0.000224204069328533,0.998325234734938,3
"19984",0.00331213146016435,5.70111539405871e-05,0.996630857385895,3
"19986",0.999181514962896,0.000797041269275315,2.14437678284501e-05,1
"19988",0.998697690777953,0.00129784929244736,4.45992960005056e-06,1
"19992",0.998530461966766,0.00141847003585968,5.10679973742434e-05,1
"19994",0.0163338685406263,0.000575153315687776,0.983090978143686,3
"19996",0.999706199128953,0.000221634674273637,7.21661967733851e-05,1
"19998",0.125594649386811,0.000751906039000358,0.873653444574188,3
"20000",0.00150559179434478,0.053763690896324,0.944730717309331,3
"20003",0.116579893389148,0.00317059632288676,0.880249510287965,3
"20005",5.54196424008189e-05,1.92515210876079e-06,0.99994265520549,3
"20007",0.774566238818384,0.00590303947839708,0.219530721703219,1
"20009",0.992260218998599,0.00153611895145468,0.00620366204994654,1
"20011",0.0112949689990418,3.59266610815146e-05,0.988669104339877,3
"20013",0.00244482290410636,8.8673335293598e-05,0.9974665037606,3
"20016",0.991437360314779,0.0082937276729379,0.000268912012283119,1
"20018",0.0311168241131311,0.968881942134517,1.2337523520569e-06,2
"20021",0.994355936854601,0.000828834516011099,0.00481522862938757,1
"20023",0.948952368329415,0.00275151530344381,0.0482961163671409,1
"20025",0.641599552942724,0.358251179033857,0.000149268023419159,1
"20027",0.00317484194202622,7.08431273468056e-05,0.996754314930627,3
"20029",0.000241475747532602,1.40955191577065e-06,0.999757114700552,3
"20032",0.00312664649722742,0.000138293592001831,0.996735059910771,3
"20034",0.0273259296332519,8.68742756148434e-05,0.972587196091133,3
"20036",0.0562556718955132,0.00293433219742416,0.940809995907062,3
"20038",0.991265864865986,0.00852553743244753,0.000208597701566695,1
"20040",0.982298907923124,0.0174873735025471,0.0002137185743284,1
"20043",0.99616326746567,0.00158701611140046,0.00224971642292921,1
"20045",0.989110293481576,0.0108784745271614,1.12319912624465e-05,1
"20048",0.000545674952187781,0.000223334213623875,0.999230990834188,3
"20051",0.463592692014838,0.0305557053590985,0.505851602626064,3
"20053",0.973376737171853,0.000264546348862262,0.0263587164792849,1
"20055",0.876595179071661,0.11459733048208,0.00880749044625832,1
"20057",1.65695626264559e-05,0.995959059999322,0.00402437043805138,2
"20059",0.979325616125825,0.00455931254983566,0.0161150713243391,1
"20061",0.914341089226772,0.000960166633564117,0.0846987441396636,1
"20063",0.6988758783202,0.0405587622112879,0.260565359468512,1
"20065",0.256109199249847,0.743879214431215,1.15863189370388e-05,2
"20067",0.981096630409673,0.0169773582953444,0.00192601129498238,1
"20069",0.000119653951945657,1.76500733101062e-05,0.999862695974744,3
"20071",0.554757188191582,0.0112613006751453,0.433981511133272,1
"20073",0.00349341514366407,1.00224852633049e-05,0.996496562371073,3
"20075",9.18186385604682e-05,0.99933407695358,0.000574104407859313,2
"20077",0.974349977904702,0.0003212160168239,0.0253288060784738,1
"20079",0.318848033579073,0.00520398204452672,0.6759479843764,3
"20081",0.866806074623985,0.12834766880738,0.00484625656863546,1
"20083",0.0488640301254926,0.00991219106133645,0.941223778813171,3
"20085",0.995475849299086,0.00451989648993586,4.25421097797379e-06,1
"20088",0.997697832553533,0.00184827896410389,0.000453888482362726,1
"20091",0.00797265134414429,0.991635224154976,0.000392124500879639,2
"20095",0.245922506713192,0.0019275650248656,0.752149928261943,3
"20097",0.984885723489295,0.0151083314174554,5.94509324960521e-06,1
"20099",0.954625846106316,1.79743657227486e-05,0.0453561795279614,1
"20102",0.0306203780422433,0.625009682507996,0.34436993944976,2
"20105",0.983334754350464,0.00083802534078596,0.0158272203087504,1
"20107",0.998914194074401,0.00033758773683837,0.000748218188760155,1
"20109",0.703251653379513,7.64440221999574e-05,0.296671902598287,1
"20111",0.00077958122242692,0.448502501358178,0.550717917419395,3
"20113",0.988054677815912,0.000533517478540198,0.0114118047055474,1
"20115",0.00108746112508105,0.00124602807485258,0.997666510800066,3
"20117",0.339496672511636,0.650558992966416,0.00994433452194836,2
"20119",0.999344093993225,0.000116742939950004,0.000539163066824577,1
"20121",0.999109577342453,0.000783042974029904,0.000107379683516647,1
"20123",0.00546338996055956,0.994487053675451,4.95563639889777e-05,2
"20125",0.000771680733650647,8.8598964964754e-05,0.999139720301385,3
"20127",0.999163078653765,0.000712241861091471,0.000124679485143435,1
"20140",0.597208085129846,0.365324650104381,0.0374672647657724,1
"20142",0.000149321649682314,5.48933803447354e-05,0.999795784969973,3
"20144",0.000942159082807419,0.0186923940724104,0.980365446844782,3
"20146",0.0132531154399057,0.00584070924091376,0.980906175319181,3
"20148",0.0588975366823763,0.00100298549010923,0.940099477827514,3
"20150",1.79652318707027e-05,1.04153817505442e-06,0.999980993229954,3
"20152",0.177478911249459,0.00118770190495164,0.821333386845589,3
"20154",0.0690786936519844,0.930774287778033,0.000147018569982744,2
"20156",0.681080655897494,0.0215369797421879,0.297382364360318,1
"20159",0.000136761383547097,3.56315672611327e-05,0.999827607049192,3
"20161",0.0113473171915197,0.00121735568760199,0.987435327120878,3
"20163",0.304691049121182,0.00810359539436169,0.687205355484457,3
"20165",0.306535619990066,0.0015968408419945,0.69186753916794,3
"20167",0.0142944837538262,4.59664020615306e-05,0.985659549844112,3
"20169",0.000289772846570521,0.000120313153489723,0.99958991399994,3
"20171",0.0197130159701367,0.980258525675919,2.84583539443112e-05,2
"20173",0.535270564731751,0.000366668252804574,0.464362767015445,1
"20175",0.00587258966439266,9.20069910568608e-05,0.99403540334455,3
"20177",0.957218694139022,5.4591629045375e-05,0.0427267142319327,1
"20180",0.996643572563015,0.00332094993806096,3.54774989239422e-05,1
"20182",2.73574199597921e-05,0.00331142249068619,0.996661220089354,3
"20184",0.00164777364384716,4.27640186949473e-05,0.998309462337458,3
"20187",0.264523849739436,0.000105004242191252,0.735371146018373,3
"20189",0.950052511670656,2.91613059549983e-05,0.0499183270233889,1
"20192",0.872463907699815,0.117175476570966,0.0103606157292195,1
"20194",0.000833784054322143,2.71657154704557e-05,0.999139050230207,3
"20196",0.851146181448646,0.148603968019778,0.000249850531576119,1
"20198",0.527664710218086,0.0125615017789863,0.459773788002928,1
"20204",0.000146761026916828,4.04822341396229e-05,0.999812756738944,3
"20207",0.904343101748169,0.0946661663352334,0.000990731916597751,1
"20209",0.0112092684426201,0.235590149761715,0.753200581795665,3
"20211",0.00413773332990059,0.995767559996022,9.47066740779942e-05,2
"20215",0.980688713989133,0.00228086792015448,0.0170304180907123,1
"20218",0.00012013861203788,2.73356509150133e-05,0.999852525737047,3
"20222",0.917152025513518,0.0719593156549136,0.0108886588315687,1
"20225",0.000939939794997297,0.00153079195927205,0.997529268245731,3
"20229",0.14207512617098,0.236953285302143,0.620971588526877,3
"20232",0.93222334966923,0.0259401818089445,0.0418364685218252,1
"20234",0.898472612769566,0.101521284111077,6.10311935764055e-06,1
"20238",0.995966399569612,0.00267294330185521,0.00136065712853254,1
"20253",0.997845243102373,0.00156483831767642,0.000589918579951116,1
"20255",0.00463096079169489,0.00337365638158998,0.991995382826715,3
"20258",0.999555972105915,0.000157793334467403,0.000286234559617524,1
"20269",0.839740944804859,0.000264807583553612,0.159994247611587,1
"20271",0.998742568571495,5.31606822002408e-05,0.00120427074630484,1
"20285",0.0780198729794744,0.000273114476515424,0.92170701254401,3
"20288",0.972681830273104,0.00406600453610919,0.0232521651907873,1
"20291",0.790564697266309,0.208818700700917,0.000616602032773534,1
"20295",0.674342190423875,0.000364499766465609,0.325293309809659,1
"20298",0.000293040249296052,2.90626411540584e-05,0.99967789710955,3
"20302",0.00232118007377392,2.06756457627422e-05,0.997658144280463,3
"20305",0.000275847003021229,1.4677322244866e-05,0.999709475674734,3
"20307",0.99905928101812,0.000885719552219357,5.49994296608773e-05,1
"20310",0.996537847517229,0.00345173708783224,1.04153949386233e-05,1
"20313",4.46062928220491e-05,6.29845283795667e-06,0.99994909525434,3
"20315",0.998725735420071,0.000252611527144631,0.00102165305278453,1
"20319",0.495063532312114,0.504626560472095,0.000309907215790977,2
"20321",0.999211452959362,0.000225709822606669,0.000562837218031024,1
"20327",0.99972638628396,3.24883237661833e-05,0.000241125392274072,1
"20329",0.00235679618196807,5.61019832945258e-06,0.997637593619702,3
"20335",0.890143981636035,0.109756126367662,9.98919963029684e-05,1
"20337",0.000175731749491444,3.13371551343792e-05,0.999792931095374,3
"20339",0.0241866025974524,0.965293210771478,0.0105201866310692,2
"20341",0.0535457490496945,0.945741980983302,0.000712269967003601,2
"20343",0.985915169710608,0.01373234408166,0.000352486207732349,1
"20345",0.0576064734645336,0.000572845681119942,0.941820680854346,3
"20350",0.456873227145556,0.254504003907976,0.288622768946468,1
"20352",0.000649122658757045,8.26220941677042e-05,0.999268255247075,3
"20355",0.0274996359974266,0.00188395958994976,0.970616404412624,3
"20358",0.000397727432708791,1.92585993368323e-06,0.999600346707358,3
"20363",0.998746447090038,0.000209885543635016,0.00104366736632707,1
"20365",0.558199183285874,0.43137996199573,0.0104208547183961,1
"20379",0.00301961476691639,0.00253157701871526,0.994448808214368,3
"20387",0.997079296887385,0.00231501994443305,0.00060568316818212,1
"20392",0.00918142981788467,0.990783741364672,3.48288174434214e-05,2
"20395",0.0857215958865857,0.00171923457472896,0.912559169538685,3
"20397",0.000262350143045107,1.1554012406075e-05,0.999726095844549,3
"20410",0.996177978585447,0.00089734826956022,0.00292467314499342,1
"20414",0.00198039258496714,2.1583792713738e-05,0.997998023622319,3
"20417",0.177636312271648,0.822356649405664,7.03832268747392e-06,2
"20419",0.999756485398311,7.95010263961537e-06,0.000235564499049762,1
"20421",0.011194215787874,0.0275520091558309,0.961253775056295,3
"20423",0.000792906500464523,0.000284388249025062,0.99892270525051,3
"20425",0.00228623005295925,0.00122326457875032,0.99649050536829,3
"20427",0.198735957882027,0.000271854492476717,0.800992187625496,3
"20429",0.991903312241622,0.00618440703336752,0.00191228072501059,1
"20432",0.000226854451748507,2.79301607345496e-06,0.999770352532178,3
"20435",0.919923167839102,0.0284385258806481,0.0516383062802503,1
"20438",0.99630686480758,6.43030755397265e-05,0.00362883211688018,1
"20440",0.998763102709238,7.75677754995171e-05,0.00115932951526249,1
"20443",0.0149009618424425,0.00245804635493083,0.982640991802627,3
"20446",0.57889069565556,0.00240740109985286,0.418701903244588,1
"20449",0.923837168506379,0.0183957993960524,0.0577670320975682,1
"20537",0.759138224761759,0.22828965630989,0.0125721189283514,1
"20540",0.026419787958841,0.973551626913404,2.85851277555771e-05,2
"20543",0.35907193055447,0.00187407704424747,0.639053992401283,3
"20545",0.0042102246529217,0.995679343530168,0.000110431816910072,2
"20549",0.120573996421941,0.00951924189721561,0.869906761680843,3
"20551",0.978946462106182,0.00278993527371422,0.0182636026201037,1
"20554",0.993501348957778,0.000243604778513279,0.00625504626370916,1
"20556",0.422498544262551,0.203022355684898,0.37447910005255,1
"20558",0.999439855475876,0.000385874636502204,0.000174269887621346,1
"20560",0.954849604499874,0.000234009809265237,0.0449163856908605,1
"20563",0.999363473429421,0.000550640312073486,8.58862585050906e-05,1
"20565",0.800046691209707,0.00225449474273832,0.197698814047554,1
"20567",0.000522867468325316,1.58919260106259e-05,0.999461240605664,3
"20571",0.963975239137378,0.0320871714960698,0.00393758936655173,1
"20573",0.953975379336521,0.00652214036933991,0.0395024802941387,1
"20575",0.999653014967146,0.000249226834080851,9.77581987734761e-05,1
"20577",0.43637961024642,0.00823924010636432,0.555381149647216,3
"20579",0.000150844583990091,2.08510992191308e-06,0.999847070306088,3
"20582",0.999681209251935,0.000278738563889925,4.00521841749856e-05,1
"20585",0.175616862455262,0.818525103499597,0.00585803404514195,2
"20588",0.0238586198800805,0.960448200285069,0.0156931798348506,2
"20590",3.23471319580213e-05,7.95300502320973e-07,0.99996685756754,3
"20592",0.999729014063249,0.00021758046806963,5.34054686811001e-05,1
"20594",0.999365303128869,0.000591695655125269,4.30012160053499e-05,1
"20596",0.968513762117139,1.97721612949396e-05,0.0314664657215659,1
"20598",0.991922243328529,0.000249707874062617,0.00782804879740894,1
"20600",0.160688316994936,0.704716343687043,0.134595339318022,2
"20603",0.00405173507150426,0.00909234650169006,0.986855918426806,3
"20605",0.99895321755766,0.000758243701455338,0.000288538740884937,1
"20607",0.998500110618228,3.83380649630664e-05,0.00146155131680878,1
"20609",0.980852160613585,0.000272723783972369,0.0188751156024421,1
"20611",0.000437096693065738,1.98694345743924e-05,0.99954303387236,3
"20613",0.811552766224493,0.00679832470163608,0.181648909073871,1
"20615",0.504556044289748,0.0983642158859821,0.39707973982427,1
"20617",0.000149600799634966,4.25746907839268e-05,0.999807824509581,3
"20619",0.999708363587518,0.000109453082226977,0.000182183330254842,1
"20621",0.98451906690666,0.000750310624717417,0.0147306224686228,1
"20623",0.0209653413144088,8.74809469563987e-06,0.979025910590896,3
"20625",0.0044475556251338,0.0419594109866356,0.953593033388231,3
"20627",0.945504109728568,0.00095341826742449,0.0535424720040078,1
"20629",0.877750311499526,0.00491700448598048,0.117332684014493,1
"20631",0.999503203591543,0.000343044345590402,0.000153752062866164,1
"20633",3.72811455916752e-05,4.16707325788532e-06,0.99995855178115,3
"20636",0.00216228054763966,2.34877242605328e-05,0.9978142317281,3
"20638",0.398854353588397,0.141586431479273,0.45955921493233,3
"20640",0.936854610856792,0.0623996530044902,0.000745736138717549,1
"20645",0.993994373952464,0.00599835971746992,7.2663300662146e-06,1
"20647",0.000562705806055331,0.000248394072501223,0.999188900121443,3
"20649",0.974914687198891,0.0126760524477474,0.0124092603533614,1
"20651",0.995062140780921,0.00479142189334746,0.000146437325731195,1
"20656",0.961292692935974,0.0365010430187511,0.00220626404527511,1
"20660",0.142146769796013,0.847522597873756,0.0103306323302311,2
"20662",0.00180936687251187,1.77086410926203e-05,0.998172924486395,3
"20664",0.856153996753361,8.97400487052e-05,0.143756263197934,1
"20666",0.00707738546182944,0.17726225356227,0.8156603609759,3
"20668",0.000233108862359269,2.70356041244566e-06,0.999764187577228,3
"20670",0.996777714424303,0.000642523749791958,0.00257976182590465,1
"20672",0.000198248317781806,6.98318512590223e-05,0.999731919830959,3
"20674",0.9418489986158,0.000355839620544543,0.0577951617636554,1
"20676",3.78161104970052e-05,6.39986065320294e-06,0.99995578402885,3
"20678",2.96478101478527e-05,8.74519469903018e-07,0.999969477670382,3
"20680",0.00329914139653099,8.25670747544095e-05,0.996618291528715,3
"20682",0.013071479412257,3.86317799819427e-05,0.986889888807761,3
"20684",0.936500867795674,0.00573254846098225,0.0577665837433441,1
"20686",0.000166408384805697,2.89788347860136e-05,0.999804612780408,3
"20688",5.8409444895459e-05,1.41895995738296e-06,0.999940171595147,3
"20690",0.095726919620032,0.903231256925603,0.00104182345436469,2
"20692",2.65801707268837e-05,1.48923468462395e-06,0.999971930594589,3
"20694",0.000126618239880592,9.15049784835342e-06,0.999864231262271,3
"20696",0.00287488151058153,9.57634120125291e-05,0.997029355077406,3
"20698",0.86084370607899,0.0126481027258893,0.126508191195121,1
"20700",0.987797825322535,0.000820522456176392,0.0113816522212887,1
"20702",0.191271449797909,0.808570938230991,0.000157611971099981,2
"20704",0.927191104070185,0.000784722656503329,0.072024173273312,1
"20706",0.281965633085901,0.00702758095594069,0.711006785958158,3
"20708",0.000351739079533256,4.30676065810832e-06,0.999643954159809,3
"20710",0.679017270502282,0.310073182024117,0.0109095474736011,1
"20714",0.000586875574867265,2.52560168223437e-06,0.999410598823451,3
"20716",0.996435302485221,0.000245985104078531,0.0033187124107009,1
"20719",0.769680433326541,0.000887486475622329,0.229432080197836,1
"20721",0.999705134861538,0.000230498680256036,6.43664582057431e-05,1
"20723",0.819360484039289,0.00835909402226645,0.172280421938445,1
"20725",0.0190607890164583,0.00116519215083985,0.979774018832702,3
"20727",0.000207626271712464,0.00273246408248872,0.997059909645799,3
"20729",0.000533989811891599,2.68463703470877e-05,0.999439163817761,3
"20731",0.0100071051136919,0.0015493768656164,0.988443518020692,3
"20733",0.952397606144523,0.00551880357491097,0.042083590280566,1
"20735",0.816395987393659,0.030223356654225,0.153380655952116,1
"20737",0.000120345472295085,1.04839356722635e-06,0.999878606134138,3
"20739",5.22150755708364e-05,1.14657349256955e-05,0.999936319189503,3
"20741",0.014898990494588,0.000191712668302791,0.984909296837109,3
"20743",0.0279606379315925,0.000272774333306495,0.971766587735101,3
"20745",0.998972848293405,0.000562367579918082,0.000464784126677293,1
"20747",0.000628908450232974,3.22275578462443e-05,0.999338863991921,3
"20749",0.000261690152141145,2.98609721526633e-05,0.999708448875706,3
"20751",0.000411585944318815,0.0103990637448436,0.989189350310838,3
"20753",0.00102897861729288,3.77313709273984e-05,0.99893329001178,3
"20755",0.000797260524751335,9.24296565220389e-06,0.999193496509596,3
"20757",0.206078204631788,6.77828760826049e-05,0.793854012492129,3
"20759",0.998398402726547,8.07768606218464e-05,0.00152082041283085,1
"20761",0.0844955499030776,0.00034347565783433,0.915160974439088,3
"20763",0.123539652516832,0.00193981529483806,0.87452053218833,3
"20765",0.0112720072240706,0.000269549963718625,0.988458442812211,3
"20767",0.983527124475526,0.000585812112459182,0.0158870634120151,1
"20769",0.458373905004538,0.533734792622756,0.00789130237270563,2
"20771",0.0709014345286799,1.57029857359513e-05,0.929082862485584,3
"20773",0.0717701422229914,0.000756569058843633,0.927473288718165,3
"20775",0.0196639851753346,0.00159052334067135,0.978745491483994,3
"20777",0.0866210569872878,0.49391693536719,0.419462007645523,2
"20779",0.0149643972266985,0.000764222060258393,0.984271380713043,3
"20781",9.21924501089389e-05,0.943126946091951,0.0567808614579404,2
"20783",0.0521347507738361,5.77683628466639e-05,0.947807480863317,3
"20785",0.00276728349131025,7.08402244379452e-05,0.997161876284252,3
"20787",0.000703743080124237,1.2952281132646e-06,0.999294961691762,3
"20789",0.782526753269517,0.00239456541220997,0.215078681318273,1
"20791",4.29714280335508e-05,3.20357441753799e-06,0.999953824997549,3
"20793",0.773361052803937,0.00224795871147377,0.224390988484589,1
"20795",0.000467892443968887,6.61653082615826e-06,0.999525491025205,3
"20797",0.000102596906841695,0.0979493995971157,0.901948003496043,3
"20800",0.000862518771522002,0.000144044282726618,0.998993436945751,3
"20802",0.0307442660282465,0.000265337639134469,0.968990396332619,3
"20804",0.000161877846148912,2.81491026499136e-06,0.999835307243586,3
"20806",2.76013816702338e-05,1.91913856819853e-06,0.999970479479762,3
"20808",0.995435555501576,0.000114769684606034,0.00444967481381761,1
"20810",0.00174430658356496,4.1228969601417e-05,0.998214464446834,3
"20812",0.0192420420098129,0.0167114787036512,0.964046479286536,3
"20814",2.05006867636115e-05,5.80576889769305e-07,0.999978918736347,3
"20816",0.968364568374944,0.0120657395212247,0.0195696921038315,1
"20818",0.0288537667282681,0.000478905372250663,0.970667327899481,3
"20820",0.000171947735613439,6.95162771956157e-05,0.999758535987191,3
"20822",0.0210303656922582,0.000116634218955692,0.978853000088786,3
"20824",0.00225079755078132,7.7676349611272e-05,0.997671526099607,3
"20826",0.000135992286035539,3.43387698182348e-05,0.999829668944146,3
"20828",0.000545674952187781,0.000223334213623875,0.999230990834188,3
"20830",0.000457829797608134,4.69818079315094e-05,0.99949518839446,3
"20832",0.358578013114373,0.000430055865204184,0.640991931020423,3
"20834",0.988753712117119,0.00205511998443196,0.00919116789844901,1
"20836",0.00675065834530139,0.000300287956377177,0.992949053698321,3
"20838",3.78012068097304e-05,1.49569140286179e-06,0.999960703101787,3
"20840",0.921785838227435,0.000626748339836658,0.0775874134327283,1
"20842",0.0038410448597432,0.000107932085633882,0.996051023054623,3
"20844",0.0785158389908583,3.01170675920029e-05,0.92145404394155,3
"20846",0.0171248512978296,0.000112090646942663,0.982763058055228,3
"20848",0.346106483587137,0.00186455731439994,0.652028959098463,3
"20850",0.926725080632839,9.77182084605726e-05,0.0731772011587004,1
"20852",0.931104351072123,0.00148705695762712,0.0674085919702497,1
"20854",0.000120236540017943,2.50248708620676e-05,0.99985473858912,3
"20856",0.0353624892127999,0.945074985399982,0.0195625253872182,2
"20858",0.997072649334679,0.00122700438641504,0.00170034627890579,1
"20860",0.103501418976316,0.000835168293311855,0.895663412730372,3
"20862",0.99971764308925,5.69109181137901e-05,0.000225445992635854,1
"20864",0.000934521301750437,0.000294476294510095,0.99877100240374,3
"20866",0.998351126987795,0.00164346772855671,5.40528364840935e-06,1
"20868",0.986470450883648,0.00326965641800663,0.0102598926983456,1
"20870",0.0603168000617347,0.00211665082263084,0.937566549115635,3
"20872",0.00202446900556389,7.79888431140958e-05,0.997897542151322,3
"20874",5.22136658535092e-05,2.79944499638496e-06,0.99994498688915,3
"20877",0.980530699457563,0.0161512733377415,0.00331802720469568,1
"20879",0.997145199912325,0.00268122527163628,0.000173574816038319,1
"20881",0.000475461159439193,4.64211927471102e-05,0.999478117647814,3
"20883",0.000146586309239691,0.000215853055612361,0.999637560635148,3
"20885",0.0012216499937699,0.000205931509384521,0.998572418496846,3
"20887",0.856842181666683,0.00932400031356336,0.133833818019754,1
"20889",0.0130400123130194,0.0042407825361093,0.982719205150871,3
"20891",0.996109373038745,0.0037237736975699,0.000166853263685442,1
"20896",0.847792987734454,0.0731326219541649,0.0790743903113814,1
"20898",0.0453635267121863,0.000478483667774702,0.954157989620039,3
"20900",5.14789588549735e-05,0.114898000790288,0.885050520250857,3
"20902",0.239258978265877,0.754512349743285,0.00622867199083807,2
"20904",0.12539523422534,0.00991895002069062,0.864685815753969,3
"20906",0.979529725581372,0.0177040347337152,0.00276623968491241,1
"20908",0.0229279038968309,0.000122866812061061,0.976949229291108,3
"20910",0.0172162985505488,6.19326286334497e-06,0.982777508186588,3
"20912",0.000155356511137587,0.951691293108853,0.048153350380009,2
"20914",0.990142412109596,0.00984117998380502,1.64079065989024e-05,1
"20968",0.0101699911807624,0.0100546256557817,0.979775383163456,3
"20970",0.952526069612207,0.000807951696326907,0.0466659786914658,1
"20981",0.978465691008583,1.56796176743036e-05,0.0215186293737424,1
"20983",1.74310568413218e-05,1.40208780117439e-06,0.999981166855358,3
"20988",0.9941061384619,0.00016046240977477,0.0057333991283257,1
"20995",0.203469540949705,0.713170256367022,0.0833602026832725,2
"21017",0.123257507303317,4.45827458607957e-05,0.876697909950822,3
"21038",0.991559358604684,0.00666575300017074,0.00177488839514485,1
"21072",0.967827919390569,0.00591666019471558,0.0262554204147151,1
"21075",0.953257369375998,0.0465254837619486,0.000217146862053636,1
"21223",0.161568108731752,0.00495884293548281,0.833473048332765,3
"21225",0.000311631503032383,0.999639198462824,4.91700341433246e-05,2
"21230",2.1549665990218e-05,1.97628000789546e-06,0.999976474054002,3
"21236",0.0118952666728133,0.000105672938117939,0.987999060389069,3
"21238",0.180586487142215,0.626707642311815,0.192705870545969,2
"21241",0.995371131597759,0.00051474518337477,0.00411412321886576,1
"21246",0.972365208541034,3.06351192808462e-05,0.027604156339685,1
"21253",0.000175232863449863,2.99219550887749e-05,0.999794845181461,3
"21256",0.00516229891678442,0.000189399697548036,0.994648301385668,3
"21260",0.00946913356621144,0.990482520437951,4.8345995837103e-05,2
"21266",0.98980739348384,0.000328065464038654,0.00986454105212156,1
"21332",0.991673003545365,6.63223964939105e-05,0.008260674058141,1
"21334",0.0571180821742117,0.0152758363281428,0.927606081497646,3
"21375",0.999114640523575,0.000644028036779068,0.000241331439646187,1
"21378",0.996779771868663,0.00320373214820452,1.64959831330324e-05,1
"21381",0.988838097805677,0.0105744966868919,0.000587405507431503,1
"21389",0.000803116604673742,5.53794462389359e-06,0.999191345450702,3
"21391",0.953019085910408,0.000698452384911743,0.0462824617046798,1
"21402",0.996817877879721,8.84701368197882e-06,0.00317327510659758,1
"21404",0.749637435721964,0.246501461853968,0.00386110242406761,1
"21409",0.949830385237534,0.0383480869809592,0.0118215277815069,1
"21413",0.698271114213371,0.0939350060324364,0.207793879754193,1
"21423",0.996631452603748,0.00286649055479868,0.000502056841453362,1
"21425",0.934799792532116,0.0253109478861863,0.039889259581698,1
"21430",0.008296002165602,0.982340119969944,0.00936387786445457,2
"21432",0.980430972597225,0.000176704100088468,0.0193923233026864,1
"21438",0.995230083440011,0.000871491864638334,0.00389842469535033,1
"21440",0.926678965497763,0.00267381530564332,0.0706472191965933,1
"21443",0.000654052407053779,1.14228636206431e-05,0.999334524729326,3
"21445",0.00144052772547325,0.997615105190825,0.000944367083701579,2
"21447",0.996394927855572,0.00352095777342819,8.4114370999406e-05,1
"21449",0.998481549911084,1.14662748155358e-05,0.00150698381410087,1
"21451",0.998481549911084,1.14662748155358e-05,0.00150698381410087,1
"21455",0.999156359255331,1.1485280158904e-05,0.000832155464510473,1
"21469",0.897815169738355,0.10217166025629,1.31700053547185e-05,1
"21471",0.793585925191977,0.206025192936678,0.000388881871345234,1
"21473",0.0502099088054627,0.00476885404104476,0.945021237153493,3
"21476",0.357847349979473,0.0164660165685563,0.625686633451971,3
"21478",0.0550742875188391,0.00662702195814703,0.938298690523014,3
"21481",0.00142206090562149,7.47952941785455e-05,0.9985031438002,3
"21490",0.993533304574486,0.00356528039645805,0.00290141502905654,1
"21493",0.97920514283803,0.0207794138091085,1.54433528613906e-05,1
"21495",0.752772579079216,0.00671217831670189,0.240515242604082,1
"21500",0.98573355703602,0.00107333114324415,0.0131931118207362,1
"21504",0.864638674390463,0.00152431492826817,0.133837010681269,1
"21507",0.985534574329285,0.0143847834397909,8.06422309237492e-05,1
"21512",0.996079500533711,0.00192069947575499,0.00199979999053464,1
"21519",0.0331834203108058,0.000161168054980185,0.966655411634214,3
"21522",0.00333193305402697,0.888320612541181,0.108347454404792,2
"21524",0.995998407859863,0.000166998434817502,0.0038345937053197,1
"21528",0.998563523930563,0.00128233536393355,0.000154140705503201,1
"21532",0.854499811280002,0.0808998742801108,0.0646003144398868,1
"21543",0.121351057918908,0.0256788917469392,0.852970050334152,3
"21546",0.883544769499708,0.0375788795223232,0.0788763509779688,1
"21550",0.996755555291514,0.00312555974047788,0.000118884968008416,1
"21554",0.999564755419166,6.80989103063435e-05,0.000367145670527399,1
"21557",0.00875598294911098,0.0505293063065827,0.940714710744306,3
"21560",0.985069904971283,0.0148851749244414,4.49201042758182e-05,1
"21564",0.470385559770253,0.000118139057961651,0.529496301171785,3
"21566",0.99926168495697,0.000514213811878843,0.000224101231151033,1
"21569",0.892286226570703,0.016589645986756,0.0911241274425404,1
"21574",0.00294005883384008,0.00161899557779189,0.995440945588368,3
"21576",0.0137173077288072,5.83362315003383e-05,0.986224356039692,3
"21578",0.000277346830674337,2.867939298974e-05,0.999693973776336,3
"21580",0.0174572958031661,8.96316040726359e-05,0.982453072592761,3
"21583",0.998847663136257,0.0010952004737903,5.7136389953007e-05,1
"21585",0.000441838833468426,4.04288450619747e-06,0.999554118282025,3
"21587",0.00254694957101769,0.000541058079908407,0.996911992349074,3
"21589",0.00270643922782735,0.00283195896641052,0.994461601805762,3
"21593",0.00213978124674989,0.451602531949248,0.546257686804002,3
"21595",0.000666888200296716,0.0358553347655039,0.963477777034199,3
"21597",0.186686741326487,0.000156430708547171,0.813156827964966,3
"21599",2.11424389343263e-05,5.63191685489036e-07,0.99997829436938,3
"21601",0.612992306310384,0.0751476656715843,0.311860028018032,1
"21603",6.13595581581745e-05,1.15754543802383e-06,0.999937482896404,3
"21605",0.000279008274084424,3.41500557288536e-05,0.999686841670187,3
"21607",0.0880630306989845,0.0411448126443859,0.87079215665663,3
"21610",0.237823640367797,0.00475890573456991,0.757417453897633,3
"21612",0.000475695568415148,1.86289984151207e-05,0.99950567543317,3
"21614",0.543651893061291,0.0219236137485054,0.434424493190204,1
"21616",0.0744776224986595,0.00971853942626998,0.915803838075071,3
"21618",0.809167519045658,0.188286728708429,0.00254575224591372,1
"21620",0.000485854215970725,1.29188956936876e-05,0.999501226888336,3
"21622",0.981701980975886,0.017796861859752,0.000501157164361867,1
"21624",0.0125586278962892,0.00330693373171832,0.984134438371992,3
"21626",0.30839916914552,2.59238940961168e-05,0.691574906960384,3
"21628",0.862763611722935,0.0119512876504248,0.12528510062664,1
"21630",0.0423936925314036,0.000340247123655105,0.957266060344941,3
"21632",0.83786385371321,0.00315369048363996,0.15898245580315,1
"21634",0.956204313287665,0.000786832260673391,0.0430088544516619,1
"21636",0.00269610454590308,0.000911293364709899,0.996392602089387,3
"21638",8.81468822679351e-05,6.60476989487292e-05,0.999845805418783,3
"21640",0.292553750231409,0.00523975396526763,0.702206495803324,3
"21642",0.00585448700523218,0.000189616263685574,0.993955896731082,3
"21644",5.18581404520086e-05,0.0824416786971871,0.917506463162361,3
"21647",0.000279902843376367,4.71857914691011e-05,0.999672911365154,3
"21649",0.00567178638006469,0.000329398580180667,0.993998815039755,3
"21651",0.019437031219927,0.00350421430360498,0.977058754476468,3
"21653",0.00147840370842125,0.585460309886271,0.413061286405308,2
"21655",5.02934942375425e-05,7.7072999323292e-06,0.99994199920583,3
"21657",0.00449918565062933,0.000272311021327634,0.995228503328043,3
"21659",0.00171782118716775,9.81623453248711e-05,0.998184016467507,3
"21661",0.00265719157806153,0.000496397612005678,0.996846410809933,3
"21663",0.00132945920860052,6.19626902811781e-05,0.998608578101118,3
"21665",0.000608686645075763,0.00112060785686333,0.998270705498061,3
"21667",0.911887257229125,0.000319315046662606,0.0877934277242127,1
"21670",0.75282777523624,0.00484174869571719,0.242330476068043,1
"21672",0.0413871121900585,0.00257220037251424,0.956040687437427,3
"21674",0.99913520060053,0.000461603631789606,0.000403195767680554,1
"21676",0.986927033311324,5.89337673781767e-05,0.0130140329212977,1
"21678",0.00510414229419023,0.963522934495262,0.0313729232105474,2
"21680",0.00133644886832228,0.00197768058355153,0.996685870548126,3
"21685",0.973496973131849,0.00522437388844951,0.0212786529797019,1
"21687",0.0629350345540626,0.650046237914896,0.287018727531042,2
"21690",0.00128547383161815,0.000214447493713884,0.998500078674668,3
"21707",0.999421794117668,0.000438679695327219,0.000139526187004458,1
"21710",0.0751534063666559,0.923118765008177,0.00172782862516731,2
"21713",0.996444174412533,0.00106284422499836,0.00249298136246837,1
"21718",0.181780880673978,0.791807647102132,0.0264114722238898,2
"21721",0.00208583267194358,0.871114134612573,0.126800032715483,2
"21723",0.982808468386773,0.0171589562265546,3.25753866720984e-05,1
"21726",0.999876707944302,4.38616987445068e-05,7.94303569534495e-05,1
"21729",0.000528255015541706,0.00408211546489717,0.995389629519561,3
"21733",0.000186562002366966,6.14610236016148e-05,0.999751976974031,3
"21735",0.145192961728153,0.801162870576464,0.0536441676953824,2
"21739",0.984635442648506,0.000516790468452321,0.0148477668830417,1
"21741",0.995245652990975,0.000560062267533932,0.0041942847414907,1
"21744",0.968248575098858,0.000382044122895103,0.0313693807782466,1
"21746",0.997647400263268,0.00232652532625537,2.60744104769972e-05,1
"21748",0.991906765585748,0.00710118169010704,0.000992052724144635,1
"21750",0.00196784862712683,1.58770204046268e-05,0.998016274352469,3
"21752",0.98179867450362,0.00222672784244373,0.015974597653936,1
"21755",0.691210293569299,0.00111090277356747,0.307678803657134,1
"21757",0.110753460766433,0.0111603454844685,0.878086193749098,3
"21760",0.203469540949705,0.713170256367022,0.0833602026832725,2
"21762",0.999287783296858,0.000674549592053173,3.76671110891777e-05,1
"21764",0.000338042256922784,2.32383893839028e-05,0.999638719353693,3
"21766",0.998164478290136,0.00175626996299143,7.92517468723853e-05,1
"21768",0.427273986242263,0.00473484589300623,0.567991167864731,3
"21770",0.544758325863726,0.00121433004133681,0.454027344094937,1
"21773",0.968978041594249,0.0310092895511319,1.26688546190094e-05,1
"21775",0.0669207019737727,0.00048320818699012,0.932596089839237,3
"21777",0.000528236382388561,7.40167193026546e-05,0.999397746898309,3
"21779",0.52817769628223,0.0345376745483127,0.437284629169457,1
"21781",0.942387525930417,0.000450496657571346,0.0571619774120119,1
"21784",0.996801785841898,0.00144690971435911,0.00175130444374268,1
"21786",0.239453925651312,0.000180617088526893,0.760365457260162,3
"21789",0.874790607761749,0.00525342997575513,0.119955962262496,1
"21791",0.995061394495903,0.00369806376463197,0.00124054173946532,1
"21794",0.0638017253138968,0.00349963172393258,0.932698642962171,3
"21797",0.0280646879797301,0.939479506791035,0.0324558052292352,2
"21800",0.145100247797242,0.854825947336899,7.38048658591752e-05,2
"21802",0.930479988881269,0.0310004896541226,0.0385195214646082,1
"21804",3.73825150336291e-05,0.997508720136418,0.00245389734854843,2
"21806",0.00974973420259612,0.881100631612815,0.109149634184589,2
"21808",0.0362164930937043,0.568514564148622,0.395268942757674,2
"21811",0.217072714659267,0.769298949778278,0.0136283355624541,2
"21815",0.996037562254885,0.000439989942443221,0.00352244780267159,1
"21817",0.00973734446161397,0.973075724348806,0.0171869311895803,2
"21820",0.929162686689064,0.0661795954930363,0.00465771781789957,1
"21822",0.0235526371420784,0.000607359807179415,0.975840003050742,3
"21824",0.0296037377877705,3.1738391450266e-05,0.970364523820779,3
"21826",0.99931800786627,0.000502230855615448,0.000179761278114819,1
"21828",0.488238490364535,0.000102317721223443,0.511659191914242,3
"21830",0.0139955137770059,5.72996695366705e-05,0.985947186553457,3
"21833",0.138534201444855,5.9456250676358e-05,0.861406342304469,3
"21835",0.138534201444855,5.9456250676358e-05,0.861406342304469,3
"21838",0.846029119752376,0.152669871776642,0.0013010084709815,1
"21840",0.9920814623405,0.00787453507728719,4.40025822126786e-05,1
"21842",0.687658758313981,0.309305471785687,0.00303576990033267,1
"21844",0.160071381171496,9.46592324349757e-05,0.839833959596068,3
"21847",0.964593577267768,0.00147233963965928,0.033934083092573,1
"21849",0.215100437064713,0.00114641633382667,0.78375314660146,3
"21852",0.81789263475742,0.0906235071230114,0.0914838581195689,1
