"","V1","V2","V3","V4","best$classification"
"19811",0.577160149439562,0.244498574877301,0.178341275577484,1.05653111095631e-10,1
"19813",0.999999999991139,6.2190568027132e-26,8.86108226597905e-12,1.11966561809901e-54,1
"19815",0.031626168790115,0.350127191752369,0.618246639457516,3.45100602041816e-43,3
"19817",0.00286638628301546,0.884683608718776,0.112450004825241,1.72967596849427e-10,2
"19819",0.950271746867092,2.11520501376983e-117,0.0497282531329082,5.61426546514856e-122,1
"19821",0.800636246975702,2.07884714865639e-10,0.199363752816414,3.5066198977084e-17,1
"19823",0.999717991723859,2.14917955669948e-21,0.000282008276141161,1.6729152046854e-72,1
"19825",0.99999999721043,1.06392225879342e-125,2.78957001156252e-09,1.60380174249275e-43,1
"19827",0.369113684608423,0.00300625135688715,0.625431202968484,0.00244886106620593,3
"19829",0.27544373400085,9.51902078765211e-77,0.72455626599915,6.55058427677183e-28,3
"19831",0.994030741834925,1.08816422906426e-107,0.00596925816507458,1.33102674505165e-117,1
"19833",1,1.55579088856233e-203,7.22813620237252e-30,5.04127456489303e-154,1
"19835",0.800636246975702,2.07884714865639e-10,0.199363752816414,3.5066198977084e-17,1
"19837",0.0211560614380057,0.357446100721225,0.618117234246284,0.00328060359448568,3
"19839",0.970684895585378,7.24146979146116e-69,0.0293151044146217,4.11164608693516e-24,1
"19841",0.999930751845707,5.08358268401928e-68,1.25319398443377e-13,6.92481541672619e-05,1
"19843",0.999812416236912,3.8860727560636e-122,0.000187583763087978,1.83917160183917e-135,1
"19845",0.933951648963368,0.0660477013415583,6.49695073432767e-07,1.84689051860646e-39,1
"19847",0.320826136757939,8.06212866659396e-12,0.679173863233999,6.24239742293518e-48,3
"19849",0.999999999999821,5.7327083598676e-16,1.78103070248394e-13,1.02544821328906e-51,1
"19851",3.0410688348632e-05,0.999849334119496,0.000120255192155381,5.63731399439614e-28,2
"19853",0.99999999378417,4.65356029591203e-09,1.56226927895326e-09,3.31525956968051e-51,1
"19855",0.916256891451591,0.0673181707506242,0.0164249377950352,2.7500761720054e-12,1
"19857",0.100216525495048,1.23726644172664e-09,0.899783433868761,3.93989250338993e-08,3
"19859",0.0590141783670043,0.000109385653690773,0.940876001858493,4.34120811952377e-07,3
"19861",0.00058964769164542,0.999400317265464,1.00350428904323e-05,2.47781230830704e-31,2
"19863",0.999999996351032,2.03028374513964e-37,1.81069067229556e-21,3.64896759339312e-09,1
"19865",0.00817322135027898,1.28700806114704e-11,6.44697326589478e-06,0.991820331663585,4
"19867",0.471952215767271,0.0314870124201536,0.496560771812576,1.20168297859242e-58,3
"19869",0.154129373754954,0.845870626084688,1.60358091900648e-10,4.90479973120455e-20,2
"19871",0.0190322499515777,0.00139967941187042,0.977108619722772,0.0024594509137803,3
"19874",0.00135579470023334,0.01435018009001,4.58257326307004e-05,0.984248199477126,4
"19876",2.0605467328166e-05,0.993858029947024,5.5296699443469e-07,0.00612081161865305,2
"19878",0.800765571037364,3.8489790748032e-63,0.199234428962636,3.51469384652452e-78,1
"19880",0.000130253205664441,6.11122422942538e-08,2.36015848036464e-11,0.999869685658492,4
"19882",0.999966392050889,4.34401358716193e-09,3.36036050980976e-05,1.45275058979599e-29,1
"19885",0.0129266626541993,0.0041110387993827,0.982962298510113,3.63054672930861e-11,3
"19907",0.977291584425759,4.33282578996964e-05,0.0226650873163416,1.63697414971525e-52,1
"19909",0.0292713273844981,1.50186556307321e-44,0.970728672615502,4.95316992492225e-59,3
"19911",0.188767069540184,1.24009158177747e-55,0.811232930459816,8.89853476510559e-22,3
"19913",5.46633540986238e-06,3.55755373088691e-41,5.06955587721566e-17,0.99999453366459,4
"19915",9.68104047652713e-05,0.948592582984573,6.33590216507191e-05,0.0512472475890106,2
"19917",0.190767883959434,1.93147884115945e-11,0.00703067719085569,0.802201438830396,4
"19919",0.00577258445452404,0.687523296075043,0.0937611479801351,0.212942971490298,2
"19921",0.000227861731137356,0.997086952087273,0.00268518618158965,2.26856810841525e-33,2
"19923",0.493282915099264,3.1760187024544e-20,0.506717084900736,9.03874082316042e-89,3
"19925",0.00217204863138663,0.000251311605870847,0.000325495376550687,0.997251144386192,4
"19927",0.002235522278402,0.973264346039973,0.0245001316816251,6.39306315779496e-19,2
"19929",0.0463946247956467,1.41054545236026e-30,1.59941172753876e-21,0.953605375204353,4
"19931",0.000719776661542802,0.974465388724874,0.0248148346135827,1.09810452030996e-15,2
"19933",0.0144766352217921,5.801235426827e-22,0.985523364778208,4.63469215350801e-35,3
"19935",0.0745104227439806,1.0092496637784e-17,0.925489577256019,3.0815423402286e-28,3
"19937",0.000170338823066798,0.998422143042613,0.00140751813431991,1.60372580545093e-40,2
"19939",0.0777349957298019,3.24444163300168e-10,0.922265003945754,9.20381220731215e-23,3
"19941",0.841745188495884,2.22282720950082e-64,0.158254811504116,4.17066201325001e-21,1
"19943",1.00729489919038e-05,2.74900268619379e-17,7.46806650344012e-11,0.999989926976327,4
"19945",0.024542677469057,3.19157305152372e-26,0.975457322530943,1.02610923099258e-40,3
"19947",0.99999319330646,1.14065003782066e-62,6.80669175103908e-06,1.7885364597373e-12,1
"19949",0.0639867403121728,6.26709547222266e-26,0.936013259687827,9.52478163722988e-82,3
"19951",0.503955790769052,2.78124976317317e-13,0.49604400581513,2.03415539895416e-07,1
"19953",0.99929586251628,1.0360204615597e-85,0.000704137483719575,1.21407384304428e-165,1
"19955",0.628949933230003,2.39686311109553e-68,0.371050066769997,1.40047603454426e-77,1
"19957",0.998451221499886,1.07949627775966e-28,0.00154877846470482,3.54088601728686e-11,1
"19960",0.444442572409773,1.16884253581866e-80,0.555557427590227,8.66155290005547e-48,3
"19963",1,1.23069443325212e-128,1.2749864007777e-22,7.49557315361164e-57,1
"19965",0.343450920249476,8.56797081414119e-102,0.656549079750524,1.20945506117882e-126,3
"19968",0.999993961746358,2.00794845608679e-36,6.03825340181247e-06,2.40142317696808e-13,1
"19971",1,1.58066909144586e-131,1.90274702946167e-16,3.99743472044252e-23,1
"19973",0.00295794973062868,0.898115782153519,0.0988934421317476,3.28259841050621e-05,2
"19975",0.729188697846624,1.47587033237597e-05,0.0498353295967756,0.220961213853277,1
"19977",0.999999992980839,3.5721005321202e-53,2.7315841825482e-12,7.01642960318268e-09,1
"19979",0.101000109223009,5.57456398164446e-135,0.898999890776991,2.09345552551907e-81,3
"19981",0.0134465715887867,5.09796625262791e-09,0.986553423313247,7.16766884147063e-17,3
"19983",0.0194487420870647,3.44454285747883e-11,0.98055125787849,6.13449567367313e-33,3
"19985",0.000721919241398497,0.276608939049101,3.99701705823855e-05,0.722629171538918,4
"19987",0.0380968487250711,3.92161530795343e-17,0.961903151272962,1.96737276859915e-12,3
"19989",0.057689595272431,5.78654497249992e-100,0.942310404727569,1.67376340220576e-145,3
"19993",0.0482678118262951,3.09494252558931e-37,0.951732188173705,5.79599134667413e-34,3
"19995",0.0487053567558405,4.82830126387783e-36,0.95129464324416,9.70777862433914e-33,3
"19997",0.0038544494005489,0.964989266168565,0.031150236943398,6.04748748814071e-06,2
"19999",5.41973731268285e-05,0.959737017421235,6.98092409711536e-06,0.0402018042815415,2
"20002",1,3.05809764786718e-84,7.516459752595e-20,5.03521614630312e-32,1
"20004",0.0922878226146483,5.78420177215917e-44,0.907712177385352,1.75099177978441e-34,3
"20006",0.970747681093476,4.96638159643556e-76,0.029252318906524,3.15000045837973e-49,1
"20008",0.958747549220403,4.15372760978698e-76,0.0412524507795974,1.59792379258165e-79,1
"20010",0.0549080144902605,2.0693342961756e-37,0.945091985509739,1.44110615206834e-65,3
"20012",0.999945662250669,7.77360621790677e-19,5.43377225264471e-05,2.68049691043982e-11,1
"20015",0.118630766401156,1.90582253915923e-114,0.881369233598844,5.58753651702518e-113,3
"20017",0.00235340072884388,0.995321575823905,0.00138763942079693,0.000937384026454496,2
"20019",0.21959634326658,1.25748793654289e-167,0.78040365673342,6.58354908441439e-139,3
"20022",0.0254625055940276,8.94554537157139e-43,0.974537494405972,2.73863548544135e-54,3
"20024",0.999999211360449,1.23274020704064e-177,7.88639550452652e-07,4.03066259850661e-195,1
"20026",0.999999211360449,1.23274020704064e-177,7.88639550452652e-07,4.03066259850661e-195,1
"20028",0.00202319533559192,0.996468441089689,0.000309873397206089,0.00119849017751342,2
"20030",0.538462316434343,2.07485584360955e-104,0.461537683565657,1.94733080420839e-55,1
"20033",0.0975142129988105,1.96432047420074e-08,0.902442079732194,4.36876257904192e-05,3
"20035",0.361339699385623,3.26431938323539e-168,0.638660300614377,3.46749836480156e-156,3
"20037",0.0723764722696454,3.96891381011497e-137,0.927623527730355,3.92192690976997e-169,3
"20039",0.999999999999999,5.79924874299071e-177,1.39260844780247e-15,8.99426952419583e-294,1
"20041",0.157622523328384,1.50265808908865e-42,0.842377476671616,1.12881867378108e-46,3
"20044",0.88397215381282,5.59216272434759e-56,0.11602784618718,1.01935579685469e-46,1
"20047",0.943683392129627,4.28980514399192e-188,0.0563166078703728,2.24537677957971e-119,1
"20050",0.648166528251094,3.21192933684274e-54,0.351833471748906,3.27450101119306e-83,1
"20052",0.042663067303953,1.30623203525997e-07,0.957336736510687,6.55621566662785e-08,3
"20054",0.0701634883665316,5.3404991752985e-73,0.929836511633468,2.23011167682698e-53,3
"20056",0.999826788919827,1.9915397946376e-35,0.000165876005251495,7.33507492124566e-06,1
"20058",0.060121575553816,1.02818653873089e-103,0.939878424446184,1.14930462799744e-153,3
"20060",0.0715261715938333,1.73144134397766e-09,0.928473826674725,3.44191389793402e-29,3
"20062",0.0234137219617967,2.22056314226723e-09,0.97658627581764,2.7025114075566e-30,3
"20064",0.0179192837393632,7.5800192581412e-31,0.982080716260637,1.42365738651828e-27,3
"20066",0.852760567994499,2.10083136585384e-144,0.147239432005501,9.97995841632141e-86,1
"20068",0.0821608649620377,0.46357923354271,0.454259901495252,1.24569544145592e-21,2
"20070",0.420648074399859,4.80650973858967e-05,0.579303860502755,4.11876441945743e-41,3
"20072",0.857266388189763,8.76805062265966e-93,0.142733611810237,6.49873533417521e-137,1
"20074",0.000126305868496234,3.73435630330986e-33,2.61374638589098e-20,0.999873694131504,4
"20076",0.999172951461981,7.81844416225888e-27,0.000826952708255211,9.58297634039866e-08,1
"20078",0.0237441594870687,8.19652051119048e-44,0.976255840512931,1.88958745701149e-39,3
"20080",0.0282648772291645,1.45581058419295e-122,0.971735122770836,2.40105237305227e-111,3
"20082",0.999999914771071,9.11558042257362e-122,8.52289285688926e-08,5.6496249885622e-172,1
"20084",0.385218947027642,1.4102401113051e-59,0.614781052972358,6.51955459256366e-21,3
"20087",0.0265121796768517,2.01454706340401e-40,0.973487820323148,2.79964063835568e-77,3
"20090",0.0858012035490436,1.07084144465011e-113,0.914198796450956,5.46567102641955e-118,3
"20092",0.999968178565385,1.57806104416854e-61,3.18214346152397e-05,6.08769383337692e-155,1
"20096",0.992660457625903,5.48586149864983e-47,0.00733954237409661,9.97698027825698e-48,1
"20098",0.14596120472138,0.000725847314555642,0.85224678084564,0.00106616711842476,3
"20101",0.0966924941468066,5.23150484111177e-96,0.903307505853193,8.63165836249555e-48,3
"20104",0.999999999999997,3.31345619405261e-61,3.16440197157297e-15,1.18672790530099e-98,1
"20106",0.0283832935094155,3.73964806331443e-69,0.971616706490585,6.00087620018168e-48,3
"20108",0.0695492963263089,0.0598560538955848,0.870593570663045,1.07911506093513e-06,3
"20110",0.977119230073516,9.48281080454408e-28,0.0228807699264843,1.89277766603709e-25,1
"20112",0.043060121967118,2.75778385396948e-59,0.956939878032882,1.07241040883047e-78,3
"20114",0.148164531323001,2.32313074547406e-40,0.851835468676999,3.58447788148426e-16,3
"20116",0.152724630579047,6.30426340624095e-55,0.847275369420953,2.02918634943166e-17,3
"20118",0.0153528270759997,1.59010616110091e-11,0.984641591077542,5.58183055752534e-06,3
"20120",0.1277394933948,3.14052734220296e-64,0.8722605066052,1.20462148063983e-47,3
"20122",0.00221737686671331,3.85963562555929e-14,2.94297262958325e-07,0.997782328835985,4
"20124",0.19349005001693,2.39080105312423e-112,0.806509949983069,1.76735935777396e-128,3
"20126",0.999999999999966,1.12558814865155e-186,3.44412822979515e-14,1.49890034192255e-169,1
"20128",0.999999998720775,2.5042632347223e-248,1.27922525376581e-09,9.33823703462922e-224,1
"20141",0.999999952610498,2.87406013485739e-33,4.73895016598892e-08,4.58609507076875e-48,1
"20143",1.4627234653218e-05,1.94837030194688e-32,1.55387283012666e-18,0.999985372765347,4
"20145",0.0360657112218455,7.27541131409462e-40,0.963934288778154,3.52568649844695e-57,3
"20147",0.0147448641720248,5.25936819425031e-49,0.985255135827975,1.94429296599872e-44,3
"20149",0.0271247011648565,4.33405360693996e-15,4.2298416647695e-08,0.972875256536722,4
"20151",0.0223642496426867,0.565844657253671,0.410842834206847,0.000948258896795239,2
"20153",0.954919819523925,5.04152517662434e-10,0.0450801795548042,4.17118328986248e-10,1
"20155",0.0157749169195787,3.99399700101386e-79,0.984225083080421,1.59604474418961e-70,3
"20157",0.777521053573697,1.55620865224119e-08,0.222472803418588,6.12744562843096e-06,1
"20160",1.05163604137014e-05,7.22052804219511e-31,4.81576993459911e-16,0.999989483639586,4
"20162",9.71237899900348e-05,8.16081673957324e-06,6.77360267859822e-10,0.99989471471591,4
"20164",0.99177976172245,4.89555025550976e-18,0.00817193427240127,4.83040051489477e-05,1
"20166",0.998446831340619,2.95414719268597e-119,0.0015531686593814,1.86173446797116e-57,1
"20168",0.999999999999999,2.75745707085636e-106,6.29856809482252e-16,1.07463790302639e-44,1
"20170",0.00587196894150562,0.238912136468051,0.0117227301308213,0.743493164459622,4
"20172",0.0238809681737574,3.99040587066193e-43,0.976119031826243,4.05963264115267e-89,3
"20174",0.0134682917568467,0.983067354645586,6.67477967582522e-07,0.00346368611959912,2
"20176",0.99999999990556,1.24041626004977e-68,9.44401162025574e-11,7.72768578781779e-66,1
"20178",3.12561367281258e-06,2.84018633327839e-38,9.4935563770256e-18,0.999996874386327,4
"20181",0.553463505317427,2.75679510957792e-100,0.446536494682573,5.91080229346065e-34,1
"20183",0.0929932093648691,0.0162514992415563,0.890755291393575,5.94522286145366e-46,3
"20186",0.672912174043821,7.20155017615463e-09,0.327087818754629,1.04467843934214e-107,1
"20188",0.0003275427347085,7.06472232238802e-19,7.27407209957428e-12,0.999672457258017,4
"20190",0.0199299304769554,5.67586878141939e-104,0.980070069523045,1.08778902461237e-95,3
"20193",0.999999999999899,3.49753313405925e-90,1.01002120967906e-13,3.52733844666114e-23,1
"20195",0.418038496759662,2.35650703357985e-15,0.581961014716767,4.88523568364069e-07,3
"20197",0.0255432340438642,2.10775277464909e-53,0.974456765956136,4.27371741222965e-83,3
"20199",0.0105746808301724,0.00643987717135739,7.62933639807583e-05,0.982909148634489,4
"20205",0.999999998480555,3.63703966094967e-105,1.51944513467901e-09,1.28294191817566e-193,1
"20208",0.0633736365191414,3.29560957677637e-13,0.936626363480528,5.82850623999639e-16,3
"20210",0.000159043466450905,0.000152263312374422,8.61720220749614e-08,0.999688607049153,4
"20212",0.881422594124319,4.63582232243731e-10,0.116335684482783,0.00224172092931616,1
"20216",0.0182852071050074,1.32285116544828e-66,0.981714792894993,2.14886662512577e-47,3
"20219",0.601369895884811,2.24735708423236e-60,0.398630104115189,2.81456988482562e-66,1
"20223",0.999905148198122,2.45724793901389e-154,9.48518018779785e-05,5.51268493625687e-206,1
"20226",0.0610629428211951,8.4082479215897e-23,0.938937057178805,5.35462879914339e-35,3
"20230",0.0346121718433365,1.36072362862853e-118,0.965387828156663,7.25432078873489e-127,3
"20233",1,1.50626854364608e-85,3.4793071777666e-19,4.93490021770613e-147,1
"20235",0.996783070541434,2.84308350806421e-121,0.00321692945856588,2.96952704060772e-175,1
"20239",0.416044485222063,2.09237600046842e-54,0.583955514777937,9.28899759373844e-77,3
"20254",0.999999596463481,5.66215375274431e-135,4.03536518519539e-07,5.78831095542857e-188,1
"20256",0.0247398249055893,7.50471176072151e-84,0.975260175094411,2.40848001667125e-105,3
"20262",0.000319956525804197,0.081611726783763,0.000851641962551021,0.917216674727882,4
"20270",0.93470321884102,2.10755873721405e-76,0.0652967811589804,8.3286941295387e-62,1
"20284",0.959292303569952,2.79210892535265e-22,0.0407076964300477,2.49106478055651e-94,1
"20287",0.442948925194702,2.52647677055522e-164,0.557051074805298,9.65949029379458e-165,3
"20290",0.999982092797208,8.02913211069109e-60,1.79072027925201e-05,2.22158463632854e-106,1
"20293",0.0244231101567098,1.63366606697291e-29,0.97557688984329,8.55149230272131e-48,3
"20296",0.801944478312859,2.37497301503997e-14,0.198055142622717,3.7906439981418e-07,1
"20301",0.99907230965306,3.73537845497315e-200,0.000927690346940361,6.14447339371729e-103,1
"20304",0.99999985684418,9.25952417651159e-112,1.43155820223507e-07,1.47182048409193e-158,1
"20306",0.0954993226833457,4.62036429686175e-106,0.904500677316654,4.24883132815533e-161,3
"20309",0.0314900414696896,1.30026205815166e-40,0.96850995853031,3.5808513677767e-59,3
"20311",0.0826382453137161,3.00916270255808e-68,0.917361754686284,1.94410564112064e-43,3
"20314",0.0185808892097978,0.295149966470279,0.68626465711817,4.48720175361615e-06,3
"20318",0.999994579071563,7.10145081253158e-51,7.20701726628555e-10,5.42020773556548e-06,1
"20320",0.916253177262487,2.57621151070571e-23,0.0837468227375124,7.68614200974754e-43,1
"20326",0.0453955296954163,6.26034228782224e-07,0.954603839541108,4.72924673888717e-09,3
"20328",0.420698191728779,0.000107085099807183,0.579194723171414,7.48642313157989e-58,3
"20330",0.209529050392119,1.68598038870531e-76,0.790470949607881,1.0525212914536e-84,3
"20336",0.994403014022826,1.96108781200258e-34,0.00559698597717428,1.21339464196604e-118,1
"20338",0.999537889006065,1.90198969020299e-91,0.00046211099393483,1.93673252510877e-73,1
"20340",0.477852414981016,1.43448650586908e-138,0.522147585018984,5.53174693588689e-122,3
"20342",1,6.10961926049115e-148,9.38857600402449e-20,8.17699345049938e-128,1
"20344",0.0343893121325185,5.30858951061212e-65,0.965610687867481,2.47340988885655e-105,3
"20349",0.0250278155314335,6.69053686061864e-91,0.974972184468567,2.02366317142716e-129,3
"20351",0.0427394842038344,4.24301855663633e-44,0.957260515796166,3.09645011291357e-38,3
"20353",0.164904678736114,1.52826508112234e-87,0.835095321263886,3.02738990310026e-125,3
"20357",0.999999652245735,3.14974943320889e-105,3.47754265430688e-07,2.35249621727411e-227,1
"20360",0.999999999995645,1.41995522463069e-131,4.35489805953693e-12,6.30856486294073e-151,1
"20364",0.028668370768998,9.49169940812587e-42,0.971331629231002,6.81758512359434e-68,3
"20366",0.999998523869745,9.16941547595922e-53,1.47613025534827e-06,1.27720077619499e-111,1
"20381",0.999999999999959,3.99947303142478e-35,4.13129852267923e-14,2.02066032864207e-18,1
"20391",0.999441490704314,2.93826490785245e-44,0.000558509295685637,3.50845607035797e-154,1
"20394",0.120984487842056,0.00162396056089723,0.877391551595972,1.07564112476701e-12,3
"20396",0.00195115977645142,0.998048203362645,1.59458810837547e-09,6.3526631616288e-07,2
"20409",0.154309916081245,8.95812642186072e-36,0.845690083918755,6.64647027111772e-21,3
"20411",0.237298675671891,6.56215969337429e-78,0.762701324328109,1.4323564203815e-147,3
"20416",0.999999986565173,2.5874607765712e-208,1.34348265405795e-08,6.29945551460302e-271,1
"20418",0.00123998990425938,0.998619816210914,3.8339484959443e-11,0.00014019384648752,2
"20420",0.99999999999981,9.52358225465147e-57,1.90076205501757e-13,5.91853470014133e-113,1
"20422",0.0983145514199763,3.4950275573036e-109,0.901685448580024,2.75385962256091e-78,3
"20424",0.0594726884263078,2.43782854616705e-75,0.940527311573692,6.19208361905544e-123,3
"20426",1,1.22019844515286e-125,1.78066319528058e-21,4.26472224082712e-126,1
"20428",0.0414359842935296,3.93563754350546e-38,0.95856401570647,9.53565470683364e-51,3
"20431",0.358875827564885,1.11526393794645e-28,0.641124172435115,1.6118633459177e-28,3
"20433",0.990718448426727,7.38369252621912e-143,0.0092815515732731,3.35631281379255e-138,1
"20436",0.999999996741508,4.31291864039193e-93,3.25849232655526e-09,4.99778580980393e-68,1
"20439",0.00447738598976771,0.988218826768233,1.1876052550231e-07,0.00730366848147395,2
"20441",0.999995701600236,2.05000174640196e-89,4.29839976427709e-06,2.55201010763795e-128,1
"20444",3.79146124512495e-06,5.36741389804906e-20,2.47855547486382e-15,0.999996208538752,4
"20448",0.997572760872383,2.79317357342337e-33,0.0024272391276172,3.30090978938098e-33,1
"20536",0.892377286717268,0.0926745907844985,0.014948122498233,2.69066196480362e-35,1
"20538",0.998494377522342,2.23088894556956e-54,0.00150562247765812,8.30972667944023e-132,1
"20541",0.215392411480753,3.23992515066743e-117,0.784607588519247,1.76778888777047e-140,3
"20544",0.0134309963056464,1.29001792992175e-16,0.986569003694353,2.95217464937899e-16,3
"20546",0.0388962498765626,7.15812254213633e-58,0.961103750123438,4.81517689318956e-123,3
"20550",0.23156843688167,8.12593832494872e-49,0.76843156311833,4.00394593347692e-46,3
"20553",1,2.15834081344981e-288,3.29062701716673e-18,1.67817373063276e-193,1
"20555",0.999999999999986,1.03897431053864e-66,1.40948813427079e-14,1.12694694704233e-186,1
"20557",0.199398814565722,1.48449493195416e-40,0.800601185434278,3.44157630238845e-48,3
"20559",0.0186225870253508,4.49633537785744e-63,0.981377412974649,1.12395694155613e-58,3
"20561",0.00241805860419293,0.000922032874159621,0.0112011884841015,0.985458720037546,4
"20564",3.12561367281258e-06,2.84018633327839e-38,9.4935563770256e-18,0.999996874386327,4
"20566",0.0920412427402049,7.33830564887193e-42,0.907958757259795,2.83459358223718e-50,3
"20569",0.012425287934111,0.970746185118192,0.00149426982474476,0.0153342571229522,2
"20572",0.00442229962304503,0.000168912125224589,1.8674087156117e-06,0.995406920843015,4
"20574",0.0295483141570325,1.05571524409219e-79,0.970451685842967,2.0658124998484e-70,3
"20576",8.52999901054095e-05,5.16478457836575e-26,5.09326034905531e-11,0.999914699958962,4
"20578",0.0105155647908166,7.0310425099083e-26,0.989484435209183,1.79949341800374e-16,3
"20580",0.0180124303837012,9.74731907204902e-26,0.981987569616299,2.16739352346208e-43,3
"20583",1.74844651628764e-05,1.03894232052336e-30,5.60807431967171e-13,0.999982515534276,4
"20586",0.0262372318281772,1.92623557455595e-33,0.973762768171823,2.70355786289934e-75,3
"20589",0.0213782058597668,2.06015958671226e-91,0.978621794140233,1.78623559595211e-129,3
"20591",0.99336172489425,1.11056701742997e-27,0.00663827510574963,1.14432117319902e-90,1
"20593",0.341103563306668,1.50124753870791e-176,0.658896436693332,1.68289691927893e-123,3
"20595",0.0164784157496783,9.37757288016169e-56,0.983521584250322,8.04713579730285e-48,3
"20597",0.999995938584133,4.06140927769907e-06,6.58961682857207e-12,3.25415894359768e-36,1
"20599",7.00795612535163e-05,2.95507374676123e-33,4.06400148376614e-15,0.999929920438743,4
"20601",0.0168267673811492,0.23762992119452,0.74554331142433,3.1293076286177e-16,3
"20604",0.0275586872297206,7.52516317035043e-119,0.972441312770279,4.48865218091527e-88,3
"20606",0.0233534604838071,4.11236936836494e-106,0.976646539516193,8.77727153537985e-103,3
"20608",0.0395903216809897,2.59424605064648e-77,0.96040967831901,1.15321595077287e-87,3
"20610",0.477229578336528,1.32608095349595e-25,1.95995313815772e-05,0.522750822132091,4
"20612",1,4.10353409466317e-146,3.42477174067324e-19,1.10530336460828e-126,1
"20614",0.000224504306673289,1.29585645840649e-07,1.27944187820046e-07,0.999775238163493,4
"20616",0.258841541206487,1.40292779689154e-24,0.741158458793513,4.50323506655257e-41,3
"20618",0.99999967624599,6.53306050707815e-75,3.23754010478883e-07,3.28781693876754e-97,1
"20620",0.553803184627005,3.25891378351609e-82,0.446196815372995,4.39336777108382e-64,1
"20622",0.000300785008168299,1.48215628541598e-20,2.37905269053553e-08,0.999699191201305,4
"20624",0.41183419413448,5.07114879311912e-88,0.58816580586552,4.50400134359093e-134,3
"20626",0.978711367910349,2.76349728276187e-66,0.021288632089651,9.38459155587276e-55,1
"20628",0.986088274903453,7.508510594207e-57,0.013911725096547,1.37887098528991e-61,1
"20630",0.0840798753077758,5.33386404290401e-62,0.915920124692224,1.50737182156474e-48,3
"20632",0.000348047915269646,0.00119500380227657,2.84917427384593e-11,0.998456948253962,4
"20634",0.0188540081831118,1.60634584011483e-99,0.981145991816888,4.52788880746121e-108,3
"20637",0.999966091104329,1.33806334041668e-107,3.39088956707618e-05,1.5926506181496e-102,1
"20639",5.68714362559343e-06,0.77729214466111,4.33099442696511e-07,0.222701735095822,2
"20644",1,1.31593652986755e-290,5.82072133338024e-18,2.96400020708258e-224,1
"20646",0.999999892679195,6.34487799490503e-152,1.07320804654151e-07,1.31676628430145e-112,1
"20648",2.48845279336307e-05,0.999724364058346,0.00025072744794232,2.39657778531801e-08,2
"20650",0.988522177460494,2.83652485708654e-115,0.0114778225395064,2.91728510387467e-174,1
"20653",0.922482611142688,4.46624375515461e-23,0.0775173888573118,6.31981826255125e-38,1
"20658",0.272963691929658,1.31658166564112e-96,0.727036308070342,1.47267792403325e-122,3
"20661",0.999999993224647,9.09290118995801e-89,6.77535262697246e-09,1.54483037610738e-156,1
"20663",0.0212806498223529,3.45384439017846e-13,0.978719350177302,8.01721328343155e-50,3
"20665",0.00078880245941114,1.18687198974542e-37,7.54081077374715e-14,0.999211197540514,4
"20667",0.798515736332811,9.53196268347837e-32,0.201484263667189,7.68894816200312e-54,1
"20669",0.999090589935151,0.000909408780461697,1.2843877549965e-09,7.1419599449599e-28,1
"20671",0.850525751830031,3.4833888139091e-64,0.149474248169969,8.31671856437345e-64,1
"20673",0.999979748610006,2.02513881610881e-05,1.83306443139623e-12,5.70999928852494e-25,1
"20675",0.841259640659674,2.63039302900159e-09,0.158740356709933,3.38399987245899e-62,1
"20677",0.0316636954803395,1.23434083989164e-22,0.96833630451966,4.06670459363655e-62,3
"20679",0.934452088316669,0.0655479095614133,2.12191323815658e-09,4.0100543139628e-15,1
"20681",0.000715042203505846,0.999249911640362,3.50461561318716e-05,1.19317646289051e-43,2
"20683",0.0799328010128852,2.17511901853634e-28,0.920067198987115,5.84590999924335e-72,3
"20685",0.999999999999853,8.97362649547509e-62,1.46494956882923e-13,6.09007433512098e-116,1
"20687",8.60624513710287e-05,0.0845155933137098,3.56550088400536e-06,0.915394778734035,4
"20689",1,3.21928385388346e-236,1.66461377837074e-17,3.62984383818905e-255,1
"20691",3.80129244309715e-06,1.62070011800643e-19,1.56373210665416e-13,0.999996198707401,4
"20693",0.121140653668353,5.96433004638432e-111,0.878859346331647,1.03242346246639e-148,3
"20695",0.0982857870780021,0.187505621244812,0.714208591676982,2.03480959518306e-13,3
"20697",0.0328284494315468,9.46473033797539e-87,0.967171550568453,2.30763176758461e-52,3
"20699",0.0420123158471205,7.56499562700682e-17,0.957987684152879,5.40711353948474e-39,3
"20701",0.0434905653342866,4.32091303696357e-40,0.956509434665713,1.64532153824482e-95,3
"20703",1,8.90511321282975e-42,1.58527359421653e-18,9.84600093560004e-97,1
"20705",0.0469920658697318,3.11926819773753e-66,0.953007934130268,3.18547435043654e-112,3
"20707",0.00171702507313364,0.970538855485116,0.0277441194417499,7.72363485802006e-41,2
"20709",0.939662988329172,7.48712325345427e-37,0.0603370116708175,1.06492239821897e-14,1
"20713",0.999960264486887,7.1335979204525e-22,3.97355131132981e-05,4.17760793698846e-36,1
"20715",0.999999999977486,3.26709471687367e-205,2.25135374815643e-11,1.38659919374821e-64,1
"20717",1.88269412991754e-05,0.999924004337089,5.71687216114916e-05,1.9147249518516e-26,2
"20720",0.0331198774861436,3.02032114957597e-66,0.966880122513856,3.48975464139878e-62,3
"20722",0.0519617828275918,2.15863009884229e-37,0.948038217172408,2.35791735697738e-65,3
"20724",0.000161587706384729,0.977916388492995,0.000627349855456176,0.0212946739451643,2
"20726",0.0757655632951835,9.15356717413183e-105,0.924234436704817,1.73142467696226e-132,3
"20728",0.000115518657835397,0.999867104893934,1.73764482301405e-05,2.0363510336948e-30,2
"20730",0.0133181048313853,0.0727145445381517,0.16620239597272,0.747764954657743,4
"20732",0.998983165399286,8.02600782626737e-76,0.00101683460071406,3.22852339028087e-104,1
"20734",0.0280760391155821,1.53434482092557e-14,0.971923960884403,3.38526610615179e-47,3
"20736",0.000249033902951687,0.154210680121221,4.66816841559164e-05,0.845493604291671,4
"20738",0.999999999993921,3.18297173759194e-150,6.07926143633745e-12,3.83138554627231e-82,1
"20740",0.996134603146783,2.27529735769801e-51,0.00386539685321683,4.17165617611103e-195,1
"20742",0.942720882350813,2.03646949125573e-06,0.057277081179696,1.14799585361326e-47,1
"20744",0.00166176396748498,0.0116903492716157,5.10374720032283e-09,0.986647881657152,4
"20746",0.0146503064064247,5.21039324777815e-06,0.985344483200328,1.72386179641191e-34,3
"20748",0.000448917067737228,0.999044851196254,0.000350487239275206,0.000155744496733934,2
"20750",0.00578179456822507,0.00411878188158631,0.0282353533620326,0.961864070188156,4
"20752",0.0217965524966653,1.85027550951475e-29,0.978203447503335,6.62425568259096e-68,3
"20754",0.999999997173395,2.80434138971296e-09,2.22629763479676e-11,2.29195820914379e-27,1
"20756",0.0285181210732286,3.95988631188863e-13,0.96855082210809,0.00293105681828577,3
"20758",0.999999661668713,1.76915098870663e-50,3.38331286726447e-07,3.18302028660655e-25,1
"20760",0.000277512183520534,0.978777163924807,5.52112070363008e-05,0.020890112684636,2
"20762",0.99999925469224,7.45205523792429e-07,1.02235608830124e-10,2.38238070697205e-47,1
"20764",0.968492908689217,0.0305960241513024,0.000249702991015573,0.000661364168465328,1
"20766",6.37128065821112e-05,0.999675625741759,8.01980675338735e-05,0.000180463384125224,2
"20768",0.000413483237662156,0.000155544940446337,0.00223227451304014,0.997198697308851,4
"20770",0.987858046769565,3.72069305597798e-16,0.0121419532304341,1.78979306814074e-52,1
"20772",0.0348385160015914,1.39164331552036e-109,0.965161483998409,1.07827155372025e-91,3
"20774",0.999982805979312,1.18784375510571e-216,1.7194020688394e-05,1.78014897880437e-209,1
"20776",0.000936564647852009,0.993156042239856,0.00590739311229194,2.64205589426491e-49,2
"20778",0.999999996396834,1.24908050835368e-242,3.60316575612714e-09,6.81917786984333e-172,1
"20780",1,4.34926197006337e-37,4.72412619956181e-17,6.79457439185971e-35,1
"20782",0.999999999997586,2.29880819186198e-12,1.15222703116828e-13,7.62226773551843e-23,1
"20784",0.999999187407956,8.08002012261385e-07,4.59003155597792e-09,5.54736614653172e-47,1
"20786",0.0326392987988546,5.35527998937018e-27,9.53185714409849e-16,0.967360701201144,4
"20788",0.0135918794157668,0.704213768047685,0.282194352536548,2.48824842335901e-37,2
"20790",0.624650378843897,0.373762657708968,0.00146788968604751,0.000119073761087436,1
"20792",0.465725778660094,7.03976346611791e-29,0.534274221339907,2.96339479730131e-19,3
"20794",0.043202547388554,0.92234934604102,8.36880851916387e-06,0.0344397377619065,2
"20796",0.02293946388516,2.61988847991369e-82,0.97706053611484,1.89473383388728e-123,3
"20798",3.12561367281258e-06,2.84018633327839e-38,9.4935563770256e-18,0.999996874386327,4
"20801",0.997991632816328,3.28471831627806e-29,6.67896933208244e-07,0.002007699286739,1
"20803",0.102694211291784,7.71169599433357e-08,0.897305711591256,1.08525391269327e-53,3
"20805",0.0171561744966032,1.67822338652426e-14,0.98284382550338,1.55355197876121e-40,3
"20807",3.12561367281258e-06,2.84018633327839e-38,9.4935563770256e-18,0.999996874386327,4
"20809",0.980189811156781,1.20368718158487e-15,0.0198101888432174,4.26072122344252e-52,1
"20811",0.999960886715405,1.25852085641646e-62,3.9113284594794e-05,4.02606939806277e-34,1
"20813",0.532061865310727,1.39978081215896e-31,0.467938134689273,9.20011515848625e-21,1
"20815",0.0130971418830473,1.07481040924471e-26,1.62975817783153e-21,0.986902858116953,4
"20817",4.38101021504379e-05,0.999575287825649,0.000380851395781327,5.06764193158122e-08,2
"20819",0.045804549660087,2.9203382149726e-11,0.95419545031071,1.26037912621432e-82,3
"20821",0.999999999999787,3.3405516159498e-147,2.13216253671988e-13,1.59462472461383e-78,1
"20823",0.0122060193880095,3.54789776780662e-14,0.987793980611951,4.28560957023003e-15,3
"20825",6.74061867239547e-05,0.999573897968074,6.33476203414934e-05,0.00029534822486037,2
"20827",0.98411859319818,4.4990819826423e-13,0.0158738823257182,7.52447565130025e-06,1
"20829",0.771505512950329,5.55660157805318e-114,0.228494487049671,1.34546556670282e-99,1
"20831",4.4400480091985e-05,0.999909475203002,4.61180222397973e-05,6.2946665975842e-09,2
"20833",1,2.05658145924036e-16,9.50977466850331e-18,1.20235335642365e-24,1
"20835",0.00176642774933788,0.995238222117731,0.00299531024237573,3.9890555368051e-08,2
"20837",0.000370580699782618,0.996882111783688,0.00274730751652912,1.47991951450161e-17,2
"20839",0.000582977705000679,0.997809614863164,0.00160740327459061,4.1572451385808e-09,2
"20841",0.807112745951021,2.56292637813233e-47,0.192887254048978,1.43764821196768e-83,1
"20843",0.0670022336307467,0.101870628129744,0.831127138239509,4.8454240884808e-43,3
"20845",0.630695855951713,1.9142690939413e-10,0.342860268869008,0.0264438749878518,1
"20847",0.0197966634692311,6.32884952113941e-24,0.980203336530769,5.86239496255246e-36,3
"20849",0.0290542191273524,4.85500674070831e-26,0.970945780872648,1.03087275498757e-24,3
"20851",0.028419706843775,1.94606184646662e-31,0.971580293156225,2.66099066524228e-79,3
"20853",0.303163385223569,2.53302383709234e-68,0.696836614776431,1.14553616462578e-120,3
"20855",0.225199656606728,1.88062439049728e-89,0.774800343393272,5.70508670490709e-50,3
"20857",0.0454567189332111,2.14968467781772e-15,0.954543281066787,2.92464095611957e-45,3
"20859",0.0154429295015949,1.27021957178182e-46,0.984557070498405,2.49827667358424e-50,3
"20861",0.999999999626803,1.15360114827669e-56,3.73196494947486e-10,1.84799853944188e-90,1
"20863",0.00170667780902877,0.99741728528327,0.000184136613001897,0.000691900294699587,2
"20865",0.907698777557687,0.00693206639934326,0.0853691560429701,2.44921863534487e-31,1
"20867",0.997429268032822,5.08622509768335e-207,0.002570731967178,4.71023979910962e-170,1
"20869",0.0044828162175074,0.0018010188563936,0.00491394226272243,0.988802222663377,4
"20871",0.998242676053675,2.07353655273362e-161,0.00175732394632445,1.04577793450835e-75,1
"20873",0.582390470638665,5.09486155938377e-129,0.417609529361335,1.26990527669828e-55,1
"20875",0.0212521536124953,9.86387117619535e-49,0.978747846387505,8.74676654705753e-57,3
"20878",0.999999999996618,1.42662004776465e-38,2.95738436098104e-20,3.38238385584654e-12,1
"20880",1,2.19886799172075e-20,1.23222079197716e-17,2.90590858551263e-23,1
"20882",0.123436060408645,1.54463757000483e-107,0.876563939591355,4.36113899691245e-118,3
"20884",1.87455895450235e-05,0.999863322694672,0.000117931715782286,8.12898274896188e-16,2
"20886",0.00612656001327526,0.00401306285155823,0.0394795835470132,0.950380793588153,4
"20888",0.126259293799793,0.0197531208373094,3.82212354453235e-11,0.853987585324676,4
"20890",0.000671125020166743,0.607399144732341,0.0126343673231438,0.379295362924348,2
"20892",0.043671258070293,1.46947250678659e-19,0.956328741929707,3.02440506429737e-62,3
"20897",0.0873829500098352,4.69038206769767e-16,0.912617049990164,1.14649056100945e-23,3
"20899",0.0250884679611264,6.49942670909554e-16,0.974911532038852,2.05016855966268e-14,3
"20901",1,1.50640693844489e-175,2.29275328042463e-17,1.52458821311983e-185,1
"20903",0.99999999885997,1.90102321767888e-213,1.14003034889367e-09,3.07433765892888e-93,1
"20905",0.999999999479404,1.13170252072669e-132,5.20596403238505e-10,1.99881716585137e-84,1
"20907",0.304469587471161,2.40879766160059e-85,0.695530412528839,7.26857199037982e-102,3
"20909",0.528332779610942,2.05272149101894e-27,0.471667220389058,5.18980719759493e-19,1
"20911",1,4.56716582978379e-233,1.64176678566923e-20,5.37466106041712e-248,1
"20913",0.117682212049328,3.60511725866921e-12,0.882317787947067,5.99003827009191e-20,3
"20962",0.0142219799033107,6.78012022283244e-28,0.985778020096689,1.94127692673775e-43,3
"20969",0.247612872017409,7.27218447366757e-69,0.752387127982591,2.45067182785585e-35,3
"20980",0.0288878752117286,3.70165412565948e-34,0.971112124788271,1.17042783280019e-31,3
"20982",0.0131847296108964,3.7910060101851e-44,0.986815270389104,1.51448974272768e-70,3
"20984",0.770047423759757,5.43633350504791e-19,0.229952576240243,7.86008536031435e-24,1
"20994",0.0899418515434729,6.77512679499823e-63,0.910058148456527,2.01375098264862e-62,3
"21015",0.999988603120712,2.1509704604211e-07,1.117368992382e-05,8.09231815747247e-09,1
"21023",0.153397809650201,9.89195833037895e-94,0.846602190349799,2.32910837594063e-121,3
"21040",0.959188423250222,7.37198769212369e-59,0.0408115767497778,2.42792810147283e-120,1
"21073",0.421875942577256,1.72416872810322e-33,0.578124057422744,1.11058423282719e-46,3
"21222",0.00896977240139251,0.888258064790146,0.0872020852539033,0.015570077554558,2
"21224",0.0389469254555638,3.77189263012606e-15,0.961053074544433,3.90842211491709e-27,3
"21228",0.999999908055988,1.38428457221121e-62,9.19440123558648e-08,4.14972516643837e-37,1
"21232",0.0411138448949536,1.95016536010744e-78,0.958886155105046,3.53323521604347e-115,3
"21237",0.999767165801195,1.13789127808276e-107,0.000232834198805291,3.35879193799835e-89,1
"21240",3.10366961827064e-05,0.999898301198255,6.99875059619082e-05,6.74599599817458e-07,2
"21245",7.45552464728572e-05,0.986468017303681,9.75654896060663e-05,0.0133598619602394,2
"21252",0.0921028353597715,2.67944897157717e-57,0.907897164640229,4.10239398352749e-132,3
"21254",0.342935032861604,4.99122592803278e-52,0.657064967138396,6.05372996109066e-86,3
"21258",0.832829252775409,3.51819361245042e-41,0.167170747224591,1.24898942456401e-39,1
"21264",0.0393852676391889,0.000120349251294487,0.960493869953451,5.13156065967624e-07,3
"21305",0.999293210217497,2.39280971101788e-44,0.0007067897825032,1.20064701591326e-49,1
"21333",0.0356153912119262,3.42984184068672e-37,0.964384608788074,8.73624302044796e-103,3
"21366",0.0733712373566475,2.62727589381483e-09,0.926628760016077,9.51848332446571e-51,3
"21377",0.00600833244620176,9.10069073362901e-19,2.71975066572497e-07,0.993991395578732,4
"21380",0.999999999999974,9.81024871783529e-123,2.6473324757997e-14,9.00958080825908e-87,1
"21387",1,1.7114049431628e-203,3.59183281732809e-22,0,1
"21390",0.120688250497654,1.54579969393353e-71,0.879311749502346,7.38248251592823e-107,3
"21392",0.0491204815857055,7.53100496290886e-20,0.950879518414295,5.71722679239561e-41,3
"21403",0.135455784407046,4.10253917782642e-47,0.864544215592954,7.20974402782651e-25,3
"21408",0.0637771855827508,2.64819662117666e-96,0.936222814417249,6.25799970047611e-85,3
"21412",0.999999302774787,1.12763533235248e-96,6.97225212584365e-07,1.58382908447901e-104,1
"21421",0.0455330958350929,1.03908387982493e-09,0.954466903125823,1.43469117555974e-24,3
"21424",0.999689703136602,1.85833085859254e-116,0.000310296863398014,3.78812883188382e-184,1
"21429",0.036201059162307,5.67266026815143e-57,0.963798940837693,1.52182623230135e-67,3
"21431",0.058341077925563,1.61694572070484e-13,0.941658922074275,9.92205248270693e-29,3
"21436",0.999999909034405,2.10009218319285e-20,9.09655954599229e-08,6.63615425720324e-51,1
"21439",0.0126467749104696,3.83684585168778e-35,0.98735322508953,5.4688082656352e-25,3
"21442",0.0903379050041606,5.53058996962838e-22,0.909662094987756,8.08306598782408e-12,3
"21444",0.00726155941864911,0.99231854744782,0.000419893133530817,1.21768522211269e-19,2
"21446",1,4.70959551161858e-41,9.96530093365278e-22,9.61173839158189e-19,1
"21448",1,5.23850853884898e-88,1.28478438946983e-22,2.9293676803309e-154,1
"21450",0.610910341625177,2.57009553514131e-53,0.389089658374823,7.64083055923316e-47,1
"21452",0.161284316652168,7.27259919854527e-60,0.838715683347832,1.58293693593301e-77,3
"21466",0.286593352729259,1.91216943917747e-110,0.713406647270741,4.02564412989656e-165,3
