"","V1","V2","V3","V4","V5","V6","V7","V8","V9","result$classification"
"19811",0.00186984462521204,0.949929165347108,2.75005447463818e-07,0.000418323614379191,0.000405823814977643,2.77632908941005e-09,5.6159607780163e-10,1.56537545651046e-05,0.0473609105003855,2
"19813",4.7649516211893e-07,6.10968752333837e-06,7.78608250595263e-09,1.2499383039446e-08,7.98416437700246e-07,1.59950882852886e-08,2.66419047741906e-12,4.56154499992667e-08,0.999992533502209,9
"19815",0.0291849005490381,0.962066492724161,9.73045812064449e-05,5.29963257117961e-06,0.00738733348288279,2.62390616405058e-09,3.44163265155512e-05,0.00122323737034747,1.01270937101873e-06,2
"19817",0.00372792156742724,0.992395330228271,1.80786296438349e-06,0.000343205845591629,0.00345769699075796,1.91461392378291e-10,2.61446667968176e-07,6.95763421182795e-05,4.1995247396811e-06,2
"19819",1.05409258060231e-05,2.0391404128119e-06,0.247358344041465,6.00628390368482e-08,0.0645047293009996,0.00409060318763621,0.683960241953291,7.34413578270816e-05,2.97230670817873e-11,7
"19821",0.000466339681935976,0.965819559411668,3.09229455681025e-05,0.014200198850182,0.00488104398257356,1.00725437067718e-07,7.11217242545475e-09,6.01228964962503e-07,0.0146012260614976,2
"19823",0.000370395727010993,0.435994931004411,4.82078287665235e-06,5.39174634667103e-05,0.00194739411001647,8.86637432483989e-09,0.00117873192681438,0.560449003600364,7.96518665123557e-07,8
"19825",0.00231527562870916,0.000403850141961524,0.0103696657774474,0.54574945482244,0.00645462929620324,0.433227415540902,5.84190613833078e-05,4.06407982119271e-06,0.00141722565113174,4
"19827",4.61871022484801e-05,0.612983357346432,3.71167301277542e-06,0.382662545145497,0.00412987047381757,6.96910449456895e-08,4.1232144986894e-06,0.000169910928375278,2.24425074084073e-07,2
"19829",0.000128322222303548,0.000224110280334239,0.0846310337160535,0.00360371418159615,0.90917844591214,0.00212700757709912,0.000106462612241529,7.10172898953962e-08,8.32480941752878e-07,5
"19831",3.8481832894369e-05,1.56166059678652e-05,0.0789573642642997,8.74434123542708e-08,0.808635278387558,0.0152136212623545,0.0939842973617351,0.00315510060911978,1.52232657824191e-07,5
"19833",0.00144076505209138,1.41291116892947e-07,1.17730647534718e-06,1.05502377524e-05,5.67628446093138e-07,0.00174229639302606,0.0992329848357199,0.897570952723926,5.64531446314808e-07,8
"19835",0.000466339681935976,0.965819559411668,3.09229455681025e-05,0.014200198850182,0.00488104398257356,1.00725437067718e-07,7.11217242545475e-09,6.01228964962503e-07,0.0146012260614976,2
"19837",6.76955514959385e-05,0.953998588214055,1.05426261080114e-05,0.0216754080556239,0.0242328867211613,7.88883766793008e-09,3.79330170998361e-07,1.25829968559805e-05,1.90861569179928e-06,2
"19839",0.000679770099373971,0.000434274554254238,0.0309929640385074,0.00964319522605629,0.395473188303821,0.562383189806833,3.89611668259042e-06,3.13428030859362e-07,0.000389208426441427,6
"19841",2.40339424365155e-08,4.07642686011888e-06,1.76345376838569e-07,0.999741120251776,1.70594346957872e-06,0.000237619284640962,1.23962699489406e-09,1.04123468305472e-09,1.52754330730755e-05,4
"19843",0.00283718561138532,1.79858377935777e-06,0.571256973949251,4.84437536264488e-09,0.0232372204230111,0.393404834203683,1.86609752832151e-05,4.23589153123448e-07,0.00924289782007858,3
"19845",0.000105389365716275,0.0374349916273451,2.6146624889683e-08,3.63223999482535e-06,7.24897733059397e-06,5.0967225523607e-10,9.28114567125295e-11,1.02776910448258e-05,0.96243843334946,9
"19847",0.032105473646741,0.913134634069167,0.000360882843341277,6.75292503467223e-06,0.0457007921972513,1.90673921182691e-07,2.48930612002354e-06,0.000589268215717817,0.00809951612270594,2
"19849",9.28077293585342e-08,1.85524681278957e-05,5.97151602561687e-10,3.02598358450725e-08,7.10202300000512e-08,1.56197236532238e-09,4.67420242655835e-13,4.78075198105479e-08,0.999981203476966,9
"19851",0.000996122016446658,0.998257407496053,6.40787640830246e-07,1.31451848181623e-05,0.000496155538524956,4.3701695279438e-11,1.46620674152041e-07,0.000224529782181405,1.18525299587866e-05,2
"19853",0.000106743328199561,0.918878302303341,3.06555378997791e-09,0.000166359322682852,9.68066642408441e-06,4.08215082700556e-11,6.59416053176699e-08,0.0679321316537924,0.0129067136775796,2
"19855",0.00016406238671175,0.996562775555504,1.648435983891e-08,0.0019740023275313,0.000221099445941778,2.25051585852073e-11,1.13683867547197e-08,0.000330366761433777,0.000747665647625685,2
"19857",0.0102382988005664,0.672949004237942,0.000173625992527392,0.0146332432202242,0.284085393869305,6.22999079832342e-07,4.61094427478617e-08,3.72473832650035e-06,0.0179160400325859,2
"19859",0.00341833943112039,0.936775461364088,1.29796210890361e-05,0.0102500282525315,0.0490613589373953,3.20939144907593e-08,3.93981754075361e-06,0.000468888480089446,8.97200223120623e-06,2
"19861",0.000632612941401413,0.840423273273769,3.46804861974073e-07,1.42388027622985e-05,0.000322667662086475,1.26008663563571e-09,2.16910062357496e-09,0.000116167681485562,0.158490689404446,2
"19863",3.01856256936613e-07,1.16471419752857e-05,4.61739289812739e-10,0.00543226377407316,4.15532620006189e-08,2.76117155803604e-06,1.53184622435912e-12,2.26715353441019e-08,0.994552961368068,9
"19865",2.56818923193245e-06,0.00124867960173928,1.82750582786311e-08,0.998743805925078,4.47265585675099e-06,2.50231632911362e-08,5.68808864295574e-10,1.03475613895003e-08,4.19413502012243e-07,4
"19867",0.013129011171447,0.977237501161933,5.39733506226927e-05,8.94698820413459e-07,0.00244251236766991,6.55204401939916e-09,3.56113337311948e-07,0.000235610191602262,0.00690013439252327,2
"19869",7.02413585319898e-07,0.00353699170836445,6.06555737549542e-10,1.34991335252736e-05,6.33419755026439e-07,1.99421713498645e-10,1.05610619213015e-12,3.12284535896628e-07,0.9964478602332,9
"19871",0.00091100013161232,0.810364511408816,3.92224135310361e-05,0.0372309159671458,0.151319410821485,2.7650092548378e-08,7.29529487279292e-06,0.000126391527131984,1.224785312046e-06,2
"19874",0.000427857139326041,0.196841731736046,9.25173159411447e-08,0.802610999615768,8.61196975882208e-05,1.44950145285537e-08,9.96083157850948e-08,3.08601498618196e-05,2.22504076416932e-06,4
"19876",1.60204420906265e-05,0.815629290933135,8.3210785732786e-09,0.18407985322547,4.83046768139585e-05,2.18664150984481e-10,5.97682861536192e-10,5.77557447104163e-06,0.000220746010594428,2
"19878",0.997778782886218,0.000144657627545374,0.00197218461692899,7.10986729937127e-07,5.66425742227134e-05,3.18384876025146e-05,1.31972155153809e-05,7.33212610209241e-07,1.25239262685109e-06,1
"19880",5.44968894261431e-08,0.000920889229207245,1.9626667581439e-10,0.999073315841108,3.73127194854422e-07,1.85333583620299e-09,2.7290144157243e-11,3.18957194818364e-08,5.33333298791349e-06,4
"19882",0.0103445727423775,0.695579482730961,4.19477640739344e-07,0.000569259187342995,5.64725306583432e-05,5.74215868450782e-09,5.7465484342478e-09,0.000138328165049492,0.293311453677264,2
"19885",0.00826374508198698,0.876511842203963,0.000224259352284149,0.000316815782161459,0.114671755773164,9.58062594255452e-09,5.94413407815123e-07,4.72407894494034e-06,6.25373346226887e-06,2
"19907",0.0140199425773406,0.903454104654804,1.49122833716642e-05,6.21994658604205e-06,0.000527013672684796,2.81688637477527e-09,4.70032757245699e-08,5.35530489779292e-05,0.081924203996073,2
"19909",7.16838305247518e-06,0.000504736191249418,0.0315621649165388,4.04221978377944e-07,0.967865135757424,3.44790649230033e-05,3.52915719826998e-06,1.81343570001911e-07,2.22009640662516e-05,5
"19911",7.21798457325761e-05,0.00114082908045922,0.00952559389079209,0.00296436636738261,0.984460942402678,0.00176289147607615,6.40702309186127e-05,7.41026078880617e-06,1.71644517137414e-06,5
"19913",1.19701461843175e-08,5.12648725749607e-06,1.1821641217109e-09,0.999993870070346,1.68141710225676e-07,7.2485122068129e-07,6.61895237759928e-10,1.00348818883024e-08,8.66003789001153e-08,4
"19915",0.00013167290322254,0.657179133269563,1.02404702894809e-07,0.342489946388393,0.000171306078278191,1.03603843383115e-09,7.47349206603893e-08,2.66525091625315e-05,1.11067571881366e-06,2
"19917",2.54415347688652e-05,0.00667086622570202,2.02682914702732e-07,0.993128099097358,0.000172796330840274,7.33586267079332e-07,1.90425153058432e-08,9.83038433874497e-07,8.58461199895289e-07,4
"19919",0.00498545445503312,0.857240213951338,3.43429592647037e-06,0.13332279978565,0.00437532755783555,1.48355410938431e-08,1.33384828474486e-06,7.06685164102256e-05,7.5275398076097e-07,2
"19921",0.00630379675454681,0.991356467748594,6.30425194460305e-06,3.38983285291991e-06,0.00204650071872271,3.16848269396065e-10,1.01649838629557e-07,9.00084223514901e-05,0.000193430304300969,2
"19923",0.993515583484231,0.00535887310442323,0.000397803034730667,2.76320163982072e-08,0.000274406437473813,3.62344978340105e-07,6.1913180965678e-05,0.000385731253016101,5.29952816405257e-06,1
"19925",8.34151130090562e-05,0.0478153976586211,7.4999214679132e-08,0.952043813003213,5.44446196619887e-05,1.13677993417821e-08,2.68697509728794e-08,2.485923778639e-06,3.30444950539314e-07,4
"19927",0.000248895367171863,0.998224304591581,4.20554614290609e-07,7.32990132887934e-05,0.00132770732487788,4.76132653967421e-11,6.74686793759232e-08,0.000109573878845188,1.57317533285372e-05,2
"19929",8.0000200895791e-08,9.4039159298228e-05,8.32656496977396e-10,0.575813677365376,2.9470971977139e-07,5.82671339448592e-06,3.40585104366627e-12,3.65063801844944e-08,0.424086044709568,4
"19931",0.000927348572554314,0.991228435900087,1.29833657604741e-05,0.000397697344662879,0.0072851937211839,3.98270622053249e-09,2.43662615083566e-06,0.00014548124486141,4.19242032744397e-07,2
"19933",0.000115512070975964,0.057600636047733,0.0309885217847339,0.000168591702165667,0.910870014535717,7.59838480261391e-06,0.000240733364460738,8.31015842359851e-06,8.19509873761164e-08,5
"19935",0.0204248958137715,0.781978301274399,0.0099214989929404,0.000773279127060608,0.186257898008952,8.64870251904107e-06,6.54166590319962e-07,1.69770152526264e-06,0.000633126212241912,2
"19937",0.00341786259970594,0.993133273196393,7.98429806051743e-06,5.77360327283054e-06,0.00234032845745854,1.77808466252709e-10,5.52459770582165e-06,0.00108781562682068,1.43744277457383e-06,2
"19939",0.290845834376321,0.707012479996249,3.23985483140249e-05,0.000765661345918469,0.00129524727614927,2.33924879780616e-09,3.88550375177497e-06,4.14237004432773e-05,3.0669136048463e-06,2
"19941",5.91399793889278e-06,0.000926122259794804,0.0243797525284122,0.0179892101253334,0.837147014829934,0.119480451328879,8.19339056569513e-06,7.56788866623051e-07,6.25847502752969e-05,5
"19943",5.18489321676865e-07,0.000343897583731718,3.15884121555374e-09,0.999653640195262,1.73946503041528e-06,1.1843618127997e-08,5.89564290942139e-09,1.57118330184345e-07,2.62502215040027e-08,4
"19945",0.00337027064391812,0.0124013548196208,0.0645974310523874,6.48610600175736e-06,0.918868337590075,5.82785152197404e-05,0.000668328002112425,2.9478395926755e-05,3.48747382380044e-08,5
"19947",0.000174071012856226,0.00284363334300299,0.00175501867470843,0.555499147745533,0.425991808041644,0.00248051300647217,1.34103722295034e-05,9.88225099863197e-06,0.0112325155525545,4
"19949",0.965652008044245,0.0182058326470423,0.0118707371050926,2.61564618586284e-07,0.00329211531675728,1.21161958156586e-06,0.000872740490275158,0.000104928871751258,1.64340636465294e-07,1
"19951",0.0534118275110935,0.204506230255472,3.69299454667519e-05,0.740667718367503,0.00135925196395494,3.71733623957093e-06,1.38142239546761e-06,8.52458429014824e-06,4.41861358520168e-06,4
"19953",0.00121976434226596,0.000158284891495841,0.0630112039098879,8.49836442436005e-09,0.0354384643178899,0.000113780417886187,0.858837314764151,0.0412211687358378,1.01222207650223e-08,7
"19955",0.317736442738648,0.000242591085338714,0.13165466359944,6.3428346233207e-07,0.519262746962331,0.00883997842172113,0.020701893443878,0.00155695701848025,4.09244670097967e-06,5
"19957",0.000160601425220612,0.0428496722477996,3.42443433039988e-06,0.919571955506817,0.0322126845420354,3.1053669123362e-06,4.54576774281304e-05,0.00514477428604148,8.32451341525549e-06,4
"19960",0.00368562788005149,0.000236693478429309,0.321128679457927,0.000132180367643776,0.673407973703455,0.00129809348899361,9.1023713841259e-05,1.33332582156236e-07,1.95945770761993e-05,5
"19963",1.7333279856271e-06,9.6187621908249e-05,2.46277835602118e-06,0.843091800166392,7.72185225716519e-05,0.0539954810961332,0.00245746745627,0.100267617169171,1.00318612122167e-05,4
"19965",0.12302136119964,1.17993135268127e-05,0.813917137701659,3.34721175528519e-09,0.0547817030177704,0.00800393236594566,0.000243701231759005,9.38915324312661e-07,1.94229071636018e-05,3
"19968",3.04042449356252e-05,0.00923035363195096,4.26685298894304e-05,0.751923837297886,0.00173991746824479,0.000155924000443334,2.41976076430079e-10,2.11105347047618e-09,0.23687689247362,4
"19971",9.39188730236437e-06,2.00132860891618e-06,2.04984927148035e-05,0.988957290888333,4.52225442364904e-05,0.0100752227333654,0.000876455541054503,1.38604126066405e-05,5.61717781391268e-08,4
"19973",0.000499843025860912,0.995694818909165,1.21922599624985e-06,0.00207430751989629,0.00170474366259875,5.10304501804537e-10,7.82554310760435e-09,2.51572550161492e-06,2.25435951336481e-05,2
"19975",3.0493133105026e-05,0.0184589530518463,2.22132799365054e-07,0.981345819254975,0.000151311639975336,9.6778058035236e-08,7.08137121979685e-10,3.04888707844438e-08,1.30728122325145e-05,4
"19977",0.000562131274027837,0.000195163924583705,8.28469072966329e-07,0.998556448835378,1.13581073533493e-05,0.000620959304626992,1.6509833670138e-06,2.15011466026402e-05,2.99579549872175e-05,4
"19979",4.07707616032232e-06,1.011866469077e-07,0.898421555630766,2.28732694657295e-07,0.065988271264399,0.0316028037338266,0.00398295510908704,7.21420949504795e-09,5.22094466446626e-11,3
"19981",0.000618741247191218,0.384832560308883,0.000146074030760089,0.000134591244045933,0.613764465347192,8.20283874472709e-08,4.0230402697606e-07,3.7617419125102e-05,0.000465466070388554,5
"19983",0.379158857100065,0.3406033840285,0.00139224241320527,1.18633876668408e-05,0.278277329305332,6.3681651655671e-08,6.51720445386719e-06,9.7119130003048e-05,0.00045262374912171,1
"19985",9.19855657396957e-05,0.19382453027521,1.20224167124037e-08,0.806016927003425,4.24212883257892e-05,1.32218332526343e-09,1.81058598149714e-09,3.33854917302711e-06,2.0782162940047e-05,4
"19987",0.000192101519391917,0.538543907324744,0.0011092496352625,0.0226484303521428,0.437478750585214,1.40172341210129e-06,1.14219771058679e-05,1.28834997575356e-05,1.85338296871491e-06,2
"19989",4.37021694154266e-05,1.054857452004e-06,0.962044192532715,2.70198986015464e-10,0.0231944362818797,0.000706514510912423,0.014009718606771,3.8069745190422e-07,7.32039746255333e-11,3
"19993",0.721510484459073,0.158193235648834,0.0576774764670254,0.011372835582699,0.0507643131302334,2.47927061598274e-05,0.000453702719477801,2.90314816275861e-06,2.56138335069169e-07,1
"19995",0.0459508504598919,0.108876323037289,0.198502191626629,0.00386182279977298,0.641985955741783,0.000656046149704727,0.000157839797808557,5.61276578457427e-06,3.35762133621066e-06,5
"19997",0.000321772754343462,0.995451343719617,2.05116102344666e-07,0.00372218067654989,0.00044559745508022,1.10403425149488e-09,1.83825948465983e-08,4.00999496711526e-05,1.87808420067199e-05,2
"19999",3.79639155281357e-05,0.976425354721281,1.4236804443084e-08,0.0226799395569187,0.000151845447579169,1.04170227549381e-10,4.02782805239088e-10,6.25536246080587e-06,0.000698626252474402,2
"20002",3.42702499161998e-07,0.00024625802166407,5.42779918398211e-06,0.463677037481932,3.82728404507039e-05,0.0732854069692003,2.96694589240287e-08,2.09144038051449e-06,0.46274513307523,4
"20004",7.22001942114718e-06,0.0139015650674723,0.0210231439741929,0.000750741241260782,0.96394119020888,0.000313874092913211,3.70904069950101e-06,6.94460720390035e-07,5.78618944401696e-05,5
"20006",0.388996683093146,0.00107171103581945,0.0790735308641222,0.000307727878000512,0.524021103552223,0.00491065342842953,0.000543959967027183,7.801703143427e-05,0.000996613149798264,5
"20008",0.871701686324344,0.000853526031279129,0.075592690528551,2.37675146000119e-05,0.00303979893383567,0.0479130761995327,0.000801377846632226,6.02437148966151e-05,1.38329063285761e-05,1
"20010",0.425451259889627,0.00315313009942718,0.290774866814323,8.82455582764825e-07,0.234719802736507,6.31879027898755e-05,0.0456759619357469,0.000160905565064705,2.60093232444239e-09,1
"20012",0.00212021533244734,0.177519946933563,9.26639209488564e-07,0.81170460297406,6.51020881538894e-05,8.33272127599595e-08,3.03190059278525e-09,4.3092229326647e-07,0.00858868875115971,4
"20015",0.000732114124658072,4.18427041672273e-07,0.988813687229069,2.34256367566341e-09,0.00765998500632192,0.00278870294309144,5.01036886835184e-06,1.09774500511535e-10,7.94486112601261e-08,3
"20017",6.27292821788905e-05,0.986245826518079,7.70102310067051e-08,0.0104395440335827,0.000933634400002769,2.4367882297258e-10,9.64368327823309e-10,8.43307809421259e-06,0.00230975446978456,2
"20019",9.12452367977658e-05,2.85646631824237e-09,0.967414435559269,2.85918853196796e-10,0.00212013296377116,0.0166025703143243,0.0137716043477313,8.43123503901011e-09,4.48633476470679e-12,3
"20022",0.00364092517208774,0.000338849206490479,0.185175661999922,2.11026962602178e-07,0.809101376538023,3.16096558376078e-05,0.00170874152277899,2.62249217074144e-06,2.38572665944677e-09,5
"20024",8.95879816306978e-05,2.04297521088056e-07,0.16957092501621,3.38794393956623e-09,0.00615867141535807,0.0145448518033017,0.809380182012357,0.000255567661528939,6.42414944111117e-09,7
"20026",8.95879816306978e-05,2.04297521088056e-07,0.16957092501621,3.38794393956623e-09,0.00615867141535807,0.0145448518033017,0.809380182012357,0.000255567661528939,6.42414944111117e-09,7
"20028",1.21136836058256e-05,0.938861792560114,2.03353446357432e-08,0.0609374740816913,0.000100566091183114,6.25271053279155e-10,2.99624697575387e-09,2.43969653001154e-05,6.36326612428551e-05,2
"20030",5.40571622279178e-06,1.76518574690197e-05,0.495476915446298,4.89869010862092e-05,0.365097436854139,0.139333302392494,1.81462664775108e-05,4.51845434546158e-09,2.15004735950272e-06,3
"20033",0.000170841861464688,0.793292778273136,1.3062450286113e-05,0.184545498384999,0.0219525146628664,4.50364470555458e-08,2.39547913921187e-07,5.97680845189676e-06,1.90429744348425e-05,2
"20035",0.000113520654134659,8.63909653045646e-09,0.978583201771144,2.51851289881479e-10,0.00182071440284918,0.00163485586920104,0.0178476883834734,1.00173772560236e-08,1.08720896373654e-11,3
"20037",0.000326642470730417,1.22204763237619e-08,0.99340879671688,5.54245256363966e-12,0.00241012071115547,0.00317539204774317,0.000679029046343491,6.15823721782627e-09,6.22890931219595e-10,3
"20039",1.16936221721299e-05,2.76421704014795e-09,9.29471409688417e-05,2.75903444724922e-12,5.62291425778382e-07,1.51221618660591e-06,0.997785232873786,0.00210804908506547,3.41967292579976e-12,7
"20041",0.979539298980746,0.00274826149971904,0.000595976121678111,1.45116187218701e-05,0.0165652534783703,6.77897076148136e-07,0.000258634792944474,0.000275940172442834,1.44543830084868e-06,1
"20044",0.840648228893542,0.0187339288771012,0.00582821747920735,0.00129729035269428,0.12844578197979,8.4714294544797e-06,0.00373772558450953,0.00129041129755279,9.94410614806945e-06,1
"20047",4.21641786877696e-06,1.34691926772558e-09,0.596777216516999,6.86387663591085e-09,0.00480901187632427,0.341208886838594,0.057200617841367,4.22945211027563e-08,3.52915152758914e-12,3
"20050",0.316722894124901,0.000841688959573786,0.0285316399640681,5.16251614797096e-06,0.00242989649860609,2.82106903232201e-05,0.649970857182534,0.00146964999634281,6.75028964056789e-11,7
"20052",0.025383848526137,0.794373484332221,0.000512482777682682,0.0284531842650439,0.150369346016054,2.03981768317725e-06,0.00021154538908491,0.000693909648690526,1.5922740322908e-07,2
"20054",0.000116896900259375,2.85293392940144e-05,0.275443263403829,1.05373011938794e-06,0.72341611477888,0.000986464163161612,1.79324232440401e-06,1.29673582388718e-09,5.88314539587557e-06,5
"20056",9.58552991207697e-07,0.000917305277798185,2.61955699770866e-06,0.999015281264772,4.67840609105347e-05,1.65966811353256e-05,1.8523214501835e-07,1.68066036899429e-07,1.01307212706853e-07,4
"20058",0.000103313141797623,6.7146779419589e-07,0.971009223527793,5.2031067700026e-11,0.0254935621106915,0.000589255912525978,0.00280383300898751,1.3961408260975e-07,1.16429646916465e-09,3
"20060",0.00118318774275868,0.99644266708232,3.15511312499149e-05,9.35743405537403e-05,0.00221961823713225,2.40206921752536e-09,5.96207900261176e-07,2.16788927513351e-05,7.1239632650192e-06,2
"20062",0.299271711324606,0.685708694162219,0.000660232436658429,5.53596705592338e-05,0.0142732441100885,7.01216800965608e-08,2.34163436157547e-06,1.48101735538991e-05,1.3536366273755e-05,2
"20064",0.000113625363684084,0.00234705664112577,0.0555062523118082,3.00640007214523e-05,0.941924759757673,4.11524987693169e-05,3.6906862169792e-05,1.67232346216869e-07,1.53317016554062e-08,5
"20066",1.57190609734538e-06,5.51084547580266e-07,0.863523204138203,2.77283348636178e-06,0.0703565976020979,0.066014323962305,0.00010080474286919,1.14537926459908e-09,1.72585015071839e-07,3
"20068",0.0121979955700002,0.986011188142934,1.30543908964966e-06,2.24620915088229e-05,0.000693692567201852,2.32337138463829e-10,1.72102508959618e-08,5.16857523119044e-05,0.00102165299436557,2
"20070",0.0220767348632466,0.964453963714555,2.36991283275931e-06,1.26545263661516e-05,0.000759876889725957,2.11090078582051e-09,4.03345375048257e-06,0.01265875729911,3.16072295121235e-05,2
"20072",0.00913684442552179,3.56973625593198e-05,0.887608413913055,3.01284534437766e-09,0.0988781323964979,0.00180236641241702,1.82190256249909e-05,1.35435611652711e-07,0.00252018801586701,3
"20074",5.76145100011911e-08,1.60593570776259e-05,1.58007287215961e-10,0.999844104849925,4.02551031110556e-08,4.28648211596484e-07,1.49812555710215e-11,1.25707217117063e-08,0.000139296531462485,4
"20076",0.000252399377844106,0.018322651446386,0.000132670525111718,0.58673707008592,0.0710870803941229,0.000266501946746363,4.1968758977472e-09,8.97846923466072e-08,0.3232015322423,4
"20078",0.00123471101532069,0.00281130517308819,0.0374908734854807,1.7425911084699e-05,0.957466033252143,0.000409372903849119,0.00052876843421734,4.14307389670258e-05,7.90858497590114e-08,5
"20080",6.72083436740516e-05,5.4214776014152e-08,0.979587624270844,1.61284641085594e-09,0.0105860194366388,0.00184107762138826,0.00791800565101087,8.84649444007845e-09,2.32743321234834e-12,3
"20082",1.41253984936805e-06,1.68160523729347e-07,0.00035944729457215,2.44424625606417e-09,9.04481873469735e-05,5.50343864921815e-06,0.998385222330949,0.00115779560356594,2.97756457525843e-13,7
"20084",0.000133702340307816,0.000858545573752869,0.0190178331412827,0.00863550437101596,0.953997299507876,0.0127569220229701,0.00450665147046246,9.35242119383344e-05,1.73603935182464e-08,5
"20087",0.0819030044492417,0.0045840009514964,0.344641089085196,1.29759653238665e-07,0.567775090370845,0.000799183544139909,0.000249591754406634,3.41895213037442e-05,1.37205637170341e-05,5
"20090",0.0164044305459042,6.89771828432745e-07,0.86661139778516,1.09320202103563e-08,0.00360137673150462,0.000654172021349123,0.112727547620322,3.74586951787571e-07,4.95931866086185e-12,3
"20092",0.0438511448976324,0.00153341231907765,0.000192381539490225,2.35389699525046e-09,0.00540107185638595,6.18526269090969e-07,0.00545249972536744,0.943532007767565,3.68610143147042e-05,8
"20096",0.0192753772983231,0.0434355723233774,2.61987001589279e-05,0.00112682270492524,0.0178556366364817,4.36506152962497e-06,0.00564684171675651,0.912628706333613,4.79224833906423e-07,8
"20098",0.000286389493394602,0.827845594707433,3.23599854519247e-06,0.168556765938411,0.00329269446796256,5.55396057566484e-09,4.70095271766478e-07,1.29697694871919e-05,1.87397553478033e-06,2
"20101",0.000418718076119583,1.61198058081267e-05,0.673057778907842,9.59527569051745e-05,0.267732706547399,0.0446542735300086,0.014023938530694,5.11472164698484e-07,3.73059156414806e-10,3
"20104",3.8568019516202e-05,0.00509959637103794,1.15148469802155e-08,1.27769520784468e-05,5.33929827230841e-05,1.28243808998228e-08,5.16885633590855e-06,0.989045664445703,0.0057448080333772,8
"20106",0.00471547935341607,0.0001087996797857,0.797695116568453,2.39292856957688e-05,0.196468819324009,0.000615359909105206,0.00037248431422018,1.0317130377167e-08,1.24818388856677e-09,3
"20108",1.85261594288584e-05,0.986146588033266,3.51812355142415e-06,0.0072903157958811,0.00644895792974385,1.76499343226152e-08,1.95845878105753e-08,7.04028353590053e-06,8.50164400709244e-05,2
"20110",0.486201780616408,0.195351409973029,0.000191332252026674,0.118211528525127,0.00700491463527568,1.34409843470372e-05,0.0304041622593879,0.162621381045578,4.97088208806841e-08,1
"20112",0.302156744976725,0.00248143031446214,0.612528902904418,7.1977179367389e-06,0.0479630345000358,0.000253883263561471,0.0345907621203933,1.80406607772021e-05,3.54169066509931e-09,3
"20114",5.61293352778578e-06,0.00330381469940452,0.00585201710956335,0.00962708696430451,0.980653259508814,0.000380293990510579,0.000168503704824953,9.31947964751737e-06,9.16094031129155e-08,5
"20116",2.11044373504517e-05,0.000364161431373588,0.0247731341543889,0.00448203256338967,0.966951126080666,0.00340126250547568,2.07513081713353e-06,1.17345329329583e-08,5.09196200596194e-06,5
"20118",0.000227572746271108,0.2112079530253,0.000523506581085983,0.0247610936343426,0.763216727026621,1.70739039415106e-06,2.46995325969178e-05,3.63654451894788e-05,3.7461819919381e-07,5
"20120",0.00473215250788035,0.00133635414351129,0.473898887051983,0.000457061169232516,0.330667393127152,0.000324786131961364,0.18856746091823,1.59047643963274e-05,1.85652875330238e-10,3
"20122",1.96227255320133e-07,0.000529263508220104,1.11628967524654e-08,0.999434852058889,3.15226677491668e-05,9.05843882451322e-08,3.18548428969119e-10,2.39534241333919e-08,4.03951862892626e-06,4
"20124",0.000956239156172587,6.32815995868255e-07,0.800740202236425,3.12485675145929e-10,0.18135931080624,0.0102985190316825,0.00664133342493146,3.73869634903015e-06,2.35197180778005e-08,3
"20126",3.80788289169887e-05,9.13200480731288e-08,0.000760340996350057,4.08425551865168e-08,0.0022752940544326,0.00153737995962258,0.939889676215684,0.055499083214105,1.4568285913506e-08,7
"20128",1.23354526093035e-05,8.27684005526939e-11,0.0379989264223773,2.27872767115618e-11,0.000100270231722466,0.0717074001202167,0.890164666323206,1.64013328182689e-05,1.14943182873439e-11,7
"20141",3.09767426710456e-05,0.191119922940857,7.38872464080064e-08,0.0166337123682894,0.00167257361300046,3.50993863166029e-09,8.16704664814297e-05,0.790449043138505,1.20233330106733e-05,8
"20143",5.44481331516763e-09,7.92244260495608e-06,1.67645637325978e-10,0.999990140981422,4.74611522318164e-08,9.9683418460856e-08,4.0058941020065e-11,4.95072967428981e-09,1.77882815515668e-06,4
"20145",0.00537324596563694,0.00135501444481929,0.483677390202272,1.60378344893648e-06,0.494838182878335,2.62041049188445e-05,0.0147235155202013,4.84291604988907e-06,1.84317628830237e-10,5
"20147",0.000266038796244191,0.000111068710590952,0.171552186592438,8.19487161664709e-07,0.827780901995339,9.84153935195245e-05,0.000190462765132449,1.04442129921344e-07,1.81744438873534e-09,5
"20149",2.90984197705269e-07,0.000512602982825935,8.85125366264407e-10,0.999482459975935,2.47688447143639e-06,1.70800228296733e-08,2.88053650092515e-10,1.80602817035411e-07,1.97031655110827e-06,4
"20151",0.000391758888715842,0.953021219089618,5.30951777542617e-06,0.0448504205535403,0.00172561123550157,8.39366143464347e-09,1.60580413089579e-07,4.16291313568697e-06,1.34882763843195e-06,2
"20153",0.0028573013509463,0.33291998550796,4.33029152716888e-05,0.65649705100894,0.00230239259323305,9.71738195779393e-07,0.00178573741041578,0.00359324820023464,9.27480275883586e-09,4
"20155",0.0385334426293261,1.15308361970315e-05,0.730972367747119,9.09985651551624e-08,0.229541015427118,0.00034527340723276,0.000596214800045522,5.48840869124552e-08,9.27030959682791e-09,3
"20157",3.68692501981916e-05,0.557721266144079,2.04303584840028e-06,0.441635771033684,0.000589495449905681,2.06539406441979e-08,4.71091799937543e-07,1.29262058144945e-05,1.13713472890449e-06,2
"20160",8.15119995925057e-09,1.30517463300256e-05,4.11972918984189e-10,0.99998649709012,1.23198666028097e-07,9.51084998630695e-08,1.57337754072222e-10,7.80623362918306e-09,2.16329639844225e-07,4
"20162",1.48782527032517e-07,0.00264452711499355,4.53519117971236e-10,0.99735165652581,9.63268409123626e-07,1.31753356534368e-09,9.08197401678514e-11,8.08610924170097e-08,2.62158529558072e-06,4
"20164",0.000701034051540553,0.0366562097290219,1.30429230082567e-06,0.962516167200247,0.000106857039560497,6.04800973642403e-07,6.12704325385297e-07,1.63901628195445e-05,8.20019210509289e-07,4
"20166",2.83683963099002e-05,6.4056083635121e-06,0.32755836284835,0.000276007089060996,0.040745009839686,0.631336121089131,4.52810855002881e-06,2.06079294449407e-09,4.51949597556972e-05,6
"20168",5.1386727802802e-06,2.20245248868634e-06,0.000112664367787668,0.000274395496041966,0.000220007157198544,0.336014345440753,1.11702947198635e-08,3.26073614111528e-08,0.663371202635293,9
"20170",0.000153600254436707,0.700909515469368,1.27628485902011e-06,0.28984342697021,0.00891229488087045,8.70332589958932e-09,1.48071363112764e-06,0.000177687469324519,7.09253974122568e-07,2
"20172",0.00109975578300036,0.000200882173778935,0.37778525751816,3.37304967356689e-09,0.619114189768019,6.00616160386904e-06,0.00179205845984116,1.84330490474724e-06,3.45764216271516e-09,5
"20174",2.10391299967878e-05,0.647843974085538,2.19242767735635e-08,0.148219535009615,0.000120588941054626,1.94633354241553e-09,8.4001477889076e-11,2.23692191703729e-06,0.203792601957267,2
"20176",6.96362630270451e-06,1.36846611170246e-05,5.90539542399975e-06,1.12122669713612e-06,2.53471186003392e-05,0.00011372892936829,2.62382603250847e-10,1.70646355260233e-08,0.999833231715472,9
"20178",9.81147670649806e-09,6.16024579886856e-06,5.4245291091935e-10,0.99999347577185,9.17467994380582e-08,1.64541748273714e-07,4.29091066090157e-10,9.23207213666338e-09,8.76787107274085e-08,4
"20181",9.80440028971828e-06,2.24508517291353e-05,0.418865467101753,0.00339657904858612,0.393978657641602,0.183688725390219,3.79245112413223e-05,2.86222769524926e-09,3.88192352662886e-07,3
"20183",0.0062919038583718,0.925198951402536,0.000213163395001532,3.35749533105287e-06,0.0649502178972195,3.37421668234507e-09,7.30261457100803e-05,0.0032672084843438,2.16794727005961e-06,2
"20186",0.164344492857021,0.705618253885313,0.00505977554042552,5.93307738981316e-08,0.0878706125287095,2.83239905450081e-07,0.000279900389125281,0.032681958795742,0.00414466343298422,2
"20188",5.35590099382875e-08,0.00012896968810286,5.79787043850983e-10,0.999870620093522,1.50464491076449e-07,2.4657257971512e-08,3.36471171578454e-10,3.22142374742399e-08,1.48407120387947e-07,4
"20190",5.2553432763928e-05,1.5046907517772e-06,0.971005740862529,3.19928889183519e-08,0.0280639421030874,0.000814831023097437,6.13929819603902e-05,5.3728264406521e-10,2.37563902764264e-09,3
"20193",0.000112999236988314,4.9525482048623e-05,6.76639420913376e-05,0.709209994112969,3.64910028126143e-05,0.281801546274251,4.76103341959405e-08,4.12536093454157e-08,0.00872169108489514,4
"20195",0.00345217663351661,0.165881348313614,4.54126056849269e-05,0.828765309168241,0.00184640542981903,2.1580543907789e-06,2.18883600701641e-06,4.06311912499532e-06,9.37839601537204e-07,4
"20197",0.0182819079667747,0.000162984859551677,0.600028382596871,1.14750682175503e-08,0.380570555263841,5.99616229727127e-05,0.000895493537558598,6.89806881012433e-07,1.28704818095242e-08,3
"20199",3.589072812726e-05,0.0541763504003216,1.3844283457642e-08,0.945718307429536,4.01056463803532e-05,3.08937465736031e-09,6.25634545296009e-08,2.89161835127525e-05,3.50115009856195e-07,4
"20205",0.000539779849479294,1.41391466134055e-06,3.85001169572477e-05,6.24927776040081e-10,1.08494451005449e-05,1.17319010056364e-07,0.951455185710105,0.0479541530123427,7.41573258578895e-12,7
"20208",0.00233372515925446,0.978840141534276,5.19362467456529e-05,0.00827866398083197,0.0104721258945719,3.24091419576262e-08,6.37396439483988e-07,6.14602800333285e-06,1.65913507353143e-05,2
"20210",8.49526670364667e-07,0.0101132664887255,2.59735800513878e-09,0.989880394837895,4.19354483992222e-06,1.31903972750676e-09,7.78894933917834e-10,2.60252613957703e-07,1.03065396255514e-06,4
"20212",0.000200515813664758,0.124875997155767,1.7735484283944e-06,0.87461583639487,0.000301333659370329,1.22147203845929e-07,2.05683289387867e-07,2.41646685471989e-06,1.79913055194247e-06,4
"20216",6.13044075539272e-05,0.000215229729435427,0.235233009140108,1.21671299486077e-05,0.764253444505042,0.000129403559309891,9.53656264050809e-05,3.31969565368354e-08,4.27052406841442e-08,5
"20219",0.01012743054646,0.00094987981374743,0.0500754465387248,1.82690755502347e-05,0.151177090509135,0.000952830796878987,0.776315267035415,0.0103837853871389,2.9694937757638e-10,7
"20223",0.00159103279455687,6.55019203436496e-08,0.848482736585642,2.2470116162316e-11,0.00130897794611492,0.148342974100217,8.11873754748363e-05,7.90301540867232e-08,0.000192946643449873,3
"20226",0.980532398612567,0.0176212232871725,0.00061910802941803,6.07781453656886e-05,0.00106770958929003,2.18914120108378e-07,8.4984315876011e-05,1.35508587416853e-05,2.82474489124877e-08,1
"20230",1.85612959532142e-05,3.73406484208165e-07,0.985868741456888,2.28017973911846e-09,0.011982765735529,0.00184220439811875,0.000287347627721524,2.56636831873986e-09,1.23275726886892e-09,3
"20233",2.37411011827057e-06,1.14893809716886e-05,4.59058402423825e-10,1.14963802167588e-07,2.43727029397961e-08,5.48993897154916e-10,0.000282721249716831,0.999703273511438,1.40319795677026e-09,8
"20235",0.145715699275129,1.14464724916451e-05,0.718825670317596,6.94976806132611e-10,0.0843751688582133,0.0156014150597222,0.034893679942249,0.000532382228327707,4.45371512937437e-05,3
"20239",0.295264746826839,0.00104362000980038,0.239485929781323,2.86558168921713e-07,0.452115337040337,0.0105544660101316,0.00013432094751881,4.80315577089501e-05,0.00135326126817155,5
"20254",4.58570735032452e-06,1.32931982440945e-08,0.000580208466773921,9.98461292455017e-11,2.68494505661032e-05,2.42720053912743e-06,0.999159717701477,0.000226198080218123,3.04702190016966e-14,7
"20256",0.000213984236283498,2.29167705120996e-06,0.460461672662144,4.76846423716927e-10,0.538116747358603,0.000697778213813028,0.000507034957361819,4.30967721624686e-07,5.94501750287197e-08,5
"20262",3.90266825812176e-05,0.37410400125527,6.73842379650415e-07,0.624364204704201,0.0014855234331119,7.02843257929672e-09,1.06132673997797e-07,5.6030590874615e-06,8.53862262647269e-07,4
"20270",0.000466558125066876,0.010662751672264,0.610768485771979,0.0027069369094628,0.140296913024127,0.233337165155834,1.81582123404147e-05,2.36240181260202e-07,0.0017427948887444,3
"20284",0.0623670252544836,0.458806497976245,0.00210227668565562,8.43636530831693e-06,0.0113958287290669,3.01050428062761e-07,0.100335130855342,0.364984409590515,9.34929556078104e-08,2
"20287",0.000416651948950034,3.49689745070865e-09,0.975275546754539,2.08359629251689e-11,0.000778227769871856,0.0233143738040703,0.000215192756875029,7.3468029146113e-10,2.71328016998341e-09,3
"20290",0.00221128377781074,0.000531641730322092,0.000412735276159192,6.33845379316774e-06,0.000217537322518903,2.4371676770277e-07,0.97661816043043,0.020002059271932,2.02664837861221e-11,7
"20293",5.47203223110006e-05,0.000998260439374149,0.0102500400023741,2.56019884531096e-07,0.988518741883837,1.62936304239349e-06,0.000167086370774539,9.24071884112806e-06,2.4879561549989e-08,5
"20296",0.000431283645716155,0.234902375243543,0.000150402564697984,0.681621798883631,0.0653403259872186,4.86238903627324e-05,3.47545045722881e-09,9.42418906101549e-08,0.0175050920674894,4
"20301",3.21247517327038e-05,9.35684294610903e-10,0.120863245164065,1.72685447731452e-07,6.81289832401592e-05,0.878782831336372,0.000253495763872404,2.24519346711481e-10,1.55066393714695e-10,6
"20304",1.14309147215564e-06,6.43491809438847e-07,0.000341954956230077,6.91205493768723e-09,0.00107130378649432,2.40074548809157e-06,0.992809501482396,0.00577304553186705,2.18791151010248e-12,7
"20306",8.71449784844103e-05,5.46816140227876e-07,0.976937413125193,5.43392395017526e-11,0.0161990467944401,0.00215915607278887,0.00461622561842718,4.65069448557418e-07,1.47073850390754e-09,3
"20309",0.152109432625288,0.102212742873487,0.120658195486779,4.70998755511274e-05,0.620263334298423,2.46858023227113e-06,0.00465303505027281,5.33564850548217e-05,3.34724912871093e-07,5
"20311",0.000480463967062223,0.000693272920841262,0.136790759451392,0.00012204584385181,0.847679804143961,0.0136733841731124,0.000550867531253269,9.13945458375435e-06,2.62513942295902e-07,5
"20314",0.00066676895781164,0.960287033615954,5.62154666552503e-05,0.0145594112890671,0.0243980349073995,2.18316474645953e-08,5.88824914849004e-06,2.64672457103593e-05,1.58436605991436e-07,2
"20318",2.45593826211812e-08,3.96875671836303e-05,1.93190528192191e-07,0.999901864603804,2.8867002332202e-06,5.31019556404617e-05,3.16484612777786e-09,8.56018526299319e-09,2.22969819661578e-06,4
"20320",0.615458414280888,0.379466605029516,9.37491628839009e-05,0.000869608278329075,0.000800737294269681,1.06142861513423e-07,0.000132406398574811,0.00317278557727027,5.5878354061175e-06,1
"20326",0.000295503376155301,0.922437687202107,6.06802800412879e-05,0.0376544146814508,0.0394329050073709,1.11372344000168e-07,1.34655203598372e-05,0.000104829271707245,4.0328846365306e-07,2
"20328",0.208843696569088,0.782217736798182,0.000105247061257142,4.03658939988911e-06,0.00264569777500508,2.98737571862678e-09,0.000109832085298037,0.00607080987797022,2.94025642373397e-06,2
"20330",0.914192128019628,3.14506766001045e-05,0.0686018523724798,1.28740131112078e-07,0.0130194014986635,0.0011276418689496,0.00300010792433394,2.71859706809655e-05,1.02928533151189e-07,1
"20336",0.00202249142412818,0.00894455511065673,0.00183991226645688,1.74661800662229e-07,0.0398035834826656,1.19135781811392e-07,0.608299062707147,0.33909009967,1.5413628459103e-09,7
"20338",0.0024901426828248,0.000158823221597697,0.000862621023146785,4.30412520949882e-05,0.0276068681748531,4.63212144414267e-05,0.897241951808378,0.0715502303046343,3.18029038815441e-10,7
"20340",6.99745809667931e-05,1.15289058520877e-07,0.937683878284021,2.50500600832057e-09,0.0411464764748908,0.0184821162411631,0.00261739047791427,4.14170270065152e-08,4.7299530556355e-09,3
"20342",0.0147550034814644,1.66483071232557e-05,3.66840839495157e-05,8.44595594032114e-05,6.08054387139071e-06,0.0336816881719752,0.0578454158348055,0.893569108884931,4.91113247658787e-06,8
"20344",0.000167774147824318,0.000289210335931463,0.759436034831833,5.37814044381665e-08,0.238388716221765,0.000346838532583584,0.00136996918253509,1.34999958168397e-06,5.29665414663098e-08,3
"20349",1.98129079573618e-05,1.76672703097495e-06,0.893208872832865,2.5402191226447e-10,0.104613771058437,0.00180600645973012,0.000349658123037388,9.17285362458162e-08,1.99083840314007e-08,3
"20351",0.000884712604986047,0.001449496196543,0.0140974291862885,3.36250775244574e-05,0.980930302308051,4.24213942949882e-06,0.00256482741485274,3.53305367553345e-05,3.45355694265293e-08,5
"20353",0.608740167107071,1.59757319150526e-05,0.309582157740339,4.25870472552093e-09,0.011203523728873,5.92430234249645e-05,0.0703772006931495,2.17267036683926e-05,1.01285444508821e-09,1
"20357",0.00105981564627564,3.85932688254829e-07,0.000534917693416092,1.75830464694328e-11,1.34637711321575e-05,4.76128689779608e-07,0.990525107504788,0.00786583329989039,5.53677428628688e-12,7
"20360",0.843608504708156,9.50526515537417e-06,0.00120248726001731,1.60154811412462e-07,0.000245841489809405,0.00599074846302173,0.0655147273980931,0.083374498432243,5.35268286927552e-05,1
