"","V1","V2","V3","V4","V5","V6","V7","V8","best$classification"
"19812",0.0465595493442324,0.000104563414760162,0.240990334006269,0.000563935780738,0.000200724952425787,1.36056275876455e-06,6.38976195440228e-05,0.711515634319272,8
"19814",0.000718727716273521,1.60439307231642e-06,0.014673014924336,3.70972529452229e-05,3.24377628196225e-06,0.00217864971775884,2.02815241396268e-06,0.982385634066918,8
"19816",0.0109658190348451,7.55817946177545e-09,0.755875716165014,0.229261420193131,1.4602681889441e-05,7.64499507996573e-07,4.54458893772375e-05,0.00383622397805648,3
"19818",0.000339205903370965,2.50429597129418e-06,0.587114894526996,0.0010036104848911,1.0736693629443e-05,0.00747060189730122,1.87613621512644e-05,0.404039684835689,3
"19820",5.53334602563024e-05,4.43150841352985e-10,0.00204149067851716,0.997623419766699,0.000279745761539165,2.83350797597997e-10,4.28922122416738e-09,5.31726559180104e-09,4
"19822",0.01861610816659,1.21824587503093e-05,0.00314073559429775,0.837377959836848,0.140851321037966,1.13643354585939e-06,1.98823352558784e-07,3.57648649519262e-07,4
"19824",8.86323031100708e-06,2.90529128702972e-07,0.403554531773082,0.594876113644107,7.73314854116395e-05,0.00125756062041353,0.000109956190450709,0.000115352527094922,4
"19826",0.138540203808437,1.87595731426477e-06,0.0852137589576298,0.00230244059616675,2.4261776474785e-06,3.26258220176208e-05,0.0129492317325658,0.760957436948221,8
"19828",0.000264685990057305,1.6693590085738e-07,0.363388134105413,0.633885775091131,0.00235031975905029,1.76860984568542e-06,1.23909057020552e-07,0.000109025599545062,4
"19830",0.0709101445769104,0.00333920592526836,0.00762651540058125,1.70482909288419e-06,1.04934432552319e-05,0.000109254504640626,0.00127507984465742,0.916727601475594,8
"19832",0.0401195787515469,0.0283659980488158,0.12327610829639,0.0132333502506237,0.658973513275236,1.36897463922446e-06,3.08666826833889e-06,0.136026995734479,5
"19834",0.782735327548083,9.22131317042813e-06,0.160097086008036,0.0387953483776868,0.0102729135074275,7.91103677479617e-05,3.48726663004741e-07,0.00801064415118568,1
"19836",0.00189251526853509,2.12931226282052e-05,0.939003639530425,0.00223858573504187,6.61959559083731e-06,2.39228414793176e-07,0.0194393586552239,0.0373977488641399,3
"19838",0.000467303175604138,5.31010733717504e-05,0.000433972439364858,2.46608654761593e-07,1.90986682831824e-06,0.000261933409736185,2.98329513962422e-06,0.9987785501313,8
"19840",0.802523699074886,6.35273625852573e-08,0.139893610911817,0.0407345431089858,8.97043318988402e-06,2.81758725183498e-06,0.000697257893692689,0.0161390374628145,1
"19842",0.000281023853814865,4.29571240300044e-06,2.76679873058071e-05,7.85276636750257e-08,8.00704619021979e-10,5.48343616891467e-06,0.956949827673459,0.0427316220084799,7
"19844",1.31841965637967e-07,1.65575762276517e-08,8.20690598353912e-07,1.73852487199665e-06,1.91519681181166e-09,0.999979529708404,1.17608299439208e-05,5.99993144361936e-06,6
"19846",4.51756227128411e-06,2.42374486920873e-06,0.000253602035525533,4.27719753352287e-08,8.24182482847235e-10,0.0671510518842538,0.00337390121954263,0.92921445995738,8
"19848",1.17641930561047e-05,2.99752308728907e-06,0.00028597431856623,6.26395214654159e-08,5.37524832979872e-09,0.0236823068086248,0.0001502301692754,0.97586665897262,8
"19850",9.30504275083268e-05,2.3013922196334e-06,0.000777384683286996,3.33963609761308e-06,1.49695637467275e-07,0.197272917798345,3.49854629832513e-05,0.801815870903921,8
"19852",0.00162720443889369,4.94157826831106e-07,0.971140885442642,0.0073934021683685,3.25768032175033e-05,7.50022302247038e-05,1.70640585185502e-06,0.0197287283529747,3
"19854",3.40156304420884e-05,4.01513332008075e-06,0.000234825102516042,5.43025255216913e-08,1.82004840932031e-08,0.00203992926992214,3.18376045268498e-05,0.997655304756263,8
"19856",0.0004522171119421,1.8709335951593e-06,0.000127052627125823,7.56701173253629e-05,1.26457936047936e-06,0.986161728393333,0.000126568582753996,0.0130536276545641,6
"19858",7.47575562666569e-05,3.92696611172855e-06,0.00488289796229505,0.00387487292164554,3.27885956429549e-05,0.990432181476301,1.00521558474298e-05,0.00068852236588964,6
"19860",0.168270862222476,6.93299340676356e-07,0.57317663370194,0.0174826595588813,8.36844740862226e-05,2.61739108022909e-05,1.94546280734651e-05,0.2409398382044,3
"19862",1.04593927469635e-05,4.8087752685709e-06,0.000122313472776132,1.51265357438751e-08,5.82792645067577e-10,0.0022382013307124,0.0114111933145424,0.986213008004625,8
"19864",3.74675846094112e-07,1.0495687334608e-06,1.86186457997537e-05,1.97834794172954e-06,8.1353496835e-10,8.20963675376942e-07,0.999976103082468,1.05390200107115e-06,7
"19866",0.0921541939037939,1.83936451290784e-07,0.629627218279244,0.258161796783495,1.25930343095963e-05,7.55863971699564e-07,0.0195555904874913,0.000487667711242741,3
"19868",0.00222120624908284,0.958818814495144,3.39227872995e-07,5.60727296231818e-07,0.0389112113202266,2.48030877257032e-05,6.21033365725645e-08,2.30027893151911e-05,2
"19870",3.76108602669537e-05,1.04788531885899e-05,0.0224854652395124,2.42444156031116e-06,7.53329433665796e-08,0.00192174649312288,0.00123683595693851,0.974305362822467,8
"19873",0.00114868042586407,1.26266202308239e-06,0.424777986838323,0.000780079564152994,1.44471596206207e-06,0.000588834572717723,0.00171193349943732,0.570989777721519,8
"19875",0.0677353454837864,1.38637471454972e-07,0.152077099141488,0.77553173703257,0.00362894713036166,4.6628808684401e-08,5.0944764024081e-07,0.00102617649787277,4
"19877",0.00454930720337238,1.8616433440249e-05,0.192664872408955,4.04051509748594e-05,2.01903561222039e-06,0.00224192175834678,7.62911219957474e-05,0.800406566887303,8
"19879",0.00416822365345058,2.35240582845834e-05,0.954842880188945,0.00134763473262241,6.25442294470038e-05,0.00083250054500357,1.91293334668377e-05,0.0387035632587794,3
"19881",0.0043254956203508,6.39717531669293e-06,0.0799120747399024,0.000371294058445149,1.05854554348251e-06,0.00111729853956103,0.0257175853154812,0.888548796005399,8
"19883",0.00160740643342734,1.4737725860714e-06,0.033163089311522,0.000101589659704265,7.24435828415055e-08,4.84332985949459e-05,0.380125803759859,0.584952131320724,8
"19899",0.869876338652707,7.40913429446876e-05,0.11723501653932,0.00144686089502438,0.000110633856134667,2.24338396343018e-06,0.000105317724796816,0.0111494976051089,1
"19908",0.983342616733443,0.000608725403426912,0.000832067845519246,0.00104663874098855,0.000129840498322471,0.00019816458879185,0.0137814226445006,6.05235450067914e-05,1
"19910",0.000209588067918957,5.6307777793206e-07,0.967880716161969,0.00167309632354637,3.30775403811476e-06,3.20582176122217e-05,2.96495965531049e-05,0.0301710208005841,3
"19912",0.00270711212262551,8.90608930374352e-06,9.11603537497289e-05,1.69391745811373e-07,3.08426589791615e-09,0.000355591179621214,0.573265502581721,0.423571555196967,7
"19914",0.298805316351439,0.000180843638103966,0.575390525723556,0.00251364130221247,0.000622907106758207,0.000471684047532841,2.64492922751097e-05,0.121988632538123,3
"19916",0.000470862658994649,4.94600331235323e-06,0.177232284282635,0.587535038761106,2.06078467162967e-05,0.000278775030969192,0.234409869973378,4.76154428884614e-05,4
"19918",3.09124111731296e-05,4.21008684681051e-07,0.009864980767967,4.7598189830481e-06,6.99843761497187e-09,0.085648976883313,0.00235559445984047,0.902094347651601,8
"19920",5.14347765970705e-05,1.48572689650194e-07,0.000128838420017388,3.3119888814409e-07,3.17960428865216e-09,0.882871598101488,2.53342261103248e-05,0.116922311524605,6
"19922",8.92952914857042e-05,0.495265529876355,0.0942631390565397,0.000605130525534228,0.242433610645726,8.9624534797323e-06,3.78234754681323e-06,0.167330549803333,2
"19924",0.00631433914508275,3.39257854906321e-06,0.176993858442917,0.000197457870608054,1.26039059409663e-06,0.0343464671068541,0.00017039553805663,0.781972828927339,8
"19926",0.477462621962947,0.00123385600770073,0.49620039968487,0.00568669056853307,0.000833775451660639,1.31333608170954e-07,0.00265893661799164,0.0159235883726893,3
"19928",3.08038787726663e-08,7.51281124226358e-07,2.13952750216043e-08,3.41147026158372e-09,9.32971383270972e-12,4.24884888799426e-07,0.999998476567812,2.91646220713739e-07,7
"19930",9.67675972102812e-05,7.83456103904086e-06,0.0280218173447017,7.11805272336159e-06,7.15335644435205e-07,9.17904493475016e-05,4.22186869052971e-05,0.971731737972428,8
"19932",5.20686185924492e-05,8.75626789295215e-06,0.000541480709168132,1.43248956969409e-07,1.14646913576878e-07,0.000708789393070481,8.41295774210278e-06,0.998680234157663,8
"19934",0.0795342732288327,2.93933800531791e-06,0.424706286439553,0.461725053383828,0.0165356466777532,0.000134485157690832,6.79981824276775e-07,0.0173606357925123,4
"19936",0.0595478769298257,0.000111859608792454,0.0716465094433699,0.000258259687661168,8.16152591081592e-05,0.000125316489859787,1.62327055974619e-05,0.868212329875785,8
"19938",0.226116310522694,5.13004486878666e-06,0.0888673302307657,0.679257357420916,0.00566302379492261,4.13268971918017e-05,5.60928175512039e-06,4.39118068855036e-05,4
"19940",9.24561143402391e-05,1.2857016573243e-06,0.868969920035788,0.000702170679673177,3.55323633762926e-07,0.000112433216982461,0.0078480637418156,0.12227331518611,3
"19942",3.90736963108834e-06,3.35460826934154e-08,2.73464840848016e-07,6.6998713940934e-08,1.47297165728435e-11,1.06589371405852e-07,0.999992703430801,2.90858582903769e-06,7
"19944",0.00308365241144233,4.87973775968509e-07,0.972392062819451,0.0104280190966229,7.09083484621282e-06,4.25259127442957e-06,0.000171077457779784,0.0139133568148073,3
"19946",0.00379074326260303,3.63444256606304e-06,0.725145983381955,0.00198687234597238,1.00716710185722e-05,0.0115583639132713,5.79573212380124e-05,0.257446373661376,3
"19948",3.96737370256673e-08,1.47981080759084e-08,1.05741976360854e-06,4.22019512165038e-08,4.25351823313418e-12,4.19940479746639e-07,0.999986390879911,1.20350817960265e-05,7
"19950",3.3288122162364e-07,2.17575526993022e-07,1.14295491628931e-06,8.68101912721212e-09,1.85845919223884e-09,0.998815901507179,2.92666230735851e-07,0.00118210187544663,6
"19952",3.96737370256673e-08,1.47981080759084e-08,1.05741976360854e-06,4.22019512165038e-08,4.25351823313418e-12,4.19940479746639e-07,0.999986390879911,1.20350817960265e-05,7
"19954",4.33111741609564e-05,4.07779553145945e-06,0.00525846281314556,8.67376195021265e-07,9.25782479836894e-08,0.000405204623092536,3.93585160871312e-05,0.994248625123539,8
"19956",0.0806176615078686,0.00221414885305827,1.92296658734375e-05,1.62116298055831e-07,4.55747486738974e-07,0.661675861764655,0.00887995024736573,0.246592530097394,6
"19958",7.55002969888872e-08,0.989535651248878,3.32408449256767e-05,9.45888604940686e-07,0.0102058012275865,5.36900853253825e-05,5.82260192324851e-08,0.000170536978363591,2
"19962",0.0225891029640577,0.000195469588232972,0.169331390449094,0.0294931043160603,0.00116266483555108,0.250051130032347,0.000266856723277713,0.52691028109138,8
"19964",5.92048174465561e-05,1.58025619151796e-05,0.738122625872154,0.000723541934855385,8.52605063875468e-07,0.00578877487612403,0.0116146677178063,0.243674529614635,3
"19966",0.0387505889791879,2.4285899262762e-07,0.075261411168474,0.882409371156974,8.76501421796626e-05,1.37414086634156e-08,0.00347891111849875,1.18108342841908e-05,4
"19969",0.00379505990689468,2.43321220849217e-06,0.00527940793445887,7.83122398893637e-06,1.08263095762275e-07,5.66883279508205e-05,0.009069068566403,0.981789402564999,8
"19972",6.15804158743891e-05,4.14986690508599e-05,0.0674611656612689,8.49726600285154e-06,3.09810531003353e-08,0.0722759677437889,0.197847844610767,0.662303414652194,8
"19974",1.21344768726443e-06,1.42288754039775e-06,1.90750404399751e-05,6.98061541546646e-09,3.87465513199892e-11,0.855759537515135,0.0431099585435244,0.101108785546311,6
"19976",0.00241728909465034,5.30091847088482e-06,0.434198967212097,0.000252662538224006,1.44011353540837e-06,0.0453841368570782,0.000205738812258578,0.517534464453686,8
"19978",0.000194894366430564,3.3976963036477e-08,0.967287428550025,0.015630562608459,8.70893862867852e-07,6.99980201478282e-05,0.000169769345440586,0.016646442238671,3
"19980",1.62356267596901e-05,4.72038790035846e-06,0.000159821758326919,5.3474506291716e-08,1.37811533362509e-08,0.13675404536207,2.6966137408662e-05,0.863038143471875,8
"19982",0.000826011856151321,1.33367108146621e-05,0.000289245929634215,5.19394585466982e-06,1.01645495455452e-06,0.857288069464683,8.38407139469286e-06,0.141568741566513,6
"19984",8.39456272869216e-07,1.96119233356401e-08,4.43423512539743e-06,5.86023955881677e-07,2.84786947795652e-09,0.999836273683844,1.86584014275822e-06,0.000155978300866146,6
"19986",0.00671270415580595,3.94159414577241e-08,0.0289611288301312,0.96256283252379,0.00176304160440367,1.13071817891649e-09,1.5529122162649e-07,9.70479883048398e-08,4
"19988",0.00036328043677127,5.60075377165542e-09,0.00214976562115779,0.994974876995951,0.00251206711381899,2.51237395337498e-10,1.74778723711105e-09,2.23252230742407e-09,4
"19992",0.0123737514405624,5.81679042710128e-09,0.00264377831867513,0.981886206812199,0.00309610383115171,4.06386977552616e-08,1.75015551774932e-09,1.11391767466468e-07,4
"19994",0.000441933322416845,2.90067673509987e-05,0.0392763159081366,8.47242931291819e-06,2.7257656779176e-06,2.05204270963297e-05,2.87586565105727e-05,0.960192266723498,8
"19996",0.000469603813536104,1.10762467775583e-09,0.0177515450935994,0.98117757439316,0.000600915924098518,3.35095310994303e-08,2.17533678836892e-09,3.23983113018408e-07,4
"19998",0.479803649522153,2.02466989297189e-05,0.0106441304170362,0.00332199250529003,7.84394765835445e-06,0.00490177106077276,0.413715619018644,0.0875847468295164,1
"20000",0.14269451868838,0.122291504494992,0.000202622186983524,6.63953184603652e-07,0.000160068468357515,0.000205042606437715,0.00195640805787499,0.732489171543789,8
"20003",0.00848365348744223,0.000105166269877818,0.110959243253405,0.000123301352798146,2.76867882678562e-05,1.10705297375189e-06,0.000575905097730625,0.879723936697505,8
"20005",1.13586720732668e-05,3.08621236337551e-06,0.000300701645478251,2.3930949831625e-08,8.65993781066675e-10,0.0222375639496543,0.00158775349314297,0.975859511230344,8
"20007",0.187521304880762,1.24028537765479e-05,0.769158283017304,0.0128409260128322,0.000646733078278784,0.000268567505812303,4.97132473369538e-06,0.0295468113265009,3
"20009",0.00115507458976441,3.6945598438707e-06,0.120794417588751,0.87657029197544,0.000989992512806255,0.000223502845024777,0.00019163720063258,7.13887277366836e-05,4
"20011",0.000705569893066173,2.12289169501304e-05,0.299484299992273,7.48217589416849e-05,3.07387719565199e-07,0.00964121563237847,0.0354690962299906,0.65460346018868,8
"20013",0.0125318695425918,4.92068711837737e-06,0.00487548492706688,6.71003365093403e-06,8.87785541434973e-07,0.0983160044252844,1.03683352758223e-05,0.88425375426347,8
"20016",0.00611507805955134,3.01598083257911e-06,0.0624041366407945,0.911194235069785,0.020277053276687,5.37035930804224e-06,3.33131255989133e-07,7.77481785573676e-07,4
"20018",4.13071266140199e-06,0.00041209947432345,2.74769593728364e-06,0.00607798782844547,0.993503033464896,1.0005140667838e-10,5.9620774183967e-10,1.27477458680786e-10,5
"20021",0.000545877298552252,7.14527196735123e-07,0.815475332314218,0.181392260080126,0.000988305083152779,3.09221358096712e-08,3.44582101290578e-06,0.00159403395360523,3
"20023",0.0475041790787178,7.74738476710436e-06,0.877715500907974,0.0644601104118423,0.000785346824096558,3.85475574667844e-05,6.80283875554857e-06,0.00948176499637934,3
"20025",0.000283805522775338,0.000578565329283988,0.00712991948715385,0.289512368465749,0.702494514622757,1.2042468504373e-08,1.27316489000182e-07,6.87213323476406e-07,5
"20027",0.00872415576980948,3.41444966223431e-05,0.00250928551290371,1.55293387927181e-06,2.98419795789503e-08,1.12932655737248e-05,0.376059913458667,0.612659624720565,8
"20029",0.000300745756767224,3.05255335056876e-07,0.000367223270168861,2.87358301963629e-07,1.24560884516464e-09,0.00747823164631659,0.00899677024492727,0.982856435222574,8
"20032",0.00029482614965303,3.64990153559001e-05,0.00335512103639037,1.04717978657904e-06,1.41420560471917e-07,7.63069291033204e-06,0.00498697290245645,0.991317761602887,8
"20034",1.38553580269442e-07,1.34302937532204e-07,1.44552722422766e-05,1.50577013304026e-07,4.15074638711806e-11,8.72173776542462e-08,0.99993591550245,4.91185328914593e-05,7
"20036",0.968087876505961,3.68439890860036e-06,0.000202519827451688,0.000229614865994844,8.46106023365147e-06,0.0110982561371028,0.000113897368891281,0.0202556898354559,1
"20038",0.362776520559634,2.46709225999766e-06,0.0982860992823645,0.492354718318491,0.0465471489324002,1.07641167374506e-09,1.34746626409796e-07,3.29099918123015e-05,4
"20040",3.68818108481177e-05,7.37052492928505e-05,0.0466226787766354,0.94024947445194,0.0129754498804414,1.51538264402521e-06,4.01379092274111e-05,1.56538970545958e-07,4
"20043",0.0154435505602056,1.06093678252145e-07,0.0623840848475,0.911142566656332,0.0104063846212927,2.72832580008509e-07,5.13688467741e-08,0.000622983019564452,4
"20045",4.31219545570004e-05,8.73131283616715e-08,0.00182382605878359,0.962030334960203,0.0361026116946617,1.41660677623632e-08,1.42849903089027e-10,3.70974869470461e-09,4
"20048",5.3346362490689e-08,7.59000101015342e-08,8.83166412187829e-08,7.10718455759152e-09,9.56431860527734e-10,0.999983551369934,1.31586828441766e-07,1.60914166071882e-05,6
"20051",0.151218017977449,8.15881784674576e-05,0.111025936277511,0.0754050350077697,0.0492644961572912,0.0121692681104725,6.13383363489539e-07,0.600835044907676,8
"20053",0.00115955173999193,2.33711295859689e-07,0.918304007187727,0.0795803102187139,3.99476938625551e-05,6.37594995658841e-05,2.3120299597489e-05,0.000829069649245244,3
"20055",0.905272576751684,0.000213227096414138,0.0435323383418211,0.0178050158824343,0.0316252609748383,4.00511788774251e-09,5.17974031684075e-06,0.00154639720737356,1
"20057",7.38266311513762e-09,0.999948699159377,2.01537695604891e-09,2.01508277780222e-10,4.6774811868289e-05,4.09513456215001e-06,8.03126008764643e-08,3.4098204348e-07,2
"20059",0.000586327673919906,5.52571253165121e-05,0.941213877272045,0.0570664169216721,0.000490271544091395,4.49246192261503e-06,7.24501615232918e-05,0.000510906839509449,3
"20061",0.00202475349657605,2.24396084958422e-06,0.976803858702606,0.0168912824219191,3.97516126722296e-05,1.70720477609336e-05,4.49543672034308e-05,0.00417608339041274,3
"20063",0.00020612968221801,6.43044363600263e-06,3.01193809808238e-05,0.0162152663706615,5.41545793554819e-05,0.983216978326383,0.000267867067349308,3.05414941556439e-06,6
"20065",0.000110578155671381,8.26491033233509e-05,0.000270168250291077,0.0125699128275452,0.986966657801421,2.41073972516512e-12,9.80813756561669e-11,3.37612564280074e-08,5
"20067",0.00265474576779041,2.57266463118119e-06,0.0655449809053385,0.826996396696113,0.10457155902654,0.000197348833677532,2.06954692139408e-09,3.23940363628505e-05,4
"20069",3.24288216619553e-05,5.34105364716814e-06,0.000164321961524276,1.20322225316524e-07,3.73041647520869e-08,0.388762225000406,9.81445630476519e-06,0.611025711080065,8
"20071",0.99367864168663,8.65041264443184e-06,0.0042666921668969,0.000193065881788681,4.04795103239519e-06,1.25243504865753e-05,0.00108054521916234,0.000755832331358507,1
"20073",2.5102929169186e-06,5.7790791383936e-07,0.00477045429242203,2.63704122152183e-05,4.38203117837286e-08,0.912634708741873,0.000353298760234946,0.0822120357721127,6
"20075",0.000469206849362681,0.934342490931596,5.20627289332421e-07,1.95913880928388e-07,0.0651439384782007,2.04633680468081e-07,8.4696503067223e-09,4.34340963397705e-05,2
"20077",0.780692633566256,2.65200065775969e-08,0.0754732457811899,0.14265052428262,6.30389931184786e-05,0.000179080543616898,2.44214077799157e-06,0.000939008172414615,1
"20079",0.0125434347131631,3.56737909223115e-06,0.00453861917217699,0.079600645742246,0.00161029172188544,0.867903487240901,1.44746215386724e-05,0.033785479408997,6
"20081",0.0556393668612038,0.000227655279623449,0.285671603575481,0.148762758143837,0.508811221432283,2.77375339901953e-06,8.1680474005002e-09,0.000884612786124949,5
"20083",0.151722337184712,4.57839974778104e-05,7.92989818824264e-05,0.000451094798171801,3.11401850313096e-05,0.843684994843917,0.00102653993121472,0.00295881007759301,6
"20085",0.000702045326404969,1.69901632977626e-08,0.00129760988801194,0.977182853038373,0.0208174686509376,5.39641876972545e-11,5.47535489392862e-10,5.50460956652798e-09,4
"20088",0.00712615425855624,1.33817882630669e-07,0.0790706868010313,0.900705210440538,0.0130496873045244,5.71576946608288e-08,1.52422300465545e-08,4.8054977543303e-05,4
"20091",0.000279181580947077,0.0876351189316268,0.00132996346092796,0.000145160523290151,0.910597134055829,1.48364121835983e-06,4.18241201456556e-10,1.19573879198638e-05,5
"20095",0.00041677521588275,0.000142939083987118,0.165818065779453,0.00521183194144013,1.08344916295511e-05,0.799777054346063,0.0265837513670336,0.00203874777451037,6
"20097",0.00279271336383779,9.80655276895455e-08,0.00130764640908168,0.911492204568817,0.0844073244064488,8.66260824220368e-11,2.57739974409167e-10,1.28419211580408e-08,4
"20099",8.96895283504683e-05,3.4159053160988e-08,0.409746690381629,0.488987020119065,1.09565054974948e-06,0.00232959156471314,0.0986073286475391,0.000238549949100157,4
"20102",8.62501321691185e-05,0.0127114301695153,0.00049594642515286,6.45775702599562e-05,0.00583768773424295,0.980393683095287,8.20546069624368e-08,0.000410342818765838,6
"20105",0.00148479227183977,9.0499849914074e-08,0.165785426681019,0.828244160508517,0.00282547069762182,0.000422026481118763,1.54226283001783e-07,0.00123787863375048,4
"20107",0.112190372347344,5.61256865071271e-08,0.371177626736822,0.516051177380849,0.00053920864155809,2.8655761414451e-07,6.21367510541186e-07,4.065084261696e-05,4
"20109",1.22954056107626e-05,1.70325944248227e-07,0.586484477948662,0.213940701356894,9.73155030355363e-06,0.193244076020242,0.000516636626282988,0.00579191076606023,3
"20111",2.59780252330159e-06,0.969004962582859,6.59766443257012e-05,7.89096211445297e-08,0.000777684159648002,0.000425962249621794,1.11833823351278e-06,0.0297216193131678,2
"20113",0.794340017966038,7.08010398049374e-07,0.15219051225059,0.0496155111177663,2.11150350748093e-05,1.31403064105186e-07,0.00340724922332348,0.000424754993745072,1
"20115",1.03100298454448e-05,0.00820822305120517,0.00492149862783726,5.69583068799385e-07,2.6511093005787e-06,0.000189602512563173,0.00355664925414783,0.983110495832032,8
"20117",0.0108688931744225,0.712454352200297,0.0333215696624854,0.0212113969931353,0.0440587879231809,1.42164971326945e-06,0.17799029592339,9.32824733755617e-05,2
"20119",0.0457325192977648,8.20577560790106e-08,0.0526257462186036,0.88519735512198,3.73472566663136e-05,5.80698060980294e-09,0.0163942521524253,1.2692087822929e-05,4
"20121",0.0741928301335835,9.90577829347091e-08,0.100482251534922,0.823344610076185,0.00197658105110168,6.9973956236541e-09,2.60401349688846e-07,3.36074768027699e-06,4
"20123",0.000860788273164009,0.0245139691875645,4.55072370662437e-05,0.000150372162390988,0.97442761587976,2.11167125692612e-09,6.7781540275262e-10,1.74447056762783e-06,5
"20125",0.000687834301598311,1.5437324313533e-05,0.00173664406321817,9.86880346276886e-07,4.05821304429787e-07,0.0700544475689134,5.6306415287763e-06,0.927498613398777,8
"20127",3.20790094512635e-05,2.65292162322541e-09,0.00148932009400504,0.997599255035977,0.000879047388083634,1.75292716893606e-07,3.33394845450945e-09,1.17192895994744e-07,4
"20140",0.992870725291356,0.000754288099005097,0.00353842081129231,0.000549668373892939,0.00179668112354614,1.04563198831432e-08,1.1728110184355e-05,0.000478477734403139,1
"20142",3.40674058539047e-06,6.98662616256469e-07,2.44170323603751e-06,1.30023773376688e-08,4.01106676410935e-09,0.996025480005788,5.88139543260141e-07,0.00396736773478729,6
"20144",0.0121632372972889,0.0579592324520164,0.00082698505251093,4.32723826606203e-07,6.09749833096272e-05,0.00434609600673164,2.57518898617753e-05,0.924617289594454,8
"20146",0.351171280807856,0.000312314154387062,0.00266384518925174,0.000164652776995951,0.000148054855756635,0.364666195396214,2.26283018462091e-05,0.280851028517692,6
"20148",0.0346596639315471,4.48838163525562e-06,0.0187475549915466,0.000207985133726497,2.01993527242308e-05,0.000114365655147322,1.09620858643155e-05,0.946234780467809,8
"20150",4.04712494323837e-06,2.71454389420001e-06,5.24835628106415e-05,1.22174517181134e-08,4.19933736231125e-10,0.333929566303923,0.002463542367193,0.663547633459851,8
"20152",0.0412116468922285,8.47180043389055e-06,0.10138033829683,0.0013828595114664,4.04019436727773e-05,8.92304019020807e-05,6.33936313214524e-05,0.855823657522144,8
"20154",6.19968826441053e-05,8.66235560913569e-05,2.24928420903018e-05,0.00397627570171478,0.995852029317636,4.2708164495546e-07,6.36295470787358e-12,1.54611815672327e-07,5
"20156",0.413894954738998,0.000312701151286953,0.530203705881032,0.017417285507583,0.00107413080403188,0.0285800684038244,3.29095284235869e-05,0.00848424398481989,3
"20159",8.85571232771992e-05,1.0176114927456e-05,0.00014018272485126,1.21546505456542e-07,6.87551966512929e-08,0.511476938710551,5.76225936621215e-06,0.488278192765325,6
"20161",0.00105189150849477,7.81120525123366e-06,9.43948715433624e-05,2.19719158176411e-05,9.39630614653746e-07,0.995764442455769,4.21025396026754e-05,0.00301644587290636,6
"20163",0.00148025063218243,0.000208785064900005,0.125972896437298,0.00331865707949491,0.00043808725667102,2.09317814780021e-06,0.000745860094301069,0.867833370257004,8
"20165",4.19255465289004e-06,8.58399837599678e-08,0.000816202083795357,0.00218885649035639,6.25535142750256e-06,0.996813688195853,3.21249193315073e-07,0.000170398234737819,6
"20167",0.000448867408173962,3.58772262578017e-07,0.0244966696198,8.36430772762271e-05,1.05088141619046e-06,0.00544093879907932,7.86204986002657e-06,0.969520609392132,8
"20169",2.1439220003339e-07,1.26642334015465e-07,1.96997843516099e-07,5.67222062176542e-09,1.0390259490101e-09,0.999905558393539,1.63447816872462e-07,9.37334150198829e-05,6
"20171",7.01322390138577e-05,0.000247350138344124,4.54214214910424e-06,0.00222753246279727,0.997449438654229,9.94653455941419e-07,5.13791627314741e-12,9.70487241460656e-09,5
"20173",2.16070438996109e-05,1.98951938259011e-06,0.0056400234283604,0.0550006549255296,1.25028297714089e-06,0.221159468570809,0.717917358167605,0.00025764806143727,7
"20175",0.00201886005115241,2.58159767043109e-05,0.0760937024668643,1.31803814051916e-05,5.53317150770992e-07,0.00733914878658262,0.000247729376522394,0.914261009643618,8
"20177",0.000721861345690467,4.09916366857049e-07,0.26010967725527,0.265826824286934,1.3963546370718e-06,8.63767405440675e-05,0.472753071067582,0.000500383032976055,7
"20180",0.00517142227918261,1.54769638476772e-06,0.0733206476970749,0.908804038436031,0.012698462457449,1.79068747475831e-11,2.01441086197681e-06,1.8670051089225e-06,4
"20182",2.06194360484993e-08,0.00645102191413284,3.80165098140951e-08,5.64790649219052e-10,1.40618276117278e-08,0.991878331391998,0.00153877919835408,0.000131794232950734,6
"20184",0.000132029294062672,4.72213627902836e-07,0.000273375528315462,1.48319550290732e-06,4.30878354726147e-08,0.973823257822756,3.352781613071e-06,0.0257659860762867,6
"20187",0.00262010211677396,2.63132767644104e-07,0.00277534453377304,0.000390908729931842,6.66057484428596e-09,0.000729321580570929,0.993156835215471,0.000327218030136407,7
"20189",0.000231517952989089,4.01598268024661e-08,0.898992619438925,0.0894753157304545,2.1337888518466e-06,1.57291813732866e-06,0.0054284861368783,0.00586831387393704,3
"20192",0.000163424098141691,0.0255183870457693,0.217681948383204,0.636863230703985,0.105444188103495,1.43169287525636e-06,0.013426126840016,0.000901263132513182,4
"20194",0.0998058019813803,3.07503040824429e-06,2.92020468607799e-05,4.31113762566952e-06,1.64227898489558e-08,0.702168720496834,0.14640954360015,0.0515793292839508,6
"20196",0.00111354757683978,1.7503961874349e-05,0.0057604792553464,0.244929739043806,0.748176448712291,2.09116930568142e-08,4.47704165859416e-09,2.25606110715232e-06,5
"20198",0.169711811297621,0.000557815439473742,0.535434110275694,0.0199764327869286,0.00111023632060028,0.000421202342223295,0.000235323478944064,0.272553068058515,3
"20204",1.02404561671599e-05,2.44465509213882e-05,0.000284622266194111,1.55632259293811e-07,1.1914305658031e-07,0.362479216117761,1.12658786545524e-05,0.637189933954986,8
"20207",0.0204237225612397,1.22348303391787e-05,0.0118582902466706,0.497093968076993,0.470583331948592,1.52148628940982e-05,7.25099828907645e-10,1.3236748171421e-05,4
"20209",0.00522714150201089,0.794871246054165,0.00203118734844908,1.50123024624117e-06,0.000205896152767577,4.54553475536133e-07,0.0133182293972619,0.184344343761624,2
"20211",0.00109543245089219,0.00426074645539528,2.84699441177424e-05,5.15306174835575e-05,0.994560825716704,1.3849411662549e-08,6.94084834843289e-12,2.98095905495806e-06,5
"20215",0.915468717264263,4.65920123970105e-08,0.0047946947147904,0.0787960477957507,0.000435791026875195,3.7794922479094e-06,5.5519157574462e-07,0.00050036792248473,1
"20218",1.87024029846227e-06,8.12090038936601e-07,9.13439210958209e-06,2.24256347390011e-08,6.55756324115867e-09,0.981701968245316,8.92844724762334e-07,0.0182852932043139,6
"20222",0.0403950405341507,1.49776987095624e-05,0.0155620024523116,0.54135879801851,0.401158164074511,3.69348491955759e-05,9.72045203816274e-09,0.00147407265216042,4
"20225",0.0240094553770343,0.000785252171556318,0.000185430608969785,2.36190407654213e-06,6.37660162376161e-06,0.0141809167893546,0.000153787275080079,0.960676419272305,8
"20229",0.998480099397822,7.57505643915279e-05,4.64027463750977e-05,9.32700589056809e-06,5.68052108442445e-05,3.8252606150425e-06,5.16877106647091e-06,0.00132262104299559,1
"20232",0.501326527713458,9.354297555078e-05,0.476408757329049,0.0150409524695559,0.00313820432747553,2.87388415873853e-06,4.81163664214475e-06,0.00398432966410899,1
"20234",7.17081113705192e-06,1.98967378300243e-05,0.00105216107089283,0.808875752771416,0.190044949659388,4.92794884555798e-11,6.65604270131015e-08,2.33962971687633e-09,4
"20238",0.0127172442146175,1.60742659055325e-06,0.427952115656566,0.554706058222652,0.00458251915513181,6.72450450331592e-06,3.19054690559503e-07,3.34117652479377e-05,4
"20253",0.596321789260357,1.41515945234616e-08,0.00179304499327852,0.400982805901387,0.000898370705534637,2.24055611377799e-07,1.53909822784794e-07,3.59702241417033e-06,1
"20255",0.00189584886348231,0.000204955746260439,0.00360647939539666,1.37628806084634e-06,1.92255419230836e-05,0.000106851196862599,1.33074553719713e-06,0.994163932222477,8
"20258",4.51215699146755e-05,1.19825008483729e-08,0.107687504181517,0.891969117346626,0.000289951707179427,9.65553038957836e-09,3.02990989133335e-07,7.98056574247303e-06,4
"20269",1.69487957271877e-05,3.33555861298282e-07,0.778777733039889,0.194497154738857,7.80788603504952e-05,0.0207924874766955,1.17940318185683e-05,0.00582546950080077,3
"20271",9.30498480515004e-05,5.50360533718188e-08,0.140118669344268,0.854616166363977,1.19221342041896e-05,3.34231268338271e-08,0.00514015757475959,1.99462755595205e-05,4
"20285",0.00775955422329755,5.78667077198527e-06,0.00162054505873827,0.000342378831647725,1.83785660748282e-07,0.000501568791862977,0.97613755326464,0.0136324293733809,7
"20288",0.862094218010479,8.43790982767971e-07,0.0810005546210798,0.055163020634347,0.000810922706659969,1.75778733947924e-05,9.58356491388796e-07,0.000911904006565668,1
"20291",0.0036575074748656,0.00143522268713947,0.320125956191217,0.153081958797465,0.521689748998679,9.79205632571249e-07,7.2449872666932e-08,8.5541951287641e-06,5
"20295",8.02166101751268e-06,1.15846696735573e-05,0.758533491738,0.153344948630611,2.79550492270475e-05,0.00535806805563395,0.0693664891765459,0.0133494410192906,3
"20298",0.00015115168390879,4.61588314802761e-06,0.00027388327158055,7.56604468117707e-08,2.50141655360884e-08,0.00120111741544389,2.93035739830678e-05,0.998339827497323,8
"20302",3.65749709164567e-05,7.90834125596995e-06,0.00729644415852781,2.42715133954389e-05,1.56347879358094e-07,0.636946980519274,0.00183222428485872,0.353855439863892,6
"20305",3.23121292724457e-05,5.01635231657795e-06,0.0002819257731259,6.42473367806761e-08,6.50282211395516e-09,0.000145129927746633,0.000927416067153043,0.998608129000227,8
"20307",0.00128779971171565,2.83589646256253e-08,0.0615687702696354,0.932931328260406,0.00421132728115503,9.0275967812362e-09,2.93604768382483e-09,7.34154478786973e-07,4
"20310",2.78549614493567e-05,2.23409646942545e-08,0.000709060993827998,0.99523216514913,0.00403088168529229,1.19444537840194e-09,1.18170173635492e-08,1.85787255784596e-09,4
"20313",4.60090301343464e-08,6.22843974445571e-08,2.03571175918943e-07,1.08681798922013e-09,3.94842107129817e-11,0.999536262210828,7.36691168234785e-06,0.000456057886583633,6
"20315",0.0151236608966869,7.56245714263347e-08,0.266505545379324,0.717970924524069,0.00033711813099289,1.75421506780624e-07,6.96646236398492e-06,5.5533560485264e-05,4
"20319",0.00558873837711572,5.51445897071854e-05,0.000308260340572239,0.0825836358822785,0.911461221889276,6.4302619921938e-09,4.49510187071551e-09,2.98799568601334e-06,5
"20321",0.00328262550700852,1.85916415953025e-09,0.00597811069033857,0.990568673320656,0.000166850490069989,1.49167791754883e-06,1.29070273549251e-07,2.11738457140953e-06,4
"20327",1.70988271235988e-05,3.05351273393e-09,0.149426052824406,0.850529150225669,1.95150000667699e-05,3.16579903290237e-08,6.72892436801541e-06,1.41948686285319e-06,4
"20329",1.17012608535778e-06,1.20126713426703e-08,9.16875069127351e-07,1.36869495909823e-08,8.87753724399787e-13,2.07002766268912e-05,0.999943221470494,3.39655512160426e-05,7
"20335",0.000214898597137053,4.15617238894347e-06,0.00813218673883503,0.325730333650529,0.665918016057001,1.64758731507439e-07,3.82849722137595e-11,2.43987092288453e-07,5
"20337",3.75563982071092e-05,8.43979483183058e-06,0.000297028038217441,1.60761401863486e-07,9.35690702241662e-08,0.139298156272821,5.55771299737687e-06,0.860353007452453,8
"20339",0.498986476873589,0.335856121516087,0.00049433727530136,0.000793696610945449,0.161182734305864,9.89731752373304e-07,0.000160453216630255,0.00252519046983146,1
"20341",0.00231389998192358,0.00974116330444374,0.0012793888808942,0.00601090648199124,0.980307954163708,0.000344283114105625,1.16727596526177e-09,2.40290565796991e-06,5
"20343",0.000240380071308636,3.35023250415083e-07,0.00147069930336789,0.976660815462798,0.0216118959548906,1.56011823873847e-05,5.423594684667e-09,2.67578402677914e-07,4
"20345",0.0101488933890155,6.77584988384336e-05,0.0845864453613659,7.56106048414664e-05,1.88217373062354e-06,2.47001701482035e-06,0.0279627061370629,0.87715423381813,8
"20350",0.992129023631545,0.00101720836517865,0.000916424362488663,0.00308211220053894,0.00103289014650982,0.000755665735060227,0.000108275195023883,0.000958400363654899,1
"20352",9.32764024819235e-08,5.74398549546961e-08,9.16724490938211e-07,4.40919700955707e-08,3.1182825514314e-09,0.999764367187095,1.42970349227083e-07,0.00023437519155489,6
"20355",0.000327390524881777,3.80198769977048e-05,0.00191691822196337,0.000151569204330257,7.73117104246717e-06,0.986979688307509,4.56832886490313e-05,0.0105329994046259,6
"20358",1.11589576011926e-05,1.273032540682e-07,7.17907829109968e-06,3.20719011181021e-07,1.16941501374583e-10,0.00506246866708345,0.976444574084317,0.0184741710735006,7
"20363",0.00644896635654087,2.61431587085228e-09,0.0240461183019952,0.969110206154808,0.000371545373534342,1.82697992385602e-06,6.15146202511134e-08,2.12727042612135e-05,4
"20365",0.0765335628671323,0.00213684354124863,0.102044639516653,0.0255071243150979,0.789764656895603,2.90111268691998e-07,4.61111074440987e-08,0.00401283664188864,5
"20379",0.000207865393038015,0.00805742675252612,0.0255092227597747,1.4977582127448e-06,8.11337244512146e-06,0.000524473367322466,0.000174149483930924,0.96551725111275,8
"20387",0.000338939495160976,6.45417577427427e-07,0.32337238637679,0.661629262071878,0.0145916205595674,7.46395719094488e-08,1.96472034259374e-08,6.7051792251161e-05,4
"20392",7.03257490246423e-05,0.00119353103048524,2.43597344660631e-05,0.000127966061615366,0.998583375188792,3.76386391594246e-10,4.51439575721223e-12,4.4185471616718e-07,5
"20395",0.364568246886566,1.88714652197589e-05,0.0587714470581601,0.000332872826033658,2.68244562016848e-05,0.000604894738468081,1.96221981005915e-05,0.57565722037125,8
"20397",3.00820893470245e-08,1.92229124999536e-07,5.79004608245854e-08,2.09804028093435e-09,1.91412123564114e-12,0.00208225237884213,0.997903182748703,1.42825608255046e-05,7
"20410",0.00106743170548383,2.36272651608397e-06,0.798267045729533,0.198835862279498,0.000759960466860105,3.366191505249e-09,0.000102927383696578,0.000964406342221503,3
"20414",1.20238373232387e-05,1.64328065304971e-06,0.00445436500951148,2.05279270916691e-05,3.91078333511858e-07,0.169371022518556,4.55039155441317e-05,0.826094522432987,8
"20417",8.52975703233542e-05,0.000895840014596651,9.74244017079962e-06,0.203171605064131,0.795834926894409,5.80181613175934e-10,2.5862684789816e-06,1.16770841661738e-09,5
"20419",7.31092975657518e-05,4.76840571798800e-11,0.0169320816868158,0.982988919355022,3.05816596745687e-06,1.38741334721645e-07,2.24797268435455e-06,4.44732926292282e-07,4
"20421",0.000438754747144717,0.0197267484510595,0.0392602197367395,4.34832387852728e-05,0.000794327495176687,0.775566275182399,2.33515195811854e-06,0.164167855996737,6
"20423",8.64216798679761e-05,0.000166753020726213,0.00404299694204566,1.37734457606434e-06,2.19323793050122e-06,0.315441368258826,3.36350765175597e-06,0.680255526008376,8
"20425",0.0230896506744845,3.40464837648668e-05,0.000388365337327808,8.90319802675058e-06,2.12019427966636e-05,0.636026604714299,9.61955606309881e-07,0.340430265693694,6
"20427",0.00578414176284019,1.02160293432199e-06,0.312242952279033,0.00165515647423547,9.08029833606355e-06,0.000120089941723005,3.71720757076634e-05,0.68015038556519,8
"20429",0.0212678420107947,1.41486446032359e-05,0.0926507057599187,0.882313649242078,0.00353641487094661,0.000167579486532681,4.24961281248544e-05,7.16385700119977e-06,4
"20432",5.40621752554981e-06,4.02035941329943e-07,0.000135367809314111,9.0554572940681e-07,4.90230015848209e-09,0.724081974081186,0.000381353710401605,0.275394585697601,6
"20435",0.0510225215953949,0.00038447737574336,0.894345580792512,0.0328884788180367,0.00590208832301382,1.29270639710634e-06,3.31472093394422e-05,0.0154224131795632,3
"20438",0.0363707726194721,1.70458401950805e-09,0.0102296799966236,0.953225762204974,1.50775134447442e-05,0.000129941605488968,1.25344690875936e-05,1.62298863249702e-05,4
"20440",1.49442132273408e-05,8.63887512097128e-09,0.102967586375309,0.896947771856033,5.62191572288275e-05,3.73543021306313e-06,2.88890074456539e-06,6.84542836943445e-06,4
"20443",0.000385573652967186,2.11311363425688e-06,4.81585009702829e-05,3.38941508745418e-06,3.54719742289725e-07,0.999340167311369,8.56557503520828e-07,0.000219386728726383,6
"20446",0.0121967969598595,4.64593311527748e-05,0.37878285308192,0.202497704599914,0.00166833949023016,0.00319582155430269,0.00188441588103706,0.399727609101584,8
"20449",0.796805229303757,4.6211826502651e-05,0.181289967353283,0.0124608838882212,0.00161783728368337,2.0016570859127e-06,1.33050084067029e-05,0.00776456367906012,1
"20537",0.000463682392303723,0.00362782708866404,0.433799371333026,0.1176577638405,0.44351410041359,6.65440917533278e-05,2.41220708321366e-07,0.000870469619455241,5
"20540",4.97116305524512e-06,0.0127037046578494,0.000679606867763546,0.00078525207639537,0.985826240828256,3.99364868542932e-10,2.45470149373994e-10,2.23761845279686e-07,5
"20543",0.000610626073365539,1.31675350081766e-05,0.874910012165562,0.00208440971776101,7.70481242970635e-05,0.000660195773457068,6.43421497762244e-06,0.121638106395571,3
"20545",2.51906874656728e-05,0.00410409730162764,2.2073515569115e-05,6.14876071204736e-05,0.995785097163696,3.73528770598702e-08,2.80568829728183e-12,2.01636883810257e-06,5
