"","V1","V2","V3","V4","V5","V6","best$classification"
"19811",3.08545238081576e-05,0.953437448124522,1.31812051595181e-07,0.042764901334946,0.000980087895341124,0.00278657630933056,2
"19813",8.67949317096647e-07,3.75074249123443e-05,1.75410322302594e-09,0.999959037815957,1.13280742855433e-07,2.47177496726402e-06,4
"19815",0.00125960883582242,0.974340091538786,0.000327646656944984,2.43326660048922e-06,1.37756775708284e-05,0.0240564440242758,2
"19817",0.000106159159967951,0.995347364285164,6.14688504631252e-06,7.98971918186108e-06,0.000559794264158793,0.00397254568648109,2
"19819",0.80181729441917,3.63050887521093e-05,0.198117140430149,6.47169154376428e-10,3.95016818407936e-07,2.88643979412369e-05,1
"19821",0.00105175839102681,0.962040955650905,2.22867125244525e-07,0.013651120418156,0.0224721236333916,0.000783819039395829,2
"19823",0.000371882932930017,0.958605538457694,0.039817575600892,4.88109369036175e-06,0.00020322557918576,0.000996896335607809,2
"19825",0.102301350191209,0.00221393398434385,0.000313418765154438,0.00485752420019384,0.884721288324787,0.0055924845343112,5
"19827",0.000318726061942863,0.658646134019298,5.93843362687521e-05,7.81496585393992e-07,0.340895643555546,7.93305303592987e-05,2
"19829",0.990069199706784,0.00199072314346951,7.55631368013519e-05,4.42274332982288e-06,0.00756822629011929,0.00029186497949572,1
"19831",0.844796996149902,0.000235059151910728,0.154885379621397,1.19279849485172e-06,4.96160714958264e-07,8.08761175802328e-05,1
"19833",1.92889732598234e-05,1.48683872008943e-06,0.997026974210821,5.14550754606849e-06,2.63920664323332e-05,0.00292071240322063,3
"19835",0.00105175839102681,0.962040955650905,2.22867125244525e-07,0.013651120418156,0.0224721236333916,0.000783819039395829,2
"19837",0.000684982633889719,0.975883238506858,4.89501061863768e-06,3.82121811141668e-06,0.0233244355376413,9.86270928810088e-05,2
"19839",0.965340383042199,0.00414011699291496,2.34822915876392e-05,0.00181493323113381,0.0272473493129362,0.00143373512922854,1
"19841",1.2743883522089e-05,1.72386581556698e-05,2.03751060539682e-08,5.85427645466129e-05,0.999911337947675,1.1637099472027e-07,5
"19843",0.973297645138667,2.62310457950691e-05,7.69207763827631e-05,0.0215792495298511,5.06415745904736e-08,0.00501990286772993,1
"19845",2.93975432172474e-06,0.0693832170075814,6.85855445044213e-08,0.930213667123503,2.13110744845316e-05,0.000378796454565441,4
"19847",0.00507738825567509,0.962235010941863,5.4082081647726e-05,0.00741851751801576,1.75354532656093e-05,0.0251974657495331,2
"19849",9.34945789080478e-08,7.53538870213659e-05,5.95706982260016e-10,0.99992370720419,2.60980070018472e-07,5.83838432088922e-07,4
"19851",3.46533459390613e-05,0.998392518350183,7.93369471913994e-06,2.35476938546804e-05,3.80978102193232e-05,0.00150324910508428,2
"19853",7.48467726021288e-07,0.980603897396666,4.26713147565092e-05,0.0185078808026581,0.000496605493724714,0.000348196524469158,2
"19855",3.72724839950444e-06,0.995534864680404,1.73626251849467e-06,0.000933858004746006,0.00318644437419737,0.000339369429734902,2
"19857",0.00829402344208653,0.950482114242397,9.81562811853773e-07,0.0137788449260062,0.017552939499043,0.00989109632765556,2
"19859",0.00085965662611514,0.986448271311036,5.20448242392838e-05,1.57959695011662e-05,0.009733264038179,0.00289096723092969,2
"19861",2.90938191321511e-05,0.867879604025818,5.82496942074713e-07,0.130917725838248,4.92661762944241e-05,0.00112372764356592,2
"19863",9.4838937431008e-08,3.14537081644196e-05,7.33728840681717e-10,0.991156473916202,0.00881082725685178,1.14954611516767e-06,4
"19865",2.80678250666321e-06,0.00260717931840689,1.88901007039522e-08,1.77843142996005e-06,0.997380122436349,8.09414120705367e-06,5
"19867",0.00073161440981461,0.976902084881423,1.54443348240462e-05,0.0072122107661155,3.70149665141607e-06,0.015134944111171,2
"19869",1.93124588030573e-07,0.00801987926216274,1.58364361071976e-09,0.991905923073862,6.98141705189751e-05,4.18878522437596e-06,4
"19871",0.00229599829697525,0.965420332086965,5.25507619665136e-05,2.41158837875604e-06,0.0312997656135023,0.000928941652212547,2
"19874",1.42240534523766e-05,0.231573598451211,4.11909670636838e-06,8.00805753902389e-06,0.76765270257752,0.00074734776357114,5
"19876",2.58210141279904e-06,0.763283892310767,1.06882519515249e-07,0.000391687060609338,0.236276279605981,4.54520387099834e-05,2
"19878",0.0040617358994302,0.000617421931747182,5.22675248702582e-05,7.25574654837951e-06,3.93733314535148e-06,0.995257381564259,6
"19880",9.82941548581617e-08,0.00173133241099905,4.13550234947161e-09,1.68230702727547e-05,0.99825147149844,2.70590630848247e-07,5
"19882",2.30200952625237e-05,0.716937035486237,1.44998883481359e-06,0.262712253928725,0.00152973173817024,0.0187965087627704,2
"19885",0.00489471304392732,0.987840020344997,4.24190452127734e-06,9.71447510981844e-06,0.000495252874654474,0.00675605735678984,2
"19907",0.00024417569717995,0.908751309346052,3.21697862365873e-06,0.0701112849105705,2.40942829729592e-05,0.0208659187846013,2
"19909",0.990172181003659,0.00958647342218524,2.97826264143736e-05,0.000157150870142638,5.82540417675006e-06,4.85866734218602e-05,1
"19911",0.953880022677521,0.024988194582971,0.000769837643502634,2.4253048614482e-05,0.0198489307944401,0.000488761252950311,1
"19913",3.32863868854051e-07,2.21542418878935e-05,2.79093174924247e-08,5.99006138761949e-07,0.999976817515114,6.84636730204095e-08,5
"19915",1.48904880644542e-05,0.647426052147677,3.03845003911329e-06,3.46023570870381e-06,0.352291987280467,0.000260571398044135,2
"19917",4.07480732994806e-05,0.0151374355932236,6.36122179233969e-07,3.80579110155286e-06,0.984761895840284,5.5478579912282e-05,5
"19919",0.000249032611592994,0.876654424547108,1.84162895442019e-05,2.11671302062103e-06,0.118055438716467,0.00502057112226694,2
"19921",0.000182618213164809,0.992421404735279,4.50328874088945e-06,0.000253603548471103,1.07550927181166e-05,0.00712711512162616,2
"19923",0.00203445083118132,0.0164328844242355,0.00074714441234868,2.46701381425137e-05,2.13305922745005e-07,0.980760636888169,6
"19925",1.1645386457017e-05,0.0701400587567122,9.49213255693811e-07,1.38812149595178e-06,0.929667192250753,0.000178766271326364,5
"19927",3.59575939350745e-05,0.999391586605489,3.38400461777573e-06,2.66570539276393e-05,0.000157178169928171,0.000385236572103301,2
"19929",2.69621448931785e-07,0.000200696256319659,1.30389634729158e-09,0.428090257388616,0.571708437232991,3.38196727863133e-07,5
"19931",0.000512214993569306,0.997725998421974,3.45177354567475e-05,1.15455105095427e-06,0.000686050434148632,0.00104006386379979,2
"19933",0.665570340508278,0.332330687958934,0.000795334696736748,7.64910835201887e-07,0.00089578249479167,0.000407089430423606,1
"19935",0.0781000225745612,0.90252329605546,4.80286273101549e-06,0.000756321444781718,0.00145879823022228,0.0171567588322435,2
"19937",0.000203248613111757,0.995729420355388,0.000107257329596762,3.27890600580408e-06,1.57072655085182e-05,0.00394108753038946,2
"19939",0.000475999914779951,0.74438513426824,3.45297669252884e-05,7.58650507313246e-06,0.00134413056590502,0.253752618979077,2
"19941",0.943824883341201,0.00779557436974946,5.1139069141135e-05,0.000290498204459758,0.0480171451859081,2.07598295410367e-05,1
"19943",8.46894391471821e-07,0.000969876706634959,2.02489010751018e-07,1.79527378403209e-07,0.999026749422818,2.14495976687228e-06,5
"19945",0.910747913552307,0.081179356779014,0.00190648043473181,3.4417862797615e-07,3.86354983194745e-05,0.00612726955699945,1
"19947",0.112876881005635,0.0201622294463673,0.000116053434379724,0.0257128592406897,0.840558260758432,0.000573716114496186,5
"19949",0.0300203112513435,0.0507814494964314,0.00247852732894887,1.047430414034e-06,1.61351996266086e-06,0.9167170509729,6
"19951",0.00109154481055853,0.25485197349238,1.40950273092427e-05,1.4137024662364e-05,0.693940100533393,0.0500881491116969,5
"19953",0.117943827483466,0.000789618090845774,0.879867656211361,5.69147053199157e-08,4.09879608791514e-08,0.00139880031166191,3
"19955",0.736928722408782,0.00186553334176901,0.03393832123529,1.89416831574341e-05,2.40367767168639e-06,0.22724607765333,1
"19957",0.000925719388547537,0.13403227174263,0.00099309063829449,3.19629669149967e-05,0.863676145072008,0.000340810191605018,5
"19960",0.993824115016351,0.00134362669819726,6.06785241481609e-05,4.21117383862717e-05,0.000266778103095002,0.00446268991982261,1
"19963",0.000273587145109049,0.000491049350297777,0.0549743380967155,7.41441204977799e-05,0.944180256838497,6.62444888256165e-06,5
"19965",0.904008856662093,0.000104642262952395,0.000247051481259218,6.04191173304085e-05,2.31092498876056e-08,0.0955790073671156,1
"19968",0.00149231664896622,0.0156075451641017,6.41901315916559e-09,0.195456093470042,0.787381226782615,6.28115152626084e-05,5
"19971",0.000622596033319419,1.82490758888596e-05,0.00184288910631113,6.38220764459006e-07,0.997481709721156,3.39178425604029e-05,5
"19973",9.24622484214181e-05,0.995607332075711,3.17721685826771e-07,3.87458696551005e-05,0.00352185919159972,0.000739282892927036,2
"19975",3.20756742416786e-05,0.0307722715555572,2.57422588347532e-08,3.45290741242256e-05,0.969095318749729,6.57792040892443e-05,5
"19977",5.31562165136975e-05,0.000644074063210255,3.41579483050372e-05,0.000146298380704374,0.998047842160602,0.00107447123066496,5
"19979",0.999712853549597,1.39484667234448e-06,0.000278834976612069,5.30784467100408e-10,7.12508583872964e-07,6.20358775045256e-06,1
"19981",0.0122664998465049,0.985530281663981,1.04963286585723e-05,0.000779794058820435,0.000371042240416077,0.00104188586161864,2
"19983",0.0212407723146699,0.675459188538492,6.39069355167747e-05,0.00061797589713134,3.27737903593882e-05,0.30258538252383,2
"19985",3.24683945384979e-06,0.217872778316815,1.72588965425666e-07,4.96560584372317e-05,0.781877284277492,0.000196861918836256,5
"19987",0.036306917674965,0.930725191444177,5.81321228403296e-05,5.44139820229858e-06,0.0325948547077577,0.000309462652057726,2
"19989",0.996044267102666,1.77888893764997e-05,0.00383669235745778,1.2919278527393e-09,3.50972370385958e-09,0.000101246848848467,1
"19993",0.177366352122467,0.262863616759478,0.00036778347275064,1.11026113328708e-06,0.0172148897226266,0.542186247661545,6
"19995",0.7734358755121,0.18779979780903,0.000219247168644011,8.21199555031177e-06,0.00559970928910238,0.0329371582255741,1
"19997",2.78898050995425e-05,0.993031701876574,1.39307028434522e-06,4.27020739670824e-05,0.00637974675798686,0.000516566416088682,2
"19999",4.24656865289305e-06,0.96452831695452,7.82842940253451e-08,0.000988023769221514,0.0343864998067197,9.28346165923213e-05,2
"20002",0.000210369698994066,0.000498989207735967,1.29207559661547e-06,0.540126576611912,0.459161759025142,1.01338061910494e-06,4
"20004",0.875049067349271,0.119817278570961,4.37966813700368e-05,0.000337339261592342,0.00470859365209603,4.39244847089566e-05,1
"20006",0.584060140858246,0.00687702702488653,0.00170645896901306,0.00215393484894401,0.000722610405520855,0.404479827893389,1
"20008",0.183642816761291,0.00372556165266489,0.00283954438873065,7.60486268880157e-05,9.96981805153092e-05,0.80961633038991,6
"20010",0.659369773394517,0.0136520060037364,0.025985790474084,2.16795607952681e-08,3.42800709991028e-06,0.300988980441002,1
"20012",4.34486481777905e-05,0.174773062335427,1.31156083432348e-07,0.0101294875488802,0.81143206148858,0.00362180882285157,5
"20015",0.998257733637454,8.74134539964349e-06,3.11241123526865e-06,7.29519359086911e-07,3.33817964806878e-08,0.00172964970475568,1
"20017",1.5987399952046e-05,0.982815040836941,1.26695618205552e-07,0.00233647983478534,0.0147045777484857,0.000127787484217494,2
"20019",0.99707938501534,1.88835538582274e-07,0.00256075158004436,2.17074302668406e-10,5.87608294852226e-09,0.000359668475919462,1
"20022",0.990351645715379,0.00312743098523942,0.00129669249788409,2.30402541173595e-08,1.24840805836538e-06,0.00522295935318504,1
"20024",0.401541413001493,6.64214259083333e-06,0.598085859570398,1.34585913222013e-07,4.57111860281286e-08,0.000365904988418808,3
"20026",0.401541413001493,6.64214259083333e-06,0.598085859570398,1.34585913222013e-07,4.57111860281286e-08,0.000365904988418808,3
"20028",5.71978670790675e-06,0.910837426867173,4.5980851306134e-07,0.000138080846625454,0.0889854889292542,3.28237617259753e-05,2
"20030",0.999835906785063,7.50834172230129e-05,5.70315677539322e-06,4.56445020957036e-06,7.29937857265273e-05,5.74840500282142e-06,1
"20033",0.00089462651791987,0.839448623329892,2.84719214137681e-06,3.22533238471317e-05,0.159385394325996,0.000236255310204,2
"20035",0.995542319088634,6.01331253760786e-07,0.00382287506637156,5.5308190078098e-10,6.77046715491635e-09,0.00063419719019137,1
"20037",0.998421509579821,7.02265521641492e-07,0.000364568200076817,1.7113400150832e-08,2.01356259707916e-10,0.00121320263982415,1
"20039",0.000151314365125446,7.40176259624168e-08,0.999796938096682,1.2025148949006e-10,5.00502875217182e-11,5.16733502645105e-05,3
"20041",0.00894243594279592,0.0140408298121556,0.00133552091899964,6.21499270590927e-06,4.54822344330583e-05,0.97562951609891,6
"20044",0.062462688324354,0.0704838368477254,0.0100643824705803,3.09825147566202e-05,0.00236560676519607,0.854592503077388,6
"20047",0.992444961123403,8.0104139067312e-08,0.00753915662942488,1.4812308898315e-10,7.1562400817558e-08,1.57304325093968e-05,1
"20050",0.0740195970806444,0.00516620228924104,0.480015257795049,1.54304220120359e-09,2.61375805064414e-05,0.440772803711517,3
"20052",0.0132796779060612,0.94285674758837,0.000786276942996584,5.24299173059038e-07,0.0262781139013192,0.0167986593620792,2
"20054",0.999597759609821,0.000223390078343869,1.28949790994974e-06,1.45654187696453e-05,3.69634945944019e-06,0.000159299045696977,1
"20056",0.00012005240807248,0.00204343734125766,1.83121650581876e-06,5.48355627690359e-07,0.997831208133218,2.922545318098e-06,5
"20058",0.998672650199095,1.29833200561942e-05,0.00108106905247191,1.56617123263438e-08,8.43968050455748e-10,0.000233280922696892,1
"20060",0.000595292649994115,0.997362322683345,1.07463343665454e-05,1.54988095420493e-05,0.000243638065294268,0.0017725014574574,2
"20062",0.00616458099842288,0.787018849031518,1.84448452011697e-05,2.72786765752498e-05,0.000130717991589194,0.206640128456694,2
"20064",0.977776924544854,0.0216394123387986,7.58598235014709e-05,1.64191824894548e-07,0.000172960524821033,0.000334678576199733,1
"20066",0.999967413767864,5.17431623848648e-06,1.64467753366188e-05,6.48227685414187e-07,7.30630539074817e-06,3.0106074844965e-06,1
"20068",5.86808054887186e-05,0.983979925192746,1.3889416209989e-06,0.00120557219644122,6.26641995457082e-05,0.0146917686641575,2
"20070",9.68265727892231e-05,0.97781871194788,0.000209332069721462,6.5999601421607e-05,3.4031660932571e-05,0.0217750981472552,2
"20072",0.985121305712908,0.00026287224166656,2.71603472821385e-05,0.00401098262076351,2.29783983427005e-08,0.0105776560989813,1
"20074",6.21593539525699e-08,4.83289890330497e-05,2.69811516772327e-09,0.000410941455040535,0.999540374579083,2.90119374451257e-07,5
"20076",0.0102031088993777,0.0500434162616993,1.15576360675814e-07,0.290734513145398,0.648559259861658,0.000459586255505697,5
"20078",0.965043460362423,0.0294257564043029,0.00241356978560847,8.97832012572505e-07,0.000110218743839564,0.00300609687181431,1
"20080",0.9988130303633,1.62019152556793e-06,0.00101537513493514,6.84778088716901e-11,1.83091060880001e-08,0.000169955932655551,1
"20082",0.00316980924960091,5.0190698793205e-06,0.996815907037,1.96138041785801e-11,3.36647400934899e-08,9.23095916540456e-06,3
"20084",0.948170592573876,0.0111801875438166,0.0126438033914785,2.88666997216983e-07,0.027574871199286,0.000430256624545245,1
"20087",0.931788409082963,0.0154013280303696,0.000571551206706232,3.41533543158035e-05,5.71222951688876e-07,0.0522039871026935,1
"20090",0.932830912929625,2.03752607743476e-05,0.0242189064536114,2.25885802462234e-10,1.57857692957541e-07,0.04292964727241,1
"20092",0.0160117533746737,0.0443721609755518,0.630901262933248,0.000673777649062736,1.00009141772918e-07,0.308040945058322,3
"20096",0.00803460678589267,0.513889589118747,0.382439531102244,1.05105739811578e-05,0.00797068817906881,0.0876550742400657,2
"20098",0.000223399314907179,0.840046132774565,6.05011083666844e-06,4.58251085737861e-06,0.159281599057116,0.000438236231716853,2
"20101",0.998282630506574,7.4943831673426e-05,0.00126654996276174,2.08856936801511e-09,0.000107742455210174,0.000268131155211011,1
"20104",0.00011947940369872,0.539305167544175,0.0493726037835647,0.405843924812931,0.00137154061075069,0.00398728384487994,2
"20106",0.995749179860415,0.000495509930626176,5.36803647994377e-05,6.98545768476241e-09,4.78342510173656e-05,0.00365378860768443,1
"20108",0.000316454363040496,0.988575903148508,8.03497977607851e-07,0.000132837463835919,0.0109397740051762,3.42275214614051e-05,2
"20110",0.00431669786706118,0.333462852466477,0.148388078947965,3.19734645092746e-07,0.120748413033719,0.393083637950133,6
"20112",0.738142857027192,0.00921441249712419,0.0117969349369802,3.00396597979082e-08,2.40751521256498e-05,0.240821690346918,1
"20114",0.858183546908499,0.0709743022059987,0.00167947797320537,2.14435647957069e-06,0.0691028528465986,5.767570921916e-05,1
"20116",0.978595525087504,0.00482413067516409,6.52201051282508e-06,3.61791261163831e-05,0.0164532812608974,8.43618398057634e-05,1
"20118",0.0563775837781033,0.884521576587803,0.000212412443984885,2.49151546081526e-06,0.0582824322028991,0.000603503471748822,2
"20120",0.962666233385203,0.00522149637293002,0.026544052676054,1.70811935460759e-09,0.000749351315713003,0.00481886454198079,1
"20122",4.48661670745395e-06,0.00164108950530595,1.74860129388847e-08,1.40806354568577e-05,0.998339532126381,7.9363013549199e-07,5
"20124",0.996933976022506,7.86803751309641e-06,0.00227074330749589,1.17883578096046e-07,1.84969912293827e-09,0.000787292899207659,1
"20126",0.00479747113538222,1.30376383490536e-06,0.995141061192985,8.9544414514249e-08,1.14901830407488e-07,5.99594615530677e-05,3
"20128",0.153241180035592,1.93708071734825e-08,0.846615584336917,1.39182594674565e-09,1.15435942165171e-09,0.000143213710498165,3
"20141",6.25416142418547e-05,0.930183315162074,0.0149083950681336,8.76723418536934e-05,0.0545411177956544,0.000216958018042587,2
"20143",6.56115750654313e-08,2.80576247894298e-05,3.83574896038728e-09,7.94821254210402e-06,0.999963889012842,3.57025025662152e-08,5
"20145",0.984708962269966,0.00605946781804966,0.00400135091171874,1.54951228593254e-09,5.30262275036321e-06,0.00522491482800255,1
"20147",0.998457838198843,0.00102328134457402,0.000109482720002068,1.50129233950194e-08,3.69408793358408e-06,0.00040568863572413,1
"20149",4.86604017117089e-07,0.00139368828642295,3.19657686514391e-08,7.72215817824343e-06,0.99859685499414,1.21599147319384e-06,5
"20151",0.000275017858384495,0.94114066019417,2.64462061463836e-06,3.79662372502746e-06,0.0579677941704143,0.000610086532692118,2
"20153",0.00123718307507623,0.414919682837517,0.00738353204476284,6.17331953864304e-08,0.572709081123844,0.00375045918560444,5
"20155",0.971033829948286,0.00010219351876799,0.000138990733743923,4.93322375719595e-08,3.50166676212906e-07,0.0287245863002883,1
"20157",0.000125711464718481,0.542225789942838,8.24151871746321e-06,3.55205520222493e-06,0.457556230250718,8.04747678063061e-05,2
"20160",1.46937167517358e-07,4.67645428630456e-05,1.00145530534234e-08,1.22161778136951e-06,0.999951807368545,4.95190902962616e-08,5
"20162",2.00791622054904e-07,0.0045459918722247,1.1015943105289e-08,8.75822332544042e-06,0.995444377726559,6.60370325033831e-07,5
"20164",8.23778288342578e-05,0.0561704351429525,1.28765205431086e-05,3.35855994720224e-06,0.942517709621832,0.00121324232589048,5
"20166",0.998924798942361,5.9928292498999e-05,5.02923783587806e-06,0.000147669492969997,0.000794913780385464,6.76602539486157e-05,1
"20168",0.00244660039087212,1.66011047795386e-05,2.78089527421186e-07,0.99677147317128,0.000750575195968339,1.44720475727873e-05,4
"20170",0.000172982140902425,0.776085788452561,2.52343640223796e-05,1.8288584511488e-06,0.223497814467488,0.000216351716575087,2
"20172",0.995552083731787,0.00173156934860567,0.00107257934038887,2.56518052862517e-08,2.78863316874343e-08,0.0016437140410815,1
"20174",6.05312739255664e-06,0.639510642968332,2.36691123107244e-08,0.164186153810565,0.19623681026757,6.03161570277317e-05,2
"20176",0.000136216023527962,6.17917237273317e-05,1.62596348702412e-08,0.99977935896526,4.99429963548022e-06,1.76227282145011e-05,4
"20178",1.62384956401288e-07,2.49711313328077e-05,2.06024128862019e-08,5.80126684853861e-07,0.999974205061092,6.069352113755e-08,5
"20181",0.99679165443013,9.25965339319726e-05,7.62744023360697e-06,9.61276146423967e-07,0.00309679359980747,1.03667197506097e-05,1
"20183",0.00308335134013536,0.990992024069415,0.000621829892923037,3.77801758050228e-06,7.75418946353758e-06,0.00529126249048242,2
"20186",0.0236066958921462,0.85161043342248,0.00366186785516155,0.00402631498007739,2.51580868819038e-07,0.117094436269266,2
"20188",1.63369058509183e-07,0.000306694808774409,2.25810574188945e-08,8.22217537332238e-07,0.999692037388322,2.59635250630463e-07,5
"20190",0.999851544720937,1.96650065755593e-05,1.52470836682279e-05,2.07786395595755e-08,2.31643123640209e-07,0.000113290767056512,1
"20193",0.00144488587179966,0.000205649718557581,7.63480420294418e-07,0.0241592729580919,0.973917389284196,0.000272038686934729,5
"20195",0.00136784992806216,0.216652460725223,1.4729688977044e-05,3.48002823660415e-06,0.777659393382218,0.0043020862472829,5
"20197",0.984573810524157,0.00100172515593626,0.000363813319871625,6.81644104396864e-08,6.05047520302464e-08,0.0140605223308728,1
"20199",4.00830502845842e-06,0.0843298943394044,3.36034129602664e-06,1.58063759212378e-06,0.915571361371842,8.97950048371232e-05,5
"20205",0.000131554724536174,1.06675291466366e-05,0.999005381003651,1.28388597031744e-10,3.62172950589816e-09,0.000852392992547319,3
"20208",0.00147587085850874,0.984849729878696,5.61419171749824e-06,3.24747813739608e-05,0.0109806904383612,0.00265561985134288,2
"20210",7.95496158407219e-07,0.0157147862616893,5.55081469356294e-08,3.75364844411991e-06,0.984277474255968,3.1348295931275e-06,5
"20212",0.000119291584971644,0.157454371977963,2.91339622928798e-06,6.41528589721273e-06,0.842053771241524,0.000363236513414635,5
"20216",0.998311055928912,0.00148256635381762,4.92569459567786e-05,2.14319054853344e-07,3.98590292927932e-05,0.000117047422966041,1
"20219",0.32829588144326,0.00557636192947286,0.654975288630459,4.03976855532616e-09,5.36163065330356e-05,0.0110988476505068,3
"20223",0.991534096410936,2.83237131771279e-06,0.000259181368299256,0.0016826838863098,8.76465757029167e-10,0.00652120508667118,1
"20226",0.00415530085440974,0.0461983015159259,0.000285404597757525,2.02568615143522e-07,0.000193301976808075,0.949167488486484,6
"20230",0.999856215135413,7.16149432538721e-06,8.31835473414641e-05,1.58257987180634e-08,2.65305352638938e-08,5.33974665860908e-05,1
"20233",2.08443305156982e-06,0.00231916981931281,0.997242688863776,7.68724179254808e-07,2.31701458221248e-05,0.000412118013858008,3
"20235",0.857773253784918,0.000107190494817946,0.033065976375183,0.000142389579999809,4.86582030606933e-09,0.108911184899261,1
"20239",0.808014535124824,0.0046854832996034,0.000481612086016741,0.00243090111035846,1.17532076581795e-06,0.184386293058432,1
"20254",0.00363459276891502,8.29201062991085e-07,0.996323346806546,3.42967138853946e-12,2.7304509082895e-09,4.12284895952294e-05,3
"20256",0.999479449314941,2.8772473963352e-05,0.000251040602536486,2.61304208276022e-07,3.1919285468542e-09,0.000240473112422137,1
"20262",8.61820169322269e-05,0.437374422499788,2.19052169522874e-06,2.52420773960134e-06,0.562457550695233,7.71300586112226e-05,5
"20270",0.979555652063463,0.0144629982514248,1.9701254682468e-05,0.00211362123725256,0.00346251238394557,0.000385514809231818,1
"20284",0.0102497223150736,0.579641009099126,0.35366170092884,4.10906084871172e-07,2.27378192593536e-05,0.0564244189316155,2
"20287",0.997935315286676,2.69375123282288e-07,0.000126042996401494,9.050558778776e-08,8.45644924959588e-10,0.00193828099056656,1
"20290",0.0017639686069788,0.00219301914408354,0.991649712885027,3.44530182690876e-10,2.10973608185585e-05,0.00437220165856202,3
"20293",0.955991986449631,0.0413006698451749,0.00208017581664144,7.9925601187399e-07,7.39602872178976e-06,0.000618972603818548,1
"20296",0.00811603125052845,0.321002637364198,8.36103682319891e-08,0.0168507833759122,0.653475406153228,0.00055505824576529,5
"20301",0.998678969659408,2.91003854484001e-07,0.000466966399797883,3.54938919478701e-08,1.12120753371514e-05,0.000842525367710467,1
"20304",0.00399654293780723,1.32502396595948e-05,0.995984937951901,6.72945102363971e-11,5.4712472555057e-08,5.21409086486261e-06,3
"20306",0.997531330739026,1.06129179863784e-05,0.00225970748215807,1.97941871587741e-08,8.9114725776978e-10,0.000198328175495754,1
"20309",0.533626891131994,0.302143344817502,0.00398670112719538,1.553809643577e-06,0.000140875702918154,0.160100633410747,1
"20311",0.994732274588463,0.00359805610301852,0.000804577083508718,1.17902691478732e-06,0.000282010588549811,0.000581902609545765,1
"20314",0.00184003280987935,0.981199094433938,3.29315336727017e-05,4.61308602786491e-07,0.0161752899740291,0.000752189939877787,2
"20318",1.35071790144308e-05,0.00011270744089124,6.8041980415785e-08,9.01505804097305e-06,0.999864591376288,1.10903784641591e-07,5
"20320",0.000937946606736818,0.44518835794593,0.00152384496656003,1.52963660016662e-05,0.00161596856696622,0.550718585547805,6
"20326",0.00248162287494981,0.960712024492933,8.16207462559331e-05,1.09267982480236e-06,0.0363793574655718,0.000344281740464487,2
"20328",0.000949341687188209,0.82572574727723,0.00129389355839023,6.75018246601957e-06,1.16009662180495e-05,0.172012666328507,2
"20330",0.178988063634561,0.00030524354512196,0.00450450300761109,8.13308398037848e-07,7.59018503770135e-07,0.816200617485804,6
"20336",0.0117899637090785,0.0250368227270331,0.960887509003965,9.40187344096351e-09,5.64983455877843e-07,0.00228513017459424,3
"20338",0.0155000593488816,0.00111645939366162,0.980198834053907,3.84355576770983e-09,8.52015225144775e-05,0.00309944183747969,3
"20340",0.999408162737134,2.08559812489145e-06,0.000479605711739278,4.21068187595622e-08,1.70089912352713e-08,0.000110086837192128,1
"20342",0.000435295668782566,0.000106947935823709,0.972211268624869,4.51594808277481e-05,0.000271559867107224,0.0269297684225898,3
"20344",0.998014679317766,0.00121453732325093,0.000580695605769439,2.15032635807266e-07,2.33389629699316e-07,0.000189639330947728,1
"20349",0.999799090180132,1.87866424582313e-05,0.000152482860640189,1.05726978890851e-07,2.12713607897955e-09,2.95324626544239e-05,1
"20351",0.931504516302113,0.0471649765808883,0.0135315149212114,9.47113141840318e-07,0.000444698097911719,0.00735334698473384,1
"20353",0.33228952603256,0.000187446355220752,0.0283888883389874,1.29896328862209e-08,3.63967367362309e-08,0.639134089886862,6
"20357",0.000782906590663055,4.70902899406491e-06,0.997046399200877,1.26646830292565e-10,2.19681169111356e-10,0.00216598483313833,3
"20360",0.00501825232907403,7.19880588812196e-05,0.278416744453552,0.000253832810028,6.67185470761595e-07,0.716238515162994,6
"20364",0.739276997242647,0.0294053727043438,0.00248524060033002,3.02363139409082e-08,9.59708858676893e-06,0.228822762127778,1
"20366",0.00100863845750156,0.00682241760653292,0.991483815468055,7.72751253780955e-09,8.30922136825494e-06,0.000676811519029769,3
"20381",1.11299011900663e-06,0.00356937226207767,1.13568910449252e-07,0.980141050523734,0.016280193876332,8.15677882631909e-06,4
"20391",0.194849257534451,0.0271797154372319,0.0168150576640657,0.224958017012928,3.42953364665038e-08,0.536197918055987,6
"20394",0.000133534280789456,0.975623228421158,1.65294043601862e-06,0.00221693182921175,0.000868376243654086,0.0211562762847511,2
"20396",8.32968261178916e-07,0.225200227815822,1.11731523478481e-08,0.762828721131528,0.0118599750190743,0.000110231892163212,4
"20409",0.61570301545879,0.232338209439117,0.000934969143900475,6.06745809788687e-06,0.15085858851596,0.000159149984134461,1
"20411",0.859866068848115,0.000204553510461995,0.120244356988889,8.27509081240529e-09,1.85509245262185e-09,0.0196850105223508,1
"20416",0.0256102290345583,2.03469164118762e-08,0.974271537274243,1.1848195753491e-10,1.87403343866076e-11,0.000118213207060481,3
"20418",7.30242292982572e-07,0.161112738348342,5.83846693098346e-09,0.783169904457871,0.0557023977987947,1.42233142319249e-05,4
"20420",2.63164771417034e-05,0.0290235959477463,0.969258388605671,9.63520286312042e-07,0.000213511295254298,0.00147722415389989,3
"20422",0.97150641341633,0.0003307988010525,0.000295976059861915,3.99606070668901e-08,4.13871965472952e-05,0.0278253845656007,1
"20424",0.893159949964817,0.000140140780853942,0.043011070074847,3.85091377291748e-09,6.24165192329813e-09,0.0636888290869168,1
"20426",4.23698160162864e-06,9.15072193658475e-06,0.999825483364987,4.64726438665620e-10,0.000109446586258111,5.1681880490488e-05,3
"20428",0.858063946945873,0.037419649778647,1.49836130197383e-05,0.00218599684154283,9.99941137648183e-06,0.102305423409541,1
"20431",0.0243848186088718,0.63302205392374,0.00408771438984446,1.55204022240679e-06,0.0883805527725801,0.250123308264742,2
"20433",0.99936559858384,1.34918282126815e-06,1.51043923760607e-05,0.000144877121358353,9.39237517498651e-09,0.00047306132722957,1
"20436",0.0070162283853291,3.64013455694579e-05,1.41567262973177e-07,0.992892642864751,7.14908040405248e-06,4.74367566838787e-05,4
"20439",3.55707263685043e-06,0.533306966769779,1.9537845975549e-08,0.266613432787664,0.200008169819201,6.78540128736312e-05,2
"20441",0.000750442370529877,5.66529149161453e-05,0.985131840717724,3.84363572001355e-10,1.5331518022386e-07,0.0140609102972866,3
"20444",8.82648410133483e-08,0.000176254411539944,6.1409726987814e-09,2.44291560297553e-06,0.99982111586056,9.24064832370184e-08,5
"20448",0.00942685067905368,0.860374976139497,0.00100843820729908,0.000172863567192554,0.128922029301226,9.48421057318983e-05,2
"20536",0.000171218271063242,0.217555073242967,3.76243270907844e-07,0.776137678851519,1.09849795920145e-05,0.00612466841158806,4
"20538",0.214247908733144,0.0546255523268039,0.730815207317095,6.89040349152744e-06,1.25502212224399e-06,0.000303186197342857,3
"20541",0.928273503723,4.15652837832953e-06,0.0689054728772365,8.38868281638992e-11,4.51197555006155e-09,0.00281686227552241,1
"20544",0.203327733887233,0.790347224741691,0.000712085670950326,2.77624188405219e-06,0.00333066556345877,0.00227951389478216,2
"20546",0.985948614558382,0.000727250254166901,0.00634896474912271,7.5364477284518e-09,7.77142314641494e-09,0.00697515513045766,1
"20550",0.00531029595920084,0.00381952358615579,0.000258041843523459,9.49214977138229e-07,8.70248308953289e-05,0.990524164565248,6
"20553",0.0179109871294543,4.46457945292984e-09,0.982083555693779,6.90465073922092e-10,1.6305954299424e-07,5.28896217925208e-06,3
"20555",7.13590040504766e-06,0.00148291415011481,0.99302859612706,4.23375863619206e-07,1.04813885463696e-07,0.00548082563267179,3
"20557",0.0123928655013475,0.0256715899134485,0.0139418373532895,2.48241251163229e-08,0.000293437483247678,0.947700244924542,6
"20559",0.999561627246993,0.000202756640676185,5.15738703904165e-05,3.21888456070221e-09,1.13302144857236e-06,0.000182906001607766,1
"20561",0.000820712975186459,0.770366671525061,2.6366447752177e-05,4.46456790153795e-06,0.228284774825699,0.000497009658400546,2
"20564",1.62384956401288e-07,2.49711313328077e-05,2.06024128862019e-08,5.80126684853861e-07,0.999974205061092,6.069352113755e-08,5
"20566",0.828061921769422,0.0616339768931447,6.41499099256795e-06,4.70951010833612e-05,7.76209738538866e-05,0.110172970271503,1
"20569",1.28692125643561e-05,0.898308862760159,1.26921783708028e-07,0.00041369578245333,0.101199009689517,6.54356335223961e-05,2
"20572",7.56815177779162e-06,0.0858873292340284,1.83448504312573e-08,0.000675816055258007,0.913425694265161,3.57394892450755e-06,5
"20574",0.996471290870316,0.000142985435980565,0.00193207643183556,5.79474956895537e-10,2.45302898801473e-06,0.00145119365340424,1
"20576",1.25003336934778e-06,0.000200607438615473,6.3008951023586e-08,4.46619872605029e-07,0.999797378012975,2.54886217024342e-07,5
"20578",0.797261724452579,0.173095588007428,0.000550064687886558,1.26353945561027e-06,0.00456257164485498,0.0245287876677956,1
"20580",0.850920534521047,0.147242225897642,5.00980149297015e-05,1.47706029272699e-05,4.82796030219539e-05,0.00172409136043224,1
"20583",8.86624985192975e-07,0.000101476026512726,4.83827870805223e-08,4.35384312550666e-07,0.999896991141206,1.62440196258209e-07,5
"20586",0.918466789425518,0.0779872568802034,0.00164734077166034,8.61722043379594e-07,2.19361471905878e-06,0.00189555758585577,1
"20589",0.996358275851753,1.3765038756131e-05,0.000143767309456935,1.05696948399746e-07,6.23003121077789e-10,0.00348408548008205,1
"20591",0.0011529487514912,0.155405544964891,0.042415756044889,1.53737329812924e-05,3.32732479691068e-06,0.80100704918095,6
"20593",0.999671467122759,7.57842534075543e-08,5.80930601839962e-05,8.39527929468805e-09,1.20322824662479e-08,0.000270343605241521,1
"20595",0.996621845151128,0.00290222018899098,0.0002587290643174,3.9051874929495e-08,3.23202749395814e-05,0.000184846268749179,1
"20597",9.39954281316358e-08,0.000878815440984736,8.11334966718226e-10,0.999115426500471,4.16008309367788e-06,1.50316868783508e-06,4
"20599",2.21156521469809e-07,4.02348890689898e-05,1.09210953570466e-08,1.01245715569305e-06,0.999958485253616,3.53225423833489e-08,5
"20601",0.000238865663016963,0.980436241792771,2.16364800513338e-05,4.12102123046028e-06,0.000203427351108171,0.0190957076918218,2
"20604",0.999905443387839,5.75646921838102e-06,5.5441528655437e-05,1.88819656595782e-09,6.64109259971492e-07,3.26926168304164e-05,1
"20606",0.999492407821675,4.55521796756923e-06,6.34099781975298e-05,3.00250054942711e-09,1.55300887064397e-08,0.000439608449570636,1
"20608",0.981881475640719,0.000263427634065727,7.64566680419554e-06,1.33691495045705e-06,1.93347550600511e-07,0.0178459207959104,1
"20610",7.05745487183612e-06,0.00122931360796804,3.32175427898551e-07,7.0573804764366e-07,0.998751248765978,1.13422577065932e-05,5
"20612",0.213672718152079,0.00131172015076431,0.149881539988236,0.633886546434229,0.000956834911928103,0.000290640362763407,4
"20614",9.13378083123889e-07,0.00805080340654141,1.93486224984749e-07,6.8656204278128e-07,0.991931783592263,1.5619574844742e-05,5
"20616",0.00490159286955104,0.993650185996246,6.96406639552737e-05,3.74833413665173e-05,0.000401783309449004,0.00093931381943213,2
"20618",0.00018698528559048,0.000876346119914413,0.996953382230097,1.79805852592981e-09,1.49443456487345e-05,0.00196834022069066,3
"20620",0.999443383338095,0.000380183284448791,3.35050651386389e-05,3.10265598310118e-05,2.0945041941855e-05,9.09567105441988e-05,1
"20622",4.28663389364161e-06,0.000599880052757334,9.9170062252581e-08,2.67512431737107e-07,0.99939512524729,3.41383565059709e-07,5
"20624",0.969281751651751,0.000302468242650541,0.0300432693134018,2.56393501491777e-08,2.80517663525493e-08,0.00037245710107994,1
"20626",0.771999533683235,0.0128177036042081,1.0548693141088e-06,0.207489960673297,0.00102635524665978,0.00666539192328627,1
"20628",0.166431620408686,0.143606614580625,0.00010920713968386,0.160111585204555,0.000360078808729018,0.52938089385772,6
"20630",0.614310359304548,0.0580470106629524,0.000156831787024425,3.1479377022399e-06,0.0120266798828817,0.315455970424891,1
"20632",1.11730241633483e-07,0.00993566187712312,2.47632940391031e-09,0.000919670086476077,0.989143136818242,1.41701158763137e-06,5
"20634",0.999154315474176,8.07220224949708e-06,4.15116197176781e-05,6.65208656771478e-09,1.13070456326896e-08,0.000796082744724664,1
"20637",0.0066889042318041,1.61938470876475e-05,0.992496993393955,6.47645528408129e-12,7.18489626472669e-06,0.000790723624412103,3
"20639",1.22625987601596e-05,0.465757516361656,1.96287683087292e-06,3.74599289188318e-06,0.534135814456645,8.86977132168024e-05,5
"20644",0.282931739478694,2.25361297345811e-08,0.716662655040491,5.92615342899506e-06,2.00090831023942e-08,0.000399636782172719,3
"20646",0.696492693534593,4.5203306778122e-05,0.0135542019453987,0.00152561716228986,9.90250948165092e-06,0.288372381541459,1
"20648",8.0589809251572e-05,0.993901018533367,1.48142104732211e-05,7.86833028703909e-07,0.00548615145351113,0.000516639160367843,2
"20650",0.654440002537661,6.90150912946817e-05,0.344228843051833,1.78700424823212e-08,2.39094979729705e-08,0.00126209753967048,1
"20653",0.000292823997067113,0.947164731559322,0.000261720520098398,9.09259462979891e-05,0.00254399012669552,0.049645807850519,2
"20658",0.999198960600243,4.63021145692231e-05,4.01137700766777e-06,0.000148776582747723,1.18378247710816e-08,0.000601937487607344,1
"20661",0.0348261193695544,0.004075926288176,0.960586394932455,9.62131607770082e-05,7.05720765741258e-07,0.00041464052827197,3
"20663",0.605492468762498,0.373773352351877,0.00161165523802888,3.33887161227747e-06,4.09897082776252e-06,0.0191150858051561,1
"20665",1.65689368980467e-06,3.82431552506537e-05,2.93158390841194e-09,3.45374819058642e-05,0.999925496402404,6.31351659938982e-08,5
"20667",0.00363091300884388,0.0788328856350559,5.54022341428896e-05,0.00443346918044195,4.37298888009076e-05,0.913003600052715,6
"20669",6.12512632014104e-07,0.0332929980223024,3.15237426775037e-08,0.966553912671637,0.000144459996436209,7.98527324968717e-06,4
"20671",0.147343262300536,0.00145238584078099,0.84680518268012,1.95647849669001e-10,6.58301497134674e-05,0.00433333883320179,3
"20673",5.25991218238371e-08,0.000874401217792827,3.58696795320117e-10,0.999102274422516,2.24896152856448e-05,7.81786587130808e-07,4
"20675",0.00782941791222325,0.750999898098385,5.23329984094851e-06,0.239675368246013,1.27664512559509e-05,0.00147731599228204,2
"20677",0.596894065416775,0.383685426930724,0.000231393220617038,0.000649729702898506,3.12964039980061e-06,0.0185362550885859,1
"20679",1.62382586434662e-07,0.0361398673193062,1.18742354630135e-08,0.963200295486905,0.000638833149480881,2.08297874858548e-05,4
"20681",6.50689283567963e-05,0.936691545287814,2.04423109714628e-06,0.0614650775815918,1.27333880927556e-05,0.00176353058304761,2
"20683",0.422333245141534,0.428534943780475,6.35452919570898e-05,0.00453900937710884,9.90965422607404e-06,0.144519346754699,2
"20685",8.96562829878325e-06,0.0135004342819885,0.973593377920853,1.75903484125292e-06,6.11471970420617e-05,0.0128343159369769,3
"20687",4.14190881241147e-06,0.11470264475126,6.48948992037568e-07,2.17305227254334e-06,0.885258381368736,3.20099699267752e-05,5
"20689",0.129006073959637,6.51441239507111e-07,0.870933458683896,1.29608665940037e-05,7.7676880586406e-09,4.68472809454469e-05,3
"20691",2.05608369121005e-07,0.000273304555837349,2.47302399186223e-08,4.33372924990052e-07,0.999725838060801,1.93671827233219e-07,5
"20693",0.998596559953077,5.48927768841945e-06,0.00128870705423056,3.59721543840543e-08,1.10642021204851e-09,0.000109206636429289,1
"20695",8.58267992666074e-05,0.997880671014952,4.0867416225661e-06,1.15094833111861e-05,0.00137054688412195,0.000647359076725701,2
"20697",0.999451360718245,7.02750459698841e-05,0.000275090159058709,5.79284576258016e-10,2.72289623004108e-05,0.000176044535141874,1
"20699",0.363565198515625,0.615507426889306,4.62282282281927e-06,0.0165108966516396,7.68500346641628e-05,0.00433500508594213,2
"20701",0.881095719257708,0.0349464690493747,0.000122663233527214,0.000599882343980928,1.79331524558424e-07,0.0832350867838851,1
"20703",6.84386461992718e-06,0.0135648632274521,0.000389989304896945,0.977033875515395,0.000109010470976026,0.00889541761665963,4
"20705",0.97949914013744,0.000791662526382148,0.00366232686858514,5.28643797846962e-08,7.01237441846795e-08,0.0160467474794685,1
"20707",0.00312436983592877,0.977671908441772,0.000152084210721306,4.28568046870297e-06,6.88070863324548e-06,0.0190404711224761,2
"20709",0.0282564591468029,0.0881492168868867,3.23245089234027e-06,0.000319580475307812,0.88269427276835,0.000577238271760796,5
