"","V1","V2","V3","V4","V5","V6","result$classification"
"19812",0.0378370897580485,2.64122027855306e-06,0.944355309587318,0.000467051605880158,0.0172196013927783,0.000118306435697063,3
"19814",0.000810816399050853,0.00269772484780935,0.995232526111651,9.81332413721669e-06,0.00124471979545804,4.39952189345912e-06,3
"19816",0.00764822910411271,1.48731020329568e-06,0.0138571456855389,4.02999684452854e-06,0.978413768889046,7.53390142544152e-05,5
"19818",0.000481631103407901,0.00956344004425621,0.954045576709899,2.94670467018085e-05,0.0358368650323933,4.3020063341683e-05,3
"19820",0.000133079313374798,2.3252389221605e-09,2.56703566850109e-07,4.34294999460627e-05,0.999823189433144,4.27247294603489e-08,5
"19822",0.0282379462690742,4.36950274291578e-06,7.09774831912788e-06,0.0557261910146586,0.916023053121336,1.34234386877735e-06,5
"19824",9.03265119239694e-06,0.00110780244086329,0.000613994346652203,4.17595455405426e-05,0.998077957925055,0.00014945309069656,5
"19826",0.112858471891777,5.75895859109917e-05,0.845409178921099,7.58186182667421e-06,0.0272119668858304,0.0144552108535565,3
"19828",0.000161211845654361,2.13241079151294e-06,0.000499058674311845,0.00024728078033141,0.999090060113846,2.5617506477593e-07,5
"19830",0.0841714319966383,0.000166268351873047,0.913430231934245,0.000246970100620735,0.00014683934333264,0.00183825827329033,3
"19832",0.0355519511163578,2.8848486406581e-06,0.221267630184316,0.629680329797806,0.113488022457026,9.18159585374273e-06,4
"19834",0.65631813337261,0.000147671035371602,0.0318298895877573,0.00412272309461864,0.307580329406028,1.25350361500492e-06,1
"19836",0.0119510604836233,2.88203114234832e-06,0.565734480200249,0.000181635337739543,0.293130017683955,0.128999924263291,3
"19838",0.000940385395815703,0.000575072804347731,0.998413719754064,3.39238185622436e-05,2.7329807123329e-05,9.56842008747399e-06,3
"19840",0.707755518256495,7.0688592123866e-06,0.0494005486870667,7.33401266805739e-06,0.241660707457711,0.00116882272684645,1
"19842",0.000728527144609783,1.67109928229079e-05,0.0475617796195009,9.46325076969903e-08,3.90389117911168e-06,0.95168898371938,6
"19844",3.94898085859749e-07,0.999949434738787,1.91795192541636e-05,4.09286704634294e-08,7.30292921663702e-06,2.36469859865192e-05,2
"19846",1.35848351117701e-05,0.099674046117055,0.894940734726288,8.93768998047901e-08,5.90786975940896e-06,0.00536563707488614,3
"19848",3.21053886772706e-05,0.0383328067027606,0.961301541537191,3.28141231629309e-07,8.75076870952925e-06,0.000324467461430428,3
"19850",0.000178540564630174,0.242865042564391,0.756747695287237,2.23967288787922e-06,0.000130995480413476,7.54864304412193e-05,3
"19852",0.0080250493678467,0.000519886069068862,0.33166869898299,0.000150969364159478,0.659614851872789,2.05443431451119e-05,5
"19854",8.95368382668073e-05,0.0041168604320769,0.995702591585659,7.91681226154842e-07,8.17471881950289e-06,8.20447439513826e-05,3
"19856",0.000629116720043051,0.981818541186321,0.0168480334320756,8.72015878333383e-06,0.000472265923404686,0.000223322579372131,2
"19858",0.000125589057555295,0.977250109279738,0.00274854109529683,0.000111013741303867,0.0197373832556695,2.73635704364816e-05,2
"19860",0.161807744874405,5.61079708658989e-05,0.584435073260669,6.91422721370106e-05,0.253583816395825,4.81152260982023e-05,3
"19862",3.69384233273301e-05,0.00500029816141639,0.975916700780374,9.73839187048926e-08,2.76963771727885e-06,0.0190431956132465,3
"19864",1.49957168878995e-06,2.37044860953143e-06,7.38531211155161e-06,7.98688063039336e-08,1.94732156862732e-05,0.999969191583097,6
"19866",0.0732941329965116,1.47337425194678e-06,0.00258057549396846,1.08561001841868e-05,0.903340773824045,0.0207721882110392,5
"19868",0.00656584094530417,8.1806359386605e-05,7.78497569280185e-05,0.993268468522205,5.60275908454295e-06,4.31657091363534e-07,4
"19870",5.70836947430567e-05,0.00206546788856391,0.996289058559032,1.39269513588539e-06,0.000189839793340021,0.00139715736918479,3
"19873",0.0013707403901461,0.000780861197479743,0.973948260898571,4.86244772323666e-06,0.021724015099101,0.00217125996697923,3
"19875",0.0305367815163757,8.12482815419586e-08,0.00260208782178946,0.00026699417891945,0.966593113177099,9.42057534627334e-07,5
"19877",0.00422725418385544,0.00207926722963726,0.991217236758191,1.29350972550541e-05,0.00235662321647221,0.000106683514589449,3
"19879",0.0245665149587632,0.00552575109742784,0.710753678264546,0.000968378411900199,0.257959170409396,0.000226506857966687,3
"19881",0.0041635549762699,0.00138125780731944,0.960713117719492,6.74800679141307e-06,0.00807124313890558,0.0256640783512215,3
"19883",0.00195685031381931,8.50659803025866e-05,0.680914518780191,7.62208117099424e-07,0.00266268231545963,0.31438012040211,3
"19899",0.931521734641845,5.31442368001319e-06,0.0392281594972416,0.000416292811507669,0.0285885479647736,0.000239950660952057,1
"19908",0.981051318483683,0.000260371895269333,0.000216473565235491,0.000828475937528144,0.00305766231492407,0.0145856978033602,1
"19910",0.00170787719989295,0.000329117669237192,0.66068019649518,4.92967735462698e-05,0.336842667127126,0.000390844735017753,3
"19912",0.00595681654037894,0.00083678621575979,0.383758852126195,2.87504385374505e-07,1.0224210870831e-05,0.60943703340241,6
"19914",0.40700963937484,0.00102301617664118,0.480585820862596,0.00240381664360034,0.108881518348386,9.61885939367102e-05,3
"19916",0.000537111983296167,0.000333007771450516,0.000291716162737796,5.22180479015219e-05,0.791610881664792,0.207175064369822,5
"19918",4.81974829782789e-05,0.0822030563895327,0.914774277020479,1.2940040920356e-07,0.000262704203660291,0.00271163550294099,3
"19920",0.000100012227440566,0.876633428822907,0.12320464886365,7.66013666102903e-08,1.51643454965464e-05,4.66691391387279e-05,2
"19922",0.000110765635974159,1.33968917595079e-05,0.237193157296703,0.752122394666398,0.0105508627387287,9.42277043666072e-06,4
"19924",0.00535035927611904,0.0279143632185153,0.960403953405451,5.79667601736315e-06,0.00610579619174312,0.000219731232154641,3
"19926",0.730109885569355,5.71233876657747e-07,0.0872773878391667,0.00565917737652837,0.169012724595355,0.00794025338571766,1
"19928",1.75554176279735e-07,1.47440975075558e-06,1.14361875136113e-06,4.95504118180298e-09,4.51579352185765e-08,0.999997156304345,6
"19930",0.000126961721101967,0.000126956528630651,0.999202310180637,5.49708987340302e-06,0.000469730994649575,6.85434851070938e-05,3
"19932",0.000117586431713661,0.00138587753963549,0.998451856091927,3.01338880366961e-06,1.86269729587663e-05,2.30395749613665e-05,3
"19934",0.029437431941587,0.000116327284863867,0.0283582820528438,0.0018264680170046,0.940260363016975,1.12768672535655e-06,5
"19936",0.0494087321229755,0.000173737091263279,0.943609190152539,0.000283017148057082,0.00649383836653987,3.14851186254264e-05,3
"19938",0.117307292046829,4.83519995242629e-05,0.000226031187806756,0.00179520264931458,0.880612295353896,1.08267626296649e-05,5
"19940",0.000373593474225556,0.00048563303963804,0.896580089463973,6.46186190139731e-06,0.0743735549631844,0.0281806671970778,3
"19942",1.4199114015751e-05,4.32418956618465e-07,1.01598648396158e-05,2.11400047011019e-09,7.71465508019728e-07,0.99997443502268,6
"19944",0.0137447650231458,3.5363276217003e-05,0.219337329334808,5.24688872252172e-05,0.765439537478215,0.00139053600038874,5
"19946",0.00650981035068031,0.0193577988688298,0.889170674120845,4.49394933308824e-05,0.0847457737107638,0.000171003455550539,3
"19948",1.97235567145555e-07,1.56526116623979e-06,4.18738137863369e-05,7.15900694574591e-10,8.40212517917717e-07,0.999955522761062,6
"19950",1.00202399290332e-06,0.998248110147018,0.00174964031914664,8.28221831691196e-08,3.56151454940719e-07,8.08536204188383e-07,2
"19952",1.97235567145555e-07,1.56526116623979e-06,4.18738137863369e-05,7.15900694574591e-10,8.40212517917717e-07,0.999955522761062,6
"19954",7.33060865017729e-05,0.000602868231604225,0.999165129733986,1.46338937813508e-06,8.51563584226149e-05,7.20762001071496e-05,3
"19956",0.130480405172406,0.693242307985187,0.16519888385842,4.04332690196215e-05,4.98570361633097e-06,0.0110329840113507,2
"19958",9.99063863493815e-07,0.00036857558356509,0.00178261821805814,0.997773752749038,7.29803483737057e-05,1.07403710114661e-06,4
"19962",0.0173457463143959,0.199210995106515,0.620738875640914,0.00202059523690701,0.160274555087202,0.000409232614065474,3
"19964",0.000152865508044457,0.0115047980643272,0.921498037195288,1.68808920183919e-05,0.0413181339015723,0.0255092844387494,3
"19966",0.0269167462652484,3.40954342770956e-08,7.87621545192065e-05,4.54015741635502e-05,0.968580820512518,0.00437823539811667,5
"19969",0.00531075794412916,0.000111064834139884,0.983144928988756,1.30947492935428e-06,0.000360832513930777,0.0110711062441152,3
"19972",9.63580427256813e-05,0.0567015201615303,0.802013717086848,1.20800923353637e-06,0.000483931845766053,0.140703264853896,3
"19974",3.79924972006121e-06,0.869862820756433,0.0882856369501628,9.43084475500153e-09,5.80817807187566e-07,0.0418471527950324,2
"19976",0.00286276441711814,0.041411547745986,0.944576911964463,8.56063146950475e-06,0.0108284767686143,0.000311738472348436,3
"19978",0.000921509773355568,0.000432644790570894,0.231504834269215,5.0761411240855e-06,0.766009091233596,0.00112684379213796,5
"19980",4.31320468253485e-05,0.190595695659699,0.809289591413166,7.01697927606016e-07,6.43907996119773e-06,6.44401024199866e-05,3
"19982",0.0012783211528591,0.85095174499772,0.147630068025615,1.3501273487304e-05,0.000107812967675074,1.85515826440301e-05,2
"19984",2.07522108881152e-06,0.999623139442149,0.000362476653782011,5.18370669300582e-08,7.73854786877036e-06,4.51829804482762e-06,2
"19986",0.00552390528247725,3.36997829073049e-09,1.67246764215985e-06,0.000226722213226292,0.994247189586419,5.07080256685895e-07,5
"19988",0.000811026759535621,1.92994071291317e-09,1.2527140305812e-07,0.000403119475180509,0.998785707742922,1.88210179063599e-08,5
"19992",0.0182730928189027,1.97133131247861e-07,2.70756018336353e-06,0.000372465587181918,0.981351521564986,1.53356151742594e-08,5
"19994",0.000509314542302485,3.05495614337673e-05,0.998798774474435,1.92792150178695e-05,0.000593004265380962,4.90779414298624e-05,3
"19996",0.000477887766348064,9.52027078591732e-08,5.09553819984448e-06,4.21525412407603e-05,0.999474758129622,1.0821881716475e-08,5
"19998",0.452337234321579,0.00698170335571823,0.126981835462106,4.57659185075024e-05,0.0198760307798672,0.393777430162222,1
"20000",0.268988396529109,0.000520550389691942,0.71792924150744,0.00797523466803788,4.22595101635132e-05,0.00454431739555748,3
"20003",0.00786811437898551,2.12529410415338e-06,0.986494114437027,0.000124452151733366,0.00467569465460837,0.000835499083541354,3
"20005",3.33332259185962e-05,0.0345888716287928,0.962746247687577,9.52426390648918e-08,4.2719916222862e-06,0.00262718022345004,3
"20007",0.36734825623033,0.000825832404104552,0.219877544182356,0.00134866841274189,0.410573523343592,2.61754268758744e-05,5
"20009",0.000820836755812427,0.000228698660170241,0.000328850020014171,0.000513097431735606,0.997839687994741,0.000268829137526716,5
"20011",0.000863399738604945,0.00875893876309608,0.956804635395335,4.07888922428521e-06,0.00340802446053902,0.0301609227532003,3
"20013",0.0139265029886239,0.0976320408776737,0.88808932871829,6.97655147801945e-06,0.000324851695645222,2.0299168288826e-05,3
"20016",0.00462292556642627,7.2625005499842e-06,9.22017994988289e-06,0.00399188513480149,0.991367832812868,8.73805404647774e-07,5
"20018",1.71279193734839e-05,9.01401314250803e-10,5.49389335314739e-09,0.994860912028247,0.00512194478707482,8.87001019266092e-09,4
"20021",0.000556273920125301,8.25518170207845e-08,0.00768450394372265,0.000314635406398633,0.991435360806723,9.14337121307445e-06,5
"20023",0.058697110105164,9.41270093269881e-05,0.0532476361566946,0.000999119838280263,0.886935236140374,2.67707501603153e-05,5
"20025",0.000764846453362721,6.41689857171878e-08,1.40907061801683e-05,0.499198557125371,0.500021478882071,9.62664029273711e-07,5
"20027",0.0141020063903011,2.58474112145588e-05,0.624486914865628,1.41110283284985e-06,9.39886646766874e-05,0.361289831565347,3
"20029",0.000676312604304391,0.0138207210296268,0.972546391557424,5.48347107226634e-08,2.37433504051062e-05,0.0129327766235295,3
"20032",0.000522794171531668,1.80042961849352e-05,0.991959394625392,4.2276727787938e-06,9.2727309983477e-05,0.00740285192412896,3
"20034",5.68179965168026e-07,3.22488842365942e-07,0.000167160464784474,5.45048059945983e-09,4.11040083334199e-06,0.999827833015094,6
"20036",0.956157867810254,0.0163299033799674,0.026028403516141,3.36700297980943e-05,0.00123584886202218,0.000214306401817398,1
"20038",0.179352739737591,2.7139649523737e-09,0.000179824621114945,0.00465842624169899,0.815808641648155,3.65037474987142e-07,5
"20040",5.64386083738502e-05,2.90520544246465e-06,2.89846703079798e-06,0.0119398806382216,0.987895984243734,0.000101892837197489,5
"20043",0.00828721063328901,4.9762815016321e-07,0.00182381844346486,0.000612074536808044,0.989276263675009,1.35083278785473e-07,5
"20045",0.000110110999343316,8.2962649351022e-08,1.94802492142711e-07,0.0062770470599775,0.993612562105174,2.07036358620214e-09,5
"20048",1.90962828298751e-07,0.99996125190718,3.79900823032152e-05,4.58979784271793e-08,1.34005979595319e-07,3.87143730547694e-07,2
"20051",0.0899525613780149,0.0114503868119191,0.624251631127043,0.0144687574473507,0.259875262998262,1.40023740984181e-06,3
"20053",0.00198636638585006,0.000154125619014975,0.00816146413359429,5.16795991294728e-05,0.989565598060112,8.07662022997065e-05,5
"20055",0.848921403427722,1.6358126131271e-08,0.0066137978010974,0.0234740950490145,0.120973294505063,1.73928589768173e-05,1
"20057",3.46795967418039e-06,0.000837142749006026,8.09622637943858e-05,0.999046416835015,3.84946733172517e-07,3.16252457772132e-05,4
"20059",0.00157284110208886,1.72135153002427e-05,0.00694587683641821,0.00214173824342969,0.988968180560428,0.00035414974233511,5
"20061",0.0100135438147708,0.000117979443457673,0.0811494063056208,0.000255139373031333,0.90807785123056,0.000386079832559692,5
"20063",0.000363320678429123,0.99174946137601,1.43893406806438e-05,0.00019605294265952,0.00718017907623531,0.00049659658598556,2
"20065",0.000679610420163965,5.87351312353499e-11,1.98536044088376e-06,0.918239829328386,0.0810785712959536,3.53632024316267e-09,4
"20067",0.00172139080574486,0.00020294244861286,0.000180832098734329,0.0100800556975822,0.987814771198514,7.75081136025792e-09,5
"20069",7.26714913978677e-05,0.451855048381682,0.548038095320293,1.2848975635811e-06,9.82629046663716e-06,2.30736185970735e-05,3
"20071",0.993361907245552,2.307186025966e-05,0.00254283044020884,2.35698330064898e-05,0.00245104023394792,0.00159758038702509,1
"20073",5.23244873159542e-06,0.863748823988553,0.13496064418382,6.40947839928762e-07,0.000701723122896035,0.00058293530815896,2
"20075",0.00107593101603294,7.15169830544277e-07,0.000104378910841089,0.998816027913251,2.89085190120568e-06,5.6138143619791e-08,4
"20077",0.555313429096716,0.000281963689774436,0.00408083301097588,2.15096628738311e-05,0.440296281372916,5.98316674362505e-06,1
"20079",0.0114978767931621,0.826269685163549,0.0500982494665121,0.000869264402271875,0.111235178430457,2.97457440474689e-05,2
"20081",0.0511528367706082,6.02503853177378e-06,0.00516330781453597,0.154717862472295,0.788959923252614,4.46514149176687e-08,5
"20083",0.156551680509274,0.836076744788615,0.00442062933939748,0.000192132096905705,0.00120975545617279,0.00154905780963512,2
"20085",0.00149838888587268,5.08647351435596e-10,2.5485495532304e-07,0.00233682055517691,0.99616452803136,7.16398756815717e-09,5
"20088",0.00349264402696385,9.4892203504774e-08,0.000202782309454601,0.000742063736898886,0.995562373650234,4.13842452712531e-08,5
"20091",0.000222136719691735,1.49946917509252e-06,4.14864087962882e-05,0.998826979726321,0.000907896153887624,1.52212826524727e-09,4
"20095",0.000973504619744397,0.882950760588536,0.0132915764838206,0.000169685801393867,0.0598581788478984,0.042756293658607,2
"20097",0.00579317749702241,8.11728067237147e-10,5.18278371484392e-07,0.0102849775074914,0.98392132214719,3.75819662101433e-09,5
"20099",0.000108212651836419,0.00258525218080109,0.00141226658534953,1.48873477784689e-06,0.911734399392285,0.0841583804549504,5
"20102",0.000196251258240583,0.949383172917004,0.00158939563101041,0.0480759766569267,0.000754833136549078,3.70400269733231e-07,2
"20105",0.00087070837655454,0.000386416696127681,0.00351175772945984,0.000229486160178612,0.995001328248589,3.02789090443846e-07,5
"20107",0.0509217556861267,3.83074020491713e-07,0.000224128886826002,6.42844059978093e-05,0.948788362031415,1.0859156138004e-06,5
"20109",1.75124188231924e-05,0.179882456096302,0.0234562281564847,1.22994278720909e-05,0.795812684992174,0.000818818908343086,5
"20111",9.35237175021555e-05,0.00886581254213251,0.469364348519591,0.521563698622701,6.36069413202825e-05,4.90096567530185e-05,4
"20113",0.74179379646876,3.64340021418178e-07,0.00242947098293273,2.90571538366163e-05,0.250575801118366,0.00517150993608335,1
"20115",2.48551732188489e-05,0.000307913637387139,0.994121197852446,0.000158089992167959,5.80330016123402e-05,0.00532991034316812,3
"20117",0.020252887120364,4.14618232106002e-06,0.000717303730246901,0.564620457159019,0.0948871350777406,0.319518070730309,4
"20119",0.0372353515970432,1.76989734960089e-08,9.0344098173704e-05,1.940061211532e-05,0.943221968213492,0.0194329177802027,5
"20121",0.0357039373295086,1.30879473142843e-08,2.45853896379781e-05,0.000209037226014124,0.964061859052114,5.67914777890619e-07,5
"20123",0.000855301099708217,5.29832758811304e-09,6.82576236693553e-06,0.998631731698302,0.000506132645288563,3.49600649401598e-09,4
"20125",0.00111423041473849,0.0803924752580666,0.918396051551046,7.22975301234684e-06,7.65619218682359e-05,1.3451101267806e-05,3
"20127",9.06665504735215e-05,1.10404402101714e-06,3.55713390029368e-06,0.00018833353485412,0.999716300477527,3.82592238803928e-08,5
"20140",0.987495190245426,3.52590563664601e-08,0.00168114684368456,0.00560653683294984,0.00518431547873531,3.27753401478037e-05,1
"20142",9.05769750637974e-06,0.99491148394102,0.00507712416238709,1.8755793123139e-07,5.90781534147032e-07,1.55585962069843e-06,2
"20144",0.0235628309543267,0.00733282801911582,0.965718765921495,0.00326420547835239,4.40233864217118e-05,7.73462402882475e-05,3
"20146",0.361435397398242,0.34080028192866,0.29510435071576,0.000745224503257869,0.00187034178942532,4.440366465509e-05,1
"20148",0.0329336412461252,0.00018788635524372,0.962459996901401,4.33615425783554e-05,0.00435256002985201,2.25539247996934e-05,3
"20150",1.28015300017427e-05,0.438835492499452,0.557375799035664,6.10109416514115e-08,1.53837643402667e-06,0.0037743075475064,3
"20152",0.0320129558760664,0.000133588368123021,0.945075391241905,7.76277476310533e-05,0.0225898184379481,0.000110618328326492,3
"20154",0.000320472267438225,3.97586943783621e-06,4.59398214389803e-06,0.983115009196394,0.0165559484530159,2.31569898957348e-10,4
"20156",0.615270287449541,0.0435749880315826,0.0530341982035966,0.00440904587595886,0.283600391121253,0.000111089318068071,1
"20159",0.00018715983650988,0.564014288429706,0.435772874195998,2.327914846423e-06,9.37468061446127e-06,1.39749423248926e-05,2
"20161",0.00174612845108968,0.992535778179441,0.00541310631966928,1.29421706418428e-05,0.000203812453122621,8.82324260352997e-05,2
"20163",0.00157193491949632,4.335629220449e-06,0.960239978714234,0.000968779374921679,0.0360604351431318,0.00115453621899593,3
"20165",8.37894764339025e-06,0.992337496639777,0.000720645441135848,1.0961226963364e-05,0.00692150449670419,1.0132477761979e-06,2
"20167",0.000485606968211437,0.00602913439385405,0.99120742133003,2.74145512105654e-06,0.00226098895115364,1.41069016300116e-05,3
"20169",7.01787538047298e-07,0.999821571161525,0.00017704831230755,5.32696394405671e-08,1.53645737837831e-07,4.71823252313821e-07,2
"20171",0.000276771066504017,5.5470668624793e-06,2.61758375440926e-07,0.995648276762613,0.00406914322325951,1.22385552011188e-10,4
"20173",4.13893615206849e-05,0.240852997987113,0.00100349676741928,9.07120844602163e-06,0.0714556739678576,0.686637370707644,6
"20175",0.00213415890178904,0.00629354278414423,0.990505279639324,6.1871452459008e-06,0.000763063877373182,0.000297767652123749,3
"20177",0.00082652152654787,0.000133381986935303,0.00236649923009456,4.15980295395156e-06,0.580856749889778,0.415812687563691,5
"20180",0.00373475048348648,6.20674168453961e-11,1.62788636565955e-05,0.00186703278883976,0.994377216478238,4.72132371221384e-06,5
"20182",1.06333507146641e-07,0.997477206110177,0.000178836433378306,9.65537847769773e-06,1.57759834781523e-08,0.00233417996847595,2
"20184",0.000235323255723717,0.958826331574916,0.0408740739072428,6.76151716797452e-07,5.54415348187587e-05,8.15357558164104e-06,2
"20187",0.00513994396663395,0.00133389179727839,0.00143204935333119,1.66922650948927e-07,0.00312629166429402,0.988967656295812,6
"20189",0.000448893639749181,5.63555130697229e-06,0.0383945671351649,3.88333060404566e-06,0.949177242696113,0.0119697776470614,5
"20192",0.000182816615117787,2.30214055949316e-06,0.00276081622305221,0.161938919066598,0.819100331152088,0.0160148148025845,5
"20194",0.127029341524282,0.710729582289956,0.0420324682922958,5.05481940968579e-07,3.90113857604247e-05,0.120169091025765,2
"20196",0.00279689715507593,1.5405534353717e-07,5.22377476549836e-05,0.233654706942601,0.76349594436745,5.97318739573275e-08,5
"20198",0.175856343681764,0.000712834451224715,0.580378142867955,0.0035752418189157,0.238939609755717,0.0005378274244231,3
"20204",2.37187956968952e-05,0.408977057750621,0.590953711198735,4.48239653678706e-06,1.38116842293413e-05,2.72181741806451e-05,3
"20207",0.0239714397392062,3.99231709405743e-05,0.000138562668760093,0.0942489661864768,0.881601101888249,6.34636676065833e-09,5
"20209",0.0344132251246252,4.69605712720828e-06,0.836026424040712,0.0468928471742672,0.000349858838552368,0.0823129487647157,3
"20211",0.00192709180884771,5.36054945489845e-08,1.95835686056255e-05,0.997648548478342,0.00040472245386992,8.48404269749613e-11,4
"20215",0.829263020943263,1.07215832458426e-05,0.00208535516839983,0.000111538886144022,0.168527404434748,1.95898419834141e-06,1
"20218",4.84759968748581e-06,0.979114930417459,0.0208764207174011,2.51926792876299e-07,1.26361155967358e-06,2.28572709979676e-06,2
"20222",0.0435752819459688,9.5830460720355e-05,0.00619582029289368,0.0698201813511752,0.880312825251012,6.06982299623142e-08,5
"20225",0.0520298043902985,0.0289480777013524,0.918310933532447,0.000211118854241884,8.38362188501546e-05,0.000416229302810434,3
"20229",0.997407479342754,8.25839343729772e-06,0.00219397628729209,0.000277438219681678,0.000100782640771277,1.2065116063995e-05,1
"20232",0.687861708492871,8.81623683417945e-06,0.028173495279324,0.00544458822802271,0.278491321750772,2.00700121761956e-05,1
"20234",3.53400951566557e-05,6.46464394231315e-10,1.64737275540227e-07,0.142537611827037,0.857425962917719,9.19776347294386e-07,5
"20238",0.00778102844460262,7.20781235929604e-06,0.000206999919303344,0.000838610022321564,0.991165515571951,6.38229461811715e-07,5
"20253",0.599233751058189,8.56271187026328e-07,3.55505844571993e-05,0.000161502307224589,0.400567613891801,7.25887141675499e-07,1
"20255",0.0026426543458471,0.000182185475841929,0.996879649434897,0.000171075828141366,0.000120780700480902,3.65421479203041e-06,3
"20258",3.79829775112396e-05,2.10031267598153e-08,5.6674289614953e-05,3.41106589015755e-05,0.99987049302584,7.18045005319644e-07,5
"20269",2.44081365426631e-05,0.0238900051581932,0.0266011668898011,6.22997318114989e-05,0.949393633827314,2.84862563375851e-05,5
"20271",0.000107131219185067,8.35251572658359e-08,0.00014283522032399,7.95633327372617e-06,0.993406010047171,0.00633598365488926,5
"20285",0.0107175098236116,0.000949474747981948,0.0240092366291194,3.35122802326053e-06,0.00253758195351455,0.961782845617749,6
"20288",0.740294670777546,3.45890014352333e-05,0.00458057303809401,0.000355109339926001,0.254732213657017,2.84418598177024e-06,1
"20291",0.00388872014417737,1.82892055353196e-06,0.000107297414790948,0.296897575806975,0.699104261783183,3.15930320741053e-07,5
"20295",1.79122142107965e-05,0.00857412595479952,0.0589362571223392,0.000114038702243664,0.82858687552282,0.103770790483587,5
"20298",0.000361924969693748,0.00251304496393838,0.997035949183236,1.01084758107145e-06,1.09221840706092e-05,7.71478514796476e-05,3
"20302",5.9031637925703e-05,0.577156447161506,0.419501722978463,3.02315306785084e-06,0.000723627258188423,0.00255614781084948,2
"20305",9.28787555126466e-05,0.000368265888175866,0.997663104537473,4.20753757858362e-07,9.13876122451241e-06,0.00186619130385632,3
"20307",0.000807906710766791,1.78080947761267e-08,7.47328921452495e-06,0.000275248623857751,0.998909343263911,1.030415571335e-08,5
"20310",0.000133891341317453,1.41916761098233e-08,1.56073469450744e-07,0.0014281612173049,0.998437601152539,1.76023692989351e-07,5
"20313",1.69718910208776e-07,0.999344366834151,0.000640955734038773,4.67317099116742e-09,4.93518447345879e-08,1.44536878841561e-05,2
"20315",0.00816179624131621,2.70260545488478e-07,0.000283797393558213,5.46981209246005e-05,0.991488844887067,1.05930965884114e-05,5
"20319",0.0235918042180542,9.68544145928948e-08,7.13390428816373e-05,0.694483804084394,0.281852847947729,1.07852526292259e-07,4
"20321",0.00525953618553265,5.409749656584e-06,3.08060119012135e-05,3.20455349456025e-05,0.994671536358034,6.66159930437294e-07,5
"20327",1.69762177227663e-05,6.30219167627158e-08,1.54286845102102e-05,4.10972895801307e-06,0.999951245368929,1.21769779636272e-05,5
"20329",5.0793279862756e-06,5.98791979543433e-05,0.000103233937563391,2.60801582769862e-10,4.32250362756913e-07,0.999831375025332,6
"20335",0.000519919925700594,8.2104352810083e-07,7.90260232991041e-06,0.130678443845979,0.868792911941438,6.41025142933188e-10,5
"20337",8.57273550146058e-05,0.181329705260471,0.818551643423319,2.75636250722014e-06,1.54553153260503e-05,1.47122833616975e-05,3
"20339",0.425382557157132,1.92104183334363e-06,0.00350892447539456,0.568189036375288,0.00262868527985447,0.000288875670498132,4
"20341",0.00263493527583206,0.000417771207860824,1.79881950467216e-05,0.981592645372843,0.0153366534485125,6.49990510193024e-09,4
"20343",0.000605854231688262,6.55119655017053e-05,6.58355006324647e-06,0.00719766999144714,0.992124319717155,6.05441443963348e-08,5
"20345",0.0102952939272203,4.66201863887435e-06,0.957343621189772,1.95400158919589e-05,0.00294424821186629,0.0293926346366108,3
"20350",0.98413367157362,0.00113675470614494,0.00224893361356709,0.00455463638584995,0.00770898754459894,0.000217016176219323,1
"20352",2.87164906128759e-07,0.999561494456693,0.000436811466617474,7.86974443491622e-08,9.09511647818246e-07,4.1870269100433e-07,2
"20355",0.000541991854973953,0.975029769969452,0.0223732279185479,8.40353268969421e-05,0.00186432764445894,0.000106647285670618,2
"20358",3.4603070460491e-05,0.0106849249934113,0.0212543328622687,1.08090023812066e-08,6.34934852789504e-06,0.968019778916329,6
"20363",0.00544001962089194,3.8639330718413e-06,0.000146057259122699,3.30901738740113e-05,0.994376765712434,2.03300605156237e-07,5
"20365",0.0992046440884887,1.11593072861685e-06,0.0219110178013545,0.589134490719927,0.289748401955105,3.29504395825351e-07,4
"20379",0.000304408318110635,0.000611937089547696,0.998362486167964,0.00027632239979385,0.000160605097134047,0.000284240927449484,3
"20387",0.000171077010652408,9.67312882558222e-08,0.000271889313467604,0.00112170756131961,0.998435183782645,4.56006276206075e-08,5
"20392",0.000210885388781741,2.78796877261178e-09,5.73109816353519e-06,0.998796269200608,0.000987111437367274,8.71108276896847e-11,4
"20395",0.290518702017608,0.000780522609085069,0.700943130720461,8.06949691641455e-05,0.0076400292975034,3.69203861784162e-05,3
"20397",1.8605197000031e-07,0.0044974831323049,3.81426873903699e-05,1.22098168981218e-09,5.02716359706262e-08,0.995464136635717,6
"20410",0.00107691474231901,1.05321405864796e-08,0.00485257173636569,0.000380764434608712,0.993478341631335,0.000211396923230921,5
"20414",2.12895359062394e-05,0.175293856010883,0.824039882164763,3.01003900830001e-06,0.000560590879922981,8.13713695166215e-05,3
"20417",0.000282648343681773,4.92349046000804e-09,3.3478995402319e-08,0.943717225736106,0.0559816913623709,1.83961553560947e-05,4
"20419",0.000104546321394431,4.45304010318577e-07,7.63328369057105e-06,5.74461105122506e-07,0.999879937047507,6.86358229246093e-06,5
"20421",0.000744496245847228,0.660617679976037,0.325866949578305,0.0106637226799656,0.00210004268297849,7.10883686680204e-06,2
"20423",0.000146894016058133,0.276513308040019,0.723188292576357,4.28002852457544e-05,0.000100973349698451,7.73173262207816e-06,3
"20425",0.0278392347993267,0.649105717254227,0.322729931758939,0.000123791475144602,0.000198729603501396,2.59510886141656e-06,2
"20427",0.00530161920092675,0.000171024867876807,0.960695246371462,1.43681447135782e-05,0.0337534856471817,6.42557678393684e-05,3
"20429",0.0176784124146546,0.000187008625321877,5.83427890143655e-05,0.00207256478094631,0.979928668919143,7.50024709201984e-05,5
"20432",1.2204038409553e-05,0.765481829830884,0.233904549971023,1.34819011482508e-07,2.62940234013479e-05,0.000574987317270904,2
"20435",0.120017223887402,6.05627723708296e-06,0.121256962210304,0.0171546578485185,0.741391108609951,0.000173991166587407,5
"20438",0.0415124250082034,0.000297690751589587,0.000144342079592992,5.57175420795437e-06,0.95800348763297,3.64827734361763e-05,5
"20440",1.44132362755874e-05,5.73020005366023e-06,5.60973416523669e-05,1.27186190468124e-05,0.999905120206853,5.92039611891052e-06,5
"20443",0.000794656090317788,0.998424266559153,0.000719660000660649,5.27604991843309e-06,5.36188944601004e-05,2.52240549040767e-06,2
"20446",0.00704285589170497,0.00296346385505429,0.422655213521946,0.00121234738817697,0.564072902914812,0.00205321642830536,5
"20449",0.786142990821475,5.43660256998046e-06,0.0327174117962463,0.00242613040091132,0.178663932750405,4.40976283922492e-05,1
"20537",0.000531333926918234,9.72084368364239e-05,0.00455890030657346,0.334274764966513,0.660536846837006,9.45526152666839e-07,5
"20540",8.36104276244969e-06,1.2404958842287e-09,2.24500444518673e-06,0.996523875224058,0.00346551577273345,1.71550471901088e-09,4
"20543",0.00181874775385723,0.00226213840412741,0.826661723511338,0.000450519463258845,0.168764733522821,4.2137344597825e-05,3
"20545",5.00669165412808e-05,1.26594657735814e-07,1.26155087814225e-05,0.999556953225391,0.000380237718814691,3.58133589781133e-11,4
"20549",0.00194777133140964,0.00915324792716739,0.956687822313767,0.00235950962016094,0.029850346938447,1.30186904847016e-06,3
"20551",0.061740514094778,9.33876272738856e-05,0.0156326576588469,0.00099700872033085,0.921536226369026,2.05529744101883e-07,5
"20554",3.45337455237964e-05,3.41582590305621e-06,0.00240039754431428,6.21763212563808e-05,0.997496174582691,3.30198031205759e-06,5
"20556",0.938435743784434,0.000137778065774654,0.0446023641082414,0.00680425291082044,0.0100196041283958,2.57002333836301e-07,1
"20558",0.000258431966322606,9.94799690971156e-08,2.45315327508872e-05,9.33147879039205e-05,0.999623604860111,1.73729424713499e-08,5
"20560",0.00759216938945735,0.00309006809504889,0.0125883141661424,3.83964968534748e-05,0.97669019237604,8.59476457611399e-07,5
"20563",2.10861221759605e-05,2.76443756416693e-07,2.57513764494039e-06,0.000137711284300495,0.999838298919689,5.20924334131286e-08,5
"20565",0.169981577532089,0.024331196356581,0.0839970203776061,0.000571377669262121,0.721113820016908,5.00804755418682e-06,5
"20567",0.000322878128143755,0.899531168622833,0.099917699080467,4.20006582844883e-07,2.98508391438554e-05,0.000197983322829331,2
"20571",0.983765266327523,1.09477162348162e-06,8.60478416655243e-06,0.000272661770040054,0.0159398308247738,1.25415218728204e-05,1
"20573",0.126486219391247,0.000490595720300861,0.0277241565071174,0.00257185196205307,0.842725460777269,1.71564201312592e-06,5
"20575",0.000171856488415374,5.89223763480553e-08,5.81123517292011e-06,5.65407901867396e-05,0.99976499734061,7.35223238493333e-07,5
"20577",0.702739778477402,3.15550004499368e-05,0.267933433480944,0.000387894002911984,0.0286531818548629,0.000254157183429196,1
"20579",3.84104143695811e-06,0.877003033795104,0.00107517566460584,3.15700897833513e-09,6.85963630949398e-07,0.121917260378213,2
"20582",0.000272195520570781,1.46975662631236e-08,2.63089841460479e-06,6.38733651178834e-05,0.999661243740626,4.17777049922972e-08,5
"20585",0.0266266466627898,6.76087157427791e-07,0.00828168081400788,0.913935746617084,0.0511552300519161,1.97670444345719e-08,4
"20588",0.0778263591619085,0.000147805058255849,0.0059923150381853,0.911721579431334,0.00431074615340268,1.19515691321864e-06,4
"20590",1.59317327122114e-06,0.993710759999502,0.00456180184634476,1.77363174339183e-09,1.72677926624126e-07,0.00172567052932344,2
"20592",0.000444549213138973,5.82568292993245e-07,1.26001407013625e-06,3.69711432669051e-05,0.999516622249198,1.48120327059272e-08,5
"20594",0.000121273042548463,1.97794548725971e-09,5.11894608198035e-06,0.000212079085764397,0.999661192446412,3.34501247276809e-07,5
"20596",0.000836647763757178,0.000221303042761412,0.00503306832125014,1.77799018088545e-06,0.99279856651888,0.00110863636317039,5
"20598",0.0021028883402808,2.70556342183045e-06,0.00626273443239386,5.6013025543306e-05,0.991573231706072,2.42693228787189e-06,5
"20600",0.700918687748923,0.000551172094968166,0.0641857853521141,0.216248385251434,0.0180957546849133,2.14867647371035e-07,1
"20603",0.00929310906646414,0.00232069737481773,0.987107626833986,0.00103261513016605,0.000224874709581029,2.10768849849044e-05,3
"20605",0.0226344644667509,9.71184589139503e-09,0.000130711333491305,0.000219073045623949,0.977010860384676,4.88105761216119e-06,5
"20607",0.0286166950534761,2.49819811841916e-07,0.000517754540105164,4.2690221437245e-06,0.970833211122475,2.7820441988183e-05,5
"20609",0.000134767705635143,1.04989727660934e-05,0.011735572924224,6.71661608677233e-05,0.988043313988497,8.68024801042104e-06,5
"20611",0.000591556430273211,0.000134334535165499,0.987006694532808,5.03386387554309e-07,1.29259333964706e-05,0.0122539851819698,3
"20613",0.00136086451217996,4.49500169665712e-06,0.590508837145813,0.00261972864019634,0.405416672751959,8.94019481543096e-05,3
"20615",0.774711073575003,0.000740056231849412,0.165697260861475,0.0110302378691547,0.0478210811261593,2.90336358792574e-07,1
"20617",1.39578761581455e-06,0.997793989282255,0.00220331848535886,8.71867615099921e-08,3.61776408302779e-07,8.47481600794003e-07,2
"20619",0.0119513818194148,2.34328140361483e-06,6.07170060516091e-06,1.36773233425184e-05,0.988026001685952,5.24189281387206e-07,5
"20621",0.103940914127701,2.1482131873391e-05,0.00823555542253447,0.000172624128296759,0.887600978614794,2.84455748002819e-05,5
"20623",2.04313121220284e-05,0.989295905673414,0.00843770504069001,7.91841961097134e-08,0.00129895195407292,0.000946926835505412,2
"20625",0.0584351343125145,0.0400194119711203,0.888921303020853,0.0121874640218257,0.00042986656768951,6.82010599675711e-06,3
"20627",0.0510945809608306,2.11606900246577e-06,0.164611161984396,0.0002828974090633,0.783564521206708,0.000444722369999763,5
"20629",0.563674177278551,0.00040146412404014,0.0794324113305575,0.000873238789433794,0.355614961104218,3.74737319947954e-06,1
"20631",0.000597932818645553,4.4089827555925e-06,3.58891217620713e-06,6.12093316295434e-05,0.999332823690505,3.62642885042645e-08,5
"20633",1.02352578156864e-07,0.999582447055226,0.000334139400318474,2.13298958076144e-09,3.10801148057151e-08,8.32779787732622e-05,2
"20636",0.314084563059791,0.0215654871738297,0.604618723019478,1.12947492067699e-06,0.000275281312883665,0.0594548159590976,3
"20638",0.970600559275131,7.85839295779609e-06,0.0238106849362447,0.00170062522736282,0.00382224805582777,5.8024112475988e-05,1
"20640",0.0140202235175024,6.07764211944312e-09,0.0016067211976563,0.0883913885707263,0.895981146573188,5.14063285120709e-07,5
"20645",0.00158576675776676,1.02794515788239e-09,6.0838663566383e-07,0.00325504429234463,0.995158576961413,2.57389515665904e-09,5
"20647",2.69292350003824e-07,0.999960223756773,3.88955752044405e-05,5.16499131912464e-08,1.39428811451581e-07,4.20296947777152e-07,2
"20649",0.000714786307357834,4.41444612462732e-06,0.0144250213467166,0.00988507728862108,0.974969985747077,7.14864102424243e-07,5
"20651",0.00174201710172622,6.86677113713182e-06,1.86677471030713e-06,0.00193592601549424,0.996306731244229,6.59209270277795e-06,5
"20656",0.000113805093621075,1.25815668781083e-06,0.00071616838158683,0.0385286746539032,0.960639682389182,4.11325019008583e-07,5
"20660",0.00013386947159099,6.84752607383507e-07,0.0032849261097687,0.96299401724679,0.033240299013598,0.000346203405644909,4
"20662",0.00103484409766148,0.841347527518446,0.0539149622616009,5.78695124635097e-07,0.000172920883288312,0.103529166543879,2
"20664",0.00319204733126031,0.0888217434781466,0.0068474241566037,1.1521607917533e-05,0.895383206110425,0.00574405731564693,5
"20666",0.000254840882586536,2.68033402618382e-05,0.961136368629485,0.0383055965053529,0.00022047720745593,5.59134348572897e-05,3
"20668",3.80465076724272e-05,0.325066717147285,0.674712083268369,1.73809516121706e-07,3.35514034477335e-05,0.000149427863709915,3
"20670",0.00193680279013638,1.97085718873251e-06,0.000343400450751886,0.000186275759889452,0.997177910095645,0.000353640046388078,5
"20672",2.78966548268342e-05,0.315889281588597,0.684043995015611,8.63876683547236e-06,1.9445295306165e-05,1.07426788236022e-05,3
"20674",0.340417231325822,9.06166647436634e-05,0.0391609867752284,4.31185822644256e-05,0.620203609952128,8.44366998133435e-05,5
"20676",8.57895697781923e-06,0.00140730394981945,0.0384064154823843,3.62558208202151e-08,2.16264214567225e-07,0.960177449090783,6
"20678",5.03587427410424e-06,0.0172418912386594,0.0241394407090425,4.46006736334584e-09,2.64585106277117e-07,0.95861336313285,6
"20680",0.000161249369981743,0.198600130506244,0.800505124823599,1.01820902025662e-05,0.000714221516957032,9.09169301588349e-06,3
"20682",0.00161084782309008,0.000387379873026142,0.837685461134292,1.98432194220293e-06,0.00174427718081334,0.158570049666837,3
"20684",0.188211780172237,9.5023652209021e-06,0.0461455924953217,0.00219628964552159,0.695917307749632,0.0675195275720668,5
"20686",5.06580105047334e-06,0.977681267554746,0.0223092776208142,2.85366145776301e-07,2.00655351261272e-06,2.09710373042005e-06,2
"20688",4.79294084109469e-07,0.0249549954497336,0.000932762975955931,1.04876821034861e-09,9.23010902149658e-08,0.974111668930368,6
"20690",0.0583232879621132,4.1568735753754e-08,0.000683008493298056,0.91745161525919,0.023541090942753,9.55773909906843e-07,4
"20692",2.68324793436573e-07,0.972440840102175,0.00104316439872393,2.15790612725602e-09,7.26858437982297e-08,0.0265156523305584,2
"20694",0.00013006716857206,0.00843320886790701,0.991179749928382,3.50743813331299e-07,6.13519167005778e-06,0.000250488099655216,3
"20696",0.0107628238723917,0.00423449524882686,0.983810577780398,6.32313103010026e-06,0.000274003301348839,0.000911776666004198,3
"20698",0.876189033174757,0.00212770398484296,0.00840138409183722,0.00068337306984944,0.112596678889896,1.82678881684582e-06,1
"20700",0.00322081065878754,0.00227873768600598,0.000484874160719555,0.000159897150698833,0.993742704389722,0.000112975954066529,5
"20702",0.486786107453203,1.44550926674409e-08,2.21154519402004e-05,0.479306513394915,0.0338851988949557,5.03498930644067e-08,1
"20704",0.106443928650644,2.29649727975963e-05,0.13811817484684,0.00018311655977628,0.755176919392467,5.48955774751562e-05,5
"20706",0.748628150436352,0.00332578603865139,0.0953699055148466,0.000496998077284631,0.039755900276165,0.1124232596567,1
"20708",5.36428045524309e-06,0.000112006827988056,0.0340391211256626,1.46272047128889e-08,2.0458567897988e-06,0.9658414472819,6
"20710",0.284667834532124,8.09273659335143e-07,0.0292036549803415,0.308136668616866,0.377990652299362,3.80297646854086e-07,5
"20714",2.8519305496579e-05,0.990332150657078,0.00958734005801785,8.5337355216799e-09,8.08491476103595e-06,4.38965309115077e-05,2
