"","V1","V2","V3","V4","V5","best$classification"
"19811",0.928343316777074,1.07678110815065e-07,0.071258622549004,0.000389604567096046,8.34842871496111e-06,1
"19813",3.16283187051611e-12,2.78187047158836e-08,0.999999972175712,2.42037518859711e-12,1.3762029789916e-26,3
"19815",0.921057644837691,0.000657252989898659,0.0018431901090334,0.0764419120633764,7.70468180536006e-16,1
"19817",0.974621626583416,4.29757029507095e-06,0.000654557584746487,0.0247172824143165,2.23584722600692e-06,1
"19819",6.68114005394843e-35,0.819771936570009,0.000379567813140957,0.17984849561685,8.88686110468124e-34,2
"19821",0.166095660203647,1.71295591167366e-07,0.821141710760266,0.0127167342934739,4.57234470220317e-05,3
"19823",0.000161822012904029,0.999772913246162,5.38948377728179e-06,5.98752571562157e-05,6.82765964370691e-19,2
"19825",6.34835712349797e-38,2.43764793855866e-12,0.999999999385318,6.12244159198614e-10,3.07168079086147e-17,3
"19827",0.159142135865174,0.000250912943564009,0.00330357836784744,0.00718692088054071,0.830116451942874,5
"19829",2.86104122405176e-19,6.26840290267298e-06,0.114046949053505,0.885946782139084,4.04508693335718e-10,4
"19831",7.77236163236403e-26,0.931347967090034,0.00269022796116172,0.065961804948804,4.30014561429969e-43,2
"19833",9.15132076724923e-68,0.999999568727991,4.31272009316412e-07,3.50775531514393e-23,4.42796480118388e-55,2
"19835",0.166095660203647,1.71295591167366e-07,0.821141710760266,0.0127167342934739,4.57234470220317e-05,3
"19837",0.72089880522989,1.22117530756527e-06,0.00195576297039471,0.0318311550245678,0.24531305559984,1
"19839",9.23357179295114e-19,3.14733420072152e-07,0.988761984390591,0.0112376900732138,1.08027752454374e-08,3
"19841",3.18134194908941e-26,1.60785816213471e-08,0.89467538753225,2.48678762711783e-13,0.10532459638892,3
"19843",1.71004158694097e-37,3.85286952801926e-08,0.998897509081036,0.00110245239026877,7.3599747195483e-51,3
"19845",0.0884503311862118,1.47472814469428e-07,0.911549510312746,1.10282274313364e-08,1.41388402732473e-22,3
"19847",0.471044841160628,5.8626845961586e-07,0.473321073214756,0.0556334993561571,1.12364647116391e-19,3
"19849",1.2481334678901e-08,3.31614603330432e-08,0.999999954357186,1.88778616665097e-14,7.32527309712054e-24,3
"19851",0.997999279686404,2.5226130247256e-05,0.000847020624151377,0.00112830833372534,1.65225471374479e-07,1
"19853",0.0559856327903527,0.93240462797673,0.0116097387793758,4.5348884020487e-10,5.25638505449327e-14,2
"19855",0.997510285231203,0.00034527634176343,0.00207553067126293,6.19496013602581e-05,6.9581544100417e-06,1
"19857",0.265253410316248,1.35857230408332e-08,0.271401886201894,0.463330377245352,1.43126507836148e-05,4
"19859",0.848383402045153,7.59765419311441e-05,0.0108174957552246,0.140620408734839,0.000102716922851357,1
"19861",0.971035169133252,8.60725352380954e-07,0.0289561330824771,7.83703680567611e-06,2.21128026935565e-11,1
"19863",2.50189539452948e-19,1.3080130798594e-10,0.999999964767642,4.07882041013694e-22,3.51015568732596e-08,3
"19865",1.99383926330785e-05,3.24869560873661e-10,0.00109993307403147,5.02360941024422e-08,0.998880077972372,5
"19867",0.971051273630604,2.62695753355292e-07,0.0275957648179974,0.00135269885564512,8.50227787519545e-22,1
"19869",6.67233964690339e-05,3.34893490698137e-08,0.999933238326035,2.66187672434587e-12,4.78548531080907e-09,3
"19871",0.752053772952256,4.4991224512786e-05,0.00145170447054131,0.2368856814363,0.00956384991639098,1
"19874",0.989891973075739,7.25467171822099e-06,0.00894273606860701,3.69035075140453e-05,0.00112113267642157,1
"19876",0.999391954987408,2.81892306112662e-08,0.00050715275037041,8.21400898002859e-07,0.000100042672092769,1
"19878",4.44494248315418e-20,1.83294343716563e-07,0.89549674767102,0.104503069034637,1.09167324687192e-24,3
"19880",2.70360380398594e-07,1.61366386691459e-09,0.000231322197070307,2.01714843831388e-12,0.999768405826868,5
"19882",0.0128608537210919,5.31269817052283e-07,0.98713841079541,2.04213580704401e-07,1.0014019068609e-13,3
"19885",0.69137385783614,1.48637515058401e-07,0.00371417052310009,0.304911028178537,7.94824708169994e-07,1
"19907",0.433124192705863,4.95253594373424e-07,0.566547705689765,0.000327606350777817,1.46451893606947e-18,3
"19909",3.87927921109482e-11,3.12078877212578e-06,0.00802187807061383,0.991975001101821,9.27735213065668e-22,4
"19911",4.9420924400891e-14,2.02993536180594e-05,0.277256606592044,0.722723073340453,2.07138359137441e-08,4
"19913",4.01956000883263e-16,1.46513954498169e-08,0.000214635845188136,4.0146024387604e-15,0.999785349503412,5
"19915",0.017655586343364,1.42580724956068e-06,0.000240580353428038,3.01210856328451e-05,0.982072286410326,5
"19917",1.01179015813439e-05,1.11926467874126e-06,0.0115196768149076,3.95530184961646e-05,0.988429533000336,5
"19919",0.754420379607898,1.50834953279404e-05,0.00308669171727909,0.0297799992754581,0.212697845904037,1
"19921",0.996622195329191,6.07283836505325e-07,0.00112295716831767,0.00225424021330457,5.35014058195364e-12,1
"19923",1.48114393175649e-07,0.000756370740373366,0.892318063958981,0.106925417186252,3.29945431684492e-27,3
"19925",0.000901457421277733,2.02597010785405e-07,0.00118024798350581,1.40651364128104e-05,0.997904026861793,5
"19927",0.991328768996766,5.33673898886297e-05,0.000304940166223801,0.00831292340319261,4.39288643963399e-11,1
"19929",3.78728265350379e-13,2.57238855378104e-10,0.994134430142821,1.12723707630899e-20,0.00586556959956161,3
"19931",0.711497447532951,0.000197622758804231,0.0114134238416686,0.276891505847418,1.91586964960896e-11,1
"19933",2.72357013624005e-05,8.18135544093213e-05,0.00495279128086113,0.99493815933506,1.28307470567381e-10,4
"19935",0.00154827339664393,2.20704921834855e-09,0.440283314542913,0.558168409838393,1.50012846812056e-11,4
"19937",0.996029809832241,8.57589552049796e-05,0.000153209254870411,0.00373122195763704,4.63689046909009e-14,1
"19939",0.0556149390766427,9.40769046000659e-05,0.145156846009659,0.799134135887786,2.12131251482477e-09,4
"19941",1.70228113041051e-19,8.76753096676295e-07,0.937793960639638,0.0622051273625266,3.52447388535276e-08,3
"19943",6.88720531974026e-06,8.0297305164613e-07,0.000944452404756835,5.28309572518723e-09,0.999047852133776,5
"19945",4.28666365367919e-06,0.000134759537563044,0.0237038924061931,0.976157061388565,4.02502228886683e-12,4
"19947",4.67398567512711e-19,1.59780073436688e-06,0.999974985678982,2.33563258553443e-05,6.01944282255929e-08,3
"19949",1.01942904350951e-06,4.72109853700107e-05,0.266962588797122,0.732989180788464,3.82628754542124e-26,4
"19951",4.74971537823934e-05,1.79973749684521e-05,0.47648055604369,0.0476003681626636,0.475853581264895,3
"19953",7.40864352251895e-26,0.99832585862724,0.000175728836070009,0.00149841253669019,3.10598138512908e-47,2
"19955",1.31786019322692e-16,0.00858503701411089,0.731779011389459,0.25963595159643,3.24708225025733e-34,3
"19957",2.80924412825544e-05,0.831302259823924,0.140503113262621,0.0230849721756037,0.00508156229656894,2
"19960",6.06391283071276e-22,2.83637888944868e-08,0.810096915259626,0.189903056376585,1.74827662497304e-18,3
"19963",5.2193759657248e-39,0.999929400449628,7.05995503719797e-05,1.05011016859676e-18,7.91352157216497e-18,2
"19965",1.93090807507839e-28,0.000261311619704692,0.404590104360528,0.595148584019767,1.81914983219185e-39,4
"19968",9.1233686279833e-10,2.89777607642697e-16,0.998210864356866,8.21645654089236e-07,0.00178831308514221,3
"19971",1.51357179422976e-43,0.796034157451538,0.203965676421781,7.7133818890604e-12,1.6611896757828e-07,2
"19973",0.99084754712828,3.418489854627e-08,0.00101257910700824,0.00650927075253602,0.00163056882727714,1
"19975",0.000128753251890423,2.17439162159464e-10,0.0221751302223737,5.38952440289137e-05,0.977642221064268,5
"19977",1.99769832903194e-31,1.40838003427431e-05,0.999985915637753,1.53051781646055e-13,5.61751604938352e-10,3
"19979",1.77272944774718e-38,5.7975232757417e-05,0.0225648766815216,0.977377148085721,1.01285051604246e-26,4
"19981",0.0500464771806786,1.77832998042577e-05,0.00501911391225939,0.944916625591665,1.55929282277427e-11,4
"19983",0.0301478725764338,1.55153860400426e-06,0.0397068863940585,0.930143689490901,2.48259124096071e-15,4
"19985",0.72088169458178,7.058484647512e-08,0.00318484024728951,9.34302260669641e-06,0.275924051563477,1
"19987",0.0168331558237669,1.01675985269695e-06,0.100855596638548,0.874631080167083,0.0076791506107504,4
"19989",7.83877863155693e-27,0.000818738405225986,0.0157950518217813,0.983386209772993,1.71632018379243e-42,4
"19993",1.92078750214469e-09,2.02167702339828e-06,0.0387106691495408,0.961287200252497,1.07000150704193e-07,4
"19995",1.48041508647998e-08,6.96815393223267e-07,0.331626982951045,0.668372300722566,4.70684501123827e-09,4
"19997",0.997024790464518,1.83150716516025e-06,0.0013478685397907,0.00161178365353501,1.37258349907109e-05,1
"19999",0.00491046561593176,6.14511030213896e-08,0.00282962563629333,4.98846998489775e-06,0.992254858826687,5
"20002",2.58709685014341e-31,9.18868499841279e-11,0.999999999908097,4.48300228289226e-20,1.57001830438769e-14,3
"20004",3.30956236972209e-09,6.29653283586385e-09,0.23491553284166,0.765084457548998,3.24675775963201e-12,4
"20006",1.80145415498331e-25,1.58806603246541e-06,0.995672569378108,0.00432584255585926,1.40506078267293e-22,3
"20008",1.29826607432336e-23,3.37072570738019e-05,0.994801950208581,0.00516434253434481,2.18378308550066e-24,3
"20010",4.87536231949457e-10,0.000256786151678045,0.0786242440088424,0.921118969351943,3.20404226944604e-20,4
"20012",5.18107787182049e-07,5.56519204741335e-08,0.954946997412571,1.29262653881688e-06,0.0450511362011823,3
"20015",2.39682012487044e-29,1.58398617930137e-10,0.0336991559801078,0.966300843861494,1.14752553655605e-34,4
"20017",0.997987901973865,2.10212192906305e-08,0.00166939959076892,8.5235090177175e-05,0.000257442323969304,1
"20019",1.77751590835189e-49,6.39138758459768e-05,0.0812500339529116,0.918686052171242,3.92864995600581e-45,4
"20022",1.08797470824857e-09,2.30521777087259e-05,0.0254028840173086,0.974574062717008,1.61458582286298e-18,4
"20024",2.21618766786465e-46,0.458872808433654,0.539858652631012,0.00126853893533424,1.02221873074387e-64,3
"20026",2.21618766786465e-46,0.458872808433654,0.539858652631012,0.00126853893533424,1.02221873074387e-64,3
"20028",0.976664002423029,1.28740149572958e-06,0.00112226493524489,1.34587179612534e-05,0.0221989865222696,1
"20030",2.50457528123664e-25,8.39478104960482e-10,0.496529977603027,0.503470021557495,2.26258246792144e-19,4
"20033",0.0365290426179876,8.31264768649275e-05,0.00951606487776545,0.0986655612902161,0.855206204737166,5
"20035",3.34392697465436e-48,0.000110723252094237,0.0805261482024709,0.919363128545435,1.99135946664039e-49,4
"20037",6.20663444679939e-42,6.42318141868204e-05,0.0406325400836179,0.959303228102195,2.26665495743027e-51,4
"20039",6.66769171210807e-58,0.999999858802845,1.41174170478009e-07,2.29846058663399e-11,3.6609208999909e-92,2
"20041",1.48073064307447e-11,0.00276899968149931,0.151037098158572,0.846193902145122,6.50940412621871e-19,4
"20044",1.22429472627783e-15,0.0577666057242141,0.716390396188896,0.225842998086889,2.91237906070694e-16,3
"20047",2.35945796476283e-56,0.0412177847778277,0.204220217567319,0.754561997654854,6.71833682882459e-39,4
"20050",1.45238993044472e-19,0.396165787487836,0.0656085475295166,0.538225664982648,5.13919245744148e-21,4
"20052",0.0218795787768904,0.00169813631968936,0.0277275494018383,0.866470382623348,0.0822243528782337,4
"20054",5.89571244162629e-17,1.20479565576723e-09,0.0335034866374196,0.966496512157785,2.4029053595764e-20,4
"20056",8.66865935357837e-13,3.88127026224026e-07,0.196691422443424,2.02079864368466e-06,0.803306168630039,5
"20058",4.70876088271459e-26,4.73607713934485e-05,0.0389075935490228,0.961045045679584,2.51715522230442e-48,4
"20060",0.919098382002594,2.69491643810716e-07,0.040107421725057,0.0407939089252049,1.78555006383687e-08,1
"20062",0.0713018679165036,4.13702740730885e-06,0.0538462587223336,0.874847712872614,2.34611410909032e-08,4
"20064",3.37752110901756e-08,1.56301753641731e-06,0.0154843043625582,0.984514008052908,9.07917868508436e-08,4
"20066",8.02895844208997e-41,2.10159746926301e-07,0.400299847142078,0.599699942698175,4.72932756176092e-29,4
"20068",0.990593275005317,4.13497377473769e-08,0.0070229231344598,0.00238376049236208,1.81230834692298e-11,1
"20070",0.977198552470763,0.00524657222114104,0.00668396648056565,0.0108709088275307,1.02129234352683e-17,1
"20072",8.87036021912786e-25,6.08496274745615e-06,0.607739049629645,0.392254865407608,7.64077391120723e-46,3
"20074",7.12355610103423e-15,3.99391087330491e-10,0.00918420036216034,4.76133085736672e-19,0.990815799238442,5
"20076",1.67326856488126e-07,1.56871885440075e-10,0.994563792629674,0.000184246572376185,0.00525179331422199,3
"20078",3.22512406935103e-10,0.000229309400652858,0.0226965199101688,0.977074170366127,5.38800419921872e-13,4
"20080",5.61116366777825e-38,0.000112425958920736,0.0176234005910657,0.982264173450014,3.44862154490498e-33,4
"20082",1.12625264164509e-36,0.999994611292409,9.17619783115823e-08,5.29694561273691e-06,1.8851765947757e-49,2
"20084",9.43793400634431e-17,0.00805425957695741,0.142991921538613,0.848953296053545,5.22830884424695e-07,4
"20087",1.38030060800605e-09,5.88811344016958e-06,0.0845680612072462,0.915426049299013,1.49625987021765e-26,4
"20090",1.33162573486928e-36,0.00144331409214134,0.0389267430874427,0.959629942820416,6.89340852472683e-34,4
"20092",1.22906952288274e-13,0.99983206766812,7.92192900867464e-05,8.87130416701364e-05,3.48225908426969e-58,2
"20096",7.33890214236047e-09,0.987932904556341,0.00136040924843406,0.0107066788563232,7.89597813533767e-17,2
"20098",0.469802646032787,0.000135863663941482,0.00319785779063089,0.032499739758969,0.494363892753671,5
"20101",5.63103420742183e-30,0.0014036051230742,0.0683644582918866,0.930231936585003,3.61911472164836e-14,4
"20104",1.62953151640548e-13,0.999998841936991,1.15806266022108e-06,1.8585945304009e-13,2.9081447889751e-40,2
"20106",5.48167618464032e-19,1.2199295670495e-07,0.0254186712294049,0.974581206777325,3.13531838495245e-13,4
"20108",0.983454205397736,6.25828440393682e-07,0.00493728564549857,0.0115465720090677,6.1311119257263e-05,1
"20110",2.68409480320635e-10,0.827394483405491,0.140223886653527,0.0323803673881675,1.26228440542571e-06,2
"20112",4.00237595137662e-17,0.00210222263967189,0.0324644697244872,0.965433307635841,2.3331962194172e-19,4
"20114",4.42371505578441e-13,0.000349356254666849,0.0661635282402605,0.933467795800463,1.9319704166867e-05,4
"20116",1.2270002340132e-13,4.18889147564313e-08,0.13734120994654,0.862656499758422,2.24840600036841e-06,4
"20118",0.0228916963340408,0.000206251278794588,0.00296619994988953,0.962504831413256,0.0114310210240186,4
"20120",3.78471059341786e-21,0.00109282488175145,0.080594193873501,0.918312981244654,9.35926595676794e-14,4
"20122",1.31684354265006e-07,1.29612705995012e-09,0.00134194812035622,1.92833293772081e-08,0.998657899615833,5
"20124",2.90485961509296e-31,0.015297317845955,0.0488557126649228,0.935846969489122,1.33702693476708e-41,4
"20126",1.03420732169808e-52,0.999999909238253,9.01279120247671e-08,6.33835035382513e-10,3.14938360973094e-62,2
"20128",5.51451975911396e-78,0.99983781624577,0.000159851490032066,2.33226419820168e-06,2.86507504164427e-73,2
"20141",8.00842821455734e-07,0.999998506668034,4.51329967931413e-07,2.41159176768845e-07,1.0381550810847e-20,2
"20143",6.55763515404253e-24,1.56220375697746e-06,0.98773110908215,4.74271291058582e-15,0.0122673287140881,3
"20145",8.01084804752732e-11,0.000236211037560665,0.0201373889317867,0.979626399950541,2.84739332679299e-15,4
"20147",9.8051010805951e-12,2.6002927894124e-05,0.0111905451142386,0.98878345194804,2.18539390342523e-14,4
"20149",1.08375344902225e-05,1.5962444371122e-06,0.0048286162268616,2.50068035096183e-09,0.995158947493531,5
"20151",0.724162050916823,7.23564083977232e-07,0.00254032363212656,0.0100933997874911,0.263203502099475,1
"20153",4.85376720143456e-08,0.157540613916179,0.0335685895828871,0.00824847362851842,0.800642274334743,5
"20155",1.56096150464104e-21,1.54507195632934e-06,0.0226388280233342,0.97735962690471,5.86877562066968e-24,4
"20157",0.0728439932985654,2.36894889542236e-06,0.0381430720068509,0.000927230882857718,0.88808333486283,5
"20160",4.19567511143383e-14,3.09511772806689e-09,0.000103646333285851,4.16987574697156e-15,0.99989635057155,5
"20162",0.00015436139315813,7.68256583188621e-09,0.000239228821824119,1.43838215001192e-10,0.999606401958614,5
"20164",1.15416780154712e-07,0.000139907024288722,0.185959497760649,8.41343083234126e-05,0.813816345489959,5
"20166",1.29618009700126e-36,1.00401966922989e-10,0.999182696987165,0.000817302912432916,1.79132052909866e-19,3
"20168",5.43458923220372e-32,5.91794311805995e-13,0.999999999999404,4.39645078470989e-15,5.67676391792798e-25,3
"20170",0.000161021614443696,5.09420455181053e-05,0.000397702361203062,0.000920501004387351,0.998469832974448,5
"20172",1.52575903542351e-10,0.000229196194254074,0.00898208477610611,0.990788718877064,9.89580361199046e-28,4
"20174",0.960413450363757,7.50886289789278e-09,0.0384757591059497,5.96286399635733e-08,0.00111072339279021,1
"20176",1.69979210257706e-21,4.18868437825676e-08,0.999999957925711,1.874452082425e-10,3.78823653315656e-25,3
"20178",1.73225613055888e-15,8.78645917840089e-09,0.000152299908904893,1.09294630660791e-15,0.999847691304633,5
"20181",2.96386214239503e-29,1.71186498914815e-09,0.627588090622439,0.372411907665437,2.59142914063771e-13,3
"20183",0.927157787868143,0.000592530045989574,0.00145702469844035,0.0707926573874146,1.27617563901661e-14,1
"20186",0.109327220709345,0.012900811417733,0.564320270613847,0.313451697259075,5.34303644005506e-39,3
"20188",6.65316861817742e-12,1.26907300041588e-08,0.000652280118625524,1.07773947799577e-12,0.999347707182914,5
"20190",1.95501112964914e-29,3.72247747567058e-08,0.0210802309917595,0.978919731783466,1.30677559576434e-27,4
"20193",6.59917489004548e-32,7.32025360583644e-09,0.999999557715316,1.41617099292471e-13,4.34964289216965e-07,3
"20195",6.54247432422787e-07,9.71164789045795e-05,0.108028766009805,0.0252718815501127,0.866601581713746,5
"20197",8.29658077771337e-14,0.000189699139879387,0.019798146647602,0.980012154212436,2.34212524799051e-23,4
"20199",6.62216877463065e-06,1.3658056388003e-05,0.0010811116925515,1.50728219784895e-06,0.998897100800088,5
"20205",1.09379502830497e-31,0.999999269181909,9.672149728112e-08,6.34096593859767e-07,3.51868391664934e-57,2
"20208",0.0353886770448174,0.000269099937721946,0.0781629719763815,0.864128379920045,0.0220508711210339,4
"20210",0.000109579202726866,4.68083433875142e-08,0.000142489973600759,9.9234824857858e-09,0.999747874091847,5
"20212",0.00429990056350046,2.79546225622691e-05,0.0129584114635982,0.000804782409939566,0.9819089509404,5
"20216",3.06046819773677e-16,1.4678074953038e-08,0.0339665009289519,0.966033484392972,7.03233454076625e-16,4
"20219",2.52336303356927e-16,0.4051000921835,0.017100207143553,0.577799700672947,8.21399500605228e-19,4
"20223",6.24720704518074e-49,1.4813981134702e-05,0.99770630357742,0.00227888244144558,4.53170480248397e-68,3
"20226",1.24897207530876e-08,2.08589556721007e-05,0.144496590238663,0.855482537596818,7.19126543073626e-10,4
"20230",9.54483684973184e-35,9.95511307587372e-06,0.0170976576748557,0.982892387212068,8.30442030584435e-36,4
"20233",1.40818243723416e-24,0.999999999457543,5.42457022534117e-10,3.02576152064748e-16,4.72171725076084e-41,2
"20235",1.59249006574236e-32,0.59680551745613,0.345787967033599,0.0574065155102708,3.71715454875217e-57,2
"20239",3.1112271139717e-13,2.30976853939441e-07,0.673667883393364,0.326331885629471,2.33173288141202e-31,3
"20254",2.28009389902067e-46,0.999974674001881,6.43544378597426e-07,2.46824537407301e-05,1.69040001873234e-52,2
"20256",7.90714084622036e-21,0.000280864965192638,0.00777041283976993,0.991948722195037,1.11430204624711e-38,4
"20262",0.00927647443417591,1.78239687835048e-07,0.000232724960702066,0.000161624617699293,0.990328997747735,5
"20270",5.40073762724819e-21,2.4437804047858e-10,0.986635609079704,0.0133643906759183,8.00105221744041e-18,3
"20284",5.59913776701471e-06,0.90424651200731,0.0419968712705879,0.0537510175843356,1.29328215972242e-22,2
"20287",8.07143757224805e-46,6.90981554337551e-07,0.141250460265616,0.85874884875283,2.8268635017689e-53,4
"20290",7.94162380816158e-24,0.999840838100553,8.59201751329122e-05,7.32417243144281e-05,2.03580352770965e-26,2
"20293",1.08321858487237e-07,0.00157400890403338,0.00205795779065052,0.996367924983454,3.3966546769638e-15,4
"20296",0.00657950186793175,3.16309446324644e-12,0.542153082322884,0.0227074292399073,0.428559986566114,3
"20301",7.03397905203751e-66,9.98664391535986e-06,0.988955984991031,0.0110340283650533,7.27083964476533e-34,3
"20304",2.6679028333686e-32,0.999990398681716,5.92547949021922e-09,9.59539280455163e-06,5.85618872899787e-49,2
"20306",1.89627169423882e-31,0.00214977907069115,0.0288125886267296,0.969037632302579,6.8034562386034e-46,4
"20309",5.62472764143164e-10,0.00206339320108164,0.00353600572686448,0.99440060050958,6.97594149631708e-16,4
"20311",1.53395212238743e-17,7.23142226689165e-06,0.173687444433028,0.826305324144668,3.69742745862509e-14,4
"20314",0.453464048474205,5.76888935995914e-05,0.00253453485159936,0.137420293429138,0.406523434351457,1
"20318",7.76994719991125e-24,5.52205069916354e-09,0.997455850306685,2.34584216338363e-11,0.00254414414780624,3
"20320",4.02177134624166e-06,0.00621844633977615,0.980826329156753,0.01295120273212,4.61787177759234e-15,3
"20326",0.537827388612133,0.00306447540794747,0.0033421398653507,0.41310218683723,0.0426638092773383,1
"20328",0.00572405799920878,0.031173667635462,0.587796597797529,0.3753056765678,2.05260574631179e-28,3
"20330",1.68437831226071e-22,5.54744446326826e-05,0.35845904081073,0.641485484744637,4.55462694096963e-31,4
"20336",8.00887561784657e-10,0.995519535154778,5.2189968418819e-06,0.00447524504749267,7.85024813685326e-35,2
"20338",8.32785176559522e-22,0.990951487547634,1.06737945785661e-05,0.00903783865778756,1.22870219331633e-22,2
"20340",4.14640677775999e-35,0.000133697271946576,0.25914406773823,0.740722234989823,8.28174092271827e-42,4
"20342",1.29078539631333e-50,0.99934848187684,0.000651518123160459,2.5729953684359e-17,3.11991650404846e-43,2
"20344",9.41969762024317e-17,0.000539976955748402,0.0145790236088018,0.98488099943545,3.44138804827064e-31,4
"20349",1.86915214249849e-24,2.60795727405948e-05,0.0110320519275977,0.988941868499662,4.59638138373897e-40,4
"20351",8.39409941920186e-11,0.00071848601475457,0.00602725122557358,0.993254262675727,3.50063760126228e-15,4
"20353",6.6993814001419e-30,0.0314583287855943,0.0770583119647772,0.891483359249629,4.93934206508293e-36,4
"20357",7.62519580754591e-36,0.999975775111562,1.67248027866518e-05,7.50008565163692e-06,1.05887260008839e-66,2
"20360",3.0235233873684e-40,0.917648782820659,0.0823512142791438,2.90019722842474e-09,8.49437583598055e-55,2
"20364",5.34289710577721e-11,5.18305671837924e-05,0.0171424912320424,0.982805678147345,2.07512909281919e-18,4
"20366",1.63635301146899e-15,0.999987495795254,1.39930233960813e-07,1.23642745097969e-05,2.16446796787813e-38,2
"20381",3.98844944770026e-10,0.000297020739126217,0.999702977934741,3.88897473538515e-14,9.27248925326093e-10,3
"20391",1.83413682087307e-12,0.0026950937731158,0.996012609921472,0.00129229630357795,1.02393281763675e-55,3
"20394",0.885719957458372,8.63419263668022e-07,0.0762262414573019,0.0380529337254795,3.93958346983564e-09,1
"20396",0.0548986515540319,3.0189241149574e-08,0.937100515440789,1.35296294961527e-09,0.00800080146297451,3
"20409",6.86725966591521e-09,7.09475419672852e-05,0.297009472898096,0.702875259446986,4.431324569033e-05,4
"20411",5.8403739507591e-21,0.28552607223666,0.00288337891451136,0.711590548848829,3.73719052666973e-45,4
"20416",8.68752320654426e-65,0.999980693073145,1.36352772088554e-05,5.67164964652746e-06,1.8965888800753e-87,2
"20418",0.00864573954692093,2.08041970758676e-08,0.807057964116011,5.13653473076967e-11,0.184296275481506,3
"20420",4.28186748053073e-17,0.999999997506182,2.47279745818052e-09,2.10205778630199e-11,1.51072006251664e-34,2
"20422",1.81742677065093e-28,1.89101989130829e-09,0.0843760404371814,0.915623957671799,5.96146564600923e-23,4
"20424",4.16749043589882e-21,0.0121260532094073,0.0155292142890584,0.972344732501534,5.06218705934824e-41,4
"20426",1.48225147024628e-47,0.999999993502421,6.49757877801069e-09,4.84092787641602e-17,4.18945933670479e-35,2
"20428",1.57003905122179e-08,1.21144605609834e-07,0.0430577716785712,0.956942091476433,9.72034851433424e-20,4
"20431",5.36586447071056e-10,0.0271420492777619,0.28996484531135,0.682831122750456,6.19821238456965e-05,4
"20433",2.04992391137516e-48,1.76263010150014e-07,0.975480376096178,0.0245194476408121,1.46167008068060e-48,3
"20436",1.38749900688155e-30,3.10025008734247e-08,0.999999952686523,1.63109758125834e-08,1.4239458333259e-28,3
"20439",0.924895126045493,6.12952081081646e-09,0.0750630717097627,1.89896884500992e-08,4.17771255352879e-05,1
"20441",1.1654492102804e-29,0.999860228128959,6.23092545528558e-06,0.000133540945585415,1.00005653369738e-39,2
"20444",1.43254634207586e-08,5.9633073775042e-09,0.000372868476280802,9.46891671411208e-14,0.999627111234854,5
"20448",5.33002814531788e-07,0.972123171012636,0.01995562852537,0.00792044439996042,2.23059219573478e-07,2
"20536",0.718606352889609,4.25224997793132e-08,0.281173421398538,0.000220183189353246,4.71729004285942e-17,1
"20538",7.46666000783957e-14,0.998628680383048,1.37322930725265e-06,0.00136994638756985,2.03542582281502e-40,2
"20541",1.90724366328025e-36,0.0173254891838388,0.0391718648676089,0.943502645948552,4.42941533484931e-42,4
"20544",0.000237904273745806,0.00045310281190618,0.00467002931600731,0.994638963587611,1.07302232324272e-11,4
"20546",2.35588888724374e-15,0.000292677817081323,0.0222926430155637,0.977414679167353,1.16203761369464e-35,4
"20550",2.35110220119119e-15,1.48664587033766e-05,0.60666814470927,0.393316988832024,1.97030347760179e-16,3
"20553",1.23428829338728e-103,0.999922075581811,7.79244146413225e-05,3.54747652760619e-12,4.26809842200255e-67,2
"20555",2.4941203139135e-22,0.999999980814501,1.91846004975925e-08,8.98547942261888e-13,1.14224072439914e-54,2
"20557",2.08342006897721e-12,0.0518618667423543,0.016389456007593,0.93174867724795,1.93979203804848e-14,4
"20559",1.67867708669815e-15,9.66769307088487e-07,0.0188846557769804,0.981114377453711,4.15979434058058e-17,4
"20561",0.000133673097856644,1.37306131756317e-05,0.00240543237149686,0.0056758748990331,0.991771289018438,5
"20564",1.73225613055888e-15,8.78645917840089e-09,0.000152299908904893,1.09294630660791e-15,0.999847691304633,5
"20566",1.072882607559e-08,4.43042939541079e-10,0.0126121367901595,0.987387852037472,4.99610682376902e-13,4
"20569",0.015587119551306,2.34696988846464e-08,0.00560387036759502,7.61361138824926e-06,0.978801373000012,5
"20572",2.77048488890888e-07,2.27644303314118e-09,0.167113968485998,9.28644781999602e-08,0.832885659324592,5
"20574",4.5188825613151e-22,0.00140526093253213,0.0206525895574272,0.977942149510041,5.14089597657373e-19,4
"20576",3.41187994995025e-13,3.74000458540944e-08,0.000370627903572753,1.40854338591251e-10,0.999629334555186,5
"20578",4.64824181021e-06,6.98899338335837e-06,0.0128568839832894,0.987131164129571,3.14651945882972e-07,4
"20580",2.20303094561473e-05,6.81159089015326e-08,0.0288612526675804,0.971116648904587,2.46800539312993e-12,4
"20583",1.27741719072739e-12,1.1173846564978e-08,0.000135278327726456,6.09086778702791e-12,0.999864710491059,5
"20586",1.28453336965773e-06,1.39977439464594e-05,0.0217916733990255,0.978193044323658,4.29855899158769e-24,4
"20589",3.61622862997796e-24,2.92649917280055e-05,0.0186751612233679,0.981295573784904,6.58040886222834e-43,4
"20591",2.52573696042278e-08,0.982484640246374,0.00413644742285011,0.013378887073406,2.66058935652459e-29,2
"20593",5.47543545447224e-55,3.49243768399837e-06,0.145301556682721,0.854694950879595,1.70068455417497e-41,4
"20595",2.04292417579138e-13,0.000196966793219712,0.00258447151322008,0.99721856169335,6.20883986906137e-15,4
"20597",0.000284628479075529,8.46203699775365e-09,0.999715363058485,4.0230244883309e-13,1.61057056993637e-22,3
"20599",3.21736417395029e-16,1.91990452455517e-09,0.000348488082797767,8.97882757544471e-15,0.999651509997288,5
"20601",0.925347228841564,1.27114187395319e-05,0.00241035261558847,0.0722295966685232,1.10455585113727e-07,1
"20604",5.09469005136014e-35,1.34710938199878e-06,0.0199649271203346,0.980033725770283,4.85901057867361e-26,4
"20606",5.28326464804045e-29,1.06853667020155e-07,0.0231656254499424,0.976834267696391,2.91525150483407e-31,4
"20608",9.45724678195764e-21,1.92872943832957e-08,0.0105928665077767,0.989407114204929,4.9321870293909e-25,4
"20610",5.01578126096807e-12,4.54296461751421e-06,0.00333780346150432,1.69971649248927e-07,0.996657483597213,5
"20612",4.67552057059775e-40,0.0593737559095281,0.940626244090451,2.08722279617192e-14,1.75742500800648e-50,3
"20614",6.15735704069882e-05,1.47252443057557e-07,0.000365764029834418,2.48766465944656e-08,0.999572490270669,5
"20616",0.00445265765236656,2.37962019188468e-06,0.842481959486228,0.15306300139787,1.8433443797179e-09,3
"20618",6.49786416549669e-20,0.99999279835369,1.39123420813233e-06,5.81041210153567e-06,8.56621680945147e-29,2
"20620",1.55439886483972e-28,5.77815425508776e-07,0.911571201423111,0.0884282207614634,3.15803337796344e-21,3
"20622",1.13605264032051e-11,7.82844570865935e-08,0.0030965747317669,3.89123099751696e-08,0.996903308060106,5
"20624",1.91956596765192e-22,0.479441799240026,0.000466207363887753,0.520091993396086,1.78824097331292e-41,4
"20626",4.95729718195496e-16,4.59558869479461e-09,0.954935256797053,0.0450647386073557,2.38487588645893e-15,3
"20628",1.88249026313149e-14,4.47434762356753e-05,0.966188959708171,0.033766296815575,1.89426760530574e-25,3
"20630",2.0242275973863e-17,1.24081480221043e-07,0.0518506130667469,0.948149262822944,2.8828892450176e-11,4
"20632",3.20824342779402e-06,5.28232019724835e-10,0.00180639947802055,1.09031249762132e-12,0.998190391749229,5
"20634",1.63712600988926e-27,5.65446222963397e-07,0.0164861754390949,0.983513259114682,5.92813445423977e-31,4
"20637",5.88727910052864e-38,0.999182361079166,0.00033866660804282,0.000478972312791639,1.02277246459075e-28,2
"20639",3.18997511957274e-07,1.20000133964112e-05,0.00340730960635605,8.99456536948175e-06,0.996571376817366,5
"20644",6.0736037415003e-92,0.992384226574886,0.00761577341370172,1.14118764999957e-11,3.20254642711298e-82,2
"20646",2.04110317003713e-46,0.00111185514820245,0.998886420331622,1.72452017576005e-06,2.91383298039728e-42,3
"20648",0.45072288815291,0.000114384314008331,0.00104713794420413,0.0133218450378773,0.534793744551,5
"20650",1.03148652131248e-33,0.91989404886851,0.0265450636955642,0.0535608874359255,4.92328905466867e-49,2
"20653",0.000412399796261318,8.19166180954482e-05,0.996077073312433,0.0034286102689252,4.28509197216596e-12,3
"20658",6.49290064875967e-25,1.40614020011315e-08,0.0856025813219347,0.914397404616663,1.50638457006995e-41,4
"20661",6.47819251016854e-24,0.999999451575963,1.24207094256657e-07,4.24216942709019e-07,1.14461832510463e-56,2
"20663",0.00861215160917249,0.00018054605719774,0.00531917438881743,0.985888127944812,7.98857780696707e-18,4
"20665",9.59801954803062e-16,2.24143361110371e-11,0.00208644298291539,3.95623002201696e-14,0.99791355699463,5
"20667",1.31805068176581e-08,0.000220038903148135,0.981519697126852,0.0182602507894933,7.13593552504233e-17,3
"20669",0.0608149282311746,1.34828612866578e-05,0.939171588358528,5.49010652554952e-10,2.94461116496013e-19,3
"20671",9.14138062966531e-20,0.686797696738616,0.00115271943769499,0.312049583823689,7.45951418108791e-19,2
"20673",0.000546851652847907,3.41260115452913e-09,0.999453144934487,6.18896883583043e-14,1.50307818992524e-15,3
"20675",0.230768671472816,1.26592524812996e-07,0.760387830252114,0.00884337168254516,5.02528140383529e-22,3
"20677",0.00122186979605793,1.46527979960496e-07,0.0592061110682504,0.939571872607712,1.5189095081979e-21,4
"20679",0.117923509380863,5.04224983129687e-06,0.882071433440446,6.15053874412642e-11,1.48673544819125e-08,3
"20681",0.996344011402595,5.40840176307596e-07,0.00363497648294077,2.047127428842e-05,9.96484369463088e-20,1
"20683",7.21846940181031e-06,2.3962987799353e-07,0.226202134633103,0.773790407267617,8.96455821267253e-20,4
"20685",8.83159795283559e-17,0.999999950585442,4.93966890753434e-08,1.78693139149039e-11,1.09520668526928e-36,2
"20687",0.903516343316117,1.83533663117863e-06,0.000704758346464579,8.81673570392046e-06,0.0957682462650838,1
"20689",1.75391227987521e-69,0.999999001254,9.98738045528442e-07,7.95492363139689e-12,2.81987527473763e-90,2
"20691",6.73248188077144e-08,5.19117073804676e-08,0.000282442591872043,7.34676511609164e-12,0.999717438164255,5
"20693",4.14849056133313e-30,0.000305792319659503,0.0640404773489002,0.93565373033144,3.98072463923086e-46,4
"20695",0.888723592588113,0.000622403247108374,0.0131478319237461,0.0440331773486269,0.0534729948924059,1
"20697",2.66606192914346e-24,3.08659876644786e-06,0.0368460935708184,0.963150819830413,2.53600580285956e-15,4
"20699",0.00155095739489199,2.05945276387719e-08,0.0547754389271845,0.943673583083395,7.15341579250614e-16,4
"20701",2.03515796154831e-09,2.00905419681441e-05,0.039923818883279,0.960056088539595,1.06897837489192e-31,4
"20703",8.58280307474205e-18,0.00451072204823862,0.995489277951761,1.68695913076063e-18,2.30119633137191e-33,3
"20705",7.51329451799852e-19,1.1539355784752e-05,0.100434363610279,0.899554097033937,3.70981685522618e-31,4
"20707",0.918850997272033,8.22696829055723e-05,0.00660802846794825,0.0744587042862566,2.9085615503138e-10,1
"20709",4.30132303906311e-09,6.11659912438738e-07,0.9638108093837,0.0348507432341855,0.00133783142087849,3
"20713",0.000768616339278574,0.998693859490265,0.000499726535467388,3.77976349018673e-05,8.72983182292072e-14,2
"20715",3.46214789501442e-78,0.0445088331744758,0.955491045718121,1.21107403042168e-07,2.44010029069072e-28,3
"20717",0.989110707598239,0.000197664209686305,0.00632604275095933,0.00433147106143849,3.4114379676245e-05,1
"20720",1.2454827271084e-14,0.000280832102885503,0.0212103933137983,0.978508774583304,3.69486449606451e-18,4
"20722",5.66397420337164e-10,8.49815294968906e-08,0.0414354258414327,0.95856448861064,4.51225321934561e-17,4
"20724",0.997670204308518,1.94847828091272e-07,0.000292925541786159,0.000227802943599949,0.00180887235826761,1
"20726",5.49065430126597e-30,0.000157550070938461,0.0888933315132913,0.91094911841577,3.91323698755589e-43,4
"20728",0.999094156545689,2.3659746021952e-07,0.000895704253868325,9.90260291451256e-06,6.79197612085762e-14,1
"20730",0.970982648851189,1.00011085354005e-05,0.000648382001948587,0.0166958131732536,0.0116631548650737,1
"20732",9.13125688637159e-26,0.000259498184258594,0.998039400227938,0.00170110158780312,1.04055693657037e-36,3
"20734",0.00216627650235608,4.47105165767499e-06,0.0455830838824601,0.952246168563462,6.45373298263605e-14,4
"20736",0.000343623090771899,2.2379903131486e-08,0.00101561925890777,5.07260809437831e-06,0.998635662662323,5
"20738",4.70896955563679e-47,3.02117901123411e-09,0.999999996976062,2.75909845367685e-12,6.95171530789279e-30,3
"20740",7.24320985492731e-14,0.988694063673014,0.00221692460154735,0.00908901172536663,4.43594726367846e-62,2
"20742",0.920215679353257,0.0785617676982258,5.29551644457149e-05,0.00116959778407171,6.93449672866171e-17,1
"20744",0.00021731986259503,1.10302622995333e-10,0.00824561722715554,1.74501574421421e-10,0.991537062625445,5
"20746",0.387729111069926,6.76558978594312e-06,0.00709429047555052,0.605169832864154,5.83723235388277e-13,4
"20748",0.969860402319413,2.56633816673912e-05,0.00017073293656549,0.000120413363687742,0.0298227879986665,1
"20750",0.374963154559154,6.19818565919424e-09,0.00676808067560019,0.00411783276964579,0.614150925797415,5
"20752",5.76140994414297e-07,2.63120494343961e-05,0.0180977264686,0.981875385340971,9.18350963483812e-25,4
"20754",2.89049855244127e-05,1.96931820763399e-09,0.999971093043828,1.32877908164469e-12,1.26898597971648e-16,3
"20756",0.0138128092824621,5.6570364983567e-06,0.033819884773394,0.873638260001595,0.0787233889060507,4
"20758",2.65428833937485e-16,6.76956279510098e-12,0.999999926769037,7.32183647228951e-08,5.82814198272326e-12,3
"20760",0.976041373021444,2.13598475759335e-08,0.00204480293672799,1.17820020814181e-05,0.021902020679899,1
"20762",0.000133747977793403,1.15734552477083e-07,0.999866136283473,4.18147642776073e-12,4.94851416195394e-21,3
"20764",0.400783818660103,0.000615704713647621,0.00754142308177996,1.98920388991908e-06,0.591057064340579,5
"20766",0.736706664410044,1.21963091197896e-06,0.00106868836996306,0.000122212633602614,0.262101214955478,1
"20768",0.00502707030803282,1.92675813274502e-06,0.000395317557344954,0.00177688292336337,0.992798802453126,5
"20770",0.000744181434481696,8.49609900440767e-07,0.996056037476555,0.00319893147906291,7.49973982145621e-21,3
"20772",1.77361559852939e-29,9.86642219271098e-09,0.0204578170084707,0.979542173125107,2.17164085286984e-26,4
"20774",1.15641416840175e-66,0.000280346843866201,0.996973123872119,0.00274652928401437,5.10483635643475e-69,3
"20776",0.467024128113212,0.00706119121783027,0.0881250254988175,0.43778965517014,2.94772253396261e-24,1
"20778",1.76225031939983e-80,0.994687580109198,0.00530550143265656,6.91845814565715e-06,1.45463937573507e-59,2
"20780",7.48184265871111e-18,6.30327798994551e-10,0.999999999369672,1.53613923790816e-17,4.02767802268614e-17,3
"20782",2.51404707185048e-05,6.31871861395452e-07,0.999974227657379,3.59235368637659e-14,5.40120013962467e-15,3
"20784",7.11006106470391e-05,3.44596769718396e-07,0.999928554686691,1.0589254855905e-10,9.57500238027725e-20,3
"20786",6.69199273965322e-13,6.92843360121476e-10,0.083647707664925,6.3362309504935e-16,0.916352291641562,5
"20788",0.896402162054237,0.000254316877795291,0.00145674556574295,0.101886775366118,1.36106344365127e-10,1
"20790",0.941023308657348,2.13983874916605e-08,0.0589103174280447,4.62379606115723e-06,6.17287201582732e-05,1
"20792",2.74425097404937e-06,0.00119797228971422,0.324518388884092,0.674124170300391,0.000156724274828734,4
"20794",0.933478504176338,1.97058601815966e-09,0.0657949719832222,1.99734818082976e-07,0.000726322135035504,1
"20796",7.24638503124152e-24,0.000159314120684493,0.0160284779643983,0.983812207914917,3.60275525412617e-36,4
"20798",1.73225613055888e-15,8.78645917840089e-09,0.000152299908904893,1.09294630660791e-15,0.999847691304633,5
"20801",8.78912986470357e-22,6.15402233276965e-08,0.999978148587753,3.39161249842259e-09,2.17864804106162e-05,3
"20803",0.101451603321997,0.00868949465577105,0.0540351091026347,0.835823792919589,8.93079304273328e-15,4
"20805",0.00209213551198742,1.9901429305469e-06,0.0268988289887312,0.971007045356351,4.11324635821408e-18,4
"20807",1.73225613055888e-15,8.78645917840089e-09,0.000152299908904893,1.09294630660791e-15,0.999847691304633,5
"20809",0.387455802387319,0.38867107590518,0.176000919901536,0.0478722018059652,2.54911068847845e-17,2
"20811",1.0648219351813e-20,1.09267374802259e-05,0.999985863900947,3.18697610254924e-06,2.23854703483324e-08,3
"20813",2.21072191236338e-09,0.00010135069489656,0.9444764669353,0.0554210899442299,1.09021485118457e-06,3
"20815",2.37133825869335e-17,6.93057048188518e-10,0.927408569301069,7.77092352798957e-21,0.0725914300058736,3
"20817",0.999088409557076,3.28914914370882e-06,0.000142443139472512,0.000746730574777214,1.91275795302993e-05,1
"20819",0.00759181244351374,0.000542068480639262,0.0471273569277056,0.944738762148141,9.21454754813826e-23,4
"20821",1.08015814268146e-47,3.14068740799139e-12,0.999999999993923,2.93648053394746e-12,1.01364157296681e-31,3
"20823",0.00419982502373981,0.000194312011140283,0.00256748269244222,0.993038374831875,5.44080312288363e-09,4
"20825",0.998885804952276,1.18097320157397e-07,0.00102114056456444,9.18415223294258e-05,1.09486351044037e-06,1
"20827",2.13290764687708e-06,0.000406873538499647,0.47969417052264,0.000830418360210349,0.519066404671003,5
