"","V1","V2","V3","V4","V5","V6","V7","best$classification"
"19811",0.981225078604948,0.00037927739490141,0.0173651797719746,2.69339441182841e-18,9.44959331594089e-13,0.00102997817322466,4.86054006580934e-07,1
"19813",1.51985499451245e-10,1.92391724828433e-11,0.999532276178564,4.9265078662157e-33,1.97561141245862e-59,0.000467723650211509,1.49533990539229e-48,3
"19815",0.896477197228543,0.0998360826200125,0.000957630595697132,9.35397849707631e-05,4.48947949492842e-25,0.00258422408694994,5.13256838267429e-05,1
"19817",0.946846746232606,0.0351239355950332,0.00319970614708332,1.09469052447477e-07,3.1961521128123e-11,0.00025485757298964,0.0145746449512744,1
"19819",9.37438786039833e-43,0.0007608520974665,1.40688433873966e-11,0.998000502116056,1.26256045317874e-77,0.00123864577240903,7.44856485453311e-61,4
"19821",2.96829688476333e-05,0.0355519843693241,0.197239389581333,3.41301786691753e-14,1.39360456139687e-06,0.69341601488206,0.0737615345938395,6
"19823",4.87965060367337e-05,2.1451972773514e-05,0.0373607079160098,2.25478786752452e-05,1.18476823155562e-72,0.962546495726505,1.6231751937903e-18,6
"19825",3.18791043645778e-47,2.24693898262154e-06,4.93578344982403e-05,6.45479900048964e-24,4.70632754289659e-16,0.999948395226519,3.25487245169366e-42,6
"19827",5.19024540023274e-06,0.00598970595711083,0.000930706721761214,1.66594667539078e-08,0.000475236108989592,0.00371318781434914,0.988885956492922,7
"19829",3.42965563281172e-29,0.995482184858544,1.0831423446213e-06,0.00045739187920991,1.13508579009469e-12,0.00405934011876588,3.18272128548026e-25,2
"19831",6.34337907159923e-33,0.0192623784067769,7.89975541749061e-06,0.960288300860887,2.24320852262299e-77,0.0204414209769183,2.24648944386647e-58,4
"19833",7.51466009146271e-86,4.89069223046444e-22,0.996833411039675,3.47072566793213e-20,1.59207507679084e-144,0.0031665889603246,2.51388963954946e-127,3
"19835",2.96829688476333e-05,0.0355519843693241,0.197239389581333,3.41301786691753e-14,1.39360456139687e-06,0.69341601488206,0.0737615345938395,6
"19837",0.0600556497211248,0.0137149829667961,7.38619667125957e-05,1.26221527349952e-07,1.04083687129665e-05,0.000285001328834675,0.925859969426291,7
"19839",6.19090002080606e-22,0.920239663903381,0.0417282509600046,7.50305421352967e-08,2.79724567643723e-10,0.0380320098263481,1.71003401567758e-23,2
"19841",8.07658319922814e-46,9.23442403221639e-11,0.0268435442427094,2.0709182874943e-31,0.959580404735277,0.0135760509296698,1.95932364538234e-26,5
"19843",1.37172044759829e-38,0.0238098478174378,4.74401251807632e-05,9.74862566827555e-09,2.2847004559778e-72,0.976142702308756,5.75761344880484e-94,6
"19845",0.0136444188871254,4.46935220512161e-09,0.985047851233725,9.53050013783666e-29,3.45341105585426e-25,0.00130772511918998,2.90607804317668e-10,3
"19847",0.767330753226924,0.144345502826367,0.0129682963132144,1.03456391700659e-08,4.63289309914323e-32,0.0753554372878563,1.20972401066209e-17,1
"19849",1.41636265624239e-07,4.83141515594411e-14,0.999970231582996,2.42641684850443e-38,4.557387798201e-51,2.96267806899073e-05,3.31365180153206e-34,3
"19851",0.997623043305887,0.0011994691779728,0.000387236555080226,1.94797336679384e-10,4.54606986482072e-32,0.000790250755792269,1.04706633497858e-11,1
"19853",0.0452973947456385,1.43168883565209e-11,0.953252912973053,2.22778951330533e-24,2.56598662415175e-72,0.00144969226699183,2.43492208270462e-21,3
"19855",0.93974948161348,4.35776871456004e-05,0.0545487052727027,1.49577145529007e-16,1.61470629286747e-24,0.00563476280456714,2.34726221044539e-05,1
"19857",0.113594967100357,0.49453253791141,0.351168480325974,2.35895779695358e-09,3.35243019961406e-05,0.0362718667029971,0.00439862129830924,2
"19859",0.623845130455397,0.275551308980266,0.0783734265499752,3.20482332917283e-06,1.72219001914131e-09,0.000918635732831163,0.0213082917360108,1
"19861",0.976243160762619,2.50683996731057e-05,0.0209122736581872,3.79471122814929e-19,4.96032717167287e-36,0.00281949717952083,5.54706740860552e-17,1
"19863",1.29351086140755e-23,4.93986700098106e-19,0.999999787793352,2.02801682831719e-55,4.6466488258937e-13,2.1220618330997e-07,3.18636543958549e-24,3
"19865",1.77061593354423e-15,9.49277587250563e-05,0.232888702220508,1.49598959093793e-20,0.741519082251653,0.0254972619105615,2.58585503957018e-08,5
"19867",0.993650479302974,0.00102261561867783,0.000219861765791267,5.1687038417451e-12,3.68756019607098e-38,0.00510704330738812,3.39003892108635e-17,1
"19869",0.0936746727614136,8.35627032924401e-12,0.906220244053525,6.52869570937412e-37,2.46447971639878e-37,0.00010508317670515,2.87928374610528e-20,3
"19871",0.0134185809333334,0.156979742761479,0.00405853627420751,4.67814506722845e-05,1.2390990121518e-05,0.000389780807728188,0.825094186782458,7
"19874",1.70684759060702e-10,4.51374420131064e-05,0.00819542210071322,2.41354638807745e-17,0.991386298895154,0.000371462532957018,1.67885847831866e-06,5
"19876",1.53843010132316e-07,1.20703833767397e-06,0.00195854370281024,4.57176714226196e-22,0.942333470161493,0.000165957442288224,0.055540667812061,5
"19878",2.77081368104894e-19,0.912207100957397,0.0260870297232597,1.82741219940404e-08,1.01449700576633e-35,0.061705851045221,2.62902355040545e-44,2
"19880",6.5416585280332e-14,6.82455475702728e-11,0.00330467627175764,3.90108159910578e-31,0.995776482822154,7.22777863940945e-06,0.000911613059137894,5
"19882",0.00224841948616164,6.9626771792288e-07,0.995446651768497,1.00685832184068e-25,1.07429476371631e-18,0.00230423220078635,2.76837237946543e-10,3
"19885",0.200716914192985,0.276771160593816,0.00151190245025041,0.000427744513489845,2.66377995521273e-06,0.000197219058366771,0.520372395411137,7
"19907",0.897390359075496,0.000401404444187886,0.0457460501247245,6.98097714620387e-17,7.56216906387909e-34,0.0564621863555901,9.79042342032208e-16,1
"19909",2.76447977961087e-12,0.92322914464746,3.8254286752028e-08,0.0759210758956229,1.16477712717263e-31,0.000849741199866126,2.50902719473936e-23,2
"19911",3.3382311216925e-19,0.993433771240176,0.000424026319240985,0.000466042767900449,1.77998004177233e-11,0.00567615965488306,8.86788448721894e-20,2
"19913",2.83455983152558e-43,4.91554257553728e-13,0.000405486337119989,3.13284619266121e-31,0.999584494028653,1.00196337358656e-05,6.54779789190097e-27,5
"19915",0.00169367009296322,1.95506542609761e-05,0.000257902457355348,2.53698717199249e-15,2.9173150983383e-05,3.75466844154936e-05,0.997962156960019,7
"19917",2.71201507732088e-09,0.000599469543240781,0.023351520216298,1.49525650643161e-14,0.975567934030536,0.000418097700644048,6.29757972508588e-05,5
"19919",0.0290590896274603,0.0128077646310218,0.00511199268667224,1.33390399755175e-08,0.00502741192211859,7.30026797599005e-05,0.947920725113927,7
"19921",0.992817155022365,0.00568586109638173,0.000765911654526692,1.14025377979081e-09,1.27532907985104e-27,0.000731071071778419,1.46939235269058e-11,1
"19923",1.0507468969084e-07,0.869495537372006,0.085759663437142,1.80368697307327e-06,1.68377104933221e-58,0.0447428904291898,2.84805796144509e-41,2
"19925",9.30975221375818e-07,0.000103138876049373,0.00451297022293845,7.42813605061844e-16,0.963649284770344,0.000169522458838936,0.0315641526966074,5
"19927",0.104338192293487,0.0112344040975008,0.00352189060320681,1.41286646496013e-08,2.01324863776264e-14,0.0024594147920277,0.878446084085093,7
"19929",3.53264632386439e-31,9.05754898418753e-19,0.540435342365379,3.29458549550124e-53,0.459563153468218,1.5041664030768e-06,1.26714571275414e-20,3
"19931",7.64580272359198e-05,0.0349385844647566,0.000287721629731791,3.11799149855606e-06,5.4754230414015e-06,0.000494653055969072,0.964193989407767,7
"19933",2.20191923052563e-09,0.768405730439592,7.05235126434323e-09,0.231283900771901,2.79256531454926e-13,0.00030923978468184,1.11974927526138e-06,2
"19935",4.83205546013682e-06,0.880009751198167,0.00282471449580556,4.57392167420546e-06,7.11702125511027e-13,0.1171560228218,1.05506381333696e-07,2
"19937",0.995580123799757,0.003586822184929,0.000127207802192107,7.17108400558926e-07,2.78886065073681e-30,0.000704675987693003,4.53117028721893e-07,1
"19939",8.62049608825292e-05,0.91860414468183,0.0497559974842851,3.14240083804143e-08,4.5841172802351e-10,0.0303152794608359,0.0012383415297468,2
"19941",5.60343689305683e-24,0.926671356923931,4.39152419415329e-05,2.21454686215933e-06,2.59461634967794e-09,0.0732825106926488,7.40336526378551e-20,2
"19943",5.38969347342532e-27,2.87299307424539e-09,0.00017026094040646,2.06658549856205e-23,0.999805093655341,2.46425312578841e-05,1.71098093541351e-15,5
"19945",9.38820614745042e-07,0.369478873947894,4.83933523399185e-06,0.630497564792921,5.78968074469778e-19,1.77830895051866e-05,1.3830569509266e-11,4
"19947",1.69829888385873e-26,0.00108635203413452,0.0965030575286443,2.30248131220005e-16,5.48812896735038e-13,0.902410590436672,8.45468056282837e-23,6
"19949",1.62251825656657e-06,0.99109542204368,6.37614766923352e-05,0.00108901727158077,4.87851804787582e-34,0.00775017668979087,9.92040671865386e-22,2
"19951",8.83864657126621e-06,0.324639295482094,0.643314352238734,1.7612389531974e-10,0.00917407007092854,0.0226990496921792,0.000164393693369685,3
"19953",6.66966546165624e-30,1.37472471479245e-05,2.56488523945472e-07,0.839449570735082,2.49608286909796e-111,0.160536425529247,1.32656839249651e-70,4
"19955",3.54009834419008e-18,0.848741685915684,0.137860561011519,0.0128920284596272,9.88888595913223e-48,0.00050572461317002,9.1679081802685e-46,2
"19957",1.30243370386106e-11,0.00331238733913835,0.971046449736535,3.83843090861726e-09,3.09045384007913e-16,0.0256411440653127,1.50075585665347e-08,3
"19960",2.11982024402945e-27,0.93091289906002,1.42579967084652e-05,1.44790723765278e-06,5.67598224898723e-23,0.0690713950360339,1.58652491239824e-33,2
"19963",8.15736632300159e-65,8.28106667785036e-17,0.940007746549046,1.69763548755504e-21,3.33834460253186e-48,0.0599922534509535,3.4739670863142e-53,3
"19965",6.22605094531628e-29,0.985871867335484,0.000140776450895436,0.00110836834985021,2.31841158168539e-68,0.0128789878637704,5.91759279792743e-72,2
"19968",2.46472109072521e-12,6.09573545357123e-06,0.354044309981363,4.4515233344195e-26,5.01069519770146e-05,0.64589948532118,2.00756187189588e-09,6
"19971",1.13266677091038e-76,1.10881083929503e-10,0.085186848170314,2.39413538442558e-18,2.09168132984969e-14,0.914813151718784,4.93743002483411e-54,6
"19973",0.16333147196482,0.00844117339158573,0.00103845021839124,2.4736537808935e-10,0.000222404548118408,0.000291270134410021,0.826675229495309,7
"19975",0.000138030627698215,0.000250409319848307,0.0489807336243565,9.96095425286005e-18,0.737624120941847,0.00117311288594358,0.211833592600306,5
"19977",5.03703746782454e-30,2.26760270729687e-09,0.99939005010246,3.28117757472948e-28,3.03283318850303e-20,0.000609947629937656,3.11379881628294e-28,3
"19979",1.098295399335e-47,0.367915641579106,1.06357051115864e-14,0.632050412014359,8.02007574519495e-35,3.39464065238165e-05,2.19677524917103e-54,4
"19981",0.108764567296882,0.871489241880688,0.0159983476921407,0.000612208733174568,2.67567094115353e-12,0.00157684347448032,0.00155879091995898,2
"19983",0.132134053289196,0.843939172328355,0.0222596520629595,2.68457122445466e-05,1.3413780229298e-24,0.00164027660724214,3.14944914895078e-15,2
"19985",1.05583526337609e-05,7.16866596648861e-06,0.0025247140076499,9.30612806606544e-21,0.946102440759836,4.99565095490176e-05,0.0513051617043644,5
"19987",0.000829165086745206,0.984056934404179,6.2850174815187e-06,0.000133303686770416,4.59716799749231e-06,0.00515035167637231,0.00981936296045349,2
"19989",8.8724921568742e-32,0.0292809904884661,5.90358694585193e-17,0.970701366881243,1.92745809119181e-61,1.76426302906778e-05,4.23615586225066e-55,4
"19993",2.13835123758902e-12,0.995243893679409,5.65764147121093e-05,0.000349900619475825,1.33036957854097e-12,0.00434962928203142,9.02999253792322e-13,2
"19995",8.1731399803465e-13,0.984036842364394,0.000142675534242404,0.00397981727063736,6.78863661479423e-13,0.0118406648292172,1.25117966571257e-14,2
"19997",0.0172680349408579,0.00225155094872331,0.00175721082018645,2.66759406636954e-12,9.1033017445191e-05,0.000222442599896927,0.978409727670223,7
"19999",0.997093137545998,6.14893201848564e-06,0.00271419109849429,3.14364417380836e-20,4.63959216865366e-13,0.000153718575739432,3.28038472854117e-05,1
"20002",3.38418164292504e-40,2.81887008939552e-13,0.64477447601006,2.65803257513872e-38,3.96933196464658e-15,0.355225523989654,1.54333662819245e-32,3
"20004",4.72453746346627e-15,0.982198594621737,3.70701222565962e-09,3.50968730141259e-05,6.53875185472051e-12,0.0177663047893512,2.34144699156396e-12,2
"20006",3.34443868449637e-24,0.541607643328568,0.146788419036655,4.40282786730808e-09,9.50945297100581e-39,0.311603933231949,2.31464673698902e-51,2
"20008",1.58679026981207e-25,0.585231869734524,0.0130555365869867,1.73825465330498e-07,4.26674535941251e-33,0.401712419853024,8.89672573292702e-45,2
"20010",1.87764608019949e-10,0.236749811007376,8.51815128105962e-06,0.763222386782738,2.09121836432246e-33,1.92838708396554e-05,1.3684857471122e-26,4
"20012",7.70940802311511e-10,6.61049715640699e-06,0.984566808440752,3.58865313070403e-26,3.28525819067628e-05,0.0152761963859997,0.000117531323244695,3
"20015",1.24942586141576e-31,0.810725940952942,3.67535986580485e-10,0.185684904101607,3.22625100127306e-43,0.00358915457791506,1.96587741935391e-53,2
"20017",0.141288171872771,0.000126246888052629,0.00780076807544402,2.98639062701136e-17,3.26119377924072e-06,0.00075700348394686,0.850024548486006,7
"20019",1.55591286517539e-56,0.202908834671245,1.57105217855479e-14,0.7968753193139,5.31585934079723e-62,0.000215846014838661,9.31542739443048e-87,4
"20022",2.40287551893622e-10,0.248444087662294,1.58263445501166e-07,0.751554489091567,1.85617279355833e-27,1.26474240553272e-06,4.13131303218655e-23,4
"20024",2.98988183419732e-60,1.71820722980701e-05,3.40989985138551e-14,0.000206889167248754,1.32991423796089e-110,0.999775928760419,7.14817284767235e-104,6
"20026",2.98988183419732e-60,1.71820722980701e-05,3.40989985138551e-14,0.000206889167248754,1.32991423796089e-110,0.999775928760419,7.14817284767235e-104,6
"20028",0.00126457188596404,6.73592484259525e-06,0.000578085820942396,2.35281385684093e-18,1.63367389000541e-05,0.000105918220308448,0.998028351409042,7
"20030",3.40512519672814e-32,0.994510514285455,1.49774448963503e-12,0.000328942051608035,1.52046563822981e-19,0.00516054366143878,2.08819586038656e-36,2
"20033",0.000360492726788859,0.0369541104531902,0.00423329426221131,1.63672808351104e-08,1.55997275248602e-05,0.00451802843746817,0.953918458025536,7
"20035",2.24488364190079e-56,0.348789584338972,4.14466787848222e-16,0.648361756073303,4.57307770174812e-67,0.00284865958772418,1.90528771258156e-86,4
"20037",1.81412686710925e-43,0.230427393285651,8.53431937220893e-12,0.769289382588203,2.52494917585154e-81,0.000283224117611067,1.1024854236338e-91,4
"20039",4.67743102488536e-74,8.83483893134783e-16,2.49177946359314e-10,0.00986280899778111,1.37121100132748e-184,0.99013719075304,3.63193081261013e-134,6
"20041",1.15477220479005e-11,0.937201838598153,0.0592266245797966,0.000126414170597666,3.56540060810913e-35,0.00344512263990451,5.35468134384483e-30,2
"20044",3.46271629617109e-18,0.346120366012095,0.287126984614972,1.3413414791434e-05,1.43701140993109e-33,0.366739235958141,1.48437381408342e-29,6
"20047",8.822768344974e-70,0.0739113884455413,4.78067153383553e-13,0.92491174741454,9.92835681839089e-59,0.00117686413944016,1.14523997315497e-87,4
"20050",8.2875493841818e-22,0.0711053200255765,0.000141612086438918,0.881023584169906,9.04586717211546e-45,0.0477294837180789,6.54957141116878e-35,4
"20052",0.0404706255605404,0.865616151826408,0.0430581196641049,0.00855655846735688,1.84469751075292e-07,0.000539762330177203,0.0417585976816618,2
"20054",2.09793958842688e-20,0.979068506638414,1.89282819613383e-07,0.0203641366669114,2.01928168207247e-23,0.000567167411854973,3.08128563248027e-28,2
"20056",2.39082896248132e-26,0.000102262281647559,0.000380972512839167,6.42120994783887e-16,0.905190765280908,0.0943259999243319,2.72774092016882e-13,5
"20058",4.00503090075094e-29,0.116018770129256,8.0485189847776e-16,0.883946979601513,5.89188239899351e-67,3.42502692299628e-05,4.18966177755374e-63,4
"20060",0.604495458275257,0.300086827025278,5.63298234911107e-05,6.51285031240389e-08,2.27887701210648e-13,0.0937824856442141,0.00157883410302907,1
"20062",0.121257363232591,0.868141853364281,0.00818891237193817,3.23852922251733e-05,2.23253523717112e-14,0.00237858946493085,8.9627401142203e-07,2
"20064",5.61544777234766e-09,0.213926601265448,3.49371189475511e-08,0.78606707119876,8.80734269297487e-12,6.28632237647994e-06,6.52041264781498e-10,4
"20066",7.42882402671657e-51,0.959888384898797,7.80661668071664e-15,0.00429371611318681,2.61039337988542e-34,0.0358178989880078,1.24832257112425e-57,2
"20068",0.990773490217868,0.00285549899101298,0.00550004122199698,3.09465360433503e-13,3.47876082769618e-18,0.000870910689532218,5.88792799319274e-08,1
"20070",0.904898983333908,0.0222008472896798,0.0574803477884111,2.2522030933067e-08,5.00339893345263e-30,0.0154195298583831,2.69207586961161e-07,1
"20072",4.3000112000845e-25,0.695038162919582,1.45709044112728e-05,0.000184280059123027,2.4562919164328e-65,0.304762986116884,2.88085011679455e-63,2
"20074",2.50185934524928e-32,6.09983326658992e-17,0.00513153372391453,5.29544770605053e-46,0.994868242676992,2.23599093400714e-07,1.2899116638429e-18,5
"20076",2.38983106760172e-11,0.000879301138591433,0.862509280077797,2.34413345284957e-18,0.000105912055076725,0.13650550199649,4.70814611200861e-09,3
"20078",8.22211249792982e-12,0.573156180193145,7.6879857469737e-05,0.42666637869307,8.48437897375755e-20,0.000100561248092897,7.12439561750808e-18,2
"20080",2.02930004346796e-41,0.0403641824922195,1.50426833242527e-14,0.959631506849744,3.37643595018877e-50,4.31065802129257e-06,1.07059785048527e-61,4
"20082",2.97978974242754e-51,2.21672632326917e-10,3.01897083484813e-11,0.989135101296143,1.17299478672343e-113,0.0108648984519944,2.91008863857202e-74,4
"20084",6.95321142822922e-22,0.909932246678586,0.000723737467630899,0.0876932190711921,9.94030938851496e-15,0.00165079678258083,1.64018680391162e-18,2
"20087",5.44525820987712e-09,0.878415455400935,0.000106446090163138,0.120685015520997,3.30844280291549e-34,0.000793077542646657,7.49197956533874e-28,2
"20090",3.89180253069844e-40,0.0397925657239376,1.11904468934854e-10,0.960131904031382,9.29691840065924e-54,7.55301327756609e-05,6.13247611996402e-63,4
"20092",6.46449220013613e-14,1.25774332275421e-05,0.571241979038882,0.000596158561704094,1.4640206435098e-118,0.428149284966122,5.68127389498256e-63,3
"20096",8.17704718111096e-12,0.00639597972866923,0.942755239921565,0.00379914960208206,4.76793622372399e-44,0.0470496307395068,8.51592218648063e-23,3
"20098",3.01278587440371e-05,0.00753968958905734,0.00155205231207266,1.36266717263351e-09,0.000426333910728911,0.00188262389326617,0.988569171073464,7
"20101",1.88058077877409e-34,0.519836810826682,2.77997933588887e-07,0.479763147717072,4.04486463038733e-22,0.000399763458312335,5.85041553312035e-34,2
"20104",2.42031886134271e-17,3.16870126826151e-14,0.983847329606332,2.10564575454738e-18,4.25607257918969e-101,0.0161526703936368,5.72980537659826e-41,3
"20106",2.54019083222708e-21,0.129451774013993,6.0583180280281e-09,0.870535403546077,2.46873723477438e-18,1.28163816118816e-05,3.46145478854315e-24,4
"20108",0.000498643540121291,0.0163320487831404,0.000510774447008348,3.63063233287437e-10,0.00103405806690639,0.00295926863764523,0.978665206162115,7
"20110",4.01431703452897e-12,0.0152310218287918,0.942378227375791,6.38449580055464e-05,5.13337556838803e-24,0.0423269058333933,3.53784310786633e-15,3
"20112",1.69972543877846e-19,0.880482556468856,1.21649236988952e-06,0.117577306543746,3.30802183521386e-31,0.00193892049502774,1.67112296197151e-27,2
"20114",1.3760431998933e-15,0.98223571887868,7.82165840928316e-06,0.0138175895693891,2.07787129907629e-13,0.00393886987397229,1.93403358803143e-11,2
"20116",1.80487609686394e-18,0.998074478115454,2.28188573760718e-05,0.000758806696181244,1.47360247180378e-07,0.00114374897073899,2.67301182963886e-15,2
"20118",0.000158366898059622,0.832750250034438,0.00187407134976842,0.0348760991702279,7.69049734657482e-05,0.000190692711161751,0.130073614862878,2
"20120",1.32404138225129e-21,0.557453738956397,3.39934014295103e-10,0.440145368256225,6.21270455339039e-26,0.00240089244744317,5.89054075751946e-27,2
"20122",6.41668581182097e-14,2.65097047613536e-07,0.00299292167853513,1.64894186085037e-22,0.996905707566235,6.13390414066812e-05,3.97666167111309e-05,5
"20124",1.00598329590542e-33,0.615077971132732,1.58387545444359e-06,0.384117856894371,9.29214099572049e-84,0.000802588097442091,2.03595475285751e-79,2
"20126",5.59834526742994e-69,7.58951725826359e-12,0.00542026968728755,5.80551314977595e-05,1.1528574480963e-136,0.994521675173625,2.52745182757185e-113,6
"20128",2.89529004203319e-93,2.43724771388994e-07,4.01709973087024e-08,0.257275320647495,4.99765363767255e-142,0.742724395456736,1.36456308361456e-151,6
"20141",3.64510038570931e-16,3.33329448774571e-09,0.845198970752432,8.595387529116e-11,5.11403197333045e-43,0.15480102582828,3.82878177258254e-14,3
"20143",2.91405727279207e-23,7.19200251954695e-13,0.999821438117193,4.27853362987583e-36,2.32290029506853e-05,0.000153719920738163,1.61295839930969e-06,3
"20145",2.3509252730656e-12,0.0772061246044342,8.73989742574249e-10,0.922789427332183,1.77228357274212e-24,4.44718704211345e-06,1.05516034268574e-18,4
"20147",2.1743177251337e-14,0.0710853452669265,5.73637026787272e-08,0.928914213445387,3.67040982002759e-19,3.83923962018852e-07,3.41142781227558e-18,4
"20149",2.16501788903815e-20,3.26630832963767e-09,0.00127421817183414,9.9853065655166e-26,0.998706289504335,1.94890560800529e-05,1.44273550652888e-12,5
"20151",0.0020043097833032,0.00495866881921278,0.000117523567560273,2.89843435987082e-10,0.00602441764493207,0.000318953746421848,0.986576126148726,7
"20153",7.56172510293153e-07,0.0410678276823809,0.111113350740236,6.930097266373e-06,1.61555396445586e-14,0.841450388529029,0.00636074677856154,6
"20155",6.89524834275675e-22,0.329950641528605,3.93611891995582e-06,0.670039056614207,1.81294122194483e-34,6.36573826795266e-06,1.57552261725308e-41,4
"20157",2.03275164612945e-06,0.00201642499892542,0.000157603234389876,5.00742123993977e-13,0.0119744241687825,0.0373304361423286,0.948519078703427,7
"20160",1.26731475166249e-35,1.08764833530529e-13,0.000149050968580407,7.4463929565434e-33,0.999849871452859,1.0775784518687e-06,2.76634691896229e-19,5
"20162",5.45283295766658e-15,3.1554458072271e-10,0.000419913921106262,2.82108152502505e-28,0.99956848062431,4.21194180494939e-06,7.39319722875326e-06,5
"20164",6.01709180188246e-11,0.00459552948268317,0.822058632126352,1.02574895885799e-13,0.111524916768699,0.0618199163662239,1.00519576894058e-06,3
"20166",9.83716342454036e-46,0.06939997809259,6.69482205460911e-07,1.13650435938165e-08,2.30327290384992e-21,0.930599341060161,6.75343755682574e-47,6
"20168",2.87478648728681e-43,8.35601684851332e-10,0.44726466414288,1.48255184693137e-32,2.69951391658067e-21,0.552735335021518,1.78732888103398e-54,6
"20170",0.845622882134552,0.0152968330103741,0.0446098166089092,3.41081850383347e-08,1.21745829303674e-12,0.00337943844611684,0.0910909956906459,1
"20172",7.11775462558887e-11,0.0838385326764142,2.17468940412831e-10,0.916159466438136,5.20812510643018e-45,2.0005968032632e-06,3.57955433212991e-31,4
"20174",1.45606633670746e-05,1.0351506247207e-08,0.0244934921972022,4.00134647750171e-29,0.00141147724145016,0.000190904881177965,0.973889554665296,7
"20176",2.30217711331845e-22,3.54459517196517e-07,0.685267194631565,3.55647394077703e-27,2.48224266628395e-38,0.314732450908918,1.26275489057652e-42,3
"20178",1.2291048240685e-43,2.49497946367123e-14,0.000126258217326771,2.60922267484448e-33,0.999871579730561,2.16205208691473e-06,1.15325189888971e-25,5
"20181",1.63355545713991e-35,0.987418357956729,2.33882445582596e-10,0.000158678160447871,2.26246952368071e-11,0.0124229636263163,4.25084947494319e-30,2
"20183",0.947576807089066,0.048554285727366,0.000201014537501144,0.000755750998143599,9.42683336183311e-39,0.00291214164777738,1.45430086038006e-13,1
"20186",0.561262337240407,0.0409466192125454,0.00702667743827169,5.10461253443915e-05,3.0360973623642e-65,0.390713319983432,4.10497001816635e-28,1
"20188",6.7039601482446e-21,7.28249225253706e-11,0.00168801840276338,3.68616875867499e-29,0.998295813574604,1.60388982311548e-05,1.29051576463285e-07,5
"20190",1.42258837287579e-32,0.27267275499851,3.98769405765795e-14,0.72721935710016,5.26326773934184e-36,0.00010788790129034,1.35409241406651e-44,4
"20193",1.13283415202876e-46,9.41783419630176e-09,0.902139816948176,2.7878734571157e-32,3.05586769646582e-09,0.0978601705781224,3.1903709648722e-40,3
"20195",1.15404734932129e-06,0.616536334633406,0.171255247622407,2.91258740026783e-09,0.0208256341832683,0.140594959178513,0.0507866674224695,2
"20197",4.66367473555666e-14,0.1040272226367,3.13824524182712e-07,0.895970216814945,9.94128985497984e-43,2.24672378430254e-06,1.22502732592856e-35,4
"20199",0.000262727830068965,1.66068542445105e-05,0.0216061742100602,1.27143244214963e-16,8.83863137579002e-08,0.00034822117574122,0.977766181543571,7
"20205",3.19361710604983e-40,1.53159303092544e-10,0.000309349821460873,0.341276375804817,1.82127554683617e-141,0.658414274220562,2.79182556857836e-81,6
"20208",0.00631131441624024,0.929092449785578,0.00867429628428194,4.80357864063523e-07,3.21946121168972e-09,0.054324780143803,0.00159667579277152,2
"20210",5.68931168860156e-10,1.73852028326985e-07,0.00311550156720782,2.24342009363285e-22,0.951940090417642,0.000106265582664395,0.0448379680115265,5
"20212",6.72361677826123e-10,0.00560610755455237,0.0199970057645288,2.93939919626299e-13,0.951731226441539,0.0223533983114526,0.000312261255271677,5
"20216",2.85506390103815e-18,0.980182855231163,6.99755537396747e-12,0.0196138153502083,2.17714499887579e-20,0.000203329411631214,1.50337553364297e-24,2
"20219",8.70649517599643e-22,0.00821842935154798,7.02997620199528e-05,0.990925281457357,3.67340478907106e-41,0.000785989429075218,8.00189712714613e-31,4
"20223",3.09150872263309e-50,0.0457949363873217,9.81566881393632e-08,1.33601993304747e-06,8.7950251244077e-109,0.954203629436057,4.5886552213887e-124,6
"20226",5.00472559967363e-07,0.986397381482223,0.0118831261859376,9.46196229562287e-05,1.61344433556859e-19,0.00162437223632277,1.99478464585829e-17,2
"20230",1.02052629785905e-38,0.281229391900498,3.31342046499897e-15,0.718542620159132,2.73709497551515e-51,0.000227987940366884,3.01855154043242e-57,4
"20233",8.2491731164085e-32,3.17045123271145e-19,0.956946017752621,4.86887231831164e-12,8.68027703471446e-153,0.0430539822425104,1.81832097904045e-63,3
"20235",2.62426097306088e-35,0.491720883123577,0.00199864918334837,0.00561588169123462,9.62322270437897e-120,0.50066458600184,1.6740291514958e-102,6
"20239",2.65197397300244e-14,0.984619421842403,0.0106829109789092,8.93112477558248e-05,1.04495925184287e-43,0.00460835593090544,4.92239236728584e-47,2
"20254",1.00133726498921e-55,6.36268853409086e-10,4.6591851490895e-10,0.981950271615809,1.0601032430496e-135,0.018049727282004,3.95821756851672e-95,4
"20256",8.26537382020067e-22,0.296710534989724,6.08793890509841e-08,0.703279978235452,3.4697118744878e-55,9.42589543481802e-06,1.95759795508096e-50,4
"20262",0.000305119879130389,0.000142543796441836,0.000134963020649268,1.25874815182665e-12,0.00333880688265631,5.79375600024729e-05,0.996020628859861,7
"20270",9.24446352315818e-23,0.221655103714799,1.28107822959412e-10,4.40343588736646e-09,9.78644827695666e-20,0.778344891753658,1.80015531326872e-29,6
"20284",3.9547822693463e-07,0.00299696044642597,9.77782984476199e-06,0.00424891668265101,2.61098588868231e-66,0.992743949562851,7.96061227951441e-26,6
"20287",3.80181701847989e-50,0.882357296571418,2.9272115153754e-12,0.116174530414466,2.83082206173051e-69,0.00146817301118839,3.3368552670304e-95,2
"20290",1.21202796224882e-27,6.97104141464332e-07,8.38579423793722e-07,0.0109556903695072,1.09323558296167e-78,0.989042773946928,7.72166534951458e-43,6
"20293",7.01640076933124e-08,0.218702473236828,1.39234931411227e-06,0.781271865242387,1.06658056081895e-39,2.41990074632205e-05,4.40148318790969e-23,4
"20296",0.00139724045250117,0.0485343907530706,0.754758688280244,5.02949121410891e-13,0.00202407622052261,0.191038781970266,0.0022468223228928,3
"20301",4.37539450461774e-76,0.561340448926404,1.11963347136595e-09,0.000481493610447574,1.14843428076828e-39,0.438178056343515,2.3204810982512e-87,2
"20304",8.57127181113843e-46,2.85346448454816e-10,3.44522231384828e-09,0.990389903996263,5.57248065390686e-115,0.00961009227316804,2.02475883639645e-68,4
"20306",1.40055796325059e-33,0.143125772136963,3.0981986992033e-13,0.856173455947965,1.33585391465695e-80,0.000700771914761466,8.099291907398e-72,4
"20309",1.80182472389751e-11,0.807091748364708,3.03473247065145e-06,0.191818822284969,1.98704515732314e-30,0.00108639459983466,4.83319292492062e-20,2
"20311",6.67455827303348e-22,0.956875771629675,2.26069814802355e-06,0.040832504472272,6.45479287230625e-18,0.00228946319990504,4.69160554713788e-26,2
"20314",0.0580736795892261,0.0330660440839531,6.71338755633998e-05,1.51542881660494e-05,1.27794093823118e-06,0.000194658698026155,0.908582051524127,7
"20318",6.82138797419225e-32,1.70222797192022e-08,0.00363318502553302,3.00343930751892e-26,0.96498028184384,0.0313865161082384,1.0858369061789e-13,5
"20320",8.64411744657015e-10,0.0347907269649835,0.657288626409697,3.31700951989409e-09,1.32521026576415e-19,0.307920642443848,5.05560166598339e-14,3
"20326",0.000176507608961964,0.119996717956248,0.000650053186009629,4.67096092210572e-05,9.14222627168331e-07,0.00215897219166709,0.876970125225265,7
"20328",4.87356526769547e-05,0.161915335208318,0.155374457028068,6.93267145817489e-06,6.47392344448977e-24,0.682646913953375,7.62548610367749e-06,6
"20330",6.48809170988578e-24,0.973509310643496,0.00709704558133017,0.018004794660757,1.42308997511377e-46,0.00138884911441705,2.82037049947989e-55,2
"20336",7.43590620668798e-12,2.77900470580413e-05,5.40337015407258e-06,0.958862488331161,8.48699794469401e-90,0.0411043182441911,4.62154124964509e-35,4
"20338",1.22975360603261e-29,5.37018670220952e-05,0.0245729673844277,0.96258160300278,2.61561365547547e-65,0.01279172774577,1.05798287436215e-42,4
"20340",1.04289208821018e-41,0.832167996103657,1.62363755217023e-12,0.167530331075898,1.86580085605164e-56,0.000301672818821603,1.25565056033037e-72,2
"20342",4.12280800736481e-63,2.16194553507543e-14,0.955708264272595,1.20993218598349e-17,3.31926457299952e-96,0.0442917357273837,2.37919824837393e-92,3
"20344",5.0904614777659e-21,0.573033412920401,6.03260406539938e-12,0.426330956687942,4.11152359636755e-40,0.000635630385624419,2.64666345617983e-30,2
"20349",1.29707429852663e-26,0.199253220509569,1.12024739866824e-13,0.800701564437005,4.30403397841577e-59,4.52150533135185e-05,6.0095127736472e-54,4
"20351",1.62897231835992e-13,0.9922223344106,7.88633513556134e-06,0.00711363225644388,1.20510189746328e-28,0.000656146997657891,1.66507030070395e-21,2
"20353",3.64360243418542e-29,0.360010344560034,9.59905231606077e-05,0.63642097299838,2.00782942104121e-78,0.00347269191842512,9.31101099022789e-71,4
"20357",2.13805272714275e-41,6.5942564560682e-09,1.14638971012875e-07,0.623676144004391,4.61883153633092e-152,0.376323734762381,4.00789574632929e-98,4
"20360",2.66603048571609e-46,6.45310649806742e-07,0.862565213322021,1.56441400527993e-11,1.20924551114377e-121,0.137434141351685,7.87379887446912e-107,3
"20364",4.70765741808194e-12,0.449568532064043,5.81490991326462e-08,0.55034057491793,4.87321163909539e-27,9.08348642205346e-05,1.97376642463686e-20,4
"20366",2.1955348397288e-24,3.31843158075246e-08,0.000266603076273945,0.00407138677207613,8.19705507830384e-81,0.995661976967334,7.97125948686216e-35,6
"20381",1.3530542577919e-12,2.86602985643604e-11,0.999286614342637,1.41585866617587e-35,1.40274378062931e-21,0.000713385627349765,9.30304123971647e-17,3
"20391",4.36202559348462e-14,0.0045663420096684,0.049904430541159,1.37664014456728e-07,1.32748734807713e-112,0.945529089785115,2.88797087003497e-81,6
"20394",0.919399545735951,0.0348009092893165,0.0443552130966902,7.0936482135373e-12,8.08011150619864e-09,0.00116949332225701,0.000274830468580531,1
"20396",0.875310043565536,8.35263551977433e-10,0.124626896397789,1.25498447502518e-34,3.50364162944604e-16,6.28796221186934e-05,1.795792921083e-07,1
"20409",6.07468876564756e-15,0.991256771133915,1.55499919573918e-07,0.00058751600879369,4.19284771885663e-07,0.00815512671926396,1.13533295549723e-08,2
"20411",1.73891466135954e-22,0.00854057813124884,6.31041423114745e-07,0.991381226945173,3.50973649090158e-90,7.75638821548258e-05,1.22296028074384e-63,4
"20416",2.59428100345512e-78,4.54211347227584e-09,1.28471314875396e-11,0.956348498526047,5.23045929013329e-167,0.0436514969189924,1.09337224946497e-147,4
"20418",0.545269916280159,5.2263581515829e-11,0.453856898521889,9.32533503364774e-37,4.51098632580027e-13,6.51721493400181e-05,0.000808012995897241,1
"20420",1.45888714321405e-23,2.18269571278457e-14,0.445150768717959,3.00139119292285e-09,4.36353021730996e-114,0.554849228280628,1.36538744879514e-43,6
"20422",4.21143711837359e-31,0.986126005835452,1.06175010050445e-11,0.00883019742990999,1.97153334943114e-27,0.00504379672402059,4.12268889976014e-42,2
"20424",3.04170696105137e-22,0.0565255887622134,8.10873678073032e-07,0.943447192789504,5.57157525549709e-66,2.64075746046693e-05,2.65193185493693e-55,4
"20426",2.12248979461673e-65,3.24556425358171e-19,0.0584218029995776,2.25910029491897e-09,2.66853239231961e-110,0.941578194741322,1.3611903083927e-72,6
"20428",7.20541648956105e-07,0.96775650293654,0.0129014222241344,0.0175701261666404,4.48340973076672e-25,0.00177122813103574,5.28806356721186e-21,2
"20431",1.88798871138172e-10,0.86151810127601,0.00234073907422506,3.59942666165785e-06,1.83140176044304e-15,0.13613756002508,9.22212251446606e-12,2
"20433",3.40648132354855e-49,0.600074525985086,2.76400300320248e-08,5.59212104107389e-06,2.31063751930025e-72,0.399919854253843,2.68830507438697e-100,2
"20436",5.30715193497862e-30,1.10068950701807e-05,0.29645511382788,7.88876649339121e-21,4.47485872699795e-44,0.70353387927705,4.30025768971128e-57,6
"20439",8.99633502936782e-05,8.96243708017408e-08,0.19481873997436,6.34071746577183e-30,0.624371504001635,0.000903910410513326,0.179815792638826,5
"20441",4.29739730575436e-33,3.77706705334128e-06,0.0263939375121146,0.570156750170096,1.59117686159262e-117,0.403445535250736,1.54315080328512e-73,4
"20444",3.69060356454021e-32,4.22680758571104e-13,0.00025390894451149,3.16627336238157e-33,0.999743428399549,2.66265551663988e-06,1.26282748733186e-18,5
"20448",6.74740659409746e-15,0.0021902211842407,0.00547805496955058,1.36523695323803e-08,2.01938120767902e-23,0.992331709289654,9.04178364324284e-10,6
"20536",0.885014405022111,8.87267074808441e-05,0.109132405366125,2.67695098599243e-18,8.35152338874613e-35,0.00576446290428297,2.85113949599577e-22,1
"20538",1.07987636068627e-15,3.97197102216326e-05,2.00327091916806e-06,0.957143656940246,1.30148028057548e-110,0.0428146200786125,1.86819418357235e-48,4
"20541",8.73255825982617e-41,0.00882955964724872,4.79519638516189e-12,0.991144381986836,5.39966338970454e-76,2.60583611199123e-05,3.16003651568349e-76,4
"20544",9.17307238018899e-08,0.858427611308306,0.00160085796458191,0.139816824842711,4.35370091722712e-07,0.000145379437580147,8.79934600504035e-06,2
"20546",5.31883616239743e-16,0.0625832555957586,3.12748487898255e-12,0.937392659231538,4.36413580401387e-58,2.4085169575125e-05,1.87129722272935e-43,4
"20550",2.32264276228788e-15,0.937919583026777,0.0542415828270595,2.16858538950269e-06,7.50289123280353e-26,0.00783666556077159,1.83577280600721e-29,2
"20553",2.84271443031598e-124,2.32543045612644e-13,4.73435260874592e-11,1.00712194375663e-05,6.9142554151414e-148,0.999989928732986,1.16929017152869e-163,6
"20555",1.79677189404241e-25,2.96243224762716e-15,0.5590175648384,3.31561386452367e-08,8.56893264710849e-173,0.440982402005459,4.20077179440187e-78,3
"20557",3.58263869854691e-15,0.946268325882947,0.0155697963828093,0.0264245970468085,1.66256793574183e-26,0.0117372806874316,3.09901099470243e-20,2
"20559",4.95941677808182e-19,0.0734259682365811,1.60563098509228e-11,0.926573318952631,1.18574998561195e-21,7.12794731876082e-07,1.51475376426372e-23,4
"20561",0.771634407773169,0.113968312733691,0.0797853064500079,1.90702752872211e-07,1.65042084521552e-10,0.0111083665642074,0.0235034156111298,1
"20564",1.2291048240685e-43,2.49497946367123e-14,0.000126258217326771,2.60922267484448e-33,0.999871579730561,2.16205208691473e-06,1.15325189888971e-25,5
"20566",7.04742985573929e-08,0.82241630223889,6.24179783171233e-05,0.175536360744183,5.57496806974654e-19,0.00198484856431159,2.111475511121e-17,2
"20569",0.772675571785574,2.58584589640711e-05,0.00204581040543009,1.35108285905045e-19,6.30249644076624e-07,0.0014069362352173,0.223845192865171,1
"20572",0.000693689809687517,3.16842036360428e-07,0.00846949729263508,3.48131637667443e-25,0.000544454600306912,0.000683650677534721,0.989608390777799,7
"20574",3.38799257022341e-27,0.114835821335204,8.42438543160635e-09,0.885145987025001,3.2618406630535e-28,1.81832154091895e-05,2.12948027694486e-32,4
"20576",1.22472475033034e-23,4.7713679881302e-09,0.00190519119798436,2.00542169358613e-23,0.998031975125407,6.28212110509971e-05,7.69418910274899e-09,5
"20578",3.49145360464095e-08,0.836385972340823,0.000848985754961872,0.162717654829992,8.69501421949691e-09,4.73172547045107e-05,2.62099690918598e-08,2
"20580",1.04194755512704e-05,0.877161825377798,3.20538855492429e-08,0.122530123575129,1.24302506332633e-15,0.000297599054686627,4.62948412406844e-10,2
"20583",3.09728367242196e-33,5.3167261742438e-11,0.000112372235242482,1.68098056805796e-26,0.999880344626098,7.28308549183963e-06,1.92217742833966e-17,5
"20586",1.75477934262519e-07,0.625730342039471,3.28811986240059e-11,0.374008083103346,2.97005877665923e-31,0.000261399346367671,8.67637443393909e-17,2
"20589",2.01958063998511e-24,0.176508398677431,1.23008523151062e-08,0.823478077764922,9.37962661890108e-61,1.35112567951411e-05,2.04384370826524e-59,4
"20591",4.93597857383054e-08,0.00700377228849006,0.313159891092058,2.6899232547981e-05,7.78828065605883e-88,0.679809388027118,1.53819152696073e-43,6
"20593",5.14363315911561e-59,0.819796213832727,5.41603871236596e-11,0.17937532484679,1.97714731076741e-55,0.00082846126632335,1.03173753970522e-89,2
"20595",7.59787974542629e-19,0.173322274216056,8.62574631524864e-10,0.826674059841477,1.95923163118823e-20,3.66507989151382e-06,8.20025937667083e-20,4
"20597",1.45187404838779e-06,7.64938677495441e-14,0.999956043103361,1.92503366547049e-38,5.666748264582e-26,4.25050224588472e-05,5.47409123947935e-14,3
"20599",5.22812294087364e-34,2.6277582670646e-13,0.000173199331156898,2.90499985503413e-32,0.999824431402271,2.36926630870966e-06,3.74098516526787e-16,5
"20601",0.921472706158296,0.0733299906768627,0.00449163748774833,2.12533530315913e-06,2.39621779536648e-13,0.000355851105594652,0.000347689235955072,1
"20604",3.78943265227704e-41,0.241911640655702,8.97876769480961e-15,0.758026718412903,1.15280253073735e-33,6.16409313859977e-05,8.0745633346669e-48,4
"20606",1.59721109863603e-31,0.0884142644429559,7.19679896924504e-13,0.911580933041107,4.85662638239317e-40,4.8025152178051e-06,4.00254884754853e-52,4
"20608",3.76361989534508e-20,0.232559118727842,1.10164520257297e-07,0.7673567339088,2.5042266193221e-37,8.40371988367425e-05,2.74208564379639e-42,4
"20610",8.04223694562213e-20,8.35822359694622e-06,0.0446076510233928,1.83692507719297e-18,0.948677753539906,0.00670616255264493,7.46604593634479e-08,5
"20612",1.40739420162541e-56,9.4520691409909e-13,0.00229386718170954,2.28574278626975e-19,1.95297438380768e-85,0.997706132817345,7.36363962201573e-84,6
"20614",6.57935119446388e-14,8.99980853975023e-08,0.00071362419948709,4.87507216116743e-22,0.999261992585622,1.88195551220644e-05,5.47366161801507e-06,5
