"","V1","V2","V3","V4","V5","V6","V7","V8","best$classification"
"19811",8.72954537679964e-10,0.0018161396392046,0.000293511304099393,9.08742706262155e-08,2.06741836460473e-05,0.0385020016776077,0.959026893155517,0.000340688292699913,7
"19813",6.8464141696271e-12,5.91309460488784e-07,8.27757736436312e-07,1.66182812928732e-08,6.26449942415329e-08,0.999989617207584,8.86405446575544e-06,2.04006311196214e-08,6
"19815",3.77244922598633e-05,0.0389478462627705,0.0115116534376452,8.58664926135272e-06,0.00164239151916997,1.39060932713262e-06,0.947845530932047,4.87609751899247e-06,7
"19817",2.57678071961111e-07,0.00410394123605029,0.00226091842276758,1.80762633785223e-07,9.11804282168364e-05,4.35351778162012e-06,0.993299807481176,0.000239360473301889,7
"19819",0.671126776748809,2.07161845633892e-05,0.149062876525975,0.179706258115657,8.05400836161154e-05,8.61396270594652e-11,2.72556949761418e-06,1.06685742955471e-07,1
"19821",9.48255054275701e-09,0.000543204788229815,0.00470905229820925,8.48306553145416e-06,8.36437847176735e-07,0.0115386103915606,0.972558421887246,0.0106413816488252,7
"19823",0.00114990828222195,0.000510112146396742,0.00218466902518931,8.56363147608454e-07,0.575149082127302,1.10379719988535e-06,0.420957378336282,4.68899222608719e-05,5
"19825",0.000103629185447855,0.0030751033096693,0.00842489551889511,0.0836621234548657,6.33450831047839e-06,0.00251851754565679,0.000752318417043314,0.901457078060111,8
"19827",4.42374600608419e-06,6.27981689636624e-05,0.00279970522892677,1.36172294696344e-06,0.000228231387573779,2.82720237256361e-07,0.712039499385737,0.284863697639608,7
"19829",0.000133595805352896,0.000233855527095939,0.914946772989484,0.0790141813972226,1.22131842155815e-07,1.69814142894783e-06,0.000408454399690583,0.00526131960788243,3
"19831",0.104179479787468,6.09954985407991e-05,0.812802817220278,0.0799923818576489,0.00294363490253699,3.53990886453145e-07,2.01790169309027e-05,1.57725710327245e-07,3
"19833",0.13729967390061,0.00152705006695656,9.31565018186781e-07,2.17223265299394e-05,0.861126759002122,1.55080223065103e-06,2.68601822900269e-07,2.20437347099115e-05,5
"19835",9.48255054275701e-09,0.000543204788229815,0.00470905229820925,8.48306553145416e-06,8.36437847176735e-07,0.0115386103915606,0.972558421887246,0.0106413816488252,7
"19837",3.72236295153393e-07,8.6893479656824e-05,0.0133890508039563,1.55596436905019e-06,1.62686899606844e-05,1.90870030946176e-06,0.972029646817508,0.0144743033079445,7
"19839",1.30228867545814e-05,0.00168140691324536,0.715771082413849,0.249418592138412,9.0087723438842e-07,0.00143010755310979,0.00136962776072073,0.0303152594566742,3
"19841",1.81866961792868e-09,2.64694626512817e-08,1.41516026625752e-06,1.73881422889448e-06,1.37951393084983e-09,1.83204197734887e-05,6.12564293524209e-06,0.99997237029515,8
"19843",2.05908658813971e-05,0.00208571070578335,0.0324159653646959,0.956135979678891,2.8895000766486e-07,0.00934004442098816,1.41329805189417e-06,6.71570133451828e-09,4
"19845",2.23570020573703e-10,0.000147587475760055,1.01281857997462e-05,1.55413541728933e-08,1.7114882039316e-05,0.948868258767548,0.0509522694111956,4.62551273292581e-06,6
"19847",3.31279043564476e-06,0.0378037753559003,0.0504346676777977,6.46286034962351e-05,0.000741803705588184,0.00930811653464025,0.901636680743454,7.014588688e-06,7
"19849",1.34466886640616e-12,1.2709468432025e-07,9.58868582416425e-08,1.25854629247577e-09,7.23599491805704e-08,0.999972560281352,2.70953440334131e-05,4.77732316256533e-08,6
"19851",1.77654588829754e-07,0.0013026560058782,0.000533342780980797,5.99951938811254e-08,0.000309756892579419,1.28955277248156e-05,0.997830407846538,1.0703296516434e-05,7
"19853",9.0157946765058e-08,0.000121021406885043,7.70117303273213e-06,8.96174786108727e-10,0.0737645173791096,0.0106470433060446,0.915329520596546,0.000130105084260411,7
"19855",1.22072602975266e-08,0.000171393673807454,0.000101944209408457,2.5892029702209e-09,0.000387206563575941,0.000571744027240645,0.997527201424468,0.00124049530503641,7
"19857",6.0826854191306e-08,0.0112453795162766,0.134305303418885,5.5977765499544e-05,5.28880876283692e-06,0.0167310301243952,0.824804191177521,0.0128527683618049,7
"19859",3.63221982120092e-06,0.00351848346435607,0.0216662701395869,2.59160118751507e-06,0.0005472705426418,9.9399755230092e-06,0.966969522120799,0.00728228993608476,7
"19861",3.68592340294725e-09,0.000743735465377719,0.000325354698852119,8.78474829570362e-08,0.000155457950752146,0.14095742675926,0.857804435016582,1.34985757698261e-05,7
"19863",3.69494369397961e-12,2.79670707046043e-07,3.20042463872764e-08,6.75467748887858e-09,3.1500892417823e-08,0.993127283880688,1.86464591766055e-05,0.0068537197259169,6
"19865",9.53796289633103e-10,3.64610372771835e-06,3.75089774145318e-06,3.70405336643956e-08,2.12570899985706e-08,6.20359978903902e-07,0.00230873420067696,0.997683189186455,8
"19867",5.45636015667593e-07,0.0175962257543273,0.0044782908667797,7.40604932645457e-06,0.000331786620490398,0.00771825826273109,0.969866524563183,9.62247146092724e-07,7
"19869",3.0060723611374e-12,1.09331631970845e-06,7.15951282259554e-07,7.13140676416299e-10,5.80857081571169e-07,0.994315612032153,0.00566391748572779,1.8079641288629e-05,6
"19871",6.57509089942891e-06,0.00111112360131531,0.0656437584446877,6.3532161219523e-06,0.00015882598696566,1.35959987900535e-06,0.906781857132255,0.0262901469278756,7
"19874",1.39134474863256e-07,0.000531795770504454,6.71657382757954e-05,7.91841906793348e-08,5.33377119343326e-05,3.26093315964901e-06,0.295207376498937,0.704136845028523,8
"19876",7.56657525655422e-10,1.75450996367129e-05,2.61299936633382e-05,2.95027300047943e-09,7.95205839140228e-06,0.000177554313530157,0.884899398071633,0.114871416756215,7
"19878",1.91013506844456e-05,0.997299332652925,0.000203051535095639,0.00228853324763198,1.11567599426666e-06,2.46736986570841e-06,0.000185312164110546,1.08600369209583e-06,2
"19880",5.32221697336484e-11,8.30528978473896e-08,2.54659908580804e-07,5.38181207137039e-10,6.39618691102357e-08,7.00376408305388e-06,0.0017779254665867,0.998214668503251,8
"19882",9.5279127313366e-09,0.0103780681466288,6.27853583389945e-05,2.01127108966797e-07,0.000184545584770209,0.239713654279901,0.749148015223446,0.00051272075189408,7
"19885",6.15055139379557e-07,0.0100413597178443,0.0856655715606868,2.12355878157966e-05,6.65620626435465e-06,6.81845683816598e-06,0.904009995089809,0.000247748325601852,7
"19907",7.23348722887735e-08,0.0172944552971217,0.000923187711148923,2.45542700261721e-06,7.60139000340205e-05,0.0752383021345059,0.906459462833686,6.05036162845029e-06,7
"19909",4.37508571383189e-06,1.22134380845463e-05,0.991395515276389,0.00797988865160911,2.23622618680629e-07,2.96146703149225e-05,0.000577647783966544,5.21471303200729e-07,3
"19911",0.000133706967568059,0.000176273089694885,0.973318700603871,0.0172535618310794,1.56260981156129e-05,4.60233499085868e-06,0.00276428243789126,0.00633324663678905,3
"19913",1.00115307200867e-09,1.44616493225763e-08,1.06732296984326e-07,9.53319867559892e-09,1.50422091331672e-08,1.24132079794707e-07,9.08149389695004e-06,0.999990647603516,8
"19915",8.32708469887363e-08,0.000155169571337911,0.000113407899332056,3.39806401118254e-08,3.86364422003332e-05,1.20048570440623e-06,0.770582367456548,0.22910910089339,7
"19917",2.90738533235719e-08,3.15277915899119e-05,0.000105810155873669,4.14711013322796e-07,1.64881125996349e-06,1.31767218805416e-06,0.0109467182233246,0.988912533560897,8
"19919",1.22184127061195e-06,0.00485732241571046,0.00239154363787206,8.87779463551336e-07,9.00081797287399e-05,8.42870983300123e-07,0.906174018302984,0.0864841549719871,7
"19921",1.34990543494858e-07,0.00797846142164554,0.00244844579916805,6.22553436927831e-07,0.000126313833629195,0.00020488052633737,0.989238079772487,3.06110275287994e-06,7
"19923",7.77262044322601e-05,0.993170208038464,0.000766441560365741,0.000131169280131079,0.000474539857721717,8.90931011917345e-06,0.0053709701625104,3.55862548838525e-08,2
"19925",4.17863290834517e-08,0.000119411586040508,4.43751365623515e-05,7.75268308747268e-08,4.87588030220298e-06,5.16657917541304e-07,0.0822547894714022,0.917575911954615,8
"19927",7.61306246071165e-08,0.000319077723572246,0.00099663072897907,3.92260732844434e-08,0.000144948993938687,1.55712315207346e-05,0.998469533173664,5.41227916272495e-05,7
"19929",7.50167134926495e-12,7.8937945026051e-08,1.68486404816295e-07,1.0785706941862e-08,5.008874979567e-08,0.385615851160353,0.000148269383118365,0.614235571150221,8
"19931",2.59423131354767e-06,0.00119867325031621,0.00677026114516737,1.69537980825532e-06,0.000194196115362476,5.26757952569631e-07,0.991518764094344,0.000313289025735625,7
"19933",0.000201619388157759,0.000163963767502275,0.944541095833177,0.00399919347137226,9.07435112299894e-06,1.01684721888516e-07,0.0509466499889146,0.000138301515031144,3
"19935",8.35624160267447e-07,0.023347506346626,0.226818260246041,0.00237452165589357,2.26742136083538e-06,0.00064221476437798,0.746115316381738,0.000699077559802935,7
"19937",6.12825368671925e-06,0.0047792426882138,0.00297864849848457,6.06556888388537e-07,0.00146745194786957,1.79462868034549e-06,0.990761135991608,4.99143456813405e-06,7
"19939",3.65674660902853e-06,0.288595879222346,0.00155013674519302,4.242101123669e-06,5.68464824270388e-05,3.42885506714439e-06,0.709229911824569,0.000555898022665882,7
"19941",1.71083660419573e-05,1.24499417245005e-05,0.886663474086692,0.077508002375635,1.34018601012099e-06,0.000132357483567913,0.00180926598132545,0.0338560015790028,3
"19943",8.85077899466588e-09,7.59926596382879e-07,1.21957667443849e-06,7.59567788288865e-09,2.94807521139908e-07,4.32638451969487e-08,0.000665550491077289,0.999332115487829,8
"19945",0.000577686759669505,0.00386670491769154,0.971873384188307,0.0128166662883535,2.98869822909704e-05,5.20383155327498e-08,0.0108293670166108,6.25180876123062e-06,3
"19947",2.0065231814058e-05,0.000269680193235268,0.218221512062615,0.0038889519449112,1.51724623358474e-05,0.0163128143819454,0.00555024629843466,0.755721557424709,8
"19949",0.000818473690448546,0.972281996646779,0.00915522811053727,0.00202026806949694,0.000120805388435348,2.58656821011097e-07,0.0156026996494008,2.69788081821511e-07,2
"19951",1.78755645507609e-06,0.055081419136432,0.00145478050942888,3.59378224512634e-05,1.3661848884863e-05,6.35632116813103e-06,0.273247227663664,0.670158829141516,8
"19953",0.859095713711814,0.0019099499586905,0.0779734621732193,0.0231903860551264,0.0376632278616063,2.0873837429653e-08,0.000167226106420709,1.32592856916857e-08,1
"19955",0.0215380975432974,0.315042164308284,0.538756699340658,0.122807380134857,0.00155523350173871,8.51145786109252e-06,0.000290939017911418,9.74695392463814e-07,3
"19957",5.27560392275731e-05,0.000209286233786227,0.0109157878087938,3.97513808827678e-06,0.00669783897574495,1.28860631660122e-05,0.0695076921432069,0.912599777597986,8
"19960",0.000113467391394245,0.00560115295730907,0.768733846249902,0.224953585945933,2.01447727734902e-07,3.15533501179537e-05,0.000373768240545245,0.000192424417070631,3
"19963",0.00276097295433961,1.7140020954202e-06,5.24310405636118e-05,3.29184545482044e-05,0.0770275512859878,1.55012294519005e-05,0.000121095284846948,0.919987815748166,8
"19965",0.000331556771026891,0.140996374134871,0.141461818349385,0.717157273572793,1.12290386538182e-06,3.75033055566606e-05,1.43446570413602e-05,6.30546165573682e-09,4
"19968",4.43275788783832e-10,3.50927373173328e-05,0.00138724647783487,0.000100222872342139,3.44149692084092e-09,0.220754615264827,0.0129200407797671,0.764802777983139,8
"19971",0.000755939829062692,9.02799806774748e-06,3.37382472335418e-05,0.000175830959234431,1.33608425006013e-05,9.19885251037168e-08,2.96008294637514e-06,0.999009050052429,8
"19973",9.00784530261448e-09,0.000564758253111483,0.00119414619363586,1.75112690808592e-07,3.52038229173719e-06,2.04894202307507e-05,0.996798233008857,0.00141866862133717,7
"19975",1.21137267160298e-09,4.1169995755348e-05,0.00010663388445446,3.00094402564603e-07,6.16695080062313e-08,1.79771118432492e-05,0.0316218530034242,0.968212003029239,8
"19977",2.02140482832706e-06,0.000431969115891911,8.42796624278796e-06,6.98712898780538e-06,2.43590989886702e-05,4.38539318106828e-05,0.000270152835920831,0.999212228517329,8
"19979",0.00352212660958886,6.34083830135832e-06,0.113357653037517,0.88311338908165,8.07806400066860e-09,1.222823267579e-10,1.29343705402098e-07,3.52888890694182e-07,4
"19981",6.51751383843399e-07,0.00109851412575698,0.419559590344704,3.0619235492536e-05,6.50754385735085e-05,0.000668081666832763,0.578411381783585,0.000166085653672143,7
"19983",7.07091122231001e-06,0.414889474127849,0.216485435428824,0.00016582394804332,0.000125843222034838,0.00051185361107674,0.367803109665552,1.13890853978242e-05,2
"19985",2.86259875069237e-09,0.000118430765010768,2.66666550831427e-05,9.53909893799875e-09,6.22362300847779e-06,2.57946158307389e-05,0.307162658196819,0.69266021374255,8
"19987",1.28012036458276e-05,0.00030275205063901,0.329295852306678,0.000246100537001715,1.90768963704178e-05,2.52182758060942e-06,0.649786020671468,0.0203348745066168,7
"19989",0.0317306576325691,0.000171030420035187,0.184186764176082,0.783907982779837,9.73144510577376e-07,4.15931191120342e-10,2.59036989488269e-06,1.0611394220782e-09,4
"19993",0.000381131967323606,0.731414767350239,0.0877613745016382,0.0144167992025006,3.89727231644467e-06,3.55150478439178e-07,0.156898624961907,0.00912304959359662,2
"19995",0.00015431863502933,0.0483290704496469,0.774986123363157,0.0715225980778385,6.41169515339392e-06,4.04703818478506e-06,0.101577199437019,0.00342023130397106,3
"19997",2.20241734519274e-08,0.000345591682775698,0.000311841554244155,4.92834036695309e-08,5.28316109394232e-05,1.90272003477557e-05,0.99663265433404,0.00263798231007587,7
"19999",4.84714876872428e-10,3.88524649334185e-05,6.97334582289095e-05,3.40943671553171e-09,8.08009964654538e-06,0.000518718037099756,0.985532394257097,0.0138322177888426,7
"20002",5.2098511751609e-08,3.44173988702071e-07,3.65868245338301e-05,7.2778006835415e-05,2.14726445301068e-06,0.475636088084971,0.000294605242737242,0.523957398303969,8
"20004",5.47344144172299e-06,1.33787218731629e-05,0.970386545739502,0.0106822096387987,1.00234931173171e-06,8.02294702225671e-05,0.0178906988262284,0.000940461812621928,3
"20006",0.000724233277720774,0.44519542134673,0.441364435753942,0.108824443650426,0.00010221478023219,0.00160787301354528,0.00170663658565124,0.000474741591753085,2
"20008",0.00112602095047585,0.819826107179366,0.00891199028183391,0.169042644231458,7.09857214702641e-05,2.59944479348634e-05,0.000960375961709391,3.58812257515488e-05,2
"20010",0.0382966725301844,0.486174151538152,0.40806321669508,0.064071890204295,0.000183895057539035,5.35933070924037e-09,0.00320912636733628,1.04224808247967e-06,2
"20012",5.02549405131148e-09,0.00248392844282071,7.32773423935139e-05,9.30712433331141e-07,7.85762401442686e-07,0.00878795017672052,0.260300174961337,0.728352947576399,8
"20015",8.51556558916006e-06,0.0012809085058591,0.0326312673117201,0.966078440427265,1.99695729069188e-10,1.97641545053375e-07,6.64943027904812e-07,5.40529774820117e-09,4
"20017",1.13046288160379e-09,6.54660113944122e-05,0.000383523808080878,1.53556542559204e-08,1.04745438093338e-05,0.00163771590845434,0.991347882344003,0.00655492089814055,7
"20019",0.0106410893713716,0.000105065620477641,0.0054655413576889,0.983788292446289,7.68474438503943e-09,1.06519572568489e-11,3.04234251039252e-09,4.66433960920379e-10,4
"20022",0.00150910007649708,0.00492466844892568,0.95718700112103,0.0360017673962094,3.1202058497603e-06,4.59536847850819e-09,0.000374077295286175,2.60860833760275e-07,3
"20024",0.771195112641121,0.000132452021671799,0.0137275948853491,0.214712348156841,0.000232215978419385,1.62427821618249e-08,2.53595374033946e-07,6.47844178100724e-09,1
"20026",0.771195112641121,0.000132452021671799,0.0137275948853491,0.214712348156841,0.000232215978419385,1.62427821618249e-08,2.53595374033946e-07,6.47844178100724e-09,1
"20028",3.72395950165877e-09,1.36468272220733e-05,5.9346427315068e-05,6.83462858583546e-09,3.16276561588852e-05,5.56956544736915e-05,0.960383411224883,0.0394562616513589,7
"20030",1.9602586812476e-05,7.13531308967765e-06,0.41780939272884,0.582079442551062,5.01949842397611e-09,3.21594180751712e-06,1.9582545307863e-05,6.16233135820229e-05,4
"20033",2.443096459e-07,0.000205988915367368,0.0124667429308999,3.04720854552994e-06,7.97027533908207e-06,1.85550893667936e-05,0.863540559059693,0.123756892211142,7
"20035",0.0225549339756473,0.000244087366210234,0.00921465483581601,0.967986291224506,1.63522701582976e-08,4.04059011033696e-11,1.55471491918087e-08,6.57995678585362e-10,4
"20037",0.000996503355947459,0.000583900983341671,0.0128140756217624,0.98560549068514,8.96678447784478e-09,1.97606424958011e-09,1.83959515015799e-08,1.50083969728436e-11,4
"20039",0.997803126642816,2.03902060803709e-05,2.87355524833428e-06,0.000101012687630323,0.00207259302146547,1.13135070650607e-11,3.86933289475601e-09,6.11308708359985e-12,1
"20041",0.000260809024731294,0.98131864820205,0.0141551876226724,0.000231710878566479,0.000346339344633889,2.29253417770395e-06,0.0036683215627853,1.66908303830467e-05,2
"20044",0.00330329996645333,0.86667163497572,0.101447374267699,0.00221831333018194,0.00147757664807355,1.32917917825074e-05,0.0235884103450109,0.00128009867507884,2
"20047",0.033926975823712,4.00417200828831e-06,0.00713190428886483,0.958937078283182,2.74458068014672e-08,6.8938309617463e-12,1.19605589676856e-09,8.7834762473486e-09,4
"20050",0.572053745477142,0.40534090825381,0.00764967652449749,0.0121372138662276,0.0018185208890157,1.6948674156876e-10,0.00099334299297445,6.59182684604018e-06,1
"20052",0.000193014478279129,0.0275329742344089,0.108193447250939,0.000141220017048364,0.000846217389888085,2.29152440887687e-07,0.840527966161352,0.0225649313156435,7
"20054",2.29778478626913e-06,0.000176020687140909,0.853768956467244,0.146002952558191,1.87811553973504e-09,9.43112816601893e-06,3.87781785771399e-05,1.56131777898191e-06,3
"20056",2.63765927973438e-07,1.36168041145859e-06,5.17187210288532e-05,6.81650780227855e-06,2.57831733077021e-07,1.51343567149718e-07,0.00134664258220563,0.998592787567324,8
"20058",0.00683248703114857,0.000385320374635903,0.192585630424937,0.800194499482612,3.67157778878916e-07,6.38098480767801e-09,1.68892914388388e-06,2.18759417783571e-10,4
"20060",7.27543784802494e-07,0.00166922849813587,0.00321066790591727,3.61971101369205e-06,3.17408734739433e-05,8.08817106674811e-06,0.994996570146751,7.9357149856983e-05,7
"20062",2.64450097762312e-06,0.316922700009925,0.020903453420455,9.57053635757192e-05,2.05566154438947e-05,1.63165950714815e-05,0.66199018138647,4.8442108080675e-05,7
"20064",3.71272627877644e-05,0.000170286208361383,0.984057746219066,0.0130995243693402,2.18526225740537e-07,2.43481694869443e-08,0.00260290852334278,3.21645427065665e-05,3
"20066",9.40447011666643e-05,2.19525384866208e-06,0.10611337123395,0.89378593122399,1.1844822403419e-09,2.56418266881749e-07,6.14452935113882e-07,3.58553136063764e-06,4
"20068",2.26126978543878e-08,0.0130828278964932,0.00063772823666194,1.77836959737373e-07,7.05839782042702e-05,0.000953092148127973,0.985236992780464,1.85745103908221e-05,7
"20070",5.0496075114536e-06,0.0248845189689593,0.000910669695140326,4.44521083139699e-07,0.015564916158642,3.98089600083661e-05,0.958582875159502,1.17169291529563e-05,7
"20072",3.53905943292536e-05,0.0163611219963953,0.343808163227691,0.634675734115428,2.26346715637937e-07,0.00506342123717045,5.5935328667453e-05,7.15360243573952e-09,4
"20074",2.72358613696037e-11,5.79702872877951e-08,2.33712121205607e-08,1.79260181111796e-09,1.86818286744089e-08,0.000160024556505517,2.76112101901774e-05,0.999812262390139,8
"20076",7.00875636219142e-09,0.000284158146809328,0.0329501019135527,0.000249964616616332,1.3450331986977e-07,0.318660318788587,0.0276110705986209,0.620244244423738,8
"20078",0.000618249538896197,0.00174201485128763,0.975560049067186,0.0186005780315561,5.05660625531091e-05,1.49521152760992e-07,0.00340538892147027,2.30040058982694e-05,3
"20080",0.0115852066730748,0.000168541314799967,0.0496680637241374,0.938578058355717,1.70162055553429e-08,1.0070889319044e-11,1.08450201896543e-07,4.45579248663014e-09,4
"20082",0.998065988190419,3.1154350066093e-06,0.000283981705858353,0.00028027343524428,0.00136637720199108,1.09994472362375e-12,2.5927979442516e-07,4.75058641102108e-09,1
"20084",0.00679868018256335,0.000269071504477396,0.938702732926062,0.0368354631739604,0.000157141345465552,5.14901200197259e-08,0.00172532602557478,0.0155115333517768,3
"20087",0.000257972234351042,0.078150940092012,0.812016496856635,0.105789667638101,3.18408202126192e-05,1.85119489371269e-05,0.00373442003109595,1.5037865517949e-07,3
"20090",0.159532195348779,0.0363121516002659,0.0220665476057791,0.782086905758699,7.61007907107566e-07,2.26385598159246e-11,1.40963628830294e-06,2.90196437422899e-08,4
"20092",0.00698746914218606,0.0552503534969209,0.00767027339979545,7.36902701264308e-05,0.928157089431659,6.56323746331451e-05,0.00179548810790818,3.77677053472833e-09,5
"20096",0.00571363696657339,0.0201197804903928,0.0105037047131339,1.9558736770876e-05,0.909833094329645,8.21749324123331e-07,0.0526287680511673,0.00118063496299316,5
"20098",4.49053738765413e-07,0.000339145924463677,0.00216960957909506,6.53954871269135e-07,1.75466208878764e-05,1.91080059325555e-06,0.890292658087095,0.107178025979255,7
"20101",0.011369516388999,0.000508518750903045,0.343760153706078,0.644228460148851,5.36401516307467e-07,7.44351979794377e-10,1.86614926668635e-05,0.000114152366633296,4
"20104",7.38876003664202e-06,4.6470857955158e-05,3.21963495958078e-05,1.17172857937439e-08,0.9858160991602,0.00738392814008911,0.00669879595628513,1.5109058552554e-05,5
"20106",0.00052179161529836,0.00950744150038449,0.511365701529986,0.478359866689995,2.20917356707623e-08,3.61258907508258e-09,0.000201810147253389,4.33628127584085e-05,3
"20108",2.48544520960412e-08,2.42784434044585e-05,0.00449286317223039,8.09215700207917e-07,9.30704955234709e-06,7.99313465722621e-05,0.989970144451796,0.00542264146629167,7
"20110",0.0266178235546244,0.458726904210159,0.0061752743458706,0.000143489771741195,0.177498810101203,8.41589807369818e-08,0.22676270802376,0.104074905833661,2
"20112",0.042114736445791,0.503101830183374,0.197345454291849,0.253871697077526,3.07046395920554e-05,9.73322333225022e-09,0.00352409937277324,1.14682558704755e-05,2
"20114",0.000286038164932544,1.44965365654724e-05,0.970318780306471,0.00598742253810366,1.81382412696293e-05,2.30733909989025e-07,0.00687709828311295,0.0164977951956349,3
"20116",3.63287242288048e-06,4.36620146627457e-05,0.9560510757613,0.0354350316637361,2.40416838572011e-08,1.12124047884179e-05,0.000749386710068102,0.00770597453133802,3
"20118",3.56980477102454e-05,0.00046482705870194,0.598928121891261,0.000191312128054871,7.01253411993695e-05,7.56314713297552e-07,0.369616095154114,0.0306930640642453,3
"20120",0.173918185213202,0.00854310674834776,0.635408055321758,0.179533715462237,2.45978653071101e-05,4.82063266969035e-10,0.00196883751440678,0.000603501392678211,3
"20122",5.21709609310173e-10,2.7373744084452e-07,1.428444734098e-05,2.80427036216338e-08,4.26154656928715e-08,5.43009505387327e-06,0.000983320943822563,0.998996619596463,8
"20124",0.00773379734603055,0.00135689753158544,0.351943845940821,0.638960618155322,3.98068032435636e-06,5.78439556680151e-08,8.01861414280527e-07,6.40546206533376e-10,4
"20126",0.949322684543366,5.42105203204519e-05,0.00222170991636297,0.0020346178343009,0.0463665145375442,3.61796411150892e-08,1.45919551792605e-07,8.05489122614476e-08,1
"20128",0.85409430744022,1.66554347093996e-05,0.000299109968320197,0.145576595063767,1.3331887344435e-05,3.65880102095199e-11,1.14032907353858e-10,5.50181108390064e-11,1
"20141",7.73940623764544e-05,3.82726790974631e-05,0.000592994239049933,2.79408243040513e-08,0.762011181899934,1.30398271285966e-05,0.224639412267786,0.0126276770838038,5
"20143",6.8849513416165e-11,6.76896967375578e-09,2.92184032091942e-08,1.3537627777162e-09,7.90913185716734e-09,2.25066405338325e-06,1.45857593665006e-05,0.999983118257463,8
"20145",0.0126569861453661,0.00828538845446774,0.900149104664987,0.077400704175091,6.25696108926915e-06,3.79245981820132e-10,0.00149966250086317,1.89671889030682e-06,3
"20147",0.000179951709532595,0.000384559121295091,0.95400208246763,0.0453040339804085,1.29845640779878e-07,3.33548338674538e-09,0.00012823198236818,1.00755764210425e-06,3
"20149",4.97678411715819e-10,3.87504707979461e-07,1.2521859486453e-06,2.86553359072755e-09,3.14957140418732e-07,2.66288225483051e-06,0.000966117429769189,0.999029261676967,8
"20151",1.69457033650003e-07,0.000461174829066923,0.00150934167274531,1.10191958604379e-06,5.83973245928083e-06,1.41215620750109e-06,0.968007537280454,0.0300134229524474,7
"20153",0.00176141357471575,0.00386677915142733,0.00269036253100363,2.30095882198309e-05,0.00501125726245687,1.61933636390431e-08,0.425168879359018,0.561478282339795,8
"20155",0.000832679755293736,0.0680248550216468,0.50826195890068,0.422858630582944,1.03958295625112e-07,2.72838061466034e-08,2.15513480571543e-05,1.9314927611957e-07,3
"20157",5.54404818443054e-07,5.2526270623529e-05,0.000548225621523135,7.44329833101226e-07,1.97430247195801e-05,1.35247973072727e-06,0.668423352857653,0.330953501011098,7
"20160",2.58017363458047e-10,1.07057956393538e-08,7.89351737782129e-08,2.60909110277955e-09,1.2793967841394e-08,2.9912396313161e-07,2.4106297129071e-05,0.999975489276862,8
"20162",1.72789857482901e-10,2.36937564079925e-07,6.92484119808596e-07,9.25780798526597e-10,1.67135367346821e-07,3.61570886960856e-06,0.00509989975857123,0.994895386876937,8
"20164",8.90766394856222e-07,0.000877982935795917,0.000108488609579731,1.92368022040972e-06,2.70663472791688e-05,1.22948577159975e-06,0.056227956848823,0.942754461326135,8
"20166",6.10024787755429e-06,3.56191229033216e-05,0.0590901548391075,0.940407236678813,2.45552514427339e-09,6.14834218020773e-05,8.19278149284716e-06,0.000391210452478373,4
"20168",2.55546509122491e-08,5.87495575382437e-06,0.000253356768652993,0.00187431160024355,4.32930049009808e-08,0.997336011884989,3.67559081095015e-06,0.000526700351893364,6
"20170",1.40285619960484e-06,0.000180984256498783,0.0037623827793026,3.32221280661334e-07,0.0002252802699013,7.85291762423349e-07,0.803243482652092,0.192585349672962,7
"20172",0.00147420587941372,0.00156308632536584,0.959640917400576,0.0371321300250806,1.96488120683852e-06,5.77547251456988e-09,0.000187685697598999,4.01528584292028e-09,3
"20174",1.28259690594971e-10,2.29935489679798e-05,6.25370197998231e-05,1.16154816326802e-08,3.14994585029099e-06,0.143460851856774,0.751537871615505,0.104912584269361,7
"20176",5.05107901378693e-10,6.77095234021153e-06,3.46308054229736e-05,1.92547100535861e-05,1.93802544604148e-08,0.99992211086545,1.56730646467843e-05,1.53971672454339e-06,6
"20178",6.63787474007368e-10,1.25180144783318e-08,6.01168768081842e-08,3.8292984007634e-09,1.46205340419769e-08,1.24838385152585e-07,1.13728044187658e-05,0.999988410608685,8
"20181",3.79800139665113e-05,1.27840881419625e-05,0.374153834077073,0.621853160762943,3.37876763018862e-09,5.81085249881636e-07,2.77638440565181e-05,0.00391389274980184,4
"20183",7.68672249597646e-05,0.00909788559296573,0.0687694912762485,1.51276350816207e-05,0.00407316903710438,2.78530214655012e-06,0.917961547086749,3.1268447440428e-06,7
"20186",0.000340142253894641,0.203174030555366,0.151204703496418,0.000546055249798188,0.0343805129940113,0.00482327137691164,0.605531216942393,6.71312068582496e-08,7
"20188",5.7431719609552e-10,7.43343409332236e-08,1.22019696648365e-07,2.43240795764845e-09,5.79032090724405e-08,2.19350417510799e-07,0.000234470420693242,0.999765052964917,8
"20190",0.000129396371101201,0.00016355442317925,0.149204466692978,0.850498978253402,1.40952858776266e-09,8.77120557475201e-09,3.5001888738632e-06,9.38897319642744e-08,4
"20193",9.26073448939387e-08,0.000110679721496021,5.52276388628829e-05,0.00129537212378306,5.83804069451779e-08,0.0125158203098355,7.81781288127512e-05,0.985944571089458,8
"20195",2.83761866444333e-06,0.00442722660115902,0.00227512028813275,3.50521287515536e-05,6.94101011748478e-06,1.42940433298625e-06,0.231606207122005,0.761645185826836,8
"20197",0.000977863055666145,0.0271472500160162,0.840718646383228,0.130959564741641,9.54098660881532e-07,2.83851019499509e-08,0.000195675650986542,1.76686991446203e-08,3
"20199",9.39367656703988e-08,5.27471236356064e-05,2.66923165534045e-05,1.39702319683058e-08,5.42447736194993e-05,5.6232608765934e-07,0.0960540842435086,0.903811561309598,8
"20205",0.943604384513779,0.000922363745904487,3.79684135450553e-05,2.16994780837209e-05,0.0554115115622263,2.45804632623245e-11,2.07112749541876e-06,1.13438532972312e-09,1
"20208",6.49430686632014e-07,0.00271402655861957,0.010044329548559,8.68443622957315e-06,8.45219514099452e-06,1.77023624518603e-05,0.981309977831843,0.00589617763646936,7
"20210",1.39292968042267e-09,1.42055156538088e-06,3.41847095606244e-06,3.4923788343579e-09,5.54708569272537e-07,1.52025320044515e-06,0.0192413793899204,0.98075170174048,8
"20212",2.90772730529798e-07,0.000289459302767227,0.000338980166949985,1.37212286639261e-06,4.51536952993721e-06,2.75553781045281e-06,0.190432003876164,0.808930622851181,8
"20216",9.95263549533048e-05,0.000105381051344414,0.929370475817311,0.0701298721827554,4.70641258052526e-08,7.27179981862069e-08,0.0002792506621836,1.5374149328745e-05,3
"20219",0.723506556750777,0.0138689864007412,0.218037868741095,0.0321498676868682,0.0112503792430805,7.53469839681427e-10,0.00116136330312877,2.49771208392398e-05,1
"20223",7.1611035374833e-05,0.00107457987730211,0.0033783436525203,0.995270909807778,4.653109107726e-08,0.000204466881544916,4.21845061302821e-08,2.98821782894286e-11,4
"20226",8.2706000121275e-05,0.978236327573969,0.0019267494706454,0.000169751921691106,1.91570451241292e-05,4.65978658090315e-08,0.0195066065173798,5.86548732033497e-05,2
"20230",0.000558086839866007,5.46340186050574e-05,0.0743877231857603,0.924998778540388,5.60171603950771e-09,4.53945345682961e-09,7.60545516511768e-07,6.72869477351691e-09,4
"20233",0.000352992817528873,3.26600923339812e-06,3.71386169110933e-08,6.75403144456091e-10,0.99962769216211,2.95877369448937e-09,1.58519810082781e-05,1.56257326184194e-07,5
"20235",0.0394780471824921,0.159553174350575,0.195134550017705,0.605234281502413,0.000496469927302736,9.07641428353589e-05,1.27115690418138e-05,1.30763471666158e-09,4
"20239",0.000167405453363502,0.268265490075766,0.534503977746445,0.193930575376374,4.83555312564796e-05,0.00202121094761402,0.00106256895065958,4.1591852199295e-07,3
"20254",0.999173890580456,9.82230477209485e-06,9.99311248049967e-05,0.000447442267637697,0.000268892162540952,1.15838736566429e-13,2.13451031564443e-08,2.1456907894827e-10,1
"20256",0.000579989414660458,0.000330071825922012,0.809093285904539,0.189993168711503,4.94470616795958e-07,1.25970610802627e-07,2.86283133691065e-06,8.7081026545097e-10,3
"20262",1.29780636926868e-07,5.60972887906083e-05,0.000944339395620033,2.51893702026159e-07,9.29911536737005e-06,1.07121104872748e-06,0.514279839873621,0.484708971441213,7
"20270",2.31756554202828e-05,0.000551138405467168,0.295157504863278,0.689236293701356,2.73387504052374e-07,0.00215836913175781,0.00990613696878409,0.00296710788643296,4
"20284",0.0904608216553769,0.0828911916581846,0.0231767634431634,0.000291368184040287,0.387150408476785,1.52713114559385e-07,0.416021002184614,8.29168472133841e-06,7
"20287",0.000183788517240871,0.000379288224292067,0.00243655521417253,0.997000359337887,6.24107578119903e-10,4.9530243256816e-09,3.096577320857e-09,3.2698523861055e-11,4
"20290",0.965674051261848,0.00424735820063457,0.000664750056602134,0.000157377187195458,0.0284504608673658,5.66039009429145e-11,0.000797023565917415,8.97880383316382e-06,1
"20293",0.00019371913850012,0.000105734658745102,0.996572744719628,0.00177708897949877,1.28143752060359e-05,4.76669535669512e-08,0.00133749295343412,3.57508034522475e-07,3
"20296",5.63006373615523e-09,0.00049106372217575,0.0377423881510735,0.00015570023322047,1.47162519800075e-07,0.0175659316473834,0.305102573878837,0.638942189574726,8
"20301",0.000374913958825681,4.88401709708368e-05,0.000309101807489122,0.999266712896447,3.4608302437852e-10,5.24547409552402e-10,1.7287379952572e-09,4.28566899307601e-07,4
"20304",0.991063120918347,2.66985598898177e-06,0.00200453182099046,0.00020202603333133,0.00672658378348932,7.3072917710021e-12,1.0544527399115e-06,1.3127805808486e-08,1
"20306",0.00937272667436818,0.000251038100620457,0.108639752502485,0.881734528989199,8.95402268474753e-07,6.17887081825052e-09,1.05196689790454e-06,1.85290027887717e-10,4
"20309",0.0029259862427826,0.153578637547897,0.752983701586885,0.00953110218176239,5.28902691604173e-05,3.91262940830311e-07,0.0808935412475388,3.37496610331941e-05,3
"20311",0.000670031934866766,0.000662722930851078,0.861257153798584,0.136360745451537,1.08248808160076e-05,4.74770492940715e-07,0.000869274646021889,0.000168771586830125,3
"20314",5.38803412595029e-06,0.000844530513142209,0.0194079303675796,7.84721062547704e-06,3.50640298888025e-05,1.8771587765261e-07,0.969632397263003,0.0100666548657578,7
"20318",4.9265963902825e-09,3.08960894404224e-08,2.66174252609099e-06,1.23699811855672e-06,1.18534425513697e-08,2.77053455399065e-06,5.77384244075093e-05,0.999935544624266,8
"20320",0.000138564081890217,0.606489379643984,0.00116611923675447,2.85008190530546e-05,0.00381674289303581,6.75261695887398e-06,0.387603758132372,0.000750182575951972,2
"20326",1.2603012349148e-05,0.000380032936893638,0.0292137991630859,1.16576715658657e-05,0.000131100262958053,4.80049307634483e-07,0.943560184259617,0.0266901426442225,7
"20328",0.000115718915348312,0.246827196761284,0.0043419057542429,1.06927835993027e-05,0.00746072253491828,3.70230136884056e-06,0.741236391883165,3.66906607354567e-06,7
"20330",0.00338670824669018,0.904255654857806,0.022843343985593,0.0694420289172305,3.18656852581007e-05,2.25212600260216e-07,3.99628598763038e-05,2.10234945784345e-07,2
"20336",0.545322966618067,0.0035995687351906,0.0630145095712684,0.000235379312822806,0.377479216222512,3.32355488388993e-09,0.0103481356435211,2.20573063849694e-07,1
"20338",0.879207064838367,0.00391942279514655,0.0290223893790693,0.000798752834247389,0.08671976678331,9.3300375996261e-10,0.000266863628636412,6.57388082188487e-05,1
"20340",0.00283486345131445,0.000107842352102192,0.0954189130558295,0.901638160287548,4.95192440376902e-08,1.22495783426532e-08,1.54194644811044e-07,4.88973891637097e-09,4
"20342",0.0919067825693717,0.0151566488047947,1.43607055324058e-05,0.000529262122801776,0.892189982482319,1.23702545592143e-05,2.56074124680382e-05,0.000164985648153524,5
"20344",0.00179466712459612,0.000341705124368074,0.772157164180973,0.22534866049568,1.94150551295583e-06,1.16996267717142e-07,0.000355654334200394,9.02384016603918e-08,3
"20349",0.000642545380173828,5.10285827312427e-05,0.410288771570884,0.589014473721584,1.57898788799398e-07,6.24228862563463e-08,2.95972209013975e-06,7.00861142500593e-10,4
"20351",0.00314554007201633,0.00191430895063655,0.987784948117305,0.00429265428413068,6.26508794091238e-05,8.37536026139646e-08,0.00274627339317646,5.35405497230539e-05,3
"20353",0.0686884150823815,0.781396537249248,0.0357668332490953,0.114100401883964,2.74795179252775e-05,2.55528826613521e-09,2.03233782449129e-05,7.08385222497347e-09,2
"20357",0.989490136933579,0.00173003695840461,6.04415712249299e-05,0.000260513869528371,0.00845837148849451,1.72809149800229e-11,4.99127137315176e-07,3.4350417440679e-11,1
"20360",0.0886565330720523,0.81882786409509,0.000552586652109918,0.00491278739019053,0.0868985717088254,0.000137124474792736,1.42023680046656e-05,3.30238934082216e-07,2
"20364",0.00691028543572134,0.419897364231967,0.489995747893993,0.0727984566827515,6.38015839774149e-06,9.54593800210569e-09,0.0103885197850165,3.2362662140635e-06,3
"20366",0.376869934464294,0.000725975242234877,0.00466713742813783,1.64639007214446e-05,0.614969561078865,2.34967248453963e-09,0.00274659482787277,4.33070820150121e-06,5
"20381",3.21050662924449e-10,2.7171929163405e-06,3.78839225564463e-06,1.17660630542065e-08,6.25774323809527e-05,0.985497931288849,0.00232686269797307,0.012106110908511,6
"20391",0.00153585184385345,0.568270177113921,0.152600421612618,0.0253510261320376,0.0273696545039105,0.218719770606536,0.00615309202484274,6.16228054966892e-09,2
"20394",2.5786218898037e-08,0.0207362003767495,0.00127607741589891,6.07881758606121e-07,0.00010848449310062,0.00176420782487841,0.975737811498006,0.000376584723389341,7
"20396",2.63372787155038e-11,4.00219792832338e-05,5.28453356693743e-06,2.25523971779678e-09,6.35293245530863e-06,0.736005619457525,0.259017268593074,0.00492545022251875,6
"20409",0.000352702260726365,0.000107198353647368,0.817870415519237,0.0177474858526245,3.10651350651903e-05,1.60409871550183e-06,0.0811630463439187,0.0827264824360658,3
"20411",0.343867716283722,0.0317749601822156,0.473301560643272,0.150710813681161,0.000322203575609868,2.3745158243985e-09,2.27428624921525e-05,3.97011462589028e-10,3
"20416",0.987669988062847,1.61734193927646e-05,9.26283900558087e-05,0.0121945426355014,2.66673454562152e-05,3.11912372737954e-12,1.42994440816377e-10,6.33238273678296e-13,1
"20418",1.49523172842457e-11,4.4798175431527e-06,4.87095895229605e-06,1.9551756342221e-09,2.47346323508554e-06,0.777855044905899,0.194411883789744,0.0277212450944986,6
"20420",0.00213188194634762,4.1878107131514e-05,5.94036801269327e-06,8.68070332082735e-09,0.9971303925605,1.38451745516381e-08,0.000684830515577573,5.05397655283776e-06,5
"20422",0.00156478714458493,0.0334800381884519,0.0553151027172268,0.909551853900671,3.71732410955912e-08,1.02849254089482e-08,7.1150927128918e-05,1.70196637698717e-05,4
"20424",0.196355581398785,0.129104199112164,0.407989626726502,0.266472951732695,5.80843288881646e-05,1.27453361127919e-09,1.95535828680925e-05,1.84356292333109e-09,3
"20426",0.643173540543048,5.19790417819956e-05,7.91776834955565e-07,2.15340481844278e-06,0.356605848473993,1.26664983488645e-10,5.52427552755245e-06,0.000160162357330963,1
"20428",2.18452254141746e-06,0.061660223272524,0.915491632053645,0.0175171071649339,5.8723913821312e-07,0.000827389607462608,0.004499380827715,1.49531204006353e-06,3
"20431",0.00239513962152655,0.342350441233796,0.0199441990238935,0.00139854679432285,0.000400822594906974,5.32564149249011e-07,0.569047573441129,0.0644627447262763,7
"20433",6.24781762195831e-06,9.72075590306583e-05,0.00574663706159363,0.994130799999502,1.69570674433541e-09,1.9079962918622e-05,2.53457677397575e-08,5.57858076994068e-10,4
"20436",1.12149838586052e-08,1.92058822917581e-05,0.00164954534506612,0.00173372021694155,2.05920742733951e-08,0.99658971607438,5.34694291589782e-06,2.43373134689175e-06,6
"20439",6.72548459710667e-11,2.68246301575175e-05,2.72237922030152e-05,9.4224177877097e-09,6.33465199625461e-06,0.230628134866236,0.658070446070852,0.111241026498882,7
"20441",0.945395168070157,0.0152188313821234,0.000382349145491321,7.00842834135139e-05,0.0389234058668823,7.21143718093835e-11,1.01013424650699e-05,5.98373535554363e-08,1
"20444",1.18093617138281e-10,2.26319010801641e-08,8.86017729727543e-08,9.27827787944371e-10,2.14220012555505e-08,7.17435242555218e-07,0.000121465544863787,0.999877683318297,8
"20448",0.000145101047395533,8.51575891465625e-05,0.0563160476176652,0.000132075977879248,0.00227545093191321,0.000109122133884957,0.827656023899146,0.113281020802969,7
"20536",3.33085501705154e-09,0.0036239414816585,0.00110138155465612,8.79502113395536e-07,2.18041921854406e-05,0.873110505863507,0.122139075143499,2.40893152549063e-06,6
"20538",0.105428246392402,0.000150185699113463,0.690544576386404,0.00168583975812393,0.195639168199529,1.513164179114e-06,0.00655028174171811,1.88658530129316e-07,3
"20541",0.364088353949879,0.00217708331063708,0.0340057130332941,0.599725320960632,3.34128944568243e-06,7.94063068004683e-12,1.86782396635403e-07,6.65774069506721e-10,4
