"","V1","V2","V3","V4","V5","best$classification"
"19811",0.0615206090385343,0.93693975965082,7.84561433206007e-08,1.28153085134455e-05,0.00152673754598908,2
"19813",0.999999993320291,6.45573967210496e-12,6.65265673228185e-09,2.57681884143985e-26,2.05962105972424e-11,1
"19815",0.00103244573202825,0.812410405890577,0.00122632844820643,5.5928375195407e-15,0.185330819929183,2
"19817",0.000322878885274126,0.965790720340049,6.98399526054333e-06,3.4023862046802e-06,0.0338760143932121,2
"19819",0.000335611923975906,4.41573773411787e-36,0.844326244490353,3.46779170468176e-33,0.155338143585671,3
"19821",0.843671902352671,0.122373750719686,1.43640862708635e-07,7.51170165428106e-05,0.0338790862702369,1
"19823",2.10890319800317e-06,0.000122798412783059,0.999670339658769,5.93501005887702e-18,0.000204753025250325,3
"19825",0.999999997882115,2.89516216458743e-38,9.35998979894186e-13,6.44535038733259e-18,2.1169488382715e-09,1
"19827",0.00207886080067563,0.130919858470764,0.000233831427569735,0.852757493826905,0.0140099554740854,4
"19829",0.139967211992134,5.06327300199224e-20,7.10585114453454e-06,3.41342586383061e-10,0.860025681815379,5
"19831",0.00286014879319885,1.80659881071271e-26,0.933638790953791,4.54596653943047e-42,0.0635010602530104,3
"19833",2.58959234785076e-06,3.02959338957789e-68,0.999997410407652,5.94695185360976e-54,5.57021259415906e-22,3
"19835",0.843671902352671,0.122373750719686,1.43640862708635e-07,7.51170165428106e-05,0.0338790862702369,1
"19837",0.00131334857155004,0.665040156948311,1.5897391150615e-06,0.292685748968181,0.0409591557728425,2
"19839",0.988389101840937,6.26223185923348e-20,6.54725670156646e-08,5.78090706394503e-09,0.0116108269055892,1
"19841",0.951111526035301,4.15815449880634e-27,3.45968496974383e-09,0.0488884705042489,7.64668453167038e-13,1
"19843",0.998424319040635,4.46329825352002e-38,6.94020735136927e-09,6.313134386268e-51,0.00157567401915729,1
"19845",0.878125730643076,0.121873954727481,1.07600072824041e-07,9.75957527206615e-22,2.07029369707145e-07,1
"19847",0.421620621368861,0.434454771454751,1.43510187756886e-06,4.01241390584449e-19,0.14392317207451,2
"19849",0.999999961704901,2.77878381612126e-08,1.05068790427675e-08,2.28755713022615e-23,3.81372956193636e-13,1
"19851",0.000315377735799067,0.997356471037793,3.28618601729428e-05,3.8662746873931e-07,0.00229490273876578,2
"19853",0.00661112780228112,0.0647974520246491,0.928591408051779,2.78173319183373e-13,1.21210128592607e-08,3
"19855",0.0012344904314781,0.998063995580844,0.000467211832492728,1.36495025031203e-05,0.000220652652681506,2
"19857",0.249266511129947,0.217232055807601,8.3584843308265e-09,1.503734588587e-05,0.533486387358082,5
"19859",0.00754842291295716,0.799404227928594,0.000116552618412589,0.000128288551977103,0.192802507988059,2
"19861",0.0175472370672429,0.982418806966493,7.45630899767406e-07,4.84397850376658e-11,3.3210286924553e-05,2
"19863",0.999999977907488,2.0430322535907e-19,2.15154414914521e-11,2.20709968502301e-08,1.39060104169511e-20,1
"19865",0.00126451509358613,1.20260902201407e-05,2.21548888466335e-10,0.998723311466807,1.47127838018081e-07,4
"19867",0.0201398587789018,0.974510534094656,5.62085384542507e-07,6.43978077831556e-21,0.00534904504105787,2
"19869",0.99992783722448,7.21348925413836e-05,2.16056149451507e-08,6.2279072337158e-09,4.94559143347172e-11,1
"19871",0.00102853189370418,0.728977021424089,5.46111827359319e-05,0.0121507928538992,0.257789042645571,2
"19874",0.0066759518550396,0.992252540568811,8.27605303588768e-06,0.000925718944664374,0.000137512578449307,2
"19876",0.000340632437093695,0.999567769768204,2.54872160607281e-08,8.79344544960888e-05,3.63785298992316e-06,2
"19878",0.725456203455325,3.02545671480087e-21,2.56187457831053e-07,8.50156848370984e-25,0.274543540357217,1
"19880",0.000312253620385732,1.26169289935302e-07,9.72907793788018e-10,0.99968761922414,1.32764036389903e-11,4
"19882",0.984535928116513,0.0154594113297375,4.72982816670156e-07,3.89308415174606e-13,4.18757054305187e-06,1
"19885",0.002783760064152,0.664762903700871,2.34096909042463e-07,1.20031321348032e-06,0.332451901824855,2
"19907",0.497493742078938,0.500233148869463,1.09640915145741e-06,1.01448539450883e-17,0.00227201264244722,2
"19909",0.00709082202023612,1.40673527770734e-11,2.45495417678814e-06,2.27508616908147e-21,0.99290672301152,5
"19911",0.235505390962678,1.90139088258225e-14,8.1007172312027e-06,1.74004103564132e-08,0.764486490919661,5
"19913",0.000320748690609896,2.80538025621827e-16,4.63408119731986e-09,0.999679246675291,1.81094714185526e-14,4
"19915",0.000159158351108561,0.0113090111772589,1.57360267707961e-06,0.988450131358496,8.01255104596036e-05,4
"19917",0.0135963526823283,3.98991333621602e-06,5.97607145506976e-07,0.986312434091212,8.66257059781081e-05,4
"19919",0.00230636041429975,0.708423303686419,2.06780879644611e-05,0.241764421749681,0.0474852360616367,2
"19921",0.000584718915056359,0.995114656637752,8.20137578419932e-07,1.67435069700234e-11,0.00429980429286946,2
"19923",0.680023719619744,4.77063747109188e-08,0.0012149609858062,1.8167777902674e-26,0.318761271688075,1
"19925",0.00109060401285515,0.000498302791598349,1.78126438254588e-07,0.998370724425801,4.01906433074493e-05,4
"19927",0.000150590591458099,0.98174695130781,7.73780625548988e-05,1.11006401261737e-10,0.0180250799271704,2
"19929",0.994396711650027,5.61939736767148e-13,2.40272902419168e-11,0.00560328832538429,2.02814336689277e-19,1
"19931",0.00569898709286428,0.458944393822249,0.000270065854668478,3.02255566272058e-11,0.535086553199992,5
"19933",0.00268378170581603,1.09117746469191e-05,8.01543930164881e-05,2.42889150751107e-10,0.997225151883631,5
"19935",0.303548726915288,0.00067490048109703,1.07477872174096e-09,1.92412149286248e-11,0.695776371509595,5
"19937",5.87260853224016e-05,0.991615352512104,0.000137012604221191,2.39786711141388e-13,0.00818890879811275,2
"19939",0.0440684038191067,0.020215746685489,0.000120053028639596,2.55042360182976e-09,0.935595793916341,5
"19941",0.932234720827936,3.57919337784004e-20,2.16913565104293e-07,2.19790510981167e-08,0.0677650402794483,1
"19943",0.00108820686487822,7.17026054889152e-06,6.14367767722904e-07,0.998903990960623,1.75461819105184e-08,4
"19945",0.0173372279813577,1.27340571079772e-06,0.000122990163520624,7.51607593079721e-12,0.982538508441895,5
"19947",0.999978774954827,2.56840429559941e-19,6.86343348208318e-07,4.04275739110928e-08,2.04982742508089e-05,1
"19949",0.107088713104677,1.32376684763846e-07,6.63589357402856e-05,1.57843049862364e-25,0.892844795582898,5
"19951",0.419946875444126,1.10441076250096e-05,1.40557496128629e-05,0.462943912442511,0.117084112256125,4
"19953",0.000121900614511636,3.02377160061122e-26,0.997698298977333,8.57387105948268e-46,0.00217980040815492,3
"19955",0.71663325221538,1.32192167865803e-17,0.00679435291440374,1.12395377845267e-33,0.276572394870216,1
"19957",0.160635249741062,2.147411344188e-05,0.802327750528106,0.00577585748835968,0.03123966812903,3
"19960",0.80625483814292,1.35323163595395e-22,1.78555280568415e-08,1.48592284912131e-18,0.193745144001552,1
"19963",0.000332118874469381,4.01080455262586e-39,0.999667881125531,2.20540763276599e-17,1.35153562506079e-17,3
"19965",0.434370920222256,2.23595052010147e-30,0.000106070592243383,2.3722351692273e-39,0.565523009185501,5
"19968",0.999241544931351,2.67151490722513e-10,8.93897311535032e-17,0.000756996779218312,1.4580222792574e-06,1
"19971",0.457103612480003,3.62843204860458e-44,0.542896190289792,1.97212178194058e-07,1.80268130820991e-11,3
"19973",0.000668338320742076,0.987249630983382,3.82802545250656e-08,0.00198691771227671,0.0100950747033446,2
"19975",0.0276754375590559,4.16890226008675e-05,1.79799780296617e-10,0.97217625841125,0.000106614827293662,4
"19977",0.999992353351997,1.12887561459939e-32,7.64652692757071e-06,1.19958119248419e-10,1.11733540605995e-12,1
"19979",0.0231388120470177,8.91186965009709e-40,5.82922096065374e-05,6.42738113868655e-27,0.976802895743376,5
"19981",0.00382374639741521,0.0317704062494001,1.60482224143346e-05,2.68133562524599e-11,0.964389799103957,5
"19983",0.0270646222079586,0.0186706631168294,2.19795351507005e-06,5.30076778953037e-15,0.954262516721692,5
"19985",0.00314872894662675,0.711167661110182,7.87821604454007e-08,0.285647454669748,3.60764912826078e-05,2
"19987",0.0727387859893344,0.0126071664058068,1.51510704849601e-06,0.00728064973952278,0.907371882758288,5
"19989",0.012093073934242,5.98223551259684e-28,0.00103333901650886,1.20648626274619e-41,0.986873587049249,5
"19993",0.024015075256493,2.11051348673982e-10,3.47751062453115e-06,8.90623545232257e-08,0.975981357959477,5
"19995",0.21465983063435,3.09994274926656e-09,3.09159232997241e-07,5.4243618179905e-09,0.785339851682113,5
"19997",0.000856872377914443,0.994903113182517,2.04605219202385e-06,1.58912179485609e-05,0.00422207716942763,2
"19999",0.00217412363392177,0.00270630477667562,7.04445798946208e-08,0.995104719393731,1.47817510914154e-05,4
"20002",0.999999999973641,3.28884141472613e-31,2.63518347631589e-11,6.88727271028136e-15,6.71249378167477e-19,1
"20004",0.180324037466825,2.27199698498143e-09,4.19794458190389e-09,3.55059947652819e-12,0.819675956059683,5
"20006",0.992818851052798,3.95629586096422e-26,7.77380578130956e-07,7.58276418323917e-23,0.00718037156662415,1
"20008",0.982399645195003,6.75560696770863e-25,1.69805107596189e-05,3.89793840270223e-24,0.0175833742942374,1
"20010",0.0518028534144684,1.21888755053304e-10,0.000393228884395271,7.13996368842323e-20,0.947803917579248,5
"20012",0.960597295195659,1.08690071067395e-07,4.4660405554149e-08,0.0393954079338063,7.14352005858285e-06,1
"20015",0.0441827028104593,7.37838668445772e-31,1.12017495122953e-10,1.1507145372346e-34,0.955817297077523,5
"20017",0.00125279646630648,0.998218961264245,2.23102219068389e-08,0.000320528556566761,0.000207691402660138,2
"20019",0.0882323536503364,6.57590135299471e-51,7.28737801074479e-05,3.18422707999624e-45,0.911694772569556,5
"20022",0.019974048672874,3.14301683393362e-10,3.22029731286193e-05,2.65418672347428e-18,0.979993748039696,5
"20024",0.433072066928781,2.12422893389004e-46,0.565383335755019,1.30455110002786e-63,0.00154459731619941,3
"20026",0.433072066928781,2.12422893389004e-46,0.565383335755019,1.30455110002786e-63,0.00154459731619941,3
"20028",0.000842782796265042,0.973278966183905,1.39180877922973e-06,0.0258153833169909,6.14758940601751e-05,2
"20030",0.547717558063974,5.55524878851516e-26,7.40247331760088e-10,9.08923609794046e-20,0.452282441195778,1
"20033",0.00781251254551674,0.0163519424302744,7.69860121279203e-05,0.858097172437213,0.117661386574868,4
"20035",0.0819975512129682,1.66234044774043e-49,0.000178107767905582,4.22311820755539e-49,0.917824341019126,5
"20037",0.0500821948528811,7.16484310235075e-44,5.16783184755419e-05,3.29097408827419e-51,0.949866126828643,5
"20039",1.20885905283561e-07,3.01705719098484e-58,0.999999879043884,5.14028699442815e-89,7.02107359531753e-11,3
"20041",0.100589816717863,3.29692860578599e-12,0.00254602438446046,1.16078869991849e-18,0.89686415889438,5
"20044",0.645156994984277,2.59136876639118e-16,0.0559921971497008,5.94873145268228e-16,0.298850807866021,1
"20047",0.259452509508733,5.82214760181655e-58,0.0363668442891312,5.95166267277907e-39,0.704180646202136,5
"20050",0.0235980919104374,9.81604897795844e-21,0.366719524328676,1.36245325231678e-20,0.609682383760887,5
"20052",0.0170242241135604,0.0108987549232015,0.00147195812138756,0.0846411308739399,0.885963931967911,5
"20054",0.0408094258570834,9.03479683686945e-18,8.66477405644413e-10,2.46883204731951e-20,0.959190573276439,5
"20056",0.246081650880171,3.94421194969259e-13,2.3889540894506e-07,0.753909614543987,8.4956800391872e-06,4
"20058",0.0361048402735539,4.40213610189356e-27,7.16391297119362e-05,1.62971823207092e-47,0.963823520596734,5
"20060",0.0234579783885602,0.871396340029179,6.22538202683399e-07,4.09564154793498e-08,0.105145018087643,2
"20062",0.0292679370267793,0.0285270720629214,4.26756125642969e-06,3.43509153426633e-08,0.942200688998128,5
"20064",0.0133318931996177,9.31218490139611e-09,1.36529466645785e-06,8.9223412461033e-08,0.986666642970118,5
"20066",0.440880439479107,7.28999214793079e-42,1.86316988909185e-07,1.9648646116705e-29,0.559119374203904,5
"20068",0.00454700727890811,0.988589102511552,6.75374746843579e-08,4.29386840258302e-11,0.00686382262912654,2
"20070",0.00518709193468116,0.927616949119477,0.00860931277826948,7.35335751561345e-17,0.0585866461675719,2
"20072",0.649185802616957,4.56258088300369e-26,3.01838394159712e-06,3.09480812000072e-45,0.350811178999101,1
"20074",0.0135446948075212,6.05136175277851e-15,1.20479259701652e-10,0.986455305071993,7.05556218990034e-18,4
"20076",0.995534600031104,7.9545724976591e-08,2.72847187304466e-11,0.00424313467325979,0.000222185722626395,1
"20078",0.0177682017296754,6.93402259883248e-11,0.000138979063743996,7.90412760493065e-13,0.98209281913645,5
"20080",0.0156257217584553,1.28281896267424e-39,0.00011981532917639,2.36020175565425e-33,0.984254462912368,5
"20082",5.11763153234668e-08,2.53063311524439e-37,0.999993425479988,9.00073446902932e-48,6.52334369679216e-06,3
"20084",0.150843169546857,1.98920677723603e-17,0.00547095777028678,4.3022763577056e-07,0.84368544245522,5
"20087",0.0741967080102774,2.0263941075199e-10,3.37933260551689e-06,4.80269877477891e-26,0.925799912454478,5
"20090",0.0299230706906172,2.2895015560122e-38,0.00202311133805788,9.89316476582567e-34,0.968053817971325,5
"20092",9.6320925470361e-05,2.36848401763872e-14,0.99969959531519,4.77867730373189e-56,0.000204083759316167,3
"20096",0.00124425090056283,2.83522621482235e-09,0.979440784958716,1.75643320322723e-16,0.0193149613054953,3
"20098",0.00232835644656183,0.340152190583259,0.000179858326921692,0.603117465862178,0.0542221287810797,4
"20101",0.0697947464714532,8.32874644243504e-32,0.000900961952651785,1.75960954225513e-14,0.929304291575877,5
"20104",1.45512309532296e-06,1.10116965200209e-13,0.999998544874838,6.51470402109907e-39,1.95610188491142e-12,3
"20106",0.025084102548625,2.87843895243098e-20,1.4131403915023e-07,1.72969987231633e-13,0.974915756137163,5
"20108",0.00373381951410439,0.972584350071665,5.58185170238299e-07,8.36812477520224e-05,0.0235975909813086,2
"20110",0.0943703852063118,1.01655179353856e-10,0.820312789312568,1.63889838770648e-06,0.0853151864810775,3
"20112",0.0186930444154337,1.21115714477163e-18,0.00227481833460321,4.89764440632849e-19,0.979032137249963,5
"20114",0.0605537155718999,1.62359317064032e-13,0.000239681490073289,1.5260079084962e-05,0.93919134285878,5
"20116",0.173044317125216,2.38675016890069e-14,2.69796173809047e-08,1.5346484914276e-06,0.826954121246651,5
"20118",0.00250743226663385,0.015155918805762,0.000213042294282921,0.0139401076911113,0.96818349894221,5
"20120",0.0542039718850258,6.94010987170067e-22,0.00189491953876562,6.01127761670071e-14,0.943901108576148,5
"20122",0.00182046186709355,6.41855353637038e-08,7.02449086742395e-10,0.998179436728887,3.65160354583508e-08,4
"20124",0.0631911686161231,9.01987910681155e-33,0.010553919679239,2.71387310597284e-41,0.926254911704638,5
"20126",2.18440187699406e-07,5.36293211011793e-53,0.999999781016571,1.2621963403392e-60,5.43241480866741e-10,3
"20128",0.000402988443137865,1.6133771717222e-79,0.999594922098309,3.82264157484827e-72,2.08945855261209e-06,3
"20141",3.17387842241253e-07,5.34610419314677e-07,0.999998359177002,3.41553306275747e-20,7.88824736710607e-07,3
"20143",0.996971195235827,1.66124677235396e-25,3.30967214493469e-07,0.00302847379693592,2.31108999129054e-14,1
"20145",0.0120408177299918,1.80050382078043e-11,0.000311963805056663,5.43639737692664e-15,0.987647218446941,5
"20147",0.00909207494306387,1.13137574081271e-12,1.9891524355504e-05,2.89517188713248e-14,0.99088803353142,5
"20149",0.00677725868326358,8.35104186072006e-06,6.19994617612582e-07,0.993213760565351,9.71490750870427e-09,4
"20151",0.00196198926754991,0.629844998233678,1.01410896536215e-06,0.347213975041134,0.0209780233486729,2
"20153",0.0198972495397202,1.78981553248704e-08,0.167122531988125,0.792590811778901,0.020389388795099,4
"20155",0.022090251714241,7.47808606455392e-23,1.59513828886094e-06,4.60787011032939e-24,0.97790815314747,5
"20157",0.0261095980087535,0.0558612532432755,3.72090173961541e-06,0.915143977039558,0.0028814508066731,4
"20160",0.000158513294536199,2.59694946210969e-14,1.13834140665761e-09,0.999841485567074,2.21580476090442e-14,4
"20162",0.000281814653304652,0.00010836598337207,5.14737084077417e-09,0.999609813445877,7.70075394442457e-10,4
"20164",0.175960253368044,3.25872331801074e-08,8.38883323880437e-05,0.82357632816356,0.000379497548774805,4
"20166",0.998939495138995,1.16915721567327e-37,1.5495585961229e-11,8.0351082317095e-20,0.00106050484550882,1
"20168",0.999999999999886,9.02415336776076e-32,9.81100241289705e-14,5.72871485035853e-25,1.58068067334089e-14,1
"20170",0.000293746543263932,8.30379445653829e-05,5.02001555826583e-05,0.99837966972299,0.00119334563359802,4
"20172",0.00605618721939625,3.23881744824961e-11,0.000317212404639953,4.41209991647888e-27,0.993626600343576,5
"20174",0.0327396884952485,0.965980903934745,5.37463979136673e-09,0.00127909350441051,3.08690956599017e-07,2
"20176",0.999999991135803,3.69672569936761e-22,8.11202523965019e-09,4.79785928779212e-25,7.52171616684012e-10,1
"20178",0.000222652113617972,1.414818907883e-15,3.09901421017148e-09,0.999777344787361,5.56330621181586e-15,4
"20181",0.686758167477463,2.41353432748665e-30,1.01152534425225e-09,5.93125149821717e-14,0.313241831510953,1
"20183",0.000588179935575917,0.896895752574456,0.000825173187870892,6.35755093747774e-14,0.101690894302033,2
"20186",0.285659064249019,0.0404593913430086,0.0134202289517274,1.71563061067847e-37,0.660461315456245,5
"20188",0.00102053316622944,2.62560254371283e-12,9.00170888881099e-09,0.998979457820304,9.13197951070139e-12,4
"20190",0.0212803131401177,7.00510394099669e-31,3.40502012694231e-08,8.55894050135507e-28,0.978719652809681,5
"20193",0.999999741682487,3.1339781060491e-33,6.51688582319403e-10,2.57664955247795e-07,8.6925572329771e-13,1
"20195",0.10987703065863,9.53912404191018e-08,8.98382430068417e-05,0.833736097137695,0.0562969385694275,4
"20197",0.0180540498963452,5.12035556989645e-15,0.000219373095006867,4.177377968439e-23,0.981726577008643,5
"20199",0.00105517675785159,3.01099574130859e-06,1.49009436669917e-05,0.998921932524041,4.9787786992908e-06,4
"20205",6.04139410743568e-08,1.39793802267385e-32,0.999998696573108,6.47337421218474e-55,1.24301295054663e-06,3
"20208",0.039011473729866,0.0111977077833475,0.000317034022081586,0.018822695353353,0.930651089111352,5
"20210",0.000151927167384796,5.64634649498619e-05,4.00759952491797e-08,0.999791529725281,3.95663893615097e-08,4
"20212",0.0105559939675907,0.00190863514116193,3.22110533717274e-05,0.985519622500949,0.00198353733692658,4
"20216",0.0325671280611094,9.60818816629879e-17,2.18810987606892e-08,4.47232535968686e-16,0.967432850057791,5
"20219",0.0114202348541991,4.72731613391746e-17,0.372523531239015,2.18096731875635e-18,0.616056233906786,5
"20223",0.997931107526439,1.48672612070128e-50,4.09360872290678e-06,6.19131355424884e-68,0.002064798864838,1
"20226",0.0635929646568103,1.96889633244008e-09,3.07638442888904e-05,5.71550071863635e-10,0.936376268958454,5
"20230",0.0172421825150391,1.99511642272022e-36,8.70009455531773e-06,1.12006713566034e-35,0.982749117390406,5
"20233",6.61821441424928e-10,1.22855983243791e-24,0.999999999338172,1.39830303230841e-39,6.16456887777939e-15,3
"20235",0.472774775769089,4.23445922697278e-34,0.463764288651608,3.43418540329892e-56,0.0634609355793028,1
"20239",0.652157900337086,8.72182290077711e-14,1.32669203489914e-07,2.82998997922881e-31,0.347841966993623,1
"20254",4.50286956744362e-07,3.97650643216424e-47,0.99997703384729,3.5974618685485e-51,2.2515865752786e-05,3
"20256",0.00822173173174963,5.49996076443559e-22,0.000214256545204963,5.35926796156583e-38,0.991564011723045,5
"20262",0.000182397296815785,0.00587630285175567,2.03078919635759e-07,0.993681314914211,0.000259781858298271,4
"20270",0.980853152391983,6.30658295806706e-22,2.29573784274862e-10,2.88891966008478e-18,0.0191468473784435,1
"20284",0.00903706051045675,3.51578447016245e-06,0.880275970958123,8.86485312712021e-22,0.11068345274695,3
"20287",0.184389543696975,1.09876029205088e-47,6.83634401836698e-07,3.17106888724019e-53,0.815609772668623,5
"20290",2.56877966270091e-05,4.20847944279328e-24,0.999818836515064,1.29865896439103e-25,0.000155475688309213,3
"20293",0.00145923153782581,4.89513921047824e-08,0.00160442095748497,7.54008408984904e-15,0.99693629855329,5
"20296",0.605839765833298,0.00359159335911735,1.12825992208147e-12,0.360143828149629,0.0304248126568275,1
"20301",0.988209575148942,1.40345371379583e-68,4.44689177303463e-06,9.02232663727576e-35,0.0117859779592848,1
"20304",3.40935915784855e-09,1.12560440608707e-32,0.999991378703907,2.85549763192915e-47,8.61788673351453e-06,3
"20306",0.0301241209929847,9.16709909753704e-33,0.00194778342449654,3.26939802255372e-45,0.967928095582519,5
"20309",0.00186941692695188,8.85596975764773e-11,0.00398761457197811,1.55771274985668e-15,0.994142968412509,5
"20311",0.124650064380613,3.69956435440487e-18,3.06045310426667e-06,3.04204638628658e-14,0.875346875166252,5
"20314",0.00145001376599231,0.338270976522645,7.36837966227618e-05,0.497709694403366,0.162495631511375,4
"20318",0.999144156903279,9.64055069022789e-25,1.407107507333e-09,0.000855841586962592,1.0265138533897e-10,1
"20320",0.872332338028989,3.0984141678143e-06,0.0113987430102932,2.8932048574054e-14,0.116265820546521,1
"20326",0.0021969991721487,0.368935068594237,0.00323499643931511,0.0582490969384939,0.567383838855805,5
"20328",0.148012751832423,0.00103305808540959,0.026257516739463,1.40892251103841e-27,0.824696673342705,5
"20330",0.266135219688219,1.60449938911806e-23,3.84437194592071e-05,5.19048722980569e-31,0.733826336592322,5
"20336",1.47978602979705e-06,4.76886975705712e-10,0.993955900173451,2.37078454489468e-33,0.00604261956363251,3
"20338",1.02838520726017e-05,8.22835471204477e-23,0.99401732554288,3.82431213322126e-22,0.00597239060504777,3
"20340",0.260439757485678,2.83488350279657e-36,0.000176216888544181,1.47341502458934e-41,0.739384025625778,5
"20342",0.00218418240943522,4.04333026446127e-51,0.997815817590564,2.19805055185622e-42,1.09265812542563e-15,3
"20344",0.0102642662050375,5.95688816981015e-18,0.000470612666374521,2.29818976278272e-30,0.989265121128588,5
"20349",0.0113649506069331,1.86583434770001e-25,2.12356991749399e-05,1.9518764803647e-39,0.988613813693892,5
"20351",0.00448368055056111,4.88284816548747e-11,0.00110403376085239,7.45344024881399e-15,0.994412285639751,5
"20353",0.0620617734788761,1.07174443197188e-31,0.0383444064489975,9.48572452908138e-36,0.899593820072126,5
"20357",8.72587879647313e-06,2.35417629332151e-36,0.999976840103036,1.54919897747151e-64,1.4434018167638e-05,3
"20360",0.148489445781123,2.52987621107839e-41,0.851510540248472,1.1014414140624e-53,1.39704047308188e-08,3
"20364",0.0105750194887059,6.90386454495813e-12,0.000108980677252954,5.13047769870273e-18,0.989315999827137,5
"20366",4.78179541093011e-08,1.1044667526176e-15,0.99997753888283,7.7362950524517e-37,2.24132992151692e-05,3
"20381",0.999948151771648,2.37587358302515e-10,5.18471550550976e-05,8.35315620640621e-10,3.94095114061758e-13,1
"20391",0.995042825619664,1.31052619131813e-12,0.00202446149891945,2.2456245457257e-54,0.00293271288010577,1
"20394",0.0633439976962864,0.830437378996062,7.98985499390763e-07,5.62518444687747e-09,0.106217818696968,2
"20396",0.944755713213484,0.0462918848322108,2.85296219686424e-08,0.00895235340430311,2.00203799523819e-08,1
"20409",0.226315201948979,2.53823102428559e-09,5.49392138224507e-05,4.00508205491531e-05,0.773589805478418,5
"20411",0.00243579990742862,3.32811356557965e-22,0.332922841019816,7.78001129587298e-44,0.664641359072755,5
"20416",1.73853658703877e-05,8.27127698600489e-66,0.999977817146793,2.6703080635454e-85,4.79748733696405e-06,3
"20418",0.811001432406202,0.00565256537072309,1.31293793651079e-08,0.183345988373236,7.20459406050033e-10,1
"20420",1.45380820427924e-09,6.8600082790585e-17,0.999999998421376,4.2512488777595e-33,1.24815664850296e-10,3
"20422",0.0880683454278474,9.3122013176645e-30,4.29476932498541e-09,2.00434363157891e-23,0.911931650277383,5
"20424",0.0121568365204922,3.17939338052866e-22,0.0152761199842064,5.05645058973304e-40,0.972567043495301,5
"20426",8.6231185894595e-09,1.30922417190653e-47,0.999999991376881,4.40417635362224e-34,5.53441513643236e-16,3
"20428",0.0464827465864044,3.15493739360646e-09,6.44276038738229e-08,1.56910698299747e-19,0.953517185831054,5
"20431",0.104007647608871,3.84462022924679e-11,0.029104291901891,3.79919254133187e-05,0.866850068525378,5
"20433",0.97516323432417,2.90340738241901e-50,3.84274055455537e-08,1.76809775145485e-49,0.0248367272484247,1
"20436",0.999999968541097,2.23103286829108e-31,2.5252224852908e-09,9.26227976581156e-29,2.89336808350417e-08,1
"20439",0.0638509116072621,0.936110393484341,2.96911122372819e-09,3.85458692405998e-05,1.46070044771653e-07,2
"20441",3.69445998766033e-06,2.78593431134477e-30,0.999854546043599,1.39928225057631e-38,0.000141759496413346,3
"20444",0.000498106444575338,1.44222885543872e-08,2.51238886876562e-09,0.999501876620192,5.54781163360927e-13,4
"20448",0.0215241842913493,2.42647301117224e-07,0.955914151781408,5.4651455804417e-07,0.0225608747653835,3
"20536",0.219979129348806,0.779371638259921,3.60935252011004e-08,1.16901072091664e-16,0.000649196297747498,2
"20538",6.63737334011736e-07,3.89771140808702e-14,0.998471637711793,5.75191125055014e-39,0.00152769855083407,3
"20541",0.0336340056575549,1.1559408230949e-37,0.0215788449691093,1.07296374191853e-41,0.944787149373336,5
"20544",0.00314593453389876,7.90044507294649e-05,0.000348757140272909,1.33215890542014e-11,0.996426303861777,5
"20546",0.0147592435890657,4.21273021395549e-16,0.000460724255831381,7.84470086348024e-35,0.984780032155102,5
"20550",0.398874282984154,3.56780143540482e-16,1.74014349532368e-05,2.03584951518926e-16,0.601108315580892,5
"20553",0.000201851879485565,2.58344526357629e-104,0.999798148116082,3.98318115422508e-67,4.43251252550087e-12,3
"20555",1.34248690592182e-08,2.94575306608275e-22,0.999999986561694,1.93466000326884e-52,1.34373131633304e-11,3
"20557",0.0068181512938401,2.4823010085834e-13,0.0702453723606603,3.93373363392118e-14,0.922936476345212,5
"20559",0.0162776170924659,1.67548799459043e-16,8.9911861798182e-07,4.69765858458986e-17,0.983721483788916,5
"20561",0.00197655804672323,6.42330611436404e-05,1.54553011131017e-05,0.991521357713793,0.00642239587722701,4
"20564",0.000222652113617972,1.414818907883e-15,3.09901421017148e-09,0.999777344787361,5.56330621181586e-15,4
"20566",0.0167544168309459,1.61240417827354e-09,8.72439018378429e-10,4.157533119492e-13,0.983245580683795,5
"20569",0.00445394804289705,0.00846362897393002,3.35309925337874e-08,0.987053365133697,2.90243184836964e-05,4
"20572",0.232575426144188,7.05898864824332e-08,1.66714178200212e-09,0.767423962668688,5.38930096262785e-07,4
"20574",0.0164545646409518,1.33909735156056e-23,0.0012078911645432,7.99045126973861e-19,0.982337544194505,5
"20576",0.00060513438164861,1.34664359156666e-13,2.22902705827594e-08,0.999394842953848,3.74097718654834e-10,4
"20578",0.011030266201632,1.92383702053197e-06,6.56771298710565e-06,3.7923759509732e-07,0.988960863010765,5
"20580",0.0257236333118175,8.85509344511348e-06,6.92101369648651e-08,3.91227867415111e-12,0.974267442380688,5
"20583",0.000195997726214182,9.20553791108151e-13,5.15813403266465e-09,0.999803997099142,1.55890613483823e-11,4
"20586",0.0116510363961046,4.40755118928141e-07,2.22086658577555e-05,1.73516101919244e-23,0.988326314182919,5
"20589",0.0212208571927414,1.20680581605801e-25,2.60254702427723e-05,2.83092472938819e-42,0.978753117337016,5
"20591",0.00111022391561073,1.00173510300992e-08,0.980736501536128,2.82400188100491e-28,0.01815326453091,3
"20593",0.161687445396452,2.04739171832883e-57,1.89912201084934e-06,2.95163612420015e-42,0.838310655481537,5
"20595",0.00194607594331877,2.51970555820959e-14,0.000231824991888219,9.26409122622293e-15,0.997822099064759,5
"20597",0.999424542478092,0.000575453852489938,3.65966530713652e-09,8.5301745113475e-22,9.7528061226852e-12,1
"20599",0.000598400429299332,1.58322700037176e-16,8.80607299490146e-10,0.999401598690038,5.50511664720469e-14,4
"20601",0.00119137925737278,0.887737691130513,1.6566232727026e-05,2.0783793867946e-07,0.111054155541449,2
"20604",0.0194334742851266,1.31440621031304e-36,1.18434004490897e-06,2.68947659326617e-26,0.980565341374829,5
"20606",0.0246864904794196,2.20361063637351e-30,9.70101396111155e-08,2.13975651663254e-31,0.975313412510441,5
"20608",0.0130713718775993,2.45931647227357e-22,2.49406527566394e-08,2.56622773468728e-25,0.986928603181748,5
"20610",0.00477494224831724,1.09836277865074e-12,4.75525480903096e-06,0.995219832445584,4.70050191044828e-07,4
"20612",0.968598829692327,7.97731664830936e-40,0.0314011703075974,1.66821409583584e-49,7.57359343853511e-14,1
"20614",0.000379069568392954,3.71867213200223e-05,1.1803939151677e-07,0.999583513280974,1.12389921915745e-07,4
"20616",0.619106601936126,0.00518300729786317,8.36029508226019e-06,3.4897527468977e-09,0.375702026981176,1
"20618",1.11564753406242e-06,2.00813389324207e-20,0.999987412074063,6.24499609519846e-28,1.1472278403097e-05,3
"20620",0.898903586208444,6.84568608455292e-30,1.83532426162532e-07,9.65917827225165e-22,0.10109623025913,1
"20622",0.00495765916314718,3.65521112742709e-12,5.94471798460878e-08,0.995042184091799,9.72942185689427e-08,4
"20624",0.000287995651979711,9.58689465318561e-24,0.525841169045693,2.71864401118356e-40,0.473870835302327,3
"20626",0.951483276836954,3.20366775856328e-17,8.74703058714083e-10,1.75457661233009e-15,0.0485167222883411,1
"20628",0.954341258935528,4.90441949465451e-15,4.7189360747716e-05,6.01117109949237e-25,0.045611551703719,1
"20630",0.0415508332261721,6.13723440464565e-19,2.09132223003314e-07,1.36212077254192e-11,0.958448957627984,5
"20632",0.00241730410260873,1.36227455697026e-06,3.5856467708823e-10,0.997581333253262,1.10078349046738e-11,4
"20634",0.0179771941675509,3.1775469324598e-29,5.20274199424967e-07,5.38829482524452e-31,0.98202228555825,5
"20637",0.000188953544908759,1.26460090495325e-38,0.999235678002445,3.40556526250189e-28,0.000575368452646506,3
"20639",0.00330293435586482,8.57262834090175e-08,1.52258128209628e-05,0.996652584680771,2.91694242597738e-05,4
"20644",0.0365047036935299,1.28577616228598e-92,0.963495296282546,3.53276009100055e-81,2.39239988332802e-11,3
"20646",0.999509001887126,2.83456685689572e-48,0.000488362459727642,2.22097829072874e-42,2.63565314616986e-06,1
"20648",0.000445054126060223,0.356133634184708,0.000129304907726348,0.625748848280141,0.0175431585013646,4
"20650",0.0135630410688605,7.33525793090735e-35,0.933618942117516,3.45437174118425e-48,0.0528180168136234,3
"20653",0.953897099013719,0.000465119426696174,0.000186081203248,1.69402784568917e-11,0.0454517003393965,1
"20658",0.110097288912633,5.60071523093488e-26,1.10544992999025e-08,3.40404352176941e-41,0.889902700032868,5
"20661",1.06984847715117e-07,6.76934182660037e-24,0.99999932942365,8.47713887109542e-55,5.63591501901384e-07,3
"20663",0.00324942931656251,0.00428623645914471,0.000266448723826451,3.14782300060332e-17,0.992197885500466,5
"20665",0.00297348105533606,5.58622996001679e-16,4.48219801676457e-12,0.997026518940041,1.40166989207453e-13,4
"20667",0.946381524092741,2.11049597772377e-09,0.000151923422390869,1.29677531328296e-16,0.0534665503743718,1
"20669",0.904744597026114,0.0952460824457085,9.31201410799897e-06,1.44258717655847e-18,8.51406950749413e-09,1
"20671",0.000630231036857006,3.25306234283729e-20,0.729598632041563,2.25542315101848e-18,0.269771136921581,3
"20673",0.998867784916171,0.00113221369433698,1.38792204092803e-09,4.44444304321073e-15,1.56552459359721e-12,1
"20675",0.705839847825529,0.266242601145389,1.89481174402282e-07,3.07951581576665e-21,0.0279173615479073,1
"20677",0.0454217550255403,0.000872762147818387,2.22499028099837e-07,3.9579822993692e-21,0.953705260327613,5
"20679",0.844846297896042,0.155150044747428,3.62847898460263e-06,2.77702086557489e-08,1.10733684160435e-09,1
"20681",0.00217785820338712,0.997739028464125,6.36067046275419e-07,5.39337143681345e-19,8.24772654410655e-05,2
"20683",0.178430795830976,1.69729978106369e-06,3.68798450968912e-07,1.45300133404151e-19,0.821567138070792,5
"20685",3.88306584779023e-08,6.77739882957005e-17,0.999999960995398,2.8234406087121e-35,1.7394355438622e-10,3
"20687",0.000557186631133455,0.912812699327113,1.7967009340141e-06,0.0865997503618343,2.85669789853031e-05,2
"20689",2.49652717697273e-06,4.01579773851578e-70,0.999997503462748,9.7080969960217e-88,1.00751030875873e-11,3
"20691",0.000365080660122368,6.49070034447527e-08,2.69611386521365e-08,0.999634827437971,3.3764626072981e-11,4
"20693",0.0713507930772606,3.18681053786161e-31,0.000271423783387712,1.74515157498653e-45,0.928377783139352,5
"20695",0.00851034295744682,0.785578520999593,0.00102212380959612,0.10110894148157,0.103780070751795,2
"20697",0.0341445815058102,1.80980552300356e-25,3.45808415857778e-06,1.44156485783893e-15,0.96585196041003,5
"20699",0.050838649126136,0.000822534593550621,1.615026203503e-08,1.5608205561138e-15,0.94833880013005,5
"20701",0.0393306487551641,2.51519886522699e-10,1.95716822453877e-05,6.64308793906602e-31,0.960649779311071,5
"20703",0.996654760227991,1.03650813577627e-17,0.00334523977200872,1.30258841042286e-32,3.26128186053946e-16,1
"20705",0.0824871098138503,1.06815023251994e-19,1.52013534755557e-05,7.08852496473327e-31,0.917497688832674,5
"20707",0.00302758325586906,0.901678534812266,0.000122596195465261,9.39233591435636e-10,0.095171284797166,2
"20709",0.962502255427223,1.29191632382924e-09,3.84140953495785e-07,0.00117470126778717,0.0363226578721198,1
"20713",0.00028291372776105,0.000540139699625171,0.999054016918884,1.88210654004559e-13,0.000122929653541346,3
"20715",0.982507703053641,2.39225529895538e-80,0.017492212916771,1.3617190158625e-29,8.40295880320632e-08,1
"20717",0.00260865750971024,0.988945599533884,0.00023054525552856,6.98170138260999e-05,0.00814538068705115,2
"20720",0.0221415458798419,5.16644613854771e-16,0.000217546294541787,4.73374995597842e-18,0.977640907825616,5
"20722",0.0438597857592644,1.19600226741382e-10,1.30325223926592e-07,4.6328777532361e-17,0.956140083795912,5
"20724",0.000178391120365927,0.997524794428799,2.21562711344892e-07,0.0017638532942768,0.000532739593847012,2
"20726",0.103809932528886,1.61982951812341e-31,0.000122873823178551,6.20455958633062e-43,0.896067193647936,5
"20728",0.000478798282546653,0.99947693327066,2.9419454108533e-07,2.27162784946426e-13,4.39742520247591e-05,2
"20730",0.000443516395072429,0.966353830679967,1.17814522961885e-05,0.012464257869741,0.0207266136029233,2
"20732",0.993458129936087,5.83198452797631e-27,0.000408406183686215,2.93333410092194e-36,0.00613346388022731,1
"20734",0.02978323244585,0.000880906289457685,5.17199856604113e-06,1.4546122718243e-13,0.969330689265981,5
"20736",0.000997213330562507,0.000159407231201797,2.15667260439016e-08,0.99883017604979,1.31818217201219e-05,4
"20738",0.999999995606258,2.46852810745111e-47,4.37727130190456e-09,1.12641989626687e-30,1.64712536444366e-11,1
"20740",0.00151137452490972,1.98943111851759e-14,0.985241761479325,9.01462447326921e-60,0.0132468639957452,3
"20742",2.42220348512391e-05,0.892615880075008,0.102888716230704,5.1927390610033e-16,0.0044711816594364,2
"20744",0.0103181665927113,0.000123335907319338,6.4203911554327e-11,0.989558496421722,1.01404362477009e-09,4
"20746",0.00524442043995003,0.287791742222207,9.10801856607481e-06,1.7899783236918e-12,0.706954729317487,5
"20748",0.000106859222857425,0.964363746837604,2.85406794508777e-05,0.0351324479574075,0.000368405302680361,2
"20750",0.00746221869556757,0.337301899641104,5.83445975960273e-09,0.649128748532526,0.00610712729634222,4
"20752",0.0154288509355017,1.08405003984165e-07,3.42162278913011e-05,3.39769020745423e-24,0.984536824431603,5
"20754",0.99994024102466,5.97583009688416e-05,6.56458855144217e-10,2.94276348973283e-16,1.79121804489527e-11,1
"20756",0.0348945173999949,0.00912359890853589,7.52096658195121e-06,0.08250986051253,0.873464502212357,5
"20758",0.99999980033607,1.2446115363932e-16,9.69719823182447e-13,3.42671594640578e-12,1.99659533290845e-07,1
"20760",0.00174093729770717,0.97371619205285,2.12506045956586e-08,0.024495813120318,4.70362785208341e-05,2
"20762",0.99971511359659,0.000284820215841535,6.61061749768803e-08,2.02325044957514e-20,8.13936989680358e-11,1
"20764",0.00678109765897232,0.321270610175042,0.000610167641396732,0.671328975302035,9.14922255377754e-06,4
"20766",0.000696248775098469,0.666214001297982,1.68055034539584e-06,0.332676432259754,0.000411637116820001,2
"20768",0.000343702867368791,0.00315203521381414,1.80037057332265e-06,0.99443676342741,0.00206569812083358,4
"20770",0.992100803676274,0.00074506011348275,4.79436341912971e-07,3.15171779778917e-20,0.00715365677390073,1
"20772",0.0228111008374196,3.51672601293918e-31,7.1015663424352e-09,1.36801247782125e-26,0.977188892061014,5
"20774",0.997867744487186,4.53606402982753e-69,7.89600767092263e-05,7.76053050902294e-69,0.00205329543610514,1
"20776",0.0253560650967213,0.11565586744972,0.00833834254937995,1.43249268137049e-23,0.850649724904179,5
"20778",0.0118281852110941,7.90279607976491e-82,0.988164267366932,2.55968218185045e-59,7.54742197423722e-06,3
"20780",0.999999999849006,4.68013092154599e-18,1.50993817817234e-10,3.52092598162396e-17,3.12690596240979e-16,1
"20782",0.999958569887962,4.12015227082549e-05,2.28588659216687e-07,1.34961870113118e-14,6.56549731997571e-13,1
"20784",0.999875482471164,0.000124346120935205,1.70029802430769e-07,2.79664010761879e-19,1.37809791440702e-09,1
"20786",0.11455243382225,3.72287501896391e-13,1.21808470844327e-10,0.885447566055564,4.64538789649323e-15,4
"20788",0.00063475436326816,0.870474095268927,0.000388319973574107,5.28707821982201e-10,0.128502829865523,2
"20790",0.0534823821998264,0.94642351745067,1.54164092658856e-08,7.38000405916436e-05,2.0284892502497e-05,2
"20792",0.152059208525686,7.59859439598212e-07,0.00188834014037433,0.000162189671098697,0.845889501803402,5
"20794",0.0570950572758373,0.942215875394766,7.96452447325987e-10,0.000688053125855049,1.01340708957362e-06,2
"20796",0.0134404333692647,2.96076876326526e-25,0.000274314967668558,1.14325256846132e-35,0.986285251663067,5
"20798",0.000222652113617972,1.414818907883e-15,3.09901421017148e-09,0.999777344787361,5.56330621181586e-15,4
"20801",0.99999227957514,2.77784842915637e-23,2.57034772768392e-08,7.67800218213746e-06,1.67192007520714e-08,1
"20803",0.0241072539197978,0.067597778895307,0.00803715784258524,3.54135599104942e-14,0.900257809342275,5
"20805",0.0161427180261512,0.000722982168096086,2.16486602114973e-06,9.45618730299438e-18,0.983132134939732,5
"20807",0.000222652113617972,1.414818907883e-15,3.09901421017148e-09,0.999777344787361,5.56330621181586e-15,4
"20809",0.0762062644502104,0.261547998106434,0.522334725762612,1.05255279126405e-16,0.139911011680744,3
"20811",0.999967113083019,5.32077010460378e-21,1.47534888446398e-05,1.30315852882952e-08,1.81203965509902e-05,1
"20813",0.916323034786272,4.10826779237265e-10,6.04857767330982e-05,9.23261975102612e-07,0.0836155557641929,1
"20815",0.965432229365139,7.84608561955717e-18,1.03266018920974e-10,0.0345677705315954,1.48997073348729e-19,1
"20817",6.56216943959357e-05,0.998167112019836,4.47629360605737e-06,2.30127730293976e-05,0.00173977721913272,2
"20819",0.025298241035882,0.00336861957917072,0.000755592619690178,6.40235444805573e-22,0.970577546765257,5
"20821",0.999999999983534,2.02921256824089e-48,5.94617751122214e-13,2.47457455087048e-32,1.58712516942641e-11,1
"20823",0.00179631017154363,0.0030895854338445,0.000266048512077109,9.51503239237678e-09,0.994848046367502,5
"20825",0.000620710212209047,0.999064667179868,1.44863804873952e-07,1.06816075469595e-06,0.000313409583363095,2
"20827",0.4152601656732,6.12068664817774e-07,0.000500094789813399,0.579802992650449,0.00443613481787246,4
