"","V1","V2","V3","best$classification"
"19811",0.0806748894388404,0.032858949749769,0.886466160811391,3
"19813",3.31335216187241e-07,0.999997916636076,1.75202870745069e-06,2
"19815",0.927894364732361,0.00968860823820377,0.0624170270294353,1
"19817",0.143978356142581,0.00133331455774451,0.854688329299674,3
"19819",0.231238255833999,0.768761744165986,1.48692812182102e-14,2
"19821",0.17678961956626,0.0722970805967116,0.750913299837028,3
"19823",0.00810281174594465,0.991302955629615,0.00059423262444033,2
"19825",3.01874686392274e-07,0.999999698125267,4.67015911692753e-14,2
"19827",0.0124682289558536,0.00354714105647536,0.983984629987671,3
"19829",0.814025414801243,0.185963655251213,1.09299475447548e-05,1
"19831",0.0371193580408293,0.962880641959163,8.16115548610383e-15,2
"19833",6.98769805392789e-16,0.999999999999999,1.55495023293591e-22,2
"19835",0.17678961956626,0.0722970805967116,0.750913299837028,3
"19837",0.0386998256820976,0.0010935406231695,0.960206633694733,3
"19839",0.0674673977743195,0.932527608330324,4.99389535633442e-06,2
"19841",8.90053553106874e-10,0.708752765391826,0.29124723371812,2
"19843",0.0199857421261134,0.980014257873887,3.16632541835592e-18,2
"19845",0.00146904422377352,0.951576892260806,0.0469540635154204,2
"19847",0.92635435205654,0.0711448573074431,0.00250079063601715,1
"19849",7.28188627607834e-08,0.999814543307498,0.000185383873639159,2
"19851",0.0461967404262366,0.00372548984072491,0.950077769733038,3
"19853",2.51953741690562e-05,0.965834415492422,0.0341403891334085,2
"19855",0.0122876868820729,0.0405383216824249,0.947173991435502,3
"19857",0.699257351009723,0.0350823571622418,0.265660291828035,1
"19859",0.181539051454057,0.00882612922224777,0.809634819323696,3
"19861",0.0315067685152018,0.111543071505629,0.856950159979169,3
"19863",5.03817631988385e-14,0.995646305087707,0.00435369491224234,2
"19865",4.75099232163738e-06,0.00157828604396364,0.998416962963715,3
"19867",0.884848698354786,0.0771900526710246,0.0379612489741894,1
"19869",1.45535178135368e-06,0.97662623053331,0.023372314114909,2
"19871",0.180307251573713,0.00218059841854255,0.817512150007745,3
"19874",0.00154263559513914,0.00977575705931031,0.98868160734555,3
"19876",0.000851005327332009,0.00232856681784516,0.996820427854823,3
"19878",0.698645976908775,0.301354023086022,5.20319714674292e-12,1
"19880",8.80661434691284e-09,0.000626739798731839,0.999373251394654,3
"19882",0.0133162427168999,0.852394140231105,0.134289617051995,2
"19885",0.732388315464134,0.00188161612964532,0.26573006840622,1
"19907",0.381069844378581,0.475881938368991,0.143048217252429,2
"19909",0.992401462070441,0.00759847635998946,6.15695695812965e-08,1
"19911",0.944435442576128,0.0555305614456309,3.39959782406037e-05,1
"19913",1.77330616127341e-10,0.00693571732428524,0.993064282498384,3
"19915",0.000631478278060091,0.000472769972793399,0.998895751749146,3
"19917",0.000673803624131476,0.00947891686261123,0.989847279513257,3
"19919",0.0248218781683606,0.00105189417372532,0.974126227657914,3
"19921",0.252886984976077,0.00440934286339669,0.742703672160526,3
"19923",0.894477048376879,0.105522134438955,8.17184165845318e-07,1
"19925",0.000258813020554564,0.000820964010706956,0.998920222968739,3
"19927",0.339246417885109,0.00511505554959071,0.6556385265653,3
"19929",9.43408844159132e-14,0.577385438056366,0.42261456194354,2
"19931",0.97201617288676,0.0122736521663356,0.0157101749469042,1
"19933",0.995191299180547,0.00472802435037214,8.06764690804708e-05,1
"19935",0.9756800864037,0.024296955236551,2.2958359748825e-05,1
"19937",0.370295546047684,0.00870412992948781,0.621000324022828,3
"19939",0.967380072548561,0.0160684315519642,0.0165514958994751,1
"19941",0.6067772774184,0.393208504515912,1.42180656878725e-05,1
"19943",5.48204697291788e-07,0.00259431725528932,0.997405134540013,3
"19945",0.989514635548738,0.0104554569465343,2.99075047272665e-05,1
"19947",0.00035451408578288,0.997542448194717,0.00210303771950023,2
"19949",0.979492201022111,0.0205077375460919,6.14317970429833e-08,1
"19951",0.198505090090389,0.0828915803564026,0.718603329553209,3
"19953",0.0118844194011828,0.988115580598812,5.74971087980031e-15,2
"19955",0.336742153722997,0.663257844158029,2.11897365779471e-09,2
"19957",0.0106262140019508,0.844514400591086,0.144859385406963,2
"19960",0.758286322048738,0.241713641726506,3.62247563062541e-08,1
"19963",1.95312673623654e-13,0.999999999425617,5.7418773037e-10,2
"19965",0.951037479501609,0.04896252049839,1.14626684649152e-15,1
"19968",1.68724704573505e-05,0.997308551038814,0.00267457649072907,2
"19971",4.63906220727115e-10,0.999955809351634,4.41901844597567e-05,2
"19973",0.0484641755891201,0.000409510976596448,0.951126313434284,3
"19975",0.000310140742165562,0.00967210223793967,0.990017757019895,3
"19977",4.35572591959764e-09,0.999998498467232,1.49717704250732e-06,2
"19979",0.964108971339811,0.0358910286601779,1.13396384948903e-14,1
"19981",0.990885784060279,0.00450688424514052,0.00460733169458,1
"19983",0.985626564948206,0.00968533072617167,0.00468810432562283,1
"19985",0.000164539123934357,0.000791549752977888,0.999043911123088,3
"19987",0.932050014378308,0.0407436357077212,0.0272063499139709,1
"19989",0.948604039843248,0.0513959601567521,2.66523413471211e-17,1
"19993",0.978671389905123,0.0212403580410203,8.82520538571759e-05,1
"19995",0.991205377963714,0.0087882646483621,6.357387924245e-06,1
"19997",0.0863872086292885,0.00328977347133512,0.910323017899376,3
"19999",0.00212750702664128,0.0165257752603845,0.981346717712974,3
"20002",1.0476795852261e-12,0.999999931219335,6.87796175566925e-08,2
"20004",0.950316078169858,0.0496838227068302,9.91233117136159e-08,1
"20006",0.13790397151247,0.862096026786209,1.70132096504466e-09,2
"20008",0.289680761063681,0.710319238890842,4.54775254986994e-11,2
"20010",0.970701986707237,0.0292979121889954,1.01103767407098e-07,1
"20012",0.000677273333303871,0.399913713861353,0.599409012805343,3
"20015",0.942455579800649,0.057544420199351,6.45264672192553e-17,1
"20017",0.00428072821621279,0.00157250982286129,0.994146761960926,3
"20019",0.92163340028819,0.0783665997118103,4.91726883218636e-22,1
"20022",0.987627067425183,0.0123727829084802,1.49666337010306e-07,1
"20024",0.00111778965864087,0.998882210341359,3.93796476728806e-25,2
"20026",0.00111778965864087,0.998882210341359,3.93796476728806e-25,2
"20028",0.00106148639910627,0.00105312362179488,0.997885389979099,3
"20030",0.693926422756597,0.306073577239459,3.94393399395117e-12,1
"20033",0.197085072043841,0.0121403464415744,0.790774581514584,3
"20035",0.875505606642271,0.124494393357729,5.81939703761941e-23,1
"20037",0.980698695651082,0.019301304348918,8.2707903144074e-21,1
"20039",5.7899464411079e-09,0.999999994210053,3.21465223471256e-28,2
"20041",0.96135437304594,0.0386453464271588,2.80526900896383e-07,1
"20044",0.752311179878963,0.247688240106893,5.80014143530166e-07,1
"20047",0.499526528445596,0.500473471554404,5.62192066404391e-19,2
"20050",0.734794413258615,0.265205579463205,7.27817890334645e-09,1
"20052",0.596186787193382,0.0181477323688784,0.38566548043774,1
"20054",0.962801040138439,0.037198957937237,1.92432408154236e-09,1
"20056",0.00105745297707725,0.675901567638603,0.32304097938432,2
"20058",0.959191688389795,0.0408083116102052,2.9796036425518e-18,1
"20060",0.951759883613644,0.0255758194729189,0.0226642969134375,1
"20062",0.978409259757197,0.00394871769939481,0.017642022543408,1
"20064",0.996377071955959,0.00355318972698688,6.97383170544562e-05,1
"20066",0.658102734366266,0.341897265633731,3.62667613300914e-15,1
"20068",0.412913141434486,0.0127395261268927,0.574347332438621,3
"20070",0.903523431104687,0.0616143042296402,0.0348622646656729,1
"20072",0.676961563521036,0.323038436478876,8.85998497586766e-14,1
"20074",2.3854847886436e-13,0.0118158053737321,0.988184194626029,3
"20076",0.00458222836523945,0.668381429272877,0.327036342361883,2
"20078",0.991441152665392,0.0085581851536811,6.62180927132509e-07,1
"20080",0.986969066225613,0.013030933774387,6.45670534604688e-17,1
"20082",1.88158625464371e-05,0.999981184137454,3.6309417114988e-17,2
"20084",0.711195576306843,0.288756898152968,4.75255401891308e-05,1
"20087",0.98219218301451,0.0178078127169916,4.26849841134575e-09,1
"20090",0.969181045149915,0.0308189548500849,2.33924393021435e-16,1
"20092",0.00535270069437365,0.99464729930513,4.9604622574207e-13,2
"20096",0.0707567500943838,0.929241615112659,1.63479295746846e-06,2
"20098",0.0261865062148426,0.00202628353262377,0.971787210252534,3
"20101",0.97909550569479,0.020904492567934,1.73727578920355e-09,1
"20104",1.50994956483305e-08,0.999999984828623,7.18811859995226e-11,2
"20106",0.992425773985133,0.00757421480103206,1.1213835089879e-08,1
"20108",0.40290962173762,0.00846631373423958,0.58862406452814,3
"20110",0.142201801262895,0.854964737395078,0.00283346134202738,2
"20112",0.985573751282018,0.014426243608322,5.10966004031378e-09,1
"20114",0.899253697856977,0.100055892174677,0.000690409968346777,1
"20116",0.891722298002004,0.108014979337004,0.000262722660991801,1
"20118",0.837042334263774,0.00738231946294236,0.155575346273284,1
"20120",0.827628516398549,0.172371478407377,5.19407445859616e-09,1
"20122",1.10665792420853e-06,0.00190688885314985,0.998092004488926,3
"20124",0.921141827802296,0.0788581721977037,1.3833404773178e-16,1
"20126",2.61325932378504e-08,0.999999973867407,6.16723995079967e-22,2
"20128",5.0071347104588e-05,0.999949928652896,4.67991468410913e-28,2
"20141",0.0001082858310947,0.999884155717429,7.55845147636639e-06,2
"20143",1.0121015172456e-10,0.903728583028323,0.0962714168704668,2
"20145",0.988932962570256,0.0110667807488876,2.5668085605964e-07,1
"20147",0.997607514377421,0.0023923644505746,1.21172003907258e-07,1
"20149",1.51161378161654e-06,0.00764639848458796,0.99235208990163,3
"20151",0.0212245611158912,0.000576687478881659,0.978198751405227,3
"20153",0.0279704062307251,0.337053206188263,0.634976387581012,3
"20155",0.994370066313013,0.00562993363806539,4.89221624839485e-11,1
"20157",0.0287653224302168,0.0492406905727331,0.92199398699705,3
"20160",1.13608067631896e-10,0.00135848781921549,0.998641512067177,3
"20162",9.86755746617453e-08,0.00035191149229981,0.999647989832125,3
"20164",0.00573887801853382,0.045363409356596,0.94889771262487,3
"20166",0.0708458595412635,0.929154140286887,1.71849621155434e-10,2
"20168",1.02173342550123e-10,0.999999998964969,9.32857909596865e-10,2
"20170",0.0214362552586169,0.0256541651213091,0.952909579620074,3
"20172",0.989418153229246,0.0105818422652956,4.50545813513477e-09,1
"20174",2.80008589029101e-05,0.00848631380731443,0.991485685333783,3
"20176",8.7295564384312e-07,0.999999122914382,4.12997449632969e-09,2
"20178",6.00784407773718e-11,0.00417356609317491,0.995826433846747,3
"20181",0.559210354088044,0.4407896402898,5.62215653023178e-09,1
"20183",0.82745980032186,0.0322406790458316,0.140299520632309,1
"20186",0.806597866307821,0.193381521168956,2.06125232224135e-05,1
"20188",6.66813000174735e-09,0.00271186289805512,0.997288130433815,3
"20190",0.994045929323533,0.00595407067645277,1.44576392966255e-14,1
"20193",2.16513981042284e-09,0.999954045303408,4.5952531451846e-05,2
"20195",0.148396633523073,0.0575600243493831,0.794043342127544,3
"20197",0.991365078313582,0.00863491905909067,2.62732744722265e-09,1
"20199",0.00020793537577778,0.0154160224899098,0.984376042134312,3
"20205",3.42327447632817e-06,0.999996576725524,3.74384199601429e-17,2
"20208",0.655579059459509,0.0374642064453315,0.30695673409516,1
"20210",1.86675257485308e-06,0.000358210271340928,0.999639922976084,3
"20212",0.00268872938976282,0.00707270323245791,0.990238567377779,3
"20216",0.982232418627981,0.0177675799795014,1.39251746297611e-09,1
"20219",0.484021034764489,0.515978924002842,4.12326685040412e-08,2
"20223",0.0391156256091086,0.960884374390891,1.11215530616324e-22,2
"20226",0.979121392738798,0.0208585877348989,2.00195263031542e-05,1
"20230",0.991474576543513,0.00852542345648648,1.40503614571395e-16,1
"20233",2.91792927126944e-11,0.999999999970792,2.90772883539943e-14,2
"20235",0.0654365172838028,0.934563482716197,3.45982049684811e-18,2
"20239",0.676512261709827,0.323487737075311,1.21486178720163e-09,1
"20254",5.71478102378667e-05,0.999942852189762,9.02849343890926e-20,2
"20256",0.983591688935678,0.0164083110640523,2.69842584305277e-13,1
"20262",0.00110096278562817,0.00048337066839457,0.998415666545977,3
"20270",0.134416881719182,0.86558311817627,1.04548296137177e-10,2
"20284",0.210510522825787,0.789487052206932,2.42496728163857e-06,2
"20287",0.878452345926192,0.121547654073808,2.77380442879505e-22,1
"20290",0.000731869793086471,0.999268130156675,5.02385262986647e-11,2
"20293",0.987527400411664,0.0124596092739968,1.29903143394572e-05,1
"20296",0.0541353215375981,0.274808092803309,0.671056585659094,3
"20301",0.0694489494756301,0.93055105052437,9.43919996899942e-19,2
"20304",1.69371002378348e-05,0.999983062899762,1.57595436202132e-16,2
"20306",0.952157793875986,0.047842206124014,2.00533906198576e-17,1
"20309",0.98063612761696,0.0193584729312314,5.39945180893092e-06,1
"20311",0.954755776794405,0.0452442158295514,7.3760433265398e-09,1
"20314",0.0675015595030967,0.001222839567552,0.931275600929351,3
"20318",1.18945390559718e-07,0.985692453046454,0.0143074280081551,2
"20320",0.735815366387615,0.264078745140134,0.000105888472250692,1
"20326",0.390258604193423,0.00801591904182065,0.601725476764757,3
"20328",0.888297559319401,0.111698602771184,3.83790941466531e-06,1
"20330",0.887844039897845,0.112155960100268,1.8870320635388e-12,1
"20336",0.0199328429655717,0.980067117979845,3.90545829179906e-08,2
"20338",0.00804574245395187,0.991954257521687,2.43608363884398e-11,2
"20340",0.826807333230207,0.173192666769793,7.397647307833e-17,1
"20342",6.36849340109956e-11,0.999999999936315,7.89813214324923e-18,2
"20344",0.980482749834934,0.0195172501604391,4.62727811050362e-12,1
"20349",0.987866421518067,0.0121335784819311,1.31193495095645e-15,1
"20351",0.942476104229393,0.0575069257214543,1.69700491528785e-05,1
"20353",0.957682961246403,0.0423170387535933,3.31139382520544e-15,1
"20357",0.000127235291116857,0.999872764708883,1.87717314160532e-20,2
"20360",1.66864901878223e-06,0.999998331350981,9.1635114265896e-18,2
"20364",0.992176534704642,0.00782336935771137,9.59376467407172e-08,1
"20366",0.0001073776524208,0.999892622219333,1.28245994686948e-10,2
"20381",7.80857481671555e-09,0.999909690074284,9.03021171415166e-05,2
"20391",0.0467394463890914,0.953260553567329,4.35792685618657e-11,2
"20394",0.776521104025325,0.0299187857275612,0.193560110247114,1
"20396",2.48620232456129e-05,0.271728042506403,0.728247095470351,3
"20409",0.848374325222184,0.151168712023895,0.00045696275392085,1
"20411",0.827244127147573,0.172755872852223,2.03995007593657e-13,1
"20416",3.83147320308069e-05,0.999961685267969,1.18456398488152e-28,2
"20418",1.00140591018674e-06,0.125976306522585,0.874022692071505,3
"20420",2.70643921730536e-08,0.999999972642522,2.93085470790465e-10,2
"20422",0.931655574184624,0.0683444258153759,3.47842700001232e-16,1
"20424",0.951770851434573,0.0482291485650907,3.35995089858255e-13,1
"20426",2.05895988568686e-12,0.999999999997931,9.8344527515965e-15,2
"20428",0.990607274525532,0.00939226910386242,4.56370605688369e-07,1
"20431",0.77217667315859,0.223664636332428,0.00415869050898241,1
"20433",0.135983693803469,0.864016306196531,4.47752890979317e-21,2
"20436",3.67595560668507e-05,0.999963240381529,6.2403966493339e-11,2
"20439",0.000101762972092883,0.0551064918605613,0.944791745167346,3
"20441",0.000438655854763406,0.999561344145198,3.82500273879914e-14,2
"20444",9.12979475218534e-10,0.00199281092997945,0.998007188157041,3
"20448",0.148031379669213,0.846046112353665,0.00592250797712221,2
"20536",0.17112345539163,0.603420417980429,0.225456126627941,2
"20538",0.0115713961217936,0.988428603700334,1.77872206412546e-10,2
"20541",0.84326659010002,0.15673340989998,7.4712891207594e-18,1
"20544",0.994512528200386,0.00547526150127548,1.22102983388834e-05,1
"20546",0.973657590257714,0.0263424097411441,1.14145036877547e-12,1
"20550",0.915410793869779,0.0845891506149751,5.55152458926397e-08,1
"20553",4.51825869663572e-10,0.999999999548174,4.25873337240815e-30,2
"20555",1.78297257082633e-08,0.99999998217026,1.47071100242184e-14,2
"20557",0.94877406615953,0.0512218894012759,4.04443919386612e-06,1
"20559",0.995330603255372,0.00466939605805476,6.86573197324446e-10,1
"20561",0.0483850753919811,0.03535222397404,0.916262700633979,3
"20564",6.00784407773718e-11,0.00417356609317491,0.995826433846747,3
"20566",0.975546004413955,0.0244519388922469,2.05669379810036e-06,1
"20569",0.000951108559184922,0.0053511997308565,0.993697691709959,3
"20572",5.53150118980057e-05,0.115882788686864,0.884061896301238,3
"20574",0.99293877171349,0.00706122807744096,2.09068872473961e-10,1
"20576",4.0050742830058e-08,0.00167695370040847,0.998323006248849,3
"20578",0.996109367679039,0.00260507832540718,0.00128555399555367,1
"20580",0.993915364601915,0.00607690647210425,7.7289259805368e-06,1
"20583",7.58981494913592e-09,0.00152732996665954,0.998472662443525,3
"20586",0.986798585069968,0.0132014076287928,7.30123960447021e-09,1
"20589",0.989708982623248,0.0102910173767464,6.02061871318257e-15,1
"20591",0.132721630260755,0.867277064200299,1.30553894599566e-06,2
"20593",0.945244718999679,0.0547552810003205,1.33440961561357e-20,1
"20595",0.991993934146286,0.00800590502401954,1.60829694697089e-07,1
"20597",8.38859866778049e-07,0.990242502153031,0.00975665898710254,2
"20599",1.54935225284771e-10,0.00237068255766301,0.997629317287402,3
"20601",0.539186735851707,0.00249045689405395,0.458322807254239,1
"20604",0.992249562653026,0.00775043734695893,1.51681404963191e-14,1
"20606",0.988115038191999,0.0118849618080006,2.61559770895682e-16,1
"20608",0.987943022256748,0.0120569777361267,7.12564170547775e-12,1
"20610",1.31988681266436e-05,0.0236571102621968,0.976329690869677,3
"20612",1.09374246919898e-10,0.999999999890625,1.13302014414835e-15,2
"20614",3.83185322447903e-06,0.000568081435533034,0.999428086711243,3
"20616",0.7978270464153,0.202140735133158,3.22184515415943e-05,1
"20618",8.43241088445014e-05,0.999915675828686,6.24691615602572e-11,2
"20620",0.539960758705118,0.460039241288799,6.08271922861095e-12,1
"20622",1.44939177975378e-06,0.00448317987377078,0.995515370734449,3
"20624",0.657007508007682,0.342992491992049,2.6896015188965e-13,1
"20626",0.148300845700762,0.851699018856827,1.35442411126939e-07,2
"20628",0.143938344595673,0.85606153555783,1.19846496919938e-07,2
"20630",0.950626798888204,0.0493730124339064,1.8867788918062e-07,1
"20632",2.8735034908441e-08,0.0054465112868413,0.994553459978124,3
"20634",0.992913832057651,0.00708616794234331,4.99897605878235e-15,1
"20637",0.00160597016343023,0.998394029836375,1.95139781032713e-13,2
"20639",0.00325458790419118,0.17180762018128,0.824937791914529,3
"20644",3.07379374793353e-09,0.999999996926206,9.06858638934302e-30,2
"20646",0.000147793977614365,0.999852206022385,2.94208811546812e-16,2
"20648",0.014468707552582,0.00116100938565181,0.984370283061766,3
"20650",0.0848907227886751,0.915109277211325,5.0892728255764e-17,2
"20653",0.477212052280316,0.522604400677975,0.00018354704170945,2
"20658",0.913536919239542,0.0864630807604391,1.83347965315217e-14,1
"20661",1.19147867726096e-05,0.999988085213219,7.99098406824376e-15,2
"20663",0.992440773822253,0.00697482709691005,0.000584399080837138,1
"20665",6.09552084914279e-10,0.0135672446657302,0.986432754724718,3
"20667",0.678039202152603,0.321959062400657,1.73544674056092e-06,1
"20669",2.47412464951202e-05,0.947745565830626,0.0522296929228792,2
"20671",0.24971612095961,0.750283775739002,1.03301387934733e-07,2
"20673",2.15493995317879e-07,0.898819519864925,0.101180264641079,2
"20675",0.686263121238528,0.310556506189237,0.00318037257223504,1
"20677",0.981739854084988,0.0182558223025062,4.32361250616801e-06,1
"20679",6.87792422097128e-06,0.580875907948668,0.419117214127111,2
"20681",0.130195116494674,0.083919587634374,0.785885295870952,3
"20683",0.957726504450976,0.0422669792173941,6.51633163028238e-06,1
"20685",8.00317394313642e-08,0.999999919888632,7.96285518987165e-11,2
"20687",0.000193318924631071,0.000828733252910801,0.998977947822458,3
"20689",1.17700390204171e-09,0.999999998822996,2.96806500350298e-28,2
"20691",1.43740984667897e-08,0.00190755809427877,0.998092427531623,3
"20693",0.909146121635566,0.0908538783644335,7.48454374145652e-18,1
"20695",0.072175080096275,0.00572195800682076,0.922102961896904,3
"20697",0.980652335140187,0.019347664630784,2.2902901951323e-10,1
"20699",0.989612630799576,0.0100333223371176,0.000354046863306378,1
"20701",0.984142132540867,0.0158578476413598,1.98177728949313e-08,1
"20703",1.24927219459066e-09,0.999999977741002,2.10097260291338e-08,2
"20705",0.959542285040723,0.0404577149591994,7.7265900340995e-14,1
"20707",0.642757586687506,0.01545204343125,0.341790369881244,1
"20709",0.191206214444292,0.638166625864637,0.170627159691071,2
"20713",0.00503275846330587,0.990688381807123,0.00427885972957079,2
"20715",8.29325719503228e-07,0.99999917067428,3.92435989590028e-16,2
"20717",0.0511791363855988,0.00996130936767447,0.938859554246727,3
"20720",0.985189786597327,0.0148102122935148,1.1091581220066e-09,1
"20722",0.988294990683232,0.0117049641380712,4.51786964450951e-08,1
"20724",0.007895077320129,0.000588172831700367,0.991516749848171,3
"20726",0.95081634441441,0.0491836555855896,2.81589119831201e-16,1
"20728",0.0283482458335114,0.00818386488307382,0.963467889283415,3
"20730",0.0317390059520683,0.00153019924637471,0.966730794801557,3
"20732",0.204962562588427,0.795037437410276,1.29696577755535e-12,2
"20734",0.99351443258513,0.00631403060358096,0.000171536811288968,1
"20736",0.000331600907465252,0.00249685696925235,0.997171542123282,3
"20738",4.73162572391341e-07,0.999999526837428,1.79438248412972e-19,2
"20740",0.0477521707466546,0.952247829249942,3.40314630156312e-12,2
"20742",0.421165593630732,0.335700288926492,0.243134117442777,1
"20744",5.10107491609965e-07,0.00935885414416809,0.99064063574834,3
"20746",0.982376043389269,0.0041382948539359,0.0134856617567955,1
"20748",0.00229850251081556,0.000612341646221148,0.997089155842963,3
"20750",0.00632002144351945,0.00150991600132657,0.992170062555154,3
"20752",0.992910923870157,0.00708851502916196,5.61100680620871e-07,1
"20754",6.203603021397e-07,0.981869805289566,0.0181295743501318,2
"20756",0.374761449690582,0.0135151287046887,0.611723421604729,3
"20758",9.47780950721628e-06,0.999987521993632,3.00019686078932e-06,2
"20760",0.00104402031701237,0.000966694489131128,0.997989285193857,3
"20762",3.58942659402467e-06,0.993219203680804,0.00677720689260224,2
"20764",0.000141571742808476,0.0202130041843932,0.979645424072798,3
"20766",0.00166967707794464,0.000415091367031659,0.997915231555024,3
"20768",0.00489746125312887,0.00105435493067016,0.994048183816201,3
"20770",0.264434145214911,0.734416345606255,0.00114950917883364,2
"20772",0.991243310498061,0.00875668950191918,1.95509330530304e-14,1
"20774",0.0272780285366476,0.972721971463352,9.94447462288218e-26,2
"20776",0.961083794846089,0.0361338273834439,0.00278237777046701,1
"20778",5.8288106724894e-05,0.999941711893275,1.44354481785569e-25,2
"20780",9.52171872861879e-11,0.999993691024351,6.30888043208288e-06,2
"20782",3.98154338133969e-08,0.983244389458987,0.0167555707255789,2
"20784",2.00505398302487e-05,0.997982906967655,0.0019970424925151,2
"20786",5.54246377199757e-11,0.0707715243340563,0.929228475610519,3
"20788",0.630992472694943,0.00857126370548701,0.36043626359957,1
"20790",0.00197319564378373,0.0468835631775019,0.951143241178714,3
"20792",0.730460311456337,0.238791984739422,0.0307477038042408,1
"20794",0.000228702288455674,0.0319834398650721,0.967787857846472,3
"20796",0.990186251601826,0.00981374839812123,5.30937592951786e-14,1
"20798",6.00784407773718e-11,0.00417356609317491,0.995826433846747,3
"20801",1.9211037777245e-06,0.999012662872656,0.000985416023565779,2
"20803",0.961440906492062,0.0282277746469438,0.0103313188609945,1
"20805",0.99334298699974,0.00664501364050594,1.19993597537179e-05,1
"20807",6.00784407773718e-11,0.00417356609317491,0.995826433846747,3
"20809",0.290621109770941,0.701248956188403,0.00812993404065571,2
"20811",0.000446178347212988,0.999553796881593,2.47711943848696e-08,2
"20813",0.369036583683333,0.630140134347137,0.000823281969529993,2
"20815",1.42517934852852e-13,0.612777186729851,0.387222813270006,2
"20817",0.0337305055390916,0.00100694729188154,0.965262547169027,3
"20819",0.982386985272945,0.0174736521413317,0.000139362585723096,1
"20821",7.30933904537186e-09,0.999999992690661,1.9735213345645e-16,2
"20823",0.97403741086527,0.00894758743450327,0.0170150017002269,1
"20825",0.022115413295124,0.00360662171751119,0.974277964987365,3
"20827",0.0298473761263597,0.170007091111477,0.800145532762163,3
"20829",0.281621578463026,0.718378421536974,4.33691367385293e-19,2
"20831",0.296863743504396,0.0336962123564738,0.66944004413913,3
"20833",1.05442657855438e-10,0.990465469256643,0.00953453063791389,2
"20835",0.00983853289034719,0.00158345161181544,0.988578015497837,3
"20837",0.0627645226173973,0.00421199059214541,0.933023486790457,3
"20839",0.0071153775107108,0.000841260216850179,0.992043362272439,3
"20841",0.376176050355132,0.623823919730679,2.99141881875584e-08,2
"20843",0.891772449474164,0.0119824352019191,0.0962451153239166,1
"20845",0.0735231437019527,0.0931397608211534,0.833337095476894,3
"20847",0.987766880307595,0.0121887959345278,4.4323757876951e-05,1
"20849",0.981678446221886,0.018275078727158,4.64750509554981e-05,1
"20851",0.982787863105078,0.0172077421148499,4.39478007244963e-06,1
"20853",0.92569453707998,0.074305462919827,1.92540497383764e-13,1
"20855",0.841260346940493,0.15873965301595,4.35567453360154e-11,1
"20857",0.985953226600765,0.0135559048980305,0.000490868501204316,1
"20859",0.996207225908142,0.00379172444557126,1.04964628700168e-06,1
"20861",1.5561669779125e-06,0.999998435084499,8.74852333251884e-09,2
"20863",0.00084129039269287,0.0033782395099745,0.995780470097333,3
"20865",0.26787236866342,0.235090853697353,0.497036777639227,3
"20867",0.418926246144014,0.581073753855986,6.1514012333228e-23,2
"20869",0.0131860811125946,0.0217872823320408,0.965026636555364,3
"20871",0.0243925331785635,0.975607466821437,3.53623541788891e-17,2
"20873",0.700444766918449,0.299555233059429,2.21221513355632e-11,1
"20875",0.992952475954821,0.00704750238153248,2.16636462229118e-08,1
"20878",3.59773148837014e-13,0.996818102450746,0.0031818975488942,2
"20880",4.11100480315855e-11,0.999548122033897,0.000451877924993231,2
"20882",0.925128559930007,0.0748714400699934,8.90907926862533e-18,1
"20884",0.0185027201436329,0.00152703919533616,0.979970240661031,3
"20886",0.0109167615555871,0.00391967499117212,0.985163563453241,3
"20888",2.11883722621781e-07,0.234414129398329,0.765585658717948,3
"20890",0.0129162949321932,0.000411436731637198,0.98667226833617,3
"20892",0.981600554631509,0.0183645120581677,3.49333103228704e-05,1
"20897",0.96254475371301,0.0342435472758837,0.00321169901110605,1
"20899",0.963877019489532,0.0200159872979637,0.016106993212504,1
"20901",3.27507542821647e-10,0.999999999672492,5.13234716822548e-23,2
"20903",2.52274027040529e-05,0.999974772597296,1.19950323201765e-17,2
"20905",0.000340091378184643,0.999659908621417,3.98449571547986e-13,2
"20907",0.882363610596889,0.117636389402773,3.37106786167051e-13,1
"20909",0.426069171369055,0.566452957718982,0.0074778709119631,2
"20911",3.46795959445021e-11,0.99999999996532,9.85029033188969e-30,2
"20913",0.784510503100089,0.0331065608048703,0.182382936095041,1
"20962",0.997468344360073,0.00249406408437822,3.75915555490501e-05,1
"20969",0.795429758361278,0.204567477861977,2.76377674526309e-06,1
"20980",0.989308436367663,0.0106884226867132,3.14094562439192e-06,1
"20982",0.995093246085499,0.00490671743855607,3.64759453365597e-08,1
"20984",0.669560237855089,0.317235282851269,0.0132044792936425,1
"20994",0.962159595921633,0.0378404020742808,2.00408583887439e-09,1
"21015",0.000111858246064557,0.0481125091399469,0.951775632613989,3
"21023",0.838669588297244,0.161330411702614,1.42027434870749e-13,1
"21040",0.283648559610837,0.716351440385961,3.20155681794977e-12,2
"21073",0.797012452253542,0.202975751120134,1.17966263242334e-05,1
"21222",0.0187656961741863,0.00118868648046849,0.980045617345345,3
"21224",0.986875887387142,0.0116179189206748,0.00150619369218346,1
"21228",0.000490301739889237,0.999509502616636,1.95643475090764e-07,2
"21232",0.979724049894007,0.0202759501058966,9.58655458896691e-14,1
"21237",0.0763693461120089,0.923630653887954,3.69991360481204e-14,2
"21240",0.04664007227426,0.00332855921979399,0.950031368505946,3
"21245",0.00146794327199714,0.000346513232684987,0.998185543495318,3
"21252",0.926115138823853,0.07388486117487,1.277063013159e-12,1
"21254",0.619740347835383,0.38025964621841,5.94620703539748e-09,1
"21258",0.818461063873191,0.181535655537523,3.28058928589692e-06,1
"21264",0.152194464576007,0.00356182230581634,0.844243713118176,3
"21305",0.0118603192116001,0.988126661475311,1.30193130892889e-05,2
"21333",0.981344166326084,0.0186558127892106,2.08847056188363e-08,1
"21366",0.957235965113337,0.0314984356923168,0.011265599194346,1
"21377",2.59747510368634e-06,0.00441319137714294,0.995584211147753,3
"21380",4.54768244391787e-09,0.999999995452316,1.77445642494308e-15,2
"21387",2.19667192657948e-12,0.999999999997803,4.90885186877981e-30,2
"21390",0.891380616031851,0.108619383965452,2.69672433355505e-12,1
"21392",0.962061385070093,0.0378663354158448,7.22795140620151e-05,1
"21403",0.96855902659646,0.031435647882781,5.32552075895419e-06,1
"21408",0.961374993967036,0.0386250060317455,1.21874955717691e-12,1
"21412",0.000299327770163115,0.999700672219903,9.93379255874549e-12,2
"21421",0.976574392123382,0.00714523550370072,0.0162803723729171,1
"21424",0.00246351846044186,0.997536481539558,2.23516086976118e-19,2
"21429",0.988476022255176,0.011523975138053,2.60677110397513e-09,1
"21431",0.981692372879617,0.0170985964854598,0.00120903063492334,1
"21436",0.000158679976253346,0.999666516580196,0.000174803443550314,2
"21439",0.998242716655878,0.00172008540938558,3.71979347358475e-05,1
"21442",0.820660831510414,0.0959314226947545,0.083407745794832,1
"21444",0.0221325390075206,0.00967284315814575,0.968194617834334,3
"21446",9.61420031586363e-13,0.986082831606138,0.0139171683929009,2
"21448",5.40485631265482e-12,0.999999999994532,6.33277714724064e-14,2
"21450",0.656907674659964,0.34308725486529,5.07047474605516e-06,1
"21452",0.911256348534961,0.08874365048791,9.77129061064307e-10,1
"21466",0.782590960977839,0.21740903902216,1.08324959033309e-16,1
"21470",0.995692275673915,0.00430589140991454,1.83291617002675e-06,1
"21472",0.976403547568558,0.0235964524251046,6.33697957303244e-12,1
"21474",0.931672883854653,0.0683268098501104,3.06295236743159e-07,1
"21477",7.19021330833635e-06,0.998950203322702,0.0010426064639895,2
"21480",6.76869949924546e-05,0.999932313005008,1.46838581806857e-29,2
"21483",0.0628475243039807,0.00289601019767776,0.934256465498342,3
"21491",0.0626520263344833,0.0206114867032448,0.916736486962272,3
"21494",1.97939737546076e-11,0.999999999980206,1.22221148972537e-27,2
"21499",0.00418104339877937,0.995818956601221,9.46094900982229e-19,2
"21501",0.0101518186994926,0.989848181300506,1.20905654320434e-15,2
"21506",0.995386045795384,0.00461322347160888,7.30733007308399e-07,1
"21511",0.0159900725977778,0.984009927371862,3.03607178453338e-11,2
"21513",0.32271811793405,0.677281673288248,2.0877770170616e-07,2
"21521",0.824881544827641,0.175057435990313,6.10191820462718e-05,1
"21523",0.963698248287791,0.0329426281535304,0.00335912355867856,1
"21525",0.80704840457516,0.0174988108765902,0.17545278454825,1
"21531",0.986578784914386,0.0134212150856136,1.34264280370615e-17,1
"21536",0.989501689664898,0.0104976767263053,6.33608796894128e-07,1
"21544",0.995665179880848,0.00382421124959741,0.00051060886955429,1
"21547",0.964623715942512,0.0353762839697267,8.77612131733414e-11,1
"21551",0.0304303046977814,0.969569371895467,3.23406751535118e-07,2
"21556",0.905711411141216,0.0942885888587839,2.9045935776228e-17,1
"21559",2.07619784292786e-07,0.999999792380193,2.30577646972757e-14,2
"21563",0.507276986148357,0.492723013851642,1.33706809736756e-15,1
"21565",0.995010673035507,0.00498932696441345,7.95393712527655e-14,1
"21568",0.943718237937061,0.056281762042579,2.03602482315747e-11,1
"21572",0.915401938942511,0.0845980610574893,2.42554219510292e-23,1
"21575",0.00627077760269875,0.993729222397301,1.72267815255792e-21,2
"21577",0.242857611405976,0.00292178147518177,0.754220607118842,3
"21579",0.986082558736939,0.00856649216636928,0.00535094909669163,1
"21581",6.00784407773718e-11,0.00417356609317491,0.995826433846747,3
"21584",6.08273058850967e-08,0.996568783828643,0.00343115534405146,2
"21586",0.899733288856039,0.00531567175487726,0.0949510393890834,1
"21588",0.536921465603132,0.462951859660437,0.000126674736430997,1
"21590",0.959281448188008,0.0407185518116546,3.3700479460198e-13,1
"21594",8.86931834890473e-20,0.999999999999966,3.41052590664184e-14,2
"21596",0.00635644578375757,0.000300096808449351,0.993343457407793,3
"21598",0.00138685499295261,0.998613145007035,1.21040198936586e-14,2
"21600",0.488064028751021,0.0485948139797438,0.463341157269235,1
"21602",0.989154205255158,0.0108454533263651,3.41418477149128e-07,1
"21604",0.975073996924571,0.0186881748935643,0.00623782818186491,1
"21606",3.95378255038326e-05,0.000896443711295714,0.9990640184632,3
"21608",0.210501447697683,0.789498275151648,2.77150669464462e-07,2
"21611",0.0700338286041088,0.929966051757035,1.19638856147346e-07,2
"21613",0.986793510994207,0.0132017908302199,4.69817557278157e-06,1
"21615",0.891162946209134,0.0404244294446442,0.0684126243462219,1
"21617",0.0208423679891781,0.00114960008599915,0.978008031924823,3
"21619",0.967420336579187,0.00644957666798049,0.0261300867528329,1
"21621",3.14121478862224e-08,0.999662778727493,0.000337189860359121,2
"21623",0.0191572439641362,0.00177201938330166,0.979070736652562,3
"21625",3.0705362294181e-08,0.00194074458400638,0.998059224710631,3
"21627",0.852933311279722,0.146924876441344,0.00014181227893344,1
"21629",0.829915756228395,0.0728800446991293,0.0972041990724758,1
"21631",3.10827302447275e-05,0.000526782522883232,0.999442134746872,3
"21633",0.0501114426528314,0.949888557174138,1.73031175107445e-10,2
"21635",0.32464327171902,0.675356728280972,8.54103284592692e-15,2
"21637",0.393583265615523,0.605710607336748,0.000706127047728357,2
"21639",0.966000653038176,0.033999290899134,5.60626903472512e-08,1
"21641",0.117945001634617,0.881689717089388,0.000365281275995043,2
"21643",0.99224114521245,0.00772915721931825,2.96975682313882e-05,1
"21645",0.00662535565157916,0.0010548321024915,0.992319812245929,3
"21648",0.990827201133585,0.00892036351947327,0.000252435346941549,1
"21650",1.48095324086544e-10,0.999999999851905,9.06199585351799e-27,2
"21652",0.993102655283631,0.00689699648998036,3.482263888399e-07,1
"21654",2.61415342790096e-07,0.999999738584657,1.35503176636159e-19,2
"21656",0.0061992691466123,0.0506658192305578,0.94313491162283,3
"21658",3.32033914644545e-11,0.00179649251501292,0.998203507451784,3
"21660",1.58960052028028e-10,0.996749908863637,0.00325009097740286,2
"21662",1.3235025968823e-06,0.999998550629545,1.25867857761678e-07,2
"21664",0.00163428267577645,0.000361287336940566,0.998004429987283,3
"21666",2.70591377945103e-08,0.99999996611138,6.82948234639529e-09,2
"21668",0.0268113769543336,0.00146293736009394,0.971725685685572,3
"21671",0.888083587539288,0.111916385760136,2.67005755460946e-08,1
"21673",1.27777871260727e-05,0.921783305669934,0.0782039165429397,2
"21675",0.908281001231234,0.0751981085401669,0.0165208902285989,1
"21677",0.993904246835191,0.00609575316480027,8.4825015837895e-15,1
"21679",0.00319110549127582,0.996806385513958,2.50899476595135e-06,2
"21681",0.810664778567369,0.176937173047029,0.0123980483856025,1
"21686",0.920166271900859,0.0798337280989748,1.66352204696319e-13,1
"21689",0.98723699266683,0.0127630072521927,8.09776589857256e-11,1
"21706",0.985200527253077,0.0147712084271215,2.82643198013148e-05,1
"21708",0.98365556498244,0.0163444350174557,1.03846071292311e-13,1
"21711",0.968307697797401,0.00303780258320859,0.0286544996193901,1
"21716",1.05753479568005e-07,0.99999989424652,2.16236165423218e-29,2
"21719",0.971057000283316,0.0289333334579044,9.66625877986152e-06,1
"21722",0.996517667681411,0.00294155298998253,0.00054077932860662,1
"21725",0.990657520043306,0.0093307137957521,1.17661609413705e-05,1
"21728",0.919195099984761,0.0808048916692284,8.34601048311103e-09,1
"21732",0.991946771055785,0.00805312766870691,1.01275507661938e-07,1
"21734",0.974132320608487,0.0258676793915035,9.2947194903035e-15,1
"21737",0.984818523847121,0.00943472079653919,0.00574675535634003,1
"21740",9.41478410258287e-08,0.999999904018456,1.83370288156058e-09,2
"21742",6.82585118556136e-10,0.999999999317415,1.14540934392245e-27,2
"21745",0.799177723780781,0.200434306067585,0.000387970151633996,1
"21747",0.00614026853971643,0.993859731459807,4.76882360004197e-13,2
"21749",0.0101220022608754,0.0121586078889678,0.977719389850157,3
"21751",0.963885048792341,0.0361149510569546,1.50704482383711e-10,1
"21753",0.0508931348990669,0.949106865011378,8.95550552929225e-11,2
"21756",0.991751798642665,0.0082482013207978,3.65367742119667e-11,1
"21759",0.416959662749628,0.483085565071804,0.0999547721785672,2
"21761",0.92954909269661,0.0704509043669575,2.93643209406595e-09,1
"21763",0.0585279099834209,0.941294569012893,0.000177521003685995,2
"21765",3.09614962055347e-05,0.99996903850379,4.29630401169926e-15,2
"21767",0.969070045377672,0.0309299546198128,2.51519859080522e-12,1
"21769",0.0574214457126638,0.942578554287336,2.3515071040471e-22,2
"21771",0.991237573707072,0.00876242628313208,9.79639524966475e-12,1
"21774",0.0035519719040054,0.000629496839533786,0.995818531256461,3
"21776",0.914955092681722,0.0850449073182535,2.43920471389195e-14,1
"21778",0.817808526992495,0.18218816949409,3.3035134145281e-06,1
"21780",7.11714462328079e-18,1,2.02681322997187e-17,2
"21783",0.988241375487687,0.0117054520265008,5.31724858123204e-05,1
"21785",0.935928066447749,0.0640712676321426,6.65920108735367e-07,1
"21788",0.97393324218722,0.0260667578127728,7.27638595820299e-15,1
"21790",0.749188955018859,0.250811044981141,2.52190281392545e-22,1
"21793",0.97352684177279,0.0264730677429128,9.04842968320761e-08,1
"21796",0.976826879153569,0.0139296312119581,0.00924348963447307,1
"21798",6.97783249916729e-06,0.999993022167479,2.21132605395564e-14,2
"21801",0.72448617280803,0.27551382719197,1.00775058970507e-22,1
"21803",0.991939649703848,0.00805518672170241,5.16357444965344e-06,1
"21805",5.75216848302452e-05,0.99994247831517,1.1961996782462e-25,2
"21807",1.80376699920009e-05,0.999981958999152,3.33085610775242e-09,2
"21810",0.970015717576831,0.0299842452582719,3.71648974141922e-08,1
"21812",0.000233467322873159,0.999766532677127,5.86940056112255e-19,2
"21816",0.980423783342312,0.019576175732674,4.09250139179868e-08,1
"21819",0.000100817127178187,0.999899182872822,2.55657410252201e-19,2
"21821",2.26729685227653e-08,0.999999977213871,1.13160541201754e-10,2
"21823",0.000110684349266606,0.00389298904559647,0.995996326605137,3
"21825",0.994876943694799,0.00512296300300983,9.33021909140854e-08,1
"21827",0.0207137162839857,0.979286283715684,3.30219046125546e-13,2
"21829",0.495803870856068,0.504196129143929,2.76872434693189e-15,2
"21832",0.000333215910304021,0.999666664907319,1.19182376589331e-07,2
"21834",0.9588233159647,0.0411766827563494,1.27895079944813e-09,1
"21836",0.9588233159647,0.0411766827563494,1.27895079944813e-09,1
"21839",0.811795557714715,0.043877991087393,0.144326451197892,1
"21841",0.000197751554845291,0.999788647405336,1.36010398184896e-05,2
"21843",0.061179128424277,0.0275676915426228,0.9112531800331,3
"21846",0.026217461887188,0.973782538112812,1.18953955276823e-16,2
"21848",0.0919909926667185,0.908009007318097,1.51846439675299e-11,2
"21850",0.99681491067516,0.00282249408215392,0.000362595242685872,1
"21853",5.27218894645568e-10,0.999379227501966,0.000620771970814895,2
