"","V1","V2","V3","V4","V5","V6","V7","V8","V9","V10","best$classification"
"19812",0.000114404973674865,0.693972137807382,7.248199400221e-07,0.000415734577273736,0.135983508649859,0.000388578627932178,1.15287653705941e-05,9.22948022330032e-05,4.01169294354029e-07,0.16902068580704,2
"19814",1.42584598327896e-06,0.981367998889478,0.0021002878054144,6.70467424095836e-07,0.00172979695029217,3.04962458159103e-05,3.14343116391327e-06,1.35460397321607e-06,7.3381766476672e-09,0.0147648184222785,2
"19816",6.66918708632464e-06,0.00398768319974713,5.40688874716352e-07,0.0204647789909955,0.0280975852027664,0.269025571415784,2.19435264085882e-06,3.52519878620092e-09,3.0412583484656e-07,0.678414669311071,10
"19818",4.06318918518695e-06,0.307923769014526,0.00599780202991986,2.15961174049682e-05,0.000446426649503966,0.000693598164329204,1.38013291602311e-05,1.48655310568867e-06,2.36468467185146e-08,0.684897433306018,10
"19820",0.000103072497733596,1.9489909842718e-09,9.14208858356904e-11,0.000162138365220174,2.77654502480418e-05,0.998779026516876,7.16059722636828e-12,5.71752855020464e-11,7.99038918546613e-08,0.000927915161282294,6
"19822",0.120326248780459,1.81824183504891e-07,6.04066553390256e-07,0.00153822931429911,0.00740178028734628,0.86756896186249,6.69930886803349e-10,2.04587094184762e-06,0.00158644069986313,0.00157550662393295,6
"19824",5.35346177183476e-05,9.68785203947804e-05,0.00122587174864312,0.236861806676989,3.42639089190601e-06,0.426174510026687,2.90747212183644e-06,9.0430659721131e-08,1.96877467705841e-06,0.335579005341217,6
"19826",9.35351309696003e-07,0.728529517668809,1.69759694033083e-05,0.0387464400520655,0.193637315070517,0.00108728913344278,0.00182679666020761,9.86715350148919e-07,3.31944383403679e-05,0.0361205489405556,2
"19828",0.000856933871841868,5.17196966945316e-05,9.06104395222993e-07,6.02981259409741e-05,0.000387310813317478,0.688399143727213,4.82510816647002e-09,5.58276208790803e-08,3.55771831368258e-09,0.31024362345015,6
"19830",7.57344180933199e-06,0.921954687205824,6.33198253919401e-05,1.98933453844735e-05,0.0662017583558989,8.46474301462644e-07,0.00122778399345984,0.00302966557797,0.000556279629119623,0.00693819215084081,2
"19832",0.696570485772885,0.128891130583942,7.58964834497963e-07,0.000676045917350554,0.0733037982891193,0.0112564112764845,1.29562401433639e-07,0.0222650168687882,5.33993099941098e-06,0.0670308828331956,1
"19834",0.00477778583959572,0.00483236400650803,4.29952044086987e-05,7.02472705383034e-06,0.791427515253153,0.0461967756729696,2.515791150842e-08,2.44794583813221e-06,0.00015167890935806,0.152561387283203,5
"19836",4.04079334121266e-06,0.0379941236639369,1.15697631378137e-07,0.239328717874208,0.00260508740199037,0.00112073253909725,0.00177620878843431,1.84926312839676e-05,2.36402640818919e-06,0.717150116583668,10
"19838",1.08354525018946e-06,0.998310914849739,0.000209076286044511,8.08215208619059e-08,0.00108027535584626,1.41450136089728e-07,7.92489443960375e-06,6.08486217190065e-05,1.33950932874363e-08,0.000329640780210831,2
"19840",2.74548289384185e-06,0.0115270030936214,1.17495260706995e-06,0.00263287339002537,0.860343576659424,0.0326184521004395,5.81634567824256e-05,1.95476308883682e-08,0.000296565072762286,0.0925194262438136,5
"19842",1.5030622110192e-10,0.0161737541349552,1.04606434516172e-06,0.000228150959829128,0.000109859100265789,7.67379580486203e-09,0.98347802343409,1.97012757690058e-06,2.55363026974257e-06,4.63472456627696e-06,7
"19844",7.04057642109973e-10,2.98787009339123e-06,0.999984383562562,4.79938607377091e-07,1.37938127828726e-08,5.51925636274867e-07,9.32168285247952e-06,3.83533345245065e-09,1.85983365367304e-06,3.96853391080618e-07,3
"19846",3.42467915203489e-10,0.913917368777111,0.0637030238649032,7.56154431899597e-06,3.98085667200744e-06,1.14291700302859e-08,0.0222051677348108,2.46879699641303e-06,1.63336875139914e-08,0.000160400319862342,2
"19848",2.35193518202199e-09,0.976437387830417,0.0226955094058672,1.22761255746751e-06,1.28535736987859e-05,2.09978249464696e-08,0.000662087037252538,2.89978215010415e-06,9.08301678586437e-09,0.000188002325279957,2
"19850",6.76308207012597e-08,0.79184300658366,0.207572826920345,4.2409752701305e-06,6.93167912172589e-05,1.44342356191182e-06,5.08889545726398e-05,1.36659599310005e-06,2.4280912454777e-07,0.000456599315434274,2
"19852",1.28321320831239e-05,0.0144766224486999,4.67542453090741e-05,9.80981842133598e-05,0.00137983518929623,0.00575097636366051,1.34985364785851e-07,1.74142494419137e-07,4.25411060445798e-07,0.978234146897818,10
"19854",8.12495088932735e-09,0.997823624793087,0.00177731426984977,1.86772997182053e-07,5.76953286583319e-05,2.28381351347047e-08,0.000164377996944865,4.57804499332666e-06,3.5782620891784e-09,0.000172188252121093,2
"19856",6.13320685747963e-07,0.00982642577711164,0.98971164698378,0.000140798460595312,0.000173871571683922,2.85438618566677e-05,4.08512118309961e-05,5.49299798134605e-07,3.27375559532762e-05,4.39619567043723e-05,3
"19858",1.84375207668967e-05,0.000444755957493936,0.994481419837856,0.00070521178260667,1.25005066941667e-05,0.00175140603530752,5.78804374613242e-07,7.49275520425799e-07,9.50611530621733e-05,0.00248987912631765,3
"19860",3.38023698178507e-05,0.217400587676748,1.56375220174924e-05,0.000282327156055801,0.270940671143705,0.0169387041956569,2.40791563330646e-06,3.01880616049622e-07,8.09629342793104e-06,0.494377463846322,10
"19862",2.29074331962723e-10,0.91648199219037,0.00156503607556508,6.90401669274329e-06,1.08173502075519e-05,3.61229254157486e-09,0.0818621684676169,5.75950943462239e-06,2.05346721361343e-08,6.72980140739681e-05,2
"19864",8.06670484955171e-10,1.08582361274104e-06,6.22675352875577e-07,0.00931682919000112,1.36682171151866e-07,8.40667386541166e-07,0.990625358872929,1.29628718428981e-06,3.32510725421555e-05,2.05779221500637e-05,7
"19866",2.64936412619095e-06,0.000166581925380419,1.41122148092709e-07,0.711543758548763,0.0204438492796973,0.0735001235423173,0.000152227010667531,2.12995132379235e-08,0.00320369421114141,0.190986953696245,4
"19868",0.0599077299454921,1.40498974422215e-05,1.71699534317635e-05,6.04516146823645e-10,0.00131675951456697,5.1647033049166e-07,5.51400544621403e-08,0.938363278808292,0.000380160862353691,2.78803520344614e-07,8
"19870",3.562287226694e-08,0.967570564945197,0.00157446195174351,1.53242234581372e-05,5.22745218786921e-05,1.13002587432332e-06,0.00469351003444116,1.25724399341892e-05,2.08222686646528e-08,0.026080105412332,2
"19873",6.25587905275789e-07,0.555460661627101,0.000423941701215282,0.00102284281131071,0.00149696393102259,0.000481357135685893,0.00112439236349136,8.62978295844273e-07,5.88351133488798e-07,0.439987763512838,2
"19875",0.00126458856352507,0.000580344282122815,1.69935274203603e-08,0.000374049343353639,0.109159746935474,0.812795911138481,7.66336813166263e-09,3.78691042228903e-08,6.62307000151146e-07,0.0758246349040439,6
"19877",9.74206578261434e-07,0.769619434329612,0.00172074173658054,2.90230968124844e-05,0.00410057914941399,2.39354036365853e-05,4.52724554400461e-05,1.16845915529279e-05,5.05016690849332e-06,0.224443304863464,2
"19879",2.51563595882652e-05,0.02289228608731,0.000460773257498274,7.59261936434061e-05,0.0027203862039542,0.000758628281389485,3.04296778166274e-06,8.6470025207701e-06,3.75620998566678e-06,0.973051397436328,10
"19881",4.95746737881448e-07,0.868355765146575,0.000731324165785999,0.087362614096796,0.00445625420259767,0.000125219941765311,0.00514957168855731,3.4403515113639e-06,6.68870984823039e-06,0.0338086259498252,2
"19883",3.29666091221855e-08,0.633177208582386,3.00528399418807e-05,0.0728811829624261,0.00311259276913367,3.82065283934562e-05,0.272725482958113,1.38707540891032e-06,6.97920758553707e-07,0.018033155396829,2
"19899",6.93032226739726e-05,0.0102184367419038,1.22864927575876e-06,8.40557335040986e-05,0.821729124614376,0.00153886615390952,1.69293002364223e-05,4.52154790091293e-05,0.00370241345864298,0.162594426646469,5
"19908",3.29400037305222e-07,1.21549210367039e-07,2.9536837515834e-07,2.36527392565275e-06,0.000369474155443971,2.13444769668439e-06,4.7515179797049e-06,5.0263043324165e-07,0.999617652844956,2.37281194180037e-06,9
"19910",1.36341055702815e-06,0.0243784469621555,2.02458088551384e-05,0.000575649500595825,0.000229912004033916,0.00103340565738792,4.28777825154186e-06,2.94475340779757e-07,4.48059599548223e-08,0.973756349596862,10
"19912",5.68027605042863e-10,0.168710159144906,8.45721434351525e-05,0.0001241288714921,0.00113704991177712,1.89616222817403e-08,0.82991057097256,3.55450339913521e-06,1.27374970400344e-05,1.72074257401346e-05,7
"19914",0.000472383120885383,0.127780869240637,0.00036848481907157,0.000654437072867279,0.24501752361524,0.00215922068337945,2.18155873671746e-06,8.03182372257956e-05,0.00149727388201708,0.62196730776994,10
"19916",1.48151069749962e-07,3.66996540068437e-07,1.70571790919982e-06,0.996292256008049,6.19345651825407e-07,0.00234673214717303,2.23848093187824e-05,1.16087723328533e-08,0.000445868219938666,0.000889906995577566,4
"19918",2.72130128775021e-09,0.904614669464542,0.0839970757089159,0.000201989487251089,2.72649498824871e-05,1.65516025747259e-06,0.00416405813125743,2.8695504216706e-07,6.48170486144174e-08,0.00699293260450134,2
"19920",1.05778250337198e-09,0.0940886188302297,0.905720592443882,2.10973895461228e-07,2.35484935759789e-05,1.30560488147791e-07,7.5092116875217e-05,6.60762128225219e-08,6.22394453642096e-07,9.11170526045745e-05,3
"19922",0.186288066224152,0.0965865108816929,4.13895882520688e-06,8.99678370304269e-06,0.000169030788772282,0.000329001182660265,1.30253086058033e-06,0.65517978982004,1.92681667613921e-09,0.0614331609024773,8
"19924",5.29008762045596e-07,0.743969831114282,0.0335345115175721,4.32673983040015e-05,0.00823340549556585,0.000137344170634582,0.000182829348113144,2.20174786283661e-06,1.5883285709457e-06,0.213894491870333,2
"19926",0.00062017833462193,0.0140441948697536,5.48380920567163e-08,0.0485403731391502,0.575167988004654,0.00360910165993454,0.000103326186975934,0.000832428807583015,0.000878637752229352,0.356203716407006,5
"19928",8.37260397764932e-12,2.60545468899559e-07,2.51920931324061e-07,0.00116762742153897,5.49499699696522e-09,6.41506723327714e-10,0.998793168761301,7.45522704803309e-07,3.79306413152818e-05,9.04186292760694e-09,7
"19930",3.41118290908943e-07,0.974201369158209,6.70872140150129e-05,9.1187172594688e-06,0.000198368709264163,3.83756495180175e-06,5.43095492490108e-05,8.58724486453228e-06,3.43789435587636e-09,0.0254569772860018,2
"19932",5.49489962035161e-08,0.998855971671049,0.000596453321233512,1.70974010563992e-07,9.90632886380832e-05,6.8012239594154e-08,2.78966064588047e-05,1.00100757317208e-05,2.52062013647126e-09,0.000410308581022101,2
"19934",0.00910502526927215,0.0137822943275364,0.000102460886189338,0.000753344163437387,0.156005850579085,0.537908347572875,2.4652668081416e-08,9.98401727932568e-07,1.52997903019125e-06,0.282340124168179,6
"19936",4.22934949727198e-05,0.829716348495498,8.70519606492424e-05,1.65776484573824e-05,0.107966586118674,0.000201929049385206,6.34425993813575e-06,8.92947758483672e-05,2.52571747835788e-06,0.0618710484790988,2
"19938",0.00436301521587503,3.37813030749625e-05,3.09958494398699e-05,0.0111158314670038,0.123140507556835,0.782698925357067,5.1592670134249e-08,1.16127053425034e-06,0.00849458525640976,0.0701211451310906,6
"19940",1.67902307401985e-07,0.121472377686854,8.24892621539884e-05,0.0199650386897595,0.000135310007069231,0.000346580326955337,0.0032124438431506,1.08878937928152e-06,4.38339327001173e-08,0.854784459658438,10
"19942",2.0734484688625e-11,6.05038259489439e-06,1.20656593376625e-07,0.0182458415194869,2.81034034397986e-06,3.43187274142863e-08,0.981513513286604,5.28966897634204e-08,0.000231357480774434,2.19097451215257e-07,7
"19944",4.5329991348311e-06,0.0170718963388061,3.31905569351508e-06,0.0481120487929337,0.0041972744236637,0.00838675009374018,8.25967413633458e-06,2.76463942052157e-07,2.79626453836058e-06,0.922212845893411,10
"19946",5.04702433969003e-06,0.251014526121158,0.0101182454120464,0.000720253333909846,0.00232074359893527,0.0012987403345526,9.67838965660468e-06,1.45095749106019e-06,2.09953784702322e-05,0.73449031944944,10
"19948",1.71445122879503e-12,8.06217880390648e-06,1.75615096075689e-07,0.00272520475559177,1.3304974827721e-08,6.50149866634473e-09,0.997266082408652,1.10583244090515e-08,1.01173275159071e-07,3.43002068196407e-07,7
"19950",6.6648771086131e-10,0.000676096496554104,0.999321913538674,8.97899826300575e-10,7.82929353650959e-08,2.78401863367332e-09,1.07294167946859e-06,8.19559115088339e-08,3.8634695655971e-08,7.13791143877535e-07,3
"19952",1.71445122879503e-12,8.06217880390648e-06,1.75615096075689e-07,0.00272520475559177,1.3304974827721e-08,6.50149866634473e-09,0.997266082408652,1.10583244090515e-08,1.01173275159071e-07,3.43002068196407e-07,7
"19954",4.13686309392599e-08,0.994738391414816,0.00032502655042664,1.59605339705214e-06,8.18056962831235e-05,4.24433414871077e-07,0.00010230102244345,4.62958506454507e-06,2.26369708905902e-09,0.00474578161182694,2
"19956",1.78979832287398e-07,0.130420755434218,0.305603684382274,1.87112817259216e-06,0.00957350628829523,3.33269738937448e-08,0.0119300739171002,0.000651645733329634,0.541811635407187,6.61540261732197e-06,9
"19958",0.0117859316467402,8.41334264651689e-05,3.06460813912662e-05,3.03838153798742e-08,2.59071046829907e-08,3.52425466916774e-07,2.108304328383e-08,0.988080095098831,6.92619637362967e-09,1.87570209454054e-05,8
"19962",0.000874319804971648,0.574868979509691,0.272737175944255,0.0310954763590353,0.0137458563367444,0.0180347261991405,2.01776248949426e-05,7.67151779169882e-05,0.00042703995417932,0.0881195330891714,2
"19964",4.57396957283145e-07,0.248045564645152,0.00541770326969496,0.0223100743107512,6.47133733321475e-05,0.00033148794068529,0.00624533063868872,1.45292005353897e-05,1.13672035468003e-07,0.717570025552168,10
"19966",9.24424898599489e-06,1.55126108750494e-06,1.01112217074604e-09,0.877520678715247,0.00529908908076502,0.110762257274742,3.44028026388338e-06,1.28541445310783e-08,0.000129512878020203,0.00627421239562147,4
"19969",4.64628348118686e-08,0.980292633634617,3.25000508503381e-05,0.000335508435039887,0.00602083301235998,3.25066979724492e-06,0.0102165022497294,1.99224429223102e-06,1.46520729515958e-06,0.00309526803318387,2
"19972",9.11182099350957e-09,0.378058245382373,0.0377514691625105,0.00035878270685013,2.34963293725946e-05,1.92398666779351e-06,0.530548703855084,2.6195851405353e-05,1.92943529891606e-06,0.0532292441786169,7
"19974",1.03211549560523e-11,0.0587487187035342,0.556671343482817,2.92890803048235e-06,2.87978379098884e-07,9.92940721516832e-10,0.384567053779951,8.0950055960346e-07,3.8422288273292e-07,8.47242058479227e-06,3
"19976",5.74265001465349e-07,0.429832311815237,0.0362221213399804,6.52229384107091e-05,0.00133233132965097,0.000143998883381269,0.000127512174367674,2.43192518083299e-06,1.43505935319959e-05,0.532259144735257,10
"19978",3.43571954463996e-07,0.0156415477337589,5.43092080879223e-05,0.0065954873268459,0.000240306717255703,0.0114816873416196,2.3855948124443e-05,1.78161359797866e-08,5.83161132562014e-08,0.965962386020104,10
"19980",6.30036973269501e-09,0.849027420385217,0.150628576515474,9.46450989445543e-08,1.66817918465682e-05,2.22410335202722e-08,0.000192378191131795,4.49962453199537e-06,1.60638847838353e-08,0.000130304241411979,2
"19982",4.15796274473856e-07,0.104707047905948,0.89443259711093,8.10019458131632e-08,0.000588292610946929,3.0407923824874e-06,2.53872984957863e-05,7.84318915345052e-06,1.63272036848e-06,0.00023366157355436,3
"19984",9.8470799615911e-10,8.73461672755408e-05,0.999908334311076,2.35981735607831e-07,1.45522963076427e-07,1.81286034211413e-07,1.26073127757021e-06,4.45779014715929e-09,4.42301888518017e-07,2.04825525072021e-06,3
"19986",0.000943125019380082,4.64157201933585e-08,3.74996273705133e-10,0.00302302117536429,0.00257951298150055,0.975581809490904,2.27080098732809e-10,5.41468427359676e-09,0.000168347220674685,0.0177041316796952,6
"19988",0.00099989763676908,6.90215518134517e-10,6.656848546815e-11,4.59073171805525e-05,9.83147014727245e-05,0.997794424716233,1.77168535475477e-12,5.45415551619934e-10,5.45991752083136e-06,0.00105599440685221,6
"19992",0.00104636084771448,3.78993177965784e-08,1.29943484435293e-08,2.0402667709932e-05,0.00337635189887237,0.994360370647872,2.8453599958799e-12,4.42506465510272e-10,8.39545859757585e-05,0.00111250801283694,6
"19994",1.40264422455029e-06,0.961887429979435,1.38611045082319e-05,7.85327304201164e-06,0.00109631110222433,4.99433504778608e-06,2.93314282735283e-05,3.4374535261596e-05,7.18500710177944e-09,0.0369244344129752,2
"19996",0.000162299422549214,1.06968783444151e-07,1.1288728097778e-08,1.42764082921638e-05,0.000242602743617124,0.989899969756641,9.221722434698e-12,1.24103608760316e-10,1.04616692738903e-07,0.00968062866137098,6
"19998",2.92637473998478e-06,0.0528012615797137,0.00194285758644661,0.651358247906602,0.126836031665127,0.000782954032095642,0.0220680281015233,3.95222584234967e-06,0.141888645012848,0.00231509551506243,4
"20000",0.000159679828212334,0.735255397930023,0.00012070957151617,1.83613661213009e-05,0.134750944546138,2.83912517912562e-07,0.00192416340867417,0.124557788198515,0.00310677041157281,0.000105900826709755,2
"20003",1.61598416128967e-05,0.902938890529781,5.81621801642026e-07,0.00113075987534884,0.0242738164475162,6.70300975525741e-05,0.000167813153664978,0.000113908750278068,1.60185997051021e-07,0.0712908794964467,2
"20005",3.58287584081664e-10,0.966959149158944,0.0197713596549781,1.43412246553401e-06,1.00969210779037e-05,7.40789833453969e-09,0.0130147387509064,3.32358398887728e-06,3.84215297916387e-08,0.000239851619923681,2
"20007",0.000242541376941753,0.0167977817002063,0.000128691253682587,1.47060888021475e-05,0.107064151381329,0.0110576816934928,5.83941684924684e-07,3.42030653055316e-06,0.000256347708422696,0.864434094548908,10
"20009",0.000341374082744004,2.44163634386628e-05,7.46298202136143e-05,0.738539604541181,0.000180555157440086,0.235561147731503,5.54243617610721e-07,3.66698340919929e-07,0.000161402598679378,0.0251159487628419,4
"20011",1.28763444188315e-07,0.54143290389511,0.00677616292778624,0.000521383898859518,0.000597721974292615,3.39225541020104e-05,0.0735319221703355,1.72931119753753e-05,3.3548144842931e-06,0.37708520588961,2
"20013",4.14650722702636e-07,0.87939671235005,0.102712861167421,5.73911449486574e-07,0.0127070213702912,4.70381386713115e-06,1.71497663805862e-05,2.77572309344159e-06,9.91656742342274e-06,0.0051478706793016,2
"20016",0.0140473553058962,3.76029533572985e-07,2.73168435624972e-06,0.00105253771047959,0.00133742110044527,0.92682224853246,1.52648268711178e-09,4.12435227311987e-07,0.00352893973637109,0.0532079759387478,6
"20018",0.996421724446756,3.17199516220233e-11,2.23576609365923e-11,2.23483584885411e-06,5.43887161723697e-07,0.00349754544043523,7.62163111938906e-13,6.63138199641787e-05,1.09114559213808e-05,7.26059072380434e-07,1
"20021",0.000724383554165739,0.00170100787879633,2.02496306647594e-08,0.00846948195692976,0.00142459255505532,0.223109714578895,1.0008528107635e-07,4.96853172743626e-07,2.20793812803297e-08,0.764570180208692,10
"20023",0.000653541555884547,0.0115149498668854,3.53986976516634e-05,0.0113130100083366,0.0496191537870746,0.0712708188950904,1.53884495784814e-07,3.31713750354009e-06,0.000115540653064823,0.855474115514013,10
"20025",0.679722677942849,3.34719142389811e-07,4.51813182195114e-09,8.07848482004758e-05,9.10814699523564e-05,0.314451101407158,1.03952276188764e-09,0.000198770917281352,6.17258668456364e-05,0.00539351727091668,1
"20027",1.038838747752e-08,0.453543270471449,4.10253867917635e-06,0.000615518424294862,0.00880163680986974,4.04248307325457e-07,0.535801676996637,3.01100312525728e-05,1.58171140651616e-05,0.00118745297705725,7
"20029",4.36569136703171e-10,0.953521534229003,0.00578018266598596,2.03499634802757e-05,0.000350710607295541,9.58543577152868e-08,0.0401084354644773,2.42272932876996e-07,3.46767131210938e-07,0.000218101738767543,2
"20032",7.04376842796351e-08,0.989612770230536,4.28212105514606e-06,0.00015759567730132,0.00071545940503053,3.67267959140342e-07,0.00759100525675686,5.14896992902205e-05,1.71153747623733e-08,0.00186694278901164,2
"20034",3.19120289987796e-11,6.00774031360821e-05,5.71660225143659e-08,0.0206093059414781,1.01624635810203e-07,4.22284914578381e-08,0.97932123761876,2.00137421473191e-07,1.66907970481796e-07,8.81094017203905e-06,7
"20036",8.28356481559195e-06,0.0334503632675512,0.0156519782238898,0.000112676989072543,0.705327932822958,0.000272391841120556,3.57096861235646e-05,1.77032222663034e-06,0.244968305251175,0.000170588031066522,5
"20038",0.0189574450202619,1.3861397851597e-05,2.72982229788356e-10,0.000155011491170088,0.432215329507399,0.498112171340068,7.25627858341183e-10,5.512062514272e-07,1.12865962800649e-05,0.0505343424421088,6
"20040",0.0137530925381478,8.52627590780132e-08,7.75985748554277e-07,0.377311940667781,5.0051521079906e-06,0.578081639250519,1.10825575801418e-07,1.58374159251016e-05,0.00131261834542573,0.0295188945560102,6
"20043",0.0034107650179809,0.000304663270332192,1.09128784736087e-07,7.19358260562201e-05,0.0273343060997768,0.94222081470057,8.34256145077554e-10,2.58364101254836e-08,4.23660077951196e-08,0.0266573369198255,6
"20045",0.0189873700477465,1.1866145406225e-09,5.25494932148485e-09,1.3201375843081e-05,9.95395663383559e-06,0.980083258857411,1.57430173018536e-13,8.95398644268293e-09,1.18286446960977e-06,0.000905017502188704,6
"20048",3.71915978766291e-10,7.80482884254365e-06,0.999991572286582,4.996230667659e-10,5.9643015142496e-09,2.1766695606834e-09,2.92139346411724e-07,2.03667468289993e-08,2.496709140116e-07,5.16950583619681e-08,3
"20051",0.0315834667688655,0.563101583934303,0.0115403677844863,3.21302523959691e-05,0.220254631725253,0.0928641795293928,8.87492835840532e-08,3.52231310589605e-05,1.63699367426923e-05,0.0805719581882182,2
"20053",2.51040098288362e-05,0.000781917476754174,5.06819827262121e-05,0.0282864273884892,0.000620953603462555,0.0663585810339071,4.94465673256264e-07,6.75878895454897e-08,3.1884333639518e-05,0.90384388811763,10
"20055",0.00809615126825017,0.000413086782820597,5.73049846779373e-10,2.2052055522494e-05,0.968839625540768,0.00861236841032938,1.26800489298175e-07,5.71213695746204e-05,6.79686555458324e-06,0.0139526703336412,5
"20057",7.36182786548182e-05,1.52274141183484e-07,2.11268692270468e-06,3.89710687870047e-10,1.12654077701883e-09,4.77907418619138e-11,6.12919087983769e-08,0.999923805552261,2.4755996201086e-07,7.92107423590784e-10,8
"20059",0.000434357270296403,0.000485518682926652,3.05236511433639e-06,0.0946103796291389,0.000270615885876712,0.0412058360096879,1.04703348026354e-06,2.54713057810646e-05,6.17214111596486e-05,0.862902000406538,10
"20061",2.03887265301701e-05,0.00332171324859394,9.64478323791051e-06,0.00299505333954325,0.000962194066700833,0.0119807619361508,1.92344938795654e-06,7.91888812259455e-07,3.51296010552199e-05,0.980672398959988,10
"20063",3.19888763737651e-05,1.43484128161522e-06,0.78091367163418,0.00148444491255316,1.06410942879221e-05,0.00681464633958248,1.18124543196403e-05,8.1481237647628e-07,0.210720153771791,1.03912632540945e-05,3
"20065",0.983977239319413,1.5184775897998e-08,6.94982433825725e-13,6.99658321267518e-07,0.000101286131741572,0.01573984253973,3.21062369128975e-13,3.22640474160255e-05,7.24307752175514e-08,0.000148580686810733,1
"20067",0.0565317888336109,1.5482247649518e-05,0.000125462740931471,2.06219502228133e-05,0.000992768523224629,0.899469772105913,1.44923505436795e-11,3.59438926548259e-07,1.06474588195322e-05,0.042833096686209,6
"20069",1.65038551890572e-08,0.559456628599498,0.440313339045486,4.5964143111249e-08,2.90561946486386e-05,5.47986379258253e-08,5.98414565537452e-05,4.3409515087407e-06,3.84009652625941e-08,0.000136638084703222,2
"20071",1.85649131728731e-06,0.000463616156770684,4.73773624750624e-06,0.000218495823504453,0.245416313247064,0.000102035658576113,8.82380065935352e-05,2.04501994968557e-06,0.750593016191661,0.00310964566831586,9
"20073",1.72412415766578e-08,0.0647379376053671,0.932131393317098,0.000232260004490691,1.06118140422158e-06,8.04043047638056e-06,0.000261323058327733,2.56571839989137e-07,5.3610482813298e-08,0.00262765697927154,3
"20075",0.0864871279896992,2.29877895523787e-05,9.40978360167022e-08,7.54694748356095e-10,0.000421056541524294,1.26846460340893e-07,2.8883071240043e-09,0.913066114740221,2.22797838969841e-06,2.60373314800112e-07,8
"20077",3.76899642415796e-05,0.00105995203809621,0.000182247177000309,0.000385151092550783,0.638551720240589,0.25591020257974,1.0693472812207e-07,6.82103712617817e-09,0.00650551000811984,0.0973674131438971,5
"20079",0.000837518417299944,0.0253229560333771,0.899329672661776,0.000252550867566513,0.00789708266222132,0.0641881037315493,2.44653172213683e-06,9.2986567197131e-07,8.05444037530593e-05,0.00208819482506281,3
"20081",0.314899761299387,0.000508478456158068,1.57798054351559e-06,1.13653541429418e-06,0.086060615429715,0.247008113968829,4.02501120201849e-10,0.000103358023423662,1.33839605660538e-06,0.351415619507971,10
"20083",1.48110468745882e-05,0.0016176731871104,0.558073009109397,0.000368669437011755,0.0251384871952825,0.000160453161830598,0.000130665563120339,7.64265835585909e-06,0.414466137315742,2.24513252744995e-05,3
"20085",0.00925339638951541,1.76015709572281e-09,1.34651665914384e-11,4.18340732036416e-05,0.000315715259806749,0.9899058784202,4.30616997038345e-13,1.8452358487757e-09,1.06889288155554e-06,0.00048210334510391,6
"20088",0.00631347151687986,2.79058262839729e-05,2.54785609269761e-08,0.000524304814864482,0.00738044271212522,0.948985423447431,5.67092299764906e-11,2.63621984381108e-08,5.41042487569755e-07,0.0367678587424597,6
"20091",0.95923992314766,5.16386824296528e-06,7.10619679363946e-07,9.48388259328808e-09,0.000120428793614565,0.000131803610686152,1.99791487184643e-11,0.0391438852245746,3.07206822546405e-06,0.00135500316345503,1
"20095",5.92285373920084e-06,0.0012627581585794,0.693735187574465,0.00113427354165179,8.15226163249923e-05,0.00304016126689782,0.0216825982504867,6.52771961492879e-05,0.00277994527312786,0.276212353268578,3
"20097",0.0376675272534735,3.95025678380225e-09,2.04831613736353e-11,1.18646784731023e-05,0.00112134327292056,0.960710029027602,2.07647367009494e-13,1.0529703250974e-08,4.42767613697442e-06,0.000484793590743132,6
"20099",2.87238180193203e-07,0.000104769811287102,0.00112709518930819,0.557827338587534,2.69033161159318e-05,0.188562203364379,0.00904142597435256,7.71760857936154e-09,8.50425033395459e-06,0.2433014645509,4
"20102",0.00571266606587062,0.000239384108036571,0.988523464658453,6.54888957549169e-08,1.09960661789814e-05,4.41878678014149e-05,2.36215727933292e-08,0.00411541288123877,0.000815281469181216,0.000538517772771024,3
"20105",0.000935568432806218,0.000613385075115083,0.000259024921139461,2.97876351448567e-05,0.00141635025375647,0.878082289049528,9.31501858146439e-09,2.0234332690082e-08,1.02321849809164e-07,0.118663462761309,6
"20107",0.000196441770568423,2.09621441087898e-05,1.15488392302043e-07,0.000267724798476044,0.0723158984843524,0.588560621635197,7.17138573885252e-09,1.00314405273489e-08,9.99708417851218e-05,0.338538247634294,6
"20109",5.00692146852204e-06,0.00516330964951526,0.245131927325593,0.0464429994136754,7.73983450145172e-06,0.150871586345044,9.08417041724487e-05,7.15586271497551e-08,1.96362856193403e-07,0.552286320884546,10
"20111",0.000398263630024566,0.0100713934701129,0.000156958643488693,2.4069244140522e-09,1.53877704974319e-06,1.87945152967266e-08,2.56916569973171e-06,0.989340054861641,1.57262062605738e-09,2.91986779229229e-05,8
"20113",1.30360814985515e-05,0.000416824437111977,6.78250302350739e-08,0.0236872061704627,0.712680387711791,0.057325072433805,0.000188563449463698,3.26238457274967e-07,0.0206047303144578,0.185083785337922,5
"20115",2.04254208964117e-06,0.973802507552647,0.000123997873717452,5.22858373523856e-05,1.04750083915868e-05,1.84828931521177e-07,0.00813703168129391,0.0141186744569097,6.00322380671318e-08,0.00375274018642844,2
"20117",0.0553880692872295,5.87209569875325e-05,6.44765344728713e-07,0.100085737801863,0.00719102101545711,0.0131057674777539,0.0228123336064266,0.765949354059534,0.00562095220102801,0.0297873988283755,8
"20119",2.16525088062056e-06,9.75961531107158e-07,2.21487707506741e-10,0.931210496502406,0.0034451391458156,0.0626765801980628,1.16732672568917e-05,2.4313545393946e-09,0.000183080654524357,0.00246988636668062,4
"20121",0.000992192964007375,1.90156989921703e-06,2.62267062883694e-09,0.00272420030897477,0.0426777457898446,0.889763671345945,6.31658656564155e-10,1.64235471085621e-08,0.000232813272105492,0.0636074550713472,6
"20123",0.992285199478281,6.95015133824646e-07,5.91519807040822e-10,3.89910763002651e-07,0.000334040654226722,8.44985555680441e-05,3.35771019046228e-12,0.00727158555409814,9.90107375946659e-06,1.36891632924178e-05,1
"20125",2.02588589844747e-07,0.926324317808665,0.0715427694643389,2.87134512592467e-07,0.000547677395473483,5.34264160735491e-07,9.78296654638395e-06,1.02273929958733e-05,1.19632144558166e-06,0.00156300466327109,2
"20127",0.000316817472877394,4.46228877573435e-08,8.14086492681489e-08,3.2003949541273e-05,1.79432775238841e-05,0.99898793621956,1.90112764435789e-11,4.01796786834407e-10,1.96379070971741e-08,0.000645152990245661,6
"20140",0.00119889187575889,0.000312685392327263,3.55853428305367e-09,1.78507020441892e-05,0.99334909035013,0.000475191607252889,6.88678655087688e-07,0.000429773908627349,0.00163086602508633,0.00258495790158386,5
"20142",1.57121467688711e-09,0.00256776372905554,0.997427157450942,1.9355104425713e-09,7.64253446883067e-07,4.52126105943634e-09,1.75593885526113e-06,2.65513261321282e-07,6.83828286162032e-07,1.60125816593374e-06,3
"20144",5.37777338892088e-05,0.935797170758884,0.00337402053707838,7.5244760279536e-07,0.00717124022836851,2.08454273823863e-07,2.40397795199018e-05,0.052607239404509,0.000336436267228134,0.000635114388646525,2
"20146",0.000118162720773099,0.32380622060183,0.417759040483217,3.30811003931919e-06,0.14036750507542,0.00016118235917588,1.38899174704683e-05,0.000140412799578654,0.114726428418742,0.00290384951375299,3
"20148",9.24836774338697e-06,0.930852533768476,7.61964315722654e-05,1.60703434344368e-05,0.0564700998492021,0.000152842879045532,3.75930347462577e-06,2.62193956462421e-06,2.1206705900797e-06,0.0124145064468971,2
"20150",1.72868544006554e-10,0.629320717536271,0.339996440849792,9.18551524343063e-07,2.83746408734811e-06,3.34156685292417e-09,0.0306404875308604,2.71241165733938e-06,4.75264935701641e-08,3.58346148784001e-05,2
"20152",1.98053773292316e-05,0.870447114175645,6.01919344588974e-05,0.00111408631570568,0.073318344333025,0.000868033594827412,8.32062475721729e-06,4.84701474759213e-06,1.91423485139495e-06,0.0541573423946527,2
"20154",0.995237805175383,6.89867392796306e-08,2.51469720087519e-07,2.40187444405937e-08,2.96761212425308e-05,0.00470061652867657,5.40782836074964e-14,2.03864777333126e-05,3.4888045795069e-07,1.08223412481394e-05,1
"20156",0.00053423042572939,0.00497328573837169,0.0175190743158089,6.9843010578241e-05,0.0766482494758164,0.0135478322328085,2.77656146533487e-06,7.0080733377321e-05,0.218765402303215,0.66786922520283,10
"20159",3.18985336418809e-08,0.441676660667965,0.558123441327942,3.6922964481039e-08,5.56539552327956e-05,5.51577425257278e-08,2.33218040815747e-05,6.82051828456163e-06,4.36343813984795e-07,0.000113541403439909,3
"20161",5.55960533070431e-07,0.00240389307989334,0.986636698346841,3.18847592092494e-05,0.000141748170920864,8.91231432127717e-06,8.01813858097262e-06,1.79945035873497e-06,0.0107208179347065,4.56718446346967e-05,3
"20163",0.000279451545252528,0.912492342376672,1.27248772189505e-06,0.00319229197047659,0.00585557048058424,0.00227808456312614,0.000274037565720376,0.000305535256113311,1.06158033194801e-08,0.0753214031385292,2
"20165",2.26219854463332e-06,8.44112975089554e-05,0.99796176214408,1.207247676478e-06,9.79830830251166e-07,0.00136960640577677,9.11222489884488e-08,1.81737074210823e-08,3.10647097996015e-07,0.000579350932528248,3
"20167",4.20405069837042e-07,0.970993008093819,0.00534501628354007,4.26245216307577e-06,0.000915044593344099,6.18345207716847e-05,1.01068385119466e-05,2.57858235542657e-07,9.54168695032133e-09,0.0226700394128577,2
"20169",3.99595844573855e-10,5.02186745913692e-05,0.999948769329955,5.19277015771944e-10,2.84801285317885e-08,1.79141703065162e-09,4.02622472778738e-07,3.69804412391395e-08,4.21931814903813e-07,1.19270306400544e-07,3
"20171",0.997296549350779,3.43114406262162e-09,5.1209408456371e-07,2.70842629164153e-09,1.1730423987728e-05,0.00260591242201587,4.36122034143073e-14,4.22749233768836e-05,4.03958878972348e-05,2.6187582450213e-06,1
"20173",5.84526686087804e-08,1.50824509559288e-05,0.0148970005113144,0.980095097912484,2.0216439678406e-07,0.00126905818755492,0.00333984675137899,4.06368872367233e-08,0.000223853695722922,0.000159759236636005,4
"20175",2.57901240620633e-07,0.87941228905718,0.00616658537119388,5.55225421203278e-06,0.00191511751029565,8.27110681385639e-06,0.000504578229175545,2.18928398152627e-05,3.1799418003947e-06,0.111962275788272,2
"20177",7.01074958781376e-08,4.24842750842789e-05,6.01768870073473e-06,0.964161753319362,4.64954404165127e-05,0.014481503613659,0.00346637241136884,2.09150010231831e-08,5.31816981982656e-06,0.0177899640590922,4
"20180",0.00849580884757722,1.10838669800769e-06,5.16185258931849e-12,0.0171322219205912,0.00565122621861427,0.927656183670614,5.79923752663335e-09,5.39379347892057e-07,4.17790486798959e-06,0.0410587278672904,6
"20182",1.29228856051938e-08,8.23054529985734e-05,0.977172463918323,5.70952002909657e-08,2.30764031600206e-09,1.09172794550771e-10,0.0165406187649736,0.00619537426547273,9.14311733480813e-06,2.20459986726259e-08,3
"20184",1.563005979587e-08,0.0181418873262553,0.981603461228894,1.98940986101364e-07,4.95886547205991e-05,6.46574178787176e-07,3.93687568889297e-06,1.5979909044064e-07,2.1669001225559e-06,0.000197938070003173,3
"20187",5.0996139029822e-09,0.000444638207062547,0.00070656205836588,0.406556396087263,0.00056543577257616,0.000216113501265175,0.187961529762357,1.23820167342002e-07,0.400792043077303,0.00275715261402523,4
"20189",5.4879795440884e-07,0.0031805556205062,5.32591741770693e-07,0.64773198185826,0.000190738189581508,0.0300092501353223,0.000159636664489803,1.21398434807378e-08,6.31160507845015e-08,0.31872668088625,4
"20192",0.0172438257043305,9.82513829731847e-05,9.48449139878283e-08,0.923968575423804,1.08339539866751e-05,0.0432040432159115,2.98608252646828e-05,0.00246735254089513,8.69418360961462e-06,0.0129684679243107,4
"20194",5.20085853081299e-09,0.0319310445370597,0.401068993034522,0.000129326242501806,0.0169653448350353,1.10038466552e-06,0.155566054748961,7.45885592418233e-07,0.394327506511545,9.87861925883142e-06,3
"20196",0.628991164742798,1.18639427079274e-06,1.0643492541383e-08,1.17466843371868e-05,0.0018039426988934,0.365061171574626,6.33931656214596e-11,6.62275274587308e-06,1.13289398173725e-07,0.00412404115604471,1
"20198",0.000890668815348915,0.332250993413223,0.00036540213235737,0.00801172605966316,0.16927258381958,0.0179064019727233,2.02996950998561e-05,0.000376677657541239,0.000639275147659274,0.470265971286803,10
"20204",6.11256899259744e-08,0.588014624096662,0.411706428579908,2.12361915537341e-07,8.81123472569446e-06,6.09733025179686e-08,4.33724929094834e-05,2.07507994707026e-05,1.57365970658998e-08,0.000205662598818933,2
"20207",0.290209124558338,6.41080709889889e-06,9.28244179323709e-06,3.25431854446498e-06,0.0125847581223155,0.689420663093597,6.02577531099523e-12,2.28640245890992e-06,1.53922968846407e-05,0.00774882795294324,6
"20209",0.000106845828373954,0.0858566985311893,1.03080947395193e-07,7.11120580846594e-05,0.00490047505984097,3.10243613165588e-07,0.00713837054050657,0.901241653328933,3.77482194081767e-06,0.000680656506570567,8
"20211",0.99760571519379,1.339252998383e-06,5.60853691511724e-09,3.55960887621445e-10,0.000707056311521013,5.95595269838031e-05,1.93476172156039e-13,0.00160556648053813,1.42401117800475e-06,1.93332582997609e-05,1
"20215",0.000211526057456588,0.000400652947542306,2.28780342599059e-06,4.79859593483941e-05,0.881994516085261,0.113172395578967,1.8178253263912e-08,1.05297059086262e-08,0.000963086691122842,0.00320752016891609,5
"20218",2.39091396986904e-09,0.0118716059512423,0.988117263568676,3.14982547183251e-09,7.0452012305401e-07,7.75998482174011e-09,3.92774237450487e-06,3.86959142425963e-07,2.89840070682877e-08,6.06897371035301e-06,3
"20222",0.185852037240324,0.000751095254602056,2.13141747309157e-05,1.94150559671967e-06,0.0632734576520755,0.741424377111799,4.61858509618725e-10,4.7571581223569e-06,3.94633777874641e-07,0.00867062480711347,6
"20225",3.96060133150774e-06,0.970357827835943,0.0116229000190845,9.18747859893634e-07,0.0165889995399689,1.33091500972493e-06,0.000291048713920334,0.000641961711855284,0.00036816253231172,0.000122889382715265,2
"20229",7.20569792642109e-05,0.00186784483126864,3.27229766308014e-06,2.11598765255686e-06,0.790837891888811,1.18348993152724e-05,1.1164331364395e-06,4.62082145330033e-05,0.207110140432038,4.75180363179768e-05,5
"20232",0.00136344409087481,0.00212573102064645,1.12503967540037e-06,1.1797865829291e-05,0.406392234635569,0.0149995685796433,4.30950985354174e-07,3.57049755355328e-05,0.000257430364831181,0.574812532476409,10
"20234",0.179730679273009,9.55017098993951e-10,1.61335427297517e-11,0.000647238664366874,3.37355890389384e-06,0.819037619541354,1.81350636148661e-10,6.97335538547557e-06,3.67809690651921e-07,0.000573746644788818,6
"20238",0.00203546056302771,1.56416409908788e-05,2.88951684057181e-06,0.000112136032438896,0.00333151934648851,0.562415659590628,3.65975591376085e-09,2.59866373327851e-07,0.000530571974166225,0.43155585780929,6
"20253",0.000498901103967458,2.52645807076338e-06,1.24080413281609e-07,0.000207476914648907,0.374750624062483,0.617908352734656,1.05249621433376e-09,2.20376419023473e-09,0.0055484379809447,0.00108355340855561,6
"20255",1.18575858544749e-05,0.991240527419284,8.24831909557509e-05,7.36182165480424e-08,0.00459845349736109,1.03172768902072e-06,2.60445478059339e-06,0.000243244904688565,4.12583767852604e-08,0.00381968234279319,2
"20258",0.000128760739378611,4.84022470759114e-06,4.61681018095358e-09,0.00212097469610884,5.84699498263472e-05,0.926979760210894,3.17716206421547e-09,4.12071611378715e-09,3.88646819588885e-09,0.0707071783779275,6
"20269",3.70971332294603e-05,0.00454261722090125,0.0227439140739075,0.00158553058486958,1.52622679763698e-05,0.167223795927281,1.89430512240012e-06,1.48885011701878e-07,1.45854552342682e-08,0.803849725016245,10
"20271",3.05755166449934e-06,7.47471371290064e-06,8.20405090984197e-09,0.636330748380642,4.74199936771634e-05,0.317068905802531,6.86646758668877e-05,1.44903822497071e-08,2.46906514028205e-07,0.0464734592809575,4
"20285",1.54983650719395e-07,0.0202528550195279,0.000537930642342321,0.56431979454431,0.00960634896907032,0.00018449315928047,0.40359595273124,5.59070849420693e-06,0.000545259834370654,0.000951619407712903,4
"20288",0.000415573834960334,0.000691720146345215,1.14671252167814e-05,6.70644703677677e-06,0.775429223459231,0.0973472682095401,9.69985317493215e-08,2.71815123066124e-07,0.00149361597878008,0.124604055985235,5
"20291",0.448836443456907,4.12891107333993e-06,4.68117411270754e-07,5.68855253368995e-05,0.00161120219688706,0.16693555820253,8.19316183774479e-10,0.000444392639713112,6.70373095771792e-05,0.382043882821247,1
"20295",3.872675399279e-06,0.00259393749769456,0.000966467013721794,0.879185750597897,8.34081523568767e-07,0.0142718422768877,0.00159445007102733,1.42133823117597e-06,2.70480949447617e-07,0.101381153966668,4
"20298",1.10596263269222e-08,0.998556138322322,0.000961582259018089,3.35720108887696e-07,0.000211111488100376,3.10629145949196e-08,8.51736263392218e-05,4.38683002533915e-06,2.91729706709305e-08,0.000181200458574715,2
