"","V1","V2","V3","best$classification"
"19812",0.0427546293671286,0.947471815711157,0.00977355492171405,2
"19814",0.902122064768844,0.0964026778245787,0.00147525740657686,1
"19816",3.63547274526875e-05,0.986060975361668,0.0139026699108793,2
"19818",0.347364966946259,0.647100778658245,0.00553425439549631,2
"19820",3.14342155654158e-20,0.977293406041798,0.0227065939582022,2
"19822",7.67122516875374e-22,0.0423220286886375,0.957677971311362,3
"19824",8.24304027532029e-08,0.487022836557692,0.512977081011905,3
"19826",0.188610144068933,0.775692414085676,0.0356974418453902,2
"19828",1.44056516478018e-10,0.988770528622758,0.0112294712331859,2
"19830",0.214942996996607,0.492561341538103,0.29249566146529,2
"19832",6.79079243527539e-08,0.414958998704561,0.585040933387514,3
"19834",7.28583105914675e-07,0.97297288968814,0.0270263817287538,2
"19836",0.0005660495811643,0.974354208267233,0.0250797421516025,2
"19838",0.958668091253023,0.0367892611837013,0.00454264756327537,1
"19840",2.53615698242514e-05,0.953286623288292,0.0466880151418834,2
"19842",0.653412085695983,4.00292821123099e-05,0.346547885021905,1
"19844",0.278926225053019,7.97745749146985e-09,0.721073766969524,3
"19846",0.998482751771492,0.000191526123532935,0.00132572210497537,1
"19848",0.995797268047904,0.0016834522684608,0.00251927968363553,1
"19850",0.990540273279029,0.00418409619822765,0.0052756305227435,1
"19852",0.0144387719018293,0.979930838956462,0.00563038914170833,2
"19854",0.988004374252197,0.00581806425075852,0.0061775614970442,1
"19856",0.115197204065982,0.000416673457608107,0.884386122476409,3
"19858",7.93882644800183e-05,0.0013358630078498,0.99858474872767,3
"19860",0.0169857934594068,0.974901828055657,0.00811237848493645,2
"19862",0.992749198418303,0.000676718519955758,0.00657408306174136,1
"19864",4.34869317484243e-09,2.56393180405451e-10,0.999999995394914,3
"19866",7.38910612449429e-07,0.584042325452574,0.415956935636813,2
"19868",1.41408629811928e-21,5.92130351848344e-12,0.999999999994079,3
"19870",0.961267956904664,0.0347130297011909,0.00401901339414545,1
"19873",0.304212013236228,0.652821180327932,0.0429668064358398,2
"19875",3.35382834756757e-08,0.988304756361584,0.0116952101001329,2
"19877",0.299439674601706,0.694889240230509,0.00567108516778531,2
"19879",0.00365023914312507,0.984944024397663,0.011405736459212,2
"19881",0.0922898072378432,0.796648314876994,0.111061877885163,2
"19883",0.868296494606732,0.0719423117593458,0.0597611936339218,1
"19899",1.25263007755913e-05,0.954829123012914,0.0451583506863101,2
"19908",2.58732181848845e-10,2.86688903219395e-07,0.999999713052365,3
"19910",0.0358221780345068,0.959324937140458,0.00485288482503532,2
"19912",0.91362437355527,0.000209040008699138,0.0861665864360307,1
"19914",0.00111641187646005,0.974019498957072,0.0248640891664684,2
"19916",1.35752075400572e-10,0.00031889942328763,0.99968110044096,3
"19918",0.976209564394607,0.0201751301951225,0.00361530541027056,1
"19920",0.996996085302768,0.00039728462933853,0.002606630067893,1
"19922",3.27362778580954e-10,0.00087811323205646,0.999121886440581,3
"19924",0.280619241596483,0.711499861711251,0.00788089669226522,2
"19926",1.54466514656834e-07,0.905935621169518,0.0940642243639678,2
"19928",5.48946360333926e-08,9.02786450591666e-16,0.999999945105363,3
"19930",0.867310694550821,0.131218447007185,0.00147085844199395,1
"19932",0.99002732734529,0.00935608249569481,0.000616590159015616,1
"19934",2.28771357375928e-06,0.980800098718358,0.0191976135680683,2
"19936",0.0498304486998294,0.920000021366173,0.0301695299339979,2
"19938",3.17875680657858e-11,0.702562809898578,0.297437190069635,2
"19940",0.155244278111985,0.829116360846494,0.015639361041521,2
"19942",1.3233529849557e-05,2.05165281227289e-09,0.999986764418498,3
"19944",0.00263214570237172,0.98597901376267,0.0113888405349584,2
"19946",0.160843611785821,0.824192851327884,0.0149635368862947,2
"19948",0.00266707844606312,3.87201374241067e-09,0.997332917681923,3
"19950",0.99716460514104,1.78685003477018e-07,0.00283521617395667,1
"19952",0.00266707844606312,3.87201374241067e-09,0.997332917681923,3
"19954",0.964883944115883,0.0344482734499047,0.000667782434212344,1
"19956",0.264914287738469,9.78981759396017e-07,0.735084733279771,3
"19958",4.32752981936778e-18,2.16619639666341e-11,0.999999999978338,3
"19962",0.0148224859997132,0.29261291488815,0.692564599112137,3
"19964",0.00879541329447969,0.912923898033503,0.0782806886720174,2
"19966",1.26360195742485e-14,0.492703929290209,0.507296070709778,3
"19969",0.705214539855603,0.237703805708444,0.057081654435953,1
"19972",0.96293998125725,0.00215920626820589,0.0349008124745438,1
"19974",0.996620273183176,3.11090985208458e-08,0.00337969570772576,1
"19976",0.539813114021075,0.44786212289442,0.0123247630845059,1
"19978",0.0023912293629259,0.989365056709293,0.00824371392778117,2
"19980",0.999042867167726,0.000301659214512976,0.000655473617760932,1
"19982",0.938256072909654,0.00542713868584935,0.0563167884044971,1
"19984",0.982730155919586,1.75337505385002e-06,0.0172680907053598,1
"19986",1.07551868640974e-15,0.926103788347054,0.0738962116529454,2
"19988",1.52317074808644e-21,0.92513993609429,0.0748600639057104,2
"19992",2.43189245995793e-14,0.959087165574157,0.0409128344258188,2
"19994",0.752749654571402,0.244959371733315,0.0022909736952825,1
"19996",2.44559339078201e-13,0.991070598836166,0.00892940116358949,2
"19998",9.06943333320842e-05,0.00502814859637479,0.994881157070293,3
"20000",0.000132255622526747,0.00140815407777631,0.998459590299697,3
"20003",0.0446757634740048,0.940157360897731,0.0151668756282638,2
"20005",0.970813046642024,0.00165324872321236,0.0275337046347639,1
"20007",0.000208584968049976,0.973512294728917,0.0262791203030331,2
"20009",2.4317510564691e-11,0.131147045534607,0.868852954441075,3
"20011",0.863836664980006,0.0699636072766427,0.0661997277433516,1
"20013",0.895614035573206,0.100487186969165,0.00389877745762864,1
"20016",1.11284011357226e-14,0.287143751809825,0.712856248190164,3
"20018",1.03319642128405e-40,2.37086056431865e-09,0.999999997629139,3
"20021",1.74150477872413e-07,0.987963088122109,0.0120367377274129,2
"20023",0.000201998736896552,0.963445532872533,0.0363524683905702,2
"20025",1.06369777304051e-23,0.00206401789408841,0.997935982105912,3
"20027",0.89926517513224,0.0329040021882229,0.067830822679537,1
"20029",0.841468073843935,0.0309123212583436,0.127619604897721,1
"20032",0.952393690980511,0.0395223869696769,0.00808392204981246,1
"20034",0.00424212305017229,1.17575247933952e-06,0.995756701197348,3
"20036",0.0336397637724773,0.0592076417066617,0.907152594520861,3
"20038",7.50062413219894e-14,0.976896533266189,0.0231034667337362,2
"20040",1.23224173840555e-20,0.000290315171666746,0.999709684828333,3
"20043",5.13340464568446e-09,0.978196917911197,0.0218030769553987,2
"20045",4.79480495214668e-21,0.582282684452211,0.417717315547789,2
"20048",0.765627889875163,4.15110855984776e-09,0.234372105973728,1
"20051",0.000546849242606737,0.888771415136082,0.110681735621312,2
"20053",6.73891990247986e-05,0.872730928578037,0.127201682222938,2
"20055",4.31767521766403e-13,0.855978109315647,0.144021890683921,2
"20057",6.46323295519879e-27,6.75655985484125e-22,1,3
"20059",5.60865515538616e-07,0.799093786238638,0.200905652895846,2
"20061",0.000170731467437134,0.977455798383205,0.0223734701493576,2
"20063",1.70628325192312e-09,2.81509353320805e-11,0.999999998265566,3
"20065",1.1473491229833e-27,0.0105885857487255,0.989411414251274,3
"20067",7.28208110537736e-09,0.702119047912941,0.297880944804978,2
"20069",0.99908054058721,0.000233347698545854,0.000686111714244332,1
"20071",2.40419710116863e-06,0.145800544487695,0.854197051315203,3
"20073",0.962373744974743,0.00467671089229835,0.032949544132958,1
"20075",3.62921641701456e-23,5.56903975703924e-10,0.999999999443096,3
"20077",2.20011852418545e-05,0.950556063790165,0.0494219350245931,2
"20079",6.4437140983555e-05,0.0283694698156028,0.971566093043414,3
"20081",2.25985770979224e-10,0.812291913304876,0.187708086469138,2
"20083",5.56612261653575e-05,6.8775005737967e-06,0.999937461273261,3
"20085",1.21066131588749e-22,0.936642280309176,0.0633577196908245,2
"20088",1.3641083551642e-10,0.979703002346826,0.0202969975167635,2
"20091",9.26819185680313e-19,1.97889831223703e-05,0.999980211016878,3
"20095",8.91121657828504e-05,2.23988928695174e-05,0.999888488941348,3
"20097",1.02954314245284e-22,0.898919553025315,0.101080446974685,2
"20099",5.37431124997156e-06,0.0323504581817065,0.967644167507044,3
"20102",1.96760541725031e-07,1.4931463097804e-07,0.999999653924827,3
"20105",2.01703315466683e-08,0.96299169634674,0.0370082834829283,2
"20107",1.78329737200699e-09,0.986160972691569,0.0138390255251338,2
"20109",0.00353366030336937,0.66585734663868,0.330608993057951,2
"20111",5.57663224474147e-10,1.76453731588026e-08,0.999999981796964,3
"20113",1.33815777969864e-07,0.838239187564858,0.161760678619364,2
"20115",0.111712423415546,0.0140071162224539,0.874280460362,3
"20117",1.3666599813246e-23,2.45425668434615e-08,0.999999975457433,3
"20119",3.8372434818736e-12,0.310811353824002,0.689188646172161,3
"20121",8.7140062863933e-12,0.970530900328551,0.029469099662735,2
"20123",3.45612106170571e-24,1.77967827588376e-05,0.999982203217241,3
"20125",0.978287629560491,0.018004760329413,0.00370761011009585,1
"20127",3.01146870106109e-17,0.947427923362333,0.0525720766376666,2
"20140",1.4722611405482e-10,0.669514155281908,0.330485844570866,2
"20142",0.99832818970584,6.25789818243219e-07,0.0016711845043416,1
"20144",0.0852538301449859,0.01700937791739,0.897736791937624,3
"20146",0.601484384478935,0.0114239097464328,0.387091705774632,1
"20148",0.342986428565136,0.648700588869787,0.00831298256507676,2
"20150",0.998947408132096,7.35489361323294e-06,0.00104523697429067,1
"20152",0.207862481373438,0.782071660692525,0.0100658579340378,2
"20154",7.18881241335743e-22,0.000175533036263859,0.999824466963736,3
"20156",0.00177736304203941,0.325558464805716,0.672664172152245,3
"20159",0.83436249575561,0.00191258303129306,0.163724921213097,1
"20161",0.217395190588686,2.72593570373582e-05,0.782577550054277,3
"20163",0.001322860678141,0.863817210293222,0.134859929028637,2
"20165",0.03037157168121,0.0106026399886225,0.959025788330167,3
"20167",0.847806757596546,0.150367555035783,0.00182568736767084,1
"20169",0.988161143794617,9.7023756192167e-09,0.0118388465030076,1
"20171",1.83522415139539e-24,5.93745701704329e-07,0.999999406254298,3
"20173",5.23813404627125e-08,5.23492321449482e-08,0.999999895269427,3
"20175",0.629713046129866,0.358903232638374,0.0113837212317599,1
"20177",1.12480883582746e-07,0.0744790491769482,0.925520838342168,3
"20180",3.21291533121936e-16,0.906915062838066,0.0930849371619339,2
"20182",3.18479940141356e-06,6.69259836470971e-20,0.999996815200599,3
"20184",0.996099916772932,0.00095828925677288,0.00294179397029477,1
"20187",0.00115181213699689,2.33392432923381e-05,0.998824848619711,3
"20189",2.0412122357856e-05,0.961891499568332,0.0380880883093103,2
"20192",2.06667306673524e-17,0.000206498350736885,0.999793501649263,3
"20194",0.139225965627126,2.04187323606443e-06,0.860771992499638,3
"20196",7.19572340069599e-20,0.199415150182446,0.800584849817554,3
"20198",0.0184018327689236,0.840383935575111,0.141214231655965,2
"20204",0.996849333377878,0.000569951097319472,0.00258071552480286,1
"20207",1.37691067045915e-13,0.522184616718399,0.477815383281464,2
"20209",2.17245690650359e-09,0.000454042845365645,0.999545954982177,3
"20211",2.7809781085048e-18,0.000197662358651948,0.999802337641348,3
"20215",2.43175256460906e-08,0.960420537767711,0.0395794379147632,2
"20218",0.999196857392661,5.19365976294403e-06,0.00079794894757654,1
"20222",7.33712799340873e-11,0.895233316559801,0.104766683366827,2
"20225",0.904898565407917,0.002117066154842,0.0929843684372411,1
"20229",4.86464547633462e-06,0.135120495891611,0.864874639462913,3
"20232",2.94868397676111e-07,0.930244091027246,0.0697556141043558,2
"20234",4.96479923972696e-34,0.0012213771108778,0.998778622889122,3
"20238",4.34289883827616e-09,0.907907384418365,0.0920926112387366,2
"20253",1.64172823937106e-13,0.895360056823995,0.104639943175841,2
"20255",0.787081672547824,0.202145259598039,0.0107730678541365,1
"20258",4.58548695342591e-13,0.989911593377445,0.0100884066220967,2
"20269",1.58451972444126e-05,0.951396493141807,0.0485876616609484,2
"20271",4.57721157691326e-13,0.602959925389895,0.397040074609647,2
"20285",7.69978294617818e-05,0.00269432112700953,0.997228681043529,3
"20288",4.61084099650932e-08,0.971697858210617,0.0283020956809726,2
"20291",1.15346352492222e-16,0.135425751447126,0.864574248552874,3
"20295",1.23192759980271e-06,0.0613148192893847,0.938683948783016,3
"20298",0.968939882903836,0.0283866193689064,0.00267349772725771,1
"20302",0.924482575402872,0.0111721467015743,0.0643452778955533,1
"20305",0.983314924466834,0.0117702929938911,0.00491478253927464,1
"20307",5.28178143743708e-14,0.97647246221395,0.0235275377859971,2
"20310",5.18111716393354e-24,0.238216225851989,0.761783774148011,3
"20313",0.981244969923905,2.14282977331997e-09,0.0187550279332655,1
"20315",1.51877594047072e-12,0.985642625140656,0.0143573748578249,2
"20319",3.1160095067873e-20,0.0633458442498873,0.936654155750113,3
"20321",6.81392247591547e-12,0.885142958818845,0.114857041174341,2
"20327",1.81453764350335e-12,0.976441039230107,0.0235589607680782,2
"20329",0.0569300283009506,7.07405783099142e-09,0.943069964624992,3
"20335",2.25212164001065e-17,0.378734430303302,0.621265569696699,3
"20337",0.991484321908008,0.00155731194954685,0.00695836614244561,1
"20339",1.48347516665673e-13,5.2283034552021e-05,0.9999477169653,3
"20341",1.38278590617309e-16,1.05480395736115e-05,0.999989451960426,3
"20343",7.65659824298342e-15,0.0947954547234258,0.905204545276567,3
"20345",0.0323362282272059,0.929587055307953,0.0380767164648408,2
"20350",5.76125754230359e-09,0.000816828218881551,0.999183166019861,3
"20352",0.994059099386341,1.89739721991342e-07,0.00594071087393673,1
"20355",0.0905874365823691,0.00118558846791155,0.908226974949719,3
"20358",0.525618406174739,2.43075865703233e-07,0.474381350749396,1
"20363",2.59234493442022e-10,0.966680460553401,0.0333195391873648,2
"20365",3.69248812577831e-12,0.487016375947235,0.512983624049073,3
"20379",0.180106750946815,0.369480865718193,0.450412383334992,3
"20387",4.30947792532421e-10,0.973893146785412,0.0261068527836403,2
"20392",4.16783739357608e-22,0.000138739321413487,0.999861260678586,3
"20395",0.342964138759436,0.644169269293089,0.0128665919474749,2
"20397",0.0346089173385966,5.73019852359807e-16,0.965391082661403,3
"20410",9.76880133651923e-09,0.971466382136242,0.0285336080949563,2
"20414",0.973699860585158,0.0154934523090315,0.01080668710581,1
"20417",5.33990083972826e-44,2.71684462878992e-10,0.999999999728316,3
"20419",2.58277682799042e-13,0.889451504060451,0.110548495939291,2
"20421",0.04186973156169,0.014370833295519,0.943759435142791,3
"20423",0.991225642487924,0.00417027205146001,0.0046040854606165,1
"20425",0.938589435481101,0.0244937199778769,0.0369168445410226,1
"20427",0.0214702742691034,0.963626021260656,0.0149037044702409,2
"20429",1.1646916648976e-11,0.00603184977557647,0.993968150212777,3
"20432",0.992913425268302,8.84882562919622e-05,0.00699808647540648,1
"20435",5.73556806964411e-05,0.918538024806762,0.0814046195125416,2
"20438",1.02789784226614e-07,0.456334963478199,0.543664933732016,3
"20440",3.57745685508276e-12,0.971400049313821,0.0285999506826014,2
"20443",0.691183203888327,2.58110509114447e-05,0.308790985060762,1
"20446",3.04064113068984e-05,0.74496110937068,0.255008484218013,2
"20449",1.69494865528451e-06,0.960587192295986,0.0394111127553584,2
"20537",9.90647862700477e-12,0.158844627308058,0.841155372682035,3
"20540",2.70989494171413e-26,1.49003552031842e-05,0.999985099644797,3
"20543",0.000272527385190373,0.974391790632469,0.0253356819823408,2
"20545",5.33750037671721e-20,1.16168575451524e-05,0.999988383142455,3
"20549",0.388187788683337,0.588386848489456,0.0234253628272071,2
"20551",6.14603018542944e-05,0.986949290057714,0.0129892496404317,2
"20554",2.72047668583628e-07,0.992187577630526,0.00781215032180545,2
"20556",9.49657243178643e-06,0.949690026478946,0.0503004769486221,2
"20558",2.01939421734841e-12,0.991463840867873,0.0085361591301075,2
"20560",0.000417892267054127,0.973910953113131,0.0256711546198147,2
"20563",1.98504196955307e-16,0.960257351488885,0.039742648511115,2
"20565",2.59978052978905e-05,0.953374600034486,0.0465994021602162,2
"20567",0.990943759401622,0.000286401416716181,0.00876983918166157,1
"20571",7.98371170671687e-15,0.095766109267291,0.904233890732701,3
"20573",6.70249008685599e-05,0.976988560115026,0.0229444149841057,2
"20575",4.86605481055165e-14,0.916277472186404,0.0837225278135471,2
"20577",8.57071095363472e-05,0.981201254660274,0.0187130382301894,2
"20579",0.896819826475123,3.54256067246418e-11,0.103180173489451,1
"20582",1.08352454056368e-17,0.981807929148477,0.018192070851523,2
"20585",1.31457396938613e-10,0.211379201467586,0.788620798400957,3
"20588",1.99360613915697e-12,0.000345942880606844,0.9996540571174,3
"20590",0.996432045122537,9.36674031772256e-09,0.00356794551072305,1
"20592",1.23323847359106e-14,0.976448611532923,0.0235513884670645,2
"20594",9.97391941235582e-19,0.959702645333324,0.0402973546666758,2
"20596",5.94557622372734e-06,0.941571897698486,0.0584221567252905,2
"20598",1.08250071615043e-05,0.989021455522851,0.0109677194699874,2
"20600",3.88651272922101e-05,0.455821478244322,0.544139656628386,3
"20603",0.907666250649054,0.0384943559749769,0.0538393933759696,1
"20605",4.67499657173149e-12,0.981632273253924,0.018367726741401,2
"20607",1.44059751536183e-08,0.981126844986647,0.0188731406073782,2
"20609",6.53427535636716e-07,0.992514274298823,0.00748507227364134,2
"20611",0.99051031115894,0.00395617212111911,0.00553351671994051,1
"20613",0.000345764192560709,0.983149646323509,0.0165045894839303,2
"20615",0.00117091311181829,0.955153786516673,0.0436753003715084,2
"20617",0.985379716969744,5.31676723266015e-07,0.0146197513535327,1
"20619",1.783924823565e-12,0.935815697394589,0.0641843026036274,2
"20621",2.54779364765923e-06,0.943708941358452,0.0562885108479006,2
"20623",0.718683604737512,0.00106593527279615,0.280250459989692,1
"20625",0.109709047733898,0.0274232733514221,0.86286767891468,3
"20627",0.000269939199763152,0.989036902697849,0.0106931581023877,2
"20629",6.90140902590038e-05,0.986852719117911,0.0130782667918296,2
"20631",2.98211524341487e-14,0.889640452109946,0.110359547890024,2
"20633",0.993292478389221,3.34170737316482e-11,0.00670752157736197,1
"20636",0.233422684190736,0.10347738742961,0.663099928379654,3
"20638",9.58639126260051e-06,0.372956382953416,0.627034030655321,3
"20640",1.71069724016978e-13,0.77128069299034,0.228719307009489,2
"20645",1.78448743690205e-20,0.952172451081048,0.0478275489189522,2
"20647",0.972686645274261,4.9491852827826e-10,0.0273133542308202,1
"20649",4.66426766403477e-08,0.917945336723313,0.0820546166340098,2
"20651",1.05724418409921e-18,0.0131350546006078,0.986864945399392,3
"20656",2.26651427270029e-15,0.427286526917011,0.572713473082987,3
"20660",2.77551979834847e-18,2.67128305129804e-05,0.999973287169487,3
"20662",0.549728842497352,9.11810036191202e-06,0.450262039402286,1
"20664",6.36490411918119e-07,0.035652712171424,0.964346651338164,3
"20666",7.39760196677683e-06,0.00458002635919757,0.995412576038836,3
"20668",0.99415020902417,0.00316184172238684,0.00268794925344365,1
"20670",3.94445868983753e-14,0.145189577208466,0.854810422791495,3
"20672",0.998279646405609,0.000359775490471102,0.00136057810391962,1
"20674",0.000153390224219838,0.964427477330815,0.0354191324449648,2
"20676",0.827744309079583,9.65286798425828e-08,0.172255594391737,1
"20678",0.973875267682401,2.07586488764941e-09,0.0261247302417343,1
"20680",0.968704092624634,0.0289693602380072,0.00232654713735893,1
"20682",0.38604692603772,0.493112247205094,0.120840826757186,2
"20684",7.94652294394474e-08,0.168625619660875,0.831374300873896,3
"20686",0.999444181161546,7.53191519333723e-06,0.000548286923261193,1
"20688",0.791194250234048,4.41287410055149e-12,0.208805749761539,1
"20690",2.17889676501301e-15,0.0128784151020581,0.98712158489794,3
"20692",0.984537819223058,4.36266359237287e-13,0.0154621807765057,1
"20694",0.98476130787169,0.0122875442314385,0.002951147896871,1
"20696",0.893696654547413,0.060677029923216,0.0456263155293708,1
"20698",4.04860092343886e-05,0.80671979180114,0.193239722189626,2
"20700",1.47729958219737e-06,0.0446862364231024,0.955312286277316,3
"20702",7.0827473192553e-22,0.106073431691708,0.893926568308292,3
"20704",2.61065557475988e-05,0.991309884072681,0.00866400937157099,2
"20706",0.000297089078943117,0.00490524456582796,0.994797666355229,3
"20708",0.937003735056439,6.30975983218368e-06,0.0629899551837294,1
"20710",1.40959905112779e-08,0.762317713899131,0.237682272004879,2
"20714",0.970741984533939,0.000100814358681073,0.02915720110738,1
"20716",8.20628849737029e-07,0.979036469474212,0.0209627098969384,2
"20719",7.00222423661177e-06,0.0863669120186939,0.913626085757069,3
"20721",1.40094466502108e-15,0.944323853441985,0.0556761465580135,2
"20723",8.6148650750542e-10,0.000538160850660681,0.999461838287853,3
"20725",0.827972361907939,0.167007945494371,0.00501969259769016,1
"20727",0.0168720183422011,4.39555354657273e-10,0.983127981218244,3
"20729",0.993558185772559,0.00238713392667589,0.0040546803007648,1
"20731",0.915507649356525,0.0733270290919708,0.0111653215515039,1
"20733",3.12719393878376e-05,0.969772596816483,0.0301961312441288,2
"20735",0.00076974182483184,0.98407536693941,0.0151548912357578,2
"20737",0.995813060110745,1.97340223573262e-05,0.00416720586689785,1
"20739",0.994900491753363,1.17150453273169e-10,0.00509950812948668,1
"20741",0.844531280481663,0.151644714693536,0.00382400482480137,1
"20743",0.617267157404791,0.292549942735872,0.0901828998593368,1
"20745",9.71994346686837e-16,0.927126619683702,0.0728733803162969,2
"20747",0.971011979643432,0.00182889540309742,0.0271591249534701,1
"20749",0.972468594496348,0.00105655599289767,0.0264748495107547,1
"20751",0.0341205763856761,0.0320879000992199,0.933791523515104,3
"20753",0.94326925304019,0.0456190885916364,0.0111116583681738,1
"20755",0.244543515522877,1.73436506825471e-08,0.755456467133472,3
"20757",0.000293872843454321,4.11063399649611e-06,0.999702016522549,3
"20759",2.67693612411683e-08,0.597450775797113,0.402549197433526,2
"20761",0.400091326118959,0.596983430533158,0.00292524334788291,2
"20763",0.00466781525687493,0.401259162428939,0.594073022314186,3
"20765",0.91167021762174,0.0869853642236765,0.00134441815458388,1
"20767",6.88848520032684e-08,0.960066484337363,0.0399334467777846,2
"20769",1.07368049642397e-13,0.0648845653294215,0.935115434670471,3
"20771",0.394821266442037,0.584368834608208,0.0208098989497558,2
"20773",1.0731016022792e-05,3.47444407548902e-07,0.99998892153957,3
"20775",0.133116062316817,0.836732605934575,0.0301513317486076,2
"20777",9.26184634636613e-07,0.0310073361241086,0.968991737691257,3
"20779",0.806527341950413,0.187934897064677,0.00553776098491019,1
"20781",5.03427593058654e-17,2.45139607553096e-17,1,3
"20783",0.344356300006159,0.643112667940728,0.0125310320531136,2
"20785",0.000114615327731736,4.5062569339988e-12,0.999885384667762,3
"20787",0.989854235745637,0.00816055668737643,0.00198520756698626,1
"20789",0.000650583224427091,0.986609965511336,0.0127394512642372,2
"20791",0.998233164578976,0.000633396492706752,0.00113343892831757,1
"20793",0.00367866907614281,0.968829743862595,0.0274915870612626,2
"20795",0.954923080512406,0.0294098014213117,0.0156671180662823,1
"20797",4.58162667165632e-08,4.10818797768057e-15,0.999999954183729,3
"20800",0.924412642374332,0.0348030245354841,0.0407843330901839,1
"20802",0.822753238789618,0.173600518154236,0.003646243056146,1
"20804",0.99393883070238,0.000261891282464093,0.00579927801515591,1
"20806",0.998642707762277,7.38657018146609e-05,0.00128342653590799,1
"20808",2.43013060075409e-06,0.988135650925864,0.0118619189435348,2
"20810",0.713131950664956,0.0612434185415961,0.225624630793448,1
"20812",0.843997982049069,0.132799369804679,0.0232026481462521,1
"20814",0.956107404967735,3.57713124552019e-08,0.0438925592609526,1
"20816",6.54128369170095e-15,0.00280908891220219,0.997190911087791,3
"20818",0.154822121655145,0.827148573992082,0.0180293043527728,2
"20820",0.957829013569717,1.17002641318197e-10,0.0421709863132799,1
"20822",0.845313005080132,0.15367094881745,0.00101604610241754,1
"20824",0.000139019705652634,6.68158665375104e-13,0.999860980293679,3
"20826",0.999316315548908,5.18407648626634e-07,0.000683166043443131,1
"20828",0.765627889875163,4.15110855984776e-09,0.234372105973728,1
"20830",0.979309353552818,0.00473750480545051,0.0159531416417311,1
"20832",0.0671739434601817,0.904656949768441,0.0281691067713777,2
"20834",3.41894090904821e-07,0.983860420074651,0.0161392380312582,2
"20836",0.882470893728667,0.114078695930492,0.00345041034084133,1
"20838",0.932631078544694,1.97758375828534e-06,0.067366943871548,1
"20840",1.04113531082438e-06,0.986007341325116,0.0139916175395728,2
"20842",0.869824620157209,0.0260099396912582,0.104165440151533,1
"20844",0.02582336160442,0.000241386464767667,0.973935251930812,3
"20846",0.943389485510464,0.0393954055476153,0.0172151089419211,1
"20848",0.0165426355817897,0.975554712330988,0.00790265208722261,2
"20850",3.79195803411385e-05,0.972087711795226,0.0278743686244331,2
"20852",0.000281977771524584,0.674328393056502,0.325389629171974,2
"20854",0.998224096900774,3.16623506724564e-05,0.00174424074855403,1
"20856",1.33564046300191e-20,1.21985236858437e-06,0.999998780147631,3
"20858",2.52532817180051e-10,0.956503174627236,0.0434968251202312,2
"20860",0.00590020615267201,0.00848395638532719,0.985615837462001,3
"20862",4.03126361878831e-12,0.796114699340346,0.203885300655622,2
"20864",0.998003489606596,7.50122825201862e-06,0.00198900916515205,1
"20866",2.78747881177982e-25,0.478110008490533,0.521889991509467,3
"20868",1.88277476156394e-07,0.98128561600785,0.0187141957146734,2
"20870",0.196400395752713,0.791653569112567,0.0119460351347199,2
"20872",0.944561411030714,0.0545134423889237,0.000925146580362301,1
"20874",0.992490161425006,3.20714395149442e-10,0.0075098382542794,1
"20877",5.5209156620389e-08,0.970183065987489,0.0298168788033545,2
"20879",4.14873643323256e-12,0.977876867561534,0.0221231324343171,2
"20881",0.956948531452249,0.0405908495320779,0.0024606190156733,1
"20883",0.0228673852650875,1.26181537786048e-05,0.977119996581134,3
"20885",0.983078629870496,0.0151907070780881,0.00173066305141553,1
"20887",2.39888392281065e-06,0.972971826580386,0.0270257745356915,2
"20889",0.288309850065604,0.681722230436357,0.0299679194980392,2
"20891",7.42760635484964e-12,0.98084205380758,0.019157946184992,2
"20896",9.29804801486279e-08,0.874160483105063,0.125839423914457,2
"20898",0.683721601740147,0.31244204500241,0.0038363532574426,1
"20900",1.16160436476768e-09,7.22127240068514e-14,0.999999998838323,3
"20902",2.07029301877927e-10,0.129636595383399,0.870363404409572,3
"20904",0.134795552498534,0.00649965206763694,0.858704795433829,3
"20906",3.63086828003655e-10,0.883156174752781,0.116843824884133,2
"20908",0.699632425228131,0.277137598751928,0.0232299760199405,1
"20910",0.407277138137584,0.0278551131881713,0.564867748674245,3
"20912",7.26193586748992e-20,7.24481492917856e-16,0.999999999999999,3
"20914",4.8008807293443e-23,0.878195592431194,0.121804407568806,2
"20968",8.39034140017111e-05,1.54702174189093e-10,0.999916096431296,3
"20970",1.28719552330116e-06,0.97761206960217,0.0223866432023065,2
"20981",1.09083954534037e-06,0.760209416410159,0.239789492750295,2
"20983",0.985143518564307,2.97068020021151e-08,0.0148564517288908,1
"20988",1.53917015506789e-09,0.986123278169997,0.0138767202908324,2
"20995",5.21322397771889e-11,4.34818591606383e-07,0.999999565129276,3
"21017",0.2294923536152,0.755855124628532,0.0146525217562673,2
"21038",2.62149724661698e-10,0.944680428096226,0.0553195716416244,2
"21072",8.25405467286946e-09,0.914934357481383,0.0850656342645622,2
"21075",6.52355490076386e-14,0.8065739646324,0.193426035367535,2
"21223",0.0279290476059028,0.961019584475755,0.011051367918342,2
"21225",9.23924130173469e-34,1.15926122416865e-12,0.999999999998841,3
"21230",0.999014017116921,2.74512817418948e-09,0.00098598013795036,1
"21236",0.21825460980359,0.762190961410246,0.0195544287861633,2
"21238",5.91210305413976e-08,0.0786882867811009,0.921311654097869,3
"21241",6.25493191984492e-12,0.711472130437229,0.288527869556516,2
"21246",3.72375595570154e-05,0.980905808102925,0.0190569543375176,2
"21253",0.999460405757202,1.57326168538285e-05,0.000523861625944336,1
"21256",0.90372157638956,0.0665417481903734,0.0297366754200665,1
"21260",9.03559893425777e-23,1.02260952934489e-05,0.999989773904707,3
"21266",2.34030037320733e-07,0.981111952152091,0.0188878138178714,2
"21332",7.00303021011786e-06,0.983253182562354,0.0167398144074363,2
"21334",0.320027062671221,0.664698596270579,0.0152743410582003,2
"21375",8.38702141622413e-16,0.74064682667382,0.259353173326179,2
"21378",3.33009277198797e-22,0.546118189249028,0.453881810750972,2
"21381",1.14212955517623e-14,0.623112130371409,0.376887869628579,2
"21389",0.984109259661811,0.00853065491620496,0.00736008542198415,1
"21391",6.1020303410445e-05,0.0573160075501327,0.942622972146457,3
"21402",4.47315670093699e-07,0.931009580154735,0.0689899725295949,2
"21404",9.21783693841423e-11,0.62339868732488,0.376601312582942,2
"21409",9.08223930458152e-11,0.95484170059928,0.0451582993098978,2
"21413",2.4674043272426e-06,0.733020364691495,0.266977167904178,2
"21423",4.24026647587656e-19,0.00681348746946779,0.993186512530532,3
"21425",2.6468620049565e-10,0.753113568147469,0.246886431587845,2
"21430",3.57052523971575e-08,0.00324997142228862,0.996749992872459,3
"21432",0.000134067783142816,0.98953720049148,0.0103287317253768,2
"21438",4.23381478600061e-15,1.96417733755067e-05,0.99998035822662,3
"21440",8.70692109319732e-07,0.958070241504463,0.0419288878034279,2
"21443",0.965436285221596,0.0335302606498596,0.00103345412854432,1
"21445",1.54796367089007e-15,8.29558230764427e-06,0.999991704417691,3
"21447",5.27297847159938e-15,0.921976728031667,0.0780232719683276,2
"21449",1.85424849494137e-11,0.912698671232562,0.0873013287488954,2
"21451",1.85424849494137e-11,0.912698671232562,0.0873013287488954,2
"21455",9.76175257887328e-10,0.977796240519602,0.0222037585042231,2
"21469",3.68971225761832e-27,0.119976476052856,0.880023523947144,3
"21471",2.06163448227041e-16,0.846111704789541,0.153888295210459,2
"21473",0.840479256518308,0.0485119021668347,0.111008841314857,1
"21476",0.000887462076374737,0.962283975679042,0.0368285622445831,2
"21478",0.0953909581991639,0.00151911963607512,0.903089922164761,3
"21481",0.950529624398737,0.0396480671692981,0.00982230843196549,1
"21490",4.1845299297883e-10,0.898626214528895,0.101373785052652,2
"21493",2.58147442719434e-24,0.00449123214184929,0.995508767858151,3
"21495",0.000150570801966884,0.99147803003634,0.00837139916169326,2
"21500",2.03222676629119e-07,0.970760187181186,0.0292396095961378,2
"21504",6.41281535043053e-06,0.549228458313604,0.450765128871045,2
"21507",2.81761143873284e-16,0.938158947728411,0.0618410522715883,2
"21512",4.34329143642399e-10,0.976478042714062,0.0235219568516086,2
"21519",0.0753030157836244,0.800749693691619,0.123947290524756,2
"21522",2.00194218391906e-10,5.72242616853388e-05,0.99994277553812,3
"21524",1.11300750745619e-06,0.936049093183911,0.0639497938085812,2
"21528",1.25405186129427e-11,0.981710927967619,0.0182890720198404,2
"21532",3.07424835963979e-06,0.951022674007592,0.0489742517440488,2
"21543",1.77316088445897e-06,0.78840232709859,0.211595899740525,2
"21546",6.33562463572881e-05,0.979727918749858,0.0202087250037846,2
"21550",1.91606875089827e-15,0.984649886497284,0.0153501135027142,2
"21554",3.37779560689301e-13,0.975799888566621,0.0242001114330412,2
"21557",0.111371568341033,0.0892760227227208,0.799352408936246,3
"21560",6.04504763676896e-18,0.792371092331738,0.207628907668262,2
"21564",0.063274460594476,0.926366097970995,0.0103594414345295,2
"21566",1.39887895284693e-09,0.97871594231129,0.0212840562898312,2
"21569",1.7858855570169e-05,0.969190323333922,0.0307918178105084,2
"21574",0.990887972951377,0.00262443949154033,0.00648758755708237,1
"21576",0.875096814604626,0.122869395053668,0.00203379034170598,1
"21578",0.9940830512682,0.00431391917407896,0.00160302955772096,1
"21580",0.628986666512069,0.362003814660279,0.00900951882765188,1
"21583",8.41608650127449e-15,0.950945302556125,0.0490546974438665,2
"21585",0.830384889643642,4.98407272350074e-09,0.169615105372285,1
"21587",0.954931388195971,0.0413355675100873,0.00373304429394139,1
"21589",0.74451956631281,0.0180510469564193,0.23742938673077,1
"21593",1.46325210419224e-15,1.62574344600118e-21,0.999999999999998,3
"21595",5.32490782317217e-06,3.62545846614348e-06,0.999991049633711,3
"21597",0.0327612296872096,0.890329057897779,0.0769097124150117,2
"21599",0.986517394493473,1.05748602018356e-05,0.0134720306463252,1
"21601",9.3014130077328e-08,0.00162356998337191,0.998376337002498,3
"21603",0.981248123088653,6.44537691261623e-07,0.0187512323736555,1
"21605",0.998565808463155,0.000606096071578383,0.000828095465266866,1
"21607",0.163740369958157,0.766540171967356,0.0697194580744873,2
"21610",0.0035247008005132,0.867978691775752,0.128496607423735,2
"21612",0.97445324119707,0.0233158291097911,0.00223092969313878,1
"21614",0.00027104756169101,0.982320636666565,0.0174083157717434,2
"21616",0.017106698379091,0.965057410468962,0.0178358911519476,2
"21618",1.27970349612094e-13,0.360748589355659,0.639251410644213,3
"21620",0.988191596868241,0.00752355456342025,0.00428484856833876,1
"21622",6.92457566799013e-15,0.0913861013139025,0.908613898686091,3
"21624",0.000437163119427502,0.0577425108573923,0.94182032602318,3
"21626",0.0595366523089189,0.860297611965855,0.0801657357252261,2
"21628",5.95546559217516e-07,0.98945427367133,0.0105451307821106,2
"21630",0.639626168284016,0.277608765262076,0.0827650664539077,1
"21632",0.00150768461522362,0.677298152338533,0.321194163046244,2
"21634",0.000237349649824602,0.9760545687639,0.0237080815862752,2
"21636",0.844126871461776,0.144266763418675,0.0116063651195486,1
"21638",0.988768821319433,0.000187642391402919,0.0110435362891637,1
"21640",0.00421854885824474,0.969593016971132,0.026188434170623,2
"21642",0.994411362714245,0.000570417058466405,0.00501822022728878,1
"21644",1.11097342149825e-06,1.21021378495754e-09,0.999998887816365,3
"21647",0.950122512616946,0.0360543622455862,0.0138231251374676,1
"21649",0.813462731680691,0.180478069949022,0.00605919837028626,1
"21651",0.541553114985678,0.235993960989602,0.222452924024721,1
"21653",1.7476321147537e-07,0.000105321087732524,0.999894504149056,3
"21655",0.998190915793824,1.62112088849448e-06,0.00180746308528708,1
"21657",0.929140383156808,0.0690086784010406,0.00185093844215131,1
"21659",0.00240361186459662,9.91159083483621e-12,0.997596388125492,3
"21661",0.969077198282869,0.028445609635234,0.00247719208189684,1
"21663",0.960786392885762,0.00108165364741583,0.0381319534668227,1
"21665",0.921219517629838,0.025632698408797,0.0531477839613651,1
"21667",7.45238857188459e-05,0.994203730822884,0.00572174529139673,2
"21670",0.000113626736142871,0.985570964212019,0.0143154090518383,2
"21672",0.337773614208232,0.646314807359077,0.0159115784326908,2
"21674",1.68486420723605e-13,0.983357576340784,0.0166424236590474,2
"21676",2.75640101813012e-07,0.975479258622826,0.0245204657370725,2
"21678",1.13772596448398e-14,4.20893396518296e-07,0.999999579106592,3
"21680",0.94209446590485,0.0446020984236409,0.0133034356715094,1
"21685",7.65462094069305e-05,0.984909405615658,0.0150140481749355,2
"21687",2.59859151051039e-06,0.0374211510472242,0.962576250361265,3
"21690",0.94286070979319,0.0510034607614059,0.0061358294454039,1
"21707",1.13378015042861e-12,0.978629597117167,0.021370402881699,2
"21710",1.7754070530577e-15,0.0153470091289467,0.984652990871052,3
"21713",1.14194869618564e-08,0.93457182418201,0.0654281643985028,2
"21718",5.14862619081174e-10,0.684112047366297,0.315887952118841,2
"21721",2.49265630767547e-13,1.20936567616254e-10,0.999999999878814,3
"21723",1.15848420118998e-17,0.887523468034003,0.112476531965997,2
"21726",9.21179387430804e-14,0.953387118067686,0.0466128819322217,2
"21729",0.00576199771956584,0.000272052083803007,0.993965950196631,3
"21733",0.993064437301947,3.36595545136137e-05,0.00690190314353968,1
"21735",1.75530264799109e-13,0.000154097262932482,0.999845902736892,3
"21739",5.14432307149867e-06,0.990421184791498,0.00957367088543089,2
"21741",6.16736168173206e-07,0.991930824327994,0.00806855893583778,2
"21744",1.05725334000618e-06,0.0594638941631924,0.940535048583468,3
"21746",7.39833201633553e-17,0.963066334930384,0.0369336650696163,2
"21748",3.08211424751262e-09,0.967588052040741,0.0324119448771448,2
"21750",0.958821526878056,0.0389502395372879,0.00222823358465567,1
"21752",7.08991663795113e-06,0.974939769139418,0.0250531409439441,2
"21755",0.00976292920451729,0.969997335896884,0.0202397348985987,2
"21757",0.00059467459621203,0.706251166106398,0.29315415929739,2
"21760",5.21322397771889e-11,4.34818591606383e-07,0.999999565129276,3
"21762",3.65033639091969e-20,0.00742397797078482,0.992576022029215,3
"21764",0.996942424572638,3.2637720322544e-08,0.00305754278964186,1
"21766",1.03885220711924e-15,0.965133654229209,0.0348663457707898,2
"21768",0.00723797700025799,0.966926954719698,0.0258350682800435,2
"21770",0.00265976367880402,0.959381267168342,0.0379589691528535,2
"21773",4.54203136616887e-22,0.880335441524091,0.119664558475909,2
"21775",0.0857696630067046,0.0678226851977539,0.846407651795542,3
"21777",0.980279991728712,0.017383961531698,0.00233604673958979,1
"21779",0.000284785251097517,0.962077270421767,0.0376379443271358,2
"21781",1.76425128625944e-05,0.915330687602446,0.0846516698846914,2
"21784",6.13246145935391e-12,0.97585619261192,0.0241438073819472,2
"21786",0.000171320481955406,0.860779990227767,0.139048689290277,2
"21789",0.00138206521645735,0.97510067962801,0.0235172551555329,2
"21791",2.52701416495779e-10,0.972365022435713,0.0276349773115856,2
"21794",6.5071546497633e-05,0.888287456825812,0.111647471627691,2
"21797",1.09502868504966e-08,0.0133984103356608,0.986601578714052,3
"21800",2.0607863221924e-20,0.00281170197199418,0.997188298028006,3
"21802",1.38615600715028e-07,0.901830049862644,0.0981698115217556,2
"21804",2.9521438590494e-16,1.85500690270093e-11,0.99999999998145,3
"21806",6.76855667955061e-12,7.07752651486204e-06,0.999992922466717,3
"21808",2.51105391369275e-07,5.41821598035354e-06,0.999994330678628,3
"21811",2.70362576744688e-12,0.0822557963582758,0.917744203639021,3
"21815",5.04541681949609e-10,0.940960348181472,0.0590396513139864,2
"21817",2.18729175151638e-15,5.5014100117485e-08,0.999999944985898,3
"21820",3.35123304973875e-10,0.260845833156526,0.739154166508351,3
"21822",0.257417636277595,0.622930479185353,0.119651884537052,2
"21824",0.894845616126536,0.0202336072807309,0.0849207765927335,1
"21826",9.22417946930575e-14,0.981321376363887,0.0186786236360205,2
"21828",0.000130027362610359,0.287102758624957,0.712767214012432,3
"21830",0.687558996381453,0.303621862601646,0.0088191410169007,1
"21833",0.0223291348390271,0.933577081881544,0.0440937832794291,2
"21835",0.0223291348390271,0.933577081881544,0.0440937832794291,2
"21838",2.79713421315459e-14,0.584632299663694,0.415367700336278,2
"21840",9.15413839563859e-17,0.901839063880953,0.0981609361190466,2
"21842",4.07205220913787e-17,0.00551809814962533,0.994481901850375,3
"21844",0.00657872763830788,0.315702829836533,0.677718442525159,3
"21847",1.91039319596468e-07,0.988195756940535,0.011804052020145,2
"21849",2.11653372979312e-05,0.570081221195833,0.429897613466869,2
"21852",1.5482546326605e-10,0.945257781842502,0.0547422180026731,2
"21854",0.999037005334688,3.77164368770899e-06,0.000959223021624007,1
"21857",6.38746526953736e-12,0.985261551472759,0.0147384485208533,2
"21859",0.554722765210527,0.435831222770176,0.00944601201929682,1
"21863",0.983366978710307,2.06826378344943e-08,0.0166330006070557,1
