"","V1","V2","V3","V4","V5","V6","V7","V8","V9","V10","best$classification"
"19812",4.85262848839397e-05,0.000123478559207184,0.0321921426280664,5.5755473106628e-08,3.03708019880019e-07,0.171073069943003,0.000338065852198459,0.0528829459151756,5.47283228947514e-05,0.743286683031078,10
"19814",4.68915407274184e-08,1.31267871383036e-06,0.000429847991338788,0.000199869874635452,4.15216044073974e-07,0.0100968575345891,2.25767810628126e-05,0.961636226799721,6.57709103532148e-07,0.0276121885232508,8
"19816",0.00245034446316748,6.62540635175647e-06,0.0057891920628441,7.92777607761616e-08,1.38061980465734e-07,0.773652892749932,0.214083765446499,0.000607771239768054,2.45117758435012e-09,0.00340918884051962,6
"19818",1.92044324246969e-06,4.42238521316668e-06,0.000159833177078682,0.000993790848349502,3.93946794385551e-06,0.521834099592707,0.000567596856400667,0.463587147444199,1.00284541646784e-06,0.0128462469394497,6
"19820",8.21328486985451e-05,0.000113065796822415,1.48337543041212e-05,6.49086266071039e-11,1.64129310834942e-12,0.00158838846449144,0.998201576903696,8.87006788164292e-10,8.25301154276335e-11,1.19590079256508e-09,7
"19822",0.00251467219950654,0.10596556052154,0.0088058402299875,7.96694585600461e-07,2.90307145536286e-10,0.00240294827863117,0.880305625061236,2.04006050101109e-07,4.31726092902063e-06,3.54572270715961e-08,7
"19824",0.0836512111845906,5.81151228864079e-05,3.30891307028868e-06,0.00121365600442775,3.11663261717651e-06,0.532227389632488,0.382631639464628,0.000200018317550137,1.35501936989058e-07,1.14092258047697e-05,6
"19826",0.00625934835152483,6.06018577975216e-07,0.0553859979361143,1.38651799249689e-06,6.27430455256824e-05,0.0276393311364785,0.000616482909145633,0.0352555558502756,4.60248303360356e-07,0.874778087986062,10
"19828",6.55427150641282e-06,0.00102043750729867,8.29738734896331e-05,2.53494998881315e-07,1.07503410631053e-09,0.364685963901476,0.63414546349536,5.18962937340148e-05,4.41077935932288e-08,6.41197930908791e-06,7
"19830",1.42764673102002e-05,7.65412834143293e-06,0.0858684079740182,1.00969507901135e-05,0.000118411287472481,0.00489611914827713,8.09742084585554e-07,0.137840536957432,0.00296977523240013,0.768273912111873,10
"19832",0.00015218835223498,0.771575011341607,0.0280309405579248,1.25300372760027e-07,4.43301174388105e-09,0.0966836549128372,0.0111287934378822,0.0182349803304798,0.0187605089193232,0.0554337924143263,2
"19834",4.35658538264997e-06,0.0066988589669584,0.745158977586241,1.7332794854838e-05,5.72501977479745e-09,0.175896120425102,0.0641232910979211,0.00770623156906769,4.20811507444226e-06,0.000390617134377959,3
"19836",0.0408740720786206,3.57427867419565e-06,0.000892068535982248,1.20531237490249e-08,6.73943520421985e-05,0.651894868595353,0.000738633854694733,0.000928871759527336,1.06898080443474e-05,0.304589814683938,6
"19838",1.99608496488114e-08,1.94805631777498e-06,0.000670113515079386,3.55608336147265e-05,1.32032484141616e-06,0.000445760219923377,2.21298512357392e-07,0.844742214581905,5.95775814224536e-05,0.154043263627534,8
"19840",0.0019243936247371,4.21016017929867e-06,0.793194239373269,3.22320483893857e-07,6.98619557082549e-06,0.130422032129142,0.0458880717790397,0.00201624505864652,2.73501634667573e-08,0.0265434720087676,3
"19842",0.000503134283297518,3.68880143674737e-10,0.000224207324836927,4.2130207900794e-07,0.286847774052812,1.06720236279871e-05,1.75076698518083e-08,0.00116848957084307,3.16931523385518e-06,0.71124211425072,10
"19844",3.64100393372769e-07,3.03449501428732e-10,2.6045456429838e-08,0.999913713387354,5.45663102616927e-05,1.88693437795913e-07,2.52694414908275e-07,3.08727734392e-05,3.09813749243223e-09,1.25936554390573e-08,4
"19846",1.63255564213094e-06,3.83006154532705e-10,2.99229929251802e-06,0.0128321349918163,0.0115658416532189,0.000144089511059542,1.05598604446445e-08,0.841653752606872,1.71687754675986e-06,0.133797828561686,8
"19848",1.80416342059061e-07,2.29444649512921e-09,7.22394704649274e-06,0.00334819982108926,0.000205299145543789,0.000147236433117885,1.70524064439505e-08,0.933366972130504,1.73953877911602e-06,0.0629231292207245,8
"19850",4.64525793127451e-07,3.48023379978503e-08,3.04796584648236e-05,0.0266003815530892,1.2177905909031e-05,0.000224792032741876,6.65994359554281e-07,0.965186820693653,5.87994878283695e-07,0.00794359483877368,8
"19852",1.4975302806642e-05,1.53992050120836e-05,0.000874006518652378,1.03078790914001e-05,2.52634570398851e-08,0.978474732117088,0.00537294606685576,0.0140678729784687,1.84248879389658e-07,0.00116955041968806,6
"19854",3.40194218194029e-08,1.1726871668077e-08,3.40010347366328e-05,0.000269783968220019,4.14680352566634e-05,0.000181575806065039,2.72869828992298e-08,0.871704898923732,3.43418604012398e-06,0.127764765012673,8
"19856",0.000121857649729596,6.78346229594704e-07,0.000287201712544781,0.94218294814101,6.29833045202089e-05,7.0135470628525e-05,3.46077548219598e-05,0.056986447303461,9.19082595064452e-07,0.000252221234459759,4
"19858",0.000358044859143707,1.17945775808591e-05,2.1010489203328e-05,0.992369466323972,1.06243286028834e-06,0.00225947020305813,0.00113617158444809,0.00383960081327304,1.0368087549548e-06,2.34190770560725e-06,4
"19860",7.28300436564691e-05,5.10389605264584e-05,0.166165967674841,2.93187120195371e-06,2.30867168023466e-07,0.652700185544256,0.0216405529327412,0.086862219170525,3.47240188266214e-07,0.0725036956948955,6
"19862",2.03005744276615e-06,2.99692359658939e-10,8.37043516611106e-06,0.000258415003734059,0.024118119732846,6.76378608413001e-05,3.89074845934438e-09,0.285955997749155,4.01157943603933e-06,0.689585413390938,10
"19864",0.0234579080717999,6.38672695990445e-10,2.72495584423945e-07,4.38092052686721e-07,0.976497041280857,1.57491437613467e-05,6.0366103449646e-07,7.27492655253555e-08,1.20359781492457e-06,2.67102691575808e-05,5
"19866",0.705390180562904,2.45365439900265e-06,0.0221058903647414,5.37839905624887e-08,1.91828214644125e-05,0.208686058136324,0.0627538527160017,1.19723355860604e-05,2.8750624305057e-08,0.00103032687396455,1
"19868",1.56864878668309e-09,0.0422631298242313,0.00239661545727701,9.98642373858405e-06,2.89803205896996e-08,1.66499017197295e-07,4.54454598800965e-07,1.58154425532935e-05,0.955312923086134,8.78263480791411e-07,9
"19870",3.11065134729462e-06,5.64800793886046e-08,3.61461366132937e-05,0.000292719464490872,0.00157010972396055,0.0263246882999432,1.34074254614481e-06,0.587897809582614,1.05103557025533e-05,0.383863508562703,8
"19873",0.000227069027964421,8.86752556580261e-07,0.000894895211453899,8.62176192978775e-05,0.000233604731556024,0.482856138670121,0.000530605055441114,0.232763035307643,8.04507002093945e-07,0.282406743116964,6
"19875",7.83747695769357e-05,0.00153694478903175,0.0310675733085753,3.19413213315895e-09,3.82938228141141e-10,0.109927591302481,0.856928709193137,0.000106660132548329,3.37970883491916e-08,0.000354109130490048,7
"19877",7.67288621051412e-06,1.31258331107452e-06,0.00461592698232199,0.00035429984578803,1.10213862980386e-05,0.206745794322451,2.62253848504263e-05,0.690524265456266,1.35707007014534e-05,0.0976999104518017,8
"19879",2.19362750678155e-05,3.42001045640996e-05,0.00258344881089721,0.000146982590240594,1.07498203103121e-06,0.961943203522023,0.000844204542856654,0.0316904351704212,1.18072250712115e-05,0.00272270677682757,6
"19881",0.0212926082874323,5.10272197946297e-07,0.00225568813079054,0.000144404562260462,0.000616119049450433,0.0439562321950802,0.000112154861131198,0.167489220596661,2.96907557702772e-06,0.764130092969419,10
"19883",0.0042727361392373,9.22185869954415e-09,0.000252894763634684,1.0185079184273e-06,0.00581180020386587,0.00535480972228133,8.75925713522921e-06,0.00925599544808532,2.18586360092288e-07,0.975041758149623,10
"19899",4.96623992755711e-05,5.73816507041615e-05,0.896619883270425,1.93284924193522e-07,1.41798783705601e-06,0.0926152076118787,0.00115625544144644,0.00124873888447505,4.02598160332477e-05,0.00821099965300095,3
"19908",0.0095366411664984,6.95146706099344e-05,0.987659601594363,0.000110241456363572,0.00121506308378707,0.000429351215201784,0.000572198094955171,1.25172349598823e-05,0.000353028192617859,4.18432906440252e-05,3
"19910",6.54890491351577e-05,1.64591603555201e-06,0.000103588512958849,3.5022402358939e-06,6.6680173879498e-07,0.981335933658175,0.000905444321764287,0.0110317527506443,2.47788684735947e-07,0.00655172896062781,6
"19912",0.000117585654398315,6.39619651264294e-10,0.00113325879018338,1.71238106393682e-05,0.154619134435761,1.72496688773129e-05,2.0769047641289e-08,0.0154042973303586,2.95062336848926e-06,0.828688378277746,10
"19914",0.000304565130784578,0.000491612061632729,0.305957677751805,0.000102780942375924,3.2958488560426e-07,0.59031257420627,0.00210034432823147,0.0840713619103152,0.000116667382150018,0.0165420867015486,6
"19916",0.998239672098236,6.85609034141731e-08,1.00200132314786e-06,1.29157954108648e-06,1.07199126514675e-05,0.00071778086295051,0.00102900864282375,6.37407520375874e-08,1.23388411884111e-08,3.80261977215919e-07,1
"19918",2.89098365140121e-05,2.58968658042557e-09,1.52621591973589e-05,0.0159626566075231,0.00165383376673785,0.00586133938021694,1.27025474537087e-06,0.895245601644307,1.96160814803758e-07,0.0812309276002566,8
"19920",9.39044683185657e-08,1.27678634664004e-09,4.26031170667078e-05,0.385436700439406,0.000109561000536877,8.38398846285103e-05,1.47278735463633e-07,0.612994087073491,8.15198310129931e-08,0.00133288450504946,8
"19922",1.22928947773405e-06,0.332960730101017,5.27546395556339e-05,8.07151324945467e-07,1.54146740930423e-07,0.0974345127012158,0.000438395292530551,0.0373647162195688,0.491375376249795,0.0403713242087737,9
"19924",5.49300150293373e-06,4.43114542885955e-07,0.00383156378852516,0.00487362976320889,4.89298828879133e-05,0.126830117073036,9.45355817447355e-05,0.830048865903312,1.40790524456187e-06,0.0342650139859948,8
"19926",0.0265741467072743,0.000700589780544397,0.431812329721651,9.89790488758375e-09,4.52153860536528e-06,0.420164818990173,0.00356969267352637,0.000535556661452268,0.000893280783394824,0.115745053245474,3
"19928",0.00608938587567898,5.88378652826277e-12,1.89271484476553e-08,2.15286843295062e-07,0.993901181500416,8.1873727347401e-09,4.6885628575068e-10,1.23866313011489e-08,7.56009789038205e-07,8.42135138008598e-06,5
"19930",1.43178517986378e-06,7.21044222596313e-07,0.000112656560184345,1.13129754930029e-05,9.34185561464754e-06,0.0401007871888391,6.00475817136349e-06,0.529859746269979,8.54075771595515e-06,0.4298894568046,8
"19932",2.81046199886437e-08,8.75652439135381e-08,5.58809029862372e-05,8.91700125170646e-05,5.70741489173405e-06,0.000485471590161814,8.81745221845356e-08,0.875309472729322,8.05953208287605e-06,0.124046033973652,8
"19934",0.000119080394075991,0.00991258001367818,0.0429785622383611,2.72054516894406e-05,3.07670852969667e-09,0.393424129762539,0.537538343195568,0.0151579588727054,1.00091476690452e-06,0.000841136079907024,7
"19936",4.94610777764667e-06,8.68063364026643e-05,0.0996301724347602,1.85102937847157e-05,9.83207470585077e-07,0.102571183049513,0.00034646233197215,0.546267249652536,0.000118664428742215,0.250955022157041,8
"19938",0.0106026143139372,0.00391051744645873,0.158018824458735,2.40785220608761e-05,1.90098195094984e-08,0.0879017066716345,0.739498665658286,3.60503705283681e-05,2.18281284260651e-06,5.34073569711667e-06,7
"19940",0.00223868516763311,1.87057762084809e-07,4.52272265745136e-05,1.26007560179466e-05,0.000504762467725814,0.840159565053477,0.000275056814316405,0.0241222765022724,7.10304262168735e-07,0.132640928649958,6
"19942",0.156796535059736,3.87298198265901e-11,1.42145792741965e-05,1.53857049173135e-07,0.842438584045808,5.57895238830886e-07,6.71118100566643e-08,3.88345452068916e-07,1.28929373708394e-07,0.000749370137527754,5
"19944",0.00726424881705905,4.20920835385886e-06,0.00182619148948174,5.35667936129451e-07,6.17618641446187e-07,0.970023123889365,0.00612831314782143,0.00261675034248312,2.28320474539977e-07,0.0121357814983834,6
"19946",0.000160595488988181,5.01124769332943e-06,0.00236404317465237,0.00268436503267854,2.84069540932481e-06,0.644142086482105,0.00107685112949146,0.338015792104365,1.62676110819838e-06,0.0115467878835087,6
"19948",0.00752074872932384,3.28084293555864e-12,3.14129342427205e-08,1.53834648424258e-07,0.99190099011217,7.75114291032497e-07,1.105062585875e-08,6.91294052713932e-07,1.73105585744299e-08,0.000576581138114236,5
"19950",7.46686568924433e-10,9.22481524696357e-10,2.57898211569899e-07,0.980892979042088,5.78352706956041e-06,7.5169349742391e-07,3.82494467680553e-09,0.0190971190422444,1.4240046535297e-07,2.96090231104999e-06,4
"19952",0.00752074872932384,3.28084293555864e-12,3.14129342427205e-08,1.53834648424258e-07,0.99190099011217,7.75114291032497e-07,1.105062585875e-08,6.91294052713932e-07,1.73105585744299e-08,0.000576581138114236,5
"19954",2.52383913934672e-07,7.80040354617007e-08,4.85407808980531e-05,5.30883705407765e-05,2.32616343477274e-05,0.00631349087149252,6.07057824094779e-07,0.738491158260588,4.16684184462911e-06,0.255065355794515,8
"19956",1.86584497869865e-05,3.36276088269958e-07,0.152881804309736,0.428023353991589,0.025473506003189,1.01332604150811e-05,7.72068405299773e-08,0.362057281302116,0.00247253809555438,0.0290623111046842,4
"19958",1.42119148060603e-08,0.0135026104012057,3.35451419963336e-08,1.79631511854062e-05,1.50512711865747e-08,2.12832239096237e-05,3.51377528461775e-07,0.000157816677872602,0.986295954442015,3.95791795513612e-06,9
"19962",0.00769147647706106,0.000596105411892262,0.0101906691106822,0.0916369944753074,5.27316435006526e-06,0.0900072969987111,0.011904427735968,0.774385850624249,7.15932659015291e-05,0.0135103127358779,8
"19964",0.00272703072692356,5.26635205410103e-07,3.16348144197048e-05,0.00120457427919213,0.00222146896949124,0.767582319850342,0.000275090322963816,0.132387411060642,1.07560179600203e-05,0.0935591873228598,6
"19966",0.872248057841043,9.91322286387902e-06,0.00386259678162601,4.99673891594104e-10,3.69260590778474e-07,0.011343810339414,0.112509819558347,7.90614706205025e-08,1.82877910555332e-08,2.53351471794561e-05,1
"19969",5.49757035061482e-05,2.75243248832937e-08,0.00155322184659669,2.14998052293886e-06,0.000439074160655497,0.00159987089995057,1.67528698452298e-06,0.0523783530366453,7.36696592186921e-07,0.943969914864221,10
"19972",0.000151437150554366,1.19771936732914e-08,3.2017177057288e-05,0.0118953388531901,0.466645300182943,0.0433519707184245,1.95822236635962e-06,0.271680551634241,2.52894943485794e-05,0.206216124589681,5
"19974",1.84746835672933e-06,9.92926545503748e-12,5.35423929957862e-07,0.216378534231895,0.686249757139241,6.01642225480819e-06,8.59376563132856e-10,0.0892325539498514,6.87415572148051e-07,0.00813006707959256,5
"19976",1.520458628191e-05,5.46548862366857e-07,0.00145566003384414,0.00823428950171679,5.31645135503266e-05,0.335993235824362,0.000111663596399666,0.635028175091214,2.2990080336062e-06,0.0191057612957355,8
"19978",0.000659294402645184,3.65120838532226e-07,8.79045486992841e-05,9.79142409714454e-06,4.43227650106873e-06,0.97930185884295,0.00883759926732604,0.0064835345591868,1.27085927124068e-08,0.00461520684916316,6
"19980",8.71973957581051e-09,3.27163608298888e-09,6.14617708701246e-06,0.0141479862606789,5.07038424414906e-05,4.83943270104008e-05,9.94830869203823e-09,0.975762699208979,1.54694190706116e-06,0.00998250130221249,8
"19982",2.98652826836289e-08,4.50731769539363e-07,0.000703252665082703,0.323650425620383,2.99431158635382e-05,0.00018736200998151,3.14275612805101e-06,0.674391822455757,7.52119543178926e-06,0.00102604958431997,8
"19984",1.58368630117263e-07,8.01945397064991e-10,3.16797680682288e-07,0.99851970392113,5.25554787119299e-06,1.79308563434669e-06,1.52856826024991e-07,0.00147221914177832,6.11715735429782e-09,3.9336134671456e-07,4
"19986",0.00339357069106381,0.00095630986983539,0.00288627193218432,2.68837420374243e-10,3.60382304744574e-11,0.0251362225140916,0.967627543506943,1.13197062344192e-08,1.06442081581862e-08,5.92170912031388e-08,7
"19988",4.87828052451893e-05,0.00102174238648842,0.000105855955248885,6.26520644300747e-11,4.83094575758879e-13,0.00151698018658402,0.997306636875255,3.70590264854392e-10,1.03438380631347e-09,3.23069665823003e-10,7
"19992",2.07579181130969e-05,0.00097990617673571,0.00409328278250823,1.09947863490145e-08,8.11957379689392e-13,0.00147476750495878,0.993431223468081,4.68492770369591e-08,8.71784329627947e-10,3.43294360448734e-09,7
"19994",1.2040468750987e-06,2.84278517900331e-06,0.000548572132201234,1.91666943118781e-06,3.28550078637816e-06,0.0547047453811333,7.55952933080103e-06,0.34033103599232,3.22280812632539e-05,0.60436660988148,10
"19996",4.70029423505498e-06,0.000181079038193079,0.000124963218395634,6.15716883653723e-09,2.55449956425992e-12,0.0128846396995792,0.986804465026219,1.34758636154326e-07,1.69616327594877e-10,1.1635401945774e-08,7
"19998",0.787674953783663,1.72174302041314e-06,0.148425209879653,0.000705897339341748,0.0036133792979468,0.00208668258797216,0.000518928808141843,0.00752444678815394,4.13177467569799e-06,0.0494446479974304,1
"20000",2.22865994741083e-05,0.000135946736889788,0.165236969602883,2.3904705843386e-05,0.000166883883715519,8.5089118360546e-05,2.66459685058398e-07,0.0893135731420802,0.114531562974266,0.630483516776802,10
"20003",6.10228790101522e-05,7.79094161148207e-06,0.00248462855775691,1.91364640796096e-08,1.98781639986598e-06,0.0328972909027921,2.54669446270154e-05,0.0193318488521781,2.74587106049648e-05,0.945162485258555,10
"20005",3.86735908412345e-07,4.44520106801824e-10,9.88536606405209e-06,0.00376651465518717,0.00627387033489842,0.000201684387280592,7.54467964216544e-09,0.820170735268927,2.55752075453134e-06,0.16957435774178,8
"20007",8.72612668705039e-06,0.000339115515668168,0.159879250612183,4.63250861184735e-05,1.76359279423565e-07,0.80191358792859,0.0138381477697944,0.0221844511880137,5.63580065535572e-06,0.00178458361300995,6
"20009",0.66574892819396,0.000408188109135949,0.000260480384166667,0.000100636830986244,3.71293868283023e-07,0.0584232198820211,0.27501967029892,2.92575701538581e-05,8.51811513984392e-07,8.39562527336575e-06,1
"20011",0.000183062084446288,1.76899696791906e-07,0.000575309803543427,0.00174380239612799,0.0360876344056891,0.318672796386696,3.63029537200196e-05,0.308301084886874,1.68466859937676e-05,0.334382983497213,10
"20013",7.38366306804213e-08,1.80151662963823e-07,0.00548066107721637,0.00963183449640712,2.82861239485115e-06,0.00156403910743568,1.92238884261506e-06,0.976231043607746,1.18313269635913e-06,0.00708623358896748,8
"20016",0.00179308425045677,0.0133402706317051,0.0028832332025938,3.92480634278273e-06,1.11792190886335e-09,0.0620408381087523,0.919936852812439,6.98601875742716e-07,1.05077209022669e-06,4.56958221314398e-08,7
"20018",9.34019714630161e-06,0.995778460612475,1.17562689757275e-06,5.08705179960853e-11,3.56173699878196e-13,1.35830234260051e-06,0.0040517682537036,1.6658700869966e-11,0.000157896918184431,2.13651408875815e-11,2
"20021",0.000685611972477176,0.000659154877739785,0.000229787791730925,2.41273997404155e-09,3.5037971284139e-09,0.845048663375489,0.151729748204131,0.000148052745737374,2.75925812313927e-07,0.00149869919034478,6
"20023",0.00257598701631853,0.000558225488676635,0.0332941542296603,8.68179099013847e-06,1.61954518876495e-08,0.903079670935082,0.0537579784345466,0.00526109188339755,3.64312922285541e-06,0.00146055089665369,6
"20025",0.000101090882122726,0.692588332598501,0.000134053918428991,3.54462037055002e-09,2.68210713613843e-10,0.00653978410911407,0.30034710655093,1.11301189886582e-07,0.000289332047317655,1.84779565362266e-07,2
"20027",7.07446159046094e-05,2.40099761449178e-09,0.00133552171301994,1.01367856464118e-07,0.00891330337738747,0.000212689366188411,8.09605243162007e-08,0.00334467890559547,4.19531316476186e-06,0.986118681979361,10
"20029",8.28050156612813e-06,6.01143110049704e-10,0.000292669231755424,0.00124264359786733,0.0138320070194709,0.000240769613148051,1.17678247427387e-07,0.493277353708929,2.19565892521493e-07,0.49110593848198,8
"20032",7.80638450100921e-06,2.69581953085178e-08,6.6923969449818e-05,1.16895623869513e-07,0.000135260332357217,0.000630687749105563,1.10733336963983e-07,0.0195769721899517,8.56215417781057e-06,0.979573532633301,10
"20034",0.0710070532339643,1.19910668174316e-10,3.6144141398703e-07,6.61716341837637e-08,0.916126024602887,3.84417145988077e-05,1.31767677299433e-07,5.3335389444112e-06,5.4901165214537e-07,0.0128220383973173,5
"20036",0.00011513547455989,3.57328054914172e-06,0.974632083018657,0.00436338199604629,7.11928477292365e-06,8.77530189691336e-05,0.00014420561073066,0.0193662104252202,1.49979394265801e-06,0.00127903809655285,3
"20038",8.49666698793656e-05,0.0275621529093443,0.214107747233977,8.20453105953111e-11,3.92803656133783e-11,0.0832620655982552,0.674953434803136,2.02714575879308e-06,7.98145124641662e-07,2.68073731995441e-05,7
"20040",0.559074367718868,0.00979388083608179,9.85807920867206e-06,1.21024697799062e-06,7.96296252953189e-08,0.0355221065359163,0.395569663222905,4.3616919329204e-08,2.8740816627513e-05,4.92968705605901e-08,1
"20043",1.01442272809285e-05,0.00391230950313089,0.00525077639734156,2.2756235717606e-08,5.84970762372606e-11,0.0395441905974187,0.951095911156873,0.000134702976419089,2.07772997786567e-08,5.19215495037964e-05,7
"20045",1.05039264673689e-05,0.019261169522273,1.13738974318732e-05,7.1284645560008e-09,8.80736423380673e-14,0.00142869008436024,0.979288234110512,2.75876776418986e-09,1.84991266592149e-08,7.25083512034230e-11,7
"20048",4.65840568444735e-10,2.22272590414869e-10,1.77875090886264e-08,0.999803239799165,1.9571262887467e-06,2.58283930298781e-08,1.4096136311173e-09,0.000194722575068623,2.25045859403185e-08,1.22812632131672e-08,4
"20051",4.28330828563219e-06,0.0204454578285575,0.068930164815532,0.00192621577193291,9.88543810268466e-09,0.0579334325673172,0.0579726963017152,0.788202057316806,2.14584458007485e-05,0.0045642237586146,8
"20053",0.00857998557730156,2.2161812094954e-05,0.000547399950741915,2.05498262103371e-05,1.25565240946847e-07,0.940226856925253,0.0499359699283581,0.000547127322073384,8.75054387649856e-08,0.00011973558728661,6
"20055",2.69594516620756e-05,0.0267506085945254,0.900987736567611,2.30356848657613e-10,1.09943266172137e-08,0.0414855744022428,0.0261430068724314,6.1233026135951e-05,0.000130809012487577,0.00441406084822009,3
"20057",9.75973701441129e-10,4.87796937236175e-05,3.20135099435355e-09,1.9222149865385e-06,7.00081958222435e-08,5.65946118748951e-10,3.5614001513506e-11,1.46843085142428e-07,0.999949059728002,1.67331222761697e-08,9
"20059",0.0309314957950547,0.000379726231478991,0.000287250550220028,1.10415882509018e-06,1.83736244854479e-07,0.938895142582674,0.0291153769691824,0.000125252396939406,2.93101147714561e-05,0.000235157464609236,6
"20061",0.00109181851655442,2.24443497605396e-05,0.00117855959859768,3.04397831748844e-06,3.93512080247858e-07,0.984587190368811,0.0106420910422048,0.0013882711915919,1.01078060015707e-06,0.0010851766614816,6
"20063",0.00253875588597111,6.55241799836866e-06,2.30680532322156e-05,0.995611983759683,3.07759929789125e-05,3.60600597127723e-06,0.00178017375942855,4.46262379500184e-06,6.13368503449356e-07,8.13243783663765e-09,4
"20065",3.68157865384851e-07,0.984974165188565,4.60929956958895e-05,2.41951432618327e-13,1.56207303124164e-14,0.000202004304721443,0.0147437632374892,1.78178542856275e-09,3.35901149987828e-05,1.42186208104227e-08,2
"20067",8.28522982412145e-06,0.0567406833304391,0.00099454706714206,0.000107622196790585,8.50871967452041e-12,0.0558660621589745,0.886172061391548,0.000109973497922786,6.53586560014371e-07,1.11532290581435e-07,7
"20069",4.19361431716115e-09,7.53642418245524e-09,1.09640350013777e-05,0.0435951122075388,1.85616284179293e-05,4.43356593851004e-05,2.21540733793554e-08,0.953297970418061,1.44813736930295e-06,0.00303157403011489,8
"20071",0.000800523249459567,1.75037239304291e-06,0.995937700154433,2.42298297189905e-06,2.38375111760078e-05,0.00236802133301704,0.000106377213798385,0.000105268100422984,4.11033882527471e-06,0.000649988743502624,3
"20073",6.74149832471626e-05,2.62460282631798e-08,1.40826103163726e-06,0.612189110512443,0.000474282619062606,0.00429754430278993,1.01964468802499e-05,0.380619109703089,3.66313179403864e-07,0.00234054061224903,4
"20075",1.01467019072373e-09,0.083492534530644,0.000423809234845992,3.55666877451896e-08,4.85192919004145e-10,2.46884675871426e-07,1.40013905293949e-07,1.04396706783889e-05,0.916068285881518,4.50671718157657e-06,9
"20077",0.000227964898543659,2.86018934854686e-05,0.723912916888128,6.7783918465765e-05,2.61072369394004e-08,0.075508442813531,0.199023366548945,0.00117558672124068,9.06015080799827e-09,5.53011502730574e-05,3
"20079",0.000146996627462789,0.000871227159386172,0.00718717868045328,0.740227511252258,2.39482150195095e-06,0.00308744705280557,0.0727469755064079,0.175455573006401,1.30323307983566e-06,0.000273392660243412,4
"20081",2.41463605920959e-07,0.372224750162696,0.0383988056101239,4.00867035231623e-07,6.06434917696661e-11,0.336081975813778,0.252551887310632,0.00061203194942476,0.000103418675505202,2.64880865559274e-05,2
"20083",0.0015430140756906,1.34983776695931e-05,0.106975926220638,0.88456229331437,0.000235925838388083,2.92831135102121e-05,0.000194552093301655,0.00634180249191523,1.86525294228494e-05,8.50519450938728e-05,4
"20085",3.15156858762325e-05,0.00922978466998036,0.000187338833932538,9.23298194150366e-12,5.33843610645206e-14,0.000785840478656887,0.98976551580544,5.8186643475617e-10,2.94574282644729e-09,9.8921801986866e-10,7
"20088",0.000116287193755357,0.00681629736552049,0.0026788933638608,8.13705244080084e-09,4.35871487491933e-12,0.0608053643139697,0.929565379469086,1.28617588763545e-05,3.14671151787476e-08,4.87692640526793e-06,7
"20091",6.36851937103041e-09,0.943222423542926,0.000161113560631532,3.86465488550168e-07,7.14239132118808e-12,0.00108380473732352,0.000125525440514251,1.11215560058368e-05,0.0553954758146057,1.42506842733358e-07,2
"20095",0.00141951340119039,5.5651386749722e-06,0.000254384292610513,0.729654887814636,0.0909951759461356,0.170524192249373,0.0025353216015306,0.0043912832675453,9.38570922076012e-05,0.000125819196096315,4
"20097",9.87715285308827e-06,0.0369124622114179,0.000815886054197314,1.31464502514415e-11,2.37062937249649e-14,0.000731846643026633,0.961529908008103,1.43914838002479e-09,1.7019468059243e-08,1.45861550622838e-09,7
"20099",0.400244900977516,3.96227679523214e-07,2.86326859914789e-05,0.00118433362111173,0.0162221852438533,0.366437016274051,0.215648632093124,0.000108154959350119,1.16090397925028e-08,0.000125736308283697,1
"20102",6.68937655893779e-08,0.00315717134521119,3.71323438302933e-05,0.987044227589881,5.94502732177332e-08,0.000247867507785194,2.6386750749254e-05,0.00395233366060703,0.00553447474669792,2.7971119921491e-07,4
"20105",5.27731170403574e-06,0.00104795804489716,0.00049892124825438,0.000105225024462191,3.75297025771778e-09,0.137434228959413,0.858950574987703,0.00194368375926004,2.00589618583752e-08,1.41068523737683e-05,7
"20107",0.000145574151612432,0.000216243723471243,0.0616236749155162,4.4635366696943e-08,1.24499019500846e-09,0.347303548363885,0.590692972538972,1.04883449653771e-05,1.49933567648957e-08,7.43708786409146e-06,7
"20109",0.0076316087810936,5.19099784275589e-06,4.45486549727649e-06,0.155408453080019,0.000129624843454122,0.692831505849108,0.123330521062127,0.020462966276778,7.14279375486712e-08,0.000195602816142557,6
"20111",9.98042580196127e-10,0.000733917532767485,1.51637079634246e-06,5.71751556212374e-05,1.56100842812561e-06,3.72254014635053e-05,2.93198377368055e-08,0.0174221662996406,0.980577730424226,0.00116867748917684,9
"20113",0.0262024064925862,1.13652474004984e-05,0.780237434637582,1.73381188493408e-08,1.74247639822563e-05,0.144004334625086,0.0469704057892766,2.22030172995067e-05,3.59018841122487e-07,0.00253404906982702,3
"20115",1.15027783602707e-05,2.2444123515933e-06,6.69638493828031e-06,1.7561754971564e-05,0.00117158255164965,0.00324307508151238,1.55732843077058e-07,0.14862207243497,0.00832304944537307,0.83860205942303,10
"20117",0.175007731859785,0.0480412906301001,0.00699395075998635,3.50040335204267e-07,0.00653286520756903,0.0266611861230801,0.0107719440775494,3.43850573008406e-06,0.72506948243132,0.000917760364544528,9
"20119",0.947005246237043,1.70755655545293e-06,0.00197330139386188,8.07860178387386e-11,8.01512214047871e-07,0.00320353085938498,0.0477904116955652,2.21671366185681e-08,2.54976806213090e-09,2.49759476841642e-05,1
"20121",0.00190953136302845,0.00101699541826807,0.0385439803394217,1.17974458437204e-09,6.43808697548297e-11,0.0859282479565798,0.872599197406957,4.42763651283206e-07,2.75538381490719e-08,1.57595413005801e-06,7
"20123",4.50520768319467e-07,0.987841290628665,0.000405563548114249,3.13801703931472e-10,2.98343499552643e-13,2.03381916209984e-05,9.17465543515756e-05,2.20202765107325e-07,0.0116401998836696,1.90155945573367e-07,2
"20125",3.00912367776295e-08,9.01852819533856e-08,0.000267128076490935,0.00642340443625191,1.63748029560639e-06,0.00051092551625132,2.12524127686687e-07,0.986334838823672,4.08519744709056e-06,0.00645764766894478,8
"20127",1.03947488809962e-05,0.000344970327052277,8.22087957857212e-06,6.33032256604916e-08,9.21712252944872e-12,0.00109814232006561,0.998538118858705,8.56562469116663e-08,5.00861068153331e-10,3.39616688132657e-09,7
"20140",1.82269348166645e-05,0.00115408405388986,0.994807712758271,6.66812225764571e-10,3.44417662624877e-08,0.00215424569588956,0.000452944342582645,1.74459726765526e-05,0.00043239383231865,0.000962911300976381,3
"20142",2.12032150996296e-09,2.25654281134947e-09,3.4899586341541e-06,0.943792931993701,7.40856589598775e-06,1.72722486194062e-06,6.60301149888712e-09,0.0561796876928112,5.27483444233577e-07,1.42161007756329e-05,4
"20144",6.13362555648572e-07,6.56126230103386e-05,0.0188662647045726,0.000956604283192919,6.23140633197229e-06,0.000611294285081658,2.49084651814602e-07,0.824902186955031,0.0716128807313803,0.0829780625641913,8
"20146",2.66834975481959e-06,5.87702955628869e-05,0.298976502735336,0.119560589232097,5.01317108863406e-06,0.00118265042992569,8.9378114597487e-05,0.577521670135754,0.000126916805924694,0.00247584072995888,8
"20148",6.3080527810392e-06,2.00285894167398e-05,0.0559421406854181,1.89738578299699e-05,5.44484889456042e-07,0.0243960281582644,0.000293061067736878,0.655106807039881,4.01778875559222e-06,0.264212090275027,8
"20150",2.5512217859765e-07,1.643798076173e-10,2.63911790919826e-06,0.0741472813370505,0.0233767101882224,2.49892055950291e-05,2.75860294211103e-09,0.857288206471359,1.77082680706507e-06,0.045158144807896,8
"20152",0.000297436995921625,3.9143148634851e-05,0.0508595505055677,1.41437683270205e-05,9.19733230996849e-07,0.122340233647209,0.00147171205271389,0.396029410245367,6.82439563090026e-06,0.428940625507397,10
"20154",1.8092343545935e-08,0.994702071639292,2.8621047741191e-05,2.6642130521287e-07,2.51712020493218e-14,1.66324359244424e-05,0.00521697778955011,3.36249910602241e-07,3.50755841470989e-05,7.39760089669254e-10,2
"20156",0.00011436452430407,0.0006184495839652,0.410162674122571,0.0146673210925723,3.16748387454879e-06,0.540237110204154,0.0154158569086564,0.018415181833151,0.000173492759055195,0.00019238148769626,6
"20159",5.20011616745634e-09,1.49013582144141e-08,3.43617572432531e-05,0.0694353603938051,8.2885848087904e-06,3.80964631666161e-05,2.38572519376981e-08,0.928595727347228,2.89170107143117e-06,0.00188522979395095,8
"20161",5.1805390976985e-05,3.94177053071704e-07,0.000656820214335491,0.985815638344919,1.38296956295026e-05,3.96818581754852e-05,7.27060165709393e-06,0.0133864166141629,3.2402393829775e-06,2.49028637071485e-05,4
"20163",0.000132138015278669,0.000166275912747389,0.000429782962531834,5.29269545750605e-08,4.74555859640869e-06,0.0493874695259274,0.00101322348658414,0.0265922996110493,6.53561115689047e-05,0.922208655888761,10
"20165",4.36206369400019e-07,1.8627833264356e-06,1.2150447832035e-06,0.996346995055942,3.60427566468285e-07,0.000482078041733541,0.0010642516632409,0.00210260909800716,2.1018115178084e-08,1.70660915833201e-07,4
"20167",2.86799462415718e-07,3.58884138449454e-07,0.000221488904634864,0.000548616322843703,1.52698968467361e-06,0.0154233473488257,4.22611345711695e-05,0.955643494287307,1.23369561569337e-07,0.0281184959589709,8
"20169",5.43719418347683e-10,3.2194290513477e-10,1.07961976960635e-07,0.998724951615689,2.37883875600546e-06,7.67600639109883e-08,1.54207262217226e-09,0.0012723205888067,5.15809164651392e-08,1.10246055654553e-07,4
"20171",7.28534755644134e-09,0.996704830725091,3.91514144489015e-05,1.14815894639197e-06,6.10189623685193e-14,3.39166330908692e-06,0.00313976332375627,3.31499548160859e-08,0.000111674252535765,2.65496567598102e-11,2
"20173",0.975854926561518,2.98607805484608e-08,3.42033771019202e-07,0.017370684516239,0.00596241919222266,0.000153356621449966,0.000642468573135725,1.24163344070347e-05,4.13587043426571e-08,3.31494777161115e-06,1
"20175",1.43463465875261e-06,3.12040798772483e-07,0.00206822039469398,0.00112438792816668,0.000173488323232537,0.0772303282427773,7.98134765822005e-06,0.81818948932406,1.96463972579663e-05,0.101184711366695,8
"20177",0.925297788543421,1.3982213184919e-07,6.71162899953677e-05,5.93295128545224e-06,0.00326012045435745,0.047250323122405,0.0237617118381086,1.49542002041918e-05,4.00986395361136e-08,0.000341872679451555,1
"20180",0.0087325449983814,0.00967841820018742,0.0024014576314395,1.48667017154558e-12,2.1344074755216e-10,0.0669093399547447,0.912265172234468,3.60094403906418e-08,5.9306274214488e-07,1.24376936689618e-05,7
"20182",1.13935689420374e-07,6.39549281447266e-09,8.01489693817392e-09,0.908559128905502,0.0864655959676461,9.42971844459085e-09,5.87728406500789e-11,0.000238580338219359,0.00473378569015217,2.77126391040994e-06,4
"20184",1.31229645746494e-07,2.40233726778196e-08,0.000134175929298751,0.730038987153304,9.3516786083852e-06,0.000245014380339088,9.62109772339677e-07,0.269394351284064,3.16074440673285e-07,0.000176686137154354,4
"20187",0.876947487419958,2.83484337278461e-09,0.00200053086325813,0.000403078600555212,0.118037810205102,0.00170089939365479,0.00012089683872315,7.33470156356194e-05,1.45619536616475e-07,0.000715801208733908,1
"20189",0.154640334445388,1.02747826288311e-06,8.64328606415096e-05,1.75020262082181e-07,2.4897246652639e-05,0.785187978782255,0.0418782582568801,0.000479286454728269,1.48446462347452e-08,0.0177015946102832,6
"20192",0.874543262290721,0.0271756637379999,1.33587491730327e-05,7.72441163762418e-08,6.93516211858999e-06,0.0362172952565686,0.0574723849828222,1.08756977449883e-05,0.00382540431018216,0.000734742568553051,1
"20194",0.000882745928833706,7.04336840868244e-09,0.12924762514587,0.490525089150809,0.312198414042012,1.31774989681398e-05,1.84945047342657e-06,0.0554558560235104,1.98665916718364e-06,0.0116732490569873,4
"20196",3.97269538356633e-06,0.638251456938008,0.000473711202968315,4.59023059316768e-09,8.45355439364766e-12,0.00547242829313186,0.35579080817693,6.82224132369504e-07,6.68163552831246e-06,2.54235233251009e-07,2
"20198",0.00273606192285964,0.00100709670574495,0.184901619044295,9.19177360321146e-05,2.89542038284948e-06,0.581485976262952,0.0176555420325319,0.131375841521494,0.000427777271668819,0.0803152720820388,6
"20204",1.64644547686998e-08,2.84822475678618e-08,3.01070757608916e-06,0.0439396096755646,1.25512976477664e-05,7.76547870933971e-05,2.46366300673635e-08,0.952442522675031,7.11352445984325e-06,0.00351746774929483,8
"20207",1.45537615097682e-06,0.284717009323159,0.00988405722692734,6.28690455322805e-06,2.23204172938509e-12,0.00978877867614938,0.695572672492885,2.60837055442863e-05,3.57386897753084e-06,8.24234218726542e-08,7
"20209",2.26076028087419e-05,7.47902363277457e-05,0.00172133765169657,7.53520694502879e-09,0.000210788872690516,0.000399679595703701,1.87921946076459e-07,0.00131468083211451,0.344327147853636,0.651928771897869,10
"20211",2.95455224906739e-10,0.99694898449834,0.000756240090961751,2.36788713630337e-09,2.62152344403318e-14,1.85500261275657e-05,6.40864173845252e-05,1.55364379031709e-06,0.00221053704012264,4.56199045156286e-08,2
"20215",4.36059605722604e-05,0.000224046886054402,0.865292228520113,9.17012906504908e-07,2.67331000230741e-09,0.0039338556094364,0.130191750311633,0.000246451743914267,1.5791951367042e-08,6.71254901090429e-05,3
"20218",2.01013328187968e-09,4.19296006690975e-09,1.90547196748864e-06,0.756741140633417,1.36137973445353e-05,7.80865698087787e-06,1.28674433342572e-08,0.243144162068199,6.85455279606803e-07,9.06648462748262e-05,4
"20222",3.91054858814972e-07,0.201061054544624,0.0188607909556946,6.54990384508386e-06,8.34781915131226e-11,0.0109077986984674,0.767715892212023,0.00142595219874106,4.10852671338079e-06,1.7461821554468e-05,7
"20225",8.39155626794492e-07,4.66687826391802e-06,0.0361063017697753,0.00336383201329908,9.96487119659127e-05,0.000118262897685764,1.59152034857953e-06,0.865905635205552,0.000721561277630182,0.0936776605698526,8
"20229",2.80620012455694e-06,2.62031210936608e-05,0.999402982843909,5.22182155123045e-07,6.22608884286681e-08,1.64439454105001e-05,5.295531396868e-06,0.000206060659954319,3.24317578753256e-05,0.000307191497191788,3
"20232",7.49767781847497e-06,0.0018669587702579,0.472083098907353,3.14441986794019e-07,7.35040421978007e-08,0.505969732056196,0.018116178739334,0.000930860717121107,4.93866027577462e-05,0.000975898583133199,6
"20234",0.000616612334739931,0.195434621178169,2.33348293978782e-06,1.53374235096334e-11,4.45034986934255e-11,0.00101246615903213,0.802924946010596,1.61624399940827e-10,9.0178374582408e-06,2.77559914832752e-09,7
"20238",9.53143887019301e-05,0.00224608199171146,0.00650221166406872,2.02220075611593e-06,1.66674975502767e-09,0.424144579481446,0.566985292817051,2.24610798352717e-05,5.02851916502256e-07,1.53185776361781e-06,7
"20253",0.000279433496577011,0.000406310060691402,0.416719552570758,7.23584912298432e-08,1.75354587282182e-10,0.00125320047645338,0.581339595164195,1.27781308203863e-06,3.63258875198967e-09,5.5425180870451e-07,7
"20255",1.82175060367584e-08,2.29023017251425e-05,0.00318988387199848,1.36493146526831e-05,3.92880833928429e-07,0.00485125413567898,1.67413742323749e-06,0.834537270372802,0.000259110292537792,0.157123844474842,8
"20258",0.00030515333321662,0.000160951434926499,1.52616266531693e-05,1.38896324934672e-09,3.95321719909412e-10,0.11831705642543,0.881196580379458,1.30309715691588e-06,3.61070911989136e-09,3.68830816555695e-06,7
"20269",0.000141923653019593,3.68456064667503e-05,5.41842188620405e-06,0.00881980871676478,1.45458195434267e-06,0.849140404758813,0.125321020015757,0.0164372503224832,1.15025441075648e-07,9.57588974143627e-05,6
"20271",0.379879198233563,6.14524681182103e-06,3.27211755494623e-05,5.22062779593327e-09,2.05200581424007e-05,0.128712522360163,0.49119951382479,8.52285323499332e-07,2.1057803668276e-08,0.00014850053722523,7
"20285",0.69456426929,2.16869239736023e-07,0.0121001067693096,0.00029928334504411,0.166429224135958,0.00192264850606314,0.000254173637520123,0.00385371988654866,7.93413485381699e-06,0.120568423425462,1
"20288",4.58628055303823e-06,0.000383140007559808,0.828763589298081,3.54951490036184e-06,2.12655479911404e-08,0.082389192439613,0.0878262353177111,0.00055853056352122,3.28164447934059e-07,7.08271480646769e-05,3
"20291",3.69537284819281e-05,0.467330017543972,0.00190286608647312,3.07074810594408e-07,2.85355143094672e-10,0.372810648190666,0.157178030726214,4.52695810657489e-06,0.00073607406134364,5.75344576543038e-07,2
"20295",0.574297571614606,1.03708670557603e-05,1.43742709938101e-06,0.00134528324034873,0.00247815473108749,0.385417434742838,0.0293610947723463,0.00343125657248099,3.35677003955155e-06,0.00365403926209838,1
"20298",8.86033715740906e-08,1.78640241431575e-08,0.000183900268092334,0.000171685949499881,2.03133776218139e-05,0.000224435857045816,4.29097396841467e-08,0.837065384681786,4.26839028286033e-06,0.162329862098536,8
"20302",0.000191990596108221,8.02857563625564e-08,1.89600142238545e-05,0.252278596877201,0.00116232077750187,0.00475414058069032,7.14180223851293e-06,0.723992377391425,4.49553643970888e-06,0.0175898961384155,8
