"","V1","V2","V3","V4","V5","V6","V7","best$classification"
"19811",1.39079760700046e-07,0.00272222835754612,0.000345880204476381,0.0415352303197726,0.000445316903338197,0.954951130579906,7.45551999150414e-08,6
"19813",7.51113540266461e-10,1.24598819516578e-06,1.34844249253766e-06,0.999983076834692,3.82451390285816e-08,1.42769055560659e-05,1.28328111745202e-08,4
"19815",0.000675254658092348,0.0399290821957842,0.0110129948700315,2.23085641512255e-06,6.50472672887302e-06,0.948362665620744,1.12670722040839e-05,6
"19817",1.06261170633618e-05,0.00492152077025583,0.00218421503087601,6.48409631544166e-06,0.000296552051288881,0.992580364260633,2.37673568049655e-07,6
"19819",0.178143956572333,3.39354702560231e-05,0.293392717247372,3.93098436169518e-10,2.89721594433273e-07,8.79403021632325e-06,0.52842030656513,7
"19821",1.83373689436218e-07,0.000781755111827494,0.00659206640134612,0.013098604751543,0.0138676857131891,0.965653433974358,6.27067404641011e-06,6
"19823",0.100052929969182,0.0010166646816976,0.00328396938312615,3.53093139070279e-06,9.7157680168042e-05,0.895542810860101,2.93649433478568e-06,6
"19825",0.000114591584389758,0.0035155877943833,0.0123362985957072,0.00292475300779229,0.908000208226958,0.000948076739766233,0.0721604840510029,5
"19827",8.7365047727434e-05,7.54270451312832e-05,0.00279341518368096,4.57940862469748e-07,0.272288175483727,0.724753372509822,1.78678904927815e-06,6
"19829",2.83796829668442e-05,0.000204271192915744,0.930738390296415,2.25930343361759e-06,0.00560041769398619,0.000462157346693655,0.0629641244835893,3
"19831",0.116004322964404,6.95884673222528e-05,0.772674526710238,7.40772157781772e-07,2.56867263110315e-07,3.90662376919045e-05,0.111211497980923,3
"19833",0.998507421046124,0.00139023722765069,1.03188282539744e-06,2.89718333144221e-06,2.2160595866281e-05,5.58757644596924e-07,7.56933065579829e-05,1
"19835",1.83373689436218e-07,0.000781755111827494,0.00659206640134612,0.013098604751543,0.0138676857131891,0.965653433974358,6.27067404641011e-06,6
"19837",7.02573986702234e-06,0.000112361766892172,0.0134537011755457,2.84340648364485e-06,0.0164639546323839,0.969958445228657,1.66805017069974e-06,6
"19839",1.10149480666264e-05,0.0016751352951162,0.817281233970651,0.00171278612110234,0.0327272050357369,0.00162917137615282,0.144963453253174,3
"19841",5.32002660989538e-09,4.06295745283976e-08,2.71126540417281e-06,2.49645377550595e-05,0.999961759815239,8.78896529415896e-06,1.72946670665847e-06,5
"19843",1.80913496020631e-05,0.00384218812718646,0.0762465953857212,0.0172233462409774,1.96376438921363e-08,3.56478383133444e-06,0.902666194475038,7
"19845",5.88799095537641e-08,0.000264481027011642,1.41101963572838e-05,0.940853337600174,7.11076314295508e-06,0.0588608880382421,1.34951625562439e-08,4
"19847",9.08398476832461e-05,0.0454184170843705,0.0488419059736939,0.0107151317193274,9.78796665371323e-06,0.894870383968114,5.35334401573128e-05,6
"19849",2.94626714155411e-10,2.87349862868107e-07,1.67291182437421e-07,0.999958190981806,8.62275660659554e-08,4.126685195433e-05,1.00300144312557e-09,4
"19851",1.36631968318508e-05,0.001677986312802,0.000537759265491966,1.85772754468244e-05,1.43353314523586e-05,0.997737602798804,7.58191713823493e-08,6
"19853",6.66553231324392e-05,0.000181563915999199,7.41823986796638e-06,0.0122891021140759,0.00014782923418776,0.987307429834656,1.33808088594142e-09,6
"19855",2.60319102901542e-06,0.000237396355745228,9.50188492988746e-05,0.000682912945312882,0.00138193413672053,0.997600131132691,3.38920220172536e-09,6
"19857",1.10330690889368e-06,0.0140150644293025,0.136988236910062,0.0177300186901277,0.0155356247803679,0.815689608167735,4.03437154966431e-05,6
"19859",9.65141843490569e-05,0.00390447571726448,0.0181769620924152,1.42273622033606e-05,0.00771100476642972,0.970093653511953,3.16236538502435e-06,6
"19861",7.23136622685241e-07,0.00111828899919622,0.000356730764267198,0.144666866114009,1.85764350535201e-05,0.853838743322782,7.12280696362422e-08,6
"19863",3.32577323544612e-10,5.61675604173748e-07,6.18718798331019e-08,0.991688803783016,0.00828259473836634,2.79715754161768e-05,6.02313988503447e-09,4
"19865",1.28183850815742e-08,5.24837157688138e-06,5.81582054223505e-06,9.3745073817999e-07,0.997306053841132,0.00268188479006997,4.69075552550863e-08,5
"19867",2.33718785674235e-05,0.0227856303543209,0.00503916575168715,0.00907709208362674,1.47104880207364e-06,0.963066788356918,6.4805260778701e-06,6
"19869",1.14911964775632e-09,2.38768077692673e-06,1.13026513818798e-06,0.992748057593792,2.79291029182526e-05,0.00722049360356564,6.04689396229558e-10,4
"19871",9.48612324903834e-05,0.00122496698095871,0.0556965484376963,2.03155348246487e-06,0.0276101914273994,0.915363628695417,7.77167255584349e-06,6
"19874",5.56646838715423e-06,0.000679083469068752,8.02245080387874e-05,5.14351458239064e-06,0.682948175397183,0.31628168544694,1.21195799876894e-07,5
"19876",1.06658774720546e-07,2.75288414486173e-05,3.15446379411488e-05,0.000224474248710057,0.121704999953406,0.878011342307935,3.35178462057575e-09,6
"19878",2.40080083647736e-05,0.996478428451722,0.000352205758193412,4.11816483041903e-06,1.69104468429747e-06,0.000242969952762786,0.00289657861944265,2
"19880",3.363815380644e-09,1.45919412562201e-07,3.94183516671262e-07,9.95860983454388e-06,0.997776736457363,0.0022127607479611,7.18097191105026e-10,5
"19882",1.42910368251236e-06,0.0148274922934746,7.98704167465403e-05,0.238217127126465,0.000638820142022942,0.746235071710705,1.8920690361873e-07,6
"19885",6.43360689492636e-06,0.011717264246032,0.0885152713886443,9.96919052256964e-06,0.000335694136744243,0.899394571807169,2.07956239929792e-05,6
"19907",3.73500856407588e-06,0.0235632821381856,0.00117187360135874,0.0802750554508419,9.05660753831256e-06,0.894974848807253,2.14838625844607e-06,6
"19909",4.69169363199498e-06,1.39879131468874e-05,0.994468355416,3.73582798141825e-05,7.93563033940365e-07,0.000692300421740175,0.00478251271263274,3
"19911",0.000223790921815135,0.000199908214075764,0.973065373930098,6.96020784289184e-06,0.00751515470761475,0.00365492179542546,0.0153338902231277,3
"19913",1.20383301819798e-08,2.40588947419994e-08,1.89105486148979e-07,2.17774569830972e-07,0.99998519278338,1.43488349210727e-05,1.54044184284397e-08,5
"19915",3.85777480373805e-06,0.000200786741349372,0.000128034721804479,1.84705675518164e-06,0.227498836218841,0.772166588373248,4.91131981782516e-08,6
"19917",5.27799933590996e-07,4.24944805161563e-05,0.000135934004890114,2.13146314995714e-06,0.986508449301243,0.0133099358012448,5.27149022281822e-07,5
"19919",2.60838044731409e-05,0.00537533392743006,0.00240540269610387,1.339411380485e-06,0.087629669084508,0.904560925057203,1.24601890108662e-06,6
"19921",7.51242902646838e-06,0.0102238649959533,0.0025802761516382,0.000269192743808821,4.47432322082775e-06,0.986914038744904,6.40611448745329e-07,6
"19923",0.000586612503594336,0.991600264083535,0.000965262340549263,1.47661472850793e-05,5.69777082887705e-08,0.00664998910627526,0.000183048841052858,2
"19925",1.13505392797301e-06,0.000158577034774198,5.69590881007024e-05,8.41754370740522e-07,0.908706608697297,0.0910757636200148,1.14751514694526e-07,5
"19927",5.88407356618964e-06,0.000416398545113514,0.000950689424937357,2.18505011891448e-05,6.89705668838743e-05,0.9985361594139,4.747441029002e-08,6
"19929",6.13567860985226e-10,1.52696291554049e-07,2.93511521310278e-07,0.373186256592929,0.626613697673881,0.000199590042463438,8.86934597596697e-09,5
"19931",5.90206142913819e-05,0.00139862379902499,0.00662748076440367,8.59720028328468e-07,0.000379217373055537,0.99153272732764,2.07040155661666e-06,6
"19933",0.000251728874922339,0.000168402758016747,0.941721551682652,1.66926814940261e-07,0.000175621714035281,0.0541181735256071,0.00356435451795168,3
"19935",4.10491370748761e-06,0.0267938425627648,0.276314312409644,0.000762367261415992,0.000925740214658394,0.6937268026658,0.00147282997201003,6
"19937",0.000225929287339747,0.005431274345428,0.00278216678251133,2.78234634556321e-06,6.61495812546371e-06,0.991550405211573,8.27068676501917e-07,6
"19939",4.42756767543319e-05,0.297350454303235,0.00182056372661854,5.27409391171216e-06,0.000686646170375569,0.700086587328959,6.19870014586828e-06,6
"19941",1.79030084062976e-05,1.36292391234445e-05,0.920269793990494,0.000156661199575584,0.0349338511630813,0.00207092388698839,0.0425372375123311,3
"19943",1.6254338205021e-07,1.14372935855173e-06,1.81416534330441e-06,7.91629936977173e-08,0.999085521785679,0.000911264502443479,1.41108003831964e-08,5
"19945",0.000738066923650372,0.00377489563846275,0.969922281329862,9.61856939850144e-08,8.82959915822649e-06,0.0129559314828979,0.0125998988402746,3
"19947",5.51439842519908e-05,0.000308508082201433,0.220485510769688,0.0173712596567605,0.751628655112804,0.00681897128116463,0.00333195111313009,5
"19949",0.00175626226119588,0.963535369962703,0.0125152458307202,5.0647966333335e-07,4.47666406321907e-07,0.0192581274663224,0.00293404033298877,2
"19951",1.36740842866089e-05,0.057277547436581,0.00187883267159915,9.56555717164812e-06,0.664231026238651,0.276546275232916,4.30787787942549e-05,5
"19953",0.915837864776372,0.00132749512459078,0.0545454426401544,3.14011593504243e-08,1.4988180729547e-08,0.000193413415704949,0.0280957376538381,1
"19955",0.0272334314194431,0.285476573779675,0.526148130883497,1.50812204422307e-05,1.44282544022144e-06,0.000452171242108247,0.160673168629394,3
"19957",0.00143724408106257,0.000262904118147183,0.00964736306877301,2.1401104972598e-05,0.893853279478364,0.0947709122602895,6.89588839072488e-06,5
"19960",3.19557188643479e-05,0.00495890166009919,0.829318268139606,3.6913670789964e-05,0.000233494071778314,0.000421900620896146,0.164998566117966,3
"19963",0.0419848907892318,2.59174941847219e-06,7.38642460229643e-05,3.30868355363622e-05,0.957571357759524,0.000256081971989562,7.81266482766891e-05,5
"19965",0.000120918832766407,0.13747062922829,0.203931816745049,6.13035149451235e-05,1.23291904982958e-08,2.31698320305378e-05,0.658392149517728,7
"19968",2.52575571351034e-09,4.98587941802844e-05,0.0021187270311938,0.186438342709932,0.79902839766263,0.0123177917203891,4.68795559181783e-05,5
"19971",0.000684833224265097,1.05444321526646e-05,5.36663454582962e-05,1.93302397319623e-07,0.998820487334337,5.69287061079839e-06,0.000424582490778667,5
"19973",3.77327345129074e-07,0.000784917092761585,0.00140180191322914,2.89294057769438e-05,0.00182876504909874,0.995955027093189,1.82118599205116e-07,6
"19975",1.95708977504707e-08,5.62854342387593e-05,0.000143179374723575,2.34473066265936e-05,0.967324413305466,0.0324523700372752,2.84970772141501e-07,5
"19977",1.84251028555258e-05,0.000559679570479297,1.33241067293707e-05,7.21184067961475e-05,0.99891386278772,0.000410683375803827,1.19066496162905e-05,5
"19979",9.12869619528034e-05,5.31055100651987e-06,0.137366518342425,2.38986430227525e-10,4.87864599161624e-07,1.96335924657021e-07,0.862536199705105,7
"19981",1.40331609628585e-05,0.00139547798131762,0.370303552958833,0.000853006158264512,0.000225182864147276,0.627183193937828,2.55529386463219e-05,6
"19983",7.78158074355671e-05,0.428088337589041,0.196769267777958,0.000631195902427997,1.58215824320093e-05,0.374257508351342,0.00016005298936415,2
"19985",2.18992509138841e-07,0.000168012505535219,3.2286561197319e-05,3.53078874702934e-05,0.683576214473414,0.316187947186883,1.23929900127316e-08,5
"19987",6.26385893114564e-05,0.000357169879651378,0.325860285848598,3.72993405360936e-06,0.0231336687189207,0.650357050183768,0.0002254568456969,6
"19989",0.00235708925354262,0.000141873496858647,0.210756467806649,8.28864111761934e-10,1.73372375949156e-09,3.66280081646853e-06,0.786740904079546,7
"19993",0.000268805542469377,0.67603992405181,0.125956367098429,6.39680706412695e-07,0.0115511988706235,0.168136258246657,0.018046806509305,2
"19995",0.000141995251097147,0.0407226525087594,0.813555176745764,5.2370502902651e-06,0.00365119560249451,0.091900705930237,0.050023036911357,3
"19997",1.7187701578347e-06,0.000465625915257177,0.000337543163735763,2.73241281733029e-05,0.00304860931124301,0.996119122076073,5.6635359865247e-08,6
"19999",8.11209801517205e-08,6.16499587167087e-05,7.94373168621762e-05,0.00063340163537303,0.0158935567544516,0.983331869576518,3.637098020329e-09,6
"20002",5.60236820429909e-07,5.59549080807948e-07,6.03693518045099e-05,0.476461052287234,0.523039786718218,0.000388376261726619,4.92955951158606e-05,5
"20004",9.39900411075626e-06,1.56244778937571e-05,0.975190027656603,9.12221435227612e-05,0.00110050365164885,0.0179223370796373,0.00567088598658348,3
"20006",0.00112569058846188,0.424982752013316,0.461179875560167,0.00197731960130368,0.000595031937061158,0.00223641217660005,0.10790291812309,3
"20008",0.00128174252851854,0.800445221120639,0.0140443669940144,4.36072390865256e-05,5.0977527349498e-05,0.00132064327861935,0.182813441311772,2
"20010",0.0229713575878792,0.424471832660331,0.451623745857489,1.18512794844196e-08,1.60208101607833e-06,0.0042860200148916,0.0966454299471138,3
"20012",1.10774497724605e-07,0.00317101072508771,0.000107952925943171,0.00930695271778402,0.740097747884052,0.247315348936613,8.76036022441796e-07,5
"20015",6.97337515706233e-07,0.00179021574419696,0.0793137672877047,4.40748742564647e-07,1.45441801455509e-08,1.33725437637118e-06,0.918893527083283,7
"20017",1.48583798287806e-07,0.000101381864549724,0.000409042380143519,0.00188235429044335,0.00774395135514011,0.989863106526263,1.49996623984821e-08,6
"20019",0.000158497035069737,6.77794979256437e-05,0.00618914828490711,1.90774852577815e-11,6.28798810921962e-10,4.29345105927112e-09,0.99358457024077,7
"20022",0.000615984780231095,0.00452041523093146,0.954633293544125,8.88590608684331e-09,4.02222227496718e-07,0.000488535718159127,0.0397413596184194,3
"20024",0.297995953971826,0.000243180008137075,0.0300202304888974,6.26838644490355e-08,1.94764482344242e-08,9.06616043816483e-07,0.671739646754783,7
"20026",0.297995953971826,0.000243180008137075,0.0300202304888974,6.26838644490355e-08,1.94764482344242e-08,9.06616043816483e-07,0.671739646754783,7
"20028",4.8115027406677e-07,2.07010290679961e-05,6.72570589593923e-05,7.45488835731559e-05,0.0419159875408559,0.95792101662894,7.70832977254838e-09,6
"20030",2.91002717754833e-06,8.78949185979359e-06,0.623551101730124,5.01099904870544e-06,9.38562306496883e-05,2.84892236175499e-05,0.376309842297523,3
"20033",3.49635661044732e-06,0.000248889261705511,0.0131351110097,2.56427636399006e-05,0.131464858810232,0.855118871683559,3.13011455295366e-06,6
"20035",0.000342898211577608,0.000152850817145369,0.0101877499873069,6.69050711817065e-11,8.73587425629504e-10,2.02214075230543e-08,0.98931647982207,7
"20037",4.37965764933984e-05,0.000516812688818464,0.0194338665243199,3.94449028493807e-09,3.08691185758497e-11,3.20546285420586e-08,0.98000548818038,7
"20039",0.999280895590612,3.49633224744316e-05,6.67077336395686e-06,5.69122300420444e-11,1.91758458009573e-11,1.59843923442468e-08,0.000677454253069837,1
"20041",0.00128688215619557,0.977691971876923,0.0153257727988846,4.09617270551397e-06,2.41409000416098e-05,0.00524548983191688,0.000421646263332521,2
"20044",0.010628119161372,0.841750354231604,0.109570051210979,2.2362707615008e-05,0.00166244100931778,0.0324431899599337,0.00392348171917821,2
"20047",0.00048156007579603,2.52814206209079e-06,0.0072475035207791,1.25143014737695e-11,1.01137804988027e-08,1.7806128751182e-09,0.992268396354455,7
"20050",0.467180275640043,0.474607827680851,0.014007230065982,6.39128594383376e-10,1.30309953016857e-05,0.00206884760230391,0.0421227873763894,2
"20052",0.00130488382990133,0.0257281032140003,0.0970211860701125,3.91600132523627e-07,0.0230457759576873,0.852717679010048,0.000181980318118205,6
"20054",4.19780596261388e-07,0.000162124706044924,0.925320163337815,1.08777676614878e-05,2.14863234169048e-06,4.29478010753778e-05,0.0744613179744655,3
"20056",1.09868285834911e-06,1.87465706029555e-06,8.13917386090346e-05,2.52016892365849e-07,0.998236223901038,0.00167113303315399,8.02597038805229e-06,5
"20058",0.000629902254589283,0.000352722116357637,0.237615054606938,1.21960731290897e-08,4.0812993139153e-10,2.54734476764594e-06,0.761399761073144,7
"20060",1.437249354089e-05,0.00220262376603566,0.00388620690666128,1.20157891804288e-05,0.000110390495624328,0.993770494155494,3.89639346365841e-06,6
"20062",2.15071031429728e-05,0.327969342470906,0.024524302314489,2.3907212108895e-05,6.66012201479173e-05,0.647298121997076,9.6217682128418e-05,6
"20064",1.9253456087177e-05,0.000162539242838345,0.987036748671085,3.8989976376077e-08,4.13076917346891e-05,0.00281677247837643,0.00992333946990229,3
"20066",5.44675006255055e-06,2.89142280960134e-06,0.196265064508718,4.88347387545028e-07,6.66109882597273e-06,1.14222819096539e-06,0.803718305644006,7
"20068",1.9821422553928e-06,0.0176767943355112,0.000704505806066709,0.00117363203756461,2.60645741296603e-05,0.980416834945347,1.86159124999838e-07,6
"20070",0.00041123373092224,0.027291407586231,0.000827974889965181,5.68802872168034e-05,1.42806950875337e-05,0.97139762749771,5.9531286752814e-07,6
"20072",1.63189172911729e-05,0.0188254533752637,0.527716040847438,0.00676736100896939,1.51256335782519e-08,8.54381155857651e-05,0.446589372609818,3
"20074",1.17812943222986e-09,1.05807320540328e-07,4.28496480977587e-08,0.000212322336019927,0.999746995503102,4.05300001045894e-05,2.32567585697419e-09,5
"20076",5.55480013654008e-08,0.000366397700035967,0.038861348436609,0.284704486828137,0.647269387304613,0.0286622669582924,0.000136057224310941,5
"20078",0.000934751673316279,0.00179549405587263,0.974075779207096,2.7487900652819e-07,3.19364970686029e-05,0.00452354152037105,0.0186382221672693,3
"20080",0.000244710512705881,0.000114388686936925,0.055558124642745,1.93968499123583e-11,6.16904998310906e-09,1.45460253743999e-07,0.944082624508912,7
"20082",0.99746805840455,6.31689972249215e-06,0.000666357083479021,7.24118838852841e-12,1.51620396875311e-08,1.12268063397857e-06,0.00185812976233348,1
"20084",0.00643488496559068,0.000274615751093618,0.927878702540229,1.02007024389525e-07,0.0174502073564752,0.00248854772408126,0.0454729396555062,3
"20087",0.000365293441367989,0.0729159515551896,0.845262479536911,2.65396114480943e-05,2.30343576040078e-07,0.00434213030315665,0.0770873752083506,3
"20090",0.0048643294969657,0.0196665198817223,0.0224944495746114,4.03691321043053e-11,3.36332105927735e-08,1.60568141217728e-06,0.952973061691709,7
"20092",0.731337582005138,0.230633639009654,0.0258615778521909,0.000434911622626126,2.4143431260495e-08,0.0112063004682753,0.000525964898683994,1
"20096",0.620933152135882,0.0753558601679671,0.0308902421632584,5.78859368312041e-06,0.00467181105726989,0.267993147271178,0.000149998610761768,1
"20098",7.63232612369079e-06,0.000403509656603862,0.00236426103369691,2.90346665817045e-06,0.112161445064694,0.885059405739318,8.4271290555225e-07,6
"20101",0.000808105435511633,0.000360211631143582,0.353698051225516,1.33603041964927e-09,0.000122418881023143,2.32115039029266e-05,0.644987999986872,7
"20104",0.111083617215918,0.00287826727423563,0.001189898132869,0.440660449193228,0.0007899671970648,0.443396804744984,9.96241700177771e-07,6
"20106",3.79167628173151e-05,0.00707275484941925,0.592217087366491,5.84422350431123e-09,5.25827625378933e-05,0.000214966725751337,0.40040468568876,3
"20108",9.3686086314123e-07,3.51866705704156e-05,0.00497700376718615,0.000106009377508052,0.00651277054444299,0.988367407504623,6.85274806374753e-07,6
"20110",0.23567983008737,0.396799631485418,0.00577924135090177,1.62472799866379e-07,0.0958446430717018,0.265583647080557,0.000312844451251119,2
"20112",0.0104034881671757,0.389072081320047,0.252225408835845,1.99934302593099e-08,1.58527309268702e-05,0.00429772074183043,0.343985428210744,2
"20114",0.000417927798061994,1.68487763861005e-05,0.965665542322811,3.96546490680464e-07,0.0190464828620714,0.00892448827865371,0.00592831341552566,3
"20116",1.47119806120965e-06,4.21396433798385e-05,0.970582196325669,1.3420265551096e-05,0.00815610930431577,0.000796160286753353,0.0204085029762696,3
"20118",0.000191017065218725,0.000521994843588049,0.550886039175804,1.26955596127528e-06,0.034763990186977,0.413424211289515,0.000211477882935989,3
"20120",0.0272166050539145,0.00693555208833589,0.692927468416032,1.02366050549223e-09,0.000715296864351086,0.00243202795406852,0.269773048599637,3
"20122",1.09977627978047e-08,4.30084517795889e-07,1.9142218986747e-05,7.66959431518635e-06,0.998729926808748,0.00124278803964719,3.22560221769127e-08,5
"20124",0.00142834058860854,0.00114671396528355,0.363964095433776,1.04455324936404e-07,1.09312463226268e-09,1.31469666034198e-06,0.633459429767222,7
"20126",0.994680198525052,3.85082850444121e-05,0.00145855182139272,5.5646611544601e-08,8.00502189579075e-08,2.39723891982469e-07,0.00382236594778803,1
"20128",0.144294954377026,3.80459125225031e-05,0.00105928134497021,2.53532935388563e-10,2.51458508981689e-10,7.66030533688674e-10,0.854607717094459,7
"20141",0.0396874455427606,0.000157318588127596,0.00141349377395954,6.48626047450527e-05,0.0392363085397716,0.91944037847205,1.92478584937809e-07,6
"20143",1.73703437028988e-09,1.22516992155087e-08,5.2915814094928e-08,3.41434489067384e-06,0.999974519602971,2.19971694098186e-05,1.97818049089827e-09,5
"20145",0.00300128072568378,0.00662266345465701,0.899238586186767,7.49802972763057e-10,2.56355754622682e-06,0.00172411503524778,0.0894107902902946,3
"20147",4.22837403605025e-05,0.000337451563597398,0.960151363707881,5.9002887378224e-09,1.42197016776918e-06,0.000157745794135861,0.0393097273235692,3
"20149",2.46667218994e-08,6.32639424348707e-07,1.7719999699466e-06,4.10632278544584e-06,0.99868495435559,0.00130850580472921,4.21077941927035e-09,5
"20151",2.83990984418051e-06,0.000586865669467788,0.0018629128779638,2.22909418972039e-06,0.0344823850225114,0.963061485067633,1.28235838972063e-06,6
"20153",0.0121251016875114,0.0038090712297648,0.002850663863872,3.1950354699497e-08,0.515002769629528,0.466167453227407,4.4908411562143e-05,5
"20155",9.11031844221064e-05,0.0509022287365925,0.548594620752385,4.41144363967346e-08,2.80168415008088e-07,2.70493149295323e-05,0.400384673728819,3
"20157",9.80835963170429e-06,6.91993781816649e-05,0.000664531176983734,2.05718441657521e-06,0.335717160792832,0.663536318396876,9.24711078442463e-07,6
"20160",4.94328957288771e-09,1.84859604459457e-08,1.37428299406919e-07,4.94508742784504e-07,0.999963230733668,3.61098705244719e-05,4.02951573827105e-09,5
"20162",1.03236061195872e-08,3.99214461925765e-07,1.02253016831054e-06,5.31240639953924e-06,0.993833489135486,0.00615976511435997,1.27551785952949e-09,5
"20164",1.37060028152523e-05,0.00107379909964916,0.000146468006834227,2.0130985265502e-06,0.933829938504983,0.0649312381341101,2.83715308145579e-06,5
"20166",1.44690866911161e-06,6.32724190304401e-05,0.151442694425648,0.0001211319062943,0.000829316564518577,1.76245335934943e-05,0.847524513242246,7
"20168",7.52970595805824e-08,8.94941459366692e-06,0.000429911926772356,0.997745986393144,0.000696316954095316,5.70884814999602e-06,0.00111305116618532,4
"20170",4.16722036487498e-05,0.000211278369138716,0.00333925457548358,1.20238289286956e-06,0.183394273423355,0.81301186046873,4.58576750725694e-07,6
"20172",0.000510458241219088,0.0014361580799367,0.960135345787617,1.07221713203882e-08,6.92230610241847e-09,0.000243432003955417,0.0376745882427947,3
"20174",2.08406087971251e-08,3.84617164984823e-05,7.83008458751237e-05,0.14051937667184,0.115984240957752,0.743379589195432,9.7719939262761e-09,6
"20176",4.98355205473094e-09,1.067423687167e-05,5.9911140752139e-05,0.999892694582272,2.44755987278856e-06,2.26599568887029e-05,1.16075397905267e-05,4
"20178",9.60713786497144e-09,2.12030384275141e-08,1.07075628727687e-07,2.16331114024305e-07,0.999981892006873,1.77472966804264e-05,6.47952764868047e-09,5
"20181",3.8020964980572e-06,1.43128958397699e-05,0.547292337655876,9.10753353881809e-07,0.00507268421019157,3.84858899521277e-05,0.447577466498288,3
"20183",0.00157747750801422,0.00981740119119093,0.0569287309658357,4.18697319188792e-06,4.19624410997096e-06,0.931649723496355,1.82836213024507e-05,6
"20186",0.00716507280286505,0.217061629041819,0.135440916552933,0.00584371674700847,1.02895905474643e-07,0.633976686142126,0.000511875817343129,6
"20188",1.50349686776904e-08,1.2497541350174e-07,2.08227949576419e-07,3.70592249871722e-07,0.9996773256749,0.000321951640026571,3.85449232610627e-09,5
"20190",7.0885433615791e-06,0.000175477540482223,0.252904607027725,1.72169709377082e-08,1.78879410837343e-07,5.41217428512926e-06,0.746907218617765,7
"20193",1.83973391537911e-07,0.00013615602531735,0.000104898477990253,0.0142158615220123,0.984472676154094,0.000102092272686855,0.000968131574507688,5
"20195",1.45852740129322e-05,0.00467571311527504,0.00294414170400002,2.26248699650492e-06,0.755888756852752,0.236432346748676,4.21938182879855e-05,5
"20197",0.000235595687549084,0.0212677296241283,0.859182840989043,4.85022591622817e-08,2.75589243475467e-08,0.000235211171990936,0.119078546466105,3
"20199",5.01466877414744e-06,7.34103035453015e-05,3.15392982050846e-05,9.62807047109677e-07,0.886281136570808,0.113607911211928,2.51396922988934e-08,5
"20205",0.999474016120288,0.00045206693377412,2.26704555817878e-05,3.99070568599612e-11,9.62956148365259e-10,2.25362409472203e-06,4.89918633979005e-05,1
"20208",6.62498128815496e-06,0.0031745878606944,0.0118351130067181,2.61406573555736e-05,0.00714819866959711,0.977799959896294,9.3749280531526e-06,6
"20210",6.04221699551232e-08,2.19651969888499e-06,4.77962760087914e-06,2.33240224472424e-06,0.977734152559968,0.0222564734456667,5.02265087636531e-09,5
"20212",3.1558122015861e-06,0.000346034696982415,0.00044087483613917,4.26990338289425e-06,0.801456139572588,0.197747767084773,1.75809393363339e-06,5
"20216",1.94472032117994e-05,9.6438125591104e-05,0.949092239967961,1.02267488721697e-07,1.9482157881428e-05,0.000303466787353402,0.0504688234905122,3
"20219",0.707574471060145,0.0124152490516797,0.216327652122749,1.89881603937251e-09,3.27193018773934e-05,0.00179567799518436,0.0618542285695485,1
"20223",1.69354330927281e-05,0.00154960795455418,0.00794995070528239,0.000386103094760457,8.6163952470908e-11,1.01122277049781e-07,0.990097301603869,7
"20226",0.000221913548212003,0.973013412709796,0.00269406485265809,9.40211243015712e-08,8.33519191560421e-05,0.0236944596919031,0.000292703257150882,2
"20230",2.88580499951684e-05,5.73455889630962e-05,0.124526640909311,9.43815200334921e-09,1.33101375248012e-08,1.27034898041033e-06,0.87538586235446,7
"20233",0.999169677687722,0.000100843205409208,9.28901271651679e-07,1.70737425793499e-07,4.6346830716266e-06,0.000723675181546187,6.96035533902606e-08,1
"20235",0.0206733943721543,0.127041872557681,0.199580262691455,0.000135281720549025,2.13435388397762e-09,1.95922015088982e-05,0.652549594322298,7
"20239",0.000306895625402635,0.271108424913071,0.582216761515909,0.00259163111501267,6.47690469409258e-07,0.00137257120147016,0.142403067938665,3
"20254",0.99406225476865,3.2423003519592e-05,0.000428906447401323,1.35890864157549e-12,1.2828790770044e-09,1.68492709101215e-07,0.00547624600348157,1
"20256",0.000139775122592424,0.000313480680653618,0.834259194232768,2.15396107695617e-07,1.57493925435576e-09,4.4540372139008e-06,0.165282878955725,3
"20262",2.87781316878799e-06,7.21030712284647e-05,0.00103142279912699,1.62251180751121e-06,0.481361810437299,0.51752984790448,3.15462888768695e-07,6
"20270",1.39934457785666e-05,0.000754447626086401,0.550149240695167,0.00313332785744592,0.00456584838343487,0.0128055160071421,0.428577625984945,3
"20284",0.574866950256404,0.0588758215449964,0.016109235608198,2.14636701137755e-07,7.79059388181832e-06,0.349746552628204,0.000393434731615101,1
"20287",5.5178717818317e-06,0.000366220567218385,0.00448015662793863,9.97203898798729e-09,7.02025734402258e-11,5.81161704189637e-09,0.995148089079203,7
"20290",0.995963510079208,0.00247136885516239,0.000476054533760471,9.40373604401932e-11,7.21099679498555e-06,0.00075900627593014,0.000322849165106847,1
"20293",0.00033951183576918,0.000127191104262602,0.995466451329139,9.54273833617921e-08,6.18048673321346e-07,0.00199030353732473,0.00207582871744715,3
"20296",5.48247776986145e-08,0.000633446922141931,0.0447698552405297,0.0169805155299884,0.66115846649472,0.276377656963691,8.00040241520083e-05,5
"20301",5.61922671081401e-06,3.85413288795412e-05,0.00054508653964651,9.54219922658804e-10,5.64810972556492e-07,2.78941593319869e-09,0.999410184350155,7
"20304",0.99723017174505,2.98311763346682e-06,0.00208904958913943,2.32624028669615e-11,2.16210953483211e-08,2.38247596136762e-06,0.000675391427858272,1
"20306",0.00105051081141908,0.000231129842107533,0.139830364559612,1.22561432930932e-08,3.48290969611526e-10,1.68364969934993e-06,0.858886298532728,7
"20309",0.00245302347606245,0.128434599980323,0.770815624909974,6.58925495008199e-07,4.47860650942596e-05,0.0864795934186424,0.0117717132244084,3
"20311",0.000495746102295773,0.000659169968828215,0.886781556502697,7.4643458104515e-07,0.000208221260577919,0.00109330791257959,0.11076125181844,3
"20314",4.85784338387092e-05,0.000947644126305027,0.0200454852559538,3.15838356906964e-07,0.0113689535663352,0.967579323475692,9.69930351863512e-06,6
"20318",2.60604639905267e-08,4.94118816690905e-08,4.80824873120132e-06,4.00132027268085e-06,0.999912254972388,7.76165944754701e-05,1.24339178738137e-06,5
"20320",0.00205647273533487,0.593992316698551,0.00131000688481051,1.01261589905525e-05,0.000852117459877213,0.401734967482769,4.39925796670208e-05,2
"20326",0.000124251026183885,0.000411729090700715,0.0280928296786455,7.75000895450076e-07,0.0279262931021042,0.943430208699218,1.39134022520953e-05,6
"20328",0.00248454707817305,0.24631441922833,0.00423162752256964,5.64317506800815e-06,4.8250057650251e-06,0.746943511492868,1.54264972263358e-05,6
"20330",0.00238627746385407,0.864027335359652,0.0303930827913153,4.51470761277926e-07,3.53598561181543e-07,6.51675951341343e-05,0.103127331720722,2
"20336",0.97466694387403,0.00126062876763906,0.0185592427356797,2.72350818207682e-09,1.12986749033983e-07,0.00531673980683331,0.00019632910556032,1
"20338",0.98230064872696,0.00192088617827836,0.0141861932845047,1.35345454567884e-09,4.41522878307473e-05,0.000262102479354698,0.00128601568961737,1
"20340",0.000152173585218397,9.65839873550006e-05,0.119930551358507,2.25392323402525e-08,8.15611309877589e-09,2.50320891031344e-07,0.879820410052683,7
"20342",0.979056216897573,0.0190438203785417,2.31041930646001e-05,2.85028364154199e-05,0.000222828808349292,5.77140708070307e-05,0.00156781281524871,1
"20344",0.000441428988738592,0.000296121788284215,0.828067351051963,1.84364824274596e-07,1.31819425793299e-07,0.000412135985220102,0.170782646001544,3
"20349",0.000104335197143276,5.44914809695083e-05,0.530327091311349,1.14909630947856e-07,1.38257780943305e-09,4.70793047945878e-06,0.46950925778785,3
"20351",0.00363127949817873,0.00209026591767013,0.983520034168311,1.65701143731195e-07,7.89859788197528e-05,0.00405837010241392,0.00662089863346308,3
"20353",0.017252736143802,0.697730337937633,0.0517583197336337,6.6043679171006e-09,1.40362862219175e-08,3.66794591484041e-05,0.233221906085129,2
"20357",0.997413929315548,0.00162501104342199,7.36383468617504e-05,4.9830855209899e-11,6.19410086565621e-11,1.00416466355062e-06,0.000886417017733149,1
"20360",0.275863111651565,0.712836595851309,0.000638396929011133,0.000237214577428011,4.52626632988434e-07,2.56589617476009e-05,0.0103985694023061,2
"20364",0.00200521707851659,0.331487186074771,0.566100980442578,1.7866138718573e-08,4.6322692125599e-06,0.0113765230853655,0.0890254431834177,3
"20366",0.996829364302579,0.000262865656710395,0.00137415502152952,1.92086515674524e-09,1.95466292032291e-06,0.00151359517987492,1.80632555207749e-05,1
"20381",9.31374520953196e-08,4.66655719048306e-06,4.53773549759988e-06,0.984040664169718,0.0128597556424077,0.00309027190520423,1.08525302237269e-08,4
"20391",0.0132569766875393,0.574845699853492,0.144498541154675,0.238816477440033,9.89945968377873e-09,0.00765260453368045,0.0209296904311204,2
"20394",2.15640370022563e-06,0.0264631741274407,0.00135268615817461,0.00215301297615984,0.000467185244873108,0.96956120821448,5.76875171161177e-07,6
"20396",1.00327660264836e-08,7.31139105669162e-05,7.19740248133387e-06,0.719629087579081,0.00601406343129768,0.274276525686723,1.95708396772855e-09,4
"20409",0.000463478334997535,0.000108259058993782,0.820479625204126,2.3748403189603e-06,0.0820885900681437,0.083036978123693,0.0138206943697271,3
"20411",0.12683975906063,0.0307462083182403,0.554962916263914,6.34103889367428e-09,8.52306173786228e-10,4.39411470362733e-05,0.287407168016834,3
"20416",0.737811062421779,0.000113394987120888,0.000945662865217396,7.06533746870179e-11,9.78645017547915e-12,2.83968452695446e-09,0.261129876805758,1
"20418",5.13073115842191e-09,8.7940064475535e-06,6.96311861159346e-06,0.754811405671303,0.0331973802978649,0.211975450121874,1.65316824891453e-09,4
"20420",0.991495980403079,0.000362666008395851,3.75680697722628e-05,2.11577595894145e-07,4.29339788950216e-05,0.00806039749163166,2.42470630692951e-07,1
"20422",0.000100571953831523,0.0272717423484613,0.081431237258479,1.75866481431249e-08,2.28435785937553e-05,8.35995194436455e-05,0.891089987754543,7
"20424",0.0407543865450799,0.103488314591243,0.428367186028925,2.83589784898668e-09,3.25528746494838e-09,3.09082007388201e-05,0.427359198542828,3
"20426",0.999917980024341,1.77854837069364e-05,3.32109627463854e-07,1.1822140862201e-10,5.66038783651636e-05,3.67147236669445e-06,3.62691337104522e-06,1
"20428",3.66476546541814e-06,0.0586278139586894,0.925051029035249,0.000933929483715974,2.17768275784545e-06,0.00482085291229614,0.0105605321618259,3
"20431",0.00471106512176052,0.303361759949275,0.0249596229215242,9.61676965280243e-07,0.0688120757993314,0.59597056144572,0.00218395308542363,6
"20433",1.23274855011606e-06,0.000173300826278418,0.0162122467841652,4.44338853865248e-05,1.77305498380779e-09,7.05276156195644e-08,0.983568713454949,7
"20436",3.63972818882947e-08,2.87029853516082e-05,0.00265138599978267,0.99632776528933,4.02804361248305e-06,8.49347271694375e-06,0.000979587811924521,4
"20439",1.67484445348196e-08,4.54830156206264e-05,3.45444330760963e-05,0.227344672053262,0.119633403164128,0.652941873163448,7.4220206006196e-09,6
"20441",0.991532068931935,0.00804446602677839,0.000235951191591253,1.24616090917532e-10,5.29195026536789e-08,1.18236363225856e-05,0.00017563716925369,1
"20444",3.75368449513504e-09,3.95241315163263e-08,1.48383439817396e-07,1.13195460980771e-06,0.999829058299491,0.000169616682696636,1.40194694671756e-09,5
"20448",0.00138760749637151,9.16788624628221e-05,0.0532952873070862,0.000143563918611952,0.107773804776692,0.837175250378436,0.000132807260339865,6
"20536",3.19920616319936e-07,0.0055262729533232,0.00128861933251017,0.858634495240673,3.78465835197514e-06,0.134545839772721,6.68121804323454e-07,4
"20538",0.524359148587525,0.000142239898539476,0.465001845917868,2.39371635221521e-06,2.40541849999021e-07,0.0083606046024623,0.00213352673540296,1
"20541",0.0191614993610268,0.00162517017150398,0.0391678813037052,1.93803755449478e-11,1.0774842532446e-09,3.0922028979843e-07,0.940045138846609,7
"20544",0.000338500110724104,0.00118084804443758,0.834143177319581,7.8874945378318e-07,0.000886057771716428,0.16289226938411,0.000558358619976532,3
"20546",0.00645112004978757,0.0135680859439341,0.696865863002913,6.33918969302708e-09,3.91412195769439e-09,0.000226230547716561,0.282888690202337,3
"20550",0.00018567993524635,0.994804803811675,0.00250787806768824,5.36804784810592e-07,4.82075360101137e-05,0.00160485561862496,0.000848038225970447,2
"20553",0.442867067314428,2.81880579612205e-06,0.000186236233580198,2.95205634349869e-10,1.44314472214459e-07,6.34971689186871e-10,0.556943732401546,7
"20555",0.997890486924812,0.00172223286717735,2.50127267535908e-06,1.08287086438764e-07,1.55822529214101e-08,0.000384299344641862,3.55721354305973e-07,1
"20557",0.0144969041903667,0.962299500012092,0.00940648054001122,1.18397230133032e-08,0.000158617539657944,0.0123143067352358,0.00132417914291368,2
"20559",3.34610470467511e-05,0.000318289593599258,0.787622884022308,2.43453295699824e-09,8.82403707241376e-07,6.23945806342647e-05,0.211962085918171,3
"20561",4.2455874304376e-05,0.000546070216012604,0.0162604269193705,3.4079912015267e-06,0.212479741871842,0.77066506186897,2.83525829838951e-06,6
"20564",9.60713786497144e-09,2.12030384275141e-08,1.07075628727687e-07,2.16331114024305e-07,0.999981892006873,1.77472966804264e-05,6.47952764868047e-09,5
"20566",2.87449572538209e-06,0.141993258686396,0.792509563786386,3.30615791782999e-05,3.63732855891198e-05,0.0223914648234842,0.0430334033432415,3
"20569",1.09180012806849e-07,4.24492992539338e-05,0.00010626448139544,0.000236928421695812,0.0477614094362507,0.95185281462422,2.45571707507087e-08,6
"20572",1.74392419963539e-08,2.9376613779061e-06,5.3431227465212e-05,0.000560513512613388,0.873268056712764,0.126115003019616,4.04269216690801e-08,5
"20574",0.00152916668174121,0.00247528031244994,0.422137639945332,4.06407653951063e-10,2.16684577853481e-06,4.68899470747732e-05,0.573808855861216,7
"20576",3.6744054007987e-08,1.09663517783362e-07,2.20502248611614e-06,1.84373072270836e-07,0.99985840147764,0.000139041393600879,2.13256285308759e-08,5
"20578",0.000129691649460482,0.00815269571825254,0.968204422702137,2.24557776016755e-07,0.000902504861840484,0.0186287409378234,0.0039817195727102,3
"20580",1.55887533464024e-05,0.00110460336009253,0.961746169043344,5.0909834641847e-06,1.0737276854865e-05,0.0280154978969874,0.00910231268591097,3
"20583",2.58282378486322e-08,6.49479219227695e-08,1.21568110132779e-06,1.72122817115411e-07,0.999931389131915,6.71136862176936e-05,1.86017891516254e-08,5
"20586",0.000606411284913912,0.00105756426674501,0.976793792432249,2.45048615627236e-07,3.63571597733224e-07,0.0112908844336395,0.0102507389622393,3
"20589",8.84263611739219e-05,0.00639908101234184,0.403780474592986,1.0927936359904e-07,3.56754076875509e-10,2.78394011490625e-06,0.589729124457266,7
"20591",0.0790155408407648,0.828716896465997,0.00413795626683717,1.16300359167308e-05,1.26402113805278e-06,0.0880904248974475,2.62874718989813e-05,2
"20593",2.25842034604413e-06,4.51645036322627e-05,0.004744741429771,8.02705362804653e-10,1.32797177788086e-09,1.48975969343327e-09,0.995207832025814,7
"20595",9.03531908827958e-05,0.000115470069381858,0.972744897308013,1.28222296391945e-08,1.11129289692494e-05,0.000440849139886601,0.0265973045406367,3
"20597",4.99994925915794e-10,7.85638718447879e-07,3.31399566739411e-07,0.999358786890807,1.48173680846601e-06,0.00063861335233361,4.8177098936189e-10,4
"20599",5.10322344222508e-09,1.31766103261312e-08,1.71093551939278e-07,4.02413558773871e-07,0.999968894360286,3.05064512334612e-05,7.40153588327959e-09,5
"20601",3.91239803874035e-05,0.0268457259824805,0.00317762067626501,3.40730816711083e-06,0.000105830744931333,0.96982728847037,1.00283739876655e-06,6
"20604",1.94943636718676e-05,3.47194068346876e-05,0.147378741781855,1.02807915378111e-09,4.53196504431129e-07,1.10199411002467e-06,0.852565488228944,7
"20606",1.87494679501431e-05,0.000474232023126163,0.0951860266003734,1.44802384852127e-09,6.92985348424502e-09,6.3130073895503e-07,0.904320352229934,7
"20608",4.69786153301995e-06,0.0396109184632107,0.53455048355481,1.6218907483235e-06,1.54463576331042e-07,9.71880385987493e-05,0.425734935727523,3
"20610",2.22326253848746e-07,6.28739018939133e-06,1.05161268170912e-05,3.30001786257502e-07,0.998975518542421,0.00100693809441773,1.87518114709534e-07,5
"20612",0.110898682979098,0.000215694788609688,0.079184833744123,0.694654192042249,0.000878722763151766,0.000486295913961262,0.113681577768806,4
"20614",2.0067463798604e-07,1.08079569317883e-05,2.90698346609392e-06,3.70310991938367e-07,0.989519354241989,0.0104663481876513,1.16443314760297e-08,5
"20616",0.000104128031505669,0.00131956921745312,0.0372894361810509,3.48908289699002e-05,0.00022906330569529,0.960977380572669,4.55318626560507e-05,6
"20618",0.998808299147422,0.000859457673989466,9.11625692709812e-05,4.38764308974972e-10,4.63564711000773e-06,0.000223433198859067,1.30113245846152e-05,1
