"","V1","V2","V3","V4","V5","V6","best$classification"
"19812",0.000342323234871728,0.00211189220001435,0.00410298702379267,8.92844488135672e-18,0.950321640917638,0.0431211566236826,5
"19814",0.000208856311624035,1.02583963336691e-05,9.49786537311112e-06,0.00287736837416322,0.146384321153807,0.850509697898699,6
"19816",0.00650868312759004,1.25224773647842e-09,0.826895718344811,1.65694034651444e-19,0.166595597244728,3.06238045770758e-11,3
"19818",0.00264636941251362,3.18577053477694e-07,0.00501791606543939,3.69128918179812e-05,0.984609320980052,0.00768916207312386,5
"19820",0.00970630495654757,9.22832913701639e-07,0.990281228976452,1.46926898302956e-50,1.15432340870961e-05,3.02537740096749e-55,3
"19822",0.984177454444299,0.0113780873430765,0.00442658731313454,1.90484165024497e-43,1.78708994896496e-05,1.05407561864844e-63,1
"19824",0.886861223694215,2.35749103866005e-10,0.112999840417842,3.86638714747224e-15,0.000138935652189833,6.1054471073162e-27,1
"19826",0.070555680824076,9.0201845518344e-07,2.4766434678065e-05,6.02789353891555e-12,0.77217089581406,0.157247754902703,5
"19828",0.00162435082072577,1.8926897377164e-05,0.979472681824564,1.24883089481851e-25,0.0188840404573326,4.38604984164461e-26,3
"19830",0.00616108900405349,0.00494628540168727,4.74092163706823e-11,1.90699162829175e-12,0.950624475733884,0.0382681498110592,5
"19832",0.000193064904019164,0.889802139163159,0.00636338170778859,1.40754067219693e-38,0.103641414217938,7.09563937696584e-12,2
"19834",0.0143286597035869,3.45551088852802e-05,0.24359599662502,2.25294723355971e-21,0.742040788562507,9.47913518400213e-17,5
"19836",0.0163137052154903,6.79117544305646e-06,0.00230065481079627,1.2382367483924e-27,0.981378397715952,4.51082317839698e-07,5
"19838",1.5202862121167e-06,0.00012012057029427,9.73239962365251e-12,3.56610130850552e-08,0.0168052634672549,0.983073060005493,6
"19840",0.063470321526891,1.36638043545642e-08,0.143376076758928,2.47068564545531e-26,0.793153587854837,1.95539030916826e-10,5
"19842",0.126503397685177,5.74343595499866e-07,1.83987246489088e-23,6.13232119018442e-14,0.000104342480386288,0.87339168549078,6
"19844",0.280819319388484,5.15152790160399e-09,1.17110080292932e-18,0.719180675457343,2.64521040940399e-12,1.87410377139083e-23,4
"19846",0.000882953761344042,3.12554978066679e-08,1.12102831553825e-17,0.100675698661713,0.000567377233532975,0.897873939087912,6
"19848",0.000188419360866042,4.78730916750954e-07,1.91483734828708e-15,0.980430619833815,0.001348919931786,0.018031562142614,4
"19850",0.0176354298870853,2.17312580599008e-06,1.28521789651254e-10,0.00307747358331584,0.0402917334941085,0.938993189781163,6
"19852",0.00845011148935346,5.91164429544801e-07,0.522202193197437,1.60944536426496e-09,0.469332679095435,1.44234439000026e-05,3
"19854",7.90428495133209e-05,9.28100024018795e-06,1.39636059000133e-14,0.981331179966674,0.00342190365756615,0.0151585925259922,4
"19856",0.995699230687915,3.68317130644495e-07,6.75165523661046e-15,0.0036258811246997,0.000674519869220925,1.02677606184227e-12,1
"19858",0.99997425393565,4.72557476140342e-07,3.16769442121848e-07,1.44674665419437e-05,1.04892708899645e-05,1.29608403641091e-22,1
"19860",0.0232825778302523,1.21415611127308e-06,0.337195802615391,3.86854310712516e-15,0.638953238390982,0.000567167007259853,5
"19862",0.000304110581750921,1.10421436410344e-07,9.56889041791321e-20,6.02286337495718e-09,0.000202104593123859,0.999493668380825,6
"19864",0.999999994031384,5.96738211423255e-09,1.53136169662597e-23,8.25982460225526e-34,1.2333634762627e-12,1.59735080263184e-27,1
"19866",0.469308227049432,2.77039954996827e-11,0.0531055801287003,1.32262502367806e-29,0.477586192794163,2.28730530561447e-18,5
"19868",1.46617078621201e-09,0.999999998533746,3.84566293582513e-28,2.40887885676356e-45,8.31686951113653e-14,6.47890684523812e-45,2
"19870",0.0010014484655637,3.40407303545203e-07,1.75625219336121e-09,2.21060958607256e-06,0.0840498107185443,0.91494618804275,6
"19873",0.0547804510089261,1.72466901472836e-09,0.000544615336669694,2.42286044486552e-09,0.932511524737511,0.0121634047693636,5
"19875",0.00883044980091242,2.10761763116333e-05,0.966783427464564,3.13046074279544e-33,0.0243650465582115,1.47056159308579e-16,3
"19877",0.00604036172769139,1.12259372132298e-05,0.000260586452148287,9.87244211233209e-06,0.837416725283075,0.15626122815776,5
"19879",0.00359843638586443,5.81562387251536e-06,0.00477451116371698,5.53393403950408e-08,0.991621172966117,8.52108882005748e-09,5
"19881",0.0920269973775121,2.5675834985428e-08,2.57412031480569e-07,5.58129858637339e-09,0.907565977254574,0.000406736698749306,5
"19883",0.0936058042630692,2.95433883706267e-09,3.81359627116184e-09,5.28437500380785e-11,0.283011695788301,0.623382493127851,6
"19899",0.0132801798141325,0.000734904180860717,5.68520595331832e-05,9.06628817946604e-26,0.985928063836265,1.09208514833459e-10,5
"19908",0.99999933013443,5.50197807580733e-07,4.68267906780575e-17,9.16758031961203e-33,1.19667762086766e-07,2.22809151055532e-33,1
"19910",0.00514039722325755,2.29998733186464e-07,0.164408960024303,7.76734554415186e-08,0.829927262966711,0.000523072113540266,5
"19912",0.0375509918337789,7.7438976138505e-08,1.52151474563318e-22,1.31056477553834e-09,0.00114389508008175,0.961305034336599,6
"19914",0.0204377830331616,8.22042734156239e-05,0.0171591728789192,9.48046216053611e-11,0.962320816080972,2.3638727171677e-08,5
"19916",0.999997112782095,2.55115849494969e-10,2.74004566544935e-06,7.29103578856137e-27,1.46917123676716e-07,9.39988853358937e-35,1
"19918",0.010490837408852,7.07178335549498e-10,4.54402973048574e-09,0.174216692478027,0.0731090526513609,0.742183412210552,6
"19920",0.00241894713538743,4.28153760415361e-09,5.47324652645446e-14,0.993399334750062,0.000923284263829887,0.00325842956912827,4
"19922",4.16758276583361e-10,0.999990587139962,3.523816581194e-07,5.08707690156127e-35,9.06006092663326e-06,6.94552557318195e-13,2
"19924",0.00898076009451806,4.07126310140512e-06,4.14644373474301e-05,0.0199867370500394,0.953194456396162,0.0177925107588313,5
"19926",0.00488409922453396,0.00743907655730025,5.82741238704838e-05,4.97087827645662e-32,0.987618550093383,9.12182100684122e-13,5
"19928",0.999999815497668,1.84502331857126e-07,4.75974082615653e-38,2.95199459918974e-31,1.42051502845783e-18,5.2703827957734e-23,1
"19930",3.73823920416137e-05,3.47072940322444e-06,1.70668603342962e-06,5.63883778607968e-09,0.0418825425013657,0.958074892052318,6
"19932",3.00258673756021e-06,6.57432773646206e-06,4.17099731518212e-12,2.79524196794215e-05,0.00404290572999641,0.995919564931679,6
"19934",0.0149157516797269,3.48977463346104e-05,0.473581550971078,1.01662475730731e-15,0.511467799602859,1.33735282708249e-15,5
"19936",0.00156106963780563,0.0105920440928586,1.70426875627207e-05,8.24425471268089e-14,0.983934399099287,0.00389544448240374,5
"19938",0.728750534058095,0.000202441270346304,0.0120990136357244,3.69465677388859e-21,0.258948011035834,2.67906414984596e-34,1
"19940",0.0126390888571226,1.15415181883391e-08,0.000818285249389542,1.68053146663029e-07,0.984009646263047,0.00253280003577652,5
"19942",0.999999998454902,9.77396727101749e-10,8.80479803642311e-27,2.2102336825945e-29,5.67694561856539e-10,6.32882491527808e-15,1
"19944",0.0284230386671008,1.94828990978304e-07,0.152605237548009,1.62986807329883e-11,0.818968455177884,3.07376171655583e-06,5
"19946",0.0507214651610432,1.06066415678524e-07,0.036275066484442,7.18715696728541e-05,0.912103192373202,0.000828298345223876,5
"19948",0.999999998792658,1.82701632359017e-11,1.68456571377589e-24,2.35074930173404e-22,1.39184236959374e-10,1.04988784484843e-09,1
"19950",0.00127718888329734,2.04011259458926e-07,1.50552264335906e-20,0.998721917066465,6.88391241429424e-07,1.64773716970815e-09,4
"19952",0.999999998792658,1.82701632359017e-11,1.68456571377589e-24,2.35074930173404e-22,1.39184236959374e-10,1.04988784484843e-09,1
"19954",1.4758379522982e-05,1.04692172119224e-06,3.62987249357291e-09,5.01873684616364e-06,0.0102668936716586,0.989712278660379,6
"19956",0.998610897833939,0.00129752119952987,1.1179320754987e-26,3.24674165580949e-07,3.21715489801994e-05,5.90847433848143e-05,1
"19958",1.27000596084551e-11,0.999999999987299,8.70371453768023e-19,4.15302812282782e-37,3.6756511563332e-16,6.29314999104356e-32,2
"19962",0.855308540256008,5.91256075072755e-05,6.30543987756683e-06,2.14716438019078e-06,0.144623880053908,1.47831866277189e-09,1
"19964",0.0261774558934346,6.97962694624786e-06,3.27827999714397e-05,2.47003529552711e-08,0.973776900048912,5.85693038307974e-06,5
"19966",0.800492740612589,1.07287754350288e-06,0.00528666706855992,8.44602714320367e-47,0.194219519441308,1.71852213408166e-37,1
"19969",0.0363315442122812,7.29736074826793e-08,9.93301476241578e-09,9.23834240720949e-16,0.64827207904985,0.315396293831246,5
"19972",0.723621410412776,2.29179201301802e-07,2.33384091862932e-12,0.0244247241351032,0.166622142888627,0.0853314933819586,1
"19974",0.0120576764957173,5.90979963133842e-10,1.05287691303989e-26,0.969635345601844,2.44909781182282e-07,0.0183067324016778,4
"19976",0.0276779033102242,8.17471080267335e-08,0.000202149550037892,0.00281805878919918,0.954717003784719,0.0145848028187116,5
"19978",0.0118334820580307,5.58346071995167e-09,0.481792614715676,9.24256145300624e-12,0.506372141738811,1.75589477904433e-06,5
"19980",6.42944455687073e-05,7.49470115241563e-07,3.027180982045e-16,0.939692957174,0.000837662369683418,0.059404336540632,4
"19982",0.142110566577794,0.010424924441531,1.76358312116181e-12,0.665455854145577,0.181790561532131,0.000218093301203307,4
"19984",0.0340592251642082,1.95976395220277e-09,1.095840970611e-15,0.965939593818719,1.17905659671229e-06,7.10538045708478e-13,4
"19986",0.113722218919276,1.53272148557685e-06,0.882073365356652,1.78236962915e-43,0.00420288300258685,1.14288686044834e-42,3
"19988",0.0325646500950194,2.23016045761464e-05,0.967408556444651,4.68934796928843e-56,4.49185575297878e-06,4.78621574517765e-61,3
"19992",0.0252743570164884,1.85600068863713e-06,0.974611629865846,1.49460928932591e-34,0.000112157116976833,1.80367014390188e-42,3
"19994",9.48659337830518e-06,5.24114122179648e-05,2.64660859534229e-06,2.06637209939633e-10,0.0390109883358455,0.960924466843326,6
"19996",0.00945673037748637,3.75383437374474e-07,0.989420012702801,4.36684907603233e-30,0.00112288153627501,4.57383309411849e-36,3
"19998",0.982302461706237,1.0067877339022e-09,6.27165968096932e-12,3.06936606885194e-17,0.0176975372785269,2.1762822658769e-12,1
"20000",0.000996646978147861,0.95467340167909,4.15628815183387e-19,2.57981120649434e-23,0.0442875574764436,4.23938663189561e-05,2
"20003",0.000465356771555089,0.000730900190190049,0.000114533678407531,1.08930065245839e-21,0.98306570374765,0.0156235056121977,5
"20005",0.000595153617937951,8.21477155300457e-08,2.024662697595e-18,0.999022270573194,0.000192337138128657,0.000190156523023572,4
"20007",0.0241398526667174,2.27116770379259e-06,0.0102042456612675,5.19740263469598e-17,0.965653630427507,7.68038668994623e-11,5
"20009",0.999500299885351,9.8043008801768e-08,0.000135710798731286,2.39961938072765e-21,0.000363891272908858,2.78357470103329e-36,1
"20011",0.150598036161923,5.54215344535213e-08,5.03746166244444e-09,0.000673504746403678,0.842223038760843,0.0065053598718343,5
"20013",0.00474712121125695,5.88466551623306e-06,5.85360618846408e-08,0.269198265040981,0.301109742580738,0.424938927965446,6
"20016",0.911533006404621,3.30490764064409e-06,0.0883176490684418,7.69170283476508e-32,0.000146039619296553,1.13452054034354e-49,1
"20018",4.31480416638309e-06,0.999995639981619,4.5214214614039e-08,3.59157965274398e-96,1.70586376047543e-22,3.36448160744681e-97,2
"20021",0.00319116149118385,4.85841591147481e-06,0.978176482705148,1.95680992832113e-34,0.0186274973877454,1.11123661342367e-14,3
"20023",0.0880071744749646,4.95466398041052e-05,0.216608960525296,1.08813829599925e-11,0.695334318172163,1.76890534898085e-10,5
"20025",0.064618352685338,0.933568949562021,0.00181269766127416,1.03110362188098e-76,9.13668720123991e-11,3.45109707641532e-57,2
"20027",0.00863968980195735,3.38829242385459e-06,2.03400733070082e-15,8.86947872135413e-17,0.0150840741428237,0.976272847762793,6
"20029",0.0742442759530101,6.08714664259068e-09,5.60237455749506e-14,1.11608003752441e-08,0.0579586167061703,0.867797090092817,6
"20032",1.78418870704845e-05,6.69759171435525e-06,7.3408203685976e-13,4.73337092865527e-12,0.00302006334108512,0.996955397174663,6
"20034",0.999999186575273,8.99126083441791e-09,8.08328187195076e-20,1.18418598084845e-22,1.44554425056736e-07,6.59879040882867e-07,1
"20036",0.886021574749604,1.5119732104059e-05,6.25223973405172e-10,3.50989216011995e-10,0.113963290072481,1.44695977856077e-08,1
"20038",0.000832141777415383,0.00117566663140058,0.941051919669549,1.85852614360376e-48,0.0569402719216353,9.95422555202507e-30,3
"20040",0.999506474816123,0.000105635997090348,0.000387888984445313,5.02041407847706e-43,2.02341513177577e-10,2.34213092900396e-61,1
"20043",0.0063449532373121,7.47365234886428e-05,0.978298013193333,3.04279258008462e-27,0.0152822970458667,8.80781428698627e-19,3
"20045",0.0477450035968226,0.00126453526640093,0.950990405887945,5.66857154815515e-44,5.5248831901854e-08,1.22405769979295e-63,3
"20048",0.0104454153002198,9.9514762848939e-08,3.52579818251238e-23,0.989554485160542,2.44680258867991e-11,7.63908823135882e-15,4
"20051",0.105409755444877,0.00478919375564806,0.0181813721408406,1.28242430347478e-15,0.871619674949532,3.70910116294305e-09,5
"20053",0.460065178852972,2.92911727986171e-09,0.152519062223741,7.15593080227459e-10,0.387415755278558,1.87255395685078e-14,1
"20055",0.000319492101103552,0.165016515591383,0.0083902826594964,2.50404817000735e-57,0.826273709648017,6.77412969397786e-25,5
"20057",3.88512566533784e-13,0.999999999999611,1.62591524862899e-42,6.59727674017183e-52,5.80078151753144e-28,7.64206109681511e-50,2
"20059",0.550181823887262,0.0012900963161601,0.243795925837178,3.33162339262332e-20,0.204732153959399,4.46466233152932e-17,1
"20061",0.171393710867453,5.92655980040278e-07,0.250421065039672,8.4518979970306e-20,0.578184631320227,1.16667211637353e-10,5
"20063",0.999999786942278,2.13057674918599e-07,1.18163946987389e-16,4.69566910686077e-14,7.74541624950219e-19,1.97446578734872e-52,1
"20065",2.51864672417184e-06,0.954882132153203,0.0451153323327192,1.07472852331175e-90,1.68673542081673e-08,1.1754033486341e-56,2
"20067",0.183513343509186,0.000624907297594518,0.814627135801715,1.3364483654328e-15,0.0012346133915029,1.69513870109227e-30,3
"20069",5.22448589554485e-05,1.03234999950587e-06,4.58304524907862e-16,0.989789819783759,0.000507655157783849,0.00964924784950161,4
"20071",0.668244852501814,1.29182183851249e-06,2.02010102141081e-07,5.04759797167286e-26,0.331753653666245,2.14146607039957e-16,1
"20073",0.0989145164443657,4.92918313709071e-09,5.84359000884892e-09,0.891933840416342,0.00905588112110348,9.57512454152369e-05,4
"20075",2.48864653268777e-12,0.999999999953287,3.29558920514618e-22,2.4607221752941e-57,4.42241638551973e-11,1.07468486153619e-36,2
"20077",0.0232072477855552,1.07415586655552e-08,0.859686464732392,1.21330025946329e-13,0.117106276740364,8.85512201188634e-15,3
"20079",0.999710727324781,4.21398800706387e-07,1.37798553630676e-06,1.9215936055129e-11,0.000287473271665916,6.57165618409392e-19,1
"20081",0.000243153871567561,0.472149617776462,0.299560912778808,1.75910555354142e-26,0.228046315573163,3.49664463594873e-22,2
"20083",0.999993497262941,2.44991531717922e-06,3.89995937642674e-18,6.66381292655117e-10,4.05215536041242e-06,4.97384462899309e-23,1
"20085",0.00810062898159347,0.000106110264964654,0.991790969330639,1.16898272476368e-61,2.29142280245612e-06,6.95584113542448e-59,3
"20088",0.0191107345035741,3.61388450083742e-05,0.970823756050539,1.31727262687419e-31,0.0100293706008787,6.01027411381106e-25,3
"20091",7.98931765512002e-09,0.999999601545159,2.80978846611807e-07,2.62547521781696e-39,1.09486676587877e-07,2.30921790078723e-38,2
"20095",0.999994203174327,5.49749691216694e-08,8.48168337303502e-14,7.34576112781839e-09,5.7345048576817e-06,3.90709770102853e-25,1
"20097",0.00824298020300929,0.00217097094645399,0.989583001507733,2.75611058347331e-65,3.04734280386022e-06,9.908503739371e-59,3
"20099",0.999125528629835,7.58577132729971e-15,0.000300454342809491,2.79188859860622e-15,0.00057401702734509,8.39855214449902e-25,1
"20102",0.0992905002872551,0.900709485268892,2.8695627146295e-12,3.55152015735182e-10,1.40858316159951e-08,5.75831150999405e-27,2
"20105",0.0890926918333225,1.65741904203081e-07,0.903744856726179,5.4132811764617e-21,0.00716228569859412,7.9900041686065e-23,3
"20107",0.0134428496272447,2.68981208540795e-07,0.793167452803408,1.47871732821527e-26,0.193389428588139,4.3314292883381e-24,3
"20109",0.902157401592499,1.38698795622074e-10,0.0858436109923221,5.29604147694921e-05,0.0119460268617066,4.30786696726338e-15,1
"20111",7.40483028260722e-12,0.999999998964433,2.45840083037966e-22,2.91850865732429e-23,1.02812701315252e-09,3.48776256975031e-14,2
"20113",0.122774069211828,1.53917881887829e-07,0.00499837277965749,3.09896272022559e-34,0.872227404090633,2.04471012563248e-17,5
"20115",0.00391350153924331,0.347883416935422,2.08640804386108e-12,6.85828794486463e-17,0.050106065119024,0.598097016404224,6
"20117",0.000367884219792236,0.999632115653118,9.58841882611034e-18,1.85928235145096e-60,1.270896058586e-10,2.50339445211703e-49,2
"20119",0.948797440344916,2.91085030827715e-09,0.0150848516398807,2.63586763910445e-48,0.0361177051043529,4.54636637366141e-31,1
"20121",0.0319013770847015,6.00643645134066e-06,0.912523812181948,6.49498025264351e-34,0.0555688042968987,1.83279138843759e-29,3
"20123",1.09451433239357e-07,0.999999549846097,2.98643938107764e-07,8.14101405491802e-65,4.2058531419302e-08,1.54732539305275e-44,2
"20125",0.000341998273971442,1.30544799905346e-05,1.2524993218612e-10,0.000289533820396554,0.0114098378457606,0.987945575454631,6
"20127",0.0137586342312513,8.55719231179062e-06,0.986231198026773,2.24967402929481e-36,1.61054966421824e-06,9.12332792706209e-51,3
"20140",0.0018690484872749,0.14731394875155,1.92789447846894e-06,2.16853901649997e-43,0.850815074866696,1.28078706407823e-18,5
"20142",0.00089493984296289,5.90129535608741e-07,1.49433460723441e-19,0.999065554696539,1.93184978888137e-06,3.69834811733195e-05,4
"20144",0.00164015115640165,0.918904965243702,7.60444524120249e-15,1.68145335230861e-12,0.0571283625278673,0.0223265210703405,2
"20146",0.95951498110015,0.000851844305900767,1.44820088727395e-10,1.73832171588342e-05,0.0396151173141491,6.73917820985899e-07,1
"20148",0.00794334551479014,4.0929550092142e-05,0.000184800056813061,5.31475932425725e-14,0.894989174746901,0.0968417501313506,5
"20150",0.00123579389785233,3.48316988402933e-08,1.23398910505344e-21,0.59117860722808,5.8602302069887e-05,0.407526961740299,4
"20152",0.00832596377311674,5.12024542403828e-05,0.000562984547398919,6.00511812706322e-10,0.923602370340439,0.0674574782842933,5
"20154",2.08595759384922e-05,0.999870323653401,0.000108816455601902,8.58674363134667e-43,3.15058746462678e-10,2.11461128217776e-55,2
"20156",0.764886077704868,0.000313167911270135,0.000202359823135617,2.89449821880596e-09,0.234598391666222,6.40486288832319e-15,1
"20159",0.00245458934694571,3.26872816882408e-05,1.34013727652002e-16,0.996544352569765,0.0009681852767048,1.85524896490521e-07,4
"20161",0.99898442074992,6.84354442555846e-06,7.93206216832583e-14,0.00100129911206519,7.43658477983666e-06,8.72995532678877e-12,1
"20163",0.00508213461370521,0.049975488076753,0.000456757359299763,3.15704622144688e-31,0.944472422346403,1.31976038386833e-05,5
"20165",0.996024186847899,2.54689855106988e-07,1.36313011116463e-05,0.00395520427711308,6.7228840214543e-06,4.89732910140024e-21,1
"20167",0.000975458793772475,2.04409106741306e-07,6.68201768012395e-05,0.000463289019464027,0.198636758384767,0.799857469216089,6
"20169",0.00149943153850879,7.23666717612127e-08,1.83700137420827e-22,0.998500494894667,1.06036327476029e-09,1.39788653937232e-10,4
"20171",9.09683826704876e-05,0.999908755324372,2.76292952262773e-07,1.46141330830325e-47,5.34028962639697e-15,2.4483471998993e-70,2
"20173",0.999999999993848,4.55929040636491e-12,9.90604427140875e-13,1.99951639183328e-15,6.00380363277121e-13,1.71147126903978e-31,1
"20175",0.00807253686950759,3.49039553841989e-05,1.89967081029764e-07,0.000371963182840988,0.711787240000841,0.279733166024345,5
"20177",0.980810513374668,2.964319421955e-08,5.59574695221095e-05,1.11815531546803e-18,0.0191334995126159,1.53617320101016e-21,1
"20180",0.0116905915778432,0.000573248465231984,0.986727808852273,6.51388530845823e-65,0.00100835110465144,1.36858972836107e-34,3
"20182",0.109801595409983,0.890198344353278,3.17134968985625e-46,6.02367381904914e-08,3.08544832712637e-21,4.29756640365008e-22,2
"20184",0.00340718551744757,1.30813241707274e-07,1.42950252546969e-11,0.994275109851942,0.00218301080945851,0.000134562993615328,4
"20187",0.999955247704281,1.62237389804529e-10,2.44103049328551e-11,3.90781123453543e-12,4.47521032287123e-05,1.93456015365696e-12,1
"20189",0.131178755994954,1.73830010760259e-10,0.509306930590086,3.85563522721137e-24,0.35951431322181,1.93194058830981e-11,3
"20192",0.564279112318875,0.435666867431678,5.40195346375031e-05,5.66010794108696e-58,7.14810147741502e-10,1.53059645223998e-34,1
"20194",0.999952636189003,3.08615854833108e-09,1.02415783088223e-22,9.83789468413448e-06,3.68700956565331e-05,6.52734497598715e-07,1
"20196",0.000663512618152731,0.214936475700181,0.784374321193598,9.79047995857913e-51,2.56904880681414e-05,6.96996865435343e-47,3
"20198",0.163118934037683,0.00990634874095521,0.00034344286992023,1.2193268650845e-13,0.826627331291032,3.9430602882996e-06,5
"20204",0.000278372305879087,4.81846001060533e-05,2.55059345569195e-14,0.205411566301453,0.00487112655939486,0.789390750233142,6
"20207",0.0392284402998232,0.226724401321751,0.72955576370672,4.47239784740649e-26,0.00449139467170567,2.40580484588849e-39,3
"20209",2.74638243341781e-07,0.999816145761997,2.92586522811473e-19,6.60323489570264e-46,0.000183579537791004,6.19690962887663e-11,2
"20211",2.51234254417411e-08,0.999990509676716,8.2428200634843e-06,5.5498384316626e-50,1.22237979488906e-06,3.97584277258523e-35,2
"20215",0.128669813077297,1.4351971861457e-06,0.71438846824369,9.52201377151636e-30,0.156940283481826,9.50617460650174e-20,3
"20218",0.000235490765954007,3.12391720147062e-07,6.82506776926754e-18,0.998000872689766,2.23042534409358e-05,0.00174101989911865,4
"20222",0.0114372323638414,0.421000967106756,0.511625043064121,5.16326092998826e-27,0.0559367574652813,1.22731562887196e-26,3
"20225",0.502791873991587,0.303236877821633,3.99107284546679e-16,1.22137740896254e-11,0.168899282001075,0.025071966173491,1
"20229",0.314159113560859,0.0100358569240137,3.38744668417532e-09,1.95787261980946e-31,0.675805026127194,4.86383323181814e-13,5
"20232",0.00519996438611357,0.00168158030626214,0.00122254145336947,1.47007278851351e-22,0.99189591385423,2.43909921789609e-14,5
"20234",0.00285897384415882,0.848701541726775,0.148439484428941,2.77319460305752e-90,1.24903900717605e-13,2.17244775717702e-81,2
"20238",0.613226903053342,1.06294651382106e-05,0.355127861730076,5.428992525746e-26,0.0316346057514435,3.54041437923188e-27,1
"20253",0.0506349921993954,7.89984428447984e-07,0.94550054702553,9.16103987085059e-40,0.0038636707906465,1.07545003748888e-37,3
"20255",1.94570682099404e-06,0.00137215254573915,1.19248665826287e-08,8.94809295722217e-10,0.0716370382392299,0.926988850688534,6
"20258",0.00480711196358145,1.93899145395474e-06,0.994500823935854,1.89715658118217e-40,0.000690125109110472,1.3390700957601e-30,3
"20269",0.0964994364531868,1.26461609187187e-07,0.870334607177186,1.01766416336427e-10,0.0331658298062515,2.39230466224411e-16,3
"20271",0.470279771978007,2.17140137410167e-07,0.528790119491437,3.52474546138962e-48,0.000929891390418665,5.18812025495964e-33,3
"20285",0.99403712482297,7.41076400219497e-07,2.19187779125981e-16,4.17456165920617e-15,0.00596213409991757,7.07718580903655e-13,1
"20288",0.0647346186738803,1.19075952102799e-05,0.0440145605979708,4.81449937561295e-25,0.891238913132939,1.60102503595262e-19,5
"20291",0.00468846238934595,0.86675389903943,0.12446124728298,1.83679581979338e-36,0.00409639128824465,3.31951469717223e-42,2
"20295",0.999537676561444,2.2975361603953e-09,0.000450977991065391,2.52019579908699e-20,1.13431499544229e-05,4.88222259258967e-18,1
"20298",4.97580190138628e-05,5.09477467303937e-06,3.85161914686755e-13,1.38625303761831e-07,0.00731805840941532,0.992626950171209,6
"20302",0.126047072959219,1.40616204092862e-06,3.67969709556676e-11,0.829624883586488,0.0441467043083001,0.000179932947154558,4
"20305",0.000261171052097823,3.5246696828574e-06,1.64306819958388e-14,1.25280709897328e-12,0.00749680409434607,0.992238500182604,6
"20307",0.0177366329277273,8.60674298009508e-05,0.974845047463689,5.14922067907691e-35,0.00733225217878248,1.35396274860551e-36,3
"20310",0.334507558604977,8.71052895833795e-05,0.665405335720531,4.03237152715578e-62,3.84908891445859e-10,1.09079744308465e-68,3
"20313",0.0415127199511729,3.00217607664143e-08,2.38058942818806e-26,0.958487229880247,2.01191241763313e-08,2.76953910305155e-11,4
"20315",0.0129753846295072,5.75956004807099e-06,0.573587082107036,1.99503049300088e-34,0.413431773703409,7.1511102835843e-30,3
"20319",0.00876104760148245,0.971931431581513,0.0193009068912836,1.07434757951509e-59,6.61392572132574e-06,1.13475546557003e-44,2
"20321",0.126922970047539,1.53163975525674e-08,0.87304802439898,1.10821751287225e-33,2.89902370836583e-05,8.73504612085697e-36,3
"20327",0.0167835956852466,1.81323179149204e-09,0.982376556103162,2.18957094818006e-34,0.000839846398359536,1.08225011809093e-32,3
"20329",0.999999318938736,1.76288645594009e-11,1.98066123508074e-26,5.77330309649429e-09,1.39730634028139e-08,6.61297268854796e-07,1
"20335",0.00375834651299563,0.0548431403924053,0.941394890904687,1.14755314348529e-37,3.62218991256857e-06,3.26404667179237e-48,3
"20337",4.40703790785852e-05,3.22765350663239e-06,3.21510613014882e-15,0.999153272873085,0.00069137649369478,0.00010805260063169,4
"20339",0.00383067751656762,0.99616580865123,8.72165954647698e-13,4.69082575539549e-56,3.51383132993025e-06,1.50185059366238e-25,2
"20341",0.000795630287984773,0.999203375537863,9.87478403098715e-07,5.57295677204105e-27,6.69574902151803e-09,3.72392157604692e-50,2
"20343",0.928294804918884,0.000268530226692498,0.0714365951111142,4.68845423527681e-27,6.97433094711667e-08,7.13810890636314e-51,1
"20345",0.00999040537120443,0.000106057581757759,5.10275398618384e-07,5.91859246400483e-23,0.987780791909726,0.00212223486191284,5
"20350",0.908683551462345,0.0910066105126461,6.26620183100546e-12,4.02307722653383e-22,0.000309838018742669,2.29078708427238e-26,1
"20352",0.00134872596390126,1.52190116085188e-08,2.87847351325558e-18,0.99865123729301,2.11003509217559e-08,4.23725984616268e-10,4
"20355",0.987451399011947,0.00010464712138686,1.11454553531288e-10,0.0118965823154813,0.000547371438740649,9.89876828625262e-13,1
"20358",0.998990259338146,2.72337504762216e-11,9.5529425796636e-25,8.35041266048921e-08,6.71280616743201e-07,0.0010089858498764,1
"20363",0.048775565071656,7.96570118797082e-09,0.950581352230864,1.00835058369481e-29,0.00064307473177902,7.82525039045001e-28,3
"20365",1.65362224708406e-06,0.91125775983122,0.0150268031846495,1.34165034247097e-37,0.0737137833618837,1.06704141880879e-22,2
"20379",0.000192863969302386,0.665750204894903,5.34120535967451e-10,2.50429799640423e-07,0.232641289128729,0.101415391043145,2
"20387",0.00447306210770524,0.000242806077186646,0.987345108085564,1.3902399344793e-27,0.00793902372954415,1.89825019275596e-22,3
"20392",1.15650564812934e-08,0.999912867882333,8.71083286848757e-05,5.72191232315641e-65,1.22239251792012e-08,1.81313944950596e-41,2
"20395",0.0310238841370242,0.000285972257183312,0.000231642601821332,4.28053055110304e-06,0.745364211413429,0.223090009059991,5
"20397",0.99999937426309,1.68765841205095e-11,3.30001045440656e-41,6.2572003106901e-07,2.54975485483372e-17,2.90844974213328e-15,1
"20410",0.0102575011051556,1.35314013886076e-05,0.936591001391605,4.43816679751829e-43,0.0531379661018508,9.45157018065497e-17,3
"20414",0.0842445346828271,3.34607702085661e-06,1.48900328437621e-07,0.0114887438535513,0.292382582951239,0.611880643535033,6
"20417",0.00125652098420053,0.998743478791482,2.24317843208096e-10,2.5041518704952e-112,2.9138294848406e-24,1.83848469736904e-108,2
"20419",0.0161429972276043,9.07655271235569e-13,0.983650589783992,1.46955503145733e-33,0.000206412987496174,3.6589798971813e-39,3
"20421",0.0239021787548247,0.898393174108996,1.9667914411527e-07,0.000343540105863101,0.077360520288117,3.90063054949672e-07,2
"20423",0.000930607306641778,0.00252258030456177,2.12844343857049e-10,0.101467362541193,0.0744033290993066,0.820676120535453,6
"20425",0.0297256830854675,0.00207677591834494,1.7591388767218e-10,0.0668816542676333,0.89636529655872,0.00495058999392049,5
"20427",0.0312140363203354,4.68107058883023e-06,0.0305608704541265,1.66965813861233e-17,0.937794975708619,0.000425436446329995,5
"20429",0.998846640218408,1.41430701458052e-07,0.00115234861996997,4.59862286688733e-29,8.69730920194095e-07,2.86548890948139e-42,1
"20432",0.257362456886651,3.1113650363996e-07,6.23629842687102e-14,0.137757792070791,0.00347195052044666,0.601407489385545,6
"20435",0.336833773779748,0.00846508423430529,0.0319276365522143,5.43622207008706e-29,0.622773505061661,3.72071770930911e-10,5
"20438",0.152722274068475,3.43382391279865e-10,0.840713578601166,6.29793082636114e-16,0.00656414698697611,2.12600254930066e-26,3
"20440",0.0278070207764157,4.55642166513438e-08,0.968803278798828,4.021477328755e-24,0.00338965486054016,6.28827921326751e-35,3
"20443",0.639064809759855,5.8352626692391e-06,1.86063949579023e-13,0.360891814323902,3.75406533852145e-05,2.53654167592671e-15,1
"20446",0.268290697883522,1.29341093174767e-05,2.98712807108008e-05,1.73450045200592e-14,0.731666496724863,1.56973849001059e-12,5
"20449",0.0384711907608425,0.000317355648909986,0.0496090263381668,1.08149137735479e-23,0.911602427251958,1.22258678221391e-13,5
"20537",0.0185924548445753,0.359452889093645,0.619781952342622,5.37968793490532e-26,0.00217270371915747,8.83577109311374e-27,3
"20540",5.76653155642628e-09,0.999866595873707,0.000133398149387885,2.0415146222297e-68,2.10373343510119e-10,3.34682551662734e-49,2
"20543",0.00649238502958963,6.09214341130691e-05,0.0587911072872916,4.90065717179827e-12,0.934655560747915,2.54961898625101e-08,5
"20545",2.07984865685021e-09,0.999997490391488,2.50088855299713e-06,5.310964169754e-47,6.6401107559243e-09,4.30463221736658e-38,2
"20549",0.000677902748673532,0.00268513798553883,0.0163368105294209,0.000704364192798433,0.973899464754268,0.0056963197893003,5
"20551",0.00433291830280054,5.1217600822222e-05,0.776050363667075,2.54287323875677e-11,0.219565500402999,8.74288556272228e-13,3
"20554",0.00210888838796821,1.43704841219757e-06,0.942290970401475,9.86287166990445e-18,0.0555987041621441,2.00900725151829e-16,3
"20556",0.000380569094503445,0.0283027281672864,0.000110105967436459,2.84538106258072e-18,0.97120659676234,8.4340429201942e-12,5
"20558",0.00425810769666988,1.31443494991005e-05,0.993473878713198,1.24315015588641e-29,0.00225486924063285,9.60734673177802e-31,3
"20560",0.0484385993014667,4.21242242580053e-09,0.874975976440497,4.13223254180401e-08,0.0765853787219496,1.3385506965006e-12,3
"20563",0.011256849353655,6.75939591189934e-06,0.988735782772046,2.6651837862982e-37,6.08478387082085e-07,6.87051909663102e-47,3
"20565",0.478713804663139,7.75141958610438e-05,0.0640095138485629,1.82234060315934e-11,0.457199167274207,7.28550311130799e-15,1
"20567",0.050336902259076,8.07519421197009e-06,6.53431875056897e-14,0.921311985145478,0.00220531801692078,0.0261377193842483,4
"20571",0.998416914789074,0.000513114171311304,5.09975885133812e-05,8.77041987758909e-44,0.0010189734511013,3.36772551314424e-42,1
"20573",0.0203058515756887,1.90599786604791e-05,0.59756572768498,1.68103870616651e-11,0.382109360743835,2.51874991954302e-14,3
"20575",0.231114233197098,3.67779465464745e-09,0.768207886085558,1.11340758599729e-36,0.00067787703954936,1.5069535599105e-39,3
"20577",0.00441681049166566,2.51801600123233e-05,0.000235561061990081,7.52127363464336e-20,0.995322444537841,3.74849084472431e-09,5
"20579",0.166571219602794,3.89062335189145e-12,1.63916411972959e-29,0.833428777412186,5.7434575207506e-11,2.92369422724411e-09,4
"20582",0.0132800670962791,1.15371419283941e-06,0.986681364990231,3.65188290333041e-45,3.74141992967147e-05,2.83012520297457e-46,3
"20585",1.10104437122942e-05,0.96119168041648,0.0334081055777557,1.23915447438706e-41,0.00538920356205239,4.32781939649782e-19,2
"20588",1.44794108824921e-05,0.999658599936841,9.3160174082689e-10,1.51754393194148e-26,0.000326919720675116,1.82857950193833e-24,2
"20590",0.00563433236026663,2.7258930567567e-11,3.76652843103526e-26,0.994115499949883,2.59724373326793e-08,0.000250141690154369,4
"20592",0.0167229792875114,3.34376604954448e-08,0.983217528657788,2.2360498854614e-29,5.94586170399233e-05,6.13435326742274e-46,3
"20594",0.0045590538355179,7.60902764242299e-06,0.995378045092302,5.49476385030739e-53,5.52920445376429e-05,3.03990553502661e-45,3
"20596",0.0852964176746941,3.27314893464045e-10,0.301202643447952,2.25003616554495e-13,0.613500938549812,1.6466010706991e-15,5
"20598",0.0096960213297894,8.42908539896095e-06,0.743484817864812,9.16294653266764e-16,0.246810731714103,5.89598900849181e-12,3
"20600",0.000818799266802893,0.498998505775097,0.0010666750968407,3.09795527592243e-14,0.499116019853145,8.08354570272471e-12,5
"20603",0.00732795194853227,0.198441494673872,8.64222745814701e-10,1.03385512083747e-06,0.590081820941894,0.204147697716359,5
"20605",0.0131139121690098,9.53959389164782e-05,0.643589847365574,7.96601174441699e-40,0.3432008445265,9.4178844922026e-27,3
"20607",0.00720812579321312,1.53240967203778e-08,0.819408334151581,1.36680560448782e-24,0.173383524731109,1.00386552254367e-18,3
"20609",0.00243529259119814,4.2846201564578e-06,0.942448558654202,1.09745998095338e-20,0.0551118641344355,8.46461102157305e-15,3
"20611",0.000317427306706345,6.54196070207568e-07,4.12231586332208e-16,2.17560362661051e-06,0.00206258727962563,0.997617155613971,6
"20613",0.000512467172192314,0.000671155232371851,0.569948309471863,2.40802961229285e-23,0.428863529520729,4.53860284414591e-06,3
"20615",0.000915117113064189,0.00625306104102136,0.00703909727374331,2.77577625735072e-10,0.98579268052118,4.37734140045872e-08,5
"20617",0.0140619858929461,2.54371409044927e-06,4.70801324406216e-20,0.985929031723582,6.43826732409375e-06,4.02056731412273e-10,4
"20619",0.0179947072779436,6.71723655792779e-10,0.980755981690755,9.19960241120848e-27,0.00124931035957836,9.24619727868277e-40,3
"20621",0.129978303258685,2.75731705751701e-05,0.0459793711880405,2.20378842310156e-15,0.824014752382644,5.30879483807534e-14,5
"20623",0.572591346122864,3.33605102292662e-10,1.02772723358684e-08,0.427133380462566,0.000275251196712587,1.16069802651113e-08,1
"20625",0.0016641352906221,0.839901182062369,2.76434474249068e-12,1.80342716426778e-09,0.157986681063101,0.000447999777716014,2
"20627",0.0125388595307192,1.23638244395409e-05,0.138022938126237,4.08620600410384e-20,0.849425744190183,9.4328421591423e-08,5
"20629",0.00769643854609989,0.000197552655803703,0.0800612625362598,2.41214897180813e-11,0.912044746180574,5.7141313687745e-11,5
"20631",0.0890922048710541,1.33914455283561e-08,0.910905561029294,2.39808224825259e-31,2.22070820584843e-06,1.47791317181578e-45,3
"20633",0.00614633525079638,3.38551402686718e-10,3.38995095681596e-30,0.993853664355495,4.21754202470655e-11,1.29819326871402e-11,4
"20636",0.689935373872031,6.23764620880266e-06,1.13679318385341e-14,7.65004005522508e-06,0.30338874716149,0.00666199128020452,1
"20638",0.278431892746988,0.00199722791482303,1.90586323471013e-06,1.40056136573745e-35,0.719568973469443,5.51105233886026e-12,5
"20640",4.2427298167244e-05,0.269537516761641,0.671106523898634,6.055864478338e-47,0.0593135320415583,4.34418760804749e-25,3
"20645",0.00615075669591765,0.000266420113309731,0.993580367715859,2.36378702128518e-56,2.45547491312434e-06,7.90800589560307e-52,3
"20647",0.0218653256126833,2.52477252418542e-07,9.50927289702993e-24,0.978134421743743,1.66321186994707e-10,6.10573553320713e-18,4
"20649",0.00448624905386563,0.0624460973022553,0.849603051335451,5.3746229610863e-24,0.0834646023084268,6.83180702111186e-16,3
"20651",0.997551016597099,1.02675239402483e-07,0.002448818292653,6.58925303144793e-39,6.24350083571631e-08,1.1491743464445e-62,1
"20656",0.0041382467411013,0.324327821154082,0.671529838513657,7.00286423594512e-43,4.09359115970697e-06,3.58862243480695e-34,3
"20660",2.41821195241303e-07,0.99999969326884,2.72117198393502e-08,1.69847556370198e-57,3.76982444849029e-08,1.53844840452919e-31,2
"20662",0.977574728394908,5.49347538960557e-11,2.19941088181009e-19,0.022265617079508,0.000159652565384166,1.90526541639515e-09,1
"20664",0.999801280529251,4.17306469054505e-11,0.00010418604245015,1.1221583205901e-13,9.45333864557072e-05,2.77133976334533e-26,1
"20666",8.11975969292e-09,0.998771125401807,1.8454724241746e-11,5.75465432467628e-32,0.00121422743208317,1.46390278956349e-05,2
"20668",0.000753302659058418,6.038504618124e-09,1.56048841282827e-12,0.00189244579765944,0.00367324152231383,0.993681003980903,6
"20670",0.993248653903694,2.43883677195432e-09,0.00674635819064841,2.21487740579605e-46,4.9854668208654e-06,4.02095495785695e-35,1
"20672",0.000165468847165799,6.33122439178556e-05,1.57450522744706e-13,0.416288983634266,0.00708340421517853,0.576398831059314,6
"20674",0.0483663333216508,1.11461534761931e-09,0.623540487015359,2.93066443770745e-16,0.328093178479504,6.88703617681976e-11,3
"20676",0.636561011574622,2.90179531151084e-05,1.34340514463417e-29,1.3486104911607e-05,1.11083846751774e-06,0.363395373528884,1
"20678",0.636701421476709,1.30862305088271e-09,1.10239653149454e-30,0.000583704403084125,1.09140417360332e-07,0.362714763671167,1
"20680",0.0029295622185973,5.90659511989546e-06,9.84322346271379e-07,0.0227770127617698,0.205775031927053,0.768511502175113,6
"20682",0.277082071284812,9.586965716126e-07,3.34455429669312e-08,2.80545618195603e-11,0.63519903692943,0.0877178996155884,5
"20684",0.983012021103919,1.74700699374155e-07,8.20649643855651e-05,1.1673271489223e-36,0.0169057392309959,2.68142678164807e-17,1
"20686",0.000118860652697755,1.07739299099995e-07,3.67356966115945e-17,0.999672401283104,2.18707739287168e-05,0.000186759550970453,4
"20688",0.997699916825484,2.32655421503909e-10,1.34626778766046e-34,0.00229409394107293,6.05445818979491e-12,5.98899473335762e-06,1
"20690",6.72659195391542e-05,0.998005019950805,2.27111433625533e-05,8.68045050671833e-59,0.0019050029862929,1.45462037822764e-29,2
"20692",0.0207881212290042,1.46389132718153e-11,1.91513304841474e-35,0.979211877857141,2.40015227765542e-13,8.98975699832712e-10,4
"20694",0.000116385090226446,1.20856971247992e-06,1.73382707585813e-14,1.18362437920177e-06,0.00289952563230762,0.996981697083357,6
"20696",0.0233273650968112,2.34036728059352e-07,2.1792003092992e-10,4.60807456604815e-07,0.818662973083387,0.158008966757697,5
"20698",0.826570513401692,0.000106366636407388,0.00961397457561957,5.48331371583939e-15,0.163709145386274,5.51560489180283e-16,1
"20700",0.99569748610806,6.56909068176149e-09,0.00422057611408695,3.34443070237275e-13,8.19312084277824e-05,3.36524747998521e-27,1
"20702",8.12419643229014e-05,0.996184106031462,0.00220334775517785,5.79708708942822e-63,0.00153130424903717,3.9470821002271e-48,2
"20704",0.00382646796281392,1.98129603553639e-05,0.0793944695843774,2.1242292694248e-17,0.916759247148221,2.34423194691811e-09,5
"20706",0.977308510160599,2.54274118554262e-07,3.45064711977436e-11,4.15487344631132e-15,0.0226912355306954,7.65407120703612e-14,1
"20708",0.0627954885269764,1.44719022553183e-08,7.33963938622074e-23,5.45201648029269e-09,1.39847845801881e-05,0.937190506764525,6
"20710",0.000808310694030068,0.394102939730231,0.0781877620148066,5.85858247266066e-39,0.526900987560932,8.34168186481192e-17,5
