"","V1","V2","V3","V4","V5","V6","best$classification"
"19811",0.00256012346215758,2.93449966904428e-05,0.0516767965520033,0.000869658940605899,1.46589816533794e-07,0.944863929458726,6
"19813",2.48312020266014e-06,8.15903497753639e-07,0.999963035248789,1.07285979584702e-07,1.79824954625367e-09,3.35566432817163e-05,3
"19815",0.0226590605136081,0.00120864979958775,3.19661305450787e-06,1.11146797685261e-05,0.000350473282161761,0.975767505111819,6
"19817",0.00368519548875055,9.82058225108896e-05,9.88307234097037e-06,0.000457154696594637,6.49661837919658e-06,0.995743064301424,6
"19819",3.34904930997081e-05,0.819896099818339,6.88169668401525e-10,3.52758583056613e-07,0.180032394421777,3.76618200313004e-05,2
"19821",0.000780706641864877,0.000999816165341193,0.015602662127676,0.0201369010094873,2.31125527022555e-07,0.962479682930104,6
"19823",0.000874594520836525,0.000364131425828194,6.02346798711528e-06,0.000168506426193767,0.0428840491861239,0.955702694973031,6
"19825",0.00556819964205135,0.0966383563860645,0.00434305867072442,0.890863847424678,0.000293175731923417,0.00229336214455829,4
"19827",7.02652138732936e-05,0.000306277806605948,8.98346712744008e-07,0.297284952812308,6.16664395490812e-05,0.702275939380951,6
"19829",0.000370796851571296,0.990036774771411,4.50805405338745e-06,0.00735795587896538,7.03340844792185e-05,0.00215963035952049,2
"19831",9.34882357810859e-05,0.856277890994905,1.23169689587886e-06,4.47403550297149e-07,0.143394449403765,0.000232492265103574,2
"19833",0.00248880249323846,1.81068861234768e-05,4.59637030957768e-06,2.61500705949409e-05,0.997460859580641,1.4845990925361e-06,5
"19835",0.000780706641864877,0.000999816165341193,0.015602662127676,0.0201369010094873,2.31125527022555e-07,0.962479682930104,6
"19837",9.23229777650337e-05,0.000634650429885564,4.39464536110825e-06,0.0192577232047785,4.88307903056287e-06,0.980006025663179,6
"19839",0.00164124449404907,0.964670115228698,0.00177586307695321,0.0274478566483457,2.2365157279926e-05,0.00444255539467384,2
"19841",1.05393006797959e-07,1.15750441326253e-05,4.76836592784254e-05,0.999923102897358,1.83887969023598e-08,1.75146174271989e-05,4
"19843",0.00619036523546321,0.972303458426113,0.0214089618658758,4.96070615112775e-08,7.20174987667118e-05,2.51473667193934e-05,2
"19845",0.000303430952553147,2.43778746497421e-06,0.943029755048169,1.67548173040388e-05,6.65201518540395e-08,0.0566475548743572,3
"19847",0.0259689838816175,0.0050702693219427,0.00936033042924212,1.53705908954109e-05,5.89476692824559e-05,0.95952609810702,6
"19849",5.3745452362343e-07,8.65217709736735e-08,0.999932918612999,2.40846230167914e-07,6.13787732337444e-10,6.62159506878098e-05,3
"19851",0.00138316584753371,3.34148368464836e-05,3.09457557031689e-05,3.15132075627088e-05,8.80973238671363e-06,0.998512150619967,6
"19853",0.000296477542537539,7.43112757240714e-07,0.0232937461207985,0.000448434907230781,5.12293399345388e-05,0.975909368976741,6
"19855",0.000310261441851719,3.53461713686897e-06,0.00113666368494329,0.00277655940280911,1.94570515330665e-06,0.995771035148106,6
"19857",0.0104591575505621,0.007738490931727,0.0154382596540922,0.0156601869755615,9.99384647679505e-07,0.950702905503409,6
"19859",0.00267796988000251,0.000790164686745312,1.80575571003113e-05,0.00808370477239197,5.27605723394149e-05,0.98837734253142,6
"19861",0.00105057238356176,2.82859804666748e-05,0.161976308709375,4.32618969636726e-05,6.54267477412445e-07,0.836900916762155,6
"19863",1.14699271622782e-06,1.00350753908905e-07,0.989480849175898,0.0104829111538444,8.57299446403544e-10,3.4991469487704e-05,3
"19865",7.55895169640164e-06,2.74290733844243e-06,1.90465525053044e-06,0.997011837824685,2.02380959113912e-08,0.0029759354229336,4
"19867",0.0152697451120272,0.000740441513121871,0.0096077901439712,3.2404972112223e-06,1.74987334160494e-05,0.974361284000253,6
"19869",3.51523190181088e-06,1.68493098609895e-07,0.99302124293482,5.98335045633797e-05,1.5952131816731e-09,0.00691523824040322,3
"19871",0.000888742704447603,0.00209636094656975,2.73258244962383e-06,0.0257865030891925,5.19199287074523e-05,0.971173740748633,6
"19874",0.000667870032975488,1.41455743621881e-05,9.492132730868e-06,0.735025755628938,4.67601359366811e-06,0.2642780606174,4
"19876",3.92515736865339e-05,2.43614823128474e-06,0.000452743029693564,0.211360119964769,1.17136871965796e-07,0.788145332146748,6
"19878",0.995338700145428,0.00394071782934853,8.33432182035177e-06,3.67149305629886e-06,5.42541831685266e-05,0.000654322027178432,1
"19880",2.38155605509666e-07,9.5159136267707e-08,1.7446962411197e-05,0.998078581023429,4.48240025264365e-09,0.00190363421701775,4
"19882",0.0161769988291349,2.10961683487021e-05,0.301799972017908,0.00134170820853347,1.5829106699017e-06,0.680658641865405,6
"19885",0.00684694159957048,0.00454637046561335,1.18421998636074e-05,0.00040502733515141,4.28388521050803e-06,0.988185534514591,6
"19907",0.0206908624671564,0.000239744118396912,0.0894119547696499,2.13129291140962e-05,3.61177077458071e-06,0.889632513944908,6
"19909",6.12207217408683e-05,0.990371605268137,0.000172716011951705,5.17858265012646e-06,2.78216482092649e-05,0.00936145776731142,2
"19911",0.000556191427373571,0.953190042117669,2.54852584762877e-05,0.01882932022015,0.000742663955324896,0.026656297021006,2
"19913",5.86416480629743e-08,3.08698245437936e-07,5.33062693230178e-07,0.999975283157286,2.72221727158829e-08,2.37892179548558e-05,4
"19915",0.000224034268377345,1.40394278088164e-05,4.05324362351725e-06,0.30955903810383,3.27554295385998e-06,0.690195559413407,6
"19917",5.23754041920949e-05,4.07548083511025e-05,4.19925028685608e-06,0.982419535450819,6.91910833534432e-07,0.0174824431755175,4
"19919",0.00434842763450697,0.000223706882184171,2.39012369515653e-06,0.0979426152887364,1.86337985512454e-05,0.897464226272326,6
"19921",0.00697735754299167,0.000178609097599087,0.000337543442306358,9.0875803157439e-06,5.03068642675394e-06,0.99249237165036,6
"19923",0.979876586968086,0.00205868259541642,3.21946260828189e-05,1.91339335059574e-07,0.000836310650643431,0.0171960338204364,1
"19925",0.000166326644620044,1.18025245487474e-05,1.66052355294055e-06,0.917198311852288,1.08573970835969e-06,0.0826208127152821,4
"19927",0.000362513360034543,3.44531640346847e-05,3.40894803580662e-05,0.000130738282684117,3.69782246037585e-06,0.999434507890428,6
"19929",3.02580571040692e-07,2.5875446073721e-07,0.384162679784327,0.615630253866075,1.36642481802233e-09,0.000206503648141522,4
"19931",0.000932758260244868,0.000478407300298231,1.41031856066592e-06,0.000550880615229465,3.54426364189437e-05,0.998001100869248,6
"19933",0.000443154172277755,0.656512564952947,8.95076592881364e-07,0.000757377782191706,0.000762548864090095,0.3415234591519,2
"19935",0.0175768922061333,0.0744368957835226,0.000888697096568139,0.00126026475824859,4.81600491005128e-06,0.905832434150617,6
"19937",0.00368572537953817,0.000196313991842898,4.34755326512929e-06,1.27415360058145e-05,0.000116985833112851,0.995983885706235,6
"19939",0.23538935799293,0.00043834451315056,9.36148125836447e-06,0.00112390791580693,3.65685016912766e-05,0.763002459595163,6
"19941",2.33432913028605e-05,0.944826486700599,0.000283648340284012,0.0466680295369645,4.75082511029322e-05,0.00815098387974666,2
"19943",1.94744619106867e-06,8.29868366920578e-07,1.88838711194541e-07,0.99888424538498,2.17161354687636e-07,0.00111257130039655,4
"19945",0.00666255990350695,0.906696871671435,4.11889428138733e-07,3.29902532990706e-05,0.00186506418202783,0.0847421021003031,2
"19947",0.000665520548156569,0.109351489668153,0.0243248369404709,0.844675711510883,0.000111481644209639,0.0208709596881272,4
"19949",0.915270661955826,0.0294964783035383,1.33577091005207e-06,1.3712908861356e-06,0.00259279256308377,0.0526373601157554,1
"19951",0.0467318186924038,0.00106666934024515,1.64669187754465e-05,0.661962560502179,1.53444754973598e-05,0.290207140070899,4
"19953",0.0014957119606312,0.120703794205189,6.72475573088731e-08,3.56062575185734e-08,0.877008276648443,0.000792114331921681,5
"19955",0.25156599298472,0.713943297488737,2.02444265395039e-05,2.1571656047993e-06,0.0325926487240416,0.00187565921035715,2
"19957",0.00034331935038472,0.000936102407874859,3.52324854627748e-05,0.847407515281234,0.00107611909641068,0.150201711378633,4
"19960",0.00579610981381085,0.992415311135725,4.47357579860719e-05,0.00025995604131437,5.8159561658166e-05,0.00142572768950615,2
"19963",5.48217054593344e-06,0.000265177336746369,6.45194227221002e-05,0.945535569209301,0.053621016631913,0.000508235228771703,4
"19965",0.116411825823585,0.883186262303216,6.53614009524988e-05,2.11574245655544e-08,0.00023349248567639,0.000103036829145312,2
"19968",6.54735547222354e-05,0.00142963045930661,0.189897005843937,0.79247402082576,6.33992433638826e-09,0.0161338629763503,4
"19971",3.16858373909582e-05,0.000572914635761426,5.25488656636707e-07,0.997710701469595,0.00166491335187185,1.9259216723956e-05,4
"19973",0.000680660034223242,8.53703477013249e-05,4.66487469785515e-05,0.00293212641018768,3.32194154759908e-07,0.996254862266755,6
"19975",6.44873550903291e-05,3.18596846907937e-05,3.8635549991352e-05,0.964750654695739,2.80252900568416e-08,0.035114334689198,4
"19977",0.000915044887837616,4.93992527014433e-05,0.000133403595209025,0.998181178382803,3.40876656883727e-05,0.000686886215760753,4
"19979",7.91108583686324e-06,0.999751896480763,5.1868086317296e-10,6.6235679471736e-07,0.000238064177672128,1.46538025277198e-06,2
"19981",0.00114044730388315,0.0119515758651773,0.000936715632218688,0.000321619000120594,1.0856584039499e-05,0.985638785614561,6
"19983",0.322639862357955,0.0197599866322728,0.000747828337283382,2.73343699375172e-05,6.53656012951313e-05,0.656759622701256,6
"19985",0.000178954647223876,3.2046382005981e-06,5.88473363779709e-05,0.75436241766305,1.97883653298689e-07,0.245396377831494,4
"19987",0.000306345274586824,0.0340715942635783,6.05214681054295e-06,0.0272077792561582,5.56371220626553e-05,0.938352591936803,6
"19989",0.000119999256718546,0.99645585461602,1.41659668778458e-09,2.99221676693634e-09,0.00340645343299563,1.76882854521909e-05,2
"19993",0.541221268037127,0.16521358777518,1.26541837346984e-06,0.0148171862783787,0.000357532164176491,0.278389160326764,1
"19995",0.0350209780887876,0.758973458081698,9.4979807646289e-06,0.005034566200961,0.000217242119685252,0.200744257528104,2
"19997",0.000440927169227606,2.58050510055637e-05,5.05477490918949e-05,0.00532440046988296,1.47430645527403e-06,0.994156845254337,6
"19999",8.22204442509597e-05,3.95846597965971e-06,0.00115291434268413,0.0299986642791866,8.49923207204592e-08,0.968762157475578,6
"20002",9.77424612640877e-07,0.00021793576825568,0.488828420562423,0.510422361531669,1.32528730164114e-06,0.000528979425738212,4
"20004",4.96510124565412e-05,0.874034499009138,0.000362516277033319,0.00427140669193115,4.15066430557496e-05,0.121240420366386,2
"20006",0.450084801875416,0.538721761119978,0.00214356505758702,0.000666637741116596,0.00160904263581817,0.00677419157008459,2
"20008",0.808903460575739,0.183998001507954,8.46486060327097e-05,9.58803100174891e-05,0.00291829983633798,0.00399970916391844,1
"20010",0.319903372082266,0.64054024602445,2.59526536446107e-08,2.88002007637941e-06,0.0252975541675074,0.0142559217530463,2
"20012",0.00345505763059776,4.18310128878286e-05,0.011306224665765,0.79685867663329,1.44330544284108e-07,0.188338065726915,4
"20015",0.00225695170619883,0.997730404154782,7.80057626871862e-07,3.13666715157687e-08,2.83774497409432e-06,8.99496974691366e-06,2
"20017",0.000120184389207946,1.50676724782586e-05,0.00274748991472406,0.0129374288268932,1.373013812263e-07,0.984179691895315,6
"20019",0.000451709127641712,0.997314822538067,2.19022292108886e-10,5.45278910453828e-09,0.00223326529511476,1.97367364786401e-07,2
"20022",0.00625478822620716,0.989218231484764,2.72187742412213e-08,1.08078312433596e-06,0.0012409821653318,0.00328489012179869,2
"20024",0.00044364693420909,0.426708226569762,1.41326095658208e-07,4.43732012623355e-08,0.572841003334868,6.93746186412161e-06,5
"20026",0.00044364693420909,0.426708226569762,1.41326095658208e-07,4.43732012623355e-08,0.572841003334868,6.93746186412161e-06,5
"20028",2.75407306008924e-05,5.3629815170068e-06,0.000158972130965574,0.07705814163968,4.9320424205934e-07,0.922749489312994,6
"20030",7.11444026854768e-06,0.99983659199715,4.38763627128108e-06,6.9706636147109e-05,4.9982710806393e-06,7.72010190826953e-05,2
"20033",0.000228514961946318,0.00083517354767025,3.62171870219858e-05,0.137994618345021,2.86922526700967e-06,0.860902606733073,6
"20035",0.000811146740065288,0.995817783610916,5.72735897390037e-10,6.21928181626847e-09,0.00337044029948452,6.22557516315168e-07,2
"20037",0.00155330912014886,0.998120316582782,1.82081772021285e-08,1.82455570529636e-10,0.000325655049852208,7.00856584363617e-07,2
"20039",5.45563061785124e-05,0.000156638266961931,1.322835619283e-10,4.61867368827316e-11,0.999788730049431,7.51989584819085e-08,5
"20041",0.976936256532345,0.00796362496421145,6.82113973426464e-06,3.82573882485641e-05,0.00130549531564204,0.0137495446598187,1
"20044",0.863955365735155,0.0554703617659389,3.27416384904946e-05,0.00201306084289707,0.00962612982850217,0.0689023401890168,1
"20047",1.94615162175722e-05,0.993607558477386,1.38508808833823e-10,6.78235373225714e-08,0.00637282823802705,8.38063237580914e-08,2
"20050",0.43291676931243,0.0731614059649916,1.85958486452217e-09,2.28665150548916e-05,0.488246762921195,0.00565219342674425,5
"20052",0.0149353244373389,0.011957814196351,5.8569211978223e-07,0.0211762234835959,0.000759549223360286,0.951170502967234,6
"20054",0.000215406009529617,0.999534841669596,1.53811547869517e-05,3.48523533731866e-06,1.18361126531535e-06,0.000229702319484158,2
"20056",2.72495448275432e-06,0.000120571343966876,5.69488404006377e-07,0.997550206945325,1.88119391034015e-06,0.00232404607391117,4
"20058",0.000287183203050667,0.998735816422775,1.71240894202917e-08,7.27358298755141e-10,0.000964258446989885,1.2724075737081e-05,2
"20060",0.00165367465784606,0.000569013605463902,1.94639292380636e-05,0.000201285893076883,1.1310418686236e-05,0.997545251495689,6
"20062",0.200047910147234,0.0057706804220657,3.40287546849346e-05,0.000108411778992533,1.915439178589e-05,0.794019814505237,6
"20064",0.000391694613984522,0.976448020353684,1.89134050408259e-07,0.000152008677793856,7.20268558688274e-05,0.0229360603646181,2
"20066",3.95487033763874e-06,0.999969009999479,6.09444625893064e-07,7.05589797316421e-06,1.4093896642487e-05,5.27589094146148e-06,2
"20068",0.0139597523314165,5.63176179379087e-05,0.00155738261124563,5.37992446175126e-05,1.56047257743575e-06,0.984371187722205,6
"20070",0.0192067180435904,9.35178399645586e-05,8.54603883870418e-05,2.85019988545293e-05,0.000234649040241364,0.980351152688962,6
"20072",0.0138499725454688,0.98152019098403,0.0043515801731903,2.13911457525417e-08,2.5762491541309e-05,0.000252472414623916,2
"20074",2.36579252443975e-07,5.57138058446773e-08,0.000352329800078067,0.999598269543005,2.65613552966571e-09,4.91057077236604e-05,4
"20076",0.000509257701119975,0.00979679415140731,0.288206739087199,0.649633829799688,1.15155240225556e-07,0.0518532641053455,4
"20078",0.00329946799541004,0.963361362129165,1.02796373789112e-06,9.74641575807287e-05,0.00235125901105769,0.0308894187430485,2
"20080",0.000212720664876599,0.99889169197857,7.26992975857518e-11,1.64393112800999e-08,0.000893866903041159,1.70394150155236e-06,2
"20082",1.0080935849665e-05,0.00338932191022332,2.23917999346938e-11,3.11093208246291e-08,0.996595110182546,5.45583966837205e-06,5
"20084",0.000464297267667967,0.949484193952076,3.00102020713854e-07,0.0257970728755726,0.0120229787695488,0.0122311570331143,2
"20087",0.0581236240043784,0.925824903283193,4.04386533439597e-05,4.98237015225248e-07,0.000564507692091152,0.0154460281299787,2
"20090",0.0503528707586797,0.927080084547739,2.52327124256816e-10,1.42095709463435e-07,0.0225449283944486,2.19739510965709e-05,2
"20092",0.297641718489156,0.0151046873709199,0.000781799204347482,8.23368656553954e-08,0.645978404778579,0.0404933078201321,5
"20096",0.0758359574295821,0.00748672446737064,1.16304939191348e-05,0.00676957352144968,0.39161929508301,0.518276819004669,6
"20098",0.000400665158910936,0.000205950268734409,5.22146797882863e-06,0.135204510341149,6.15758151142984e-06,0.864177495181715,6
"20101",0.000316575734821468,0.998346976967577,2.15922250696347e-09,0.000101113688499688,0.00115293223775855,8.23992121206781e-05,2
"20104",0.0034963025401164,0.000113968141849462,0.435989816869972,0.0012297222276946,0.053570348521334,0.505599841699033,6
"20106",0.00448881388137471,0.99486742051969,7.84759633754647e-09,4.41351595793511e-05,5.04716748954375e-05,0.000549150916863833,2
"20108",3.18986535334283e-05,0.000301719307931074,0.000154611750730126,0.00935110759862675,8.28275254801103e-07,0.990159834413924,6
"20110",0.347280307607876,0.00423591591174889,3.78504982144415e-07,0.110488314138269,0.161943513074237,0.376051570762887,6
"20112",0.256927873473448,0.721778041416967,3.53716279154372e-08,2.08992954708353e-05,0.0114624221555237,0.00981072828696308,2
"20114",6.37752157679541e-05,0.859107108562057,2.2739643108599e-06,0.06345370617508,0.00159496732868137,0.0757781687541026,2
"20116",0.000104571875918,0.978691196133837,3.66437735920638e-05,0.0159759390477657,6.06497815014044e-06,0.00518558419073718,2
"20118",0.000602495465532331,0.0524704502958559,2.7365606529708e-06,0.0486610792127499,0.000202295396148211,0.898060943069061,6
"20120",0.00542280486267142,0.962888306665023,1.92669856362882e-09,0.000671153829729748,0.0252371481392834,0.00578058457659376,2
"20122",7.66005913048039e-07,4.34316503815752e-06,1.41740990642809e-05,0.998173403785807,1.80977526399575e-08,0.0018072948464248,4
"20124",0.000989665668686975,0.99693392942897,1.2564128892551e-07,1.66231825762699e-09,0.00206847640770472,7.80119103134321e-06,2
"20126",6.97665881653134e-05,0.00501202433366203,9.11679801529221e-08,1.15079179042743e-07,0.99491663750507,1.3653259437363e-06,5
"20128",0.000186451466948356,0.170402953387612,1.45034658930329e-09,1.22218206323816e-09,0.829410570901715,2.15711959623308e-08,5
"20141",0.000190836477402337,5.98582974018068e-05,9.88764626072331e-05,0.0478761457092692,0.0161156900680723,0.935658592985247,6
"20143",3.01156115307625e-08,6.00707004234704e-08,7.01183532472591e-06,0.999963528989244,3.77680837895515e-09,2.93652123109946e-05,4
"20145",0.00599986693620526,0.983677244138945,1.87340861691698e-09,4.5229063151736e-06,0.00383707901144857,0.00648128513367731,2
"20147",0.000501274442485211,0.998310134120828,1.7121962888154e-08,3.26539536866168e-06,0.000102272589704834,0.00108303632965071,2
"20149",1.08909883696476e-06,4.68245758738144e-07,7.90321486128968e-06,0.998450021338719,3.42157380700794e-08,0.00154048388608614,4
"20151",0.000534299342128268,0.000250301565465842,4.34736724642122e-06,0.0478693154654812,2.65622766059123e-06,0.951339080032018,6
"20153",0.00331934356352161,0.00122389024194652,7.29329118264052e-08,0.518265173113538,0.00790664220576769,0.469284877942314,4
"20155",0.0371902461332768,0.962568992627736,5.55580714240079e-08,3.2163510093503e-07,0.000131431006138279,0.000108953039676122,2
"20157",7.26753574897624e-05,0.000122880750968087,4.14355954262834e-06,0.412327400903251,8.77147430358635e-06,0.587464127954445,6
"20160",4.2585517874781e-08,1.37217421392735e-07,1.12027459904567e-06,0.999948382170049,9.99308759045326e-09,5.03077593250411e-05,4
"20162",5.91096014888419e-07,1.97833078974776e-07,9.479530241132e-06,0.994891886453296,1.21867049043089e-08,0.00509783290066446,4
"20164",0.00111242890068514,8.2907242179587e-05,3.90585772451461e-06,0.933441138180047,1.44541369721169e-05,0.0653451656823918,4
"20166",8.33534847507376e-05,0.998900412202828,0.000139084542370333,0.000809861925965834,4.55111680340949e-06,6.27367272823626e-05,2
"20168",1.84258470522033e-05,0.00281721540068625,0.99620211102767,0.000942676133754714,3.07538937477343e-07,1.92640518996647e-05,3
"20170",0.000195509675137906,0.000161119879930663,2.07980827121462e-06,0.191074582122481,2.59856770412826e-05,0.808540722837138,6
"20172",0.00202920191562443,0.995213708145229,3.10093606444012e-08,2.33703700660254e-08,0.00101392492829334,0.00174311063112274,2
"20174",5.53780383578996e-05,5.69831772919507e-06,0.180751372031363,0.181788528724663,2.56719253495852e-08,0.637398997215961,6
"20176",1.9609651605299e-05,0.000137618968248665,0.999776599844364,5.18563476778671e-06,1.67236207474048e-08,6.09691773932825e-05,3
"20178",5.19489566220371e-08,1.5064700618714e-07,5.2239474192123e-07,0.999972414419037,2.03168676823198e-08,2.68402733909564e-05,4
"20181",1.28899635649126e-05,0.99682411430859,9.14759127403164e-07,0.00305557916475929,6.7498644196259e-06,9.97519395387855e-05,2
"20183",0.00529423880134315,0.00302372003530316,4.98829420383279e-06,6.32420637071111e-06,0.000665546919541774,0.991005181743237,6
"20186",0.125163486442128,0.0243703901101982,0.00543892511293524,2.18387561386062e-07,0.00410104197760594,0.840925937969571,6
"20188",2.21002173855026e-07,1.57181370056224e-07,8.19675917733703e-07,0.999657873931175,2.37324606171641e-08,0.00034090447690275,4
"20190",0.000145919100202326,0.999819816041494,2.22782841997074e-08,2.11580773430914e-07,1.3646405793194e-05,2.03845934534798e-05,2
"20193",0.000244220450109318,0.00129988256144776,0.0197970369705461,0.978453343468968,6.93069037727382e-07,0.000204823479890874,4
"20195",0.00416209958366874,0.00136664579706552,4.08875051692259e-06,0.745178611933147,1.59394501453651e-05,0.249272614485456,4
"20197",0.0172948942099772,0.981324646664116,8.13694635655416e-08,5.23406325022689e-08,0.000347603109520185,0.00103272230629044,2
"20199",8.21201981833714e-05,4.07511625438337e-06,1.88885876088885e-06,0.901156007703209,3.8937675243311e-06,0.0987520143560678,4
"20205",0.00081438333688334,0.000128028131372902,1.45970146987357e-10,3.0706932535056e-09,0.999046924128785,1.06611862950144e-05,5
"20208",0.00251920439539949,0.00136105559823289,3.7419099447908e-05,0.00917201907083326,5.62551615007794e-06,0.986904676319936,6
"20210",2.89009377772456e-06,8.001288529885e-07,4.27716900387533e-06,0.981941540196116,6.26479477222869e-08,0.0180504297643023,4
"20212",0.000349312073762345,0.00012063989022221,7.54173719677181e-06,0.818190108400561,3.21932516887521e-06,0.181329178573089,4
"20216",0.00014720573027415,0.998217471198457,2.34382166787195e-07,3.60991386972888e-05,4.5453317648045e-05,0.00155353623275604,2
"20219",0.0113553333425274,0.331729146847373,4.67570886751113e-09,4.75286309081756e-05,0.650802254863187,0.00606573164029579,5
"20223",0.00814814226263032,0.989939557110321,0.00167285300742373,8.39995034029488e-10,0.000236777037125894,2.66974250433482e-06,2
"20226",0.944176362964572,0.00407559655511076,2.56113600695594e-07,0.000173051768101345,0.000308171862907944,0.0512665607357076,1
"20230",6.74244446602107e-05,0.99985200488053,1.66812398581826e-08,2.38794035029912e-08,7.33047785068513e-05,7.22533565933942e-06,2
"20233",0.000290215885074383,1.83682727372237e-06,7.80135602380583e-07,1.85840744700451e-05,0.997590159354438,0.00209842372314122,5
"20235",0.129079891920249,0.839517661840053,0.0001506599315516,4.37576226018625e-09,0.0311499475861275,0.000101834346256484,2
"20239",0.20680033289467,0.785509079911242,0.00263659156621947,1.06300832553353e-06,0.000467080734904497,0.00458585188463824,2
"20254",4.6393638049534e-05,0.00385859799360375,3.97158605393536e-12,2.52813108862027e-09,0.996094102673098,9.03163145688949e-07,5
"20256",0.000315021143732087,0.999427882326175,2.84699583902232e-07,2.82867808573626e-09,0.00022846362069836,2.83453811324232e-05,2
"20262",7.30686138816447e-05,8.46426176819965e-05,2.9783920540963e-06,0.515636604738739,2.36500432738156e-06,0.484200340633316,4
"20270",0.000418107578823281,0.979362481453548,0.00215014228089297,0.00327997470128475,1.84111697658625e-05,0.0147708828156848,2
"20284",0.0499199578980853,0.00985691650250344,5.12612360313092e-07,1.8179504181122e-05,0.365794518107235,0.574409915375635,6
"20287",0.00249835011338713,0.997389807241532,9.15589871010305e-08,7.97201578835276e-10,0.000111478055701563,2.72233190372563e-07,2
"20290",0.00400534972828074,0.00169861140405177,3.98794118860978e-10,1.77535292947785e-05,0.991998316085788,0.00227996885379016,5
"20293",0.000738368843266955,0.955411492552266,9.45079241557567e-07,6.30831280538028e-06,0.00200608563602275,0.0418367995763976,2
"20296",0.000579650469173384,0.00791717166675285,0.0181472439659034,0.63170523769269,8.57283939560044e-08,0.341650610477087,4
"20301",0.00100727568484717,0.998571015665483,3.24773160202942e-08,1.14729565794304e-05,0.000409886031408546,3.17184366077732e-07,2
"20304",5.87619321378929e-06,0.00424415555630449,7.6870863787813e-11,5.01102465338022e-08,0.995735744147868,1.41739154964642e-05,5
"20306",0.000237309702599772,0.99772946711453,2.15131044060257e-08,7.716456697518e-10,0.002022848396261,1.03525018584335e-05,2
"20309",0.177005396741241,0.510555421181662,1.85876827050778e-06,0.000117787095471659,0.00388834141229879,0.308431194801057,2
"20311",0.000646139369915181,0.994532084564294,1.26397807821344e-06,0.000259578623020047,0.000763561460566329,0.00379737200412646,2
"20314",0.000684809651751965,0.00167565282820554,5.31065140706927e-07,0.0129836169985068,3.22092870443055e-05,0.984623180169351,6
"20318",9.84889997506589e-08,1.28428916991559e-05,8.13099688219318e-06,0.999859396260623,6.52579980423565e-08,0.000119466103798154,4
"20320",0.512082004299033,0.000928191864121102,1.96164672173086e-05,0.00146796834008973,0.00173359670922019,0.483768622320319,1
"20326",0.00031434162817939,0.00228726969122889,1.23595200776918e-06,0.0297746157520636,7.99955234663743e-05,0.967542541453054,6
"20328",0.161001393440166,0.000919789084091745,9.00975935136807e-06,9.61181350167412e-06,0.00143043496262037,0.836629760940268,6
"20330",0.833050713067133,0.162501559123377,8.46059622397951e-07,6.47952154397606e-07,0.00414835316518864,0.000297880632524667,1
"20336",0.00224202550967366,0.0114750120879559,1.1495683438151e-08,4.50851858413988e-07,0.961657002565305,0.024625497489524,5
"20338",0.00319194991955735,0.0153521683757319,4.2409490897566e-09,7.69435632647873e-05,0.980176217178947,0.00120271672155032,5
"20340",0.000141597322015475,0.999436985007378,4.21471881499703e-08,1.56663164017648e-08,0.000419256973090368,2.10288401165118e-06,2
"20342",0.0214617693848928,0.000411095118226372,4.25769604073483e-05,0.000259674489161095,0.977717938140622,0.000106945906690005,5
"20344",0.000222284653318038,0.99803630380185,2.43609858313796e-07,1.9986139848692e-07,0.00053519061475234,0.00120577745882245,2
"20349",3.67304978351613e-05,0.99980978666489,1.1364657819476e-07,1.84814815386876e-09,0.000135196732605591,1.81706099432966e-05,2
"20351",0.00885400795465301,0.927611414411556,1.08364227755646e-06,0.000398382954661878,0.0132394128762918,0.0498956981605599,2
"20353",0.676317604645525,0.298142193499049,1.40039157705417e-08,2.92870472142552e-08,0.0253614476032793,0.000178710961183054,1
"20357",0.00215921921076493,0.000778184369026781,1.48214215750813e-10,1.87468773034619e-10,0.997057886500422,4.70958410300917e-06,5
"20360",0.711587855293696,0.00486733472956305,0.00025830976626734,6.39881483625057e-07,0.283214021390248,7.183893874287e-05,1
"20364",0.254564748488489,0.712368593043333,3.68150487043225e-08,8.01641458790723e-06,0.00240003437786978,0.0306585708606716,2
"20366",0.000642908316298137,0.000962665618264287,8.86366187262125e-09,6.83704756884419e-06,0.99163453613248,0.0067530440217266,5
"20381",7.33316587978818e-06,1.0912443070904e-06,0.979666103320423,0.016711243297025,1.25444323580308e-07,0.00361410352804148,3
"20391",0.539069028366837,0.179540680583318,0.241910934190335,2.82428678733073e-08,0.0161083269787639,0.0233710016378789,1
"20394",0.0191426914726569,0.000125346473589489,0.00268036508059108,0.000750553953502593,1.80150042905799e-06,0.977299241519231,6
"20396",8.89044030089114e-05,7.27547264127182e-07,0.785267707027941,0.010211552087731,1.15422019368495e-08,0.204431097391853,3
"20409",0.00016310075094105,0.614525061425665,6.50334489381725e-06,0.136718999478496,0.000894191491085121,0.247692143508919,2
"20411",0.0237505095544479,0.861012715581343,9.86274843050912e-09,1.57606403275176e-09,0.115031344137208,0.000205419288187992,2
"20416",0.000152112356993065,0.0284127700462377,1.32639495846059e-10,1.87393905232788e-11,0.971435095311333,2.21340577286324e-08,5
"20418",1.18614591946025e-05,6.53240673818242e-07,0.800466437862488,0.049769769260249,6.08302653840944e-09,0.149751272094368,3
"20420",0.00118493991439451,2.33921694852138e-05,1.02379118311553e-06,0.000171123729396595,0.971741315927984,0.0268782044675565,5
"20422",0.032471721500407,0.966848000568549,4.38273701846498e-08,3.86540837362033e-05,0.000279028357992965,0.000362551661944591,2
"20424",0.0770517345253765,0.881934735431591,4.53002771562039e-09,5.35232090174793e-09,0.0408703431764895,0.000143176984194967,2
"20426",4.15490613141682e-05,4.02643281441979e-06,4.57695039766484e-10,0.000100197457356562,0.999844722017379,9.50457344067837e-06,5
"20428",0.124911429797811,0.835073819631895,0.00251190679206547,9.01678365353772e-06,1.47809339246593e-05,0.0374790460606504,2
"20431",0.228359077370963,0.0227623142361669,1.75797939434563e-06,0.0759781677363885,0.00408177117555372,0.668816911501534,6
"20433",0.000593791537822936,0.99925154546329,0.000139854810400402,9.14305106447518e-09,1.34825369673598e-05,1.31650846863845e-06,2
"20436",6.08480336930562e-05,0.00734755489408876,0.992546396717661,7.81931690643369e-06,1.44685165161638e-07,3.72363524852648e-05,3
"20439",5.80900315638083e-05,3.32070426904496e-06,0.287724402029996,0.184361105812246,2.11488957527157e-08,0.527853060273029,6
"20441",0.0140574376372955,0.000719708566885159,4.32622482616583e-10,1.3243177504359e-07,0.985164444968461,5.82759629606205e-05,5
"20444",7.99538487441753e-08,8.35579474032316e-08,2.35919508121084e-06,0.999805668775254,6.35208694381964e-09,0.000191802165781455,4
"20448",9.08955791381263e-05,0.00921407458983151,0.000189785653792821,0.114877414063965,0.00101562843966234,0.87461220167361,6
"20536",0.00548952160718113,0.00014446442905763,0.813051511337305,8.6209443886314e-06,3.60699960217906e-07,0.181305520982108,3
"20538",0.000329532858941972,0.218623501803741,8.11011485264308e-06,1.0643008913767e-06,0.727930349800592,0.0531074411209814,5
"20541",0.00334112406850498,0.933778299694493,9.24262563039849e-11,3.98871967051269e-09,0.0628762221882366,4.34996761959175e-06,2
"20544",0.00234079278613342,0.193040980841918,3.18055270063134e-06,0.00277166293532396,0.000688247753934907,0.801155135129989,6
"20546",0.00825838030064656,0.984994052506243,9.1483796138978e-09,6.48679112238708e-09,0.00601508794748893,0.000732463610451558,2
"20550",0.990804061224601,0.00489083532380838,1.06587187313686e-06,7.69166465045707e-05,0.000258989639625927,0.00396813129358704,1
"20553",6.69698539730975e-06,0.0205628972770014,6.74649105643507e-10,1.88021240531317e-07,0.979430211768252,5.27345921260655e-09,5
"20555",0.00414248739372856,6.28393129492221e-06,4.59927757876478e-07,8.09813890066215e-08,0.994542541862905,0.00130814590292425,5
"20557",0.946190958796755,0.0117294027845925,2.95517575051128e-08,0.000253641559861831,0.0142316936171696,0.0275942736898637,1
"20559",0.00022456148313623,0.999512980120548,3.60707025085035e-09,1.00138570022612e-06,4.70877658323115e-05,0.000214365637713381,2
"20561",0.000476500778888698,0.000764879368293998,5.03209009964677e-06,0.197028441855136,2.67714045288381e-05,0.801698374503053,6
"20564",5.19489566220371e-08,1.5064700618714e-07,5.2239474192123e-07,0.999972414419037,2.03168676823198e-08,2.68402733909564e-05,4
"20566",0.12857336275965,0.807115404931174,5.5336071758615e-05,6.89522720017924e-05,6.2649313503592e-06,0.0641806790340657,2
"20569",5.73734186255695e-05,1.20689352117676e-05,0.000475388826932803,0.0885818033076174,1.34924533177072e-07,0.910873230587079,6
"20572",3.34656001649064e-06,7.60794841423567e-06,0.000760874890637825,0.90475452884262,2.03507121566624e-08,0.0944736214075997,4
"20574",0.00171921981700141,0.996334288687528,6.4809445880562e-10,2.1931501163419e-06,0.00178980177278642,0.00015449592447294,2
"20576",2.36191752084142e-07,1.19609857710252e-06,4.3367683087289e-07,0.99977592164274,6.40091792430399e-08,0.000222148380920182,4
"20578",0.0284125371230202,0.780118259121827,1.47111894309293e-06,0.00407487857564371,0.000543316400994149,0.186849537659572,2
"20580",0.00192101015183781,0.847897466617405,1.75459221570534e-05,4.15774930296179e-05,4.87178802812279e-05,0.150073681935289,2
"20583",1.48569864317244e-07,8.40141583694347e-07,4.12031426907735e-07,0.999887175025744,4.84989155972028e-08,0.000111375732465705,4
"20586",0.00215160800918617,0.918150972925869,1.05259170316388e-06,1.82348797212659e-06,0.00159493912648653,0.0780996038587828,2
"20589",0.00461006646268007,0.995243338950087,1.19191789520267e-07,5.54289332476622e-10,0.000132714393026532,1.37604481278944e-05,2
"20591",0.797402593247947,0.00110824943336439,1.94766184390186e-05,2.81406878329767e-06,0.0462859603143609,0.155180906317106,1
"20593",0.000357195247422064,0.999592289297397,8.13340082633905e-09,1.17114168545659e-08,5.041631325448e-05,7.92971092215873e-08,2
"20595",0.000227492064043702,0.996445134771809,4.36814961747388e-08,2.86078939883637e-05,0.000239939530082888,0.00305878205857996,2
"20597",1.30956228773098e-06,8.37836827706011e-08,0.999236071595132,3.66549437245361e-06,8.24829236909951e-10,0.00075886873969568,3
"20599",3.04923362869214e-08,2.07050838724512e-07,9.22613797331446e-07,0.999955584651859,1.07996546749229e-08,4.32443915137588e-05,4
"20601",0.0174494810384437,0.000221065357796616,5.20172350823507e-06,0.000164839881052313,2.29931173362862e-05,0.982136418881863,6
"20604",4.18236687666463e-05,0.999902900554814,1.94746366043275e-09,6.13108563318444e-07,4.86001476729923e-05,6.06057271925661e-06,2
"20606",0.000547266994745008,0.999391197750056,3.22846819502879e-09,1.40475528766477e-08,5.67797741787564e-05,4.73820499897894e-06,2
"20608",0.0229539458312598,0.976762975208568,1.5238617217996e-06,1.7649424941164e-07,7.23040870466109e-06,0.000274148195496918,2
"20610",1.08086963761384e-05,6.86388617343606e-06,7.29041464820894e-07,0.998585573271984,3.47040494091172e-07,0.0013956780635074,4
"20612",0.000327907784757977,0.232580028824209,0.610929688304575,0.00104016328779107,0.153756802382421,0.00136540941624588,3
"20614",1.40102525888056e-05,9.11571574149152e-07,7.78693655503418e-07,0.99060204446523,2.18244014769229e-07,0.00938203677293629,4
"20616",0.000926324861303046,0.00477221145879013,4.57316734318155e-05,0.000337793725872451,7.17326968020449e-05,0.993846205583801,6
"20618",0.00164463214420957,0.000174455743138809,1.95728002247926e-09,1.24971694017802e-05,0.997286839108631,0.000881573877338719,5
"20620",0.000102587884468524,0.999430838422652,3.13632983318796e-05,1.96037289749182e-05,3.05999256702451e-05,0.000385006739902559,2
"20622",3.23555029270166e-07,4.20543849145027e-06,2.7141900558097e-07,0.999316901746113,1.02207669236405e-07,0.000678195633691684,4
"20624",0.000454707521274733,0.971597684276754,2.88379281030223e-08,2.39524890216091e-08,0.0276478957635066,0.000299659648047796,2
"20626",0.00795906474456465,0.764077220004535,0.213926088208655,0.00100906378305313,1.01991197399514e-06,0.013027543347218,2
"20628",0.567058867888354,0.144082224609112,0.160156941926713,0.000302417918434243,9.99282540183917e-05,0.128299619403367,1
"20630",0.339274202842062,0.587153529322037,3.50965767805031e-06,0.0108738243029991,0.000151293363114117,0.0625436405121095,2
"20632",1.2390238053185e-06,1.08124150705664e-07,0.000973759470719468,0.988298817504806,2.75038105055669e-09,0.0107260731261378,4
"20634",0.00100117743987215,0.998952978659749,7.28240759706585e-09,1.01771093620427e-08,3.74641351417715e-05,8.36230572062435e-06,2
"20637",0.000818206795540089,0.00689593274622119,7.25169469267023e-12,6.74258196739743e-06,0.992260655215679,1.84626533409367e-05,5
"20639",7.91270038504176e-05,1.19502393506017e-05,4.45461647110321e-06,0.48780408996208,2.16825386297908e-06,0.512098209924385,6
"20644",0.000514083212149511,0.309939002296544,5.49464551698269e-06,2.24206946462855e-08,0.689541373233113,2.41919815165104e-08,5
"20646",0.318830312907656,0.667219284100815,0.00140822665945589,9.69410935244455e-06,0.0124875384068099,4.49438159115353e-05,2
"20648",0.000454423109724628,7.36399359947596e-05,9.41107941393398e-07,0.00441545924300094,1.52470073076047e-05,0.995040289596031,6
"20650",0.00144658608342756,0.67454536954388,1.98056306913432e-08,2.13145681829253e-08,0.323937506947998,7.04963044960744e-05,2
"20653",0.0420734311789779,0.000275027603463109,0.000109664506554196,0.00216956076058521,0.000282739878347574,0.955089576072072,6
"20658",0.000814601528721367,0.998978270763873,0.000158511138171054,1.09714457827532e-08,3.67458189512742e-06,4.49310158938964e-05,2
"20661",0.000460170766973299,0.0349532120826192,0.000105414160452517,6.28080737805993e-07,0.960595240576847,0.00388533433237065,5
"20663",0.0221369156074808,0.59946766769623,4.22769016809943e-06,3.39985186148523e-06,0.00161471138508907,0.376773077769171,2
"20665",5.63537331446103e-08,1.51752967921134e-06,2.97001596620753e-05,0.999929066462194,2.77606013654407e-09,3.96567186719492e-05,4
"20667",0.908823947274693,0.00358693088619257,0.00537217302972811,4.06879809231261e-05,6.11079324252752e-05,0.0821151528960379,1
"20669",6.75642693145991e-06,5.3165830124056e-07,0.97148625846547,0.00012117010549422,3.16031518245513e-08,0.0283852517406509,3
"20671",0.0048038294984752,0.150168505868849,2.27888198785387e-10,5.95261072781264e-05,0.843343009247136,0.00162512905037362,5
"20673",6.83838991229698e-07,4.75662584391544e-08,0.999201888071883,2.04267088222872e-05,3.71103424198867e-10,0.000776953442941317,3
"20675",0.0015376686536194,0.00768706296953215,0.286550083802076,1.10614016781679e-05,5.44302222363134e-06,0.704208680150871,6
"20677",0.021709536953736,0.598190476405693,0.00080706347742631,2.69209023388446e-06,0.00023494844451367,0.379055282628397,2
"20679",1.68495327089545e-05,1.4038483913168e-07,0.967859361544112,0.000544935883809453,1.21724539664225e-08,0.0315787004820763,3
"20681",0.00176096116114704,6.50077621572215e-05,0.0795778911192564,1.12960707706271e-05,2.34472497628094e-06,0.918582499161692,6
"20683",0.159214363420089,0.414287168030985,0.00547501582618452,8.55826364941251e-06,6.39152534088715e-05,0.420950979205684,6
"20685",0.00949611638047505,7.79600907836657e-06,1.83317253165686e-06,4.8534423962908e-05,0.978090207454493,0.0123555125594593,5
"20687",2.9635951162428e-05,4.22262301650979e-06,2.62362529618818e-06,0.866344629961647,7.4799569751232e-07,0.13361813984318,4
"20689",6.15749795735505e-05,0.142406095132177,1.30666956740525e-05,8.17123124948412e-09,0.857518582035575,6.72985769412561e-07,5
"20691",1.70381962999625e-07,1.97841282017956e-07,4.32680442138041e-07,0.99969436634985,2.5880059460172e-08,0.000304806866403153,4
"20693",0.000130427136684004,0.998723389076898,3.78423672494402e-08,9.70263893515299e-10,0.0011407895441143,5.35542967217126e-06,2
"20695",0.000589107122966209,8.03621674274434e-05,1.41111607782754e-05,0.00113103244553541,4.30655048902018e-06,0.998181080552804,6
"20697",0.000210118545736226,0.999440234697604,6.13505792351789e-10,2.49498882403594e-05,0.000247755520613707,7.69407343001276e-05,2
"20699",0.00522203701099381,0.362779889746397,0.0197788137209712,6.86778888832925e-05,4.6820561099397e-06,0.612145899576645,6
"20701",0.100260309021768,0.865060914701819,0.000721099145717653,1.54287278136152e-07,0.000120744402553354,0.033836778440863,2
"20703",0.00667304280386697,6.23831187619363e-06,0.980575450995451,9.74186041314703e-05,0.000409618208729217,0.0122382310759448,3
"20705",0.0177281852118787,0.977981960476793,6.18348402900025e-08,6.02568284401582e-08,0.00348176223344497,0.000807969986214238,2
"20707",0.0186952650333187,0.00302535511408828,5.66665987464118e-06,5.5701413436686e-06,0.000161759669056005,0.978106383382319,6
"20709",0.000661738354531709,0.0281999670910589,0.000345861083734015,0.873505120925897,3.28014430032912e-06,0.0972840324004781,4
