"","V1","V2","V3","best$classification"
"19811",0.999577071433548,0.000418425995963058,4.50257048898321e-06,1
"19813",0.981985082342951,0.0179118139399735,0.000103103717076036,1
"19815",0.943032705615474,0.0465138727450757,0.0104534216394505,1
"19817",0.997075540195401,0.0027309384454358,0.000193521359163554,1
"19819",0.000210817959906843,0.853474148635924,0.146315033404169,2
"19821",0.996740825154387,0.00325569528159389,3.47956401911899e-06,1
"19823",0.825918854279319,0.00826773249881713,0.165813413221864,1
"19825",0.490962450168888,0.50427972711995,0.00475782271116183,2
"19827",0.997661548885741,0.00199616771808008,0.000342283396178883,1
"19829",0.0284069034403632,0.971209769626077,0.000383326933559285,2
"19831",0.000993518482908675,0.892270769513968,0.106735712003123,2
"19833",0.000264875846421477,0.000290007224852496,0.999445116928726,3
"19835",0.996740825154387,0.00325569528159389,3.47956401911899e-06,1
"19837",0.995154086770149,0.00478328152566346,6.26317041874424e-05,1
"19839",0.0903103912926129,0.90952857047734,0.000161038230046821,2
"19841",0.988725957640155,0.0112120081773024,6.20341825425857e-05,1
"19843",0.000518149966346799,0.999016419105016,0.000465430928637366,2
"19845",0.999558285384796,0.00042440333686039,1.73112783437256e-05,1
"19847",0.936574982843048,0.0623148772341846,0.00111013992276709,1
"19849",0.998153574469007,0.00182045812456163,2.59674064309581e-05,1
"19851",0.997761615115073,0.00186134702250074,0.00037703786242589,1
"19853",0.999498193465052,3.13156260261531e-05,0.000470490908922059,1
"19855",0.999876761664478,9.06620464492138e-05,3.25762890727614e-05,1
"19857",0.981058767289301,0.0189293347012151,1.18980094843937e-05,1
"19859",0.992720772743959,0.00681881821029161,0.000460409045749665,1
"19861",0.999230599524939,0.000745624518527319,2.37759565332561e-05,1
"19863",0.999736850948128,0.00025802283437723,5.12621749515286e-06,1
"19865",0.999509674726782,0.000481974369487674,8.35090372996306e-06,1
"19867",0.979240188010071,0.0200978107480103,0.000662001241918618,1
"19869",0.999898392517093,9.98463277289248e-05,1.76115517810764e-06,1
"19871",0.986488662844793,0.013090337866343,0.000420999288864076,1
"19874",0.999731202026662,0.000209051041009357,5.97469323285831e-05,1
"19876",0.999970650392464,2.76605340562206e-05,1.68907347991772e-06,1
"19878",0.16526773902322,0.808575931633867,0.0261563293429127,2
"19880",0.9999629969444,3.46635391574501e-05,2.3395164420296e-06,1
"19882",0.999658620107874,0.0003105782890141,3.08016031124604e-05,1
"19885",0.950102768093313,0.049760888614977,0.000136343291710504,1
"19907",0.994987627139177,0.00488585419401102,0.000126518666811948,1
"19909",0.017099736885017,0.982742872526019,0.000157390588964394,2
"19911",0.124157048754621,0.873776848019074,0.00206610322630553,2
"19913",0.998953282877157,0.000937061174271252,0.000109655948571987,1
"19915",0.999796459238469,0.000168099083873362,3.5441677657651e-05,1
"19917",0.998303737198481,0.00164739926821611,4.88635333031882e-05,1
"19919",0.997987168582255,0.00184222222999599,0.000170609187748607,1
"19921",0.992348268523899,0.0073757691572676,0.000275962318833937,1
"19923",0.401246148454308,0.44455416746955,0.154199684076143,2
"19925",0.999619651789662,0.000341936734530631,3.84114758075211e-05,1
"19927",0.998506524112522,0.00136073825821949,0.000132737629258432,1
"19929",0.999901707496969,9.69922444734314e-05,1.30025855752725e-06,1
"19931",0.989567739979171,0.00970132404596833,0.000730935974860751,1
"19933",0.199356931238786,0.798256190257631,0.00238687850358245,2
"19935",0.810568922098887,0.189355330317076,7.57475840368718e-05,1
"19937",0.985080785161303,0.010862877631673,0.00405633720702385,1
"19939",0.99045956080811,0.00863598775618712,0.000904451435703002,1
"19941",0.124585034227112,0.875159188650241,0.000255777122646631,2
"19943",0.999516573192543,0.000385609661144315,9.78171463123864e-05,1
"19945",0.0410715358157532,0.95441277229685,0.00451569188739674,2
"19947",0.733140709613953,0.266034993493863,0.000824296892183975,1
"19949",0.177947643223966,0.743239832598392,0.0788125241776416,2
"19951",0.99404163350561,0.00578511964099242,0.000173246853397535,1
"19953",0.00105203934350838,0.277821076953026,0.721126883703466,3
"19955",0.00507878732901968,0.943708772506394,0.0512124401645859,2
"19957",0.989480082639165,0.00654154217108961,0.00397837518974515,1
"19960",0.0128011222368217,0.986823650656441,0.000375227106737096,2
"19963",0.453830828709697,0.0139090945541847,0.532260076736118,3
"19965",0.000486219731669513,0.99827296175334,0.00124081851499088,2
"19968",0.99038143037777,0.00961802272170462,5.46900525742898e-07,1
"19971",0.457681817362,0.196377914798338,0.345940267839662,1
"19973",0.998697452557902,0.00129145451182806,1.1092930270303e-05,1
"19975",0.999219622134255,0.000777940609355053,2.43725639025926e-06,1
"19977",0.988790758985961,0.00704552426316149,0.00416371675087715,1
"19979",5.46520337269969e-05,0.998947162173322,0.000998185792950648,2
"19981",0.927010558253861,0.0728212174541421,0.000168224291997236,1
"19983",0.776304240192719,0.222074944945837,0.00162081486144384,1
"19985",0.999938630441351,5.68620229972764e-05,4.50753565174517e-06,1
"19987",0.912803101988924,0.0868579056739279,0.000338992337148404,1
"19989",5.70830866697711e-05,0.992670246821551,0.0072726700917788,2
"19993",0.530851752613209,0.465977049926442,0.00317119746034934,1
"19995",0.232075566536167,0.766911846512372,0.0010125869514608,2
"19997",0.999528209068056,0.000442815930561955,2.89750013821632e-05,1
"19999",0.999944967043014,5.33692400510689e-05,1.66371693530891e-06,1
"20002",0.98911361629144,0.0107381879010101,0.000148195807550075,1
"20004",0.24976526002248,0.750041368351452,0.000193371626068943,2
"20006",0.0612643239299343,0.931229186086098,0.00750648998396783,2
"20008",0.0591317991962948,0.909803221440595,0.0310649793631103,2
"20010",0.00910231234207399,0.942330104699761,0.0485675829581645,2
"20012",0.999699347951803,0.000297553239976197,3.09880822106213e-06,1
"20015",0.00012083414165295,0.999838798317911,4.03675404358738e-05,2
"20017",0.999827151243148,0.00017017639470904,2.67236214315115e-06,1
"20019",5.99518441208773e-06,0.993666350952649,0.00632765386293906,2
"20022",0.00296651313696813,0.993811669321254,0.00322181754177805,2
"20024",0.000100388642631719,0.580982111022853,0.418917500334515,2
"20026",0.000100388642631719,0.580982111022853,0.418917500334515,2
"20028",0.999930352380088,6.36068798357236e-05,6.0407400761397e-06,1
"20030",0.00250987989086005,0.997440491229379,4.96288797604991e-05,2
"20033",0.996502101150332,0.00347150294647758,2.63959031903505e-05,1
"20035",1.14155552929853e-05,0.991282955797192,0.00870562864751507,2
"20037",7.61940534512191e-06,0.998561389778778,0.00143099081587651,2
"20039",1.82839503966424e-06,0.00185181122426692,0.998146360380693,3
"20041",0.377712908607507,0.531639485547669,0.0906476058448238,2
"20044",0.447628988962362,0.466914261978479,0.0854567490591598,2
"20047",6.97781808198583e-06,0.986794390386376,0.0131986317955425,2
"20050",0.00955527338803949,0.237684349711268,0.752760376900693,3
"20052",0.936857771888394,0.0589214514865533,0.00422077662505236,1
"20054",0.00212256510430581,0.997860845000424,1.65898952698134e-05,2
"20056",0.989328220605072,0.0103603676544779,0.000311411740450482,1
"20058",4.36491390776575e-05,0.997225022004355,0.00273132885656752,2
"20060",0.989012419234909,0.0106694690268943,0.000318111738196663,1
"20062",0.917598192022447,0.0817187941539147,0.000683013823638197,1
"20064",0.0298189776797988,0.969819272642874,0.000361749677327059,2
"20066",0.000339618447935688,0.999541868780838,0.000118512771226601,2
"20068",0.998095096793223,0.00183309982281555,7.18033839615723e-05,1
"20070",0.990902476166881,0.00415603260450522,0.00494149122861373,1
"20072",0.00108167253357776,0.998721807836588,0.000196519629834051,2
"20074",0.999891434103844,0.000100935531606179,7.63036454980592e-06,1
"20076",0.972371325440975,0.0276256656431758,3.00891584886776e-06,1
"20078",0.0332011813316155,0.96152583643553,0.0052729822328541,2
"20080",2.00731091408823e-05,0.997004497016688,0.00297542987417142,2
"20082",6.35459680398211e-05,0.0226298077948797,0.977306646237081,3
"20084",0.064968564409043,0.917024672901767,0.01800676268919,2
"20087",0.0105561140415673,0.987434541711594,0.00200934424683883,2
"20090",0.000109309546620542,0.95870403997417,0.0411866504792092,2
"20092",0.0258088469334548,0.090365087772565,0.88382606529398,3
"20096",0.538812473593425,0.0359026908248978,0.425284835581677,1
"20098",0.998507374588972,0.0014328605998638,5.97648111641752e-05,1
"20101",0.00118999669437494,0.995177609002731,0.003632394302894,2
"20104",0.920474304001097,0.00135695522232453,0.078168740776579,1
"20106",0.00273079190351225,0.996920756424707,0.000348451671780924,2
"20108",0.997829378022386,0.00215767726871353,1.29447089005799e-05,1
"20110",0.690394503320744,0.024784197572217,0.284821299107038,1
"20112",0.01171745361226,0.959581552856897,0.0287009935308431,2
"20114",0.222461596377769,0.774246777849866,0.00329162577236524,2
"20116",0.0648483781839167,0.935097298415293,5.43234007903272e-05,2
"20118",0.878574367678787,0.120537012545357,0.000888619775856055,1
"20120",0.0127508884667549,0.95082845836897,0.0364206531642752,2
"20122",0.999272584196803,0.000720446603201526,6.96919999505327e-06,1
"20124",4.42870636513275e-05,0.995003211326432,0.00495250160991677,2
"20126",7.49358889347405e-05,0.0292286144085999,0.970696449702465,3
"20128",1.91802053458294e-06,0.304993188933937,0.695004893045528,3
"20141",0.977713088959782,0.000575590044578151,0.0217113209956394,1
"20143",0.999795338458636,0.000187563181525709,1.70983598385032e-05,1
"20145",0.00454442524459538,0.987155656618644,0.00829991813676054,2
"20147",0.00228580567739914,0.997227685847796,0.000486508474804998,2
"20149",0.999833996579106,0.000151740433071611,1.42629878224107e-05,1
"20151",0.998014576558306,0.00194753585969932,3.7887581995041e-05,1
"20153",0.968222426366115,0.00839693632318734,0.0233806373106976,1
"20155",0.000456644347327903,0.998827240140848,0.00071611551182423,2
"20157",0.999089198218968,0.000840721965970995,7.0079815060607e-05,1
"20160",0.999642223350698,0.000325335108865837,3.24415404363531e-05,1
"20162",0.999955598370573,4.10591906693271e-05,3.34243875788601e-06,1
"20164",0.998020366871733,0.00164797699545292,0.000331656132814074,1
"20166",0.00497948084081161,0.994961581603596,5.8937555592e-05,2
"20168",0.380678202216851,0.618933962362823,0.000387835420326127,2
"20170",0.998566458112695,0.0012581640165246,0.000175377870779966,1
"20172",0.000966929426739776,0.996372721242109,0.0026603493311508,2
"20174",0.999963647015784,3.59932030654744e-05,3.59781150810427e-07,1
"20176",0.772633268622988,0.22721446904926,0.000152262327752181,1
"20178",0.999404257735087,0.000512078445256476,8.36638196561824e-05,1
"20181",0.00551010359569606,0.994421314283391,6.85821209126316e-05,2
"20183",0.888880927806576,0.0955370567878088,0.015582015405615,1
"20186",0.559896842215238,0.386287707123495,0.0538154506612663,1
"20188",0.999823229687075,0.000150532703158624,2.62376097664246e-05,1
"20190",0.000207107641023062,0.999669317987915,0.000123574371062186,2
"20193",0.917241313191911,0.0825312253558817,0.000227461452207604,1
"20195",0.991994025623284,0.00781759554668321,0.000188378830032452,1
"20197",0.000957440837895755,0.99772354192667,0.0013190172354342,2
"20199",0.999771897505066,0.000140152639775305,8.7949855158972e-05,1
"20205",4.89579658046727e-05,0.00166812336514967,0.998282918669046,3
"20208",0.991130540000371,0.00878986486525618,7.95951343726321e-05,1
"20210",0.999919357290834,7.35388074002533e-05,7.1039017657474e-06,1
"20212",0.998703821291048,0.00124349729515027,5.26814138015179e-05,1
"20216",0.00615794778943041,0.993578103848838,0.000263948361731347,2
"20219",0.00875561138571563,0.498087050840181,0.493157337774104,2
"20223",5.61599746880885e-05,0.99875486849539,0.00118897152992197,2
"20226",0.706980246093372,0.265464209099053,0.0275555448075743,1
"20230",7.62906240051841e-05,0.999488866583303,0.000434842792691376,2
"20233",0.00965664301636776,6.47052733881708e-05,0.990278651710244,3
"20235",0.000342337371962316,0.953499257436615,0.0461584051914229,2
"20239",0.0109232345165505,0.987072038246474,0.00200472723697556,2
"20254",1.10512320796224e-05,0.0223287819927861,0.977660166775134,3
"20256",0.000103451210937445,0.999050266854547,0.000846281934515295,2
"20262",0.999264102267568,0.000708259873774413,2.76378586571524e-05,1
"20270",0.114253315964137,0.885608877075596,0.000137806960267704,2
"20284",0.218352426363451,0.0756023300230597,0.70604524361349,3
"20287",7.92699246742018e-06,0.999326368660892,0.000665704346640625,2
"20290",0.00456704956006374,0.0111237369989633,0.984309213440973,3
"20293",0.0209344392953761,0.974928273794403,0.00413728691022103,2
"20296",0.988332229767583,0.0116665968047928,1.17342762426502e-06,1
"20301",6.74761509955553e-05,0.997781613034645,0.00215091081435987,2
"20304",0.000130608121093005,0.0292006635641892,0.970668728314718,3
"20306",4.07331818771801e-05,0.994873453474215,0.0050858133439082,2
"20309",0.142446875865619,0.845475961309669,0.0120771628247125,2
"20311",0.0162899744037429,0.981325371675263,0.00238465392099441,2
"20314",0.985901267721631,0.0137159706223072,0.000382761656061564,1
"20318",0.994365235078184,0.0055616218171204,7.31431046956614e-05,1
"20320",0.96232763850445,0.0168864832921901,0.0207858782033596,1
"20326",0.985938694438606,0.0134785195432965,0.000582786018097244,1
"20328",0.924470180774417,0.0398479264329484,0.0356818927926349,1
"20330",0.00385994334896684,0.954836219397673,0.0413038372533604,2
"20336",0.0107116881832372,0.0616747752175636,0.927613536599199,3
"20338",0.00583783840316008,0.0667501151412759,0.927412046455564,3
"20340",3.9056942553828e-05,0.998474748849207,0.00148619420823872,2
"20342",0.00441076032149326,0.00313283677850175,0.992456402900005,3
"20344",0.00175455900727803,0.996509223618821,0.00173621737390113,2
"20349",7.94457856393572e-05,0.999330767414188,0.000589786800172382,2
"20351",0.051337505135488,0.929674774274309,0.0189877205902031,2
"20353",0.00060661547667957,0.901678281665851,0.0977151028574699,2
"20357",1.71822144541941e-05,0.00633552576067978,0.993647292024866,3
"20360",0.00271930273159804,0.0579199201012973,0.939360777167105,3
"20364",0.0166920296691871,0.975105927844964,0.00820204248584864,2
"20366",0.00990703049609923,0.0090162625290777,0.981076706974823,3
"20381",0.999803207776084,0.000175851747006985,2.09404769088783e-05,1
"20391",0.0417040232844737,0.879009044671266,0.07928693204426,2
"20394",0.998156967416982,0.0017997781419601,4.32544410581684e-05,1
"20396",0.999978380808286,2.1054679273309e-05,5.6451244089449e-07,1
"20409",0.475106871974858,0.522948287194706,0.00194484083043618,2
"20411",0.000150934664951581,0.892443240303936,0.107405825031113,2
"20416",7.70635016011837e-07,0.0959587158396271,0.904040513525357,3
"20418",0.999984641675389,1.50882035848571e-05,2.70121026160457e-07,1
"20420",0.0531905270938195,0.000475370714530803,0.94633410219165,3
"20422",0.0025665077428325,0.995964946431098,0.00146854582607,2
"20424",0.000158723398013792,0.945344112458289,0.0544971641436974,2
"20426",0.000482207686582883,9.90268688127586e-05,0.999418765444604,3
"20428",0.0439665905073216,0.955902258502193,0.000131150990485109,2
"20431",0.907782089678409,0.0772203950113631,0.0149975153102275,1
"20433",5.92640321746417e-05,0.99981231379715,0.000128422170675441,2
"20436",0.112899472006772,0.886953243643662,0.000147284349566092,2
"20439",0.999975538380376,2.41447509603512e-05,3.16868663626754e-07,1
"20441",0.000250248729914439,0.00618585512244959,0.993563896147636,3
"20444",0.99987796186941,0.000110806928325846,1.12312022646234e-05,1
"20448",0.979143443527811,0.0188671417655794,0.00198941470660951,1
"20536",0.99279582302004,0.00716139823723111,4.27787427287071e-05,1
"20538",0.0276265948338099,0.46125502421908,0.51111838094711,3
"20541",2.07492497217196e-05,0.925870048545393,0.0741092022048854,2
"20544",0.566125249301812,0.430905866181081,0.00296888451710687,1
"20546",0.000424225415994285,0.988130571972498,0.0114452026115076,2
"20550",0.359094603003823,0.591754782900101,0.0491506140960754,2
"20553",3.43995498846843e-06,0.0677508117862855,0.932245748258726,3
"20555",0.0020322407101666,0.000164330506340222,0.997803428783493,3
"20557",0.282843811413234,0.389759403383821,0.327396785202945,2
"20559",0.000750511902013753,0.99896465735441,0.000284830743576804,2
"20561",0.995884824527177,0.00394371213056946,0.000171463342253562,1
"20564",0.999404257735087,0.000512078445256476,8.36638196561824e-05,1
"20566",0.0697159344326146,0.93020955679763,7.45087697558362e-05,2
"20569",0.999893948644385,0.000103977211089222,2.07414452613347e-06,1
"20572",0.999884798724611,0.000114396031053718,8.05244335067875e-07,1
"20574",0.000596649264252113,0.994362729094749,0.00504062164099915,2
"20576",0.998940371732792,0.000986966490656884,7.26617765505683e-05,1
"20578",0.172681394021269,0.825473509792468,0.00184509618626311,2
"20580",0.0878484504612944,0.911868475879037,0.000283073659669071,2
"20583",0.998878528191822,0.00103901457168169,8.24572364968476e-05,1
"20586",0.0236301930777024,0.972544960685704,0.00382484623659402,2
"20589",4.55366066731547e-05,0.999305774955759,0.000648688437568133,2
"20591",0.353616346727292,0.0559758642450289,0.590407789027679,3
"20593",6.52986876754252e-06,0.999622781723424,0.000370688407808514,2
"20595",0.0067327349251389,0.992366138577475,0.000901126497385845,2
"20597",0.999686773320356,0.000307599829917162,5.62684972661402e-06,1
"20599",0.99948502918538,0.000478033906834592,3.69369077851789e-05,1
"20601",0.992243921165084,0.00700937122374563,0.000746707611170754,1
"20604",0.000118894350391285,0.999556741316583,0.000324364333025849,2
"20606",4.57424143172697e-05,0.999590558955085,0.00036369863059746,2
"20608",0.00090861220956774,0.99901310258283,7.82852076025546e-05,2
"20610",0.998269467807185,0.00161148457848556,0.000119047614329187,1
"20612",0.0865226118206398,0.654458171050398,0.259019217128962,2
"20614",0.999832142410722,0.000134937244940011,3.29203443377487e-05,1
"20616",0.955431540924579,0.0436042669914099,0.000964192084011109,1
"20618",0.00327058879276593,0.00213815858532782,0.994591252621906,3
"20620",0.00465073895716267,0.995135056369448,0.000214204673388927,2
"20622",0.998382613275414,0.00155688961471677,6.04971098693325e-05,1
"20624",0.00040655008453633,0.967307052512856,0.0322863974026071,2
"20626",0.128524051398449,0.871457325999076,1.8622602475798e-05,2
"20628",0.482688468502259,0.516034802669682,0.00127672882805956,2
"20630",0.18069414800957,0.818164486288532,0.00114136570189739,2
"20632",0.999987525188681,1.19770717235067e-05,4.97739595313331e-07,1
"20634",5.94308196700183e-05,0.999674119182709,0.000266449997620864,2
"20637",0.000248201397850189,0.0308930757704145,0.968858722831735,3
"20639",0.999824496527601,0.000149848605043782,2.56548673554522e-05,1
"20644",7.27991753052904e-06,0.439914044573415,0.560078675509054,3
"20646",0.00192990906293256,0.964771292233266,0.0332987987038016,2
"20648",0.998191744003331,0.001543701482397,0.00026455451427209,1
"20650",0.00020191920453,0.755336931112121,0.24446114968335,2
"20653",0.993955261373518,0.00352369063012827,0.00252104799635327,1
"20658",0.000327182761864293,0.99963099065164,4.1826586496152e-05,2
"20661",0.0101708959469772,0.142283112526439,0.847545991526584,3
"20663",0.0762405157991392,0.918818018140441,0.00494146606041978,2
"20665",0.998300567480843,0.00168959221377955,9.84030537750207e-06,1
"20667",0.863361693236105,0.13245706910944,0.00418123765445451,1
"20669",0.999879866092272,0.000112701573580251,7.43233414746405e-06,1
"20671",0.00408095770696729,0.308051601925866,0.687867440367167,3
"20673",0.999866308679754,0.000131639386999168,2.05193324647558e-06,1
"20675",0.929807583214696,0.0700429777253085,0.000149439059995106,1
"20677",0.117005335856067,0.881870590598445,0.00112407354548878,2
"20679",0.999969657587477,2.7760597728532e-05,2.5818147947439e-06,1
"20681",0.997891011869912,0.00202107765775567,8.79104723320379e-05,1
"20683",0.225132354064737,0.774307990975007,0.000559654960256086,2
"20685",0.0274243105577127,0.000197614923491178,0.972378074518796,3
"20687",0.999864576072277,0.00011537548040942,2.00484473136213e-05,1
"20689",4.0333961014627e-05,0.308361629810958,0.691598036228028,3
"20691",0.999763572454924,0.000205217341171678,3.12102039047156e-05,1
"20693",3.36183608209488e-05,0.996817759792674,0.00314862184650493,2
"20695",0.998184045593113,0.00170868181460968,0.0001072725922774,1
"20697",0.000800717079623341,0.998099660800003,0.00109962212037403,2
"20699",0.414326798469696,0.585616228689001,5.69728413030355e-05,2
"20701",0.0155053146903867,0.983861671078974,0.000633014230639266,2
"20703",0.975760096562742,0.0012787913168475,0.0229611121204104,1
"20705",0.000911192542909939,0.990796060857556,0.00829274659953361,2
"20707",0.896717394560897,0.0974995892380198,0.00578301620108266,1
"20709",0.924832001218722,0.0751188821678624,4.91166134155188e-05,1
"20713",0.985979435583845,0.000512010087058228,0.0135085543290967,1
"20715",0.00202326033360749,0.850784324662272,0.147192415004121,2
"20717",0.997344419174669,0.00235166123038715,0.000303919594943634,1
"20720",0.00968689905249132,0.989463614105772,0.000849486841736916,2
"20722",0.00604222769417938,0.993716388031235,0.000241384274585822,2
"20724",0.999824308033807,0.000160248581338949,1.54433848541357e-05,1
"20726",3.01661970087079e-05,0.997380767998408,0.00258906580458344,2
"20728",0.999482509068324,0.000484890033498183,3.26008981780299e-05,1
"20730",0.997577890440346,0.00230500906773621,0.000117100491917527,1
"20732",0.168370445185761,0.699122768467868,0.13250678634637,2
"20734",0.188359406354202,0.806235987442708,0.00540460620308988,2
"20736",0.99981810618353,0.000177872093321559,4.02172314866999e-06,1
"20738",0.255282382633022,0.648390951287503,0.096326666079475,2
"20740",0.00543551966335855,0.719228170468012,0.275336309868629,2
"20742",0.990076906232054,0.00201247635478194,0.00791061741316405,1
"20744",0.999969211474983,3.05653968385388e-05,2.23128178252633e-07,1
"20746",0.62065116749495,0.37850464526103,0.000844187244020096,1
"20748",0.999798244447264,0.000154311002662719,4.74445500738112e-05,1
"20750",0.99886001257251,0.00113608659117149,3.9008363188562e-06,1
"20752",0.0046800567281848,0.993590575129575,0.00172936814224042,2
"20754",0.999382388406434,0.000613288477121179,4.32311644457713e-06,1
"20756",0.892642713336287,0.106954731477612,0.000402555186100747,1
"20758",0.787379894558603,0.212585096309904,3.50091314927562e-05,1
"20760",0.99995567807764,4.33256037252294e-05,9.96318635399608e-07,1
"20762",0.999181514370415,0.000800199286320158,1.82863432643649e-05,1
"20764",0.999970278930096,2.35053924798718e-05,6.21567742379126e-06,1
"20766",0.999893784017218,9.57016762385742e-05,1.05143065429642e-05,1
"20768",0.997632246225367,0.00228986241901522,7.78913556183549e-05,1
"20770",0.876953727869663,0.122979214418574,6.70577117638294e-05,1
"20772",0.000136491731064115,0.999802993109367,6.05151595685615e-05,2
"20774",8.31710561257282e-06,0.997165023645235,0.00282665924915251,2
"20776",0.962922800658881,0.023349189967596,0.013728009373523,1
"20778",4.21252789537823e-06,0.310752626066799,0.689243161405305,3
"20780",0.99833959480131,0.00165227562256172,8.12957612889235e-06,1
"20782",0.999876044761583,0.000120574615493331,3.38062292327914e-06,1
"20784",0.998278012186868,0.00169795941560302,2.40283975293304e-05,1
"20786",0.999807449366131,0.000191512392168622,1.03824170044152e-06,1
"20788",0.848186218915374,0.141130750271298,0.0106830308133282,1
"20790",0.999902851530214,9.66644757182754e-05,4.8399406772218e-07,1
"20792",0.959982627278463,0.0374720784760492,0.00254529424548794,1
"20794",0.999960861373548,3.8915043522921e-05,2.23582929116626e-07,1
"20796",0.000180447572253435,0.99430937284456,0.00551017958318665,2
"20798",0.999404257735087,0.000512078445256476,8.36638196561824e-05,1
"20801",0.998509904430907,0.0013984791811185,9.16163879746417e-05,1
"20803",0.638820534335926,0.330327645984418,0.030851819679656,1
"20805",0.241093352619965,0.755487510790428,0.00341913658960728,2
"20807",0.999404257735087,0.000512078445256476,8.36638196561824e-05,1
"20809",0.989986384995021,0.00722556385469574,0.00278805115028265,1
"20811",0.942111493247793,0.0476515034238029,0.0102370033284042,1
"20813",0.627280778505149,0.369039606436907,0.00367961505794454,1
"20815",0.999950417021205,4.85190745894688e-05,1.06390420569381e-06,1
"20817",0.999405480080622,0.000468343542144097,0.00012617637723398,1
"20819",0.100899761116959,0.879468613648155,0.0196316252348861,2
"20821",0.0413324937233418,0.956898468824737,0.00176903745192095,2
"20823",0.729668018242206,0.262964123927201,0.00736785783059325,1
"20825",0.999931419191943,6.4549271125264e-05,4.03153693149916e-06,1
"20827",0.998668650823511,0.000867766806229269,0.000463582370259522,1
"20829",0.00288259936075714,0.994064533800672,0.00305286683857076,2
"20831",0.999720854340078,0.000254342524704192,2.4803135217884e-05,1
"20833",0.999822011677566,0.000175571768021855,2.4165544123924e-06,1
"20835",0.9997022922092,0.00019074442978476,0.000106963361015532,1
"20837",0.997995410502292,0.00164925274227405,0.000355336755434276,1
"20839",0.9997173932325,0.000271809536382681,1.07972311169363e-05,1
"20841",0.0627098671408725,0.61448143193936,0.322808700919768,2
"20843",0.976103461712617,0.0234129200530794,0.000483618234303982,1
"20845",0.998068049318803,0.00188813261585621,4.38180653405441e-05,1
"20847",0.24614356943952,0.750062979525885,0.00379345103459532,2
"20849",0.428533704354407,0.571029068766836,0.000437226878757386,2
"20851",0.0795489586663835,0.911617519391638,0.00883352194197808,2
"20853",0.00332783940905108,0.535588820853693,0.461083339737255,2
"20855",0.00647466147438997,0.992444176461075,0.00108116206453496,2
"20857",0.102035687098992,0.895684678678063,0.00227963422294508,2
"20859",0.0172114005659332,0.982597235244236,0.000191364189830791,2
"20861",0.105962183958824,0.00116253418579182,0.892875281855384,3
"20863",0.999872058651861,8.98354131085638e-05,3.81059350306856e-05,1
"20865",0.992961436907049,0.00703067744142194,7.88565152948506e-06,1
"20867",3.68533917701815e-06,0.997493978094172,0.0025023365666513,2
"20869",0.999521646730303,0.000464626885265697,1.37263844315204e-05,1
"20871",0.00171540313345465,0.996923264672036,0.00136133219450977,2
"20873",0.00106383438607559,0.998188331696227,0.000747833917697469,2
"20875",0.0152370989318251,0.953237218779875,0.0315256822882994,2
"20878",0.999929888197682,6.43686686129996e-05,5.7431337047466e-06,1
"20880",0.999675566964522,0.000320084250740899,4.34878473704222e-06,1
"20882",0.000452143357612071,0.996379926925366,0.00316792971702183,2
"20884",0.99835448103377,0.00130325054159017,0.00034226842463993,1
"20886",0.997333179634829,0.00265806309443333,8.75727073712222e-06,1
"20888",0.999991922247515,7.76310431419436e-06,3.14648170572666e-07,1
"20890",0.999221011208576,0.000774561198734599,4.4275926895014e-06,1
"20892",0.122615837068873,0.809547031308002,0.067837131623125,2
"20897",0.854235908882974,0.124965858505378,0.0207982326116481,1
"20899",0.895664068500375,0.102885528968323,0.00145040253130212,1
"20901",0.00202576306752894,0.0523841932107282,0.945590043721743,3
"20903",0.00142617225421854,0.951487369928149,0.0470864578176327,2
"20905",0.149585218916736,0.828757915176126,0.0216568659071381,2
"20907",0.000454905432401542,0.999361831599356,0.000183262968242435,2
"20909",0.557754961914621,0.440649619151234,0.00159541893414554,1
"20911",1.66015330022903e-05,0.0352916607264272,0.96469173774057,3
"20913",0.975456905634787,0.0238477392176919,0.00069535514752097,1
"20962",0.0315881859034868,0.968166149033377,0.000245665063136155,2
"20969",0.0260525848342466,0.950590440719093,0.0233569744466608,2
"20980",0.067546318024535,0.932107485420669,0.000346196554795663,2
"20982",0.00277418878956029,0.99697748515898,0.000248326051460027,2
"20984",0.996746614882328,0.00207194279138039,0.00118144232629155,1
"20994",0.019105946820081,0.96640572263822,0.0144883305416989,2
"21015",0.999252856158407,4.60223280151021e-05,0.000701121513577674,1
"21023",7.3626482441541e-05,0.962136023752618,0.0377903497649407,2
"21040",0.0192475596043102,0.974087399560934,0.0066650408347558,2
"21073",0.281579989650063,0.557972202518206,0.160447807831731,2
"21222",0.999019917357406,0.000905914556333163,7.41680862612993e-05,1
"21224",0.84996670480763,0.149990343679584,4.29515127857187e-05,1
"21228",0.907934096777012,0.0151161917522368,0.0769497114707509,1
"21232",0.000571724744701966,0.962033556913033,0.0373947183422645,2
"21237",0.0274809331624119,0.599766945544038,0.372752121293551,2
"21240",0.999732729546964,0.000197890783184299,6.93796698513227e-05,1
"21245",0.999891296394109,0.000103758971365581,4.94463452584169e-06,1
"21252",0.000658630055470622,0.876510507492066,0.122830862452463,2
"21254",0.0130328650858692,0.88135446173967,0.105612673174461,2
"21258",0.824293023580538,0.175505056135021,0.000201920284441795,1
"21264",0.99242977642174,0.00729098579095687,0.000279237787303608,1
"21305",0.973116348991913,0.0268654301548198,1.82208532667627e-05,1
"21333",0.00994398216296586,0.988002023288541,0.00205399454849306,2
"21366",0.854956243455255,0.134189845286065,0.0108539112586803,1
"21377",0.999057187759099,0.00088527924301539,5.7532997885879e-05,1
"21380",0.136269709458534,0.863070072080601,0.000660218460864543,2
"21387",8.38092922460501e-07,0.000373634605712908,0.999625527301365,3
"21390",0.00206756185970224,0.985653547613682,0.0122788905266158,2
"21392",0.432275828023807,0.470671691651408,0.0970524803247853,2
"21403",0.19957710779971,0.800097063121792,0.000325829078498526,2
"21408",0.00184240704267423,0.997066805668231,0.00109078728909484,2
"21412",0.00285204526808532,0.0372548840232717,0.959893070708643,3
"21421",0.987271666782151,0.0125484468506153,0.000179886367233668,1
"21424",1.12222905990047e-05,0.0581633648888655,0.941825412820536,3
"21429",0.00335955911929276,0.989332020014266,0.00730842086644125,2
"21431",0.932822331696093,0.0663109277872986,0.000866740516607835,1
"21436",0.986837221706813,0.0131294758938339,3.3302399352858e-05,1
"21439",0.0637220368908928,0.935108430172303,0.00116953293680451,2
"21442",0.933786665602047,0.0653926664686706,0.00082066792928271,1
"21444",0.999862862888689,7.30752079475782e-05,6.40619033638573e-05,1
"21446",0.999483461107554,2.97075906514075e-05,0.000486831301794332,1
"21448",0.0104379732470209,6.00620988073634e-05,0.989501964654172,3
"21450",0.642119879391606,0.333923052152814,0.0239570684555808,1
"21452",0.00622083871008856,0.993702154186083,7.70071038288325e-05,2
"21466",2.02567537162497e-05,0.970045566210255,0.029934177036029,2
"21470",0.0722223962015913,0.927647657981361,0.00012994581704766,2
"21472",0.000920935445182129,0.997863398163989,0.00121566639082851,2
"21474",0.0376970279380205,0.852723321340539,0.10957965072144,2
"21477",0.999312830854978,0.000155085546665377,0.000532083598356977,1
"21480",9.58913414199844e-07,0.112498617500778,0.887500423585808,3
"21483",0.999713059753739,0.000250363094119256,3.65771521418915e-05,1
"21491",0.999358728689465,0.000631846054206166,9.42525632886508e-06,1
"21494",0.000159782265291583,0.304388208332956,0.695452009401752,3
"21499",0.00073542182524836,0.953658463243167,0.0456061149315846,2
"21501",0.000163915239903442,0.0602810555451609,0.939555029214936,3
"21506",0.00614832734496545,0.99115088937982,0.00270078327521422,2
"21511",0.00153265710726315,0.0133895123085519,0.985077830584185,3
"21513",0.385882270602242,0.319097892095622,0.295019837302136,1
"21521",0.598044662860244,0.170118437993234,0.231836899146521,1
"21523",0.582577612164526,0.411382263620206,0.00604012421526872,1
"21525",0.987825574248691,0.00879783401970613,0.00337659173160252,1
"21531",0.000173052668250067,0.999587533084751,0.000239414246999371,2
"21536",0.0882566975309615,0.899799528431964,0.0119437740370741,2
"21544",0.0943426862951849,0.903454190610705,0.0022031230941102,2
"21547",0.00181747918788256,0.998172701493613,9.81931850459134e-06,2
"21551",0.0226991791986607,0.111985364770412,0.865315456030927,3
"21556",0.00451012403565595,0.958937864853852,0.036552011110492,2
"21559",0.00469809521479295,0.000743799979294444,0.994558104805913,3
"21563",0.000702555063880876,0.328590299148731,0.670707145787389,3
"21565",0.000128568794529761,0.999628695433235,0.000242735772235534,2
"21568",0.000993065469063819,0.993672251055924,0.00533468347501215,2
"21572",3.05174414657124e-06,0.998432288598165,0.00156465965768826,2
"21575",0.0176133262662073,0.982217180794242,0.000169492939550715,2
"21577",0.982318893132625,0.0175991941647233,8.19127026515817e-05,1
"21579",0.323635852170138,0.671770854833744,0.00459329299611798,2
"21581",0.999404257735087,0.000512078445256476,8.36638196561824e-05,1
"21584",0.999643515334279,0.000353076624785595,3.40804093600169e-06,1
"21586",0.927314687860917,0.072598324452224,8.69876868590871e-05,1
"21588",0.939030067032156,0.0526818124270314,0.00828812054081265,1
"21590",0.000888494021707716,0.998547968918013,0.000563537060278778,2
"21594",0.883446065321579,0.00189817428957545,0.114655760388846,1
"21596",0.999545262389038,0.00044276805332344,1.19695576386155e-05,1
"21598",0.000415644420200067,0.203293895731768,0.796290459848032,3
"21600",0.997234136573952,0.00251005559039373,0.000255807835654258,1
"21602",0.0231720766938915,0.946520288280034,0.0303076350260744,2
"21604",0.690213528368693,0.300555362063502,0.00923110956780488,1
"21606",0.998920753793523,0.00104085209315376,3.83941133232744e-05,1
"21608",0.393692140630778,0.606211296878577,9.65624906446387e-05,2
"21611",0.509332704225482,0.0171363712724197,0.473530924502098,1
"21613",0.0513463149447238,0.946060552574824,0.0025931324804526,2
"21615",0.929085116241678,0.0709038370055094,1.10467528129856e-05,1
"21617",0.992968962863688,0.0069586338102604,7.24033260519063e-05,1
"21619",0.874886421656241,0.124543520051903,0.000570058291856365,1
"21621",0.994946196288837,0.00504955787449928,4.2458366633082e-06,1
"21623",0.998778897739123,0.00121690825048961,4.19401038726286e-06,1
"21625",0.999866882101745,0.000124124264076038,8.99363417873491e-06,1
"21627",0.526730658804539,0.31414316815375,0.159126173041711,1
"21629",0.999344480716806,0.000597996993914133,5.75222892799803e-05,1
"21631",0.99943257934305,0.000431501119755362,0.000135919537194363,1
"21633",0.00308653024055331,0.996064919535838,0.000848550223609098,2
"21635",0.000838862628636521,0.986824822472156,0.012336314899207,2
"21637",0.596363446951795,0.340211574369182,0.0634249786790235,1
"21639",0.00441205887202728,0.995544563951052,4.33771769210448e-05,2
"21641",0.997721222425282,0.00180365896080019,0.000475118613917814,1
"21643",0.740673628226509,0.23843798851409,0.020888383259401,1
"21645",0.999377570897252,0.000509443539909235,0.000112985562838229,1
"21648",0.212233478083602,0.782514222281377,0.00525229963502059,2
"21650",0.00153774634751044,0.84332455160837,0.155137702044119,2
"21652",0.0299300254795814,0.95970169347088,0.0103682810495389,2
"21654",1.56056548886875e-05,0.00252533084293101,0.99745906350218,3
"21656",0.999793965973987,0.000205268230796262,7.65795217310575e-07,1
"21658",0.999974410700161,2.46353989034267e-05,9.53900935489198e-07,1
"21660",0.971086802933556,8.08960779918198e-05,0.0288323009884522,1
"21662",0.600809071949535,0.00236559261615238,0.396825335434313,1
"21664",0.999867440268935,0.000118525838261928,1.40338928026913e-05,1
"21666",0.15056403749717,0.837236403044307,0.0121995594585228,2
"21668",0.999697367865788,0.000262122837830407,4.05092963820517e-05,1
"21671",0.27003018845363,0.725869216104604,0.00410059544176681,2
"21673",0.999831594566063,0.000167876675956278,5.28757981010248e-07,1
"21675",0.979001454105924,0.00910362540869189,0.0118949204853841,1
"21677",8.64916491013343e-05,0.999702141989953,0.000211366360945334,2
"21679",0.954706055376943,0.0452057317175492,8.82129055077468e-05,1
"21681",0.997606849238325,0.00144462302746067,0.000948527734214416,1
"21686",0.000537434666733724,0.997923088626935,0.0015394767063317,2
"21689",0.000559353142544939,0.998509706687967,0.000930940169487465,2
"21706",0.225142125778771,0.768220219340516,0.00663765488071234,2
"21708",0.000306939230796918,0.999552265739492,0.000140795029710588,2
"21711",0.954576940057301,0.0450781116919078,0.000344948250790895,1
"21716",1.90331829663794e-05,0.894135562233949,0.105845404583085,2
"21719",0.390406746985123,0.561743194357225,0.0478500586576515,2
"21722",0.182483594204221,0.815762098417366,0.00175430737841304,2
"21725",0.0734247376569535,0.91996812283753,0.00660713950551676,2
"21728",0.0122650035341236,0.634852971657289,0.352882024808588,2
"21732",0.00308594239563869,0.995935236338203,0.000978821266158027,2
"21734",0.000907356451846197,0.972647114909473,0.0264455286386813,2
"21737",0.993324315540511,0.00634104556038865,0.000334638899100657,1
"21740",0.0980256544089021,0.000785398321471298,0.901188947269627,3
"21742",2.69676353177948e-05,0.089262643661338,0.910710388703344,3
"21745",0.246955890394033,0.752820531474819,0.00022357813114798,2
"21747",0.00165778157138174,0.235301579754922,0.763040638673697,3
"21749",0.996273914074862,0.003558121617789,0.000167964307348718,1
"21751",0.00149552798993044,0.997034301817116,0.00147017019295384,2
"21753",0.000563864789777893,0.140795237588702,0.85864089762152,3
"21756",0.000172435915230524,0.999000034628099,0.000827529456670322,2
"21759",0.961475987624005,0.0381764928402483,0.000347519535747066,1
"21761",0.0600630406519242,0.935719068642924,0.00421789070515165,2
"21763",0.987207833711391,0.00448346309817355,0.0083087031904357,1
"21765",8.52767680288734e-05,0.000903246284568403,0.999011476947403,3
"21767",0.00124017509919834,0.972684289905255,0.0260755349955467,2
"21769",1.79699779549477e-05,0.181915518198827,0.818066511823218,3
"21771",0.000780433182385887,0.999061398058831,0.000158168758783327,2
"21774",0.999241624318823,0.000749964450776146,8.41123040087446e-06,1
"21776",0.00505223495436527,0.898605826153631,0.0963419388920036,2
"21778",0.0531063444648772,0.755391998984197,0.191501656550926,2
"21780",0.023964719628319,7.54211770759511e-05,0.975959859194605,3
"21783",0.14576610916958,0.853433378893968,0.0008005119364513,2
"21785",0.219231626637212,0.517212680116968,0.26355569324582,2
"21788",9.88983131183078e-05,0.995860312360951,0.00404078932593015,2
"21790",7.70296632911637e-06,0.940183178939546,0.0598091180941254,2
"21793",0.00755635282555965,0.987344082214107,0.00509956496033317,2
"21796",0.895973905137772,0.0878482817713083,0.0161778130909195,1
"21798",0.000184537834595785,0.00389278193438959,0.995922680231015,3
"21801",7.94059355316138e-06,0.988800664073683,0.0111913953327643,2
"21803",0.167620746592216,0.830249451690197,0.00212980171758657,2
"21805",5.18457759885836e-06,0.372358242454915,0.627636572967486,3
"21807",0.172674141228716,0.0138669459862015,0.813458912785082,3
"21810",0.00703189302597277,0.962405030470857,0.0305630765031699,2
"21812",0.000392761483707024,0.624754566628783,0.374852671887509,2
"21816",0.00178302058750815,0.989215875181886,0.00900110423060609,2
"21819",0.000267190542632462,0.862172811849213,0.137559997608155,2
"21821",0.987832877343418,0.012031260287348,0.000135862369233943,1
"21823",0.999891480621088,5.86714467777607e-05,4.98479321341694e-05,1
"21825",0.00439595715227736,0.995145499853663,0.000458542994059955,2
"21827",0.00354522117153473,0.980086046357332,0.0163687324711329,2
"21829",0.00312642777712334,0.996807142282535,6.64299403417031e-05,2
"21832",0.203981560157794,0.794064588754986,0.00195385108721995,2
"21834",0.0173471126396787,0.982256802589122,0.000396084771199927,2
"21836",0.0173471126396787,0.982256802589122,0.000396084771199927,2
"21839",0.952156821287125,0.037960645996022,0.00988253271685263,1
"21841",0.320664341188482,0.671810441637861,0.007525217173658,2
"21843",0.999625267371001,0.000262902439769546,0.000111830189229066,1
"21846",0.00024515723954254,0.998755978441475,0.000998864318982824,2
"21848",0.00660793280413235,0.552552369844088,0.440839697351779,2
"21850",0.0572883482860662,0.942342582898539,0.000369068815394967,2
