"","V1","V2","V3","V4","V5","best$classification"
"19811",3.48651908290045e-24,0.982967183522934,2.15987005561559e-10,1.80930107915665e-11,0.017032816242986,2
"19813",2.99663218421947e-28,0.999458160763059,1.02914740242796e-12,3.13109994245941e-14,0.00054183923588024,2
"19815",2.13743134591403e-26,0.995841783369944,9.36374486089532e-12,4.90730488084368e-13,0.0041582166202012,2
"19817",6.52928709662442e-22,0.804505628953858,7.51099766047843e-09,6.74455997901238e-10,0.195494362860689,2
"19819",0.0205955078484549,7.16161632547112e-13,0.794768931609278,0.184530663894558,0.000104896646992998,3
"19821",4.32064730614051e-20,0.864420754990118,1.00356967460527e-07,2.02198979585684e-09,0.135579142630925,2
"19823",2.03629711309577e-16,0.160430694024831,1.3791622308212e-06,1.88812503707259e-05,0.839549045562568,5
"19825",0.00134236187786584,9.7305411059364e-10,0.535772691204657,0.458858223893818,0.00402672205060506,3
"19827",1.84395698317373e-20,0.914983373672785,1.40105706640593e-08,2.70693168551854e-09,0.0850166096097129,2
"19829",5.21374228859116e-06,6.38153973798003e-10,0.998455111756804,0.000118387204467658,0.00142128665828533,3
"19831",0.000431484291200172,1.09758249655025e-11,0.894457731298462,0.104201658174463,0.000909126224898736,3
"19833",2.53643879334255e-06,2.46807687680212e-12,2.55804839638113e-05,0.999967195847057,4.68722771772834e-06,4
"19835",4.32064730614051e-20,0.864420754990118,1.00356967460527e-07,2.02198979585684e-09,0.135579142630925,2
"19837",3.95021612266909e-17,0.0754628063401614,4.87970192418981e-06,5.66382951175023e-08,0.924532257319619,5
"19839",1.31329592909139e-16,0.34695451978739,2.86051271309801e-05,1.85581576747717e-07,0.653016689503902,5
"19841",1.72552644423889e-17,0.858365354674425,1.28068187928944e-06,1.21168603420616e-07,0.141633243475092,2
"19843",4.97382638355686e-20,0.938442917551356,7.35986290313918e-08,5.97312600990287e-09,0.0615570028768884,2
"19845",2.35558087094343e-21,0.938509090155464,7.6948836312415e-09,2.25722483043068e-09,0.0614908998924276,2
"19847",4.58219553337869e-27,0.998738507434034,4.66440492058848e-12,1.35321425325312e-13,0.00126149256116623,2
"19849",2.16681236142691e-32,0.999985164783079,1.16250690758017e-15,4.78783357274269e-17,1.48352169202481e-05,2
"19851",1.78017438612654e-28,0.998372250514211,3.58514842163364e-13,3.75748143219758e-14,0.00162774948539292,2
"19853",3.88351893205236e-21,0.76214222174295,4.92337153865502e-10,4.48725511154199e-07,0.237857329039201,2
"19855",5.4532781307418e-15,0.0041994642350771,5.75504777455039e-06,7.82272129266819e-05,0.995716553504216,5
"19857",5.21421996984821e-11,7.877556968743e-05,0.0100620953261317,0.000143189989705617,0.989715939062333,5
"19859",1.71709133665364e-23,0.983299049683763,5.53701277809235e-10,4.61125608882962e-11,0.0167009497164226,2
"19861",7.05492775180186e-29,0.999351139199776,2.51744600227487e-13,1.70796858875614e-14,0.000648860799954824,2
"19863",1.39182385032363e-30,0.999972158601142,8.08361925049377e-15,7.4083860334941e-16,2.7841398849662e-05,2
"19865",1.5470337562723e-22,0.990432425579165,7.75065835855125e-10,6.00925917016789e-11,0.00956757358567666,2
"19867",8.03545341308043e-23,0.920158695526244,2.8963406227822e-09,1.27349544727677e-10,0.0798413014500662,2
"19869",3.97732375739295e-22,0.969705629109641,2.41290194711436e-09,6.09276323394339e-10,0.0302943678681811,2
"19871",9.61572632931174e-23,0.948009026698449,2.84284661079828e-09,5.63933931706605e-11,0.0519909704023106,2
"19874",4.03082652910861e-27,0.999133106148695,6.25692306067796e-13,2.07906877290459e-13,0.00086689385047136,2
"19876",3.13950172883923e-29,0.99976124895436,4.26677788396035e-14,6.22900077029306e-15,0.000238751045590587,2
"19878",4.95727273192432e-09,7.09760688668054e-05,0.0346224352432304,0.00428779039996789,0.961018793330662,5
"19880",2.0934582226257e-32,0.999993816931456,3.71881606623036e-16,2.62907825111872e-17,6.18306854327719e-06,2
"19882",6.68027932907674e-29,0.999715390206524,1.02481772322803e-13,1.54614514237083e-14,0.000284609793357374,2
"19885",5.21150048410951e-19,0.571866357334049,7.09063118821649e-07,1.3265941611521e-08,0.42813292033689,2
"19907",4.09427756712108e-24,0.9831854836724,2.6946975827444e-10,1.64243847521788e-11,0.016814516041706,2
"19909",1.64879848029737e-07,3.20688491966166e-07,0.881742486954738,0.00073788312599578,0.117519144350926,3
"19911",5.23137493733864e-17,0.428650019150458,1.28184857151156e-05,1.21926732812761e-07,0.571337040437094,5
"19913",4.76011487647344e-31,0.999993522548099,1.28575827140627e-15,1.11054417440797e-16,6.47745189929218e-06,2
"19915",8.01374531555075e-30,0.999902048719925,1.60370061407912e-14,1.95458159700323e-15,9.79512800566232e-05,2
"19917",4.60358597030816e-27,0.999504509233224,1.59592042734615e-12,8.87956276100469e-14,0.000495490765090985,2
"19919",4.37779317913088e-23,0.973216936532693,6.44770870336499e-10,6.7941266766013e-11,0.0267830627545947,2
"19921",2.26828336661915e-21,0.687408748592463,2.18050231531052e-08,1.36580323356511e-09,0.31259122823671,2
"19923",6.08098215923967e-15,0.026100112132597,3.75887830940154e-05,1.5205502994856e-05,0.973847093581308,5
"19925",5.72508972818784e-19,0.699786412132002,5.67109307506668e-08,2.78384941752534e-08,0.300213503318573,2
"19927",3.57906552783277e-25,0.990295357941813,4.56498920418585e-11,4.82714048477011e-12,0.00970464200770995,2
"19929",6.96290008934801e-31,0.999982309417543,4.09634699406546e-15,3.17383556152193e-16,1.76905824526678e-05,2
"19931",1.38607847680522e-27,0.999146742083664,1.29776190084286e-12,4.76606638599833e-14,0.000853257914990118,2
"19933",1.06875078379049e-07,6.16520970874887e-06,0.437436793849455,0.00126945185393452,0.561287482211824,5
"19935",3.7622877674749e-12,0.00360021358219703,0.00147444639575126,0.000106907822033524,0.994818432196256,5
"19937",2.09261113931364e-31,0.999937786619351,4.45763756239208e-15,2.2638061169036e-16,6.22133806447829e-05,2
"19939",5.37693774682924e-09,4.72140700525131e-05,0.0129273116442038,0.0154236158027987,0.971601853106007,5
"19941",4.59098148936092e-16,0.334571259927501,4.69679638485456e-05,2.82795140096267e-07,0.66538148931351,5
"19943",5.66548898217347e-22,0.989220222829997,1.07453178355103e-09,3.75984182728733e-10,0.0107797757194865,2
"19945",6.81506302640361e-23,0.981600481694051,2.9000964901874e-09,2.65246424073207e-11,0.0183995153793279,2
"19947",9.83215970985038e-23,0.990618832419648,5.05276540545064e-09,1.92023058026485e-11,0.00938116250838402,2
"19949",1.31270265140787e-14,0.011802423705711,8.97092032279871e-05,4.61921006495656e-06,0.988103247880983,5
"19951",4.91607816689533e-20,0.894125522701623,4.34835192897651e-08,4.39459819133532e-09,0.105874429420259,2
"19953",0.00228986070766835,6.77097965776178e-12,0.17505415862691,0.822062868685094,0.000593111973556502,4
"19955",1.83646882956331e-25,0.996852857449789,8.00762715141035e-11,1.34150899552293e-12,0.00314714246879305,2
"19957",1.31068068142303e-18,0.70212426442954,2.55810134112312e-07,2.35779716291742e-07,0.297875243980609,2
"19960",5.41028550115455e-19,0.849500236705728,9.99843993673014e-07,5.7327281914875e-09,0.15049875771755,2
"19963",1.17253641183608e-20,0.993502122566665,7.97465716713224e-10,2.96353755870833e-08,0.00649784700049325,2
"19965",0.000178301336302299,9.87186985302637e-12,0.986337567184066,0.0124088180254916,0.00107531344426843,3
"19968",3.36846975788703e-23,0.993568906048298,8.72406079166343e-10,1.69050240722743e-11,0.00643109306239127,2
"19971",2.91250888550788e-21,0.991821797176543,3.49848247497302e-09,1.05509751431563e-09,0.00817819826987707,2
"19973",5.60402531652843e-24,0.988394215061749,2.72024989208336e-10,1.12119011841862e-11,0.0116057846550143,2
"19975",2.09986220782971e-22,0.983665299249596,1.89283927813368e-09,8.53450750488067e-11,0.0163346987722194,2
"19977",4.04343092019e-31,0.999986611819859,2.43501178956955e-15,2.9713003371246e-16,1.33881801387966e-05,2
"19979",0.0318671064612426,6.58341346411141e-17,0.968062659331566,7.00611376511419e-05,1.73069540643082e-07,3
"19981",3.15135532122493e-23,0.962289686165955,3.13821910967649e-09,2.86098679879247e-11,0.0377103106672162,2
"19983",1.14570709518195e-09,1.86162814544688e-06,0.0478863169168431,0.00096649016429866,0.951145330145006,5
"19985",3.00614273116709e-27,0.999281975961677,7.90862895587323e-13,1.3209141325952e-13,0.000718024037399771,2
"19987",3.17069685087204e-17,0.279519223797622,9.03908724265431e-06,4.38782110829695e-08,0.720471693236925,5
"19989",0.0124584353700175,1.05935562541133e-13,0.96527584722327,0.0222149493601681,5.07680464386513e-05,3
"19993",0.0018174405253037,3.55856359833384e-11,0.973740806012199,0.0216571706819414,0.00278458274497054,3
"19995",1.91668802752848e-07,5.71699707019367e-06,0.381831462998397,0.00228507039265722,0.615877557943072,5
"19997",1.84263951639188e-23,0.946665799712732,4.18606340440749e-10,6.24831416699761e-11,0.0533341998061787,2
"19999",5.73083533475463e-29,0.999690982222251,1.16746945866047e-13,9.33204992330348e-15,0.000309017777622879,2
"20002",1.72355923325657e-11,0.0259597253679755,0.00176572839589296,0.000606621157077509,0.971667925061818,5
"20004",2.03407076496348e-18,0.70332268206433,3.13603927490107e-06,5.57114440062705e-09,0.29667417632525,2
"20006",4.13777568796014e-11,0.000390391842675312,0.0175262775637094,0.000189792862231379,0.981893537690006,5
"20008",2.32615545111432e-15,0.112307686361373,4.23188821927832e-05,2.02788553065632e-06,0.887647966870901,5
"20010",0.00755000387338374,7.5436237175171e-13,0.826699095304012,0.16519079360095,0.000560107220900167,3
"20012",3.99876563043118e-22,0.981185853232914,1.84302931583617e-09,1.80347358722536e-10,0.0188141447437095,2
"20015",0.999999034875245,1.22537007553434e-36,9.64468842522789e-07,6.55911994362213e-10,1.1107398822741e-19,1
"20017",2.16559223285452e-17,0.210632987690509,1.91627304028233e-06,4.6570813874826e-07,0.789364630328312,5
"20019",0.0061111483757875,7.15659945722172e-13,0.971071588443934,0.0227404145450604,7.68486345028144e-05,3
"20022",8.92322917850247e-06,3.12884971361052e-09,0.972520164450695,0.00601612405515018,0.0214547851361266,3
"20024",0.00181645158563418,4.32414914313871e-11,0.428333113336944,0.569156697182497,0.000693737851683175,4
"20026",0.00181645158563418,4.32414914313871e-11,0.428333113336944,0.569156697182497,0.000693737851683175,4
"20028",7.67732175474794e-27,0.998884561141474,1.54075070504132e-12,2.73899162781937e-13,0.00111543885671084,2
"20030",0.00899556958874568,2.84090845068028e-14,0.988627004789763,0.00236437895914509,1.30466623173274e-05,3
"20033",1.08521544837775e-26,0.999102804868525,5.0183341781363e-12,1.09454373611526e-13,0.000897195126347764,2
"20035",0.00839863277882158,3.19813717692841e-13,0.976426197536246,0.015134281827352,4.08878572611679e-05,3
"20037",0.000232740214731623,2.795955248734e-10,0.949912642318983,0.0469320425282876,0.00292257465840245,3
"20039",0.00136730565743379,6.56981563151773e-13,0.0118437460698489,0.986763562970288,2.53853017720332e-05,4
"20041",0.00410465734042455,2.39449572682852e-13,0.213872043996419,0.781617413741784,0.000405884921132666,4
"20044",1.09249094661068e-07,1.51578481061368e-05,0.100989822235201,0.0811902807772817,0.817804629890317,5
"20047",0.870057728016857,1.93677382518645e-19,0.128012407418144,0.00192985854828617,6.01671257392117e-09,1
"20050",0.91040630348287,2.73176839856056e-20,0.00236585880926199,0.0872278329366044,4.77126371320624e-09,1
"20052",4.7776594444647e-21,0.929818651838509,1.62992072088835e-08,1.20733048241148e-09,0.0701813306549533,2
"20054",0.971449429400378,4.4919380417121e-22,0.0277935975541593,0.000756972370967606,6.74494451506055e-10,1
"20056",4.21372977399986e-27,0.999802325331415,9.73651258573045e-13,2.92022599494775e-14,0.000197674667582165,2
"20058",0.143976486548413,1.57520654962535e-17,0.853063415255003,0.00295955361176304,5.44584821246778e-07,3
"20060",1.15251591277535e-20,0.82677735402613,3.441861379093e-08,1.21479713359985e-09,0.173222610340459,2
"20062",1.86519416661609e-15,0.02546664927934,3.51458973987959e-05,1.55495024659222e-06,0.974496649873013,5
"20064",1.30017893165124e-07,1.09986709964622e-06,0.754917197942836,0.000380110801716569,0.244701461370455,3
"20066",1.46161663379871e-05,3.09492633370736e-11,0.999897836180591,1.28741396502983e-05,7.46734824714667e-05,3
"20068",4.85398204516688e-19,0.437566008301675,2.93434741850548e-07,5.83104499966506e-08,0.562433639953133,5
"20070",2.34513649953131e-18,0.176022237200137,2.66909075752796e-07,5.94546008723313e-07,0.823976901344778,5
"20072",5.33864834080437e-06,4.32322976766422e-09,0.979965259208201,0.00554908123604164,0.014480316584187,3
"20074",4.94676553855091e-33,0.999996776437152,1.82371176906267e-16,1.11019773618898e-17,3.22356284788831e-06,2
"20076",1.88403687980155e-14,0.073412308577862,0.000142527556874059,1.00268984660895e-05,0.926435136966779,5
"20078",3.67592551846912e-17,0.205066250941968,1.6724562047256e-05,6.42391594392029e-08,0.794916960256825,5
"20080",0.999912492732458,3.79812527737002e-30,8.7403811033626e-05,1.0345650738479e-07,1.04212028004098e-15,1
"20082",0.999822666908182,3.3846571819425e-30,3.40609987126277e-07,0.000176992481830856,2.88315153685811e-16,1
"20084",8.93709884589815e-06,7.00567295952785e-07,0.674904706667377,0.134498794284929,0.190586861381552,3
"20087",4.2625232623175e-08,1.06114972998685e-06,0.434980381339238,0.00138646212975452,0.563632052756045,5
"20090",0.999951196759197,1.16682801320329e-28,4.56491762855798e-05,3.15406450731207e-06,1.01957753093983e-14,1
"20092",0.066325867798733,2.04673461931589e-19,0.00231963222470056,0.931354433527699,6.64488677282879e-08,4
"20096",3.72982536502624e-06,5.44756688003186e-08,0.0302855003791235,0.925350431307386,0.0443602840124561,4
"20098",8.63402603090876e-15,0.0373015053202552,2.98260496325562e-05,5.82977853676216e-06,0.962662838851567,5
"20101",3.63155620380452e-07,1.06991442645898e-05,0.683315576867866,0.00445987264859515,0.312213488183654,3
"20104",0.206128067783526,6.79293929416432e-22,9.50729438485721e-05,0.793776858739404,5.33221436385141e-10,4
"20106",6.06988434733456e-05,3.27140949058621e-09,0.976856559808138,0.0129424593942449,0.0101402786827344,3
"20108",2.83089811243895e-23,0.974241005875074,1.02467111771689e-09,1.75229517568721e-11,0.0257589930827319,2
"20110",0.000213591194819311,9.15001237193756e-12,0.00451295272902914,0.994877415704898,0.000396040362103692,4
"20112",8.13526243184933e-08,3.27107832608974e-05,0.187110635382407,0.00926549122637582,0.803591081255332,5
"20114",1.11876426145731e-16,0.466068417164899,1.31821127379729e-05,2.33492621461212e-07,0.533918167229741,5
"20116",4.82131427284581e-11,0.00141545965416535,0.0373685925682833,3.57408975513004e-05,0.961180206831787,5
"20118",3.17749574905308e-15,0.0288200215898418,8.85386961958469e-05,8.4484292794944e-07,0.971090594871031,5
"20120",0.999939555962809,2.18173375126154e-27,3.23755239489152e-05,2.80685131887671e-05,5.32366288182812e-14,1
"20122",5.65272578180828e-22,0.980121539054524,2.92751968169363e-09,1.18408437087977e-10,0.0198784578995482,2
"20124",2.10438477190654e-08,2.67354816156464e-05,0.308255036301181,0.00527788396019725,0.686440323213158,5
"20126",4.57192897794986e-07,1.55512637203163e-05,0.0922739834706439,0.569960796182586,0.337749211890153,4
"20128",0.588351385664275,2.18068717826453e-17,0.0627033782367253,0.348945087337597,1.48761402743408e-07,1
"20141",6.15247185268746e-13,0.00411545512863607,1.08950028116954e-05,0.0233259862169042,0.972547663651033,5
"20143",8.09176203283604e-33,0.999997593230724,1.33257009186593e-16,1.05407698270772e-17,2.40676927630054e-06,2
"20145",1.81328989809876e-06,4.59830369860665e-07,0.807421983579108,0.00716023633504676,0.185415506965578,3
"20147",3.25022527783311e-06,7.31619513388410e-10,0.993650917558475,0.000239335326908245,0.00610649615771896,3
"20149",1.22176696336782e-22,0.991273969374975,6.12951026707208e-10,1.6102672386031e-10,0.00872602985104678,2
"20151",5.1933394844816e-17,0.190046903831971,2.8015105487071e-06,1.46678734570976e-07,0.809950147978745,5
"20153",0.000615371519933471,9.66420355918254e-11,0.0400488082615439,0.958202154978645,0.00113366514323553,4
"20155",9.9834244164083e-07,4.90416476382895e-08,0.950520467549146,0.00178172857060926,0.0476967564961558,3
"20157",1.00153286235845e-30,0.999973380707181,6.09807699105069e-15,2.45147976257369e-16,2.66192928126978e-05,2
"20160",9.03541042737526e-32,0.999995193117247,5.02752899143295e-16,4.28881234983165e-17,4.80688275214069e-06,2
"20162",3.65162030586591e-30,0.999961571443324,5.37061650095035e-15,8.45530369424528e-16,3.8428556669394e-05,2
"20164",1.12033250215394e-27,0.99973545526527,3.4201385131234e-13,3.84075201811346e-14,0.000264544734349882,2
"20166",3.42027186150176e-08,0.000165038834477485,0.271938074235445,0.00334443607252979,0.724552416654829,5
"20168",2.64233993617657e-27,0.999723599195011,2.5683543680044e-12,4.19319021802995e-14,0.000276400802378492,2
"20170",8.90221189870737e-26,0.997487948753653,1.06637228822918e-11,1.10700093103244e-12,0.00251205123457634,2
"20172",2.34055201640638e-09,1.07411175755065e-05,0.356769639518048,0.000102725883430461,0.643116891140394,5
"20174",8.98894216249349e-26,0.995981571744593,1.31078893309658e-11,1.21671532478347e-12,0.00401842824108239,2
"20176",6.7820809501061e-09,9.48330442183715e-05,0.0826997325560065,0.00836711410251459,0.90883831351518,5
"20178",8.79262551281538e-33,0.999997971361191,1.13899709073793e-16,9.45200998228692e-18,2.02863880864971e-06,2
"20181",8.44860816260293e-06,2.49345730728212e-09,0.997923277888903,0.000154854859347077,0.0019134161501296,3
"20183",1.00083018631192e-18,0.321928156816038,6.20038709440213e-07,6.18147282269911e-08,0.678071161330524,5
"20186",0.00028025795206309,7.98917456391241e-11,0.196356603515668,0.797976164297145,0.00538697415523156,4
"20188",6.14185681456121e-26,0.999559655223294,1.83677220475884e-12,5.46688398510703e-13,0.000440344774322411,2
"20190",0.615050136091599,1.8073824898686e-19,0.384712712023911,0.00023713232498093,1.9559509790961e-08,1
"20193",1.30955820520265e-12,0.0596572448563213,0.000943711254014895,3.63071296080159e-05,0.939362736758746,5
"20195",2.93416144148054e-20,0.925422946584853,3.16092999186994e-08,1.80281339206805e-09,0.0745770200030335,2
"20197",0.00276064250614594,1.03866640484844e-12,0.945314857517911,0.0515396698158424,0.000384830159062473,3
"20199",3.39331793036497e-18,0.70753566659988,1.99300309683493e-07,2.98974606730225e-07,0.292463835125204,2
"20205",0.0016947755221669,3.67864709283689e-16,0.000376380694198138,0.997928500925389,3.42858245845652e-07,4
"20208",4.66473638261e-15,0.0170330712725482,5.57724422467968e-05,1.31174975321996e-06,0.982909844535447,5
"20210",1.72556634749406e-31,0.999985704512674,1.41340209808461e-15,1.05394856337072e-16,1.42954873250588e-05,2
"20212",9.95344527475573e-24,0.994095570051797,1.63036136732304e-10,1.09586347986176e-11,0.00590442977420845,2
"20216",0.0027452525497325,2.30768359161173e-12,0.977963255723031,0.0190360917001662,0.000255400024762377,3
"20219",0.946865834418105,1.60071763780729e-20,0.00655261637131498,0.0465815408160516,8.39452800316614e-09,1
"20223",5.70545677165555e-07,6.37993903565871e-07,0.886912601272924,0.00692163883754651,0.106164551349949,3
"20226",0.0293798017047977,1.36880048207597e-13,0.190360070629297,0.780098480503144,0.000161647162625409,4
"20230",0.000229829162187086,1.01689624259511e-11,0.998569028706274,0.000958411707736882,0.000242730413633206,3
"20233",2.47098440287908e-10,8.68468560387814e-07,1.91341780550971e-06,0.994361081301616,0.0056361365649196,4
"20235",0.00860770351333376,2.14726425194294e-13,0.444795868449763,0.546473857333417,0.000122570703271514,4
"20239",2.31505909154718e-10,4.55781958232521e-05,0.0501794253867099,0.000340423994435995,0.949434572191525,5
"20254",0.999871676820497,3.51679054398526e-30,3.99575351994693e-07,0.000127923604150781,3.06728829531463e-16,1
"20256",8.35613350734477e-06,3.1691793939756e-11,0.998097633204336,0.000668617293788259,0.00122539333667626,3
"20262",2.53493269421297e-21,0.921044924659508,6.27798559760744e-09,3.66677006230573e-10,0.0789550686958291,2
"20270",3.84980011972847e-13,0.0288697747088014,0.0017216230467766,4.82890341457655e-06,0.969403773340622,5
"20284",4.09939857560507e-11,0.000552936589548457,0.000567331427624977,0.00393141482257238,0.99494831711926,5
"20287",0.0570571258234303,2.5936328830496e-17,0.942307028001574,0.00063551099720538,3.35177790785356e-07,3
"20290",0.999735972360342,4.37682501492908e-30,1.65626122604484e-07,0.000263862013534825,5.17514099386107e-16,1
"20293",3.98831415868497e-14,0.00151830202030485,0.00263405049699539,4.17662576452881e-07,0.995847229820083,5
"20296",7.64662882493337e-15,0.0486102880966043,0.000119517525454685,1.76981071260186e-06,0.951268424567221,5
"20301",0.994526537959906,2.40398695183341e-24,0.00547247603440009,9.86004726165887e-07,9.67286666112602e-13,1
"20304",0.975935451864555,5.27293850597813e-24,9.96937111955392e-05,0.0239648544171983,7.05174067104765e-12,1
"20306",0.0323345277933619,5.77350215415327e-16,0.964428321223087,0.0032335648352771,3.58614827279811e-06,3
"20309",1.12824292152339e-11,0.000493885147188074,0.00874157985906344,3.04188532266729e-05,0.990734116129239,5
"20311",1.15928629883289e-10,0.000576840511620579,0.0235958778835724,0.000113961074838854,0.975713320414039,5
"20314",6.87619588371142e-17,0.206845389903268,4.97186914348074e-06,2.23302100272213e-07,0.793149414925488,5
"20318",4.93809039999253e-22,0.996605931856303,9.25105770851569e-10,2.21455223066367e-11,0.0033940671964457,2
"20320",1.21787209803441e-31,0.999983595574475,1.76792015577281e-15,1.19677272067668e-16,1.64044255233291e-05,2
"20326",3.5838491586298e-21,0.925922191648708,1.41714352561372e-08,5.51451752087187e-10,0.0740777936284046,2
"20328",1.84459118398022e-30,0.999908784286243,1.39583869302565e-14,1.0358174111374e-15,9.12157137415983e-05,2
"20330",0.000478379920674834,2.75189071684343e-11,0.893446256215074,0.10257616464593,0.00349919919080178,3
"20336",0.00194413324617011,6.37434154946765e-13,0.0330883394420679,0.964852718365989,0.000114808945135198,4
"20338",0.948368477885121,2.37453232005567e-24,7.83942918783705e-05,0.0515531278089476,1.40528510821333e-11,1
"20340",0.000484888555672465,3.4350950864515e-16,0.999504340640329,1.01934092227312e-05,5.77394775352742e-07,3
"20342",6.68047712384043e-23,0.995107529327795,1.50280296273272e-10,5.70677875066946e-10,0.00489246995124721,2
"20344",3.12095733724874e-08,1.51617789995343e-06,0.826901677083921,6.53394648989502e-05,0.173031436063706,3
"20349",3.04530547293267e-05,1.49607779375523e-11,0.999023422445378,0.000408678213033792,0.000537446271897729,3
"20351",4.01694770013218e-10,0.000120391157400709,0.0726163674843701,0.000273012117357021,0.926990228839177,5
"20353",0.0399873072730341,1.52573723780133e-14,0.821223918546069,0.138735588899878,5.31852810030075e-05,3
"20357",0.0334111647647647,6.68537323027102e-17,0.00307281446768553,0.963515692599479,3.2816807033784e-07,4
"20360",0.0108793851485692,1.95709688091321e-16,0.00488620430273836,0.984233683701778,7.26846914126011e-07,4
"20364",1.24905358199434e-06,2.76604279223689e-07,0.806661256822097,0.0032901457569845,0.190047071763058,3
"20366",3.87804771666078e-05,3.75757813168224e-11,0.0038763845554463,0.995721323488404,0.000363511441407755,4
"20381",1.72403237330976e-06,1.35930981275114e-06,0.0723170763529817,0.74299814100782,0.184681699297012,4
"20391",0.000873561953788087,4.0797850871358e-12,0.236604339924703,0.761566710519519,0.00095538759790959,4
"20394",5.87441102192048e-19,0.233443998253093,3.61888235994825e-07,5.83714280109154e-08,0.766555581487243,5
"20396",3.70954400557062e-30,0.999891038926783,1.85458913743002e-14,2.16713741197395e-15,0.000108961073195748,2
"20409",1.54569195978639e-08,0.000131471865503278,0.0998367207206588,0.00272200673856578,0.897309785218353,5
"20411",0.69926206692669,2.70159964627641e-18,0.13993161009111,0.160806028185607,2.94796593114379e-07,1
"20416",0.987068853464398,3.267479931161e-23,0.000685676832547963,0.0122454696802537,2.28006797328022e-11,1
"20418",5.72416794041203e-33,0.999993705575263,2.97203629014455e-16,1.48424063154085e-17,6.29442473730473e-06,2
"20420",3.31900251567826e-13,0.0331462080307379,2.03384051858873e-05,0.00803273115764074,0.958800722406103,5
"20422",0.000123537559110996,4.97823503325777e-10,0.994273808534291,0.00304676660610677,0.00255588680266784,3
"20424",0.954188319275188,1.8946140057366e-21,0.0397014935414737,0.0061101831074769,4.07586194723444e-09,1
"20426",1.41821230931613e-05,3.19226094073094e-12,2.37058004090595e-05,0.999958326832471,3.78524083479234e-06,4
"20428",1.57679059046005e-09,4.37292300620206e-05,0.0845142952740213,0.000990230382142247,0.914451743536984,5
"20431",2.70704676105778e-13,0.0341672540627356,0.000192092876128411,8.11466215639318e-05,0.965559506439301,5
"20433",4.51125182413536e-25,0.998298516159815,9.27603604810553e-11,9.74984644842956e-13,0.00170148374644993,2
"20436",1.95129704186552e-05,2.09612265412479e-08,0.894616935737752,0.0736833553067819,0.0316801750238208,3
"20439",3.39543168359684e-32,0.999988768700499,9.90615784520077e-16,4.65841235473662e-17,1.12312995002552e-05,2
"20441",0.113740915679748,1.3846835387603e-19,0.00060899972878044,0.885650075602304,8.9891675715151e-09,4
"20444",2.98351024222595e-31,0.999991406631919,8.51446697979669e-16,1.1609708639185e-16,8.5933680803393e-06,2
"20448",0.998468309255472,3.28685041841048e-26,1.56152287467544e-05,0.00151607551540742,3.73569404765386e-13,1
"20536",3.49714015245908e-20,0.471680154204977,1.95691176969912e-07,9.22868534068897e-09,0.52831964087516,5
"20538",0.0002923650328529,1.69859361973948e-10,0.141624698187662,0.855680145260769,0.0024027913488575,4
"20541",0.993724364519886,1.90451144941409e-23,0.00595704127472162,0.000318594151532803,5.38594073329608e-11,1
"20544",2.00448295149288e-14,0.00238689256156007,0.000372984688149717,8.17461058555508e-07,0.997239305289212,5
"20546",0.00470413724150278,2.27704678478373e-13,0.971537104498135,0.0235885915977919,0.000170166662342073,3
"20550",7.48265216124644e-09,7.036334272767e-05,0.0313995616057212,0.012211992526301,0.956318075042598,5
"20553",0.999475830887899,8.39506821245466e-27,6.60427247051919e-06,0.000517564839620252,9.69528963730527e-15,1
"20555",1.77389044461626e-09,2.14720922741627e-08,4.7518423278894e-06,0.997962784933132,0.00203243997855697,4
"20557",0.20281944861423,3.30109825150125e-16,0.0492271314717519,0.747949863358047,3.55655597066756e-06,4
"20559",0.0828979336549189,2.38395700216734e-18,0.917038026550569,6.38465709127618e-05,1.93223599824322e-07,3
"20561",7.99368793708251e-25,0.99260043830908,8.20099501174773e-11,2.49123739207609e-12,0.00739956160641885,2
"20564",1.81471635087672e-32,0.99999778081327,1.42770081860228e-16,1.4172234248398e-17,2.21918672973368e-06,2
"20566",0.0166724413583351,2.69420229486207e-14,0.964730875666125,0.0185312404252706,6.54425502423988e-05,3
"20569",1.3821774113985e-21,0.913753937577023,4.07111715693994e-09,3.96940539454734e-10,0.0862460579549196,2
"20572",4.14803153723621e-17,0.53079277098461,1.97317554792923e-06,3.71747554316168e-07,0.469204884092288,2
"20574",5.12308474332064e-06,1.01968994798589e-07,0.94173851884346,0.00612324528896203,0.05213301081384,3
"20576",6.02480941252453e-31,0.999987414576218,3.07092971646011e-15,1.52035725768217e-16,1.25854237784977e-05,2
"20578",6.06161952297988e-12,0.00154892264741435,0.00420785616238775,5.10750858967832e-05,0.994192146098239,5
"20580",1.85421974362757e-10,0.000142913272895836,0.0384048059368384,6.75719425543922e-05,0.961384708662289,5
"20583",4.17778720274904e-32,0.999994665258852,6.38208554777667e-16,2.84997952738881e-17,5.33474114740051e-06,2
"20586",1.15097810875636e-20,0.89322273003704,1.28174244693571e-07,4.4164422559261e-10,0.106777141347071,2
"20589",0.0288394245013559,2.1713231718323e-19,0.971093576004156,6.69091341930899e-05,9.03602950107487e-08,3
"20591",3.23299550860169e-07,3.33959926433836e-08,0.00890501012918011,0.919936162146714,0.0711584710285624,4
"20593",2.22882745631184e-05,1.20407528877425e-10,0.999087231474485,0.000359219608636001,0.000531260521908419,3
"20595",5.27953437072794e-05,3.77359908574993e-13,0.999853494764393,2.38137521299676e-05,6.98961393928966e-05,3
"20597",0.000823988230550583,1.20019332932746e-11,0.0625499216289762,0.93608259958443,0.00054349054404159,4
"20599",4.20582480791054e-31,0.999993119962291,1.36876955446527e-15,9.36870946141479e-17,6.88003770772065e-06,2
"20601",1.64454436774739e-18,0.0823087714486275,4.54462175681659e-07,7.56599089827222e-08,0.917690698429288,5
"20604",0.985396855972045,4.31828470431366e-25,0.0146027694519261,3.74574153661318e-07,1.87542289236815e-12,1
"20606",0.936994024128741,1.33040296705789e-21,0.062736054759715,0.000269919826492996,1.28505098215804e-09,1
"20608",0.119199999005743,2.58208257619961e-18,0.880257266707448,0.000542404103543987,3.30183265584675e-07,3
"20610",5.70843947651044e-28,0.99987307730334,2.59898168138309e-13,1.60435162844312e-14,0.000126922696384319,2
"20612",7.81372376713099e-26,0.999279115948812,1.05328554160273e-11,1.06649682697035e-12,0.000720884039588869,2
"20614",1.38540249883624e-30,0.999973308035213,4.11699114221959e-15,4.99672486882199e-16,2.66919647827732e-05,2
"20616",2.51582190887303e-23,0.980633697283375,1.04828666782502e-09,1.45972286330268e-11,0.019366301653741,2
"20618",9.44633286062379e-06,1.4172479131568e-09,0.00531206269986665,0.992151308395377,0.0025271811546479,4
"20620",0.200816802634008,4.97412358457887e-15,0.626342532362524,0.172827056653027,1.36083504368749e-05,3
"20622",4.13874148242697e-25,0.999103056508233,1.33941011726657e-11,5.55550224695193e-13,0.000896943477817907,2
"20624",0.315172309562808,2.31518896934066e-16,0.516866277179757,0.167958568160803,2.84509663169058e-06,3
"20626",7.98284519622776e-06,1.92428564995414e-09,0.988267908643368,0.00174636049590409,0.0099777460912461,3
"20628",1.14182422911137e-05,2.00508872863418e-09,0.943889649546728,0.0295432036444441,0.0265557265614484,3
"20630",6.75293415625887e-05,6.71517321772826e-09,0.973262005629326,0.00916816390672301,0.0175022944072155,3
"20632",1.52633266288242e-31,0.999984288342435,1.43718115221292e-15,1.31253891105375e-16,1.57116575632754e-05,2
"20634",2.22108627221817e-05,3.79940271934322e-09,0.982130082691196,0.00742873918331569,0.0104189634633635,3
"20637",0.999999650762517,1.14852656699006e-37,2.35616190592965e-10,3.49001866754458e-07,1.32566726440098e-21,1
"20639",1.39966971583905e-28,0.99968197509957,7.02946757998134e-14,1.25990187024313e-14,0.000318024900346726,2
"20644",0.00856745382165319,7.31951954762084e-13,0.246101619228016,0.745293131602328,3.77953472710338e-05,4
"20646",7.83676533848781e-14,0.0255330599278218,0.00144022610705889,1.54802684489082e-05,0.973011233696592,5
"20648",2.26465822772139e-17,0.127054093421778,1.06015472720343e-06,3.93321057471503e-07,0.872944453102438,5
"20650",7.5014324703871e-05,2.87286928444796e-09,0.918113353167395,0.0734491678924459,0.00836246174258604,3
"20653",8.493879035528e-15,0.0415134236333371,1.40690258154538e-05,2.49998031612964e-05,0.958447507537677,5
"20658",0.00199061862781142,1.41765897266097e-12,0.969864317972879,0.0279167979001377,0.000228265497754606,3
"20661",3.01203693264442e-16,0.287284147895819,1.04825246848807e-05,8.61872611902683e-06,0.712696750853377,5
"20663",3.4481723155927e-17,0.0842956397082767,2.23324842733394e-05,6.56485602057554e-08,0.91568196215889,5
"20665",1.79443436880533e-18,0.883249603483857,3.31868331791039e-07,4.53493794848027e-08,0.116750019298431,2
"20667",2.20484448405774e-14,0.00745436834394943,8.7561592738977e-05,1.89773695396759e-05,0.99243909269375,5
"20669",7.16891469112702e-21,0.932932905811297,1.32141258012142e-08,5.90547769850415e-09,0.0670670750690992,2
"20671",0.0554153892060664,1.44700149064895e-14,0.0762311782775926,0.868341599336616,1.18331797111243e-05,4
"20673",8.34135892462742e-31,0.999905587000071,1.00971437689136e-14,9.36975762514159e-16,9.44129999182197e-05,2
"20675",1.05028038887345e-16,0.0312493666647122,2.4603886804856e-05,1.29069194096182e-07,0.968725900379289,5
"20677",3.5267356633711e-12,0.000200182797493719,0.0078654435222767,1.4312403505492e-05,0.991920061273197,5
"20679",2.66186900150976e-25,0.994657817833969,1.88059206555633e-11,1.24581053390604e-11,0.0053421821347669,2
"20681",2.0919928750774e-28,0.997996580638088,7.95412637781461e-13,4.80217120153966e-14,0.00200341936106894,2
"20683",2.45779147061667e-20,0.877237580520775,1.27865934641383e-07,1.64769852903938e-09,0.122762289965592,2
"20685",8.60135827370456e-11,7.0750635348001e-06,5.97975646986956e-06,0.961231729232256,0.0387552158617257,4
"20687",5.05299877658203e-32,0.999988745629842,7.76836357231465e-16,5.30729682371789e-17,1.12543701570422e-05,2
"20689",0.013520547998321,5.43554665118073e-14,0.193957471769099,0.792514041180316,7.93905221039904e-06,4
"20691",1.161313635934e-33,0.999997926881783,7.70948931173812e-17,3.45856061356684e-18,2.07311821685915e-06,2
"20693",0.000106613916653636,1.1421835401273e-12,0.999293398466594,0.000459698328394945,0.000140289287215564,3
"20695",2.4134283724456e-27,0.998877719116656,1.55435069557088e-12,7.55250807809335e-14,0.00112228088171345,2
"20697",0.0100298576211884,2.56668926690144e-13,0.981833989017358,0.00808144024484534,5.471311635128e-05,3
"20699",7.61076089439332e-07,4.39083636552071e-08,0.879568073642086,0.00230895985456153,0.118122161518899,3
"20701",2.73596688368767e-11,0.00014211220487487,0.0234991143929933,5.64671666905764e-05,0.976302306208082,5
"20703",4.91554992727713e-15,0.160162430038737,1.25353304632385e-05,6.92784308377222e-05,0.839755756199957,5
"20705",1.15984846194328e-09,0.00014597588397589,0.0602224449564732,0.000527648882155732,0.939103929117547,5
"20707",3.2195259197729e-21,0.758712308018394,3.10118871656021e-08,9.40224225591752e-10,0.241287660029495,2
"20709",1.39456218587744e-21,0.979825815083943,1.128166485147e-08,1.21863679829291e-10,0.0201741735125283,2
"20713",5.93594387036179e-09,1.48229963722525e-05,0.00171776709450581,0.521256663456817,0.477010740516361,4
"20715",0.000172834755674945,1.16045703285525e-07,0.710985182503193,0.276848534486151,0.0119933322092771,3
"20717",9.09029338905553e-27,0.991008509922197,5.62649653575084e-12,4.86090282178425e-13,0.00899149007169034,2
"20720",0.0118778771836918,3.71017687402498e-14,0.941382253279077,0.0466617224492522,7.81470879416766e-05,3
"20722",3.12317801869972e-07,4.72712305936927e-07,0.787781648637334,0.00120412558367549,0.211013440748883,3
"20724",6.33272952055118e-28,0.99941198423931,3.89035601448217e-13,4.28072716203484e-14,0.000588015760258435,2
"20726",0.000225035098862978,1.71376776588009e-14,0.999480830599972,0.000266613981708793,2.75203194394963e-05,3
"20728",2.13598539949449e-29,0.999319012273105,1.03122699337322e-13,9.2845874730266e-15,0.000680987726782449,2
"20730",4.51245320679797e-21,0.797403964476037,1.76702847020091e-08,7.13128187875394e-10,0.20259601714055,2
"20732",1.60429827426342e-15,0.0518577016633601,3.38731623943512e-05,6.75415946316621e-06,0.948101671014781,5
"20734",1.91107001392864e-14,0.00800824427904363,0.000189639826370375,2.77859411322905e-06,0.991799337300454,5
"20736",7.34714405273885e-29,0.999849686922858,1.12046720743702e-13,5.15550080136947e-15,0.000150313077024322,2
"20738",2.24203760926587e-33,0.999997436072276,1.7119504155459e-16,5.06306665366562e-18,2.56392772347377e-06,2
"20740",4.21186484679399e-12,0.00300135603384453,0.0014893413022288,0.000536440594506078,0.994972862065209,5
"20742",3.8142979093685e-15,0.018223397519662,7.02264442161395e-06,5.89156986163234e-05,0.981710664137296,5
"20744",9.61195555447598e-21,0.920781451779778,1.32755588092261e-08,2.22853158097487e-09,0.0792185327161314,2
"20746",4.49321068129702e-18,0.19082233499831,5.23798797599466e-06,2.61628810975301e-08,0.809172400850833,5
"20748",7.22251990338854e-28,0.999408068008854,2.5756825532487e-13,6.44174221364407e-14,0.000591931990824137,2
"20750",1.76101606229823e-18,0.47522576230761,9.11270282123141e-07,2.77193995694569e-08,0.524773298702709,5
"20752",1.81390710476462e-05,4.0755258625642e-10,0.977079685126303,0.00963489720239736,0.0132672781926995,3
"20754",2.01862457516098e-28,0.999430629731772,5.50375415248649e-13,3.09369016042166e-14,0.000569370267646841,2
"20756",1.06269049674018e-16,0.165725653505823,1.72642500528659e-05,1.99056858767657e-07,0.834256883187265,5
"20758",8.02835585214467e-24,0.994445331341485,4.88038727989866e-10,8.85374624791917e-12,0.00555466816162245,2
"20760",8.32242078077691e-27,0.998344463734316,2.54150615959893e-12,2.62951603796515e-13,0.00165553626287944,2
"20762",5.98741683837457e-32,0.999963796897074,2.42818310788614e-15,1.39117345314425e-16,3.62031029230361e-05,2
"20764",6.13332000047341e-23,0.985202520805932,3.48888161150462e-10,2.51958173772834e-10,0.0147974785932216,2
"20766",1.70639032798654e-28,0.999519520668747,1.50253123725788e-13,2.06191115944401e-14,0.000480479331081514,2
"20768",2.6511054981788e-30,0.999951969194533,1.81201217700535e-14,5.73129235529239e-16,4.8030805448074e-05,2
"20770",5.08065900959693e-19,0.627311505117073,1.07515197958786e-06,1.42297932092029e-08,0.372687405501154,2
"20772",0.0733224417940387,1.77750364118949e-17,0.926497866389927,0.000179381410643512,3.10405390845468e-07,3
"20774",9.93395894121152e-08,5.68519252922512e-05,0.400333493231176,0.0168421154193183,0.582767440084624,5
"20776",8.45419319545837e-34,0.999997031067314,1.0458111468162e-16,3.67831690138111e-18,2.96893268585364e-06,2
"20778",0.0117836774364683,2.69849205326864e-12,0.435672953118601,0.552461249019133,8.21204230989647e-05,4
"20780",2.22762666163819e-26,0.99889687692624,8.02018662587935e-12,4.73497690600696e-13,0.0011031230652661,2
"20782",5.88819872186549e-24,0.988844102022024,1.85040678154972e-10,6.87226677704066e-11,0.0111558977242127,2
"20784",1.19273041123478e-32,0.999989487411417,7.34561517161481e-16,2.71914737704335e-17,1.05125885824796e-05,2
"20786",1.45405357931183e-30,0.999978000590378,8.96949650312065e-15,3.49027231478528e-16,2.19994096123879e-05,2
"20788",4.4655291194565e-19,0.17382849640158,6.39891462853191e-07,1.14737547168458e-08,0.826170852233202,5
"20790",7.40719310527591e-23,0.956865662852881,1.49211812979129e-09,1.13926175862083e-10,0.0431343355410745,2
"20792",1.91138891737856e-11,0.00447174615690835,0.00151889035528152,0.000286614520314145,0.993722748948382,5
"20794",1.34824932022887e-24,0.993442186262,7.18618359301298e-11,6.61250207396884e-12,0.00655781365952569,2
"20796",0.000215458318716053,4.36642900994878e-13,0.999106905056308,0.000537888059802714,0.00013974856473701,3
"20798",1.00011055047531e-33,0.999998450336738,5.78334090948119e-17,2.80402370061033e-18,1.54966326204291e-06,2
"20801",1.78738219956973e-29,0.999950958645557,3.51847555974678e-14,2.15524795378049e-15,4.90413544053212e-05,2
"20803",7.25068898508938e-20,0.230572541875504,2.96015109381966e-07,7.25569256015509e-09,0.769427154853695,5
"20805",6.48962601942241e-16,0.0685662479753804,3.55012345599619e-05,8.47980461261841e-07,0.931397402809598,5
"20807",2.06413550496298e-33,0.999998304778413,7.24925549796455e-17,4.20432083603832e-18,1.69522158737066e-06,2
"20809",8.04696046172973e-18,0.53304732213675,1.03213432468508e-06,4.95510830636036e-07,0.466951150218094,2
"20811",1.56835505368487e-26,0.99967892248575,2.19467668368246e-12,1.43289337581219e-13,0.000321077511911485,2
"20813",3.2433126632425e-11,0.000206199054062546,0.00593038333501669,0.000120016639109098,0.993743400939379,5
"20815",8.29586678432631e-33,0.999996217654441,2.11262709668794e-16,1.57106804076701e-17,3.78234555861137e-06,2
"20817",1.04185453533997e-30,0.999937861840189,7.19383967285986e-15,5.95944303251357e-16,6.21381598031541e-05,2
"20819",3.39864762295757e-08,1.97281701256136e-06,0.161953216000197,0.00512678388516264,0.832917993311152,5
"20821",1.47060475917928e-17,0.761481761367683,3.75718446941259e-06,7.6492642211417e-08,0.238514404955205,2
"20823",4.52233131381204e-16,0.0372436515928164,3.29844404877943e-05,6.47365030721186e-07,0.962722716601665,5
"20825",4.91289591728875e-29,0.999680598343779,9.15951430291848e-14,9.52236609178804e-15,0.000319401656119363,2
"20827",6.47368848723192e-17,0.505209303393474,1.25675907669143e-06,1.27483360153023e-06,0.494788165013847,2
