"","V1","V2","V3","V4","result$classification"
"19811",0.997329359757764,7.11785395963013e-05,1.02295566798575e-06,0.00259843874697201,1
"19813",0.994003453633158,0.00392377104119587,2.13766048564889e-05,0.00205139872078972,1
"19815",0.99357494299143,0.0045611247181481,0.00175660461567247,0.000107327674749803,1
"19817",0.996483153521588,0.000592089881641508,7.17791136815481e-05,0.00285297748308918,1
"19819",9.05496341893393e-05,0.864913072647516,0.13499355151891,2.8261993847074e-06,2
"19821",0.940889163333497,0.00223541151509969,2.11319912479814e-06,0.0568733119522782,1
"19823",0.887176958233528,0.00200756525386353,0.109216979043352,0.00159849746925648,1
"19825",0.0105370763565767,0.156672488751533,0.00111736801917475,0.831673066872715,4
"19827",0.315293652678365,0.00157252600994946,0.00043525907279537,0.68269856223889,4
"19829",0.0036699817348519,0.981887937884201,0.000221619215818055,0.0142204611651292,2
"19831",0.0010585005723282,0.892812922629701,0.106123409859843,5.16693812742241e-06,2
"19833",2.37952979271111e-05,9.64522648270079e-05,0.999819521611866,6.02308253800419e-05,3
"19835",0.940889163333497,0.00223541151509969,2.11319912479814e-06,0.0568733119522782,1
"19837",0.875786659457701,0.0042280516179821,7.10144720139753e-05,0.119914274452303,1
"19839",0.0145815890897934,0.93422395502943,8.46590226735503e-05,0.0511097968581028,2
"19841",7.14926453453555e-05,5.52495888254407e-05,2.30291957665381e-07,0.999873027473872,4
"19843",0.0010571963264483,0.998724900853707,0.000217059077285708,8.43742559274872e-07,2
"19845",0.999365083817695,4.24078201066018e-05,2.47839975614378e-06,0.000590029962442402,1
"19847",0.99464477212634,0.00516712225473602,0.000117097759741519,7.10078591826677e-05,1
"19849",0.996464677164526,0.000383494610381682,5.98854792244806e-06,0.00314583967716943,1
"19851",0.999464173373907,0.00017768664450525,6.79934180142415e-05,0.000290146563573306,1
"19853",0.997751870814603,3.85720592677405e-06,0.000177753314689546,0.0020665186647811,1
"19855",0.987308840708694,2.35909681589477e-05,1.8139159044652e-05,0.0126494291641022,1
"19857",0.95735318880012,0.0112546368219257,6.25747995383945e-06,0.0313859168980009,1
"19859",0.961631299774376,0.00382264132207978,0.000414576056301015,0.0341314828472431,1
"19861",0.999717656290448,5.74516098137702e-05,2.71423569170449e-06,0.000222177864046415,1
"19863",0.0211801211547907,2.84414180750296e-05,5.94289685736579e-07,0.978790843137448,4
"19865",0.00353231176745177,1.9810849350528e-05,4.04203455213652e-07,0.996447473179742,4
"19867",0.999000598002857,0.000937377401343883,4.22981464689981e-05,1.97264493306013e-05,1
"19869",0.987302710980869,2.64269569151513e-05,6.06572729199052e-07,0.012670255489487,1
"19871",0.866337231592921,0.0120700890982619,0.00055081335299024,0.121041865955827,1
"19874",0.162757107760437,8.42637460618351e-05,4.42083437954479e-05,0.837114420149706,4
"19876",0.530480473498169,1.66388107977837e-05,1.69401475479173e-06,0.469501193676278,1
"19878",0.319843799533911,0.658087993956614,0.0211068588264727,0.000961347683001559,2
"19880",0.00204452230653437,7.8402134736782e-07,7.63535301569138e-08,0.997954617318588,4
"19882",0.99669007746633,5.41116459892882e-05,8.53046966456345e-06,0.00324728041801653,1
"19885",0.982769750073903,0.0147113365818822,4.34371467237465e-05,0.0024754761974911,1
"19907",0.999572365547425,0.000328949166305529,1.13537143343821e-05,8.73315719346277e-05,1
"19909",0.0272184117441229,0.972629053786327,8.50299118776766e-05,6.75045576727815e-05,2
"19911",0.0315415582919541,0.929249100244512,0.00163524604434383,0.0375740954191906,2
"19913",6.36304568998788e-05,3.14822076932402e-06,4.54820010105301e-07,0.999932766502321,4
"19915",0.382884098089582,0.000107721321096884,4.15093924894173e-05,0.616966671196831,4
"19917",0.0155896950122439,0.000192823273384643,7.19430432961541e-06,0.984210287410042,4
"19919",0.734614845734065,0.00160104524937371,0.000244760736870462,0.26353934827969,1
"19921",0.999436147620041,0.000470227841970398,2.65112517006895e-05,6.71132862881943e-05,1
"19923",0.90041772050321,0.0652803028295912,0.0342808119383695,2.1164728829544e-05,1
"19925",0.0506215689079615,7.22898728913236e-05,1.28863444550919e-05,0.949293254874692,4
"19927",0.998538867056897,0.000212683434495243,3.65964389052772e-05,0.00121185306970287,1
"19929",0.00156605341624733,1.93830677360576e-06,2.65023470920255e-08,0.998431981774632,4
"19931",0.991676292588796,0.00310531638642348,0.000367295170020791,0.00485109585475948,1
"19933",0.193276772494028,0.801071019156744,0.00199081335382037,0.00366139499540805,2
"19935",0.905579968465562,0.0901781770441272,2.62391096675372e-05,0.00421561538064402,1
"19937",0.998176498184621,0.000978127828377295,0.000702831245705065,0.000142542741296205,1
"19939",0.992641777208976,0.00243693950432142,0.000411750500425679,0.00450953278627741,1
"19941",0.0141060715386165,0.877934411390642,0.0001360837103832,0.107823433360358,2
"19943",0.00126023730111161,7.92901872909242e-06,3.1859079821823e-06,0.998728647772177,4
"19945",0.0760952886339936,0.919971947906454,0.00376362045188543,0.000169143007667177,2
"19947",0.0377541004443211,0.117775041515536,0.000290242662030121,0.844180615378112,4
"19949",0.625456359137811,0.32984445107516,0.0446464103477073,5.27794393217041e-05,1
"19951",0.277160847246489,0.0042762887085351,0.000159300595976333,0.718403563448999,4
"19953",0.00297563574413101,0.210813471131088,0.786210296995701,5.96129079814721e-07,3
"19955",0.0117712344414313,0.935571953102111,0.0526426103013023,1.42021551550843e-05,2
"19957",0.0952995881106195,0.00261520488541745,0.00288720937580173,0.899197997628161,4
"19960",0.00520369063569604,0.993783132430685,0.000211734157713317,0.00080144277590597,2
"19963",0.00107781917091186,0.000866989901684408,0.064444677584033,0.933610513343371,4
"19965",0.00169478723758242,0.997587321826392,0.000717604328591561,2.86607433942061e-07,2
"19968",0.0392267069959578,0.00252003755509519,7.7688159601234e-08,0.958253177760787,4
"19971",9.87453554956662e-05,0.00335537687709246,0.00769215111260065,0.988853726654811,4
"19973",0.983875274236234,0.000496099759878691,5.5390299579394e-06,0.0156230869739289,1
"19975",0.0313460756046234,0.000132911365221586,4.28984928094923e-07,0.968520584045227,4
"19977",0.00332256532439886,0.000328119866015102,0.000283406221754483,0.996065908587832,4
"19979",7.18997384912342e-06,0.99950617945497,0.000482546048420251,4.08452276039504e-06,2
"19981",0.977314043800105,0.0207367008412288,4.93218910906709e-05,0.00189993346757516,1
"19983",0.969599184719503,0.03001098398882,0.00025463652760189,0.000135194764075104,1
"19985",0.154597844256773,1.93704429028074e-05,2.5770416691015e-06,0.845380208258655,4
"19987",0.764635359939904,0.106687612474201,0.000415569160661223,0.128261458425234,1
"19989",8.67507819639385e-05,0.995188466999779,0.00472472926382104,5.29544365365527e-08,2
"19993",0.419485836109851,0.534451299426765,0.00338526658139463,0.0426775978819895,2
"19995",0.176736664525154,0.81182410965994,0.00077525367278837,0.0106639721421181,2
"19997",0.973238237369488,0.000182242415797585,1.96746231473729e-05,0.0265598455915669,1
"19999",0.894632813806885,2.72990991814112e-05,1.36494425811712e-06,0.105338522149676,1
"20002",0.0035614823981741,0.000641086767950632,7.20726602643031e-06,0.995790223567849,4
"20004",0.141310079112513,0.839620112738923,0.000128434303966439,0.0189413738445969,2
"20006",0.051720374295872,0.939463245141432,0.00643699992650562,0.00237938063619051,2
"20008",0.067511432314974,0.904168773314517,0.0273503005742642,0.000969493796245025,2
"20010",0.0253028752731751,0.922590977932734,0.0520900074974511,1.61392966403149e-05,2
"20012",0.225159967613533,0.000150220564048297,1.79322844545112e-06,0.774688018593973,4
"20015",0.000122680616134628,0.999862371330802,1.45963301310739e-05,3.51722932467051e-07,2
"20017",0.951190966891994,7.62280747911699e-05,1.7424888701532e-06,0.0487310625443448,1
"20019",2.32305778641417e-06,0.996479301989549,0.00351832834134018,4.66113241965558e-08,2
"20022",0.0056557005396378,0.991801683595791,0.00253546614857935,7.14971599149657e-06,2
"20024",8.01413533097424e-05,0.570656815006242,0.429262509352568,5.34287879801958e-07,2
"20026",8.01413533097424e-05,0.570656815006242,0.429262509352568,5.34287879801958e-07,2
"20028",0.723322739720886,4.28403159344062e-05,6.9706612889331e-06,0.276627449301891,1
"20030",0.000383336687015075,0.999202087242159,1.93879378208492e-05,0.000395188133005251,2
"20033",0.598021779576538,0.00358627598149438,3.1687187056335e-05,0.398360257254911,1
"20035",6.09980866117135e-06,0.994819738295456,0.00517410567939971,5.62164830848014e-08,2
"20037",1.38453775125508e-05,0.999286041414452,0.000700109402198944,3.80583675695323e-09,2
"20039",1.73480579371687e-06,0.000839000685674524,0.999159263124252,1.38428013377007e-09,3
"20041",0.611702782095187,0.309813456478726,0.0765250702801848,0.00195869114590154,1
"20044",0.464079716783588,0.415785914749948,0.104561918396311,0.0155724500701525,1
"20047",8.11524973892381e-07,0.992505377769594,0.00749337468865863,4.36016773855328e-07,2
"20050",0.00819255316627004,0.163740609083268,0.827993993290781,7.28444596800505e-05,3
"20052",0.855599630308537,0.0573193443977348,0.00584977329181305,0.0812312520019152,1
"20054",0.00137566792897114,0.998588812692492,6.4547386643902e-06,2.90646398726452e-05,2
"20056",0.00215873644869847,0.000460232775170262,1.41886884612435e-05,0.99736684208767,4
"20058",0.000108752061614852,0.998266629222463,0.00162460143705162,1.72788702151219e-08,2
"20060",0.996084803829805,0.00230617121690949,9.34806196550915e-05,0.0015155443336309,1
"20062",0.984259414852705,0.0150537512892434,0.00014288183639195,0.000543952021659157,1
"20064",0.0205426599462233,0.978567639960134,0.000228184215575863,0.000661515878067208,2
"20066",3.96748537416357e-05,0.999867816450368,4.5047319662868e-05,4.74613762280752e-05,2
"20068",0.999599592555614,0.000151691089226106,9.36619144778376e-06,0.000239350163712553,1
"20070",0.998582948865546,0.00034533683357776,0.000894275578889728,0.000177438721986755,1
"20072",0.00474918580003405,0.995156586952683,9.37886417675484e-05,4.38605515703248e-07,2
"20074",0.00022505420551325,5.7595551593544e-07,5.51070832453772e-08,0.999774314731887,4
"20076",0.117917674664061,0.0151372045505409,1.00542819017839e-06,0.866944115357208,4
"20078",0.0357800765477564,0.959397751833072,0.00441338855979616,0.000408783059375382,2
"20080",9.09315032383007e-06,0.998342832880286,0.00164793568535552,1.38284034561664e-07,2
"20082",2.33303455204224e-05,0.0125666218105606,0.987409588666873,4.59177045453282e-07,3
"20084",0.00935632750317707,0.936587563515935,0.0166834688904341,0.0373726400904535,2
"20087",0.0564716015501129,0.942114669105241,0.00140849341465847,5.23592998749791e-06,2
"20090",8.08165967007489e-05,0.966806677040353,0.0331118920182755,6.14344671044838e-07,2
"20092",0.225729558150158,0.0352634804668223,0.739005504032549,1.45735047081703e-06,3
"20096",0.427103289646537,0.0187604155609912,0.539898507228106,0.0142377875643657,3
"20098",0.593492463313647,0.00134136812372558,8.11076656771633e-05,0.405085060896951,1
"20101",0.000150904007288919,0.997327331678177,0.00228076756622447,0.000240996748309239,2
"20104",0.937288919771508,0.000323654194906979,0.0575726514788341,0.0048147745547511,1
"20106",0.000947302552127502,0.998742042198324,0.000189466083881093,0.000121189165667061,2
"20108",0.939458884142563,0.00146650687903284,1.009763650493e-05,0.0590645113418999,1
"20110",0.318725503677621,0.0188608528043134,0.506698776801749,0.155714866716316,3
"20112",0.0147875046038338,0.958656519683114,0.0264793036266606,7.66720863916605e-05,2
"20114",0.0410518652771798,0.838025029361265,0.00288210400167448,0.118041001359881,2
"20116",0.00896391967584497,0.955054297702267,2.64907832627482e-05,0.0359552918386253,2
"20118",0.646392517129258,0.161759953149457,0.0012826238766763,0.190564905844609,1
"20120",0.00372607762721285,0.959771167440043,0.0353469914917957,0.0011557634409484,2
"20122",0.00215165029126369,2.21819691261034e-05,2.37586350491787e-07,0.99782593015326,4
"20124",9.21033192830766e-05,0.996750147796125,0.00315771809352986,3.07910624151733e-08,2
"20126",2.33241480012825e-05,0.0171603058760383,0.982814978977231,1.39099872940747e-06,3
"20128",7.3774440359621e-07,0.315109279979029,0.684889963503912,1.87726554558102e-08,3
"20141",0.776771790981865,0.000402202791517319,0.0477274011516846,0.175098605074933,1
"20143",8.52301661072706e-05,6.4305508889101e-07,7.38665881586025e-08,0.999914052912216,4
"20145",0.00584743889120419,0.987111976841393,0.00701952503511213,2.10592322908629e-05,2
"20147",0.00186389205603863,0.99782515188168,0.000290902549375224,2.00535129060182e-05,2
"20149",0.00199695401941144,3.73332652929644e-06,5.10422721805148e-07,0.997998802231338,4
"20151",0.803080431485518,0.00177473533652259,4.52975661097026e-05,0.19509953561185,1
"20153",0.210637052570256,0.00610221927495314,0.0341963633403503,0.74906436481444,4
"20155",0.000540412161743069,0.999033744546474,0.000424014092149408,1.82919963413777e-06,2
"20157",0.262913289991536,0.000562635827007092,6.97507468246898e-05,0.736454323434632,4
"20160",0.000109055600189031,1.39934298401673e-06,1.78534074121945e-07,0.999889366522753,4
"20162",0.00422511174023413,1.51043289677082e-06,1.85274140867703e-07,0.995773192552728,4
"20164",0.0551878598525614,0.000427886191394567,0.000129491778036241,0.944254762178008,4
"20166",0.000465821652374572,0.996923988860032,2.1453941551419e-05,0.00258873554604219,2
"20168",0.0530430426279486,0.565358021588537,0.000190631786138486,0.381408303997375,2
"20170",0.480697707171474,0.00105909183817168,0.000254295644650572,0.517988905345703,4
"20172",0.00413548801897178,0.993895528386132,0.00196863351050597,3.50084390355557e-07,2
"20174",0.644777331941051,2.23708013515046e-05,2.93251787184049e-07,0.35520000400581,1
"20176",0.772686292771347,0.198879653939859,8.25726877274022e-05,0.0283514806010663,1
"20178",6.85217324309469e-05,1.69586400896419e-06,3.64008671315874e-07,0.999929418394889,4
"20181",0.000294584608315038,0.992461232823954,2.75872787215457e-05,0.00721659528900966,2
"20183",0.988107789400292,0.00929506895353813,0.00252232854221056,7.48131039594637e-05,1
"20186",0.978359504426297,0.0179825673389959,0.00365616837902493,1.7598556825929e-06,1
"20188",0.000495331930414055,1.59088636880021e-06,4.02595525731873e-07,0.999502674587691,4
"20190",0.000107246594843787,0.99983965086915,5.12221499795662e-05,1.88038602636179e-06,2
"20193",0.00163058798443161,0.00372109921745211,6.56769259234825e-06,0.994641745105524,4
"20195",0.15841826643138,0.00475818126742417,0.000134586957120524,0.836688965344076,4
"20197",0.00327404353521364,0.995843437607707,0.000881958230124598,5.60626954747531e-07,2
"20199",0.0536149320304688,2.77415795126675e-05,3.50890264887774e-05,0.94632223736353,4
"20205",5.25231164188343e-05,0.000598244541315925,0.999349192937185,3.94050805039553e-08,3
"20208",0.953930495537895,0.00591681390686548,6.3030190480242e-05,0.0400896603647589,1
"20210",0.0111291447156034,5.3778958608784e-06,8.07867248949538e-07,0.988864669521287,4
"20212",0.0989571154842319,0.000483323163167048,2.73461108779611e-05,0.900532215241723,4
"20216",0.00286963901118186,0.996800296095995,0.000145974705281583,0.000184090187541086,2
"20219",0.00581851685283584,0.416177935065009,0.577863470138014,0.000140077944141243,3
"20223",0.000164795615280638,0.999281989951032,0.000553191856581071,2.25771060315653e-08,2
"20226",0.836830554113313,0.138237388841955,0.0198100771387715,0.00512197990595984,1
"20230",5.043895066406e-05,0.999755164593894,0.000194078234778556,3.18220663420287e-07,2
"20233",0.00430018137765973,1.31152994535942e-05,0.995599021809389,8.76815134982419e-05,3
"20235",0.0019437388236831,0.957860554446491,0.0401956249272665,8.18025590525104e-08,2
"20239",0.0468556876169776,0.951727815694294,0.00140555356037487,1.09431283532118e-05,2
"20254",5.56381366205819e-06,0.0131202053738778,0.986874192534248,3.82782116960856e-08,3
"20256",0.000257111276168429,0.99926137001796,0.000481457304590317,6.14012812468799e-08,2
"20262",0.201956560810268,0.000389978799095496,2.20956010641145e-05,0.797631364789572,4
"20270",0.040768731642742,0.946816897984961,7.01934131114264e-05,0.0123441769591858,2
"20284",0.461680349679359,0.0244747296847908,0.513727777380052,0.000117143255797471,3
"20287",8.02926492052754e-06,0.999703270225307,0.000288688396973137,1.21127997078016e-08,2
"20290",0.00192986538636711,0.0046032257609666,0.993414996270651,5.19125820152004e-05,3
"20293",0.0467128264695372,0.949749863598785,0.00348481899452572,5.24909371518569e-05,2
"20296",0.301192417680508,0.010076865386625,6.58583643615955e-07,0.688730058349223,4
"20301",3.97985937075461e-06,0.999003900334325,0.000964138615215969,2.7981191088398e-05,2
"20304",5.49857568826665e-05,0.0156431717673666,0.984301018026574,8.24449176413118e-07,3
"20306",9.11243599150565e-05,0.996851597115292,0.00305726018168472,1.83431078280672e-08,2
"20309",0.283879560678004,0.705194193310327,0.0104236474793001,0.000502598532368922,2
"20311",0.0069182513114914,0.990515887878584,0.00166038224483358,0.000905478565091071,2
"20314",0.904023089127119,0.0122737016540619,0.000459455575136981,0.0832437536436814,1
"20318",0.000239060891310052,5.60932244096596e-05,6.43977883664166e-07,0.999704201906397,4
"20320",0.974599757558445,0.00571262473165744,0.0132985308047918,0.00638908690510608,1
"20326",0.815330234817667,0.0147791410941336,0.000868840804385322,0.169021783283814,1
"20328",0.991057129355203,0.00321832314776713,0.00565275384584973,7.17936511803697e-05,1
"20330",0.00836400668966931,0.951849156144553,0.0397744167147463,1.24204510310322e-05,2
"20336",0.0270102115336601,0.0279105471153121,0.945074216662202,5.02468882576653e-06,3
"20338",0.00160353874525523,0.034958214875013,0.963221108334924,0.000217138044808001,3
"20340",2.43631948489069e-05,0.999190858916018,0.000784581685495355,1.96203638329356e-07,2
"20342",0.000824749953491574,0.00134421282319409,0.997310413430126,0.000520623793188374,3
"20344",0.00315079068718211,0.995761249820157,0.00108524404814002,2.71544452088947e-06,2
"20349",0.000157545543959591,0.999548648034292,0.000293755466162613,5.09555852841803e-08,2
"20351",0.0450940697665217,0.933857182633722,0.0198874414651103,0.00116130613464606,2
"20353",0.00194636203366898,0.899309351716795,0.0987438238680814,4.62381454281376e-07,2
"20357",3.92751462928868e-05,0.00286122065321131,0.997099500450609,3.74988722626522e-09,3
"20360",0.00359965754789793,0.0332277307755449,0.963162908395253,9.7032813038938e-06,3
"20364",0.0387130515049177,0.954084555818164,0.0071633754731603,3.90172037581518e-05,2
"20366",0.00724321990725411,0.00320452963571855,0.989512043865555,4.02065914723729e-05,3
"20381",0.288297289753395,8.86780986779439e-05,1.54991594588072e-05,0.711598532988469,4
"20391",0.541048372075887,0.415693675500808,0.0432567991101838,1.15331312117372e-06,1
"20394",0.997508627062466,0.00032063340366156,1.11741322023682e-05,0.00215956540167058,1
"20396",0.930728530747985,8.31515808504856e-06,3.32149262649593e-07,0.0692628219446672,1
"20409",0.119748663388449,0.636424269445717,0.00189627301401046,0.241930794151824,2
"20411",0.000857380864038318,0.889157798006478,0.109984796607249,2.452223493293e-08,2
"20416",8.4565943839942e-07,0.0796973448284803,0.920301808844559,6.67521914746592e-10,3
"20418",0.671946880236721,8.48047244359005e-06,2.08563814385737e-07,0.328044430727021,1
"20420",0.0266997084256492,0.000112533155606794,0.972622969355108,0.000564789063636414,3
"20422",0.00100062038047715,0.998021644715297,0.000879945089329308,9.77898148968113e-05,2
"20424",0.000625286441452602,0.94713442697608,0.0522402298425805,5.67398873997511e-08,2
"20426",2.28400406928351e-05,2.67215275230986e-05,0.999759344319809,0.000191094111974861,3
"20428",0.152181249085945,0.84768545288001,6.91042834008332e-05,6.41937506441857e-05,2
"20431",0.697689079562878,0.0968024314542516,0.0264696075675863,0.179038881415285,1
"20433",5.72452008151841e-05,0.999896037438034,4.6551318847022e-05,1.66042304204684e-07,2
"20436",0.0800588720527385,0.914472482450405,7.23710825227708e-05,0.00539627441433378,2
"20439",0.635153504046609,1.42023746933346e-05,2.51048863206354e-07,0.364832042529834,1
"20441",0.000179822739649662,0.00238688851382821,0.997432602018238,6.86728283798832e-07,3
"20444",0.000316870633258266,8.4718931277843e-07,1.1848485017622e-07,0.999682163692579,4
"20448",0.593337032494274,0.0247602942867362,0.00337009915080605,0.378532574068184,1
"20536",0.999381816856308,0.000505122592719045,3.51264807004424e-06,0.00010954790290315,1
"20538",0.0930757132243002,0.333293511689426,0.57361235791174,1.84171745340622e-05,3
"20541",2.3195941613256e-05,0.937749848911961,0.0622269190845232,3.60619027752841e-08,2
"20544",0.600291916203321,0.383758623801764,0.00272075736841439,0.013228702626501,1
"20546",0.00212607520507749,0.988541944447805,0.00933188442334537,9.59237719860379e-08,2
"20550",0.456133445724383,0.486684080875962,0.0503605550555795,0.00682191834407538,2
"20553",1.74287179636383e-07,0.0616343431574716,0.938364012195825,1.47035952363822e-06,3
"20555",0.0043853468324974,3.68354302565821e-05,0.995577019383324,7.98353921641044e-07,3
"20557",0.291112087078817,0.2954244614624,0.408388339140926,0.00507511231785598,3
"20559",0.000480935991231583,0.99936441382757,0.000147750218996481,6.89996220201419e-06,2
"20561",0.511498699035009,0.00374159834764605,0.000239675860407409,0.484520026756937,1
"20564",6.85217324309469e-05,1.69586400896419e-06,3.64008671315874e-07,0.999929418394889,4
"20566",0.132684281252278,0.86696970410283,3.81711008573523e-05,0.000307843544034837,2
"20569",0.728318760991847,7.46659124941314e-05,2.08401578970804e-06,0.271604489079869,1
"20572",0.0537144630800041,2.421254616717e-05,1.92252993638168e-07,0.946261132120835,4
"20574",0.000285390835191228,0.996271785362182,0.00343351566081317,9.30814181378222e-06,2
"20576",0.000335028025070828,9.60187177411675e-06,9.10426905301059e-07,0.99965445967625,4
"20578",0.129615202624362,0.860481370699168,0.00164311374240079,0.00826031293406961,2
"20580",0.175937851429602,0.823615302529295,0.000162658819899017,0.000284187221203896,2
"20583",0.000197523388808504,7.23091771348143e-06,7.28503343711336e-07,0.999794517190134,4
"20586",0.0899643455810037,0.907011048147765,0.00300585997379159,1.8746297439811e-05,2
"20589",0.00016475094365902,0.999489420919697,0.000345816515471388,1.16211723203058e-08,2
"20591",0.75058674435977,0.00898167341238188,0.240383913806752,4.76684210952601e-05,1
"20593",1.74922761785683e-06,0.999853917744308,0.000144232752414653,1.00275659801158e-07,2
"20595",0.00368211145080711,0.995591192417008,0.000584627111600308,0.000142069020584276,2
"20597",0.994247777083006,6.77440129666665e-05,1.52632937473507e-06,0.00568295257465234,1
"20599",9.21985279161953e-05,1.94677774613924e-06,1.82318642571862e-07,0.999905672375695,4
"20601",0.997645080396535,0.00113604630182612,0.000208052171066817,0.00101082113057203,1
"20604",2.69715398576424e-05,0.999826716252241,0.000142347070491711,3.96513741010766e-06,2
"20606",3.69662272117145e-05,0.999795460639017,0.000167423468521369,1.49665249999201e-07,2
"20608",0.0017129048669045,0.99824970837443,3.58338776160536e-05,1.55288104941979e-06,2
"20610",0.00187900955206999,5.01445756868769e-05,4.84069601502249e-06,0.998066005176228,4
"20612",0.0324998448034655,0.668205504764594,0.287250905650045,0.0120437447818957,2
"20614",0.00789686340769241,8.07893405995761e-06,3.31031897985876e-06,0.992091747339268,4
"20616",0.983672700686283,0.0134739302095246,0.000371627564363066,0.00248174153982915,1
"20618",0.00122689347603909,0.00068402088040601,0.998046931314763,4.21543287922165e-05,3
"20620",0.00201518158655845,0.997747323239366,9.8108083583357e-05,0.000139387090491909,2
"20622",0.00070722611317825,2.63399445080794e-05,1.23547691270633e-06,0.999265198465401,4
"20624",0.000898228486538837,0.97080206385999,0.0282993551664544,3.5248701688834e-07,2
"20626",0.0924835456808553,0.902358779777842,7.94697417437889e-06,0.00514972756712844,2
"20628",0.727036994299166,0.270647081049,0.000571639985450301,0.00174428466638331,1
"20630",0.086497910150862,0.893709185173944,0.000873044909572033,0.0189198597656216,2
"20632",0.0114939747003955,7.19461359301856e-07,4.34981343468139e-08,0.988505262340111,4
"20634",6.37749465302503e-05,0.999815804245832,0.000120301184446829,1.19623191057628e-07,2
"20637",3.43003798736947e-05,0.0174723285595768,0.982475438999751,1.79320607986207e-05,3
"20639",0.22921292621396,7.50202958249042e-05,2.26835983394212e-05,0.770689369891876,4
"20644",1.88192253707586e-06,0.478305291754668,0.521692574818026,2.51504769341521e-07,3
"20646",0.00114913384584454,0.972791667775562,0.0260112070275082,4.79913510850199e-05,2
"20648",0.966730668559823,0.000779740671064705,0.000243039066944066,0.0322465517021681,1
"20650",0.000332185133281337,0.753112015322819,0.246555532326947,2.6721695240301e-07,2
"20653",0.991078798738008,0.0010265850247797,0.00138379641003783,0.00651081982717502,1
"20658",0.000802896079370143,0.999180593856377,1.62627058241825e-05,2.4735842900276e-07,2
"20661",0.0218488483559943,0.082452907032428,0.895686336272785,1.19083387926362e-05,3
"20663",0.364161728086931,0.632445181572302,0.00336379346134017,2.92968794272542e-05,2
"20665",0.000122550225030304,9.18294118399441e-06,4.66729785174759e-08,0.999868220160807,4
"20667",0.97292316706237,0.0255425399370914,0.000954966920170595,0.00057932608036802,1
"20669",0.991375339203108,2.59495425566189e-05,2.68097765317945e-06,0.00859603027668272,1
"20671",0.00136315821854301,0.22397377921699,0.774520082506996,0.000142980057471275,3
"20673",0.973736056654433,4.56733476659619e-05,8.70020288733478e-07,0.0262173999776124,1
"20675",0.993077769765746,0.00682931023112802,1.32081171447506e-05,7.97118859813797e-05,1
"20677",0.55389382219219,0.445618089143676,0.000465256977185452,2.28316869482797e-05,1
"20679",0.975653233828853,7.74020537165836e-06,1.22801930101426e-06,0.0243377979464744,1
"20681",0.999815478622858,0.000110999602513503,7.39164078349181e-06,6.61301338453648e-05,1
"20683",0.697043967320787,0.302745122135971,0.000160022797276688,5.08877459647522e-05,1
"20685",0.0181729123878962,4.1526557457215e-05,0.981633255771616,0.000152305283030759,3
"20687",0.0591381757061869,2.50823541397055e-05,7.54262804290319e-06,0.94082919931163,4
"20689",2.83296515382021e-05,0.29568872178886,0.704282726049625,2.2250997652938e-07,3
"20691",0.000410892918327086,1.98104890481586e-06,4.34718394049335e-07,0.999586691314374,4
"20693",6.02585395047547e-05,0.99814531081004,0.00179440776445339,2.28860020828957e-08,2
"20695",0.991148072828067,0.000561189503812555,5.53668828694809e-05,0.00823537078525118,1
"20697",0.000140150668126393,0.999164860850672,0.000617849174542277,7.71393066593986e-05,2
"20699",0.754329675830968,0.245285408229982,1.47502147050588e-05,0.00037016572434522,1
"20701",0.143089533655494,0.856534986026314,0.000373183745286182,2.29657290624899e-06,2
"20703",0.981975993840326,0.00030363747961751,0.0125383170811378,0.00518205159891847,1
"20705",0.0028150056303739,0.990945575112234,0.00623880573762551,6.1351976665787e-07,2
"20707",0.990562698954116,0.00862641427354586,0.000754064324853219,5.68224474843738e-05,1
"20709",0.076986959285057,0.0405677416910557,1.89237004732405e-05,0.882426375323414,4
"20713",0.942862091653948,0.000216048460922934,0.0183250293108846,0.0385968305742444,1
"20715",2.91092922593302e-05,0.854394972392543,0.116341104643274,0.0292348136719241,2
"20717",0.999365247394492,0.000245035792694485,5.60063947803704e-05,0.000333710418033128,1
"20720",0.0149544941515509,0.984441667954295,0.000558629601077799,4.52082930759248e-05,2
"20722",0.0192998149373175,0.980556569344606,0.000138003649135985,5.61206894028309e-06,2
"20724",0.779832989479439,0.000108434053468281,1.84203036408219e-05,0.220040156163452,1
"20726",7.58538075246379e-05,0.998402528446346,0.00152160351091586,1.42352134407964e-08,2
"20728",0.999660287427422,4.03913021006186e-05,4.53192384152182e-06,0.000294789346635694,1
"20730",0.5545066712023,0.0021386813100446,0.000165341980911146,0.443189305506745,1
"20732",0.482470940079981,0.418166383205673,0.0991038095307526,0.000258867183593187,1
"20734",0.594998659556808,0.402253090317848,0.00266134242973442,8.69076956094057e-05,1
"20736",0.130093822126783,6.6868929833856e-05,2.07566944624378e-06,0.869837233273937,4
"20738",0.0197222699377688,0.518823603089807,0.0736072456690415,0.387846881303382,2
"20740",0.103475618669819,0.600413709625045,0.296110514756058,1.56949077315801e-07,2
"20742",0.997130648359768,0.000222440423171009,0.00223243546623272,0.000414475750828783,1
"20744",0.0393892451377175,4.46027229669139e-06,3.89578115620434e-08,0.960606255632174,4
"20746",0.919683072912257,0.0799990441301037,0.000170531362652953,0.000147351594986372,1
"20748",0.686434006371561,0.00011398403856637,6.7967416205274e-05,0.313384042173667,1
"20750",0.355020621993066,0.000833593514304964,3.20835711657281e-06,0.644142576135512,4
"20752",0.0312870336441907,0.96740030073503,0.00131132870391755,1.33691686150543e-06,2
"20754",0.986616974996925,0.000188423326654629,1.44780590398074e-06,0.0131931538705164,1
"20756",0.554610459944142,0.139708039730773,0.000533648208681139,0.305147852116404,1
"20758",0.347342860223523,0.269247651531065,2.3938002530742e-05,0.383385550242882,4
"20760",0.83435128709603,2.45392446894367e-05,8.56322111631402e-07,0.165623317337169,1
"20762",0.998644114689338,0.000112257915695893,3.19885459218996e-06,0.0012404285403736,1
"20764",0.318703322232079,1.13571784853259e-05,5.89610085220777e-06,0.681279424488583,4
"20766",0.906603386096366,5.11791574099464e-05,1.01092702740978e-05,0.0933353254759501,1
"20768",0.174359992017611,0.00126457340201388,6.04987596905676e-05,0.824314935820685,4
"20770",0.973282271216332,0.0261824533013756,1.04365481542845e-05,0.000524838934138246,1
"20772",6.50665950577306e-05,0.999910560950933,2.29432707589339e-05,1.42918325082012e-06,2
"20774",6.95695009926556e-06,0.998696051525366,0.00129697178541905,1.97391158884828e-08,2
"20776",0.996514413516085,0.00157878718080804,0.0018519337343049,5.48655688024153e-05,1
"20778",6.6952025371038e-07,0.317929016351113,0.682070049673215,2.64455417765933e-07,3
"20780",0.812837716332738,0.00128644909598804,5.71830183114137e-06,0.185870116269442,1
"20782",0.932587737261063,5.51962658448001e-05,2.03930312532898e-06,0.0673550271699672,1
"20784",0.999053142572254,0.000213378520110073,3.52132051662603e-06,0.000729957587119479,1
"20786",0.000957104949764081,3.12189863251436e-06,1.58068310816414e-08,0.999039757344772,4
"20788",0.977864916265564,0.0197447189642237,0.00223641388954076,0.000153950880671605,1
"20790",0.910294468680575,5.00407085826247e-05,3.03114653718261e-07,0.0896551874961884,1
"20792",0.472788908490159,0.0453151957325551,0.00402406977129359,0.477871826005992,4
"20794",0.538542436604617,2.32466027477649e-05,1.62549395469415e-07,0.461434154243239,1
"20796",0.000563151483361835,0.995492749455209,0.00394401461372412,8.44477051468396e-08,2
"20798",6.85217324309469e-05,1.69586400896419e-06,3.64008671315874e-07,0.999929418394889,4
"20801",0.0015667118129451,3.56917557364352e-05,2.8935513286642e-06,0.99839470287999,4
"20803",0.959135371895869,0.0359017482951917,0.0049321125076176,3.07673013218205e-05,1
"20805",0.65988225074897,0.338492181533559,0.00150884704971028,0.000116720667760792,1
"20807",6.85217324309469e-05,1.69586400896419e-06,3.64008671315874e-07,0.999929418394889,4
"20809",0.996038922604503,0.00145690638410995,0.00103510531643062,0.00146906569495686,1
"20811",0.0265127498705212,0.0128562018479257,0.00336832120186644,0.957262727079687,4
"20813",0.477323155730614,0.4423839414658,0.00423756673384731,0.0760553360697383,1
"20815",0.00138440748634822,8.4806185659154e-07,2.06057131987061e-08,0.998614723846082,4
"20817",0.960003378466589,0.000221520117595824,0.000116515972611294,0.0396585854432041,1
"20819",0.658818405815801,0.332823501331584,0.00835351713243332,4.57572018164266e-06,1
"20821",0.00635421463679695,0.969033144510267,0.00093669877583019,0.0236759420771061,2
"20823",0.785447426744566,0.192739639437062,0.0069902777024678,0.0148226561159038,1
"20825",0.933461674661777,2.94232177400135e-05,3.19545098499671e-06,0.0665057066694982,1
"20827",0.171843526085148,0.000398955321594619,0.000381042097248075,0.827376476496009,4
"20829",0.0024603115449788,0.995597190355224,0.0019098460669863,3.26520328113472e-05,2
"20831",0.933453467903951,0.000139619655495213,2.3312363598333e-05,0.0663836000769555,1
"20833",0.802269236466286,0.000113002359288607,1.7224206451745e-06,0.19761603875378,1
"20835",0.969651641389449,7.34001335042743e-05,9.14980201622731e-05,0.0301834604568844,1
"20837",0.997333607804074,0.00032398110752175,0.000131399239579688,0.00221101184882435,1
"20839",0.988307248576118,8.2430396469118e-05,5.20560791937761e-06,0.0116051154194939,1
"20841",0.207806189185676,0.435432352441865,0.356683761226608,7.76971458507981e-05,2
"20843",0.998657135156915,0.00127627257339921,3.52185054910278e-05,3.13737641947828e-05,1
"20845",0.451214100876394,0.00144003977691203,4.58260335700551e-05,0.547300033313124,4
"20847",0.563722980367587,0.433775579926019,0.00215142316023211,0.000350016546161897,1
"20849",0.406449062902794,0.58022147067081,0.000328982340853885,0.0130004840855418,2
"20851",0.292293534655946,0.701213800978246,0.00643753835903838,5.51260067697929e-05,2
"20853",0.00973997860657898,0.457554038322812,0.532702469287371,3.51378323759617e-06,3
"20855",0.00290660634268221,0.996145822937637,0.000689259269368415,0.000258311450312738,2
"20857",0.369200265354248,0.629331618419587,0.00139596784138457,7.21483847806624e-05,2
"20859",0.0212806449872981,0.978493086461551,0.00011073163166399,0.000115536919487078,2
"20861",0.0363305244057566,0.000326460427892834,0.960123744750866,0.00321927041548489,3
"20863",0.636766414471256,6.2533470814889e-05,5.29995586100876e-05,0.363118052499319,1
"20865",0.998048904363845,0.00115555634920969,1.16830728781134e-06,0.000794370979657223,1
"20867",1.18137359991644e-06,0.998872945955122,0.00112584085593754,3.1815340419661e-08,2
"20869",0.482591480325339,0.000340606557640686,1.50353177126886e-05,0.517052877799307,4
"20871",0.0001260873506554,0.997870512524083,0.000679738070546183,0.00132366205471588,2
"20873",0.00010327507284027,0.99907414470853,0.00038315829894945,0.000439421919680446,2
"20875",0.0376492035876755,0.929319701876073,0.0329830263375374,4.80681987138024e-05,2
"20878",0.00341757616871333,2.15416181346686e-06,2.38864461477224e-07,0.996580030805012,4
"20880",0.813796083393804,0.000205835416693284,3.08174405280736e-06,0.18599499944545,1
"20882",0.000321705557978123,0.997819603559178,0.00185576840895437,2.92247388933183e-06,2
"20884",0.994649676376035,0.000335118825705625,0.000169222505735479,0.00484598229252413,1
"20886",0.284221750818882,0.00205602201986,7.13331996533988e-06,0.713715093841293,4
"20888",0.113931914898756,1.83735718132419e-06,1.10550132938919e-07,0.88606613719393,4
"20890",0.786959661950485,0.000625943432377478,4.42393067075219e-06,0.212409970686467,1
"20892",0.469077898358428,0.479362837971051,0.0514943077907923,6.49558797282165e-05,2
"20897",0.884148759887783,0.0787460174532209,0.0195854751086409,0.0175197475503555,1
"20899",0.870717335928873,0.0873334096666448,0.00145697255571901,0.0404922818487637,1
"20901",0.00139370570777826,0.0305829648259059,0.968007669881913,1.56595844024331e-05,3
"20903",4.18894725090768e-05,0.9629694693625,0.0320944789026746,0.00489416226231576,2
"20905",0.0431367697438815,0.902461204326785,0.018613555160531,0.0357884707688028,2
"20907",0.000875680132958611,0.999036658624276,8.70765348353268e-05,5.84707929616761e-07,2
"20909",0.54923554485418,0.422889240224714,0.00139545541842701,0.0264797595026789,1
"20911",7.8259518651174e-06,0.0244211193161695,0.975570909666485,1.45065480179155e-07,3
"20913",0.984384075401986,0.0088289290623748,0.000349977654984846,0.00643701788065385,1
"20962",0.0858894395161461,0.91390294380617,0.000149444811237824,5.81718664459748e-05,2
"20969",0.00315226571302103,0.962691541562829,0.0211710536400287,0.0129851390841215,2
"20980",0.0927265060718363,0.906376652155722,0.000220264911833225,0.00067657686060813,2
"20982",0.0122950631802454,0.987557861693977,0.000145663926231656,1.41119954626741e-06,2
"20984",0.991520580412836,0.000560916246525967,0.000665934102953677,0.00725256923768436,1
"20994",0.0105293415934253,0.976952795687768,0.0118812692265636,0.000636593492243386,2
"21015",0.161255145669948,1.55093774406547e-05,0.00069381512661021,0.838035529826001,4
"21023",9.17728417356994e-05,0.968063288618945,0.0318448146921712,1.23847148549819e-07,2
"21040",0.0846740589563282,0.910201603001187,0.00511151009790759,1.2827944577068e-05,2
"21073",0.238483523285144,0.535226618155346,0.218049081657704,0.00824077690180585,2
"21222",0.882037649455849,0.000625352511717992,8.65294623025149e-05,0.11725046857013,1
"21224",0.92594271912409,0.0698709919796202,1.41456243617157e-05,0.00417214327192772,1
"21228",0.262414633547943,0.0108696704950228,0.107636768367505,0.619078927589529,4
"21232",0.00206189076957667,0.962565982234091,0.0353717773777899,3.49618542064927e-07,2
"21237",0.0207158535222996,0.549798400861801,0.428515209484255,0.000970536131644329,2
"21240",0.90585676631258,0.000113056444794012,8.06763871537727e-05,0.0939495008554721,1
"21245",0.750377205446438,7.04369995760848e-05,5.49424231171118e-06,0.249546863311674,1
"21252",0.00492862066994767,0.859814358001771,0.135256917637262,1.03691019280967e-07,2
"21254",0.0510618432252649,0.83014987969187,0.118775355045916,1.29220369491286e-05,2
"21258",0.895749917066623,0.0951128897508393,8.75727277136902e-05,0.00904962045482399,1
"21264",0.856881584932613,0.00688938464767721,0.000364842009270681,0.135864188410439,1
"21305",0.962655515051609,0.0158596571894428,7.90834364481722e-06,0.021476919415303,1
"21333",0.105988249955548,0.892589610401266,0.00142100839929825,1.13124388776448e-06,2
"21366",0.972087983735003,0.0247474633700995,0.00285630590759276,0.000308246987304757,1
"21377",0.00124714126421786,1.99700598358471e-05,1.6893447986516e-06,0.998731199331148,4
"21380",0.0604049023634687,0.919249592459672,0.000356420735114191,0.0199890844417455,2
"21387",6.36174378093664e-07,0.000145304661292372,0.999854058297865,8.66464689542475e-10,3
"21390",0.00562197884697849,0.983798420669005,0.0105773321049631,2.26837905344711e-06,2
"21392",0.765550974837836,0.176128164761859,0.0578602622698535,0.00046059813045125,1
"21403",0.076720707555975,0.894011729226089,0.000222238754142258,0.0290453244637939,2
"21408",0.000634456442808505,0.998706860008401,0.000598331958948407,6.03515898423769e-05,2
"21412",0.000434181864314969,0.0218922720640667,0.977391531487153,0.000282014584464792,3
"21421",0.995997044162596,0.0024843359321883,4.49806303482217e-05,0.00147363927486755,1
"21424",1.21167460344458e-05,0.0370032665419389,0.962984606131979,1.05800481983942e-08,3
"21429",0.00316947150681232,0.991111429025194,0.00569307979697235,2.60196710212782e-05,2
"21431",0.984668202933378,0.0139663004617884,0.00021923842327568,0.00114625818155789,1
"21436",0.99704285387044,0.00208275277289598,4.79491875210181e-06,0.000869598437912109,1
"21439",0.0297954560444842,0.965546527256467,0.000867649116568768,0.00379036758248022,2
"21442",0.738102702913408,0.0781674612567614,0.00114526502060767,0.182584570809223,1
"21444",0.996066448912224,1.2683287482349e-05,2.61453071543309e-05,0.00389472249313973,1
"21446",0.00589229973624724,1.23126545558423e-06,4.56700128219762e-05,0.994060798985475,4
"21448",0.00501753158417548,1.22411488681358e-05,0.994875192485072,9.50347818839728e-05,3
"21450",0.58825494351734,0.344196341310804,0.0296879292368468,0.0378607859350096,1
"21452",0.0215014408534519,0.978454471236082,3.76578213516149e-05,6.43008911443288e-06,2
"21466",5.27413042615483e-05,0.976403600202152,0.0235436516913096,6.80227676081555e-09,2
"21470",0.0943730729480189,0.904847092213999,7.36208546467997e-05,0.000706213983334951,2
"21472",0.00997837599403017,0.989238315775329,0.000783224751430962,8.34792103502163e-08,2
"21474",0.0253286409505787,0.843378612323214,0.130190163937733,0.00110258278847509,2
