"","V1","V2","V3","best$classification"
"19812",0.318255085532071,0.673394457869327,0.00835045659860233,2
"19814",0.0133662291546646,0.98646915298525,0.00016461786008536,2
"19816",0.987793704161814,0.0121739713036663,3.23245345201243e-05,1
"19818",0.0988856959533336,0.900901478139973,0.000212825906693613,2
"19820",0.999746585145569,7.94446992707221e-06,0.000245470384503584,1
"19822",0.936098060909021,0.00018917962624491,0.0637127594647336,1
"19824",0.984705268017777,0.0150520374680362,0.000242694514187171,1
"19826",0.194532685635927,0.805295949974932,0.000171364389141296,2
"19828",0.99729970513289,0.00186556868289493,0.000834726184214888,1
"19830",0.00487446839621969,0.991455630076819,0.00366990152696163,2
"19832",0.336865496359272,0.0693276433831885,0.593806860257539,3
"19834",0.922504007214346,0.0591469509969517,0.0183490417887027,1
"19836",0.734038385547043,0.264899178371366,0.00106243608159089,1
"19838",0.00109158638247858,0.998281735582101,0.000626678035421013,2
"19840",0.914859285328033,0.0849798393253079,0.000160875346658824,1
"19842",0.00101434056374711,0.998957673855038,2.79855812150487e-05,2
"19844",0.0113724866398529,0.988455818037395,0.000171695322752206,2
"19846",5.67935067979839e-05,0.99994202338386,1.18310934156509e-06,2
"19848",0.000118188621216217,0.999876865458213,4.94592057083386e-06,2
"19850",0.000796400022874088,0.999182980505484,2.06194716422364e-05,2
"19852",0.797859592206254,0.201477120233179,0.000663287560566752,1
"19854",0.000209362909315336,0.999773168961741,1.74681289439575e-05,2
"19856",0.0107479173865602,0.988936988821015,0.000315093792424583,2
"19858",0.335370496188819,0.660341352673337,0.00428815113784338,2
"19860",0.709309989263523,0.290035129668835,0.000654881067642073,1
"19862",5.62770187178597e-05,0.999941589116088,2.13386519445686e-06,2
"19864",0.25263385620408,0.745272127345502,0.00209401645041735,2
"19866",0.992866530536014,0.00705020094926026,8.32685147257555e-05,1
"19868",0.000135211376270916,0.00134684249548911,0.99851794612824,3
"19870",0.00203796913477775,0.997939352874555,2.26779906676935e-05,2
"19873",0.0894234492953215,0.910508440787039,6.81099176396297e-05,2
"19875",0.99718677378865,0.0019058397815981,0.000907386429751372,1
"19877",0.0214658222110518,0.978329157263678,0.000205020525270335,2
"19879",0.432905532609657,0.564099082596775,0.00299538479356774,2
"19881",0.0373308292130196,0.962595684114857,7.34866721234186e-05,2
"19883",0.0272972391220442,0.972681047147857,2.17137300991788e-05,2
"19899",0.761524162015439,0.222150642391018,0.0163251955935427,1
"19908",0.619975284698948,0.214080369149291,0.16594434615176,1
"19910",0.580063211156792,0.419626276891809,0.000310511951398887,1
"19912",0.000360898550440297,0.999627655473165,1.14459763941316e-05,2
"19914",0.465904536559999,0.52103048122624,0.0130649822137615,2
"19916",0.987009928194684,0.0126200174066722,0.000370054398643776,1
"19918",0.00112654945639146,0.998871793502018,1.65704159031098e-06,2
"19920",0.000306051908088595,0.999690561789768,3.38630214353344e-06,2
"19922",0.0651675850774739,0.154603593117424,0.780228821805102,3
"19924",0.0234556968633153,0.976485971829148,5.83313075367339e-05,2
"19926",0.892021249657403,0.0786629736026581,0.0293157767399392,1
"19928",0.00908165999798704,0.989914370630069,0.0010039693719436,2
"19930",0.00956834779804194,0.990287075997299,0.000144576204659279,2
"19932",0.000554133662484579,0.999378402626307,6.74637112085579e-05,2
"19934",0.96713138202792,0.028981367055099,0.00388725091698131,1
"19936",0.0908761224015609,0.904941971104478,0.00418190649396131,2
"19938",0.992877474852284,0.00222019332257987,0.00490233182513581,1
"19940",0.188362075316062,0.811575597144768,6.23275391699089e-05,2
"19942",0.0388538497784754,0.960916724446916,0.000229425774608393,2
"19944",0.882179348046285,0.117562455084415,0.000258196869300305,1
"19946",0.166377766398566,0.833341275330861,0.00028095827057263,2
"19948",0.0119080847143888,0.988065147146945,2.6768138666097e-05,2
"19950",0.000171662258741606,0.999788197232606,4.01405086528361e-05,2
"19952",0.0119080847143888,0.988065147146945,2.6768138666097e-05,2
"19954",0.00184190153795884,0.998119387739618,3.87107224232509e-05,2
"19956",0.000127403302650594,0.999407992948594,0.000464603748755994,2
"19958",0.0010714821121146,0.0187373907101945,0.980191127177691,3
"19962",0.184763982254639,0.81151353394607,0.00372248379929131,2
"19964",0.0675819409088228,0.932337897510055,8.01615811224272e-05,2
"19966",0.999317893810069,0.000457777962543444,0.000224328227387317,1
"19969",0.00659997466624445,0.993359529791257,4.04955424984401e-05,2
"19972",0.00164888209465316,0.998342343517681,8.77438766607277e-06,2
"19974",1.60151309583735e-05,0.999983573027339,4.11841702837786e-07,2
"19976",0.0309696202320295,0.968957380552122,7.29992158487495e-05,2
"19978",0.773805151232897,0.22615478469586,4.00640712432071e-05,1
"19980",8.25319363016859e-05,0.999909000973952,8.46708974587788e-06,2
"19982",0.00153118811649563,0.998265414312181,0.000203397571323256,2
"19984",0.00347214370531358,0.99647483874606,5.30175486263727e-05,2
"19986",0.999115913690716,2.026789459058e-05,0.000863818414693234,1
"19988",0.998514850172524,4.304442331143e-06,0.00148084538514533,1
"19992",0.998445387641474,4.88400955442037e-05,0.00150577226298187,1
"19994",0.0175838388694519,0.981853198966158,0.000562962164390429,2
"19996",0.999684382566281,6.9044142693438e-05,0.000246573291025678,1
"19998",0.135013414941269,0.864291177998429,0.000695407060301437,2
"20000",0.00161527488120389,0.951319897496342,0.0470648276224539,2
"20003",0.124989437267229,0.871879811716065,0.00313075101670597,2
"20005",6.01095838234456e-05,0.999938166984908,1.72343126870054e-06,2
"20007",0.787372589675399,0.207048411211107,0.00557899911349419,1
"20009",0.992430858016215,0.00594687104732117,0.00162227093646348,1
"20011",0.0122747044489916,0.987690245654384,3.50498966245273e-05,2
"20013",0.00264881398839426,0.997271264212304,7.99217993016348e-05,2
"20016",0.990881955022238,0.000258461556260531,0.00885958342150185,1
"20018",0.0264786438241939,1.07675123450075e-06,0.973520279424572,3
"20021",0.994545301883723,0.00455889295115179,0.00089580516512527,1
"20023",0.952108738040882,0.0452048953598332,0.00268636659928498,1
"20025",0.61207942588178,0.000141522306281805,0.387779051811938,1
"20027",0.00350471121195909,0.996430515296974,6.47734910673439e-05,2
"20029",0.000264722024324412,0.99973401491537,1.26306030610428e-06,2
"20032",0.00339012633168145,0.996478107090625,0.000131766577693936,2
"20034",0.0294552993580684,0.970458446087557,8.62545543741428e-05,2
"20036",0.0603898856158043,0.937023596255684,0.0025865181285115,2
"20038",0.990917356417717,0.000196584326618592,0.00888605925566449,1
"20040",0.979823724944438,0.00020920735303795,0.0199670677025237,1
"20043",0.996161589430866,0.00215161760266778,0.00168679296646649,1
"20045",0.987197282866716,1.10945695504596e-05,0.0127916225637331,1
"20048",0.000564432054181406,0.999235005573761,0.000200562372057246,2
"20051",0.473725338451829,0.496366666004943,0.0299079955432272,2
"20053",0.975098283848182,0.0246348034818446,0.000266912669973018,1
"20055",0.878776919328091,0.00830277477027079,0.112920305901638,1
"20057",1.73818779595423e-05,0.0043161766059278,0.995666441516113,3
"20059",0.980015031631671,0.0152594025630681,0.00472556580526088,1
"20061",0.919841436319305,0.0792119002326507,0.000946663448044172,1
"20063",0.702461934721868,0.257881465004834,0.0396566002732988,1
"20065",0.229410125700756,1.03331546658312e-05,0.770579541144578,3
"20067",0.979891349776325,0.00187807744874284,0.0182305727749323,1
"20069",0.000127283374456391,0.999856916692218,1.57999333259905e-05,2
"20071",0.578934046746981,0.411169134422572,0.00989681883044697,1
"20073",0.00369266085281543,0.996297522680058,9.81646712643843e-06,2
"20075",9.75255800086999e-05,0.000609094901635039,0.999293379518356,3
"20077",0.976325209082566,0.0233771690727621,0.000297621844672253,1
"20079",0.325755618822432,0.669142049502357,0.00510233167521052,2
"20081",0.86186575817479,0.00465129946929128,0.133482942355919,1
"20083",0.051438525000162,0.93967909043481,0.0088823845650284,2
"20085",0.994796055514805,4.13112429886793e-06,0.00519981336089572,1
"20088",0.997576187530515,0.000433594939072604,0.00199021753041274,1
"20091",0.00767605648831135,0.000375396419570157,0.991948547092118,3
"20095",0.25588829105737,0.742186572461329,0.00192513648130069,2
"20097",0.982926001336495,5.77680234550584e-06,0.0170682218611592,1
"20099",0.957238159361126,0.0427430046733085,1.88359655659032e-05,1
"20102",0.0316653740897223,0.353032156378121,0.615302469532157,3
"20105",0.983862125606682,0.015247635582254,0.000890238811064141,1
"20107",0.998964500792747,0.000694470629809667,0.000341028577443173,1
"20109",0.712069774883874,0.287848492833837,8.17322822892258e-05,1
"20111",0.00080030906662074,0.561266251409825,0.437933439523555,2
"20113",0.989116126815005,0.0103860742763506,0.000497798908644325,1
"20115",0.0011466179408404,0.997656978126192,0.00119640393296725,2
"20117",0.331726597384988,0.00941691284250158,0.658856489772511,3
"20119",0.999382323756511,0.00049856079873649,0.000119115444752769,1
"20121",0.999086091476797,0.00010044320275368,0.000813465320449299,1
"20123",0.0052856455530465,4.76365251288161e-05,0.994666717921825,3
"20125",0.000828543795318956,0.999091649988625,7.98062160564573e-05,2
"20127",0.999057575924452,0.000122213224328868,0.000820210851218884,1
"20140",0.617786082895372,0.036145383703227,0.346068533401401,1
"20142",0.000157476840260574,0.999794620067193,4.79030925462126e-05,2
"20144",0.00100238286465928,0.982592265023466,0.0164053521118748,2
"20146",0.0141064141284802,0.980733091682987,0.0051604941885332,2
"20148",0.0632787163484402,0.935770199754019,0.000951083897540588,2
"20150",1.93156042660859e-05,0.999979766559824,9.17835909923546e-07,2
"20152",0.188986934913952,0.809861663614174,0.00115140147187468,2
"20154",0.062991205084226,0.000136144482080585,0.936872650433693,3
"20156",0.696167132627914,0.283849801951786,0.0199830654202994,1
"20159",0.000145642874397312,0.99982294427249,3.14128531127119e-05,2
"20161",0.0119782329561246,0.986925488422889,0.00109627862098627,2
"20163",0.315705607449368,0.67594470076774,0.00834969178289207,2
"20165",0.311617412586753,0.686753894281955,0.00162869313129262,2
"20167",0.0153195676499783,0.984635609393247,4.48229567744262e-05,2
"20169",0.000302142670920623,0.999591583307727,0.000106274021352573,2
"20171",0.0181910722154124,2.6805882942012e-05,0.981782121901646,3
"20173",0.545159928627354,0.454466302624746,0.000373768747900326,1
"20175",0.00638279719865993,0.993530569734975,8.66330663648014e-05,2
"20177",0.959963119062341,0.0399810778658688,5.58030717905163e-05,1
"20180",0.996267922002289,3.37347635428894e-05,0.00369834323416799,1
"20182",2.77312969487782e-05,0.997067272130524,0.00290499657252769,2
"20184",0.00176112050441892,0.998200052952963,3.88265426184393e-05,2
"20187",0.283080773430279,0.716821422722206,9.78038475155217e-05,2
"20189",0.953535253936148,0.0464345716140392,3.01744498127694e-05,1
"20192",0.860910173321314,0.0100688962004655,0.129020930478221,1
"20194",0.000909651077411877,0.999067562161019,2.27867615694831e-05,2
"20196",0.834142084067935,0.000241915572878137,0.165616000359187,1
"20198",0.544099460397981,0.44383612347605,0.0120644161259686,1
"20204",0.000154882148277996,0.999808198004443,3.69198472790824e-05,2
"20207",0.898858673255691,0.000964522699298576,0.10017680404501,1
"20209",0.0120090870274856,0.761931066723012,0.226059846249503,2
"20211",0.00407851034101165,9.28541254699404e-05,0.995828635533518,3
"20215",0.981951791952476,0.0159125418632153,0.00213566618430896,1
"20218",0.000126498139254764,0.999849131816127,2.43700446179388e-05,2
"20222",0.914137009273325,0.010630239479119,0.0752327512475563,1
"20225",0.00100070312618371,0.997668775025843,0.00133052184797361,2
"20229",0.155616665222379,0.631072919040611,0.213310415737011,2
"20232",0.936152354100601,0.0390879579770319,0.0247596879223672,1
"20234",0.876716403572113,5.98734038100861e-06,0.123277609087506,1
"20238",0.995947127558936,0.0012898733282377,0.00276299911282641,1
"20253",0.997915563608198,0.000554095684367521,0.00153034070743486,1
"20255",0.0049425157360891,0.991903998346125,0.00315348591778574,2
"20258",0.999545053774283,0.000274313020601937,0.000180633205115324,1
"20269",0.84469121381223,0.15502245981564,0.0002863263721301,1
"20271",0.998803381276851,0.00113788926765302,5.8729455495983e-05,1
"20285",0.0838495434640211,0.915889424894508,0.000261031641471187,2
"20288",0.974513576081405,0.0216597691391917,0.00382665477940383,1
"20291",0.77590399231613,0.00058820999740658,0.223507797686464,1
"20295",0.682983135094037,0.316623604304316,0.000393260601647437,1
"20298",0.000316866250831245,0.999657021956998,2.6111792170461e-05,2
"20302",0.00246735055350848,0.997512808344604,1.98411018879808e-05,2
"20305",0.000298609290667412,0.999687954179071,1.34365302617947e-05,2
"20307",0.99896271144498,5.25691796785369e-05,0.000984719375341433,1
"20310",0.995917740991435,1.02485197253373e-05,0.0040720104888393,1
"20313",4.69732729355899e-05,0.999947495705789,5.53102127498163e-06,2
"20315",0.998775923629416,0.000958106784234067,0.000265969586350047,1
"20319",0.476066833171342,0.00029469980741898,0.523638467021239,3
"20321",0.999229388072866,0.000535416225567749,0.000235195701566054,1
"20327",0.99973399918686,0.000229007352381689,3.69934607587098e-05,1
"20329",0.00258670173270655,0.997408196143954,5.10212333942682e-06,2
"20335",0.875727240832218,9.76262428208614e-05,0.124175132924961,1
"20337",0.00018681090900305,0.999784873282132,2.83158088646776e-05,2
"20339",0.0263322331269344,0.0110377762409182,0.962629990632147,3
"20341",0.0521215867704605,0.000690434130837516,0.947187979098702,3
"20343",0.98444652285517,0.000348014638068904,0.0152054625067609,1
"20345",0.0627181727769813,0.93672471886701,0.000557108356008651,2
"20350",0.477523957543317,0.28618917319774,0.236286869258943,1
"20352",0.000672744321316142,0.999251416900168,7.58387785157693e-05,2
"20355",0.0287887396235499,0.969424392849208,0.001786867527242,2
"20358",0.000429020879978194,0.99956923101994,1.74810008140798e-06,2
"20363",0.998793392823615,0.000988718578777195,0.000217888597608174,1
"20365",0.550757296330312,0.00992516895757454,0.439317534712114,1
"20379",0.00321483419090668,0.99437090822581,0.00241425758328294,2
"20387",0.996813895370105,0.000583764903316724,0.00260233972657857,1
"20392",0.00852103532704604,3.24439187354152e-05,0.991446520754219,3
"20395",0.0926865380305693,0.905719889282093,0.00159357268733745,2
"20397",0.000279276447647309,0.999710310014763,1.04135375900029e-05,2
"20410",0.996277180092037,0.00275425278122574,0.000968567126737543,1
"20414",0.00208627392949835,0.997892807491579,2.09185789229542e-05,2
"20417",0.155573353231256,6.27751584551756e-06,0.844420369252899,3
"20419",0.999769147153324,0.000222120253998246,8.73259267807178e-06,1
"20421",0.0116369927704271,0.962070104105591,0.0262929031239816,2
"20423",0.000837481816602653,0.998899482305869,0.000263035877527867,2
"20425",0.00242064856466795,0.996494664610658,0.00108468682467364,2
"20427",0.211691181373588,0.788040385327164,0.000268433299247945,2
"20429",0.99193904263447,0.0018212099909867,0.00623974737454334,1
"20432",0.000240804453491917,0.999756630940505,2.56460600267338e-06,2
"20435",0.923358580984915,0.0487051418868533,0.0279362771282313,1
"20438",0.996544680940295,0.0033923364576095,6.29826020953588e-05,1
"20440",0.998796788556365,0.00111482064700476,8.83907966308041e-05,1
"20443",0.0157441002078335,0.982048374472871,0.0022075253192959,2
"20446",0.590619608607803,0.406927864848807,0.00245252654338979,1
"20449",0.929061645735103,0.0537534480967968,0.0171849061681001,1
"20537",0.745096861854169,0.0121147091625924,0.242788428983239,1
"20540",0.0230861162287688,2.51601934124001e-05,0.976888723577819,3
"20543",0.373753782133177,0.624343903703022,0.00190231416380056,2
"20545",0.00393611802583393,0.000104537898076504,0.99595934407609,3
"20549",0.126103827388461,0.864374299578148,0.00952187303339192,2
"20551",0.980037681301281,0.0171877873363601,0.00277453136235886,1
"20554",0.993759691490151,0.00596929645736957,0.000271012052479402,1
"20556",0.441100255020306,0.368247368018571,0.190652376961122,1
"20558",0.99939938518041,0.000167384519058375,0.000433230300531224,1
"20560",0.957330639173361,0.0424361816385239,0.000233179188114689,1
"20563",0.999271323309054,8.40887188608769e-05,0.000644587972085137,1
"20565",0.808048129214115,0.189769247510261,0.00218262327562394,1
"20567",0.000562376079923387,0.999423472436254,1.41514838226004e-05,2
"20571",0.966246729671809,0.00372732145088944,0.0300259488773021,1
"20573",0.956609507485323,0.0370657022089477,0.00632479030572879,1
"20575",0.999626387822195,9.34331706934846e-05,0.000280179007111157,1
"20577",0.45701965875502,0.535271188681605,0.00770915256337437,2
"20579",0.00016251664246001,0.9998356494918,1.83386574032728e-06,2
"20582",0.999643354157753,3.86869735190617e-05,0.000317958868728412,1
"20585",0.172688427713923,0.00562898211512276,0.821682590170954,3
"20588",0.0253482069813498,0.0161145086076629,0.958537284410987,3
"20590",3.47844609188779e-05,0.999964524007119,6.91531962126723e-07,2
"20592",0.999706984715446,5.13598930772145e-05,0.00024165539147653,1
"20594",0.99926526072356,4.16334285787353e-05,0.000693105847860796,1
"20596",0.970684707854344,0.0292950759585062,2.02161871494366e-05,1
"20598",0.992377820560501,0.00736146909529638,0.000260710344202269,1
"20600",0.172566421459772,0.137481276729325,0.689952301810903,3
"20603",0.00431386016987906,0.987401661694889,0.00828447813523197,2
"20605",0.998937574050676,0.000269324095574372,0.000793101853749911,1
"20607",0.998614339317396,0.00134703479536737,3.86258872367669e-05,1
"20609",0.981713957118972,0.0179896212549464,0.000296421626081901,1
"20611",0.000477854749422898,0.999504111676399,1.80335741775561e-05,2
"20613",0.819323171666951,0.173588784342431,0.00708804399061779,1
"20615",0.52060075677959,0.386388599756626,0.0930106434637838,1
"20617",0.00015682588364069,0.999805403464627,3.77706517322763e-05,2
"20619",0.999714538018743,0.000171802752532441,0.000113659228724719,1
"20621",0.985490883139998,0.0137723777883758,0.000736739071626239,1
"20623",0.0221985509223517,0.977792919854955,8.52922269319421e-06,2
"20625",0.00467874969178321,0.957446497540535,0.0378747527676817,2
"20627",0.949432876570477,0.0496297004855847,0.000937422943938204,1
"20629",0.88508012096889,0.11026498318823,0.00465489584288052,1
"20631",0.999475933584494,0.000148594370420675,0.0003754720450853,1
"20633",3.93025769072076e-05,0.999957045621501,3.65180159171795e-06,2
"20636",0.00238022485915017,0.997599269518233,2.05056226168879e-05,2
"20638",0.418608122996745,0.451028905956675,0.130362971046579,2
"20640",0.931596433320196,0.000712484456350495,0.0676910822234535,1
"20645",0.993117512575852,7.07237794604062e-06,0.00687541504620164,1
"20647",0.000582615708630403,0.999195174086183,0.000222210205186464,2
"20649",0.97408094754426,0.0120527774118159,0.0138662750439243,1
"20651",0.994659368921043,0.000141554865769152,0.0051990762131875,1
"20656",0.955706347568163,0.00218500631296039,0.0421086461188765,1
"20660",0.13280832869597,0.00946937969102154,0.857722291613008,3
"20662",0.00196566883710989,0.9980182432686,1.60878942901909e-05,2
"20664",0.861842322341848,0.138066918708071,9.07589500817317e-05,1
"20666",0.00733520167411114,0.818185121092771,0.174479677233118,2
"20668",0.000250216741903003,0.999747303104516,2.48015358153524e-06,2
"20670",0.99683498406713,0.00247683752885235,0.000688178404017792,1
"20672",0.000208367989047387,0.999727634128467,6.39978824859287e-05,2
"20674",0.946500111427165,0.0531680871123296,0.000331801460505763,1
"20676",4.10529946725184e-05,0.999953316469893,5.63053543439302e-06,2
"20678",3.2124375360184e-05,0.999967105771672,7.69852967560953e-07,2
"20680",0.00350687303676642,0.996414541245638,7.85857175956631e-05,2
"20682",0.0143027468545911,0.985660190042497,3.70631029116756e-05,2
"20684",0.94034941018522,0.0541105945534894,0.00553999526129035,1
"20686",0.000175378955880439,0.999798602453624,2.60185904952065e-05,2
"20688",6.28374482570152e-05,0.999935905486314,1.25706542867523e-06,2
"20690",0.0957256402597232,0.00100294486605884,0.903271414874218,3
"20692",2.82400051531889e-05,0.999970454042309,1.30595253830262e-06,2
"20694",0.000137299610439181,0.999854534222321,8.16616724016544e-06,2
"20696",0.00311912381733235,0.99679319660336,8.76795793080665e-05,2
"20698",0.867650286730697,0.12066330833706,0.0116864049322425,1
"20700",0.988381854441758,0.0107933999215694,0.000824745636672413,1
"20702",0.18986130002323,0.000151195617339192,0.809987504359431,3
"20704",0.932174024709721,0.0670582807740495,0.000767694516229521,1
"20706",0.300085518102398,0.69342745167377,0.00648703022383176,2
"20708",0.000382583707375571,0.999613409063551,4.00722907365633e-06,2
"20710",0.680486361362248,0.0104038905118205,0.309109748125932,1
"20714",0.000631619416988756,0.999366120115732,2.26046727905483e-06,2
"20716",0.99670902795362,0.00304886244481449,0.000242109601565266,1
"20719",0.785700460960588,0.213493019722923,0.0008065193164886,1
"20721",0.999673639777404,6.22907060782034e-05,0.000264069516517951,1
"20723",0.829664600788291,0.162611181492673,0.0077242177190362,1
"20725",0.0203034629171428,0.978540275871139,0.00115626121171818,2
"20727",0.000218729008130622,0.997468810929426,0.0023124600624435,2
"20729",0.000579026536764525,0.999395948209665,2.50252535701523e-05,2
"20731",0.0107418166013805,0.987766852407354,0.00149133099126501,2
"20733",0.955044446275172,0.0396017213960831,0.005353832328745,1
"20735",0.826787242069726,0.144114559364516,0.0290981985657588,1
"20737",0.000129925682795412,0.999869100947511,9.73369693563952e-07,2
"20739",5.52980534071332e-05,0.999934896508318,9.80543827435002e-06,2
"20741",0.0158000275416136,0.98401419692271,0.000185775535676492,2
"20743",0.0302311230477037,0.969496814492821,0.000272062459475337,2
"20745",0.998874317774523,0.000456396719192218,0.000669285506285279,1
"20747",0.000681840083793321,0.999288050663918,3.01092522883228e-05,2
"20749",0.000282596492047471,0.999689824578619,2.7578929333246e-05,2
"20751",0.000439358844080414,0.990518932518701,0.00904170863721831,2
"20753",0.00111416660073679,0.99885054813765,3.52852616130206e-05,2
"20755",0.000866929794147161,0.999124504738268,8.56546758461307e-06,2
"20757",0.219076066290574,0.780858509671249,6.5424038176908e-05,2
"20759",0.998489971170241,0.00142717070579316,8.28581239656058e-05,1
"20761",0.0900303429642773,0.909621842198269,0.000347814837453214,2
"20763",0.127959158613309,0.870051024135656,0.00198981725103497,2
"20765",0.0120312409052172,0.987708255154597,0.000260503940185601,2
"20767",0.984861612709702,0.0145715263758605,0.000566860914437501,1
"20769",0.460953002112165,0.00755947531250069,0.531487522575335,3
"20771",0.0754949444427424,0.924488789161241,1.62663960167839e-05,2
"20773",0.0782776500859853,0.921021858548765,0.000700491365249267,2
"20775",0.0213170593009229,0.977184035051192,0.00149890564788537,2
"20777",0.0942119675017057,0.4346919984421,0.471096034056194,3
"20779",0.0161481170585774,0.983113834387769,0.000738048553653956,2
"20781",0.000108692528419203,0.0658359373851533,0.934055370086427,3
"20783",0.0564042574387517,0.943537608463429,5.81340978190888e-05,2
"20785",0.00295257913822621,0.996981950414401,6.54704473726639e-05,2
"20787",0.000767022451280348,0.999231747758342,1.22979037798882e-06,2
"20789",0.794931371245231,0.202651837704463,0.0024167910503062,1
"20791",4.64127871317083e-05,0.999950743714682,2.8434981867695e-06,2
"20793",0.785076173011867,0.212696532461072,0.00222729452706094,1
"20795",0.000509058233070248,0.999484951041918,5.99072501226998e-06,2
"20797",0.000103641859412246,0.91135416959658,0.0885421885440079,2
"20800",0.000922179050543941,0.998943980461584,0.000133840487872222,2
"20802",0.0327734809785051,0.966962615400907,0.000263903620588133,2
"20804",0.000176018212759467,0.99982139678491,2.58500233067017e-06,2
"20806",2.9718611975406e-05,0.999968584735945,1.69665207963106e-06,2
"20808",0.99575790235521,0.00412259625642974,0.000119501388360657,1
"20810",0.00189792992967104,0.998064890424808,3.71796455215041e-05,2
"20812",0.0204825914015203,0.964247664342742,0.0152697442557382,2
"20814",2.21546513196294e-05,0.999977331128842,5.142198379116e-07,2
"20816",0.970710295625053,0.0181234271342705,0.0111662772406769,1
"20818",0.0311270060464338,0.96841051665591,0.000462477297655832,2
"20820",0.000181029131647283,0.999759577645218,5.93932231346536e-05,2
"20822",0.022670420665828,0.977216681276757,0.000112898057414415,2
"20824",0.00242459312285589,0.997505622557996,6.97843191480942e-05,2
"20826",0.000142695425464158,0.999826723877394,3.05806971412104e-05,2
"20828",0.000564432054181406,0.999235005573761,0.000200562372057246,2
"20830",0.00050122010698758,0.999457237931762,4.15419612504958e-05,2
"20832",0.376811442107815,0.622774589768848,0.000413968123336458,2
"20834",0.989423677266237,0.00854847212127842,0.00202785061248494,1
"20836",0.00729845043583795,0.992411623520564,0.000289926043598424,2
"20838",4.12767924329989e-05,0.999957414868337,1.30833922985298e-06,2
"20840",0.925843984647657,0.0734957308214813,0.000660284530861481,1
"20842",0.00421768701127442,0.995685056486613,9.72565021124465e-05,2
"20844",0.0856573580850674,0.91431333818701,2.93037279231837e-05,2
"20846",0.0181332515829747,0.981760564628405,0.000106183788620405,2
"20848",0.360589554306556,0.637507347203331,0.00190309849011218,2
"20850",0.929981294193284,0.069915636262033,0.000103069544682722,1
"20852",0.934708009705257,0.0638227229209556,0.00146926737378785,1
"20854",0.00012700678915933,0.999850623787054,2.23694237870943e-05,2
"20856",0.0337762706775898,0.0183715037011159,0.947852225621294,3
"20858",0.997009839614405,0.0016451455963807,0.00134501478921401,1
"20860",0.112002414022678,0.887193603176411,0.000803982800910556,2
"20862",0.999724852689851,0.000212272392993268,6.28749171557363e-05,1
"20864",0.000973597870475138,0.99875780740889,0.000268594720634715,2
"20866",0.998015639367247,5.29690905883504e-06,0.00197906372369435,1
"20868",0.987357077441785,0.00953483125906964,0.00310809129914502,1
"20870",0.0640744034113827,0.933825881985717,0.00209971460290058,2
"20872",0.00218753750043883,0.997740618951872,7.18435476895831e-05,2
"20874",5.51549969260449e-05,0.99994235602725,2.48897582433982e-06,2
"20877",0.980232304142972,0.00313837813333102,0.0166293177236969,1
"20879",0.997027204762209,0.000162849047009402,0.00280994619078189,1
"20881",0.000519244367852916,0.999439739753746,4.10158784005732e-05,2
"20883",0.000153734892023206,0.999645108558002,0.000201156549974692,2
"20885",0.00130666784434335,0.998500953354222,0.000192378801435253,2
"20887",0.866096750491811,0.125200069972866,0.00870317953532301,1
"20889",0.01418147315912,0.982023175586943,0.00379535125393673,2
"20891",0.995824987356374,0.000159536852860155,0.00401547579076556,1
"20896",0.848582675379152,0.0755254481435445,0.075891876477304,1
"20898",0.0488771232596684,0.950649705337066,0.000473171403265192,2
"20900",5.31746323404013e-05,0.897401475240376,0.102545350127283,2
"20902",0.233463030821563,0.00586512548298373,0.760671843695453,3
"20904",0.12787773787613,0.862134183703975,0.00998807841989495,2
"20906",0.980056950411759,0.00260251801583343,0.017340531572408,1
"20908",0.0244364894191431,0.975446557032959,0.000116953547898278,2
"20910",0.0189098805839015,0.981084131783385,5.98763271326597e-06,2
"20912",0.000173818113718318,0.0527733461019938,0.947052835784288,3
"20914",0.988684320673649,1.58774412675394e-05,0.0112998018850833,1
"20968",0.0108287984446553,0.980663350773221,0.00850785078212348,2
"20970",0.954309056459547,0.0448260290196222,0.000864914520830523,1
"20981",0.979891877624127,0.0200920802471951,1.60421286780394e-05,1
"20983",1.85376345045178e-05,0.999980238418245,1.22394725017312e-06,2
"20988",0.99431202249518,0.00551042161257665,0.0001775558922436,1
"20995",0.223854994666745,0.0871213657333327,0.689023639599923,3
"21017",0.130149941243962,0.86980421490289,4.58438531477752e-05,2
"21038",0.991216315313861,0.00167832387174113,0.00710536081439829,1
"21072",0.969062514595562,0.0250611795967975,0.00587630580764067,1
"21075",0.948675584110475,0.000208151265879036,0.0511162646236457,1
"21223",0.171770423251008,0.823339504372673,0.00489007237631904,2
"21225",0.000288716516521389,4.64667858601248e-05,0.999664816697618,3
"21230",2.28650262603329e-05,0.99997540757538,1.72739835957051e-06,2
"21236",0.0127611122795559,0.987135857291572,0.000103030428872163,2
"21238",0.203641222898448,0.202521893187121,0.593836883914431,3
"21241",0.99536815748156,0.00403975361760719,0.000592088900832774,1
"21246",0.974426908792186,0.0255428698850418,3.02213227723895e-05,1
"21253",0.000184810892270968,0.999788314860487,2.68742472420246e-05,2
"21256",0.00549912438161056,0.994318919614055,0.000181956004334388,2
"21260",0.00901788389144023,4.61475191060415e-05,0.990935968589454,3
"21266",0.990483053751271,0.00918695323876919,0.000329993009959382,1
"21332",0.992216363795277,0.00771622245410801,6.74137506150572e-05,1
"21334",0.0609860518165415,0.924384457123325,0.0146294910601332,2
"21375",0.999075434104524,0.000231370624973548,0.000693195270502275,1
"21378",0.996269931993774,1.61523830588752e-05,0.00371391562316683,1
"21381",0.987544579233476,0.000571055903959072,0.0118843648625646,1
"21389",0.000873787895617564,0.999120961721547,5.2503828359003e-06,2
"21391",0.955740677208544,0.0435656488272887,0.000693673964167134,1
"21402",0.997055529379163,0.00293528336089731,9.18725993952671e-06,1
"21404",0.736269394198193,0.00367552137512784,0.260055084426679,1
"21409",0.953552709656394,0.010973960584142,0.0354733297594643,1
"21413",0.715775634711185,0.196435452844171,0.0877889124446438,1
"21423",0.996194171052372,0.000489079381322157,0.00331674956630601,1
"21425",0.936005172706641,0.0377753253762964,0.0262195019170623,1
"21430",0.00882932858557382,0.00973565000358695,0.981435021410839,3
"21432",0.982035393068261,0.0177941530639638,0.000170453867774776,1
"21438",0.995358806130856,0.00372321558392368,0.000917978285219947,1
"21440",0.931665383491755,0.0657193984202993,0.00261521808794569,1
"21443",0.000709056367194435,0.99928026604429,1.06775885157826e-05,2
"21445",0.00149383549549383,0.00096793304526868,0.997538231459237,3
"21447",0.996242296720982,8.02479516982581e-05,0.00367745532732009,1
"21449",0.998564764384325,0.00142263181968992,1.26037959848995e-05,1
"21451",0.998564764384325,0.00142263181968992,1.26037959848995e-05,1
"21455",0.999210163249568,0.000777467484010786,1.23692664215197e-05,1
"21469",0.877162794138854,1.29328439271315e-05,0.122824273017219,1
"21471",0.784548258502523,0.000375097876586367,0.215076643620891,1
"21473",0.0523878678067187,0.943017071390895,0.00459506080238619,2
"21476",0.372657893759452,0.610729406821955,0.0166126994185925,2
"21478",0.0584614089705965,0.935573670138758,0.00596492089064518,2
"21481",0.00150666584512978,0.998423034750486,7.02994043839782e-05,2
"21490",0.993306112868178,0.00279263768266721,0.00390124944915464,1
"21493",0.975816460597809,1.52020782935101e-05,0.0241683373238973,1
"21495",0.768455142954331,0.225392020122565,0.00615283692310413,1
"21500",0.98657433994065,0.0123462655804702,0.00107939447887927,1
"21504",0.873610341542048,0.124913681295877,0.00147597716207496,1
"21507",0.984017055684574,7.83145913237342e-05,0.0159046297241024,1
"21512",0.996060045008299,0.0019013138822985,0.00203864110940216,1
"21519",0.036449963388765,0.963401892350945,0.000148144260289544,2
"21522",0.00375260277432849,0.116112782531496,0.880134614694176,3
"21524",0.996261809571983,0.00357423202940178,0.00016395839861512,1
"21528",0.998427665542161,0.000147528378941909,0.00142480607889726,1
"21532",0.866255596645693,0.0606949604443549,0.073049442909952,1
"21543",0.130216327138798,0.846049545288112,0.0237341275730895,2
"21546",0.891022756904961,0.0740703165200384,0.0349069265750003,1
"21550",0.996615255293264,0.000113500141025456,0.00327124456571104,1
"21554",0.999571230777612,0.000352949930097966,7.58192922896981e-05,1
"21557",0.00933217690149402,0.94586024374281,0.0448075793556963,2
"21560",0.982495678988904,4.39986173772032e-05,0.0174603223937192,1
"21564",0.492337546757951,0.507545199760713,0.000117253481335576,2
"21566",0.99922933548047,0.000211993179216629,0.00055867134031385,1
"21569",0.89512692637348,0.0876701672731722,0.0172029063533482,1
"21574",0.00305585768355058,0.995419249018856,0.00152489329759289,2
"21576",0.0146785809087044,0.985264288433525,5.71306577706251e-05,2
"21578",0.000296950947921865,0.999677040891665,2.60081604137073e-05,2
"21580",0.0189704980459321,0.980942255015855,8.72469382129932e-05,2
"21583",0.998738147816379,5.40631452285411e-05,0.00120778903839238,1
"21585",0.000471226678422817,0.999524930334393,3.8429871844473e-06,2
"21587",0.00274471679908284,0.996768039610999,0.00048724358991816,2
"21589",0.00291900806979567,0.994644611936396,0.00243637999380877,2
"21593",0.00229949287465019,0.570392311931188,0.427308195194161,2
"21595",0.000704690324791226,0.966448861131854,0.0328464485433549,2
"21597",0.200369271254007,0.799478592177798,0.000152136568194987,2
"21599",2.30105006956343e-05,0.999976497996708,4.91502596212499e-07,2
"21601",0.630803405711355,0.302204425378319,0.0669921689103259,1
"21603",6.70549818760776e-05,0.999931918659571,1.02635855304618e-06,2
"21605",0.00029675089274968,0.999672422804209,3.08263030410868e-05,2
"21607",0.0946573626090249,0.867024060071215,0.03831857731976,2
"21610",0.247638135395964,0.747492099503247,0.00486976510078911,2
"21612",0.000512417894672111,0.999470160366013,1.74217393149921e-05,2
"21614",0.560940528566302,0.418045212048871,0.0210142593848264,1
"21616",0.0800299174534486,0.910652708528946,0.00931737401760564,2
"21618",0.814187407859451,0.00239840517099516,0.183414186969553,1
"21620",0.000528969560621373,0.999458999105465,1.2031333914107e-05,2
"21622",0.979407444811652,0.000496129604704046,0.0200964255836437,1
"21624",0.0136870916737805,0.983416913455946,0.00289599487027386,2
"21626",0.322435118639514,0.677538715873772,2.61654867135215e-05,2
"21628",0.870832336335502,0.118115527372684,0.0110521362918129,1
"21630",0.0451513471192292,0.954526473562413,0.000322179318358123,2
"21632",0.848667266207347,0.148436969813087,0.00289576397956565,1
"21634",0.959979506930608,0.0392830251166441,0.000737467952748336,1
"21636",0.0028825079296088,0.996286131048142,0.000831361022249408,2
"21638",9.32452720689813e-05,0.999848124159123,5.86305688075006e-05,2
"21640",0.308115064190179,0.686715128700187,0.00516980710963322,2
"21642",0.00618717347491481,0.993636045476836,0.00017678104824881,2
"21644",5.33508334110878e-05,0.926328796210514,0.0736178529560747,2
"21647",0.000298447629533286,0.999658518861705,4.30335087618577e-05,2
"21649",0.006193243040263,0.993508372746761,0.000298384212976281,2
"21651",0.0211344371500235,0.975740283561234,0.00312527928874266,2
"21653",0.0016042070787917,0.432635891898987,0.565759901022221,3
"21655",5.31861947959614e-05,0.999940007562543,6.80624266086719e-06,2
"21657",0.0048807431475667,0.994863506610459,0.000255750241974164,2
"21659",0.00185672419834724,0.998053990284524,8.92855171291347e-05,2
"21661",0.00284712844694314,0.996685729843089,0.000467141709968232,2
"21663",0.00144136396921351,0.998500126942184,5.85090886023042e-05,2
"21665",0.000643071311610747,0.998329661427395,0.00102726726099408,2
"21667",0.917199829225256,0.082471083868656,0.000329086906087538,1
"21670",0.766955771252957,0.228272470247093,0.00477175849994947,1
"21672",0.0447541899339044,0.952872417802854,0.00237339226324137,2
"21674",0.999065846527305,0.000391690982718568,0.000542462489976642,1
"21676",0.987480124069433,0.0124546427304973,6.52332000694408e-05,1
"21678",0.0049739690422418,0.0307644708943154,0.964261560063443,3
"21680",0.00141854332883317,0.99675923521001,0.00182222146115668,2
"21685",0.974887642284188,0.019876683578234,0.00523567413757765,1
"21687",0.066077773196709,0.28824389811082,0.645678328692471,3
"21690",0.0013926665715898,0.998414125295074,0.000193208133336034,2
"21707",0.999398463054616,0.000131204265924764,0.00047033267945959,1
"21710",0.072442819441456,0.00163010530267914,0.925927075255865,3
"21713",0.996586097092439,0.00235730251942087,0.00105660038814056,1
"21718",0.19737457575542,0.0270533818607894,0.775572042383791,3
"21721",0.00221840304264179,0.134306118736173,0.863475478221185,3
"21723",0.980456930287105,3.14520042637034e-05,0.019511617708631,1
"21726",0.999877698500072,7.48843079909594e-05,4.74171919376276e-05,1
"21729",0.000562175538040475,0.996029650588208,0.00340817387375204,2
"21733",0.00019975817913842,0.999747990562763,5.2251258098678e-05,2
"21735",0.135164241165123,0.0501916421226915,0.814644116712185,3
"21739",0.98533298345521,0.0141123096630354,0.000554706881754672,1
"21741",0.995436327954914,0.00395777363876538,0.00060589840632078,1
"21744",0.969950573078764,0.0296635360085347,0.000385890912701185,1
"21746",0.99736124752195,2.49275617744064e-05,0.00261382491627604,1
"21748",0.991375305260044,0.000956069332380257,0.00766862540757542,1
"21750",0.00214329091551351,0.997841655472574,1.50536119120098e-05,2
"21752",0.982597236051877,0.0151168090299387,0.002285954918184,1
"21755",0.703246515505417,0.295654413394784,0.00109907109979886,1
"21757",0.115293188499518,0.873342535069195,0.0113642764312866,2
"21760",0.223854994666745,0.0871213657333327,0.689023639599923,3
"21762",0.999185065499083,3.64827133506364e-05,0.000778451787565841,1
"21764",0.000356522028437366,0.999622681691352,2.07962802101901e-05,2
"21766",0.998090213415228,7.51618762539466e-05,0.00183462470851824,1
"21768",0.443685475806585,0.551509216987891,0.00480530720552365,2
"21770",0.565251199808834,0.433603450055004,0.00114535013616217,1
"21773",0.964618482539028,1.23762811375023e-05,0.0353691411798342,1
"21775",0.073167358311382,0.926374001256698,0.000458640431920203,2
"21777",0.00057244480297383,0.999362337751742,6.52174452845381e-05,2
"21779",0.540155228218962,0.425621979343192,0.0342227924378459,1
"21781",0.94699065775676,0.0525942330065444,0.000415109236695536,1
"21784",0.996712175722118,0.00170003487196646,0.00158778940591583,1
"21786",0.254527626135148,0.745298888584292,0.000173485280559838,2
"21789",0.880677379982981,0.114212666524266,0.0051099534927526,1
"21791",0.994791108548368,0.00119050139733402,0.0040183900542974,1
"21794",0.0687424964280206,0.928087566597131,0.00316993697484833,2
"21797",0.0310940474758611,0.0343762461370366,0.934529706387102,3
"21800",0.139136794999473,7.06214720096215e-05,0.860792583528517,3
"21802",0.933333046666973,0.036661011032977,0.0300059423000503,1
"21804",4.17026868649477e-05,0.00273502434006476,0.99722327297307,3
"21806",0.00983106462044794,0.109094183243655,0.881074752135897,3
"21808",0.0416593223791895,0.424283866937491,0.53405681068332,3
"21811",0.216139984967897,0.0131245057289864,0.770735509303116,3
"21815",0.996287778755939,0.00327097635754774,0.000441244886512923,1
"21817",0.0100963935067998,0.0174649440915074,0.972438662401693,3
"21820",0.929954488211478,0.00447016282271754,0.0655753489658047,1
"21822",0.0247692972178159,0.97463783369472,0.000592869087463852,2
"21824",0.031244746762811,0.968724538018701,3.07152184881318e-05,2
"21826",0.999244267990528,0.000173092291335521,0.00058263971813626,1
"21828",0.512689843873432,0.487215482145185,9.46739813835977e-05,1
"21830",0.0153170252804632,0.984629423593864,5.35511256727982e-05,2
"21833",0.149575595052216,0.850367625532577,5.67794152069191e-05,2
"21835",0.149575595052216,0.850367625532577,5.67794152069191e-05,2
"21838",0.835951801010626,0.00123416780085896,0.162814031188515,1
"21840",0.991119295934676,4.23364864560334e-05,0.00883836757886843,1
"21842",0.664370030159459,0.00287754520773388,0.332752424632807,1
"21844",0.170362004093959,0.829546311896201,9.16840098398925e-05,2
"21847",0.967244192088537,0.0313586859417473,0.00139712196971595,1
"21849",0.23051224941805,0.768442634833263,0.00104511574868725,2
"21852",0.828918661663823,0.0869778004553453,0.0841035378808321,1
