"","V1","V2","V3","V4","best$classification"
"19812",0.00133908108250527,0.0350503396108987,0.963595437127245,1.5142179351207e-05,3
"19814",9.0415132347961e-05,0.0061238307477399,0.985179995122094,0.0086057589978182,3
"19816",2.0633537799634e-05,0.966448531269822,0.0335212992458599,9.53594651859203e-06,2
"19818",0.000167418100030356,0.0827607320456758,0.890831339052361,0.0262405108019328,3
"19820",0.000146232096351318,0.999849459907522,4.27775984834699e-06,3.02362787363923e-08,2
"19822",0.0616201119142822,0.938310483229849,5.82038659198689e-05,1.12009899490774e-05,2
"19824",0.000131355180857016,0.993107304814428,0.00252593517890688,0.00423540482580771,2
"19826",3.41593346321312e-05,0.0390825599718983,0.960695010402383,0.000188270291086868,3
"19828",0.000625611171716738,0.997888375871551,0.00147370249583745,1.23104608945179e-05,2
"19830",0.000943830732511574,0.000625853473961193,0.997937497785997,0.000492818007530138,3
"19832",0.560049138109428,0.177035453941719,0.262902147995963,1.32599528908823e-05,1
"19834",0.0205763486947912,0.886497364365955,0.0924537761052853,0.000472510833967973,2
"19836",0.00035910638862959,0.242193731008169,0.757425764644989,2.1397958212019e-05,3
"19838",0.000243592718620778,0.00023043316081802,0.997350007427174,0.00217596669338724,3
"19840",0.000106392626917042,0.728041702377084,0.271781691682586,7.02133134127818e-05,2
"19842",6.28566232639628e-06,0.000162884778083456,0.998798507060471,0.00103232249911873,3
"19844",4.72560125850825e-07,4.15536228850789e-05,9.49597705794545e-05,0.99986301404641,4
"19846",9.29666045823841e-07,3.70580277846752e-05,0.777801568508343,0.222160443797827,3
"19848",3.81632859551671e-06,6.92684416503238e-05,0.901437226246769,0.0984896889829847,3
"19850",2.00234329552818e-05,0.000681145088693523,0.658424213782073,0.340874617696278,3
"19852",0.000503404763525406,0.69742870202035,0.300906019307318,0.00116187390880661,2
"19854",9.12578219786313e-06,7.3020145062943e-05,0.985352411247167,0.014565442825572,3
"19856",6.16058488044424e-05,0.00219643502452308,0.0374588662354505,0.960283092891222,4
"19858",0.000499898621765923,0.0503300435018593,0.00761736953494138,0.941552688341433,4
"19860",0.00032340407793977,0.360996308453365,0.638508370633553,0.000171916835142203,3
"19862",9.93092011638499e-07,1.88577162507817e-05,0.981417717151052,0.018562432040686,3
"19864",0.00233483768376518,0.307384802883398,0.522283982120893,0.167996377311943,3
"19866",5.63774292098906e-05,0.984091369167471,0.0158402636248343,1.19897784847014e-05,2
"19868",0.999517467639059,3.95094132577977e-05,0.000294932512524944,0.000148090435157479,1
"19870",1.05578414569614e-05,0.000786855375945402,0.990077639118344,0.00912494766425327,3
"19873",2.5497984046487e-05,0.0371504711224129,0.960059186509726,0.00276484438381403,3
"19875",0.000789562295517474,0.991994032923868,0.00721585887319373,5.45907420261831e-07,2
"19877",9.36531568795854e-05,0.00803525223154475,0.986334538975553,0.00553655563602268,3
"19879",0.00256958851710022,0.345871154224258,0.641959240612221,0.00960001664642145,3
"19881",2.70111227512294e-05,0.0141666939498453,0.982254339120963,0.00355195580644079,3
"19883",4.20850068224003e-06,0.00551183839017474,0.993979741895754,0.0005042112133887,3
"19899",0.0115084012954624,0.38644926594752,0.601894438525268,0.000147894231749604,3
"19908",0.217695787331894,0.607453868762494,0.131592134310616,0.0432582095949959,2
"19910",0.000171701497438496,0.374615071294106,0.624072075047682,0.0011411521607737,3
"19912",3.74678545331298e-06,8.36596273795115e-05,0.995136596020512,0.00477599756665491,3
"19914",0.00926466243043113,0.258982819159669,0.72943564359112,0.00231687481877982,3
"19916",0.000217953017941697,0.994378818770084,0.00330365340620164,0.00209957480577302,2
"19918",1.28989117078996e-06,0.000966914568642695,0.827443806889991,0.171587988650196,3
"19920",1.17004213871462e-06,0.000100755460227519,0.130004372859768,0.869893701637866,4
"19922",0.68580555705157,0.0275985523441877,0.286486084725071,0.000109805879170415,1
"19924",4.56402816077961e-05,0.0179488367451562,0.931563114557005,0.0504424084162308,3
"19926",0.0239495653397224,0.508561899596039,0.46747963976767,8.8952965681814e-06,2
"19928",0.000999147673840822,0.00782881517480868,0.50981001999235,0.481362017159,3
"19930",3.84857003883122e-05,0.00197743620327041,0.997229434090731,0.000754644005610423,3
"19932",2.99707970404814e-05,0.000157629167808135,0.994148042781364,0.00566435725378741,3
"19934",0.00355868555103744,0.960477517785561,0.035753101594142,0.000210695069259179,2
"19936",0.00134843644000168,0.0199092398388534,0.978192749314166,0.000549574406978782,3
"19938",0.00424939563489736,0.994576210556766,0.00107606397787323,9.83298304629774e-05,2
"19940",2.36553577721624e-05,0.086945621084271,0.910894038001117,0.00213668555684028,3
"19942",0.000153641484050137,0.0263425273860776,0.937165972544618,0.0363378585852545,3
"19944",0.00016748388721131,0.701727363404736,0.29796707391139,0.000138078796662533,2
"19946",0.000224426104427855,0.146984795761414,0.821648319045962,0.0311424590881957,3
"19948",1.87334713056483e-05,0.00959361172782846,0.928868030769558,0.0615196240313081,3
"19950",1.25106410734596e-06,4.40741094140327e-06,0.00322408434161866,0.996770257183333,4
"19952",1.87334713056483e-05,0.00959361172782846,0.928868030769558,0.0615196240313081,3
"19954",1.38712675917845e-05,0.000496935001120005,0.996486417160855,0.0030027765704332,3
"19956",0.000357434613782118,5.13144534868174e-05,0.336286395629061,0.66330485530367,4
"19958",0.99291209256666,0.000438608927446002,0.0047263748610652,0.00192292364482847,1
"19962",0.0046967566584054,0.235959962616633,0.582039612353521,0.17730366837144,3
"19964",6.01568712714297e-05,0.0585838162666898,0.907299919861646,0.0340561070003932,3
"19966",0.000158748819846685,0.998905520046819,0.00093528712900297,4.44004331518586e-07,2
"19969",7.66111027850551e-06,0.00102278443252338,0.998536836979316,0.000432717477882162,3
"19972",7.36787732121594e-06,0.00132644071877099,0.848919629019946,0.149746562383962,3
"19974",8.3540313242469e-08,2.8760751365782e-06,0.0764295947352991,0.923567445649251,4
"19976",6.2019576416554e-05,0.0270017259602262,0.900599682715389,0.072336571747968,3
"19978",2.38689346853013e-05,0.709042727358651,0.289355119228722,0.00157828447794173,2
"19980",7.86146006307817e-06,5.49893392947678e-05,0.670076393669392,0.32986075553125,3
"19982",0.000115787556895503,0.00066163208884737,0.170840915925394,0.828381664428864,4
"19984",7.69259448562108e-07,5.92608844090681e-05,0.00111433527721298,0.998825634578929,4
"19986",0.000639973754091036,0.999337456840458,2.25356738434872e-05,3.37316072759805e-08,2
"19988",0.00104687051320884,0.998950828926875,2.28082230920899e-06,1.97376065709843e-08,2
"19992",0.00109978987086143,0.998877218496987,2.23247955724448e-05,6.66836579288778e-07,2
"19994",0.000111705693148083,0.00240169057601359,0.997290895953708,0.000195707777130625,3
"19996",0.00015514719491485,0.999808903257088,3.53942303209578e-05,5.55317675941031e-07,2
"19998",0.000526179185607657,0.105681266079194,0.860063579578046,0.0337289751571522,3
"20000",0.0194046957158017,0.000253236205906767,0.979035765173104,0.00130630290518738,3
"20003",0.000356859662455868,0.00982000348987593,0.989808645250796,1.44915968719802e-05,3
"20005",1.19874691618846e-06,3.18083425996701e-05,0.907054408916083,0.0929125839944012,3
"20007",0.00527503727313908,0.677958805732595,0.315015688942338,0.0017504680519282,2
"20009",0.00109976819817905,0.996562948060419,0.00166821795119917,0.000669065790202695,2
"20011",2.13597379623474e-05,0.007265802956154,0.968105998293842,0.0246068390120414,3
"20013",7.53529964874486e-05,0.00191920036684685,0.87341709372738,0.124588352909286,3
"20016",0.00718958236292051,0.992720728901271,6.89170619853608e-05,2.07716738234977e-05,2
"20018",0.982494348107591,0.0175053715740056,2.61924417034254e-07,1.83939859107087e-08,1
"20021",0.000750493237268597,0.979852897767481,0.019395629217229,9.79778021618445e-07,2
"20023",0.00244899656172966,0.918954946543433,0.0783890681140123,0.000206988780825104,2
"20025",0.439540973852284,0.560341691002853,0.00011673564745143,5.99497411834199e-07,2
"20027",9.29251302888826e-06,0.000344397893239926,0.999481376392441,0.000164933201290682,3
"20029",6.40057243596522e-07,0.000118744421778263,0.967858414112619,0.0320222014083589,3
"20032",1.94175456342503e-05,0.000331356231829754,0.999530254900332,0.000118971322204226,3
"20034",3.45432475394284e-05,0.0124198063327718,0.982227344768216,0.00531830565147258,3
"20036",0.00303235439935329,0.0589477699296386,0.744487007889122,0.193532867781886,3
"20038",0.00993226645818985,0.989077281112653,0.000990425794270564,2.66348870312925e-08,2
"20040",0.0154910707244818,0.984444866767934,4.25260069275679e-05,2.15365006566745e-05,2
"20043",0.00144156996912988,0.994316725280268,0.00423941301932917,2.29173127301122e-06,2
"20045",0.00982372714205297,0.990173506612612,2.329967192158e-06,4.36278142821452e-07,2
"20048",7.65325414211907e-07,1.9399579858688e-06,0.000149660029895791,0.999847634686704,4
"20051",0.0332759042700472,0.446074629099475,0.507780204950675,0.0128692616798025,3
"20053",0.000183020991096303,0.980106045392701,0.0192480725544728,0.000462861061730467,2
"20055",0.157542755185499,0.760502900723943,0.0819537485053776,5.95585180629644e-07,2
"20057",0.99616391424828,4.91342569284938e-06,0.000472950200591825,0.0033582221254352,1
"20059",0.00427566769347323,0.975482340339767,0.0201534177834838,8.8574183275452e-05,2
"20061",0.000764029669806064,0.869069189823859,0.129775184334104,0.000391596172230906,2
"20063",0.00088149282829295,0.0208574674552581,0.000156993314731245,0.978104046401718,4
"20065",0.846014691408052,0.153961711123254,2.35961222050965e-05,1.3464884083921e-09,1
"20067",0.0157592386473096,0.983548133209088,0.000434335033434159,0.000258293110168115,2
"20069",1.31113405284362e-05,7.65563672833929e-05,0.429968139314456,0.569942192977732,4
"20071",0.00805513905772179,0.378525643344572,0.609708434009341,0.00371078358836543,3
"20073",3.32912548653301e-06,0.00157181983154751,0.107896489694794,0.890528361348172,4
"20075",0.999564194895132,2.55486554687838e-05,0.000406997213353043,3.25923604644424e-06,1
"20077",0.000223657001618183,0.981376062076397,0.0177077271536536,0.00069255376833104,2
"20079",0.00312177092205284,0.234578184100154,0.0854106815435695,0.676889363434224,4
"20081",0.173885753950004,0.818571986685461,0.00752776207690126,1.44972876341047e-05,2
"20083",0.00169732480240459,0.00863135922805167,0.0275527489058679,0.962118567063676,4
"20085",0.00423106572759979,0.99576512751276,3.80114745424318e-06,5.61218647449745e-09,2
"20088",0.00165302538131483,0.997629783291851,0.000716692979815787,4.98347018861096e-07,2
"20091",0.996489951142848,0.00335221539220609,0.000152105992425334,5.72747252063325e-06,1
"20095",0.000433002728683532,0.0679294586691794,0.0252495889111952,0.906387949690942,4
"20097",0.0159498974283836,0.984043884266717,6.21130894078246e-06,6.99595875626442e-09,2
"20099",8.97194028379052e-06,0.978178778477249,0.00845869129044739,0.0133535582920196,2
"20102",0.130091295886245,0.00421381639685562,0.00432396645606944,0.86137092126083,4
"20105",0.000633749763480718,0.992472589402975,0.0061132068414667,0.000780453992077154,2
"20107",0.000263680210491478,0.998730195054915,0.00100435359763526,1.77113695813164e-06,2
"20109",4.0601616278254e-05,0.678550873272415,0.0355460207432281,0.285862504368079,2
"20111",0.562602257035286,0.00035355787405151,0.412252286065105,0.0247918990255577,1
"20113",0.000435700682586278,0.959963843764621,0.0395923282624025,8.12729038985153e-06,2
"20115",0.00046432108201242,0.000248247903470163,0.997389350495079,0.0018980805194384,3
"20117",0.753455176724276,0.236615839373335,0.00986119708801339,6.77868143758198e-05,1
"20119",7.98793395483101e-05,0.998655468072552,0.00126435453463752,2.9805326157793e-07,2
"20121",0.000657501323925907,0.999157813297816,0.00018459232222593,9.30560321060328e-08,2
"20123",0.997757616130465,0.00219007580840631,5.2262191715021e-05,4.5869414206411e-08,1
"20125",7.74140119902731e-05,0.0005653647406142,0.869650513475804,0.129706707771592,3
"20127",0.000506811128706754,0.999460279885141,2.74711715453715e-05,5.43781460672552e-06,2
"20140",0.408401588250931,0.386509946531242,0.205080983604037,7.48161379074678e-06,1
"20142",3.12990795353461e-06,7.85782703050759e-06,0.00927148797685057,0.990717524288166,4
"20144",0.0124235359536526,0.000313745760543231,0.974268984043137,0.0129937342426673,3
"20146",0.00658166956095417,0.0123282547609092,0.589072669266319,0.392017406411818,3
"20148",0.000266875427041928,0.0138975225321036,0.985265305445557,0.000570296595297282,3
"20150",5.8723949142564e-07,9.70600781007446e-06,0.402929854597537,0.597059852155161,4
"20152",0.000335987426409052,0.0479161462859987,0.951344008371199,0.000403857916393727,3
"20154",0.95782729626431,0.0421360030871275,2.60681356185075e-05,1.06325129436133e-05,1
"20156",0.0243469732590003,0.753289912909981,0.1539449032648,0.0684182105662193,2
"20159",2.48271631071027e-05,7.95401644488285e-05,0.372990791867219,0.626904840805225,4
"20161",0.000134607240080374,0.00137044739605308,0.0183543377111617,0.980140607652705,4
"20163",0.00176559959113379,0.0515029348794933,0.946698304143033,3.31613863397072e-05,3
"20165",6.78861036913341e-05,0.0187085296873506,0.00183617100953154,0.979387413199426,4
"20167",2.72083746361362e-05,0.009194640850644,0.973309261932156,0.017468888842564,3
"20169",9.88241112157855e-07,2.37095203318585e-06,0.000558356357709181,0.999438284449146,4
"20171",0.988684011933988,0.0113023782706669,2.26774301408123e-06,1.13420523303356e-05,1
"20173",5.86727930812459e-05,0.156266476668234,0.00932426438206834,0.834350586156617,4
"20175",5.08115731567885e-05,0.00296036099918866,0.980694462258245,0.0162943651694098,3
"20177",3.27373046258268e-05,0.975555438409498,0.022920731257241,0.00149109302863519,2
"20180",0.00351281024524619,0.996303235396268,0.000183952595518527,1.76296780611613e-09,2
"20182",2.79800424341545e-05,1.40868486707131e-07,0.000438925722363561,0.999532953366716,4
"20184",9.42311593625642e-06,0.000397901437078307,0.0611653444280769,0.938427331018909,4
"20187",8.38205671804472e-05,0.337552706947065,0.444439983914514,0.217923488571241,3
"20189",1.71989527791256e-05,0.894918789308682,0.105007971617208,5.60401213306569e-05,2
"20192",0.138603768008808,0.846486512908608,0.014879284092973,3.04349896107682e-05,2
"20194",8.52768525194649e-06,0.000300907680952257,0.149965391728859,0.849725172904937,4
"20196",0.189401220536747,0.810359623021796,0.000238315092652579,8.41348804111914e-07,2
"20198",0.00875741125814083,0.326270011628256,0.663472625858868,0.00149995125473519,3
"20204",3.31372170388016e-05,9.82795290368408e-05,0.442993573708247,0.556875009545677,4
"20207",0.108062632576102,0.891531514166256,0.000354499586284726,5.13536713576385e-05,2
"20209",0.046030159808723,0.000902445932127603,0.953038409045877,2.89852132721795e-05,3
"20211",0.998332794704587,0.00159522730530945,7.17666711936323e-05,2.11318909302995e-07,1
"20215",0.00193047237641706,0.9741532090233,0.0238247254907092,9.1593109573454e-05,2
"20218",3.13344514165772e-06,1.26812927760706e-05,0.0245472184442923,0.97543696681779,4
"20222",0.0854679935169095,0.905775339608447,0.00860877528002177,0.000147891594621375,2
"20225",0.00116363828585016,0.000474947575690542,0.957488290126591,0.0408731240118677,3
"20229",0.14396572437375,0.0555115122393973,0.798380750187553,0.00214201319929927,3
"20232",0.0298412633377023,0.850927858560075,0.119165994926587,6.48831756355051e-05,2
"20234",0.122489047665597,0.877507007847842,3.92810102919166e-06,1.6385532248583e-08,2
"20238",0.00229834304547244,0.996873091396242,0.000805843831209838,2.27217270755812e-05,2
"20253",0.00123841060717884,0.998282382599285,0.000474497048558855,4.70974497710847e-06,2
"20255",0.00102744135921164,0.000842153938732553,0.997360785754162,0.000769618947893956,3
"20258",0.000115635923959503,0.999531851819567,0.000352196580208063,3.15676265791265e-07,2
"20269",0.000189522327364023,0.915271116327459,0.0363436194336759,0.0481957419115015,2
"20271",3.41775670266283e-05,0.998458938665459,0.00150492769840291,1.95606911106362e-06,2
"20285",0.000194622446069161,0.0659905572009452,0.897322857247622,0.0364919631053636,3
"20288",0.0038505841821365,0.966284203684828,0.029668131574714,0.000197080558321135,2
"20291",0.26748898434556,0.732078461272969,0.00042562083713645,6.93354433398876e-06,2
"20295",0.000293941239385579,0.815347671939116,0.143458527496025,0.0408998593254733,2
"20298",1.1595589553697e-05,9.18952112207072e-05,0.991866678869511,0.00802983032971489,3
"20302",1.44616437766902e-05,0.00188621938847793,0.34356688424312,0.654532434724625,4
"20305",3.74175795538499e-06,5.67989262551977e-05,0.998112274316486,0.00182718499930354,3
"20307",0.000738036098516791,0.999212478654831,4.93606766857145e-05,1.24569966253431e-07,2
"20310",0.00288613254959144,0.997110617041815,3.08717737533222e-06,1.632312183331e-07,2
"20313",7.61483138053562e-08,5.76195624857016e-07,0.00128217222636941,0.998717175429692,4
"20315",0.000198366916658005,0.998401489568267,0.00139813484108273,2.00867399219934e-06,2
"20319",0.601977752664201,0.397634934727683,0.00038682081623394,4.91791882125269e-07,1
"20321",0.000141800904822624,0.999648947524594,0.000191617344754415,1.76342258286793e-05,2
"20327",1.94609681066007e-05,0.999824573251302,0.000154923343766441,1.04243682484533e-06,2
"20329",3.81393465229507e-06,0.00216895652638482,0.665523562493709,0.332303667045255,3
"20335",0.128885227556984,0.871077566291977,3.46725829445894e-05,2.53356809417435e-06,2
"20337",2.89078292444609e-05,0.00013309177210306,0.694215182255838,0.305622818142814,3
"20339",0.966678576265893,0.0117234009789544,0.0215854609880823,1.25617670705326e-05,1
"20341",0.966585179772208,0.03289292874509,7.07791290739718e-05,0.000451112353628291,1
"20343",0.0112992548929506,0.988540032829313,4.05733531971449e-05,0.000120138924538718,2
"20345",6.0549726962083e-05,0.00516614806426177,0.994746048363354,2.72538454217624e-05,3
"20350",0.326287693986173,0.448199417129734,0.187360549216439,0.0381523396676543,2
"20352",1.08268699214931e-06,9.28839900810212e-06,0.000998429294863625,0.998991199619136,4
"20355",0.000457040607837783,0.0071701732170619,0.0453093220545144,0.947063464120586,4
"20358",1.2925163439265e-06,0.000343163083737625,0.621028926455345,0.378626617944573,3
"20363",0.000138016174309454,0.999260842462701,0.000588948514855487,1.2192848133767e-05,2
"20365",0.558800868338872,0.408222413726809,0.0329722384623696,4.4794719503401e-06,1
"20379",0.0010968415374659,0.000786029381497488,0.995414166599555,0.00270296248148172,3
"20387",0.00217054905984807,0.996938969443137,0.000889762064856361,7.19432158737512e-07,2
"20392",0.996231183648657,0.00373494142751975,3.38493597508896e-05,2.55640720416382e-08,1
"20395",0.000651327719146961,0.0287028704075021,0.968703374393034,0.00194242748031725,3
"20397",7.9162820379647e-07,2.12388176164374e-05,0.0154344115913991,0.984543557962781,4
"20410",0.000840115503223525,0.980583932571774,0.0185757419641194,2.09960883091442e-07,2
"20414",2.14736537109288e-05,0.00214715256516732,0.664464379682212,0.33336699409891,3
"20417",0.873157405193907,0.126840556981296,1.92713442525564e-06,1.10690371900411e-07,1
"20419",3.85391474417042e-06,0.999910843239276,8.13932176768404e-05,3.909628302554e-06,2
"20421",0.02986453160541,0.00822680011310453,0.300420887506892,0.661487780774594,4
"20423",0.000305087907943659,0.00065056387801836,0.592306044803599,0.406738303410439,3
"20425",0.00111958771491497,0.00163926604710396,0.402363753491665,0.594877392746316,4
"20427",8.33108335374477e-05,0.0669888445177618,0.932310958506317,0.000616886142383574,3
"20429",0.00483824833166299,0.994364319725555,0.000407474236097651,0.000389957706684678,2
"20432",1.1139901897866e-06,0.000106263358218761,0.180199080678231,0.81969354197336,4
"20435",0.0297760370423001,0.77724503864334,0.192951262423286,2.7661891073299e-05,2
"20438",3.39219953526447e-05,0.998635451992084,0.000806730644642351,0.000523895367920955,2
"20440",4.74632919764296e-05,0.999573339548439,0.000337921028479228,4.12761311059593e-05,2
"20443",8.46966629986763e-05,0.000530761343586907,0.00322697576181673,0.996157566231598,4
"20446",0.00201013266045111,0.546621984865714,0.445575474446366,0.00579240802746803,2
"20449",0.0179872920244225,0.784305036932004,0.197658022066301,4.96489772719125e-05,2
"20537",0.278631959607648,0.712778149999871,0.00833883993252549,0.000251050459955678,2
"20540",0.988150001645539,0.0118268605657527,2.31123614885941e-05,2.54272195033132e-08,1
"20543",0.00137338002637937,0.26742897251259,0.725692668860004,0.00550497860102589,3
"20545",0.998257921845693,0.001690242297355,5.12021877075196e-05,6.33669244620504e-07,1
"20549",0.00933106418445634,0.0947715000458217,0.875220264050041,0.0206771717196809,3
"20551",0.0026041455735023,0.977043130843297,0.0202017886313945,0.000150934951806068,2
"20554",0.000184957532442442,0.993571520722979,0.00621810382374343,2.54179208352862e-05,2
"20556",0.193741580152991,0.262745599473471,0.541529055391708,0.00198376498183071,3
"20558",0.000297664829333312,0.999575994246724,0.000125663360794037,6.77563148317975e-07,2
"20560",0.000155918452049286,0.979050238440847,0.0172564073197276,0.00353743578737556,2
"20563",0.000391738364779086,0.999583126232656,2.30486335065842e-05,2.08676905854935e-06,2
"20565",0.00203318502477788,0.879038835245132,0.0968837820342046,0.0220441976958852,2
"20567",5.10961213767155e-06,0.000178653582462538,0.12330905724982,0.876507179555579,4
"20571",0.032735441549514,0.964370018838551,0.00278990918553755,0.000104630426397014,2
"20573",0.00636292092513821,0.95513543398825,0.0378215337979265,0.000680111288685028,2
"20575",0.00017220031080863,0.99977083648505,5.64014067664434e-05,5.6179737506165e-07,2
"20577",0.00288437663848355,0.131242188284869,0.865667752631003,0.000205682445644103,3
"20579",3.96537518430044e-08,3.8696836915226e-06,0.0030991261381214,0.996896964524435,4
"20582",0.00019710448048704,0.999777492860449,2.52697190219771e-05,1.32940042080536e-07,2
"20585",0.887962464716822,0.0986152108002154,0.0134197112821612,2.61320080098004e-06,1
"20588",0.978191853461222,0.0111449090189741,0.0104276646880621,0.000235572831741581,1
"20590",2.74120477573963e-08,1.33960266518393e-06,0.00731685910044528,0.992681773884842,4
"20592",0.00013787936894971,0.999848272791161,1.1496455368485e-05,2.35138452071083e-06,2
"20594",0.000484779154519696,0.999462697663535,5.24887427766618e-05,3.4439168795218e-08,2
"20596",1.12261506576544e-05,0.982811603869023,0.0161853575806371,0.000991812399681893,2
"20598",0.000192651858653644,0.986620153165442,0.0131740785911036,1.31163848005058e-05,2
"20600",0.755184337328691,0.0954291594512768,0.148063117909754,0.00132338531027848,1
"20603",0.00491077813245016,0.00128724119775099,0.988123775849437,0.00567820482036228,3
"20605",0.000690758826540723,0.998499397574446,0.000809738541983832,1.05057029030035e-07,2
"20607",2.4761540163031e-05,0.997400595579023,0.00257294296223875,1.69991857493368e-06,2
"20609",0.000212197663455924,0.97694069712356,0.0227804332420114,6.6671970972618e-05,2
"20611",3.61581248344382e-06,6.39705610711205e-05,0.999303943320358,0.000628470306087177,3
"20613",0.00419058519675488,0.430542271657832,0.565237784166059,2.93589793545294e-05,3
"20615",0.0969519625736271,0.360335924341907,0.539671761681627,0.00304035140283864,3
"20617",1.36051077046415e-06,4.58653299008221e-06,0.00399138832100409,0.996002664635235,4
"20619",6.45076129236104e-05,0.999876423895149,5.19286646422903e-05,7.13982728510953e-06,2
"20621",0.000599770864913663,0.978770423139621,0.0205685990307753,6.12069646897223e-05,2
"20623",7.12989721735824e-07,0.00299293132303747,0.0148491749957864,0.982157180691454,4
"20625",0.04598546087108,0.00269430468650849,0.899602463850946,0.0517177705914657,3
"20627",0.000712170361532797,0.752454576869866,0.246821999905511,1.12528630894187e-05,2
"20629",0.00460651234350952,0.82906201526052,0.165371985508129,0.000959486887841725,2
"20631",0.000213351585279004,0.999746364920043,2.71716625838134e-05,1.31118320939046e-05,2
"20633",3.27325298182568e-08,3.27728628241036e-07,0.000747326455381885,0.99925231308346,4
"20636",1.23874749062974e-05,0.00118314575045321,0.962500724382573,0.0363037423920673,3
"20638",0.0752654953144594,0.149045107032099,0.775333912936718,0.000355484716723886,3
"20640",0.0886819535048899,0.906742184952761,0.00457579991793916,6.16244100454141e-08,2
"20645",0.0058124020670311,0.994180775740267,6.8125732645266e-06,9.61943774525926e-09,2
"20647",8.8528014290269e-07,2.06851717377368e-06,0.000158665851699913,0.999838380350983,4
"20649",0.0139033708730333,0.963956617190143,0.0221191988380008,2.08130988233351e-05,2
"20651",0.00366221399341922,0.996290404522967,2.36316537791854e-05,2.37498298342339e-05,2
"20656",0.0417347261084042,0.956145226734326,0.00211149768968264,8.5494675870425e-06,2
"20660",0.90780963107072,0.0766056454434637,0.0155726559533431,1.20675324728271e-05,1
"20662",4.37294113951871e-06,0.000536790040744244,0.0882670089243604,0.911191828093756,4
"20664",4.72184186000511e-05,0.860951459447045,0.0191200937535106,0.119881228380844,2
"20666",0.0604874050654666,0.00102791611760789,0.938294842458103,0.000189836358822447,3
"20668",1.97265059326779e-06,0.000184457090537672,0.523959604165249,0.47585396609362,3
"20670",0.000457114379414146,0.997360900021763,0.00216794170690233,1.4043891920166e-05,2
"20672",6.51363240359895e-05,0.000146808801094182,0.524482349464224,0.475305705410646,3
"20674",0.000256021297130179,0.905781054406504,0.0937044488505065,0.000258475445859252,2
"20676",3.77310108747359e-06,1.84647357073858e-05,0.921617427137419,0.0783603350257861,3
"20678",4.92309309317556e-07,1.76152735130443e-05,0.480833607480276,0.519148284936902,4
"20680",8.64221144235871e-05,0.00338111221164263,0.678804065602593,0.31772840007134,3
"20682",9.83633367572833e-06,0.00361603327555252,0.994881808537375,0.00149232185339723,3
"20684",0.0048157493029272,0.828624240407403,0.166501374198805,5.86360908651798e-05,2
"20686",3.47197624739804e-06,1.86794430054603e-05,0.0256423560064123,0.974335492574335,4
"20688",1.77672628428086e-07,8.73261089253336e-06,0.044640218130582,0.955350871585897,4
"20690",0.950714735904443,0.0467466552796486,0.00253830527368985,3.03542219140516e-07,1
"20692",2.13624166219294e-08,4.49610114365849e-07,0.00200349932612911,0.99799602970134,4
"20694",4.56631917923308e-06,5.24947616430636e-05,0.974840272181659,0.0251026667375187,3
"20696",4.25564694031802e-05,0.00113394080799151,0.989398255503333,0.00942524721927194,3
"20698",0.012067026470166,0.901280734648459,0.0774611969492142,0.00919104193216063,2
"20700",0.000531252846925551,0.993546376697923,0.00205249173911035,0.0038698787160408,2
"20702",0.888703480898116,0.111058601896586,0.00023779560592462,1.2159937334539e-07,1
"20704",0.000635995024948518,0.813597467586527,0.185683756279452,8.27811090727998e-05,2
"20706",0.00590205893626991,0.226910006656679,0.744528027339536,0.0226599070675152,3
"20708",1.60767720186838e-06,0.000131413191586525,0.988785651849171,0.0110813272820401,3
"20710",0.413716098538267,0.539408503447849,0.0468720319237345,3.36609014911746e-06,2
"20714",1.81061765882356e-07,5.78726946490347e-05,0.0170339475747535,0.982907998668832,4
"20716",0.000191509118567279,0.988868959941341,0.0109380485690644,1.48237102716001e-06,2
"20719",0.000519586879389343,0.558623452564781,0.440314173176369,0.000542787379461144,2
"20721",0.000147262705910407,0.999836676015506,1.31783521282063e-05,2.88292645560608e-06,2
"20723",0.0071207728523908,0.774377378626531,0.216128558559823,0.00237328996125527,2
"20725",0.000262418469287785,0.00313979590986654,0.996353685711924,0.000244099908921936,3
"20727",0.000167471675916898,8.78944704500115e-06,0.00846215462561803,0.99136158425142,4
"20729",4.82630924778745e-06,7.50221626487659e-05,0.9994614655849,0.000458685943203623,3
"20731",0.000193979472289514,0.000814644345161457,0.998952986516954,3.83896655947702e-05,3
"20733",0.004957697459106,0.860700687309102,0.134311685247529,2.99299842633362e-05,2
"20735",0.019802299990212,0.391076398634883,0.589101195451221,2.01059236836044e-05,3
"20737",6.01343121567687e-07,7.34158445343714e-05,0.933958676895795,0.0659673059165485,3
"20739",1.14169657978391e-07,5.49363157044304e-07,0.00102049643733048,0.998978840029854,4
"20741",0.000159825994384829,0.0123089899760976,0.943195106106533,0.044336077922984,3
"20743",6.83724260692454e-05,0.00617045847346568,0.993183451300777,0.000577717799688333,3
"20745",0.000420134517692862,0.99938203270233,0.000192131773184784,5.70100679234658e-06,2
"20747",5.55885872815682e-06,8.42147977823544e-05,0.999532689730241,0.000377536613248713,3
"20749",6.46604428066777e-06,4.15972456899563e-05,0.999092121087311,0.000859815622717967,3
"20751",0.00310769495635413,5.63942725473383e-05,0.995911454580976,0.000924456190122133,3
"20753",6.8566330839424e-06,0.000151670320346952,0.999418677396151,0.000422795650418559,3
"20755",5.80432640688937e-06,0.000543888903852472,0.918446603651197,0.0810037031185431,3
"20757",3.96112032062357e-05,0.211353550362214,0.210594055491745,0.578012782942835,4
"20759",4.44549666205903e-05,0.999389715877886,0.000262928920966455,0.000302900234527201,2
"20761",0.000150843697168828,0.0369451276281692,0.960297607864612,0.00260642081005004,3
"20763",0.00146370388753873,0.0898053424753798,0.899080605568299,0.00965034806878204,3
"20765",0.000132426789867896,0.00475934031900302,0.989277435936265,0.00583079695486454,3
"20767",0.000493341435765072,0.935663532806482,0.0638359665127496,7.15924500284859e-06,2
"20769",0.629056163654721,0.307916162408803,0.0630272802465682,3.93689908032205e-07,1
"20771",1.56766593720789e-05,0.104703459508184,0.683459147473796,0.211821716358648,3
"20773",0.000522875616524199,0.0540702886601086,0.904407252546425,0.0409995831769424,3
"20775",0.000275911888187481,0.00250099139781326,0.997071291650767,0.000151805063232661,3
"20777",0.349884356441069,0.0340900250437279,0.615181801388467,0.000843817126735758,3
"20779",9.84864432113249e-05,0.00139175363284265,0.998459988658286,4.97712656599282e-05,3
"20781",0.947781168307979,3.32469390557764e-05,0.0125572423900649,0.0396283423629001,1
"20783",2.47430035479501e-05,0.0251313520692938,0.97018518485525,0.00465872007190841,3
"20785",3.1276841567111e-05,0.00137347081162741,0.177959026920257,0.820636225426549,4
"20787",6.08981752183888e-07,0.000384332867140668,0.974506652133671,0.0251084060174363,3
"20789",0.00115123758228554,0.352920926262691,0.645899369907535,2.84662474885281e-05,3
"20791",1.94124403917759e-06,2.23569628001443e-05,0.928838362974818,0.0711373388183426,3
"20793",0.000884997843289892,0.291244638626987,0.707856819116188,1.35444135347733e-05,3
"20795",5.0380402855132e-06,0.000367826277754248,0.806117235061794,0.193509900620166,3
"20797",0.00382527709802279,1.87588138270714e-06,0.00211399903310378,0.994058847987491,4
"20800",5.63242593652663e-05,0.000243806833696978,0.995786540279119,0.00391332862781853,3
"20802",0.000108313937052336,0.0118749224255793,0.985336717461748,0.00268004617562075,3
"20804",8.83445210754905e-07,4.72574982854606e-05,0.993935400469348,0.00601645858715617,3
"20806",1.38422363130152e-06,1.80288507849729e-05,0.71163806728965,0.288342519635934,3
"20808",8.89525744249288e-05,0.978268622802325,0.0216417978011434,6.26822106895302e-07,2
"20810",3.31020973138841e-05,0.00142124099784929,0.543584858176323,0.454960798728513,3
"20812",0.0105331663251965,0.00800237665143987,0.973359447803751,0.00810500921961213,3
"20814",3.09429428210887e-07,1.14914770875126e-05,0.425371966834423,0.574616232259061,4
"20816",0.0119749476262938,0.912130871936397,0.0758794895652789,1.46908720301584e-05,2
"20818",0.000226307731528067,0.01180561108594,0.98312028409552,0.00484779708701171,3
"20820",3.71596465315071e-07,9.54842851352931e-07,0.000366220123493763,0.99963245343719,4
"20822",3.9532938865127e-05,0.0069969179533928,0.990882364358536,0.00208118474920574,3
"20824",4.81480785472474e-05,0.00152365141829349,0.34663154258297,0.651796657920189,4
"20826",1.65869898698723e-06,6.23636640868753e-06,0.00716304436386681,0.992829060570738,4
"20828",7.65325414211907e-07,1.9399579858688e-06,0.000149660029895791,0.999847634686704,4
"20830",9.34865577209728e-06,6.97314274667219e-05,0.999063631674664,0.000857288242096536,3
"20832",0.000379147314291791,0.407519158303471,0.546742835915101,0.045358858467136,3
"20834",0.0019701888140215,0.95976909891324,0.0382574583378361,3.25393490201422e-06,2
"20836",4.02991338027276e-05,0.000672181117807487,0.999212196659007,7.53230893831744e-05,3
"20838",7.79082504530372e-07,1.87500806201481e-05,0.929664762838132,0.0703157079987434,3
"20840",0.000494022165604179,0.869303147205862,0.130006539576339,0.000196291052195667,2
"20842",1.69417135754639e-05,0.000508718126556932,0.999181975015956,0.000292365143911944,3
"20844",9.57546610372879e-06,0.0342070985566619,0.962730251019858,0.00305307495737602,3
"20846",7.59753525716264e-05,0.0140456933959924,0.261305050225665,0.724573281025771,4
"20848",0.00100236374054602,0.173820310991946,0.82392658602634,0.00125073924116727,3
"20850",6.12052179163911e-05,0.9684379479948,0.0253719081063205,0.00612893868096339,2
"20852",0.00111327649993309,0.948788003595366,0.013315272302741,0.0367834476019595,2
"20854",6.90262335147752e-06,2.95476701764936e-05,0.0861882905380481,0.913775259168424,4
"20856",0.956864845444536,0.0160796152542884,0.0270240894835242,3.14498176510129e-05,1
"20858",0.000977721707305014,0.997970025313625,0.00103536400476741,1.68889743021311e-05,2
"20860",0.000110813421661018,0.0124306932062898,0.987404835781131,5.365759091848e-05,3
"20862",3.79823173523961e-05,0.999578253845804,0.000383628935684554,1.34901159075926e-07,2
"20864",1.63236043079299e-05,4.77995389488852e-05,0.00669195649231129,0.993243920364432,4
"20866",0.0013130589968822,0.99868509726186,1.78983730636254e-06,5.39039511786847e-08,2
"20868",0.00299915395385603,0.98657181262855,0.0103039854478697,0.000125047969724457,2
"20870",0.00117443746092884,0.0267994299902788,0.967706488869406,0.0043196436793867,3
"20872",3.1717881283812e-05,0.0007005079233773,0.993209205224241,0.00605856897109821,3
"20874",3.20501076449395e-08,7.06926242553923e-07,0.00128689322628627,0.998712367797364,4
"20877",0.0191144154020188,0.967038347457036,0.0138462500711999,9.87069745802595e-07,2
"20879",0.00272943679135592,0.99670686350472,0.00056365499726448,4.47066596679997e-08,2
"20881",1.45205473842453e-05,0.000115988842853597,0.99612955090562,0.00373993970414147,3
"20883",0.000152500711985744,6.8532112807322e-05,0.966214981366582,0.033563985808625,3
"20885",6.83067847153289e-05,0.000287388274485954,0.997663362279993,0.00198094266080534,3
"20887",0.00514384464734571,0.400859611133365,0.593986228415982,1.03158033069257e-05,3
"20889",0.000793938523649763,0.00162365236810299,0.997365950119756,0.00021645898849076,3
"20891",0.00367566522664602,0.996049463279009,0.00027471978939899,1.51704945974644e-07,2
"20896",0.0795435112503472,0.628919818804014,0.291507855348377,2.88145972620874e-05,2
"20898",7.92292243945859e-05,0.00643408655603282,0.993378151131977,0.00010853308759564,3
"20900",0.106240187935875,1.76174390300711e-05,0.212983271487221,0.680758923137874,4
"20902",0.833087304884194,0.124474126329955,0.0424383750310408,1.93754809404547e-07,1
"20904",0.000901054720107971,0.0121819967498027,0.00650357123767926,0.98041337729241,4
"20906",0.0193451832916661,0.971332172187553,0.00932106760273479,1.57691804577753e-06,2
"20908",0.000129274638999037,0.0276784211875585,0.669397097719401,0.302795206454041,3
"20910",2.40429197767888e-06,0.00951659187810679,0.979711730994904,0.0107692728350113,3
"20912",0.945221152440328,4.61661185799931e-05,0.0543810109605108,0.000351670480580801,1
"20914",0.0111879637625531,0.988769831749263,4.22014005357917e-05,3.08764844551567e-09,2
"20968",0.000979040223797741,0.000920113518774246,0.0156703926091444,0.982430453648284,4
"20970",0.000654131739322368,0.971582555040727,0.0264013855956108,0.00136192762433992,2
"20981",8.27275612616827e-06,0.982900698179264,0.0168931746147298,0.000197854449880197,2
"20983",5.45177528515142e-08,7.23208689953796e-07,0.00774934662648688,0.99224987564707,4
"20988",0.000108407565843367,0.997495579047408,0.00222055344089326,0.000175459945855462,2
"20995",0.78512865603569,0.15245282874394,0.057913232969869,0.00450528225050101,1
"21017",3.81044470680544e-05,0.147398196871613,0.800965227782289,0.0515984708990299,3
"21038",0.00765013470430146,0.98645669153563,0.00589246253196543,7.11228102748809e-07,2
"21072",0.00540290004294191,0.971116454404625,0.0231164788243607,0.000364166728072146,2
"21075",0.0642187941259023,0.934633260792331,0.00114792687484912,1.82069181116391e-08,2
"21223",0.00175692960152064,0.0446038141615744,0.953075378029398,0.000563878207506956,3
"21225",0.99987403215959,9.2093591707463e-05,3.37861445143124e-05,8.81041885133255e-08,1
"21230",5.80708805462428e-08,6.76069996520695e-07,0.00504080840469671,0.994958457454426,4
"21236",3.92208539667526e-05,0.00415664710933341,0.993007765581892,0.00279636645480832,3
"21238",0.461116586283321,0.0748200983758554,0.4639116446273,0.000151670713523272,3
"21241",0.000334719381398012,0.998047915604768,0.000548230679892479,0.00106913433394143,2
"21246",1.82166207179807e-05,0.974947365839744,0.0247685679856432,0.000265849553895031,2
"21253",5.24445970634761e-06,2.82882159458744e-05,0.0435792809365978,0.95638718638775,4
"21256",0.000206418535917513,0.00509982921987643,0.79947593984201,0.195217812402196,3
"21260",0.995761215732698,0.0042254014296783,1.21305513088096e-05,1.25228631481127e-06,1
"21266",0.000260371499748712,0.981048637465544,0.01867383400675,1.71570279575679e-05,2
"21332",4.18762838362391e-05,0.992073587291462,0.00783645462327046,4.80818014311922e-05,2
"21334",0.00267502995870359,0.00625951140406666,0.991005730868669,5.97277685612324e-05,3
"21375",0.000472501285343762,0.999367847851497,0.000158160328411146,1.49053474800283e-06,2
"21378",0.0027081949718732,0.997285747694559,5.85401428029808e-06,2.03319287376362e-07,2
"21381",0.0106118324884764,0.989114971015908,0.00026065552279035,1.25409728255386e-05,2
"21389",2.58835058630178e-06,0.000373956467085029,0.982200104267018,0.0174233509153107,3
"21391",0.000468323159641947,0.959256883715839,0.00753119340394687,0.0327435997205721,2
"21402",4.62569296139071e-06,0.996989472375906,0.00299303169185587,1.28702392771571e-05,2
"21404",0.347753203933094,0.631410495509795,0.0208358520745613,4.4848254929769e-07,2
"21409",0.0457729116423816,0.887187990989517,0.067035357694055,3.7396740468385e-06,2
"21413",0.0320538147937752,0.157265615262952,0.810677134042232,3.43590104062223e-06,3
"21423",0.00251029501511152,0.996964178792143,0.000524391510797466,1.1346819475355e-06,2
"21425",0.0262741365456029,0.745352351781752,0.228367993564343,5.5181083021102e-06,2
"21430",0.987653758276488,0.00341035700089059,0.00889191362022034,4.39711024014406e-05,1
"21432",0.000132056453186236,0.947748060708878,0.0521009812393681,1.89015985676889e-05,2
"21438",0.000592791250642951,0.997918440182175,0.000852362909397754,0.000636405657784735,2
"21440",0.0024109271413871,0.808320013169017,0.189178400938038,9.06587515582965e-05,2
"21443",4.77200074302531e-06,0.00025060556731144,0.989752078972875,0.00999254345907055,3
"21445",0.998812039977674,0.000490437548368335,0.000693186807540787,4.33566641736704e-06,1
"21447",0.00300152035818058,0.99694774693858,5.00037022781531e-05,7.29000960679309e-07,2
"21449",6.04612888461914e-06,0.999155183802139,0.000825222372256596,1.35476967200304e-05,2
"21451",6.04612888461914e-06,0.999155183802139,0.000825222372256596,1.35476967200304e-05,2
"21455",6.40709556846226e-06,0.99908491427535,0.000907092157975825,1.5864711054103e-06,2
"21469",0.125136499972435,0.874853371636523,1.01014714670471e-05,2.69195746021114e-08,2
"21471",0.267177495924813,0.732184789653838,0.000637199971008258,5.14450339838219e-07,2
"21473",0.00594714129106678,0.0579059552927652,0.468292054300493,0.467854849115675,3
"21476",0.00795655139866633,0.128336494761073,0.863229716231899,0.000477237608361105,3
