"","V1","V2","V3","V4","V5","V6","V7","V8","best$classification"
"19811",0.93487685424152,0.000483600965137425,5.3279164120478e-09,0.000930277568283867,1.02741522699908e-07,0.00325580491337271,0.0604530100130135,3.44229233598069e-07,1
"19813",8.50743579303184e-06,2.51141415931775e-08,7.59009493328309e-08,4.08880900925957e-06,4.63892844282391e-10,1.19632081744912e-06,0.999986101964406,3.99099082836057e-09,7
"19815",0.957585313351102,5.92675633720609e-06,6.30041903118723e-09,0.00844826901879099,0.000534769577296892,0.0332168429990998,1.869872456089e-06,0.000207002124497829,1
"19817",0.991830362672067,0.000331961997725154,3.09867925621756e-10,0.00349463726750516,8.48480976587824e-06,0.00432247368090043,6.86538011689359e-06,5.21388205218814e-06,1
"19819",5.58334746008692e-06,1.53631488057841e-07,0.00672899923721096,0.0571067242715802,0.128035077206968,1.29196198988428e-05,8.61754330523608e-11,0.808110542599218,8
"19821",0.957471241057556,0.0158871092248726,1.42238698060493e-07,0.00828529350835294,1.21835048592957e-07,0.000687127589105063,0.017628793817565,4.01707288020367e-05,1
"19823",0.900718968444355,8.92264980316753e-05,1.95721671788825e-08,0.00275487271978834,0.0956327606101788,0.000771982657490694,2.88101197685815e-06,2.92884860113395e-05,1
"19825",0.000649011908130879,0.759589758233727,0.212195615780009,0.00693802580998968,7.74060863979562e-05,0.00272592863780225,0.00153259509795718,0.0162916584459858,2
"19827",0.695142193958144,0.302348613124555,2.36980748173108e-08,0.00237843278419295,6.38409033597819e-05,5.02405780240747e-05,3.81622377664894e-07,1.6273331272133e-05,1
"19829",0.000419243463918648,0.00627967047132639,0.00228171317453574,0.778217968241174,2.47195619501348e-05,0.000133580048133799,1.27517538884093e-06,0.212641829863573,4
"19831",2.84467342989685e-05,1.67390250146404e-07,0.0231016204375676,0.747368220490937,0.114178643417325,4.07542136433128e-05,2.40671918009231e-07,0.11528190664406,4
"19833",3.08803389366052e-07,1.24359930337928e-05,0.00164531219694458,4.05360200601292e-07,0.997063392548119,0.00127301882916281,9.18474510616701e-07,4.20779463849114e-06,5
"19835",0.957471241057556,0.0158871092248726,1.42238698060493e-07,0.00828529350835294,1.21835048592957e-07,0.000687127589105063,0.017628793817565,4.01707288020367e-05,1
"19837",0.962236565664638,0.0192822717801983,5.34014807158146e-09,0.0183659158681211,5.17983965188256e-06,7.65245604868134e-05,2.82958939634679e-06,3.0707357359188e-05,1
"19839",0.000795771384324272,0.0180406824833211,0.382586118336029,0.555159028636542,4.96874731306943e-06,0.000879512722820605,0.000515831551786108,0.0420180861378636,4
"19841",6.432001697728e-06,0.999931383536693,4.35256270409569e-05,1.43315455445006e-06,3.23634100346781e-09,2.91778238620388e-08,1.67709603605972e-05,4.22305488574024e-07,2
"19843",1.36203150948837e-06,6.59784436631996e-09,0.868679571071738,0.0362363264090896,7.7366766631225e-06,0.00196399450981035,0.00435164917822784,0.0887593535251176,3
"19845",0.0330059635182494,4.22347327656523e-06,1.64431220283418e-09,2.24907802250657e-05,2.72980940661612e-08,0.000198496922609093,0.966768777982058,1.83811750362144e-08,7
"19847",0.858429518812701,8.90886195780368e-06,5.69895166402587e-07,0.0859953783319971,7.40270213778284e-05,0.0448297050400158,0.0103097916327446,0.000352100404039503,1
"19849",2.25941679913275e-05,5.0389501596375e-08,5.48044243424471e-09,3.47475005933286e-07,1.4917210576556e-10,2.39783947178834e-07,0.999976762235989,3.17949954705124e-10,7
"19851",0.997786244596905,1.42636339889607e-05,1.01105128311255e-10,0.000710697031436211,1.04726886845603e-05,0.00145573923016113,2.1136928724127e-05,1.44578899520077e-06,1
"19853",0.979206092757789,0.000155723628624091,8.32971346501093e-11,1.69429479767173e-05,6.14541748389577e-05,0.000198013056115509,0.0203617664673985,6.88396076944098e-09,1
"19855",0.996722564889219,0.0017053920354475,3.65506207560523e-11,0.000269642312716788,2.26109419960504e-06,0.000231576665315776,0.00106851756187852,4.54046722553503e-08,1
"19857",0.606707734862443,0.0148890170628939,8.70584190102151e-07,0.350700894638255,6.94237297396369e-07,0.010924371798012,0.0165710480779757,0.000205368738932124,1
"19859",0.952042881232696,0.008901710982589,2.67741830162639e-08,0.0355510642069224,8.37125795311416e-05,0.00336907090652449,1.27682108064855e-05,3.87651067473382e-05,1
"19861",0.794808841875901,1.74799368881283e-05,3.66846928331172e-09,0.000866420043374033,5.29284795917899e-07,0.00119773620426637,0.203108646195338,3.427909671953e-07,1
"19863",1.81240927659189e-05,0.00709778153068677,1.90518859585676e-06,1.11326769930569e-07,2.03097566797451e-10,6.39035459898632e-07,0.992881438065767,5.56857051173017e-10,7
"19865",0.00193215848170203,0.998059569101452,8.19200270041738e-09,3.90722451826412e-06,6.8199285182588e-09,3.55052079381257e-06,7.0790249016114e-07,9.17571125699215e-08,2
"19867",0.960397791030501,1.30731091188327e-06,2.97364118639094e-08,0.0063458929469097,1.78383155810115e-05,0.0227838412184298,0.0104005310773862,5.27683638678925e-05,1
"19869",0.00354951636084458,1.60045155405835e-05,4.27654825044699e-10,2.06047158192622e-06,4.62881740184415e-10,1.55317789669298e-06,0.996430864089476,4.9412332503174e-10,7
"19871",0.87206643198098,0.0326370284053568,2.12691127111874e-08,0.0942095948855981,7.80435879870818e-05,0.000869018048437664,1.81039115612517e-06,0.00013805143137145,1
"19874",0.271453783404027,0.72790206506209,6.52931416269022e-09,7.10685417149249e-05,3.71392128853969e-06,0.000564520245524808,4.31417629326828e-06,5.28119747335053e-07,2
"19876",0.849320410027368,0.150279009265712,1.38245033337038e-10,5.42888065725069e-05,7.37066885760983e-08,2.43295666619206e-05,0.000321862385797389,2.61029547598142e-08,1
"19878",0.000179562524479597,1.10683203202752e-06,7.23267705532201e-05,8.86352335647486e-05,1.50023067657365e-05,0.997283231380499,1.81272695306924e-06,0.00235832222515267,6
"19880",0.00153722114870162,0.998452984828193,6.02398600373154e-10,4.05699053242333e-07,1.80882524810116e-09,9.8598543499294e-08,9.2862708058604e-06,1.04347909318281e-09,2
"19882",0.645016703990039,0.00060265498725696,1.32002056285672e-08,0.000130055930569152,9.86348634358435e-07,0.0169529152513652,0.337296204678123,4.65613806659532e-07,1
"19885",0.866049312192322,0.000357811562673246,1.67233029810163e-08,0.124047660718424,4.66344037011527e-06,0.00908771509279059,9.15552835988628e-06,0.000443664741756854,1
"19907",0.863710029473816,8.48473640970677e-06,1.3796359182965e-08,0.00147736288029957,2.71668302646622e-06,0.0245389562768198,0.110248336039933,1.4100113336151e-05,1
"19909",0.000433819977832922,5.00492288814041e-07,5.66230996220741e-05,0.982502571116389,2.66917005362422e-06,6.06807867745428e-06,1.78681486032471e-05,0.0169798799165328,4
"19911",0.00211226882898581,0.00510259645783027,0.00138309349775679,0.969472903537664,0.000130797103448854,9.26136765613004e-05,2.71427732140686e-06,0.0217030126204319,4
"19913",1.00453200298662e-05,0.999989535644432,1.23010226799036e-07,1.22956158745363e-07,7.44247212785321e-09,1.66799110340937e-08,1.42170202463649e-07,6.77656743190642e-09,2
"19915",0.733460821671874,0.266251685041517,5.0525747184444e-10,0.000124973038063899,2.69097875537917e-06,0.000157420214050566,1.91669048676597e-06,4.91859995663984e-07,1
"19917",0.010222591229357,0.989605520675925,2.13933415270442e-07,0.000136707843024067,3.28828860361764e-07,3.22567274635373e-05,1.44902095414413e-06,9.31741000987103e-07,2
"19919",0.888861791557625,0.103725282267092,8.31098783356209e-09,0.00272968636581479,2.02060149543655e-05,0.00464774122281222,1.17890613544219e-06,1.41053545777944e-05,1
"19921",0.985946294965678,4.3502354083895e-06,1.11083310611523e-09,0.00396320056026516,5.74971300514158e-06,0.00975691200543165,0.000314025770642515,9.46563873605594e-06,1
"19923",0.00530903718738932,3.6388100680165e-08,1.27001184730861e-06,0.000427427248266342,0.000418422038584454,0.993409604057434,7.82775508652392e-06,0.00042637531329134,6
"19925",0.0718319379655383,0.92800668090259,4.65606452434135e-09,4.48763239288916e-05,6.79324520149053e-07,0.000114702867441355,6.60072819388368e-07,4.57887097675649e-07,2
"19927",0.997897114959523,7.41052694245302e-05,8.95522233926963e-11,0.00165239195065024,4.60605730801316e-06,0.000344553040099024,2.62004933410953e-05,1.02814010227854e-06,1
"19929",0.000134561817196726,0.600401846063389,2.03930450871446e-06,5.36968473286782e-07,3.66504017679784e-10,1.50166946545087e-07,0.399460864063313,1.24966879548956e-09,2
"19931",0.992084306561724,0.00038246044079604,3.92112914201249e-09,0.00639538218516155,4.39010836045801e-05,0.00105772167697845,7.30713389597289e-07,3.54934172169372e-05,1
"19933",0.0800647631295143,0.00025337194917249,8.83979654538678e-06,0.848199261800894,0.000284396113400934,0.000140533623979009,1.57174840382486e-07,0.0710486764116534,4
"19935",0.694179385643513,0.000935577551054609,1.19971597610539e-05,0.271705041717948,2.79699802870487e-06,0.023620242756463,0.000710078931020289,0.00883487924221237,1
"19937",0.992681770703011,6.25961539343188e-06,4.287403161801e-10,0.00277112653139201,0.000179716368733539,0.00433949911621916,2.67954535370488e-06,1.89476911572469e-05,1
"19939",0.708919749664337,0.000747960775228325,4.47159863878176e-09,0.00128402685804637,3.41928582245964e-05,0.288916949298717,5.0672624934976e-06,9.2048811355448e-05,1
"19941",0.00146464662233919,0.0279762174522751,0.0535590582802156,0.885270985484715,1.13019455799503e-05,7.52864554700721e-06,7.53979960408414e-05,0.0316348635732878,4
"19943",0.00064596074977582,0.999351905159348,3.35831510844535e-09,1.22432280603868e-06,9.7330814596766e-08,7.28617875130271e-07,5.40879449821749e-08,2.63731202182011e-08,2
"19945",0.01628585288185,9.97290674156246e-06,7.39735118751511e-05,0.86600162586176,0.00078185067622334,0.00345501878417646,6.17125578831628e-08,0.113391643664815,4
"19947",0.00394089614125722,0.628283069116075,0.00187751864033307,0.352395292767472,3.59346009742869e-05,0.000171200226624113,0.0102447595889891,0.00305132891827447,2
"19949",0.0200607328877229,3.73313426901818e-07,3.43759666934197e-06,0.00415145827272898,0.001462692549532,0.956116634226199,2.96790810955962e-07,0.0182043743629096,6
"19951",0.248344592412843,0.6963742326532,1.86130183509558e-06,0.00111299070234699,9.0610285007914e-06,0.0540255102028479,6.99766023921881e-06,0.000124754038186842,2
"19953",0.000162911985286676,9.78881513775049e-09,0.000194246694607576,0.0232876174043757,0.909563116422529,0.000852311655761591,1.27912619687389e-08,0.0659397732573624,5
"19955",0.000347927875455562,1.03207578795166e-06,0.0185237454286192,0.523951162324851,0.0262479263882144,0.261949837733923,5.49494006571611e-06,0.168972873233083,4
"19957",0.0710218054231105,0.908009635476528,1.46847268535635e-06,0.0195347630094912,0.00121663184819315,0.000181946229012149,1.41107436895259e-05,1.96387972899177e-05,2
"19960",0.000298006024178286,0.000195543949607518,0.00232779644743857,0.646173057283578,2.26194848441066e-05,0.00304366058758156,1.92048111002901e-05,0.347920111411672,4
"19963",0.00022617208435838,0.943040498054207,0.0105218023175979,5.18097452184807e-05,0.0461264517173472,2.35398696786791e-06,1.88107580249153e-05,1.21013362778077e-05,2
"19965",2.27762670207556e-05,1.03209629397742e-08,0.0552195560223367,0.147784852872599,0.000124364784291617,0.163848134229676,3.22603605702662e-05,0.632968045142543,8
"19968",0.00928056317150021,0.80675763815566,8.05944095466307e-05,0.00265847627957153,1.35131125239309e-09,4.02564121435124e-05,0.181145844827406,3.66253928606372e-05,2
"19971",4.2918366917637e-06,0.996831818657393,0.00239489730468254,1.90864234092883e-05,0.000622897373464862,7.66192866792286e-06,8.5932746728873e-08,0.000119260542943459,2
"19973",0.995073335709103,0.00209836705742326,6.33245621301253e-10,0.00211502735444012,2.63213803873628e-07,0.000675717139694944,3.44560023892212e-05,2.83288990023766e-06,1
"19975",0.0240454592507082,0.975745668974822,3.85267770109994e-08,0.000148649409933192,1.04726212730244e-08,4.06680835106298e-05,1.87582824393801e-05,7.46999188028241e-07,2
"19977",0.000329147075016808,0.998808730178369,0.000176800370212825,8.99175915497825e-06,1.48981442501639e-05,0.000615438788268554,4.28722579176416e-05,3.12142681005539e-06,2
"19979",1.2072073019051e-07,2.87908579797715e-07,0.0193504231451236,0.0280769746311391,5.76029317487787e-05,2.06142557733804e-06,5.12415987628026e-11,0.95251252918586,8
"19981",0.336925471233772,0.000137714814531339,1.31911435318329e-07,0.661625756976806,6.6807305033357e-06,0.000641601688343177,0.000488368796356457,0.000174273848252701,4
"19983",0.29610639124697,1.35285301126191e-05,2.22560389853234e-07,0.347971036421057,5.71822281209412e-05,0.353763043190217,0.000497382470571527,0.00159121335256046,6
"19985",0.25615337012587,0.743629502731828,7.14942103368327e-10,4.3427422824862e-05,1.34964290694764e-07,0.00013751538450219,3.5990883317359e-05,5.77724240226383e-08,2
"19987",0.627144124867629,0.0251827402798812,9.5238579412051e-07,0.344488952525839,4.60146710121066e-05,0.000222347043755141,2.87990051533685e-06,0.00291198832557375,1
"19989",1.50511197439015e-06,5.34540955213769e-10,0.00145432606632296,0.0215084294889077,0.000924298192999337,3.73240113567098e-05,1.18669887960943e-10,0.976074116475228,8
"19993",0.186413225846167,0.0131313353704453,2.66059479612063e-05,0.0394051001758313,0.000210993534017829,0.605564536407379,4.33515932867311e-07,0.155247769202265,6
"19995",0.11502650513804,0.00458201867377168,0.000548966329803242,0.567940007092141,0.000132191735198033,0.0409820573543245,4.28010781008941e-06,0.270783973568911,4
"19997",0.995700210854819,0.00334989624301244,9.10672470370986e-10,0.00048941985425851,1.25045064880977e-06,0.000428858475482708,2.98199329881343e-05,5.43278118263329e-07,1
"19999",0.978735626543608,0.0200392070132329,9.83724444467622e-11,0.000197798160025039,5.99835554629382e-08,5.86750694462854e-05,0.000968596629725062,3.65020345511672e-08,1
"20002",0.000351639458074459,0.544772725677812,0.0194855598691729,5.94818972577579e-05,4.45717946844991e-07,5.81064103790525e-07,0.435323993155452,5.57316018042784e-06,2
"20004",0.0141609919587668,0.000925693656972109,0.000219456943096139,0.96573144564196,5.89211063581579e-06,8.08624653293626e-06,5.77295288656729e-05,0.0188907039131711,4
"20006",0.00138255936182401,0.000435116273331876,0.00985733795349681,0.568602020037232,0.000838231133159246,0.330077894639538,0.000956460645932722,0.0878503799554855,4
"20008",0.00111207137298189,3.60809231665526e-05,0.0572468792129551,0.0041807789154549,0.000946508212757915,0.860346453662877,1.90032496400575e-05,0.0761122244501666,6
"20010",0.0035615922198932,1.14491284834471e-06,9.99029965958859e-05,0.15908517357219,0.0178771121022952,0.294082549122992,4.15791758442520e-09,0.525292520915268,8
"20012",0.200959051216977,0.785270438742789,7.75699576474136e-08,9.15529226889673e-05,6.44166471432045e-08,0.00289378428108587,0.0107829680840502,2.06276580361216e-06,2
"20015",1.01291756869106e-06,9.71664544886642e-09,0.0151053571589955,0.0231282661800383,4.48137103208529e-07,0.00124297902536249,1.62323525478229e-07,0.960521764540761,8
"20017",0.985736118094314,0.00990537439683031,3.03039044104763e-10,0.00129094311830346,1.16159769385761e-07,9.57037810087825e-05,0.0029715788464892,1.65300245652428e-07,1
"20019",4.28439040451021e-09,5.26232869628448e-10,0.0245103470634146,0.00140619862922752,0.000178069596482693,5.42301996163288e-05,5.64658159891598e-12,0.973851149694989,8
"20022",0.000462599472434802,3.56657175000155e-07,6.08722178069434e-05,0.680038906435704,0.000561456488771372,0.00314321624519735,3.89761390400213e-09,0.315732588585296,4
"20024",8.46498976491961e-07,1.52123072364768e-08,0.0669272447663233,0.0122430656893722,0.381999144267417,0.000187344116895643,2.25897474244205e-08,0.538642316858961,8
"20026",8.46498976491961e-07,1.52123072364768e-08,0.0669272447663233,0.0122430656893722,0.381999144267417,0.000187344116895643,2.25897474244205e-08,0.538642316858961,8
"20028",0.950556089273052,0.0492254346004685,3.44139186019759e-10,0.000104621020794988,3.40974555866769e-07,1.77644518136498e-05,9.56892971641731e-05,6.00380117986242e-08,1
"20030",2.74566711756226e-05,9.34562057845818e-05,0.110815749687129,0.409593181108667,2.43165016584299e-06,6.02801477434073e-06,2.53036578712363e-06,0.479459166296516,8
"20033",0.824935228491813,0.158023523797921,2.98954786141159e-08,0.0167945297820944,2.52229484087749e-06,0.000180421374296584,2.62605603907896e-05,3.74838031647815e-05,1
"20035",1.20399184724451e-08,4.42118863787776e-10,0.00337419804583057,0.00123166590039937,0.000223976997723223,6.73821930743441e-05,1.35219118837411e-11,0.995102764367413,8
"20037",3.03778599743466e-08,2.23776526772392e-11,0.0206547126412518,0.00553925962507853,4.33795514917031e-05,0.000443841876627524,1.36134593305769e-09,0.973318774543967,8
"20039",1.06175630107575e-08,9.42388523652829e-12,1.01981790751226e-05,8.69912543325238e-07,0.999524215101176,2.01936720982467e-05,1.46449365679772e-11,0.00044451249347576,5
"20041",0.00431553841532512,2.22011743336314e-05,2.27702114243463e-06,0.0185508916748258,0.00120702161200269,0.974222979710172,2.52986716684462e-06,0.00167656052503166,6
"20044",0.0302259842977067,0.00183216548336251,2.24213132360643e-05,0.121728226333629,0.011113568484959,0.816412657330815,1.69375265636747e-05,0.0186480392297281,6
"20047",2.21682393651315e-09,1.11192031278816e-08,0.249575949250906,0.00230506399194796,0.000731793801125397,2.3263952898249e-06,4.32417904822128e-12,0.74738485322038,8
"20050",0.00204624926950083,1.08070256211517e-05,6.01583600855714e-05,0.00235174199233561,0.437639899040575,0.385389735841056,2.54052748861363e-10,0.172501408216773,5
"20052",0.865826665151943,0.0250583201801952,1.14584248356693e-06,0.0850996459175377,0.00108935006206343,0.0211585028891952,2.61991629593021e-07,0.00176610796495172,1
"20054",3.16809960983205e-05,1.70892699197527e-06,0.00177001785082509,0.824691737597776,2.80134258337011e-07,9.74980223643242e-05,5.15049844709526e-06,0.173401925973239,4
"20056",0.00139142000785933,0.998560579583287,3.27545269366069e-06,3.27723047259916e-05,6.74589285410951e-07,1.20175171696872e-06,1.63832674321803e-07,9.91247775706482e-06,2
"20058",1.20796332310932e-06,1.47233123538517e-10,0.00236030313244916,0.0395278317452781,0.00029554892110662,0.00012122755658295,2.19206226470283e-09,0.957693878341965,8
"20060",0.995120472533983,0.000108106244480746,4.04621885836729e-09,0.00300704705956881,9.8954261171896e-06,0.00168131377351247,1.205363690312e-05,6.11072792163391e-05,1
"20062",0.657920720805872,6.52876883907358e-05,1.51083557673399e-07,0.0190246829615684,1.56817696541991e-05,0.321928250464426,2.05805647749286e-05,0.00102464466175645,1
"20064",0.00342472318740132,5.06220246873793e-05,4.60499271533647e-05,0.89028625527762,1.86040511906892e-05,0.000125219943025917,2.64788732422925e-08,0.106048499110048,4
"20066",9.23888293998776e-07,5.57112999038834e-06,0.0797223400919288,0.0721528811158435,4.17187600577104e-06,1.54852758435197e-06,2.02647357316112e-07,0.848112360722996,8
"20068",0.977809214823754,2.7358102082912e-05,7.26096054695044e-10,0.0013861016894238,1.5464896697802e-06,0.0192397874778168,0.00153392481278917,2.06587836740856e-06,1
"20070",0.970067701681192,1.31777656416953e-05,4.30101932766605e-09,0.0010238397563041,0.000348895896834463,0.0284867596408499,5.47854317787328e-05,4.83552637905513e-06,1
"20072",7.18368128873295e-05,1.12771007556483e-08,0.0213714429047922,0.417947664208346,1.34581605426385e-05,0.0169858801532914,0.00408860974102753,0.539521096742012,8
"20074",2.76389386644388e-05,0.999790436059563,1.05821631857997e-07,4.7122703658393e-08,7.14766130505433e-10,9.48081414934349e-08,0.000181675979214564,5.55315171607305e-10,2
"20076",0.0198647288320114,0.636796631461378,0.000187118975400762,0.0929258781104369,3.34326504424037e-08,0.000290134749056994,0.249802262080823,0.000133212358242005,2
"20078",0.00424990468070609,2.86247349037641e-05,0.000445006068024623,0.925159496435893,0.000821298949610005,0.00133824148371548,1.35872944920158e-07,0.0679572917742022,4
"20080",6.39291680531468e-08,2.29820636951164e-09,0.00211214547179716,0.00543119266705608,0.000107283835756581,3.4147248041926e-05,2.70452264908918e-12,0.992315164547269,8
"20082",8.7866914526573e-07,9.56244245353991e-09,1.76125830566687e-05,0.000117535162992338,0.995963031158247,3.10161800033169e-06,1.96086420130244e-12,0.00389783124415453,5
"20084",0.0024696719556882,0.0189536817731559,0.00820839874355972,0.862793075677351,0.00657868410471577,0.000202037463753538,4.83004481635737e-08,0.100794401981328,4
"20087",0.0041863824286069,1.83704715135119e-07,0.00163920839493708,0.729105626369924,0.000314061635636156,0.0698570294202335,1.4420933538276e-05,0.194883087112409,4
"20090",6.48373923299649e-07,1.1354587118187e-08,0.000755474266500062,0.00143609832432018,0.00197181647896617,0.00629994701180198,5.30943231382179e-12,0.989536004184592,8
"20092",0.00844147969371175,1.52288981907045e-08,1.48911735258871e-05,0.035510683672709,0.741587215881365,0.213202516864556,0.000244899970109504,0.000998297515124187,5
"20096",0.235567659618137,0.00426837768201556,1.28421354586743e-05,0.0433777733305173,0.646304606817621,0.0700618568079073,3.3530816771725e-06,0.000403530526665913,5
"20098",0.863532454760188,0.13392236126246,3.51571205406234e-09,0.00223129721098805,5.4911008271723e-06,0.000293091069681591,2.91145827835293e-06,1.23896218637754e-05,1
"20101",1.56990573135251e-05,8.30111261389701e-05,0.0161657949595163,0.0838001299350862,0.000527378011433115,0.000171615500793171,3.44006351339085e-10,0.899236371065712,8
"20104",0.389785287467199,0.000749283861537716,1.38646245760123e-06,0.00403653308817855,0.13131903852921,0.00321419184048226,0.47089280403464,1.47471629454666e-06,7
"20106",9.47624349173389e-05,2.35345116018009e-05,0.000439862844768025,0.0896436602411772,1.36165788874492e-05,0.0022303597751744,1.17242005853253e-09,0.907554202441054,8
"20108",0.98509568730635,0.00720770753867172,1.32552486333079e-08,0.00754309424179001,6.49350300653691e-07,2.65483796738379e-05,0.000119619314788763,6.68061317665877e-06,1
"20110",0.265499000354698,0.101525347185935,6.74626916775234e-06,0.0033900937816352,0.234692082742253,0.393800818133499,9.75909030920719e-08,0.00108581394190935,6
"20112",0.00212771043403216,6.66425468385264e-06,0.00026361811447973,0.0244727034871878,0.004217546864376,0.15074186472074,4.30149799405134e-09,0.818169887823002,8
"20114",0.00774972717442934,0.0189288025252724,0.0002652950659748,0.948755342364893,0.000334607044182699,9.08097102854598e-06,2.15645037944052e-07,0.023956929209181,4
"20116",0.000588668262799977,0.00738047709856223,0.002501333014189,0.947435193444875,9.52891156965969e-07,2.35326337283582e-05,6.56774107900843e-06,0.0420632749136091,4
"20118",0.338491879288165,0.0333092603960393,1.35701382802006e-06,0.625577492573713,0.000131825722198374,0.000290980004613149,7.72758198621571e-07,0.00219643224324541,4
"20120",0.00102970590324911,0.000302876697432195,0.000131916090332226,0.0782473338513524,0.0104423876314682,0.00176516999708116,1.8180597401549e-10,0.908080609647279,8
"20122",0.000834118474230221,0.999133074594401,2.69330275016515e-08,2.66772758842779e-05,6.29366209069097e-09,2.73708485203989e-07,5.77506038123664e-06,4.76599283171841e-08,2
"20124",1.13074882996907e-06,7.80092122182425e-10,0.0368750534380864,0.246437352718286,0.00148676328947371,0.000922448203972397,3.60643232364428e-08,0.714277214756937,8
"20126",1.28011823892861e-07,4.27457817999245e-08,0.00180148261290884,0.00098881007421753,0.995987294073297,2.10168678376789e-05,1.47614234804186e-08,0.00120121085270975,5
"20128",7.39196176312642e-10,1.94411986593161e-10,0.56558603141183,0.000299552102439736,0.223764880744297,3.54254612293718e-05,7.28737728617138e-11,0.210314109273722,3
"20141",0.902667096020835,0.047437866278299,9.93793579691576e-09,0.00379972776076419,0.0458886835572761,0.000132318005408849,7.29250598383617e-05,1.37337964291928e-06,1
"20143",1.48120019461408e-05,0.999982419403515,2.11027766874372e-08,4.39425576825811e-08,1.0161056974707e-09,8.70439235378315e-09,2.69300599198743e-06,8.2271425909586e-10,2
"20145",0.00127568412000915,1.70619676973559e-06,2.72303417409639e-05,0.236167188314644,0.00190396083778389,0.00305580123785302,2.42107337103182e-10,0.757568428709092,8
"20147",0.000164524671051848,1.45225257957725e-06,0.000148586881289708,0.714495077195571,3.96617215794981e-05,0.000240092497945983,2.94004962570682e-09,0.284910601839932,4
"20149",0.000895904821367832,0.999098013105098,5.24516041445225e-09,2.26751645830533e-06,1.470616727744e-08,4.51519226635174e-07,3.33818097003812e-06,4.90555154530412e-09,2
"20151",0.959335625776801,0.0387818269717016,5.24845664295421e-09,0.00141971206569208,1.88511865978104e-06,0.000442450209453517,2.15624626137592e-06,1.63383629742217e-05,1
"20153",0.449403889802585,0.537064137900272,3.42173982551519e-07,0.00105160395873366,0.00952345725398698,0.00265760024419178,2.01176835169471e-08,0.00029894854856489,2
"20155",1.39155391898217e-05,1.43156702735429e-07,0.000819985053642842,0.186439305297146,4.77767386943277e-05,0.0240345794834182,1.06231838691941e-08,0.788644284108022,8
"20157",0.627783725969515,0.37172422218283,8.66808721777666e-09,0.0004296523430186,6.43915935389158e-06,4.58446092918377e-05,1.91813791273127e-06,8.1889299909068e-06,1
"20160",2.48602636258696e-05,0.999974642725604,1.88201442896716e-08,1.00506308556294e-07,2.90184159314122e-09,1.24091071039086e-08,3.60009766857261e-07,2.36360179931446e-09,2
"20162",0.00436985445488462,0.995624009873477,4.58752590197467e-10,9.98655308901943e-07,5.58661910555283e-09,2.63351028965928e-07,4.86499660449748e-06,2.62332427050688e-09,2
"20164",0.0541795039836566,0.944843602653874,2.46222333076331e-07,8.74334611356512e-05,8.97560336978626e-06,0.000872535781555815,1.51601309649097e-06,6.18628097780412e-06,2
"20166",1.16646867257984e-05,0.000601902134317464,0.646490236134548,0.0645469583640679,8.44882016892871e-07,3.69362267304173e-05,5.23393435274533e-05,0.288259118228066,3
"20168",4.24762115078603e-06,0.000594151873408983,0.340405542054763,0.00061971291750368,5.87224089790907e-08,9.78755553002773e-06,0.658287842585591,7.86566696430768e-05,7
"20170",0.77368281707898,0.221090613955135,4.11005128205416e-09,0.00503203277801313,3.32339194089366e-05,0.000154246145676034,1.11638972719482e-06,5.93562300822693e-06,1
"20172",0.000232344829001572,5.6754886562727e-09,1.88150610071602e-05,0.587300878206902,0.000458959028258197,0.00091491740220815,5.02963643150503e-09,0.411074074767498,4
"20174",0.641415616688556,0.133770414106607,1.900075336805e-09,0.000199428637409976,1.35379134132985e-08,3.52054910921329e-05,0.224579281764915,3.787343148986e-08,1
"20176",1.98820820381934e-05,2.2226885986907e-06,0.000288244927733451,9.80435432870837e-05,3.9886225968407e-09,1.35847863013057e-05,0.999575079354462,2.93862895670845e-06,7
"20178",1.21963126642672e-05,0.99998753104544,3.14177312628915e-08,6.90764434053406e-08,5.81302932834447e-09,1.42407027810415e-08,1.48705493858068e-07,3.38849562944607e-09,2
"20181",3.53817724134177e-05,0.00540044841931649,0.0932081968542459,0.303949070664856,3.04616857119939e-06,9.08611991158496e-06,4.46972269193551e-07,0.597394323028416,8
"20183",0.919028205246917,3.90141545748582e-06,8.66027573689897e-09,0.0718236750059652,0.00134593936520707,0.00738682690263809,3.63877790283438e-06,0.000407804625636457,1
"20186",0.608460030100434,8.0528151486988e-08,1.56119639278289e-06,0.170761020615556,0.00636738437966674,0.205675066628857,0.00521832353953091,0.0035165330114109,1
"20188",0.000235113050048787,0.99976437158057,5.42209661590068e-09,1.30110752034576e-07,8.63504890811897e-09,8.65845373703936e-08,2.80946619913006e-07,3.67032686630202e-09,2
"20190",2.31730011907914e-06,6.99638862259551e-08,0.00173796762797463,0.0335979895885427,2.5340223288401e-06,5.09998417180078e-05,3.44526123803004e-09,0.964608118210169,8
"20193",7.80577537841275e-05,0.897243348256737,0.093396501553914,5.06026366691466e-05,1.17824811110662e-07,0.000142232616174428,0.00900276086637026,8.63784915404439e-05,2
"20195",0.211244555640359,0.783614291668049,9.90579467309218e-07,0.00136960150484897,9.22670938755661e-06,0.00358428862748652,1.61530839699114e-06,0.000175429962005389,2
"20197",0.000188778932697826,1.89996432833069e-08,0.00017361831287251,0.38018409051001,0.000173002572368443,0.0137884693378217,1.79098126790179e-08,0.605492003424774,8
"20199",0.0884881690986699,0.911423827902838,1.31794842785915e-09,3.14516832836647e-05,3.25598094446497e-06,5.24146277983768e-05,7.69528535510391e-07,1.09859982052355e-07,2
"20205",1.66028865917826e-06,5.62323722137952e-10,2.06567062874286e-07,4.47563392993073e-06,0.99959972987719,0.000288160181481989,1.24353404499184e-11,0.000105766876916501,5
"20208",0.979525852851013,0.00791076210394916,3.45919781302834e-08,0.00989948669749379,4.67635602528764e-06,0.00250885728977489,2.49235579076223e-05,0.000125406551857716,1
"20210",0.0163633919297868,0.983629105875529,5.21874767545317e-10,3.99011716713361e-06,3.32167051382637e-08,1.40483551291987e-06,2.05704606376908e-06,1.64573603086983e-08,2
"20212",0.169199658672808,0.830296985090885,5.66217059892978e-08,0.00024352638051387,1.92095572048071e-06,0.000246191138859536,3.32869143416257e-06,8.33244807302137e-06,2
"20216",0.000291107266851048,1.98679635133655e-05,0.000174189545788708,0.656519147919837,1.6318589752915e-05,5.79320121870288e-05,5.70095455620055e-08,0.342921379692525,4
"20219",0.00168922374887019,2.70854600668153e-05,0.000820456864018693,0.0905393233595876,0.714884671488456,0.00901766611607692,6.86256947258918e-10,0.183021572276666,5
"20223",8.11689139673022e-08,5.27787042616158e-11,0.796612580392189,0.00327291308751854,1.49164060669995e-05,0.00156859361524664,0.000164034237704747,0.198366881039581,3
"20226",0.0234755437681326,8.06908001739587e-05,3.93745998941389e-07,0.00107257249958907,0.000176720753711336,0.973212508965709,5.81889794007698e-08,0.00198151127770607,6
"20230",6.64976979511868e-07,5.80595576720327e-09,0.0048343464720105,0.0165792789549342,1.32840273539138e-05,2.02262862626955e-05,2.08511783470455e-09,0.978552191391386,8
"20233",0.000537467756473031,3.10701107826457e-06,1.62997164081882e-08,5.09221756323832e-07,0.999377695559986,8.10422436431426e-05,9.31253228991189e-08,6.87820238531562e-08,5
"20235",1.94908147600586e-05,1.70360216791359e-09,0.108292898496792,0.163604384758087,0.0265177178503712,0.15419844761493,6.59348612832156e-05,0.547301123900175,8
"20239",0.000941288522745193,4.00746323167397e-07,0.0226757565987378,0.630350168245725,0.000220896999475301,0.239660031550394,0.00108700484767769,0.105064452488922,4
"20254",1.24501789142041e-07,7.57532263808768e-10,2.0511000125922e-05,6.55805558993716e-05,0.990297959075937,1.63684126996404e-05,3.41465644527846e-13,0.00959945569567473,5
"20256",3.21819879411844e-06,1.00803538117793e-09,0.00241362950667956,0.661640008636082,0.000114266902921103,0.000189271363397771,7.3400652027176e-08,0.335639530983438,4
"20262",0.456363649831343,0.54252997251706,3.20120863906878e-09,0.00105231332603676,1.88082161212941e-06,4.74853845537778e-05,1.4686478805533e-06,3.2262703059389e-06,2
"20270",0.0148822194835397,0.00489447564749822,0.202060996280077,0.246963592093639,1.11344827696562e-05,0.000692477424476305,0.0023318457766524,0.528163258811348,8
"20284",0.379672327393305,6.87959401069841e-06,3.71754616764033e-07,0.00690214955256754,0.561319588229643,0.0479293133508299,1.43317784174857e-07,0.004169226807243,5
"20287",8.67688681781949e-09,8.31704116557678e-11,0.122959270491069,0.00181601173498583,8.54073969132543e-06,0.000547856612012504,5.27463370353467e-09,0.87466830638755,8
"20290",0.000720131791812926,6.11067548759275e-06,2.55094973691169e-07,9.11856566302852e-05,0.995529726856489,0.00159868593096714,4.40156605905336e-11,0.00205390394962344,5
"20293",0.00142868701764132,4.36520855328747e-07,3.56158718507474e-06,0.980237133865575,0.000240351815565663,6.01221736290899e-05,4.2082742950665e-08,0.0180296649368057,4
"20296",0.221818590774372,0.682536502684112,2.44298952100557e-05,0.0795125905737688,3.15737733696373e-08,0.000510904241839434,0.0154328063030187,0.000164143953905491,2
"20301",2.19655652704035e-09,4.12450185678972e-07,0.820604319533483,6.96324539754517e-05,4.44719079320953e-06,2.91617238072817e-05,2.49077854314863e-10,0.179292024202121,3
"20304",1.6975938686228e-06,1.36041466874146e-08,4.50735453229812e-06,0.000697080087653048,0.997384036304905,1.31554772777253e-06,6.75993457472261e-12,0.00191134950040633,5
"20306",1.10321421784149e-06,1.67013370633603e-10,0.00867108967200018,0.0286419432294612,0.00068281328122207,0.000113336052557506,3.05697142084827e-09,0.961889711326556,8
"20309",0.115922203837536,5.85874292110845e-05,5.83557334525622e-06,0.495144866746004,0.00276263369695008,0.123053495931174,5.52514247676631e-07,0.263051824271532,4
"20311",0.00104926664218884,0.000198854555197307,0.0103093300696627,0.784819562502861,0.000449534939873305,0.000508134620630948,3.77191081583354e-07,0.202664939478504,4
"20314",0.970875450760976,0.0125714222249719,1.46052073979731e-08,0.0156855805890611,3.53034718680016e-05,0.000643517802697184,2.60560364031581e-07,0.000188449984854327,1
"20318",6.06876192447803e-05,0.999924960398999,8.5137895145614e-06,2.42756686323116e-06,1.56607041048144e-08,3.37324485425528e-08,2.84316666213085e-06,5.18065563200294e-07,2
"20320",0.390103358339811,0.000828190271554149,1.57493927464313e-07,0.000767820071164218,0.00169283354550737,0.606374077516461,8.74779335123757e-06,0.000224814968224443,6
"20326",0.944922921351418,0.0308943227982908,6.12894565169492e-08,0.0236121875747113,9.39648308115108e-05,0.000278043379179358,6.35618851669091e-07,0.000197863157281331,1
"20328",0.761767181749944,4.44254817219624e-06,8.78399254345066e-09,0.00318905326179985,0.00212198849835541,0.232704571480274,5.1135738745332e-06,0.000207640103587555,1
"20330",5.24104951571735e-05,2.5878889450917e-07,0.00309467831090192,0.0168270718807446,0.00214880611060179,0.874676162024417,1.70200142639032e-07,0.103200442189141,6
"20336",0.00474559742538451,8.58571986720903e-08,1.03298740534504e-07,0.010254752625837,0.98187938946133,0.000748992667451925,1.33143877242242e-09,0.00237107733261853,5
"20338",0.000195609684516802,3.3619417342449e-05,2.82001183575453e-05,0.00780559299424617,0.987535303120002,0.00120168438358241,4.54738937422014e-10,0.00319998982721399,5
"20340",1.9275754547245e-07,5.51524938521357e-09,0.0396233779313625,0.0421768104594173,0.000129454346452221,5.94256055869209e-05,6.4552294889232e-09,0.918010726929157,8
"20342",4.14746454527401e-05,0.000141337668891715,0.0302439391298175,7.77143879093999e-06,0.948256977432544,0.0211806933305615,1.10224457816337e-05,0.000116783908160389,5
"20344",0.000368057096061963,9.54200218304238e-08,0.000720386213662723,0.273370873529025,0.000327981736958046,0.000168344589895332,8.08027477035089e-08,0.725044180611627,8
"20349",3.52212447078467e-06,8.18239653741849e-10,0.00705206328295043,0.21088791644191,7.48568210130988e-05,2.92176260095105e-05,3.79742639532913e-08,0.781952384911143,8
"20351",0.00305641873889149,6.75976215455637e-05,1.0393429328347e-05,0.935793877133681,0.00299359640458609,0.00110768048334989,7.8701609598175e-08,0.0569703574870085,4
"20353",2.44611260198108e-05,7.85210779141716e-09,0.000255570100414001,0.0109885403536192,0.0124571840817747,0.453404266592693,1.85305386397918e-09,0.522869968040317,8
"20357",7.64271435258162e-07,3.43112021755255e-11,2.03959160277761e-06,1.2929386279354e-05,0.997334970292203,0.00108461562035218,1.50620422521399e-11,0.00156468078875397,5
"20360",1.5611273879111e-05,2.42501793090196e-07,0.0167715023617665,0.000298324345801283,0.249237734354656,0.731846361055198,7.6127489315867e-05,0.00175409661759077,6
"20364",0.00716056899321643,2.62193303978974e-06,9.95862137886053e-06,0.101397090253573,0.001009511702916,0.149309591362498,5.66748771203095e-09,0.74111065146589,8
"20366",0.0011865404403481,1.50700313942722e-06,2.13766839014059e-08,0.000804300475759591,0.99771560296853,0.000144125851971538,9.43058096057713e-10,0.000147900940509548,5
"20381",0.00207685821392664,0.0109581149149707,9.24609471282124e-07,1.55285930851081e-05,6.46515216678684e-08,4.96739604902897e-06,0.98694353892313,2.6978457521743e-09,7
"20391",0.00607416892452241,6.21880240396887e-09,0.00234639151574424,0.19267912076784,0.0121412819535157,0.617574328666708,0.149538377989653,0.0196463239632146,6
"20394",0.961979793812257,0.000498855956633252,2.18902999052151e-08,0.0030264901941822,1.69951409933796e-06,0.032030790065996,0.0024593283658349,3.02020069773699e-06,1
"20396",0.168828187752309,0.00454125231988993,1.03526311496907e-09,1.44000274763442e-05,4.75898268605728e-09,5.92807606563771e-05,0.826556870524147,2.82127520216492e-09,7
"20409",0.116643354603168,0.118520783805274,0.00136114742630543,0.690910999206405,0.000499511117358574,9.59860280727726e-05,1.94542374426826e-06,0.071966272389672,4
"20411",2.29471396619499e-05,3.52200975824278e-10,0.000224388688391995,0.148672821426053,0.078534419028122,0.0129778366718411,1.33601660431746e-09,0.759567585357712,8
"20416",2.09186332253631e-09,5.35718040344129e-12,0.00955564819541425,0.000176615778187419,0.862112200044807,7.33365759021613e-05,1.56945795727109e-11,0.128082197292774,5
"20418",0.119284203093646,0.0241868580633454,1.10065003126492e-09,1.28065509123014e-05,2.196407723738e-09,5.92153573895984e-06,0.856510205348533,2.1107660973081e-09,7
"20420",0.00594547721083361,3.36177682827819e-05,2.30096254743589e-09,3.13609540315227e-05,0.993749964530234,0.000238429447641666,1.36314272281846e-07,1.01147374134039e-06,5
"20422",3.49604284624755e-05,9.01846248863816e-06,0.00162822122351112,0.00707650238493479,3.41506912643341e-05,0.00906386479513391,3.21492901797896e-09,0.982153278799276,8
"20424",1.22918188538304e-05,1.09078907374833e-09,0.000174505124196822,0.0851719706396676,0.0188963847982944,0.0350121791857577,4.5232414010929e-10,0.860732666890116,8
"20426",2.71719560670748e-06,4.05227672922267e-05,6.99333385673266e-07,5.4170003443993e-08,0.999942001220753,1.18651967731454e-05,4.35799108953503e-11,2.14007260603604e-06,5
"20428",0.00250289701632866,1.16786382264918e-06,0.000115780738158228,0.94239801905062,1.74427361444408e-06,0.0331868169215299,0.000388202052758773,0.0214053720831668,4
"20431",0.637742684023711,0.0743689011526114,8.29909980734416e-06,0.00705172639668642,0.00377971899081129,0.261711074716802,6.4532761772905e-07,0.0153369502919524,1
"20433",2.71849079661368e-08,5.61749164933359e-10,0.908054600291625,0.00370350790460564,4.81443942335842e-07,7.82715849304882e-05,8.26862022322751e-06,0.0881548424080165,3
"20436",7.68104486934809e-06,4.05974910399249e-06,0.0199529008948337,0.00640091038057241,3.48145409393951e-08,3.62674794531655e-05,0.973363033262629,0.000235112373997519,7
"20439",0.550411175895116,0.126943689840014,7.53938441222063e-09,8.58074950820779e-05,1.03941273771182e-08,4.58433676938248e-05,0.322513450668025,1.48005572533854e-08,1
"20441",8.22554220332844e-06,3.43753244391873e-08,4.63834959063593e-07,7.63264559224626e-05,0.99418542854618,0.0052418032562507,3.92491335395115e-11,0.000487717949910475,5
"20444",0.000116350104399349,0.999882587669122,2.83075108574958e-09,1.21244938539918e-07,2.11237545310203e-09,2.63719828059986e-08,9.08430269857458e-07,1.23616077256526e-09,2
"20448",0.840308054640244,0.115858372355456,6.86976596534672e-06,0.0418110941518503,0.0011344854588558,6.17620809804388e-05,0.00013170462958505,0.000687656917062942,1
"20536",0.0916010298983303,2.74676844825233e-06,3.04033611469686e-08,0.00326639622916513,1.91089482829767e-07,0.00492868208081537,0.900199123786741,1.799743656321e-06,7
"20538",0.00699870950959965,1.72290617237876e-07,1.84227931613906e-05,0.463810749777972,0.517268519475957,7.97897016168944e-05,1.23078596994122e-06,0.0118224056651059,5
"20541",1.55586102280667e-07,4.23586651060477e-10,0.00237664407457319,0.00459839305531968,0.0109772215391393,0.000627373847937054,2.82918085092311e-12,0.981420211470513,8
