"","V1","V2","V3","result$classification"
"19812",0.703095368955665,0.289579128505949,0.00732550253838554,1
"19814",0.987713937308065,0.0121415147515321,0.000144547940402526,1
"19816",0.0137001948420555,0.986269532684503,3.02724734409917e-05,2
"19818",0.9089772580429,0.0908344303244195,0.000188311632680294,1
"19820",8.75448031790055e-06,0.999759628531379,0.000231616988303278,2
"19822",0.000208096310365884,0.93735692788527,0.0624349758043645,2
"19824",0.0159973167480528,0.983767498434755,0.000235184817192551,2
"19826",0.824225154173829,0.175627136335514,0.000147709490656976,1
"19828",0.00203973948800317,0.997166334463689,0.000793926048307848,2
"19830",0.992610654654792,0.00424275174956765,0.00314659359564021,1
"19832",0.0778835408607466,0.33664738805164,0.585469071087614,3
"19834",0.0664370182098982,0.916064254639825,0.0174987271502772,2
"19836",0.291808743520285,0.70720958633768,0.000981670142035435,2
"19838",0.998463629069152,0.000980573054039579,0.000555797876808159,1
"19840",0.0960794019870695,0.903771428853861,0.000149169159069627,2
"19842",0.999071000569146,0.000904431757332293,2.45676735218172e-05,1
"19844",0.988735745654574,0.0110977085340151,0.000166545811410673,1
"19846",0.99994646103882,5.24574428501197e-05,1.08151833011634e-06,1
"19848",0.99988699696484,0.000108520117412,4.48291774836029e-06,1
"19850",0.999242827825282,0.000738369969477907,1.8802205239771e-05,1
"19852",0.22051340615439,0.778871176886236,0.000615416959374455,2
"19854",0.999794117132872,0.000190261876187609,1.562099094013e-05,1
"19856",0.989558298347296,0.010145922499175,0.000295779153528818,1
"19858",0.672291377035545,0.323618347713227,0.0040902752512286,1
"19860",0.31713166252732,0.682272315884711,0.000596021587969344,2
"19862",0.999946844514038,5.12356957265404e-05,1.91979023571679e-06,1
"19864",0.760885965861155,0.237172547716847,0.00194148642199721,1
"19866",0.00804789775700416,0.991873333207553,7.87690354426184e-05,2
"19868",0.00142842115372963,0.000131711308646246,0.998439867537624,3
"19870",0.998135850024672,0.0018441224600578,2.002751526964e-05,1
"19873",0.918974090769672,0.0809666321683427,5.92770619850879e-05,1
"19875",0.00215055192845392,0.996994243866185,0.000855204205360733,2
"19877",0.980771440482239,0.0190530487444178,0.000175510773343565,1
"19879",0.592572632382321,0.404725567000103,0.00270180061757547,1
"19881",0.966300145629223,0.0336353540395275,6.45003312491851e-05,1
"19883",0.975538134307096,0.0244430208174237,1.88448754807635e-05,1
"19899",0.24907870905083,0.735918542521094,0.0150027484280757,2
"19908",0.23589187263542,0.605008257334535,0.159099870030045,2
"19910",0.447443230306275,0.552274767994151,0.00028200169957346,2
"19912",0.999667455027296,0.000322462569293577,1.00824034103436e-05,1
"19914",0.554233099798779,0.433993715864646,0.0117731843365747,1
"19916",0.0137036200363537,0.985937399566868,0.00035898039677884,2
"19918",0.998963245022425,0.00103526931517573,1.48566239899626e-06,1
"19920",0.999713035363814,0.000283890296425496,3.07433976022621e-06,1
"19922",0.166646713817806,0.0641858709347312,0.769167415247463,3
"19924",0.978781439130194,0.0211679764045808,5.05844652250259e-05,1
"19926",0.0905092681644896,0.881602830076808,0.0278879017587021,2
"19928",0.99063667106409,0.00842460808974546,0.00093872084616429,1
"19930",0.991285558769067,0.00858844867011447,0.00012599256081879,1
"19932",0.999438320465225,0.000501661369167739,6.0018165606934e-05,1
"19934",0.0319858330060721,0.964284772580268,0.00372939441365949,2
"19936",0.9151537756334,0.0812511553934192,0.00359506897318103,1
"19938",0.00247717553842257,0.992811365083493,0.00471145937808465,2
"19940",0.827320212649403,0.17262487149615,5.49158544464457e-05,1
"19942",0.964500735402955,0.0352937791511278,0.000205485445917253,1
"19944",0.131168520556323,0.868589829137139,0.000241650306538327,2
"19946",0.847678862931874,0.152074169656536,0.000246967411589673,1
"19948",0.988978319740378,0.010997242683634,2.44375759873697e-05,1
"19950",0.999798558614798,0.000163287539939615,3.81538452619584e-05,1
"19952",0.988978319740378,0.010997242683634,2.44375759873697e-05,1
"19954",0.9983045805529,0.0016613997562237,3.40196908758529e-05,1
"19956",0.999463855339103,0.00011516070695991,0.000420983953936757,1
"19958",0.0191619017491418,0.00103722085059974,0.979800877400258,3
"19962",0.823704941755817,0.172874270767069,0.00342078747711455,1
"19964",0.937760450093219,0.0621680937821464,7.14561246350488e-05,1
"19966",0.0005186161647323,0.999268222831997,0.000213161003271087,2
"19969",0.994112417240484,0.00585267952084512,3.4903238671403e-05,1
"19972",0.998488014561766,0.0015041529520783,7.83248615555318e-06,1
"19974",0.999984622417667,1.49933723428149e-05,3.84209989864101e-07,1
"19976",0.972008719273818,0.0279279579528797,6.33227733021724e-05,1
"19978",0.244316531852636,0.755646501936616,3.69662107474876e-05,2
"19980",0.999916001927062,7.62581517393986e-05,7.73992119865359e-06,1
"19982",0.998388972974887,0.00142523260443276,0.000185794420680467,1
"19984",0.99662899655492,0.0033207204603002,5.02829847794865e-05,1
"19986",2.30110915265599e-05,0.99915839016528,0.000818598743193114,2
"19988",4.79468187579413e-06,0.998592940639165,0.00140226467895867,2
"19992",5.43817435685877e-05,0.998520504175984,0.00142511408044775,2
"19994",0.983887942915216,0.0156269374542987,0.000485119630485366,1
"19996",7.62407667380978e-05,0.999691829553564,0.000231929679697782,2
"19998",0.876600320056328,0.122779784001544,0.000619895942127029,1
"20000",0.956421056848906,0.00143325897190502,0.0421456841791893,1
"20003",0.886172056558547,0.111129458645298,0.00269848479615417,1
"20005",0.999943560727502,5.48894531920108e-05,1.54981930591212e-06,1
"20007",0.228663708021014,0.766155441467613,0.00518085051137307,2
"20009",0.00644827636015329,0.991970116760866,0.00158160687898044,2
"20011",0.988911917223646,0.0110574650538356,3.0617722518643e-05,1
"20013",0.997545711416104,0.00238434933993557,6.99392439599871e-05,1
"20016",0.000286234397210246,0.991136330288372,0.00857743531441792,2
"20018",1.1530474394173e-06,0.026238618225787,0.973760228726774,3
"20021",0.00511053313365751,0.9940364286576,0.000853038208742866,2
"20023",0.0507391586960513,0.946705858015279,0.00255498328866948,2
"20025",0.000156772649168148,0.617196803160607,0.382646424190225,2
"20027",0.996872462452338,0.00307234226916529,5.51952784967507e-05,1
"20029",0.99975908111721,0.000239800751609202,1.11813118079013e-06,1
"20032",0.996873018829425,0.00301230746657245,0.000114673704002281,1
"20034",0.973065278363818,0.0268572899980477,7.74316381339511e-05,1
"20036",0.943024546763797,0.0546937709012018,0.00228168233500114,1
"20038",0.00022666887004186,0.991347083208995,0.00842624792096327,2
"20040",0.000226785726729809,0.980111012603984,0.019662201669286,2
"20043",0.00238410582705653,0.996013554042477,0.00160234013046642,2
"20045",1.20616893460799e-05,0.987659570825774,0.0123283674848803,2
"20048",0.99926078000383,0.000544608839478127,0.000194611156691778,1
"20051",0.519053014738151,0.4531025868018,0.0278443984600487,1
"20053",0.0273565500863043,0.972388992694636,0.000254457219059332,2
"20055",0.00963944372089955,0.881627594433076,0.108732961846024,2
"20057",0.00428657952804823,1.63694593314058e-05,0.99569705101262,3
"20059",0.0170146938239668,0.978439707519574,0.00454559865645882,2
"20061",0.0883066683736928,0.910799919791071,0.000893411835236137,2
"20063",0.263865945030106,0.696881862946472,0.039252192023422,2
"20065",1.17999337851274e-05,0.233373340073936,0.766614859992279,3
"20067",0.00203986900130658,0.98030449750068,0.0176556334980128,2
"20069",0.999867491549838,0.000118028305741256,1.448014442059e-05,1
"20071",0.44703639261156,0.544013195083837,0.00895041230460293,2
"20073",0.996500741266569,0.00349012123408135,9.13749935018768e-06,1
"20075",0.000653615477861343,9.48456470488872e-05,0.99925153887509,3
"20077",0.0262633645017231,0.973457390192077,0.000279245306200049,2
"20079",0.681040925940184,0.314116710536983,0.00484236352283321,1
"20081",0.00523522960044165,0.866029207196048,0.128735563203511,2
"20083",0.943866398474367,0.0478962413464606,0.00823736017917247,1
"20085",4.61384776797331e-06,0.995033194258558,0.00496219189367381,2
"20088",0.000484675646334434,0.997619644441516,0.00189567991214929,2
"20091",0.0004150510367189,0.00766113769612481,0.991923811267156,3
"20095",0.755721875197624,0.24249600204352,0.00178212275885591,1
"20097",6.47907830363326e-06,0.983694350737153,0.0162991701845435,2
"20099",0.0456747440090609,0.954307270862079,1.79851288605023e-05,2
"20102",0.363783941346099,0.030775134476113,0.605440924177788,3
"20105",0.0164358497956431,0.982712709419302,0.000851440785054598,2
"20107",0.000791985681119686,0.998888369680394,0.000319644638486558,2
"20109",0.298032160444007,0.701889907644518,7.79319114745816e-05,2
"20111",0.573036843955684,0.000759889797972169,0.426203266246344,1
"20113",0.012010647571234,0.987521518029526,0.000467834399240183,2
"20115",0.997872874405685,0.00104057634116883,0.00108654925314603,1
"20117",0.0104642053191176,0.332158925550672,0.657376869130211,3
"20119",0.000566363785079966,0.999320500715029,0.000113135499891083,2
"20121",0.000114976011479576,0.99911852111436,0.000766502874160482,2
"20123",5.31048448618241e-05,0.00525646720442711,0.994690427950711,3
"20125",0.999177259928641,0.000751821461436179,7.09186099224688e-05,1
"20127",0.000130818030812746,0.999086767671646,0.000782414297541446,2
"20140",0.0423757252243069,0.622069166980259,0.335555107795434,2
"20142",0.999807149954015,0.000148021988027187,4.48280579575334e-05,1
"20144",0.984487833796674,0.000895017385749196,0.0146171488175765,1
"20146",0.9826282524556,0.0127869108554454,0.0045848366889541,1
"20148",0.942589181812427,0.0565917843463606,0.000819033841212126,1
"20150",0.999981194394061,1.79576822322357e-05,8.47923707224155e-07,1
"20152",0.827535298245725,0.171459852345282,0.00100484940899355,1
"20154",0.000146167567081062,0.063047995493793,0.936805836939126,3
"20156",0.308073700088561,0.673339862013302,0.0185864378981374,2
"20159",0.999836887749523,0.000134442253079029,2.86699973978902e-05,1
"20161",0.987833627184248,0.0111546508639464,0.00101172195180493,1
"20163",0.698509097858695,0.293938122969628,0.00755277917167713,1
"20165",0.69398257365296,0.304459355357323,0.00155807098971721,1
"20167",0.985977717072312,0.0139828244237691,3.94585039185844e-05,1
"20169",0.999609632017305,0.000288653408748259,0.000101714573946916,1
"20171",2.86376194357332e-05,0.0181704289230923,0.981800933457472,3
"20173",0.464638074533208,0.534999764452097,0.000362161014694956,2
"20175",0.99422285057615,0.00570245480024913,7.46946236008969e-05,1
"20177",0.0434525912242549,0.956494366836569,5.304193917616e-05,2
"20180",3.85836320921161e-05,0.9964436840806,0.00351773228730805,2
"20182",0.997023752862553,2.69328644011016e-05,0.00294931427304632,1
"20184",0.998333361157642,0.00163139122191002,3.52476204482167e-05,1
"20187",0.737578746712812,0.26233407570742,8.71775797676261e-05,1
"20189",0.0513005032965927,0.948670971088212,2.8525615195358e-05,2
"20192",0.0109196630051071,0.860961130708823,0.12811920628607,2
"20194",0.999149851204623,0.000829682457871149,2.04663375060825e-05,1
"20196",0.000266877654133348,0.837135552913564,0.162597569432303,2
"20198",0.472797450431827,0.51619504160492,0.0110075079632535,2
"20204",0.999821500750367,0.000144246162714051,3.42530869192517e-05,1
"20207",0.00105925969863735,0.901708079532294,0.0972326607690682,2
"20209",0.784741007432212,0.0108533385062467,0.204405654061542,1
"20211",0.000104018468365092,0.0040867008242513,0.995809280707384,3
"20215",0.0178909234158058,0.980086132009139,0.00202294457505511,2
"20218",0.999857944695855,0.000119195864790615,2.28594393546496e-05,1
"20222",0.0115702226555062,0.915645536928625,0.072784240415869,2
"20225",0.997906382229292,0.000905997481659106,0.00118762028904931,1
"20229",0.665421399627907,0.142790450925622,0.191788149446471,1
"20232",0.0447403116277643,0.931809241061824,0.0234504473104119,2
"20234",6.52292990592941e-06,0.879273727328316,0.120719749741779,2
"20238",0.00144374736421132,0.995930205147966,0.00262604748782213,2
"20253",0.000624021381407126,0.997926379185538,0.00144959943305444,2
"20255",0.992850681517439,0.00439761758821117,0.00275170089434956,1
"20258",0.000301670886139128,0.999527694081079,0.000170635032781559,2
"20269",0.162655068913818,0.837071599350015,0.000273331736166595,2
"20271",0.00125079165871852,0.998693548544216,5.56597970658323e-05,2
"20285",0.923014932220845,0.076751794942195,0.000233272836959764,1
"20288",0.0245244555877373,0.971868780722136,0.00360676369012704,2
"20291",0.000661678907357391,0.780363873533781,0.218974447558861,2
"20295",0.329428649033904,0.670193709970101,0.000377640995995165,2
"20298",0.999691506669468,0.000285426388038719,2.30669424932061e-05,1
"20302",0.997677940603489,0.00230377660696425,1.82827895463559e-05,1
"20305",0.999718895763211,0.000269207116077015,1.18971207118643e-05,1
"20307",5.88414753401963e-05,0.99901069708353,0.000930461441129433,2
"20310",1.11341691593676e-05,0.996084397392218,0.00390446843862243,2
"20313",0.999949779813161,4.49153219128899e-05,5.30486492604098e-06,1
"20315",0.00107494732733421,0.998675047539847,0.000250005132818701,2
"20319",0.000328098678019751,0.479869659776661,0.51980224154532,3
"20321",0.000587183012707661,0.999190724357697,0.000222092629595371,2
"20327",0.000251358645451174,0.999713749984198,3.48913703502552e-05,2
"20329",0.997636290735625,0.00235913430082351,4.57496355179397e-06,1
"20335",0.000106977940848279,0.878930557400982,0.12096246465817,2
"20337",0.99980172447822,0.000172444717004675,2.58308047754373e-05,1
"20339",0.0124163900181943,0.0261934662716361,0.96139014371017,3
"20341",0.000753049037404641,0.0523088659052122,0.946938085057383,3
"20343",0.000371713021021117,0.98481090049497,0.0148173864840085,2
"20345",0.944287331103591,0.0552378445393308,0.000474824357077808,1
"20350",0.310062069275009,0.465950791437791,0.223987139287201,2
"20352",0.999278950950741,0.000648026767199675,7.30222820590489e-05,1
"20355",0.971393874858081,0.0269482001193556,0.00165792502256288,1
"20358",0.999598271738453,0.000400110149641825,1.61811190498152e-06,1
"20363",0.00109139376695597,0.998702884569329,0.000205721663714938,2
"20365",0.0113279393909801,0.556929305642437,0.431742754966583,2
"20379",0.994989306628686,0.00287873534362135,0.00213195802769294,1
"20387",0.000646872942839767,0.996864908148921,0.00248821890823921,2
"20392",3.61874456444621e-05,0.00854704724692998,0.991416765307426,3
"20395",0.916271473432014,0.0823732450790343,0.00135528148895201,1
"20397",0.999725593325324,0.000264451240405431,9.95543427048588e-06,1
"20410",0.00311567011401324,0.995959341030241,0.000924988855745994,2
"20414",0.998023349498756,0.00195738225700606,1.92682442382349e-05,1
"20417",6.70409445425452e-06,0.154855163667211,0.845138132238335,3
"20419",0.000242662776499594,0.999749137218133,8.2000053678575e-06,2
"20421",0.965072246298725,0.0107389911035754,0.0241887625976999,1
"20423",0.998990595213209,0.000770695867284922,0.000238708919505903,1
"20425",0.996800928214581,0.00221906384298392,0.000980007942434852,1
"20427",0.806689652824027,0.193076753352726,0.000233593823247672,1
"20429",0.00201318931802801,0.991946540113052,0.00604027056891966,2
"20432",0.999770272519668,0.000227338820023492,2.38866030788963e-06,1
"20435",0.0552116201378548,0.918153979345621,0.0266344005165244,2
"20438",0.00372028665536352,0.996220246736257,5.94666083792906e-05,2
"20440",0.00119786685024647,0.998717957533943,8.41756158106086e-05,2
"20443",0.98336906575549,0.0146138841691056,0.00201705007540497,1
"20446",0.426963299354731,0.570719955743616,0.00231674490165231,2
"20449",0.0615392025908375,0.92207174515045,0.016389052258713,2
"20537",0.0132736318245325,0.746549492419978,0.240176875755489,2
"20540",2.79188357997748e-05,0.0231583657264576,0.976813715437743,3
"20543",0.648580968547852,0.349698164479409,0.00172086697273921,1
"20545",0.000113600172541333,0.00391585425060383,0.995970545576855,3
"20549",0.875806063943129,0.115684159190962,0.00850977686590905,1
"20551",0.0192598572144787,0.978111526307,0.00262861647852177,2
"20554",0.00653070678362872,0.993211389048299,0.000257904168072463,2
"20556",0.400382591117153,0.42319388617085,0.176423522711997,2
"20558",0.000184383702807556,0.999407549451894,0.000408066845298267,2
"20560",0.0462108106390806,0.953568550132341,0.000220639228578466,2
"20563",9.03830929735995e-05,0.999295960386346,0.000613656520680294,2
"20565",0.202936905875155,0.795016141348497,0.00204695277634856,2
"20567",0.999468119532819,0.000519091397545938,1.27890696352308e-05,1
"20571",0.0041865872469085,0.96703056709894,0.0287828456541518,2
"20573",0.041677536051057,0.952301504588222,0.0060209593607211,2
"20575",0.000103256605513719,0.999629368883506,0.000267374510980115,2
"20577",0.569089227780044,0.423999883423871,0.00691088879608551,1
"20579",0.999845366683048,0.000152911365023354,1.72195192825499e-06,1
"20582",4.23615999251794e-05,0.999656419755804,0.000301218644270687,2
"20585",0.00639835147534756,0.174961673637989,0.818639974886664,3
"20588",0.0182364944317585,0.0255227500655098,0.956240755502732,3
"20590",0.999966598812835,3.27530869889097e-05,6.48100175727351e-07,1
"20592",5.60863968222414e-05,0.999715362482879,0.000228551120299348,2
"20594",4.58128606180095e-05,0.999293229052781,0.000660958086601518,2
"20596",0.0320657826153381,0.96791526450143,1.89528832321274e-05,2
"20598",0.00819302820425834,0.991561112095847,0.000245859699894336,2
"20600",0.155351877400959,0.171759992526433,0.672888130072608,3
"20603",0.988880452965555,0.00384873508849636,0.00727081194594871,1
"20605",0.000308705521758097,0.998947237501502,0.00074405697673961,2
"20607",0.00152473485518968,0.998439274640261,3.59905045498645e-05,2
"20609",0.0196317278574875,0.980087515444886,0.000280756697626819,2
"20611",0.999559011390441,0.000425232368268642,1.57562412903855e-05,1
"20613",0.19051994455954,0.802770618943845,0.00670943649661486,2
"20615",0.416440299817824,0.497572540957132,0.0859871592250439,2
"20617",0.999815356952845,0.000148847678261855,3.57953688927505e-05,1
"20619",0.00019001437787003,0.999702807192994,0.000107178429135691,2
"20621",0.0153986736957367,0.983904080681978,0.00069724562228506,2
"20623",0.978822883749326,0.0211692062803692,7.90997030492194e-06,1
"20625",0.96157379367833,0.00425492831048687,0.0341712780111833,1
"20627",0.0563252656099748,0.942788953300821,0.000885781089203979,2
"20629",0.122582758300861,0.873041827666915,0.00437541403222362,2
"20631",0.00016076923037301,0.999481646482934,0.000357584286692919,2
"20633",0.99995878526598,3.76934546234701e-05,3.52127939667089e-06,1
"20636",0.997852847593763,0.00212941794287235,1.77344633644046e-05,1
"20638",0.485322544355409,0.394881455966671,0.119795999677919,1
"20640",0.000812682309125032,0.933932798121963,0.0652545195689125,2
"20645",7.88068433332984e-06,0.993439951229607,0.00655216808605993,2
"20647",0.999223600195499,0.000561228940817353,0.000215170863684017,1
"20649",0.0131668258153551,0.973479198700965,0.01335397548368,2
"20651",0.000154872101350318,0.994784008053609,0.00506111984504064,2
"20656",0.00234290043291917,0.956665829402167,0.0409912701649142,2
"20660",0.0105188031997818,0.132775875153823,0.856705321646395,3
"20662",0.998186693822353,0.00179885125408006,1.44549235667331e-05,1
"20664",0.144217555949986,0.855695572373187,8.68716768263579e-05,2
"20666",0.832254335370736,0.00672839639904927,0.161017268230215,1
"20668",0.999765735109021,0.000232009953957903,2.25493702094225e-06,1
"20670",0.00269177684487016,0.99664175279723,0.00066647035790015,2
"20672",0.999746340338936,0.000194260482396963,5.93991786672152e-05,1
"20674",0.060136900449476,0.939551443391353,0.000311656159171355,2
"20676",0.999957503935533,3.73697264227694e-05,5.12633804428213e-06,1
"20678",0.999969498251426,2.97881327395502e-05,7.13615833948027e-07,1
"20680",0.996701395653481,0.00322800970399612,7.05946425230524e-05,1
"20682",0.987212275064017,0.012755604713686,3.21202222968788e-05,1
"20684",0.0607906560236503,0.933854000499387,0.00535534347696274,2
"20686",0.9998106729401,0.000165007252534644,2.43198073655474e-05,1
"20688",0.999939742988962,5.9070955995406e-05,1.18605504237557e-06,1
"20690",0.00117719394994505,0.0976796744384609,0.901143131611594,3
"20692",0.999971747481632,2.69951201107023e-05,1.25739825706233e-06,1
"20694",0.999868657045661,0.000124100167057915,7.2427872805805e-06,1
"20696",0.997129479053199,0.0027936851839494,7.68357628519752e-05,1
"20698",0.131538874877634,0.857361369753247,0.0110997553691191,2
"20700",0.0117711149963019,0.987435344470894,0.000793540532804022,2
"20702",0.000176549064940893,0.193786885652658,0.806036565282402,3
"20704",0.0752684494045937,0.924014996383627,0.000716554211779256,2
"20706",0.720665671294777,0.273606035728461,0.00572829297676191,1
"20708",0.999648206588795,0.000348180101220725,3.61330998421951e-06,1
"20710",0.0120735381925448,0.687550364667664,0.300376097139791,2
"20714",0.999406980719396,0.000590952743662733,2.06653694122629e-06,1
"20716",0.00350519450378243,0.996267255198797,0.000227550297420258,2
"20719",0.235701930956508,0.763543931606256,0.000754137437235382,2
"20721",6.76149706783911e-05,0.999681645344558,0.000250739684763847,2
"20723",0.178115263075922,0.814447092865602,0.00743764405847592,2
"20725",0.980786667447585,0.0182025046439867,0.00101082790842789,1
"20727",0.99763152206544,0.000202275587382627,0.00216620234717684,1
"20729",0.999458707610738,0.000519207579669593,2.20848095918971e-05,1
"20731",0.989193766305456,0.00951495784379094,0.00129127585075329,1
"20733",0.0444662569444805,0.950434558280416,0.00509918477510317,2
"20735",0.16326964542775,0.80945615068021,0.0272742038920395,2
"20737",0.999878988345371,0.000120121561107181,8.90093522229023e-07,1
"20739",0.999938214491806,5.24650744208942e-05,9.32043377282733e-06,1
"20741",0.985317368092519,0.0145168694130242,0.000165762494457149,1
"20743",0.972811885644178,0.0269527901762471,0.000235324179574547,1
"20745",0.000486691010010653,0.998871493449596,0.000641815540392984,2
"20747",0.999362590021035,0.000610867418602263,2.65425603628916e-05,1
"20749",0.999721105633329,0.000254357624765865,2.45367419045828e-05,1
"20751",0.991601822171857,0.000389332978787284,0.00800884484935563,1
"20753",0.998970220267446,0.000998789303090401,3.09904294636925e-05,1
"20755",0.999200524733768,0.000791708841394453,7.76642483798859e-06,1
"20757",0.794450584591986,0.205489609194549,5.98062134654302e-05,1
"20759",0.00156985469240589,0.998351575699447,7.85696081471308e-05,2
"20761",0.917949486519651,0.0817463713930851,0.000304142087264386,1
"20763",0.878359919899932,0.119822504663613,0.00181757543645554,1
"20765",0.98887114888132,0.0109003301207959,0.000228520997884002,1
"20767",0.0167159997756448,0.982747455965547,0.000536544258807837,2
"20769",0.00875505417461001,0.4643985089549,0.52684643687049,3
"20771",0.929620110671952,0.0703653075029392,1.4581825108951e-05,1
"20773",0.929257519255873,0.0701270881624157,0.000615392581711777,1
"20775",0.979970048688564,0.0187475761331042,0.00128237517833131,1
"20777",0.466824760976055,0.0900063198188132,0.443168919205131,1
"20779",0.985084680697942,0.0142807414558012,0.000634577846256311,1
"20781",0.0681614752755224,0.000103503881144607,0.931735020843333,3
"20783",0.949096543136359,0.050853168679653,5.02881839880243e-05,1
"20785",0.997177160941779,0.00276194697488216,6.08920833384616e-05,1
"20787",0.99929996067376,0.000698948739966597,1.09058627356294e-06,1
"20789",0.224495606868459,0.773244852383596,0.00225954074794564,2
"20791",0.999954984338543,4.24470631090598e-05,2.56859834764826e-06,1
"20793",0.233366626339878,0.764557019505936,0.0020763541541865,2
"20795",0.999532881555465,0.000461812362856532,5.30608167802262e-06,1
"20797",0.911036967487579,9.9742931225284e-05,0.0888632895811953,1
"20800",0.999047930435142,0.000833324048094865,0.000118745516763444,1
"20802",0.970012038821664,0.0297557730655691,0.00023218811276673,1
"20804",0.999837796739062,0.000159889750527308,2.31351041058563e-06,1
"20806",0.999971022791648,2.74260036910716e-05,1.551204661083e-06,1
"20808",0.00468560670566886,0.995202060583647,0.000112332710683725,2
"20810",0.998255269924246,0.00171200202878331,3.27280469708916e-05,1
"20812",0.968306012292096,0.0183306659806988,0.0133633217272049,1
"20814",0.999978899100832,2.0622949774907e-05,4.77949393192137e-07,1
"20816",0.0207230389806317,0.968517995927496,0.0107589650918727,2
"20818",0.971779013423511,0.0278238781776117,0.000397108398877312,1
"20820",0.999771420964418,0.000171954351980907,5.66246836007128e-05,1
"20822",0.979512386070522,0.0203898855863701,9.77283431082027e-05,1
"20824",0.997695940217124,0.00223990812002676,6.41516628493898e-05,1
"20826",0.999835852708906,0.000135232216573814,2.89150745203854e-05,1
"20828",0.99926078000383,0.000544608839478127,0.000194611156691778,1
"20830",0.999519633648388,0.000444137715169827,3.62286364424638e-05,1
"20832",0.647786374810701,0.351843027847569,0.000370597341729971,1
"20834",0.00978802009375206,0.988290546713013,0.0019214331932352,2
"20836",0.993279836029832,0.00646947142687855,0.000250692543289759,1
"20838",0.999961201160567,3.7615868982531e-05,1.18297045012169e-06,1
"20840",0.0807689283437616,0.918602494947163,0.000628576709075822,2
"20842",0.996194449641977,0.00372223012410082,8.33202339223673e-05,1
"20844",0.922557321287559,0.0774171319269708,2.55467854700822e-05,1
"20846",0.982988233798778,0.016915437485917,9.63287153052444e-05,1
"20848",0.662035244056112,0.336265970087473,0.00169878585641569,1
"20850",0.074629166738568,0.925272528186203,9.83050752288563e-05,2
"20852",0.069516657492717,0.929075620908692,0.00140772159859135,2
"20854",0.999860237337855,0.000118953234753151,2.0809427391691e-05,1
"20856",0.0199691371564222,0.0332335926317503,0.946797270211827,3
"20858",0.0017851633091317,0.996931347135522,0.00128348955534587,2
"20860",0.899285658062239,0.100018436432063,0.000695905505697217,1
"20862",0.000236773315714215,0.999703776301554,5.94503827317557e-05,2
"20864",0.998825798549848,0.000921545612354031,0.000252655837797906,1
"20866",5.77804593736502e-06,0.99809047112982,0.00190375082424284,2
"20868",0.0108444673616181,0.986214175700309,0.00294135693807259,2
"20870",0.940305326117409,0.0578641399849085,0.00183053389768204,1
"20872",0.99797235981217,0.00196475672901477,6.2883458815314e-05,1
"20874",0.999944752081322,5.28531012138811e-05,2.39481746371598e-06,1
"20877",0.00358425484838046,0.980482609856915,0.0159331352947041,2
"20879",0.000187643926002016,0.997160643920042,0.00265171215395645,2
"20881",0.999503302786759,0.00046112889991187,3.55683133289596e-05,1
"20883",0.999668299719294,0.000142714699011868,0.000188985581694338,1
"20885",0.998652780650909,0.00117719510802406,0.000170024241066684,1
"20887",0.14092037688704,0.850920536927329,0.0081590861856308,2
"20889",0.984380646688839,0.0123906141235571,0.00322873918760351,1
"20891",0.000179707175218366,0.996015085150155,0.00380520767462705,2
"20896",0.0844213236201529,0.842407386868445,0.0731712895114023,2
"20898",0.956031104296572,0.04356151998469,0.000407375718737822,1
"20900",0.900396826123049,4.97141009394704e-05,0.0995534597760116,1
"20902",0.00681435817715971,0.237018456888324,0.756167184934516,3
"20904",0.867774654386472,0.122740988665317,0.00948435694821076,1
"20906",0.00297224090671727,0.980358150675608,0.016669608417675,2
"20908",0.977340807321015,0.0225547837528782,0.000104408926106952,1
"20910",0.982953740166843,0.017041026812617,5.23302054019988e-06,1
"20912",0.055917874287056,0.000166807819988946,0.943915317892955,3
"20914",1.78691383088218e-05,0.989189027428857,0.0107931034328344,2
"20968",0.982238177701702,0.00995034044428269,0.00781148185401551,1
"20970",0.0482382300225193,0.95093375037777,0.000828019599710577,2
"20981",0.0219389997663641,0.978045876760848,1.51234727879755e-05,2
"20983",0.999981248822171,1.75886973769781e-05,1.16248045164006e-06,1
"20988",0.00592298024095535,0.993908298646127,0.000168721112917314,2
"20995",0.0976617993212723,0.223476637257559,0.678861563421169,3
"21017",0.878259648818315,0.121699130624315,4.12205573704826e-05,1
"21038",0.00190879529986508,0.991343704606287,0.00674750009384812,2
"21072",0.0275445312782668,0.96680331837288,0.00565215034885333,2
"21075",0.000237327762111523,0.950772646661374,0.0489900255765142,2
"21223",0.84110640004069,0.154661011095268,0.00423258886404161,1
"21225",4.94424498324042e-05,0.000282245660210427,0.999668311889957,3
"21230",0.999976620572621,2.17349295235349e-05,1.64449785560483e-06,1
"21236",0.988364195619333,0.0115454345869417,9.03697937250952e-05,1
"21238",0.229664805443552,0.199966321519031,0.570368873037417,3
"21241",0.0042440164091823,0.995183101012625,0.000572882578192631,2
"21246",0.0283545616760088,0.971617147677744,2.82906462469328e-05,2
"21253",0.99980137097543,0.00017359017186355,2.50388527061866e-05,1
"21256",0.994815010834079,0.00502281575843514,0.000162173407486239,1
"21260",5.12246245536079e-05,0.00908845259771439,0.990860322777732,3
"21266",0.010318661530509,0.989370836428175,0.00031050204131623,2
"21332",0.00856456735004898,0.991372065426888,6.33672230634391e-05,2
"21334",0.933344838522672,0.0540688482487177,0.0125863132286103,1
"21375",0.000253487725628665,0.999086833874303,0.000659678400068181,2
"21378",1.76302834363367e-05,0.996437731210265,0.00354463850629883,2
"21381",0.00062551144036569,0.987955727389018,0.011418761170616,2
"21389",0.999204030532532,0.000791331955541974,4.63751192605346e-06,1
"21391",0.0475780709108432,0.951757306817316,0.00066462227184084,2
"21402",0.00326465173756497,0.996726732567833,8.61569460270282e-06,2
"21404",0.00418418597597449,0.741947306701191,0.253868507322835,2
"21409",0.0127745239481165,0.953286994548379,0.0339384815035047,2
"21413",0.222799432378078,0.694635633442203,0.0825649341797187,2
"21423",0.000530332125665207,0.996238348075624,0.00323131979871052,2
"21425",0.0425775585981481,0.93198306193944,0.0254393794624117,2
"21430",0.0109766165238596,0.00889002065845322,0.980133362817687,3
"21432",0.02028945611223,0.979551459761981,0.000159084125788918,2
"21438",0.00402268078862314,0.995090965955427,0.000886353255949884,2
"21440",0.074223309263025,0.923318894871749,0.00245779586522614,2
"21443",0.999350322013501,0.000640249601284734,9.42838521454038e-06,1
"21445",0.00108046599940895,0.00149430823705732,0.997425225763534,3
"21447",9.00455630499574e-05,0.996409835055022,0.0035001193819277,2
"21449",0.00154726750933266,0.998440827243788,1.19052468798747e-05,2
"21451",0.00154726750933266,0.998440827243788,1.19052468798747e-05,2
"21455",0.000862517894852489,0.999125888866763,1.15932383841661e-05,2
"21469",1.41120830467278e-05,0.87980026190859,0.120185626008363,2
"21471",0.000422292267187906,0.790205060210657,0.209372647522155,2
"21473",0.947198283375011,0.0486323414211817,0.00416937520380699,1
"21476",0.639501611781418,0.345549754087639,0.0149486341309431,1
"21478",0.940952794175367,0.0536697297383243,0.00537747608630888,1
"21481",0.998546977034529,0.00138967097789536,6.3351987575563e-05,1
"21490",0.00308668815637687,0.993162300867023,0.0037510109766005,2
"21493",1.65454639918485e-05,0.976587202614234,0.0233962519217743,2
"21495",0.250835721632657,0.743517713746115,0.0056465646212286,2
"21500",0.0138549549069561,0.985125089780001,0.00101995531304253,2
"21504",0.138672438416445,0.859942443519524,0.00138511806403118,2
"21507",8.71243622534998e-05,0.984636908555526,0.0152759670822207,2
"21512",0.0021175087298257,0.995937478990199,0.00194501227997502,2
"21519",0.967690290616082,0.0321834150129751,0.000126294370942417,1
"21522",0.129825494050497,0.00365599116248646,0.866518514787016,3
"21524",0.00398386038900018,0.995861891922724,0.000154247688275995,2
"21528",0.000164801076352483,0.998483114113133,0.00135208481051492,2
"21532",0.0698305628765518,0.860742194012948,0.0694272431105008,2
"21543",0.863190269033378,0.116346191693346,0.0204635392732761,1
"21546",0.0844078507688113,0.882609413655787,0.0329827355754015,2
"21550",0.000127242696754682,0.996768979477571,0.003103777825674,2
"21554",0.000379880979856907,0.999548506853168,7.16121669752415e-05,2
"21557",0.95194910298403,0.00839743723127112,0.0396534597846986,1
"21560",4.86164780339344e-05,0.983160597846205,0.0167907856757614,2
"21564",0.537538492645564,0.462356707864484,0.00010479948995197,1
"21566",0.000239299589826489,0.999233043006949,0.000527657403224231,2
"21569",0.0962096302115246,0.887368094037205,0.016422275751271,2
"21574",0.995739630499894,0.00285030308723843,0.00141006641286777,1
"21576",0.986525509309007,0.0134239400616904,5.05506293025328e-05,1
"21578",0.99970513560371,0.000271463974493283,2.34004217969123e-05,1
"21580",0.98300621418324,0.0169182470160999,7.55388006604675e-05,1
"21583",6.13703206250224e-05,0.998791875035,0.00114675464437476,2
"21585",0.999552242141329,0.000444147477760707,3.61038091033293e-06,1
"21587",0.997123389690465,0.00245082719410158,0.000425783115433008,1
"21589",0.995272980981014,0.0025965569157376,0.0021304621032485,1
"21593",0.581202593360712,0.00216397275176399,0.416633433887524,1
"21595",0.969556550547836,0.000631406283907762,0.0298120431682562,1
"21597",0.816691603378699,0.183174997320206,0.000133399301094881,1
"21599",0.999978370622464,2.11819121613458e-05,4.47465374152809e-07,1
"21601",0.32416785074925,0.612543468193213,0.0632886810575374,2
"21603",0.999937858380906,6.12139600815219e-05,9.27659012890267e-07,1
"21605",0.999697302160932,0.00027459414098799,2.81036980796056e-05,1
"21607",0.883239273646494,0.083805163163232,0.032955563190274,1
"21610",0.765486084836356,0.230081711178673,0.00443220398497121,1
"21612",0.999519927596449,0.000464540091502262,1.55323120486723e-05,1
"21614",0.449390776656923,0.531355720935468,0.0192535024076088,2
"21616",0.921531655404547,0.0705124738746415,0.00795587072081129,1
"21618",0.00281002184798858,0.818608016160777,0.178581961991235,2
"21620",0.999515308256724,0.000474115030531548,1.05767127441536e-05,1
"21622",0.000528696519049784,0.980011925385549,0.019459378095401,2
"21624",0.985451260920167,0.0120402180951126,0.00250852098472016,1
"21626",0.692700527949032,0.307275625779553,2.38462714153328e-05,1
"21628",0.131296821439966,0.858346587720235,0.0103565908397994,2
"21630",0.958280874229769,0.0414318937686098,0.000287232001621128,1
"21632",0.16504502796553,0.832233358179794,0.00272161385467583,2
"21634",0.045352723660493,0.953953745957569,0.000693530381938012,2
"21636",0.996676528609091,0.0025890861689762,0.00073438522193244,1
"21638",0.999859759554522,8.6183399801107e-05,5.40570456772154e-05,1
"21640",0.71419185106884,0.281247526776959,0.00456062215420082,1
"21642",0.994068798153317,0.00576984012331467,0.000161361723368859,1
"21644",0.929078329977105,4.96827233170123e-05,0.0708719872995776,1
"21647",0.999688099769712,0.000273095739083327,3.88044912042466e-05,1
"21649",0.994287667884946,0.00545722085997318,0.000255111255080661,1
"21651",0.978725795949648,0.0186111475767807,0.00266305647357117,1
"21653",0.458309717627932,0.00151466588827783,0.54017561648379,3
"21655",0.999943376326569,5.02163904773754e-05,6.40728295364375e-06,1
"21657",0.99546425285529,0.00431603768196194,0.00021970946274803,1
"21659",0.998225655220792,0.0016930831398171,8.12616393914783e-05,1
"21661",0.997046706848909,0.00254460820725785,0.000408684943833082,1
"21663",0.998659944700467,0.00128854492142254,5.1510378110803e-05,1
"21665",0.998480976788466,0.000585630048207594,0.000933393163325921,1
"21667",0.0909110246332592,0.908778492924109,0.000310482442632052,2
"21670",0.253092449201029,0.742497176901403,0.00441037389756802,2
"21672",0.958372623234212,0.0395946022990143,0.0020327744667734,1
"21674",0.000424604367465557,0.999057267679927,0.000518127952606804,2
"21676",0.0133508021188139,0.986586960191128,6.22376900585889e-05,2
"21678",0.0320868858569492,0.00484626228595929,0.963066851857092,3
"21680",0.997106063883565,0.00127628566422589,0.00161765045220872,1
"21685",0.0227164663028372,0.972326311971777,0.00495722172538603,2
"21687",0.317619092200273,0.064199271267481,0.618181636532246,3
"21690",0.998594837691807,0.0012372332141483,0.000167929094043997,1
"21707",0.00014926232322554,0.999406165506239,0.000444572170535629,2
"21710",0.00187064708089754,0.0735910293430905,0.924538323576012,3
"21713",0.00261272437311003,0.996387218368438,0.00100005725845152,2
"21718",0.0319153869982356,0.201024423940455,0.767060189061309,3
"21721",0.138205354264952,0.00213309729861086,0.859661548436437,3
"21723",3.5594306893915e-05,0.98137346359315,0.0185909420999563,2
"21726",8.28547485113401e-05,0.999872605812064,4.4539439424853e-05,2
"21729",0.996396720190106,0.000509679794945844,0.00309360001494829,1
"21733",0.999768434984013,0.000183904536943988,4.76604790427091e-05,1
"21735",0.0535132701246943,0.135294016593929,0.811192713281377,3
"21739",0.0155390947001537,0.983930712086973,0.0005301932128731,2
"21741",0.00444203238311472,0.994983900919024,0.000574066697861053,2
"21744",0.0320878176124819,0.967540002964836,0.000372179422681947,2
"21746",2.82722760233963e-05,0.997484885643467,0.00248684208050964,2
"21748",0.00106013385064104,0.991608788477174,0.00733107767218513,2
"21750",0.998067733140933,0.00191915867972071,1.31081793460543e-05,1
"21752",0.0168229424284297,0.981000830793834,0.00217622677773608,2
"21755",0.31469985387823,0.684271883585849,0.00102826253592066,2
"21757",0.883137787889581,0.106497907683618,0.0103643044268006,1
"21760",0.0976617993212723,0.223476637257559,0.678861563421169,3
"21762",3.98329739675805e-05,0.999207467095733,0.000752699930299266,2
"21764",0.99964150382964,0.000338786989608656,1.97091807509362e-05,1
"21766",8.47650296840132e-05,0.998175593609549,0.00173964136076726,2
"21768",0.580545629834954,0.41511757565458,0.00433679451046664,1
"21770",0.463226264633792,0.535743628626299,0.00103010673990903,2
"21773",1.37862770202092e-05,0.966164462423589,0.0338217512993907,2
"21775",0.934867793131913,0.0647399669697049,0.000392239898381916,1
"21777",0.999429435629797,0.000513469157198871,5.70952130040331e-05,1
"21779",0.451965535587158,0.516549774728543,0.0314846896842993,2
"21781",0.059177750405787,0.94043024473305,0.000392004861162634,2
"21784",0.00183607005387946,0.996643448081011,0.00152048186510972,2
"21786",0.763870664983425,0.235976556504231,0.000152778512343462,1
"21789",0.125081104781976,0.870084312178382,0.00483458303964211,2
"21791",0.00132016005007869,0.994845748164724,0.00383409178519722,2
"21794",0.935659407163598,0.0615949735290023,0.00274561930739941,1
"21797",0.0391606359440087,0.0311293350417218,0.929710029014269,3
"21800",7.83492845188177e-05,0.140981578816393,0.858940071899089,3
"21802",0.0409357146124269,0.930053955878444,0.0290103295091293,2
"21804",0.00290637146258516,4.04945524102229e-05,0.997053133985005,3
"21806",0.11613173229672,0.00963794691338576,0.874230320789895,3
"21808",0.459497682079047,0.0393010083249338,0.501201309596019,3
"21811",0.0148409165638879,0.217419177161296,0.767739906274816,3
"21815",0.00369988970501434,0.995885904714997,0.00041420557998898,2
"21817",0.0191377408305986,0.0100480016576986,0.970814257511703,3
"21820",0.00498434345996945,0.931219301117265,0.0637963554227652,2
"21822",0.976624443574061,0.0228419048982755,0.000533651527663614,1
"21824",0.970362646120258,0.0296091331653448,2.82207143965902e-05,1
"21826",0.000190876453292032,0.999255507039196,0.0005536165075119,2
"21828",0.516760328015703,0.483155003090007,8.46688942897878e-05,1
"21830",0.986352681596516,0.0136016371463183,4.56812571653661e-05,1
"21833",0.86329348986727,0.136656963107956,4.95470247741076e-05,1
"21835",0.86329348986727,0.136656963107956,4.95470247741076e-05,1
"21838",0.00142010113376403,0.840284124880771,0.158295773985465,2
"21840",4.76947477371028e-05,0.991495931942271,0.00845637330999187,2
"21842",0.00319983571838256,0.666635214299732,0.330164949981886,2
"21844",0.842137799428488,0.157780062291846,8.21382796663823e-05,1
"21847",0.0356026897184025,0.963077661160205,0.00131964912139232,2
"21849",0.788615788776248,0.210470950297633,0.000913260926119513,1
"21852",0.0981856565931404,0.821632030143709,0.0801823132631507,2
"21854",0.999656771839782,0.000294447401678492,4.87807585400148e-05,1
