"","V1","V2","V3","V4","V5","V6","result$classification"
"19811",0.0031014389799717,0.00115383580678626,0.955324261693933,2.71506147035474e-05,0.0403931776003383,1.35304266813734e-07,3
"19813",2.82220295987391e-06,1.21755169757524e-07,3.91578913900028e-05,8.10881329550337e-07,0.999957085484076,1.78507453462886e-09,5
"19815",0.0286727273488882,1.76983778311586e-05,0.969851062982395,0.00112505811907846,2.2191176687157e-06,0.000331234054138203,3
"19817",0.00509153676370771,0.000719671969787667,0.994077778402893,9.68956871839104e-05,7.65943803547209e-06,6.45773839208419e-06,3
"19819",4.40930989541625e-05,4.29294523472343e-07,3.31457860573895e-05,0.817660097077586,6.12198957585325e-10,0.18226223413068,4
"19821",0.000990310355365323,0.0258689710408452,0.958973595670524,0.000987210948615706,0.0131796847257409,2.27258908842569e-07,3
"19823",0.00117062682088146,0.000249928046548472,0.957580964985636,0.000347210863788926,4.534481647182e-06,0.0406467348014979,3
"19825",0.00636829715166972,0.878801596391628,0.00206516323856175,0.107093494480571,0.00533860211241305,0.000332846625156281,2
"19827",0.000100563251675364,0.387613761689198,0.611921393369073,0.000303422354448375,7.4442288020697e-07,6.01149127245484e-05,3
"19829",0.000476313451061701,0.00793080358011094,0.00177668743697119,0.989740380632368,4.39376086155955e-06,7.14211386264221e-05,4
"19831",0.000132568551127951,5.46079741708812e-07,0.00022308828383441,0.856366406441078,1.14846905291748e-06,0.143276242175165,4
"19833",0.00203039875517595,2.35697211237062e-05,1.24046157923215e-06,1.70180723587679e-05,5.09361599170449e-06,0.997922679373771,6
"19835",0.000990310355365323,0.0258689710408452,0.958973595670524,0.000987210948615706,0.0131796847257409,2.27258908842569e-07,3
"19837",0.00014761664252007,0.0288787957795758,0.970293087386019,0.000671686008808683,3.73607240978488e-06,5.07811066637994e-06,3
"19839",0.00206478100063769,0.027550434088642,0.00378127894517207,0.964725076327031,0.00185584477190267,2.25848666139945e-05,4
"19841",1.41827663195304e-07,0.999899196760778,1.69312506015224e-05,1.44866767462199e-05,6.92204298885091e-05,2.30543225239621e-08,2
"19843",0.00662141265007339,5.35768526956836e-08,2.61591119025031e-05,0.971377061364956,0.021900951493903,7.43618023124833e-05,4
"19845",0.000404491500547224,2.56474203868875e-05,0.075497347940784,2.72546021558102e-06,0.92406971343052,7.42475467944515e-08,5
"19847",0.0311356643497456,2.11241505522019e-05,0.957519751576862,0.00450200099550538,0.00676882993443117,5.26289929038179e-05,3
"19849",6.240595267373e-07,2.83251280519585e-07,8.02800237352e-05,8.79069511318012e-08,0.999918724140211,6.18295525123471e-10,5
"19851",0.00175998406967173,4.80068982274022e-05,0.998132128730973,3.04889964095947e-05,2.13521286021582e-05,8.03917611651372e-06,3
"19853",0.000329487228391162,0.00057340322764079,0.982138512912321,6.46894507238968e-07,0.0169138750835761,4.4074653563308e-05,3
"19855",0.00039901853724212,0.00386279641508388,0.994843669956017,3.33785735652078e-06,0.000889352934418394,1.82429988163771e-06,3
"19857",0.0143810335645021,0.0209204781567496,0.943125059229017,0.00782246062990363,0.0137499562201311,1.01219969630688e-06,3
"19859",0.00405384380500694,0.0122531204543305,0.982794741744243,0.000827233082780326,1.5825363370887e-05,5.52355502681617e-05,3
"19861",0.00124439798495826,5.78942128212749e-05,0.87971265954694,2.52205296744708e-05,0.118959249309739,5.78415867285476e-07,3
"19863",9.7803648600597e-07,0.0077210811160219,2.81887584990394e-05,8.48938842027498e-08,0.99224966646601,7.29098415700237e-10,5
"19865",8.49418664120179e-06,0.997726635861544,0.00226051513995784,2.58364301384671e-06,1.75197354729194e-06,1.91952964361513e-08,2
"19867",0.0167535759924391,4.44698885450669e-06,0.976251179849086,0.00062708450842205,0.00634878784112265,1.49248200754839e-05,3
"19869",4.58839221765619e-06,7.90453779185701e-05,0.00853377249059756,1.8097190863818e-07,0.991382411080461,1.68689641438675e-09,5
"19871",0.00142347409553442,0.0394695883919101,0.956789014483779,0.00225985813735286,2.41958771426685e-06,5.56453037091233e-05,3
"19874",0.00072801721828893,0.799978677973591,0.199269592299751,1.22269426504651e-05,7.40899228637562e-06,4.07657343229391e-06,2
"19876",5.10011046038113e-05,0.267276830113325,0.732294889574254,2.34736789732921e-06,0.000374820703305928,1.11136613953914e-07,3
"19878",0.9951448711133,4.96631620713514e-06,0.000651175635052392,0.00412967778405101,8.12968066196498e-06,6.11794707275372e-05,1
"19880",2.83957737994599e-07,0.998421710516437,0.00156106041148805,9.24007622795424e-08,1.68484129268252e-05,4.30064761727023e-09,2
"19882",0.0178335278531445,0.00177105618933526,0.726880373747716,2.03440659309298e-05,0.253493153577981,1.54456589211795e-06,3
"19885",0.00990474841607256,0.00063506089365389,0.984868340628046,0.00457819448427103,9.31453408433638e-06,4.3410438722495e-06,3
"19907",0.0216961784774815,2.84783702746387e-05,0.914701919249331,0.000209852017822522,0.0633603679715881,3.20391350176012e-06,3
"19909",9.07126798378474e-05,6.70575102952127e-06,0.00948942638364369,0.990237577203918,0.000148144814376995,2.74331671944312e-05,4
"19911",0.00079207793447964,0.02130187094579,0.0229061261913394,0.954238792850047,2.38598286818049e-05,0.000737272249661629,4
"19913",7.63004743184104e-08,0.999978232173149,2.06332607390973e-05,3.53136116791816e-07,6.73994091766033e-07,3.11354289763371e-08,2
"19915",0.000288303882529799,0.400719493771047,0.598972238746918,1.35206202383382e-05,3.2957543986238e-06,3.1472248679879e-06,3
"19917",6.10870712687373e-05,0.986958487853442,0.0129393444759687,3.68045694713143e-05,3.65075512960923e-06,6.25274719771068e-07,2
"19919",0.0062133710103074,0.145105525800912,0.848422275419745,0.000236761860989051,2.13474426250402e-06,1.99311637846648e-05,3
"19921",0.00840233693602982,1.34144237804495e-05,0.991194546686868,0.000157859413501986,0.000227371077170264,4.47146264993655e-06,3
"19923",0.980260943268093,2.73311171405634e-07,0.0170321633497652,0.00187725396976887,2.45086031461718e-05,0.000804857498055271,1
"19925",0.000178108827612443,0.941038763489202,0.0587709622128679,9.97348994163601e-06,1.26924176887222e-06,9.22738607540815e-07,2
"19927",0.000492119378579218,0.000197353201166385,0.999250359093445,3.22287330941127e-05,2.45073055414557e-05,3.43228817346065e-06,3
"19929",3.38599140337609e-07,0.536784656322154,0.000191876935730782,2.67292620183622e-07,0.463022859454664,1.39569067783768e-09,2
"19931",0.00137886901718326,0.000873832903069073,0.997227000342702,0.000483512274915794,1.09868000087186e-06,3.5686782128365e-05,3
"19933",0.00068230173009757,0.00108604482729042,0.325673635185603,0.671785101850628,7.26474595763508e-07,0.000772189931785523,4
"19935",0.0232892955214964,0.00174852477927762,0.899945668437176,0.0742843476324061,0.000727332989308455,4.83064033549843e-06,3
"19937",0.00475894284712425,2.01555285510358e-05,0.994928759486812,0.000180854474647783,2.96662731304487e-06,0.000108321035551864,3
"19939",0.27143628987924,0.00168723810238223,0.726404868934569,0.000427172449050886,7.37497916770278e-06,3.70556555898129e-05,3
"19941",3.294871089324e-05,0.0470730004151201,0.00696854638853658,0.945599841046112,0.000279149333331413,4.65141060070303e-05,4
"19943",2.24904218292804e-06,0.999158768207523,0.000837801203151577,7.93571637079744e-07,1.79353575272195e-07,2.08621929544236e-07,2
"19945",0.00972438959561104,4.80335365237059e-05,0.0800720169212931,0.908273036636158,3.33662176800436e-07,0.00188218964823798,4
"19947",0.00084019675678347,0.842803242457146,0.0183398921464657,0.111596338232073,0.0263063449440919,0.000113985463440158,2
"19949",0.924417293665151,1.90728152486365e-06,0.0472107282861772,0.0259678402617947,9.42063783653644e-07,0.00240128844156878,1
"19951",0.0485729938947015,0.730003625294275,0.220442842469431,0.000952991372178629,1.34218954452233e-05,1.41250739689305e-05,2
"19953",0.00189311663104951,4.97914821423104e-08,0.000796152982902822,0.118883759799851,5.49136131634185e-08,0.878426865881101,6
"19955",0.289495219981572,2.65938345667941e-06,0.00170319430249734,0.676551518098242,1.82173562731306e-05,0.0322291908779582,4
"19957",0.000426580092342171,0.88296358252506,0.114793285185088,0.00083409467539121,3.01125023686203e-05,0.000952345019749895,2
"19960",0.00686839391535947,0.000293847632503626,0.00126389338536659,0.991471315575724,4.2724392403687e-05,5.98250986431112e-05,4
"19963",7.1348580886534e-06,0.938440288320444,0.000473532492359488,0.000302030974020327,8.34375643168767e-05,0.0606935757907712,2
"19965",0.12537412115494,2.66859012778646e-08,0.000103684581371214,0.874217198890857,6.07218036937655e-05,0.000244246883236889,4
"19968",7.85158893679902e-05,0.784355626683694,0.0146477650752719,0.00145655068252835,0.199461535235191,6.433947333413e-09,2
"19971",3.82638895349733e-05,0.997161151541339,1.69174457610811e-05,0.000694342944696559,7.54148809088381e-07,0.00208857002985888,2
"19973",0.000955621415877908,0.00437762176735641,0.994543622846237,8.55592653544842e-05,3.72428534100123e-05,3.31851763913719e-07,3
"19975",7.30972358534821e-05,0.973454321532389,0.0264115305701471,2.84045470821257e-05,3.26210876522283e-05,2.5026875964476e-08,2
"19977",0.000993122264733961,0.998164482524965,0.000589348180929696,5.29242263493448e-05,0.00016233775577824,3.77850472435764e-05,2
"19979",9.90266567066239e-06,7.09507173667703e-07,1.18726054581186e-06,0.999743966353732,5.00841498470395e-10,0.000244233712036396,4
"19981",0.0016902979194081,0.000456234797686255,0.985596986070719,0.0115088497557336,0.000737323598942696,1.03078575104366e-05,3
"19983",0.372142340801088,3.76014464013385e-05,0.609917005536745,0.0173103137387798,0.000534025167491449,5.87133094941853e-05,3
"19985",0.000197618900477629,0.810942135121372,0.188811644744582,2.75723045402554e-06,4.56736738110415e-05,1.70329304051613e-07,2
"19987",0.00050229210217012,0.0398973134337283,0.922600753267157,0.0369348676467606,5.39708671423652e-06,5.93764634698398e-05,3
"19989",0.000153551257071223,3.98309934838577e-09,1.67432189400428e-05,0.996331956658167,1.20225300159166e-09,0.00349774368046944,4
"19993",0.592016175708432,0.0190707480990151,0.230523007057429,0.158030656879603,1.03413202534021e-06,0.000358378123496157,1
"19995",0.0454001660602749,0.00658685513540521,0.181551925700371,0.766229850811264,8.1587977860822e-06,0.000223043494898548,4
"19997",0.000619537292672276,0.00782806473052102,0.991483673745912,2.58864802252284e-05,4.13680839205132e-05,1.46966674876631e-06,3
"19999",0.00011216959580568,0.0407929899743422,0.958133818127847,3.89578665709523e-06,0.000957044107452365,8.2407895863291e-08,3
"20002",1.0952489936297e-06,0.421889963501857,0.000478933929808084,0.000221366540315504,0.577407317923964,1.32285506210519e-06,5
"20004",7.48192176959925e-05,0.00513947115476702,0.114422022292105,0.880005074483491,0.000317985034897845,4.06278170439246e-05,4
"20006",0.478559641299807,0.000726505359258052,0.00591739992222935,0.511178648333606,0.0020276646314946,0.00159014045360407,4
"20008",0.812357790504323,0.000112396586490417,0.00365081670591546,0.180778106262888,7.94145640880923e-05,0.00302147537629474,1
"20010",0.372258649216093,3.98789800244148e-06,0.0121948609145034,0.591136269202625,1.97093794337775e-08,0.0244062130593969,4
"20012",0.00338827378052535,0.829648180411169,0.157238154050312,3.77880211760155e-05,0.00968747059571914,1.33141097829009e-07,2
"20015",0.00248686002587115,3.70686441007414e-08,8.36360649249273e-06,0.997501033415023,7.27005867985941e-07,2.97887810072932e-06,4
"20017",0.000165003620912096,0.0175162555892198,0.980053391560566,1.46807421730631e-05,0.00225053687613507,1.31610993670975e-07,3
"20019",0.000491971854890107,6.14400977537246e-09,1.66701463833579e-07,0.997142386055321,2.12260142993642e-10,0.00236546903205539,4
"20022",0.00869602426201322,1.55098958876846e-06,0.00302923242333272,0.987004618267679,2.25333283923509e-08,0.0012685515240574,4
"20024",0.000494815210449314,4.97622659021247e-08,6.34532093842999e-06,0.418368804050632,1.35643595988874e-07,0.581129850012119,6
"20026",0.000494815210449314,4.97622659021247e-08,6.34532093842999e-06,0.418368804050632,1.35643595988874e-07,0.581129850012119,6
"20028",3.8632598149302e-05,0.103738048182622,0.896084202744206,5.34933244938912e-06,0.000133285456664747,4.81685908347271e-07,3
"20030",9.33928799383922e-06,7.13665841722271e-05,6.61119637269201e-05,0.999843855170015,4.32529817207815e-06,5.00169591969728e-06,4
"20033",0.000331518652383186,0.187519956269403,0.811255080948173,0.000858919771673074,3.15974256428195e-05,2.92693272469546e-06,3
"20035",0.000867874315320468,7.26758108878022e-09,5.4183720061408e-07,0.995556041122015,5.39213576272053e-10,0.00357553491866921,4
"20037",0.00170166195320209,2.26146755170273e-10,6.72736095099971e-07,0.997953253467113,1.68031904897468e-08,0.000344394814252162,4
"20039",5.0897363615182e-05,5.50946762342276e-11,7.01184213828342e-08,0.000147715212365738,1.16983050268221e-10,0.99980131713352,6
"20041",0.980340403691982,4.70888114968387e-05,0.0114359889742975,0.0069660857177899,5.34204339739135e-06,0.00120509076103594,1
"20044",0.88192348552649,0.00237009083854812,0.0568537757794697,0.0497811912315924,2.66960182586195e-05,0.00904476060564092,1
"20047",2.21659664350567e-05,6.86274450969267e-08,6.70524524103092e-08,0.993335344372173,1.41934270284671e-10,0.00664235383956038,4
"20050",0.443518034100644,3.01372564169092e-05,0.00464756624346416,0.0682576266285696,1.46604595071533e-09,0.48354663430486,6
"20052",0.0230209986504135,0.0332080558063515,0.929775377051923,0.0131506326340203,5.33891923965993e-07,0.000844401965367343,3
"20054",0.00028205250758796,4.09399192992463e-06,0.00021198614585518,0.999486335329933,1.43289388631408e-05,1.20308583124439e-06,4
"20056",3.32571106708432e-06,0.998046917990291,0.00182716495820577,0.000120174732348174,5.52422201289157e-07,1.8641858870082e-06,2
"20058",0.00035997026970444,9.73220733424178e-10,1.25068565093783e-05,0.998632334059106,1.48121288969943e-08,0.000995173029331052,4
"20060",0.00217718817546627,0.000302580580672629,0.996945803830661,0.000549147104224031,1.43651490114154e-05,1.09151599648197e-05,3
"20062",0.236726769016148,0.000159958998909321,0.757657288678572,0.00541226219709962,2.52243802472628e-05,1.84967290232231e-05,3
"20064",0.000581584601666514,0.000203657427601455,0.0205271244884256,0.978615319588118,1.57109214829701e-07,7.21567849741176e-05,4
"20066",4.75683683004313e-06,6.96607828424076e-06,4.48896903574073e-06,0.999968875371741,6.11671052310037e-07,1.43010730566806e-05,4
"20068",0.0164052044348515,7.74115416032325e-05,0.982352914131716,5.07093464236418e-05,0.00111234070953285,1.4198358727999e-06,3
"20070",0.0230475699980099,4.24414688791625e-05,0.97654889617824,8.48481621078658e-05,6.08821086306186e-05,0.000215362084132319,3
"20072",0.0154729645578687,2.68553929085896e-08,0.000272971377953249,0.980191225776295,0.00403607183872961,2.67395937602454e-05,4
"20074",2.93521855982004e-07,0.999480325216472,4.67363614277318e-05,6.47977056976111e-08,0.000472577004347776,3.0981910412721e-09,2
"20076",0.000630198853425555,0.653127316080924,0.0459674983971103,0.00963502862734125,0.290639845157642,1.12883556150663e-07,2
"20078",0.00478138820643896,0.00013076241722916,0.0284004776476697,0.964324663273302,8.77520865066377e-07,0.00236183093449542,4
"20080",0.000252721161083029,1.99571352775853e-08,1.44899995583871e-06,0.998810345855309,6.57032441264687e-11,0.00093546396081356,4
"20082",1.20269496701385e-05,3.87636326517056e-08,4.79516344905162e-06,0.00329999141121572,1.94147222435601e-11,0.996683147692618,6
"20084",0.000658881077701483,0.0291078843821178,0.00987747794081921,0.948361083232301,2.82343757365468e-07,0.0119943910233028,4
"20087",0.0746949890558742,7.04005957657861e-07,0.0156552277593463,0.909048755594049,3.33554170602596e-05,0.000566968167712775,4
"20090",0.0531623681211831,1.81295791024516e-07,1.868666985019e-05,0.922736021961962,2.25272574522745e-10,0.0240827417259414,4
"20092",0.336198540030214,1.17179951609494e-07,0.0430509881476789,0.0137935517425937,0.000605726450872037,0.60635107644869,6
"20096",0.101508011958311,0.00932773697621394,0.484746978665485,0.0074883634423859,1.03168344859084e-05,0.396918592123118,3
"20098",0.000563313913115379,0.19007839725759,0.809134937193502,0.000212504094801507,4.49540281036989e-06,6.352138180261e-06,3
"20101",0.000394046338927908,0.000112632786368351,6.52305903521578e-05,0.998240642160946,2.04349655075018e-09,0.00118744607990915,4
"20104",0.00428433524070084,0.00155464415701943,0.54511220891398,0.000110036636931228,0.3974626299182,0.0514761451331684,3
"20106",0.00548023294188639,5.46197612228249e-05,0.00045375349478221,0.993958887620176,6.9514060969423e-09,5.24992305266653e-05,4
"20108",4.80965072529816e-05,0.0130048443839299,0.986516536641697,0.000303347949851772,0.000126363990599568,8.10526668503516e-07,3
"20110",0.392442322399563,0.139296285105386,0.304833276562598,0.00402705381066572,3.20197939455719e-07,0.159400741923847,1
"20112",0.283299014345454,2.80840640973178e-05,0.00852159684127944,0.696491233951816,2.87193617635408e-08,0.0116600420779909,4
"20114",9.71575163874355e-05,0.0737738488809635,0.0639594982702173,0.860603599831145,2.03956854969634e-06,0.00156385593273679,4
"20116",0.000144429879648026,0.0170562904524305,0.00433468570969766,0.978422965346041,3.55754218850746e-05,6.05319029823758e-06,4
"20118",0.00101299220424985,0.0717287872670905,0.8697185212245,0.0573188026247211,2.50494529095893e-06,0.000218391734147499,3
"20120",0.00684517293071958,0.000855004530944565,0.00470308600667006,0.961580060715412,1.66852034670963e-09,0.0260166741477331,4
"20122",9.83165088559214e-07,0.998524955289766,0.00145556016218521,4.28945889819823e-06,1.41942532498945e-05,1.7670811433651e-08,2
"20124",0.00123495582148369,2.11816701258288e-09,7.60274766068304e-06,0.996615395439428,1.15749722428249e-07,0.00214192812353829,4
"20126",7.75274532971037e-05,1.21816238908157e-07,1.22203921953295e-06,0.00486471292822593,9.19031608330375e-08,0.995056323859858,6
"20128",0.000179240364236691,1.20745054136195e-09,1.81572923983256e-08,0.162357282912713,1.45789268597069e-09,0.837463455900415,6
"20141",0.000272548992961318,0.0645703743809043,0.919122946734184,6.01063100718281e-05,8.66399386806987e-05,0.0158873836431976,3
"20143",3.88151416417262e-08,0.99996429287237,2.6632035022121e-05,6.90810563774763e-08,8.96287219603543e-06,4.32421384626342e-09,2
"20145",0.00812951161804415,6.56737034409428e-06,0.0057916003893704,0.982138614716413,1.49389154523125e-09,0.00393370441193687,4
"20147",0.000709750678547922,4.36486509040166e-06,0.000965351860009315,0.99821662599674,1.45119472422399e-08,0.000103892087665144,4
"20149",1.32008439976429e-06,0.998751807682336,0.00123858175861832,4.5708732900286e-07,7.80020946524623e-06,3.31778514273629e-08,2
"20151",0.000770973177219686,0.0707846492460824,0.928172822736964,0.000264999177045991,3.74583364126045e-06,2.8098290471835e-06,3
"20153",0.00390171165223273,0.62449034052315,0.363054158589027,0.00113306703600262,5.79256236276711e-08,0.0074206642739634,2
"20155",0.0435940795128734,4.15912228312741e-07,9.68400696458034e-05,0.956170661415317,4.99696759378771e-08,0.000137953120259876,4
"20157",9.31627616078561e-05,0.503522772449834,0.496255695691655,0.000116789426596673,3.32815290506593e-06,8.25151740134834e-06,2
"20160",5.47087524051989e-08,0.999955040604563,4.33988346515688e-05,1.52265269257088e-07,1.34255023093981e-06,1.10365324898859e-08,2
"20162",6.88886245082404e-07,0.995968929312133,0.00402167304690692,1.83960138524599e-07,8.51358967988121e-06,1.12048968297376e-08,2
"20164",0.00114890167655876,0.950904994182728,0.0478577861146577,7.23642242727914e-05,3.15170805286609e-06,1.28020937300937e-05,2
"20166",9.42285535115498e-05,0.000748706789057995,5.30431013915954e-05,0.998953984251116,0.000145416250081131,4.62105484152615e-06,4
"20168",1.60617437344758e-05,0.000650140047531302,1.47443408892473e-05,0.00233185462599323,0.996986942158049,2.57083802300001e-07,5
"20170",0.000290493587502697,0.264641397834603,0.734875915377004,0.000164189584460465,1.7864092333303e-06,2.6217207196891e-05,3
"20172",0.00284759929885354,3.56204571220593e-08,0.00173551340050273,0.994382553469653,2.44993710063226e-08,0.00103427371116272,4
"20174",6.91379324923242e-05,0.21531631802297,0.625560589117622,5.50906604773427e-06,0.159048421450107,2.44107612442943e-08,3
"20176",1.98462582017402e-05,4.98165048313571e-06,6.10107165453291e-05,0.000129159151145387,0.999784986343465,1.58801591237253e-08,5
"20178",6.62972006705041e-08,0.999975910263437,2.31825742729713e-05,1.70363814611358e-07,6.47518012515858e-07,2.29832617757514e-08,2
"20181",1.63420565527207e-05,0.0029479881782853,7.86078543818071e-05,0.996949337652236,9.26125876573954e-07,6.79813266771423e-06,4
"20183",0.00719061220751687,9.97385355098041e-06,0.989390314199368,0.00279142236709395,3.40831575405876e-06,0.000614269056716489,3
"20186",0.135090579046224,3.01271428002612e-07,0.838077925105981,0.0199896038187093,0.00343845400542005,0.00340313675223663,3
"20188",2.64941389355119e-07,0.999721452337523,0.000277240717981211,1.60601050101706e-07,8.57227191108833e-07,2.41748656430573e-08,2
"20190",0.000175798930224722,2.52822462678449e-07,1.8162226474201e-05,0.999791681130166,1.99023032828446e-08,1.40849883693329e-05,4
"20193",0.000284817582229914,0.969334334716314,0.000203605958494969,0.00158253850844008,0.0285938364064399,8.66828081109955e-07,2
"20195",0.00447716684643677,0.808194429655435,0.186101452006525,0.00120934243907543,3.23564862541383e-06,1.43734039034684e-05,2
"20197",0.0222495835565903,7.64425904661438e-08,0.000999341987783042,0.97639134254146,6.71648881970363e-08,0.000359588306688027,4
"20199",8.95578427457663e-05,0.929157097247487,0.0707452139368077,3.41987475844554e-06,1.44114269422858e-06,3.26995550662285e-06,2
"20205",0.000837919558355291,4.15935356880744e-09,9.88902068719561e-06,0.000121145958857523,1.2091918423926e-10,0.999031041181827,6
"20208",0.00348257361882251,0.0135235044933474,0.981544412013967,0.00141164861247029,3.1978556419176e-05,5.88270497312047e-06,3
"20210",3.24164029001428e-06,0.98641941029757,0.0135730650954273,7.06831671777256e-07,3.52118862772857e-06,5.49464130861079e-08,2
"20212",0.000378082611901886,0.864233512667179,0.135274828317722,0.000104840530001223,5.91273191644749e-06,2.82314128014263e-06,2
"20216",0.000202543693781368,4.46310938376148e-05,0.00137128592146053,0.998335509494134,2.04796350596818e-07,4.58250004361865e-05,4
"20219",0.0147076490999017,6.27979600232204e-05,0.00519490179344442,0.325553094372333,3.96022798413102e-09,0.65448155281407,6
"20223",0.00798979915172307,9.36194815169517e-10,2.84706569062075e-06,0.990059315726608,0.00169830368142183,0.000249733438361562,4
"20226",0.953308277073353,0.000229919157108012,0.0424832088018723,0.00368347548681086,1.9442867715698e-07,0.000294925052178952,1
"20230",8.05259505381162e-05,2.85933411009751e-08,6.63912924791137e-06,0.999837190968264,1.49469109495715e-08,7.56004116976965e-05,4
"20233",0.000325638279767129,2.42952427450433e-05,0.00209300734478162,1.80453112787852e-06,6.99111729980316e-07,0.997554555489848,6
"20235",0.139057557661147,5.61623428453871e-09,0.000107028378851078,0.828248293797861,0.000141959611005637,0.0324451549349003,4
"20239",0.23990760148359,1.32572469778293e-06,0.00451764004670681,0.752753822670168,0.00235715450040199,0.000462455574435693,4
"20254",5.0888966349862e-05,3.1356336914871e-09,7.79926973696915e-07,0.00369548596773922,3.37204663894553e-12,0.996252841999931,6
"20256",0.000423465281004976,3.74107026110733e-09,2.80918294470609e-05,0.999314498950203,2.52976042780091e-07,0.00023368722223181,4
"20262",9.38347796400075e-05,0.611672640598199,0.388151508429775,7.75380004221846e-05,2.3324818207011e-06,2.14571014238447e-06,2
"20270",0.000507305257480913,0.00353942523926917,0.0136224725425885,0.980269727021881,0.00204258646151267,1.84834772679793e-05,4
"20284",0.0622437284479192,2.83599340605543e-05,0.569294355380548,0.00949543631978573,3.78490391129022e-07,0.358937741427296,3
"20287",0.00254365010019305,9.04954739493649e-10,2.52175964552343e-07,0.997336972318545,9.0607486951132e-08,0.000119033892855826,4
"20290",0.00440465475927629,2.3899801388476e-05,0.00196738249397915,0.00163227402288047,3.19832100628434e-10,0.991971788602644,6
"20293",0.00114463110773924,9.20757949187183e-06,0.0409782702022419,0.955870013844614,7.61941255304178e-07,0.00199711532465809,4
"20296",0.000742867358586687,0.681391818201731,0.294075787788689,0.00754587937725857,0.0162435664257174,8.08480174388599e-08,2
"20301",0.000948540703467312,1.03426407869446e-05,2.4487458029268e-07,0.998603629118551,3.59896174507226e-08,0.000437206672996798,4
"20304",7.66596517320858e-06,6.4418374512711e-08,1.28315016415544e-05,0.00418543042045954,6.67280404586096e-11,0.995794007627623,6
"20306",0.000292565373468218,1.01077707086215e-09,1.02422488355601e-05,0.997614093922523,1.86600248326232e-08,0.0020830787843709,4
"20309",0.217404088672498,0.000170941650306256,0.285290791110156,0.493242209112215,1.45183370148609e-06,0.00389051762112289,4
"20311",0.000890743444041371,0.000307817502044296,0.00332494068833877,0.994710119570849,1.14645745022139e-06,0.000765232337276316,4
"20314",0.00106840551641328,0.0204795914817727,0.976603385578531,0.00181336863078463,4.56444485564268e-07,3.4792348013199e-05,3
"20318",1.31382038052843e-07,0.999867163667382,0.000107880640671868,1.4763135270356e-05,9.98704158485702e-06,7.41330525988683e-08,2
"20320",0.546785292955271,0.00202427373566003,0.448585653368128,0.0008808598220351,1.54784698006857e-05,0.00170844164910556,1
"20326",0.000493452119175718,0.0449576273741175,0.951998397433507,0.00246397273955492,1.08097181344866e-06,8.54693618313265e-05,3
"20328",0.182487176240957,1.46882745867219e-05,0.815336584826092,0.000830027788357673,6.15646104717763e-06,0.00132536640895952,3
"20330",0.843592167120285,7.89333444167926e-07,0.000258383720189819,0.152012563857141,7.39994559592167e-07,0.00413535597438114,1
"20336",0.00309463561105053,7.19694235462344e-07,0.0247534986556241,0.0113240555048023,8.76124382552964e-09,0.960827081773044,6
"20338",0.00392786442494239,9.60168190151197e-05,0.00100578710382887,0.0148803704743703,3.77615060620962e-09,0.980089957401693,6
"20340",0.000168745247187153,1.80257945374599e-08,1.90135481724607e-06,0.999393878168049,4.0816725022496e-08,0.000435416387427341,4
"20342",0.0190161966701421,0.000253510779570537,9.28550191822083e-05,0.000392754019550268,4.4355074606903e-05,0.980200328436948,6
"20344",0.000298931376246335,2.7244418578198e-07,0.00118713127890276,0.997972404384183,2.01073772292372e-07,0.000541059442710222,4
"20349",4.89902600961806e-05,2.38991916459505e-09,1.80897556305782e-05,0.999795840399451,9.84451277932284e-08,0.000136978749775443,4
"20351",0.0123362149491007,0.000536339225339844,0.0450689386050331,0.928604239501638,9.38059086027182e-07,0.013453329659802,4
"20353",0.68923524832049,3.99136757683988e-08,0.000161794414175363,0.284543140917492,1.16104595125432e-08,0.0260597648237076,1
"20357",0.00217671975390996,2.57427837772757e-10,4.46893339344585e-06,0.000734360482441643,1.19567942053287e-10,0.997084450453259,6
"20360",0.680518372175029,7.72208712301038e-07,7.37029694925675e-05,0.00501637987130642,0.0002833079986092,0.314107464776851,1
"20364",0.294194969897393,1.15075474309665e-05,0.0270355108137118,0.676367601055203,2.78677673778839e-08,0.00239038281849357,4
"20366",0.000833313626242471,9.8646590844752e-06,0.00640518286170041,0.000947774196020217,7.22499937246548e-09,0.991803857431953,6
"20381",8.29697882002312e-06,0.0160234865000718,0.00339577421692806,1.0204086722789e-06,0.98057130636718,1.15528327766595e-07,5
"20391",0.588869254819638,3.82759174146297e-08,0.0265519924999343,0.168141952233579,0.200904923786749,0.0155318383841824,1
"20394",0.0239307895891718,0.00105595389145512,0.972756134374264,0.000119088846786261,0.00213630640949761,1.72688882555875e-06,3
"20396",0.000114358515418058,0.0133426518020326,0.22951304914959,7.59527248483139e-07,0.757029169078889,1.19268214839296e-08,5
"20409",0.000240263837585904,0.163022992997553,0.214120160645726,0.621721413695484,5.82199703876953e-06,0.000889346826612883,4
"20411",0.0294894720214022,2.35556699596369e-09,0.000204574080909225,0.85134117573968,8.07289170382206e-09,0.11896476772955,4
"20416",0.000148411552121202,2.11290793698238e-11,1.97306624573178e-08,0.0267767767176871,1.21454761871864e-10,0.973074791856945,6
"20418",1.53477096519897e-05,0.0607842790487439,0.162572057320507,6.76497873670127e-07,0.776627633250888,6.17233534698239e-09,5
"20420",0.00142802483485323,0.000236131099186934,0.0263579955355439,2.30537319311873e-05,8.79604653582232e-07,0.971953915193831,6
"20422",0.034991139001711,4.59591736084571e-05,0.000302507069474349,0.96436625430109,4.01296774606747e-08,0.000294100324438429,4
"20424",0.0912848684523814,7.73685947420936e-09,0.000135151932331698,0.86616303830402,3.75548718588841e-09,0.04241692981892,4
"20426",3.9410831429991e-05,0.000104817711176679,7.63015384599919e-06,3.85744444029207e-06,4.41795095995651e-10,0.999844283417312,6
"20428",0.155155787947977,1.19279771915569e-05,0.0369719516597063,0.805714188037623,0.00213150425393487,1.464012356688e-05,4
"20431",0.268163574202987,0.104398418247993,0.599699519109714,0.0233742592649521,1.5580448486095e-06,0.00436267112950562,3
"20433",0.000631103233622965,9.55773059370109e-09,1.28833364248215e-06,0.999209152470754,0.000144420424311303,1.40259799382641e-05,4
"20436",6.13812793753863e-05,6.95869078546835e-06,3.49987915928589e-05,0.00673997696182544,0.993156549952909,1.34323511882511e-07,5
"20439",7.32874671349491e-05,0.217080776022957,0.522628391632897,3.23916558809237e-06,0.260214285459281,2.02521430588718e-08,3
"20441",0.0144974458121198,1.74289670914126e-07,5.04840562708023e-05,0.000676022004979018,3.65606004588865e-10,0.984775873471354,6
"20444",9.89914648676451e-08,0.999836008241967,0.000161213026452443,8.76952877216421e-08,2.58542113436528e-06,6.62369312431886e-09,2
"20448",0.000128514668462493,0.145327777395477,0.843946217589488,0.00941266638148448,0.000167786739522705,0.00101703722556522,3
"20536",0.00752275352803748,1.35416172196977e-05,0.232558432977957,0.000156795926236512,0.759748082447985,3.93502564863456e-07,5
"20538",0.000500302804864457,1.58141660318992e-06,0.0571781328358608,0.219958747520139,6.62575762701135e-06,0.722354609664906,6
"20541",0.00387422419789015,5.17999346794787e-09,3.84395323523682e-06,0.930008402890019,8.20194696534043e-11,0.0661135236968424,4
"20544",0.00383323551484382,0.00417972540299403,0.78685705076661,0.204404502066268,2.74473862286113e-06,0.000722741510661155,3
"20546",0.0106528625253768,9.88789603218572e-09,0.000728115608249385,0.982409177412327,7.22001325178321e-09,0.00620982734613755,4
"20550",0.99158378643874,9.76761015158209e-05,0.00340716516329313,0.00464788594928748,9.19019322356598e-07,0.000262567327841011,1
"20553",6.09352853386901e-06,1.55494078456665e-07,3.99925660222078e-09,0.0195656048958813,7.43180123816944e-10,0.98042814133907,6
"20555",0.00440744685302679,1.17669972722528e-07,0.00138384341684828,6.06504448579986e-06,3.78937243098602e-07,0.994202148078423,6
"20557",0.952992216161719,0.000332301142029374,0.0222358375937283,0.0106625869743938,2.29803105883305e-08,0.0137770351478186,1
"20559",0.000303972890195697,1.29888847784883e-06,0.000187866446355355,0.999458780878254,3.0749227340713e-09,4.80778217944328e-05,4
"20561",0.000703272234746175,0.27010576644908,0.72837654490037,0.000782799491800195,4.38414880813475e-06,2.72327751962515e-05,3
"20564",6.62972006705041e-08,0.999975910263437,2.31825742729713e-05,1.70363814611358e-07,6.47518012515858e-07,2.29832617757514e-08,2
"20566",0.154065354413292,9.26983662019922e-05,0.0597201129906998,0.786069731905541,4.5780775164408e-05,6.32154910096909e-06,4
"20569",7.65213798469222e-05,0.117053533612601,0.882458645591618,1.20013574555846e-05,0.000399165702853161,1.32355625289513e-07,3
"20572",4.0017615735067e-06,0.921840747738411,0.0775159047915916,6.87167637332506e-06,0.000632456084354273,1.79476962810123e-08,2
"20574",0.00214526670495794,2.80285254466554e-06,0.000131022537532892,0.99586273278794,5.6518660973658e-10,0.00185817455183825,4
"20576",3.00019654794009e-07,0.999819153408946,0.000178770777599111,1.24197298833017e-06,4.67593746669381e-07,6.62270650587486e-08,2
"20578",0.0400743124344732,0.00556700339874057,0.165500504144265,0.788298779039538,1.26610567417849e-06,0.000558134877308535,4
"20580",0.00278729329018311,5.90400732206311e-05,0.148045355970924,0.849045511924838,1.41355438269197e-05,4.86631970073509e-05,4
"20583",1.90694895407433e-07,0.999907044786141,9.13513327699933e-05,8.96713407342593e-07,4.64847620686603e-07,5.16251659158479e-08,2
"20586",0.00313857557883452,2.78203258659202e-06,0.0789685668054116,0.916294237223215,8.11539654147032e-07,0.0015950268202977,4
"20589",0.00553608416965623,7.54329436341222e-10,1.36913181682627e-05,0.994311086896833,1.04697314946432e-07,0.000139032163698458,4
"20591",0.811033876979048,4.00828750418806e-06,0.145828445275727,0.000963789876889461,1.38530996331725e-05,0.0421560264811976,1
"20593",0.000372092422013022,1.21254202330303e-08,6.7035505908067e-08,0.999574259950763,8.38292473879389e-09,5.35600833726436e-05,4
"20595",0.000321253818456465,3.73091673179237e-05,0.00270593067251205,0.996692806751565,3.73387010216622e-08,0.000242662251447141,4
"20597",1.62046990827541e-06,4.64146112259177e-06,0.000939496154482312,8.81232401579314e-08,0.999054152934079,8.57168024479496e-10,5
"20599",3.96059525033174e-08,0.999961075944653,3.7522518718606e-05,2.32325263302857e-07,1.11756276020314e-06,1.20426526750977e-08,2
"20601",0.0232260599311942,0.00026256759020233,0.976269198542877,0.000215527546248814,3.91487359500195e-06,2.27315158823387e-05,3
"20604",5.04699927675119e-05,6.92308741419928e-07,5.08987795724051e-06,0.99989360071409,1.79626800863996e-09,5.01453101760599e-05,4
"20606",0.000655109508561876,1.726748885052e-08,4.21537723017743e-06,0.999281446380342,2.91898470087148e-09,5.9208547392051e-05,4
"20608",0.0265955705150634,2.31736569828091e-07,0.000259584582243923,0.97313569620536,1.34548901325939e-06,7.57147174954822e-06,4
"20610",1.21232403054518e-05,0.998914575024132,0.00106560740212312,6.64256848038188e-06,7.10803306964512e-07,3.40961651860478e-07,2
"20612",0.000352441993096657,0.000911611160556415,0.00124011439932398,0.215950903734854,0.638936813881277,0.142608114830893,5
"20614",1.50695905467874e-05,0.99312359740123,0.00685967528902148,8.09387012404557e-07,6.53476284775901e-07,1.94855904686982e-07,2
"20616",0.00127599984035909,0.000492410723299656,0.993465306855249,0.00466174384150279,3.49973060314377e-05,6.95414335582374e-05,3
"20618",0.00194469009820928,1.65086728624184e-05,0.000779238325406192,0.000169319405834605,1.68805208468025e-09,0.997090241809635,6
"20620",0.00013129585432891,2.15306340886973e-05,0.00035408356742389,0.999432590628376,2.97882132783039e-05,3.07111025037871e-05,4
"20622",4.1180406840313e-07,0.999467541864271,0.000527475443094857,4.19845734057836e-06,2.712319502467e-07,1.0119927424965e-07,2
"20624",0.000609002098458062,3.34677237673864e-08,0.000294362273129341,0.970851536463963,2.43260422297011e-08,0.0282450413706836,4
"20626",0.00932805010817892,0.00110443112541268,0.0126552133271323,0.765335682814157,0.21157558290694,1.03971817860654e-06,4
"20628",0.600092625284552,0.000365616286287809,0.124444611517564,0.135078854826724,0.139920978373808,9.73137110643761e-05,1
"20630",0.361819639732465,0.0132239508218423,0.0520727621995669,0.572725429968702,3.04756868113586e-06,0.000155169708742507,4
"20632",1.42450131684911e-06,0.990055324754489,0.00904000254275397,1.01546746366694e-07,0.00090314410528004,2.54941387330649e-09,2
"20634",0.00118471553761003,1.28562711578217e-08,7.61769277832334e-06,0.998768450855549,6.49694616465983e-09,3.9196560845879e-05,4
"20637",0.000853764695178099,7.75801172125886e-06,1.4105097079462e-05,0.00655203089512713,6.35279834448087e-12,0.992572341294541,6
"20639",9.75306762450781e-05,0.582581415553265,0.417304714128111,1.09037697297867e-05,3.47132914063826e-06,1.96454350791718e-06,2
"20644",0.00045715628711008,1.90999570698651e-08,2.08681850728111e-08,0.297608126611301,6.35470048471936e-06,0.701928322432962,6
"20646",0.307933466948821,1.00451134699003e-05,4.18947288078245e-05,0.676863567591418,0.00160523585869579,0.013545789758788,4
"20648",0.00067790145066539,0.00700273872103681,0.992226268627624,7.65305404251862e-05,7.6583424989159e-07,1.5794825998887e-05,3
"20650",0.00169570370675449,2.75813174651597e-08,6.6915923293608e-05,0.666116979401299,1.74173237865374e-08,0.332120355970012,4
"20653",0.0500523180628281,0.00309480219528043,0.946210473711113,0.000270763021842592,8.87198701924699e-05,0.000282923138743224,3
"20658",0.000959876049432193,1.34364476889781e-08,4.64131045894589e-05,0.998843556647779,0.000146352222585082,3.78853916624159e-06,4
"20661",0.000626713869416912,8.402722072719e-07,0.00417384018508424,0.0349944128959615,9.46434476166057e-05,0.960109549329713,6
"20663",0.0322075952491934,5.39817565818529e-06,0.380493429350479,0.585699649329585,3.1636288707061e-06,0.00159076426621366,4
"20665",7.76206993718228e-08,0.999922317714935,3.65553744071648e-05,1.78639920228069e-06,3.92596519072839e-05,3.23884963480434e-09,2
"20667",0.914127149764975,5.14662786355382e-05,0.078141852535184,0.00325301263676448,0.00436865218475035,5.78665996899852e-05,1
"20669",9.43254900073628e-06,0.000167587323728755,0.035602712355026,5.77539694155005e-07,0.964219656632272,3.3600278266588e-08,5
"20671",0.00597648255076426,7.67786951300927e-05,0.00131584354627463,0.145830442808156,1.92017545433174e-10,0.846800452207657,6
"20673",8.29591562214703e-07,2.44583212996092e-05,0.000917271012383319,4.91147070875781e-08,0.999057391582423,3.77624540916506e-10,5
"20675",0.00191794757756788,1.49818534915945e-05,0.773729987401288,0.00715231977760413,0.217179752911705,5.01047834308426e-06,3
"20677",0.02968728754728,3.97125245766113e-06,0.396209362852068,0.573260336665204,0.000613197555235127,0.000225844127754574,4
"20679",2.21653877064264e-05,0.000723805973547857,0.0375916967824203,1.48786768119258e-07,0.961662170344092,1.2725465271772e-08,5
"20681",0.00202361891254131,1.51212970676972e-05,0.943259726916858,5.56448039269148e-05,0.0546438937179099,1.99435169673328e-06,3
"20683",0.185043200731399,1.17912745606295e-05,0.425552782082724,0.385146697665303,0.00418470346360323,6.0824782410013e-05,3
"20685",0.010453410006595,6.62028869855842e-05,0.0120507234589416,7.5422946414429e-06,1.60260840887282e-06,0.977420518744427,6
"20687",3.28446202428857e-05,0.902558796843046,0.0974022065677578,3.55983728990761e-06,1.96463521755262e-06,6.27496445596223e-07,2
"20689",6.37584419613876e-05,8.21806120933031e-09,6.50629262639334e-07,0.138422240124966,1.35808543051445e-05,0.861499761731444,6
"20691",2.07316865955976e-07,0.999754530215904,0.000244586019039004,2.01153205655142e-07,4.49076534103004e-07,2.62184515066383e-08,2
"20693",0.000163851932679917,1.22278447706222e-09,5.21587613726235e-06,0.998660149000184,3.40159772859753e-08,0.00117074795223731,4
"20695",0.000799824377696673,0.00170727779209099,0.997398524375675,7.92395950915159e-05,1.08901614875556e-05,4.24369795876242e-06,3
"20697",0.000265303335267112,2.90595513384365e-05,6.14298269897979e-05,0.999389016146563,5.58467808296388e-10,0.000255190581373994,4
"20699",0.00710272776108252,9.31937329027378e-05,0.629121173739041,0.348015767295201,0.0156626665007522,4.4709710205836e-06,3
"20701",0.123654714258661,2.25676309369687e-07,0.0362245514000393,0.83942397949815,0.000575958814121662,0.000120570352718401,4
"20703",0.00660533759451794,0.000116426627234902,0.0138127572480515,6.25747307800136e-06,0.979038490886536,0.000420730170581494,5
"20705",0.021626526521454,8.49252625642523e-08,0.000780056916149159,0.973994520544965,5.1301893030091e-08,0.0035987597902765,4
"20707",0.0241410757340688,8.84250414761812e-06,0.972904660307326,0.00279066810418241,3.87062250773542e-06,0.000150882727767376,3
"20709",0.000763436468118256,0.895328070710108,0.0773510613269583,0.026250525050463,0.000303830864805929,3.0755795471778e-06,2
