"","V1","V2","V3","V4","V5","V6","V7","best$classification"
"19811",0.0409901997050557,0.91711352348805,2.51543959333447e-09,7.79794318208894e-07,5.11203634760909e-07,0.04183968796559,5.52953279121442e-05,2
"19813",3.47295103207545e-25,0.835549164751625,2.42646198571142e-14,4.34085405993823e-14,4.61246818428685e-30,1.66917623368146e-06,0.164449166072073,2
"19815",0.872655682954546,1.21398949768051e-09,9.49534579129712e-05,0.00876451558654411,5.50513952359586e-19,0.118484831643825,1.5143182967531e-08,1
"19817",0.988786433419334,3.77638962215675e-06,0.00021928035944494,0.000352181158095797,1.28701794532446e-07,0.0106381890748062,1.0896902255478e-08,1
"19819",1.43255383118256e-42,9.17898690615847e-64,0.111318301719514,0.860077421972233,1.45674496732736e-39,7.96877654421593e-06,0.0285963075317094,4
"19821",0.0276448801349483,0.524487367620167,3.56208408548571e-06,1.61765965795161e-08,1.29282665942314e-05,0.400984566234652,0.0468666794829558,2
"19823",4.2334440419376e-06,4.3087589894157e-22,6.31943686888949e-11,0.999654712003239,2.94032419280283e-23,0.000335375351479949,5.67913804495614e-06,4
"19825",4.48439186039499e-49,8.78660858527663e-28,1.26897444460404e-08,3.35192577714504e-15,4.49390970792306e-17,7.67431428563905e-08,0.999999910567109,7
"19827",0.474837153014635,3.45005718790309e-14,6.29922883121063e-06,0.00321520623528111,0.498004503355964,0.0239229869739562,1.38511912984089e-05,5
"19829",1.33618381374957e-22,1.70878100601404e-24,0.952154520532958,1.02646555727436e-07,3.03185225693129e-11,1.83674497839502e-05,0.0478270093403834,3
"19831",3.22426867320817e-33,3.78114263171632e-41,0.0754310615604525,0.912966866576615,5.75814073013671e-50,4.98576894799338e-08,0.0116020220052426,4
"19833",2.02696114529136e-94,1.33765186865303e-61,3.39474412698694e-27,3.35598063081629e-05,3.6529019091018e-62,5.18229983890515e-22,0.999966440193692,7
"19835",0.0276448801349483,0.524487367620167,3.56208408548571e-06,1.61765965795161e-08,1.29282665942314e-05,0.400984566234652,0.0468666794829558,2
"19837",0.951018203473713,8.79804844534154e-09,0.000845685591477691,7.97681044015271e-05,0.0433454641269269,0.00471078560290047,8.43025314221739e-08,1
"19839",8.40378767053246e-25,1.04883051280295e-12,0.0109858821261274,1.15636905666603e-11,6.17968639209003e-09,0.0910640851536697,0.897950026527904,7
"19841",1.22656695353689e-33,2.80386012729951e-13,1.15812240786257e-16,2.04353242555749e-20,0.176339980050609,1.40815642451599e-09,0.823660018540954,7
"19843",4.73599621232298e-57,8.31254333845367e-20,0.00367042610651544,1.29868241837427e-11,5.9133589869569e-56,0.000698915286274921,0.995630658594223,7
"19845",0.000233913401172821,0.998340953660934,4.82444180567331e-15,5.29655048215462e-09,8.11216668655899e-27,0.00115488188865968,0.000270245752678068,2
"19847",0.0107104287825342,0.00161849977721095,0.000864349452467151,0.00266541238502108,2.57563320525378e-24,0.984141276174128,3.34286382828049e-08,6
"19849",9.62519588928267e-21,0.999039839749569,1.12843161711943e-21,1.85997518008552e-15,1.5789406199927e-29,8.90779701833415e-08,0.000960071172458923,2
"19851",0.99414885738893,1.12112885109195e-05,6.57361534302282e-08,0.000748451456088669,8.49902591320118e-10,0.00509141276134814,5.19065774349227e-10,1
"19853",7.42529529618213e-05,0.00349371929172,1.54490642225805e-18,0.994091406414923,4.35008490847711e-17,0.000483836057233287,0.00185678528316236,4
"19855",0.990260969039831,0.00451148768959944,4.2857035200037e-08,0.0027123917786564,1.88065564326393e-06,0.00243797811142646,7.52498678076539e-05,1
"19857",0.212638479214469,0.0240436685079672,0.718569025898102,1.29076618520007e-07,8.57549178711414e-06,0.0278839680261766,0.0168561537848798,3
"19859",0.917933776769923,4.16855630989721e-08,0.0149223312927455,0.00672179905542494,1.33750583167701e-05,0.0604061868496334,2.48928839311002e-06,1
"19861",0.0118006478922269,0.96682538188187,1.5213577464634e-11,2.18689816176231e-05,4.95119988760872e-14,0.0213502337749672,1.86745405521608e-06,2
"19863",9.71357987621902e-33,0.918293513961279,1.11287712477308e-28,5.80573039064991e-24,2.4619485439418e-09,6.03751940196975e-11,0.0817064835163976,2
"19865",2.2774379785923e-05,7.95533272438928e-10,1.65772100442257e-11,4.200760134914e-12,0.9991879662529,5.94614834798474e-06,0.000783312402654923,5
"19867",0.328772372364562,0.0342769974006469,8.56599242691709e-07,0.00188572057224666,5.69417858484001e-26,0.635064036850427,1.62128738460551e-08,6
"19869",7.46238181228714e-13,0.999360340246899,4.64725221976068e-20,2.00720560284576e-12,5.13168927653048e-12,2.65394943019944e-06,0.000637005795785688,2
"19871",0.921609752836686,2.80885376287933e-11,0.0736232669689364,0.000533220791434789,0.0025023804988558,0.00172657499646492,4.80387953349618e-06,1
"19874",0.99115029302918,2.02611053880283e-09,3.07689292893011e-10,5.52567960446196e-05,0.000701805199394081,0.00791808049658454,0.000174562144996461,1
"19876",0.999874035470169,3.07154636725046e-05,1.78491850295436e-12,4.08675535079366e-08,3.90460068847475e-05,5.42824261580892e-05,1.87976377718501e-06,1
"19878",2.87725040885738e-29,1.84937501385358e-19,4.52598006679807e-06,1.26361521997954e-05,1.26575850901446e-28,0.999318375919343,0.000664461948390865,6
"19880",2.43781357723597e-08,4.3346492686665e-08,9.67012267093266e-18,9.2433386804787e-14,0.999757083505394,5.31065712608111e-09,0.000242843459227476,5
"19882",0.000126471363043108,0.934396928316312,1.68832304023745e-13,3.24202630628848e-07,1.15463241707343e-15,0.0620666239593072,0.00340965215853649,2
"19885",0.799622839183509,3.30682034628495e-05,0.151585447767042,0.000142817014147462,8.81141471271281e-08,0.0486154758727755,2.63844916860236e-07,1
"19907",0.00274597717150385,0.70978631254199,3.61939539657104e-09,3.86206359078018e-05,1.18051539368496e-22,0.287423462335783,5.62369541966831e-06,2
"19909",3.87999612532353e-14,1.35725002415054e-13,0.998703683795959,4.14156361444203e-06,5.5905499593787e-25,0.00108790219087138,0.000204272449380054,3
"19911",8.07800728847162e-17,2.28212789890849e-22,0.973600606004724,1.08544569422341e-06,4.64917579957083e-09,6.25351695191666e-05,0.0263357687308866,3
"19913",1.59557064667621e-18,1.85478057077509e-17,5.21341045428905e-19,6.0508728052971e-17,0.999309371815706,1.33268087948039e-12,0.000690628182960928,5
"19915",0.0626687833411524,1.34858533682545e-09,5.57301462937739e-10,1.74782705203489e-05,0.936746993907756,0.000565375527508117,1.36704717604351e-06,5
"19917",2.27807814126971e-06,7.0262563343017e-11,2.93138694217385e-08,2.75929920573482e-08,0.994054649531926,0.00130396732555379,0.00463904808725529,5
"19919",0.91179493981154,9.78082639198913e-10,4.20331102730329e-05,0.000338557235047131,0.0672592225379317,0.0205617127689012,3.53355822468528e-06,1
"19921",0.986829132455395,0.00172991815270524,2.21708905284703e-06,0.000131933258849786,1.56211614013205e-14,0.0113067967327537,2.31122751083019e-09,1
"19923",8.15898113101625e-13,9.70555590976001e-14,1.72139387512622e-06,0.0173284662325919,2.97251935356395e-33,0.982660142305854,9.67006676651158e-06,6
"19925",0.00160057277876037,4.75579032857128e-11,1.35369546441082e-09,3.93576330923551e-07,0.997868544348446,0.000463461295573923,6.70265996358028e-05,5
"19927",0.98652108314064,4.9973793248497e-05,8.25032420610026e-06,0.000769698543886757,1.06289389298736e-12,0.0126509655993363,2.85976195646359e-08,1
"19929",3.03184445867213e-19,0.737093935147751,6.40307617054203e-26,1.41345333408152e-24,0.00368078730338586,1.63335548753931e-12,0.25922527754723,2
"19931",0.274880431197369,6.4537597441189e-09,0.00117738486803445,0.0142191749453919,6.50981418665087e-13,0.709722911040478,9.14943159544288e-08,6
"19933",1.65813275956389e-05,6.92843657627141e-18,0.600105638800966,0.00433086619851636,1.71168200631509e-12,0.395544168719536,2.74495167459597e-06,3
"19935",0.000142041008932725,0.000118650280766823,0.00954698733712882,6.89372594566034e-07,1.52640117074667e-13,0.989939517806018,0.000252114194406122,6
"19937",0.99384602497683,4.30969247049623e-09,3.00138895870835e-06,0.000828824362371854,3.09495345375289e-17,0.00532214487303872,8.91079506190167e-11,1
"19939",0.00336493652366445,3.06425882354177e-08,0.000165290017977821,0.00357184693888463,2.27896860774265e-11,0.992884756291989,1.31395621057235e-05,6
"19941",3.71100312161016e-24,6.48772598425826e-19,0.262433905512507,3.89721369575934e-10,7.57168368501201e-08,0.0103032179202324,0.727262800460702,7
"19943",7.20318645881058e-06,2.88033788457544e-15,2.2431194075309e-12,2.77722621066033e-09,0.997958090003188,1.37416435140545e-07,0.00203456661444626,5
"19945",1.04566904376343e-06,5.60862263274206e-20,0.655997272073023,0.00716054429061665,1.8095532502917e-14,0.336837434565548,3.70340175028114e-06,3
"19947",1.97843255181702e-24,1.88308096718009e-16,0.00110356318203884,2.43962492126536e-12,3.47686722080391e-08,1.06623438381066e-11,0.998896402036187,7
"19949",1.94304857311008e-09,5.01086004372099e-17,0.00201027727484649,0.0261854191520543,1.45416268720117e-31,0.971804096341015,2.05289035076067e-07,6
"19951",4.76976204453252e-06,1.44401087335632e-09,6.39179070751866e-07,1.33741021059838e-05,0.238248145407408,0.731868215817032,0.0298648542883277,6
"19953",2.21332259290647e-34,8.89331644472817e-50,8.49616854914231e-05,0.999830698112947,5.77641948846423e-56,1.73146972908038e-06,8.26087318331414e-05,4
"19955",6.79985022478195e-22,4.63575262212201e-22,0.871737056695594,0.0385948207399356,2.69992271391401e-39,0.0175094785850686,0.072158643979402,3
"19957",8.94240879561098e-07,4.30120305652252e-17,0.0113108476520674,0.162280327136711,0.00171996872025382,1.33542137754444e-05,0.824674608036312,7
"19960",2.29263678922065e-26,4.62973486159744e-21,0.639338292758155,1.02823325293762e-09,1.30677251486749e-19,9.49361059478036e-06,0.360652212603017,3
"19963",1.04630405608944e-52,3.30970527486535e-44,6.53952295720583e-25,1.40297497612287e-07,1.21819137059475e-20,1.18896499993441e-16,0.999999859702502,7
"19965",3.10184088783695e-40,1.75034826338522e-20,0.389836283157401,1.6430491004666e-06,7.28099261365334e-45,0.233091309857945,0.377070763935554,3
"19968",1.86615075828859e-14,0.00718991992565588,3.85279135307049e-08,1.40603930749304e-19,0.00119381355940236,0.000135956677412585,0.991480271309597,7
"19971",1.85181124687635e-54,1.67364764014937e-43,6.47006289347928e-14,1.85607352524256e-10,3.44641553062337e-09,2.28627302560746e-15,0.99999999636791,7
"19973",0.993933925533679,0.000493666343959907,6.9189332995695e-06,3.3204865222074e-06,0.000344976336466694,0.00521705689288988,1.35473183404373e-07,1
"19975",5.64960249843263e-05,8.40959303850382e-06,1.24824676346967e-07,5.88106140725736e-10,0.994615804051729,0.00226254582787763,0.00305661908958813,5
"19977",1.88323145770862e-42,7.36605823750153e-24,2.9258584974258e-18,2.5472209872963e-10,8.89859214472943e-10,1.50047882758012e-05,0.999984994067143,7
"19979",1.11756298190093e-45,1.8902025108698e-53,0.995989395250507,2.67115966200115e-05,2.59947382445979e-29,2.33506465357144e-05,0.00396054250633768,3
"19981",0.0715121623524148,0.000244890266640211,0.908710709720619,0.000381999650905188,9.56003450405708e-13,0.0191120876557679,3.81503526974908e-05,3
"19983",0.00916775754293534,8.16310111674174e-06,0.933843024358363,0.000837132784782352,1.27184473698068e-17,0.0561335341405014,1.03880723015101e-05,3
"19985",0.834849227547984,1.11429627588392e-05,3.77269807012146e-10,2.11453515863812e-07,0.164565004620481,0.000512351098850793,6.20619391389457e-05,1
"19987",0.0562306614473115,1.47390477941707e-12,0.708273144390032,0.00331109770872898,0.00247347680612928,0.229710381942689,1.23770363517535e-06,3
"19989",1.98010320318296e-33,2.29010130312133e-45,0.957209833792691,0.0342763143098192,6.5610842356573e-50,0.00850632269858067,7.52919890859536e-06,3
"19993",5.57900872114561e-11,5.15997283541423e-18,0.00514682067999267,0.000589634597791521,8.35724297057001e-09,0.994073605402547,0.000189930906635308,6
"19995",3.48357188005568e-10,2.10657292899202e-14,0.0264258478823836,3.17000246508072e-06,1.21669450391822e-10,0.971947595843369,0.00162338580173467,6
"19997",0.98601862731195,1.29951648938571e-05,1.45553834812344e-08,7.8908386305078e-05,2.28782282145575e-06,0.0138869739300609,1.92828584485692e-07,1
"19999",0.00224610508651052,0.00610745144125769,4.09261887609607e-10,1.93513235497627e-06,0.991004240065194,0.000635302436868963,4.96542855160745e-06,5
"20002",2.55867869738621e-45,4.05141286508824e-11,1.30755175371169e-24,2.1219664793159e-19,3.02543997471637e-15,1.71510993786476e-09,0.999999998244373,7
"20004",6.0882082961011e-11,1.39359516201122e-12,0.97389934814226,8.05241417554698e-07,5.29659093155575e-14,0.0259991791842123,0.000100667369781947,3
"20006",5.10542321848702e-34,4.89930135587178e-24,0.037726740249593,4.96638160469694e-08,6.30431116471859e-23,6.18561177058145e-06,0.96226702447482,7
"20008",3.06733330525036e-33,1.0074056705784e-22,3.0526324119684e-07,2.86684936716409e-06,5.91657345594831e-28,0.923262671060862,0.0767341568265299,6
"20010",7.45140919623505e-12,1.99067044967553e-30,0.926477946597273,0.0187773506651277,6.67852683781235e-24,0.0547443149542277,3.8777592063273e-07,3
"20012",4.63081797110519e-09,0.0102866474512811,4.13562759879398e-12,1.99841373139341e-11,0.076183908311797,0.0078687507626579,0.905660688819326,7
"20015",5.01602098480283e-38,2.85642279221175e-22,0.945483096194592,2.97201725111359e-09,1.26395766257297e-38,0.040850491608333,0.0136664092250575,3
"20017",0.989894265362523,0.00966156752737514,6.7997484820326e-07,3.55175553806348e-07,9.40456559497315e-05,0.000345513817385635,3.57248636467236e-06,1
"20019",1.07605316170226e-61,2.86874883111759e-64,0.996621210337287,0.000350183325988384,6.14083537493657e-50,2.97147071592188e-05,0.00299889162956531,3
"20022",7.48688240878975e-11,5.18159529847519e-27,0.989455811515872,0.00630969519146192,1.77338106023024e-21,0.00423340950803144,1.08370976557998e-06,3
"20024",1.5997189097146e-61,9.40595183075668e-63,0.000948790670300256,0.990808744294879,2.88361829817954e-75,7.599144597779e-10,0.00824246427490659,4
"20026",1.5997189097146e-61,9.40595183075668e-63,0.000948790670300256,0.990808744294879,2.88361829817954e-75,7.599144597779e-10,0.00824246427490659,4
"20028",0.991318850410323,4.56698355077689e-05,8.58568944567857e-12,9.69522803274124e-06,0.00737703062184997,0.00124766656350111,1.08733220016616e-06,1
"20030",7.50007153021566e-32,4.56883034871058e-26,0.976528965798085,6.24041676998852e-09,8.45674102434271e-21,0.00790046841169037,0.0155705595498077,3
"20033",0.0685051357785943,6.1566608432168e-07,0.000785446040003388,6.93302178377308e-05,0.846253950142827,0.0812683405503686,0.00311718160428465,5
"20035",1.39266234044711e-59,3.85254147689106e-60,0.995011657446781,0.00162779480539053,1.87929588695623e-55,2.16001011772183e-05,0.0033389476466516,3
"20037",8.89789293204315e-56,6.0855021353956e-44,0.989445527362034,3.32926869419618e-05,3.43366798663337e-58,0.00478428751823202,0.00573689243279188,3
"20039",1.94864262832239e-76,2.7433451439895e-80,5.71528172386823e-14,0.997692164148508,1.7689895428538e-108,3.22942033554592e-16,0.00230783585143517,4
"20041",5.37068978347063e-14,6.61438546067774e-18,0.923955794267928,0.0133958714576956,1.1088279615519e-20,0.0245541132337398,0.0380942210405827,3
"20044",2.45937910005969e-19,2.40351136981397e-21,0.0598097486782825,0.000956434165587839,2.41331681779899e-18,0.000386095974264857,0.938847721181865,7
"20047",2.73755217284383e-70,2.43469144913772e-72,0.861764348560501,0.000338398839266025,1.37644602086229e-43,3.41479904102411e-07,0.137896911120329,3
"20050",9.68798129646303e-24,3.40574403309163e-47,0.000876730076847575,0.929370323393088,2.36726811216955e-25,0.0694748886121998,0.000278057917864358,4
"20052",0.0710515787953024,2.49964607577143e-15,0.0223513895842501,0.0324226791028758,0.0376418799735588,0.836429860334293,0.000102612209717633,6
"20054",1.21947467850792e-20,3.4091505151896e-14,0.986142556543545,3.75111955236469e-09,1.90140738623475e-22,0.000632269413264683,0.0132251702920362,3
"20056",2.74122272784061e-14,5.17423734992396e-19,4.18963655679396e-10,3.04814438828774e-09,0.940116603922829,0.00078622750304326,0.0590971651069919,5
"20058",9.84375809832731e-34,6.19205691841063e-38,0.985336196436571,0.00919428767398205,1.54798792595895e-56,0.00546363923438661,5.87665505995594e-06,3
"20060",0.71542501241392,1.34811515520944e-06,5.41797930975528e-05,0.00154224493467111,1.09650843205961e-10,0.282977213844903,7.88602736716423e-10,1
"20062",0.0537363083179905,3.49316006512683e-05,0.00293123605109764,0.00231868213066988,1.14147125553304e-09,0.940960293835018,1.85469231015684e-05,6
"20064",1.69460216688706e-08,1.83150462425732e-20,0.908910991223689,0.000137000003896322,9.73443277530677e-09,0.0909340399507156,1.79421412448604e-05,3
"20066",1.69456036638995e-51,5.21828873224619e-38,0.944247714122823,1.87859585442188e-10,1.20427156443689e-31,6.0373605058991e-06,0.055746248328812,3
"20068",0.920710458264754,0.0256518404485235,4.05387491671562e-06,8.79601312041738e-05,2.00137450986496e-13,0.053545653792086,3.34883153527795e-08,1
"20070",0.60287926198903,7.63808612297418e-08,5.15920819348335e-08,0.0473481773027224,9.39094970790568e-21,0.349770820423498,1.61231180572252e-06,1
"20072",1.81952889832633e-35,1.37769515135099e-11,0.50919487312128,2.12662123252318e-08,1.46661984544891e-52,0.028236158292029,0.462568947306702,3
"20074",1.23467855584421e-19,5.74739585493059e-07,4.12841364562e-24,4.56548371190423e-20,0.991098212498551,4.56666834546579e-12,0.00890121275729724,5
"20076",4.60485092306884e-10,0.0135569927039416,0.000657990321984781,5.78199052473934e-17,0.00939467583655304,1.89983843662003e-05,0.976371342292669,7
"20078",7.46078347220345e-12,7.63457909469682e-23,0.889197527440381,0.00168716163266685,7.96328202163521e-15,0.108859735299445,0.000255575620038567,3
"20080",2.2371488637767e-45,9.18096133739318e-58,0.997885817171657,0.00078085784659617,8.72982361191732e-37,0.000884807284081307,0.00044851769766504,3
"20082",5.60103274008145e-46,1.33793329559561e-76,2.61026898902115e-08,0.99975257900639,3.48640077904484e-59,9.03948475849683e-12,0.00024739488188103,4
"20084",1.72604594803432e-19,1.02539933513218e-35,0.965959000096042,0.00161737806969852,8.79810356030304e-08,0.00153366056465005,0.030889873288574,3
"20087",7.50897896007754e-13,8.5437220980075e-14,0.363911142483455,0.000555765560360627,4.97753660031098e-31,0.63542912386117,0.000103968094178191,6
"20090",6.31444787299523e-44,4.07186550334429e-56,0.964879962366113,0.0227116936960542,3.87188850009793e-38,0.0111801729158849,0.00122817102194832,3
"20092",1.71988190427371e-19,4.83816650576767e-21,1.22121182924465e-06,0.995547419505935,6.46877504550921e-68,8.82935354293656e-06,0.00444252992869244,4
"20096",4.3950803506023e-12,3.03077381635482e-27,7.68172892930556e-05,0.993851529796252,2.25806842742966e-19,0.000640188571842787,0.00543146433821719,4
"20098",0.704844175717454,1.05187925172987e-08,1.74817402454376e-05,0.000349701615067276,0.262015073127916,0.0326355577953649,0.000137999485159416,1
"20101",1.17927007454874e-34,1.6878986983655e-45,0.941234265203999,3.58693528409086e-05,1.3872515866614e-15,0.00917643857760133,0.0495534268655572,3
"20104",2.92759274594214e-18,2.77437119858887e-13,1.86092575079186e-17,0.706545208771184,9.63474820677091e-45,2.65136167770819e-10,0.293454790963403,4
"20106",3.28874254020445e-21,2.6907375211645e-30,0.941560495184577,1.24513726979028e-05,3.53189607005041e-14,0.0577138031692272,0.000713250273462954,3
"20108",0.953975239499876,8.07327464040491e-05,5.75581345559375e-06,1.18160907512316e-05,9.4246340047995e-06,0.0459149913233645,2.03989214331183e-06,1
"20110",1.18638027707015e-12,1.88031182133751e-31,9.26554812326058e-06,0.928534563399243,6.13872743915849e-08,0.0633632899904421,0.00809281967373099,4
"20112",1.75748923044819e-20,8.21991371592823e-31,0.0296758035955128,0.0263945438840576,9.43388082359412e-23,0.942880110719039,0.0010495418013911,6
"20114",1.06419519097947e-14,1.90539957705023e-28,0.994880870874494,0.000153768327023727,8.04445803794401e-06,0.000634058980229506,0.00432325736020428,3
"20116",3.19658512252729e-16,1.52993736994967e-16,0.972086018519682,1.53376446687798e-09,7.14434532728832e-07,0.00105667344160949,0.0268565920704102,3
"20118",0.0942810281130962,1.53097774902317e-13,0.837791049693692,0.00367179376033397,0.00811633606391763,0.0560267113640975,0.000113081004709511,3
"20120",2.55921148420766e-22,2.93335407907666e-50,0.915831292393995,0.0735025548668307,1.01211407364247e-14,0.0106072437065657,5.89090325981755e-05,3
"20122",1.6697746763863e-08,9.85221964638072e-10,1.56927332274382e-09,5.833496642352e-13,0.998936081505284,5.08750067073497e-08,0.00106384836688366,5
"20124",3.00374038069299e-42,7.61956455901329e-40,0.955152233296995,0.00174093480193207,9.97484478800382e-48,0.000483160541249171,0.0426236713598236,3
"20126",2.39142163851304e-68,1.48837806714268e-64,2.15189266960517e-09,0.0928676821504471,3.72365983472847e-70,4.88892136292606e-23,0.90713231569766,7
"20128",1.32524516412608e-102,6.81718148419329e-86,8.05524459217679e-06,0.00430034646726307,1.89382797537552e-83,1.13571071380456e-14,0.995691598288133,7
"20141",4.0765955185552e-08,4.33460653072762e-19,1.36761476966841e-09,0.99466467744629,2.95943430005882e-22,2.2400932540314e-10,0.0053352801961306,4
"20143",1.73393735522282e-31,1.7348833486686e-14,4.14373419640546e-20,1.51841311915164e-16,0.00665489203503722,1.72190552230636e-10,0.993345107792755,7
"20145",1.08706625339067e-11,2.68827105652337e-33,0.955625144439363,0.0122902783566498,4.33837452478588e-18,0.0320839854368314,5.91756285464933e-07,3
"20147",6.69657986500074e-13,7.90073406636359e-24,0.982046337386002,0.00040916504198254,1.71384810417863e-16,0.0173447794640605,0.000199718107284686,3
"20149",1.75336349694293e-06,1.34090022548756e-09,8.01823526336651e-13,4.06598024329329e-12,0.989701591652027,4.14196701223322e-08,0.0102966122190377,5
"20151",0.922129073111389,5.52891130650677e-08,4.68812229108937e-07,2.27071170317523e-05,0.0636143745864459,0.0142325969940338,7.24089757038687e-07,1
"20153",7.47577480844529e-08,7.21730227203308e-29,1.39779510804653e-07,0.579577016260301,0.353690316818011,0.0656084051119974,0.00112404727243205,4
"20155",1.13652185635311e-25,7.97610173291726e-29,0.994981908565821,5.26413036927651e-05,3.3559068452792e-26,0.00249330922640657,0.00247214090408001,3
"20157",0.326430728295101,1.03769733178223e-10,1.93696593046297e-07,0.0008034264243135,0.60103276008442,0.0717242897659311,8.60162987167339e-06,5
"20160",3.15281493762689e-16,8.10874502130983e-15,2.75660905782384e-19,4.79357387479049e-17,0.999675195344359,2.10721529872233e-12,0.000324804653525869,5
"20162",9.73903609079687e-05,2.90457684673729e-08,9.03756712924593e-16,8.41174476423211e-12,0.999736184966458,7.31991406135891e-08,0.000166322419312246,5
"20164",8.61417155808277e-09,1.729777094871e-13,9.02438093217116e-10,3.17565844622304e-06,0.889234491707945,0.0287357999360468,0.0820265231807792,5
"20166",1.47245484761961e-46,2.93441661480894e-21,0.00593329430718429,3.1779866628548e-18,5.63344092541538e-20,4.28963892741229e-05,0.994023809303542,7
"20168",1.68836560940131e-46,1.70991616012767e-05,3.22997343767408e-14,2.29633048500679e-22,1.97321356435851e-27,3.41828292990222e-09,0.999982897420083,7
"20170",0.0003566598677317,6.52044342610069e-14,1.34254312766707e-05,0.00030086093270412,0.998958438592509,0.000360658158325044,9.95701738771667e-06,5
"20172",1.97937557593124e-12,3.54783542119108e-26,0.980328220279143,0.0149012053256083,8.68332328098103e-33,0.00477022280618085,3.51587088131694e-07,3
"20174",0.55033227260034,0.445622433199343,3.77413676138861e-12,1.45470019885742e-10,0.000998420506376669,7.4567709396173e-05,0.00297230583529981,1
"20176",2.97619061742153e-35,0.011968456077913,1.37364845645395e-14,4.76990908655777e-18,2.5822921897672e-28,9.98864515539452e-05,0.987931657470519,7
"20178",1.28660007590371e-17,5.80258713458382e-17,1.46065960271096e-19,6.63481305989851e-17,0.999368918536093,3.04653462546026e-13,0.000631081463602216,5
"20181",5.7081221734891e-35,2.46172312686029e-32,0.907362303989802,3.22506888416404e-11,3.21289255313348e-13,0.000242457515936638,0.09239523846169,3
"20183",0.964957684281675,6.21590010073724e-11,0.0083191189895477,0.0094889794730126,5.21917253537332e-18,0.0172342167795582,4.14047796393287e-10,1
"20186",0.000337032022870991,3.11242249627204e-06,0.00103511885850557,0.144787209289078,9.05742622411762e-48,0.853837329190495,1.98216554185818e-07,6
"20188",1.05677991352911e-13,2.72140964837065e-14,1.40569287974883e-18,1.26108879300334e-12,0.99923186771453,1.58603204920575e-08,0.000768116423755845,5
"20190",7.98156559153672e-36,3.39669436695756e-33,0.981786718010168,1.73625364336314e-07,2.11972810204312e-30,0.0173911136741505,0.000821994690316626,3
"20193",1.13802888267942e-43,1.83578740744847e-09,8.40307757529047e-19,7.24242736640315e-24,6.80669349524246e-07,5.41950868139768e-07,0.999998775543995,7
"20195",2.69770745782798e-07,1.78272526610348e-12,2.27366198069654e-07,2.01408815727444e-05,0.636228776857624,0.336378058489224,0.027372526632852,5
"20197",4.66476484471031e-17,2.79804306684047e-24,0.930502218674779,0.00317783615680906,1.83057583092236e-27,0.0662155684114786,0.000104376756933084,3
"20199",4.20087942046743e-06,1.62607090503777e-13,1.14061518061006e-10,2.36555337134252e-05,0.999784550620014,9.43097253421655e-05,9.32831272855494e-05,5
"20205",7.54331928407576e-42,6.14574295962152e-63,2.42200892939461e-11,0.99659127848651,7.26007180600411e-69,1.17896121678166e-10,0.00340872137137368,4
"20208",0.00900188348187365,6.43927669268756e-07,7.83518929829014e-05,0.00213802265250628,0.00185602899479087,0.98671277354379,0.000212295506387248,6
"20210",0.000110642177531875,1.34134904921776e-09,5.74676189127263e-14,9.43341941509557e-10,0.999825751908893,1.21980528532538e-06,6.23838235411437e-05,5
"20212",0.00337281732471165,5.56696409529889e-10,2.07740866573071e-09,2.21008330826142e-05,0.959364467579042,0.034549301354015,0.00269131027504337,5
"20216",2.33880201275259e-18,5.83224388284766e-29,0.999395621806852,1.1637707792741e-05,5.00529155640475e-17,0.000555746133993843,3.6994351361404e-05,3
"20219",1.55723577130742e-19,3.26091804575834e-47,0.167295832598944,0.825326066867621,2.83536237094348e-22,0.00640909140768312,0.000969009125751842,4
"20223",6.82084157081676e-74,3.10804692947623e-27,0.000693968780541867,5.38032575156518e-10,1.85164636747009e-77,0.00363280231228031,0.995673228369145,7
"20226",4.51133764333033e-10,1.16340310095248e-18,0.0023413730273898,0.0108787371637551,2.55049625728321e-11,0.986770298236188,9.59109602817264e-06,6
"20230",1.47889193022982e-43,4.07023283771045e-38,0.970111712200411,3.83899646807587e-06,1.51041297522604e-40,0.0275440641052788,0.00234038469784193,3
"20233",8.04731271809561e-36,1.80535486967849e-48,9.79734631990171e-27,0.995900217665824,2.45775156638839e-49,1.42530372246413e-14,0.0040997823341623,4
"20235",3.62599714367878e-48,3.32919107793971e-29,0.00806841403038425,0.0050140123260162,2.00819364075981e-67,0.00152253918935789,0.985395034454242,7
"20239",2.23559604145654e-20,2.4763403709614e-12,0.538430860920773,6.30003409791256e-05,9.09712215320593e-36,0.456014227055842,0.00549191167992974,3
"20254",3.44015937965138e-58,4.08397184513526e-87,7.69180369913245e-07,0.997785058899783,5.57255952617132e-62,2.59583479520447e-12,0.00221417191725092,4
"20256",6.93561026764739e-26,8.79134766108779e-26,0.996552444011688,0.00127161901895218,3.22527815987697e-44,0.000159063345628595,0.00201687362373166,3
"20262",0.0443373710985031,1.26251557153682e-10,4.51944925205827e-07,3.44938916094732e-06,0.955316254014752,0.000340872252049207,1.60117435801782e-06,5
"20270",5.52198466453339e-29,1.65051810775226e-17,2.51724045011147e-06,6.91761597876022e-10,7.98113260769362e-20,0.994954977376611,0.00504250469117749,6
"20284",4.33545099835091e-08,1.28151303411535e-29,1.11099092894722e-05,0.939577282308436,1.51736303170644e-28,0.0604115624446085,1.98315575324799e-09,4
"20287",7.88684122829507e-62,7.26954958167744e-40,0.968127131121614,1.19264418113485e-06,3.2693177472152e-60,0.00823827240812758,0.0236334038260767,3
"20290",2.29768075407902e-28,6.00050039266993e-60,5.59904193458686e-08,0.999989986616949,1.45581043319904e-31,1.23521196969479e-06,8.72218066161654e-06,4
"20293",1.18478438580445e-08,2.33646590336531e-23,0.985574756881519,0.0134743127470161,1.11369051148848e-17,0.000938808438095673,1.21100855255471e-05,3
"20296",0.000583836687109965,0.154621021170891,0.00383135388370131,1.76443639817942e-11,0.549328496220821,0.101274545527901,0.190360746491932,5
"20301",3.52251841709814e-84,2.88615956457743e-55,0.0151378789648195,3.66854700280396e-11,1.064823785679e-35,0.00115888013104009,0.983703240867455,7
"20304",7.25151060748947e-40,9.06821008346651e-71,4.10095234423107e-07,0.999825979087794,7.21554209087876e-58,4.30960230664988e-15,0.000173610816967101,4
"20306",2.58221952625938e-41,1.09105929314839e-42,0.955093296375962,0.00826110873716502,2.90610524425022e-53,0.0354218650039856,0.00122372988288732,3
"20309",2.20634507582879e-11,4.86483996647383e-20,0.418163727877766,0.0667285131981349,1.766370227845e-18,0.515023701490421,8.40574116146334e-05,6
"20311",4.27359913455335e-21,1.82723742682154e-27,0.973719971112211,3.39207669434354e-05,2.00398655945031e-15,0.0237207841252665,0.00252532399557732,3
"20314",0.910244794839274,4.41027685283631e-12,0.000382806490053014,0.00100187809875522,0.0537739626905809,0.0345963052137728,2.52663153532753e-07,1
"20318",1.19293015454976e-29,2.82968589050692e-17,4.03701242393179e-15,1.46550093649273e-15,0.00927774318336455,8.31831859800972e-07,0.99072142498477,7
"20320",2.31863486940862e-08,5.05770420788803e-14,1.464873520847e-07,0.0113750510837592,5.80336028243084e-18,0.988086053957299,0.000538725285190762,6
"20326",0.757334373872147,1.98327913979774e-12,0.000583383532329781,0.00911152617537901,0.00847771594307442,0.224432555992419,6.04444826678307e-05,1
"20328",0.000100100258712557,2.77082322923823e-11,3.65202843712916e-05,0.0383358377336475,8.32058858147069e-34,0.961526853658215,6.88037345272653e-07,6
"20330",8.22887549806324e-30,1.42284108191238e-29,0.902135502634773,0.00227558106129374,1.71517579561275e-34,0.0884536822074004,0.00713523409653248,3
"20336",2.847389866288e-11,1.67786635980131e-39,0.00260081524370427,0.997385092724143,3.1322884586871e-41,1.39420446989372e-05,1.49958979657586e-07,4
"20338",5.1093894218003e-27,5.23654626044008e-52,0.000294419322436285,0.956279098899612,4.81396675373782e-27,9.17055982713173e-09,0.0434264726073915,4
"20340",3.77567448928509e-45,1.68023713577889e-40,0.9837464223824,0.00126418656938873,1.23651346034973e-47,0.000643486608546279,0.0143459044396648,3
"20342",1.58605397095712e-72,8.82705585625398e-52,1.57454170003402e-24,8.93545875456479e-05,2.60619875153443e-49,7.74845207845641e-11,0.99991064533497,7
"20344",1.07877864936162e-20,1.35323258641282e-24,0.415689688624771,0.00428711810751441,8.5471182559943e-37,0.579779001820695,0.000244191447020293,6
"20349",1.16241173959098e-31,1.60311552612366e-31,0.989810433968132,0.000222068020931123,2.37084555916254e-46,0.0098632399638314,0.000104258047105327,3
"20351",1.01360676449286e-11,1.34515411111129e-28,0.983415944350755,0.0163524655722993,4.36394792886862e-17,3.60599898716343e-06,0.000227984067822758,3
"20353",2.00989430447432e-37,4.34980055112829e-42,0.795403155428434,0.121559924857024,4.05885327437057e-41,0.0591099779428258,0.0239269417717153,3
"20357",2.81756457586951e-47,4.94018959835483e-68,5.72008001433556e-08,0.99998369769822,4.15176115941122e-79,7.18353288704934e-09,1.62379174466191e-05,4
"20360",6.21307168163362e-60,1.526233539766e-34,7.82016975420999e-13,0.000769912764828832,3.74175128718538e-64,9.68812827990753e-07,0.999229118421561,7
"20364",9.43754024911441e-13,1.18947530497537e-24,0.705019991062306,0.0136669249983469,1.39992080499814e-21,0.281310489271952,2.59466645084008e-06,3
"20366",2.32949615408168e-18,1.86963208798512e-44,8.90217461874379e-07,0.999981099746534,1.70131005676346e-44,6.6317454103017e-11,1.80099696865067e-05,4
"20381",8.55490335318583e-18,0.0198266715482481,1.2216447995292e-19,2.67980707644261e-12,8.21182447299e-11,4.5455105287161e-07,0.980172873815901,7
"20391",2.79730403411669e-22,1.25315405591111e-10,0.000554533689384778,0.19381638558498,4.05353658664306e-65,0.793964382574032,0.011664698026288,6
"20394",0.385654864018182,0.0213581948677496,1.07434769694631e-05,0.000133882442540092,2.30857222191909e-10,0.592809418495233,3.28964684690492e-05,6
"20396",1.41423212554668e-06,0.999637498035762,2.55718861498001e-18,2.29985192519848e-10,4.98463835844865e-05,9.8853593488414e-05,0.000212387525054047,2
"20409",4.68972807179206e-10,1.50612913103242e-21,0.0163281424185255,0.000601579378436301,3.42496201174978e-06,0.982596916383183,0.000469936388871198,6
"20411",1.42173233753527e-26,1.63814840701539e-40,0.577986047048569,0.421046389629733,1.32740659523523e-53,0.000200857303839543,0.000766706017858353,3
"20416",1.21138332435805e-84,1.34094247538049e-84,4.53783649953326e-06,0.954175190083431,2.05183876796583e-101,2.63308202284782e-14,0.0458202720800428,4
"20418",1.05522059871318e-07,0.997299778496062,3.18889068927892e-19,7.05005222334777e-13,0.00195740730215742,1.46631444984963e-06,0.000741242364566041,2
"20420",1.49665958677673e-22,7.24941832695418e-40,2.44065859186205e-15,0.999668276201739,2.11780567874166e-40,1.19903261846577e-14,0.000331723798246232,4
"20422",6.43889746688436e-34,7.88752324441904e-38,0.759601379925731,3.07618350476345e-05,2.40674946067006e-24,0.240067212299704,0.000300645939517506,3
"20424",1.46101452641898e-25,1.91916832440245e-39,0.882794062324454,0.116756114421243,1.37871125471854e-47,0.000246939373052386,0.000202883881250509,3
"20426",1.3432820855082e-60,7.03946992271724e-78,4.51285388440066e-24,0.790259173288392,9.46076967846435e-41,1.43236868473802e-17,0.209740826711608,4
"20428",4.94133086921099e-11,2.73108642947401e-06,0.964666027899852,2.79705620321896e-07,4.04521240887615e-22,0.0297637495056116,0.00556721175307389,3
"20431",4.65527911219393e-12,1.48003944213624e-22,5.26912798829297e-07,0.0439053007625741,8.97607678567715e-07,0.955118280748289,0.000974993964003977,6
"20433",2.19563534210058e-71,2.55200230261637e-31,0.00898012989042767,2.74349374615817e-12,8.94251411588278e-53,0.0355749653882938,0.955444904718535,7
"20436",5.43319134417523e-47,3.30160556210322e-06,1.24008396485355e-07,4.50427131150325e-21,2.05296653240392e-30,2.53604326706577e-07,0.999996320781715,7
"20439",0.914111469653792,0.0803253262103537,7.19929404822623e-15,3.65952393470955e-10,3.59985721393998e-05,0.000939628815851148,0.00458757638190469,1
"20441",1.69854593861929e-37,2.00407865043822e-61,2.04247671247185e-06,0.995214632939317,6.37393812683842e-47,7.53019783998113e-10,0.00478332383095094,4
"20444",2.2343464361299e-09,1.84449221409552e-11,2.20481088174714e-18,2.82507778328725e-15,0.999020125174717,6.24095583808573e-11,0.000979872510079937,5
"20448",6.09763319622867e-09,2.79915869714587e-14,2.32735533906108e-07,0.0104099457587191,6.32336690806967e-09,0.0391618024673507,0.950428006617368,7
"20536",0.000211802819020688,0.987173255608744,2.86449404527772e-07,3.29030593529086e-07,9.06810973201971e-21,0.012580379015658,3.3947076579129e-05,2
"20538",2.46625750912978e-18,3.42128818563776e-34,0.00014930548264552,0.999847009340201,2.24786502717411e-48,1.47201035604813e-07,3.53797611750871e-06,4
"20541",4.06149284684849e-45,2.71065320438196e-65,0.892364359793976,0.10728377982019,3.77224764659939e-48,0.000150826239536662,0.000201034146297735,3
"20544",0.00021489366613738,1.36063067365113e-13,0.882561861335544,0.0052349908252966,1.05068222682423e-12,0.111901959710122,8.62944617123924e-05,3
"20546",6.72875290251953e-19,2.05570607299796e-34,0.967618326408711,0.0240576502727473,3.09559539670942e-42,0.00832396393398107,5.93845603366089e-08,3
"20550",1.15415737199622e-18,5.57478303364672e-21,0.105486064711815,0.00116186730704263,1.05071408195977e-17,0.8810615600015,0.0122905079796424,6
"20553",1.45504132503374e-135,3.61764095614509e-113,1.59053665666566e-11,2.33442736477943e-05,2.59362152625774e-74,3.26893766510218e-22,0.999976655710447,7
"20555",2.21197786703215e-32,4.17423964608424e-44,5.39465850557763e-20,0.999955726117168,2.01885477911199e-65,2.63282135037449e-11,4.42738565036682e-05,4
"20557",4.02522163145787e-14,5.37353139731841e-28,0.02407085208771,0.464928186332233,1.41440593837584e-16,0.507856907218924,0.0031440543610929,6
"20559",1.31686982814049e-17,1.9566907850106e-28,0.954655254993917,0.000170870253655327,1.61341419407432e-19,0.0451318090369894,4.20657154375918e-05,3
"20561",0.000224315119948863,2.99390846760618e-14,0.00119416583217652,0.000118722780524162,0.998164910502574,0.000253703421022207,4.41823437246665e-05,5
"20564",1.28660007590371e-17,5.80258713458382e-17,1.46065960271096e-19,6.63481305989851e-17,0.999368918536093,3.04653462546026e-13,0.000631081463602216,5
"20566",8.57722727952169e-11,1.37584873558212e-09,0.469441298684218,1.31855872965795e-05,2.98525540229742e-14,0.530174643467415,0.000370870799419519,6
"20569",0.0224217978240731,0.00148395094629307,1.21972770843998e-11,1.24823433702858e-06,0.973493168776261,0.0025946698578882,5.16434895004436e-06,5
"20572",3.32997504951813e-09,0.000245858563253437,6.36100400654256e-13,8.09393613174094e-11,0.995126441835854,0.000231563160707261,0.0043961330286343,5
"20574",2.16094027553356e-25,1.46306190669332e-39,0.943095266365606,0.00288526114390178,5.15641183441867e-22,0.0514950278804312,0.00252444461006063,3
"20576",9.26731215483341e-15,1.96971678872497e-17,2.68885237962401e-12,4.18302430843286e-13,0.998870430367183,2.2197994476622e-10,0.00112956940772049,5
"20578",4.03477291461396e-06,2.93505878807156e-17,0.997415867291053,7.71837291740751e-05,4.64115070739795e-08,0.00221244214520525,0.00029042565014607,3
"20580",2.66497805527145e-06,1.47523745229901e-11,0.258331329639671,0.000176157346839708,1.53845782168706e-14,0.741488880226491,9.67794175861221e-07,6
"20583",9.06171363341837e-14,5.30686445262074e-17,1.06816180079264e-13,1.53287409529968e-14,0.999513294826096,8.07694197624777e-12,0.00048670516561385,5
"20586",5.98517168988981e-08,4.95668803451579e-19,0.921196621517748,0.0091502024521259,4.61982575629782e-29,0.0696531146750379,1.50337148204024e-09,3
"20589",5.30402625696683e-31,1.58986412599134e-26,0.99648433880408,0.000206862188707849,2.70495346394081e-49,0.00195706355831369,0.00135173544889894,3
"20591",1.54200485918392e-11,1.28124671027235e-19,4.6306280475539e-05,0.996574792595828,2.86717877333176e-35,0.00325744136520059,0.000121459743075624,4
"20593",2.9265033523676e-71,9.73495157340966e-51,0.944874869293587,3.99460259732529e-09,7.14397176198021e-45,0.000336136927223367,0.054788989784587,3
"20595",5.01679882651448e-15,4.37907064797678e-26,0.985450378465655,0.00180843418266901,3.4302698803252e-17,0.0125593456182451,0.000181841733425306,3
"20597",1.61477551205512e-09,0.999181194595902,6.86174706075628e-20,4.21385481216242e-14,3.36490480106148e-27,3.56281240292669e-07,0.000818447508040004,2
"20599",5.30212760006359e-19,8.18994039397537e-16,8.48984055140412e-19,9.43646246858232e-17,0.99916308964096,1.03790006068614e-11,0.000836910348660371,5
"20601",0.962682261165176,5.53029171161924e-07,0.000501884808100882,0.000798458641487681,3.90105343439147e-09,0.0360168125316141,2.59233966386052e-08,1
"20604",1.12255105274154e-41,2.35502702584191e-43,0.995665588601261,5.56086290747657e-07,1.5701436984553e-28,0.00216599579592232,0.00216785951652544,3
"20606",5.23464298453068e-36,2.69753384074869e-38,0.984651162215607,1.98648291920559e-05,1.05829288569225e-34,0.0151635522634335,0.000165420691767083,3
"20608",1.29852823668711e-26,1.21904479322178e-20,0.87097864219373,1.85724806705418e-06,1.29055744109081e-27,0.127188952226231,0.00183054833197231,3
"20610",2.14846127319625e-13,3.28213950134989e-16,3.85211784940619e-11,1.35604695409653e-09,0.988153781598583,3.84481730684186e-06,0.0118423721893272,5
"20612",1.53728269849266e-58,2.50382198161706e-26,7.62431413171809e-16,1.15266045923467e-07,2.09997000906567e-59,4.35210322375459e-13,0.999999884733518,7
