"","V1","V2","V3","V4","V5","best$classification"
"19812",0.0246661960967525,0.000823246848509495,0.974373420946871,5.09386589253361e-06,0.000132042241974677,3
"19814",0.00268154447306232,3.05640488426075e-05,0.992320497677431,0.00496106341250893,6.33038815509909e-06,3
"19816",0.974929937007627,1.06096878756367e-05,0.0249053958884027,3.36369616454851e-06,0.000150693719930018,1
"19818",0.0525210053463685,7.17069899639366e-05,0.929161785166841,0.0181791243762358,6.63781205911149e-05,3
"19820",0.999919371523681,7.88198076903884e-05,1.51262906286905e-06,7.15168903150721e-09,2.88887876378404e-07,1
"19822",0.945989373667428,0.0539724986603906,2.71920661284566e-05,5.14411455039947e-06,5.79149150287932e-06,1
"19824",0.995080670210414,8.14262547508605e-05,0.00137929762096793,0.0029193381943093,0.000539267719557491,1
"19826",0.0371900105565108,2.53817102256873e-05,0.949374051605732,8.64194338558429e-05,0.0133241366936757,3
"19828",0.998521809821844,0.000345002325438132,0.0011267843997704,5.56504369363214e-06,8.38409254117402e-07,1
"19830",0.000372061114091752,0.000728894598616259,0.99694346377223,0.000225169575366521,0.00173041093969532,3
"19832",0.153648262012375,0.540260439451757,0.306067627435636,6.07378884508511e-06,1.75973113862425e-05,2
"19834",0.867841878188599,0.0149301477770626,0.116879556351069,0.000342038386363328,6.37929690597017e-06,1
"19836",0.275359150179816,0.000331431294657757,0.606779443731158,6.54755707126348e-06,0.117523427237297,3
"19838",8.73474469016548e-05,0.000102450128496223,0.998709566128347,0.00108936858229042,1.12677139645352e-05,3
"19840",0.76701860730936,7.08120191831699e-05,0.228583239218216,2.60990907773868e-05,0.00430124236246334,1
"19842",1.95738624948219e-05,9.43596390289634e-07,0.106364846709697,5.57499497658751e-05,0.893558885881652,5
"19844",1.72148759632493e-05,1.90544993015497e-07,3.62885854004465e-05,0.999900124087555,4.61819060881189e-05,4
"19846",1.97854330049738e-05,5.17722170629055e-07,0.795924560970824,0.199364348633589,0.00469078724041151,3
"19848",3.09008940081172e-05,1.74888216804559e-06,0.920366749002977,0.0792436422778079,0.000356958943038964,3
"19850",0.000310506149969934,8.56792107675519e-06,0.667075150782697,0.332511929327772,9.38458184843205e-05,3
"19852",0.641031020684894,0.000289722540965412,0.357827652748597,0.000813708838857469,3.78951866870466e-05,1
"19854",2.98006603445899e-05,3.85247842206706e-06,0.990915460814557,0.00896148577162347,8.94002750530116e-05,3
"19856",0.00107316713357019,2.95019356352472e-05,0.0240862493519641,0.974434483775337,0.000376597803493176,4
"19858",0.0261292610972782,0.000222227766739474,0.00406887703492028,0.969508481419522,7.11526815396536e-05,4
"19860",0.298055092426493,0.000173501047007302,0.701615398290086,8.32132820029341e-05,7.27949544108721e-05,3
"19862",1.05795453666235e-05,6.32217628869384e-07,0.97332588857784,0.0119723784467288,0.0146905212124354,3
"19864",3.80505095516539e-05,3.37579635431381e-07,1.95223082829384e-05,5.75758758774735e-06,0.999936332014942,5
"19866",0.952355548597639,3.57564032337434e-05,0.00656814797290926,2.82740661683347e-06,0.0410377196196014,1
"19868",1.77670890973479e-05,0.99973536350225,0.000176679222191205,6.9481389383854e-05,7.08797078177012e-07,2
"19870",0.000473081501312314,5.70120068553862e-06,0.992699210755264,0.00532845006548462,0.0014935564772531,3
"19873",0.0301893884683915,1.45871658343438e-05,0.96574740879211,0.00155085623789816,0.00249775933576609,3
"19875",0.993618002228179,0.000471013501457004,0.00590830324030534,1.75652262956012e-07,2.50537779605942e-06,1
"19877",0.00445896874639067,4.39631782003892e-05,0.992061334898098,0.00328988958831505,0.000145843588996324,3
"19879",0.289801963165946,0.00164736553649424,0.701317867395216,0.00690328942191829,0.000329514480425285,3
"19881",0.012435452579866,2.00357820805078e-05,0.959252320598758,0.00230761492582093,0.0259845761134746,3
"19883",0.00464855068709016,2.92783770255551e-06,0.754448128214784,0.00019252028226537,0.240707872978158,3
"19899",0.385163391959205,0.010432963657813,0.60129785733337,6.0405231057828e-05,0.00304538181855416,3
"19908",0.169173006933957,0.0788865476913255,0.0192960118545248,0.00586178855050613,0.726782644969687,5
"19910",0.343439692224321,0.000101579714228601,0.655234804100294,0.000658373415500198,0.000565550545656424,3
"19912",4.0194826120881e-05,2.17468928232442e-06,0.556519876738562,0.00157619283118951,0.441861560914846,3
"19914",0.201353816657094,0.00637526165832273,0.790511328742889,0.00153378896760078,0.000225803974094363,3
"19916",0.604711941842458,0.00010680967528281,0.000625384213699908,0.000497977758385321,0.394057886510174,1
"19918",0.000599499599098879,6.44657433702949e-07,0.839815346515047,0.1565640180239,0.00302049120452094,3
"19920",3.96055149565287e-05,4.17128185824159e-07,0.111862168992154,0.888044492535024,5.33158296793946e-05,4
"19922",0.021110874642683,0.647283936380978,0.331535473135651,5.19237207997466e-05,1.77921198883898e-05,2
"19924",0.0109199010661375,2.07291439353482e-05,0.951828831758864,0.0369590291700194,0.000271508861043865,3
"19926",0.565072453682049,0.0264431534919977,0.381821097008337,2.61821247164337e-06,0.0266606776051453,1
"19928",1.64675650926622e-07,3.42803583140976e-08,3.6775642100211e-06,3.84217402362611e-06,0.999992281305757,5
"19930",0.00104883519786719,1.75090818702104e-05,0.998495993175912,0.000351429478154106,8.62330661963044e-05,3
"19932",6.2225166803785e-05,1.20957148895596e-05,0.996740000751104,0.00315796015365627,2.77182135461454e-05,3
"19934",0.956111757469239,0.00229675307490287,0.0414322812890416,0.000156566226399698,2.64194041693706e-06,1
"19936",0.0111444036745657,0.000683008483888036,0.987886668008563,0.000247899794133097,3.80200388501895e-05,3
"19938",0.996050571531718,0.00320432226502431,0.000654537562428565,5.40762549073378e-05,3.64923859214512e-05,1
"19940",0.0895272062887282,1.68354531582329e-05,0.879381238302603,0.00117966533072494,0.029895054624786,3
"19942",2.43784517164981e-06,1.78637482937423e-08,3.19493612278321e-05,1.02513185599183e-06,0.999964569797996,5
"19944",0.72823281503954,0.000114026194497199,0.269442023615156,6.60915717642576e-05,0.00214504357904271,1
"19946",0.105542142645602,0.000116650356860317,0.868366865939279,0.025694871456726,0.000279469601532501,3
"19948",2.6867848743255e-06,5.83413560628415e-09,0.000108959934107775,5.98886282908603e-06,0.999882358584053,5
"19950",1.15825558545306e-06,3.64001603056378e-07,0.00190863593724643,0.998088630195169,1.21161039573734e-06,4
"19952",2.6867848743255e-06,5.83413560628415e-09,0.000108959934107775,5.98886282908603e-06,0.999882358584053,5
"19954",0.000235357621451037,5.91094780528947e-06,0.998095091548037,0.00157689354685413,8.67463358526665e-05,3
"19956",2.77967387970934e-05,0.00032226608570001,0.314839513567803,0.669774281335644,0.0150361422720551,4
"19958",0.000237214672169946,0.99473755776048,0.0037270383951997,0.00129493022792579,3.25894422491803e-06,2
"19962",0.186180005822577,0.00329465098233757,0.612852315283677,0.197026702424942,0.000646325486466408,3
"19964",0.055844827860622,4.41423630222298e-05,0.89039785746275,0.0251846929802856,0.0285284793333204,3
"19966",0.989251220267492,0.000109082498213405,0.00028442941702159,7.53780247546107e-08,0.0103551924392485,1
"19969",0.00074982844149579,5.15286421001231e-06,0.990216748669893,0.000200983717116442,0.00882728630728483,3
"19972",0.00101571281163004,5.30798692823588e-06,0.770431793017071,0.108935424560081,0.119611761624289,3
"19974",1.48626741242828e-06,5.05473975134515e-08,0.0603160568346687,0.917638502232311,0.0220439041182099,4
"19976",0.0172833081712899,3.01329350175982e-05,0.925053524223606,0.0571923518429711,0.000440682827115431,3
"19978",0.72867407603637,1.36069778525104e-05,0.268703139880287,0.000911546546248547,0.00169763055924194,1
"19980",2.17207208038351e-05,3.26507141503534e-06,0.699412991363665,0.30049320192503,6.88209190856615e-05,3
"19982",0.000293844037708466,5.18221800252028e-05,0.164306716303755,0.835323778481683,2.38389968281351e-05,4
"19984",1.96791947406555e-05,2.3726560861419e-07,0.000526517173520262,0.999444750535086,8.81583104483386e-06,4
"19986",0.999580027686741,0.000408643078394953,8.49324507984765e-06,7.66056857983886e-09,2.82832921541484e-06,1
"19988",0.999354044716664,0.000644998877332015,8.09671392864757e-07,4.73848921920611e-09,1.4199612180957e-07,1
"19992",0.999316852192536,0.000670555108071987,1.22165698959544e-05,2.83070152189318e-07,9.30593436745484e-08,1
"19994",0.00127606268927308,5.33035110183943e-05,0.99853364373774,7.85871917310756e-05,5.8402870237226e-05,3
"19996",0.99990099434048,7.84831709017936e-05,2.02431298292375e-05,2.16761103816338e-07,6.25976854955477e-08,1
"19998",0.0470567026525908,0.000232360637070858,0.28688657169178,0.0100937215986793,0.655730643419879,5
"20000",0.000149892558673592,0.0202492811263171,0.974457847377528,0.000676059872318655,0.00446691906516274,3
"20003",0.00739773199332173,0.000248853252168123,0.991545192526943,4.85381317620818e-06,0.00080336841439055,3
"20005",1.57881635758633e-05,6.28846385861821e-07,0.925756963062354,0.0718024218667149,0.00242419806096905,3
"20007",0.620911820968266,0.00355323296798224,0.374295954117313,0.00117775333118844,6.12386152503141e-05,1
"20009",0.997084029001999,0.000822978927997095,0.000822133309302202,0.000390808625753959,0.000880050134947222,1
"20011",0.00602020162615423,1.48017206136278e-05,0.949993596776626,0.0158289296267036,0.0281424702499025,3
"20013",0.000822026875844213,2.90332517593392e-05,0.898064185222032,0.101057484573863,2.72700765010117e-05,3
"20016",0.994592057855857,0.0053591352377801,3.39980058864817e-05,1.03121285585461e-05,4.49677191847865e-06,1
"20018",0.0127019299455257,0.987297888874247,6.67698472774908e-08,3.96800739507245e-09,1.10442373234852e-07,2
"20021",0.984708692152374,0.000467867503945193,0.0147993637271175,2.96985825935489e-07,2.37796307376739e-05,1
"20023",0.918159712609472,0.00176989172722447,0.0798743433799428,0.000134196019601332,6.18562637593901e-05,1
"20025",0.557628300178595,0.442310400434156,5.67151243117459e-05,1.7209353965164e-07,4.41216939772211e-06,1
"20027",0.000246492070846727,7.39668580776012e-06,0.76831959971278,5.14010099538032e-05,0.231375110520612,3
"20029",7.15409085260447e-05,3.60167947912458e-07,0.967149457492989,0.0225392921872617,0.0102393492432756,3
"20032",0.000229069353422678,1.41298259038992e-05,0.994014581846987,4.72009390514938e-05,0.00569501803463483,3
"20034",1.14615478391413e-05,3.5311029131955e-08,0.000395849671161356,1.39581974455335e-06,0.999591257650226,5
"20036",0.046075393106606,0.00244477718571572,0.758110825988679,0.18777302637154,0.00559597734745969,3
"20038",0.992331583171034,0.00702774946851788,0.000639349299039742,6.07020585443335e-09,1.31199120212698e-06,1
"20040",0.985437114084113,0.0140123828976505,1.27124241198761e-05,7.4643496671644e-06,0.000530326244449953,1
"20043",0.995268767969081,0.000843294676346184,0.00388654352034801,9.99581295708728e-07,3.94252929203617e-07,1
"20045",0.993297039326466,0.00670168540908336,1.06878066023838e-06,1.87725591738129e-07,1.87581986597042e-08,1
"20048",4.94183954807053e-07,2.29079806380358e-07,6.35256514893826e-05,0.999934928989342,8.22095407007507e-07,4
"20051",0.310615125968963,0.0185799570268272,0.659135566663919,0.0116667281357267,2.62220456368124e-06,3
"20053",0.984740763779014,0.000114534914898252,0.0146288871171684,0.000286592523691491,0.000229221665227501,1
"20055",0.781936263661889,0.148551042026624,0.0693751699529782,1.4162373947193e-07,0.0001373827347701,1
"20057",1.62673410174205e-06,0.998296389932552,0.000178657815186953,0.0014669933123706,5.63322057881212e-05,2
"20059",0.982306085426498,0.00349209717323492,0.013243387088387,3.92961594752752e-05,0.000919134152404545,1
"20061",0.882890409066321,0.000543939497001027,0.115591408147397,0.000210380627654478,0.000763862661627292,1
"20063",0.0145839803460623,0.00066339836082089,5.65518111763112e-05,0.982833269822628,0.00186279965931241,4
"20065",0.149049325316981,0.850937368351669,1.32781837266665e-05,2.83748382947737e-10,2.78638747535441e-08,2
"20067",0.988444202800293,0.010861105121955,0.000429374503834967,0.000265276569200355,4.10047168963747e-08,1
"20069",2.89586306021738e-05,5.14649903830854e-06,0.44171622964428,0.55822541747446,2.42477516191232e-05,4
"20071",0.355190533464917,0.00763950920024828,0.442875166265728,0.00169536101750173,0.192599430051605,3
"20073",0.000821311210481801,1.41561230096962e-06,0.0818318321111709,0.916813826155989,0.00053161491005715,4
"20075",1.15872146594444e-05,0.999709578676043,0.000277499140302502,1.20968340679545e-06,1.25285587496057e-07,2
"20077",0.982890601955272,0.000135000602259065,0.016446828630494,0.000497458702352772,3.01101096219049e-05,1
"20079",0.158541957924511,0.00167125158443313,0.0729902882919182,0.766733709847704,6.27923514332616e-05,4
"20081",0.84903224953909,0.141554899631973,0.00940410140047345,8.62630502297794e-06,1.23123440427298e-07,1
"20083",0.00542531466932275,0.00126428590989476,0.0170795745588833,0.971137842789623,0.00509298207227602,4
"20085",0.997235508340337,0.00276291749178269,1.52093995762217e-06,1.29897983602005e-09,5.1928943156861e-08,1
"20088",0.998433075934135,0.0010101606088914,0.000556368675105748,2.11326876836797e-07,1.83454990741827e-07,1
"20091",0.0024323922488362,0.997420820352123,0.000143201776080208,3.57703692289601e-06,8.58603816369403e-09,2
"20095",0.0696075956711169,0.00039644298656547,0.0177321089381432,0.859294629941539,0.0529692224626349,4
"20097",0.988707875434923,0.0112892197460415,2.87710818141839e-06,1.77345702638118e-09,2.59373972164022e-08,1
"20099",0.84843399210048,4.42315576545491e-06,0.00284275433900093,0.00506327912995045,0.143655551274803,1
"20102",0.00167414999056705,0.0702233871869376,0.00277768160955936,0.92532356585475,1.21535818625448e-06,4
"20105",0.992786305685649,0.000350576703404055,0.00622551779656402,0.000636685637204561,9.14177177847118e-07,1
"20107",0.999187603222391,0.000151382241603551,0.000656632467195115,6.29882365078757e-07,3.75218644568666e-06,1
"20109",0.672908264051065,2.32744581430262e-05,0.0273087437521773,0.298254408786209,0.0015053089524064,1
"20111",0.000182377417981278,0.524806755338853,0.457729483550498,0.0172281805953339,5.32030973341218e-05,2
"20113",0.953147019307367,0.000316177766342362,0.0198022055925779,1.78179596919804e-06,0.0267328155377429,1
"20115",0.000156968997506631,0.000393333727951897,0.993204476173689,0.000977500321438152,0.0052677207794148,3
"20117",0.11621320471837,0.522359772593339,0.00171016985181689,6.89028880197906e-06,0.359709962547673,2
"20119",0.957412834510542,5.21583155249213e-05,0.000336055139645518,4.12845557417283e-08,0.0421989107497319,1
"20121",0.999486955109492,0.000415580648550252,9.49190302139666e-05,2.53489714422548e-08,2.51986277250877e-06,1
"20123",0.00141099620850046,0.998556669057215,3.22984247959132e-05,1.51014598548277e-08,2.12080291159352e-08,2
"20125",0.000218757894824042,3.01114359354505e-05,0.892923038554071,0.106809123388184,1.8968726984967e-05,3
"20127",0.999696733174498,0.000286400421720852,1.41493444047283e-05,2.50854325547494e-06,2.08516121056795e-07,1
"20140",0.374410089220673,0.456523418782784,0.166930564430405,2.0544764830247e-06,0.00213387308965494,2
"20142",2.15167940269307e-06,9.88153218221412e-07,0.00605468137443918,0.993939683805317,2.49498762259561e-06,4
"20144",0.000130993960376213,0.00818391859226887,0.983279677518281,0.00831516548928965,9.02444397847993e-05,3
"20146",0.00653123378029172,0.00391261023408179,0.605604646377883,0.383836740897642,0.000114768710101485,3
"20148",0.00744876326774893,0.000119292514069676,0.992132045038517,0.000271080595165751,2.88185844989002e-05,3
"20150",4.68950945360195e-06,3.17611188826859e-07,0.402706388458906,0.594740511739263,0.00254809268118867,4
"20152",0.0321551015282967,0.000180440784462184,0.967321877474011,0.000202836790344383,0.000139743422886098,3
"20154",0.038326122375306,0.961640938511181,2.37689463580741e-05,9.1679974377734e-06,2.16971696308233e-09,2
"20156",0.739933821193632,0.0212742831159284,0.169507569724969,0.068811824595021,0.000472501370449784,1
"20159",2.84720571135754e-05,9.70175710336102e-06,0.374011758127151,0.625933719969911,1.63480887216588e-05,4
"20161",0.00059769192316784,6.58040047708491e-05,0.0108098412330758,0.988303315310125,0.000223347528860292,4
"20163",0.045206576983825,0.00136750187013587,0.952333591240892,1.16170423213102e-05,0.00108071286282549,3
"20165",0.00866708847201137,2.25991174434795e-05,0.000992726855511035,0.990315166518341,2.41903669303259e-06,4
"20167",0.00450960891537814,9.4734397236966e-06,0.98416444679038,0.0112960484098313,2.0422444687081e-05,3
"20169",5.94982799379048e-07,2.91760188199561e-07,0.000271367931962548,0.999726802967691,9.42357358617614e-07,4
"20171",0.00898511198940028,0.991004365721022,1.54302575424557e-06,8.97809875789721e-06,1.16506556436913e-09,2
"20173",0.0506015327933175,1.64347140736867e-05,0.00121602679927893,0.21744044453664,0.730725561156689,5
"20175",0.00164143989629361,2.49412310403958e-05,0.98804338928672,0.00994731714935326,0.000342912436592579,3
"20177",0.497599115490272,1.11541734929158e-05,0.00425702938123136,0.00023453017190472,0.497898170783099,5
"20180",0.9973732921656,0.00253916299033049,6.97461247316003e-05,2.29817820312815e-10,1.77984895204413e-05,1
"20182",5.7399759222111e-08,2.49174081893908e-05,0.000212360219321495,0.997825716178521,0.0019369487942088,4
"20184",0.000147866683913067,3.1854264799099e-06,0.0471648043145798,0.952670687109754,1.34564652726739e-05,4
"20187",0.00392528591466742,8.77342693423303e-07,0.00242022181672175,0.00128718027421629,0.992366434651701,5
"20189",0.918598187524123,1.00793317793504e-05,0.0619055015398247,1.77977173945326e-05,0.0194684338868784,1
"20192",0.812984341320336,0.147364506036766,0.00613398858758824,7.86297274068956e-06,0.0335093010825685,1
"20194",0.000184657704747905,6.17983268191522e-06,0.101939715494378,0.726943065808575,0.170926381159617,4
"20196",0.840573168035636,0.159262297938671,0.000163964669785887,3.28014369986862e-07,2.41341537202606e-07,1
"20198",0.289811261422415,0.00703511155632209,0.701465343803933,0.000912631807325672,0.000775651410004424,3
"20204",3.74739448890414e-05,1.37832012932076e-05,0.444431723069403,0.555487567962291,2.94518221234971e-05,4
"20207",0.91383944098602,0.0857665188399694,0.000351016811413444,4.29953816118461e-05,2.79809850027961e-08,1
"20209",0.000744379965143788,0.0651118004320737,0.885073876674276,8.80459739380678e-06,0.0490611383311131,3
"20211",0.00114768898790206,0.998776113833246,7.60814003067727e-05,1.15274890242855e-07,5.03654455503679e-10,2
"20215",0.976382188146177,0.0013146027803758,0.0222298658406822,5.09941822509691e-05,2.23490505143867e-05,1
"20218",3.67819732526757e-06,9.77267146721023e-07,0.0181319825570075,0.981860575216384,2.78676213599307e-06,4
"20222",0.924111258216544,0.0649918797880352,0.0107822211955775,0.000114486356875918,1.54442967421346e-07,1
"20225",0.000230378947017792,0.000749944228260875,0.970445948261926,0.0281788668757308,0.000394861687064972,3
"20229",0.043951556100366,0.149592627260346,0.801781209450441,0.00122096921772345,0.00345363797112302,3
"20232",0.853772708894365,0.0244350859384033,0.121674871166566,2.81018744073464e-05,8.92321262583884e-05,1
"20234",0.88778694344544,0.11220665778302,1.06301537111983e-06,2.66383657299717e-09,5.33309233238345e-06,1
"20238",0.997883685409438,0.00153424297615828,0.000567969054743457,1.14975026231793e-05,2.60505703734646e-06,1
"20253",0.998882106817263,0.000826861485122438,0.000283328174777211,1.95839595694352e-06,5.74512688015627e-06,1
"20255",0.000326216703164095,0.000425396957994101,0.998908158209925,0.000335621874401043,4.60625451588768e-06,3
"20258",0.999751530340615,6.17538016596732e-05,0.000183665886620512,8.59936154735036e-08,2.9639774895959e-06,1
"20269",0.915934860827674,0.000108220313116894,0.03486813733998,0.049021773361183,6.70081580467299e-05,1
"20271",0.985125494410167,2.03629569450903e-05,0.000458898820992162,3.31060786514403e-07,0.0143949127511099,1
"20285",0.00520162033488587,1.51579863682596e-05,0.0439522891257535,0.0014709226525286,0.949360009900464,5
"20288",0.967824157929966,0.0026627802940419,0.0293840774043771,0.000109105166746061,1.98792048692469e-05,1
"20291",0.751060620778397,0.248635347426842,0.000299478861371753,3.25217132884627e-06,1.30076206018804e-06,1
"20295",0.742724366007206,0.00019730978662655,0.0753385408525068,0.0220449514681285,0.159694831885533,1
"20298",3.76260757254169e-05,4.98667331058393e-06,0.995099001860041,0.00477412909884733,8.42562920753106e-05,3
"20302",0.00114040839031122,7.96527556156132e-06,0.307961010037965,0.68847866105735,0.00241195523881261,4
"20305",3.00953033684926e-05,2.12946806862311e-06,0.997417775521801,0.000935071359844564,0.00161492834691779,3
"20307",0.999547617922497,0.000423235148632062,2.90409374667168e-05,4.39334653006635e-08,6.20579390700006e-08,1
"20310",0.998067551094237,0.00193033652236268,9.69027009693636e-07,3.87694293656399e-08,1.10458696185267e-06,1
"20313",1.67350516647392e-07,2.58593829896787e-08,0.000678090830810511,0.999305297244144,1.64187151461981e-05,4
"20315",0.999090540308168,0.000112574225834542,0.00076987021732886,5.52810862669351e-07,2.64624378062304e-05,1
"20319",0.393909797593677,0.60581829567646,0.000271193665833043,1.99867561088549e-07,5.13196468295839e-07,2
"20321",0.999800895317486,8.01034365116518e-05,0.000107649724798008,8.4409584836766e-06,2.91056272088074e-06,1
"20327",0.99988038203583,9.97118086995016e-06,5.84808539883078e-05,2.57333381950385e-07,5.09085959299877e-05,1
"20329",1.56007572528983e-06,3.16924950997577e-09,0.00025133554154533,0.000131833127624046,0.999615268085856,5
"20335",0.900678069167964,0.099292658427435,2.77104335365317e-05,1.55758583194632e-06,4.38523240959082e-09,1
"20337",4.94933220593136e-05,1.10913585708815e-05,0.725870873327044,0.274050576661858,1.79653304674686e-05,3
"20339",0.00693326234049096,0.981375085732914,0.010978294782623,3.41808665440756e-06,0.000709939057317612,2
"20341",0.0268654519478288,0.972619001157628,5.91764057211859e-05,0.000456333300857935,3.71879635639207e-08,2
"20343",0.991509639138828,0.00837302031915069,2.37757804328889e-05,9.31893685120792e-05,3.75393076117818e-07,1
"20345",0.00469827844191041,5.2754750426331e-05,0.972210921804659,9.88327961525244e-06,0.0230281617233889,3
"20350",0.429097617005021,0.375647507151273,0.158082926745477,0.0261981477246484,0.0109738013735808,1
"20352",2.46089851116086e-06,2.95089853566857e-07,0.000506764972895733,0.999489760854155,7.18184584879504e-07,4
"20355",0.00344627246697074,0.000226682656329327,0.029369530650725,0.966745900473221,0.00021161375275368,4
"20358",2.47036817695343e-05,1.00870756972512e-07,0.038220143440506,0.024560591761952,0.937194460245015,5
"20363",0.999498542979833,7.42374744529485e-05,0.000419919856487207,6.44500544793865e-06,8.54683779519256e-07,1
"20365",0.421988415945385,0.535519369521218,0.0424892104593652,2.18600585210004e-06,8.18068179533134e-07,2
"20379",0.000414664033753027,0.000704701373608518,0.997165879738531,0.0013930461437957,0.000321708710311691,3
"20387",0.997969538024602,0.00133512469116499,0.000694822847145122,3.04412478393979e-07,2.10024609753428e-07,1
"20392",0.00285956163266491,0.997110599024246,2.98282367649698e-05,1.04152182752558e-08,6.91105929757803e-10,2
"20395",0.0162819894724997,0.000320154514281782,0.982291961885477,0.00104377842772436,6.21157000171085e-05,3
"20397",2.28536197849993e-07,1.21416149145843e-08,9.25989274061277e-05,0.00948790195584254,0.990419258438938,5
"20410",0.988450424718381,0.000573421399226379,0.0105070750962091,4.21118355482514e-08,0.000469036674348148,1
"20414",0.00110918159813072,9.13164967747424e-06,0.686092173962027,0.312689563802586,9.99489875793309e-05,3
"20417",0.0966570254610739,0.903231507769377,3.27225615746138e-07,1.59361759010982e-08,0.000111123607757791,2
"20419",0.999936313748844,1.77020836528896e-06,3.08586088390376e-05,1.22390808684241e-06,2.98335258650043e-05,1
"20421",0.00370445233662175,0.0160342254866026,0.292726128806365,0.687522817233773,1.23761366379189e-05,4
"20423",0.000255951009217293,0.000126393397176685,0.622948114542933,0.376658935338005,1.06057126686835e-05,3
"20425",0.000633423339817289,0.000451302749433932,0.412740585734242,0.58617021854075,4.46963575716239e-06,4
"20427",0.0447777488464011,3.83714327437387e-05,0.95478619298253,0.000309851776172556,8.78349621524314e-05,3
"20429",0.995232812441663,0.00404532823898197,0.000191341774457426,0.000220625536945615,0.0003098920079524,1
"20432",5.02897606194388e-05,4.931981003067e-07,0.158032902250822,0.841466403392133,0.000449911398326361,4
"20435",0.787523082245147,0.0263852119713316,0.185767953759079,1.09602723271209e-05,0.000312791752115147,1
"20438",0.999109395773521,1.93761075614108e-05,0.000434270064245998,0.000317208963616762,0.000119749091054785,1
"20440",0.999772097563535,2.47302993627643e-05,0.000163978537033841,1.73006736654543e-05,2.18929264028766e-05,1
"20443",0.00019993868025918,3.39162478007694e-05,0.00184508630113682,0.997912534764502,8.52400630123365e-06,4
"20446",0.554102092338509,0.00157777899691132,0.437391183673381,0.0043017372523595,0.00262720773883917,1
"20449",0.786696530896004,0.015657523981951,0.197306630371163,2.46023910506924e-05,0.000314712359831974,1
"20537",0.724480280335209,0.266920543508455,0.00839258478528553,0.000202966640074517,3.62473097538677e-06,1
"20540",0.00914553980770929,0.990840758529538,1.36785427530824e-05,7.53818443411736e-09,1.55818149295216e-08,2
"20543",0.198740599322166,0.000750245129862196,0.796473229012022,0.00396307323686842,7.28532990806795e-05,3
"20545",0.00123876011026569,0.998705212420727,5.56058132389312e-05,4.21367916798612e-07,2.87851239674101e-10,2
"20549",0.0465656171093934,0.00380688188179823,0.934995821717194,0.0146290884524238,2.5908391910854e-06,3
"20551",0.973002955686407,0.00160756406468241,0.0252725776336698,0.000116329918819291,5.72696421282809e-07,1
"20554",0.995191903367895,0.000101813784055447,0.00468459012982915,1.15893860810807e-05,1.01033321396948e-05,1
"20556",0.182448577299218,0.12766892292123,0.688604889312101,0.00127282237131885,4.78809613279064e-06,3
"20558",0.999762237019129,0.00015584295296677,8.1572909800861e-05,2.61736574561765e-07,8.5381528999812e-08,1
"20560",0.976472430943857,8.36171978439895e-05,0.0197296304836812,0.00371184132416417,2.48005045390504e-06,1
"20563",0.999766063121705,0.000221849465046912,1.0945569376272e-05,8.25849918533429e-07,3.15993953325478e-07,1
"20565",0.852025450555185,0.00126953764125679,0.124051980030816,0.0226430994613628,9.93231137897227e-06,1
"20567",7.98480544762419e-05,2.30069207383855e-06,0.104244129346296,0.895437069565681,0.000236652341472086,4
"20571",0.967037408138289,0.0302832836351234,0.00142487689901522,3.72868342464087e-05,0.00121714449332602,1
"20573",0.949757547793732,0.00445802347979154,0.0452117639578608,0.000567802170164822,4.86259845103228e-06,1
"20575",0.999875471078092,9.67404998850489e-05,2.37866326190775e-05,1.69093876626576e-07,3.83269552751445e-06,1
"20577",0.109558781814256,0.00210046147642201,0.887409596100398,9.80759682837338e-05,0.000833084640639572,3
"20579",1.99153815524102e-06,2.4592758456174e-08,0.00142123098296218,0.890229984131297,0.108346768754828,4
"20582",0.999882181654023,0.000105811892368025,1.17337517699992e-05,4.04225135307763e-08,2.32279325379109e-07,1
"20585",0.0937229833339534,0.887117611050128,0.0191577858788572,1.54643239267951e-06,7.33046683066889e-08,2
"20588",0.0077343316457038,0.981966790329491,0.0101482822651645,0.000148105398734874,2.49036090624119e-06,2
"20590",5.42622616689534e-07,1.2469408213707e-08,0.00445519283411888,0.994109638976393,0.00143461309746271,4
"20592",0.999921220563867,7.18571158146295e-05,5.72578903781021e-06,1.09781741302039e-06,9.87138672165317e-08,1
"20594",0.999697451538233,0.00027948254460428,2.15623361848761e-05,7.28525934794936e-09,1.49629571827961e-06,1
"20596",0.987848596500017,5.85160407254584e-06,0.00956987723964773,0.000442757962727462,0.00213291669353523,1
"20598",0.988356774117515,0.000107654792537927,0.0115230020354849,6.136958846383e-06,6.43209561635311e-06,1
"20600",0.0775084424629388,0.689544233611896,0.231716788342329,0.00122930855451121,1.22702832534902e-06,2
"20603",0.000548467098804401,0.00262919413938875,0.993614869970652,0.00318002007794726,2.74487132078671e-05,3
"20605",0.999127665836569,0.000436802175220566,0.000420636461469273,2.23479027037678e-08,1.4873178838212e-05,1
"20607",0.998490258897473,1.3030460897131e-05,0.00142486455949601,4.83371409837172e-07,7.13627107244045e-05,1
"20609",0.980406626679078,0.000117352869397516,0.0194253581659086,3.07949274335652e-05,1.9867358182586e-05,1
"20611",3.94398548222269e-05,2.47253018340827e-06,0.990605856286666,0.000296085045430952,0.00905614628289751,3
"20613",0.397387072434189,0.00291199391323835,0.599560194901362,1.2054592594325e-05,0.000128684158616161,3
"20615",0.2404970260947,0.0555528157563466,0.70174735708431,0.00220095850818945,1.84255645399891e-06,3
"20617",1.20271050865874e-06,3.96947104933482e-07,0.00241277341470295,0.997584350612093,1.27631558992086e-06,4
"20619",0.999934803899546,3.47948280496619e-05,2.47355880439698e-05,3.17434400767374e-06,2.49134035269711e-06,1
"20621",0.982793169596037,0.000395660772968693,0.0167132262746719,3.10804010779936e-05,6.68629552440794e-05,1
"20623",0.00175874965701432,3.05712594311124e-07,0.00892559924613842,0.988142635785602,0.00117270959865075,4
"20625",0.00109075675966818,0.0249838873005855,0.935517929197075,0.0383979298943041,9.49684836735495e-06,3
"20627",0.775266981871672,0.00051084955212747,0.223523608123426,4.21492038317094e-06,0.000694345532391184,1
"20629",0.787978338152739,0.00307244368012426,0.208204274629233,0.000731596026422077,1.33475114807113e-05,1
"20631",0.999860088324915,0.000117520836857574,1.46659633521612e-05,7.49686907718103e-06,2.28005797924666e-07,1
"20633",1.05455430006104e-07,1.2762096816452e-08,0.000369129003199162,0.999544974112224,8.57786670502539e-05,4
"20636",0.000867683500304031,9.11230160481065e-06,0.921018434323856,0.024169504939624,0.0539352649346108,3
"20638",0.130401148992811,0.0722103971497249,0.795599989535043,0.000166830709261249,0.00162163361316064,3
"20640",0.923618281209101,0.0727337315315869,0.00364656524969943,1.61027304608861e-08,1.4059068817846e-06,1
"20645",0.996251501392237,0.00374522397000466,3.25386520692058e-06,2.55182887896161e-09,1.82207230194054e-08,1
"20647",5.29465519212217e-07,2.69128744389631e-07,6.75365908930605e-05,0.99993074494264,9.19872203775834e-07,4
"20649",0.967081754175872,0.00984304306086299,0.0230623728235941,1.10179987085338e-05,1.81194096204291e-06,1
"20651",0.997124446773515,0.00282022491984054,8.44438299564592e-06,1.04831080224016e-05,3.64008156265571e-05,1
"20656",0.966666500946182,0.0317050856073298,0.00162340517232338,3.72115771660053e-06,1.28711644812702e-06,1
"20660",0.0591450294166135,0.931835957727345,0.00816073117936703,2.92835796569998e-06,0.000855353318708472,2
"20662",0.000386365316683274,3.19586037630564e-06,0.0656151131726664,0.835337915464842,0.0986574101854323,4
"20664",0.88105056984161,2.9366016727584e-05,0.0116337082333632,0.0980671611045612,0.00921919480373751,1
"20666",0.000534189460077412,0.0455666339815639,0.953761659338735,7.49428831901439e-05,6.25743364339364e-05,3
"20668",8.45939825786113e-05,7.95910353590354e-07,0.53706447681633,0.462699750888278,0.000150382402459789,3
"20670",0.997808218925223,0.000309051895253767,0.000958893338242563,4.49042306479926e-06,0.00091934541821558,1
"20672",5.42248461305228e-05,2.5807414209043e-05,0.540215676839636,0.459691506140534,1.27847594896911e-05,3
"20674",0.91139931671071,0.000162979436365226,0.0880501343268201,0.000148507820928488,0.000239061705176807,1
"20676",1.33396803508521e-06,4.0326198235356e-07,0.0717747317496571,0.00476038573605804,0.923463145284267,5
"20678",1.5614824277158e-06,5.56066266472543e-08,0.0443402990659077,0.0488003153023358,0.906857768542702,5
"20680",0.00148755702230019,3.20804236978213e-05,0.706797601198281,0.291668916744511,1.38446112097073e-05,3
"20682",0.003011879108646,7.70379359308244e-06,0.856158323143662,0.000765700679730945,0.140056393274368,3
"20684",0.794785883576622,0.0042190651000031,0.0895291407337258,1.75824185302099e-05,0.111448328171119,1
"20686",5.53169872798342e-06,1.07316612531361e-06,0.0191134958391274,0.98087729535899,2.60393702907971e-06,4
"20688",4.49603371343471e-07,1.22575188775393e-08,0.00179915444007841,0.0560924631882796,0.942107920510752,5
"20690",0.0372835226090925,0.960893284640852,0.00182047996010767,8.06816115859709e-08,2.63210833650072e-06,2
"20692",2.14150081978675e-07,1.31054213248365e-08,0.00104664678909668,0.981225972775994,0.0177271531794058,4
"20694",2.23763918363885e-05,2.07072994623077e-06,0.98305781458059,0.0166516458870233,0.000266092410604056,3
"20696",0.000649848281039446,2.31689976222425e-05,0.992817116236928,0.00564954569345967,0.000860320790950721,3
"20698",0.888692758495514,0.00928486757336153,0.092652059660012,0.00934486736041387,2.54469106992762e-05,1
"20700",0.995056255611045,0.000380526678278453,0.00119563993327394,0.00295832563122954,0.000409252146172838,1
"20702",0.100388157508451,0.899451639714147,0.000159834197425599,3.63101376970052e-08,3.32269839277923e-07,2
"20704",0.807219287715388,0.000390064894234669,0.19227265467387,3.61215586007053e-05,8.18711579074399e-05,1
"20706",0.168797004727649,0.00456534980170247,0.429999866531928,0.0092825865229158,0.387355192415805,3
"20708",9.46421922633077e-06,1.35135613521913e-07,0.0629831346256478,0.000469574024818624,0.936537691994694,5
"20710",0.547642809628227,0.391398744148304,0.0609557284365926,1.58586294609822e-06,1.13192393104481e-06,1
"20714",2.219022152457e-05,5.98225463493706e-08,0.0113155213324414,0.988601441826867,6.07867966207025e-05,4
"20716",0.992611285116,0.00011989387410106,0.00713682234913983,4.5193524235053e-07,0.000131546725517171,1
"20719",0.108004239941612,8.9146749298314e-05,0.0427679424118653,3.23994195787152e-05,0.849106271477645,5
"20721",0.999914376929459,7.76772354524618e-05,6.45746942296368e-06,1.35017475306019e-06,1.38190913073042e-07,1
"20723",0.133905884445428,0.00124751976794321,0.0171050362403026,0.000143286077727032,0.8475982734686,5
"20725",0.00162755306548955,0.000124047641857898,0.99811419713768,0.000100763076130941,3.3439078841519e-05,3
"20727",3.42291095656746e-06,0.000114475563601647,0.00522891665621971,0.994112991999994,0.000540192869228199,4
"20729",5.0760720262938e-05,3.66573295872595e-06,0.978264562569048,0.000202113654696959,0.0214788973230329,3
"20731",0.00046310521988588,0.000116029819158159,0.999215274054767,1.32117399966435e-05,0.0001923791661919,3
"20733",0.871079215284874,0.00392456883405335,0.124743239284958,1.32971101324266e-05,0.000239679485981913,1
"20735",0.343603835839132,0.0149744055495517,0.641307131557428,7.66719646623645e-06,0.000106959857422363,3
"20737",4.58358901677727e-05,3.87135024960328e-07,0.755987854933566,0.0409222931134667,0.203043628927775,3
"20739",1.66523742319893e-07,4.41805300318018e-08,0.000513495010412934,0.999436743444431,4.95508408837237e-05,4
"20741",0.0054867919653299,5.45514162709037e-05,0.962034368816918,0.0324180693393162,6.21846216509744e-06,3
"20743",0.0052888587530403,5.31249136292893e-05,0.978079399558134,0.000255583604965639,0.0163230331702306,3
"20745",0.999654658832202,0.00024559097759565,9.22144160909178e-05,1.99908985059773e-06,5.53668426072759e-06,1
"20747",5.77654524774312e-05,4.28244488279787e-06,0.977381367070133,0.000163092011521781,0.0223934930209848,3
"20749",2.53914823651883e-05,4.65710757297079e-06,0.989768763347151,0.000402923047806009,0.0097982650151048,3
"20751",2.34991684069216e-05,0.00212161581026187,0.997285758738547,0.000432299376105826,0.000136826906678067,3
"20753",9.33319258441478e-05,4.44013036341867e-06,0.996317823286917,0.000192385893689683,0.0033920187631856,3
"20755",7.52896794135718e-07,1.01615698956665e-08,0.00076008202762303,5.55557672635324e-05,0.999183599146749,5
"20757",0.0040464408619646,6.7251704202153e-07,0.00185534345711031,0.00722560803319843,0.986871935130684,5
"20759",0.999620395777076,2.48599969096981e-05,0.000128442765515574,0.00016901253979586,5.7288920703296e-05,1
"20761",0.0218983702560104,6.47962747629684e-05,0.976560949286122,0.00143069119553944,4.51929875653744e-05,3
"20763",0.0638869074057292,0.00082549874057481,0.929096732569172,0.00601924134930787,0.000171619935216185,3
"20765",0.00203305128215365,4.55976387323928e-05,0.994707842151265,0.00320818521967263,5.32370817646119e-06,3
"20767",0.952768420194861,0.000348329756406976,0.0368599507442227,1.71684472667047e-06,0.0100215824597825,1
"20769",0.264680409860643,0.696557671323071,0.0330290726750225,7.07377164409727e-08,0.00573277540354719,2
"20771",0.0953457278481214,9.02255911389391e-06,0.7054419435042,0.193811578502771,0.0053917275857943,3
"20773",2.4312227677984e-05,2.90541306966326e-07,0.000169130416592235,6.2481114037404e-06,0.999800018703019,5
"20775",0.00156208535510984,0.000182619774720105,0.997564079703783,6.60372313432989e-05,0.000625177935043899,3
"20777",0.0245455901410344,0.330676620258839,0.644070656182995,0.000416507078335837,0.000290626338796358,3
"20779",0.00082001937769645,5.53358223092957e-05,0.998897784487875,1.73633160888064e-05,0.000209496996029943,3
"20781",1.15411720315599e-05,0.970991454973335,0.00504858462613719,0.0185932838489422,0.00535513537955369,2
"20783",0.0194586181648775,1.38971914987191e-05,0.975641442388748,0.0026758321322582,0.0022102101226182,3
"20785",2.38982155331548e-06,7.14275574235858e-08,0.00015194232946377,0.000816829832534437,0.999028766588891,5
"20787",0.000257488808011926,3.43126247822477e-07,0.96995989912507,0.0171794106211613,0.0126028583195086,3
"20789",0.384709272519848,0.000979492303391483,0.60734655590337,1.02926775922177e-05,0.00695438659579796,3
"20791",9.99107241904649e-06,9.5380619493928e-07,0.945794378096456,0.053343602021593,0.000851075003337487,3
"20793",0.297086354260213,0.000680869542478742,0.700711696502385,4.7154731418319e-06,0.00151636422178155,3
"20795",0.000183778673871801,2.37780206732341e-06,0.824719840046994,0.174499216950253,0.000594786526814878,3
"20797",5.77699958657628e-07,0.00250702538995007,0.00125902526083365,0.996223588943248,9.78270601007023e-06,4
"20800",9.47947188782448e-05,2.21969195640064e-05,0.997771760031689,0.00209582454131207,1.54237885562323e-05,3
"20802",0.00619140804735869,4.3874528029384e-05,0.992230476194467,0.00150966356090145,2.45776692436277e-05,3
"20804",3.0820254975865e-05,6.27453115920567e-07,0.874140476194716,0.00311349318804276,0.122714582909149,3
"20806",8.34919635639916e-06,7.07113564440598e-07,0.738333018181567,0.260440163431985,0.00121776207652748,3
"20808",0.986230576975584,5.13466017713699e-05,0.0134318383629382,1.44111872404375e-07,0.000286093947834291,1
"20810",0.000851713816321405,1.90531733284036e-05,0.559580223359283,0.4379283699504,0.00162063970066709,3
"20812",0.00330609764060755,0.00478552775348082,0.986906372522333,0.00499686868539784,5.13339818070787e-06,3
"20814",2.87843156294568e-06,9.62113209792055e-08,0.125473062689727,0.174724878865975,0.699799083801415,5
"20816",0.11830623264537,0.00165266373796438,0.00338719339947701,3.1268366972e-07,0.876653597533519,5
"20818",0.00678444785107087,0.000109345663146515,0.990429198517888,0.00255143032087687,0.000125577647018025,3
"20820",2.67749997059155e-07,1.3359438463707e-07,0.000165778145430402,0.999823140889545,1.06796206424694e-05,4
"20822",0.00345922782568671,1.48463327598167e-05,0.995397479805264,0.00110787526041708,2.05707758725996e-05,3
"20824",7.07465661594637e-07,3.106767208408e-08,7.70194844204095e-05,0.000158114294938797,0.999764127687307,5
"20826",1.68535418426312e-06,4.89959096072645e-07,0.00462327604838222,0.995372991901867,1.55673647023336e-06,4
"20828",4.94183954807053e-07,2.29079806380358e-07,6.35256514893826e-05,0.999934928989342,8.22095407007507e-07,4
"20830",4.36170262916374e-05,6.9418161293812e-06,0.985794911218116,0.000411397574092555,0.0137431323653708,3
"20832",0.33341966319911,0.000213189551769635,0.621473204383447,0.0446950252340226,0.000198917631650037,3
