"","V1","V2","V3","V4","V5","V6","V7","best$classification"
"19811",1.02196750477295e-07,0.000381368721513586,0.0342619974169301,0.000469417506950773,0.961525947240252,1.36299716606047e-07,0.00336103061788666,5
"19813",1.43858508120916e-08,1.5099476470857e-06,0.999981690804879,3.82778289201654e-08,1.52383581226253e-05,7.61501532806009e-10,1.5074641704773e-06,3
"19815",1.70364159118986e-05,0.0107459656458548,1.71871104206357e-06,7.42391391042167e-06,0.940190439645501,0.000670697697404463,0.0483667179703751,5
"19817",3.6908434516494e-07,0.00248695298542515,5.25841603247929e-06,0.000337249014859697,0.991144700028704,1.08528835888207e-05,0.00601461758704428,5
"19819",0.582587426826264,0.245082499032315,3.61325294229543e-10,2.96203982787868e-07,7.69377563981935e-06,0.172285013527123,3.70702733496488e-05,1
"19821",8.51235946937073e-06,0.00700147323208266,0.0112349431940007,0.0143783228550096,0.966447653281069,1.81201719325989e-07,0.000928913876649609,5
"19823",4.14970648354185e-06,0.00346942119532517,2.8790456339614e-06,0.000108869523924317,0.895956336791624,0.0992067962625157,0.00125154747449335,5
"19825",0.0709771990287634,0.0119535916690323,0.0033017168706352,0.90915998684211,0.00089721796464291,0.000122948208565648,0.00358733941625022,4
"19827",2.51175731013965e-06,0.0031759737567212,3.97583165246179e-07,0.298725688272783,0.697913297618781,8.86260264928821e-05,9.3504984746434e-05,5
"19829",0.0713865157042169,0.922533096680843,2.17781803725312e-06,0.00543691221092417,0.000401934123142222,2.79248258751363e-05,0.000211438636961188,2
"19831",0.122920993202568,0.763337927631452,7.15621204895772e-07,2.63971199822443e-07,3.56236731742341e-05,0.113620016708817,8.44591915848981e-05,2
"19833",6.08377290549987e-05,8.41239437353231e-07,3.01245392642273e-06,2.0642559831582e-05,4.8283855919045e-07,0.998812154827565,0.00110202835162533,6
"19835",8.51235946937073e-06,0.00700147323208266,0.0112349431940007,0.0143783228550096,0.966447653281069,1.81201719325989e-07,0.000928913876649609,5
"19837",2.53875122264382e-06,0.0161357720642872,2.43324972373825e-06,0.0184602161537266,0.96524548254685,7.18606339907894e-06,0.000146371170790726,5
"19839",0.154032662251346,0.808880120540388,0.00176503455157753,0.0319213818404567,0.00146161658004722,1.10322315708958e-05,0.00192815200461424,2
"19841",1.79130369193398e-06,2.97895686664259e-06,2.99079021376019e-05,0.999956571608161,8.70030355614183e-06,5.85211415539281e-09,4.40734722431208e-08,4
"19843",0.911132413860174,0.0660154730784429,0.018450072823139,2.001530538973e-08,3.53885977678986e-06,1.8785195406513e-05,0.00437969616775543,1
"19845",1.98451859653409e-08,1.7473099050312e-05,0.927996094674238,8.46369873509798e-06,0.0716137676601339,6.65651276320751e-08,0.000364114457528997,3
"19847",7.26455185628787e-05,0.0497398332020232,0.00873992209168459,1.04829676401138e-05,0.8853944158135,8.78601374202687e-05,0.055954840269169,5
"19849",1.17540461350484e-09,1.90407157356649e-07,0.999953373042428,8.87619824471199e-08,4.59844574676691e-05,3.03474661393527e-10,3.61852085274023e-07,3
"19851",1.14249979652872e-07,0.000569208243964574,1.41477981670943e-05,1.5883815869283e-05,0.997327576004207,1.32945252881398e-05,0.00205977536252369,5
"19853",1.72676278453542e-09,8.12059778958807e-06,0.00962241761793157,0.000151087664940549,0.989948628877686,6.25933957222693e-05,0.000207150119167573,5
"19855",4.86602186436313e-09,0.000114654609081722,0.000553685051674735,0.00146855397297847,0.997581975069514,2.56207038506404e-06,0.00027856436034448,5
"19857",5.50638142407469e-05,0.160407734358104,0.0156504116097306,0.0162649946003925,0.790801677821393,1.11060318813736e-06,0.016819007192951,5
"19859",4.72068298123358e-06,0.0220762733585589,1.25502097339905e-05,0.00878473633110225,0.964081043923187,0.000101156594617769,0.00493951889981898,5
"19861",9.76993639569515e-08,0.000387998101504092,0.117228971232668,1.9590757419313e-05,0.8809498333684,6.96661846855049e-07,0.0014128121787984,5
"19863",5.24001995880285e-09,6.14463710103279e-08,0.992953172296852,0.00702092378463664,2.52990501689474e-05,3.09349366850591e-10,5.37872601618274e-07,3
"19865",5.58860408397611e-08,6.22159420862482e-06,8.78224313774331e-07,0.99753091591403,0.00245644599766629,1.29747935644817e-08,5.46940894694758e-06,4
"19867",8.84952050914591e-06,0.00477629207948855,0.00695500240726897,1.55637203359682e-06,0.960979444458214,2.20046411854073e-05,0.0272568505213006,5
"19869",8.23949843949065e-10,1.44484331140682e-06,0.991514828988221,3.10171492398488e-05,0.00844949453224553,1.24907739497931e-09,3.21241395520165e-06,3
"19871",1.17893636950944e-05,0.068449305125778,1.77592177737772e-06,0.0312600275001999,0.898640080602153,9.90846605210026e-05,0.00153793682587571,5
"19874",1.55216485369894e-07,8.55717287680697e-05,4.42796483760057e-06,0.707974026638831,0.291197832193478,5.53286138683233e-06,0.000732453396213995,4
"19876",4.66993683910413e-09,3.74317181880619e-05,0.000190268884525758,0.128195207366224,0.871543999318369,1.06137968412205e-07,3.29819047879834e-05,5
"19878",0.00339570087837018,0.000276320337104156,3.93082726935882e-06,1.88188922983805e-06,0.000237487373634091,2.59810515778152e-05,0.996058697642815,7
"19880",8.59501406183435e-10,4.65932753639883e-07,9.5877229146335e-06,0.997867621251232,0.00212215984365303,3.42632554801732e-09,1.60963619304318e-07,4
"19882",2.46459398852375e-07,8.34241455427592e-05,0.204565816025858,0.000679420948661516,0.777713865095694,1.44522030314833e-06,0.0169557821045423,5
"19885",3.22055927647448e-05,0.0978648225305389,8.18938943940201e-06,0.000379284229643707,0.88702980876632,6.55320899918827e-06,0.0146791362822944,5
"19907",2.87780683775867e-06,0.00112325853228581,0.0633015788751249,9.45860999921681e-06,0.908861466015659,3.57830201511683e-06,0.0266977818580779,5
"19909",0.00585446619078742,0.993457247542454,3.21660089755408e-05,7.7740052078522e-07,0.000633861427291403,4.33219869329283e-06,1.71492312775315e-05,2
"19911",0.0166940092673241,0.972770991622337,6.15128296514216e-06,0.00705540445246928,0.00304602909056737,0.000205808612233145,0.000221605672103337,2
"19913",1.65264955642089e-08,2.14033631890215e-07,2.3892883606796e-07,0.99998593640465,1.35557784177185e-05,1.28608464880774e-08,2.54671220037623e-08,4
"19915",6.98721118186603e-08,0.000145251447410482,1.57332740582998e-06,0.248483689564409,0.751131607324274,3.9387846457275e-06,0.000233869679742408,5
"19917",6.27830203872072e-07,0.000147199031648563,1.95295866091833e-06,0.987908309527915,0.0118945441154943,5.23769140828867e-07,4.68427669365535e-05,4
"19919",1.8523553746816e-06,0.00277237675631185,1.18203335468276e-06,0.100311797015348,0.890442977879368,2.77606527006879e-05,0.00644205330754231,5
"19921",9.44195752684258e-07,0.00264126033100468,0.00020503421181954,4.89018117422987e-06,0.984644588579913,7.25339731485814e-06,0.0124960291030214,5
"19923",0.000216751536633321,0.000734603749440253,1.14484560393398e-05,5.8873265865921e-08,0.00604442832419844,0.000551725076747057,0.992440983983676,7
"19925",1.43226084834968e-07,5.97130012499686e-05,7.1630300535877e-07,0.918311226379249,0.0814598087971358,1.10937819115184e-06,0.000167282915083482,4
"19927",7.25761384365433e-08,0.00107743829859587,1.70159969466176e-05,7.60429463873666e-05,0.99830230006423,5.76292127739607e-06,0.000521367196424722,5
"19929",8.80954459058139e-09,3.4220388552645e-07,0.412231595106904,0.587569922659932,0.000197962962307915,6.29979339578761e-10,1.67627446447629e-07,4
"19931",3.19016059527031e-06,0.00724074273190711,7.02500264401506e-07,0.000436640813874216,0.99044306239472,6.0031364816257e-05,0.00181563003382303,5
"19933",0.00497283980601692,0.94337601938478,1.40635390646358e-07,0.00018970285226942,0.0510024761190877,0.000246062051627333,0.000212759150828229,2
"19935",0.00204454332326136,0.274150296643322,0.000655549357019097,0.00101062006284725,0.688436536599714,4.14209393650855e-06,0.0336983119198995,5
"19937",1.26527783487495e-06,0.00286417936886965,2.1199408593204e-06,7.49509711435784e-06,0.990238442813587,0.000222279033687846,0.006664218468047,5
"19939",8.9752522810183e-06,0.0017646184692863,4.28537949069798e-06,0.000768861013219458,0.682136404642105,4.55591058388109e-05,0.315271296137779,5
"19941",0.0445575419152616,0.920995878694134,0.000149293068028407,0.0324719975415161,0.0017924689750233,1.66835085353358e-05,1.61362975011542e-05,2
"19943",1.64719864389452e-08,1.99924068411338e-06,7.52020258873935e-08,0.99917150859925,0.000825066462130428,1.64991407147365e-07,1.16903251621535e-06,4
"19945",0.0178465870576807,0.963856820677973,8.55166825163166e-08,1.01377260229048e-05,0.0125489614509594,0.000762842384823613,0.00497456518585769,2
"19947",0.00359953253420571,0.255256701030307,0.0179545790753621,0.716563467251132,0.00624714186684608,5.55656182008442e-05,0.000323012623945971,4
"19949",0.00361959292169088,0.00931016022411132,3.86283987177776e-07,4.68612548790832e-07,0.0171795585818248,0.00165054769367849,0.968239285682158,7
"19951",5.32667902481109e-05,0.00177493970484492,8.34633704324163e-06,0.688979532603038,0.250011687214671,1.37604764774212e-05,0.0591584668736775,4
"19953",0.0338471812957748,0.0476343507960657,2.77808380346404e-08,1.65118663831878e-08,0.000185590689651961,0.916784336991947,0.00154849593385579,6
"19955",0.181439628493748,0.480879001510068,1.42609113127711e-05,1.51313116388427e-06,0.000408526175485416,0.0275343041304853,0.309722765647737,2
"19957",8.32732662503103e-06,0.0116959592474047,1.97721691576284e-05,0.901510794750177,0.0850471339885033,0.00142580304706028,0.000292209471071992,4
"19960",0.190679914697355,0.803486732816676,3.60088278248412e-05,0.000236037348930665,0.000387943073116399,3.26507461533232e-05,0.0051407124899432,2
"19963",7.4580914847781e-05,7.83575163047146e-05,3.75539956964144e-05,0.955449683021663,0.000243163790403008,0.0441138305496374,2.83021144772992e-06,4
"19965",0.703116236888552,0.15707384039534,5.57356485353447e-05,1.22628869080643e-08,2.08494693210737e-05,0.000117603938035621,0.139615721397329,1
"19968",5.37920265249997e-05,0.00233934957098244,0.193797376316803,0.791548156826502,0.0122035255699391,2.61309291761217e-09,5.77970761550487e-05,4
"19971",0.000409437522038122,5.39442653349891e-05,2.2988803570866e-07,0.998764685608433,5.22958495700615e-06,0.000756816028761541,9.65710243925289e-06,4
"19973",2.75984026601959e-07,0.00158335865479305,2.36635792104132e-05,0.00202589853306075,0.995385414756913,3.80568251338419e-07,0.000981007923744679,5
"19975",3.52598692120318e-07,0.000156978296245135,2.12844942168778e-05,0.970031801257431,0.0297275459073325,1.94794573720927e-08,6.201796662508e-05,4
"19977",1.19291253710239e-05,1.32395514571779e-05,7.83097091494781e-05,0.998953077952929,0.00037923130532323,1.96195522205635e-05,0.00054459280354941,4
"19979",0.887747284197589,0.112158508210494,2.32138319029221e-10,4.72980973411047e-07,1.64277230975502e-07,8.81464086089209e-05,5.42369296527802e-06,1
"19981",3.5081052593337e-05,0.417877976879109,0.000676599987091864,0.000228252349028387,0.579439789699751,1.30302430975195e-05,0.0017292697893287,5
"19983",0.00021384921719978,0.194237222052065,0.000487954789663712,1.62270760938607e-05,0.341296129105293,7.32751017789637e-05,0.463675342657905,7
"19985",1.62162509387044e-08,3.66954626431474e-05,3.03571986621033e-05,0.703196896197356,0.296550377518044,2.1759300978799e-07,0.000185439814033229,4
"19987",0.000315821286181617,0.360973635295077,3.19701564395186e-06,0.0248303648491115,0.613365388759608,6.18449642102018e-05,0.00044974783016767,5
"19989",0.846055181397233,0.151659558249826,6.90495099530829e-10,1.69900823984346e-09,3.08164360638972e-06,0.00213330607744202,0.000148870242389013,1
"19993",0.0240439794756493,0.10929424030516,5.60808819363134e-07,0.0127028100764233,0.157014499249699,0.000279762119895605,0.696664147964354,7
"19995",0.0679665694766566,0.78746664672726,4.86751794845692e-06,0.00412844297554507,0.0903513710544648,0.000151025387368452,0.0499310768607566,2
"19997",8.33089923558237e-08,0.000382004882176239,2.27008376975739e-05,0.00338286231525953,0.995620062257615,1.733685042737e-06,0.000590552713216364,5
"19999",5.20593796525774e-09,9.63541302982624e-05,0.000528634874541334,0.0168605652986161,0.982438785103475,8.04429979277346e-08,7.55749441334185e-05,5
"20002",4.41120614483651e-05,6.0310636044604e-05,0.525694840789794,0.473830155261568,0.000369416946099254,5.47782349934455e-07,6.16522696214211e-07,3
"20004",0.00666552242084141,0.976178126609634,7.83936746836881e-05,0.00105538522560491,0.0159948353270446,8.55025438995692e-06,1.91864878015893e-05,2
"20006",0.117883039968573,0.449896190507393,0.00193380189377947,0.000599348151804122,0.00203979426603201,0.00115393942159203,0.426493885790826,2
"20008",0.187855604553495,0.0103157652717359,3.97947925947936e-05,5.14520439060338e-05,0.00118114145628543,0.00126355155649623,0.799292690325487,7
"20010",0.125379699075954,0.381837222777617,1.00926483343865e-08,1.78612119518069e-06,0.00388716841596315,0.0232298568320087,0.465664256684613,7
"20012",1.07648618629017e-06,0.000110563450311616,0.00845125795861973,0.747500923191562,0.240708209686339,1.12651533626824e-07,0.00322785657544704,4
"20015",0.941666278629842,0.0565818403323901,3.94021894036435e-07,1.38129169678988e-08,1.14027074983126e-06,6.53220220484535e-07,0.00174967971198672,1
"20017",2.1491851850121e-08,0.000504527834924301,0.00157412698007832,0.00817897580506982,0.989617127172021,1.46953738468801e-07,0.000125073762315756,5
"20019",0.995273470901476,0.00450092834735591,1.89844356524698e-11,6.39775120195671e-10,3.69480786412606e-09,0.000159979727741181,6.56166698593332e-05,1
"20022",0.0550808920055211,0.938226615072593,8.172043627912e-09,4.62759122547519e-07,0.000467043463177001,0.000649356298647227,0.00557562222889521,2
"20024",0.672910368307881,0.0250277825008129,6.38563988214876e-08,2.00600895455813e-08,8.3284228719144e-07,0.301810764551263,0.000250167881267536,1
"20026",0.672910368307881,0.0250277825008129,6.38563988214876e-08,2.00600895455813e-08,8.3284228719144e-07,0.301810764551263,0.000250167881267536,1
"20028",1.08831668304331e-08,7.90961670283496e-05,6.28422048971704e-05,0.0448899650935934,0.95494158936333,4.77750305086316e-07,2.60185376795094e-05,5
"20030",0.410187690356005,0.58967486742331,5.16221643136224e-06,9.30028175998096e-05,2.60266210804174e-05,2.8988200319386e-06,1.03517455410456e-05,2
"20033",4.55267255341002e-06,0.0154543933587517,2.25425605216546e-05,0.142793784424499,0.84141664196585,3.58208861753075e-06,0.00030450292920663,5
"20035",0.992342280910253,0.00718343376822802,6.28718155918583e-11,8.64319967195629e-10,1.71659125552604e-08,0.000334659141079053,0.000139608087335858,1
"20037",0.986167125873686,0.0132850881151908,3.56770813782683e-09,3.0213519490007e-11,2.75353858343065e-08,4.15463647927998e-05,0.00050620851302317,1
"20039",0.000667051007967808,4.86423435277927e-06,5.336798553829e-11,1.99121978722342e-11,1.46942884846318e-08,0.999296802639027,3.12673510842321e-05,6
"20041",0.000534439086600753,0.0149139953727679,3.61688278834017e-06,2.60695321739243e-05,0.00485131832617861,0.00133511705876689,0.978335443740724,7
"20044",0.00498604444476703,0.11047975881992,2.05750260377319e-05,0.00179957123297001,0.03071497844385,0.0112586179484675,0.840740454083988,7
"20047",0.993607910105548,0.00588026322095393,1.38009924135244e-11,1.05234197162527e-08,1.58656467877172e-09,0.000509187093784241,2.62745592832603e-06,1
"20050",0.0510222497550237,0.0106688251727528,5.46176143924933e-10,1.43811588003298e-05,0.0018556345608684,0.476658510680075,0.459780398126303,6
"20052",0.00026929369250835,0.106400754412811,3.49080304909216e-07,0.0268808050314408,0.832841039579984,0.0013923439537382,0.0322154142492123,5
"20054",0.0901580775460723,0.909598854886584,1.06374015633617e-05,2.20238067527255e-06,4.01901726496701e-05,4.2505735306803e-07,0.000189612555102671,2
"20056",9.00230732456925e-06,8.07970247463205e-05,2.43334388487238e-07,0.998380053964914,0.0015267503044123,1.10277161018345e-06,2.05029260411973e-06,4
"20058",0.823355260701862,0.175688777226629,1.04426363987411e-08,4.03317372399571e-10,2.19725495652109e-06,0.000579857427901299,0.000373896542696823,1
"20060",5.72799828667124e-06,0.00391133684649437,9.52503859376635e-06,0.000122711089634598,0.993226834085829,1.41889974185588e-05,0.0027096759437426,5
"20062",0.000134477063525849,0.0222472057617672,1.85683894647812e-05,7.18287266028567e-05,0.609663525873223,2.09329577673237e-05,0.367843461227649,5
"20064",0.0134455680113275,0.983683293041751,3.44394973520926e-08,4.45392236896088e-05,0.0026030998200632,1.91830989046637e-05,0.000204282364766353,2
"20066",0.827849287660532,0.172134316969793,5.0520795700679e-07,6.41602493718551e-06,1.02675358911576e-06,5.39122741972275e-06,3.05615577178542e-06,1
"20068",2.67493048752438e-07,0.00074007717030791,0.000917633378467075,2.82465909807715e-05,0.977376870304496,1.93882789607712e-06,0.0209349662348033,5
"20070",8.49239450775996e-07,0.00083501154965259,4.45637649960477e-05,1.5909419111673e-05,0.965708288272844,0.000405178435475859,0.0329901993184691,5
"20072",0.516150700277892,0.456274363577735,0.006532492068117,1.56340930835172e-08,8.48679029654662e-05,1.65763484617197e-05,0.0209409841907355,1
"20074",2.46193349077446e-09,5.05989139128301e-08,0.000241468827126763,0.999718049147876,4.03143100662694e-05,1.28255604828504e-09,1.13371527039322e-07,4
"20076",0.000159517517137774,0.0459562753634442,0.289010055833225,0.636894799945879,0.0275538365907995,5.68382436812447e-08,0.000425457911270671,4
"20078",0.0240855019945404,0.96848036709869,2.4694902345309e-07,3.46692472830535e-05,0.00418684200429041,0.000937974910694833,0.00227439779547819,2
"20080",0.960783703010042,0.0388827562271067,1.68169014204476e-11,5.90182444442012e-09,1.16342285418102e-07,0.000225378839097128,0.000108039662827538,1
"20082",0.00207596599243989,0.000559123507755161,6.69935343367524e-12,1.61751212958023e-08,1.01827926184752e-06,0.997357341263158,6.53477556460301e-06,6
"20084",0.0511667322418525,0.922787367382644,9.49915792717052e-08,0.0173928493260388,0.00211103647617561,0.00622967884796257,0.000312240733747456,2
"20087",0.103789728674296,0.795499914247433,2.46735568571427e-05,2.661021608314e-07,0.00440348418685015,0.000386307942163205,0.0958956252902402,2
"20090",0.964240962148218,0.0145636346776149,3.35799235029946e-11,3.24606267821496e-08,1.27040508554231e-06,0.00450654676572003,0.0166875535091547,1
"20092",0.000634151407041491,0.0241411295741916,0.000360422962073404,2.5591706762859e-08,0.0107508001471627,0.707270974153991,0.256842496163833,6
"20096",0.000188385901541536,0.0328884836833445,5.09194921200547e-06,0.00507139407929977,0.247707103511783,0.627712571859379,0.0864269690154405,6
"20098",1.24334091960034e-06,0.00270571665010007,2.51104536610954e-06,0.124094828785837,0.872710305598682,7.89412501174568e-06,0.000477500454083354,5
"20101",0.701921214572378,0.296774642072415,1.25927821925592e-09,0.000121902403533521,1.94788448104132e-05,0.000793786301233835,0.000368974546351994,1
"20104",1.22839697919373e-06,0.00145943899833648,0.416718799751841,0.00084407877839172,0.46338199179153,0.11415081941759,0.00344364286533138,5
"20106",0.490093933418039,0.502217153311352,5.35255446185597e-09,5.53542526786241e-05,0.000189742040511801,3.84945181695554e-05,0.0074053171066946,2
"20108",9.91898809146875e-07,0.00575670052582067,8.91927186237963e-05,0.00702381371090367,0.987081348206097,9.23637316082872e-07,4.70293024300054e-05,5
"20110",0.000386444527676402,0.00548561573525959,1.42258728843658e-07,0.104497994826482,0.239840056720322,0.242456780592975,0.407332965338556,7
"20112",0.41450845300298,0.187622217746383,1.65844355868719e-08,1.66271791158407e-05,0.00376474708335776,0.0101457079772901,0.383942230426437,1
"20114",0.00670870646270491,0.967649001386466,3.3711379541858e-07,0.0178764264732151,0.00737068281852413,0.000375745486230065,1.91002590648167e-05,2
"20116",0.02260530659349,0.969047170592765,1.24842137701434e-05,0.00761331989170916,0.000674012490153515,1.38014122817345e-06,4.63260768836153e-05,2
"20118",0.000283087472112029,0.599205481172709,1.04372379940868e-06,0.0354687409344817,0.364240708251889,0.00018058950931015,0.000620348935698695,2
"20120",0.340731213184031,0.620850312126636,9.41438250485039e-10,0.000781628280668995,0.00218937638355971,0.0281310778318964,0.00731639125177008,2
"20122",3.85323342481439e-08,2.34482924501555e-05,7.63907726328087e-06,0.998805382605437,0.00116299421097013,1.12872961754052e-08,4.85994248932486e-07,4
"20124",0.693794538597741,0.303530453238548,9.79599158459194e-08,1.11891405855773e-09,1.1762780341293e-06,0.0014021558465579,0.00127157696028863,1
"20126",0.00364547928074081,0.00137252935792613,5.6581940292553e-08,7.88354948165683e-08,2.12531256707073e-07,0.994944357584588,3.72858280531697e-05,6
"20128",0.836694721020806,0.000861764017957104,2.97939527716685e-10,2.76463311506668e-10,7.4134651340991e-10,0.162404630399939,3.88832455482396e-05,1
"20141",2.60478938928353e-07,0.00182448926733488,5.76807369034731e-05,0.04263922413478,0.91479284532328,0.0404968838086958,0.000188616250067108,5
"20143",2.14917716753391e-09,6.25306876205571e-08,3.77692004499594e-06,0.999974674421244,2.14689844183431e-05,1.86857902184919e-09,1.31258485629745e-08,4
"20145",0.130593266094886,0.856226522748629,6.9161859036859e-10,3.08481658747324e-06,0.00170071844444162,0.00326996570131743,0.00820644150252052,2
"20147",0.0532950349648754,0.946092324789829,5.4968144173784e-09,1.58487593467331e-06,0.00014849831325982,4.40010172047412e-05,0.000418550542081622,2
"20149",4.9484768635139e-09,2.10786462835528e-06,3.999877080661e-06,0.998769444307753,0.00122372540727963,2.52571665558882e-08,6.92337614723772e-07,4
"20151",1.90653515870763e-06,0.00203243136215385,1.90160641246075e-06,0.0387134820443885,0.958526854566601,2.93202885274201e-06,0.000720491856432297,5
"20153",5.80973526489915e-05,0.00277291750518223,2.7362689885783e-08,0.555367873961891,0.425516083249294,0.0122181853226076,0.00406681524568629,4
"20155",0.479109172091178,0.468704753757684,4.07491016603983e-08,2.95051206497132e-07,2.40414362620539e-05,9.2997206805459e-05,0.0520686997077629,1
"20157",1.26221176115176e-06,0.000718028073825236,1.7698962152051e-06,0.359427855980906,0.639760184035046,9.8283411655801e-06,8.10714610803551e-05,5
"20160",4.4477961634108e-09,1.58982628875741e-07,5.28532144704897e-07,0.999964854894598,3.44281148985578e-05,5.23602509133112e-09,1.97919086164699e-08,4
"20162",1.5544332559647e-09,1.18781722850817e-06,4.92990601245507e-06,0.994170807960654,0.00582262398958937,1.03612438516905e-08,4.38410838436727e-07,4
"20164",3.34638302844758e-06,0.000142273577999506,1.75500941929759e-06,0.940647701819392,0.0580919522654888,1.35088358959764e-05,0.00109946210877564,4
"20166",0.861792712078932,0.137178100490888,0.000131219693212321,0.000811059498085587,1.64327965451497e-05,1.48812728085528e-06,6.89873150552542e-05,1
"20168",0.000847889759443607,0.000364109473390171,0.99822529776313,0.000549655096186219,4.67409744614666e-06,6.54484916039169e-08,8.30836191224343e-06,3
"20170",6.73791106948699e-07,0.00411267486477553,1.05390155861547e-06,0.204149823490508,0.791432132479309,4.31764408856966e-05,0.000260465031855909,5
"20172",0.0552976162358656,0.942044503493347,9.83089859631017e-09,8.25008074754792e-09,0.000246685057364483,0.000546747676930615,0.00186442945551256,2
"20174",1.29420136699746e-08,9.56846072170347e-05,0.125046423782706,0.11820159019482,0.756610410018742,2.07561728561909e-08,4.58576983284022e-05,5
"20176",1.15511857308755e-05,5.62985147466614e-05,0.999896100971913,2.26757986081016e-06,2.20913606722322e-05,4.80881779890571e-09,1.16855782590329e-05,3
"20178",7.02037424394985e-09,1.21989806866146e-07,2.34756242959186e-07,0.999982769226761,1.68346250140356e-05,1.02529526016433e-08,2.2128848092582e-08,4
"20181",0.47683963337546,0.518176078643655,9.43449389722126e-07,0.00493000495015076,3.3908398971321e-05,3.80315011613379e-06,1.56280322575376e-05,2
"20183",2.78421541576301e-05,0.0601142274881762,3.25321290123566e-06,4.77330607210138e-06,0.925812699576057,0.00155573116771553,0.0124814730949207,5
"20186",0.000667361441914672,0.121614175759805,0.00438522758937288,1.07506555764651e-07,0.612339971427707,0.00658327787918765,0.254409878395457,5
"20188",4.36049382402067e-09,2.28794642812069e-07,3.67892931306584e-07,0.999697696899569,0.000301553906364678,1.54567657463728e-08,1.32689232571615e-07,4
"20190",0.80861674418857,0.191194913182185,1.51007068451729e-08,1.72077934719635e-07,4.59989186636871e-06,6.61408826879351e-06,0.000176941470467739,1
"20193",0.000940915893174564,0.000100382181226905,0.0170463073338871,0.981668497562385,0.000100934750480648,2.02805259742698e-07,0.000142759473585947,4
"20195",5.31004677702298e-05,0.00280847541813334,1.95511583379728e-06,0.778288900900962,0.213919586933825,1.44859295247738e-05,0.00491349523395095,4
"20197",0.169757005351518,0.803291924649104,4.58938290022574e-08,3.27692129576351e-08,0.000236952867422497,0.000257536217310335,0.0264565022516032,2
"20199",3.1546947247004e-08,3.48263455142894e-05,8.21469946256159e-07,0.89771712124728,0.102164357614666,4.89978385422855e-06,7.7941991792622e-05,4
"20205",5.55529564646777e-05,1.80336283271014e-05,3.45950002112551e-11,1.03577051187028e-09,2.0605106815038e-06,0.999500493460741,0.000423858373420037,6
"20208",1.38469419519888e-05,0.0126897345223599,2.24020817043498e-05,0.00793783253704358,0.975525694448495,6.8095621033121e-06,0.0038036799063417,5
"20210",6.25509013776895e-09,5.35952825906898e-06,2.07181794505699e-06,0.979332583332746,0.0206575480348299,5.96901082700957e-08,2.37134102170079e-06,4
"20212",2.23248448916743e-06,0.000446504658291563,3.70265917972709e-06,0.817770558468158,0.181405747440847,3.11386572367529e-06,0.00036814042331088,4
"20216",0.0641519721941032,0.935413439628064,9.5642690249839e-08,2.05662201036021e-05,0.000281434186301311,1.96409555564972e-05,0.000112851173181236,2
"20219",0.075200246893262,0.193390853972899,1.6999457639479e-09,3.58881346622613e-05,0.00160668542162675,0.715740294876389,0.0140260290012154,6
"20223",0.991805448835132,0.00609034932021762,0.000414824357355428,8.92890854509972e-11,1.01878056903945e-07,1.7789610997551e-05,0.00167148590895089,1
"20226",0.000384860841641073,0.00228526307018044,7.84040000627921e-08,9.20671471240956e-05,0.0218377006691719,0.000227464608706903,0.975172565259176,7
"20230",0.910322050336823,0.0895928316212838,8.22056250802716e-09,1.26255059284278e-08,1.07462777225064e-06,2.64165343800964e-05,5.76060336719341e-05,1
"20233",7.82946084579747e-08,8.94052251556387e-07,1.50956602602127e-07,4.93336879712329e-06,0.000697945760972653,0.999191666349036,0.000104331217731802,6
"20235",0.689368666542136,0.159974225186209,0.000127102813434347,2.16501408397122e-09,1.81406499573329e-05,0.0204103532970153,0.130101509346235,1
"20239",0.161005479456981,0.523455957176521,0.00241353438308246,6.69952523597085e-07,0.00128158770736392,0.000304811831621918,0.311537959491905,2
"20254",0.00592824409499324,0.000334707720217082,1.23643550374827e-12,1.36030193068342e-09,1.49721750740943e-07,0.993705538394493,3.13587070075281e-05,6
"20256",0.204997982917772,0.794467923110112,2.08922356272043e-07,1.7149637139805e-09,4.27467625943889e-06,0.000144229823385484,0.0003853788351513,2
"20262",4.38882610961668e-07,0.00118493744584753,1.38899467854298e-06,0.510510599364644,0.488215388519071,2.87651702678766e-06,8.43702761213503e-05,4
"20270",0.488630213937363,0.490098505561461,0.00313084905564665,0.00468335783156294,0.012530494305658,1.41314058463939e-05,0.000912447902461498,2
"20284",0.000541679619668645,0.0145339098530365,1.72247012745807e-07,8.9177440734328e-06,0.342181153436722,0.574439984466283,0.0682941826332037,6
"20287",0.996453336910031,0.00317843442241859,1.01399470306491e-08,7.14922036885146e-11,5.26505788730233e-09,5.63014802879951e-06,0.000362583043023767,1
"20290",0.000389669328715733,0.000393559817442697,7.90814672951588e-11,7.82611620373738e-06,0.000688508445074003,0.996154548977614,0.00236588723586861,6
"20293",0.00271741520290236,0.995044604657171,7.73377095004284e-08,6.3399728545882e-07,0.00176777737797219,0.000315713774820386,0.000153777652139015,2
"20296",0.000100229976414048,0.0505147344091145,0.0159197388992935,0.669273593115706,0.263412639233519,5.48602674133805e-08,0.000779009505684779,4
"20301",0.999521889946372,0.000431926619482823,1.18605332775975e-09,6.16524175511498e-07,2.69973754944041e-09,6.54762348662287e-06,3.90154006922196e-05,1
"20304",0.00078359258564099,0.00195861287534575,2.14640798733547e-11,2.31270783220938e-08,2.17699092519891e-06,0.997252372287053,3.22211249301589e-06,6
"20306",0.899214633071817,0.0995840462688582,1.03970568993914e-08,3.39189346977142e-10,1.44391079432944e-06,0.000955399212058929,0.000244466800224987,1
"20309",0.0173741226255371,0.747706207657213,5.79799277004729e-07,5.18240261491091e-05,0.0858964553536456,0.0026056095136552,0.146365201024523,2
"20311",0.131457362641393,0.866006774978017,7.13199377121265e-07,0.000219823851142029,0.0010031759257576,0.000500857698059079,0.000811291706254268,2
"20314",1.49882593721301e-05,0.0224522967209789,2.70481833452489e-07,0.0131090837022283,0.96317419422152,5.07255556589423e-05,0.0011984410584078,5
"20318",1.32330056369433e-06,5.12326306896166e-06,4.36998056448706e-06,0.999914132467734,7.4967845727605e-05,2.74271333105327e-08,5.57152078491191e-08,4
"20320",5.71057416328335e-05,0.00118027914963356,8.29649431433573e-06,0.000929194158316357,0.383729650790571,0.00207869516573564,0.612016778499796,7
"20326",2.08938717585507e-05,0.0318888526077921,6.74221287234622e-07,0.031688033762055,0.935747646288011,0.000128849214784575,0.000525050034311575,5
"20328",2.17330660363739e-05,0.00385641631312812,4.23974925149221e-06,5.33013215961592e-06,0.720447093154593,0.00241411760766779,0.273251069977164,5
"20330",0.113690674106397,0.0245300789823392,4.16535185161021e-07,3.72594195942088e-07,5.80072387462004e-05,0.00243246595137623,0.85928798459176,7
"20336",0.00027140860311716,0.0180548969300087,2.2372818358166e-09,1.28943274160354e-07,0.00511717676335001,0.975075478652501,0.0014809078704672,6
"20338",0.00149298130335668,0.0135565986056686,1.22219378911986e-09,4.61960373198739e-05,0.00022766725831054,0.982731506458096,0.0019450491150544,6
"20340",0.903887215208966,0.0958658423006549,2.18537661115959e-08,8.01005954557149e-09,2.17092515956486e-07,0.000147592168501728,9.91033655359924e-05,1
"20342",0.00135596033932927,1.80725498146157e-05,2.86418068167739e-05,0.000217639236749975,5.16591846348188e-05,0.980998953049914,0.0173290738327403,6
"20344",0.233082766409495,0.765641392901344,1.75167256684474e-07,1.51772048870616e-07,0.000421909665937762,0.000466759980753779,0.000386844103164548,2
"20349",0.550775776922593,0.449050818995846,1.06500732367595e-07,1.44886334892155e-09,4.41908796440701e-06,0.000102303594667128,6.65734493333385e-05,1
"20351",0.00816656587980991,0.982618702458917,1.39960212923874e-07,7.93003789147303e-05,0.0034928089443405,0.00344988052476029,0.0021926018530447,2
"20353",0.276370024745573,0.0390626860528456,5.78969277197065e-09,1.51846154479185e-08,3.3070760877923e-05,0.0176097527584748,0.66692444470792,7
"20357",0.00098439058453567,5.47093818829485e-05,4.31437510416411e-11,6.73897449264112e-11,9.25204153917315e-07,0.997404546412862,0.00155542830603231,6
"20360",0.0106198601183752,0.000548867154473185,0.000253274860581742,4.87818079668968e-07,2.52101119628472e-05,0.302475024425609,0.686077275510919,7
"20364",0.127459167737845,0.491952074054042,1.55782723501275e-08,5.40436002608929e-06,0.0110313076678261,0.00213145610451462,0.367420574497474,2
"20366",2.32316207861573e-05,0.00138686595973567,1.62900730075727e-09,2.14025856021728e-06,0.00141734125417901,0.996891020194982,0.000279399082749371,6
"20381",1.15655494044179e-08,5.43126780374077e-06,0.984591551623073,0.0123547644196863,0.00304266168720843,9.23150006622931e-08,5.48712167854266e-06,3
"20391",0.0229254012497059,0.122075015773957,0.201719292390992,9.88235420175228e-09,0.00728098240838255,0.0123529033987153,0.633646394895893,7
"20394",8.08003719980406e-07,0.00146832974074055,0.00179669567505516,0.000510469233658022,0.963627484612282,2.16781513219696e-06,0.032594044919412,5
"20396",2.68948381833054e-09,9.07601371268077e-06,0.688737367322278,0.00660489983302823,0.30455433956797,1.07165295333148e-08,9.43038569978578e-05,3
"20409",0.017013484551491,0.822287617372671,2.1617103261402e-06,0.0844926009577465,0.0756186944669623,0.000451100942377427,0.00013433999842591,2
"20411",0.365567812159711,0.470502624787658,5.60879454303244e-09,9.54763557515067e-10,4.13260100990313e-05,0.129633169343255,0.0342550611357188,2
"20416",0.251304525572647,0.000690279845730477,7.03596399788501e-11,1.01199391371998e-11,2.54755880997228e-09,0.747899087624386,0.000106104329197593,6
"20418",2.22234062590924e-09,8.97871556026547e-06,0.730599260635343,0.0355945452152598,0.233785911088661,5.42652113943267e-09,1.12966963138316e-05,3
"20420",2.97861161084959e-07,3.97554407424903e-05,1.81145856874132e-07,4.5904847595782e-05,0.00769800664968869,0.991847122039605,0.000368732015349912,6
"20422",0.918682909009776,0.0568970961813727,1.50410094903952e-08,2.17513995236761e-05,6.77867942821833e-05,9.36407184654302e-05,0.0242368008555702,1
"20424",0.51194545683139,0.342558922729297,2.42725327136294e-09,3.47705033728223e-09,2.7267392005974e-05,0.0402829287740591,0.105185418368945,1
"20426",3.48331747559307e-06,2.73217639599777e-07,1.11917310768056e-10,5.6594495253263e-05,3.22205603107306e-06,0.999921367358795,1.50594428878037e-05,6
"20428",0.0136448119509862,0.911873743180832,0.000835668963595564,2.29209056108737e-06,0.00459908443230341,3.67927488406042e-06,0.0690407201068381,2
"20431",0.00293720212337114,0.0226970687345521,8.59646922461043e-07,0.0772463534997075,0.573725830705506,0.00498965069789018,0.318403034592051,5
"20433",0.986711472838746,0.0130414694442791,4.87192762716267e-05,1.81803835783358e-09,6.87741434921915e-08,1.29064973393961e-06,0.000196977198787868,1
"20436",0.000909316799884278,0.00246616694957408,0.996583250426886,3.54962699845389e-06,7.7892776679111e-06,3.41293925220501e-08,2.98927895970584e-05,3
"20439",9.64727242226495e-09,4.17821688565045e-05,0.206904522758191,0.123409407162449,0.669587474258494,1.68278429266849e-08,5.67871768938561e-05,5
"20441",0.000198920556084236,0.000198702002927812,1.08109778348632e-10,5.58236993956463e-08,1.03400177784616e-05,0.992419416188271,0.00717256530312958,6
"20444",1.60028711095927e-09,1.7298606266778e-07,1.15684582936011e-06,0.999836841887846,0.000161780310181474,3.91488087738013e-09,4.24549130141537e-08,4
"20448",0.000174408717522019,0.0579181571381788,0.000128784275799952,0.11360820257946,0.826674992349882,0.0013829086712942,0.000112546267863825,5
"20536",1.01110995040239e-06,0.00160458604162172,0.83243144966487,4.51814013965689e-06,0.158295920263431,3.58834029886637e-07,0.00766215594595748,3
"20538",0.00277227169954804,0.482069812098977,2.05265874190835e-06,2.59653921176166e-07,0.00810814483490101,0.506865617503126,0.000181841550785285,6
"20541",0.953854061652504,0.0268740174779478,1.65113515008325e-11,1.05762940685531e-09,2.48895583325953e-07,0.0177506478854654,0.00152102301435947,1
"20544",0.00073862136332642,0.854587989754031,6.25897410273992e-07,0.000901708025218587,0.142039696597728,0.000313433973685951,0.00141792438859969,2
"20546",0.383323003398597,0.593629511364847,5.58894398683551e-09,4.52383960202029e-09,0.000220311718757015,0.00668560002237874,0.0161415633826374,2
"20550",0.00108103070622545,0.00230397650822567,5.03988183667775e-07,5.45001492618283e-05,0.00154312334981775,0.000203668602369923,0.994813196695916,7
"20553",0.495389750648073,0.000156351919490031,3.76252100799577e-10,1.53033430671033e-07,6.05809082757088e-10,0.504451044892261,2.6985246850637e-06,6
"20555",4.1897119851735e-07,2.22984503596692e-06,9.09821372851488e-08,1.70463568354332e-08,0.00037662065124732,0.997876734104664,0.00174388839935962,6
"20557",0.0018202222543054,0.00857730072228106,1.06373290874803e-08,0.000184463426484811,0.0118083231235083,0.01585654802798,0.961753131808111,7
"20559",0.278655118577852,0.720861906307996,2.30476578043414e-09,9.84066032154011e-07,5.8805184769489e-05,3.49565692543247e-05,0.00038822698932972,2
"20561",4.12606330022109e-06,0.0200226207100144,3.01704513834424e-06,0.234154461486108,0.745113260261488,4.40219031636919e-05,0.000658492530787333,5
"20564",7.02037424394985e-09,1.21989806866146e-07,2.34756242959186e-07,0.999982769226761,1.68346250140356e-05,1.02529526016433e-08,2.2128848092582e-08,4
"20566",0.0607863919485502,0.745838328707211,3.07291743649062e-05,4.14662749015446e-05,0.0225100897991024,3.08295672726882e-06,0.170789911139143,2
"20569",3.43714969245982e-08,0.000119868641900507,0.000199645164303577,0.0504654033436613,0.949163710319361,1.08137519609984e-07,5.12300217569027e-05,5
"20572",5.07527967579693e-08,6.13356351259846e-05,0.000505419829280338,0.877268784726083,0.122160878578359,1.71643516424106e-08,3.51331400417975e-06,4
"20574",0.663384303956664,0.332555012885469,3.54312819023004e-10,2.21383514540748e-06,3.96971451753577e-05,0.00147956554881534,0.00253920627441819,1
"20576",2.44322196207444e-08,2.58494596620479e-06,1.88281813104473e-07,0.999868283539345,0.000128764123615149,3.82481258982481e-08,1.16428914960541e-07,4
"20578",0.00516282024411992,0.96872026575254,1.88260282979486e-07,0.000925951303750055,0.0161591635858254,0.000125461829895586,0.00890614902358534,2
"20580",0.012977094937017,0.957447567594261,4.53334642730987e-06,1.21332846263509e-05,0.0280371747425723,1.5945455945849e-05,0.00150555063914989,2
"20583",2.09917061027014e-08,1.42492437722777e-06,1.79611341952065e-07,0.999935806593382,6.24720503860583e-05,2.71203230068279e-08,6.87084836200343e-08,4
"20586",0.0150387070763994,0.971515542979033,2.14188423090958e-07,4.22536800007623e-07,0.0114095876138554,0.000624544468904201,0.00141098113658482,2
"20589",0.674794049660444,0.318362703348852,9.67662777284057e-08,3.64558384667295e-10,2.48155709073364e-06,8.57332936624458e-05,0.00675493500911411,1
"20591",3.52960671042299e-05,0.00393257533280451,9.31761979451722e-06,1.38434099244227e-06,0.0846209925830457,0.0789423725394762,0.832458061516782,7
"20593",0.996336987147548,0.00361548433657967,8.68724316527809e-10,1.36057111928116e-09,1.34036513123832e-09,2.38131947651124e-06,4.51436267356756e-05,1
"20595",0.0356284066440616,0.963717278512809,1.18416392141256e-08,1.20650814500735e-05,0.00041190187620379,9.22764260291941e-05,0.00013805961780744,2
"20597",6.18114208358885e-10,4.04511115200256e-07,0.999260208144689,1.5977902600419e-06,0.000736762910646159,5.32709841394791e-10,1.02549246557774e-06,3
"20599",8.12006029231347e-09,1.95662397635888e-07,4.32774923498042e-07,0.99997021052522,2.91333404547016e-05,5.40562265324765e-09,1.41713218008218e-08,4
"20601",1.54041078234888e-06,0.0034139395347934,2.719113329962e-06,0.000121467655087297,0.963836827755539,3.99515210413114e-05,0.0325835540094273,5
"20604",0.888409931002423,0.111536437458424,9.26215742882169e-10,4.30608134634876e-07,9.12053212145125e-07,1.8218571359699e-05,3.40693802308685e-05,1
"20606",0.931905418254003,0.0676023567355784,1.25754409390432e-09,6.65552851451152e-09,5.16784633286863e-07,1.72748308957256e-05,0.000474425481816505,1
"20608",0.520326328994029,0.437103219137049,1.47935305806832e-06,1.62566413821403e-07,8.98610465213262e-05,4.7487107126654e-06,0.0424742001922156,1
"20610",2.18523128859744e-07,1.12157266231938e-05,3.1993299087124e-07,0.999064048765094,0.000917705214185044,2.2837154242618e-07,6.26346643545215e-06,4
"20612",0.0973396081304272,0.0741439817067558,0.723670958523029,0.000784668634031754,0.000436265080417981,0.103398888871623,0.000225629053715694,3
"20614",1.40013202158714e-08,3.0842530822061e-06,3.2897738850342e-07,0.990522486809559,0.00946277789244929,1.98973729264921e-07,1.11090924711807e-05,4
"20616",6.52750040295676e-05,0.0388188823509427,2.87545588931615e-05,0.00025249424035909,0.959079588793602,0.000102917813085248,0.00165208723908777,5
"20618",1.5063453005154e-05,8.37604764831298e-05,3.82194598504073e-10,4.97974372566098e-06,0.000200147476210472,0.998813172427403,0.000882876040978042,6
