"","V1","V2","V3","best$classification"
"19811",0.000172106256812239,0.99344239184232,0.00638550190086818,2
"19813",0.00609228986651011,0.986537180912005,0.00737052922148468,2
"19815",0.0102748278311764,0.989554398715291,0.000170773453532368,2
"19817",0.00139189734818119,0.994637184986142,0.0039709176656772,2
"19819",0.999779769561626,0.000216706933866465,3.52350450788665e-06,1
"19821",0.00291168816170643,0.894283305746668,0.102805006091625,2
"19823",0.00808545731045864,0.990351619973569,0.00156292271597293,2
"19825",0.177683449963135,0.0172654643149478,0.805051085721917,3
"19827",0.0042931047740235,0.446129805387499,0.549577089838477,3
"19829",0.962848682973181,0.00979007678391661,0.0273612402429023,1
"19831",0.997907147304903,0.0020845279733884,8.32472170893192e-06,1
"19833",0.870643827019302,0.0724219979726186,0.0569341750080794,1
"19835",0.00291168816170643,0.894283305746668,0.102805006091625,2
"19837",0.00643454049214768,0.876855184951155,0.116710274556697,2
"19839",0.849642693880937,0.034730942799397,0.115626363319666,1
"19841",0.000106698582761507,0.000163378342348015,0.99972992307489,3
"19843",0.997110621431135,0.00288361588728444,5.76268158081426e-06,1
"19845",0.000129953606588163,0.997892977677463,0.00197706871594888,2
"19847",0.00886513912340403,0.990949600739568,0.000185260137028158,2
"19849",0.000830823300491063,0.988073735064888,0.0110954416346214,2
"19851",0.000538794772360184,0.998934932059792,0.000526273167847939,2
"19853",2.60434947507933e-05,0.996693630453448,0.0032803260518014,2
"19855",8.81902677027897e-05,0.981579546143559,0.0183322635887386,2
"19857",0.0115327005008703,0.932859590654837,0.0556077088442923,2
"19859",0.00703046137703106,0.95938175423187,0.0335877843910987,2
"19861",0.00016278977204135,0.999148379373069,0.000688830854890041,2
"19863",4.36104234989618e-05,0.0171377929108677,0.982818596665633,3
"19865",5.8092282011832e-05,0.00665935347798027,0.993282554240008,3
"19867",0.0021188847572126,0.99781802111588,6.30941269071103e-05,2
"19869",7.34720305133893e-05,0.964132610065296,0.0357939179041907,2
"19871",0.0181492784176283,0.880059536631134,0.101791184951238,2
"19874",0.000330041876889549,0.240720517558108,0.758949440565003,3
"19876",4.8188968105316e-05,0.513624793966659,0.486327017065235,2
"19878",0.694347214036458,0.304393247145523,0.00125953881801895,1
"19880",3.20302008096419e-06,0.00367666312846686,0.996320133851452,3
"19882",0.000176469240315093,0.992436291858016,0.00738723890166865,2
"19885",0.0179555691738983,0.978048004779443,0.00399642604665925,2
"19907",0.000821259147635759,0.998891259135838,0.000287481716526507,2
"19909",0.936563310079765,0.0631336030239209,0.000303086896313739,1
"19911",0.890720315668541,0.0589574879572455,0.0503221963742136,1
"19913",1.47928056396207e-05,0.000205662685307707,0.999779544509053,3
"19915",0.000360467249599533,0.470743986803623,0.528895545946777,3
"19917",0.000528878245128581,0.0292953578578635,0.970175763897008,3
"19919",0.00350889797268019,0.785966896568584,0.210524205458736,2
"19921",0.00111236614505006,0.9987185118726,0.000169121982349911,2
"19923",0.12340269552218,0.876556675381036,4.06290967835298e-05,2
"19925",0.00027066966894501,0.0884623633533344,0.911266966977721,3
"19927",0.000569883505229774,0.997430207658843,0.00199990883592767,2
"19929",3.76243279672302e-06,0.00173780607731826,0.998258431489885,3
"19931",0.00611150073577703,0.98834942779396,0.0055390714702626,2
"19933",0.736587829566967,0.258495918575654,0.00491625185737858,1
"19935",0.0779202946746184,0.913674711309261,0.00840499401612025,2
"19937",0.002675055545139,0.997095813896352,0.000229130558508504,2
"19939",0.00554580405287974,0.988745012599876,0.00570918334724433,2
"19941",0.77212048849528,0.0322541185083476,0.195625392996373,1
"19943",4.33453465130145e-05,0.00350569797903686,0.99645095667445,3
"19945",0.887288484229004,0.112433454681567,0.000278061089429328,1
"19947",0.104965544159232,0.0494207414617405,0.845613714379027,3
"19949",0.425696760112983,0.574229141050438,7.40988365790086e-05,2
"19951",0.00845547491421331,0.351439496176748,0.640105028909039,3
"19953",0.987064330924486,0.0129333288713832,2.34020413088553e-06,1
"19955",0.98267779129079,0.0172987872196358,2.3421489574628e-05,1
"19957",0.00891887408673929,0.183963026701013,0.807118099212248,3
"19960",0.984756150755482,0.01297529440129,0.00226855484322771,1
"19963",0.00749160131317941,0.00478368552375284,0.987724713163068,3
"19965",0.99610048832384,0.0038980978542926,1.4138218675601e-06,1
"19968",0.00129099519257614,0.0284102507322898,0.970298754075134,3
"19971",0.017431650515637,0.000491936951664248,0.982076412532699,3
"19973",0.00094203122757055,0.97558105535421,0.0234769134182197,2
"19975",0.000230229958604812,0.0405402825358266,0.959229487505568,3
"19977",0.00136977707616324,0.00809901813458179,0.990531204789255,3
"19979",0.999956887992649,3.23891141177331e-05,1.07228932332113e-05,1
"19981",0.0229217546207965,0.973484433860237,0.00359381151896679,2
"19983",0.0389337192541675,0.960764434720445,0.00030184602538741,2
"19985",6.35083739951119e-05,0.191106970272564,0.808829521353441,3
"19987",0.104314768787669,0.776882783514373,0.118802447697958,2
"19989",0.999764990465346,0.00023485799776274,1.5153689105493e-07,1
"19993",0.521088477170126,0.440168605944165,0.0387429168857095,1
"19995",0.736503424808209,0.247845421815813,0.0156511533759783,1
"19997",0.000463144950477696,0.966660423069129,0.0328764319803932,2
"19999",7.37109866285483e-05,0.858170735295051,0.141755553718321,2
"20002",0.00089555825631753,0.00458193401083354,0.994522507732849,3
"20004",0.718371831332994,0.241090552155615,0.0405376165113905,1
"20006",0.921413576635664,0.0746629936504295,0.00392342971390664,1
"20008",0.919831995112057,0.0789357114335472,0.00123229345439594,1
"20010",0.9666735643567,0.0333061546743874,2.02809689125914e-05,1
"20012",0.000265469729921371,0.199981002303455,0.799753527966624,3
"20015",0.999480637348479,0.000516660699310655,2.70195221005934e-06,1
"20017",0.000176069610760371,0.924364289393254,0.0754596409959853,2
"20019",0.999990812288143,9.06165348067008e-06,1.26058376287696e-07,1
"20022",0.988523919529323,0.0114602388474343,1.58416232425671e-05,1
"20024",0.999769019192318,0.000229924311941984,1.05649573975229e-06,1
"20026",0.999769019192318,0.000229924311941984,1.05649573975229e-06,1
"20028",0.000123307015170025,0.716168692245754,0.283708000739075,2
"20030",0.996778941043728,0.00159313384167851,0.00162792511459368,1
"20033",0.00520776875832756,0.609879326320729,0.384912904920944,2
"20035",0.999979495180554,2.03581240170473e-05,1.46695428955586e-07,1
"20037",0.999949626457236,5.03529197220769e-05,2.06230424977047e-08,1
"20039",0.998764046780754,0.00123542005627445,5.33162971423992e-07,1
"20041",0.406467548939757,0.591488411495481,0.00204403956476245,2
"20044",0.526481949613912,0.460287640649023,0.0132304097370644,1
"20047",0.999995682469136,3.47584946400588e-06,8.41681399908157e-07,1
"20050",0.963267636120863,0.0365593597299775,0.000173004149159799,1
"20052",0.081187535956244,0.861109005521662,0.057703458522094,2
"20054",0.994365279718609,0.00543882717851107,0.000195893102879475,1
"20056",0.00128230858116592,0.00533542664538623,0.993382264773448,3
"20058",0.999688778201623,0.00031115017470503,7.16236714090684e-08,1
"20060",0.00449156903013716,0.993073478944999,0.00243495202486417,2
"20062",0.0218468578602164,0.977158418667825,0.000994723471958215,2
"20064",0.952238109029288,0.0462360073654406,0.00152588360527184,1
"20066",0.999622728696122,0.000183026160904063,0.000194245142974258,1
"20068",0.000402574275102994,0.999017739543966,0.000579686180930829,2
"20070",0.00117541160731757,0.998535971984491,0.000288616408191608,2
"20072",0.988387276451483,0.0116092490467737,3.47450174304013e-06,1
"20074",2.19200932282294e-06,0.000444704700430806,0.999553103290246,3
"20076",0.00780140836238241,0.0900610458123777,0.90213754582524,3
"20078",0.940035722609325,0.0593207961378084,0.000643481252866993,1
"20080",0.999965680472122,3.39449610333783e-05,3.74566844521605e-07,1
"20082",0.998391365933298,0.00159684217941743,1.17918872846921e-05,1
"20084",0.953086291999974,0.0170666380275219,0.029847069972504,1
"20087",0.911076620318486,0.0889066202557173,1.67594257965647e-05,1
"20090",0.999817615346092,0.00018146845250903,9.16201399120771e-07,1
"20092",0.265525981330465,0.734465745287772,8.27338176263822e-06,2
"20096",0.0937036449440914,0.889232447028233,0.0170639080276754,2
"20098",0.00275938789064574,0.643324663610549,0.353915948498805,2
"20101",0.999201602698085,0.000449057828573655,0.000349339473340972,1
"20104",0.00162273212810223,0.992529062985672,0.00584820488622608,2
"20106",0.996907724720328,0.00279921524064072,0.00029306003903177,1
"20108",0.00227467614794402,0.919578314606912,0.0781470092451443,2
"20110",0.107291424793944,0.745464078873441,0.147244496332615,2
"20112",0.979446957031311,0.0204612236943717,9.18192743171317e-05,1
"20114",0.811442467831341,0.0712915236770096,0.117266008491649,1
"20116",0.881966798042729,0.0257730494409524,0.0922601525163187,1
"20118",0.161147156356499,0.684946436425297,0.153906407218205,2
"20120",0.992776865590693,0.00629900396399086,0.000924130445316284,1
"20122",5.31354088238983e-05,0.00395210424776847,0.995994760343408,3
"20124",0.999734583065203,0.000265298367014216,1.18567783294976e-07,1
"20126",0.998660095624429,0.00130464270892706,3.52616666439842e-05,1
"20128",0.999994814540258,5.12212881776289e-06,6.33309238738309e-08,1
"20141",0.00186844026484852,0.882390573313752,0.115740986421399,2
"20143",2.85832421279152e-06,0.000219416906740743,0.999777724769046,3
"20145",0.989367109778945,0.0106006815134315,3.2208707623573e-05,1
"20147",0.99470899533415,0.00523333768470389,5.76669811463831e-05,1
"20149",1.51934786597502e-05,0.00415886261035928,0.995825943910981,3
"20151",0.00320282245739407,0.811037512655193,0.185759664887413,2
"20153",0.0271201977573194,0.416703591469063,0.556176210773618,3
"20155",0.998453845891183,0.00153990928829044,6.24482052640601e-06,1
"20157",0.00151595115869913,0.347511024673364,0.650973024167937,3
"20160",6.49502728082017e-06,0.000308548559314112,0.999684956413405,3
"20162",6.31660134151626e-06,0.00756247345971942,0.992431209938939,3
"20164",0.0015309630341024,0.10104271427969,0.897426322686208,3
"20166",0.988259757499328,0.00181119565256566,0.00992904684810642,1
"20168",0.353360564436702,0.0605206058662731,0.586118829697025,3
"20170",0.00263917561198739,0.588037172434108,0.409323651953904,2
"20172",0.991459864326848,0.00853902588068029,1.10979247150087e-06,1
"20174",4.57635069348201e-05,0.526333132696885,0.473621103796181,2
"20176",0.165456111478152,0.759313619631349,0.0752302688904999,2
"20178",8.76996948167197e-06,0.000218451146662816,0.999772778883856,3
"20181",0.979112772485602,0.00122480410472035,0.0196624234096775,1
"20183",0.0181370259243286,0.98174100950526,0.000121964570411365,2
"20186",0.0344125698364472,0.965582058727367,5.3714361860596e-06,2
"20188",8.36139877004063e-06,0.00128232825893729,0.998709310342293,3
"20190",0.99956489027127,0.000426150816910503,8.95891181992069e-06,1
"20193",0.00406797706036025,0.00238088062591475,0.993551142313725,3
"20195",0.00965986338212834,0.227442710486738,0.762897426131133,3
"20197",0.992733469027125,0.00726457138767576,1.95958519956752e-06,1
"20199",0.000147652092631825,0.10281315790473,0.897039190002638,3
"20205",0.964312826065955,0.0356732195762754,1.39543577697261e-05,1
"20208",0.0089847609092048,0.941835646607738,0.0491795924830568,2
"20210",2.22803092459895e-05,0.0197689712946442,0.98020874839611,3
"20212",0.00126889803924824,0.145890098164461,0.852841003796291,3
"20216",0.991366483820425,0.00810361799633621,0.000529898183238791,1
"20219",0.984958710601596,0.0148679097671699,0.00017337963123411,1
"20223",0.999540873388773,0.000458960719452571,1.65891774052309e-07,1
"20226",0.199457446983815,0.795807332812069,0.00473522020411619,2
"20230",0.999809959206708,0.000188610821831058,1.42997146050015e-06,1
"20233",0.020403705292471,0.970714270999754,0.00888202370777515,2
"20235",0.996840314329849,0.00315943631924178,2.49350908736387e-07,1
"20239",0.924658812805925,0.0753032760194,3.79111746754823e-05,1
"20254",0.99958642811494,0.000412449929644322,1.12195541600377e-06,1
"20256",0.999193063881057,0.000806619247770689,3.16871172642745e-07,1
"20262",0.000980252973065431,0.274393497959862,0.724626249067073,3
"20270",0.883095085375468,0.0828381554801896,0.0340667591443422,1
"20284",0.120799344309138,0.878993695303926,0.000206960386936498,2
"20287",0.99996724401707,3.26858557424145e-05,7.01271869793373e-08,1
"20290",0.839992217244342,0.158317553023063,0.00169022973259557,1
"20293",0.923919624516865,0.0759737378834527,0.000106637599681818,1
"20296",0.00615507293046699,0.239692095333419,0.754152831736114,3
"20301",0.999924027624066,1.63227284516749e-05,5.96496474823449e-05,1
"20304",0.996949536442142,0.00303224623435636,1.82173235014606e-05,1
"20306",0.999748480743647,0.000251449593726582,6.96626269617581e-08,1
"20309",0.697317151234443,0.302042352989472,0.000640495776085192,1
"20311",0.983398051365195,0.0150168969443047,0.00158505169050073,1
"20314",0.0188233203916673,0.90981910836178,0.0713575712465531,2
"20318",0.000135235884218103,0.000565401527121127,0.999299362588661,3
"20320",0.015227185705046,0.978318452127664,0.00645436216729005,2
"20326",0.0231651669171421,0.842061512500327,0.134773320582531,2
"20328",0.00887062611417601,0.991015541767381,0.00011383211844289,2
"20330",0.987726626149003,0.0122536696811773,1.97041698200168e-05,1
"20336",0.666656955979905,0.333294977774678,4.80662454163449e-05,1
"20338",0.965244377789989,0.033119469158598,0.0016361530514134,1
"20340",0.999910853928677,8.84058858777006e-05,7.40185444928972e-07,1
"20342",0.767689978754694,0.18366248435321,0.0486475368920962,1
"20344",0.993057088640516,0.00693445053495489,8.46082452904972e-06,1
"20349",0.999472325447591,0.000527393924719241,2.806276898549e-07,1
"20351",0.934891082624102,0.0637948333077231,0.001314084068175,1
"20353",0.996956169214609,0.00304306001224674,7.7077314397953e-07,1
"20357",0.992296892493929,0.00770260711397877,5.00392092411286e-07,1
"20360",0.940187655779769,0.0596643227843012,0.000148021435929867,1
"20364",0.946414648397557,0.0535243553302584,6.09962721849112e-05,1
"20366",0.526701706451332,0.47197250177141,0.00132579177725832,1
"20381",0.000186114670075258,0.245341801985637,0.754472083344287,3
"20391",0.499863351380363,0.500133039974604,3.60864503326743e-06,2
"20394",0.000720758331080394,0.995131609107329,0.00414763256159094,2
"20396",2.51364389750652e-05,0.864397335252151,0.135577528308874,2
"20409",0.602841780640265,0.172715626354096,0.224442593005639,1
"20411",0.998469809611741,0.00153013720656218,5.31816965834074e-08,1
"20416",0.99998335311115,1.66389273891011e-05,7.96146140022895e-09,1
"20418",1.97069473534257e-05,0.528273245388562,0.471707047664085,2
"20420",0.0219096920499079,0.96820235818704,0.0098879497630525,2
"20422",0.997401259067322,0.00240537541693631,0.000193365515742016,1
"20424",0.998834297608675,0.00116558572754076,1.16663783725856e-07,1
"20426",0.628191511957445,0.144410552341649,0.227397935700906,1
"20428",0.742604873960775,0.257115487120928,0.000279638918297501,1
"20431",0.160065627688522,0.720115086948172,0.119819285363306,2
"20433",0.999762584322177,0.000236030586790541,1.38509103251339e-06,1
"20436",0.827017745845916,0.14862657369706,0.0243556804570241,1
"20439",3.08682583245292e-05,0.518634851853711,0.481334279887964,2
"20441",0.963405524179389,0.0365299672819418,6.45085386693607e-05,1
"20444",3.97228006392064e-06,0.000767381327724648,0.999228646392211,3
"20448",0.041055083854832,0.64196160203468,0.316983314110488,2
"20536",0.000988854039259012,0.998589654021226,0.000421491939515583,2
"20538",0.819015401035653,0.180945058649999,3.95403143480796e-05,1
"20541",0.999940785313521,5.91509357311043e-05,6.37507482823142e-08,1
"20544",0.350643147873579,0.635918044986458,0.0134388071399635,2
"20546",0.996075400516093,0.00392434917325753,2.50310649878819e-07,1
"20550",0.561220702691653,0.432631337954929,0.00614795935341819,1
"20553",0.999984054530945,5.21277577150339e-06,1.0732693283235e-05,1
"20555",0.0485672797120898,0.951301794573913,0.000130925713996972,2
"20557",0.607605564438985,0.387974382358273,0.00442005320274155,1
"20559",0.998387005143963,0.00159017060442989,2.28242516070004e-05,1
"20561",0.00703640550780911,0.594450490708413,0.398513103783778,2
"20564",8.76996948167197e-06,0.000218451146662816,0.999772778883856,3
"20566",0.767078246459878,0.231843142140851,0.00107861139927057,1
"20569",0.000171128695955098,0.685199008135002,0.314629863169042,2
"20572",4.67757439268014e-05,0.0575896228686786,0.942363601387395,3
"20574",0.999246990736971,0.000736564609153584,1.64446538755158e-05,1
"20576",3.93816349564482e-05,0.000945639230135918,0.999014979134908,3
"20578",0.798027292426852,0.191210280355413,0.0107624272177341,1
"20580",0.723011496524938,0.276215623730011,0.000772879745051349,1
"20583",3.05354490461251e-05,0.000583723477628007,0.999385741073326,3
"20586",0.872830218764625,0.12712853566433,4.12455710442528e-05,1
"20589",0.999481088160026,0.000518841976711066,6.98632624843727e-08,1
"20591",0.0362791983910313,0.963639177227216,8.1624381752961e-05,2
"20593",0.99999023162132,9.27866793404366e-06,4.89710745869803e-07,1
"20595",0.990689188716385,0.00899799005293525,0.000312821230679316,1
"20597",0.000176667587684674,0.981528459521414,0.0182948728909007,2
"20599",8.52386453035175e-06,0.00026456674423386,0.999726909391236,3
"20601",0.00263894070366322,0.995922114322693,0.00143894497364436,2
"20604",0.999872038811516,0.000114487628708402,1.34735597757826e-05,1
"20606",0.999852363663255,0.000146960444062703,6.75892682215801e-07,1
"20608",0.994798656343292,0.00519217690212258,9.16675458524805e-06,1
"20610",0.00018806308778932,0.00455556909061323,0.995256367821597,3
"20612",0.937327279650574,0.0473755655024303,0.0152971548469952,1
"20614",4.16056167957978e-05,0.0169987516215297,0.982959642761674,3
"20616",0.0208390684663047,0.975511085720314,0.00364984581338094,2
"20618",0.606918217772011,0.388239390129049,0.00484239209893992,1
"20620",0.993465650129353,0.006010667642287,0.000523682228359753,1
"20622",9.29475124263734e-05,0.00188028119255745,0.998026771295016,3
"20624",0.99827170972845,0.00172755585997748,7.34411572598121e-07,1
"20626",0.77982484848649,0.195390292342481,0.0247848591710285,1
"20628",0.259870237248051,0.736181121799259,0.00394864095268995,2
"20630",0.848433247085437,0.126023266216225,0.025543486698338,1
"20632",2.3503829943325e-06,0.0142565257285243,0.985741123888481,3
"20634",0.999756285878416,0.000243111554797968,6.02566786367956e-07,1
"20637",0.998056972981407,0.00171568198396959,0.00022734503462322,1
"20639",0.000262778689369119,0.309065558507303,0.690671662803328,3
"20644",0.99999069477804,8.6360167618722e-06,6.69205197902487e-07,1
"20646",0.99786233747234,0.00204952905938017,8.81334682793827e-05,1
"20648",0.00189504260018455,0.967989870224907,0.0301150871749089,2
"20650",0.999322952289771,0.000676588066368376,4.59643860401986e-07,1
"20653",0.00298924356833151,0.989462728400982,0.00754802803068637,2
"20658",0.997184469596258,0.00281307674639586,2.45365734642379e-06,1
"20661",0.84871497781842,0.151200099197362,8.49229842181126e-05,1
"20663",0.589167499842972,0.410774711586783,5.77885702456081e-05,1
"20665",2.01498253062628e-05,0.00026246717069063,0.999717383004003,3
"20667",0.0404616331575829,0.958376151991068,0.00116221485134954,2
"20669",8.11710673101483e-05,0.978447731128997,0.0214710978036931,2
"20671",0.993276041438463,0.006477000371184,0.000246958190352431,1
"20673",0.000115852600149182,0.928228248965904,0.0716558984339468,2
"20675",0.00936704244683642,0.990339075360499,0.000293882192665081,2
"20677",0.388050544557786,0.611882771698019,6.66837441943392e-05,2
"20679",2.77574057553012e-05,0.946129889057977,0.0538423535362679,2
"20681",0.00030670674439306,0.999478295281848,0.000214997973758681,2
"20683",0.269125996336762,0.73071512022214,0.000158883441097562,2
"20685",0.0144154555130149,0.981323721314168,0.00426082317281715,2
"20687",0.00010517738357396,0.0985644704352952,0.901330352181131,3
"20689",0.999854081924808,0.000145003105044178,9.14970148001193e-07,1
"20691",1.01977483412761e-05,0.001112610884935,0.998877191366724,3
"20693",0.999814358264754,0.000185547712392906,9.40228528078107e-08,1
"20695",0.0013218638928683,0.987662088857281,0.0110160472498508,2
"20697",0.999393568693388,0.000460801035752763,0.000145630270858787,1
"20699",0.175643651785305,0.82314981320689,0.00120653500780521,2
"20701",0.792190483195216,0.207799003816573,1.0512988211595e-05,1
"20703",0.00147352898013446,0.990338135307733,0.00818833571213223,2
"20705",0.994809338761516,0.00518916499340792,1.49624507562706e-06,1
"20707",0.015844844837128,0.984049661814132,0.000105493348739544,2
"20709",0.034101376394475,0.0885373874759857,0.877361236129539,3
"20713",0.000993744409052884,0.970094210116907,0.0289120454740405,2
"20715",0.98196131482118,7.65498080176597e-05,0.0179621353708025,1
"20717",0.000681383429104676,0.998703490507467,0.000615126063427788,2
"20720",0.96936581794631,0.0305023034804821,0.000131878573208135,1
"20722",0.958306901780719,0.0416703406459851,2.27575732961912e-05,1
"20724",0.000298011598494378,0.790143285271226,0.20955870313028,2
"20726",0.999773136440896,0.000226800393742461,6.31653621862898e-08,1
"20728",0.000127626813431248,0.999102659825676,0.000769713360893123,2
"20730",0.00428732460651255,0.629796875020141,0.365915800373347,2
"20732",0.56129507748309,0.438305892456636,0.000399030060273683,1
"20734",0.394149329420734,0.605700945477021,0.000149725102245596,2
"20736",0.000165289259573512,0.161936916401473,0.837897794338954,3
"20738",0.683543791820684,0.0286221787476951,0.287834029431621,1
"20740",0.875194273433972,0.124805284845975,4.41720052498344e-07,1
"20742",0.00085925794445314,0.998596084631496,0.000544657424050779,2
"20744",8.68411855005853e-06,0.0372857943393571,0.962705521542093,3
"20746",0.0805322183460732,0.919148864242289,0.000318917411638046,2
"20748",0.000360336999141598,0.735311439453989,0.264328223546869,2
"20750",0.00118274006346255,0.360936390568721,0.637880869367816,3
"20752",0.946488594021035,0.053507020584781,4.38539418368709e-06,1
"20754",0.0003890860911799,0.959117264866017,0.0404936490428034,2
"20756",0.135866010032467,0.600399571476355,0.263734418491179,2
"20758",0.14072178126007,0.298220314010289,0.561057904729641,3
"20760",6.33456039160505e-05,0.782938723002301,0.216997931393783,2
"20762",0.000291440472213601,0.99522751322078,0.00448104630700667,2
"20764",4.07086172937754e-05,0.349437156115396,0.65052213526731,3
"20766",0.000155005267558162,0.896321323082652,0.10352367164979,2
"20768",0.00287529736690981,0.254627949263907,0.742496753369183,3
"20770",0.0261280164739259,0.971998583637252,0.00187339988882274,2
"20772",0.9997017353528,0.000290344252197816,7.92039500199386e-06,1
"20774",0.999975512042185,2.43857218132475e-05,1.02236001885676e-07,1
"20776",0.0043945528336945,0.995512395443621,9.30517226842887e-05,2
"20778",0.999994585833273,4.75964494514684e-06,6.54521781622217e-07,1
"20780",0.00171997565871088,0.630486284881123,0.367793739460166,2
"20782",0.000135753604873096,0.850533505001651,0.149330741393476,2
"20784",0.000492217963074491,0.996757055468264,0.00275072656866159,2
"20786",5.65554878403674e-06,0.00121358126569922,0.998780763185517,3
"20788",0.033394570444129,0.966375848933846,0.000229580622025558,2
"20790",0.000103792422512035,0.836057442389962,0.163838765187526,2
"20792",0.0789462941634095,0.560725035302413,0.360328670534177,2
"20794",4.20799546776157e-05,0.421046656451266,0.578911263594056,3
"20796",0.998768730648554,0.00123102074866439,2.48602781826729e-07,1
"20798",8.76996948167197e-06,0.000218451146662816,0.999772778883856,3
"20801",0.000127946374108501,0.00361070527676725,0.996261348349124,3
"20803",0.0581925591960258,0.941751646526702,5.57942772724509e-05,2
"20805",0.319284936289986,0.680506154781319,0.000208908928694982,2
"20807",8.76996948167197e-06,0.000218451146662816,0.999772778883856,3
"20809",0.00356849826464954,0.994327699110803,0.00210380262454697,2
"20811",0.0383393804494472,0.0603354717237643,0.901325147826788,3
"20813",0.421956642075934,0.506153482180709,0.0718898757433574,2
"20815",1.94349676078456e-06,0.00160253079261384,0.998395525710625,3
"20817",0.000647797999631706,0.961113150872075,0.0382390511282929,2
"20819",0.3690727513441,0.630917425779916,9.82287598338717e-06,2
"20821",0.937741395080347,0.0122182944728907,0.0500403104467617,1
"20823",0.212890210751781,0.773748367710428,0.0133614215377901,2
"20825",8.7641403961245e-05,0.914362991524963,0.0855493670710753,2
"20827",0.00159140669724617,0.267215755959189,0.731192837343565,3
"20829",0.994769006060956,0.00515226309661177,7.87308424322783e-05,1
"20831",0.000380782001073895,0.926071770738022,0.0735474472609039,2
"20833",0.000205032370764095,0.622756217164111,0.377038750465125,2
"20835",0.000253925701161259,0.969209739880077,0.0305363344187622,2
"20837",0.000927594492067027,0.996098565239791,0.00297384026814188,2
"20839",0.000219794086807986,0.981705549876512,0.0180746560366805,2
"20841",0.728295694233272,0.271587724561986,0.000116581204741033,1
"20843",0.00267545902965076,0.997233783442424,9.07575279247783e-05,2
"20845",0.00257570752924984,0.477705361000088,0.519718931470662,3
"20847",0.397699470317206,0.601706935018764,0.000593594664029215,2
"20849",0.467309977644779,0.511664970037491,0.0210250523177298,2
"20851",0.687256998679406,0.312647946668513,9.50546520810861e-05,1
"20853",0.981425225073631,0.0185688309858648,5.94394050447475e-06,1
"20855",0.992111466564689,0.00725422476687197,0.000634308668438922,1
"20857",0.573407712862489,0.426448264453767,0.000144022683743468,1
"20859",0.951999105641987,0.0476244329940842,0.000376461363928638,1
"20861",0.0361419577169575,0.930947350279083,0.0329106920039595,2
"20863",0.000220363700025327,0.690418112699375,0.3093615236006,2
"20865",0.00172814983360736,0.995585925050342,0.00268592511605091,2
"20867",0.999994374860276,5.48895046845686e-06,1.36189255697832e-07,1
"20869",0.000732422851694738,0.511759152346308,0.487508424801998,2
"20871",0.997269693932169,0.000375583025181851,0.00235472304264936,1
"20873",0.998763872291026,0.000348700016155828,0.000887427692817749,1
"20875",0.950531873124432,0.0494022680859181,6.58587896502257e-05,1
"20878",6.1934250603328e-06,0.00426029562627819,0.995733510948661,3
"20880",0.000358888511464871,0.641982384236908,0.357658727251627,2
"20882",0.999158171369178,0.000834365512726258,7.46311809537102e-06,1
"20884",0.000951102787367633,0.993325897677692,0.00572299953494055,2
"20886",0.00289471227103911,0.316615800191348,0.680489487537613,3
"20888",4.61661617851892e-06,0.094563046907843,0.905432336475978,3
"20890",0.00101631795984481,0.761749754364654,0.237233927675501,2
"20892",0.557976506910578,0.441941353646125,8.21394432963448e-05,1
"20897",0.125438040156691,0.860316209448309,0.0142457503949996,2
"20899",0.101367432786004,0.861423215906017,0.0372093513079788,2
"20901",0.969155655539352,0.0305804443710495,0.000263900089598958,1
"20903",0.995731593888208,0.000102407510313817,0.00416599860147779,1
"20905",0.897236435623027,0.058303583890984,0.0444599804859885,1
"20907",0.997147669325335,0.00284826457334051,4.06610132464833e-06,1
"20909",0.379020532347293,0.587436802701337,0.0335426649513701,2
"20911",0.999655606166225,0.000340576530173583,3.81730360144093e-06,1
"20913",0.0149336566802336,0.976738419121969,0.00832792419779687,2
"20962",0.843261890488333,0.156537420987525,0.000200688524142383,1
"20969",0.984734968564697,0.00581363203511974,0.0094513994001828,1
"20980",0.833277273302029,0.165035832276057,0.00168689442191346,1
"20982",0.971323272174212,0.028669219558109,7.5082676786164e-06,1
"20984",0.00152809866233535,0.98985903092272,0.00861287041494454,2
"20994",0.98281056840338,0.0164695339261974,0.00071989767042236,1
"21015",0.000128217199183015,0.289422435820994,0.710449346979823,3
"21023",0.999780669124288,0.000219103558424309,2.27317287530178e-07,1
"21040",0.88517093527805,0.114791777349938,3.72873720123166e-05,1
"21073",0.706568173014533,0.287327217528012,0.00610460945745476,1
"21222",0.00142796955562652,0.890081850174177,0.108490180270197,2
"21224",0.0594175471869008,0.931866627473559,0.00871582533954052,2
"21228",0.0444113274454336,0.420156752092515,0.535431920462051,3
"21232",0.996666831021168,0.00333250203872034,6.66940111662573e-07,1
"21237",0.967095113168953,0.0317912869688137,0.00111359986223358,1
"21240",0.000361285464823457,0.91388782648446,0.085750888050717,2
"21245",0.000179928669371637,0.738966346004039,0.260853725326589,2
"21252",0.992793416414039,0.00720638796730753,1.9561865384999e-07,1
"21254",0.934199726614267,0.0657807616642133,1.95117215192687e-05,1
"21258",0.0909733583748954,0.890782514337259,0.0182441272878452,2
"21264",0.0117706322588098,0.872127666965437,0.116101700775753,2
"21305",0.0183017846306539,0.931224616419225,0.0504735989501205,2
"21333",0.856940869232512,0.143055028470031,4.10229745612262e-06,1
"21366",0.0424863896054955,0.957068726133281,0.000444884261223176,2
"21377",7.55219820396612e-05,0.00314123966447907,0.996783238353481,3
"21380",0.848482339355719,0.0921304660734812,0.0593871945707998,1
"21387",0.997900590973785,0.00209792983528874,1.479190926653e-06,1
"21390",0.990517002237251,0.00947802708600974,4.97067673946932e-06,1
"21392",0.257754268081303,0.74175310036299,0.00049263155570672,2
"21403",0.799029333882344,0.143476892737662,0.0574937733799945,1
"21408",0.998207058872197,0.00166102769420243,0.000131913433600659,1
"21412",0.983580283394109,0.013672487590811,0.00274722901508006,1
"21421",0.00455796139922992,0.992748721635463,0.00269331696530702,2
"21424",0.999648736585621,0.00035110810142273,1.55312955924051e-07,1
"21429",0.993938978207906,0.00602019468062345,4.08271114710303e-05,1
"21431",0.0216147656096084,0.976389663683853,0.00199557070653822,2
"21436",0.00330515018115817,0.99319472295283,0.00350012686601132,2
"21439",0.936253096332334,0.0577252009827278,0.00602170268493863,1
"21442",0.0908130385814501,0.750623459309403,0.158563502109147,2
"21444",5.62809634912476e-05,0.994193296942365,0.00575042209414336,2
"21446",1.12782391844803e-05,0.0118704902706507,0.988118231490165,3
"21448",0.0180408262610801,0.972477823105838,0.00948135063308186,2
"21450",0.413755971695169,0.555449890303752,0.0307941380010793,2
"21452",0.948903689508435,0.0510534020922483,4.29083993170089e-05,1
"21466",0.999867411071938,0.000132569893732707,1.90343288727367e-08,1
"21470",0.810394213829737,0.187222329809001,0.00238345636126267,1
"21472",0.981037838102486,0.0189617099399926,4.5195752157413e-07,1
"21474",0.965998181770791,0.0331861534559553,0.000815664773253433,1
"21477",0.000133236400677468,0.993440819254294,0.00642594434502823,2
"21480",0.999972735927216,2.72598860173673e-05,4.18676716679657e-09,1
"21483",0.000411796276311079,0.909359597221942,0.0902286065017467,2
"21491",0.0010356567007218,0.574793594543193,0.424170748756086,2
"21494",0.999808118410127,0.000153009429336531,3.88721605363113e-05,1
"21499",0.998898460550451,0.00108998146004148,1.15579895072919e-05,1
"21501",0.988563975671081,0.0114354317342024,5.9259471666682e-07,1
"21506",0.953145058862128,0.0468431328425215,1.18082953504813e-05,1
"21511",0.907240359573393,0.0924911522698948,0.000268488156712505,1
"21513",0.0772329847766528,0.922745895807471,2.11194158759812e-05,2
"21521",0.0996638908777626,0.899699285648065,0.000636823474172385,2
"21523",0.0568370897356455,0.943118968583044,4.39416813105606e-05,2
"21525",0.00361532812841649,0.995391807093052,0.000992864778531649,2
"21531",0.999611436014948,0.000383557860746052,5.00612430567732e-06,1
"21536",0.846399018539107,0.152723609317381,0.000877372143512143,1
"21544",0.903844406268732,0.0897877396700587,0.00636785406120949,1
"21547",0.995182969249336,0.00463841341290171,0.000178617337762425,1
"21551",0.925806577501267,0.0700243002818398,0.0041691222168934,1
"21556",0.987185147129442,0.0127993415224218,1.55113481356954e-05,1
"21559",0.0467181247023979,0.953246367795866,3.55075017362982e-05,2
"21563",0.996756507749605,0.00323843485333312,5.05739706233499e-06,1
"21565",0.999511197469445,0.000487422393926105,1.3801366287165e-06,1
"21568",0.99651856381298,0.00347326868248682,8.16750453321357e-06,1
"21572",0.99999404623595,5.88217266283906e-06,7.15913873125708e-08,1
"21575",0.960875861887731,0.0382525581665208,0.000871579945747923,1
"21577",0.020973320025024,0.868165340257343,0.110861339717632,2
"21579",0.299655718426112,0.699931363563291,0.000412918010596451,2
"21581",8.76996948167197e-06,0.000218451146662816,0.999772778883856,3
"21584",0.000357393055645929,0.826173678234975,0.173468928709379,2
"21586",0.0285633209498728,0.965397373361355,0.0060393056887721,2
"21588",0.0902332202021135,0.765278137089633,0.144488642708254,2
"21590",0.99502422955073,0.00496994537176826,5.82507750198284e-06,1
"21594",0.00539990070586478,0.897033743373375,0.0975663559207601,2
"21596",0.000752336342269852,0.632407727300016,0.366839936357714,2
"21598",0.998233063723404,0.00175016776383989,1.67685127559123e-05,1
"21600",0.000369213382987636,0.999504084877849,0.000126701739163478,2
"21602",0.87436000038592,0.125616301280238,2.36983338419377e-05,1
"21604",0.294798064655377,0.68301057430274,0.0221913610418837,2
"21606",0.00024000654896339,0.0145719388394085,0.985188054611628,3
"21608",0.298257401365221,0.69634104865426,0.00540154998051935,2
"21611",0.0184592644106718,0.98094164541039,0.000599090178938278,2
"21613",0.646763583164745,0.35320284886637,3.35679688844017e-05,1
"21615",0.0445839065420944,0.885901435809477,0.0695146576484285,2
"21617",0.00950184223561745,0.393946277329639,0.596551880434743,3
"21619",0.0217912187107424,0.977869783691844,0.000338997597413505,2
"21621",0.00380027172503631,0.798824138079048,0.197375590195915,2
"21623",0.00102828898871932,0.934595307706049,0.0643764033052317,2
"21625",7.3600695519633e-06,0.00176118671543636,0.998231453215012,3
"21627",0.339578925295248,0.6562014523464,0.00421962235835198,2
"21629",0.000179026514726969,0.998949842333585,0.000871131151688327,2
"21631",0.000214488340785601,0.0315784830992654,0.968207028559949,3
"21633",0.994978774298512,0.00074418843248714,0.00427703726900026,1
"21635",0.997752877517002,0.00224017450466924,6.94797832844264e-06,1
"21637",0.542172214715112,0.212083255343089,0.245744529941798,1
"21639",0.993042280194455,0.00595710571889633,0.00100061408664882,1
"21641",0.000977805416283012,0.994305593178223,0.00471660140549414,2
"21643",0.257627309286053,0.721258302752494,0.0211143879614526,2
"21645",0.000700770896863083,0.960423319505466,0.0388759095976705,2
"21648",0.390536377351327,0.609245270168881,0.000218352479791653,2
"21650",0.997009520306653,0.00296214708028426,2.83326130632836e-05,1
"21652",0.691057175199234,0.308933577667603,9.247133162233e-06,1
"21654",0.994540078824802,0.00545308145205712,6.83972314070952e-06,1
"21656",0.000223930418032449,0.798534056906756,0.201242012675212,2
"21658",1.15057484031198e-06,0.00157315079259153,0.998425698632568,3
"21660",7.70394907625999e-05,0.0240880049808815,0.975834955528356,3
"21662",0.00871475346143862,0.976537852519123,0.0147473940194386,2
"21664",0.000196286563425548,0.894606396583823,0.105197316852751,2
"21666",0.315764120542733,0.0033587437073611,0.680877135749906,3
"21668",0.000160723882322733,0.994335359153367,0.00550391696431017,2
"21671",0.274944474568464,0.724836428276982,0.000219097154554412,2
"21673",0.000171145557539599,0.535386805722357,0.464442048720103,2
"21675",0.00634415583413377,0.990208807062157,0.0034470371037094,2
"21677",0.999697176368753,0.000301467776152993,1.35585509360994e-06,1
"21679",0.00809773808789918,0.990738626809502,0.00116363510259918,2
"21681",0.0010845523213546,0.992464266972577,0.00645118070606847,2
"21686",0.999578340418631,0.0003334670004308,8.81925809383733e-05,1
"21689",0.999363201958189,0.000590487827739951,4.63102140706248e-05,1
"21706",0.609887602828822,0.387850074474841,0.00226232269633746,1
"21708",0.997550427032414,0.00244827765166518,1.29531592105703e-06,1
"21711",0.0198850784987728,0.97356470231197,0.00655021918925716,2
"21716",0.999968082729645,3.16039545660621e-05,3.1331578883805e-07,1
"21719",0.101317555140141,0.898667156545976,1.52883138837866e-05,2
"21722",0.686942779901449,0.309347344170273,0.00370987592827775,1
"21725",0.675923290618929,0.323994729748773,8.19796322976512e-05,1
"21728",0.959724949368179,0.0402238093984017,5.124123341915e-05,1
"21732",0.995930607917218,0.00384014882168045,0.00022924326110161,1
"21734",0.996857792428718,0.00313994031078478,2.26726049725548e-06,1
"21737",0.0015940748948978,0.997814615397717,0.000591309707385583,2
"21740",0.0413150274736876,0.834520036689173,0.124164935837139,2
"21742",0.99983726102846,0.000159179585053746,3.55938648578083e-06,1
"21745",0.644546095338882,0.334360171811575,0.0210937328495436,1
"21747",0.98259632269743,0.0173982453705317,5.43193203829552e-06,1
"21749",0.0046149247587343,0.26024949842323,0.735135576818035,3
"21751",0.998293157328935,0.00161460797032922,9.22347007356376e-05,1
"21753",0.997889912721153,0.00207108894025504,3.89983385918037e-05,1
"21756",0.999805693862779,0.000181332766168108,1.29733710526421e-05,1
"21759",0.0496302161974397,0.662899180943815,0.287470602858745,2
"21761",0.890468938751178,0.108272551960354,0.00125850928846775,1
"21763",0.00211350854580255,0.996789836426564,0.00109665502763331,2
"21765",0.875293664232258,0.124677233570787,2.91021969550014e-05,1
"21767",0.997516456921438,0.00246881754139229,1.47255371699361e-05,1
"21769",0.999842889373985,0.000156899631827434,2.10994187472192e-07,1
"21771",0.99825121072137,0.00171496224353276,3.38270350970982e-05,1
"21774",0.00110642954756136,0.686016232778545,0.312877337673894,2
"21776",0.959469994448062,0.0405267267688287,3.27878310886199e-06,1
"21778",0.955051493244526,0.0434618057147459,0.00148670104072791,1
"21780",0.023860409091823,0.54195433766728,0.434185253240897,2
"21783",0.788634742403609,0.204084542396202,0.00728071520018905,1
"21785",0.251703785103954,0.748258927530482,3.7287365564522e-05,2
"21788",0.999147440896197,0.000852468123944846,9.09798584131335e-08,1
"21790",0.999983811643915,1.61495340100459e-05,3.88220753196608e-08,1
"21793",0.984550461706262,0.0152766089268061,0.00017292936693158,1
"21796",0.0382292191130833,0.960403127941939,0.00136765294497705,2
"21798",0.9816921813399,0.0180318843270055,0.000275934333094556,1
"21801",0.99997776575941,2.21868902897197e-05,4.73503002103145e-08,1
"21803",0.743369816858263,0.251911627614355,0.00471855552738116,1
"21805",0.999995303921478,3.8771138583924e-06,8.18964664024416e-07,1
"21807",0.150616472779068,0.83454522160764,0.0148383056132919,2
"21810",0.945340251721264,0.0546550286442605,4.71963447548044e-06,1
"21812",0.999664048585012,0.000306669285417946,2.92821295698962e-05,1
"21816",0.987941083665936,0.0120565103648004,2.405969263502e-06,1
"21819",0.999464104430555,2.3649045664341e-05,0.000512246523780394,1
"21821",0.0160823557126151,0.575510236440573,0.408407407846812,2
"21823",0.000122123544646191,0.295577164026785,0.704300712428569,3
"21825",0.986597519913164,0.0133215261624378,8.09539243985569e-05,1
"21827",0.997632288676386,0.00192581079106597,0.000441900532548253,1
"21829",0.988952113884373,0.0109533247882628,9.45613273639032e-05,1
"21832",0.209472475192768,0.00271754927614994,0.787809975531082,3
"21834",0.854272392850986,0.14566799599869,5.96111503244113e-05,1
"21836",0.854272392850986,0.14566799599869,5.96111503244113e-05,1
"21839",0.0755974352839649,0.83845481308167,0.0859477516343656,2
"21841",0.220565556729262,0.00721519712468843,0.772219246146049,3
"21843",0.000670069520896185,0.64311977649519,0.356210153983914,2
"21846",0.99955161321019,5.21283719162875e-05,0.000396258417893578,1
"21848",0.99497517220924,0.00402057764596653,0.00100425014479354,1
"21850",0.831852129407531,0.167430328983372,0.000717541609096686,1
"21853",0.00420857820122041,0.0413864106547516,0.954405011144028,3
"21855",1.00459071945017e-05,0.000945541607695325,0.99904441248511,3
