"","V1","V2","V3","V4","V5","V6","V7","V8","V9","best$classification"
"19812",2.64270180110988e-05,6.50921668710595e-05,0.227146781363017,0.0423535455564136,0.729669479098222,0.000168246090736564,0.000515493172485226,9.01578304826369e-07,5.40339559383387e-05,5
"19814",5.45773401028347e-06,7.71786114395737e-07,0.0140474664848274,0.000574425310929467,0.983524120619485,2.27288610846406e-06,3.93879296317719e-05,0.00180602512309412,7.21257991451467e-08,5
"19816",3.94850374487966e-06,3.04534623437489e-09,0.764132205076544,0.00633917892654952,0.00380571186339317,7.46695167268866e-06,0.223035163371903,5.60258761929753e-07,0.0026757620020838,3
"19818",2.65591050985957e-05,1.17862437869023e-06,0.61809244821278,0.000204619342592456,0.374680144702189,7.18044351884249e-06,0.000897002263095025,0.00608804683670902,2.82046963879841e-06,3
"19820",2.10737140439685e-11,1.14965577419846e-10,0.00156365467581451,1.72321819747998e-05,3.65143619989935e-09,0.000119484253301524,0.998135586806116,1.81607262037741e-10,0.000164038113710297,7
"19822",1.47609036018357e-09,4.55854016652572e-06,0.00232659333935153,0.00889467513421865,2.88215165335826e-07,0.106365824855363,0.877958009128017,1.03232067495144e-06,0.0044490169909524,7
"19824",5.79146059818821e-06,1.48739595463349e-07,0.452527382980286,4.25532628133101e-06,0.000145533703879223,7.2882026797927e-05,0.404611515670207,0.00164048711710424,0.140992002975251,3
"19826",0.00370215720428735,1.10867135025461e-06,0.0689572033932958,0.13513235287719,0.780512447242386,1.5855128761954e-06,0.00148197638093726,2.32045471485794e-05,0.0101879641705292,5
"19828",1.0573815745429e-08,4.881521328349e-08,0.319768854404449,8.5035985721489e-05,7.49239598006744e-05,0.00106406596106564,0.678994708369949,1.08623884134216e-06,1.12656911439364e-05,7
"19830",0.00206512838710557,0.00319463572954338,0.00735867408403073,0.104610893114979,0.882664498649944,1.1635590376855e-05,1.31270885622653e-06,8.22141482579085e-05,1.10075869054858e-05,5
"19832",3.22145641212318e-07,0.0139060024065603,0.0908525063018902,0.0295545498366457,0.137949740503019,0.714967405611627,0.0125615060194945,9.6742636315508e-07,0.000206999748759327,6
"19834",8.48244569408289e-08,4.29544206123426e-06,0.197617977315354,0.703257293307402,0.00873268046231085,0.00828107806103729,0.0820184683614631,8.18389998304932e-05,6.28322608409745e-06,4
"19836",0.00305975756174936,1.68257447769576e-05,0.919365140122492,0.00147861379185488,0.0357566643722522,5.40121657677146e-06,0.00112273977153066,1.46086764864113e-07,0.0391947113320025,3
"19838",1.36637709595324e-05,3.545482467718e-05,0.000378388245572105,0.000511128470848302,0.998853690419893,1.81014983253267e-06,2.24804994223855e-07,0.000205625587353236,1.37258697032841e-08,5
"19840",0.000142310439768224,3.35767137372801e-08,0.15079753819449,0.784081120715212,0.0156396435870638,4.8744395968602e-06,0.0478016665896322,2.11531253632568e-06,0.00153069714498753,4
"19842",0.985715679444266,2.12274015152258e-06,8.54099390822062e-06,0.000160807890512204,0.0139948037485593,2.60432529140155e-10,1.12826363072902e-08,1.31539826758846e-06,0.000116718241266806,1
"19844",9.16727113291374e-06,7.38611937631922e-09,4.82340768074121e-07,6.82593929797964e-08,3.93843360466738e-06,1.11200448350207e-09,6.84705757246424e-07,0.999984547150201,1.10334101863905e-06,8
"19846",0.0269396586622079,2.04600469293398e-06,0.000211928797104461,4.55802971676777e-06,0.914418705603156,7.31314197081474e-10,1.79897044252908e-08,0.0584215857778265,1.49840427709532e-06,5
"19848",0.000930716345796545,2.14097168427556e-06,0.000233891246441122,1.15380848025738e-05,0.9783084083471,4.72103120438644e-09,3.28237535651649e-08,0.0205130547615299,2.12697860627149e-07,5
"19850",7.97532940171175e-05,1.12786904303402e-06,0.000559962313045712,7.76901849222742e-05,0.811249746101255,1.17630402642552e-07,2.01486625492937e-06,0.188028381408782,1.20633227757315e-06,5
"19852",3.59524319275243e-07,1.92306891138239e-07,0.972968405192009,0.000939851604842572,0.0189446246263427,2.08781762792283e-05,0.00704491364759835,5.98525841424674e-05,2.09223375750336e-05,3
"19854",0.000246242187105863,2.94355277120422e-06,0.000207355238826593,3.65373526754651e-05,0.997848059419717,1.59602002116797e-08,3.69530671456501e-08,0.00165878167808933,2.76575472730282e-08,5
"19856",5.52021081171949e-05,7.58634399912954e-07,6.95453751175769e-05,0.000293341210228837,0.0112375990447929,8.72698709678009e-07,3.69021721633568e-05,0.988166884591045,0.00013889416542558,8
"19858",8.97613143293169e-07,1.20292865729982e-06,0.00272878105231399,3.04797990923238e-05,0.000542729150440547,2.20156816056381e-05,0.00175179880971346,0.994098007317434,0.000824087647599194,8
"19860",6.02284524482035e-06,3.01231404215867e-07,0.586887724182713,0.140285178900193,0.251120122878983,5.21925718083095e-05,0.02156133215147,2.05389994608716e-05,6.65862387227345e-05,3
"19862",0.100648755917561,4.63873618565674e-06,9.94145684826653e-05,1.20502030891215e-05,0.897620145164445,5.0406744529641e-10,6.07895094957345e-09,0.00161356903424401,1.41979297412376e-06,5
"19864",0.977958470980727,3.37508947249616e-06,3.79583893262857e-05,7.08354421367942e-07,1.5294868649679e-06,1.49066338028438e-09,1.18080629235371e-06,1.17270605989566e-06,0.0219956026961724,1
"19866",0.00028493223757957,4.50863296464211e-08,0.264224356530965,0.0292568581563469,0.000188956665053175,3.30277851287019e-06,0.072670434981959,2.36350344671093e-07,0.633370877212909,9
"19868",6.56723195083138e-08,0.940875951278587,2.74904437598904e-07,0.00277842001365944,1.66995900290657e-05,0.0563062836820212,7.49406735207578e-07,2.15530237392865e-05,2.4284712602181e-09,2
"19870",0.00657819036910193,8.9519402764749e-06,0.0251730126026931,3.58820903724678e-05,0.966669771636569,6.70705488074622e-08,1.55475642636811e-06,0.00153050308756159,2.06644645030767e-06,5
"19873",0.00183790539732678,7.34134882791441e-07,0.44155148231576,0.00088322881471405,0.554547226411397,9.99797221672887e-07,0.000557589938924573,0.000449170861474576,0.000171662328299117,5
"19875",2.07421569881974e-08,3.60460323537855e-08,0.107313522038528,0.0309421654173058,0.000736699992012528,0.00150244993142659,0.859397180654639,2.46871973457129e-08,0.000107900490702002,7
"19877",8.69383776748011e-05,1.1324758631051e-05,0.197173174991928,0.00414916791102906,0.796686574035625,1.64499733184695e-06,3.20498519378246e-05,0.00185283922088735,6.2858549544994e-06,5
"19879",7.37448480746058e-06,1.18161039119476e-05,0.962553177128131,0.00260077015652409,0.0329963563295554,4.53309281841335e-05,0.00111814045195161,0.000642521952625558,2.45124643089674e-05,3
"19881",0.00903408519439777,3.80115636731229e-06,0.0587901584153833,0.00343365431664539,0.906434380597164,8.15949961211265e-07,0.00016281461405679,0.000868408567735367,0.0212718811882888,5
"19883",0.364511083197851,1.2634050094215e-06,0.0303932404248637,0.0015655894836069,0.59123695472153,5.47789081603649e-08,4.76629659554608e-05,3.41410798635161e-05,0.0122100099424127,5
"19899",2.5838607964883e-05,4.73993688667822e-05,0.117788410860685,0.871943081808555,0.00857436311152886,7.30432156248997e-05,0.00150467413958509,1.3907802457837e-06,4.1798106943917e-05,4
"19908",0.00149140279261836,0.000418239275046783,0.000599662714086209,0.989754687159214,3.44876903952943e-05,8.98889708984534e-05,0.000652414386176602,0.000133641110069168,0.00682557590149488,4
"19910",9.14668774515823e-06,2.71052319266059e-07,0.970510433563846,0.000119279081938797,0.0280972883999775,2.18483995311164e-06,0.00116408267776958,2.30824314179746e-05,7.42312650326428e-05,3
"19912",0.852358521594491,3.86380600909765e-06,2.84842249379383e-05,0.00158397811146614,0.145865378096016,9.94696713010262e-10,2.91240435614787e-08,9.72161186239177e-05,6.25279297161007e-05,1
"19914",4.81858033690674e-06,0.000100851060720456,0.581074895054963,0.279860402566519,0.13504200082033,0.000594712456600631,0.00255850973370679,0.000450921025640009,0.000312888701183657,3
"19916",1.62923603602095e-05,1.50946129125691e-08,0.000685139267291865,1.29216150333973e-06,2.18620933409514e-07,8.29148498410093e-08,0.000972448854083487,1.29005085025827e-06,0.998323220675515,9
"19918",0.00580234779218498,2.60334509938767e-07,0.00841248766625889,2.4298191084865e-05,0.909466739635063,5.22452796564506e-09,2.20557146157791e-06,0.0762583529443539,3.33026405548621e-05,5
"19920",0.00011090700628184,7.9153666030263e-08,0.000103317505562536,4.70015490085742e-05,0.108742445062812,2.21777650303394e-09,2.13392516142393e-07,0.890995934472222,9.9640154378531e-08,8
"19922",3.64411138057345e-06,0.396626550041414,0.0965931754066928,6.36458514585199e-05,0.167325622605085,0.338789560493915,0.000589405268253311,6.58802998817851e-06,1.80819181336278e-06,2
"19924",0.000286043524501443,2.01739702633237e-06,0.190798095005635,0.00531537363102489,0.772484305041208,8.84188644641377e-07,0.000175100713896791,0.0309307874567738,7.39304128888209e-06,5
"19926",0.000213014484107058,0.0010306047962654,0.485688688264947,0.47271403872314,0.0150006600132383,0.000769081216264172,0.00424396166829572,8.49198787424332e-08,0.0203398659138631,3
"19928",0.993798714263987,2.40962418474384e-06,2.7275698449767e-08,6.62416852722302e-08,3.80781325248541e-07,1.78528989327066e-11,1.15228078518993e-09,5.48519833152608e-07,0.00619785212315249,1
"19930",9.71209257990433e-05,5.05014361068684e-06,0.0272292254416071,8.14349129434727e-05,0.972514441878236,5.91768968123431e-07,5.11966298845229e-06,6.61690713724307e-05,8.46194474179468e-07,5
"19932",4.57944043044913e-05,5.88891649942081e-06,0.000473382934350372,5.22613191250513e-05,0.998864955768104,1.01477285699753e-07,1.05669406822008e-07,0.000557487356616244,2.21543078778879e-08,5
"19934",5.87527394799865e-08,9.1477484295714e-07,0.353039092890325,0.0414129438649831,0.0171426537248184,0.0104828118988397,0.577614191838658,0.000116361125018007,0.000190971129775376,7
"19936",1.30681837503603e-05,6.69409641812462e-05,0.068785637324517,0.058685727344452,0.872011134782934,6.48899953608875e-05,0.000273850383789363,9.56973284229529e-05,3.05369259197489e-06,5
"19938",1.03984407142059e-07,2.3100343969491e-06,0.0831599441934152,0.145362449980663,4.34056397913478e-05,0.00428579233523984,0.752699385315403,4.29128733034437e-05,0.0144036956433807,7
"19940",0.00455090064829211,8.56402680345439e-07,0.878857029252426,5.8028286307044e-05,0.114185613291575,2.50471321724258e-07,0.000344574953558907,7.86668526184652e-05,0.00192407984122062,3
"19942",0.95341271533151,1.34241244801799e-07,5.76114361202027e-07,1.43107133271167e-05,6.6694311132145e-06,3.52622709524796e-11,4.85529195145362e-08,2.13294908715367e-07,0.0465653322853526,1
"19944",1.52281737536855e-05,2.59395571404844e-07,0.96767485142095,0.00212018638563924,0.0153981292346301,5.2693574955612e-06,0.00722062418631968,3.44358996354533e-06,0.00756200825567671,3
"19946",2.05699294657496e-05,1.69775871042121e-06,0.703946314751277,0.00276466657886961,0.280263512954473,7.88861401538725e-06,0.00153869211130116,0.0112443022882917,0.000212355013596115,3
"19948",0.997077641060175,2.10426104309207e-08,8.78082367506107e-07,4.10535514738529e-08,9.91995112012379e-06,3.61452406606284e-12,9.81306237738697e-09,2.92132428545479e-07,0.00291119686107007,1
"19950",1.47422183659468e-06,1.07240993863782e-07,7.72619627989858e-07,2.42535672085301e-07,0.000906034125186501,1.37563761034795e-09,4.88606185242732e-09,0.999091362161004,8.33979157788256e-10,8
"19952",0.997077641060175,2.10426104309207e-08,8.78082367506107e-07,4.10535514738529e-08,9.91995112012379e-06,3.61452406606284e-12,9.81306237738697e-09,2.92132428545479e-07,0.00291119686107007,1
"19954",0.000168089303884423,2.81143255206401e-06,0.00509949725659648,3.98007363060531e-05,0.99438092957434,7.72994235882054e-08,6.09783359643925e-07,0.000308021752453107,1.62861084438197e-07,5
"19956",0.0231345785319005,0.00193900114581843,1.31828276485703e-05,0.138034835909285,0.208407746404702,4.63463092126596e-07,9.3697401653943e-08,0.628458762387008,1.1335633143051e-05,8
"19958",5.29771121128617e-08,0.97800491883395,3.03542325776431e-05,5.92300217824609e-08,0.000173895382885946,0.0217351264883933,7.07750590119573e-07,5.48484739518747e-05,3.66305175257306e-08,2
"19962",3.5487208507704e-05,7.8383685885585e-05,0.11261810323361,0.0147437638896399,0.576644515725332,0.00100503724217826,0.0182200003617973,0.261947632293109,0.0147070763599398,5
"19964",0.00825706435696405,1.15892939822735e-05,0.741680017349043,3.79841294281314e-05,0.242403504176125,6.98618124428227e-07,0.00033625963604507,0.00477075499961396,0.00250212744067445,3
"19966",7.25596438222543e-06,2.92956837803869e-08,0.0135216469033024,0.00508425567720014,2.15861669323242e-06,1.13102235472364e-05,0.116125433486254,1.98358020385326e-09,0.865247907849357,9
"19969",0.0165280421758017,1.8634656663208e-06,0.00474578203592473,0.00437968151445779,0.974215190926844,8.43279632236157e-08,4.89637495160516e-06,4.0441233983423e-05,8.40179444075135e-05,5
"19972",0.556864139132472,2.58297024841023e-05,0.046136277239336,3.52966188874312e-05,0.360821728417806,1.64900454023836e-08,2.39915615821807e-06,0.0360217628815227,9.25503612883346e-05,1
"19974",0.373176939917031,1.0335600570777e-06,1.12544242435363e-05,9.66401293669108e-07,0.0631200993700848,2.42055843867222e-11,1.69576373065021e-09,0.563688003772665,1.70083465580158e-06,8
"19976",0.000241238670463136,2.92644703346153e-06,0.458266395878962,0.00193335585743066,0.498625325132508,1.05758215713299e-06,0.000195373913211625,0.040714508845883,1.9817672350284e-05,5
"19978",4.07450058850348e-05,1.5469720924023e-08,0.972585619092898,0.00010487582761926,0.0159355066131187,4.89229935696981e-07,0.0105218417576018,5.31209263415039e-05,0.000757786076879331,3
"19980",0.000262790732142355,3.28576085481728e-06,0.000139858871780008,1.67094122274886e-05,0.869239546162027,1.24191218273886e-08,3.55222067938572e-08,0.130337740560019,2.05596206187327e-08,5
"19982",3.69342536054284e-05,7.84978235323253e-06,0.000254564035070754,0.000786324902890887,0.128638026782296,7.73184987484604e-07,4.96009781525892e-06,0.870270526657664,4.03033168759789e-08,8
"19984",1.65871061064846e-06,7.55263667357503e-09,2.55512738783207e-06,4.57871432176609e-07,0.000114879238307458,1.72224738714034e-09,2.56593352326087e-07,0.999879903763016,2.79421009390566e-07,8
"19986",6.62600386499593e-10,1.34450784040988e-08,0.0247188147751591,0.00303134205259059,7.44239632755155e-08,0.000990418583304606,0.966295392139473,7.85622387192579e-10,0.00496394313220836,7
"19988",5.43098838903498e-12,1.33063411257061e-09,0.00148509588158354,0.000111391084491234,1.29252083222917e-09,0.00105051705876735,0.99725761527108,1.44498975725481e-10,9.53779309934006e-05,7
"19992",8.30075047489667e-12,9.77656987283891e-10,0.0014359831568323,0.00384395635770721,6.0799354029634e-08,0.00105338438116051,0.993625694486806,2.32012923019006e-08,4.08966308895274e-05,7
"19994",5.51240717128009e-05,1.99989959990645e-05,0.0394575554984363,0.000400302179418428,0.960042927525333,2.35031928647765e-06,6.79289007084439e-06,1.42308520204805e-05,7.17667722330085e-07,5
"19996",2.60996768754978e-11,1.97977789258595e-10,0.0115566692812009,0.000121330720319072,1.78809457093799e-07,0.000190748946996879,0.988121959979991,1.80093590786014e-08,9.09402859841293e-06,7
"19998",0.0231715104897253,5.57813499404027e-06,0.00313404334289521,0.216518726837922,0.0380185813265058,2.73659447521268e-06,0.000685778540327743,0.00193671092891036,0.716526333804244,9
"20000",0.00270451199385162,0.11784278515122,0.000143320187855422,0.221941786041693,0.656995873457958,0.000201694156980996,4.3938406337214e-07,0.000150514441921727,1.90751844561013e-05,5
"20003",0.000333796390600613,7.60493556824588e-05,0.101419660110873,0.00797520225114143,0.88994874783399,2.42806363673406e-05,8.75205596544051e-05,7.00341598759079e-07,0.000134042520092232,5
"20005",0.0166169912245865,2.80239104255285e-06,0.000281116079645736,1.31600181918058e-05,0.964030162194257,7.83073212443549e-10,1.21292910294183e-08,0.0190554474450582,3.07734854189814e-07,5
"20007",1.60334459654447e-06,5.37606608882662e-06,0.817599977990994,0.140153405642132,0.0248604246016976,0.000414084681668917,0.0167469764894263,0.000208438455637359,9.7127277576051e-06,3
"20009",1.04802888518916e-06,6.84078313887396e-07,0.0392143792742915,0.000234546540614587,3.16722498841119e-05,0.000353621378861145,0.207813177255738,0.00010041309938839,0.752250458094023,9
"20011",0.0956157453241544,1.75873198159785e-05,0.33625315122583,0.0006048478966898,0.560155207995983,2.31694655282613e-07,4.39727430787976e-05,0.00718907088707588,0.000120184912716928,5
"20013",2.78864410137669e-05,2.67454544439772e-06,0.0045893086696167,0.013106792326718,0.88612594616136,6.80770197939956e-07,6.8073457458737e-06,0.0961397148714844,1.88868419361759e-07,5
"20016",3.64668859388228e-09,1.07074266113698e-06,0.0549001170463039,0.00272284107515308,6.05412117070386e-07,0.014187360289202,0.925300192924921,4.82654225549814e-06,0.00288298232069782,7
"20018",2.34588692055129e-12,0.00017098736908642,1.55872091890942e-06,1.60583542524994e-06,7.68969885964572e-11,0.995060262382941,0.00474169361996455,6.64110440195252e-11,2.38919260095982e-05,6
"20021",2.06471682121064e-07,3.14514576943809e-07,0.822799651022255,0.000289090443934026,0.00166521395892245,0.00071383757840436,0.173534107696429,2.19219504087398e-08,0.000997556391845367,3
"20023",3.42175786041043e-07,3.67738147365465e-06,0.883598766867041,0.0352535718087032,0.0117166249602909,0.000696193086685559,0.0650845487021313,3.94749512833155e-05,0.00360680006660526,3
"20025",2.59981632299757e-09,0.000290035148169101,0.00651425171135709,0.00015238005109451,5.43558497026062e-07,0.669436899789861,0.323418706190038,8.94593826591858e-09,0.000187172005228931,6
"20027",0.617802632541443,2.72697558017282e-05,0.00161570692021542,0.00869842456841915,0.371670641235102,1.68493365284937e-08,5.48725461998649e-07,4.75987746042317e-06,0.000179999526759622,1
"20029",0.0514875475948397,2.38289142074963e-07,0.000316120030009292,0.000349790010671895,0.941796998673941,9.06087369353085e-10,1.5517413752977e-07,0.00604377693907384,5.3723820977847e-06,5
"20032",0.0119848663241809,3.51390615089165e-05,0.00303306099796946,0.000328189494101333,0.984593214277482,1.31081132842362e-07,5.64197196752069e-07,4.97083808871886e-06,1.9863728338476e-05,5
"20034",0.987457137748621,2.90701827432555e-07,1.86957554628901e-05,2.10163637366571e-07,6.28722074890104e-05,5.67590182885298e-11,5.35991062493441e-08,8.43319198187581e-08,0.0124606554351775,1
"20036",2.74046730991844e-05,1.48635087634376e-06,0.000116094603527928,0.973852155696216,0.0163297341372582,5.05731223188109e-06,0.00017383286193393,0.00937673164833422,0.000117502716522508,4
"20038",2.62185695252016e-09,8.86250663349507e-07,0.0840073675972762,0.199654499574781,2.4197489013169e-05,0.0252454567775161,0.690959313783191,6.03708667871064e-10,0.00010827530199359,7
"20040",1.30995181946491e-07,2.38180673440271e-05,0.0234715681520773,9.18337365630942e-06,8.01979597466627e-08,0.00782714601914592,0.29583580956234,8.43405071731294e-07,0.672831420227223,9
"20043",2.12622300185391e-09,2.08279896520165e-08,0.0365922225780785,0.00520672253557264,0.000393515645323949,0.00377904756424081,0.954011075605513,1.37682144261205e-07,1.72554349146193e-05,7
"20045",5.0118253199339e-13,1.90863904880206e-08,0.00120662992070967,1.14947771985149e-05,2.3864696772658e-09,0.0192298321880347,0.979524688228636,1.01431476284502e-08,2.73232689124081e-05,7
"20048",3.33353222245719e-07,3.44724876128534e-08,5.23168554937341e-08,3.30036289218924e-08,1.05094302495951e-05,6.57062732937938e-10,3.38121186519329e-09,0.999989032288572,1.09670925225507e-09,8
"20051",2.01243957852765e-07,2.66393362403649e-05,0.0898517079803933,0.105951453809575,0.645514341866891,0.0376565902047867,0.108917371969456,0.0120695789701671,1.21146185334995e-05,5
"20053",1.06488969944797e-06,1.00710840292229e-07,0.925289679840085,0.000655811400871433,0.000909131583762931,3.03256046303036e-05,0.0607530102538329,6.31090531515488e-05,0.0122977666631256,3
"20055",7.83544611837985e-07,0.000147892779858665,0.0494629908831823,0.893491738426674,0.00138516423482363,0.0255926929855868,0.0298923308171537,2.54942650947935e-09,2.64037786826413e-05,4
"20057",6.39329619969728e-08,0.999919054498121,9.65747818399292e-10,5.52727957765851e-09,1.87292388656836e-07,7.80086087007451e-05,6.92978578398088e-11,2.67742931741766e-06,1.67618521748632e-09,2
"20059",2.17787760640665e-06,3.25887976377601e-05,0.920168743483418,0.000356385813604278,0.000544329157672426,0.000478823013311419,0.0356933924584712,3.95372295655352e-06,0.0427196056753221,3
"20061",4.48997340666881e-06,1.08329069206411e-06,0.980521955825478,0.00130527808541406,0.00399907969567375,2.89130458857651e-05,0.0128445304960963,1.35313263337504e-05,0.00128113826101999,3
"20063",1.28070184314788e-05,2.30778032353485e-06,1.43344941116272e-05,9.57438885050756e-05,1.89688924842782e-06,3.28604118131829e-05,0.00664635203223968,0.978348607583297,0.0148450899020302,8
"20065",1.14845723164275e-12,3.8055509881177e-05,0.000236294678460218,5.93943575305301e-05,2.78477065430684e-08,0.980587525256104,0.0190778226741741,1.57384905891226e-12,8.79673421682283e-07,6
"20067",4.0101329284481e-11,5.08856582052449e-07,0.0424350290765711,0.000846572029558401,2.38122123166251e-05,0.0582466184698727,0.898264804675253,0.000163593920670027,1.9060719074436e-05,7
"20069",8.5754479922941e-05,3.44023589824066e-06,0.000144150482571443,3.24877136946037e-05,0.610051468960786,3.27191727080056e-08,8.98802782418539e-08,0.38968256320566,1.2322016219703e-08,5
"20071",0.000145935736232276,5.02835529816284e-06,0.00325577416410948,0.995398464495574,0.000493862834921993,2.40162657201414e-06,0.000132020330051695,7.79236112432099e-06,0.00055872009611646,4
"20073",0.00040358673206205,2.86614383945274e-07,0.00354200842066923,1.45409508081311e-06,0.0802353086862537,3.35114765689044e-08,1.08288227254091e-05,0.915738341804612,6.81513127363171e-05,8
"20075",5.86087740663496e-09,0.891250020515506,4.0653035563766e-07,0.000559204420813823,3.5719449934291e-05,0.10815423188523,2.47188071754141e-07,1.62423006363432e-07,1.72620495162521e-09,2
"20077",1.9737228476029e-07,1.05900509585302e-08,0.0846147561149252,0.68291623470382,0.0010593590121133,3.8792822269602e-05,0.230861740395072,0.000202926044836513,0.000305982944628278,4
"20079",3.82037168316259e-06,1.01328905879753e-06,0.00278391116034681,0.00679282359488351,0.0297917126448843,0.000970814626286313,0.0703734154344925,0.889052297576493,0.000230191301871401,8
"20081",1.07324471894244e-09,9.15287342176488e-05,0.306879209548779,0.0319882278156153,0.000739792526313755,0.367402696708633,0.292896031277739,2.09918117520542e-06,4.13134283599334e-07,6
"20083",0.000207521824918312,2.17556142461695e-05,4.37288518485615e-05,0.132125034747944,0.00233530351689589,2.25222130151076e-05,0.00026662391238354,0.862976342442526,0.00200116687622312,8
"20085",1.40520271796336e-12,3.56055522135267e-09,0.000771507097025569,0.000203808583027759,3.16362914349659e-09,0.00887067397261088,0.990087693847389,2.84423374168539e-11,6.63097459148967e-05,7
"20088",1.7811857541818e-10,3.05010028693291e-08,0.0528750274091218,0.00269746710125589,3.90061501517457e-05,0.00669905826380228,0.937475271388453,3.77916936613782e-08,0.000214101216400679,7
"20091",4.66503525254014e-11,0.0402584245158483,0.00101501754464863,0.000143180529720792,7.62758139771959e-06,0.95840971312497,0.000165023796472468,1.00110577827182e-06,1.17545135399842e-08,6
"20095",0.0224162299827476,0.000117845970852227,0.196180097891182,0.000288416017965213,0.00154666220903879,8.56651622113599e-06,0.00328713978173199,0.774702832585479,0.00145220904478189,8
"20097",6.90368751105544e-13,1.90035950244143e-08,0.000713684220399503,0.000825684461921674,6.82253831889965e-09,0.034627566858878,0.963812035934207,4.22788295879138e-11,2.10026554911509e-05,7
"20099",0.0134858135395886,1.70109154152445e-08,0.370996628302149,3.64585462659995e-05,0.000167779791822703,5.13268036294389e-07,0.216956783818367,0.00172265129131574,0.396633354431539,9
"20102",3.40144751623914e-08,0.00529293767745376,0.000333315955129884,4.84105484051644e-05,0.000287771572048442,0.00591613338178972,4.92650477977229e-05,0.988071956941524,1.74861376258114e-07,8
"20105",1.94508447170331e-08,1.88973513857478e-08,0.11781348294839,0.000477519077138848,0.000829355455206493,0.00113079137717497,0.87945437397795,0.000284823088393496,9.61572754937513e-06,7
"20107",1.79824996583999e-08,1.73855718092757e-08,0.335067013687214,0.0546364313528565,2.84406259504113e-05,0.000234202638877822,0.609855947012377,1.80900055961351e-07,0.000177748414597584,7
"20109",0.000132886517023461,7.92581148167735e-08,0.613144337283767,5.58188641669928e-06,0.00646537876877462,7.10611882338385e-06,0.13767088372723,0.230424665540578,0.0121490808992724,3
"20111",7.0078972502631e-06,0.974642928555563,5.67803228275703e-05,2.31425271701465e-06,0.023817026608698,0.00115853348595183,5.91603373319058e-08,0.000315348077669152,1.63898570775965e-09,2
"20113",0.000259109535067797,4.77887907252862e-07,0.168400045542839,0.765654698096501,0.000353702520988423,1.25397518761228e-05,0.0475511633311993,8.76989083649846e-08,0.0177681756347126,4
"20115",0.0119199234508414,0.00893073613228758,0.00453276446893153,1.07331769806545e-05,0.974452833304891,3.49492908827093e-06,2.63859298866811e-07,0.000138032563393303,1.12181142874896e-05,5
"20117",0.0178354498841091,0.783895276862669,0.027128790877256,0.00712867183919428,5.14050895279005e-05,0.040138104005789,0.00998884764507343,7.24692832882758e-07,0.113832729103548,2
"20119",1.91653538981675e-05,4.75318896004104e-09,0.0044799867878579,0.00303072764999949,1.07155183420508e-06,2.1674144831048e-06,0.0535588775572223,3.77457422283564e-10,0.938907998554058,9
"20121",1.81980315214308e-09,3.21522054989759e-08,0.0828964419058004,0.0371435309288944,2.660781781298e-06,0.00104706325972655,0.876331052157143,4.70708634934066e-09,0.00257921228755941,7
"20123",1.07622449748894e-11,0.00952554379819102,2.24970187431088e-05,0.000454448820248296,1.12496279466256e-06,0.989876140642409,0.000119367598316749,1.19294499581582e-09,8.75955590317398e-07,6
"20125",1.64807987336214e-05,8.62182951191955e-06,0.00147138192298665,0.000684672759887013,0.931818025365117,3.4791679570957e-07,7.83456798060666e-07,0.0659996033889635,8.25612069908726e-08,5
"20127",4.7579326436856e-11,5.934605745651e-10,0.00101233171551712,9.08705291727657e-06,7.98957856967019e-08,0.00036973187946195,0.998584094925835,1.2445985491419e-07,2.45494295880172e-05,7
"20140",1.28648237836588e-06,0.000505268974044766,0.00291210458501227,0.994385807933273,0.000326577312994103,0.00128115165662393,0.000571771565737913,5.46418865653011e-09,1.60260257471338e-05,4
"20142",2.46842616559862e-06,3.52598959085585e-07,1.64844564393403e-06,2.87078982649268e-06,0.00315379535629578,3.062619152445e-09,7.69857235444173e-09,0.996838851601002,2.02091522493825e-09,8
"20144",4.2482341312134e-05,0.0482963023435404,0.00066506272403849,0.0169137614172523,0.93015566465276,7.9909539813409e-05,3.2944989534506e-07,0.00384596671808996,5.20813298594213e-07,5
"20146",1.77708924070631e-05,0.000145610055192642,0.00199804030623878,0.38608893055436,0.251940034936163,0.000118912790416652,0.000165225543150154,0.359521083285072,4.39163699978618e-06,4
"20148",8.13677224209411e-06,2.0477317742136e-06,0.0154590098280635,0.0324304399019957,0.951788416055375,1.41306973583127e-05,0.000207282672550456,8.67911893496415e-05,3.74515129073662e-06,5
"20150",0.0347151918234485,2.46316097862312e-06,4.55471577306694e-05,4.62268601045724e-06,0.649952399845362,3.86305557070387e-10,5.67364295302612e-09,0.315279494312072,2.74954449269955e-07,5
"20152",1.81114974996415e-05,3.9029261205778e-06,0.078119159472851,0.033004654994739,0.887493065946839,2.87105359383766e-05,0.00107489225290382,6.69805587482874e-05,0.000190521814360271,5
"20154",1.64243322366847e-13,2.7064896965594e-05,1.54789712854198e-05,2.85051790843213e-05,1.32252149268096e-07,0.993854437547079,0.00607390635043517,4.20363736223016e-07,5.44391002693643e-08,6
"20156",6.66586495332956e-06,0.000170711599362961,0.581423121122801,0.360923783415634,0.00759238249218701,0.000869954177549078,0.019954346340054,0.0289210442816109,0.000137990705848239,3
"20159",3.55568688791071e-05,6.15242243563459e-06,0.000116046708996085,9.196174805921e-05,0.480688632936384,6.11955007766037e-08,9.08993699367045e-08,0.519061482625426,1.4594949552826e-08,8
"20161",1.06584598237042e-05,3.15833782388239e-06,5.03326720331333e-05,0.000774147889498538,0.00241688764811204,6.86000947238187e-07,1.02198302138183e-05,0.996661315098361,7.25940631869025e-05,8
"20163",0.00046859742728464,0.000140740944401391,0.113094574033416,0.00115576457396829,0.881970729665169,0.000371304017464695,0.00251072314117491,1.33695859497353e-06,0.000286229238525315,5
"20165",1.39412684660371e-07,2.46062178768336e-08,0.000569015629658383,1.60567091320561e-06,0.000123840286167848,3.34916993412164e-06,0.00157427809480573,0.997726654712018,1.09241759995881e-06,8
"20167",1.70809595663162e-05,1.61245595732866e-07,0.0226410539593415,0.000329622595456662,0.972350266332708,6.83512170774647e-07,7.68585652358131e-05,0.00458380615123231,4.66678692423219e-07,5
"20169",4.96020100665392e-07,5.87917557583915e-08,1.20236016807828e-07,1.49595192072229e-07,6.51009354106684e-05,7.33457375269576e-10,2.89188583204712e-09,0.999934069866052,9.3012882471792e-10,8
"20171",1.245340843915e-13,8.35560832748284e-05,3.1902953989741e-06,3.50204653628035e-05,7.17408425681226e-09,0.996356856623805,0.00352035409060244,9.94732295335313e-07,2.05350515089404e-08,6
"20173",0.00178613184882214,4.41382393691555e-08,0.000140108876138477,4.35341470829946e-07,8.86783067005314e-06,3.66661146525804e-08,0.000568123071842533,0.00895521579537874,0.988541036431323,9
"20175",0.000800004736188168,1.98877801140509e-05,0.0901176071117839,0.00213621827618752,0.900622676556995,4.64585175124526e-07,1.14605830576289e-05,0.00629044288070732,1.23748979156189e-06,5
"20177",0.00886041919031268,6.93084178692498e-08,0.0579212411648555,9.92737292688448e-05,0.000101536399178329,1.97662517957994e-07,0.0273026748743169,1.56321506897262e-05,0.905698955520442,9
"20180",1.640633635351e-08,7.54481274283394e-07,0.0685939798815912,0.00283875268475182,1.58975742896011e-06,0.00883322877120072,0.908624124312154,1.05834910704351e-11,0.0111075536946788,7
"20182",0.0112059537267649,0.0083901167521849,2.51496953238502e-08,2.09341188408815e-08,9.21708805346937e-05,1.99019728734176e-08,1.65719564384365e-10,0.980311491421868,2.01067140432855e-07,8
"20184",6.2712593852126e-06,2.14863629817299e-07,0.000205893741278138,0.000100480029070446,0.0222212253947066,2.93378785935097e-08,1.00593257646936e-06,0.977464762468695,1.16972779885693e-07,8
"20187",0.182513917694653,2.96590583410561e-07,0.00318102357512719,0.00356147022089271,0.000379473733345439,6.22159924767719e-09,0.000194484471384304,0.000855264201439015,0.809314063290975,9
"20189",0.000463284940411609,1.96759634605287e-08,0.794129544824424,0.000118251385642543,0.00556209301851062,1.23048077783458e-06,0.0447963118331853,1.05287453189618e-06,0.154928210966553,3
"20192",6.35881365559231e-05,0.00308110329802293,0.0276478551327433,1.54327461461802e-05,0.000143881450672327,0.0209979688284435,0.0464032248829764,1.76527097223856e-07,0.901646768997342,9
"20194",0.202306197162742,2.10906761863242e-06,1.86044973753729e-05,0.132464107510899,0.0397278269426557,1.059682578319e-08,2.12387542016627e-06,0.624944708441797,0.00053431190466572,8
"20196",1.55855102156164e-10,6.92049266514049e-06,0.00537244028420339,0.000514233072246756,1.90703393158734e-06,0.601272530859748,0.392823765780195,1.6499800422664e-08,8.18582135441181e-06,6
"20198",3.76096463657473e-05,0.000340978726155483,0.506751771358345,0.159317236102652,0.311658510152287,0.00102970865702541,0.0178483256660266,0.000386234113755742,0.0026296255773874,3
"20204",6.38764903211817e-05,1.54012730690285e-05,0.000228525151431182,8.97707560571067e-06,0.641546638462389,1.15228715122252e-07,9.55979776721424e-08,0.358136321030224,4.96902671830023e-08,5
"20207",1.56402219427841e-11,2.90833745659282e-06,0.00810660995313159,0.00799115245925773,9.62558868685166e-06,0.274720188430754,0.709154172720293,1.21455834480715e-05,3.19691133225295e-06,7
"20209",0.0135790000678925,0.86517678717195,0.00134012746371563,0.00524783143299905,0.114416730289733,0.000203893397896808,6.32526206848271e-07,1.88983091931085e-07,3.48086665137592e-05,2
"20211",5.82170128605691e-13,0.00163029231135624,1.98836054740085e-05,0.000696199985218078,2.09034352330515e-06,0.997566227066665,8.52966313170219e-05,9.43169927137457e-09,6.24164741822917e-10,6
"20215",4.67053318767903e-08,1.76676993090957e-08,0.00468151851142409,0.850254175379542,0.0005364529441688,0.000269146778090847,0.144194982024158,3.72890822915238e-06,5.99310813557711e-05,4
"20218",5.89577925962975e-06,4.3115889844002e-07,6.77150443861126e-06,1.51679354188628e-06,0.0155420132393526,5.17711310907152e-09,1.41183158837014e-08,0.984443350416776,1.81230430786566e-09,8
"20222",1.01000948440747e-09,3.42086131207902e-06,0.00983399216249529,0.0163351824851506,0.000980817172798866,0.189015186378117,0.783807106314951,2.35189122172476e-05,7.74702947619915e-07,7
"20225",0.000434254021615079,0.000594708994471633,0.000150033756588179,0.0354712372873043,0.950503112286072,6.21855261890505e-06,2.07017398348734e-06,0.0128376282893241,7.36638022232691e-07,5
"20229",8.56046971786351e-07,3.22421958738152e-05,2.40466595530454e-05,0.99910833688329,0.000788420885655705,3.44365699145173e-05,7.002583383471e-06,2.10512672103718e-06,2.55304863697614e-06,4
"20232",1.1229867064651e-06,5.29873439125765e-05,0.557147514332888,0.415345346189559,0.00314358508859421,0.00212632943058785,0.0221734783455152,1.95184611914341e-06,7.68443611646826e-06,3
"20234",4.51683087876355e-10,1.15370031355185e-05,0.00102336429960903,3.0870038681524e-06,1.88988053745679e-09,0.178627476374728,0.81908552178619,3.65083741653098e-11,0.00124901115439698,7
"20238",9.89174981594749e-09,5.06038112916588e-07,0.384790750380632,0.00587349012050055,2.39354667092018e-05,0.00251912465495453,0.606644004492648,4.88136108199065e-06,0.00014329759361051,7
"20253",2.31716131586771e-09,4.36956136354955e-09,0.00143194548753535,0.402896400072126,3.10610453838147e-06,0.000460809876242306,0.594793796375676,1.92076255504449e-07,0.000413743320903499,7
"20255",4.82978527182461e-06,0.000138798552438613,0.00360305822757811,0.00206829833138261,0.994082148816929,1.86298463798267e-05,1.54945769516716e-06,8.26752254563078e-05,1.17568689543578e-08,5
"20258",8.34536860800093e-09,4.43439556991355e-09,0.106840789384289,1.81231228160887e-05,7.39446631839114e-06,0.000165573014046455,0.89245618652472,6.99589026967628e-09,0.000511913712155301,7
"20269",3.31586170138237e-06,1.32866003983048e-07,0.811410516127084,7.0148984169086e-06,0.00600035113261185,5.29359179107275e-05,0.16058712204229,0.0216540126771112,0.000284598476869826,3
"20271",0.000190184628238475,3.23636676974278e-08,0.134302771914958,4.47238190532755e-05,1.62979325715702e-05,6.62295586700039e-06,0.474030549220525,2.10256239233149e-08,0.391408796139495,7
"20285",0.528777449112384,9.73473473747375e-06,0.00229861255073358,0.0144455198221901,0.0238511434653247,2.62767956748036e-07,0.000260207996160268,0.000762049609758703,0.429595019940755,1
"20288",2.01767283179846e-07,3.99123280542736e-07,0.10201371707255,0.784500320205613,0.000844630254342132,0.000506599652162781,0.112112238929134,1.58806544793645e-05,6.01234115556278e-06,4
"20291",2.11953527152682e-09,0.000703166633647349,0.33346050934703,0.00179111707241757,6.71845494378519e-06,0.480410196070154,0.183565700430861,7.77725821337764e-07,6.18121455902585e-05,6
"20295",0.005005212070733,3.33290351798255e-06,0.31791223658965,1.87348144494212e-06,0.00662856492197854,1.15958921599302e-05,0.0281019661548785,0.00237524820035307,0.639959969785284,9
"20298",0.000140031654250843,3.19627992546681e-06,0.000228156009763388,0.000169779486567571,0.99849770537066,2.14904774920509e-08,5.09775361431329e-08,0.000960996239331871,6.2491487694582e-08,5
"20302",0.00209462925097492,4.76266597414052e-06,0.00550211864255143,2.56583530645764e-05,0.360865291630391,1.33182216303404e-07,1.02791902826625e-05,0.631269262953216,0.000227864131328428,8
"20305",0.00518781208552785,4.38531633113479e-06,0.000242735408543021,3.77986679476197e-05,0.994421591962789,5.82169274117568e-09,3.41336980874149e-08,0.000104960741702761,6.75861767149226e-07,5
"20307",2.07287991460397e-11,6.3888918738919e-09,0.0440321580922993,0.000402188989859814,4.96062903417057e-07,0.00187130238041252,0.953631695205988,5.45459150897627e-09,6.21474043247034e-05,7
"20310",1.00688516029421e-10,6.62706595611137e-09,0.000541070326492761,8.71964744703148e-06,1.06366067482077e-09,0.00188892142582182,0.997492384568661,7.24891282792727e-10,6.88955152705643e-05,7
"20313",5.22674233180942e-05,3.91884032290455e-08,1.3801598113193e-07,3.71536690168339e-08,0.000344693696379425,3.00482903550235e-11,4.50585472924337e-10,0.999602820216854,3.82476167012611e-09,8
"20315",4.14082965572485e-07,2.79648592146401e-08,0.245370322950029,0.00663709246079655,3.58805854517398e-05,0.000136578473641255,0.747583793943799,9.75726530650557e-08,0.000235791965804456,7
"20319",5.11271679499727e-11,2.06805912428368e-05,0.000214071094012848,0.00340872528001848,2.98277007507192e-06,0.887290885074227,0.108957608168685,5.5790254109338e-09,0.000105041391586371,6
"20321",2.24936662103039e-09,4.17518270991761e-10,0.00412779936629596,0.00131799354618895,1.465951985936e-06,6.49281057517468e-05,0.994247759181422,1.06968788878051e-06,0.000238981493581164,7
"20327",2.03043820577106e-07,1.55612939752622e-09,0.190310215979802,7.985012143183e-06,1.45647029357236e-06,1.26551636034166e-05,0.802522275551384,2.7938838444946e-08,0.00714517928398533,7
"20329",0.997318704110065,1.71252838017954e-08,7.84439428741634e-07,1.60282233143698e-06,3.07795931970994e-05,7.80980422060806e-13,3.56083215138872e-09,1.77734117572784e-05,0.00263033493632396,1
"20335",6.87698833641276e-13,1.09586396348118e-06,0.00696019974343044,7.49247108286794e-05,1.83735022149992e-07,0.461385353687334,0.531577606899846,1.34901882971331e-07,5.00457003830542e-07,7
"20337",4.2038579768705e-05,5.23117855766059e-06,0.000258492154745075,3.6457782598297e-05,0.865513128117761,8.34690202209437e-08,1.22920256227117e-07,0.134144434274735,1.15225579710288e-08,5
"20339",8.04676559463415e-06,0.229596340725997,0.000291692624666804,0.560452925621433,0.00218968697222412,0.201662359567588,0.000546974660958935,7.0999527746649e-07,0.00525126306626017,4
"20341",4.70473779370546e-11,0.00381408635014997,0.000974015028469424,0.00120861700980729,1.75462416298202e-06,0.986270893589404,0.00739245457979897,0.000337458628500048,7.20142660142376e-07,6
"20343",4.02600248318958e-11,8.67471842934691e-08,0.00100273768824658,9.0787560568852e-05,2.40372458812636e-07,0.0151923489228646,0.983138345424314,1.67322838782326e-05,0.000558720960224056,7
"20345",0.0146566070292281,5.92254461125412e-05,0.0761368651009984,0.010829723925541,0.8951124711472,1.65821123866891e-06,4.03756063308039e-05,1.58573764370532e-06,0.00316148779570713,5
"20350",1.87399381840652e-05,0.000608642262969761,0.000681838082190318,0.993688970594377,0.000682430323339668,0.000725269271466115,0.00291215441057878,0.000586746884882515,9.52082320113659e-05,4
"20352",3.75812869366558e-07,2.33052380778792e-08,5.5869954442724e-07,5.42533126770122e-08,0.000171914804566146,2.10230950018046e-09,2.26246082312326e-08,0.99982704584052,2.55703189620681e-09,8
"20355",9.54573636325541e-06,1.56422188685232e-05,0.00110537208071249,0.000196123229892283,0.00910337311856978,6.17814493525871e-06,6.75154824870508e-05,0.989224237570149,0.000272012418021984,8
"20358",0.989088535469383,5.56827171110471e-08,2.26335694912485e-06,5.71146991555445e-06,0.007942076322169,4.23157003468542e-11,4.37905189269935e-08,0.00199149720196,0.000969816664071285,1
"20363",1.25143404865434e-09,5.10615212487615e-10,0.0157073861625052,0.00239382341380385,1.49448457687238e-05,0.000139768168780514,0.981617336996668,1.22839090788365e-06,0.000125510259516485,7
