"","V1","V2","V3","V4","V5","V6","V7","V8","best$classification"
"19812",0.022639071432675,0.886146993704794,0.0768116654788165,7.04546200630115e-20,6.18066154722305e-108,0.013463858323658,3.67357237915387e-44,0.000938411060056653,2
"19814",0.00043502427749129,0.734603571746342,0.0107622681308173,1.75976915550966e-14,7.31813747266171e-43,0.00641967551075664,6.68419307235346e-17,0.247779460334575,2
"19816",1.49435117996948e-05,3.571729873518e-05,0.979635895390782,5.90505069122828e-18,2.78020640038646e-88,0.0203134437986837,1.49262997696731e-43,7.6319032648456e-24,3
"19818",0.00013012841756138,0.861000183855978,0.126564470622772,9.04592108900998e-15,9.44272239448911e-316,0.0123014269569705,2.35425724513197e-21,3.79014671002885e-06,2
"19820",5.16027547878568e-05,1.79567062196022e-18,0.995794630106353,1.35953838051034e-26,0,0.00415376713885906,1.94882009415971e-48,7.05677192501638e-92,3
"19822",0.000633207449353219,1.29338443366488e-13,0.0257682791832679,1.9119529533395e-39,0,0.973598513367249,1.66242614483171e-87,6.09864619833617e-83,6
"19824",5.76821965546843e-07,3.87797588804971e-08,0.82964617413438,4.73263982609186e-18,0,0.170353210263896,1.6000023208276e-36,2.00853893224238e-52,3
"19826",5.42925288616487e-07,0.808878091401566,0.133997487418965,5.9722369556177e-16,4.76844752564611e-126,0.0570987912067004,4.34965257792067e-45,2.50870474800999e-05,2
"19828",0.00224513818809707,7.55109845530139e-08,0.993405519684655,5.44203516936405e-26,0,0.00434926661626307,6.08427566867181e-39,3.6729528669986e-46,3
"19830",0.00185048698746226,0.268292365600113,3.38821700724492e-06,1.07504934902601e-18,0,0.718135449678954,1.38375355718273e-42,0.0117183095164632,6
"19832",0.919056954005289,0.00821666400573759,0.000106658396747469,3.00876324463511e-31,0,0.0726197235922257,1.26796092602039e-48,5.23707071046484e-17,1
"19834",0.00253671524164999,0.0397051649590639,0.885673810829987,1.15039052176374e-29,0,0.0720843089692992,2.38077898394272e-41,3.2231346602717e-19,3
"19836",0.000149122694617601,0.697505232184162,0.230322123748492,3.50717930301854e-14,0,0.0720235213082528,4.18657985621625e-59,6.44399818371187e-11,2
"19838",0.000171226938920782,0.000885730900057059,3.89460419529585e-08,1.92886287392751e-16,3.28960889326643e-14,0.000522490462508728,1.07039916482216e-21,0.998420512752438,8
"19840",5.50553689017187e-08,0.0115336417242901,0.929851232584121,2.37456959004103e-21,0,0.05861507063622,6.30113477605222e-58,5.1776827498727e-17,3
"19842",1.42278408344625e-12,0.000400407862746295,7.49412175941261e-12,0.00373241018364847,0.0627327250562863,0.0392720449098833,7.16972338360827e-51,0.893862411978519,8
"19844",4.26854830349695e-17,4.02434550596045e-08,1.165360182365e-12,0.10790671625148,5.70074497066583e-101,0.891883776779596,0.000209466724302979,7.04567314251641e-27,6
"19846",1.11915409316629e-10,0.000202802182579429,8.36659556310093e-10,0.000118766284143489,2.73092365096904e-24,0.00118574156092264,2.78970971452203e-13,0.998492689023501,8
"19848",9.26554706585902e-09,0.000304869438183949,5.58198166516669e-09,1.17567614386427e-07,4.66619982545476e-36,0.000326197524292845,1.74115929228028e-11,0.999368800604968,8
"19850",7.31403736831738e-07,0.374787241383043,2.32113573406173e-05,2.39276792227359e-11,1.16065332547151e-213,0.0577244990266695,2.19315707858027e-14,0.567464316805261,8
"19852",0.000521879827935858,0.0236300805338325,0.963121440933447,2.29272531839079e-20,0,0.0127265987047237,5.30979940183169e-30,6.12110151222352e-14,3
"19854",2.25319425186304e-08,2.18230301738656e-05,5.43373533838574e-10,6.16619380126881e-11,0.876080256022012,1.59457953906029e-05,3.48938742020265e-16,0.123881952015445,5
"19856",1.07764795591062e-10,0.029553717975502,5.75554878992289e-07,1.14473374507645e-16,0,0.970445706361852,1.83972062883626e-23,2.16751058963126e-15,6
"19858",1.6202575362007e-08,0.00034298437345129,0.000287107468226939,5.12681905330836e-15,0,0.999369891955741,5.95732145955114e-22,8.33790774599456e-31,6
"19860",0.000254979945691622,0.0523076231284148,0.931030960092644,2.60424689620321e-22,7.63393969002953e-208,0.0164064365488816,1.49142752184279e-45,2.8436847782179e-10,3
"19862",1.7698554282153e-13,1.63019746939116e-08,2.40180442959485e-14,3.90768202724956e-08,0.999444960843683,5.21786957893423e-07,2.86333646089635e-26,0.000554461990362807,5
"19864",3.47372763257694e-17,1.87063932738817e-10,1.06019228991568e-15,9.87124322980739e-07,0,0.999999012688612,1.33704101043123e-57,3.02197331224819e-35,6
"19866",5.71025876871442e-10,3.70230950387267e-05,0.832871020306878,9.7924676211674e-21,0,0.167091956027057,5.13706603367286e-65,4.69296373373578e-34,3
"19868",0.183079093211056,1.31794230111128e-18,6.43770359739367e-32,5.25286551020137e-31,0,0.816920906788944,4.22625847153922e-55,7.64535756385484e-35,6
"19870",1.11482574943671e-05,0.451755468122329,0.000103289535502254,1.38661567407403e-10,0,0.034514659852025,2.54133646008964e-29,0.513615434093988,8
"19873",3.22150870706267e-06,0.83769728679444,0.124444015858997,1.0356230384275e-17,0,0.0378553581757779,9.92380134888793e-52,1.17662078737738e-07,2
"19875",0.00278656682184966,1.77905080763639e-06,0.990978114228747,1.65625565297253e-28,9.84884778275081e-138,0.00623353989859519,6.5557499800987e-56,1.89341319845997e-34,3
"19877",6.12595874814423e-05,0.93685030157632,0.0345834134786961,1.42510216176859e-15,0,0.025294090693431,1.6389076644403e-23,0.00321093466407039,2
"19879",0.000275721639618842,0.730037592347826,0.21630556194128,6.07633371411233e-24,0,0.0533811240710919,2.52678724171482e-40,1.83048110429001e-13,2
"19881",1.08540020510964e-07,0.935309218740156,0.0120574424584316,3.85252547572641e-17,0,0.0526330445674546,8.82304541912963e-43,1.85693937263864e-07,2
"19883",4.57279241753032e-09,0.946569339267818,0.00241694943093009,2.47726207429459e-08,5.32676669522607e-83,0.0417463676512518,7.83596402171326e-47,0.00926731430458657,2
"19899",7.16278943899588e-05,0.854310720381752,0.0343827573738659,7.65106774401666e-30,0,0.111234894349962,2.33936993294675e-54,3.10901458981844e-14,2
"19908",5.49578617121969e-14,6.64115834497037e-08,2.67931457354094e-11,4.85996519794109e-32,0,0.999999933561568,5.17148386835401e-67,1.46890627275085e-38,6
"19910",0.000185469645587737,0.148720944467287,0.838018806454329,7.77127207285162e-17,0,0.0130747793361556,1.68581243617013e-32,9.66406724164316e-11,3
"19912",3.36415315728713e-13,0.000276936079635931,6.25842667945834e-11,2.01749924525767e-06,5.89726849957532e-21,0.0138003971129096,6.68686326594813e-40,0.985920649245289,8
"19914",0.000706345586767669,0.69013045149269,0.241038586949419,6.61907705596779e-28,0,0.0681246159708357,1.0819790920324e-46,2.87000403626525e-13,2
"19916",1.29708550838688e-12,6.93669821244023e-10,0.00325492565703215,1.83821729420088e-21,0,0.996745073648001,3.53999950292788e-57,2.85532874744303e-60,6
"19918",1.21741225590472e-09,0.219573827065089,0.000443347501136508,3.30151659386301e-06,6.09586773647716e-71,0.0107814149544294,1.34472032601914e-14,0.769198107745326,8
"19920",2.84088699792871e-12,0.00350985245009774,1.43320760151746e-07,3.76617377567693e-05,2.03899737495325e-10,0.0013309237407841,0.00223741454443184,0.992884003999429,8
"19922",0.96189618917544,1.28719174698754e-05,1.59396224685406e-11,9.26076905522275e-22,8.12991514659565e-76,0.0380909388906391,3.43070179011004e-32,5.11183445780376e-13,1
"19924",8.30072475303869e-07,0.927205816028914,0.0449486292357521,1.31849499723399e-14,0,0.0278248004626805,5.16994741476798e-29,1.99242001645925e-05,2
"19926",0.00583988579195865,0.440355384741327,0.0994369962095749,7.11618203741775e-29,0,0.454367733257139,6.94461257507319e-92,9.02712243024371e-19,6
"19928",4.21675548971327e-21,1.73184244657194e-15,1.87524326198347e-26,0.760072754348018,3.68929099981108e-145,0.239927245651981,3.73017308033271e-54,4.38883337503735e-27,4
"19930",0.000341873856202271,0.156712427270152,0.000934481964940238,1.26562357191802e-13,1.60786061592679e-79,0.00252437374861352,3.16132051119882e-28,0.839486843159965,8
"19932",1.61254604292004e-08,1.24061947165636e-06,1.90714784400321e-10,2.76841223818021e-15,0.998010765575579,3.69167245345592e-07,1.16102732325626e-19,0.0019876083215263,5
"19934",0.00384306911176063,0.000490555997389852,0.97584106881694,2.06315745286032e-27,2.83079764896499e-280,0.0198253060739095,1.97111965762478e-40,3.52154749604448e-26,3
"19936",0.00401783738917215,0.949313924898417,0.0119818924815678,1.04116361842764e-21,1.15116948651631e-242,0.0340444676250243,3.36489823342798e-35,0.000641877605818801,2
"19938",3.35188984448006e-06,1.50800778287718e-07,0.651931257269513,2.08194994197703e-38,0,0.348065240039865,2.47265716869239e-97,4.81182446103593e-55,3
"19940",1.71916746872581e-06,0.789521853450061,0.186958023259281,8.27971056085087e-12,4.80664482229802e-268,0.023518339282963,4.50604371599424e-40,6.48319459404153e-08,2
"19942",2.06885700529552e-20,3.69298175424128e-07,6.88785246307133e-14,0.0886122662982866,2.12690650557963e-102,0.911387364403469,3.64578253136761e-58,1.69370764486443e-17,6
"19944",3.78818992561871e-05,0.011811177770986,0.9626099145,4.46609188532538e-20,0,0.0255410258297573,8.13175982182042e-48,2.06398932367659e-16,3
"19946",1.30128730243665e-05,0.530664391818237,0.422884947387075,2.57081064757541e-17,0,0.0464376433760038,3.35621227587921e-26,4.54566017378436e-09,2
"19948",5.4288984108402e-20,1.76020798521836e-08,1.79691070259254e-15,0.996451908034943,1.3372463377366e-39,0.00354807436297508,4.76149048383128e-56,1.19026251270288e-16,4
"19950",5.82407156116847e-15,1.18273629540004e-08,7.05819488481687e-17,6.39381363656165e-05,1.32050286456795e-16,1.91936631548368e-06,0.999931901614245,2.22905570447608e-06,7
"19952",5.4288984108402e-20,1.76020798521836e-08,1.79691070259254e-15,0.996451908034943,1.3372463377366e-39,0.00354807436297508,4.76149048383128e-56,1.19026251270288e-16,4
"19954",7.6425653995939e-06,0.00804639841997651,1.3087856505435e-05,8.25867028797907e-12,2.14263677107998e-48,0.000347527335064752,1.17417550568599e-21,0.991585343814795,8
"19956",4.91312580562258e-12,1.57838757066273e-06,1.81265568910661e-16,4.02982327148609e-13,4.75328816883616e-189,0.999233764490421,6.86757274481939e-27,0.000764657116691844,6
"19958",0.896802985784504,2.34199918599195e-16,9.36876818212297e-28,5.68394188700212e-20,3.38985521070842e-172,0.103197014215496,6.77695923274536e-26,3.51128425937726e-28,1
"19962",5.33055615403563e-05,0.432012296013918,0.0135324526067347,1.12121954448387e-23,0,0.554401945817807,3.91589640939084e-29,3.47256902098535e-17,6
"19964",1.50975748244225e-06,0.908494748771565,0.0162909716995542,9.67655740155592e-14,0,0.0752127693083348,9.13233343652613e-45,4.62966229805938e-10,2
"19966",2.46120448547146e-08,5.56807112347937e-09,0.750251765903865,1.12017762535039e-24,0,0.249748203916019,2.90044817169539e-91,7.34870301482613e-56,3
"19969",2.56718312837354e-07,0.480910194191656,0.000690505197562672,4.4611484450877e-13,8.30394379571641e-110,0.0357061376484436,8.47956529608895e-48,0.482692906243579,8
"19972",2.35411448426731e-09,0.55761268590954,3.02927955613533e-06,6.29255034787691e-08,0,0.439865360887738,1.34761796054257e-27,0.00251885864354784,2
"19974",1.76468734494682e-17,1.26118211053166e-07,4.93376122274739e-16,0.98398307028188,8.71277305681501e-28,0.000685322473490111,2.36587335029143e-10,0.0153314808898315,4
"19976",5.40472871079344e-07,0.937972920283003,0.0344971415646687,1.01077747993484e-14,0,0.0275184476115543,2.36244962548814e-22,1.09500678925719e-05,2
"19978",1.63439917615447e-06,0.00653604823603902,0.977252794856807,3.7248155414568e-14,5.75110719287035e-194,0.0162095225079398,1.67445242887498e-32,1.02859119347587e-15,3
"19980",3.2300479053352e-12,2.5245456462655e-08,1.22236405928134e-13,7.42158532962624e-11,0.99971874026935,7.4026968431695e-08,3.56906279261937e-10,0.000281160023750604,5
"19982",1.50679853924521e-06,0.243013201435309,4.60974413098895e-07,9.02502412233796e-12,1.23494602300945e-274,0.756882444033452,2.04623183320625e-14,0.000102386749240403,6
"19984",5.87717828178297e-13,0.0105830172765816,1.02661400958794e-07,0.00321276758971723,3.63635433500406e-189,0.986192432566421,1.16798425631613e-05,6.27288363774192e-11,6
"19986",2.91143645996618e-05,1.53972114768041e-13,0.988143408658578,4.79516790399227e-33,0,0.0118274769766687,1.91297749173154e-64,4.69445698332557e-74,3
"19988",0.000218147399844636,1.48647097953787e-18,0.990503934138465,2.7562033251645e-31,0,0.00927791846169095,3.1224360865764e-51,5.5604833734957e-96,3
"19992",2.94884161681379e-05,7.27497079739113e-14,0.988410634672932,7.79055494472534e-30,1.79994962286739e-301,0.0115598769108274,1.9477352192517e-43,8.28244070378179e-72,3
"19994",0.0012182442494665,0.103256737109373,0.000687874049681016,8.33348094423272e-15,2.01935144219902e-106,0.00173141356903361,5.76179876727994e-28,0.893105731022437,8
"19996",0.000149756303934552,2.82476017224009e-13,0.995358178629069,2.63246817927291e-26,0,0.00449206506671378,1.01543447600775e-37,6.93975619116316e-67,3
"19998",1.12115729804881e-12,0.0849759115653189,0.00028411180039513,3.7768360798026e-22,0,0.914739976633165,2.3569787032664e-51,7.3484809904019e-17,6
"20000",0.00289661587945639,5.1668755943603e-05,3.46858086499112e-14,2.08500051253458e-21,3.42629249866071e-259,0.996641799170972,3.81525178538276e-48,0.000409916193593511,6
"20003",0.00528138711838321,0.923856748193092,0.00880406138280618,4.49457314338258e-16,1.09719798964117e-79,0.0136636880360761,1.75283586274107e-45,0.0483941152696416,2
"20005",1.74918307590952e-10,6.05517234655082e-05,3.16063318502168e-10,8.63738644119626e-05,1.20684363294438e-42,0.000417706634813001,3.35846019789716e-14,0.999435367286294,8
"20007",0.000303779265995998,0.345292690524702,0.57969600676295,1.07508996562551e-28,0,0.0747075234463521,1.79680362900043e-43,1.24390633106562e-16,3
"20009",7.57399479832733e-07,1.90998017927259e-08,0.32647159264242,1.85892290640002e-30,0,0.673527630858299,2.94732922045643e-65,8.72734137531495e-60,6
"20011",1.83479714218119e-08,0.94437735004276,0.000250589884893521,2.73986320781992e-13,0,0.055335282627361,2.74396851459229e-33,3.67590967404057e-05,2
"20013",3.59004639868566e-07,0.146852377072912,0.00040644617652109,9.74183456247498e-12,5.93318884091416e-125,0.00870375407961168,4.68114409622754e-12,0.844037063651892,8
"20016",5.31592622634867e-05,3.21042839196784e-11,0.64766787459389,3.06725559377118e-34,0,0.352278966111742,9.11274912004599e-55,3.26720503803012e-72,3
"20018",0.912465293276187,3.52084896736186e-29,3.6318106706919e-15,1.24561190332697e-34,0,0.087534706723809,6.36596903561008e-58,1.13087783416442e-121,1
"20021",0.0111705563715457,2.02236211526431e-05,0.98231251833657,8.6343499330656e-24,3.5198495040251e-163,0.00649670167073181,4.45481664295784e-54,5.63938751625653e-30,3
"20023",0.000653879719157628,0.00304715526927318,0.955861490760162,1.43494899981471e-28,0,0.0404374742514074,1.76102125558136e-51,1.5732416742736e-23,3
"20025",0.577492255901588,7.78844096146406e-16,2.05709207037341e-06,2.67283806006293e-40,0,0.422505687006341,8.42180321044394e-90,8.33073851991533e-84,1
"20027",1.23270728770889e-09,0.00766005819357008,8.27017624519197e-08,1.77694439492909e-07,8.74871494421475e-153,0.00681932381537001,6.09086808443434e-49,0.985520356362151,8
"20029",6.82310265056091e-13,0.000879766314045792,7.72269851355222e-08,2.19606183391703e-07,1.61818807208422e-14,0.000618537395181777,7.78332065866137e-23,0.998501399456905,8
"20032",5.877188698045e-06,0.00875860813757832,5.32859677107092e-07,9.96028991088883e-11,1.56690571043424e-39,0.00133137839355535,1.34834827596469e-41,0.989903603320888,8
"20034",2.45444873956608e-15,4.05375939417344e-06,1.88552039095726e-12,0.990935033828017,1.92933142193086e-72,0.00906091241038343,6.15620634065201e-61,3.17451720094648e-13,4
"20036",2.3426187190548e-10,0.280402404191053,0.000230221925587833,1.75730281560593e-21,1.100959993913e-191,0.719367372487103,5.81791750856039e-34,1.16199344955889e-09,6
"20038",0.0158703919031021,2.15975563047496e-07,0.977290291113187,3.24665933605991e-34,0,0.00683910100814804,2.68382164022243e-66,1.66195772006035e-43,3
"20040",9.79225616048132e-05,1.18111645768519e-16,0.000821462104798623,6.33103458708036e-31,0,0.999080615333597,1.48491947734955e-62,5.52336012612864e-96,6
"20043",0.00887345616745018,5.81634249719267e-07,0.984453737207631,2.90214752854564e-28,4.51348420651259e-119,0.0066722249906695,1.30387905573604e-42,1.13746367036951e-38,3
"20045",0.0334964139314435,9.99425063847774e-19,0.915745976539852,2.08324877427473e-28,0,0.0507576095287049,4.84657571486199e-38,3.08630756990578e-99,3
"20048",4.53818333832618e-18,2.26965572219988e-11,1.22616293526201e-20,0.00448302824586237,3.73088936518919e-56,6.70360903925445e-06,0.995510268122383,1.86724878183444e-14,7
"20051",0.0687182320213259,0.449446542220529,0.207223279123646,2.92459059694172e-25,1.69964252421996e-254,0.274611946634487,5.92128879977405e-35,1.26314111589885e-14,2
"20053",3.79400144588389e-06,0.000166358720962283,0.942759036208876,1.4960140440172e-23,0,0.0570708110687158,1.81861752639504e-42,1.35780877122573e-31,3
"20055",0.523539060976322,0.0472635049852471,0.122882174208524,5.23756296322968e-31,0,0.306315259829907,3.09605508110293e-68,3.95069877284937e-23,1
"20057",0.132550021311361,7.48311481190701e-31,3.85873124221884e-51,4.32253711387287e-18,5.2681733596361e-281,0.86744997868864,1.24691942286189e-38,6.79408209633195e-39,6
"20059",0.00220421659837707,0.000329202122143861,0.628759103927834,4.8329788041004e-29,0,0.368707477351646,8.16077769359356e-58,2.63013901192118e-35,3
"20061",6.70711607677024e-05,0.0097813380180054,0.923015667202142,7.60578607116702e-27,0,0.0671359236190848,6.77891439113464e-55,9.02429642339182e-24,3
"20063",1.5757140362486e-16,4.57844557024943e-17,1.1152446381318e-13,6.08110002832668e-12,4.26639269694021e-285,0.999999999993807,7.76591081084938e-19,4.90392352894426e-68,6
"20065",0.988158241388208,8.32101139780678e-15,7.37942268992948e-06,7.3731893063277e-36,0,0.011834379189094,8.93093540985733e-57,4.73362814264419e-71,1
"20067",0.0209025053375435,3.39630504415909e-08,0.901689331440053,2.25895923501251e-23,6.79455951191421e-300,0.0774081292593533,9.15740823815411e-25,2.91121508192803e-50,3
"20069",1.36336249361035e-08,0.000221819545343086,6.73846889474496e-10,2.58748706843242e-07,2.56465171909083e-06,0.000411084715539936,0.000433792496082772,0.998930465535136,8
"20071",1.66033089297388e-10,0.272072875696277,0.00200828787858942,2.51239983627644e-27,0,0.725918836259101,1.06949614112355e-57,3.42014046828656e-17,6
"20073",6.23222002567496e-09,0.847562894308076,0.000245700670626166,9.28511473994954e-07,2.00216775248746e-206,0.152182763571123,8.73998987794446e-11,7.70661908094328e-06,2
"20075",0.952458593580464,2.96204619976422e-16,1.29446920603909e-28,2.57450178331196e-33,2.62053618306933e-269,0.0475414064195358,1.23245355999483e-57,5.80162509538154e-27,1
"20077",2.88043407455149e-08,0.000123615625219081,0.931066601921959,3.87528465658524e-22,1.93828936703871e-284,0.0688097536484817,1.29777668965543e-33,1.32075631889472e-25,3
"20079",8.57627352758415e-07,0.00182771575310933,0.00181526418989278,4.73129081972417e-21,0,0.996356162429645,5.4606835915771e-29,4.23955089253372e-28,6
"20081",0.815215836678712,0.000316438265104413,0.140028608395183,2.27653888009754e-33,0,0.0444391166610015,1.24591359309493e-40,6.42684058062571e-33,1
"20083",3.06917596600027e-14,1.75351290667519e-05,5.1124224018894e-10,6.27254184214591e-22,0,0.99998246435966,1.74394165534858e-42,1.98764550372494e-24,6
"20085",0.0076625913700412,6.09830664283968e-18,0.986577253816903,1.31794256240636e-32,1.69573473587208e-309,0.00576015481305602,2.92761062043308e-54,9.47921754573894e-92,3
"20088",0.0112614904535815,6.77675221920978e-09,0.98242983274936,1.65173423455299e-29,5.31511984072457e-217,0.00630867002030692,3.30368957333755e-42,3.72620404031947e-46,3
"20091",0.97427379975969,1.70713351408711e-09,1.25877824811948e-12,1.95274859082391e-37,0,0.025726198531918,4.27096958669247e-47,1.30501013067663e-38,1
"20095",2.23022644803238e-12,6.03366084662094e-05,2.09197416995463e-08,2.65198623781256e-18,0,0.999939642469562,6.53961631380898e-29,2.27802090343192e-31,6
"20097",0.041993154022565,1.6221335465303e-16,0.946259980999686,2.62342108306366e-34,4.6705576867501e-317,0.0117468649777487,6.74349883156307e-53,2.5013969353914e-86,3
"20099",8.82476046527438e-14,4.22847461868746e-07,0.209076090549058,5.96051251240154e-11,0,0.790923486543787,2.25895075168472e-37,3.34857540915403e-45,6
"20102",0.0011113648118342,4.42134560928962e-08,1.14293904009083e-14,1.55567882589477e-16,0,0.998888590974698,2.98198146171132e-20,2.70679315617387e-27,6
"20105",0.000265188877485631,1.64450606539899e-06,0.979443254013504,5.87201646793523e-24,5.23365299139388e-242,0.0202899126029449,1.11184997655192e-39,4.88283316830141e-39,3
"20107",1.46281974423495e-05,3.03829415857539e-07,0.985314850418905,6.91727878742488e-30,0,0.0146702175542366,3.19350301152262e-49,1.59085586785852e-41,3
"20109",3.33870076181975e-08,0.000276244160162605,0.761396123514361,4.51728104617907e-09,2.37938044629316e-79,0.238327594421188,3.6950615184997e-19,3.60841864456134e-31,3
"20111",0.915695751579385,2.50520385482671e-12,5.00398435572494e-26,2.0428457500815e-16,1.7695167368813e-199,0.0843042474843672,1.27070326378e-21,9.33742090076723e-10,1
"20113",1.51306184380445e-08,0.00365095373242388,0.733125359386312,5.47711912193094e-24,0,0.263223671750646,6.66261880689873e-65,1.16250515355727e-27,3
"20115",0.0496829659626006,0.00257575341507215,4.35455371353718e-11,3.45854775681781e-13,5.52090795865302e-262,0.936192537777404,2.11027292375715e-47,0.011548742801032,6
"20117",4.33573904171825e-05,2.49087411745884e-14,7.11012968538021e-17,1.50017964609986e-33,0,0.999956642609558,1.33960022782337e-116,1.43153369042639e-60,6
"20119",1.33310001757643e-09,6.55164001852871e-09,0.771063131354615,3.91386722229642e-17,3.10923644508414e-248,0.228936860760645,3.49005312462233e-73,4.25362418146903e-52,3
"20121",0.000104811363623135,6.52843417982805e-10,0.987834269767185,1.20192118239175e-32,0,0.0120609182163484,6.54530423453055e-64,3.53584903561455e-54,3
"20123",0.968009899722768,4.27786462335631e-11,5.06958188221035e-12,5.33663198275249e-42,0,0.0319901002293835,2.05902710303131e-63,2.17439243137887e-46,1
"20125",4.08923678490084e-07,0.00324070480185891,7.07883180155399e-07,1.50450995874877e-11,2.70267841901744e-71,0.000721775146964701,3.91994483659243e-09,0.996036399309328,8
"20127",0.000183451064928285,1.08490211995482e-15,0.984191895430339,1.46100751982775e-24,2.19081011154953e-232,0.0156246535047321,9.99835141381022e-35,3.0806963965338e-83,3
"20140",0.0363372660319798,0.072536024913652,0.00067123982507599,3.94331168231577e-34,0,0.890455469229292,2.04699634375788e-78,9.36191058154931e-21,6
"20142",5.15688613375034e-12,9.25434711077438e-06,2.19542707952648e-13,0.000105245063340761,3.23530838787475e-42,0.000996039749652678,0.989597780107826,0.00929168072669363,7
"20144",0.0360127115421723,0.000965351423438565,3.87697980458333e-11,4.6894807414754e-19,1.07101502015286e-279,0.914123008655559,1.56236485281624e-26,0.0488989283400609,6
"20146",1.92161972187111e-06,0.184318386304906,5.19129999214839e-06,1.44646532355661e-22,0,0.815674420920852,8.14245885668384e-42,7.98545279588237e-08,6
"20148",0.000667134964370917,0.919039511817946,0.0548224816297203,2.12343689893535e-21,6.37220981189543e-117,0.0236349151484967,1.54716329944931e-40,0.00183595643946656,2
"20150",1.32488117124827e-15,2.5836518477157e-09,5.31567831456223e-16,1.02748386676934e-06,0.999836727009012,3.52083977490898e-07,1.74638248894354e-12,0.000161890837743602,5
"20152",0.000646269566566091,0.786172458677319,0.186686585352788,1.17395522109182e-20,3.93385611156033e-217,0.0264782309574253,4.2436286534545e-35,1.64554459014249e-05,2
"20154",0.953748094778591,4.20585394557207e-14,2.4871427623873e-08,1.47214917765055e-30,2.58667906426299e-280,0.0462518803499394,2.52425061714866e-31,8.68756104433344e-66,1
"20156",2.74010038575233e-06,0.171943129397932,0.0188678811765743,2.80177196304298e-28,0,0.809186249325108,4.23135337713894e-35,1.81622520867458e-22,6
"20159",1.12471057214636e-09,3.15283188227676e-05,1.60126670453785e-11,8.3386575658156e-08,2.01792731036222e-15,7.86282943638719e-05,0.00088326509930227,0.99900649376021,8
"20161",1.80153253761356e-11,0.00348591531410953,5.27817100638238e-08,7.02515385301765e-16,0,0.996514031886119,1.56491758125993e-20,4.5486700845376e-14,6
"20163",0.0761275066131984,0.805957780379373,0.00407490341531572,8.31936150227666e-19,1.54748553177626e-118,0.113839802384976,9.71100907527528e-51,7.20713674888324e-09,2
"20165",5.09735436354291e-08,9.29485710914322e-05,0.000612510387638746,8.15947422998394e-06,4.51207903530637e-101,0.99928632677353,3.81996681963628e-09,1.39448518679592e-30,6
"20167",4.36084131322565e-05,0.879630908013211,0.0486325649980677,5.31254135891629e-13,1.13873331596932e-25,0.00926928704779825,2.09454795163538e-18,0.062423631527259,2
"20169",1.51546764809584e-16,1.48820496963645e-09,1.96787618498799e-18,0.000582593007438068,7.12718101428365e-52,1.34867138190773e-05,0.999403917049033,1.7415048334607e-09,7
"20171",0.785185696906469,1.15022394830751e-18,4.28696536927021e-12,9.10055298871623e-28,1.43947117800924e-316,0.214814303089244,2.22863911364253e-29,1.26492029215741e-79,1
"20173",5.59363013134665e-17,1.95649327827517e-10,8.15636058021111e-08,6.10760736060004e-13,0,0.999999918240134,5.60756323686835e-33,1.63631946066587e-51,6
"20175",7.78634367862351e-06,0.951632534933064,0.00128366032510189,2.12854481633423e-14,0,0.0370096434512088,3.35319140290709e-21,0.0100663749469253,2
"20177",5.89483072808253e-12,3.8203064081231e-06,0.0846074535447518,1.34807004432134e-16,0,0.915388726142945,3.57954392273098e-69,9.27046512846289e-43,6
"20180",0.0204331896143655,8.05087267656621e-11,0.959386787371439,9.23771517541602e-27,0,0.0201800229336869,5.22347379590287e-71,1.48453331090435e-60,3
"20182",2.70679807898612e-12,5.27080269241846e-23,1.20007449622035e-42,0.348451775973945,2.01970952272593e-94,0.651548224022866,4.82597549265806e-13,3.6396084479954e-20,6
"20184",4.21023647204724e-09,0.743386387468702,6.6241100603738e-05,4.06001183703322e-06,5.13087065995464e-143,0.215023578396826,9.16842657386024e-08,0.0415196371275287,2
"20187",1.15447102851994e-19,0.000239348905887947,1.14669155574025e-05,7.13765754695303e-14,0,0.999749184178483,5.34427710272181e-46,4.29053438072646e-22,6
"20189",5.95863021875451e-07,0.000344885246889052,0.976943452676257,1.86922244244942e-13,1.44476160161817e-103,0.0227110662136452,2.21741462443248e-50,5.47614855530564e-24,3
"20192",0.0329269115522586,2.05401210861808e-11,5.06582893400058e-08,5.62155318778715e-27,0,0.967073037768912,5.10951920689543e-80,7.67784297310756e-59,6
"20194",7.37106451954632e-20,0.000881983234864606,1.15874591559021e-10,1.55664052550571e-08,2.19901174483727e-33,0.998856444350124,7.56431023774256e-22,0.000261556732732038,6
"20196",0.915477272652795,1.95684603556171e-11,0.00768095949702023,8.18946743247565e-36,0,0.0768417678306165,1.9313088450728e-56,7.43975459540487e-64,1
"20198",0.00254487304901845,0.359670534564179,0.081983063720049,5.93104424696073e-27,0,0.555801528664765,1.18637617571859e-47,1.98822356878092e-12,6
"20204",6.86492730607835e-07,0.000656571284996316,6.52837849690462e-10,6.74459857727233e-08,1.96676726057784e-65,0.00206804176666506,2.770249313626e-05,0.997246929863648,8
"20207",0.257864968812383,2.22212869540555e-08,0.515805197723412,1.74680703252845e-30,0,0.226329811242917,1.1445942692029e-45,3.98358809091082e-54,3
"20209",0.199737288560348,8.0736631907412e-06,9.08397419577464e-16,8.27754586312058e-16,0,0.800249415880894,1.39026791708686e-67,5.22189556554666e-06,6
"20211",0.986783106828108,3.86771438535056e-09,3.21296247715133e-11,7.01296975379238e-37,0,0.0132168892720483,9.1497919143522e-40,4.5715181102948e-34,1
"20215",2.5242879945509e-06,0.000107130984703592,0.958085558356414,8.06107616176372e-30,6.10902289698784e-156,0.0418047863708879,1.09351560145156e-56,7.87771658053334e-30,3
"20218",1.01274952926674e-11,2.49756495893897e-06,2.25931237696146e-13,1.81906569646468e-05,7.13023976522095e-05,3.80660972292347e-05,0.9933674819686,0.00650246130424168,7
"20222",0.533108840956401,1.92072809437881e-05,0.299665435728288,1.86460853105124e-29,2.87297255288775e-229,0.167206516034367,1.17505318458954e-32,1.38565464296389e-39,1
"20225",3.7747517478197e-05,0.00505623685257279,4.18231832685946e-10,7.68020257073941e-20,2.93004453053254e-169,0.962106054218854,1.47403480475663e-36,0.0327999609928635,6
"20229",1.50756569102296e-05,0.183564296498494,7.40063844645396e-06,1.6113456247654e-29,1.03743404724824e-295,0.816413226930684,1.78092380409485e-57,2.75465989898055e-10,6
"20232",0.00803386172736757,0.509239492944268,0.294044597238136,1.86270934412061e-33,0,0.188682048090228,5.91693501435578e-49,1.12027033891927e-21,2
"20234",0.822091250308854,3.43987441913168e-24,1.39376096292679e-05,1.39226337440707e-26,0,0.177894812081516,5.87374271864132e-56,1.39606515017044e-117,1
"20238",0.000163908758808396,2.6393046056309e-07,0.946378645987361,6.44033901978726e-34,0,0.0534571813233701,8.48275183429652e-53,5.05876935048004e-50,3
"20253",2.40306079026364e-07,3.55017690325111e-09,0.956614672974464,1.90900165093598e-29,9.70405105903976e-145,0.0433850831692799,1.92936249582769e-50,2.3713826236414e-51,3
"20255",0.00349134670461114,0.00805728685603502,1.55132775365232e-06,3.62993512624713e-18,9.02245339535967e-119,0.00135526896604296,6.41886015543522e-23,0.987094546145557,8
"20258",0.00064894805590695,4.28338175334613e-11,0.996059692396586,2.03941504356579e-23,9.29292623366363e-182,0.00329135950467378,6.90699597854244e-47,6.87928808530684e-57,3
"20269",2.48836092441356e-05,0.000334562738691796,0.947118555445268,2.84731093588573e-12,2.27791833001162e-81,0.0525219982039487,1.05428097774526e-18,2.54623600584735e-29,3
"20271",2.61929545324942e-07,1.84597363996348e-09,0.874101327599284,1.07801452917633e-14,3.56056102853176e-282,0.125898408625186,1.25115527509653e-60,4.09957685019297e-56,3
"20285",2.86927604023934e-13,0.00433573299293268,2.95006654467878e-06,2.63689147519038e-22,0,0.995661316940236,7.96193829113412e-89,9.30546383707835e-22,6
"20288",1.74451275840533e-05,0.00564332177430572,0.917739238124568,1.37505486860445e-31,0,0.0765999949735418,1.06296863778464e-46,2.24523993498758e-27,3
"20291",0.674727260671536,6.52928166175462e-08,0.0105977351022616,1.41913628066888e-40,0,0.314674938933385,2.39020523960068e-67,1.14768368971925e-57,1
"20295",9.96554249285409e-07,0.00013570581830586,0.0206722466065469,1.48329849598608e-16,0,0.979191051020898,9.9197266519509e-54,1.41400070768766e-35,6
"20298",3.7086699817876e-07,0.000442440636802155,9.43861308963971e-08,2.47476536277887e-11,8.00691570111788e-10,0.000313920547934561,1.34281416348089e-16,0.999243172736695,8
"20302",3.27111752937651e-08,0.732479759101542,5.43728741634757e-05,7.6034676428004e-12,0,0.267464359601044,5.21647165283258e-28,1.47570447180591e-06,2
"20305",1.30425210316316e-07,0.000376316076458873,8.83169734227132e-09,6.31106951145823e-10,1.28981430695018e-22,0.000545912205279331,9.2775417445357e-31,0.999077631830247,8
"20307",0.00321638838229651,3.59225642348389e-12,0.99199357680866,3.27881476270104e-30,0,0.00479003480545168,1.01778079642985e-47,1.61379524351474e-62,3
"20310",0.00366740792075075,2.82131512009728e-20,0.518676614822531,2.45757707573578e-29,0,0.477655977256718,5.2588094984883e-58,1.2988334480051e-110,3
"20313",6.24544887072804e-19,4.31688703632137e-10,6.5041867898475e-20,0.049474611128165,3.50783694387184e-15,5.08586057904055e-06,0.950518952492255,1.35008730878082e-06,7
"20315",9.15683690930177e-06,1.41988183160687e-07,0.988567736637335,1.58707004630282e-29,0,0.0114229645375726,3.12415549112656e-59,8.54805688609193e-48,3
"20319",0.859808813784544,6.92442877774755e-11,0.000644586337230816,7.47523794986405e-38,0,0.139546599808981,6.72874720948789e-53,8.3046109894097e-62,1
"20321",2.4191005171188e-07,6.99638509542343e-12,0.95201390731034,1.83600750061414e-28,0,0.0479858507726116,4.17576952361224e-59,2.38793844354207e-64,3
"20327",1.39374327040682e-06,2.93332166459267e-12,0.993913733310635,1.9598937047514e-20,0,0.006084872943161,5.75767757556145e-49,1.66989510542129e-64,3
"20329",2.22094389133395e-23,5.5688963531818e-06,3.12281313923665e-13,0.874477441171976,7.69920532159365e-131,0.125516983799096,3.61082385678618e-39,6.13226198449936e-09,4
"20335",0.869561457033489,9.49461016803212e-13,0.0903127107769704,4.82639938525008e-30,0,0.0401258321885911,6.99092912934307e-32,5.42765195826578e-71,1
"20337",5.38783299755894e-12,1.51002185508843e-08,5.42778417489573e-14,1.49919018626397e-12,0.999848136173383,1.1430903349523e-08,2.89183944155003e-09,0.000151834396714106,5
"20339",0.0308601405621712,2.48867642981889e-07,1.27808071901175e-12,1.99467941399671e-37,0,0.969139610568908,5.0971133381404e-77,5.2929217512891e-30,6
"20341",0.234396618597838,9.35690533447093e-11,3.38939651494123e-09,1.85492905995836e-31,0,0.765603377919197,2.66810837684811e-46,9.90635360197398e-56,6
"20343",0.00173270737656727,3.18727089985569e-14,0.358327871640963,1.07805834601712e-24,0,0.639939420982438,1.46214729615947e-30,2.80237721665919e-81,6
"20345",3.94384997385753e-05,0.927351118389054,0.00256482118802376,2.77719480770527e-12,1.12624912682446e-131,0.0271487217212336,4.84108164405027e-52,0.0428959001991727,2
"20350",1.18408796485573e-07,4.71105531558671e-06,5.28618904062371e-09,2.33509799121129e-33,0,0.999995165249699,1.01577746259411e-58,1.44628380561058e-29,6
"20352",2.28172117390868e-13,9.55274340338588e-07,5.5062667421877e-14,0.00164412453545856,4.86995477422599e-24,0.000292797726618217,0.998062119424727,3.03857315135543e-09,7
"20355",4.98435671557547e-08,0.0238040206851555,4.57727866000907e-06,4.70524827407502e-18,0,0.976191352192617,3.23086937726807e-29,9.41541599716057e-17,6
"20358",4.67286761184637e-17,0.00180317325153992,4.95048844322477e-11,1.28231031925719e-05,0,0.998172700477105,3.46728560534399e-31,1.13031186578206e-05,6
"20363",9.4649892475242e-06,7.91035322609877e-10,0.980723890977591,3.5457653346495e-27,1.05507029279504e-251,0.0192666432421261,4.13268065247862e-51,4.08013596066295e-51,3
"20365",0.972055723567302,0.000735204779947206,0.00299743005323407,4.77137040040686e-36,0,0.0242116415995166,2.24400299062168e-62,1.4780484403255e-26,1
"20379",0.158798200671704,0.136700110778363,3.72121181657129e-07,4.90866854731532e-15,0,0.633399524019506,1.6295335753976e-31,0.0711017924092399,6
"20387",0.043805705492477,1.54142258535844e-08,0.950882504319139,5.76786079443054e-27,4.23799613947442e-197,0.00531177477415846,2.05303288089786e-38,2.9504916405217e-45,3
"20392",0.984729526108467,2.10250569581988e-11,1.41773724220581e-10,1.75359361120116e-37,8.31208903797893e-290,0.0152704737287345,5.75818117139936e-46,9.28413026995077e-46,1
"20395",8.47995525144386e-05,0.901696623467182,0.0596816630426582,1.28542332137592e-20,9.26768036319158e-227,0.0358515278867491,4.05727898835386e-30,0.00268538605089656,2
"20397",1.17041097038099e-27,1.02787179591658e-15,5.96413206514641e-28,0.999681839553377,4.25186539434376e-58,0.00031816044662198,7.82119908022442e-29,3.09206953781034e-18,4
"20410",0.0064278394802587,2.98868958507759e-05,0.979561102636574,2.73305909351588e-20,2.05478300242712e-150,0.0139811709873162,7.07840912363914e-62,2.06998807518802e-31,3
"20414",9.98866110054066e-06,0.93090618061955,0.000170419210424995,1.03022547107764e-11,1.8869301024074e-139,0.0667680176321805,9.52261884875765e-25,0.00214539386644192,2
"20417",0.0224073493445382,2.29385700530128e-32,6.06030466219369e-16,9.14180678676188e-26,2.64852670674403e-304,0.977592650655461,4.84430078736948e-62,1.43934401704965e-133,6
"20419",3.50458905724206e-09,1.51772704369112e-13,0.966618705249549,1.32679904403536e-17,1.40090139077145e-218,0.0333812912457107,2.35069339989097e-40,2.30009181998789e-67,3
"20421",0.0340037646515203,0.0744521083224304,9.17834831822976e-08,1.21905106845119e-15,0,0.891543945290584,1.67989814675625e-14,8.99519635752197e-08,6
"20423",4.04360508013561e-05,0.00828147839850303,4.34938014648192e-08,1.09943423436122e-09,8.82197991091535e-203,0.00645272610966893,2.8635658863758e-05,0.985196679188927,8
"20425",8.66614843503115e-06,0.262201435860387,2.06658978793695e-06,2.20754044978101e-12,1.07287778065475e-27,0.109861566348275,1.19521404887617e-09,0.627926263855693,8
"20427",0.000374659714388528,0.542860324466935,0.427963952677586,4.69479210884357e-17,2.44344902910422e-105,0.0287240813982832,2.684786703172e-34,7.69817428075931e-05,2
"20429",3.95856680014818e-08,5.67578293408194e-10,0.0570677805299871,1.63891828803341e-33,0,0.942932179316767,3.64503058639588e-57,7.73359378146925e-67,6
"20432",2.71458099632975e-09,0.303109321144098,7.85932730624917e-07,5.44973258101715e-07,2.06984433657329e-178,0.511485719186238,2.46447374474631e-15,0.185403626049092,6
"20435",0.0926975253130582,0.0778391464646926,0.280175169126497,3.49763311567227e-33,0,0.549288159095753,6.49144911856526e-74,4.85440825403997e-23,6
"20438",8.43204296091313e-12,2.31650883710787e-09,0.69284929240378,2.54543957630811e-19,2.39675345509976e-172,0.307150705271279,1.23289083293566e-33,4.11303207552372e-50,3
"20440",2.11921556420912e-06,3.72753553768045e-11,0.989997208156479,2.83908270805055e-21,0,0.0100006725906811,1.16465758142172e-46,1.99023763410409e-62,3
"20443",1.37520537955305e-11,0.00524472544622153,2.1713691031498e-08,1.16193296807469e-09,0,0.994755249697171,1.96508955366852e-09,2.14142906585292e-12,6
"20446",0.000484677247582143,0.161729261626946,0.232297257868395,2.08440875248645e-26,0,0.605488803257078,1.43897107406417e-46,2.00189645096576e-23,6
"20449",0.00175480099516689,0.056849489929879,0.85574681251519,2.25123058042057e-32,0,0.0856488965597636,1.39907773669179e-64,2.00323067600976e-20,3
"20537",0.810913113644932,8.84515517224172e-06,0.00602851075658016,2.68602939077031e-31,0,0.183049530443315,2.96312007518084e-40,4.16805251726512e-41,1
"20540",0.979051413090579,4.62641591357535e-14,2.79827669433095e-11,2.95736289943107e-35,0,0.020948586881392,3.05309469706446e-46,5.53091355716646e-59,1
"20543",0.00371275396223818,0.615493680710659,0.343850882150723,1.05076787779313e-18,8.06480602921747e-314,0.0369426825183524,2.07919932358898e-29,6.58027038376852e-10,2
"20545",0.981240059898133,4.50437911438341e-11,1.46922778058056e-12,1.8235172590914e-31,3.58676837714958e-153,0.0187599400553541,5.68516949149851e-27,7.71421431061813e-39,1
"20549",0.0364135488365102,0.929272489639449,0.0166102341344411,2.98143665674791e-17,3.21394917860766e-245,0.0176665585884258,3.19514730802677e-14,3.71688011422253e-05,2
"20551",0.00261558447450423,0.000453915863966848,0.986518550511311,1.2589743858867e-25,0,0.0104119491502177,2.86503625696407e-35,5.08691169075116e-24,3
"20554",0.000906337071570448,1.68034528653978e-06,0.995532252002626,1.4767933632368e-20,1.82134130108061e-192,0.00355973058051681,4.36267755252033e-38,5.5189083008016e-36,3
"20556",0.0312541374094298,0.878471812747131,0.0114341139939069,2.79697375607689e-29,0,0.0788399358239314,1.17266108086367e-37,2.56008911181497e-11,2
"20558",0.00132711992420989,1.69097474455718e-11,0.995585463640824,1.10621218659316e-26,0,0.0030874164180559,9.68142725426648e-38,2.51033574377307e-59,3
"20560",7.12639773492434e-06,4.77898874340836e-05,0.970913462542245,4.18688474595799e-17,5.32142532696097e-88,0.0290316211725864,3.86004603134002e-21,1.82473264186457e-26,3
"20563",0.000416585440973915,5.6453272625824e-16,0.987196869451349,3.40969795578332e-24,1.7095902417433e-249,0.0123865451076772,9.03201928775907e-37,3.83879044890274e-83,3
"20565",2.45736423077496e-05,0.0063553984771373,0.831884593877087,1.44032365050798e-23,1.98706335244872e-317,0.161735434003468,2.75384630444752e-36,6.28305973811113e-26,3
"20567",3.63258568178231e-10,0.150317220347547,1.45436476637214e-06,3.83222854561669e-07,2.01050805771256e-175,0.484718941970981,4.24769047348436e-11,0.364961999688115,6
"20571",3.82496759278928e-09,1.48463995971719e-08,0.000840077972195591,4.06569784403308e-32,0,0.999159903356437,1.40116875873872e-61,1.53746034595156e-53,6
