"","V1","V2","V3","V4","V5","V6","V7","V8","best$classification"
"19811",0.00774882268988752,0.000604359495161735,1.52187459604326e-10,1.42688440421535e-14,1.69869877118446e-13,0.000621122448446104,0.308702491013263,0.68232320420087,8
"19813",4.67319154077756e-08,0.0189798493878799,2.29794618548641e-98,1.35333501527202e-30,7.46313386907843e-45,2.15543950156792e-12,1.03348866769655e-40,0.981020103878049,8
"19815",0.148342560017935,0.000249467069767288,0.206260456558175,9.7380253969741e-05,5.93866711580119e-48,0.0715892394287535,0.573460896670133,1.26649211466066e-12,7
"19817",0.0210410200375872,9.98411917706108e-06,0.240915899613728,1.22120302918383e-07,6.45822325812647e-18,0.0143121064412366,0.723720599201003,2.68466965848149e-07,7
"19819",0.00390911044754436,0.105123342591516,6.94767106554971e-62,0.79638642318668,2.82087044020264e-64,0.0945811237742589,1.58978227481027e-61,4.33803696356017e-51,4
"19821",0.504445158482722,0.482452202382444,0.00125711517953133,1.44321245568261e-09,1.97527800282466e-12,1.24110423702927e-08,0.00297882238233904,0.00886668771673372,1
"19823",1.51625963844274e-06,0.0654538229869842,1.69283087141491e-27,4.06274885398938e-12,2.54575409682331e-52,0.934536700069967,7.96067934718015e-06,1.94551789755234e-24,6
"19825",0.000556693599443107,0.999443306400556,3.34561393792481e-75,9.002916546037e-23,1.28750818130176e-19,1.69085049089605e-16,1.32411148616873e-69,2.64884067754687e-16,2
"19827",0.00516481630825318,0.00274639696483182,0.987343817971948,2.94620393195791e-09,3.06748523372301e-06,4.30645166732732e-05,0.00469883380685395,2.01042327665539e-15,3
"19829",0.984126276062463,0.00372033419504923,2.54131518893835e-21,0.0121523524026208,1.99679221770436e-14,1.03733984684309e-06,2.17103804893583e-32,2.96395343672941e-17,1
"19831",0.0175966239680528,0.00466627988912982,1.68384984249989e-73,0.0386432041216956,2.96325429274273e-87,0.939093892021122,5.30177213503549e-45,1.68428335397033e-31,6
"19833",1.52755144810305e-20,0.999905066523785,3.28347729382762e-240,5.32800314985195e-46,1.39984367530601e-86,9.49334762153379e-05,2.73278311707962e-130,7.21779485598725e-55,2
"19835",0.504445158482722,0.482452202382444,0.00125711517953133,1.44321245568261e-09,1.97527800282466e-12,1.24110423702927e-08,0.00297882238233904,0.00886668771673372,1
"19837",0.00912597548586014,0.000159639505312942,0.81888237883309,4.88660155724942e-07,5.18379412635591e-07,5.81230916245875e-06,0.171825174918556,1.19084497366694e-08,3
"19839",0.999955799341396,1.60187644182726e-05,1.0602245681524e-26,4.15080557698251e-06,9.91310470739209e-10,1.97576107515596e-05,1.1929416719044e-34,4.27248654672481e-06,1
"19841",5.85903958436669e-07,0.0925301169136392,2.56651925426524e-29,6.34200467381556e-30,0.907469296351975,8.08627308552728e-21,4.08043910977785e-46,8.30427266242441e-10,5
"19843",0.686496671163931,0.313500850216115,3.17292878284921e-127,2.34741724223172e-06,3.63332363925255e-80,1.30944035379516e-07,2.05768333567843e-88,2.586772035048e-10,1
"19845",4.59831118404883e-07,0.0324700562564086,1.43094593615088e-23,1.50599143050471e-26,8.81617354909797e-55,2.34617923663192e-08,0.00995073206364064,0.95757872838704,8
"19847",0.267372012696629,0.00694609734474379,7.27918275214923e-17,7.09832012550185e-08,3.07327532398571e-58,0.668172697106177,0.0328787708360568,0.024630351033192,6
"19849",6.34524212938648e-11,0.00352194401962974,2.91037462263388e-76,2.79269273967821e-37,1.15554076420454e-47,4.76673233240462e-14,1.11656666210762e-28,0.99647805591687,8
"19851",0.00023348166865858,3.29565781953421e-05,1.04373464140598e-09,1.48697931097418e-12,1.04172503632891e-27,0.000492920040646651,0.99923988263604,7.58031237433879e-07,7
"19853",1.00418404288591e-10,0.998475182429931,7.30173261850971e-49,1.13985467721622e-33,3.82265496384454e-40,0.00149246969472321,8.88720395310263e-06,2.34605709741851e-05,2
"19855",3.5742522414014e-05,0.00406082833405486,4.1817430462189e-12,5.27931324741342e-19,9.12294727108012e-15,0.000364923403635758,0.995435166153255,0.000103339582448909,7
"19857",0.456985249742354,0.000338836650192229,3.13021379588658e-06,2.76545907946013e-05,1.42884537947872e-09,2.87182439971667e-05,0.541692816803771,0.000923592326250079,7
"19859",0.050027416093586,6.06843026460026e-06,0.000501253950137975,8.24277883590648e-07,2.05652623746471e-13,0.0920657148677659,0.857398666402242,5.59779138848654e-08,7
"19861",0.00028528693994843,0.00293521449232962,4.88815922566426e-22,4.13038669679838e-18,1.60127888707231e-30,0.000740833237804581,0.00584171878140218,0.990196946548515,8
"19863",1.15065970416958e-13,0.00932158755734185,6.35798306711001e-70,1.03254580245097e-54,1.0146480234848e-10,9.00855336351051e-18,2.45053944851595e-43,0.990678412341078,8
"19865",2.64332778509839e-05,0.00140060668235951,0.00761574398227788,1.36745896581277e-19,0.990957028733712,1.22272972441036e-10,1.87170450168972e-07,3.10761690928596e-11,5
"19867",0.0298752368070013,0.0204109549186362,1.97717326651971e-13,1.65502255817526e-10,3.02792678795487e-65,0.0423527817219099,0.886253353332923,0.0211076730538295,7
"19869",1.63958786764511e-09,0.0114520132718231,9.90591510704365e-51,1.79181963894071e-36,8.34005092340039e-19,1.61340064423513e-12,7.31459419791122e-16,0.988547985086975,8
"19871",0.123111228899359,8.7725448477275e-05,0.662400784561277,0.000189782017771455,5.87057920084906e-07,0.00114301841741042,0.213066873582766,1.50181417108943e-11,3
"19874",4.2196383570433e-05,0.000117546895141812,0.998450793581138,6.6327620985958e-18,2.66635493163015e-09,0.000769214340213118,0.000620246133448427,1.33490237380924e-13,3
"19876",1.13507437698744e-06,7.71324037955642e-05,0.998743597274986,4.55100381711223e-21,3.69302912435175e-10,3.39061068366623e-09,0.00117811751719556,1.39697319716494e-08,3
"19878",0.124479461859021,0.00402895125691667,1.10865100462667e-49,2.70423901264275e-09,9.04633128662895e-49,0.871491584179818,1.08779336828361e-35,5.51327677816942e-15,6
"19880",3.20345063115253e-09,0.000177252601637736,4.55210012321125e-08,6.15758269898425e-31,0.999822604923693,4.31861365102587e-15,3.268419780759e-08,6.10660151387658e-08,5
"19882",0.000272854860847641,0.752813330856505,5.73371835512036e-22,5.06101374321248e-24,1.42089290956182e-32,7.33283654132716e-06,0.0097195702492558,0.237186911196851,2
"19885",0.39799943949188,3.01343669487541e-05,0.487402497032119,0.0270398196550482,7.63279531516493e-18,0.00690249880218865,0.0806249127955693,6.97856245879119e-07,3
"19907",0.00969769665622194,0.317784924858849,5.73181970264979e-17,1.09343350373427e-15,3.88435987377036e-52,0.0010394407679565,0.0205717623198171,0.650906175397154,8
"19909",0.0725384585764957,0.000782729753080865,2.26554507137552e-21,0.92667873198475,8.87062967782118e-43,7.75835410489435e-08,2.32194418813449e-19,2.10213203402823e-09,4
"19911",0.970102198021358,0.0013688835251469,9.70104411091579e-25,0.0285287861343882,9.69294737715823e-13,1.32318130539665e-07,1.59568234587644e-22,6.86376888408256e-15,1
"19913",4.8223187878008e-10,0.000151817321142619,1.96139480804893e-16,7.69240141195126e-32,0.999848182196625,2.29845813811178e-17,1.32162979000384e-24,7.35116429750292e-19,5
"19915",0.000292446358751404,0.000763133735155514,0.175221759077249,3.12162094514389e-15,0.0940893785207746,2.90444866309168e-05,0.729604236573014,1.24842112908459e-09,7
"19917",0.00324719918168505,7.69817411110416e-05,0.000192612564285461,4.67716256478873e-13,0.996475092828705,7.64572345408039e-06,4.62930543612516e-07,5.02974736379489e-09,5
"19919",0.00511924506225377,3.05382757669645e-06,0.847361390747268,1.59114443661518e-08,0.000203058381199677,0.00471120384125148,0.142602032090242,1.38764217657519e-10,3
"19921",0.00283214339425028,2.09616349267416e-05,3.99524426052669e-08,1.13033257598358e-09,9.80658715468433e-36,0.000751782121427278,0.996217183213855,0.00017788855276542,7
"19923",0.122534949424384,9.65391738671441e-05,6.51100243546153e-40,2.44304183459126e-08,3.29562758463387e-68,0.877368486952251,5.28018588671499e-16,1.90793685140598e-11,6
"19925",0.000329365510507365,0.000399837288929948,0.0551010105183688,1.76899717358173e-15,0.941472253172715,3.87511691044994e-06,0.002693658322869,6.96972536438823e-11,5
"19927",0.00204762073159276,5.87480246577269e-05,0.988170942325531,5.400678489717e-09,1.13255506803083e-29,0.000785187609786067,0.008937477090567,1.8817186480027e-08,3
"19929",4.74788692803726e-11,0.452606748963133,9.61461167994804e-32,2.01800989624155e-47,0.0030568866137697,2.61949007527467e-21,3.70515446454394e-21,0.544336364375619,8
"19931",0.0652383092940519,0.000110023388793327,0.922584541160157,2.791321222973e-05,3.01313009514927e-35,0.0120294009127041,9.81203198079511e-06,8.29725969048662e-14,3
"19933",0.296351248427563,0.00431317136630031,0.000224519524967719,0.699033055407776,3.37375748511483e-30,7.80044555769454e-05,8.17816445810396e-10,4.32846207594854e-18,4
"19935",0.975518932448444,0.0206021464084675,1.09706526312497e-10,0.00379823883712575,2.32143344498641e-30,1.39200026765228e-05,6.49090354057986e-05,1.85315817393491e-06,1
"19937",0.00193419423143554,9.87936532981623e-05,0.000284818167701025,2.93177248898769e-08,1.98430231949255e-45,0.00389785400009829,0.993784310615961,1.378076024863e-11,7
"19939",0.47084826698026,0.00292961187268863,0.00685389330752272,2.79965311772619e-08,1.86276919507035e-26,0.518458972346209,0.000909227494176782,2.61272638714887e-12,6
"19941",0.993913799424021,0.00586619810371501,2.22615550025384e-26,0.000219998967523721,3.43737122541231e-09,3.43899708583318e-12,3.69582745298715e-35,6.39302193247868e-11,1
"19943",4.27582156694848e-06,0.0107843271167777,0.00538248442016806,3.24636799811093e-22,0.983828893257738,1.16401350724936e-08,7.74361439482209e-09,3.61319273658683e-18,5
"19945",0.0912346169271143,1.25038903363184e-06,5.46061724902639e-07,0.897757143240702,2.63175652678044e-31,0.0110064412481563,2.13326816127117e-09,3.65478145612137e-16,4
"19947",0.326736966147401,0.673262792892494,2.35029078678486e-43,7.84417929611984e-14,1.54950114085943e-07,4.1423919868744e-12,5.57352881993121e-33,8.6005769640125e-08,2
"19949",0.514234562493497,0.000625711021055522,2.1103448720245e-14,0.000595178428574591,1.95286125028987e-77,0.484544543030114,5.02673839553139e-09,6.31996482558856e-18,1
"19951",0.887249400687461,0.00584377399217207,5.63110222787109e-05,8.1471277686289e-09,0.0516333616709213,0.0551778992480735,3.92274425584875e-05,1.77894071921918e-08,1
"19953",4.43339605644794e-05,0.420221142491543,1.87475730918471e-86,0.000920150571853757,2.00058019073631e-107,0.578814372976039,9.20530468348715e-46,1.74726615608593e-43,6
"19955",0.352555606937606,3.06794463563171e-08,5.44933849368367e-50,0.00110541587123725,2.56737417919939e-67,0.646338946511711,3.14241700919469e-27,6.3224613008793e-17,6
"19957",0.115536932025528,0.0525257326923092,6.92864726403173e-21,1.16318016871487e-10,3.95763831133231e-05,0.831897694597381,6.41852159906835e-08,1.34465075142677e-13,6
"19960",0.985420493218729,0.014451368191839,2.45469082609412e-40,0.000128137763071899,1.58075343964758e-28,8.2635847151918e-10,4.34956386252752e-35,2.04303925790239e-15,1
"19963",2.34133334657298e-13,0.99999998735519,4.24874757202056e-95,4.4197235831791e-36,4.96222714222009e-28,1.26445760179013e-08,1.78850617317356e-68,6.92220425884502e-40,2
"19965",0.961046356031173,6.21971077789829e-05,4.04604348154779e-73,0.0101410735508197,1.81992514219424e-65,0.0287503733096919,9.4502781325514e-56,5.3651784971754e-13,1
"19968",0.00137972068884951,0.854906064743426,2.6345683353184e-16,1.34205531326981e-17,0.00395121497269583,2.81153904172833e-17,1.83597537346534e-17,0.139762999595028,2
"19971",1.44156242809956e-08,0.999999984884954,3.06702662152509e-68,9.10611179507213e-27,4.85043346670366e-10,2.14378174173213e-10,1.44074105331611e-75,4.6939430454739e-38,2
"19973",0.0125714950417748,4.68912961061413e-05,0.813415830999326,3.64425576822345e-08,2.59990658858548e-09,4.47634152781783e-05,0.173899557533894,2.14226711560887e-05,3
"19975",0.00199027867003045,0.0016082662551052,0.0177705424177247,2.20949503334632e-14,0.977229078197895,5.02408727974697e-07,0.000316544749880312,0.00108478730061388,5
"19977",3.66483367782122e-06,0.998152378315591,1.23074362392747e-68,7.46250082358319e-34,4.52700128189639e-06,0.00183942974541088,1.31081160322624e-55,1.0403779538429e-10,2
"19979",0.0830029081086648,0.00205286982793884,5.11540485993928e-48,0.914937137281574,1.23319803505087e-40,7.08478182253543e-06,1.91035166697991e-68,2.2678152545194e-36,4
"19981",0.645423732776583,2.75060509681983e-05,0.00536260288385621,0.167247022469189,8.37199179502352e-23,0.00491058003509525,0.176982266981512,4.62888027963104e-05,1
"19983",0.871481715514108,1.7446626353187e-05,3.02035666405238e-13,0.000188628867639124,1.36272057111025e-34,0.0974842229385241,0.0307665895705461,6.13964825280116e-05,1
"19985",3.95401321699967e-05,0.00018719114041291,0.818407600050948,2.96597430695557e-19,0.0154318826639808,4.40158717861252e-06,0.165929242126453,1.42298856451483e-07,3
"19987",0.949630566141366,0.0136355310165555,0.0333597136060772,0.000875484823020587,3.55834946725869e-11,0.000189759972554363,0.00230894259849963,1.80634357426605e-09,1
"19989",0.00940276567604306,0.00168832132315592,1.03573927695115e-43,0.986613337503784,3.92327274929574e-99,0.00229557549701734,4.37009520960922e-47,5.57180852119375e-38,4
"19993",0.840998080625513,0.00369183184335857,1.26902479571136e-08,0.0049076323048457,8.07583632869091e-18,0.150402442535943,9.27836072894744e-14,1.05324862330246e-17,1
"19995",0.909645587596106,0.0069143135665688,3.6281215917708e-14,0.0834148910615929,3.71920480753818e-21,2.52077703019539e-05,5.38526985587106e-12,8.39318423942965e-15,1
"19997",0.00144006281690474,6.94944943448652e-06,0.979390944307237,2.29512199900212e-11,8.70415564830793e-15,0.000914926191174001,0.0182468522425992,2.64969690205533e-07,3
"19999",0.000116345387550633,0.00152551593589288,2.17459491993487e-09,3.21956599016565e-19,0.150938066436908,4.03378244240517e-06,0.787083168935469,0.0603328673471422,7
"20002",1.39035044427482e-09,0.999998156029844,1.88812349345612e-70,1.80609167195622e-41,1.28594865116037e-18,3.74379658757081e-20,6.11954453703994e-62,1.84257980552316e-06,2
"20004",0.910936857826665,0.0535350039061707,1.0695739904176e-12,0.0355281369168653,3.03198624233931e-29,4.37300277939885e-11,1.35979327594115e-14,1.30548563123845e-09,1
"20006",0.993959224422005,0.00602077021406918,4.79512410978679e-83,8.89446740437674e-10,6.33450259567351e-28,2.00044386009811e-05,7.22237244222002e-50,3.58781134929669e-11,1
"20008",0.950558554277298,0.00316073645804561,2.80341517513765e-51,3.11314260800648e-08,4.32006567087117e-47,0.0462806781332303,8.91126945068632e-41,8.39495896098532e-19,1
"20010",0.16347815390523,3.49598509034474e-06,1.22474501771214e-19,0.780409772820503,2.47871833133401e-51,0.0561085772891706,5.52333637002805e-15,5.17997690514583e-24,4
"20012",0.00118280334014506,0.996751242520462,1.43807051300525e-10,2.19274697929239e-22,0.000953215050980558,3.45524694799219e-09,3.81478546647895e-08,0.0011126973415034,2
"20015",0.0469283081767176,0.00405054008254756,4.72705786168148e-49,0.949015383193771,1.57180449533547e-63,5.76854696415008e-06,2.88459898678342e-49,2.93675699514814e-17,4
"20017",0.000265386005038765,0.000236115215413152,0.0018936410734725,3.72850598569667e-15,1.51280228117773e-09,1.5457806792154e-07,0.99719407202612,0.000410629589081711,7
"20019",0.0869620187957041,0.00464569439521823,6.03228001079877e-86,0.906918693446286,2.8622825849244e-76,0.00147359336279185,8.38906196166842e-91,1.21863864204365e-44,4
"20022",0.105572438863045,2.82117002946022e-06,1.44375660553134e-16,0.866000130152111,3.95058960249672e-43,0.0284246098148041,9.76723862734471e-15,4.2413847836793e-19,4
"20024",8.56159445315756e-06,0.999189314285688,3.01188822247082e-133,2.61969502176055e-09,1.7636484133481e-141,0.000802121500163162,2.21868259323535e-91,1.65616051079807e-49,2
"20026",8.56159445315756e-06,0.999189314285688,3.01188822247082e-133,2.61969502176055e-09,1.7636484133481e-141,0.000802121500163162,2.21868259323535e-91,1.65616051079807e-49,2
"20028",0.00011135600696194,0.000924176722709757,0.304106087582876,2.82799859685512e-17,2.27560621274823e-07,4.18507716569427e-06,0.694848701149706,5.26589995927291e-06,7
"20030",0.941084191171892,0.0336338931754378,4.34347860910374e-33,0.0252819133870829,1.27727710463099e-28,2.26558395232221e-09,7.54090505967262e-48,3.52189863562052e-15,1
"20033",0.0551700022855796,0.00127579179276502,0.932517741161327,8.14736803185662e-07,0.00912911512547249,1.0365711152553e-05,0.00189600946128345,1.59725616118041e-07,3
"20035",0.203879539758834,0.143876792465432,1.46792189080647e-81,0.651110011508531,2.39027043356563e-92,0.00113365626720317,3.99917550459679e-84,7.69070539255771e-46,4
"20037",0.0682045209927283,0.000674829254125203,1.06495634386961e-85,0.927891035812798,1.02684668391031e-88,0.00322961394034872,4.03608027443918e-81,6.49733744706783e-30,4
"20039",8.29269333111066e-17,0.875032018052307,2.41908696528768e-173,4.37903118648995e-17,1.46758060452208e-208,0.124967981947693,2.89027631481244e-101,2.14017878412289e-79,2
"20041",0.677355942480486,1.61570427652017e-05,3.36023845828276e-39,5.37961367990198e-06,4.5427864219699e-32,0.322622520863065,8.72707528826187e-16,3.46923029749461e-15,1
"20044",0.933855411796592,0.0450590474538823,3.92748832284892e-42,2.69405700494504e-07,4.07736703027286e-27,0.0210852713438252,1.45778529299915e-21,2.43747365321363e-19,1
"20047",0.23140970202338,0.0331897697408413,7.05559682746194e-91,0.733843951161987,1.20425448591372e-59,0.00155657707379157,8.37414056062363e-105,3.80434186500097e-50,4
"20050",0.0139755025415109,0.0068580127787373,3.21588161251405e-34,0.00296192554946088,1.02022508515834e-51,0.976204559130291,3.59479195650878e-29,1.65042543981315e-44,6
"20052",0.560801642050375,5.92302584266047e-06,0.257614828954605,0.0169147514752062,1.6558740004811e-05,0.137440375450036,0.0272059203033914,5.38290145515289e-13,1
"20054",0.154226475136936,0.000463184971685099,2.18633758151422e-25,0.845308867118748,8.12627789456369e-35,1.47217292875105e-06,1.63128384964471e-26,5.99702200913432e-10,4
"20056",0.0198683712910276,0.895102824534422,2.1204859572121e-08,1.43999978461775e-14,0.0850287829621841,7.49224193918109e-12,1.17398692106777e-18,2.49225187266395e-16,2
"20058",0.0317997486112713,0.00109603810441601,5.8126211005509e-51,0.963361518840449,4.22644337834942e-110,0.0037426944438638,2.83818044477424e-47,1.45515697908606e-29,4
"20060",0.216516835922266,0.0405850247472944,0.0172527064837179,2.63634656317077e-08,3.40047510835496e-34,0.00145891436994137,0.724186290711286,2.01402028510114e-07,7
"20062",0.83306516576127,4.13781042066155e-05,8.55086145238531e-05,0.00113915483440938,4.38470247260936e-23,0.0915195028319559,0.0741470465768465,2.24327678776132e-06,1
"20064",0.031317742683808,2.98875862335756e-05,3.59592647118011e-06,0.968587423636438,1.26350492871394e-15,6.13501661896202e-05,8.14924549872359e-13,4.3183817724054e-14,4
"20066",0.666768331069811,0.166667736954668,3.00678287595617e-56,0.166563931975101,2.17033886863791e-40,4.20618441752758e-13,9.41788434650055e-76,4.33470434394488e-24,1
"20068",0.0036461799786985,0.000105694871343879,4.38624074748032e-08,2.20993516032488e-12,2.37184758854635e-32,0.00275461620395515,0.991129128162777,0.00236433691860779,7
"20070",0.00474233268593961,5.71572402954318e-05,7.56651895506548e-08,4.28010016805816e-10,1.08175735335933e-47,0.10979217805292,0.885408255683151,2.4449448904934e-10,7
"20072",0.928431867238655,0.0489783143487214,3.49614892187161e-62,0.0225311706273509,4.0585540877074e-85,5.86053153597573e-05,5.71121505973502e-47,4.24699132120015e-08,1
"20074",4.54130866087377e-12,0.00213028207392135,6.78760282578643e-26,2.80864787493606e-45,0.997868829609292,2.68724307941484e-17,1.44154453421453e-23,8.88312245237254e-07,5
"20076",0.586094730397055,0.171755828453517,7.92673078428651e-15,1.0957823555159e-09,0.0198651151333311,1.39631909238624e-11,1.91910508427058e-10,0.222284324714434,1
"20078",0.131170567546508,1.9236251201831e-06,1.58355504138662e-15,0.864134598600253,4.87250839655878e-26,0.00469291022811522,1.60550696067769e-15,1.87679925475791e-17,4
"20080",0.00694419606570987,0.000250741753579244,1.00264929638185e-53,0.992358375457669,1.96469724875477e-55,0.000446686723041884,1.43271625119376e-66,6.91539901997792e-41,4
"20082",2.67486224508669e-10,0.114924173522298,6.47879211784662e-85,1.54238988936761e-06,2.53468387517306e-113,0.885074283820326,4.03455232785218e-61,3.36256622222814e-73,6
"20084",0.893147991998341,0.000192882773746677,2.90395546188215e-22,0.102316854101563,7.48131989817220e-10,0.00434227037821702,7.73823247684363e-28,9.35620686396668e-24,1
"20087",0.283165740020817,3.26824858724952e-06,7.38982577554461e-24,0.672524351742185,4.30948211251477e-60,0.0443066398763652,4.6324559418801e-15,1.12040870874546e-10,4
"20090",0.0216585999669129,0.000688244898817112,1.1153782248271e-55,0.929360945606855,1.27572099465115e-63,0.0482922095274151,5.64262118683911e-60,3.06621076901958e-45,4
"20092",4.98969616268721e-06,0.00123222026840701,8.78335170810753e-82,3.32159800022405e-09,9.20926590454455e-123,0.998762786713832,2.99029128381424e-22,3.95964434196329e-22,6
"20096",0.0008382354933282,1.72646884851979e-05,2.92058085509753e-37,1.073513316113e-07,8.12985950174883e-32,0.999144392466601,2.54203399664872e-13,1.25134954076875e-25,6
"20098",0.00239033054602439,0.000251436935289852,0.996891015095005,1.4024258469867e-09,6.20072869405849e-05,1.82510661145353e-05,0.000386957660405605,7.79433567716314e-12,3
"20101",0.230342664145709,0.00052953287579367,7.47063760463013e-31,0.768719314454187,9.64940424616854e-19,0.000408488524309536,2.88612403764842e-49,2.11427575674718e-31,4
"20104",4.02864651521945e-13,0.603866775268555,6.29965933802376e-84,1.66966816526636e-30,8.56572917847402e-75,0.396133224731039,9.43274395856344e-20,3.27074022725073e-15,2
"20106",0.0149802223651693,8.05681262562324e-05,3.76327424256488e-19,0.984758033583146,3.00845504448638e-21,0.000181175925428865,2.23272792670279e-29,2.14578001785028e-22,4
"20108",0.0162771957219851,0.000467005246120231,0.979277042101087,4.98730051328819e-08,2.47006114824715e-14,5.18290494130592e-07,0.00397656007429824,1.62869298564407e-06,3
"20110",0.005366799996702,0.00387816632088748,4.55983455562843e-27,1.47745688806796e-09,4.22175565218042e-15,0.9907550322049,4.89314533710092e-14,9.14988423101665e-28,6
"20112",0.52304953697145,0.00071377711159329,1.59849807010246e-19,0.273436979680404,4.03798607642109e-44,0.202799706236553,5.79651539565357e-26,1.22548826489124e-29,1
"20114",0.879172192361001,0.0133562355116045,2.09214819301764e-15,0.107470535604163,2.55283832561916e-07,7.81239396767091e-07,2.02856013432644e-20,1.12710655461919e-17,1
"20116",0.802351302089935,0.00074676419462134,5.72766640249951e-13,0.196901270205055,3.17361607323861e-07,3.32458467517537e-07,3.29742404814262e-23,1.36897399550942e-08,1
"20118",0.192592566035941,1.77148046903544e-05,0.629739527556337,0.175279688466317,2.4530024518303e-06,0.00206453907058021,0.000303511062106754,1.57560833134573e-12,3
"20120",0.690010703356141,0.110575846508375,1.82362344066017e-23,0.136754735515607,8.56308198064905e-23,0.0626587146198763,9.96743585052006e-32,4.12761373274886e-35,1
"20122",1.77039389497087e-05,0.000235378413149977,1.4267135045805e-07,1.21080920124171e-19,0.999746456631926,7.05998941118947e-12,1.69695842458038e-09,3.1664060558142e-07,5
"20124",0.40723134082271,3.01771499218248e-05,3.98912762482212e-80,0.431449109737168,2.58029630468642e-68,0.1612893722902,1.2771455990331e-63,9.55835780536473e-24,4
"20126",2.53590152441539e-10,0.989932896624129,2.6569854374562e-177,1.12887708966427e-14,3.51001569077144e-106,0.0100671031222696,2.35497592527966e-93,8.50304029614636e-55,2
"20128",4.56559003559194e-06,0.970774530440533,2.0655118698996e-193,1.57406234142896e-06,2.91593717846673e-122,0.0292193299070896,1.44437086715444e-148,6.42386564722331e-67,2
"20141",5.593024716786e-09,0.97937403531163,1.10059254734772e-29,1.13476998389124e-18,1.81296203650798e-39,0.0206247829021231,1.17619322218074e-06,1.5019958524969e-25,2
"20143",2.25008711293988e-08,0.994535009466879,4.02089063208005e-38,7.42863859197784e-38,0.00545767152322652,4.52722245309742e-17,1.95538954138558e-35,7.29650902291816e-06,2
"20145",0.0396854029344979,0.000157409719430032,2.67919120454033e-12,0.952617006068197,2.32663676292052e-39,0.00754018127519553,2.44928266309547e-16,4.91604842824766e-28,4
"20147",0.0120606421444285,1.97985157818188e-06,2.16009558204838e-13,0.986927558920278,3.87386027020334e-29,0.00100981908349965,4.78163282067111e-18,3.91959855022271e-19,4
"20149",1.08386506834941e-06,0.000544573416127867,4.9896153084327e-08,9.59906604771641e-24,0.999454249137313,2.65927523040145e-12,4.36809033540324e-08,1.7749970240981e-12,5
"20151",0.00404444500463372,9.9987773997244e-05,0.989936271961769,2.45464531152181e-09,1.35428346874499e-06,9.38556016325114e-06,0.00590855223870201,7.22620767522022e-10,3
"20153",0.0164092674857366,0.634414049769348,2.10015575572369e-09,4.57934741414972e-10,0.00027336577576094,0.34890322482647,8.95845934864958e-08,7.8276196507166e-25,2
"20155",0.0873280586258406,1.85887448616192e-06,1.09745463882834e-36,0.883282306689042,1.01498142859445e-38,0.0293877758106312,6.64304114302854e-34,8.8751362809267e-19,4
"20157",0.00378103221969113,0.0825767599871784,0.904358884989052,8.19810537641453e-14,5.92105756274593e-08,2.04587762620546e-06,0.00928121770247438,1.33206334155635e-11,3
"20160",1.75947347245358e-10,6.90196085773163e-05,1.49601047101509e-14,1.01163645216682e-32,0.999930980215459,1.97585987438725e-18,1.28699947772436e-20,1.48421298295167e-15,5
"20162",5.02870816170492e-08,0.000340917852456666,0.00189594103543431,6.93076375411034e-27,0.997743274092937,6.64149367115342e-13,1.98153076437612e-05,1.42378285490944e-09,5
"20164",0.112999757128052,0.495770305822063,4.20521185113409e-09,1.03223591682042e-13,0.391193958320002,3.58676171597352e-05,1.06906573770508e-07,8.34439693668034e-13,2
"20166",0.663456074344192,0.336433250892386,1.22384617061514e-55,0.000110674763343422,7.56408470025065e-24,1.14317839644485e-18,1.66085602633764e-63,7.87536187268114e-14,1
"20168",2.4783076894467e-05,0.956386586158274,1.54044505436053e-78,1.04824875449619e-28,9.14792107234025e-38,2.21213513359156e-14,2.73070739020891e-62,0.0435886307648098,2
"20170",0.00223961998299295,0.00021124788784187,2.56180332673117e-07,2.80298971120674e-10,0.944830684696307,0.000282452143080502,0.0524357379390362,8.9011012292418e-10,5
"20172",0.0333572215765968,6.01366978830872e-05,1.83838652564628e-20,0.956857858990065,1.54786433292561e-67,0.00972478273545467,5.91720906859672e-17,1.23163153740857e-20,4
"20174",3.71200327264435e-06,0.00923972263933606,0.000264666964211123,2.45647218419448e-24,1.78093317901385e-07,2.90824581081435e-11,0.979502691523077,0.0109890287477026,7
"20176",0.000951264206766744,0.336897213436729,1.42392294620345e-64,2.92777291898754e-23,3.2622479444772e-38,2.46819994962161e-10,1.13357788425201e-46,0.662151522109684,8
"20178",7.63430214016932e-11,0.000172929670235159,7.1876101921894e-16,9.52736341020623e-34,0.999827070253421,2.67801910806844e-18,3.75580554940468e-23,5.00033651145087e-19,5
"20181",0.921905088625075,0.0531079390542114,6.54329391378958e-30,0.0249869723018014,1.25912816582085e-11,6.32121864276403e-12,2.33919098787609e-52,2.64621453595064e-17,1
"20183",0.0229605819656704,0.000476074400929722,4.15866892851239e-10,3.99034137187611e-05,1.82565272109994e-47,0.0139526018970576,0.962570837881852,2.49044489831157e-11,7
"20186",0.0553994317038761,0.0731033585029592,9.64793942330974e-27,9.56663214700587e-06,4.64033843364623e-110,0.869731740376804,0.00175537452252454,5.28261688766922e-07,6
"20188",3.34552610320636e-09,0.000412667376919869,5.65875002975726e-12,4.92131076870374e-31,0.999587329270168,7.42246909431421e-14,9.1950821490399e-16,1.65223180685382e-12,5
"20190",0.0157528581250982,0.00177615188594605,2.39808942042297e-38,0.982470954482265,7.18705562651982e-47,3.550669111301e-08,2.77799857782175e-50,1.40954148187789e-24,4
"20193",0.000236659190336955,0.999763080573939,3.69225963727642e-47,3.08133209617756e-29,6.48103572541228e-08,6.74518882806229e-16,3.07726036218185e-56,1.95425365951182e-07,2
"20195",0.809007989915651,0.0283356669410846,0.0158845768832923,1.92968124744079e-08,0.145135493183124,0.00163597831136086,2.75313118227987e-07,1.5555709506458e-10,1
"20197",0.0214973264327683,2.1836678674061e-07,1.65057020713684e-22,0.959642068031601,4.24744200961756e-47,0.0188603871688444,2.79519442637887e-23,7.29867279401483e-17,4
"20199",1.00222094352497e-05,0.000527172912911709,3.73343987374026e-10,5.72602334062174e-20,0.999252948005465,4.7943417858911e-05,0.000161912925879717,1.55105106002222e-10,5
"20205",3.90275018318538e-12,0.0354157725053011,8.33661070549398e-98,9.31872732487929e-12,1.0761989760801e-129,0.964584227481477,3.54124296376371e-52,2.1266722533217e-65,6
"20208",0.544821003924973,0.00378073976678354,0.42213176515908,2.85456920058778e-06,2.00714372524914e-08,0.0277386876682174,0.00152331416092207,1.61467938544955e-06,1
"20210",4.89403673158496e-07,0.000261215377925802,0.00574477574329252,6.59443821497598e-23,0.993926629556133,1.15133695498149e-10,6.68894593489194e-05,3.44493234278055e-10,5
"20212",0.00516330458928979,0.00488033612396755,0.982230029386036,4.57797021467879e-13,0.00745990420416252,0.000263835592566336,2.59008245254379e-06,2.10679451422999e-11,3
"20216",0.74291814963586,0.0123753024562562,7.70441214816828e-21,0.244705807628984,2.05420704586868e-26,7.40278899568214e-07,1.53574247931773e-26,1.21811273634278e-17,1
"20219",0.0273621693087477,0.000184569715197406,3.23957046466989e-32,0.436050562808394,3.5761128357667e-43,0.536402698167661,6.678231916994e-26,2.39108160561158e-40,6
"20223",0.49493931364213,0.505020731923285,6.47974190420958e-142,4.01756563564368e-06,1.02191929079476e-114,3.59368689494473e-05,2.49586631162947e-111,2.45041422303627e-17,2
"20226",0.335825948923203,0.000138340849951297,2.81535217908287e-15,1.57887358859583e-05,1.85747335701025e-22,0.664019921066609,4.24344901818321e-10,2.77068974397792e-15,6
"20230",0.0408098166803651,0.00508843088406341,3.57968989786236e-48,0.954101044324868,1.92773238152078e-64,7.08110703799501e-07,1.00040962269433e-61,2.86214471158726e-29,4
"20233",1.06571116066694e-20,0.419865228359391,1.18022742415517e-127,1.20593764763067e-34,1.52468482778349e-89,0.580134771640609,1.34116344003181e-42,1.13285211197915e-50,6
"20235",0.184109090518093,0.000219304834979661,7.24445518609329e-110,3.49779734318645e-05,1.24235252758883e-103,0.815636626673496,8.01286125769015e-71,2.2366414976602e-19,6
"20239",0.641322024035145,5.31764559433823e-06,2.64664043747986e-53,0.00190863320514384,1.79224039091719e-61,0.356762873097423,1.54722741454665e-30,1.1520166934544e-06,1
"20254",1.910429081864e-09,0.258870517689168,6.34359763796847e-118,1.56962672887535e-05,2.69685374677489e-108,0.741113784133115,8.25452041660973e-80,7.12213334025294e-77,6
"20256",0.0478655379789696,4.26750517232407e-06,4.13614152905146e-45,0.943811940895095,4.26034019753496e-74,0.00831825362076273,5.18834537992653e-35,5.65555452254868e-18,4
"20262",0.000633422404228388,0.000200329091708458,0.730142955465793,7.92788606033414e-12,0.218344750035466,1.37048188543455e-06,0.0506771716584288,8.54562215959415e-10,3
"20270",0.704755074848524,0.295244803887057,1.53918748057429e-26,1.16742421333739e-07,2.64919069329592e-28,4.51288047505284e-09,3.48719826754923e-40,9.11727006615026e-12,1
"20284",0.000246876017476509,0.178016436771601,9.71532483103225e-31,2.20457950586013e-08,1.86632511777434e-77,0.821736664821875,3.43252772259339e-10,9.32344663826249e-30,6
"20287",0.553198644723631,0.0039681878595688,6.42994926922673e-87,0.436437221046189,2.29405926231149e-94,0.00639594637061042,6.65726243719944e-88,2.4349151687117e-27,1
"20290",4.6701246492309e-08,0.549680171188647,3.30057703810951e-59,3.92748609182883e-11,1.4467466487766e-67,0.450319782070832,1.4721411204411e-35,4.21810101462442e-57,2
"20293",0.0487090851239747,3.7426138052738e-05,2.49463534482548e-18,0.94813207487602,4.03581276630084e-32,0.00312141386089124,1.05940105114641e-12,1.48841313143181e-15,4
"20296",0.242655168748475,0.0256290458093983,4.3906452475706e-05,6.20028744178503e-07,0.117850555704016,2.53372818664501e-08,0.000257846517072234,0.613562831402537,8
"20301",0.834379682592969,0.165431712364077,3.98166952578741e-92,0.000188229661129758,5.38639624333654e-41,3.7538182419671e-07,2.15679326086524e-121,1.81829233304886e-37,1
"20304",3.7064345797695e-10,0.197081767786147,3.00839079961316e-87,4.62042479008149e-06,8.17456896446123e-109,0.80291361141842,3.27429193685628e-51,3.26525458061677e-67,6
"20306",0.0878802201526798,0.00518713435136688,1.97678496443888e-64,0.900839060609708,1.44217088986164e-91,0.00609358488624532,1.40050122093921e-60,5.36464772543485e-32,4
"20309",0.498956123328807,0.000505399081416675,1.25272158243555e-10,0.20088281838753,1.4015041993939e-36,0.29965565907697,4.12353827805071e-15,8.42981530133737e-19,1
"20311",0.643821429256779,0.000781672145263787,6.79020655980829e-28,0.355367052825781,2.83547359546401e-25,2.98457721767099e-05,9.7298588006753e-29,8.16204063307033e-19,1
"20314",0.00429254659240012,1.62802849756586e-05,0.988072540673298,4.21738013671568e-06,7.95368618710423e-08,9.8390279732164e-05,0.00751594525178085,8.14879804335382e-13,3
"20318",2.90060561266813e-05,0.201781358641718,1.77746110931981e-26,1.55548547616477e-25,0.79818963524398,5.77169547605911e-20,7.53135057185229e-38,5.81748044994742e-11,5
"20320",0.12300294641462,0.701798512085228,1.66325035991825e-17,1.95848989793115e-11,1.69020912692168e-39,0.175192304229379,6.23725118899484e-06,3.86459158459911e-18,2
"20326",0.0155599255138367,9.68683003042972e-05,0.984032896800503,1.97434920789793e-05,7.66065468032944e-09,0.000201120849863647,8.94373827525768e-05,6.14677001096884e-15,3
"20328",0.169305707080132,0.131172142260378,9.2421597172372e-05,1.92365653801206e-07,2.04477122950874e-80,0.69251326198107,0.00691627471559464,5.53587183170529e-18,6
"20330",0.595759949929831,1.31441985157257e-05,5.39945669250256e-64,0.00543124719353583,8.60866375710299e-56,0.398795658678118,1.31812829669225e-40,3.15324580581269e-20,1
"20336",5.20583387169251e-06,0.0480888347437951,1.87069689044948e-41,8.67106467501378e-05,1.07152683513451e-96,0.951819248775494,8.8963394261528e-14,1.2910462820405e-40,6
"20338",3.91795742155658e-05,0.000130259482882053,2.23097584320521e-55,0.000101124929664162,3.89369627553789e-40,0.999729436013238,4.58866955271115e-34,5.18101660780889e-47,6
"20340",0.852466129867594,0.00255406114401454,6.04034409159407e-64,0.127832049376085,2.65985623652768e-78,0.0171477596123062,1.75865491159101e-65,2.03786956856857e-27,1
"20342",1.60156650724111e-12,0.992261021031467,3.20910791604636e-166,1.6489427615544e-34,8.56116083007059e-76,0.007738978966932,2.05638914644931e-97,2.00628407512847e-45,2
"20344",0.317799934428957,0.0135590683712758,3.53293044231426e-21,0.667769314391116,7.3691578430291e-74,0.000871682808650878,1.20733309472886e-27,2.9594053936175e-23,4
"20349",0.0273541839868204,0.00048144304564835,1.25546656284233e-46,0.97210617631325,9.99462081300643e-82,5.81966542814844e-05,1.13604409634243e-45,7.68699683435501e-23,4
"20351",0.983130797295741,0.00106623939050227,3.13688573773424e-23,0.00239313332223959,3.5788261362359e-31,0.0134098299915165,6.94360345439065e-16,2.31957153470206e-21,1
"20353",0.179513155760912,0.000277613544049546,3.28508270476517e-67,0.143272513212831,1.95554012080156e-64,0.676936717482208,6.28672472534651e-50,2.59974336538105e-31,6
"20357",4.38607717651506e-10,0.144733235755984,2.38514564097468e-122,2.02901208622912e-09,2.67350169264832e-158,0.855266761776396,1.63523980861943e-63,4.72017939888516e-64,6
"20360",1.16729151934017e-06,0.0016899738872597,3.83234816419098e-153,6.55981106819233e-22,1.61756477944102e-95,0.998308858821221,9.60489763525217e-84,2.27577382204316e-26,6
"20364",0.250434866424558,0.000341795865182597,8.17519132563912e-13,0.656591314367671,1.0051731627848e-46,0.0926320233417694,6.01978309996513e-16,4.84967748597717e-24,4
"20366",2.06133088756845e-09,0.448194770813028,1.21605660451501e-51,6.87727893205565e-12,1.15939236925517e-96,0.551805227118764,9.58238143082665e-20,2.95052319181916e-50,6
"20381",7.57140264512793e-07,0.445016034930143,9.51716942696935e-52,1.85517032894025e-35,3.05075056679691e-12,3.64297525613169e-07,2.29157181681938e-20,0.554982843629017,8
"20391",0.00442925230899058,0.0193260815529829,1.10808327233886e-100,1.36914773200504e-09,3.88791918424906e-124,0.976244599424078,4.81928917686788e-39,6.53448008070436e-08,6
"20394",0.0508851601080831,7.64664312411361e-06,2.97041199210121e-05,3.41724197377707e-09,1.40921403211495e-20,0.0886938740814316,0.857281899921331,0.00310171170886733,7
"20396",4.26895694536548e-08,0.00569927478256481,7.68330171232156e-25,2.51281780244707e-33,1.22435000534965e-08,4.48608372736131e-08,4.75267419308528e-06,0.994295872749335,8
"20409",0.988541544685306,0.00971796556313309,3.10331018887347e-06,0.00171342135052062,2.60257870800492e-13,2.39650905903506e-05,1.36530223590312e-15,9.11919035511798e-17,1
"20411",0.00505947719887134,3.75588236383532e-05,2.27074963230919e-55,0.807522395232849,3.33141705232392e-97,0.187380568744641,1.17382164776106e-35,3.3105719068473e-34,4
"20416",1.8803589434387e-08,0.483586449735562,2.97626176284563e-176,5.35362575148925e-06,3.99423419768671e-174,0.516408177835098,5.5778777278245e-120,1.3713589902743e-71,6
"20418",4.33309859918269e-09,0.00443083522204943,9.15777027642697e-24,2.68757874226556e-35,2.61781067258092e-05,1.3064070106207e-13,1.82573022515587e-06,0.99554115660777,8
"20420",2.99540287777636e-16,0.85110465135562,1.9124412835234e-89,3.06549105058976e-27,1.56114469438675e-78,0.14889534864438,3.67564994410614e-25,5.50839183780657e-43,2
"20422",0.865773948860767,0.0763982952584694,5.18546591278931e-35,0.0566084285992118,4.3779889526763e-38,0.00121932728155177,5.06501498365924e-46,2.58096207952145e-27,1
"20424",0.048971347190185,4.13375085802264e-05,2.74954980029211e-49,0.73174449745479,3.64324659017237e-88,0.219242817846445,2.95981180860327e-32,6.16684012213211e-33,4
"20426",5.16945074796987e-21,0.98207739722557,4.24357170983275e-132,4.27366356711794e-33,2.48281900811549e-71,0.0179226027744299,1.84018117047079e-78,2.80879093859871e-76,2
"20428",0.0954814481075166,1.05830455053938e-06,1.59105087860872e-21,0.900068966781874,1.22730936677356e-34,0.00438035950973669,1.67654849101828e-11,6.8167279556632e-05,4
"20431",0.184051588099453,0.0169044001172574,2.39670940182721e-08,8.20141530855329e-08,3.41926798156598e-13,0.799043905801662,3.90858712336497e-14,5.42828879088589e-20,6
"20433",0.98404148735695,0.0159371646950075,1.89539398262102e-117,2.05010178457404e-05,2.71907276269843e-64,8.46930196948923e-07,1.71177218604205e-111,1.66153999549143e-17,1
"20436",0.0486502074654585,0.797991746944538,1.72911238587168e-93,3.04392601117779e-15,5.89853494527351e-36,5.10823203126813e-15,1.89423787670357e-66,0.153358045589996,2
"20439",3.80855951277392e-06,0.00375360960392359,0.00110085959130105,1.37293462383789e-25,5.60735087683827e-10,1.63516326538654e-08,0.984320089945775,0.0108216153871193,7
"20441",7.43444879617317e-08,0.00574961945001346,1.31867372303101e-99,3.00558307612377e-10,3.92777833001336e-79,0.99425030590494,1.77966678412931e-49,4.91759516413362e-53,6
"20444",1.09449117591493e-09,0.000494874523938832,1.353157635242e-07,8.2666950783801e-32,0.999504989064233,1.5404874061223e-16,1.55266047482434e-12,2.08432033576558e-14,5
"20448",0.0120719320544814,0.987927508049776,2.09764423576718e-11,6.64239570507939e-10,4.35589402397784e-18,5.59210180665177e-07,3.46092033242939e-13,8.75262308596655e-17,2
"20536",0.000350050886157704,0.000590568383813268,4.61102679255974e-31,6.42627663897087e-16,9.97367650979818e-40,7.76246998909584e-05,1.37895777333028e-06,0.998980377072364,8
"20538",2.35504373505485e-05,0.108565195103955,3.37629450584387e-59,0.00193427627566502,1.14281565319487e-94,0.889476978183029,4.76552217834389e-23,7.09182561919811e-30,6
