"","V1","V2","V3","V4","V5","V6","V7","V8","V9","V10","result$classification"
"19811",0.000213724679661717,2.94484735304671e-07,1.91184441069372e-05,0.90796575369055,0.0707947263556784,0.000187213213445672,1.01492171972358e-05,1.54953745569459e-09,1.4591041491598e-10,0.0208090182191768,4
"19813",4.47643229274395e-08,7.32545875838185e-09,3.08135782497523e-09,6.93711033567838e-05,8.92221004547536e-08,3.70791170596452e-07,2.42515329564339e-08,1.18405015963008e-08,1.27554260592102e-12,0.999930077618923,10
"19815",0.00766928020391815,0.00012245489796479,6.08850093838828e-08,0.957021785419534,0.0307733768013689,0.0033713846513693,0.00102923106568609,1.77231571377536e-09,1.22188795286524e-05,2.05423305081509e-07,4
"19817",0.0025954802175931,4.24427154743087e-06,1.8333352100522e-05,0.530998086592343,0.460761322037318,0.00549483389347717,0.000124921460300083,3.1721435448628e-10,1.74556668825078e-07,2.60330143766233e-06,4
"19819",1.6592910120388e-05,0.245778764176081,7.59959240021605e-09,8.19487668819869e-07,4.05759783887307e-07,0.0467512850921373,6.03594078837803e-05,0.00478851921990962,0.702603246338624,8.19885715370073e-12,9
"19821",0.000199370241404549,5.24179946807189e-05,0.00204890815684758,0.338159576394942,0.642891301762286,0.00487660329486409,6.50994597472797e-07,1.44904193815091e-07,3.56468278414487e-09,0.0117710226915001,5
"19823",0.000138617013136497,8.23025657692816e-06,1.77729764065935e-06,0.188346139261159,0.0625610544488033,0.00141938578700911,0.746699236304511,6.03559010767555e-09,0.000825280348354474,2.73247219471634e-07,7
"19825",0.00210747184111539,0.00404106488388589,0.714449266083411,2.82750111245543e-05,0.00158041268129301,0.00400231944821365,2.06603364302416e-06,0.272833367208683,2.36962742357714e-05,0.000932060534394281,3
"19827",8.13096800103882e-06,1.20708471471565e-06,0.0116434512923309,0.00308409374983837,0.984065765219749,0.00114565106942505,5.11665379599133e-05,1.39852828050068e-08,4.95998177269171e-07,2.4094520394287e-08,5
"19829",0.000188888510791786,0.0465830193004565,0.00119616081830497,1.19327718480674e-05,0.000527949299294374,0.948440180092774,3.55114040614329e-08,0.00300301908360878,4.84649154194712e-05,3.4969609872319e-07,6
"19831",2.77354076757062e-05,0.101377524035654,1.52809899479128e-08,3.59400482389299e-05,9.34475841896975e-07,0.755059080523181,0.00277473782352554,0.0204740983194391,0.120249866628083,6.74573714069525e-08,6
"19833",0.00344439953237398,5.66353317437512e-07,1.49600483669156e-05,7.91205257475204e-08,1.32336895865301e-07,3.99089676287343e-07,0.89700060267454,0.000655079894548174,0.0988832358962457,5.45053509583075e-07,7
"19835",0.000199370241404549,5.24179946807189e-05,0.00204890815684758,0.338159576394942,0.642891301762286,0.00487660329486409,6.50994597472797e-07,1.44904193815091e-07,3.56468278414487e-09,0.0117710226915001,5
"19837",2.05411697390067e-05,9.01021966083779e-06,0.000900839819999579,0.0341441593146237,0.947947190669248,0.0169696884251884,8.00043495139855e-06,5.31575431921756e-09,1.02805328106463e-07,4.61825506470303e-07,5
"19839",0.000511547173890215,0.0261245787548423,0.00675749889168557,0.000118088217375348,0.000601604540623066,0.325945424380741,1.90245253387508e-07,0.639648677164318,2.06200654774159e-06,0.000290328624723094,8
"19841",7.64985564331702e-09,2.52796800920913e-08,0.99985838011192,7.81020384366037e-09,9.02366787864681e-05,4.29087529223677e-07,1.85524325306026e-10,4.57994177018972e-05,1.51207845849171e-10,5.11362759080824e-06,3
"19843",0.0010045611883095,0.490679035547657,1.4812448865303e-09,6.02797442211782e-05,1.17063010228867e-08,0.00978126396767926,2.16657113292581e-07,0.492371937364403,1.40892244635114e-05,0.00608860311860681,8
"19845",1.18760888491737e-05,3.96598746378068e-08,3.12355827045539e-07,0.203119307335429,0.00102060577862678,3.9926336349266e-06,9.27774568639969e-06,4.0161236739113e-10,4.3552816189345e-11,0.795834587956907,10
"19847",0.000951871536124742,0.0001093944643861,4.01319364499189e-08,0.990545721878616,0.00258414822688556,0.00507555394731366,9.97521945617557e-05,3.82030500462468e-08,2.39650978538424e-07,0.000633239766147439,4
"19849",6.488647307911e-09,6.3076189079141e-10,6.39009730722223e-09,0.000136414383432789,3.68116111281374e-07,2.84513490036634e-08,2.78443436869444e-08,9.72513934174345e-10,2.10431825416882e-13,0.999863146722532,10
"19851",0.000233344651074651,1.12510538385574e-06,2.6592375707143e-07,0.929687188238786,0.0694695465850076,0.000346522232161381,0.000257775369281212,3.81438426341668e-11,6.53265357475651e-08,4.16652986812245e-06,4
"19853",1.66467685814133e-05,4.5928304715907e-09,9.24556890565564e-06,0.823423343233194,0.0888701073853842,6.33842474519675e-06,0.0799204944349444,2.13732644615191e-11,3.41881383625082e-08,0.00775378538190241,4
"19855",7.43255112256365e-05,3.25523931988435e-08,0.000181660974802382,0.365227080226503,0.633016963754158,0.000343036145867653,0.000524640128255807,2.76318138847174e-11,7.18340757359958e-09,0.000632253495754785,5
"19857",0.00499983966594765,0.000213588630890245,0.00203589067357158,0.314573530822426,0.311743190698021,0.354207661532443,3.16483396155602e-06,9.01008015573284e-07,2.01476573113146e-08,0.0122222119870655,6
"19859",0.00184536302846844,1.71866118081724e-05,0.00073223424087841,0.153023603341982,0.784911848665539,0.0589536757848517,0.000510169801322564,3.33791982820701e-08,1.87658438812094e-06,4.00856156379579e-06,5
"19861",1.86268621625579e-05,1.77637912082966e-07,1.71577692176687e-07,0.967188582250999,0.00599586453215748,5.18156448271307e-05,3.135858795732e-05,2.9682780519813e-10,2.80062888267335e-10,0.0267134023294013,4
"19863",4.1048901592509e-08,1.58894577512344e-10,0.00667206939679505,1.62135486332758e-06,1.61228228294095e-05,1.38729626262935e-08,7.56053638776291e-09,7.71246014105698e-07,3.36690557433528e-13,0.993309352537866,10
"19865",4.33866141152221e-06,2.00835445607852e-08,0.914479524162524,1.40404817563232e-05,0.0854939626649737,7.59813399055418e-06,1.41016295810708e-08,2.77258481590169e-08,2.88727111467489e-10,4.73695594144839e-07,3
"19867",0.00021152629763529,1.21518446910311e-05,2.30986963144764e-09,0.998265642541531,0.000999207142965316,0.000142682437366277,2.79897988801357e-05,7.83409336512115e-10,2.15075483944065e-08,0.000340775336103741,4
"19869",6.84427827381473e-08,7.69105984542579e-10,2.34096785866358e-06,0.00609029155939819,0.00033655860908574,3.69476298284912e-07,2.38849073705146e-07,1.41517126667883e-10,4.44073147972098e-13,0.993570131184435,10
"19871",0.00040961436092685,2.63882374622652e-05,0.00160987785055213,0.0267534111750517,0.852295765274093,0.118829618969135,7.314253003527e-05,1.76629846270172e-08,1.89021773276812e-06,2.73722026726423e-07,5
"19874",0.000158685393213295,4.62370439309702e-08,0.0783918135357774,0.00245438372359357,0.918933077951574,4.38737285693283e-05,1.74486683690417e-05,4.76308331633013e-09,1.85018310048406e-08,6.47496945278237e-07,5
"19876",1.97503686286042e-06,3.77913963624488e-09,0.00883611248283783,0.0137754360565449,0.977315879155663,1.72476887817358e-05,2.21942965834249e-06,5.80296503635291e-11,7.78548917619294e-11,5.112623462727e-05,5
"19878",0.997328654297573,0.0019654874579669,9.87617499552071e-08,0.000625020287478512,1.23508127805288e-05,2.8343192566587e-05,7.43544581080967e-07,3.16437274458872e-05,6.97365756365985e-06,6.84260294361998e-07,1
"19880",4.61640747991804e-08,1.88663468004859e-10,0.945938201946314,7.61058798349375e-06,0.0540474635813064,5.21479534254139e-07,3.59729451716086e-08,1.39428719321493e-09,1.20589554180292e-11,6.11867283271354e-06,3
"19882",0.00144146960689926,3.57077628882668e-07,3.47092265135956e-05,0.815388740462845,0.0434310375859207,2.19818537644208e-05,8.95712591524025e-05,2.62944635177254e-09,1.54109363177423e-09,0.139592128756736,4
"19885",0.00595375925525638,0.000481280743417337,1.63453760893801e-05,0.535889916463914,0.290656644320266,0.166991692539854,6.70949995113449e-06,1.92329623201061e-08,3.62800067099634e-07,3.26976822227107e-06,4
"19907",0.000464034783935988,4.66294360056198e-06,4.30599400361307e-08,0.987928317915114,0.00301519898609574,5.43448942437698e-05,9.97911100163724e-06,5.51044777192505e-10,4.2264601663678e-09,0.00852341352856309,4
"19909",3.10852166079983e-06,0.0491113652913519,4.12131937571631e-08,0.000898510653189183,3.0038131692578e-05,0.949867108144966,1.34400892224702e-07,7.61202141603423e-05,2.85028930143893e-06,1.07231395920031e-05,6
"19911",5.96240014636053e-05,0.00745535882654746,0.000794019726864355,0.00011447416603877,0.00143274370045794,0.988285232732357,4.67291011655521e-06,0.0018193230904468,3.38392533501978e-05,7.1159235736465e-07,6
"19913",7.30218936688782e-09,2.75931372136264e-10,0.999635527107357,6.49344949988248e-09,0.000364167345764461,8.06898544261112e-08,3.47548740956998e-09,1.6971809014146e-07,1.17455011613717e-10,3.74744217808448e-08,3
"19915",2.06466494930255e-05,2.76352428668489e-08,0.00917752400315916,0.00357815304693308,0.987173549404769,4.26453168745963e-05,7.31958315866841e-06,1.76746050742675e-10,6.57552419183447e-09,1.27608099413488e-07,5
"19917",3.99604561150036e-05,2.98445690732565e-07,0.760472334863438,0.000169741465894768,0.238990311511792,0.000323945257180616,1.56726126977576e-06,8.5201060796953e-07,1.22692140411345e-08,9.76458797477678e-07,3
"19919",0.00140727199788547,1.34499728422185e-06,0.0041497290312284,0.0143911867557574,0.978334689524189,0.00168810589274709,2.73774288273979e-05,4.37831903364052e-09,1.76302309575303e-07,1.1369145244836e-07,5
"19921",0.000464164523038191,4.13329412736587e-06,2.43092798320061e-08,0.989564507022229,0.00943119257312451,0.000475216138976082,3.42669264746629e-05,1.14985514486025e-10,1.6463387834516e-08,2.64786343765735e-05,4
"19923",0.830033107927969,0.00121715856137092,1.83320585325806e-09,0.167429951263968,0.000107008491687731,0.000246801979508273,0.000887187138675485,6.53699445961111e-07,7.37997594068006e-05,4.32934476148941e-06,1
"19925",7.4276359227905e-05,6.37914899806826e-08,0.218286944666119,0.000596092952235544,0.780984216013632,5.57258197250065e-05,2.48939622567597e-06,7.16922318390996e-09,8.85132198992205e-09,1.74980799749463e-07,5
"19927",0.000110778977923354,1.15729716478023e-06,3.25069490655121e-06,0.750836562612424,0.246970322740114,0.00187136014253931,0.000196592845105595,7.42226253633319e-11,4.89164122735849e-08,9.92569918761338e-06,4
"19929",1.07469959036712e-08,2.22780912250984e-10,0.68602798563718,1.95484928702017e-06,0.000482448584522574,9.51329478524968e-08,9.82806450888287e-09,1.27269998723143e-06,5.61741464542785e-13,0.313486222297672,3
"19931",0.000622687900601687,3.79808799021153e-05,2.18390858462065e-05,0.426103671488739,0.562526392102371,0.0103886053726659,0.000296612959433218,6.48199643573699e-09,1.96741708253069e-06,2.3631136147584e-07,5
"19933",8.42218566002716e-05,0.0518934727840967,1.03255449035682e-05,0.0119580062615495,0.0244439469484798,0.911423638943566,8.65458358842256e-06,1.24202347166847e-05,0.000165285698086812,2.7144411837781e-08,6
"19935",0.00753115932270222,0.0151704766157956,5.18731177674979e-05,0.73658105649259,0.112343057035983,0.128026768065102,1.51529666527825e-06,1.11436544782786e-05,2.91771742566849e-07,0.000282658627173399,4
"19937",0.000953945124336876,1.30642798329006e-05,8.51499879437083e-08,0.947382075564879,0.0489405609917244,0.00150978370520351,0.00119757004970607,1.51633744306902e-10,2.52456262955933e-06,3.90420065946616e-07,4
"19939",0.313856507734339,5.05335042638778e-05,4.32399366796766e-05,0.346638285447793,0.337918984209266,0.00142651713560959,6.23172775339676e-05,3.09683888521191e-09,1.98887034846681e-06,1.62278732700517e-06,4
"19941",3.94718076082951e-06,0.0248453263365999,0.0111459843840766,9.76424960601318e-05,0.00202937060474045,0.815541255767685,5.16007275734511e-07,0.146290180985995,5.36356481879587e-06,4.04126719871516e-05,6
"19943",1.00774453060019e-06,2.81694360558506e-09,0.962104077526893,1.78258326828844e-06,0.0378898869997154,2.9993476796356e-06,2.04284331648715e-07,1.01168903164593e-08,3.0552011415816e-09,2.55245464721057e-08,3
"19945",0.00257221615750711,0.123596875996626,3.7023630223858e-07,0.0125562063689159,0.00177372974321252,0.858852568036313,3.45395695861739e-05,9.44529826981744e-05,0.000519028555707669,1.23531306965263e-08,6
"19947",0.000165053457592895,0.000836421635316119,0.460291853699952,0.00014435232062318,0.01068628436296,0.517075124538027,4.85978758776293e-06,0.00256678926979447,6.08776853308062e-06,0.00822317315961303,6
"19949",0.851247756517718,0.0251783403031102,1.03954936116709e-08,0.119664838910649,0.000670738098075955,0.00234527300040495,0.000173255403874792,1.87719060255737e-06,0.000717837895210134,7.2284861332383e-08,1
"19951",0.0441609023306814,2.50953296325601e-05,0.114474470786117,0.00801460945169264,0.832461865850627,0.000852455927682098,6.42262104845677e-06,2.03045002061034e-06,3.55270103182171e-07,1.79198239472134e-06,5
"19953",0.000819948117185313,0.0790048205035092,3.93095507215467e-10,0.000565858275959014,2.55649902052995e-06,0.0194686869048336,0.0400428338017132,0.00010113042489418,0.859994162471976,2.60781358529155e-09,9
"19955",0.32756917798209,0.159463249374403,9.86260549695605e-08,0.00152807371268947,1.2086425645022e-05,0.478215610667229,0.00153105810955785,0.0125107202898679,0.0191676608308766,2.26398158601946e-06,6
"19957",0.000223259522710712,3.84509293012403e-06,0.43732785836824,0.00146297636560158,0.485613086351425,0.0686911177393376,0.00663408793626388,3.29331818627526e-06,3.35143576939908e-05,6.96094761131032e-06,5
"19960",0.00587351820795797,0.229661044557812,4.08023073315555e-05,0.00010183956940988,0.00011322758398414,0.761728718103612,8.5061722955538e-08,0.00241607580175542,5.38933330031206e-05,1.07954734103174e-05,6
"19963",9.572369200002e-07,8.4583514665211e-07,0.938867389967616,9.94641251600151e-07,0.000928766728779757,3.24243643914067e-05,0.0484576470267633,0.0106649382622395,0.00104117521402461,4.86072286689371e-06,3
"19965",0.0973698727648089,0.861489886824195,3.93455075335867e-10,0.000257841801004533,1.12804357758593e-07,0.0287181184978166,6.33713350001009e-07,0.0119801318351008,0.000173614701252147,9.78666465890682e-06,2
"19968",1.28590105292467e-05,3.47177909918055e-05,0.700220059523615,0.00090328974329794,0.0385740492258567,0.00152198605936569,1.33330276976631e-09,0.000177740660676783,9.11330299126096e-11,0.258555296561231,3
"19971",1.2393442975644e-05,2.22031944010019e-06,0.99786957408412,3.12272984213518e-09,5.7542817897556e-05,1.57432536970555e-05,3.05402724974192e-06,0.00188069789439945,0.000158756075608672,1.49618818588317e-08,3
"19973",0.000245936905768504,2.44288195250998e-06,0.00013868943055832,0.272311573545073,0.72519683381597,0.00208757137919451,3.50198014200864e-06,6.95032877883649e-10,3.91142563277944e-09,1.34454548823116e-05,5
"19975",3.34839886439835e-05,2.94455443642733e-07,0.575281319139979,0.000564242423341532,0.423852669122496,0.000253706231675936,4.02062807200498e-08,1.2613792530373e-07,3.53316670360653e-10,1.41179408977468e-05,3
"19977",0.00043667242285306,2.80201405455452e-07,0.997013010812951,4.25728843993443e-06,0.00231133719122066,5.86014706014184e-06,1.12993716054146e-05,0.000198039224062916,4.64036202607755e-07,1.87793041983309e-05,3
"19979",1.18874361500873e-05,0.849821234067946,9.6732642537662e-08,2.88176817773894e-08,8.91880543824134e-08,0.0746814068238414,5.88772503766005e-09,0.0712383193508454,0.00424693167101312,2.41001543321053e-11,2
"19981",0.000187651742064523,0.000222414483010069,6.87340342430629e-06,0.306040686586969,0.0439040247216628,0.649399807362907,3.14878641222002e-05,1.12221038042023e-07,2.02645506983515e-07,0.000206738969295491,6
"19983",0.113722442104762,0.00120083866874676,2.81516127084329e-07,0.707035102213896,0.00796243465963846,0.169895244139962,5.71758535809119e-05,6.01354298288016e-08,2.06570948561229e-06,0.00012435499837171,4
"19985",2.83782772037678e-05,6.15679804618781e-09,0.0882976459764785,0.00256126953074884,0.909079446627226,2.4337909217887e-05,1.806829632253e-06,4.76253297615316e-10,3.13684099676174e-10,7.10790275694893e-06,5
"19987",8.52887832784857e-05,0.00117187900805917,0.00155288343760337,0.0323189538695575,0.578354357550742,0.386500196485702,9.84806017804235e-06,1.44522466749303e-06,4.59744888823938e-06,5.50131324423348e-07,5
"19989",3.20458155474821e-05,0.977988447183544,1.36882433172145e-11,2.63889321924366e-06,2.19281459816887e-08,0.0102333309692377,2.49173798321215e-07,0.000914296177919231,0.0108289698298071,1.50924908592499e-11,2
"19993",0.786827737816144,0.0380149554240777,0.000711738849253938,0.0154834215592033,0.131755158344821,0.0270565979352341,1.93014848763243e-06,2.04981883666432e-05,0.000127897257881181,6.44765299543911e-08,1
"19995",0.0488107894866384,0.27575905118041,0.000493238885560478,0.0365560690313934,0.0688464832102386,0.568513773703982,5.87244936017273e-06,0.000922721589321177,9.04836251972676e-05,1.51683789864504e-06,6
"19997",0.000115020762775965,3.82705719964394e-07,0.000254671095281678,0.225467299734287,0.773664334305293,0.000433786523528077,5.40123878710897e-05,1.02428044467045e-09,8.70680416659957e-09,1.04827541584665e-05,5
"19999",8.09013502544353e-06,1.49404508334741e-08,0.00164769247498835,0.0874588438148125,0.910427770784319,0.0001182957532757,4.96689459954149e-06,6.74146084512823e-11,1.14524729287483e-10,0.000334325020589003,5
"20002",4.87416744455585e-08,2.06123409386373e-06,0.649332621018069,1.2364873451346e-05,0.000601636236962356,1.11392866614158e-05,6.9701389185409e-07,0.0219327795932254,8.89240216995367e-09,0.328106643109568,3
"20004",3.04029900329359e-06,0.0309096244723302,0.000137542686632151,0.00392768160454739,0.00657999520837268,0.957888099684338,5.74553315525493e-07,0.000521411172179865,2.59947695840819e-06,2.94308423227936e-05,6
"20006",0.453983424272204,0.0484533287758077,9.53873124316582e-05,0.0012460016481331,0.000221220132211755,0.489465597993764,4.88760999306497e-05,0.00560817138025869,0.000291260335361722,0.000586732049896406,6
"20008",0.856074617116041,0.0941289821937434,5.80557328811851e-06,0.00289145267910433,0.000117335947329819,0.00156580074418814,6.66028774985728e-05,0.0445740726775427,0.000566514975302922,8.81521596124908e-06,1
"20010",0.463670003683116,0.341372640915562,3.47945838486141e-08,0.00482848350813589,0.000222256251737999,0.16125226180787,0.000159983394315006,7.76046299211965e-05,0.0284167303653145,6.49443566385068e-10,1
"20012",0.00142893029203959,7.60222430253263e-07,0.263440343089829,0.0126457506183375,0.715141988817571,5.46976912963867e-05,3.66553407319408e-07,6.66784399585751e-08,9.67938530363249e-10,0.00728709506871088,5
"20015",0.000799433174395195,0.988707636271322,4.16724609457212e-10,2.29803994496497e-06,1.74796351976458e-08,0.00454180091629411,7.18084054947981e-11,0.00594534795758971,3.42837093700958e-06,3.73013481633286e-08,2
"20017",1.96893552527418e-05,1.16160085172996e-07,0.00105122966053531,0.197290062441704,0.798897010164898,0.00113770324155889,9.13336864527152e-06,2.6352264888532e-10,4.23897966618009e-10,0.00159505491990027,5
"20019",0.000319803333400433,0.943999966438103,9.4088128895177e-11,6.72704189369659e-09,4.21606321376882e-10,0.00188926045820065,8.0377393581854e-09,0.0363831099588701,0.0174078445288871,2.06297951696267e-12,2
"20022",0.00374723840987988,0.232713442774894,1.13912064263829e-08,0.000421223749447306,2.94740896001852e-05,0.761824867512712,2.33136954422559e-06,5.64321502895081e-05,0.00120497787316806,6.79258856919161e-10,6
"20024",8.72482279222152e-05,0.117175425572549,6.67481143298898e-10,5.01868340505596e-07,8.37819387242009e-09,0.00352166475970304,0.0001750920354635,0.0151401396758347,0.86389991661304,2.20147204819852e-09,9
"20026",8.72482279222152e-05,0.117175425572549,6.67481143298898e-10,5.01868340505596e-07,8.37819387242009e-09,0.00352166475970304,0.0001750920354635,0.0151401396758347,0.86389991661304,2.20147204819852e-09,9
"20028",1.69617236380622e-06,1.43283645765341e-08,0.00303277993220026,0.0284936323123181,0.968397321179446,4.38550893244781e-05,1.32856451970816e-05,2.14549109594972e-10,5.80728410919838e-10,1.74145455083467e-05,5
"20030",4.18290333383705e-06,0.447937062793654,2.26029275548124e-05,5.27313582014208e-06,1.18691432477207e-05,0.30189766787809,2.67214646007882e-09,0.250107538104451,1.26484909793867e-05,1.15195072227894e-06,2
"20033",4.38524982785247e-05,5.94044495326322e-06,0.00817415014397978,0.0123708558187571,0.969577415115676,0.0098219229132415,2.15278355294396e-06,1.86258819830088e-08,3.7315819801636e-08,3.65433985931158e-06,5
"20035",0.000414127900010964,0.971023168337125,6.36915794166173e-11,2.07722271297828e-08,1.02186471712797e-09,0.00171231451830278,9.88757855438374e-09,0.00403709326013444,0.022813264234141,4.92341651136321e-12,2
"20037",0.000396891698641689,0.992269262758918,6.35320702288064e-13,1.75220376022763e-07,1.30136830105275e-10,0.00118398714304692,4.17310394238385e-09,0.00553351815679786,0.000616160494619503,2.23723611259698e-10,2
"20039",1.4058712784694e-05,5.36710878462481e-05,2.33425141530477e-13,8.36405358440579e-09,4.70602541370116e-11,2.09362935524051e-07,0.00162019942337911,8.41828783043445e-07,0.998311011172078,8.45635773786777e-13,9
"20041",0.985197170520149,0.000342367785265218,9.10391364058385e-07,0.00223277043132128,0.000308565768377574,0.0116523270805984,0.00017370952196116,5.04001551547338e-07,9.12251321783536e-05,4.49367233383669e-07,1
"20044",0.907722089779385,0.00231158522982455,9.86392307434555e-05,0.00359749231681345,0.00504408180931849,0.0795415899327435,0.000611886299282014,5.02094625703572e-06,0.00106503718615553,2.57726947701464e-06,1
"20047",1.41189896220872e-05,0.416579630673265,3.76432690162248e-09,6.58016287024837e-10,6.58407922741439e-10,0.00390324237515675,3.01500073512036e-08,0.51574044284803,0.0637625298816959,1.47203354178675e-12,8
"20050",0.613307062893578,0.0235482329858708,2.74922128955026e-07,0.00030409815408532,0.000214683922406961,0.00129129652398461,0.00149645997520472,1.99927475266957e-05,0.35981789786004,1.51737522488167e-11,1
"20052",0.0162198148136412,0.000464214640917862,0.00142510234877703,0.0527315190671777,0.822163996722515,0.10637257644523,0.000551430545104989,1.33037140817305e-06,6.99751281674652e-05,3.99170610459701e-08,5
"20054",0.000101176037205964,0.279464811969719,2.22056071727606e-07,3.60654627767257e-05,4.30585883330513e-06,0.717994639441005,7.81684689240951e-10,0.00239450106216659,1.14916720293521e-06,3.12816333347394e-06,6
"20056",1.40393578911502e-06,2.82034790813387e-06,0.954905331270665,9.01219119292901e-06,0.0450095875879635,5.62378746073811e-05,2.08623906882163e-07,1.52008260184664e-05,1.12509031759701e-07,8.48329165715039e-08,3
"20058",5.98171045331205e-05,0.985696051341919,2.66385190802503e-12,4.52487410049402e-06,6.00905521219535e-09,0.011203595509261,8.51625906362178e-08,0.000870268819323832,0.00216565090174041,2.74812534884431e-10,2
"20060",0.000514194306231249,7.68520862841703e-05,4.08787380225224e-06,0.798338996145396,0.198820930785453,0.00220561039329234,3.53518356825649e-05,3.59996285142855e-09,3.99266915532905e-07,3.57370697979331e-06,4
"20062",0.125308475474541,0.000877524152386708,1.51707799245227e-06,0.813332601181267,0.0523320497539924,0.0081291353376777,1.34324443606994e-05,6.74176656942641e-08,8.40274861526754e-07,4.35688525491465e-06,4
"20064",9.78853068186619e-05,0.0745918053689618,2.48380586950383e-06,0.000582903605278402,0.00101640708824681,0.923615915501914,1.40617562708214e-07,7.03874221931294e-05,2.20663008199562e-05,4.98233495193203e-09,6
"20066",2.72893025624156e-06,0.765328695599521,1.90830990452027e-06,1.91160014404082e-07,4.27913873667656e-07,0.0738535380256091,7.75310325726527e-10,0.160715195497788,9.72011763204818e-05,1.12611401613414e-07,2
"20068",0.00125490135231673,9.66686187508527e-07,3.2320773691434e-07,0.975750005124472,0.0225205669570622,0.000228263570674602,2.52672606052791e-05,1.02759532508321e-10,3.28313175039061e-09,0.000219702455053844,4
"20070",0.00282441710753525,2.12613144733801e-06,1.57160749620348e-07,0.967286076065198,0.0217967146986431,0.000229902506699687,0.0078534750673706,7.4493013200333e-10,1.0162009218848e-06,6.11431650442506e-06,4
"20072",0.00402244057930412,0.940390415333305,3.23468626619741e-10,0.000967620668904588,1.82442384651279e-07,0.0499677850170993,7.58240703251738e-08,0.00327477879442851,1.25502087566835e-05,0.00136415080827864,2
"20074",1.49970197630838e-08,3.0828243642645e-11,0.999583271170789,6.25057968381173e-08,0.000345682021456082,1.36441949285744e-08,3.35046307054627e-09,7.65195938602871e-08,1.9940548318767e-12,7.08757578639897e-05,3
"20076",0.000155168059352386,0.000115788410121724,0.4822775258465,0.00265863907051236,0.0562170688528521,0.0901190545935629,5.97857188280137e-08,0.000355346721627311,1.85709679333126e-09,0.368101346802656,3
"20078",0.00103510694239444,0.0587859626043196,1.76841136342673e-06,0.00200452623997361,0.000653253785549971,0.936497246631797,4.27181214589149e-05,0.000573501584159062,0.000405884276834647,3.14021487117511e-08,6
"20080",0.000184822045202812,0.979811575753602,2.57186676433535e-10,5.60254315025364e-08,9.23822781369056e-09,0.00867230282270079,7.60166462386227e-09,0.00366517229083983,0.00766605396437969,7.64276337814944e-13,2
"20082",2.14577191084245e-06,0.000290511774796248,2.15036965958933e-10,5.10477818830597e-08,3.03184181126635e-08,5.47653401471518e-05,0.00104875854682238,4.02486886732966e-06,0.99859971211615,6.88865832147302e-14,9
"20084",0.000170430955536353,0.015509667997703,0.00243212199906334,4.05956701356768e-05,0.00262592049979834,0.964736130847816,7.00362725152069e-05,0.0117098982437913,0.00270519107209051,6.44155076577102e-09,6
"20087",0.0336090715684206,0.58810795875394,6.73884556368018e-09,0.0505397440769671,5.97874095741989e-05,0.326351404845943,3.11384342291129e-05,0.00111839022481049,0.000177173112664787,5.32483460575263e-06,2
"20090",0.0648494370354914,0.829461871920739,1.43395521417468e-09,8.64435930884645e-07,1.25832857579462e-07,0.00284355920137196,3.96134039020755e-07,0.00110082175929511,0.101742922244634,1.68578449605562e-12,2
"20092",0.0146951099637319,0.000270082396045329,7.83286202946153e-11,0.0389025812247051,4.94457263629455e-06,0.00304154746924172,0.938406575850616,4.75972769947983e-07,0.00466417315555327,1.45093163723998e-05,7
"20096",0.0135724379371206,2.58323730506544e-05,0.000101059415286898,0.0112319604375572,0.0195718358580269,0.0148545147776482,0.937479657458685,2.30946612163665e-06,0.0031602159221251,1.76354378043721e-07,7
"20098",6.51832783647606e-05,1.07896157836445e-06,0.00468467435625028,0.00722806973553988,0.986940561021309,0.00107618565395158,3.94452921611245e-06,1.53816043549872e-09,5.36093848686955e-08,2.47316244874603e-07,5
"20101",0.00138868910553263,0.622103269565281,3.39617469172178e-05,1.86048879257884e-06,3.69140006485849e-05,0.294865108574562,4.54726440559488e-07,0.0703768198995288,0.0111929217280779,1.6421847772682e-10,2
"20104",9.11913800894413e-06,1.34482807876763e-08,1.77264477458115e-06,0.00770898953928503,0.000438887234488979,4.25715222186702e-05,0.987470499608219,6.9591658754295e-09,3.83259477815706e-06,0.00432430731078028,7
"20106",0.0118639726222252,0.783720398477036,3.92284051080994e-06,2.66212398354972e-05,9.82174421373849e-05,0.202822488163395,8.96196599897677e-09,0.00123709611207227,0.000227273663370756,4.77450491714262e-10,2
"20108",5.72977034968216e-06,6.88023237286819e-06,0.000630544743391388,0.164392709965222,0.828331868271764,0.00657652034596272,8.25997821970324e-06,2.02877321867453e-08,1.02851485228849e-08,4.74561198374899e-05,5
"20110",0.497655033384615,0.000106684639669788,0.00986155008926573,0.00850650060136164,0.341647041527268,0.003960477783927,0.128581450390243,4.7899822070533e-06,0.00967645955911065,1.20423324265208e-08,1
"20112",0.413851442293747,0.544134729013231,3.59733733791541e-07,0.00137675734940208,0.000381156899741777,0.0235514330113231,1.43727773593626e-05,0.000244772854019684,0.0164449752275108,8.39931217998684e-10,2
"20114",4.46886402560756e-06,0.00499219878585129,0.00186753341577667,0.000106725007109422,0.00836988489521692,0.984180570611738,6.19450139377138e-06,0.000383330876361811,8.90624853746928e-05,3.05571515861338e-08,6
"20116",1.82802182581733e-05,0.0177231013097516,0.00163739043230855,2.64665878450817e-05,0.000775137572626431,0.974919463846394,6.04878734904185e-09,0.00489675182404847,9.38208805455832e-07,2.4639511743637e-06,6
"20118",0.000127506221592266,0.000458846280012043,0.0016735976699336,0.00804013159679032,0.305288552362238,0.68437701645884,2.40145752653697e-05,1.46357215714773e-06,8.77085628852781e-06,1.00406882578901e-07,6
"20120",0.0137161069207426,0.459190840216117,6.26492877276253e-05,0.000107047848563542,0.00257138657477323,0.38449607499496,1.70983095618072e-05,0.000515696146883856,0.139323099641484,5.91859731382388e-11,2
"20122",1.91351081178494e-07,8.90568859943327e-09,0.974674521841487,4.62089160011915e-06,0.0252680964917063,4.85546206078531e-05,2.11864440941428e-08,8.03324744845018e-08,1.35770162322615e-10,3.90424314049108e-06,3
"20124",0.000880199537763995,0.862199498789699,3.33104114497385e-11,6.14697467463492e-06,8.55877302162265e-09,0.114958206227439,2.54362691839205e-06,0.0157399068609144,0.0062134807196821,8.6708254893126e-09,2
"20126",5.95646785726738e-05,0.000386822014106257,1.43975233032886e-08,7.72575901289721e-08,1.18310884758082e-08,0.00182491479657961,0.036121915423485,0.00102171220897087,0.960584961131991,6.26009301638513e-09,9
"20128",2.69166536569782e-05,0.0179039879249953,8.0205867375411e-12,1.9321967951742e-10,4.12798981486311e-12,4.54802177497962e-05,9.10231396877746e-06,0.0535984571996868,0.928416055480717,3.8570442752908e-12,9
"20141",1.45898665955127e-05,6.57530279455219e-08,0.00167207844325097,0.0102351076884405,0.231921663847946,0.00179240382598331,0.75431633173995,1.77906623182542e-09,4.26847604017364e-05,5.07229533804896e-06,7
"20143",2.32184906481573e-09,3.73316295159535e-11,0.999586881637662,1.24524159808235e-08,0.000412208590555206,2.12943737059476e-08,1.57275169438615e-09,2.19161262595995e-08,6.3717577596161e-12,8.5017056331151e-07,3
"20145",0.00732108663975964,0.577636959642299,6.9280737859253e-08,0.00059155400405618,0.00024536222185153,0.404760571810271,4.53060575635945e-06,3.98293216966662e-05,0.00940003643190121,4.16698218940011e-11,2
"20147",0.00031963105738574,0.201729844460464,6.77105235223087e-08,5.71304547823559e-05,2.41947050823625e-05,0.797566132931285,8.1052365180182e-08,0.000179610268096015,0.000123306798273019,5.61742196601407e-10,6
"20149",3.11021765707611e-07,7.21728996879798e-10,0.971934151109932,4.27230696398121e-06,0.0280555461404932,3.52558636087249e-06,1.82529723718276e-07,1.15519860805645e-08,1.22355962707772e-10,1.99890868931763e-06,3
"20151",0.000102241994028397,3.20592252488921e-06,0.00151216564081116,0.0233104351011661,0.974364350455611,0.000705256267811303,2.05758486137817e-06,3.48664471905729e-09,2.77666503921562e-08,2.55779890663988e-07,5
"20153",0.00132136302414919,1.39981154424825e-05,0.0275517403649314,0.00169242361930099,0.966953723385507,0.000707691624618202,0.00147826441292639,2.04875367101277e-07,0.000280589475757259,1.10200010687295e-09,5
"20155",0.082472689308371,0.686385652341765,1.14318749275731e-08,2.34155250037453e-05,1.27896942779117e-06,0.229970364508332,4.32908728457951e-08,0.000738092337549845,0.000408448500129914,3.78667268340854e-09,2
"20157",6.22063367233718e-06,6.57472887003939e-07,0.0161398146149002,0.00311523084239581,0.980576501236122,0.000157377924250646,3.99417772465855e-06,4.6484682810743e-09,5.49674159369207e-08,1.43482162507163e-07,5
"20160",5.14168665000828e-09,1.26395724215288e-10,0.999034069405022,2.13924766002935e-08,0.000965682944985935,7.42342909134397e-08,3.38935826894857e-09,2.80617745118459e-08,3.28615827755034e-11,1.15271147984094e-07,3
"20162",1.57809587562278e-07,5.66214760312703e-10,0.842093691385152,2.78725898782778e-05,0.157873241440794,1.65953014310711e-06,1.16539766180651e-07,1.24665148597593e-09,4.89750934317465e-11,3.25884283708837e-06,3
"20164",0.00108061829774932,1.49650595297892e-06,0.393645867694597,0.00103137756771753,0.604085440929858,0.000130560541312634,2.32026612503783e-05,4.8824196438527e-07,3.14395089087768e-07,6.33164508728234e-07,5
"20166",2.82409557682923e-05,0.193305036969752,0.000235796702979733,1.53273226709726e-06,6.02127345446248e-06,0.0261351274067606,9.65786938875565e-10,0.780258012939788,2.38964966286351e-06,2.78404037796369e-05,8
"20168",1.33950263015989e-06,5.72821246254986e-05,0.000530903224195314,1.9363164222653e-06,9.43177721529344e-07,0.000102783986764855,1.2831197072486e-08,0.239516906992472,5.3746439267383e-09,0.759787886469327,10
"20170",3.10040835403837e-05,3.88074677285295e-07,0.00829721659203039,0.00447826770118341,0.983984694332596,0.0031565043610846,5.16699660186486e-05,2.00385666483924e-09,1.69408596366101e-07,8.34764159109413e-08,5
"20172",0.000798863714403192,0.529264439458608,9.73775240854324e-11,0.000673794248404458,3.71357070436128e-06,0.467901896117646,1.5186151948111e-06,1.14627802121119e-05,0.00134431056462038,8.32829312934121e-10,2
"20174",4.06654300401688e-06,2.02449964564075e-08,0.0250543087319475,0.066568178195025,0.762750682637091,9.14000333049093e-05,1.54476979851865e-06,1.2975514368667e-09,2.45227969770373e-11,0.145529797522758,5
"20176",1.10808626021588e-06,4.81421663046155e-06,4.98818582130515e-07,5.98591178789203e-05,6.92104708981809e-07,9.78388667617265e-06,7.86663222906995e-09,8.9268291040119e-05,1.18757692505086e-10,0.999833967492833,10
"20178",6.51496669873337e-09,1.32726611813847e-10,0.999511272843935,7.52190077741199e-09,0.000488578827580335,4.86785029608862e-08,3.47389871458567e-09,4.14292069967271e-08,7.97764425997238e-11,4.04975056383506e-08,3
"20181",1.52180560599095e-05,0.285794797496263,0.00258649359364731,1.27781752835307e-06,9.4450829158312e-05,0.405139518524999,1.65832856092521e-09,0.306345266082388,2.27632752703735e-05,2.12666357685514e-07,6
"20183",0.00131442041483367,0.000251735927103864,3.6151925413575e-08,0.942233215233979,0.020325644037008,0.0334119720815243,0.00243497691786877,2.44222175995908e-09,2.76033444336596e-05,3.9344910153912e-07,4
"20186",0.00138286408345288,0.000514909331778218,5.00480475419876e-11,0.99398801007302,7.94917256477016e-05,0.00222937005058553,0.00172059275017385,1.58050131434146e-08,9.96651725352892e-06,7.47796130272628e-05,4
"20188",4.98014897063114e-08,3.74717892124226e-10,0.989368331787948,5.09503769112579e-07,0.0106308017444892,1.45957691883225e-07,2.84054064834888e-08,1.25442745903948e-08,1.20301915858333e-10,1.1975991177432e-07,3
"20190",7.68255172770547e-05,0.977550692561646,4.9424648815768e-09,1.48627332613099e-06,2.22936995103051e-07,0.0205934039587642,3.76154272280368e-10,0.00173298986783445,4.43726730910336e-05,8.92446728366555e-10,2
"20193",4.39290798416627e-05,1.55809382066645e-05,0.921735648200603,1.50558857517515e-06,0.000222960631834401,8.89035741614008e-06,1.0550588728683e-08,0.0731775742070827,8.52419827325829e-09,0.00479389192165281,3
"20195",0.00265634904765917,2.83912972008377e-05,0.106066638412758,0.00286393093662916,0.887312348096625,0.00106772436940264,2.6527788124448e-06,1.12794986102926e-06,5.28751848129533e-07,3.08359204184578e-07,5
"20197",0.015930340849529,0.735630792760845,4.47347990208029e-10,0.000622988722361635,3.91439921104546e-06,0.247150880090379,5.20841909646477e-07,0.000101095293878984,0.000559463047526494,3.54701115476855e-09,2
"20199",2.64466559889218e-05,1.05129374426509e-08,0.188895008193708,0.00053957359611348,0.81047132976409,4.03889168171464e-05,2.70514810742335e-05,1.61998635056826e-09,2.00323782691093e-08,1.69226905566424e-07,5
"20205",0.000899579873077698,3.56040600426401e-05,3.47745097032283e-11,2.11674752688053e-06,7.69188365939316e-08,6.52863589515557e-06,0.0562792475107984,7.97584091582476e-08,0.942776766458504,2.1350816859558e-12,9
"20208",0.00135367173352005,7.22447896943327e-05,0.000557395411928107,0.148598401044477,0.83973245044378,0.00967149398554002,6.34518577197967e-06,3.78948127314723e-08,2.71339627254995e-07,7.68817084848129e-06,5
"20210",9.84510203437349e-07,3.34642100877317e-09,0.544260532438779,0.000112126398698389,0.455617846288831,7.05937663810937e-06,3.8317372852072e-07,1.29780833207844e-09,4.10607242382387e-10,1.06275828515797e-06,3
"20212",0.000116482318542397,1.11469285390533e-06,0.119945649610091,0.00151847826142019,0.878229891839471,0.000186047320058442,1.57269953846106e-06,6.25049250991614e-08,4.95926405934298e-08,6.51160459099131e-07,5
"20216",6.49255887401426e-05,0.223115620151743,1.59493899267892e-06,5.5341171965056e-05,8.69527795950749e-05,0.77636407499274,2.27747616950753e-08,0.00025242035653368,5.90325244274786e-05,1.47205014153696e-08,6
"20219",0.0183205585371977,0.0688892223422735,1.98823658346739e-06,0.000387798138432225,0.00042303573500075,0.147162586251749,0.0139567148168827,0.00102347645331314,0.749834619386765,1.01802579788898e-10,9
"20223",0.000742046605794858,0.790861854069922,5.11051899706912e-12,5.08647255712342e-06,1.7729344359366e-10,0.000444818373399015,4.36392512708152e-08,0.207753103317165,7.32865043112547e-05,0.000119760835195266,2
"20226",0.986488643967028,0.000518509015790657,2.77142077242756e-06,0.00766651728264595,0.00466951710377615,0.000612238564848054,1.21931789622827e-05,1.71929136357282e-07,2.94295374805638e-05,7.9995593800024e-09,1
"20230",2.1572979816965e-05,0.989693715323929,2.92907625086321e-10,6.28802563945937e-07,2.40163538523536e-08,0.00678360562247777,1.6796248044637e-09,0.00327556220388085,0.000224888663547621,4.14897213256879e-10,2
"20233",1.06521170925427e-06,3.43455660153611e-10,9.40904424690593e-09,3.70291260378358e-06,2.02813664398345e-06,1.06848250479604e-08,0.99981824313758,1.32606086982585e-10,0.00017493956000217,4.71529596330095e-10,7
"20235",0.102119407598065,0.796253917817786,7.38358577025597e-11,0.00048761737264427,4.82913136272953e-08,0.0450600680952034,0.000395789923766152,0.0213032644613835,0.0343568507379179,2.30356280848834e-05,2
"20239",0.156153781458504,0.416110992229991,4.67034002838951e-08,0.0271297079544764,1.81040212594315e-05,0.379565919587794,5.09699681723667e-05,0.0198201580744616,0.000130878836558981,0.00101944116538304,2
"20254",1.03812334827797e-05,0.000416216415141271,8.34418087312231e-12,7.49807159238249e-09,1.37707669804978e-09,1.60061970260018e-05,0.00020203994782062,1.84612964967594e-06,0.999353501193381,6.62985283095464e-15,9
"20256",0.000165127817387731,0.56861682666187,4.11803128432541e-11,1.84230797857816e-05,3.37775079592764e-08,0.429306756881793,2.98613798793979e-07,0.00142583035337713,0.000466680386980897,2.23863184867932e-08,2
"20262",8.1870490207423e-06,2.10527096072472e-07,0.0252500687938304,0.00169298901881459,0.972531449751464,0.000515283892849708,1.67989055408354e-06,1.76646718795927e-09,1.17689792257629e-08,1.17540924022988e-07,5
"20270",0.000165748599874158,0.655607269569912,0.000732577258413669,0.00513083258005862,0.00366849356029972,0.0646873200365467,1.50740577781888e-07,0.269067050638767,9.64661906060895e-06,0.000930910396489828,2
"20284",0.0266403751394554,0.00287498088048544,1.62141332498159e-07,0.456581366025726,0.020648979228613,0.00568752602482324,0.426808549518051,2.02034940562989e-07,0.0607578388430571,2.01635157593046e-08,4
"20287",0.000640356801030783,0.949978741493052,5.39442768938376e-12,5.00308143253136e-08,8.01497666202452e-11,0.000440044789034741,5.39594976273998e-10,0.0487231848597164,0.00021761997552611,1.42568662566171e-09,2
"20290",0.0058912925121666,0.000478569072910558,5.33070064470491e-07,0.000100025521124963,0.000374465471105488,0.000212166970277739,0.0332376345486049,2.30283249610511e-07,0.959705082543764,6.73222623203063e-12,9
"20293",3.34792411790903e-05,0.014306741384573,1.12714446841612e-08,0.000864861083668111,7.29888824492999e-05,0.984593437234469,7.5440853630137e-06,2.65106298750672e-06,0.000118278615397698,7.13846855567969e-09,6
"20296",0.00019301917928182,0.000181496402790408,0.26042225642507,0.0315001449493622,0.62114609308155,0.0716708653217993,7.80386748035184e-08,6.23707608660859e-05,1.45526358366141e-09,0.0148236743853418,5
