"","V1","V2","V3","V4","V5","V6","V7","V8","V9","V10","result$classification"
"19812",0.197340622227798,0.673086528966324,0.128421087703252,7.04104850687022e-07,0.000508490373735841,0.000401360324272468,3.37870204555258e-07,0.000140567724414261,8.93501784751737e-05,1.09505266727306e-05,2
"19814",0.0144515323462772,0.981700211600524,0.00175496472540196,0.00204046477849934,4.55479142499064e-05,5.95476174814473e-07,6.01426710728949e-09,2.8201828972469e-06,8.89215442595478e-07,2.9677462659414e-06,2
"19816",0.602093467403807,0.00400574089503944,0.0264777412880825,5.50487180250549e-07,0.348765704297268,0.0186456945358141,2.58099880686223e-07,6.69695731314888e-09,8.81522736091685e-06,2.02106861025009e-06,1
"19818",0.679754123373835,0.312570902396706,0.000438394500018856,0.00606876113265482,0.00113004398715635,1.85983940614857e-05,2.11806414166929e-08,3.10954205981268e-06,2.87941792518291e-06,1.31660749415877e-05,1
"19820",0.000664087269853143,2.0118237351655e-09,2.85892286852546e-05,9.91492452209562e-11,0.998946066674987,0.000147635349183403,8.69013783648383e-08,1.32481958337376e-10,0.000213532325492464,6.96527403924434e-12,5
"19822",0.00119260082014274,1.88907080837432e-07,0.00851324912892666,6.5309713299046e-07,0.809300584340441,0.00162588402748789,0.00163424115105457,4.60857947627087e-06,0.17772798927088,6.77377085741019e-10,5
"19824",0.221244119957991,9.58637740974802e-05,3.27945200494869e-06,0.00122429815437442,0.578685478765463,0.19868421130565,1.73899558235114e-06,1.82336848611289e-07,5.82202597041869e-05,2.60699828388993e-06,5
"19826",0.038260809080483,0.732350877287854,0.185937393207246,1.68258139292192e-05,0.0014164140037802,0.0402583210412552,2.6353407749697e-05,1.2851674734636e-06,8.63550398876837e-07,0.00173085743982993,2
"19828",0.221820507060697,4.74250251139161e-05,0.000346777705129987,8.50480518411103e-07,0.776724847439997,4.46195319176989e-05,3.32586792952552e-09,1.20874531205551e-07,0.00101484438313685,4.17309055373182e-09,5
"19830",0.0106621959636655,0.917500670710036,0.06636323632484,6.41199982741444e-05,1.14226372912342e-06,2.22387186456127e-05,0.000506713637488202,0.00361699438431375,4.37480794106891e-06,0.00125831319106619,2
"19832",0.0733086661034567,0.142094627662953,0.0869596739829312,8.33857916334673e-07,0.014058137172339,0.000740172092088741,5.29193150566342e-06,0.0508039660324157,0.632028488720614,1.42443779783503e-07,9
"19834",0.142248572871833,0.00450333858314927,0.799147288681621,4.14087171764488e-05,0.049652720430228,6.34167669583763e-06,0.000129786001118416,6.03160292325334e-06,0.00426448860573813,2.28295172948411e-08,3
"19836",0.762169635609708,0.0321086801982207,0.00193347143732951,1.00431425883249e-07,0.00135142554220665,0.200946087083265,1.90050929114516e-06,1.65690842897109e-05,3.4019393298402e-06,0.00146872816493309,1
"19838",0.000381918036316142,0.998181269138654,0.00112567190938114,0.000202001037361236,2.00948871321258e-07,7.95582787341257e-08,1.09280174539498e-08,0.000100492927753728,5.60628843846507e-07,7.79488652242846e-06,2
"19840",0.102570450713201,0.0117145487606388,0.844016494631988,1.22818440772516e-06,0.0386792912830472,0.0026886133123651,0.000269336556503667,3.09442495833281e-08,3.44408751502127e-06,5.65615260840187e-05,3
"19842",6.40389189030154e-06,0.0160670191065131,0.000100095688548323,1.02128146731586e-06,9.69459757975929e-09,0.000258603544531326,2.20455065805805e-06,1.1924354875094e-06,1.10976717619503e-10,0.98356344969533,10
"19844",2.76706747199207e-07,3.08327402996864e-06,1.49474075764426e-08,0.999984761885696,7.27267066192871e-07,4.57085240612851e-07,1.71208964516581e-06,5.7175830325636e-09,4.91225183433202e-10,8.96053535867823e-06,4
"19846",0.00017308042930056,0.917790423995426,3.8235584308128e-06,0.0608783009794172,1.92161569523953e-08,7.33796125573766e-06,1.27933427169353e-08,2.76790584419735e-06,1.63503015119298e-10,0.0211442329973228,2
"19848",0.00019855866071891,0.977528609132541,1.27032919449124e-05,0.0216263523677584,3.44010010199955e-08,1.17824084205753e-06,7.02995343438125e-09,3.95310438697928e-06,1.10526786945198e-09,0.000628602665585186,2
"19850",0.000404164817835682,0.800334907356225,7.31737458987219e-05,0.199131032415045,2.20169701582454e-06,4.03547981194097e-06,1.82234981113198e-07,2.55734335491233e-06,3.52399425122661e-08,4.77096698890311e-05,2
"19852",0.974971316812255,0.0147257679966026,0.00136779291352817,4.85806773972086e-05,0.00878647051534218,8.80546140189398e-05,3.89166082953088e-07,4.15305098919096e-07,1.10832265096087e-05,1.28773164245316e-07,1
"19854",0.00019456536276974,0.997880959199815,5.73968773320604e-05,0.00170188276038141,3.56860170918193e-08,1.79457759104717e-07,2.86277522971947e-09,6.41237116136187e-06,3.99885455949741e-09,0.000158561423134891,2
"19856",3.24038968555748e-05,0.0103583544731344,0.000201281916687637,0.989155826421865,3.75884916452054e-05,0.000148940795836456,2.47446015006942e-05,1.0369040937712e-06,4.18851996776126e-07,3.94036463843387e-05,4
"19858",0.00165968578219324,0.000452852283633115,1.37601963922031e-05,0.994728630377196,0.00238435574495208,0.000666660619165388,7.83982016786941e-05,1.75880513821438e-06,1.33607717561594e-05,5.37217894561034e-07,4
"19860",0.500718036077696,0.212817382569872,0.264302891493192,1.54780481731886e-05,0.0218446855759092,0.000260825249827732,6.73511904537568e-06,6.29576994342042e-07,3.11063227714923e-05,2.22996651896717e-06,1
"19862",8.31339589226144e-05,0.918566760572621,1.01736391005155e-05,0.00150359097305738,5.761560895779e-09,6.97207719345074e-06,1.67347197559837e-08,5.3017004440074e-06,1.16214241132561e-10,0.0798240444661666,2
"19864",2.49193714715012e-05,1.05455019849694e-06,1.13760985463895e-07,6.29000767566414e-07,9.84451196486954e-07,0.00955690041684192,3.79740623803379e-05,6.11828921195166e-07,8.51213217397864e-10,0.990376811706024,10
"19866",0.195044359170811,0.000157681848257998,0.0179064694837415,1.40970452547628e-07,0.0827277546669134,0.701202118721379,0.00281993782586833,2.62252683517143e-08,3.56753341873507e-06,0.00013794355388888,6
"19868",2.59084964974044e-07,1.12608550348013e-05,0.00125682192221121,1.39664169477757e-05,3.5649219795089e-07,5.39013286245824e-10,0.000371132343635185,0.967297552570955,0.0310486005082873,4.92667528263422e-08,8
"19870",0.0318203365384206,0.962012542203969,4.8179860815686e-05,0.00154931593752645,1.87336634064652e-06,1.40186755912315e-05,1.85291436772366e-08,1.57337229637281e-05,2.06289689870231e-08,0.00453796053626076,2
"19873",0.46145157465007,0.534150094212001,0.00135102401816425,0.000408687695596218,0.000710339098959141,0.000902313365177251,4.82776203745655e-07,1.31073161538484e-06,4.72313469149524e-07,0.0010237011387441,2
"19875",0.0621019691812806,0.000552371175377141,0.105397409592092,1.64752540237048e-08,0.829929891968458,0.000325549985466456,5.76380094293244e-07,8.37837707648341e-08,0.00169212454084977,6.91735634739095e-09,5
"19877",0.261238939226948,0.733178600802899,0.00379720600664487,0.00165641593889634,3.66819442659775e-05,2.66318041912763e-05,4.23007919370995e-06,1.90911811786713e-05,5.60952438368366e-07,4.1642063343368e-05,2
"19879",0.975582317993274,0.0204869292223458,0.00237041131005235,0.000425181135288929,0.00103466820744377,6.32199798033257e-05,3.17025320150115e-06,1.47835270199993e-05,1.66866583921598e-05,2.63171317888467e-06,1
"19881",0.0332881596551016,0.867509073155943,0.00427998017867408,0.000711918367767894,0.000181772710793388,0.0892429535080014,4.91169560567712e-06,4.59618534995637e-06,3.69003594060888e-07,0.00477626553916833,2
"19883",0.0206030974978946,0.639873485767798,0.00284295917384379,2.97917928669109e-05,5.50102855868888e-05,0.0750259916867514,5.58022917921674e-07,1.34357464637425e-06,2.83922878101773e-08,0.261567733805406,2
"19899",0.221336494822081,0.0097817237705953,0.763011856915528,1.24586007594655e-06,0.00178986695900728,8.42833067456772e-05,0.00385657974111599,5.87730433212646e-05,6.25816770887861e-05,1.65939044404924e-05,3
"19908",2.78749096853076e-06,1.08007740513733e-07,0.000344460627298898,2.82706327083817e-07,1.82387294382616e-06,2.53465597771103e-06,0.999642779842503,4.68431855856285e-07,2.97458166736782e-07,4.45690621802728e-06,7
"19910",0.974295239767877,0.0234019458422553,0.000203817188128959,1.97553733947914e-05,0.00158593099100921,0.000487797738301834,3.88717705643364e-08,5.10514462242176e-07,1.0925294767415e-06,3.87118332331406e-06,1
"19912",2.29713068555875e-05,0.169872883709442,0.00109169876718734,8.30299812211832e-05,2.49990601188864e-08,0.000142282828063497,1.04109148111201e-05,2.67296158731601e-06,3.76553149435634e-10,0.828774024155219,10
"19914",0.646372210166255,0.11694057546561,0.231356517577724,0.00034647784069756,0.00270383573386959,0.000617849684895186,0.00119381845333249,0.000149998410810837,0.00031677874587936,1.93792092637904e-06,1
"19916",0.000720762248961197,3.63966911480476e-07,5.73716327744449e-07,1.74923190274856e-06,0.00282600737478546,0.996008299212742,0.000421158125720015,1.33268018343519e-08,1.84569706800432e-07,2.08882261405555e-05,6
"19918",0.00681371072135933,0.907916482830204,2.60217173960028e-05,0.0812077799522872,2.82776544245277e-06,0.000188894013343571,4.90888790939079e-08,4.10645359003085e-07,1.54933236775537e-09,0.00384382171639694,2
"19920",8.82115383040194e-05,0.0974474776120161,2.51941896769952e-05,0.902365590278563,2.0943950230996e-07,2.07748225613654e-07,5.00512015430199e-07,1.16610179988542e-07,5.47709657662088e-10,7.24915238073227e-05,4
"19922",0.0487614861478878,0.0715084787148421,0.000126499043736974,3.04375047831279e-06,0.00031606445858253,5.87040427974163e-06,1.52511963844955e-09,0.785596784450127,0.0936807782380608,9.93266884946704e-07,8
"19924",0.224314803170146,0.734429908394122,0.0078620970522259,0.0329647893304148,0.000212987225624196,3.9530162640781e-05,1.35407068002047e-06,3.6560713244109e-06,3.42740830319072e-07,0.000170531781991384,2
"19926",0.440922207942983,0.0127691211673816,0.491797939820762,5.21626759035499e-08,0.0039683033566399,0.0482147961632566,0.000811263989017421,0.000844254245765565,0.000576618705454108,9.54424460633264e-05,3
"19928",1.06348213715154e-08,2.52295442166686e-07,4.78145319200856e-09,2.45279048004137e-07,7.01379514140022e-10,0.00133365151012624,3.84299143885546e-05,2.84442492784203e-07,7.12814862874276e-12,0.99862712043372,10
"19930",0.029207430681847,0.970458596398477,0.000188304804370823,6.5657533568264e-05,6.10656194809642e-06,8.30924891991733e-06,2.93112748970941e-09,1.32735955436249e-05,2.09056489040283e-07,5.21091877086412e-05,2
"19932",0.000461235226513841,0.998823342089263,9.93446598751369e-05,0.00057336794882961,1.05231699057873e-07,1.62363516993188e-07,2.04625533079677e-09,1.54298015175397e-05,2.76781817061791e-08,2.6982954347983e-05,2
"19934",0.203845452442508,0.0131997599265931,0.159464330584643,9.74845517776717e-05,0.613811324740197,0.000658577127808553,1.17937393826439e-06,2.68538314390849e-06,0.00891918407125667,2.1798133538818e-08,5
"19936",0.0703044537492004,0.82219546297032,0.106938931587093,8.59969121153535e-05,0.000272705720970202,1.59329085779397e-05,2.28190180805834e-06,0.000148782259631871,2.92959017243494e-05,6.15608855835562e-06,2
"19938",0.0550521518385872,3.21613086041316e-05,0.122818617796743,3.06694330307233e-05,0.798620490248702,0.0107240431420713,0.00763472095160097,2.25423086816609e-06,0.00508484422631452,4.68234777344882e-08,5
"19940",0.86590452198125,0.113632408950928,0.000111398717392851,7.74915482522765e-05,0.000532387489644852,0.0169117123760573,3.62174502956224e-08,1.28341304143842e-06,1.30274941213386e-07,0.00282862903104215,1
"19942",2.62023241649623e-07,6.02080820991303e-06,2.51565190021176e-06,1.20579694346281e-07,3.78989191574624e-08,0.0217854393952453,0.000214778741987147,2.49566331055776e-08,2.13180365436707e-11,0.977990799922851,10
"19944",0.921645000205186,0.0169207436388624,0.00386885125375011,3.34764432678482e-06,0.0120841872026163,0.0454630050979883,2.37343921265125e-06,4.58497646477528e-07,4.39379254034124e-06,7.63922787041386e-06,1
"19946",0.729688810391108,0.254856129946531,0.00233870416619161,0.010335444524503,0.00206741604664845,0.000679987704400958,1.76603969894165e-05,3.16177069661086e-06,3.53743047904867e-06,9.14762245207967e-06,1
"19948",3.96398588209205e-07,8.17874370507635e-06,1.16301155502639e-08,1.76470353984775e-07,8.46016796447253e-09,0.00295212588090652,9.59768870677477e-08,5.54473059581096e-09,1.6426305456526e-12,0.997039000892902,10
"19950",6.38973295624139e-07,0.000705074850639983,8.83908706402913e-08,0.999292944322801,4.30527659420772e-09,8.73770523320123e-10,3.35018355974351e-08,1.51649130330742e-07,3.07281748767937e-10,1.06282509785624e-06,4
"19952",3.96398588209205e-07,8.17874370507635e-06,1.16301155502639e-08,1.76470353984775e-07,8.46016796447253e-09,0.00295212588090652,9.59768870677477e-08,5.54473059581096e-09,1.6426305456526e-12,0.997039000892902,10
"19954",0.00547641452139413,0.994021353522552,7.84224179282868e-05,0.000316409031112959,6.89173020299255e-07,1.47066984658481e-06,1.90322296756143e-09,6.83501356728021e-06,2.30486594072293e-08,9.83806986955535e-05,2
"19956",9.05154423574536e-06,0.141224654532411,0.0114361630970718,0.327440130024166,4.31004275482839e-08,2.44235813360254e-06,0.505936011386439,0.000782518718172762,9.37022340130954e-08,0.0131688915367088,7
"19958",1.19883498631398e-05,5.54391922718352e-05,1.85264052932977e-08,2.0005621695208e-05,2.85484571051508e-07,1.83353149509097e-08,5.27039223577098e-09,0.995851838322134,0.00406038622273543,1.46746175816301e-08,8
"19962",0.0673788402874917,0.589870803193533,0.0151502315364335,0.270989936120269,0.0244240362622735,0.031037913260564,0.000327726570641736,0.000173573388263242,0.000627944064986774,1.89953155435695e-05,2
"19964",0.719211124338876,0.248900804920934,5.7964851759077e-05,0.0053929487182809,0.000556868840991451,0.0199743892287108,1.02810600406274e-07,1.80325469538874e-05,3.31972085912505e-07,0.00588743177080737,1
"19966",0.00558342916294665,1.48379956366576e-06,0.00471004762218234,1.01025859898826e-09,0.109073129911607,0.880493621792954,0.000119583291589066,1.42137658429247e-08,1.55330159666162e-05,3.15617916639784e-06,6
"19969",0.00378799310993303,0.980170315566756,0.00577483247398909,3.1956983139848e-05,4.53344054822587e-06,0.000348431145257445,1.15929137377578e-06,2.34063827711901e-06,3.34706596104832e-08,0.00987840388006646,2
"19972",0.0672176255941321,0.376758367069241,2.09715990490821e-05,0.0378120622385666,3.24402155624278e-06,0.000337288435096652,1.83912495612419e-06,2.54720865068107e-05,5.44929392944284e-09,0.517823124381602,10
"19974",9.72380636645285e-06,0.060963036431309,2.84433094734245e-07,0.55479607340152,1.67043976269568e-09,3.03761343951331e-06,3.31759740442683e-07,7.40006950669728e-07,4.99596922660258e-12,0.384226770872143,4
"19976",0.558355855617969,0.40540977254465,0.00121664229651481,0.0346080284892888,0.000222027725473651,5.67635528945361e-05,1.20485703186671e-05,4.17210699360957e-06,3.42898730924138e-07,0.000114346197166274,1
"19978",0.957211680200766,0.0170344226923792,0.00023699173853781,5.95435365785954e-05,0.0192721614815684,0.00616092144428505,5.62199759011507e-08,3.32744292322528e-08,3.68893672785566e-07,2.38205178068426e-05,1
"19980",0.00013594239642392,0.855060938155411,1.7115496751745e-05,0.144593943461936,3.58945259449567e-08,8.98709955425271e-08,1.28593731576243e-08,6.93086749229321e-06,2.81583250802065e-09,0.000184988181257095,2
"19982",0.000222434563989222,0.107922164465,0.000643110324285796,0.891167261163103,4.27847441819552e-06,7.80911145689985e-08,1.48123429533211e-06,1.37818849019396e-05,2.32611020429117e-07,2.5177187871947e-05,4
"19984",1.52595962268472e-06,9.09579093716555e-05,1.62225766821465e-07,0.999905283875728,2.65724187954898e-07,2.31110524377239e-07,3.61608783969978e-07,8.42280732131405e-09,5.84597069655002e-10,1.20257861051461e-06,4
"19986",0.0157177094659032,4.65744376861534e-08,0.00259905077209734,4.05569806637007e-10,0.976836785013741,0.00299447474032355,0.000177218061263792,1.12161208261335e-08,0.00167470352974712,2.20795977997163e-10,5
"19988",0.000881733277864633,7.47216896366582e-10,0.000109414693993944,7.75609321440388e-11,0.996848817194623,4.58887698852197e-05,6.72120412147528e-06,1.37996389267632e-09,0.00210742265290691,1.8631537074111e-12,5
"19992",0.000860012743924159,4.05351100253687e-08,0.0039405034600225,1.46137354023243e-08,0.993272871651775,2.06915717897081e-05,8.8482724097732e-05,1.38166101320499e-09,0.00181738131500195,2.88286933014726e-12,5
"19994",0.0451034728510926,0.953750418106837,0.00103701194018344,1.36129912063194e-05,7.6685341819441e-06,7.3002133893566e-06,6.30180510927496e-09,5.1193970074674e-05,8.78551833964016e-07,2.84365393962687e-05,2
"19996",0.00653102916743653,1.00290005112927e-07,0.000232316068445678,1.10633759141894e-08,0.992977750180074,1.14261006099741e-05,9.89369716577018e-08,3.29118079433741e-10,0.000247267855886015,8.07692516509519e-12,5
"19998",0.00207473779284275,0.0493843129583489,0.121811719622744,0.00179898192727404,0.000843715063558908,0.706083643857,0.0984802397677488,4.51704997094441e-06,2.43103502063742e-06,0.0195157009254908,6
"20000",0.000143844404544716,0.717860814882691,0.142789627425486,0.000116705320773943,3.16064023530099e-07,2.1627254266016e-05,0.00263625082853259,0.134379569848082,8.6135249892385e-05,0.00196510872170749,2
"20003",0.0872908547639896,0.888513813391853,0.0226625610374485,5.69627311789226e-07,9.15700535310809e-05,0.0011193613663771,1.35479559405294e-07,0.000146630793083941,1.23802163353157e-05,0.000162123270510032,2
"20005",0.000288270346656786,0.968007208224905,9.63989818955749e-06,0.0191098054083757,1.24036387089582e-08,1.39892356721164e-06,3.16632358265019e-08,3.71916899625442e-06,1.69357681175873e-10,0.0125799137930781,2
"20007",0.875396024036458,0.0148312702979714,0.0963520492423001,0.000118965678079167,0.0128743071721789,1.23144804223255e-05,0.000222482139434545,6.75647359130345e-06,0.000185324508521854,5.05971042319281e-07,1
"20009",0.0170256927904616,2.41223325572152e-05,0.00018110987582074,7.4462850501098e-05,0.27404245266142,0.708122002931692,0.000135239774650633,6.7986136665306e-07,0.000393733887992944,5.0303353721848e-07,6
"20011",0.43564224767649,0.491834142790471,0.000492542016768907,0.00624882685855964,4.98890335234965e-05,0.000445760255651996,2.89324939436402e-06,1.80700908145978e-05,7.98949528222652e-08,0.0652655481333738,2
"20013",0.00552114065529355,0.879950028841679,0.0133576438520679,0.101133658864989,6.94236818990338e-06,5.64754445900436e-07,7.9825486893079e-06,5.44201057424569e-06,2.24637250389395e-07,1.63714668200924e-05,2
"20016",0.0420690320699056,3.58475767295511e-07,0.00135157004419457,2.7886404769444e-06,0.934340807306024,0.000971124827184012,0.00352221689408822,9.39800123860275e-07,0.0177411605278398,1.41439596905611e-09,5
"20018",3.85511403062183e-07,2.17659097227665e-11,4.27450784853258e-07,1.62197287275607e-11,0.00180412762764386,1.55975143531594e-06,9.37763601872609e-06,8.32859276270507e-05,0.99810083605655,5.5187112747654e-13,9
"20021",0.699711793815391,0.00173030559416742,0.00137955777475936,2.09680443949805e-08,0.288699653268599,0.00756559791825332,2.07599526734757e-08,1.01852319821821e-06,0.000911935045607807,9.63320262051433e-08,1
"20023",0.823768664062959,0.0121103337500455,0.0527163004229875,3.7944901092353e-05,0.0990599391394135,0.0115532488795631,0.000104581121630784,7.73930245348151e-06,0.000641096583296539,1.51836558414817e-07,1
"20025",0.00401615123215645,2.72948241011346e-07,7.79828275980422e-05,3.92267580915458e-09,0.239546064533614,6.11589382185557e-05,6.39808554180285e-05,0.000306017912878528,0.755928365950442,8.78756766850067e-10,9
"20027",0.00178250559939084,0.450977430432344,0.0079665984771389,4.08323768061202e-06,5.43238338660695e-07,0.000675268611755818,1.43179472334219e-05,2.22400626702676e-05,7.62224570623731e-09,0.538557004771202,10
"20029",0.000247412525647938,0.955663248464071,0.000339166383971223,0.00557647941951167,1.44360198092731e-07,2.07523613443264e-05,2.63111690962033e-07,2.72476140097795e-07,2.57577850569771e-10,0.038152260639847,2
"20032",0.00240252577432007,0.989244266120806,0.000663398049809861,4.17513543886476e-06,5.37014117113484e-07,0.00016024393359348,1.44487979272418e-08,5.0407044925647e-05,4.61485529823912e-08,0.00747438632963817,2
"20034",1.09111004704366e-05,6.03636634629786e-05,8.63370998461803e-08,5.74629669744892e-08,5.66324901916279e-08,0.022047105466356,1.61293570236101e-07,1.02070485592044e-07,3.02775267981582e-11,0.97788115594282,10
"20036",0.000152522002006673,0.0323747221384177,0.767452849102177,0.0149455567349565,0.000281184744538039,0.00012307572628659,0.184627850778692,3.00020485834487e-06,6.15029142643774e-06,3.30882766416945e-05,3
"20038",0.0508541854648188,1.37033357905556e-05,0.435941274404923,2.85299879542304e-10,0.484268763162845,0.000151288288123999,1.16062409999851e-05,1.1187014357128e-06,0.028758059402787,7.12976110789138e-10,5
"20040",0.0225410064176231,8.26528181347381e-08,4.82362757605191e-06,7.99473720270442e-07,0.605838288009053,0.351919271323953,0.00142448589740169,2.43356212114425e-05,0.0182468016010088,1.05375634445988e-07,5
"20043",0.0186313065912708,0.000288978333269939,0.0272161266662423,1.03601472331548e-07,0.949453315153524,5.98011981994589e-05,3.52639116537879e-08,6.71851492601064e-08,0.00435026526845955,7.38500587487435e-10,5
"20045",0.00060889309478344,1.22273326986088e-09,1.11062135406782e-05,5.7134857792226e-09,0.968374496601886,1.19780250710701e-05,1.34045979403432e-06,2.72943765991252e-08,0.0309921513741733,1.55718632737102e-13,5
"20048",4.22256227886031e-08,8.06009289726905e-06,6.79431113631059e-09,0.9999913365937,3.06936061247123e-09,4.88194747195809e-10,2.26593654559795e-07,3.56659742384134e-08,1.85607958219717e-10,2.88290676420797e-07,4
"20051",0.0604371432768069,0.551935762743628,0.245093794754731,0.0110295984583021,0.107491771676431,2.87798990556781e-05,1.27635370149326e-05,0.000107659315992331,0.0238626447370012,8.16010369686195e-08,2
"20053",0.866658758940278,0.000862087728606997,0.000667229246469112,5.75815305293263e-05,0.102775147235475,0.0289197438161121,3.05273868246059e-05,1.61638196304329e-07,2.82592922281838e-05,5.0318527993435e-07,1
"20055",0.0173330833057029,0.000408713480987453,0.963649650576334,5.93305462119251e-10,0.00849144816238576,2.2435933451653e-05,7.29301862006871e-06,8.34504390528637e-05,0.0100037945263105,1.29963849435725e-07,3
"20057",9.52502096988189e-10,1.64129077926585e-07,1.37713015156933e-09,2.26264949943203e-06,5.28257532723568e-11,4.61302643200569e-10,3.21045631707335e-07,0.999959365463997,3.78102066115704e-05,7.36614215327824e-08,8
"20059",0.851123064478325,0.00049285319691298,0.000260256635636591,3.22294314190199e-06,0.0566902685809351,0.0908819169753349,6.33882834350151e-05,4.22210544613989e-05,0.000441782325415171,1.02552640234917e-06,1
"20061",0.977217600119681,0.00314286840423579,0.00086821345595256,9.50113330913564e-06,0.0160726298357643,0.00263567022357697,3.20732572356301e-05,1.39622479372266e-06,1.83036899697573e-05,1.74365548144011e-06,1
"20063",6.39073711587853e-06,1.46083184403825e-06,1.2156521937233e-05,0.790613792370462,0.00675855407858697,0.00151731714465323,0.201046278665067,1.33101016872953e-06,3.13213962529974e-05,1.13972439118625e-05,4
"20065",9.63040104228814e-05,1.05245834643926e-08,7.58202315564792e-05,5.0942967428369e-13,0.00943566974873362,4.63037316349656e-07,6.13965347959522e-08,4.77151205462184e-05,0.990343955929564,2.32735932052239e-13,9
"20067",0.0255984582692798,1.39783677274372e-05,0.00100910789962733,0.00011571314851906,0.920201929070014,1.63237721084261e-05,8.86368931862024e-06,1.20875784796948e-06,0.0530344170133431,1.22143795410977e-11,5
"20069",0.000138364355796009,0.57087182675978,3.07911160898707e-05,0.428893237436972,8.74427332320327e-08,4.38458467267254e-08,3.15402607030026e-08,7.39486615702259e-06,7.5290740742591e-09,5.82151072906955e-05,2
"20071",0.00434768282303066,0.000465304783136268,0.248034846624387,5.05698354770997e-06,0.000116121465511888,0.000256744969952377,0.746679892290974,2.51911061167897e-06,1.76179121467817e-06,9.0069157632899e-05,7
"20073",0.00212766147776993,0.0675693188735287,1.09218124550563e-06,0.929825596603595,1.38339847302272e-05,0.000215217303987578,4.25887323766082e-08,4.53520236265726e-07,1.03066199095913e-08,0.000246773159554532,4
"20075",2.33267661200347e-07,1.7409801523388e-05,0.000375733650224933,7.15675192964342e-08,8.65662679466539e-08,6.33967001257902e-10,1.90986072433976e-06,0.957967018792497,0.0416375334382732,2.42134167780627e-09,8
"20077",0.0806503806676265,0.00100125210308388,0.632751356913672,0.000177644441069861,0.279686192774711,0.000357585421919234,0.00533524359376919,1.58430940789425e-08,4.02341236174209e-05,9.41174364372023e-08,3
"20079",0.00131055745448153,0.026160003169606,0.00936920845531589,0.888703548442607,0.0734260339631922,0.000240811402999898,6.18458661189955e-05,2.57610107112648e-06,0.000723115035703727,2.30010890361047e-06,4
"20081",0.329220025566018,0.000491822516590848,0.0879487547965873,1.58918805041705e-06,0.269553248587234,9.71458554259764e-07,1.44665035409775e-06,0.000259265670697085,0.312522875176017,3.89896594594021e-10,1
"20083",1.97569797547376e-05,0.00178844424584719,0.0317934915365112,0.60420934612096,0.000182800556780177,0.000462419881688223,0.361380325863211,1.31192219197903e-05,1.22240595253903e-05,0.000138071533803002,4
"20085",0.000402460387435613,1.98770879402955e-09,0.000379097837577197,1.61103672592345e-11,0.978994570791409,4.44098888099098e-05,1.27614741908229e-06,5.32358723704175e-09,0.0201781776194717,4.71508319767182e-13,5
"20088",0.0252335600495887,2.59754953849525e-05,0.00725252363518737,2.41540943079945e-08,0.95913371847026,0.000445931784049957,4.40348732453007e-07,7.19126864681064e-08,0.00790775410089019,4.91255125552790e-11,5
"20091",0.00187717814238944,6.56030732134543e-06,0.000171987236065663,9.50624731885386e-07,0.000185032036173871,1.15746279345355e-08,4.79749180783593e-06,0.11364841542491,0.884105067134946,2.70257521560573e-11,9
"20095",0.277701537258144,0.00120521020453673,7.31340803138684e-05,0.692257353966045,0.00407954885529953,0.000990543458301679,0.00306819607961617,7.32033091490127e-05,4.59276869000906e-06,0.0205466800199037,4
"20097",0.00041757946768738,4.42712951160155e-09,0.00136381079402437,2.43699536537367e-11,0.921407818884785,1.26335866182872e-05,5.40633890892728e-06,3.13745167269525e-08,0.0767927151017307,2.28706373722501e-13,5
"20099",0.206392130160042,0.000111043298239207,2.54203987455742e-05,0.00122255157912056,0.266532173122442,0.516856945733152,8.71848797160109e-06,1.00366322886444e-08,4.02168963086779e-07,0.0088506050146916,6
"20102",0.000460969642136794,0.000235266272697317,1.26189554796909e-05,0.985531649116515,5.39541216561789e-05,6.09702596257066e-08,0.000827812987011204,0.00991859274875038,0.00295905182180576,2.3363687959371e-08,4
"20105",0.0714308997416431,0.000537967730007084,0.00130897356615882,0.000227593810908076,0.925552229773725,2.14110981260309e-05,7.94100546474703e-08,5.44319088701055e-08,0.000920782926348124,7.51112005141898e-09,5
"20107",0.308299414280222,1.94433635007443e-05,0.0664596500997508,1.14202798872465e-07,0.624635516314645,0.000234490448405263,9.44541660793421e-05,2.0585307230616e-08,0.000256890142963357,6.39632744489017e-09,5
"20109",0.412810958502398,0.00594698450371764,8.52410961481561e-06,0.277573748337152,0.260388034293033,0.0431728783469303,1.92124209021912e-07,1.63759770258697e-07,5.35621388407339e-06,9.3159809291402e-05,1
"20111",2.7589328919429e-05,0.00797926114992225,1.28492931642847e-06,0.000121881771754429,1.9578194733885e-08,1.79119480014329e-09,1.37968670136263e-09,0.991724263189146,0.0001435265092819,2.17037258313722e-06,8
"20113",0.23370809641511,0.000412086420922267,0.656544949500833,7.17643157180199e-08,0.0627549904395005,0.0248863938588862,0.0214886911429683,3.79675930109362e-07,1.81218181610068e-05,0.000186218963373065,3
"20115",0.00488590562999116,0.972064826924388,9.92742982244559e-06,0.000121809276784412,2.84167346848757e-07,5.09200529606644e-05,5.6651045714563e-08,0.0146195043563571,1.06672990457694e-06,0.00824569878139853,2
"20117",0.0487685354762126,7.50093738912401e-05,0.00858044365139089,8.75156954421787e-07,0.0166810706995165,0.1365359617169,0.00966998561934614,0.663334798041825,0.0847173058014394,0.0316360144625236,8
"20119",0.00224454173047613,9.1966408726167e-07,0.00300626040189939,2.18724880739893e-10,0.0589793861000758,0.935590716774126,0.000163753076973526,2.51726377840759e-09,3.8367027739382e-06,1.05828135995353e-05,6
"20121",0.0563380041857625,1.83258339746732e-06,0.041414817877926,2.69062762383595e-09,0.897915927694625,0.00260594098504794,0.000223724093656122,3.40389685550568e-08,0.00149971526448979,5.85498599331661e-10,5
"20123",1.49638420088097e-05,7.69663910637883e-07,0.000430151414079065,6.74937896084975e-10,8.52234181780469e-05,4.66389143527419e-07,1.17105730761629e-05,0.0165329248241057,0.982923789196645,3.91487141200146e-12,9
"20125",0.00166392012514952,0.927949721477691,0.000573186722352661,0.0697823343579864,8.28228314246759e-07,2.78133283636947e-07,9.73437866450833e-07,1.92776640294982e-05,9.65473563092813e-08,9.38330597073738e-06,2
"20127",0.000378158493037407,4.46234494811705e-08,1.87039494259529e-05,8.25626312122047e-08,0.999065560300998,2.66587495040025e-05,1.94523476054684e-08,1.04714740963823e-09,0.000510770803883984,1.75752237821716e-11,5
"20140",0.00363971530944245,0.000309881412090956,0.991933260439896,3.727438510505e-09,0.000471672259790762,1.97379020980796e-05,0.00185268988605014,0.000508177443013889,0.00126413795514701,7.23665031965912e-07,3
"20142",1.52444100603857e-06,0.00266188027401449,8.636571443632e-07,0.997332903236242,6.85981207121518e-09,1.94137549015426e-09,5.89394177471599e-07,4.87480260855188e-07,7.07205318428199e-10,1.74200876224833e-06,4
"20144",0.000812049110120164,0.913415369227288,0.00753485629129874,0.00326742804925924,2.74467151777554e-07,8.0083277616953e-07,0.000301743954218784,0.0746198020320377,2.35878564211356e-05,2.40881794277262e-05,2
"20146",0.00296665376416015,0.322610183617915,0.158485057720901,0.416039738131038,0.000193953005464979,3.45325469192579e-06,0.0993242950277801,0.00029365243958956,6.94160794489526e-05,1.35969590104644e-05,4
"20148",0.0129072103719916,0.928442923415293,0.058340707210928,7.47082066898759e-05,0.000201649652881027,1.56802726566941e-05,1.69050911514315e-06,5.21724250734834e-06,6.63353333008536e-06,3.57958460677116e-06,2
"20150",3.95278160944547e-05,0.640907862997288,2.82214705732525e-06,0.3291785284354,5.55419529927426e-09,9.11206590932603e-07,3.8548476964148e-08,3.0393183921795e-06,7.85131911607087e-11,0.0298672638979916,2
"20152",0.0528266954013837,0.871038467523423,0.07376994405875,5.89825366183347e-05,0.00117593781346041,0.0010964234379084,1.49183041593477e-06,8.8919363213651e-06,1.53507282788791e-05,7.81473344024882e-06,2
"20154",7.23309356065399e-06,6.98396807728198e-08,3.67034291949594e-05,2.56947313819164e-07,0.00427054518346758,2.26061981502672e-08,3.5939435703809e-07,6.74883076258428e-05,0.995617321198547,5.43731740169581e-14,9
"20156",0.680105120253874,0.00448627542292867,0.0715271920502009,0.0167433352293252,0.0158920386317846,6.24683668291883e-05,0.210679961546883,0.000124947904845302,0.000376170243964175,2.49034936476743e-06,1
"20159",0.000117341540998882,0.451563389713219,6.03569502418704e-05,0.548223247281216,8.64235596069264e-08,3.6259029706226e-08,3.60234595351972e-07,1.23167558527612e-05,1.41816518694212e-08,2.28506596358241e-05,4
"20161",3.80667420008185e-05,0.00245883720118564,0.000161283794148305,0.988547040972584,1.15020984107678e-05,3.43415973826892e-05,0.00873750827719704,3.35546060155983e-06,3.35192111432287e-07,7.72866437829267e-06,4
"20163",0.0762717272368978,0.911398304826787,0.00556321964284158,1.23967046125015e-06,0.00291525744533175,0.00292473875054709,9.52766232459646e-09,0.000409092151608686,0.000249829854234628,0.000266580893627494,2
"20165",0.000365310713010406,8.61614832500506e-05,1.07484066896303e-06,0.997702775372457,0.00184148606221502,1.0117283075695e-06,2.82744376003053e-07,4.73582459510574e-08,1.76466463839249e-06,8.50328303324289e-08,4
"20167",0.021001646025631,0.972787301602162,0.000918273041844955,0.00518408415610833,9.47340464250789e-05,3.76081428587713e-06,7.5126906259521e-09,5.37268352816001e-07,2.73625346314814e-07,9.38190715350887e-06,2
"20169",1.03355658631059e-07,5.19199825444408e-05,3.24553180769816e-08,0.99994710170931,2.59557511023503e-09,5.14661371390562e-10,3.74903462192509e-07,6.62887344564705e-08,1.89138208380278e-10,3.98005597659174e-07,4
"20171",1.87710516341415e-06,3.43650352952931e-09,1.45853427537534e-05,5.32225598747248e-07,0.00218697057444858,2.58949818740698e-09,4.74771925653382e-05,0.000127703648798927,0.997620847884625,4.49146498936857e-14,9
"20173",0.000108338094636467,1.56258904656711e-05,2.03045090247149e-07,0.0151716637573773,0.0016185315879391,0.979724328804689,0.000198120389775869,4.80025787347526e-08,6.13488667595704e-08,0.00316307907858112,6
"20175",0.139587064096264,0.852071729031089,0.00176907893066276,0.00604020840368241,1.28894312153613e-05,5.07607707596264e-06,2.92524031354323e-06,3.08405728999641e-05,1.46846542347532e-07,0.000480041370255392,2
"20177",0.0164872950611859,4.50440871732136e-05,4.28745225360965e-05,6.49303690923204e-06,0.0194906847164111,0.96047066092838,5.58125234558264e-06,2.06448941897205e-08,1.00211134147435e-07,0.00345124553903068,6
"20180",0.0413780731102231,1.12498690104701e-06,0.00550616769560786,5.57459405648842e-12,0.920355824058963,0.0169820564296686,4.66117149581131e-06,8.65024959529413e-07,0.0157712216485318,5.86807448025819e-09,5
"20182",2.34728928607748e-08,8.49101247370281e-05,2.5066534835777e-09,0.97724263061796,1.44010546294156e-10,6.17364868969213e-08,9.77676190099374e-06,0.00489273633030599,5.57807340712487e-09,0.0177698527269783,4
"20184",0.00018228750038269,0.0186322200968656,5.38343255241759e-05,0.981124577451299,1.00011538241198e-06,1.94841655927309e-07,1.78163291632755e-06,3.18543240768111e-07,8.303043700122e-09,3.77718968949119e-06,4
"20187",0.00299560349978279,0.000438533158524042,0.000512525734172208,0.000720110108644183,0.000270281378683782,0.441124391291425,0.375014970258601,1.03859038527296e-07,5.01881702101863e-09,0.178923475692311,6
"20189",0.308854276850651,0.00348676524676451,0.000185891539774563,5.86311460835471e-07,0.0458903356423417,0.641420941095964,5.85820151147098e-08,1.86392743462413e-08,7.4512530114458e-07,0.000160380966452188,6
"20192",0.0116425859437972,0.000101596165678236,1.08333389556199e-05,9.94438520410744e-08,0.0488759477760089,0.915515092651573,9.45099081087997e-06,0.00303931050929687,0.0207742941167568,3.07890632703092e-05,6
"20194",1.14791943779485e-05,0.0351847578248228,0.0197735640162592,0.433909826452736,1.39966325989769e-06,0.000167129106367624,0.344716033061432,8.57649552379613e-07,3.82930491929314e-09,0.166234949201888,4
"20196",0.00265106979128729,9.77457024147324e-07,0.0016154232193663,9.03798457774441e-09,0.284156527208291,8.80206915130107e-06,9.73230951986067e-08,1.33887988530828e-05,0.711553705043215,5.17314446306994e-11,9
"20198",0.471922351651526,0.328054112443621,0.167020582537703,0.000363187466851875,0.0228954780522492,0.00780721456503461,0.000584384808876731,0.000621019367201638,0.000712269666054391,1.93994408814041e-05,1
"20204",0.000199932626770345,0.600483653977453,9.34634888723633e-06,0.399228879655072,9.97200644455616e-08,2.02053541605794e-07,1.26744142051082e-08,3.57894159740293e-05,2.68902084345749e-08,4.20566376152702e-05,2
"20207",0.00526930700434773,6.18511535092915e-06,0.0138423543418614,9.16903730682412e-06,0.667766313329925,2.85912726413743e-06,1.47367043824238e-05,7.16904405999768e-06,0.313081906289912,5.58994789081734e-12,5
"20209",0.0014735360178622,0.114750580205864,0.00624543216165142,1.39236886785109e-07,5.012633322121e-07,0.000106361843049819,5.47534450200278e-06,0.866988034305562,9.57205306186399e-05,0.0103342190906707,8
"20211",2.42360901251462e-05,1.63873103542434e-06,0.00104128103374907,7.11952905293494e-09,6.78634303109532e-05,4.37304364249845e-10,1.96517286019675e-06,0.0053677401164873,0.993495267868347,2.51492322215249e-13,9
"20215",0.00254002381176399,0.00037009682690788,0.892634549573763,2.15183076762473e-06,0.103407718337252,4.46999103991411e-05,0.000758756986515309,2.39207481501913e-08,0.000241962865444822,1.59364381886876e-08,3
"20218",5.73677836134571e-06,0.0124145495966458,7.87605900790711e-07,0.987574260945312,1.24371558852439e-08,3.06127027572921e-09,2.46544215452947e-08,7.24949482434186e-07,1.0823832636172e-09,3.89888906639504e-06,4
"20222",0.00599334301537213,0.000736376340967456,0.0697736279713086,2.07307451949989e-05,0.723716011200986,1.65630284095073e-06,3.65558064311322e-07,1.38409961077233e-05,0.199744047435055,4.34102342681572e-10,5
"20225",0.000140179323045166,0.96921845492321,0.0178108354370712,0.011318279444686,1.63121600643792e-06,9.69775608671501e-07,0.000326387116782686,0.000889441770095518,2.15208722683089e-06,0.00029166890626762,2
"20229",5.59769376863577e-05,0.00172901485355069,0.823363662108128,3.11132783377201e-06,1.08865733515059e-05,2.3695407838022e-06,0.174715293596328,6.62972253940566e-05,5.23240323309852e-05,1.06380461206752e-06,3
"20232",0.637934528079414,0.00181496427762907,0.343377702296748,1.02482982584774e-06,0.0153834422675716,9.82079116091119e-06,0.000249638695157296,5.29721578242309e-05,0.00117553073261489,3.75872053918688e-07,1
"20234",0.000431050347395711,9.11679973769658e-10,3.21273623968066e-06,1.63724660087357e-11,0.672374996141999,0.000558155624409938,4.66853223171115e-07,1.00771787661048e-05,0.326622040012527,1.77387498552804e-10,5
"20238",0.378835372862517,1.45534820462637e-05,0.00316376393587349,2.87900832896581e-06,0.615071516907805,9.52973262480698e-05,0.000537587539845116,5.9657012402279e-07,0.00227842904764413,3.31956867492933e-09,5
"20253",0.000887490174591165,2.59809651152387e-06,0.422469826856678,1.32429207165541e-07,0.570454566764496,0.0002204358178408,0.00517176137086548,5.38711374272331e-09,0.000793182073252165,1.02944403496372e-09,5
"20255",0.0047636725208709,0.989975016955082,0.00474166655483097,8.13251257905433e-05,1.47016505988595e-06,7.11767672223758e-08,3.65638219411748e-08,0.000427677351923354,6.46442159892783e-06,2.59916425458965e-06,2
"20258",0.0465252234486541,4.24274224615882e-06,4.84630778820171e-05,4.14627341462307e-09,0.951700201447457,0.00154420011817737,3.40692836292421e-09,7.42356749891785e-09,0.000177651589038424,2.59977608554026e-09,5
"20269",0.662872768069247,0.00554042169769588,1.80590246309091e-05,0.0274207155876692,0.302593692353589,0.00151022013759119,1.59087043262123e-08,4.21653876416557e-07,4.15989873737699e-05,2.08657962155525e-06,1
"20271",0.0411370801617557,7.65784342859435e-06,4.23052387738657e-05,8.66754675217103e-09,0.375481863038777,0.583258421606841,2.66618125810569e-07,1.61673369461093e-08,5.43474776871378e-06,6.6945909645926e-05,6
"20285",0.000895237226540546,0.0195870585106885,0.00874942891259975,0.000509814817461893,0.000213486167020064,0.596938572255793,0.000440047406445631,4.38174437507745e-06,1.41189672730631e-07,0.372661831769403,6
"20288",0.127235030240961,0.000658560982858418,0.767129589284029,1.15208909372997e-05,0.103042431289399,6.15720738768084e-06,0.00147092903740843,5.6890695272644e-07,0.000445121046415977,9.11136496563693e-08,3
"20291",0.362245345989371,3.85632899775509e-06,0.00155019263626641,4.71104531699026e-07,0.1778614154162,4.95974856551407e-05,7.60126324769315e-05,0.000888280990494964,0.457324826635302,7.80703956619275e-10,9
"20295",0.0883864892605889,0.00301596024171715,8.93642290610734e-07,0.00110999528809885,0.0238557525537808,0.881916061845035,2.78956922863714e-07,2.27985407899268e-06,4.34972544782237e-06,0.00170793863203862,6
"20298",0.00020937895938611,0.998564404214468,0.00021199771919168,0.00092530625845306,4.75174754017241e-08,3.3317704111769e-07,2.30956472689286e-08,6.28205594536955e-06,5.52087781212264e-09,8.22214815141436e-05,2
