"","V1","V2","V3","V4","best$classification"
"19811",0.00260971593930497,1.0391614385039e-06,7.07356764776085e-05,0.997318509222779,4
"19813",0.00200577572662122,2.12997641280322e-05,0.00384469755232927,0.994128226956921,4
"19815",0.000110533440398978,0.00178044240236529,0.00462787915027523,0.99348114500696,4
"19817",0.00292808651162601,7.31756413128562e-05,0.000599314424510389,0.996399423422551,4
"19819",2.85956613167077e-06,0.129097514223317,0.870810731721884,8.88944886669344e-05,3
"19821",0.0571667362571398,2.10222275705091e-06,0.00221744143063564,0.940613720089468,4
"19823",0.00163972310343728,0.113328735706021,0.00205064002999853,0.882980901160543,4
"19825",0.830595080022576,0.00109369683983874,0.157780131581532,0.0105310915560532,1
"19827",0.688925695343808,0.000437902163428475,0.00157237396409183,0.309064028528671,1
"19829",0.0143403087225915,0.000211324720970108,0.981803719441949,0.00364464711448939,3
"19831",5.20181830579603e-06,0.103110664338244,0.895837893637241,0.00104624020620907,3
"19833",5.88440828069474e-05,0.999820537458299,9.75790056839692e-05,2.30394532104003e-05,2
"19835",0.0571667362571398,2.10222275705091e-06,0.00221744143063564,0.940613720089468,4
"19837",0.122641950730655,7.17086729624756e-05,0.00425489910668775,0.873031441489695,4
"19839",0.0513715564653126,8.16671996135779e-05,0.933923837794932,0.0146229385401421,3
"19841",0.999872177629498,2.29251720578812e-07,5.57968732359578e-05,7.17962455459042e-05,1
"19843",8.45167742149068e-07,0.000207810171586874,0.99871967636257,0.00107166829810131,3
"19845",0.000585579359859689,2.52378585246685e-06,4.19276342503206e-05,0.999369969220038,4
"19847",7.18149010231094e-05,0.000117323683651606,0.0051584884267033,0.994652372988622,4
"19849",0.00307657193628402,6.03346361288298e-06,0.000375985625445951,0.996541408974657,4
"19851",0.000296933219877818,6.97504370985257e-05,0.000179330536811925,0.999453985806212,4
"19853",0.00208608703520632,0.000188179118467248,3.89991621897033e-06,0.997721833930107,4
"19855",0.0128408337239597,1.8834494383405e-05,2.37939867519637e-05,0.987116537794905,4
"19857",0.0316282961729151,6.20153495357794e-06,0.0111883133456504,0.957177188946481,4
"19859",0.0349795005292235,0.000421781659153991,0.00387540523816434,0.960723312573458,4
"19861",0.000222727610873632,2.76694887436775e-06,5.70106813752976e-05,0.999717494758877,4
"19863",0.978288357173449,6.14228893849698e-07,2.88640143337519e-05,0.0216821645833239,1
"19865",0.996496016187323,4.03236056627202e-07,1.97992379235587e-05,0.00348378133869731,1
"19867",1.99287981415806e-05,4.25635076638323e-05,0.000934252806836999,0.999003254887358,4
"19869",0.0125025782899104,6.18853427537155e-07,2.60352691331125e-05,0.987470767587529,4
"19871",0.124114091854353,0.000556219792816142,0.0122116133670058,0.863118074985825,4
"19874",0.840131551216427,4.47022680770076e-05,8.44038037395577e-05,0.159739342711756,1
"19876",0.472896776519852,1.73897479941286e-06,1.66388581141979e-05,0.527084845647235,4
"19878",0.000966177918251359,0.0204189443066305,0.661173152262131,0.317441725512987,3
"19880",0.997970092701945,7.79643112291704e-08,7.86414412915233e-07,0.0020290429193311,1
"19882",0.00324906149574314,8.71346755737906e-06,5.39970455809069e-05,0.996688227991119,4
"19885",0.0025363776207004,4.3235202675507e-05,0.0147749927362538,0.98264539444037,4
"19907",8.77082850131829e-05,1.14241797857235e-05,0.000327048387052203,0.999573819148149,4
"19909",6.87661834558151e-05,8.25484320660147e-05,0.972374899683829,0.0274737857006489,3
"19911",0.0379206165429161,0.00159237020672032,0.929172727953544,0.0313142852968199,3
"19913",0.999933204346465,4.5913551415783e-07,3.18235499709158e-06,6.31541630235242e-05,1
"19915",0.622929838926205,4.21678445625722e-05,0.000108010804153086,0.376919982425079,1
"19917",0.984474856095146,7.17606876247699e-06,0.000192451708956418,0.0153255161271357,1
"19919",0.269125641135598,0.000247861261867169,0.0016201618248767,0.729006335777658,4
"19921",6.83009860362261e-05,2.68438117061266e-05,0.000471069591225346,0.999433785611032,4
"19923",2.15341184866549e-05,0.0341434666716644,0.0661053340873861,0.899729665122463,4
"19925",0.950370410486329,1.29231442408135e-05,7.21312514029622e-05,0.0495445351180275,1
"19927",0.00123951827159761,3.75172280457739e-05,0.000214384907381557,0.998508579592975,4
"19929",0.998401308865251,2.74014909545984e-08,1.96302259473154e-06,0.00159670071066357,1
"19931",0.0049962440103972,0.000373604463295027,0.00314809916798372,0.991482052358324,4
"19933",0.00374044785586001,0.00194367001107237,0.802343124006442,0.191972758126626,3
"19935",0.00427106182311725,2.5701481587727e-05,0.0896704496784054,0.906032787016889,4
"19937",0.000146669150959762,0.000718756597232732,0.000991913212699945,0.998142661039108,4
"19939",0.00462797316759987,0.000415371516000791,0.00247760151219766,0.992479053804202,4
"19941",0.108709307586464,0.000132343729102367,0.877023468693417,0.0141348799910162,3
"19943",0.99875207431904,3.2069832969457e-06,7.96473141269936e-06,0.0012367539662502,1
"19945",0.000172398548299026,0.00364969243072008,0.920817491749938,0.0753604172710433,3
"19947",0.84405662808041,0.000285417481822721,0.117957425426441,0.037700529011326,1
"19949",5.3937131848308e-05,0.0438745255150763,0.333668101643263,0.622403435709813,4
"19951",0.722567386528754,0.000157656014842633,0.00428270387561482,0.272992253580789,1
"19953",6.11243695747149e-07,0.781684245293629,0.215345756646541,0.00296938681613418,2
"19955",1.42611721654139e-05,0.0507902935539665,0.937575694185105,0.0116197510887627,3
"19957",0.901019581004014,0.00291196703912752,0.00262488519808229,0.0934435667587758,1
"19960",0.000807935787865233,0.000201995833727419,0.993793817069754,0.0051962513086539,3
"19963",0.932058305778112,0.0659907462330324,0.000884541354690513,0.00106640663416516,1
"19965",2.88539638508355e-07,0.000680607279124717,0.997622186517349,0.00169691766388787,3
"19968",0.957879951447947,7.6529931462485e-08,0.00250530904932698,0.0396146629727947,1
"19971",0.98886279626287,0.00761445634752243,0.00342526299054833,9.74843990593185e-05,1
"19973",0.0159311458059285,5.60487724477043e-06,0.000497806142676929,0.98356544317415,4
"19975",0.968890117487194,4.2610107275023e-07,0.000132137034891397,0.0309773193768415,1
"19977",0.99607935204526,0.000285359826445158,0.000333417604120828,0.00330187052417422,1
"19979",4.11728239779218e-06,0.000449153916288274,0.999539635442399,7.09335891496807e-06,3
"19981",0.00192965353483933,4.92136087346549e-05,0.0206868434345483,0.977334289421878,4
"19983",0.000137526725746028,0.000252511195193275,0.0300939059386145,0.969516056140446,4
"19985",0.847552425159517,2.61688708928981e-06,1.93471575143656e-05,0.152425610795879,1
"19987",0.1310018439656,0.000412743985922466,0.10712618256089,0.761459229487587,4
"19989",5.36453321939942e-08,0.00444976726866284,0.995464491562584,8.56875234207944e-05,3
"19993",0.0434323721834889,0.00327885927356699,0.538054822769447,0.415233945773497,3
"19995",0.0108337897940883,0.000751288093238495,0.812609653011868,0.175805269100805,3
"19997",0.0270969707237181,2.01711224472561e-05,0.000183790156170384,0.972699067997664,4
"19999",0.106520847094148,1.40307097197336e-06,2.73372205452163e-05,0.893450412614335,4
"20002",0.995721740127765,7.31983255230849e-06,0.000648700640600714,0.00362223939908232,1
"20004",0.0192455367162333,0.000125786515927607,0.838576978988255,0.142051697779584,3
"20006",0.00238028788348049,0.00623025684057643,0.939996298958026,0.0513931563179171,3
"20008",0.000970872961898415,0.0264224168459938,0.905738177277928,0.0668685329141798,3
"20010",1.6375508023882e-05,0.049986837881461,0.925183180477226,0.0248136061332886,3
"20012",0.775313854076849,1.79946870149776e-06,0.000150182566499199,0.22453416388795,1
"20015",3.56308819720518e-07,1.36163599169406e-05,0.999862593058552,0.000123434272711108,3
"20017",0.0492398605192131,1.78196745993501e-06,7.61713486848193e-05,0.950682186164642,4
"20019",4.67672897617694e-08,0.00324682969440219,0.996750842187974,2.28135033402326e-06,3
"20022",7.27190486925675e-06,0.00242025860767532,0.991988232707274,0.00558423678018154,3
"20024",5.42379497556589e-07,0.417356506538904,0.582562975573876,7.9975507721979e-05,3
"20026",5.42379497556589e-07,0.417356506538904,0.582562975573876,7.9975507721979e-05,3
"20028",0.279967731258005,7.17767744014642e-06,4.29846810617215e-05,0.719982106383493,4
"20030",0.000399717202328204,1.84116648505414e-05,0.999196577532241,0.000385293600579684,3
"20033",0.40330827303024,3.16723652859959e-05,0.00358495415233147,0.593075100452143,4
"20035",5.644385217649e-08,0.00478626598520556,0.995207684837744,5.99273319775993e-06,3
"20037",3.83666327689219e-09,0.000650669960835612,0.999335554246914,1.37719555873635e-05,3
"20039",1.41522881679827e-09,0.99912676625613,0.000871503850371108,1.72847827006363e-06,2
"20041",0.00199112044096496,0.0757321645597637,0.314219592846658,0.608057122152613,4
"20044",0.0157764921867086,0.103236701459943,0.420920325831142,0.460066480522206,4
"20047",4.35867480355675e-07,0.00693603274778017,0.993062736931795,7.94452944713125e-07,3
"20050",7.55433499213464e-05,0.822185599989167,0.169566395623057,0.00817246103785415,2
"20052",0.0836174449154985,0.005880461250924,0.0583197144273656,0.852182379406212,4
"20054",2.95456298931556e-05,6.12415754779666e-06,0.998575145458077,0.00138918475448173,3
"20056",0.997401378529071,1.4037320834632e-05,0.000460062010293718,0.0021245221398003,1
"20058",1.75012230105792e-08,0.00152948452210149,0.998362457922604,0.000108040054071561,3
"20060",0.00155008340989544,9.43477154300807e-05,0.00232093657725285,0.996034632297422,4
"20062",0.000556084051640418,0.000141866875037742,0.0151468955778341,0.984155153495488,4
"20064",0.00067545126275301,0.000219480349092313,0.978664799969086,0.0204402684190683,3
"20066",4.78130685777466e-05,4.23067452148802e-05,0.99987015786146,3.972232474735e-05,3
"20068",0.000242711844477951,9.51662204266656e-06,0.000151904650049373,0.99959586688343,4
"20070",0.000181502048659604,0.000921196387912241,0.000350290801182789,0.998547010762245,4
"20072",4.42859616908723e-07,8.9534762461292e-05,0.995097446323163,0.00481257605475923,3
"20074",0.99977299637132,5.6561559868216e-08,5.8417592429032e-07,0.000226362891196071,1
"20076",0.866385022720719,9.89634349267727e-07,0.0150386325043124,0.118575355140619,1
"20078",0.000414934617185826,0.00428277086391727,0.959875775190505,0.0354265193283916,3
"20080",1.39656521672959e-07,0.00152742456730297,0.998463498161755,8.9376144201106e-06,3
"20082",4.74180703479485e-07,0.986933737621663,0.013042558848639,2.32293489942507e-05,2
"20084",0.0376264074758195,0.0161533157413894,0.937044618501188,0.00917565828160304,3
"20087",5.31680777926248e-06,0.00136275597541213,0.942158824606026,0.056473102610783,3
"20090",6.18548608488615e-07,0.030861146881063,0.969059375647985,7.88589223439962e-05,3
"20092",1.46309073422919e-06,0.741691873137843,0.0354311221650209,0.222875541606402,2
"20096",0.0143837554604198,0.547651312059067,0.018985555150315,0.418979377330199,2
"20098",0.411238118742156,8.1622632133494e-05,0.00134736324343723,0.587332895382273,4
"20101",0.000242777853345117,0.00214571490106677,0.997463476232253,0.000148031013335173,3
"20104",0.00483066618190056,0.0604188736651742,0.000328253494828686,0.934422206658097,4
"20106",0.000122976674394649,0.000177865523259393,0.998762664637801,0.000936493164545313,3
"20108",0.0599778595172305,1.02104242454061e-05,0.00146531843125005,0.938546611627274,4
"20110",0.157949830566078,0.510674892529664,0.0191917487240425,0.312183528180216,2
"20112",7.7542167368188e-05,0.0252113178818728,0.960212453337734,0.0144986866130249,3
"20114",0.119359715170267,0.00281062535929443,0.83728100915826,0.0405486503121788,3
"20116",0.0364004403723153,2.54312172497111e-05,0.954594080770902,0.00898004763953329,3
"20118",0.194572000911938,0.00127313039820771,0.162624835781676,0.641530032908178,4
"20120",0.00116819288990914,0.0336410947894136,0.96156016502496,0.00363054729571742,3
"20122",0.997845125172458,2.38373297219023e-07,2.21774648116563e-05,0.00213245898943265,1
"20124",3.10396416585533e-08,0.00298388036028045,0.996924668943483,9.14196565946935e-05,3
"20126",1.40958600366901e-06,0.982308869168437,0.0176664861293425,2.32351162173243e-05,2
"20128",1.93759395832766e-08,0.670419703592561,0.329579528224781,7.48806717884508e-07,2
"20141",0.178139609191175,0.0501501345700006,0.000410564119917008,0.771299692118907,4
"20143",0.999914168425707,7.52996190668317e-08,6.50485937975311e-07,8.51057887357956e-05,1
"20145",2.14343486500608e-05,0.00668581302621082,0.987552770439503,0.00573998218563588,3
"20147",2.04312557263016e-05,0.000276449279002928,0.99785386012181,0.00184925934346055,3
"20149",0.998019265598661,5.1879238338578e-07,3.74855858744568e-06,0.00197646705036831,1
"20151",0.199047237188714,4.56373774139243e-05,0.00178637994864498,0.799120745485227,4
"20153",0.754971437304681,0.03416652063919,0.00613822047810212,0.204723821578027,1
"20155",1.85060298512741e-06,0.000397680397359647,0.999065217737891,0.000535251261764498,3
"20157",0.741099819615106,7.00172769164437e-05,0.000561440668145424,0.258268722439833,1
"20160",0.999890097530173,1.80972007747811e-07,1.41218467070398e-06,0.000108309313148749,1
"20162",0.995820504293241,1.88680230584876e-07,1.51221229479925e-06,0.00417779481423397,1
"20164",0.945325672916579,0.000129456487360687,0.000428332007857425,0.0541165385882029,1
"20166",0.00260117120221801,2.03746101450592e-05,0.996909132722012,0.000469321465625574,3
"20168",0.378900905472414,0.000187444292409338,0.566968099730052,0.0539435505051249,3
"20170",0.52510440104673,0.000257438534885375,0.00106384643792607,0.473574313980458,1
"20172",3.57070910172527e-07,0.00187885652126773,0.994018736602312,0.00410204980551046,3
"20174",0.355080049007997,2.99803637868688e-07,2.22442825351091e-05,0.64489740690583,4
"20176",0.0278649182314705,8.06778535463955e-05,0.195861982017555,0.776192421897428,4
"20178",0.999929926040985,3.68488178304429e-07,1.71478152296946e-06,6.79906893136179e-05,1
"20181",0.00728059229803593,2.60933705037741e-05,0.992399113121643,0.000294201209817696,3
"20183",7.69944248164805e-05,0.00255742710075295,0.00940799928800574,0.987957579186425,4
"20186",1.78457921811193e-06,0.00366683060460198,0.0180114856661125,0.978319899150068,4
"20188",0.999508296447417,4.08430135122014e-07,1.60116916711013e-06,0.000489693953280864,1
"20190",1.90870146194058e-06,4.79085894568352e-05,0.999843080323374,0.000107102385706759,3
"20193",0.99458046909162,6.49287350483806e-06,0.00376368479397908,0.00164935324089574,1
"20195",0.839761729019376,0.000132478431670922,0.00474558594215351,0.155360206606799,1
"20197",5.70356647711446e-07,0.000836238319504243,0.995913444496336,0.00324974682751181,3
"20199",0.947528321966399,3.55785530896526e-05,2.77634179899889e-05,0.0524083360625209,1
"20205",4.0070489050371e-08,0.999333922067661,0.000614498844900076,5.15390169500336e-05,2
"20208",0.040923199462329,6.31089765764568e-05,0.00595777364264227,0.953055917918452,4
"20210",0.989041953587776,8.17884999943049e-07,5.37258802892132e-06,0.0109518559391947,1
"20212",0.902388434983258,2.71874877524643e-05,0.00048195515934623,0.0971024223696434,1
"20216",0.000187188722720981,0.000139134597727878,0.996814567749275,0.00285910893027638,3
"20219",0.000143600357635931,0.569421247752971,0.424686218126724,0.00574893376266945,2
"20223",2.25728349624394e-08,0.000522792862478569,0.999310827584683,0.000166356980003966,3
"20226",0.00525946866304466,0.0196329627962501,0.140932229132893,0.834175339407813,4
"20230",3.22253998786483e-07,0.000181588463802258,0.999767808886482,5.02803957166419e-05,3
"20233",8.41693210572239e-05,0.995880530561537,1.28226289520136e-05,0.00402247748845383,2
"20235",8.19229223632105e-08,0.0384814000700487,0.95958571013031,0.00193280787671896,3
"20239",1.10264105065709e-05,0.00136036607527804,0.951646063641566,0.0469825438726494,3
"20254",3.98581828107551e-08,0.986254094666688,0.0137402826105456,5.58286458390355e-06,2
"20256",6.22495102149809e-08,0.000456520866432713,0.999286664714612,0.000256752169444962,3
"20262",0.80161459475483,2.21143466462402e-05,0.000388151431977604,0.197975139466546,1
"20270",0.0124663252605938,6.77981506704529e-05,0.946369525674185,0.0410963509145511,3
"20284",0.000119817138845354,0.519026385075391,0.024865997582755,0.455987800203009,2
"20287",1.21631851517752e-08,0.00026689180276829,0.999725094975932,8.00105811494667e-06,3
"20290",5.29941636658406e-05,0.993340632999634,0.00471563210693194,0.00189074072976809,2
"20293",5.35065040959865e-05,0.00338835628308497,0.950183367498539,0.0463747697142801,3
"20296",0.689312472582345,6.46917426029405e-07,0.00995806058380621,0.300728819916422,1
"20301",2.78295525703728e-05,0.000889521091122568,0.999078726815443,3.92254086388302e-06,3
"20304",8.46979643736779e-07,0.983822692566001,0.016121971797838,5.44886565171847e-05,2
"20306",1.85514284508959e-08,0.00288497174506385,0.997024503360657,9.05063428503111e-05,3
"20309",0.000512135799348885,0.0101089234323278,0.708518609661762,0.280860331106561,3
"20311",0.000915691152648651,0.00160205386598877,0.990617756397054,0.00686449858430839,3
"20314",0.0856434239600318,0.000462716502156237,0.01243316226883,0.901460697268982,4
"20318",0.999704586924598,6.43252636455636e-07,5.63880382344123e-05,0.000238381784530918,1
"20320",0.00654281931073174,0.0135298270518942,0.00583419662415533,0.974093157013219,4
"20326",0.173170238919498,0.000875322363217412,0.0149387349573657,0.811015703759919,4
"20328",7.37964028258246e-05,0.00575298973449136,0.0032739768714746,0.990899236991208,4
"20330",1.24672439984732e-05,0.0380180841605756,0.953731536683509,0.00823791191191671,3
"20336",5.12528289486357e-06,0.945218591306636,0.0282810602993875,0.0264952231110819,2
"20338",0.000222036221144308,0.962295382118464,0.0359013346580246,0.00158124700236691,2
"20340",1.97450256129603e-07,0.000733675903280756,0.999241954106382,2.41725400810901e-05,3
"20342",0.000512372556384862,0.997327188498076,0.00135659907087392,0.000803839874665515,2
"20344",2.76161699323932e-06,0.00103765653723934,0.995820376417444,0.0031392054283236,3
"20349",5.17538945614203e-08,0.000278326300881992,0.999563856821469,0.0001577651237544,3
"20351",0.00117522476033104,0.0192644339036212,0.935191595845646,0.0443687454904023,3
"20353",4.67136006920617e-07,0.0937134166997845,0.904373997257292,0.0019121189069167,3
"20357",3.85677665220262e-09,0.996998076699628,0.00296284192306431,3.90775205315231e-05,2
"20360",9.77624918345845e-06,0.962287490775048,0.034102753177102,0.00359997979866689,2
"20364",3.96727564368592e-05,0.00682779719686991,0.95504527387682,0.0380872561698729,3
"20366",4.04386891157316e-05,0.989715529520608,0.00322933971753302,0.00701469207274378,2
"20381",0.709044194747698,1.60869823150205e-05,8.9177687957833e-05,0.29085054058203,1
"20391",1.15556597306243e-06,0.042717438655176,0.41527188472214,0.542009521056711,4
"20394",0.00218684584345344,1.13407263765975e-05,0.000321277975322125,0.997480535454848,4
"20396",0.0688983609892935,3.41401580504468e-07,8.25338030165794e-06,0.931093044228824,4
"20409",0.244538093426076,0.00185067575746417,0.635250332424319,0.11836089839214,3
"20411",2.48908670299497e-08,0.105076713325689,0.894078491292205,0.00084477049123848,3
"20416",6.99320203203127e-10,0.915644772433729,0.0843543611641877,8.65702763065132e-07,2
"20418",0.32642916278268,2.14757621431106e-07,8.42338767273034e-06,0.673562199072026,4
"20420",0.000549872212733173,0.974125708601997,0.000110832754220063,0.0252135864310497,2
"20422",9.86152384458202e-05,0.000825073734907139,0.99808921630815,0.000987094718496891,3
"20424",5.74238751470569e-08,0.0494752922095507,0.949910760125594,0.000613890240980458,3
"20426",0.000188371667633147,0.999762799968664,2.70055125028929e-05,2.182285120024e-05,2
"20428",6.51494364357689e-05,6.67724784227678e-05,0.846536341345529,0.153331736739612,3
"20431",0.183034331771085,0.026299835967827,0.0985057046534215,0.692160127607667,4
"20433",1.66696542649169e-07,4.38083215125818e-05,0.999898117286196,5.79076957488297e-05,3
"20436",0.00538185345594042,7.06813406133101e-05,0.912918634342008,0.0816288308614386,3
"20439",0.364325881056042,2.576930285701e-07,1.41246561986148e-05,0.63565973659473,4
"20441",7.0219891245988e-07,0.997358908890735,0.00246322208736055,0.000177166822991623,2
"20444",0.999684604311772,1.20517647819608e-07,8.5313131185305e-07,0.000314422039268433,1
"20448",0.382696729485388,0.00339234358789261,0.0248690022130593,0.58904192471366,4
"20536",0.000109165313795375,3.52056756936508e-06,0.000498634422432615,0.999388679696203,4
"20538",1.86946589598387e-05,0.572312678524691,0.335535101357608,0.0921335254587418,2
"20541",3.64012175668791e-08,0.0583121964243607,0.941665074237667,2.26929367546175e-05,3
"20544",0.013547141089892,0.0026948458520033,0.386207027174749,0.597550985883356,4
"20546",9.75400201319792e-08,0.00886925470999612,0.989031394810148,0.00209925293983588,3
"20550",0.00690879570381076,0.0492463845790349,0.49205165133805,0.451793168379104,3
"20553",1.52272895012375e-06,0.93469725903181,0.065301040454814,1.77784425973327e-07,2
"20555",7.78124066874685e-07,0.995801458050421,3.63841772586321e-05,0.00416137964825326,2
"20557",0.00520997801625826,0.403966854075799,0.30246464463086,0.288358523277083,2
"20559",7.02982515113126e-06,0.000139286771463998,0.999376183189203,0.000477500214181825,3
"20561",0.491153468933931,0.000240726501292594,0.00375427171695836,0.504851532847818,4
"20564",0.999929926040985,3.68488178304429e-07,1.71478152296946e-06,6.79906893136179e-05,1
"20566",0.000313595055913792,3.65331253143785e-05,0.866502184402028,0.133147687416744,3
"20569",0.274245151274617,2.12264877504302e-06,7.4635271428872e-05,0.725678090805179,4
"20572",0.94657071510066,1.94525919533792e-07,2.40711298452019e-05,0.0534050192435754,1
"20574",9.42001881404973e-06,0.00322709176113508,0.996483494477976,0.000279993742075177,3
"20576",0.999658766635755,9.14565410082807e-07,9.65241353287999e-06,0.000330666385301847,1
"20578",0.00840049665497128,0.00159128455152625,0.861793564574013,0.128214654219489,3
"20580",0.000290379171582233,0.000157991420683745,0.823141897042098,0.176409732365636,3
"20583",0.999796768587823,7.32440744977135e-07,7.27959797277015e-06,0.000195219373459298,1
"20586",1.91473145730344e-05,0.00291823493118985,0.907560394198985,0.0895022235552525,3
"20589",1.17780986493418e-08,0.000324527123314406,0.999511048050741,0.00016441304784569,3
"20591",4.87026618125086e-05,0.244271752424886,0.00916947613881385,0.746510068774488,4
"20593",1.005883449881e-07,0.000132629411504538,0.999865532652869,1.73734728157002e-06,3
"20595",0.000144493505214238,0.000557329565449195,0.995651957943957,0.00364621898537982,3
"20597",0.00558369738128486,1.54990603775402e-06,6.65875997421056e-05,0.994348165112935,4
"20599",0.999906268744212,1.84355971919317e-07,1.96379979806396e-06,9.15831000176158e-05,1
"20601",0.00103910353038955,0.000211738918272274,0.00115158559266085,0.997597571958677,4
"20604",4.01203072308029e-06,0.000132575051762017,0.999836661293448,2.67516240670369e-05,3
"20606",1.51639563625555e-07,0.000155974090702427,0.999807134469336,3.67398003975495e-05,3
"20608",1.5778327006565e-06,3.36919660712456e-05,0.998247354756745,0.00171737544448334,3
"20610",0.998096619851384,4.81983721564673e-06,5.03376199072513e-05,0.00184822269149269,1
"20612",0.0119160984292686,0.285145243654367,0.670530070779713,0.0324085871366511,3
"20614",0.992242956799821,3.34227833458548e-06,8.09190008381966e-06,0.00774560902176006,1
"20616",0.00253513841588351,0.000373296060779817,0.0135508855703197,0.983540679953017,4
"20618",4.21202288201057e-05,0.9980872647083,0.000689556076111723,0.00118105898676867,2
"20620",0.000140918285458738,9.40660679653945e-05,0.997738382610355,0.0020266330362206,3
"20622",0.99927637010388,1.23387138261179e-06,2.63731452839948e-05,0.000696022879453472,1
"20624",3.56814519723167e-07,0.0270148203105321,0.972099362250602,0.000885460624346307,3
"20626",0.00519411170002044,7.67245664647792e-06,0.900774932763825,0.0940232830795078,3
"20628",0.00174948336176969,0.000557859986082315,0.270027916159479,0.727664740492669,4
"20630",0.0191283961503944,0.000832594551026483,0.894464196755285,0.0855748125432937,3
"20632",0.988528621343786,4.47312475363195e-08,7.21032857183425e-07,0.0114706128921092,1
"20634",1.21334035040854e-07,0.000112088300979191,0.999824289484831,6.35008801549758e-05,3
"20637",1.86444321064158e-05,0.981642105203296,0.0183050156838469,3.42346807503409e-05,2
"20639",0.774938033685843,2.29706096809028e-05,7.49344901857584e-05,0.22496406121429,1
"20644",2.53691606927363e-07,0.506770523188167,0.493227322961941,1.90015828457354e-06,2
"20646",4.75195337486565e-05,0.0247613795301921,0.974052794470942,0.00113830646511753,3
"20648",0.0332137893036732,0.00024922986066436,0.000792789234747816,0.965744191600915,4
"20650",2.71257084045512e-07,0.237160041443973,0.76251090271316,0.000328784585782686,3
"20653",0.0066438794022983,0.00141744857321534,0.00104240109637787,0.990896270928109,4
"20658",2.50726731915712e-07,1.54009736587525e-05,0.999169742227715,0.000814606071894419,3
"20661",1.19387254041063e-05,0.895558061926376,0.0828749748843078,0.0215550244639125,2
"20663",2.99918890415067e-05,0.00329105057378403,0.634080654364564,0.36259830317261,3
"20665",0.999867929984428,4.68932917166162e-08,9.24564025206252e-06,0.000122777482028642,1
"20667",0.000583956838106496,0.000948505230271367,0.0256403987940534,0.972827139137569,4
"20669",0.00852075763208003,2.75856660566115e-06,2.56899146528441e-05,0.991450793886662,4
"20671",0.000148036724846949,0.767150499227315,0.231348170618655,0.00135329342918323,2
"20673",0.025756067708467,8.85528234184687e-07,4.49277996717983e-05,0.974198118963627,4
"20675",7.97462994988972e-05,1.30889148309236e-05,0.00672823831840945,0.993178926467261,4
"20677",2.32222411291266e-05,0.000455392939552889,0.444344673706295,0.555176711113023,4
"20679",0.0241317418928683,1.26971793915926e-06,7.68247438265539e-06,0.97585930591481,4
"20681",6.6469526593648e-05,7.52358468316365e-06,0.000110314366737865,0.999815692521985,4
"20683",5.14957248317319e-05,0.000155413475450417,0.301203252382151,0.698589838417567,4
"20685",0.000147658799659217,0.982689790325519,4.08913214195012e-05,0.0171216595534024,2
"20687",0.942063498411535,7.61863586731505e-06,2.50168106608788e-05,0.0579038661419371,1
"20689",2.25931716933471e-07,0.695326400820903,0.304644715365775,2.8657881605612e-05,2
"20691",0.999591991793223,4.39933211795281e-07,1.99255389116269e-06,0.000405575719673987,1
"20693",2.3122833692005e-08,0.00169328862432654,0.998246749167381,5.99390854591709e-05,3
"20695",0.00843143174318482,5.64051004844736e-05,0.000566724772456869,0.990945438383874,4
"20697",7.80593472082742e-05,0.000578799750252173,0.999205271059745,0.000137869842795068,3
"20699",0.000373796282302369,1.43521061132669e-05,0.242531998233624,0.75707985337796,4
"20701",2.33450138837311e-06,0.000360607882623769,0.855717322779612,0.143919734836376,3
"20703",0.00514557945091181,0.0129744457489199,0.000306242863098278,0.98157373193707,4
"20705",6.21825349037636e-07,0.00593474762412836,0.99127996996326,0.00278466058726278,3
"20707",5.84188951364231e-05,0.000758715820191951,0.00871174125097779,0.990471124033694,4
"20709",0.883440844422001,1.8373178995078e-05,0.0402812132029465,0.0762595691960576,1
"20713",0.0394606345232218,0.0192682193434779,0.000221682712742937,0.941049463420557,4
"20715",0.0289689108837461,0.1101510865337,0.860851532196994,2.84703855597536e-05,3
"20717",0.000341232628827547,5.73404297690475e-05,0.000246866720966706,0.999354560220437,4
"20720",4.58216043341262e-05,0.000534629334758755,0.984526182675105,0.0148933663858026,3
"20722",5.73778946140377e-06,0.000131845304726223,0.980553482796414,0.019308934109399,3
"20724",0.224000583744761,1.88702350406828e-05,0.000109350602773094,0.775871195417425,4
"20726",1.43525430607049e-08,0.00142680638412206,0.998497858955931,7.53203074037897e-05,3
"20728",0.000297573381037325,4.64380506399691e-06,4.02979927508175e-05,0.999657484821148,4
"20730",0.44988853817743,0.000166576172911511,0.00214791643950951,0.54779696921015,4
"20732",0.000259754005448031,0.0968403592642114,0.422238434201999,0.480661452528341,4
"20734",8.89612196362576e-05,0.0026066820894573,0.40418678249738,0.593117574193527,4
"20736",0.871804089661015,2.09204934435504e-06,6.64483777652455e-05,0.128127369911875,1
"20738",0.385973176917552,0.0719087842620304,0.522572501277638,0.0195455375427798,3
"20740",1.59188432244611e-07,0.292580763757333,0.604086627163465,0.10333244989077,3
"20742",0.000425674734483642,0.00232646701764415,0.000226394829715669,0.997021463418157,4
"20744",0.960562443377075,3.9864781285157e-08,4.44962725465761e-06,0.039433067130889,1
"20746",0.000150421829567157,0.000168780061965964,0.0798813308867316,0.919799467221735,4
"20748",0.318814192261176,6.98928981631578e-05,0.000115000376455265,0.681000914464205,4
"20750",0.647696399605282,3.20894673848276e-06,0.000828403056531663,0.351471988391447,1
"20752",1.36303365496912e-06,0.0012583677230898,0.967613371263219,0.0311268979800358,3
"20754",0.0129350216766559,1.4614646066761e-06,0.000184908430508249,0.986878608428229,4
"20756",0.309860175492746,0.0005255511424204,0.140098707982976,0.549515565381857,4
"20758",0.381417092587631,2.35070732465785e-05,0.267498185992668,0.351061214346454,1
"20760",0.167107776860434,8.78293581249148e-07,2.45345828819367e-05,0.832866810263103,4
"20762",0.00122011171080189,3.24140149437906e-06,0.000110360377714205,0.99866628650999,4
"20764",0.684105827313362,6.10080187076275e-06,1.13662146492087e-05,0.315876705670118,1
"20766",0.0950940951435927,1.04076838757528e-05,5.16313385341723e-05,0.904843865833997,4
"20768",0.827965022980806,6.03102607723129e-05,0.00125855635430403,0.170716110404117,1
"20770",0.000521195731181194,1.02810025565568e-05,0.0256546218998262,0.973813901366436,4
"20772",1.4492139501178e-06,2.13509196996372e-05,0.999912149917383,6.5049948966963e-05,3
"20774",1.96331426463321e-08,0.00120430481701793,0.998788731238941,6.94431089836979e-06,3
"20776",5.64049164566498e-05,0.00188967468896739,0.0016033857145649,0.996450534680011,4
"20778",2.72774516826803e-07,0.666871227319791,0.333127822124053,6.7778163872258e-07,2
"20780",0.181906948826953,5.72600460774377e-06,0.00126971662918945,0.81681760853925,4
"20782",0.0662303202483458,2.08429499123272e-06,5.45109264063201e-05,0.933713084530257,4
"20784",0.000718518824100435,3.55569534069738e-06,0.000209554357577154,0.999068371122982,4
"20786",0.99902818585548,1.61434324771618e-08,3.14556321342804e-06,0.000968652437873802,1
"20788",0.000158887878301639,0.00225085710976289,0.0200116087039032,0.977578646308032,4
"20790",0.0896023762921302,3.07972334226985e-07,4.96322134115074e-05,0.910347683522124,4
"20792",0.484534106272178,0.0039653557909015,0.0456741841513759,0.465826353785544,1
"20794",0.461118948125272,1.65661393551334e-07,2.31116761911933e-05,0.538857774537143,4
"20796",8.55304466757889e-08,0.00369817634759616,0.995746466901972,0.00055527121998484,3
"20798",0.999929926040985,3.68488178304429e-07,1.71478152296946e-06,6.79906893136179e-05,1
"20801",0.998411298676453,2.89546488615039e-06,3.59248211529799e-05,0.00154988103750786,1
"20803",3.15831704731983e-05,0.00494991835767726,0.0362774139735541,0.958741084498295,4
"20805",0.000119516667756825,0.00148481218927973,0.339670646511123,0.658725024631841,4
"20807",0.999929926040985,3.68488178304429e-07,1.71478152296946e-06,6.79906893136179e-05,1
"20809",0.00149549495537593,0.00106555525380847,0.00146857929426358,0.995970370496552,4
"20811",0.957783097155705,0.00333256887438404,0.012875121886538,0.0260092120833727,1
"20813",0.076927578994358,0.00417116718288636,0.44434561490783,0.474555638914926,4
"20815",0.998590672181549,2.13521109770378e-08,8.58538080364868e-07,0.00140844792825923,1
"20817",0.0407360460663005,0.000119970963946889,0.000225171938800002,0.958918811030953,4
"20819",4.68397818222797e-06,0.00821193386570297,0.33448831931949,0.657295062836624,4
"20821",0.0233947719971023,0.000900574256376024,0.969316526716649,0.00638812702987285,3
"20823",0.0152138159441896,0.00697032158120185,0.195252246851973,0.782563615622635,4
"20825",0.0675406831668698,3.29219221207942e-06,2.95821324129766e-05,0.932426442508505,4
"20827",0.83060815335309,0.000381991632182962,0.000401336920064534,0.168608518094663,1
"20829",3.28131612283169e-05,0.00181971179224113,0.995699882412883,0.00244759263364726,3
"20831",0.06777347669396,2.39329338256915e-05,0.000140932303421953,0.932061658068792,4
"20833",0.1937386747531,1.75438994553287e-06,0.000111521026754278,0.8061480498302,4
"20835",0.0309599213335323,9.49829704069835e-05,7.46139520263953e-05,0.968870481744034,4
"20837",0.00227178635036683,0.000134624236330126,0.000328676512073348,0.99726491290123,4
"20839",0.0118054474462259,5.33406530422041e-06,8.27548694040678e-05,0.988106463619066,4
"20841",7.88798731028011e-05,0.353808819376416,0.440081027591555,0.206031273158926,3
"20843",3.18418762504429e-05,3.52998205538921e-05,0.00127631584773405,0.998656542455462,4
"20845",0.550982424626965,4.60494609580339e-05,0.00144338533567932,0.447528140576397,1
"20847",0.000356685358259985,0.00211928828990747,0.434981428092584,0.562542598259249,4
"20849",0.0132206787675297,0.000323745456373431,0.579669245239434,0.406786330536663,3
"20851",5.62615450555425e-05,0.00624945486051747,0.703336339743427,0.290357943851,3
"20853",3.61736254093502e-06,0.520419254978956,0.46987269874032,0.00970442891818355,2
"20855",0.000260336293206479,0.000658808261428987,0.996191830879713,0.00288902456565146,3
"20857",7.37618116640627e-05,0.00135892642553131,0.630631627289409,0.367935684473396,3
"20859",0.000117858768379622,0.000105769284675073,0.978530378229181,0.0212459937177646,3
"20861",0.00314891644652364,0.962152082390446,0.000322007409275923,0.0343769937537542,2
"20863",0.368557885598926,5.4572725706098e-05,6.30491371345799e-05,0.631324492538234,4
"20865",0.000792627048166797,1.16364899253193e-06,0.00113622446179715,0.998069984841043,4
"20867",3.18084140697884e-08,0.00104550727629079,0.998953287235427,1.17367986832192e-06,3
"20869",0.521866069907071,1.51750503875147e-05,0.000341219490955474,0.477777535551586,1
"20871",0.00131760361116423,0.000632354145417128,0.997925578467557,0.00012446377586173,3
"20873",0.000439968869447044,0.000356354957549143,0.999101868340077,0.000101807832927138,3
"20875",4.85539775040082e-05,0.0316670623698327,0.931292860163482,0.0369915234891812,3
"20878",0.996531484556359,2.48213666174573e-07,2.18099350890446e-06,0.00346608623646594,1
"20880",0.182140155219407,3.12921615409678e-06,0.00020332461471323,0.817653390949725,4
"20882",2.9547316204002e-06,0.00175734409827605,0.997920617434977,0.000319083735126814,3
"20884",0.00498637536781131,0.000173996306011641,0.000340296314513658,0.994499332011663,4
"20886",0.717822452939458,7.07239560121144e-06,0.00203948751691986,0.280130987148021,1
"20888",0.885477706178285,1.14871212067665e-07,1.83968374662159e-06,0.114520339266757,1
"20890",0.215526979570135,4.46705464740383e-06,0.000626105773635571,0.783842447601582,4
"20892",6.63742720873502e-05,0.0504398082529637,0.484335431981196,0.465158385493753,3
"20897",0.0180004332411877,0.0195688240578256,0.0804436302446621,0.881987112456325,4
"20899",0.0415659525698968,0.00145236633128067,0.0883503855118744,0.868631295586948,4
"20901",1.56518360260502e-05,0.9675696105955,0.0310325164762991,0.00138222109217487,2
"20903",0.00483815203383015,0.0300532610724326,0.965067598425542,4.09884681951572e-05,3
"20905",0.0356450661026759,0.0182524025113016,0.903058287576041,0.0430442438099815,3
"20907",5.92179451709814e-07,8.34237570045867e-05,0.999030963668465,0.0008850203950784,3
"20909",0.0267342646176169,0.00136933524687691,0.424154136551847,0.547742263583659,4
"20911",1.46803294902919e-07,0.97475050545696,0.0252414652928548,7.88244689049345e-06,2
"20913",0.00658498189056508,0.000351069559271492,0.00893132281113043,0.984132625739033,4
"20962",5.94375733704042e-05,0.000144298219342531,0.913747370177434,0.0860488940298527,3
"20969",0.0130881055439063,0.0201916845385305,0.963646391312203,0.0030738186053606,3
"20980",0.000688687712000654,0.000213067404522923,0.906428517579028,0.0926697273044482,3
"20982",1.43802215448918e-06,0.000139629919059573,0.987513012640589,0.0123459194181969,3
"20984",0.0073863799663258,0.000688769728895752,0.000568192780522665,0.991356657524256,4
"20994",0.000642555778761186,0.0113290370522348,0.977685521242567,0.0103428859264369,3
"21015",0.841326398840047,0.000717072353775954,1.56544477199972e-05,0.157940874358457,1
"21023",1.25285013118445e-07,0.0300102499041345,0.969899749515759,8.98752950933197e-05,3
"21040",1.29747866230125e-05,0.00501023400542242,0.90998688197829,0.0849899092296642,3
"21073",0.00840352310077171,0.216977633197115,0.53956950656765,0.235049337134464,3
"21222",0.11991128682,8.83143252456149e-05,0.000633118863876874,0.879367279990877,4
"21224",0.00422520843287346,1.38687429340815e-05,0.0693166499470165,0.926444272877176,4
"21228",0.621553959745237,0.107947057193028,0.0110805394979216,0.259418443563813,1
"21232",3.52878927676971e-07,0.0334022433285256,0.964573526086745,0.00202387770580175,3
"21237",0.000979410265003813,0.417007220533435,0.561420978972765,0.0205923902287965,3
"21240",0.0962564403223223,8.32630453395111e-05,0.000114787289348828,0.903545509342989,4
"21245",0.253048576092121,5.6290814785406e-06,7.06960510810427e-05,0.746875098775319,4
"21252",1.05368791705133e-07,0.129664759071761,0.865478331841321,0.00485680371812629,3
"21254",1.30826554946314e-05,0.116418556026368,0.833069328267762,0.0504990330503753,3
"21258",0.00908146431374008,8.57649925331781e-05,0.0946870807556457,0.896145689938081,4
"21264",0.139251630851074,0.000367411566549179,0.00697401030703739,0.853406947275339,4
"21305",0.0213930177122572,7.7233632579478e-06,0.015696711777007,0.962902547147478,4
"21333",1.15010866424761e-06,0.00136757631641939,0.892658076794496,0.10597319678042,3
"21366",0.000317376440705993,0.00286559676624797,0.0250735865836888,0.971743440209357,4
"21377",0.998749200540289,1.69904743446428e-06,2.00126500732835e-05,0.00122908776220367,1
"21380",0.0197525664716658,0.000344717279205101,0.918679173553356,0.0612235426957734,3
"21387",8.71164193748339e-10,0.999849820379209,0.000149551025484307,6.27724142408007e-07,2
"21390",2.29704693240557e-06,0.010108815091142,0.984332704468552,0.0055561833933732,3
"21392",0.0004740903471159,0.0576020035999864,0.179543223459066,0.762380682593832,4
"21403",0.0294306672208428,0.000217347554551381,0.89342965469319,0.0769223305314159,3
"21408",6.10140906392861e-05,0.000561597807774954,0.998750171762858,0.000627216338727813,3
"21412",0.000289519336889876,0.976639053280879,0.0226406058244408,0.000430821557790607,2
"21421",0.00150043370966221,4.502214247068e-05,0.00249832502700958,0.995956219120858,4
"21424",1.11094834949152e-08,0.961027989470979,0.0389597551787031,1.22442408343332e-05,2
"21429",2.63949069755467e-05,0.00539296302078571,0.991468327493699,0.00311231457853999,3
"21431",0.00116688806592221,0.000217605039725051,0.0140764204055294,0.984539086488823,4
"21436",0.000854420011942531,4.75196772539921e-06,0.00204244095541594,0.997098387064916,4
"21439",0.00385749146497702,0.000837029954946751,0.965794462313191,0.0295110162668856,3
"21442",0.185953958435134,0.00113716129307559,0.0788457799450148,0.734063100326775,4
"21444",0.00396768347860777,2.72921383259992e-05,1.2818650457467e-05,0.995992205732609,4
"21446",0.994055723661937,4.78170154711013e-05,1.25664670187438e-06,0.00589520267589023,1
"21448",9.13689274221387e-05,0.99517194628251,1.20462117585388e-05,0.00472463857830912,2
"21450",0.0384336811901258,0.0291600605144811,0.34854245807176,0.583863800223633,4
"21452",6.52221097673462e-06,3.60999794573488e-05,0.978207902632009,0.0217494751775566,3
"21466",6.87154985973877e-09,0.0221876066142973,0.977760439472867,5.19470412857167e-05,3
"21470",0.000719288301466859,7.17812531355771e-05,0.904144310135343,0.0950646203100541,3
"21472",8.45832729099644e-08,0.000748141999493763,0.989245062106664,0.0100067113105691,3
"21474",0.00111897055287847,0.125224324860699,0.848916870417399,0.0247398341690235,3
