"","V1","V2","V3","V4","V5","best$classification"
"19812",0.954602178190479,0.0320534340825179,0.0133425291219864,1.60280461999867e-14,1.85860500082625e-06,1
"19814",0.0801170342580269,0.000593124704406385,0.902836676833966,0.0162654113094545,0.000187752894146476,3
"19816",0.988327847785408,0.00983020908194661,1.45254066654963e-11,1.33191409633072e-13,0.00184194311798619,1
"19818",0.982272453876708,0.00363226964253445,0.011330615184875,0.00136976367342583,0.00139489762245647,1
"19820",0.921648301451617,8.03241914681506e-06,1.28843022647505e-59,2.7606245458394e-40,0.0783436661292357,1
"19822",0.000311696408919235,0.767343601153769,1.09826817844118e-69,4.47424333935845e-37,0.232344702437312,2
"19824",0.0877894560534929,0.000639926890626615,2.39390535727587e-29,2.45404447181449e-11,0.91157061703134,5
"19826",0.777657066706731,0.105301117048079,0.117034762601913,7.05395417483973e-09,7.0465893231048e-06,1
"19828",0.979339462651971,9.77040281119968e-05,1.20325531553924e-27,1.00404437168371e-20,0.0205628333199165,1
"19830",0.111598923211724,0.768296292925077,0.120103702836676,1.82989783984961e-09,1.07919662581405e-06,2
"19832",0.195541680350804,0.0261734265567905,3.08718427889991e-13,8.17951823462811e-33,0.778284893092097,5
"19834",0.957639784173446,0.028564406980477,5.06072401871915e-16,7.10599922615785e-16,0.0137958088460763,1
"19836",0.95621048620453,0.0437876667975083,2.64952966442692e-08,1.05169230736577e-21,1.82050266527428e-06,1
"19838",0.00207374665461107,0.00144733057061516,0.996475240003916,4.02602387907348e-07,3.28016847024557e-06,3
"19840",0.983912058563594,0.010796608055918,9.47713181091911e-11,3.18538739055803e-19,0.00529133328571671,1
"19842",2.67714553112513e-07,0.674059720094283,0.325939996019182,9.08117020759828e-11,1.60811700521278e-08,2
"19844",1.7305670426253e-14,0.00177956326837427,1.24763496363079e-25,0.991197122151343,0.00702331458026561,4
"19846",3.02288856739967e-05,0.00321786013197965,0.868287197195098,0.128464681280158,3.25070904232537e-08,3
"19848",0.000157920502990308,0.00178249762881747,0.0106824188470197,0.987377064185504,9.88356679912974e-08,4
"19850",0.00212106401345974,0.00304636335208658,0.985002042153481,0.00712797988397006,0.00270255059700277,3
"19852",0.994529518199975,0.00412013348006642,1.17693464153925e-05,6.79012987909438e-07,0.00133789996055461,1
"19854",0.000409522361310968,0.00307080457889674,0.00362315036221369,0.992896178999615,3.43697964014559e-07,4
"19856",1.13526693687761e-05,0.839818094996621,1.86845603564885e-12,0.132345188889087,0.0278253634430549,2
"19858",6.82672874309954e-05,0.216960271424311,7.00991485113919e-24,0.0025527403196045,0.780418720968653,5
"19860",0.990131538011739,0.00255206224841663,0.000686216083054498,8.37173471329977e-11,0.00663018357307306,1
"19862",1.03231156013001e-05,0.0020376699872535,0.997951921134779,7.84529786768859e-08,7.309387549345e-09,3
"19864",2.57639626215194e-16,0.999999659129814,1.69286104630742e-32,8.20426802512171e-28,3.40870186013668e-07,2
"19866",0.571026958792421,0.426605628721548,1.95653374855015e-19,3.25800843517394e-21,0.00236741248603051,1
"19868",6.42053874314357e-21,0.993418379786218,1.15581827544711e-50,2.6453750142283e-45,0.0065816202137816,2
"19870",0.0203743541672099,0.00688936273974164,0.972639607466196,8.71106909392115e-05,9.56493591325769e-06,3
"19873",0.936672208371117,0.0121465192897516,0.0385502651453188,6.54257815150474e-06,0.0126244646156612,1
"19875",0.942058094128106,8.23242185708678e-06,1.73546037025779e-16,3.66697495835111e-25,0.0579336734500364,1
"19877",0.902089598260478,0.0131541011939366,0.0846301644898237,0.000125272472510535,8.63583250672483e-07,1
"19879",0.925033046964886,0.0749580947933177,6.7884123736365e-09,6.62949461615615e-06,2.22195876743834e-06,1
"19881",0.670046401837923,0.329427465407396,0.000516714535339551,4.50316429170898e-06,4.91505504915539e-06,1
"19883",0.0640207540185985,0.313586552359762,0.622392000380945,1.13875049509376e-07,5.79365645191532e-07,3
"19899",0.889288560777561,0.110709806505779,5.52753916575209e-11,9.82277222014503e-21,1.63266138405308e-06,1
"19908",5.97765654489868e-12,0.99813928502907,8.32040703621213e-35,4.82902822905642e-26,0.00186071496495221,2
"19910",0.991876809085488,0.00782217660226767,0.000234696970697998,7.93645813902689e-06,5.83808834077417e-05,1
"19912",3.11519541837192e-06,0.192700395346874,0.807296229301123,2.58802039029525e-07,1.3545451229096e-09,3
"19914",0.912002782335266,0.0879948426121166,1.80257138702781e-08,3.48735780255055e-08,2.32215332525635e-06,1
"19916",1.92335324278573e-05,0.75494200076694,1.8325615780701e-39,2.43431122581833e-20,0.245038765700632,2
"19918",0.0230672411686933,0.0110341198484729,0.666398908115446,0.299497315940987,2.41492640021277e-06,3
"19920",7.71110257965619e-05,0.00201021776485842,0.00513020238497934,0.992770779706962,1.16891174034915e-05,4
"19922",5.13551057774483e-05,0.047947299439852,1.26762579986543e-14,3.22435269515026e-32,0.952001345454358,5
"19924",0.935319427671991,0.021833844422873,0.00709449690429268,0.0357522009451426,3.0055700567495e-08,1
"19926",0.899120969364571,0.100879029542371,3.34243377435827e-14,4.41952612528754e-27,1.09302420419806e-09,1
"19928",9.83252956795991e-25,0.999999977422997,8.91963531175489e-29,4.32427531269507e-27,2.25770029588757e-08,2
"19930",0.0426545976501352,0.000590939130663177,0.956742498365789,3.73051568223203e-07,1.15918018439572e-05,3
"19932",0.00124251886089508,0.000293046741691793,0.998365045185676,9.8965037053223e-05,4.241746843255e-07,3
"19934",0.978197507460139,0.0143300647503575,3.80518277800407e-16,4.57110389331611e-12,0.00747242778493192,1
"19936",0.925954231814884,0.0718283257725628,0.00221210864018181,8.77103606270224e-12,5.33376360087141e-06,1
"19938",0.0940041160980831,0.905972634614897,1.52695266584587e-37,1.75740146550591e-18,2.3249287019801e-05,2
"19940",0.943419229308803,0.0554014200924438,0.0011551305340931,2.23661160987977e-05,1.85394856141021e-06,1
"19942",8.79912853708725e-14,0.999999993376643,6.79703778628227e-18,1.15647156812683e-23,6.62326915078777e-09,2
"19944",0.960350270590764,0.0396440765858056,5.74386094913166e-07,1.15678576944187e-08,5.06686947735263e-06,1
"19946",0.974028568939311,0.0229789909078618,0.000773253068409057,0.00160056317604005,0.000618623908378442,1
"19948",5.36367732182085e-13,0.999990255309921,2.03362745159807e-11,7.10913926659761e-17,9.74466920641524e-06,2
"19950",2.09391542111088e-10,0.000496552922793515,4.30088997432114e-10,0.999474472457462,2.89739802641575e-05,4
"19952",5.36367732182085e-13,0.999990255309921,2.03362745159807e-11,7.10913926659761e-17,9.74466920641524e-06,2
"19954",0.0084465327571245,0.000328155147694005,0.991173541888958,5.10684370796829e-05,7.01769143352867e-07,3
"19956",5.83442104361985e-11,0.999967525995806,7.43681439145136e-06,1.89130624878917e-06,2.31458252101025e-05,2
"19958",9.92409178324471e-18,0.0154430657473681,9.60300017142977e-38,3.93703602593201e-37,0.984556934252632,5
"19962",0.227154844044376,0.627079208234741,1.65529411253323e-09,0.000354817576472744,0.145411128489116,2
"19964",0.840886767158976,0.159111624640429,4.67389731845987e-07,6.46255595054864e-07,4.94555268858048e-07,1
"19966",0.221916447119664,0.778044829406624,9.25809466078944e-43,1.7396829019686e-37,3.8723473711802e-05,2
"19969",0.227320897268464,0.131368452623682,0.641185664128984,3.27166459881469e-11,0.000124985946154009,3
"19972",0.00202570079805346,0.785293636124599,0.0254736702292716,0.187201951645567,5.04120250933105e-06,2
"19974",9.09598661129796e-11,0.0093392770841666,0.0066011745101461,0.984059522791683,2.5523045054631e-08,4
"19976",0.903786963039852,0.0327812197168265,0.030729413663662,0.0325305952407595,0.000171808338899999,1
"19978",0.995436244977027,0.00341798890061698,2.70005860696153e-07,9.34435644257012e-09,0.00114548677213899,1
"19980",3.78420398641165e-05,0.000752275857725987,0.0535832198565048,0.945625807272153,8.54973752557044e-07,4
"19982",0.00265623203047625,0.269107248353358,0.000168088610468151,0.727628020534245,0.000440410471452304,4
"19984",4.60817345523237e-09,0.0025398549900928,1.65416624497379e-13,0.997356061883791,0.000104078517777877,4
"19986",0.95314783920738,0.0250947462207135,1.14674963158456e-45,2.06127038980951e-34,0.0217574145719069,1
"19988",0.740146678307078,0.000119262087328831,1.82601670476311e-65,8.2405413969959e-45,0.259734059605593,1
"19992",0.933850873171453,0.000138284771173096,1.33226671021962e-43,3.85896646478281e-27,0.0660108420573733,1
"19994",0.0774037995917416,0.00160785122700246,0.920987626574153,1.53938569220535e-08,7.07213245584395e-07,3
"19996",0.976497621207138,6.39430689887794e-06,1.37858688893626e-37,7.13177772719097e-24,0.0234959844859634,1
"19998",0.000202036080427774,0.99972263786146,6.9352071974164e-13,1.2432874176869e-12,7.53260561757348e-05,2
"20000",1.10073334651861e-06,0.999984149608943,2.49437102518821e-06,6.25986081818533e-21,1.22552866857202e-05,2
"20003",0.956186402348779,0.0394035770047064,0.00440826959162872,1.37077434546012e-17,1.75105488596772e-06,1
"20005",1.08877390783563e-05,0.00259021428472495,3.47884663644855e-05,0.99736409300493,1.65049022299408e-08,4
"20007",0.982558085946172,0.0118201706628811,2.97185413222623e-10,2.18421929952981e-12,0.00562174309157729,1
"20009",0.0312174958435483,0.848893238036189,1.19241620570045e-39,3.22333957082711e-16,0.119889266120262,2
"20011",0.109490253494894,0.838750609025014,0.0107162492910849,0.0410323803118621,1.05078771451094e-05,2
"20013",0.10897350159306,0.0139917192728669,0.503721040195856,0.37331241230048,1.32663773808179e-06,3
"20016",0.0256033603969641,0.293106054169149,2.25359316155386e-52,1.20544912842298e-24,0.681290585433887,5
"20018",7.49402015592796e-16,1.00825909068543e-06,3.94477778144e-109,2.9367593793064e-86,0.999998991740909,5
"20021",0.967938253680489,4.17457020787527e-05,1.55256529878308e-15,3.66885310466411e-26,0.0320200006174308,1
"20023",0.881217195132465,0.118742938381777,1.80682208360672e-11,2.49214763299609e-09,3.9863975542333e-05,1
"20025",6.55331451681956e-06,1.35891775814297e-07,5.82079999415407e-63,1.50522133415695e-64,0.999993310793707,5
"20027",0.00230358297766649,0.0438652443428795,0.95383117195674,3.97033915945526e-13,7.22316660524611e-10,3
"20029",0.00602694228674091,0.15381996416393,0.840148472524955,9.14330638578787e-07,3.70669373507317e-06,3
"20032",0.00201884153739997,0.00228362139535798,0.995697535633063,4.20453136253389e-10,1.01372608946579e-09,3
"20034",1.4375085880797e-09,0.999998895748191,7.725447719081e-09,6.01183371559829e-18,1.09508885223035e-06,2
"20036",0.00389917888930047,0.990806765279675,1.93811150874271e-08,1.00901186202503e-07,0.00529393554872334,2
"20038",0.985094124723201,0.0130335033475787,4.10766853681009e-31,3.20825460918991e-39,0.00187237192921994,1
"20040",3.97222003241819e-07,0.030644715765176,4.03427479846086e-70,6.61940529561519e-37,0.969354887012821,5
"20043",0.940057386672565,2.14390864754907e-06,1.02032542747166e-18,3.34268458177528e-21,0.0599404694187876,1
"20045",0.164225612781679,0.000151557167591184,1.48266521832273e-68,2.07782511817147e-36,0.835622830050729,5
"20048",2.55091903015184e-15,0.000752282157177161,2.61280385375234e-15,0.998751654729787,0.000496063113030204,4
"20051",0.662302598023655,6.27306791385443e-05,4.0119180696953e-09,3.57528593285118e-12,0.337634667281713,1
"20053",0.880589816369119,0.110890143233648,6.69860425260364e-15,2.48130032074283e-07,0.00851979226719362,1
"20055",0.819371355089423,0.17880629163908,2.8935591301241e-26,1.80999092544728e-47,0.00182235327149659,1
"20057",2.84607805166066e-36,0.977329898722334,9.03008757120465e-60,3.70508111107067e-53,0.0226701012776656,2
"20059",0.576783175414255,0.418134762926464,8.37154733387311e-20,4.39486073602646e-17,0.00508206165928181,1
"20061",0.979463065054787,0.00858841676741606,1.82556855863068e-11,6.57812571924193e-15,0.011948518159535,1
"20063",2.70399227963116e-18,0.000191769134651527,6.14340459568081e-58,5.70222956332247e-12,0.999808230859646,5
"20065",0.000378171085521344,2.09478730696557e-05,1.60218157581419e-62,6.30107832901702e-79,0.999600881041409,5
"20067",0.579299855518005,0.00312075795270999,2.32238864387999e-31,1.68313307084346e-12,0.417579386527602,1
"20069",1.85074424508742e-05,0.000439044394507001,0.0101781815935687,0.989363198831979,1.06773749409972e-06,4
"20071",0.00994935228951243,0.990049457839461,1.38354890403596e-16,8.53000173159486e-20,1.1898710263038e-06,2
"20073",0.000790090928893201,0.0102290982314232,4.11504284775311e-05,0.987287101980868,0.00165255843033794,4
"20075",2.71329513575131e-16,0.978806728694152,7.99095004157672e-42,1.28867731569281e-56,0.0211932713058479,2
"20077",0.949769090744161,0.0470794014794816,1.37039357766979e-14,3.93913167196141e-10,0.00315150738243013,1
"20079",0.000567277223567761,5.13786294942132e-06,1.12795661980646e-18,2.26368541976005e-08,0.999427562276629,5
"20081",0.869038537026786,0.0719845281006576,1.82047269483997e-23,2.03346423855241e-23,0.0589769348725568,1
"20083",1.81056767975501e-09,0.998982621552158,9.3903769693594e-24,1.38777489721991e-07,0.0010172378597842,2
"20085",0.851645427458079,2.17345174857931e-05,1.75996365118949e-62,1.39914488266668e-49,0.148332838024435,1
"20088",0.982678034722395,0.000177784135090324,1.96045735016064e-26,1.50055193743964e-24,0.0171441811425143,1
"20091",3.03157838188343e-08,0.892232646484619,1.50790233765365e-42,3.51612908301711e-37,0.107767323199598,2
"20095",2.05266038533938e-08,0.999546182312543,1.86927175635126e-27,2.03521331263749e-07,0.000453593639521889,2
"20097",0.773255399277588,3.01012873401173e-05,2.29265110687802e-62,5.69019805034907e-53,0.226714499435072,1
"20099",0.0165533112774723,0.376114767209965,3.75528409108874e-26,4.19296109056284e-10,0.607331921093266,5
"20102",2.36161400445877e-12,0.0181168245666572,2.45215393588952e-30,3.1702787479557e-10,0.981883175113953,5
"20105",0.883871721280082,1.39421038864484e-07,7.00293521197501e-23,1.74378492319203e-15,0.116128139298877,1
"20107",0.984568589149396,0.0144780035218079,5.82791644906729e-25,2.10157737590563e-20,0.000953407328796003,1
"20109",0.291793604004914,0.00210221623427139,3.98253449355339e-16,0.00152008898463622,0.704584090776177,5
"20111",3.4939034373126e-13,0.993537691643476,5.07296519303246e-17,7.7704211062431e-24,0.00646230835617473,2
"20113",0.753598531664932,0.246294878775528,4.28829338371715e-18,5.32893315910745e-26,0.000106589559540235,1
"20115",0.000295298417789607,0.939962000688472,0.033541893177139,6.13161335842413e-15,0.026200807716593,2
"20117",1.12473262933144e-14,0.999999958412779,1.41925074749607e-58,1.44661024014932e-57,4.15872098072433e-08,2
"20119",0.411929634372705,0.57805017340481,6.55574654209653e-34,1.285960829315e-36,0.0100201922224845,2
"20121",0.95804665253422,0.0412434141593324,1.83662500710645e-31,4.29308125868347e-27,0.000709933306448093,1
"20123",8.77433921409006e-08,0.321992708298555,3.57084304200215e-50,1.47083831345069e-59,0.678007203958053,5
"20125",0.00209580179859441,0.0012150155794741,0.996286440506894,0.000400681728907922,2.06038612992415e-06,3
"20127",0.721833806835975,4.86482173159693e-07,1.33517362158329e-53,4.51473416467824e-29,0.278165706681852,1
"20140",0.216354097681397,0.783643461227599,5.2785092549765e-20,8.92376399882278e-38,2.44109100372166e-06,2
"20142",3.44859649569082e-09,0.000708211675669966,6.79000000256077e-05,0.999198247389608,2.56374861000738e-05,4
"20144",0.000325372926271769,0.993268921494012,0.00637714204634884,6.1288890665848e-12,2.8563527238069e-05,2
"20146",0.0010378327428043,0.350942343476929,3.04341221599803e-06,0.000972610011780164,0.647044170356271,5
"20148",0.801906500828103,0.00531880013053723,0.186494531620479,2.1348182062951e-10,0.00628016720739843,1
"20150",4.56977125069043e-07,0.00395124126253766,0.355261787023186,0.640786394503543,1.2023360879557e-07,4
"20152",0.916117351011852,0.0338951035050931,0.0499646438862677,1.21613557984955e-07,2.27799832297123e-05,1
"20154",5.19005960932092e-07,0.000136248237123239,7.64712848428392e-60,6.22361191671999e-39,0.999863232756916,5
"20156",0.0661126199016204,0.932667156138109,2.04348715738128e-15,2.20539255127698e-07,0.00122000342101389,2
"20159",8.40698716241417e-06,0.00871244838835444,1.74786828015557e-08,0.991257537881189,2.15892646113877e-05,4
"20161",3.59806606355354e-07,0.919368206187592,6.14551239123895e-12,0.037799277677207,0.042832156322449,2
"20163",0.767557627503991,0.00451806019825847,2.37254995761272e-06,8.01883681660585e-26,0.227921939747793,1
"20165",6.83398442411483e-05,1.72390435088972e-05,1.82846141511557e-21,0.0374303295986503,0.9624840915136,5
"20167",0.122979952556654,0.000393222011286465,0.871482150537678,0.00462798659589015,0.000516688298490857,3
"20169",2.5390247780798e-13,0.000299172752817691,1.28889504412384e-10,0.999637683434017,6.31436840223668e-05,4
"20171",1.96772009405947e-11,3.07726751353975e-05,5.52692895112149e-76,3.21878725038557e-43,0.999969227305187,5
"20173",1.78949442427943e-11,0.00662960487008335,7.30960926967773e-36,8.22506666694454e-12,0.993370395103797,5
"20175",0.626738914420358,0.0363292759311656,0.332547801549829,0.0043812770041287,2.73109451800658e-06,1
"20177",0.0244657761806651,0.975505557672199,4.54014116463942e-25,8.32385639048003e-16,2.86661471353e-05,2
"20180",0.891935055025439,0.000600046917822286,1.1712744321331e-37,1.75645992747548e-52,0.107464898056738,1
"20182",3.34712058823767e-33,0.999866208556811,5.38053521854602e-29,3.3749729593596e-10,0.00013379110569212,2
"20184",0.000168976435321735,0.00258326347464774,0.000197356316215273,0.997049707890381,6.95883433672152e-07,4
"20187",3.04056667658497e-07,0.999993041797152,2.41804013907966e-15,3.24032615431412e-10,6.6538221456971e-06,2
"20189",0.988560224769053,0.00339211264777947,3.21371666808112e-13,1.03530379054726e-17,0.00804766258284573,1
"20192",7.15273953747523e-08,1.28013231341727e-05,4.36038392923576e-42,3.64947124757688e-51,0.999987127149471,5
"20194",1.46779488630434e-09,0.999876209004642,1.50864386660418e-07,0.000110695145348546,1.29435178274853e-05,2
"20196",0.00683581013818592,0.00135149924939692,2.70201309500944e-50,1.24584758348037e-43,0.991812690612417,5
"20198",0.532195813499805,0.467523648319462,9.04714968124977e-07,1.41005640603989e-11,0.00027963345166495,1
"20204",0.000108814992863905,0.00501251451614317,0.869116533290978,0.125748045807003,1.40913930117908e-05,3
"20207",0.408348592012395,0.111397500155294,7.44161538419077e-42,1.82290723574477e-22,0.480253907832311,5
"20209",2.56881518375705e-06,0.99999742230222,1.46807046118933e-12,3.70254635176199e-42,8.88112855690438e-09,2
"20211",9.69203621785122e-07,0.00972039150402921,8.45519755607672e-38,1.63956640201242e-45,0.990278639292349,5
"20215",0.926093995887926,0.000179120342708966,1.26103147299438e-19,2.77241284192411e-22,0.0737268837693657,1
"20218",1.14455714565343e-07,0.000427598639257119,0.00484749689484269,0.99470669806591,1.80919442761032e-05,4
"20222",0.567030197229377,7.12201430451682e-06,1.03442841873175e-27,2.99841474886424e-23,0.432962680756319,1
"20225",0.000160717203337955,0.959316166005575,0.0099357586770203,2.53948067977956e-10,0.0305873578601182,2
"20229",0.00269642519793028,0.995934257865546,3.34713301914368e-13,1.94927741421135e-25,0.00136931693618839,2
"20232",0.871119579237131,0.128707396069477,1.77052658884632e-14,1.67422182675181e-18,0.000173024693374035,1
"20234",6.44666016872685e-07,4.85605973091638e-07,1.00939286010616e-92,4.33027215788186e-80,0.99999886972801,5
"20238",0.791288384510441,0.00152135043980768,2.46384118600661e-28,4.6437286796787e-20,0.207190265049751,1
"20253",0.920269959464885,0.00550926035624508,1.28191832423972e-38,5.12716846485633e-30,0.0742207801788702,1
"20255",0.0246705152718263,0.0045665274866093,0.970748563438993,2.46108021352808e-08,1.4369191769568e-05,3
"20258",0.934215259057532,1.24608642738772e-06,4.4901668251297e-33,9.44858886268738e-32,0.0657834948560401,1
"20269",0.823471675614605,0.000147147061743885,8.81114745338371e-18,2.57259024750667e-08,0.176381151597748,1
"20271",0.39187181973608,0.00143488079149351,3.97630822131268e-37,1.04767289477199e-37,0.606693299472427,5
"20285",0.000142825022456122,0.999857174414765,2.43993642137239e-14,1.70731324063027e-12,5.61047380749211e-10,2
"20288",0.976295499398543,0.00467765203164202,2.13355499187343e-19,3.07422631226098e-19,0.0190268485698146,1
"20291",0.00378263880415404,0.986151086596002,1.59344232022846e-47,6.77318136018073e-33,0.0100662745998439,2
"20295",0.00124657496267099,0.000131811458576527,2.40619540564159e-20,9.71923790649178e-16,0.998621613578752,5
"20298",0.00262796353763424,0.000951098632331435,0.996419968506633,8.58636410797965e-07,1.10686990208297e-07,3
"20302",0.00207011734793083,0.0700140184247483,5.13282884132203e-05,0.927861680862838,2.85507606947798e-06,4
"20305",0.00128371861331713,0.00319508897438173,0.995520031061433,1.15005130508754e-10,1.16123586260013e-06,3
"20307",0.985045173573638,0.00226711629358711,7.4204934340508e-40,3.57752686774741e-28,0.0126877101327748,1
"20310",0.00587197675379428,1.01679129364402e-08,1.66340625295664e-73,1.42497896710081e-50,0.994128013078293,5
"20313",3.21316478060019e-13,0.00959029643189056,9.64583839602321e-13,0.990389908933671,1.97946331524069e-05,4
"20315",0.993400601759653,0.00571912512499626,2.69086171805286e-32,9.71864606897301e-28,0.000880273115350736,1
"20319",0.00579694826790674,8.38487796957975e-05,1.04132880414552e-48,4.64691940265203e-51,0.994119202952397,5
"20321",0.557788513513582,3.71916275655541e-07,1.7194001980053e-36,7.80797273040006e-25,0.442211114570142,1
"20327",0.929125072781623,3.8537072182801e-05,1.2713624490931e-35,1.60551986284973e-26,0.0708363901461939,1
"20329",2.07083575798519e-12,0.999999610748528,8.21931317903276e-09,3.79721588124811e-07,1.3084996991579e-09,2
"20335",0.12242142430795,0.000148197937214267,1.0066608243472e-50,1.22906485737598e-31,0.877430377754836,5
"20337",2.46004670590588e-05,0.000697786208932031,3.57707445230899e-05,0.999239427547644,2.41503184185005e-06,4
"20339",5.14920407604422e-08,0.53541170060141,1.6040199240247e-28,2.44729889711956e-48,0.464588247906549,2
"20341",6.94233305168002e-09,0.673134082645107,4.81198970058508e-55,1.93106658767499e-25,0.32686591041256,2
"20343",0.00689160675454031,9.2150510605141e-05,1.36919055798106e-54,2.6598670993525e-22,0.993016242734855,5
"20345",0.930839891429099,0.0686963671411161,0.000463716792834379,1.64664429707152e-18,2.46369505909236e-08,1
"20350",1.88278696281205e-06,0.999085240083164,1.97203803490622e-29,8.97971454255546e-21,0.000912877129872778,2
"20352",4.80726049710245e-11,4.42021951262021e-05,4.62764947092857e-10,0.999474971921694,0.000480825372341987,4
"20355",6.02634930009658e-05,0.861913047824614,2.01289240326532e-13,0.132562094376407,0.00546459430577715,2
"20358",1.19219752437868e-09,0.999139449084978,0.00068341859133798,3.15652116829871e-05,0.00014556591980335,2
"20363",0.928890406460495,7.18535669604603e-07,3.9909966195089e-28,1.33786094162835e-21,0.0711088750038353,1
"20365",0.235793630929508,0.75586687466655,2.68620073086382e-24,2.36779480979717e-33,0.00833949440394193,2
"20379",0.166669137881783,0.780753534169785,0.0525758953940437,8.8080443026492e-07,5.51749958364909e-07,2
"20387",0.97106873556857,0.00033595075860126,2.67505369092867e-24,2.49502242163463e-22,0.0285953136728291,1
"20392",1.24395859965147e-06,0.000125368317610152,3.92794523085295e-45,3.597645917212e-58,0.99987338772379,5
"20395",0.750030642215408,0.0609866748627827,0.188901335490885,6.54350823524721e-05,1.59123485710703e-05,1
"20397",1.43130066948714e-24,0.999987949683778,1.28408226480934e-18,1.19434790617565e-05,1.06837159692325e-07,2
"20410",0.987411353069534,0.000882188352240819,9.80853591518582e-19,1.03990278484696e-33,0.011706458578225,1
"20414",0.0319904113267269,0.00111888856354656,0.722805118705611,0.0571077759351366,0.186977805468979,3
"20417",2.30448960732882e-18,3.72550834352827e-07,1.03484641574699e-123,1.52338819438013e-100,0.999999627449166,5
"20419",0.677827782701408,5.14468311043291e-05,9.74281025412476e-42,2.57231555830735e-24,0.322120770467488,1
"20421",0.000626843810820984,0.972936018487656,2.29552621274697e-08,0.000260970263815474,0.026176144482445,2
"20423",0.00409410574986711,0.0216941538522587,0.881135821099324,0.0928836866870691,0.000192232611481201,3
"20425",0.0262399443894774,0.364197155822377,0.0524024832831302,0.543209476823125,0.01395093968189,4
"20427",0.983401780384548,0.00748986215476068,0.000111672681143676,2.37554242455776e-13,0.00899668477931049,1
"20429",0.000381629556588857,0.177425326071888,4.56161446680068e-45,8.4058514963664e-22,0.822193044371523,5
"20432",7.38954791332347e-05,0.0104333161242122,0.693026184323083,0.266430686333247,0.0300359177403254,3
"20435",0.636905133116732,0.0109284984583979,1.03804759742444e-10,6.5237490014486e-23,0.352166368321066,1
"20438",0.57103081725158,0.0513580136939296,1.27532787569074e-27,3.31411710360587e-12,0.377611169051176,1
"20440",0.968336456371208,0.00105198389353106,2.28296466546813e-38,2.54691829912022e-19,0.0306115597352607,1
"20443",8.14230208004301e-08,0.194704149545211,1.31108039226262e-15,0.800733588777825,0.00456218025394128,4
"20446",0.820474901045174,0.153584090312973,1.78235289045932e-13,3.53219944021037e-11,0.0259410086063535,1
"20449",0.851412133820781,0.148585158601998,8.43909466871131e-15,8.02043140697425e-19,2.70757721226573e-06,1
"20537",0.0395162149726556,0.084879149502339,1.45370857609519e-30,7.62264067329525e-23,0.875604635525005,5
"20540",4.32841039724297e-08,0.00725031122707696,9.25334053768034e-57,8.59704525195565e-64,0.992749645488819,5
"20543",0.944539187017654,0.0552971121188993,1.1260838991106e-09,9.61765132467202e-10,0.000163698775597002,1
"20545",4.09772308862833e-08,0.00147926569025249,2.84826862858239e-42,1.50023551091663e-44,0.998520693332517,5
"20549",0.943088844712542,0.0391405106382706,0.00740356581990528,0.00583524868508128,0.00453183014420089,1
"20551",0.967310987263971,0.0321335024270814,9.3352526951059e-13,8.12434903774631e-09,0.000555502183665259,1
"20554",0.995426241808707,0.000587577396117028,6.09539098484142e-18,2.70868927017976e-14,0.00398618079514923,1
"20556",0.83718939602002,0.162345582541904,2.5979392262591e-11,3.19032330809137e-15,0.000465021412093799,1
"20558",0.969889957307846,4.15604549174241e-06,2.70898792973916e-32,5.74081623909988e-24,0.0301058866466626,1
"20560",0.953866010783275,0.000291595500847769,3.36421201825809e-12,9.00324001735458e-06,0.0458333904724957,1
"20563",0.733972575263543,1.66968434398723e-07,9.89089286448258e-50,7.67399262263161e-30,0.266027257768023,1
"20565",0.56168102261902,7.52892686978037e-06,6.28095650947288e-15,3.1063165254925e-09,0.438311445347787,1
"20567",0.000156031943900251,0.0311260871021352,0.0195378146352941,0.949179392387556,6.73931114716885e-07,4
"20571",0.00171514737417959,0.0412449172297897,9.56898034454902e-44,6.6278849121769e-36,0.957039935396031,5
"20573",0.912100492826346,0.0875904539713438,1.69276261711276e-14,1.14559502273688e-08,0.000309041746342988,1
"20575",0.803723477102342,0.000231896786234737,1.13347193590008e-41,8.8869632379536e-28,0.196044626111423,1
"20577",0.867946249700795,0.132053079291635,4.20146322090965e-09,4.27454811722203e-15,6.66806102308131e-07,1
"20579",5.02893386796281e-16,0.0598839750761773,8.13217393615712e-11,0.940115990316433,3.45260669714055e-08,4
"20582",0.950937496591297,4.39643310826239e-07,2.21296771818691e-49,1.49621278284486e-35,0.0490620637653919,1
"20585",0.0604364742618048,0.00106054734797859,7.7511032150561e-20,3.58756976527587e-35,0.938502978390217,5
"20588",4.79226493572162e-06,0.999987292899917,9.07573423874775e-28,3.26469344094407e-26,7.91483514742017e-06,2
"20590",8.4326957075715e-12,0.00285372218008856,0.000177769485795846,0.996968489080397,1.92452854875002e-08,4
"20592",0.937414170677818,3.43139860806102e-05,4.71599250762001e-48,8.3020754267194e-23,0.062551515336101,1
"20594",0.875782727488761,8.04366047452041e-06,1.51933063552673e-48,1.48576139729349e-42,0.124209228850764,1
"20596",0.986270150095232,0.00792165796500338,5.94777756977303e-17,1.32076262665623e-10,0.00580819180768853,1
"20598",0.993381795969711,0.0047528028537449,8.97981075598259e-13,2.21505325525485e-12,0.00186540117343133,1
"20600",0.0698187659097998,0.928478946275718,4.30586584891479e-12,1.44861789904988e-12,0.00170228780872767,2
"20603",0.02758299772159,0.7864079130486,0.175638342981979,1.24066976778946e-05,0.010358339550153,2
"20605",0.989812211796883,0.00957087804871951,3.27550735490621e-29,2.04857514270435e-32,0.000616910154398073,1
"20607",0.988437473653854,0.0110962025926308,8.9842348005164e-20,4.69012918707804e-19,0.000466323753514781,1
"20609",0.975298027627054,2.34762051549379e-05,1.05117122846118e-15,2.88956503883142e-16,0.0246784961677902,1
"20611",0.00052968624823912,0.0084460818725351,0.990954356858047,6.98698191535941e-05,5.20202568716885e-09,3
"20613",0.990729247869478,0.00329627441162274,4.84696818085967e-07,8.34796944917296e-19,0.00597399302208135,1
"20615",0.854740711691593,0.143262766908841,3.19493215668589e-07,3.62507164970612e-08,0.00199616565563408,1
"20617",1.25968045437087e-09,0.0046001882499726,3.91344645806536e-11,0.99522887886194,0.000170931589272225,4
"20619",0.940667982129704,0.00501335266331788,4.04251041584417e-41,3.66820771323866e-20,0.0543186652069777,1
"20621",0.921349110463125,0.0785305462162071,3.46024370294867e-15,5.44949206700205e-13,0.000120343320119724,1
"20623",0.000130831479194687,0.0236771052001343,2.80347458849633e-09,0.930161599222531,0.0460304612946653,4
"20625",0.00122261793860814,0.997672310234594,0.000172176803235379,2.44248653250223e-09,0.000932892581075363,2
"20627",0.961763111219463,0.0382301460614302,8.45670754581014e-09,1.3104778124725e-15,6.73426239798155e-06,1
"20629",0.935851255488546,0.0641433133911947,1.81554376200566e-11,2.39722326271472e-09,5.42870488073693e-06,1
"20631",0.800306666773484,7.34462929784098e-07,4.64879475949465e-47,3.98747007540716e-23,0.199692598763587,1
"20633",2.65617722694727e-16,0.0015790238111561,5.8777673852026e-13,0.998419925147243,1.05104101257871e-06,4
"20636",0.0113242360455573,0.986919717208021,0.00167392496309068,8.20137880652957e-05,1.07995265803054e-07,2
"20638",0.0808900863796383,0.026755207964371,3.78644395708241e-11,5.48445407355765e-27,0.892354705618126,5
"20640",0.847081332288795,0.138463198386449,9.99707294321368e-28,1.51505596313232e-40,0.0144554693247557,1
"20645",0.917467314580932,7.34185603462006e-07,3.0177095967617e-54,1.84518508630825e-45,0.0825319512334649,1
"20647",3.31039735983728e-15,0.0015357313767714,2.05416568224556e-19,0.997988286024921,0.000475982598304516,4
"20649",0.793701814752761,0.000204015235195023,1.71467057041571e-17,7.48159070057721e-21,0.206094170012044,1
"20651",0.000152780359201851,0.0635591797117677,1.00655578561495e-67,2.98342789966565e-30,0.93628803992903,5
"20656",0.0683297554260198,1.28237743719035e-08,8.66785175773707e-37,9.52784280845624e-37,0.931670231750206,5
"20660",9.07609000672118e-08,0.798396455981666,1.48520815756957e-36,3.89563167836518e-51,0.201603453257434,2
"20662",2.28098688754129e-08,0.819335597516027,1.05803631739784e-09,0.180661456410163,2.92220590425265e-06,2
"20664",0.00309797310732987,0.000386134282241877,7.48193496685311e-28,4.92241475679091e-10,0.996515892118187,5
"20666",0.000252768470183443,0.802893632496999,4.01938725129815e-06,1.16466975460828e-28,0.196849579645566,2
"20668",0.000238603619698669,0.000385698582722297,0.997360351544707,0.0020049436582395,1.0402594632572e-05,3
"20670",0.0361511173768563,7.27316752688226e-07,5.51372391203784e-37,9.59078009083214e-35,0.963848155306391,5
"20672",0.000125427323998181,0.00256810693344827,0.653377751985985,0.343649953562099,0.000278760194469183,3
"20674",0.964823876819536,0.0329693257268524,1.43993738512418e-10,2.27540350446899e-11,0.00220679728686368,1
"20676",7.92976770115036e-11,0.983325483794321,0.0165988730964998,7.56416225106743e-05,1.4073709862789e-09,2
"20678",4.71763731458694e-12,0.897795337580359,0.0937402091537996,0.00846442105292032,3.22082039475803e-08,2
"20680",0.033845259245265,0.0017736029109141,0.928292172920821,0.0351748955075921,0.000914069415407952,3
"20682",0.580667014190501,0.365003936441613,0.05432855442373,1.78357057364424e-08,4.77108450732564e-07,1
"20684",0.242298287957255,0.49861874894431,1.78244083122722e-17,1.04419168688942e-26,0.259082963098435,2
"20686",1.38137150843555e-07,0.000190708270687419,0.000358228247762941,0.999444135343636,6.79000076313215e-06,4
"20688",4.43662367197712e-17,0.980992475982073,1.63560077699758e-07,0.019007315096373,4.53614768221624e-08,2
"20690",0.000893315558530196,0.609606081893499,3.36293694342198e-32,8.38595089066121e-51,0.389500602547971,2
"20692",2.68264872167741e-19,0.00712270979442997,1.90906335950328e-11,0.992877235401697,5.47847820617624e-08,4
"20694",0.000686070533929442,0.000789861588685168,0.998519372267238,4.61462768860255e-06,8.09824590364767e-08,3
"20696",0.0327933268780796,0.193589458407021,0.772967382314954,0.000170586483476623,0.000479245916468169,3
"20698",0.504911853481981,0.00191649562534988,1.61427985558575e-15,2.1349088571926e-11,0.493171650871319,1
"20700",0.0145117767185469,0.135517395435343,1.71895773180514e-28,9.52533288555021e-10,0.849970826893577,5
"20702",0.00249612822397606,0.964332799510622,4.44591903388857e-51,8.18956967105434e-55,0.033171072265402,2
"20704",0.995437055815273,0.00423590201862378,1.05054790070082e-09,1.06382082323315e-13,0.00032704111544899,1
"20706",0.000111525361705004,0.999842560271258,6.41750784662452e-14,2.35213710823406e-11,4.59143434510087e-05,2
"20708",1.32039349811217e-07,0.383748009276532,0.616250821169483,1.03249722648788e-06,5.01740854465595e-09,3
"20710",0.745849193393445,0.17322433855979,5.23241747841213e-18,1.04116259252596e-32,0.0809264680467647,1
"20714",2.3014477677598e-05,0.0416730574693009,8.37516109016567e-06,0.957881327273926,0.000414225618004946,4
"20716",0.949562333059625,0.0502556111221705,3.55998561783366e-17,5.43373945462878e-21,0.000182055818204537,1
"20719",0.0114483586809546,0.98855159404223,6.91400763291386e-15,4.96787971099426e-19,4.72768087320753e-08,2
"20721",0.865686836997173,1.80940439823904e-05,4.43020774907252e-51,3.91398073945456e-25,0.134295068958845,1
"20723",1.82637903514336e-06,0.999888635175627,5.06830261583999e-27,6.93372067259658e-27,0.000109538445337657,2
"20725",0.0272352971922281,0.000974555759414323,0.971755635846923,1.64940086834886e-08,3.44947074260502e-05,3
"20727",7.23288820032786e-16,0.999780593625292,1.58302561028779e-13,8.67846717079858e-05,0.000132621702841072,2
"20729",6.49651538659657e-05,0.0014292003071675,0.998505829395773,8.10611113182743e-11,5.06213265045504e-09,3
"20731",0.00242200154955977,0.00127098042474314,0.996306354712364,5.9101429703022e-11,6.63254231233821e-07,3
"20733",0.885841275277949,0.000899931171534399,1.19564943327364e-11,4.75572439322816e-23,0.11325879353856,1
"20735",0.966959320635761,0.0329889625891996,1.42766504503988e-06,3.15448742784265e-18,5.02891099942247e-05,1
"20737",8.50923820379561e-07,0.0090955302697359,0.990576107626948,0.000327433806781241,7.73727145898599e-08,3
"20739",2.4983211929582e-15,0.00114437258158797,5.56197706798138e-09,0.998853498664998,2.12319143408602e-06,4
"20741",0.233945727266162,0.00165432986670645,0.757777893763608,0.00424020643736908,0.00238184266615443,3
"20743",0.342427242261099,0.377871573175523,0.27968580278975,9.90392615005384e-07,1.43913810139481e-05,2
"20745",0.515624943117423,2.62870880150744e-07,1.19903038869423e-43,5.14375980584282e-31,0.484374794011696,1
"20747",0.000184780140209308,0.046482656915665,0.953308834817313,2.365056412684e-05,7.75626862320011e-08,3
"20749",0.000223381319167933,0.150153310656928,0.8486971274434,0.000925891863693226,2.88716810628529e-07,3
"20751",0.00030127558237319,0.983376968496981,0.0162043533976435,9.54561937780333e-21,0.00011740252300208,2
"20753",0.0140409668088385,0.0152896857106968,0.970662241211019,1.95807640295958e-13,7.1062692499902e-06,3
"20755",1.40803997042579e-12,0.999991267007456,8.72841024167291e-06,1.16002453583182e-10,4.46489170930243e-09,2
"20757",5.89093041877463e-08,0.99951379412062,2.52361562337617e-18,3.84433840425045e-08,0.00048610852669151,2
"20759",0.49733240322445,0.0850208444821411,9.46674922181109e-34,3.83315880344318e-12,0.417646752289576,1
"20761",0.786520015697164,0.00275180552538672,0.210325601189036,3.16852719693108e-05,0.000370892316443338,1
"20763",0.0237949631294371,1.04810010485311e-06,2.3581744082745e-07,1.07618793867121e-10,0.976203752845399,5
"20765",0.0591965233119088,0.000834275756349314,0.931602840229937,0.00832763616940138,3.87245324039142e-05,3
"20767",0.698061857555709,0.301937546614313,1.50780069832679e-18,7.44950519122388e-24,5.95829977620932e-07,1
"20769",0.0164411386650557,0.834816057887366,1.77134310448608e-27,1.42924589139455e-58,0.148742803447578,2
"20771",0.949242352423217,0.0214779207809059,0.000519748320862319,0.0279854689541394,0.000774509520875199,1
"20773",1.93402225232039e-10,0.999999999800322,8.98857920297625e-18,6.11099959126689e-18,6.27544299670472e-12,2
"20775",0.881253269145698,0.0838172748897629,0.0349291064809539,7.4286014961999e-14,3.49483511012849e-07,1
"20777",7.43354634159462e-05,0.000901686311003126,1.64343373541564e-15,5.26817255293913e-33,0.999023978225579,5
"20779",0.0435101264403758,0.00245100869372592,0.954033599993859,6.14044179500942e-13,5.26487142504127e-06,3
"20781",2.89430040960993e-29,0.999589779060383,3.7096537574397e-41,2.27862849662252e-37,0.000410220939616703,2
"20783",0.922171552983366,0.0345897259447284,0.0308093823127405,0.012428102699895,1.23605926974469e-06,1
"20785",1.00250712802685e-18,0.999999996093121,1.41793463035222e-21,9.95447980713036e-13,3.90588322402612e-09,2
"20787",0.00278487613480816,0.00235435624652246,0.990512665807107,0.00434802886813773,7.29434244389247e-08,3
"20789",0.982627091765196,0.0173272179990164,1.51321553463172e-07,1.39003760357706e-18,4.55389142343696e-05,1
"20791",3.00879869103828e-05,0.000621739597051909,0.998759118925541,0.000589022947545432,3.05429515648041e-08,3
"20793",0.988717035817584,0.00368587030631976,8.21411078337647e-05,7.0845050487293e-19,0.00751495276826304,1
"20795",0.00513508621050868,0.00652913056105844,0.00214094654717976,0.986194785761408,5.09198453524894e-08,4
"20797",1.08279492426884e-24,0.963401099158516,1.18163083541646e-26,2.72665436731684e-12,0.0365989008387576,2
"20800",0.00261661650397105,0.0125012692417457,0.00186446070981241,0.98300534009086,1.23134536104859e-05,4
"20802",0.138438250339014,0.0039970040719248,0.830865500923098,0.026643392420513,5.58522454497562e-05,3
"20804",5.6361370953464e-06,0.0032234913967374,0.996770853852469,1.37713261225194e-08,4.84237266707658e-09,3
"20806",5.19736182770629e-06,0.00230317827273614,0.0511537971076649,0.946537734929257,9.23285141069812e-08,4
"20808",0.995392894163215,0.00190322056378324,8.15412610422231e-14,3.45030430677416e-23,0.00270388527292016,1
"20810",0.0283996370022228,0.92581980860688,0.0297911041020871,0.0157813884217217,0.000208061867088278,2
"20812",0.21615042376211,0.217917927923238,0.563401931109135,1.42563417540207e-05,0.002515460863763,3
"20814",9.03885836160488e-11,0.340119832768196,0.659721238195811,0.000158866220721327,6.27248831286802e-08,3
"20816",6.14742089984726e-05,0.999937584971154,5.80035855877289e-39,4.57235501317717e-52,9.40819847292698e-07,2
"20818",0.952111407828495,0.0309591838528741,0.0167374435486185,0.000188110031562402,3.85473844992034e-06,1
"20820",6.80695270022204e-16,0.00900979288276652,1.98587169562946e-16,0.990889142206645,0.000101064910587148,4
"20822",0.0608198634804692,0.000466968281261354,0.938566127987784,0.00012401386242,2.30263880653396e-05,3
"20824",5.94153307414763e-20,0.999999999329313,8.56631940501181e-20,1.97995782371022e-13,6.70489101209398e-10,2
"20826",1.36016366277549e-09,0.0001119697580126,4.58293751103422e-06,0.999876715375534,6.73056877835927e-06,4
"20828",2.55091903015184e-15,0.000752282157177161,2.61280385375234e-15,0.998751654729787,0.000496063113030204,4
"20830",0.000126306767885698,0.0114680524518445,0.988405586263324,4.30539619684338e-08,1.14629840740346e-08,3
