"","V1","V2","V3","V4","V5","V6","V7","V8","V9","best$classification"
"19811",6.03124694495126e-08,0.00113862812317342,0.000184557379819168,4.50806726314101e-10,0.000323614661559166,0.0267675154151921,1.49226347279629e-05,0.000597346224798101,0.970973354797454,9
"19813",6.95975334070375e-09,2.6765745662429e-07,4.81959956095756e-07,3.66808067782646e-12,1.20132883083705e-08,0.99999234621932,3.4422575916718e-08,4.14628934171424e-07,6.43613504691629e-06,6
"19815",1.07013215117433e-05,0.0268673023756266,0.00617026349297045,2.53723812423032e-05,4.70883825677079e-06,6.46599031340279e-07,0.00143969772435583,0.00689593700446441,0.958585370262541,9
"19817",2.68892292739561e-07,0.00274208525774185,0.00406260124094813,1.43094473309211e-07,0.000249322651476997,2.23507556648826e-06,7.97637189298751e-05,5.36253125509854e-05,0.99280995475602,9
"19819",0.247614646474635,7.85480334909677e-06,0.033107278782828,0.698984429679488,7.3515865833451e-08,4.24338600871328e-11,6.1884138095e-05,0.0202224783079385,1.3542553659265e-06,4
"19821",9.05631497710141e-06,0.000315859797682825,0.00311450769269774,5.10473660479892e-09,0.0113287720003906,0.00821058917157402,6.06488415911347e-07,0.00119962008719276,0.975820983342332,9
"19823",8.28270400481839e-07,0.000291335114116798,0.00100688671243716,0.000886005434239844,4.42805314562334e-05,5.4918067424941e-07,0.61214087442749,0.00179722475283193,0.383832015576353,7
"19825",0.0678140586023381,0.00256429795441614,0.00706669267750874,8.98540144100607e-05,0.918465388914362,0.00293049438717035,4.85267733074722e-06,0.000537554904513102,0.000526805867950389,5
"19827",1.60307431038056e-06,3.55326120906952e-05,0.00195595894559067,2.87843244369975e-06,0.358864240092478,1.58292207474601e-07,0.000225550086710427,0.000791832648776157,0.638122245815392,9
"19829",0.0921083364246839,5.58531128420298e-05,0.905027754309863,4.94551365204115e-05,0.00240193748548681,6.15239726123137e-07,4.40214613228728e-08,0.00023052889018997,0.000125475379226757,3
"19831",0.15047024800939,3.18556835656863e-05,0.560327815123777,0.170171488757488,1.60956468950144e-07,3.627362295663e-07,0.00378233072878666,0.115198853083169,1.68849211245209e-05,3
"19833",8.15142427777314e-06,0.00195835982029209,7.2961776073513e-07,0.178746469881871,1.56481457977331e-05,1.60115221447982e-06,0.819268654673118,2.40131233909215e-07,1.45153433832305e-07,7
"19835",9.05631497710141e-06,0.000315859797682825,0.00311450769269774,5.10473660479892e-09,0.0113287720003906,0.00821058917157402,6.06488415911347e-07,0.00119962008719276,0.975820983342332,9
"19837",2.70663992143638e-06,4.46273095379907e-05,0.0176062137989557,2.23406563242942e-07,0.0176949200722938,1.08756960920649e-06,1.55215575869169e-05,0.000430348698173297,0.964204350947358,9
"19839",0.130313336295658,0.00054002683453251,0.150402834240601,6.89567948732615e-06,0.0176474915598245,0.000861238400116389,3.72334243681475e-07,0.699702668173074,0.000525136482462424,8
"19841",9.37713645605549e-07,1.57554937178699e-08,5.73224865939466e-07,1.15339641360819e-09,0.999975867640204,1.86108966165141e-05,8.87035228511886e-10,4.60454655833363e-07,3.53227408709217e-06,5
"19843",0.921860380497664,0.00155636233339861,0.0108189208092185,2.73378711632588e-05,5.59976726444515e-09,0.0135903871270253,2.24986436730167e-07,0.0521451621504637,1.21862486276223e-06,1
"19845",1.01270708592852e-08,0.000112088827945896,7.32202580387539e-06,1.41923878739048e-10,4.52461753016507e-06,0.935903190023059,1.45128506351952e-05,1.5854122438813e-05,0.0639424972635921,6
"19847",7.02543093762025e-05,0.0228460958905003,0.0354153578890019,2.16898497029515e-06,6.11737607401412e-06,0.00617797283388704,0.000599710312053237,0.0170947480756841,0.917787574328453,9
"19849",4.44616657049924e-10,6.16123195222999e-08,3.35445213696441e-08,7.1033842487698e-13,3.11886381727499e-08,0.999977331065137,4.24678318028174e-08,3.23639003386756e-07,2.21760372221815e-05,6
"19851",6.31580760125891e-08,0.000761853063798453,0.000396892807009335,9.38221263530675e-08,9.78377578036173e-06,6.0226389792237e-06,0.00025284935332599,0.000138846513512505,0.998433594867392,9
"19853",5.08144789923785e-10,7.46277919264763e-05,6.37578998266282e-06,4.91572606577809e-08,0.000111474422652407,0.00664810623631416,0.0667352756243278,3.94967607242637e-06,0.926420140793319,9
"19855",2.88859523717366e-09,0.00010313195439309,0.000259764974088038,6.05253855294769e-09,0.00121126461644381,0.00034087979923147,0.0003418252952938,1.13722440385064e-06,0.997741987195012,9
"19857",7.35840206739086e-05,0.00558996846277143,0.306506584884986,3.01427393596125e-08,0.0114362800978875,0.011108193084887,3.51117609042867e-06,0.000954635854973034,0.664327212274991,9
"19859",4.16469070068227e-06,0.00230880901556235,0.045831463703245,2.44734555297469e-06,0.00847234287509426,6.27187162462499e-06,0.000549786336172902,0.000459143705925783,0.942365570456122,9
"19861",5.82567401906885e-08,0.000416144912855712,0.000161056853609143,1.97959731803757e-09,1.16161473553912e-05,0.0966474415193194,0.000116415423600697,0.000770087401690695,0.901877177505231,9
"19863",1.36952011055032e-09,1.49951935802269e-07,1.10560028768539e-08,1.59124620982935e-12,0.00425393970709494,0.995736127499754,1.42427242350899e-08,7.30761508344045e-08,9.68309522637534e-06,6
"19865",2.59829783420592e-08,2.28085909927624e-06,3.33126731378595e-06,4.28568926143954e-10,0.998519910533923,3.7197855924097e-07,1.33078530834678e-08,2.46096544124898e-07,0.00147381954516065,5
"19867",6.17980917569305e-06,0.0102866706200788,0.0017164426167181,3.06525726779262e-07,7.55803031888433e-07,0.00431804274651452,0.000235315369558556,0.00607538348830401,0.977360903020892,9
"19869",3.79990055377238e-10,6.43906558249908e-07,4.94496404651116e-07,1.60304534279872e-12,1.63673071884382e-05,0.993954180726233,4.33794497563519e-07,7.79668535164183e-07,0.00602709971899022,6
"19871",1.24224938620126e-05,0.000592908020166704,0.172650155635281,3.99022776407775e-06,0.0294828771898255,7.38835980381783e-07,0.000149118715640074,0.000249921532134328,0.796857867349346,9
"19874",5.97760359830784e-08,0.000399992826663449,6.04197715401752e-05,7.33528777499328e-08,0.767083611353893,1.85662141438306e-06,4.2170890073385e-05,1.5553093483655e-05,0.232396262314018,5
"19876",2.51193313077203e-09,1.06773102442145e-05,2.76513580426798e-05,3.62729306241309e-10,0.131957281207091,0.000112485867290563,6.62896390851848e-06,4.81728587238591e-06,0.867880455132888,9
"19878",0.00114696585975855,0.998241043971586,4.51809761879478e-05,1.16832717688684e-05,6.83639950075039e-07,1.31588369331608e-06,5.28312873494962e-07,0.000443769914475701,0.000108828169706101,2
"19880",3.03447212307548e-10,4.54271030355123e-08,2.25803284057771e-07,2.32364487022558e-11,0.998800993880017,4.69217769645079e-06,4.31810372625527e-08,2.86438791533687e-08,0.0011939705602999,5
"19882",1.18059366117086e-07,0.00862282346539844,4.54390990045013e-05,5.30774682340311e-09,0.000480496321877566,0.186286875832559,0.000139003705371183,6.97577007480106e-05,0.804355480507928,9
"19885",3.92039373786607e-05,0.00575375844255597,0.127201033160755,3.50122517972106e-07,0.000256199134127846,3.54882790655387e-06,5.30731625052425e-06,0.00173064556022813,0.865009953498279,9
"19907",2.00908305810567e-06,0.0115608773699918,0.000542770058875269,3.76255829344055e-08,4.84750317741806e-06,0.0466339395400862,5.17991456428871e-05,0.00034398547224498,0.940859734201341,9
"19909",0.0222024072933004,5.34231003644961e-06,0.949670847801001,4.57807932360433e-06,5.87878635161332e-07,2.85448608043096e-05,2.29267221915217e-07,0.0274813207072778,0.000606141802399572,3
"19911",0.0244963261760805,6.88847853222859e-05,0.942347238660398,0.000103759876925521,0.0058383270973161,3.24757328760151e-06,1.22499446809521e-05,0.025384288018381,0.00174567786760801,3
"19913",4.83526598155343e-09,8.68119282095907e-09,6.74270718115578e-08,5.67958796608082e-10,0.999994795120587,9.75548227274063e-08,1.03140216309039e-08,1.97043412611932e-08,4.99579473750314e-06,5
"19915",3.53462306131079e-08,0.000109697834411682,0.000125186293325057,4.54257413797692e-08,0.279817652029298,6.68372416525965e-07,3.47612580795811e-05,1.33870350951375e-05,0.719898566405402,9
"19917",2.67585771505091e-07,1.78998693542679e-05,6.69126740575392e-05,1.53782464793316e-08,0.993013633674307,7.95362942064585e-07,1.1242938778248e-06,4.94844015618199e-05,0.00684986675988129,5
"19919",1.21673394311638e-06,0.00398012050914219,0.0037582223625717,7.90159391645914e-07,0.111125738958225,5.04095950464145e-07,8.70084189841443e-05,0.000153491224283811,0.880892907537508,9
"19921",6.41744001464912e-07,0.00466651581592477,0.00167814051013396,7.19440559277348e-08,2.63379198439455e-06,0.000103157007116861,9.44841826977315e-05,0.000860418436273289,0.992593936567812,9
"19923",8.69223807581248e-05,0.989767861341545,0.000197669756155386,5.97880198914409e-05,2.66598073834307e-08,5.02227413816226e-06,0.000329416652178762,0.00502300366570014,0.00453028924982555,2
"19925",5.78413257234453e-08,7.70493799113386e-05,3.93095207932666e-05,1.97968780645247e-08,0.942456264553546,2.66810342326799e-07,3.43741844098814e-06,5.83747024109973e-06,0.0574177572085206,5
"19927",4.9351673827295e-08,0.000170372039302247,0.00111691553061075,4.02646779052274e-08,5.25618491562891e-05,7.72002626244606e-06,0.000124074263016826,7.71815575301707e-05,0.99845108511777,9
"19929",3.21758677854699e-09,4.50366633087873e-08,7.99512457444827e-08,3.90382348626284e-12,0.541627122333121,0.458275789161225,3.04120942986447e-08,2.99528726292879e-07,9.66303554339844e-05,5
"19931",2.19855923530198e-06,0.000719168545615579,0.00407118787513218,1.67509180394286e-06,0.000351574856072663,2.64831661315695e-07,0.000180546887390938,0.00374865022401723,0.990924733129071,9
"19933",0.0136366069057852,0.000115819139875373,0.733555264641993,0.000259177286910122,0.000245786491966026,9.05638052829012e-08,1.34082732807256e-05,0.179621837386823,0.0725520093095609,3
"19935",0.00239956373080818,0.0120259193779338,0.0759341490848568,4.71802784723782e-07,0.00063799229168302,0.000368090530323891,1.42651729672767e-06,0.276350813093651,0.632281573570662,9
"19937",7.63462559052219e-07,0.00289255126800624,0.0021886045830852,3.64842242676134e-06,4.63051522367246e-06,7.98555432898565e-07,0.00128172563271415,0.000561629018618109,0.993065648541934,9
"19939",5.75941605888259e-06,0.292814062004169,0.00230196771036392,2.15547244196489e-06,0.000581010036955991,1.79494147077194e-06,4.58200646661137e-05,4.63795670812739e-05,0.704201050786792,9
"19941",0.0760334377006356,4.10374075634544e-06,0.262018999061936,1.3355034461129e-05,0.0313214030233293,0.000108539858284544,9.44197588216683e-07,0.629404315585919,0.00109490179708955,8
"19943",5.5672101825379e-09,4.73761052101301e-07,1.49230022914769e-06,4.35151424498755e-09,0.999594985168583,2.54741307957406e-08,2.09850336921517e-07,2.81639573741093e-08,0.000402775362985954,5
"19945",0.0144253965848893,0.00143570342591142,0.231153644098584,0.000371983486226608,4.51036262828045e-06,2.09761741275979e-08,1.85163840927422e-05,0.746256720883474,0.00633350379802006,8
"19947",0.00371417586286543,7.88343251424834e-05,0.57830218375448,8.17664219372394e-06,0.406164741356639,0.00953922223413595,7.02184062951284e-06,2.50791492764191e-05,0.00216056483463717,3
"19949",0.00213393759624881,0.961727841487913,0.00259365834448215,0.000668478655807085,2.38878511426728e-07,1.35473698773711e-07,9.24263170930726e-05,0.0186574930161774,0.0141257902300677,2
"19951",2.68507010058247e-05,0.0501035937508841,0.000809075088440201,1.07207461211323e-06,0.737078272794798,3.82752056072344e-06,9.67909295769674e-06,0.00142913371245167,0.21053849526429,5
"19953",0.0246909547223132,0.000914632578125768,0.0206337131194456,0.884824504065259,8.9987203527044e-09,1.06579095018489e-08,0.0322873809075678,0.0365395832744876,0.000109211676171016,4
"19955",0.159332934884441,0.254105944493098,0.487476609289328,0.0254978446549305,8.33558173608089e-07,7.28526762815541e-06,0.0013985828532464,0.0719649145471133,0.000215050452041397,3
"19957",4.77688978826695e-06,0.000110151288978427,0.0327730806228861,3.54758062143151e-05,0.913477955166994,8.76424143767468e-06,0.0063741746970549,4.05935238988551e-05,0.0471750277627475,5
"19960",0.205845483521729,0.00133096678208967,0.79247728549074,3.55824709255054e-05,6.7671887519821e-05,1.02771097061284e-05,5.78947990565375e-08,0.000126613908484556,0.000106060934007084,3
"19963",1.2652587119975e-05,1.09055031638958e-06,1.21878852955511e-05,0.00304872779004308,0.917288142060964,1.59776904489645e-05,0.0790768427341366,0.000473201515345839,7.11771863300322e-05,5
"19965",0.750334870494711,0.103702445219263,0.0472308949465253,0.000337963152356647,4.41638118976051e-09,3.04333885846619e-05,7.04254045857536e-07,0.0983528463869174,9.83774121507679e-06,1
"19968",7.74015953273015e-05,1.92274033056969e-05,0.000936999065348595,2.30587755312467e-10,0.765856171391865,0.222909456363223,2.03868664437327e-09,0.000209974939138531,0.00999076697251777,5
"19971",0.000152712922729058,7.98496975140576e-06,4.55259876184247e-05,0.00071874585172986,0.999061549777938,8.90768530267347e-08,1.16116821990445e-05,2.0604544868172e-07,1.57368573283636e-06,5
"19973",2.1262114920854e-07,0.000336726055446408,0.0011894736840256,4.62871236425482e-09,0.00154654487050619,1.11970293155712e-05,2.79447893423536e-06,0.000172568799270365,0.99674047783264,9
"19975",2.35324706128859e-07,2.3767578618724e-05,9.9032291002115e-05,5.43159732974145e-10,0.977993468415177,1.11268060650641e-05,3.86775503370783e-08,1.00514493105625e-05,0.0218622789144109,5
"19977",3.17442788026765e-06,0.000450424793407846,5.27398093201971e-06,1.5476156792625e-06,0.999302298579146,4.26149365048915e-05,1.84943270754234e-05,6.26662703578346e-06,0.000169904712339125,5
"19979",0.969584095935359,1.52830075837239e-06,0.0277377577926763,0.00195939928940017,1.52333797202912e-07,4.36744523697776e-11,3.09350183537274e-09,0.000717026793554278,3.64172783655024e-08,1
"19981",4.25405609387942e-05,0.000372345339729108,0.56634582622313,3.25332037782807e-07,0.000127713810077248,0.000341271978417099,4.4118144605584e-05,0.00627436723524833,0.426451491375817,3
"19983",0.000244976938589832,0.231086585768488,0.481892140932586,3.65413313500009e-06,8.17816153560446e-06,0.00025704604992682,8.10590075614971e-05,0.000756967291892142,0.285669391716285,3
"19985",7.46983053631255e-09,8.05041700986561e-05,3.6040374144988e-05,1.32427766329551e-09,0.748431866804757,1.54159815269608e-05,4.69343564713617e-06,2.18535276873229e-06,0.251429285086948,5
"19987",0.000491292504851177,0.000148656197108518,0.351631824639665,8.79251314390245e-06,0.0246903811072575,1.54899526921803e-06,1.82279680979131e-05,0.00999043753886438,0.613018838535742,9
"19989",0.893682513251417,5.75256222976207e-05,0.0212599162825533,0.0243139123362159,5.56901315185553e-10,1.62715975204558e-10,5.11718645079559e-07,0.0606844496582096,1.17041104416605e-06,1
"19993",0.0231486612620079,0.758013197000681,0.06056424865996,0.000283750887138449,0.0105692495485558,2.06908416978718e-07,3.05031430089311e-06,0.00794796710540275,0.139469668313536,2
"19995",0.0756339658518318,0.025665318181061,0.229065655518107,9.93912748104972e-05,0.003050682729836,2.10054381777939e-06,4.01784018619269e-06,0.596926175146797,0.0695526929135526,8
"19997",4.37567714749674e-08,0.000221492441467562,0.000189449036976822,1.25495328009255e-08,0.0029709043765432,1.09968932612349e-05,4.56655345037924e-05,0.000438320017986387,0.996123115392957,9
"19999",3.27110706437735e-09,2.23410047844027e-05,9.89522322784554e-05,2.2745522295374e-10,0.0149657039297945,0.0003265864864942,6.61276893970618e-06,5.73941647334338e-06,0.984574060662673,9
"20002",2.13297204049377e-05,1.6359620000806e-07,4.43698136960828e-06,3.53196849167179e-08,0.436182839438862,0.562818008304244,1.35104994495706e-06,0.000793956866994959,0.000177878722294415,6
"20004",0.0274665886551184,7.4264450448891e-06,0.726638900763317,6.5573782287073e-06,0.00154754093175958,9.66762048876389e-05,1.31774258585711e-06,0.22041892550829,0.0238160663707674,3
"20006",0.0841422275954708,0.185609344269932,0.727782172911593,0.000333208260080873,0.000213184568451595,0.000798089431845104,4.18282858603386e-05,0.000425544001863061,0.000654400674902604,3
"20008",0.0441269725604678,0.443068124788427,0.000481696402102073,0.00059063101130426,1.65415437015085e-05,1.07333501380921e-05,2.52279220292574e-05,0.511313727518784,0.000366344903045888,8
"20010",0.128855155859151,0.47210468544571,0.276391257534524,0.0440628273463441,1.15653711604574e-06,3.41020841739329e-09,0.000187916071407763,0.0753746151994491,0.00302238259609005,2
"20012",7.02138559379165e-07,0.00216282503036268,8.06389246295823e-05,2.47026089205117e-09,0.762398266107783,0.00664814967838059,5.24197463531869e-07,5.97632853493412e-06,0.228702915124025,5
"20015",0.988507146759947,0.000582771729458035,0.00663657910303738,5.44395264034887e-06,2.91018389896632e-09,1.0666743915848e-07,8.00842586263253e-11,0.00426763467803554,3.14119174811668e-07,1
"20017",1.76918976918679e-08,3.47068694885765e-05,0.000775476628020082,5.41811382322226e-10,0.00684366147758873,0.00106584153438535,8.61905243356986e-06,8.38504809301584e-06,0.991263291156282,9
"20019",0.990657722400549,4.36244186336808e-05,0.00121313196492822,0.00796119844456277,2.07669356272852e-10,4.5050851663034e-12,3.27845052658161e-09,0.000124318276764245,1.00393728045005e-09,1
"20022",0.0854930650446822,0.00270890825135463,0.895330865840941,0.00136697947085681,2.35321268628936e-07,2.59087261714001e-09,2.60277845594341e-06,0.0148171676532472,0.00028017304832138,3
"20024",0.23341688357029,6.19197112098511e-05,0.00606384335829856,0.760137533403152,3.45696859729024e-09,9.87294062247595e-09,0.000159995073462441,0.000159693134886521,1.18418791829772e-07,4
"20026",0.23341688357029,6.19197112098511e-05,0.00606384335829856,0.760137533403152,3.45696859729024e-09,9.87294062247595e-09,0.000159995073462441,0.000159693134886521,1.18418791829772e-07,4
"20028",5.53610847343685e-09,7.8001140131935e-06,3.79517250221465e-05,1.97816660477028e-09,0.0461626124908895,3.4390725918188e-05,2.79601693493996e-05,5.70139192185631e-05,0.953672263341314,9
"20030",0.832745402833191,2.60555528035025e-06,0.135577441055714,1.56593710032942e-05,5.04419465982155e-05,2.53512192229105e-06,3.14924204370111e-09,0.0315945706731321,1.13402939163975e-05,1
"20033",4.90196930407372e-06,0.000119520509465634,0.0177207377459067,1.48664346365552e-07,0.153504661886036,1.18787625772497e-05,7.23937359629356e-06,0.00036831072647717,0.828262600362291,9
"20035",0.984587839793215,8.47595960694088e-05,0.00256073471042491,0.012741454543809,2.36452153007558e-10,1.32354700442378e-11,5.77187804050422e-09,2.52008377351167e-05,4.49718137616626e-09,1
"20037",0.992899865765998,0.000280048219687781,0.00194317219784197,0.000871063459417638,7.51852819680517e-12,1.04614850157997e-09,4.25163528621665e-09,0.00400583668550566,8.3662466521071e-09,1
"20039",7.54289479761271e-05,1.33531445010116e-05,9.47351255302335e-07,0.998429657784496,2.82113964723422e-12,5.24291082619191e-12,0.00148053724953015,7.37541164526083e-08,1.76006142401991e-09,4
"20041",0.000353932426759698,0.945980902216464,0.0502970245565343,0.000201842449448169,1.43330098219255e-05,1.47276587453711e-06,0.000281318203158102,3.10348913875838e-05,0.00283813948055122,2
"20044",0.00319902525753676,0.629233652324518,0.348614550865066,0.00208778092888805,0.00094838155673655,7.18871072450341e-06,0.00102311391459034,5.00906143104729e-05,0.0148362158276298,2
"20047",0.967665493577542,1.48850894859185e-06,0.00144677797539982,0.0306061944861595,4.44329710255064e-09,3.47264996335463e-12,1.38393061335338e-08,0.000280026781048633,3.84826264461345e-10,1
"20050",0.0137057245715074,0.420531004790276,0.00263721703471473,0.557389761391683,5.94119531009926e-06,7.92586940565994e-11,0.00153249903208091,0.00349787361311597,0.000699978292053783,4
"20052",0.000213762037861706,0.0215392536917589,0.0918876632844426,0.000162730694149066,0.0299505058956291,1.40299117235152e-07,0.00089347599669435,0.0409529656338061,0.814399502466541,9
"20054",0.266160036939289,6.44439827497786e-05,0.729974396709239,1.48867433325251e-06,1.08048580562942e-06,6.22304071254582e-06,1.00987435818465e-09,0.00377013438455182,2.21947734444989e-05,3
"20056",4.13761061961299e-06,6.9813157819511e-07,1.30433727005322e-05,1.49842132451532e-07,0.999113130275475,9.12930148021201e-08,1.71632307838863e-07,6.33409183644925e-05,0.000805236923806837,5
"20058",0.937707918067388,0.000133774410214849,0.0310906262682532,0.00505001368264128,1.07383393942404e-10,2.74321241389419e-09,1.82871412242273e-07,0.0260167037767771,7.78072717644689e-07,1
"20060",4.24185449380502e-06,0.000976266460593377,0.00162533652088271,4.02168297013148e-07,7.81298262980745e-05,3.96131559722548e-06,2.50782908276891e-05,0.00114518890959104,0.996141394653419,9
"20062",0.000117609774229799,0.274519849512656,0.0117363151297932,1.80721604337044e-06,5.19167391465427e-05,9.41329347082308e-06,1.63433804175046e-05,0.0194613050265447,0.694085439927698,9
"20064",0.0430944172789361,0.000115173878044038,0.822457281309508,4.61589805585604e-05,5.18062599645454e-05,2.1898051666892e-08,2.73775629385288e-07,0.13110815620757,0.00312671041173758,3
"20066",0.967901787194545,5.15225012028604e-07,0.0316900171457811,4.80458282896811e-05,1.62253551736603e-06,1.20692410047085e-07,4.41975827917394e-10,0.0003576897301332,2.0120633534528e-07,1
"20068",1.67221094995613e-07,0.00869561032939241,0.000664503379455304,1.13171157635766e-08,1.62544305861424e-05,0.000525657501498872,5.16113288872309e-05,0.000104348474444356,0.989941836017525,9
"20070",3.40212249533117e-07,0.0183637106148758,0.000410646555756152,3.39874998708065e-06,1.10018188234141e-05,2.13981477615756e-05,0.0138029018798597,0.00358475144362153,0.963801850577065,9
"20072",0.803085823994385,0.00908474917436139,0.156583724916788,2.97076861440341e-05,4.59244690695632e-09,0.00423686486091401,1.31239857277997e-07,0.0269388058244234,4.01877106799965e-05,1
"20074",6.94222662216448e-10,4.21380715131119e-08,1.74887104284948e-08,1.49617200749038e-11,0.999817475246723,0.000164803742689089,1.26266694147011e-08,9.11227146598123e-09,1.76389356806249e-05,5
"20076",0.000255158889289736,0.000143440669898166,0.0544347640830086,4.01482978050527e-09,0.603591275301631,0.320507628748875,8.78278051919165e-08,0.000634130876979704,0.0204335095876829,5
"20078",0.0202860956774437,0.000661396508997117,0.29820823758662,0.000456034075233842,1.77289815424308e-05,7.39128035831623e-08,3.42386846626338e-05,0.678341313026269,0.0019948815464275,8
"20080",0.982913677464701,5.27863254038613e-05,0.00899518224891055,0.00685103536368045,1.87801404025395e-09,3.1587556746344e-12,6.48752571689387e-09,0.00118727684240588,3.33861993954087e-08,1
"20082",0.000310911040485381,1.47833097900957e-06,8.32594828878158e-05,0.998452315728374,2.95462714969312e-09,4.65040506489828e-13,0.00113712928767023,1.47783777719737e-05,1.24796739248632e-07,4
"20084",0.0663475019429076,0.000163829252300301,0.725888559720377,0.0085201726204006,0.0209264361810667,4.57309322313326e-08,0.000185875431789385,0.176570787720235,0.00139679139999154,3
"20087",0.0199529481076413,0.00820661440378462,0.03140388942869,4.29331668679512e-05,2.25743324576055e-08,2.22818964815076e-06,4.19211601007155e-06,0.93984285426126,0.00054431775176539,8
"20090",0.858233976736099,0.0215089893255495,0.00620650898775229,0.11341429531737,1.52080270229165e-08,8.13122156608944e-12,3.60925678411243e-07,0.000635288343019697,5.65148372838273e-07,1
"20092",6.9030859646404e-05,0.0406513747187689,0.00610047648457147,0.00753893738524277,2.80849944926641e-09,4.71728886643819e-05,0.940904246516069,0.00308843346566753,0.00160032487287052,7
"20096",1.65110079867723e-05,0.0139532029752671,0.00965258744268764,0.00503634404519254,0.00111338144974866,4.94067943235357e-07,0.927199259861921,0.0042574815040526,0.0387707376452005,7
"20098",1.00238634414208e-06,0.000228276539848172,0.00314975335020279,2.65870478731854e-07,0.133934741619357,1.105457609377e-06,1.62626161729871e-05,5.87029383682066e-05,0.862609889221618,9
"20101",0.849886596959989,0.000233325939932172,0.116754130664538,0.00937700145778366,8.70463262531938e-05,3.83544312343074e-10,3.3070399251056e-07,0.0236529460076984,8.62155626862491e-06,1
"20104",7.10423988089931e-09,2.70869333183767e-05,4.35723412756988e-05,5.63090270555487e-06,1.14794341623088e-05,0.00596792777567064,0.988507586022154,3.6835471155273e-06,0.00543302593935781,7
"20106",0.734961814003971,0.00448731598420456,0.254244137986147,0.000306631849399547,2.98038467780122e-05,1.50592400510122e-09,1.08822781517638e-08,0.00587316322476033,9.71207165371482e-05,1
"20108",8.87509974538439e-07,1.11251178973863e-05,0.00223037302212841,1.44940279255452e-08,0.00622868559429714,4.94960622559138e-05,8.0394748001103e-06,0.00437517682291281,0.987096201901706,9
"20110",0.000131204666898137,0.488798456812122,0.00539999035813676,0.0233388447536448,0.118072022141685,4.91477862910707e-08,0.181094253226937,0.00219801675547385,0.180967162137316,2
"20112",0.339436233424088,0.433891075201902,0.0527097915218586,0.038242324178495,1.05122260002374e-05,4.95914199358567e-09,2.26869243513075e-05,0.13310713263873,0.00258023892543268,2
"20114",0.0130401184880093,6.50722525571561e-06,0.919062974720168,0.00028668461952775,0.0216308453623543,1.85865104027431e-07,2.02660467567219e-05,0.0400850173658366,0.00586740030698773,3
"20116",0.0614198085662684,1.68267095417598e-05,0.922329191175844,2.50501505410232e-06,0.0070886783263529,8.37553000543047e-06,1.60144186811596e-08,0.00867759021534779,0.00045700844716713,3
"20118",0.00033089066965006,0.000193925265232377,0.681045023844286,2.24555208186474e-05,0.031707807286777,3.91711927880866e-07,5.88924225586108e-05,0.0130534596400258,0.273587153638724,3
"20120",0.356172930506211,0.004759914135168,0.506972693278544,0.128168811997773,0.000505106345107262,2.08036837460217e-10,1.78743864972083e-05,0.00227632808297976,0.00112634105968333,3
"20122",2.30430600129188e-08,1.33409986153109e-07,2.1488826292944e-05,2.53641114361022e-10,0.999356068840456,3.89074334857762e-06,2.94435359510499e-08,2.44891793072554e-07,0.000618120547885961,5
"20124",0.806964538346136,0.000620291048892263,0.11358043515377,0.00821994563826044,3.95015642996083e-10,3.75080607618016e-08,2.61881994686406e-06,0.070611699654004,4.33435914062776e-07,1
"20126",0.0018581120758895,2.44250148823154e-05,0.00306334371980656,0.959155695567528,4.10827883778928e-08,2.33004463805853e-08,0.0358945761080281,3.72333256744658e-06,5.97980634397741e-08,4
"20128",0.0948947621425059,7.59337757565944e-06,6.06910341399474e-05,0.905008719491538,2.23903502977507e-11,1.96976329064988e-11,7.10963168501326e-06,2.11242450923045e-05,3.53750508664302e-11,4
"20141",2.96858877588953e-08,1.85180398846051e-05,0.00162976965451565,4.91352478799232e-05,0.0114634563983526,7.4202909035818e-06,0.812300897390173,2.79668065280295e-06,0.17452797661175,7
"20143",6.5669114482273e-10,4.10358161206588e-09,2.35391004342069e-08,3.61067671306904e-11,0.999989345130755,1.92784217857304e-06,5.38747734510542e-09,3.36827918967858e-09,8.68993582967704e-06,5
"20145",0.239457688578304,0.00649460642534302,0.69057060035014,0.0150912467679138,2.43833389950863e-06,2.43996869098701e-10,7.02317050219632e-06,0.0468577711549755,0.00151862497492592,3
"20147",0.134771841055107,0.000232049738798139,0.825784436308004,0.000205558335335709,1.21319544861521e-06,2.50355932477554e-09,1.30332797478266e-07,0.0388886991448707,0.000116069386078563,3
"20149",1.71317067228718e-09,2.171309132991e-07,1.42516295695507e-06,2.45448180488836e-10,0.999385754087509,1.83873845205234e-06,2.22193571934134e-07,1.05499765430376e-07,0.000610435228212038,5
"20151",1.3553207567845e-06,0.00031121023650676,0.00101193795355899,9.9433187458709e-08,0.0373987057653144,7.86242161799408e-07,5.06988684667444e-06,0.000520332864693866,0.960750502296973,9
"20153",2.36834972019943e-05,0.00302416656093532,0.00156175161541936,0.00125562736652955,0.655331171325955,8.00951203275423e-09,0.00477716189892459,0.000756674316853064,0.333269755408669,5
"20155",0.559724428224369,0.0287866760456785,0.409987476262695,0.000443888812868562,9.24987890272976e-08,1.04675050652686e-08,4.21247858589144e-08,0.001048968840225,8.41672308439501e-06,1
"20157",8.21232601928899e-07,3.17652053112796e-05,0.000378089766154676,3.09502079381279e-07,0.395375621993372,7.51783365383666e-07,1.7276870096518e-05,8.12366913722215e-05,0.604114126955646,9
"20160",1.36862284492518e-09,6.1626077844187e-09,5.7546056141841e-08,1.34552962337973e-10,0.999985779773677,2.2705045163039e-07,8.71218756367296e-09,9.84740594241399e-09,1.39094044385982e-05,5
"20162",5.65193754783269e-10,1.2840631705042e-07,6.22393833005888e-07,7.45919854806818e-11,0.996536369622803,2.22415816992966e-06,1.14051277252659e-07,6.88910557837293e-08,0.00346047183675788,5
"20164",1.18766280141299e-06,0.00063921130719017,5.71773937783291e-05,4.94814447343631e-07,0.960558664571884,6.89312952692261e-07,1.91307771611573e-05,7.65774882142199e-05,0.0386468666715703,5
"20166",0.971760443720754,1.68515166241755e-05,0.0191094457780499,4.99624595295573e-06,0.000324285332179887,5.81186151463015e-05,1.43067305612928e-09,0.00872108276618553,4.77459443409276e-06,1
"20168",0.000565645075249141,2.22349574929636e-06,5.28330012293063e-05,1.39979684694575e-08,0.000267668661836336,0.998842431874278,1.73688634274822e-08,0.000267668490802295,1.4980340237462e-06,6
"20170",5.14838960682336e-07,0.000110259624943667,0.00764547156705238,8.86293985779408e-07,0.243552413363572,4.64299350876539e-07,0.000232039523256777,6.7281503319272e-05,0.748390668985559,9
"20172",0.121087105207105,0.000951375911320607,0.855728711413808,0.00168743915322138,4.18102339399217e-09,3.86332536768302e-09,2.0214029332237e-06,0.0203574056122861,0.000185933254976578,3
"20174",9.68774904213529e-09,1.36047080113394e-05,8.99382507319087e-05,6.17108366939795e-11,0.113643486871928,0.118950549685018,2.48640016844955e-06,4.94596967235545e-06,0.76729497836501,9
"20176",7.14420167185111e-06,3.2036189544067e-06,6.30019864939397e-06,3.00328860875494e-10,9.29762715559527e-07,0.99976343332078,9.23813173598253e-09,0.00020940676917863,9.57258959029329e-06,6
"20178",2.06182756740931e-09,7.68448274268493e-09,4.81626715247951e-08,3.60638596604645e-10,0.999993411259958,9.61486630180661e-08,1.01149408222829e-08,4.83254178415846e-09,6.4193742759739e-06,5
"20181",0.818668510414124,4.21688167726751e-06,0.174868674739115,2.35375425513875e-05,0.0028136256629848,3.61538509738898e-07,1.73447024041796e-09,0.00360874280484614,1.2328681721277e-05,1
"20183",2.45777724778813e-05,0.00488041229554681,0.0670821807952676,5.1620504635058e-05,2.91231082228371e-06,1.33013075164573e-06,0.00380557869514186,0.0044817677271718,0.919669619768185,9
"20186",0.000595117669904906,0.124560100044292,0.0703468694407753,0.000266795185830875,5.33036878714611e-08,0.00298434005957765,0.0297607511418137,0.127321947818916,0.644164025335202,9
"20188",1.19986453269346e-09,4.48349339042281e-08,6.66243980265812e-08,2.80012788298812e-10,0.999857289738056,1.43641360378496e-07,3.88997838705312e-08,4.15474719112414e-08,0.000142373234118193,5
"20190",0.965760731434215,4.88828885638645e-05,0.0305903635065064,6.63883453879423e-05,4.46830577596658e-08,3.26856936434924e-09,5.22242993245858e-10,0.00353225713771487,1.32821374181222e-06,1
"20193",0.000467264718282708,9.62959593393744e-05,9.45794773622519e-06,7.42934294588899e-08,0.982480459894232,0.0157756915894221,3.57498164403842e-08,0.00112122230211504,4.94975456261089e-05,5
"20195",3.00407965018711e-05,0.0032443727405456,0.0010673026748279,1.63472660588819e-06,0.823906490128947,7.77799839561955e-07,4.89395359848549e-06,0.0013330155729448,0.170411471606189,5
"20197",0.330806589908241,0.0213544837989562,0.535548028905743,0.00117247398785223,1.88831147259895e-08,2.09083110059049e-08,9.02979254696679e-07,0.110929131593169,0.000188349035358351,3
"20199",1.10127203227192e-08,3.35799795070023e-05,3.46841957701409e-05,4.61419235588869e-08,0.931471511890368,2.97309497859937e-07,4.26629170033062e-05,1.35924188408349e-06,0.0684158473113258,5
"20205",2.03310138353121e-05,0.0007349250062567,1.93122617526646e-05,0.950887700658845,7.04265761652483e-10,1.0821515610081e-11,0.0483345522395779,1.99009581481575e-06,1.18800883065727e-06,4
"20208",1.27369738740887e-05,0.00188610818268319,0.00880365671643483,4.006470889097e-07,0.00685264821017719,1.05621794315844e-05,7.18826310262906e-06,0.00108472610744321,0.981341972719764,9
"20210",2.46230329637484e-09,7.86873595227071e-07,3.17194813353449e-06,6.04365409041518e-10,0.986726634747007,8.42876459145264e-07,3.83993958429507e-07,2.43221733183469e-07,0.0132679332724444,5
"20212",1.18127187443338e-06,0.00019324160743859,0.000207463102131751,1.51346227843076e-07,0.857953176296614,1.50884949670604e-06,3.24173837896978e-06,7.27736672769845e-05,0.141567262120561,5
"20216",0.148835370622114,3.611829630892e-05,0.849435352533514,6.06264192523521e-05,1.1143545865122e-05,3.61827229324678e-08,2.81494121948043e-08,0.00146395963855619,0.000157364612254682,3
"20219",0.0353588141636551,0.00809858778507537,0.0689106852585786,0.72037958179474,2.11950768085642e-05,3.66997330444211e-10,0.00975918159513476,0.156771799027516,0.000700154931493653,4
"20223",0.984302936984775,0.000984475365128773,0.000625299437453668,0.000110511943939339,2.38187613471752e-11,0.000286363572049059,3.60980580576257e-08,0.0136903398122263,3.67625507235148e-08,1
"20226",0.000174401879846967,0.983684272344536,0.00130677195875861,5.12670300879639e-05,5.0656270015416e-05,2.12353912761645e-08,1.26709708057785e-05,0.000258072324792994,0.0144618659857648,2
"20230",0.980233969478436,1.73872246096461e-05,0.00944561753197994,0.000357661592966277,3.3348909163246e-09,1.89228187837589e-09,2.36130264401904e-09,0.00994504633790548,3.1024562696572e-07,1
"20233",2.72486698746644e-10,2.4251928279707e-06,1.4334711810057e-08,0.000304051843623687,1.1118912690937e-07,1.58704993967058e-09,0.999682959314222,6.88575520903262e-08,1.03674083985781e-05,7
"20235",0.675316589775291,0.124596328123489,0.0873440199462281,0.0502424169369388,8.90650745748205e-10,8.15079004758194e-05,0.000389863845012119,0.0620201533315415,9.11925037302694e-06,1
"20239",0.166469407161089,0.161775005144183,0.219290195591672,0.000141516682604683,2.87573003846481e-07,0.00159062691328652,3.08117420544092e-05,0.449971274508306,0.00073087468379937,8
"20254",0.00050633378654186,5.17202930930896e-06,3.71610795883747e-05,0.999244523703811,1.2157081904624e-10,4.63540407269408e-14,0.00020477701329222,2.02260128456769e-06,9.66455586868535e-09,4
"20256",0.40982803809099,0.000155929245499543,0.565140030204993,0.000652736825971535,6.80218008400693e-10,9.63903760960977e-08,3.99143782114157e-07,0.0242207263260278,2.04309214124116e-06,3
"20262",3.16970934687837e-07,3.1592538256858e-05,0.00122153081136396,6.78758246714883e-08,0.565216895613689,5.82659527867014e-07,7.88183104501691e-06,2.96570403351058e-05,0.433491474659023,5
"20270",0.114530259463486,5.76877417247368e-05,0.00548839733799871,3.7387445991247e-06,0.000573981279957098,0.000369730499979971,3.60289533233619e-08,0.877445911582027,0.0015302573212735,8
"20284",0.000344230779251412,0.0651830242129077,0.00884018733610795,0.0811153925352091,8.16206404015904e-06,7.53686885028177e-08,0.411743333627059,0.0214375084173936,0.411328085659343,7
"20287",0.998568338717854,0.000231468933042853,0.000433041487538674,0.000173886941591057,1.79092563999805e-11,3.32253175116823e-09,3.03830025223934e-10,0.000593258790256008,1.48544560254824e-09,1
"20290",0.000234682850118005,0.00402125599402339,0.000541217379234959,0.963489864335596,8.68973866054446e-06,2.753235422998e-11,0.031058045896955,1.38469253568653e-05,0.000632396852523046,4
"20293",0.00400377840778867,3.69860973319273e-05,0.984970781628948,0.00014904083898986,2.93369408155856e-07,2.45426928564061e-08,1.05202689620802e-05,0.00987028041087576,0.000958294435002677,3
"20296",0.000146879251794051,0.000249250343500392,0.0273472392784429,3.09637880108775e-09,0.693454612833071,0.0145727591832774,9.89229033861948e-08,0.0124237641603732,0.251805392930259,5
"20301",0.999211920552354,4.60038463603849e-05,6.12755536267862e-05,0.000488657331095357,3.79581666519259e-07,5.23731679886358e-10,2.31914303851159e-10,0.00019176142946797,9.49783509940769e-10,1
"20304",0.000307736271713037,1.10676208038477e-06,0.00150495067926577,0.991890305504421,8.53879146523104e-09,3.31781242067553e-12,0.00628659677790186,8.75130146580971e-06,5.44161043030305e-07,4
"20306",0.825751890170699,8.98711534733321e-05,0.00985297404757755,0.00785810472306963,9.55925445211132e-11,2.83245728321009e-09,4.66207061115889e-07,0.156446193491907,4.97278162664903e-07,1
"20309",0.0200426190096435,0.0988570768750287,0.812300668442328,0.00198309825343038,2.89167945686144e-05,1.81344267150036e-07,3.91831461344999e-05,0.00444697092797736,0.062301285206622,3
"20311",0.166587669037724,0.000301842598404986,0.304951823388051,0.000614339196776853,0.000158239249549284,3.29634366370633e-07,8.53280985828542e-06,0.526795853360115,0.000581370725153619,8
"20314",1.3691545998114e-05,0.000535012461271684,0.0183326933354408,3.59247525265727e-06,0.0127764461939538,1.00644294452104e-07,3.41242859278596e-05,0.00166283678885413,0.966641502269006,9
"20318",5.97074879805457e-07,1.56612212078517e-08,6.42273219667281e-07,2.89779669909732e-09,0.999957905768734,2.25420689175358e-06,7.71137338278773e-09,4.49156230359366e-06,3.40828435800416e-05,5
"20320",2.48258700380884e-05,0.63233871447004,0.000864473030633784,9.63898820744954e-05,0.000746745295741553,3.79468659182055e-06,0.00320479192447358,0.000440442785668854,0.362279822054738,2
"20326",1.89027818267532e-05,0.000229476518976282,0.0232303721543954,9.20718925921031e-06,0.0349316419069714,2.80516473842636e-07,0.000135491248932822,0.00531647213490393,0.93612815554826,9
"20328",1.22863613427447e-05,0.209103251460581,0.00305041399683842,8.13068095890506e-05,3.48674244919949e-06,1.84464466768691e-06,0.00670680661487638,0.00152549159536177,0.779515111774294,9
"20330",0.0743719059438442,0.901971692389426,0.0156503589450003,0.00348181497500589,1.68794994420692e-07,1.63978635671592e-07,2.36343598734386e-05,0.00447251437606218,2.77462371575669e-05,2
"20336",0.000423301415711808,0.00204278347107272,0.057372936756866,0.514654574620287,1.8687238646668e-07,1.51104073962405e-09,0.415651452632261,0.00134031377136763,0.00851444894900622,4
"20338",0.00106384682551497,0.00249159858040352,0.0365743451637304,0.87609634849354,5.36420222789373e-05,4.91067807756839e-10,0.0832285086374533,0.000341053412696183,0.000150656373314602,4
"20340",0.970067941626634,3.4753019043044e-05,0.0267438196679509,0.00187504416921724,2.12449169287855e-09,5.61342793478004e-09,2.10974578336272e-08,0.00127835849118073,5.41905964706276e-08,1
"20342",0.000150804051057818,0.0193364369646363,2.30014156631365e-06,0.124649019583311,0.000141815084220165,1.26796150229891e-05,0.854456256842516,0.00123367144858159,1.70162690871985e-05,7
"20344",0.308290025359711,0.000130217397187374,0.116734402419504,0.00144625488508026,6.50146117965443e-08,5.84190434279911e-08,1.25851527939976e-06,0.57316893843829,0.000228779551292727,8
"20349",0.723442973890296,1.61619696998093e-05,0.0589416577993008,0.000537336704884008,4.10582831986065e-10,3.34045507819532e-08,8.95736047656013e-08,0.217060157807367,1.58843971379304e-06,1
"20351",0.0034000449581456,0.000257740802803693,0.995092854282129,0.000655823475407308,1.2774753038625e-05,1.29555171491548e-08,1.5026198205482e-05,3.90609173107322e-05,0.000526661657442149,3
"20353",0.171105295045006,0.735251543104571,0.023404190330209,0.068806219329628,5.16797055311137e-09,1.38174442150967e-09,1.96896989596979e-05,0.00139959698290708,1.34589590042918e-05,2
"20357",0.000231822714125045,0.00130132097038952,2.06059629664902e-05,0.991812835436838,1.93119603843124e-11,7.41898385424e-12,0.00662695834840225,6.17374531052066e-06,2.82795237080128e-07,4
"20360",0.00220300495369661,0.849351235144895,0.000257879309617896,0.0894058204005774,1.84849936536941e-07,0.000107957213163859,0.0583611820945806,0.000305215272070763,7.52076146121375e-06,2
