"","V1","V2","V3","V4","V5","V6","V7","V8","best$classification"
"19811",0.969046640158994,7.04033511194235e-10,1.64027133311265e-07,1.92946042216699e-05,0.000390153238682092,0.000346269117752613,0.0285919258613895,0.00160555228779295,1
"19813",1.0325621357032e-05,7.13006703273678e-12,2.075993075288e-08,5.6325887592985e-08,2.13932873930898e-08,9.67034729369931e-07,0.999988044529108,5.6432856927604e-07,7
"19815",0.948775523129775,2.91408330361553e-05,1.83838173514374e-05,0.00167365932159907,6.30506248322052e-06,0.0107805203068203,9.54413737715894e-07,0.0387155131151966,1
"19817",0.992119946139444,2.16143980765705e-07,4.13757704631755e-07,9.97241075787055e-05,0.000320267490009478,0.00313840618421087,3.3350735185155e-06,0.0043176911035535,1
"19819",2.35817266684031e-06,0.652058743032,0.246160129042922,8.1089321380878e-05,1.14714529683636e-07,0.10166946341677,8.32811187030567e-11,2.81022164490456e-05,2
"19821",0.972707269802902,8.06299805300783e-09,1.58848127213145e-05,8.36471532058594e-07,0.0123187911938117,0.00510979779168805,0.00928878421937036,0.000558627644976192,1
"19823",0.412987637665365,0.000957746925968582,1.80522757935017e-06,0.583055783587802,5.9104651478873e-05,0.00241062749240678,8.36530537832345e-07,0.000526457918862069,4
"19825",0.000706449483711792,0.000120647078510941,0.0767978805223985,7.09108971447882e-06,0.907568211040158,0.00802815704690886,0.00321802699012885,0.00355353674846937,5
"19827",0.641646612407477,3.87314706937378e-06,2.88904907142983e-06,0.000256603329707271,0.354344451127899,0.00367328492646688,2.40879295746698e-07,7.20451330138263e-05,1
"19829",0.000311377337006292,0.00012305316249068,0.0991866612334833,1.16622317182105e-07,0.00502535521931274,0.895066775335898,1.62971502916129e-06,0.000285031374462594,6
"19831",1.87215158372167e-05,0.109008574552593,0.11196699178593,0.00285960109279833,1.70948195737286e-07,0.776064255789065,3.6632804685658e-07,8.13179875333104e-05,6
"19833",2.4058698605379e-07,0.161231634524266,1.37408841260056e-05,0.837305664943669,2.0165557519608e-05,7.93485649218251e-07,1.94255188757599e-06,0.00142581746589657,4
"19835",0.972707269802902,8.06299805300783e-09,1.58848127213145e-05,8.36471532058594e-07,0.0123187911938117,0.00510979779168805,0.00928878421937036,0.000558627644976192,1
"19837",0.960303048378962,3.35864570398571e-07,3.89388158400908e-06,1.89153667213531e-05,0.019593687007155,0.0199714767160539,1.62512544647928e-06,0.000107017659506412,1
"19839",0.00121314007074655,1.3604508705642e-05,0.298421134793518,8.87641539568349e-07,0.0299345922466801,0.666748336200613,0.00159537330122109,0.00207293123697649,6
"19841",5.63162964225084e-06,2.14723165361542e-09,1.90194286581633e-06,1.56070475311543e-09,0.999966227364094,1.58226109108308e-06,2.46208779423149e-05,3.22164277875119e-08,5
"19843",1.6684099581148e-06,2.47378863224038e-05,0.963547304823175,2.91962505938916e-07,7.23648581967423e-09,0.0225895371102436,0.0112509104743924,0.00258554209691695,3
"19845",0.0711408992324067,2.39845226964636e-10,3.08674080533142e-08,1.94542737370159e-05,6.49943172031253e-06,1.40560147178479e-05,0.928662943264204,0.00015611667596112,7
"19847",0.907273676400199,2.64396473738095e-06,0.000114961496603245,0.000686681000831088,8.12851153582948e-06,0.0499267279261494,0.00679680383423754,0.0351903768657065,1
"19849",3.3674515500357e-05,1.40674350449427e-12,1.77495095898534e-09,6.83485708752342e-08,5.33066480762511e-08,1.12279722472281e-07,0.99996596839106,1.21382140199612e-07,7
"19851",0.997844763214742,1.34945238333638e-07,1.33785324824729e-07,0.000307131323575922,1.35904529879428e-05,0.000603740165175415,8.69018579112131e-06,0.00122181592716443,1
"19853",0.924990354768992,7.19137587222224e-08,1.59570844753115e-09,0.0671316090079044,0.000148857868366745,9.93795248776318e-06,0.00762065513219913,9.85117605821877e-05,1
"19855",0.997275499858758,1.03838162693743e-08,5.49730674594101e-09,0.000395397779809482,0.00155158490485766,0.000167695927398443,0.000443935979975956,0.000165869668077535,1
"19857",0.771044688547212,5.37533728350487e-08,9.77016288122294e-05,5.20817605324294e-06,0.0145690080876056,0.188308133449472,0.014059180381969,0.0119160259755036,1
"19859",0.951453392044124,3.37698676932806e-06,5.70273555579198e-06,0.000624350735445018,0.00969115414622279,0.0341140156836128,8.79308799168868e-06,0.00409921458027836,1
"19861",0.899027772364243,2.89683515478185e-09,1.63905173437579e-07,0.000138626916086852,1.54423754432146e-05,0.000358288347713209,0.0998198681783691,0.000639835016135791,1
"19863",1.57296767905781e-05,3.41492923789935e-12,5.31975185939625e-09,2.50692603940717e-08,0.00533491958348636,3.18316353743193e-08,0.994649075690448,2.1282521255948e-07,7
"19865",0.00181907045480125,8.23497089824556e-10,4.94117800336827e-08,2.17234421789625e-08,0.998172381054669,4.38314152015269e-06,5.61616602747872e-07,3.53177368732596e-06,5
"19867",0.97630327647498,3.9486521446257e-07,1.30993746505266e-05,0.000289037797921034,1.08322151053584e-06,0.00369991450069183,0.00496103188773206,0.0147321618772999,1
"19869",0.00728820419896744,3.1807791182807e-12,1.3181458410574e-09,6.21504707119111e-07,2.30734442273535e-05,1.07023870492852e-06,0.992685903880545,1.12541152167934e-06,7
"19871",0.856979079843924,6.07023010321534e-06,1.46060314639959e-05,0.000183293742752578,0.0349067773364466,0.106533539693978,1.1869265326674e-06,0.00137544619479914,1
"19874",0.241118099513162,1.12408274808931e-07,1.23422224807088e-07,5.39511774852795e-05,0.758258749563767,8.06453611402703e-05,2.64135954776551e-06,0.00048567719439823,5
"19876",0.859324575544135,6.52511055250719e-10,6.11075396239531e-09,8.5106603362906e-06,0.140463596505004,3.92641246161345e-05,0.000146538729960639,1.75076726831062e-05,1
"19878",0.000200693366256408,1.8962762876505e-05,0.00248906194208425,1.26136354873445e-06,1.28149869634414e-06,0.000126196832867121,2.44259535848163e-06,0.997160099638312,8
"19880",0.00145637427165404,4.72173545573953e-11,7.58913065487959e-10,6.39012189575977e-08,0.998536660748169,3.51484797956851e-07,6.46971357005564e-06,7.90744596257429e-08,5
"19882",0.80199886619679,8.12407256356113e-09,3.06618640271019e-07,0.000177955353278711,0.000586626445745918,6.75004678310289e-05,0.188401794107645,0.00876694268599642,1
"19885",0.882616559054132,5.13119612331636e-07,4.78452666904643e-05,7.1591463215565e-06,0.000322300750556922,0.105714570449636,5.21849106274282e-06,0.0112858337219871,1
"19907",0.934240654468143,5.44309973629307e-08,4.03752072194996e-06,6.74103012665136e-05,6.74402740608207e-06,0.000804082051546761,0.0506629929211466,0.0142140242787715,1
"19909",0.000556716138079804,4.045526790486e-06,0.0145956130300331,2.12347820222358e-07,5.83226171289357e-07,0.984800938838177,2.60005721251914e-05,1.58903208029736e-05,6
"19911",0.00200394258749858,0.000112323864238375,0.0218151812773985,1.35219616332383e-05,0.00574443010123315,0.970113171166639,3.89349446642114e-06,0.000193535546893265,6
"19913",7.58489920610911e-06,1.07328199455655e-09,1.10861310927022e-08,1.66250413252179e-08,0.999992084093721,1.38133526554391e-07,1.47958383374347e-07,1.61307085182873e-08,5
"19915",0.712732557756434,7.17486191033874e-08,6.91667549558196e-08,4.35667724740566e-05,0.286903636361195,0.000157037908298425,9.99289023869204e-07,0.000162060997200644,1
"19917",0.00850704452389999,2.49821429240009e-08,5.79896900854295e-07,1.62882092874367e-06,0.991331800848493,0.000126438750033524,1.17430266286798e-06,3.1307874938619e-05,5
"19919",0.875341335626715,1.12716194475847e-06,1.86569303774993e-06,0.000107673222305289,0.115558986744418,0.00344733310094078,7.52285425363923e-07,0.00554092616521244,1
"19921",0.990024298909826,1.00484092323531e-07,1.27247463932058e-06,0.000118451071370311,3.71191895217227e-06,0.00249907709217096,0.000134478816905829,0.00721860923204304,1
"19923",0.00631110146586426,7.28084925557688e-05,0.000199404509389083,0.00052162250779171,4.68013744049743e-08,0.00056259913694323,7.7338493100359e-06,0.992324683236771,8
"19925",0.0629210485752118,3.26571377040185e-08,1.14149975215706e-07,4.78361430125176e-06,0.936913963526148,5.12293027040823e-05,4.06088617591257e-07,0.000108422085904031,5
"19927",0.998120289875576,6.06648524821345e-08,9.3916327587167e-08,0.000147696887996378,7.00822895007698e-05,0.00132777287910892,1.10966032774521e-05,0.000322906883360864,1
"19929",0.000137042839349537,7.91375051015111e-12,1.09745434240753e-08,4.71797918462896e-08,0.556527088221964,2.16110724855165e-07,0.443335520777678,7.38880351132923e-08,5
"19931",0.990033423079756,2.16615529440663e-06,4.0707080546225e-06,0.000215267863165897,0.000422179809929393,0.0079892731333843,4.05292406533412e-07,0.00133321395800884,1
"19933",0.0493882596111819,0.000181541108543853,0.00905694728948101,1.00891255661372e-05,0.000178099574897132,0.940963287158693,8.67099174297553e-08,0.000221689421719655,6
"19935",0.762964501294055,7.20337541842501e-07,0.00442999652843507,2.36445495453113e-06,0.000848546906574779,0.20545554163846,0.000519966316331475,0.0257783625236468,1
"19937",0.990642189426523,4.69408071780187e-06,1.37180260224476e-06,0.00148861383544546,6.49419860752216e-06,0.00316850786066594,1.21269147045397e-06,0.00468691610396762,1
"19939",0.710951977239461,3.08958021642759e-06,7.77553907297703e-06,6.38612496958042e-05,0.000723386891194378,0.00163414951118568,2.69242664419094e-06,0.28661306756253,1
"19941",0.001512048905084,1.66270399854e-05,0.106014156710282,1.26958278514904e-06,0.0327821588528167,0.859524028610972,0.000133951291272457,1.57590068023337e-05,6
"19943",0.000508003025008955,7.87487042543221e-09,9.98202483934854e-09,3.04987069463376e-07,0.999489305214043,1.57698970957367e-06,4.06954066151874e-08,7.51231867237729e-07,5
"19945",0.0115967710008788,0.000577507091974874,0.0279409350906575,3.5696435139702e-05,8.70439219356426e-06,0.954351605167355,4.94566803337854e-08,0.00548873136512061,6
"19947",0.00432938665234935,1.96656269012677e-05,0.00429860866497823,1.37972057148322e-05,0.681107544638958,0.293197995946981,0.0167366359063396,0.000296365357777748,5
"19949",0.0161810650126461,0.000688315394481775,0.00313995439311349,0.000129220205894271,3.3753953525635e-07,0.00587710620841712,2.03028935443487e-07,0.973983798216976,8
"19951",0.229192280096338,1.49140022441461e-06,4.92224127702257e-05,1.41154232996266e-05,0.717133153138923,0.00135730098030019,5.34831807127785e-06,0.052247088230074,5
"19953",0.000176866685099909,0.860991387168401,0.0360154692487239,0.0402853458839635,1.65425924171518e-08,0.0601279272896035,1.93710638196635e-08,0.00240296781055176,2
"19955",0.000273170055329202,0.0216549765061556,0.146091716803032,0.00153424709818288,1.05897922880385e-06,0.472179092807555,8.49813051436252e-06,0.358257239620002,6
"19957",0.052774206675788,4.72085474540821e-05,5.80021147332363e-06,0.00640897126761498,0.923167284112775,0.0173663881280963,1.16681904564919e-05,0.000218472866341603,5
"19960",0.000325534888588183,0.000110848838255766,0.267708876744963,2.00131442537036e-07,0.00019607441533012,0.72490705098893,3.09342339980183e-05,0.00672047975849249,6
"19963",0.000108649928068985,0.00327717413433308,3.43693618625422e-05,0.0816995184364781,0.914799686275498,5.83326858691532e-05,2.02644364806611e-05,2.00474140883708e-06,5
"19965",1.42689368217708e-05,0.000319887080184394,0.761131922103397,1.03455514035192e-06,6.47428581488007e-09,0.0839225750452645,3.5165539332531e-05,0.154575140265574,3
"19968",0.0120316842375534,4.32471177557586e-10,0.000127477400741034,3.43406669406396e-09,0.759277003048801,0.00151524061319132,0.227011528157398,3.70626757775799e-05,5
"19971",2.50926322589458e-06,0.000947761976168957,0.000158440270372649,1.56955934794683e-05,0.9988263349025,3.77261419959898e-05,1.31890240641196e-07,1.13999620170111e-05,5
"19973",0.995989718431501,7.50324799413147e-09,3.98135472116925e-07,3.79651916318389e-06,0.00183687819263131,0.00155707616603703,1.57585504524242e-05,0.000596366501494706,1
"19975",0.0251393133324211,1.00415095890696e-09,4.34220975286033e-07,6.06084609945554e-08,0.974677556913018,0.000127843336168163,1.53324530042179e-05,3.94581318017087e-05,5
"19977",0.000239252012073547,2.21765994189929e-06,6.61600871439433e-06,2.66358319575537e-05,0.999225739474815,9.01831712063269e-06,5.36401707975705e-05,0.000436880524579272,5
"19979",9.58940563981779e-08,0.00321627576995121,0.927945112749824,7.45522536883778e-09,3.19227215607489e-07,0.0688301446404713,1.17630443558892e-10,8.04414562574424e-06,3
"19981",0.482250303326838,4.86077376265469e-07,5.80758822328954e-05,5.50200389579262e-05,0.000174222566433734,0.51591953243661,0.000457213465820265,0.00108514620573066,6
"19983",0.348318108299188,5.74924393401694e-06,0.00028397609142791,0.000119732591839855,1.32729043121921e-05,0.244052045375372,0.00037791854938123,0.406829196944545,8
"19985",0.255084760748533,2.31175250169368e-09,1.54649351988816e-08,6.19834807418087e-06,0.744744930377549,3.63788308891387e-05,2.06127114544497e-05,0.000107101206812237,5
"19987",0.576266636851593,1.08908001752482e-05,0.000518244896991452,2.03375644491169e-05,0.024454049781079,0.398366950802078,2.07446588748095e-06,0.000360814837746693,1
"19989",1.9882242202938e-06,0.02386983473941,0.894014026805484,7.98729691768912e-07,9.63849555180842e-10,0.0819335186392328,3.0506548994551e-10,0.000179831593046371,3
"19993",0.137388668403386,0.000315918073901066,0.0211031164193757,4.21529346729104e-06,0.0104076754965417,0.0644171043884257,2.91162248708624e-07,0.766363010762654,8
"19995",0.105541170304238,0.000153253305389449,0.12828272726582,7.64203222228967e-06,0.0044279958397425,0.698317165310366,3.91033081278234e-06,0.0632661356114099,6
"19997",0.9957830981572,1.85673445989269e-08,1.08949480737788e-07,5.67368534945263e-05,0.00338702321771002,0.000403824810305764,1.50412317138277e-05,0.000354148212750517,1
"19999",0.982167391384004,4.16908358526047e-10,7.38892662287626e-09,8.52845393003449e-06,0.0172554278193646,0.000110523574876891,0.000419197450238007,3.89235117512516e-05,1
"20002",0.000265384365776637,5.40382612120981e-08,6.7792695942358e-05,1.95167998409344e-06,0.449025379163161,3.19509965515312e-05,0.550607148844237,3.38216086667335e-07,7
"20004",0.0160997981065825,4.87184226865126e-06,0.0188687580402015,9.72976795437453e-07,0.00101339219473272,0.963925637490466,7.00422905625407e-05,1.65270583906843e-05,6
"20006",0.00145291320592272,0.000698070639059095,0.105813870493934,9.46011306741163e-05,0.000454419033449814,0.433797171367852,0.00154924328298058,0.456139710846128,8
"20008",0.000947661003955839,0.00107701817570865,0.170890670383201,7.19932424007928e-05,3.77292796030101e-05,0.00488867887107881,2.51389321614122e-05,0.82206111011189,8
"20010",0.00300064717463279,0.0339730678792902,0.0985377219399442,0.000199915176573834,1.2726594100487e-06,0.302955465625558,4.55985243787291e-09,0.561331904984739,8
"20012",0.235428760240222,4.29892847988958e-09,1.23774899712923e-06,7.77050392361395e-07,0.754784921456371,7.78986960717359e-05,0.00749655713339385,0.00220984337562358,5
"20015",5.96566136153855e-07,7.64160128043127e-06,0.982373122548441,1.84096568695403e-10,5.19192379964403e-09,0.0161880234973019,1.78436877906015e-07,0.00143043197394272,3
"20017",0.989844100627402,9.82419722244958e-10,3.31821862273022e-08,1.08645881113526e-05,0.00812463668193525,0.000629940327526266,0.00132322570079808,6.71979096212695e-05,1
"20019",2.85985072657403e-09,0.0117805579564927,0.985017196853004,8.51726387289743e-09,5.04953762259032e-10,0.00305693334357905,1.2282963040449e-11,0.000145299952572895,3
"20022",0.000375450808554168,0.00150840217286547,0.0665771435938035,3.62913830077565e-06,3.43369052934788e-07,0.92463192521385,4.41233998577652e-09,0.00690310129123329,6
"20024",2.25744099892867e-07,0.786147165357401,0.204530993737553,0.000222899692403031,6.37477621105173e-09,0.00894491223008311,1.69241291752645e-08,0.000153779939554959,2
"20026",2.25744099892867e-07,0.786147165357401,0.204530993737553,0.000222899692403031,6.37477621105173e-09,0.00894491223008311,1.69241291752645e-08,0.000153779939554959,2
"20028",0.950254289504865,3.21746588663912e-09,1.51070898780767e-08,3.41487986315107e-05,0.0495666846003237,8.49426925765565e-05,4.58174505668176e-05,1.40986284802112e-05,1
"20030",1.6003475555617e-05,1.83754410555265e-05,0.696280258171202,4.65575654369856e-09,5.72179019578546e-05,0.303616059583532,3.1956616978133e-06,8.88510924348419e-06,3
"20033",0.825065677545145,2.224971241448e-07,6.73739873333499e-06,8.91184744089854e-06,0.156760956778327,0.0178948980840284,1.62608430588396e-05,0.000246335006142115,1
"20035",1.41763294515405e-08,0.0231783027757937,0.971508311723422,1.7312345678187e-08,6.92956935302244e-10,0.00499787494775939,4.24005275600687e-11,0.000315478328992383,3
"20037",1.74523883973541e-08,0.000960532039050017,0.99238879299998,8.47663468409243e-09,1.51718362803915e-11,0.00595319271520425,1.88565645044802e-09,0.000697454415914367,3
"20039",3.67513586770216e-09,0.997842134668883,9.19413928118104e-05,0.00204305458610086,6.38320130527541e-12,1.62215210600683e-06,1.10763164985659e-11,2.12435075030974e-05,2
"20041",0.00328025383179245,0.000235990559327863,0.000293320449987359,0.000346929473946253,1.85931777168926e-05,0.0150875694696501,1.97293042851985e-06,0.980735370107151,8
"20044",0.0197039377234133,0.00291484738904194,0.00267907810061868,0.00142908498340097,0.00133730143454598,0.106166710192102,1.12538639215853e-05,0.865757786312956,8
"20047",1.07497900456727e-09,0.0400216426278195,0.955512542937941,3.02918401729349e-08,9.16135566925270e-09,0.00445975663095282,8.74310653644789e-12,6.01726636918788e-06,3
"20050",0.000930366341031012,0.524299163402746,0.0162526825468529,0.00208609912552086,8.04216322362431e-06,0.00492741600527053,1.51023317480021e-10,0.451496230264332,2
"20052",0.803508981091443,0.000178554431132964,0.000295071654712236,0.000996216850904447,0.0299721515565093,0.131476626816267,2.04519282368354e-07,0.0335721930797485,1
"20054",3.71176930524722e-05,2.33699584005624e-06,0.214272080671733,1.92095477807651e-09,1.71693441358495e-06,0.785438098193784,9.60688845445898e-06,0.000239040701767837,6
"20056",0.00108397103468299,2.38358731490969e-07,8.93421906693308e-06,2.69267145289349e-07,0.998856721288901,4.82610872870577e-05,1.45259267170018e-07,1.45948491840166e-06,5
"20058",1.38344307773219e-06,0.00540595640321234,0.902597514359934,3.05783663909057e-07,2.03817914777095e-10,0.0915863498806262,4.9176271352154e-09,0.00040848500804081,3
"20060",0.995047375009245,5.6838860790148e-07,7.70405162244182e-06,3.30532864352706e-05,0.000100410015723226,0.003135168703194,5.75761306647307e-06,0.00166996293210631,1
"20062",0.664439555825702,2.13199964737035e-06,0.000178753384526771,2.13557347411717e-05,6.05451979625189e-05,0.0183061402409253,1.20838515154514e-05,0.316979433764979,1
"20064",0.00247919378660996,3.51732919191924e-05,0.0266783607162446,2.45351228557657e-07,4.04098639401172e-05,0.9705259380784,2.2394233126908e-08,0.000240656517424579,6
"20066",4.92872208364894e-07,8.98442116745811e-05,0.930797297494656,1.08122991046219e-09,3.19697892750432e-06,0.0691061513119061,2.59002004191529e-07,2.75704739329157e-06,3
"20068",0.987072824108648,1.73995116398552e-08,3.35284973483479e-07,6.74494109631801e-05,2.22779208729097e-05,0.000715561284518779,0.000657316559823016,0.0114642180306893,1
"20070",0.961526528878525,3.94383112018921e-06,8.54351621478691e-07,0.0150667240189795,1.43947741672099e-05,0.000918562942958754,2.78795462023044e-05,0.0224411116564257,1
"20072",5.92149463208018e-05,3.44351960843255e-05,0.752609273606547,2.06109534388506e-07,7.45988337590238e-09,0.224177534980988,0.00472277808281181,0.0183965496178306,3
"20074",2.53775854964711e-05,3.04206241277008e-11,1.95225571203178e-09,2.02946808697848e-08,0.999776099138867,3.25849802344305e-08,0.000198408974727443,5.94385717195935e-08,5
"20076",0.0244529966275968,6.86616503944111e-09,0.000328875864789444,1.27911298293377e-07,0.60965272398257,0.0439300897816641,0.321324959476784,0.000310219489132424,5
"20078",0.00329244549413292,0.000604154568744275,0.0337341243425393,5.49810463318842e-05,2.82935662509861e-05,0.95995237214354,1.41278962242794e-07,0.00233348755949879,6
"20080",8.28299421231349e-08,0.0098497947137451,0.965601504020018,1.55775992473858e-08,4.1607966126576e-09,0.0243516570131576,8.67542943649898e-12,0.00019694167606563,3
"20082",2.35265854400691e-07,0.997946363316922,0.000377877291160587,0.00146336496925241,5.44454634389741e-09,0.000208198596563855,1.08828177299019e-12,3.95511461158174e-06,2
"20084",0.00130616188681403,0.0062490674265325,0.0504856375015647,0.000153438604920601,0.0154887904186891,0.925985257311268,4.89126114473205e-08,0.000331597937599789,6
"20087",0.00456953027625232,0.000277833544555673,0.195945863956973,3.73582013859598e-05,2.0921138328399e-07,0.693057601330141,1.87561665421493e-05,0.106092847312767,6
"20090",1.19379882780078e-06,0.144602854174038,0.80277808668185,7.84191075099063e-07,3.0315037182099e-08,0.0111097773688376,2.05990930267425e-11,0.0415072734497353,3
"20092",0.00205236985775804,0.00695957839452653,0.000114754045570372,0.924030021912213,4.76627410780691e-09,0.0078659229199684,5.8394295261658e-05,0.0589189538084274,4
"20096",0.0460616706097983,0.00518458561731821,2.97420859293569e-05,0.913767822522161,0.00134477332143529,0.0127941006107466,7.16975202773805e-07,0.0208165882574086,4
"20098",0.856380102286016,4.04421034741938e-07,1.4492018447201e-06,2.03819681165433e-05,0.140158587378523,0.00304377096565017,1.65130821175496e-06,0.000393652470602671,1
"20101",1.42756013830156e-05,0.0104967985760366,0.752976178694296,5.29515283766111e-07,0.000111440499086986,0.235759649922087,7.1552742100724e-10,0.000641126476299355,3
"20104",0.00738858200634975,7.79567672777859e-06,1.91216133972842e-08,0.985147005835669,1.82278475535646e-05,5.266662019916e-05,0.00733811233805553,4.75905538313768e-05,4
"20106",0.000166724207192997,0.000462274045431929,0.633875264362478,2.30838999372581e-08,4.62776993001832e-05,0.353818183623623,3.23630159092214e-09,0.011631249741772,3
"20108",0.987282193579983,2.13116689724879e-08,1.91224853967479e-06,9.82015966874085e-06,0.00682797176042514,0.00578632767223785,6.43508459610812e-05,2.74024215150287e-05,1
"20110",0.193366890356993,0.023784927584327,0.00019778096379717,0.194723015257611,0.119970819249594,0.00626348940507967,7.44006806925305e-08,0.461693002781918,8
"20112",0.00300274354554637,0.0339052799277495,0.32921864376857,3.03334355729469e-05,1.22937305212391e-05,0.107610685181313,7.61662529350269e-09,0.526220012794103,8
"20114",0.00488196396219721,0.000230798787471394,0.00898385963609486,1.60794556751376e-05,0.0155122791729168,0.970358174229193,1.8713643326241e-07,1.66576200184063e-05,6
"20116",0.000573730080018718,3.26085771806e-06,0.0476191487685007,2.21375292981343e-08,0.00724096634689903,0.944499534533838,1.04993018315105e-05,5.28379736647114e-05,6
"20118",0.27586287657834,2.70961325130405e-05,0.000351054536751432,6.43471992804472e-05,0.0318872163337109,0.691306725247659,5.55834515267384e-07,0.000500128137229356,6
"20120",0.00172096657222985,0.166944889558712,0.279400526498086,2.90730396261319e-05,0.00072851587139074,0.539801599575309,4.67065765941298e-10,0.0113744284175808,6
"20122",0.000783984780859641,4.88598465983068e-10,3.96063698390136e-08,4.30914166545884e-08,0.999188794893901,2.14759584481658e-05,5.37058216005517e-06,2.90598246183041e-07,5
"20124",7.49637873961469e-07,0.00766067312340019,0.757145279224822,3.7123268641855e-06,6.66905878581402e-10,0.233488668334408,5.59800234640159e-08,0.00170086070570222,3
"20126",1.13469030178421e-07,0.956926753331928,0.00167649019904968,0.0393506481932397,7.03855656215565e-08,0.0019883057503434,3.67661541661489e-08,5.7581904689637e-05,2
"20128",9.37947835394698e-11,0.899705029599026,0.100114864985223,1.18788208278904e-05,4.77623252536098e-11,0.000149107685470965,4.01917270099217e-11,1.91187277032722e-05,2
"20141",0.204143957384059,7.13870663965106e-05,5.28543621651091e-08,0.779616150897257,0.015043675496336,0.00107299968317213,1.12927183127458e-05,4.04839001043759e-05,4
"20143",1.26252071515235e-05,7.39273102703307e-11,1.58941566407166e-09,8.62256515329207e-09,0.999984654617271,4.06841518924647e-08,2.66194295891737e-06,7.2625586128743e-09,5
"20145",0.0015981598635038,0.013073557768776,0.160139126004844,8.09998250846266e-06,2.74236619982286e-06,0.812673136708683,3.74142433649339e-10,0.0125051769313426,6
"20147",0.000126400811995766,0.000183690918224719,0.0853889359409056,1.50046020903764e-07,1.29213186377959e-06,0.913723751178691,3.31385082539425e-09,0.000575775658447792,6
"20149",0.000777304915775632,4.61020115875914e-10,3.86838492995606e-09,3.17124429415829e-07,0.999217587287116,1.82528144791757e-06,2.57467387834296e-06,3.86387948324167e-07,5
"20151",0.957970915218881,1.48153011617873e-07,2.46674622231625e-06,6.79215861637987e-06,0.0396725690683203,0.00182337027615244,1.17881639321735e-06,0.000522559562402767,1
"20153",0.346533021147853,0.00145607263767775,3.73088905917514e-05,0.0054292055021786,0.639914206631561,0.00265281071308571,1.33001725173889e-08,0.00397736117688015,5
"20155",1.94815740593163e-05,0.00080455041341339,0.525626612829545,1.08102202571767e-07,2.1342864792087e-07,0.389417364992717,2.60547622159646e-08,0.084131642604652,3
"20157",0.602085052874593,4.67875756204965e-07,1.45612599704388e-06,2.18103361549879e-05,0.397185449294181,0.000648814453194728,1.11930277929031e-06,5.58297373432222e-05,1
"20160",2.00721498549217e-05,2.65416829569033e-10,3.19192180873567e-09,1.38336761310548e-08,0.999979456341625,1.05875253060249e-07,3.36812247922875e-07,1.15300047772378e-08,5
"20162",0.00407630030100509,1.46426587354658e-10,1.35105111060018e-09,1.64486182409862e-07,0.995919228835717,9.29679322386544e-07,3.15366620792574e-06,2.21534087516966e-07,5
"20164",0.044625265065216,7.31549457353482e-07,2.51480057658198e-06,2.68769632500825e-05,0.954426875338323,0.000106843482929685,1.01964406084343e-06,0.000809873156185835,5
"20166",7.42972556527595e-06,6.52968015650775e-06,0.956988922767496,2.44925027557949e-09,0.000372003578109735,0.0425096965737964,7.00447176480581e-05,4.53705079776e-05,3
"20168",2.76645463538248e-06,2.29857338369854e-08,0.00120377656440809,3.08511238968413e-08,0.000357718184930262,0.000174070156534876,0.998256747694701,4.86710793303734e-06,7
"20170",0.742953977720827,1.28677980501752e-06,7.4234946080063e-07,0.000260215158382216,0.250355319614457,0.00621389345309065,6.93928238991913e-07,0.000213870995737444,1
"20172",0.000218340880038592,0.0015712178048522,0.0811143686814719,2.42894614655497e-06,5.91432235615183e-09,0.914679316965658,5.70251695011503e-09,0.00241431510499335,6
"20174",0.755434157268087,1.15159734666819e-10,2.13942223143464e-08,3.16372170721652e-06,0.120487834307783,9.63826910230404e-05,0.12395609688133,2.23436206878265e-05,1
"20176",1.59724573419789e-05,4.95437147080226e-10,1.97829901464687e-05,1.62355376193213e-08,1.40293922727043e-06,2.73262715214287e-05,0.999929094674257,6.40393653104667e-06,7
"20178",9.45284856771223e-06,6.99885266150379e-10,4.47689424437539e-09,1.61008413037318e-08,0.999990287180606,7.96605306227479e-08,1.45382797570983e-07,1.36498768452493e-08,5
"20181",2.1293971429009e-05,3.62917763838039e-05,0.701012583514143,3.25954641088827e-09,0.00357897760817633,0.295334012868773,6.00234963707569e-07,1.62367665848334e-05,3
"20183",0.910343211445874,6.0661611264664e-05,3.41996548092353e-05,0.00411166942533181,4.05553242418142e-06,0.0759073382691487,1.93442308881528e-06,0.00953692963805854,1
"20186",0.65005211798036,0.00026929142328655,0.000973131271146896,0.0311068176060196,8.01791976698464e-08,0.124908367355678,0.00332801362536238,0.189362180558949,1
"20188",0.000190465243221731,5.34382712280425e-10,3.10782330927951e-09,6.08100494977837e-08,0.999809029758662,1.47941953840449e-07,2.19010280502687e-07,7.35936262018813e-08,5
"20190",2.68272917312109e-06,0.000102241853311825,0.924938858840987,1.20643706184934e-09,8.39006120408152e-08,0.0747778637687866,6.92555646745453e-09,0.000178260775136604,3
"20193",7.92004959336272e-05,1.13471371404064e-07,0.00118402700635586,6.49320357057336e-08,0.981236776721282,4.67493146388703e-05,0.0173257298664127,0.000127338191969459,5
"20195",0.188055749839248,2.2957481137867e-06,5.20317756921244e-05,7.03851340550536e-06,0.805440334595065,0.00207875716996749,1.16320228411424e-06,0.00436262915622496,5
"20197",0.00022449404678439,0.00104825264263191,0.248488674225826,1.15812208792325e-06,2.48855943800734e-08,0.710289160829443,2.88454606559516e-08,0.0399482064021717,6
"20199",0.0728707413369336,7.39879303927089e-08,2.11477470887044e-08,5.27749993157794e-05,0.92699350039311,3.49377907731505e-05,4.44163352921879e-07,4.75061808367622e-05,5
"20205",2.05880350437813e-06,0.938798572325774,2.79299800462772e-05,0.0601181680998431,1.3790909830007e-09,2.86611055570431e-05,2.32663855509589e-11,0.00102460828291823,2
"20208",0.977716687004723,5.66211419836754e-07,1.86659896643898e-05,9.37998583800532e-06,0.0075932949217809,0.0115995406371955,1.4674311269903e-05,0.00304719093810878,1
"20210",0.0149650159446771,1.11983785707523e-09,5.2759508660648e-09,5.38586064665272e-07,0.985027566613436,4.32336261995188e-06,1.24109827877576e-06,1.30799913501496e-06,5
"20212",0.153075987868769,2.31718813620521e-07,2.13112361125419e-06,4.49102696251516e-06,0.846290284604453,0.000347657374983277,2.21791538589132e-06,0.000276998367021848,5
"20216",0.000255069973453874,9.62073425974431e-05,0.116415824178985,5.11024368893677e-08,1.78184726491691e-05,0.883069848032903,6.97012818697874e-08,0.000145111195693108,6
"20219",0.00109341828554885,0.726998960671217,0.0507751562185145,0.0129661833564489,3.11854126677303e-05,0.189953500599008,7.43459153841511e-10,0.0181815947131358,2
"20223",5.43264093810262e-08,8.99155452404597e-05,0.996399480933337,4.94766282251184e-08,3.40968727504609e-11,0.00185922123181469,0.000257129271547682,0.00139414918092556,3
"20226",0.0185608490715954,7.11697286570193e-05,0.000249425686063268,2.15033638750108e-05,7.20713473021491e-05,0.00154892206389091,3.86237659502814e-08,0.97947602011485,8
"20230",5.87788522747686e-07,0.000438799544978954,0.966550213099064,4.60170748971123e-09,5.86448244320707e-09,0.0329516129480868,3.55195464353958e-09,5.8772601202526e-05,3
"20233",1.53036514919392e-05,0.000334192843807826,8.78786856166997e-10,0.999647275097367,1.7719358772217e-07,3.82423425665374e-08,2.66874444867528e-09,3.00942387148887e-06,4
"20235",1.32983223472179e-05,0.0408170469616085,0.651038480601528,0.000462718374611221,1.39170837989251e-09,0.128101404472367,9.09107072826126e-05,0.179476139168547,3
"20239",0.00113435933902791,0.00017146290416206,0.247811637390817,4.8564425058408e-05,4.72275176342263e-07,0.44454452659647,0.00202452907089589,0.304264447998392,6
"20254",1.9273260863644e-08,0.999107997553278,0.000527577201267196,0.000286131074172994,2.41490633213378e-10,6.61210526426174e-05,1.12951666099811e-13,1.21536037745798e-05,2
"20256",3.01484500471745e-06,0.000627454879253475,0.296412541468533,5.21555691529789e-07,1.052824097184e-09,0.702477987203712,1.3118032697993e-07,0.000478347814653551,6
"20262",0.435024106682882,1.07575679490962e-07,4.94657723458487e-07,9.87962731501401e-06,0.563612710346977,0.00129239387860211,8.69853723852573e-07,5.94373770967686e-05,5
"20270",0.00847056648443355,1.91766107003471e-05,0.822198904817801,2.40038301061018e-07,0.0027054538854567,0.164187518172755,0.0018542721589776,0.000563867831574503,3
"20284",0.412667285913675,0.073884461877947,0.00053362902861185,0.410178114445969,1.05844150313521e-05,0.0187277606071043,1.13678968903734e-07,0.0839980500326928,1
"20287",3.38323792997013e-09,0.000214595899549881,0.998009512585835,6.93022887060575e-10,3.67270693090922e-11,0.00126208040991886,5.97772012453293e-09,0.000513801013987675,3
"20290",0.000794983220083957,0.9578975825245,0.000246595978385755,0.0353789193050614,1.19700173606822e-05,0.000577907693051256,5.38766483777347e-11,0.00509204120768023,2
"20293",0.00113649560583969,0.000159246573257175,0.0033113946217073,1.18532729457891e-05,3.96664884514073e-07,0.995253165870299,3.64102269186106e-08,0.000127410980839069,6
"20296",0.271186191948868,5.0082750431745e-09,0.00024296393503678,1.44282686263075e-07,0.667596773089879,0.0446645150835875,0.0157872674127451,0.00052213923892315,5
"20301",2.05258476320384e-09,0.000576067763395835,0.999137607327471,4.98589715386402e-10,5.41207608103563e-07,0.000202102924565482,9.03341139977049e-10,8.36773224439958e-05,3
"20304",9.34406937516626e-07,0.990808839135519,0.000293086658092423,0.00703275102378764,1.50535979792169e-08,0.00186090857099379,7.09189970975597e-12,3.46514397962212e-06,2
"20306",8.55705477615575e-07,0.00733051654443684,0.945832068872862,7.1699251532512e-07,1.66719275428357e-10,0.0465747177959947,4.66750768546636e-09,0.000261119254486983,3
"20309",0.0814105927388888,0.0026763975160199,0.0185001225996845,6.02114953047352e-05,4.44792090897364e-05,0.707127769554337,3.36495852116987e-07,0.190180090390823,6
"20311",0.000809054391512495,0.000678057011352478,0.205663411609675,1.16403918474663e-05,0.000192236745396273,0.791760572682527,4.81318131352741e-07,0.00088454584955806,6
"20314",0.960088874583544,4.83260002407054e-06,1.91502992398662e-05,4.19503792433327e-05,0.0139085767700674,0.0248925986911003,1.59388340931549e-07,0.00104385728843961,1
"20318",5.07479146638665e-05,5.16843691259988e-09,1.48459929618075e-06,1.29411082311033e-08,0.999941755289142,2.75684785841928e-06,3.20192613731569e-06,3.53133573107359e-08,5
"20320",0.399051606104215,0.00012368096625583,4.46122592309012e-05,0.00428747317608726,0.000952091335541315,0.00109771811282323,5.61517381000198e-06,0.594437202872037,8
"20326",0.925300740177367,1.153130923762e-05,2.79726106234558e-05,0.000153556518872946,0.0359796609382978,0.0380480927667827,4.18540993801224e-07,0.000478027137824124,1
"20328",0.756357067135674,9.10797337490796e-05,2.00298328437194e-05,0.00764185768519318,4.6910911192074e-06,0.00391749208111345,2.57623339034119e-06,0.231965206206917,1
"20330",3.5684518889008e-05,0.0031366792454205,0.0681288919722637,3.10148407021179e-05,2.16296834647796e-07,0.0152434519727893,2.06748806623082e-07,0.913423854404294,8
"20336",0.01046439369886,0.500365478283802,0.000475214731234817,0.419234132457513,2.98446881142166e-07,0.0650909806025611,2.76067746350591e-09,0.00436949901847028,2
"20338",0.000224103431894401,0.871224073771795,0.00109605267849315,0.0913969051957429,7.41123678630462e-05,0.0312272402820444,9.14665171319928e-10,0.00475751135750142,2
"20340",1.31255241328904e-07,0.00272358174902006,0.939694619998593,4.59299897049794e-08,4.68531543926306e-09,0.0574500671484384,1.21485041288714e-08,0.000131537084898457,3
"20342",2.42933171283799e-05,0.0998874022380417,0.000394307372056854,0.885507381565099,0.000159224484888862,9.73552791530588e-06,1.41214686010765e-05,0.0140035340262685,4
"20344",0.000395282962551862,0.00182387034969806,0.434005441370488,2.20062353356321e-06,1.1828507347393e-07,0.563277165395194,1.13277333127304e-07,0.000495807736128159,6
"20349",2.63398036196827e-06,0.000553005156170568,0.771162394923143,1.37431247972772e-07,6.94559162141173e-10,0.228221091648644,5.18662067493647e-08,6.06842996669727e-05,3
"20351",0.00194192913304309,0.00241120053475128,0.00585846623333912,5.39175007677355e-05,5.09299573035244e-05,0.987698242317173,6.20222805785065e-08,0.00198525230134187,6
"20353",1.76985918295115e-05,0.0586288849030618,0.122118124446464,2.60911728575575e-05,7.39445686178393e-09,0.0199634088178173,2.0833413731852e-09,0.799245782590172,8
"20357",5.20857300506267e-07,0.988438259715302,0.000314721738841591,0.00928358316828122,4.21856556176431e-11,3.84657025893213e-05,1.62469963621525e-11,0.00192444875925275,2
"20360",1.46784464078359e-05,0.0997112710816584,0.00408074743682718,0.0863752006636979,3.44004980355313e-07,0.000414168783027568,0.000156939632844272,0.809246649950557,8
"20364",0.0101038651616449,0.00607143949907775,0.124289447799002,7.22879675661883e-06,4.13043655905064e-06,0.355787614568272,7.92921722962882e-09,0.503736265809471,8
"20366",0.00246624791817479,0.341868017480553,2.71736525427303e-05,0.649403263345284,5.25054988028118e-06,0.00542024041694377,1.98455791752758e-09,0.000809804652064092,4
"20381",0.00219349379535647,3.14817754773022e-10,1.40633805858529e-08,5.4909288967718e-05,0.0115009928239404,5.25110090323024e-06,0.986242902387207,2.43622542720383e-06,7
"20391",0.00763726588132793,0.00157532212898617,0.0350942271757485,0.0267400651103622,7.47360485109191e-09,0.125261527683469,0.206046798396004,0.597644786150497,8
"20394",0.977328370493787,2.13944047817449e-08,1.1026943327579e-06,0.000107229977005629,0.000450478053117888,0.00149643566813065,0.00135966463834434,0.0192566970808772,1
"20396",0.300913698658394,2.58434266522698e-11,4.15744566670313e-09,6.78224631780495e-06,0.00612814832900856,8.05980291535911e-06,0.692904445590834,3.88611892412801e-05,7
"20409",0.0731723332832144,0.000332214720694565,0.0328645372848438,3.39329302661793e-05,0.0960302164337752,0.797424262756041,1.53559949958823e-06,0.000140966991665468,6
"20411",2.43203726320733e-05,0.353593390233626,0.239949009473495,0.000356136174052031,5.16556781930617e-10,0.363042632202105,2.26597546612537e-09,0.0430345087615586,6
"20416",1.24392984613248e-10,0.99008591259318,0.00982476971096756,2.44344877856937e-05,6.00687687855596e-13,4.67482062370133e-05,3.12918493035714e-12,1.81348737069199e-05,2
"20418",0.219981649206458,1.48307489370183e-11,3.60839431004332e-09,2.62810241604771e-06,0.0336282059438766,7.76545536720971e-06,0.746375258230424,4.48943823311427e-06,7
"20420",0.000611463364437098,0.00191124696262657,1.26548797479049e-08,0.997423770352338,5.77924216856515e-06,7.76372979390139e-06,1.15831490647465e-08,3.9952110607168e-05,4
"20422",5.74595659975502e-05,0.00132714400764409,0.933719771442762,3.69790652223075e-08,1.66642189485649e-05,0.0294913008566158,8.99107156875404e-09,0.0353876139378956,3
"20424",1.87488114011206e-05,0.187835103265908,0.359905550508428,6.11171616838858e-05,2.19149081520312e-09,0.293060862767027,1.15144330393514e-09,0.159118614142618,3
"20426",4.51067927075925e-06,0.630149413468965,1.96065266415738e-06,0.369633870431579,0.000159611446153192,6.28468333539414e-07,1.28971013059143e-10,5.00047240625676e-05,2
"20428",0.00461713541210408,2.08243414057628e-06,0.0276413533996381,5.83334038034098e-07,1.73985417270151e-06,0.894421120698587,0.00074585447830425,0.0725701303890152,6
"20431",0.530732861532483,0.00212225879118771,0.00223522434900322,0.000460567733941155,0.0787031325959993,0.0166524816669696,4.67662431260633e-07,0.369093005667985,1
"20433",2.89780283280291e-08,7.50332853229601e-06,0.996584961455341,1.74953771104619e-09,5.94872077748267e-10,0.00325476915618329,2.36688107765945e-05,0.0001290659267292,3
"20436",4.90591004600758e-06,1.09870593772364e-08,0.00153227669096175,1.61509955203641e-08,2.01695797132329e-06,0.0013224437131537,0.99711949739556,1.88321942518517e-05,7
"20439",0.670389526091055,6.07114455594916e-11,1.67077846717474e-08,6.3108737688337e-06,0.12635107527949,3.88880691486559e-05,0.203188842175732,2.53407423103841e-05,1
"20441",9.2237366111649e-06,0.940316368620036,8.50287950628056e-05,0.0423974172685851,7.05583226254825e-08,0.00035403686810717,6.925351382441e-11,0.0168378540840219,2
"20444",9.99323243275259e-05,1.14004226386727e-10,1.19708700558799e-09,2.24908707807108e-08,0.999899156618183,1.20941485052947e-07,7.43274483765792e-07,2.30395593174039e-08,5
"20448",0.798181835855553,0.000134419669554679,0.000263046846341609,0.00239671709480078,0.134905825520765,0.0639182189964759,9.76243234330883e-05,0.000102311693076349,1
"20536",0.162429695476778,3.49463734722901e-09,1.78952347913808e-06,2.4244659790885e-05,3.36546501555133e-06,0.00156888806908946,0.831967409599877,0.00400460371133258,7
"20538",0.00637256954953846,0.0953892201416867,0.00323397914515067,0.187159300683705,2.2452117879853e-07,0.707661157649686,1.25221415705671e-06,0.000182296094897409,6
"20541",1.58939412798399e-07,0.335407882139639,0.64409489486824,3.30942907518676e-06,6.91437557095289e-10,0.0178953477183737,7.28261061093181e-12,0.00259840620653913,3
