"","V1","V2","V3","V4","V5","V6","V7","V8","V9","V10","best$classification"
"19811",0.0461548225195542,1.21906063825788e-45,0.00342301377925988,1.89363292908925e-12,4.8480610999894e-05,0.0131764101693732,0.236808962895676,0.700388285835016,8.29670017556441e-12,2.41799300704476e-08,8
"19813",0.00421398793163118,7.02799287085243e-60,3.90999832535798e-66,9.74477870866031e-59,0.00331681725286374,2.39332188937701e-17,0.992469194815481,2.3740151292766e-14,9.37481021265683e-33,3.42839663839473e-18,7
"19815",0.000466850444537406,1.91981849227977e-17,1.47301260169457e-07,1.89384161720588e-32,0.000119783953418478,0.142914858999698,1.65419062631057e-25,0.852034876247195,0.0044607456305507,2.73742333977137e-06,8
"19817",0.000536521397518104,8.70176999667658e-29,0.211228467207832,1.06467602337814e-11,3.31023108352746e-06,0.0139009893942147,4.53575393757026e-15,0.772969814667797,0.000156071753520879,0.00120482533738299,8
"19819",0.00130023878147499,0.36280645460006,2.03892319240899e-83,7.40983592591205e-99,0.134067872575324,1.00320722249355e-07,1.59360742649682e-77,8.15577144955535e-59,0.501661463780812,0.000163869941606891,9
"19821",0.918048597175296,1.59196581473104e-26,1.11373697494293e-09,4.81311674916122e-07,0.0185321728892274,0.0611577021108735,0.000296868027376478,0.00195656747412247,7.59824636162135e-15,7.60989768457866e-06,1
"19823",1.24310030299871e-06,4.36545693633755e-30,1.44251658023057e-19,1.18999201557258e-65,0.0910654832880158,4.90531468129085e-06,2.25613174622527e-37,8.632596987717e-06,0.908919735699664,3.47968640843258e-13,9
"19825",0.0032876113272646,1.389275417601e-34,1.11177494510751e-74,2.55946586476608e-34,0.996712388672735,2.96625205964337e-19,2.02253613786135e-25,4.46280627306527e-62,9.67475022272558e-26,6.59389306643935e-18,5
"19827",0.00022538778386637,3.9407958243231e-29,0.997944448486177,9.69714576149241e-07,0.00158531331905128,8.47207993088759e-05,5.70971623272372e-22,1.16747767211696e-05,0.000133998315063165,1.3486805236521e-05,3
"19829",0.0969778911811406,4.36767286591977e-06,4.67088257505829e-48,6.6362728989633e-15,0.000114829286051768,4.4033121726633e-06,4.13174825655723e-30,4.73169512837553e-36,1.80716781134188e-11,0.902898508529691,10
"19831",0.0689452139890195,2.24398690236386e-06,7.21699391992921e-98,3.92756939678631e-97,0.651395777844424,1.95075115424298e-12,1.59950892029372e-43,1.21854822162754e-40,0.246139664394578,0.0335170997831253,5
"19833",1.12487796497267e-09,7.3477537088105e-62,3.53290845504836e-210,4.5745467824804e-127,0.999999953408869,1.96971033563726e-40,3.23450798115945e-71,3.05817340748869e-104,4.5466253467507e-08,1.19476527514521e-58,5
"19835",0.918048597175296,1.59196581473104e-26,1.11373697494293e-09,4.81311674916122e-07,0.0185321728892274,0.0611577021108735,0.000296868027376478,0.00195656747412247,7.59824636162135e-15,7.60989768457866e-06,1
"19837",6.13201817880768e-05,4.6941615396009e-24,0.99469242928347,5.21922917795776e-09,6.00574947524918e-05,0.000205333995880448,5.91817208779257e-14,0.00151282379847688,1.51796131045985e-06,0.00346651206503304,3
"19839",0.836317127383851,9.42834949547923e-14,1.89289903071617e-35,1.03911866553656e-12,1.87412725420345e-07,1.06877426849245e-05,1.03901729198467e-09,1.66777817611692e-31,3.84391976559978e-19,0.163671996420588,1
"19841",0.0189542859935316,2.15862108581639e-43,3.89948495490711e-54,0.790467567350305,0.190578146656063,2.35299152070626e-23,1.00752289337847e-13,2.49608296401156e-49,1.35611076578241e-32,6.28211138870291e-20,4
"19843",0.990067863462542,5.02417927789587e-10,3.72711056026815e-134,1.38494974325216e-107,0.00993213155179344,3.77187546283423e-09,2.76801121949706e-18,1.68723067814408e-59,9.8540199141108e-26,7.11371602916469e-10,1
"19845",0.00815399674259721,1.57411364938046e-60,1.61222151683056e-36,2.99066376556704e-31,0.024127913938157,1.42794328130657e-07,0.959079259519607,0.00863868700531117,2.95940209259903e-18,6.70290173999658e-18,7
"19847",0.153663986970331,2.80087292493575e-23,2.37373790549006e-19,4.3096450000179e-43,0.0419122511767937,0.232596953603754,6.0955176520025e-09,0.564897092031205,2.81975957041589e-07,0.00692942814644106,8
"19849",3.50194121007081e-05,2.60845848535874e-69,1.71072003394972e-62,1.80892084473693e-51,0.000913102800910817,1.42556047062495e-18,0.999051877778734,8.25406542919365e-12,9.70807811108345e-34,9.40588099262551e-25,7
"19851",0.000155992379632642,2.19019567022542e-32,0.666854846356106,2.06138430784617e-32,0.00046073332372071,0.0283762386351986,1.23518128245601e-12,0.303944248198451,0.000207707742903551,2.33362752317477e-07,3
"19853",2.10400243163312e-06,2.31712242656734e-76,6.63452558283382e-15,1.10082562723977e-57,0.891133976324015,4.29316455485613e-09,2.56600570313587e-07,0.107764366862041,0.00109929191777035,1.05751977861943e-22,5
"19855",0.00117153686190529,4.31278097490207e-55,0.00181355667320967,3.20673466443071e-16,0.00191399131467327,2.92400398734624e-05,3.02598734370191e-07,0.995058586327278,1.26612835821621e-05,1.249007436155e-07,8
"19857",0.169986221190233,5.84207796737966e-27,9.41476923765559e-07,1.29943171694879e-06,4.08436061234129e-06,0.00384980193622597,0.000273183394268685,0.0966443821083384,9.09308961997762e-12,0.729240086092588,10
"19859",0.0358597476025874,3.33763938510899e-27,0.024931013692096,3.84135766332629e-09,5.91945164670223e-05,0.00416511629403132,6.6027112830611e-15,0.847387080521188,0.00165119208025534,0.0859466514520102,8
"19861",0.00201538322543589,4.96302775060189e-47,2.62063468858768e-08,1.65453402834262e-34,0.000548062014962371,0.000363780530408903,0.0261209791546749,0.97095176875439,5.98419577487162e-12,1.07796776512903e-10,8
"19863",0.000117951694303494,4.30585209508105e-89,5.31594932253822e-67,9.16783928946463e-11,0.000312188283250175,1.60148033276845e-30,0.999569859930768,4.60929700118459e-28,1.22860629789511e-46,3.29363371794793e-35,7
"19865",0.0150814922919772,2.40486193277138e-42,3.16971067575833e-08,0.984064900195924,0.000853563753167114,1.20033898288106e-08,1.41430747510214e-15,3.42170185938447e-11,6.5225648235011e-15,2.42103349487935e-11,4
"19867",0.0012626884647051,2.20641188121588e-27,7.11667233356189e-19,4.07571904708764e-50,0.00428219606668091,0.107641664317698,3.7307167023352e-09,0.886813413502318,2.03677127792298e-08,1.35501687593291e-08,8
"19869",0.000185747135909733,1.56806525551977e-74,1.13204698009829e-18,2.15506222368985e-31,0.00317336106657661,1.77959921644374e-13,0.996456732991944,0.000184158805391458,3.39675911102122e-26,1.59143758884503e-20,7
"19871",0.00326441284167015,4.39591355037724e-23,0.577055286097593,1.20359932135576e-06,4.20931971637578e-05,0.00104635926904058,2.4813340635071e-17,0.0361091921505569,0.000699187228286266,0.381782265616368,3
"19874",0.0120760535894887,1.28827595425879e-44,3.61032751823718e-08,0.980319914680296,0.000152521343228106,1.88887441150273e-05,1.58350153166323e-21,0.00743184336900987,7.42099862915091e-07,7.07237235765358e-11,4
"19876",0.000134795080124882,1.22715896344797e-54,0.000311193225423062,0.121540707406805,0.000132414566800892,5.17364380358126e-07,7.61354221819212e-10,0.877880371392778,3.73231924082203e-11,1.6501000830484e-10,8
"19878",0.671420454423482,9.72780203455011e-14,7.78322053468323e-58,1.6854611881635e-49,0.000336022681250895,0.328243521564652,1.80296191476311e-36,6.26024325552506e-33,1.33051871177866e-09,1.52717437971928e-20,1
"19880",1.13600167598483e-05,1.22085975215122e-65,8.42206069082412e-07,0.999922034992813,6.57605978402285e-05,4.67276882394687e-16,2.1848991940035e-09,1.61824749680006e-12,3.09893708568582e-19,1.61642110121787e-17,4
"19882",0.657875365051903,2.49417652624533e-57,5.11784493929507e-20,7.32899299425707e-23,0.307687379899114,0.00124627668933498,0.00894724610035455,0.0242437322579715,1.32186600903671e-12,1.9865544274734e-19,1
"19885",0.00093684021629423,5.13387074978274e-15,0.0548186999671654,1.24047372111352e-09,1.30776540039083e-06,0.0311595680058243,1.4699192619262e-13,0.710633653514363,1.55353415009684e-05,0.202434393948826,8
"19907",0.121191320609333,2.63074552482618e-35,1.47297943255319e-22,4.12994882116326e-40,0.124323301908563,0.225247200199434,7.30067658372906e-05,0.529165170386958,1.22688223216972e-10,7.18682648150005e-12,8
"19909",0.0129860923570682,0.00058671105452474,2.76225643737635e-40,7.97240793633916e-45,0.00055357873025267,0.00017212551802662,1.05524098808913e-14,1.63238586798827e-17,1.00539986915421e-10,0.985701492239577,10
"19911",0.451915532454275,1.87886736536011e-13,4.31256735908472e-25,3.35404562048571e-21,0.00120845189940791,3.45281425589431e-07,1.07102512291262e-17,1.85747683280709e-23,3.81464184286246e-08,0.546875632218285,10
"19913",1.9674208936578e-05,2.84698882317024e-57,2.23782200562487e-36,0.999777038711522,0.000203287079541104,7.12049420258642e-24,7.59304508594517e-22,7.29383838955227e-33,5.90185042334132e-22,1.11441273291105e-21,4
"19915",1.87003904507208e-05,9.62652615968083e-43,0.999902046318575,5.33653769741068e-05,1.24735936116344e-05,1.0862100040063e-05,4.94153274234943e-17,2.3414671261798e-06,2.10569661452046e-07,1.83561134853068e-10,3
"19917",0.0378254647729893,2.28030280706093e-37,0.00947786574886102,0.952680422459243,1.4679831122884e-05,1.27940657700855e-06,3.14735879566422e-12,4.61721986804092e-11,3.58384103252206e-10,2.87373503476504e-07,4
"19919",0.00125973731131389,1.52821790774066e-29,0.987231757371967,0.00405338780468561,9.54545063235478e-07,0.00358364832911237,2.42897700558211e-19,0.00374458379672125,7.80120055195207e-05,4.79188356168526e-05,3
"19921",0.000353709869038601,4.87076496563927e-28,0.000380380946944731,3.19410971942062e-32,2.80547845690708e-05,0.02836838015593,3.4252816161643e-09,0.970865519578205,2.11480384456011e-06,1.83643618659044e-06,8
"19923",0.197600792466229,5.52082659473473e-17,6.67279490395892e-38,5.30593019924764e-70,0.000114004575061445,0.802078865259652,4.40572340788023e-30,2.98933589453427e-11,0.000206337669155603,9.69726277461692e-15,6
"19925",0.00181941822243842,1.40902077588153e-41,0.506761072857504,0.491346072420714,6.26779254841312e-05,1.06971580188762e-05,8.04272302944816e-17,3.76615076000932e-08,2.34526323952516e-08,3.01700577740012e-10,3
"19927",9.89665622079722e-05,1.07499419633025e-31,0.000982974046589428,6.10483944253712e-16,3.60950981599794e-05,0.00398611151990337,2.33285227049743e-13,0.994781523310851,5.53526788009976e-05,5.89767832528287e-05,8
"19929",0.00257620884532677,1.81858008320354e-86,1.7764232813291e-58,0.0702937981584335,0.0895495108299252,1.2203918821515e-30,0.837580482166315,5.26647682652576e-23,4.88245358194021e-42,1.21826837556267e-28,7
"19931",0.000487198298945573,8.05959363588046e-21,0.000100476113512893,4.07984297414201e-11,0.000137833586469991,0.0308351241166698,3.19872312044101e-23,0.96771881958485,0.000433088583623384,0.000287459675129902,8
"19933",0.00156129105442365,0.000932882809777663,1.19516747684991e-12,1.07632719294022e-24,0.00449893093513519,0.197941109026154,3.52387991641448e-29,1.29355899266567e-09,0.000496108473299556,0.794569676406456,10
"19935",0.246571337909841,5.99857304492693e-12,2.34501347776974e-13,4.50238802317348e-17,0.00231063179349497,0.750402718660677,2.94465278857477e-10,4.91992801526277e-05,1.01584015994133e-10,0.000666111953551723,6
"19937",1.21656981670092e-05,1.5917644035979e-24,3.81979546323527e-05,1.11278294083145e-36,9.89008508677893e-05,0.0108277360165562,3.64342115604681e-22,0.988532889573571,0.000489543065926798,5.66840278861553e-07,8
"19939",0.0454913569547803,5.92976969408683e-25,2.3953635288959e-12,4.35783602916056e-12,6.1929567408006e-05,0.952146437592559,8.97329862170543e-27,0.00119709655587728,0.00110314012666556,3.91959571030112e-08,6
"19941",0.713974890650877,1.23558160620857e-13,1.12906163731009e-28,1.3767245396252e-19,0.00466914333027496,1.97673208591915e-09,8.24892107303235e-13,4.32305881460238e-32,1.98119792355308e-16,0.281355964041168,1
"19943",4.10402391465603e-05,3.8511651302128e-51,3.99193093955629e-18,0.999898307309971,6.0652449586595e-05,1.87081727806929e-14,7.07779496239185e-27,1.88184714493138e-15,1.26703660678103e-12,8.17860560746366e-15,4
"19945",0.00468825228896746,0.000418062572872111,3.17164782506041e-13,1.18410492127627e-32,1.34272430185547e-05,0.222854485325091,2.636738089839e-29,4.87725586469957e-10,0.00286854970835178,0.769157222373657,10
"19947",0.936121297147943,1.20953586451708e-31,4.41728446088204e-51,1.95725740094469e-12,0.0625815263797958,4.68216013568549e-17,5.20395498196681e-11,2.49768127397477e-30,9.45370539151661e-19,0.00129717641826464,1
"19949",0.016170663177035,1.18731951191678e-08,8.10923359941233e-39,3.64941372136689e-51,0.000886128735939192,0.981204155026635,7.01598439045857e-44,2.68720280690058e-12,0.00173904106742524,1.17083535496011e-10,6
"19951",0.412315089359786,4.1898732394759e-26,0.00138957748836961,0.00987074722744023,3.6275713726252e-05,0.576387265383495,2.11490481217642e-17,2.28936519267844e-11,1.0442350594459e-06,5.69229513409053e-10,6
"19953",1.47337426299362e-06,6.10582158645888e-08,4.26352955728702e-83,4.81608204660973e-152,0.0297320178050323,1.58796917574584e-08,5.17125944394941e-62,3.80326121402168e-39,0.970266431863602,1.91948079633859e-11,9
"19955",0.996720989709114,2.20566240974343e-09,2.65578809427518e-78,4.38652318243924e-56,2.48889346430099e-07,0.000498679336887859,6.96510576727556e-34,2.07789109588246e-29,4.02864733241105e-05,0.00273979338566504,1
"19957",0.927170373293854,2.79543188384149e-40,2.04277786897069e-13,7.73272122057837e-10,0.0567613192599698,1.94119912876467e-11,2.59647332983009e-18,2.91228859964594e-09,0.0124042865163811,0.00366401722461849,1
"19960",0.975862562847233,7.72789358578895e-09,1.33114132675543e-61,7.80699758309008e-32,0.000991762132312173,0.000112220720094615,1.75933764087563e-24,1.84722378814459e-38,3.21106727024436e-14,0.0230334465724343,1
"19963",3.77817898464165e-08,3.50893105416865e-58,9.85415548408484e-100,5.80016422928174e-43,0.999999962106942,3.98229107897323e-38,3.1068114380014e-43,1.90971922193122e-65,1.11268024297517e-10,3.15283614123955e-34,5
"19965",0.146620611027033,0.000118590137761259,7.8869847727089e-89,1.03385090084373e-76,6.97884573787927e-08,0.853204233443803,2.56148800039553e-26,1.93279403674696e-46,1.48190109445382e-11,5.6495588126277e-05,6
"19968",0.833797145457573,1.00519547243114e-33,2.13035735006763e-22,1.61327407739361e-05,0.106080659221636,1.01035651511983e-11,0.0601060388653311,4.150437712612e-16,4.89655236283573e-36,2.37045818957903e-08,1
"19971",0.00250387957572634,1.10979732085217e-36,1.61926491580341e-112,4.54132017161864e-13,0.997496120423656,1.53667909846974e-27,3.89377881386375e-55,2.4309391466297e-83,1.63618946969701e-13,2.40996485004578e-24,5
"19973",0.000256560437824884,4.23513034574136e-29,0.907792496448671,4.92071155360224e-06,2.53781875940821e-06,0.00434823351180952,4.15198749352702e-09,0.0875383046675915,4.8365588502988e-08,5.68938862135951e-05,3
"19975",0.018405149771114,7.14756275018579e-37,0.244637406962659,0.736899499355171,5.35501209535735e-05,2.94150691074337e-06,6.97449476789238e-07,2.63005986854904e-08,6.69222052443512e-15,7.28533109035156e-07,4
"19977",0.982683785999533,2.04683011788116e-52,2.65995831391152e-36,5.34908239324941e-15,0.0173162140004615,1.69722781052755e-16,8.8709314921206e-23,1.78988445143385e-41,3.97389980545828e-17,2.09996573471747e-25,1
"19979",0.0067635918085322,0.894575956894546,3.18571221313531e-86,1.99950650762424e-56,0.000835917947628414,2.89770721439985e-06,2.06769513827801e-63,4.61660743622667e-69,4.10541959060854e-08,0.0978215945878836,2
"19981",0.00596647625276384,1.23164850766047e-19,5.70841736454406e-08,2.69309171519015e-15,2.09000277873103e-06,0.00110216993619673,1.28481123744522e-07,0.0421959555346581,3.65344545177932e-06,0.950729469262851,10
"19983",0.0317456242696735,1.35637336486415e-19,6.89167264658081e-14,1.0709401946659e-28,1.45907632442418e-06,0.337913061983206,9.55016561414134e-12,0.0142517139721391,1.46412246170739e-05,0.616073499464421,10
"19985",0.00123073939241157,6.60779602770477e-53,0.0446072753987392,0.946895222572715,1.86944654140246e-05,1.1567839510377e-06,2.5373468396502e-11,0.00724691055819827,2.86664500894726e-10,5.16533020414872e-10,4
"19987",0.00257664932807707,3.49399368274748e-14,0.00477110402309925,8.28110411024851e-15,0.0105014711478094,0.00216531702304456,6.95099630514799e-18,2.28270631617687e-05,1.06570042125286e-05,0.979951974410552,10
"19989",0.000176594671768324,0.990880549768685,1.08762590125783e-90,7.44159580110293e-102,0.00521520920543943,0.00237435621489483,1.49299486873684e-68,4.29630041992531e-48,0.000343998131051874,0.00100929200816009,2
"19993",0.0116476827984405,1.04751318053079e-07,9.73797344438562e-20,1.21320821565387e-13,3.28627320064314e-05,0.988270618681196,2.32559390590141e-40,8.60755986336711e-19,4.84153874533186e-05,3.15649464059812e-07,6
"19995",0.0947464906539582,1.35399969422039e-06,2.19770972104356e-17,9.33350994020916e-19,0.00044853144473984,0.904708165713886,2.02822810435238e-23,1.245961865504e-16,1.27350946454416e-07,9.53308367751176e-05,6
"19997",0.00136513545854128,6.98244909773687e-36,0.20172825894764,1.02984318072272e-05,1.42244227519579e-05,0.00882657617485438,2.40306725678374e-11,0.788051119130423,3.15923792502475e-06,1.22817202661403e-06,8
"19999",0.000417668876370234,3.39486098130859e-53,0.998218652047722,1.83741226995613e-08,0.000125598251319832,5.74559723479079e-06,0.00114320844954242,8.90937925261507e-05,1.63938243673435e-10,1.4447223090354e-08,3
"20002",1.77254608320193e-05,2.69526239819066e-58,5.10537955793512e-86,3.22458390776714e-25,0.999982269000353,2.30600676112311e-33,5.53881512986704e-09,1.84911279595853e-47,1.6998894778014e-39,1.01906712415285e-27,5
"20004",0.00489094742544286,8.32979726284025e-10,1.75454029185755e-25,3.06621610553187e-28,0.0129863230057879,1.5465557732953e-06,7.32551452343043e-14,9.27578345488721e-16,1.20215898280249e-12,0.98212118217874,10
"20006",0.999806513599296,2.85588796327406e-22,8.04545989393402e-56,1.30226073705885e-48,0.000182373855178148,9.17665370790666e-06,6.82599208492487e-19,2.21147087128948e-35,1.66716207446589e-12,1.93589015050835e-06,1
"20008",0.969534028094261,7.87042315438266e-13,1.89829194104838e-63,6.50913125357373e-49,0.000555857518012837,0.0299101135570586,3.52676415158812e-33,8.80012774460288e-42,8.29880161391267e-10,2.56159700264957e-19,1
"20010",0.0217666583560313,0.0207112134822212,2.25190754071772e-28,2.62111586952288e-52,0.000120271843386568,0.903422832222441,4.53249667896151e-52,4.25164851744554e-16,0.0457463814690379,0.00823264262688114,6
"20012",0.987655006054271,1.34393580872753e-47,1.52477323529867e-13,0.00350517016671482,0.00880899046085799,3.0437939634724e-05,3.95368462743017e-07,9.90640163241938e-12,2.74541748262727e-18,6.59938701212879e-17,1
"20015",0.00971192323543349,0.972106520212385,1.3407996005553e-95,3.26382044526153e-60,1.36850880292154e-05,0.0181557852501191,2.19999950586475e-35,5.84610558129817e-55,2.65726697412155e-17,1.20862140333408e-05,2
"20017",0.000849339671161301,8.7603149628384e-48,0.0792374801354533,7.45958023379733e-06,7.1916437255101e-05,5.81685280091356e-06,9.44475582800472e-05,0.919704557661617,1.26529995850335e-10,2.89819766683354e-05,8
"20019",0.00539310760377421,0.992998426769098,4.54433346439643e-128,1.28280951937795e-101,0.0015771655989964,2.49965223761525e-05,1.09743381898455e-82,1.36478359642855e-86,5.10961831719626e-07,5.7925439239251e-06,2
"20022",0.00468627996922664,0.0236933359214377,3.39508948894933e-27,8.45473343430156e-46,1.9746823522696e-05,0.0579237072468541,2.09271392838568e-39,1.10632770563951e-15,0.00199228397501002,0.911684646063948,10
"20024",1.20505059490603e-07,2.81828803724568e-08,7.02093178053109e-185,1.38503312330977e-160,0.999946539130949,1.52266310567259e-17,8.72236260944487e-83,1.54233888277499e-80,5.33121075541942e-05,7.35567878843484e-11,5
"20026",1.20505059490603e-07,2.81828803724568e-08,7.02093178053109e-185,1.38503312330977e-160,0.999946539130949,1.52266310567259e-17,8.72236260944487e-83,1.54233888277499e-80,5.33121075541942e-05,7.35567878843484e-11,5
"20028",0.000131351876222038,3.15303744657686e-48,0.950810657601093,0.000118623594899915,0.00032483719410702,1.80876740608448e-05,1.29595781832625e-08,0.0485964077073382,1.93073886628643e-08,2.08531183640596e-09,3
"20030",0.0704880585983205,0.0123007145620072,2.40287361987732e-63,2.72933796818361e-36,0.0249579135925782,6.06051265123141e-08,3.50805370350281e-28,3.6695680203803e-44,8.19564905043902e-19,0.892253252641968,10
"20033",0.0132518074042502,6.47003431553563e-24,0.951163276380917,0.00528580274431105,0.000190956245286743,0.0128371268731064,2.51727284150821e-11,1.55092340703703e-05,7.52501563592613e-07,0.0172547685913222,3
"20035",0.0138275406617311,0.895930775524801,6.12447926183947e-145,5.28977492147306e-106,0.0898227906205357,0.000401032280828234,5.31155722208963e-86,2.16033730338422e-85,1.4137596604913e-05,3.72331549850567e-06,2
"20037",0.0200886738492065,0.96908494507659,1.55545791698889e-120,6.81839423608005e-115,4.45976500936161e-05,0.0107769341030741,1.04421179389851e-57,7.69908700509192e-71,2.74785899031305e-09,4.84657317686243e-06,2
"20039",9.62510139007895e-15,8.93414782144293e-16,1.42018087316464e-252,1.87984743768514e-226,0.0177141319142105,3.43855490597692e-24,6.66852386047909e-126,5.10696425150788e-97,0.982285868085779,1.7795894223622e-37,9
"20041",0.195671816271055,1.52808486955436e-21,3.59858497181809e-34,2.56729078164647e-35,3.95865231914982e-07,0.798674958801847,5.77497459860646e-28,1.26788270377295e-16,0.00550426964368047,0.000148559418185064,6
"20044",0.982860859945307,1.81397633441424e-22,2.05123288242816e-41,5.32136436550094e-33,0.000309739572662733,0.0161823086528486,3.00070194125616e-31,8.96281287981488e-25,0.00064346046252588,3.63136665581242e-06,1
"20047",0.0459716791796916,0.944726513080395,1.85560766262694e-136,1.96409309282841e-87,0.00918804565261477,9.05537671097121e-10,2.5651976216108e-83,7.98168870587854e-101,1.6980846614455e-06,0.000112063097098941,2
"20050",0.00450259915149729,2.54385400852867e-06,3.09761053843022e-44,2.06584922862885e-63,0.00488840685631554,0.00860749181123149,3.04858950693615e-81,1.29770724166867e-35,0.981998958326946,1.82978349240724e-15,9
"20052",0.0374328760767287,3.26777281791387e-15,0.496516349897297,5.60287907793133e-09,1.17227179387273e-05,0.37574156945117,3.98193732900285e-24,2.48074244034844e-05,0.0480316290191494,0.0422410398104307,3
"20054",0.0379067198552033,0.0218045492058362,1.2375433813401e-57,8.53518471982935e-30,3.36308397260219e-06,0.00118123015682413,3.13790621086028e-18,1.30209133870127e-30,7.43178048847504e-16,0.939104137698163,10
"20056",0.0447485379926411,1.17662434333298e-29,2.5333281508317e-14,0.00363117959071671,0.951620278497627,3.90553286718842e-09,1.92821179627823e-22,2.527120881056e-26,3.56691796786852e-12,9.89010020942394e-12,5
"20058",0.000451639831239784,0.990766376981705,2.13661209354917e-104,2.10549081349701e-107,0.00260177483986375,0.00191060956828422,3.06799387218103e-59,2.50550161917704e-46,1.1544864661794e-06,0.00426844429244146,2
"20060",0.00063794280088507,3.33164145586481e-22,0.000192355255597954,2.26359747866337e-26,0.0269077869022047,0.761821482662043,2.39616437399996e-16,0.210404738602189,2.50168107146346e-05,1.06769663657902e-05,6
"20062",0.0112994848498889,5.93362938653579e-14,3.86027690349616e-05,1.01421496156896e-17,2.28222738361416e-06,0.985977582215793,1.79314261228283e-15,0.00253767159117427,0.000110036225152954,3.43401215117496e-05,6
"20064",0.00304474831929269,0.0215705906977897,1.55278399708776e-10,4.53762105626403e-23,3.45889843184783e-05,0.0755460158064115,8.30830221657948e-25,2.72651437522595e-14,1.28558392350053e-05,0.899791200197647,10
"20066",0.0488419300549092,0.858621539104208,1.82741039393502e-106,3.03472455693073e-54,0.0697078905966352,4.55210534955278e-09,7.85387907006521e-42,1.9654440907973e-72,1.14646579995379e-18,0.0228286356921421,2
"20068",0.00238572957810702,2.45839630880359e-37,2.51190128164408e-05,1.13941273007765e-22,3.94357231839484e-05,0.0260884818375322,3.0921830008301e-07,0.971460528130744,9.47107614182865e-08,3.01788554692614e-07,8
"20070",0.00524206938771356,1.2342948456098e-32,2.47406200352156e-10,5.26222410408854e-33,0.000279558221184846,0.171367388050464,6.87678869574536e-18,0.813751892439678,0.00935909103754981,6.16003913499696e-10,8
"20072",0.990615225798546,0.000340981345815877,2.56940364260437e-117,7.93495028272314e-78,6.74898490804766e-05,0.00874219165562064,2.55714236442841e-18,2.73161511172385e-44,9.23836859818862e-19,0.000234111350936679,1
"20074",3.3101247412094e-05,7.15724665212051e-80,8.13861241609847e-41,0.999685967724795,0.000280919164334432,1.46063009457484e-27,1.18634586317892e-08,1.02539745135982e-26,1.05948383816403e-31,1.4420255109342e-28,4
"20076",0.865944917226023,2.81755900584446e-32,4.72379027823527e-20,9.83302412348957e-05,3.84937869852878e-05,1.24899090984672e-09,0.131957134643713,3.00922108203019e-12,9.49253619072894e-27,0.00196112285004386,1
"20078",0.0240145379383248,6.04546536921731e-07,2.9567673674025e-20,9.65890576625987e-33,9.18174738974225e-06,0.0266436636711017,7.55929835556255e-26,3.79006946873083e-16,0.00087862424701091,0.948453387849636,10
"20080",0.0024456864332774,0.990453696072577,1.42959535337403e-79,4.69431944641639e-81,0.000196575841176759,0.00576302271760961,1.83822946070608e-74,1.56936044719128e-65,4.75130678900737e-05,0.00109350586746899,2
"20082",2.01155879480239e-10,6.94214577324903e-07,5.22234165340565e-128,5.12810125695062e-134,0.0156460784804937,2.37359697761609e-16,8.54010428877431e-113,4.72601142450407e-62,0.984353227103773,1.21011885959512e-17,9
"20084",0.247130007508933,4.35123326142743e-10,7.63714210290673e-22,1.7768752277232e-22,0.000477916659736792,5.18413402487521e-07,1.23371147848489e-33,7.49336909041167e-29,0.000361963523956322,0.752029593458848,10
"20087",0.0275802916026686,3.59798996341478e-05,1.49291583933217e-37,3.58153354787033e-54,4.84639579590815e-06,0.943648343156608,1.28501318582603e-20,1.82263550819255e-15,1.59768187018398e-06,0.0287289412634213,6
"20090",0.00421823472965716,0.965632453609573,2.01090322316527e-85,5.41191430068087e-79,0.00015403818517456,0.0244038322586973,2.933553119744e-87,1.54584851096917e-64,0.00559143890067506,2.31622269869178e-09,2
"20092",0.00403652159262028,5.87536765094752e-25,4.69628024356991e-87,2.70852082877527e-121,0.0513646725232847,4.03908378459019e-07,1.06894603202254e-30,2.86572398435389e-19,0.94459840195718,1.85362924597621e-11,9
"20096",0.0285019632025399,6.34088667196303e-32,9.23794859696326e-26,2.82005641760018e-41,0.000715511912876307,6.62267341955043e-07,1.07190983729237e-33,6.0421615042795e-13,0.970781770059889,9.25567485947467e-08,9
"20098",0.00881927776630934,8.85977923991872e-27,0.922191320426641,0.0345061845242707,0.000771612080671373,0.0320351494150654,1.21713110866243e-17,0.00122503531070221,7.08268566700905e-05,0.000380593619669933,3
"20101",0.379287049787378,0.166628321052009,6.51582674419861e-42,2.48202915190844e-30,0.000203861442029188,0.0324376866013869,3.97621949401897e-51,1.21679680144423e-53,7.6693429655624e-05,0.421366387687541,10
"20104",2.56608042534845e-06,1.36324097742621e-69,8.22004263693029e-80,2.28230714931865e-75,0.999401707588967,2.17979652766219e-21,8.21962554833691e-19,2.97710382055163e-16,0.000595726330607171,1.50860302566982e-22,5
"20106",0.000889757887231887,0.848325383251517,2.73288438703116e-31,1.13495611080847e-26,1.97738724071957e-06,0.144403540318266,1.77761371842068e-44,1.73504216331344e-35,2.30815113332639e-07,0.00637911034063216,2
"20108",0.0032205037582435,1.05764875114847e-26,0.118990003266136,1.96905979737495e-06,0.00131869214024592,0.00748098979264807,7.69076197692136e-08,0.866084588684679,3.91679342983712e-08,0.00290313722269592,8
"20110",0.123874775668129,9.98870761125098e-28,3.84691296719444e-13,1.49885121562243e-27,0.0116957567316058,0.00160681689073187,1.62992988844794e-44,4.49273361456001e-18,0.862822650708534,6.14096379756509e-13,9
"20112",0.0218677629743775,0.0173390995207838,1.50951898209677e-41,1.23705261201756e-40,6.22719788493232e-05,0.936077080465813,1.50689907437716e-58,1.91807375188979e-32,0.0246537318009026,5.32592742373889e-08,6
"20114",0.0321203562161733,2.309946024609e-10,1.49189408837972e-13,1.43581145571267e-23,0.00725495608234512,3.24776851704658e-07,5.20931781939441e-24,7.83435521766517e-22,8.75438926933611e-06,0.960615608304217,10
"20116",0.0470910389710713,2.01995648363204e-06,6.08795514994174e-25,1.64954425878455e-10,8.73197767964311e-06,3.65903283319899e-06,2.19256304521816e-15,1.13799018690477e-24,3.93314170977516e-15,0.952894549896972,10
"20118",0.005671650381508,3.87100303888679e-13,0.0375753638039611,9.03926110869608e-07,1.80953044122249e-05,0.0020364974609856,3.9732295070642e-19,6.9411002896356e-05,0.000907150321218142,0.953720927798521,10
"20120",0.0239374582856136,0.014586307740477,1.21785318410415e-27,4.07689548556198e-45,0.389987404221545,0.221550555534023,5.22690486881208e-68,3.0339883722089e-34,0.231611203717916,0.118327070500426,5
"20122",0.000619155895525465,6.43944361874105e-48,7.59905713564052e-07,0.999358510029457,2.15451724541594e-05,6.7654586231003e-15,5.49834228133492e-09,6.66179892969593e-13,4.25590692491937e-18,2.34978350806229e-08,4
"20124",0.327421573616712,0.0166511994858083,1.73759974699317e-88,7.03381799182998e-101,2.09629447245862e-05,0.00393647170152102,3.99593151239702e-42,2.4183894007941e-48,3.58912710276677e-05,0.651933900980206,10
"20126",3.38510316514739e-07,4.16552202760873e-24,3.02248089182116e-190,1.93969554022846e-141,0.977324072174478,6.04618565169529e-30,9.03576720814267e-68,6.80386321203925e-84,0.0226755893152057,1.40800221039562e-17,5
"20128",0.000717335331056063,0.000950264781017674,6.07861568594371e-235,8.27497152416708e-172,0.997936987344174,1.18516133421836e-19,1.03010188130936e-98,1.13551451134579e-130,0.00039541254375231,9.12957299813455e-19,5
"20141",4.02200606660505e-07,1.75758532717696e-58,3.34395825167334e-33,3.98187329997737e-35,0.187968309448376,1.99867731256119e-16,6.47517662617784e-28,7.93118824260962e-09,0.812031280403325,1.65037555089249e-11,9
"20143",0.00602355314484746,5.92439302481515e-68,1.23017100854995e-12,0.0563111788495545,0.937665122803,1.73910159842847e-22,1.45201368184879e-07,7.28084700732437e-35,9.17993333911309e-24,2.41063203096461e-22,5
"20145",0.00139829803129496,0.620328610818488,5.14009900389253e-22,1.11847321213458e-44,0.000448570291786757,0.267013382760233,1.62289260577512e-52,1.50318947234542e-19,0.0202278086723931,0.0905833294258039,2
"20147",0.00200877219906013,0.0981225872522814,5.12124922494843e-26,5.25537351775468e-29,5.74013714803456e-07,0.0766478406222946,4.47234004415038e-33,3.65607319172689e-21,0.000151395118065994,0.823068830794583,10
"20149",0.00272501800775011,1.46038020355225e-59,1.8543767047369e-11,0.996995433094819,0.000279548871983306,2.41103075155887e-14,1.26584361827964e-12,5.2498361812937e-12,3.74931909112648e-15,3.60899342488434e-13,4
"20151",0.000197514351664476,2.56106051718025e-25,0.992471610181643,0.000211822824084801,2.87291021168649e-05,0.00676005524227265,8.20691833817796e-17,0.00032878124488843,3.31819838158222e-07,1.15523349151052e-06,3
"20153",0.0115597157192367,5.04433074159954e-25,0.0716731780934946,6.12207226425662e-18,0.346024957515728,0.00409362962971901,1.20969301192695e-42,6.24630044706966e-16,0.566648518920145,1.21675439260074e-10,9
"20155",0.00306198281800071,0.0449051047867645,1.48186839843376e-53,4.14684180735738e-44,9.58619365393061e-09,0.856711915625931,7.96484340864444e-40,6.70215455889722e-36,2.33420627934732e-06,0.0953186529768306,6
"20157",0.00232940786226792,1.01850391424614e-31,0.507285412874304,8.08889607985836e-06,0.486560277439411,0.00369154443524203,8.64863898747179e-19,9.855795499888e-05,2.49429556082213e-05,1.7675820874608e-06,3
"20160",2.686873157717e-06,2.59810977803089e-61,1.27204211924487e-26,0.999945952020426,5.13611064165019e-05,3.69429118752758e-23,6.71792244570031e-18,1.59758991704111e-27,1.39045249239395e-22,1.83210217602243e-21,4
"20162",1.17845905755102e-05,6.66040782237132e-61,6.27705878485561e-07,0.999951421411304,3.616439185505e-05,6.46840785569271e-14,3.23325236021988e-12,1.8970871081705e-09,2.06907468687708e-16,1.22715164364249e-15,4
"20164",0.931102427230764,1.00840879988671e-36,4.5802571364368e-05,0.0060519829605045,0.0612181967766174,0.00158060431416956,9.55408760972102e-19,3.06615280596336e-15,9.8614651484439e-07,6.19865752726425e-14,1
"20166",0.987356936864548,3.97044734232234e-07,1.16294285438447e-83,7.10311234897831e-34,0.0126425548865107,4.3339397582227e-10,2.08608005822757e-20,2.55694819186118e-66,1.65973964990643e-28,1.10770812607233e-07,1
"20168",0.843015516939992,1.58260242210756e-37,2.37234711344546e-144,5.57994117081542e-28,0.156889565617718,9.47104294992145e-28,9.49174422894048e-05,1.94488176140037e-56,1.55676479024918e-46,1.99410434947154e-17,1
"20170",0.00582818351221885,3.15003070493648e-33,0.991280286127346,3.96409448283097e-09,0.00103262510955255,0.000114826395164215,1.22769874568662e-14,1.06699644859371e-06,0.000852463399941158,0.000890544495221577,3
"20172",0.00080535498693552,0.420597920574622,9.26750714175201e-39,5.68121364976178e-70,0.000140659799734267,0.0782076518141632,3.85904841995454e-41,2.06129472395037e-17,0.00269112099566308,0.497557291828882,10
"20174",0.00358934629844163,3.19895946245537e-61,4.96607132117404e-09,0.0163248268681672,0.00120138177764741,1.82172184876102e-09,0.0079718976985233,0.970912540486235,7.54165407119692e-19,8.31921564999229e-11,8
"20176",0.988451962291003,1.67288602830386e-36,1.13034436785933e-93,7.76283434106475e-37,0.000188056153423354,6.1942109927558e-13,0.0113599815549545,5.75936501452619e-34,7.34297614860557e-39,6.77023764081992e-17,1
"20178",2.26787296606034e-06,3.2055674560807e-61,3.68319143654028e-37,0.999875198909207,0.000122533217826665,7.98177516862597e-25,1.14544314358001e-22,8.40551522501907e-32,3.61799151749105e-22,3.50794096436382e-23,4
"20181",0.227427263955652,0.00452060741487456,1.95198969716543e-46,6.0829335673996e-23,0.0212041568377992,6.50159629304196e-08,1.01869525691434e-29,3.06831506302626e-51,4.32003940552135e-18,0.746847906775711,10
"20183",0.000172140450012694,4.49101291573285e-18,4.25390417444023e-06,4.88455807607448e-51,0.00174850377220906,0.0458601811133869,8.27635020256492e-21,0.937234438902562,0.0101506342958913,0.00482984756176418,8
"20186",0.0111054469705695,9.95788463459042e-18,2.49881784186105e-40,1.6832400277273e-87,0.25656601624327,0.72928909921802,2.15645120598737e-15,0.0011142864991054,0.00191741798156583,7.73308746728773e-06,6
"20188",3.12616230777868e-05,1.44994855909644e-58,1.4393940793946e-10,0.999213340001622,0.000755398231360519,1.91527731423623e-16,3.23609878712163e-16,2.12935981636714e-21,4.9360081245263e-17,3.18842935021486e-20,4
"20190",0.00120602107886103,0.991485182296154,6.28104881453614e-69,5.0598466381507e-58,6.12467083406042e-05,0.00693954841708774,2.23783958950872e-45,3.54880975216665e-53,2.68437249322866e-12,0.000308001496872087,2
"20193",0.996516367831156,5.61970038023404e-41,1.27088046728091e-78,2.72554698437058e-09,0.00348362940215981,1.23968849343181e-17,4.11367029651761e-11,4.17694515954556e-60,2.64132926040458e-38,1.0116141880856e-27,1
"20195",0.363999119876318,3.05939435390704e-22,0.0463301832662749,0.0415808517463146,0.000722976147494581,0.547364213954891,6.91093234910863e-20,5.56113293677216e-15,2.61121494520027e-06,4.3793756427516e-08,6
"20197",0.000854683343754819,0.220696980934931,4.26390281711431e-37,5.50993276120881e-54,3.5968410240386e-08,0.441032389951562,1.38819503877347e-37,7.13335317494823e-23,0.000342333621818481,0.337073576179523,6
"20199",0.000589930403584334,1.0111897458601e-50,0.999166576296126,1.24586143471696e-05,0.000229936378195492,6.40707324131148e-08,9.4334561740095e-17,9.2950666824972e-10,1.03325040014043e-06,5.71076281210676e-11,3
"20205",4.70892655024356e-08,4.63223301681663e-15,6.26638804956309e-134,3.68798914324348e-144,0.0507926605077515,7.61152766728814e-14,1.34592186523935e-106,2.34446052730446e-51,0.949207292402902,1.01762742510443e-26,9
"20208",0.0125680706630651,3.08939715733593e-19,0.000601512581335468,1.13821363259331e-07,0.000105579323076713,0.98617726752904,1.35695693704081e-15,1.13673935428442e-05,7.66434823589406e-06,0.000528424340339161,6
"20210",5.16153176079605e-05,2.29685434423782e-52,0.0042300171698503,0.995641878482355,7.64849843350989e-05,3.65775758119682e-10,8.42611993046313e-14,3.67841133408937e-09,1.27016742788112e-12,3.10248616515951e-13,4
"20212",0.0253839940600035,2.23728176872374e-30,9.17030918675014e-07,0.971955111656788,0.000423316931464716,0.0022365345404933,8.58389113742057e-21,2.63300789257917e-08,9.50128862040662e-08,4.43736722452351e-09,4
"20216",0.00407230223757561,0.00504142586018217,1.12708643144358e-32,5.07209764474258e-40,0.00274182264379968,0.00103860959876846,3.7041619844964e-33,9.19701810951533e-27,7.69816982910998e-09,0.987105831961504,10
"20219",0.0220978947942574,8.39387654758674e-06,9.37663628782632e-36,4.98836057670565e-58,0.00401591724352559,0.000380472370759387,9.80582211943021e-62,3.63543579738879e-28,0.973367652679598,0.000129669035312108,9
"20223",0.994511726408022,7.30460458536903e-05,3.43909753541957e-188,5.10206906354212e-140,0.00541510485377407,1.22692322025469e-07,6.28305554861631e-35,7.32783131985825e-82,4.05131598914198e-24,2.80614087351315e-14,1
"20226",0.0252993530558715,6.50918227819385e-14,2.68974936913413e-14,3.72103472462134e-26,1.30071044159185e-05,0.971077426681797,1.54886090088518e-38,1.27649880778395e-13,0.00361021287442565,2.83270243173104e-10,6
"20230",0.00466924962835983,0.986908579790452,2.83099133761434e-91,4.386641378837e-77,0.000552743602322383,0.00773521339915739,1.28077112897913e-52,2.46673035934078e-62,1.73959563109271e-10,0.00013421340574875,2
"20233",6.59515094184675e-14,7.17164445360824e-62,6.23118849868001e-84,3.09285878200889e-134,0.042557288598769,3.07378852520436e-25,1.66066464054611e-64,3.72237087106859e-33,0.957442711401165,3.50264799390909e-44,9
"20235",0.999860289343848,1.88281537431699e-06,4.55416185131726e-138,2.80435001871792e-121,1.38396368904589e-05,0.000123790852286489,1.46327931589702e-40,8.0799922482168e-53,3.92340251410864e-08,1.58117575426205e-07,1
"20239",0.982288594368339,2.00225787548838e-09,9.52780625384059e-61,1.82140582649431e-61,1.10084040803279e-05,0.00951055075316926,4.0189896926789e-16,1.08728357030125e-20,5.01013174020988e-12,0.0081898444671432,1
"20254",5.45751727609917e-09,8.43796216531868e-06,1.34108435672135e-126,7.03019201007393e-166,0.0203994645543481,8.0197071706508e-15,3.80962059173365e-116,1.52562506603478e-74,0.979592092025961,1.74185122191774e-18,9
"20256",0.014472501615521,0.0186383826995422,1.05673580305249e-80,1.58474376022094e-74,1.85599687518298e-06,0.00117699698201918,1.51188742816022e-32,1.72312569419312e-35,2.0989148057259e-06,0.965708163791237,10
"20262",2.97649118663103e-05,4.19151750501254e-34,0.998849096437207,0.00109991233865317,1.37870342893836e-05,3.17978979726726e-06,3.9193291590713e-16,1.5038681824799e-06,3.25467355743925e-08,2.72307326861798e-06,3
"20270",0.322383622379293,7.80522651681154e-09,8.227140112067e-50,3.20716256128315e-35,0.676971593966216,0.000639486768368441,1.52929534153878e-22,4.70415280755918e-35,1.44744268942643e-21,5.28908089542641e-06,5
"20284",1.45699285899224e-06,6.32279446843715e-18,5.58842334014382e-24,1.45234362746391e-92,0.169044518497689,0.007464541718965,2.49779632527284e-53,1.42799341418318e-09,0.823489481358801,3.69281266798068e-12,9
"20287",0.0206503203137216,0.978896257610222,1.78013792263365e-159,4.90750547887676e-99,2.6958937110994e-05,0.000426399911508752,7.52856404546583e-60,1.63314275635219e-83,4.64332529168851e-15,6.32274325423795e-08,2
"20290",4.58430114647207e-09,3.39282353290946e-18,6.1660027171763e-55,1.82194354667586e-103,0.0202029015530038,1.51745673076554e-08,4.69400350535548e-94,1.00081112540586e-37,0.979797078688128,1.93501026493636e-20,9
"20293",0.00769393178191934,0.000156214834130347,2.51654097684112e-18,3.73971086182072e-51,0.00030428859402193,0.00419341393418067,1.55467320068901e-25,2.42028128224694e-10,0.0174083057535941,0.970243844860126,10
