"","V1","V2","V3","best$classification"
"19811",0.0296751134876145,0.907487905777603,0.0628369807347823,2
"19813",0.999997384334645,2.38533315570685e-06,2.30332199058419e-07,1
"19815",0.00994683005928279,0.101374754707011,0.888678415233706,3
"19817",0.00127948067748537,0.865591734138655,0.13312878518386,2
"19819",0.758844726612391,2.3037602605227e-14,0.241155273387586,1
"19821",0.0628513766675414,0.803620511906281,0.133528111426177,2
"19823",0.992125407834663,0.000975559029194419,0.00689903313614231,1
"19825",0.999999709864435,4.02047659974501e-14,2.90135524841658e-07,1
"19827",0.00360369366056412,0.984651051579793,0.0117452547596424,2
"19829",0.173961255631423,1.52148159724873e-05,0.826023529552604,3
"19831",0.960581286719115,2.88720618890531e-14,0.0394187132808557,1
"19833",0.999999999999999,6.1601777044078e-22,7.3148543957994e-16,1
"19835",0.0628513766675414,0.803620511906281,0.133528111426177,2
"19837",0.00110220815847685,0.961439790132753,0.0374580017087705,2
"19839",0.930310854735987,7.59302038844027e-06,0.0696815522436248,1
"19841",0.710334224289522,0.289665774891301,8.19176906992317e-10,1
"19843",0.980068325233295,6.99910912332986e-18,0.0199316747667046,1
"19845",0.910899295988373,0.0882227311220716,0.000877972889555425,1
"19847",0.0835830617019931,0.00414660337740994,0.912270334920597,3
"19849",0.999746316580075,0.000253640232269575,4.31876556850781e-08,1
"19851",0.00406497528535001,0.951496635297973,0.044438389416677,2
"19853",0.959524191574748,0.040459687147807,1.61212774447216e-05,1
"19855",0.0393893746675432,0.950712201055454,0.00989842427700234,2
"19857",0.0317947222652188,0.331335904315626,0.636869373419155,3
"19859",0.00825434844338102,0.823892996879293,0.167852654677326,2
"19861",0.109496316223245,0.867010080736864,0.0234936030398906,2
"19863",0.99472951904408,0.00527048095588502,3.50541268411589e-14,1
"19865",0.00155651942322256,0.998439229249273,4.25132750478159e-06,2
"19867",0.0942116939298661,0.0678402360429709,0.837948070027163,3
"19869",0.975958319572697,0.0240407750014645,9.05425838795248e-07,1
"19871",0.00195848496251724,0.831281078905572,0.166760436131911,2
"19874",0.00965184330023577,0.989031583210498,0.00131657348926596,2
"19876",0.00227080634184474,0.997095444301337,0.000633749356818548,2
"19878",0.311237703523941,1.16344987635371e-11,0.688762296464424,3
"19880",0.000636401378729319,0.999363591239869,7.38140167055719e-09,2
"19882",0.792690816701304,0.198313313697407,0.00899586960128977,1
"19885",0.00169206487797748,0.324550665131261,0.673757269990762,3
"19907",0.49020793384931,0.222104663439678,0.287687402711012,1
"19909",0.00754691878764954,1.23983930863585e-07,0.99245295722842,3
"19911",0.0510836935307762,4.95053956271115e-05,0.948866801073597,3
"19913",0.0075179875592198,0.992482012269418,1.71362034214313e-10,2
"19915",0.000484024593434461,0.998919564487159,0.000596410919406143,2
"19917",0.00862226425993393,0.99075463126239,0.000623104477676078,2
"19919",0.00105001884965192,0.974091760992804,0.0248582201575436,2
"19921",0.00418054420312171,0.780544884934598,0.21527457086228,2
"19923",0.115782531606903,1.29027645541381e-06,0.884216178116641,3
"19925",0.000829158735485747,0.998918932587348,0.000251908677166103,2
"19927",0.00449794117318081,0.730527813140879,0.264974245685941,2
"19929",0.55527132991878,0.444728670081159,6.03067364023403e-14,1
"19931",0.0133114313803568,0.0278352862860318,0.958853282333611,3
"19933",0.00474840930515557,0.000143270878497366,0.995108319816347,3
"19935",0.0247422653189021,6.42403317815617e-05,0.975193494349316,3
"19937",0.0078400662885604,0.69359321458801,0.29856671912343,2
"19939",0.0167013498562332,0.0248945929009543,0.958404057242813,3
"19941",0.377895763897693,1.81272345769036e-05,0.62208610886773,3
"19943",0.00270205251613429,0.997297446067529,5.01416336863728e-07,2
"19945",0.0105250082580709,4.89192256953771e-05,0.989426072516234,3
"19947",0.997317837901447,0.00232709458888137,0.000355067509671982,1
"19949",0.0223389097975564,1.74707404300106e-07,0.977660915495039,3
"19951",0.0775655060917764,0.732885097441287,0.189549396466936,2
"19953",0.987808075372324,1.07418903415988e-14,0.0121919246276652,1
"19955",0.654045151598945,7.07052982134632e-09,0.345954841330525,1
"19957",0.795223293357226,0.194496368103176,0.0102803385395982,1
"19960",0.227290719962403,7.82134630360123e-08,0.772709201824134,3
"19963",0.999999998446233,1.5535820230412e-09,1.84685231229124e-13,1
"19965",0.0487742537265391,2.38770125871356e-15,0.951225746273458,3
"19968",0.995221669132479,0.00476438252565109,1.39483418698027e-05,1
"19971",0.999960270573938,3.97289095933521e-05,5.16468390353796e-10,1
"19973",0.000394026546885443,0.955066401514444,0.0445395719386703,2
"19975",0.00837371379440555,0.991362846904508,0.000263439301086615,2
"19977",0.99999797002633,2.02530848907287e-06,4.66518139356944e-09,1
"19979",0.0330236966141084,1.60510090862183e-14,0.966976303385875,3
"19981",0.00447817262194715,0.0075965011090852,0.987925326268968,3
"19983",0.0095394646652706,0.00691610891793074,0.983544426416799,3
"19985",0.000818250283482975,0.999031576869836,0.000150172846681482,2
"19987",0.042662112430771,0.0294921350745413,0.927845752494688,3
"19989",0.0507891488025172,7.39565281446054e-17,0.949210851197483,3
"19993",0.0209529121061503,0.000151611748569674,0.97889547614528,3
"19995",0.00830017098186409,1.39744359123655e-05,0.991685854582224,3
"19997",0.00312287149062123,0.924236031155665,0.0726410973537134,2
"19999",0.016089289776961,0.982095583838203,0.00181512638483646,2
"20002",0.99999993759738,6.24018600107288e-08,7.60288428909661e-13,1
"20004",0.0527898046127042,1.70565567869736e-07,0.947210024821728,3
"20006",0.85130879125899,2.18247547073787e-09,0.148691206558534,1
"20008",0.717174259007126,1.08006950705019e-10,0.282825740884868,1
"20010",0.0300227330490059,1.56766010132863e-07,0.969977110184984,3
"20012",0.379909124278818,0.619533334775689,0.000557540945492946,2
"20015",0.0542516261916943,3.65998393636411e-16,0.945748373808305,3
"20017",0.00149148112436541,0.995073959807356,0.00343455906827881,2
"20019",0.0731026762842058,8.05645796475541e-22,0.926897323715794,3
"20022",0.0122943308906141,2.46035165959987e-07,0.98770542307422,3
"20024",0.998820369036996,5.09218284343448e-25,0.00117963096300453,1
"20026",0.998820369036996,5.09218284343448e-25,0.00117963096300453,1
"20028",0.00106785706619956,0.998060521316506,0.000871621617293964,2
"20030",0.303868840521195,7.53708254117369e-12,0.696131159471268,3
"20033",0.012748751671533,0.778724147497637,0.20852710083083,2
"20035",0.11463877784593,1.60917605822026e-22,0.88536122215407,3
"20037",0.0186310996455342,1.70864742406377e-20,0.981368900354466,3
"20039",0.999999994210021,8.75307060556405e-28,5.78997939667379e-09,1
"20041",0.0358639841765086,4.456144729403e-07,0.964135570209018,3
"20044",0.229664045561337,8.34755641721884e-07,0.770335119683021,3
"20047",0.470366678922574,7.20156663844589e-19,0.529633321077426,3
"20050",0.270129379342329,1.01076957995268e-08,0.729870610549976,3
"20052",0.0170581263668695,0.408750731312551,0.574191142320579,3
"20054",0.0354244253183679,5.80101152351356e-09,0.964575568880621,3
"20056",0.698704432937943,0.300291141675833,0.00100442538622405,1
"20058",0.0404257295569009,9.92739741026141e-18,0.959574270443099,3
"20060",0.0302564771585295,0.0335548230510345,0.936188699790436,3
"20062",0.0039339891460465,0.0219636762870914,0.974102334566862,3
"20064",0.00342486096597975,8.79497733584187e-05,0.996487189260662,3
"20066",0.323111961206899,7.04966528087666e-15,0.676888038793094,3
"20068",0.0118651807558318,0.656071380696342,0.332063438547827,2
"20070",0.0673370750860509,0.0698059314355178,0.862856993478431,3
"20072",0.319412359335602,2.85015068386915e-13,0.680587640664113,3
"20074",0.0126480662911224,0.987351933708676,2.02037659159651e-13,2
"20076",0.622253459294008,0.373580233668907,0.00416630703708517,1
"20078",0.0083525287518846,1.40110899864666e-06,0.991646070139117,3
"20080",0.0124828535600143,8.91249867425039e-17,0.987517146439986,3
"20082",0.999980823363866,7.33814231641294e-17,1.91766361337141e-05,1
"20084",0.276243439278214,6.05202878882893e-05,0.723696040433897,3
"20087",0.0180377197857277,1.35024183204428e-08,0.981962266711854,3
"20090",0.0296116966794148,4.03789173683976e-16,0.970388303320585,3
"20092",0.99499275616994,4.86167824670191e-12,0.00500724382519823,1
"20096",0.929374861423579,6.06458144653117e-06,0.0706190739949748,1
"20098",0.00209946611596414,0.971784408452213,0.0261161254318226,2
"20101",0.0197331960862677,2.00674374062332e-09,0.980266801906989,3
"20104",0.999999988078026,3.43578228729888e-10,1.1578395780826e-08,1
"20106",0.00715268782594438,2.01098585451979e-08,0.992847292064197,3
"20108",0.0078179301916108,0.664400900002869,0.32778116980552,2
"20110",0.852974621220192,0.00348714452013477,0.143538234259674,1
"20112",0.0144292611690692,9.21781576285532e-09,0.985570729613115,3
"20114",0.0933930850464865,0.000631248001612882,0.905975666951901,3
"20116",0.102706525074845,0.000338569090258643,0.896954905834897,3
"20118",0.00692926184722144,0.176647964107246,0.816422774045532,3
"20120",0.168236020315437,5.15188702006583e-09,0.831763974532676,3
"20122",0.00190204020355515,0.998096897639503,1.06215694149627e-06,2
"20124",0.079267935967804,2.78396558376722e-16,0.920732064032196,3
"20126",0.999999970597497,3.56023888641107e-21,2.94025030920999e-08,1
"20128",0.999940690777447,1.18282925545126e-27,5.93092225533264e-05,1
"20141",0.99988663965416,2.4814844826445e-05,8.85455010130098e-05,1
"20143",0.887132805414916,0.112867194490037,9.50477514429788e-11,1
"20145",0.0109321515317532,4.05595369015243e-07,0.989067442872878,3
"20147",0.00230108667551398,2.55343495541791e-07,0.99769865798099,3
"20149",0.00671167277391183,0.993287114821196,1.21240489210473e-06,2
"20151",0.000561242144118946,0.98007103483492,0.0193677230209611,2
"20153",0.363731664101893,0.606928023036213,0.0293403128618933,2
"20155",0.00533124659945507,9.21412423312866e-11,0.994668753308404,3
"20157",0.0483716886950576,0.928471316715509,0.0231569945894332,2
"20160",0.00149191387489771,0.998508086016967,1.08135230852979e-10,2
"20162",0.00036959144319018,0.999630323625562,8.4931247815553e-08,2
"20164",0.0396255318707544,0.955371789681251,0.00500267844799431,2
"20166",0.921460882939952,3.74331021873619e-10,0.0785391166857166,1
"20168",0.999999997937689,1.97172902477092e-09,9.05820685165614e-11,1
"20170",0.0243253621063352,0.954434409332438,0.021240228561227,2
"20172",0.010392808357013,9.52137631116252e-09,0.989607182121611,3
"20174",0.00823208439310021,0.991748591398272,1.93242086279701e-05,2
"20176",0.999999283856459,5.98878485414369e-09,7.10154756115251e-07,1
"20178",0.00459549625657053,0.995404503686654,5.67761286086557e-11,2
"20181",0.421964412193718,7.60991290506189e-09,0.578035580196369,3
"20183",0.0329537322874615,0.16374303178111,0.803303235931428,3
"20186",0.219431021387334,6.22382755493879e-05,0.780506740337117,3
"20188",0.00290647881465151,0.997093514985747,6.19960094872346e-09,2
"20190",0.00551464996359081,3.47582956057594e-14,0.994485350036374,3
"20193",0.999944287345817,5.57105729092432e-05,2.08127426931475e-09,1
"20195",0.0579255623309945,0.789423431307949,0.152651006361056,2
"20197",0.00863829579075046,4.02608115189044e-09,0.991361700183168,3
"20199",0.0143049992996984,0.985507010035407,0.000187990664895018,2
"20205",0.999996694926769,1.10122865091022e-16,3.30507323048164e-06,1
"20208",0.0388164801395665,0.302954398196326,0.658229121664108,3
"20210",0.000364815534521889,0.999633527371036,1.65709444224567e-06,2
"20212",0.00725955489250925,0.990206720552641,0.00253372455484991,2
"20216",0.0174378856749568,2.23188094500233e-09,0.982562112093162,3
"20219",0.518335567679394,7.66795211547933e-08,0.481664355641085,1
"20223",0.960550757839974,2.6478177545389e-22,0.039449242160026,1
"20226",0.0208392557641127,2.66360258242925e-05,0.979134108210063,3
"20230",0.00793800940599238,3.07687753277718e-16,0.992061990594007,3
"20233",0.999999999976536,1.07076890429849e-13,2.33569683365833e-11,1
"20235",0.933976461229565,7.35790972382218e-18,0.0660235387704352,1
"20239",0.329005344141748,2.62866387868797e-09,0.670994653229589,3
"20254",0.999938909613017,1.08174745324479e-19,6.10903869826593e-05,1
"20256",0.0157571068482201,9.6470409630374e-13,0.984242893150815,3
"20262",0.00048474405721611,0.998458417507063,0.00105683843572076,2
"20270",0.878260033758883,1.98080073264474e-10,0.121739966043037,1
"20284",0.81443874472621,2.06648862247653e-06,0.185559188785167,1
"20287",0.114588413089201,1.05811237095149e-21,0.885411586910799,3
"20290",0.99931342949177,3.84195647080541e-11,0.000686570469810812,1
"20293",0.011913454917122,1.58508700197242e-05,0.988070694212858,3
"20296",0.238440687464953,0.71624557663318,0.0453137359018665,2
"20301",0.919691761912913,1.37867129353376e-18,0.0803082380870866,1
"20304",0.999982394791243,3.95879969885041e-16,1.76052087566471e-05,1
"20306",0.0470605592726072,3.83826727491493e-17,0.952939440727393,3
"20309",0.0186579454427765,6.57792492381166e-06,0.9813354766323,3
"20311",0.0427334080910991,1.05871841784807e-08,0.957266581321717,3
"20314",0.00122603260503454,0.931709513128725,0.0670644542662408,2
"20318",0.988508522107358,0.0114913693110256,1.08581616645031e-07,1
"20320",0.279107912161068,0.000237934022794653,0.720654153816137,3
"20326",0.0075572538045575,0.631774087692985,0.360668658502458,2
"20328",0.123801046464451,1.75909866448741e-05,0.876181362548904,3
"20330",0.110061102287227,3.74727153748011e-12,0.889938897709026,3
"20336",0.98105589463302,6.20988087404095e-08,0.0189440432681711,1
"20338",0.991720931163604,7.80794022841709e-11,0.00827906875831675,1
"20340",0.162388630740587,1.90307748562746e-16,0.837611369259412,3
"20342",0.999999999939338,2.11567469137628e-17,6.06616695199131e-11,1
"20344",0.0192956413182852,1.72005697461296e-11,0.980704358664514,3
"20349",0.0118179357035994,3.42475526882404e-15,0.988182064296397,3
"20351",0.0550351803924021,2.23940716341593e-05,0.944942425535964,3
"20353",0.0412502575796786,4.01266437270634e-15,0.958749742420317,3
"20357",0.999876855606842,2.84034223452032e-20,0.000123144393158341,1
"20360",0.999998279127595,2.36807178309521e-17,1.72087240507971e-06,1
"20364",0.00765204008333592,2.13240303187888e-07,0.992347746676361,3
"20366",0.999902222336152,3.11586480833906e-10,9.77773522614349e-05,1
"20381",0.999799271765029,0.000200722206990988,6.02798052321057e-09,1
"20391",0.959061226669874,8.6661166901661e-11,0.0409387732434646,1
"20394",0.0295924134634814,0.258357286042147,0.712050300494372,3
"20396",0.255886200167695,0.744097698257417,1.61015748880395e-05,2
"20409",0.155202489516597,0.000519227685690533,0.844278282797712,3
"20411",0.170368810144231,5.91746527883856e-13,0.829631189855177,3
"20416",0.999956056297921,3.2789584739782e-28,4.39437020791865e-05,1
"20418",0.120006446830591,0.879992919946622,6.33222787235973e-07,2
"20420",0.999999977112433,5.32938354221875e-10,2.23546284959037e-08,1
"20422",0.0677370598041274,1.05803526850488e-15,0.932262940195872,3
"20424",0.0466719097343202,1.0385179256222e-12,0.953328090264641,3
"20426",0.999999999998078,9.87405322691675e-15,1.91210339209053e-12,1
"20428",0.00896760226364842,9.61161316992015e-07,0.991031436575035,3
"20431",0.227827388047164,0.0044876498173933,0.767684962135443,3
"20433",0.862920395665343,6.28779868337092e-21,0.137079604334657,1
"20436",0.999965604387941,1.04044544542001e-10,3.43955080143599e-05,1
"20439",0.052318074814004,0.947613544179091,6.83810069052609e-05,2
"20441",0.999538474453837,5.15496912590351e-14,0.000461525546111198,1
"20444",0.00215322235754702,0.997846776849843,7.92610021398995e-10,2
"20448",0.856893594754812,0.00885186540452249,0.134254539840665,1
"20536",0.585326255399242,0.282932035942935,0.131741708657823,1
"20538",0.988730794583554,3.64547736960641e-10,0.0112692050518985,1
"20541",0.155380480540773,9.28388370418235e-18,0.844619519459227,3
"20544",0.00532381469330848,3.21090817486048e-05,0.994644076224943,3
"20546",0.0264544093455055,2.51071065581274e-12,0.973545590651984,3
"20550",0.0800600889822825,8.73943332171314e-08,0.919939823623384,3
"20553",0.999999999387557,1.61288066535122e-30,6.12443229575575e-10,1
"20555",0.999999985676179,2.87702527816411e-14,1.43237923613407e-08,1
"20557",0.0493728643021679,5.05832004417666e-06,0.950622077377788,3
"20559",0.00455770499844564,1.58617248605218e-09,0.995442293415382,3
"20561",0.0350908206212986,0.913880600969713,0.0510285784089883,2
"20564",0.00459549625657053,0.995404503686654,5.67761286086557e-11,2
"20566",0.0241500151485361,4.38607449379435e-06,0.97584559877697,3
"20569",0.00504345026974108,0.994226387585014,0.000730162145245238,2
"20572",0.109573966103298,0.890380823096601,4.52108001003626e-05,2
"20574",0.00686157502213713,4.29759474093252e-10,0.993138424548103,3
"20576",0.00176038194301402,0.998239576986374,4.1070611692041e-08,2
"20578",0.00239464182936507,0.00193637997156834,0.995668978199067,3
"20580",0.00623256241409907,1.31200091073681e-05,0.993754317576794,3
"20583",0.00163600883876394,0.99836398362509,7.53614574767772e-09,2
"20586",0.0138614067572076,1.72202886826245e-08,0.986138576022504,3
"20589",0.0098471007368248,2.2072402593593e-14,0.990152899263153,3
"20591",0.872207124194376,1.60926353818815e-06,0.127791266542085,1
"20593",0.0503307491502629,2.06756862339934e-20,0.949669250849737,3
"20595",0.00766062167938961,2.75811791154907e-07,0.992339102508819,3
"20597",0.98245792366042,0.0175416187290253,4.57610555152994e-07,1
"20599",0.00266333976221378,0.997336660085365,1.52420679654542e-10,2
"20601",0.00228286704001446,0.507892169760041,0.489824963199944,2
"20604",0.00707023857720986,2.77155360460061e-14,0.992929761422762,3
"20606",0.0117451934079728,6.00862922501045e-16,0.988254806592026,3
"20608",0.0117042206402921,1.35225540948385e-11,0.988295779346185,3
"20610",0.0243951430204735,0.975591317142754,1.35398367722489e-05,2
"20612",0.999999999895117,2.51260365370682e-15,1.04880269767101e-10,1
"20614",0.00058801163868707,0.999408417791188,3.57057012488845e-06,2
"20616",0.23757312780556,3.79981261947508e-05,0.762388874068245,3
"20618",0.999918405221412,2.24851403996002e-10,8.15945537371388e-05,1
"20620",0.459561500815687,6.98489055029107e-12,0.540438499177328,3
"20622",0.00462429114525394,0.995374228566623,1.48028812363454e-06,2
"20624",0.333061606574319,7.40656074096157e-13,0.66693839342494,3
"20626",0.853166945770884,2.2108069692256e-07,0.146832833148419,1
"20628",0.856597758245845,1.91319606236516e-07,0.143402050434549,1
"20630",0.0473537510183451,3.65205677212966e-07,0.952645883775978,3
"20632",0.00508971035832826,0.99491026861466,2.10270116423585e-08,2
"20634",0.00700459104662084,1.21386103368176e-14,0.992995408953367,3
"20637",0.998332842808841,1.66840791296012e-13,0.0016671571909925,1
"20639",0.1540654593812,0.843063791190031,0.00287074942876898,2
"20644",0.999999996061467,1.63752131802706e-29,3.93853249108676e-09,1
"20646",0.999837754945045,5.07107229454879e-16,0.000162245054954715,1
"20648",0.00124271160882006,0.983659001698842,0.0150982866923377,2
"20650",0.913727995755926,6.76218400515032e-17,0.0862720042440739,1
"20653",0.570666513015473,0.000244874068878814,0.429088612915648,1
"20658",0.084493886929105,7.25731497675945e-14,0.915506113070822,3
"20661",0.99998849116226,2.45469683140983e-14,1.15088377151072e-05,1
"20663",0.00682338149749278,0.000973678572129455,0.992202939930378,3
"20665",0.0143655294606747,0.985634469954268,5.85057549850619e-10,2
"20667",0.336589988333632,2.6444136869706e-06,0.663407367252681,3
"20669",0.912333507208278,0.0876525163791737,1.3976412548243e-05,1
"20671",0.741559682082463,1.24946322722573e-07,0.258440192971214,1
"20673",0.863099011346229,0.136900874246023,1.14407747622098e-07,1
"20675",0.374246642900889,0.00652973339777054,0.61922362370134,3
"20677",0.01942414934543,6.88299913731811e-06,0.980568967655433,3
"20679",0.543556685680589,0.456439162878325,4.15144108603238e-06,1
"20681",0.0671314739831008,0.854657923355321,0.0782106026615786,2
"20683",0.0459225181324498,1.16274642913984e-05,0.954065854403259,3
"20685",0.99999993082841,2.37609684092836e-10,6.89339803980474e-08,1
"20687",0.000842449370592959,0.99898933288642,0.000168217742986745,2
"20689",0.999999998642975,1.46421634506944e-27,1.35702468023339e-09,1
"20691",0.00203084731200644,0.997969139847658,1.28403349785057e-08,2
"20693",0.0901070254147379,1.74515631210117e-17,0.909892974585262,3
"20695",0.00627315714177985,0.920043655958029,0.0736831869001914,2
"20697",0.0187549262953318,3.43368338605186e-10,0.9812450733613,3
"20699",0.0102958349882774,0.000745176625125251,0.988958988386597,3
"20701",0.0156727228254102,4.89649447218713e-08,0.984327228209645,3
"20703",0.999999972399813,2.68365617564532e-08,7.63625207519079e-10,1
"20705",0.0424990923072638,1.15758850993979e-13,0.95750090769262,3
"20707",0.0160635648949557,0.345492447771077,0.638443987333967,3
"20709",0.603873601088582,0.215646329460985,0.180480069450433,1
"20713",0.987799346694007,0.00762409454111852,0.00457655876487479,1
"20715",0.999998901964149,2.13168725541131e-16,1.0980358509274e-06,1
"20717",0.0115122243910687,0.935059313496243,0.0534284621126884,2
"20720",0.0145431263063814,1.55308990605254e-09,0.985456872140529,3
"20722",0.0118000719937095,6.86844841106789e-08,0.988199859321806,3
"20724",0.00057349079745416,0.992510858615744,0.00691565058680172,2
"20726",0.0498879003829144,5.82956227638029e-16,0.950112099617085,3
"20728",0.00696845873403594,0.97488529884036,0.0181462424256038,2
"20730",0.00139248792342554,0.97051635511102,0.0280911569655547,2
"20732",0.794225158417579,2.24498866337806e-12,0.205774841580176,1
"20734",0.00637857400329711,0.000277771255469974,0.993343654741233,3
"20736",0.00243690207077543,0.997265466579922,0.000297631349302373,2
"20738",0.999999572521658,1.55460227193647e-19,4.27478342290712e-07,1
"20740",0.955424760839538,1.04322827446861e-11,0.0445752391500293,1
"20742",0.301714495897706,0.375983454914952,0.322302049187342,2
"20744",0.00887597311912536,0.99112364808568,3.78795194390802e-07,2
"20746",0.00420580843134263,0.0205092618681764,0.975284929700481,3
"20748",0.000599358320931807,0.997423480901509,0.00197716077755866,2
"20750",0.00148896344699266,0.992462247661418,0.00604878889158915,2
"20752",0.00688702039832693,1.4202201954858e-06,0.993111559381478,3
"20754",0.97487671581734,0.0251229016692195,3.82513441005531e-07,1
"20756",0.0124659720451792,0.623207753248443,0.364326274706378,2
"20758",0.999986911973289,4.56318203818889e-06,8.52484467317825e-06,1
"20760",0.00100055483466751,0.99810024424541,0.000899200919922136,2
"20762",0.991408433555903,0.00858945393546687,2.11250862957715e-06,1
"20764",0.018055283194028,0.981842094948681,0.000102621857291104,2
"20766",0.000431808821411942,0.998055219844204,0.00151297133438385,2
"20768",0.00103214209834402,0.994032915854278,0.00493494204737756,2
"20770",0.775799908262756,0.00213456589780703,0.222065525839437,1
"20772",0.0081321640104588,5.88916353468706e-14,0.991867835989482,3
"20774",0.968967964338098,3.52263224175745e-25,0.0310320356619024,1
"20776",0.0406103621194473,0.007107001219978,0.952282636660575,3
"20778",0.99992921437604,1.50593736384568e-25,7.07856239603803e-05,1
"20780",0.999992470593478,7.52934344196495e-06,6.30806941866675e-11,1
"20782",0.976789609513528,0.0232103663220889,2.41643829465932e-08,1
"20784",0.997582145581941,0.00240495954606038,1.28948719989936e-05,1
"20786",0.0711971171609313,0.928802882795639,4.34296141471845e-11,2
"20788",0.00820933376505038,0.394781465308432,0.597009200926518,3
"20790",0.0475251249280776,0.950922776406676,0.00155209866524662,2
"20792",0.242810097605961,0.0487299659454008,0.708459936448638,3
"20794",0.0312048454532772,0.968623426280614,0.000171728266108816,2
"20796",0.00938301968977607,1.20421951133339e-13,0.990616980310103,3
"20798",0.00459549625657053,0.995404503686654,5.67761286086557e-11,2
"20801",0.998848877769221,0.0011491127758236,2.00945495476784e-06,1
"20803",0.0277379994477485,0.0128301479058286,0.959431852646423,3
"20805",0.0066291377870765,2.93554469769824e-05,0.993341506765946,3
"20807",0.00459549625657053,0.995404503686654,5.67761286086557e-11,2
"20809",0.743732478796051,0.010378822362857,0.245888698841092,1
"20811",0.99961627375865,1.42374132802163e-08,0.000383712003936185,1
"20813",0.634187457943888,0.00113288854178378,0.364679653514328,1
"20815",0.600100024821023,0.399899975178881,9.63984344607851e-14,1
"20817",0.000963334474303261,0.970416780904053,0.0286198846216436,2
"20819",0.018065916625706,0.00020934934714929,0.981724734027145,3
"20821",0.999999992867394,3.60597610540521e-16,7.1326058665244e-09,1
"20823",0.00843931961757888,0.0241620016641835,0.967398678718238,3
"20825",0.00340791190620447,0.979764206776805,0.0168278813169903,2
"20827",0.158968262428315,0.813962183369324,0.0270695542023605,2
"20829",0.719626021329981,5.05306298957541e-19,0.280373978670019,1
"20831",0.0285652482759132,0.767195138941398,0.204239612782689,2
"20833",0.986745646714896,0.0132543532289407,5.61634310624575e-11,1
"20835",0.00158139851046513,0.989459455824655,0.00895914566487973,2
"20837",0.00456797736991545,0.932588923950078,0.0628430986800064,2
"20839",0.000867628100560074,0.992988532409646,0.0061438394897933,2
"20841",0.620336238456081,7.67034518824791e-08,0.379663684840467,1
"20843",0.0127737010949905,0.140667819923814,0.846558478981196,3
"20845",0.0771565964708339,0.863363621292813,0.059479782236353,2
"20847",0.0120465329327969,8.36005489333058e-05,0.98786986651827,3
"20849",0.0186038193084822,8.15561389508526e-05,0.981314624552567,3
"20851",0.0175289905285019,6.03220281638871e-06,0.982464977268682,3
"20853",0.0747192735765567,3.44688750135386e-13,0.925280726423099,3
"20855",0.151807238673574,4.63379750747826e-11,0.848192761280088,3
"20857",0.0139016141776178,0.000668247342450011,0.985430138479932,3
"20859",0.00357639442160631,1.58224356830407e-06,0.996422023334825,3
"20861",0.999998607193589,1.60772953867392e-08,1.37672911619913e-06,1
"20863",0.00360416763054213,0.995611698778043,0.000784133591414481,2
"20865",0.208649621566254,0.611010767544818,0.180339610888928,2
"20867",0.539722887902964,1.2427939577976e-22,0.460277112097036,1
"20869",0.0202400927157302,0.967475315406579,0.0122845918776907,2
"20871",0.972022294807669,6.86675491683409e-17,0.0279777051923314,1
"20873",0.272941472160365,3.36704022514704e-11,0.727058527805965,3
"20875",0.00673762092552076,3.97839231873259e-08,0.993262339290556,3
"20878",0.997278868703806,0.00272113129598256,2.11313186235064e-13,1
"20880",0.999435172329513,0.000564827645752224,2.47348347983513e-11,1
"20882",0.0724359386205271,1.43553666552011e-17,0.927564061379473,3
"20884",0.00167576171983687,0.979531166399431,0.0187930718807323,2
"20886",0.00367049590047878,0.986239811192476,0.0100896929070449,2
"20888",0.216824956231545,0.783174926890731,1.16877724111062e-07,2
"20890",0.000409795359935965,0.987244202604052,0.0123460020360119,2
"20892",0.0189431511017037,5.41129529102513e-05,0.981002735945386,3
"20897",0.0350457981254106,0.00451469669960289,0.960439505174987,3
"20899",0.0200525073453219,0.0234332843810016,0.956514208273677,3
"20901",0.999999999664303,2.89008122339407e-22,3.35697085612297e-10,1
"20903",0.999968525821382,1.22563861735947e-17,3.14741786178262e-05,1
"20905",0.999661069018785,1.67021231717331e-12,0.000338930979544134,1
"20907",0.11614307358646,1.08592638176573e-12,0.883856926412454,3
"20909",0.559220590992836,0.0102971367185981,0.430482272288566,1
"20911",0.999999999960143,7.41605223409675e-30,3.98569228205064e-11,1
"20913",0.0326523850363098,0.240115422838337,0.727232192125353,3
"20962",0.00235816685102824,5.05004223489543e-05,0.997591332726623,3
"20969",0.197230459315169,3.24093007213422e-06,0.802766299754758,3
"20980",0.0103446498981855,6.04480204033139e-06,0.989649305299774,3
"20982",0.00472769313295951,7.46360708205813e-08,0.99527223223097,3
"20984",0.317308761991971,0.0253678581638013,0.657323379844228,3
"20994",0.0375311762872679,4.63104154481151e-09,0.962468819081691,3
"21015",0.0405209043872443,0.959400263231562,7.88323811937729e-05,2
"21023",0.157650284986446,3.38167263633002e-13,0.842349715013216,3
"21040",0.740272033334552,9.1305390510512e-12,0.259727966656318,1
"21073",0.203069447818006,2.87400149301021e-05,0.796901812167063,3
"21222",0.00118990028129744,0.980804852278954,0.0180052474397488,2
"21224",0.0122818369539251,0.00290618554222966,0.984811977503845,3
"21228",0.999498791109475,2.42934380400329e-07,0.000500965956144909,1
"21232",0.0196765239968147,2.00482311427903e-13,0.980323476002985,3
"21237",0.917831690974507,5.91892393135099e-14,0.0821683090254343,1
"21240",0.00296120488658717,0.96150447483255,0.0355343202808624,2
"21245",0.000350367610106142,0.998357418870239,0.00129221351965514,2
"21252",0.0746345112590494,3.53157857076167e-12,0.925365488737419,3
"21254",0.381506664109115,1.26875044479344e-08,0.618493323203381,3
"21258",0.172588248512498,3.7265472990801e-06,0.827408024940203,3
"21264",0.00360552469427661,0.845931785526943,0.150462689778781,2
"21305",0.990576099502613,3.27549879874314e-05,0.00939114550939899,1
"21333",0.0189392678158845,5.69987672631027e-08,0.981060675185348,3
"21366",0.0350033198669748,0.0152071982000107,0.949789481933014,3
"21377",0.00433557291657664,0.995661989329953,2.43775347024413e-06,2
"21380",0.999999995803657,3.05191177060794e-15,4.19633987105125e-09,1
"21387",0.999999999997719,7.39299451397471e-30,2.28121147086636e-12,1
"21390",0.107562416161149,7.82363013148932e-12,0.892437583831027,3
"21392",0.0357012878056252,6.6866331898646e-05,0.964231845862476,3
"21403",0.0306170800083366,8.27041473067709e-06,0.969374649576933,3
"21408",0.037806712265707,3.64343211255245e-12,0.962193287730649,3
"21412",0.999720270895166,1.76388951284285e-11,0.000279729087195355,1
"21421",0.00725583477842121,0.0205633577134129,0.972180807508166,3
"21424",0.997433406958696,1.77437614190046e-19,0.00256659304130392,1
"21429",0.0109781256568305,3.51446302474177e-09,0.989021870828707,3
"21431",0.0171327239793337,0.00172547107131259,0.981141804949354,3
"21436",0.999616228641006,0.000266106476576683,0.000117664882417252,1
"21439",0.00161782944283287,6.24111991075344e-05,0.99831975935806,3
"21442",0.0920082670329223,0.0795494275990686,0.828442305368009,3
"21444",0.00813972303996091,0.977877276120935,0.0139830008391043,2
"21446",0.98633585469831,0.0136641453010833,6.07186891859169e-13,1
"21448",0.999999999995788,1.74984158087858e-13,4.03682859251412e-12,1
"21450",0.339518915042912,4.7559404658617e-06,0.660476329016622,3
"21452",0.0862290363614443,2.65598981761195e-09,0.913770960982566,3
"21466",0.208472409738843,2.54811906338347e-16,0.791527590261156,3
"21470",0.0041797008325552,4.08897033196605e-06,0.995816210197113,3
"21472",0.0234869909071271,2.48849871546371e-11,0.976513009067988,3
"21474",0.0679990130465708,4.50594619349231e-07,0.93200053635881,3
"21477",0.998318226211478,0.00167742496896958,4.34881955230321e-06,1
"21480",0.999924505211012,4.72922670464872e-29,7.54947889877318e-05,1
"21483",0.00271822658828589,0.946124605796173,0.0511571676155413,2
"21491",0.016563214820344,0.941445736484435,0.0419910486952208,2
"21494",0.999999999977962,4.31664183293112e-27,2.20384411944524e-11,1
"21499",0.995903126562859,1.57283245831986e-18,0.00409687343714091,1
"21501",0.989553823894625,3.24729673352103e-15,0.0104461761053712,1
"21506",0.00441240765686086,1.42255270678768e-06,0.995586169790432,3
"21511",0.983853770251968,9.69747763753098e-11,0.0161462296510575,1
"21513",0.694171584613181,3.85328958287307e-07,0.305828030057861,1
"21521",0.17140291175562,0.000100729679831388,0.828496358564549,3
"21523",0.0346396209242352,0.00539870138635557,0.959961677689409,3
"21525",0.0185827509489408,0.235546593473938,0.745870655577121,3
"21531",0.0126387844948176,3.32772885377859e-17,0.987361215505182,3
"21536",0.0103282148985935,8.5675015581367e-07,0.989670928351251,3
"21544",0.00365159515095492,0.000728056713524768,0.99562034813552,3
"21547",0.0333257788109625,2.69358243658249e-10,0.966674220919679,3
"21551",0.968862119511867,7.6131761968423e-07,0.0311371191705129,1
"21556",0.0968910704319614,9.29208197996308e-17,0.903108929568039,3
"21559",0.999999822127313,7.40999189472933e-14,1.77872613092871e-07,1
"21563",0.478968828649218,1.53099691881984e-15,0.521031171350781,3
"21565",0.00488505603830377,1.85074340843208e-13,0.995114943961511,3
"21568",0.0542017618185494,4.94682302442028e-11,0.945798238131982,3
"21572",0.0779314157765647,3.66552636692387e-23,0.922068584223435,3
"21575",0.994915726197739,1.07893340108011e-20,0.00508427380226109,1
"21577",0.00279751903700606,0.768442771353478,0.228759709609516,2
"21579",0.00849468217854209,0.00647155120779985,0.985033766613658,3
"21581",0.00459549625657053,0.995404503686654,5.67761286086557e-11,2
"21584",0.994937319574353,0.00506264037125565,4.0054391770989e-08,1
"21586",0.00544383458670247,0.129700802360806,0.864855363052492,3
"21588",0.454814828817773,0.000187619013012736,0.544997552169214,3
"21590",0.0395649216707991,1.53368131326614e-12,0.960435078327667,3
"21594",0.999999999999942,5.74355390784358e-14,5.250914481962e-20,1
"21596",0.000298314830816443,0.993620330850853,0.00608135431833068,2
"21598",0.998503650209144,2.89770043220126e-14,0.00149634979082721,1
"21600",0.0426377373625714,0.622283383573889,0.335078879063539,2
"21602",0.0109769804729171,7.72192746107295e-07,0.989022247334337,3
"21604",0.0181473113838404,0.00863763920158237,0.973215049414577,3
"21606",0.000926603196212204,0.999034720785101,3.86760186872693e-05,2
"21608",0.793278844286849,5.36278472085293e-07,0.206720619434679,1
"21611",0.944163677789071,1.308188504413e-07,0.0558361913920782,1
"21613",0.0137783151875266,7.53129878091549e-06,0.986214153513693,3
"21615",0.0410661423466177,0.101067438464379,0.857866419189004,3
"21617",0.00111219066806796,0.978469141737328,0.0204186675946036,2
"21619",0.00657236646252558,0.0317871240992783,0.961640509438196,3
"21621",0.999371329808297,0.000628649709154141,2.04825483912583e-08,1
"21623",0.00171896792743878,0.981482108749637,0.0167989233229241,2
"21625",0.00187487884621455,0.998125093748869,2.74049160049835e-08,2
"21627",0.147819989657232,0.000360912554576457,0.851819097788191,3
"21629",0.0820377287132704,0.202263574320258,0.715698696966472,3
"21631",0.000544104833990017,0.999426399049794,2.94961162155691e-05,2
"21633",0.94624320628423,3.42389162182745e-10,0.0537567933733807,1
"21635",0.679752914517067,2.83752610013974e-14,0.320247085482905,1
"21637",0.59966837093486,0.000678986918177881,0.399652642146962,1
"21639",0.0323997515705958,8.56491058129485e-08,0.967600162780298,3
"21641",0.892659960913235,0.000458307698542341,0.106881731388223,1
"21643",0.00745920645546817,7.98859344072112e-05,0.992460907610125,3
"21645",0.00113378692794048,0.99224799244347,0.00661822062858961,2
"21648",0.00892153989201686,0.000337792249852957,0.99074066785813,3
"21650",0.999999999854296,1.76262671876695e-26,1.4570400142144e-10,1
"21652",0.00668538479815402,5.96324713784637e-07,0.993314018877132,3
"21654",0.999999739656732,2.520463020804e-19,2.6034326807684e-07,1
"21656",0.048192185740586,0.946612278672637,0.0051955355867771,2
"21658",0.00187543065787619,0.998124569316501,2.56231656162881e-11,2
"21660",0.996029527496547,0.00397047237753753,1.25915435477195e-10,1
"21662",0.999998835964308,1.78212866670165e-07,9.85822825567986e-07,1
"21664",0.000376648674857455,0.998138606528124,0.00148474479701865,2
"21666",0.999999958974249,1.06159283097175e-08,3.04098229903939e-08,1
"21668",0.00144253248188286,0.976238034755117,0.0223194327630004,2
"21671",0.110628117995617,4.74745795454078e-08,0.889371834529803,3
"21673",0.914090981654571,0.0858991814194649,9.83692596381658e-06,1
"21675",0.0810550620713858,0.0238551374502541,0.89508980047836,3
"21677",0.00589201515263391,1.71835951700276e-14,0.994107984847349,3
"21679",0.997791959855022,8.69729658067956e-06,0.00219934284839744,1
"21681",0.194769942596624,0.0194692726227663,0.78576078478061,3
"21686",0.0769429264361208,2.69756666859083e-13,0.92305707356361,3
"21689",0.0116018754380256,1.24131792212415e-10,0.988398124437843,3
"21706",0.0134459907702905,3.0990876121462e-05,0.986523018353588,3
"21708",0.0164854815366224,2.88491257513234e-13,0.983514518463089,3
"21711",0.00284812097787956,0.0382413606060966,0.958910518416024,3
"21716",0.999999877781672,9.3114348787707e-29,1.2221832780649e-07,1
"21719",0.0300868462275922,3.34535186700637e-05,0.969879700253738,3
"21722",0.00279801701904547,0.000818872007781014,0.996383110973173,3
"21725",0.0096442867513073,2.47641972487846e-05,0.990330949051444,3
"21728",0.0816425563497868,1.48532430446702e-08,0.91835742879697,3
"21732",0.00746781323042714,1.19766368906358e-07,0.992532067003204,3
"21734",0.0258842257208855,2.45024093008713e-14,0.97411577427909,3
"21737",0.0103027247017126,0.0137390827175297,0.975958192580758,3
"21740",0.999999914403047,2.14154842440258e-09,8.34554042811067e-08,1
"21742",0.999999999226546,1.75459155661139e-27,7.73454050677536e-10,1
"21745",0.198372658381521,0.000539452534328645,0.80108788908415,3
"21747",0.993822876792248,1.36311200906903e-12,0.00617712320638907,1
"21749",0.0113222308589018,0.978961515433137,0.00971625370796151,2
"21751",0.0360616048396203,2.01667287311917e-10,0.963938394958712,3
"21753",0.947545320562934,9.7096115562265e-11,0.0524546793399696,1
"21756",0.00782105583934167,7.04833212420202e-11,0.992178944090175,3
"21759",0.474248305090148,0.110282381231274,0.415469313678578,1
"21761",0.0657976379497666,4.79372260943385e-09,0.934202357256511,3
"21763",0.947292110519095,0.000321525114189334,0.0523863643667157,1
"21765",0.999970819396099,1.18635102213646e-14,2.91806038892066e-05,1
"21767",0.0297306740747523,4.72967704538592e-12,0.970269325920518,3
"21769",0.938327349220643,2.86582943610506e-22,0.0616726507793568,1
"21771",0.0081602461602674,2.24940774004371e-11,0.991839753817239,3
"21774",0.000618663530400458,0.996087989004424,0.00329334746517579,2
"21776",0.0820723645993526,6.38406067458076e-14,0.917927635400584,3
"21778",0.176089591708646,4.63980268847417e-06,0.823905768488666,3
"21780",1,7.15676591059954e-17,5.35476368600788e-18,1
"21783",0.0106860357269116,4.76580958282134e-05,0.98926630617726,3
"21785",0.0631272196012624,1.05137187752302e-06,0.93687172902686,3
"21788",0.0262620458658177,1.04300824935269e-14,0.973737954134172,3
"21790",0.235407711244511,4.32799909232431e-22,0.764592288755488,3
"21793",0.0248024922801514,1.82024381495042e-07,0.975197325695467,3
"21796",0.013945503138562,0.0142957294136958,0.971758767447742,3
"21798",0.999992918854848,2.54562358574974e-14,7.08114512667567e-06,1
"21801",0.26337418604399,4.13111124664503e-22,0.73662581395601,3
"21803",0.00751113217020645,8.09178503971803e-06,0.992480776044754,3
"21805",0.999930672997389,1.22257514254344e-25,6.93270026106577e-05,1
"21807",0.999984334234712,8.79096044238561e-09,1.56569743279541e-05,1
"21810",0.0298131910907529,5.3996006971305e-08,0.97018675491324,3
"21812",0.999722360099912,8.89455708509528e-19,0.000277639900088263,1
"21816",0.0198085647448182,8.17834418102679e-08,0.98019135347174,3
"21819",0.99987389879048,1.79284145175127e-19,0.000126101209519456,1
"21821",0.99999998437357,3.07600737956281e-10,1.53188293635435e-08,1
"21823",0.00426850411958676,0.995631715433155,9.97804472586125e-05,2
"21825",0.00491323661013863,1.62690544359701e-07,0.995086600699317,3
"21827",0.977615410936022,6.30749756149008e-13,0.0223845890633475,1
"21829",0.499466928150464,9.85237209019199e-15,0.500533071849526,3
"21832",0.999648855788046,9.64692729437217e-08,0.000351047742681417,1
"21834",0.0407772625000675,2.32122084061407e-09,0.959222735178712,3
"21836",0.0407772625000675,2.32122084061407e-09,0.959222735178712,3
"21839",0.0445181458953279,0.194895695549098,0.760586158555574,3
"21841",0.999777549424336,1.07939408187128e-05,0.000211656634844893,1
"21843",0.0236489701766209,0.931938884836319,0.0444121449870601,2
"21846",0.969848316716816,8.57297353083992e-17,0.0301516832831836,1
"21848",0.900497221856476,2.64947943942313e-11,0.0995027781170295,1
"21850",0.00268743674522927,0.000550295340713812,0.996762267914057,3
