"","V1","V2","V3","V4","V5","V6","V7","V8","V9","best$classification"
"19811",0.00053645473136275,7.53911835025958e-09,2.33771780732745e-07,0.00241725924608558,1.72383683155998e-05,0.0538846509984643,5.72485885596425e-10,0.942770111826342,0.000374042946045251,8
"19813",1.05354202974918e-06,5.24651479004199e-08,5.22732244118884e-09,5.24589750340377e-07,4.14625392966156e-08,0.999993040173377,3.145223975793e-12,5.27085994620959e-06,1.16767423169117e-08,6
"19815",0.0103111592077167,4.04572644212969e-09,9.59071055462131e-05,0.0347229141472129,0.00134772687222344,1.21505487665578e-06,3.23038629844662e-05,0.953484167641727,4.60206198588397e-06,8
"19817",0.00417832470273734,3.40832180922573e-10,1.76420198686096e-06,0.00387409273590977,7.72784238336575e-05,4.69804230066275e-06,2.28750513900553e-07,0.991574453461154,0.000289159340731655,8
"19819",0.0587517084441952,0.00374503807052877,0.273916200084527,8.18603990376265e-06,6.55459637548065e-05,2.71058136752801e-11,0.663511249220557,2.0130283762611e-06,5.91210511224306e-08,7
"19821",0.00531959949637256,2.12406116672766e-07,2.67043999146551e-05,0.00046533097825612,6.34302955287816e-07,0.0149260447922022,6.1897909642891e-09,0.967019994846584,0.0122414725878071,8
"19823",0.00218979305806867,1.35210161843143e-08,4.28170369988876e-06,0.000416028421309929,0.587867441159002,8.41477025269379e-07,0.00108898419990441,0.40838962025419,4.29962057837003e-05,5
"19825",0.00551717472942232,0.382259608443147,0.013069383216573,0.00214897724398211,3.82421835417319e-06,0.00123231048654731,6.11942571731868e-05,0.000436833496647264,0.595270693908154,9
"19827",0.00356238579754827,1.02737540272721e-07,3.97792800562323e-06,4.76550765997752e-05,0.000192843486348039,2.20912431914352e-07,3.44838369442236e-06,0.667675933119406,0.328513432558425,8
"19829",0.880719360888609,0.00328960836562045,0.111291775543803,9.53494347318836e-05,7.84651178257252e-08,8.48138825168729e-07,0.00010884128471614,0.000277389590238465,0.00421674828833872,1
"19831",0.796656665943742,0.0282869108845575,0.0705000561254843,3.16708954782495e-05,0.00279342098495043,1.39924542473677e-07,0.101716536121065,1.4512477276721e-05,8.66429029068159e-08,1
"19833",6.45722520364393e-07,0.000681996013179722,2.04469525066594e-06,0.00174808097631944,0.84159882704823,5.79833866142351e-07,0.155954640795586,1.55165194505245e-07,1.30297498534137e-05,5
"19835",0.00531959949637256,2.12406116672766e-07,2.67043999146551e-05,0.00046533097825612,6.34302955287816e-07,0.0149260447922022,6.1897909642891e-09,0.967019994846584,0.0122414725878071,8
"19837",0.022432355284614,1.54226717485343e-08,9.56942450674881e-06,6.12933590755143e-05,1.36831401114309e-05,1.87994151852775e-06,2.9632397928757e-07,0.959926420015277,0.0175544870882459,8
"19839",0.223075260185016,0.747620921573813,0.021529355939263,0.000400508112435688,1.90996182983923e-07,0.000220794634509256,2.68793818814387e-06,0.000305149368311004,0.00684513125228056,2
"19841",1.12401075519908e-06,0.0002874740214198,2.04352621958371e-07,2.10785982367479e-08,1.00826110584979e-09,1.16989932648648e-05,1.15883802049281e-09,4.59305203951954e-06,0.999694882324201,9
"19843",0.0249176803985083,0.54856945581134,0.416827060579164,0.00225491552008507,2.85510898187026e-07,0.00741009175268914,1.91635293553801e-05,1.34243554634889e-06,4.4624139110587e-09,2
"19845",9.37181869263147e-06,1.23684154171742e-09,1.71013643738341e-08,0.000121664525908841,9.50955227510613e-06,0.969425420941606,8.86854202824632e-11,0.0304311984172897,2.81631733624816e-06,6
"19847",0.067937499150278,5.79104217498757e-07,0.000292132779287528,0.0389733682637901,0.000641167323325912,0.00950009564032952,2.56770506494587e-06,0.882646392648227,6.19738547896484e-06,8
"19849",9.27505304844011e-08,5.51346523467539e-09,3.81666704837065e-10,1.12759210465809e-07,4.50069025982704e-08,0.999983634872897,5.31366947710863e-13,1.60818211910394e-05,2.68936051305629e-08,6
"19851",0.000689230717717082,9.20961540425068e-11,5.76179405557031e-07,0.00122663298869721,0.000260555038080319,1.43600253936555e-05,1.37497343228037e-07,0.997797355534051,1.11519272159283e-05,8
"19853",1.34880872451614e-05,8.60217060513441e-11,2.61142523443875e-09,0.000149362248605848,0.0794146907036001,0.0156075372306968,7.18022072318514e-08,0.904672419471657,0.000142427758541177,8
"19855",0.000267202165199329,4.70579733971893e-11,1.48904516664925e-08,0.000175911112788266,0.000378319599342347,0.000844548073209744,1.06725869635034e-08,0.996677934000887,0.00165605943847689,8
"19857",0.304609381478784,1.34107639650631e-06,0.00015732978052086,0.00889072201515413,3.74591143547565e-06,0.0180741190390003,4.1883088775086e-08,0.655120723740343,0.0131425950752766,8
"19859",0.0502453835775809,6.13368266368364e-08,1.26545267512e-05,0.00327744150660172,0.000501183700431718,9.10598268445609e-06,3.44149221751344e-06,0.937190916174256,0.00875981170264983,8
"19861",0.000476838938568577,4.39318319382267e-09,2.59756851650117e-07,0.000855004454118595,0.000130047863708357,0.18813448149126,2.29176567811862e-09,0.81039081626992,1.25445406233665e-05,8
"19863",4.52325360421234e-08,6.94957628132613e-06,4.86704573319174e-10,4.11024176877476e-07,2.5064277548981e-08,0.993704505154863,2.05030522874204e-12,1.36325517396953e-05,0.006274430907371,6
"19865",3.78906566797598e-06,2.93264947216377e-08,2.46787733663219e-08,2.68439158225266e-06,1.20293009602867e-08,4.07618156539753e-07,5.26677769745663e-10,0.00152974900815031,0.998463303355196,9
"19867",0.00411144446465103,1.83426022453321e-08,4.43465199167436e-05,0.0180197083222764,0.000270005373930677,0.00883292098657535,3.78952351725616e-07,0.968720351738528,8.25299167817999e-07,8
"19869",7.61614274299792e-07,6.50102864671824e-10,4.02843672638746e-10,8.22615798646709e-07,3.11143030177258e-07,0.996847049123053,1.05656104860483e-12,0.00313991284467804,1.11416051625501e-05,6
"19871",0.142082668333901,4.29041263470348e-08,4.01656439105789e-05,0.000768848973001819,0.000135369497827132,1.22836641378011e-06,6.0084969060125e-06,0.825371901098591,0.0315937666853222,8
"19874",8.52821929354169e-05,1.97561299077477e-08,1.18165902274559e-07,0.000515261011854135,3.7048029780245e-05,2.34938405961273e-06,9.51716475269049e-08,0.232484457636569,0.766875368651122,9
"19876",4.72592695911128e-05,4.34155608186304e-10,7.74128992513992e-09,1.76838950724747e-05,6.57660752234689e-06,0.000223963940951683,5.12030743689511e-10,0.847909531620023,0.151794975979363,8
"19878",6.3663330802232e-05,1.77119858117308e-05,0.00213537984058587,0.997651029098237,5.53361879886461e-07,1.08869475554625e-06,1.16754218237048e-05,0.000118290386113417,6.07879990526112e-07,4
"19880",3.21059835781873e-07,2.9834026963855e-09,2.41569119912165e-10,6.18782831513605e-08,3.92266209549779e-08,5.33365415952776e-06,2.70243686299717e-11,0.00114691546846627,0.998847325460638,9
"19882",7.67623600640257e-05,9.33210206107619e-09,3.7357300141133e-07,0.0133458954497359,0.000143589975055987,0.329236715562513,5.91723997981618e-09,0.656697827870405,0.000498819959882344,8
"19885",0.131502162970423,1.76759422441848e-08,0.000211003243923819,0.00761603458762113,4.98172821245496e-06,6.70363078283929e-06,4.94823927205019e-07,0.86038905899438,0.000269542344786711,8
"19907",0.000858897905898036,6.30320906796481e-09,1.25187466838616e-05,0.0179604752509487,5.93899611042329e-05,0.101715867861304,4.87330841925123e-08,0.879387171434911,5.62380285693413e-06,8
"19909",0.976789503171,9.81936706022694e-05,0.0226293172827822,5.13991295469486e-06,1.64563772637721e-07,2.05179490643902e-05,3.08457484590586e-06,0.000453722445963496,3.56429014809638e-07,1
"19911",0.979718781400284,0.00325939281816256,0.0119414916074949,6.8100384417213e-05,8.54926985468986e-06,1.86795669420848e-06,7.29400540429418e-05,0.00141210801551761,0.00351676849353144,1
"19913",1.1251972229807e-07,7.23969869443478e-07,1.57441252124535e-09,1.15217418696691e-08,1.05359556965052e-08,7.1628667216236e-08,6.33450089477011e-10,6.06599697009857e-06,0.999993001619211,9
"19915",0.000160787205305958,1.35249003478663e-09,1.13976438321118e-07,0.000141032429926542,3.04027037594255e-05,1.12916326879263e-06,6.27226470037367e-08,0.709674337022539,0.289992133423625,8
"19917",0.000144753562877223,1.02545043221563e-06,2.60767368602904e-07,2.76240114467966e-05,1.10663934313933e-06,8.2579293160963e-07,1.84629480350685e-08,0.0079190978893013,0.991905287423351,9
"19919",0.00411225581636656,1.84141696134e-08,3.83438760217548e-06,0.00488074994446723,7.47309824150121e-05,7.37854169617656e-07,1.09907463987018e-06,0.878862183199148,0.112064390327022,8
"19921",0.00312526237306627,7.40027041695433e-10,5.57504428117151e-06,0.00790757087509304,0.000103151469080965,0.000242787929667064,1.01080155126111e-07,0.988612531176865,3.01931176484097e-06,8
"19923",0.000327855891325375,3.03927099713535e-07,0.000316841105717136,0.995263995255082,0.000278547979875432,4.60924128725275e-06,5.09250291157465e-05,0.00375690184482766,1.97256696677314e-08,4
"19925",5.15325089769993e-05,1.34470328849343e-08,1.02871411526801e-07,9.67485537600488e-05,3.02929923512257e-06,3.5146232277522e-07,2.56298168592367e-08,0.0586477949944352,0.941200401233009,9
"19927",0.0016761136915887,1.08898037302257e-10,3.69720684062269e-07,0.000275368343948141,0.000125973312795595,1.82456047642565e-05,6.10288410594221e-08,0.997842676067513,6.11921209669985e-05,8
"19929",2.59824244828767e-07,1.35811754274631e-05,8.48395151583554e-10,9.59835752520186e-08,3.95355173290336e-08,0.386815772293097,3.98930714220233e-12,0.000108186387683893,0.613062063948069,9
"19931",0.00802088542836042,7.34489038153403e-09,1.21744986555697e-05,0.00101576649260093,0.00015970317618262,4.47551097057602e-07,2.06324938088856e-06,0.990460056968911,0.000328895289921236,8
"19933",0.909412900700137,1.41902866373483e-05,0.0296336275434356,0.00010163181776547,8.90696751454235e-06,8.38290364823524e-08,0.000203679917451086,0.0604720835740926,0.000152895363930592,1
"19935",0.210631919847135,1.59963983813042e-05,0.008859364923448,0.020977988709166,1.69270533118039e-06,0.000649904192321154,5.73562438073873e-07,0.758176394435987,0.000686165225792029,8
"19937",0.00327578386203356,3.17294678071489e-10,7.51473377923285e-06,0.00407112970697479,0.00124798632299988,1.75609008438325e-06,5.15569230734491e-06,0.991385739105876,4.93416864984338e-06,8
"19939",0.00160762146226625,2.14537435314074e-09,3.73192870159089e-05,0.299672848962248,4.29406806349567e-05,3.36316642853499e-06,3.34981186326792e-06,0.697977284450277,0.000655270033891866,8
"19941",0.677100452086225,0.27860740065103,0.0240927481579408,5.20698222033737e-06,7.66267070454425e-07,5.62088207340332e-05,8.29009478091786e-06,0.00103136503836251,0.0190975619016355,1
"19943",1.39280575525773e-06,1.21118395596128e-08,4.49981292105782e-09,5.27423422692664e-07,1.84259311822208e-07,2.51801075967658e-08,5.57308895365719e-09,0.000425805237627216,0.999572042909034,9
"19945",0.92428090779166,9.43998365426625e-05,0.0602796357123005,0.00305542224921385,2.75495818855962e-05,3.33331301036359e-08,0.00057694750445484,0.0116793973643656,5.70662644663979e-06,1
"19947",0.379867033022621,0.004143565774285,0.00197469095550543,0.000127145061885109,1.018791423981e-05,0.0105645861492835,1.4071734038228e-05,0.00317775451445628,0.600120964873685,9
"19949",0.00397716500436946,9.96480082438754e-07,0.0110922288511529,0.969381712930167,8.66171767854198e-05,1.55436565732521e-07,0.000710723526292917,0.0147501963752234,2.04219360908666e-07,4
"19951",0.00131675161306548,3.32710850081314e-06,5.00451994272048e-05,0.0597311247185764,8.99678475013635e-06,4.39780533356961e-06,1.2792004516106e-06,0.227733247275774,0.711150830294121,9
"19953",0.0403223009519478,9.86963671740253e-05,0.0599061647875149,0.00113796908768546,0.0355500346405399,1.00794421640966e-08,0.862848210250855,0.000136606242310749,7.5925297935437e-09,7
"19955",0.564213005313338,0.0106298793589736,0.131629757627026,0.270597763493092,0.00124759351673709,3.68468890779388e-06,0.0214681506570526,0.000209561570216457,6.03774656768312e-07,1
"19957",0.0283473330976755,4.89612409377343e-06,4.15270558626834e-06,0.000148474798132252,0.0058049649809771,8.28941965250465e-06,4.67473249746869e-05,0.0489280175962852,0.916707123952623,9
"19960",0.64941406284696,0.00130597790476064,0.34643081967372,0.00239115040572262,1.16420444967459e-07,1.78150114869783e-05,8.23790119270749e-05,0.000227677403372293,0.000130001321604828,1
"19963",5.35623504903195e-05,0.0521808541151893,2.95153733122323e-06,1.86504686693693e-06,0.095833950164992,8.10118093353218e-06,0.00280095947234069,0.000103777926652595,0.849013978205203,9
"19965",0.0705293122252652,0.00878207959101979,0.812716428460747,0.107675826051675,7.38864051116708e-07,1.88196753891393e-05,0.000266445790661715,1.03459275629142e-05,3.41362858038113e-09,3
"19968",0.00161407041248505,0.000378462332452802,4.13110614211186e-05,2.97484804385431e-05,2.2381536784384e-09,0.21978865922273,2.3379607362162e-10,0.0103019117132858,0.767845834305237,9
"19971",2.85507033522278e-05,0.00458516480167035,3.08382009129121e-05,6.78782298451396e-06,1.20757720684919e-05,4.16603657301647e-08,0.000838876592876011,2.14782812138163e-06,0.994495516617648,9
"19973",0.00188207298128904,9.8827228884463e-10,1.12398868258588e-06,0.000522167352440408,2.75433404538902e-06,2.40117719145755e-05,6.56816717921122e-09,0.99584825933397,0.00171960268121852,8
"19975",0.00013820288391986,1.65248913242907e-07,2.69892299234935e-07,3.25318918323693e-05,3.56826233157788e-08,1.30812906440695e-05,6.61384952360027e-10,0.0221384366476055,0.977677275800777,9
"19977",9.02112703827362e-06,0.000523622915488402,1.10041976558012e-06,0.000593080851009178,2.01346343070029e-05,2.46198235695574e-05,1.70284085994207e-06,0.000208242717194123,0.998618474670768,9
"19979",0.0483609381765806,0.0274230555013037,0.921007972984376,2.36154556107399e-06,5.5193439704193e-09,3.88310521658149e-11,0.00320536371067735,9.15385350782408e-08,2.10984791571008e-07,3
"19981",0.65174957837196,2.32944059607054e-07,0.000110215545457901,0.000517437542782187,3.68251223627371e-05,0.000460929294373637,3.45920418505168e-07,0.347014228963181,0.000110206295403943,1
"19983",0.363793682465454,1.04463615157458e-07,0.00124158097760338,0.332965771837908,9.20209230221363e-05,0.000484821530026988,5.90631203050824e-06,0.30140595878213,1.01527082100915e-05,1
"19985",4.30023627148908e-05,2.11627449512076e-09,1.45866195170746e-08,0.000108541954169709,4.0951131897142e-06,2.250581206524e-05,1.73982801844625e-09,0.229297719617616,0.770524116697522,9
"19987",0.409209317830811,2.98223787369078e-06,0.00105245207852159,0.000172607945278324,1.42481341097888e-05,1.83919896907633e-06,9.35773627248386e-06,0.569572858939251,0.0199643358989135,8
"19989",0.0259395607094772,0.000841039482052761,0.959778435057028,3.73534050795846e-05,3.39444995591814e-07,7.10690593589248e-11,0.0134022636212747,1.00794192572821e-06,2.67097173999554e-10,3
"19993",0.0546880038311288,1.89021939150099e-05,0.0773913421008674,0.685805961649684,2.9613480778809e-06,2.61379668257575e-07,0.000387200556304496,0.170877833056401,0.010827533883954,4
"19995",0.626638564432501,0.000711103057160787,0.216733189914314,0.0428079120275436,5.35890081160931e-06,3.23541323848729e-06,0.000137261859847369,0.109381665452,0.00358170894258315,1
"19997",0.000477105942494568,2.30601612633865e-09,1.87148854324826e-07,0.000376547924746957,4.40327766688222e-05,1.95216907280522e-05,1.60536791782679e-08,0.996015839999231,0.00306674615758088,8
"19999",0.000159811157053683,2.45676798830191e-10,1.23602681762578e-08,4.09131072749856e-05,7.02439387806357e-06,0.000725493554739383,3.49076732545573e-10,0.980498763934744,0.0185679808972881,8
"20002",2.97100284698485e-05,0.176482958332726,4.62230844640929e-06,3.83052577998163e-07,2.00279388799581e-06,0.365252494548193,3.15149157026135e-08,0.00025551636210595,0.457972281058677,9
"20004",0.964178914961523,0.0009586749743534,0.0185965356955798,6.74545191778809e-06,7.7743739796769e-07,5.95061513340825e-05,3.56434399243937e-06,0.01543503714723,0.00076024383667118,1
"20006",0.584178149139683,0.00457663606675481,0.0945640772060873,0.313654424368302,6.9522611942365e-05,0.000985100262979757,0.000597292431319431,0.00104702668796609,0.000327771224965799,1
"20008",0.00291343574390839,0.0305310287153817,0.0765936247846929,0.888461543577391,4.36245235966182e-05,1.11362889465949e-05,0.00073237656917795,0.000692834066039406,2.03957308653999e-05,4
"20010",0.258715575322196,5.3690153850106e-05,0.320227265645972,0.378342050554284,0.000140664303432318,2.49972418912444e-09,0.0396682764818334,0.00285169264044145,7.82398266871948e-07,4
"20012",7.10605096205453e-05,1.01300192828166e-07,1.10756811284367e-06,0.0023325617357433,4.81590923993162e-07,0.00907296861351773,2.9450139484473e-09,0.20013019037011,0.788391525366764,9
"20015",0.0084510761500936,0.0029419984739174,0.9880394778461,0.000562350309586446,8.73737424964042e-11,7.12855842286121e-08,4.64346487419229e-06,3.80035191861597e-07,2.34727815353391e-09,3
"20017",0.00102243348303639,6.08541038173663e-10,6.58280893027734e-08,6.39592630629874e-05,9.45825295701686e-06,0.00246040296825398,8.58554758552139e-10,0.987680836119577,0.00876284261792757,8
"20019",0.00168678379054379,0.00805463125547741,0.97927537353785,5.34634621455075e-05,5.3766697098623e-09,3.15341053543101e-12,0.0109297401382986,2.1898959932545e-09,2.45966145818391e-10,3
"20022",0.816900989421193,4.01019628549791e-05,0.17862293233666,0.0027041090628583,2.27965453286648e-06,2.19924967095401e-09,0.00142557567900318,0.000303823539116527,1.86144531032314e-07,1
"20024",0.00617369611002758,0.0126685314221469,0.16525742965899,6.83684281585706e-05,0.000202636082168351,5.49293643913075e-09,0.815629153312487,1.76249345885716e-07,3.24373899771044e-09,7
"20026",0.00617369611002758,0.0126685314221469,0.16525742965899,6.83684281585706e-05,0.000202636082168351,5.49293643913075e-09,0.815629153312487,1.76249345885716e-07,3.24373899771044e-09,7
"20028",9.6298082928851e-05,1.35663123609921e-09,1.78480327301523e-08,1.37817319468439e-05,2.72639675736259e-05,6.32576614795985e-05,2.5356944052172e-09,0.950851979059768,0.0489473977559446,8
"20030",0.288959154451514,0.282696415449966,0.428259420728163,3.78401019526565e-06,3.90094308765255e-09,1.69296733420139e-06,1.55103348654904e-05,1.70570044211071e-05,4.69611525981963e-05,3
"20033",0.0199519440172537,7.84783280577081e-08,1.28272644464217e-05,0.000149460990826207,6.41809953889243e-06,1.84920036282452e-05,1.94710121331537e-07,0.82399592845455,0.155864655981307,8
"20035",0.00156061166883006,0.000760309095541733,0.983756927002417,6.43968643249882e-05,6.62109081997268e-09,8.0335050394948e-12,0.0138577418646642,6.66176486637397e-09,2.13333030818938e-10,3
"20037",0.00274264304235395,0.0025964593780868,0.993742541316724,0.00024950290240144,4.54513440376755e-09,5.54023641801341e-10,0.000668837882362073,1.03734349428411e-08,5.478815149296e-12,3
"20039",6.16130350154407e-07,5.6003921716406e-07,9.90816597289022e-05,9.59580865053563e-06,0.00155350743096511,2.99409843157963e-12,0.998336636762036,2.16368803454387e-09,2.3705716731126e-12,7
"20041",0.0231559185048252,5.56397814352211e-07,0.000868736852551535,0.972378163833564,0.000289294548882767,1.74620447937028e-06,0.000301390357486279,0.00298817661082647,1.60166895698479e-05,4
"20044",0.170226768471877,6.22344914019446e-06,0.00913781822415962,0.791418475093507,0.00143258279685682,1.22295500598676e-05,0.00438248408648997,0.0218936149355375,0.00148980339237133,4
"20047",0.00380967806017374,0.215270122841193,0.725832012730309,2.76912368930179e-06,3.21987479601236e-08,2.74587926615326e-12,0.0550853766104045,1.27677397148993e-09,7.15596214644509e-09,3
"20050",0.00275270698143672,1.17856112445379e-05,0.0426127637912174,0.327550785522484,0.00139133110786207,7.02003016500704e-11,0.624817438639997,0.000858190318750534,4.99795680784777e-06,7
"20052",0.14075093479401,2.49835735478356e-06,0.000574245737956101,0.0247386694528622,0.000708211823428462,1.54993976435682e-07,0.000179634224790495,0.808388082711936,0.0246575679036857,8
"20054",0.741860808425174,0.00201482317465035,0.256006772811979,8.12393101346949e-05,1.17588734617578e-09,5.46473424448719e-06,1.66877433409087e-06,2.81497181461876e-05,1.07187544987673e-06,1
"20056",3.57121354271375e-05,1.81087504611306e-05,3.36860778113425e-06,1.0206370698796e-06,1.87660789104311e-07,9.27336185851864e-08,1.70429154034048e-07,0.00110758374864925,0.99883375529705,9
"20058",0.0327998618051846,0.000900157258993198,0.963272821579801,9.27306525124076e-05,1.29607083813808e-07,1.21175526218166e-09,0.00293363646615593,6.61363342071668e-07,5.51724276323448e-11,3
"20060",0.00277155910595419,4.39569053686021e-09,2.85220595104459e-05,0.00136163827280272,2.4298299338194e-05,8.04330484011984e-06,5.14026070395793e-07,0.995726512875285,7.89076605081696e-05,8
"20062",0.0181918185970249,9.3684864780993e-08,0.000662257926093529,0.325917705141479,1.47928846744934e-05,1.4710818348324e-05,2.07390442881407e-06,0.655148706798936,4.78402441500509e-05,8
"20064",0.938996413874114,7.67465563266458e-05,0.058211656107454,9.70849515730607e-05,1.76162093524615e-07,1.56108326635451e-08,3.30685237144538e-05,0.00255504555269288,2.97926611987253e-05,1
"20066",0.0592031040371973,0.0883878574266048,0.852313820892618,9.97434687340297e-07,9.90313514312457e-10,1.4249933286219e-07,9.06920580432117e-05,5.5112316712939e-07,2.83353803560964e-06,3
"20068",0.00103488766374061,4.99462630950495e-10,1.19672885513618e-06,0.0153202061638654,5.86597472840148e-05,0.00125680580626911,1.72171622818058e-08,0.98230810887463,2.01172987303186e-05,8
"20070",0.0010858834601299,3.75317600628455e-09,2.28516064397058e-06,0.0304007315185667,0.0140513535774547,3.81457570110187e-05,4.20170495253849e-06,0.954406185321545,1.1209746520003e-05,8
"20072",0.15268698373805,0.0035399702441618,0.832421501988535,0.00846237489307704,1.26335524312698e-07,0.0028319994418229,2.18396346639825e-05,3.52003305468978e-05,3.39361712865684e-09,3
"20074",3.05044788184761e-08,5.76758151508129e-07,1.87192090856855e-10,6.17188856683309e-08,1.30465399431185e-08,0.000117559620328496,1.54098361625656e-11,1.82336193599706e-05,0.999863524529654,9
"20076",0.0662461749008248,0.00063676096379582,0.000132207742759802,0.00021883500673902,9.21961276408726e-08,0.305288913778041,4.27263120544654e-09,0.0199723200276492,0.607504691111431,9
"20078",0.956118468199248,0.000663837291561465,0.0386450009061168,0.00115570716488198,4.0289024100908e-05,7.81787420591065e-08,0.000514763857115391,0.00284484929308962,1.70060851437208e-05,1
"20080",0.0084814898401166,0.00105757023836058,0.984424985489729,3.99342229531211e-05,6.10236040199969e-09,1.72756803866903e-12,0.00599596919719282,4.35477624949913e-08,1.35979711402417e-09,3
"20082",8.89336950300539e-05,3.63483212457529e-06,0.000429276016628002,1.21817937885149e-06,0.00106662211648743,2.82691367128553e-13,0.998410148366895,1.64471176893985e-07,2.32199655060743e-09,7
"20084",0.932923353839959,0.0208130759379782,0.0284312897112171,0.000140071679183742,0.000115372572322245,1.93935992351539e-08,0.00542217264385766,0.00117343109252842,0.0109812131293548,1
"20087",0.641690729035586,0.00127074426340572,0.276409527014326,0.0766182711048166,2.75059355932161e-05,1.26123057406176e-05,0.000227493051649113,0.00374300633860102,1.10950281630938e-07,1
"20090",0.00285870616166078,0.000204273085366296,0.90932927516948,0.00963361009633319,2.3119121069127e-07,3.46476880652484e-12,0.0779734015708079,4.94525911642355e-07,8.19576425806958e-09,3
"20092",0.00888629982704258,8.95867145629971e-07,0.000188832231612509,0.053268337966849,0.929029836164945,4.56698203736776e-05,0.00715995698047797,0.00142016877547219,2.36608092533736e-09,5
"20096",0.0182867678667239,4.67264335356297e-06,3.06209843313562e-05,0.0210528116601453,0.91041309578336,4.88085730457956e-07,0.00599493002122361,0.0431692192656934,0.00104739368943827,5
"20098",0.00302565212853653,7.52903124748997e-09,3.38294983381445e-06,0.000260296897524889,1.40245526764324e-05,1.83658144590081e-06,3.72076698571713e-07,0.857929876320443,0.13876455096381,8
"20101",0.188266427373375,0.0295806502930383,0.770636408293131,0.000266625276134179,3.95611939366054e-07,2.80243905941886e-10,0.0111488596142234,1.47960870032835e-05,8.58371709109803e-05,3
"20104",6.43182783329982e-05,2.7381022351877e-08,9.49683443102982e-09,4.36407745520649e-05,0.989259404295021,0.00597882579425727,6.07849470712619e-06,0.00463646695056926,1.12285347038856e-05,5
"20106",0.154652760536022,0.000421998740759718,0.841639573441028,0.00290919006044139,7.88849096927837e-09,9.63580912051703e-10,0.000262567463076655,9.4064441694932e-05,1.98364649064886e-05,3
"20108",0.00633090263030701,4.77580425047769e-08,2.85139471385422e-06,1.93765394432857e-05,7.71012161349744e-06,8.51463373538471e-05,1.64105134056661e-08,0.987566880623015,0.00598706818499792,8
"20110",0.00643058882033343,7.26724682613737e-06,0.000264703480540702,0.509169592980557,0.156112978028634,4.72692628502634e-08,0.0279740597630923,0.195101954579229,0.104938807831524,4
"20112",0.0462496111253059,0.000140562739875572,0.680015204044769,0.244379800709145,1.43180755759447e-05,3.06081832806062e-09,0.027054119782756,0.00214045182980655,5.92863194704109e-06,3
"20114",0.975072737866302,0.000847677335892086,0.00763783478799184,5.60844720057499e-06,1.2214508881e-05,1.05938721759456e-07,0.000189519759320341,0.00453354021008262,0.0117007611456082,1
"20116",0.954955746346444,0.008625198904547,0.0304263726306273,1.81654376318049e-05,1.38335958850105e-08,5.37072959960733e-06,2.25188547931746e-06,0.000474661431922059,0.00549221880015349,1
"20118",0.732516935346659,3.50674560954729e-06,0.000577307629351,0.000208032861805275,4.22785292068931e-05,3.94963295707832e-07,2.26070354026649e-05,0.242658072909378,0.0239708639792915,1
"20120",0.275448116677359,0.000214005201356548,0.574934110760284,0.00331567033193374,1.43324412113383e-05,1.60543091133426e-10,0.144366056001039,0.00130529186269305,0.000402416563580085,3
"20122",2.47734345184287e-05,1.59060271865764e-07,1.32526218094133e-08,1.84412713448794e-07,2.73123356488136e-08,3.74779316829615e-06,3.03282450754178e-10,0.000632276585797799,0.99933881784529,9
"20124",0.203244062047233,0.0128019217394129,0.77610553993193,0.000749016235426057,2.96852719398509e-06,2.18410919831698e-08,0.00709591002223786,5.59338819727774e-07,3.16655074065398e-10,3
"20126",0.00186615320006096,0.000839700046629092,0.000757261878493203,2.40541973186621e-05,0.0384032650715319,1.11882844242051e-08,0.95810944827697,7.0442771522934e-08,3.56979407608424e-08,7
"20128",8.65760094647056e-05,0.0278709566037798,0.0428076322587264,8.23739296612565e-06,1.06090390441272e-05,8.65479607083498e-12,0.929215988599634,6.58015406039271e-11,2.1928276198132e-11,7
"20141",0.00151686067243403,4.71299427399354e-09,6.83366289489715e-08,2.79959348876293e-05,0.807355743110815,1.16036256892744e-05,7.45790814346164e-05,0.177845691331761,0.0131674531933559,5
"20143",3.37958435330411e-08,1.16413322208068e-07,2.11398293981873e-10,5.42495107721872e-09,5.34740080515122e-09,1.52182120617574e-06,3.92968851921145e-11,9.38275398194694e-06,0.999988934192599,9
"20145",0.475016628405796,2.28759679665101e-05,0.508193505667572,0.00405264141196441,4.27329038175237e-06,1.69837427117274e-10,0.0114664435667085,0.00124226122924009,1.37029053367914e-06,3
"20147",0.817050071683486,0.000139824477177413,0.182325725286724,0.000201212581757423,9.84048588147495e-08,1.75378125656912e-09,0.000170095181402825,0.00011216939737163,8.01233441574498e-07,1
"20149",2.00048970427658e-06,2.25915866069048e-08,1.13613054242632e-09,3.05014631662316e-07,2.06694392849164e-07,1.88578950666064e-06,2.88019918727573e-10,0.000614365026327429,0.9993812129697,9
"20151",0.00161687843237974,1.19687963135783e-08,5.25993289711676e-06,0.000390775102798247,4.41692225566706e-06,1.31191250233143e-06,1.24482707592552e-07,0.961856099001852,0.0361251222438112,8
"20153",0.00209624505310335,7.56093664262293e-07,6.0239617279729e-05,0.00312730185623819,0.00408284924424688,9.45296123382743e-09,0.00159218595138374,0.382728115604702,0.60631229712642,9
"20155",0.219029535761343,0.000252366546922572,0.756528299917208,0.0236960142835254,4.01261355268032e-08,7.65449420956832e-09,0.000484179548187162,9.47644974487114e-06,7.97124386677946e-08,3
"20157",0.000539561976442656,3.02401459479346e-08,2.1848702822942e-06,3.91430733465825e-05,1.50678963883644e-05,1.14181940350636e-06,3.87956630883281e-07,0.617843225221291,0.381559256946069,8
"20160",8.70401708973865e-08,1.06696670580904e-07,5.3779355029708e-10,8.09991846897569e-09,8.57194276566918e-09,1.87534785839086e-07,1.5148560351405e-10,1.5713185035616e-05,0.999983888182197,9
"20162",8.55186570700169e-07,2.10270072698274e-09,5.6848855579515e-10,1.7123104655154e-07,1.0160871281682e-07,2.70076463162014e-06,8.9376653785548e-11,0.00332838920267852,0.996667779245794,9
"20164",9.92522179573545e-05,5.12157584709112e-07,1.84850098294839e-06,0.000818063250761317,1.84595608519127e-05,8.41991186106682e-07,5.99443406785074e-07,0.0431745751583971,0.955885847718872,9
"20166",0.0303122751035781,0.663050028625633,0.306315093633971,1.89712268969945e-05,1.57551307746488e-09,3.35039071884224e-05,3.90562063293085e-06,5.79630531131525e-06,0.000260424001274525,2
"20168",0.000144667490471374,0.615071930440275,6.94196949396938e-05,3.55837583259267e-06,2.02266112958636e-08,0.384495870325264,9.38568070040952e-09,1.55224852570083e-06,0.000212971812400083,2
"20170",0.00794339985055408,1.32816274508869e-08,1.36807352818572e-06,0.000143411534339536,0.000198377137320879,7.04770556905354e-07,1.24147074065354e-06,0.744853950444759,0.246857533436573,8
"20172",0.67905339979663,8.22740097595482e-06,0.318516933403104,0.000789502439168736,1.55355758443956e-06,3.25489700831692e-09,0.00146138412685631,0.000168993191042216,2.82974107371945e-09,1
"20174",0.000127281758797631,5.1674751652413e-09,1.84964063588819e-08,2.25070323751271e-05,2.49949041714933e-06,0.208503681973135,7.79111173470548e-11,0.663524429947001,0.127819576056481,8
"20176",3.20645496289285e-05,0.000363114684193667,4.88384583994071e-06,8.05539986408883e-06,1.64752727084927e-08,0.999576792818251,3.30029886007338e-10,1.38553755023067e-05,1.21652141774529e-06,6
"20178",6.31899222754101e-08,1.59063795182821e-07,7.32792892024824e-10,9.45174974591984e-09,9.91806605644715e-09,7.44028425435497e-08,4.10400354069905e-10,7.36417132728745e-06,0.999992318659104,9
"20181",0.290551590856218,0.254222797163473,0.451691859844907,6.55420510460571e-06,2.60425245604218e-09,3.11881270069569e-07,3.27160408729679e-05,2.38427100500788e-05,0.0034703246938517,3
"20183",0.0886921584382929,6.47839125763892e-09,0.000192254503677911,0.00684215806658997,0.00362728438119014,2.60125077187697e-06,6.8377411624102e-05,0.900572255379094,2.9040903676407e-06,8
"20186",0.144055207246025,6.28211921406918e-07,0.00385112127825164,0.197244466513104,0.0326856510911846,0.00498527866065013,0.000293762133132927,0.616883833075357,5.17903730490951e-08,8
"20188",1.17307104759871e-07,2.87464813793639e-08,7.72733520052418e-10,6.02442682483786e-08,3.75718719272588e-08,1.38289991606767e-07,3.2512125414867e-10,0.000159380428176346,0.999840236314251,9
"20190",0.026760262096409,0.000796965099958788,0.972354082626451,3.59943217219361e-05,4.43382993357749e-10,2.06758428135123e-09,5.12687655622584e-05,1.39437225411564e-06,3.02066749962467e-08,3
"20193",2.71806228446616e-05,0.275547291037996,7.71000550946654e-05,0.000111297991423142,3.48312485661694e-08,0.00658041482934206,4.82699924222707e-08,5.06447877068646e-05,0.717605987574352,9
"20195",0.00173652428037656,2.16601093047341e-06,6.09042028523795e-05,0.00370649143525484,4.51929823403724e-06,9.47762378779764e-07,1.98552437731231e-06,0.193450708424295,0.801035753061301,9
"20197",0.42284159051423,7.08834945504484e-05,0.562302703924975,0.0138756526483141,5.63723276447744e-07,1.19489454001174e-08,0.000768401262774657,0.00014018238309628,1.00998376924272e-08,3
"20199",3.84354609633305e-05,4.0559923642805e-09,1.87185559869745e-08,4.194797273071e-05,3.6291084171569e-05,3.78801787625565e-07,6.15408872201657e-08,0.0668790453932967,0.933003816971614,9
"20205",1.25022543800088e-05,5.15374854706319e-08,4.61979660754456e-05,0.000493453201734929,0.0403239674457143,7.2273713991304e-12,0.959122602166725,1.22487586973533e-06,5.44787403575112e-10,7
"20208",0.0108737799230824,5.42248905861458e-08,4.97986917867057e-05,0.00221355412037461,6.44543171188686e-06,1.65797689352577e-05,5.17232957401665e-07,0.979962778019729,0.0068764925865322,8
"20210",3.87552837716766e-06,1.97310137728872e-09,3.36248636319742e-09,9.74343875479908e-07,3.32490888067411e-07,1.09639840262513e-06,7.54755752641985e-10,0.0128447875175335,0.98714892763058,9
"20212",0.000289971699870845,1.65078610900658e-07,2.26608040446761e-06,0.000221850817533682,2.88495636763319e-06,1.86746139823e-06,1.89552597900567e-07,0.151000532169747,0.848480272183469,9
"20216",0.754516634314367,0.000205636768231916,0.244909519394908,4.45500621204264e-05,3.33497465960554e-08,4.17652081739007e-08,8.39809905391987e-05,0.00022741260301126,1.21907518677819e-05,1
"20219",0.146923771214346,0.000756804960848904,0.0632979677400533,0.00984197013451433,0.00984758157952796,2.89999796094935e-10,0.768350257413852,0.000963832273538461,1.78143933197415e-05,7
"20223",0.00190025556492307,0.204564568930959,0.791665730751688,0.00157250212066518,6.3567822606652e-08,0.000193075550717657,0.000103743950536081,5.95370497235047e-08,2.56381980421471e-11,3
"20226",0.00121789132840783,1.38673662706192e-07,0.000773569063455573,0.981191876244441,1.25342989684641e-05,2.81925248578455e-08,7.2521336286561e-05,0.0166784786383216,5.29622239312542e-05,4
"20230",0.0122262676658331,0.00192899779089198,0.98556884609947,1.38495502447782e-05,2.15628894621173e-09,1.11507818962303e-09,0.000261680640052087,3.52738617107089e-07,2.24352346697007e-09,3
"20233",2.77266445511997e-08,3.92127934700035e-10,5.27820277482479e-10,3.11950806950612e-06,0.999654427432602,1.47839836502184e-09,0.000331333986865216,1.09860950119338e-05,1.02852460673508e-07,5
"20235",0.116912382666665,0.0193858672775111,0.689967704843421,0.131506094823321,0.000425595928429343,4.43693585778983e-05,0.0417480745459938,9.90984044862956e-06,7.15632670535042e-10,3
"20239",0.519826107721181,0.0183459186408995,0.191867548331787,0.267751477241827,3.71549204853819e-05,0.00119917999281112,0.000133199756337673,0.000839154671057727,2.58723614445187e-07,1
"20254",2.72305628522167e-05,9.88634846224731e-07,0.000747767283095412,3.70078901575091e-06,0.000192085043184598,2.89221651273905e-14,0.99902821527118,1.23208824150013e-08,9.49143328375112e-11,7
"20256",0.598181716062681,0.00117850630057751,0.39998447119684,0.000153580883560277,3.53336190178391e-07,5.54139753099256e-08,0.000499310113418617,2.0062313170808e-06,4.61440142120288e-10,1
"20262",0.00137016415987494,1.13759034695138e-08,7.694756718923e-07,3.95079829523968e-05,6.72839208694308e-06,8.84809400624267e-07,9.1357881118971e-08,0.432269509646742,0.566312332799487,9
"20270",0.111369756529784,0.435010264772864,0.440686596935411,0.000388707026442029,1.88201946205424e-07,0.00128154240459804,1.38321393236909e-05,0.00907140225688585,0.00217770973274518,3
"20284",0.014548378387483,3.08268189521604e-07,0.0021441171995649,0.0742611975893288,0.379177986188622,1.04482780652049e-07,0.0935438120407834,0.436316918564522,7.17727872486402e-06,8
"20287",0.000838517358878371,0.018859436113839,0.979784520236496,0.000309276881187324,5.21130583766542e-10,2.24253596693721e-09,0.000208243681848397,2.94333667741942e-09,2.07477894942397e-11,3
"20290",0.000252693569795537,1.11277820744615e-07,0.000617625602391343,0.0023072765812857,0.0215447566273578,2.28342723616364e-11,0.974692101914176,0.000579228599242795,6.20580509616984e-06,7
"20293",0.990324507935131,3.10095581919796e-06,0.00857940108422671,4.00811362506107e-05,8.53030600003415e-06,2.38315845281835e-08,0.000142297153243554,0.000901837944405737,2.19653338956904e-07,1
"20296",0.0613068203681953,0.000127157322492024,0.000144143288969579,0.000431154840416362,1.0114779540286e-07,0.0168730496425994,3.24396688647871e-09,0.256429754582139,0.664687815563426,9
"20301",9.49001290141724e-05,0.711477370492106,0.287956818630964,4.13621514594239e-05,2.91069845485948e-10,2.04218806636763e-10,0.000429220829134608,1.59488146415827e-09,3.25677150985017e-07,2
"20304",0.00104067896876665,1.88035311974206e-06,0.000385347198648884,8.97477730171274e-07,0.00538596191142976,2.10967553238787e-12,0.993184607587618,6.20006498483288e-07,6.49407917308314e-09,7
"20306",0.0199743272766161,0.00273656078476578,0.972273051633415,8.06259257695289e-05,4.12105279674286e-07,1.49677935272976e-09,0.00493449587737107,5.24843135988831e-07,5.6867970348751e-11,3
"20309",0.668885294038021,2.47521066600464e-06,0.120577065576951,0.114358648145386,4.83198481022668e-05,3.21266486871512e-07,0.00364184521277673,0.0924473493707258,3.86813308847203e-05,1
"20311",0.822756752718742,0.0209164959417163,0.154395650364505,0.00046003550723396,9.22762154584259e-06,2.61135162737078e-07,0.000573311593894722,0.00075686535722406,0.000131399759975393,1
"20314",0.0227835855052346,3.17019511402124e-08,5.58840763328835e-05,0.000611552371240683,2.79914358927451e-05,1.54986876454938e-07,4.52408277587584e-06,0.964757144351755,0.011759131487941,8
"20318",2.00920008126975e-06,6.69634795169013e-05,2.258714242965e-07,2.50691892930939e-08,9.01416853727826e-09,1.86099695494399e-06,2.97420671638227e-09,4.63848408100906e-05,0.999882518553648,9
"20320",0.000902012526668893,6.42709727224064e-08,0.000104903837698438,0.655455654369967,0.00291660425700695,5.63359274037544e-06,0.000115867568044865,0.339789649544842,0.000709610032059043,4
"20326",0.0352018236475092,1.69798670954599e-07,5.96561873253387e-05,0.000270625132890554,0.000110338351679355,3.87259217962288e-07,1.06709258257694e-05,0.933608449173809,0.0307378795230723,8
"20328",0.00381648916564699,3.23198799378137e-09,0.000107729914699156,0.249889019953195,0.0063589382954672,3.52030049687795e-06,0.000104762152654858,0.739716072526576,3.46445927568889e-06,8
"20330",0.0160281257415055,0.000797729828456796,0.0877723483208569,0.89205888075157,2.3180554421792e-05,1.03395152523578e-07,0.00328975789620476,2.97381967627229e-05,1.35315068809109e-07,4
"20336",0.0492131987399008,1.27713223802017e-07,0.00190069759691274,0.00197287080178302,0.349114670456056,1.72985549395948e-09,0.589254265065838,0.0085440135013274,1.54395103359371e-07,7
"20338",0.0251899234574038,2.929804459193e-05,0.00115794302695407,0.00202332280978811,0.0656120560266058,2.99528618854741e-10,0.905788324899888,0.000157958417465763,4.11730177743487e-05,7
"20340",0.0415902566051351,0.0236414293731685,0.932175004043106,4.9689586916802e-05,3.38818404655078e-08,4.09508669443327e-09,0.00254347267420929,1.07187562617323e-07,2.55297435250752e-09,3
"20342",7.1036337692445e-06,0.0182524949943954,5.72148928120155e-05,0.0225841967974343,0.872383620434737,5.15620424532228e-06,0.0865903537775079,1.84449814382868e-05,0.000101414283660437,5
"20344",0.279597736709883,0.000601201774595092,0.718028945445835,0.000153972060734019,1.32698214844194e-06,5.51488394225337e-08,0.00132399469323236,0.000292714038232472,5.31464999656384e-08,3
"20349",0.134029078229723,0.0037192691665875,0.861839697433827,1.86121620433481e-05,9.02002751911565e-08,2.16251867261818e-08,0.000391388283445703,1.84261465765214e-06,2.84253770764283e-10,3
"20351",0.980259453781601,5.20927310986789e-06,0.0153283486212268,0.000611856684153217,3.46219005846691e-05,3.41438175514714e-08,0.00228438849472201,0.00144449171365793,3.15953871267091e-05,1
"20353",0.0142276718234969,2.92576225250285e-05,0.402792993063901,0.512611745876528,1.79394393506554e-05,1.03193096637928e-09,0.0703058300720181,1.45568879927791e-05,4.18225617287227e-09,4
"20357",1.65722162850181e-05,1.98090779192421e-07,0.0006039721658935,0.000996814698257375,0.00631463748302915,5.43352818073669e-12,0.992067487935008,3.17389947013628e-07,1.53675687158141e-11,7
"20360",0.0002975252920723,0.00377267099606356,0.00138104410517431,0.851193760012715,0.0629814634253789,4.84611672092997e-05,0.0803169013917331,8.01570404160945e-06,1.57905612192415e-07,4
