"","V1","V2","V3","V4","best$classification"
"19812",0.963276092495446,0.0356015917854837,1.52331694038094e-05,0.00110708254966612,1
"19814",0.985206395582735,0.00611960573694294,0.00859661001961337,7.73886607090703e-05,1
"19816",0.0353344556149269,0.96464063075418,1.0065250469832e-05,1.48483804233108e-05,2
"19818",0.893125684486573,0.0805025409305572,0.0262309567925979,0.000140817790271265,1
"19820",4.41732682947244e-06,0.999895049823353,3.0467926742167e-08,0.000100502381890816,2
"19822",5.76842427685156e-05,0.952688957709849,1.07436391889805e-05,0.0472426144081933,2
"19824",0.00271834695186645,0.992661388577642,0.0045044466467124,0.000115817823779297,2
"19826",0.96152206211715,0.0382595941205418,0.000191438587955107,2.69051743527121e-05,1
"19828",0.00151267290984518,0.998007537816409,1.24115803983818e-05,0.000467377693347214,2
"19830",0.997950650518058,0.000654630849523348,0.000497783371969614,0.000896935260449686,1
"19832",0.274669682583583,0.195411049565218,1.37041456819971e-05,0.529905563705517,4
"19834",0.0910510561432466,0.893149951998196,0.000455043365680942,0.0153439484928766,2
"19836",0.763226905762281,0.236453280888329,2.19764633779245e-05,0.000297836886012284,1
"19838",0.9973393102908,0.000240010043861063,0.0021882017879928,0.00023247787734617,1
"19840",0.276771004916008,0.723081389877831,7.19016562486838e-05,7.57035499124563e-05,2
"19842",0.998754665151224,0.000163609757920978,0.00107579748100308,5.92760985203562e-06,1
"19844",9.58009318256648e-05,4.07364858777043e-05,0.999863004086826,4.5849547075767e-07,3
"19846",0.773997511406078,3.61604995031099e-05,0.225965400471658,9.27622760161272e-07,1
"19848",0.900157792871838,6.87327437607171e-05,0.0997697200347858,3.75434961490638e-06,1
"19850",0.658028626699863,0.000674294150902139,0.341278104622224,1.89745270110178e-05,1
"19852",0.308233387783312,0.690187818329417,0.00117704206039535,0.000401751826876131,2
"19854",0.985151500635457,7.37799611793863e-05,0.0147659248234758,8.794579888364e-06,1
"19856",0.0376933574617931,0.00219424960584384,0.960055165435179,5.72274971841579e-05,3
"19858",0.00779425581335795,0.0500015831647974,0.941739095110752,0.000465065911092714,3
"19860",0.642196293625916,0.357388755418898,0.00017237561727571,0.000242575337910897,1
"19862",0.98086351716415,1.87299110966132e-05,0.0191167586523628,9.94272390265184e-07,1
"19864",0.524252728401542,0.299558209376594,0.173977911906467,0.00221115031539663,1
"19866",0.0166534587838876,0.983291307300683,1.26927692555739e-05,4.2541146173842e-05,2
"19868",0.000270297763937935,4.21310638671736e-05,0.000132765256832882,0.999554805915362,4
"19870",0.989935319557698,0.00077236559603089,0.00928246436562753,9.85048064401177e-06,1
"19873",0.961408118440389,0.035770461731108,0.0028002614564045,2.11583720988204e-05,1
"19875",0.00726629101551294,0.99218244423011,5.43499359215444e-07,0.00055072125501832,2
"19877",0.986431578165475,0.00794653490874734,0.0055404002660091,8.14866597682376e-05,1
"19879",0.645581822300206,0.342699702685054,0.00956694469437769,0.00215153032036258,1
"19881",0.98265080190783,0.0137173787401095,0.00360851653009147,2.33028219684676e-05,1
"19883",0.994160612048436,0.00531572352443938,0.000520112739814436,3.55168730987617e-06,1
"19899",0.598217180602821,0.392623676346035,0.000146605638793013,0.009012537412351,1
"19908",0.132113390470812,0.633699434815702,0.0431960525551429,0.190991122158343,2
"19910",0.634748843905619,0.363949313445377,0.00116165643617543,0.000140186212828375,1
"19912",0.994969436063101,8.42998410312866e-05,0.00494275112896605,3.51296690167098e-06,1
"19914",0.729002824435728,0.260996117237453,0.0022867595915838,0.0077142987352357,1
"19916",0.00353210293662616,0.994026209961319,0.00224732390119011,0.000194363200864309,2
"19918",0.825410916978774,0.00092070584247213,0.173667204003753,1.17317500149345e-06,1
"19920",0.129856955495834,9.89568389408607e-05,0.870043001140362,1.08652486270742e-06,3
"19922",0.282652957135564,0.0289290404371306,0.000107842636455716,0.688310159790849,4
"19924",0.931926071572179,0.0175576193143057,0.0504782825456816,3.80265678335836e-05,1
"19926",0.465207508950817,0.515386393879677,8.9039975488679e-06,0.0193971931719573,2
"19928",0.500312646192463,0.00763223179809201,0.491020763662778,0.00103435834666752,1
"19930",0.997240064561063,0.00196210124837445,0.000763201847967317,3.46323425948966e-05,1
"19932",0.994090790322847,0.000160192010284491,0.00572036308631014,2.86545805586692e-05,1
"19934",0.0359169564806567,0.96119245294601,0.000207482346960106,0.00268310822637346,2
"19936",0.977977560165946,0.0203352905603617,0.000548361153479034,0.00113878812021276,1
"19938",0.00108170568354834,0.995641364664289,9.63912061468809e-05,0.00318053844601556,2
"19940",0.915310317320079,0.0824869160002483,0.00218293674990371,1.98299297691641e-05,1
"19942",0.936325217756244,0.0257750852129444,0.037758734948149,0.000140962082662278,1
"19944",0.307894879034345,0.691828999085006,0.00014298633858611,0.000133135542063454,2
"19946",0.826129544823202,0.142598721244448,0.0310828959002336,0.000188838032117456,1
"19948",0.926648532501472,0.0091569527914208,0.0641767146005032,1.78001066042944e-05,1
"19950",0.00325086069448366,4.4729558858471e-06,0.996743373120229,1.29322940174003e-06,3
"19952",0.926648532501472,0.0091569527914208,0.0641767146005032,1.78001066042944e-05,1
"19954",0.996451699715147,0.000494266592016535,0.00304124598127508,1.27877115609559e-05,1
"19956",0.33526280532341,5.40741838169136e-05,0.664312731012329,0.00037038948044412,3
"19958",0.00388140251948858,0.000392471168512574,0.00155301869296946,0.994173107619029,4
"19962",0.585207403874248,0.234549759137757,0.176041677012073,0.00420115997592226,1
"19964",0.90962627583005,0.0557774528043138,0.0345428664015314,5.3404964105025e-05,1
"19966",0.00096903492999647,0.998914619128542,4.61727117698454e-07,0.000115884214343556,2
"19969",0.998535428565988,0.00101485652722089,0.000443064417356545,6.65048943461174e-06,1
"19972",0.84627757844072,0.00127593886106787,0.15243947277156,7.00992665121346e-06,1
"19974",0.0746810264313585,2.74478478500329e-06,0.925316143287476,8.54963801317816e-08,3
"19976",0.901500208170374,0.026184596651914,0.0722619575225224,5.32376551897564e-05,1
"19978",0.303915437796602,0.694401148820577,0.00166436885223063,1.90445305904685e-05,2
"19980",0.668362086645309,5.51446155889327e-05,0.331574962318382,7.80642072028193e-06,1
"19982",0.171858082656899,0.000679010576244046,0.827354438424446,0.00010846834241122,3
"19984",0.00112616142614176,5.8425594557928e-05,0.998814675998368,7.36980932389883e-07,3
"19986",2.29419732606909e-05,0.999530437707683,3.35601686494765e-08,0.000446586758887832,2
"19988",2.30521412928156e-06,0.999278082548039,1.93189955854434e-08,0.000719592918835938,2
"19992",2.24363783257881e-05,0.999229814164025,6.46314358555938e-07,0.000747103143290338,2
"19994",0.997286783745612,0.00241603842170671,0.000197691171347195,9.94866613341452e-05,1
"19996",3.64747559597308e-05,0.999856442813091,5.55790644647913e-07,0.000106526640304878,2
"19998",0.861054839284649,0.104378149048137,0.0341198681068652,0.00044714356034797,1
"20000",0.978320675568452,0.000275792150851489,0.00131763399368811,0.0200858982870089,1
"20003",0.98976529394455,0.0099137003012561,1.47131247160036e-05,0.000306292629477718,1
"20005",0.905258326705939,3.13942769584536e-05,0.0947090921989184,1.18681818400974e-06,1
"20007",0.315057175995228,0.679099282895994,0.00172424914423104,0.00411929196454781,2
"20009",0.00173828766443309,0.996649515007399,0.000686706342785585,0.00092549098538272,2
"20011",0.967941027722356,0.00703901750839395,0.0250010024249265,1.89523443239276e-05,1
"20013",0.87397498647932,0.00193766010019425,0.124021121189249,6.62322312368093e-05,1
"20016",6.9482957944887e-05,0.994372798147682,2.02639259694947e-05,0.00553745496840335,2
"20018",2.82644410195672e-07,0.0204811399749565,1.91467998943609e-08,0.979518558233833,4
"20021",0.0199487987176633,0.979468351798118,1.00437807668363e-06,0.000581845106141664,2
"20023",0.079753214437804,0.918100208337134,0.000207344035487272,0.00193923318957463,2
"20025",0.000121640986491256,0.607462752219245,6.09032149430331e-07,0.392414997762114,2
"20027",0.999474574171287,0.000346501913225189,0.000170585745338784,8.33817014930893e-06,1
"20029",0.967091994256513,0.000116533637920201,0.0327908922637734,5.79841793426147e-07,1
"20032",0.999526200426234,0.000333549122649022,0.000122269136863664,1.79813142533395e-05,1
"20034",0.98248309060322,0.0119259738568027,0.00555823080503451,3.27047349421652e-05,1
"20036",0.744951275989994,0.0604347927903403,0.19206838352298,0.00254554769668524,1
"20038",0.000969722961571189,0.992287747733331,2.56157206431826e-08,0.0067425036893777,2
"20040",4.3550936970759e-05,0.986310392015787,2.15943782074037e-05,0.013624462669035,2
"20043",0.00425276586455589,0.994726977930859,2.25814569215037e-06,0.00101799805889366,2
"20045",2.33521633400088e-06,0.992692239643136,4.18602659308214e-07,0.00730500653787062,2
"20048",0.000151751441520921,1.98018622767064e-06,0.999845461176053,8.07196198622156e-07,3
"20051",0.505494499981184,0.454413295342138,0.0125311293396545,0.0275610753370239,1
"20053",0.0203148708306638,0.979053601808547,0.000482711237592096,0.000148816123197565,2
"20055",0.0815190133551558,0.799103647745383,5.89901448246251e-07,0.119376748998013,2
"20057",0.000346245916726123,4.1047126388139e-06,0.00243450041819508,0.99721514895244,4
"20059",0.0207519785908198,0.975471918884066,9.03175787761783e-05,0.00368578494633775,2
"20061",0.134017897003289,0.864951189334382,0.000401796254691809,0.000629117407637378,2
"20063",0.000160495891230023,0.0211661067739125,0.977840292337987,0.000833104996870564,3
"20065",2.74151646988933e-05,0.192568894923201,1.51908885029436e-09,0.807403688393011,4
"20067",0.000435326581566849,0.987002185845463,0.000247922168207965,0.0123145654047618,2
"20069",0.429456058052658,7.71751374470075e-05,0.570453858788254,1.29080216413653e-05,3
"20071",0.607079693253823,0.382787833430134,0.0036926314411398,0.00643984187490296,1
"20073",0.107617798781538,0.00148895526506911,0.890890104845472,3.14110792091084e-06,3
"20075",0.000370887672865457,2.71674044200279e-05,2.91693993934522e-06,0.999599027982775,4
"20077",0.018129928706843,0.981016346189014,0.000694896248960475,0.000158828855183001,2
"20079",0.0865892490158303,0.237310783151689,0.673423635132767,0.00267633269971316,3
"20081",0.00754849122910382,0.856623154560467,1.40959308714171e-05,0.135814258279557,2
"20083",0.0278675443790203,0.00895292973509566,0.961626020360321,0.00155350552556357,3
"20085",3.77712420323118e-06,0.997105975008644,5.39997142846149e-09,0.00289024246718126,2
"20088",0.000723701463509631,0.998086679228507,4.90830640327859e-07,0.00118912847734319,2
"20091",0.000155330938096947,0.00376421885125113,5.62853667400807e-06,0.996074821673978,4
"20095",0.0253925953488887,0.0662560586926119,0.907957289562376,0.000394056396123033,3
"20097",6.09544270744593e-06,0.98906072074163,6.62377989674393e-09,0.0109331771918824,2
"20099",0.00922993409923505,0.9760769855014,0.0146855990312852,7.4813680795262e-06,2
"20102",0.00442311135514677,0.00454305586187776,0.849605237959532,0.141428594823443,3
"20105",0.0062726181490856,0.9924619863172,0.000782924750674593,0.000482470783039885,2
"20107",0.00102637790665646,0.99879013946306,1.77522514999221e-06,0.000181707405134067,2
"20109",0.0376031554930724,0.661865572923313,0.300495851760996,3.54198226178333e-05,2
"20111",0.373580650419058,0.000352314078902964,0.0223995638889372,0.603667471613102,4
"20113",0.0402308620621598,0.9594459986021,8.30289183539024e-06,0.000314836443904726,2
"20115",0.997309403383149,0.000253519801963131,0.00193622960056796,0.000500847214319739,1
"20117",0.0102301687921776,0.25765700293531,7.07827089764183e-05,0.732042045563536,4
"20119",0.00131640393064139,0.998625299795565,3.13350921565145e-07,5.79829228717535e-05,2
"20121",0.000187121571933978,0.999359569749318,9.23183941813124e-08,0.000453216360354121,2
"20123",5.45066658089645e-05,0.00254279288551183,4.63621569758393e-08,0.997402654086522,4
"20125",0.87004882108504,0.000572153394878553,0.129305878597479,7.31469226032791e-05,1
"20127",2.81761016641071e-05,0.999597252037098,5.41847340084781e-06,0.000369153387837187,2
"20140",0.216030148312876,0.435133306455751,7.84613462322933e-06,0.34882869909675,2
"20142",0.00935167162212553,8.03163316687846e-06,0.990637082301155,3.2144435529025e-06,3
"20144",0.973694121199202,0.000336059003618353,0.0129319056542858,0.013037914142894,1
"20146",0.592884237936667,0.0128783892256431,0.38817366594913,0.00606370688855988,1
"20148",0.985172482349092,0.0140357442335772,0.000570372945944948,0.000221400471385447,1
"20150",0.398047584943344,9.49252658145448e-06,0.601942326280626,5.96249448934057e-07,3
"20152",0.95160794199481,0.047713069367628,0.000404565020213103,0.000274423617349535,1
"20154",2.89833588226846e-05,0.0506392733958869,1.12629609867012e-05,0.949320480284304,4
"20156",0.154096563558574,0.758711929251178,0.0668922784632657,0.0202992287269827,2
"20159",0.373467621583924,8.09072109321551e-05,0.626426803061173,2.46681439708436e-05,3
"20161",0.0186168159023972,0.00139295130514415,0.979860149503993,0.000130083288465535,3
"20163",0.946558526501796,0.0518767528935691,3.36526461958849e-05,0.00153106795843895,1
"20165",0.00188142153797259,0.0185625952562058,0.979495130992786,6.0852213035798e-05,3
"20167",0.973470188455479,0.00901341411187289,0.017493497397823,2.29000348253892e-05,1
"20169",0.000565387296590972,2.42396334477405e-06,0.999431154105243,1.03463482168353e-06,3
"20171",2.46416498617335e-06,0.0134493212888923,1.16692448443273e-05,0.986536545301277,4
"20173",0.0093843893192232,0.146572018655157,0.843989967255978,5.36247696417849e-05,3
"20175",0.980640914920739,0.0029386824736262,0.0163751578642569,4.52447413777658e-05,1
"20177",0.0245798144665406,0.973771671928328,0.00162147925920088,2.70343459302838e-05,2
"20180",0.000183991276345098,0.997300383120102,1.74971821840316e-09,0.00251562385383445,2
"20182",0.000435396876403574,1.47224159869614e-07,0.99952820047676,3.62554226763427e-05,3
"20184",0.0617186738846422,0.000398021228035071,0.937874584146262,8.72074106042074e-06,3
"20187",0.450923704557235,0.324496201930896,0.224509083057052,7.1010454816543e-05,1
"20189",0.112276683012395,0.887648731085507,6.07916842868008e-05,1.37942178113065e-05,2
"20192",0.0149781107076358,0.853074243031833,3.07150182501936e-05,0.131916931242281,2
"20194",0.148470297935463,0.000299887770912021,0.85122213982886,7.67446476461029e-06,3
"20196",0.000240033464216396,0.850642936606812,8.23710806490874e-07,0.149116206218165,2
"20198",0.663437294092835,0.327698560740593,0.00148948164383295,0.00737466352273837,1
"20204",0.442648498939723,9.90687203724576e-05,0.557218580243876,3.38520960286817e-05,3
"20207",0.000352324455653715,0.916915327959551,4.88411655260464e-05,0.0826835064192692,2
"20209",0.951494873437603,0.000973488442907037,2.95748759743898e-05,0.0475020632435161,1
"20211",7.71062234847553e-05,0.00193253538416928,2.18017577203749e-07,0.997990140374769,4
"20215",0.0236669760318132,0.97489468876761,8.94201919440621e-05,0.00134891500863274,2
"20218",0.024665860608229,1.28386306098944e-05,0.975318110315807,3.19044535415269e-06,3
"20222",0.00847387464775562,0.926442453063526,0.000141288720393272,0.0649423835683246,2
"20225",0.957405040920029,0.000500002981675846,0.0409591862853903,0.00113576981290531,1
"20229",0.810423872029884,0.0604822213799307,0.00215613173972752,0.126937774850458,1
"20232",0.117437311619833,0.85987654316137,6.30994155844997e-05,0.0226230458032119,2
"20234",3.93876879743845e-06,0.900659630272049,1.60788566153557e-08,0.099336414880297,2
"20238",0.000817950398836266,0.997417496181346,2.2433898271757e-05,0.00174211952154604,2
"20253",0.000472624056095753,0.998690313436202,4.57720220084569e-06,0.000832485305501049,2
"20255",0.997392705306891,0.000881069929651323,0.000770072248241787,0.000956152515216266,1
"20258",0.000368414514770387,0.999545532911459,3.26706248098883e-07,8.57258675222733e-05,2
"20269",0.0384842568571327,0.910961848835204,0.0503908436418082,0.00016305066585493,2
"20271",0.00160339832040773,0.99836784664741,2.1083779436001e-06,2.66466542383128e-05,2
"20285",0.89786850447591,0.0646481434772228,0.0373165528543873,0.000166799192480434,1
"20288",0.029409522819762,0.967653563279457,0.000191620142410784,0.00274529375837059,2
"20291",0.000435703208399106,0.772549801851693,6.86880171281765e-06,0.227007626138195,2
"20295",0.151896370326519,0.804154418707185,0.0436708565526596,0.000278354413636723,2
"20298",0.991769898040216,9.31242159462856e-05,0.00812596834378652,1.10094000512621e-05,1
"20302",0.342257566015148,0.00181668912600469,0.655912028293928,1.37165649192486e-05,3
"20305",0.998065804192039,5.6962773683831e-05,0.00187362348956684,3.60954470985021e-06,1
"20307",5.02705824262725e-05,0.999431177600994,1.23075830031403e-07,0.000518428740749684,2
"20310",3.10820956613462e-06,0.997891218069441,1.60025205015067e-07,0.00210551369578838,2
"20313",0.00127843808414746,5.70431233931396e-07,0.998720911441521,8.00430972389693e-08,3
"20315",0.0014341096482188,0.998425071012266,2.04268774934435e-06,0.000138776651765977,2
"20319",0.000422122983368783,0.460998883965295,5.21297323129817e-07,0.538578471754013,4
"20321",0.000198062427129549,0.999682913344052,1.77936809675942e-05,0.000101230547850766,2
"20327",0.000166047594182456,0.999818164000866,1.11049156796252e-06,1.46779133841072e-05,2
"20329",0.657206441693788,0.00205250615318604,0.340737504924947,3.54722807845639e-06,1
"20335",3.47390455226219e-05,0.899154151490487,2.4234221313609e-06,0.100808686041859,2
"20337",0.693872066860583,0.000134655110069746,0.305964863135925,2.84148934222188e-05,1
"20339",0.022095652787785,0.0131405430182199,1.27591933935699e-05,0.964751045000602,4
"20341",7.56808821839125e-05,0.0377690099922549,0.000458772130433358,0.961696536995128,4
"20343",4.08572684038794e-05,0.990911836326781,0.000116171691441019,0.00893113471337429,2
"20345",0.994783270702938,0.00513652092015262,2.7907508460979e-05,5.23008684480375e-05,1
"20350",0.19162851162808,0.48274726758754,0.0384509974849393,0.287173223299441,2
"20352",0.00101041161561559,9.35370516850183e-06,0.998979127929409,1.10674980736782e-06,3
"20355",0.0459587298407594,0.00720705261771031,0.946391062733178,0.000443154808352094,3
"20358",0.612834769507371,0.000327938899886942,0.386836070450995,1.22114174782628e-06,1
"20363",0.000608463459456569,0.999281387688521,1.22994184310939e-05,9.78494335918535e-05,2
"20365",0.0357327190824385,0.470718648888743,4.75420520505126e-06,0.493543877823613,4
"20379",0.995363272758867,0.000807657066399869,0.00272292993511218,0.0011061402396205,1
"20387",0.000906476091133893,0.997438992954428,7.16264446882368e-07,0.00165381468999065,2
"20392",3.66801042045932e-05,0.00450834285843722,2.66903303084101e-08,0.995454950347028,4
"20395",0.968471546433242,0.0290643941676878,0.00193052134874446,0.000533538050325685,1
"20397",0.014913913491024,2.00404137625488e-05,0.985065228363796,8.17731417502049e-07,3
"20410",0.0190852244992406,0.980260394779222,2.16966465305573e-07,0.000654163755071874,2
"20414",0.663633169986838,0.00209456024723159,0.334252184174421,2.00855915100476e-05,1
"20417",2.10754340372566e-06,0.147844737611398,1.18749503696224e-07,0.852153036095695,4
"20419",8.78700399081501e-05,0.999905204415759,4.17882567825914e-06,2.74671865424985e-06,2
"20421",0.304393723986507,0.00858743220230316,0.655798584536108,0.031220259275082,3
"20423",0.594066254933578,0.00066296897438255,0.404966449355533,0.000304326736506147,1
"20425",0.406035931240247,0.00172549381806571,0.591204401861478,0.00103417308020879,3
"20427",0.93389343556117,0.0654204646898215,0.000619253971903566,6.68457771049434e-05,1
"20429",0.000415766422206589,0.995232566876769,0.000387480403213716,0.00396418629781021,2
"20432",0.178678051225226,0.000102674984967299,0.821218201384569,1.07240523766731e-06,3
"20435",0.192171137553742,0.783390741424829,2.73472941346849e-05,0.0244107737272941,2
"20438",0.00084828821695481,0.998586462959444,0.000540738076740417,2.4510746860372e-05,2
"20440",0.000359859887522526,0.999559995066165,4.34389764808793e-05,3.67060698315806e-05,2
"20443",0.00330274136265892,0.000549975728388267,0.996066460084832,8.08228241210458e-05,3
"20446",0.450981274188864,0.5414577152686,0.0058615355766702,0.0016994749658656,2
"20449",0.196283890421316,0.789672459510506,4.87334848768055e-05,0.0139949165833012,2
"20537",0.00847028990267874,0.734623527860289,0.000247666454036728,0.256658515782995,2
"20540",2.41406689818118e-05,0.013360261774557,2.57296984673692e-08,0.986615571826763,4
"20543",0.73060369400386,0.26272985594982,0.00549445019484082,0.00117199985147859,1
"20545",5.26198918530379e-05,0.00193477572135507,6.24543397257883e-07,0.998011979843395,4
"20549",0.875689878845076,0.095677789088366,0.0203261527796105,0.00830617928694746,1
"20551",0.0203131322425431,0.977627655739032,0.00014777088566218,0.00191144113276256,2
"20554",0.006544406745411,0.993282325481689,2.6493577811682e-05,0.000146774195088064,2
"20556",0.55265883384581,0.285312238938458,0.00197985934698278,0.160049067868749,1
"20558",0.000129020389222724,0.999660438741285,6.78188699345565e-07,0.000209862680792766,2
"20560",0.0179630290860916,0.978323163874775,0.003596064477873,0.000117742561259757,2
"20563",2.38553916542218e-05,0.999680998622739,2.10277719167143e-06,0.000293043208415031,2
"20565",0.0972149129172992,0.879586614728792,0.0216679408892573,0.00153053146465145,2
"20567",0.123309178905637,0.00017691080295624,0.876509070482934,4.83980847208715e-06,3
"20571",0.00270535378251626,0.973924522272033,9.98142444037505e-05,0.0232703097010473,2
"20573",0.0380180751725963,0.956394567272647,0.00066575514554437,0.00492160240921259,2
"20575",5.87175926539423e-05,0.999814611324925,5.74218729953614e-07,0.000126096863691199,2
"20577",0.864232521031383,0.133273880509081,0.000205362280025475,0.00228823617951035,1
"20579",0.00304028987644032,3.65740959905351e-06,0.996956012793085,3.99208758590265e-08,3
"20582",2.59697465223543e-05,0.999837566162461,1.33521515516496e-07,0.000136330569500938,2
"20585",0.015087399925631,0.119719015323844,2.85923392229633e-06,0.865190725516603,4
"20588",0.010820354324387,0.0126154463512848,0.000237801088046917,0.976326398236281,4
"20590",0.00720787624574981,1.28711680864802e-06,0.992790809067851,2.75695906849775e-08,3
"20592",1.18995680516755e-05,0.999889806302626,2.35308422122519e-06,9.59410451003582e-05,2
"20594",5.36040843387588e-05,0.999602639083438,3.46995558783813e-08,0.000343722132667521,2
"20596",0.0174050827478051,0.981518833112281,0.0010674134275499,8.67071236351362e-06,2
"20598",0.0136689149107331,0.986174346099415,1.34533573934847e-05,0.000143285632458655,2
"20600",0.161255116683094,0.111722470742805,0.00139769476231381,0.725624717811786,4
"20603",0.988161160921025,0.00135081143008104,0.00564962051860429,0.00483840713028928,1
"20605",0.000820160496013022,0.998697705209809,1.05199306088413e-07,0.000482029094872198,2
"20607",0.00269033947834194,0.997290948537596,1.76826366742859e-06,1.69437203949102e-05,2
"20609",0.0237748230281011,0.975989891243807,6.9182485893542e-05,0.000166103242198633,2
"20611",0.999285317288836,6.42975825392807e-05,0.000646964568343786,3.42056028129654e-06,1
"20613",0.56823867479439,0.42822003528853,2.95643372011483e-05,0.00351172557987797,1
"20615",0.540576421544863,0.37838235382507,0.00297196102642381,0.0780692636036435,1
"20617",0.00402435301295956,4.6592453504298e-06,0.995969582942007,1.40479968351164e-06,3
"20619",5.38801755470912e-05,0.999894849399878,7.21622434150539e-06,4.40542002330024e-05,2
"20621",0.0209820748944381,0.978513801035234,6.16746375033029e-05,0.000442449432824529,2
"20623",0.0148400039931951,0.00280820467533018,0.982351171342015,6.19989459492745e-07,3
"20625",0.900623686934149,0.00288994669957579,0.051019596799312,0.0454667695669628,1
"20627",0.251328489920944,0.74811016015273,1.14785117699938e-05,0.00054987141455653,2
"20629",0.164753418985539,0.830889755406333,0.000937902455136376,0.00341892315299159,2
"20631",2.80904046242188e-05,0.999805411511269,1.31105880275846e-05,0.000153387496079307,2
"20633",0.000741644722917578,3.21168311204518e-07,0.999257999452292,3.46564795320277e-08,3
"20636",0.961890202210612,0.00118881814962701,0.0369104469615351,1.05326782253402e-05,1
"20638",0.778240076010637,0.157975539481091,0.000355395186687719,0.0634289893215844,1
"20640",0.00452993733270752,0.928028695315307,6.00544587587791e-08,0.067441307297527,2
"20645",6.74328383937592e-06,0.996019260738376,9.20111554749228e-09,0.00397398677666899,2
"20647",0.000160938607957103,2.11493443951903e-06,0.999836012977795,9.33479808405846e-07,3
"20649",0.0221575444358943,0.966700940208054,2.05166361955754e-05,0.0111209987198563,2
"20651",2.40826808390889e-05,0.997071079734395,2.3505255264985e-05,0.00288133232950038,2
"20656",0.00210208801510124,0.964005414391999,8.3571955855427e-06,0.0338841403973137,2
"20660",0.0154328945219724,0.0795765850398922,1.19214481084249e-05,0.904978598990027,4
"20662",0.0873533076877562,0.000517863248900787,0.912124765387401,4.06367594227261e-06,3
"20664",0.0200979975113032,0.854205635261062,0.125658698502404,3.76687252305051e-05,2
"20666",0.934521366266229,0.00109782823329148,0.000190301548411294,0.0641905039520679,1
"20668",0.521854823650493,0.00017994265707601,0.477963383089353,1.85060307850397e-06,1
"20670",0.00223450997428519,0.997397278674013,1.44470927349306e-05,0.000353764258967304,2
"20672",0.524658618826256,0.000148933414071922,0.475126195115614,6.625264405893e-05,1
"20674",0.0962638347971747,0.903283011817994,0.000262913820003399,0.000190239564827884,2
"20676",0.918757537397779,1.83684489663593e-05,0.0812200220795223,4.07207373235356e-06,1
"20678",0.471202918213692,1.69265444735061e-05,0.528779654006782,5.01235052446598e-07,3
"20680",0.680293646120285,0.00335116113766719,0.316275140515116,8.00522269322332e-05,1
"20682",0.994970126029078,0.00349349108120113,0.00152755007296271,8.83281675853577e-06,1
"20684",0.168265975690921,0.827677587718797,5.96688994386482e-05,0.00399676769084367,2
"20686",0.0257901735966024,1.88682437330692e-05,0.97418744874159,3.50941807411645e-06,3
"20688",0.043159068640686,8.17873853926109e-06,0.956832569325313,1.83295462203424e-07,3
"20690",0.00282985253185241,0.0565565850742641,3.31542365991445e-07,0.940613230851517,4
"20692",0.00195971665669982,4.29636010452678e-07,0.998039831109029,2.25982606782703e-08,3
"20694",0.974480096013116,5.2658458357395e-05,0.0254628045440283,4.44098449822157e-06,1
"20696",0.989285413196207,0.00114562024517765,0.00953126418400297,3.77023746128748e-05,1
"20698",0.0764057785726486,0.905683421994886,0.00884520129989994,0.00906559813256587,2
"20700",0.00215169236176983,0.993435471448345,0.00396926463858262,0.000443571551302233,2
"20702",0.000287581868024834,0.147229522569988,1.42703725795534e-07,0.852482752858262,4
"20704",0.187799190910792,0.81165156023629,8.33796457651784e-05,0.000465869207152814,2
"20706",0.744760852986546,0.227413523997956,0.0227210754402344,0.0051045475752637,1
"20708",0.988310309663663,0.000128005118652141,0.0115600888321703,1.59638551401319e-06,1
"20710",0.0492032201048626,0.597037762730641,3.45150339987106e-06,0.353755565661097,2
"20714",0.0170316400942906,5.60747679454321e-05,0.98291212031233,1.64825434149281e-07,3
"20716",0.0112909836667294,0.988568979336691,1.52026858589189e-06,0.000138516727994031,2
"20719",0.444930208557536,0.554107436801747,0.000557495664664163,0.000404858976052264,2
"20721",1.3788046363309e-05,0.999874894499102,2.92072442184252e-06,0.000108396730113108,2
"20723",0.215572746003614,0.776304423674167,0.0023933775219048,0.00572945280031429,2
"20725",0.996346188244055,0.00316883660592798,0.000246131418046986,0.000238843731970261,1
"20727",0.0085179719086273,9.24877949600004e-06,0.991281762702452,0.000191016609424958,3
"20729",0.999446051293572,7.51650625399534e-05,0.000474113075295823,4.67056859233761e-06,1
"20731",0.998946568568954,0.000836285456491514,3.90494782764856e-05,0.000178096496277844,1
"20733",0.13449444508728,0.861618107885769,2.97722021444762e-05,0.00385767482480597,2
"20735",0.587088289832147,0.396840400133341,1.99184011378729e-05,0.0160513916333736,1
"20737",0.931787612700519,7.1078115241357e-05,0.0681407168306202,5.92353619708718e-07,1
"20739",0.00101875451406579,5.48009568862654e-07,0.998980576968644,1.20507721341978e-07,3
"20741",0.943528745295551,0.0122486227003897,0.0440847769767899,0.000137855027269504,1
"20743",0.993281876119564,0.006066889185674,0.000589588206849239,6.16464879127242e-05,1
"20745",0.000200113780998573,0.999462625500686,5.85763133492934e-06,0.000331403086980961,2
"20747",0.999519952396374,8.44307583215203e-05,0.000390248575796582,5.36826950812168e-06,1
"20749",0.999064648346871,4.19668673513713e-05,0.000886953539207657,6.4312465695548e-06,1
"20751",0.995747615449975,6.10187115893195e-05,0.00093156869309089,0.0032597971453449,1
"20753",0.99940763038265,0.000151716084594598,0.000434168820920009,6.48471183518746e-06,1
"20755",0.915137210867496,0.000525765994219951,0.0843312081878873,5.81495039681082e-06,1
"20757",0.211773836921323,0.198366905821113,0.589824498637607,3.47586199571447e-05,3
"20759",0.000278782738794617,0.999373437986693,0.000314331589865169,3.34476846469656e-05,2
"20761",0.961151001012171,0.0361103924661824,0.00260988506730738,0.00012872145433917,1
"20763",0.899774850255069,0.0892610979185741,0.00967117790339418,0.00129287392296292,1
"20765",0.989276527058386,0.00478388277232174,0.00582474984324703,0.000114840326045225,1
"20767",0.0648521672359809,0.934782274523653,7.32617034338972e-06,0.000358232070022786,2
"20769",0.0668563682643975,0.345102465819488,4.1842466422527e-07,0.58804074749145,4
"20771",0.687199543768681,0.0983937204298614,0.214393440051236,1.32957502214146e-05,1
"20773",0.904064354798407,0.0532675832387874,0.042196621151654,0.000471440811151915,1
"20775",0.997056824837751,0.00254077462571192,0.000153352070382547,0.000249048466154583,1
"20777",0.634632414195793,0.0382547052755219,0.000864229039338119,0.326248651489348,1
"20779",0.998446836765364,0.00141544774847911,5.06128859327e-05,8.71026002246303e-05,1
"20781",0.0100898869869025,3.03101105908827e-05,0.0316444679437331,0.958235334958773,4
"20783",0.971117550689971,0.0241485338328186,0.00471295253640495,2.09629408056439e-05,1
"20785",0.173040218556295,0.00131645464818818,0.825613341966486,2.99848290309308e-05,3
"20787",0.973902241488767,0.000368274810566469,0.0257289266658251,5.57034841112727e-07,1
"20789",0.651509785260714,0.347499469715939,2.9013734142263e-05,0.000961731289205021,1
"20791",0.927536883130183,2.2325106193799e-05,0.0724388543618413,1.93740178164168e-06,1
"20793",0.709394512360695,0.289897846845715,1.37251042369266e-05,0.000693915689352629,1
"20795",0.805000336317266,0.000360347546663362,0.194634597298147,4.71883792428335e-06,1
"20797",0.00213650090402851,2.05539310953835e-06,0.99284366003306,0.00501778366980209,3
"20800",0.995754927559569,0.00024867016774678,0.00394298006095973,5.34222117250536e-05,1
"20802",0.98550256190504,0.0117182003746705,0.00268533390110471,9.39038191847353e-05,1
"20804",0.993714786126401,4.65256221595616e-05,0.00623782611361734,8.62137822025462e-07,1
"20806",0.707811157923541,1.78541225370143e-05,0.292169593141928,1.39481199415193e-06,1
"20808",0.0225799318745565,0.977353698876956,6.57243390936072e-07,6.57120050964902e-05,2
"20810",0.543178559712143,0.00140994392891014,0.455381173292188,3.03230667592276e-05,1
"20812",0.97399450512705,0.00840103194156355,0.00799452740495697,0.00960993552642967,1
"20814",0.41642173117953,1.09879046684848e-05,0.583566962479347,3.18436454112267e-07,3
"20816",0.0748793013945311,0.915946405581154,1.4727781495321e-05,0.00915956524281972,2
"20818",0.983143705193519,0.0118062742758693,0.00485546746123181,0.00019455306938012,1
"20820",0.000368791006449951,9.72364253067226e-07,0.999629849106439,3.87522857884896e-07,3
"20822",0.990962672383272,0.00691701972198408,0.002087035633548,3.32722611955205e-05,1
"20824",0.338464687593209,0.0014795080979849,0.66000995910244,4.58452063658212e-05,3
"20826",0.00721254205706997,6.32192289896486e-06,0.992779431133884,1.70488614733036e-06,3
"20828",0.000151751441520921,1.98018622767064e-06,0.999845461176053,8.07196198622156e-07,3
"20830",0.999039240434508,7.12053675353046e-05,0.00088078335992842,8.77083802823515e-06,1
"20832",0.554757372993681,0.39952039136422,0.0454144256599683,0.000307809982130097,1
"20834",0.038308037153076,0.96027664648999,3.22290318554437e-06,0.00141209345374853,2
"20836",0.999209622413776,0.0006764720470747,7.69228569483249e-05,3.69826822006811e-05,1
"20838",0.927114990122073,1.84612134695694e-05,0.0728657489223316,7.99742126134428e-07,1
"20840",0.135350383590432,0.864029793357991,0.000204234747398253,0.000415588304178757,2
"20842",0.999167921550853,0.000515765587350632,0.000301311054818403,1.50018069778613e-05,1
"20844",0.964321967494927,0.0324968125144925,0.00317300391969406,8.21607088618197e-06,1
"20846",0.26343327774665,0.0139655656475326,0.722536088710435,6.5067895382821e-05,3
"20848",0.826196202667849,0.171719184032877,0.0012501110345323,0.00083450226474113,1
"20850",0.0269876520181386,0.966519434534858,0.00644340663081284,4.9506816190281e-05,2
"20852",0.0137212642235086,0.948308988611717,0.0370703795645327,0.000899367600241771,2
"20854",0.0864197501067395,2.98836435676969e-05,0.913543411255099,6.95499459402524e-06,3
"20856",0.025646352777478,0.0162371547230175,2.98805354798628e-05,0.958086611964025,4
"20858",0.00106209765060094,0.998167983232018,1.69790476577153e-05,0.000752940069722988,2
"20860",0.987434687560891,0.0124149001061386,5.56981248335774e-05,9.47142081363115e-05,1
"20862",0.000402878048604039,0.999569774725971,1.42057627483657e-07,2.7205167797343e-05,2
"20864",0.00680593559366817,4.92760769230065e-05,0.993128375939879,1.64123895297688e-05,3
"20866",1.82376617337689e-06,0.999038512510572,5.36465901033548e-08,0.000959610076664289,2
"20868",0.0102830273689716,0.987455523169049,0.000121692725605788,0.00213975673637415,2
"20870",0.967691321354134,0.0269923472739236,0.0042974784409319,0.00101885293101009,1
"20872",0.993178575774692,0.000706665863421983,0.00608643778216579,2.83205797206253e-05,1
"20874",0.00127493200711998,6.84452446034888e-07,0.99872434999239,3.35480437411225e-08,3
"20877",0.0137081498994764,0.972027073755437,9.57325314459874e-07,0.0142638190197718,2
"20879",0.000562490512434674,0.997540035476093,4.37864706872027e-08,0.00189743022500222,2
"20881",0.996083159084772,0.000117972782702547,0.00378531737485095,1.35507576740728e-05,1
"20883",0.965293606230214,6.96590893541998e-05,0.0344642044892754,0.000172530191156552,1
"20885",0.997644530711192,0.000293526886003004,0.0019975230655538,6.44193372516557e-05,1
"20887",0.589012909532505,0.407128327052521,1.03146925953945e-05,0.00384844872237836,1
"20889",0.997381217834256,0.00170002303786103,0.000217699295916812,0.000701059831965774,1
"20891",0.000272733892283421,0.997205206428234,1.46092087571342e-07,0.00252191358739465,2
"20896",0.291225325504179,0.642107116669971,2.85359295805823e-05,0.0666390218962699,2
"20898",0.993438725945665,0.00638255929138303,0.000109966760775788,6.87480021761236e-05,1
"20900",0.205647338867293,1.87261039276652e-05,0.659434603950596,0.134899331078183,3
"20902",0.0467352102012715,0.14697977189497,2.11160300692261e-07,0.806284806743458,4
"20904",0.00668801472549192,0.012390030646339,0.980037370198843,0.000884584429325705,3
"20906",0.00917827024300406,0.976524020008175,1.53262469759656e-06,0.0142961771241235,2
"20908",0.670993745044959,0.0274317475937055,0.301466722763805,0.000107784597529772,1
"20910",0.979964780661471,0.00895182452608743,0.0110812904935903,2.10431885096012e-06,1
"20912",0.0439511627622439,4.22547635538609e-05,0.000288907637252486,0.95571767483695,4
"20914",4.14614974149258e-05,0.992252253212834,2.97571332334731e-09,0.00770628231403781,2
"20968",0.0157608711367837,0.000964615695577039,0.982327883395718,0.000946629771920846,3
"20970",0.0273358620350477,0.970746221632712,0.00139280701669648,0.000525109315543762,2
"20981",0.0182547058118114,0.981523529963095,0.000215260693470101,6.5035316235236e-06,2
"20983",0.00765087856224007,7.04593876815624e-07,0.992348359996214,5.68476686915485e-08,3
"20988",0.00232811423000458,0.997407648864614,0.000181654021094748,8.25828842868625e-05,2
"20995",0.0604734110766245,0.169176714647502,0.00464993746537634,0.765699936810497,4
"21017",0.807186803977218,0.140694082579582,0.0520875236354354,3.15898077644296e-05,1
"21038",0.00590161184397009,0.988287199384954,7.03914598321415e-07,0.00581048485647738,2
"21072",0.0230203700696019,0.97261448249104,0.000354571845737905,0.00401057559361992,2
"21075",0.0011313513441458,0.951412000613703,1.75852770759653e-08,0.0474566304568738,2
"21223",0.952991566957883,0.0449440213619175,0.000562466483828057,0.00150194519637105,1
"21225",3.04882212094126e-05,9.44700113340978e-05,7.84546834996595e-08,0.999874963312773,4
"21230",0.00498819596534612,6.61115958053388e-07,0.995011082247156,6.06715397849578e-08,3
"21236",0.993037229608148,0.00411756016200714,0.00281133250455617,3.3877725288477e-05,1
"21238",0.493215981703349,0.0868093529321952,0.000160926027925437,0.419813739336531,1
"21241",0.000580110580706048,0.998029081145729,0.00110764796553857,0.000283160308026155,2
"21246",0.0261742535499961,0.973534366757243,0.000278247179576266,1.31325131844028e-05,2
"21253",0.0437905863880547,2.86155577123982e-05,0.956175550261441,5.24779279165396e-06,3
"21256",0.800317648038106,0.00507571122365946,0.194415450900033,0.000191189838202206,1
"21260",1.3186733069086e-05,0.00510495840977007,1.29894619995649e-06,0.994880555910961,4
"21266",0.0192094547079954,0.980582669801012,1.75381842514608e-05,0.000190337306741662,2
"21332",0.00824942825375389,0.991670056446375,4.98615506143453e-05,3.06537492567001e-05,2
"21334",0.991070489402749,0.00650938219731946,5.97870913619392e-05,0.00236034130856998,1
"21375",0.000161442224036746,0.999495360642301,1.50448356225281e-06,0.000341692650099881,2
"21378",5.89431599500609e-06,0.998021407658466,1.99325877452832e-07,0.00197249869966201,2
"21381",0.000263077202254389,0.991323020542203,1.22922383783775e-05,0.00840161001716465,2
"21389",0.981760450721539,0.000363979787989439,0.0178731402446212,2.42924585015154e-06,1
"21391",0.00791912013845818,0.95779041110688,0.0338913133988732,0.000399155355788849,2
"21402",0.00325299132068278,0.996729478518252,1.40212957360706e-05,3.50886532857397e-06,2
"21404",0.021581889280971,0.687539483223484,4.55777983176497e-07,0.290878171717562,2
"21409",0.0654192905644762,0.90141193841865,3.62154526075288e-06,0.0331651494716128,2
"21413",0.810093260047449,0.162637774616573,3.47680034642855e-06,0.027265488535631,1
"21423",0.000539709313163533,0.997355716221157,1.17360187556137e-06,0.00210340086380388,2
"21425",0.228067119727151,0.750117643366424,5.55002208832368e-06,0.0218096868843371,2
"21430",0.00923996276723275,0.00394535215298322,4.42371506846985e-05,0.986770447929099,4
"21432",0.0537262310116091,0.946159845196697,1.9344148710034e-05,9.45796429839231e-05,2
"21438",0.00089272103314375,0.99793257234403,0.000668417353351008,0.000506289269475363,2
"21440",0.191051151490198,0.806968575030034,9.15965273791341e-05,0.00188867695238816,2
"21443",0.989605693194028,0.000246957059805072,0.0101428650356855,4.48471048125401e-06,1
"21445",0.00069883978054641,0.00056242920201107,4.24008074431541e-06,0.998734490936698,4
"21447",4.9810443782291e-05,0.997881438491395,7.00618505840171e-07,0.00206805044631688,2
"21449",0.000889704955606928,0.999091230983302,1.45992570793852e-05,4.46480401176388e-06,2
"21451",0.000889704955606928,0.999091230983302,1.45992570793852e-05,4.46480401176388e-06,2
"21455",0.000972212534770682,0.999021530862529,1.69362050865544e-06,4.56298219147941e-06,2
"21469",1.01260428851686e-05,0.901123398603354,2.61040206614737e-08,0.0988664492497397,2
"21471",0.00065125838742623,0.795686558217282,5.08140231449598e-07,0.20366167525506,2
"21473",0.472645881255709,0.0587383792703295,0.463065543766403,0.00555019570755827,1
"21476",0.86302142279149,0.129664139283307,0.00047681092455863,0.00683762700064456,1
