"","V1","V2","V3","best$classification"
"19811",0.779030925244216,0.215629252096896,0.00533982265888839,1
"19813",2.66146220973079e-10,0.996858019933123,0.00314197980073103,2
"19815",0.960243116724494,0.0364004896260824,0.00335639364942342,1
"19817",0.826016905302728,0.0118010805471358,0.162182014150136,1
"19819",0.0306101254622342,0.969389874537766,1.71969590209977e-30,2
"19821",0.771749676310029,0.228250321084482,2.60548904597584e-09,1
"19823",0.00255756912619934,0.997440585832335,1.84504146544781e-06,2
"19825",3.07600685550902e-08,0.999999969239932,2.13797921710333e-49,2
"19827",0.537666478840244,0.0845158494255021,0.377817671734254,1
"19829",0.674994051702124,0.325005948297876,8.74637920970945e-19,1
"19831",0.000926516573094157,0.999073483426906,1.41011007003835e-40,2
"19833",1.45663317857831e-29,1,4.42041896379218e-36,2
"19835",0.771749676310029,0.228250321084482,2.60548904597584e-09,1
"19837",0.866417652408465,0.0128877364938831,0.120694611097651,1
"19839",0.0206863992000074,0.979313600799993,4.88927779502731e-34,2
"19841",6.90464022403842e-11,0.999210263951837,0.000789735979116942,2
"19843",4.62365160714922e-05,0.999953763483929,1.15054967394067e-31,2
"19845",1.40060762200626e-06,0.00580953579208346,0.994189063600295,3
"19847",0.828267141052038,0.17173285894796,2.34221691738877e-15,1
"19849",5.93926863496429e-13,0.00694961099747098,0.993050389001935,3
"19851",0.00852660015246842,0.000326101928852831,0.991147297918679,3
"19853",2.67126990234983e-09,0.00199649881548638,0.998003498513244,3
"19855",0.173035636920009,0.319486616419085,0.507477746660906,3
"19857",0.916733898771102,0.0832660462672517,5.49616460589718e-08,1
"19859",0.947513423911418,0.0524865718761831,4.21239929221919e-09,1
"19861",0.00086649847572132,0.00175404612721493,0.997379455397064,3
"19863",3.13816237022593e-17,0.999818940009411,0.000181059990589212,2
"19865",3.8562000792244e-05,0.000828389101431821,0.999133048897776,3
"19867",0.862812346310378,0.12040029749397,0.0167873561956523,1
"19869",7.89979103708717e-11,8.05349573007354e-05,0.999919464963701,3
"19871",0.982613302460877,0.017233767158758,0.000152930380365454,1
"19874",0.282935170098241,0.476427073391612,0.240637756510146,2
"19876",0.000213729769000467,0.000152239689545698,0.999634030541454,3
"19878",0.530576831468012,0.469423168531988,8.30654774513986e-30,1
"19880",1.0834421287556e-08,0.000186466582577449,0.999813522583001,3
"19882",0.00504104532189213,0.994943653248379,1.53014297287502e-05,2
"19885",0.845394617768462,0.0110802212501455,0.143525160981392,1
"19907",0.485547555965906,0.508231035880151,0.00622140815394241,2
"19909",0.955653448755822,0.0443465512441783,2.57959624595293e-18,1
"19911",0.494226981582949,0.505773018417051,5.67108425538202e-29,2
"19913",8.66682256097906e-12,0.00188665007189214,0.998113349919441,3
"19915",0.00131818907962384,0.000186847655334689,0.998494963265042,3
"19917",0.188737384800206,0.81126216699347,4.48206323846137e-07,2
"19919",0.930702455176977,0.0318855425180408,0.0374120023049823,1
"19921",0.0986707374232733,0.00214663989238488,0.899182622684342,3
"19923",0.583260162567575,0.416739837432425,7.20101675923419e-18,1
"19925",0.0375916562465029,0.0230093441142844,0.939398999639213,3
"19927",0.336425804751674,0.00747452063600341,0.656099674612322,3
"19929",1.01180637066503e-17,0.0107637953703198,0.98923620462968,3
"19931",0.569934020949098,0.0137177589890699,0.416348220061832,1
"19933",0.987641242206887,0.0123587565661017,1.22701183805638e-09,1
"19935",0.953168763447838,0.0468306603810488,5.76171113273728e-07,1
"19937",0.0665592330163501,0.00301725382266252,0.930423513160987,3
"19939",0.974095914439558,0.0259027826567088,1.3029037336473e-06,1
"19941",0.0567191098372005,0.943280890162799,2.8499916852974e-24,2
"19943",2.95144636507462e-07,0.000486925544641153,0.999512779310722,3
"19945",0.975310025952443,0.0246899740475568,2.17838642057764e-18,1
"19947",5.64740972954413e-06,0.99999435259027,5.98260206900263e-17,2
"19949",0.915628730656621,0.0843712693433779,1.45475765445065e-15,1
"19951",0.855812416963799,0.144187575514503,7.52169794257055e-09,1
"19953",0.000671931286032658,0.999328068713967,4.82679729887406e-26,2
"19955",0.0859835800072378,0.914016419992762,2.39425305943084e-43,2
"19957",0.00139177776577182,0.998608222234227,1.26252124064065e-15,2
"19960",0.518369681355253,0.481630318644747,6.14667962985032e-23,1
"19963",6.54656689652734e-21,1,4.46303378643023e-22,2
"19965",0.486143270269184,0.513856729730815,7.60377247368438e-48,2
"19968",0.000311364649543526,0.999568585244548,0.000120050105908415,2
"19971",6.42489231052643e-15,0.999999999983266,1.67273813210768e-11,2
"19973",0.128307984475038,0.00145003646508066,0.870241979059881,3
"19975",0.0254548958482269,0.024705610567508,0.949839493584265,3
"19977",5.83633388890766e-10,0.999999999416367,5.83445083426188e-19,2
"19979",0.823838567105779,0.176161432894221,3.83765358153932e-26,1
"19981",0.982920814289691,0.0170791856905968,1.97116978729234e-11,1
"19983",0.983297925499353,0.0167020739732661,5.27380525190141e-10,1
"19985",0.0103934857177828,0.00849228729649895,0.981114226985718,3
"19987",0.976184837334361,0.0238151626610502,4.58914202272528e-12,1
"19989",0.940573004639648,0.0594269953603525,2.99485126059402e-25,1
"19993",0.968718855658964,0.0312811443320611,8.97493224667406e-12,1
"19995",0.954900028783169,0.0450999712168307,2.10890172652581e-16,1
"19997",0.943136622056688,0.0327509265644383,0.0241124513788733,1
"19999",0.000408599394923711,9.21641813740327e-05,0.999499236423702,3
"20002",2.04737398743808e-16,1,5.3624370878287e-18,2
"20004",0.875146144465351,0.124853855534649,1.57471346706068e-19,1
"20006",0.00951830999806904,0.990481690001931,1.33998402688492e-33,2
"20008",0.116227181325795,0.883772818674205,1.1083488534905e-36,2
"20010",0.923393193689273,0.0766068063107268,6.54363847595095e-22,1
"20012",0.0124065683611075,0.987593424407666,7.23122671908381e-09,2
"20015",0.936907171876613,0.0630928281233872,1.35866182822964e-23,1
"20017",0.178615624005383,0.0284595196279034,0.792924856366713,3
"20019",0.621970446310382,0.378029553689618,6.32511338012869e-37,1
"20022",0.975902475567382,0.0240975244326179,1.62431175349578e-21,1
"20024",1.80824510461027e-07,0.99999981917549,2.24138723877448e-56,2
"20026",1.80824510461027e-07,0.99999981917549,2.24138723877448e-56,2
"20028",0.0175716909600649,0.00545096834259375,0.976977340697341,3
"20030",0.389950609246692,0.610049390753308,4.03588570334424e-25,2
"20033",0.958511041201429,0.0414889545497936,4.24877768748048e-09,1
"20035",0.534005333813139,0.465994666186861,1.29131710001593e-35,1
"20037",0.874997340547289,0.125002659452711,7.62675685912492e-35,1
"20039",2.24514318270592e-15,0.999999999999998,4.10318050216023e-24,2
"20041",0.727137985330237,0.272862014669763,1.30465107675706e-27,1
"20044",0.135962771083163,0.864037228916837,5.01093272108246e-28,2
"20047",0.0137817166171325,0.986218283382868,6.54703126465236e-35,2
"20050",0.258359226610517,0.741640773389483,1.4362396935028e-16,2
"20052",0.960376331458183,0.03962366833599,2.05826573968145e-10,1
"20054",0.925979742329639,0.074020257670361,5.53113491816857e-18,1
"20056",0.00416682445332865,0.995823268385649,9.90716102242645e-06,2
"20058",0.930524669625549,0.0694753303744512,8.77719532020705e-29,1
"20060",0.974818548199145,0.0251814455363473,6.26450810862173e-09,1
"20062",0.981411626290189,0.0185883567113682,1.6998442386402e-08,1
"20064",0.983491879253157,0.0165081207445013,2.34182465917164e-12,1
"20066",0.0716394162438733,0.928360583756127,2.8169424150726e-27,2
"20068",0.946334403400517,0.0340758345058937,0.0195897620935891,1
"20070",0.756842608547384,0.243157302869361,8.85832549470774e-08,1
"20072",0.198937898270302,0.801062101729698,9.81612383135191e-27,2
"20074",4.84092526686882e-13,0.273988546499857,0.726011453499659,3
"20076",0.00194779145116298,0.998052205086936,3.46190088877671e-09,2
"20078",0.963032550732374,0.0369674492676261,1.0718421992663e-31,1
"20080",0.968049974295335,0.0319500257046653,4.30648043277737e-27,1
"20082",1.02018823858992e-07,0.999999897981176,2.96686025059043e-18,2
"20084",0.472047312387965,0.527952687612035,2.3613752659565e-27,2
"20087",0.961972540112637,0.0380274598873631,3.29594222779139e-27,1
"20090",0.886317790322561,0.113682209677439,1.18786996979342e-26,1
"20092",1.82473624207172e-05,0.999981752637579,3.35907854655619e-29,2
"20096",0.00289736264848954,0.997102637351511,3.64126999891059e-34,2
"20098",0.958592206182528,0.0410030478904936,0.000404745926978149,1
"20101",0.848100643233244,0.151899356766756,5.77341266039772e-31,1
"20104",8.77763381773251e-14,0.999999999999912,9.993143506307e-18,2
"20106",0.978096928743259,0.0219030712567366,4.01355320533713e-15,1
"20108",0.962944730699192,0.0258759088332329,0.0111793604675753,1
"20110",0.0373540687457039,0.962645931254295,7.72493026634251e-16,2
"20112",0.950385463964158,0.0496145360358418,2.67570051469801e-25,1
"20114",0.808769483292165,0.191230516707835,1.72641372983632e-16,1
"20116",0.733519543980004,0.266480456019985,1.07870743839538e-14,1
"20118",0.980744427482682,0.0192555705768904,1.94042796626905e-09,1
"20120",0.883764640838478,0.116235359161522,2.28469654010308e-17,1
"20122",0.000859308691549358,0.486576217030828,0.512564474277622,3
"20124",0.559006176285306,0.440993823714694,1.24514151047284e-47,1
"20126",1.36440638912545e-15,0.999999999999999,5.03587746391955e-40,2
"20128",5.49438335592483e-11,0.999999999945056,1.32423940405487e-46,2
"20141",7.26043348267719e-07,0.999998734639024,5.39317627777958e-07,2
"20143",7.71722624349184e-15,8.67378189865562e-05,0.999913262181006,3
"20145",0.971377526424139,0.0286224735746973,1.16325119453222e-12,1
"20147",0.986231727645833,0.0137682723541673,1.60048788648946e-21,1
"20149",6.50238442954006e-05,0.994524839106294,0.00541013704941046,2
"20151",0.313107760934251,0.00570643011798837,0.681185808947761,3
"20153",0.0222058064786381,0.0855273725504475,0.892266820970914,3
"20155",0.983493331013443,0.0165066689865572,8.61401373122322e-27,1
"20157",0.775272178319864,0.224727086529379,7.35150757126282e-07,1
"20160",7.04905135542344e-12,0.000318208387922144,0.999681791605029,3
"20162",1.54313181971924e-07,0.000126309273746413,0.999873536413072,3
"20164",0.093039345243452,0.90696059033265,6.44238985263747e-08,2
"20166",0.00115975073293944,0.998840249267061,8.8317936389734e-23,2
"20168",4.38233867192524e-14,0.999999999999956,1.1470944690406e-21,2
"20170",0.180972849552652,0.0191333889343724,0.799893761512975,3
"20172",0.985792505692825,0.0142074943071737,1.01111899025567e-15,1
"20174",0.000262468802415105,0.0256010702663975,0.974136460931187,3
"20176",2.25075399480384e-09,0.999999997749246,1.61332452693668e-24,2
"20178",3.5213693775941e-13,0.000135135977275845,0.999864864022372,3
"20181",0.327874194758492,0.672125805241508,4.91208093217938e-17,2
"20183",0.956709616130557,0.0427544685091161,0.000535915360326552,1
"20186",0.574941238450176,0.423766407768966,0.00129235378085752,1
"20188",5.05486397987337e-08,0.0060886353077752,0.993911314143585,3
"20190",0.977579677256632,0.0224203227433676,9.34446152096148e-24,1
"20193",7.51053310144176e-11,0.999999999924895,3.53334957463532e-19,2
"20195",0.858931308395682,0.141068689494091,2.11022670725844e-09,1
"20197",0.978473027381401,0.0215269726185994,1.08677674083775e-25,1
"20199",0.00655673475222283,0.0449608543597971,0.94848241088798,3
"20205",1.51793207033132e-09,0.999999998482068,2.28125464353892e-20,2
"20208",0.973298386914246,0.0267016128974041,1.88350203893459e-10,1
"20210",1.46911011417549e-05,0.000430436973982035,0.999554871924876,3
"20212",0.622677934192174,0.37727199142959,5.00743782357898e-05,1
"20216",0.978696111204768,0.0213038887952318,2.41400489548247e-22,1
"20219",0.294876317462455,0.705123682537545,6.05921379322277e-28,2
"20223",3.87162684246512e-05,0.999961283731575,3.57516708435506e-30,2
"20226",0.951776160576149,0.0482238394237796,7.1096216560412e-14,1
"20230",0.950060725846543,0.0499392741534566,4.61286141121062e-30,1
"20233",1.29056315985269e-17,0.999999999366913,6.33087010191347e-10,2
"20235",0.000539340523126078,0.999460659476874,2.14967725351025e-48,2
"20239",0.393843045173311,0.606156954826689,1.73810460775319e-36,2
"20254",2.45029053675202e-07,0.999999754970946,2.23344207738695e-20,2
"20256",0.953571400610281,0.0464285993897187,5.86653260481587e-33,1
"20262",0.00763170725682933,0.000551101284438817,0.991817191458732,3
"20270",0.208979781562929,0.791020218437071,3.0038206870791e-20,2
"20284",0.0793290480860974,0.92067095191355,3.53192252802838e-13,2
"20287",0.499655310718435,0.500344689281565,6.82436185510626e-35,2
"20290",3.89675208107337e-05,0.999961032478858,3.31535489280419e-13,2
"20293",0.983822434036944,0.0161775659630562,3.56117204850509e-18,1
"20296",0.441349141050337,0.557848410765128,0.000802448184534668,2
"20301",0.00114725516572678,0.998852744834273,2.99797555161239e-32,2
"20304",1.78215216936059e-07,0.999999821784783,1.6382725052759e-17,2
"20306",0.856465193206145,0.143534806793855,8.12309165837971e-30,1
"20309",0.973319667964778,0.0266803320352217,2.8617151449122e-20,1
"20311",0.843606358527981,0.156393641472019,2.50712354111545e-34,1
"20314",0.460930250668936,0.00765559363388846,0.531414155697176,3
"20318",1.17732278362629e-07,0.999996214815251,3.66745247110013e-06,2
"20320",0.30013054274224,0.699869457257705,5.47301854629639e-14,2
"20326",0.971305051747043,0.0286946544760199,2.93776937270277e-07,1
"20328",0.7971756099602,0.200009199008424,0.00281519103137573,1
"20330",0.622745332780502,0.377254667219498,6.75569840539051e-42,1
"20336",0.0111981561241404,0.988801838915125,4.96073444325142e-09,2
"20338",0.000114330300756707,0.999885669699243,3.48622426269205e-38,2
"20340",0.366347708224975,0.633652291775025,1.40188991685522e-34,2
"20342",8.356460671903e-19,1,3.28884650673329e-42,2
"20344",0.974736861541396,0.0252631384586042,7.55649383795184e-24,1
"20349",0.962236676344985,0.0377633236550151,1.69146714339913e-26,1
"20351",0.941534660789653,0.0584653392103467,1.6725738541005e-19,1
"20353",0.788920441465577,0.211079558534423,3.0536204777195e-34,1
"20357",1.72965104736464e-07,0.999999827034895,1.7114147647388e-21,2
"20360",1.29662876989443e-12,0.999999999998703,2.53450281964997e-49,2
"20364",0.972148829949815,0.0278511700498173,3.67252056002593e-13,1
"20366",5.22688036741904e-06,0.999994773089047,3.05857066050634e-11,2
"20381",3.63091796094263e-12,0.999999999996369,5.84111053698448e-20,2
"20391",0.00048949999332374,0.999510500006676,5.76641869581376e-18,2
"20394",0.942034812903816,0.057965185939292,1.1568920696673e-09,1
"20396",3.0447121420385e-06,0.00596630219791819,0.99403065308994,3
"20409",0.896670577572146,0.103329422426828,1.02621640359719e-12,1
"20411",0.746205685633362,0.253794314366639,4.00032440128744e-30,1
"20416",1.76509490857534e-09,0.999999998234905,5.9252338041404e-33,2
"20418",1.29356186957894e-08,0.000410666125156351,0.999589320939225,3
"20420",4.32520370547867e-12,0.999994514593509,5.48540216606683e-06,2
"20422",0.931337741293207,0.0686622587067927,1.6956409192534e-32,1
"20424",0.925317983063549,0.0746820169364506,1.66543228220473e-26,1
"20426",4.51747429277785e-20,0.999999145008444,8.54991555900793e-07,2
"20428",0.943871384208994,0.0561286157910065,2.61010019592156e-24,1
"20431",0.786967393336594,0.213032606663371,3.54181717256974e-14,1
"20433",0.00336101383839352,0.996638986161607,2.65969727267242e-33,2
"20436",2.01934647760891e-09,0.999999997980654,5.31080136682704e-29,2
"20439",8.52296711759206e-05,0.0153399020568774,0.984574868271947,3
"20441",1.26622341068553e-06,0.999998733776589,1.02601249626436e-20,2
"20444",1.37745417766972e-11,2.56332387671546e-05,0.999974366747458,3
"20448",0.0168256231347815,0.983174376865218,5.52370597723089e-24,2
"20536",0.0597159381355638,0.314516936345316,0.62576712551912,3
"20538",0.00350111040165874,0.996498889598341,2.09934762365851e-16,2
"20541",0.694862126820607,0.305137873179393,4.75200001129024e-31,1
"20544",0.979473239292377,0.0205267607076225,3.10332169265005e-16,1
"20546",0.968550122745773,0.0314498772542272,3.63758751132739e-19,1
"20550",0.809575174400357,0.190424825599643,1.31601177772429e-24,1
"20553",1.64088014250052e-19,1,4.73301453172092e-31,2
"20555",1.64246799109332e-13,0.999999717150571,2.82849264495544e-07,2
"20557",0.771175890116168,0.228824109883833,8.60883380638187e-18,1
"20559",0.985570154110867,0.0144298458891335,2.23450048169817e-17,1
"20561",0.892729805978271,0.058492455292471,0.0487777387292581,1
"20564",3.5213693775941e-13,0.000135135977275845,0.999864864022372,3
"20566",0.935986307264256,0.064013692562201,1.73543391173354e-10,1
"20569",0.140951256913555,0.0307920461561508,0.828256696930294,3
"20572",0.000696123097926527,0.0194459347707043,0.979857942131369,3
"20574",0.971798662777381,0.0282013372226195,1.38531871366084e-27,1
"20576",2.99057064131866e-07,0.0170174160040113,0.982982284938925,3
"20578",0.984421948322581,0.0155780516774138,5.51911133293542e-15,1
"20580",0.981321817681503,0.0186781821932283,1.25268667063953e-10,1
"20583",1.20320909869775e-08,0.00590145758108814,0.994098530386821,3
"20586",0.978730435313699,0.0212695646863007,4.12688131487968e-16,1
"20589",0.979051155601685,0.0209488443983152,1.0461001218955e-29,1
"20591",0.0169898577224346,0.983010142258129,1.94365396966278e-11,2
"20593",0.446649327133936,0.553350672866064,2.71460166657865e-36,2
"20595",0.984954284698182,0.0150457153018178,6.2174924655505e-20,1
"20597",3.88674473301498e-12,0.000305818571144437,0.999694181424969,3
"20599",2.88985694527213e-11,0.00117946354601547,0.998820536425086,3
"20601",0.981235674877567,0.0165444309886341,0.00221989413379889,1
"20604",0.962703533908388,0.0372964660916117,5.675093937721e-25,1
"20606",0.980179460676776,0.0198205393232246,1.26206216656439e-28,1
"20608",0.969145524447643,0.0308544755523573,2.01988077500453e-22,1
"20610",0.00131827363917334,0.997240170876133,0.00144155548469358,2
"20612",1.39729521216792e-18,1,1.57501684401868e-35,2
"20614",3.39508126809996e-05,0.00119322643065177,0.998772822756667,3
"20616",0.927514971341734,0.0724850286582662,1.15037481352454e-23,1
"20618",1.90498346378391e-07,0.999999809501654,2.25739816807133e-24,2
"20620",0.444719273623711,0.555280726376289,6.04104330151048e-29,2
"20622",2.1583288560494e-05,0.0149392471094761,0.985039169601963,3
"20624",0.652163922663486,0.347836077336514,4.23492474604862e-30,1
"20626",0.0425794787141598,0.95742052128584,1.74116167636242e-27,2
"20628",0.104251648724509,0.895748351275491,6.1561327217809e-25,2
"20630",0.95723910974134,0.0427608902586603,2.3240774783753e-17,1
"20632",2.48533864287334e-08,0.000423834533113615,0.9995761406135,3
"20634",0.983875389894207,0.0161246101057925,6.15651532790532e-27,1
"20637",1.97213060226451e-05,0.999980278693977,5.17778755250107e-17,2
"20639",1.02696929002841e-05,4.29707745743429e-06,0.999985433229642,3
"20644",9.43847534755325e-20,1,5.78930962929607e-46,2
"20646",4.16377280551194e-08,0.999999958362272,4.13145494343748e-52,2
"20648",0.00860912735580583,0.000219264042180179,0.991171608602014,3
"20650",0.00564451819002063,0.994355481809979,1.06978577048127e-29,2
"20653",0.340313076453272,0.659686923546728,2.45264121813236e-19,2
"20658",0.747650435304095,0.252349564695905,6.40916125454893e-21,1
"20661",4.96193528674815e-09,0.999999995038065,1.01321563760822e-22,2
"20663",0.984846995631606,0.0151529980816002,6.28679374059002e-09,1
"20665",1.77781866600598e-09,0.1030450020743,0.896954996147882,3
"20667",0.40574895095595,0.59425104904405,3.37828856955014e-33,2
"20669",7.64847282504741e-09,0.0112708305530273,0.9887291617985,3
"20671",0.0992192764380067,0.900780723561987,5.75000879302404e-15,2
"20673",2.86880954884942e-12,0.000637947301810934,0.99936205269532,3
"20675",0.615328979240006,0.376140988723224,0.00853003203676945,1
"20677",0.976177888137896,0.0238221118620931,1.06210611797988e-14,1
"20679",4.04570508906027e-08,0.0330287110178153,0.966971248525134,3
"20681",0.000592221445911686,0.000633363248014279,0.998774415306074,3
"20683",0.949996746275942,0.0500032537097377,1.43207656050587e-11,1
"20685",9.27215203734217e-13,0.999999999993023,6.04936348929044e-12,2
"20687",5.98204160314345e-05,6.73649793333859e-05,0.999872814604635,3
"20689",6.81545658147287e-18,1,1.50865972093436e-37,2
"20691",3.21346862045709e-10,2.60214124877511e-05,0.999973978266166,3
"20693",0.797554277132912,0.202445722867088,1.0695551377911e-32,1
"20695",0.973717966646219,0.0254575930271956,0.000824440326585759,1
"20697",0.971496539730273,0.0285034602697271,3.48691535424475e-18,1
"20699",0.969343840190223,0.0306559660679869,1.93741790401374e-07,1
"20701",0.969784852537331,0.030215147462669,9.01835936837505e-21,1
"20703",5.70656662945534e-15,0.999999999999993,1.64709854289187e-15,2
"20705",0.955851864122719,0.0441481358772811,5.32570558942418e-26,1
"20707",0.666285804484553,0.0190154065706773,0.31469878894477,1
"20709",0.324756362982964,0.675243637016305,7.31484640395044e-13,2
"20713",0.00015139934610479,0.999848600643367,1.05284929139519e-11,2
"20715",8.8728604704457e-12,0.999999999991127,1.73470274108694e-21,2
"20717",0.0037773128311314,0.000142484177012412,0.996080202991856,3
"20720",0.940319264011602,0.0596807359883974,9.08642139209354e-45,1
"20722",0.968481869745484,0.0315181301925203,6.19960394742868e-11,1
"20724",0.0134878518104243,0.000574355455400754,0.985937792734175,3
"20726",0.866370589784426,0.133629410215574,4.50916958724972e-38,1
"20728",0.00121543187018262,0.000352310856751513,0.998432257273066,3
"20730",0.75606968104565,0.028796985336531,0.21513333361782,1
"20732",0.00390363984107798,0.996096360158922,7.78140753924933e-31,2
"20734",0.969087490694842,0.0309125092407448,6.44135873249776e-11,1
"20736",0.00141184075227485,0.000439006342807791,0.998149152904917,3
"20738",4.04166170732051e-10,0.999999999595834,5.7289272179271e-63,2
"20740",0.0069161910377357,0.993083808953742,8.52277242448268e-12,2
"20742",0.189791311766606,0.417957384452832,0.392251303780563,2
"20744",9.0629117679666e-07,0.00170017796578147,0.998298915743042,3
"20746",0.987387352716974,0.0125896646897715,2.29825932541092e-05,1
"20748",0.00725646839960383,0.00105891919751175,0.991684612402884,3
"20750",0.898184040702451,0.0725833065954305,0.0292326527021181,1
"20752",0.980508930775228,0.0194910692247715,3.73640096986042e-16,1
"20754",1.3025811830209e-10,0.0196724529085359,0.980327546961206,3
"20756",0.964183992100584,0.0358160018276941,6.07172222529937e-09,1
"20758",3.30640709700314e-06,0.999996693592903,2.1208506645531e-19,2
"20760",0.00405088631519918,0.000874320853095643,0.995074792831705,3
"20762",4.63933714882619e-11,0.000885521210556037,0.999114478743051,3
"20764",0.00197480278079473,0.150152934794518,0.847872262424687,3
"20766",0.0059264957071015,0.00033478793399264,0.993738716358906,3
"20768",0.734967707382385,0.0624394015221983,0.202592891095416,1
"20770",0.0469696784610144,0.95301371242972,1.66091092653736e-05,2
"20772",0.973083786312959,0.0269162136870412,3.21115076343316e-24,1
"20774",8.58709172303894e-06,0.999991412908277,1.1764662029404e-41,2
"20776",0.841111773386069,0.0942781114618336,0.0646101151520978,1
"20778",1.27591771832426e-10,0.999999999872408,1.3111701511487e-43,2
"20780",1.17997122213281e-13,0.999993296618008,6.70338187435402e-06,2
"20782",1.25874979809131e-10,0.891299444398928,0.108700555475197,2
"20784",3.35043217841433e-09,0.00470716586230068,0.995292830787267,3
"20786",2.29875277262491e-11,0.738101979708695,0.261898020268317,2
"20788",0.817690234974531,0.0214724210474646,0.160837343978005,1
"20790",0.0898706113242621,0.701525228707545,0.208604159968193,2
"20792",0.869537641829187,0.130462358125863,4.49502606385339e-11,1
"20794",0.000739882757593461,0.0290589269901018,0.970201190252305,3
"20796",0.981719006943677,0.018280993056323,1.36336084395887e-23,1
"20798",3.5213693775941e-13,0.000135135977275845,0.999864864022372,3
"20801",0.000130036581923445,0.999869626330376,3.37087700203679e-07,2
"20803",0.953083070103005,0.0469169216538383,8.24315634747149e-09,1
"20805",0.975000038296641,0.0249999617001933,3.16546557847104e-12,1
"20807",3.5213693775941e-13,0.000135135977275845,0.999864864022372,3
"20809",0.119621520318803,0.880378479665338,1.58588144069883e-11,2
"20811",0.00110939610507679,0.998890603894923,3.757659329575e-27,2
"20813",0.617271228407615,0.382728771592385,2.26891634639983e-29,1
"20815",2.01588771659411e-18,0.00133240106864254,0.998667598931357,3
"20817",0.0466594462247589,0.0015899142055319,0.951750639569709,3
"20819",0.967673554609813,0.0323231566714821,3.2887187053323e-06,1
"20821",2.29512781048113e-11,0.999999999977049,2.3577708691351e-34,2
"20823",0.982731168528321,0.0172688314552676,1.64110181209175e-11,1
"20825",0.00248855480768315,0.000183721429653677,0.997327723762663,3
"20827",0.248650538892828,0.751332730387426,1.67307197458813e-05,2
"20829",0.30195763645472,0.69804236354528,3.01319308518052e-48,2
"20831",0.0368499914545767,0.00232604024255953,0.960823968302864,3
"20833",1.35484573552791e-16,0.00162754567785204,0.998372454322148,3
"20835",0.0194308757593466,0.00160055139250605,0.978968572848147,3
"20837",0.166878733283718,0.00504080216562688,0.828080464550655,3
"20839",0.0562546901337587,0.00198514387308645,0.941760165993155,3
"20841",0.106309784247414,0.893690215752586,5.18742098746304e-24,2
"20843",0.932134131738489,0.023997978203359,0.0438678900581519,1
"20845",0.572994476003706,0.427005521951384,2.04491026915541e-09,1
"20847",0.963438337579391,0.0365616624206087,1.50330406487784e-27,1
"20849",0.960474695566093,0.0395253044339069,8.54771569025695e-17,1
"20851",0.975287797256446,0.024712202743552,2.37252719694151e-15,1
"20853",0.567172818377083,0.432827181622917,2.10784574250073e-22,1
"20855",0.406749631126128,0.593250368873872,6.81626358388076e-47,2
"20857",0.960604080278558,0.0393959192393946,4.82047351140453e-10,1
"20859",0.986208053639771,0.0137919463602285,6.37990767918943e-18,1
"20861",2.06740772965843e-09,0.999999997929337,3.25498236415246e-12,2
"20863",0.00771707690397952,0.00284193088430101,0.989440992211719,3
"20865",0.117872663922711,0.0960928051138672,0.786034530963422,3
"20867",0.000286682067049728,0.99971331793295,4.89144137931443e-39,2
"20869",0.791388796388232,0.114336798956962,0.094274404654806,1
"20871",0.00749156489481223,0.992508435105188,6.87757452115658e-28,2
"20873",0.463696201362496,0.536303798637504,7.47508034629285e-24,2
"20875",0.957773451206583,0.0422265487934171,6.11238390362387e-32,1
"20878",2.1400331505999e-15,0.999999999305831,6.94167014577515e-10,2
"20880",1.61436652937425e-14,0.454771072400608,0.545228927599375,3
"20882",0.83325286836798,0.16674713163202,2.50043754586275e-30,1
"20884",0.00708782537583827,0.000219528296193348,0.992692646327968,3
"20886",0.0326768884131275,0.00134761813997049,0.965975493446902,3
"20888",1.28715233944005e-08,0.0148074337255853,0.985192553402891,3
"20890",0.0814264840261276,0.00162914460223283,0.91694437137164,3
"20892",0.927086043772316,0.0729139562276835,4.21445804562373e-16,1
"20897",0.914120590582996,0.0858794094170003,3.89808029309009e-15,1
"20899",0.977171380419919,0.0228286195642813,1.57997797593085e-11,1
"20901",1.16637758582975e-17,1,6.02540374096887e-49,2
"20903",2.50825291149575e-09,0.999999997491747,4.10735407670698e-30,2
"20905",6.25764781303438e-10,0.999999999374235,5.45180314061972e-64,2
"20907",0.425043052847099,0.574956947152901,6.42135968902074e-25,2
"20909",0.465098869465845,0.534901130534155,6.89276056783471e-28,2
"20911",5.90876158848992e-22,1,1.25994971701636e-43,2
"20913",0.931625245834128,0.0683747541489197,1.69520607544788e-11,1
"20962",0.98818264903932,0.0118173509606675,1.2559474113069e-14,1
"20969",0.758785841817513,0.241214158182438,4.98059823391714e-14,1
"20980",0.961055338367357,0.038944661632643,1.24795710381841e-21,1
"20982",0.986117033575244,0.0138829664247558,7.96748456789937e-20,1
"20984",0.269434268548027,0.730565731451973,1.5091883134184e-18,2
"20994",0.931226100506892,0.0687738994931075,1.21059985790576e-20,1
"21015",0.000415309955184454,0.912408549833521,0.0871761402112945,2
"21023",0.839172847402937,0.160827152597064,2.90989657141775e-25,1
"21040",0.0687339125514238,0.931266087448576,2.36719468638949e-23,2
"21073",0.637860362160049,0.362139637839943,7.85833553915288e-15,1
"21222",0.946984798111646,0.0397123773674178,0.0133028245209362,1
"21224",0.971780068527245,0.0281880150336453,3.19164391093203e-05,1
"21228",2.9683061067371e-06,0.999997031693893,1.30254389272139e-24,2
"21232",0.936854350330316,0.0631456496696839,5.59273913730463e-26,1
"21237",0.000447249045366221,0.999552750954634,1.87056408069207e-35,2
"21240",0.00273451338840862,0.000171123337277095,0.997094363274314,3
"21245",0.00716608252967202,0.000529282198412759,0.992304635271915,3
"21252",0.843588837568062,0.156411162431938,1.55228335489758e-23,1
"21254",0.474130808139895,0.525869191860105,5.25329512658312e-37,2
"21258",0.326449959045531,0.673550040954469,2.43045764661127e-30,2
"21264",0.975531888479709,0.0244297616057631,3.83499145275895e-05,1
"21305",0.0770725815037339,0.922927418496265,1.03745711012072e-15,2
"21333",0.968143352512729,0.0318566474872687,2.20820879337221e-15,1
"21366",0.959998013529628,0.0400011659807561,8.20489616316028e-07,1
"21377",0.000856487475660731,0.991182895145785,0.00796061737855477,2
"21380",2.76615384914869e-12,0.999999999997234,1.57862195415479e-22,2
"21387",1.54874762594457e-22,1,4.83840079412263e-23,2
"21390",0.929007360164936,0.0709926398350638,3.34906432340996e-25,1
"21392",0.945499992737307,0.0545000072626189,7.37027361747566e-14,1
"21403",0.700661929456217,0.299338070543783,8.91424974304148e-28,1
"21408",0.960926992513928,0.0390730074860717,5.98545602017321e-23,1
"21412",2.24341690069823e-06,0.999997756583099,2.54375962137732e-16,2
"21421",0.978673973520438,0.0213260264044807,7.50815062920413e-11,1
"21424",0.000132076679943165,0.999867923320057,2.40774202001139e-21,2
"21429",0.96961513351143,0.0303848664885704,8.93371824276664e-17,1
"21431",0.968278568414232,0.0317214315832264,2.54181110863031e-12,1
"21436",5.21342115604646e-06,0.999988793733218,5.99284562614902e-06,2
"21439",0.983796189787172,0.0162038102128276,5.75291792288785e-19,1
"21442",0.908759057461466,0.0912409425385175,1.60338331416306e-14,1
"21444",0.00121154361370317,0.000798536340070006,0.997989920046227,3
"21446",2.18012889369427e-16,0.999999775140935,2.24859064476656e-07,2
"21448",2.72923610847193e-20,0.99999999987232,1.27679831503318e-10,2
"21450",0.487943954652834,0.512056045347166,3.1994828081625e-32,2
"21452",0.846851458478955,0.153148541521045,1.03251760698362e-27,1
"21466",0.649656222481395,0.350343777518605,8.78800197546001e-29,1
"21470",0.962446599486457,0.0375534005135433,4.29643766993528e-20,1
"21472",0.951975521394897,0.0480244786051026,3.60107625997303e-23,1
"21474",0.869134159537709,0.130865840462291,1.38118517641496e-16,1
"21477",2.01267092096533e-08,0.999965744071711,3.42358015801428e-05,2
"21480",2.09288959249177e-09,0.99999999790711,1.35602977240923e-33,2
"21483",0.0165860364415797,0.000633234692621108,0.982780728865799,3
"21491",0.947304703816293,0.0526656008229049,2.96953608022497e-05,1
"21494",6.62198664880789e-22,1,4.11117911077631e-49,2
"21499",4.44061297685285e-05,0.999955593870231,1.28053067049584e-44,2
"21501",0.000361147758205884,0.999638852241794,1.07068162765301e-23,2
"21506",0.986224759577335,0.0137752404226654,1.48151923773913e-22,1
"21511",0.000129657074658574,0.999870342925341,5.00890698977929e-29,2
"21513",0.0364524979395238,0.963547502060227,2.4884000635845e-13,2
"21521",0.639858269327228,0.3601417306726,1.72310323622546e-13,1
"21523",0.942215175369946,0.0577848212745375,3.35551623229912e-09,1
"21525",0.925171070863085,0.0748282983232633,6.30813651339014e-07,1
"21531",0.97332914133529,0.0266708586647097,1.19131157786146e-26,1
"21536",0.966500243424939,0.0334997565750516,9.68675175107568e-15,1
"21544",0.983000133378941,0.0169998666210448,1.44890575947216e-14,1
"21547",0.906363601020602,0.0936363989793979,7.71463693913029e-17,1
"21551",0.00441479802484816,0.995585201975152,1.35274819377635e-18,2
"21556",0.832553994900687,0.167446005099313,1.67110425472975e-33,1
"21559",1.24488263068747e-11,0.999999998582411,1.40514009514178e-09,2
"21563",0.0527773713411068,0.947222628658893,1.86837735738786e-25,2
"21565",0.988787635045142,0.0112123649548577,1.16180782950876e-22,1
"21568",0.860544742043867,0.139455257956133,2.21261044656396e-37,1
"21572",0.324895672634148,0.675104327365852,3.09283546591348e-36,2
"21575",0.00202241264008209,0.997977587359918,1.90070987827983e-40,2
"21577",0.980138949156863,0.0155662760536844,0.0042947747894526,1
"21579",0.961854876170172,0.0381451208545859,2.97524202462077e-09,1
"21581",3.5213693775941e-13,0.000135135977275845,0.999864864022372,3
"21584",9.61892761647622e-10,0.999699695324381,0.000300303713725797,2
"21586",0.988471855498269,0.0110714944222799,0.000456650079451641,1
"21588",0.417239968125861,0.582760031874139,8.10955753701732e-20,2
"21590",0.854437300026851,0.145562699973149,3.10291062297654e-26,1
"21594",1.74723562014995e-33,0.999999796999762,2.03000238305579e-07,2
"21596",0.16043335334708,0.00517597297105757,0.834390673681863,3
"21598",1.36784852151799e-05,0.999986321514785,1.32968632813718e-37,2
"21600",0.00819429591984758,0.00167446786311506,0.990131236217037,3
"21602",0.957086718643124,0.0429132813568758,3.66715149837217e-18,1
"21604",0.970786130475135,0.0292138695248594,5.55816003672089e-15,1
"21606",0.00106926275949505,0.00340058630527014,0.995530150935235,3
"21608",0.378470896931878,0.621529103068122,1.49524195658863e-17,2
"21611",0.00049001444332434,0.999509985556676,1.28001531358095e-27,2
"21613",0.982115224703134,0.017884775011042,2.85824271299022e-10,1
"21615",0.935420776309261,0.0645788624000489,3.61290689889946e-07,1
"21617",0.902608388115566,0.0286985237113519,0.0686930881730819,1
"21619",0.983607442066257,0.0163925579012318,3.25109272881006e-11,1
"21621",3.03463414776161e-10,0.717915985067332,0.282084014629204,2
"21623",0.920844254918802,0.0404688977561082,0.0386868473250902,1
"21625",1.25538934721359e-08,0.000176659062429416,0.999823328383677,3
"21627",0.821298823517674,0.178701175853476,6.28850331425295e-10,1
"21629",0.00048043306664232,4.09948535203073e-05,0.999478572079837,3
"21631",6.62701771603659e-05,0.000365659809669094,0.99956807001317,3
"21633",0.0982455728339715,0.901754427166029,2.23421373926645e-25,2
"21635",0.0349698087023787,0.965030191297621,1.1731239095164e-48,2
"21637",0.393263093558046,0.606736906441954,1.54838480656013e-25,2
"21639",0.773467854207105,0.226532145792895,3.68817677672172e-27,1
"21641",0.136045083213215,0.863954916786784,9.59907637236121e-16,2
"21643",0.913466346091383,0.0865336539086169,1.76158512095023e-26,1
"21645",0.00372300801996896,0.000134446910719586,0.996142545069311,3
"21648",0.960023420942887,0.0399765783872775,6.69835831768889e-10,1
"21650",2.62032052974319e-20,1,4.93415855934407e-35,2
"21652",0.972723159996551,0.0272768400034492,2.38884710359073e-20,1
"21654",1.0762355276407e-11,0.999999999989238,6.72834295045668e-24,2
"21656",0.549401140522143,0.342942372715891,0.107656486761966,1
"21658",3.37065968294569e-12,0.000275268610741132,0.999724731385888,3
"21660",1.34199550826061e-14,0.988578169441173,0.0114218305588135,2
"21662",7.48362133212527e-09,0.999998803816115,1.18870026361698e-06,2
"21664",0.00431950686635606,0.000234910066865595,0.995445583066778,3
"21666",4.54845598620321e-13,0.999999999999545,3.26698366194993e-36,2
"21668",0.572962390882195,0.028116641510564,0.398920967607241,1
"21671",0.862661600688977,0.137338399311023,1.83022734432692e-21,1
"21673",2.7661640026659e-05,0.999961014243188,1.13241167856897e-05,2
"21675",0.698007061631506,0.301992938368486,7.93358709388288e-15,1
"21677",0.984677499496956,0.0153225005030441,5.37254111565879e-24,1
"21679",0.000304561790470135,0.965595672519978,0.0340997656895518,2
"21681",0.634599361753654,0.365400638230884,1.54626691707653e-11,1
"21686",0.914820889454374,0.0851791105456262,5.65192590480651e-26,1
"21689",0.93495734853581,0.0650426514641902,4.44766805116317e-25,1
"21706",0.979856935243144,0.0201430647568564,1.68930043325465e-17,1
"21708",0.967906263074139,0.0320937369258608,9.85790883489448e-22,1
"21711",0.984693192638022,0.0153068073591482,2.82945616153958e-12,1
"21716",2.59406696550307e-16,1,2.66145462719155e-44,2
"21719",0.942259863834978,0.0577302516148545,9.88455016732653e-06,1
"21722",0.986775752045128,0.0132242479548722,6.41603436694255e-18,1
"21725",0.976301919619147,0.0236980711558697,9.22498317103023e-09,1
"21728",0.721645522246854,0.278354477753146,2.90164583244684e-30,1
"21732",0.978030230005919,0.0219697699940812,2.71732177572024e-23,1
"21734",0.918595134194183,0.0814048658058168,2.03024207633289e-27,1
"21737",0.0579729805247877,0.00104878943480166,0.940978230040411,3
"21740",1.58131879243971e-12,0.999999999998268,1.50645101793963e-13,2
"21742",6.99190001900805e-18,1,5.99815115389878e-29,2
"21745",0.814424182373148,0.185575817626852,1.03618389796519e-25,1
"21747",0.00230011827509949,0.997699881724901,2.65057212752026e-17,2
"21749",0.76821163777475,0.231787939234698,4.22990551971174e-07,1
"21751",0.963050078840198,0.0369499211598016,7.99027768416028e-24,1
"21753",0.009075862825805,0.990924137174195,3.63639525312721e-16,2
"21756",0.98149565820549,0.0185043417945102,1.63038553073497e-23,1
"21759",0.721001946855925,0.278998053144075,2.68564025144139e-22,1
"21761",0.946088543309244,0.0539114566907566,1.83815421360303e-22,1
"21763",0.0194863299710947,0.980513670028627,2.77922127808256e-13,2
"21765",1.35068974239101e-08,0.999999986493103,1.88704544461828e-18,2
"21767",0.831242187765064,0.168757812234936,1.46036928994471e-37,1
"21769",6.5081004771084e-05,0.999934918995229,6.37586870220188e-36,2
"21771",0.975246729524017,0.0247532704759832,3.45622901575411e-21,1
"21774",0.673601754861633,0.0295454793489139,0.296852765789454,1
"21776",0.441982899395444,0.558017100604556,3.44210860310758e-34,2
"21778",0.732546534383941,0.267453465616059,2.02615367792188e-19,1
"21780",1.19828591113304e-30,1,4.27345791099429e-19,2
"21783",0.982512100491855,0.017487899508145,5.97341403084998e-18,1
"21785",0.836691225081205,0.163308774918779,1.67752687588612e-14,1
"21788",0.974768981466577,0.0252310185334231,5.26955615359718e-21,1
"21790",0.143906920726649,0.856093079273351,8.14240312061345e-33,2
"21793",0.91561393839297,0.0843860616070303,1.22062495792537e-30,1
"21796",0.942529380413577,0.0574706195795763,6.84678421775331e-12,1
"21798",2.3560806065307e-08,0.999999976439194,3.13578799567175e-17,2
"21801",0.310094443904289,0.689905556095711,2.90358518792342e-37,2
"21803",0.967124040605311,0.0328759593946889,5.18242944683412e-20,1
"21805",2.61655591868301e-10,0.999999999738344,6.3796213456616e-40,2
"21807",1.94538334765531e-07,0.999999805461665,7.77826908891027e-20,2
"21810",0.921151505298704,0.0788484947012962,2.45000859145078e-20,1
"21812",1.5445926503485e-08,0.999999984554074,7.82241584241371e-40,2
"21816",0.967561475088887,0.0324385249111134,7.95426323102972e-23,1
"21819",3.83665591559078e-09,0.999999996163344,7.64222751028521e-35,2
"21821",1.08791011545848e-09,0.99999999891209,6.90606565504083e-27,2
"21823",0.0167712381788585,0.0983527005680824,0.884876061253059,3
"21825",0.983845842017239,0.016154157982761,1.20369368945237e-21,1
"21827",7.3825042235691e-05,0.999926174957764,1.22130303035771e-35,2
"21829",0.451868582642284,0.548131417357716,2.72434131149208e-23,2
"21832",0.000139879519054094,0.999860120480936,1.00752039522828e-14,2
"21834",0.768459077687252,0.231540922312748,8.59894865512683e-32,1
"21836",0.768459077687252,0.231540922312748,8.59894865512683e-32,1
"21839",0.768448825871295,0.058462629088551,0.173088545040154,1
"21841",5.88566086532695e-06,0.999994114339135,3.23125038343683e-22,2
"21843",0.00251706078015102,0.000627623136536735,0.996855316083312,3
"21846",6.80897949009027e-05,0.999931910205099,2.21962480117827e-29,2
"21848",0.000713435286068894,0.999286564713931,2.20068785040015e-39,2
"21850",0.984266561391165,0.0157334342255917,4.38324290521824e-09,1
"21853",7.58388028152658e-13,0.999999999999242,1.5968565116807e-22,2
"21855",1.84106278286878e-09,0.000262185524866526,0.999737812634071,3
