"","V1","V2","V3","V4","V5","V6","V7","V8","best$classification"
"19811",0.00146433886578334,4.91218409001373e-38,0.032961068718409,0.774386462380786,0.000284964790287957,9.7474861260996e-06,0.190893417758607,2.07885918256924e-40,4
"19813",3.89717986341164e-15,3.58863888139405e-30,0.996873240215415,4.3101087402048e-07,2.53867381859926e-05,0.00310094203552077,7.18815242201521e-35,1.66101682269825e-82,3
"19815",0.00100441903950175,4.31558383237996e-21,2.09108074627137e-05,0.00582710163619671,0.00642945968148352,3.47491497155926e-17,0.986718108835355,2.35485517559782e-38,7
"19817",0.103977126578681,1.49897117047658e-28,7.13964461291894e-05,0.00406365754689066,0.000711473224852115,1.34974796248574e-08,0.891176332705967,3.06561325975102e-23,7
"19819",3.60140856000814e-45,0.475317927700431,0.00101949504167924,0.000728758705173093,0.522933818552717,4.39943657415774e-72,9.51337129226448e-19,5.00643765862169e-45,5
"19821",9.08343266760399e-13,6.33520605805833e-26,0.0342550924474078,0.964669807989314,6.48580865013654e-05,7.51929294677053e-13,0.00101024147511637,5.38450070073114e-29,4
"19823",1.07542568363219e-09,8.89084499286727e-23,1.36194743264804e-05,0.00828397018234836,0.991702381934441,7.71527276150888e-17,2.73334584206213e-08,1.90715525485339e-33,5
"19825",8.01784243872351e-64,2.33323722643118e-13,0.999998589410907,2.1643108928901e-09,1.40842454909108e-06,5.37783815477355e-63,5.10285766570214e-44,8.96927931782659e-31,3
"19827",0.474738373382649,8.24598030443559e-23,0.00212663289764465,0.492679014440695,0.0143153908456888,1.82548137455247e-09,0.0160277569212609,0.000112829686580515,4
"19829",1.18610873271926e-29,0.000935580601815098,0.269640374337208,0.729044456624498,0.000379586491913804,7.36544411878753e-44,1.94456521600632e-09,4.40797249645089e-21,4
"19831",2.85106931121916e-51,0.0494003241494451,0.0216286295041771,0.00124639209027937,0.927724654256098,3.56188653414086e-73,4.41791392764853e-20,7.37510580061993e-63,5
"19833",1.08803800947476e-76,2.450205861855e-21,0.143023846348237,4.88593860000943e-29,0.856976153651763,2.89056010212076e-64,1.22455517502521e-114,1.84100805121079e-39,5
"19835",9.08343266760399e-13,6.33520605805833e-26,0.0342550924474078,0.964669807989314,6.48580865013654e-05,7.51929294677053e-13,0.00101024147511637,5.38450070073114e-29,4
"19837",0.193303925787287,7.36444354022131e-22,0.00023794229330225,0.0310808109275469,0.000527680573110724,6.51930590781919e-08,0.774849575204057,2.16377989261894e-11,7
"19839",2.16605685566076e-42,2.56066181917748e-07,0.9665081532697,0.0334893148677629,2.27579599645676e-06,1.27816542084086e-47,3.59127380267291e-13,1.90148610562083e-30,3
"19841",5.89612150170076e-25,3.1476015406968e-20,0.988606695361578,2.31244319320710e-11,1.1301204831565e-06,1.23837193060351e-10,4.06244416265121e-51,0.0113921743709769,3
"19843",2.73114889928463e-40,0.00114605137427952,0.998843674796331,3.03520782445937e-06,7.2386215654934e-06,1.5255791619456e-51,6.6407242483722e-32,3.16027470652849e-95,3
"19845",6.55108550079272e-05,6.02297119326889e-43,0.00182285562211913,0.00063570981429263,1.45854994704267e-05,0.997461338209098,1.14822486948632e-14,1.05462327185318e-67,6
"19847",4.90185674093696e-15,9.07976209544247e-22,0.0126439637350662,0.490644885322634,0.00516419461950794,2.83539422568201e-21,0.491546956322787,3.72005588873222e-63,7
"19849",2.73891753948653e-14,1.43697841653254e-40,0.000547765516825601,2.79114578740101e-10,8.13700427157919e-08,0.99945215283399,3.91778199633441e-38,6.26686723878843e-80,6
"19851",0.996164798704339,3.68734931382619e-33,1.775618665041e-07,4.55933586726283e-05,1.57254931252457e-05,4.28961032172732e-08,0.00377366198589287,1.60567529508907e-38,1
"19853",0.00330437378747704,3.08817018263215e-47,0.00279848918808079,0.00257995815788472,0.839148504150649,0.152168674715908,1.85245578151263e-16,6.12453231591134e-44,5
"19855",0.0272680331973866,1.30371632649383e-39,0.00397137021177705,0.920984164457107,0.0431912084049689,0.00122303337285166,0.00336219035590909,2.46525214478589e-25,4
"19857",8.92623276245553e-12,2.14698836182487e-22,0.0395675743944794,0.745966352444899,1.76160441839513e-05,4.32911727487579e-15,0.214448457107507,1.80801835657917e-27,4
"19859",1.08648884295781e-09,6.61100425810982e-24,0.00103243827961619,0.0580030372012106,0.00221498385235769,6.77411688273813e-16,0.938749539580326,1.9235542293546e-19,7
"19861",0.95049415176055,7.45689721213551e-39,0.000273171024467985,0.0116788854959583,5.67607255166057e-05,0.0374050302376301,9.20007558765513e-05,5.49991079026468e-59,1
"19863",2.11513945736447e-27,1.77712578522907e-42,0.364008587396787,5.90912396947494e-15,5.23980914707861e-08,0.635991360205115,1.11894058473973e-60,1.64964078102367e-28,6
"19865",3.04016786117918e-05,1.62086024228504e-31,0.000125100091216867,6.6308492051965e-05,1.71301141742818e-08,6.56885757944659e-05,9.45906839285194e-14,0.999712484032116,8
"19867",0.0352501319540808,9.15164650406598e-26,0.0034291404677015,0.535487474504784,0.0074127590034244,1.19249949629261e-09,0.41842049287751,2.25804012987761e-66,4
"19869",1.17125006474873e-09,3.93412735859156e-49,2.23846443615093e-05,8.43151179115444e-08,1.76913128221972e-08,0.999977512177958,5.42401923253987e-24,1.75462547209462e-57,6
"19871",3.33484007542637e-06,6.2434291891801e-20,0.000314311826870378,0.0704474916178899,0.00128682422598824,3.29910720090307e-15,0.927948037458074,3.10985968491083e-11,7
"19874",0.266780794246828,8.53225150933412e-34,0.0465769845983304,0.680429960158663,0.00268839529639148,1.78977688210841e-05,0.00103460251069627,0.00247136542026991,4
"19876",0.514661431782478,6.43472147332245e-44,2.58108751555824e-05,0.00125579136246004,2.94436321439239e-06,0.484049014425345,5.00716918813587e-06,2.21591393699876e-11,1
"19878",3.34069476944204e-21,3.28454749610122e-11,0.363658498456197,0.636231418957932,0.000109934744092654,2.35353431891483e-47,1.4780893320639e-07,1.32019461613669e-48,4
"19880",2.22353666950087e-07,1.07766952510253e-40,0.000186158919953988,1.47031825188191e-06,1.44509192324262e-07,0.879219599299347,1.74748281211985e-22,0.120592404599588,6
"19882",2.90588310259847e-07,8.86233086362871e-40,0.446077807605871,0.550953795645462,0.00296561569958476,2.48846470160489e-06,1.99607027302523e-09,7.79428426278152e-49,4
"19885",0.00505000764794005,1.5002660534714e-18,0.00101688313050608,0.00546449395074938,0.00042258177653015,7.08074931130805e-11,0.988046033423467,1.83455095614138e-23,7
"19907",0.000849624289377708,3.68924696440748e-30,0.0138957789824832,0.982106617102694,0.00256275969522165,7.28224621398739e-08,0.000585147107760971,1.37441211128901e-64,4
"19909",2.02125338625111e-21,0.00191471590258556,0.012851053748479,0.983931979599158,0.000964663965221589,3.1476470039273e-36,0.000337586784556199,1.80234276181297e-53,4
"19911",6.58488521380526e-38,1.32290531270848e-05,0.174496439912116,0.823546172903821,0.00194415273745353,2.40161960234796e-57,5.39348150372776e-09,1.56695871731542e-28,4
"19913",9.91924147644972e-17,2.84843301854372e-31,3.98672985125919e-05,1.50139816139299e-12,2.11268293093918e-09,1.72589478895154e-06,1.59020028615641e-43,0.999958404692514,8
"19915",0.999762351730033,5.51996550847682e-36,1.63991872805348e-06,0.000205861319578937,1.78106667842628e-06,7.52770773160958e-06,2.01339084293088e-05,7.04348820837334e-07,1
"19917",1.40668806351513e-10,4.49101541074017e-25,0.267468257848623,0.700840251015833,0.000306704767670132,6.53294146005878e-15,6.73967512521831e-07,0.0313841122596858,4
"19919",0.045243666257923,1.01118497891693e-26,0.00125747282127515,0.0621870783198585,0.00076872195595982,5.50827755899645e-10,0.890542652887352,4.07206803459648e-07,7
"19921",0.959100167653833,1.37427033878314e-29,4.47926525393808e-06,0.000466864930388056,2.68478975366428e-05,5.54012393072573e-08,0.0404015848517487,7.84213437816684e-50,1
"19923",1.86635740891491e-12,2.11524546508014e-16,0.0196457894799476,0.951610428805659,0.017814524127649,8.93147651914522e-35,0.0109292575848782,3.29377821858302e-65,4
"19925",0.428312776556472,1.28281339786568e-30,0.00752962665310459,0.151957819303673,0.000154304408644487,8.7231834495526e-07,5.23089611446002e-05,0.411992291798616,1
"19927",0.85508122566352,2.35963847200798e-31,4.49799393525292e-06,0.00166628893834238,0.000280451862406168,1.28632727503892e-05,0.142954672269046,1.66998221617288e-30,1
"19929",7.00288611334506e-25,1.30341921851652e-44,0.00270442611073418,5.09393438812374e-16,6.55248907532207e-10,0.997295573233959,2.67269841798388e-59,5.75826336175094e-14,6
"19931",0.175909273137916,7.13447957592566e-24,4.26249098831587e-05,0.00264892178258419,0.00121380185541684,1.42359891017243e-11,0.820185378299963,1.4754491021067e-19,7
"19933",2.21362436817091e-12,1.47890309564026e-06,0.000317944407647292,0.127234969352071,0.00288438028700581,8.68447432861217e-29,0.869561227047966,5.80931784250463e-25,7
"19935",1.02615168834163e-09,3.92131742132807e-16,0.0145812889489434,0.128074913196171,1.3009542151761e-05,1.28888443537046e-17,0.857330787286582,2.1906401832844e-34,7
"19937",0.863193707617041,3.01846899052968e-25,1.72869869507873e-06,0.0010392792068505,0.00151259439710088,3.53406756516709e-11,0.134252690044972,4.12137958437945e-38,1
"19939",5.01326978228463e-05,1.1304294657326e-25,0.000746850939013895,0.0749434411868271,0.000700842876902005,5.78922562973834e-19,0.923558732299434,1.61038532548537e-23,7
"19941",6.67905589524175e-34,1.92142008021965e-05,0.932979431784023,0.0668095606512776,0.000191793363890755,1.48917115257279e-46,6.37578386037583e-15,1.23360169766885e-24,3
"19943",2.98171037285571e-07,6.7088894529895e-33,1.39259607533134e-05,5.89802278125348e-07,5.85023034428419e-08,1.80111733560927e-06,7.0748428357231e-21,0.999983326446292,8
"19945",6.21403979228389e-23,1.63352810077859e-06,0.000498788922727262,0.027249109828316,0.00156358816607045,2.33035802387509e-45,0.970686879554785,6.90250863924087e-36,7
"19947",1.62724915430559e-32,4.11948614445676e-14,0.999837917969045,3.13020288572358e-05,0.000130780002056269,5.5489375480729e-32,9.74493087835772e-30,2.55252665481916e-17,3
"19949",1.8801461750906e-14,1.48412325863214e-11,0.00262534454022106,0.224460444249696,0.00753131599969282,3.28247086968613e-40,0.765382895195531,5.52244560549888e-50,7
"19951",6.54932756641208e-08,1.06089855316345e-23,0.0785827543108234,0.916545596268967,0.00010190061976631,9.49338969941569e-19,0.00476920116642507,4.82140742074921e-07,4
"19953",1.76855194502314e-38,0.0023208066336902,0.000210667208116982,0.000551108346387131,0.996917417811806,9.69459503467903e-65,1.91685167057533e-18,5.25748583228952e-66,5
"19955",3.62613229251662e-46,2.30224870691073e-05,0.416835898773853,0.560311064729731,0.0228299746040427,7.25832413698356e-65,3.94053041585599e-08,2.17260385623435e-63,4
"19957",2.7550591627479e-22,4.25909847772609e-21,0.337147052969427,0.344784477459089,0.31806846947847,5.21555677105992e-27,3.30432561345096e-12,8.97100753995287e-11,4
"19960",2.52061512294128e-34,0.000124022321398144,0.620434470028014,0.379352033749826,8.94738819515375e-05,2.34815958643515e-46,1.88106367534813e-11,2.32920261217379e-37,3
"19963",6.16804723388552e-52,6.04883595411591e-22,0.648059941529699,5.29358190716958e-20,0.351940058470231,4.22180514223e-35,1.00780944400401e-83,7.03889589017163e-14,3
"19965",1.38055923170426e-51,0.00271599217076991,0.571270875957216,0.425643784239533,0.000369347440938184,9.19050637879677e-71,1.91541979189145e-10,9.59854973187326e-83,3
"19968",3.19844882816497e-16,3.3165241484905e-21,0.994218518776389,0.00578142085500376,4.20465389208953e-08,1.83220679122075e-08,1.14235533422859e-16,6.21868020753577e-18,3
"19971",1.29683175210542e-38,5.07789624553001e-14,0.997579982595162,2.04112114151086e-16,0.0024195823403708,1.31460054514097e-27,2.54322844521518e-71,4.35064416604582e-07,3
"19973",0.778457557959828,2.59550455447915e-30,7.28765880168561e-05,0.00228269780441017,1.67297105932097e-05,7.25749101036928e-05,0.219097563027048,2.19795880164352e-19,1
"19975",0.0406055973835643,1.38930028511019e-27,0.111327510669875,0.413275223049668,8.06466307176215e-06,0.0116447868947787,0.000157403934766676,0.422981413404275,8
"19977",2.33971834020792e-28,5.05349629201551e-26,0.999981433494183,1.21546996158539e-08,1.85543508959357e-05,6.92927868829466e-20,1.32095748237618e-38,2.21017975592627e-13,3
"19979",1.20006795581018e-42,0.981926012155349,0.0117758716919214,0.00564994463261143,0.000648171520104896,2.86063648669187e-71,1.30706775093929e-14,4.18505793936761e-40,2
"19981",1.4926734351081e-12,1.26907827146468e-18,0.00054175817511688,0.0499336350213663,0.000243372686026379,2.88247979763928e-19,0.949281234115998,2.54609578961012e-37,7
"19983",1.57669172457553e-11,6.89309055928194e-19,0.000915491589567948,0.0498051632984681,0.000171021172888808,3.52141732631834e-23,0.949108323923308,1.48977372329595e-48,7
"19985",0.869911213403318,5.0777962829544e-39,0.00597109430764396,0.112772668340838,8.22771817542626e-05,0.010270180321529,0.000209494397292954,0.00078307204762366,1
"19987",1.0437277621347e-13,1.38484610934382e-13,0.00222588553286588,0.16135536526151,0.00123076197545145,5.26804869670989e-24,0.83518798722993,7.79481450831702e-17,7
"19989",4.34914683134468e-37,0.915344809262476,0.000898987481500793,0.069967854956266,0.0137877482097416,1.21238994499765e-70,6.00090015679982e-07,2.19075098266029e-61,2
"19993",2.9362631096764e-13,1.96076394407482e-10,0.0145485303752677,0.594589952155775,0.000352758153858435,1.33992152319961e-33,0.390508759118729,5.16383844645397e-18,4
"19995",7.24351994733276e-21,1.53643613747989e-08,0.0359101736210834,0.818968666428107,0.000110267064133457,2.78860523107108e-36,0.145010877522315,2.48670884992561e-26,4
"19997",0.0853658770127984,3.29644412467501e-34,0.000462503969723989,0.0280831105687739,0.000535370799033886,5.2288162566612e-07,0.885552614768044,6.56638592006308e-18,7
"19999",0.716374343721239,3.80624773006263e-43,1.64261760466094e-05,0.00076995784411202,1.58217503335447e-06,0.282641443840792,0.00019624624277655,4.03028497418875e-18,1
"20002",3.68665775328643e-43,3.59360424854877e-26,0.999997626098882,2.08450655645037e-16,2.37390111778829e-06,8.58874574068316e-22,2.75590024232404e-68,3.70476861744374e-23,3
"20004",6.75236450493387e-24,1.06026000312511e-06,0.0416894900398739,0.957892414708007,0.000382366249688525,6.94485842669831e-37,3.46687424276252e-05,2.25833979612189e-33,4
"20006",2.74370400046487e-43,5.26881105344472e-10,0.975961746412384,0.023856246644677,0.000182006416057594,2.6525764660007e-59,1.73500337574497e-17,1.42730650944515e-45,3
"20008",2.52715588795858e-35,9.39194526065426e-10,0.850205259843806,0.149318156670977,0.00047658254545836,3.81964678340325e-62,5.6402232926652e-13,9.64094755318211e-46,3
"20010",4.34285467187742e-26,0.000157320361778499,0.00162763140477855,0.109637664844065,0.0113621270810302,5.42178542820604e-56,0.877215256308347,2.73860775934146e-43,7
"20012",1.22244482615285e-13,7.73801514742853e-34,0.744471188257777,0.255463487580591,6.53241326960969e-05,1.69498895722527e-11,1.18619481868428e-11,1.83741420073346e-15,3
"20015",3.43581503326066e-32,0.857305516518725,0.046590555732378,0.0961026447233519,1.10414658343232e-06,7.02637377433457e-56,1.78878961498713e-07,1.21069561003795e-62,2
"20017",0.195140382957266,4.46067056955077e-36,0.00664782492808752,0.606082563443924,0.00068686710386347,0.0970187415394264,0.0944236200274318,2.95366777525408e-21,4
"20019",1.22088597627427e-52,0.96061918828788,0.0348424005235383,0.00248294383972209,0.00205546734885922,2.86830297636805e-90,1.47714953840367e-17,1.47856914234086e-58,2
"20022",2.11953323522658e-28,0.00444317937150184,0.00104999696004709,0.0627242207298592,0.00199378433320227,1.19108374809448e-54,0.92978881860539,7.24310410609639e-44,7
"20024",3.16023480057646e-77,0.0030401809071372,0.0669641844165542,3.01164240809204e-08,0.929995604559885,9.21549601153897e-95,9.28341580549641e-40,5.90557778735225e-73,5
"20026",3.16023480057646e-77,0.0030401809071372,0.0669641844165542,3.01164240809204e-08,0.929995604559885,9.21549601153897e-95,9.28341580549641e-40,5.90557778735225e-73,5
"20028",0.983313413141557,1.75295127485707e-39,0.000124403092198454,0.0122193817184573,0.000105680643758669,0.0037777565108684,0.000459364890781845,2.37805648844644e-12,1
"20030",1.99455870679392e-37,0.510000453317334,0.411832162388582,0.0781297656710033,3.76186196549249e-05,6.59723816916116e-53,3.42576218482719e-12,6.19417482689769e-38,2
"20033",9.87187366766383e-10,1.59609122737214e-22,0.00659507698382497,0.81938366585667,0.00122891556466282,2.15899155901476e-13,0.172792340014377,5.93061415276055e-10,4
"20035",1.45614455800115e-52,0.955531957791475,0.0327460290156415,0.00361302881365799,0.00810898437922508,3.63392257240397e-87,3.97223499542372e-18,2.35903459873581e-60,2
"20037",1.1800116927747e-44,0.978452604946646,0.011581808617501,0.00972869208816104,0.000236894347234758,8.79084073815281e-78,4.56841542946263e-13,1.04528116911419e-79,2
"20039",1.79852433265381e-51,4.56144409363961e-06,1.35960635855044e-05,1.67137748396583e-16,0.999981842492321,3.17707969509661e-66,8.33036888013377e-64,1.46496837599289e-68,5
"20041",1.82796937342109e-32,2.25124160964657e-15,0.0157086686844537,0.981452669024524,0.00274880036624653,7.39995965421069e-54,8.98619247734761e-05,7.53032452483831e-39,4
"20044",9.04187609373472e-37,7.75594600651241e-14,0.115058332673539,0.866768340362115,0.0181733263576943,4.51068836543329e-50,6.06574726653607e-10,8.67767280209584e-32,4
"20047",8.76805166682361e-56,0.696230811314283,0.261936435675539,1.73496853390753e-05,0.0418154033248387,1.03483014578945e-86,2.87609465317435e-29,8.72053739037333e-48,2
"20050",4.42720439952593e-21,4.5630611282156e-05,0.00329519991525907,0.602127786131949,0.394526567326636,9.92359258808087e-56,4.81601487418914e-06,1.05434458564006e-31,4
"20052",2.67122892799064e-12,5.10889059125575e-17,0.000905539034035208,0.0442282399745744,0.0026609225939485,4.2173168670461e-26,0.952205298394709,6.11580815438917e-14,7
"20054",6.00606509366491e-27,0.0406033862105575,0.102213036391309,0.856878906647469,8.29033227725748e-06,4.26005217411287e-43,0.000296380418387252,8.28381641632217e-46,4
"20056",2.06496739701626e-12,7.68205521603635e-18,0.955618094766291,0.0169207134498362,0.000917761132298411,7.06733501072197e-16,6.22822374646152e-18,0.026543430649509,3
"20058",1.6735698303714e-39,0.91337089982587,0.0026631401169537,0.0799913135098666,0.00397384858221598,1.63897221341116e-69,7.97965093572151e-07,1.26370840803699e-74,2
"20060",7.42096175463415e-10,3.13071242489792e-23,0.000383102807782197,0.0517917333186548,0.00181654534959766,8.08169547958454e-19,0.946008617781869,3.4345397957942e-33,7
"20062",1.54206315155683e-07,7.00538329299198e-20,0.00154677875770455,0.0148933127790251,0.00024522764261248,3.07912192986554e-20,0.983314526614343,2.115999276088e-34,7
"20064",2.1887965227038e-18,0.000296919569469743,0.00138704722013377,0.0579523782208561,0.000191939715516853,8.9928062495955e-38,0.940171715274024,1.76557278403251e-26,7
"20066",7.294270794061e-46,0.917691567926759,0.0821451814401148,0.000107624073778333,5.56265593480125e-05,3.58359273143597e-64,1.10630318772018e-24,8.88595806581086e-44,2
"20068",0.120728925618926,1.7493175109176e-33,0.000586589341340299,0.039104489867591,0.00028883837523377,2.82068456769426e-08,0.839291128590063,2.27157488089678e-45,7
"20070",1.77495784093185e-07,3.27413677431367e-30,0.000574874221680591,0.213442079377958,0.0677289055932135,3.62173304617334e-19,0.718253963311364,7.1216797527819e-43,7
"20072",4.24983971469191e-33,0.00428882890717849,0.746199894505684,0.249230939275761,0.000280337310826419,1.09577324987841e-45,5.49779522768443e-13,1.19364235089489e-91,3
"20074",6.72437573492327e-19,1.45389152499579e-39,0.0566524022305005,7.15282044802551e-12,1.28584541643593e-07,0.922962738913201,3.13447517247257e-48,0.0203847302646042,6
"20076",2.27635331074604e-20,2.09694317717387e-19,0.957412580245419,0.0425870187841119,4.00970335605663e-07,3.53103877579413e-15,1.30148439167385e-13,1.55697576277401e-19,3
"20078",3.28259676038999e-37,1.5537787032194e-05,0.00806229917107956,0.885890791647113,0.00622083764982528,8.04502797967505e-63,0.0998105337449502,4.59135057501087e-38,4
"20080",3.49742912688358e-41,0.966519345806001,0.00195487586919298,0.0307695704286626,0.000756195603139149,6.38156180619507e-78,1.22930049689148e-08,1.18001179053141e-49,2
"20082",9.08867048161769e-38,0.00223045362979107,5.9300803963795e-06,1.60181708259048e-08,0.997763600271642,2.57236793343315e-56,1.15153106764948e-32,5.12252727607158e-44,5
"20084",7.10421633153185e-36,0.00022057179702836,0.119456001812476,0.849017363904589,0.0313060371291811,1.12011807992315e-57,2.53567256026487e-08,5.8899386857695e-22,4
"20087",4.58298400890252e-28,2.75109123453368e-06,0.0188341171757478,0.717137250061805,0.00102473671452099,1.3915252252761e-52,0.263001144956692,9.95864775931896e-65,4
"20090",1.58190483788859e-36,0.946064166586777,0.00222773680312697,0.0495372802184747,0.00217080701836987,6.60003084819513e-76,9.37325161911872e-09,8.03362409335462e-47,2
"20092",6.38239837150714e-38,3.38067341916586e-15,0.000828137264821834,0.00260713418732609,0.996564728547848,1.25182563782723e-53,2.02142204804533e-16,2.54691065613614e-88,5
"20096",3.49235109970746e-43,3.29044832290056e-19,0.00351635946261344,0.11079077394575,0.885692864892987,1.03893578780151e-63,1.69864969515137e-09,9.35904311061247e-35,5
"20098",0.000973668005961518,5.94385232872176e-25,0.00303412550814798,0.698295805107168,0.00416064500487571,3.04118525702751e-09,0.293535206880716,5.4645194557741e-07,4
"20101",3.38970486231999e-43,0.346455508274643,0.123732985228194,0.525418262386861,0.0043932394986501,6.88937768908357e-68,4.61165176959422e-09,2.15166791498154e-28,4
"20104",3.45179427135143e-33,6.8434442113671e-36,0.00421085563112508,1.09422094062922e-08,0.995789133426666,4.31499261134806e-21,9.76653001993165e-38,1.41065990105827e-55,5
"20106",1.03716073369322e-23,0.233183049376228,0.022898414460136,0.62421629385975,7.95885689700057e-05,1.67376837005523e-48,0.119622653734916,7.66791049480543e-27,4
"20108",0.0262629546738697,7.37875294367281e-26,0.00166493266298867,0.210220020806821,0.000608952492612624,4.36055875989475e-07,0.761242703307832,1.64877670237316e-17,7
"20110",2.69090100909488e-19,2.4838693023555e-18,0.0171589103777123,0.652235888146034,0.330604929320888,8.4297106693275e-44,2.72155365736515e-07,7.67063089709297e-17,4
"20112",4.08846600113622e-29,0.000225899641007366,0.00550585684237713,0.964561581876535,0.00785879662249124,1.34260800187074e-58,0.0218478650175893,5.16147217970192e-36,4
"20114",2.1479551236409e-21,3.42396132302732e-05,0.0325785489865299,0.95751302589189,0.00987202449868926,1.4320504105897e-38,2.16100966076386e-06,1.53939436852254e-17,4
"20116",5.9594077346495e-23,0.000471723243193117,0.215108460361708,0.7843968691459,1.81744892231116e-05,1.24178883721181e-33,4.77275997606648e-06,2.8402285696293e-20,4
"20118",4.12547917318831e-11,4.68216530310305e-13,0.00087741163366291,0.102870600879032,0.00136376626269804,2.59966278324888e-21,0.894888221181792,1.09228378566567e-12,7
"20120",3.80038077894742e-27,0.0144322144745839,0.00738921501464532,0.939238704310079,0.0384192458180946,8.01387338515565e-53,0.000520620382597107,4.73210956693658e-24,4
"20122",3.12623153871008e-09,7.78116420423558e-28,0.0132854111429977,0.000876560113289568,1.86824059547002e-06,1.10926571915958e-05,4.71303592010704e-16,0.985825064719694,8
"20124",7.01699136513662e-57,0.563788908010069,0.137780815719054,0.26249215903588,0.0359381171434487,1.13687475385355e-84,9.15476797133753e-11,6.63217935341522e-77,2
"20126",2.80706163884032e-73,2.22328113887824e-08,0.00232129489509909,1.13513076817603e-16,0.997678682872089,6.19116331922695e-83,3.71576213942976e-69,3.71406357700023e-55,5
"20128",8.29107855646053e-76,0.00377908313442227,0.0632384789338994,4.51903047233167e-15,0.932982437931674,1.00989671018649e-97,3.13607541853508e-65,7.22373615689498e-68,5
"20141",1.31339630878996e-15,1.00378289754231e-30,0.000207360485315363,0.000180230525254695,0.999612408989429,1.02836314048498e-17,5.82193055857729e-20,4.91615182389656e-19,5
"20143",5.2889236191505e-17,6.5613581268801e-37,6.48965526259529e-05,9.46970894927698e-14,1.27923769897574e-09,0.0305142884053274,2.83185546729795e-48,0.969420813762714,8
"20145",3.63078389410087e-21,0.0143253681813155,0.000224204398789949,0.0450978167081799,0.00346866514529606,3.30943080839286e-49,0.936883945566419,8.32683752125366e-34,7
"20147",2.34787001898382e-29,0.0276586138387352,0.0024287139268998,0.167980087724985,0.0004674134145359,3.55197469523649e-53,0.801465171094845,4.33305419663714e-36,7
"20149",2.77580496636858e-13,2.08161260007992e-34,0.0293803102941293,0.000193974052353342,1.79916858148113e-05,7.85824371947453e-09,1.60408353537847e-20,0.970407716109181,8
"20151",0.761401789444583,3.61430862404463e-26,0.000226725600566658,0.0184684708604114,9.50812798222566e-05,6.43439777833124e-08,0.219807863066453,5.40418510262972e-09,1
"20153",0.0897546393325367,7.49851954838963e-19,0.00672974666672028,0.692014003779297,0.211447197321413,1.04391840228593e-15,1.65156372142397e-05,3.78972628174404e-05,4
"20155",1.33625896960173e-33,0.0493528299962845,0.0302555643717499,0.903275730954583,0.000148856586001419,2.64285736191836e-61,0.0169670180913809,7.19225789095027e-47,4
"20157",1.85499027175395e-07,1.28356922092269e-25,0.0103212256423903,0.980413846570923,0.00790799059134721,4.92401869022076e-13,0.00135649325246926,2.58443351310175e-07,4
"20160",1.22589665364293e-14,4.66999881729355e-34,2.52836272005751e-05,1.16615446550444e-11,2.57921334365474e-09,0.000286969947885274,5.70040664960192e-40,0.999687743834027,8
"20162",5.58483267965756e-05,1.32480380848059e-39,0.000172930213310076,2.34114073791475e-05,4.96195926957507e-07,0.696135323964521,1.49621124515734e-17,0.303611989892066,6
"20164",9.56988423226403e-11,1.7183813181101e-25,0.314744065851308,0.682672731537154,0.00257706132525043,7.98026856905924e-18,4.41772112086229e-09,6.13677286738207e-06,4
"20166",1.9576479909446e-40,0.0122598763517633,0.987728000087952,1.16653947056581e-05,4.58165578718205e-07,1.56148260331903e-43,7.85122167374083e-29,6.45905411140063e-38,3
"20168",1.55397745396189e-41,1.20230826735196e-15,0.999999988296011,3.11150347462897e-14,1.17039564715979e-08,4.732153747667e-21,1.63250572976057e-58,1.86936944017435e-47,3
"20170",0.711630173617435,7.74697290281757e-26,0.00128591076173792,0.1836669073463,0.00434681585785122,3.56968559877878e-07,0.0988584372482581,0.000211398199857775,1
"20172",6.73859176201275e-23,0.0534922490471984,0.000178473309754435,0.0511662260070982,0.0038332026710008,5.56572341125505e-49,0.891329848964948,2.07044222388474e-57,7
"20174",9.08178902477905e-06,2.07686501332996e-43,0.00761878055399584,0.0181050777867518,1.93542747186687e-05,0.974247705135817,4.59691977110024e-10,8.39112685890353e-22,6
"20176",6.07994603458357e-39,9.97631860204708e-21,0.999998571083809,1.29701285134177e-07,1.2992149057055e-06,7.95495403549885e-27,1.48726189696072e-36,3.80658832806845e-69,3
"20178",7.02965974491318e-16,1.71450728683337e-33,1.12179453318849e-05,3.4787159658325e-13,1.03523224169968e-09,5.86804716167732e-05,1.05867594929568e-44,0.99993010054747,8
"20181",3.93972605636068e-31,0.438929587101605,0.524420014931243,0.0366341394191184,1.62585480168449e-05,6.90952802161387e-46,1.63182322676649e-14,8.07807409110331e-23,3
"20183",1.04165300078398e-05,1.19242854844806e-17,1.8491647976214e-05,0.0104269396096592,0.0148655614018471,1.07632735817068e-18,0.97467859081051,8.81549894512604e-44,7
"20186",0.000736638504759246,2.56865728301156e-16,0.00189027398403303,0.862150363318855,0.115717520069269,1.99991669860652e-16,0.0195052041230837,2.06771185758445e-83,4
"20188",2.61036234989544e-09,5.20250433643276e-35,0.000292953617746283,1.17176521964027e-07,1.99718544212387e-07,0.000157090590762979,1.34821877128879e-27,0.999549636286062,8
"20190",5.99915109949178e-36,0.940938061304727,0.00414291247381817,0.0549053605759124,1.33360338218371e-05,8.04429882547109e-61,3.29611720453824e-07,6.83772197534007e-50,2
"20193",7.36070831702971e-39,2.14381771195239e-20,0.999999980902048,6.26414164742405e-12,1.90916747993331e-08,9.74523753448737e-26,7.70251124500262e-52,1.32141084967057e-14,3
"20195",4.71476805432141e-11,3.43490291775462e-21,0.0373614225326463,0.960986651318187,0.000360067554975787,9.09701050393227e-20,0.00128272622176505,9.13232527848105e-06,4
"20197",5.51143542164392e-31,0.015753213358755,0.00274111887239363,0.129985915828144,0.00127473419684669,1.58290384658396e-55,0.850245017743861,4.63794602893995e-56,7
"20199",0.287561661600638,3.28050577951984e-33,0.0226698364411462,0.3166703045753,0.00572645683245037,2.14478275084754e-05,2.66381457543498e-06,0.367347628908381,8
"20205",1.62492999014981e-37,3.37459612552066e-08,2.72106195314854e-06,2.25611609856661e-08,0.999997222630925,1.5449566251871e-56,1.02619210149774e-31,1.55885438489235e-53,5
"20208",4.59593925619509e-11,4.69017712615994e-22,0.00254796183534476,0.216891723833173,0.00119767492827584,7.07838961107421e-19,0.779362639357248,2.46611236723798e-19,7
"20210",0.0150481717516422,5.70126668038371e-36,0.000759527140270336,0.00182060223827506,1.22765174123356e-05,0.169242786235076,6.66607538005499e-12,0.813116636110658,8
"20212",7.12554545972221e-07,8.73380439838404e-26,0.0366706470631702,0.961667669842209,0.00131680874252145,3.1627260283767e-12,0.000150159584764567,0.000194002209626592,4
"20216",4.49694965391641e-31,0.0325725455700412,0.01671963069091,0.9466930141162,0.000439649909582765,2.9063108886885e-51,0.00357515971326602,3.47116533728024e-35,4
"20219",7.67420743206669e-38,0.000323352998117486,0.00244632609982988,0.376320461748196,0.620907175810437,5.32333242625937e-71,2.68334342005712e-06,2.61498518191121e-35,5
"20223",1.05210899729672e-39,0.0315434075589085,0.968366361802763,4.12070248658337e-07,8.98185680803517e-05,1.03457379810975e-52,6.07488008186018e-36,1.64700307890695e-105,3
"20226",2.22684348534835e-10,8.72156001627379e-15,0.00732613338799856,0.26768240645512,0.0013324786868618,2.58146338987689e-34,0.723658981247327,5.55195058323667e-26,7
"20230",1.8967809549249e-42,0.969120613284469,0.0051099605827096,0.0255456113233712,0.000223814762419351,3.86631126017164e-70,4.70311455016919e-11,4.45201197113101e-58,2
"20233",1.19464501023524e-32,9.76009517181541e-30,2.7197347499806e-06,6.31437166443034e-14,0.999997280265187,4.29301915748448e-34,5.03287913614523e-52,5.22486566917619e-39,5
"20235",1.71420306015955e-54,0.00190005852570801,0.871510315635226,0.00631174275882193,0.120277883080244,2.65002406159752e-68,2.80858657746333e-20,2.7436535385494e-96,3
"20239",3.13668971479258e-34,1.36132951646307e-06,0.335406292955492,0.664373798954754,0.000215925124650952,3.48159403410065e-53,2.62163558677712e-06,5.05961995364248e-77,4
"20254",1.29389187431403e-41,0.0249040313260534,1.23841425753735e-05,1.29158029796059e-08,0.975083571615568,1.82151957906182e-68,1.81527614996341e-34,2.19726168977466e-49,5
"20256",4.87599054932436e-40,0.459118015902259,0.0154591394877724,0.521841438829173,0.00355663913931504,1.22577359293175e-65,2.47666414806613e-05,2.05518788050701e-72,4
"20262",0.995839906680762,2.05226688952282e-28,3.10499657779006e-05,0.00309772344015809,9.83021777678472e-06,3.89682181705718e-05,0.000553013992092297,0.000429507485261987,1
"20270",9.05493774990189e-32,9.47500134022851e-08,0.777321806211781,0.222625576665183,5.2522358217533e-05,3.99474506672529e-44,1.48049755039335e-11,1.1947296291733e-35,3
"20284",2.65235823502033e-18,2.81888649490129e-14,5.5372651175629e-05,0.0813802107412398,0.918326435128162,3.26026871494269e-39,0.00023798147939467,3.15920290723826e-43,5
"20287",1.90711917898452e-45,0.962456424542738,0.036729456624061,0.000797987775407279,1.61310577939827e-05,4.24328629373124e-75,6.81618371928784e-18,5.30304006690932e-77,2
"20290",1.31602173840487e-23,1.64757349398137e-08,3.17610911868931e-05,0.000221668180745885,0.999746554252332,9.00045009846348e-46,1.94829040707187e-18,1.10088032404496e-30,5
"20293",7.29489172886561e-22,0.000293254954636362,0.000570480371683058,0.241482867054222,0.0142825189152894,4.65446894683824e-42,0.743370878704169,1.0721356011154e-42,7
"20296",2.59272332039268e-08,2.54210514199301e-20,0.282712915872581,0.715908766741808,9.45138415796286e-07,1.55106095604813e-09,0.00137734476888969,1.20003466721737e-14,4
"20301",4.86522981825578e-50,0.438611706610118,0.561378441447375,7.03424567607196e-08,9.78160004959813e-06,4.85878382202385e-72,1.15561214883968e-37,2.23668100718424e-38,3
"20304",3.6779790315811e-36,0.000942873501188685,2.44292693333284e-06,2.85997133832312e-08,0.999054654972165,8.45540847845462e-54,2.40141388851376e-31,2.06416352960691e-43,5
"20306",1.11136577876924e-39,0.905129430608932,0.00728949344949788,0.0718529217143355,0.0157281538950921,3.19501469222139e-71,3.32142541867073e-10,1.10594020557292e-72,2
"20309",4.54937695936233e-24,1.08922326649223e-07,0.000858181397338916,0.345714688034736,0.0131189488864894,3.35991465380477e-44,0.640308072759109,2.276496548912e-36,7
"20311",5.39482069793558e-42,0.00111565800813044,0.0601921513055118,0.937109359786085,0.00158078120071587,6.34066302805606e-70,2.049699556894e-06,8.80274170869081e-38,4
"20314",0.245572180994261,2.07858807290754e-19,0.000120388821569342,0.0124621851519233,0.000923348312632137,1.37307429448195e-10,0.740921896265301,3.17006574342431e-10,7
"20318",2.76647473055895e-20,3.7056776376367e-21,0.984331790847053,8.54531527539326e-08,1.4227038913606e-05,7.09647499143558e-13,5.88009674686761e-38,0.0156538966601706,3
"20320",5.08752188093734e-13,4.73330348379581e-23,0.0173874529950733,0.963586793262459,0.0189546771295574,8.74165141351254e-29,7.10766124013912e-05,5.07605522326032e-32,4
"20326",3.61560549695387e-07,1.08129314448713e-18,0.000671794164209528,0.218420878094906,0.00799446267002188,1.72994321282642e-15,0.772912503395946,1.1436513846557e-10,7
"20328",0.00391202794931171,1.01212060059952e-22,0.000265136245288479,0.120494226090419,0.025154524440395,2.99964696779636e-19,0.850174085274586,1.9907628191272e-43,7
"20330",5.9485627077382e-41,0.000159488211740047,0.153967748702836,0.843836926742439,0.00203564668975324,3.64283345997978e-76,1.89653230929696e-07,9.24347192841809e-58,4
"20336",3.80619539427465e-18,1.10815754624046e-07,1.52293247658413e-06,0.00504990614781832,0.994948205219945,1.28996145356783e-38,2.54884005976292e-07,2.2118478512285e-46,5
"20338",9.61068194765567e-55,2.34374567321974e-08,0.000779697383562885,0.000945328416152056,0.998274950762828,7.88621403746245e-72,4.81625968480226e-18,2.50282217612449e-34,5
"20340",1.99310738951725e-48,0.944268981593428,0.0474321332726814,0.00726068681278025,0.00103819832109415,3.44847553311501e-71,1.6109075403491e-14,3.37481956609254e-64,2
"20342",2.20172903720925e-63,1.68752260206963e-19,0.474124391141426,1.76353802843109e-17,0.525875608858575,3.34026969634707e-74,1.89027706653768e-75,7.24545513283334e-43,5
"20344",7.88615181730816e-30,0.0291685835918354,0.00428862554370449,0.951481965073169,0.0134528584160821,4.17770914902998e-54,0.00160796737520866,1.35903223561458e-52,4
"20349",5.88340462833747e-35,0.875252489762699,0.00447922611889119,0.118776506431373,0.00149145106869795,6.42136469801752e-63,3.26618339135312e-07,2.61841020730663e-71,2
"20351",4.59520079366678e-27,1.35496269933418e-06,0.0030203902206352,0.97432344983809,0.021124656433592,4.57218357449173e-47,0.00153014854498299,2.11280212892205e-29,4
"20353",7.03911293470259e-39,0.0219143641450144,0.015984346777893,0.92684545662675,0.0352495397963324,9.81292708899454e-73,6.29265400980795e-06,8.21906239843309e-59,4
"20357",5.24300785447816e-37,0.000104385637342009,1.36082445558989e-05,4.68349382438936e-07,0.99988153776872,2.04862900087516e-67,2.85131582488277e-28,2.41812981014571e-67,5
"20360",3.01889007306209e-60,4.00611418521286e-13,0.912194335661896,3.99753115032087e-10,0.0878056639379498,5.93574185961626e-63,3.77941292485886e-47,1.85289759915986e-73,3
"20364",1.23923048169871e-18,0.000118580688908941,0.000504999311928679,0.0563618418669362,0.00163987224973555,2.92106960242506e-45,0.941374705882491,1.01465849050507e-36,7
"20366",7.44289322008847e-24,3.61995729457049e-12,2.41403746062797e-06,4.37611699685029e-05,0.999953824788951,9.28596970685456e-39,1.03726635476964e-18,2.4150314174048e-34,5
"20381",7.02008547700951e-36,1.51260802926358e-42,0.999817796733534,4.48366561288552e-08,0.000182158429809774,3.12375626615531e-22,5.85459089639739e-38,9.71633043551642e-36,3
"20391",1.18634064745707e-17,6.23842128048373e-11,0.685227823310753,0.147544586927532,0.167227589699303,4.14188555907934e-29,2.86751622097512e-14,3.39720289368429e-111,3
"20394",5.79772526298228e-08,2.33345623138284e-33,0.00513703774702767,0.0966345683425989,0.000180077016400529,4.9517505267237e-16,0.89804825891672,3.39251559758964e-36,7
"20396",4.93174393330185e-06,1.57690691735647e-51,0.00120933108947366,0.000428564359507318,1.41455529363208e-06,0.998355758251075,7.17334866239799e-13,1.50355616342076e-36,6
"20409",1.28423050288714e-16,2.37903998603978e-08,0.0255266369543249,0.970972128510281,0.0031213068307515,2.49922200477333e-31,0.000379903914224769,1.82142117679433e-14,4
"20411",2.90136435471383e-39,0.332071295585205,0.000823815949804324,0.333567954629108,0.333492262432181,1.43716811713452e-70,4.46714037006714e-05,3.32682039986563e-71,4
"20416",1.48066358703292e-58,0.009809517100957,0.000710308276415337,2.59934267453524e-12,0.989480174620028,1.18399728228612e-85,3.21238771972568e-51,5.31155099040013e-77,5
"20418",1.00489639117904e-08,1.86851366030165e-51,0.000110831182907949,4.1796744095993e-06,8.25389224414588e-08,0.999884896554796,4.87975644974652e-19,8.97591888360235e-31,6
"20420",1.44859855215648e-22,1.15502856783036e-25,2.36529402931573e-06,3.02668621372056e-09,0.999997631679284,1.27148158194365e-26,1.84211859623026e-35,9.78001442214571e-31,5
"20422",1.8440664893528e-40,0.0597211773353735,0.111295725830165,0.828848487551677,0.000126603338143274,1.59223262773773e-67,8.00594464181954e-06,1.10511955651965e-37,4
"20424",5.21441952516923e-35,0.22131907739733,0.00231862347977338,0.708320456491419,0.0663312263998679,5.94725442318319e-71,0.00171061623160979,1.02934556666118e-62,4
"20426",4.00765573134659e-34,2.28615926894557e-17,7.49976190334671e-05,2.72903522697841e-19,0.999925002380966,2.05368737249863e-34,5.01183300222197e-75,6.74868657609886e-21,5
"20428",1.85032617029557e-27,1.53785720635015e-08,0.0660355303345823,0.770304946983697,2.20602237051226e-05,2.06697836706968e-38,0.163637447079444,2.70336504221107e-59,4
"20431",1.81366011654333e-15,1.76991962123643e-15,0.00855161366543236,0.978324913771502,0.0117820148001373,2.66777627938677e-34,0.00134145776292418,1.18224662828597e-16,4
"20433",3.48931552399111e-43,0.0553473819094886,0.944617351976435,3.20219307545015e-05,3.24418332226306e-06,1.44698648065778e-59,1.16580987044638e-26,1.03816033281042e-81,3
"20436",1.01596298523385e-47,1.42528826277126e-12,0.99999977547898,2.76821186100521e-09,2.21751382702406e-07,8.61445191812826e-36,3.86007421066625e-43,5.25685111077411e-71,3
"20439",3.26020174939396e-05,1.34947315930289e-47,0.00598360970785141,0.00614642505967217,4.27258364647132e-06,0.987833089787037,8.44298913100184e-10,2.69830485565489e-22,6
"20441",6.17473969980923e-37,5.25070800274738e-09,7.37681465220587e-05,2.30951642603863e-05,0.99990313143851,5.68519184746914e-61,1.0326342999911e-22,4.33201732244879e-42,5
"20444",2.33965005658245e-11,1.31851268175935e-38,5.36888353554858e-06,1.76203905766011e-10,1.10305007463471e-09,0.0101276773721394,2.72060380392415e-33,0.989866952441675,8
"20448",1.5519561125911e-25,4.95208099563688e-17,0.0520082612939695,0.32695367467899,0.6210380640257,2.48141529353625e-29,1.3401728972753e-12,1.04759209350517e-19,5
"20536",0.0512116682307723,9.77568929851645e-31,0.0658568685045167,0.869510378605897,0.000331414738672969,0.0129506651641991,0.000139004755941593,1.53432978093669e-70,4
"20538",9.02277291934462e-22,6.82330641209733e-06,2.53331871049678e-05,0.00210880274898449,0.997859040756563,6.89422031803549e-36,9.35291227306124e-13,5.18633933499459e-59,5
