"","V1","V2","V3","V4","V5","V6","best$classification"
"19811",0.00212837863789204,0.0419472828931739,2.77166244724218e-05,1.4677971303836e-07,0.00124523657957971,0.954651238485169,6
"19813",1.97128872575116e-06,0.999956767763559,8.04235352047496e-07,1.87097697631416e-09,1.29614810126499e-07,4.03252265759976e-05,2
"19815",0.0192090747591584,2.35605743908987e-06,0.00113678795888964,0.000333155500387153,1.83542937753182e-05,0.97930027143035,6
"19817",0.0034292308723782,8.09993536554437e-06,9.99108362738996e-05,6.7878384249762e-06,0.000759129707498351,0.995696840810059,6
"19819",3.14015798403146e-05,6.83307446978482e-10,0.830346944142347,0.169583946612927,4.36315667144163e-07,3.72706659111368e-05,3
"19821",0.000711296101886457,0.0138508568092226,0.000999431371689631,2.35773075085568e-07,0.0282991410568107,0.956139038887316,6
"19823",0.000807901481246802,4.94189274157665e-06,0.000369643833799248,0.0457638593192389,0.000272802783373912,0.952780850689599,6
"19825",0.00645639070485173,0.0054426469156156,0.108592330207964,0.000315963508617328,0.876988940061136,0.00220372860181503,5
"19827",7.10872382091777e-05,7.8890170105252e-07,0.000312560134448541,6.50466849907089e-05,0.410904812852123,0.588645704188528,6
"19829",0.000350900791766488,4.67633567083667e-06,0.989591812677645,6.5377436661388e-05,0.00804956277429569,0.00193766998396061,3
"19831",7.84108174721239e-05,1.25507897129141e-06,0.859361547634807,0.140307484921943,5.54613312386051e-07,0.000250746933493952,3
"19833",0.00279717204334449,5.09567137575987e-06,1.852604823581e-05,0.99715520782298,2.26654922954116e-05,1.33292176867931e-06,4
"19835",0.000711296101886457,0.0138508568092226,0.000999431371689631,2.35773075085568e-07,0.0282991410568107,0.956139038887316,6
"19837",9.29550115666283e-05,4.0539516329352e-06,0.000694313383736519,5.50407703072501e-06,0.0314774579170718,0.967725715658961,6
"19839",0.00154474780068513,0.00197028052651313,0.964255040335709,2.13629183978658e-05,0.0279980492531884,0.0042105191655063,3
"19841",1.40691891922642e-07,6.70998685217891e-05,1.42317005311246e-05,2.22582371958154e-08,0.99990239222966,1.61132511578721e-05,5
"19843",0.0051501239388872,0.0236499410400617,0.971100542515954,6.76153971929222e-05,5.50527098595962e-08,3.17220551939459e-05,3
"19845",0.000286241590252771,0.926326820459922,2.72529758956151e-06,7.99128148533776e-08,2.75834337890372e-05,0.0733565493056319,2
"19847",0.0186097971402487,0.00696187940818829,0.00439387917300268,5.24422221044635e-05,2.16920633286799e-05,0.969960309993127,6
"19849",4.46396651700707e-07,0.999919274707875,8.77619794800415e-08,6.69535845845998e-10,3.08177826411461e-07,7.98822861315173e-05,2
"19851",0.00115943626218996,2.29761459336523e-05,3.17474761784208e-05,8.76964142592188e-06,5.23817600836867e-05,0.998724688714188,6
"19853",0.000256438801494037,0.0184857674472692,7.25193721133249e-07,5.55071608680745e-05,0.000673679046352476,0.980527882350295,6
"19855",0.000287167004525811,0.000959320761530321,3.63450734176275e-06,2.14731975017489e-06,0.00438037343551444,0.994367356971337,6
"19857",0.00909413830447728,0.0138844875019981,0.00762464170812539,9.98107342572476e-07,0.0212545157807318,0.948141218597325,6
"19859",0.00264056862407799,1.65831553190968e-05,0.000844882702109493,5.78579386307354e-05,0.0126733827975098,0.983766724782353,6
"19861",0.000793397437819309,0.124296371281021,2.56853681646267e-05,6.37711668269294e-07,6.36226617103098e-05,0.874820285539616,6
"19863",9.98555012012283e-07,0.991639147597528,8.92676154444931e-08,7.97958059677488e-10,0.00833120664343577,2.85571384504982e-05,2
"19865",7.7173350859496e-06,1.72306640315285e-06,2.57925446320469e-06,1.91114706772274e-08,0.997869738468058,0.00211822276451905,5
"19867",0.0106613733064907,0.0066135083194941,0.000621637075921001,1.5196286054672e-05,4.71152794817791e-06,0.982083573484091,6
"19869",3.22341849063585e-06,0.991744933719285,1.82059011607696e-07,1.87823009725706e-09,8.67883948895736e-05,0.00816487053009291,2
"19871",0.000913508230557289,2.56222279480784e-06,0.0023095097331756,5.8206733485559e-05,0.0412038558225603,0.955512357257426,6
"19874",0.000619308742081673,7.45094672628287e-06,1.25025795023594e-05,4.24042546681021e-06,0.811015750208326,0.188340747097896,5
"19876",3.8546824682089e-05,0.00039505880529646,2.48498146624731e-06,1.27573947103307e-07,0.297523757172615,0.702040024641993,6
"19878",0.995417601366469,7.7309221375321e-06,0.00385128141129482,4.89625909461307e-05,4.40768946749496e-06,0.000670016019685005,1
"19880",2.3775154482023e-07,1.5947620633248e-05,9.02153570888467e-08,4.45507148141006e-09,0.998615640708324,0.00136807924906981,5
"19882",0.0147666664803341,0.259758819934342,2.10622183406072e-05,1.66733205366912e-06,0.00190745661750745,0.723544327417422,6
"19885",0.00603396664085915,9.68746955602707e-06,0.00448582089191118,4.22605288603872e-06,0.000647015142993908,0.988819283801794,6
"19907",0.0156425139088144,0.0656223622740831,0.000211616662996569,3.2935486800012e-06,3.06496015698814e-05,0.918489564003856,6
"19909",4.8622931267997e-05,0.000165658371350603,0.989170768008469,2.71869255086637e-05,7.32319156194059e-06,0.0105804405718417,3
"19911",0.00050728319337227,2.55123310682075e-05,0.952425895664687,0.00072848007492317,0.021746326670273,0.024566502065676,3
"19913",7.62369610787785e-08,6.58359244356921e-07,3.57195457656719e-07,3.1792932451624e-08,0.999979557156259,1.93192591456136e-05,5
"19915",0.000229750478944372,3.44568866531685e-06,1.41543073061749e-05,3.42539115665499e-06,0.426465501767636,0.573283722366292,6
"19917",4.99417984765446e-05,3.66842332796448e-06,3.70063325431359e-05,6.36970846077063e-07,0.987429993532247,0.0124787529425597,5
"19919",0.00480852324456786,2.24174987586402e-06,0.000246184105780561,2.07493285600611e-05,0.150108400848304,0.844813900722911,6
"19921",0.00530914875780255,0.000238804971208154,0.000158721168615454,4.63388404848733e-06,1.42186920548696e-05,0.994274472526271,6
"19923",0.97546577491731,2.97184848329439e-05,0.00220820831722856,0.00086980939006413,3.14631598933878e-07,0.0214261742589654,1
"19925",0.000151092737863025,1.26833469760118e-06,1.00695001720438e-05,9.44281803161963e-07,0.944655519213124,0.0551811059323398,5
"19927",0.000312038525068062,2.65303586087228e-05,3.37643869932964e-05,3.81237085120557e-06,0.000218051956238546,0.99940580240224,6
"19929",3.1178294800848e-07,0.44241461914815,2.66913629195258e-07,1.48967921193418e-09,0.557405128403198,0.000179672262395265,5
"19931",0.000887886327874959,1.18351255660278e-06,0.000495233510833289,3.76288433695126e-05,0.000928161429587218,0.997649906375778,6
"19933",0.000398072452822369,7.91731145639871e-07,0.661933941582292,0.000752507011017365,0.00113869133074595,0.335775995891977,3
"19935",0.0150035014554224,0.000749627365190474,0.0709607424438523,4.54588758423919e-06,0.00177340998488959,0.911508172863061,6
"19937",0.00308934013415355,3.18190543937219e-06,0.000185856553100101,0.000114296362224389,2.15017790589499e-05,0.996585823266024,6
"19939",0.240726889478133,7.86227989954848e-06,0.000451668973238773,3.70601376129863e-05,0.0017651320560559,0.75701138707506,6
"19941",2.10946058368571e-05,0.000302425037257288,0.942390706986398,4.66633067994077e-05,0.0497468712535875,0.00749223881012146,3
"19943",2.09217169508433e-06,1.7687393691429e-07,8.0694894955127e-07,2.13909853578594e-07,0.999217872942068,0.000778837153496906,5
"19945",0.00592947421160394,3.67352563828252e-07,0.904807848269394,0.00179621295228753,4.90872523767515e-05,0.0874170099617737,3
"19947",0.000622662940641655,0.0261893004062303,0.109884562937637,0.00011049348676498,0.844602906956844,0.0185900732718815,5
"19949",0.906526583099021,1.17835030352903e-06,0.0307668394251527,0.00256322597373684,2.22870742280002e-06,0.0601399444443631,1
"19951",0.0461605128859887,1.37694816200438e-05,0.000976550825254556,1.3765112903701e-05,0.730349308140246,0.222486093553987,5
"19953",0.00134402752695552,6.1511373073638e-08,0.123528157777731,0.87423225924808,5.1843930574537e-08,0.000895442091929592,4
"19955",0.232368922903294,2.07573179810685e-05,0.733853632332531,0.0316426523408711,2.76602175653169e-06,0.00211126908356678,3
"19957",0.000303660146728541,3.04286889398092e-05,0.000849928646832403,0.00100851974479028,0.886272486343913,0.111534976428796,5
"19960",0.00532983106415886,4.53963531506424e-05,0.992851321377505,5.3998053335695e-05,0.000297356814203505,0.00142209633764686,3
"19963",6.81758922934205e-06,8.26776312184742e-05,0.000309055096719258,0.064319016542094,0.934830143350459,0.000452289790279808,5
"19965",0.104157843859524,6.70283238503747e-05,0.895431367108528,0.000216061851904808,2.71517374108121e-08,0.000127671704455759,3
"19968",5.9896177488123e-05,0.193379071739597,0.00137623736829217,6.0980126736793e-09,0.791040493124985,0.0141442954916247,5
"19971",4.7825018587691e-05,7.73580457673076e-07,0.00074380378382288,0.00204505560170566,0.997144882451139,1.76595642875057e-05,5
"19973",0.000647772287387706,3.97660914001644e-05,8.82203503602979e-05,3.54378312384999e-07,0.00474066545803005,0.994483221434509,6
"19975",5.79523375739872e-05,3.22398906586145e-05,2.79485878972548e-05,2.48406994992269e-08,0.974811760017032,0.0250700743261384,5
"19977",0.00116618143130615,0.000163958616338022,5.61543588612967e-05,3.81314906653144e-05,0.997967848921619,0.000607725181210601,5
"19979",7.47129354524766e-06,5.55772558834121e-10,0.999778301334976,0.000212129056441223,7.10849327778975e-07,1.38690993663489e-06,3
"19981",0.000879272813833912,0.000763104570280578,0.0111689337918326,1.04441326834216e-05,0.00047148178678733,0.986706762904582,6
"19983",0.266968149394377,0.000613887199856197,0.0190548902073978,6.25264679559737e-05,4.20647212746611e-05,0.713258482009138,6
"19985",0.000158310953159703,4.51426714378087e-05,2.77748829331596e-06,1.78828689616542e-07,0.825068254409338,0.174725335649082,5
"19987",0.000299631002230959,5.74234494950798e-06,0.0366279352683418,6.01316835366274e-05,0.0417011609053697,0.921305398795571,6
"19989",0.000105735720812007,1.36108552384782e-09,0.996769426973478,0.00310521748606737,4.06963865832577e-09,1.96143889183733e-05,3
"19993",0.564202703953748,1.12383725412996e-06,0.16477940355543,0.000330567761621624,0.0195599129397244,0.251126287952222,1
"19995",0.0339450727817863,8.77523469439255e-06,0.764302384092407,0.000209096964277574,0.00671499860253694,0.194819672324297,3
"19997",0.000436429611731193,4.45634948360268e-05,2.72780729063249e-05,1.63483118204224e-06,0.00856827367410611,0.990921820315238,6
"19999",8.00870095134099e-05,0.00103284249729743,4.18848720107926e-06,9.61884924311744e-08,0.0463286666006451,0.952554119216851,6
"20002",9.39896236549491e-07,0.563752896475964,0.00021592958237243,1.35286952694055e-06,0.435570868634864,0.000458012541035725,2
"20004",4.20704345740191e-05,0.000349461251400543,0.872962702328213,4.14196680480611e-05,0.00558571869452083,0.121018627623243,3
"20006",0.431913391977696,0.00225427048783453,0.556318736398209,0.00157919032591616,0.000766237522051961,0.00716817328829234,3
"20008",0.810705476633542,8.32550105421358e-05,0.182310083353855,0.00270981639176443,0.000109686851882775,0.00408168175841311,1
"20010",0.308382242247081,2.34271435888199e-08,0.65265688094443,0.0239475357990545,4.26306619721348e-06,0.0150090545160941,3
"20012",0.0031893263413721,0.00938932671187539,3.74682035024122e-05,1.30228388791479e-07,0.839427853964696,0.147955894550165,5
"20015",0.00204252506571257,8.08763545358483e-07,0.997943861577576,2.51352662830974e-06,3.77576456688586e-08,1.02533088922919e-05,3
"20017",0.000110438547093416,0.00241108575323648,1.55374731397487e-05,1.50994638413952e-07,0.0196981834143033,0.977764603817589,6
"20019",0.000434627048982038,2.33029227248064e-10,0.997626594536173,0.00193856931735829,5.90341640813541e-09,2.02961041301206e-07,3
"20022",0.00553825220534879,2.49478281595461e-08,0.989840018396659,0.001160181129789,1.55896321929097e-06,0.00345996435715545,3
"20024",0.000415654417680009,1.53396761015277e-07,0.444749278266555,0.55482722638812,5.16690365967453e-08,7.63586184797221e-06,4
"20026",0.000415654417680009,1.53396761015277e-07,0.444749278266555,0.55482722638812,5.16690365967453e-08,7.63586184797221e-06,4
"20028",2.80947704585037e-05,0.000145263410984301,5.7713732720391e-06,5.68636824782144e-07,0.118242997154239,0.881577304654222,6
"20030",6.34229946686363e-06,4.80794856356285e-06,0.999833087363686,4.65734703490881e-06,7.53865981191838e-05,7.57184431292569e-05,3
"20033",0.000228995528181046,3.33634306087131e-05,0.000878802188294484,3.07135731152943e-06,0.200684070504769,0.798171696990835,6
"20035",0.000773567010586266,5.89262327918376e-10,0.996296173280114,0.00292960368450318,7.05788171419015e-09,6.48377653021159e-07,3
"20037",0.00138692436440956,1.87184956472464e-08,0.998325388906106,0.00028683288650596,2.24684731408915e-10,8.34899797914027e-07,3
"20039",5.63644644935268e-05,1.34637541854008e-10,0.000167554066018387,0.999775996971721,5.85904975021207e-11,8.4304538773089e-08,4
"20041",0.975960851478472,6.36240746821064e-06,0.00825681723431942,0.00129582151996556,5.26758646787089e-05,0.0144274714950958,1
"20044",0.864668299209988,3.03077392303355e-05,0.0564311345305571,0.00937609848962512,0.00256960833218971,0.06692455169841,1
"20047",1.90190330139392e-05,1.55232895752418e-10,0.994381058842005,0.00559977589407739,6.62417112745215e-08,7.98339601987054e-08,3
"20050",0.465249013065689,1.64421814632055e-09,0.0739868080875651,0.455433118836726,3.05744089985695e-05,0.00530048395680315,1
"20052",0.0162863312881753,5.59716073354406e-07,0.0132393751441633,0.000834613018930565,0.0332111352390568,0.936427985593601,6
"20054",0.000183988524871352,1.58851534079931e-05,0.999545716867863,1.09540420565023e-06,4.29299661918367e-06,0.00024902105303329,3
"20056",2.8766058464552e-06,5.5224614230769e-07,0.000118037126326703,1.83596259439628e-06,0.998158696811221,0.00171800124786875,5
"20058",0.000244308645680112,1.67334782581862e-08,0.998863214450967,0.00087749510036735,9.96177632764698e-10,1.49640733294788e-05,3
"20060",0.00146380588849153,1.54041837471174e-05,0.000558157960791084,1.13361220869871e-05,0.000325407915973375,0.99762588792891,6
"20062",0.181049268827462,2.73857583670902e-05,0.00559555539208193,1.82314471019222e-05,0.00016829450294134,0.813141264072046,6
"20064",0.000351042565421046,1.74898590973885e-07,0.976821540643525,6.87155026161021e-05,0.000212551511563934,0.022545974878283,3
"20066",3.59540569165259e-06,6.74610904167212e-07,0.999970487395694,1.27859031223704e-05,7.28330819473254e-06,5.17337639314551e-06,3
"20068",0.0112111140757172,0.00115758820023133,5.15878323870507e-05,1.48790285776831e-06,8.18975889201066e-05,0.987496324399886,6
"20070",0.0162952697128143,6.43294355403773e-05,8.78127266768048e-05,0.000229937566812656,4.46867621964539e-05,0.983277963795959,6
"20072",0.0114066560888145,0.00441381610852497,0.98382958141781,2.39693581324161e-05,2.81971314468022e-08,0.000325948829586418,3
"20074",3.00038329866366e-07,0.000447642273707065,6.49946171782006e-08,3.19737679150721e-09,0.999508793128548,4.3196367420628e-05,5
"20076",0.000443337274302496,0.286155685199223,0.00927030898151142,1.09289371978589e-07,0.658248837562706,0.0458817216928846,5
"20078",0.00295877981525343,9.60393023811727e-07,0.963418835357416,0.0022825219439867,0.00013293950261736,0.0312059629877032,3
"20080",0.000202634968212104,7.31618850022642e-11,0.999010962334254,0.000784656079984217,1.96039844772183e-08,1.72694040328942e-06,3
"20082",1.03114044984305e-05,2.21209318520819e-11,0.00357973717229238,0.99640450858016,4.0626881983274e-08,5.40219404610116e-06,4
"20084",0.000448791767656057,3.0141084576353e-07,0.948513733136008,0.0116101653638142,0.0289338166840369,0.0104931916376387,3
"20087",0.049911999174865,3.76580380213763e-05,0.931063465523994,0.000544694000496465,7.39449153623434e-07,0.0184414438134696,3
"20090",0.0514231557181321,2.43421148252339e-10,0.92886956266585,0.019685285717075,1.72041503253789e-07,2.18236140184225e-05,3
"20092",0.256325417779909,0.000700709528233738,0.0155556473628182,0.676200002121652,1.30464481954963e-07,0.051218092742905,4
"20096",0.0757182939015091,1.06845756155949e-05,0.00773303238514346,0.414108037840937,0.00922380325115749,0.493206148045637,6
"20098",0.000426630527260707,4.77938905786041e-06,0.000221948834680621,6.74125874768323e-06,0.204187594634585,0.795152305355668,6
"20101",0.000318651733813965,2.21372818279594e-09,0.998454381524507,0.00104330087113275,0.000110440509117984,7.32231477003958e-05,3
"20104",0.0030727605533083,0.403273865147822,0.00011554133467598,0.0592000066997479,0.00164820957156287,0.532689616692883,6
"20106",0.00442676323796204,7.59871214507037e-09,0.994956080409205,4.51950932961453e-05,5.42350068363819e-05,0.000517718653987813,3
"20108",2.95920813852711e-05,0.000138014865544773,0.000313821447491343,9.05074430752406e-07,0.0145860126713827,0.984931653859765,6
"20110",0.380953472439611,3.36715043074168e-07,0.00428536003370028,0.161744768088002,0.138212284543928,0.314803778179715,1
"20112",0.259057589499377,3.17724726522312e-08,0.720833254847742,0.0104155155383647,2.83506804942414e-05,0.00966525766154916,3
"20114",5.84147971833097e-05,2.19755246000488e-06,0.855791518153859,0.00157013723256423,0.0764555636284736,0.0661221686354595,3
"20116",9.55263817221785e-05,3.85066379818991e-05,0.977338526279852,5.75492857248862e-06,0.0177594969042171,0.00476218886765442,3
"20118",0.00060324386700452,2.64157618940184e-06,0.05682298023298,0.000219418656871428,0.0734621885222004,0.868889527144754,6
"20120",0.00549085806149447,1.79193264042442e-09,0.965418135304378,0.0232046028797621,0.000839322117559508,0.00504707984487266,3
"20122",7.58409009961243e-07,1.38234847704115e-05,4.21607826473366e-06,1.80130446771104e-08,0.998628186752752,0.00135299726215861,5
"20124",0.000845806233231514,1.28001534294603e-07,0.997245366327176,0.00189951250977038,2.1102342154648e-09,9.18481805335735e-06,3
"20126",6.67752764650051e-05,9.87366306888618e-08,0.00518666501362067,0.994744943413559,1.22258697378925e-07,1.39530102749418e-06,4
"20128",0.000197716153954527,1.76329879624718e-09,0.186906336001148,0.812895920296758,1.29776188113914e-09,2.44870786111322e-08,4
"20141",0.000195739390213757,9.35124089007729e-05,6.6226364938765e-05,0.0193143146014654,0.0716766204709708,0.908653586763511,6
"20143",3.79917248079717e-08,8.5407910408599e-06,6.88566524635018e-08,4.44492129502025e-09,0.999967157475616,2.41904400445862e-05,5
"20145",0.00561540894072875,1.65384363341792e-09,0.984385582628849,0.00355648859955591,6.59675065258426e-06,0.00643592142637029,3
"20147",0.000449048827536768,1.61868913405354e-08,0.998349447598603,9.50299512715149e-05,4.45549055064672e-06,0.0011020019451465,3
"20149",1.12487155732624e-06,7.55452881224535e-06,4.56661611713123e-07,3.46671351742603e-08,0.998854751767817,0.00113607750306672,5
"20151",0.000578687509492671,4.02794459961453e-06,0.000275699756864419,2.96963531006488e-06,0.076405168432448,0.922733446721285,6
"20153",0.00346260660582032,6.06441196082946e-08,0.00117905665067152,0.00758538396698801,0.634606585741926,0.353166306390475,5
"20155",0.0346496147734701,5.45796980170288e-08,0.965116226694316,0.000117654842651943,4.07932067404388e-07,0.000116041177796354,3
"20157",7.04410582386274e-05,3.4565586737696e-06,0.000118782782005517,8.71022997100163e-06,0.532038339116756,0.467760270254355,5
"20160",5.22775437968166e-08,1.29526990520223e-06,1.52235611230911e-07,1.13205830497329e-08,0.99995882514031,3.96637560463169e-05,5
"20162",5.64410855921235e-07,8.11238421379132e-06,1.79869511307578e-07,1.15976915180875e-08,0.996459987573647,0.00353114416408079,5
"20164",0.00107655372208922,3.17755254699211e-06,7.37226165638421e-05,1.29210270499409e-05,0.952684792175811,0.0461488329059394,5
"20166",7.88737172863916e-05,0.000156974927919886,0.998921492637466,4.21192106768222e-06,0.00077795832688394,6.04884693756636e-05,3
"20168",1.36344897863709e-05,0.997018804187057,0.00229116893639519,2.45697976110337e-07,0.00066031735321331,1.5829335572269e-05,2
"20170",0.000202442628604559,1.89254148954251e-06,0.00017136551622054,2.85998119770542e-05,0.280646370389951,0.718949329111757,6
"20172",0.00170410980284031,2.75577201941617e-08,0.99535045753114,0.000949011328784953,3.67396431886804e-08,0.00199635703987088,3
"20174",5.06457298063015e-05,0.163073997396906,5.69521751831823e-06,2.75053925145471e-08,0.238821852413944,0.598047781736433,6
"20176",1.54976084413817e-05,0.99978966243576,0.000125876499071984,1.5303611571691e-08,5.17550532764549e-06,6.37726477876177e-05,2
"20178",6.68011439602084e-08,6.28321512815745e-07,1.72175382479522e-07,2.3517850833763e-08,0.999977662102047,2.1447082062881e-05,5
"20181",1.23341812056963e-05,1.00982001732614e-06,0.996849030992255,6.21457400544927e-06,0.00304323652554286,8.81739069736422e-05,3
"20183",0.00413445201593367,3.60840010344657e-06,0.00277665068780604,0.000627015178951892,1.03392283403623e-05,0.992447934488865,6
"20186",0.0827950814908451,0.0036933058839035,0.0201444116602176,0.00346731074471951,3.19858770535874e-07,0.889899570361544,6
"20188",2.50005933230502e-07,8.2986147651818e-07,1.60457271070945e-07,2.48589902413749e-08,0.99974778057661,0.000250954239719307,5
"20190",0.000133630538967217,2.23005428235687e-08,0.999832486372273,1.221007979897e-05,2.6070628028464e-07,2.1390002137814e-05,3
"20193",0.00032416208865026,0.0283650363442111,0.00158808825036923,8.14823299646794e-07,0.969511824825657,0.000210073667812566,5
"20195",0.00396808162415957,3.30634582844552e-06,0.00121866652131369,1.39377733654864e-05,0.812636542592951,0.182159465142382,5
"20197",0.0152747437887586,7.49540112865669e-08,0.983231614651799,0.000319201144540185,7.74866954044718e-08,0.00117428797419573,3
"20199",7.36270544724754e-05,1.43146731481604e-06,3.47494985385428e-06,3.44277564990095e-06,0.934592914888393,0.0653251088643158,5
"20205",0.000847073906331346,1.34838725193692e-10,0.000134371417215263,0.999007382989138,4.29425979465786e-09,1.11672582167891e-05,4
"20208",0.00252940214981103,3.38231410879044e-05,0.00143920901367439,5.94552896870698e-06,0.0143348305818086,0.981656789584649,6
"20210",2.63638210013903e-06,3.39393668311172e-06,6.942046414284e-07,5.64043577807237e-08,0.987972010820936,0.0120212082512811,5
"20212",0.000318410455793536,5.92232537532194e-06,0.000104655275933491,2.79563198946433e-06,0.872465749176817,0.127102467134092,5
"20216",0.000130871288040319,2.26710429133747e-07,0.998244933714987,4.24942351471504e-05,4.64834569639371e-05,0.00153499059443208,3
"20219",0.0114760316317476,4.42692476937684e-09,0.342192562241106,0.640434072731809,6.34663325100233e-05,0.00583386263590185,4
"20223",0.00692717796049831,0.00184323200376609,0.991010761477702,0.000215319183129238,9.54876462382509e-10,3.50842002834248e-06,3
"20226",0.947988780486964,2.13367478567659e-07,0.00395856770512157,0.000282404652723733,0.000235937721775406,0.0475340960659366,1
"20230",6.08775122569404e-05,1.68124300470458e-08,0.999865514121514,6.5725077515242e-05,2.95648222665344e-08,7.83691146109783e-06,3
"20233",0.000274892993684119,6.42458382124906e-07,1.73864184924688e-06,0.997876892801116,2.22550243776234e-05,0.00182357808059074,4
"20235",0.112835120822058,0.000155853475332988,0.857380065865806,0.0294984865250829,5.70695363379458e-09,0.000130467604766586,3
"20239",0.180924517727131,0.00272117096951596,0.810208791657414,0.000461364293989981,1.4319181695054e-06,0.00568272343377936,3
"20254",4.92391257316123e-05,3.98193965062756e-12,0.00416264887336752,0.995787168610085,3.33999127599524e-09,9.40046842964615e-07,4
"20256",0.000257811221060782,2.83233667150361e-07,0.999496096485812,0.000212040471153728,3.82890023960798e-09,3.37647594064765e-05,3
"20262",6.7234472097257e-05,2.39072824234936e-06,7.81998122107904e-05,2.2448928789135e-06,0.634403086565048,0.365446843529523,5
"20270",0.000384664714351469,0.00222933520558724,0.978747437695566,1.75772812639743e-05,0.00380213203049068,0.0148188530727405,3
"20284",0.0460579411527166,4.0661985441987e-07,0.00976160951672969,0.363368668831434,2.91840852838431e-05,0.580782189793981,6
"20287",0.0022941129792318,9.96376423579374e-08,0.997608766587783,9.67042242977752e-05,8.88941567188106e-10,3.15682103235776e-07,3
"20290",0.00435585092773735,3.51706137033025e-10,0.00177037807513793,0.991755435893497,2.46309758322675e-05,0.00209370377608938,4
"20293",0.000611647946776099,8.41724816587962e-07,0.952709895971476,0.00195578352242927,9.5980964546103e-06,0.0447122327380475,3
"20296",0.000487713018442521,0.0161979201347697,0.00719115776760533,7.87397381995636e-08,0.688012675248298,0.288110455091146,5
"20301",0.0010784029862511,3.81246510505525e-08,0.998558901235971,0.000352521066501766,9.84684016704444e-06,2.89746458309724e-07,3
"20304",5.6172600270549e-06,7.36138233290997e-11,0.00439133449507199,0.995589051253634,6.59208503594301e-08,1.39309968025098e-05,4
"20306",0.000204825908006708,2.10667548656894e-08,0.997931480977476,0.00185147791174922,1.03639669790437e-09,1.21930996167576e-05,3
"20309",0.16649674630116,1.61057700095701e-06,0.514465041036626,0.00368666354088662,0.000179640413701172,0.315170298130626,3
"20311",0.000591352225166324,1.25370908214049e-06,0.994663450351398,0.000734822304607023,0.000313390984523977,0.00369573042522238,3
"20314",0.00073098012949499,4.91883531348199e-07,0.00186296663135316,3.60042841223882e-05,0.0217175121825196,0.975652044888979,6
"20318",1.17764271928486e-07,9.72664141961665e-06,1.43235770832876e-05,7.3230637190709e-08,0.999875806444998,9.99523415896511e-05,5
"20320",0.524636466492581,1.65118735490652e-05,0.000939596457551438,0.00174560957947726,0.00210669486944085,0.4705551207274,1
"20326",0.000335317485021835,1.16908128629912e-06,0.00254546340534729,9.01985131019071e-05,0.048142447040687,0.948885404474556,6
"20328",0.140688631934936,6.69439340864221e-06,0.000874910467564337,0.00137339217899879,1.55951519899376e-05,0.857040775873103,6
"20330",0.827938578250576,8.52448095484604e-07,0.167792263559111,0.00393787978153324,8.17345776456892e-07,0.00032960861490811,1
"20336",0.00199726168782412,9.40751069012517e-09,0.0115071486885039,0.960983243432585,7.28277541979339e-07,0.0255116085060347,4
"20338",0.00332200244822,4.10616984492423e-09,0.0159389999302858,0.979540624339547,9.61849987981001e-05,0.00110218417697918,4
"20340",0.000125702226265776,4.50282054152331e-08,0.999496418368961,0.000375537064728493,1.8029544526301e-08,2.27928229505582e-06,3
"20342",0.0234524981843073,4.49316314475318e-05,0.000415506418284857,0.975742798438477,0.000245716085634671,9.85492418484361e-05,4
"20344",0.000191978888144416,2.26580449978491e-07,0.997966513163125,0.000502939360194902,2.88253704577328e-07,0.00133805375438143,3
"20349",3.02758709283809e-05,1.12519050381469e-07,0.999822437988708,0.000125573511933208,2.5179161535446e-09,2.15975914634816e-05,3
"20351",0.00798905032540331,9.98161239685233e-07,0.930475961940895,0.0127278728171347,0.000537340977569732,0.048268775777758,3
"20353",0.671372147289684,1.31501253849164e-08,0.305187690852343,0.0232407311050359,4.03654219161446e-08,0.000199377237389561,1
"20357",0.0021981870353596,1.38886908104628e-10,0.000826883631830614,0.99696955087996,2.7210475187713e-10,5.3780418577614e-06,4
"20360",0.718811608319509,0.000275099629787518,0.00500275451956005,0.275830294520531,7.04092735397155e-07,7.95389178773745e-05,1
"20364",0.246825294765048,3.20202553420113e-08,0.719308503294473,0.00221657873250289,1.21316782367222e-05,0.031637459509484,3
"20366",0.000601189138395926,7.42661582706361e-09,0.000960264400054959,0.992121064398012,9.71073216418735e-06,0.00630776390475773,4
"20381",6.49036786099151e-06,0.979562942887259,1.0530439863448e-06,1.31515654994254e-07,0.017100665485587,0.00332871669965213,2
"20391",0.4841248061631,0.257345965810876,0.20406586030125,0.0182464614541936,4.76528068784663e-08,0.0362168586177734,1
"20394",0.0166453763762481,0.00220158183625215,0.000120357023649876,1.79797743321203e-06,0.00109348842934616,0.97993739835707,6
"20396",8.60654102851142e-05,0.765312217729906,7.81367911569678e-07,1.34462854110938e-08,0.0146179621482099,0.219982959897402,2
"20409",0.000153769169758021,6.23318803176647e-06,0.612946362421334,0.000879313677100141,0.168902096329845,0.217112225213931,3
"20411",0.0209742411542115,9.02970961068916e-09,0.871490918047043,0.10729234478083,2.36219242863455e-09,0.000242484626013434,3
"20416",0.000157011574843781,1.50861631166162e-10,0.0314960024727597,0.968346958865704,2.33188261957629e-11,2.6912511946951e-08,4
"20418",1.13751347034668e-05,0.780415617334853,6.91154423425768e-07,7.01819627318692e-09,0.0670728621258619,0.152499447231962,2
"20420",0.00110108954991719,8.24345480525677e-07,2.24509105293708e-05,0.975320649975822,0.000220894583880458,0.0233340906343709,4
"20422",0.0329700986652112,4.31996214603578e-08,0.966392278675972,0.000247291644022468,4.5014552253637e-05,0.000345273262919093,3
"20424",0.0703758462288743,4.19294614270141e-09,0.891974114911713,0.0374872319877413,7.66101193887319e-09,0.000162795017713087,3
"20426",4.8592884143946e-05,4.44787884655023e-10,4.10641684199032e-06,0.99983831958503,0.000101489861504005,7.49080769236281e-06,4
"20428",0.106843907984519,0.00241918307053174,0.846125981014618,1.43149313215271e-05,1.29126510581531e-05,0.0445837003479516,3
"20431",0.258090708200674,1.62813295756038e-06,0.0240324271636826,0.00410794858418134,0.104874949274766,0.608892338643739,6
"20433",0.000515027088808977,0.00015920550984197,0.99931192829554,1.22299034373503e-05,9.79505893263247e-09,1.59940731256861e-06,3
"20436",4.53509877038114e-05,0.99343635602966,0.00647333014518278,1.24918015381343e-07,7.0709713076378e-06,3.77669481303949e-05,2
"20439",5.35991232694766e-05,0.264711682300165,3.3202880524695e-06,2.28724692867099e-08,0.237470764620902,0.497760610795142,6
"20441",0.0150615875056822,4.0969173981692e-10,0.000762805413600642,0.984116745864306,1.78650712329305e-07,5.86821560073307e-05,4
"20444",9.08787263021807e-08,2.47478865134782e-06,8.70704292975463e-08,6.82760764735863e-09,0.999852605066539,0.00014473536804675,5
"20448",9.00166946812221e-05,0.000180400356231656,0.00972545396021411,0.00110236108255109,0.159709154387602,0.82919261351872,6
"20536",0.00472912636694767,0.761974128557511,0.00015323380735343,4.00773474486864e-07,1.41073325618647e-05,0.233129003162151,2
"20538",0.000261231142626398,7.00163281169157e-06,0.214557837033036,0.727156915673036,1.61587015725441e-06,0.0580153986483335,4
"20541",0.00319513873064478,9.09056237943091e-11,0.940570234446266,0.056230025063273,5.00411982373868e-09,4.59666479088772e-06,3
"20544",0.00215400943215905,2.87975956858111e-06,0.198461056066982,0.000705858273487549,0.00419595587638509,0.794480240591418,6
"20546",0.00719188201985065,8.10183603497276e-09,0.986405893739994,0.00555790546409487,1.00481029579987e-08,0.000844300626121706,3
"20550",0.991157447251583,9.48656278864175e-07,0.00477008816546423,0.000236222101179023,9.39524056272105e-05,0.00374134141986792,1
"20553",7.75959112008609e-06,8.80626286651847e-10,0.0227990644478945,0.977193002551441,1.6737255021469e-07,5.15636742609248e-09,4
"20555",0.00382303758913777,3.69975083653729e-07,6.09176136406316e-06,0.994850431783689,1.1247656303296e-07,0.00131995641416191,4
"20557",0.951985473098422,2.42560270974974e-08,0.011164501578931,0.0126087460532615,0.000325264215528322,0.0239159907978304,1
"20559",0.000204853162706627,3.46286361664219e-09,0.999533311187923,4.29900696203146e-05,1.3292284930021e-06,0.000217512888393568,3
"20561",0.000481145662693243,4.59425168560389e-06,0.000804121227359792,2.87384838063247e-05,0.282166049822097,0.716515350552358,6
"20564",6.68011439602084e-08,6.28321512815745e-07,1.72175382479522e-07,2.3517850833763e-08,0.999977662102047,2.1447082062881e-05,5
"20566",0.118219026808586,5.15201332618064e-05,0.812031745756472,5.85143719672908e-06,9.87024815486011e-05,0.0695931533829348,3
"20569",5.7691095754842e-05,0.000430331129336789,1.27618926615727e-05,1.5010403808848e-07,0.132580487568841,0.866918578209368,6
"20572",2.79262998506876e-06,0.000604955792702167,6.50934714648156e-06,1.83803891442488e-08,0.931258789831171,0.0681269340186055,5
"20574",0.0016783971222031,6.20778406192511e-10,0.996557644248661,0.00161202078907567,2.75995798498196e-06,0.000149177261296441,3
"20576",2.66876261768191e-07,4.58487200813893e-07,1.24822739685158e-06,6.76525031592406e-08,0.99983127751414,0.000166681242497477,5
"20578",0.0268395073410075,1.35276560029805e-06,0.789069575969039,0.0005252482524479,0.0055816105715648,0.17798270510034,3
"20580",0.00162738050969379,1.56289038192756e-05,0.837530835952657,4.67926417792031e-05,6.24144073480632e-05,0.160716947584703,3
"20583",1.74343538177387e-07,4.55306040710833e-07,9.0324841460024e-07,5.27237037663413e-08,0.999913069716022,8.5344662280954e-05,5
"20586",0.00178772074296127,9.03295110096272e-07,0.910665275938125,0.00153325845771131,2.92853192250804e-06,0.0860099130341701,3
"20589",0.00392918863127076,1.16755407058022e-07,0.995934407537759,0.000119485701124959,7.58978877826228e-10,1.68006154591964e-05,3
"20591",0.773044787234923,1.67603566332389e-05,0.00117101718857544,0.0485598010711443,4.70607739480051e-06,0.17720292807133,1
"20593",0.000342409449140109,9.1796630428826e-09,0.999614091052881,4.33951228857752e-05,1.17817275238604e-08,8.3413702339616e-08,3
"20595",0.000205650290922082,4.12664618195197e-08,0.996544002478375,0.000223872873180671,3.84909466395058e-05,0.00298794214442118,3
"20597",1.15268404239809e-06,0.999079982853939,8.85141520909355e-08,9.45372058026184e-10,5.08939891405484e-06,0.000913685603580374,2
"20599",3.7629695251219e-08,1.07903722289055e-06,2.311635802437e-07,1.22728782966737e-08,0.999964388594951,3.42513016721108e-05,5
"20601",0.0160400529482794,4.11864238351992e-06,0.00022000537890753,2.33437594513358e-05,0.000271546465235002,0.983440932805743,6
"20604",3.96355507636786e-05,2.00093787960071e-09,0.999910559200341,4.31559022030539e-05,7.02916734970833e-07,5.94442901980467e-06,3
"20606",0.000502529751705119,3.27833060163644e-09,0.999441893191235,5.04298477839859e-05,1.72659786882133e-08,5.12666496669016e-06,3
"20608",0.0207611212811415,1.4908047710566e-06,0.978919215626037,6.49408848706312e-06,2.36060491782168e-07,0.000311442139071218,3
"20610",1.17539695233806e-05,7.04424308848357e-07,6.7537308756127e-06,3.37724021484791e-07,0.998966453327171,0.00101399682409966,5
"20612",0.000261643000263868,0.642731315443632,0.213001015388389,0.141799655848653,0.000918249399917001,0.00128812091914483,2
"20614",1.37637896869703e-05,6.41955795094599e-07,8.17407367698092e-07,2.00215972860506e-07,0.993683359177057,0.00630121745412016,5
"20616",0.000794311393343561,3.74053234483667e-05,0.00467533330868319,7.16231136108967e-05,0.000526621075841818,0.993894705785072,6
"20618",0.00168573436585859,1.73313433505706e-09,0.000174880625355169,0.997336322385903,1.58334455451967e-05,0.000787227444203472,4
"20620",9.16453937453622e-05,3.31297738924384e-05,0.999417947885515,2.90356194546292e-05,2.26902293410009e-05,0.000405551098052233,3
"20622",3.42703525303138e-07,2.67574164340524e-07,4.17197451473034e-06,1.0257008999089e-07,0.999505161956046,0.000489953221659336,5
"20624",0.000390723218935155,2.69384168093352e-08,0.973431540793297,0.0258451178511311,3.41963861373101e-08,0.000332557001833998,3
"20626",0.00697690172523731,0.223576927700491,0.754221090609058,9.59974257118765e-07,0.00115369879586813,0.0140704211950889,3
"20628",0.531986723319561,0.16222801890012,0.153309127490042,0.000102553122323333,0.00042147362210417,0.151952103545851,1
"20630",0.349744030418229,3.24309448876358e-06,0.580225650580559,0.000136018172468465,0.0132747510784507,0.0566163066558041,3
"20632",1.14185063763789e-06,0.000843527854948997,9.80885430037488e-08,2.65561774216145e-09,0.991303505458231,0.00785172409202163,5
"20634",0.000916221920684181,7.29544656945944e-09,0.999041323703827,3.31892662610196e-05,1.29297435396469e-08,9.24488403728455e-06,3
"20637",0.000972294598387572,7.43613131616656e-12,0.00750672800264689,0.991496067828841,8.16962644618628e-06,1.67399362426239e-05,4
"20639",7.50963125031095e-05,3.55540285887179e-06,1.11753880479095e-05,2.10932383838815e-06,0.61061016674017,0.389297896832582,5
"20644",0.000523660130407966,7.24985711014365e-06,0.331930669827882,0.667538372878565,1.99239069528189e-08,2.73821275163915e-08,4
"20646",0.31290860883243,0.0016248255563727,0.673930300892285,0.0114785410429416,9.43322358485242e-06,4.82904523852781e-05,3
"20648",0.000475076403133411,8.33160009742513e-07,8.11214526533082e-05,1.73447325520237e-05,0.00762589313816324,0.991799731113488,6
"20650",0.00135240552252881,1.96836007226147e-08,0.692506798141961,0.306062514496046,2.84357724572824e-08,7.823372009116e-05,3
"20653",0.041783887619927,9.33859579304736e-05,0.000282161951185627,0.000297932390682639,0.00324718440793672,0.954295447672338,6
"20658",0.000666631173290529,0.000162927113440923,0.999110966120498,3.37384643693098e-06,1.42099768559857e-08,5.60875363571848e-05,3
"20661",0.0003653722066164,9.60889713682437e-05,0.0342218303606022,0.961076069517418,8.33914551787315e-07,0.00423980502944351,4
"20663",0.0176127855156177,3.412202213025e-06,0.574424220173348,0.00151260558080812,5.5093900586299e-06,0.406441467137954,3
"20665",6.92322708632012e-08,3.79670542818784e-05,1.75604179480955e-06,3.25507571083496e-09,0.999925828313171,3.43761034060386e-05,5
"20667",0.895153303056687,0.00514967153323807,0.0037641197878292,6.30551137308918e-05,5.90260745665267e-05,0.0958108244339479,1
"20669",6.1548614318099e-06,0.965975512446406,5.83281495441036e-07,3.81940708466362e-08,0.000183789560830265,0.033833921655766,2
"20671",0.0051040867494721,2.18420200567909e-10,0.158729569181464,0.834584772191038,7.90564121021776e-05,0.00150251524750283,4
"20673",6.07333390830497e-07,0.999085570595897,4.96672056020535e-08,4.2154803108999e-10,2.69684218037665e-05,0.000886803560154614,2
"20675",0.0010872157582512,0.223556280575992,0.00685140610694531,5.02532643392848e-06,1.59580578333933e-05,0.768484114174544,6
"20677",0.0161112760445372,0.000656850620662443,0.557497207470587,0.000216961614050257,4.12077524296416e-06,0.42551358347492,3
"20679",1.58979184726224e-05,0.963246287708126,1.5284848521897e-07,1.45906418996893e-08,0.000791647391828022,0.0359459995424457,2
"20681",0.0012451382646993,0.0571646664114741,5.64687563865609e-05,2.17431513349517e-06,1.65568330803832e-05,0.941514995419226,6
"20683",0.127978945514559,0.00462295144673566,0.391505401607886,5.84079795419867e-05,1.27050013853905e-05,0.475821588449893,6
"20685",0.0091793062872843,1.51667978062834e-06,7.52668978637215e-06,0.979689757220646,6.16884394276917e-05,0.0110602046830748,4
"20687",2.59230077445026e-05,1.93878903008416e-06,3.54876094255861e-06,6.51708906636384e-07,0.911877064570572,0.0880908731628042,5
"20689",5.65307164061843e-05,1.52951092222228e-05,0.150086180711184,0.849841194704034,8.79194735611805e-09,7.89967206617276e-07,4
"20691",1.9107345963501e-07,4.35444910952437e-07,2.01308059181322e-07,2.69458837041901e-08,0.999777243824139,0.000221901403547657,5
"20693",0.000111379825821757,3.84384002325945e-08,0.998835007750712,0.00104728821096092,1.2492815199975e-09,6.28452482362055e-06,3
"20695",0.000567041646754312,1.18093681153431e-05,8.32687287160715e-05,4.59856437481518e-06,0.00188066944476962,0.99745261224727,6
"20697",0.000207748823187225,6.15412752630253e-10,0.999471278287918,0.000222285940161155,2.88742598229196e-05,6.9812073498303e-05,3
"20699",0.00382309004742197,0.016272957076879,0.329890521467409,4.23612717373653e-06,9.65665769383483e-05,0.649912628704178,6
"20701",0.0829706369717913,0.000657047460427923,0.873169787846162,0.000116187601359246,2.46146009750577e-07,0.04308609397425,3
"20703",0.00658884440402476,0.979102136945512,6.51395445949681e-06,0.000451565224732053,0.000121815153008731,0.0137291243182633,2
"20705",0.016101237517765,5.73087873672099e-08,0.979772657757694,0.00321802098319998,8.58836900004695e-08,0.000907940548863666,3
"20707",0.0149008643075544,4.08261268807018e-06,0.00276183009489089,0.000148985487801582,9.08618262323928e-06,0.982175151314442,6
"20709",0.000585778174854456,0.00030303615694155,0.0253806455818774,2.86451378324686e-06,0.898311694309216,0.075415981263327,5
