"","V1","V2","V3","V4","V5","V6","V7","V8","V9","V10","best$classification"
"19812",0.00117962613903922,0.497927602526952,0.015507030552723,3.12775816974646e-30,1.12063748880146e-11,1.7275370956484e-05,0.484983345877263,1.3215911075029e-06,2.38781218176015e-08,0.000383774052630743,2
"19814",1.531761346753e-05,0.740771627338444,0.00169598517155331,1.80006532763715e-06,0.0640331984169455,9.30646854208588e-08,0.190244716669738,1.78525162428798e-08,5.88104224987192e-06,0.00323136276507309,2
"19816",7.85496196455975e-06,0.10847676775628,6.41076493843947e-06,5.14829549280245e-29,8.7218900091636e-27,7.75658975414958e-07,2.84051810237908e-17,0.873755968537963,3.39437458944106e-07,0.0177518828824202,8
"19818",2.36651505044471e-10,0.983814151944899,0.00160316752084921,6.49059924152368e-10,0.00150488064356136,9.30246655535586e-07,7.20216742205848e-10,7.83128408735764e-06,5.40187728520604e-08,0.0130689827352466,2
"19820",7.13462057205968e-13,4.38865151530376e-06,2.87306993226879e-10,2.67832850228003e-62,7.46439803741191e-136,3.34260541891841e-31,1.4575058803801e-89,0.987761163302045,0.00285940105232317,0.00937504670609611,8
"19822",2.96182334088884e-09,3.03440383939086e-14,1.26240697487241e-05,4.84126021330631e-49,4.83528999351195e-177,9.95152620459588e-34,1.77236846792784e-85,5.54621047166624e-05,0.00155094798279496,0.998380962880886,10
"19824",5.37831598506966e-28,0.000217701094964986,3.86551151233372e-09,1.43623383445275e-27,1.69001066941388e-51,1.51234670189136e-14,6.71810948158522e-58,0.00143147584468074,2.38562533709571e-05,0.998326962941457,10
"19826",0.0617118289278206,0.727386200238565,4.00726967373855e-07,1.01821876151878e-21,6.14844837391911e-16,0.0887663406174646,0.037800802223723,9.26095901084249e-09,0.000162506938183862,0.0841719110663159,2
"19828",6.57044204281577e-14,0.00642059068141416,0.000564408755077014,8.11967402269491e-33,2.73018761201877e-61,2.35831728448553e-21,1.00170489995532e-47,0.983812187116953,2.81167268285005e-05,0.00917469671966134,8
"19830",0.586185199730731,0.00259690859285213,0.406806119164336,5.72127955755485e-23,1.21661956783885e-20,0.000523216302217356,0.00382535237836239,1.08075824286331e-22,3.75130445647458e-06,5.9452527044942e-05,1
"19832",8.21045745621723e-10,0.0132744282603351,0.986530922397346,1.70506629644054e-67,1.5507257125829e-37,7.16158842856487e-28,1.35108904472337e-11,2.53171852729252e-07,0.000130725038022171,6.36702978878007e-05,3
"19834",0.048553159783482,0.0077316150377101,0.0526300026291985,9.9550753667744e-25,8.87663318008788e-39,4.69467259324159e-20,9.39573896515679e-19,0.0286265763837601,2.65680355139908e-07,0.862458380485494,10
"19836",2.71661458988903e-07,0.961373640141014,0.000919437228600843,8.74767949711316e-49,1.32156918807049e-20,0.0355388051235798,6.64648758990532e-09,4.69620881698614e-08,1.67540429919605e-06,0.00216611683247153,2
"19838",1.57760584892583e-05,0.00167548433039024,0.00231786669162776,4.21718518492428e-14,0.000732594905251211,2.26519816805359e-09,0.995257594199206,2.4058492471455e-20,4.72771974620687e-08,6.34272597432864e-07,7
"19840",0.176252382499382,0.198106276507003,4.67484286052902e-08,4.22805647903606e-37,2.49361510828337e-30,1.38150902541462e-06,1.65057912505353e-14,0.0129617186308897,0.0032965815734548,0.6093816125318,10
"19842",0.000141358849358978,5.85915795855459e-11,8.34712031221383e-12,8.82418657568674e-31,2.12699355699334e-41,0.999484870626542,1.12913067865084e-06,1.22590883970492e-41,0.000372625986309677,1.53401726598721e-08,6
"19844",2.42527653421788e-15,8.62221751795533e-24,9.70991678520806e-29,0.994803884115212,3.85370686680314e-49,2.0203783663809e-12,2.17950019784609e-59,4.25589086784562e-29,0.00513670769780578,5.94081849590536e-05,4
"19846",2.34185152973184e-10,1.12928914508526e-05,8.22803799428563e-08,7.42212683466169e-05,0.983514238805533,0.0141904831656289,0.00220245555197028,1.31409048151545e-31,5.37350834533607e-07,6.68845167113353e-06,5
"19848",4.41731564788439e-09,0.000188606226337568,4.04420034724429e-06,0.00407339176945474,0.0100707805995174,0.000852563809033468,0.984800224534906,1.4742325026501e-26,2.60059797534913e-07,1.01243832900662e-05,7
"19850",1.17062218463235e-07,0.00128154144036155,1.50824293675234e-06,6.01793644300701e-07,0.990842432463412,1.29603250229547e-08,2.22536192069368e-07,2.05185847815336e-19,7.30499320297641e-05,0.00780051356888042,5
"19852",1.30527306522515e-07,0.938897572764648,0.00174096260734575,1.82595006805498e-16,6.05101907374126e-09,3.31254417239317e-08,5.46181229085207e-11,0.0479010713190794,3.31872363622248e-07,0.0114598916781771,2
"19854",1.13556612111946e-07,0.000162253420700209,1.96483169668927e-05,1.85474737273326e-05,1.8934215355721e-07,7.8940803245918e-05,0.999719660410655,4.25129775259142e-25,1.91755581984843e-07,4.54920356833652e-07,7
"19856",8.34609670464279e-09,6.77397404323205e-11,6.20544283206466e-11,3.57576045811658e-06,3.18568853567909e-35,3.22436499466956e-09,1.6836979928526e-17,3.47902050609299e-23,0.00139589683823517,0.998600515701051,10
"19858",4.10519362246983e-17,1.50405869359593e-09,1.9898449440381e-10,2.3522636154667e-07,9.274245261118e-33,4.19316712888451e-17,8.4748080195673e-45,1.63503652324121e-12,0.000246660376788658,0.999753102692171,10
"19860",0.00516789525344162,0.906286774909196,0.000501899582164097,8.14394308121955e-26,9.97507533635768e-10,1.26629742831078e-08,7.29202508123823e-06,0.0142589706147998,1.17621599641006e-05,0.0737653917948715,2
"19862",2.53577185230119e-08,1.43533355328695e-06,8.26509838908716e-08,2.37454158983367e-16,0.994790908912134,0.00506984307503319,0.000135078688719747,1.57467673264876e-35,2.58184900094597e-06,4.41328562885962e-08,5
"19864",2.56420021628796e-13,6.2585046578383e-23,1.56783123439257e-24,3.91791806526333e-50,1.70248573584266e-121,0.521921697229746,1.38933053075784e-66,2.87973151699163e-39,0.478078296448072,6.32192511407167e-09,6
"19866",0.00174565888696242,0.00776965255137528,1.22473431486061e-09,2.37228155463222e-48,8.33251597161689e-61,5.74777825956325e-05,1.39772379715337e-29,5.9683340142712e-05,1.37913389817514e-05,0.990353734875208,10
"19868",4.26037215503397e-07,2.83989228688846e-38,0.000436239608382257,8.8180490657408e-55,9.87454369621172e-221,1.35334823019444e-45,4.38129122598944e-64,2.92366255759764e-42,0.999563334354402,4.43502380205872e-26,9
"19870",1.88849373410502e-08,0.338129887780539,0.00284027149404884,6.98090592484869e-14,0.512604471157585,0.142091721254911,0.00393897533890557,1.69200791110669e-17,3.85979481011292e-06,0.00039079429419247,5
"19873",5.39929436297403e-07,0.822396324496504,0.000318637512813023,6.48871757860724e-22,2.0431316523294e-06,0.00449167199094951,1.27045281018107e-06,8.84260877977862e-09,6.49200547616103e-07,0.172788854442678,2
"19875",1.39025388405432e-05,0.0886925703882894,8.17065199843105e-05,4.72130299880058e-52,1.05738941314329e-51,5.5835869866043e-21,1.87128671982124e-24,0.85827532847607,0.00111709811158621,0.0518193939652293,8
"19877",0.000553250412019733,0.957856518648834,0.00716800791423999,9.79164647770482e-10,0.0265168749508371,0.00220907827035753,0.00115454564870871,4.6824029805667e-09,2.02836256779631e-07,0.00454151565717858,2
"19879",8.97197694426543e-07,0.943123016518497,0.019427072818464,3.50139385616622e-11,1.31372071853293e-17,3.61595532236573e-06,2.17828732229223e-13,7.97996201346633e-06,8.55325330585353e-10,0.0374374166574519,2
"19881",7.12437240160906e-06,0.303823966867674,0.000199616482637911,3.76530234745945e-17,1.57632355788702e-09,0.14775151617504,0.000202583374848663,1.37380088199089e-13,1.47482454178237e-08,0.548015176402691,10
"19883",1.22878034829978e-05,0.00375276817015993,2.0479456812706e-06,6.1754051933265e-24,1.93712359865778e-14,0.96603057082686,0.00481294990665043,5.29806337771179e-17,8.68379694181513e-08,0.0253892885091761,6
"19899",0.347979411537759,0.648697862513886,0.000143986900712709,6.27284335276323e-32,1.05081973116119e-43,4.36840083149413e-07,2.71074275837937e-14,6.7230842728366e-07,0.00275683121834218,0.000420798680762753,2
"19908",0.935500929707317,4.77164355900562e-24,8.40215388620794e-17,3.77523455096842e-45,4.16728756796223e-155,6.47154773883295e-14,3.85784592749381e-58,2.85093442094329e-29,0.0644968231122463,2.24718037143842e-06,1
"19910",1.7364054888918e-09,0.98430582617554,0.00234812538066045,4.03351640953087e-16,3.1752822416296e-08,0.000719109197236446,2.35486880623362e-08,0.00325986751946889,4.83641897747662e-08,0.00936696632498793,2
"19912",0.0102053217806852,1.45789997446825e-09,2.4355838244394e-09,8.61066061122736e-18,6.89358661199978e-25,0.984537253590617,0.00513339964489553,1.54275467784927e-38,0.000120680799478364,3.34029084003782e-06,6
"19914",0.00561717345266605,0.771505515521875,0.070554077174195,2.23329105499691e-15,1.87251658619274e-20,8.48478845094323e-08,2.21394559994469e-07,1.10881346599995e-05,5.43418967135967e-09,0.152311834039967,2
"19916",1.51538397965902e-15,7.60353355621479e-10,2.27980354452318e-19,1.31113060927471e-43,6.94271809409755e-88,3.84591780983558e-08,1.13086543164282e-66,2.53542087769297e-12,0.00788504173654805,0.992114919041384,10
"19918",1.94128353337345e-09,0.0152044736912222,9.96939064395048e-07,0.000259670882193949,0.915158286644995,0.0598920916259934,6.91848203769892e-05,5.92520855120848e-17,5.19845369985922e-08,0.00941524147033376,5
"19920",7.23864655648648e-06,2.00177588110824e-05,3.15316070263932e-10,0.973496554289624,0.0246024744785043,9.2420848630908e-05,0.000882573174536673,6.38343531165588e-22,3.80039115241075e-05,0.000860716576496748,4
"19922",4.38768922800595e-23,1.3074743529158e-07,0.999153162280503,1.35326579447377e-61,7.53424108476596e-50,1.29747791345486e-27,1.71238081853487e-17,3.15812203540988e-13,0.000846706971532672,2.13502335647714e-13,3
"19924",0.000448882003888142,0.975313907100754,0.00014834530298748,0.00428326510040356,4.32068270925848e-07,0.00240783857777399,2.52131962201288e-06,7.48442562548543e-08,2.03852814441302e-06,0.0173926951538998,2
"19926",0.0289074531143375,0.929608211884692,0.0390356494224062,4.09427151435739e-45,1.52808155587827e-61,0.000116264263326684,6.11055206740265e-15,1.49157505277624e-08,5.02394915380463e-05,0.00228216690794293,2
"19928",2.02758254922191e-12,1.03155811984428e-35,9.3186623187594e-31,1.31551287552669e-48,1.55269833878058e-120,0.909374248184033,2.00781719608804e-53,2.37414810289626e-65,0.0906257518134805,4.59310293611712e-13,6
"19930",1.04201145990763e-08,0.0611172259472647,0.000774970977375785,5.55450200100099e-19,0.913891680545263,2.86828116252034e-05,0.0241671118848633,4.14370725293564e-12,5.17016817670253e-08,2.0265707668097e-05,5
"19932",2.24118999688305e-07,0.00341096385973195,0.000186107550975381,4.29858963027487e-10,0.804645145398309,1.19706763141327e-06,0.191755562972627,2.21055154539626e-20,1.15999828601698e-07,6.82602038816331e-07,5
"19934",4.47420777379974e-07,0.178500852618904,0.0336217247526826,1.90976010684855e-20,2.41524191804947e-34,3.94319152843413e-18,1.22746446171792e-18,0.260464809969091,2.40775725941823e-08,0.527412141160973,10
"19936",0.14086493831789,0.847113849758921,0.00488439856303239,5.5659604151486e-16,1.18413774066177e-08,8.22282262294024e-08,0.00461192681799107,1.36372014855082e-07,0.00222994097843914,0.000294715122107271,2
"19938",9.46015209162136e-05,6.18714918225996e-05,5.31878949823308e-07,2.82007618667489e-25,3.37850354778983e-115,1.53302803653555e-15,4.09871862024413e-49,0.000259912627033703,9.06727744898595e-05,0.999492409706786,10
"19940",2.79937789578722e-11,0.819545351583063,0.000332853506018042,2.38421569751906e-16,1.0960654741991e-09,0.157548056472463,2.66100336950316e-08,1.15308331375555e-07,1.35019011400527e-08,0.0225735818941309,2
"19942",4.06213668305593e-06,2.97595601970037e-22,1.06253940159881e-27,1.52050911675337e-44,8.7976019153556e-90,0.986473617703454,6.61797808711803e-34,2.35950709609703e-45,0.0135221002658927,2.19893970502809e-07,6
"19944",6.87026400324231e-07,0.982922745112655,0.000171570659657098,1.39595243148347e-21,8.69661475357702e-18,0.00170908898856695,7.42901800463193e-09,0.0025135148207676,5.21160521960193e-08,0.0126823338468825,2
"19946",7.90858304067664e-07,0.965153121397871,0.000333813750087673,9.06314187728214e-10,2.37879395227014e-06,1.61271776854886e-05,6.22122802440146e-08,1.46767693036473e-05,1.36033820492613e-07,0.03447889210038,2
"19948",5.93567180984535e-14,1.77684361767126e-19,5.65719156084566e-24,3.27526657845731e-43,2.08754216077913e-60,0.995019852339735,1.18102566307562e-31,6.95748794145358e-44,0.00498002371245431,1.23947750990686e-07,6
"19950",2.63701048121474e-11,1.65278938939918e-12,3.21638434008676e-11,0.999842046506399,5.76672363778074e-15,4.65135122553477e-10,4.25687404971176e-11,2.78145777818013e-32,0.000148355200368539,9.59772533557993e-06,4
"19952",5.93567180984535e-14,1.77684361767126e-19,5.65719156084566e-24,3.27526657845731e-43,2.08754216077913e-60,0.995019852339735,1.18102566307562e-31,6.95748794145358e-44,0.00498002371245431,1.23947750990686e-07,6
"19954",1.41468001298845e-08,0.00996522041369815,9.30201788737109e-05,1.038027100984e-12,0.965966242036191,5.28922572214289e-05,0.0239199007385348,3.46997286327948e-16,3.34234028448011e-08,2.67680423920924e-06,5
"19956",0.981367340910389,1.32240105431202e-18,1.10632554526549e-10,7.73489542082272e-10,4.43252927629879e-27,5.34252668129314e-08,3.56430913382096e-07,1.68905822102549e-47,0.0186322042859736,4.40633346546795e-08,1
"19958",4.82978224326343e-35,4.70755363030643e-25,0.784233289253069,2.65670639515881e-61,8.96992253690889e-98,2.17754551176728e-46,3.23028494564729e-44,5.29521113687085e-33,0.215766710746931,2.45964881590117e-20,3
"19962",2.50489673287808e-10,0.00784547330333065,1.71932808562007e-05,4.66821181578516e-13,1.07726885911182e-20,3.43914567027698e-12,3.51218756203419e-13,6.12406189418733e-11,4.62902056098366e-05,0.992091042894216,10
"19964",3.0752882435239e-13,0.928907588220017,0.000130524052958545,3.76264942510938e-12,5.63158512227416e-10,0.034700109984661,2.70478759865284e-16,1.12542714196447e-09,3.90524939503167e-05,0.0362227235557575,2
"19966",5.06555078910558e-05,0.000824050384862532,3.35202279009928e-11,3.7676306850296e-58,1.0817069551903e-111,7.62456017828928e-08,6.36263255366394e-51,4.23971980359889e-05,0.00130023882005443,0.997782581810034,10
"19969",0.055624611745066,0.0317227417437288,0.000771022260081704,8.87612889268905e-29,5.60981993218787e-05,0.140618093740526,0.722839824190174,4.49819354307239e-17,2.88858386750515e-06,0.0483647195372333,7
"19972",4.13762672725215e-10,0.000442288296664827,2.95070308509485e-07,1.59371591177608e-09,3.97235450312746e-10,0.999372610447604,2.60146628191096e-09,2.36138545484655e-25,5.45013780746295e-05,0.000130299801167606,6
"19974",1.26164877668963e-09,7.8934463242905e-12,4.76820685469999e-14,0.0511488964557397,0.000136646526463869,0.947890560932181,3.13140728802082e-07,1.55955043877865e-45,0.000822606458125646,9.7521717150481e-07,6
"19976",1.92590628636884e-05,0.967624144587978,0.000162057851550335,8.53123746088673e-07,0.00127849102994403,0.00197209487997898,3.37095646895149e-07,4.85295628994315e-09,2.85491861035157e-06,0.0289399025967251,2
"19978",1.83880267810226e-09,0.810256816174431,2.17585733142482e-06,8.16129651663889e-19,2.64318936289089e-10,0.000106679868818452,1.28071026223723e-17,0.157630318765776,8.83124087758846e-05,0.031915694821746,2
"19980",4.88428755742126e-08,0.000208933297633161,1.23791510305283e-05,0.146172987734604,0.362138571995068,4.91094445010777e-05,0.491401317134709,1.57140631774459e-26,4.94011264854478e-06,1.17122869304684e-05,7
"19982",0.00223151499901167,6.69528392469464e-05,4.25677018555502e-08,0.929220382082434,1.00262857643704e-15,1.91676590781006e-09,1.44306084972188e-11,6.43908964959255e-19,0.0683000447964119,0.000181060783996236,4
"19984",1.56442259106343e-11,3.33755409607753e-12,2.41491539835161e-15,0.961771564746602,7.80180706596219e-22,4.41535162969735e-08,5.75469830949827e-23,2.5438571552695e-23,0.000959844785646577,0.037268546295251,4
"19986",7.05177242154268e-07,0.00160860847700444,4.44109055817271e-06,3.19109691845547e-61,8.23432947110523e-137,2.69727028445287e-20,2.42249630929524e-63,0.532535329674937,8.18135477962435e-05,0.465769102032462,8
"19988",6.41541728486153e-10,5.01607800499913e-07,7.32730194472264e-09,1.8424185738729e-69,6.4357639765006e-159,4.84925263378711e-36,1.16775490567319e-94,0.96650753403517,0.00896268789358983,0.0245292684945955,8
"19992",6.10755737331209e-07,1.58411702071933e-06,1.64623953087712e-09,4.85883540057216e-44,8.68792166987628e-125,1.57346429665911e-33,1.59958436211062e-64,0.982924326001934,0.00115458038129103,0.015918897097777,8
"19994",1.49324680286741e-06,0.10964216057867,0.00361273746650105,1.84541432915483e-19,0.0646082712898815,9.71897090007919e-05,0.822030770260078,7.49780598248101e-11,7.66136469969188e-08,7.30076044031057e-06,7
"19996",6.10381165285554e-10,0.000739529342079568,4.45528970511229e-07,7.09976751895878e-39,1.02751492636094e-94,4.10275351808698e-27,1.2539840050815e-61,0.978091293588955,0.000654199162462472,0.0205145317671515,8
"19998",0.0299501354798449,7.95999914135771e-10,1.2685708937385e-10,2.05901517626397e-27,2.08304942043659e-45,6.03063197845184e-05,4.75871685183109e-15,9.39623646851458e-21,1.80622520743782e-05,0.969971495025434,10
"20000",0.158334763501979,5.18383047392944e-12,0.841426505220305,3.8996931600442e-37,1.05908705897365e-42,4.26652217526523e-11,1.99614306916329e-05,1.81356509534041e-37,0.000218760715343618,9.08383150383756e-09,3
"20003",7.28261706766027e-05,0.295901681814307,0.0115312928400105,3.36378215609514e-37,7.9765472223716e-08,0.000384671581419478,0.691994430479566,2.73445076305903e-10,1.73220282117768e-08,0.000114999753075186,7
"20005",6.08931803428586e-08,2.61553593436229e-05,5.08694453688203e-07,0.00478356500244109,4.57389437698118e-06,0.0142876860947697,0.980891339043037,2.06573625664675e-31,4.52901461414992e-06,1.58200378358332e-06,7
"20007",0.00353150643746272,0.879282062196341,0.00352488853087882,2.11786012202372e-23,1.0012513807587e-21,2.14207240951106e-12,4.3525374047349e-16,5.87568564208882e-05,7.70193163657691e-06,0.113595084045118,2
"20009",7.15403334801617e-18,4.46561997923338e-06,5.73709743488689e-09,1.34472216791282e-31,5.53912884110427e-84,1.74015739700715e-14,1.55411022009618e-54,2.21225758803519e-07,2.21628499974865e-06,0.999993091132147,10
"20011",8.80879057137505e-07,0.0777327316831986,7.38265908701229e-05,2.04553107320488e-10,4.60639117871708e-14,0.91243001088071,8.11457608194312e-08,4.66221651611332e-17,6.69177873328586e-06,0.0097557768370707,6
"20013",0.0506103062983998,0.132755546203235,0.00120428929747758,0.478865257693849,0.0158800429046279,3.76831998529889e-05,0.286280093429788,1.8999536921185e-12,4.39791685395022e-06,0.0343623830540156,4
"20016",1.12259218400174e-10,7.33035937651907e-09,9.28234337671075e-06,9.89889172660172e-42,3.15490818736256e-127,1.13995674911355e-26,3.97468118806779e-75,0.00202719746362279,9.69004647102548e-06,0.997953822703911,10
"20018",2.32169190903179e-27,9.52708175051326e-37,3.98012900680413e-05,5.40445416601831e-140,0,3.05968129621006e-75,1.25580642627016e-143,1.03811103864038e-11,0.99996019867878,2.07705375180487e-11,9
"20021",7.27408394622742e-14,0.436700229351975,0.00341479275706871,2.67742616529331e-60,2.66197137007356e-30,9.14060888615853e-16,1.83916258773794e-22,0.552851387909642,1.7996269101038e-06,0.0070317903543307,8
"20023",2.72940788786897e-06,0.963488594837106,0.000620187318913572,4.30807731383664e-19,8.77770462777032e-30,5.1594040465352e-09,1.84649780299348e-12,0.00716367116275579,4.53483634401567e-07,0.0287243586284523,2
"20025",1.88556518548872e-17,2.64100077402297e-14,3.93277514821752e-05,3.85542021630799e-118,3.14986709827317e-152,2.13398590055279e-56,3.26882160249094e-92,1.01731884817694e-06,0.999958446826748,1.20810289553119e-06,9
"20027",0.00927918588689295,0.000256428674261167,7.11524026355181e-07,2.69069785797978e-29,1.3536359806192e-19,0.959901730632842,0.0303907406605684,6.953555861226e-27,0.000170170075777505,1.0325456320617e-06,6
"20029",0.00520984681372212,0.000202765417975171,6.22027127177873e-07,1.71799468463009e-13,0.7318228669966,0.254081328483049,4.80197550889706e-05,1.05596006693019e-24,6.43735436350621e-05,0.00857017696263028,5
"20032",1.0289705306252e-06,0.00325080323949671,0.000432242882721536,4.10237987026986e-24,1.67736178277587e-10,0.0377635476591542,0.958551712405962,4.31860607176192e-22,1.14835734695191e-07,5.49838664153676e-07,7
"20034",2.49530931742057e-13,6.35745743137358e-13,4.80383898882988e-17,1.37515319213393e-47,8.52469119390947e-59,0.997502955779961,2.71479412487406e-23,2.41705399007686e-37,0.00249636500027841,6.79218875677514e-07,6
"20036",0.93682591124085,3.75075499710715e-09,1.52806378183446e-11,7.35353463468067e-13,8.82307516943168e-38,1.89999143677384e-11,7.55971570301891e-11,3.51011823187337e-16,0.00504303077612434,0.0581310541216569,1
"20038",0.0037864777856046,0.00833039186052409,0.0104631637693983,3.70703520933644e-62,1.35354272602878e-103,8.78499481038617e-22,7.02004244337378e-36,0.967268284664896,1.39129975234902e-05,0.0101377689220536,8
"20040",1.12751326927485e-25,5.23079500790122e-13,3.35346066826115e-08,1.24312468552933e-67,2.45081606165513e-174,4.9908526386418e-24,1.10510912479976e-102,1.70105052282506e-07,0.0238312122970999,0.976168584062718,10
"20043",4.86762148168203e-08,0.0131168824918883,0.000697512876297917,1.50395250600907e-42,1.19271703139519e-60,4.04644578521492e-26,4.69513773375086e-29,0.91495072953829,0.00070900545089659,0.070525820966412,8
"20045",2.21246758003772e-18,1.15117664391241e-09,2.31859254740885e-06,2.97991396645007e-56,8.82401266681095e-159,3.87610805721982e-47,1.81618438340118e-100,0.978170406552855,0.00624561599128317,0.0155816577121372,8
"20048",1.71381746752068e-13,7.24991651524534e-23,1.27712469828883e-17,0.998598006650136,1.20708472503217e-18,9.97130225884095e-17,6.29823793591497e-41,4.21166195366819e-37,0.0014011113894775,8.8196021483729e-07,4
"20051",7.84442700748601e-07,0.0464019843558745,0.0489864979162443,1.49499477866355e-23,7.10457062109374e-14,3.03850111924344e-30,4.77636502428264e-16,3.89702644275199e-05,0.00135526414732153,0.90321649887336,10
"20053",8.51973466311397e-11,0.823453574593223,6.23650862788712e-05,1.86880542812565e-20,2.25872832697421e-36,1.65656901974838e-07,3.26234034891635e-22,0.00353995679957057,6.81911756465864e-08,0.172943869587652,2
"20055",0.800024597091865,0.00396003341401545,0.194444334079984,9.31002051905275e-70,5.76020796653562e-83,1.20768379032247e-18,3.22554067408781e-24,0.000381118134223837,0.00114173551532971,4.81817645816554e-05,1
"20057",4.26783955714867e-29,4.301475430091e-55,0.000122069486585263,5.11718046305825e-70,2.35215105059889e-173,1.20922079753691e-46,1.20238452817207e-67,5.2063723738906e-73,0.999877930513415,2.84879825442656e-33,9
"20059",1.2185442587064e-11,0.875692515334951,0.000423251285010791,2.12103551509983e-36,3.15271395594819e-52,4.57548694947111e-09,6.69650558326905e-27,0.000517731908170739,0.00233122344826644,0.121035273435929,2
"20061",1.01102957508859e-07,0.973220665508263,4.47411434555719e-05,3.90399111061489e-35,5.9492657918771e-21,2.35908833548821e-09,3.20669561205087e-20,0.000141111173645635,2.87818732583982e-05,0.0265645968393311,2
"20063",4.79663771613745e-13,3.13148672000111e-35,1.89040619371189e-32,9.60186471306177e-16,2.49717285194929e-137,1.49218942746183e-26,1.42204559782938e-99,4.31794477120544e-24,0.993918383572497,0.00608161642702245,9
"20065",2.31535014489092e-14,4.26879541655053e-11,0.890849030932991,8.04995761836118e-128,3.71568886853484e-166,1.2561200627588e-59,1.88406521227537e-70,0.0319963270943369,0.0771546350106656,6.91929512197245e-09,3
"20067",1.47064054015402e-14,0.000112628169208515,0.00384257239288444,4.50136385175656e-23,1.3258030746793e-73,1.78267387862253e-34,3.32649012234219e-45,0.675804441055735,9.45672883670772e-05,0.32014579109379,8
"20069",1.23000894568911e-07,9.73395542012848e-05,3.36574633756164e-06,0.909447637586784,0.015180896228734,1.56406368439076e-06,0.075237770533056,6.1689966272265e-25,1.59252144300925e-05,1.5378071878202e-05,4
"20071",0.968877122714354,8.38672105416202e-07,3.27884823840974e-08,1.47809990796957e-30,6.02584541682501e-56,2.73528255835395e-07,3.16993841858402e-20,4.12993060941881e-14,0.000422212274494259,0.0306995200222663,1
"20073",1.53749733373507e-16,0.00371561393301753,1.23914583382308e-07,0.0783598296568447,0.00103361377795287,0.000673702309607903,4.34344107184147e-12,5.92699522091136e-16,3.39384142584549e-05,0.916183177989391,10
"20075",1.40131438604186e-09,2.19656132745589e-29,0.839263553741284,2.48103806932851e-70,3.18250317565308e-153,4.7682742730168e-49,1.42226590434859e-41,2.40421752339443e-36,0.160736444857401,4.6384666739098e-24,3
"20077",0.0157224126179008,0.0088756034888168,3.9343440162346e-09,3.61414852543617e-15,2.01234573200433e-40,3.65284606716116e-12,7.45129915632168e-22,0.937165154805872,0.000188090199012346,0.0380487349503973,8
"20079",1.72833572492847e-11,3.7035435158877e-11,4.69581016733684e-09,2.26203596339596e-17,1.30049754470049e-35,1.14411054279251e-28,1.44469057194517e-36,4.41916278846169e-11,0.00980615319331607,0.990193842012363,10
"20081",5.68379986548974e-05,0.00739190778048555,0.452402692698749,2.42727315041468e-33,7.58007558377009e-82,5.99631123407721e-28,9.55188880101095e-33,0.532663071640009,0.00729723257094336,0.000188257311158197,8
"20083",0.115868326660509,2.43989393397071e-20,2.35029976331827e-14,5.6802025592444e-10,3.26115720497787e-77,2.78513596154688e-12,2.37745303353107e-31,2.28838229972852e-26,0.603789798668002,0.28034187410066,9
"20085",6.56553840699824e-12,5.91684811570311e-08,9.23931596632011e-06,3.42364821867148e-82,3.20827957072879e-165,5.86404605355002e-42,6.89141394836041e-84,0.992425687165531,0.000274002743560302,0.00729101159989584,8
"20088",1.58512423202374e-10,0.07420932777349,0.00158344014571373,5.7016812699761e-46,1.65601223953538e-56,1.13091281451005e-26,4.42668164490658e-32,0.906613555694475,2.57870022499628e-06,0.0175910975275842,8
"20091",8.2587324504144e-15,5.18780163126039e-14,0.999226595989479,1.15814798889075e-50,4.82383596202029e-118,1.58841197247384e-44,6.04548162658363e-48,2.30403406819122e-11,0.000773403965526513,2.18941738105366e-11,3
"20095",6.48287726167305e-11,2.82545606016685e-10,3.17623043959351e-14,1.812907171358e-12,3.34645440173657e-87,0.000264416278025539,1.36446324663648e-53,1.20220136748196e-20,0.995166415138637,0.00456916823411821,9
"20097",1.50724887579616e-09,8.90103904496198e-08,2.61824350048373e-05,5.73993994655612e-83,2.37924926452367e-156,8.56968122203192e-48,1.58882239062577e-79,0.993515044676666,0.00315154335706661,0.00330713901362352,8
"20099",4.27869070911018e-16,9.79233893369513e-08,3.42839130050475e-18,2.64648324902531e-23,1.1845668978158e-63,6.52464594058168e-05,6.48736142713417e-65,6.48073669592414e-07,0.00243952292632768,0.997494484617207,10
"20102",1.02650079234238e-14,4.15492245096916e-18,0.0062740601693396,1.05925804001351e-12,1.7347546774766e-54,1.642941280277e-36,1.50370223686279e-44,1.10409014889956e-22,0.993507107891016,0.000218831938575023,9
"20105",2.3475786217424e-13,0.00111923618083814,0.00012224544631551,9.41183064823852e-29,3.44989688007317e-33,5.24599209728836e-29,7.25427518339826e-46,0.223360538582583,0.000200389902325708,0.775197589887703,10
"20107",0.00341077391357019,0.145606294185109,2.54297770974542e-05,1.91942095535956e-32,3.87018772987161e-68,1.13564680225899e-13,2.64372544504554e-36,0.736650769398484,3.04591440300855e-05,0.114276273581595,8
"20109",8.45138325066807e-25,0.00156634967712388,1.24108574435719e-10,2.02131587351392e-09,5.51762823894222e-25,8.98950526327614e-10,2.20667480439703e-42,0.000463018693756521,9.77275595951445e-05,0.99787290102515,10
"20111",1.04134795562073e-20,4.40788667948044e-17,0.968427631569673,4.87397364982893e-37,1.1618506028844e-63,8.86042880893319e-26,3.29906944583126e-18,6.73536348295882e-38,0.0315723684303273,4.37087984235386e-22,3
"20113",0.653121333744868,0.066012203904512,1.74659685688148e-09,2.62634340478157e-47,1.89674383072644e-77,2.96305609753333e-05,6.49695611872285e-29,8.03663536863461e-05,0.00755784751989892,0.273198616169462,1
"20115",3.38250515159053e-13,0.000125127218210913,0.997320377555904,5.47286809055079e-40,2.63481681231104e-10,5.0153588771967e-06,0.000313238485947797,2.0886636914912e-29,0.00223623204252919,9.07471117096940e-09,3
"20117",4.57513508657169e-13,2.97219123696686e-22,7.64133821094819e-08,2.94978090604279e-83,5.94156829710112e-269,2.61252055633017e-13,8.92144765608369e-92,2.25703809530638e-27,0.999999923585864,3.48274519651774e-14,9
"20119",3.71559775949381e-05,9.03848426238946e-06,5.21910532350081e-13,1.78405506394833e-72,2.39611941469235e-119,1.08332771146894e-07,2.18233278559952e-49,6.63785474356268e-05,0.000418155592871563,0.999469163064542,10
"20121",0.00019840689286331,0.114366605671893,2.09283487961646e-05,7.55978470213277e-46,2.49906681957257e-100,4.23238131878373e-16,9.56914913298302e-41,0.784240680347575,3.96387476979659e-05,0.101133739991174,8
"20123",2.54696117896514e-12,1.16114845807653e-15,0.99721204232065,1.25180290153775e-88,6.96541285056435e-139,2.36910261735147e-52,1.99776625538745e-44,9.49976178485118e-13,0.00278795745718846,2.1866359704349e-10,3
"20125",3.23979661258137e-05,0.0016373684508632,3.67390910877935e-05,6.10744632578799e-06,0.9981183942134,1.79733364963216e-08,9.15265786086632e-05,5.96810510389055e-18,3.1255210179807e-06,7.43227592338094e-05,5
"20127",2.57678818433398e-16,4.36307881878719e-08,2.17428929340093e-11,1.59152271417062e-41,9.84622577533768e-113,1.33329431169163e-38,1.20273048688889e-89,0.969982340637342,0.0195127346589949,0.0105048810511315,8
"20140",0.987117746507779,0.000610170512479449,0.00078501867710425,3.61905324072456e-54,6.57000908820771e-111,3.77200730756038e-13,4.31232975909688e-26,5.27743264408895e-09,0.0114869361373131,1.22887514735773e-07,1
"20142",1.32084385410609e-07,2.92874991556228e-11,7.38010641838920e-11,0.999688902184184,6.17103124268861e-05,6.27221990877489e-11,1.57678417535533e-11,5.32485164991991e-31,0.000239770455334039,9.4847820912542e-06,4
"20144",0.103384191207229,1.13454796269097e-05,0.380861025448429,2.59211634562382e-17,8.9885627530889e-09,6.6097776516159e-12,0.495786254074932,2.82504174769518e-27,0.019957073825735,1.00968876065469e-07,7
"20146",0.95981840939931,5.99479667437931e-07,1.35588963725998e-06,1.46032698115429e-09,2.55273920150979e-22,3.27322877149166e-16,6.10856013144865e-08,1.81725259614863e-18,0.024090664212445,0.0160889084730119,1
"20148",0.0190401713237729,0.93597219877494,0.00181694234560717,2.12505218119644e-23,0.007769038999736,2.76493766010993e-10,0.0103605271659313,4.268820809248e-08,4.70944166425705e-05,0.0249939840086687,2
"20150",7.0210240676254e-09,3.00900555627878e-07,8.76337574782125e-09,0.0139807286185855,0.944887283756949,0.037161913891567,0.00392917543397921,5.1833858160658e-37,3.82353274555126e-05,2.34628650803575e-06,5
"20152",0.000840163541161558,0.910470869840498,0.000409088756131194,5.36289102515325e-17,3.99355231018058e-07,6.36937268592291e-06,0.0761651753178395,6.83928765926863e-07,1.64062276476149e-06,0.0121056092649221,2
"20154",4.48222101927958e-18,1.05270108977823e-17,0.80293580076147,2.73060756029547e-53,5.03719445762676e-146,8.33172840724455e-69,8.64366242427633e-73,8.60040808599989e-06,0.19702211458465,3.34842457943722e-05,3
"20156",0.343728572439442,0.0469142681646338,3.16557203355328e-05,1.06108923859263e-10,2.92611087954216e-42,5.35109965172865e-10,2.64800596994126e-24,1.02506416227108e-06,0.0629519278223765,0.546372550147831,10
"20159",2.12114743297343e-06,6.37703757464264e-06,3.52536613631732e-06,0.146708600236039,3.72536533689657e-11,4.71660082757217e-07,0.853064395701208,1.56768572599747e-26,0.000168578416124809,4.59303981483831e-05,7
"20161",0.0011736166832047,1.6115913870334e-11,2.09567643365103e-12,0.000281432687800726,4.70556564110043e-23,6.78776114930085e-11,1.12933184104637e-18,2.17727337626347e-22,0.111769331613307,0.886775618929599,10
"20163",2.59839372943329e-09,0.914400725276826,0.0618323859299802,5.6215831912578e-55,1.56084177441408e-15,1.11654864922702e-11,3.56815232764724e-09,1.19987019580107e-08,0.0235999820819868,0.000166888534792725,2
"20165",6.81053666579969e-18,7.77916121221482e-10,6.01472277151955e-13,0.00072521190431464,7.19459826651831e-32,4.94973701992296e-23,2.54909140025941e-53,5.1659988076689e-09,0.119396982233301,0.879877799917868,10
"20167",2.92582922482329e-07,0.168938346910291,7.66071483428362e-05,3.14404185302486e-08,0.826819829884687,1.6262139865055e-07,6.8436255382156e-05,2.01790263987781e-08,3.42077710655725e-07,0.00409593089982049,5
"20169",7.25383442533193e-11,2.11432594007076e-18,1.59926847700721e-15,0.999650075436247,8.38638639695361e-13,2.17371688269322e-14,6.85066400813865e-27,2.01703475585722e-35,0.00034877768426292,1.14680608962167e-06,4
"20171",2.5485661021224e-15,8.17065198230948e-28,0.000269563389458923,3.36441720566588e-58,2.75470207600298e-197,1.40917289336399e-79,1.61238786316324e-100,2.81784143946006e-09,0.999730408789709,2.50029883282306e-08,9
"20173",2.25133678142781e-22,4.1175620713651e-19,2.33289076439493e-28,6.47875125359915e-25,7.68096260647218e-69,1.48149040878726e-09,5.20893939905336e-74,1.47642528370223e-21,0.134719436846928,0.865280561671582,10
"20175",0.000606480551231573,0.98690194028803,0.00075752695528992,5.31654518739537e-08,0.000747051303617624,0.00976910395868262,0.000670071538267361,5.53332925244006e-13,0.000122105183188799,0.00042566705568668,2
"20177",8.79425647825589e-10,0.000991588217555951,5.51726483938915e-19,1.54581131833825e-24,6.88158113492466e-92,0.00558929073289139,9.29689150826266e-49,2.98372322837587e-07,0.251574028583932,0.741844793213872,10
"20180",6.96707178139992e-09,0.0151788257198129,0.000518150129346697,1.4514861844217e-102,1.12745542014986e-130,6.1089833097649e-21,1.39675018610026e-50,0.968083146163993,0.00250679629614034,0.0137130747236351,8
"20182",2.72439724334178e-22,1.95619424502233e-46,1.96890571147328e-16,5.27009460935229e-13,2.69542178514538e-76,5.54460364895754e-13,1.49301069191642e-47,1.68712974667963e-82,0.999999999998918,4.97642575133213e-20,9
"20184",9.8803614880897e-06,6.58139646846328e-05,3.11796558627188e-08,0.98949183265773,1.73513167228426e-05,2.40593453582774e-06,8.72759301913364e-08,5.14471318891655e-17,2.88859988670752e-05,0.0103837113103857,4
"20187",0.137845992596323,2.16797729537276e-09,4.01666812620442e-25,2.96008417047291e-19,6.32459463291835e-55,0.638829517382456,2.05991321339141e-29,2.28825124924308e-20,0.126283500079695,0.0970409877735479,6
"20189",1.15455927587221e-12,0.805087429089766,7.43152834658343e-07,4.98465671351548e-43,4.61868470800745e-21,0.00012222829222657,5.08958876829187e-23,0.0182500104631095,4.33406867643308e-06,0.176535254932232,2
"20192",3.24977187379877e-28,1.56922098849577e-11,1.72986702272594e-05,1.67813508588991e-110,3.99435613950539e-114,1.11608035835318e-27,7.91864886709842e-62,6.09668925965154e-13,0.999936087183041,4.66141304299553e-05,9
"20194",0.929675595227852,2.36960172494971e-18,1.23152927577343e-20,9.45431244642143e-07,6.15847869209823e-38,0.00533849966051477,7.42650920480695e-13,9.28326443864256e-37,0.0648422502021922,0.000142709477454096,1
"20196",3.42247958161316e-14,1.46627248826857e-10,0.838374245353872,4.07460238658215e-69,2.89534331447874e-150,1.15731242863034e-41,1.06007648655535e-66,0.1583141442181,3.87552580075284e-05,0.00327285502335854,3
"20198",0.0583415016941455,0.851910201164814,5.11111451624297e-05,7.71403801007457e-20,1.75249366236334e-26,3.57714792248869e-08,4.78880769341483e-07,6.04210497930209e-06,0.0545713339684925,0.0351192952701577,2
"20204",2.04499617552603e-11,2.82688703744906e-05,3.52642514236377e-05,0.00174467204365519,0.998171630039817,2.02850897267545e-08,3.58706168596714e-06,7.25248695804042e-26,1.02491648567124e-06,1.55325110183949e-05,5
"20207",3.92901760730365e-07,8.43929603837044e-06,0.0243317937944172,1.0000371566391e-25,4.41539667323261e-97,5.85744684448217e-40,3.81130508185141e-53,0.756808729759416,0.0417275337996782,0.177123110448689,8
"20209",5.34706555155693e-06,1.07290537275316e-08,0.970301013824386,6.9865560334609e-64,1.16327977378429e-54,6.99413186327287e-08,3.21186283916542e-09,1.37449433041028e-33,0.0296935552278273,1.94938192851323e-16,3
"20211",4.40547869040638e-09,1.34784524313152e-14,0.996464141032197,1.82552630506438e-67,9.70201321442536e-118,1.96171425727233e-61,3.72821631020514e-39,3.02876994423775e-09,0.00353585149639048,3.71504138735586e-11,3
"20215",0.0233007374959568,0.000329099944841986,2.87502704155291e-07,6.19989939399036e-38,3.5917715587964e-50,3.0591915352046e-23,1.08272061326464e-25,0.177820742229182,0.00535011825216259,0.793199014575153,10
"20218",7.28269319208009e-10,1.32562172535076e-08,1.7920801346851e-08,0.923155508532229,0.0767831900404716,5.92024877751321e-10,2.57668900178495e-10,1.39847757641873e-28,4.17677031660192e-05,1.95009691517096e-05,4
"20222",5.01376639675771e-06,0.000125358515750782,0.0190162845375079,2.43312223395699e-32,6.49444334808389e-74,2.57895038411402e-41,2.0585912945385e-40,0.125267841186428,0.827155405545071,0.0284300964488448,9
"20225",0.985356894318636,2.97780033471573e-07,3.10740637748584e-07,1.04678434547637e-17,2.62306121958202e-11,8.95313913515654e-14,4.42040651078656e-05,2.35705423434208e-28,0.0145980830428953,2.10026368809033e-07,1
"20229",0.998279169829854,8.2753415522065e-10,0.00015021550258676,1.14634788595426e-38,1.74167926254037e-51,1.86189781458727e-18,1.24640432872265e-10,1.01262291681842e-17,0.00115678676894365,0.000413826946441246,1
"20232",0.2120032795862,0.764790162082203,0.0155645303695432,1.68940657294317e-31,8.05712255899079e-72,9.1670469850985e-11,7.24866952798206e-25,0.000434578827685949,0.00343621100885216,0.00377123803384567,2
"20234",4.54013897578929e-25,4.86956870318541e-18,1.83593332645064e-07,2.55464826992598e-128,2.17334280419201e-260,1.6685544118407e-50,6.31948166388965e-135,0.0251703160210415,0.974829402886002,9.74996240177006e-08,9
"20238",1.03657168080842e-06,0.0931730127974854,4.83503549473504e-05,4.93878907138144e-38,2.45452708850396e-65,9.49113600018433e-22,1.07343810940355e-46,0.0230291101419162,0.00802751684107406,0.875720973292896,10
"20253",0.00369929402004457,2.48274102240009e-07,1.3440870913635e-10,2.56786162795068e-43,5.07172354727003e-95,3.06428475855547e-27,3.52186182316175e-48,0.915941634720698,0.00252036595076258,0.0778384568999838,8
"20255",7.87451105112059e-05,0.0196397505732278,0.00652559797376932,1.2995612790433e-16,5.12553137956743e-05,3.20849211687153e-10,0.973704038431373,3.65031321517586e-15,1.66914531375737e-07,4.45361938364269e-07,7
"20258",8.5438985149764e-17,0.00446602347066503,4.92218213907658e-07,2.99265094737489e-58,4.77074604377753e-63,1.92124739563421e-23,1.43676005022511e-54,0.991051892638501,0.000937231540750512,0.00354436013186934,8
"20269",2.12855161601191e-22,0.0597026659098457,4.34434475539695e-06,2.23587111824505e-14,1.26134934524881e-18,7.19564777169679e-16,3.49467221524594e-47,0.185911102992669,0.000435042055513846,0.753946844697193,10
"20271",7.37997742455046e-14,0.0012189425008601,1.27552910106721e-13,2.59875375710496e-69,1.13434125858468e-83,5.62330423359272e-11,1.04458559626749e-64,0.0945496200381833,0.593743752436373,0.310487684968149,9
"20285",0.000637551485517699,5.11767612000868e-07,4.73435147207989e-15,8.23927976920799e-18,2.17481329714066e-65,0.792551987358382,3.77657976352372e-22,2.04113752160038e-24,0.0558858102340691,0.150924139154414,6
"20288",0.446833948400318,0.100314776529785,3.12449071388851e-05,2.11158799563731e-28,3.01675889405092e-52,6.27418276809999e-17,3.5551764558134e-29,0.0228233490862537,0.0159943197428486,0.414002361333656,1
"20291",3.73547772953191e-12,8.64498610501731e-06,0.997387124284014,2.55906025107891e-47,3.60941240369796e-123,4.84123586059065e-27,2.06417726881806e-61,0.00114603036371826,9.22191932156734e-05,0.00136598116921187,3
"20295",8.20245660552202e-30,1.78465448970675e-05,5.59179207260425e-10,5.9697287323847e-41,3.57416111510069e-34,2.77119936267157e-11,1.10280977956058e-47,9.66545812440563e-10,0.00263438087346395,0.997347771028202,10
