"","V1","V2","V3","V4","V5","V6","V7","V8","result$classification"
"19811",0.966359048329534,0.000329484839708012,0.00171979986418643,1.08356513290803e-09,0.0311610262327183,0.000409991757171075,1.01071060461607e-07,2.05468220564007e-05,1
"19813",1.01416101539689e-05,9.74147922000441e-07,6.03749347461395e-07,7.42604038832127e-12,0.999988156070616,2.23446400255988e-08,1.66762633836792e-08,8.53936318326534e-08,5
"19815",0.953344071146754,0.0113677696334386,0.0339354304115471,4.53592142599836e-05,9.92361034900738e-07,6.46253680386045e-06,1.06376878992989e-05,0.00128927700826243,1
"19817",0.993046712796993,0.00259600440010902,0.00394756699073785,3.40658759578875e-07,3.49160026138778e-06,0.000324045740591599,2.37012396529059e-07,8.16008001506893e-05,1
"19819",2.68566939176422e-06,0.131246661673679,1.80513468100214e-05,0.651292285425692,8.30589773534117e-11,1.23327624452831e-07,0.217378325114593,6.18673591504419e-05,4
"19821",0.970853824245883,0.00519181365607072,0.00051929972243057,1.13585966486811e-08,0.0104860546321669,0.0129383245812633,9.872578177985e-06,7.9922541060485e-07,1
"19823",0.454994164218206,0.00241694618058669,0.000491052509582318,0.00160368855782453,9.25387571922207e-07,6.55364404546508e-05,1.20184795571057e-06,0.540426484857819,8
"19825",0.000717559185156239,0.00881596834237272,0.00335566613560781,0.000110855089863175,0.00305806439892437,0.898712417962919,0.0852233356232023,6.13326195431683e-06,6
"19827",0.644114061148511,0.00304205347627762,5.9681595888088e-05,5.9507067621134e-06,2.54996014289865e-07,0.352588966666647,1.76223781461921e-06,0.000187269172086127,1
"19829",0.000357435695756533,0.906062968173198,0.000214230347547505,0.000126620854683055,1.76499695588072e-06,0.00552185900165178,0.0877150187794287,1.02150778492557e-07,2
"19831",2.08134691457806e-05,0.800827115834478,5.46447974267897e-05,0.102443026773773,3.46213731419131e-07,1.80124162110914e-07,0.0938659003715391,0.0027879724157438,2
"19833",2.53537209754952e-07,8.81269381565197e-07,0.00162189008123843,0.146537975116645,1.60702168219457e-06,1.99566031678635e-05,2.11208581784365e-05,0.851796315512497,8
"19835",0.970853824245883,0.00519181365607072,0.00051929972243057,1.13585966486811e-08,0.0104860546321669,0.0129383245812633,9.872578177985e-06,7.9922541060485e-07,1
"19837",0.964259278274078,0.0158815515320317,8.52827124817243e-05,5.06208182772833e-07,1.75384990354494e-06,0.0197546083270587,2.14853556957351e-06,1.48705606938392e-05,1
"19839",0.00125104713224907,0.713656032402483,0.0016093946938489,1.27962761360319e-05,0.00154619987681954,0.0300468997481085,0.251876831196063,7.98674291614326e-07,2
"19841",5.67255666734919e-06,1.60033046942034e-06,3.04078076167486e-08,2.20374278460056e-09,2.52049279598756e-05,0.999965587126403,1.90103107352428e-06,1.41587662211041e-09,6
"19843",1.69249588519968e-06,0.0326350466722646,0.00211593983143961,1.86692121998281e-05,0.0102467447061639,7.3916538233607e-09,0.954981580221965,3.19468427557528e-07,7
"19845",0.0652486747216541,1.34414703594585e-05,0.000167423555923258,3.15083571158614e-10,0.934540917409242,6.44537884277031e-06,1.95277027033282e-08,2.30776211917524e-05,5
"19847",0.909193012567846,0.0505453397993553,0.0325618784042709,3.57320263651306e-06,0.00695087810361969,8.4224655134642e-06,7.05467249082266e-05,0.000666348731849877,1
"19849",3.15934902914795e-05,1.14002888506121e-07,1.31797047636815e-07,1.57071821795086e-12,0.999968006690834,5.41911954103201e-08,1.3042177207648e-09,9.85219541219239e-08,5
"19851",0.997988434264914,0.000563702052970096,0.00115559644156389,2.24132740750782e-07,9.35701181502991e-06,1.40956681932288e-05,7.41087649493621e-08,0.000268516319038035,1
"19853",0.914170134122595,8.46722938714181e-06,0.000110938516571531,1.17877537911025e-07,0.00809282092862538,0.000155248657075262,1.02865228014903e-09,0.0774622716395551,1
"19855",0.997223213782231,0.000124275118772608,0.000168203064845291,1.66307156059211e-08,0.000477217056620825,0.00159937560610065,3.29605453454737e-09,0.000407695444659739,1
"19857",0.801430500346395,0.157146698043942,0.0108804320689965,7.0221853045844e-08,0.0151612391934974,0.0153110346533597,6.47186056302958e-05,5.30686632587873e-06,1
"19859",0.960355885162833,0.0259271596329573,0.00353559743267308,4.87496369907245e-06,8.89561070561236e-06,0.00965091859068126,3.4609923030733e-06,0.000513207614147655,1
"19861",0.89052907635661,0.000352103453227303,0.000669165416196155,4.39289071959409e-09,0.108274835881572,1.63500332447906e-05,9.67317523654369e-08,0.000158367734505762,1
"19863",1.54117331069978e-05,3.14587561649436e-08,2.65551841381069e-07,3.66434279680608e-12,0.994549968186384,0.00543428470770154,5.35741354838718e-09,3.30011316000866e-08,5
"19865",0.00183103246129831,3.84475250983957e-06,3.52558871159719e-06,1.13504012903482e-09,5.96397889056258e-07,0.998160943628985,3.90977833616031e-08,1.69377831626365e-08,6
"19867",0.975687261500418,0.00423478371420297,0.0144697318541156,5.8131895604644e-07,0.00531357680885686,1.14962654607852e-06,7.83900656135078e-06,0.000285076170343518,1
"19869",0.00653895200784515,9.19095782726727e-07,1.17897002901555e-06,3.99263837402999e-12,0.993435770649743,2.24036813039007e-05,8.23398769632534e-10,7.74767904918767e-07,5
"19871",0.884294167065097,0.0791137632320079,0.00110588634089383,8.79534108784916e-06,1.24864555942981e-06,0.0353205036697137,8.79688199098101e-06,0.000146838823649395,1
"19874",0.242137359355132,6.86468600432936e-05,0.000498994246916176,1.74936337246386e-07,2.74916241702198e-06,0.757250563414468,8.78370377093462e-08,4.14241876488747e-05,6
"19876",0.855202151006428,3.16936224914363e-05,1.79300734339821e-05,1.08178896133627e-09,0.000163665894539526,0.144576686883234,3.72837333169129e-09,7.86770971146625e-06,1
"19878",0.000188936718681272,0.000183259556505539,0.99730656267328,1.97877070702743e-05,2.14848572195148e-06,1.207067119654e-06,0.00229724843411358,8.49357507566569e-07,3
"19880",0.00144320035839978,2.7739870743857e-07,8.15920583095867e-08,6.69928403386423e-11,6.93212295716365e-06,0.998549449886403,5.75773753927653e-10,5.79987073054503e-08,6
"19882",0.787791597333797,7.0120417353548e-05,0.0103320619965869,1.19376562862716e-08,0.201000705037679,0.000612445401613118,2.1978588756797e-07,0.000192838089426102,1
"19885",0.895764196257145,0.0945587993534395,0.00930813405314957,7.44494399105138e-07,5.56072753056447e-06,0.000329804322095771,2.7071931293529e-05,5.68886094733568e-06,1
"19907",0.928692631134956,0.000917021214221874,0.0150878358543242,7.91725585901715e-08,0.0552221101022135,7.19561040737504e-06,2.59642892516515e-06,7.05304823930991e-05,1
"19909",0.000580285146780069,0.99026242978225,1.02534561945905e-05,4.12299063442258e-06,2.70674923114528e-05,6.10755282796507e-07,0.00911502167655136,2.08699995301145e-07,2
"19911",0.00241632739579055,0.971776316748696,0.000155478219707872,0.000134134498385542,4.42988591387494e-06,0.00663783553922134,0.018862131660112,1.33460521721896e-05,2
"19913",7.78229178471005e-06,1.20472031933574e-07,1.60441539608795e-08,1.29385426042729e-09,1.52095605376638e-07,0.999991902843103,1.06637891321437e-08,1.42956774987611e-08,6
"19915",0.7115945135969,0.000129576448288434,0.000155891576590555,1.17636074314089e-07,1.07495261232468e-06,0.288085453716117,4.38017465281863e-08,3.33282716704819e-05,1
"19917",0.00869024136386351,0.000107575012166493,2.95440091335711e-05,3.44346021220554e-08,1.21608965421499e-06,0.991169650051489,4.39852557280756e-07,1.29918653355402e-06,6
"19919",0.877684766116815,0.00282764330075544,0.00508143248404961,1.72834539455642e-06,7.73516503174817e-07,0.11432405179486,1.1933282553198e-06,7.84111133671873e-05,1
"19921",0.990388490157454,0.00249716327176958,0.00685595257104994,1.57002823782441e-07,0.000144329934894088,3.88038401962781e-06,7.18852589995109e-07,0.000109307825398693,1
"19923",0.00617284682157977,0.000761579750661614,0.99240652960442,9.12574434799605e-05,7.19049513826638e-06,4.655101694825e-08,0.000152541206244998,0.000408008127458865,3
"19925",0.0635140119242538,4.34734434779205e-05,0.00010734467595349,4.9854584225046e-08,4.2879483792796e-07,0.936331026705239,8.2371678309236e-08,3.58222997552529e-06,6
"19927",0.998376636113369,0.00111562781293428,0.000290457830195412,9.86511200922533e-08,1.19911213723762e-05,7.22249483085294e-05,5.04255203268412e-08,0.000132913097180374,1
"19929",0.000131699159113033,1.90028105324722e-07,8.35051353594026e-08,8.71640261897544e-12,0.447712121907692,0.552155837835905,1.00682556253762e-08,5.74870764328571e-08,6
"19931",0.990938616029899,0.00734889970474771,0.00111893545920084,3.43321051261192e-06,4.27165783335396e-07,0.000426508535062856,2.24834902378428e-06,0.000160931545770314,1
"19933",0.0500048419217309,0.944261216440214,0.000143670691234087,0.000226354304880048,9.03574279882302e-08,0.000179049309178733,0.00517759309928475,7.18387604972044e-06,2
"19935",0.745481473978851,0.229244244475473,0.0211869680275251,9.26465899173588e-07,0.000545123372825901,0.00085431929340481,0.00268505114413189,1.89324188928547e-06,1
"19937",0.991580678946326,0.00304016794428746,0.00415505233205508,7.55640557847404e-06,1.27645143365201e-06,6.66449232036577e-06,7.62669999901605e-07,0.00120784075799922,1
"19939",0.710152972251622,0.00166419362409979,0.287392444252486,4.66544888733254e-06,2.77999839798251e-06,0.000730887008324644,5.30168036708025e-06,4.67557358151777e-05,1
"19941",0.00162808001745779,0.881164577474806,1.12022906367133e-05,1.70620124626842e-05,0.000141696103298617,0.0345539177262368,0.0824822698230637,1.19455203722551e-06,2
"19943",0.0005212245484416,1.27098606113777e-06,7.44711057425384e-07,1.0901940837223e-08,4.24454666854954e-08,0.999476458490499,8.33064481710274e-09,2.39585889068188e-07,6
"19945",0.0110793126926454,0.968521412650632,0.00350791881474749,0.000647395523515444,4.55268871291408e-08,8.12974476664385e-06,0.0162123210966863,2.34639501198301e-05,2
"19947",0.00481336561458444,0.238181427030705,0.000258754939537774,1.99131607247564e-05,0.0176763960152391,0.734975202443943,0.00405922116878258,1.57196264832326e-05,6
"19949",0.0177520468191096,0.00900937234067774,0.969642802132794,0.00097566428608543,2.15509153263532e-07,3.72714029986782e-07,0.00252433531579626,9.51908823540827e-05,3
"19951",0.230673396660349,0.00141532995566835,0.0525593345097322,2.10841272125748e-06,5.48604140109845e-06,0.715296020530424,3.83739931037893e-05,9.94989660005819e-06,6
"19953",0.000175704030275755,0.0696339831996392,0.00163416190023177,0.870287327904205,1.71801390073538e-08,1.59934157995893e-08,0.0272236505760815,0.0310451392160121,4
"19955",0.000300520503596948,0.536543584696623,0.304018318842512,0.0216529954178998,7.85429707976396e-06,1.10857810270049e-06,0.136083672848836,0.00139194481534991,2
"19957",0.0555822786155056,0.0116032886634423,0.000189753414999912,6.05341051433803e-05,1.15634648066182e-05,0.926631097859354,4.4373617841207e-06,0.00591704651496388,6
"19960",0.00034790076651545,0.756492614423629,0.00515476438196888,0.00010327359263626,3.10858879412844e-05,0.000203826228975711,0.23766635711549,1.77602842709456e-07,2
"19963",0.000113718674511763,5.61154989306341e-05,1.86355419002504e-06,0.00350724758231654,1.9129743095491e-05,0.916980994586763,3.73273545235735e-05,0.0792836030056688,6
"19965",1.57116455514355e-05,0.130873140676774,0.132342419654179,0.000297789330039924,3.4592746639898e-05,7.06615473613698e-09,0.736435343373175,9.95507486060551e-07,7
"19968",0.0115297993832427,0.00146728328803595,3.42589570047281e-05,4.63434553637459e-10,0.235855149133671,0.751016355787593,9.7149661212446e-05,3.32580603627648e-09,6
"19971",2.68943676618118e-06,3.67485262947946e-05,1.05776304070732e-05,0.000899298700243804,1.24441776905711e-07,0.998834346363665,0.000203328199877349,1.28867009688949e-05,6
"19973",0.99616324390896,0.00137907894337491,0.000548117672040871,1.1980588682907e-08,1.73281862844697e-05,0.00188880215676299,2.24681044254534e-07,3.19247094360706e-06,1
"19975",0.0251428259850573,0.000108936534104902,3.81225932320564e-05,1.38850070404601e-09,1.62679035208484e-05,0.974693486246732,3.10249197106715e-07,4.90996554137817e-08,6
"19977",0.000247281241179998,9.19051468849206e-06,0.000497535820341451,2.5206355390252e-06,5.11768607562019e-05,0.999161906554036,7.41852694629865e-06,2.29698465130916e-05,6
"19979",1.11074393768482e-07,0.0916753719206704,5.21547115350564e-06,0.00284264015587641,1.19828748448025e-10,3.47009097766665e-07,0.905476308665482,5.58349722997664e-09,7
"19981",0.545644141145105,0.452592933644242,0.000935118891715836,7.11353767958371e-07,0.000532042718105784,0.00019886075499579,3.57550624607991e-05,6.04364296070097e-05,1
"19983",0.377856935537068,0.236454207313893,0.38494864198538,7.84514318736296e-06,0.000404611759544704,1.44860157159928e-05,0.000196120442429109,0.000117151802781742,3
"19985",0.253687078193386,2.86481917311627e-05,0.000111836009533535,3.62291366809876e-09,2.19249050426522e-05,0.746145278220552,1.05144495375368e-08,5.22034239185247e-06,6
"19987",0.615760797957446,0.357702081564529,0.000280211234517598,1.55037277424528e-05,2.30715128699625e-06,0.0259057311682123,0.000317300781774355,1.60664144910178e-05,1
"19989",2.48508617936259e-06,0.142559438854386,0.00013387282727108,0.0265473391380974,3.44400875116084e-10,1.16930301977343e-09,0.830756207145668,6.55434694354041e-07,7
"19993",0.15268089816658,0.0866082548767285,0.731234973726076,0.000445144066677611,3.25229329099283e-07,0.0114360003381883,0.0175915764849237,2.82711149639917e-06,3
"19995",0.0997059740685844,0.76624924976628,0.0456178515105634,0.000171964906632602,3.73397901591821e-06,0.00415310668291352,0.0840931272966864,4.99178932356748e-06,2
"19997",0.995767354839589,0.000359375538120731,0.000340873182834413,3.06598055487906e-08,1.62277427326798e-05,0.00346803946613898,6.32005614291595e-08,4.80353702168803e-05,1
"19999",0.981533419462762,8.65530491996656e-05,3.94525833951051e-05,6.82205864721992e-10,0.00046580487396887,0.0178664437240299,4.34061479105178e-09,8.32128382399133e-06,1
"20002",0.000259737693090927,3.52747481134789e-05,3.31647072002037e-07,5.32873430446288e-08,0.548739692667217,0.450898037118609,6.47119623625462e-05,2.16087619137147e-06,5
"20004",0.0169269240628277,0.969810626886342,1.14905811973679e-05,5.57716729423339e-06,7.64235286882933e-05,0.00107075578336384,0.012097319512928,8.82477358339016e-07,2
"20006",0.0016280518687399,0.452752011536536,0.432023374608348,0.000694247005663566,0.00154198570477607,0.000491085456830172,0.110771613515111,9.76303039962e-05,2
"20008",0.000993701112114123,0.00805003742012601,0.817377168441528,0.00118620008659134,2.44171946662994e-05,3.93107877979989e-05,0.172273347909843,5.58170473332331e-05,3
"20010",0.00340930194275632,0.400184004320542,0.471629621088132,0.0430685394434009,4.67431110570634e-09,1.38814604232218e-06,0.0815681569404602,0.000138983444355584,3
"20012",0.228977743022209,7.63761404872559e-05,0.00243026125802543,5.85076896767415e-09,0.00798685562737835,0.760527103918952,9.57350061106374e-07,6.96832118020631e-07,6
"20015",6.84117590071578e-07,0.0283438292630856,0.00116179406253782,7.16493569361347e-06,1.91004670659364e-07,5.90355086909602e-09,0.970486330556981,1.55889978303529e-10,7
"20017",0.989593927148498,0.000475867755250261,6.49915011706167e-05,1.51854831238142e-09,0.00145642976213198,0.00839768549861179,1.93217096351935e-08,1.10774940798872e-05,1
"20019",2.86827286161485e-09,0.004305743749276,9.15252934515794e-05,0.00852452444165133,1.02194555663659e-11,4.74049278254018e-10,0.987078197856117,5.30696259096804e-09,7
"20022",0.0003813653842955,0.948633554935933,0.00449765480805535,0.00156218939943251,4.08772953804877e-09,3.33973972393278e-07,0.0449224314268413,2.46598374112896e-06,2
"20024",2.77805324995406e-07,0.0129044064120614,0.000128980705520702,0.739320604320259,1.71427985350048e-08,7.43586354481758e-09,0.247431002568874,0.000214703609297632,4
"20026",2.77805324995406e-07,0.0129044064120614,0.000128980705520702,0.739320604320259,1.71427985350048e-08,7.43586354481758e-09,0.247431002568874,0.000214703609297632,4
"20028",0.948786514302787,7.1061321359809e-05,1.37835097967228e-05,5.39796480799734e-09,5.09063687665853e-05,0.0510470456995273,8.86159581034229e-09,3.06745382022688e-05,1
"20030",1.83140202329847e-05,0.388958959862861,6.38433527778452e-06,1.75669201835268e-05,3.49206055916375e-06,6.39815343265265e-05,0.610931297071958,4.19460145559707e-09,7
"20033",0.827081810517043,0.0145612011883973,0.000203524521884398,3.201125274762e-07,1.75482738638607e-05,0.158124270727132,3.9991373626112e-06,7.32552178939617e-06,1
"20035",1.45841674037947e-08,0.00717345236492757,0.00020713125358841,0.0177625792279505,3.7137775970521e-11,6.75474644917273e-10,0.974856810574733,1.12820212854691e-08,7
"20037",1.91539398406969e-08,0.0103394442466431,0.000504112255423378,0.000799548151727797,1.79434671353282e-09,1.61892497398188e-11,0.988356867625325,6.75640521092172e-09,7
"20039",4.25748502990634e-09,2.49074069808491e-06,1.94693484013692e-05,0.998071572562876,1.04209248344471e-11,7.06418291393297e-12,0.000116825308037741,0.00178963776501705,4
"20041",0.00363755373962441,0.0151313027379453,0.980339749047251,0.000290369976571701,1.96552373916282e-06,1.98709405121485e-05,0.000269222902193921,0.000309965132162281,3
"20044",0.0227592817262887,0.108045551612867,0.860101839077237,0.00365029425593547,1.19665639169546e-05,0.00149116333393752,0.00260335139167708,0.00133655203814052,3
"20047",1.07542358498408e-09,0.00566155337543371,3.47211423785316e-06,0.0273045869123114,7.14887114315337e-12,8.44826418961937e-09,0.967030358570739,1.94964417674348e-08,7
"20050",0.00092678387176874,0.00641452490148173,0.366499101304227,0.611070452195311,1.35578611972042e-10,7.66853004136914e-06,0.0139201137849191,0.00116135527667248,4
"20052",0.82176889374828,0.119759610486666,0.027510635775349,0.00025716980504736,2.06755096674704e-07,0.029826267063502,0.000189479259864342,0.000687737106194629,1
"20054",3.80178018738725e-05,0.842268188381892,0.000158211173459612,2.04700274063528e-06,9.40602161178744e-06,1.73015929176355e-06,0.15752239779465,1.66448076580818e-09,2
"20056",0.00109722848815038,4.93297075823464e-05,1.27880665787578e-06,3.04367417307789e-07,1.53019827540844e-07,0.998844249159938,7.26082258216876e-06,1.95627843930046e-07,6
"20058",1.69495806336816e-06,0.155223681678556,0.000310875362936027,0.00564086949004695,5.39083048917631e-09,2.43930010303848e-10,0.838822605145394,2.67730244140979e-07,7
"20060",0.995082374156921,0.0032804181909938,0.00149557179055982,8.90130869383188e-07,6.28387501638869e-06,0.00010402883330309,4.43711467723588e-06,2.59959076590205e-05,1
"20062",0.679855256902139,0.0214272990751376,0.29850657714514,3.1608305515069e-06,1.28730871581524e-05,6.33000289431633e-05,0.000115021694914292,1.65112360164443e-05,1
"20064",0.00251712962011967,0.980989598713213,0.000151663171201679,3.94292075801854e-05,2.2513331343854e-08,4.0042914302802e-05,0.0162619432511918,1.70609058937118e-07,2
"20066",5.63057547276331e-07,0.092836762502694,1.90489529242455e-06,7.69591318276357e-05,2.77290426109244e-07,3.55313735568376e-06,0.9070799790142,9.70656455771224e-10,7
"20068",0.986648109210995,0.000682757018936374,0.0118795316408689,2.71869158734298e-08,0.000701790819620335,2.32302394928912e-05,2.02951165651133e-07,6.43509320053446e-05,1
"20070",0.963438208535933,0.000928183285144876,0.0223011875681984,6.30850979743146e-06,2.86152311713197e-05,1.48025532791697e-05,5.25280377044822e-07,0.0132821690360991,1
"20072",6.31307829250965e-05,0.328144012515829,0.0150062486145764,3.07347009089256e-05,0.00476849337562212,8.12375793883154e-09,0.65198714928065,2.22605731125677e-07,7
"20074",2.53461841946314e-05,2.8341624922408e-08,6.85067428624634e-08,3.62463718560181e-11,0.000201916301165931,0.999772618041345,1.92802840063803e-09,2.06606518755422e-08,6
"20076",0.0243050347295835,0.0363477654250862,0.000272295806253657,7.21720852807203e-09,0.328585841086026,0.610239842581682,0.00024907641983091,1.3673432878005e-07,6
"20078",0.00335280652123094,0.971949438680822,0.00157339868606474,0.000669261817349047,1.35177687256702e-07,2.78468364469193e-05,0.0223859869521702,4.11253282289658e-05,2
"20080",9.61043151746705e-08,0.0377956094943161,0.000135324604479515,0.00924622099549896,8.77213205140595e-12,4.55688394640853e-09,0.952822733485672,1.07500619705675e-08,7
"20082",2.45115535515382e-07,0.000238160660012713,2.665947198859e-06,0.998420604698221,9.64413834226332e-13,5.33176840518617e-09,0.000333648134055551,0.0010046701122432,4
"20084",0.00152291469922566,0.9305635569971,0.000247872031548184,0.00732509722061149,5.18034807398409e-08,0.016916967240168,0.0432984009745803,0.000125139033285659,2
"20087",0.00416332648475783,0.800646465328324,0.0726109254916806,0.000270513667360615,1.61777924497896e-05,1.90463338868714e-07,0.122264895300551,2.75054715378788e-05,2
"20090",1.28855466673957e-06,0.0170969894308893,0.0312390982737841,0.137994296681431,1.91656732556814e-11,3.0908334139096e-08,0.813667823106003,4.730257259166e-07,7
"20092",0.00199564579244585,0.00774127066408672,0.0500607466941244,0.00757937240125478,5.03942244069876e-05,4.61080065566018e-09,8.44442397575334e-05,0.932488121373123,8
"20096",0.0560846843159491,0.0125659485288927,0.0217593093776797,0.00808576799681024,7.86063546908243e-07,0.00156396638915142,2.67989062646649e-05,0.899912738421705,8
"20098",0.856377739647954,0.00252770061816246,0.000342603008465267,6.17029836302216e-07,1.77483709998643e-06,0.140733112940161,8.81876354355232e-07,1.55700419667648e-05,1
"20101",1.59904390167877e-05,0.294146667260385,0.0004425445670108,0.0104478688987223,7.19740065753731e-10,0.000117072498594947,0.694829489387485,3.66229045509197e-07,7
"20104",0.00576905919307868,3.10362475498904e-05,3.77400425444026e-05,7.68615319443658e-06,0.00539995594046708,1.4354200619787e-05,1.132170292292e-08,0.988740156900843,8
"20106",0.00018314972213558,0.457147810136691,0.00853489381626912,0.000493857153294709,3.35227877980007e-09,4.87666768156007e-05,0.533591504046243,1.50962718890223e-08,7
"20108",0.987723345773959,0.0051261559073928,2.29278932393475e-05,3.26292003650007e-08,7.15886656405186e-05,0.00704621290583836,1.03615028373314e-06,8.70007444580872e-06,1
"20110",0.214003689074307,0.00648555067981255,0.476919057670669,0.0356637691132761,7.5945863078218e-08,0.126540608191118,0.000180383417870199,0.140206865907084,3
"20112",0.00355081997742959,0.176555957865474,0.471904949098959,0.0448578240106392,8.50561102046152e-09,1.41978294131633e-05,0.30309500851341,2.12341990641659e-05,3
"20114",0.00598059441506634,0.968361321029251,1.26026398442395e-05,0.000303037803279069,2.23371568530079e-07,0.0182445829506251,0.00708283700397807,1.48007863879888e-05,2
"20116",0.00065156045734436,0.953137406461179,3.91221356975739e-05,3.46328369419035e-06,1.15939568835991e-05,0.00796865831668048,0.0381881751013361,2.0287184648193e-08,2
"20118",0.328121457761145,0.63420228492062,0.000414168289952162,4.17244222834389e-05,6.65940610337545e-07,0.0369226848934955,0.000240059879292329,5.6953892600653e-05,2
"20120",0.00179656444008012,0.585373300686689,0.0078414195301528,0.18263980072229,4.49943265050615e-10,0.000718204858602564,0.221613712779877,1.69965323650082e-05,2
"20122",0.000797026065512285,1.58880417190403e-05,2.69029174524086e-07,6.22124480129963e-10,5.62201391766544e-06,0.99918112466579,3.04255057903126e-08,3.91362566350679e-08,6
"20124",8.27765941876003e-07,0.312341893931938,0.00117588998020001,0.00666082606725903,5.25188478937392e-08,7.05524926558466e-10,0.679817176602957,3.33242733159949e-06,7
"20126",1.48571543389189e-07,0.00224403389910751,5.31843702516548e-05,0.946833280853414,3.77560330563377e-08,8.51633891434654e-08,0.00231714373351068,0.048552085652751,4
"20128",1.33313614349691e-10,0.000284370195615515,1.78271894002196e-05,0.828334615153287,4.38996748234462e-11,6.2797071965196e-11,0.171350326276864,1.28609448228557e-05,4
"20141",0.206598180571072,0.000684647166060688,3.5912883692812e-05,0.000102271216491087,1.11791108977735e-05,0.0149428468332436,3.55415916108688e-08,0.77762492667695,8
"20143",1.27304511923644e-05,3.41418893288975e-08,7.59947405943989e-09,9.00692918531167e-11,2.76470305502192e-06,0.999984453421359,1.49500308550519e-09,8.09795734130113e-09,6
"20145",0.00154393556848321,0.874681974219383,0.00768910583013474,0.0138929143926335,3.40676870244922e-10,2.54830194314069e-06,0.102184912192332,4.60915441300379e-06,2
"20147",0.000127516179002963,0.943265583308926,0.000348548288444423,0.000182917187790385,3.13671661916079e-09,1.25229522314631e-06,0.0560740770425472,1.02561349495482e-07,2
"20149",0.000787511731664085,1.3918569727564e-06,3.88223516789903e-07,6.26012245697982e-10,2.68984265813929e-06,0.999207725099809,3.10905215291508e-09,2.89510314720991e-07,6
"20151",0.957555110883162,0.00171466379434579,0.000464602182911443,2.34762398753403e-07,1.28866290873313e-06,0.040257651671209,1.47015709778421e-06,4.9778859664491e-06,1
"20153",0.353772697751613,0.00253841605176149,0.00352060168200683,0.00218774392476553,1.35573108512281e-08,0.634505493131161,2.74494176375423e-05,0.00344758448374375,6
"20155",2.09963195768646e-05,0.473104644273681,0.062462813655313,0.000755511767710608,2.48070529361712e-08,2.19292912608132e-07,0.463655709626458,8.02572948808307e-08,2
"20157",0.599790241050764,0.000579830006989483,4.98147695380898e-05,7.24181666059093e-07,1.21504317139032e-06,0.399561263094472,9.20408885948373e-07,1.59914445133144e-05,1
"20160",2.03876065483483e-05,8.90099631878461e-08,1.15739499474255e-08,3.32756299526735e-10,3.5121050182449e-07,0.999979145198819,2.89547766827403e-09,1.21719840659933e-08,6
"20162",0.00404675161572842,7.32220053500551e-07,2.24556973101222e-07,2.14197682988929e-10,3.38880965918054e-06,0.995948757880638,9.87866257622181e-10,1.43714883275046e-07,6
"20164",0.0450874048100367,0.000103543237616294,0.000808442085835527,1.04847355163008e-06,1.05763553589174e-06,0.953976533057046,2.00996262028704e-06,1.99607377571954e-05,6
"20166",7.92067657321427e-06,0.0565286770700725,3.44346633608809e-05,5.55065979996692e-06,7.20917343784125e-05,0.000391714153345434,0.942959608817244,2.22522492160428e-09,7
"20168",2.94839797430154e-06,0.000212516836698947,4.93814122137824e-06,1.95747869552092e-08,0.998036570972349,0.000384669101020615,0.00135829699993848,3.99760101577741e-08,5
"20170",0.7474850372136,0.00446892271469516,0.000180463218245745,1.94799357651503e-06,7.21598566344847e-07,0.247659373395055,4.4893694689689e-07,0.000203084929313696,1
"20172",0.000206324102368806,0.94890862665278,0.00140118594032453,0.00150555243633826,5.03652058167671e-09,5.4610684582962e-09,0.0479766728874077,1.62748319205044e-06,2
"20174",0.738918014410921,7.69138490114487e-05,2.3409104736914e-05,1.68981708022602e-10,0.136909644999713,0.124068496398268,1.35547834129765e-08,3.50751358442591e-06,1
"20176",1.58032096842472e-05,3.40502813619204e-05,6.34241034237465e-06,4.71262158290503e-10,0.999925165322016,1.46159894352857e-06,1.71556489626466e-05,2.10574271562381e-08,5
"20178",9.66686260870754e-06,6.79010845077025e-08,1.38014827397806e-08,8.58784155318165e-10,1.50259731047371e-07,0.999990082118199,4.28062074288231e-09,1.39174891254508e-08,6
"20181",2.40932491305202e-05,0.347543534046233,1.15882557641379e-05,3.42729650679279e-05,6.46700614329668e-07,0.00389080136148312,0.6484950607373,2.68440706057338e-09,7
"20183",0.919009773423949,0.069782902884737,0.007697322891451,8.96825539585325e-05,1.99330243988863e-06,4.14238148963406e-06,1.8928958947416e-05,0.00339525360302759,1
"20186",0.653091408169328,0.143654879928012,0.168031748870254,0.000354365084704337,0.0033549711015631,8.38967424912469e-08,0.000604631377521488,0.0309079115718746,1
"20188",0.000191929426433902,1.29585157548711e-07,7.59214175408306e-08,7.33903186586148e-10,2.30732520240412e-07,0.999807581119133,2.6384017031456e-09,4.98430330858697e-08,6
"20190",3.26719226412909e-06,0.123137053000835,0.000135876584398237,0.000107352673827916,8.02924617036291e-09,1.00204389497973e-07,0.876616341316671,9.98367363617129e-10,7
"20193",7.8871153949913e-05,6.04480210898237e-05,0.000132189979466719,1.08403303410997e-07,0.0170164821400975,0.98139036935702,0.00132147041226826,6.05328042869793e-08,6
"20195",0.189023916764857,0.00213456274864858,0.00400387427090446,3.25068931345223e-06,1.22027361274125e-06,0.804790444531898,3.7865397611897e-05,4.86532315439652e-06,6
"20197",0.000211937059799946,0.813354653461047,0.0250632272570087,0.000984178739318698,2.51373251299205e-08,2.29367675435478e-08,0.160385192384545,7.63024187658121e-07,2
"20199",0.0739524062851639,2.68556000929915e-05,4.7482674349926e-05,1.14953156420053e-07,4.63678047335447e-07,0.925931007936307,1.5180066471674e-08,4.16536928154746e-05,6
"20205",1.97822855233204e-06,3.15417706451731e-05,0.00079556688298861,0.95817400321912,1.88177778515859e-11,1.26317461209189e-09,2.4545226167044e-05,0.0409723633905348,4
"20208",0.978429709955399,0.0111373556975117,0.00265854937607287,8.32267829937403e-07,1.57778009705887e-05,0.00773922707606192,1.12171181242319e-05,7.33070802951349e-06,1
"20210",0.014897613413907,3.46290693975388e-06,1.29013077845187e-06,1.68242902982711e-09,1.33624314683681e-06,0.98509584853379,3.7229415241971e-09,4.43366067236241e-07,6
"20212",0.152868205766551,0.000325331402543208,0.000259773255344412,3.38477958936659e-07,2.35130677046563e-06,0.84653920905166,1.48669102530731e-06,3.30404814605658e-06,6
"20216",0.000268979045731224,0.916116544135241,9.45819761007596e-05,9.70623494433472e-05,7.0979587619549e-08,1.82528234180977e-05,0.0834044701455743,3.85449035946011e-08,2
"20219",0.00104282568647741,0.189651589281912,0.0118954879668,0.752812974160992,6.22548604212481e-10,2.79360039719108e-05,0.0368604474465347,0.0077087388307637,4
"20223",5.25278401832858e-08,0.00314334390765653,0.0010786307222676,6.21061028011307e-05,0.000220285869609572,3.34058366807869e-11,0.995495532758344,4.80780754818303e-08,7
"20226",0.0193270331852044,0.00190412126559443,0.978379423713151,9.87951656458904e-05,3.88048634119543e-08,7.39102239339845e-05,0.000202569845158704,1.41077964477984e-05,3
"20230",7.22670483538494e-07,0.0588496704378647,4.42300323399642e-05,0.000451480889670391,4.0930212973019e-09,7.08977900144306e-09,0.940653880827749,3.95909246564914e-09,7
"20233",1.67908491365312e-05,3.95374908950771e-08,3.36964278339917e-06,0.000490934945579366,2.63268488456097e-09,1.90449761432268e-07,8.56368453963376e-10,0.999488671086195,8
"20235",1.42649701523405e-05,0.180613153218734,0.148528409842972,0.0354944741465002,8.25618265076775e-05,1.46527775393753e-09,0.634797498901476,0.000469635628379565,7
"20239",0.00115759213247455,0.536124793486117,0.257141437949444,0.00016430523147091,0.00185739779792539,4.77330231052717e-07,0.2035082841965,4.5711875837822e-05,2
"20254",2.13063340355702e-08,8.53948865920245e-05,8.80872537334365e-06,0.999162780007003,1.03660712799309e-13,2.49299181145225e-10,0.000540384096782688,0.000202610728512616,4
"20256",3.07171052209643e-06,0.781393886020297,0.000293035666884859,0.00052394184900941,1.17868793025366e-07,1.03679574567067e-09,0.217785501055372,4.44792325357607e-07,2
"20262",0.436041966657522,0.00101239887418378,5.18739855473026e-05,1.6449978071492e-07,9.33472285995997e-07,0.562884840430374,3.0489341955249e-07,7.51718688671688e-06,6
"20270",0.00977843678712024,0.26953292769747,0.000505203173871192,2.28656145406303e-05,0.00222270678206258,0.00320299872182905,0.7147346369386,2.24284506452704e-07,7
"20284",0.460381173118986,0.0234917950324417,0.0794292183975377,0.117881661416788,1.23508770950174e-07,1.17877607657266e-05,0.00039571093571482,0.318408529828994,1
"20287",3.33722961727026e-09,0.0020548580029869,0.000357519645655828,0.000150834578066249,5.04424040294219e-09,3.51605593675156e-11,0.997436778859448,4.97212605373698e-10,7
"20290",0.000662656608714239,0.000523660051807488,0.00342161198410196,0.977363501023009,4.10117754238749e-11,9.56361979050607e-06,0.000172120428661482,0.0178468862429038,4
"20293",0.00130895057324513,0.996193121873767,8.86958889429009e-05,0.000197498808659447,4.00147357243372e-08,4.4473147255852e-07,0.002200438124915,1.08099842627422e-05,2
"20296",0.269175350130151,0.0402586995049074,0.000457672600495532,6.17136015979453e-09,0.0167691450957146,0.673177347132114,0.000161647268180483,1.32097076724454e-07,6
"20301",1.69414742540271e-09,0.000265236471709216,5.03516132225973e-05,0.000333456941640607,6.38260846756847e-10,4.22692012019013e-07,0.999350529683972,2.65035864869227e-10,7
"20304",9.8753554799443e-07,0.00178432952056356,2.25304063503349e-06,0.992607282891044,6.34675211137955e-12,1.48569601458147e-08,0.000245786400431616,0.00535934574847048,4
"20306",1.05724366572082e-06,0.0853197387382701,0.00020009462437967,0.0077394143937261,5.19522315523404e-09,2.02193807720036e-10,0.906739039753826,6.49848715848066e-07,7
"20309",0.0825873624831237,0.758265640939054,0.143520212064131,0.0032559050748287,3.35124021942832e-07,4.46019950089077e-05,0.0122839156388982,4.20266809334734e-05,2
"20311",0.000836303585664601,0.842536639934608,0.000607669606376088,0.000693014553270163,4.64380615214718e-07,0.000191322500363358,0.155125674577345,8.91086175793629e-06,2
"20314",0.963216043811308,0.0219891570574947,0.000832403200165907,7.33018082890289e-06,1.69091821570301e-07,0.0139145696252147,1.09465829043329e-05,2.93804502615435e-05,1
"20318",5.08789654720471e-05,2.80568886198691e-06,3.24056892548876e-08,5.94913917264358e-09,3.35028324717472e-06,0.999941585863237,1.33000404946153e-06,1.08403037779803e-08,6
"20320",0.391477381344295,0.00119724175898392,0.603007787786486,0.000175194570473075,5.52185842612416e-06,0.00094018550134677,3.39346925122338e-05,0.0031627524874773,3
"20326",0.930383910329864,0.0330824552325644,0.000372539668616384,1.70954956689093e-05,4.42967783034054e-07,0.0360146853912472,1.61657558193694e-05,0.000112705158436906,1
"20328",0.766501781945698,0.00432308449693783,0.222942259043459,0.000140357314930218,2.65685342150512e-06,4.85188776822946e-06,1.30298332105082e-05,0.00607197862457488,1
"20330",4.15063250366732e-05,0.0218138004497187,0.899862857142717,0.00341425013659861,2.05038315702828e-07,2.40555132339355e-07,0.0748410414026415,2.60989498396591e-05,3
"20336",0.0104911574093118,0.0605040491829602,0.00309665281061198,0.621808195731646,2.5376985468306e-09,2.89828102842561e-07,0.000308645531066794,0.303791006968601,4
"20338",0.000225071681554273,0.0262185451379559,0.00338045336287889,0.90463894852911,7.75662413992331e-10,6.87142474322251e-05,0.000907054752575517,0.0645612115128312,4
"20340",1.47815526581717e-07,0.0801935902066392,9.23523238154809e-05,0.00229235175059874,1.17620305834223e-08,5.03998360196441e-09,0.917421502778031,3.83233745182465e-08,7
"20342",2.73335468320102e-05,1.42437963050549e-05,0.0171306585160651,0.111893456714769,1.33732552261444e-05,0.000172894038186806,0.00056313057124119,0.870184909561375,8
"20344",0.000386936627443691,0.720716263762696,0.000302901340401222,0.00180756535125088,1.08329146144059e-07,1.15628418619032e-07,0.276784529312223,1.57964842040205e-06,2
"20349",3.10588063030251e-06,0.35650665563478,4.2412093450411e-05,0.000556779460391317,5.65456881897301e-08,8.08316572720351e-10,0.64289086166078,1.2791596365763e-07,7
"20351",0.00248202906103333,0.987457602835873,0.00166848573630735,0.00315087767973652,7.27998132390261e-08,6.19152315309933e-05,0.00512729080082956,5.17258548764291e-05,2
"20353",2.20715458272884e-05,0.0331996746834203,0.762188460924233,0.0693983390005762,2.25038829020556e-09,8.85350131591164e-09,0.135170022493261,2.14202487929692e-05,3
"20357",5.2061445205349e-07,5.04065740365724e-05,0.00153588833822382,0.991717975765783,1.36029005889128e-11,4.0453641345326e-11,0.000296754091472185,0.00639845456197522,4
"20360",1.46424818125583e-05,0.000512067473958916,0.825357130094537,0.0875289580064515,0.000126658011392212,3.3118938840131e-07,0.00480590652370793,0.0816543062187514,3
"20364",0.0110715233267733,0.480478633773506,0.405801809280235,0.00771033771220662,8.37367699636848e-09,4.43957077660615e-06,0.0949284959839873,4.75197883899072e-06,2
"20366",0.00272055082360484,0.00479708806797332,0.000671540968778101,0.452372633630071,1.96703102451632e-09,5.52773913522644e-06,2.2000239053376e-05,0.539410656564353,8
"20381",0.00217389077383503,4.3380595247454e-06,2.72365602573213e-06,3.81276876496441e-10,0.986039198043466,0.0117060507000172,1.15157102215177e-08,7.3786870144436e-05,5
"20391",0.00794546810863799,0.164222416138602,0.569447715911241,0.00164932611294452,0.196431286283654,7.98592573731332e-09,0.0288940773330454,0.0314097021259497,3
"20394",0.976677546913595,0.00141584689500697,0.0199256103967496,3.24233045321131e-08,0.00141693485420583,0.000462759866075487,6.96403555369297e-07,0.000100572247506983,1
"20396",0.27890401709825,6.74173390486349e-06,4.34012542856993e-05,3.66526574255095e-11,0.714984987657839,0.00605320697273536,2.63331385034789e-09,7.64261301802812e-06,5
"20409",0.0745703838601257,0.807450406349865,9.73370947850276e-05,0.000399957396986565,1.58340220291434e-06,0.0960615300671406,0.0213944030663246,2.43987625698998e-05,2
"20411",2.52740903235216e-05,0.444150742352567,0.028799075566787,0.339555668717957,2.02561028204614e-09,5.1448478538223e-10,0.187203352267314,0.000265884464957391,2
"20416",1.75088373012282e-10,8.81740327570955e-05,1.69520098015862e-05,0.984636179871618,3.41301643194395e-12,7.89407177205347e-13,0.0152333396821149,2.5354224417947e-05,4
"20418",0.199416735399299,6.09968389343553e-06,4.70676516585351e-06,2.01814788932415e-11,0.768048306905825,0.0325211905508858,2.23000337529528e-09,2.95844474550315e-06,5
"20420",0.000687895689705638,6.57666348066831e-06,4.1554808522584e-05,0.00282879413548367,1.18945797448574e-08,6.30332633106856e-06,1.14298273561524e-08,0.996428852052069,8
"20422",6.3751380944388e-05,0.0453710101043712,0.0297465420957124,0.00140014582845736,9.29127752664709e-09,1.79048899305519e-05,0.923400612295566,2.41137406980474e-08,7
"20424",2.07021747324323e-05,0.376329744743721,0.117570948026828,0.188415250313605,1.08308633658608e-09,2.29704959563145e-09,0.317617899413982,4.54519469950242e-05,2
"20426",4.72585445980199e-06,6.83037787980021e-07,4.93672066178025e-05,0.728579734921754,1.15659466113577e-10,0.000157422449237099,2.33926603780987e-06,0.271205727148445,4
"20428",0.00452917015868361,0.921111202748239,0.0550668278034764,2.07754324065387e-06,0.000706743913814813,1.71051659499999e-06,0.0185817374219353,5.29894014997371e-07,2
"20431",0.549017168648033,0.019874929748724,0.345517234855264,0.00300322835278952,4.85413468838793e-07,0.0805383641716856,0.00175091792584478,0.000297670884191091,1
"20433",2.9587180237501e-08,0.00539663770299586,9.71214805791051e-05,5.47211721596379e-06,2.16033665284282e-05,6.05950074118146e-10,0.994479133482476,1.65707462831051e-09,7
"20436",5.07507383822714e-06,0.00156347112710116,1.6990163984353e-05,9.20291974204405e-09,0.996951701772475,2.14232134331265e-06,0.00146058822740912,2.21109293671918e-08,5
"20439",0.650271163551932,3.29892440963908e-05,2.75837313509352e-05,9.06166050761086e-11,0.220510388917976,0.129150941064718,1.06795023091368e-08,6.92271980799476e-06,1
"20441",9.15781683603209e-06,0.000336353075938334,0.0135298835325996,0.956918713078959,5.64690241501251e-11,6.52639885549802e-08,7.91151190333167e-05,0.0291267120561766,4
"20444",0.000100584130107464,9.85541849439169e-08,2.35820907366232e-08,1.51339747145015e-10,7.84091992919168e-07,0.999898488579843,1.0159965003437e-09,1.98944447832426e-08,6
"20448",0.800681677128174,0.0596823352480454,7.92436174493456e-05,0.000179433500943538,0.000103925413942531,0.13702492403049,0.000166564581293138,0.00208189647966203,1
"20536",0.155558871762058,0.00146162058490907,0.00401086923116394,4.41255830746552e-09,0.838935606875591,3.4146842441895e-06,1.11881741800514e-06,2.84936320577881e-05,5
"20538",0.00694850437833399,0.692127169785518,0.00012764898022752,0.114169666419713,1.26832373028426e-06,2.40793170806252e-07,0.00215776496704672,0.18446773635226,2
"20541",1.81289125461434e-07,0.0273080199534946,0.0018696858542369,0.318449019995214,6.90925859616926e-12,7.38452452653891e-10,0.652370835242028,2.25692053931783e-06,7
