"","V1","V2","V3","best$classification"
"19811",0.0305601978232406,0.0766690702435693,0.89277073193319,3
"19813",0.999998588766593,3.33261326797804e-07,1.07797208012246e-06,1
"19815",0.00935799431980191,0.913261470109531,0.077380535570667,2
"19817",0.00131170723512441,0.142032708389336,0.856655584375539,3
"19819",0.761649907140376,0.238350092859613,1.10720584025114e-14,1
"19821",0.0711546028044797,0.16812945454164,0.760715942653881,3
"19823",0.990559135760001,0.00816080654520957,0.00128005769478994,1
"19825",0.999999715814046,2.84185942032606e-07,1.24374475421761e-14,1
"19827",0.00359813170725251,0.0121723273439866,0.984229540948761,3
"19829",0.188937859720702,0.811052442903748,9.69737555014627e-06,2
"19831",0.961228993775943,0.0387710062240463,1.10746987995721e-14,1
"19833",0.999999999999999,7.62807716737966e-16,7.32841181345823e-22,1
"19835",0.0711546028044797,0.16812945454164,0.760715942653881,3
"19837",0.00110592026251336,0.0384678071416786,0.960426272595808,3
"19839",0.928357037912691,0.071635146813074,7.81527423494747e-06,1
"19841",0.751643884750942,8.46006550700775e-10,0.248356114403052,1
"19843",0.979099108005502,0.0209008919944983,6.35259357841773e-19,1
"19845",0.943340619489742,0.00134269853013152,0.0553166819801262,1
"19847",0.0721294847867548,0.925896892704289,0.00197362250895595,2
"19849",0.999871319505685,7.09828508250044e-08,0.000128609511463834,1
"19851",0.00408085360187544,0.0520517234077515,0.943867422990373,3
"19853",0.957432384013062,2.46680760102485e-05,0.0425429479109278,1
"19855",0.0395141495447871,0.0116816773184171,0.948804173136796,3
"19857",0.0344930532386976,0.679985887910254,0.285521058851048,2
"19859",0.00858000556917036,0.176451439457247,0.814968554973582,3
"19861",0.119856794427314,0.0345294756616809,0.845613729911005,3
"19863",0.996294269449724,4.82264913665825e-14,0.00370573055022772,1
"19865",0.00143398624675131,3.8942003187677e-06,0.99856211955293,3
"19867",0.0781370767291897,0.890015306839154,0.0318476164316565,2
"19869",0.982322168282589,1.45041785896549e-06,0.0176763812995517,1
"19871",0.00205077505169752,0.169544574881343,0.828404650066959,3
"19874",0.00969627037121233,0.0014133810149831,0.988890348613805,3
"19876",0.00229614749812916,0.000750702797867442,0.996953149704004,3
"19878",0.297864546103089,0.702135453893116,3.79478227360481e-12,2
"19880",0.000630251519762074,7.82049975595826e-09,0.999369740659738,3
"19882",0.839988828503689,0.012489534382467,0.147521637113844,1
"19885",0.0017682727782926,0.699412497800481,0.298819229421226,2
"19907",0.48679360812038,0.382838596567895,0.130367795311725,1
"19909",0.00757304497614737,0.992426896422164,5.86016885992243e-08,2
"19911",0.0543453638610334,0.945616867064734,3.77690742329261e-05,2
"19913",0.00686167590171262,1.53125534789797e-10,0.993138323945162,3
"19915",0.000466662598266269,0.000605327859431982,0.998928009542302,3
"19917",0.00826702272997867,0.000589857931043891,0.991143119338977,3
"19919",0.00104389578105503,0.024700280594794,0.974255823624151,3
"19921",0.00444289157744591,0.261429442826782,0.734127665595772,3
"19923",0.104011799244228,0.895987669820519,5.3093525311428e-07,2
"19925",0.000808907225532519,0.000245792919041391,0.998945299855426,3
"19927",0.00453461572464873,0.297455982331588,0.698009401943763,3
"19929",0.568210205869796,7.86073793763055e-14,0.431789794130126,1
"19931",0.0123940945639034,0.96672141392122,0.0208844915148765,2
"19933",0.00468717989814528,0.995223689609205,8.91304926494795e-05,2
"19935",0.0236034437055373,0.976358377472113,3.81788223497224e-05,2
"19937",0.00843073564131339,0.36216821210832,0.629401052250366,3
"19939",0.0163460396733398,0.964616164465306,0.0190377958613545,2
"19941",0.388983866868362,0.611001649857207,1.44832744320012e-05,2
"19943",0.00260099313029288,4.81230829370574e-07,0.997398525638878,3
"19945",0.0100539797848762,0.989910354460609,3.56657545152226e-05,2
"19947",0.998105035137038,0.000331404261072894,0.00156356060188889,1
"19949",0.0207031233222559,0.979296819106493,5.75712506555767e-08,2
"19951",0.0777120092305136,0.190651654135912,0.731636336633575,3
"19953",0.987425790239574,0.0125742097604233,2.66300029566144e-15,1
"19955",0.651674698557228,0.348325298115624,3.32714800386295e-09,1
"19957",0.769560721776039,0.00964797956686119,0.2207912986571,1
"19960",0.247898128706364,0.75210184140972,2.98839163799862e-08,2
"19963",0.999999996886745,1.90514415280338e-13,3.11306394399369e-09,1
"19965",0.0483105361033686,0.95168946389663,9.76641387121242e-16,2
"19968",0.995322499336726,1.54160863055559e-05,0.00466208457696876,1
"19971",0.999969050822863,4.47277557499001e-10,3.09487298594723e-05,1
"19973",0.000396094776570519,0.0471524927681616,0.952451412455268,3
"19975",0.00794518779982298,0.000246566450759206,0.991808245749418,3
"19977",0.999998751047815,4.67762796435339e-09,1.24427455730883e-06,1
"19979",0.0353347303002552,0.964665269699741,3.74446120119387e-15,2
"19981",0.00442918756589095,0.988922761425551,0.00664805100855817,2
"19983",0.00967342919674916,0.985615950930872,0.00471061987237911,2
"19985",0.000812672037417842,0.000157725132529479,0.999029602830053,3
"19987",0.0423146059452738,0.932706270370317,0.0249791236844087,2
"19989",0.0505894551644099,0.94941054483559,7.17580614221214e-18,2
"19993",0.0212559272272163,0.978625435224835,0.000118637547949097,2
"19995",0.00831842466300147,0.991672914900128,8.66043687040413e-06,2
"19997",0.00305730135314254,0.0791779438221358,0.917764754824722,3
"19999",0.0165974997909502,0.00214146378959099,0.981261036419459,3
"20002",0.999999980165367,9.63828379013892e-13,1.98336695723201e-08,1
"20004",0.0518851998610003,0.948114726507246,7.36317535573993e-08,2
"20006",0.861903747226377,0.13809625186568,9.07943382259594e-10,1
"20008",0.69665611961205,0.303343880344226,4.37236341683606e-11,1
"20010",0.0292348102889506,0.970765125354857,6.43561918589143e-08,2
"20012",0.41636631875644,0.000662532002584706,0.582971149240975,3
"20015",0.0558319127377892,0.944168087262211,5.97314293405415e-17,2
"20017",0.00155670102650149,0.00402780686765911,0.994415492105839,3
"20019",0.0767441564748268,0.923255843525173,5.66762738932929e-23,2
"20022",0.0123191357895301,0.987680756046083,1.08164386540608e-07,2
"20024",0.998848327327379,0.00115167267262052,9.67999541437233e-27,1
"20026",0.998848327327379,0.00115167267262052,9.67999541437233e-27,1
"20028",0.00103654619787098,0.000985786554500977,0.997977667247628,3
"20030",0.309548492414135,0.690451507583681,2.18401802022104e-12,2
"20033",0.0129681515657824,0.210097470459205,0.776934377975013,3
"20035",0.123125420377269,0.876874579622731,7.50497543242419e-24,2
"20037",0.0189555054159575,0.981044494584043,1.88188158545482e-21,2
"20039",0.999999993945732,6.05426743061899e-09,1.69422784199554e-29,1
"20041",0.038288081684621,0.961711620581026,2.97734353469623e-07,2
"20044",0.248251671674839,0.751747766639978,5.61685183222793e-07,2
"20047",0.487571500188408,0.512428499811592,1.12012079510508e-19,2
"20050",0.261234979820553,0.738765015943052,4.2363951333581e-09,2
"20052",0.0160437983760836,0.549812434215211,0.434143767408705,2
"20054",0.0370012690737379,0.962998728480704,2.44555779297795e-09,2
"20056",0.735300102839396,0.00104845384269267,0.263651443317911,1
"20058",0.0405335863739862,0.959466413626014,7.15550311862995e-19,2
"20060",0.0262752038366816,0.950402453811325,0.0233223423519934,2
"20062",0.00379330134539121,0.977613182610609,0.0185935160439995,2
"20064",0.00346316438872502,0.996469716801959,6.71188093164141e-05,2
"20066",0.343946827470207,0.656053172529792,1.12381182614652e-15,2
"20068",0.0123518715137709,0.398309154206368,0.589338974279862,3
"20070",0.0592677612417213,0.879071966836765,0.0616602719215139,2
"20072",0.321045099629721,0.678954900370229,5.05867281824149e-14,2
"20074",0.0125129715043527,2.20571719710955e-13,0.987487028495427,3
"20076",0.661885711313494,0.00436601262536802,0.333748276061137,1
"20078",0.00804335450196688,0.991955472414537,1.17308349634324e-06,2
"20080",0.0128231965821827,0.987176803417817,1.6083016382965e-17,2
"20082",0.999980677451537,1.9322548462674e-05,1.60824988311906e-17,1
"20084",0.279491458833084,0.720443259344973,6.5281821942954e-05,2
"20087",0.0169272837170751,0.98307271050769,5.7752353196186e-09,2
"20090",0.0303880340267769,0.969611965973223,7.02408076831093e-17,2
"20092",0.994558075305793,0.00544192468981154,4.39494410928211e-12,1
"20096",0.925237945714007,0.0747519384558601,1.01158301333058e-05,1
"20098",0.00215659428472891,0.0272252513061451,0.970618154409126,3
"20101",0.0201129135749011,0.979887084807847,1.6172521317201e-09,2
"20104",0.999999984670838,1.46810209592856e-08,6.48140772484856e-10,1
"20106",0.00747884547862498,0.992521143228768,1.12926073889422e-08,2
"20108",0.00785817686095723,0.363588494389692,0.62855332874935,3
"20110",0.849672499321937,0.146814453468316,0.0035130472097469,1
"20112",0.014034147443531,0.985965848105852,4.45061709208324e-09,2
"20114",0.0992550933479665,0.900179171247795,0.000565735404238362,2
"20116",0.108253665198531,0.891466399434898,0.000279935366570739,2
"20118",0.00699992271649858,0.808300296487904,0.184699780795598,2
"20120",0.173354847080078,0.826645150797595,2.12232613644632e-09,2
"20122",0.00191624189121832,1.03086552357785e-06,0.998082727243258,3
"20124",0.0777769478688104,0.922223052131189,1.40399760323842e-16,2
"20126",0.999999972362607,2.76373931221658e-08,2.17640090027325e-21,1
"20128",0.999945744616926,5.42553830739679e-05,1.56911825652564e-28,1
"20141",0.999865658774718,0.000100354218129836,3.39870071526964e-05,1
"20143",0.905667838636052,9.56504236946517e-11,0.0943321612682974,1
"20145",0.0108794442969373,0.989120372941922,1.82761140732922e-07,2
"20147",0.0022957721513572,0.997704070912344,1.56936298788671e-07,2
"20149",0.00644422517831423,1.16460408375837e-06,0.993554610217602,3
"20151",0.000540300368799167,0.0195950397029767,0.979864659928224,3
"20153",0.367595178963959,0.0304958233437111,0.60190899769233,3
"20155",0.00561234357556853,0.994387656387981,3.64509316547287e-11,2
"20157",0.0492765899314937,0.0261167153405907,0.924606694727916,3
"20160",0.00138791338463275,1.00149054929206e-10,0.998612086515218,3
"20162",0.000358296543308869,8.80243932450054e-08,0.999641615432298,3
"20164",0.0396212894746066,0.00498862565195855,0.955390084873435,3
"20166",0.92863539591456,0.0713646039753082,1.1013206378024e-10,1
"20168",0.999999999330019,1.03286669616578e-10,5.66694133439182e-10,1
"20170",0.0239684432838933,0.02049520511758,0.955536351598527,3
"20172",0.0104747977319842,0.989525199363717,2.90429922285021e-09,2
"20174",0.00861986994701478,2.53337261863261e-05,0.991354796326799,3
"20176",0.999999111760576,8.84707330575916e-07,3.53209313806696e-09,1
"20178",0.0043196791702655,5.27728107147265e-11,0.995680320776962,3
"20181",0.446198792424475,0.553801204045312,3.53021331884045e-09,2
"20183",0.0322870233363405,0.849396759326711,0.118316217336948,2
"20186",0.192934334347316,0.807048041395456,1.7624257227747e-05,2
"20188",0.00290148298290011,6.37005315627194e-09,0.997098510647047,3
"20190",0.00584469046143052,0.994155309538562,7.81047327953946e-15,2
"20193",0.999954689741287,2.16548093632976e-09,4.53080932321408e-05,1
"20195",0.0567888818302561,0.14844356803194,0.794767550137804,3
"20197",0.00854281569838889,0.991457182127981,2.17363070704095e-09,2
"20199",0.0146555635916008,0.000194276820353348,0.985150159588046,3
"20205",0.999996510899525,3.48910047531047e-06,4.52960177313843e-17,1
"20208",0.0383866525856117,0.676035985774088,0.2855773616403,2
"20210",0.000359301498221156,1.70436173125721e-06,0.999638994140048,3
"20212",0.0072233290141516,0.00260431826785125,0.990172352717997,3
"20216",0.0182342026251492,0.981765796457983,9.16867520494725e-10,2
"20219",0.503880101155174,0.496119842207517,5.6637309870481e-08,1
"20223",0.958917345890248,0.0410826541097521,1.34078787791934e-23,1
"20226",0.0206717145251161,0.979308642326799,1.96431480846814e-05,2
"20230",0.00826651691094263,0.991733483089057,5.22102664537317e-17,2
"20233",0.999999999969812,2.99922366136058e-11,1.95382460565103e-13,1
"20235",0.933806955960996,0.066193044039004,2.74279180998038e-18,1
"20239",0.315970960107391,0.684029039125322,7.67287228415817e-10,2
"20254",0.999939238887212,6.07611127881766e-05,2.13241667316884e-20,1
"20256",0.0160378943797509,0.983962105619938,3.11598329219018e-13,2
"20262",0.000474394535135954,0.00104035458173587,0.998485250883128,3
"20270",0.866813191675759,0.133186808257239,6.70022001469493e-11,1
"20284",0.789483821035837,0.21051545052233,7.28441832974956e-07,1
"20287",0.118044455084211,0.881955544915789,6.19386117565502e-23,2
"20290",0.999255555797211,0.000744444192403808,1.03851921726422e-11,1
"20293",0.0120983825873213,0.987889332155093,1.22852575861106e-05,2
"20296",0.240779808459908,0.0467233662589603,0.712496825281132,3
"20301",0.926401522630371,0.0735984773696288,2.06839729319408e-19,1
"20304",0.999982474441468,1.75255585321711e-05,1.25792109193645e-16,1
"20306",0.0464404441076972,0.953559555892303,5.85432757956382e-18,2
"20309",0.0191422259881669,0.9808538837155,3.89029633295253e-06,2
"20311",0.0432687262274296,0.956731268339224,5.43334655785051e-09,2
"20314",0.00119879715212942,0.0666673996869806,0.93213380316089,3
"20318",0.99172128315441,1.08178980114434e-07,0.00827860866661009,1
"20320",0.26525613969335,0.73461109738904,0.000132762917609532,2
"20326",0.00711273214203481,0.348115576907785,0.64477169095018,3
"20328",0.112875804882088,0.887117102514347,7.09260356458095e-06,2
"20330",0.109466620558065,0.890533379440832,1.10359624384873e-12,2
"20336",0.979694236779099,0.0203057389184354,2.43024659365447e-08,1
"20338",0.991554023135895,0.00844597669067713,1.73428115266305e-10,1
"20340",0.169818232415955,0.830181767584045,2.13559689114859e-17,2
"20342",0.999999999930951,6.90494656651296e-11,1.22733723922272e-17,1
"20344",0.0189619515695367,0.98103804842561,4.85338219359304e-12,2
"20349",0.0117935336118691,0.98820646638813,5.87696119919767e-16,2
"20351",0.0580325100500216,0.941955060375552,1.2429574426708e-05,2
"20353",0.0422466092499084,0.95775339075009,1.43910034900123e-15,2
"20357",0.999868432407464,0.000131567592536289,1.9933143373738e-21,1
"20360",0.999998222503412,1.77749658816511e-06,1.17835529258098e-17,1
"20364",0.00774778232469779,0.992252124341824,9.33334782072867e-08,2
"20366",0.999894695453275,0.000105304428406237,1.18319033653774e-10,1
"20381",0.999732471549482,7.67710780462878e-09,0.000267520773410167,1
"20391",0.951934440658542,0.0480655593276669,1.37911560257427e-11,1
"20394",0.0282239519882754,0.75108315871326,0.220692889298465,2
"20396",0.278170779867777,2.47810133816462e-05,0.721804439118841,3
"20409",0.154046667519097,0.845579897322471,0.00037343515843247,2
"20411",0.170979669182082,0.829020330817708,2.09392602848748e-13,2
"20416",0.999959169208352,4.08307916474927e-05,1.01847651058445e-29,1
"20418",0.131737017570395,9.83347626792439e-07,0.868261999081978,3
"20420",0.999999972741947,2.68240105761179e-08,4.34042590698286e-10,1
"20422",0.0695640399604043,0.930435960039595,3.11111689240332e-16,2
"20424",0.0478558865154593,0.952144113484318,2.23129836399515e-13,2
"20426",0.999999999997905,2.09103069161136e-12,4.41636469924392e-15,1
"20428",0.00910652150021065,0.990892892304211,5.86195578801698e-07,2
"20431",0.223552455913836,0.772967121489143,0.00348042259702097,2
"20433",0.857545996498379,0.142454003501621,8.46217244520987e-22,1
"20436",0.999962965352245,3.70345951276112e-05,5.26274212147992e-11,1
"20439",0.0538628376994679,9.02625125441351e-05,0.946046899787988,3
"20441",0.999542855010155,0.000457144989818646,2.59236664809142e-14,1
"20444",0.00202773248113768,7.7719735309655e-10,0.997972266741665,3
"20448",0.84615187931935,0.143116058818207,0.010732061862443,1
"20536",0.621576596979051,0.176113843542473,0.202309559478476,1
"20538",0.988058991976201,0.011941007814306,2.09493437890077e-10,1
"20541",0.154893267799872,0.845106732200128,1.17888868982229e-18,2
"20544",0.00519717321176297,0.994776579214716,2.62475735209905e-05,2
"20546",0.0261867246848636,0.973813275314731,4.05586211611003e-13,2
"20550",0.0845393487858076,0.915460603833386,4.73808066657456e-08,2
"20553",0.999999999481214,5.18786172135584e-10,8.90670594867115e-32,1
"20555",0.999999981472727,1.85272585280287e-08,1.45757317528046e-14,1
"20557",0.0509018744062905,0.949094919289236,3.20630447353451e-06,2
"20559",0.0045498293968191,0.995450169951386,6.51795129474978e-10,2
"20561",0.0367726141612068,0.0509623748794116,0.912265010959382,3
"20564",0.0043196791702655,5.27728107147265e-11,0.995680320776962,3
"20566",0.0240430367695418,0.975953799440945,3.16378951348404e-06,2
"20569",0.0049320227689778,0.000845107944512614,0.994222869286509,3
"20572",0.116755505395864,5.32644055930175e-05,0.883191230198543,3
"20574",0.00676289313943803,0.993237106646972,2.13589897139458e-10,2
"20576",0.0017289878165953,3.76112800660756e-08,0.998270974572125,3
"20578",0.0025340974725722,0.995927133610751,0.00153876891667684,2
"20580",0.00593741317558908,0.994054869099812,7.71772459897749e-06,2
"20583",0.00155059034764678,6.77193190311586e-09,0.998449402880421,3
"20586",0.0133136440722771,0.986686350962648,4.96507525125739e-09,2
"20589",0.0101725060037788,0.989827493996217,4.37836500287368e-15,2
"20591",0.865472424626266,0.134526694471291,8.80902443705696e-07,1
"20593",0.053139358775294,0.946860641224706,3.08673983493055e-21,2
"20595",0.00790073072931634,0.992099105417966,1.63852717108327e-07,2
"20597",0.989550793174789,7.45936159909825e-07,0.010448460889051,1
"20599",0.00264287646869552,1.49719345321602e-10,0.997357123381585,3
"20601",0.00233506603107822,0.518925049647856,0.478739884321065,2
"20604",0.00761033455665747,0.992389665443336,6.67055725340391e-15,2
"20606",0.0116558499661791,0.988344150033821,1.12536736430899e-16,2
"20608",0.0119452936586943,0.988054706335917,5.38828625399881e-12,2
"20610",0.0256586157408328,1.34546551214878e-05,0.974327929604046,3
"20612",0.999999999886969,1.13030993280016e-10,3.88216198460142e-16,1
"20614",0.000567917176500195,3.51531660715865e-06,0.999428567506893,3
"20616",0.207344819601457,0.792634895400459,2.0284998083919e-05,2
"20618",0.999911464424923,8.85352348809431e-05,3.40196422287368e-10,1
"20620",0.448185641327679,0.551814358668817,3.50440626409719e-12,2
"20622",0.00473758480202895,1.41844119960193e-06,0.995260996756771,3
"20624",0.338756368230531,0.661243631769217,2.51547204882328e-13,2
"20626",0.847489857153811,0.152509996205148,1.46641041918562e-07,1
"20628",0.860643455633863,0.139356461892508,8.24736292886168e-08,1
"20630",0.0491971835865851,0.950802570684127,2.45729287664525e-07,2
"20632",0.00531157212851973,2.54270299099007e-08,0.99468840244445,3
"20634",0.00692735690785908,0.993072643092138,2.92105767801634e-15,2
"20637",0.998353206575174,0.00164679342478753,3.84627714669068e-14,1
"20639",0.160918333902127,0.00309866742944395,0.835982998668429,3
"20644",0.999999996485189,3.5148108989918e-09,1.15970451201533e-30,1
"20646",0.99983987272519,0.000160127274809495,1.7596124179241e-16,1
"20648",0.00118976423167705,0.0150822654839261,0.983727970284397,3
"20650",0.913227317892665,0.0867726821073346,7.60882331220351e-18,1
"20653",0.531902676325329,0.46795309534031,0.000144228334361325,1
"20658",0.085688145155494,0.914311854844495,1.07999242510442e-14,2
"20661",0.999987829729103,1.21702708867054e-05,1.03657790313653e-14,1
"20663",0.00684742477098169,0.992571203596759,0.000581371632259757,2
"20665",0.0138445077615242,5.55695210262339e-10,0.98615549168278,3
"20667",0.312368445513549,0.687629231369826,2.32311662504638e-06,2
"20669",0.931943070096432,2.12826274424598e-05,0.0680356472761256,1
"20671",0.7457009897306,0.254298948089295,6.21801045311674e-08,1
"20673",0.90214824122748,1.93376712348121e-07,0.0978515653958072,1
"20675",0.313770160141856,0.683723784706539,0.00250605515160527,2
"20677",0.0182783420908951,0.981718970392254,2.68751685080791e-06,2
"20679",0.572356214953411,6.44663111468882e-06,0.427637338415475,1
"20681",0.0837060987670165,0.127588225467794,0.78870567576519,3
"20683",0.041521937278448,0.958472560621219,5.50210033274209e-06,2
"20685",0.999999918324069,8.13529458006371e-08,3.22985031106893e-10,1
"20687",0.000831969331837346,0.000175897741841457,0.998992132926321,3
"20689",0.99999999875179,1.24821031574554e-09,1.50778095408362e-28,1
"20691",0.00192361393252998,1.23558660495912e-08,0.998076373711604,3
"20693",0.0884745111586946,0.911525488841305,2.08862096544785e-18,2
"20695",0.006018615748775,0.077803626310304,0.916177757940921,3
"20697",0.0192295743080379,0.98077042555114,1.4082229636696e-10,2
"20699",0.00995182688592655,0.989604498973142,0.000443674140931336,2
"20701",0.0155570424941997,0.984442936612128,2.08936727175727e-08,2
"20703",0.999999989609569,1.26930518609091e-09,9.12112563637095e-09,1
"20705",0.0401457971972948,0.959854202802684,2.15883306333248e-14,2
"20707",0.0159800756010984,0.689684424315409,0.294335500083493,2
"20709",0.645302678271412,0.180267551361539,0.174429770367049,1
"20713",0.985623782173958,0.00501408890502397,0.00936212892101841,1
"20715",0.999999120206939,8.79793060835371e-07,4.87079650881291e-17,1
"20717",0.0110154538426079,0.0593517160941951,0.929632830063197,3
"20720",0.014372042567625,0.985627955994188,1.43818697345343e-09,2
"20722",0.01151828222381,0.988481684183289,3.35929012506794e-08,2
"20724",0.000579440521064719,0.00742757156838825,0.991992987910547,3
"20726",0.0486267504495585,0.951373249550441,1.27844547218913e-16,2
"20728",0.0079216590307376,0.0268199554981889,0.965258385471074,3
"20730",0.00146162322808076,0.029149952986613,0.969388423785306,3
"20732",0.794050957517573,0.20594904248184,5.87640023433254e-13,1
"20734",0.00610234847344591,0.993722817803991,0.000174833722563659,2
"20736",0.00244346643161508,0.000313423391930679,0.997243110176454,3
"20738",0.999999530439078,4.6956092244203e-07,1.40351422664518e-20,1
"20740",0.951285357633183,0.0487146423648942,1.92304811158056e-12,1
"20742",0.27128516317828,0.341951850820404,0.386762986001315,3
"20744",0.00933251564400525,4.65473515865903e-07,0.990667018882479,3
"20746",0.00403107408938998,0.980826401918839,0.0151425239917711,2
"20748",0.000569324942128171,0.00205712646439183,0.99737354859348,3
"20750",0.00151221389128287,0.00616022964915784,0.992327556459559,3
"20752",0.0069582059672506,0.993041144046706,6.4998604323374e-07,2
"20754",0.983693614443383,5.82727071098698e-07,0.0163058028295456,1
"20756",0.0130105577992918,0.363518524286803,0.623470917913906,3
"20758",0.999987146078583,9.90510133481287e-06,2.9488200826419e-06,1
"20760",0.00099808677878427,0.00103445187095598,0.99796746135026,3
"20762",0.995179833236645,3.47387776160897e-06,0.00481669288559373,1
"20764",0.0173107559298908,0.000113635756274427,0.982575608313835,3
"20766",0.000414623911821779,0.00163171885486525,0.997953657233313,3
"20768",0.0010379820619041,0.00475832205133636,0.994203695886759,3
"20770",0.736297692927297,0.262516501985974,0.00118580508672955,1
"20772",0.00850334688746705,0.991496653112517,1.56966336913961e-14,2
"20774",0.971232582498559,0.0287674175014406,1.42742404376167e-26,1
"20776",0.0368099742524913,0.9592150921697,0.00397493357780863,2
"20778",0.999935880567581,6.41194324184698e-05,1.94921990961721e-26,1
"20780",0.999995790001832,9.3316673939851e-11,4.209904851693e-06,1
"20782",0.979954192049913,3.63015077213007e-08,0.0200457716485794,1
"20784",0.998490688966581,2.01818803960246e-05,0.00148912915302299,1
"20786",0.0708976891086269,4.85286974504506e-11,0.929102310842844,3
"20788",0.00855989866099119,0.651748087089911,0.339692014249098,2
"20790",0.0487848246820222,0.00194605934618803,0.94926911597179,3
"20792",0.247006830730321,0.715132966695173,0.037860202574506,2
"20794",0.0337316156445075,0.000221184737145954,0.966047199618347,3
"20796",0.00979944817793585,0.99020055182204,2.36573781578676e-14,2
"20798",0.0043196791702655,5.27728107147265e-11,0.995680320776962,3
"20801",0.99902350890451,1.91663605177972e-06,0.000974574459438765,1
"20803",0.0268584611603941,0.962900342911077,0.0102411959285287,2
"20805",0.00648389645658789,0.993500997690844,1.51058525684177e-05,2
"20807",0.0043196791702655,5.27728107147265e-11,0.995680320776962,3
"20809",0.710443535995202,0.283194718886995,0.00636174511780282,1
"20811",0.999589104758713,0.000410889203582432,6.0377049283469e-09,1
"20813",0.617089137809855,0.381673204598135,0.00123765759200961,1
"20815",0.646835563656642,1.32719106714727e-13,0.353164436343225,1
"20817",0.000960258653397652,0.0311498142241227,0.96788992712248,3
"20819",0.0170459559177306,0.982854919923409,9.91241588603439e-05,2
"20821",0.999999992061303,7.93869674839574e-09,5.11016118930146e-17,1
"20823",0.00887259949249782,0.97096720918784,0.020160191319662,2
"20825",0.00348401032220238,0.0198303726861473,0.97668561699165,3
"20827",0.165675365528823,0.0285690849250741,0.805755549546103,3
"20829",0.713478247856515,0.286521752143485,7.32861405763235e-20,1
"20831",0.0306364540494462,0.248950331013075,0.720413214937478,3
"20833",0.991721840252274,9.30534618714125e-11,0.00827815965467286,1
"20835",0.00152975660415025,0.00944159711700583,0.989028646278844,3
"20837",0.00444671249810072,0.0678924974879476,0.927660790013952,3
"20839",0.000841271175167044,0.00699572742834795,0.992163001396485,3
"20841",0.62557283290938,0.374427137923055,2.91675651300951e-08,1
"20843",0.0117777126724596,0.890791356774653,0.0974309305528874,2
"20845",0.0879165705423794,0.0661279207584422,0.845955508699178,3
"20847",0.0116156373749762,0.988297149924542,8.72127004814877e-05,2
"20849",0.018048514430775,0.981884874366717,6.66112025078536e-05,2
"20851",0.0168315627118829,0.983165529309211,2.90797890591907e-06,2
"20853",0.0740893206144977,0.925910679385433,6.88406902102949e-14,2
"20855",0.155310116758109,0.844689883190355,5.15363312349932e-11,2
"20857",0.0133012340316594,0.986244845918448,0.000453920049892038,2
"20859",0.00373147475323115,0.996267546405976,9.78840793213894e-07,2
"20861",0.999998432057821,1.55229371299078e-06,1.56484661124221e-08,1
"20863",0.00345816672488048,0.000845341895904893,0.995696491379215,3
"20865",0.234828976946357,0.262236264932052,0.50293475812159,3
"20867",0.570008891757557,0.429991108242443,9.21708939388647e-24,1
"20869",0.0217463431103173,0.0131490629265523,0.96510459396313,3
"20871",0.974804226411053,0.0251957735889471,1.55780897453763e-17,1
"20873",0.295980515067464,0.704019484918892,1.36444310026892e-11,2
"20875",0.00688286051032099,0.993117114057754,2.54319245753033e-08,2
"20878",0.998406748178904,3.07334578290008e-13,0.00159325182078857,1
"20880",0.999676416232478,3.95213068544187e-11,0.000323583728001075,1
"20882",0.0731595757828778,0.926840424217122,1.57423470234775e-18,2
"20884",0.00159670283798623,0.0197790376784287,0.978624259483585,3
"20886",0.00362384798212091,0.0099261145495001,0.986450037468379,3
"20888",0.226853270414098,1.66775877948014e-07,0.773146562810024,3
"20890",0.000415203917940642,0.0127881253414356,0.986796670740624,3
"20892",0.0181713095574905,0.981796647927593,3.20425149162947e-05,2
"20897",0.0341495455649877,0.96236114977007,0.00348930466494244,2
"20899",0.0205580355014217,0.960171057145872,0.0192709073527066,2
"20901",0.99999999966225,3.37750230106261e-10,4.30468425937057e-22,1
"20903",0.999974032696169,2.59673038312619e-05,1.47158935474738e-18,1
"20905",0.999658762609543,0.000341237388065714,2.39139109200194e-12,1
"20907",0.116122331702109,0.883877668297683,2.07396331232389e-13,2
"20909",0.553572946600661,0.437913084796805,0.00851396860253372,1
"20911",0.999999999960494,3.95063237845995e-11,2.15889780272942e-31,1
"20913",0.0323944016298795,0.75867622697594,0.208929371394181,2
"20962",0.00244046482090172,0.997524833421394,3.47017577041375e-05,2
"20969",0.207626884374956,0.792371507221937,1.60840310653688e-06,2
"20980",0.0101994958725062,0.98979677126711,3.73286038393901e-06,2
"20982",0.00485862989624603,0.995141335375106,3.47286481752844e-08,2
"20984",0.30554552258311,0.666974480883466,0.0274799965334244,2
"20994",0.0362398432668818,0.963760154811384,1.92173388019276e-09,2
"21015",0.0372642885583745,8.0953521332369e-05,0.962654757920293,3
"21023",0.15904658796768,0.840953412032248,7.17672814760518e-14,2
"21040",0.72174793758887,0.278252062410096,1.03426114431313e-12,1
"21073",0.199650305916007,0.800323209744232,2.64843397603336e-05,2
"21222",0.00117754225928561,0.018394759641724,0.98042769809899,3
"21224",0.0114874084841636,0.986512293569993,0.00200029794584316,2
"21228",0.999503947839455,0.000495889494761332,1.62665784152441e-07,1
"21232",0.0205050698880596,0.979494930111902,3.79089926855391e-14,2
"21237",0.921673252972357,0.0783267470276282,1.49175053684398e-14,1
"21240",0.00308925816508117,0.0407632938557392,0.95614744797918,3
"21245",0.000348211508125169,0.00140082203652912,0.998250966455346,3
"21252",0.0742247354184348,0.925775264581024,5.41226695278321e-13,2
"21254",0.370222643070067,0.629777348743498,8.1864342407187e-09,2
"21258",0.177216091981221,0.822781128978275,2.77904050406736e-06,2
"21264",0.00346596284537061,0.148910034589074,0.847624002565555,3
"21305",0.988495600352119,0.011483683431866,2.07162160146234e-05,1
"21333",0.0184654123757756,0.981534568848463,1.87757611372436e-08,2
"21366",0.0314789688583057,0.959830117427324,0.00869091371437057,2
"21377",0.00403161134657514,2.23163645700141e-06,0.995966157016968,3
"21380",0.999999995058366,4.94163344202716e-09,6.55019655883074e-16,1
"21387",0.999999999997551,2.44946403435996e-12,6.07601650310949e-31,1
"21390",0.110103769997431,0.889896230001341,1.22803041782189e-12,2
"21392",0.0369913297872552,0.962954912613668,5.3757599076865e-05,2
"21403",0.0306439849500559,0.969346925693175,9.08935676878303e-06,2
"21408",0.0380489125702414,0.961951087428727,1.03133041533329e-12,2
"21412",0.999702692305054,0.000297307689067634,5.87788653723295e-12,1
"21421",0.00692073510954581,0.976246240958295,0.0168330239321591,2
"21424",0.997427546450136,0.00257245354986414,2.35066318188109e-20,1
"21429",0.011233217222812,0.988766781305245,1.47194303530471e-09,2
"21431",0.0167242560654103,0.981902450982996,0.00137329295159356,2
"21436",0.999688456149292,0.000156410159984123,0.000155133690723331,1
"21439",0.0016551005965872,0.998292436832637,5.24625707760955e-05,2
"21442",0.0955264252417299,0.826447501004275,0.078026073753995,2
"21444",0.00830683812786093,0.0179578314417781,0.973735330430361,3
"21446",0.989714403879405,8.46521025652583e-13,0.0102855961197479,1
"21448",0.999999999994575,5.28756448293552e-12,1.37443885402004e-13,1
"21450",0.340022305754235,0.659973996154489,3.69809127536976e-06,2
"21452",0.086295500101862,0.913704498656826,1.24131162622417e-09,2
"21466",0.214674940712473,0.785325059287527,4.05689062467215e-17,2
"21470",0.00418795287616671,0.995809597583602,2.44954023129157e-06,2
"21472",0.0232219187369501,0.976778081257413,5.63655393165995e-12,2
"21474",0.0691529307095798,0.930846876486266,1.92804154423767e-07,2
"21477",0.998622608276658,6.79107895727757e-06,0.00137060064438421,1
"21480",0.999928109956164,7.18900438363367e-05,1.0808739605209e-30,1
"21483",0.00276735760289566,0.0572643255684835,0.939968316828621,3
"21491",0.0142353628943021,0.039583531175034,0.946181105930664,3
"21494",0.999999999978537,2.14634115294755e-11,5.15792524722326e-28,1
"21499",0.995525686030091,0.00447431396990944,3.29511489131678e-19,1
"21501",0.989763558041078,0.0102364419589214,7.26003006717958e-16,1
"21506",0.00453040583707833,0.995468749348184,8.44814737843395e-07,2
"21511",0.983513283419854,0.0164867164836689,9.64774460431793e-11,1
"21513",0.679313917411295,0.320685962906617,1.19682088439519e-07,1
"21521",0.175298639245088,0.824632582165107,6.87785898043103e-05,2
"21523",0.0324808778975899,0.964115167536016,0.00340395456639389,2
"21525",0.0178579269931806,0.803656266875308,0.178485806131512,2
"21531",0.0133069875003531,0.986693012499647,6.02556240641609e-18,2
"21536",0.0102792439861884,0.98972018698079,5.6903302116208e-07,2
"21544",0.0036961015623974,0.995661576237265,0.000642322200337255,2
"21547",0.0346133787571644,0.965386621132267,1.10568345163236e-10,2
"21551",0.968274841979686,0.0317241246430387,1.03337727583453e-06,1
"21556",0.095360792703826,0.904639207296174,1.20097693862503e-17,2
"21559",0.999999784695637,2.15304295816104e-07,6.77430140623013e-14,1
"21563",0.488909205912187,0.511090794087812,2.73717162776924e-16,2
"21565",0.00490704442604174,0.995092955573914,4.45145071518442e-14,2
"21568",0.0553495288340945,0.9446504711514,1.45055858221909e-11,2
"21572",0.0824689125976584,0.917531087402342,2.29582789326799e-24,2
"21575",0.993860909009793,0.00613909099020717,9.735264363185e-22,1
"21577",0.00274186437276351,0.228559782881598,0.768698352745638,3
"21579",0.00832948971372442,0.986645334488945,0.00502517579733051,2
"21581",0.0043196791702655,5.27728107147265e-11,0.995680320776962,3
"21584",0.996345594453371,5.90418552402481e-08,0.00365434650477401,1
"21586",0.00530068445839788,0.886671262116283,0.10802805342532,2
"21588",0.46078806554816,0.539077853229763,0.000134081222077528,2
"21590",0.0397676024743625,0.96023239752525,3.87900945694639e-13,2
"21594",0.99999999999998,9.21502922229452e-20,1.94640769255504e-14,1
"21596",0.000303519585711793,0.00630336954043404,0.993393110873854,3
"21598",0.998530028311748,0.001469971688236,1.61852788884507e-14,1
"21600",0.0459488651351979,0.453198361596079,0.500852773268723,3
"21602",0.0105529395932729,0.989446693703026,3.6670370126368e-07,2
"21604",0.0189275176678205,0.97399930310979,0.00707317922238978,2
"21606",0.000899717190358206,3.71179609761656e-05,0.999063164848666,3
"21608",0.786259935589955,0.213739778764766,2.85645279176525e-07,1
"21611",0.93125673196033,0.0687432280430302,3.99966399604117e-08,1
"21613",0.0131099264424553,0.986887160732418,2.91282512722013e-06,2
"21615",0.0412430861155917,0.878720946574312,0.0800359673100966,2
"21617",0.00113699768684988,0.0200899044494299,0.97877309786372,3
"21619",0.00617376634311078,0.965760877694041,0.0280653559628484,2
"21621",0.999669612785525,2.87006695469689e-08,0.000330358513805094,1
"21623",0.00178520296880263,0.0188395411198818,0.979375255911316,3
"21625",0.00189739196949886,2.75400045269648e-08,0.998102580490497,3
"21627",0.144589194197146,0.855069479744035,0.000341326058818679,2
"21629",0.0735029681963833,0.789391823602682,0.137105208200935,2
"21631",0.000524847637621088,2.8693661600252e-05,0.999446458700779,3
"21633",0.946720323531122,0.0532796763158168,1.53061286796021e-10,1
"21635",0.662275898429693,0.337724101570293,1.44167880386753e-14,1
"21637",0.611178971474916,0.388345306108804,0.000475722416279903,1
"21639",0.0332445756042392,0.9667553637224,6.06733605073129e-08,2
"21641",0.878323966441556,0.1213439021635,0.00033213139494446,1
"21643",0.0073244822405425,0.992572128198179,0.000103389561278994,2
"21645",0.00107184189956547,0.00679793917756542,0.992130218922869,3
"21648",0.00871613312122449,0.99104974037065,0.000234126508125792,2
"21650",0.999999999836781,1.63218893367243e-10,4.19548724921603e-28,1
"21652",0.00676505623898553,0.9932346086678,3.35093214034249e-07,2
"21654",0.999999726199326,2.73800673694822e-07,5.25703399805599e-20,1
"21656",0.0498197343124539,0.00615791461139221,0.944022351076154,3
"21658",0.00184811539424791,2.8845321801836e-11,0.998151884576907,3
"21660",0.995666361268938,1.45859934670782e-10,0.00433363858520157,1
"21662",0.999998614450313,1.26189910939606e-06,1.23650578161197e-07,1
"21664",0.000360753317186027,0.00159301400822617,0.998046232674588,3
"21666",0.999999960572568,2.89169681085586e-08,1.05104636834961e-08,1
"21668",0.00143085763288693,0.0257828705865135,0.9727862717806,3
"21671",0.112995940342888,0.887004041646206,1.8010905462512e-08,2
"21673",0.921071835181864,1.26672081086079e-05,0.0789154976100274,1
"21675",0.0753262505338634,0.907573883031339,0.0170998664347976,2
"21677",0.00607431007666444,0.993925689923331,4.55546554193406e-15,2
"21679",0.997025876361489,0.00297109662802898,3.02701048232407e-06,1
"21681",0.177935825540137,0.808201481552116,0.0138626929077469,2
"21686",0.0775828708938751,0.922417129106037,8.81655998421483e-14,2
"21689",0.0127215082681893,0.987278491686906,4.49043228297955e-11,2
"21706",0.0146983232975767,0.985281510323089,2.01663793339548e-05,2
"21708",0.0161501894257518,0.983849810574192,5.56796132748256e-14,2
"21711",0.0029155201831539,0.963955217550865,0.0331292622659813,2
"21716",0.999999882253609,1.17746391301663e-07,4.56225200918861e-30,1
"21719",0.0285535256157665,0.971434486162675,1.19882215587971e-05,2
"21722",0.00284407163303871,0.99639862789092,0.00075730047604183,2
"21725",0.00914763133996201,0.990840520401983,1.18482580555102e-05,2
"21728",0.0786035710391092,0.921396421547323,7.41356729708156e-09,2
"21732",0.00800263032581107,0.991997294629198,7.50449904671164e-08,2
"21734",0.0255374025841992,0.974462597415796,4.46851419346941e-15,2
"21737",0.00948824477613954,0.981296513814685,0.00921524140917502,2
"21740",0.999999905554115,9.33273723022359e-08,1.11851262219532e-09,1
"21742",0.999999999261288,7.38711706483483e-10,1.13383375936072e-28,1
"21745",0.191603909288924,0.807935170616971,0.000460920094104936,2
"21747",0.993694804346896,0.00630519565277531,3.28975341390442e-13,1
"21749",0.0110760600846752,0.00936328077835561,0.979560659136969,3
"21751",0.0360819731146853,0.963918026798258,8.70566666678213e-11,2
"21753",0.947372356057212,0.0526276438916429,5.1145507190067e-11,1
"21756",0.00807569141112988,0.991924308561501,2.73686352135865e-11,2
"21759",0.486473678069233,0.415023571343153,0.0985027505876135,1
"21761",0.071665925627766,0.928334072155733,2.21650133840228e-09,2
"21763",0.940133645635925,0.0593604161385471,0.000505938225527683,1
"21765",0.999968346046343,3.16539536535048e-05,3.64384131224152e-15,1
"21767",0.030212121028016,0.969787878970124,1.86006870392574e-12,2
"21769",0.940798929974409,0.0592010700255912,2.53053445157459e-23,1
"21771",0.00865509211604569,0.99134490787516,8.79440594692507e-12,2
"21774",0.000623947837447582,0.00339754732452932,0.995978504838023,3
"21776",0.0854293043764004,0.914570695623584,1.58554287333976e-14,2
"21778",0.179655353561721,0.82034117382366,3.47261461877975e-06,2
"21780",1,7.02352222904318e-18,1.19920525477706e-16,1
"21783",0.0115354879590396,0.988424052560051,4.04594809092428e-05,2
"21785",0.0637321649948368,0.936267353170738,4.81834425631625e-07,2
"21788",0.0260792424883154,0.973920757511683,1.63134879583282e-15,2
"21790",0.246348273840855,0.753651726159145,2.14362130719544e-23,2
"21793",0.0262670987488401,0.973732811222634,9.00285261678764e-08,2
"21796",0.013679581897944,0.975214841415488,0.0111055766865685,2
"21798",0.999992774308172,7.22569181938526e-06,8.11544240129187e-15,1
"21801",0.266752493523762,0.733247506476238,2.26386340835537e-23,2
"21803",0.00773864730246302,0.992255590128337,5.76256919954588e-06,2
"21805",0.999937603042997,6.23969570030313e-05,2.01726270767528e-26,1
"21807",0.999982147369938,1.78383810138222e-05,1.42490484696006e-08,1
"21810",0.0300254879814632,0.969974490421116,2.15974206882103e-08,2
"21812",0.99976141861048,0.000238581389519954,1.78835658974685e-19,1
"21816",0.019167857526153,0.980832106245308,3.62285388563237e-08,2
"21819",0.999890370516423,0.000109629483577306,5.22057254439447e-20,1
"21821",0.999999977740384,2.21630161647818e-08,9.65996408000718e-11,1
"21823",0.00420780525906714,0.000112007485621768,0.995680187255311,3
"21825",0.00507748964487772,0.994922431934466,7.842065615471e-08,2
"21827",0.978916125479197,0.0210838745203886,4.14509968680327e-13,1
"21829",0.49735743396395,0.502642566036048,2.16174513943687e-15,2
"21832",0.999673899776321,0.000326053381482745,4.68421958231969e-08,1
"21834",0.0403853334242249,0.959614665311549,1.26422627283631e-09,2
"21836",0.0403853334242249,0.959614665311549,1.26422627283631e-09,2
"21839",0.0440430794993367,0.795125087497313,0.160831833003351,2
"21841",0.999806843871016,0.000187605335010491,5.55079397390425e-06,1
"21843",0.0253675274579737,0.0516062926532028,0.923026179888823,3
"21846",0.973012775268145,0.0269872247318549,1.57232724258294e-17,1
"21848",0.903675969250037,0.0963240307367555,1.32071308651074e-11,1
"21850",0.00277257654892431,0.996831568297117,0.000395855153958302,2
"21853",0.999494910910057,5.41945265428297e-10,0.000505088547998055,1
