"","V1","V2","V3","best$classification"
"19812",2.43588131309913e-08,0.976834252107453,0.0231657235337337,2
"19814",0.12441080563931,0.86474013014039,0.0108490642203005,2
"19816",7.02165137492469e-16,0.970147372902127,0.029852627097872,2
"19818",1.67304048414685e-08,0.987367623016959,0.0126323602526358,2
"19820",5.97206372214524e-46,0.885709315787222,0.114290684212778,2
"19822",5.39096923749288e-64,5.78834504667474e-05,0.999942116549533,3
"19824",9.29386682610701e-35,0.16051547498047,0.83948452501953,3
"19826",2.63167295588817e-09,0.958944812807608,0.0410551845607191,2
"19828",9.2788951288717e-31,0.976342311836392,0.0236576881636076,2
"19830",5.52595885633152e-16,0.629556579775408,0.370443420224591,2
"19832",2.12047408660107e-21,0.230917880906936,0.769082119093064,3
"19834",2.20403183100677e-24,0.92304420512657,0.0769557948734297,2
"19836",2.55778936329291e-16,0.938802625054239,0.0611973749457606,2
"19838",0.78031279240531,0.209989861162705,0.00969734643198491,1
"19840",4.56209149800612e-20,0.954913776895489,0.0450862231045109,2
"19842",0.968450448509754,0.000101846378258988,0.0314477051119873,1
"19844",1.41044677805202e-05,1.40212065721936e-09,0.999985894130099,3
"19846",0.991632266187687,0.00655080583705066,0.00181692797526209,1
"19848",0.983328625606729,0.0159803157583268,0.000691058634944041,1
"19850",0.000129205565072731,0.931045951329358,0.0688248431055695,2
"19852",2.25148168486687e-17,0.979431427854792,0.0205685721452081,2
"19854",0.998386865766804,0.00157573142460924,3.74028085868969e-05,1
"19856",6.0397385117552e-20,0.00637022758448198,0.993629772415518,3
"19858",2.90341876882588e-25,0.00268031156946375,0.997319688430536,3
"19860",5.29693991436942e-14,0.960722589164587,0.0392774108353602,2
"19862",0.999555489150334,0.000318909630365366,0.000125601219300994,1
"19864",4.55272619318576e-15,1.74296669697832e-15,0.999999999999994,3
"19866",4.30668593137852e-35,0.663463879144994,0.336536120855006,2
"19868",1.7697588032283e-21,3.10137379363761e-19,1,3
"19870",3.03679266478884e-06,0.961754975830695,0.0382419873766403,2
"19873",2.22858781475793e-18,0.971616812434279,0.0283831875657213,2
"19875",3.28133043542802e-26,0.974061249180351,0.0259387508196495,2
"19877",8.45939805214497e-12,0.985148119143203,0.0148518808483381,2
"19879",3.46350004577e-27,0.955288073980777,0.044711926019223,2
"19881",1.32673149223455e-18,0.93418788536852,0.0658121146314797,2
"19883",0.000336068287355776,0.880477592033377,0.119186339679267,2
"19899",2.87316809886942e-28,0.870004388848516,0.129995611151484,2
"19908",1.02639476956906e-46,3.90962662730027e-10,0.999999999609037,3
"19910",9.27194223932727e-15,0.98724047166288,0.0127595283371111,2
"19912",0.149065180990781,0.0447282356122967,0.806206583396923,3
"19914",5.15966063482861e-33,0.949659756577177,0.0503402434228234,2
"19916",1.20147052941729e-46,4.98560319244421e-06,0.999995014396808,3
"19918",0.0723414108776345,0.896061913914515,0.0315966752078506,2
"19920",0.998338724547758,0.00144267350169035,0.000218601950551681,1
"19922",1.06065834949668e-06,0.000892752645309751,0.999106186696341,3
"19924",4.18506114244235e-14,0.980703487126576,0.0192965128733818,2
"19926",1.5264501317192e-39,0.66008360405319,0.33991639594681,2
"19928",0.000532443274347971,4.64883788412408e-21,0.999467556725652,3
"19930",0.0194220657118378,0.970568583786098,0.0100093505020644,2
"19932",0.986678415315681,0.0131090697157125,0.000212514968606974,1
"19934",7.51927800790649e-25,0.961371395540615,0.0386286044593853,2
"19936",1.06658685292975e-12,0.959127910166556,0.0408720898323777,2
"19938",4.75012092643891e-64,0.185767966895985,0.814232033104015,3
"19940",9.56108178429309e-12,0.973260923730462,0.0267390762599766,2
"19942",4.44053893031335e-07,4.93494708426081e-11,0.999999555896758,3
"19944",5.3271585214657e-24,0.971730035522485,0.0282699644775146,2
"19946",1.75885061753406e-18,0.974739621180649,0.025260378819351,2
"19948",0.0259303427761996,7.71254449621669e-10,0.974069656452546,3
"19950",0.999962638759189,9.03112632456094e-08,3.72709295480564e-05,1
"19952",0.0259303427761996,7.71254449621669e-10,0.974069656452546,3
"19954",0.803553172500517,0.194628313077166,0.0018185144223171,1
"19956",5.31548798138393e-13,1.20012714474352e-05,0.999987998728021,3
"19958",2.48180329539079e-11,1.0232820217321e-14,0.999999999975172,3
"19962",4.2918552486849e-27,0.671506279286507,0.328493720713493,2
"19964",1.45436516892444e-19,0.857505812349628,0.142494187650372,2
"19966",7.48198978030551e-47,0.172158868837743,0.827841131162257,3
"19969",4.02085475200136e-07,0.957992229801732,0.0420073681127929,2
"19972",2.71516855670499e-09,0.117055089597025,0.882944907687806,3
"19974",0.999321488815423,2.97303037166149e-07,0.000678213881539959,1
"19976",9.51070207268497e-14,0.974827548621474,0.0251724513784312,2
"19978",3.29115436386946e-12,0.975635480344213,0.0243645196524963,2
"19980",0.998440725276764,0.00144464898935601,0.000114625733879823,1
"19982",2.87508574039984e-11,0.267955660390107,0.732044339581143,3
"19984",4.02996252988496e-05,0.000828340932874352,0.999131359441827,3
"19986",2.68977954177166e-53,0.80202097668334,0.19797902331666,2
"19988",2.50368136703963e-51,0.460787483867219,0.539212516132781,3
"19992",1.25272648219635e-41,0.893487568108107,0.106512431891893,2
"19994",0.0881418265915687,0.90125363749862,0.010604535909812,2
"19996",1.27387871036793e-36,0.981423519068515,0.0185764809314847,2
"19998",1.86807734193827e-30,0.0320824194831646,0.967917580516835,3
"20000",2.84845640875726e-14,0.000375399699333352,0.999624600300638,3
"20003",2.02456026905896e-05,0.977491710724139,0.0224880436731708,2
"20005",0.999032594329898,0.000855967003549421,0.000111438666552268,1
"20007",2.63416102252269e-29,0.954095822585942,0.0459041774140574,2
"20009",3.16690997755809e-56,0.0188831327506922,0.981116867249308,3
"20011",6.88463396470612e-13,0.749624526038562,0.25037547396075,2
"20013",0.00145985671293698,0.979035149186879,0.0195049941001838,2
"20016",4.61748923919725e-56,0.0074049113503114,0.992595088649689,3
"20018",5.452845167541e-52,1.352254290754e-17,1,3
"20021",3.40469547256363e-24,0.981205948987006,0.0187940510129941,2
"20023",4.35375984882061e-36,0.953322971629033,0.046677028370967,2
"20025",2.34676560391719e-67,4.13640885192295e-07,0.999999586359115,3
"20027",0.227236023024772,0.474690976832032,0.298073000143196,2
"20029",0.962856712952078,0.0336060590148622,0.00353722803306026,1
"20032",0.376894169300231,0.593812038809614,0.029293791890156,2
"20034",0.0344544423384842,2.55256570465265e-07,0.965545302404945,3
"20036",5.73544880280135e-18,0.33700358683475,0.66299641316525,3
"20038",3.89949643919168e-35,0.954732133975065,0.0452678660249347,2
"20040",9.72206075783303e-64,1.65109960228038e-08,0.999999983489004,3
"20043",2.29490128455359e-25,0.974105974603814,0.025894025396186,2
"20045",5.43987363751344e-48,0.0288313209745488,0.971168679025451,3
"20048",0.999840678589535,7.28776633759176e-12,0.000159321403176944,1
"20051",2.99664355165768e-18,0.879340228910257,0.120659771089743,2
"20053",5.15204372757203e-37,0.940083970605564,0.0599160293944361,2
"20055",1.03538943749744e-24,0.6442353254696,0.3557646745304,2
"20057",4.53964968025686e-06,7.67173237469459e-32,0.99999546035032,3
"20059",1.39558565275239e-44,0.464147484613262,0.535852515386738,3
"20061",7.11066891279995e-37,0.935923435141154,0.0640765648588465,2
"20063",3.51297590728632e-23,9.96639931934061e-15,0.99999999999999,3
"20065",2.34825006482122e-37,0.000103167190724884,0.999896832809275,3
"20067",2.3362670929229e-29,0.656673702029679,0.343326297970321,2
"20069",0.997381092943182,0.00232785581936312,0.000291051237455316,1
"20071",5.61135934924818e-35,0.0897966933947053,0.910203306605295,3
"20073",7.41936414544619e-06,0.588178078375194,0.411814502260661,2
"20075",7.0387004844967e-16,6.06304517208263e-15,0.999999999999993,3
"20077",3.66269925011455e-22,0.95529530646513,0.0447046935348704,2
"20079",3.34513159080003e-24,0.122479593294124,0.877520406705876,3
"20081",1.41240933035579e-28,0.687584123193304,0.312415876806696,2
"20083",9.27640813776288e-29,2.03717269243761e-06,0.999997962827307,3
"20085",5.67607449696802e-49,0.638622637495173,0.361377362504827,2
"20088",3.36321301584332e-32,0.972797882687822,0.027202117312178,2
"20091",1.01450040958068e-30,3.94219630655821e-08,0.999999960578037,3
"20095",2.78247300662919e-26,2.0918865797198e-07,0.999999790811342,3
"20097",2.88008470459681e-47,0.483295994030074,0.516704005969926,3
"20099",7.37995900434277e-23,0.00255601779162091,0.997443982208379,3
"20102",4.23193034850401e-20,1.76649368896266e-09,0.999999998233506,3
"20105",8.9658068685142e-29,0.949222630059896,0.0507773699401036,2
"20107",7.93467832556332e-36,0.977303458919601,0.0226965410803991,2
"20109",1.29154184905486e-14,0.564395741921311,0.435604258078676,2
"20111",0.00451186255434315,8.38187725005357e-10,0.995488136607469,3
"20113",1.03533232870208e-30,0.744370945971143,0.255629054028857,2
"20115",2.4493723383657e-11,0.0240324247882847,0.975967575187222,3
"20117",1.20161647227846e-50,5.99521800922073e-16,0.999999999999999,3
"20119",5.48984470594571e-33,0.156928546076824,0.843071453923176,3
"20121",7.83795931248112e-46,0.962726514265348,0.0372734857346516,2
"20123",3.75081871814879e-39,4.98668634965649e-08,0.999999950133137,3
"20125",0.184239363196597,0.78814294080338,0.0276176960000234,2
"20127",1.06407000359916e-40,0.631836869612105,0.368163130387895,2
"20140",1.36177655753173e-33,0.0770176520745883,0.922982347925412,3
"20142",0.997602240088992,3.20515337000472e-05,0.00236570837730763,1
"20144",1.07169235000721e-12,0.0338436259042901,0.966156374094638,3
"20146",4.20293923308001e-23,0.194326206961655,0.805673793038345,3
"20148",1.00251104522772e-09,0.970521496736887,0.0294785022606018,2
"20150",0.999445089104605,0.000167965735367009,0.000386945160028013,1
"20152",1.09357593789352e-11,0.972212472330099,0.0277875276589649,2
"20154",8.56394821869974e-30,6.6078336185231e-07,0.999999339216638,3
"20156",6.19235660536634e-34,0.229324876926985,0.770675123073015,3
"20159",0.999844127364287,0.000122137395433685,3.37352402798527e-05,1
"20161",8.73376746944835e-20,0.000716532525627814,0.999283467474372,3
"20163",3.25544270609937e-10,0.921577006867197,0.0784229928072585,2
"20165",4.74072367538802e-11,0.0074326939332448,0.992567306019348,3
"20167",0.0581466329790492,0.930685940393957,0.0111674266269941,2
"20169",0.999644169513525,3.11156188297912e-09,0.000355827374912869,1
"20171",1.2237762178469e-30,1.05034189904003e-11,0.999999999989497,3
"20173",1.45080679412796e-26,2.11492219505278e-09,0.999999997885078,3
"20175",5.31200100972814e-10,0.975100042264843,0.0248999572039571,2
"20177",8.30588311272955e-35,0.00339739578216115,0.996602604217839,3
"20180",4.25599480003061e-38,0.791989408931749,0.208010591068251,2
"20182",0.997385561584099,6.28685634848295e-28,0.00261443841590077,1
"20184",0.000193778840495038,0.718387720050288,0.281418501109217,2
"20187",2.99248211055692e-23,2.04865387871555e-05,0.999979513461213,3
"20189",2.24861360058921e-16,0.958425046814822,0.0415749531851783,2
"20192",7.71903583250443e-47,3.11197628584505e-07,0.999999688802371,3
"20194",4.20406145659526e-08,0.00012296722002722,0.999876990739358,3
"20196",3.8505556805779e-39,0.00583133444755302,0.994168665552447,3
"20198",1.68334103325898e-26,0.774671058842112,0.225328941157888,2
"20204",0.891964063340871,0.0811166200578878,0.0269193166012409,1
"20207",1.57931525447561e-36,0.209656311566822,0.790343688433178,3
"20209",4.03706025668573e-10,1.37891959568187e-05,0.999986210400337,3
"20211",9.51623897983678e-21,1.62386936611549e-06,0.999998376130634,3
"20215",2.92021938244284e-30,0.948923963698565,0.0510760363014347,2
"20218",0.999918898217928,1.13382626773878e-05,6.97635193949392e-05,1
"20222",8.14697013088696e-28,0.653185545990688,0.346814454009312,2
"20225",1.59950164358949e-13,0.0819976064087156,0.918002393591124,3
"20229",1.49115341592595e-26,0.063193643390285,0.936806356609715,3
"20232",7.17848140509877e-32,0.885696763968303,0.114303236031697,2
"20234",1.28712760334438e-49,9.92226944273426e-09,0.999999990077731,3
"20238",2.61677736385041e-48,0.766597252385286,0.233402747614714,2
"20253",1.12493673569134e-35,0.881822806232072,0.118177193767928,2
"20255",0.225909650476814,0.739223753111403,0.0348665964117834,2
"20258",1.40755659482847e-32,0.980643381548874,0.0193566184511256,2
"20269",3.05145422368607e-15,0.930883133557959,0.0691168664420381,2
"20271",4.14433638799271e-29,0.172895227393392,0.827104772606608,3
"20285",6.82132045848758e-41,0.000590283825579346,0.999409716174421,3
"20288",3.88035536291878e-32,0.939188651615997,0.060811348384003,2
"20291",1.88328926644592e-53,0.00175960323468661,0.998240396765313,3
"20295",1.9633860642382e-30,0.0148134373497056,0.985186562650295,3
"20298",0.968392859342686,0.0310584000883255,0.000548740568988324,1
"20302",3.61952283638944e-16,0.491377864288997,0.508622135711002,3
"20305",0.947340325712006,0.0504172391527979,0.00224243513519615,1
"20307",3.17560706326821e-41,0.974752895184462,0.0252471048155383,2
"20310",7.80461870209274e-59,0.000360466775786434,0.999639533224214,3
"20313",0.999984993488348,1.80550186776177e-10,1.50063311022057e-05,1
"20315",2.82956411700653e-39,0.956050492723073,0.0439495072769267,2
"20319",1.68268155837609e-41,0.00256701567759098,0.997432984322409,3
"20321",4.91240784558292e-46,0.790136158179783,0.209863841820217,2
"20327",2.5545120863152e-35,0.904379448752615,0.0956205512473852,2
"20329",0.00213394836140482,1.11464851578441e-08,0.99786604049211,3
"20335",3.7756223830106e-36,0.0384166853386993,0.961583314661301,3
"20337",0.999734605734385,0.000247701779456115,1.76924861588552e-05,1
"20339",1.58529143654582e-41,2.1012516744425e-07,0.999999789874833,3
"20341",2.05936753701162e-37,8.37410860091628e-09,0.999999991625891,3
"20343",4.31361644153278e-42,0.00707535677092591,0.992924643229074,3
"20345",1.64304071498862e-07,0.957092196604924,0.0429076390910045,2
"20350",1.22359320945247e-37,1.23891083997323e-05,0.9999876108916,3
"20352",0.996100020841294,1.64333020055259e-06,0.00389833582850572,1
"20355",4.32339672929976e-26,0.00774062403779896,0.992259375962201,3
"20358",1.20375027632649e-05,5.20446481512637e-05,0.999935917849086,3
"20363",1.99522270523818e-37,0.959324080470284,0.0406759195297163,2
"20365",1.67274871799043e-29,0.324260413760313,0.675739586239687,3
"20379",5.69520244393834e-12,0.551704821542623,0.448295178451681,2
"20387",1.41038240534493e-30,0.973853332973292,0.0261466670267082,2
"20392",3.37728480231099e-27,1.05656104470451e-06,0.999998943438955,3
"20395",5.071741741013e-11,0.970271165062064,0.0297288348872186,2
"20397",0.986399682354904,1.58346570084593e-19,0.0136003176450957,1
"20410",3.59340051363408e-23,0.970428549107479,0.0295714508925211,2
"20414",4.39720815310825e-08,0.940017906291108,0.0599820497368102,2
"20417",1.59839341464203e-47,1.66256646391938e-20,1,3
"20419",7.8061723447387e-33,0.882574431425202,0.117425568574798,2
"20421",1.96057174453828e-15,0.0157759000943277,0.98422409990567,3
"20423",0.225492206934365,0.622948844550611,0.151558948515024,2
"20425",0.022281213309069,0.676962772106485,0.300756014584446,2
"20427",2.07634393198045e-07,0.964338307160572,0.0356614852050345,2
"20429",2.30195593946585e-62,0.000415964875360239,0.99958403512464,3
"20432",0.00031930261395238,0.464659884242918,0.53502081314313,3
"20435",1.75462642946558e-40,0.739701204627687,0.260298795372314,2
"20438",7.65577103785019e-29,0.59375982549701,0.40624017450299,2
"20440",1.36277417724967e-36,0.828024632139632,0.171975367860368,2
"20443",1.35735528974899e-10,0.000222033797315387,0.999777966066949,3
"20446",6.06499670050626e-31,0.838902141708994,0.161097858291006,2
"20449",5.57668592550117e-39,0.931918199603013,0.0680818003969873,2
"20537",1.83272138947444e-41,0.0416225601497889,0.958377439850211,3
"20540",3.28752906649684e-34,2.41205466905783e-08,0.999999975879453,3
"20543",4.60926792223986e-18,0.974453380573977,0.025546619426023,2
"20545",5.84592564035653e-17,1.97699677578602e-07,0.999999802300322,3
"20549",7.95705399669709e-08,0.960605899731133,0.0393940206983269,2
"20551",1.51320595515529e-22,0.972093328801506,0.0279066711984944,2
"20554",2.17447546816577e-24,0.988398091711949,0.0116019082880513,2
"20556",2.16973548849836e-18,0.83152394692222,0.16847605307778,2
"20558",4.9535838927826e-34,0.983509969965753,0.0164900300342468,2
"20560",1.32270533191777e-15,0.968549497337483,0.0314505026625158,2
"20563",8.55536243906392e-41,0.632375804195594,0.367624195804406,2
"20565",5.35645292974997e-25,0.930116272235409,0.0698837277645906,2
"20567",5.13010833910921e-06,0.331731325764584,0.668263544127077,3
"20571",5.31053780005616e-42,0.000364155583568848,0.999635844416431,3
"20573",3.09332786679759e-31,0.959120329968316,0.0408796700316841,2
"20575",1.66828278475823e-45,0.8028341366421,0.1971658633579,2
"20577",1.69635965864894e-23,0.955486654387137,0.0445133456128631,2
"20579",0.0249341920460863,9.43348445362411e-10,0.975065807010565,3
"20582",1.02967002920958e-40,0.96165202392921,0.03834797607079,2
"20585",9.24964383483979e-21,0.0655128829382452,0.934487117061755,3
"20588",1.83410836742835e-45,8.93522709280736e-06,0.999991064772907,3
"20590",0.999094759834314,7.67378403626128e-08,0.000905163427845548,1
"20592",8.99400810584294e-39,0.917889470829671,0.0821105291703292,2
"20594",1.29935544271571e-40,0.903587674336518,0.0964123256634824,2
"20596",6.78877708726826e-24,0.882761056462306,0.117238943537694,2
"20598",2.25715046671627e-23,0.97794574885967,0.0220542511403297,2
"20600",2.29232435533622e-22,0.229269263452734,0.770730736547266,3
"20603",3.02768654929847e-13,0.56486081143945,0.435139188560248,2
"20605",5.07139422613504e-39,0.961219161839717,0.038780838160283,2
"20607",2.00935543657556e-28,0.969318865169997,0.0306811348300032,2
"20609",5.94647987662144e-22,0.988216715622017,0.0117832843779835,2
"20611",0.989484882694664,0.00986931231124421,0.000645804994091782,1
"20613",5.5950532403942e-12,0.977935058916962,0.0220649410774431,2
"20615",8.07375422726313e-13,0.907997910890999,0.0920020891081941,2
"20617",0.999987093655342,4.82059318644052e-08,1.28581387259451e-05,1
"20619",9.68705501539747e-38,0.879980850773725,0.120019149226275,2
"20621",6.39714981913461e-35,0.934393095050338,0.065606904949662,2
"20623",3.51203059542461e-07,0.0392472800890383,0.960752368707902,3
"20625",3.47668045660576e-10,0.0903826921477904,0.909617307504542,3
"20627",4.1301137792202e-23,0.97262739401517,0.0273726059848299,2
"20629",2.18413055851745e-28,0.96397945595092,0.0360205440490799,2
"20631",3.16193683407719e-39,0.799172523333015,0.200827476666985,2
"20633",0.99993100751726,8.43559652271809e-12,6.89924743048207e-05,1
"20636",4.82254381538123e-10,0.544961736506834,0.455038263010911,2
"20638",1.57453889824313e-40,0.243505375472168,0.756494624527832,3
"20640",8.06625250774373e-32,0.795302307837556,0.204697692162444,2
"20645",4.55738860042184e-46,0.782026327345935,0.217973672654065,2
"20647",0.999525766685491,2.67650980977001e-11,0.000474233287743592,1
"20649",8.92348199597972e-23,0.922617720286541,0.0773822797134587,2
"20651",9.93979307288389e-61,5.72869796140068e-05,0.999942713020386,3
"20656",4.2892682786715e-36,0.134732107038803,0.865267892961197,3
"20660",1.27278854887879e-30,1.03650283444441e-08,0.999999989634972,3
"20662",3.91297323287678e-15,5.83881198600938e-05,0.999941611880136,3
"20664",4.25501401353092e-27,0.0432342200232628,0.956765779976737,3
"20666",0.0681557735454748,0.00428804043824516,0.92755618601628,3
"20668",0.994939032557298,0.00483528140433059,0.000225686038372057,1
"20670",6.58391065211898e-45,0.179092958268658,0.820907041731342,3
"20672",0.993821781147493,0.00499182241187389,0.0011863964406334,1
"20674",1.81727444532325e-28,0.959655469854165,0.0403445301458346,2
"20676",0.904652830004166,2.15649259740456e-07,0.095346954346574,1
"20678",0.9965180128592,5.47296787099806e-09,0.00348198166783217,1
"20680",0.00958645823950051,0.962815009570171,0.0275985321903284,2
"20682",3.01752938082273e-13,0.857111911812384,0.142888088187314,2
"20684",4.84435564074296e-45,0.199144733062449,0.800855266937551,3
"20686",0.999886173070698,2.3920795826148e-05,8.99061334754329e-05,1
"20688",0.994549818160853,1.67302195513065e-13,0.00545018183897989,1
"20690",6.8015596758526e-39,0.000126491682989316,0.999873508317011,3
"20692",0.999540648319658,5.57056596464854e-14,0.000459351680286469,1
"20694",0.935584115551587,0.062612031631309,0.00180385281710347,1
"20696",2.47643570338422e-11,0.898632102295792,0.101367897679444,2
"20698",2.47154802320909e-24,0.828330342363157,0.171669657636844,2
"20700",3.7464259330839e-46,0.0550856466232812,0.944914353376719,3
"20702",1.00460433703491e-42,0.000260968530737233,0.999739031469263,3
"20704",2.4228533024484e-21,0.984115137421427,0.0158848625785727,2
"20706",9.57530457375877e-42,0.00297257641104093,0.997027423588959,3
"20708",0.998314517272746,1.71824230576389e-06,0.00168376448494791,1
"20710",4.43174429180361e-24,0.623238732917661,0.376761267082339,2
"20714",0.999407663099634,0.000174517973335706,0.000417818927030208,1
"20716",6.63020632266715e-31,0.966158320538368,0.0338416794616322,2
"20719",3.32123980478036e-30,0.080346104477451,0.919653895522549,3
"20721",3.00359407296678e-39,0.872528507355708,0.127471492644292,2
"20723",1.61919213782132e-34,6.67188478744483e-05,0.999933281152126,3
"20725",0.070299208540067,0.913199473203855,0.0165013182560781,2
"20727",9.11647451536033e-17,1.00449239644565e-10,0.999999999899551,3
"20729",0.998905954235657,0.000917002886736991,0.000177042877606274,1
"20731",0.969926992154198,0.0290884082541253,0.000984599591676477,1
"20733",1.3652683515831e-33,0.899669064327824,0.100330935672176,2
"20735",1.53636303172617e-21,0.959790303906345,0.0402096960936544,2
"20737",0.991181257921277,0.00122432784390253,0.00759441423481996,1
"20739",0.980330641708116,1.17275134527224e-08,0.0196693465643704,1
"20741",0.112792456298558,0.872063339986315,0.0151442037151265,2
"20743",2.00051110826537e-10,0.900663532075229,0.0993364677247203,2
"20745",3.32105470589299e-37,0.553258774196835,0.446741225803165,2
"20747",0.999877593403439,9.85669280079868e-05,2.38396685530046e-05,1
"20749",0.999895934505269,7.80906236775369e-05,2.5974871053408e-05,1
"20751",0.000707477801260212,0.06620397950405,0.93308854269469,3
"20753",0.840494221704835,0.152450601405873,0.00705517688929189,1
"20755",0.838053654080734,1.38369315464035e-09,0.161946344535573,1
"20757",1.14404859854653e-25,5.39843022011754e-06,0.99999460156978,3
"20759",3.4120336416761e-38,0.392223832325438,0.607776167674562,3
"20761",1.3788697630173e-06,0.989236116911259,0.0107625042189783,2
"20763",1.69578767566855e-32,0.813621619727448,0.186378380272552,2
"20765",0.264486002369349,0.726349147423091,0.0091648502075598,2
"20767",9.60206282608994e-31,0.894527475077772,0.105472524922228,2
"20769",2.63775111127945e-32,0.00199228422513121,0.998007715774869,3
"20771",9.60219763846277e-08,0.958506427844458,0.0414934761335654,2
"20773",2.68548259211134e-22,1.51794536241398e-09,0.999999998482055,3
"20775",1.10995312454094e-11,0.956042634978013,0.0439573650108877,2
"20777",2.4752548771086e-40,0.00352965731030927,0.996470342689691,3
"20779",0.146990459507068,0.837126039560908,0.0158835009320247,2
"20781",8.02866184494785e-21,4.5054980712951e-24,1,3
"20783",2.55819460214693e-09,0.985177435750669,0.0148225616911364,2
"20785",4.66958020391361e-12,5.05171612767882e-15,0.999999999995326,3
"20787",0.958623306683265,0.0397979629935079,0.00157873032322681,1
"20789",3.8816454202467e-19,0.972444174707879,0.0275558252921208,2
"20791",0.996912146161381,0.00285799542584141,0.000229858412777488,1
"20793",1.1955742711419e-11,0.970241072880996,0.0297589271070478,2
"20795",0.00090886294590429,0.961302771597057,0.0377883654570387,2
"20797",0.970180994472803,2.58993144551444e-20,0.0298190055271964,1
"20800",0.999643433245408,0.000348117065247823,8.44968934464154e-06,1
"20802",0.00838776514513472,0.977971919871924,0.0136403149829416,2
"20804",0.9994217741397,0.000265753623296149,0.000312472237003543,1
"20806",0.999109689459294,0.000692355823698208,0.000197954717007757,1
"20808",1.23295174793864e-19,0.98386004280174,0.0161399571982596,2
"20810",1.43853770392667e-13,0.53484240208272,0.465157597917136,2
"20812",5.48491816787352e-09,0.878021948263938,0.121978046251144,2
"20814",0.999638070319749,6.83168241676841e-09,0.000361922848568374,1
"20816",2.76673606677796e-30,6.36366178094384e-05,0.999936363382191,3
"20818",5.26276682779389e-12,0.979879926796681,0.020120073198056,2
"20820",0.975162414054044,1.40121604884521e-09,0.02483758454474,1
"20822",0.354184821341366,0.636650586509524,0.00916459214911022,2
"20824",2.28190531479126e-06,4.79872040236273e-15,0.99999771809468,3
"20826",0.999917396799611,1.40882784859101e-06,8.11943725401083e-05,1
"20828",0.999840678589535,7.28776633759176e-12,0.000159321403176944,1
"20830",0.0789297253250214,0.751045473316242,0.170024801358737,2
"20832",1.92353775048409e-19,0.967391168038085,0.0326088319619148,2
"20834",6.89617827370982e-25,0.970342370160961,0.0296576298390387,2
"20836",0.816843449699388,0.179769894079265,0.00338665622134702,1
"20838",0.996428174234544,2.57739683851549e-06,0.00356924836861705,1
"20840",1.20546790930378e-26,0.972175246159771,0.0278247538402293,2
"20842",4.24382098799838e-05,0.533475535487981,0.466482026302139,2
"20844",1.14427554376147e-07,0.00129874457939521,0.998701140993051,3
"20846",1.06987453791117e-06,0.929485058785127,0.0705138713403348,2
"20848",7.48628629289633e-11,0.985093919346075,0.0149060805790626,2
"20850",4.78681057517134e-19,0.970861747162352,0.0291382528376484,2
"20852",4.82913901389941e-31,0.282323956591508,0.717676043408492,3
"20854",0.99992949107211,3.51007597327336e-05,3.54081681571052e-05,1
"20856",6.72029256803794e-38,1.88394825902115e-10,0.999999999811605,3
"20858",7.57386389742791e-34,0.863063782863138,0.136936217136862,2
"20860",0.000165787701225485,0.0195921458925636,0.980242066406211,3
"20862",3.79868482135494e-33,0.866634474024026,0.133365525975974,2
"20864",0.99929903263049,1.79938697584983e-05,0.000682973499751744,1
"20866",4.23403361818237e-53,0.00107070786981935,0.998929292130181,3
"20868",3.98347945178478e-33,0.955656084912638,0.0443439150873616,2
"20870",5.79626675154203e-09,0.98052719092122,0.019472803282513,2
"20872",0.582102180991631,0.413304430581538,0.00459338842683075,1
"20874",0.999093936127862,1.11442052115638e-09,0.000906062757717542,1
"20877",1.19189951425665e-27,0.951001791219398,0.0489982087806019,2
"20879",1.25805796314394e-39,0.965346287761485,0.0346537122385153,2
"20881",0.0200327851653476,0.961323175242316,0.0186440395923366,2
"20883",4.55355206921159e-07,2.4357515693317e-05,0.9999751871291,3
"20885",0.992552292950587,0.00731583035973696,0.000131876689675927,1
"20887",2.54919786647935e-18,0.939126685328298,0.0608733146717022,2
"20889",1.40454361259542e-08,0.948542109901613,0.0514578760529513,2
"20891",5.63187310891803e-32,0.97090166921756,0.0290983307824396,2
"20896",5.12522459151326e-25,0.873632808573832,0.126367191426168,2
"20898",0.000133951815656397,0.984822584169164,0.0150434640151795,2
"20900",0.000227282279199398,7.69968431662758e-18,0.999772717720801,3
"20902",9.30047406489688e-17,0.0667718088142987,0.933228191185701,3
"20904",3.1382701424431e-09,0.00711001093419522,0.992889985927535,3
"20906",1.84879631673614e-41,0.769892800482745,0.230107199517255,2
"20908",7.11321108112859e-13,0.959016478075706,0.040983521923583,2
"20910",3.48299276623868e-12,0.314801239775918,0.685198760220598,3
"20912",3.48113696731204e-08,2.35363130567164e-23,0.99999996518863,3
"20914",2.61057795362934e-41,0.57853420553072,0.42146579446928,2
"20968",2.58650514451505e-22,3.15386478398218e-11,0.999999999968461,3
"20970",2.89125524418431e-33,0.956758671983377,0.0432413280166229,2
"20981",4.10403940009417e-27,0.721045084719153,0.278954915280847,2
"20983",0.999959186687145,5.99905694122299e-09,4.08073137979904e-05,1
"20988",2.33008937516904e-30,0.960458265753906,0.0395417342460939,2
"20995",9.12518154828507e-45,8.1071178634472e-10,0.999999999189288,3
"21017",1.99985413930587e-07,0.982006644541526,0.0179931554730604,2
"21038",9.80007140535082e-36,0.918792908613823,0.0812070913861769,2
"21072",2.28620461017648e-25,0.933560088147663,0.0664399118523375,2
"21075",3.35234190851756e-31,0.817450712019907,0.182549287980093,2
"21223",1.01279620870086e-13,0.976390981271094,0.0236090187288049,2
"21225",1.10009284358929e-16,1.76683133113402e-19,1,3
"21230",0.999833677262797,1.87613315861794e-08,0.000166303975870926,1
"21236",0.668270395513998,0.326947118736568,0.00478248574943477,1
"21238",3.25025602298022e-23,0.00205484470135145,0.997945155298648,3
"21241",1.12254111197934e-28,0.352708443278127,0.647291556721873,3
"21246",3.90651462460118e-15,0.958464165873938,0.0415358341260576,2
"21253",0.999685949935619,0.000109844491985575,0.000204205572395565,1
"21256",2.09338479545045e-05,0.948949069852252,0.0510299962997937,2
"21260",5.68545480983809e-30,3.41969064022297e-09,0.999999996580309,3
"21266",8.32223734603585e-37,0.960725980578511,0.0392740194214893,2
"21332",5.52151763942477e-20,0.962636754447737,0.0373632455522632,2
"21334",0.000492366640044699,0.952004649190934,0.0475029841690209,2
"21375",2.46076170873221e-46,0.10420302164122,0.89579697835878,3
"21378",1.99528356932283e-57,0.00277829677886175,0.997221703221138,3
"21381",4.10661460358618e-48,0.169986914453827,0.830013085546173,3
"21389",0.00153982311742155,0.789824016059853,0.208636160822726,2
"21391",8.78666821715215e-40,0.00851459279785984,0.99148540720214,3
"21402",2.01305394788533e-26,0.890584326326443,0.109415673673557,2
"21404",8.30249096225956e-18,0.594236906833944,0.405763093166056,2
"21409",2.49539691407109e-36,0.798069373330508,0.201930626669492,2
"21413",2.30693914082936e-21,0.354084293911017,0.645915706088983,3
"21423",1.45885064705893e-41,3.40286020797901e-05,0.99996597139792,3
"21425",7.77228813994579e-33,0.575026502729002,0.424973497270998,2
"21430",2.15315733715332e-14,0.000356596988114401,0.999643403011864,3
"21432",2.01752890677027e-19,0.965510829594193,0.0344891704058071,2
"21438",3.77308597012743e-42,5.44219912332342e-10,0.99999999945578,3
"21440",1.56418915673285e-34,0.894389323661243,0.105610676338757,2
"21443",0.344894067581205,0.647484548293551,0.00762138412524374,2
"21445",2.90836378129883e-17,2.93445841177371e-08,0.999999970655416,3
"21447",3.2286244256875e-44,0.862644528979724,0.137355471020276,2
"21449",1.98706311399617e-28,0.915441770233074,0.0845582297669259,2
"21451",1.98706311399617e-28,0.915441770233074,0.0845582297669259,2
"21455",5.55010604415936e-26,0.978160241230404,0.0218397587695966,2
"21469",1.29828254324987e-43,0.00278649431466909,0.997213505685331,3
"21471",4.99504272010382e-31,0.365807591977009,0.634192408022991,3
"21473",7.05537277954717e-15,0.521807734737703,0.47819226526229,2
"21476",9.39137925746215e-24,0.918000396353989,0.0819996036460109,2
"21478",1.70737825850527e-21,0.0111712144832802,0.98882878551672,3
"21481",9.21087906980109e-06,0.962009844485575,0.0379809446353556,2
"21490",3.60926715768381e-26,0.954572796505564,0.0454272034944356,2
"21493",1.74015682302106e-56,1.35608177602378e-07,0.999999864391823,3
"21495",7.71028541226197e-22,0.974820504100381,0.025179495899619,2
"21500",3.721615197493e-42,0.941259995952833,0.0587400040471673,2
"21504",4.74398767483459e-37,0.105600887460408,0.894399112539592,3
"21507",9.85240520720813e-39,0.85742276410713,0.14257723589287,2
"21512",2.37906481705088e-42,0.957628223665664,0.0423717763343357,2
"21519",8.43652864618862e-09,0.952519744388979,0.0474802471744926,2
"21522",1.72197694966571e-23,3.14294194350713e-07,0.999999685705806,3
"21524",1.62809092986557e-29,0.949250688782532,0.050749311217468,2
"21528",4.52457357909874e-37,0.979401600643291,0.0205983993567087,2
"21532",1.48709721133185e-29,0.877001095255306,0.122998904744694,2
"21543",4.94190998965942e-29,0.311513222179406,0.688486777820594,3
"21546",1.84752217585573e-27,0.916872617330289,0.0831273826697112,2
"21550",7.12692582518756e-38,0.939699682244934,0.0603003177550664,2
"21554",2.01695393897832e-34,0.902718702187459,0.0972812978125408,2
"21557",5.41584508189951e-14,0.0986575600767961,0.90134243992315,3
"21560",2.32014559734774e-37,0.619762649502366,0.380237350497634,2
"21564",2.39993191878803e-14,0.97393944421704,0.0260605557829356,2
"21566",1.77017164798464e-31,0.984123729769243,0.0158762702307573,2
"21569",1.8555729283828e-18,0.943879595213206,0.0561204047867937,2
"21574",0.993379679733521,0.00455751225959819,0.00206280800688041,1
"21576",0.000612819235941574,0.985165111267734,0.0142220694963244,2
"21578",0.995266064485653,0.00462559447279929,0.00010834104154807,1
"21580",1.71608291705215e-08,0.982452465741151,0.0175475170980198,2
"21583",4.76098050117351e-53,0.829960535271806,0.170039464728194,2
"21585",0.00215148560686836,5.40522719698131e-09,0.997848508987904,3
"21587",2.65570329360205e-07,0.962324175188008,0.0376755592416627,2
"21589",3.57228423422153e-15,0.452601537328445,0.547398462671552,3
"21593",4.92416264938153e-08,4.87757178625609e-31,0.999999950758374,3
"21595",0.00839145258734124,2.97844123255226e-07,0.991608249568536,3
"21597",2.34722112502782e-29,0.868648723279094,0.131351276720906,2
"21599",0.997442242234043,8.58441222501677e-05,0.00247191364370672,1
"21601",1.75271307805842e-35,8.38911017458636e-05,0.999916108898254,3
"21603",0.998336020895968,1.21761727122303e-06,0.00166276148676062,1
"21605",0.996918305225516,0.00272715828237672,0.000354536492107576,1
"21607",1.88266328263281e-20,0.825542179769413,0.174457820230587,2
"21610",6.38190526130228e-25,0.932842620003197,0.0671573799968032,2
"21612",0.733249903328897,0.261451798032621,0.0052982986384825,1
"21614",1.66843267953137e-25,0.947090390480991,0.0529096095190088,2
"21616",9.23100898190443e-06,0.966261018183983,0.033729750807035,2
"21618",2.73861068014533e-56,0.0125941377245182,0.987405862275482,3
"21620",0.998308645424296,0.00153967333298968,0.000151681242714885,1
"21622",3.94562632621335e-37,0.00145073357105009,0.99854926642895,3
"21624",2.54416144105262e-17,0.146180839253698,0.853819160746302,3
"21626",1.12151605287317e-10,0.952646213293524,0.0473537865943246,2
"21628",2.69141213423275e-21,0.96272964174559,0.0372703582544099,2
"21630",5.22769340882667e-15,0.939353774278154,0.0606462257218409,2
"21632",3.71446787694923e-39,0.861439936730679,0.138560063269321,2
"21634",3.02994805698293e-17,0.969144862609749,0.0308551373902511,2
"21636",0.00186939505793856,0.953840339091822,0.0442902658502391,2
"21638",0.0822890743907806,0.511605210249382,0.406105715359837,2
"21640",3.49445216003692e-06,0.969258298746534,0.0307382068013057,2
"21642",0.0013972174111482,0.423154645987839,0.575448136601013,3
"21644",0.652736665167425,3.20164051323574e-11,0.347263334800559,1
"21647",0.998986491969893,0.000980048928862745,3.34591012439501e-05,1
"21649",4.89440118303621e-10,0.97356568245144,0.0264343170591203,2
"21651",4.58004854854309e-19,0.533100573920234,0.466899426079766,2
"21653",0.0348512707220123,1.77689240501905e-05,0.965130960353938,3
"21655",0.999953040484734,1.82378900545221e-06,4.51357262607633e-05,1
"21657",0.233888520973435,0.753652081672946,0.0124593973536188,2
"21659",0.0203194474753726,3.01720515180931e-13,0.979680552524326,3
"21661",0.985287381723094,0.0144200582958363,0.000292559981069719,1
"21663",0.999826627044232,6.24981067717587e-05,0.000110874848996506,1
"21665",2.26403871138161e-05,0.467614433838155,0.532362925774731,3
"21667",5.72518792386124e-23,0.982349143790496,0.0176508562095043,2
"21670",1.34072727774769e-21,0.966591987653526,0.0334080123464737,2
"21672",5.7195842088403e-14,0.973842807688236,0.0261571923117073,2
"21674",4.92373493472763e-33,0.948116573433292,0.0518834265667079,2
"21676",5.01262352541654e-24,0.971274487900999,0.0287255120990009,2
"21678",9.41615261024465e-16,4.14744486884835e-09,0.999999995852554,3
"21680",0.293636823288287,0.632415416474088,0.0739477602376255,2
"21685",5.34739517255192e-25,0.975158381497499,0.0248416185025005,2
"21687",2.23626123001649e-11,0.0887167063640207,0.911283293613617,3
"21690",0.041293183732825,0.925515178268331,0.033191637998844,2
"21707",5.1047475468906e-33,0.97883442093111,0.0211655790688901,2
"21710",2.18236877182646e-17,0.00204959840264374,0.997950401597356,3
"21713",4.0805918170174e-31,0.914058367620191,0.0859416323798085,2
"21718",6.32668205555111e-21,0.0774125093266448,0.922587490673355,3
"21721",4.43330960385599e-35,6.56772510033518e-13,0.999999999999343,3
"21723",2.23658385464461e-37,0.750941109592576,0.249058890407425,2
"21726",2.91160215315643e-44,0.806378149912892,0.193621850087108,2
"21729",4.38750643019575e-09,0.00207588524627651,0.997924110366217,3
"21733",0.189276755298305,0.127847715271478,0.682875529430217,3
"21735",1.94465458764481e-23,3.1150594898388e-06,0.99999688494051,3
"21739",3.79525057764077e-27,0.982840218292336,0.017159781707664,2
"21741",2.25264780550575e-22,0.986989102576482,0.0130108974235178,2
"21744",2.23012680078649e-43,0.00668464766187395,0.993315352338126,3
"21746",1.9459357390249e-41,0.948383740158527,0.0516162598414731,2
"21748",2.13104426586759e-26,0.957483010384778,0.0425169896152218,2
"21750",0.972596659680723,0.026920563050306,0.000482777268971214,1
"21752",3.27100330946697e-38,0.939919098375538,0.0600809016244618,2
"21755",1.52347571323391e-12,0.971093149359402,0.028906850639075,2
"21757",5.21179907354637e-31,0.700211519585242,0.299788480414758,2
"21760",9.12518154828507e-45,8.1071178634472e-10,0.999999999189288,3
"21762",3.62680975144952e-58,5.92735283831379e-05,0.999940726471617,3
"21764",0.728192680405499,4.12019014400892e-05,0.271766117693061,1
"21766",7.84365820075969e-43,0.935514389849773,0.064485610150227,2
"21768",2.12491564133734e-20,0.95174140950692,0.0482585904930799,2
"21770",1.82487949132403e-23,0.951578763178723,0.0484212368212766,2
"21773",1.28629807190675e-44,0.247488840227632,0.752511159772368,3
"21775",7.06490467990995e-19,0.0234808408266164,0.976519159173384,3
"21777",0.00897430074653099,0.960905903285535,0.0301197959679338,2
"21779",8.48818259541015e-16,0.944614898780452,0.0553851012195472,2
"21781",4.41737675101042e-31,0.886443528023051,0.113556471976949,2
"21784",2.06944299610212e-29,0.939058624614446,0.0609413753855537,2
"21786",1.4046092054167e-25,0.777499603645504,0.222500396354496,2
"21789",4.75580586730384e-18,0.956002676108992,0.0439973238910082,2
"21791",8.00450979012535e-38,0.960059471324428,0.0399405286755714,2
"21794",1.20411392765494e-23,0.79380515901128,0.20619484098872,2
"21797",4.6889654155821e-36,0.00199096756775225,0.998009032432248,3
"21800",1.41299543039048e-36,5.05255834778203e-06,0.999994947441652,3
"21802",7.84631176224565e-32,0.88102030924967,0.11897969075033,2
"21804",1.79365015838708e-07,7.49796060374092e-16,0.999999820634983,3
"21806",1.82231566361915e-22,1.23473001032295e-06,0.99999876526999,3
"21808",1.19344408790737e-33,4.37249877273693e-08,0.999999956275012,3
"21811",7.91468318684914e-43,0.00293912138002649,0.997060878619974,3
"21815",5.32062713837024e-39,0.734454302514718,0.265545697485282,2
"21817",1.45425078528644e-40,5.99105614408942e-12,0.999999999994009,3
"21820",4.03048754656518e-47,0.180408199181248,0.819591800818752,3
"21822",1.10567299722417e-19,0.942668882560472,0.057331117439528,2
"21824",0.000117335846009008,0.716159771671839,0.283722892482152,2
"21826",3.14914251405105e-37,0.974795142954792,0.0252048570452081,2
"21828",8.90174703980545e-21,0.451987233204988,0.548012766795012,3
"21830",0.0087860761839848,0.973118690352726,0.0180952334632889,2
"21833",2.02571524536111e-18,0.92880185623189,0.0711981437681101,2
"21835",2.02571524536111e-18,0.92880185623189,0.0711981437681101,2
"21838",2.52687068060824e-23,0.515512879631137,0.484487120368863,2
"21840",2.23977495846718e-49,0.648563841830165,0.351436158169835,2
"21842",8.96867736977559e-53,9.48116822027616e-05,0.999905188317797,3
"21844",1.27091664712287e-17,0.853733793683002,0.146266206316998,2
"21847",8.41862433840132e-42,0.950886697147782,0.0491133028522185,2
"21849",2.43484181229953e-32,0.217926158833726,0.782073841166274,3
"21852",9.85121457797474e-25,0.76430470713941,0.23569529286059,2
